{
    "name": "random-85-22638",
    "comment": "size=85 seed=22638",
    "nodes": ["+0", "-0", "+1", "-1", "+2", "-2", "+3", "-3", "+4", "-4", "+5", "-5", "+6", "-6", "+7", "-7", "+8", "-8", "+9", "-9", "+10", "-10", "+11", "-11", "+12", "-12", "+13", "-13", "+14", "-14", "+15", "-15", "+16", "-16", "+17", "-17", "+18", "-18", "+19", "-19", "+20", "-20", "+21", "-21", "+22", "-22", "+23", "-23", "+24", "-24", "+25", "-25", "+26", "-26", "+27", "-27", "+28", "-28", "+29", "-29", "+30", "-30", "+31", "-31", "+32", "-32", "+33", "-33", "+34", "-34", "+35", "-35", "+36", "-36", "+37", "-37", "+38", "-38", "+39", "-39", "+40", "-40", "+41", "-41", "+42", "-42", "+43", "-43", "+44", "-44", "+45", "-45", "+46", "-46", "+47", "-47", "+48", "-48", "+49", "-49", "+50", "-50", "+51", "-51", "+52", "-52", "+53", "-53", "+54", "-54", "+55", "-55", "+56", "-56", "+57", "-57", "+58", "-58", "+59", "-59", "+60", "-60", "+61", "-61", "+62", "-62", "+63", "-63", "+64", "-64", "+65", "-65", "+66", "-66", "+67", "-67", "+68", "-68", "+69", "-69", "+70", "-70", "+71", "-71", "+72", "-72", "+73", "-73", "+74", "-74", "+75", "-75", "+76", "-76", "+77", "-77", "+78", "-78", "+79", "-79", "+80", "-80", "+81", "-81", "+82", "-82", "+83", "-83", "+84", "-84", "+85", "-85"],
    "precedence": {
        "+0": "-0",
        "+1": "-1",
        "+2": "-2",
        "+3": "-3",
        "+4": "-4",
        "+5": "-5",
        "+6": "-6",
        "+7": "-7",
        "+8": "-8",
        "+9": "-9",
        "+10": "-10",
        "+11": "-11",
        "+12": "-12",
        "+13": "-13",
        "+14": "-14",
        "+15": "-15",
        "+16": "-16",
        "+17": "-17",
        "+18": "-18",
        "+19": "-19",
        "+20": "-20",
        "+21": "-21",
        "+22": "-22",
        "+23": "-23",
        "+24": "-24",
        "+25": "-25",
        "+26": "-26",
        "+27": "-27",
        "+28": "-28",
        "+29": "-29",
        "+30": "-30",
        "+31": "-31",
        "+32": "-32",
        "+33": "-33",
        "+34": "-34",
        "+35": "-35",
        "+36": "-36",
        "+37": "-37",
        "+38": "-38",
        "+39": "-39",
        "+40": "-40",
        "+41": "-41",
        "+42": "-42",
        "+43": "-43",
        "+44": "-44",
        "+45": "-45",
        "+46": "-46",
        "+47": "-47",
        "+48": "-48",
        "+49": "-49",
        "+50": "-50",
        "+51": "-51",
        "+52": "-52",
        "+53": "-53",
        "+54": "-54",
        "+55": "-55",
        "+56": "-56",
        "+57": "-57",
        "+58": "-58",
        "+59": "-59",
        "+60": "-60",
        "+61": "-61",
        "+62": "-62",
        "+63": "-63",
        "+64": "-64",
        "+65": "-65",
        "+66": "-66",
        "+67": "-67",
        "+68": "-68",
        "+69": "-69",
        "+70": "-70",
        "+71": "-71",
        "+72": "-72",
        "+73": "-73",
        "+74": "-74",
        "+75": "-75",
        "+76": "-76",
        "+77": "-77",
        "+78": "-78",
        "+79": "-79",
        "+80": "-80",
        "+81": "-81",
        "+82": "-82",
        "+83": "-83",
        "+84": "-84",
        "+85": "-85"
    },
    "edges": [
        [    0,    0,  816,  705,  289,  760,  695,   31,  246,  327,  389,  339,  161,  137,  167,  716,  278,  110,  267,  642,  584,  512,  256,  259,  691,  389,  402,  991,  417,  723,  265,  114,  640,  384,  855,  519,  777,  821,  454,  506,  280, 1030, 1087,  865,  504,  715,  903,  684,  288,  813,  841,  390,  409,  416, 1018,  103,  202,  918,  833,  194,  205,  318,  280,  477,  801,  241,  575,  785,  184,  727,  140,  787,  422,  562,  717,  819,  154,   85,  590,  179,  200,  378,  519,  476,  944,  626,   94,  771,  174,  194,  309,  764,  346,  893,  877,  315,  314,  386,  871,  616,  516,  863,  708,   11,  686,  662,  349,  554,  355,  690,   95,  793,  870,  246,  639,  436,  765,  729,  111, 1076,  697,  593,  650,  625,  510,  806,  645,  153,  505,  120,  601,  720,  514,  711,  120,   82,  237,  438,  842,  489,  542,  712,  524,  721,  394,  241,  604,  578,  528,  753,  423, 1029,  186,  995,  696,  674,  292,  449,  169,  646,  615,  956,  274,  569,  235,  901,  717,  614,  179,  707,  622,  775],
        [    0,    0,    0,    0,    0,    0,    0,    0,    0,    0,    0,    0,    0,    0,    0,    0,    0,    0,    0,    0,    0,    0,    0,    0,    0,    0,    0,    0,    0,    0,    0,    0,    0,    0,    0,    0,    0,    0,    0,    0,    0,    0,    0,    0,    0,    0,    0,    0,    0,    0,    0,    0,    0,    0,    0,    0,    0,    0,    0,    0,    0,    0,    0,    0,    0,    0,    0,    0,    0,    0,    0,    0,    0,    0,    0,    0,    0,    0,    0,    0,    0,    0,    0,    0,    0,    0,    0,    0,    0,    0,    0,    0,    0,    0,    0,    0,    0,    0,    0,    0,    0,    0,    0,    0,    0,    0,    0,    0,    0,    0,    0,    0,    0,    0,    0,    0,    0,    0,    0,    0,    0,    0,    0,    0,    0,    0,    0,    0,    0,    0,    0,    0,    0,    0,    0,    0,    0,    0,    0,    0,    0,    0,    0,    0,    0,    0,    0,    0,    0,    0,    0,    0,    0,    0,    0,    0,    0,    0,    0,    0,    0,    0,    0,    0,    0,    0,    0,    0,    0,    0,    0,    0],
        [  816,    0,    0,  158,  637,  934,  905,  799,  571,  548,  910,  547,  960,  853,  941,  742,  558,  707,  620,  450,  432,  431, 1038,  602,  325,  953,  988,  394,  401,   99,  556,  720,  510,  457,  601,  580,  584,  905,  916,  374,  786,  511,  460,  563,  733,  194,  450,  479,  656,  227,  430,  969,  574,  442,  354,  913,  643,  206,  771,  943,  639,  544,  596,  547,  196,  618,  251,  104,  995, 1021,  901, 1053,  422,  369,  370,  879,  809,  800,  308,  639,  972,  441,  408,  368,  624,  720,  826,  841,  982,  625,  811,  153,  474, 1087,  422,  514,  738,  484,  167,  297,  506,  751,  845,  809,  681,  632,  540,  274,  614,  276,  896,  881,  239,  597,  837,  521,  109,  625,  916,  500,  438,  647,  493,  292,  426,  877,  232,  672,  710,  697,  770,  956,  390,  340,  925,  847,  591,  568,  273,  330,  292,  653,  343,  133,  425,  580,  987,  368,  337,  124,  797,  540,  752,  400,  213,  224,  921,  370,  649,  759,  813,  335,  801,  378,  980,  690,  964,  634,  669,  266,  506,  843],
        [  705,    0,  158,    0,  496,  952,  914,  691,  465,  481,  858,  407,  839,  761,  844,  772,  433,  597,  484,  296,  275,  416,  942,  522,  178,  897,  931,  532,  296,   79,  457,  620,  540,  327,  679,  574,  645,  939,  877,  343,  722,  640,  606,  649,  718,  257,  558,  524,  593,  338,  525,  912,  537,  304,  503,  805,  518,  354,  824,  851,  548,  472,  521,  391,  306,  488,  201,  217,  887, 1022,  805, 1061,  289,  367,  432,  916,  723,  702,  153,  527,  877,  346,  392,  312,  720,  733,  701,  873,  877,  511,  752,   64,  379, 1111,  528,  426,  683,  425,  309,  140,  498,  813,  863,  698,  711,  661,  479,  153,  466,  329,  791,  912,  369,  471,  842,  489,  205,  671,  798,  640,  292,  658,  527,  311,  271,  912,  250,  571,  696,  587,  773,  964,  238,  401,  805,  747,  471,  414,  389,  245,  163,  692,  312,   25,  313,  464,  968,  211,  306,  211,  761,  665,  618,  538,  265,   67,  851,  283,  543,  773,  815,  474,  736,  220,  891,  767,  970,  650,  578,  327,  531,  875],
        [  289,    0,  637,  496,    0,  922,  861,  294,  208,  357,  624,   91,  372,  407,  455,  819,  127,  222,   42,  362,  309,  496,  542,  321,  432,  640,  661,  911,  277,  539,  238,  278,  663,  188,  878,  585,  810,  959,  678,  448,  484,  982, 1004,  874,  643,  601,  863,  689,  409,  709,  806,  646,  475,  196,  916,  385,  111,  788,  922,  480,  288,  340,  343,  190,  688,   80,  440,  640,  458,  925,  425,  982,  218,  516,  675,  949,  397,  338,  354,  183,  488,  278,  489,  394,  957,  738,  239,  898,  453,  169,  520,  544,  267, 1073,  832,  281,  486,  376,  738,  376,  543,  939,  850,  288,  772,  733,  379,  366,   67,  610,  382,  929,  763,  106,  793,  470,  620,  785,  343, 1012,  418,  681,  664,  546,  248,  938,  536,  251,  634,  216,  737,  898,  267,  658,  348,  363,  137,  150,  751,  354,  346,  783,  449,  517,  246,  163,  819,  321,  449,  613,  605,  992,  132,  916,  588,  447,  553,  328,  218,  769,  766,  864,  487,  311,  522,  947,  899,  693,  295,  623,  645,  902],
        [  760,    0,  934,  952,  922,    0,   67,  731,  718,  578,  410,  894,  883,  643,  699,  199,  809,  734,  881, 1120, 1059,  541,  730,  602, 1076,  443,  462,  768,  761,  902,  691,  681,  425,  836,  435,  385,  394,   97,  342,  618,  481,  707,  833,  480,  280,  740,  622,  461,  515,  746,  586,  457,  465,  873,  842,  761,  817,  859,  244,  662,  637,  595,  581, 1042,  766,  843,  755,  836,  790,  135,  682,  132,  850,  585,  574,  119,  609,  676,  961,  744,  697,  715,  564,  665,  500,  220,  851,  116,  775,  755,  455, 1009,  701,  161,  622,  664,  452,  590,  844,  980,  458,  293,   90,  751,  256,  303,  560,  852,  973,  659,  739,   90,  780,  818,  129,  494,  826,  327,  841,  777, 1156,  295,  442,  649,  979,  107,  712,  685,  292,  734,  191,   68,  950,  601,  849,  697,  787, 1020,  727,  749,  862,  292,  646,  947,  775,  762,  229, 1002,  651,  811,  338,  678,  903,  767,  722,  979,  526,  730,  711,  180,  158,  781,  488, 1000,  659,  392,   78,  303,  638,  670,  429,  116],
        [  695,    0,  905,  914,  861,   67,    0,  666,  658,  521,  346,  836,  817,  577,  633,  194,  750,  670,  820, 1070, 1008,  500,  666,  542, 1030,  380,  400,  767,  710,  867,  632,  617,  399,  781,  443,  341,  392,  150,  279,  575,  415,  715,  838,  486,  222,  713,  622,  441,  453,  728,  581,  395,  411,  819,  839,  695,  756,  844,  269,  597,  576,  539,  522,  985,  746,  782,  714,  810,  725,  123,  616,  149,  797,  548,  554,  164,  543,  610,  914,  682,  632,  662,  523,  619,  517,  186,  785,  140,  709,  694,  389,  972,  646,  214,  619,  608,  388,  538,  825,  934,  417,  318,   78,  685,  241,  282,  505,  807,  913,  632,  673,  132,  766,  758,   74,  445,  799,  320,  775,  786, 1108,  259,  418,  616,  927,  150,  679,  622,  236,  671,  142,   51,  899,  579,  783,  631,  727,  963,  713,  703,  816,  283,  605,  910,  723,  702,  179,  953,  610,  783,  272,  689,  839,  766,  693,  937,  461,  682,  649,  148,  102,  776,  422,  951,  594,  412,   60,  272,  575,  645,  401,  142],
        [   31,    0,  799,  691,  294,  731,  666,    0,  228,  299,  365,  337,  189,  119,  165,  685,  270,   95,  268,  641,  582,  485,  259,  232,  685,  368,  383,  965,  400,  706,  244,   87,  610,  373,  825,  488,  747,  791,  429,  482,  251, 1003, 1061,  836,  474,  692,  875,  655,  258,  789,  813,  370,  379,  408,  994,  115,  199,  895,  803,  187,  179,  292,  252,  480,  778,  239,  555,  764,  197,  700,  132,  761,  411,  536,  690,  789,  128,   58,  581,  165,  199,  359,  493,  453,  915,  595,  120,  741,  186,  182,  281,  751,  327,  865,  849,  292,  284,  360,  849,  606,  486,  832,  678,   21,  656,  631,  321,  540,  360,  665,  101,  763,  846,  240,  610,  408,  744,  698,  139, 1049,  696,  563,  620,  600,  505,  776,  622,  130,  474,  105,  571,  692,  508,  685,  148,   69,  228,  442,  817,  470,  529,  682,  501,  706,  379,  229,  578,  572,  505,  732,  394, 1001,  201,  968,  673,  662,  272,  430,  150,  616,  585,  931,  246,  563,  229,  870,  689,  583,  151,  682,  592,  745],
        [  246,    0,  571,  465,  208,  718,  658,  228,    0,  150,  457,  181,  396,  300,  379,  612,   93,  136,  166,  463,  399,  309,  477,  117,  479,  483,  511,  766,  172,  478,   33,  156,  467,  164,  686,  379,  614,  752,  500,  280,  310,  820,  862,  686,  438,  476,  696,  499,  210,  578,  635,  493,  268,  204,  786,  343,  119,  677,  717,  389,  102,  133,  137,  337,  563,  130,  330,  541,  425,  729,  341,  784,  198,  344,  506,  741,  267,  237,  367,   73,  412,  133,  308,  239,  769,  531,  269,  691,  413,   66,  346,  526,  103,  871,  667,   85,  297,  180,  629,  393,  343,  735,  644,  238,  566,  528,  173,  313,  255,  461,  327,  722,  635,  103,  589,  266,  521,  584,  349,  859,  513,  474,  471,  394,  316,  731,  406,  107,  428,  126,  531,  697,  306,  494,  358,  282,   72,  309,  612,  243,  304,  579,  292,  479,  153,   45,  631,  371,  295,  509,  412,  825,  238,  771,  458,  441,  413,  204,   79,  562,  561,  726,  318,  364,  430,  749,  698,  487,  125,  477,  449,  695],
        [  327,    0,  548,  481,  357,  578,  521,  299,  150,    0,  379,  317,  487,  315,  408,  463,  235,  234,  315,  560,  496,  186,  501,   68,  545,  417,  450,  667,  207,  469,  119,  213,  326,  262,  545,  229,  471,  606,  405,  191,  242,  705,  763,  550,  300,  409,  578,  364,  113,  498,  515,  431,  119,  302,  698,  401,  266,  610,  567,  402,  122,   18,   51,  465,  491,  280,  299,  493,  478,  603,  369,  655,  282,  239,  391,  594,  268,  278,  426,  202,  436,  153,  194,  181,  631,  383,  382,  544,  464,  205,  272,  544,  129,  735,  551,   87,  204,   67,  567,  450,  200,  586,  500,  316,  416,  379,   25,  338,  400,  371,  380,  576,  555,  252,  450,  120,  474,  436,  437,  750,  604,  325,  333,  308,  413,  584,  341,  178,  287,  228,  388,  564,  391,  386,  446,  325,  221,  442,  522,  237,  338,  430,  216,  488,  211,  194,  519,  451,  221,  459,  299,  705,  378,  670,  388,  477,  374,  200,  181,  416,  421,  634,  257,  446,  437,  604,  566,  337,  149,  389,  307,  548],
        [  389,    0,  910,  858,  624,  410,  346,  365,  457,  379,    0,  631,  484,  255,  293,  446,  544,  405,  588,  918,  854,  487,  321,  354,  920,   50,   85,  920,  582,  839,  443,  348,  506,  615,  667,  374,  592,  492,   71,  536,  147,  912, 1009,  696,  248,  743,  793,  560,  268,  804,  735,   69,  337,  657,  975,  363,  514,  926,  562,  255,  355,  390,  346,  788,  808,  550,  668,  837,  383,  347,  282,  408,  644,  552,  649,  499,  238,  308,  801,  445,  288,  527,  508,  550,  757,  366,  482,  460,  368,  462,  112,  922,  498,  519,  776,  450,  176,  434,  891,  826,  428,  605,  387,  382,  448,  452,  379,  717,  687,  680,  343,  468,  857,  535,  314,  391,  820,  521,  448,  975,  967,  381,  524,  633,  770,  484,  684,  375,  266,  409,  311,  356,  755,  660,  455,  313,  508,  756,  811,  615,  716,  490,  568,  863,  580,  490,  218,  818,  574,  805,  136,  897,  561,  922,  720,  856,  117,  579,  411,  364,  301,  907,  139,  813,  249,  677,  351,  408,  337,  697,  495,  463],
        [  339,    0,  547,  407,   91,  894,  836,  337,  181,  317,  631,    0,  446,  440,  501,  774,   89,  250,   80,  305,  245,  431,  594,  297,  356,  653,  678,  826,  196,  448,  205,  298,  601,  101,  813,  537,  747,  923,  678,  376,  486,  901,  918,  804,  615,  514,  785,  623,  391,  623,  729,  662,  434,  105,  829,  441,  139,  699,  872,  522,  279,  300,  316,  158,  601,   99,  353,  551,  519,  910,  468,  964,  129,  443,  599,  909,  420,  371,  268,  191,  536,  209,  422,  319,  888,  698,  309,  859,  512,  172,  522,  457,  207, 1049,  754,  233,  477,  321,  649,  292,  487,  884,  817,  336,  724,  682,  337,  275,   92,  528,  433,  892,  676,  101,  765,  420,  531,  729,  411,  928,  359,  636,  601,  465,  172,  900,  451,  259,  603,  241,  705,  876,  184,  580,  417,  404,  125,  128,  666,  269,  256,  730,  372,  427,  165,  142,  812,  243,  372,  524,  593,  913,  213,  832,  502,  360,  575,  248,  223,  732,  737,  778,  493,  233,  563,  885,  878,  645,  295,  541,  583,  863],
        [  161,    0,  960,  839,  372,  883,  817,  189,  396,  487,  484,  446,    0,  241,  196,  859,  406,  262,  366,  731,  680,  673,  230,  420,  800,  470,  471, 1150,  561,  864,  418,  274,  798,  512, 1011,  674,  933,  952,  554,  665,  409, 1191, 1247, 1023,  644,  870, 1063,  843,  443,  970, 1001,  464,  566,  538, 1176,  123,  321, 1072,  978,  236,  365,  478,  440,  556,  957,  354,  725,  936,  129,  831,  203,  892,  550,  721,  877,  952,  281,  227,  711,  324,  214,  528,  679,  632, 1102,  769,  138,  906,  136,  336,  430,  894,  498, 1003, 1037,  470,  453,  546, 1025,  736,  675, 1011,  840,  171,  835,  814,  509,  691,  431,  848,  145,  925, 1027,  369,  768,  596,  915,  882,   50, 1236,  788,  743,  808,  783,  616,  939,  800,  312,  647,  272,  737,  835,  629,  871,   41,  191,  370,  516, 1000,  636,  677,  864,  682,  856,  535,  381,  701,  688,  685,  904,  550, 1190,  241, 1154,  852,  800,  371,  598,  323,  786,  747, 1114,  398,  678,  260, 1054,  831,  765,  339,  865,  780,  910],
        [  137,    0,  853,  761,  407,  643,  577,  119,  300,  315,  255,  440,  241,    0,   94,  623,  363,  191,  378,  743,  682,  491,  187,  254,  775,  252,  266,  972,  466,  765,  304,  147,  588,  460,  792,  456,  714,  711,  323,  506,  170,  995, 1067,  810,  406,  724,  868,  638,  234,  812,  806,  253,  360,  498, 1009,  121,  305,  925,  743,   91,  215,  315,  265,  589,  805,  345,  603,  805,  176,  598,   56,  659,  496,  550,  692,  712,   51,   70,  665,  254,  121,  417,  504,  491,  884,  533,  229,  666,  160,  272,  190,  823,  383,  767,  845,  340,  219,  382,  882,  691,  472,  777,  599,  132,  603,  586,  332,  609,  474,  684,   97,  684,  869,  340,  528,  401,  786,  656,  199, 1048,  797,  514,  601,  623,  602,  698,  655,  194,  412,  199,  498,  597,  599,  692,  207,   58,  321,  553,  834,  525,  601,  635,  530,  773,  450,  314,  472,  664,  535,  772,  310,  989,  319,  975,  703,  740,  155,  485,  227,  547,  506,  944,  158,  656,  131,  827,  594,  537,  184,  702,  571,  670],
        [  167,    0,  941,  844,  455,  699,  633,  165,  379,  408,  293,  501,  196,   94,    0,  698,  432,  256,  432,  805,  746,  585,   98,  345,  847,  274,  275, 1065,  549,  852,  388,  224,  678,  534,  879,  544,  800,  774,  363,  599,  247, 1087, 1160,  898,  481,  816,  960,  728,  326,  905,  898,  269,  452,  570, 1103,   84,  363, 1018,  818,   41,  303,  407,  357,  643,  898,  403,  692,  896,   94,  639,   40,  700,  571,  643,  784,  777,  143,  143,  741,  325,   35,  503,  597,  582,  971,  610,  240,  733,   77,  343,  258,  905,  469,  812,  937,  428,  301,  474,  974,  767,  564,  855,  664,  167,  683,  670,  425,  692,  521,  777,   76,  748,  962,  404,  591,  493,  877,  740,  169, 1140,  860,  596,  692,  716,  669,  763,  747,  273,  490,  266,  569,  648,  670,  785,  174,  100,  390,  604,  927,  613,  683,  717,  623,  857,  532,  388,  508,  735,  628,  863,  377, 1080,  347, 1068,  796,  819,  178,  572,  303,  620,  572, 1037,  232,  726,   72,  910,  643,  621,  272,  795,  662,  737],
        [  716,    0,  742,  772,  819,  199,  194,  685,  612,  463,  446,  774,  859,  623,  698,    0,  697,  663,  777,  967,  908,  376,  754,  505,  908,  492,  521,  574,  617,  716,  581,  617,  234,  702,  252,  238,  199,  167,  395,  452,  454,  523,  645,  294,  218,  548,  428,  264,  436,  548,  389,  509,  344,  735,  647,  743,  724,  660,  120,  668,  552,  480,  482,  911,  569,  741,  580,  641,  791,  315,  672,  328,  708,  409,  377,  145,  579,  636,  798,  654,  707,  577,  396,  505,  331,   91,  798,  101,  775,  661,  441,  826,  570,  346,  427,  543,  407,  455,  645,  815,  298,  160,  118,  705,   62,  112,  440,  687,  860,  466,  719,  141,  581,  714,  156,  356,  633,  128,  813,  593,  998,  139,  250,  464,  833,  140,  527,  607,  213,  660,  136,  241,  800,  405,  821,  669,  683,  894,  529,  590,  699,   93,  477,  764,  636,  656,  351,  846,  482,  618,  326,  498,  826,  573,  531,  805,  547,  578,  626,   83,  154,  584,  468,  846,  677,  236,  251,  133,  562,  476,  242,  104],
        [  278,    0,  558,  433,  127,  809,  750,  270,   93,  235,  544,   89,  406,  363,  432,  697,    0,  177,   87,  383,  320,  370,  528,  210,  416,  567,  593,  799,  167,  461,  119,  218,  537,  107,  753,  461,  684,  841,  590,  326,  398,  864,  893,  749,  530,  494,  743,  563,  303,  601,  684,  576,  354,  139,  810,  380,   86,  689,  798,  448,  191,  218,  229,  246,  582,   65,  337,  545,  461,  822,  396,  877,  145,  393,  554,  829,  339,  295,  312,  110,  466,  157,  364,  274,  832,  618,  269,  779,  452,   91,  434,  489,  142,  963,  713,  156,  389,  250,  640,  338,  418,  813,  734,  273,  649,  608,  257,  287,  165,  494,  369,  811,  656,   40,  680,  345,  524,  660,  365,  897,  435,  558,  538,  429,  240,  819,  427,  175,  518,  167,  621,  790,  239,  538,  373,  333,   43,  216,  640,  247,  272,  658,  329,  451,  138,   54,  723,  303,  330,  515,  505,  872,  201,  804,  479,  397,  491,  215,  139,  651,  652,  754,  405,  295,  490,  821,  791,  569,  208,  509,  519,  783],
        [  110,    0,  707,  597,  222,  734,  670,   95,  136,  234,  405,  250,  262,  191,  256,  663,  177,    0,  190,  554,  493,  418,  352,  171,  592,  418,  440,  890,  307,  614,  157,   58,  558,  279,  776,  447,  700,  784,  462,  404,  270,  936,  987,  783,  463,  608,  810,  598,  228,  708,  748,  424,  333,  315,  915,  209,  115,  810,  776,  273,  116,  223,  194,  400,  695,  155,  466,  676,  291,  721,  220,  779,  317,  463,  621,  778,  176,  121,  487,   71,  290,  269,  422,  370,  864,  575,  148,  729,  280,   88,  305,  656,  237,  878,  782,  208,  284,  288,  763,  513,  432,  801,  672,  102,  626,  596,  258,  446,  287,  587,  195,  755,  765,  151,  608,  352,  656,  659,  215,  979,  608,  532,  566,  521,  415,  766,  538,   58,  458,   11,  560,  702,  415,  613,  224,  157,  135,  364,  739,  379,  434,  647,  420,  612,  285,  134,  607,  480,  423,  644,  403,  937,  169,  894,  590,  568,  332,  340,   61,  600,  582,  853,  271,  471,  315,  830,  701,  549,  102,  604,  539,  733],
        [  267,    0,  620,  484,   42,  881,  820,  268,  166,  315,  588,   80,  366,  378,  432,  777,   87,  190,    0,  376,  320,  457,  522,  279,  435,  605,  628,  881,  246,  522,  197,  243,  623,  165,  839,  543,  770,  918,  640,  412,  446,  949,  974,  836,  602,  573,  829,  650,  368,  680,  770,  612,  433,  180,  888,  367,   75,  763,  881,  455,  247,  298,  301,  212,  660,   39,  413,  617,  443,  885,  400,  942,  199,  480,  640,  907,  365,  308,  347,  144,  466,  242,  451,  359,  919,  696,  230,  857,  437,  129,  482,  535,  229, 1032,  798,  240,  446,  336,  714,  371,  503,  898,  809,  265,  731,  692,  338,  347,  100,  578,  361,  888,  735,   64,  752,  429,  596,  745,  333,  980,  431,  639,  625,  513,  250,  896,  507,  213,  592,  183,  696,  857,  263,  623,  339,  337,   95,  175,  721,  325,  329,  742,  414,  504,  215,  122,  780,  322,  415,  589,  565,  958,  135,  886,  559,  439,  521,  296,  179,  728,  724,  835,  450,  312,  497,  907,  858,  651,  256,  591,  605,  860],
        [  642,    0,  450,  296,  362, 1120, 1070,  641,  463,  560,  918,  305,  731,  743,  805,  967,  383,  554,  376,    0,   65,  592,  897,  567,  129,  945,  973,  825,  360,  373,  475,  599,  752,  304,  929,  738,  881, 1129,  957,  516,  771,  929,  902,  907,  853,  531,  837,  752,  659,  626,  796,  955,  660,  262,  798,  742,  443,  650, 1042,  826,  565,  545,  579,  179,  595,  402,  407,  510,  818, 1161,  772, 1210,  279,  569,  685, 1110,  721,  674,  179,  491,  840,  411,  572,  462,  984,  907,  600, 1063,  812,  473,  807,  304,  432, 1280,  806,  477,  751,  533,  605,  172,  670, 1042, 1035,  640,  909,  860,  572,  289,  302,  586,  736, 1100,  662,  404,  997,  627,  497,  888,  704,  933,   57,  835,  744,  545,  149, 1103,  498,  557,  836,  545,  930, 1116,  172,  656,  709,  708,  424,  218,  676,  378,  272,  901,  495,  320,  351,  435, 1078,  122,  491,  500,  858,  952,  491,  831,  531,  230,  873,  391,  521,  945,  968,  768,  781,  122,  868, 1014, 1119,  836,  586,  590,  738, 1066],
        [  584,    0,  432,  275,  309, 1059, 1008,  582,  399,  496,  854,  245,  680,  682,  746,  908,  320,  493,  320,   65,    0,  534,  839,  503,  136,  881,  909,  794,  298,  347,  411,  538,  697,  239,  880,  677,  829, 1069,  892,  459,  707,  894,  874,  859,  790,  492,  797,  699,  595,  591,  752,  891,  597,  198,  773,  685,  384,  626,  986,  766,  501,  481,  515,  139,  561,  344,  358,  482,  762, 1097,  712, 1147,  215,  515,  637, 1051,  659,  613,  137,  429,  780,  347,  515,  404,  938,  846,  546, 1003,  755,  411,  742,  296,  368, 1219,  765,  413,  687,  470,  579,  139,  610,  987,  974,  581,  850,  802,  508,  239,  254,  541,  678, 1040,  631,  343,  934,  565,  466,  833,  650,  902,  115,  775,  689,  496,   85, 1044,  453,  495,  773,  484,  868, 1053,  109,  609,  656,  649,  362,  175,  641,  320,  220,  844,  439,  300,  287,  372, 1014,   73,  436,  467,  794,  915,  440,  800,  490,  209,  810,  331,  459,  884,  906,  738,  716,   68,  808,  963, 1056,  776,  523,  547,  682, 1006],
        [  512,    0,  431,  416,  496,  541,  500,  485,  309,  186,  487,  431,  673,  491,  585,  376,  370,  418,  457,  592,  534,    0,  674,  254,  536,  533,  569,  482,  250,  375,  278,  399,  171,  344,  383,  159,  316,  540,  488,   78,  379,  519,  578,  379,  306,  256,  393,  193,  262,  326,  330,  550,  151,  371,  519,  585,  426,  445,  455,  574,  308,  195,  235,  550,  326,  429,  215,  352,  660,  607,  546,  647,  343,   65,  205,  520,  442,  461,  424,  375,  609,  223,   24,  131,  462,  323,  564,  473,  645,  373,  398,  475,  229,  701,  365,  225,  325,  131,  407,  442,   84,  460,  453,  502,  317,  269,  165,  313,  522,  198,  563,  511,  382,  399,  427,   99,  336,  304,  623,  565,  623,  248,  170,  147,  461,  513,  200,  363,  284,  410,  358,  549,  426,  201,  632,  508,  373,  539,  344,  215,  324,  312,  106,  413,  274,  347,  559,  471,  111,  320,  368,  520,  547,  486,  234,  438,  518,  206,  361,  362,  400,  453,  396,  471,  604,  454,  555,  245,  334,  216,  154,  476],
        [  256,    0, 1038,  942,  542,  730,  666,  259,  477,  501,  321,  594,  230,  187,   98,  754,  528,  352,  522,  897,  839,  674,    0,  440,  943,  289,  278, 1151,  647,  950,  486,  322,  756,  630,  949,  621,  871,  812,  388,  692,  316, 1168, 1246,  972,  540,  910, 1042,  808,  413,  996,  980,  277,  536,  666, 1192,  157,  456, 1111,  873,  101,  400,  501,  451,  731,  991,  496,  789,  992,  102,  654,  138,  714,  668,  734,  871,  819,  234,  241,  838,  421,   67,  600,  688,  677, 1042,  668,  314,  778,   98,  439,  319, 1003,  567,  828, 1020,  525,  374,  568, 1068,  863,  647,  913,  706,  258,  745,  737,  517,  789,  608,  869,  161,  788, 1053,  498,  633,  580,  972,  808,  224, 1223,  952,  663,  771,  808,  763,  804,  842,  371,  552,  362,  621,  674,  766,  872,  224,  196,  486,  692, 1017,  710,  780,  782,  717,  955,  629,  484,  522,  830,  722,  958,  429, 1159,  426, 1154,  889,  917,  209,  669,  400,  673,  618, 1126,  300,  821,   78,  974,  667,  689,  369,  887,  741,  782],
        [  259,    0,  602,  522,  321,  602,  542,  232,  117,   68,  354,  297,  420,  254,  345,  505,  210,  171,  279,  567,  503,  254,  440,    0,  567,  386,  417,  734,  233,  518,   95,  146,  388,  264,  606,  280,  531,  640,  391,  255,  209,  772,  830,  613,  323,  472,  645,  428,   95,  563,  582,  398,  166,  305,  765,  335,  220,  673,  615,  343,   56,   62,   25,  452,  555,  241,  351,  552,  412,  613,  306,  668,  291,  305,  459,  630,  209,  212,  449,  149,  374,  178,  261,  238,  694,  421,  317,  580,  398,  157,  243,  585,  147,  755,  618,   98,  185,  131,  629,  474,  262,  637,  530,  249,  464,  430,   90,  373,  372,  437,  314,  610,  620,  217,  473,  182,  532,  491,  370,  818,  614,  370,  396,  373,  418,  619,  403,  113,  313,  165,  417,  581,  402,  453,  379,  259,  185,  425,  588,  279,  369,  481,  278,  531,  227,  160,  517,  465,  283,  519,  297,  771,  324,  737,  451,  510,  330,  240,  123,  451,  445,  701,  221,  459,  379,  661,  582,  386,   81,  455,  369,  584],
        [  691,    0,  325,  178,  432, 1076, 1030,  685,  479,  545,  920,  356,  800,  775,  847,  908,  416,  592,  435,  129,  136,  536,  943,  567,    0,  952,  983,  709,  339,  257,  483,  629,  683,  316,  842,  691,  802, 1074,  950,  459,  775,  817,  782,  816,  820,  429,  733,  675,  653,  515,  697,  964,  630,  278,  677,  793,  490,  528,  973,  862,  577,  532,  574,  275,  483,  452,  330,  394,  872, 1130,  811, 1175,  282,  501,  595, 1053,  746,  709,  120,  524,  881,  394,  514,  412,  890,  858,  664, 1007,  865,  505,  809,  176,  422, 1236,  703,  470,  746,  504,  485,   97,  618,  967,  988,  687,  848,  798,  552,  224,  382,  493,  784, 1046,  546,  446,  957,  589,  383,  818,  767,  817,  115,  783,  672,  462,  185, 1047,  407,  583,  801,  582,  889, 1078,  178,  565,  773,  748,  458,  308,  566,  328,  215,  835,  432,  201,  340,  462, 1060,  114,  427,  388,  842,  842,  563,  715,  433,  117,  890,  354,  549,  897,  929,  651,  787,  123,  904,  930, 1083,  780,  603,  494,  671, 1010],
        [  389,    0,  953,  897,  640,  443,  380,  368,  483,  417,   50,  653,  470,  252,  274,  492,  567,  418,  605,  945,  881,  533,  289,  386,  952,    0,   37,  970,  617,  881,  472,  363,  555,  644,  715,  423,  641,  528,  102,  580,  177,  961, 1059,  745,  297,  788,  842,  610,  305,  852,  784,   19,  383,  685, 1024,  351,  531,  973,  606,  235,  381,  426,  380,  810,  855,  568,  709,  882,  360,  368,  270,  428,  674,  597,  697,  537,  245,  313,  834,  465,  265,  562,  553,  590,  805,  413,  481,  500,  346,  482,  146,  960,  532,  542,  826,  483,  216,  474,  938,  859,  476,  650,  427,  383,  496,  501,  419,  753,  704,  727,  333,  506,  904,  555,  355,  436,  865,  569,  437, 1024,  995,  430,  573,  679,  797,  522,  728,  395,  315,  424,  356,  385,  785,  708,  443,  310,  529,  776,  859,  653,  752,  538,  611,  903,  612,  514,  236,  849,  617,  850,  185,  946,  568,  971,  766,  893,  100,  616,  431,  409,  344,  956,  166,  843,  222,  723,  379,  457,  360,  744,  544,  503],
        [  402,    0,  988,  931,  661,  462,  400,  383,  511,  450,   85,  678,  471,  266,  275,  521,  593,  440,  628,  973,  909,  569,  278,  417,  983,   37,    0, 1005,  648,  915,  501,  385,  590,  673,  748,  459,  674,  549,  127,  615,  209,  996, 1094,  779,  331,  824,  877,  645,  338,  888,  819,   20,  418,  714, 1060,  355,  553, 1009,  634,  235,  409,  459,  412,  834,  891,  591,  744,  918,  356,  377,  277,  437,  704,  633,  733,  560,  265,  329,  865,  489,  261,  594,  589,  625,  837,  444,  493,  524,  343,  507,  179,  994,  563,  551,  861,  514,  251,  508,  974,  891,  512,  678,  451,  397,  527,  534,  453,  786,  726,  763,  339,  528,  940,  580,  380,  471,  901,  602,  442, 1059, 1023,  464,  609,  715,  826,  545,  764,  420,  349,  446,  386,  401,  814,  744,  447,  322,  555,  800,  896,  686,  784,  570,  646,  937,  643,  540,  246,  878,  652,  885,  220,  980,  584, 1007,  802,  925,  111,  649,  456,  438,  371,  992,  197,  872,  216,  754,  394,  490,  387,  780,  579,  528],
        [  991,    0,  394,  532,  911,  768,  767,  965,  766,  667,  920,  826, 1150,  972, 1065,  574,  799,  890,  881,  825,  794,  482, 1151,  734,  709,  970, 1005,    0,  636,  454,  739,  878,  416,  726,  339,  548,  376,  703,  897,  488,  844,  124,   97,  292,  682,  315,  147,  361,  739,  207,  191,  988,  617,  731,   81, 1067,  874,  194,  541, 1051,  787,  673,  716,  882,  234,  863,  474,  316, 1142,  888, 1027,  899,  702,  429,  281,  674,  922,  943,  659,  838, 1088,  645,  473,  529,  307,  603, 1034,  655, 1127,  831,  854,  544,  668,  891,  150,  685,  786,  605,  228,  657,  506,  502,  691,  981,  529,  498,  646,  575,  912,  306, 1045,  689,  164,  835,  718,  572,  329,  448, 1101,  109,  823,  554,  397,  373,  762,  678,  376,  839,  661,  882,  667,  814,  721,  281, 1110,  990,  817,  891,  161,  558,  597,  486,  475,  509,  666,  795,  907,  723,  473,  327,  786,  159,  996,    7,  325,  597,  979,  585,  831,  631,  705,   59,  862,  730, 1079,  410,  824,  529,  814,  291,  426,  655],
        [  417,    0,  401,  296,  277,  761,  710,  400,  172,  207,  582,  196,  561,  466,  549,  617,  167,  307,  246,  360,  298,  250,  647,  233,  339,  617,  648,  636,    0,  307,  162,  326,  420,   98,  625,  382,  563,  775,  612,  185,  440,  707,  729,  614,  493,  328,  590,  435,  315,  435,  534,  630,  300,  122,  644,  514,  250,  522,  703,  556,  254,  194,  237,  300,  416,  231,  170,  379,  596,  801,  510,  850,   93,  252,  405,  758,  428,  407,  220,  239,  582,   56,  236,  127,  697,  551,  428,  709,  585,  225,  472,  358,   86,  921,  559,  135,  408,  173,  473,  244,  319,  710,  678,  409,  561,  515,  215,  144,  285,  334,  499,  745,  490,  206,  637,  268,  359,  554,  516,  736,  400,  481,  417,  270,  218,  750,  261,  277,  476,  297,  571,  756,  189,  385,  525,  452,  194,  291,  476,   80,  138,  560,  178,  308,   31,  180,  724,  246,  178,  349,  505,  718,  367,  640,  313,  279,  562,   53,  250,  588,  609,  589,  452,  243,  596,  701,  759,  485,  283,  347,  404,  713],
        [  723,    0,   99,   79,  539,  902,  867,  706,  478,  469,  839,  448,  864,  765,  852,  716,  461,  614,  522,  373,  347,  375,  950,  518,  257,  881,  915,  454,  307,    0,  465,  630,  483,  359,  608,  532,  579,  882,  852,  308,  710,  561,  529,  576,  680,  184,  481,  461,  580,  260,  449,  896,  509,  344,  427,  820,  546,  280,  761,  856,  551,  463,  514,  454,  228,  520,  172,  139,  903,  979,  813, 1015,  323,  320,  364,  858,  724,  710,  217,  545,  884,  350,  351,  291,  645,  684,  729,  817,  891,  531,  737,  113,  384, 1059,  451,  426,  665,  408,  233,  209,  456,  747,  812,  715,  655,  605,  464,  176,  517,  261,  804,  857,  291,  500,  796,  458,  127,  609,  821,  562,  370,  609,  468,  253,  332,  855,  190,  581,  658,  603,  728,  917,  294,  332,  829,  757,  495,  473,  310,  240,  193,  633,  277,   58,  330,  484,  934,  279,  270,  133,  734,  587,  654,  460,  195,  144,  843,  281,  556,  723,  771,  396,  725,  288,  894,  697,  924,  599,  582,  257,  475,  819],
        [  265,    0,  556,  457,  238,  691,  632,  244,   33,  119,  443,  205,  418,  304,  388,  581,  119,  157,  197,  475,  411,  278,  486,   95,  483,  472,  501,  739,  162,  465,    0,  165,  435,  173,  654,  347,  582,  723,  483,  252,  297,  791,  835,  654,  411,  452,  666,  468,  189,  553,  605,  483,  237,  214,  760,  358,  151,  654,  685,  394,   95,  102,  112,  358,  539,  162,  311,  521,  439,  706,  349,  760,  203,  314,  476,  712,  268,  246,  368,  100,  420,  116,  278,  214,  737,  501,  296,  661,  427,   96,  332,  519,   83,  845,  637,   55,  279,  148,  607,  394,  311,  703,  616,  256,  535,  496,  142,  305,  283,  434,  341,  693,  610,  134,  562,  235,  501,  552,  371,  830,  524,  443,  439,  367,  327,  701,  382,  117,  400,  147,  503,  672,  313,  465,  380,  292,  103,  332,  585,  227,  298,  547,  266,  470,  148,   76,  611,  378,  269,  489,  391,  795,  270,  743,  434,  438,  408,  186,   96,  533,  534,  700,  307,  371,  434,  717,  673,  455,  123,  450,  416,  665],
        [  114,    0,  720,  620,  278,  681,  617,   87,  156,  213,  348,  298,  274,  147,  224,  617,  218,   58,  243,  599,  538,  399,  322,  146,  629,  363,  385,  878,  326,  630,  165,    0,  528,  314,  744,  410,  667,  734,  405,  396,  213,  917,  975,  754,  413,  608,  790,  571,  183,  703,  727,  369,  298,  351,  908,  195,  169,  810,  733,  235,   92,  206,  166,  451,  693,  207,  474,  682,  276,  664,  186,  723,  350,  450,  604,  729,  123,   82,  520,  109,  257,  280,  406,  369,  833,  529,  182,  679,  263,  127,  248,  681,  247,  823,  763,  209,  229,  274,  765,  546,  403,  760,  621,  104,  583,  556,  235,  468,  342,  579,  177,  705,  761,  198,  556,  324,  662,  621,  224,  963,  652,  490,  537,  514,  457,  716,  538,   50,  410,   62,  510,  647,  453,  598,  234,  127,  176,  416,  731,  391,  459,  607,  416,  633,  308,  168,  550,  518,  420,  649,  348,  916,  223,  882,  588,  596,  278,  351,   81,  552,  530,  844,  214,  510,  276,  793,  646,  509,   66,  596,  510,  683],
        [  640,    0,  510,  540,  663,  425,  399,  610,  467,  326,  506,  601,  798,  588,  678,  234,  537,  558,  623,  752,  697,  171,  756,  388,  683,  555,  590,  416,  420,  483,  435,  528,    0,  514,  220,  137,  148,  400,  483,  239,  442,  413,  504,  226,  269,  316,  289,   55,  358,  332,  230,  574,  232,  541,  474,  697,  585,  451,  291,  658,  442,  340,  365,  720,  348,  592,  353,  412,  763,  518,  643,  546,  513,  183,  159,  376,  538,  575,  578,  526,  697,  393,  185,  297,  307,  215,  704,  335,  747,  528,  447,  593,  397,  578,  271,  385,  383,  289,  428,  593,  126,  291,  335,  629,  173,  123,  301,  465,  691,  235,  673,  374,  375,  563,  335,  207,  402,  137,  748,  472,  778,  149,   21,  230,  628,  373,  293,  500,  247,  552,  272,  450,  591,  181,  757,  618,  535,  710,  324,  377,  481,  153,  258,  531,  445,  508,  508,  630,  262,  387,  371,  404,  702,  417,  298,  576,  571,  374,  507,  252,  314,  407,  459,  632,  681,  285,  458,  129,  463,  246,   19,  337],
        [  384,    0,  457,  327,  188,  836,  781,  373,  164,  262,  615,  101,  512,  460,  534,  702,  107,  279,  165,  304,  239,  344,  630,  264,  316,  644,  673,  726,   98,  359,  173,  314,  514,    0,  721,  465,  658,  856,  654,  282,  469,  801,  818,  711,  561,  414,  686,  531,  356,  522,  630,  655,  371,   42,  729,  485,  191,  601,  793,  547,  265,  246,  277,  210,  500,  162,  253,  453,  567,  865,  497,  916,   39,  348,  502,  841,  430,  394,  208,  210,  568,  125,  331,  224,  794,  631,  375,  791,  557,  192,  504,  383,  136,  994,  654,  177,  448,  248,  551,  234,  408,  802,  755,  378,  648,  603,  277,  184,  189,  428,  473,  826,  575,  144,  709,  348,  433,  646,  472,  828,  352,  564,  512,  366,  155,  832,  351,  267,  546,  269,  645,  825,  142,  481,  479,  435,  147,  196,  565,  169,  167,  650,  275,  345,   70,  146,  777,  207,  275,  426,  556,  813,  296,  731,  401,  291,  577,  149,  233,  667,  680,  677,  479,  200,  589,  796,  827,  570,  289,  440,  497,  795],
        [  855,    0,  601,  679,  878,  435,  443,  825,  686,  545,  667,  813, 1011,  792,  879,  252,  753,  776,  839,  929,  880,  383,  949,  606,  842,  715,  748,  339,  625,  608,  654,  744,  220,  721,    0,  338,   79,  365,  626,  440,  634,  273,  399,   47,  419,  424,  195,  190,  569,  378,  179,  734,  447,  744,  417,  905,  804,  466,  203,  855,  660,  559,  583,  920,  407,  810,  523,  497,  967,  562,  846,  566,  714,  374,  248,  336,  743,  786,  751,  746,  894,  605,  392,  498,   93,  307,  922,  320,  951,  747,  632,  719,  612,  553,  204,  603,  578,  507,  467,  761,  346,  166,  365,  844,  224,  215,  521,  641,  904,  351,  882,  353,  391,  780,  406,  426,  496,  146,  962,  344,  947,  288,  215,  385,  819,  341,  435,  719,  404,  770,  370,  487,  780,  278,  971,  827,  753,  915,  342,  569,  660,  179,  450,  664,  652,  727,  601,  809,  452,  484,  534,  247,  922,  337,  414,  728,  751,  575,  726,  324,  400,  362,  650,  813,  872,   90,  497,  262,  680,  352,  238,  320],
