{
    "name": "random-30-29945",
    "comment": "size=30 seed=29945",
    "nodes": ["+0", "-0", "+1", "-1", "+2", "-2", "+3", "-3", "+4", "-4", "+5", "-5", "+6", "-6", "+7", "-7", "+8", "-8", "+9", "-9", "+10", "-10", "+11", "-11", "+12", "-12", "+13", "-13", "+14", "-14", "+15", "-15", "+16", "-16", "+17", "-17", "+18", "-18", "+19", "-19", "+20", "-20", "+21", "-21", "+22", "-22", "+23", "-23", "+24", "-24", "+25", "-25", "+26", "-26", "+27", "-27", "+28", "-28", "+29", "-29", "+30", "-30"],
    "precedence": {
        "+0": "-0",
        "+1": "-1",
        "+2": "-2",
        "+3": "-3",
        "+4": "-4",
        "+5": "-5",
        "+6": "-6",
        "+7": "-7",
        "+8": "-8",
        "+9": "-9",
        "+10": "-10",
        "+11": "-11",
        "+12": "-12",
        "+13": "-13",
        "+14": "-14",
        "+15": "-15",
        "+16": "-16",
        "+17": "-17",
        "+18": "-18",
        "+19": "-19",
        "+20": "-20",
        "+21": "-21",
        "+22": "-22",
        "+23": "-23",
        "+24": "-24",
        "+25": "-25",
        "+26": "-26",
        "+27": "-27",
        "+28": "-28",
        "+29": "-29",
        "+30": "-30"
    },
    "edges": [
        [    0,    0,  373,  517,  298,  426,  375,  182,  484,  275,  505,  159,  143,  459,  200,  524,  748,  313,  281,  298,  536,  529,  669,  572,  317,  637,  591,  381,  447,   96,  293,  638,  436,  314,  311,  511,  468,  552,  649,  532,  616,  549,  480,  274,  248,  534,  329,  375,  440,  298,  279,  287,  618,  486,  456,  732,  615,  618,  410,  491,  464,  478],
        [    0,    0,  373,  517,  298,  426,  375,  182,  484,  275,  505,  159,  143,  459,  200,  524,  748,  313,  281,  298,  536,  529,  669,  572,  317,  637,  591,  381,  447,   96,  293,  638,  436,  314,  311,  511,  468,  552,  649,  532,  616,  549,  480,  274,  248,  534,  329,  375,  440,  298,  279,  287,  618,  486,  456,  732,  615,  618,  410,  491,  464,  478],
        [  373,  373,    0,  243,  396,  179,  463,  260,  214,  510,  174,  255,  256,  507,  277,  215,  650,  684,  139,  635,  760,  541,  301,  396,  672,  265,  688,  609,  697,  370,  479,  586,  801,   64,  395,  320,  808,  217,  434,  222,  897,  294,  373,  395,  526,  758,  561,  539,  405,  457,  650,  659,  660,  114,  151,  671,  638,  255,  771,  500,  424,  751],
        [  517,  517,  243,    0,  627,  410,  699,  470,  427,  528,  355,  454,  446,  404,  338,   54,  436,  820,  371,  701,  982,  407,  356,  178,  834,  265,  577,  826,  686,  551,  699,  404,  889,  287,  628,  116,  860,  102,  195,   54,  888,   52,  214,  390,  724,  719,  564,  767,  285,  446,  760,  792,  519,  217,  364,  473,  490,  346,  856,  375,  291,  749],
        [  298,  298,  396,  627,    0,  310,   84,  174,  354,  572,  421,  201,  219,  724,  428,  608,  971,  469,  258,  571,  367,  786,  607,  747,  405,  621,  875,  227,  742,  203,  101,  876,  654,  342,   16,  673,  724,  612,  805,  616,  901,  674,  683,  544,  205,  831,  626,  144,  672,  582,  496,  459,  889,  487,  368,  971,  880,  551,  638,  744,  696,  769],
        [  426,  426,  179,  410,  310,    0,  352,  255,   59,  632,  113,  270,  284,  673,  408,  372,  828,  709,  150,  719,  670,  714,  298,  572,  672,  320,  851,  536,  822,  380,  409,  764,  859,  176,  303,  497,  892,  356,  604,  378, 1014,  462,  551,  538,  491,  893,  687,  447,  579,  596,  699,  690,  831,  211,   62,  850,  811,  242,  834,  672,  598,  869],
        [  375,  375,  463,  699,   84,  352,    0,  256,  387,  650,  464,  283,  302,  807,  511,  676, 1053,  511,  329,  637,  320,  869,  647,  825,  435,  671,  957,  205,  817,  280,  118,  959,  703,  412,   75,  750,  783,  677,  881,  684,  968,  747,  764,  627,  236,  907,  703,  104,  755,  664,  551,  505,  972,  545,  413, 1053,  963,  591,  691,  827,  779,  840],
        [  182,  182,  260,  470,  174,  255,  256,    0,  312,  433,  348,   31,   52,  556,  259,  458,  798,  455,  129,  479,  513,  616,  526,  578,  426,  515,  715,  357,  616,  127,  231,  704,  607,  198,  181,  505,  648,  471,  639,  466,  794,  514,  510,  382,  267,  699,  488,  303,  500,  427,  446,  436,  722,  367,  295,  798,  711,  472,  584,  574,  523,  653],
        [  484,  484,  214,  427,  354,   59,  387,  312,    0,  687,   88,  328,  342,  717,  460,  384,  855,  765,  207,  777,  706,  754,  261,  597,  726,  299,  897,  579,  877,  437,  454,  798,  917,  223,  345,  523,  950,  362,  621,  390, 1070,  479,  585,  589,  542,  947,  741,  485,  618,  648,  757,  747,  872,  216,   65,  881,  850,  207,  892,  713,  637,  925],
        [  275,  275,  510,  528,  572,  632,  650,  433,  687,    0,  678,  404,  383,  255,  234,  561,  577,  399,  485,  193,  778,  327,  801,  492,  467,  740,  332,  633,  191,  371,  564,  453,  386,  471,  585,  463,  334,  605,  578,  567,  388,  536,  382,  139,  496,  267,   57,  645,  307,   92,  306,  370,  382,  606,  640,  539,  389,  761,  351,  302,  324,  241],
        [  505,  505,  174,  355,  421,  113,  464,  348,   88,  678,    0,  358,  368,  677,  445,  308,  788,  802,  226,  787,  782,  707,  187,  529,  772,  213,  858,  648,  867,  474,  520,  740,  941,  208,  415,  457,  961,  280,  545,  312, 1065,  405,  529,  568,  597,  930,  730,  559,  571,  629,  783,  781,  826,  138,   55,  819,  802,  131,  914,  667,  588,  918],
        [  159,  159,  255,  454,  201,  270,  283,   31,  328,  404,  358,    0,   22,  527,  230,  445,  772,  445,  134,  456,  531,  588,  532,  556,  422,  515,  685,  374,  588,  118,  250,  676,  590,  192,  209,  484,  626,  461,  620,  454,  767,  497,  485,  352,  274,  670,  459,  325,  472,  397,  430,  424,  693,  365,  306,  771,  682,  478,  565,  546,  496,  626],
        [  143,  143,  256,  446,  219,  284,  302,   52,  342,  383,  368,   22,    0,  507,  211,  440,  756,  436,  143,  439,  542,  568,  539,  542,  418,  518,  664,  384,  568,  115,  263,  659,  576,  193,  227,  472,  610,  458,  608,  448,  748,  488,  470,  331,  279,  649,  439,  340,  454,  376,  417,  414,  673,  367,  317,  753,  662,  486,  551,  526,  478,  606],
        [  459,  459,  507,  404,  724,  673,  807,  556,  717,  255,  677,  527,  507,    0,  298,  453,  323,  652,  549,  442,  993,   74,  745,  294,  712,  662,  182,  840,  326,  547,  746,  199,  630,  497,  734,  301,  553,  502,  374,  456,  512,  388,  197,  186,  705,  331,  251,  828,  120,  176,  560,  622,  166,  564,  657,  286,  157,  720,  595,   52,  117,  391],
        [  200,  200,  277,  338,  428,  408,  511,  259,  460,  234,  445,  230,  211,  298,    0,  357,  557,  485,  267,  374,  725,  358,  570,  373,  509,  515,  461,  567,  422,  269,  460,  453,  556,  240,  437,  315,  542,  395,  452,  365,  621,  362,  281,  132,  441,  487,  286,  541,  250,  189,  423,  456,  464,  375,  410,  548,  452,  529,  523,  317,  274,  475],
        [  524,  524,  215,   54,  608,  372,  676,  458,  384,  561,  308,  445,  440,  453,  357,    0,  487,  832,  350,  727,  968,  458,  303,  230,  840,  213,  627,  814,  725,  549,  685,  457,  912,  267,  608,  169,  890,   50,  238,    9,  928,   99,  265,  424,  718,  762,  600,  750,  334,  482,  778,  804,  572,  170,  322,  526,  542,  292,  879,  425,  341,  787],
        [  748,  748,  650,  436,  971,  828, 1053,  798,  855,  577,  788,  772,  756,  323,  557,  487,    0,  972,  746,  763, 1281,  252,  778,  260, 1027,  682,  357, 1123,  621,  825, 1015,  125,  949,  671,  978,  332,  863,  528,  266,  485,  775,  389,  290,  487,  995,  593,  571, 1094,  309,  494,  882,  942,  260,  652,  790,   73,  230,  777,  914,  276,  285,  682],
        [  313,  313,  684,  820,  469,  709,  511,  455,  765,  399,  802,  445,  436,  652,  485,  832,  972,    0,  578,  241,  465,  725,  974,  846,  101,  948,  715,  372,  459,  329,  393,  850,  200,  623,  484,  796,  309,  862,  929,  840,  530,  846,  742,  493,  276,  550,  421,  443,  681,  478,  100,   31,  778,  797,  749,  937,  787,  922,  197,  697,  702,  446],
        [  281,  281,  139,  371,  258,  150,  329,  129,  207,  485,  226,  134,  143,  549,  267,  350,  746,  578,    0,  571,  622,  598,  399,  505,  553,  387,  722,  471,  674,  251,  340,  666,  717,   84,  259,  429,  744,  355,  555,  358,  865,  419,  458,  399,  393,  748,  540,  401,  468,  454,  559,  556,  712,  240,  175,  757,  695,  345,  691,  555,  490,  720],
        [  298,  298,  635,  701,  571,  719,  637,  479,  777,  193,  787,  456,  439,  442,  374,  727,  763,  241,  571,    0,  682,  512,  934,  682,  330,  886,  479,  560,  219,  375,  530,  639,  195,  584,  586,  647,  174,  766,  768,  734,  332,  715,  572,  321,  432,  312,  194,  601,  499,  283,  142,  217,  548,  741,  742,  720,  562,  889,  160,  491,  516,  217],
        [  536,  536,  760,  982,  367,  670,  320,  513,  706,  778,  782,  531,  542,  993,  725,  968, 1281,  465,  622,  682,    0, 1064,  966, 1083,  365,  986, 1109,  160,  897,  457,  284, 1173,  656,  703,  371, 1013,  773,  976, 1150,  976,  993, 1026, 1003,  808,  289,  991,  819,  225,  973,  825,  551,  478, 1148,  853,  730, 1268, 1147,  910,  660, 1026,  997,  897],
        [  529,  529,  541,  407,  786,  714,  869,  616,  754,  327,  707,  588,  568,   74,  358,  458,  252,  725,  598,  512, 1064,    0,  758,  269,  786,  670,  173,  909,  380,  615,  813,  128,  698,  540,  795,  295,  615,  507,  341,  460,  554,  381,  193,  256,  775,  369,  320,  894,  137,  250,  633,  695,  119,  587,  692,  213,   98,  738,  663,   43,  121,  444],
        [  669,  669,  301,  356,  607,  298,  647,  526,  261,  801,  187,  532,  539,  745,  570,  303,  778,  974,  399,  934,  966,  758,    0,  528,  951,   98,  924,  834,  983,  649,  706,  759, 1100,  356,  600,  472, 1107,  256,  515,  303, 1186,  395,  566,  675,  782, 1034,  849,  744,  628,  737,  947,  951,  873,  196,  241,  823,  844,   57, 1071,  723,  638, 1040],
        [  572,  572,  396,  178,  747,  572,  825,  578,  597,  492,  529,  556,  542,  294,  373,  230,  260,  846,  505,  682, 1083,  269,  528,    0,  880,  433,  441,  924,  612,  631,  805,  234,  876,  425,  751,   77,  821,  273,   87,  228,  804,  133,  111,  362,  806,  624,  512,  880,  190,  401,  770,  816,  368,  392,  532,  297,  335,  521,  841,  250,  181,  678],
        [  317,  317,  672,  834,  405,  672,  435,  426,  726,  467,  772,  422,  418,  712,  509,  840, 1027,  101,  553,  330,  365,  786,  951,  880,    0,  935,  792,  278,  549,  304,  318,  907,  297,  610,  419,  824,  409,  865,  960,  848,  630,  866,  780,  542,  202,  642,  496,  357,  728,  536,  191,  116,  848,  784,  718,  998,  855,  897,  297,  754,  750,  541],
        [  637,  637,  265,  265,  621,  320,  671,  515,  299,  740,  213,  515,  518,  662,  515,  213,  682,  948,  387,  886,  986,  670,   98,  433,  935,    0,  839,  846,  916,  632,  715,  665, 1060,  327,  616,  380, 1056,  164,  418,  212, 1120,  301,  478,  609,  779,  962,  785,  762,  544,  670,  912,  924,  784,  152,  258,  728,  755,  114, 1029,  637,  553,  976],
        [  591,  591,  688,  577,  875,  851,  957,  715,  897,  332,  858,  685,  664,  182,  461,  627,  357,  715,  722,  479, 1109,  173,  924,  441,  792,  839,    0,  962,  289,  685,  883,  251,  640,  676,  886,  467,  535,  677,  509,  630,  420,  553,  364,  333,  825,  241,  297,  965,  296,  294,  616,  687,   97,  746,  838,  292,  129,  901,  608,  202,  287,  342],
        [  381,  381,  609,  826,  227,  536,  205,  357,  579,  633,  648,  374,  384,  840,  567,  814, 1123,  372,  471,  560,  160,  909,  834,  924,  278,  846,  962,    0,  767,  299,  132, 1016,  572,  550,  235,  854,  675,  824,  991,  822,  885,  869,  844,  654,  138,  861,  678,  103,  815,  674,  441,  377,  997,  707,  595, 1111,  995,  778,  568,  871,  840,  775],
        [  447,  447,  697,  686,  742,  822,  817,  616,  877,  191,  867,  588,  568,  326,  422,  725,  621,  459,  674,  219,  897,  380,  983,  612,  549,  916,  289,  767,    0,  539,  720,  500,  355,  661,  756,  603,  247,  772,  696,  731,  204,  684,  506,  308,  634,   95,  137,  796,  424,  247,  360,  435,  375,  788,  830,  566,  397,  946,  324,  376,  432,   66],
        [   96,   96,  370,  551,  203,  380,  280,  127,  437,  371,  474,  118,  115,  547,  269,  549,  825,  329,  251,  375,  457,  615,  649,  631,  304,  632,  685,  299,  539,    0,  200,  718,  486,  307,  217,  564,  537,  570,  702,  558,  701,  590,  547,  362,  176,  628,  424,  282,  517,  391,  324,  310,  709,  481,  421,  814,  704,  596,  464,  575,  541,  567],
        [  293,  293,  479,  699,  101,  409,  118,  231,  454,  564,  520,  250,  263,  746,  460,  685, 1015,  393,  340,  530,  284,  813,  706,  805,  318,  715,  883,  132,  720,  200,    0,  913,  586,  420,  112,  733,  670,  694,  869,  693,  862,  744,  731,  561,  118,  812,  615,   82,  709,  590,  436,  388,  908,  576,  466, 1008,  903,  650,  575,  773,  734,  739],
        [  638,  638,  586,  404,  876,  764,  959,  704,  798,  453,  740,  676,  659,  199,  453,  457,  125,  850,  666,  639, 1173,  128,  759,  234,  907,  665,  251, 1016,  500,  718,  913,    0,  825,  597,  884,  289,  740,  503,  280,  457,  663,  365,  213,  370,  885,  479,  447,  993,  205,  373,  759,  820,  158,  609,  734,   96,  124,  748,  790,  154,  181,  563],
        [  436,  436,  801,  889,  654,  859,  703,  607,  917,  386,  941,  590,  576,  630,  556,  912,  949,  200,  717,  195,  656,  698, 1100,  876,  297, 1060,  640,  572,  355,  486,  586,  825,    0,  745,  669,  840,  132,  950,  962,  919,  359,  906,  766,  515,  471,  431,  379,  641,  692,  477,  162,  199,  720,  911,  891,  902,  738, 1051,   36,  680,  709,  317],
        [  314,  314,   64,  287,  342,  176,  412,  198,  223,  471,  208,  192,  193,  497,  240,  267,  671,  623,   84,  584,  703,  540,  356,  425,  610,  327,  676,  550,  661,  307,  420,  597,  745,    0,  342,  349,  757,  275,  472,  275,  858,  336,  387,  367,  463,  726,  524,  483,  406,  426,  591,  599,  657,  175,  170,  686,  637,  307,  716,  498,  426,  712],
        [  311,  311,  395,  628,   16,  303,   75,  181,  345,  585,  415,  209,  227,  734,  437,  608,  978,  484,  259,  586,  371,  795,  600,  751,  419,  616,  886,  235,  756,  217,  112,  884,  669,  342,    0,  677,  739,  611,  808,  616,  915,  676,  689,  555,  219,  845,  639,  147,  680,  594,  512,  474,  899,  484,  362,  978,  889,  544,  653,  753,  704,  783],
        [  511,  511,  320,  116,  673,  497,  750,  505,  523,  463,  457,  484,  472,  301,  315,  169,  332,  796,  429,  647, 1013,  295,  472,   77,  824,  380,  467,  854,  603,  564,  733,  289,  840,  349,  677,    0,  797,  217,  139,  170,  801,   88,  104,  327,  740,  626,  491,  807,  184,  374,  726,  767,  405,  323,  458,  363,  375,  460,  806,  266,  184,  667],
        [  468,  468,  808,  860,  724,  892,  783,  648,  950,  334,  961,  626,  610,  553,  542,  890,  863,  309,  744,  174,  773,  615, 1107,  821,  409, 1056,  535,  675,  247,  537,  670,  740,  132,  757,  739,  797,    0,  932,  907,  897,  229,  869,  711,  472,  561,  311,  310,  733,  633,  423,  236,  298,  621,  913,  916,  810,  643, 1062,  115,  604,  646,  197],
        [  552,  552,  217,  102,  612,  356,  677,  471,  362,  605,  280,  461,  458,  502,  395,   50,  528,  862,  355,  766,  976,  507,  256,  273,  865,  164,  677,  824,  772,  570,  694,  503,  950,  275,  611,  217,  932,    0,  271,   48,  975,  140,  315,  469,  735,  811,  645,  755,  383,  527,  812,  835,  621,  147,  302,  569,  591,  250,  917,  475,  391,  834],
        [  649,  649,  434,  195,  805,  604,  881,  639,  621,  578,  545,  620,  608,  374,  452,  238,  266,  929,  555,  768, 1150,  341,  515,   87,  960,  418,  509,  991,  696,  702,  869,  280,  962,  472,  808,  139,  907,  271,    0,  234,  885,  143,  197,  448,  878,  703,  598,  941,  275,  487,  855,  899,  428,  408,  557,  320,  394,  517,  927,  328,  264,  761],
        [  532,  532,  222,   54,  616,  378,  684,  466,  390,  567,  312,  454,  448,  456,  365,    9,  485,  840,  358,  734,  976,  460,  303,  228,  848,  212,  630,  822,  731,  558,  693,  457,  919,  275,  616,  170,  897,   48,  234,    0,  933,   97,  267,  430,  727,  767,  606,  758,  337,  488,  785,  812,  573,  175,  327,  524,  544,  294,  887,  428,  344,  793],
        [  616,  616,  897,  888,  901, 1014,  968,  794, 1070,  388, 1065,  767,  748,  512,  621,  928,  775,  530,  865,  332,  993,  554, 1186,  804,  630, 1120,  420,  885,  204,  701,  862,  663,  359,  858,  915,  801,  229,  975,  885,  933,    0,  884,  702,  511,  761,  185,  337,  932,  619,  450,  445,  516,  516,  991, 1026,  711,  546, 1147,  343,  559,  625,  147],
        [  549,  549,  294,   52,  674,  462,  747,  514,  479,  536,  405,  497,  488,  388,  362,   99,  389,  846,  419,  715, 1026,  381,  395,  133,  866,  301,  553,  869,  684,  590,  744,  365,  906,  336,  676,   88,  869,  140,  143,   97,  884,    0,  191,  398,  764,  711,  568,  813,  270,  450,  783,  818,  490,  268,  415,  429,  459,  389,  872,  353,  271,  748],
        [  480,  480,  373,  214,  683,  551,  764,  510,  585,  382,  529,  485,  470,  197,  281,  265,  290,  742,  458,  572, 1003,  193,  566,  111,  780,  478,  364,  844,  506,  547,  731,  213,  766,  387,  689,  104,  711,  315,  197,  267,  702,  191,    0,  254,  721,  524,  402,  809,   83,  291,  663,  712,  308,  401,  521,  300,  279,  549,  731,  163,   81,  572],
        [  274,  274,  395,  390,  544,  538,  627,  382,  589,  139,  568,  352,  331,  186,  132,  424,  487,  493,  399,  321,  808,  256,  675,  362,  542,  609,  333,  654,  308,  362,  561,  370,  515,  367,  555,  327,  472,  469,  448,  430,  511,  398,  254,    0,  520,  363,  177,  643,  188,   62,  411,  463,  348,  481,  536,  463,  342,  639,  480,  219,  210,  367],
        [  248,  248,  526,  724,  205,  491,  236,  267,  542,  496,  597,  274,  279,  705,  441,  718,  995,  276,  393,  432,  289,  775,  782,  806,  202,  779,  825,  138,  634,  176,  118,  885,  471,  463,  219,  740,  561,  735,  878,  727,  761,  764,  721,  520,    0,  727,  541,  173,  686,  537,  325,  272,  861,  632,  543,  979,  859,  726,  461,  738,  710,  645],
        [  534,  534,  758,  719,  831,  893,  907,  699,  947,  267,  930,  670,  649,  331,  487,  762,  593,  550,  748,  312,  991,  369, 1034,  624,  642,  962,  241,  861,   95,  628,  812,  479,  431,  726,  845,  626,  311,  811,  703,  767,  185,  711,  524,  363,  727,    0,  211,  889,  443,  302,  452,  527,  336,  842,  896,  531,  364, 1000,  403,  376,  446,  115],
        [  329,  329,  561,  564,  626,  687,  703,  488,  741,   57,  730,  459,  439,  251,  286,  600,  571,  421,  540,  194,  819,  320,  849,  512,  496,  785,  297,  678,  137,  424,  615,  447,  379,  524,  639,  491,  310,  645,  598,  606,  337,  568,  402,  177,  541,  211,    0,  694,  323,  119,  323,  392,  358,  654,  694,  527,  369,  811,  344,  301,  337,  192],
        [  375,  375,  539,  767,  144,  447,  104,  303,  485,  645,  559,  325,  340,  828,  541,  750, 1094,  443,  401,  601,  225,  894,  744,  880,  357,  762,  965,  103,  796,  282,   82,  993,  641,  483,  147,  807,  733,  755,  941,  758,  932,  813,  809,  643,  173,  889,  694,    0,  790,  672,  498,  443,  990,  630,  507, 1088,  984,  688,  633,  854,  814,  813],
        [  440,  440,  405,  285,  672,  579,  755,  500,  618,  307,  571,  472,  454,  120,  250,  334,  309,  681,  468,  499,  973,  137,  628,  190,  728,  544,  296,  815,  424,  517,  709,  205,  692,  406,  680,  184,  633,  383,  275,  337,  619,  270,   83,  188,  686,  443,  323,  790,    0,  216,  598,  651,  255,  452,  556,  300,  233,  606,  657,   97,   25,  490],
        [  298,  298,  457,  446,  582,  596,  664,  427,  648,   92,  629,  397,  376,  176,  189,  482,  494,  478,  454,  283,  825,  250,  737,  401,  536,  670,  294,  674,  247,  391,  590,  373,  477,  426,  594,  374,  423,  527,  487,  488,  450,  450,  291,   62,  537,  302,  119,  672,  216,    0,  389,  448,  324,  543,  596,  462,  324,  701,  441,  220,  233,  307],
        [  279,  279,  650,  760,  496,  699,  551,  446,  757,  306,  783,  430,  417,  560,  423,  778,  882,  100,  559,  142,  551,  633,  947,  770,  191,  912,  616,  441,  360,  324,  436,  759,  162,  591,  512,  726,  236,  812,  855,  785,  445,  783,  663,  411,  325,  452,  323,  498,  598,  389,    0,   76,  681,  762,  733,  844,  691,  897,  142,  607,  618,  350],
        [  287,  287,  659,  792,  459,  690,  505,  436,  747,  370,  781,  424,  414,  622,  456,  804,  942,   31,  556,  217,  478,  695,  951,  816,  116,  924,  687,  377,  435,  310,  388,  820,  199,  599,  474,  767,  298,  835,  899,  812,  516,  818,  712,  463,  272,  527,  392,  443,  651,  448,   76,    0,  749,  772,  729,  908,  758,  899,  191,  667,  672,  425],
        [  618,  618,  660,  519,  889,  831,  972,  722,  872,  382,  826,  693,  673,  166,  464,  572,  260,  778,  712,  548, 1148,  119,  873,  368,  848,  784,   97,  997,  375,  709,  908,  158,  720,  657,  899,  405,  621,  621,  428,  573,  516,  490,  308,  348,  861,  336,  358,  990,  255,  324,  681,  749,    0,  705,  811,  196,   35,  855,  687,  160,  239,  432],
        [  486,  486,  114,  217,  487,  211,  545,  367,  216,  606,  138,  365,  367,  564,  375,  170,  652,  797,  240,  741,  853,  587,  196,  392,  784,  152,  746,  707,  788,  481,  576,  609,  911,  175,  484,  323,  913,  147,  408,  175,  991,  268,  401,  481,  632,  842,  654,  630,  452,  543,  762,  772,  705,    0,  156,  685,  679,  159,  881,  549,  466,  845],
        [  456,  456,  151,  364,  368,   62,  413,  295,   65,  640,   55,  306,  317,  657,  410,  322,  790,  749,  175,  742,  730,  692,  241,  532,  718,  258,  838,  595,  830,  421,  466,  734,  891,  170,  362,  458,  916,  302,  557,  327, 1026,  415,  521,  536,  543,  896,  694,  507,  556,  596,  733,  729,  811,  156,    0,  816,  788,  185,  865,  651,  574,  880],
        [  732,  732,  671,  473,  971,  850, 1053,  798,  881,  539,  819,  771,  753,  286,  548,  526,   73,  937,  757,  720, 1268,  213,  823,  297,  998,  728,  292, 1111,  566,  814, 1008,   96,  902,  686,  978,  363,  810,  569,  320,  524,  711,  429,  300,  463,  979,  531,  527, 1088,  300,  462,  844,  908,  196,  685,  816,    0,  169,  818,  867,  245,  276,  625],
        [  615,  615,  638,  490,  880,  811,  963,  711,  850,  389,  802,  682,  662,  157,  452,  542,  230,  787,  695,  562, 1147,   98,  844,  335,  855,  755,  129,  995,  397,  704,  903,  124,  738,  637,  889,  375,  643,  591,  394,  544,  546,  459,  279,  342,  859,  364,  369,  984,  233,  324,  691,  758,   35,  679,  788,  169,    0,  827,  704,  141,  215,  456],
        [  618,  618,  255,  346,  551,  242,  591,  472,  207,  761,  131,  478,  486,  720,  529,  292,  777,  922,  345,  889,  910,  738,   57,  521,  897,  114,  901,  778,  946,  596,  650,  748, 1051,  307,  544,  460, 1062,  250,  517,  294, 1147,  389,  549,  639,  726, 1000,  811,  688,  606,  701,  897,  899,  855,  159,  185,  818,  827,    0, 1023,  702,  618, 1001],
        [  410,  410,  771,  856,  638,  834,  691,  584,  892,  351,  914,  565,  551,  595,  523,  879,  914,  197,  691,  160,  660,  663, 1071,  841,  297, 1029,  608,  568,  324,  464,  575,  790,   36,  716,  653,  806,  115,  917,  927,  887,  343,  872,  731,  480,  461,  403,  344,  633,  657,  441,  142,  191,  687,  881,  865,  867,  704, 1023,    0,  645,  674,  289],
        [  491,  491,  500,  375,  744,  672,  827,  574,  713,  302,  667,  546,  526,   52,  317,  425,  276,  697,  555,  491, 1026,   43,  723,  250,  754,  637,  202,  871,  376,  575,  773,  154,  680,  498,  753,  266,  604,  475,  328,  428,  559,  353,  163,  219,  738,  376,  301,  854,   97,  220,  607,  667,  160,  549,  651,  245,  141,  702,  645,    0,   85,  441],
        [  464,  464,  424,  291,  696,  598,  779,  523,  637,  324,  588,  496,  478,  117,  274,  341,  285,  702,  490,  516,  997,  121,  638,  181,  750,  553,  287,  840,  432,  541,  734,  181,  709,  426,  704,  184,  646,  391,  264,  344,  625,  271,   81,  210,  710,  446,  337,  814,   25,  233,  618,  672,  239,  466,  574,  276,  215,  618,  674,   85,    0,  498],
        [  478,  478,  751,  749,  769,  869,  840,  653,  925,  241,  918,  626,  606,  391,  475,  787,  682,  446,  720,  217,  897,  444, 1040,  678,  541,  976,  342,  775,   66,  567,  739,  563,  317,  712,  783,  667,  197,  834,  761,  793,  147,  748,  572,  367,  645,  115,  192,  813,  490,  307,  350,  425,  432,  845,  880,  625,  456, 1001,  289,  441,  498,    0]
    ]
}
