{
    "name": "random-39-27931",
    "comment": "size=39 seed=27931",
    "nodes": ["+0", "-0", "+1", "-1", "+2", "-2", "+3", "-3", "+4", "-4", "+5", "-5", "+6", "-6", "+7", "-7", "+8", "-8", "+9", "-9", "+10", "-10", "+11", "-11", "+12", "-12", "+13", "-13", "+14", "-14", "+15", "-15", "+16", "-16", "+17", "-17", "+18", "-18", "+19", "-19", "+20", "-20", "+21", "-21", "+22", "-22", "+23", "-23", "+24", "-24", "+25", "-25", "+26", "-26", "+27", "-27", "+28", "-28", "+29", "-29", "+30", "-30", "+31", "-31", "+32", "-32", "+33", "-33", "+34", "-34", "+35", "-35", "+36", "-36", "+37", "-37", "+38", "-38", "+39", "-39"],
    "precedence": {
        "+0": "-0",
        "+1": "-1",
        "+2": "-2",
        "+3": "-3",
        "+4": "-4",
        "+5": "-5",
        "+6": "-6",
        "+7": "-7",
        "+8": "-8",
        "+9": "-9",
        "+10": "-10",
        "+11": "-11",
        "+12": "-12",
        "+13": "-13",
        "+14": "-14",
        "+15": "-15",
        "+16": "-16",
        "+17": "-17",
        "+18": "-18",
        "+19": "-19",
        "+20": "-20",
        "+21": "-21",
        "+22": "-22",
        "+23": "-23",
        "+24": "-24",
        "+25": "-25",
        "+26": "-26",
        "+27": "-27",
        "+28": "-28",
        "+29": "-29",
        "+30": "-30",
        "+31": "-31",
        "+32": "-32",
        "+33": "-33",
        "+34": "-34",
        "+35": "-35",
        "+36": "-36",
        "+37": "-37",
        "+38": "-38",
        "+39": "-39"
    },
    "edges": [
        [    0,    0,  465,  264,  478,  365,  626,  814,  232,   82,  314,  819,  371,  520,  370,  464,  178,  166,  663,  230,  761,  528,  316,  579,  320,  652,  217,  645,  592,  594,  248,  197,  103,  125,  571,  313,  427,  563,  170,  367,  462,  672,  615,  221,  593,  204,  745,  621,  275,  329,  590,  547,  666,  555,  631,  391,  305,  496,  608,  514,  440,  378,  184,  161,  626,  279,  496,  677,  185,  633,  143,  404,  305,  465,  661,  541,  313,  627,  243,  293],
        [    0,    0,  465,  264,  478,  365,  626,  814,  232,   82,  314,  819,  371,  520,  370,  464,  178,  166,  663,  230,  761,  528,  316,  579,  320,  652,  217,  645,  592,  594,  248,  197,  103,  125,  571,  313,  427,  563,  170,  367,  462,  672,  615,  221,  593,  204,  745,  621,  275,  329,  590,  547,  666,  555,  631,  391,  305,  496,  608,  514,  440,  378,  184,  161,  626,  279,  496,  677,  185,  633,  143,  404,  305,  465,  661,  541,  313,  627,  243,  293],
        [  465,  465,    0,  241,  455,  286,  368,  468,  238,  389,  465,  471,  325,  842,  834,  267,  609,  554,  563,  601,  961,  651,  754,  638,  746,  573,  631,  479,  467,  448,  660,  269,  363,  479,  560,  373,  431,  208,  418,  300,  554,  756,  668,  571,  754,  533,  503,  364,  259,  498,  565,  198,  734,  567,  611,   77,  623,  327,  248,  708,  449,  831,  395,  308,  651,  303,  122,  493,  646,  474,  363,  248,  228,  400,  258,  741,  648,  463,  245,  743],
        [  264,  264,  241,    0,  501,  324,  532,  680,  130,  182,  243,  684,  162,  739,  623,  380,  378,  400,  661,  361,  928,  642,  520,  661,  578,  662,  468,  605,  384,  561,  499,  107,  174,  328,  612,  164,  264,  300,  178,  335,  551,  774,  696,  437,  732,  293,  669,  371,   34,  275,  625,  394,  759,  608,  673,  167,  510,  436,  345,  666,  283,  641,  289,  148,  692,   82,  321,  452,  428,  596,  227,  153,   44,  268,  486,  699,  408,  406,   30,  557],
        [  478,  478,  455,  501,    0,  183,  255,  455,  373,  466,  715,  459,  661,  500,  740,  199,  650,  411,  185,  706,  524,  215,  772,  185,  553,  175,  469,  192,  869,  146,  479,  411,  431,  376,  113,  657,  764,  660,  584,  170,  131,  302,  213,  375,  320,  669,  314,  804,  535,  742,  125,  332,  280,  114,  172,  440,  359,  154,  702,  300,  783,  676,  295,  393,  199,  579,  361,  920,  623,  180,  348,  624,  531,  765,  427,  329,  787,  881,  476,  597],
        [  365,  365,  286,  324,  183,    0,  262,  457,  202,  328,  551,  462,  482,  579,  692,  105,  542,  364,  338,  579,  676,  365,  679,  359,  544,  339,  438,  293,  687,  244,  459,  245,  290,  302,  295,  484,  587,  485,  431,   15,  269,  477,  391,  354,  469,  531,  382,  624,  358,  580,  305,  227,  457,  295,  353,  260,  379,  132,  529,  425,  606,  654,  200,  239,  381,  405,  219,  738,  538,  282,  223,  442,  352,  585,  344,  457,  653,  699,  301,  566],
        [  626,  626,  368,  532,  255,  262,    0,  206,  435,  583,  774,  210,  668,  754,  947,  164,  802,  615,  237,  834,  751,  459,  940,  402,  782,  258,  685,  135,  834,  136,  701,  483,  545,  559,  303,  694,  778,  564,  674,  262,  384,  502,  416,  594,  557,  781,  139,  727,  563,  805,  293,  174,  475,  324,  326,  399,  597,  135,  596,  551,  797,  899,  459,  489,  385,  613,  247,  859,  799,  136,  484,  603,  544,  757,  208,  578,  904,  830,  517,  814],
        [  814,  814,  468,  680,  455,  457,  206,    0,  605,  763,  920,    5,  791,  953, 1148,  354,  988,  817,  380, 1010,  919,  646, 1129,  578,  987,  408,  888,  289,  919,  318,  906,  652,  726,  758,  480,  832,  898,  624,  839,  460,  581,  663,  585,  799,  738,  952,  183,  786,  707,  952,  465,  286,  634,  506,  486,  523,  802,  339,  642,  742,  917, 1104,  657,  667,  550,  755,  360,  923,  993,  298,  674,  715,  681,  866,  216,  767, 1074,  905,  670, 1018],
        [  232,  232,  238,  130,  373,  202,  435,  605,    0,  163,  350,  609,  291,  636,  599,  274,  391,  321,  539,  406,  805,  514,  536,  531,  511,  538,  397,  491,  511,  444,  426,   48,  131,  245,  484,  285,  392,  376,  239,  211,  423,  645,  567,  345,  607,  348,  567,  480,  163,  379,  498,  326,  630,  479,  545,  168,  408,  324,  423,  544,  411,  594,  177,   72,  563,  207,  267,  574,  416,  481,  129,  271,  166,  397,  435,  577,  471,  530,  103,  505],
        [   82,   82,  389,  182,  466,  328,  583,  763,  163,    0,  270,  767,  298,  582,  448,  419,  229,  230,  647,  252,  804,  549,  374,  590,  399,  641,  292,  617,  524,  568,  323,  122,   38,  170,  568,  249,  366,  481,  125,  333,  473,  692,  626,  277,  625,  205,  708,  543,  195,  291,  586,  487,  682,  555,  629,  313,  358,  459,  526,  550,  382,  460,  182,   96,  632,  204,  430,  605,  258,  607,  120,  324,  223,  397,  597,  579,  326,  556,  161,  375],
        [  314,  314,  465,  243,  715,  551,  774,  920,  350,  270,    0,  924,  166,  832,  564,  618,  297,  479,  887,  223, 1071,  818,  401,  854,  607,  885,  521,  839,  314,  793,  551,  307,  297,  433,  823,   95,  139,  432,  147,  560,  738,  959,  891,  534,  895,  164,  910,  404,  214,   33,  838,  635,  949,  813,  884,  399,  618,  671,  463,  819,  145,  623,  449,  323,  894,  165,  560,  409,  383,  830,  383,  250,  240,  198,  720,  848,  220,  360,  257,  558],
        [  819,  819,  471,  684,  459,  462,  210,    5,  609,  767,  924,    0,  795,  956, 1152,  358,  992,  821,  383, 1015,  922,  649, 1134,  582,  991,  410,  892,  292,  922,  322,  910,  656,  730,  762,  484,  836,  902,  627,  843,  464,  584,  665,  588,  803,  741,  956,  185,  789,  711,  956,  468,  290,  637,  509,  489,  527,  806,  343,  645,  746,  920, 1108,  661,  672,  553,  759,  364,  926,  997,  301,  678,  718,  685,  869,  219,  770, 1078,  908,  674, 1022],
        [  371,  371,  325,  162,  661,  482,  668,  791,  291,  298,  166,  795,    0,  879,  689,  526,  422,  528,  816,  369, 1083,  802,  546,  822,  689,  819,  587,  753,  228,  712,  618,  264,  307,  464,  773,   79,  111,  267,  218,  494,  712,  935,  857,  573,  891,  300,  806,  260,  129,  195,  785,  512,  920,  769,  832,  272,  652,  585,  299,  823,  130,  729,  443,  301,  853,   96,  435,  308,  496,  745,  377,   87,  131,  107,  583,  855,  382,  259,  190,  654],
        [  520,  520,  842,  739,  500,  579,  754,  953,  636,  582,  832,  956,  879,    0,  471,  661,  589,  355,  612,  683,  305,  323,  623,  407,  269,  585,  315,  674, 1105,  636,  288,  637,  573,  415,  488,  830,  945, 1011,  689,  567,  373,  400,  422,  306,  273,  696,  797, 1109,  763,  843,  509,  799,  417,  461,  512,  790,  230,  639, 1058,  224,  959,  361,  459,  592,  457,  783,  797, 1185,  506,  663,  514,  891,  783,  979,  909,  212,  762, 1137,  711,  343],
        [  370,  370,  834,  623,  740,  692,  947, 1148,  599,  448,  564, 1152,  689,  471,    0,  796,  269,  334,  914,  346,  775,  681,  196,  759,  218,  895,  272,  930,  877,  880,  266,  566,  472,  391,  797,  614,  702,  919,  474,  689,  663,  809,  790,  365,  691,  401, 1046,  948,  626,  557,  820,  900,  816,  773,  846,  760,  403,  812,  962,  613,  708,  114,  493,  528,  815,  615,  857,  972,  196,  918,  489,  745,  660,  758, 1017,  624,  393,  922,  606,  151],
        [  464,  464,  267,  380,  199,  105,  164,  354,  274,  419,  618,  358,  526,  661,  796,    0,  640,  468,  300,  671,  721,  410,  779,  382,  646,  308,  541,  227,  713,  188,  561,  321,  382,  406,  297,  543,  636,  474,  512,  109,  317,  498,  408,  456,  515,  618,  294,  627,  413,  649,  300,  140,  474,  307,  346,  270,  474,   62,  514,  485,  655,  757,  304,  326,  389,  462,  164,  751,  640,  220,  322,  472,  398,  623,  250,  516,  741,  717,  362,  670],
        [  178,  178,  609,  378,  650,  542,  802,  988,  391,  229,  297,  992,  422,  589,  269,  640,    0,  277,  835,   96,  866,  674,  146,  734,  334,  823,  280,  821,  610,  770,  302,  348,  264,  279,  738,  347,  435,  664,  212,  544,  620,  817,  770,  336,  723,  134,  922,  682,  374,  293,  758,  715,  815,  719,  796,  533,  413,  673,  705,  641,  442,  328,  358,  324,  784,  355,  658,  704,   91,  810,  320,  484,  409,  490,  826,  664,  174,  655,  367,  273],
        [  166,  166,  554,  400,  411,  364,  615,  817,  321,  230,  479,  821,  528,  355,  334,  468,  277,    0,  591,  360,  601,  399,  372,  464,  192,  575,   78,  599,  753,  548,  106,  306,  227,   77,  481,  476,  591,  690,  336,  359,  354,  542,  498,   60,  447,  356,  713,  768,  419,  493,  503,  582,  540,  459,  536,  488,  143,  480,  737,  366,  605,  291,  170,  261,  516,  434,  550,  835,  223,  587,  193,  549,  443,  626,  700,  390,  444,  786,  373,  203],
        [  663,  663,  563,  661,  185,  338,  237,  380,  539,  647,  887,  383,  816,  612,  914,  300,  835,  591,    0,  890,  540,  289,  956,  210,  717,   29,  643,  103, 1011,  115,  650,  581,  611,  560,  126,  822,  924,  769,  762,  328,  258,  283,  209,  550,  368,  851,  201,  925,  695,  916,  104,  390,  255,  153,  108,  569,  520,  238,  806,  389,  943,  842,  479,  569,  172,  742,  448, 1050,  806,  101,  530,  768,  686,  917,  444,  408,  970, 1016,  639,  767],
        [  230,  230,  601,  361,  706,  579,  834, 1010,  406,  252,  223, 1015,  369,  683,  346,  671,   96,  360,  890,    0,  956,  750,  179,  806,  430,  881,  371,  867,  536,  817,  395,  359,  290,  348,  800,  291,  361,  625,  184,  583,  690,  895,  842,  419,  806,   71,  960,  623,  349,  212,  820,  730,  890,  784,  860,  525,  500,  711,  663,  725,  366,  418,  412,  346,  854,  319,  666,  631,  185,  856,  362,  441,  384,  421,  834,  749,   86,  582,  358,  368],
        [  761,  761,  961,  928,  524,  676,  751,  919,  805,  804, 1071,  922, 1083,  305,  775,  721,  866,  601,  540,  956,    0,  313,  918,  350,  567,  512,  587,  633, 1310,  616,  567,  822,  784,  639,  449, 1050, 1167, 1156,  925,  662,  408,  258,  337,  543,  208,  956,  740, 1282,  957, 1088,  460,  856,  286,  429,  434,  928,  459,  677, 1202,  262, 1184,  664,  641,  783,  370,  989,  882, 1379,  790,  626,  707, 1075,  969, 1189,  946,  230, 1039, 1334,  899,  642],
        [  528,  528,  651,  642,  215,  365,  459,  646,  514,  549,  818,  649,  802,  323,  681,  410,  674,  399,  289,  750,  313,    0,  767,   86,  468,  263,  424,  359, 1024,  329,  420,  538,  521,  404,  169,  780,  895,  849,  674,  351,   97,  145,  110,  343,  106,  732,  480,  981,  673,  840,  188,  546,  142,  142,  190,  622,  281,  369,  894,  100,  913,  592,  370,  506,  140,  711,  569, 1086,  619,  350,  437,  783,  679,  909,  642,  122,  835, 1043,  613,  531],
        [  316,  316,  754,  520,  772,  679,  940, 1129,  536,  374,  401, 1134,  546,  623,  196,  779,  146,  372,  956,  179,  918,  767,    0,  835,  354,  942,  346,  951,  711,  900,  358,  494,  407,  397,  851,  468,  538,  798,  348,  680,  726,  906,  869,  425,  801,  247, 1056,  801,  514,  387,  872,  859,  907,  830,  907,  677,  490,  809,  838,  719,  541,  295,  487,  468,  888,  489,  803,  807,  151,  939,  457,  615,  549,  599,  970,  737,  204,  758,  511,  280],
        [  579,  579,  638,  661,  185,  359,  402,  578,  531,  590,  854,  582,  822,  407,  759,  382,  734,  464,  210,  806,  350,   86,  835,    0,  549,  182,  498,  290, 1039,  267,  496,  562,  559,  459,  100,  808,  921,  842,  713,  345,  118,  119,   37,  411,  161,  781,  406,  983,  694,  878,  114,  511,   99,   79,  106,  619,  358,  332,  885,  183,  939,  674,  408,  534,   56,  735,  545, 1094,  686,  282,  473,  794,  695,  928,  596,  199,  890, 1053,  633,  609],
        [  320,  320,  746,  578,  553,  544,  782,  987,  511,  399,  607,  991,  689,  269,  218,  646,  334,  192,  717,  430,  567,  468,  354,  549,    0,  696,  115,  745,  905,  697,   87,  492,  405,  267,  595,  627,  735,  874,  478,  537,  461,  593,  577,  191,  474,  456,  866,  940,  593,  612,  618,  767,  600,  570,  641,  678,  198,  649,  920,  396,  746,  126,  359,  447,  604,  599,  739,  993,  246,  733,  383,  722,  621,  779,  885,  407,  504,  943,  554,   75],
        [  652,  652,  573,  662,  175,  339,  258,  408,  538,  641,  885,  410,  819,  585,  895,  308,  823,  575,   29,  881,  512,  263,  942,  182,  696,    0,  625,  127, 1017,  131,  631,  579,  605,  547,  102,  822,  925,  780,  757,  328,  236,  256,  180,  532,  340,  844,  229,  935,  696,  913,   79,  406,  227,  129,   80,  576,  499,  247,  818,  362,  944,  821,  469,  565,  144,  743,  461, 1059,  792,  123,  523,  773,  689,  920,  466,  380,  962, 1023,  639,  748],
        [  217,  217,  631,  468,  469,  438,  685,  888,  397,  292,  521,  892,  587,  315,  272,  541,  280,   78,  643,  371,  587,  424,  346,  498,  115,  625,    0,  660,  808,  610,   32,  379,  295,  153,  528,  529,  641,  762,  383,  433,  395,  562,  530,   94,  456,  382,  777,  834,  485,  530,  550,  658,  564,  504,  579,  564,  145,  550,  809,  374,  654,  216,  247,  334,  552,  494,  627,  893,  205,  648,  269,  615,  511,  681,  777,  393,  453,  844,  443,  130],
        [  645,  645,  479,  605,  192,  293,  135,  289,  491,  617,  839,  292,  753,  674,  930,  227,  821,  599,  103,  867,  633,  359,  951,  290,  745,  127,  660,    0,  937,   52,  671,  536,  580,  556,  192,  768,  862,  682,  723,  286,  304,  379,  297,  566,  450,  821,  124,  842,  638,  869,  177,  296,  351,  218,  201,  495,  550,  170,  717,  457,  882,  868,  464,  531,  263,  687,  360,  970,  803,   13,  505,  698,  625,  850,  342,  481,  943,  938,  585,  788],
        [  592,  592,  467,  384,  869,  687,  834,  919,  511,  524,  314,  922,  228, 1105,  877,  713,  610,  753, 1011,  536, 1310, 1024,  711, 1039,  905, 1017,  808,  937,    0,  901,  839,  489,  534,  691,  982,  279,  176,  301,  428,  700,  932, 1154, 1073,  800, 1116,  477,  970,  162,  353,  325,  992,  665, 1137,  980, 1040,  443,  880,  774,  299, 1049,  170,  933,  670,  528, 1066,  324,  588,   97,  693,  931,  604,  246,  345,  127,  704, 1081,  517,   51,  413,  863],
        [  594,  594,  448,  561,  146,  244,  136,  318,  444,  568,  793,  322,  712,  636,  880,  188,  770,  548,  115,  817,  616,  329,  900,  267,  697,  131,  610,   52,  901,    0,  622,  488,  530,  505,  168,  723,  820,  654,  675,  237,  264,  366,  280,  517,  425,  772,  169,  811,  594,  823,  157,  276,  339,  191,  191,  458,  504,  128,  691,  424,  839,  819,  413,  482,  250,  642,  333,  938,  752,   40,  455,  659,  582,  810,  339,  450,  893,  904,  540,  739],
        [  248,  248,  660,  499,  479,  459,  701,  906,  426,  323,  551,  910,  618,  288,  266,  561,  302,  106,  650,  395,  567,  420,  358,  496,   87,  631,   32,  671,  839,  622,    0,  409,  326,  182,  532,  560,  672,  792,  414,  453,  398,  554,  527,  108,  444,  409,  790,  865,  516,  559,  555,  681,  558,  507,  581,  593,  139,  567,  839,  363,  685,  199,  272,  364,  551,  526,  652,  925,  224,  659,  298,  646,  542,  712,  799,  380,  476,  875,  474,  118],
        [  197,  197,  269,  107,  411,  245,  483,  652,   48,  122,  307,  656,  264,  637,  566,  321,  348,  306,  581,  359,  822,  538,  494,  562,  492,  579,  379,  536,  489,  488,  409,    0,   94,  232,  521,  248,  359,  384,  192,  254,  450,  673,  598,  338,  627,  300,  614,  473,  136,  336,  535,  372,  659,  513,  581,  195,  407,  369,  431,  561,  378,  567,  183,   46,  596,  174,  310,  558,  378,  526,  123,  257,  149,  371,  479,  593,  424,  512,   78,  480],
        [  103,  103,  363,  174,  431,  290,  545,  726,  131,   38,  297,  730,  307,  573,  472,  382,  264,  227,  611,  290,  784,  521,  407,  559,  405,  605,  295,  580,  534,  530,  326,   94,    0,  159,  534,  266,  383,  469,  156,  295,  442,  663,  595,  268,  600,  242,  671,  542,  193,  320,  551,  452,  652,  522,  595,  289,  346,  422,  515,  527,  400,  475,  152,   61,  600,  211,  397,  612,  285,  569,   86,  323,  217,  409,  564,  557,  364,  564,  149,  389],
        [  125,  125,  479,  328,  376,  302,  559,  758,  245,  170,  433,  762,  464,  415,  391,  406,  279,   77,  560,  348,  639,  404,  397,  459,  267,  547,  153,  556,  691,  505,  182,  232,  159,    0,  460,  418,  535,  615,  286,  299,  343,  549,  495,  110,  468,  329,  665,  698,  350,  450,  480,  513,  543,  441,  518,  412,  189,  425,  662,  389,  550,  361,  102,  186,  507,  369,  478,  770,  248,  544,  116,  480,  372,  566,  632,  417,  432,  722,  301,  272],
        [  571,  571,  560,  612,  113,  295,  303,  480,  484,  568,  823,  484,  773,  488,  797,  297,  738,  481,  126,  800,  449,  169,  851,  100,  595,  102,  528,  192,  982,  168,  532,  521,  534,  460,    0,  767,  876,  767,  688,  282,  135,  205,  116,  436,  259,  768,  312,  914,  646,  849,   23,  419,  180,   28,   62,  550,  399,  242,  808,  268,  895,  721,  390,  500,   92,  690,  460, 1031,  700,  183,  449,  736,  643,  877,  499,  290,  883,  993,  587,  649],
        [  313,  313,  373,  164,  657,  484,  694,  832,  285,  249,   95,  836,   79,  830,  614,  543,  347,  476,  822,  291, 1050,  780,  468,  808,  627,  822,  529,  768,  279,  723,  560,  248,  266,  418,  767,    0,  118,  342,  149,  495,  695,  918,  844,  526,  864,  222,  831,  336,  131,  127,  781,  548,  905,  761,  828,  310,  607,  599,  377,  792,  134,  660,  413,  275,  844,   82,  472,  367,  423,  759,  345,  158,  152,  153,  629,  823,  306,  318,  184,  587],
        [  427,  427,  431,  264,  764,  587,  778,  898,  392,  366,  139,  902,  111,  945,  702,  636,  435,  591,  924,  361, 1167,  895,  538,  921,  735,  925,  641,  862,  176,  820,  672,  359,  383,  535,  876,  118,    0,  340,  258,  599,  809, 1032,  956,  642,  980,  302,  916,  277,  230,  153,  889,  621, 1018,  870,  936,  382,  724,  694,  361,  909,   20,  758,  529,  390,  954,  187,  543,  271,  518,  854,  462,  185,  239,   65,  688,  940,  350,  222,  290,  690],
        [  563,  563,  208,  300,  660,  485,  564,  624,  376,  481,  432,  627,  267, 1011,  919,  474,  664,  690,  769,  625, 1156,  849,  798,  842,  874,  780,  762,  682,  301,  654,  792,  384,  469,  615,  767,  342,  340,    0,  453,  499,  753,  960,  872,  719,  951,  555,  694,  165,  293,  460,  772,  391,  939,  773,  819,  229,  784,  534,   48,  899,  353,  940,  552,  430,  857,  310,  323,  301,  723,  678,  502,  186,  260,  285,  410,  932,  647,  282,  321,  855],
        [  170,  170,  418,  178,  584,  431,  674,  839,  239,  125,  147,  843,  218,  689,  474,  512,  212,  336,  762,  184,  925,  674,  348,  713,  478,  757,  383,  723,  428,  675,  414,  192,  156,  286,  688,  149,  258,  453,    0,  438,  597,  816,  750,  389,  748,  116,  805,  477,  167,  167,  705,  555,  806,  677,  750,  342,  472,  559,  494,  672,  271,  512,  306,  194,  755,  144,  488,  516,  279,  713,  242,  273,  202,  301,  655,  701,  236,  466,  175,  438],
        [  367,  367,  300,  335,  170,   15,  262,  460,  211,  333,  560,  464,  494,  567,  689,  109,  544,  359,  328,  583,  662,  351,  680,  345,  537,  328,  433,  286,  700,  237,  453,  254,  295,  299,  282,  495,  599,  499,  438,    0,  255,  463,  378,  347,  455,  536,  378,  638,  369,  589,  292,  236,  443,  281,  340,  274,  370,  130,  543,  411,  618,  648,  198,  246,  367,  416,  232,  751,  537,  275,  225,  455,  364,  597,  352,  444,  658,  712,  311,  561],
        [  462,  462,  554,  551,  131,  269,  384,  581,  423,  473,  738,  584,  712,  373,  663,  317,  620,  354,  258,  690,  408,   97,  726,  118,  461,  236,  395,  304,  932,  264,  398,  450,  442,  343,  135,  695,  809,  753,  597,  255,    0,  224,  154,  305,  201,  664,  428,  886,  584,  762,  158,  455,  211,  110,  184,  526,  264,  281,  797,  170,  827,  586,  291,  420,  165,  623,  475,  992,  576,  293,  357,  690,  588,  819,  556,  200,  774,  950,  523,  515],
        [  672,  672,  756,  774,  302,  477,  502,  663,  645,  692,  959,  665,  935,  400,  809,  498,  817,  542,  283,  895,  258,  145,  906,  119,  593,  256,  562,  379, 1154,  366,  554,  673,  663,  549,  205,  918, 1032,  960,  816,  463,  224,    0,   90,  485,  128,  876,  483, 1101,  807,  982,  211,  624,   29,  192,  179,  737,  417,  446, 1003,  197, 1050,  713,  511,  643,  117,  846,  661, 1211,  760,  373,  578,  910,  810, 1042,  703,  193,  979, 1170,  746,  660],
        [  615,  615,  668,  696,  213,  391,  416,  585,  567,  626,  891,  588,  857,  422,  790,  408,  770,  498,  209,  842,  337,  110,  869,   37,  577,  180,  530,  297, 1073,  280,  527,  598,  595,  495,  116,  844,  956,  872,  750,  378,  154,   90,    0,  445,  162,  818,  408, 1015,  729,  915,  124,  534,   67,  102,  101,  651,  389,  356,  915,  200,  975,  702,  445,  571,   38,  770,  572, 1128,  720,  290,  509,  828,  730,  963,  615,  211,  926, 1087,  669,  640],
        [  221,  221,  571,  437,  375,  354,  594,  799,  345,  277,  534,  803,  573,  306,  365,  456,  336,   60,  550,  419,  543,  343,  425,  411,  191,  532,   94,  566,  800,  517,  108,  338,  268,  110,  436,  526,  642,  719,  389,  347,  305,  485,  445,    0,  388,  414,  684,  807,  459,  549,  458,  578,  484,  413,  488,  508,   85,  460,  767,  306,  657,  306,  177,  292,  465,  478,  554,  880,  277,  554,  217,  589,  481,  674,  696,  330,  504,  832,  410,  223],
        [  593,  593,  754,  732,  320,  469,  557,  738,  607,  625,  895,  741,  891,  273,  691,  515,  723,  447,  368,  806,  208,  106,  801,  161,  474,  340,  456,  450, 1116,  425,  444,  627,  600,  468,  259,  864,  980,  951,  748,  455,  201,  128,  162,  388,    0,  795,  566, 1080,  763,  914,  274,  651,  145,  235,  261,  723,  312,  473,  996,   83,  997,  592,  451,  592,  199,  798,  675, 1180,  659,  441,  519,  877,  772,  998,  745,   68,  891, 1136,  704,  544],
        [  204,  204,  533,  293,  669,  531,  781,  952,  348,  205,  164,  956,  300,  696,  401,  618,  134,  356,  851,   71,  956,  732,  247,  781,  456,  844,  382,  821,  477,  772,  409,  300,  242,  329,  768,  222,  302,  555,  116,  536,  664,  876,  818,  414,  795,    0,  909,  556,  279,  160,  786,  669,  870,  754,  829,  458,  498,  661,  593,  716,  308,  461,  379,  293,  827,  248,  603,  572,  221,  811,  322,  370,  314,  358,  771,  742,  124,  522,  291,  401],
        [  745,  745,  503,  669,  314,  382,  139,  183,  567,  708,  910,  185,  806,  797, 1046,  294,  922,  713,  201,  960,  740,  480, 1056,  406,  866,  229,  777,  124,  970,  169,  790,  614,  671,  665,  312,  831,  916,  694,  805,  378,  428,  483,  408,  684,  566,  909,    0,  858,  700,  941,  294,  306,  455,  339,  308,  537,  672,  250,  722,  579,  935,  987,  569,  617,  372,  750,  382,  992,  910,  136,  603,  741,  682,  895,  307,  601, 1033,  965,  653,  906],
        [  621,  621,  364,  371,  804,  624,  727,  786,  480,  543,  404,  789,  260, 1109,  948,  627,  682,  768,  925,  623, 1282,  981,  801,  983,  940,  935,  834,  842,  162,  811,  865,  473,  542,  698,  914,  336,  277,  165,  477,  638,  886, 1101, 1015,  807, 1080,  556,  858,    0,  350,  425,  921,  554, 1081,  917,  968,  365,  880,  688,  147, 1021,  282,  987,  654,  517, 1003,  342,  483,  138,  755,  837,  595,  220,  327,  212,  573, 1054,  623,  128,  399,  910],
        [  275,  275,  259,   34,  535,  358,  563,  707,  163,  195,  214,  711,  129,  763,  626,  413,  374,  419,  695,  349,  957,  673,  514,  694,  593,  696,  485,  638,  353,  594,  516,  136,  193,  350,  646,  131,  230,  293,  167,  369,  584,  807,  729,  459,  763,  279,  700,  350,    0,  246,  659,  422,  792,  641,  706,  189,  534,  469,  337,  696,  249,  650,  317,  175,  726,   50,  347,  425,  431,  629,  253,  131,   36,  236,  509,  728,  390,  378,   61,  568],
        [  329,  329,  498,  275,  742,  580,  805,  952,  379,  291,   33,  956,  195,  843,  557,  649,  293,  493,  916,  212, 1088,  840,  387,  878,  612,  913,  530,  869,  325,  823,  559,  336,  320,  450,  849,  127,  153,  460,  167,  589,  762,  982,  915,  549,  914,  160,  941,  425,  246,    0,  865,  667,  972,  839,  910,  432,  633,  702,  491,  838,  155,  621,  472,  350,  919,  198,  593,  420,  381,  860,  406,  280,  273,  215,  753,  866,  198,  372,  289,  560],
        [  590,  590,  565,  625,  125,  305,  293,  465,  498,  586,  838,  468,  785,  509,  820,  300,  758,  503,  104,  820,  460,  188,  872,  114,  618,   79,  550,  177,  992,  157,  555,  535,  551,  480,   23,  781,  889,  772,  705,  292,  158,  211,  124,  458,  274,  786,  294,  921,  659,  865,    0,  417,  184,   50,   48,  557,  421,  243,  812,  288,  908,  744,  409,  516,   94,  704,  461, 1039,  722,  169,  467,  746,  655,  889,  493,  308,  902, 1001,  600,  671],
        [  547,  547,  198,  394,  332,  227,  174,  286,  326,  487,  635,  290,  512,  799,  900,  140,  715,  582,  390,  730,  856,  546,  859,  511,  767,  406,  658,  296,  665,  276,  681,  372,  452,  513,  419,  548,  621,  391,  555,  236,  455,  624,  534,  578,  651,  669,  306,  554,  422,  667,  417,    0,  599,  433,  459,  241,  605,  180,  423,  624,  640,  873,  413,  392,  510,  470,   79,  687,  730,  293,  413,  441,  397,  595,  119,  655,  791,  659,  385,  784],
        [  666,  666,  734,  759,  280,  457,  475,  634,  630,  682,  949,  637,  920,  417,  816,  474,  815,  540,  255,  890,  286,  142,  907,   99,  600,  227,  564,  351, 1137,  339,  558,  659,  652,  543,  180,  905, 1018,  939,  806,  443,  211,   29,   67,  484,  145,  870,  455, 1081,  792,  972,  184,  599,    0,  168,  151,  717,  420,  421,  981,  207, 1036,  722,  501,  631,   90,  832,  638, 1193,  760,  345,  567,  893,  794, 1026,  677,  207,  975, 1152,  731,  666],
        [  555,  555,  567,  608,  114,  295,  324,  506,  479,  555,  813,  509,  769,  461,  773,  307,  719,  459,  153,  784,  429,  142,  830,   79,  570,  129,  504,  218,  980,  191,  507,  513,  522,  441,   28,  761,  870,  773,  677,  281,  110,  192,  102,  413,  235,  754,  339,  917,  641,  839,   50,  433,  168,    0,   77,  553,  373,  255,  814,  241,  889,  695,  376,  491,   86,  685,  470, 1032,  680,  209,  436,  735,  640,  874,  518,  263,  867,  993,  581,  624],
        [  631,  631,  611,  673,  172,  353,  326,  486,  545,  629,  884,  489,  832,  512,  846,  346,  796,  536,  108,  860,  434,  190,  907,  106,  641,   80,  579,  201, 1040,  191,  581,  581,  595,  518,   62,  828,  936,  819,  750,  340,  184,  179,  101,  488,  261,  829,  308,  968,  706,  910,   48,  459,  151,   77,    0,  605,  445,  288,  859,  288,  955,  766,  451,  561,   65,  751,  506, 1087,  757,  195,  510,  794,  703,  936,  530,  304,  943, 1049,  647,  697],
        [  391,  391,   77,  167,  440,  260,  399,  523,  168,  313,  399,  527,  272,  790,  760,  270,  533,  488,  569,  525,  928,  622,  677,  619,  678,  576,  564,  495,  443,  458,  593,  195,  289,  412,  550,  310,  382,  229,  342,  274,  526,  737,  651,  508,  723,  458,  537,  365,  189,  432,  557,  241,  717,  553,  605,    0,  566,  331,  275,  670,  400,  760,  335,  235,  639,  235,  164,  483,  570,  488,  296,  205,  160,  359,  322,  704,  575,  447,  168,  672],
        [  305,  305,  623,  510,  359,  379,  597,  802,  408,  358,  618,  806,  652,  230,  403,  474,  413,  143,  520,  500,  459,  281,  490,  358,  198,  499,  145,  550,  880,  504,  139,  407,  346,  189,  399,  607,  724,  784,  472,  370,  264,  417,  389,   85,  312,  498,  672,  880,  534,  633,  421,  605,  420,  373,  445,  566,    0,  468,  831,  230,  739,  323,  232,  363,  413,  556,  591,  957,  347,  538,  285,  662,  554,  754,  721,  251,  584,  910,  482,  253],
        [  496,  496,  327,  436,  154,  132,  135,  339,  324,  459,  671,  343,  585,  639,  812,   62,  673,  480,  238,  711,  677,  369,  809,  332,  649,  247,  550,  170,  774,  128,  567,  369,  422,  425,  242,  599,  694,  534,  559,  130,  281,  446,  356,  460,  473,  661,  250,  688,  469,  702,  243,  180,  421,  255,  288,  331,  468,    0,  573,  451,  713,  765,  325,  369,  334,  518,  219,  813,  666,  161,  354,  532,  456,  683,  275,  481,  784,  778,  416,  680],
        [  608,  608,  248,  345,  702,  529,  596,  642,  423,  526,  463,  645,  299, 1058,  962,  514,  705,  737,  806,  663, 1202,  894,  838,  885,  920,  818,  809,  717,  299,  691,  839,  431,  515,  662,  808,  377,  361,   48,  494,  543,  797, 1003,  915,  767,  996,  593,  722,  147,  337,  491,  812,  423,  981,  814,  859,  275,  831,  573,    0,  945,  373,  985,  599,  477,  899,  350,  358,  284,  767,  713,  550,  223,  304,  302,  430,  978,  681,  272,  367,  901],
        [  514,  514,  708,  666,  300,  425,  551,  742,  544,  550,  819,  746,  823,  224,  613,  485,  641,  366,  389,  725,  262,  100,  719,  183,  396,  362,  374,  457, 1049,  424,  363,  561,  527,  389,  268,  792,  909,  899,  672,  411,  170,  197,  200,  306,   83,  716,  579, 1021,  696,  838,  288,  624,  207,  241,  288,  670,  230,  451,  945,    0,  926,  517,  381,  523,  234,  729,  638, 1117,  577,  447,  448,  814,  707,  929,  725,   34,  809, 1072,  637,  465],
        [  440,  440,  449,  283,  783,  606,  797,  917,  411,  382,  145,  920,  130,  959,  708,  655,  442,  605,  943,  366, 1184,  913,  541,  939,  746,  944,  654,  882,  170,  839,  685,  378,  400,  550,  895,  134,   20,  353,  271,  618,  827, 1050,  975,  657,  997,  308,  935,  282,  249,  155,  908,  640, 1036,  889,  955,  400,  739,  713,  373,  926,    0,  767,  547,  408,  973,  205,  562,  266,  526,  873,  479,  203,  258,   72,  706,  956,  350,  218,  308,  700],
        [  378,  378,  831,  641,  676,  654,  899, 1104,  594,  460,  623, 1108,  729,  361,  114,  757,  328,  291,  842,  418,  664,  592,  295,  674,  126,  821,  216,  868,  933,  819,  199,  567,  475,  361,  721,  660,  758,  940,  512,  648,  586,  713,  702,  306,  592,  461,  987,  987,  650,  621,  744,  873,  722,  695,  766,  760,  323,  765,  985,  517,  767,    0,  460,  525,  729,  647,  838, 1025,  241,  856,  472,  775,  681,  809,  991,  524,  478,  975,  620,   90],
        [  184,  184,  395,  289,  295,  200,  459,  657,  177,  182,  449,  661,  443,  459,  493,  304,  358,  170,  479,  412,  641,  370,  487,  408,  359,  469,  247,  464,  670,  413,  272,  183,  152,  102,  390,  413,  529,  552,  306,  198,  291,  511,  445,  177,  451,  379,  569,  654,  317,  472,  409,  413,  501,  376,  451,  335,  232,  325,  599,  381,  547,  460,    0,  143,  451,  348,  381,  741,  342,  453,   68,  440,  331,  549,  531,  412,  494,  695,  260,  371],
        [  161,  161,  308,  148,  393,  239,  489,  667,   72,   96,  323,  672,  301,  592,  528,  326,  324,  261,  569,  346,  783,  506,  468,  534,  447,  565,  334,  531,  528,  482,  364,   46,   61,  186,  500,  275,  390,  430,  194,  246,  420,  643,  571,  292,  592,  293,  617,  517,  175,  350,  516,  392,  631,  491,  561,  235,  363,  369,  477,  523,  408,  525,  143,    0,  572,  207,  337,  599,  345,  521,   79,  300,  192,  407,  503,  554,  416,  553,  120,  437],
        [  626,  626,  651,  692,  199,  381,  385,  550,  563,  632,  894,  553,  853,  457,  815,  389,  784,  516,  172,  854,  370,  140,  888,   56,  604,  144,  552,  263, 1066,  250,  551,  596,  600,  507,   92,  844,  954,  857,  755,  367,  165,  117,   38,  465,  199,  827,  372, 1003,  726,  919,   94,  510,   90,   86,   65,  639,  413,  334,  899,  234,  973,  729,  451,  572,    0,  768,  551, 1118,  738,  257,  514,  821,  725,  959,  587,  247,  938, 1079,  666,  665],
        [  279,  279,  303,   82,  579,  405,  613,  755,  207,  204,  165,  759,   96,  783,  615,  462,  355,  434,  742,  319,  989,  711,  489,  735,  599,  743,  494,  687,  324,  642,  526,  174,  211,  369,  690,   82,  187,  310,  144,  416,  623,  846,  770,  478,  798,  248,  750,  342,   50,  198,  704,  470,  832,  685,  751,  235,  556,  518,  350,  729,  205,  647,  348,  207,  768,    0,  396,  402,  420,  678,  282,  131,   76,  201,  556,  760,  352,  354,  105,  568],
        [  496,  496,  122,  321,  361,  219,  247,  360,  267,  430,  560,  364,  435,  797,  857,  164,  658,  550,  448,  666,  882,  569,  803,  545,  739,  461,  627,  360,  588,  333,  652,  310,  397,  478,  460,  472,  543,  323,  488,  232,  475,  661,  572,  554,  675,  603,  382,  483,  347,  593,  461,   79,  638,  470,  506,  164,  591,  219,  358,  638,  562,  838,  381,  337,  551,  396,    0,  613,  680,  356,  370,  363,  321,  517,  169,  671,  723,  584,  315,  749],
        [  677,  677,  493,  452,  920,  738,  859,  923,  574,  605,  409,  926,  308, 1185,  972,  751,  704,  835, 1050,  631, 1379, 1086,  807, 1094,  993, 1059,  893,  970,   97,  938,  925,  558,  612,  770, 1031,  367,  271,  301,  516,  751,  992, 1211, 1128,  880, 1180,  572,  992,  138,  425,  420, 1039,  687, 1193, 1032, 1087,  483,  957,  813,  284, 1117,  266, 1025,  741,  599, 1118,  402,  613,    0,  786,  965,  677,  304,  411,  216,  710, 1150,  612,   50,  481,  954],
        [  185,  185,  646,  428,  623,  538,  799,  993,  416,  258,  383,  997,  496,  506,  196,  640,   91,  223,  806,  185,  790,  619,  151,  686,  246,  792,  205,  803,  693,  752,  224,  378,  285,  248,  700,  423,  518,  723,  279,  537,  576,  760,  720,  277,  659,  221,  910,  755,  431,  381,  722,  730,  760,  680,  757,  570,  347,  666,  767,  577,  526,  241,  342,  345,  738,  420,  680,  786,    0,  791,  320,  550,  465,  571,  845,  597,  258,  736,  413,  183],
        [  633,  633,  474,  596,  180,  282,  136,  298,  481,  607,  830,  301,  745,  663,  918,  220,  810,  587,  101,  856,  626,  350,  939,  282,  733,  123,  648,   13,  931,   40,  659,  526,  569,  544,  183,  759,  854,  678,  713,  275,  293,  373,  290,  554,  441,  811,  136,  837,  629,  860,  169,  293,  345,  209,  195,  488,  538,  161,  713,  447,  873,  856,  453,  521,  257,  678,  356,  965,  791,    0,  494,  691,  616,  842,  344,  471,  932,  932,  576,  776],
        [  143,  143,  363,  227,  348,  223,  484,  674,  129,  120,  383,  678,  377,  514,  489,  322,  320,  193,  530,  362,  707,  437,  457,  473,  383,  523,  269,  505,  604,  455,  298,  123,   86,  116,  449,  345,  462,  502,  242,  225,  357,  578,  509,  217,  519,  322,  603,  595,  253,  406,  467,  413,  567,  436,  510,  296,  285,  354,  550,  448,  479,  472,   68,   79,  514,  282,  370,  677,  320,  494,    0,  379,  270,  482,  530,  479,  441,  631,  198,  383],
        [  404,  404,  248,  153,  624,  442,  603,  715,  271,  324,  250,  718,   87,  891,  745,  472,  484,  549,  768,  441, 1075,  783,  615,  794,  722,  773,  615,  698,  246,  659,  646,  257,  323,  480,  736,  158,  185,  186,  273,  455,  690,  910,  828,  589,  877,  370,  741,  220,  131,  280,  746,  441,  893,  735,  794,  205,  662,  532,  223,  814,  203,  775,  440,  300,  821,  131,  363,  304,  550,  691,  379,    0,  109,  155,  504,  846,  462,  261,  181,  695],
        [  305,  305,  228,   44,  531,  352,  544,  681,  166,  223,  240,  685,  131,  783,  660,  398,  409,  443,  686,  384,  969,  679,  549,  695,  621,  689,  511,  625,  345,  582,  542,  149,  217,  372,  643,  152,  239,  260,  202,  364,  588,  810,  730,  481,  772,  314,  682,  327,   36,  273,  655,  397,  794,  640,  703,  160,  554,  456,  304,  707,  258,  681,  331,  192,  725,   76,  321,  411,  465,  616,  270,  109,    0,  234,  481,  739,  424,  366,   72,  598],
        [  465,  465,  400,  268,  765,  585,  757,  866,  397,  397,  198,  869,  107,  979,  758,  623,  490,  626,  917,  421, 1189,  909,  599,  928,  779,  920,  681,  850,  127,  810,  712,  371,  409,  566,  877,  153,   65,  285,  301,  597,  819, 1042,  963,  674,  998,  358,  895,  212,  236,  215,  889,  595, 1026,  874,  936,  359,  754,  683,  302,  929,   72,  809,  549,  407,  959,  201,  517,  216,  571,  842,  482,  155,  234,    0,  653,  961,  413,  167,  296,  738],
        [  661,  661,  258,  486,  427,  344,  208,  216,  435,  597,  720,  219,  583,  909, 1017,  250,  826,  700,  444,  834,  946,  642,  970,  596,  885,  466,  777,  342,  704,  339,  799,  479,  564,  632,  499,  629,  688,  410,  655,  352,  556,  703,  615,  696,  745,  771,  307,  573,  509,  753,  493,  119,  677,  518,  530,  322,  721,  275,  430,  725,  706,  991,  531,  503,  587,  556,  169,  710,  845,  344,  530,  504,  481,  653,    0,  755,  891,  690,  481,  902],
        [  541,  541,  741,  699,  329,  457,  578,  767,  577,  579,  848,  770,  855,  212,  624,  516,  664,  390,  408,  749,  230,  122,  737,  199,  407,  380,  393,  481, 1081,  450,  380,  593,  557,  417,  290,  823,  940,  932,  701,  444,  200,  193,  211,  330,   68,  742,  601, 1054,  728,  866,  308,  655,  207,  263,  304,  704,  251,  481,  978,   34,  956,  524,  412,  554,  247,  760,  671, 1150,  597,  471,  479,  846,  739,  961,  755,    0,  833, 1104,  670,  477],
        [  313,  313,  648,  408,  787,  653,  904, 1074,  471,  326,  220, 1078,  382,  762,  393,  741,  174,  444,  970,   86, 1039,  835,  204,  890,  504,  962,  453,  943,  517,  893,  476,  424,  364,  432,  883,  306,  350,  647,  236,  658,  774,  979,  926,  504,  891,  124, 1033,  623,  390,  198,  902,  791,  975,  867,  943,  575,  584,  784,  681,  809,  350,  478,  494,  416,  938,  352,  723,  612,  258,  932,  441,  462,  424,  413,  891,  833,    0,  566,  410,  438],
        [  627,  627,  463,  406,  881,  699,  830,  905,  530,  556,  360,  908,  259, 1137,  922,  717,  655,  786, 1016,  582, 1334, 1043,  758, 1053,  943, 1023,  844,  938,   51,  904,  875,  512,  564,  722,  993,  318,  222,  282,  466,  712,  950, 1170, 1087,  832, 1136,  522,  965,  128,  378,  372, 1001,  659, 1152,  993, 1049,  447,  910,  778,  272, 1072,  218,  975,  695,  553, 1079,  354,  584,   50,  736,  932,  631,  261,  366,  167,  690, 1104,  566,    0,  435,  904],
