{
    "name": "random-73-19216",
    "comment": "size=73 seed=19216",
    "nodes": ["+0", "-0", "+1", "-1", "+2", "-2", "+3", "-3", "+4", "-4", "+5", "-5", "+6", "-6", "+7", "-7", "+8", "-8", "+9", "-9", "+10", "-10", "+11", "-11", "+12", "-12", "+13", "-13", "+14", "-14", "+15", "-15", "+16", "-16", "+17", "-17", "+18", "-18", "+19", "-19", "+20", "-20", "+21", "-21", "+22", "-22", "+23", "-23", "+24", "-24", "+25", "-25", "+26", "-26", "+27", "-27", "+28", "-28", "+29", "-29", "+30", "-30", "+31", "-31", "+32", "-32", "+33", "-33", "+34", "-34", "+35", "-35", "+36", "-36", "+37", "-37", "+38", "-38", "+39", "-39", "+40", "-40", "+41", "-41", "+42", "-42", "+43", "-43", "+44", "-44", "+45", "-45", "+46", "-46", "+47", "-47", "+48", "-48", "+49", "-49", "+50", "-50", "+51", "-51", "+52", "-52", "+53", "-53", "+54", "-54", "+55", "-55", "+56", "-56", "+57", "-57", "+58", "-58", "+59", "-59", "+60", "-60", "+61", "-61", "+62", "-62", "+63", "-63", "+64", "-64", "+65", "-65", "+66", "-66", "+67", "-67", "+68", "-68", "+69", "-69", "+70", "-70", "+71", "-71", "+72", "-72", "+73", "-73"],
    "precedence": {
        "+0": "-0",
        "+1": "-1",
        "+2": "-2",
        "+3": "-3",
        "+4": "-4",
        "+5": "-5",
        "+6": "-6",
        "+7": "-7",
        "+8": "-8",
        "+9": "-9",
        "+10": "-10",
        "+11": "-11",
        "+12": "-12",
        "+13": "-13",
        "+14": "-14",
        "+15": "-15",
        "+16": "-16",
        "+17": "-17",
        "+18": "-18",
        "+19": "-19",
        "+20": "-20",
        "+21": "-21",
        "+22": "-22",
        "+23": "-23",
        "+24": "-24",
        "+25": "-25",
        "+26": "-26",
        "+27": "-27",
        "+28": "-28",
        "+29": "-29",
        "+30": "-30",
        "+31": "-31",
        "+32": "-32",
        "+33": "-33",
        "+34": "-34",
        "+35": "-35",
        "+36": "-36",
        "+37": "-37",
        "+38": "-38",
        "+39": "-39",
        "+40": "-40",
        "+41": "-41",
        "+42": "-42",
        "+43": "-43",
        "+44": "-44",
        "+45": "-45",
        "+46": "-46",
        "+47": "-47",
        "+48": "-48",
        "+49": "-49",
        "+50": "-50",
        "+51": "-51",
        "+52": "-52",
        "+53": "-53",
        "+54": "-54",
        "+55": "-55",
        "+56": "-56",
        "+57": "-57",
        "+58": "-58",
        "+59": "-59",
        "+60": "-60",
        "+61": "-61",
        "+62": "-62",
        "+63": "-63",
        "+64": "-64",
        "+65": "-65",
        "+66": "-66",
        "+67": "-67",
        "+68": "-68",
        "+69": "-69",
        "+70": "-70",
        "+71": "-71",
        "+72": "-72",
        "+73": "-73"
    },
    "edges": [
        [    0,    0,  230,  415,  498,  119,  469,  529,  763,  774,  777,  672,  179,  368,  492,  480,  504,  863,  807,  425,  253,  396,  664,  337,  544,  254,  598,  775,  663,  488,  163,  836,  256,  410,  244,  504,  715,  338,  467,  110,  330,  775,  492,  273,  571,  498,  709,  530,  399,   97,  366,  590,  340,  196,  539,  621,  189,  333,  572,  564,  132,  185,  224,  139,  371,  390,  336,  647,  912,  839,  627,  288,  985,  367,   95,  444,  204,  180,  380,  519,  840,   94,  648,  180,  624,  363,  528,  355,  241,  570,  597,  789,  716,  827,  802,  250,  546,  672,  667,  379,  250,  272,  484,  332,  606,  736,  854,  211,  478,  618,  293,  441,  846,  473,  195,  296,  650,  579,  522,  110,  684,  281,  863,  786,  744,  381,  215,  358,  771,  722,  343,  994,  480,  342,  529,  649,  498,  454,  276,  830,  260,  670,  476,  371,  363,  644,  581,  584],
        [    0,    0,    0,    0,    0,    0,    0,    0,    0,    0,    0,    0,    0,    0,    0,    0,    0,    0,    0,    0,    0,    0,    0,    0,    0,    0,    0,    0,    0,    0,    0,    0,    0,    0,    0,    0,    0,    0,    0,    0,    0,    0,    0,    0,    0,    0,    0,    0,    0,    0,    0,    0,    0,    0,    0,    0,    0,    0,    0,    0,    0,    0,    0,    0,    0,    0,    0,    0,    0,    0,    0,    0,    0,    0,    0,    0,    0,    0,    0,    0,    0,    0,    0,    0,    0,    0,    0,    0,    0,    0,    0,    0,    0,    0,    0,    0,    0,    0,    0,    0,    0,    0,    0,    0,    0,    0,    0,    0,    0,    0,    0,    0,    0,    0,    0,    0,    0,    0,    0,    0,    0,    0,    0,    0,    0,    0,    0,    0,    0,    0,    0,    0,    0,    0,    0,    0,    0,    0,    0,    0,    0,    0,    0,    0,    0,    0,    0,    0],
        [  230,    0,    0,  300,  644,  268,  369,  387,  603,  589,  844,  798,  230,  524,  282,  380,  315,  767,  785,  521,   39,  243,  442,  181,  461,  415,  446,  887,  597,  311,  391,  766,  102,  495,  467,  436,  689,  543,  573,  304,  549,  853,  623,   97,  411,  517,  824,  332,  171,  175,  253,  629,  559,  411,  532,  403,   92,  124,  597,  365,  348,  181,  184,  368,  436,  591,  483,  643,  767,  726,  741,  130,  850,  510,  263,  512,  422,  251,  237,  665,  813,  146,  508,  261,  487,  401,  468,  508,  465,  348,  369,  685,  660,  669,  901,  133,  596,  452,  728,  150,  476,  306,  459,  295,  377,  754,  749,  416,  253,  660,  448,  287,  697,  251,   78,  146,  479,  519,  400,  225,  456,  510,  808,  840,  766,  510,  437,  263,  872,  545,  534,  861,  637,  503,  316,  420,  459,  269,  128,  922,  249,  524,  626,  526,  359,  479,  414,  409],
        [  415,    0,  300,    0,  562,  512,   70,  119,  353,  386,  633,  662,  259,  483,  226,   80,  173,  469,  502,  398,  265,   78,  393,  124,  164,  420,  189,  723,  301,  139,  557,  467,  398,  365,  567,  149,  407,  750,  449,  522,  623,  652,  522,  204,  171,  299,  671,  211,  285,  319,   51,  411,  633,  607,  282,  338,  251,  376,  369,  235,  462,  469,  192,  522,  305,  614,  441,  381,  497,  433,  596,  420,  572,  455,  495,  355,  518,  274,   70,  578,  526,  332,  233,  283,  210,  252,  183,  469,  567,  485,  393,  389,  366,  416,  720,  433,  396,  390,  520,  300,  587,  226,  207,  130,  449,  501,  454,  488,  284,  440,  432,   75,  432,  413,  255,  436,  254,  228,  108,  477,  450,  641,  511,  614,  516,  436,  616,   59,  697,  326,  548,  582,  573,  476,  492,  451,  193,  143,  422,  732,  180,  257,  552,  484,  180,  243,  187,  201],
        [  498,    0,  644,  562,    0,  598,  553,  655,  844,  917,  360,  181,  416,  130,  771,  557,  732,  768,  567,  168,  640,  613,  950,  601,  548,  245,  712,  292,  570,  699,  467,  691,  719,  200,  353,  505,  516,  622,  125,  555,  312,  339,   50,  608,  714,  328,  227,  770,  763,  483,  549,  306,  313,  534,  393,  895,  554,  768,  332,  795,  385,  680,  480,  444,  257,  213,  165,  429,  921,  789,  157,  754,  955,  135,  572,  224,  346,  394,  594,   22,  602,  521,  717,  384,  698,  310,  495,  143,  356,  974,  931,  734,  580,  889,  332,  727,  267,  949,  295,  759,  373,  363,  417,  439,  971,  432,  780,  311,  806,  312,  206,  633,  880,  880,  568,  766,  789,  517,  613,  604, 1001,  422,  679,  393,  428,  136,  504,  522,  301,  854,  196,  959,   38,  156,  954,  990,  447,  694,  745,  365,  429,  746,   23,  127,  382,  772,  734,  753],
        [  119,    0,  268,  512,  598,    0,  572,  621,  850,  849,  892,  777,  295,  469,  549,  583,  575,  970,  925,  540,  302,  480,  707,  418,  652,  359,  687,  883,  775,  565,  175,  948,  247,  527,  295,  614,  832,  278,  580,   57,  382,  889,  598,  341,  657,  616,  816,  596,  434,  203,  462,  709,  390,  161,  656,  670,  266,  335,  691,  630,  215,  132,  327,  174,  489,  462,  442,  765, 1006,  942,  735,  270, 1083,  473,   27,  562,  271,  298,  467,  620,  958,  181,  742,  298,  719,  482,  639,  458,  292,  569,  627,  895,  830,  916,  912,  223,  664,  718,  784,  409,  292,  389,  599,  443,  622,  855,  959,  293,  519,  736,  398,  526,  938,  478,  267,  272,  732,  691,  620,   44,  715,  299,  978,  903,  862,  490,  197,  458,  881,  801,  427, 1093,  577,  443,  519,  672,  612,  526,  256,  941,  372,  762,  577,  473,  479,  728,  664,  663],
        [  469,    0,  369,   70,  553,  572,    0,  102,  317,  369,  586,  636,  303,  489,  272,   12,  207,  403,  435,  387,  334,  142,  422,  193,   95,  441,  163,  689,  232,  172,  603,  397,  467,  354,  601,   86,  342,  799,  435,  578,  650,  608,  510,  273,  161,  262,  640,  244,  350,  374,  117,  368,  659,  657,  232,  368,  315,  445,  324,  260,  502,  535,  246,  567,  300,  630,  450,  322,  447,  371,  570,  490,  517,  459,  554,  336,  552,  314,  139,  568,  459,  391,  189,  322,  166,  248,  120,  476,  601,  543,  437,  324,  297,  376,  681,  501,  359,  416,  477,  366,  622,  249,  163,  153,  498,  444,  389,  519,  338,  395,  447,  122,  386,  475,  320,  506,  238,  161,   64,  539,  486,  678,  442,  564,  460,  437,  663,  114,  659,  306,  564,  526,  569,  486,  553,  494,  141,  191,  492,  690,  219,  216,  546,  490,  179,  223,  181,  202],
        [  529,    0,  387,  119,  655,  621,  102,    0,  235,  271,  671,  735,  378,  589,  210,  100,  135,  390,  483,  488,  349,  145,  333,  209,  150,  534,   70,  783,  267,  107,  674,  409,  478,  456,  686,  170,  397,  866,  536,  635,  740,  696,  612,  292,   59,  358,  737,  165,  321,  433,  164,  459,  749,  723,  321,  281,  355,  436,  414,  172,  580,  565,  309,  640,  401,  726,  548,  396,  386,  341,  669,  494,  465,  559,  606,  438,  636,  393,  155,  670,  501,  443,  123,  401,  100,  348,  198,  575,  685,  489,  364,  306,  332,  299,  772,  515,  455,  325,  566,  343,  705,  340,  258,  242,  431,  517,  368,  605,  286,  484,  543,  101,  318,  436,  357,  509,  138,  221,   50,  584,  401,  759,  463,  645,  533,  537,  733,  178,  752,  210,  660,  476,  670,  584,  510,  417,  232,  145,  499,  780,  298,  142,  648,  590,  279,  126,   80,  101],
        [  763,    0,  603,  353,  844,  850,  317,  235,    0,  114,  772,  889,  611,  798,  354,  309,  294,  287,  501,  679,  565,  371,  357,  433,  297,  757,  166,  914,  317,  292,  909,  359,  683,  649,  916,  341,  447, 1100,  720,  867,  966,  803,  797,  514,  194,  520,  880,  293,  494,  667,  399,  592,  975,  957,  463,  329,  585,  624,  549,  269,  813,  783,  543,  874,  603,  943,  760,  490,  172,  213,  824,  693,  263,  766,  837,  621,  867,  625,  384,  856,  503,  674,  130,  634,  152,  554,  350,  785,  916,  597,  441,  220,  356,   66,  890,  721,  606,  340,  687,  522,  936,  565,  428,  469,  513,  592,  252,  835,  427,  609,  761,  325,  101,  578,  584,  707,  127,  335,  254,  812,  429,  992,  424,  733,  610,  740,  967,  411,  876,   86,  878,  275,  865,  797,  638,  471,  398,  335,  700,  888,  530,  102,  841,  798,  491,  125,  189,  196],
        [  774,    0,  589,  386,  917,  849,  369,  271,  114,    0,  874,  978,  640,  858,  315,  364,  275,  399,  613,  750,  552,  381,  266,  437,  375,  805,  207, 1010,  420,  287,  928,  473,  657,  718,  951,  414,  554, 1111,  795,  874, 1009,  904,  871,  509,  215,  602,  972,  259,  456,  681,  424,  684, 1018,  970,  550,  250,  588,  588,  640,  227,  841,  767,  564,  896,  668,  996,  818,  590,  251,  325,  912,  661,  342,  827,  839,  695,  901,  657,  398,  930,  616,  682,  208,  666,  223,  616,  430,  844,  950,  521,  361,  334,  465,  142,  989,  695,  693,  247,  784,  484,  970,  610,  504,  512,  430,  698,  364,  873,  377,  704,  814,  338,  190,  518,  585,  674,  133,  425,  307,  808,  334, 1022,  538,  837,  715,  805,  985,  443,  973,   64,  930,  355,  935,  854,  568,  382,  475,  324,  670,  989,  565,  181,  912,  859,  548,  147,  200,  192],
        [  777,    0,  844,  633,  360,  892,  586,  671,  772,  874,    0,  229,  633,  455,  856,  582,  792,  581,  319,  353,  825,  707, 1004,  728,  524,  544,  701,  173,  455,  758,  796,  484,  939,  367,  697,  504,  331,  970,  318,  860,  668,   39,  329,  774,  721,  338,  183,  829,  906,  725,  649,  223,  670,  866,  354,  951,  755,  959,  264,  842,  696,  940,  661,  767,  415,  572,  465,  285,  780,  632,  208,  972,  780,  437,  866,  339,  678,  618,  693,  348,  342,  764,  670,  613,  661,  444,  474,  460,  699, 1115, 1022,  587,  423,  793,  129,  959,  250,  996,  117,  913,  719,  542,  427,  560, 1081,  185,  607,  638,  916,  194,  508,  703,  766, 1034,  768,  986,  772,  458,  622,  885, 1070,  773,  443,   51,  168,  412,  842,  625,  129,  816,  547,  780,  397,  480, 1113, 1079,  445,  774,  967,  118,  596,  695,  379,  453,  491,  752,  743,  768],
        [  672,    0,  798,  662,  181,  777,  636,  735,  889,  978,  229,    0,  569,  308,  884,  637,  834,  754,  513,  280,  788,  725, 1054,  726,  604,  419,  782,  113,  584,  799,  648,  664,  880,  310,  532,  569,  492,  798,  226,  734,  484,  197,  181,  749,  792,  378,   52,  872,  898,  647,  661,  300,  484,  715,  428,  999,  706,  920,  341,  893,  564,  852,  622,  625,  372,  381,  336,  417,  935,  791,   67,  915,  951,  305,  750,  309,  527,  549,  708,  162,  543,  686,  771,  540,  756,  421,  549,  319,  535, 1112, 1049,  740,  574,  925,  159,  892,  285, 1050,  226,  898,  551,  498,  479,  555, 1097,  368,  774,  492,  930,  288,  380,  736,  906, 1022,  720,  928,  858,  555,  688,  780, 1112,  598,  636,  276,  357,  294,  684,  635,  131,  916,  374,  954,  211,  335, 1098, 1109,  507,  803,  907,  195,  563,  799,  204,  305,  488,  840,  814,  836],
        [  179,    0,  230,  259,  416,  295,  303,  378,  611,  640,  633,  569,    0,  299,  400,  313,  387,  687,  631,  295,  225,  264,  583,  223,  370,  198,  447,  661,  485,  363,  300,  657,  313,  271,  313,  328,  538,  498,  346,  287,  378,  637,  393,  200,  427,  328,  597,  421,  356,   98,  216,  430,  387,  355,  363,  532,  139,  353,  406,  453,  203,  311,   82,  265,  218,  391,  257,  473,  750,  667,  514,  347,  818,  283,  272,  295,  263,   23,  245,  437,  664,  133,  489,   35,  465,  196,  350,  283,  312,  563,  541,  616,  538,  673,  678,  329,  389,  587,  518,  348,  331,   98,  306,  157,  570,  570,  679,  238,  414,  459,  226,  304,  687,  467,  153,  361,  509,  401,  361,  273,  620,  383,  685,  635,  579,  281,  360,  200,  649,  582,  328,  827,  411,  281,  539,  598,  319,  339,  340,  701,   85,  514,  398,  301,  185,  500,  441,  449],
        [  368,    0,  524,  483,  130,  469,  489,  589,  798,  858,  455,  308,  299,    0,  677,  495,  647,  767,  604,  146,  523,  523,  860,  502,  505,  116,  652,  416,  558,  616,  346,  702,  594,  164,  242,  458,  535,  515,  147,  427,  226,  442,  133,  497,  647,  315,  350,  684,  653,  358,  461,  339,  231,  415,  380,  806,  436,  647,  348,  712,  257,  551,  371,  320,  196,  156,   44,  448,  896,  776,  272,  629,  942,   34,  443,  205,  226,  276,  503,  152,  639,  395,  668,  266,  647,  244,  458,   16,  244,  861,  830,  720,  583,  850,  450,  600,  291,  860,  367,  646,  264,  265,  380,  355,  866,  485,  773,  187,  704,  355,   78,  550,  847,  766,  450,  640,  726,  491,  552,  475,  905,  321,  702,  480,  485,   64,  388,  436,  419,  795,  103,  948,  115,   27,  837,  889,  409,  604,  619,  482,  328,  697,  109,    4,  311,  712,  666,  682],
        [  492,    0,  282,  226,  771,  549,  272,  210,  354,  315,  856,  884,  400,  677,    0,  277,   76,  584,  691,  613,  248,  160,  184,  178,  352,  593,  232,  948,  476,  104,  653,  615,  343,  581,  703,  358,  603,  821,  666,  581,  775,  876,  735,  220,  193,  524,  895,   62,  142,  408,  225,  636,  785,  685,  503,  134,  305,  274,  593,   89,  584,  456,  319,  625,  519,  789,  634,  593,  526,  525,  819,  347,  616,  653,  542,  576,  653,  421,  178,  790,  710,  398,  301,  432,  287,  467,  390,  662,  701,  279,  168,  500,  541,  417,  946,  381,  621,  188,  744,  171,  718,  413,  430,  334,  227,  715,  557,  635,   79,  663,  614,  153,  454,  233,  297,  359,  229,  424,  253,  507,  230,  762,  671,  835,  731,  640,  706,  251,  922,  282,  724,  628,  778,  665,  303,  226,  412,   83,  356,  957,  350,  304,  759,  679,  397,  236,  182,  164],
        [  480,    0,  380,   80,  557,  583,   12,  100,  309,  364,  582,  637,  313,  495,  277,    0,  211,  392,  426,  390,  345,  152,  424,  203,   85,  449,  158,  688,  222,  176,  613,  387,  478,  358,  610,   81,  334,  810,  437,  589,  658,  605,  513,  283,  158,  261,  640,  247,  358,  385,  128,  365,  667,  667,  229,  370,  326,  455,  321,  261,  512,  547,  257,  577,  305,  637,  456,  316,  437,  360,  570,  500,  506,  464,  565,  339,  562,  324,  149,  571,  450,  402,  181,  331,  158,  253,  114,  482,  610,  549,  442,  313,  287,  367,  679,  512,  358,  418,  474,  375,  631,  258,  161,  162,  503,  438,  378,  528,  345,  392,  454,  129,  376,  483,  331,  516,  233,  153,   58,  550,  489,  688,  431,  559,  454,  442,  673,  126,  657,  301,  571,  515,  573,  492,  561,  498,  138,  197,  502,  688,  229,  208,  550,  496,  185,  218,  179,  200],
        [  504,    0,  315,  173,  732,  575,  207,  135,  294,  275,  792,  834,  387,  647,   76,  211,    0,  510,  618,  569,  278,  126,  221,  169,  280,  572,  159,  892,  402,   36,  662,  540,  390,  537,  698,  290,  530,  840,  621,  601,  764,  814,  693,  235,  119,  466,  842,   39,  204,  414,  186,  574,  774,  700,  439,  166,  316,  332,  531,   67,  583,  495,  307,  631,  476,  768,  604,  524,  464,  453,  768,  399,  552,  620,  565,  527,  648,  407,  146,  749,  636,  411,  228,  418,  213,  423,  322,  632,  697,  354,  232,  426,  466,  359,  887,  429,  563,  218,  683,  230,  715,  383,  368,  294,  297,  646,  485,  625,  153,  601,  589,   99,  392,  307,  312,  413,  168,  352,  180,  534,  280,  763,  596,  769,  662,  604,  717,  212,  864,  230,  702,  564,  742,  637,  378,  288,  348,   51,  407,  897,  325,  233,  721,  648,  351,  171,  111,   98],
        [  863,    0,  767,  469,  768,  970,  403,  390,  287,  399,  581,  754,  687,  767,  584,  392,  510,    0,  267,  625,  730,  526,  634,  587,  319,  768,  352,  746,  212,  491,  979,   99,  862,  603,  948,  359,  263, 1179,  647,  972,  975,  618,  718,  670,  392,  453,  729,  526,  708,  769,  518,  467,  982, 1039,  387,  598,  717,  825,  437,  513,  870,  937,  644,  943,  583,  922,  740,  343,  210,   75,  697,  881,  200,  734,  951,  563,  905,  692,  530,  773,  254,  790,  284,  697,  298,  550,  339,  758,  949,  854,  706,   85,  188,  268,  708,  898,  502,  618,  530,  732,  971,  608,  402,  531,  778,  399,   36,  865,  662,  471,  758,  487,  225,  816,  722,  896,  374,  291,  367,  939,  708, 1032,  156,  534,  414,  703, 1039,  516,  703,  368,  864,  201,  798,  775,  885,  745,  379,  532,  885,  697,  603,  284,  772,  766,  514,  359,  403,  423],
        [  807,    0,  785,  502,  567,  925,  435,  483,  501,  613,  319,  513,  631,  604,  691,  426,  618,  267,    0,  460,  754,  577,  798,  622,  344,  642,  483,  488,  217,  588,  886,  169,  886,  450,  823,  354,   96, 1083,  463,  911,  827,  357,  520,  694,  516,  316,  481,  646,  784,  727,  539,  266,  833,  953,  269,  751,  711,  875,  258,  648,  774,  929,  620,  851,  457,  754,  589,  164,  474,  327,  464,  912,  464,  573,  901,  406,  788,  628,  571,  567,   36,  758,  432,  628,  432,  448,  320,  600,  825,  970,  845,  291,  156,  507,  447,  916,  313,  786,  290,  800,  847,  536,  331,  497,  913,  146,  297,  745,  765,  256,  620,  553,  472,  908,  720,  928,  539,  274,  439,  903,  871,  908,  125,  270,  158,  542,  942,  525,  444,  564,  706,  463,  603,  620,  985,  895,  327,  618,  912,  432,  561,  449,  578,  602,  448,  520,  535,  560],
        [  425,    0,  521,  398,  168,  540,  387,  488,  679,  750,  353,  280,  295,  146,  613,  390,  569,  625,  460,    0,  510,  454,  789,  449,  382,  197,  545,  366,  419,  536,  452,  557,  608,   33,  370,  339,  390,  638,   55,  509,  368,  350,  125,  469,  547,  173,  303,  608,  619,  381,  389,  198,  374,  522,  240,  734,  429,  643,  204,  632,  347,  594,  344,  420,   95,  300,  131,  303,  764,  638,  221,  642,  804,  114,  514,   62,  341,  277,  435,  182,  495,  420,  551,  270,  532,  147,  331,  141,  371,  833,  776,  582,  439,  726,  384,  623,  149,  787,  247,  619,  393,  219,  252,  280,  821,  347,  633,  298,  654,  218,  167,  471,  720,  742,  443,  656,  621,  358,  446,  534,  843,  453,  556,  366,  349,   83,  503,  363,  354,  687,  247,  810,  187,  160,  819,  836,  282,  534,  635,  409,  284,  580,  163,  144,  219,  605,  567,  587],
        [  253,    0,   39,  265,  640,  302,  334,  349,  565,  552,  825,  788,  225,  523,  248,  345,  278,  730,  754,  510,    0,  206,  413,  144,  427,  417,  408,  874,  563,  273,  415,  731,  134,  482,  484,  404,  658,  574,  563,  334,  564,  835,  616,   62,  373,  494,  812,  296,  148,  185,  219,  608,  574,  440,  505,  372,   87,  135,  574,  329,  363,  219,  167,  390,  422,  599,  481,  615,  729,  689,  730,  159,  812,  507,  295,  496,  437,  247,  201,  660,  782,  163,  471,  258,  449,  383,  437,  507,  481,  341,  346,  648,  627,  631,  886,  168,  576,  422,  708,  131,  494,  292,  431,  270,  360,  728,  713,  428,  226,  638,  448,  249,  659,  244,   74,  175,  442,  486,  364,  259,  432,  532,  774,  818,  741,  505,  464,  231,  858,  508,  540,  823,  635,  503,  315,  399,  429,  232,  159,  906,  231,  486,  622,  525,  336,  441,  376,  371],
        [  396,    0,  243,   78,  613,  480,  142,  145,  371,  381,  707,  725,  264,  523,  160,  152,  126,  526,  577,  454,  206,    0,  338,   64,  236,  447,  208,  792,  372,   99,  548,  533,  337,  421,  576,  225,  483,  733,  507,  498,  640,  725,  576,  148,  177,  371,  737,  162,  209,  301,   65,  485,  650,  591,  358,  284,  214,  305,  444,  192,  463,  420,  186,  515,  360,  643,  480,  458,  529,  483,  661,  356,  610,  497,  466,  417,  526,  283,   21,  631,  601,  305,  267,  294,  245,  307,  260,  508,  575,  409,  325,  444,  437,  436,  791,  373,  467,  338,  593,  224,  594,  259,  283,  175,  377,  578,  507,  501,  210,  514,  464,   46,  460,  336,  214,  371,  255,  303,  159,  442,  389,  644,  581,  690,  593,  483,  605,   92,  767,  327,  577,  620,  621,  513,  415,  384,  269,   82,  359,  804,  200,  285,  602,  525,  238,  250,  186,  190],
        [  664,    0,  442,  393,  950,  707,  422,  333,  357,  266, 1004, 1054,  583,  860,  184,  424,  221,  634,  798,  789,  413,  338,    0,  362,  482,  777,  316, 1110,  584,  255,  827,  690,  476,  756,  884,  501,  720,  984,  841,  745,  957, 1027,  912,  397,  287,  683, 1061,  182,  274,  586,  402,  789,  967,  852,  652,   56,  481,  392,  745,  163,  764,  599,  502,  800,  695,  972,  816,  727,  515,  564,  988,  469,  607,  835,  704,  747,  835,  605,  358,  968,  811,  572,  370,  616,  367,  642,  530,  845,  882,  262,  106,  556,  643,  404, 1103,  512,  781,   19,  897,  300,  897,  595,  584,  511,  168,  848,  602,  817,  189,  815,  798,  319,  450,  283,  472,  477,  265,  552,  383,  664,   75,  940,  752,  977,  864,  820,  877,  428, 1081,  271,  908,  619,  958,  848,  316,  117,  562,  257,  481, 1111,  533,  358,  939,  862,  571,  282,  266,  241],
        [  337,    0,  181,  124,  601,  418,  193,  209,  433,  437,  728,  726,  223,  502,  178,  203,  169,  587,  622,  449,  144,   64,  362,    0,  287,  415,  271,  800,  424,  151,  493,  589,  277,  418,  531,  269,  527,  675,  503,  438,  599,  743,  568,   85,  240,  391,  743,  200,  178,  245,   84,  506,  609,  533,  388,  311,  153,  253,  467,  233,  414,  357,  142,  462,  355,  611,  458,  493,  592,  546,  663,  298,  673,  478,  405,  420,  481,  244,   57,  620,  648,  245,  331,  255,  308,  306,  303,  486,  529,  390,  330,  505,  489,  499,  804,  312,  482,  365,  612,  186,  546,  239,  312,  174,  372,  612,  569,  459,  206,  536,  437,  110,  523,  307,  151,  313,  315,  350,  220,  379,  404,  594,  634,  715,  625,  467,  549,  104,  778,  386,  546,  684,  605,  488,  386,  390,  304,  119,  300,  820,  174,  348,  588,  504,  243,  311,  246,  248],
        [  544,    0,  461,  164,  548,  652,   95,  150,  297,  375,  524,  604,  370,  505,  352,   85,  280,  319,  344,  382,  427,  236,  482,  287,    0,  477,  180,  643,  138,  248,  666,  305,  560,  352,  649,   48,  253,  866,  424,  653,  688,  549,  501,  365,  198,  228,  601,  313,  441,  450,  209,  316,  696,  724,  179,  430,  402,  539,  272,  321,  560,  624,  325,  630,  310,  654,  469,  246,  397,  298,  538,  583,  455,  472,  632,  325,  602,  377,  233,  560,  366,  472,  170,  382,  153,  264,   55,  493,  649,  628,  512,  247,  203,  346,  629,  594,  320,  473,  422,  458,  671,  298,  132,  213,  576,  368,  310,  565,  423,  339,  476,  210,  344,  565,  408,  599,  255,   73,  101,  621,  551,  730,  348,  496,  384,  446,  726,  201,  610,  312,  590,  463,  569,  506,  642,  565,  102,  275,  585,  634,  285,  199,  544,  505,  210,  237,  220,  245],
        [  254,    0,  415,  420,  245,  359,  441,  534,  757,  805,  544,  419,  198,  116,  593,  449,  572,  768,  642,  197,  417,  447,  777,  415,  477,    0,  602,  524,  557,  544,  255,  715,  481,  196,  183,  430,  562,  444,  227,  320,  211,  536,  240,  398,  590,  331,  458,  608,  554,  245,  389,  390,  220,  325,  391,  725,  330,  537,  386,  638,  153,  436,  277,  224,  190,  197,   84,  480,  873,  766,  377,  515,  929,  115,  333,  239,  147,  176,  427,  266,  677,  282,  628,  164,  606,  219,  438,  102,  184,  757,  738,  711,  593,  814,  554,  486,  341,  779,  443,  544,  207,  195,  368,  293,  768,  541,  770,  104,  611,  412,   40,  480,  819,  661,  344,  527,  672,  480,  505,  361,  817,  268,  726,  561,  544,  133,  307,  366,  523,  743,  131,  936,  230,   91,  730,  796,  393,  526,  505,  584,  248,  656,  224,  119,  269,  659,  607,  620],
        [  598,    0,  446,  189,  712,  687,  163,   70,  166,  207,  701,  782,  447,  652,  232,  158,  159,  352,  483,  545,  408,  208,  316,  271,  180,  602,    0,  823,  268,  144,  744,  387,  533,  513,  755,  213,  405,  935,  591,  703,  808,  727,  667,  354,   41,  404,  780,  176,  360,  502,  234,  496,  818,  792,  358,  269,  421,  484,  451,  169,  650,  626,  378,  710,  462,  792,  612,  418,  322,  295,  715,  546,  405,  621,  673,  492,  705,  462,  220,  726,  497,  510,   69,  471,   56,  410,  234,  638,  754,  506,  367,  268,  328,  230,  808,  570,  498,  305,  601,  385,  775,  408,  304,  310,  437,  536,  326,  675,  311,  519,  609,  162,  252,  465,  421,  561,   77,  243,  100,  649,  389,  829,  446,  670,  553,  599,  803,  247,  789,  144,  726,  416,  730,  648,  534,  413,  276,  187,  552,  812,  368,   79,  706,  653,  342,   61,   54,   78],
        [  775,    0,  887,  723,  292,  883,  689,  783,  914, 1010,  173,  113,  661,  416,  948,  688,  892,  746,  488,  366,  874,  792, 1110,  800,  643,  524,  823,    0,  600,  857,  759,  651,  973,  393,  644,  614,  488,  910,  316,  842,  596,  134,  285,  831,  838,  428,   67,  930,  976,  744,  729,  328,  595,  826,  465, 1056,  795, 1008,  372,  948,  672,  953,  708,  735,  453,  492,  441,  426,  939,  792,  149, 1008,  945,  410,  856,  382,  637,  642,  775,  273,  513,  783,  803,  634,  790,  496,  590,  426,  647, 1189, 1115,  744,  577,  942,   57,  988,  330, 1105,  227,  978,  663,  583,  527,  627, 1167,  348,  769,  602, 1000,  306,  486,  797,  919, 1102,  809, 1021,  898,  585,  735,  884, 1172,  710,  613,  224,  333,  395,  796,  703,   45,  950,  486,  946,  323,  443, 1179, 1174,  552,  866, 1000,   92,  646,  829,  314,  413,  558,  879,  860,  884],
        [  663,    0,  597,  301,  570,  775,  232,  267,  317,  420,  455,  584,  485,  558,  476,  222,  402,  212,  217,  419,  563,  372,  584,  424,  138,  557,  268,  600,    0,  373,  771,  174,  697,  395,  737,  163,  138,  972,  447,  771,  763,  487,  520,  502,  300,  246,  569,  430,  575,  573,  345,  286,  771,  833,  180,  536,  534,  676,  247,  432,  661,  756,  452,  735,  371,  713,  530,  174,  354,  220,  522,  720,  386,  525,  754,  357,  694,  488,  370,  577,  235,  597,  223,  491,  219,  338,  136,  549,  737,  755,  628,  164,   66,  343,  574,  730,  310,  573,  373,  594,  760,  401,  191,  332,  696,  278,  216,  654,  551,  299,  546,  343,  323,  697,  541,  736,  329,   84,  225,  747,  656,  820,  211,  418,  295,  495,  831,  335,  561,  365,  653,  392,  598,  565,  773,  678,  169,  405,  722,  572,  403,  245,  572,  557,  306,  310,  319,  344],
        [  488,    0,  311,  139,  699,  565,  172,  107,  292,  287,  758,  799,  363,  616,  104,  176,   36,  491,  588,  536,  273,   99,  255,  151,  248,  544,  144,  857,  373,    0,  644,  516,  392,  503,  675,  256,  499,  825,  587,  587,  739,  779,  659,  225,  105,  431,  807,   74,  218,  396,  156,  539,  748,  684,  404,  200,  302,  340,  496,   97,  561,  491,  284,  612,  443,  740,  573,  491,  459,  437,  733,  404,  545,  589,  553,  493,  624,  382,  118,  716,  607,  396,  212,  392,  194,  390,  289,  601,  673,  383,  266,  407,  438,  358,  852,  430,  528,  252,  648,  242,  692,  353,  334,  262,  329,  613,  467,  600,  179,  566,  560,   66,  388,  329,  299,  419,  169,  320,  149,  525,  315,  742,  570,  735,  629,  572,  700,  180,  829,  237,  674,  556,  709,  606,  403,  322,  313,   44,  411,  862,  297,  221,  689,  617,  318,  168,  104,   99],
        [  163,    0,  391,  557,  467,  175,  603,  674,  909,  928,  796,  648,  300,  346,  653,  613,  662,  979,  886,  452,  415,  548,  827,  493,  666,  255,  744,  759,  771,  644,    0,  940,  402,  449,  128,  622,  800,  201,  479,  119,  211,  786,  478,  434,  720,  570,  693,  690,  561,  249,  511,  642,  218,   71,  623,  783,  349,  486,  634,  723,  112,  301,  367,   37,  430,  300,  331,  722, 1049,  964,  617,  430, 1117,  360,  157,  490,  122,  290,  531,  487,  920,  256,  788,  284,  764,  442,  640,  339,  125,  723,  759,  911,  817,  972,  795,  386,  593,  835,  698,  540,  120,  371,  583,  454,  765,  793,  974,  160,  640,  666,  289,  592,  986,  628,  357,  435,  801,  689,  661,  206,  846,  127,  958,  815,  797,  384,   61,  498,  764,  874,  279, 1126,  440,  320,  678,  810,  602,  611,  417,  827,  385,  812,  445,  349,  465,  794,  732,  737],
        [  836,    0,  766,  467,  691,  948,  397,  409,  359,  473,  484,  664,  657,  702,  615,  387,  540,   99,  169,  557,  731,  533,  690,  589,  305,  715,  387,  651,  174,  516,  940,    0,  864,  539,  898,  336,  176, 1140,  574,  944,  916,  522,  641,  669,  425,  389,  637,  561,  729,  746,  513,  386,  923, 1003,  326,  648,  706,  837,  360,  554,  829,  928,  625,  903,  527,  857,  679,  262,  307,  163,  609,  886,  296,  669,  927,  497,  857,  660,  533,  694,  157,  771,  323,  663,  332,  501,  309,  695,  898,  891,  752,  140,  123,  353,  612,  898,  425,  675,  439,  750,  921,  571,  358,  505,  823,  304,  129,  815,  692,  386,  701,  499,  313,  844,  713,  902,  425,  257,  377,  920,  764,  982,   65,  437,  319,  638,  999,  506,  608,  433,  801,  296,  723,  713,  917,  795,  340,  553,  888,  600,  577,  332,  697,  701,  477,  408,  440,  463],
        [  256,    0,  102,  398,  719,  247,  467,  478,  683,  657,  939,  880,  313,  594,  343,  478,  390,  862,  886,  608,  134,  337,  476,  277,  560,  481,  533,  973,  697,  392,  402,  864,    0,  583,  499,  537,  790,  521,  658,  295,  585,  946,  702,  196,  495,  615,  909,  399,  207,  237,  352,  727,  595,  405,  632,  446,  185,   90,  695,  431,  386,  124,  280,  387,  527,  642,  555,  743,  851,  818,  826,   35,  937,  584,  252,  604,  459,  332,  333,  741,  914,  199,  597,  340,  577,  496,  569,  579,  496,  323,  388,  780,  760,  749,  990,   39,  691,  489,  823,  179,  504,  398,  560,  395,  377,  854,  844,  463,  294,  757,  517,  378,  780,  232,  172,   48,  558,  619,  495,  205,  475,  527,  908,  936,  865,  589,  438,  363,  961,  619,  590,  948,  709,  571,  277,  429,  560,  349,   28, 1013,  345,  611,  700,  597,  457,  559,  495,  487],
        [  410,    0,  495,  365,  200,  527,  354,  456,  649,  718,  367,  310,  271,  164,  581,  358,  537,  603,  450,   33,  482,  421,  756,  418,  352,  196,  513,  393,  395,  503,  449,  539,  583,    0,  374,  308,  375,  639,   86,  498,  380,  368,  157,  440,  514,  151,  331,  575,  589,  360,  357,  194,  387,  518,  217,  701,  403,  616,  193,  599,  341,  575,  315,  416,   63,  320,  141,  290,  737,  613,  249,  617,  780,  131,  501,   44,  342,  255,  403,  215,  485,  399,  520,  248,  501,  115,  302,  156,  376,  802,  744,  558,  419,  697,  408,  600,  145,  754,  258,  589,  398,  191,  223,  248,  789,  345,  610,  299,  622,  217,  171,  438,  692,  713,  417,  631,  589,  331,  414,  519,  810,  459,  541,  377,  349,  100,  502,  330,  378,  655,  263,  785,  218,  174,  789,  803,  253,  501,  611,  431,  255,  549,  194,  163,  186,  573,  535,  554],
        [  244,    0,  467,  567,  353,  295,  601,  686,  916,  951,  697,  532,  313,  242,  703,  610,  698,  948,  823,  370,  484,  576,  884,  531,  649,  183,  755,  644,  737,  675,  128,  898,  499,  374,    0,  603,  745,  274,  386,  241,   88,  683,  371,  488,  737,  513,  579,  730,  631,  300,  528,  566,   97,  187,  573,  836,  405,  576,  566,  763,  121,  413,  392,  122,  372,  172,  240,  662, 1043,  943,  507,  531, 1103,  263,  274,  418,   51,  295,  557,  371,  859,  322,  790,  285,  767,  399,  614,  239,    4,  812,  827,  888,  775,  976,  684,  490,  517,  889,  607,  614,   24,  354,  547,  449,  843,  716,  948,   84,  703,  587,  204,  616,  985,  715,  416,  538,  820,  659,  663,  320,  912,   85,  908,  721,  718,  292,  153,  510,  653,  893,  158, 1111,  322,  218,  772,  882,  571,  649,  518,  717,  388,  816,  331,  245,  440,  810,  752,  761],
        [  504,    0,  436,  149,  505,  614,   86,  170,  341,  414,  504,  569,  328,  458,  358,   81,  290,  359,  354,  339,  404,  225,  501,  269,   48,  430,  213,  614,  163,  256,  622,  336,  537,  308,  603,    0,  259,  822,  381,  613,  641,  527,  458,  343,  225,  191,  569,  326,  433,  412,  187,  289,  649,  681,  151,  448,  371,  522,  244,  339,  516,  593,  290,  586,  264,  607,  423,  236,  444,  342,  503,  562,  501,  426,  594,  282,  556,  334,  218,  517,  379,  435,  213,  339,  194,  217,   35,  447,  603,  628,  522,  290,  225,  392,  603,  569,  286,  494,  397,  448,  625,  253,   91,  172,  584,  358,  353,  519,  424,  314,  429,  208,  391,  560,  379,  578,  290,   83,  121,  585,  567,  684,  373,  479,  374,  400,  682,  174,  582,  351,  543,  509,  525,  459,  638,  577,   63,  277,  562,  610,  245,  242,  501,  459,  163,  272,  246,  270],
        [  715,    0,  689,  407,  516,  832,  342,  397,  447,  554,  331,  492,  538,  535,  603,  334,  530,  263,   96,  390,  658,  483,  720,  527,  253,  562,  405,  488,  138,  499,  800,  176,  790,  375,  745,  259,    0,  999,  402,  820,  755,  366,  467,  598,  434,  232,  468,  561,  691,  633,  444,  210,  761,  867,  178,  671,  615,  780,  188,  565,  689,  833,  524,  765,  374,  689,  516,   88,  451,  305,  435,  816,  461,  504,  809,  332,  707,  536,  477,  518,  126,  664,  360,  537,  356,  359,  225,  530,  746,  880,  760,  257,   93,  464,  455,  820,  251,  709,  268,  706,  768,  444,  236,  401,  827,  148,  284,  665,  675,  210,  543,  462,  436,  816,  624,  832,  466,  182,  351,  810,  791,  829,  167,  289,  165,  472,  858,  429,  446,  500,  636,  463,  549,  549,  894,  812,  231,  528,  816,  448,  466,  381,  523,  534,  354,  447,  454,  480],
        [  338,    0,  543,  750,  622,  278,  799,  866, 1100, 1111,  970,  798,  498,  515,  821,  810,  840, 1179, 1083,  638,  574,  733,  984,  675,  866,  444,  935,  910,  972,  825,  201, 1140,  521,  639,  274,  822,  999,    0,  658,  241,  316,  955,  643,  606,  909,  768,  846,  864,  711,  433,  702,  833,  318,  144,  822,  945,  524,  611,  828,  898,  312,  400,  558,  238,  626,  420,  511,  919, 1245, 1163,  778,  541, 1315,  536,  280,  682,  298,  489,  717,  639, 1118,  430,  982,  484,  959,  642,  840,  511,  271,  840,  904, 1111, 1018, 1164,  952,  494,  784,  994,  879,  686,  251,  572,  783,  653,  898,  984, 1174,  341,  795,  855,  472,  778, 1181,  752,  528,  540,  988,  890,  856,  321,  992,  201, 1158,  994,  986,  564,  142,  692,  922, 1059,  427, 1324,  588,  491,  787,  949,  803,  790,  528,  986,  583, 1006,  600,  518,  666,  982,  918,  921],
        [  467,    0,  573,  449,  125,  580,  435,  536,  720,  795,  318,  226,  346,  147,  666,  437,  621,  647,  463,   55,  563,  507,  841,  503,  424,  227,  591,  316,  447,  587,  479,  574,  658,   86,  386,  381,  402,  658,    0,  545,  372,  311,   78,  523,  594,  204,  252,  660,  673,  429,  442,  197,  376,  549,  268,  786,  482,  695,  214,  683,  379,  640,  397,  449,  149,  292,  149,  314,  796,  666,  168,  693,  832,  123,  553,  100,  363,  327,  489,  137,  498,  468,  593,  319,  575,  200,  371,  148,  388,  887,  830,  610,  460,  765,  337,  673,  152,  838,  222,  673,  409,  273,  293,  334,  875,  339,  658,  321,  708,  210,  191,  523,  756,  796,  496,  706,  668,  392,  492,  576,  896,  466,  567,  337,  338,   96,  527,  416,  306,  732,  248,  837,  152,  169,  872,  889,  323,  586,  685,  364,  338,  622,  126,  145,  271,  651,  615,  636],
        [  110,    0,  304,  522,  555,   57,  578,  635,  867,  874,  860,  734,  287,  427,  581,  589,  601,  972,  911,  509,  334,  498,  745,  438,  653,  320,  703,  842,  771,  587,  119,  944,  295,  498,  241,  613,  820,  241,  545,    0,  327,  855,  558,  366,  675,  598,  776,  624,  473,  205,  473,  685,  335,  111,  643,  705,  286,  383,  670,  658,  171,  186,  332,  121,  466,  409,  403,  749, 1019,  948,  696,  321, 1093,  434,   44,  535,  220,  286,  484,  576,  944,  194,  754,  284,  731,  464,  636,  417,  237,  618,  668,  898,  824,  932,  874,  275,  639,  755,  755,  449,  237,  377,  590,  441,  668,  833,  963,  246,  556,  711,  358,  544,  952,  526,  289,  324,  752,  688,  630,   92,  756,  243,  970,  874,  840,  453,  144,  466,  843,  823,  378, 1103,  531,  400,  570,  716,  605,  551,  307,  904,  369,  776,  533,  430,  469,  747,  683,  685],
        [  330,    0,  549,  623,  312,  382,  650,  740,  966, 1009,  668,  484,  378,  226,  775,  658,  764,  975,  827,  368,  564,  640,  957,  599,  688,  211,  808,  596,  763,  739,  211,  916,  585,  380,   88,  641,  755,  316,  372,  327,    0,  650,  340,  563,  794,  528,  533,  798,  710,  379,  587,  564,   11,  260,  591,  908,  482,  661,  571,  830,  202,  500,  458,  208,  393,  105,  240,  669, 1084,  975,  468,  617, 1139,  255,  361,  424,  128,  357,  621,  327,  863,  404,  838,  347,  815,  428,  648,  228,   91,  896,  905,  920,  795, 1024,  640,  577,  515,  962,  589,  694,   91,  401,  576,  499,  923,  710,  977,  141,  780,  580,  217,  677, 1029,  798,  494,  624,  876,  689,  713,  407,  988,  117,  921,  698,  709,  286,  222,  567,  610,  949,  124, 1146,  276,  208,  857,  960,  602,  716,  605,  675,  445,  865,  291,  228,  480,  865,  810,  821],
