{
    "name": "random-57-23062",
    "comment": "size=57 seed=23062",
    "nodes": ["+0", "-0", "+1", "-1", "+2", "-2", "+3", "-3", "+4", "-4", "+5", "-5", "+6", "-6", "+7", "-7", "+8", "-8", "+9", "-9", "+10", "-10", "+11", "-11", "+12", "-12", "+13", "-13", "+14", "-14", "+15", "-15", "+16", "-16", "+17", "-17", "+18", "-18", "+19", "-19", "+20", "-20", "+21", "-21", "+22", "-22", "+23", "-23", "+24", "-24", "+25", "-25", "+26", "-26", "+27", "-27", "+28", "-28", "+29", "-29", "+30", "-30", "+31", "-31", "+32", "-32", "+33", "-33", "+34", "-34", "+35", "-35", "+36", "-36", "+37", "-37", "+38", "-38", "+39", "-39", "+40", "-40", "+41", "-41", "+42", "-42", "+43", "-43", "+44", "-44", "+45", "-45", "+46", "-46", "+47", "-47", "+48", "-48", "+49", "-49", "+50", "-50", "+51", "-51", "+52", "-52", "+53", "-53", "+54", "-54", "+55", "-55", "+56", "-56", "+57", "-57"],
    "precedence": {
        "+0": "-0",
        "+1": "-1",
        "+2": "-2",
        "+3": "-3",
        "+4": "-4",
        "+5": "-5",
        "+6": "-6",
        "+7": "-7",
        "+8": "-8",
        "+9": "-9",
        "+10": "-10",
        "+11": "-11",
        "+12": "-12",
        "+13": "-13",
        "+14": "-14",
        "+15": "-15",
        "+16": "-16",
        "+17": "-17",
        "+18": "-18",
        "+19": "-19",
        "+20": "-20",
        "+21": "-21",
        "+22": "-22",
        "+23": "-23",
        "+24": "-24",
        "+25": "-25",
        "+26": "-26",
        "+27": "-27",
        "+28": "-28",
        "+29": "-29",
        "+30": "-30",
        "+31": "-31",
        "+32": "-32",
        "+33": "-33",
        "+34": "-34",
        "+35": "-35",
        "+36": "-36",
        "+37": "-37",
        "+38": "-38",
        "+39": "-39",
        "+40": "-40",
        "+41": "-41",
        "+42": "-42",
        "+43": "-43",
        "+44": "-44",
        "+45": "-45",
        "+46": "-46",
        "+47": "-47",
        "+48": "-48",
        "+49": "-49",
        "+50": "-50",
        "+51": "-51",
        "+52": "-52",
        "+53": "-53",
        "+54": "-54",
        "+55": "-55",
        "+56": "-56",
        "+57": "-57"
    },
    "edges": [
        [    0,    0,  589,  662, 1224,  417,  859,   57,  593,  874,  482,  372,  435,  606, 1126,  954,  653,  362, 1058, 1081,  983,  422, 1130, 1214,  640,  769,  377,  461,  606,  868,  516,  924,  471, 1132, 1062,  535,  842,  414,  861,  797,  344,  982,  869,  771,  235,  716,  814,  687,  926,  340,  752, 1185, 1103,  553, 1153,   49,  679,  304,  519,  147,  936,  154,  981,  570,  908,  605,  997,  162,  383,  607,  530,  992,  832, 1099,  199, 1115,  909, 1018,  819,  742,  697,  628,  585,  480,  717,  804, 1071,  726,  406,  179,  158,  891,  181,  935,  699,  792,  204,  860,  692,  311, 1140,  728,  901,  774,  351,  738,  675,  941,  565,  214,  770,  745,  565, 1008, 1142,  736],
        [    0,    0,    0,    0,    0,    0,    0,    0,    0,    0,    0,    0,    0,    0,    0,    0,    0,    0,    0,    0,    0,    0,    0,    0,    0,    0,    0,    0,    0,    0,    0,    0,    0,    0,    0,    0,    0,    0,    0,    0,    0,    0,    0,    0,    0,    0,    0,    0,    0,    0,    0,    0,    0,    0,    0,    0,    0,    0,    0,    0,    0,    0,    0,    0,    0,    0,    0,    0,    0,    0,    0,    0,    0,    0,    0,    0,    0,    0,    0,    0,    0,    0,    0,    0,    0,    0,    0,    0,    0,    0,    0,    0,    0,    0,    0,    0,    0,    0,    0,    0,    0,    0,    0,    0,    0,    0,    0,    0,    0,    0,    0,    0,    0,    0,    0,    0],
        [  589,    0,    0,  545,  795,  507,  973,  535,  801,  818,  198,  239,  570,  338,  690,  736,  774,  231,  810,  772,  399,  611,  714,  805,  805,  334,  226,  711,  520,  616,  358,  422,  179,  689,  786,  124,  961,  484,  997,  326,  412,  532,  901,  258,  360,  132,  228,  110,  337,  366,  861,  773,  686,  580,  707,  577,   91,  564,  536,  479,  578,  446,  396,  759,  516,  800,  474,  432,  232,  206,   62,  425,  283,  598,  518,  814,  543,  511,  706,  234,  863,   93,   52,  330,  129,  228,  816,  451,  504,  463,  575,  978,  421,  355,  113,  719,  412,  285,  534,  279,  694,  164,  586,  533,  257,  779,  545,  899,   25,  382,  427,  525,  703,  701,  673,  190],
        [  662,    0,  545,    0,  632,  252,  448,  640,  374,  277,  371,  597,  265,  212,  557,  292,  293,  549,  397,  433,  713,  308,  542,  608,  344,  351,  457,  374,   57,  222,  206,  497,  400,  569,  405,  631,  439,  250,  477,  403,  326,  464,  359,  451,  514,  562,  688,  629,  721,  349,  349,  585,  520,  150,  589,  690,  577,  388,  157,  673,  344,  625,  724,  338,  356,  364,  572,  605,  603,  349,  512,  659,  529,  611,  466,  463,  332,  562,  177,  439,  383,  478,  592,  249,  584,  716,  411,  169,  263,  490,  524,  443,  522,  804,  612,  176,  491,  762,   45,  522,  578,  685,  284,  148,  594,  251,   16,  357,  540,  597,  248,  117,  271,  367,  604,  720],
        [ 1224,    0,  795,  632,    0,  863,  931, 1185,  983,  667,  768,  996,  891,  618,  106,  429,  882,  962,  369,  264,  583,  938,   94,   47,  938,  478,  890, 1005,  679,  419,  710,  382,  790,  108,  323,  918,  933,  852,  968,  472,  888,  264,  802,  539, 1014,  696,  739,  792,  662,  884,  887,   51,  121,  782,   92, 1237,  746, 1000,  783, 1180,  295, 1133,  601,  954,  316,  970,  362, 1114,  994,  647,  815,  492,  537,  245, 1050,  272,  318,  314,  589,  562,  955,  705,  841,  744,  717,  785,  356,  506,  871, 1046, 1116,  898, 1051,  771,  764,  642, 1023,  789,  588,  974,  105,  819,  349,  485, 1005,  788,  617,  700,  811, 1082,  454,  518,  891,  290,  145,  853],
        [  417,    0,  507,  252,  863,    0,  510,  402,  297,  463,  311,  452,   63,  287,  777,  542,  295,  405,  647,  683,  802,  108,  770,  844,  311,  479,  326,  209,  196,  470,  192,  646,  329,  786,  657,  547,  495,   24,  526,  524,  121,  656,  482,  538,  316,  580,  709,  613,  781,  167,  395,  819,  745,  139,  807,  450,  573,  139,  102,  452,  569,  407,  808,  256,  560,  298,  725,  390,  462,  378,  453,  774,  618,  796,  219,  714,  548,  729,  402,  515,  372,  479,  539,  193,  595,  724,  662,  359,   12,  256,  274,  529,  303,  838,  607,  376,  273,  778,  288,  358,  796,  669,  519,  383,  441,  346,  266,  535,  491,  396,  426,  351,  209,  614,  811,  697],
        [  859,    0,  973,  448,  931,  510,    0,  866,  269,  265,  781,  961,  459,  654,  894,  503,  217,  913,  573,  671, 1155,  450,  862,  893,  220,  793,  829,  399,  457,  549,  615,  923,  807,  909,  615, 1038,   18,  529,   38,  844,  631,  856,  131,  898,  822, 1006, 1133, 1066, 1167,  676,  116,  882,  850,  397,  925,  903, 1017,  565,  444,  938,  705,  899, 1167,  290,  748,  256,  992,  884,  970,  790,  930, 1094,  974,  999,  679,  675,  711,  970,  361,  886,  164,  916, 1014,  647, 1026, 1160,  589,  604,  519,  741,  702,   48,  799, 1251, 1052,  315,  771, 1208,  478,  867,  919, 1123,  636,  547,  950,  198,  455,  244,  963,  899,  679,  529,  307,  645,  960, 1156],
        [   57,    0,  535,  640, 1185,  402,  866,    0,  604,  864,  435,  316,  428,  568, 1086,  930,  656,  306, 1033, 1051,  930,  421, 1092, 1177,  647,  725,  326,  472,  585,  840,  482,  878,  422, 1092, 1035,  479,  849,  396,  871,  752,  316,  940,  867,  722,  184,  662,  758,  632,  871,  306,  757, 1148, 1065,  540, 1113,   53,  625,  303,  504,   98,  901,   98,  928,  577,  869,  615,  950,  106,  327,  561,  476,  941,  781, 1054,  191, 1087,  872,  972,  802,  693,  706,  576,  529,  444,  662,  748, 1046,  693,  391,  150,  168,  896,  136,  879,  644,  778,  163,  804,  667,  256, 1100,  672,  868,  744,  294,  735,  652,  933,  510,  158,  733,  716,  566,  978, 1100,  679],
        [  593,    0,  801,  374,  983,  297,  269,  604,    0,  382,  603,  740,  235,  531,  919,  577,  109,  694,  674,  748, 1061,  206,  898,  953,   60,  709,  620,  133,  348,  565,  459,  865,  624,  932,  702,  843,  252,  319,  269,  760,  410,  836,  313,  793,  584,  863,  993,  904, 1053,  459,  176,  934,  879,  245,  951,  638,  862,  310,  277,  682,  708,  646, 1070,   42,  728,   17,  942,  633,  750,  650,  748, 1018,  874,  984,  423,  766,  701,  934,  405,  774,  105,  764,  835,  476,  880, 1012,  691,  540,  302,  489,  438,  306,  551, 1120,  896,  354,  527, 1065,  417,  642,  942,  961,  643,  517,  726,  221,  387,  418,  786,  655,  618,  488,  108,  698,  972,  990],
        [  874,    0,  818,  277,  667,  463,  265,  864,  382,    0,  647,  868,  440,  481,  631,  239,  275,  819,  314,  408,  931,  460,  598,  629,  324,  577,  728,  468,  315,  295,  480,  685,  676,  646,  353,  907,  267,  472,  302,  625,  569,  603,  136,  690,  767,  822,  942,  897,  956,  603,  236,  617,  586,  325,  661,  910,  843,  573,  365,  914,  449,  868,  945,  371,  499,  366,  748,  850,  874,  617,  788,  862,  760,  743,  676,  415,  459,  722,  120,  684,  315,  746,  866,  522,  845,  975,  331,  392,  475,  719,  721,  235,  763, 1050,  878,  101,  732, 1016,  285,  787,  656,  951,  382,  319,  863,  162,  275,   81,  814,  850,  455,  311,  335,  381,  698,  987],
        [  482,    0,  198,  371,  768,  311,  781,  435,  603,  647,    0,  247,  373,  187,  665,  606,  578,  204,  694,  680,  526,  416,  677,  766,  608,  294,  123,  517,  336,  492,  169,  443,   31,  669,  681,  262,  768,  288,  803,  317,  225,  513,  717,  290,  254,  278,  403,  303,  488,  186,  668,  735,  649,  386,  689,  485,  264,  382,  340,  415,  502,  369,  528,  562,  456,  603,  515,  351,  249,  127,  150,  519,  357,  620,  359,  720,  469,  537,  542,  261,  666,  175,  235,  134,  290,  415,  703,  322,  308,  321,  423,  788,  302,  533,  297,  546,  281,  470,  369,  207,  676,  359,  488,  397,  250,  590,  373,  727,  185,  315,  331,  380,  505,  606,  671,  388],
        [  372,    0,  239,  597,  996,  452,  961,  316,  740,  868,  247,    0,  509,  432,  891,  850,  746,   49,  940,  926,  637,  534,  908,  999,  762,  519,  141,  624,  553,  737,  393,  641,  218,  893,  927,  164,  946,  433,  977,  527,  333,  734,  919,  474,  175,  371,  451,  324,  570,  286,  845,  967,  880,  570,  912,  351,  327,  448,  523,  246,  743,  220,  632,  702,  693,  744,  702,  210,   13,  352,  193,  664,  515,  821,  363,  966,  710,  734,  773,  447,  823,  307,  221,  349,  366,  436,  949,  568,  444,  293,  402,  977,  233,  567,  340,  769,  240,  491,  604,   99,  899,  359,  733,  642,   22,  785,  603,  947,  216,  158,  574,  623,  661,  851,  886,  365],
        [  435,    0,  570,  265,  891,   63,  459,  428,  235,  440,  373,  509,    0,  338,  809,  546,  243,  463,  652,  696,  860,   52,  799,  870,  253,  529,  386,  149,  213,  486,  248,  695,  392,  819,  665,  608,  444,   86,  472,  576,  177,  696,  443,  594,  364,  642,  771,  676,  841,  225,  344,  845,  775,  125,  840,  472,  636,  135,  109,  488,  598,  445,  866,  195,  596,  238,  774,  429,  518,  437,  516,  828,  674,  838,  238,  725,  580,  775,  394,  571,  315,  540,  602,  254,  657,  786,  667,  394,   68,  289,  282,  482,  342,  900,  669,  361,  314,  841,  305,  412,  829,  732,  543,  406,  496,  308,  280,  507,  554,  441,  465,  374,  154,  631,  847,  760],
        [  606,    0,  338,  212,  618,  287,  654,  568,  531,  481,  187,  432,  338,    0,  521,  420,  476,  387,  508,  500,  531,  388,  524,  609,  518,  193,  300,  483,  198,  306,  100,  360,  216,  528,  497,  433,  644,  269,  682,  239,  276,  384,  570,  263,  403,  352,  480,  418,  525,  267,  549,  580,  497,  288,  549,  621,  366,  409,  255,  571,  334,  523,  539,  490,  302,  526,  439,  503,  435,  138,  311,  493,  343,  516,  438,  539,  305,  445,  370,  244,  568,  267,  386,  127,  373,  507,  518,  137,  291,  429,  505,  653,  435,  601,  401,  382,  406,  554,  197,  380,  537,  474,  309,  211,  434,  457,  209,  562,  335,  478,  165,  196,  424,  425,  543,  509],
        [ 1126,    0,  690,  557,  106,  777,  894, 1086,  919,  631,  665,  891,  809,  521,    0,  395,  823,  858,  361,  255,  495,  857,   47,  122,  878,  374,  787,  930,  600,  358,  616,  279,  687,   17,  312,  813,  894,  765,  931,  367,  794,  158,  766,  433,  913,  592,  640,  689,  569,  788,  838,   92,   45,  706,   33, 1138,  641,  912,  702, 1078,  213, 1032,  513,  887,  220,  907,  268, 1012,  889,  543,  710,  403,  434,  167,  957,  278,  229,  219,  540,  456,  901,  600,  736,  648,  613,  686,  351,  418,  785,  950, 1023,  865,  952,  679,  660,  591,  925,  693,  512,  871,   26,  717,  277,  409,  901,  736,  542,  674,  705,  979,  359,  440,  822,  252,   77,  751],
        [  954,    0,  736,  292,  429,  542,  503,  930,  577,  239,  606,  850,  546,  420,  395,    0,  470,  804,  106,  174,  753,  584,  360,  392,  526,  432,  714,  627,  348,  121,  468,  496,  636,  411,  126,  845,  505,  542,  540,  471,  615,  391,  374,  547,  794,  703,  807,  792,  794,  633,  462,  379,  350,  423,  425,  981,  736,  676,  443,  958,  237,  909,  769,  554,  300,  562,  546,  889,  853,  532,  723,  674,  603,  520,  758,  190,  257,  513,  173,  550,  534,  650,  787,  512,  727,  846,  121,  289,  554,  781,  816,  472,  809,  898,  768,  224,  777,  878,  264,  789,  420,  840,  181,  209,  851,  367,  280,  280,  739,  875,  316,  228,  499,  144,  465,  878],
        [  653,    0,  774,  293,  882,  295,  217,  656,  109,  275,  578,  746,  243,  476,  823,  470,    0,  699,  566,  643, 1000,  236,  800,  851,   56,  641,  617,  205,  281,  466,  419,  790,  602,  836,  596,  831,  202,  314,  231,  692,  415,  749,  221,  734,  606,  822,  951,  873, 1000,  461,  103,  833,  782,  195,  855,  695,  826,  354,  239,  724,  615,  684, 1010,   99,  640,   93,  865,  668,  755,  605,  727,  950,  814,  897,  467,  660,  610,  852,  299,  718,   92,  726,  813,  445,  841,  974,  583,  462,  303,  526,  495,  241,  583, 1075,  862,  247,  555, 1025,  334,  652,  846,  930,  548,  428,  735,  113,  305,  316,  762,  683,  540,  401,   91,  595,  879,  962],
        [  362,    0,  231,  549,  962,  405,  913,  306,  694,  819,  204,   49,  463,  387,  858,  804,  699,    0,  895,  884,  629,  489,  873,  963,  715,  485,   92,  581,  505,  692,  345,  615,  177,  860,  883,  181,  899,  385,  930,  497,  286,  702,  870,  449,  145,  361,  452,  326,  567,  239,  797,  932,  845,  521,  880,  347,  321,  407,  474,  250,  704,  215,  626,  656,  656,  698,  679,  202,   57,  316,  176,  650,  496,  795,  329,  923,  671,  708,  725,  421,  777,  287,  224,  300,  359,  443,  905,  524,  397,  261,  373,  929,  206,  574,  339,  720,  208,  499,  556,   61,  867,  367,  691,  597,   47,  737,  555,  899,  206,  152,  534,  577,  614,  809,  856,  378],
        [ 1058,    0,  810,  397,  369,  647,  573, 1033,  674,  314,  694,  940,  652,  508,  361,  106,  566,  895,    0,  108,  779,  689,  319,  327,  621,  489,  806,  730,  453,  203,  565,  521,  723,  377,   49,  923,  577,  646,  610,  521,  718,  399,  443,  600,  893,  762,  857,  855,  830,  733,  547,  322,  317,  528,  387, 1084,  800,  781,  548, 1057,  260, 1009,  795,  653,  330,  659,  558,  989,  942,  610,  802,  693,  646,  507,  862,  103,  290,  518,  272,  607,  623,  720,  861,  609,  787,  898,   18,  373,  658,  883,  920,  537,  910,  937,  830,  321,  879,  925,  366,  883,  385,  900,  227,  300,  942,  459,  384,  334,  815,  973,  384,  323,  601,  130,  436,  938],
        [ 1081,    0,  772,  433,  264,  683,  671, 1051,  748,  408,  680,  926,  696,  500,  255,  174,  643,  884,  108,    0,  696,  738,  213,  223,  698,  441,  799,  790,  487,  214,  572,  442,  708,  271,   60,  891,  674,  678,  708,  464,  738,  313,  541,  543,  899,  710,  794,  806,  754,  747,  635,  216,  213,  576,  280, 1103,  752,  820,  589, 1066,  198, 1017,  714,  723,  265,  734,  470,  998,  927,  582,  772,  608,  579,  407,  891,   42,  232,  427,  344,  556,  707,  680,  823,  613,  734,  837,   96,  365,  693,  903,  952,  636,  923,  863,  779,  396,  892,  859,  395,  879,  280,  847,  193,  308,  930,  541,  418,  437,  781,  976,  353,  337,  666,   75,  331,  884],
        [  983,    0,  399,  713,  583,  802, 1155,  930, 1061,  931,  526,  637,  860,  531,  495,  753, 1000,  629,  779,  696,    0,  909,  537,  614, 1045,  363,  608, 1008,  720,  648,  613,  259,  525,  485,  738,  492, 1148,  781, 1187,  312,  745,  384, 1050,  269,  750,  269,  210,  323,   91,  710, 1062,  586,  518,  817,  494,  974,  311,  900,  786,  878,  522,  843,   19, 1020,  454, 1055,  230,  829,  629,  426,  455,   93,  188,  339,  884,  732,  497,  278,  813,  289, 1092,  358,  419,  611,  271,  248,  776,  552,  804,  840,  947, 1144,  808,  190,  301,  849,  794,  228,  679,  674,  484,  314,  573,  615,  655,  961,  704, 1002,  424,  780,  479,  629,  954,  649,  439,  335],
        [  422,    0,  611,  308,  938,  108,  450,  421,  206,  460,  416,  534,   52,  388,  857,  584,  236,  489,  689,  738,  909,    0,  846,  916,  235,  580,  418,  102,  259,  529,  297,  746,  433,  868,  705,  643,  433,  130,  459,  627,  207,  746,  448,  644,  380,  687,  816,  718,  889,  256,  338,  891,  823,  162,  888,  462,  679,  119,  156,  489,  646,  450,  915,  170,  645,  212,  825,  435,  544,  485,  555,  879,  724,  889,  232,  766,  629,  826,  426,  621,  297,  586,  641,  301,  702,  830,  705,  444,  109,  291,  265,  477,  350,  945,  713,  389,  324,  885,  351,  436,  877,  774,  590,  453,  520,  318,  324,  522,  594,  452,  516,  420,  146,  674,  897,  800],
        [ 1130,    0,  714,  542,   94,  770,  862, 1092,  898,  598,  677,  908,  799,  524,   47,  360,  800,  873,  319,  213,  537,  846,    0,   92,  855,  390,  799,  916,  588,  334,  617,  312,  700,   61,  271,  837,  863,  759,  899,  389,  794,  183,  733,  459,  921,  621,  675,  718,  609,  790,  811,   60,   29,  692,   68, 1144,  669,  907,  691, 1088,  202, 1041,  555,  868,  223,  886,  308, 1021,  906,  558,  730,  445,  467,  212,  956,  233,  224,  259,  512,  480,  875,  622,  761,  650,  643,  721,  308,  413,  778,  953, 1022,  832,  958,  719,  690,  564,  930,  731,  498,  883,   68,  749,  259,  395,  917,  710,  527,  638,  728,  990,  360,  427,  804,  217,  122,  784],
        [ 1214,    0,  805,  608,   47,  844,  893, 1177,  953,  629,  766,  999,  870,  609,  122,  392,  851,  963,  327,  223,  614,  916,   92,    0,  907,  481,  889,  980,  657,  392,  699,  400,  790,  130,  281,  928,  895,  835,  930,  480,  876,  274,  763,  550, 1009,  711,  762,  808,  690,  874,  852,   32,  120,  758,  120, 1230,  760,  982,  761, 1176,  279, 1128,  632,  925,  311,  939,  389, 1109,  997,  648,  822,  522,  555,  278, 1037,  228,  306,  340,  555,  572,  921,  714,  852,  734,  733,  807,  313,  492,  854, 1036, 1102,  859, 1043,  799,  780,  608, 1015,  815,  565,  972,  130,  838,  327,  464, 1008,  754,  593,  659,  819, 1079,  445,  496,  863,  256,  178,  872],
        [  640,    0,  805,  344,  938,  311,  220,  647,   60,  324,  608,  762,  253,  518,  878,  526,   56,  715,  621,  698, 1045,  235,  855,  907,    0,  688,  636,  181,  327,  522,  454,  840,  630,  892,  651,  855,  203,  332,  225,  740,  429,  803,  253,  778,  613,  859,  989,  906, 1042,  477,  118,  889,  837,  232,  910,  684,  861,  348,  271,  721,  670,  683, 1055,   71,  693,   44,  916,  669,  771,  643,  756,  998,  858,  950,  461,  715,  664,  905,  354,  761,   62,  762,  842,  477,  877, 1010,  638,  512,  318,  525,  483,  253,  585, 1114,  896,  303,  559, 1062,  386,  665,  902,  964,  603,  481,  749,  164,  356,  358,  792,  687,  591,  454,  104,  651,  934,  994],
        [  769,    0,  334,  351,  478,  479,  793,  725,  709,  577,  294,  519,  529,  193,  374,  432,  641,  485,  489,  441,  363,  580,  390,  481,  688,    0,  416,  672,  362,  314,  290,  168,  314,  376,  461,  455,  786,  461,  825,   52,  458,  219,  691,  116,  546,  274,  376,  367,  380,  440,  699,  449,  362,  465,  396,  776,  312,  600,  440,  709,  245,  663,  375,  669,  182,  702,  247,  645,  517,  170,  343,  310,  184,  332,  618,  482,  210,  256,  458,  119,  732,  242,  384,  307,  298,  414,  493,  190,  484,  598,  685,  783,  590,  475,  341,  489,  566,  448,  317,  499,  383,  412,  263,  259,  528,  599,  342,  651,  345,  609,  123,  269,  602,  373,  377,  449],
        [  377,    0,  226,  457,  890,  326,  829,  326,  620,  728,  123,  141,  386,  300,  787,  714,  617,   92,  806,  799,  608,  418,  799,  889,  636,  416,    0,  514,  413,  604,  253,  558,  102,  791,  796,  226,  815,  305,  847,  435,  211,  634,  782,  398,  143,  343,  453,  334,  557,  163,  713,  858,  771,  435,  811,  374,  313,  350,  387,  295,  623,  251,  608,  581,  579,  623,  627,  234,  147,  246,  164,  616,  456,  737,  293,  838,  591,  653,  633,  369,  697,  252,  239,  208,  348,  453,  816,  436,  319,  237,  349,  843,  200,  581,  339,  629,  188,  510,  464,   84,  798,  384,  606,  507,  138,  649,  463,  807,  203,  194,  452,  487,  534,  724,  791,  403],
        [  461,    0,  711,  374, 1005,  209,  399,  472,  133,  468,  517,  624,  149,  483,  930,  627,  205,  581,  730,  790, 1008,  102,  916,  980,  181,  672,  514,    0,  333,  589,  395,  836,  533,  942,  751,  739,  382,  231,  401,  720,  304,  828,  426,  741,  462,  788,  917,  819,  989,  353,  297,  957,  894,  225,  962,  506,  780,  183,  236,  551,  717,  516, 1014,  112,  724,  145,  915,  504,  635,  585,  655,  975,  822,  973,  292,  814,  703,  914,  459,  719,  236,  687,  740,  401,  803,  931,  746,  525,  210,  361,  305,  433,  424, 1046,  814,  414,  402,  986,  419,  525,  952,  874,  657,  522,  609,  310,  389,  518,  694,  528,  600,  490,  134,  731,  975,  901],
        [  606,    0,  520,   57,  679,  196,  457,  585,  348,  315,  336,  553,  213,  198,  600,  348,  281,  505,  453,  487,  720,  259,  588,  657,  327,  362,  413,  333,    0,  275,  168,  517,  365,  611,  461,  598,  447,  194,  484,  413,  272,  497,  382,  454,  462,  549,  678,  610,  720,  297,  351,  633,  564,  110,  631,  635,  560,  333,  105,  619,  387,  571,  729,  310,  392,  341,  595,  552,  560,  333,  482,  672,  533,  643,  410,  518,  372,  588,  225,  438,  373,  459,  564,  208,  570,  703,  467,  194,  207,  435,  469,  459,  468,  798,  595,  216,  437,  752,   93,  475,  620,  667,  331,  194,  549,  261,   70,  395,  512,  545,  272,  162,  242,  420,  643,  700],
        [  868,    0,  616,  222,  419,  470,  549,  840,  565,  295,  492,  737,  486,  306,  358,  121,  466,  692,  203,  214,  648,  529,  334,  392,  522,  314,  604,  589,  275,    0,  365,  395,  521,  372,  196,  726,  547,  464,  585,  355,  526,  309,  427,  429,  693,  583,  689,  671,  683,  537,  484,  371,  316,  369,  390,  892,  615,  607,  378,  859,  157,  811,  663,  535,  204,  552,  454,  791,  740,  413,  604,  573,  489,  451,  677,  248,  164,  427,  188,  431,  544,  529,  667,  408,  607,  728,  213,  171,  480,  692,  739,  526,  714,  784,  647,  237,  683,  761,  182,  681,  382,  720,   88,   98,  739,  380,  207,  358,  619,  773,  195,  124,  472,  146,  417,  758],
        [  516,    0,  358,  206,  710,  192,  615,  482,  459,  480,  169,  393,  248,  100,  616,  468,  419,  345,  565,  572,  613,  297,  617,  699,  454,  290,  253,  395,  168,  365,    0,  458,  198,  624,  560,  431,  603,  173,  639,  334,  179,  482,  548,  347,  329,  405,  536,  454,  597,  177,  504,  671,  590,  225,  645,  534,  408,  310,  184,  495,  421,  446,  619,  417,  397,  455,  537,  427,  398,  192,  317,  582,  427,  615,  341,  609,  394,  544,  381,  324,  509,  308,  400,   45,  424,  556,  577,  211,  196,  338,  408,  621,  352,  662,  443,  380,  322,  608,  213,  323,  632,  512,  386,  267,  390,  423,  211,  561,  349,  409,  258,  243,  355,  498,  641,  543],
        [  924,    0,  422,  497,  382,  646,  923,  878,  865,  685,  443,  641,  695,  360,  279,  496,  790,  615,  521,  442,  259,  746,  312,  400,  840,  168,  558,  836,  517,  395,  458,    0,  458,  275,  481,  544,  918,  628,  957,  129,  624,  135,  810,  168,  696,  315,  365,  411,  312,  603,  838,  369,  287,  624,  291,  928,  365,  767,  602,  852,  263,  809,  275,  827,  196,  857,   80,  791,  637,  318,  452,  179,  156,  180,  782,  480,  239,   95,  570,  195,  879,  337,  465,  474,  335,  410,  519,  329,  651,  757,  849,  907,  744,  422,  382,  610,  722,  423,  457,  639,  278,  438,  316,  376,  654,  735,  486,  752,  440,  751,  250,  396,  759,  391,  252,  473],
        [  471,    0,  179,  400,  790,  329,  807,  422,  624,  676,   31,  218,  392,  216,  687,  636,  602,  177,  723,  708,  525,  433,  700,  790,  630,  314,  102,  533,  365,  521,  198,  458,    0,  690,  709,  234,  794,  306,  828,  334,  236,  533,  745,  300,  239,  270,  392,  286,  483,  193,  693,  759,  672,  410,  710,  472,  252,  391,  365,  396,  528,  352,  527,  582,  481,  624,  528,  334,  220,  145,  126,  524,  362,  636,  360,  748,  495,  552,  572,  271,  689,  170,  212,  161,  280,  401,  732,  351,  326,  316,  422,  815,  291,  522,  283,  576,  273,  457,  399,  185,  697,  342,  516,  427,  223,  617,  403,  757,  163,  296,  358,  410,  528,  634,  690,  368],
        [ 1132,    0,  689,  569,  108,  786,  909, 1092,  932,  646,  669,  893,  819,  528,   17,  411,  836,  860,  377,  271,  485,  868,   61,  130,  892,  376,  791,  942,  611,  372,  624,  275,  690,    0,  328,  812,  909,  774,  946,  367,  802,  159,  782,  432,  918,  589,  634,  685,  561,  794,  853,  101,   61,  717,   22, 1144,  639,  922,  713, 1082,  225, 1036,  503,  900,  228,  920,  260, 1017,  890,  546,  710,  393,  430,  154,  965,  294,  240,  211,  554,  456,  915,  599,  734,  655,  610,  680,  367,  428,  794,  956, 1031,  880,  957,  670,  656,  605,  931,  686,  524,  874,   10,  712,  290,  421,  903,  750,  554,  690,  705,  983,  367,  452,  835,  268,   61,  746],
        [ 1062,    0,  786,  405,  323,  657,  615, 1035,  702,  353,  681,  927,  665,  497,  312,  126,  596,  883,   49,   60,  738,  705,  271,  281,  651,  461,  796,  751,  461,  196,  560,  481,  709,  328,    0,  902,  618,  654,  652,  489,  720,  356,  485,  568,  889,  733,  823,  827,  791,  732,  583,  275,  269,  543,  338, 1086,  772,  792,  560, 1055,  224, 1006,  755,  680,  294,  688,  515,  986,  929,  590,  782,  651,  611,  460,  869,   64,  256,  474,  298,  578,  657,  696,  837,  603,  757,  865,   40,  360,  667,  886,  929,  579,  909,  899,  801,  349,  878,  890,  371,  875,  337,  871,  201,  293,  930,  491,  391,  379,  793,  968,  362,  320,  624,   91,  388,  908],
        [  535,    0,  124,  631,  918,  547, 1038,  479,  843,  907,  262,  164,  608,  433,  813,  845,  831,  181,  923,  891,  492,  643,  837,  928,  855,  455,  226,  739,  598,  726,  431,  544,  234,  812,  902,    0, 1025,  524, 1059,  449,  436,  655,  978,  380,  325,  240,  295,  170,  418,  387,  924,  896,  809,  642,  830,  514,  190,  575,  595,  407,  697,  383,  485,  802,  637,  845,  593,  373,  153,  314,  123,  532,  400,  718,  506,  932,  663,  631,  800,  357,  915,  215,   80,  394,  228,  275,  930,  557,  541,  441,  553, 1048,  386,  405,  192,  807,  387,  329,  626,  241,  816,  197,  702,  638,  185,  851,  633,  988,  111,  321,  541,  627,  752,  819,  795,  202],
        [  842,    0,  961,  439,  933,  495,   18,  849,  252,  267,  768,  946,  444,  644,  894,  505,  202,  899,  577,  674, 1148,  433,  863,  895,  203,  786,  815,  382,  447,  547,  603,  918,  794,  909,  618, 1025,    0,  514,   39,  837,  616,  853,  134,  890,  807,  995, 1123, 1055, 1159,  661,  102,  883,  850,  384,  925,  886, 1006,  549,  431,  922,  703,  883, 1160,  273,  744,  238,  987,  867,  955,  779,  917, 1088,  967,  996,  662,  679,  708,  967,  359,  877,  147,  905, 1002,  634, 1016, 1150,  593,  597,  504,  724,  685,   62,  783, 1242, 1041,  312,  755, 1198,  470,  852,  919, 1112,  634,  542,  936,  189,  446,  251,  951,  883,  672,  523,  291,  646,  959, 1145],
        [  414,    0,  484,  250,  852,   24,  529,  396,  319,  472,  288,  433,   86,  269,  765,  542,  314,  385,  646,  678,  781,  130,  759,  835,  332,  461,  305,  231,  194,  464,  173,  628,  306,  774,  654,  524,  514,    0,  545,  506,  103,  642,  497,  518,  301,  558,  687,  590,  759,  147,  413,  809,  734,  150,  795,  445,  550,  148,  108,  442,  558,  396,  787,  279,  547,  321,  707,  378,  442,  356,  430,  754,  597,  780,  217,  710,  537,  712,  406,  494,  393,  456,  516,  171,  572,  701,  661,  348,   24,  248,  275,  547,  291,  816,  584,  383,  261,  755,  284,  339,  783,  646,  510,  375,  422,  361,  263,  546,  468,  382,  412,  344,  230,  609,  798,  674],
        [  861,    0,  997,  477,  968,  526,   38,  871,  269,  302,  803,  977,  472,  682,  931,  540,  231,  930,  610,  708, 1187,  459,  899,  930,  225,  825,  847,  401,  484,  585,  639,  957,  828,  946,  652, 1059,   39,  545,    0,  876,  646,  891,  168,  928,  835, 1033, 1161, 1092, 1198,  692,  136,  919,  887,  418,  962,  906, 1043,  572,  465,  945,  741,  907, 1199,  294,  783,  257, 1026,  893,  986,  817,  952, 1127, 1005, 1035,  686,  712,  746, 1005,  397,  916,  165,  942, 1037,  669, 1053, 1187,  626,  636,  534,  749,  705,   79,  809, 1280, 1078,  350,  782, 1235,  509,  883,  956, 1149,  672,  581,  966,  227,  485,  280,  986,  910,  711,  562,  319,  682,  997, 1181],
        [  797,    0,  326,  403,  472,  524,  844,  752,  760,  625,  317,  527,  576,  239,  367,  471,  692,  497,  521,  464,  312,  627,  389,  480,  740,   52,  435,  720,  413,  355,  334,  129,  334,  367,  489,  449,  837,  506,  876,    0,  497,  209,  740,   80,  570,  247,  338,  343,  332,  475,  751,  448,  361,  516,  386,  802,  290,  642,  489,  729,  267,  685,  324,  720,  200,  753,  205,  667,  524,  191,  344,  259,  136,  303,  654,  505,  234,  221,  506,   94,  783,  234,  374,  347,  271,  378,  523,  240,  529,  629,  721,  833,  617,  430,  316,  539,  594,  408,  368,  517,  373,  383,  296,  307,  539,  650,  393,  698,  340,  628,  170,  318,  652,  399,  359,  421],
        [  344,    0,  412,  326,  888,  121,  631,  316,  410,  569,  225,  333,  177,  276,  794,  615,  415,  286,  718,  738,  745,  207,  794,  876,  429,  458,  211,  304,  272,  526,  179,  624,  236,  802,  720,  436,  616,  103,  646,  497,    0,  659,  599,  493,  200,  502,  627,  521,  712,   49,  515,  848,  768,  250,  823,  367,  487,  157,  206,  349,  597,  301,  749,  371,  575,  413,  701,  283,  342,  323,  354,  729,  568,  788,  163,  773,  572,  713,  494,  466,  491,  400,  438,  152,  514,  636,  731,  385,  112,  167,  230,  649,  197,  757,  519,  476,  166,  692,  352,  237,  811,  575,  558,  431,  321,  463,  337,  644,  393,  282,  436,  402,  328,  665,  818,  600],
        [  982,    0,  532,  464,  264,  656,  856,  940,  836,  603,  513,  734,  696,  384,  158,  391,  749,  702,  399,  313,  384,  746,  183,  274,  803,  219,  634,  828,  497,  309,  482,  135,  533,  159,  356,  655,  853,  642,  891,  209,  659,    0,  735,  277,  763,  439,  499,  536,  445,  647,  783,  242,  157,  606,  179,  992,  487,  788,  594,  927,  156,  881,  401,  801,  110,  826,  160,  862,  732,  389,  552,  296,  286,  148,  821,  349,  146,  122,  495,  299,  834,  442,  579,  509,  461,  544,  395,  304,  663,  808,  888,  834,  805,  555,  507,  541,  779,  558,  420,  718,  165,  567,  222,  322,  745,  678,  450,  662,  547,  827,  231,  350,  734,  270,  161,  603],
        [  869,    0,  901,  359,  802,  482,  131,  867,  313,  136,  717,  919,  443,  570,  766,  374,  221,  870,  443,  541, 1050,  448,  733,  763,  253,  691,  782,  426,  382,  427,  548,  810,  745,  782,  485,  978,  134,  497,  168,  740,  599,  735,    0,  800,  797,  920, 1045,  988, 1069,  640,  139,  752,  722,  351,  797,  909,  936,  566,  397,  930,  582,  887, 1063,  316,  629,  297,  876,  870,  927,  708,  864,  985,  873,  876,  677,  545,  590,  852,  242,  791,  222,  836,  946,  585,  942, 1074,  460,  502,  493,  731,  711,  100,  783, 1158,  971,  202,  753, 1119,  381,  831,  791, 1044,  514,  437,  911,  136,  363,  120,  894,  878,  572,  423,  305,  517,  834, 1079],
        [  771,    0,  258,  451,  539,  538,  898,  722,  793,  690,  290,  474,  594,  263,  433,  547,  734,  449,  600,  543,  269,  644,  459,  550,  778,  116,  398,  741,  454,  429,  347,  168,  300,  432,  568,  380,  890,  518,  928,   80,  493,  277,  800,    0,  539,  168,  261,  265,  270,  464,  800,  519,  432,  549,  450,  771,  213,  645,  518,  690,  347,  648,  277,  752,  279,  787,  230,  631,  470,  171,  285,  238,   81,  347,  643,  584,  314,  260,  571,   30,  826,  170,  303,  350,  192,  300,  602,  299,  541,  610,  709,  890,  590,  361,  237,  600,  570,  333,  421,  477,  437,  304,  374,  373,  488,  701,  444,  765,  274,  589,  238,  380,  686,  479,  417,  341],
        [  235,    0,  360,  514, 1014,  316,  822,  184,  584,  767,  254,  175,  364,  403,  913,  794,  606,  145,  893,  899,  750,  380,  921, 1009,  613,  546,  143,  462,  462,  693,  329,  696,  239,  918,  889,  325,  807,  301,  835,  570,  200,  763,  797,  539,    0,  483,  587,  462,  695,  166,  707,  979,  894,  449,  938,  233,  449,  281,  405,  168,  736,  120,  748,  549,  699,  591,  767,  101,  187,  380,  299,  758,  598,  873,  189,  936,  706,  790,  687,  510,  675,  394,  362,  286,  485,  581,  905,  535,  306,  118,  229,  844,   62,  711,  472,  672,   65,  638,  533,   85,  925,  507,  710,  596,  156,  662,  523,  843,  336,   83,  565,  571,  516,  824,  922,  521],
        [  716,    0,  132,  562,  696,  580, 1006,  662,  863,  822,  278,  371,  642,  352,  592,  703,  822,  361,  762,  710,  269,  687,  621,  711,  859,  274,  343,  788,  549,  583,  405,  315,  270,  589,  733,  240,  995,  558, 1033,  247,  502,  439,  920,  168,  483,    0,  131,   98,  215,  462,  900,  680,  595,  628,  605,  706,   52,  659,  588,  610,  513,  575,  266,  821,  446,  860,  356,  561,  364,  217,  187,  294,  163,  483,  628,  751,  479,  397,  704,  156,  913,  103,  161,  389,   25,  155,  766,  434,  579,  579,  688, 1004,  542,  259,   70,  726,  530,  204,  540,  406,  592,  139,  536,  514,  389,  809,  558,  900,  156,  512,  388,  514,  760,  644,  565,  176],
        [  814,    0,  228,  688,  739,  709, 1133,  758,  993,  942,  403,  451,  771,  480,  640,  807,  951,  452,  857,  794,  210,  816,  675,  762,  989,  376,  453,  917,  678,  689,  536,  365,  392,  634,  823,  295, 1123,  687, 1161,  338,  627,  499, 1045,  261,  587,  131,    0,  128,  126,  585, 1028,  731,  651,  758,  648,  798,  142,  783,  719,  696,  600,  666,  199,  951,  530,  991,  379,  654,  441,  347,  290,  274,  215,  506,  744,  833,  568,  427,  824,  261, 1043,  231,  230,  519,  115,   46,  859,  551,  708,  690,  802, 1131,  648,  130,  116,  848,  639,   75,  664,  505,  635,  106,  633,  629,  471,  936,  683, 1019,  252,  603,  497,  632,  890,  733,  599,  127],
        [  687,    0,  110,  629,  792,  613, 1066,  632,  904,  897,  303,  324,  676,  418,  689,  792,  873,  326,  855,  806,  323,  718,  718,  808,  906,  367,  334,  819,  610,  671,  454,  411,  286,  685,  827,  170, 1055,  590, 1092,  343,  521,  536,  988,  265,  462,   98,  128,    0,  248,  475,  957,  777,  692,  679,  701,  671,   56,  673,  636,  569,  609,  539,  316,  863,  542,  903,  447,  528,  314,  281,  171,  369,  257,  575,  626,  847,  575,  490,  781,  251,  963,  152,  103,  430,   76,  120,  859,  515,  610,  569,  682, 1068,  524,  249,   29,  799,  517,  177,  613,  380,  688,   58,  629,  597,  344,  871,  627,  976,  131,  476,  476,  594,  805,  738,  660,   91],
        [  926,    0,  337,  721,  662,  781, 1167,  871, 1053,  956,  488,  570,  841,  525,  569,  794, 1000,  567,  830,  754,   91,  889,  609,  690, 1042,  380,  557,  989,  720,  683,  597,  312,  483,  561,  791,  418, 1159,  759, 1198,  332,  712,  445, 1069,  270,  695,  215,  126,  248,    0,  673, 1068,  661,  588,  811,  572,  913,  247,  869,  776,  814,  570,  782,   77, 1011,  501, 1048,  302,  769,  560,  405,  397,  173,  197,  419,  842,  792,  542,  351,  837,  283, 1092,  314,  349,  588,  210,  160,  829,  568,  782,  793,  902, 1160,  755,  111,  230,  868,  744,  137,  691,  616,  561,  231,  615,  638,  589,  971,  713, 1030,  362,  719,  501,  648,  947,  701,  518,  248],
        [  340,    0,  366,  349,  884,  167,  676,  306,  459,  603,  186,  286,  225,  267,  788,  633,  461,  239,  733,  747,  710,  256,  790,  874,  477,  440,  163,  353,  297,  537,  177,  603,  193,  794,  732,  387,  661,  147,  692,  475,   49,  647,  640,  464,  166,  462,  585,  475,  673,    0,  560,  845,  763,  289,  815,  358,  444,  199,  243,  325,  597,  277,  713,  419,  569,  462,  679,  257,  295,  293,  307,  699,  536,  771,  180,  783,  569,  694,  522,  436,  538,  360,  391,  141,  472,  592,  746,  387,  159,  163,  247,  693,  177,  715,  475,  508,  146,  649,  370,  193,  802,  530,  563,  440,  275,  505,  359,  680,  347,  249,  430,  413,  375,  673,  807,  553],
        [  752,    0,  861,  349,  887,  395,  116,  757,  176,  236,  668,  845,  344,  549,  838,  462,  103,  797,  547,  635, 1062,  338,  811,  852,  118,  699,  713,  297,  351,  484,  504,  838,  693,  853,  583,  924,  102,  413,  136,  751,  515,  783,  139,  800,  707,  900, 1028,  957, 1068,  560,    0,  837,  796,  283,  870,  795,  908,  455,  329,  826,  639,  786, 1073,  186,  673,  161,  910,  770,  854,  683,  817, 1005,  878,  929,  568,  646,  639,  893,  300,  786,   84,  808,  902,  534,  920, 1053,  564,  513,  404,  628,  595,  140,  685, 1149,  944,  248,  657, 1102,  384,  751,  863, 1014,  570,  465,  835,  105,  358,  252,  851,  784,  590,  443,  193,  598,  900, 1046],
        [ 1185,    0,  773,  585,   51,  819,  882, 1148,  934,  617,  735,  967,  845,  580,   92,  379,  833,  932,  322,  216,  586,  891,   60,   32,  889,  449,  858,  957,  633,  371,  671,  369,  759,  101,  275,  896,  883,  809,  919,  448,  848,  242,  752,  519,  979,  680,  731,  777,  661,  845,  837,    0,   88,  735,   95, 1200,  729,  956,  737, 1145,  252, 1098,  604,  905,  280,  920,  360, 1079,  966,  617,  790,  494,  524,  253, 1009,  226,  277,  311,  539,  540,  905,  682,  821,  705,  702,  777,  309,  464,  828, 1007, 1074,  849, 1014,  771,  748,  592,  986,  785,  542,  942,  103,  807,  302,  439,  976,  738,  570,  651,  788, 1048,  416,  472,  842,  240,  154,  842],
        [ 1103,    0,  686,  520,  121,  745,  850, 1065,  879,  586,  649,  880,  775,  497,   45,  350,  782,  845,  317,  213,  518,  823,   29,  120,  837,  362,  771,  894,  564,  316,  590,  287,  672,   61,  269,  809,  850,  734,  887,  361,  768,  157,  722,  432,  894,  595,  651,  692,  588,  763,  796,   88,    0,  670,   75, 1117,  643,  882,  668, 1060,  178, 1013,  536,  848,  196,  867,  288,  994,  878,  530,  703,  426,  441,  200,  930,  238,  198,  240,  497,  453,  859,  595,  734,  623,  617,  697,  308,  387,  754,  926,  996,  821,  930,  698,  663,  548,  903,  708,  476,  855,   70,  723,  238,  372,  889,  694,  505,  630,  700,  962,  333,  404,  784,  208,  119,  759],
