{
    "name": "random-15-16901",
    "comment": "size=15 seed=16901",
    "nodes": ["+0", "-0", "+1", "-1", "+2", "-2", "+3", "-3", "+4", "-4", "+5", "-5", "+6", "-6", "+7", "-7", "+8", "-8", "+9", "-9", "+10", "-10", "+11", "-11", "+12", "-12", "+13", "-13", "+14", "-14", "+15", "-15"],
    "precedence": {
        "+0": "-0",
        "+1": "-1",
        "+2": "-2",
        "+3": "-3",
        "+4": "-4",
        "+5": "-5",
        "+6": "-6",
        "+7": "-7",
        "+8": "-8",
        "+9": "-9",
        "+10": "-10",
        "+11": "-11",
        "+12": "-12",
        "+13": "-13",
        "+14": "-14",
        "+15": "-15"
    },
    "edges": [
        [    0,    0,  257,  673,   94,  264, 1172,  201,  885,  898,  566,  561,  707,  774, 1076,  247,  972,  357,  257,   82,  329,  187, 1008,  597,  665, 1064,  537, 1124,  892,  902,  803,  744],
        [    0,    0,  257,  673,   94,  264, 1172,  201,  885,  898,  566,  561,  707,  774, 1076,  247,  972,  357,  257,   82,  329,  187, 1008,  597,  665, 1064,  537, 1124,  892,  902,  803,  744],
        [  257,  257,    0,  455,  280,  168,  953,  309,  658,  780,  376,  311,  477,  521,  851,   62,  726,  330,  172,  268,  371,   73,  767,  383,  452,  865,  418,  885,  827,  672,  605,  529],
        [  673,  673,  455,    0,  724,  602,  949,  764,  676, 1031,  612,  395,   62,  435,  839,  508,  633,  751,  427,  710,  813,  505,  688,   76,   18,  936,  744,  800, 1144,  677,  738,  635],
        [   94,   94,  280,  724,    0,  227, 1137,  111,  859,  828,  528,  559,  752,  773, 1046,  249,  960,  283,  328,   15,  241,  220,  992,  649,  718, 1021,  476, 1104,  810,  878,  762,  713],
        [  264,  264,  168,  602,  227,    0,  913,  192,  633,  652,  304,  349,  614,  559,  820,  106,  737,  162,  323,  222,  212,  175,  767,  534,  601,  802,  285,  879,  676,  652,  541,  488],
        [ 1172, 1172,  953,  949, 1137,  913,    0, 1071,  300,  546,  610,  663,  897,  517,  111,  935,  324,  899, 1099, 1134,  989, 1019,  269,  955,  964,  163,  697,  195,  735,  289,  380,  428],
        [  201,  201,  309,  764,  111,  192, 1071,    0,  805,  729,  467,  540,  784,  749,  985,  260,  920,  186,  403,  120,  132,  269,  947,  691,  760,  946,  389, 1055,  702,  825,  692,  656],
        [  885,  885,  658,  676,  859,  633,  300,  805,    0,  485,  340,  364,  631,  245,  194,  643,  168,  648,  800,  854,  742,  725,  163,  673,  691,  260,  465,  252,  662,   23,  169,  151],
        [  898,  898,  780, 1031,  828,  652,  546,  729,  485,    0,  432,  638, 1005,  672,  530,  731,  649,  547,  951,  832,  608,  818,  628,  997, 1041,  384,  368,  662,  191,  503,  331,  422],
        [  566,  566,  376,  612,  528,  304,  610,  467,  340,  432,    0,  220,  593,  349,  520,  342,  469,  311,  543,  524,  405,  431,  489,  570,  619,  500,  162,  591,  533,  360,  238,  190],
        [  561,  561,  311,  395,  559,  349,  663,  540,  364,  638,  220,    0,  374,  215,  556,  315,  416,  443,  438,  550,  530,  383,  457,  361,  404,  601,  369,  577,  752,  375,  364,  266],
        [  707,  707,  477,   62,  752,  614,  897,  784,  631, 1005,  593,  374,    0,  387,  788,  526,  578,  757,  469,  739,  825,  533,  634,  122,   79,  890,  734,  744, 1125,  630,  702,  599],
        [  774,  774,  521,  435,  773,  559,  517,  749,  245,  672,  349,  215,  387,    0,  407,  529,  220,  634,  629,  764,  725,  593,  271,  438,  450,  504,  510,  391,  824,  244,  345,  251],
        [ 1076, 1076,  851,  839, 1046,  820,  111,  985,  194,  530,  520,  556,  788,  407,    0,  836,  221,  819,  993, 1041,  911,  918,  168,  845,  854,  169,  623,  136,  720,  181,  302,  333],
        [  247,  247,   62,  508,  249,  106,  935,  260,  643,  731,  342,  315,  526,  529,  836,    0,  725,  268,  225,  239,  312,   90,  762,  437,  505,  838,  366,  879,  770,  660,  577,  508],
        [  972,  972,  726,  633,  960,  737,  324,  920,  168,  649,  469,  416,  578,  220,  221,  725,    0,  778,  845,  953,  873,  797,   57,  648,  649,  365,  612,  172,  828,  148,  336,  295],
        [  357,  357,  330,  751,  283,  162,  899,  186,  648,  547,  311,  443,  757,  634,  819,  268,  778,    0,  480,  287,   95,  330,  799,  686,  752,  767,  206,  899,  537,  669,  520,  497],
        [  257,  257,  172,  427,  328,  323, 1099,  403,  800,  951,  543,  438,  469,  629,  993,  225,  845,  480,    0,  314,  500,  150,  891,  352,  418, 1022,  589, 1012,  994,  812,  766,  683],
        [   82,   82,  268,  710,   15,  222, 1134,  120,  854,  832,  524,  550,  739,  764, 1041,  239,  953,  287,  314,    0,  250,  207,  986,  635,  704, 1019,  477, 1099,  817,  872,  759,  709],
        [  329,  329,  371,  813,  241,  212,  989,  132,  742,  608,  405,  530,  825,  725,  911,  312,  873,   95,  500,  250,    0,  353,  893,  745,  813,  854,  292,  993,  572,  763,  611,  591],
        [  187,  187,   73,  505,  220,  175, 1019,  269,  725,  818,  431,  383,  533,  593,  918,   90,  797,  330,  150,  207,  353,    0,  837,  430,  500,  926,  451,  955,  849,  740,  664,  593],
        [ 1008, 1008,  767,  688,  992,  767,  269,  947,  163,  628,  489,  457,  634,  271,  168,  762,   57,  799,  891,  986,  893,  837,    0,  702,  704,  321,  624,  121,  812,  141,  330,  306],
        [  597,  597,  383,   76,  649,  534,  955,  691,  673,  997,  570,  361,  122,  438,  845,  437,  648,  686,  352,  635,  745,  430,  702,    0,   70,  929,  694,  818, 1099,  676,  717,  614],
        [  665,  665,  452,   18,  718,  601,  964,  760,  691, 1041,  619,  404,   79,  450,  854,  505,  649,  752,  418,  704,  813,  500,  704,   70,    0,  950,  750,  816, 1151,  692,  749,  646],
        [ 1064, 1064,  865,  936, 1021,  802,  163,  946,  260,  384,  500,  601,  890,  504,  169,  838,  365,  767, 1022, 1019,  854,  926,  321,  929,  950,    0,  562,  304,  574,  262,  263,  340],
        [  537,  537,  418,  744,  476,  285,  697,  389,  465,  368,  162,  369,  734,  510,  623,  366,  612,  206,  589,  477,  292,  451,  624,  694,  750,  562,    0,  715,  415,  487,  321,  319],
        [ 1124, 1124,  885,  800, 1104,  879,  195, 1055,  252,  662,  591,  577,  744,  391,  136,  879,  172,  899, 1012, 1099,  993,  955,  121,  818,  816,  304,  715,    0,  851,  231,  402,  403],
        [  892,  892,  827, 1144,  810,  676,  735,  702,  662,  191,  533,  752, 1125,  824,  720,  770,  828,  537,  994,  817,  572,  849,  812, 1099, 1151,  574,  415,  851,    0,  681,  498,  576],
        [  902,  902,  672,  677,  878,  652,  289,  825,   23,  503,  360,  375,  630,  244,  181,  660,  148,  669,  812,  872,  763,  740,  141,  676,  692,  262,  487,  231,  681,    0,  191,  172],
        [  803,  803,  605,  738,  762,  541,  380,  692,  169,  331,  238,  364,  702,  345,  302,  577,  336,  520,  766,  759,  611,  664,  330,  717,  749,  263,  321,  402,  498,  191,    0,  104],
        [  744,  744,  529,  635,  713,  488,  428,  656,  151,  422,  190,  266,  599,  251,  333,  508,  295,  497,  683,  709,  591,  593,  306,  614,  646,  340,  319,  403,  576,  172,  104,    0]
    ]
}
