{
    "name": "random-10-30621",
    "comment": "size=10 seed=30621",
    "nodes": ["+0", "-0", "+1", "-1", "+2", "-2", "+3", "-3", "+4", "-4", "+5", "-5", "+6", "-6", "+7", "-7", "+8", "-8", "+9", "-9", "+10", "-10"],
    "precedence": {
        "+0": "-0",
        "+1": "-1",
        "+2": "-2",
        "+3": "-3",
        "+4": "-4",
        "+5": "-5",
        "+6": "-6",
        "+7": "-7",
        "+8": "-8",
        "+9": "-9",
        "+10": "-10"
    },
    "edges": [
        [    0,    0,  294,  112,  555,  856,  413,  820,  658,  725,  416,  585,  851,  708,  173,  762,  757,  598,  570,  884,  682,  509],
        [    0,    0,  294,  112,  555,  856,  413,  820,  658,  725,  416,  585,  851,  708,  173,  762,  757,  598,  570,  884,  682,  509],
        [  294,  294,    0,  396,  570,  712,  279,  808,  602,  852,  593,  627, 1042,  608,  264,  764,  705,  411,  388,  802,  631,  322],
        [  112,  112,  396,    0,  631,  958,  522,  895,  749,  756,  440,  652,  847,  805,  271,  835,  844,  707,  679,  975,  770,  619],
        [  555,  555,  570,  631,    0,  433,  324,  266,  163,  349,  317,   71,  610,  262,  391,  209,  228,  390,  375,  369,  169,  381],
        [  856,  856,  712,  958,  433,    0,  453,  375,  271,  726,  746,  480, 1000,  174,  687,  398,  257,  306,  326,  195,  273,  391],
        [  413,  413,  279,  522,  324,  453,    0,  537,  325,  653,  476,  391,  887,  332,  259,  499,  428,  188,  160,  525,  354,  108],
        [  820,  820,  808,  895,  266,  375,  537,    0,  219,  387,  535,  249,  654,  276,  655,   64,  137,  517,  515,  204,  190,  552],
        [  658,  658,  602,  749,  163,  271,  325,  219,    0,  474,  479,  211,  746,  103,  487,  196,  104,  304,  300,  227,   30,  334],
        [  725,  725,  852,  756,  349,  726,  653,  387,  474,    0,  316,  280,  275,  574,  611,  339,  471,  739,  724,  586,  462,  725],
        [  416,  416,  593,  440,  317,  746,  476,  535,  479,  316,    0,  293,  450,  573,  332,  471,  539,  626,  602,  680,  486,  575],
        [  585,  585,  627,  652,   71,  480,  391,  249,  211,  280,  293,    0,  544,  313,  429,  186,  250,  460,  445,  389,  208,  451],
        [  851,  851, 1042,  847,  610, 1000,  887,  654,  746,  275,  450,  544,    0,  847,  782,  611,  746,  996,  978,  856,  735,  971],
        [  708,  708,  608,  805,  262,  174,  332,  276,  103,  574,  573,  313,  847,    0,  537,  274,  140,  251,  256,  195,  113,  306],
        [  173,  173,  264,  271,  391,  687,  259,  655,  487,  611,  332,  429,  782,  537,    0,  599,  586,  446,  418,  712,  511,  363],
        [  762,  762,  764,  835,  209,  398,  499,   64,  196,  339,  471,  186,  611,  274,  599,    0,  143,  500,  495,  247,  170,  525],
        [  757,  757,  705,  844,  228,  257,  428,  137,  104,  471,  539,  250,  746,  140,  586,  143,    0,  384,  386,  141,   77,  427],
        [  598,  598,  411,  707,  390,  306,  188,  517,  304,  739,  626,  460,  996,  251,  446,  500,  384,    0,   29,  434,  331,   93],
        [  570,  570,  388,  679,  375,  326,  160,  515,  300,  724,  602,  445,  978,  256,  418,  495,  386,   29,    0,  444,  328,   67],
        [  884,  884,  802,  975,  369,  195,  525,  204,  227,  586,  680,  389,  856,  195,  712,  247,  141,  434,  444,    0,  207,  499],
        [  682,  682,  631,  770,  169,  273,  354,  190,   30,  462,  486,  208,  735,  113,  511,  170,   77,  331,  328,  207,    0,  363],
        [  509,  509,  322,  619,  381,  391,  108,  552,  334,  725,  575,  451,  971,  306,  363,  525,  427,   93,   67,  499,  363,    0]
    ]
}
