{
    "name": "random-95-32169",
    "comment": "size=95 seed=32169",
    "nodes": ["+0", "-0", "+1", "-1", "+2", "-2", "+3", "-3", "+4", "-4", "+5", "-5", "+6", "-6", "+7", "-7", "+8", "-8", "+9", "-9", "+10", "-10", "+11", "-11", "+12", "-12", "+13", "-13", "+14", "-14", "+15", "-15", "+16", "-16", "+17", "-17", "+18", "-18", "+19", "-19", "+20", "-20", "+21", "-21", "+22", "-22", "+23", "-23", "+24", "-24", "+25", "-25", "+26", "-26", "+27", "-27", "+28", "-28", "+29", "-29", "+30", "-30", "+31", "-31", "+32", "-32", "+33", "-33", "+34", "-34", "+35", "-35", "+36", "-36", "+37", "-37", "+38", "-38", "+39", "-39", "+40", "-40", "+41", "-41", "+42", "-42", "+43", "-43", "+44", "-44", "+45", "-45", "+46", "-46", "+47", "-47", "+48", "-48", "+49", "-49", "+50", "-50", "+51", "-51", "+52", "-52", "+53", "-53", "+54", "-54", "+55", "-55", "+56", "-56", "+57", "-57", "+58", "-58", "+59", "-59", "+60", "-60", "+61", "-61", "+62", "-62", "+63", "-63", "+64", "-64", "+65", "-65", "+66", "-66", "+67", "-67", "+68", "-68", "+69", "-69", "+70", "-70", "+71", "-71", "+72", "-72", "+73", "-73", "+74", "-74", "+75", "-75", "+76", "-76", "+77", "-77", "+78", "-78", "+79", "-79", "+80", "-80", "+81", "-81", "+82", "-82", "+83", "-83", "+84", "-84", "+85", "-85", "+86", "-86", "+87", "-87", "+88", "-88", "+89", "-89", "+90", "-90", "+91", "-91", "+92", "-92", "+93", "-93", "+94", "-94", "+95", "-95"],
    "precedence": {
        "+0": "-0",
        "+1": "-1",
        "+2": "-2",
        "+3": "-3",
        "+4": "-4",
        "+5": "-5",
        "+6": "-6",
        "+7": "-7",
        "+8": "-8",
        "+9": "-9",
        "+10": "-10",
        "+11": "-11",
        "+12": "-12",
        "+13": "-13",
        "+14": "-14",
        "+15": "-15",
        "+16": "-16",
        "+17": "-17",
        "+18": "-18",
        "+19": "-19",
        "+20": "-20",
        "+21": "-21",
        "+22": "-22",
        "+23": "-23",
        "+24": "-24",
        "+25": "-25",
        "+26": "-26",
        "+27": "-27",
        "+28": "-28",
        "+29": "-29",
        "+30": "-30",
        "+31": "-31",
        "+32": "-32",
        "+33": "-33",
        "+34": "-34",
        "+35": "-35",
        "+36": "-36",
        "+37": "-37",
        "+38": "-38",
        "+39": "-39",
        "+40": "-40",
        "+41": "-41",
        "+42": "-42",
        "+43": "-43",
        "+44": "-44",
        "+45": "-45",
        "+46": "-46",
        "+47": "-47",
        "+48": "-48",
        "+49": "-49",
        "+50": "-50",
        "+51": "-51",
        "+52": "-52",
        "+53": "-53",
        "+54": "-54",
        "+55": "-55",
        "+56": "-56",
        "+57": "-57",
        "+58": "-58",
        "+59": "-59",
        "+60": "-60",
        "+61": "-61",
        "+62": "-62",
        "+63": "-63",
        "+64": "-64",
        "+65": "-65",
        "+66": "-66",
        "+67": "-67",
        "+68": "-68",
        "+69": "-69",
        "+70": "-70",
        "+71": "-71",
        "+72": "-72",
        "+73": "-73",
        "+74": "-74",
        "+75": "-75",
        "+76": "-76",
        "+77": "-77",
        "+78": "-78",
        "+79": "-79",
        "+80": "-80",
        "+81": "-81",
        "+82": "-82",
        "+83": "-83",
        "+84": "-84",
        "+85": "-85",
        "+86": "-86",
        "+87": "-87",
        "+88": "-88",
        "+89": "-89",
        "+90": "-90",
        "+91": "-91",
        "+92": "-92",
        "+93": "-93",
        "+94": "-94",
        "+95": "-95"
    },
    "edges": [
        [    0,    0,  692,  558,  413,  746,  193,  273,  277,  539,  850,  585,  603,  596,  450,  317,  247,  381,  249,  433,  217,  328,  473,  279,  148,  324,  510,  196,  273,  460,  371,   85,  332,  662,  554,  312,  424,  364,  676,  384,  626,  421,  288,  471,  178,  447,  365,  428,   41,  597,  629,  217,  406,  336,  500,  596,  192,  598,  412,  165,  491,  193,  520,   91,  569,  413,  824,  415,  327,  436,  337,  512,  695,  227,  224,  380,  410,  593,  331,  509,  521,  687,  227,  774,  574,  476,  680,  505,  616,  545,  503,  420,  391,  485,  143,  744,  338,  627,  211,  203,  420,  389,  532,  650,  298,  296,  520,  703,  268,  323,  641,  266,  742,  147,  513,  508,  302,  320,  351,  498,  780,  259,  300,  345,  347,   92,  251,  164,  213,  490,  702,  634,  300,   79,  483,  590,  545,  407,  721,  475,  510,  275,  159,  417,   91,  445,  415,  608,  442,  486,  376,  355,  465,  320,  584,  257,  580,  274,  523,  360,  194,  789,  169,  198,   53,  316,  474,  283,  158,  323,  451,  327,  522,   78,  510,  360,  463,  571,  619,  389,   67,  428,  528,  484,  224,  386,  373,  514,  220,  536,  350,  543],
        [    0,    0,    0,    0,    0,    0,    0,    0,    0,    0,    0,    0,    0,    0,    0,    0,    0,    0,    0,    0,    0,    0,    0,    0,    0,    0,    0,    0,    0,    0,    0,    0,    0,    0,    0,    0,    0,    0,    0,    0,    0,    0,    0,    0,    0,    0,    0,    0,    0,    0,    0,    0,    0,    0,    0,    0,    0,    0,    0,    0,    0,    0,    0,    0,    0,    0,    0,    0,    0,    0,    0,    0,    0,    0,    0,    0,    0,    0,    0,    0,    0,    0,    0,    0,    0,    0,    0,    0,    0,    0,    0,    0,    0,    0,    0,    0,    0,    0,    0,    0,    0,    0,    0,    0,    0,    0,    0,    0,    0,    0,    0,    0,    0,    0,    0,    0,    0,    0,    0,    0,    0,    0,    0,    0,    0,    0,    0,    0,    0,    0,    0,    0,    0,    0,    0,    0,    0,    0,    0,    0,    0,    0,    0,    0,    0,    0,    0,    0,    0,    0,    0,    0,    0,    0,    0,    0,    0,    0,    0,    0,    0,    0,    0,    0,    0,    0,    0,    0,    0,    0,    0,    0,    0,    0,    0,    0,    0,    0,    0,    0,    0,    0,    0,    0,    0,    0,    0,    0,    0,    0,    0,    0],
        [  692,    0,    0,  861,  693,   86,  848,  685,  429,  233,  158,  129,  597,  192,  749,  697,  733,  861,  578,  398,  868,  366,  749,  965,  836, 1004,  490,  498,  521,  777,  324,  621,  673,  752,  851, 1002,  884,  329,  141, 1045,   69,  557,  467,  387,  516,  279,  868,  504,  727,  824,  803,  673,  688,  383,  423,  219,  543,  279,  848,  566,  714,  882,  859,  675,  764,  542,  134,  282,  624,  673,  432,  532,   55,  466,  512,  403, 1101,  204,  678,  550,  446,  875,  884,  104,  351,  411,  207,  291,  533,  473,  678,  723,  563,  796,  586,  145,  914,  442,  886,  605,  635,  597,  387,  752,  441,  602,  745,  101,  937,  729,   64,  662,   94,  757,  634,  243,  568,  860,  787,  216,   88,  453,  945,  355,  768,  778,  896,  855,  535,  289,  138,  329,  536,  725,  289,  380,  148,  679,  125,  665,  574,  634,  826,  726,  716,  795,  504,  406, 1131,  396, 1068,  958,  590, 1011,  457,  560,  193,  598,  400,  957,  726,  112,  684,  639,  710,  377,  606,  747,  849,  697,  436, 1015,  174,  640,  538,  340, 1152,  313,  301,  337,  704,  627,  571,  315,  754, 1053, 1026,  320,  529,  182,  570,  473],
        [  558,    0,  861,    0,  955,  944,  469,  823,  545,  857,  985,  735,  323,  892,  999,  867,  804,  936,  376,  467,  726,  614,  117,  575,  617,  569,  380,  564,  412,  105,  675,  514,  249,  226, 1109,  624,  979,  661,  935,  829,  801,  307,  734,  885,  591,  603,  249,  358,  582,   83, 1171,  768,  947,  542,  442,  652,  467,  603,  172,  473,  147,  638, 1077,  645,  123,  323,  954,  702,  284,  193,  767,  992,  827,  588,  471,  479,  746,  664,  877,  996,  964,  153,  475,  964,  963,  904,  976,  570,  393,  408, 1032,  968,  307, 1039,  649,  811,  341,  483,  687,  396,  946,  907,  484,  212,  491,  321,  120,  802,  512,  237,  798,  308,  949,  700, 1028,  827,  813,  869,  212,  661,  924,  669,  458,  679,  904,  602,  452,  599,  454,  574,  953, 1004,  795,  634,  833,  992,  750,  198,  958,  196,  296,  812,  493,  965,  648, 1001,  893, 1020,  781,  906,  677,  387,  272,  641,  443,  763,  874,  799,  469,  879,  366,  971,  391,  739,  510,  633,  986,  841,  601,  245,  426,  712,  718,  612,  332,  598,  794,  940,  596,  562,  625,  951,  306,  547,  782,  545,  500,  543,  452,  687,  860,  408],
        [  413,    0,  693,  955,    0,  701,  585,  143,  482,  463,  828,  650,  913,  515,   59,  101,  191,  209,  594,  670,  383,  460,  856,  608,  448,  657,  791,  417,  581,  852,  440,  441,  711, 1014,  177,  611,  212,  448,  598,  505,  649,  743,  279,  311,  382,  588,  777,  725,  405,  980,  217,  197,    8,  530,  749,  727,  502,  763,  821,  489,  861,  471,  170,  323,  941,  729,  815,  462,  689,  801,  287,  210,  726,  409,  512,  613,  636,  715,   82,  193,  283, 1068,  611,  728,  387,  292,  561,  676,  898,  813,  102,   31,  720,  108,  307,  809,  745,  868,  434,  563,   62,   97,  759, 1004,  540,  651,  894,  757,  631,  719,  674,  649,  690,  311,  136,  451,  161,  255,  757,  599,  771,  340,  681,  408,  125,  418,  640,  481,  521,  658,  622,  446,  192,  354,  405,  378,  582,  779,  647,  832,  827,  144,  548,   35,  336,  103,  190,  374,  649,  308,  647,  753,  796,  608,  839,  205,  507,  161,  758,  361,  602,  745,  568,  218,  465,  430,  122,  165,  473,  711,  710,  556,  581,  346,  813,  504,  668,  413,  793,  561,  354,   74,  842,  669,  228,  733,  738,  704,  526,  625,  133,  811],
        [  746,    0,   86,  944,  701,    0,  910,  710,  493,  241,  129,  210,  682,  186,  754,  716,  762,  881,  651,  479,  910,  424,  831, 1022,  887, 1063,  574,  554,  594,  859,  376,  680,  751,  837,  849, 1057,  900,  383,  106, 1085,  145,  639,  500,  390,  569,  354,  943,  586,  779,  908,  789,  705,  697,  453,  507,  304,  609,  365,  926,  630,  798,  932,  861,  720,  849,  624,  121,  332,  702,  755,  460,  522,  133,  521,  579,  480, 1151,  290,  696,  541,  435,  960,  947,   30,  333,  411,  163,  375,  618,  558,  673,  731,  644,  799,  630,  209,  985,  526,  932,  675,  640,  606,  472,  837,  511,  678,  829,  176,  998,  806,  148,  736,   14,  797,  626,  261,  591,  887,  864,  291,   87,  497, 1009,  402,  786,  829,  960,  908,  602,  371,   88,  297,  560,  771,  304,  357,  212,  760,   64,  749,  659,  658,  886,  735,  761,  803,  511,  379, 1180,  395, 1122, 1027,  674, 1066,  542,  589,  195,  624,  485,  988,  795,   46,  752,  673,  768,  431,  603,  772,  901,  774,  519, 1064,  242,  689,  623,  405, 1201,  297,  386,  410,  752,  631,  656,  398,  786, 1115, 1091,  404,  598,  260,  585,  558],
        [  193,    0,  848,  469,  585,  910,    0,  442,  419,  719, 1004,  730,  617,  774,  612,  484,  400,  500,  305,  524,  267,  486,  419,  136,  159,  163,  559,  358,  355,  391,  539,  233,  311,  630,  704,  186,  543,  529,  850,  363,  779,  450,  479,  662,  353,  581,  229,  479,  184,  529,  796,  390,  578,  469,  572,  716,  306,  704,  299,  282,  453,  171,  663,  272,  519,  449,  976,  582,  334,  413,  527,  703,  842,  393,  340,  483,  311,  717,  503,  698,  714,  616,   38,  937,  764,  668,  860,  618,  651,  598,  680,  586,  421,  640,  335,  877,  167,  689,  222,  261,  601,  575,  612,  615,  416,  322,  472,  842,   91,  268,  791,  261,  907,  279,  696,  687,  491,  425,  262,  639,  933,  442,  108,  518,  496,  169,   58,  134,  319,  607,  875,  823,  492,  231,  666,  781,  701,  381,  891,  457,  528,  456,   38,  583,  250,  596,  607,  800,  348,  678,  253,  169,  478,  201,  642,  448,  756,  461,  600,  416,  155,  951,  180,  380,  151,  482,  659,  434,  138,  289,  524,  254,  674,  270,  541,  508,  365,  759,  718,  520,  236,  610,  548,  593,  367,  206,  185,  617,  325,  677,  538,  596],
        [  273,    0,  685,  823,  143,  710,  442,    0,  390,  470,  833,  617,  809,  528,  178,   45,   63,  181,  473,  582,  258,  389,  728,  472,  310,  521,  693,  312,  469,  721,  388,  310,  583,  898,  288,  479,  212,  391,  615,  406,  630,  632,  223,  338,  275,  526,  637,  621,  263,  853,  357,   56,  136,  447,  660,  675,  385,  702,  683,  368,  738,  337,  260,  182,  817,  620,  814,  421,  566,  679,  254,  298,  708,  314,  401,  523,  519,  666,   62,  287,  345,  942,  469,  738,  435,  328,  592,  609,  802,  720,  240,  148,  607,  216,  186,  782,  603,  785,  304,  438,  166,  154,  677,  887,  444,  529,  770,  732,  491,  586,  654,  519,  701,  171,  262,  449,  120,  179,  621,  551,  769,  264,  540,  354,   98,  276,  498,  342,  406,  591,  640,  498,  150,  212,  406,  437,  555,  654,  664,  713,  720,   52,  405,  145,  194,  181,  229,  443,  537,  343,  521,  611,  683,  477,  751,  129,  516,   87,  674,  284,  464,  755,  433,   87,  325,  361,  231,   63,  334,  581,  617,  435,  545,  211,  709,  434,  557,  450,  730,  486,  212,  177,  735,  597,   99,  596,  599,  632,  411,  582,  141,  718],
        [  277,    0,  429,  545,  482,  493,  419,  390,    0,  330,  585,  313,  434,  377,  537,  425,  410,  561,  180,  192,  479,   76,  431,  539,  424,  577,  310,   89,  134,  443,  139,  198,  305,  547,  657,  579,  598,  126,  443,  654,  360,  274,  211,  341,  123,  171,  468,  247,  316,  544,  679,  350,  474,   63,  271,  321,  118,  330,  469,  138,  419,  470,  639,  289,  494,  259,  557,  176,  263,  360,  231,  459,  425,   77,   90,  134,  685,  317,  421,  466,  421,  624,  456,  520,  421,  361,  465,  235,  417,  333,  532,  504,  257,  585,  218,  468,  498,  395,  484,  189,  451,  406,  288,  539,   61,  227,  454,  428,  509,  345,  373,  267,  491,  379,  515,  298,  321,  528,  402,  223,  514,  145,  517,  136,  488,  368,  468,  438,  114,  218,  466,  466,  292,  328,  294,  449,  282,  348,  480,  380,  352,  354,  399,  504,  326,  561,  365,  476,  718,  362,  646,  537,  327,  589,  362,  278,  358,  325,  284,  602,  305,  533,  261,  310,  286,   89,  472,  439,  433,  320,  229,  603,  255,  246,  333,   89,  739,  401,  354,  113,  307,  452,  364,  217,  413,  625,  599,  251,  111,  262,  358,  331],
        [  539,    0,  233,  857,  463,  241,  719,  470,  330,    0,  367,  227,  663,   60,  518,  476,  524,  640,  509,  410,  681,  255,  741,  818,  671,  862,  536,  364,  457,  759,  192,  486,  629,  807,  619,  848,  660,  205,  147,  854,  200,  558,  269,  155,  367,  270,  797,  513,  567,  841,  575,  468,  459,  317,  471,  337,  441,  393,  798,  456,  719,  714,  627,  498,  785,  541,  352,  157,  583,  665,  224,  302,  272,  329,  419,  381,  931,  320,  455,  319,  218,  910,  756,  269,  140,  179,  142,  342,  616,  536,  446,  493,  552,  564,  409,  361,  821,  545,  708,  518,  404,  368,  453,  803,  372,  551,  753,  310,  803,  674,  226,  596,  232,  569,  403,   33,  351,  648,  731,  232,  309,  281,  824,  204,  546,  614,  773,  695,  442,  328,  173,  154,  321,  551,   64,  173,  161,  660,  196,  673,  609,  419,  691,  497,  539,  566,  273,  204,  958,  164,  909,  856,  605,  854,  539,  352,   47,  384,  461,  750,  628,  286,  583,  439,  570,  246,  374,  532,  688,  646,  458,  843,  180,  473,  578,  260,  979,  103,  424,  297,  533,  396,  614,  353,  549,  922,  903,  379,  440,  233,  345,  535],
        [  850,    0,  158,  985,  828,  129, 1004,  833,  585,  367,    0,  276,  698,  314,  882,  842,  884, 1006,  728,  534, 1024,  523,  878, 1122,  994, 1161,  607,  655,  670,  909,  482,  779,  815,  852,  977, 1160, 1027,  487,  234, 1201,  225,  688,  619,  518,  674,  429, 1014,  635,  885,  940,  916,  825,  824,  537,  544,  334,  698,  384,  988,  722,  839, 1039,  990,  831,  880,  674,   32,  439,  766,  803,  581,  650,  166,  624,  666,  547, 1259,  324,  822,  669,  563,  982, 1040,  104,  460,  539,  287,  424,  628,  583,  801,  859,  698,  927,  742,  182, 1064,  532, 1043,  757,  768,  734,  502,  855,  593,  747,  867,  184, 1093,  873,  213,  809,  141,  912,  754,  385,  715, 1010,  931,  367,   71,  609, 1099,  512,  912,  936, 1051, 1013,  689,  426,  214,  421,  683,  882,  429,  483,  306,  813,  188,  790,  692,  782,  983,  862,  873,  931,  639,  504, 1289,  523, 1225, 1110,  715, 1169,  558,  710,  322,  747,  517, 1109,  879,   88,  838,  792,  867,  534,  732,  895, 1007,  840,  566, 1173,  330,  798,  655,  497, 1310,  425,  397,  489,  862,  759,  685,  450,  906, 1208, 1181,  446,  683,  330,  712,  583],
        [  585,    0,  129,  735,  650,  210,  730,  617,  313,  227,  276,    0,  483,  218,  708,  636,  658,  797,  453,  270,  774,  259,  622,  852,  732,  889,  369,  390,  395,  650,  233,  510,  545,  637,  818,  891,  824,  234,  218,  951,   67,  430,  394,  366,  413,  153,  741,  377,  623,  701,  790,  597,  644,  262,  301,  116,  424,  178,  719,  449,  589,  777,  819,  579,  641,  414,  247,  197,  496,  545,  369,  520,  112,  361,  392,  275,  995,   99,  621,  536,  441,  755,  767,  231,  366,  392,  276,  166,  424,  356,  653,  679,  435,  757,  493,  167,  789,  340,  786,  482,  597,  555,  269,  636,  318,  475,  620,  120,  820,  602,   66,  535,  215,  665,  615,  219,  508,  785,  660,   92,  206,  365,  824,  267,  707,  674,  776,  748,  414,  162,  229,  367,  474,  626,  262,  399,   70,  551,  229,  540,  452,  568,  711,  681,  620,  749,  469,  429, 1027,  381,  958,  834,  465,  902,  346,  489,  208,  532,  281,  876,  603,  240,  562,  559,  598,  277,  581,  677,  743,  569,  310,  911,   72,  541,  417,  226, 1048,  328,  206,  213,  605,  591,  451,  189,  674,  934,  906,  197,  408,   55,  520,  356],
        [  603,    0,  597,  323,  913,  682,  617,  809,  434,  663,  698,  483,    0,  680,  968,  848,  815,  965,  355,  262,  815,  474,  251,  750,  721,  764,  131,  499,  342,  292,  520,  526,  307,  156, 1086,  801, 1006,  507,  700,  963,  548,  183,  644,  742,  536,  394,  475,  189,  641,  258, 1112,  762,  906,  394,  193,  378,  429,  319,  411,  451,  202,  757, 1066,  664,  202,  192,  667,  529,  287,  213,  657,  880,  553,  505,  409,  309,  928,  393,  848,  890,  827,  285,  640,  697,  793,  767,  753,  326,   73,  128,  965,  934,  212, 1014,  624,  517,  564,  169,  795,  401,  884,  839,  216,  158,  374,  311,  212,  519,  693,  358,  537,  360,  690,  746,  946,  639,  753,  916,  391,  435,  644,  578,  660,  540,  905,  681,  630,  716,  407,  337,  712,  817,  725,  680,  661,  826,  521,  243,  710,  171,   94,  780,  624,  934,  687,  987,  792,  856,  964,  763,  866,  617,  142,  817,  141,  708,  665,  754,  205,  963,  466,  700,  458,  724,  574,  502,  903,  849,  715,  331,  214,  868,  492,  621,  101,  438,  981,  761,  302,  383,  663,  885,   76,  311,  807,  768,  726,  290,  401,  447,  791,  129],
        [  596,    0,  192,  892,  515,  186,  774,  528,  377,   60,  314,  218,  680,    0,  568,  532,  582,  697,  553,  435,  741,  302,  776,  875,  730,  919,  556,  417,  500,  796,  241,  541,  670,  829,  665,  906,  715,  252,   88,  913,  175,  589,  328,  204,  422,  294,  844,  541,  625,  871,  613,  527,  511,  357,  489,  333,  491,  393,  841,  506,  751,  773,  676,  557,  814,  572,  302,  201,  623,  699,  283,  342,  238,  382,  466,  413,  990,  316,  511,  360,  256,  937,  811,  214,  161,  225,   89,  355,  628,  552,  490,  545,  585,  614,  468,  330,  871,  551,  767,  565,  455,  420,  467,  825,  414,  592,  785,  280,  859,  717,  200,  640,  176,  628,  445,   88,  408,  706,  775,  246,  260,  339,  878,  257,  602,  673,  828,  754,  490,  344,  114,  150,  379,  610,  123,  191,  162,  696,  137,  704,  633,  477,  747,  549,  598,  617,  325,  219, 1017,  210,  967,  908,  633,  912,  551,  411,   19,  443,  476,  809,  679,  231,  634,  498,  626,  297,  420,  590,  746,  689,  482,  902,  189,  531,  601,  301, 1038,  122,  422,  330,  592,  446,  636,  370,  608,  977,  958,  391,  487,  237,  400,  552],
        [  450,    0,  749,  999,   59,  754,  612,  178,  537,  518,  882,  708,  968,  568,    0,  134,  213,  186,  643,  726,  392,  517,  903,  624,  469,  672,  846,  470,  633,  897,  499,  486,  758, 1065,  120,  622,  179,  506,  650,  496,  706,  796,  337,  365,  434,  647,  813,  779,  438, 1027,  184,  234,   66,  587,  806,  786,  552,  822,  861,  538,  910,  487,  112,  360,  989,  782,  869,  520,  737,  850,  345,  250,  783,  464,  564,  669,  636,  773,  124,  232,  329, 1115,  636,  780,  435,  344,  611,  734,  954,  869,  112,   34,  772,   50,  355,  866,  776,  925,  445,  611,  114,  154,  817, 1055,  595,  700,  943,  814,  652,  763,  731,  694,  743,  334,  159,  507,  218,  247,  798,  658,  826,  396,  705,  467,  124,  444,  666,  501,  572,  716,  674,  491,  250,  385,  460,  423,  640,  827,  699,  883,  881,  191,  576,   35,  368,   56,  245,  416,  646,  359,  653,  780,  848,  617,  896,  260,  561,  214,  815,  347,  642,  797,  610,  261,  502,  487,  160,  180,  493,  756,  766,  560,  639,  388,  867,  562,  664,  463,  852,  619,  387,  123,  895,  727,  247,  749,  757,  762,  577,  684,  191,  867],
        [  317,    0,  697,  867,  101,  716,  484,   45,  425,  476,  842,  636,  848,  532,  134,    0,   92,  165,  515,  616,  287,  417,  772,  508,  348,  557,  730,  349,  509,  765,  411,  354,  627,  939,  245,  513,  189,  416,  619,  424,  645,  672,  244,  336,  313,  553,  681,  660,  306,  896,  314,  100,   95,  479,  695,  700,  426,  729,  727,  409,  780,  372,  219,  227,  860,  660,  825,  441,  608,  721,  268,  276,  723,  349,  441,  558,  545,  690,   27,  263,  333,  985,  510,  745,  428,  323,  591,  638,  839,  756,  201,  104,  647,  173,  227,  800,  646,  818,  336,  480,  134,  133,  710,  928,  480,  571,  813,  750,  530,  630,  669,  563,  707,  210,  227,  458,  129,  183,  665,  574,  780,  292,  581,  377,   72,  317,  539,  380,  446,  619,  644,  491,  163,  255,  413,  426,  572,  697,  669,  755,  759,   72,  447,  101,  237,  140,  220,  429,  561,  338,  552,  652,  724,  510,  786,  153,  522,  106,  708,  291,  509,  762,  477,  129,  369,  388,  201,   72,  372,  624,  652,  463,  565,  255,  748,  462,  581,  447,  758,  517,  255,  146,  774,  627,  130,  633,  637,  662,  451,  604,  134,  754],
        [  247,    0,  733,  804,  191,  762,  400,   63,  410,  524,  884,  658,  815,  582,  213,   92,    0,  152,  469,  600,  197,  419,  715,  418,  258,  466,  704,  326,  473,  705,  427,  299,  571,  894,  309,  422,  191,  428,  670,  344,  676,  635,  267,  397,  289,  557,  605,  629,  229,  840,  396,   63,  185,  470,  677,  709,  387,  731,  657,  366,  728,  281,  273,  161,  808,  624,  864,  462,  559,  671,  303,  360,  754,  335,  407,  541,  458,  700,  116,  349,  407,  929,  424,  791,  495,  388,  649,  637,  814,  734,  291,  188,  608,  242,  195,  824,  564,  803,  245,  430,  223,  216,  698,  882,  459,  523,  759,  775,  441,  568,  699,  506,  754,  122,  318,  501,  177,  128,  597,  587,  819,  297,  493,  392,  101,  232,  453,  291,  408,  619,  695,  559,  204,  176,  460,  498,  599,  645,  719,  707,  724,  109,  363,  184,  159,  200,  290,  504,  475,  403,  462,  568,  684,  419,  767,  174,  570,  141,  693,  227,  440,  807,  414,  102,  297,  393,  290,   37,  283,  566,  631,  374,  587,  199,  716,  463,  495,  509,  758,  513,  181,  235,  740,  623,   39,  543,  548,  658,  414,  621,  202,  732],
        [  381,    0,  861,  936,  209,  881,  500,  181,  561,  640, 1006,  797,  965,  697,  186,  165,  152,    0,  616,  751,  244,  566,  854,  479,  343,  523,  856,  478,  623,  840,  568,  444,  712, 1039,  223,  466,   44,  571,  783,  314,  809,  784,  403,  498,  441,  704,  721,  780,  354,  977,  345,  212,  209,  620,  829,  855,  537,  879,  780,  515,  870,  347,  176,  304,  948,  774,  989,  601,  703,  814,  431,  417,  887,  485,  558,  693,  461,  845,  186,  401,  485, 1067,  516,  909,  586,  483,  753,  786,  965,  885,  297,  185,  756,  182,  346,  962,  666,  955,  297,  575,  267,  286,  849, 1027,  610,  669,  900,  912,  518,  702,  832,  646,  872,  236,  341,  622,  293,   78,  725,  731,  945,  442,  577,  534,   96,  339,  546,  372,  558,  768,  808,  647,  326,  303,  578,  581,  734,  786,  833,  852,  873,  229,  466,  180,  290,  138,  379,  580,  467,  499,  486,  659,  833,  459,  919,  309,  687,  265,  844,  162,  570,  926,  549,  252,  427,  539,  330,  124,  366,  704,  783,  392,  725,  346,  867,  611,  484,  607,  907,  663,  314,  280,  890,  773,  160,  601,  616,  808,  565,  762,  297,  883],
        [  249,    0,  578,  376,  594,  651,  305,  473,  180,  509,  728,  453,  355,  553,  643,  515,  469,  616,    0,  220,  463,  255,  267,  439,  374,  466,  266,  189,   58,  272,  318,  173,  129,  426,  759,  487,  658,  305,  613,  619,  510,  172,  359,  514,  217,  300,  294,  184,  287,  389,  806,  421,  586,  201,  269,  419,   93,  401,  290,  106,  268,  414,  732,  313,  347,  165,  698,  353,   96,  208,  392,  617,  563,  213,   97,  185,  608,  422,  520,  621,  590,  475,  337,  676,  599,  532,  641,  320,  369,  303,  663,  610,  143,  686,  289,  584,  337,  391,  447,   49,  578,  536,  308,  414,  142,   58,  302,  555,  393,  166,  517,   88,  652,  392,  656,  477,  444,  563,  223,  363,  658,  294,  384,  314,  564,  330,  339,  375,   78,  312,  636,  645,  423,  326,  473,  626,  440,  187,  647,  240,  261,  452,  298,  609,  334,  653,  517,  652,  643,  535,  555,  383,  218,  501,  345,  394,  535,  434,  297,  609,  157,  688,  126,  386,  223,  268,  613,  505,  372,  141,  221,  537,  409,  271,  262,  254,  662,  580,  414,  242,  309,  582,  279,  294,  457,  497,  464,  315,   77,  399,  488,  301],
        [  433,    0,  398,  467,  670,  479,  524,  582,  192,  410,  534,  270,  262,  435,  726,  616,  600,  751,  220,    0,  648,  216,  353,  657,  575,  686,  131,  274,  170,  380,  259,  348,  283,  399,  845,  703,  789,  247,  471,  816,  335,  161,  393,  481,  311,  142,  485,  109,  474,  438,  860,  541,  662,  140,   80,  207,  242,  182,  455,  269,  321,  618,  830,  468,  380,  145,  503,  269,  235,  276,  401,  621,  370,  268,  210,   59,  822,  213,  612,  631,  566,  502,  557,  501,  535,  505,  515,  111,  231,  145,  712,  694,  166,  775,  406,  374,  546,  204,  643,  263,  635,  589,  100,  394,  143,  222,  354,  353,  613,  343,  334,  288,  483,  557,  690,  383,  509,  715,  399,  196,  468,  331,  603,  280,  679,  523,  559,  581,  222,  110,  487,  563,  478,  499,  402,  567,  285,  282,  492,  273,  200,  545,  515,  694,  500,  752,  535,  597,  856,  502,  772,  595,  200,  717,  170,  468,  419,  516,   94,  781,  377,  509,  345,  501,  424,  246,  648,  630,  577,  309,   49,  746,  254,  423,  170,  178,  876,  504,  195,  122,  479,  634,  205,   85,  600,  717,  682,   96,  214,  221,  543,  144],
        [  217,    0,  868,  726,  383,  910,  267,  258,  479,  681, 1024,  774,  815,  741,  392,  287,  197,  244,  463,  648,    0,  516,  659,  236,  110,  283,  725,  392,  490,  638,  545,  301,  528,  861,  462,  230,  284,  542,  827,  178,  805,  633,  413,  573,  363,  647,  495,  644,  177,  778,  571,  228,  378,  541,  716,  800,  408,  808,  561,  380,  684,  104,  416,  196,  758,  627, 1001,  587,  532,  634,  459,  555,  879,  416,  439,  593,  263,  795,  312,  545,  596,  867,  277,  939,  676,  569,  816,  713,  831,  760,  484,  374,  603,  407,  283,  937,  430,  843,   55,  415,  420,  411,  747,  847,  510,  505,  710,  893,  275,  503,  824,  464,  904,  113,  514,  655,  358,  166,  514,  691,  956,  415,  335,  514,  268,  135,  307,  134,  429,  697,  853,  740,  377,  152,  619,  683,  724,  604,  874,  676,  721,  296,  236,  369,  155,  361,  479,  692,  284,  583,  265,  419,  675,  226,  800,  336,  726,  320,  738,  154,  370,  955,  363,  247,  242,  498,  487,  219,  129,  513,  666,  177,  706,  235,  724,  555,  304,  685,  830,  592,  173,  432,  740,  693,  159,  360,  373,  725,  436,  728,  392,  758],
        [  328,    0,  366,  614,  460,  424,  486,  389,   76,  255,  523,  259,  474,  302,  517,  417,  419,  566,  255,  216,  516,    0,  498,  600,  474,  640,  345,  133,  205,  513,   64,  257,  377,  599,  636,  637,  600,   50,  369,  694,  298,  330,  181,  277,  155,  139,  543,  295,  364,  608,  645,  357,  453,   80,  294,  291,  190,  314,  544,  208,  483,  519,  624,  322,  555,  314,  497,  101,  334,  425,  186,  408,  368,  103,  165,  165,  738,  284,  409,  417,  360,  684,  523,  452,  350,  300,  390,  221,  446,  361,  497,  485,  317,  566,  238,  421,  571,  409,  528,  264,  421,  375,  301,  592,  123,  300,  518,  378,  574,  420,  314,  342,  422,  410,  474,  223,  300,  543,  477,  175,  453,  126,  586,   69,  485,  416,  536,  491,  189,  203,  393,  393,  268,  368,  221,  379,  218,  416,  408,  441,  399,  346,  463,  486,  362,  547,  320,  408,  769,  299,  703,  610,  382,  646,  382,  265,  283,  313,  300,  626,  379,  466,  334,  317,  345,   31,  432,  443,  485,  393,  261,  653,  194,  282,  376,   46,  790,  328,  342,  102,  347,  420,  409,  211,  429,  691,  667,  246,  186,  212,  330,  359],
        [  473,    0,  749,  117,  856,  831,  419,  728,  431,  741,  878,  622,  251,  776,  903,  772,  715,  854,  267,  353,  659,  498,    0,  540,  553,  545,  278,  455,  299,   41,  560,  419,  146,  214, 1016,  592,  897,  546,  820,  781,  687,  193,  625,  771,  484,  487,  234,  246,  502,  125, 1070,  674,  848,  426,  335,  544,  360,  498,  162,  369,   49,  580,  986,  555,  101,  209,  846,  586,  172,   78,  655,  882,  717,  477,  361,  363,  718,  555,  780,  887,  851,  214,  433,  852,  848,  791,  860,  459,  313,  310,  929,  871,  191,  944,  549,  706,  327,  393,  626,  293,  843,  802,  379,  199,  376,  211,   55,  694,  479,  157,  685,  210,  836,  619,  923,  711,  709,  791,  161,  547,  814,  559,  435,  564,  814,  529,  416,  540,  345,  461,  838,  888,  689,  551,  717,  877,  635,   83,  844,   91,  199,  713,  436,  869,  564,  908,  783,  905,  754,  792,  652,  379,  165,  609,  349,  659,  758,  697,  364,  813,  290,  860,  305,  643,  429,  519,  880,  752,  541,  150,  314,  672,  603,  519,  233,  482,  769,  824,  494,  446,  540,  848,  212,  434,  696,  536,  492,  433,  342,  573,  755,  309],
        [  279,    0,  965,  575,  608, 1022,  136,  472,  539,  818, 1122,  852,  750,  875,  624,  508,  418,  479,  439,  657,  236,  600,  540,    0,  164,   50,  694,  468,  487,  509,  647,  344,  443,  754,  698,   52,  518,  640,  955,  263,  897,  585,  562,  741,  455,  705,  326,  614,  253,  642,  805,  428,  602,  592,  707,  845,  431,  835,  403,  405,  578,  138,  652,  333,  640,  585, 1095,  691,  469,  543,  611,  758,  963,  501,  465,  613,  179,  845,  531,  750,  783,  726,  110, 1050,  845,  744,  958,  748,  785,  733,  708,  603,  556,  642,  415, 1003,  239,  825,  182,  394,  637,  619,  747,  739,  543,  457,  595,  966,   64,  396,  911,  396, 1019,  302,  733,  787,  548,  401,  381,  761, 1051,  537,  122,  623,  501,  211,  126,  133,  446,  736,  981,  907,  556,  281,  761,  859,  817,  511,  999,  587,  662,  498,  143,  598,  298,  597,  669,  874,  215,  755,  118,  208,  612,   69,  777,  511,  858,  512,  735,  358,  290, 1065,  314,  431,  255,  592,  701,  446,  141,  420,  659,  140,  792,  348,  676,  627,  232,  846,  851,  644,  295,  648,  682,  724,  380,  126,  138,  749,  453,  800,  590,  731],
        [  148,    0,  836,  617,  448,  887,  159,  310,  424,  671,  994,  732,  721,  730,  469,  348,  258,  343,  374,  575,  110,  474,  553,  164,    0,  213,  639,  342,  409,  531,  513,  230,  426,  758,  552,  181,  385,  508,  813,  245,  770,  541,  408,  584,  321,  594,  386,  557,  110,  670,  652,  265,  442,  483,  637,  743,  334,  744,  452,  306,  580,   46,  509,  176,  653,  536,  969,  557,  435,  532,  457,  595,  841,  372,  368,  523,  265,  740,  370,  587,  621,  759,  174,  916,  688,  585,  810,  651,  742,  676,  548,  446,  511,  492,  263,  891,  324,  763,   75,  326,  474,  456,  671,  744,  443,  411,  605,  850,  183,  397,  787,  364,  882,  139,  570,  642,  385,  267,  406,  645,  924,  393,  238,  485,  348,   58,  204,   33,  354,  637,  839,  751,  394,  122,  612,  700,  690,  501,  858,  575,  628,  335,  127,  441,  137,  447,  506,  714,  296,  597,  238,  318,  580,  185,  718,  350,  714,  349,  662,  263,  265,  931,  264,  268,  153,  460,  538,  289,   25,  409,  587,  180,  667,  200,  633,  507,  317,  691,  764,  536,  139,  485,  647,  629,  222,  288,  290,  658,  361,  683,  427,  674],
        [  324,    0, 1004,  569,  657, 1063,  163,  521,  577,  862, 1161,  889,  764,  919,  672,  557,  466,  523,  466,  686,  283,  640,  545,   50,  213,    0,  715,  509,  517,  511,  689,  384,  458,  758,  744,   66,  561,  681,  998,  289,  936,  605,  608,  789,  498,  741,  321,  637,  299,  640,  853,  477,  651,  629,  732,  878,  467,  866,  399,  441,  585,  186,  698,  381,  642,  606, 1134,  733,  488,  554,  657,  807, 1001,  543,  500,  645,  178,  879,  580,  799,  831,  721,  130, 1091,  893,  792, 1003,  780,  803,  755,  757,  651,  576,  689,  461, 1038,  229,  847,  229,  424,  686,  668,  773,  742,  578,  480,  599, 1002,   74,  407,  949,  416, 1060,  351,  782,  831,  596,  445,  385,  799, 1090,  582,  112,  666,  548,  259,  135,  182,  480,  769, 1024,  954,  604,  330,  806,  907,  857,  522, 1042,  598,  679,  547,  179,  647,  347,  643,  717,  922,  213,  803,  109,  189,  628,   81,  799,  560,  902,  561,  761,  396,  313, 1106,  342,  479,  296,  633,  750,  494,  190,  434,  685,  163,  831,  394,  695,  665,  226,  892,  880,  680,  343,  697,  698,  756,  429,   78,   99,  779,  486,  837,  639,  753],
        [  510,    0,  490,  380,  791,  574,  559,  693,  310,  536,  607,  369,  131,  556,  846,  730,  704,  856,  266,  131,  725,  345,  278,  694,  639,  715,    0,  382,  238,  314,  390,  428,  266,  273,  965,  744,  895,  377,  582,  884,  435,  113,  518,  612,  419,  266,  463,   83,  549,  336,  986,  648,  783,  266,   68,  275,  324,  223,  414,  349,  235,  680,  947,  560,  276,  110,  575,  399,  228,  210,  529,  751,  452,  383,  299,  181,  868,  288,  729,  761,  697,  387,  587,  592,  664,  636,  632,  205,  110,   40,  838,  813,  140,  894,  511,  431,  540,  133,  712,  314,  759,  714,  105,  270,  252,  238,  261,  424,  642,  327,  427,  300,  581,  646,  818,  511,  630,  812,  374,  311,  547,  453,  619,  410,  790,  594,  582,  640,  302,  214,  596,  689,  601,  583,  531,  696,  399,  230,  597,  187,   86,  661,  558,  813,  588,  868,  664,  727,  904,  633,  811,  593,  115,  758,   85,  587,  540,  633,   91,  868,  404,  598,  385,  609,  488,  374,  776,  737,  638,  294,   84,  800,  369,  515,   50,  308,  922,  632,  217,  253,  564,  759,   83,  187,  700,  732,  693,  172,  295,  327,  666,   38],
        [  196,    0,  498,  564,  417,  554,  358,  312,   89,  364,  655,  390,  499,  417,  470,  349,  326,  478,  189,  274,  392,  133,  455,  468,  342,  509,  382,    0,  166,  460,  181,  126,  316,  598,  588,  505,  516,  172,  492,  568,  431,  327,  170,  336,   38,  255,  447,  311,  233,  576,  624,  268,  409,  151,  351,  408,   98,  418,  463,  100,  453,  388,  567,  201,  531,  313,  629,  224,  284,  393,  206,  429,  500,   35,   97,  216,  606,  403,  349,  433,  407,  660,  395,  583,  429,  350,  504,  323,  491,  409,  479,  437,  304,  516,  132,  550,  460,  478,  399,  175,  394,  351,  373,  589,  133,  245,  487,  508,  445,  343,  446,  263,  551,  291,  469,  331,  260,  442,  394,  303,  585,  108,  462,  161,  409,  285,  411,  359,  111,  307,  517,  482,  237,  241,  315,  452,  350,  374,  534,  420,  412,  281,  333,  436,  238,  488,  329,  477,  637,  355,  571,  494,  379,  514,  442,  212,  399,  256,  367,  513,  270,  597,  225,  229,  214,  124,  426,  357,  353,  324,  306,  522,  326,  158,  399,  166,  658,  416,  442,  201,  220,  397,  426,  305,  327,  563,  542,  339,  114,  341,  303,  407],
        [  273,    0,  521,  412,  581,  594,  355,  469,  134,  457,  670,  395,  342,  500,  633,  509,  473,  623,   58,  170,  490,  205,  299,  487,  409,  517,  238,  166,    0,  309,  268,  191,  172,  433,  751,  534,  664,  255,  558,  653,  453,  164,  330,  474,  200,  243,  350,  158,  313,  415,  789,  420,  573,  145,  228,  364,   88,  349,  342,  112,  291,  451,  727,  324,  368,  152,  641,  301,  130,  231,  358,  586,  505,  182,   70,  129,  652,  366,  511,  591,  552,  497,  389,  619,  554,  493,  587,  265,  345,  272,  644,  600,  139,  678,  284,  528,  395,  355,  479,   94,  560,  516,  264,  423,   87,   95,  326,  498,  445,  218,  459,  143,  594,  409,  632,  426,  426,  576,  276,  305,  601,  263,  439,  269,  564,  360,  393,  414,   66,  256,  580,  598,  402,  346,  426,  582,  383,  216,  591,  255,  251,  443,  345,  599,  350,  648,  488,  609,  687,  494,  602,  440,  215,  547,  311,  377,  482,  421,  253,  631,  213,  630,  177,  383,  257,  222,  589,  507,  410,  190,  179,  578,  352,  280,  244,  200,  707,  533,  364,  185,  327,  562,  267,  240,  466,  551,  519,  262,   59,  341,  468,  270],
        [  460,    0,  777,  105,  852,  859,  391,  721,  443,  759,  909,  650,  292,  796,  897,  765,  705,  840,  272,  380,  638,  513,   41,  509,  531,  511,  314,  460,  309,    0,  575,  412,  144,  248, 1008,  560,  883,  561,  844,  754,  715,  222,  630,  782,  486,  512,  196,  275,  487,  140, 1067,  666,  844,  443,  369,  576,  363,  532,  123,  369,   90,  556,  977,  545,  132,  237,  878,  603,  181,  107,  662,  888,  748,  483,  367,  386,  686,  586,  774,  892,  860,  230,  403,  881,  862,  801,  881,  488,  353,  347,  928,  865,  216,  937,  546,  740,  290,  432,  603,  291,  842,  802,  413,  232,  390,  217,   90,  726,  447,  139,  714,  204,  863,  604,  924,  729,  709,  775,  130,  572,  845,  565,  401,  577,  804,  510,  384,  516,  349,  489,  863,  904,  691,  537,  732,  890,  660,  101,  869,  129,  237,  709,  411,  863,  551,  900,  788,  918,  722,  803,  619,  342,  200,  577,  387,  659,  778,  695,  398,  792,  272,  889,  292,  637,  414,  531,  881,  742,  517,  141,  344,  642,  628,  511,  270,  500,  736,  840,  529,  467,  527,  847,  251,  463,  684,  499,  455,  464,  348,  600,  755,  346],
        [  371,    0,  324,  675,  440,  376,  539,  388,  139,  192,  482,  233,  520,  241,  499,  411,  427,  568,  318,  259,  545,   64,  560,  647,  513,  689,  390,  181,  268,  575,    0,  306,  440,  652,  615,  682,  598,   14,  312,  723,  260,  387,  168,  223,  194,  150,  606,  348,  405,  667,  612,  365,  434,  136,  334,  290,  251,  323,  607,  266,  542,  558,  608,  351,  614,  370,  457,   44,  396,  486,  155,  363,  335,  147,  227,  215,  778,  279,  400,  374,  307,  742,  576,  404,  289,  247,  329,  238,  487,  402,  466,  468,  376,  548,  263,  399,  631,  439,  562,  326,  395,  350,  333,  645,  185,  363,  578,  351,  626,  483,  279,  405,  372,  435,  438,  160,  287,  554,  540,  163,  412,  133,  641,   35,  482,  455,  591,  533,  251,  220,  337,  330,  253,  401,  158,  319,  179,  478,  354,  499,  451,  341,  513,  469,  393,  534,  282,  348,  807,  244,  747,  668,  438,  691,  418,  261,  223,  306,  335,  643,  439,  419,  394,  327,  394,   57,  398,  447,  527,  457,  307,  691,  162,  316,  425,   83,  829,  266,  354,  138,  380,  393,  460,  235,  442,  744,  722,  269,  248,  195,  308,  400],
