{
    "name": "random-29-18970",
    "comment": "size=29 seed=18970",
    "nodes": ["+0", "-0", "+1", "-1", "+2", "-2", "+3", "-3", "+4", "-4", "+5", "-5", "+6", "-6", "+7", "-7", "+8", "-8", "+9", "-9", "+10", "-10", "+11", "-11", "+12", "-12", "+13", "-13", "+14", "-14", "+15", "-15", "+16", "-16", "+17", "-17", "+18", "-18", "+19", "-19", "+20", "-20", "+21", "-21", "+22", "-22", "+23", "-23", "+24", "-24", "+25", "-25", "+26", "-26", "+27", "-27", "+28", "-28", "+29", "-29"],
    "precedence": {
        "+0": "-0",
        "+1": "-1",
        "+2": "-2",
        "+3": "-3",
        "+4": "-4",
        "+5": "-5",
        "+6": "-6",
        "+7": "-7",
        "+8": "-8",
        "+9": "-9",
        "+10": "-10",
        "+11": "-11",
        "+12": "-12",
        "+13": "-13",
        "+14": "-14",
        "+15": "-15",
        "+16": "-16",
        "+17": "-17",
        "+18": "-18",
        "+19": "-19",
        "+20": "-20",
        "+21": "-21",
        "+22": "-22",
        "+23": "-23",
        "+24": "-24",
        "+25": "-25",
        "+26": "-26",
        "+27": "-27",
        "+28": "-28",
        "+29": "-29"
    },
    "edges": [
        [    0,    0,  645,  404,  883,  136,  722,  747,  688,  882,  725,  587,  588,  129,  750,  637,  434,  545,  501,  411,  676,  758,  640,   54,  564,  203,   44,  234,  722,  512,  618,  372,  256,  157,  594,  620,  764,  507,  631,  456,  359,  670,  567,  255,  211,  114,  672,  718,  580,  202,   69,  819,  557,  179,  593,  906,  594,  778,  476,  712],
        [    0,    0,  645,  404,  883,  136,  722,  747,  688,  882,  725,  587,  588,  129,  750,  637,  434,  545,  501,  411,  676,  758,  640,   54,  564,  203,   44,  234,  722,  512,  618,  372,  256,  157,  594,  620,  764,  507,  631,  456,  359,  670,  567,  255,  211,  114,  672,  718,  580,  202,   69,  819,  557,  179,  593,  906,  594,  778,  476,  712],
        [  645,  645,    0,  258,  457,  777,  123,  187,  338,  352,  205,  131,  682,  595,  802,  182,  390,  136,  481,  247,  877,  436,  838,  606,  503,  558,  684,  788,  936,  732,  709,  364,  853,  588,  230,  338,  201,  380,  681,  617,  303,  145,  210,  471,  785,  630,  638,  160,  404,  705,  578,  983,  715,  467,  377,  374,  552,  560,  501,  432],
        [  404,  404,  258,    0,  520,  540,  362,  344,  332,  488,  325,  183,  497,  339,  646,  331,  333,  212,  448,  138,  677,  425,  636,  374,  351,  300,  440,  530,  736,  514,  529,  260,  597,  331,  326,  414,  361,  226,  512,  401,  155,  267,  177,  304,  574,  375,  498,  378,  435,  509,  336,  800,  513,  228,  423,  513,  402,  502,  308,  528],
        [  883,  883,  457,  520,    0, 1015,  543,  277,  196,  156,  253,  380,  545,  778,  571,  638,  811,  572,  917,  620,  724,  146,  698,  869,  394,  708,  909,  913,  771,  658,  554,  757,  995,  756,  685,  794,  267,  384,  512,  579,  661,  316,  346,  823, 1078,  811,  429,  593,  855, 1022,  817,  769,  606,  727,  830,  155,  408,  245,  469,  887],
        [  136,  136,  777,  540, 1015,    0,  850,  882,  820, 1017,  861,  723,  678,  242,  834,  757,  532,  672,  579,  539,  735,  886,  703,  172,  680,  317,  106,  236,  774,  585,  706,  482,  210,  267,  710,  723,  900,  635,  724,  550,  485,  806,  703,  356,  141,  213,  775,  842,  672,  195,  205,  875,  638,  314,  690, 1041,  705,  896,  591,  806],
        [  722,  722,  123,  362,  543,  850,    0,  267,  450,  415,  298,  253,  804,  689,  924,  131,  397,  178,  464,  311,  999,  544,  960,  679,  626,  660,  763,  885, 1058,  852,  831,  396,  946,  685,  195,  285,  277,  502,  803,  737,  365,  252,  332,  518,  839,  722,  759,   51,  365,  754,  659, 1105,  836,  549,  333,  433,  674,  673,  623,  356],
        [  747,  747,  187,  344,  277,  882,  267,    0,  211,  168,   43,  162,  623,  670,  713,  365,  567,  315,  664,  396,  821,  290,  786,  718,  438,  615,  781,  845,  877,  702,  644,  528,  919,  655,  416,  523,   18,  345,  609,  595,  447,   77,  191,  619,  914,  706,  548,  317,  590,  843,  678,  906,  669,  571,  563,  190,  479,  425,  470,  612],
        [  688,  688,  338,  332,  196,  820,  450,  211,    0,  233,  169,  225,  425,  584,  503,  514,  642,  424,  753,  445,  620,  103,  587,  673,  245,  516,  714,  729,  675,  518,  443,  580,  810,  563,  548,  657,  215,  195,  405,  421,  480,  198,  168,  635,  882,  619,  339,  495,  707,  828,  622,  698,  477,  531,  686,  252,  278,  223,  300,  761],
        [  882,  882,  352,  488,  156, 1017,  415,  168,  233,    0,  167,  316,  647,  792,  700,  526,  734,  482,  831,  559,  838,  251,  808,  859,  474,  729,  913,  951,  889,  748,  662,  692, 1030,  774,  579,  686,  152,  421,  622,  653,  607,  234,  316,  778, 1061,  827,  545,  466,  755,  996,  814,  899,  703,  712,  727,   25,  502,  379,  531,  769],
        [  725,  725,  205,  325,  253,  861,  298,   43,  169,  167,    0,  149,  581,  643,  670,  386,  571,  324,  672,  392,  779,  251,  744,  698,  396,  586,  758,  814,  835,  661,  602,  527,  890,  628,  433,  542,   52,  306,  567,  555,  441,   69,  162,  611,  898,  679,  505,  347,  605,  831,  656,  863,  627,  551,  579,  192,  437,  385,  430,  635],
        [  587,  587,  131,  183,  380,  723,  253,  162,  225,  316,  149,    0,  552,  516,  672,  292,  431,  199,  538,  245,  748,  327,  710,  557,  373,  467,  622,  699,  807,  607,  579,  381,  770,  504,  323,  432,  179,  251,  551,  493,  292,   85,   79,  462,  753,  552,  508,  290,  484,  683,  518,  852,  587,  410,  461,  340,  422,  441,  374,  537],
        [  588,  588,  682,  497,  545,  678,  804,  623,  425,  647,  581,  552,    0,  460,  166,  814,  806,  697,  917,  631,  199,  404,  164,  608,  185,  391,  588,  484,  256,  127,   34,  724,  563,  432,  819,  911,  631,  302,   50,  133,  627,  581,  474,  699,  795,  477,  130,  836,  926,  785,  548,  305,   64,  531,  918,  663,  147,  319,  190, 1024],
        [  129,  129,  595,  339,  778,  242,  689,  670,  584,  792,  643,  516,  460,    0,  623,  623,  469,  517,  557,  389,  559,  646,  521,  151,  441,   76,  138,  199,  608,  390,  491,  394,  259,   29,  592,  639,  686,  395,  503,  328,  346,  595,  482,  305,  338,   37,  544,  693,  615,  326,   96,  701,  432,  155,  621,  815,  468,  656,  351,  742],
        [  750,  750,  802,  646,  571,  834,  924,  713,  503,  700,  670,  672,  166,  623,    0,  950,  964,  836, 1077,  782,  183,  450,  180,  772,  303,  555,  748,  626,  213,  253,  133,  883,  700,  596,  961, 1058,  717,  433,  135,  298,  783,  685,  593,  863,  955,  638,  167,  961, 1079,  949,  713,  200,  196,  696, 1068,  710,  252,  327,  340, 1171],
        [  637,  637,  182,  331,  638,  757,  131,  365,  514,  526,  386,  292,  814,  623,  950,    0,  273,  120,  334,  235, 1002,  614,  961,  589,  648,  607,  679,  821, 1061,  843,  845,  284,  875,  624,   65,  161,  378,  518,  822,  729,  281,  326,  367,  411,  732,  655,  790,   96,  237,  644,  579, 1119,  838,  474,  206,  546,  699,  733,  626,  250],
        [  434,  434,  390,  333,  811,  532,  397,  567,  642,  734,  571,  431,  806,  469,  964,  273,    0,  255,  116,  200,  966,  742,  924,  381,  680,  486,  476,  654, 1022,  792,  839,   83,  688,  482,  210,  193,  583,  557,  829,  690,  182,  503,  475,  179,  479,  491,  825,  368,  147,  387,  394, 1099,  808,  319,  160,  757,  729,  831,  624,  279],
        [  545,  545,  136,  212,  572,  672,  178,  315,  424,  482,  324,  199,  697,  517,  836,  120,  255,    0,  350,  134,  884,  526,  843,  501,  534,  495,  586,  715,  942,  724,  727,  231,  773,  516,  129,  235,  331,  404,  706,  610,  188,  257,  264,  346,  665,  550,  678,  177,  285,  582,  483, 1002,  719,  373,  262,  504,  585,  636,  508,  343],
        [  501,  501,  481,  448,  917,  579,  464,  664,  753,  831,  672,  538,  917,  557, 1077,  334,  116,  350,    0,  314, 1073,  854, 1032,  448,  795,  584,  541,  731, 1129,  899,  951,  194,  756,  573,  270,  201,  680,  673,  942,  799,  297,  605,  586,  254,  500,  575,  939,  427,  120,  408,  473, 1208,  918,  415,  151,  853,  843,  945,  738,  241],
        [  411,  411,  247,  138,  620,  539,  311,  396,  445,  559,  392,  245,  631,  389,  782,  235,  200,  134,  314,    0,  805,  544,  763,  368,  489,  375,  453,  587,  863,  637,  663,  138,  642,  390,  210,  284,  414,  363,  648,  527,   57,  325,  278,  226,  538,  421,  635,  308,  297,  459,  349,  932,  642,  241,  288,  583,  539,  632,  443,  397],
        [  676,  676,  877,  677,  724,  735,  999,  821,  620,  838,  779,  748,  199,  559,  183, 1002,  966,  884, 1073,  805,    0,  590,   42,  709,  384,  504,  664,  508,   59,  175,  178,  883,  572,  534, 1002, 1088,  829,  498,  217,  279,  793,  780,  672,  838,  867,  563,  295, 1030, 1095,  878,  654,  143,  165,  666, 1090,  852,  343,  484,  378, 1201],
        [  758,  758,  436,  425,  146,  886,  544,  290,  103,  251,  251,  327,  404,  646,  450,  614,  742,  526,  854,  544,  590,    0,  561,  748,  248,  574,  780,  772,  640,  514,  415,  679,  854,  623,  650,  759,  289,  252,  374,  433,  576,  293,  269,  726,  958,  678,  296,  590,  809,  910,  693,  649,  463,  611,  788,  263,  264,  137,  325,  862],
        [  640,  640,  838,  636,  698,  703,  960,  786,  587,  808,  744,  710,  164,  521,  180,  961,  924,  843, 1032,  763,   42,  561,    0,  671,  348,  465,  629,  479,  100,  134,  147,  842,  545,  495,  961, 1046,  794,  459,  187,  237,  751,  743,  633,  797,  833,  526,  270,  990, 1053,  841,  616,  181,  125,  625, 1048,  822,  309,  461,  338, 1160],
        [   54,   54,  606,  374,  869,  172,  679,  718,  673,  859,  698,  557,  608,  151,  772,  589,  381,  501,  448,  368,  709,  748,  671,    0,  568,  217,   96,  286,  757,  540,  639,  321,  309,  178,  545,  568,  735,  499,  648,  475,  314,  641,  543,  202,  211,  149,  683,  672,  526,  179,   61,  851,  582,  148,  540,  883,  601,  777,  481,  659],
        [  564,  564,  503,  351,  394,  680,  626,  438,  245,  474,  396,  373,  185,  441,  303,  648,  680,  534,  795,  489,  384,  248,  348,  568,    0,  365,  578,  537,  441,  274,  209,  602,  620,  414,  660,  759,  447,  131,  178,  186,  498,  397,  294,  606,  774,  468,  147,  661,  785,  743,  509,  480,  233,  455,  772,  492,   52,  218,   90,  872],
        [  203,  203,  558,  300,  708,  317,  660,  615,  516,  729,  586,  467,  391,   76,  555,  607,  486,  495,  584,  375,  504,  574,  465,  217,  365,    0,  214,  232,  556,  332,  423,  407,  305,   50,  583,  642,  631,  324,  431,  258,  340,  543,  425,  338,  413,  106,  469,  670,  628,  395,  158,  645,  368,  169,  631,  752,  392,  580,  275,  750],
        [   44,   44,  684,  440,  909,  106,  763,  781,  714,  913,  758,  622,  588,  138,  748,  679,  476,  586,  541,  453,  664,  780,  629,   96,  578,  214,    0,  201,  708,  504,  618,  415,  215,  165,  637,  663,  798,  529,  632,  457,  401,  705,  599,  297,  208,  113,  678,  760,  621,  218,  106,  806,  553,  218,  635,  937,  605,  793,  489,  754],
        [  234,  234,  788,  530,  913,  236,  885,  845,  729,  951,  814,  699,  484,  199,  626,  821,  654,  715,  731,  587,  508,  772,  479,  286,  537,  232,  201,    0,  543,  373,  507,  584,   83,  201,  789,  832,  860,  534,  533,  371,  543,  773,  654,  480,  376,  168,  598,  891,  801,  411,  261,  645,  434,  351,  811,  973,  547,  750,  450,  931],
        [  722,  722,  936,  736,  771,  774, 1058,  877,  675,  889,  835,  807,  256,  608,  213, 1061, 1022,  942, 1129,  863,   59,  640,  100,  757,  441,  556,  708,  543,    0,  230,  233,  940,  602,  583, 1061, 1146,  885,  556,  270,  337,  851,  837,  730,  891,  909,  610,  345, 1088, 1152,  923,  704,  104,  224,  720, 1148,  902,  399,  529,  437, 1260],
        [  512,  512,  732,  514,  658,  585,  852,  702,  518,  748,  661,  607,  127,  390,  253,  843,  792,  724,  899,  637,  175,  514,  134,  540,  274,  332,  504,  373,  230,    0,  141,  710,  448,  364,  838,  920,  712,  361,  175,  115,  622,  650,  534,  663,  710,  398,  256,  878,  924,  713,  484,  315,   66,  491,  920,  765,  251,  441,  235, 1033],
        [  618,  618,  709,  529,  554,  706,  831,  644,  443,  662,  602,  579,   34,  491,  133,  845,  839,  727,  951,  663,  178,  415,  147,  639,  209,  423,  618,  507,  233,  141,    0,  758,  585,  464,  851,  943,  652,  330,   43,  165,  660,  605,  501,  732,  825,  507,  128,  865,  959,  816,  580,  275,   76,  564,  950,  676,  166,  320,  221, 1056],
        [  372,  372,  364,  260,  757,  482,  396,  528,  580,  692,  527,  381,  724,  394,  883,  284,   83,  231,  194,  138,  883,  679,  842,  321,  602,  407,  415,  584,  940,  710,  758,    0,  624,  405,  231,  249,  545,  482,  748,  608,  106,  459,  414,  129,  448,  418,  746,  376,  222,  360,  325, 1017,  726,  242,  228,  716,  650,  761,  544,  349],
        [  256,  256,  853,  597,  995,  210,  946,  919,  810, 1030,  890,  770,  563,  259,  700,  875,  688,  773,  756,  642,  572,  854,  545,  309,  620,  305,  215,   83,  602,  448,  585,  624,    0,  267,  838,  872,  935,  615,  612,  452,  595,  847,  730,  510,  349,  224,  679,  949,  835,  401,  300,  705,  510,  402,  847, 1053,  630,  833,  533,  967],
        [  157,  157,  588,  331,  756,  267,  685,  655,  563,  774,  628,  504,  432,   29,  596,  624,  482,  516,  573,  390,  534,  623,  495,  178,  414,   50,  165,  201,  583,  364,  464,  405,  267,    0,  595,  647,  672,  373,  475,  300,  350,  582,  467,  322,  366,   56,  516,  692,  626,  354,  121,  676,  405,  164,  632,  797,  441,  630,  324,  752],
        [  594,  594,  230,  326,  685,  710,  195,  416,  548,  579,  433,  323,  819,  592,  961,   65,  210,  129,  270,  210, 1002,  650,  961,  545,  660,  583,  637,  789, 1061,  838,  851,  231,  838,  595,    0,  110,  430,  530,  831,  726,  246,  369,  392,  359,  677,  621,  805,  160,  177,  587,  540, 1124,  838,  439,  148,  600,  712,  763,  630,  215],
        [  620,  620,  338,  414,  794,  723,  285,  523,  657,  686,  542,  432,  911,  639, 1058,  161,  193,  235,  201,  284, 1088,  759, 1046,  568,  759,  642,  663,  832, 1146,  920,  943,  249,  872,  647,  110,    0,  537,  629,  925,  810,  304,  479,  499,  369,  669,  665,  904,  240,   85,  576,  574, 1213,  925,  485,   52,  706,  810,  870,  722,  114],
        [  764,  764,  201,  361,  267,  900,  277,   18,  215,  152,   52,  179,  631,  686,  717,  378,  583,  331,  680,  414,  829,  289,  794,  735,  447,  631,  798,  860,  885,  712,  652,  545,  935,  672,  430,  537,    0,  357,  616,  606,  465,   95,  207,  637,  932,  722,  553,  327,  605,  861,  695,  912,  678,  588,  577,  174,  487,  425,  481,  624],
        [  507,  507,  380,  226,  384,  635,  502,  345,  195,  421,  306,  251,  302,  395,  433,  518,  557,  404,  673,  363,  498,  252,  459,  499,  131,  324,  529,  534,  556,  361,  330,  482,  615,  373,  530,  629,  357,    0,  305,  251,  377,  290,  175,  502,  709,  428,  276,  535,  657,  665,  443,  605,  337,  367,  644,  442,  182,  289,  127,  741],
        [  631,  631,  681,  512,  512,  724,  803,  609,  405,  622,  567,  551,   50,  503,  135,  822,  829,  706,  942,  648,  217,  374,  187,  648,  178,  431,  632,  533,  270,  175,   43,  748,  612,  475,  831,  925,  616,  305,    0,  176,  648,  573,  472,  730,  839,  520,   86,  838,  945,  826,  588,  302,  111,  564,  935,  636,  131,  278,  206, 1039],
        [  456,  456,  617,  401,  579,  550,  737,  595,  421,  653,  555,  493,  133,  328,  298,  729,  690,  610,  799,  527,  279,  433,  237,  475,  186,  258,  457,  371,  337,  115,  165,  608,  452,  300,  726,  810,  606,  251,  176,    0,  515,  540,  422,  572,  663,  345,  229,  763,  817,  652,  416,  410,  119,  402,  812,  672,  182,  386,  126,  923],
        [  359,  359,  303,  155,  661,  485,  365,  447,  480,  607,  441,  292,  627,  346,  783,  281,  182,  188,  297,   57,  793,  576,  751,  314,  498,  340,  401,  543,  851,  622,  660,  106,  595,  350,  246,  304,  465,  377,  648,  515,    0,  374,  316,  172,  482,  376,  643,  360,  302,  403,  299,  924,  633,  194,  299,  632,  547,  656,  443,  415],
        [  670,  670,  145,  267,  316,  806,  252,   77,  198,  234,   69,   85,  581,  595,  685,  326,  503,  257,  605,  325,  780,  293,  743,  641,  397,  543,  705,  773,  837,  650,  605,  459,  847,  582,  369,  479,   95,  290,  573,  540,  374,    0,  123,  545,  838,  631,  519,  298,  539,  768,  602,  873,  623,  494,  514,  258,  442,  421,  416,  576],
        [  567,  567,  210,  177,  346,  703,  332,  191,  168,  316,  162,   79,  474,  482,  593,  367,  475,  264,  586,  278,  672,  269,  633,  543,  294,  425,  599,  654,  730,  534,  501,  414,  730,  467,  392,  499,  207,  175,  472,  422,  316,  123,    0,  477,  747,  518,  429,  368,  544,  684,  498,  774,  511,  397,  524,  340,  343,  372,  300,  606],
        [  255,  255,  471,  304,  823,  356,  518,  619,  635,  778,  611,  462,  699,  305,  863,  411,  179,  346,  254,  226,  838,  726,  797,  202,  606,  338,  297,  480,  891,  663,  732,  129,  510,  322,  359,  369,  637,  502,  730,  572,  172,  545,  477,    0,  322,  322,  743,  502,  325,  237,  221,  977,  690,  172,  339,  802,  650,  790,  534,  458],
        [  211,  211,  785,  574, 1078,  141,  839,  914,  882, 1061,  898,  753,  795,  338,  955,  732,  479,  665,  500,  538,  867,  958,  833,  211,  774,  413,  208,  376,  909,  710,  825,  448,  349,  366,  677,  669,  932,  709,  839,  663,  482,  838,  747,  322,    0,  319,  882,  823,  606,   93,  267, 1008,  760,  352,  629, 1086,  804,  986,  686,  737],
        [  114,  114,  630,  375,  811,  213,  722,  706,  619,  827,  679,  552,  477,   37,  638,  655,  491,  550,  575,  421,  563,  678,  526,  149,  468,  106,  113,  168,  610,  398,  507,  418,  224,   56,  621,  665,  722,  428,  520,  345,  376,  631,  518,  322,  319,    0,  566,  726,  637,  316,  103,  705,  444,  183,  645,  851,  493,  685,  378,  766],
        [  672,  672,  638,  498,  429,  775,  759,  548,  339,  545,  505,  508,  130,  544,  167,  790,  825,  678,  939,  635,  295,  296,  270,  683,  147,  469,  678,  598,  345,  256,  128,  746,  679,  516,  805,  904,  553,  276,   86,  229,  643,  519,  429,  743,  882,  566,    0,  797,  931,  861,  623,  360,  194,  584,  919,  558,   97,  193,  210, 1017],
        [  718,  718,  160,  378,  593,  842,   51,  317,  495,  466,  347,  290,  836,  693,  961,   96,  368,  177,  427,  308, 1030,  590,  990,  672,  661,  670,  760,  891, 1088,  878,  865,  376,  949,  692,  160,  240,  327,  535,  838,  763,  360,  298,  368,  502,  823,  726,  797,    0,  322,  736,  657, 1139,  866,  549,  290,  484,  710,  718,  652,  306],
        [  580,  580,  404,  435,  855,  672,  365,  590,  707,  755,  605,  484,  926,  615, 1079,  237,  147,  285,  120,  297, 1095,  809, 1053,  526,  785,  628,  621,  801, 1152,  924,  959,  222,  835,  626,  177,   85,  605,  657,  945,  817,  302,  539,  544,  325,  606,  637,  931,  322,    0,  513,  541, 1225,  934,  463,   34,  776,  836,  913,  740,  134],
        [  202,  202,  705,  509, 1022,  195,  754,  843,  828,  996,  831,  683,  785,  326,  949,  644,  387,  582,  408,  459,  878,  910,  841,  179,  743,  395,  218,  411,  923,  713,  816,  360,  401,  354,  587,  576,  861,  665,  826,  652,  403,  768,  684,  237,   93,  316,  861,  736,  513,    0,  239, 1020,  757,  299,  536, 1020,  778,  949,  658,  644],
        [   69,   69,  578,  336,  817,  205,  659,  678,  622,  814,  656,  518,  548,   96,  713,  579,  394,  483,  473,  349,  654,  693,  616,   61,  509,  158,  106,  261,  704,  484,  580,  325,  300,  121,  540,  574,  695,  443,  588,  416,  299,  602,  498,  221,  267,  103,  623,  657,  541,  239,    0,  796,  524,  112,  551,  838,  541,  719,  422,  671],
        [  819,  819,  983,  800,  769,  875, 1105,  906,  698,  899,  863,  852,  305,  701,  200, 1119, 1099, 1002, 1208,  932,  143,  649,  181,  851,  480,  645,  806,  645,  104,  315,  275, 1017,  705,  676, 1124, 1213,  912,  605,  302,  410,  924,  873,  774,  977, 1008,  705,  360, 1139, 1225, 1020,  796,    0,  292,  805, 1218,  910,  433,  525,  494, 1327],
        [  557,  557,  715,  513,  606,  638,  836,  669,  477,  703,  627,  587,   64,  432,  196,  838,  808,  719,  918,  642,  165,  463,  125,  582,  233,  368,  553,  434,  224,   66,   76,  726,  510,  405,  838,  925,  678,  337,  111,  119,  633,  623,  511,  690,  760,  444,  194,  866,  934,  757,  524,  292,    0,  519,  928,  719,  201,  382,  214, 1038],
        [  179,  179,  467,  228,  727,  314,  549,  571,  531,  712,  551,  410,  531,  155,  696,  474,  319,  373,  415,  241,  666,  611,  625,  148,  455,  169,  218,  351,  720,  491,  564,  242,  402,  164,  439,  485,  588,  367,  564,  402,  194,  494,  397,  172,  352,  183,  584,  549,  463,  299,  112,  805,  519,    0,  468,  736,  494,  653,  375,  589],
        [  593,  593,  377,  423,  830,  690,  333,  563,  686,  727,  579,  461,  918,  621, 1068,  206,  160,  262,  151,  288, 1090,  788, 1048,  540,  772,  631,  635,  811, 1148,  920,  950,  228,  847,  632,  148,   52,  577,  644,  935,  812,  299,  514,  524,  339,  629,  645,  919,  290,   34,  536,  551, 1218,  928,  468,    0,  748,  823,  894,  730,  121],
        [  906,  906,  374,  513,  155, 1041,  433,  190,  252,   25,  192,  340,  663,  815,  710,  546,  757,  504,  853,  583,  852,  263,  822,  883,  492,  752,  937,  973,  902,  765,  676,  716, 1053,  797,  600,  706,  174,  442,  636,  672,  632,  258,  340,  802, 1086,  851,  558,  484,  776, 1020,  838,  910,  719,  736,  748,    0,  518,  387,  551,  788],
        [  594,  594,  552,  402,  408,  705,  674,  479,  278,  502,  437,  422,  147,  468,  252,  699,  729,  585,  843,  539,  343,  264,  309,  601,   52,  392,  605,  547,  399,  251,  166,  650,  630,  441,  712,  810,  487,  182,  131,  182,  547,  442,  343,  650,  804,  493,   97,  710,  836,  778,  541,  433,  201,  494,  823,  518,    0,  205,  121,  923],
        [  778,  778,  560,  502,  245,  896,  673,  425,  223,  379,  385,  441,  319,  656,  327,  733,  831,  636,  945,  632,  484,  137,  461,  777,  218,  580,  793,  750,  529,  441,  320,  761,  833,  630,  763,  870,  425,  289,  278,  386,  656,  421,  372,  790,  986,  685,  193,  718,  913,  949,  719,  525,  382,  653,  894,  387,  205,    0,  307,  977],
        [  476,  476,  501,  308,  469,  591,  623,  470,  300,  531,  430,  374,  190,  351,  340,  626,  624,  508,  738,  443,  378,  325,  338,  481,   90,  275,  489,  450,  437,  235,  221,  544,  533,  324,  630,  722,  481,  127,  206,  126,  443,  416,  300,  534,  686,  378,  210,  652,  740,  658,  422,  494,  214,  375,  730,  551,  121,  307,    0,  836],
        [  712,  712,  432,  528,  887,  806,  356,  612,  761,  769,  635,  537, 1024,  742, 1171,  250,  279,  343,  241,  397, 1201,  862, 1160,  659,  872,  750,  754,  931, 1260, 1033, 1056,  349,  967,  752,  215,  114,  624,  741, 1039,  923,  415,  576,  606,  458,  737,  766, 1017,  306,  134,  644,  671, 1327, 1038,  589,  121,  788,  923,  977,  836,    0]
    ]
}
