{
    "name": "random-25-11913",
    "comment": "size=25 seed=11913",
    "nodes": ["+0", "-0", "+1", "-1", "+2", "-2", "+3", "-3", "+4", "-4", "+5", "-5", "+6", "-6", "+7", "-7", "+8", "-8", "+9", "-9", "+10", "-10", "+11", "-11", "+12", "-12", "+13", "-13", "+14", "-14", "+15", "-15", "+16", "-16", "+17", "-17", "+18", "-18", "+19", "-19", "+20", "-20", "+21", "-21", "+22", "-22", "+23", "-23", "+24", "-24", "+25", "-25"],
    "precedence": {
        "+0": "-0",
        "+1": "-1",
        "+2": "-2",
        "+3": "-3",
        "+4": "-4",
        "+5": "-5",
        "+6": "-6",
        "+7": "-7",
        "+8": "-8",
        "+9": "-9",
        "+10": "-10",
        "+11": "-11",
        "+12": "-12",
        "+13": "-13",
        "+14": "-14",
        "+15": "-15",
        "+16": "-16",
        "+17": "-17",
        "+18": "-18",
        "+19": "-19",
        "+20": "-20",
        "+21": "-21",
        "+22": "-22",
        "+23": "-23",
        "+24": "-24",
        "+25": "-25"
    },
    "edges": [
        [    0,    0,  735,  469,  630,  592,  255,  237,  213,  765,  746,  535,  298,  236,  669,  318,  308,  365,  871,  731,  404,  103,  356,  670,  369,  647,  700,  437,  106,  726,  340,  630,  757,  821,  377,  651,  195,  788,  563,  709,  388,  237,  756,  382,  229,  522,  169,  768,  394,  602,  202,  253],
        [    0,    0,  735,  469,  630,  592,  255,  237,  213,  765,  746,  535,  298,  236,  669,  318,  308,  365,  871,  731,  404,  103,  356,  670,  369,  647,  700,  437,  106,  726,  340,  630,  757,  821,  377,  651,  195,  788,  563,  709,  388,  237,  756,  382,  229,  522,  169,  768,  394,  602,  202,  253],
        [  735,  735,    0,  647,  346,  305,  618,  504,  616,  268,  780,  738,  456,  747,  507,  640, 1026,  899,  198,  156,  584,  670,  479,  617,  456,  356,  388,  609,  728,   10,  443,  650,  160,  307,  364,  140,  542,   56,  216,  413,  709,  970,  789,  948,  520,  567,  859,  692,  883,  849,  539,  648],
        [  469,  469,  647,    0,  344,  355,  218,  449,  574,  505,  279,  907,  331,  674,  268,  151,  593,  328,  675,  545,   89,  509,  223,  218,  599,  348,  369,   48,  556,  639,  288,  166,  565,  541,  475,  657,  428,  677,  435,  362,  781,  644,  290,  380,  342,  103,  634,  305,  290,  212,  367,  635],
        [  630,  630,  346,  344,    0,   62,  415,  467,  617,  163,  435,  875,  346,  750,  164,  400,  860,  650,  332,  213,  312,  612,  278,  272,  537,   21,   80,  318,  674,  339,  294,  308,  229,  207,  387,  410,  481,  360,  183,   99,  788,  858,  444,  703,  408,  246,  791,  351,  621,  523,  440,  672],
        [  592,  592,  305,  355,   62,    0,  392,  416,  564,  177,  481,  815,  300,  699,  217,  387,  836,  645,  325,  191,  309,  566,  249,  319,  477,   81,  139,  323,  628,  297,  253,  346,  212,  231,  328,  355,  432,  326,  124,  160,  731,  823,  490,  697,  366,  266,  749,  404,  620,  549,  396,  618],
        [  255,  255,  618,  218,  415,  392,    0,  259,  364,  568,  497,  705,  183,  457,  422,   72,  446,  285,  707,  565,  149,  292,  146,  415,  425,  429,  473,  183,  339,  608,  177,  375,  590,  619,  335,  580,  228,  661,  410,  477,  572,  456,  508,  332,  155,  268,  423,  513,  280,  386,  170,  425],
        [  237,  237,  504,  449,  467,  416,  259,    0,  151,  573,  716,  460,  133,  284,  556,  326,  541,  511,  655,  520,  362,  167,  245,  596,  169,  487,  545,  403,  228,  495,  191,  576,  545,  633,  141,  415,   45,  558,  354,  560,  342,  467,  727,  546,  108,  453,  358,  701,  519,  640,   90,  209],
        [  213,  213,  616,  574,  617,  564,  364,  151,    0,  717,  849,  344,  281,  137,  704,  436,  507,  562,  783,  654,  491,  110,  388,  739,  181,  637,  695,  531,  138,  608,  339,  714,  679,  777,  260,  506,  150,  672,  494,  710,  208,  394,  860,  586,  239,  593,  258,  843,  583,  749,  209,   62],
        [  765,  765,  268,  505,  163,  177,  568,  573,  717,    0,  556,  929,  469,  854,  285,  559, 1012,  812,  180,  113,  474,  732,  425,  400,  602,  158,  153,  481,  794,  264,  426,  448,  110,   60,  464,  379,  596,  257,  226,  173,  864,  998,  563,  865,  537,  405,  918,  453,  784,  675,  566,  766],
        [  746,  746,  780,  279,  435,  481,  497,  716,  849,  556,    0, 1175,  589,  953,  275,  429,  827,  527,  734,  641,  358,  788,  474,  163,  853,  425,  405,  319,  835,  773,  536,  146,  652,  563,  715,  833,  701,  791,  597,  383, 1054,  904,   12,  571,  613,  268,  908,  118,  479,  223,  640,  910],
        [  535,  535,  738,  907,  875,  815,  705,  460,  344,  929, 1175,    0,  588,  312,  995,  776,  778,  898,  933,  837,  821,  441,  702, 1050,  339,  895,  953,  862,  433,  734,  642, 1034,  857,  986,  489,  600,  480,  791,  710,  973,  147,  628, 1186,  916,  565,  911,  486, 1154,  922, 1090,  541,  288],
        [  298,  298,  456,  331,  346,  300,  183,  133,  281,  469,  589,  588,    0,  409,  423,  234,  572,  466,  576,  435,  243,  267,  115,  464,  269,  365,  421,  284,  329,  447,   58,  447,  461,  527,  154,  402,  137,  505,  268,  434,  474,  534,  600,  510,   69,  324,  450,  569,  462,  534,   97,  341],
        [  236,  236,  747,  674,  750,  699,  457,  284,  137,  854,  953,  312,  409,    0,  829,  527,  469,  599,  918,  791,  597,  166,  508,  855,  298,  770,  827,  635,  131,  740,  466,  824,  816,  913,  396,  631,  274,  803,  631,  842,  168,  327,  964,  612,  357,  706,  180,  957,  629,  830,  326,  101],
        [  669,  669,  507,  268,  164,  217,  422,  556,  704,  285,  275,  995,  423,  829,    0,  380,  849,  596,  465,  366,  282,  675,  322,  115,  658,  152,  133,  266,  733,  501,  366,  165,  378,  302,  509,  572,  557,  517,  340,  114,  894,  877,  283,  648,  473,  170,  837,  188,  557,  399,  505,  764],
        [  318,  318,  640,  151,  400,  387,   72,  326,  436,  559,  429,  776,  234,  527,  380,    0,  470,  261,  710,  570,   99,  362,  162,  359,  489,  411,  449,  123,  407,  631,  212,  314,  594,  606,  388,  617,  298,  680,  427,  450,  643,  502,  440,  312,  220,  216,  483,  453,  244,  316,  238,  496],
        [  308,  308, 1026,  593,  860,  836,  446,  541,  507, 1012,  827,  778,  572,  469,  849,  470,    0,  306, 1142, 1000,  568,  403,  588,  810,  675,  873,  916,  584,  372, 1017,  598,  754, 1025, 1064,  678,  953,  497, 1076,  836,  918,  636,  162,  835,  275,  507,  681,  293,  889,  355,  625,  488,  530],
        [  365,  365,  899,  328,  650,  645,  285,  511,  562,  812,  527,  898,  466,  599,  596,  261,  306,    0,  969,  830,  339,  458,  420,  534,  677,  659,  689,  337,  470,  889,  461,  473,  853,  855,  613,  865,  469,  939,  687,  685,  752,  416,  535,   54,  424,  428,  477,  600,   50,  319,  425,  612],
        [  871,  871,  198,  675,  332,  325,  707,  655,  783,  180,  734,  933,  576,  918,  465,  710, 1142,  969,    0,  143,  633,  821,  561,  579,  637,  331,  333,  646,  882,  201,  545,  627,  118,  178,  524,  337,  686,  152,  309,  353,  896, 1108,  741, 1021,  644,  578, 1011,  629,  944,  853,  670,  822],
        [  731,  731,  156,  545,  213,  191,  565,  520,  654,  113,  641,  837,  435,  791,  366,  570, 1000,  830,  143,    0,  497,  685,  419,  480,  522,  218,  240,  513,  746,  152,  403,  519,   26,  159,  395,  269,  549,  152,  168,  264,  784,  968,  649,  882,  503,  453,  875,  546,  807,  734,  529,  698],
        [  404,  404,  584,   89,  312,  309,  149,  362,  491,  474,  358,  821,  243,  597,  282,   99,  568,  339,  633,  497,    0,  433,  136,  266,  511,  321,  355,   42,  484,  575,  200,  229,  519,  517,  388,  581,  343,  619,  370,  354,  697,  599,  370,  392,  257,  120,  572,  365,  312,  296,  283,  553],
        [  103,  103,  670,  509,  612,  566,  292,  167,  110,  732,  788,  441,  267,  166,  675,  362,  403,  458,  821,  685,  433,    0,  354,  693,  273,  631,  687,  471,   63,  661,  320,  661,  710,  791,  306,  574,  137,  724,  518,  699,  298,  306,  799,  479,  206,  544,  191,  795,  482,  667,  174,  155],
        [  356,  356,  479,  223,  278,  249,  146,  245,  388,  425,  474,  702,  115,  508,  322,  162,  588,  420,  561,  419,  136,  354,    0,  352,  381,  294,  345,  175,  412,  470,   65,  333,  444,  478,  253,  457,  238,  520,  267,  353,  586,  580,  486,  470,  152,  209,  521,  457,  405,  432,  183,  449],
        [  670,  670,  617,  218,  272,  319,  415,  596,  739,  400,  163, 1050,  464,  855,  115,  359,  810,  534,  579,  480,  266,  693,  352,    0,  719,  263,  247,  236,  747,  610,  408,   64,  492,  414,  574,  672,  589,  630,  437,  228,  938,  859,  172,  585,  501,  150,  838,  105,  491,  297,  531,  800],
        [  369,  369,  456,  599,  537,  477,  425,  169,  181,  602,  853,  339,  269,  298,  658,  489,  675,  677,  637,  522,  511,  273,  381,  719,    0,  557,  616,  552,  316,  449,  318,  710,  545,  662,  151,  334,  209,  512,  379,  636,  263,  573,  865,  711,  270,  586,  439,  822,  687,  799,  258,  197],
        [  647,  647,  356,  348,   21,   81,  429,  487,  637,  158,  425,  895,  365,  770,  152,  411,  873,  659,  331,  218,  321,  631,  294,  263,  557,    0,   59,  325,  692,  349,  312,  302,  232,  197,  408,  425,  500,  367,  201,   79,  809,  874,  434,  712,  427,  249,  809,  338,  629,  522,  458,  692],
        [  700,  700,  388,  369,   80,  139,  473,  545,  695,  153,  405,  953,  421,  827,  133,  449,  916,  689,  333,  240,  355,  687,  345,  247,  616,   59,    0,  353,  748,  382,  368,  296,  248,  175,  466,  470,  556,  392,  255,   26,  867,  923,  412,  743,  482,  267,  863,  307,  656,  526,  514,  750],
        [  437,  437,  609,   48,  318,  323,  183,  403,  531,  481,  319,  862,  284,  635,  266,  123,  584,  337,  646,  513,   42,  471,  175,  236,  552,  325,  353,    0,  520,  600,  240,  193,  534,  520,  427,  613,  384,  640,  395,  349,  737,  624,  330,  390,  297,   97,  604,  332,  305,  259,  324,  593],
        [  106,  106,  728,  556,  674,  628,  339,  228,  138,  794,  835,  433,  329,  131,  733,  407,  372,  470,  882,  746,  484,   63,  412,  747,  316,  692,  748,  520,    0,  720,  381,  712,  772,  853,  365,  629,  199,  783,  580,  760,  286,  258,  846,  484,  267,  598,  131,  848,  499,  702,  235,  160],
        [  726,  726,   10,  639,  339,  297,  608,  495,  608,  264,  773,  734,  447,  740,  501,  631, 1017,  889,  201,  152,  575,  661,  470,  610,  449,  349,  382,  600,  720,    0,  433,  642,  157,  305,  356,  137,  533,   64,  206,  407,  703,  961,  782,  938,  511,  558,  851,  686,  874,  841,  530,  641],
        [  340,  340,  443,  288,  294,  253,  177,  191,  339,  426,  536,  642,   58,  466,  366,  212,  598,  461,  545,  403,  200,  320,   65,  408,  318,  312,  368,  240,  381,  433,    0,  394,  428,  482,  188,  406,  193,  488,  240,  380,  531,  572,  548,  508,  115,  270,  498,  513,  451,  495,  147,  398],
        [  630,  630,  650,  166,  308,  346,  375,  576,  714,  448,  146, 1034,  447,  824,  165,  314,  754,  473,  627,  519,  229,  661,  333,   64,  710,  302,  296,  193,  712,  642,  394,    0,  533,  467,  570,  693,  565,  667,  458,  279,  917,  809,  157,  523,  476,  124,  796,  140,  429,  236,  505,  776],
        [  757,  757,  160,  565,  229,  212,  590,  545,  679,  110,  652,  857,  461,  816,  378,  594, 1025,  853,  118,   26,  519,  710,  444,  492,  545,  232,  248,  534,  772,  157,  428,  533,    0,  148,  420,  282,  575,  147,  194,  272,  807,  993,  660,  905,  529,  472,  900,  554,  830,  752,  555,  722],
        [  821,  821,  307,  541,  207,  231,  619,  633,  777,   60,  563,  986,  527,  913,  302,  606, 1064,  855,  178,  159,  517,  791,  478,  414,  662,  197,  175,  520,  853,  305,  482,  467,  148,    0,  524,  427,  655,  286,  286,  189,  924, 1054,  570,  908,  594,  439,  976,  454,  824,  700,  624,  826],
        [  377,  377,  364,  475,  387,  328,  335,  141,  260,  464,  715,  489,  154,  396,  509,  388,  678,  613,  524,  395,  388,  306,  253,  574,  151,  408,  466,  427,  365,  356,  188,  570,  420,  524,    0,  276,  183,  419,  239,  486,  404,  608,  726,  654,  190,  448,  495,  677,  613,  683,  197,  304],
        [  651,  651,  140,  657,  410,  355,  580,  415,  506,  379,  833,  600,  402,  631,  572,  617,  953,  865,  337,  269,  581,  574,  457,  672,  334,  425,  470,  613,  629,  137,  406,  693,  282,  427,  276,    0,  457,  192,  236,  495,  577,  879,  843,  911,  456,  592,  758,  759,  857,  867,  469,  531],
        [  195,  195,  542,  428,  481,  432,  228,   45,  150,  596,  701,  480,  137,  274,  557,  298,  497,  469,  686,  549,  343,  137,  238,  589,  209,  500,  556,  384,  199,  533,  193,  565,  575,  655,  183,  457,    0,  595,  382,  570,  354,  428,  712,  503,   89,  443,  326,  693,  480,  613,   61,  212],
        [  788,  788,   56,  677,  360,  326,  661,  558,  672,  257,  791,  791,  505,  803,  517,  680, 1076,  939,  152,  152,  619,  724,  520,  630,  512,  367,  392,  640,  783,   64,  488,  667,  147,  286,  419,  192,  595,    0,  253,  416,  764, 1023,  800,  989,  570,  592,  914,  698,  922,  874,  590,  704],
        [  563,  563,  216,  435,  183,  124,  410,  354,  494,  226,  597,  710,  268,  631,  340,  427,  836,  687,  309,  168,  370,  518,  267,  437,  379,  201,  255,  395,  580,  206,  240,  458,  194,  286,  239,  236,  382,  253,    0,  278,  640,  800,  607,  737,  336,  361,  707,  526,  669,  641,  362,  541],
        [  709,  709,  413,  362,   99,  160,  477,  560,  710,  173,  383,  973,  434,  842,  114,  450,  918,  685,  353,  264,  354,  699,  353,  228,  636,   79,   26,  349,  760,  407,  380,  279,  272,  189,  486,  495,  570,  416,  278,    0,  886,  930,  391,  738,  494,  259,  873,  283,  651,  511,  526,  766],
        [  388,  388,  709,  781,  788,  731,  572,  342,  208,  864, 1054,  147,  474,  168,  894,  643,  636,  752,  896,  784,  697,  298,  586,  938,  263,  809,  867,  737,  286,  703,  531,  917,  807,  924,  404,  577,  354,  764,  640,  886,    0,  490, 1065,  769,  441,  794,  345, 1042,  778,  956,  414,  148],
        [  237,  237,  970,  644,  858,  823,  456,  467,  394,  998,  904,  628,  534,  327,  877,  502,  162,  416, 1108,  968,  599,  306,  580,  859,  573,  874,  923,  624,  258,  961,  572,  809,  993, 1054,  608,  879,  428, 1023,  800,  930,  490,    0,  913,  400,  465,  717,  147,  948,  462,  721,  439,  403],
        [  756,  756,  789,  290,  444,  490,  508,  727,  860,  563,   12, 1186,  600,  964,  283,  440,  835,  535,  741,  649,  370,  799,  486,  172,  865,  434,  412,  330,  846,  782,  548,  157,  660,  570,  726,  843,  712,  800,  607,  391, 1065,  913,    0,  578,  624,  279,  918,  122,  486,  228,  652,  922],
        [  382,  382,  948,  380,  703,  697,  332,  546,  586,  865,  571,  916,  510,  612,  648,  312,  275,   54, 1021,  882,  392,  479,  470,  585,  711,  712,  743,  390,  484,  938,  508,  523,  905,  908,  654,  911,  503,  989,  737,  738,  769,  400,  578,    0,  464,  481,  477,  648,   95,  358,  463,  632],
        [  229,  229,  520,  342,  408,  366,  155,  108,  239,  537,  613,  565,   69,  357,  473,  220,  507,  424,  644,  503,  257,  206,  152,  501,  270,  427,  482,  297,  267,  511,  115,  476,  529,  594,  190,  456,   89,  570,  336,  494,  441,  465,  624,  464,    0,  354,  384,  605,  427,  533,   33,  300],
        [  522,  522,  567,  103,  246,  266,  268,  453,  593,  405,  268,  911,  324,  706,  170,  216,  681,  428,  578,  453,  120,  544,  209,  150,  586,  249,  267,   97,  598,  558,  270,  124,  472,  439,  448,  592,  443,  592,  361,  259,  794,  717,  279,  481,  354,    0,  690,  252,  392,  283,  384,  654],
        [  169,  169,  859,  634,  791,  749,  423,  358,  258,  918,  908,  486,  450,  180,  837,  483,  293,  477, 1011,  875,  572,  191,  521,  838,  439,  809,  863,  604,  131,  851,  498,  796,  900,  976,  495,  758,  326,  914,  707,  873,  345,  147,  918,  477,  384,  690,    0,  935,  515,  751,  354,  259],
        [  768,  768,  692,  305,  351,  404,  513,  701,  843,  453,  118, 1154,  569,  957,  188,  453,  889,  600,  629,  546,  365,  795,  457,  105,  822,  338,  307,  332,  848,  686,  513,  140,  554,  454,  677,  759,  693,  698,  526,  283, 1042,  948,  122,  648,  605,  252,  935,    0,  554,  322,  635,  904],
        [  394,  394,  883,  290,  621,  620,  280,  519,  583,  784,  479,  922,  462,  629,  557,  244,  355,   50,  944,  807,  312,  482,  405,  491,  687,  629,  656,  305,  499,  874,  451,  429,  830,  824,  613,  857,  480,  922,  669,  651,  778,  462,  486,   95,  427,  392,  515,  554,    0,  270,  431,  635],
        [  602,  602,  849,  212,  523,  549,  386,  640,  749,  675,  223, 1090,  534,  830,  399,  316,  625,  319,  853,  734,  296,  667,  432,  297,  799,  522,  526,  259,  702,  841,  495,  236,  752,  700,  683,  867,  613,  874,  641,  511,  956,  721,  228,  358,  533,  283,  751,  322,  270,    0,  553,  808],
        [  202,  202,  539,  367,  440,  396,  170,   90,  209,  566,  640,  541,   97,  326,  505,  238,  488,  425,  670,  529,  283,  174,  183,  531,  258,  458,  514,  324,  235,  530,  147,  505,  555,  624,  197,  469,   61,  590,  362,  526,  414,  439,  652,  463,   33,  384,  354,  635,  431,  553,    0,  271],
        [  253,  253,  648,  635,  672,  618,  425,  209,   62,  766,  910,  288,  341,  101,  764,  496,  530,  612,  822,  698,  553,  155,  449,  800,  197,  692,  750,  593,  160,  641,  398,  776,  722,  826,  304,  531,  212,  704,  541,  766,  148,  403,  922,  632,  300,  654,  259,  904,  635,  808,  271,    0]
    ]
}
