{
    "name": "random-5-28541",
    "comment": "size=5 seed=28541",
    "nodes": ["+0", "-0", "+1", "-1", "+2", "-2", "+3", "-3", "+4", "-4", "+5", "-5"],
    "precedence": {
        "+0": "-0",
        "+1": "-1",
        "+2": "-2",
        "+3": "-3",
        "+4": "-4",
        "+5": "-5"
    },
    "edges": [
        [    0,    0,  828,  748,  488,  735,  346,  310,  179,  665,  440,  442],
        [    0,    0,  828,  748,  488,  735,  346,  310,  179,  665,  440,  442],
        [  828,  828,    0,  567,  680,  157,  846,  756,  660,  278,  681,  876],
        [  748,  748,  567,    0,  941,  641,  979,  482,  675,  310,  913,  493],
        [  488,  488,  680,  941,    0,  529,  233,  700,  363,  697,   49,  863],
        [  735,  735,  157,  641,  529,    0,  708,  722,  560,  331,  533,  861],
        [  346,  346,  846,  979,  233,  708,    0,  629,  310,  793,  199,  778],
        [  310,  310,  756,  482,  700,  722,  629,    0,  340,  515,  656,  165],
        [  179,  179,  660,  675,  363,  560,  310,  340,    0,  529,  318,  501],
        [  665,  665,  278,  310,  697,  331,  793,  515,  529,    0,  679,  614],
        [  440,  440,  681,  913,   49,  533,  199,  656,  318,  679,    0,  818],
        [  442,  442,  876,  493,  863,  861,  778,  165,  501,  614,  818,    0]
    ]
}
