{
    "name": "random-3-11656",
    "comment": "size=3 seed=11656",
    "nodes": ["+0", "-0", "+1", "-1", "+2", "-2", "+3", "-3"],
    "precedence": {
        "+0": "-0",
        "+1": "-1",
        "+2": "-2",
        "+3": "-3"
    },
    "edges": [
        [    0,    0,  509,  420,  281,  248,  169,  104],
        [    0,    0,  509,  420,  281,  248,  169,  104],
        [  509,  509,    0,  826,  778,  308,  345,  478],
        [  420,  420,  826,    0,  249,  649,  511,  521],
        [  281,  281,  778,  249,    0,  528,  433,  359],
        [  248,  248,  308,  649,  528,    0,  157,  182],
        [  169,  169,  345,  511,  433,  157,    0,  180],
        [  104,  104,  478,  521,  359,  182,  180,    0]
    ]
}
