{
    "name": "random-16-14117",
    "comment": "size=16 seed=14117",
    "nodes": ["+0", "-0", "+1", "-1", "+2", "-2", "+3", "-3", "+4", "-4", "+5", "-5", "+6", "-6", "+7", "-7", "+8", "-8", "+9", "-9", "+10", "-10", "+11", "-11", "+12", "-12", "+13", "-13", "+14", "-14", "+15", "-15", "+16", "-16"],
    "precedence": {
        "+0": "-0",
        "+1": "-1",
        "+2": "-2",
        "+3": "-3",
        "+4": "-4",
        "+5": "-5",
        "+6": "-6",
        "+7": "-7",
        "+8": "-8",
        "+9": "-9",
        "+10": "-10",
        "+11": "-11",
        "+12": "-12",
        "+13": "-13",
        "+14": "-14",
        "+15": "-15",
        "+16": "-16"
    },
    "edges": [
        [    0,    0,  714,  441,  691,  250,  206,  233,  200,  349,  325,  528,  569,  427,  173,  269,  569,  429,  624,  272,  569,  542,  140,  397,   58,  281,  230,  613,  517,  394,  701,  483,  123,  297],
        [    0,    0,  714,  441,  691,  250,  206,  233,  200,  349,  325,  528,  569,  427,  173,  269,  569,  429,  624,  272,  569,  542,  140,  397,   58,  281,  230,  613,  517,  394,  701,  483,  123,  297],
        [  714,  714,    0,  803,  244,  637,  901,  720,  549,  465,  841,  286,  642,  880,  874,  498,  204,  443,  211,  693,  706,  525,  746,  978,  772,  439,  887,  509,  822,  836,  441,  606,  798,  419],
        [  441,  441,  803,    0,  907,  231,  408,  669,  552,  678,  764,  769,  259,  867,  418,  362,  763,  754,  830,  180,  210,  896,  307,  262,  450,  538,  638,  398,  951,  834,  524,  872,  365,  493],
        [  691,  691,  244,  907,    0,  701,  895,  617,  495,  361,  718,  163,  804,  731,  863,  555,  145,  301,   78,  762,  860,  323,  765, 1028,  745,  418,  809,  696,  641,  690,  656,  422,  798,  434],
        [  250,  250,  637,  231,  701,    0,  324,  460,  324,  448,  569,  553,  320,  667,  313,  147,  559,  525,  624,   61,  320,  666,  159,  341,  282,  310,  476,  383,  734,  630,  488,  643,  234,  272],
        [  206,  206,  901,  408,  895,  324,    0,  391,  406,  554,  432,  732,  616,  535,   36,  418,  769,  634,  826,  303,  593,  739,  169,  246,  158,  480,  266,  703,  659,  516,  811,  671,  104,  485],
        [  233,  233,  720,  669,  617,  460,  391,    0,  195,  262,  130,  466,  763,  213,  356,  415,  533,  317,  569,  494,  776,  376,  372,  618,  247,  308,  199,  774,  284,  172,  837,  290,  343,  362],
        [  200,  200,  549,  552,  495,  324,  406,  195,    0,  151,  325,  333,  596,  400,  372,  238,  382,  232,  432,  374,  619,  357,  305,  578,  251,  117,  338,  588,  427,  356,  644,  320,  317,  167],
        [  349,  349,  465,  678,  361,  448,  554,  262,  151,    0,  377,  204,  678,  419,  520,  329,  272,   82,  308,  504,  712,  219,  453,  726,  398,  148,  449,  637,  389,  374,  665,  215,  467,  208],
        [  325,  325,  841,  764,  718,  569,  432,  130,  325,  377,    0,  575,  881,  105,  401,  540,  648,  418,  677,  596,  889,  440,  459,  675,  318,  438,  178,  900,  236,   86,  965,  338,  413,  492],
        [  528,  528,  286,  769,  163,  553,  732,  466,  333,  204,  575,    0,  698,  603,  700,  409,   83,  162,  104,  614,  748,  247,  606,  872,  582,  259,  652,  613,  536,  559,  602,  321,  637,  282],
        [  569,  569,  642,  259,  804,  320,  616,  763,  596,  678,  881,  698,    0,  975,  614,  359,  665,  738,  729,  317,   69,  885,  469,  518,  601,  531,  795,  155, 1022,  935,  279,  891,  542,  470],
        [  427,  427,  880,  867,  731,  667,  535,  213,  400,  419,  105,  603,  975,    0,  504,  627,  681,  442,  701,  697,  986,  428,  563,  778,  423,  506,  274,  985,  157,   46, 1043,  322,  517,  564],
        [  173,  173,  874,  418,  863,  313,   36,  356,  372,  520,  401,  700,  614,  504,    0,  396,  739,  599,  795,  299,  595,  704,  155,  275,  123,  450,  239,  695,  626,  484,  800,  635,   83,  457],
        [  269,  269,  498,  362,  555,  147,  418,  415,  238,  329,  540,  409,  359,  627,  396,    0,  412,  399,  478,  208,  387,  545,  253,  484,  321,  182,  493,  360,  664,  585,  435,  538,  315,  132],
        [  569,  569,  204,  763,  145,  559,  769,  533,  382,  272,  648,   83,  665,  681,  739,  412,    0,  241,   67,  619,  720,  327,  631,  889,  625,  289,  713,  566,  618,  637,  541,  403,  670,  296],
        [  429,  429,  443,  754,  301,  525,  634,  317,  232,   82,  418,  162,  738,  442,  599,  399,  241,    0,  261,  581,  777,  148,  534,  808,  476,  218,  512,  683,  382,  398,  699,  177,  548,  272],
        [  624,  624,  211,  830,   78,  624,  826,  569,  432,  308,  677,  104,  729,  701,  795,  478,   67,  261,    0,  685,  784,  317,  693,  953,  679,  347,  755,  625,  625,  658,  592,  406,  729,  359],
        [  272,  272,  693,  180,  762,   61,  303,  494,  374,  504,  596,  614,  317,  697,  299,  208,  619,  581,  685,    0,  304,  722,  154,  286,  293,  369,  487,  403,  773,  662,  515,  693,  226,  332],
        [  569,  569,  706,  210,  860,  320,  593,  776,  619,  712,  889,  748,   69,  986,  595,  387,  720,  777,  784,  304,    0,  924,  457,  471,  596,  565,  790,  224, 1043,  948,  346,  924,  528,  506],
        [  542,  542,  525,  896,  323,  666,  739,  376,  357,  219,  440,  247,  885,  428,  704,  545,  327,  148,  317,  722,  924,    0,  660,  933,  582,  364,  574,  826,  320,  393,  834,  107,  663,  419],
        [  140,  140,  746,  307,  765,  159,  169,  372,  305,  453,  459,  606,  469,  563,  155,  253,  631,  534,  693,  154,  457,  660,    0,  274,  144,  348,  336,  542,  656,  532,  646,  612,   75,  338],
        [  397,  397,  978,  262, 1028,  341,  246,  618,  578,  726,  675,  872,  518,  778,  275,  484,  889,  808,  953,  286,  471,  933,  274,    0,  372,  615,  512,  647,  896,  757,  770,  880,  278,  595],
        [   58,   58,  772,  450,  745,  282,  158,  247,  251,  398,  318,  582,  601,  423,  123,  321,  625,  476,  679,  293,  596,  582,  144,  372,    0,  338,  195,  656,  527,  395,  748,  516,   97,  354],
        [  281,  281,  439,  538,  418,  310,  480,  308,  117,  148,  438,  259,  531,  506,  450,  182,  289,  218,  347,  369,  565,  364,  348,  615,  338,    0,  451,  499,  511,  461,  542,  361,  382,   64],
        [  230,  230,  887,  638,  809,  476,  266,  199,  338,  449,  178,  652,  795,  274,  239,  493,  713,  512,  755,  487,  790,  574,  336,  512,  195,  451,    0,  842,  413,  263,  927,  482,  273,  489],
        [  613,  613,  509,  398,  696,  383,  703,  774,  588,  637,  900,  613,  155,  985,  695,  360,  566,  683,  625,  403,  224,  826,  542,  647,  656,  499,  842,    0, 1009,  942,  127,  851,  616,  435],
        [  517,  517,  822,  951,  641,  734,  659,  284,  427,  389,  236,  536, 1022,  157,  626,  664,  618,  382,  625,  773, 1043,  320,  656,  896,  527,  511,  413, 1009,    0,  152, 1049,  220,  624,  574],
        [  394,  394,  836,  834,  690,  630,  516,  172,  356,  374,   86,  559,  935,   46,  484,  585,  637,  398,  658,  662,  948,  393,  532,  757,  395,  461,  263,  942,  152,    0,  999,  287,  490,  520],
        [  701,  701,  441,  524,  656,  488,  811,  837,  644,  665,  965,  602,  279, 1043,  800,  435,  541,  699,  592,  515,  346,  834,  646,  770,  748,  542,  927,  127, 1049,  999,    0,  873,  719,  480],
        [  483,  483,  606,  872,  422,  643,  671,  290,  320,  215,  338,  321,  891,  322,  635,  538,  403,  177,  406,  693,  924,  107,  612,  880,  516,  361,  482,  851,  220,  287,  873,    0,  604,  423],
        [  123,  123,  798,  365,  798,  234,  104,  343,  317,  467,  413,  637,  542,  517,   83,  315,  670,  548,  729,  226,  528,  663,   75,  278,   97,  382,  273,  616,  624,  490,  719,  604,    0,  383],
        [  297,  297,  419,  493,  434,  272,  485,  362,  167,  208,  492,  282,  470,  564,  457,  132,  296,  272,  359,  332,  506,  419,  338,  595,  354,   64,  489,  435,  574,  520,  480,  423,  383,    0]
    ]
}
