{
    "name": "random-55-26329",
    "comment": "size=55 seed=26329",
    "nodes": ["+0", "-0", "+1", "-1", "+2", "-2", "+3", "-3", "+4", "-4", "+5", "-5", "+6", "-6", "+7", "-7", "+8", "-8", "+9", "-9", "+10", "-10", "+11", "-11", "+12", "-12", "+13", "-13", "+14", "-14", "+15", "-15", "+16", "-16", "+17", "-17", "+18", "-18", "+19", "-19", "+20", "-20", "+21", "-21", "+22", "-22", "+23", "-23", "+24", "-24", "+25", "-25", "+26", "-26", "+27", "-27", "+28", "-28", "+29", "-29", "+30", "-30", "+31", "-31", "+32", "-32", "+33", "-33", "+34", "-34", "+35", "-35", "+36", "-36", "+37", "-37", "+38", "-38", "+39", "-39", "+40", "-40", "+41", "-41", "+42", "-42", "+43", "-43", "+44", "-44", "+45", "-45", "+46", "-46", "+47", "-47", "+48", "-48", "+49", "-49", "+50", "-50", "+51", "-51", "+52", "-52", "+53", "-53", "+54", "-54", "+55", "-55"],
    "precedence": {
        "+0": "-0",
        "+1": "-1",
        "+2": "-2",
        "+3": "-3",
        "+4": "-4",
        "+5": "-5",
        "+6": "-6",
        "+7": "-7",
        "+8": "-8",
        "+9": "-9",
        "+10": "-10",
        "+11": "-11",
        "+12": "-12",
        "+13": "-13",
        "+14": "-14",
        "+15": "-15",
        "+16": "-16",
        "+17": "-17",
        "+18": "-18",
        "+19": "-19",
        "+20": "-20",
        "+21": "-21",
        "+22": "-22",
        "+23": "-23",
        "+24": "-24",
        "+25": "-25",
        "+26": "-26",
        "+27": "-27",
        "+28": "-28",
        "+29": "-29",
        "+30": "-30",
        "+31": "-31",
        "+32": "-32",
        "+33": "-33",
        "+34": "-34",
        "+35": "-35",
        "+36": "-36",
        "+37": "-37",
        "+38": "-38",
        "+39": "-39",
        "+40": "-40",
        "+41": "-41",
        "+42": "-42",
        "+43": "-43",
        "+44": "-44",
        "+45": "-45",
        "+46": "-46",
        "+47": "-47",
        "+48": "-48",
        "+49": "-49",
        "+50": "-50",
        "+51": "-51",
        "+52": "-52",
        "+53": "-53",
        "+54": "-54",
        "+55": "-55"
    },
    "edges": [
        [    0,    0,  181,  588,  448,  541,  433,  127,  463,   94,  188,  380,  268,  436,  589,  244,  419,  539,  378,  315,  661,   68,   79,  102,  151,  282,  311,  301,  150,  410,  407,  589,  103,  434,  245,  646,  521,  380,  312,  401,  468,  365,  287,  647,  306,  420,  300,  421,  630,  563,  385,  588,  455,  419,  334,  162,  336,  494,   93,  538,  544,  637,   34,  635,  507,   38,  544,  423,  432,  376,  442,  120,  537,  279,  125,  226,   19,  540,  287,  220,  356,  258,  535,  340,  263,  533,  391,  446,  588,  615,  728,  190,  304,  631,  566,  624,  184,  381,  283,  340,  198,  140,  578,  546,  189,  624,  435,  290,  329,  534,  624,  400],
        [    0,    0,    0,    0,    0,    0,    0,    0,    0,    0,    0,    0,    0,    0,    0,    0,    0,    0,    0,    0,    0,    0,    0,    0,    0,    0,    0,    0,    0,    0,    0,    0,    0,    0,    0,    0,    0,    0,    0,    0,    0,    0,    0,    0,    0,    0,    0,    0,    0,    0,    0,    0,    0,    0,    0,    0,    0,    0,    0,    0,    0,    0,    0,    0,    0,    0,    0,    0,    0,    0,    0,    0,    0,    0,    0,    0,    0,    0,    0,    0,    0,    0,    0,    0,    0,    0,    0,    0,    0,    0,    0,    0,    0,    0,    0,    0,    0,    0,    0,    0,    0,    0,    0,    0,    0,    0,    0,    0,    0,    0,    0,    0],
        [  181,    0,    0,  512,  433,  629,  329,  268,  410,  104,  368,  283,  139,  338,  769,  327,  588,  715,  228,  473,  801,  122,  227,  213,  278,  339,  462,  376,  167,  590,  268,  721,  240,  404,   95,  823,  458,  391,  463,  383,  647,  381,  180,  794,  409,  479,  297,  537,  798,  709,  557,  721,  627,  583,  289,  302,  248,  404,  253,  681,  483,  774,  158,  799,  608,  211,  690,  522,  442,  373,  610,  283,  717,  426,  108,  391,  199,  712,  441,  231,  293,  233,  494,  461,  154,  710,  312,  568,  765,  795,  875,  302,  194,  768,  746,  757,  259,  546,  270,  519,  240,  303,  758,  722,  225,  775,  441,  469,  454,  699,  748,  283],
        [  588,    0,  512,    0,  942, 1122,  189,  715,  905,  511,  705,  761,  624,  807, 1031,  817,  775,  925,  332,  890, 1240,  581,  553,  678,  737,  840,  625,  424,  668,  895,  699,  714,  689,  187,  578, 1022,  943,  283,  892,  892,  950,  892,  333, 1221,  889,  388,  808, 1008, 1166,  763,  929,  718,  822,  747,  256,  750,  739,  873,  680,  729,   61,  773,  556,  906,  548,  586, 1121, 1008,  953,  884,  993,  703, 1004,  863,  606,  797,  594, 1068,  625,  740,  233,  332,  116,  928,  649,  928,  202, 1034,  969, 1075,  887,  497,  318, 1212, 1034, 1208,  448,  941,  314,  803,  412,  592, 1051,  929,  727,  826,  256,  752,  551,  835,  708,  742],
        [  448,    0,  433,  942,    0,  330,  755,  373,   94,  472,  537,  216,  323,  208,  840,  255,  787,  853,  628,  453,  608,  408,  526,  355,  348,  201,  731,  747,  305,  673,  315, 1013,  376,  834,  366,  944,  136,  806,  428,   51,  711,   99,  611,  626,  282,  865,  149,  354,  728,  969,  566, 1011,  807,  803,  719,  367,  215,  192,  409,  951,  916, 1053,  465, 1001,  951,  480,  543,  299,   63,   74,  578,  416,  775,  400,  358,  448,  459,  684,  705,  230,  726,  656,  926,  338,  296,  842,  744,  385,  895,  839, 1127,  637,  625,  571,  795,  548,  627,  524,  691,  657,  630,  569,  798,  862,  260, 1021,  859,  633,  768,  904, 1054,  257],
        [  541,    0,  629, 1122,  330,    0,  951,  416,  424,  612,  510,  521,  573,  530,  649,  306,  701,  708,  854,  324,  291,  542,  597,  445,  390,  291,  712,  813,  463,  527,  620,  967,  439,  974,  602,  772,  459,  916,  304,  347,  540,  290,  798,  318,  236,  930,  365,  148,  462,  900,  400,  963,  701,  729,  872,  385,  501,  522,  456,  893, 1082,  990,  571,  882,  960,  554,  263,  120,  271,  323,  376,  441,  586,  308,  523,  389,  540,  454,  689,  403,  890,  797, 1075,  217,  544,  694,  921,  150,  736,  629, 1034,  696,  815,  255,  596,  230,  714,  352,  824,  559,  736,  599,  592,  716,  404,  935,  971,  562,  778,  800, 1014,  566],
        [  433,    0,  329,  189,  755,  951,    0,  556,  716,  346,  579,  572,  436,  619,  944,  646,  704,  853,  147,  745, 1093,  413,  415,  513,  576,  664,  550,  362,  491,  789,  512,  711,  529,  180,  390,  957,  755,  254,  744,  706,  846,  710,  153, 1078,  723,  383,  624,  846, 1045,  740,  801,  714,  750,  682,  141,  592,  551,  685,  525,  706,  179,  772,  399,  871,  554,  439,  976,  840,  769,  699,  862,  552,  907,  711,  430,  654,  442,  949,  542,  560,  106,  200,  215,  767,  461,  853,   65,  874,  900,  983,  886,  392,  137, 1063,  938, 1056,  333,  805,  202,  700,  291,  470,  953,  858,  551,  807,  265,  646,  492,  785,  718,  554],
        [  127,    0,  268,  715,  373,  416,  556,    0,  410,  211,  169,  369,  300,  419,  538,  132,  425,  516,  488,  205,  540,  150,  183,   58,   29,  181,  359,  406,  141,  356,  425,  641,   29,  560,  297,  618,  471,  501,  196,  332,  409,  279,  407,  530,  181,  526,  237,  294,  533,  598,  297,  639,  450,  436,  461,   37,  324,  465,   43,  579,  671,  681,  160,  643,  587,  138,  426,  298,  342,  300,  345,   45,  479,  160,  169,  130,  125,  451,  333,  171,  483,  385,  661,  213,  284,  507,  517,  320,  562,  555,  759,  289,  424,  509,  507,  501,  300,  280,  410,  310,  321,  203,  515,  524,  135,  653,  556,  274,  401,  542,  682,  401],
        [  463,    0,  410,  905,   94,  424,  716,  410,    0,  467,  578,  149,  282,  124,  908,  310,  833,  912,  581,  522,  700,  412,  541,  380,  389,  259,  762,  754,  313,  735,  240, 1044,  407,  813,  329, 1007,   61,  796,  498,   93,  777,  168,  581,  717,  354,  868,  174,  440,  812, 1007,  636, 1043,  857,  845,  698,  413,  166,   99,  441,  986,  884, 1088,  473, 1051,  969,  497,  631,  387,  154,  130,  654,  454,  844,  467,  355,  504,  476,  763,  736,  247,  700,  640,  901,  415,  260,  901,  713,  473,  955,  911, 1168,  650,  592,  662,  866,  640,  631,  597,  677,  711,  628,  594,  869,  920,  282, 1062,  848,  680,  790,  951, 1082,  183],
        [   94,    0,  104,  511,  472,  612,  346,  211,  467,    0,  274,  359,  225,  417,  674,  307,  485,  615,  285,  407,  750,   72,  124,  169,  230,  335,  358,  290,  170,  498,  363,  621,  184,  371,  189,  723,  521,  335,  403,  422,  556,  402,  196,  738,  380,  402,  325,  501,  723,  607,  479,  621,  525,  479,  262,  247,  319,  480,  183,  579,  471,  674,   64,  696,  517,  115,  635,  498,  467,  404,  536,  212,  624,  369,  114,  319,  109,  633,  337,  247,  279,  190,  470,  422,  231,  610,  310,  529,  664,  703,  773,  203,  214,  719,  654,  711,  168,  474,  222,  422,  161,  200,  667,  622,  226,  672,  389,  371,  355,  595,  651,  369],
        [  188,    0,  368,  705,  537,  510,  579,  169,  578,  274,    0,  532,  443,  584,  402,  285,  256,  357,  552,  203,  544,  251,  166,  210,  191,  338,  207,  321,  295,  224,  577,  482,  177,  528,  427,  463,  639,  448,  215,  498,  282,  440,  448,  521,  298,  431,  405,  365,  467,  433,  225,  479,  284,  268,  455,  170,  487,  632,  144,  416,  652,  518,  212,  475,  452,  159,  425,  394,  500,  465,  288,  125,  351,  202,  299,  122,  170,  371,  182,  338,  485,  382,  628,  294,  432,  350,  526,  378,  406,  429,  592,  214,  465,  521,  380,  521,  257,  238,  393,  154,  295,  114,  393,  365,  302,  486,  499,  109,  269,  374,  525,  560],
        [  380,    0,  283,  761,  216,  521,  572,  369,  149,  359,  532,    0,  146,   58,  902,  313,  786,  884,  435,  530,  772,  318,  455,  323,  356,  278,  691,  649,  239,  721,  101,  968,  356,  680,  193,  986,  183,  674,  509,  179,  770,  232,  443,  781,  384,  758,  174,  497,  848,  942,  641,  967,  815,  791,  565,  384,   46,  122,  388,  918,  744, 1017,  381, 1005,  875,  418,  686,  454,  259,  198,  673,  410,  840,  473,  258,  487,  397,  784,  666,  203,  564,  515,  763,  450,  131,  875,  574,  532,  931,  913, 1107,  557,  453,  735,  865,  716,  527,  610,  552,  679,  516,  520,  872,  892,  237, 1002,  723,  640,  705,  903, 1002,   46],
        [  268,    0,  139,  624,  323,  573,  436,  300,  282,  225,  443,  146,    0,  201,  835,  300,  686,  800,  306,  493,  787,  201,  335,  244,  298,  289,  575,  511,  161,  653,  140,  845,  279,  535,   48,  906,  325,  529,  478,  275,  707,  295,  300,  788,  383,  616,  211,  511,  823,  826,  595,  844,  720,  686,  420,  327,  117,  267,  305,  799,  603,  896,  260,  903,  741,  305,  686,  482,  346,  275,  638,  332,  778,  439,  145,  429,  286,  747,  551,  178,  419,  369,  620,  446,   30,  792,  432,  545,  848,  854,  992,  427,  311,  751,  805,  736,  390,  573,  407,  596,  376,  406,  815,  807,  195,  889,  577,  550,  578,  801,  875,  146],
        [  436,    0,  338,  807,  208,  530,  619,  419,  124,  417,  584,   58,  201,    0,  947,  352,  839,  934,  478,  570,  793,  375,  512,  375,  404,  311,  746,  706,  293,  768,  120, 1025,  408,  733,  247, 1035,  141,  729,  548,  183,  815,  248,  494,  805,  416,  814,  207,  522,  882,  997,  683, 1024,  867,  845,  618,  432,  101,   67,  441,  973,  792, 1073,  438, 1058,  932,  474,  713,  475,  261,  210,  711,  461,  885,  513,  315,  533,  453,  822,  722,  250,  615,  569,  814,  482,  187,  925,  623,  556,  980,  957, 1162,  614,  503,  756,  909,  735,  584,  649,  607,  729,  573,  575,  915,  942,  285, 1057,  777,  691,  762,  956, 1059,   66],
        [  589,    0,  769, 1031,  840,  649,  944,  538,  908,  674,  402,  902,  835,  947,    0,  601,  262,  128,  943,  388,  477,  651,  557,  592,  548,  650,  407,  607,  679,  183,  963,  477,  557,  845,  824,  129,  967,  749,  413,  817,  132,  745,  833,  432,  558,  669,  745,  522,  260,  389,  275,  471,  218,  296,  807,  519,  858,  983,  531,  405,  972,  464,  613,  288,  575,  560,  407,  579,  786,  780,  276,  504,   66,  442,  694,  416,  571,  205,  407,  699,  841,  745,  932,  506,  821,  118,  884,  505,  118,   53,  453,  552,  849,  481,   54,  501,  611,  319,  743,  252,  654,  486,   65,  131,  666,  382,  785,  306,  484,  261,  524,  937],
        [  244,    0,  327,  817,  255,  306,  646,  132,  310,  307,  285,  313,  300,  352,  601,    0,  533,  603,  555,  219,  488,  237,  311,  143,  104,   55,  485,  536,  162,  426,  393,  765,  147,  674,  317,  697,  370,  623,  197,  222,  469,  157,  493,  488,   84,  656,  146,  214,  537,  717,  332,  763,  552,  549,  569,  116,  275,  383,  174,  700,  778,  802,  271,  747,  718,  264,  387,  195,  216,  186,  361,  171,  537,  162,  220,  195,  247,  471,  459,  124,  586,  494,  774,  146,  275,  592,  616,  247,  646,  607,  873,  419,  510,  452,  561,  438,  425,  298,  523,  404,  441,  334,  565,  611,  108,  768,  678,  378,  532,  649,  807,  354],
        [  419,    0,  588,  775,  787,  701,  704,  425,  833,  485,  256,  786,  686,  839,  262,  533,    0,  151,  725,  379,  632,  486,  362,  464,  445,  587,  154,  353,  547,  197,  824,  273,  432,  590,  662,  254,  894,  492,  402,  752,  226,  690,  611,  594,  528,  408,  660,  554,  463,  199,  312,  268,   48,   38,  564,  422,  740,  888,  399,  196,  715,  289,  432,  220,  326,  383,  528,  598,  746,  717,  361,  381,  252,  411,  541,  344,  400,  371,  163,  594,  598,  510,  673,  502,  679,  154,  641,  553,  197,  311,  343,  320,  625,  622,  277,  633,  381,  356,  502,  143,  422,  286,  296,  155,  558,  238,  526,  155,  225,  118,  322,  811],
        [  539,    0,  715,  925,  853,  708,  853,  516,  912,  615,  357,  884,  800,  934,  128,  603,  151,    0,  868,  410,  577,  605,  493,  564,  531,  655,  305,  504,  650,  186,  934,  350,  529,  740,  782,  109,  972,  643,  435,  824,  170,  755,  755,  534,  577,  553,  742,  569,  374,  262,  310,  344,  104,  180,  713,  504,  839,  977,  499,  278,  865,  340,  557,  180,  450,  505,  491,  622,  805,  787,  336,  476,  150,  456,  655,  408,  520,  300,  311,  685,  748,  658,  822,  535,  789,   15,  791,  559,   50,  181,  343,  465,  769,  575,  164,  592,  526,  358,  651,  206,  568,  417,  181,    9,  649,  262,  675,  250,  375,  134,  397,  915],
        [  378,    0,  228,  332,  628,  854,  147,  488,  581,  285,  552,  435,  306,  478,  943,  555,  725,  868,    0,  690, 1026,  338,  388,  436,  502,  564,  577,  418,  394,  774,  368,  784,  460,  305,  264,  976,  616,  350,  683,  580,  832,  594,  115, 1017,  636,  474,  508,  764, 1007,  797,  763,  785,  770,  709,  216,  524,  418,  543,  465,  765,  325,  843,  347,  914,  638,  396,  913,  750,  649,  578,  820,  495,  898,  647,  336,  602,  392,  916,  563,  453,  191,  228,  359,  688,  334,  866,  175,  795,  917,  976,  954,  406,  104,  994,  929,  983,  346,  758,  253,  691,  306,  457,  942,  874,  451,  866,  378,  638,  537,  821,  799,  412],
        [  315,    0,  473,  890,  453,  324,  745,  205,  522,  407,  203,  530,  493,  570,  388,  219,  379,  410,  690,    0,  351,  353,  338,  262,  199,  264,  393,  522,  335,  225,  604,  643,  233,  720,  497,  494,  579,  645,   26,  430,  259,  357,  601,  333,  171,  633,  364,  177,  331,  577,  115,  639,  384,  406,  635,  172,  489,  600,  225,  570,  841,  667,  348,  573,  642,  308,  232,  220,  400,  393,  146,  196,  323,   58,  373,   93,  304,  256,  371,  331,  662,  559,  821,  127,  473,  397,  700,  182,  447,  390,  718,  412,  619,  324,  345,  322,  447,   81,  577,  237,  480,  310,  349,  418,  304,  616,  697,  238,  465,  484,  690,  569],
        [  661,    0,  801, 1240,  608,  291, 1093,  540,  700,  750,  544,  772,  787,  793,  477,  488,  632,  577, 1026,  351,    0,  689,  688,  590,  525,  503,  705,  863,  644,  436,  866,  901,  568, 1069,  804,  604,  742,  991,  350,  614,  416,  545,  946,   46,  404,  967,  601,  278,  228,  820,  337,  896,  612,  668,  986,  504,  743,  796,  568,  824, 1191,  906,  694,  755,  944,  657,  120,  319,  546,  584,  277,  542,  430,  382,  695,  443,  652,  278,  688,  609, 1011,  909, 1170,  343,  761,  563, 1049,  243,  588,  439,  919,  757,  963,   38,  425,   61,  796,  309,  927,  509,  830,  657,  413,  583,  595,  835, 1043,  540,  786,  699,  951,  817],
        [   68,    0,  122,  581,  408,  542,  413,  150,  412,   72,  251,  318,  201,  375,  651,  237,  486,  605,  338,  353,  689,    0,  138,  101,  166,  264,  376,  343,  103,  471,  340,  651,  122,  442,  178,  712,  468,  402,  346,  359,  528,  334,  261,  679,  311,  459,  259,  434,  677,  627,  435,  650,  522,  486,  334,  186,  275,  435,  131,  602,  542,  700,   64,  702,  560,  104,  576,  428,  400,  338,  488,  162,  598,  310,   61,  270,   87,  590,  352,  180,  350,  261,  541,  356,  198,  598,  380,  463,  654,  676,  793,  241,  278,  657,  627,  648,  220,  425,  292,  404,  222,  206,  638,  612,  156,  690,  456,  356,  387,  601,  684,  335],
        [   79,    0,  227,  553,  526,  597,  415,  183,  541,  124,  166,  455,  335,  512,  557,  311,  362,  493,  388,  338,  688,  138,    0,  174,  211,  353,  240,  226,  229,  386,  475,  514,  165,  385,  306,  601,  599,  320,  340,  480,  445,  441,  282,  669,  363,  346,  378,  467,  631,  491,  387,  513,  402,  357,  298,  213,  412,  570,  142,  465,  504,  563,   76,  574,  428,   48,  569,  478,  507,  453,  448,  158,  511,  313,  198,  245,   67,  536,  217,  299,  325,  223,  487,  387,  334,  488,  365,  489,  542,  589,  657,  112,  299,  660,  541,  657,  118,  392,  240,  305,  144,   77,  555,  499,  267,  555,  375,  252,  251,  473,  547,  472],
        [  102,    0,  213,  678,  355,  445,  513,   58,  380,  169,  210,  323,  244,  375,  592,  143,  464,  564,  436,  262,  590,  101,  174,    0,   66,  181,  382,  400,   87,  410,  372,  665,   35,  531,  239,  668,  440,  481,  251,  310,  464,  268,  361,  582,  212,  519,  210,  334,  591,  628,  354,  663,  493,  471,  427,   90,  278,  425,   66,  607,  637,  708,  129,  683,  597,  127,  478,  330,  334,  282,  402,   89,  534,  214,  112,  187,  108,  508,  356,  135,  446,  352,  632,  255,  229,  555,  478,  363,  611,  611,  791,  285,  379,  558,  562,  548,  285,  337,  381,  358,  299,  215,  571,  572,   99,  686,  536,  317,  414,  582,  703,  352],
        [  151,    0,  278,  737,  348,  390,  576,   29,  389,  230,  191,  356,  298,  404,  548,  104,  445,  531,  502,  199,  525,  166,  211,   66,    0,  154,  385,  434,  138,  366,  417,  666,   49,  584,  299,  632,  450,  528,  187,  309,  417,  253,  425,  516,  155,  554,  216,  272,  529,  622,  298,  664,  469,  458,  484,   30,  312,  447,   71,  604,  695,  706,  183,  663,  614,  165,  412,  273,  316,  275,  342,   69,  487,  149,  175,  134,  150,  450,  359,  154,  505,  408,  686,  192,  279,  521,  538,  299,  577,  562,  782,  317,  443,  492,  514,  483,  327,  277,  434,  326,  346,  231,  522,  539,  120,  676,  583,  293,  429,  563,  708,  390],
        [  282,    0,  339,  840,  201,  291,  664,  181,  259,  335,  338,  278,  289,  311,  650,   55,  587,  655,  564,  264,  503,  264,  353,  181,  154,    0,  537,  579,  174,  477,  365,  818,  191,  705,  313,  749,  318,  659,  241,  169,  519,  103,  512,  508,  107,  699,  105,  225,  572,  771,  378,  815,  606,  603,  596,  169,  243,  336,  221,  754,  804,  856,  307,  801,  767,  306,  411,  194,  163,  133,  402,  222,  586,  209,  235,  248,  288,  512,  511,  113,  611,  524,  804,  173,  261,  644,  638,  260,  698,  654,  927,  463,  528,  467,  608,  450,  465,  341,  555,  457,  477,  383,  612,  664,  114,  822,  714,  433,  581,  703,  860,  321],
        [  311,    0,  462,  625,  731,  712,  550,  359,  762,  358,  207,  691,  575,  746,  407,  485,  154,  305,  577,  393,  705,  376,  240,  382,  385,  537,    0,  201,  456,  290,  714,  283,  356,  439,  545,  408,  822,  342,  411,  689,  339,  637,  462,  673,  504,  274,  591,  566,  572,  252,  369,  281,  201,  134,  410,  369,  646,  802,  323,  227,  565,  327,  315,  342,  249,  274,  590,  598,  699,  658,  430,  316,  384,  405,  435,  326,  294,  474,   26,  516,  445,  358,  526,  498,  573,  306,  487,  574,  351,  452,  418,  172,  475,  688,  413,  694,  232,  402,  348,  201,  272,  172,  430,  309,  480,  315,  380,  166,   84,  245,  323,  710],
        [  301,    0,  376,  424,  747,  813,  362,  406,  754,  290,  321,  649,  511,  706,  607,  536,  353,  504,  418,  522,  863,  343,  226,  400,  434,  579,  201,    0,  444,  479,  644,  367,  390,  238,  470,  604,  809,  142,  532,  700,  532,  665,  307,  837,  582,  121,  599,  675,  757,  383,  533,  369,  400,  327,  222,  432,  609,  769,  364,  349,  365,  426,  283,  510,  234,  273,  744,  694,  732,  675,  597,  374,  582,  513,  399,  435,  292,  658,  202,  518,  257,  191,  327,  598,  520,  506,  298,  692,  548,  652,  537,  118,  315,  840,  611,  841,  124,  555,  168,  386,  137,  216,  629,  507,  489,  451,  185,  339,  132,  425,  386,  656],
        [  150,    0,  167,  668,  305,  463,  491,  141,  313,  170,  295,  239,  161,  293,  679,  162,  547,  650,  394,  335,  644,  103,  229,   87,  138,  174,  456,  444,    0,  496,  285,  737,  122,  539,  164,  755,  371,  504,  320,  257,  549,  232,  339,  640,  245,  561,  157,  374,  665,  705,  435,  735,  578,  553,  428,  167,  194,  347,  152,  683,  634,  783,  161,  767,  656,  186,  537,  356,  298,  235,  479,  176,  620,  282,   62,  269,  165,  587,  431,   78,  440,  358,  636,  301,  143,  642,  466,  406,  698,  696,  870,  338,  355,  609,  647,  597,  322,  413,  392,  445,  325,  285,  656,  658,   60,  765,  558,  403,  478,  665,  773,  265],
        [  410,    0,  590,  895,  673,  527,  789,  356,  735,  498,  224,  721,  653,  768,  183,  426,  197,  186,  774,  225,  436,  471,  386,  410,  366,  477,  290,  479,  496,    0,  780,  467,  375,  711,  643,  272,  795,  619,  250,  646,   59,  575,  667,  399,  393,  563,  569,  385,  282,  389,  127,  462,  181,  232,  657,  337,  677,  806,  349,  390,  838,  478,  436,  355,  513,  383,  333,  437,  622,  609,  167,  321,  128,  273,  512,  236,  392,  184,  281,  519,  689,  589,  805,  350,  638,  173,  732,  378,  223,  206,  509,  401,  683,  426,  157,  438,  457,  175,  593,   93,  498,  320,  170,  194,  485,  414,  663,  144,  374,  277,  516,  755],
        [  407,    0,  268,  699,  315,  620,  512,  425,  240,  363,  577,  101,  140,  120,  963,  393,  824,  934,  368,  604,  866,  340,  475,  372,  417,  365,  714,  644,  285,  780,    0,  983,  407,  639,  175, 1039,  259,  647,  586,  280,  833,  331,  399,  873,  470,  744,  265,  589,  929,  965,  711,  983,  857,  825,  527,  446,  123,  179,  436,  939,  688, 1035,  399, 1041,  875,  444,  775,  549,  360,  298,  749,  461,  904,  548,  283,  550,  425,  859,  691,  274,  520,  488,  714,  536,  145,  926,  523,  624,  982,  979, 1131,  565,  406,  829,  930,  810,  526,  684,  525,  729,  507,  546,  938,  942,  302, 1029,  692,  685,  717,  939, 1013,   59],
        [  589,    0,  721,  714, 1013,  967,  711,  641, 1044,  621,  482,  968,  845, 1025,  477,  765,  273,  350,  784,  643,  901,  651,  514,  665,  666,  818,  283,  367,  737,  467,  983,    0,  639,  549,  810,  397, 1104,  460,  665,  972,  488,  919,  673,  862,  777,  333,  874,  819,  717,   89,  584,    7,  290,  240,  578,  649,  924, 1082,  605,   78,  654,   61,  588,  227,  166,  552,  799,  860,  980,  940,  633,  598,  494,  667,  711,  592,  573,  633,  309,  798,  611,  557,  599,  760,  846,  362,  648,  821,  367,  530,  176,  419,  682,  893,  512,  904,  466,  627,  532,  411,  495,  452,  530,  347,  763,  124,  465,  407,  267,  216,   50,  985],
        [  103,    0,  240,  689,  376,  439,  529,   29,  407,  184,  177,  356,  279,  408,  557,  147,  432,  529,  460,  233,  568,  122,  165,   35,   49,  191,  356,  390,  122,  375,  407,  639,    0,  536,  273,  633,  468,  480,  224,  333,  429,  285,  379,  558,  204,  510,  235,  320,  560,  600,  321,  637,  460,  441,  436,   65,  311,  456,   35,  580,  646,  681,  134,  651,  578,  118,  454,  321,  350,  303,  371,   55,  500,  188,  144,  154,  102,  476,  330,  163,  456,  360,  637,  240,  264,  521,  491,  346,  577,  576,  762,  273,  397,  537,  527,  528,  280,  307,  386,  324,  298,  194,  537,  537,  127,  656,  535,  284,  393,  550,  679,  386],
        [  434,    0,  404,  187,  834,  974,  180,  560,  813,  371,  528,  680,  535,  733,  845,  674,  590,  740,  305,  720, 1069,  442,  385,  531,  584,  705,  439,  238,  539,  711,  639,  549,  536,    0,  488,  838,  859,   99,  724,  783,  766,  771,  241, 1047,  739,  217,  690,  851,  985,  589,  751,  553,  637,  562,  116,  593,  650,  800,  521,  555,  128,  610,  404,  729,  387,  424,  950,  857,  835,  769,  815,  541,  818,  698,  480,  628,  435,  886,  439,  615,  120,  181,  103,  770,  555,  743,  130,  874,  784,  889,  725,  317,  235, 1043,  848, 1040,  273,  766,  151,  619,  242,  414,  865,  744,  596,  655,   87,  569,  366,  653,  551,  671],
        [  245,    0,   95,  578,  366,  602,  390,  297,  329,  189,  427,  193,   48,  247,  824,  317,  662,  782,  264,  497,  804,  178,  306,  239,  299,  313,  545,  470,  164,  643,  175,  810,  273,  488,    0,  889,  372,  483,  483,  317,  698,  331,  252,  802,  401,  573,  245,  530,  827,  795,  593,  810,  699,  661,  373,  327,  164,  313,  295,  768,  556,  863,  232,  878,  701,  280,  699,  505,  385,  314,  640,  324,  769,  445,  131,  426,  264,  747,  523,  200,  372,  323,  573,  461,   71,  775,  385,  563,  831,  846,  961,  391,  264,  769,  797,  755,  351,  575,  361,  580,  334,  379,  807,  789,  210,  859,  531,  533,  543,  776,  839,  189],
        [  646,    0,  823, 1022,  944,  772,  957,  618, 1007,  723,  463,  986,  906, 1035,  129,  697,  254,  109,  976,  494,  604,  712,  601,  668,  632,  749,  408,  604,  755,  272, 1039,  397,  633,  838,  889,    0, 1066,  740,  520,  918,  238,  847,  862,  559,  664,  643,  839,  641,  384,  311,  386,  390,  208,  277,  817,  604,  942, 1075,  603,  335,  961,  371,  666,  181,  522,  613,  535,  696,  893,  881,  397,  579,  187,  545,  762,  505,  628,  333,  416,  785,  852,  763,  916,  617,  895,  114,  895,  627,   60,  168,  339,  572,  877,  610,  182,  629,  633,  433,  755,  311,  675,  526,  193,  103,  751,  286,  769,  357,  473,  196,  439, 1018],
        [  521,    0,  458,  943,  136,  459,  755,  471,   61,  521,  639,  183,  325,  141,  967,  370,  894,  972,  616,  579,  742,  468,  599,  440,  450,  318,  822,  809,  371,  795,  259, 1104,  468,  859,  372, 1066,    0,  847,  555,  150,  836,  223,  624,  761,  411,  922,  235,  489,  864, 1067,  693, 1103,  917,  906,  744,  473,  210,   86,  502, 1047,  926, 1148,  530, 1111, 1027,  556,  679,  435,  198,  187,  710,  515,  902,  525,  410,  564,  535,  817,  796,  307,  744,  690,  944,  470,  305,  961,  756,  521, 1015,  968, 1229,  708,  635,  705,  924,  682,  686,  653,  727,  771,  681,  653,  927,  980,  342, 1123,  898,  741,  849, 1012, 1142,  206],
        [  380,    0,  391,  283,  806,  916,  254,  501,  796,  335,  448,  674,  529,  729,  749,  623,  492,  643,  350,  645,  991,  402,  320,  481,  528,  659,  342,  142,  504,  619,  647,  460,  480,   99,  483,  740,  847,    0,  652,  757,  673,  735,  259,  968,  682,  130,  659,  786,  896,  495,  667,  463,  539,  464,  135,  532,  639,  795,  460,  461,  224,  520,  354,  632,  300,  363,  872,  797,  801,  738,  731,  477,  724,  629,  449,  554,  378,  797,  344,  581,  161,  160,  186,  706,  544,  645,  192,  807,  686,  794,  635,  235,  260,  967,  753,  966,  203,  685,  123,  527,  183,  336,  770,  646,  557,  561,   56,  478,  268,  555,  465,  671],
        [  312,    0,  463,  892,  428,  304,  744,  196,  498,  403,  215,  509,  478,  548,  413,  197,  402,  435,  683,   26,  350,  346,  340,  251,  187,  241,  411,  532,  320,  250,  586,  665,  224,  724,  483,  520,  555,  652,    0,  406,  284,  333,  598,  336,  146,  645,  342,  156,  346,  600,  139,  661,  408,  428,  637,  162,  470,  577,  220,  591,  844,  690,  345,  598,  659,  308,  233,  197,  375,  369,  164,  193,  348,   39,  362,   98,  303,  275,  388,  313,  662,  561,  826,  102,  456,  423,  700,  165,  473,  414,  742,  420,  616,  321,  369,  317,  452,  101,  580,  260,  483,  318,  372,  443,  286,  639,  705,  259,  480,  508,  711,  549],
        [  401,    0,  383,  892,   51,  347,  706,  332,   93,  422,  498,  179,  275,  183,  817,  222,  752,  824,  580,  430,  614,  359,  480,  310,  309,  169,  689,  700,  257,  646,  280,  972,  333,  783,  317,  918,  150,  757,  406,    0,  686,   75,  561,  629,  262,  817,  102,  349,  720,  930,  544,  970,  773,  765,  669,  330,  172,  184,  367,  911,  866, 1013,  417,  967,  906,  434,  541,  299,   80,   38,  562,  376,  753,  375,  309,  416,  413,  670,  663,  182,  675,  606,  876,  323,  247,  813,  694,  383,  867,  819, 1090,  591,  575,  577,  774,  556,  578,  504,  641,  625,  581,  525,  777,  832,  213,  984,  810,  598,  724,  868, 1012,  223],
        [  468,    0,  647,  950,  711,  540,  846,  409,  777,  556,  282,  770,  707,  815,  132,  469,  226,  170,  832,  259,  416,  528,  445,  464,  417,  519,  339,  532,  549,   59,  833,  488,  429,  766,  698,  238,  836,  673,  284,  686,    0,  614,  726,  375,  429,  611,  614,  405,  239,  405,  148,  482,  199,  263,  714,  388,  727,  851,  404,  411,  893,  491,  494,  349,  550,  441,  323,  459,  658,  649,  166,  376,   71,  311,  568,  284,  450,  147,  331,  568,  747,  647,  858,  380,  692,  156,  789,  392,  197,  149,  510,  458,  742,  411,  100,  425,  514,  195,  650,  148,  556,  379,  111,  178,  535,  420,  715,  201,  421,  284,  537,  805],
        [  365,    0,  381,  892,   99,  290,  710,  279,  168,  402,  440,  232,  295,  248,  745,  157,  690,  755,  594,  357,  545,  334,  441,  268,  253,  103,  637,  665,  232,  575,  331,  919,  285,  771,  331,  847,  223,  735,  333,   75,  614,    0,  560,  558,  188,  785,   86,  277,  646,  873,  471,  916,  708,  705,  658,  271,  211,  257,  317,  855,  861,  957,  386,  903,  862,  394,  469,  228,   67,   40,  487,  322,  680,  304,  291,  350,  374,  595,  611,  156,  668,  590,  867,  248,  266,  744,  692,  311,  797,  746, 1030,  552,  575,  508,  701,  488,  547,  430,  623,  559,  555,  478,  704,  764,  179,  924,  789,  535,  677,  805,  960,  277],
        [  287,    0,  180,  333,  611,  798,  153,  407,  581,  196,  448,  443,  300,  494,  833,  493,  611,  755,  115,  601,  946,  261,  282,  361,  425,  512,  462,  307,  339,  667,  399,  673,  379,  241,  252,  862,  624,  259,  598,  561,  726,  560,    0,  933,  570,  375,  476,  695,  910,  684,  665,  675,  656,  595,  130,  443,  416,  561,  378,  652,  305,  732,  254,  800,  533,  298,  830,  687,  621,  552,  725,  406,  790,  564,  277,  511,  298,  817,  449,  409,  122,  117,  321,  616,  322,  753,  134,  723,  803,  868,  842,  292,   18,  915,  821,  907,  231,  665,  147,  582,  191,  348,  835,  760,  398,  752,  298,  529,  423,  706,  690,  432],
        [  647,    0,  794, 1221,  626,  318, 1078,  530,  717,  738,  521,  781,  788,  805,  432,  488,  594,  534, 1017,  333,   46,  679,  669,  582,  516,  508,  673,  837,  640,  399,  873,  862,  558, 1047,  802,  559,  761,  968,  336,  629,  375,  558,  933,    0,  406,  938,  609,  285,  182,  780,  306,  856,  573,  630,  967,  494,  750,  812,  555,  785, 1170,  866,  680,  712,  909,  640,  104,  331,  564,  597,  244,  527,  386,  370,  689,  426,  637,  235,  658,  611,  994,  891, 1148,  342,  762,  520, 1033,  250,  544,  394,  876,  734,  951,   67,  381,   93,  775,  283,  908,  475,  810,  634,  368,  540,  594,  793, 1018,  509,  755,  657,  911,  826],
        [  306,    0,  409,  889,  282,  236,  723,  181,  354,  380,  298,  384,  383,  416,  558,   84,  528,  577,  636,  171,  404,  311,  363,  212,  155,  107,  504,  582,  245,  393,  470,  777,  204,  739,  401,  664,  411,  682,  146,  262,  429,  188,  570,  406,    0,  702,  211,  130,  466,  720,  284,  773,  540,  549,  638,  152,  348,  438,  222,  707,  848,  808,  337,  733,  746,  319,  306,  119,  229,  225,  301,  209,  494,  121,  301,  185,  305,  410,  479,  206,  657,  562,  840,   67,  357,  565,  689,  163,  616,  558,  870,  465,  588,  369,  514,  354,  480,  243,  589,  390,  501,  372,  517,  585,  192,  766,  737,  375,  561,  640,  821,  426],
        [  420,    0,  479,  388,  865,  930,  383,  526,  868,  402,  431,  758,  616,  814,  669,  656,  408,  553,  474,  633,  967,  459,  346,  519,  554,  699,  274,  121,  561,  563,  744,  333,  510,  217,  573,  643,  922,  130,  645,  817,  611,  785,  375,  938,  702,    0,  716,  791,  845,  375,  633,  337,  452,  375,  259,  551,  719,  879,  484,  342,  327,  394,  401,  519,  171,  393,  849,  812,  851,  794,  695,  493,  653,  628,  514,  549,  412,  746,  284,  636,  289,  263,  277,  715,  627,  558,  321,  807,  593,  717,  508,  238,  378,  946,  681,  949,  239,  659,  229,  473,  242,  332,  699,  555,  608,  440,  134,  432,  190,  451,  336,  761],
        [  300,    0,  297,  808,  149,  365,  624,  237,  174,  325,  405,  174,  211,  207,  745,  146,  660,  742,  508,  364,  601,  259,  378,  210,  216,  105,  591,  599,  157,  569,  265,  874,  235,  690,  245,  839,  235,  659,  342,  102,  614,   86,  476,  609,  211,  716,    0,  324,  676,  834,  477,  872,  684,  672,  577,  240,  142,  238,  269,  814,  778,  916,  316,  878,  805,  333,  513,  285,  146,   80,  505,  281,  682,  307,  212,  335,  312,  615,  565,   81,  586,  511,  785,  277,  182,  731,  608,  359,  786,  752,  995,  489,  490,  564,  706,  546,  478,  443,  545,  539,  481,  425,  711,  750,  112,  889,  713,  508,  623,  778,  913,  218],
        [  421,    0,  537, 1008,  354,  148,  846,  294,  440,  501,  365,  497,  511,  522,  522,  214,  554,  569,  764,  177,  278,  434,  467,  334,  272,  225,  566,  675,  374,  385,  589,  819,  320,  851,  530,  641,  489,  786,  156,  349,  405,  277,  695,  285,  130,  791,  324,    0,  376,  753,  260,  815,  556,  582,  754,  259,  466,  532,  330,  745,  964,  843,  453,  740,  814,  427,  193,   59,  292,  316,  247,  310,  458,  164,  429,  244,  417,  342,  543,  333,  776,  678,  953,   81,  484,  556,  810,   35,  601,  510,  890,  559,  712,  242,  472,  226,  584,  211,  702,  412,  610,  460,  470,  577,  321,  789,  840,  414,  633,  655,  866,  541],
        [  630,    0,  798, 1166,  728,  462, 1045,  533,  812,  723,  467,  848,  823,  882,  260,  537,  463,  374, 1007,  331,  228,  677,  631,  591,  529,  572,  572,  757,  665,  282,  929,  717,  560,  985,  827,  384,  864,  896,  346,  720,  239,  646,  910,  182,  466,  845,  676,  376,    0,  631,  246,  711,  433,  501,  920,  502,  811,  901,  546,  642, 1111,  713,  661,  546,  788,  613,  199,  433,  668,  684,  189,  516,  225,  385,  702,  408,  616,   99,  562,  656,  951,  848, 1081,  401,  802,  361,  992,  347,  376,  216,  711,  670,  928,  242,  212,  265,  720,  254,  857,  373,  760,  578,  197,  379,  631,  635,  942,  418,  655,  505,  766,  890],
        [  563,    0,  709,  763,  969,  900,  740,  598, 1007,  607,  433,  942,  826,  997,  389,  717,  199,  262,  797,  577,  820,  627,  491,  628,  622,  771,  252,  383,  705,  389,  965,   89,  600,  589,  795,  311, 1067,  495,  600,  930,  405,  873,  684,  780,  720,  375,  834,  753,  631,    0,  510,   82,  209,  173,  602,  602,  897, 1051,  566,   35,  702,   91,  567,  150,  225,  525,  721,  796,  932,  897,  555,  554,  407,  606,  687,  535,  545,  548,  276,  762,  637,  570,  650,  698,  824,  274,  676,  752,  279,  442,  166,  410,  694,  813,  425,  826,  464,  555,  550,  342,  498,  423,  442,  259,  726,   69,  509,  346,  263,  128,  136,  962],
        [  385,    0,  557,  929,  566,  400,  801,  297,  636,  479,  225,  641,  595,  683,  275,  332,  312,  310,  763,  115,  337,  435,  387,  354,  298,  378,  369,  533,  435,  127,  711,  584,  321,  751,  593,  386,  693,  667,  139,  544,  148,  471,  665,  306,  284,  633,  477,  260,  246,  510,    0,  579,  305,  345,  680,  269,  600,  713,  304,  507,  876,  599,  416,  482,  610,  368,  222,  313,  511,  507,   64,  274,  210,  171,  465,  168,  371,  156,  352,  440,  709,  606,  850,  233,  576,  296,  750,  251,  343,  276,  636,  435,  683,  320,  231,  327,  482,   49,  618,  177,  519,  338,  234,  318,  410,  538,  716,  204,  450,  402,  633,  679],
        [  588,    0,  721,  718, 1011,  963,  714,  639, 1043,  621,  479,  967,  844, 1024,  471,  763,  268,  344,  785,  639,  896,  650,  513,  663,  664,  815,  281,  369,  735,  462,  983,    7,  637,  553,  810,  390, 1103,  463,  661,  970,  482,  916,  675,  856,  773,  337,  872,  815,  711,   82,  579,    0,  284,  236,  581,  647,  923, 1081,  603,   73,  658,   58,  587,  221,  170,  551,  794,  856,  978,  938,  628,  595,  488,  663,  710,  589,  572,  627,  307,  797,  614,  559,  603,  757,  846,  355,  651,  817,  361,  523,  172,  419,  683,  888,  506,  899,  466,  623,  534,  407,  496,  450,  524,  341,  761,  118,  469,  403,  267,  210,   55,  984],
        [  455,    0,  627,  822,  807,  701,  750,  450,  857,  525,  284,  815,  720,  867,  218,  552,   48,  104,  770,  384,  612,  522,  402,  493,  469,  606,  201,  400,  578,  181,  857,  290,  460,  637,  699,  208,  917,  539,  408,  773,  199,  708,  656,  573,  540,  452,  684,  556,  433,  209,  305,  284,    0,   78,  610,  445,  770,  915,  427,  212,  762,  297,  470,  195,  362,  420,  513,  603,  763,  737,  347,  408,  215,  421,  576,  360,  436,  344,  209,  621,  645,  556,  719,  509,  712,  107,  688,  552,  150,  268,  335,  365,  670,  605,  238,  618,  426,  351,  548,  151,  468,  326,  257,  108,  585,  235,  572,  177,  272,  101,  339,  843],
        [  419,    0,  583,  747,  803,  729,  682,  436,  845,  479,  268,  791,  686,  845,  296,  549,   38,  180,  709,  406,  668,  486,  357,  471,  458,  603,  134,  327,  553,  232,  825,  240,  441,  562,  661,  277,  906,  464,  428,  765,  263,  705,  595,  630,  549,  375,  672,  582,  501,  173,  345,  236,   78,    0,  541,  436,  746,  896,  407,  165,  686,  262,  429,  217,  289,  382,  562,  624,  763,  731,  395,  392,  288,  434,  543,  364,  400,  408,  147,  603,  576,  491,  643,  526,  681,  184,  619,  582,  223,  346,  325,  304,  608,  657,  313,  667,  364,  387,  480,  171,  405,  282,  332,  183,  567,  219,  496,  174,  196,  116,  289,  815],
        [  334,    0,  289,  256,  719,  872,  141,  461,  698,  262,  455,  565,  420,  618,  807,  569,  564,  713,  216,  635,  986,  334,  298,  427,  484,  596,  410,  222,  428,  657,  527,  578,  436,  116,  373,  817,  744,  135,  637,  669,  714,  658,  130,  967,  638,  259,  577,  754,  920,  602,  680,  581,  610,  541,    0,  496,  535,  685,  425,  569,  211,  639,  302,  731,  426,  331,  867,  756,  722,  655,  742,  448,  773,  608,  368,  543,  339,  823,  403,  503,   36,   77,  209,  674,  440,  714,   78,  779,  760,  847,  752,  257,  128,  957,  803,  953,  201,  689,   64,  566,  161,  343,  819,  718,  486,  670,  168,  513,  352,  645,  589,  557],
