{
    "name": "random-3-13667",
    "comment": "size=3 seed=13667",
    "nodes": ["+0", "-0", "+1", "-1", "+2", "-2", "+3", "-3"],
    "precedence": {
        "+0": "-0",
        "+1": "-1",
        "+2": "-2",
        "+3": "-3"
    },
    "edges": [
        [    0,    0,  293,  394,  404,  363,  600,  510],
        [    0,    0,  293,  394,  404,  363,  600,  510],
        [  293,  293,    0,  163,  477,   71,  331,  554],
        [  394,  394,  163,    0,  639,  137,  381,  468],
        [  404,  404,  477,  639,    0,  525,  584,  908],
        [  363,  363,   71,  137,  525,    0,  280,  578],
        [  600,  600,  331,  381,  584,  280,    0,  848],
        [  510,  510,  554,  468,  908,  578,  848,    0]
    ]
}
