{
    "name": "random-98-6554",
    "comment": "size=98 seed=6554",
    "nodes": ["+0", "-0", "+1", "-1", "+2", "-2", "+3", "-3", "+4", "-4", "+5", "-5", "+6", "-6", "+7", "-7", "+8", "-8", "+9", "-9", "+10", "-10", "+11", "-11", "+12", "-12", "+13", "-13", "+14", "-14", "+15", "-15", "+16", "-16", "+17", "-17", "+18", "-18", "+19", "-19", "+20", "-20", "+21", "-21", "+22", "-22", "+23", "-23", "+24", "-24", "+25", "-25", "+26", "-26", "+27", "-27", "+28", "-28", "+29", "-29", "+30", "-30", "+31", "-31", "+32", "-32", "+33", "-33", "+34", "-34", "+35", "-35", "+36", "-36", "+37", "-37", "+38", "-38", "+39", "-39", "+40", "-40", "+41", "-41", "+42", "-42", "+43", "-43", "+44", "-44", "+45", "-45", "+46", "-46", "+47", "-47", "+48", "-48", "+49", "-49", "+50", "-50", "+51", "-51", "+52", "-52", "+53", "-53", "+54", "-54", "+55", "-55", "+56", "-56", "+57", "-57", "+58", "-58", "+59", "-59", "+60", "-60", "+61", "-61", "+62", "-62", "+63", "-63", "+64", "-64", "+65", "-65", "+66", "-66", "+67", "-67", "+68", "-68", "+69", "-69", "+70", "-70", "+71", "-71", "+72", "-72", "+73", "-73", "+74", "-74", "+75", "-75", "+76", "-76", "+77", "-77", "+78", "-78", "+79", "-79", "+80", "-80", "+81", "-81", "+82", "-82", "+83", "-83", "+84", "-84", "+85", "-85", "+86", "-86", "+87", "-87", "+88", "-88", "+89", "-89", "+90", "-90", "+91", "-91", "+92", "-92", "+93", "-93", "+94", "-94", "+95", "-95", "+96", "-96", "+97", "-97", "+98", "-98"],
    "precedence": {
        "+0": "-0",
        "+1": "-1",
        "+2": "-2",
        "+3": "-3",
        "+4": "-4",
        "+5": "-5",
        "+6": "-6",
        "+7": "-7",
        "+8": "-8",
        "+9": "-9",
        "+10": "-10",
        "+11": "-11",
        "+12": "-12",
        "+13": "-13",
        "+14": "-14",
        "+15": "-15",
        "+16": "-16",
        "+17": "-17",
        "+18": "-18",
        "+19": "-19",
        "+20": "-20",
        "+21": "-21",
        "+22": "-22",
        "+23": "-23",
        "+24": "-24",
        "+25": "-25",
        "+26": "-26",
        "+27": "-27",
        "+28": "-28",
        "+29": "-29",
        "+30": "-30",
        "+31": "-31",
        "+32": "-32",
        "+33": "-33",
        "+34": "-34",
        "+35": "-35",
        "+36": "-36",
        "+37": "-37",
        "+38": "-38",
        "+39": "-39",
        "+40": "-40",
        "+41": "-41",
        "+42": "-42",
        "+43": "-43",
        "+44": "-44",
        "+45": "-45",
        "+46": "-46",
        "+47": "-47",
        "+48": "-48",
        "+49": "-49",
        "+50": "-50",
        "+51": "-51",
        "+52": "-52",
        "+53": "-53",
        "+54": "-54",
        "+55": "-55",
        "+56": "-56",
        "+57": "-57",
        "+58": "-58",
        "+59": "-59",
        "+60": "-60",
        "+61": "-61",
        "+62": "-62",
        "+63": "-63",
        "+64": "-64",
        "+65": "-65",
        "+66": "-66",
        "+67": "-67",
        "+68": "-68",
        "+69": "-69",
        "+70": "-70",
        "+71": "-71",
        "+72": "-72",
        "+73": "-73",
        "+74": "-74",
        "+75": "-75",
        "+76": "-76",
        "+77": "-77",
        "+78": "-78",
        "+79": "-79",
        "+80": "-80",
        "+81": "-81",
        "+82": "-82",
        "+83": "-83",
        "+84": "-84",
        "+85": "-85",
        "+86": "-86",
        "+87": "-87",
        "+88": "-88",
        "+89": "-89",
        "+90": "-90",
        "+91": "-91",
        "+92": "-92",
        "+93": "-93",
        "+94": "-94",
        "+95": "-95",
        "+96": "-96",
        "+97": "-97",
        "+98": "-98"
    },
    "edges": [
        [    0,    0,  466,  678, 1065,  800,  200,  744,  641,  431,  642,  446,  783,  473,  474,  896,  868,  924,  837,  805,  149,  811,  532,  326,  245,  637,  514,  354,   55,  739, 1132,  315,  175,  945,  733,  772,  417,  407,  921,  843,  930,  750,  951,  811,  387,  596,  798,  368,  734,  743,  390,  831,  526,   71,  166,  465,  489,  756,  209,  804,  527,  923,  902,  311,  632,  853,   97,  618,  216,  106,  878,  764,  926,  851,  670, 1072,  586,  918,  413,  584,  372,  990,  726,  771,  497,  382,  275,  958,  933, 1006,  645,  888,  224,  126,  636,  963,  816,  603,  426,  380, 1138,  673,  883,  203,  661,  343,  156,  748,  746,  472,  386,  950,  116,  496,  318,   89,  472, 1153,  843,  505,  186,  191,  204, 1129,  473,  558,  752,  752,  374,  937,  275,  539,  221,  763,  679,  792,  698,  733,  150,  920,  321,  561,  606, 1172,  814,  187,  626,  145,  828,  701,  567,  921,  928,  817,  964,  944,  891,  404,  673,  901,  214,  306,  903,  483,  533,  941,  790,  601,  717,  253, 1014,  913,  422,  873,  554,  859,  932,  189,  743,  461,  518,  602,  488,  488,  558,  424,  639,  529,  421,  850,  775,  337,  281,  415,  804,  453,  763, 1154],
        [    0,    0,    0,    0,    0,    0,    0,    0,    0,    0,    0,    0,    0,    0,    0,    0,    0,    0,    0,    0,    0,    0,    0,    0,    0,    0,    0,    0,    0,    0,    0,    0,    0,    0,    0,    0,    0,    0,    0,    0,    0,    0,    0,    0,    0,    0,    0,    0,    0,    0,    0,    0,    0,    0,    0,    0,    0,    0,    0,    0,    0,    0,    0,    0,    0,    0,    0,    0,    0,    0,    0,    0,    0,    0,    0,    0,    0,    0,    0,    0,    0,    0,    0,    0,    0,    0,    0,    0,    0,    0,    0,    0,    0,    0,    0,    0,    0,    0,    0,    0,    0,    0,    0,    0,    0,    0,    0,    0,    0,    0,    0,    0,    0,    0,    0,    0,    0,    0,    0,    0,    0,    0,    0,    0,    0,    0,    0,    0,    0,    0,    0,    0,    0,    0,    0,    0,    0,    0,    0,    0,    0,    0,    0,    0,    0,    0,    0,    0,    0,    0,    0,    0,    0,    0,    0,    0,    0,    0,    0,    0,    0,    0,    0,    0,    0,    0,    0,    0,    0,    0,    0,    0,    0,    0,    0,    0,    0,    0,    0,    0,    0,    0,    0,    0,    0,    0,    0,    0,    0,    0,    0,    0,    0,    0,    0,    0,    0,    0],
        [  466,    0,    0,  800,  757,  378,  572,  710,  294,  613,  269,  374,  555,  420,  432,  627,  530,  746,  382,  675,  319,  663,  749,  213,  281,  272,  592,  613,  485,  317,  832,  266,  292,  586,  288,  777,   96,  129,  576,  378,  674,  286,  518,  750,  653,  371,  540,  544,  334,  428,   77,  407,  462,  415,  494,  159,  169,  737,  307,  501,  399,  632,  455,  499,  311,  460,  420,  614,  483,  480,  453,  827,  465,  731,  206,  728,  653,  455,  601,  404,  196,  645,  809,  624,  191,  192,  275,  722,  498,  773,  292,  455,  454,  515,  178,  649,  352,  206,  504,  115,  815,  243,  595,  264,  390,  294,  464,  331,  281,  133,   97,  557,  351,   50,  150,  535,  173,  835,  389,  524,  572,  284,  336,  815,  103,   96,  502,  353,  158,  517,  455,  336,  464,  649,  238,  765,  323,  445,  449,  613,  218,   98,  190,  860,  361,  345,  202,  481,  415,  873,  710,  475,  585,  354,  729,  642,  427,  598,  479,  468,  361,  367,  704,  389,   72,  504,  379,  568,  371,  380,  731,  469,   57,  617,  659,  420,  498,  285,  302,  690,  670,  553,  232,  197,  108,  136,  204,  578,  104,  427,  328,  368,  592,  181,  601,   84,  794,  823],
        [  678,    0,  800,    0,  799, 1161,  869,  249,  678,  248,  715,  430,  539,  386,  374,  640,  738,  518,  970,  402,  666,  431,  182,  849,  582, 1071,  209,  333,  628, 1105,  829,  878,  703,  814,  873,  197,  705,  860,  775, 1073,  636,  954,  975,  303,  314,  527,  588,  315,  784,  654,  767, 1186,  360,  724,  843,  924,  660,  229,  798,  655,  434,  688,  984,  376,  645,  826,  757,  227,  464,  783,  906,  116, 1058,  402,  904,  864,  152, 1073,  266,  474,  607,  816,   73,  418,  963,  886,  846,  622,  969,  644,  688, 1221,  891,  800,  858,  746, 1009, 1006,  304,  817,  872,  810,  665,  688,  581,  921,  524,  821,  980,  684,  803,  882,  698,  783,  745,  627,  937,  875, 1128,  279,  852,  648,  559,  849,  887,  875,  564,  788,  647,  932,  421,  516,  890,  370,  835,  249,  730,  613,  533,  713,  602,  835,  766,  878,  946,  804,  784,  534,  853,   99,  112, 1221,  777,  995,  624,  716, 1113,  275,  478, 1234,  527,  462,  539,  424,  817, 1261, 1168,  275,  692,  889,  727, 1220,  749,  612,  144, 1182,  964,  653,  867,  237,  161,  297,  987,  963,  805,  879,  994,  224,  852, 1205,  902,  448,  414,  905,  509,  861,  158,  897],
        [ 1065,    0,  757,  799,    0,  891, 1243,  551,  466,  840,  489,  631,  299,  621,  626,  178,  229,  296,  545,  398,  940,  369,  911,  957,  825,  934,  716,  925, 1048,  868,   76, 1010,  944,  198,  540,  617,  722,  885,  189,  695,  165,  626,  413,  508,  943,  469,  270,  831,  439,  336,  801,  896,  582, 1055, 1174,  908,  620,  575, 1011,  266,  551,  143,  487,  846,  458,  335, 1077,  606,  920, 1135,  405,  719,  573,  406,  652,   96,  699,  605,  846,  487,  712,  136,  743,  386,  930,  947, 1007,  180,  427,  179,  467,  889, 1165, 1169,  634,  108,  628,  872,  731,  862,   78,  540,  183,  909,  407, 1045,  954,  461,  668,  652,  842,  279,  989,  708,  851, 1085,  920,   89,  783,  656, 1235,  895,  862,   64,  849,  743,  316,  422,  727,  368,  845,  527, 1172,  430,  560,  565,  436,  336,  948,  148,  759,  693,  572,  108,  539, 1044,  567,  977,  399,  896,  805,  849,  180,  605,  181,  122,  702,  852,  407,  896,  856,  771,  262,  596,  703,  897,  914,  576,  387, 1107,   73,  856,  752,  205,  749,  854,  421,  899,  522,  910,  811,  559,  978,  940,  663,  892,  812,  681,  861,  906,  526,  742,  974,  937,  303,  838,  660,  100],
        [  800,    0,  378, 1161,  891,    0,  844, 1033,  532,  989,  491,  732,  801,  776,  788,  825,  681,  992,  350,  960,  667,  939, 1124,  478,  655,  177,  956,  990,  832,   62,  964,  506,  630,  694,  364, 1108,  470,  393,  707,  208,  875,  270,  506, 1059, 1031,  669,  767,  921,  479,  639,  438,   32,  807,  736,  769,  337,  502, 1063,  600,  700,  736,  808,  421,  876,  564,  558,  728,  957,  857,  779,  489, 1173,  357, 1014,  276,  825, 1011,  326,  977,  717,  570,  757, 1161,  908,  310,  424,  540,  929,  486,  975,  524,   93,  702,  808,  317,  799,  266,  197,  875,  424,  923,  396,  782,  612,  652,  501,  831,  447,  228,  478,  424,  620,  685,  383,  498,  881,  332,  945,  126,  882,  849,  643,  708,  934,  330,  290,  746,  491,  534,  539,  832,  658,  713,  945,  369, 1086,  512,  675,  816,  777,  595,  327,  413,  974,  353,  633,  401,  846,  494, 1240, 1078,  143,  715,  289,  936,  805,  226,  975,  765,  104,  735,  744,  942,  739,  346,  146,   28,  908,  573,  621,  895,  131,  434,  828, 1023,   79,  491,  641,  381, 1067, 1041,  890,  337,  321,  358,  376,  174,  938,  382,   51,  368,  743,  966,  390,  854,  353, 1132,  920],
        [  200,    0,  572,  869, 1243,  844,    0,  944,  799,  623,  793,  638,  969,  668,  670, 1078, 1036, 1118,  954, 1001,  303, 1007,  713,  379,  420,  669,  712,  538,  244,  789, 1312,  340,  304, 1109,  858,  970,  552,  476, 1088,  930, 1115,  855, 1086, 1010,  566,  777,  981,  564,  880,  913,  499,  875,  722,  189,   79,  515,  641,  955,  266,  978,  717, 1102, 1026,  508,  796, 1005,  167,  817,  413,  109, 1016,  959, 1035, 1049,  776, 1242,  784, 1022,  605,  770,  534, 1159,  920,  966,  536,  428,  312, 1147, 1066, 1195,  802,  936,  145,   77,  750, 1138,  918,  654,  625,  465, 1313,  805, 1062,  339,  836,  344,  354,  888,  842,  617,  478, 1103,  255,  614,  429,  244,  516, 1330,  912,  705,   18,  349,  392, 1306,  545,  652,  935,  899,  525, 1078,  475,  720,  134,  961,  805,  992,  851,  908,  349, 1096,  486,  670,  742, 1351,  933,  228,  759,  339,  971,  883,  758,  979, 1096,  923, 1153, 1121,  977,  596,  861,  947,  408,  501, 1095,  675,  644,  989,  829,  800,  879,  224, 1196,  969,  542, 1057,  750,  914, 1066,  345,  870,  643,  710,  801,  509,  524,  677,  486,  706,  728,  497,  892,  899,  531,  460,  460,  995,  532,  961, 1328],
        [  744,    0,  710,  249,  551, 1033,  944,    0,  510,  365,  551,  354,  308,  309,  301,  398,  512,  271,  788,  154,  682,  184,  386,  818,  571,  976,  243,  465,  704,  983,  580,  860,  709,  582,  705,   81,  622,  800,  543,  911,  389,  795,  764,   71,  466,  365,  359,  395,  600,  450,  700, 1054,  256,  770,  899,  857,  546,   32,  802,  434,  311,  446,  787,  442,  476,  616,  802,  127,  538,  843,  702,  176,  869,  157,  761,  620,  186,  888,  378,  317,  540,  577,  194,  178,  894,  842,  835,  374,  762,  396,  520, 1079,  927,  869,  717,  504,  841,  907,  319,  760,  624,  650,  427,  684,  395,  903,  593,  638,  828,  579,  742,  658,  724,  679,  702,  721,  871,  626,  977,  241,  930,  649,  572,  601,  808,  764,  345,  599,  578,  718,  470,  379,  930,  127,  677,   56,  550,  406,  596,  474,  556,  716,  621,  630,  766,  820,  635,  611,  653,  346,  278, 1069,  543,  823,  375,  474,  945,  387,  280, 1091,  547,  457,  291,  328,  705, 1112, 1045,  153,  500,  903,  479, 1069,  667,  370,  238, 1039,  756,  654,  695,  408,  301,  162,  927,  897,  682,  817,  880,  219,  786, 1071,  725,  431,  538,  852,  270,  785,  119,  649],
        [  641,    0,  294,  678,  466,  532,  799,  510,    0,  575,   42,  292,  277,  317,  329,  334,  242,  471,  293,  428,  501,  408,  696,  491,  398,  512,  495,  622,  637,  488,  541,  545,  496,  310,  197,  588,  259,  421,  293,  402,  383,  285,  337,  529,  655,  152,  252,  529,  115,  134,  336,  550,  323,  616,  726,  451,  160,  541,  553,  207,  250,  338,  319,  513,   34,  215,  634,  456,  552,  694,  260,  665,  384,  482,  257,  448,  529,  396,  571,  205,  270,  363,  661,  376,  477,  482,  544,  432,  323,  482,   10,  571,  708,  729,  218,  358,  334,  444,  445,  397,  528,  141,  301,  461,  120,  579,  566,  147,  318,  189,  377,  310,  548,  246,  389,  681,  463,  547,  468,  414,  794,  455,  447,  526,  391,  300,  221,  126,  275,  309,  489,  170,  716,  414,  168,  561,   64,  156,  555,  320,  321,  247,  127,  571,  269,  588,  133,  588,  205,  769,  619,  559,  301,  318,  439,  349,  438,  573,  235,  583,  453,  393,  425,  276,  249,  603,  547,  405,   81,  645,  437,  560,  287,  326,  558,  531,  320,  459,  190,  659,  596,  384,  522,  485,  213,  430,  398,  466,  398,  566,  224,  372,  640,  474,  328,  378,  617,  539],
        [  431,    0,  613,  248,  840,  989,  623,  365,  575,    0,  603,  285,  545,  260,  249,  665,  714,  609,  861,  479,  427,  498,  136,  623,  360,  875,  129,  101,  381,  929,  889,  646,  466,  796,  754,  366,  519,  648,  760,  937,  679,  819,  906,  436,  106,  443,  584,   75,  690,  602,  565, 1016,  274,  478,  596,  715,  504,  365,  559,  630,  335,  707,  894,  134,  547,  766,  511,  252,  217,  536,  830,  338,  954,  507,  756,  883,  181,  962,   18,  397,  419,  817,  298,  467,  755,  665,  612,  685,  895,  721,  585, 1059,  645,  554,  709,  761,  882,  815,  131,  606,  917,  686,  673,  456,  513,  688,  277,  721,  837,  518,  596,  843,  455,  608,  530,  383,  728,  926,  977,  186,  607,  415,  326,  900,  686,  699,  546,  699,  456,  871,  183,  407,  644,  436,  707,  400,  636,  569,  286,  721,  399,  669,  629,  937,  835,  562,  650,  287,  775,  282,  137, 1069,  765,  871,  689,  734,  981,   28,  447, 1072,  293,  248,  610,  301,  646, 1104,  991,  268,  617,  646,  773, 1066,  558,  636,  134, 1021,  891,  419,  753,   85,   88,  283,  772,  753,  644,  668,  816,  163,  645, 1036,  789,  246,  178,  688,  539,  660,  348,  940],
        [  642,    0,  269,  715,  489,  491,  793,  551,   42,  603,    0,  318,  316,  347,  360,  366,  262,  510,  260,  469,  499,  449,  726,  472,  402,  475,  528,  645,  641,  447,  564,  526,  491,  322,  159,  628,  245,  397,  310,  363,  416,  245,  320,  570,  679,  190,  288,  553,   96,  166,  317,  509,  357,  613,  718,  422,  154,  581,  541,  238,  283,  366,  293,  534,   75,  213,  629,  493,  566,  689,  243,  704,  352,  523,  216,  463,  565,  362,  598,  243,  272,  379,  699,  417,  446,  459,  527,  466,  305,  516,   33,  530,  696,  725,  178,  382,  296,  407,  473,  376,  548,  100,  331,  455,  161,  558,  576,  120,  278,  177,  356,  311,  544,  219,  375,  687,  434,  567,  427,  447,  788,  454,  454,  547,  362,  265,  260,  111,  270,  298,  507,  202,  704,  455,  127,  602,   59,  193,  565,  346,  323,  212,   90,  593,  235,  577,   94,  598,  190,  805,  653,  519,  318,  281,  473,  375,  400,  599,  276,  542,  462,  410,  463,  306,  217,  562,  506,  443,  104,  630,  465,  519,  268,  360,  591,  490,  302,  457,  154,  687,  628,  422,  492,  455,  179,  404,  359,  500,  372,  525,  189,  390,  658,  449,  367,  350,  657,  557],
        [  446,    0,  374,  430,  631,  732,  638,  354,  292,  285,  318,    0,  340,   48,   59,  457,  461,  481,  576,  370,  347,  372,  411,  465,  229,  645,  225,  333,  421,  676,  694,  507,  368,  543,  470,  412,  280,  450,  512,  658,  487,  539,  626,  408,  365,  175,  362,  238,  406,  339,  351,  758,   99,  452,  580,  510,  232,  377,  457,  384,   82,  489,  610,  229,  265,  492,  480,  244,  290,  531,  549,  455,  669,  421,  482,  653,  280,  678,  280,  145,  189,  577,  435,  330,  548,  489,  484,  513,  614,  560,  301,  795,  594,  562,  435,  535,  600,  579,  156,  409,  707,  403,  450,  339,  248,  550,  323,  437,  561,  255,  392,  576,  395,  354,  349,  455,  524,  720,  705,  151,  627,  309,  247,  694,  466,  446,  316,  417,  228,  594,  217,  128,  598,  332,  425,  409,  354,  315,  318,  493,  203,  406,  349,  737,  551,  479,  368,  346,  494,  509,  349,  799,  518,  589,  519,  513,  701,  282,  229,  808,  233,  142,  458,   37,  387,  837,  739,  203,  341,  560,  575,  796,  325,  432,  292,  755,  610,  314,  469,  369,  317,  193,  579,  550,  377,  468,  565,  206,  438,  777,  505,  112,  360,  501,  359,  441,  424,  725],
        [  783,    0,  555,  539,  299,  801,  969,  308,  277,  545,  316,  340,    0,  324,  329,  121,  204,  195,  508,  177,  669,  149,  626,  726,  550,  788,  424,  627,  760,  761,  356,  778,  680,  276,  444,  387,  493,  674,  237,  646,  148,  540,  461,  297,  647,  200,   52,  533,  329,  166,  578,  816,  284,  781,  906,  713,  392,  338,  758,  128,  258,  163,  493,  548,  251,  315,  806,  324,  625,  861,  404,  484,  579,  222,  529,  340,  418,  602,  550,  199,  454,  281,  496,  134,  743,  730,  766,  179,  461,  229,  284,  830,  907,  894,  493,  217,  574,  719,  433,  642,  376,  406,  131,  646,  165,  817,  662,  366,  578,  428,  622,  350,  718,  510,  611,  794,  727,  386,  723,  360,  959,  626,  580,  361,  656,  575,   57,  323,  479,  413,  549,  254,  913,  184,  433,  344,  290,  127,  657,  180,  494,  522,  403,  401,  490,  787,  409,  685,  360,  637,  525,  809,  239,  553,  186,  190,  673,  556,  111,  841,  570,  481,  150,  303,  521,  855,  818,  287,  230,  858,  237,  811,  532,   95,  465,  790,  455,  630,  430,  618,  523,  268,  787,  751,  487,  686,  675,  389,  652,  831,  455,  451,  676,  729,   54,  638,  426,  397],
        [  473,    0,  420,  386,  621,  776,  668,  309,  317,  260,  347,   48,  324,    0,   13,  444,  464,  451,  606,  335,  384,  339,  380,  510,  268,  692,  185,  320,  444,  719,  680,  552,  407,  547,  502,  365,  327,  497,  514,  695,  470,  576,  646,  364,  349,  185,  352,  223,  431,  346,  398,  800,   56,  484,  613,  557,  274,  331,  498,  384,   77,  480,  635,  227,  288,  507,  514,  197,  301,  562,  570,  408,  699,  384,  521,  649,  236,  709,  258,  143,  236,  576,  389,  298,  595,  535,  528,  492,  635,  537,  327,  836,  631,  592,  474,  529,  635,  625,  130,  456,  697,  436,  442,  379,  256,  595,  341,  464,  599,  299,  439,  587,  430,  399,  395,  474,  571,  709,  745,  107,  656,  347,  279,  683,  513,  490,  308,  440,  275,  611,  226,  148,  635,  295,  459,  364,  377,  317,  338,  487,  248,  450,  386,  724,  581,  519,  404,  363,  515,  468,  310,  838,  519,  622,  498,  505,  737,  261,  214,  849,  261,  167,  432,   42,  432,  877,  783,  157,  357,  600,  561,  836,  372,  418,  251,  797,  631,  352,  500,  344,  281,  148,  626,  597,  419,  515,  610,  163,  485,  819,  536,  137,  358,  548,  337,  488,  377,  717],
        [  474,    0,  432,  374,  626,  788,  670,  301,  329,  249,  360,   59,  329,   13,    0,  449,  473,  450,  619,  332,  389,  338,  367,  519,  273,  703,  172,  311,  444,  732,  684,  560,  412,  556,  515,  355,  338,  508,  522,  708,  474,  588,  657,  357,  339,  195,  358,  214,  443,  356,  409,  813,   53,  487,  616,  568,  287,  322,  504,  392,   86,  486,  647,  221,  300,  518,  517,  187,  298,  564,  582,  396,  711,  381,  534,  655,  223,  721,  247,  152,  246,  583,  377,  297,  606,  545,  535,  495,  647,  539,  339,  849,  636,  594,  487,  535,  648,  637,  120,  466,  702,  449,  448,  386,  266,  603,  339,  476,  612,  312,  450,  597,  434,  411,  404,  473,  582,  714,  758,   95,  658,  353,  282,  688,  524,  503,  315,  451,  286,  622,  222,  160,  639,  292,  472,  356,  389,  326,  337,  493,  257,  462,  398,  729,  594,  524,  417,  361,  526,  455,  297,  851,  527,  635,  500,  511,  750,  251,  220,  862,  263,  169,  433,   55,  444,  890,  795,  149,  368,  606,  565,  849,  383,  423,  238,  809,  642,  358,  512,  333,  269,  141,  636,  608,  432,  526,  622,  150,  495,  832,  548,  140,  351,  558,  339,  499,  366,  722],
        [  896,    0,  627,  640,  178,  825, 1078,  398,  334,  665,  366,  457,  121,  444,  449,    0,  156,  192,  502,  248,  777,  217,  741,  814,  658,  837,  542,  748,  876,  792,  238,  867,  784,  199,  462,  472,  578,  752,  162,  649,   51,  557,  417,  369,  767,  302,   98,  653,  348,  201,  661,  836,  405,  890, 1012,  784,  475,  425,  857,  130,  376,   49,  468,  669,  317,  287,  914,  436,  744,  970,  376,  572,  557,  274,  563,  226,  530,  585,  670,  313,  553,  181,  591,  223,  810,  811,  859,  105,  422,  152,  338,  841, 1009, 1004,  534,  106,  577,  770,  554,  724,  255,  441,   46,  749,  249,  904,  780,  379,  598,  509,  704,  288,  825,  580,  703,  911,  797,  266,  732,  480, 1069,  732,  692,  240,  725,  631,  144,  335,  573,  366,  669,  359, 1015,  272,  466,  423,  324,  183,  775,   80,  597,  578,  455,  281,  488,  888,  455,  803,  346,  739,  637,  811,  159,  555,  111,   77,  668,  676,  230,  850,  684,  598,  141,  421,  583,  859,  845,  403,  265,  955,  119,  816,  613,   30,  579,  803,  415,  736,  445,  736,  639,  385,  856,  819,  545,  762,  718,  506,  729,  849,  461,  568,  797,  806,  133,  711,  513,  276],
        [  868,    0,  530,  738,  229,  681, 1036,  512,  242,  714,  262,  461,  204,  464,  473,  156,    0,  346,  348,  375,  735,  345,  811,  732,  624,  709,  603,  783,  857,  652,  305,  786,  734,   84,  321,  591,  501,  658,   53,  497,  202,  412,  264,  498,  810,  286,  153,  687,  213,  126,  577,  689,  441,  850,  964,  680,  401,  542,  794,   85,  388,  129,  312,  689,  241,  132,  870,  517,  748,  929,  220,  687,  401,  413,  429,  207,  609,  429,  715,  322,  502,  123,  699,  337,  701,  720,  785,  257,  268,  298,  242,  690,  949,  964,  408,  124,  426,  646,  590,  637,  286,  313,  111,  698,  215,  819,  774,  238,  454,  431,  617,  146,  782,  480,  631,  899,  692,  306,  582,  530, 1029,  689,  668,  286,  620,  514,  176,  197,  513,  215,  677,  340,  957,  387,  334,  547,  208,  148,  766,   97,  552,  464,  344,  331,  336,  829,  338,  797,  193,  837,  714,  658,   61,  403,  263,  126,  514,  720,  270,  699,  667,  592,  294,  431,  474,  706,  702,  475,  162,  887,  216,  664,  528,  170,  652,  653,  262,  693,  303,  793,  706,  454,  749,  712,  434,  665,  588,  569,  634,  701,  314,  565,  819,  710,  247,  610,  630,  297],
        [  924,    0,  746,  518,  296,  992, 1118,  271,  471,  609,  510,  481,  195,  451,  450,  192,  346,    0,  684,  131,  827,  115,  653,  908,  707,  982,  480,  705,  894,  953,  314,  958,  843,  389,  632,  328,  679,  862,  353,  828,  157,  727,  608,  218,  714,  380,  226,  620,  515,  354,  763, 1006,  398,  933, 1061,  904,  580,  290,  927,  297,  405,  233,  656,  652,  445,  475,  961,  358,  740, 1011,  564,  429,  745,  116,  721,  379,  444,  772,  619,  363,  628,  360,  457,  154,  935,  916,  943,  118,  613,  127,  478, 1016, 1071, 1042,  686,  282,  755,  914,  526,  828,  363,  598,  236,  812,  359,  998,  787,  551,  767,  616,  808,  479,  874,  703,  791,  921,  918,  363,  908,  442, 1107,  786,  727,  338,  847,  769,  251,  506,  657,  558,  666,  427, 1076,  174,  625,  275,  481,  319,  786,  269,  663,  716,  598,  363,  668,  954,  603,  808,  530,  612,  545,  991,  350,  734,  116,  255,  851,  627,  274, 1026,  711,  618,   52,  445,  715, 1038, 1010,  346,  420, 1029,  225,  995,  720,  176,  496,  977,  606,  791,  616,  666,  561,  336,  978,  942,  681,  875,  869,  448,  841, 1020,  637,  588,  768,  917,  146,  829,  371,  388],
        [  837,    0,  382,  970,  545,  350,  954,  788,  293,  861,  260,  576,  508,  606,  619,  502,  348,  684,    0,  682,  689,  656,  985,  586,  618,  430,  787,  897,  849,  336,  616,  635,  668,  348,  110,  868,  422,  490,  365,  151,  549,  111,  165,  796,  933,  443,  464,  808,  189,  345,  457,  352,  615,  793,  876,  477,  375,  819,  688,  388,  542,  476,   82,  783,  326,  218,  801,  746,  803,  861,  141,  951,   95,  730,  182,  476,  822,  103,  855,  496,  491,  410,  950,  633,  480,  550,  652,  604,  143,  645,  283,  345,  832,  896,  205,  458,   84,  383,  731,  491,  573,  178,  457,  636,  395,  653,  803,  151,  144,  378,  477,  271,  727,  344,  529,  898,  484,  596,  239,  706,  953,  648,  674,  585,  427,  308,  457,  190,  474,  191,  751,  461,  842,  678,  164,  835,  241,  388,  790,  442,  538,  285,  243,  624,   26,  727,  221,  824,  156, 1062,  912,  311,  372,   62,  610,  469,  167,  856,  509,  354,  689,  653,  632,  565,  311,  359,  374,  696,  288,  755,  555,  316,  418,  510,  850,  310,  147,  650,  108,  945,  887,  675,  528,  493,  280,  486,  315,  759,  466,  362,   72,  638,  902,  525,  561,  432,  901,  571],
        [  805,    0,  675,  402,  398,  960, 1001,  154,  428,  479,  469,  370,  177,  335,  332,  248,  375,  131,  682,    0,  717,   32,  526,  818,  598,  928,  350,  574,  772,  915,  430,  865,  737,  439,  611,  224,  598,  782,  400,  815,  236,  705,  636,  123,  584,  306,  226,  490,  499,  337,  681,  977,  280,  818,  947,  831,  506,  179,  825,  304,  301,  296,  669,  525,  397,  491,  848,  227,  615,  896,  580,  326,  755,   57,  685,  467,  315,  777,  488,  274,  534,  428,  346,   52,  864,  831,  846,  222,  636,  249,  437,  995,  964,  925,  645,  353,  744,  858,  398,  745,  471,  566,  281,  707,  308,  906,  664,  536,  742,  542,  726,  520,  763,  636,  700,  797,  845,  474,  889,  314,  989,  678,  613,  449,  777,  712,  226,  494,  567,  587,  541,  342,  968,   44,  593,  176,  454,  295,  663,  326,  563,  661,  551,  479,  662,  848,  560,  685,  536,  499,  418,  977,  399,  724,  224,  323,  844,  497,  199, 1006,  594,  501,  140,  335,  654, 1023,  975,  217,  398,  927,  326,  979,  642,  221,  367,  955,  630,  683,  598,  536,  431,  209,  904,  870,  625,  797,  821,  317,  764,  993,  625,  471,  639,  836,  129,  756,  267,  496],
        [  149,    0,  319,  666,  940,  667,  303,  682,  501,  427,  499,  347,  669,  384,  389,  777,  735,  827,  689,  717,    0,  719,  552,  213,  121,  514,  475,  380,  168,  605, 1010,  224,   42,  809,  584,  723,  268,  276,  787,  697,  814,  602,  804,  743,  420,  475,  679,  354,  590,  611,  243,  698,  440,  116,  237,  340,  345,  699,  132,  676,  423,  800,  754,  294,  495,  711,  138,  558,  226,  195,  731,  735,  777,  767,  522,  940,  549,  770,  410,  471,  233,  857,  702,  677,  376,  266,  187,  848,  786,  897,  505,  753,  248,  230,  487,  836,  668,  471,  378,  243, 1011,  525,  759,   56,  534,  264,  180,  602,  599,  325,  245,  808,   49,  348,  173,  218,  349, 1027,  701,  444,  296,   46,  112, 1003,  337,  412,  633,  607,  229,  791,  246,  418,  251,  678,  530,  734,  556,  605,  165,  794,  183,  413,  459, 1048,  665,  141,  478,  189,  683,  709,  557,  782,  795,  669,  854,  819,  745,  403,  562,  765,  141,  225,  800,  383,  385,  805,  660,  531,  579,  226,  894,  775,  273,  756,  528,  722,  785,   43,  594,  481,  509,  527,  377,  369,  410,  294,  501,  481,  285,  717,  626,  252,  328,  296,  698,  315,  723, 1025],
        [  811,    0,  663,  431,  369,  939, 1007,  184,  408,  498,  449,  372,  149,  339,  338,  217,  345,  115,  656,   32,  719,    0,  551,  812,  599,  912,  369,  592,  780,  895,  403,  860,  737,  408,  588,  255,  588,  773,  369,  791,  206,  683,  607,  154,  603,  293,  197,  506,  474,  312,  672,  956,  285,  822,  951,  820,  495,  210,  823,  276,  298,  265,  641,  537,  378,  462,  851,  249,  626,  900,  551,  356,  727,   75,  665,  437,  338,  751,  507,  265,  528,  397,  377,   42,  853,  823,  843,  195,  608,  225,  416,  973,  964,  930,  626,  322,  719,  842,  411,  737,  443,  544,  250,  706,  289,  901,  673,  512,  720,  531,  717,  490,  766,  623,  694,  807,  834,  447,  866,  328,  995,  679,  617,  421,  765,  696,  200,  469,  560,  558,  552,  333,  969,   64,  572,  207,  431,  270,  672,  295,  560,  644,  532,  452,  637,  848,  541,  694,  509,  528,  443,  954,  369,  699,  197,  292,  819,  515,  185,  984,  599,  506,  114,  336,  639, 1000,  955,  233,  374,  926,  297,  956,  631,  190,  390,  933,  601,  684,  575,  558,  454,  222,  893,  859,  609,  787,  803,  336,  754,  972,  600,  476,  654,  827,   99,  745,  297,  467],
        [  532,    0,  749,  182,  911, 1124,  713,  386,  696,  136,  726,  411,  626,  380,  367,  741,  811,  653,  985,  526,  552,  551,    0,  753,  493, 1010,  209,  179,  479, 1064,  952,  774,  592,  892,  880,  359,  655,  783,  854, 1068,  747,  949, 1020,  453,  148,  556,  671,  208,  809,  707,  701, 1152,  380,  588,  696,  850,  636,  376,  682,  726,  449,  787, 1014,  263,  666,  876,  620,  306,  330,  636,  945,  295, 1078,  542,  888,  965,  213, 1087,  150,  506,  554,  906,  251,  527,  889,  797,  738,  745, 1010,  774,  706, 1194,  753,  649,  841,  843, 1011,  951,  257,  740,  988,  813,  757,  585,  621,  814,  386,  842,  969,  652,  730,  947,  574,  743,  664,  470,  862,  994, 1110,  287,  696,  544,  456,  968,  822,  835,  637,  817,  591,  982,  312,  526,  751,  487,  835,  405,  755,  670,  398,  805,  535,  803,  759, 1001,  960,  681,  779,  391,  890,  171,  109, 1203,  858,  999,  747,  814, 1111,  154,  541, 1207,  423,  384,  664,  421,  780, 1239, 1127,  340,  730,  764,  841, 1199,  694,  712,  163, 1156, 1006,  548,  878,   72,  105,  360,  905,  887,  777,  803,  951,  243,  780, 1171,  914,  382,  254,  821,  610,  796,  327, 1011],
        [  326,    0,  213,  849,  957,  478,  379,  818,  491,  623,  472,  465,  726,  510,  519,  814,  732,  908,  586,  818,  213,  812,  753,    0,  267,  312,  645,  588,  364,  420, 1031,   55,  172,  793,  498,  873,  237,   98,  781,  552,  859,  482,  729,  871,  628,  529,  721,  548,  545,  622,  156,  510,  563,  260,  300,  142,  340,  840,  122,  694,  520,  825,  662,  491,  500,  672,  251,  704,  436,  302,  666,  902,  662,  873,  405,  935,  716,  647,  607,  547,  285,  851,  874,  771,  172,   56,   68,  902,  708,  953,  491,  569,  248,  334,  385,  849,  543,  283,  547,   99, 1018,  456,  786,  170,  567,   91,  393,  543,  466,  306,  118,  769,  217,  261,  119,  412,  147, 1037,  536,  596,  381,  210,  298, 1017,  167,  279,  679,  564,  252,  729,  441,  481,  258,  785,  450,  873,  529,  632,  377,  810,  263,  305,  401, 1062,  566,  157,  414,  401,  628,  903,  744,  607,  790,  550,  909,  838,  599,  601,  634,  581,  331,  388,  872,  493,  282,  622,  467,  667,  571,  170,  924,  598,  205,  800,  706,  543,  709,  207,  513,  685,  698,  657,  165,  162,  320,  108,  329,  643,  121,  528,  537,  405,  540,   90,  766,  156,  880, 1028],
        [  245,    0,  281,  582,  825,  655,  420,  571,  398,  360,  402,  229,  550,  268,  273,  658,  624,  707,  618,  598,  121,  599,  493,  267,    0,  524,  380,  339,  240,  594,  893,  298,  140,  701,  509,  618,  202,  291,  677,  649,  695,  543,  717,  630,  380,  357,  561,  286,  496,  499,  218,  685,  323,  232,  356,  358,  251,  590,  232,  562,  302,  683,  675,  231,  388,  612,  257,  450,  203,  312,  642,  639,  710,  649,  467,  829,  452,  707,  344,  352,  131,  747,  610,  557,  397,  306,  269,  728,  700,  777,  403,  735,  366,  346,  426,  721,  610,  469,  282,  249,  896,  444,  643,  114,  419,  341,  188,  514,  548,  241,  241,  708,  169,  294,  172,  286,  370,  912,  668,  338,  411,   81,   57,  888,  335,  376,  515,  513,  145,  699,  183,  300,  370,  560,  455,  625,  457,  490,  174,  679,   81,  361,  378,  932,  593,  252,  399,  207,  591,  637,  478,  756,  684,  607,  734,  703,  697,  339,  442,  748,   81,  122,  680,  264,  334,  784,  653,  419,  473,  334,  776,  750,  226,  638,  440,  700,  698,   86,  516,  428,  432,  413,  413,  395,  349,  311,  482,  380,  290,  705,  550,  143,  311,  329,  577,  309,  621,  911],
        [  637,    0,  272, 1071,  934,  177,  669,  976,  512,  875,  475,  645,  788,  692,  703,  837,  709,  982,  430,  928,  514,  912, 1010,  312,  524,    0,  862,  862,  674,  130, 1009,  334,  475,  742,  396, 1045,  366,  239,  746,  326,  887,  324,  594, 1012,  903,  624,  763,  803,  497,  638,  310,  208,  732,  571,  595,  175,  430, 1004,  432,  707,  667,  830,  511,  753,  538,  603,  560,  884,  720,  608,  556, 1098,  471,  983,  282,  883,  924,  445,  861,  664,  465,  806, 1080,  876,  141,  256,  370,  939,  572,  988,  506,  269,  526,  636,  304,  832,  355,   70,  772,  277,  978,  398,  798,  461,  626,  325,  687,  474,  286,  398,  283,  684,  526,  298,  355,  722,  167, 1000,  272,  795,  675,  496,  571,  985,  189,  216,  732,  513,  425,  615,  706,  598,  537,  906,  376, 1031,  513,  667,  671,  803,  477,  268,  386, 1028,  422,  464,  383,  699,  542, 1141,  978,  318,  754,  373,  946,  833,  361,  858,  729,  280,  601,  627,  936,  659,  274,  322,  161,  838,  572,  445,  924,  306,  323,  833,  929,  252,  576,  494,  415,  948,  937,  822,  161,  150,  303,  220,  122,  849,  235,  225,  418,  632,  829,  223,  838,  216, 1064,  980],
        [  514,    0,  592,  209,  716,  956,  712,  243,  495,  129,  528,  225,  424,  185,  172,  542,  603,  480,  787,  350,  475,  369,  209,  645,  380,  862,    0,  226,  470,  899,  763,  678,  509,  685,  685,  259,  496,  652,  648,  879,  553,  759,  813,  313,  234,  350,  466,  154,  606,  499,  558,  982,  174,  549,  674,  716,  456,  248,  604,  519,  246,  586,  811,  204,  463,  669,  581,  124,  301,  616,  740,  260,  878,  380,  705,  763,   75,  889,  140,  299,  398,  701,  230,  339,  755,  680,  648,  558,  805,  593,  505, 1019,  712,  639,  658,  641,  818,  798,   99,  609,  793,  619,  554,  490,  414,  721,  359,  641,  783,  478,  595,  739,  512,  576,  539,  482,  729,  801,  929,   81,  697,  451,  364,  775,  678,  668,  431,  613,  438,  775,  240,  326,  713,  307,  643,  284,  552,  462,  364,  602,  394,  630,  570,  811,  762,  615,  588,  375,  685,  285,  126, 1022,  652,  805,  561,  613,  921,  148,  334, 1032,  335,  258,  481,  225,  611, 1061,  962,  141,  523,  700,  648, 1020,  540,  513,   68,  980,  800,  456,  681,  195,  104,  157,  780,  755,  601,  671,  788,   36,  643, 1001,  716,  241,  296,  698,  414,  652,  251,  816],
        [  354,    0,  613,  333,  925,  990,  538,  465,  622,  101,  645,  333,  627,  320,  311,  748,  783,  705,  897,  574,  380,  592,  179,  588,  339,  862,  226,    0,  302,  929,  977,  604,  421,  866,  788,  466,  523,  628,  832,  959,  765,  844,  957,  536,   42,  503,  663,   97,  736,  666,  555, 1019,  347,  409,  519,  695,  527,  466,  508,  702,  397,  788,  937,  116,  597,  824,  442,  350,  155,  459,  881,  432,  991,  605,  775,  962,  281,  996,   87,  462,  427,  893,  390,  559,  734,  635,  567,  776,  945,  814,  631, 1066,  575,  473,  730,  841,  909,  807,  196,  587, 1002,  719,  753,  419,  575,  643,  209,  765,  858,  536,  579,  906,  399,  615,  509,  295,  706, 1012,  991,  270,  522,  378,  294,  985,  674,  704,  622,  747,  459,  926,  159,  460,  573,  531,  738,  501,  685,  637,  222,  800,  396,  680,  658, 1024,  871,  505,  679,  213,  825,  347,  226, 1082,  838,  901,  780,  815, 1005,   78,  524, 1079,  262,  251,  702,  357,  655, 1113,  990,  360,  673,  587,  860, 1077,  557,  720,  234, 1030,  941,  382,  789,  107,  181,  373,  745,  730,  659,  648,  816,  257,  628, 1039,  826,  261,   81,  661,  626,  648,  446, 1023],
        [   55,    0,  485,  628, 1048,  832,  244,  704,  637,  381,  641,  421,  760,  444,  444,  876,  857,  894,  849,  772,  168,  780,  479,  364,  240,  674,  470,  302,    0,  771, 1113,  359,  202,  936,  742,  728,  427,  439,  910,  863,  908,  766,  955,  772,  333,  580,  779,  321,  735,  732,  410,  863,  496,  121,  218,  500,  490,  714,  253,  790,  503,  905,  910,  266,  625,  851,  150,  578,  170,  158,  880,  716,  939,  816,  687, 1059,  541,  933,  363,  563,  370,  979,  677,  740,  534,  420,  319,  934,  938,  980,  642,  919,  278,  173,  650,  947,  833,  635,  386,  409, 1121,  679,  866,  224,  647,  389,  112,  752,  764,  476,  412,  946,  149,  512,  340,   51,  507, 1136,  868,  467,  228,  203,  191, 1111,  503,  579,  733,  752,  378,  938,  235,  523,  275,  730,  688,  751,  696,  718,  109,  905,  320,  578,  613, 1154,  824,  235,  633,   96,  830,  648,  517,  949,  917,  832,  940,  927,  911,  354,  650,  931,  193,  280,  876,  458,  550,  971,  824,  564,  710,  305,  994,  942,  438,  852,  507,  888,  936,  202,  751,  408,  469,  567,  528,  526,  572,  457,  667,  487,  451,  882,  784,  310,  227,  452,  779,  481,  718, 1138],
        [  739,    0,  317, 1105,  868,   62,  789,  983,  488,  929,  447,  676,  761,  719,  732,  792,  652,  953,  336,  915,  605,  895, 1064,  420,  594,  130,  899,  929,  771,    0,  942,  450,  569,  671,  332, 1056,  410,  333,  681,  210,  842,  242,  498, 1011,  969,  620,  728,  860,  445,  600,  377,   93,  752,  676,  713,  278,  447, 1012,  541,  664,  682,  778,  413,  815,  518,  533,  669,  903,  795,  721,  472, 1119,  360,  969,  233,  807,  955,  330,  917,  666,  510,  735, 1106,  863,  254,  365,  482,  895,  477,  942,  480,  150,  647,  751,  270,  772,  254,  137,  816,  363,  904,  356,  750,  550,  607,  446,  770,  415,  201,  421,  363,  603,  625,  324,  436,  820,  274,  926,  144,  826,  794,  581,  646,  914,  268,  231,  704,  458,  474,  526,  771,  606,  658,  898,  329, 1036,  473,  635,  754,  748,  534,  271,  365,  955,  334,  575,  355,  784,  470, 1182, 1020,  191,  689,  275,  902,  777,  239,  914,  718,  162,  674,  683,  904,  683,  289,  203,   64,  855,  534,  566,  867,  181,  373,  792,  966,  126,  481,  580,  350, 1007,  983,  837,  284,  266,  303,  316,  113,  881,  321,  113,  342,  683,  904,  332,  813,  292, 1079,  903],
