{
    "name": "random-71-6553",
    "comment": "size=71 seed=6553",
    "nodes": ["+0", "-0", "+1", "-1", "+2", "-2", "+3", "-3", "+4", "-4", "+5", "-5", "+6", "-6", "+7", "-7", "+8", "-8", "+9", "-9", "+10", "-10", "+11", "-11", "+12", "-12", "+13", "-13", "+14", "-14", "+15", "-15", "+16", "-16", "+17", "-17", "+18", "-18", "+19", "-19", "+20", "-20", "+21", "-21", "+22", "-22", "+23", "-23", "+24", "-24", "+25", "-25", "+26", "-26", "+27", "-27", "+28", "-28", "+29", "-29", "+30", "-30", "+31", "-31", "+32", "-32", "+33", "-33", "+34", "-34", "+35", "-35", "+36", "-36", "+37", "-37", "+38", "-38", "+39", "-39", "+40", "-40", "+41", "-41", "+42", "-42", "+43", "-43", "+44", "-44", "+45", "-45", "+46", "-46", "+47", "-47", "+48", "-48", "+49", "-49", "+50", "-50", "+51", "-51", "+52", "-52", "+53", "-53", "+54", "-54", "+55", "-55", "+56", "-56", "+57", "-57", "+58", "-58", "+59", "-59", "+60", "-60", "+61", "-61", "+62", "-62", "+63", "-63", "+64", "-64", "+65", "-65", "+66", "-66", "+67", "-67", "+68", "-68", "+69", "-69", "+70", "-70", "+71", "-71"],
    "precedence": {
        "+0": "-0",
        "+1": "-1",
        "+2": "-2",
        "+3": "-3",
        "+4": "-4",
        "+5": "-5",
        "+6": "-6",
        "+7": "-7",
        "+8": "-8",
        "+9": "-9",
        "+10": "-10",
        "+11": "-11",
        "+12": "-12",
        "+13": "-13",
        "+14": "-14",
        "+15": "-15",
        "+16": "-16",
        "+17": "-17",
        "+18": "-18",
        "+19": "-19",
        "+20": "-20",
        "+21": "-21",
        "+22": "-22",
        "+23": "-23",
        "+24": "-24",
        "+25": "-25",
        "+26": "-26",
        "+27": "-27",
        "+28": "-28",
        "+29": "-29",
        "+30": "-30",
        "+31": "-31",
        "+32": "-32",
        "+33": "-33",
        "+34": "-34",
        "+35": "-35",
        "+36": "-36",
        "+37": "-37",
        "+38": "-38",
        "+39": "-39",
        "+40": "-40",
        "+41": "-41",
        "+42": "-42",
        "+43": "-43",
        "+44": "-44",
        "+45": "-45",
        "+46": "-46",
        "+47": "-47",
        "+48": "-48",
        "+49": "-49",
        "+50": "-50",
        "+51": "-51",
        "+52": "-52",
        "+53": "-53",
        "+54": "-54",
        "+55": "-55",
        "+56": "-56",
        "+57": "-57",
        "+58": "-58",
        "+59": "-59",
        "+60": "-60",
        "+61": "-61",
        "+62": "-62",
        "+63": "-63",
        "+64": "-64",
        "+65": "-65",
        "+66": "-66",
        "+67": "-67",
        "+68": "-68",
        "+69": "-69",
        "+70": "-70",
        "+71": "-71"
    },
    "edges": [
        [    0,    0,  343,  290,  554,  187,  636,  227,  167,  581,  416,  569,  459,  292,  400,   34,  700,  410,  382,  613,  750,  660,  627,  125,  179,  140,  275,  546,  674,  484,  659,  789,  313,  720,  191,  804,  664,  458,  469,  239,  166,  208,  364,  782,  338,  160,  277,  251,  283,  649,  450,  514,  321,  703,  548,  314,  650,  342,  503,  358,  572,  184,  599,  671,  536,  372,  387,  265,  238,  459,  762,  349,  491,  663,  386,  438,  511,  289,  546,  468,  255,  181,  660,  906,  721,  297,  927,  667,  335,  168,  311,  638,  631,  255,  209,  445,  625,  254,  558,  155,  358,  288,  440,  786,  778,  730,  796,  571,  280,  186,  588,  710,  216,  428,  572,  287,  577,  194,  270,  466,  698,  300,  686,  682,  692,  523,  232,  148,  704,  184,  292,  318,  613,  145,  309,  661,  386,  732,  348,  337,  350,  544,  115,  296],
        [    0,    0,    0,    0,    0,    0,    0,    0,    0,    0,    0,    0,    0,    0,    0,    0,    0,    0,    0,    0,    0,    0,    0,    0,    0,    0,    0,    0,    0,    0,    0,    0,    0,    0,    0,    0,    0,    0,    0,    0,    0,    0,    0,    0,    0,    0,    0,    0,    0,    0,    0,    0,    0,    0,    0,    0,    0,    0,    0,    0,    0,    0,    0,    0,    0,    0,    0,    0,    0,    0,    0,    0,    0,    0,    0,    0,    0,    0,    0,    0,    0,    0,    0,    0,    0,    0,    0,    0,    0,    0,    0,    0,    0,    0,    0,    0,    0,    0,    0,    0,    0,    0,    0,    0,    0,    0,    0,    0,    0,    0,    0,    0,    0,    0,    0,    0,    0,    0,    0,    0,    0,    0,    0,    0,    0,    0,    0,    0,    0,    0,    0,    0,    0,    0,    0,    0,    0,    0,    0,    0,    0,    0,    0,    0],
        [  343,    0,    0,   83,  417,  234,  763,  320,  334,  671,  689,  637,  151,  456,  331,  330,  378,  415,  251,  525,  486,  437,  755,  465,  521,  318,  203,  581,  344,  587,  384,  605,  572,  433,  434,  531,  411,  298,  461,  138,  389,  455,  602,  513,  537,  295,  522,  591,  595,  317,  280,  742,  489,  383,  260,  129,  420,  425,  188,  383,  708,  451,  514,  848,  393,  249,  652,   80,  568,  683,  462,  355,  718,  405,  402,  232,  199,  142,  213,  592,  418,  523,  326,  681,  498,  494,  705,  375,  343,  504,  467,  490,  289,  488,  534,  146,  756,  585,  216,  199,  408,   64,   98,  519,  507,  528,  541,  325,  607,  240,  335,  409,  247,   86,  231,  534,  756,  442,  179,  129,  356,  593,  390,  380,  365,  183,  184,  489,  436,  203,  336,  258,  299,  199,  626,  519,  576,  561,  582,  484,  407,  728,  456,  493],
        [  290,    0,   83,    0,  481,  228,  782,  322,  256,  696,  610,  666,  233,  455,  261,  271,  458,  339,  188,  584,  568,  516,  773,  406,  464,  298,  122,  616,  385,  606,  467,  680,  552,  516,  413,  535,  403,  361,  501,  144,  312,  434,  521,  595,  455,  281,  443,  532,  524,  394,  344,  735,  489,  415,  267,  177,  499,  442,  215,  410,  723,  424,  572,  856,  457,  184,  573,   50,  503,  676,  544,  276,  711,  400,  433,  301,  282,   63,  291,  607,  336,  465,  402,  762,  577,  487,  785,  458,  371,  442,  385,  558,  348,  409,  492,  228,  773,  541,  278,  136,  431,   29,  162,  602,  589,  605,  623,  312,  565,  161,  416,  428,  165,  162,  303,  516,  762,  366,   97,  206,  418,  564,  405,  399,  444,  256,  102,  431,  518,  192,  354,  293,  380,  150,  588,  587,  575,  634,  569,  489,  326,  732,  398,  411],
        [  554,    0,  417,  481,    0,  370,  502,  342,  657,  397,  970,  348,  317,  394,  742,  569,  397,  816,  665,  120,  285,  163,  498,  660,  692,  425,  597,  279,  618,  363,  255,  237,  551,  310,  477,  873,  785,  120,  186,  369,  692,  487,  911,  316,  868,  398,  822,  763,  832,  411,  138,  614,  406,  675,  631,  307,  169,  300,  546,  240,  474,  508,  112,  627,   25,  662,  940,  440,  777,  569,  367,  750,  596,  775,  222,  187,  314,  543,  378,  390,  759,  696,  426,  368,  204,  440,  387,  296,  237,  704,  816,   85,  516,  795,  630,  307,  501,  678,  467,  508,  263,  453,  437,  315,  318,  192,  304,  715,  685,  587,  195,  732,  610,  406,  429,  515,  560,  735,  571,  388,  534,  610,  724,  706,  408,  414,  557,  674,  262,  386,  282,  238,  336,  473,  677,  111,  464,  179,  522,  380,  791,  546,  649,  822],
        [  187,    0,  234,  228,  370,    0,  559,   96,  296,  480,  602,  455,  304,  228,  449,  199,  539,  497,  397,  440,  567,  473,  550,  304,  348,   91,  295,  414,  576,  386,  480,  603,  339,  542,  203,  758,  630,  271,  314,   97,  324,  224,  541,  600,  502,   63,  453,  422,  469,  498,  263,  510,  262,  616,  488,  149,  464,  222,  421,  207,  499,  224,  426,  628,  351,  389,  571,  181,  421,  451,  588,  429,  486,  626,  234,  255,  352,  268,  399,  383,  398,  351,  511,  719,  534,  262,  741,  493,  173,  348,  457,  454,  510,  426,  325,  288,  550,  377,  436,  165,  219,  209,  327,  603,  596,  544,  611,  539,  395,  247,  407,  642,  276,  304,  436,  300,  535,  366,  276,  332,  569,  365,  621,  612,  534,  390,  245,  323,  522,   37,  141,  133,  451,  124,  406,  479,  348,  547,  348,  262,  455,  504,  293,  457],
        [  636,    0,  763,  782,  502,  559,    0,  464,  800,  106,  965,  155,  745,  348, 1002,  668,  893, 1036,  955,  419,  778,  659,   10,  661,  648,  520,  851,  224, 1065,  177,  757,  637,  372,  811,  448, 1290, 1173,  548,  334,  639,  799,  434,  957,  806,  957,  521,  882,  687,  807,  894,  563,  239,  317, 1117, 1022,  637,  668,  341,  943,  381,   65,  463,  415,  135,  513,  947,  951,  732,  738,  247,  868,  970,  241, 1167,  366,  611,  768,  826,  834,  176,  890,  653,  910,  782,  681,  340,  791,  797,  421,  688,  943,  524,  973,  870,  535,  729,   13,  550,  909,  714,  356,  759,  833,  803,  810,  647,  783, 1086,  535,  788,  691, 1159,  820,  802,  884,  373,  121,  814,  833,  807, 1009,  433, 1144, 1130,  902,  853,  800,  655,  762,  595,  429,  508,  822,  673,  498,  517,  257,  591,  320,  305,  982,  140,  653,  921],
        [  227,    0,  320,  322,  342,   96,  464,    0,  367,  387,  638,  365,  361,  137,  541,  250,  583,  584,  491,  388,  577,  471,  455,  321,  351,   88,  388,  330,  655,  292,  501,  578,  269,  565,  150,  848,  722,  267,  243,  184,  385,  166,  591,  611,  562,   70,  503,  422,  494,  551,  266,  423,  170,  699,  577,  212,  465,  130,  507,  131,  404,  178,  375,  534,  328,  483,  611,  274,  436,  365,  616,  517,  399,  718,  160,  278,  404,  363,  460,  288,  468,  355,  565,  706,  528,  176,  726,  521,  110,  364,  526,  424,  581,  480,  297,  344,  455,  348,  508,  254,  135,  302,  407,  613,  609,  528,  615,  632,  360,  333,  424,  728,  363,  381,  501,  228,  441,  420,  370,  402,  635,  308,  709,  699,  581,  458,  337,  334,  537,  132,   65,  126,  495,  212,  362,  444,  257,  520,  268,  167,  537,  411,  310,  518],
        [  167,    0,  334,  256,  657,  296,  800,  367,    0,  741,  355,  726,  479,  454,  251,  133,  712,  246,  260,  734,  805,  733,  791,  214,  271,  289,  174,  696,  614,  643,  706,  882,  475,  760,  357,  694,  551,  546,  606,  294,   59,  374,  270,  834,  214,  298,  188,  320,  278,  649,  533,  678,  485,  631,  464,  368,  720,  493,  443,  496,  736,  349,  721,  836,  636,  249,  318,  261,  274,  624,  793,  189,  655,  554,  524,  506,  531,  219,  546,  630,  103,  269,  658,  983,  796,  462, 1006,  703,  466,  232,  161,  740,  596,  155,  349,  470,  790,  383,  530,  153,  502,  271,  416,  840,  829,  815,  856,  464,  411,   96,  645,  623,  102,  417,  558,  452,  743,  111,  184,  461,  668,  454,  596,  597,  698,  511,  158,  238,  755,  273,  428,  424,  632,  184,  447,  767,  552,  829,  513,  499,  184,  710,  212,  168],
        [  581,    0,  671,  696,  397,  480,  106,  387,  741,    0,  939,   50,  645,  290,  928,  611,  788,  969,  875,  317,  674,  554,  102,  623,  620,  454,  774,  119,  965,   98,  651,  541,  357,  706,  401, 1194, 1081,  445,  231,  553,  746,  391,  921,  703,  912,  450,  840,  669,  782,  790,  460,  283,  264, 1018,  928,  544,  563,  259,  849,  289,   90,  422,  313,  234,  408,  867,  922,  647,  713,  268,  763,  902,  276, 1074,  270,  509,  666,  744,  732,  117,  835,  625,  805,  687,  578,  296,  697,  691,  329,  656,  891,  422,  871,  826,  513,  629,  105,  538,  809,  640,  266,  672,  737,  700,  706,  545,  680,  996,  527,  718,  586, 1062,  749,  705,  782,  347,  186,  767,  755,  708,  905,  425, 1048, 1033,  796,  753,  723,  622,  657,  515,  344,  414,  717,  599,  495,  416,  231,  492,  306,  245,  918,  187,  614,  873],
        [  416,    0,  689,  610,  970,  602,  965,  638,  355,  939,    0,  941,  832,  663,  513,  403, 1067,  438,  566, 1026, 1150, 1069,  956,  324,  319,  551,  514,  933,  949,  848, 1054, 1204,  593, 1110,  547,  974,  837,  871,  875,  632,  301,  552,  105, 1181,  187,  575,  168,  281,  158, 1004,  861,  770,  681,  956,  788,  709, 1058,  737,  784,  766,  903,  522, 1012,  952,  952,  557,   39,  614,  228,  733, 1146,  433,  754,  844,  793,  843,  884,  568,  901,  823,  287,  314, 1012, 1318, 1131,  645, 1340, 1054,  748,  286,  262, 1054,  944,  202,  431,  822,  952,  419,  881,  500,  760,  625,  769, 1186, 1176, 1144, 1200,  763,  440,  450,  989,  935,  449,  771,  911,  595,  872,  248,  531,  816, 1016,  536,  906,  913, 1053,  865,  510,  320, 1102,  592,  703,  733,  986,  520,  482, 1077,  713, 1148,  645,  706,  378,  840,  335,  215],
        [  569,    0,  637,  666,  348,  455,  155,  365,  726,   50,  941,    0,  603,  282,  903,  599,  740,  949,  847,  268,  625,  505,  151,  622,  623,  438,  749,   70,  923,   94,  603,  493,  371,  657,  397, 1156, 1045,  400,  186,  523,  734,  390,  918,  653,  905,  431,  835,  676,  784,  744,  415,  321,  261,  976,  891,  508,  514,  236,  811,  256,  137,  421,  263,  283,  359,  840,  922,  616,  716,  299,  714,  881,  312, 1038,  235,  466,  622,  716,  688,  124,  823,  628,  759,  640,  529,  297,  650,  643,  296,  656,  879,  372,  828,  819,  520,  588,  155,  549,  767,  618,  237,  641,  699,  650,  656,  496,  631,  961,  540,  697,  538, 1022,  728,  667,  739,  356,  232,  759,  728,  668,  860,  440, 1009,  994,  749,  711,  699,  623,  608,  489,  316,  379,  671,  576,  512,  367,  244,  444,  321,  238,  901,  229,  612,  864],
        [  459,    0,  151,  233,  317,  304,  745,  361,  479,  645,  832,  603,    0,  489,  471,  454,  242,  560,  387,  435,  336,  298,  738,  584,  636,  394,  353,  539,  321,  574,  235,  471,  629,  283,  502,  562,  469,  212,  417,  222,  532,  521,  749,  363,  685,  365,  667,  709,  728,  195,  194,  772,  518,  374,  315,  156,  280,  430,  230,  372,  698,  525,  425,  848,  293,  387,  796,  219,  694,  715,  315,  503,  749,  459,  382,  140,   53,  291,   99,  588,  567,  638,  208,  535,  357,  533,  559,  226,  336,  626,  617,  376,  230,  633,  627,   18,  740,  679,  165,  334,  402,  212,  126,  369,  356,  392,  392,  400,  698,  387,  192,  423,  397,   97,  144,  589,  763,  584,  328,   72,  276,  664,  413,  396,  233,  109,  334,  606,  286,  286,  350,  254,  156,  322,  709,  406,  603,  433,  626,  505,  556,  738,  574,  641],
        [  292,    0,  456,  455,  394,  228,  348,  137,  454,  290,  663,  282,  489,    0,  658,  323,  697,  689,  616,  400,  662,  546,  339,  341,  348,  174,  509,  271,  789,  193,  598,  619,  159,  661,  116,  984,  857,  356,  236,  320,  457,  113,  636,  695,  624,  179,  554,  408,  508,  673,  360,  287,   35,  834,  713,  345,  544,   95,  643,  156,  285,  143,  388,  403,  387,  607,  642,  408,  441,  229,  716,  623,  264,  853,  173,  387,  528,  491,  587,  177,  547,  353,  687,  759,  595,   49,  776,  625,  172,  378,  602,  465,  713,  537,  256,  472,  337,  297,  641,  370,  132,  436,  542,  695,  694,  585,  691,  766,  298,  442,  521,  865,  473,  516,  631,  121,  309,  479,  493,  534,  764,  217,  845,  835,  698,  590,  458,  344,  626,  263,  142,  238,  612,  331,  285,  478,  121,  561,  141,   46,  635,  278,  331,  584],
        [  400,    0,  331,  261,  742,  449, 1002,  541,  251,  928,  513,  903,  471,  658,    0,  367,  654,   99,   86,  844,  803,  766,  994,  464,  521,  485,  155,  860,  458,  833,  701,  935,  711,  741,  581,  465,  325,  622,  751,  391,  296,  600,  409,  826,  327,  482,  365,  565,  497,  581,  605,  911,  691,  454,  292,  437,  749,  670,  317,  651,  940,  580,  831, 1057,  718,   85,  476,  305,  512,  854,  757,   81,  887,  332,  676,  560,  510,  200,  494,  827,  241,  519,  584, 1006,  826,  677, 1029,  683,  614,  480,  252,  818,  482,  336,  598,  470,  993,  633,  438,  289,  667,  289,  358,  833,  819,  858,  859,  251,  661,  219,  661,  425,  187,  378,  482,  683,  962,  331,  178,  419,  552,  698,  396,  405,  634,  446,  205,  488,  753,  414,  588,  544,  593,  330,  697,  847,  769,  891,  742,  699,  137,  930,  463,  301],
        [   34,    0,  330,  271,  569,  199,  668,  250,  133,  611,  403,  599,  454,  323,  367,    0,  695,  377,  352,  632,  754,  668,  659,  136,  194,  165,  247,  573,  655,  514,  661,  802,  346,  721,  224,  777,  636,  468,  492,  238,  137,  242,  344,  786,  313,  181,  256,  262,  278,  641,  459,  548,  353,  682,  524,  314,  657,  369,  483,  381,  604,  217,  619,  704,  550,  342,  372,  251,  241,  493,  761,  315,  525,  636,  409,  444,  506,  264,  537,  499,  225,  195,  652,  916,  729,  330,  937,  667,  356,  174,  281,  653,  616,  231,  237,  441,  657,  280,  544,  136,  383,  273,  426,  790,  782,  741,  801,  544,  306,  156,  592,  687,  184,  416,  561,  321,  611,  171,  243,  456,  684,  332,  662,  659,  685,  512,  205,  161,  707,  190,  314,  331,  609,  134,  337,  677,  419,  746,  382,  368,  316,  577,  128,  269],
        [  700,    0,  378,  458,  397,  539,  893,  583,  712,  788, 1067,  740,  242,  697,  654,  695,    0,  751,  569,  505,  208,  270,  888,  825,  877,  628,  567,  671,  301,  738,  151,  419,  848,  132,  730,  562,  528,  354,  561,  463,  767,  748,  979,  214,  911,  598,  900,  950,  969,   74,  344,  966,  722,  356,  407,  392,  253,  622,  346,  557,  858,  755,  502, 1012,  382,  573, 1030,  454,  936,  914,  114,  703,  945,  514,  557,  311,  190,  507,  168,  759,  793,  879,   76,  413,  295,  744,  435,  106,  529,  867,  839,  408,  206,  866,  863,  256,  891,  916,  220,  573,  588,  442,  305,  223,  205,  344,  259,  496,  932,  618,  203,  426,  622,  297,  173,  808,  936,  820,  546,  252,  176,  890,  431,  409,   24,  211,  559,  848,  178,  525,  556,  461,   89,  563,  940,  432,  801,  410,  837,  704,  762,  916,  815,  868],
        [  410,    0,  415,  339,  816,  497, 1036,  584,  246,  969,  438,  949,  560,  689,   99,  377,  751,    0,  182,  912,  895,  852, 1027,  449,  500,  517,  220,  910,  555,  872,  793, 1018,  721,  834,  600,  539,  404,  697,  808,  454,  274,  618,  334,  919,  253,  519,  307,  533,  447,  679,  681,  923,  721,  548,  389,  509,  835,  713,  415,  703,  973,  594,  900, 1079,  793,  179,  402,  376,  474,  869,  853,   69,  901,  413,  729,  639,  602,  276,  590,  863,  196,  498,  682, 1095,  913,  702, 1119,  776,  668,  456,  184,  895,  581,  282,  591,  558, 1026,  620,  536,  333,  715,  366,  452,  926,  912,  943,  951,  340,  648,  252,  749,  514,  222,  470,  580,  697,  986,  295,  245,  512,  650,  699,  486,  496,  732,  542,  262,  470,  845,  465,  637,  606,  688,  374,  687,  924,  793,  972,  758,  732,   72,  953,  450,  236],
        [  382,    0,  251,  188,  665,  397,  955,  491,  260,  875,  566,  847,  387,  616,   86,  352,  569,  182,    0,  771,  718,  683,  946,  467,  526,  445,  109,  800,  387,  782,  616,  853,  686,  655,  550,  435,  292,  546,  687,  327,  313,  571,  464,  741,  384,  437,  408,  579,  528,  497,  528,  881,  650,  391,  223,  364,  665,  617,  236,  592,  894,  554,  759, 1018,  642,   11,  528,  235,  532,  823,  672,  143,  857,  295,  616,  482,  425,  132,  409,  779,  282,  525,  500,  921,  743,  640,  945,  597,  554,  490,  307,  740,  402,  376,  589,  387,  946,  630,  354,  249,  611,  216,  273,  748,  733,  776,  774,  206,  657,  197,  578,  372,  170,  294,  398,  654,  923,  358,  123,  334,  473,  681,  344,  348,  550,  361,  160,  492,  668,  361,  532,  479,  508,  286,  689,  770,  731,  811,  712,  654,  204,  892,  463,  351],
        [  613,    0,  525,  584,  120,  440,  419,  388,  734,  317, 1026,  268,  435,  400,  844,  632,  505,  912,  771,    0,  363,  247,  416,  707,  730,  476,  694,  204,  737,  310,  358,  234,  546,  404,  501,  992,  903,  230,  164,  460,  763,  506,  976,  389,  941,  453,  888,  797,  880,  526,  248,  568,  401,  795,  748,  408,  260,  307,  664,  263,  402,  532,   14,  550,  142,  767,  998,  540,  819,  532,  460,  846,  553,  893,  237,  301,  434,  644,  497,  343,  837,  735,  540,  381,  263,  440,  394,  402,  278,  749,  895,  107,  634,  863,  653,  424,  420,  696,  587,  592,  275,  556,  554,  386,  393,  229,  365,  831,  698,  674,  307,  851,  699,  521,  548,  515,  496,  802,  669,  506,  650,  611,  844,  825,  519,  533,  651,  717,  353,  463,  323,  312,  452,  554,  682,  100,  440,  180,  508,  373,  882,  487,  695,  896],
        [  750,    0,  486,  568,  285,  567,  778,  577,  805,  674, 1150,  625,  336,  662,  803,  754,  208,  895,  718,  363,    0,  122,  775,  870,  914,  645,  689,  557,  505,  647,  103,  218,  820,   77,  725,  769,  726,  311,  470,  519,  853,  739, 1074,   34, 1015,  615,  989,  988, 1031,  269,  312,  897,  678,  562,  592,  442,  119,  572,  519,  507,  755,  754,  364,  907,  283,  719, 1116,  548,  987,  852,  113,  838,  879,  712,  496,  312,  293,  627,  317,  675,  898,  917,  277,  212,  105,  709,  235,  126,  492,  915,  950,  256,  406,  957,  874,  341,  779,  925,  399,  653,  535,  545,  446,   36,   34,  153,   58,  683,  936,  716,  163,  631,  729,  425,  348,  781,  844,  903,  664,  384,  384,  873,  635,  613,  230,  368,  667,  889,   50,  567,  531,  453,  220,  631,  934,  270,  744,  223,  797,  655,  892,  830,  860,  970],
        [  660,    0,  437,  516,  163,  473,  659,  471,  733,  554, 1069,  505,  298,  546,  766,  668,  270,  852,  683,  247,  122,    0,  655,  776,  815,  545,  637,  436,  540,  525,  120,  175,  704,  158,  616,  805,  740,  205,  348,  441,  777,  628,  999,  154,  946,  515,  912,  889,  942,  308,  211,  776,  561,  598,  595,  366,   21,  454,  514,  390,  634,  646,  247,  786,  162,  683, 1036,  486,  893,  731,  213,  791,  758,  728,  378,  227,  270,  578,  316,  553,  831,  819,  320,  251,   63,  593,  274,  165,  379,  820,  886,  143,  436,  882,  767,  297,  659,  817,  408,  580,  417,  490,  421,  153,  155,   94,  146,  685,  827,  651,  109,  663,  668,  394,  360,  666,  722,  825,  612,  361,  434,  759,  662,  641,  288,  364,  608,  793,  106,  479,  420,  350,  239,  553,  823,  163,  624,  147,  679,  536,  840,  708,  765,  900],
        [  627,    0,  755,  773,  498,  550,   10,  455,  791,  102,  956,  151,  738,  339,  994,  659,  888, 1027,  946,  416,  775,  655,    0,  652,  639,  511,  842,  220, 1058,  169,  752,  635,  363,  807,  439, 1282, 1165,  543,  329,  631,  790,  425,  949,  803,  948,  512,  873,  678,  799,  889,  557,  233,  308, 1110, 1014,  629,  664,  332,  936,  374,   56,  454,  412,  136,  508,  938,  942,  724,  729,  239,  864,  961,  234, 1159,  359,  605,  762,  817,  828,  168,  881,  644,  904,  781,  678,  331,  790,  792,  413,  679,  934,  521,  966,  861,  526,  723,    6,  542,  902,  705,  348,  751,  826,  800,  806,  644,  780, 1078,  526,  779,  686, 1152,  811,  795,  878,  364,  116,  805,  824,  800, 1002,  424, 1137, 1123,  896,  847,  791,  647,  758,  586,  421,  500,  817,  665,  490,  514,  248,  589,  311,  296,  973,  134,  644,  912],
        [  125,    0,  465,  406,  660,  304,  661,  321,  214,  623,  324,  622,  584,  341,  464,  136,  825,  449,  467,  707,  870,  776,  652,    0,   61,  236,  368,  611,  789,  530,  781,  897,  299,  842,  226,  899,  757,  572,  552,  364,  175,  233,  298,  903,  301,  263,  222,  127,  174,  774,  565,  497,  362,  814,  654,  438,  767,  414,  617,  445,  597,  202,  693,  670,  644,  456,  302,  386,  118,  449,  886,  398,  477,  759,  472,  559,  636,  395,  670,  507,  261,   61,  785, 1019,  836,  328, 1040,  791,  430,   45,  303,  743,  751,  215,  147,  570,  649,  172,  679,  271,  438,  408,  561,  906,  899,  842,  915,  667,  200,  276,  709,  816,  299,  550,  695,  289,  582,  167,  369,  590,  819,  260,  790,  789,  816,  646,  333,   26,  825,  306,  385,  429,  738,  267,  239,  764,  405,  839,  346,  385,  380,  549,   12,  269],
        [  179,    0,  521,  464,  692,  348,  648,  351,  271,  620,  319,  623,  636,  348,  521,  194,  877,  500,  526,  730,  914,  815,  639,   61,    0,  271,  428,  619,  848,  530,  827,  929,  279,  889,  234,  959,  817,  611,  572,  415,  228,  236,  314,  946,  330,  300,  248,   74,  162,  827,  605,  468,  364,  874,  714,  487,  808,  430,  676,  468,  585,  206,  717,  646,  678,  516,  303,  443,   94,  424,  934,  453,  449,  818,  494,  603,  687,  455,  724,  505,  309,    6,  839, 1055,  874,  327, 1076,  839,  458,   48,  345,  774,  809,  248,  116,  622,  636,  124,  736,  329,  457,  466,  618,  950,  943,  878,  956,  727,  152,  336,  754,  876,  358,  606,  750,  276,  561,  210,  430,  645,  876,  229,  850,  849,  869,  702,  393,   35,  869,  354,  412,  466,  789,  323,  194,  793,  395,  871,  329,  389,  431,  529,   67,  305],
        [  140,    0,  318,  298,  425,   91,  520,   88,  289,  454,  551,  438,  394,  174,  485,  165,  628,  517,  445,  476,  645,  545,  511,  236,  271,    0,  338,  409,  661,  357,  562,  661,  256,  625,  117,  832,  699,  340,  329,  183,  301,  139,  503,  678,  477,   31,  416,  344,  408,  588,  335,  440,  207,  699,  563,  239,  537,  205,  501,  218,  457,  135,  462,  573,  409,  436,  523,  255,  352,  381,  673,  451,  416,  696,  246,  336,  442,  325,  490,  346,  387,  275,  601,  785,  604,  195,  806,  578,  198,  280,  444,  508,  598,  394,  236,  378,  510,  288,  524,  198,  219,  283,  413,  681,  675,  608,  686,  607,  305,  269,  487,  721,  300,  392,  525,  219,  479,  333,  323,  421,  659,  276,  699,  692,  623,  479,  287,  251,  602,  115,  153,  196,  539,  160,  316,  529,  286,  604,  273,  216,  465,  447,  225,  434],
        [  275,    0,  203,  122,  597,  295,  851,  388,  174,  774,  514,  749,  353,  509,  155,  247,  567,  220,  109,  694,  689,  637,  842,  368,  428,  338,    0,  705,  441,  680,  587,  801,  577,  634,  441,  532,  391,  477,  597,  238,  232,  462,  419,  715,  346,  331,  348,  486,  451,  499,  461,  772,  543,  458,  292,  290,  621,  516,  272,  497,  790,  445,  682,  911,  573,  100,  476,  157,  444,  714,  660,  155,  748,  392,  522,  421,  400,   62,  400,  675,  230,  427,  506,  883,  699,  532,  907,  576,  460,  395,  272,  676,  431,  314,  483,  348,  842,  526,  369,  141,  513,  148,  263,  722,  709,  726,  744,  300,  552,   92,  537,  452,   73,  272,  403,  545,  816,  282,   26,  317,  503,  573,  425,  425,  551,  359,   52,  394,  639,  260,  434,  391,  494,  179,  583,  704,  624,  754,  604,  549,  204,  784,  363,  305],
        [  546,    0,  581,  616,  279,  414,  224,  330,  696,  119,  933,   70,  539,  271,  860,  573,  671,  910,  800,  204,  557,  436,  220,  611,  619,  409,  705,    0,  858,  116,  533,  434,  386,  588,  387, 1095,  987,  333,  122,  473,  709,  383,  902,  586,  883,  398,  818,  677,  778,  676,  349,  370,  257,  912,  832,  452,  445,  205,  751,  209,  200,  413,  198,  350,  290,  793,  912,  566,  712,  340,  645,  842,  357,  980,  184,  400,  556,  668,  622,  150,  795,  624,  691,  581,  462,  296,  593,  573,  246,  648,  852,  306,  762,  799,  522,  524,  223,  557,  702,  578,  196,  590,  638,  583,  589,  432,  565,  905,  552,  659,  468,  960,  689,  606,  673,  364,  293,  738,  683,  605,  793,  455,  947,  932,  680,  646,  656,  614,  539,  447,  274,  325,  602,  537,  528,  303,  264,  382,  340,  231,  866,  285,  600,  841],
        [  674,    0,  344,  385,  618,  576, 1065,  655,  614,  965,  949,  923,  321,  789,  458,  655,  301,  555,  387,  737,  505,  540, 1058,  789,  848,  661,  441,  858,    0,  893,  427,  707,  914,  429,  777,  265,  236,  528,  737,  479,  672,  798,  849,  514,  770,  637,  786,  913,  891,  238,  511, 1076,  821,   59,  167,  445,  520,  743,  173,  689, 1017,  794,  730, 1165,  597,  395,  911,  414,  880, 1018,  413,  529, 1053,  221,  700,  458,  306,  399,  241,  905,  663,  848,  229,  713,  580,  830,  735,  387,  651,  823,  693,  659,  106,  752,  874,  336, 1060,  923,  157,  520,  718,  388,  249,  522,  505,  627,  559,  232,  946,  524,  442,  126,  512,  275,  190,  875, 1078,  723,  430,  260,  130,  936,  132,  110,  278,  213,  462,  814,  468,  546,  658,  566,  302,  532,  968,  687,  908,  687,  921,  812,  590, 1052,  781,  735],
        [  484,    0,  587,  606,  363,  386,  177,  292,  643,   98,  848,   94,  574,  193,  833,  514,  738,  872,  782,  310,  647,  525,  169,  530,  530,  357,  680,  116,  893,    0,  610,  543,  279,  669,  306, 1114,  997,  386,  179,  463,  649,  297,  827,  678,  816,  354,  745,  582,  691,  732,  399,  259,  169,  944,  846,  461,  531,  166,  768,  206,  125,  328,  302,  276,  368,  774,  829,  557,  623,  225,  726,  805,  244,  991,  193,  444,  600,  652,  666,   35,  738,  535,  747,  690,  559,  203,  703,  647,  245,  564,  794,  406,  803,  730,  426,  558,  170,  455,  737,  545,  179,  583,  658,  676,  680,  533,  661,  910,  447,  622,  539,  984,  653,  627,  715,  262,  199,  671,  661,  634,  842,  347,  969,  956,  744,  682,  629,  530,  624,  422,  253,  332,  662,  504,  420,  407,  153,  489,  229,  148,  821,  184,  520,  776],
        [  659,    0,  384,  467,  255,  480,  757,  501,  706,  651, 1054,  603,  235,  598,  701,  661,  151,  793,  616,  358,  103,  120,  752,  781,  827,  562,  587,  533,  427,  610,    0,  280,  754,   64,  650,  692,  638,  243,  432,  425,  755,  665,  975,  129,  916,  532,  891,  901,  939,  191,  239,  851,  619,  485,  498,  348,  102,  514,  422,  448,  726,  678,  356,  880,  245,  617, 1019,  447,  897,  802,  119,  736,  831,  625,  442,  226,  191,  525,  220,  635,  797,  830,  203,  309,  153,  646,  332,   46,  427,  825,  849,  259,  324,  859,  795,  240,  756,  846,  306,  555,  477,  444,  344,  135,  124,  201,  159,  589,  860,  616,   78,  551,  628,  323,  256,  715,  809,  806,  562,  283,  315,  804,  552,  531,  168,  270,  566,  801,   53,  476,  461,  375,  129,  535,  861,  281,  691,  264,  737,  597,  790,  792,  771,  870],
        [  789,    0,  605,  680,  237,  603,  637,  578,  882,  541, 1204,  493,  471,  619,  935,  802,  419, 1018,  853,  234,  218,  175,  635,  897,  929,  661,  801,  434,  707,  543,  280,    0,  772,  289,  710,  971,  913,  337,  390,  589,  921,  718, 1142,  228, 1095,  634, 1054,  999, 1068,  470,  349,  801,  626,  764,  769,  519,  195,  525,  688,  470,  629,  741,  242,  770,  253,  852, 1173,  647, 1013,  765,  330,  956,  786,  901,  448,  382,  444,  743,  490,  576,  982,  933,  481,  148,  127,  663,  161,  321,  472,  941, 1039,  156,  603, 1025,  864,  468,  640,  910,  580,  730,  489,  653,  595,  221,  236,   82,  186,  859,  915,  805,  283,  831,  825,  567,  531,  738,  724,  967,  775,  535,  592,  835,  831,  810,  440,  538,  768,  911,  242,  616,  518,  472,  407,  699,  904,  142,  671,   59,  737,  598, 1002,  718,  885, 1049],
        [  313,    0,  572,  552,  551,  339,  372,  269,  475,  357,  593,  371,  629,  159,  711,  346,  848,  721,  686,  546,  820,  704,  363,  299,  279,  256,  577,  386,  914,  279,  754,  772,    0,  818,  140, 1087,  952,  513,  383,  436,  458,  119,  591,  853,  599,  278,  520,  316,  436,  819,  516,  203,  147,  954,  819,  478,  702,  251,  757,  314,  311,  133,  535,  371,  545,  676,  580,  511,  367,  151,  872,  661,  181,  950,  329,  539,  672,  574,  728,  247,  550,  284,  833,  913,  753,  111,  930,  780,  329,  321,  597,  619,  846,  513,  164,  612,  359,  181,  772,  440,  288,  539,  665,  853,  852,  741,  849,  859,  170,  494,  677,  977,  525,  642,  768,   41,  284,  462,  566,  667,  902,   69,  955,  948,  847,  724,  528,  290,  784,  369,  295,  387,  761,  409,  142,  630,  128,  714,   53,  174,  657,  251,  293,  567],
        [  720,    0,  433,  516,  310,  542,  811,  565,  760,  706, 1110,  657,  283,  661,  741,  721,  132,  834,  655,  404,   77,  158,  807,  842,  889,  625,  634,  588,  429,  669,   64,  289,  818,    0,  714,  692,  651,  306,  490,  483,  811,  729, 1030,   89,  968,  595,  946,  963,  998,  193,  302,  912,  682,  485,  520,  407,  145,  577,  449,  511,  783,  742,  403,  936,  301,  657, 1075,  500,  958,  863,   58,  781,  892,  637,  504,  289,  235,  573,  249,  694,  850,  892,  201,  286,  167,  709,  309,   59,  490,  886,  900,  300,  330,  914,  858,  291,  810,  910,  327,  611,  540,  495,  383,   97,   81,  218,  131,  611,  923,  669,  142,  554,  679,  365,  276,  779,  867,  863,  610,  323,  307,  867,  559,  537,  154,  300,  616,  863,   53,  537,  525,  439,  150,  593,  925,  319,  753,  286,  800,  660,  836,  851,  832,  923],
        [  191,    0,  434,  413,  477,  203,  448,  150,  357,  401,  547,  397,  502,  116,  581,  224,  730,  600,  550,  501,  725,  616,  439,  226,  234,  117,  441,  387,  777,  306,  650,  710,  140,  714,    0,  947,  813,  414,  340,  299,  352,   22,  521,  758,  513,  141,  440,  297,  392,  694,  414,  332,  138,  816,  679,  348,  611,  197,  618,  242,  383,   31,  488,  480,  466,  541,  526,  371,  327,  274,  765,  536,  308,  810,  265,  427,  548,  435,  599,  285,  443,  239,  708,  844,  671,  108,  863,  670,  240,  262,  496,  554,  712,  426,  154,  485,  436,  202,  638,  303,  227,  399,  529,  760,  757,  667,  761,  720,  211,  362,  573,  837,  394,  507,  637,  105,  387,  369,  429,  534,  771,  162,  816,  808,  727,  592,  391,  228,  685,  232,  197,  276,  642,  270,  212,  571,  196,  652,  163,  160,  540,  354,  216,  475],
        [  804,    0,  531,  535,  873,  758, 1290,  848,  694, 1194,  974, 1156,  562,  984,  465,  777,  562,  539,  435,  992,  769,  805, 1282,  899,  959,  832,  532, 1095,  265, 1114,  692,  971, 1087,  692,  947,    0,  144,  773,  973,  665,  747,  969,  870,  775,  788,  814,  830, 1013,  959,  503,  755, 1268, 1018,  208,  272,  654,  784,  955,  347,  909, 1237,  957,  984, 1378,  850,  446,  938,  579,  966, 1209,  672,  545, 1244,  141,  925,  701,  559,  517,  497, 1121,  705,  958,  493,  974,  845, 1019,  995,  652,  870,  924,  715,  919,  370,  800, 1013,  575, 1283, 1057,  406,  654,  935,  550,  458,  784,  766,  892,  821,  233, 1083,  624,  704,  142,  601,  490,  449, 1051, 1287,  790,  534,  492,  387, 1094,  149,  167,  540,  459,  572,  925,  733,  724,  866,  783,  566,  680, 1112,  948, 1105,  951, 1103, 1014,  598, 1258,  895,  765],
        [  664,    0,  411,  403,  785,  630, 1173,  722,  551, 1081,  837, 1045,  469,  857,  325,  636,  528,  404,  292,  903,  726,  740, 1165,  757,  817,  699,  391,  987,  236,  997,  638,  913,  952,  651,  813,  144,    0,  677,  866,  539,  605,  834,  733,  738,  651,  683,  689,  870,  816,  459,  659, 1137,  891,  195,  156,  538,  720,  835,  240,  793, 1118,  822,  894, 1255,  762,  303,  800,  450,  823, 1079,  641,  405, 1113,   15,  812,  605,  478,  379,  425, 1001,  564,  816,  453,  936,  788,  890,  959,  602,  754,  781,  576,  841,  323,  658,  872,  480, 1166,  916,  333,  516,  818,  421,  353,  746,  729,  832,  781,   93,  942,  482,  634,  133,  459,  385,  383,  917, 1163,  647,  394,  398,  365,  957,  111,  131,  505,  379,  432,  782,  684,  594,  746,  668,  510,  544,  972,  871,  977,  886,  971,  889,  460, 1133,  753,  625],
        [  458,    0,  298,  361,  120,  271,  548,  267,  546,  445,  871,  400,  212,  356,  622,  468,  354,  697,  546,  230,  311,  205,  543,  572,  611,  340,  477,  333,  528,  386,  243,  337,  513,  306,  414,  773,  677,    0,  215,  254,  584,  428,  806,  344,  759,  311,  718,  684,  739,  347,   19,  614,  377,  583,  522,  189,  199,  273,  437,  207,  508,  444,  219,  661,   97,  542,  839,  321,  689,  563,  361,  632,  593,  668,  204,   73,  223,  423,  290,  406,  647,  614,  362,  449,  265,  404,  470,  271,  185,  616,  703,  199,  430,  689,  564,  199,  545,  615,  373,  395,  237,  333,  326,  346,  343,  274,  348,  603,  625,  472,  166,  634,  493,  293,  341,  474,  583,  631,  452,  282,  461,  564,  624,  607,  359,  317,  439,  589,  272,  280,  221,  145,  276,  362,  624,  228,  451,  284,  495,  356,  673,  563,  561,  713],
        [  469,    0,  461,  501,  186,  314,  334,  243,  606,  231,  875,  186,  417,  236,  751,  492,  561,  808,  687,  164,  470,  348,  329,  552,  572,  329,  597,  122,  737,  179,  432,  390,  383,  490,  340,  973,  866,  215,    0,  361,  627,  343,  832,  501,  804,  312,  745,  637,  725,  560,  230,  429,  238,  791,  711,  333,  353,  144,  629,  112,  297,  370,  152,  451,  190,  681,  849,  452,  662,  385,  547,  740,  411,  858,   84,  280,  436,  556,  502,  205,  708,  576,  576,  533,  386,  276,  549,  469,  141,  594,  766,  240,  642,  723,  490,  402,  331,  532,  581,  477,  115,  474,  517,  500,  503,  366,  488,  785,  534,  559,  361,  838,  588,  484,  553,  352,  378,  662,  574,  483,  675,  448,  825,  810,  569,  525,  549,  561,  445,  344,  179,  209,  489,  436,  518,  248,  284,  332,  348,  210,  768,  362,  541,  760],
        [  239,    0,  138,  144,  369,   97,  639,  184,  294,  553,  632,  523,  222,  320,  391,  238,  463,  454,  327,  460,  519,  441,  631,  364,  415,  183,  238,  473,  479,  463,  425,  589,  436,  483,  299,  665,  539,  254,  361,    0,  337,  320,  559,  550,  507,  159,  472,  488,  515,  415,  241,  605,  354,  520,  394,   78,  428,  299,  325,  267,  581,  317,  447,  717,  347,  321,  598,   94,  476,  547,  524,  387,  581,  534,  290,  214,  273,  195,  313,  465,  394,  417,  427,  691,  503,  357,  713,  430,  228,  406,  450,  451,  416,  441,  410,  207,  631,  462,  341,  141,  287,  120,  231,  555,  546,  521,  568,  450,  481,  219,  358,  546,  242,  209,  345,  397,  624,  386,  214,  240,  477,  459,  526,  516,  455,  298,  193,  386,  471,   69,  210,  154,  375,  113,  497,  479,  441,  537,  445,  351,  423,  595,  353,  461],
        [  166,    0,  389,  312,  692,  324,  799,  385,   59,  746,  301,  734,  532,  457,  296,  137,  767,  274,  313,  763,  853,  777,  790,  175,  228,  301,  232,  709,  672,  649,  755,  921,  458,  811,  352,  747,  605,  584,  627,  337,    0,  366,  223,  883,  179,  316,  137,  270,  220,  705,  573,  660,  485,  689,  522,  413,  764,  505,  502,  516,  734,  339,  749,  825,  672,  303,  265,  314,  219,  608,  846,  225,  638,  608,  544,  550,  583,  277,  602,  632,   93,  226,  714, 1027,  839,  459, 1049,  754,  489,  185,  146,  776,  654,  105,  319,  522,  787,  347,  588,  200,  519,  326,  473,  888,  878,  856,  903,  518,  375,  153,  692,  680,  160,  473,  615,  439,  733,   54,  243,  517,  726,  429,  652,  654,  754,  567,  216,  197,  804,  306,  448,  456,  685,  224,  414,  801,  546,  867,  500,  502,  205,  700,  177,  134],
        [  208,    0,  455,  434,  487,  224,  434,  166,  374,  391,  552,  390,  521,  113,  600,  242,  748,  618,  571,  506,  739,  628,  425,  233,  236,  139,  462,  383,  798,  297,  665,  718,  119,  729,   22,  969,  834,  428,  343,  320,  366,    0,  530,  772,  525,  162,  451,  296,  396,  713,  429,  311,  130,  838,  701,  367,  624,  200,  640,  249,  370,   31,  493,  463,  476,  561,  533,  393,  329,  254,  781,  555,  288,  832,  272,  443,  567,  457,  619,  275,  458,  241,  727,  854,  682,   96,  872,  687,  251,  267,  511,  563,  733,  438,  147,  504,  422,  192,  659,  324,  232,  421,  550,  774,  771,  677,  774,  742,  199,  382,  588,  859,  413,  528,  658,   84,  369,  381,  450,  555,  791,  143,  837,  830,  745,  612,  412,  233,  699,  253,  209,  291,  660,  291,  197,  579,  180,  660,  143,  154,  558,  336,  224,  487],
