{
    "name": "random-67-29926",
    "comment": "size=67 seed=29926",
    "nodes": ["+0", "-0", "+1", "-1", "+2", "-2", "+3", "-3", "+4", "-4", "+5", "-5", "+6", "-6", "+7", "-7", "+8", "-8", "+9", "-9", "+10", "-10", "+11", "-11", "+12", "-12", "+13", "-13", "+14", "-14", "+15", "-15", "+16", "-16", "+17", "-17", "+18", "-18", "+19", "-19", "+20", "-20", "+21", "-21", "+22", "-22", "+23", "-23", "+24", "-24", "+25", "-25", "+26", "-26", "+27", "-27", "+28", "-28", "+29", "-29", "+30", "-30", "+31", "-31", "+32", "-32", "+33", "-33", "+34", "-34", "+35", "-35", "+36", "-36", "+37", "-37", "+38", "-38", "+39", "-39", "+40", "-40", "+41", "-41", "+42", "-42", "+43", "-43", "+44", "-44", "+45", "-45", "+46", "-46", "+47", "-47", "+48", "-48", "+49", "-49", "+50", "-50", "+51", "-51", "+52", "-52", "+53", "-53", "+54", "-54", "+55", "-55", "+56", "-56", "+57", "-57", "+58", "-58", "+59", "-59", "+60", "-60", "+61", "-61", "+62", "-62", "+63", "-63", "+64", "-64", "+65", "-65", "+66", "-66", "+67", "-67"],
    "precedence": {
        "+0": "-0",
        "+1": "-1",
        "+2": "-2",
        "+3": "-3",
        "+4": "-4",
        "+5": "-5",
        "+6": "-6",
        "+7": "-7",
        "+8": "-8",
        "+9": "-9",
        "+10": "-10",
        "+11": "-11",
        "+12": "-12",
        "+13": "-13",
        "+14": "-14",
        "+15": "-15",
        "+16": "-16",
        "+17": "-17",
        "+18": "-18",
        "+19": "-19",
        "+20": "-20",
        "+21": "-21",
        "+22": "-22",
        "+23": "-23",
        "+24": "-24",
        "+25": "-25",
        "+26": "-26",
        "+27": "-27",
        "+28": "-28",
        "+29": "-29",
        "+30": "-30",
        "+31": "-31",
        "+32": "-32",
        "+33": "-33",
        "+34": "-34",
        "+35": "-35",
        "+36": "-36",
        "+37": "-37",
        "+38": "-38",
        "+39": "-39",
        "+40": "-40",
        "+41": "-41",
        "+42": "-42",
        "+43": "-43",
        "+44": "-44",
        "+45": "-45",
        "+46": "-46",
        "+47": "-47",
        "+48": "-48",
        "+49": "-49",
        "+50": "-50",
        "+51": "-51",
        "+52": "-52",
        "+53": "-53",
        "+54": "-54",
        "+55": "-55",
        "+56": "-56",
        "+57": "-57",
        "+58": "-58",
        "+59": "-59",
        "+60": "-60",
        "+61": "-61",
        "+62": "-62",
        "+63": "-63",
        "+64": "-64",
        "+65": "-65",
        "+66": "-66",
        "+67": "-67"
    },
    "edges": [
        [    0,    0,  339,  771,  714,  246,  372,  812,  758,  296,  711,  680,  922,  714,  792,  531,  562,  727,  568,  439,  701, 1020,  432,  256,  294,  852,  100,  712,  858,  186,  975,  670,  136, 1056, 1144,  842,  924,  891,  872,  288,  839,  740,  521,  985,  467,  488,  311,  429,  661,  513,  843,  712,  800,  283,  522,  356,  365,  496,  325,  713,  691,  197,  355,   17,  967,  904,  840,  943,  440,  345, 1094,  362,  749,  907,  971,  814,  723,  360,  822,  608,  844,   18,  960,  292,  597,  778,  649,  392,  573,  682,  316,  876,  852,  873,  195,  844,  707,  450,  906,  654,  890,  299,  186,  764,  735,  579,  709,  814,  651,  894,  647,  437,  404,  394,  356,  633,  563,  249,  751,  670,  557,  450,  688,  588,  820,  264,  544,  312,  953,  697,  671, 1106, 1142,  793,  259,  663],
        [    0,    0,    0,    0,    0,    0,    0,    0,    0,    0,    0,    0,    0,    0,    0,    0,    0,    0,    0,    0,    0,    0,    0,    0,    0,    0,    0,    0,    0,    0,    0,    0,    0,    0,    0,    0,    0,    0,    0,    0,    0,    0,    0,    0,    0,    0,    0,    0,    0,    0,    0,    0,    0,    0,    0,    0,    0,    0,    0,    0,    0,    0,    0,    0,    0,    0,    0,    0,    0,    0,    0,    0,    0,    0,    0,    0,    0,    0,    0,    0,    0,    0,    0,    0,    0,    0,    0,    0,    0,    0,    0,    0,    0,    0,    0,    0,    0,    0,    0,    0,    0,    0,    0,    0,    0,    0,    0,    0,    0,    0,    0,    0,    0,    0,    0,    0,    0,    0,    0,    0,    0,    0,    0,    0,    0,    0,    0,    0,    0,    0,    0,    0,    0,    0,    0,    0],
        [  339,    0,    0,  618,  604,  420,  608,  650,  625,  105,  666,  426,  687,  449,  522,  334,  563,  669,  550,  134,  785, 1008,  499,  521,  420,  563,  242,  702,  601,  169, 1019,  445,  397, 1073, 1105,  635,  872,  619,  723,   64,  654,  776,  683,  842,  471,  351,  491,  514,  803,  430,  854,  653,  752,   80,  719,  173,  228,  708,  138,  533,  664,  439,  528,  332,  766,  702,  810,  844,  631,  223, 1088,  323,  791,  877,  855,  846,  460,  566,  854,  866,  822,  331,  686,   66,  855,  811,  693,   54,  352,  769,  483,  665,  751,  649,  184,  656,  904,  278,  889,  654,  618,  383,  472,  911,  438,  324,  495,  734,  750,  915,  335,  686,  398,  248,  578,  506,  322,  479,  758,  808,  490,  506,  947,  425,  749,  542,  638,  276,  860,  793,  831, 1098, 1096,  847,  439,  870],
        [  771,    0,  618,    0,  100,  602,  709,   43,   45,  551,  231,  272,  249,  292,  303,  285,  322,  203,  293,  504,  508,  485,  444,  728,  543,  380,  731,  304,  279,  628,  580,  213,  702,  580,  536,  142,  322,  336,  106,  667,   95,  418,  609,  225,  359,  289,  603,  468,  624,  264,  412,  201,  254,  586,  684,  463,  426,  708,  505,   96,  265,  681,  595,  755,  217,  171,  315,  243,  644,  443,  560,  411,  435,  358,  241,  445,  287,  649,  450,  887,  336,  754,  376,  673,  880,  426,  405,  610,  276,  508,  587,  167,  165,  195,  751,  105,  786,  348,  388,  316,  336,  507,  743,  691,  393,  328,  169,  187,  522,  468,  446,  765,  388,  396,  678,  140,  315,  669,  355,  617,  240,  424,  946,  196,  211,  755,  482,  460,  264,  533,  671,  566,  521,  483,  607,  784],
        [  714,    0,  604,  100,    0,  526,  619,  138,   60,  525,  136,  324,  348,  353,  380,  282,  225,  113,  198,  505,  410,  434,  355,  647,  466,  462,  685,  209,  369,  588,  507,  259,  632,  521,  509,  240,  279,  426,  168,  646,  194,  324,  511,  273,  275,  256,  519,  378,  525,  202,  333,  107,  181,  561,  586,  438,  392,  611,  479,  153,  168,  606,  507,  698,  311,  270,  246,  241,  549,  406,  514,  354,  342,  301,  260,  358,  350,  560,  364,  789,  265,  697,  472,  653,  782,  337,  305,  605,  291,  410,  504,  266,  148,  293,  718,  205,  686,  327,  325,  217,  427,  434,  668,  593,  454,  352,  230,  135,  422,  393,  488,  671,  316,  365,  589,   99,  332,  589,  264,  517,  161,  334,  847,  188,  155,  672,  383,  407,  256,  435,  571,  521,  497,  393,  529,  684],
        [  246,    0,  420,  602,  526,    0,  190,  644,  579,  326,  493,  595,  798,  635,  709,  430,  338,  513,  350,  454,  456,  782,  196,  137,   61,  784,  284,  481,  757,  265,  730,  563,  121,  813,  910,  702,  699,  802,  693,  403,  684,  497,  286,  797,  254,  358,   75,  188,  423,  340,  603,  499,  577,  341,  306,  324,  293,  290,  321,  568,  467,   81,  118,  231,  814,  757,  611,  735,  218,  277,  854,  217,  506,  676,  770,  571,  642,  147,  579,  447,  612,  231,  869,  410,  437,  536,  407,  466,  481,  436,   74,  736,  648,  743,  375,  692,  495,  358,  671,  422,  801,   97,  143,  530,  689,  513,  589,  603,  406,  652,  628,  269,  214,  310,  159,  464,  489,   77,  514,  432,  366,  217,  529,  451,  605,  164,  298,  204,  741,  453,  440,  866,  910,  549,   20,  457],
        [  372,    0,  608,  709,  619,  190,    0,  751,  677,  515,  546,  756,  931,  797,  867,  593,  399,  573,  423,  642,  403,  769,  266,  119,  213,  946,  441,  509,  905,  447,  679,  715,  241,  776,  907,  828,  724,  954,  785,  586,  800,  481,  186,  874,  353,  512,  131,  242,  318,  467,  591,  562,  616,  529,  158,  510,  474,  126,  509,  697,  512,  183,  118,  362,  926,  876,  631,  790,   97,  460,  831,  382,  483,  688,  833,  547,  803,   61,  553,  259,  626,  363, 1018,  593,  248,  516,  403,  654,  644,  384,  144,  861,  715,  874,  541,  808,  336,  529,  673,  456,  954,  261,  190,  411,  860,  684,  732,  662,  348,  626,  809,   79,  350,  487,   35,  582,  658,  133,  521,  331,  472,  286,  340,  592,  657,  122,  278,  384,  791,  390,  316,  843,  911,  509,  171,  292],
        [  812,    0,  650,   43,  138,  644,  751,    0,   78,  586,  261,  284,  219,  298,  298,  317,  361,  232,  333,  532,  539,  488,  486,  771,  585,  370,  770,  333,  263,  666,  594,  229,  744,  586,  528,  117,  325,  318,   76,  700,   61,  445,  648,  193,  402,  327,  645,  509,  658,  307,  430,  232,  272,  621,  723,  499,  463,  748,  540,  119,  297,  723,  637,  796,  176,  133,  329,  231,  685,  481,  561,  452,  462,  365,  221,  467,  292,  691,  471,  926,  351,  795,  353,  706,  919,  451,  438,  639,  302,  540,  630,  136,  167,  168,  787,   72,  821,  384,  398,  350,  319,  549,  786,  721,  396,  350,  181,  200,  556,  484,  459,  806,  431,  434,  720,  182,  339,  712,  380,  650,  283,  465,  984,  232,  224,  797,  520,  500,  254,  564,  705,  566,  511,  508,  649,  820],
        [  758,    0,  625,   45,   60,  579,  677,   78,    0,  552,  187,  304,  292,  327,  343,  294,  285,  159,  257,  517,  464,  449,  413,  702,  519,  422,  723,  260,  323,  623,  539,  241,  682,  542,  508,  186,  288,  380,  115,  671,  136,  373,  571,  228,  331,  285,  575,  436,  582,  247,  369,  157,  211,  588,  646,  465,  423,  671,  506,  125,  222,  659,  565,  742,  251,  211,  274,  222,  609,  439,  526,  397,  391,  319,  230,  401,  323,  618,  406,  849,  294,  741,  421,  678,  842,  382,  362,  621,  292,  465,  560,  210,  136,  239,  750,  147,  744,  350,  349,  273,  380,  486,  721,  647,  428,  349,  203,  148,  479,  426,  475,  731,  367,  394,  647,  127,  333,  644,  310,  574,  214,  392,  906,  201,  172,  728,  443,  448,  241,  489,  629,  533,  494,  439,  582,  742],
        [  296,    0,  105,  551,  525,  326,  515,  586,  552,    0,  574,  399,  654,  429,  506,  273,  463,  579,  452,  146,  681,  914,  395,  437,  319,  560,  214,  605,  578,  111,  919,  402,  322,  976, 1016,  588,  784,  605,  657,  124,  599,  675,  580,  775,  370,  269,  393,  410,  699,  339,  756,  563,  662,   37,  619,   88,  135,  610,   47,  473,  569,  355,  428,  285,  718,  654,  718,  765,  532,  125,  994,  221,  690,  785,  781,  746,  438,  470,  754,  773,  729,  284,  674,  132,  762,  710,  591,  142,  304,  665,  385,  620,  672,  610,  203,  602,  803,  203,  795,  555,  604,  280,  396,  807,  441,  295,  448,  650,  646,  817,  352,  593,  296,  160,  484,  428,  284,  390,  660,  704,  398,  402,  854,  355,  663,  460,  534,  172,  780,  689,  728, 1004, 1008,  745,  345,  770],
        [  711,    0,  666,  231,  136,  493,  546,  261,  187,  574,    0,  450,  478,  482,  514,  374,  156,   31,  144,  586,  278,  342,  301,  596,  433,  597,  701,   74,  505,  615,  384,  385,  609,  414,  445,  372,  215,  562,  262,  698,  321,  188,  410,  333,  245,  321,  467,  317,  401,  236,  208,   30,   90,  610,  485,  494,  441,  515,  531,  287,   39,  571,  445,  695,  423,  392,  144,  246,  464,  450,  423,  370,  206,  211,  288,  226,  480,  492,  232,  683,  158,  694,  606,  706,  678,  202,  181,  677,  397,  281,  453,  395,  171,  425,  751,  332,  564,  395,  224,   97,  562,  414,  630,  461,  581,  461,  362,  117,  298,  270,  604,  587,  310,  419,  520,  200,  437,  544,  129,  392,  177,  279,  735,  288,  114,  620,  282,  427,  250,  304,  448,  432,  439,  257,  490,  566],
        [  680,    0,  426,  272,  324,  595,  756,  284,  304,  399,  450,    0,  261,   42,  115,  166,  456,  433,  426,  294,  694,  752,  514,  731,  550,  190,  610,  518,  180,  503,  830,   66,  658,  843,  808,  224,  591,  212,  358,  486,  261,  629,  720,  466,  430,  245,  629,  540,  782,  309,  655,  423,  505,  426,  787,  325,  320,  798,  359,  179,  473,  662,  640,  666,  350,  288,  569,  513,  721,  340,  829,  380,  647,  621,  504,  675,   47,  696,  681,  983,  589,  665,  281,  491,  974,  649,  583,  400,  115,  688,  614,  249,  437,  227,  595,  258,  932,  240,  648,  502,  212,  502,  720,  870,  132,  105,  104,  450,  689,  716,  176,  827,  408,  295,  721,  254,  117,  671,  577,  778,  340,  501, 1055,  184,  473,  758,  611,  399,  535,  715,  825,  836,  792,  702,  608,  917],
        [  922,    0,  687,  249,  348,  798,  931,  219,  292,  654,  478,  261,    0,  243,  186,  392,  561,  450,  531,  554,  756,  679,  668,  932,  744,  214,  861,  551,  105,  753,  802,  254,  881,  781,  689,  109,  520,  137,  249,  747,  158,  663,  850,  302,  580,  445,  814,  693,  872,  466,  645,  449,  488,  683,  923,  574,  557,  944,  612,  235,  513,  873,  814,  908,  127,  100,  542,  404,  876,  578,  745,  587,  681,  569,  370,  684,  233,  870,  688, 1126,  563,  907,  143,  751, 1119,  669,  653,  660,  352,  757,  799,   84,  370,   58,  853,  148, 1034,  473,  604,  564,  138,  701,  934,  939,  303,  364,  214,  413,  770,  695,  403,  993,  588,  529,  898,  351,  371,  871,  599,  865,  463,  650, 1189,  348,  437,  959,  724,  621,  427,  781,  919,  748,  669,  726,  807, 1029],
        [  714,    0,  449,  292,  353,  635,  797,  298,  327,  429,  482,   42,  243,    0,   78,  206,  495,  463,  464,  315,  731,  775,  554,  771,  590,  150,  642,  551,  152,  535,  859,   99,  696,  868,  825,  223,  613,  177,  370,  510,  268,  663,  761,  473,  471,  286,  669,  580,  821,  350,  685,  454,  533,  455,  827,  358,  357,  839,  391,  203,  506,  701,  681,  701,  343,  283,  597,  529,  762,  377,  852,  420,  681,  646,  516,  707,   11,  737,  713, 1024,  617,  700,  247,  514, 1015,  682,  620,  419,  155,  725,  655,  244,  457,  217,  622,  263,  972,  279,  674,  538,  176,  543,  759,  908,  102,  135,  125,  474,  727,  745,  169,  868,  449,  333,  762,  289,  152,  711,  610,  817,  379,  542, 1096,  223,  498,  798,  650,  437,  551,  752,  864,  858,  809,  736,  648,  957],
        [  792,    0,  522,  303,  380,  709,  867,  298,  343,  506,  514,  115,  186,   78,    0,  279,  547,  492,  516,  388,  776,  785,  619,  845,  663,   85,  719,  586,   84,  612,  881,  154,  772,  882,  821,  199,  621,   99,  361,  584,  254,  700,  821,  451,  533,  356,  741,  645,  873,  411,  711,  485,  554,  531,  890,  436,  434,  904,  469,  228,  542,  776,  750,  779,  301,  248,  616,  525,  828,  455,  858,  493,  718,  660,  504,  738,   69,  806,  744, 1089,  637,  777,  169,  588, 1080,  715,  665,  489,  229,  772,  725,  210,  463,  175,  698,  247, 1027,  355,  690,  580,   99,  615,  834,  955,  119,  213,  156,  489,  776,  769,  218,  937,  517,  409,  832,  333,  230,  785,  643,  868,  433,  605, 1159,  282,  513,  872,  706,  513,  548,  798,  917,  863,  804,  771,  721, 1015],
        [  531,    0,  334,  285,  282,  430,  593,  317,  294,  273,  374,  166,  392,  206,  279,    0,  330,  367,  304,  224,  576,  708,  359,  566,  385,  355,  472,  429,  333,  364,  754,  141,  497,  787,  790,  317,  559,  374,  390,  384,  326,  529,  569,  508,  281,   86,  465,  385,  646,  171,  579,  353,  450,  307,  633,  188,  166,  641,  228,  201,  385,  497,  478,  516,  446,  382,  513,  515,  563,  186,  789,  215,  547,  574,  523,  587,  212,  533,  594,  825,  529,  515,  442,  390,  816,  556,  467,  327,   52,  566,  450,  350,  425,  344,  476,  329,  788,   81,  594,  398,  373,  337,  556,  741,  272,  103,  180,  416,  561,  642,  250,  665,  248,  137,  558,  185,   74,  506,  490,  644,  220,  350,  899,   95,  434,  593,  470,  236,  533,  593,  686,  797,  778,  604,  443,  769],
        [  562,    0,  563,  322,  225,  338,  399,  361,  285,  463,  156,  456,  561,  495,  547,  330,    0,  179,   32,  508,  246,  464,  145,  441,  278,  631,  561,  152,  561,  484,  457,  397,  455,  516,  583,  454,  363,  616,  388,  584,  416,  214,  289,  477,  100,  253,  312,  163,  327,  160,  296,  167,  240,  497,  363,  394,  337,  387,  425,  335,  130,  416,  293,  546,  536,  492,  279,  401,  325,  341,  542,  244,  230,  346,  440,  284,  496,  342,  292,  566,  284,  546,  671,  593,  559,  248,  139,  583,  369,  237,  298,  484,  320,  505,  621,  425,  482,  319,  347,   95,  616,  264,  475,  415,  585,  431,  393,  270,  234,  355,  579,  447,  173,  322,  370,  218,  403,  389,  200,  323,  117,  123,  628,  273,  269,  465,  164,  300,  406,  264,  371,  553,  580,  287,  335,  472],
        [  727,    0,  669,  203,  113,  513,  573,  232,  159,  579,   31,  433,  450,  463,  492,  367,  179,    0,  164,  583,  308,  343,  324,  620,  453,  574,  713,  102,  479,  625,  398,  368,  629,  421,  438,  344,  206,  537,  232,  702,  292,  215,  440,  304,  263,  320,  491,  341,  431,  240,  223,   16,   85,  615,  515,  497,  445,  544,  535,  265,   69,  593,  471,  711,  393,  363,  146,  222,  493,  455,  424,  381,  232,  210,  262,  246,  461,  518,  252,  714,  162,  710,  579,  710,  708,  225,  212,  677,  386,  310,  477,  367,  142,  397,  760,  303,  594,  395,  227,  128,  537,  432,  652,  490,  563,  449,  341,   91,  328,  284,  591,  615,  324,  421,  546,  187,  427,  567,  153,  422,  182,  302,  765,  278,   93,  644,  312,  438,  228,  334,  478,  433,  430,  281,  512,  596],
        [  568,    0,  550,  293,  198,  350,  423,  333,  257,  452,  144,  426,  531,  464,  516,  304,   32,  164,    0,  489,  273,  468,  164,  460,  290,  600,  561,  155,  529,  480,  471,  367,  466,  525,  582,  423,  357,  584,  363,  574,  386,  232,  319,  455,  101,  229,  331,  183,  358,  136,  305,  150,  232,  486,  393,  379,  323,  416,  412,  304,  125,  430,  314,  551,  508,  463,  277,  385,  352,  328,  547,  236,  249,  345,  422,  298,  466,  365,  306,  596,  284,  551,  640,  582,  589,  264,  163,  568,  342,  265,  316,  453,  301,  474,  617,  396,  513,  298,  349,  105,  585,  270,  490,  445,  555,  404,  362,  254,  264,  366,  552,  474,  170,  306,  394,  186,  376,  405,  209,  353,   87,  142,  658,  243,  256,  485,  195,  293,  392,  292,  402,  557,  578,  306,  349,  503],
        [  439,    0,  134,  504,  505,  454,  642,  532,  517,  146,  586,  294,  554,  315,  388,  224,  508,  583,  489,    0,  746,  926,  479,  575,  436,  431,  352,  632,  467,  255,  957,  318,  466, 1000, 1013,  507,  781,  485,  607,  197,  531,  720,  681,  725,  429,  267,  515,  499,  787,  357,  785,  569,  667,  158,  729,  136,  185,  726,  135,  414,  591,  494,  545,  430,  638,  573,  729,  739,  646,  192, 1007,  295,  737,  792,  744,  785,  326,  592,  793,  898,  743,  428,  553,  200,  887,  751,  645,  108,  231,  733,  505,  536,  648,  519,  313,  531,  907,  193,  809,  591,  484,  390,  539,  892,  307,  194,  368,  638,  720,  848,  210,  721,  365,  190,  610,  407,  196,  524,  691,  789,  416,  479,  977,  318,  656,  599,  613,  267,  757,  759,  821, 1016, 1002,  794,  472,  878],
        [  701,    0,  785,  508,  410,  456,  403,  539,  464,  681,  278,  694,  756,  731,  776,  576,  246,  308,  273,  746,    0,  372,  291,  499,  412,  860,  729,  207,  776,  677,  279,  633,  571,  373,  512,  649,  366,  833,  535,  795,  599,  108,  220,  582,  318,  498,  394,  283,  137,  406,  204,  307,  297,  712,  278,  623,  567,  317,  649,  552,  243,  515,  354,  686,  698,  670,  278,  467,  307,  567,  429,  462,   98,  316,  519,  151,  732,  372,  156,  447,  265,  686,  881,  804,  445,  130,  112,  812,  614,   20,  387,  673,  425,  702,  808,  610,  295,  562,  291,  196,  834,  426,  558,  184,  825,  676,  620,  368,   56,  226,  824,  409,  388,  558,  393,  444,  649,  469,  173,  125,  359,  281,  483,  514,  351,  514,  159,  510,  459,   27,  181,  441,  519,  107,  443,  306],
        [ 1020,    0, 1008,  485,  434,  782,  769,  488,  449,  914,  342,  752,  679,  775,  785,  708,  464,  343,  468,  926,  372,    0,  589,  854,  727,  857, 1025,  314,  746,  947,  170,  688,  902,  105,  141,  597,  164,  800,  433, 1038,  538,  290,  590,  396,  563,  662,  735,  595,  495,  578,  181,  358,  259,  950,  649,  835,  781,  689,  872,  574,  346,  854,  701, 1004,  572,  579,  198,  277,  673,  790,   82,  704,  287,  135,  319,  223,  771,  731,  218,  805,  186, 1004,  821, 1046,  804,  254,  377, 1018,  723,  390,  725,  604,  322,  642, 1084,  547,  624,  736,  120,  370,  800,  723,  905,  478,  876,  785,  651,  303,  426,  147,  921,  780,  636,  760,  754,  526,  764,  814,  269,  481,  518,  570,  825,  617,  280,  872,  498,  760,  255,  392,  530,   91,  151,  266,  774,  651],
        [  432,    0,  499,  444,  355,  196,  266,  486,  413,  395,  301,  514,  668,  554,  619,  359,  145,  324,  164,  479,  291,  589,    0,  297,  139,  701,  445,  286,  649,  386,  551,  465,  316,  626,  716,  564,  504,  700,  523,  506,  534,  310,  212,  618,   89,  274,  168,   27,  309,  209,  412,  311,  383,  424,  274,  348,  295,  286,  367,  434,  273,  273,  153,  416,  660,  610,  415,  546,  211,  290,  663,  185,  321,  480,  584,  385,  559,  206,  392,  471,  417,  415,  762,  515,  462,  348,  219,  531,  408,  274,  153,  596,  463,  611,  519,  543,  435,  315,  476,  227,  700,  139,  330,  415,  631,  460,  476,  415,  252,  464,  600,  326,  118,  293,  235,  318,  432,  244,  321,  312,  206,   23,  542,  338,  414,  322,  139,  224,  550,  296,  342,  674,  715,  370,  192,  412],
        [  256,    0,  521,  728,  647,  137,  119,  771,  702,  437,  596,  731,  932,  771,  845,  566,  441,  620,  460,  575,  499,  854,  297,    0,  188,  920,  332,  572,  893,  354,  778,  699,  132,  870,  988,  834,  791,  938,  814,  491,  814,  564,  291,  914,  372,  493,  130,  280,  429,  470,  674,  607,  675,  445,  275,  451,  425,  244,  441,  700,  566,   83,  155,  247,  943,  888,  699,  842,  202,  408,  921,  353,  569,  761,  881,  634,  778,  128,  641,  357,  698,  248, 1004,  498,  346,  601,  479,  571,  617,  479,  145,  868,  760,  876,  433,  821,  454,  494,  750,  515,  937,  232,   71,  526,  823,  648,  724,  711,  445,  715,  759,  182,  345,  444,  112,  593,  624,   61,  594,  441,  489,  319,  438,  585,  709,   28,  356,  337,  846,  489,  431,  932,  991,  602,  126,  409],
        [  294,    0,  420,  543,  466,   61,  213,  585,  519,  319,  433,  550,  744,  590,  663,  385,  278,  453,  290,  436,  412,  727,  139,  188,    0,  740,  318,  424,  707,  278,  683,  514,  178,  762,  854,  646,  640,  753,  633,  412,  627,  446,  266,  736,  193,  308,   83,  135,  396,  282,  549,  439,  518,  340,  300,  302,  263,  292,  306,  512,  408,  141,  110,  279,  756,  700,  553,  674,  213,  249,  801,  172,  455,  618,  709,  520,  597,  158,  528,  463,  555,  279,  819,  420,  453,  484,  355,  461,  436,  394,   70,  680,  588,  689,  401,  634,  485,  318,  615,  365,  753,   49,  203,  504,  650,  474,  537,  543,  366,  600,  597,  290,  157,  275,  178,  406,  448,  128,  459,  402,  306,  159,  542,  398,  545,  216,  254,  173,  681,  412,  418,  812,  853,  501,   64,  451],
        [  852,    0,  563,  380,  462,  784,  946,  370,  422,  560,  597,  190,  214,  150,   85,  355,  631,  574,  600,  431,  860,  857,  701,  920,  740,    0,  774,  669,  116,  669,  959,  237,  841,  955,  885,  262,  694,   81,  427,  626,  320,  783,  905,  506,  616,  435,  819,  727,  957,  494,  790,  568,  633,  582,  973,  497,  502,  986,  527,  311,  625,  848,  830,  839,  340,  298,  694,  591,  910,  522,  928,  569,  801,  734,  565,  819,  144,  886,  825, 1171,  715,  838,  131,  629, 1163,  798,  750,  524,  304,  856,  804,  263,  536,  225,  743,  312, 1112,  427,  766,  664,   80,  692,  906, 1040,  127,  276,  240,  566,  861,  847,  235, 1017,  597,  479,  911,  417,  298,  860,  725,  953,  517,  688, 1242,  365,  590,  947,  791,  585,  614,  882, 1002,  933,  866,  853,  797, 1099],
        [  100,    0,  242,  731,  685,  284,  441,  770,  723,  214,  701,  610,  861,  642,  719,  472,  561,  713,  561,  352,  729, 1025,  445,  332,  318,  774,    0,  712,  789,  109,  996,  608,  202, 1069, 1142,  788,  916,  818,  835,  189,  791,  754,  569,  951,  462,  443,  357,  448,  707,  484,  852,  698,  791,  195,  582,  288,  309,  560,  251,  664,  686,  259,  401,   98,  916,  852,  837,  921,  496,  291, 1102,  335,  766,  905,  945,  829,  651,  418,  837,  688,  844,   96,  887,  193,  677,  792,  664,  296,  510,  711,  357,  821,  828,  814,  102,  795,  770,  393,  907,  655,  817,  307,  268,  813,  654,  507,  651,  795,  683,  907,  561,  513,  392,  339,  420,  597,  494,  311,  757,  715,  535,  461,  769,  540,  804,  345,  571,  279,  933,  729,  722, 1112, 1138,  814,  301,  729],
        [  712,    0,  702,  304,  209,  481,  509,  333,  260,  605,   74,  518,  551,  551,  586,  429,  152,  102,  155,  632,  207,  314,  286,  572,  424,  669,  712,    0,  578,  634,  326,  453,  601,  372,  432,  445,  219,  635,  329,  728,  394,  115,  358,  387,  250,  366,  446,  297,  334,  276,  154,  103,  108,  640,  432,  530,  474,  465,  564,  358,   46,  558,  418,  696,  492,  464,  130,  285,  422,  481,  393,  391,  133,  196,  332,  160,  550,  459,  167,  626,  133,  696,  680,  736,  621,  132,  119,  717,  456,  211,  433,  468,  225,  498,  771,  404,  496,  440,  196,   60,  636,  413,  613,  389,  649,  520,  432,  168,  231,  216,  667,  542,  323,  455,  486,  265,  495,  525,   62,  324,  217,  265,  673,  349,  155,  594,  235,  448,  283,  233,  380,  403,  430,  186,  477,  501],
        [  858,    0,  601,  279,  369,  757,  905,  263,  323,  578,  505,  180,  105,  152,   84,  333,  561,  479,  529,  467,  776,  746,  649,  893,  707,  116,  789,  578,    0,  682,  856,  195,  829,  846,  771,  150,  584,   58,  315,  662,  209,  692,  843,  390,  561,  400,  782,  675,  883,  440,  690,  475,  531,  605,  915,  503,  495,  932,  539,  227,  536,  828,  788,  844,  227,  182,  591,  477,  859,  516,  817,  541,  710,  627,  450,  723,  142,  844,  728, 1116,  612,  843,  114,  666, 1108,  704,  668,  569,  286,  774,  767,  148,  427,  109,  773,  200, 1041,  412,  660,  581,   58,  662,  888,  958,  199,  284,  174,  461,  783,  745,  301,  972,  556,  468,  871,  343,  296,  832,  631,  877,  452,  633, 1183,  313,  486,  920,  723,  568,  500,  800,  928,  821,  752,  760,  768, 1032],
        [  186,    0,  169,  628,  588,  265,  447,  666,  623,  111,  615,  503,  753,  535,  612,  364,  484,  625,  480,  255,  677,  947,  386,  354,  278,  669,  109,  634,  682,    0,  933,  500,  229,  999, 1059,  680,  829,  711,  733,  139,  685,  688,  543,  850,  386,  340,  339,  395,  673,  390,  780,  609,  705,  100,  570,  180,  204,  554,  144,  558,  604,  272,  379,  176,  809,  745,  755,  826,  482,  186, 1026,  246,  701,  823,  847,  762,  544,  410,  770,  703,  763,  174,  781,  147,  693,  725,  599,  221,  402,  659,  334,  713,  732,  706,  137,  689,  758,  286,  829,  579,  710,  252,  303,  781,  551,  400,  543,  703,  635,  837,  462,  524,  312,  233,  419,  496,  386,  316,  683,  679,  444,  398,  785,  435,  714,  374,  521,  188,  839,  680,  695, 1036, 1053,  753,  284,  721],
        [  975,    0, 1019,  580,  507,  730,  679,  594,  539,  919,  384,  830,  802,  859,  881,  754,  457,  398,  471,  957,  279,  170,  551,  778,  683,  959,  996,  326,  856,  933,    0,  765,  848,  108,  291,  709,  289,  912,  554, 1040,  650,  245,  494,  542,  551,  692,  672,  549,  374,  600,  176,  408,  328,  953,  540,  849,  793,  580,  881,  658,  370,  793,  632,  960,  707,  704,  266,  416,  583,  797,  183,  700,  232,  235,  465,  174,  856,  651,  166,  670,  245,  960,  942, 1048,  671,  209,  334, 1038,  779,  299,  664,  722,  433,  758, 1067,  661,  479,  765,  199,  367,  912,  690,  837,  331,  960,  843,  735,  395,  334,  115,  987,  674,  626,  776,  670,  583,  819,  748,  266,  360,  542,  536,  680,  671,  371,  792,  433,  753,  396,  290,  400,  193,  308,  183,  719,  513],
        [  670,    0,  445,  213,  259,  563,  715,  229,  241,  402,  385,   66,  254,   99,  154,  141,  397,  368,  367,  318,  633,  688,  465,  699,  514,  237,  608,  453,  195,  500,  765,    0,  636,  779,  747,  190,  528,  240,  304,  502,  216,  565,  668,  417,  379,  206,  591,  491,  724,  258,  590,  358,  440,  433,  736,  321,  305,  750,  360,  117,  408,  634,  599,  656,  321,  257,  505,  455,  675,  326,  766,  347,  583,  557,  449,  610,  100,  655,  617,  935,  524,  655,  306,  507,  927,  584,  521,  426,   99,  627,  575,  221,  376,  208,  604,  215,  876,  221,  583,  439,  239,  468,  694,  810,  197,  126,   51,  386,  630,  651,  235,  784,  366,  277,  681,  190,  123,  639,  513,  720,  282,  451, 1005,  128,  409,  726,  555,  375,  476,  654,  767,  773,  732,  638,  574,  862],
        [  136,    0,  397,  702,  632,  121,  241,  744,  682,  322,  609,  658,  881,  696,  772,  497,  455,  629,  466,  466,  571,  902,  316,  132,  178,  841,  202,  601,  829,  229,  848,  636,    0,  932, 1031,  790,  818,  869,  797,  363,  779,  617,  386,  905,  367,  436,  178,  308,  526,  438,  723,  615,  695,  325,  388,  352,  340,  363,  334,  657,  585,   62,  221,  123,  908,  849,  730,  849,  305,  320,  975,  296,  625,  796,  882,  691,  704,  225,  698,  488,  732,  124,  937,  369,  477,  656,  527,  449,  545,  552,  184,  825,  761,  828,  302,  785,  574,  418,  791,  542,  868,  199,   75,  629,  735,  566,  668,  718,  520,  771,  661,  312,  316,  364,  222,  563,  545,  114,  635,  536,  472,  336,  569,  535,  721,  148,  416,  262,  857,  566,  536,  986, 1030,  667,  130,  531],
        [ 1056,    0, 1073,  580,  521,  813,  776,  586,  542,  976,  414,  843,  781,  868,  882,  787,  516,  421,  525, 1000,  373,  105,  626,  870,  762,  955, 1069,  372,  846,  999,  108,  779,  932,    0,  192,  697,  263,  900,  535, 1098,  638,  317,  591,  500,  614,  734,  759,  628,  478,  645,  220,  434,  341, 1010,  642,  901,  845,  682,  936,  666,  410,  880,  721, 1040,  675,  682,  277,  380,  679,  852,   79,  760,  308,  223,  423,  243,  865,  744,  235,  777,  259, 1040,  923, 1107,  777,  278,  408, 1087,  806,  393,  750,  705,  420,  743, 1135,  647,  586,  808,  196,  422,  901,  764,  926,  438,  970,  870,  744,  395,  428,  163, 1009,  775,  689,  826,  765,  608,  847,  836,  317,  464,  586,  610,  787,  699,  371,  886,  518,  815,  358,  387,  506,   89,  211,  269,  803,  619],
        [ 1144,    0, 1105,  536,  509,  910,  907,  528,  508, 1016,  445,  808,  689,  825,  821,  790,  583,  438,  582, 1013,  512,  141,  716,  988,  854,  885, 1142,  432,  771, 1059,  291,  747, 1031,  192,    0,  625,  234,  820,  461, 1140,  568,  426,  729,  389,  681,  755,  867,  723,  635,  678,  316,  453,  355, 1052,  789,  934,  882,  829,  973,  631,  457,  984,  834, 1128,  570,  593,  305,  297,  812,  893,  114,  814,  425,  238,  321,  362,  819,  866,  357,  944,  300, 1127,  830, 1148,  943,  391,  510, 1110,  797,  530,  856,  623,  373,  662, 1195,  576,  761,  829,  240,  491,  821,  845, 1037,  614,  924,  856,  705,  375,  565,  287,  982,  919,  751,  858,  891,  606,  838,  947,  397,  621,  619,  696,  962,  696,  357, 1008,  634,  871,  275,  532,  669,  106,   24,  406,  904,  790],
        [  842,    0,  635,  142,  240,  702,  828,  117,  186,  588,  372,  224,  109,  223,  199,  317,  454,  344,  423,  507,  649,  597,  564,  834,  646,  262,  788,  445,  150,  680,  709,  190,  790,  697,  625,    0,  435,  204,  166,  691,   60,  558,  742,  253,  476,  356,  714,  589,  764,  365,  547,  343,  388,  620,  816,  504,  479,  837,  544,  134,  407,  778,  712,  827,  131,   67,  445,  329,  770,  499,  668,  495,  576,  479,  306,  582,  215,  767,  587, 1019,  467,  826,  237,  697, 1012,  566,  545,  615,  285,  649,  698,   35,  279,   54,  790,   50,  925,  395,  512,  456,  205,  605,  840,  832,  311,  315,  141,  316,  662,  600,  392,  888,  490,  450,  795,  246,  313,  774,  495,  757,  358,  545, 1081,  257,  340,  861,  616,  534,  352,  674,  810,  672,  606,  623,  710,  921],
        [  924,    0,  872,  322,  279,  699,  724,  325,  288,  784,  215,  591,  520,  613,  621,  559,  363,  206,  357,  781,  366,  164,  504,  791,  640,  694,  916,  219,  584,  829,  289,  528,  818,  263,  234,  435,    0,  638,  272,  907,  376,  260,  562,  255,  458,  521,  665,  515,  502,  445,  172,  221,  126,  820,  631,  701,  649,  667,  740,  413,  234,  776,  637,  908,  419,  421,   94,  128,  633,  660,  239,  584,  268,   59,  179,  227,  609,  676,  227,  812,  102,  907,  662,  915,  809,  237,  322,  877,  569,  379,  652,  443,  159,  481,  965,  385,  654,  596,   95,  278,  639,  626,  832,  519,  714,  630,  489,  145,  410,  197,  762,  751,  525,  625,  703,  375,  610,  743,  206,  489,  387,  482,  847,  466,  125,  813,  447,  642,  110,  391,  544,  245,  225,  281,  695,  670],
        [  891,    0,  619,  336,  426,  802,  954,  318,  380,  605,  562,  212,  137,  177,   99,  374,  616,  537,  584,  485,  833,  800,  700,  938,  753,   81,  818,  635,   58,  711,  912,  240,  869,  900,  820,  204,  638,    0,  367,  681,  263,  750,  897,  435,  613,  445,  830,  726,  939,  492,  747,  532,  588,  630,  968,  535,  532,  984,  568,  283,  594,  870,  837,  877,  263,  228,  647,  529,  910,  552,  869,  585,  768,  682,  499,  780,  168,  893,  785, 1169,  668,  876,   70,  685, 1161,  761,  725,  584,  324,  831,  814,  198,  482,  159,  796,  253, 1097,  451,  715,  637,    2,  707,  929, 1015,  195,  312,  225,  517,  840,  801,  303, 1022,  604,  506,  920,  399,  328,  877,  689,  933,  506,  685, 1237,  363,  542,  965,  778,  609,  552,  857,  984,  873,  800,  817,  813, 1087],
        [  872,    0,  723,  106,  168,  693,  785,   76,  115,  657,  262,  358,  249,  370,  361,  390,  388,  232,  363,  607,  535,  433,  523,  814,  633,  427,  835,  329,  315,  733,  554,  304,  797,  535,  461,  166,  272,  367,    0,  772,  108,  434,  667,  119,  443,  393,  687,  545,  662,  361,  401,  237,  248,  692,  742,  569,  531,  770,  611,  194,  300,  773,  675,  856,  165,  150,  296,  164,  712,  548,  503,  511,  450,  320,  147,  443,  363,  727,  447,  943,  318,  855,  390,  779,  937,  433,  443,  714,  377,  539,  671,  171,  123,  209,  857,  116,  825,  454,  355,  358,  368,  600,  835,  715,  466,  426,  256,  172,  559,  449,  533,  835,  481,  502,  755,  239,  415,  757,  367,  652,  328,  501,  996,  302,  194,  840,  538,  561,  187,  561,  709,  507,  443,  489,  696,  828],
        [  288,    0,   64,  667,  646,  403,  586,  700,  671,  124,  698,  486,  747,  510,  584,  384,  584,  702,  574,  197,  795, 1038,  506,  491,  412,  626,  189,  728,  662,  139, 1040,  502,  363, 1098, 1140,  691,  907,  681,  772,    0,  708,  795,  677,  891,  489,  390,  476,  518,  803,  463,  879,  687,  785,   89,  707,  208,  258,  692,  168,  584,  693,  410,  516,  284,  822,  757,  841,  886,  619,  248, 1118,  340,  810,  908,  900,  867,  521,  549,  875,  842,  852,  282,  749,    9,  831,  831,  709,  112,  407,  779,  471,  722,  793,  708,  121,  709,  895,  321,  919,  677,  680,  380,  436,  911,  501,  383,  550,  772,  757,  938,  398,  662,  414,  283,  558,  549,  379,  454,  782,  808,  522,  515,  924,  471,  786,  510,  644,  287,  902,  801,  828, 1128, 1132,  864,  422,  858],
        [  839,    0,  654,   95,  194,  684,  800,   61,  136,  599,  321,  261,  158,  268,  254,  326,  416,  292,  386,  531,  599,  538,  534,  814,  627,  320,  791,  394,  209,  685,  650,  216,  779,  638,  568,   60,  376,  263,  108,  708,    0,  506,  703,  206,  448,  351,  690,  559,  718,  345,  489,  292,  331,  632,  778,  513,  482,  801,  554,  127,  357,  762,  685,  823,  130,   77,  387,  272,  737,  501,  609,  485,  523,  420,  251,  526,  260,  740,  531,  981,  409,  823,  294,  714,  974,  511,  498,  639,  303,  600,  674,   75,  219,  109,  802,   11,  880,  400,  453,  409,  264,  588,  825,  782,  361,  342,  165,  258,  615,  542,  434,  857,  470,  453,  768,  221,  336,  754,  441,  710,  329,  515, 1040,  252,  282,  840,  576,  528,  295,  625,  764,  613,  550,  568,  690,  878],
        [  740,    0,  776,  418,  324,  497,  481,  445,  373,  675,  188,  629,  663,  663,  700,  529,  214,  215,  232,  720,  108,  290,  310,  564,  446,  783,  754,  115,  692,  688,  245,  565,  617,  317,  426,  558,  260,  750,  434,  795,  506,    0,  308,  476,  307,  459,  447,  311,  244,  366,  111,  218,  191,  709,  374,  607,  551,  411,  638,  473,  158,  566,  411,  724,  598,  574,  171,  360,  386,  554,  359,  455,   19,  214,  412,   75,  662,  441,   83,  552,  158,  724,  793,  804,  549,   39,   92,  797,  561,  119,  437,  580,  321,  611,  824,  516,  402,  529,  193,  132,  750,  448,  616,  282,  761,  625,  546,  265,  151,  155,  772,  498,  382,  536,  465,  375,  599,  525,   68,  232,  311,  294,  590,  455,  246,  582,  209,  509,  352,  135,  289,  370,  431,   76,  488,  414],
        [  521,    0,  683,  609,  511,  286,  186,  648,  571,  580,  410,  720,  850,  761,  821,  569,  289,  440,  319,  681,  220,  590,  212,  291,  266,  905,  569,  358,  843,  543,  494,  668,  386,  591,  729,  742,  562,  897,  667,  677,  703,  308,    0,  741,  291,  484,  213,  187,  141,  411,  416,  432,  465,  604,   76,  547,  498,  107,  560,  621,  373,  326,  169,  508,  821,  780,  469,  643,   90,  490,  649,  389,  306,  519,  690,  367,  764,  165,  373,  278,  461,  508,  955,  685,  272,  340,  242,  721,  617,  201,  213,  772,  579,  793,  661,  713,  226,  526,  500,  314,  897,  301,  356,  245,  840,  670,  672,  523,  165,  445,  811,  191,  328,  500,  180,  502,  642,  274,  357,  151,  392,  220,  340,  540,  513,  302,  129,  417,  640,  205,  154,  661,  735,  327,  269,  201],
        [  985,    0,  842,  225,  273,  797,  874,  193,  228,  775,  333,  466,  302,  473,  451,  508,  477,  304,  455,  725,  582,  396,  618,  914,  736,  506,  951,  387,  390,  850,  542,  417,  905,  500,  389,  253,  255,  435,  119,  891,  206,  476,  741,    0,  544,  511,  785,  638,  716,  473,  416,  313,  286,  810,  816,  688,  649,  847,  729,  311,  369,  877,  769,  969,  182,  209,  314,  128,  796,  665,  453,  624,  489,  312,   78,  466,  465,  818,  468, 1012,  333,  968,  442,  898, 1007,  466,  505,  832,  495,  590,  770,  244,  163,  282,  975,  210,  876,  573,  349,  428,  437,  707,  938,  754,  563,  541,  367,  220,  615,  450,  640,  918,  589,  620,  847,  355,  531,  858,  409,  705,  434,  596, 1059,  421,  233,  939,  614,  676,  146,  609,  762,  455,  368,  517,  798,  885],
        [  467,    0,  471,  359,  275,  254,  353,  402,  331,  370,  245,  430,  580,  471,  533,  281,  100,  263,  101,  429,  318,  563,   89,  372,  193,  616,  462,  250,  561,  386,  551,  379,  367,  614,  681,  476,  458,  613,  443,  489,  448,  307,  291,  544,    0,  196,  245,  115,  368,  122,  394,  248,  333,  402,  358,  306,  250,  372,  334,  346,  225,  334,  237,  451,  576,  524,  376,  483,  299,  251,  641,  149,  321,  444,  517,  379,  474,  292,  387,  557,  382,  450,  674,  497,  549,  343,  222,  496,  328,  304,  229,  509,  395,  523,  522,  457,  507,  249,  446,  194,  613,  170,  395,  468,  551,  383,  388,  351,  292,  452,  528,  414,   75,  240,  320,  230,  355,  315,  298,  367,  120,   73,  627,  252,  355,  398,  191,  203,  490,  330,  407,  652,  677,  376,  255,  489],
