{
    "name": "random-76-17708",
    "comment": "size=76 seed=17708",
    "nodes": ["+0", "-0", "+1", "-1", "+2", "-2", "+3", "-3", "+4", "-4", "+5", "-5", "+6", "-6", "+7", "-7", "+8", "-8", "+9", "-9", "+10", "-10", "+11", "-11", "+12", "-12", "+13", "-13", "+14", "-14", "+15", "-15", "+16", "-16", "+17", "-17", "+18", "-18", "+19", "-19", "+20", "-20", "+21", "-21", "+22", "-22", "+23", "-23", "+24", "-24", "+25", "-25", "+26", "-26", "+27", "-27", "+28", "-28", "+29", "-29", "+30", "-30", "+31", "-31", "+32", "-32", "+33", "-33", "+34", "-34", "+35", "-35", "+36", "-36", "+37", "-37", "+38", "-38", "+39", "-39", "+40", "-40", "+41", "-41", "+42", "-42", "+43", "-43", "+44", "-44", "+45", "-45", "+46", "-46", "+47", "-47", "+48", "-48", "+49", "-49", "+50", "-50", "+51", "-51", "+52", "-52", "+53", "-53", "+54", "-54", "+55", "-55", "+56", "-56", "+57", "-57", "+58", "-58", "+59", "-59", "+60", "-60", "+61", "-61", "+62", "-62", "+63", "-63", "+64", "-64", "+65", "-65", "+66", "-66", "+67", "-67", "+68", "-68", "+69", "-69", "+70", "-70", "+71", "-71", "+72", "-72", "+73", "-73", "+74", "-74", "+75", "-75", "+76", "-76"],
    "precedence": {
        "+0": "-0",
        "+1": "-1",
        "+2": "-2",
        "+3": "-3",
        "+4": "-4",
        "+5": "-5",
        "+6": "-6",
        "+7": "-7",
        "+8": "-8",
        "+9": "-9",
        "+10": "-10",
        "+11": "-11",
        "+12": "-12",
        "+13": "-13",
        "+14": "-14",
        "+15": "-15",
        "+16": "-16",
        "+17": "-17",
        "+18": "-18",
        "+19": "-19",
        "+20": "-20",
        "+21": "-21",
        "+22": "-22",
        "+23": "-23",
        "+24": "-24",
        "+25": "-25",
        "+26": "-26",
        "+27": "-27",
        "+28": "-28",
        "+29": "-29",
        "+30": "-30",
        "+31": "-31",
        "+32": "-32",
        "+33": "-33",
        "+34": "-34",
        "+35": "-35",
        "+36": "-36",
        "+37": "-37",
        "+38": "-38",
        "+39": "-39",
        "+40": "-40",
        "+41": "-41",
        "+42": "-42",
        "+43": "-43",
        "+44": "-44",
        "+45": "-45",
        "+46": "-46",
        "+47": "-47",
        "+48": "-48",
        "+49": "-49",
        "+50": "-50",
        "+51": "-51",
        "+52": "-52",
        "+53": "-53",
        "+54": "-54",
        "+55": "-55",
        "+56": "-56",
        "+57": "-57",
        "+58": "-58",
        "+59": "-59",
        "+60": "-60",
        "+61": "-61",
        "+62": "-62",
        "+63": "-63",
        "+64": "-64",
        "+65": "-65",
        "+66": "-66",
        "+67": "-67",
        "+68": "-68",
        "+69": "-69",
        "+70": "-70",
        "+71": "-71",
        "+72": "-72",
        "+73": "-73",
        "+74": "-74",
        "+75": "-75",
        "+76": "-76"
    },
    "edges": [
        [    0,    0,  395,  422,   48,  393,  344,  613,  359,  481,  547,  251,  395,  474,  697,  374,  546,  392,  167,  545,  359,  495,  678,  100,  635,  626,  330,  137,  598,  362,  564,  574,  187,  466,  509,  397,  335,  209,  195,  590,  547,  351,  602,  121,  488,  434,  451,  256,  468,  262,  326,  384,  516,  304,  795,  636,  659,  283,  261,  654,  460,  184,  229,  448,  599,  339,  470,  419,  500,  156,  142,  516,  229,  391,  673,  540,  448,  589,  449,  463,  412,  510,  375,  622,  448,  502,  279,  310,  544,  149,  389,  593,  484,  365,  177,  584,  326,  309,  372,  366,  368,  427,  299,  589,  806,  114,  428,  334,  168,  468,  400,  361,  367,  110,  494,  659,  295,  391,  240,  565,  180,  477,   61,  563,  587,  633,  409,  406,  393,  459,  541,  208,  385,  480,  165,  427,  571,  583,  464,  603,  198,  344,  240,  253,  122,  453,  607,  396,  344,   69,  420,  502,  552,  445],
        [    0,    0,    0,    0,    0,    0,    0,    0,    0,    0,    0,    0,    0,    0,    0,    0,    0,    0,    0,    0,    0,    0,    0,    0,    0,    0,    0,    0,    0,    0,    0,    0,    0,    0,    0,    0,    0,    0,    0,    0,    0,    0,    0,    0,    0,    0,    0,    0,    0,    0,    0,    0,    0,    0,    0,    0,    0,    0,    0,    0,    0,    0,    0,    0,    0,    0,    0,    0,    0,    0,    0,    0,    0,    0,    0,    0,    0,    0,    0,    0,    0,    0,    0,    0,    0,    0,    0,    0,    0,    0,    0,    0,    0,    0,    0,    0,    0,    0,    0,    0,    0,    0,    0,    0,    0,    0,    0,    0,    0,    0,    0,    0,    0,    0,    0,    0,    0,    0,    0,    0,    0,    0,    0,    0,    0,    0,    0,    0,    0,    0,    0,    0,    0,    0,    0,    0,    0,    0,    0,    0,    0,    0,    0,    0,    0,    0,    0,    0,    0,    0,    0,    0,    0,    0],
        [  395,    0,    0,  458,  420,  228,  670,  760,   76,  842,  418,  235,  193,  145,  312,  101,  469,  663,  465,  674,  467,  856,  683,  455,  417,  388,  649,  486,  599,  592,  252,  189,  533,  860,  195,  499,  252,  242,  364,  718,  704,  471,  986,  290,   93,  600,  746,  634,  509,  137,  719,  489,  434,  694,  861,  682,  673,  474,  477,  673,  500,  398,  311,  628,  571,  489,  101,  465,  118,  486,  491,  238,  194,  650,  634,  151,  303,  364,  762,  832,  595,  489,  399,  838,  476,  625,  566,  122,  910,  257,  742,  395,  865,  474,  357,  721,  521,  630,  697,  328,  306,  107,  649,  698,  840,  478,   36,  725,  416,  859,  276,  637,  173,  498,  518,  667,  308,  719,  634,  329,  496,  390,  419,  526,  951, 1012,  597,  103,  404,  115,  514,  356,  527,  618,  311,  821,  889,  757,   86,  662,  454,  654,  630,  555,  514,  170,  265,  666,  192,  397,   25,  306,  563,   52],
        [  422,    0,  458,    0,  469,  632,  757, 1024,  382,  859,  831,  255,  279,  601,  726,  527,  861,  814,  587,  949,  744,  872, 1043,  520,  863,  838,  745,  556,  957,  781,  709,  620,  603,  760,  651,  783,  206,  500,  228,  996,  959,   99,  926,  345,  504,  843,  869,  635,  835,  428,  647,  770,  825,  555, 1188, 1016, 1027,  180,  208, 1024,  826,  243,  212,  861,  943,  130,  556,  784,  565,  341,  366,  690,  470,  813, 1016,  579,  710,  809,  861,  832,  194,  852,  723, 1044,  807,  175,  301,  489,  912,  434,  782,  834,  829,   84,  557,  992,  182,  372,  783,  679,  154,  385,  427,  989, 1187,  530,  488,  582,  267,  785,  197,  782,  289,  505,  856, 1024,  619,  799,  578,  776,  602,  779,  378,  901,  954,  970,  200,  547,  737,  572,  882,  216,  125,  884,  273,  676,  975,  999,  453,  987,  260,  370,  510,  674,  454,  618,  718,  817,  577,  358,  472,  737,  913,  472],
        [   48,    0,  420,  469,    0,  392,  298,  570,  391,  440,  533,  294,  436,  486,  715,  388,  526,  345,  122,  503,  326,  454,  645,   52,  628,  622,  283,   90,  567,  316,  571,  593,  141,  441,  518,  362,  380,  213,  242,  549,  504,  396,  569,  162,  513,  392,  404,  218,  438,  284,  300,  350,  498,  295,  755,  600,  626,  327,  304,  621,  429,  230,  276,  404,  571,  383,  489,  390,  519,  187,  168,  520,  242,  344,  644,  562,  440,  584,  402,  424,  452,  484,  351,  576,  419,  545,  310,  326,  505,  165,  346,  585,  449,  411,  154,  542,  368,  331,  326,  352,  414,  461,  313,  549,  769,   68,  451,  323,  212,  439,  444,  313,  407,   79,  464,  626,  281,  345,  215,  563,  133,  460,  100,  538,  547,  597,  449,  420,  369,  474,  515,  255,  429,  439,  211,  411,  525,  538,  494,  567,  239,  367,  234,  206,  119,  461,  617,  348,  348,  113,  445,  497,  522,  471],
        [  393,    0,  228,  632,  392,    0,  550,  551,  282,  736,  201,  379,  405,  154,  380,  128,  243,  511,  373,  465,  276,  749,  456,  403,  248,  235,  528,  419,  372,  430,  192,  283,  451,  810,  155,  300,  435,  185,  468,  506,  501,  616,  905,  345,  279,  408,  598,  567,  290,  205,  674,  293,  207,  687,  635,  456,  445,  590,  583,  446,  282,  491,  439,  439,  343,  624,  201,  253,  230,  535,  528,  136,  182,  493,  408,  273,   80,  199,  624,  735,  725,  262,  192,  646,  257,  781,  645,  145,  805,  256,  635,  210,  783,  624,  258,  511,  641,  692,  574,  117,  493,  334,  690,  482,  613,  424,  226,  714,  496,  795,  478,  491,  378,  464,  295,  439,  141,  596,  596,  173,  404,  163,  443,  299,  842,  919,  725,  132,  191,  167,  287,  468,  669,  416,  404,  797,  745,  556,  303,  438,  537,  724,  626,  439,  510,  106,  249,  513,   57,  432,  235,  114,  337,  261],
        [  344,    0,  670,  757,  298,  550,    0,  383,  660,  188,  596,  589,  726,  688,  925,  606,  553,  108,  207,  355,  318,  200,  564,  247,  723,  733,   23,  209,  514,  166,  741,  813,  158,  327,  703,  327,  676,  429,  534,  386,  328,  674,  367,  456,  759,  264,  116,  153,  410,  538,  246,  322,  542,  344,  598,  496,  543,  595,  568,  535,  407,  514,  573,  251,  541,  654,  712,  389,  744,  430,  404,  685,  476,  127,  599,  790,  557,  696,  105,  193,  699,  484,  400,  326,  415,  802,  531,  554,  256,  425,   91,  678,  253,  690,  315,  373,  626,  513,   29,  453,  711,  734,  462,  404,  635,  231,  694,  350,  490,  292,  741,   95,  695,  253,  437,  548,  410,   50,  236,  688,  179,  525,  379,  528,  292,  374,  694,  634,  415,  687,  506,  548,  696,  313,  508,  372,  228,  334,  752,  463,  505,  547,  327,  116,  312,  648,  799,  111,  530,  401,  692,  620,  478,  721],
        [  613,    0,  760, 1024,  570,  551,  383,    0,  789,  498,  458,  797,  895,  702,  904,  664,  387,  276,  449,   87,  298,  503,  250,  526,  583,  611,  374,  498,  259,  259,  698,  827,  469,  695,  688,  263,  881,  555,  800,   49,   66,  962,  678,  681,  826,  181,  302,  527,  265,  667,  628,  273,  402,  721,  217,  180,  235,  896,  873,  226,  271,  796,  815,  166,  304,  951,  751,  299,  780,  749,  726,  647,  602,  261,  320,  822,  503,  586,  345,  525, 1021,  320,  362,  145,  296, 1114,  867,  644,  543,  602,  448,  549,  593,  976,  471,   41,  937,  867,  377,  437,  931,  857,  825,   82,  262,  526,  768,  730,  780,  652,  942,  298,  862,  570,  268,  244,  456,  384,  608,  598,  446,  422,  669,  324,  556,  658, 1017,  679,  361,  717,  316,  810,  998,  145,  752,  753,  386,   55,  843,  163,  808,  903,  695,  387,  643,  652,  758,  273,  570,  681,  774,  549,  257,  802],
        [  359,    0,   76,  382,  391,  282,  660,  789,    0,  825,  479,  165,  124,  220,  376,  159,  525,  666,  454,  704,  492,  839,  734,  432,  489,  461,  641,  466,  648,  601,  328,  256,  515,  824,  271,  527,  176,  245,  298,  749,  730,  397,  959,  244,  145,  621,  745,  608,  548,  128,  684,  516,  489,  649,  905,  726,  721,  403,  409,  721,  539,  335,  241,  647,  623,  415,  176,  501,  190,  431,  439,  311,  195,  655,  689,  215,  361,  435,  757,  811,  521,  537,  434,  856,  515,  549,  502,  149,  891,  236,  726,  464,  839,  399,  356,  751,  450,  568,  688,  368,  230,   74,  592,  732,  889,  453,  109,  680,  355,  827,  203,  638,  100,  467,  560,  716,  334,  710,  598,  401,  483,  444,  373,  579,  933,  987,  523,  171,  442,  191,  565,  289,  453,  645,  251,  778,  885,  782,  109,  703,  391,  591,  585,  548,  472,  241,  340,  669,  237,  349,   94,  372,  609,  103],
        [  481,    0,  842,  859,  440,  736,  188,  498,  825,    0,  780,  732,  876,  871, 1108,  786,  734,  263,  379,  497,  502,   14,  715,  395,  908,  919,  210,  360,  678,  341,  928,  994,  311,  217,  888,  507,  815,  605,  652,  516,  459,  767,  188,  601,  934,  428,  200,  229,  587,  707,  232,  503,  724,  346,  711,  644,  695,  685,  656,  686,  584,  624,  701,  407,  710,  742,  891,  570,  924,  519,  494,  871,  650,  286,  761,  969,  744,  883,  156,   38,  763,  662,  586,  392,  595,  870,  592,  731,   69,  590,  102,  863,  100,  783,  494,  501,  704,  551,  167,  640,  841,  897,  490,  542,  759,  374,  869,  335,  597,  168,  878,  267,  847,  374,  611,  702,  596,  147,  283,  875,  348,  711,  499,  702,  109,  187,  757,  815,  601,  868,  682,  667,  777,  470,  641,  304,  161,  444,  922,  613,  600,  579,  364,  298,  408,  833,  985,  264,  714,  524,  866,  808,  647,  894],
        [  547,    0,  418,  831,  533,  201,  596,  458,  479,  780,    0,  576,  603,  301,  458,  321,   73,  524,  471,  381,  279,  791,  289,  526,  133,  155,  575,  529,  219,  442,  256,  405,  545,  899,  268,  276,  635,  355,  656,  409,  427,  810,  963,  527,  446,  375,  606,  659,  210,  404,  776,  278,   59,  813,  481,  315,  285,  777,  767,  289,  209,  674,  633,  405,  178,  815,  361,  212,  381,  700,  689,  217,  369,  502,  225,  413,  121,  129,  642,  789,  914,  140,  201,  583,  191,  975,  817,  345,  846,  430,  687,   93,  847,  819,  380,  420,  828,  855,  614,  182,  693,  524,  844,  377,  445,  544,  407,  837,  676,  875,  677,  515,  576,  591,  196,  277,  253,  634,  708,  145,  497,   75,  604,  140,  877,  967,  913,  316,  184,  327,  143,  658,  862,  357,  592,  907,  747,  482,  482,  309,  716,  889,  758,  504,  651,  257,  313,  524,  255,  598,  419,  118,  204,  440],
        [  251,    0,  235,  255,  294,  379,  589,  797,  165,  732,  576,    0,  148,  368,  541,  282,  606,  621,  392,  717,  505,  746,  793,  344,  615,  593,  573,  382,  706,  572,  477,  420,  433,  697,  417,  544,   88,  251,  135,  764,  733,  243,  844,  134,  309,  618,  690,  505,  589,  174,  561,  532,  571,  508,  946,  770,  777,  239,  244,  775,  579,  173,   76,  639,  691,  257,  334,  538,  352,  278,  291,  449,  216,  615,  763,  380,  456,  562,  693,  713,  363,  599,  474,  837,  559,  405,  338,  237,  794,  195,  639,  583,  730,  249,  328,  762,  287,  406,  617,  426,  135,  210,  434,  753,  941,  362,  270,  539,  196,  707,  153,  590,  125,  359,  608,  774,  369,  637,  477,  529,  415,  525,  242,  648,  837,  879,  364,  306,  487,  342,  630,  125,  299,  653,  100,  639,  817,  778,  268,  743,  229,  427,  446,  487,  344,  375,  498,  624,  322,  217,  256,  486,  663,  268],
        [  395,    0,  193,  279,  436,  405,  726,  895,  124,  876,  603,  148,    0,  336,  448,  283,  647,  747,  522,  811,  597,  890,  853,  484,  610,  580,  708,  521,  767,  689,  441,  341,  572,  844,  386,  634,   92,  340,  270,  857,  834,  317,  991,  275,  226,  721,  821,  650,  662,  229,  709,  623,  611,  654, 1022,  842,  841,  347,  360,  840,  653,  309,  206,  746,  744,  342,  284,  614,  289,  421,  436,  431,  293,  738,  812,  301,  484,  556,  827,  857,  443,  657,  548,  950,  631,  453,  464,  268,  939,  309,  781,  587,  877,  315,  441,  857,  386,  536,  754,  485,  128,  106,  571,  842, 1008,  503,  218,  685,  335,  854,   85,  717,   33,  504,  677,  836,  444,  774,  624,  522,  548,  566,  390,  700,  982, 1026,  447,  294,  557,  306,  685,  257,  371,  750,  247,  785,  953,  883,  174,  818,  362,  552,  593,  618,  491,  363,  444,  750,  358,  364,  202,  496,  728,  197],
        [  474,    0,  145,  601,  486,  154,  688,  702,  220,  871,  301,  368,  336,    0,  237,  101,  363,  659,  496,  616,  429,  885,  584,  510,  277,  245,  666,  533,  505,  580,  109,  130,  573,  923,   51,  453,  395,  277,  488,  656,  654,  610, 1032,  390,  146,  562,  745,  685,  439,  223,  783,  447,  331,  777,  771,  595,  577,  605,  604,  579,  432,  519,  442,  592,  470,  625,   61,  405,   82,  591,  591,   97,  246,  642,  525,  121,  204,  225,  769,  867,  731,  401,  346,  800,  407,  766,  685,  164,  940,  326,  770,  261,  909,  614,  380,  662,  654,  743,  714,  271,  450,  240,  754,  630,  742,  532,  120,  807,  533,  914,  420,  637,  317,  564,  441,  569,  284,  736,  700,  190,  528,  294,  511,  427,  979, 1051,  732,   69,  344,   31,  420,  483,  666,  569,  429,  897,  892,  709,  187,  581,  573,  771,  714,  574,  595,   50,  136,  661,  159,  493,  135,  183,  476,  148],
        [  697,    0,  312,  726,  715,  380,  925,  904,  376, 1108,  458,  541,  448,  237,    0,  329,  530,  891,  733,  821,  653, 1121,  744,  742,  365,  328,  902,  768,  677,  810,  207,  125,  808, 1155,  226,  672,  533,  511,  673,  856,  863,  762, 1268,  600,  232,  782,  978,  919,  641,  437, 1015,  667,  507, 1000,  936,  772,  742,  777,  784,  746,  636,  709,  616,  813,  635,  783,  228,  617,  199,  798,  802,  260,  475,  873,  672,  162,  405,  336, 1003, 1104,  888,  587,  565, 1015,  612,  900,  877,  390, 1177,  551, 1006,  379, 1145,  761,  616,  864,  822,  942,  950,  493,  576,  345,  961,  827,  894,  765,  277, 1031,  728, 1148,  530,  870,  445,  794,  637,  733,  518,  972,  930,  314,  765,  483,  727,  598, 1215, 1287,  891,  298,  559,  243,  598,  664,  817,  782,  622, 1124, 1125,  919,  278,  765,  765,  965,  936,  811,  818,  278,  147,  893,  395,  707,  289,  356,  658,  273],
        [  374,    0,  101,  527,  388,  128,  606,  664,  159,  786,  321,  282,  283,  101,  329,    0,  369,  587,  408,  578,  375,  799,  583,  414,  336,  312,  584,  440,  498,  512,  201,  210,  481,  826,  142,  406,  324,  183,  394,  621,  611,  525,  940,  291,  165,  509,  672,  591,  410,  124,  687,  397,  334,  677,  761,  581,  572,  513,  511,  572,  402,  423,  352,  538,  470,  537,  106,  368,  139,  491,  491,  168,  147,  572,  534,  184,  204,  283,  692,  779,  642,  389,  303,  749,  377,  686,  588,   64,  854,  226,  684,  309,  818,  531,  293,  625,  563,  644,  632,  229,  381,  207,  654,  600,  740,  437,  104,  707,  435,  820,  360,  563,  257,  466,  418,  566,  218,  655,  603,  249,  439,  290,  411,  426,  894,  962,  643,   33,  306,   87,  414,  390,  580,  525,  333,  798,  817,  665,  180,  562,  476,  673,  614,  491,  495,   94,  236,  589,   95,  393,  111,  214,  463,  138],
        [  546,    0,  469,  861,  526,  243,  553,  387,  525,  734,   73,  606,  647,  363,  530,  369,    0,  473,  450,  312,  239,  744,  222,  512,  198,  224,  533,  511,  148,  393,  327,  473,  520,  866,  334,  228,  671,  370,  673,  339,  360,  832,  919,  542,  506,  318,  553,  631,  151,  436,  748,  232,   37,  795,  411,  243,  216,  793,  780,  219,  151,  688,  657,  346,  108,  835,  421,  166,  444,  702,  688,  284,  392,  451,  166,  478,  166,  201,  591,  745,  930,   75,  178,  516,  140,  998,  822,  383,  798,  444,  644,  162,  805,  842,  372,  349,  843,  854,  569,  187,  729,  575,  838,  306,  379,  528,  462,  817,  686,  838,  718,  467,  619,  577,  131,  208,  257,  588,  686,  217,  472,   83,  606,   69,  827,  919,  929,  368,  159,  387,   71,  677,  882,  294,  610,  881,  690,  413,  539,  237,  726,  890,  743,  470,  641,  316,  384,  473,  291,  603,  473,  183,  132,  496],
        [  392,    0,  663,  814,  345,  511,  108,  276,  666,  263,  524,  621,  747,  659,  891,  587,  473,    0,  231,  249,  250,  273,  460,  294,  654,  669,   99,  259,  417,   84,  697,  787,  216,  431,  666,  248,  709,  424,  587,  278,  221,  738,  451,  490,  748,  165,   87,  253,  325,  539,  353,  246,  467,  447,  490,  392,  440,  663,  637,  431,  323,  573,  617,  147,  447,  721,  690,  313,  723,  504,  479,  640,  474,   23,  501,  768,  503,  634,  119,  280,  777,  401,  339,  236,  335,  877,  614,  543,  325,  439,  186,  611,  345,  753,  311,  265,  699,  604,  108,  403,  750,  740,  557,  297,  527,  286,  683,  455,  552,  393,  773,   32,  715,  321,  349,  445,  375,  122,  335,  631,  213,  458,  438,  439,  354,  447,  772,  612,  351,  662,  419,  600,  766,  210,  551,  480,  234,  228,  748,  359,  573,  639,  424,  140,  389,  614,  757,    4,  502,  456,  683,  565,  384,  713],
        [  167,    0,  465,  587,  122,  373,  207,  449,  454,  379,  471,  392,  522,  496,  733,  408,  450,  231,    0,  385,  226,  393,  541,   79,  582,  584,  188,   62,  468,  195,  563,  617,   79,  439,  517,  257,  479,  226,  360,  429,  384,  517,  536,  260,  555,  273,  300,  196,  340,  331,  308,  246,  427,  346,  639,  490,  520,  448,  425,  515,  333,  351,  387,  284,  478,  504,  513,  297,  546,  303,  281,  508,  272,  227,  549,  591,  399,  546,  306,  372,  572,  397,  274,  457,  327,  666,  423,  352,  448,  218,  278,  537,  413,  532,  117,  422,  489,  434,  235,  298,  520,  527,  404,  431,  656,   85,  490,  368,  333,  423,  544,  199,  491,  135,  368,  522,  238,  257,  238,  530,   32,  396,  221,  449,  488,  555,  568,  437,  292,  491,  426,  373,  551,  322,  322,  437,  433,  417,  546,  456,  360,  471,  295,   97,  207,  461,  617,  234,  342,  234,  488,  462,  423,  516],
        [  545,    0,  674,  949,  503,  465,  355,   87,  704,  497,  381,  717,  811,  616,  821,  578,  312,  249,  385,    0,  215,  504,  219,  463,  510,  535,  343,  439,  200,  208,  615,  742,  416,  679,  604,  178,  800,  473,  727,   48,   49,  890,  683,  605,  740,  112,  298,  488,  181,  583,  597,  189,  324,  682,  256,  147,  200,  827,  805,  191,  187,  725,  738,  110,  242,  881,  665,  213,  694,  687,  665,  563,  518,  229,  275,  736,  419,  509,  342,  520,  955,  242,  276,  204,  211, 1045,  807,  558,  550,  522,  433,  473,  588,  904,  393,   47,  870,  812,  356,  351,  852,  771,  775,   50,  283,  466,  682,  694,  711,  640,  860,  263,  779,  513,  187,  207,  370,  368,  566,  519,  386,  340,  602,  254,  570,  670,  952,  593,  274,  631,  243,  737,  929,   66,  676,  727,  409,  101,  757,  118,  742,  849,  649,  336,  586,  566,  676,  246,  484,  613,  688,  467,  187,  716],
        [  359,    0,  467,  744,  326,  276,  318,  298,  492,  502,  279,  505,  597,  429,  653,  375,  239,  250,  226,  215,    0,  513,  320,  299,  407,  420,  296,  288,  243,  167,  453,  558,  288,  627,  428,   40,  587,  259,  527,  261,  239,  692,  684,  400,  539,  135,  336,  394,  115,  369,  512,   27,  225,  567,  445,  278,  300,  636,  617,  295,  107,  530,  532,  164,  253,  686,  470,   75,  501,  512,  494,  397,  304,  229,  323,  546,  256,  385,  368,  510,  769,  176,   90,  374,  105,  852,  635,  348,  568,  312,  408,  363,  569,  705,  190,  261,  682,  655,  335,  161,  640,  560,  628,  248,  449,  309,  478,  587,  521,  600,  647,  238,  565,  360,  142,  301,  160,  356,  455,  381,  243,  210,  420,  227,  600,  688,  766,  394,  102,  438,  204,  535,  735,  154,  472,  646,  481,  291,  552,  246,  555,  691,  520,  231,  430,  381,  514,  251,  282,  425,  483,  316,  198,  512],
        [  495,    0,  856,  872,  454,  749,  200,  503,  839,   14,  791,  746,  890,  885, 1121,  799,  744,  273,  393,  504,  513,    0,  723,  409,  919,  931,  223,  374,  687,  351,  940, 1008,  325,  220,  901,  517,  828,  619,  665,  522,  465,  780,  180,  615,  947,  437,  206,  243,  597,  721,  242,  514,  735,  356,  715,  651,  702,  697,  668,  694,  594,  637,  715,  415,  719,  755,  905,  581,  937,  532,  507,  884,  664,  296,  770,  983,  756,  895,  163,   46,  775,  673,  598,  394,  605,  882,  603,  744,   56,  604,  116,  875,  100,  796,  507,  507,  716,  561,  179,  652,  855,  911,  501,  549,  764,  388,  882,  344,  610,  171,  892,  277,  861,  388,  621,  709,  609,  158,  296,  887,  362,  722,  512,  712,   96,  176,  768,  828,  612,  882,  691,  680,  789,  478,  654,  310,  157,  449,  936,  620,  613,  589,  376,  311,  421,  846,  998,  274,  727,  537,  879,  820,  656,  908],
        [  678,    0,  683, 1043,  645,  456,  564,  250,  734,  715,  289,  793,  853,  584,  744,  583,  222,  460,  541,  219,  320,  723,    0,  616,  387,  422,  548,  601,   87,  403,  545,  694,  591,  890,  555,  285,  866,  544,  837,  212,  263, 1001,  902,  706,  726,  301,  517,  682,  211,  632,  797,  297,  254,  870,  193,   74,   22,  950,  932,   30,  220,  844,  832,  314,  115,  998,  642,  263,  665,  832,  813,  505,  578,  439,   80,  700,  384,  408,  560,  737, 1085,  197,  320,  395,  237, 1164,  955,  586,  769,  611,  646,  366,  804, 1013,  505,  228,  998,  973,  568,  370,  922,  789,  944,  180,  158,  625,  679,  885,  836,  853,  918,  470,  823,  675,  188,   20,  425,  581,  754,  431,  552,  295,  739,  158,  789,  889, 1082,  586,  306,  607,  170,  843, 1046,  252,  778,  929,  626,  298,  757,  103,  872, 1009,  829,  519,  747,  537,  600,  459,  497,  743,  690,  405,  131,  714],
        [  100,    0,  455,  520,   52,  403,  247,  526,  432,  395,  526,  344,  484,  510,  742,  414,  512,  294,   79,  463,  299,  409,  616,    0,  629,  626,  231,   39,  541,  270,  588,  622,   90,  413,  537,  332,  430,  233,  293,  507,  461,  445,  531,  211,  548,  351,  352,  180,  412,  319,  275,  320,  487,  289,  717,  567,  596,  373,  349,  591,  405,  279,  328,  361,  549,  430,  517,  367,  549,  224,  202,  535,  269,  294,  621,  592,  442,  589,  351,  380,  495,  465,  335,  526,  397,  590,  345,  353,  460,  199,  298,  585,  410,  460,  149,  500,  412,  357,  275,  347,  465,  504,  330,  510,  734,   23,  485,  314,  260,  406,  495,  263,  454,   66,  440,  597,  279,  294,  194,  569,   83,  452,  146,  518,  503,  557,  491,  446,  354,  500,  495,  307,  476,  400,  263,  395,  474,  493,  532,  533,  284,  394,  232,  155,  132,  480,  637,  298,  363,  163,  480,  502,  496,  507],
        [  635,    0,  417,  863,  628,  248,  723,  583,  489,  908,  133,  615,  610,  277,  365,  336,  198,  654,  582,  510,  407,  919,  387,  629,    0,   38,  701,  638,  333,  572,  190,  344,  659, 1017,  230,  407,  659,  430,  714,  535,  557,  857, 1089,  593,  416,  508,  737,  775,  343,  445,  890,  408,  192,  917,  578,  428,  389,  836,  829,  394,  341,  738,  680,  537,  287,  866,  335,  343,  345,  781,  773,  181,  429,  632,  312,  365,  188,   54,  773,  915,  969,  270,  324,  713,  324, 1019,  892,  380,  974,  502,  813,   46,  971,  863,  480,  546,  886,  938,  741,  284,  716,  516,  933,  502,  533,  648,  396,  943,  744,  996,  691,  644,  588,  693,  327,  379,  350,  762,  818,   88,  610,  198,  688,  260, 1006, 1095,  970,  318,  308,  307,  268,  713,  911,  489,  650, 1019,  879,  611,  462,  428,  785,  970,  859,  625,  746,  248,  230,  655,  304,  678,  410,  135,  327,  424],
        [  626,    0,  388,  838,  622,  235,  733,  611,  461,  919,  155,  593,  580,  245,  328,  312,  224,  669,  584,  535,  420,  931,  422,  626,   38,    0,  710,  637,  364,  586,  154,  307,  662, 1021,  197,  423,  633,  419,  695,  563,  582,  835, 1098,  578,  382,  527,  753,  778,  364,  425,  891,  423,  213,  914,  613,  459,  422,  817,  812,  427,  362,  721,  660,  557,  319,  846,  303,  359,  311,  769,  762,  150,  414,  647,  348,  329,  185,   38,  787,  925,  950,  294,  334,  738,  343,  997,  878,  359,  986,  490,  823,   63,  979,  841,  478,  573,  868,  926,  752,  287,  689,  485,  924,  530,  569,  646,  365,  940,  728, 1001,  662,  657,  559,  690,  350,  413,  348,  773,  817,   64,  613,  212,  677,  289, 1019, 1105,  950,  291,  319,  276,  295,  694,  890,  511,  632, 1019,  896,  636,  429,  458,  769,  958,  854,  632,  740,  221,  192,  669,  289,  666,  380,  125,  355,  392],
        [  330,    0,  649,  745,  283,  528,   23,  374,  641,  210,  575,  573,  708,  666,  902,  584,  533,   99,  188,  343,  296,  223,  548,  231,  701,  710,    0,  193,  496,  147,  719,  791,  143,  343,  680,  306,  660,  408,  521,  375,  318,  664,  389,  440,  738,  248,  124,  155,  390,  517,  256,  301,  520,  349,  588,  481,  527,  586,  559,  519,  387,  502,  559,  236,  522,  645,  690,  368,  722,  422,  396,  662,  455,  115,  581,  768,  534,  674,  121,  215,  693,  464,  378,  326,  394,  795,  526,  533,  278,  406,  113,  656,  273,  680,  293,  362,  618,  511,   49,  430,  696,  714,  462,  392,  623,  217,  673,  357,  479,  310,  725,   80,  677,  242,  417,  532,  388,   71,  238,  666,  160,  504,  367,  508,  315,  396,  688,  612,  393,  665,  486,  535,  687,  297,  493,  385,  246,  327,  732,  448,  496,  546,  328,   95,  305,  626,  776,  102,  508,  388,  671,  598,  460,  700],
        [  137,    0,  486,  556,   90,  419,  209,  498,  466,  360,  529,  382,  521,  533,  768,  440,  511,  259,   62,  439,  288,  374,  601,   39,  638,  637,  193,    0,  529,  240,  607,  649,   52,  392,  558,  319,  468,  257,  330,  482,  434,  480,  502,  249,  579,  327,  315,  152,  402,  350,  256,  307,  487,  285,  694,  549,  581,  406,  381,  575,  394,  315,  366,  334,  539,  464,  544,  359,  576,  252,  228,  553,  297,  260,  610,  620,  452,  599,  313,  347,  525,  459,  334,  492,  389,  622,  370,  380,  426,  231,  262,  593,  380,  495,  161,  474,  444,  375,  237,  354,  503,  538,  343,  486,  713,   28,  514,  308,  294,  381,  533,  227,  491,   75,  429,  582,  289,  256,  181,  582,   53,  455,  180,  511,  468,  526,  520,  471,  353,  525,  488,  344,  509,  377,  301,  382,  436,  463,  564,  515,  316,  412,  233,  120,  149,  502,  658,  262,  383,  198,  510,  514,  485,  538],
        [  598,    0,  599,  957,  567,  372,  514,  259,  648,  678,  219,  706,  767,  505,  677,  498,  148,  417,  468,  200,  243,  687,   87,  541,  333,  364,  496,  529,    0,  349,  474,  618,  524,  839,  479,  211,  779,  457,  752,  212,  249,  916,  866,  621,  645,  252,  483,  621,  130,  545,  738,  222,  175,  804,  267,   97,   74,  867,  850,   75,  139,  761,  747,  272,   46,  914,  562,  180,  586,  753,  735,  430,  491,  394,   86,  622,  302,  345,  526,  696, 1002,  111,  234,  398,  152, 1080,  876,  500,  736,  525,  601,  304,  762,  928,  423,  226,  915,  897,  523,  284,  835,  704,  871,  178,  242,  552,  596,  821,  754,  805,  831,  421,  737,  602,  104,   69,  338,  538,  689,  364,  482,  212,  659,   80,  760,  858, 1000,  502,  220,  527,   86,  758,  962,  210,  693,  872,  606,  295,  674,   98,  790,  933,  760,  457,  673,  456,  531,  416,  411,  661,  606,  329,   46,  631],
        [  362,    0,  592,  781,  316,  430,  166,  259,  601,  341,  442,  572,  689,  580,  810,  512,  393,   84,  195,  208,  167,  351,  403,  270,  572,  586,  147,  240,  349,    0,  615,  708,  211,  490,  585,  167,  659,  357,  554,  247,  195,  712,  527,  446,  674,  103,  170,  283,  247,  474,  395,  164,  385,  475,  462,  339,  382,  642,  618,  374,  244,  545,  577,   99,  376,  699,  614,  231,  646,  492,  468,  558,  407,   64,  435,  691,  420,  551,  202,  354,  764,  322,  255,  266,  254,  860,  609,  471,  405,  382,  254,  528,  416,  727,  249,  237,  682,  609,  177,  320,  704,  674,  569,  257,  489,  268,  610,  488,  528,  457,  723,   75,  657,  312,  272,  386,  297,  195,  359,  547,  188,  375,  415,  364,  436,  527,  760,  536,  268,  585,  343,  566,  745,  154,  512,  527,  316,  223,  678,  304,  554,  645,  442,  129,  385,  534,  675,   85,  425,  429,  612,  482,  313,  641],
        [  564,    0,  252,  709,  571,  192,  741,  698,  328,  928,  256,  477,  441,  109,  207,  201,  327,  697,  563,  615,  453,  940,  545,  588,  190,  154,  719,  607,  474,  615,    0,  156,  641,  998,   61,  470,  503,  358,  594,  650,  657,  718, 1096,  490,  232,  579,  784,  756,  435,  325,  861,  466,  301,  865,  736,  569,  541,  712,  711,  544,  430,  624,  549,  610,  433,  733,  157,  412,  160,  690,  688,   58,  336,  678,  477,  175,  200,  146,  813,  927,  839,  381,  364,  810,  406,  875,  789,  262,  996,  417,  827,  188,  974,  723,  447,  658,  761,  844,  765,  295,  557,  341,  852,  621,  699,  609,  224,  894,  636,  985,  525,  679,  424,  646,  430,  532,  332,  787,  781,  116,  594,  276,  606,  395, 1033, 1111,  840,  173,  357,  138,  393,  590,  774,  577,  534,  981,  931,  713,  280,  560,  677,  873,  802,  631,  684,  112,   62,  699,  225,  590,  240,  149,  453,  247],
        [  574,    0,  189,  620,  593,  283,  813,  827,  256,  994,  405,  420,  341,  130,  125,  210,  473,  787,  617,  742,  558, 1008,  694,  622,  344,  307,  791,  649,  618,  708,  156,    0,  691, 1033,  141,  582,  421,  392,  551,  780,  780,  648, 1150,  476,  117,  691,  873,  800,  563,  313,  893,  575,  444,  877,  884,  712,  688,  658,  664,  691,  556,  587,  496,  721,  580,  668,  105,  532,   75,  674,  678,  189,  353,  770,  629,   42,  325,  301,  896,  988,  773,  519,  474,  928,  531,  792,  755,  269, 1063,  429,  892,  343, 1027,  649,  501,  787,  704,  819,  839,  399,  467,  235,  837,  754,  849,  645,  154,  907,  605, 1028,  425,  764,  334,  672,  563,  680,  412,  861,  808,  270,  648,  412,  603,  540, 1102, 1171,  776,  180,  471,  126,  535,  543,  704,  696,  500, 1001, 1020,  836,  167,  700,  643,  843,  812,  698,  695,  178,  122,  789,  285,  583,  166,  290,  593,  153],
        [  187,    0,  533,  603,  141,  451,  158,  469,  515,  311,  545,  433,  572,  573,  808,  481,  520,  216,   79,  416,  288,  325,  591,   90,  659,  662,  143,   52,  524,  211,  641,  691,    0,  361,  595,  314,  519,  299,  378,  457,  405,  524,  460,  300,  625,  305,  266,  117,  400,  397,  231,  304,  499,  281,  671,  535,  571,  448,  422,  564,  393,  361,  416,  308,  539,  506,  587,  362,  619,  288,  263,  586,  341,  220,  607,  663,  477,  624,  262,  300,  562,  463,  346,  452,  392,  661,  401,  424,  378,  279,  212,  614,  337,  539,  194,  447,  483,  399,  186,  376,  554,  588,  360,  464,  695,   74,  560,  300,  339,  345,  584,  186,  542,  105,  428,  573,  316,  205,  168,  609,   50,  471,  225,  514,  420,  481,  557,  512,  364,  566,  491,  392,  550,  356,  351,  363,  385,  430,  612,  500,  358,  435,  238,   83,  176,  538,  694,  220,  419,  246,  556,  540,  481,  584],
        [  466,    0,  860,  760,  441,  810,  327,  695,  824,  217,  899,  697,  844,  923, 1155,  826,  866,  431,  439,  679,  627,  220,  890,  413, 1017, 1021,  343,  392,  839,  490,  998, 1033,  361,    0,  949,  643,  768,  646,  587,  706,  647,  662,  170,  582,  953,  590,  394,  244,  730,  725,  141,  636,  849,  206,  911,  822,  869,  581,  553,  861,  725,  552,  647,  577,  864,  633,  929,  701,  959,  435,  415,  944,  681,  452,  924, 1002,  837,  983,  352,  181,  627,  801,  698,  603,  729,  732,  465,  765,  218,  606,  247,  972,  122,  678,  552,  691,  586,  406,  323,  735,  780,  891,  344,  727,  953,  391,  891,  180,  523,   50,  826,  421,  820,  363,  757,  874,  676,  313,  227,  969,  409,  825,  456,  847,  247,  220,  620,  858,  716,  913,  825,  602,  658,  639,  598,  102,  376,  642,  930,  789,  512,  425,  257,  397,  355,  892, 1049,  433,  774,  482,  885,  900,  802,  910],
        [  509,    0,  195,  651,  518,  155,  703,  688,  271,  888,  268,  417,  386,   51,  226,  142,  334,  666,  517,  604,  428,  901,  555,  537,  230,  197,  680,  558,  479,  585,   61,  141,  595,  949,    0,  448,  446,  306,  534,  641,  644,  659, 1052,  432,  188,  558,  752,  709,  424,  265,  811,  443,  304,  811,  744,  572,  549,  652,  651,  552,  418,  564,  489,  589,  442,  673,  106,  395,  118,  632,  631,   53,  280,  647,  493,  146,  186,  179,  778,  885,  779,  379,  341,  793,  393,  816,  729,  203,  956,  361,  786,  217,  930,  663,  401,  648,  701,  786,  727,  268,  500,  289,  794,  614,  712,  559,  169,  840,  577,  938,  470,  645,  368,  594,  423,  541,  294,  749,  729,  145,  549,  272,  549,  400,  994, 1069,  780,  113,  336,   81,  395,  530,  715,  561,  474,  928,  899,  699,  233,  560,  617,  814,  748,  590,  629,   57,  101,  667,  176,  533,  185,  151,  453,  196],
        [  397,    0,  499,  783,  362,  300,  327,  263,  527,  507,  276,  544,  634,  453,  672,  406,  228,  248,  257,  178,   40,  517,  285,  332,  407,  423,  306,  319,  211,  167,  470,  582,  314,  643,  448,    0,  626,  297,  566,  224,  206,  731,  692,  439,  569,  110,  331,  416,   88,  406,  533,   13,  219,  594,  406,  240,  265,  674,  655,  259,   82,  569,  571,  141,  226,  725,  497,   65,  528,  549,  529,  414,  342,  226,  294,  571,  270,  390,  367,  518,  807,  159,  108,  347,   89,  891,  672,  382,  571,  351,  417,  364,  579,  744,  229,  224,  720,  689,  341,  183,  678,  595,  661,  210,  411,  341,  509,  613,  559,  614,  685,  240,  602,  392,  116,  266,  194,  361,  480,  390,  271,  212,  457,  205,  601,  693,  804,  422,  114,  465,  182,  574,  773,  120,  511,  667,  473,  260,  583,  208,  593,  725,  549,  251,  463,  405,  531,  248,  312,  463,  514,  328,  168,  543],
        [  335,    0,  252,  206,  380,  435,  676,  881,  176,  815,  635,   88,   92,  395,  533,  324,  671,  709,  479,  800,  587,  828,  866,  430,  659,  633,  660,  468,  779,  659,  503,  421,  519,  768,  446,  626,    0,  330,  185,  847,  818,  229,  920,  221,  305,  703,  777,  586,  666,  236,  635,  614,  635,  573, 1024,  847,  851,  255,  269,  850,  656,  223,  122,  725,  761,  252,  350,  615,  361,  338,  355,  484,  290,  702,  832,  380,  514,  605,  780,  794,  355,  671,  551,  924,  635,  374,  373,  291,  876,  280,  724,  631,  808,  229,  414,  845,  295,  446,  704,  496,   58,  189,  483,  835, 1016,  447,  283,  603,  250,  781,   66,  678,   88,  441,  683,  847,  445,  723,  553,  571,  502,  589,  319,  717,  919,  956,  359,  342,  562,  366,  700,  170,  284,  737,  175,  703,  903,  864,  256,  821,  274,  460,  513,  575,  419,  413,  514,  712,  382,  293,  267,  536,  737,  270],
        [  209,    0,  242,  500,  213,  185,  429,  555,  245,  605,  355,  251,  340,  277,  511,  183,  370,  424,  226,  473,  259,  619,  544,  233,  430,  419,  408,  257,  457,  357,  358,  392,  299,  646,  306,  297,  330,    0,  304,  519,  494,  464,  758,  173,  331,  381,  505,  409,  338,  118,  507,  285,  336,  507,  695,  520,  528,  424,  412,  525,  329,  320,  291,  406,  445,  465,  288,  287,  320,  352,  344,  308,   51,  411,  519,  365,  245,  382,  521,  597,  561,  353,  224,  613,  309,  629,  465,  126,  673,   76,  504,  389,  636,  474,  115,  519,  474,  509,  456,  184,  384,  317,  506,  506,  690,  255,  265,  536,  321,  638,  388,  396,  308,  289,  358,  525,  119,  478,  424,  357,  258,  292,  259,  404,  714,  779,  560,  214,  238,  268,  384,  307,  513,  411,  241,  623,  648,  543,  326,  492,  361,  541,  445,  314,  327,  249,  406,  426,  136,  249,  264,  296,  414,  293],
        [  195,    0,  364,  228,  242,  468,  534,  800,  298,  652,  656,  135,  270,  488,  673,  394,  673,  587,  360,  727,  527,  665,  837,  293,  714,  695,  521,  330,  752,  554,  594,  551,  378,  587,  534,  566,  185,  304,    0,  774,  735,  165,  743,  132,  442,  620,  644,  423,  626,  272,  457,  554,  639,  389,  971,  803,  819,  123,  118,  816,  617,   39,   64,  636,  745,  162,  460,  575,  481,  155,  173,  559,  288,  586,  819,  512,  540,  662,  639,  627,  259,  653,  519,  816,  601,  328,  204,  338,  709,  230,  568,  678,  635,  178,  338,  769,  173,  272,  561,  487,  195,  344,  302,  769,  975,  305,  399,  420,   66,  603,  240,  555,  253,  284,  649,  817,  420,  578,  378,  632,  375,  595,  156,  705,  752,  782,  258,  422,  535,  463,  684,   16,  211,  662,   64,  520,  757,  773,  402,  773,   95,  293,  331,  448,  246,  487,  621,  590,  411,  133,  386,  580,  707,  401],
