{
    "name": "random-30-15311",
    "comment": "size=30 seed=15311",
    "nodes": ["+0", "-0", "+1", "-1", "+2", "-2", "+3", "-3", "+4", "-4", "+5", "-5", "+6", "-6", "+7", "-7", "+8", "-8", "+9", "-9", "+10", "-10", "+11", "-11", "+12", "-12", "+13", "-13", "+14", "-14", "+15", "-15", "+16", "-16", "+17", "-17", "+18", "-18", "+19", "-19", "+20", "-20", "+21", "-21", "+22", "-22", "+23", "-23", "+24", "-24", "+25", "-25", "+26", "-26", "+27", "-27", "+28", "-28", "+29", "-29", "+30", "-30"],
    "precedence": {
        "+0": "-0",
        "+1": "-1",
        "+2": "-2",
        "+3": "-3",
        "+4": "-4",
        "+5": "-5",
        "+6": "-6",
        "+7": "-7",
        "+8": "-8",
        "+9": "-9",
        "+10": "-10",
        "+11": "-11",
        "+12": "-12",
        "+13": "-13",
        "+14": "-14",
        "+15": "-15",
        "+16": "-16",
        "+17": "-17",
        "+18": "-18",
        "+19": "-19",
        "+20": "-20",
        "+21": "-21",
        "+22": "-22",
        "+23": "-23",
        "+24": "-24",
        "+25": "-25",
        "+26": "-26",
        "+27": "-27",
        "+28": "-28",
        "+29": "-29",
        "+30": "-30"
    },
    "edges": [
        [    0,    0,  883,  643,  768,  757,  778,  355,  206,  757,  492,  556, 1054,  686, 1126,  372,  486, 1005,  535, 1051,  242,  984,  989,  864,  953,  450,  931,  747, 1074,  389,  671,  505,  449,  178,  961,  209,  841,  337,  717,  632,  679, 1016, 1127,  308,  869,  850,  913,  459,  861,  903,  918,  971, 1080,  330,  365,  282, 1138,  627,  869,  801,  442,  648],
        [    0,    0,  883,  643,  768,  757,  778,  355,  206,  757,  492,  556, 1054,  686, 1126,  372,  486, 1005,  535, 1051,  242,  984,  989,  864,  953,  450,  931,  747, 1074,  389,  671,  505,  449,  178,  961,  209,  841,  337,  717,  632,  679, 1016, 1127,  308,  869,  850,  913,  459,  861,  903,  918,  971, 1080,  330,  365,  282, 1138,  627,  869,  801,  442,  648],
        [  883,  883,    0,  772,  692,  591,  233,  589,  837,  499,  496,  557,  378,  224,  653,  531,  537,  460,  417,  547,  690,  223,  890,  284,  691,  439,  730,  775,  645,  787,  331,  388,  835,  718,  390,  775,  261,  547,  848,  262,  211,  736,  436,  787,  221,   37,  884,  777,  103,   22,   63,  905,  439,  764,  609,  691,  667,  295,   64,  150,  613,  283],
        [  643,  643,  772,    0,  169,  235,  849,  388,  445,  312,  341,  233,  678,  726,  589,  638,  299,  562,  407,  560,  441,  979,  347,  551,  366,  510,  324,  107,  530,  258,  821,  632,  220,  629,  563,  436,  922,  539,   93,  675,  608,  418,  731,  337,  915,  761,  270,  188,  828,  782,  760,  328,  667,  313,  351,  387,  597,  507,  718,  624,  265,  508],
        [  768,  768,  692,  169,    0,  103,  812,  459,  582,  195,  364,  249,  533,  696,  421,  685,  335,  408,  403,  396,  542,  911,  249,  437,  200,  533,  166,   96,  362,  402,  808,  643,  380,  721,  420,  560,  880,  595,  189,  653,  564,  256,  579,  473,  865,  688,  206,  336,  764,  698,  668,  246,  514,  445,  430,  492,  428,  470,  632,  544,  339,  464],
        [  757,  757,  591,  235,  103,    0,  717,  423,  586,   93,  307,  206,  444,  604,  382,  626,  289,  328,  330,  333,  520,  810,  325,  336,  201,  467,  196,  193,  326,  421,  721,  567,  416,  687,  330,  554,  785,  544,  280,  565,  470,  265,  496,  481,  767,  588,  299,  363,  664,  596,  566,  330,  432,  452,  400,  476,  392,  380,  531,  442,  315,  372],
        [  778,  778,  233,  849,  812,  717,    0,  562,  787,  633,  520,  617,  604,  124,  860,  407,  566,  668,  445,  753,  636,  209, 1038,  474,  858,  391,  886,  879,  844,  790,  122,  285,  852,  601,  596,  723,   75,  464,  935,  181,  248,  911,  665,  766,   92,  202, 1015,  801,  139,  250,  296, 1046,  663,  749,  594,  654,  875,  345,  279,  315,  631,  348],
        [  355,  355,  589,  388,  459,  423,  562,    0,  251,  408,  137,  217,  703,  443,  776,  255,  136,  650,  189,  698,  117,  743,  702,  515,  623,  172,  611,  470,  727,  233,  494,  290,  303,  265,  607,  191,  636,  154,  478,  383,  379,  687,  775,  205,  647,  561,  640,  262,  598,  606,  609,  693,  726,  188,   39,  103,  789,  301,  559,  478,  125,  318],
        [  206,  206,  837,  445,  582,  586,  787,  251,    0,  604,  372,  400,  937,  676,  965,  408,  349,  867,  437,  901,  152,  979,  791,  755,  775,  406,  747,  550,  911,  188,  700,  503,  244,  271,  833,   65,  858,  326,  514,  616,  627,  836, 1007,  110,  876,  809,  713,  258,  840,  855,  859,  771,  954,  137,  239,  149,  976,  552,  809,  728,  286,  568],
        [  757,  757,  499,  312,  195,   93,  633,  408,  604,    0,  277,  205,  371,  523,  370,  581,  273,  271,  278,  298,  516,  718,  405,  245,  243,  417,  259,  284,  320,  456,  645,  506,  465,  667,  256,  563,  698,  508,  368,  489,  387,  306,  430,  505,  679,  496,  388,  408,  574,  503,  473,  415,  369,  475,  392,  478,  382,  304,  438,  351,  320,  293],
        [  492,  492,  496,  341,  364,  307,  520,  137,  372,  277,    0,  117,  569,  397,  644,  322,   46,  513,   81,  562,  253,  677,  612,  384,  505,  173,  502,  398,  596,  291,  481,  292,  342,  390,  470,  318,  595,  237,  433,  341,  298,  570,  640,  299,  595,  475,  561,  286,  526,  511,  506,  608,  590,  273,  135,  227,  657,  202,  457,  368,  117,  214],
        [  556,  556,  557,  233,  249,  206,  617,  217,  400,  205,  117,    0,  551,  494,  571,  437,   87,  469,  175,  503,  317,  755,  497,  383,  406,  290,  396,  282,  519,  264,  590,  406,  292,  482,  441,  358,  690,  346,  322,  443,  379,  471,  617,  303,  685,  542,  445,  232,  603,  569,  555,  492,  560,  274,  194,  275,  583,  278,  508,  415,  116,  282],
        [ 1054, 1054,  378,  678,  533,  444,  604,  703,  937,  371,  569,  551,    0,  552,  299,  776,  588,  138,  520,  207,  820,  571,  641,  192,  428,  627,  483,  628,  312,  814,  680,  649,  832,  924,  116,  886,  639,  744,  721,  557,  447,  447,   75,  850,  597,  404,  669,  773,  481,  366,  318,  666,   63,  821,  703,  796,  311,  445,  326,  314,  656,  424],
        [  686,  686,  224,  726,  696,  604,  124,  443,  676,  523,  397,  494,  552,    0,  782,  320,  442,  594,  322,  676,  524,  305,  927,  396,  756,  274,  780,  760,  760,  669,  133,  183,  730,  514,  523,  612,  198,  359,  814,   61,  137,  812,  620,  648,  204,  187,  901,  678,  176,  245,  279,  934,  606,  630,  474,  539,  797,  226,  243,  241,  508,  232],
        [ 1126, 1126,  653,  589,  421,  382,  860,  776,  965,  370,  644,  571,  299,  782,    0,  928,  642,  194,  630,  107,  885,  861,  410,  388,  233,  764,  289,  502,   60,  802,  914,  828,  793, 1033,  265,  929,  907,  867,  593,  770,  655,  210,  286,  861,  871,  671,  467,  742,  753,  645,  598,  443,  240,  832,  761,  846,   16,  610,  592,  547,  686,  591],
        [  372,  372,  531,  638,  685,  626,  407,  255,  408,  581,  322,  437,  776,  320,  928,    0,  352,  766,  304,  833,  268,  613,  933,  587,  820,  165,  821,  712,  889,  474,  303,  143,  547,  196,  706,  348,  471,  102,  730,  271,  344,  884,  850,  422,  498,  495,  879,  514,  495,  552,  574,  928,  816,  416,  293,  307,  942,  333,  529,  480,  374,  354],
        [  486,  486,  537,  299,  335,  289,  566,  136,  349,  273,   46,   87,  588,  442,  642,  352,    0,  523,  124,  566,  245,  721,  583,  408,  489,  211,  481,  362,  592,  252,  525,  333,  299,  399,  486,  300,  640,  260,  391,  387,  342,  554,  658,  267,  640,  517,  528,  242,  570,  552,  545,  577,  606,  240,  121,  211,  654,  245,  496,  406,   77,  255],
        [ 1005, 1005,  460,  562,  408,  328,  668,  650,  867,  271,  513,  469,  138,  594,  194,  766,  523,    0,  481,   87,  765,  671,  503,  199,  291,  607,  346,  502,  188,  726,  726,  655,  735,  892,   73,  821,  714,  717,  596,  585,  470,  311,  172,  772,  678,  478,  532,  678,  560,  453,  407,  529,  107,  742,  643,  733,  208,  438,  400,  356,  582,  417],
        [  535,  535,  417,  407,  403,  330,  445,  189,  437,  278,   81,  175,  520,  322,  630,  304,  124,  481,    0,  540,  305,  597,  649,  329,  519,  140,  524,  452,  588,  370,  415,  240,  422,  411,  430,  379,  519,  238,  496,  269,  218,  583,  593,  373,  518,  395,  607,  366,  446,  433,  429,  649,  548,  348,  200,  289,  644,  123,  379,  293,  197,  136],
        [ 1051, 1051,  547,  560,  396,  333,  753,  698,  901,  298,  562,  503,  207,  676,  107,  833,  566,   87,  540,    0,  810,  757,  448,  282,  242,  671,  301,  486,  106,  749,  808,  728,  749,  948,  159,  860,  800,  778,  580,  665,  550,  248,  214,  802,  765,  565,  488,  694,  647,  540,  493,  477,  156,  772,  686,  774,  122,  510,  486,  441,  617,  490],
        [  242,  242,  690,  441,  542,  520,  636,  117,  152,  516,  253,  317,  820,  524,  885,  268,  245,  765,  305,  810,    0,  828,  776,  632,  719,  255,  702,  536,  834,  221,  552,  352,  295,  190,  723,   88,  707,  178,  525,  465,  480,  783,  892,  157,  724,  661,  707,  276,  689,  709,  715,  762,  843,  157,  124,   54,  897,  411,  665,  588,  206,  429],
        [  984,  984,  223,  979,  911,  810,  209,  743,  979,  718,  677,  755,  571,  305,  861,  613,  721,  671,  597,  757,  828,    0, 1112,  505,  913,  576,  952,  990,  859,  961,  327,  484, 1018,  808,  603,  915,  164,  662, 1059,  364,  380,  957,  615,  948,  120,  223, 1105,  962,  153,  223,  266, 1127,  633,  928,  770,  841,  875,  479,  286,  368,  792,  474],
        [  989,  989,  890,  347,  249,  325, 1038,  702,  791,  405,  612,  497,  641,  927,  410,  933,  583,  503,  649,  448,  776, 1112,    0,  612,  214,  781,  163,  243,  361,  604, 1046,  888,  560,  960,  547,  780, 1103,  842,  289,  890,  792,  204,  661,  683, 1082,  893,   87,  534,  973,  891,  855,   36,  600,  659,  671,  724,  409,  705,  827,  747,  580,  696],
        [  864,  864,  284,  551,  437,  336,  474,  515,  755,  245,  384,  383,  192,  396,  388,  587,  408,  199,  329,  282,  632,  505,  612,    0,  408,  436,  450,  528,  371,  646,  528,  466,  674,  732,  128,  701,  525,  552,  612,  388,  273,  452,  266,  674,  494,  294,  614,  613,  378,  283,  244,  629,  230,  645,  518,  610,  403,  255,  221,  160,  479,  234],
        [  953,  953,  691,  366,  200,  201,  858,  623,  775,  243,  505,  406,  428,  756,  233,  820,  489,  291,  519,  242,  719,  913,  214,  408,    0,  658,   60,  272,  175,  599,  882,  749,  579,  887,  334,  747,  918,  741,  361,  726,  619,   65,  452,  667,  892,  698,  247,  534,  780,  690,  651,  239,  390,  639,  599,  673,  238,  544,  628,  554,  513,  531],
        [  450,  450,  439,  510,  533,  467,  391,  172,  406,  417,  173,  290,  627,  274,  764,  165,  211,  607,  140,  671,  255,  576,  781,  436,  658,    0,  662,  571,  724,  402,  327,  125,  468,  300,  549,  342,  465,  119,  602,  214,  230,  722,  701,  376,  476,  408,  733,  421,  435,  458,  469,  778,  663,  359,  205,  266,  779,  184,  420,  352,  257,  205],
        [  931,  931,  730,  324,  166,  196,  886,  611,  747,  259,  502,  396,  483,  780,  289,  821,  481,  346,  524,  301,  702,  952,  163,  450,   60,  662,    0,  224,  232,  567,  903,  759,  541,  876,  386,  724,  949,  738,  310,  747,  644,   95,  510,  638,  926,  734,  188,  500,  815,  730,  693,  185,  447,  611,  585,  654,  293,  563,  667,  589,  497,  551],
        [  747,  747,  775,  107,   96,  193,  879,  470,  550,  284,  398,  282,  628,  760,  502,  712,  362,  502,  452,  486,  536,  990,  243,  528,  272,  571,  224,    0,  443,  364,  865,  687,  326,  722,  515,  538,  950,  616,   95,  713,  632,  318,  673,  442,  937,  768,  172,  294,  841,  781,  754,  227,  608,  417,  436,  483,  508,  535,  716,  625,  345,  532],
        [ 1074, 1074,  645,  530,  362,  326,  844,  727,  911,  320,  596,  519,  312,  760,   60,  889,  592,  188,  588,  106,  834,  859,  361,  371,  175,  724,  232,  443,    0,  745,  891,  794,  735,  986,  256,  875,  895,  824,  535,  743,  629,  158,  313,  806,  861,  661,  413,  685,  744,  639,  594,  392,  258,  777,  711,  794,   67,  577,  583,  530,  633,  559],
        [  389,  389,  787,  258,  402,  421,  790,  233,  188,  456,  291,  264,  814,  669,  802,  474,  252,  726,  370,  749,  221,  961,  604,  646,  599,  402,  567,  364,  745,    0,  727,  522,   75,  405,  703,  188,  864,  374,  328,  610,  586,  658,  879,   82,  872,  765,  526,   71,  812,  802,  796,  584,  821,   66,  198,  171,  812,  493,  747,  657,  176,  504],
        [  671,  671,  331,  821,  808,  721,  122,  494,  700,  645,  481,  590,  680,  133,  914,  303,  525,  726,  415,  808,  552,  327, 1046,  528,  882,  327,  903,  865,  891,  727,    0,  205,  794,  494,  655,  637,  172,  375,  911,  157,  265,  939,  747,  693,  208,  295, 1013,  748,  251,  350,  391, 1050,  736,  680,  530,  578,  929,  341,  363,  372,  581,  352],
        [  505,  505,  388,  632,  643,  567,  285,  290,  503,  506,  292,  406,  649,  183,  828,  143,  333,  655,  240,  728,  352,  484,  888,  466,  749,  125,  759,  687,  794,  522,  205,    0,  590,  333,  590,  439,  356,  180,  723,  129,  207,  811,  722,  489,  375,  353,  846,  545,  357,  409,  432,  888,  694,  475,  325,  375,  843,  219,  387,  345,  382,  238],
        [  449,  449,  835,  220,  380,  416,  852,  303,  244,  465,  342,  292,  832,  730,  793,  547,  299,  735,  422,  749,  295, 1018,  560,  674,  579,  468,  541,  326,  735,   75,  794,  590,    0,  477,  719,  255,  927,  447,  275,  672,  639,  634,  894,  148,  932,  815,  478,   61,  867,  849,  840,  537,  834,  139,  266,  245,  802,  543,  792,  700,  226,  553],
        [  178,  178,  718,  629,  721,  687,  601,  265,  271,  667,  390,  482,  924,  514, 1033,  196,  399,  892,  411,  948,  190,  808,  960,  732,  887,  300,  876,  722,  986,  405,  494,  333,  477,    0,  840,  228,  664,  182,  714,  462,  520,  952,  998,  331,  693,  684,  893,  464,  689,  738,  757,  948,  956,  339,  292,  243, 1046,  483,  709,  650,  382,  504],
        [  961,  961,  390,  563,  420,  330,  596,  607,  833,  256,  470,  441,  116,  523,  265,  706,  486,   73,  430,  159,  723,  603,  547,  128,  334,  549,  386,  515,  256,  703,  655,  590,  719,  840,    0,  785,  642,  663,  607,  516,  401,  365,  176,  743,  607,  407,  567,  660,  489,  383,  338,  570,  121,  714,  603,  695,  280,  375,  328,  284,  549,  354],
        [  209,  209,  775,  436,  560,  554,  723,  191,   65,  563,  318,  358,  886,  612,  929,  348,  300,  821,  379,  860,   88,  915,  780,  701,  747,  342,  724,  538,  875,  188,  637,  439,  255,  228,  785,    0,  794,  263,  513,  552,  565,  810,  957,  108,  812,  746,  706,  255,  776,  793,  798,  763,  905,  125,  184,   91,  940,  491,  748,  668,  243,  508],
        [  841,  841,  261,  922,  880,  785,   75,  636,  858,  698,  595,  690,  639,  198,  907,  471,  640,  714,  519,  800,  707,  164, 1103,  525,  918,  465,  949,  950,  895,  864,  172,  356,  927,  664,  642,  794,    0,  534, 1008,  256,  318,  970,  696,  840,   51,  237, 1083,  876,  159,  275,  323, 1113,  699,  823,  668,  727,  922,  416,  317,  368,  705,  418],
        [  337,  337,  547,  539,  595,  544,  464,  154,  326,  508,  237,  346,  744,  359,  867,  102,  260,  717,  238,  778,  178,  662,  842,  552,  741,  119,  738,  616,  824,  374,  375,  180,  447,  182,  663,  263,  534,    0,  630,  302,  343,  806,  818,  326,  554,  514,  785,  412,  531,  567,  582,  835,  778,  318,  192,  210,  881,  302,  533,  470,  275,  323],
        [  717,  717,  848,   93,  189,  280,  935,  478,  514,  368,  433,  322,  721,  814,  593,  730,  391,  596,  496,  580,  525, 1059,  289,  612,  361,  602,  310,   95,  535,  328,  911,  723,  275,  714,  607,  513, 1008,  630,    0,  763,  692,  402,  767,  409,  999,  839,  205,  259,  908,  856,  832,  264,  702,  389,  441,  471,  598,  592,  791,  699,  356,  592],
        [  632,  632,  262,  675,  653,  565,  181,  383,  616,  489,  341,  443,  557,   61,  770,  271,  387,  585,  269,  665,  465,  364,  890,  388,  726,  214,  747,  713,  743,  610,  157,  129,  672,  462,  516,  552,  256,  302,  763,    0,  116,  785,  628,  588,  264,  226,  859,  620,  230,  283,  310,  895,  608,  571,  414,  479,  785,  185,  268,  244,  450,  196],
        [  679,  679,  211,  608,  564,  470,  248,  379,  627,  387,  298,  379,  447,  137,  655,  344,  342,  470,  218,  550,  480,  380,  792,  273,  619,  230,  644,  632,  629,  586,  265,  207,  639,  520,  401,  565,  318,  343,  692,  116,    0,  676,  520,  580,  308,  183,  768,  583,  228,  229,  240,  800,  496,  558,  402,  481,  670,  101,  191,  138,  414,  101],
        [ 1016, 1016,  736,  418,  256,  265,  911,  687,  836,  306,  570,  471,  447,  812,  210,  884,  554,  311,  583,  248,  783,  957,  204,  452,   65,  722,   95,  318,  158,  658,  939,  811,  634,  952,  365,  810,  970,  806,  402,  785,  676,    0,  461,  727,  942,  745,  258,  592,  828,  734,  693,  235,  402,  699,  664,  736,  210,  604,  673,  603,  577,  590],
        [ 1127, 1127,  436,  731,  579,  496,  665,  775, 1007,  430,  640,  617,   75,  620,  286,  850,  658,  172,  593,  214,  892,  615,  661,  266,  452,  701,  510,  673,  313,  879,  747,  722,  894,  998,  176,  957,  696,  818,  767,  628,  520,  461,    0,  918,  652,  464,  698,  836,  538,  422,  374,  689,   66,  889,  774,  867,  296,  520,  388,  385,  724,  498],
        [  308,  308,  787,  337,  473,  481,  766,  205,  110,  505,  299,  303,  850,  648,  861,  422,  267,  772,  373,  802,  157,  948,  683,  674,  667,  376,  638,  442,  806,   82,  693,  489,  148,  331,  743,  108,  840,  326,  409,  588,  580,  727,  918,    0,  851,  762,  605,  151,  802,  803,  802,  664,  862,   30,  179,  117,  872,  494,  752,  666,  196,  508],
        [  869,  869,  221,  915,  865,  767,   92,  647,  876,  679,  595,  685,  597,  204,  871,  498,  640,  678,  518,  765,  724,  120, 1082,  494,  892,  476,  926,  937,  861,  872,  208,  375,  932,  693,  607,  812,   51,  554,  999,  264,  308,  942,  652,  851,    0,  201, 1065,  879,  119,  232,  280, 1093,  659,  834,  677,  741,  886,  408,  279,  339,  708,  408],
        [  850,  850,   37,  761,  688,  588,  202,  561,  809,  496,  475,  542,  404,  187,  671,  495,  517,  478,  395,  565,  661,  223,  893,  294,  698,  408,  734,  768,  661,  765,  295,  353,  815,  684,  407,  746,  237,  514,  839,  226,  183,  745,  464,  762,  201,    0,  884,  758,   84,   58,   97,  907,  463,  739,  584,  664,  686,  273,   80,  147,  591,  263],
        [  913,  913,  884,  270,  206,  299, 1015,  640,  713,  388,  561,  445,  669,  901,  467,  879,  528,  532,  607,  488,  707, 1105,   87,  614,  247,  733,  188,  172,  413,  526, 1013,  846,  478,  893,  567,  706, 1083,  785,  205,  859,  768,  258,  698,  605, 1065,  884,    0,  455,  961,  888,  854,   60,  634,  583,  607,  654,  467,  675,  822,  737,  516,  669],
        [  459,  459,  777,  188,  336,  363,  801,  262,  258,  408,  286,  232,  773,  678,  742,  514,  242,  678,  366,  694,  276,  962,  534,  613,  534,  421,  500,  294,  685,   71,  748,  545,   61,  464,  660,  255,  876,  412,  259,  620,  583,  592,  836,  151,  879,  758,  455,    0,  811,  791,  780,  514,  775,  131,  224,  223,  752,  486,  733,  641,  171,  495],
        [  861,  861,  103,  828,  764,  664,  139,  598,  840,  574,  526,  603,  481,  176,  753,  495,  570,  560,  446,  647,  689,  153,  973,  378,  780,  435,  815,  841,  744,  812,  251,  357,  867,  689,  489,  776,  159,  531,  908,  230,  228,  828,  538,  802,  119,   84,  961,  811,    0,  117,  164,  986,  541,  781,  624,  698,  768,  327,  161,  227,  642,  322],
        [  903,  903,   22,  782,  698,  596,  250,  606,  855,  503,  511,  569,  366,  245,  645,  552,  552,  453,  433,  540,  709,  223,  891,  283,  690,  458,  730,  781,  639,  802,  350,  409,  849,  738,  383,  793,  275,  567,  856,  283,  229,  734,  422,  803,  232,   58,  888,  791,  117,    0,   49,  907,  427,  780,  626,  709,  659,  311,   66,  158,  627,  298],
        [  918,  918,   63,  760,  668,  566,  296,  609,  859,  473,  506,  555,  318,  279,  598,  574,  545,  407,  429,  493,  715,  266,  855,  244,  651,  469,  693,  754,  594,  796,  391,  432,  840,  757,  338,  798,  323,  582,  832,  310,  240,  693,  374,  802,  280,   97,  854,  780,  164,   49,    0,  871,  379,  777,  626,  712,  612,  309,   51,  140,  620,  294],
        [  971,  971,  905,  328,  246,  330, 1046,  693,  771,  415,  608,  492,  666,  934,  443,  928,  577,  529,  649,  477,  762, 1127,   36,  629,  239,  778,  185,  227,  392,  584, 1050,  888,  537,  948,  570,  763, 1113,  835,  264,  895,  800,  235,  689,  664, 1093,  907,   60,  514,  986,  907,  871,    0,  627,  641,  660,  709,  442,  710,  842,  760,  569,  702],
        [ 1080, 1080,  439,  667,  514,  432,  663,  726,  954,  369,  590,  560,   63,  606,  240,  816,  606,  107,  548,  156,  843,  633,  600,  230,  390,  663,  447,  608,  258,  821,  736,  694,  834,  956,  121,  905,  699,  778,  702,  608,  496,  402,   66,  862,  659,  463,  634,  775,  541,  427,  379,  627,    0,  833,  723,  815,  252,  484,  385,  366,  669,  463],
        [  330,  330,  764,  313,  445,  452,  749,  188,  137,  475,  273,  274,  821,  630,  832,  416,  240,  742,  348,  772,  157,  928,  659,  645,  639,  359,  611,  417,  777,   66,  680,  475,  139,  339,  714,  125,  823,  318,  389,  571,  558,  699,  889,   30,  834,  739,  583,  131,  781,  780,  777,  641,  833,    0,  158,  110,  842,  470,  727,  640,  167,  484],
        [  365,  365,  609,  351,  430,  400,  594,   39,  239,  392,  135,  194,  703,  474,  761,  293,  121,  643,  200,  686,  124,  770,  671,  518,  599,  205,  585,  436,  711,  198,  530,  325,  266,  292,  603,  184,  668,  192,  441,  414,  402,  664,  774,  179,  677,  584,  607,  224,  624,  626,  626,  660,  723,  158,    0,   93,  773,  318,  576,  492,   92,  333],
        [  282,  282,  691,  387,  492,  476,  654,  103,  149,  478,  227,  275,  796,  539,  846,  307,  211,  733,  289,  774,   54,  841,  724,  610,  673,  266,  654,  483,  794,  171,  578,  375,  245,  243,  695,   91,  727,  210,  471,  479,  481,  736,  867,  117,  741,  664,  654,  223,  698,  709,  712,  709,  815,  110,   93,    0,  858,  404,  661,  580,  161,  420],
        [ 1138, 1138,  667,  597,  428,  392,  875,  789,  976,  382,  657,  583,  311,  797,   16,  942,  654,  208,  644,  122,  897,  875,  409,  403,  238,  779,  293,  508,   67,  812,  929,  843,  802, 1046,  280,  940,  922,  881,  598,  785,  670,  210,  296,  872,  886,  686,  467,  752,  768,  659,  612,  442,  252,  842,  773,  858,    0,  624,  607,  562,  698,  606],
        [  627,  627,  295,  507,  470,  380,  345,  301,  552,  304,  202,  278,  445,  226,  610,  333,  245,  438,  123,  510,  411,  479,  705,  255,  544,  184,  563,  535,  577,  493,  341,  219,  543,  483,  375,  491,  416,  302,  592,  185,  101,  604,  520,  494,  408,  273,  675,  486,  327,  311,  309,  710,  484,  470,  318,  404,  624,    0,  259,  178,  319,   22],
        [  869,  869,   64,  718,  632,  531,  279,  559,  809,  438,  457,  508,  326,  243,  592,  529,  496,  400,  379,  486,  665,  286,  827,  221,  628,  420,  667,  716,  583,  747,  363,  387,  792,  709,  328,  748,  317,  533,  791,  268,  191,  673,  388,  752,  279,   80,  822,  733,  161,   66,   51,  842,  385,  727,  576,  661,  607,  259,    0,   94,  572,  244],
        [  801,  801,  150,  624,  544,  442,  315,  478,  728,  351,  368,  415,  314,  241,  547,  480,  406,  356,  293,  441,  588,  368,  747,  160,  554,  352,  589,  625,  530,  657,  372,  345,  700,  650,  284,  668,  368,  470,  699,  244,  138,  603,  385,  666,  339,  147,  737,  641,  227,  158,  140,  760,  366,  640,  492,  580,  562,  178,   94,    0,  482,  160],
        [  442,  442,  613,  265,  339,  315,  631,  125,  286,  320,  117,  116,  656,  508,  686,  374,   77,  582,  197,  617,  206,  792,  580,  479,  513,  257,  497,  345,  633,  176,  581,  382,  226,  382,  549,  243,  705,  275,  356,  450,  414,  577,  724,  196,  708,  591,  516,  171,  642,  627,  620,  569,  669,  167,   92,  161,  698,  319,  572,  482,    0,  330],
        [  648,  648,  283,  508,  464,  372,  348,  318,  568,  293,  214,  282,  424,  232,  591,  354,  255,  417,  136,  490,  429,  474,  696,  234,  531,  205,  551,  532,  559,  504,  352,  238,  553,  504,  354,  508,  418,  323,  592,  196,  101,  590,  498,  508,  408,  263,  669,  495,  322,  298,  294,  702,  463,  484,  333,  420,  606,   22,  244,  160,  330,    0]
    ]
}
