{
    "name": "random-12-28732",
    "comment": "size=12 seed=28732",
    "nodes": ["+0", "-0", "+1", "-1", "+2", "-2", "+3", "-3", "+4", "-4", "+5", "-5", "+6", "-6", "+7", "-7", "+8", "-8", "+9", "-9", "+10", "-10", "+11", "-11", "+12", "-12"],
    "precedence": {
        "+0": "-0",
        "+1": "-1",
        "+2": "-2",
        "+3": "-3",
        "+4": "-4",
        "+5": "-5",
        "+6": "-6",
        "+7": "-7",
        "+8": "-8",
        "+9": "-9",
        "+10": "-10",
        "+11": "-11",
        "+12": "-12"
    },
    "edges": [
        [    0,    0,  824,  935,  804,  450,  706,  251,  602,  527,  710,  498,  708,  749,  617,  725,  459,  234,  563,  607,  659,  806,  182,  641,   43,  227],
        [    0,    0,  824,  935,  804,  450,  706,  251,  602,  527,  710,  498,  708,  749,  617,  725,  459,  234,  563,  607,  659,  806,  182,  641,   43,  227],
        [  824,  824,    0,  136,   25,  380,  566,  648,  229,  406,  730,  358,  808,  172,  247,  608,  367,  783,  626,  768,  735,  223,  815,  309,  864,  664],
        [  935,  935,  136,    0,  161,  486,  695,  740,  355,  471,  861,  448,  940,  302,  328,  609,  479,  911,  661,  902,  868,  338,  908,  443,  974,  789],
        [  804,  804,   25,  161,    0,  361,  543,  631,  206,  396,  707,  343,  785,  150,  236,  609,  346,  759,  620,  744,  711,  207,  798,  285,  844,  641],
        [  450,  450,  380,  486,  361,    0,  528,  276,  177,  173,  639,   77,  689,  346,  173,  476,   34,  461,  389,  610,  614,  421,  439,  305,  489,  332],
        [  706,  706,  566,  695,  543,  528,    0,  712,  442,  694,  170,  591,  253,  395,  598,  995,  495,  514,  917,  251,  191,  365,  819,  275,  745,  480],
        [  251,  251,  648,  740,  631,  276,  712,    0,  451,  292,  773,  293,  797,  619,  413,  477,  299,  398,  321,  701,  732,  691,  168,  553,  275,  301],
        [  602,  602,  229,  355,  206,  177,  442,  451,    0,  285,  585,  194,  652,  171,  158,  568,  153,  557,  524,  592,  576,  249,  612,  174,  643,  436],
        [  527,  527,  406,  471,  396,  173,  694,  292,  285,    0,  811,  103,  862,  443,  161,  303,  204,  599,  240,  782,  787,  525,  453,  449,  558,  471],
        [  710,  710,  730,  861,  707,  639,  170,  773,  585,  811,    0,  710,   85,  560,  736, 1114,  608,  488, 1017,  127,   55,  534,  851,  430,  745,  497],
        [  498,  498,  358,  448,  343,   77,  591,  293,  194,  103,  710,    0,  763,  361,  121,  405,  103,  531,  335,  685,  687,  441,  460,  350,  534,  402],
        [  708,  708,  808,  940,  785,  689,  253,  797,  652,  862,   85,  763,    0,  639,  799, 1164,  660,  478, 1059,  102,   77,  616,  861,  504,  739,  509],
        [  749,  749,  172,  302,  150,  346,  395,  619,  171,  443,  560,  361,  639,    0,  291,  702,  320,  666,  681,  603,  567,   83,  777,  149,  791,  559],
        [  617,  617,  247,  328,  236,  173,  598,  413,  158,  161,  736,  121,  799,  291,    0,  415,  179,  630,  393,  732,  722,  374,  580,  331,  654,  502],
        [  725,  725,  608,  609,  609,  476,  995,  477,  568,  303, 1114,  405, 1164,  702,  415,    0,  507,  858,  167, 1081, 1089,  783,  586,  740,  743,  739],
        [  459,  459,  367,  479,  346,   34,  495,  299,  153,  204,  608,  103,  660,  320,  179,  507,    0,  452,  423,  582,  584,  393,  460,  272,  498,  323],
        [  234,  234,  783,  911,  759,  461,  514,  398,  557,  599,  488,  531,  478,  666,  630,  858,  452,    0,  713,  377,  436,  703,  404,  531,  263,  130],
        [  563,  563,  626,  661,  620,  389,  917,  321,  524,  240, 1017,  335, 1059,  681,  393,  167,  423,  713,    0,  970,  987,  763,  420,  685,  580,  602],
        [  607,  607,  768,  902,  744,  610,  251,  701,  592,  782,  127,  685,  102,  603,  732, 1081,  582,  377,  970,    0,   74,  593,  760,  460,  639,  409],
        [  659,  659,  735,  868,  711,  614,  191,  732,  576,  787,   55,  687,   77,  567,  722, 1089,  584,  436,  987,   74,    0,  548,  805,  429,  694,  451],
        [  806,  806,  223,  338,  207,  421,  365,  691,  249,  525,  534,  441,  616,   83,  374,  783,  393,  703,  763,  593,  548,    0,  845,  172,  848,  605],
        [  182,  182,  815,  908,  798,  439,  819,  168,  612,  453,  851,  460,  861,  777,  580,  586,  460,  404,  420,  760,  805,  845,    0,  697,  178,  354],
        [  641,  641,  309,  443,  285,  305,  275,  553,  174,  449,  430,  350,  504,  149,  331,  740,  272,  531,  685,  460,  429,  172,  697,    0,  684,  434],
        [   43,   43,  864,  974,  844,  489,  745,  275,  643,  558,  745,  534,  739,  791,  654,  743,  498,  263,  580,  639,  694,  848,  178,  684,    0,  268],
        [  227,  227,  664,  789,  641,  332,  480,  301,  436,  471,  497,  402,  509,  559,  502,  739,  323,  130,  602,  409,  451,  605,  354,  434,  268,    0]
    ]
}
