{
    "name": "random-96-735",
    "comment": "size=96 seed=735",
    "nodes": ["+0", "-0", "+1", "-1", "+2", "-2", "+3", "-3", "+4", "-4", "+5", "-5", "+6", "-6", "+7", "-7", "+8", "-8", "+9", "-9", "+10", "-10", "+11", "-11", "+12", "-12", "+13", "-13", "+14", "-14", "+15", "-15", "+16", "-16", "+17", "-17", "+18", "-18", "+19", "-19", "+20", "-20", "+21", "-21", "+22", "-22", "+23", "-23", "+24", "-24", "+25", "-25", "+26", "-26", "+27", "-27", "+28", "-28", "+29", "-29", "+30", "-30", "+31", "-31", "+32", "-32", "+33", "-33", "+34", "-34", "+35", "-35", "+36", "-36", "+37", "-37", "+38", "-38", "+39", "-39", "+40", "-40", "+41", "-41", "+42", "-42", "+43", "-43", "+44", "-44", "+45", "-45", "+46", "-46", "+47", "-47", "+48", "-48", "+49", "-49", "+50", "-50", "+51", "-51", "+52", "-52", "+53", "-53", "+54", "-54", "+55", "-55", "+56", "-56", "+57", "-57", "+58", "-58", "+59", "-59", "+60", "-60", "+61", "-61", "+62", "-62", "+63", "-63", "+64", "-64", "+65", "-65", "+66", "-66", "+67", "-67", "+68", "-68", "+69", "-69", "+70", "-70", "+71", "-71", "+72", "-72", "+73", "-73", "+74", "-74", "+75", "-75", "+76", "-76", "+77", "-77", "+78", "-78", "+79", "-79", "+80", "-80", "+81", "-81", "+82", "-82", "+83", "-83", "+84", "-84", "+85", "-85", "+86", "-86", "+87", "-87", "+88", "-88", "+89", "-89", "+90", "-90", "+91", "-91", "+92", "-92", "+93", "-93", "+94", "-94", "+95", "-95", "+96", "-96"],
    "precedence": {
        "+0": "-0",
        "+1": "-1",
        "+2": "-2",
        "+3": "-3",
        "+4": "-4",
        "+5": "-5",
        "+6": "-6",
        "+7": "-7",
        "+8": "-8",
        "+9": "-9",
        "+10": "-10",
        "+11": "-11",
        "+12": "-12",
        "+13": "-13",
        "+14": "-14",
        "+15": "-15",
        "+16": "-16",
        "+17": "-17",
        "+18": "-18",
        "+19": "-19",
        "+20": "-20",
        "+21": "-21",
        "+22": "-22",
        "+23": "-23",
        "+24": "-24",
        "+25": "-25",
        "+26": "-26",
        "+27": "-27",
        "+28": "-28",
        "+29": "-29",
        "+30": "-30",
        "+31": "-31",
        "+32": "-32",
        "+33": "-33",
        "+34": "-34",
        "+35": "-35",
        "+36": "-36",
        "+37": "-37",
        "+38": "-38",
        "+39": "-39",
        "+40": "-40",
        "+41": "-41",
        "+42": "-42",
        "+43": "-43",
        "+44": "-44",
        "+45": "-45",
        "+46": "-46",
        "+47": "-47",
        "+48": "-48",
        "+49": "-49",
        "+50": "-50",
        "+51": "-51",
        "+52": "-52",
        "+53": "-53",
        "+54": "-54",
        "+55": "-55",
        "+56": "-56",
        "+57": "-57",
        "+58": "-58",
        "+59": "-59",
        "+60": "-60",
        "+61": "-61",
        "+62": "-62",
        "+63": "-63",
        "+64": "-64",
        "+65": "-65",
        "+66": "-66",
        "+67": "-67",
        "+68": "-68",
        "+69": "-69",
        "+70": "-70",
        "+71": "-71",
        "+72": "-72",
        "+73": "-73",
        "+74": "-74",
        "+75": "-75",
        "+76": "-76",
        "+77": "-77",
        "+78": "-78",
        "+79": "-79",
        "+80": "-80",
        "+81": "-81",
        "+82": "-82",
        "+83": "-83",
        "+84": "-84",
        "+85": "-85",
        "+86": "-86",
        "+87": "-87",
        "+88": "-88",
        "+89": "-89",
        "+90": "-90",
        "+91": "-91",
        "+92": "-92",
        "+93": "-93",
        "+94": "-94",
        "+95": "-95",
        "+96": "-96"
    },
    "edges": [
        [    0,    0,  661, 1046,  751,  468,  832,  884,  396,  905,  968,  621,  858,  302,  927,  328,  658,  602,  519,  954,  507,  750,  623,  612,  550,  637, 1003,  688,  217,  699,  788,  680,  960, 1069,  151,  853,  541,  246,  250,  680,  338,   73,  497,  815,  573,  405,  933, 1033,  724,  515,  557,  530,  521,  650,  417,  424,  429,  941,  776,  858,  610,  727,  523,  259,  601,  542,  189,  544,  514,  491,  472,  937,  597,  345,  858,  922,  914,  172,  578,   24,  673,  513,  855,  853,  576, 1214,  561,  852,  420,  737,  291,  540,  205,  840,  375,  952,  950,  760,  823,  644,  817,  391,  109,  709,  890,  820,  426,  808,  672,  821,  119,  206,  768,  795,  113,  524, 1030,  719,  894,  658,  462,  360,  343,  818,  774,  197,  652,  521,  147,  876,  793,  929,  709,  736,  816,  688,  838,  993,  371,  791,  429,  525,  603,   84,  436,  502,  616,  994, 1119,  569,  201,  948,  681,  920,  519, 1002,   92,  269,  735,  998, 1003,  686,  870,  853,  800,  872,  689,  350,  204,  205,  690,  751,  238,  407,  703,  558,  873,  844,   80,  365,  754, 1054,  442,  889,  346,  616,  518,  360,  914,  580,  316,  534,  238,  268],
        [    0,    0,    0,    0,    0,    0,    0,    0,    0,    0,    0,    0,    0,    0,    0,    0,    0,    0,    0,    0,    0,    0,    0,    0,    0,    0,    0,    0,    0,    0,    0,    0,    0,    0,    0,    0,    0,    0,    0,    0,    0,    0,    0,    0,    0,    0,    0,    0,    0,    0,    0,    0,    0,    0,    0,    0,    0,    0,    0,    0,    0,    0,    0,    0,    0,    0,    0,    0,    0,    0,    0,    0,    0,    0,    0,    0,    0,    0,    0,    0,    0,    0,    0,    0,    0,    0,    0,    0,    0,    0,    0,    0,    0,    0,    0,    0,    0,    0,    0,    0,    0,    0,    0,    0,    0,    0,    0,    0,    0,    0,    0,    0,    0,    0,    0,    0,    0,    0,    0,    0,    0,    0,    0,    0,    0,    0,    0,    0,    0,    0,    0,    0,    0,    0,    0,    0,    0,    0,    0,    0,    0,    0,    0,    0,    0,    0,    0,    0,    0,    0,    0,    0,    0,    0,    0,    0,    0,    0,    0,    0,    0,    0,    0,    0,    0,    0,    0,    0,    0,    0,    0,    0,    0,    0,    0,    0,    0,    0,    0,    0,    0,    0,    0,    0,    0,    0,    0,    0,    0,    0,    0,    0,    0,    0],
        [  661,    0,    0,  386,  129,  369,  479,  523,  269,  284,  312,  102,  243,  402,  408,  409,  501,  261,  219,  362,  392,  360,  383,  212,  386,  108,  342,  442,  503,  274,  583,  314,  319,  421,  517,  404,  190,  549,  437,  172,  456,  589,  365,  527,  140,  432,  327,  392,  537,  147,  258,  434,  343,  577,  261,  238,  339,  281,  119,  237,  183,  347,  542,  410,  573,  402,  572,  296,  202,  250,  205,  400,  160,  488,  267,  268,  482,  655,  336,  645,   99,  159,  562,  519,  366,  557,  123,  191,  413,  628,  371,  219,  457,  181,  402,  408,  334,  374,  176,  286,  691,  434,  566,  381,  295,  203,  239,  212,  163,  169,  730,  597,  145,  338,  552,  158,  396,  244,  351,  307,  385,  491,  329,  647,  238,  579,  216,  487,  644,  500,  366,  407,  652,  517,  226,  235,  489,  343,  378,  134,  260,  264,  151,  669,  265,  335,  360,  361,  476,  114,  507,  289,  137,  324,  372,  389,  682,  409,  197,  426,  354,  183,  562,  199,  482,  494,  360,  321,  610,  490,  645,  614,  547,  292,  573,  382,  506,  571,  731,  318,  232,  416,  273,  308,  392,  236,  224,  337,  412,  500,  473,  373,  487,  396],
        [ 1046,    0,  386,    0,  327,  691,  582,  639,  654,  250,  120,  437,  244,  774,  430,  772,  757,  558,  574,  306,  693,  546,  653,  516,  692,  437,   46,  677,  884,  501,  781,  553,  185,  104,  900,  467,  545,  924,  821,  414,  822,  973,  696,  695,  488,  767,  234,  128,  726,  532,  582,  721,  667,  843,  637,  623,  698,  109,  271,  234,  498,  551,  854,  795,  859,  711,  952,  597,  566,  608,  580,  402,  478,  851,  313,  134,  555, 1027,  634, 1030,  387,  536,  669,  657,  636,  178,  497,  196,  746,  824,  756,  549,  842,  206,  753,  347,  209,  553,  249,  526,  857,  790,  949,  566,  300,  262,  624,  292,  436,  229, 1115,  965,  296,  483,  937,  535,  155,  429,  341,  533,  726,  834,  709,  802,  395,  950,  490,  800, 1026,  614,  480,  379,  868,  733,  325,  451,  589,   98,  734,  256,  631,  585,  470, 1054,  630,  668,  608,  158,  153,  481,  883,  121,  412,  298,  693,  262, 1067,  793,  399,  305,  146,  438,  701,  197,  610,  566,  592,  705,  988,  874,  868,  838,  913,  668,  814,  685,  581,  730, 1117,  700,  381,  144,  633,  283,  765,  508,  564,  716,  407,  762,  843,  664,  859,  782],
        [  751,    0,  129,  327,    0,  497,  581,  423,  355,  162,  225,  229,  278,  516,  284,  527,  457,  236,  251,  235,  521,  275,  344,  191,  372,  116,  281,  385,  570,  202,  514,  252,  210,  390,  614,  491,  222,  604,  511,  284,  499,  680,  370,  444,  269,  558,  353,  374,  657,  246,  256,  563,  342,  541,  375,  336,  374,  219,  134,  266,  172,  269,  534,  493,  548,  390,  636,  425,  246,  285,  323,  273,  287,  526,  138,  243,  369,  764,  314,  732,  212,  277,  667,  425,  493,  504,  191,  146,  540,  750,  468,  348,  549,  156,  526,  459,  350,  287,   78,  407,  810,  464,  664,  495,  167,  246,  326,  270,  112,  174,  806,  709,  204,  235,  639,  227,  386,  349,  411,  426,  400,  615,  437,  763,  126,  691,  170,  479,  712,  399,  464,  469,  777,  454,   98,  347,  590,  317,  499,  137,  377,  393,  279,  747,  386,  342,  485,  357,  449,  240,  615,  211,   87,  197,  369,  266,  760,  486,   99,  461,  254,  119,  471,  188,  589,  589,  298,  402,  670,  564,  770,  557,  662,  353,  523,  365,  602,  487,  816,  390,  324,  400,  396,  354,  444,  360,  352,  402,  481,  628,  520,  501,  598,  483],
        [  468,    0,  369,  691,  497,    0,  365,  838,  289,  652,  655,  275,  459,  178,  767,  143,  721,  517,  413,  731,   49,  668,  618,  487,  578,  427,  657,  695,  440,  583,  838,  602,  678,  680,  329,  389,  408,  512,  379,  278,  488,  405,  525,  812,  230,   80,  516,  637,  285,  290,  482,   94,  524,  768,  182,  254,  447,  606,  442,  465,  464,  649,  675,  334,  740,  585,  496,   96,  390,  416,  201,  762,  221,  525,  635,  558,  819,  375,  557,  464,  314,  236,  398,  823,  108,  834,  359,  525,   59,  339,  262,  152,  315,  503,   94,  504,  538,  683,  539,  190,  419,  507,  361,  241,  663,  431,  290,  406,  490,  469,  577,  309,  396,  672,  397,  348,  626,  283,  452,  198,  517,  148,  202,  398,  591,  301,  516,  635,  536,  819,  330,  477,  339,  770,  593,  254,  372,  613,  104,  456,  164,  109,  230,  520,  145,  504,  148,  592,  719,  259,  268,  628,  477,  693,  546,  756,  535,  355,  546,  557,  706,  513,  859,  499,  335,  404,  639,  312,  541,  411,  325,  842,  256,  365,  792,  579,  406,  855,  547,  343,  328,  653,  126,  464,  427,  186,  146,  366,  457,  170,  489,   68,  231,  314],
        [  832,    0,  479,  582,  581,  365,    0,  999,  588,  680,  612,  395,  357,  540,  856,  507,  965,  727,  650,  769,  326,  838,  848,  681,  833,  584,  569,  914,  790,  752, 1058,  791,  668,  518,  693,  116,  631,  859,  723,  308,  812,  769,  794, 1006,  396,  429,  349,  473,  176,  516,  710,  310,  782, 1032,  488,  541,  735,  549,  458,  370,  653,  826,  967,  679, 1017,  846,  851,  307,  627,  670,  463,  839,  355,  849,  699,  474,  949,  722,  793,  828,  381,  462,   91,  997,  257,  657,  558,  509,  412,  262,  608,  357,  674,  482,  458,  254,  374,  852,  572,  227,  279,  816,  725,  131,  716,  364,  573,  330,  641,  443,  942,  657,  383,  812,  760,  572,  450,  236,  242,  205,  800,  486,  542,  222,  705,  654,  692,  917,  897,  976,  118,  217,  314,  991,  670,  247,   10,  484,  466,  462,  467,  342,  358,  884,  449,  766,  219,  431,  529,  433,  632,  585,  615,  738,  809,  765,  899,  695,  670,  313,  670,  662, 1041,  456,   42,   43,  837,  630,  896,  763,  320, 1083,  609,  657, 1038,  831,   42, 1050,  911,  652,  258,  475,  433,  300,  744,  280,  377,  678,  187,  290,  819,  298,  594,  659],
        [  884,    0,  523,  639,  423,  838,  999,    0,  582,  393,  522,  619,  693,  776,  214,  805,  254,  326,  434,  338,  875,  171,  263,  352,  334,  427,  603,  199,  667,  258,  180,  238,  454,  735,  797,  914,  432,  653,  647,  694,  548,  832,  390,   93,  639,  874,  760,  738, 1055,  549,  368,  922,  369,  317,  667,  598,  467,  564,  555,  681,  376,  190,  413,  659,  362,  343,  707,  794,  453,  442,  638,  243,  671,  548,  339,  624,   92,  973,  314,  861,  621,  606, 1084,   38,  870,  787,  482,  537,  862, 1141,  682,  712,  731,  558,  828,  875,  750,  156,  456,  806, 1209,  495,  840,  903,  342,  665,  567,  692,  364,  588,  883,  939,  627,  189,  783,  491,  759,  765,  830,  827,  423,  913,  692, 1167,  297,  917,  325,  385,  779,   26,  884,  888, 1160,  178,  348,  758, 1009,  682,  797,  556,  680,  753,  665,  840,  697,  389,  873,  738,  790,  600,  837,  531,  387,  341,  367,  394,  847,  638,  330,  867,  497,  342,   67,  592, 1004, 1010,  208,  595,  717,  682, 1149,  251,  907,  522,  259,  327, 1023,  105,  920,  564,  744,  763,  714,  770,  544,  753,  705,  555,  902,  996,  571,  866,  839,  662],
        [  396,    0,  269,  654,  355,  289,  588,  582,    0,  513,  572,  253,  489,  195,  563,  225,  434,  258,  151,  569,  335,  418,  339,  246,  291,  244,  610,  417,  239,  344,  556,  346,  564,  687,  260,  561,  163,  294,  171,  335,  226,  325,  237,  541,  217,  302,  571,  655,  561,  123,  214,  382,  238,  479,  109,   48,  159,  548,  387,  487,  234,  396,  390,  142,  452,  297,  308,  291,  137,  140,  126,  567,  254,  263,  470,  535,  582,  420,  279,  379,  302,  143,  647,  560,  363,  826,  165,  459,  295,  626,  116,  231,  194,  449,  253,  620,  583,  432,  427,  362,  704,  230,  310,  460,  503,  449,   30,  444,  287,  435,  462,  373,  392,  443,  285,  130,  655,  396,  559,  384,  229,  333,  111,  678,  395,  352,  284,  347,  377,  566,  505,  607,  628,  489,  427,  369,  597,  609,  221,  401,  129,  250,  256,  400,  150,  218,  387,  619,  740,  197,  272,  552,  291,  533,  258,  613,  414,  142,  352,  654,  607,  305,  592,  466,  571,  618,  375,   54,  349,  223,  614,  555,  333,   77,  504,  294,  625,  581,  464,   66,  416,  678,  169,  536,  157,  313,  211,   91,  601,  459,  236,  339,  265,  129],
        [  905,    0,  284,  250,  162,  652,  680,  393,  513,    0,  131,  378,  333,  677,  194,  688,  514,  343,  393,   90,  671,  300,  419,  311,  469,  269,  212,  433,  716,  268,  532,  317,   71,  343,  772,  576,  367,  742,  661,  411,  632,  836,  484,  446,  423,  715,  383,  346,  782,  407,  378,  710,  454,  601,  537,  496,  508,  173,  230,  319,  303,  307,  626,  647,  621,  487,  779,  573,  393,  425,  484,  171,  435,  654,   67,  240,  314,  925,  411,  886,  348,  438,  770,  410,  635,  413,  349,  172,  697,  879,  627,  501,  706,  199,  685,  505,  370,  306,  116,  539,  931,  591,  822,  616,   51,  317,  484,  350,  238,  237,  954,  871,  302,  234,  793,  383,  368,  464,  471,  555,  519,  775,  598,  881,  159,  852,  276,  574,  856,  368,  563,  525,  911,  485,   95,  471,  689,  290,  660,  222,  538,  545,  426,  896,  546,  460,  621,  349,  399,  397,  776,  139,  225,   61,  476,  105,  908,  638,  181,  487,  122,  229,  454,  228,  696,  679,  351,  556,  809,  713,  906,  589,  823,  501,  568,  461,  693,  482,  967,  541,  428,  370,  556,  406,  585,  499,  507,  551,  545,  771,  655,  649,  759,  638],
        [  968,    0,  312,  120,  225,  655,  612,  522,  572,  131,    0,  384,  256,  713,  317,  717,  639,  448,  476,  195,  665,  428,  538,  409,  580,  340,   82,  559,  794,  386,  662,  437,   72,  214,  827,  501,  447,  828,  734,  387,  723,  896,  588,  577,  434,  726,  284,  221,  737,  455,  476,  699,  558,  725,  572,  547,  598,   64,  213,  243,  394,  432,  741,  713,  743,  599,  861,  566,  470,  509,  516,  290,  434,  749,  194,  140,  440,  966,  522,  951,  341,  470,  702,  540,  617,  289,  410,  130,  706,  835,  681,  505,  765,  153,  704,  407,  265,  435,  148,  512,  879,  687,  876,  571,  182,  256,  543,  290,  330,  191, 1029,  907,  266,  364,  857,  447,  245,  422,  383,  523,  620,  790,  641,  825,  278,  890,  380,  687,  936,  498,  500,  432,  873,  614,  208,  437,  621,  169,  683,  199,  569,  546,  425,  969,  572,  561,  596,  233,  269,  419,  819,   29,  309,  183,  583,  165,  982,  708,  286,  378,   58,  328,  584,  165,  635,  604,  475,  621,  894,  787,  871,  719,  856,  577,  695,  573,  619,  612, 1036,  612,  378,  244,  578,  319,  669,  482,  517,  626,  456,  750,  745,  639,  797,  701],
        [  621,    0,  102,  437,  229,  275,  395,  619,  253,  378,  384,    0,  240,  338,  510,  337,  572,  333,  262,  460,  294,  452,  454,  288,  444,  194,  397,  520,  490,  364,  665,  399,  403,  450,  472,  335,  240,  546,  421,   93,  468,  548,  411,  616,   52,  343,  319,  413,  438,  141,  318,  334,  394,  641,  205,  210,  366,  341,  172,  239,  259,  437,  588,  386,  630,  458,  559,  196,  241,  287,  149,  501,   58,  504,  367,  307,  581,  591,  401,  607,   53,  112,  473,  612,  264,  597,  166,  255,  323,  527,  333,  124,  419,  236,  321,  371,  334,  466,  265,  188,  592,  457,  519,  286,  393,  201,  227,  193,  255,  208,  702,  529,  148,  436,  517,  186,  410,  166,  311,  209,  423,  407,  279,  549,  339,  514,  301,  536,  625,  596,  289,  362,  551,  597,  327,  149,  405,  374,  300,  187,  196,  168,   50,  640,  194,  382,  259,  374,  499,   56,  448,  358,  233,  422,  423,  482,  655,  392,  297,  402,  433,  277,  654,  240,  392,  414,  444,  305,  601,  472,  543,  689,  477,  300,  645,  441,  425,  660,  695,  314,  172,  434,  197,  284,  400,  136,  133,  337,  360,  399,  482,  273,  423,  369],
        [  858,    0,  243,  244,  278,  459,  357,  693,  489,  333,  256,  240,    0,  567,  520,  557,  727,  492,  461,  421,  456,  552,  610,  443,  624,  340,  221,  659,  727,  477,  791,  526,  313,  222,  708,  247,  433,  780,  659,  185,  694,  785,  606,  721,  285,  537,   85,  180,  486,  370,  497,  480,  583,  808,  441,  448,  580,  192,  146,   14,  416,  546,  782,  625,  809,  641,  797,  363,  444,  492,  387,  500,  263,  728,  365,  120,  628,  814,  570,  845,  188,  351,  447,  699,  395,  375,  364,  162,  516,  585,  572,  328,  658,  138,  530,  183,   95,  564,  239,  285,  625,  675,  754,  324,  375,   41,  461,   53,  375,  106,  942,  750,  100,  508,  756,  397,  173,  186,  140,  290,  627,  605,  515,  570,  399,  737,  435,  727,  864,  668,  245,  196,  626,  730,  346,  210,  366,  156,  516,  141,  430,  359,  256,  879,  424,  576,  365,  138,  265,  294,  678,  229,  346,  393,  612,  410,  894,  629,  376,  187,  313,  389,  745,  106,  379,  351,  572,  542,  838,  711,  626,  832,  696,  527,  796,  619,  365,  763,  933,  547,  138,  199,  422,   78,  628,  273,  347,  568,  214,  518,  710,  425,  649,  608],
        [  302,    0,  402,  774,  516,  178,  540,  776,  195,  677,  713,  338,  567,    0,  751,   42,  614,  452,  346,  744,  223,  613,  529,  438,  473,  417,  734,  606,  269,  537,  741,  541,  719,  785,  156,  552,  354,  342,  214,  385,  337,  234,  415,  732,  288,  141,  638,  746,  457,  271,  409,  258,  423,  646,  142,  189,  331,  676,  506,  569,  423,  591,  539,  171,  610,  475,  320,  243,  329,  334,  198,  752,  305,  370,  644,  644,  776,  254,  469,  295,  390,  244,  575,  754,  284,  934,  336,  588,  146,  497,  108,  241,  139,  571,   92,  651,  657,  626,  577,  342,  579,  367,  194,  413,  676,  532,  214,  515,  469,  546,  405,  195,  484,  635,  221,  309,  739,  418,  593,  357,  397,  146,   86,  566,  578,  178,  475,  506,  359,  760,  492,  628,  486,  675,  600,  387,  547,  711,   75,  521,  145,  223,  312,  346,  145,  402,  321,  704,  831,  295,  112,  689,  467,  706,  438,  781,  361,  196,  533,  698,  756,  490,  784,  578,  511,  578,  569,  188,  365,  238,  469,  731,  147,  259,  680,  477,  581,  772,  381,  221,  455,  765,  145,  591,  286,  315,  221,  238,  612,  326,  332,  245,   85,  154],
        [  927,    0,  408,  430,  284,  767,  856,  214,  563,  194,  317,  510,  520,  751,    0,  771,  400,  325,  416,  126,  796,  196,  342,  320,  410,  342,  398,  321,  718,  229,  377,  254,  247,  530,  813,  758,  401,  725,  678,  566,  612,  864,  447,  286,  544,  819,  576,  537,  940,  488,  371,  839,  418,  482,  620,  563,  501,  366,  399,  507,  330,  216,  542,  676,  515,  425,  772,  703,  427,  439,  576,   30,  567,  625,  158,  433,  126,  981,  363,  906,  495,  535,  944,  239,  773,  574,  419,  359,  803, 1033,  676,  623,  744,  383,  781,  697,  563,  193,  285,  690, 1092,  563,  861,  777,  147,  500,  539,  531,  283,  419,  952,  935,  473,  135,  817,  443,  560,  628,  659,  709,  485,  870,  666, 1045,  177,  914,  281,  499,  849,  191,  738,  715, 1060,  348,  188,  629,  865,  482,  751,  395,  627,  668,  559,  900,  640,  433,  767,  543,  583,  510,  834,  330,  291,  136,  431,  181,  910,  661,  222,  680,  286,  262,  279,  415,  867,  859,  264,  594,  793,  723, 1052,  444,  894,  525,  436,  401,  873,  313,  978,  569,  599,  561,  654,  596,  583,  643,  623,  570,  733,  907,  636,  779,  826,  673],
        [  328,    0,  409,  772,  527,  143,  507,  805,  225,  688,  717,  337,  557,   42,  771,    0,  650,  480,  373,  758,  187,  640,  562,  462,  508,  433,  733,  639,  309,  562,  776,  569,  727,  777,  186,  526,  379,  382,  256,  374,  377,  262,  451,  765,  286,  100,  625,  737,  419,  286,  438,  219,  457,  684,  153,  211,  367,  677,  507,  561,  446,  619,  578,  212,  649,  511,  359,  218,  355,  364,  205,  772,  297,  411,  658,  641,  802,  257,  502,  322,  386,  251,  539,  784,  251,  928,  354,  589,  106,  456,  148,  229,  178,  572,   53,  631,  645,  654,  584,  318,  539,  407,  219,  382,  690,  524,  240,  505,  489,  544,  435,  194,  479,  659,  255,  329,  729,  400,  575,  331,  434,  110,  114,  526,  597,  180,  498,  545,  395,  789,  466,  606,  445,  710,  615,  369,  514,  705,   44,  522,  150,  204,  305,  377,  145,  436,  290,  694,  822,  298,  129,  692,  484,  720,  474,  792,  392,  237,  552,  680,  762,  510,  816,  576,  478,  547,  599,  224,  403,  278,  428,  768,  141,  292,  717,  512,  549,  805,  407,  257,  440,  755,  140,  577,  325,  297,  211,  276,  589,  286,  373,  210,   95,  195],
        [  658,    0,  501,  757,  457,  721,  965,  254,  434,  514,  639,  572,  727,  614,  400,  650,    0,  242,  319,  499,  765,  217,  119,  290,  144,  394,  714,   83,  445,  259,  132,  207,  585,  837,  596,  903,  335,  417,  442,  662,  324,  615,  200,  167,  572,  735,  807,  827,  978,  456,  255,  812,  197,   87,  539,  467,  284,  660,  582,  718,  319,  208,  160,  466,  116,  139,  474,  703,  343,  307,  530,  425,  611,  314,  448,  698,  319,  770,  172,  635,  595,  514, 1039,  217,  781,  926,  408,  601,  728, 1052,  509,  627,  535,  612,  685,  904,  806,  214,  522,  746, 1127,  273,  632,  849,  469,  691,  431,  708,  353,  628,  642,  747,  638,  286,  567,  396,  842,  736,  850,  769,  219,  759,  539, 1095,  362,  726,  293,  140,  540,  257,  859,  907, 1058,   81,  432,  720,  975,  769,  654,  589,  557,  660,  607,  605,  577,  217,  795,  813,  896,  533,  649,  637,  382,  483,  177,  561,  610,  442,  365,  913,  635,  340,  220,  645,  959,  985,  165,  427,  476,  466, 1045,  122,  724,  360,   74,  142,  996,  188,  685,  393,  732,  853,  596,  800,  341,  691,  613,  376,  913,  889,  344,  764,  659,  475],
        [  602,    0,  261,  558,  236,  517,  727,  326,  258,  343,  448,  333,  492,  452,  325,  480,  242,    0,  108,  367,  556,  161,  123,   50,  136,  154,  513,  189,  394,   97,  334,   89,  411,  626,  493,  662,  109,  407,  354,  422,  295,  540,  142,  297,  338,  549,  574,  609,  753,  231,   47,  604,  111,  317,  342,  273,  177,  453,  349,  483,   78,  139,  299,  354,  318,  154,  451,  482,  128,  121,  317,  336,  376,  314,  282,  477,  326,  664,   80,  581,  354,  290,  804,  307,  560,  734,  172,  381,  537,  833,  364,  402,  424,  388,  502,  666,  576,  175,  310,  513,  906,  250,  539,  615,  312,  454,  241,  469,  124,  398,  631,  624,  400,  194,  493,  171,  620,  496,  610,  536,  176,  587,  368,  869,  188,  603,   69,  244,  529,  309,  619,  667,  846,  266,  249,  481,  737,  552,  471,  358,  356,  440,  372,  577,  374,  118,  569,  589,  684,  299,  522,  439,  152,  338,  136,  423,  588,  337,  164,  678,  461,  121,  343,  418,  723,  746,  123,  278,  476,  399,  835,  357,  587,  206,  314,  130,  757,  340,  654,  250,  491,  635,  392,  563,  260,  458,  392,  248,  673,  680,  319,  550,  519,  353],
        [  519,    0,  219,  574,  251,  413,  650,  434,  151,  393,  476,  262,  461,  346,  416,  373,  319,  108,    0,  436,  454,  268,  208,   97,  184,  138,  528,  283,  324,  194,  428,  196,  453,  626,  398,  597,   30,  353,  271,  355,  249,  452,  150,  400,  255,  442,  545,  602,  660,  137,   69,  502,  133,  382,  235,  165,  125,  466,  329,  455,   92,  246,  328,  263,  369,  197,  388,  386,   24,   35,  215,  423,  295,  278,  341,  473,  431,  565,  149,  499,  296,  196,  722,  414,  463,  751,  100,  382,  431,  736,  262,  309,  329,  382,  395,  622,  552,  282,  329,  428,  810,  219,  446,  531,  373,  421,  134,  428,  155,  381,  562,  522,  362,  293,  407,   78,  609,  428,  563,  451,  167,  480,  261,  777,  256,  501,  136,  274,  465,  417,  549,  618,  746,  360,  300,  408,  660,  550,  364,  341,  250,  343,  292,  504,  269,  120,  477,  575,  684,  218,  420,  461,  170,  402,  161,  486,  516,  250,  218,  643,  500,  168,  449,  407,  642,  673,  229,  178,  420,  322,  734,  440,  483,  112,  393,  182,  683,  443,  577,  155,  431,  627,  287,  524,  194,  373,  295,  160,  619,  578,  270,  450,  415,  258],
        [  954,    0,  362,  306,  235,  731,  769,  338,  569,   90,  195,  460,  421,  744,  126,  758,  499,  367,  436,    0,  753,  283,  420,  345,  479,  328,  275,  417,  756,  278,  494,  320,  124,  406,  828,  665,  414,  774,  707,  499,  662,  887,  504,  405,  502,  792,  467,  416,  870,  473,  408,  793,  474,  584,  605,  558,  541,  250,  319,  407,  344,  296,  627,  697,  611,  496,  816,  655,  441,  465,  555,   98,  517,  681,  100,  322,  251,  987,  425,  934,  434,  510,  859,  361,  720,  450,  409,  261,  774,  967,  684,  581,  760,  288,  759,  590,  452,  285,  203,  627, 1020,  617,  877,  705,   69,  407,  542,  440,  284,  327,  994,  935,  391,  214,  842,  440,  440,  553,  558,  643,  541,  849,  661,  970,  182,  916,  307,  578,  894,  315,  653,  612,  998,  457,  144,  559,  779,  363,  732,  311,  609,  625,  509,  938,  618,  484,  708,  426,  458,  474,  838,  212,  279,   39,  493,   62,  950,  685,  219,  568,  161,  268,  403,  316,  785,  768,  344,  608,  843,  756,  993,  558,  889,  548,  544,  470,  783,  435, 1013,  590,  517,  439,  629,  493,  622,  585,  585,  596,  632,  856,  686,  732,  824,  690],
        [  507,    0,  392,  693,  521,   49,  326,  875,  335,  671,  665,  294,  456,  223,  796,  187,  765,  556,  454,  753,    0,  705,  661,  524,  622,  459,  661,  737,  488,  619,  881,  640,  693,  675,  372,  361,  448,  560,  427,  281,  537,  446,  570,  853,  253,  105,  506,  631,  237,  327,  523,   48,  568,  814,  227,  298,  494,  613,  455,  463,  500,  686,  723,  382,  786,  630,  543,  100,  431,  459,  240,  789,  237,  573,  658,  560,  853,  403,  600,  504,  327,  270,  353,  861,   74,  829,  394,  536,   87,  291,  310,  173,  361,  512,  135,  483,  530,  719,  557,  175,  371,  555,  401,  207,  686,  432,  334,  404,  522,  477,  618,  337,  402,  706,  441,  387,  618,  273,  434,  178,  563,  168,  251,  350,  620,  331,  552,  681,  581,  855,  303,  453,  294,  813,  618,  247,  332,  611,  150,  467,  209,  129,  246,  562,  189,  549,  115,  586,  711,  286,  307,  638,  507,  715,  591,  774,  577,  403,  576,  539,  718,  545,  899,  506,  293,  366,  678,  360,  587,  458,  281,  887,  286,  412,  837,  623,  367,  895,  586,  390,  321,  645,  170,  453,  475,  186,  174,  414,  432,  125,  537,   33,  270,  363],
        [  750,    0,  360,  546,  275,  668,  838,  171,  418,  300,  428,  452,  552,  613,  196,  640,  217,  161,  268,  283,  705,    0,  146,  182,  216,  259,  505,  135,  536,   89,  242,   74,  370,  633,  649,  758,  264,  536,  504,  531,  425,  692,  258,  170,  470,  705,  626,  627,  887,  378,  206,  752,  231,  303,  499,  431,  323,  455,  408,  541,  206,   24,  348,  510,  329,  230,  586,  623,  286,  281,  468,  217,  503,  433,  235,  502,  167,  823,  174,  728,  458,  435,  921,  160,  700,  712,  312,  407,  693,  972,  524,  542,  581,  424,  660,  734,  620,   15,  325,  639, 1041,  373,  695,  737,  253,  520,  401,  543,  198,  448,  766,  784,  475,   70,  643,  321,  644,  603,  685,  661,  296,  747,  528, 1000,  158,  763,  155,  303,  662,  151,  724,  743,  990,  188,  225,  594,  848,  569,  630,  412,  511,  583,  497,  716,  528,  249,  704,  618,  691,  431,  682,  429,  223,  267,  240,  345,  726,  491,  177,  733,  420,  177,  203,  458,  841,  851,   68,  437,  604,  546,  979,  293,  748,  365,  269,  207,  864,  214,  796,  409,  587,  653,  545,  628,  404,  585,  535,  404,  754,  826,  449,  695,  680,  511],
        [  623,    0,  383,  653,  344,  618,  848,  263,  339,  419,  538,  454,  610,  529,  342,  562,  119,  123,  208,  420,  661,  146,    0,  171,   74,  276,  609,   78,  406,  153,  221,  103,  490,  729,  537,  784,  221,  397,  385,  544,  289,  570,  128,  205,  456,  641,  691,  716,  867,  343,  141,  708,  109,  198,  438,  366,  207,  553,  465,  601,  200,  127,  208,  400,  206,   86,  450,  593,  232,  203,  423,  361,  495,  293,  354,  586,  296,  712,   62,  600,  476,  402,  924,  233,  671,  826,  291,  488,  632,  944,  429,  516,  471,  499,  591,  786,  691,  151,  412,  631, 1018,  236,  579,  734,  379,  573,  331,  589,  236,  513,  628,  681,  520,  211,  521,  283,  729,  618,  731,  654,  162,  671,  449,  984,  262,  660,  176,  160,  524,  254,  741,  788,  953,  152,  330,  602,  858,  659,  560,  473,  455,  551,  491,  582,  474,  130,  683,  700,  788,  417,  580,  533,  266,  398,  105,  480,  590,  377,  256,  796,  541,  226,  258,  531,  843,  868,   79,  343,  464,  420,  941,  236,  652,  271,  192,   66,  878,  243,  662,  310,  613,  742,  493,  682,  282,  576,  503,  298,  794,  785,  312,  658,  585,  404],
        [  612,    0,  212,  516,  191,  487,  681,  352,  246,  311,  409,  288,  443,  438,  320,  462,  290,   50,   97,  345,  524,  182,  171,    0,  184,  105,  470,  233,  411,  100,  378,  117,  376,  580,  494,  614,   84,  432,  363,  375,  322,  547,  180,  333,  297,  524,  525,  562,  713,  197,   68,  571,  152,  367,  318,  252,  198,  409,  300,  434,   30,  162,  345,  358,  367,  201,  472,  445,  110,  122,  286,  327,  333,  344,  254,  430,  340,  661,  129,  592,  306,  255,  760,  338,  523,  693,  133,  334,  511,  796,  358,  364,  425,  340,  480,  616,  527,  196,  267,  470,  867,  281,  542,  571,  286,  405,  225,  419,   80,  349,  649,  617,  350,  198,  501,  139,  572,  449,  561,  493,  212,  567,  352,  829,  164,  596,   40,  290,  549,  333,  573,  618,  811,  310,  216,  435,  691,  506,  449,  309,  330,  404,  328,  593,  346,  153,  530,  541,  639,  257,  516,  398,  105,  313,  179,  398,  605,  344,  131,  629,  426,   83,  376,  370,  679,  700,  159,  274,  500,  412,  800,  404,  578,  207,  362,  178,  711,  377,  668,  251,  442,  588,  363,  513,  277,  415,  356,  253,  624,  646,  344,  516,  510,  354],
        [  550,    0,  386,  692,  372,  578,  833,  334,  291,  469,  580,  444,  624,  473,  410,  508,  144,  136,  184,  479,  622,  216,   74,  184,    0,  285,  647,  141,  334,  203,  268,  160,  538,  761,  469,  778,  204,  324,  316,  536,  215,  499,   60,  270,  438,  592,  707,  744,  838,  319,  129,  669,   54,  199,  396,  324,  144,  588,  482,  616,  209,  195,  163,  334,  188,   19,  376,  563,  207,  167,  389,  428,  478,  220,  404,  613,  370,  645,   58,  528,  473,  376,  905,  304,  640,  868,  279,  516,  585,  910,  370,  489,  404,  523,  542,  793,  709,  222,  445,  611,  986,  162,  509,  714,  432,  585,  288,  597,  260,  532,  555,  616,  529,  276,  450,  261,  755,  609,  736,  634,   90,  617,  397,  955,  310,  595,  203,  108,  450,  327,  731,  792,  916,  204,  376,  590,  843,  688,  511,  492,  414,  520,  475,  509,  434,   74,  656,  724,  820,  401,  516,  573,  288,  454,   36,  538,  517,  311,  294,  809,  589,  255,  324,  553,  825,  856,  149,  286,  391,  349,  902,  265,  590,  217,  215,    9,  866,  305,  589,  252,  610,  770,  453,  692,  212,  556,  474,  237,  796,  747,  239,  622,  523,  340],
        [  637,    0,  108,  437,  116,  427,  584,  427,  244,  269,  340,  194,  340,  417,  342,  433,  394,  154,  138,  328,  459,  259,  276,  105,  285,    0,  391,  334,  455,  171,  476,  208,  323,  491,  504,  512,  109,  489,  396,  276,  386,  567,  271,  423,  214,  478,  423,  468,  629,  148,  158,  504,  246,  471,  281,  231,  262,  328,  199,  332,   77,  244,  444,  379,  470,  302,  521,  371,  131,  172,  235,  340,  245,  415,  228,  338,  395,  659,  232,  619,  205,  193,  665,  419,  446,  613,   82,  246,  462,  716,  358,  289,  437,  247,  440,  512,  426,  273,  192,  381,  783,  355,  553,  479,  261,  301,  216,  315,   64,  250,  691,  607,  246,  248,  525,  114,  477,  349,  456,  402,  296,  529,  334,  742,  166,  588,  109,  389,  597,  405,  472,  513,  736,  410,  185,  338,  594,  415,  411,  210,  287,  333,  239,  632,  299,  241,  447,  444,  548,  176,  510,  324,   52,  291,  274,  370,  644,  371,  120,  525,  369,   87,  461,  274,  584,  600,  254,  288,  555,  449,  726,  507,  562,  238,  466,  280,  611,  467,  701,  275,  340,  494,  313,  409,  330,  327,  286,  287,  519,  576,  407,  445,  496,  370],
        [ 1003,    0,  342,   46,  281,  657,  569,  603,  610,  212,   82,  397,  221,  734,  398,  733,  714,  513,  528,  275,  661,  505,  609,  470,  647,  391,    0,  634,  839,  458,  741,  510,  152,  132,  858,  455,  499,  879,  776,  381,  777,  930,  650,  657,  448,  732,  226,  143,  706,  489,  536,  691,  621,  800,  596,  580,  653,   63,  229,  210,  452,  509,  809,  751,  815,  666,  907,  564,  520,  563,  539,  371,  441,  805,  273,  103,  522,  987,  589,  987,  349,  495,  658,  621,  606,  223,  453,  152,  711,  805,  713,  512,  799,  164,  716,  346,  204,  513,  204,  498,  842,  744,  907,  544,  262,  233,  580,  265,  391,  190, 1071,  926,  261,  443,  894,  490,  169,  402,  332,  506,  680,  798,  668,  787,  352,  910,  445,  755,  981,  579,  463,  375,  847,  692,  283,  422,  577,   96,  696,  214,  590,  550,  433, 1010,  591,  622,  581,  161,  188,  440,  843,   77,  367,  264,  647,  238, 1023,  749,  355,  310,  122,  392,  665,  159,  595,  556,  549,  661,  943,  830,  846,  797,  874,  623,  772,  640,  571,  693, 1073,  655,  355,  165,  594,  270,  719,  476,  527,  671,  401,  735,  797,  633,  819,  738],
        [  688,    0,  442,  677,  385,  695,  914,  199,  417,  433,  559,  520,  659,  606,  321,  639,   83,  189,  283,  417,  737,  135,   78,  233,  141,  334,  634,    0,  472,  184,  146,  133,  504,  759,  609,  845,  293,  455,  456,  608,  351,  638,  199,  130,  526,  718,  737,  751,  940,  416,  215,  784,  184,  168,  515,  443,  281,  581,  513,  649,  262,  127,  226,  473,  196,  147,  510,  667,  306,  280,  498,  344,  564,  350,  367,  622,  250,  785,  139,  665,  538,  476,  992,  165,  745,  845,  360,  526,  709, 1018,  505,  588,  544,  539,  669,  838,  735,  132,  446,  701, 1092,  298,  650,  803,  387,  624,  408,  643,  286,  558,  685,  756,  573,  204,  589,  356,  766,  682,  785,  724,  229,  748,  526, 1056,  283,  734,  227,  191,  581,  195,  805,  843, 1029,   78,  352,  668,  924,  693,  638,  519,  531,  625,  560,  642,  550,  206,  756,  738,  818,  487,  655,  558,  315,  401,  175,  479,  649,  450,  289,  844,  554,  270,  184,  572,  911,  932,   88,  419,  519,  488, 1017,  174,  727,  348,  140,  134,  943,  167,  723,  387,  673,  777,  569,  733,  353,  646,  577,  374,  851,  861,  374,  733,  660,  479],
        [  217,    0,  503,  884,  570,  440,  790,  667,  239,  716,  794,  490,  727,  269,  718,  309,  445,  394,  324,  756,  488,  536,  406,  411,  334,  455,  839,  472,    0,  490,  576,  467,  776,  923,  169,  781,  350,   74,   70,  569,  122,  171,  281,  599,  451,  408,  809,  892,  724,  360,  350,  525,  306,  446,  309,  281,  218,  777,  621,  725,  414,  514,  322,  112,  400,  326,   70,  484,  325,  292,  352,  730,  485,  137,  663,  770,  699,  332,  363,  194,  541,  379,  834,  636,  540, 1058,  387,  689,  414,  765,  183,  447,  134,  682,  360,  853,  822,  546,  646,  573,  847,  175,  194,  660,  695,  687,  267,  682,  478,  671,  239,  322,  630,  584,  123,  350,  893,  624,  793,  592,  245,  397,  249,  834,  574,  302,  450,  310,  143,  660,  723,  838,  752,  522,  623,  595,  798,  845,  339,  636,  328,  450,  489,  183,  344,  288,  574,  857,  977,  434,  240,  777,  492,  723,  302,  808,  194,  100,  539,  890,  822,  490,  654,  701,  766,  825,  474,  186,  112,   32,  734,  545,  316,  218,  495,  341,  830,  629,  261,  185,  649,  915,  358,  773,  135,  531,  424,  169,  829,  594,  102,  505,  266,  132],
        [  699,    0,  274,  501,  202,  583,  752,  258,  344,  268,  386,  364,  477,  537,  229,  562,  259,   97,  194,  278,  619,   89,  153,  100,  203,  171,  458,  184,  490,    0,  315,   53,  338,  580,  587,  675,  184,  501,  450,  445,  388,  636,  227,  254,  382,  623,  554,  569,  798,  293,  142,  665,  197,  344,  417,  352,  273,  402,  332,  467,  120,   74,  358,  449,  358,  220,  546,  536,  209,  213,  383,  240,  415,  404,  203,  440,  240,  757,  147,  677,  372,  349,  834,  248,  612,  674,  225,  343,  610,  884,  455,  454,  518,  356,  579,  658,  552,  103,  264,  551,  953,  341,  634,  650,  230,  443,  324,  464,  112,  375,  726,  715,  395,  100,  589,  237,  584,  517,  606,  573,  264,  667,  452,  912,  109,  694,   68,  306,  623,  238,  639,  665,  902,  253,  178,  507,  762,  511,  549,  337,  428,  496,  409,  673,  444,  208,  616,  555,  638,  343,  613,  381,  139,  252,  215,  337,  683,  433,  107,  662,  389,   92,  290,  389,  754,  766,   96,  369,  569,  495,  892,  356,  676,  299,  323,  194,  778,  298,  750,  343,  503,  595,  461,  552,  356,  497,  448,  343,  674,  739,  412,  608,  608,  447],
        [  788,    0,  583,  781,  514,  838, 1058,  180,  556,  532,  662,  665,  791,  741,  377,  776,  132,  334,  428,  494,  881,  242,  221,  378,  268,  476,  741,  146,  576,  315,    0,  270,  599,  870,  727,  987,  439,  544,  573,  752,  455,  746,  327,   92,  672,  858,  866,  867, 1086,  562,  360,  929,  319,  156,  657,  586,  411,  693,  646,  780,  407,  245,  275,  597,  207,  267,  602,  813,  452,  423,  643,  405,  710,  443,  469,  743,  267,  901,  281,  765,  681,  622, 1137,  145,  891,  940,  506,  649,  850, 1164,  637,  734,  666,  665,  808,  972,  861,  231,  566,  847, 1238,  404,  764,  948,  482,  757,  550,  779,  424,  687,  766,  878,  710,  299,  698,  501,  885,  825,  921,  869,  349,  885,  664, 1202,  399,  857,  368,  268,  666,  195,  948,  979, 1174,   69,  464,  812, 1068,  809,  777,  650,  675,  771,  705,  732,  694,  340,  902,  859,  928,  633,  780,  665,  452,  488,  303,  554,  737,  572,  416,  974,  646,  406,  121,  699, 1056, 1075,  223,  553,  602,  597, 1161,   72,  855,  484,   94,  264, 1087,   81,  812,  520,  815,  892,  713,  866,  472,  791,  723,  504,  989, 1005,  475,  878,  789,  605],
