{
    "name": "random-55-14517",
    "comment": "size=55 seed=14517",
    "nodes": ["+0", "-0", "+1", "-1", "+2", "-2", "+3", "-3", "+4", "-4", "+5", "-5", "+6", "-6", "+7", "-7", "+8", "-8", "+9", "-9", "+10", "-10", "+11", "-11", "+12", "-12", "+13", "-13", "+14", "-14", "+15", "-15", "+16", "-16", "+17", "-17", "+18", "-18", "+19", "-19", "+20", "-20", "+21", "-21", "+22", "-22", "+23", "-23", "+24", "-24", "+25", "-25", "+26", "-26", "+27", "-27", "+28", "-28", "+29", "-29", "+30", "-30", "+31", "-31", "+32", "-32", "+33", "-33", "+34", "-34", "+35", "-35", "+36", "-36", "+37", "-37", "+38", "-38", "+39", "-39", "+40", "-40", "+41", "-41", "+42", "-42", "+43", "-43", "+44", "-44", "+45", "-45", "+46", "-46", "+47", "-47", "+48", "-48", "+49", "-49", "+50", "-50", "+51", "-51", "+52", "-52", "+53", "-53", "+54", "-54", "+55", "-55"],
    "precedence": {
        "+0": "-0",
        "+1": "-1",
        "+2": "-2",
        "+3": "-3",
        "+4": "-4",
        "+5": "-5",
        "+6": "-6",
        "+7": "-7",
        "+8": "-8",
        "+9": "-9",
        "+10": "-10",
        "+11": "-11",
        "+12": "-12",
        "+13": "-13",
        "+14": "-14",
        "+15": "-15",
        "+16": "-16",
        "+17": "-17",
        "+18": "-18",
        "+19": "-19",
        "+20": "-20",
        "+21": "-21",
        "+22": "-22",
        "+23": "-23",
        "+24": "-24",
        "+25": "-25",
        "+26": "-26",
        "+27": "-27",
        "+28": "-28",
        "+29": "-29",
        "+30": "-30",
        "+31": "-31",
        "+32": "-32",
        "+33": "-33",
        "+34": "-34",
        "+35": "-35",
        "+36": "-36",
        "+37": "-37",
        "+38": "-38",
        "+39": "-39",
        "+40": "-40",
        "+41": "-41",
        "+42": "-42",
        "+43": "-43",
        "+44": "-44",
        "+45": "-45",
        "+46": "-46",
        "+47": "-47",
        "+48": "-48",
        "+49": "-49",
        "+50": "-50",
        "+51": "-51",
        "+52": "-52",
        "+53": "-53",
        "+54": "-54",
        "+55": "-55"
    },
    "edges": [
        [    0,    0,  710,  786,  562,  519,  387,  343,  548,  248,  638,  675,  252,  303,  478,  177,  546,  495,  384,  429,  675,  495,  203,  315,  332,  472,   95,   86,  845,  832,  657,  577,  260,  576,  587,  464,  379,  577,  358,  590,  256,  333,  392,  674,  656,  593,  576,  690,  614,  582,  348,  746,  364,  277,  360,  110,  616,  277,  330,  719,  605,  536,  685,  543,  312,  242,  736,  485,  804,  718,  650,  214,  479,  139,  388,  160,  633,  452,  560,  239,  359,  195,  602,  277,  177,  779,  773,  386,  722,  134,  381,  782,  548,  808,  616,  297,  229,  101,  867,  131,  285,  188,  663,  365,  535,  115,  396,  779,  395,  298,  445,  675],
        [    0,    0,    0,    0,    0,    0,    0,    0,    0,    0,    0,    0,    0,    0,    0,    0,    0,    0,    0,    0,    0,    0,    0,    0,    0,    0,    0,    0,    0,    0,    0,    0,    0,    0,    0,    0,    0,    0,    0,    0,    0,    0,    0,    0,    0,    0,    0,    0,    0,    0,    0,    0,    0,    0,    0,    0,    0,    0,    0,    0,    0,    0,    0,    0,    0,    0,    0,    0,    0,    0,    0,    0,    0,    0,    0,    0,    0,    0,    0,    0,    0,    0,    0,    0,    0,    0,    0,    0,    0,    0,    0,    0,    0,    0,    0,    0,    0,    0,    0,    0,    0,    0,    0,    0,    0,    0,    0,    0,    0,    0,    0,    0],
        [  710,    0,    0,  295,  885,  546,  328,  731,  690,  907,   86,  381,  494,  478,  284,  886,  344,  599,  966,  314,  227,  833,  508,  415,  573,  640,  676,  666,  201,  321,  240,  462,  782,  413,  603,  247,  873,  336,  460,  333,  519,  689,  591,  514,   82,  918,  392,  359,   96,  724,  513,  190,  569,  671,  404,  703,  322,  965,  898,  240,  685,  741,  312,  499,  842,  777,  527,  655,  425,  436,  112,  599,  789,  588,  773,  638,  247,  626,  432,  557,  761,  789,  900,  861,  536,  411,   89,  818,   24,  577,  914,  531,  405,  452,  146,  731,  523,  717,  541,  825,  452,  524,  513,  835,  371,  745,  612,  435,  922,  852,  669,  395],
        [  786,    0,  295,    0, 1107,  407,  428,  919,  935,  919,  352,  668,  641,  652,  505,  957,  605,  470,  929,  510,  518, 1048,  598,  476,  529,  872,  788,  773,  466,  610,  133,  728,  938,  265,  864,  401, 1047,  221,  444,  209,  540,  632,  513,  294,  361, 1143,  661,  139,  318,  972,  712,  106,  775,  845,  427,  738,  181,  990, 1050,  534,  942,  977,  113,  756, 1002,  760,  815,  889,  138,  190,  394,  752, 1006,  648,  968,  663,  530,  517,  696,  716,  695,  921, 1130,  843,  641,  132,  234,  746,  315,  667,  863,  264,  279,  747,  227,  689,  667,  754,  252,  871,  503,  629,  300, 1013,  271,  778,  530,  729, 1090,  823,  562,  682],
        [  562,    0,  885, 1107,    0, 1006,  700,  227,  215,  759,  800,  585,  498,  467,  609,  583,  548, 1004,  917,  598,  704,   69,  601,  701,  843,  245,  476,  491,  897,  785,  981,  454,  308,  999,  327,  707,  219,  962,  809,  971,  729,  881,  908, 1125,  804,   37,  516, 1069,  812,  200,  398, 1023,  334,  308,  765,  670,  990,  738,  308,  729,  258,  155, 1042,  405,  278,  802,  519,  231, 1184, 1126,  777,  410,  103,  630,  176,  697,  664,  974,  473,  428,  917,  384,   43,  825,  554, 1160,  972,  947,  881,  566,  931, 1214,  970,  654,  883,  855,  483,  662, 1280,  644,  698,  561, 1116,  210,  941,  674,  918,  638,  249,  852,  980,  574],
        [  519,    0,  546,  407, 1006,    0,  360,  782,  899,  565,  534,  789,  513,  558,  544,  656,  670,   63,  539,  510,  683,  938,  405,  315,  189,  820,  566,  548,  745,  834,  333,  777,  749,  147,  873,  422,  872,  217,  199,  223,  282,  250,  137,  169,  555, 1042,  729,  270,  486,  939,  638,  439,  696,  700,  256,  430,  244,  642,  841,  721,  933,  919,  299,  778,  811,  397,  919,  837,  350,  251,  576,  597,  906,  396,  836,  362,  667,  113,  745,  579,  301,  702, 1040,  471,  453,  329,  547,  346,  568,  450,  469,  280,  144,  910,  400,  313,  525,  447,  373,  555,  310,  446,  157,  848,  175,  461,  145,  884,  899,  444,  157,  798],
        [  387,    0,  328,  428,  700,  360,    0,  497,  558,  581,  266,  439,  214,  234,  189,  564,  313,  388,  651,  152,  361,  636,  185,   92,  289,  484,  368,  354,  489,  525,  296,  418,  510,  307,  520,   92,  620,  262,  184,  272,  202,  399,  332,  437,  287,  736,  371,  370,  234,  599,  306,  369,  369,  420,  114,  376,  291,  637,  623,  405,  585,  588,  347,  421,  574,  459,  562,  502,  486,  427,  291,  324,  598,  261,  548,  313,  333,  388,  386,  289,  470,  496,  728,  541,  221,  462,  387,  525,  343,  256,  606,  517,  279,  568,  232,  428,  239,  389,  580,  498,  128,  208,  429,  587,  246,  417,  352,  540,  662,  536,  421,  447],
        [  343,    0,  731,  919,  227,  782,  497,    0,  233,  562,  645,  513,  285,  268,  447,  401,  428,  778,  714,  421,  591,  159,  378,  485,  616,  181,  253,  267,  788,  710,  789,  380,  120,  786,  313,  521,  147,  755,  587,  765,  503,  656,  681,  908,  654,  262,  420,  865,  646,  258,  218,  844,  166,   83,  548,  448,  786,  556,  203,  625,  297,  203,  843,  329,  142,  584,  506,  184,  982,  918,  632,  186,  137,  403,   54,  471,  546,  747,  383,  211,  694,  191,  265,  615,  330,  957,  815,  726,  732,  339,  721, 1002,  756,  619,  701,  631,  265,  442, 1072,  440,  478,  337,  898,  108,  729,  457,  692,  595,  200,  639,  753,  506],
        [  548,    0,  690,  935,  215,  899,  558,  233,    0,  783,  607,  371,  391,  341,  430,  631,  347,  909,  930,  430,  496,  193,  511,  584,  760,   81,  453,  464,  686,  570,  816,  242,  352,  865,  113,  543,  336,  816,  701,  824,  640,  825,  823,  994,  608,  242,  307,  915,  626,   41,  262,  843,  207,  274,  645,  643,  839,  784,  418,  518,   65,   62,  883,  196,  363,  780,  310,   66, 1025,  980,  579,  344,  155,  568,  221,  647,  458,  889,  265,  341,  875,  423,  218,  824,  473, 1002,  778,  915,  684,  501,  927, 1073,  837,  442,  708,  813,  387,  640, 1129,  660,  591,  475,  987,  304,  803,  660,  837,  424,  387,  844,  905,  360],
        [  248,    0,  907,  919,  759,  565,  581,  562,  783,    0,  846,  920,  493,  548,  709,  184,  788,  517,  160,  658,  906,  698,  414,  493,  395,  712,  337,  332, 1063, 1068,  802,  825,  454,  671,  831,  668,  549,  699,  479,  711,  394,  317,  429,  733,  865,  786,  822,  800,  814,  814,  596,  903,  610,  510,  513,  206,  739,   79,  471,  952,  843,  763,  809,  791,  484,  168,  984,  722,  902,  805,  865,  461,  692,  325,  597,  271,  867,  462,  808,  487,  289,  377,  801,  109,  407,  878,  958,  276,  923,  360,  195,  844,  649, 1053,  792,  255,  473,  195,  937,  123,  456,  416,  721,  550,  649,  166,  420, 1025,  542,  144,  432,  920],
        [  638,    0,   86,  352,  800,  534,  266,  645,  607,  846,    0,  317,  413,  394,  198,  814,  263,  583,  915,  231,  171,  748,  439,  357,  534,  556,  599,  589,  225,  301,  267,  384,  699,  416,  524,  178,  788,  339,  420,  339,  466,  649,  560,  530,   22,  833,  315,  388,   49,  642,  428,  249,  483,  586,  358,  640,  336,  900,  815,  198,  605,  657,  343,  418,  758,  724,  465,  571,  471,  465,   47,  517,  704,  523,  688,  579,  179,  603,  353,  475,  721,  708,  816,  806,  462,  454,  173,  778,   89,  505,  867,  563,  401,  407,  152,  686,  442,  653,  587,  757,  394,  451,  528,  750,  365,  681,  581,  386,  838,  801,  643,  331],
        [  675,    0,  381,  668,  585,  789,  439,  513,  371,  920,  317,    0,  427,  373,  251,  824,  135,  824, 1032,  295,  155,  553,  524,  515,  722,  356,  599,  598,  321,  202,  579,  136,  610,  699,  263,  367,  655,  629,  622,  632,  617,  824,  770,  824,  308,  613,  101,  698,  357,  394,  341,  565,  360,  491,  552,  727,  635,  951,  713,  159,  343,  431,  654,  188,  652,  847,  148,  365,  787,  773,  275,  478,  510,  613,  535,  691,  139,  827,  130,  443,  891,  653,  588,  917,  517,  769,  464,  944,  367,  563, 1003,  872,  678,  136,  461,  840,  447,  733,  902,  806,  543,  510,  820,  616,  640,  760,  789,  107,  709,  924,  859,   15],
        [  252,    0,  494,  641,  498,  513,  214,  285,  391,  493,  413,  427,    0,   60,  233,  415,  296,  520,  609,  187,  426,  432,  122,  204,  370,  311,  190,  184,  604,  582,  510,  342,  299,  502,  389,  256,  407,  470,  315,  480,  250,  443,  432,  627,  428,  535,  330,  581,  400,  431,  134,  575,  185,  207,  267,  303,  502,  528,  414,  470,  433,  406,  560,  318,  363,  431,  503,  327,  698,  633,  416,  112,  397,  197,  338,  278,  383,  499,  320,   75,  500,  296,  530,  495,   95,  673,  569,  547,  501,  138,  586,  718,  473,  561,  433,  442,   30,  307,  787,  382,  204,   92,  618,  373,  445,  335,  447,  532,  450,  505,  515,  428],
        [  303,    0,  478,  652,  467,  558,  234,  268,  341,  548,  394,  373,   60,    0,  202,  458,  245,  568,  667,  164,  385,  403,  180,  244,  424,  262,  231,  228,  571,  536,  522,  283,  305,  535,  332,  254,  401,  495,  360,  505,  304,  501,  485,  662,  407,  503,  275,  603,  388,  382,   80,  578,  139,  197,  306,  360,  524,  579,  421,  428,  380,  362,  578,  259,  365,  489,  444,  280,  719,  660,  391,  125,  364,  256,  318,  338,  341,  551,  262,   83,  559,  317,  496,  553,  154,  694,  558,  606,  483,  196,  645,  749,  506,  506,  435,  500,   75,  364,  813,  433,  251,  151,  653,  365,  475,  391,  500,  478,  448,  563,  569,  373],
        [  478,    0,  284,  505,  609,  544,  189,  447,  430,  709,  198,  251,  233,  202,    0,  647,  127,  575,  804,   51,  198,  554,  296,  267,  473,  369,  423,  416,  371,  361,  389,  242,  504,  468,  364,  127,  590,  406,  372,  412,  372,  577,  519,  598,  208,  644,  186,  495,  203,  468,  230,  415,  286,  389,  302,  506,  422,  752,  619,  244,  440,  473,  458,  258,  562,  614,  376,  385,  600,  564,  190,  327,  511,  387,  490,  459,  160,  577,  209,  285,  646,  519,  629,  690,  304,  578,  369,  700,  286,  350,  768,  662,  444,  381,  279,  598,  261,  515,  708,  606,  297,  294,  592,  552,  407,  544,  539,  353,  640,  692,  608,  258],
        [  177,    0,  886,  957,  583,  656,  564,  401,  631,  184,  814,  824,  415,  458,  647,    0,  701,  620,  343,  599,  840,  526,  379,  490,  469,  567,  227,  232, 1016,  993,  829,  713,  286,  733,  695,  640,  369,  743,  519,  755,  419,  431,  520,  819,  830,  608,  724,  853,  790,  659,  485,  921,  483,  364,  530,  228,  783,  156,  288,  884,  694,  603,  852,  672,  306,  294,  866,  575,  965,  874,  823,  346,  524,  311,  430,  302,  797,  570,  702,  382,  428,  210,  625,  275,  352,  940,  950,  433,  898,  310,  374,  930,  707,  952,  792,  376,  388,  211, 1019,  104,  458,  363,  808,  374,  698,  196,  518,  925,  359,  308,  551,  822],
        [  546,    0,  344,  605,  548,  670,  313,  428,  347,  788,  263,  135,  296,  245,  127,  701,    0,  700,  898,  164,  164,  502,  389,  384,  591,  303,  474,  472,  361,  295,  498,  125,  510,  593,  261,  252,  574,  528,  495,  533,  483,  691,  640,  721,  263,  580,   61,  610,  288,  380,  228,  507,  264,  390,  425,  593,  541,  822,  620,  199,  342,  399,  571,  155,  560,  712,  250,  317,  710,  682,  233,  359,  458,  478,  461,  556,  119,  700,   92,  320,  757,  543,  560,  783,  383,  689,  433,  810,  338,  430,  868,  780,  569,  270,  382,  706,  318,  599,  821,  677,  411,  376,  716,  535,  532,  627,  660,  242,  627,  789,  730,  140],
        [  495,    0,  599,  470, 1004,   63,  388,  778,  909,  517,  583,  824,  520,  568,  575,  620,  700,    0,  481,  538,  725,  935,  405,  330,  166,  829,  550,  533,  798,  879,  393,  803,  735,  209,  891,  458,  859,  276,  212,  283,  276,  200,  103,  222,  604, 1039,  758,  333,  535,  950,  648,  500,  703,  696,  278,  399,  305,  595,  822,  765,  947,  925,  362,  800,  795,  349,  949,  846,  410,  311,  623,  594,  906,  381,  831,  336,  706,   56,  772,  580,  244,  684, 1039,  419,  450,  389,  606,  287,  621,  441,  410,  330,  204,  948,  454,  263,  528,  415,  424,  518,  318,  444,  211,  837,  231,  425,  102,  921,  883,  390,   96,  832],
        [  384,    0,  966,  929,  917,  539,  651,  714,  930,  160,  915, 1032,  609,  667,  804,  343,  898,  481,    0,  753,  999,  855,  510,  559,  406,  856,  478,  469, 1139, 1163,  824,  949,  611,  668,  970,  742,  708,  712,  511,  723,  450,  298,  417,  702,  936,  945,  937,  798,  877,  963,  724,  931,  747,  657,  562,  307,  750,  209,  631, 1044,  988,  914,  817,  920,  643,  192, 1110,  868,  888,  789,  941,  597,  847,  420,  753,  346,  963,  426,  928,  616,  239,  534,  959,  115,  516,  866, 1005,  197,  984,  471,   74,  809,  650, 1167,  837,  242,  593,  303,  903,  275,  523,  522,  691,  709,  661,  278,  401, 1138,  702,  115,  387, 1034],
        [  429,    0,  314,  510,  598,  510,  152,  421,  430,  658,  231,  295,  187,  164,   51,  599,  164,  538,  753,    0,  249,  539,  245,  221,  428,  363,  377,  369,  418,  412,  387,  268,  468,  446,  377,  113,  561,  390,  331,  397,  324,  530,  477,  577,  244,  633,  220,  486,  226,  470,  206,  427,  267,  358,  262,  455,  410,  701,  585,  294,  448,  469,  453,  274,  528,  564,  411,  380,  595,  552,  230,  287,  497,  336,  467,  408,  211,  537,  235,  244,  598,  478,  620,  639,  253,  572,  395,  652,  319,  300,  718,  647,  421,  427,  286,  549,  216,  464,  699,  556,  249,  244,  570,  524,  384,  493,  496,  399,  610,  641,  566,  301],
        [  675,    0,  227,  518,  704,  683,  361,  591,  496,  906,  171,  155,  426,  385,  198,  840,  164,  725,  999,  249,    0,  662,  494,  449,  649,  462,  614,  609,  198,  165,  438,  255,  669,  577,  397,  274,  737,  502,  540,  504,  559,  759,  687,  696,  158,  735,  189,  558,  216,  525,  386,  413,  426,  549,  471,  703,  503,  949,  781,   46,  480,  552,  513,  301,  721,  808,  301,  474,  640,  635,  125,  507,  618,  584,  624,  654,   46,  738,  232,  466,  830,  696,  713,  886,  501,  624,  309,  885,  212,  548,  960,  733,  559,  237,  321,  786,  452,  713,  756,  803,  483,  492,  693,  698,  521,  741,  707,  216,  790,  886,  774,  169],
        [  495,    0,  833, 1048,   69,  938,  636,  159,  193,  698,  748,  553,  432,  403,  554,  526,  502,  935,  855,  539,  662,    0,  533,  635,  774,  201,  408,  423,  858,  754,  921,  419,  245,  934,  303,  647,  172,  897,  741,  907,  660,  813,  839, 1058,  753,  104,  476, 1006,  757,  191,  336,  966,  273,  239,  698,  603,  926,  681,  262,  690,  248,  133,  980,  367,  223,  736,  502,  190, 1121, 1062,  727,  342,   45,  562,  108,  629,  620,  905,  434,  361,  850,  322,  108,  762,  486, 1097,  920,  881,  831,  497,  868, 1149,  904,  633,  825,  787,  415,  595, 1215,  581,  631,  493, 1049,  154,  875,  608,  850,  614,  213,  787,  911,  543],
        [  203,    0,  508,  598,  601,  405,  185,  378,  511,  414,  439,  524,  122,  180,  296,  379,  389,  405,  510,  245,  494,  533,    0,  123,  250,  430,  191,  176,  651,  657,  466,  455,  357,  418,  510,  262,  477,  401,  210,  413,  131,  322,  313,  534,  457,  637,  433,  515,  413,  551,  256,  549,  304,  296,  181,  210,  438,  462,  462,  539,  555,  522,  503,  435,  421,  323,  615,  447,  633,  556,  454,  192,  502,   91,  431,  167,  455,  380,  430,  176,  381,  327,  636,  396,   49,  607,  571,  429,  521,   72,  479,  634,  388,  659,  416,  324,  125,  220,  710,  319,  105,   41,  525,  449,  366,  249,  327,  630,  511,  400,  394,  527],
        [  315,    0,  415,  476,  701,  315,   92,  485,  584,  493,  357,  515,  204,  244,  267,  490,  384,  330,  559,  221,  449,  635,  123,    0,  208,  506,  314,  298,  580,  614,  344,  477,  476,  302,  562,  183,  594,  279,  119,  291,  111,  312,  258,  424,  377,  737,  438,  393,  322,  625,  323,  432,  382,  404,   64,  290,  315,  552,  584,  494,  619,  605,  380,  471,  541,  368,  629,  523,  511,  437,  382,  301,  600,  180,  538,  223,  418,  321,  447,  274,  382,  450,  733,  450,  170,  485,  468,  437,  431,  192,  515,  518,  272,  647,  305,  338,  220,  304,  591,  416,   37,  159,  415,  564,  247,  331,  277,  619,  631,  445,  347,  522],
        [  332,    0,  573,  529,  843,  189,  289,  616,  760,  395,  534,  722,  370,  424,  473,  469,  591,  166,  406,  428,  649,  774,  250,  208,    0,  680,  385,  368,  758,  811,  419,  680,  570,  277,  754,  376,  694,  309,  114,  321,  121,  117,   65,  351,  555,  878,  645,  406,  491,  800,  503,  526,  554,  535,  179,  242,  349,  469,  657,  692,  803,  772,  417,  670,  630,  232,  835,  696,  508,  413,  566,  435,  746,  217,  669,  174,  621,  132,  652,  424,  189,  519,  879,  315,  292,  484,  603,  245,  592,  278,  346,  462,  255,  854,  436,  165,  375,  259,  552,  370,  183,  288,  340,  672,  258,  274,   77,  826,  718,  296,  146,  729],
        [  472,    0,  640,  872,  245,  820,  484,  181,   81,  712,  556,  356,  311,  262,  369,  567,  303,  829,  856,  363,  462,  201,  430,  506,  680,    0,  379,  388,  657,  557,  750,  221,  297,  790,  133,  475,  308,  743,  622,  752,  560,  744,  742,  919,  559,  278,  276,  846,  570,  121,  183,  784,  127,  204,  567,  565,  768,  717,  379,  490,  133,  106,  815,  168,  321,  703,  328,   18,  957,  908,  532,  266,  156,  488,  187,  567,  420,  809,  234,  261,  795,  362,  261,  749,  392,  934,  728,  835,  636,  420,  851, 1001,  762,  448,  646,  733,  306,  563, 1059,  589,  512,  394,  911,  271,  729,  583,  757,  427,  361,  767,  824,  346],
        [   95,    0,  676,  788,  476,  566,  368,  253,  453,  337,  599,  599,  190,  231,  423,  227,  474,  550,  478,  377,  614,  408,  191,  314,  385,  379,    0,   18,  794,  766,  656,  493,  186,  601,  495,  432,  309,  590,  385,  602,  287,  408,  449,  710,  615,  509,  499,  704,  581,  488,  263,  736,  273,  183,  369,  196,  627,  356,  278,  658,  511,  442,  693,  456,  246,  333,  650,  391,  821,  742,  605,  125,  389,  170,  300,  225,  570,  513,  479,  156,  442,  139,  515,  371,  148,  796,  747,  474,  685,  124,  475,  814,  572,  729,  599,  379,  163,  191,  895,  216,  291,  160,  700,  289,  553,  208,  456,  701,  334,  392,  512,  598],
        [   86,    0,  666,  773,  491,  548,  354,  267,  464,  332,  589,  598,  184,  228,  416,  232,  472,  533,  469,  369,  609,  423,  176,  298,  368,  388,   18,    0,  786,  763,  641,  495,  203,  584,  502,  420,  327,  574,  368,  586,  269,  391,  431,  693,  605,  524,  498,  688,  570,  499,  265,  722,  279,  196,  353,  183,  611,  354,  295,  653,  521,  454,  677,  460,  264,  320,  653,  400,  805,  725,  596,  129,  404,  153,  316,  208,  565,  495,  480,  157,  427,  157,  531,  361,  134,  779,  735,  460,  675,  107,  464,  797,  555,  729,  586,  364,  157,  178,  877,  212,  275,  146,  682,  306,  536,  196,  439,  701,  352,  381,  495,  597],
        [  845,    0,  201,  466,  897,  745,  489,  788,  686, 1063,  225,  321,  604,  571,  371, 1016,  361,  798, 1139,  418,  198,  858,  651,  580,  758,  657,  794,  786,    0,  164,  437,  444,  863,  614,  581,  398,  934,  536,  645,  533,  689,  874,  782,  712,  204,  927,  383,  553,  268,  712,  580,  367,  623,  744,  583,  858,  522, 1113,  976,  169,  663,  744,  505,  493,  916,  947,  445,  669,  603,  628,  199,  695,  813,  739,  821,  799,  243,  822,  425,  653,  946,  886,  904, 1029,  668,  593,  234, 1003,  178,  713, 1092,  719,  605,  330,  346,  911,  632,  869,  718,  969,  616,  657,  712,  895,  571,  898,  803,  324,  987, 1024,  864,  335],
        [  832,    0,  321,  610,  785,  834,  525,  710,  570, 1068,  301,  202,  582,  536,  361,  993,  295,  879, 1163,  412,  165,  754,  657,  614,  811,  557,  766,  763,  164,    0,  558,  337,  801,  717,  459,  436,  853,  640,  701,  639,  723,  923,  847,  828,  282,  811,  291,  678,  350,  590,  522,  506,  551,  681,  633,  866,  634, 1108,  908,  120,  536,  630,  631,  389,  847,  973,  295,  566,  743,  755,  258,  653,  711,  747,  735,  818,  202,  895,  327,  614,  994,  837,  785, 1050,  661,  730,  379, 1049,  299,  708, 1125,  851,  702,  169,  449,  950,  607,  875,  860,  962,  647,  653,  826,  814,  666,  903,  867,  168,  907, 1050,  933,  212],
        [  657,    0,  240,  133,  981,  333,  296,  789,  816,  802,  267,  579,  510,  522,  389,  829,  498,  393,  824,  387,  438,  921,  466,  344,  419,  750,  656,  641,  437,  558,    0,  622,  805,  188,  752,  276,  916,  119,  323,  110,  415,  529,  415,  275,  283, 1017,  557,  122,  224,  855,  585,  109,  648,  714,  299,  614,   90,  870,  918,  463,  828,  856,   76,  645,  870,  648,  725,  767,  212,  199,  313,  620,  880,  519,  839,  539,  441,  432,  589,  584,  596,  789, 1006,  732,  509,  192,  219,  650,  263,  536,  762,  296,  190,  674,  119,  583,  535,  630,  324,  747,  373,  497,  275,  882,  168,  654,  433,  653,  958,  715,  477,  592],
        [  577,    0,  462,  728,  454,  777,  418,  380,  242,  825,  384,  136,  342,  283,  242,  713,  125,  803,  949,  268,  255,  419,  455,  477,  680,  221,  493,  495,  444,  337,  622,    0,  482,  710,  143,  369,  520,  648,  593,  653,  566,  771,  735,  839,  381,  483,   70,  733,  411,  270,  231,  630,  235,  366,  526,  643,  662,  848,  582,  276,  226,  301,  694,   53,  521,  772,  161,  230,  834,  804,  350,  369,  375,  537,  400,  618,  220,  797,   34,  339,  834,  530,  460,  835,  436,  813,  549,  883,  453,  479,  928,  902,  685,  244,  506,  778,  356,  646,  945,  707,  498,  432,  833,  482,  648,  672,  753,  218,  574,  846,  823,  127],
        [  260,    0,  782,  938,  308,  749,  510,  120,  352,  454,  699,  610,  299,  305,  504,  286,  510,  735,  611,  468,  669,  245,  357,  476,  570,  297,  186,  203,  863,  801,  805,  482,    0,  774,  430,  553,  124,  754,  563,  766,  468,  590,  634,  888,  710,  337,  513,  868,  692,  376,  284,  873,  251,  121,  537,  370,  789,  441,  117,  708,  417,  319,  852,  434,   66,  498,  618,  302,  986,  912,  693,  188,  240,  355,  145,  409,  624,  698,  480,  228,  618,   77,  350,  518,  308,  960,  862,  644,  787,  300,  624,  989,  744,  725,  731,  556,  272,  360, 1066,  337,  461,  318,  878,  106,  722,  370,  641,  699,  155,  545,  697,  605],
        [  576,    0,  413,  265,  999,  147,  307,  786,  865,  671,  416,  699,  502,  535,  468,  733,  593,  209,  668,  446,  577,  934,  418,  302,  277,  790,  601,  584,  614,  717,  188,  710,  774,    0,  822,  342,  894,   78,  219,   82,  321,  371,  252,  131,  435, 1036,  653,  131,  367,  906,  610,  293,  673,  705,  239,  507,   99,  745,  877,  610,  890,  894,  154,  720,  839,  507,  837,  808,  233,  143,  461,  602,  897,  440,  839,  432,  568,  253,  677,  575,  432,  740, 1030,  587,  467,  209,  406,  482,  436,  478,  601,  217,   30,  811,  271,  431,  521,  524,  294,  639,  314,  457,  124,  865,   63,  543,  267,  787,  929,  565,  298,  710],
        [  587,    0,  603,  864,  327,  873,  520,  313,  113,  831,  524,  263,  389,  332,  364,  695,  261,  891,  970,  377,  397,  303,  510,  562,  754,  133,  495,  502,  581,  459,  752,  143,  430,  822,    0,  487,  436,  766,  680,  773,  635,  831,  813,  953,  522,  352,  212,  858,  548,  132,  257,  767,  224,  331,  618,  671,  785,  842,  511,  415,   83,  174,  822,  108,  453,  807,  201,  132,  963,  927,  491,  374,  264,  580,  316,  662,  362,  878,  171,  358,  887,  493,  326,  860,  480,  942,  691,  932,  595,  516,  959, 1023,  796,  330,  639,  828,  393,  671, 1072,  709,  576,  480,  946,  401,  760,  694,  829,  312,  488,  876,  899,  251],
        [  464,    0,  247,  401,  707,  422,   92,  521,  543,  668,  178,  367,  256,  254,  127,  640,  252,  458,  742,  113,  274,  647,  262,  183,  376,  475,  432,  420,  398,  436,  276,  369,  553,  342,  487,    0,  655,  280,  267,  287,  293,  488,  414,  471,  197,  742,  313,  373,  151,  582,  311,  324,  374,  450,  198,  463,  298,  722,  668,  317,  560,  581,  340,  382,  616,  550,  499,  492,  483,  440,  200,  366,  605,  345,  569,  402,  249,  466,  336,  326,  559,  550,  730,  632,  289,  460,  316,  615,  259,  330,  697,  537,  317,  490,  181,  519,  284,  475,  587,  580,  219,  278,  465,  619,  280,  504,  434,  464,  701,  627,  502,  376],
        [  379,    0,  873, 1047,  219,  872,  620,  147,  336,  549,  788,  655,  407,  401,  590,  369,  574,  859,  708,  561,  737,  172,  477,  594,  694,  308,  309,  327,  934,  853,  916,  520,  124,  894,  436,  655,    0,  871,  684,  882,  591,  711,  758, 1010,  797,  241,  564,  984,  786,  348,  361,  978,  312,  205,  656,  489,  905,  523,   91,  771,  399,  287,  965,  469,   68,  612,  635,  305, 1102, 1031,  777,  297,  189,  478,  122,  531,  692,  821,  526,  332,  736,  186,  261,  624,  428, 1076,  956,  759,  875,  423,  729, 1110,  864,  755,  835,  675,  382,  478, 1185,  439,  581,  438, 1000,   40,  840,  484,  765,  733,   55,  653,  819,  647],
        [  577,    0,  336,  221,  962,  217,  262,  755,  816,  699,  339,  629,  470,  495,  406,  743,  528,  276,  712,  390,  502,  897,  401,  279,  309,  743,  590,  574,  536,  640,  119,  648,  754,   78,  766,  280,  871,    0,  225,   13,  325,  415,  299,  196,  358,  998,  588,  115,  291,  856,  567,  227,  630,  676,  222,  521,   41,  771,  862,  534,  837,  848,  111,  661,  819,  540,  769,  761,  232,  165,  384,  576,  859,  439,  807,  445,  495,  314,  614,  544,  481,  728,  990,  624,  448,  207,  332,  534,  359,  467,  648,  258,   73,  738,  193,  471,  492,  537,  319,  655,  300,  437,  192,  840,   52,  560,  317,  714,  909,  604,  359,  640],
        [  358,    0,  460,  444,  809,  199,  184,  587,  701,  479,  420,  622,  315,  360,  372,  519,  495,  212,  511,  331,  540,  741,  210,  119,  114,  622,  385,  368,  645,  701,  323,  593,  563,  219,  680,  267,  684,  225,    0,  238,  103,  230,  148,  326,  442,  844,  551,  334,  377,  741,  439,  426,  497,  505,   71,  296,  265,  548,  662,  582,  737,  720,  335,  589,  626,  328,  742,  639,  447,  361,  454,  401,  708,  221,  641,  221,  514,  206,  562,  381,  302,  524,  842,  412,  259,  422,  494,  358,  480,  263,  455,  429,  191,  751,  327,  272,  327,  312,  511,  430,  111,  250,  316,  658,  179,  335,  168,  724,  716,  398,  237,  630],
        [  590,    0,  333,  209,  971,  223,  272,  765,  824,  711,  339,  632,  480,  505,  412,  755,  533,  283,  723,  397,  504,  907,  413,  291,  321,  752,  602,  586,  533,  639,  110,  653,  766,   82,  773,  287,  882,   13,  238,    0,  337,  426,  309,  193,  358, 1007,  594,  103,  291,  864,  576,  218,  640,  686,  234,  533,   29,  783,  874,  535,  844,  857,   99,  668,  831,  552,  774,  769,  221,  157,  385,  586,  869,  451,  817,  458,  498,  323,  620,  555,  491,  739,  999,  635,  460,  195,  326,  544,  356,  479,  659,  251,   80,  740,  191,  482,  502,  550,  309,  667,  311,  449,  190,  851,   63,  572,  327,  716,  920,  616,  368,  643],
        [  256,    0,  519,  540,  729,  282,  202,  503,  640,  394,  466,  617,  250,  304,  372,  419,  483,  276,  450,  324,  559,  660,  131,  111,  121,  560,  287,  269,  689,  723,  415,  566,  468,  321,  635,  293,  591,  325,  103,  337,    0,  208,  183,  424,  486,  764,  534,  436,  428,  681,  382,  513,  434,  422,  120,  200,  364,  459,  564,  603,  683,  653,  434,  553,  531,  259,  722,  577,  549,  463,  492,  319,  631,  120,  557,  126,  527,  250,  538,  306,  275,  425,  764,  342,  175,  524,  565,  329,  536,  169,  404,  530,  293,  751,  398,  228,  255,  216,  613,  333,   76,  170,  414,  566,  280,  240,  197,  722,  620,  336,  266,  622],
        [  333,    0,  689,  632,  881,  250,  399,  656,  825,  317,  649,  824,  443,  501,  577,  431,  691,  200,  298,  530,  759,  813,  322,  312,  117,  744,  408,  391,  874,  923,  529,  771,  590,  371,  831,  488,  711,  415,  230,  426,  208,    0,  120,  418,  670,  915,  741,  502,  607,  864,  576,  637,  620,  578,  293,  225,  453,  395,  661,  803,  873,  828,  519,  755,  644,  150,  929,  760,  595,  497,  681,  485,  790,  258,  706,  185,  730,  145,  744,  484,   73,  528,  920,  221,  354,  572,  718,  129,  709,  325,  234,  528,  353,  957,  552,   63,  441,  239,  622,  327,  281,  353,  406,  695,  364,  242,  106,  929,  727,  196,  121,  830],
        [  392,    0,  591,  513,  908,  137,  332,  681,  823,  429,  560,  770,  432,  485,  519,  520,  640,  103,  417,  477,  687,  839,  313,  258,   65,  742,  449,  431,  782,  847,  415,  735,  634,  252,  813,  414,  758,  299,  148,  309,  183,  120,    0,  305,  582,  943,  696,  382,  515,  863,  564,  523,  616,  600,  218,  297,  336,  506,  719,  729,  864,  835,  401,  727,  694,  261,  886,  759,  477,  379,  596,  499,  811,  281,  734,  233,  662,   67,  705,  488,  183,  581,  944,  339,  356,  454,  612,  236,  612,  343,  351,  416,  235,  899,  449,  181,  438,  313,  509,  419,  238,  352,  294,  736,  248,  325,   21,  871,  781,  314,   90,  777],
        [  674,    0,  514,  294, 1125,  169,  437,  908,  994,  733,  530,  824,  627,  662,  598,  819,  721,  222,  702,  577,  696, 1058,  534,  424,  351,  919,  710,  693,  712,  828,  275,  839,  888,  131,  953,  471, 1010,  196,  326,  193,  424,  418,  305,    0,  548, 1161,  782,  165,  482, 1035,  738,  360,  800,  826,  361,  593,  194,  810,  987,  726, 1020, 1022,  210,  850,  952,  565,  964,  937,  199,  107,  575,  723, 1023,  543,  961,  521,  690,  277,  806,  698,  465,  849, 1156,  638,  583,  183,  489,  506,  537,  589,  630,  112,  158,  932,  379,  481,  644,  609,  204,  720,  431,  574,   12,  983,  193,  625,  313,  908, 1042,  611,  316,  835],
        [  656,    0,   82,  361,  804,  555,  287,  654,  608,  865,   22,  308,  428,  407,  208,  830,  263,  604,  936,  244,  158,  753,  457,  377,  555,  559,  615,  605,  204,  282,  283,  381,  710,  435,  522,  197,  797,  358,  442,  358,  486,  670,  582,  548,    0,  837,  312,  404,   70,  642,  436,  257,  491,  596,  379,  660,  354,  918,  826,  181,  604,  659,  358,  417,  769,  744,  455,  574,  483,  481,   34,  530,  709,  542,  695,  599,  171,  624,  351,  488,  742,  721,  819,  827,  479,  467,  171,  799,   79,  523,  888,  579,  421,  392,  169,  707,  457,  672,  599,  776,  414,  468,  546,  759,  385,  700,  602,  372,  847,  821,  665,  321],
        [  593,    0,  918, 1143,   37, 1042,  736,  262,  242,  786,  833,  613,  535,  503,  644,  608,  580, 1039,  945,  633,  735,  104,  637,  737,  878,  278,  509,  524,  927,  811, 1017,  483,  337, 1036,  352,  742,  241,  998,  844, 1007,  764,  915,  943, 1161,  837,    0,  546, 1105,  846,  223,  433, 1058,  370,  343,  801,  702, 1026,  763,  328,  758,  280,  183, 1078,  434,  303,  834,  540,  264, 1220, 1162,  810,  445,  139,  665,  210,  731,  695, 1009,  503,  465,  950,  412,   32,  855,  590, 1196, 1006,  979,  914,  601,  961, 1251, 1006,  677,  918,  887,  519,  694, 1316,  672,  734,  597, 1152,  237,  977,  705,  953,  661,  265,  882, 1014,  601],
        [  576,    0,  392,  661,  516,  729,  371,  420,  307,  822,  315,  101,  330,  275,  186,  724,   61,  758,  937,  220,  189,  476,  433,  438,  645,  276,  499,  498,  383,  291,  557,   70,  513,  653,  212,  313,  564,  588,  551,  594,  534,  741,  696,  782,  312,  546,    0,  670,  343,  337,  240,  561,  262,  393,  482,  631,  601,  851,  618,  215,  295,  364,  630,  112,  557,  755,  192,  287,  769,  742,  280,  378,  431,  520,  446,  599,  151,  756,   43,  343,  807,  553,  524,  823,  422,  748,  480,  858,  383,  467,  911,  841,  629,  232,  440,  753,  349,  637,  880,  707,  463,  416,  776,  525,  592,  664,  715,  203,  618,  831,  785,  100],
        [  690,    0,  359,  139, 1069,  270,  370,  865,  915,  800,  388,  698,  581,  603,  495,  853,  610,  333,  798,  486,  558, 1006,  515,  393,  406,  846,  704,  688,  553,  678,  122,  733,  868,  131,  858,  373,  984,  115,  334,  103,  436,  502,  382,  165,  404, 1105,  670,    0,  344,  955,  673,  196,  736,  787,  336,  629,   80,  873,  976,  584,  932,  951,   48,  752,  933,  636,  843,  863,  118,   78,  434,  688,  966,  551,  918,  553,  560,  381,  700,  656,  562,  842, 1096,  718,  562,   93,  326,  612,  382,  581,  731,  175,  152,  795,  238,  561,  604,  645,  214,  762,  414,  551,  168,  952,  156,  667,  397,  773, 1023,  695,  425,  710],
        [  614,    0,   96,  318,  812,  486,  234,  646,  626,  814,   49,  357,  400,  388,  203,  790,  288,  535,  877,  226,  216,  757,  413,  322,  491,  570,  581,  570,  268,  350,  224,  411,  692,  367,  548,  151,  786,  291,  377,  291,  428,  607,  515,  482,   70,  846,  343,  344,    0,  662,  429,  219,  488,  583,  317,  609,  289,  870,  808,  245,  628,  673,  299,  441,  753,  687,  503,  586,  431,  420,   94,  507,  714,  493,  691,  545,  218,  556,  380,  466,  679,  695,  830,  770,  440,  413,  170,  735,  110,  481,  827,  519,  353,  452,  106,  645,  429,  622,  546,  729,  359,  428,  480,  749,  316,  650,  536,  430,  835,  763,  597,  369],
        [  582,    0,  724,  972,  200,  939,  599,  258,   41,  814,  642,  394,  431,  382,  468,  659,  380,  950,  963,  470,  525,  191,  551,  625,  800,  121,  488,  499,  712,  590,  855,  270,  376,  906,  132,  582,  348,  856,  741,  864,  681,  864,  863, 1035,  642,  223,  337,  955,  662,    0,  303,  880,  247,  307,  685,  679,  878,  812,  433,  545,   59,   61,  922,  227,  381,  817,  319,  105, 1064, 1020,  613,  382,  160,  606,  239,  685,  488,  930,  295,  380,  913,  449,  196,  859,  512, 1042,  812,  952,  717,  539,  962, 1114,  878,  455,  746,  851,  427,  675, 1169,  692,  632,  515, 1027,  319,  844,  695,  877,  439,  396,  879,  945,  382],
        [  348,    0,  513,  712,  398,  638,  306,  218,  262,  596,  428,  341,  134,   80,  230,  485,  228,  648,  724,  206,  386,  336,  256,  323,  503,  183,  263,  265,  580,  522,  585,  231,  284,  610,  257,  311,  361,  567,  439,  576,  382,  576,  564,  738,  436,  433,  240,  673,  429,  303,    0,  632,   64,  165,  384,  420,  594,  618,  397,  425,  301,  284,  645,  196,  338,  554,  389,  200,  787,  732,  416,  139,  295,  325,  262,  406,  340,  630,  217,  110,  631,  315,  424,  612,  224,  763,  597,  676,  515,  261,  708,  823,  581,  468,  490,  572,  137,  422,  884,  476,  330,  223,  730,  323,  550,  447,  579,  440,  412,  625,  648,  338],
        [  746,    0,  190,  106, 1023,  439,  369,  844,  843,  903,  249,  565,  575,  578,  415,  921,  507,  500,  931,  427,  413,  966,  549,  432,  526,  784,  736,  722,  367,  506,  109,  630,  873,  293,  767,  324,  978,  227,  426,  218,  513,  637,  523,  360,  257, 1058,  561,  196,  219,  880,  632,    0,  693,  774,  394,  711,  195,  970,  988,  429,  847,  888,  151,  660,  937,  752,  712,  800,  238,  266,  290,  686,  923,  611,  892,  638,  427,  540,  598,  648,  704,  864, 1044,  837,  588,  227,  134,  759,  209,  620,  870,  354,  297,  641,  143,  690,  602,  727,  354,  843,  464,  576,  363,  942,  276,  752,  542,  624, 1023,  821,  585,  578],
        [  364,    0,  569,  775,  334,  696,  369,  166,  207,  610,  483,  360,  185,  139,  286,  483,  264,  703,  747,  267,  426,  273,  304,  382,  554,  127,  273,  279,  623,  551,  648,  235,  251,  673,  224,  374,  312,  630,  497,  640,  434,  620,  616,  800,  491,  370,  262,  736,  488,  247,   64,  693,    0,  132,  444,  449,  657,  625,  358,  462,  254,  224,  709,  191,  297,  585,  383,  143,  850,  795,  468,  151,  232,  364,  205,  444,  381,  683,  230,  137,  672,  296,  360,  637,  267,  826,  655,  714,  569,  297,  737,  886,  644,  478,  552,  611,  180,  448,  948,  488,  387,  269,  792,  273,  612,  471,  630,  452,  365,  653,  698,  355],
        [  277,    0,  671,  845,  308,  700,  420,   83,  274,  510,  586,  491,  207,  197,  389,  364,  390,  696,  657,  358,  549,  239,  296,  404,  535,  204,  183,  196,  744,  681,  714,  366,  121,  705,  331,  450,  205,  676,  505,  686,  422,  578,  600,  826,  596,  343,  393,  787,  583,  307,  165,  774,  132,    0,  467,  378,  708,  513,  233,  588,  335,  260,  766,  319,  174,  515,  508,  214,  904,  838,  578,  104,  213,  324,  136,  395,  504,  666,  362,  132,  620,  166,  345,  553,  248,  879,  752,  655,  674,  259,  657,  921,  675,  609,  631,  557,  185,  373,  992,  387,  396,  255,  817,  169,  649,  390,  611,  583,  253,  574,  673,  486],
        [  360,    0,  404,  427,  765,  256,  114,  548,  645,  513,  358,  552,  267,  306,  302,  530,  425,  278,  562,  262,  471,  698,  181,   64,  179,  567,  369,  353,  583,  633,  299,  526,  537,  239,  618,  198,  656,  222,   71,  234,  120,  293,  218,  361,  379,  801,  482,  336,  317,  685,  384,  394,  444,  467,    0,  318,  259,  578,  642,  514,  677,  667,  327,  524,  601,  374,  673,  584,  453,  376,  389,  364,  663,  221,  601,  245,  445,  275,  495,  338,  365,  507,  796,  458,  229,  427,  446,  421,  422,  246,  511,  455,  209,  681,  279,  329,  284,  333,  530,  449,   78,  219,  352,  626,  186,  359,  238,  653,  691,  448,  307,  560],
