{
    "name": "random-56-11734",
    "comment": "size=56 seed=11734",
    "nodes": ["+0", "-0", "+1", "-1", "+2", "-2", "+3", "-3", "+4", "-4", "+5", "-5", "+6", "-6", "+7", "-7", "+8", "-8", "+9", "-9", "+10", "-10", "+11", "-11", "+12", "-12", "+13", "-13", "+14", "-14", "+15", "-15", "+16", "-16", "+17", "-17", "+18", "-18", "+19", "-19", "+20", "-20", "+21", "-21", "+22", "-22", "+23", "-23", "+24", "-24", "+25", "-25", "+26", "-26", "+27", "-27", "+28", "-28", "+29", "-29", "+30", "-30", "+31", "-31", "+32", "-32", "+33", "-33", "+34", "-34", "+35", "-35", "+36", "-36", "+37", "-37", "+38", "-38", "+39", "-39", "+40", "-40", "+41", "-41", "+42", "-42", "+43", "-43", "+44", "-44", "+45", "-45", "+46", "-46", "+47", "-47", "+48", "-48", "+49", "-49", "+50", "-50", "+51", "-51", "+52", "-52", "+53", "-53", "+54", "-54", "+55", "-55", "+56", "-56"],
    "precedence": {
        "+0": "-0",
        "+1": "-1",
        "+2": "-2",
        "+3": "-3",
        "+4": "-4",
        "+5": "-5",
        "+6": "-6",
        "+7": "-7",
        "+8": "-8",
        "+9": "-9",
        "+10": "-10",
        "+11": "-11",
        "+12": "-12",
        "+13": "-13",
        "+14": "-14",
        "+15": "-15",
        "+16": "-16",
        "+17": "-17",
        "+18": "-18",
        "+19": "-19",
        "+20": "-20",
        "+21": "-21",
        "+22": "-22",
        "+23": "-23",
        "+24": "-24",
        "+25": "-25",
        "+26": "-26",
        "+27": "-27",
        "+28": "-28",
        "+29": "-29",
        "+30": "-30",
        "+31": "-31",
        "+32": "-32",
        "+33": "-33",
        "+34": "-34",
        "+35": "-35",
        "+36": "-36",
        "+37": "-37",
        "+38": "-38",
        "+39": "-39",
        "+40": "-40",
        "+41": "-41",
        "+42": "-42",
        "+43": "-43",
        "+44": "-44",
        "+45": "-45",
        "+46": "-46",
        "+47": "-47",
        "+48": "-48",
        "+49": "-49",
        "+50": "-50",
        "+51": "-51",
        "+52": "-52",
        "+53": "-53",
        "+54": "-54",
        "+55": "-55",
        "+56": "-56"
    },
    "edges": [
        [    0,    0,  130,  395,  636,  196,  643,  570,  691,  516,   95,  818,  474,  278,  734,  379,  409,  425,  603,  356,  693,  406,  142,  186,  309,  506,  239,  399,  741,  487,  336,  462,  451,  411,  390,  499,  357,  558,  423,  475,  303,  178,  585,  478,  469,  695,  292,  129,  437,  674,  302,  625,  337,  443,  245,  493,  508,  600,  655,  436,  286,  361,  295,  458,  145,  360,  577,  331,  478,  347,  377,  335,  491,  419,  449,  312,  254,  496,  480,  459,  522,  302,  623,  574,  625,  227,  304,  475,  480,  762,  226,  178,  471,  559,  810,  485,  496,  240,  303,  344,  611,  483,  386,  491,  202,  465,  262,  468,  395,  547,  371,  197,  606,  724],
        [    0,    0,    0,    0,    0,    0,    0,    0,    0,    0,    0,    0,    0,    0,    0,    0,    0,    0,    0,    0,    0,    0,    0,    0,    0,    0,    0,    0,    0,    0,    0,    0,    0,    0,    0,    0,    0,    0,    0,    0,    0,    0,    0,    0,    0,    0,    0,    0,    0,    0,    0,    0,    0,    0,    0,    0,    0,    0,    0,    0,    0,    0,    0,    0,    0,    0,    0,    0,    0,    0,    0,    0,    0,    0,    0,    0,    0,    0,    0,    0,    0,    0,    0,    0,    0,    0,    0,    0,    0,    0,    0,    0,    0,    0,    0,    0,    0,    0,    0,    0,    0,    0,    0,    0,    0,    0,    0,    0,    0,    0,    0,    0,    0,    0],
        [  130,    0,    0,  415,  715,  319,  716,  698,  757,  474,  174,  881,  594,  350,  863,  503,  539,  512,  732,  452,  730,  434,  128,  305,  434,  535,  369,  437,  870,  606,  206,  447,  571,  443,  374,  615,  480,  473,  509,  454,  276,  267,  663,  419,  593,  738,  366,  239,  383,  803,  224,  754,  263,  532,  361,  399,  597,  723,  693,  548,  404,  327,  175,  528,  275,  243,  705,  234,  566,  465,  422,  257,  381,  441,  336,  213,  370,  515,  606,  344,  608,  229,  704,  675,  752,   99,  196,  584,  610,  840,  146,  155,  426,  685,  874,  466,  460,  366,  281,  333,  656,  407,  516,  466,  234,  589,  136,  495,  505,  601,  464,  230,  728,  852],
        [  395,    0,  415,    0,  992,  365, 1006,  638, 1061,  887,  489, 1188,  473,  660,  789,  444,  564,  260,  767,  703, 1084,  800,  518,  341,  576,  899,  450,   62,  793,  751,  519,  849,  464,   46,  112,  461,  625,  877,  779,  148,  171,  258,  944,  833,  514, 1083,  182,  318,  797,  829,  291,  784,  281,  276,  336,  798,  855,  829, 1046,  737,  356,  736,  553,  831,  430,  619,  744,  346,  830,  637,   82,  289,  757,   28,  709,  617,  338,  891,  533,  714,  873,  642,  975,  892,  819,  476,  373,  401,  616, 1117,  560,  553,  839,  772, 1180,  870,  872,  398,  684,  112,  998,  817,  575,  873,  194,  502,  434,   83,  356,  930,  723,  199,  841,  771],
        [  636,    0,  715,  992,    0,  635,   39,  668,  100,  576,  550,  207,  740,  366,  738,  666,  548,  882,  517,  289,  258,  345,  596,  656,  437,  298,  560,  971,  746,  333,  863,  473,  723,  991, 1016,  786,  402,  766,  215, 1100,  937,  735,   53,  630,  686,  227,  829,  675,  606,  545,  932,  530,  968,  889,  680,  769,  139,  388,  243,  287,  684,  544,  775,  190,  562,  795,  508,  949,  163,  374,  943,  965,  839, 1010,  830,  714,  683,  342,  677,  842,  120,  647,   22,  164,  463,  764,  910,  817,  563,  127,  658,  584,  579,  423,  199,  488,  549,  617,  526,  970,  201,  699,  507,  511,  817,  697,  836, 1046,  772,  172,  271,  812,  374,  745],
        [  196,    0,  319,  365,  635,    0,  653,  383,  712,  677,  237,  836,  278,  342,  549,  184,  240,  274,  448,  350,  760,  507,  325,   26,  212,  596,   87,  338,  556,  390,  521,  604,  255,  358,  415,  305,  261,  745,  428,  492,  363,  119,  590,  652,  275,  754,  194,   90,  610,  518,  421,  469,  446,  287,   60,  684,  497,  480,  723,  373,   94,  525,  490,  490,   95,  555,  423,  467,  474,  273,  309,  448,  687,  380,  645,  506,   68,  600,  287,  654,  516,  490,  617,  528,  486,  417,  454,  287,  308,  758,  418,  357,  636,  429,  828,  629,  653,   50,  464,  372,  671,  668,  232,  640,  226,  271,  439,  413,  210,  597,  371,  223,  491,  537],
        [  643,    0,  716, 1006,   39,  653,    0,  702,   65,  550,  554,  184,  769,  368,  775,  693,  577,  905,  553,  304,  220,  330,  594,  673,  460,  273,  580,  988,  783,  366,  857,  450,  751, 1007, 1027,  815,  428,  743,  228, 1111,  945,  749,   64,  608,  716,  188,  846,  689,  586,  583,  935,  567,  972,  912,  700,  749,  160,  425,  206,  315,  705,  528,  767,  188,  577,  784,  544,  950,  180,  397,  960,  968,  822, 1025,  815,  703,  703,  317,  708,  827,  140,  635,   58,  200,  500,  760,  910,  844,  595,  125,  652,  580,  556,  459,  176,  463,  524,  638,  514,  980,  167,  678,  535,  486,  828,  726,  833, 1063,  797,  148,  284,  823,  411,  782],
        [  570,    0,  698,  638,  668,  383,  702,    0,  767,  967,  578,  866,  168,  575,  167,  209,  177,  395,  185,  490,  889,  735,  677,  402,  335,  790,  334,  583,  173,  337,  902,  871,  175,  606,  728,  196,  326, 1080,  544,  785,  709,  477,  647,  965,  125,  868,  469,  471,  924,  220,  791,  189,  811,  387,  357, 1031,  557,  311,  858,  402,  317,  833,  864,  624,  431,  925,  179,  841,  555,  366,  558,  814, 1049,  638, 1010,  867,  350,  813,  107, 1021,  578,  836,  647,  508,  255,  796,  833,  257,  119,  757,  777,  702,  936,  258,  859,  897,  939,  334,  775,  696,  802,  999,  218,  915,  581,  137,  822,  640,  283,  728,  508,  580,  328,  154],
        [  691,    0,  757, 1061,  100,  712,   65,  767,    0,  549,  600,  127,  833,  414,  837,  756,  642,  966,  616,  362,  177,  351,  632,  731,  522,  278,  640, 1045,  845,  430,  887,  455,  815, 1063, 1078,  879,  491,  745,  284, 1162,  994,  805,  126,  613,  781,  143,  904,  744,  595,  643,  978,  629, 1016,  974,  760,  758,  223,  486,  174,  379,  766,  545,  796,  234,  633,  807,  607,  990,  240,  460, 1017, 1011,  836, 1081,  831,  728,  764,  320,  772,  843,  202,  659,  121,  263,  561,  795,  949,  908,  660,  111,  683,  616,  561,  522,  120,  465,  525,  698,  538, 1031,  151,  685,  599,  487,  880,  791,  870, 1119,  860,  164,  341,  875,  472,  844],
        [  516,    0,  474,  887,  576,  677,  550,  967,  549,    0,  442,  636,  932,  394, 1106,  832,  792,  937,  906,  501,  419,  259,  376,  678,  632,  279,  667,  904, 1114,  707,  473,  108,  909,  912,  845,  969,  648,  197,  486,  922,  746,  693,  535,   82,  906,  447,  807,  639,   98,  966,  668,  928,  704,  953,  735,  228,  543,  826,  397,  622,  769,  156,  387,  430,  586,  356,  884,  649,  518,  610,  885,  696,  317,  913,  332,  303,  744,  234,  910,  341,  535,  253,  580,  651,  888,  438,  601,  962,  851,  660,  331,  340,   49,  821,  631,   89,   30,  702,  215,  805,  400,  152,  749,   66,  699,  908,  509,  966,  886,  404,  491,  694,  821, 1103],
        [   95,    0,  174,  489,  550,  237,  554,  578,  600,  442,    0,  727,  507,  187,  736,  407,  406,  496,  581,  279,  598,  312,  100,  237,  276,  411,  247,  490,  744,  437,  363,  378,  483,  503,  484,  539,  318,  512,  340,  569,  396,  258,  498,  415,  491,  601,  374,  200,  373,  651,  382,  604,  419,  512,  294,  456,  427,  558,  561,  375,  330,  289,  301,  368,  154,  355,  555,  403,  396,  298,  466,  415,  471,  512,  435,  290,  303,  403,  499,  446,  438,  260,  538,  502,  593,  251,  368,  524,  476,  676,  201,  125,  400,  524,  719,  402,  420,  269,  228,  439,  516,  433,  374,  411,  296,  490,  308,  560,  447,  453,  292,  291,  561,  728],
        [  818,    0,  881, 1188,  207,  836,  184,  866,  127,  636,  727,    0,  945,  540,  920,  873,  753, 1087,  704,  487,  222,  465,  755,  856,  643,  380,  763, 1170,  928,  534, 1004,  551,  928, 1189, 1205,  991,  608,  832,  410, 1289, 1121,  931,  247,  706,  891,  191, 1029,  870,  693,  722, 1103,  714, 1141, 1094,  883,  855,  343,  570,  240,  493,  888,  652,  912,  361,  759,  919,  698, 1114,  363,  579, 1142, 1136,  936, 1207,  936,  840,  887,  420,  881,  947,  323,  772,  227,  359,  643,  915, 1072, 1023,  765,  116,  801,  737,  654,  613,    8,  557,  614,  821,  652, 1158,  245,  779,  712,  578, 1007,  901,  991, 1245,  979,  282,  466, 1002,  555,  929],
        [  474,    0,  594,  473,  740,  278,  769,  168,  833,  932,  507,  945,    0,  558,  317,  101,  192,  228,  330,  507,  929,  727,  600,  290,  331,  800,  266,  418,  321,  416,  791,  848,   24,  441,  568,   47,  347, 1018,  575,  621,  559,  345,  708,  917,   59,  914,  313,  355,  875,  379,  652,  340,  667,  220,  234,  960,  612,  434,  895,  455,  191,  786,  766,  653,  354,  832,  315,  705,  601,  384,  393,  671,  964,  473,  922,  784,  225,  815,   76,  932,  633,  765,  719,  591,  395,  692,  703,   94,  196,  844,  695,  631,  895,  375,  937,  874,  906,  238,  726,  539,  839,  939,  235,  888,  440,   46,  705,  472,  119,  762,  527,  439,  450,  300],
        [  278,    0,  350,  660,  366,  342,  368,  575,  414,  394,  187,  540,  558,    0,  713,  460,  401,  616,  518,  127,  425,  171,  234,  355,  241,  254,  301,  652,  721,  331,  511,  297,  535,  669,  667,  599,  255,  530,  163,  752,  581,  411,  313,  402,  524,  423,  521,  348,  363,  582,  567,  541,  604,  628,  400,  499,  251,  455,  387,  250,  422,  274,  429,  181,  250,  464,  495,  584,  219,  218,  626,  600,  545,  682,  521,  385,  406,  261,  525,  534,  259,  327,  355,  341,  508,  405,  546,  604,  458,  491,  312,  230,  366,  439,  533,  323,  365,  350,  225,  621,  338,  449,  358,  340,  473,  528,  474,  726,  535,  270,  129,  468,  454,  710],
        [  734,    0,  863,  789,  738,  549,  775,  167,  837, 1106,  736,  920,  317,  713,    0,  375,  331,  537,  223,  613,  979,  863,  836,  569,  479,  905,  497,  732,    9,  427, 1068, 1006,  330,  755,  885,  331,  458, 1231,  653,  936,  872,  643,  727, 1111,  287,  953,  628,  637, 1071,  201,  957,  208,  975,  525,  523, 1185,  647,  352,  952,  506,  483,  979, 1027,  732,  593, 1087,  236, 1007,  653,  496,  708,  978, 1207,  787, 1171, 1026,  516,  934,  270, 1181,  667,  992,  717,  575,  278,  960, 1000,  393,  262,  806,  936,  859, 1078,  319,  914, 1031, 1077,  500,  923,  855,  897, 1149,  366, 1050,  746,  296,  987,  783,  436,  827,  627,  745,  367,   21],
        [  379,    0,  503,  444,  666,  184,  693,  209,  756,  832,  407,  873,  101,  460,  375,    0,  134,  235,  324,  417,  842,  630,  502,  200,  241,  705,  166,  396,  380,  356,  704,  748,   77,  419,  527,  139,  266,  919,  489,  589,  502,  269,  631,  816,   92,  828,  268,  268,  775,  385,  583,  340,  602,  236,  150,  862,  534,  401,  807,  380,  109,  686,  674,  565,  254,  738,  302,  633,  520,  299,  368,  605,  868,  449,  827,  687,  142,  719,  106,  837,  555,  666,  646,  526,  379,  601,  627,  153,  173,  777,  598,  532,  795,  342,  865,  774,  806,  140,  625,  492,  751,  839,  164,  788,  373,   87,  620,  461,  113,  675,  438,  371,  416,  360],
        [  409,    0,  539,  564,  548,  240,  577,  177,  642,  792,  406,  753,  192,  401,  331,  134,    0,  368,  211,  327,  744,  565,  505,  264,  161,  627,  171,  520,  339,  227,  744,  698,  176,  543,  635,  238,  163,  904,  390,  704,  597,  352,  517,  789,  140,  726,  383,  328,  748,  279,  661,  230,  685,  369,  237,  856,  421,  270,  711,  263,  209,  657,  699,  470,  266,  758,  186,  706,  412,  202,  491,  687,  877,  571,  840,  696,  232,  647,  134,  851,  443,  662,  527,  400,  256,  635,  692,  273,   72,  654,  606,  529,  760,  211,  746,  724,  764,  191,  598,  597,  654,  823,   47,  741,  461,  150,  668,  588,  246,  578,  347,  458,  284,  323],
        [  425,    0,  512,  260,  882,  274,  905,  395,  966,  937,  496, 1087,  228,  616,  537,  235,  368,    0,  549,  610, 1030,  781,  567,  265,  445,  870,  328,  199,  540,  588,  681,  871,  224,  221,  365,  206,  482,  979,  687,  405,  383,  250,  841,  902,  278, 1021,  151,  299,  862,  603,  494,  562,  499,   20,  216,  909,  745,  636,  993,  600,  201,  782,  683,  755,  368,  752,  530,  551,  727,  509,  180,  505,  892,  254,  846,  723,  210,  874,  297,  853,  766,  724,  862,  752,  609,  602,  562,  145,  402,  999,  644,  602,  893,  576, 1080,  896,  915,  272,  722,  346,  939,  907,  395,  906,  298,  264,  591,  247,  124,  864,  632,  300,  651,  518],
        [  603,    0,  732,  767,  517,  448,  553,  185,  616,  906,  581,  704,  330,  518,  223,  324,  211,  549,    0,  406,  756,  656,  678,  473,  306,  690,  372,  719,  231,  208,  936,  803,  327,  743,  844,  369,  270, 1046,  438,  910,  807,  562,  504,  920,  274,  731,  588,  536,  881,   71,  869,   24,  894,  544,  447, 1009,  425,  134,  730,  291,  416,  791,  881,  514,  459,  935,   27,  912,  432,  303,  692,  895, 1043,  773, 1010,  866,  442,  721,  256, 1022,  445,  822,  496,  354,   70,  824,  895,  424,  152,  591,  778,  695,  883,   96,  697,  827,  877,  400,  738,  806,  675,  965,  220,  848,  671,  288,  865,  784,  427,  606,  419,  668,  151,  229],
        [  356,    0,  452,  703,  289,  350,  304,  490,  362,  501,  279,  487,  507,  127,  613,  417,  327,  610,  406,    0,  426,  251,  349,  370,  177,  300,  282,  684,  621,  209,  628,  397,  486,  704,  729,  551,  166,  651,   78,  812,  652,  446,  242,  520,  463,  413,  543,  386,  483,  466,  657,  428,  692,  619,  400,  624,  155,  331,  391,  125,  410,  396,  551,  148,  274,  589,  385,  681,  127,  126,  656,  690,  672,  722,  648,  510,  404,  324,  460,  660,  170,  454,  273,  224,  389,  520,  647,  568,  372,  415,  434,  350,  479,  321,  479,  422,  471,  339,  350,  683,  335,  571,  281,  442,  529,  470,  583,  759,  511,  258,   22,  524,  329,  612],
        [  693,    0,  730, 1084,  258,  760,  220,  889,  177,  419,  598,  222,  929,  425,  979,  842,  744, 1030,  756,  426,    0,  296,  602,  776,  602,  196,  703, 1077,  987,  556,  823,  344,  909, 1093, 1082,  975,  583,  615,  355, 1166,  990,  836,  254,  493,  882,   36,  945,  773,  485,  793,  953,  773,  992, 1040,  815,  643,  334,  634,   39,  488,  831,  458,  730,  278,  671,  726,  743,  955,  335,  546, 1051,  986,  728, 1106,  732,  652,  821,  224,  877,  743,  313,  584,  275,  410,  709,  746,  911,  994,  775,  279,  627,  577,  442,  660,  219,  346,  400,  758,  471, 1036,   92,  566,  698,  365,  893,  890,  823, 1150,  936,  168,  405,  888,  622,  983],
        [  406,    0,  434,  800,  345,  507,  330,  735,  351,  259,  312,  465,  727,  171,  863,  630,  565,  781,  656,  251,  296,    0,  306,  517,  405,  102,  471,  799,  871,  453,  540,  151,  705,  814,  790,  769,  410,  432,  228,  874,  697,  562,  298,  295,  691,  305,  676,  500,  266,  713,  658,  677,  696,  794,  566,  426,  288,  569,  259,  368,  590,  199,  448,  176,  413,  457,  635,  661,  261,  370,  775,  690,  495,  824,  486,  378,  573,   94,  692,  498,  283,  309,  344,  396,  633,  455,  617,  774,  617,  452,  338,  282,  247,  568,  458,  174,  229,  518,  188,  745,  226,  359,  520,  196,  607,  696,  531,  871,  705,  187,  238,  602,  563,  862],
        [  142,    0,  128,  518,  596,  325,  594,  677,  632,  376,  100,  755,  600,  234,  836,  502,  505,  567,  678,  349,  602,  306,    0,  320,  373,  407,  345,  530,  843,  526,  280,  331,  577,  540,  492,  630,  412,  421,  397,  575,  396,  319,  543,  336,  587,  610,  433,  270,  295,  747,  352,  701,  390,  585,  379,  360,  484,  648,  565,  457,  418,  221,  207,  407,  249,  257,  652,  359,  452,  388,  511,  385,  372,  544,  336,  191,  388,  388,  596,  347,  492,  165,  586,  571,  687,  172,  318,  611,  575,  718,  102,   37,  330,  618,  748,  352,  357,  362,  167,  449,  528,  344,  473,  356,  326,  586,  241,  595,  532,  474,  357,  322,  651,  827],
        [  186,    0,  305,  341,  656,   26,  673,  402,  731,  678,  237,  856,  290,  355,  569,  200,  264,  265,  473,  370,  776,  517,  320,    0,  236,  608,  113,  316,  575,  416,  505,  609,  267,  336,  389,  314,  285,  740,  447,  467,  338,   93,  610,  650,  291,  770,  174,   69,  609,  542,  398,  493,  422,  279,   60,  677,  518,  506,  738,  396,  101,  525,  477,  508,  106,  543,  447,  444,  495,  296,  288,  424,  676,  357,  634,  497,   69,  611,  304,  643,  537,  484,  638,  551,  511,  403,  433,  291,  331,  779,  410,  353,  636,  454,  848,  634,  655,   73,  465,  347,  686,  663,  258,  644,  201,  286,  421,  391,  212,  613,  390,  198,  516,  556],
        [  309,    0,  434,  576,  437,  212,  460,  335,  522,  632,  276,  643,  331,  241,  479,  241,  161,  445,  306,  177,  602,  405,  373,  236,    0,  470,  128,  547,  487,  185,  635,  537,  310,  568,  623,  375,   51,  753,  248,  702,  562,  327,  397,  633,  289,  588,  402,  278,  593,  376,  598,  329,  629,  452,  248,  710,  300,  292,  567,  162,  247,  501,  576,  324,  174,  629,  280,  635,  283,   64,  518,  628,  739,  591,  705,  560,  249,  488,  288,  717,  321,  519,  418,  317,  319,  522,  611,  393,  220,  556,  473,  390,  602,  252,  635,  563,  604,  184,  445,  579,  510,  671,  117,  580,  428,  296,  569,  621,  339,  434,  198,  423,  299,  474],
        [  506,    0,  535,  899,  298,  596,  273,  790,  278,  279,  411,  380,  800,  254,  905,  705,  627,  870,  690,  300,  196,  102,  407,  608,  470,    0,  551,  897,  914,  483,  631,  179,  778,  912,  891,  843,  466,  471,  253,  976,  799,  658,  259,  337,  759,  209,  771,  596,  318,  741,  758,  710,  796,  882,  654,  481,  283,  588,  160,  400,  675,  273,  538,  178,  503,  540,  672,  760,  265,  426,  873,  790,  559,  923,  557,  463,  660,   45,  758,  568,  271,  394,  302,  389,  658,  551,  715,  852,  671,  386,  433,  382,  285,  597,  374,  191,  252,  602,  277,  846,  136,  408,  581,  214,  707,  765,  628,  969,  787,  126,  282,  702,  580,  906],
        [  239,    0,  369,  450,  560,   87,  580,  334,  640,  667,  247,  763,  266,  301,  497,  166,  171,  328,  372,  282,  703,  471,  345,  113,  128,  551,    0,  420,  504,  304,  574,  583,  243,  441,  502,  304,  175,  757,  359,  579,  448,  205,  517,  652,  245,  693,  275,  167,  610,  443,  499,  394,  526,  338,  121,  703,  422,  395,  667,  289,  128,  521,  531,  428,   98,  592,  346,  541,  401,  190,  391,  526,  716,  464,  677,  534,  124,  561,  252,  688,  441,  507,  541,  444,  404,  465,  524,  304,  242,  680,  444,  372,  629,  345,  755,  609,  641,   58,  460,  459,  612,  677,  153,  623,  311,  245,  498,  494,  236,  537,  304,  308,  405,  487],
        [  399,    0,  437,   62,  971,  338,  988,  583, 1045,  904,  490, 1170,  418,  652,  732,  396,  520,  199,  719,  684, 1077,  799,  530,  316,  547,  897,  420,    0,  736,  716,  560,  859,  409,   24,  173,  403,  593,  906,  761,  206,  219,  242,  925,  854,  460, 1074,  145,  305,  817,  780,  340,  735,  334,  215,  301,  829,  834,  787, 1039,  708,  315,  750,  586,  817,  412,  653,  697,  396,  810,  609,   30,  341,  794,   56,  745,  645,  301,  892,  480,  751,  852,  665,  954,  864,  773,  507,  419,  342,  569, 1095,  582,  566,  856,  730, 1162,  881,  887,  364,  696,  166,  990,  843,  534,  886,  205,  448,  472,   75,  301,  919,  704,  210,  800,  714],
        [  741,    0,  870,  793,  746,  556,  783,  173,  845, 1114,  744,  928,  321,  721,    9,  380,  339,  540,  231,  621,  987,  871,  843,  575,  487,  914,  504,  736,    0,  435, 1075, 1014,  334,  758,  889,  334,  466, 1239,  662,  940,  877,  649,  735, 1119,  292,  962,  632,  644, 1079,  208,  962,  216,  981,  528,  529, 1193,  655,  360,  960,  514,  488,  988, 1034,  740,  601, 1095,  245, 1013,  661,  504,  712,  984, 1215,  791, 1178, 1034,  522,  943,  275, 1189,  675, 1000,  725,  583,  286,  967, 1006,  396,  270,  814,  944,  867, 1086,  327,  922, 1040, 1085,  507,  931,  859,  905, 1157,  374, 1059,  752,  301,  994,  786,  440,  836,  636,  750,  375,   22],
        [  487,    0,  606,  751,  333,  390,  366,  337,  430,  707,  437,  534,  416,  331,  427,  356,  227,  588,  208,  209,  556,  453,  526,  416,  185,  483,  304,  716,  435,    0,  800,  602,  401,  739,  804,  462,  134,  859,  231,  882,  746,  508,  310,  728,  360,  533,  573,  462,  691,  261,  781,  228,  812,  590,  416,  829,  223,  125,  528,   86,  404,  603,  732,  307,  357,  778,  191,  816,  226,  141,  687,  811,  872,  764,  845,  703,  416,  514,  349,  857,  243,  652,  311,  176,  181,  688,  790,  500,  231,  430,  621,  535,  687,  116,  526,  626,  678,  354,  555,  761,  472,  778,  193,  647,  611,  371,  741,  789,  468,  401,  217,  607,  126,  430],
        [  336,    0,  206,  519,  863,  521,  857,  902,  887,  473,  363, 1004,  791,  511, 1068,  704,  744,  681,  936,  628,  823,  540,  280,  505,  635,  631,  574,  560, 1075,  800,    0,  493,  770,  559,  438,  809,  679,  387,  673,  499,  350,  452,  811,  397,  795,  839,  531,  437,  377, 1007,  237,  958,  263,  701,  558,  305,  760,  920,  789,  735,  601,  368,   94,  674,  480,  123,  909,  196,  728,  660,  554,  254,  245,  546,  198,  176,  567,  599,  808,  200,  767,  240,  856,  850,  953,  113,  154,  772,  816,  981,  206,  282,  428,  885,  997,  502,  472,  569,  354,  413,  764,  350,  721,  493,  384,  790,   91,  600,  694,  724,  636,  382,  924, 1056],
        [  462,    0,  447,  849,  473,  604,  450,  871,  455,  108,  378,  551,  848,  297, 1006,  748,  698,  871,  803,  397,  344,  151,  331,  609,  537,  179,  583,  859, 1014,  602,  493,    0,  824,  870,  819,  886,  549,  293,  379,  901,  722,  635,  431,  158,  817,  367,  751,  577,  142,  862,  659,  825,  696,  887,  663,  305,  435,  719,  316,  517,  693,  127,  400,  323,  510,  387,  781,  649,  410,  511,  838,  689,  385,  874,  388,  318,  671,  135,  820,  399,  428,  254,  476,  544,  782,  434,  601,  884,  754,  564,  316,  297,  106,  716,  546,   26,   79,  624,  166,  777,  309,  230,  654,   45,  656,  821,  510,  926,  810,  302,  386,  652,  714, 1004],
        [  451,    0,  571,  464,  723,  255,  751,  175,  815,  909,  483,  928,   24,  535,  330,   77,  176,  224,  327,  486,  909,  705,  577,  267,  310,  778,  243,  409,  334,  401,  770,  824,    0,  432,  556,   66,  328,  995,  555,  611,  543,  325,  690,  893,   54,  894,  298,  334,  851,  380,  634,  339,  650,  218,  212,  936,  593,  426,  875,  437,  169,  763,  744,  632,  330,  809,  310,  686,  582,  364,  384,  653,  941,  464,  899,  760,  203,  793,   73,  909,  615,  741,  702,  576,  391,  670,  684,  101,  187,  829,  672,  607,  871,  366,  921,  850,  883,  215,  702,  525,  818,  916,  217,  865,  422,   41,  684,  467,  109,  742,  506,  421,  442,  313],
        [  411,    0,  443,   46,  991,  358, 1007,  606, 1063,  912,  503, 1189,  441,  669,  755,  419,  543,  221,  743,  704, 1093,  814,  540,  336,  568,  912,  441,   24,  758,  739,  559,  870,  432,    0,  158,  425,  615,  910,  780,  185,  213,  260,  945,  861,  484, 1091,  167,  322,  825,  803,  334,  758,  326,  236,  323,  832,  854,  810, 1055,  730,  338,  760,  588,  836,  431,  655,  721,  389,  829,  630,   52,  333,  795,   33,  746,  650,  323,  906,  503,  751,  872,  671,  974,  885,  797,  510,  415,  364,  592, 1115,  588,  576,  865,  753, 1182,  892,  896,  386,  707,  156, 1006,  848,  557,  896,  215,  471,  472,   57,  324,  936,  724,  219,  824,  736],
        [  390,    0,  374,  112, 1016,  415, 1027,  728, 1078,  845,  484, 1205,  568,  667,  885,  527,  635,  365,  844,  729, 1082,  790,  492,  389,  623,  891,  502,  173,  889,  804,  438,  819,  556,  158,    0,  561,  673,  812,  801,   85,   99,  297,  967,  784,  603, 1085,  260,  348,  751,  909,  202,  862,  183,  383,  400,  731,  882,  892, 1044,  779,  428,  700,  486,  845,  461,  548,  820,  251,  855,  680,  187,  192,  682,  131,  634,  558,  404,  877,  622,  637,  898,  594, 1001,  931,  890,  415,  286,  503,  694, 1142,  514,  524,  796,  839, 1197,  839,  832,  456,  654,   47, 1000,  759,  640,  839,  200,  592,  360,  177,  450,  936,  746,  205,  904,  867],
        [  499,    0,  615,  461,  786,  305,  815,  196,  879,  969,  539,  991,   47,  599,  331,  139,  238,  206,  369,  551,  975,  769,  630,  314,  375,  843,  304,  403,  334,  462,  809,  886,   66,  425,  561,    0,  393, 1049,  620,  608,  560,  359,  754,  951,  103,  959,  312,  377,  909,  413,  658,  377,  671,  195,  256,  989,  658,  477,  940,  501,  214,  821,  789,  698,  387,  856,  354,  712,  647,  429,  380,  675,  990,  458,  947,  810,  246,  857,  117,  956,  679,  794,  765,  637,  435,  713,  714,   63,  239,  890,  723,  661,  931,  418,  984,  912,  943,  270,  760,  535,  884,  971,  281,  926,  447,   91,  721,  453,  119,  807,  572,  447,  493,  312],
        [  357,    0,  480,  625,  402,  261,  428,  326,  491,  648,  318,  608,  347,  255,  458,  266,  163,  482,  270,  166,  583,  410,  412,  285,   51,  466,  175,  593,  466,  134,  679,  549,  328,  615,  673,  393,    0,  779,  229,  751,  613,  377,  365,  655,  300,  567,  448,  329,  615,  338,  649,  293,  680,  488,  293,  740,  268,  243,  549,  119,  288,  524,  618,  308,  225,  668,  245,  685,  255,   41,  564,  679,  773,  638,  742,  597,  294,  488,  296,  753,  290,  553,  382,  273,  275,  567,  660,  418,  208,  517,  511,  427,  621,  207,  601,  575,  619,  229,  470,  629,  493,  697,  117,  593,  478,  308,  616,  667,  371,  416,  185,  474,  249,  455],
        [  558,    0,  473,  877,  766,  745,  743, 1080,  745,  197,  512,  832, 1018,  530, 1231,  919,  904,  979, 1046,  651,  615,  432,  421,  740,  753,  471,  757,  906, 1239,  859,  387,  293,  995,  910,  812, 1049,  779,    0,  652,  880,  717,  730,  723,  138, 1001,  643,  836,  687,  169, 1111,  616, 1069,  646,  998,  799,   83,  719,  981,  593,  775,  839,  256,  326,  607,  665,  267, 1022,  582,  691,  744,  893,  637,  161,  904,  197,  261,  809,  427, 1009,  201,  714,  257,  768,  827, 1037,  402,  537, 1031,  970,  855,  335,  389,  188,  969,  827,  281,  220,  781,  309,  780,  595,   82,  866,  258,  706, 1001,  453,  959,  952,  595,  645,  702,  979, 1225],
        [  423,    0,  509,  779,  215,  428,  228,  544,  284,  486,  340,  410,  575,  163,  653,  489,  390,  687,  438,   78,  355,  228,  397,  447,  248,  253,  359,  761,  662,  231,  673,  379,  555,  780,  801,  620,  229,  652,    0,  885,  722,  522,  166,  517,  528,  340,  620,  462,  483,  490,  721,  458,  757,  696,  477,  635,   88,  342,  321,  148,  486,  402,  591,   81,  350,  621,  419,  741,   57,  191,  733,  754,  691,  798,  672,  541,  481,  284,  523,  684,  100,  479,  201,  182,  409,  568,  705,  640,  427,  342,  473,  392,  472,  346,  402,  401,  457,  416,  366,  755,  265,  575,  344,  423,  602,  536,  636,  836,  586,  188,   57,  598,  336,  655],
        [  475,    0,  454,  148, 1100,  492, 1111,  785, 1162,  922,  569, 1289,  621,  752,  936,  589,  704,  405,  910,  812, 1166,  874,  575,  467,  702,  976,  579,  206,  940,  882,  499,  901,  611,  185,   85,  608,  751,  880,  885,    0,  179,  376, 1051,  859,  661, 1169,  323,  429,  828,  974,  265,  927,  237,  420,  472,  798,  966,  966, 1129,  860,  496,  780,  556,  929,  543,  614,  887,  305,  938,  760,  229,  246,  743,  152,  696,  631,  474,  961,  680,  698,  982,  670, 1085, 1012,  960,  488,  346,  548,  760, 1226,  592,  606,  874,  911, 1281,  919,  911,  530,  735,  131, 1085,  830,  712,  919,  284,  649,  428,  176,  503, 1021,  830,  288,  977,  918],
        [  303,    0,  276,  171,  937,  363,  945,  709,  994,  746,  396, 1121,  559,  581,  872,  502,  597,  383,  807,  652,  990,  697,  396,  338,  562,  799,  448,  219,  877,  746,  350,  722,  543,  213,   99,  560,  613,  717,  722,  179,    0,  246,  886,  686,  586,  995,  249,  285,  653,  874,  122,  826,  118,  402,  361,  637,  806,  842,  953,  713,  396,  602,  391,  760,  393,  454,  782,  177,  777,  615,  220,  124,  591,  197,  543,  462,  367,  783,  603,  547,  820,  496,  922,  861,  847,  318,  203,  507,  660, 1063,  416,  428,  698,  791, 1113,  741,  734,  409,  556,   64,  911,  662,  594,  741,  137,  576,  268,  251,  443,  848,  668,  141,  852,  856],
        [  178,    0,  267,  258,  735,  119,  749,  477,  805,  693,  258,  931,  345,  411,  643,  269,  352,  250,  562,  446,  836,  562,  319,   93,  327,  658,  205,  242,  649,  508,  452,  635,  325,  260,  297,  359,  377,  730,  522,  376,  246,    0,  687,  654,  358,  833,  116,   63,  614,  630,  315,  582,  336,  269,  121,  660,  598,  599,  798,  485,  161,  538,  440,  576,  173,  508,  537,  365,  573,  385,  216,  338,  647,  276,  602,  475,  128,  655,  374,  610,  616,  475,  718,  638,  602,  361,  360,  321,  417,  860,  395,  355,  648,  547,  923,  659,  672,  164,  479,  254,  748,  657,  349,  666,  110,  351,  363,  316,  243,  677,  466,  107,  609,  629],
        [  585,    0,  663,  944,   53,  590,   64,  647,  126,  535,  498,  247,  708,  313,  727,  631,  517,  841,  504,  242,  254,  298,  543,  610,  397,  259,  517,  925,  735,  310,  811,  431,  690,  945,  967,  754,  365,  723,  166, 1051,  886,  687,    0,  586,  656,  227,  783,  627,  561,  539,  880,  520,  916,  849,  637,  723,   98,  381,  233,  254,  642,  496,  723,  138,  515,  744,  493,  896,  116,  334,  897,  913,  792,  963,  781,  663,  640,  303,  648,  793,   77,  597,   47,  156,  455,  712,  858,  782,  537,  178,  607,  532,  536,  409,  239,  447,  508,  574,  476,  920,  183,  654,  474,  470,  768,  666,  784, 1000,  734,  136,  222,  763,  368,  732],
        [  478,    0,  419,  833,  630,  652,  608,  965,  613,   82,  415,  706,  917,  402, 1111,  816,  789,  902,  920,  520,  493,  295,  336,  650,  633,  337,  652,  854, 1119,  728,  397,  158,  893,  861,  784,  951,  655,  138,  517,  859,  686,  654,  586,    0,  895,  518,  767,  605,   42,  983,  601,  942,  635,  920,  708,  151,  582,  849,  468,  643,  745,  133,  314,  470,  565,  277,  896,  578,  555,  619,  837,  627,  237,  860,  251,  231,  717,  293,  900,  260,  577,  191,  632,  690,  907,  372,  531,  939,  852,  722,  274,  300,   53,  839,  701,  150,   94,  682,  192,  746,  465,   74,  749,  129,  649,  896,  439,  914,  861,  460,  513,  645,  846, 1106],
        [  469,    0,  593,  514,  686,  275,  716,  125,  781,  906,  491,  891,   59,  524,  287,   92,  140,  278,  274,  463,  882,  691,  587,  291,  289,  759,  245,  460,  292,  360,  795,  817,   54,  484,  603,  103,  300, 1001,  528,  661,  586,  358,  656,  895,    0,  865,  344,  359,  853,  326,  671,  285,  689,  272,  240,  946,  560,  375,  849,  402,  198,  763,  763,  607,  338,  828,  257,  722,  551,  338,  434,  692,  956,  515,  916,  774,  232,  777,   20,  926,  582,  750,  665,  535,  338,  692,  717,  152,  137,  789,  685,  616,  870,  316,  883,  843,  879,  229,  703,  571,  792,  921,  184,  859,  460,   14,  711,  519,  160,  716,  483,  459,  392,  271],
        [  695,    0,  738, 1083,  227,  754,  188,  868,  143,  447,  601,  191,  914,  423,  953,  828,  726, 1021,  731,  413,   36,  305,  610,  770,  588,  209,  693, 1074,  962,  533,  839,  367,  894, 1091, 1085,  959,  567,  643,  340, 1169,  995,  833,  227,  518,  865,    0,  940,  770,  508,  766,  962,  747, 1000, 1031,  807,  668,  312,  607,   51,  467,  821,  477,  745,  266,  666,  745,  719,  966,  315,  530, 1048,  994,  752, 1105,  755,  669,  812,  241,  859,  766,  291,  601,  245,  382,  682,  759,  922,  980,  755,  244,  640,  587,  467,  635,  187,  370,  426,  749,  485, 1039,   85,  592,  681,  390,  894,  874,  836, 1148,  924,  158,  392,  889,  594,  959],
        [  292,    0,  366,  182,  829,  194,  846,  469,  904,  807,  374, 1029,  313,  521,  628,  268,  383,  151,  588,  543,  945,  676,  433,  174,  402,  771,  275,  145,  632,  573,  531,  751,  298,  167,  260,  312,  448,  836,  620,  323,  249,  116,  783,  767,  344,  940,    0,  176,  727,  652,  351,  605,  361,  171,  157,  764,  691,  647,  907,  564,  175,  652,  534,  680,  275,  603,  565,  407,  668,  465,  116,  366,  744,  192,  697,  578,  157,  769,  363,  704,  710,  584,  811,  719,  638,  453,  415,  260,  437,  952,  502,  468,  762,  591, 1022,  774,  787,  220,  594,  227,  856,  766,  394,  781,  148,  333,  441,  219,  195,  784,  564,  150,  660,  611],
        [  129,    0,  239,  318,  675,   90,  689,  471,  744,  639,  200,  870,  355,  348,  637,  268,  328,  299,  536,  386,  773,  500,  270,   69,  278,  596,  167,  305,  644,  462,  437,  577,  334,  322,  348,  377,  329,  687,  462,  429,  285,   63,  627,  605,  359,  770,  176,    0,  564,  606,  334,  557,  360,  316,  122,  621,  539,  560,  735,  432,  165,  484,  413,  514,  114,  480,  510,  378,  513,  333,  279,  361,  615,  338,  571,  438,  131,  594,  373,  580,  556,  431,  659,  584,  570,  337,  365,  348,  397,  801,  354,  305,  595,  511,  862,  601,  618,  140,  425,  303,  685,  612,  318,  610,  150,  354,  353,  379,  269,  615,  406,  146,  569,  624],
        [  437,    0,  383,  797,  606,  610,  586,  924,  595,   98,  373,  693,  875,  363, 1071,  775,  748,  862,  881,  483,  485,  266,  295,  609,  593,  318,  610,  817, 1079,  691,  377,  142,  851,  825,  751,  909,  615,  169,  483,  828,  653,  614,  561,   42,  853,  508,  727,  564,    0,  945,  572,  904,  607,  879,  667,  164,  551,  813,  458,  607,  703,   92,  290,  441,  523,  261,  858,  552,  523,  580,  799,  599,  244,  824,  249,  206,  676,  276,  859,  259,  548,  158,  607,  659,  870,  342,  504,  897,  811,  703,  238,  260,   51,  801,  688,  140,   97,  640,  151,  713,  450,   94,  708,  124,  612,  854,  412,  877,  819,  438,  477,  608,  810, 1066],
        [  674,    0,  803,  829,  545,  518,  583,  220,  643,  966,  651,  722,  379,  582,  201,  385,  279,  603,   71,  466,  793,  713,  747,  542,  376,  741,  443,  780,  208,  261, 1007,  862,  380,  803,  909,  413,  338, 1111,  490,  974,  874,  630,  539,  983,  326,  766,  652,  606,  945,    0,  939,   50,  964,  597,  514, 1076,  468,  159,  769,  346,  482,  855,  951,  564,  530, 1004,   98,  983,  479,  368,  753,  965, 1111,  834, 1079,  934,  509,  774,  307, 1091,  486,  890,  525,  385,   85,  895,  966,  472,  216,  607,  847,  764,  944,  146,  716,  886,  937,  469,  804,  872,  715, 1030,  290,  906,  739,  340,  936,  842,  483,  650,  476,  737,  172,  212],
        [  302,    0,  224,  291,  932,  421,  935,  791,  978,  668,  382, 1103,  652,  567,  957,  583,  661,  494,  869,  657,  953,  658,  352,  398,  598,  758,  499,  340,  962,  781,  237,  659,  634,  334,  202,  658,  649,  616,  721,  265,  122,  315,  880,  601,  671,  962,  351,  334,  572,  939,    0,  890,   39,  514,  435,  534,  808,  888,  916,  736,  475,  533,  292,  747,  425,  350,  843,   57,  777,  643,  340,   34,  481,  317,  433,  371,  442,  737,  688,  436,  820,  416,  919,  876,  902,  230,   84,  610,  729, 1057,  344,  377,  620,  841, 1096,  675,  660,  471,  496,  181,  880,  568,  651,  671,  212,  663,  164,  370,  540,  824,  671,  213,  896,  942],
        [  625,    0,  754,  784,  530,  469,  567,  189,  629,  928,  604,  714,  340,  541,  208,  340,  230,  562,   24,  428,  773,  677,  701,  493,  329,  710,  394,  735,  216,  228,  958,  825,  339,  758,  862,  377,  293, 1069,  458,  927,  826,  582,  520,  942,  285,  747,  605,  557,  904,   50,  890,    0,  915,  556,  466, 1032,  443,  145,  747,  311,  434,  814,  904,  534,  481,  958,   50,  934,  451,  325,  707,  916, 1066,  789, 1033,  889,  461,  741,  267, 1045,  462,  845,  510,  368,   74,  847,  917,  434,  168,  601,  801,  718,  905,  114,  708,  849,  899,  420,  761,  824,  692,  988,  241,  869,  691,  299,  887,  798,  440,  624,  440,  688,  160,  216],
        [  337,    0,  263,  281,  968,  446,  972,  811, 1016,  704,  419, 1141,  667,  604,  975,  602,  685,  499,  894,  692,  992,  696,  390,  422,  629,  796,  526,  334,  981,  812,  263,  696,  650,  326,  183,  671,  680,  646,  757,  237,  118,  336,  916,  635,  689, 1000,  361,  360,  607,  964,   39,  915,    0,  519,  456,  564,  844,  917,  955,  769,  494,  571,  325,  784,  456,  379,  868,   69,  813,  676,  337,   10,  507,  305,  460,  405,  463,  775,  706,  462,  856,  452,  956,  911,  930,  266,  110,  621,  752, 1094,  381,  415,  655,  870, 1133,  712,  696,  495,  534,  170,  918,  601,  677,  708,  230,  680,  197,  356,  553,  862,  707,  231,  926,  960],
        [  443,    0,  532,  276,  889,  287,  912,  387,  974,  953,  512, 1094,  220,  628,  525,  236,  369,   20,  544,  619, 1040,  794,  585,  279,  452,  882,  338,  215,  528,  590,  701,  887,  218,  236,  383,  195,  488,  998,  696,  420,  402,  269,  849,  920,  272, 1031,  171,  316,  879,  597,  514,  556,  519,    0,  229,  928,  752,  635, 1004,  606,  211,  799,  702,  765,  382,  771,  526,  570,  735,  516,  196,  524,  912,  269,  865,  742,  222,  887,  291,  873,  773,  743,  869,  757,  606,  621,  582,  133,  399, 1004,  663,  620,  910,  575, 1087,  912,  931,  283,  739,  364,  950,  925,  398,  922,  318,  258,  611,  259,  123,  874,  641,  320,  650,  506],
