{
    "name": "random-71-3344",
    "comment": "size=71 seed=3344",
    "nodes": ["+0", "-0", "+1", "-1", "+2", "-2", "+3", "-3", "+4", "-4", "+5", "-5", "+6", "-6", "+7", "-7", "+8", "-8", "+9", "-9", "+10", "-10", "+11", "-11", "+12", "-12", "+13", "-13", "+14", "-14", "+15", "-15", "+16", "-16", "+17", "-17", "+18", "-18", "+19", "-19", "+20", "-20", "+21", "-21", "+22", "-22", "+23", "-23", "+24", "-24", "+25", "-25", "+26", "-26", "+27", "-27", "+28", "-28", "+29", "-29", "+30", "-30", "+31", "-31", "+32", "-32", "+33", "-33", "+34", "-34", "+35", "-35", "+36", "-36", "+37", "-37", "+38", "-38", "+39", "-39", "+40", "-40", "+41", "-41", "+42", "-42", "+43", "-43", "+44", "-44", "+45", "-45", "+46", "-46", "+47", "-47", "+48", "-48", "+49", "-49", "+50", "-50", "+51", "-51", "+52", "-52", "+53", "-53", "+54", "-54", "+55", "-55", "+56", "-56", "+57", "-57", "+58", "-58", "+59", "-59", "+60", "-60", "+61", "-61", "+62", "-62", "+63", "-63", "+64", "-64", "+65", "-65", "+66", "-66", "+67", "-67", "+68", "-68", "+69", "-69", "+70", "-70", "+71", "-71"],
    "precedence": {
        "+0": "-0",
        "+1": "-1",
        "+2": "-2",
        "+3": "-3",
        "+4": "-4",
        "+5": "-5",
        "+6": "-6",
        "+7": "-7",
        "+8": "-8",
        "+9": "-9",
        "+10": "-10",
        "+11": "-11",
        "+12": "-12",
        "+13": "-13",
        "+14": "-14",
        "+15": "-15",
        "+16": "-16",
        "+17": "-17",
        "+18": "-18",
        "+19": "-19",
        "+20": "-20",
        "+21": "-21",
        "+22": "-22",
        "+23": "-23",
        "+24": "-24",
        "+25": "-25",
        "+26": "-26",
        "+27": "-27",
        "+28": "-28",
        "+29": "-29",
        "+30": "-30",
        "+31": "-31",
        "+32": "-32",
        "+33": "-33",
        "+34": "-34",
        "+35": "-35",
        "+36": "-36",
        "+37": "-37",
        "+38": "-38",
        "+39": "-39",
        "+40": "-40",
        "+41": "-41",
        "+42": "-42",
        "+43": "-43",
        "+44": "-44",
        "+45": "-45",
        "+46": "-46",
        "+47": "-47",
        "+48": "-48",
        "+49": "-49",
        "+50": "-50",
        "+51": "-51",
        "+52": "-52",
        "+53": "-53",
        "+54": "-54",
        "+55": "-55",
        "+56": "-56",
        "+57": "-57",
        "+58": "-58",
        "+59": "-59",
        "+60": "-60",
        "+61": "-61",
        "+62": "-62",
        "+63": "-63",
        "+64": "-64",
        "+65": "-65",
        "+66": "-66",
        "+67": "-67",
        "+68": "-68",
        "+69": "-69",
        "+70": "-70",
        "+71": "-71"
    },
    "edges": [
        [    0,    0,  342,  286,  742,  304,  642,  494,   26,  390,  589,  553,  457,  380,  129,  295,  102,  439,  440,  619,  411,  593,  568,  389,  359,  582,  639,  247,  157,  358,  416,  479,  647,  431,  546,  198,  393,  415,  492,  610,  385,  617,  479,  669,  436,  169,  501,  536,  418,  330,  279,  417,  119,  441,  646,  373,  232,  485,  463,  300,  150,  261,  314,  336,  370,  768,  446,  486,  474,  296,  330,  581,  338,  263,  238,  383,  538,  296,  324,  535,  231,  322,  555,  552,  731,  290,  426,  524,  360,  606,  275,  637,  589,  418,  282,  308,  319,  792,  362,  489,  415,   45,  118,  380,  593,  281,  549,  317,  358,  544,  561,  598,  475,   99,  172,  543,  519,  613,  462,  608,  442,  576,  487,  492,  285,  453,  258,  222,  245,  281,  197,  336,  495,  390,  483,  670,  207,  360,  239,  147,  205,  281,  185,  533],
        [    0,    0,    0,    0,    0,    0,    0,    0,    0,    0,    0,    0,    0,    0,    0,    0,    0,    0,    0,    0,    0,    0,    0,    0,    0,    0,    0,    0,    0,    0,    0,    0,    0,    0,    0,    0,    0,    0,    0,    0,    0,    0,    0,    0,    0,    0,    0,    0,    0,    0,    0,    0,    0,    0,    0,    0,    0,    0,    0,    0,    0,    0,    0,    0,    0,    0,    0,    0,    0,    0,    0,    0,    0,    0,    0,    0,    0,    0,    0,    0,    0,    0,    0,    0,    0,    0,    0,    0,    0,    0,    0,    0,    0,    0,    0,    0,    0,    0,    0,    0,    0,    0,    0,    0,    0,    0,    0,    0,    0,    0,    0,    0,    0,    0,    0,    0,    0,    0,    0,    0,    0,    0,    0,    0,    0,    0,    0,    0,    0,    0,    0,    0,    0,    0,    0,    0,    0,    0,    0,    0,    0,    0,    0,    0],
        [  342,    0,    0,  625, 1040,  493,  960,  809,  364,  725,  684,  845,  338,  700,  314,  474,  356,  242,  244,  795,  432,  599,  908,  602,  322,  794,  925,  190,  189,  175,  547,  631,  897,  716,  553,  306,  305,  748,  748,  913,  723,  529,  820,  993,  736,  186,  827,  398,  731,  266,  414,  752,  234,  679,  951,  469,  546,  796,  772,  448,  333,  398,  438,  601,  606, 1034,  769,  399,  331,  175,  645,  807,   46,  586,  496,  266,  841,  581,  130,  850,  572,  505,  651,  634, 1035,  322,  767,  385,  235,  942,  595,  970,  851,  758,  583,  114,  547, 1058,  646,  662,  700,  319,  264,  583,  899,  255,  683,  655,  586,  823,  884,  541,  806,  268,  486,  848,  615,  905,  656,  936,  669,  894,  778,  785,  592,  790,  538,  122,  486,  264,  242,  676,  511,  601,  721,  616,  248,  648,  577,  486,  216,  540,  378,  831],
        [  286,    0,  625,    0,  499,  416,  442,  245,  267,  108,  607,  424,  659,  141,  372,  423,  319,  677,  678,  548,  544,  685,  307,  433,  548,  476,  421,  522,  442,  608,  456,  474,  479,  350,  648,  394,  596,  204,  348,  446,  146,  770,  204,  452,  321,  454,  298,  731,  187,  544,  390,  134,  394,  434,  474,  534,  207,  329,  232,  385,  375,  442,  412,  334,  306,  566,  187,  664,  727,  572,  129,  459,  617,   91,  313,  642,  307,  283,  606,  355,   65,  432,  581,  591,  481,  472,  150,  770,  624,  322,  192,  354,  414,  159,  155,  575,  298,  588,  220,  456,  339,  318,  391,  356,  427,  536,  540,   32,  399,  349,  358,  735,  261,  363,  216,  388,  555,  474,  414,  386,  358,  384,  285,  374,  230,  211,  281,  504,  267,  533,  462,  102,  604,  438,  368,  792,  468,  302,  107,  159,  453,  323,  324,  310],
        [  742,    0, 1040,  499,    0,  914,  708,  256,  732,  401,  623,  797,  923,  369,  854,  921,  804,  992,  992,  445,  754,  782,  501,  916,  827,  364,  123,  989,  885,  955,  595,  535,  230,  786,  774,  742,  878,  585,  316,  769,  538,  934,  450,  679,  740,  904,  629,  968,  326,  856,  659,  385,  816,  896,  774, 1033,  702,  707,  280,  630,  863,  940,  652,  814,  452,  152,  313,  893, 1211, 1037,  413,  331, 1017,  483,  811, 1122,  204,  767, 1060,  691,  562,  928,  622,  648,   35,  771,  457, 1258, 1101,  292,  675,  259,  227,  501,  464,  956,  507,  156,  395,  490,  782,  783,  859,  496,  753, 1018,  551,  473,  884,  224,  657,  883,  598,  781,  715,  743,  626,  819,  463,  633,  411,  690,  263,  774,  713,  538,  775,  924,  557, 1016,  937,  541,  757,  920,  360,  901,  946,  765,  604,  650,  830,  815,  665,  211],
        [  304,    0,  493,  416,  914,    0,  526,  660,  288,  513,  888,  380,  730,  554,  208,   21,  205,  682,  684,  898,  711,  895,  560,  110,  645,  846,  836,  306,  344,  596,  715,  773,  881,  258,  847,  495,  669,  389,  734,  459,  406,  906,  519,  570,  296,  329,  429,  808,  601,  606,  582,  532,  376,  189,  496,  125,  212,  365,  647,  601,  181,   98,  617,  145,  640,  980,  602,  770,  391,  339,  527,  838,  517,  459,  103,  335,  722,  165,  393,  423,  356,   20,  855,  853,  893,  584,  483,  416,  338,  692,  246,  731,  817,  449,  510,  526,  598, 1002,  596,  776,  245,  273,  263,  664,  449,  260,  844,  442,   98,  758,  468,  893,  426,  380,  207,  401,  820,  436,  743,  529,  709,  466,  694,  328,  213,  447,  142,  416,  529,  251,  253,  383,  796,  108,  740,  967,  246,  209,  310,  285,  473,  106,  487,  725],
        [  642,    0,  960,  442,  708,  526,    0,  542,  617,  428, 1040,  165, 1081,  518,  648,  546,  605, 1078, 1079,  950,  982, 1127,  209,  444,  972,  865,  703,  797,  775,  999,  896,  906,  814,  269, 1090,  809, 1016,  242,  733,   89,  296, 1208,  294,   52,  233,  774,  147, 1157,  547,  958,  827,  418,  760,  371,   73,  635,  416,  166,  567,  825,  633,  615,  851,  384,  737,  838,  502, 1094,  917,  841,  545,  839,  968,  532,  475,  859,  607,  385,  891,  110,  452,  526, 1016, 1029,  675,  896,  326,  938,  858,  417,  368,  451,  756,  293,  593,  948,  738,  852,  637,  883,  282,  649,  697,  792,   87,  771,  969,  432,  435,  687,   86, 1175,  182,  739,  477,  127,  993,  142,  839,   76,  775,   67,  635,  202,  369,  236,  428,  851,  708,  764,  733,  343, 1046,  448,  769, 1233,  732,  323,  415,  501,  844,  438,  751,  623],
        [  494,    0,  809,  245,  256,  660,  542,    0,  482,  154,  549,  592,  748,  116,  601,  667,  551,  799,  799,  421,  594,  678,  341,  669,  642,  331,  183,  740,  643,  748,  453,  426,  274,  556,  655,  526,  694,  363,  207,  583,  306,  805,  251,  528,  515,  660,  429,  807,   79,  659,  466,  145,  579,  658,  598,  778,  449,  496,   46,  445,  609,  684,  471,  568,  280,  330,   59,  732,  959,  790,  166,  302,  791,  232,  557,  871,   70,  519,  817,  495,  307,  675,  534,  554,  240,  575,  235, 1005,  850,  192,  427,  198,  214,  279,  227,  736,  319,  351,  186,  389,  549,  534,  610,  338,  565,  766,  472,  219,  636,  145,  473,  759,  392,  544,  460,  542,  523,  626,  348,  469,  280,  506,  101,  557,  465,  328,  523,  690,  345,  764,  686,  298,  624,  674,  252,  797,  694,  525,  350,  395,  608,  564,  447,   83],
        [   26,    0,  364,  267,  732,  288,  617,  482,    0,  372,  601,  529,  481,  367,  129,  281,   92,  464,  465,  624,  430,  611,  545,  370,  382,  584,  631,  260,  177,  383,  428,  489,  644,  407,  564,  219,  416,  390,  489,  585,  361,  639,  457,  644,  411,  188,  477,  560,  406,  354,  294,  399,  144,  420,  621,  365,  207,  460,  452,  313,  146,  253,  329,  314,  372,  762,  432,  509,  481,  310,  319,  582,  361,  250,  218,  392,  528,  273,  341,  509,  210,  307,  567,  565,  719,  312,  404,  530,  370,  588,  250,  619,  585,  395,  274,  333,  323,  786,  357,  496,  391,   53,  129,  386,  568,  288,  559,  298,  338,  537,  536,  619,  451,  124,  147,  518,  532,  589,  468,  583,  444,  551,  479,  467,  260,  429,  235,  245,  250,  287,  206,  313,  514,  371,  483,  691,  215,  336,  215,  124,  230,  260,  200,  524],
        [  390,    0,  725,  108,  401,  513,  428,  154,  372,    0,  616,  451,  728,   90,  480,  522,  427,  758,  759,  524,  596,  717,  253,  517,  618,  442,  336,  629,  546,  695,  484,  483,  416,  405,  685,  475,  668,  219,  309,  453,  159,  820,  144,  426,  366,  559,  298,  796,  124,  621,  449,   28,  493,  505,  474,  634,  302,  354,  157,  437,  483,  546,  464,  415,  315,  483,   96,  725,  834,  679,  126,  419,  714,  148,  411,  749,  222,  367,  712,  362,  172,  528,  594,  608,  380,  543,  103,  877,  732,  217,  275,  248,  352,  140,  188,  669,  327,  504,  212,  456,  397,  424,  498,  372,  434,  644,  543,   78,  484,  283,  350,  780,  259,  460,  320,  405,  573,  491,  413,  361,  348,  381,  222,  412,  313,  196,  374,  604,  319,  641,  570,  145,  646,  522,  342,  830,  576,  372,  205,  266,  543,  415,  399,  231],
        [  589,    0,  684,  607,  623,  888, 1040,  549,  601,  616,    0, 1029,  406,  527,  709,  881,  690,  511,  510,  188,  255,  169,  865,  960,  366,  259,  510,  754,  633,  525,  174,  134,  396,  939,  180,  425,  398,  809,  346, 1052,  749,  333,  758, 1041,  919,  659,  901,  414,  509,  420,  315,  631,  562,  994, 1078,  960,  747,  936,  508,  290,  733,  847,  280,  883,  304,  525,  563,  350,  982,  785,  495,  292,  642,  517,  807,  895,  516,  832,  775,  960,  621,  907,   35,   51,  641,  368,  717, 1038,  863,  740,  763,  740,  401,  748,  452,  571,  313,  544,  404,  162,  926,  626,  672,  252, 1033,  818,   78,  612,  926,  436,  958,  280,  862,  538,  708,  994,   73, 1080,  205,  975,  273,  987,  452,  976,  794,  805,  807,  616,  368,  822,  740,  709,  194,  962,  298,  281,  753,  878,  676,  633,  497,  842,  405,  495],
        [  553,    0,  845,  424,  797,  380,  165,  592,  529,  451, 1029,    0, 1008,  536,  532,  401,  496,  990,  991,  967,  932, 1093,  309,  288,  904,  889,  768,  671,  668,  907,  871,  896,  864,  130, 1052,  739,  943,  233,  757,   82,  294, 1154,  350,  215,  119,  662,  168, 1086,  574,  881,  779,  450,  666,  210,  118,  480,  322,   98,  605,  783,  513,  475,  807,  247,  729,  912,  540, 1030,  767,  710,  547,  868,  859,  513,  349,  715,  661,  265,  762,  108,  411,  378, 1001, 1010,  767,  830,  358,  784,  718,  512,  285,  551,  800,  314,  578,  849,  717,  929,  641,  880,  146,  551,  585,  778,   78,  635,  964,  425,  284,  731,  153, 1126,  201,  652,  382,   56,  974,   61,  838,  204,  780,  128,  672,   62,  270,  265,  309,  745,  673,  627,  609,  325, 1004,  292,  786, 1191,  605,  199,  360,  429,  758,  307,  692,  674],
        [  457,    0,  338,  659,  923,  730, 1081,  748,  481,  728,  406, 1008,    0,  666,  523,  715,  536,  111,  109,  564,  173,  279,  965,  831,  112,  598,  801,  481,  392,  164,  334,  410,  728,  888,  240,  272,   66,  842,  607, 1059,  796,  193,  859, 1100,  890,  412,  935,   79,  677,  128,  284,  754,  357,  893, 1094,  751,  686,  934,  703,  304,  550,  653,  278,  792,  478,  870,  729,   65,  667,  491,  612,  622,  292,  583,  689,  596,  752,  753,  459,  978,  632,  747,  380,  356,  929,  188,  806,  721,  563,  924,  725,  941,  702,  817,  544,  236,  431,  892,  563,  453,  872,  470,  468,  428, 1042,  554,  435,  681,  804,  702,  996,  204,  903,  362,  628,  993,  351, 1067,  468, 1035,  513, 1017,  680,  947,  739,  865,  714,  332,  412,  562,  501,  746,  213,  831,  565,  280,  513,  817,  666,  583,  259,  734,  335,  736],
        [  380,    0,  700,  141,  369,  554,  518,  116,  367,   90,  527,  536,  666,    0,  486,  560,  436,  706,  706,  435,  524,  634,  339,  573,  556,  354,  282,  625,  530,  649,  401,  395,  341,  479,  604,  427,  607,  304,  222,  542,  242,  744,  232,  515,  444,  546,  387,  730,   47,  566,  383,  105,  468,  571,  564,  670,  347,  438,   93,  366,  494,  573,  394,  473,  229,  426,   70,  657,  844,  675,   57,  333,  683,  117,  451,  756,  170,  422,  703,  450,  198,  570,  506,  522,  354,  484,  193,  890,  735,  259,  331,  280,  276,  229,  125,  631,  248,  448,  124,  367,  470,  419,  495,  288,  523,  651,  454,  122,  539,  210,  439,  702,  348,  433,  351,  492,  487,  578,  324,  450,  258,  470,  146,  493,  369,  285,  421,  579,  254,  649,  571,  218,  567,  577,  253,  748,  579,  438,  247,  282,  503,  463,  348,  171],
        [  129,    0,  314,  372,  854,  208,  648,  601,  129,  480,  709,  532,  523,  486,    0,  193,   54,  478,  480,  747,  512,  698,  616,  310,  440,  711,  756,  158,  141,  392,  538,  605,  772,  403,  649,  297,  463,  448,  618,  600,  434,  700,  541,  683,  422,  132,  520,  601,  528,  399,  396,  505,  170,  378,  638,  252,  239,  483,  575,  420,   27,  140,  431,  290,  498,  890,  549,  563,  358,  207,  442,  709,  328,  372,  184,  271,  651,  268,  250,  539,  309,  225,  675,  670,  840,  382,  492,  405,  253,  690,  289,  724,  713,  474,  402,  326,  447,  914,  485,  616,  387,   86,   57,  508,  586,  166,  674,  403,  286,  664,  574,  689,  502,  178,  184,  534,  638,  592,  591,  629,  570,  583,  605,  472,  281,  496,  224,  217,  374,  163,   93,  392,  599,  310,  611,  764,   98,  334,  293,  214,  267,  229,  306,  648],
        [  295,    0,  474,  423,  921,   21,  546,  667,  281,  522,  881,  401,  715,  560,  193,    0,  195,  665,  667,  895,  699,  884,  576,  130,  632,  845,  841,  286,  327,  579,  708,  767,  883,  278,  836,  484,  655,  404,  735,  479,  418,  892,  532,  589,  315,  311,  447,  793,  606,  591,  573,  541,  362,  209,  517,  114,  221,  384,  652,  593,  166,   77,  608,  164,  637,  984,  609,  756,  372,  319,  530,  838,  498,  462,  111,  315,  728,  180,  372,  442,  362,   33,  848,  845,  901,  572,  495,  398,  318,  704,  257,  743,  820,  462,  511,  509,  595, 1007,  597,  772,  265,  262,  247,  660,  469,  239,  838,  449,  119,  761,  487,  880,  443,  367,  210,  421,  812,  456,  740,  547,  707,  485,  698,  348,  226,  462,  154,  399,  525,  230,  234,  394,  786,  128,  739,  954,  226,  227,  318,  286,  459,  121,  479,  730],
        [  102,    0,  356,  319,  804,  205,  605,  551,   92,  427,  690,  496,  536,  436,   54,  195,    0,  501,  502,  716,  507,  691,  565,  297,  445,  674,  709,  210,  173,  415,  517,  580,  730,  368,  643,  291,  473,  398,  576,  560,  382,  705,  488,  638,  383,  170,  473,  615,  479,  409,  379,  452,  180,  358,  598,  274,  191,  441,  525,  401,   59,  161,  414,  261,  462,  844,  498,  571,  409,  259,  394,  671,  365,  323,  155,  323,  602,  231,  301,  495,  256,  223,  656,  652,  790,  381,  439,  455,  306,  637,  241,  671,  669,  421,  357,  354,  414,  868,  441,  587,  352,   69,   92,  477,  545,  218,  649,  350,  269,  618,  529,  690,  454,  178,  134,  494,  620,  556,  559,  582,  534,  539,  559,  435,  236,  445,  188,  250,  342,  215,  146,  340,  592,  298,  572,  764,  151,  298,  240,  161,  278,  201,  286,  600],
        [  439,    0,  242,  677,  992,  682, 1078,  799,  464,  758,  511,  990,  111,  706,  478,  665,  501,    0,    2,  660,  265,  390,  982,  787,  167,  685,  871,  407,  339,   87,  419,  500,  809,  865,  350,  284,  120,  844,  678, 1048,  805,  292,  880, 1103,  874,  355,  935,  158,  724,  141,  336,  785,  325,  855, 1084,  686,  670,  924,  755,  363,  504,  597,  341,  761,  541,  951,  773,  175,  572,  408,  650,  706,  199,  610,  656,  507,  810,  728,  370,  972,  641,  698,  483,  460,  995,  225,  826,  625,  475,  964,  714,  984,  778,  831,  581,  159,  488,  975,  615,  541,  849,  441,  422,  498, 1031,  479,  533,  702,  764,  769,  996,  311,  906,  340,  610,  981,  452, 1050,  550, 1039,  586, 1013,  740,  929,  722,  875,  687,  268,  455,  488,  439,  755,  320,  787,  640,  384,  449,  794,  666,  578,  235,  701,  360,  796],
        [  440,    0,  244,  678,  992,  684, 1079,  799,  465,  759,  510,  991,  109,  706,  480,  667,  502,    2,    0,  659,  264,  388,  982,  789,  167,  684,  870,  409,  341,   89,  418,  499,  809,  867,  348,  285,  119,  845,  678, 1049,  806,  290,  881, 1103,  875,  356,  936,  156,  724,  141,  336,  785,  326,  857, 1085,  688,  671,  925,  755,  363,  505,  599,  341,  762,  541,  951,  773,  174,  574,  410,  650,  705,  201,  611,  657,  509,  810,  730,  372,  973,  641,  699,  482,  459,  995,  225,  827,  627,  477,  964,  715,  984,  777,  831,  582,  161,  488,  974,  615,  540,  850,  442,  423,  498, 1032,  481,  532,  703,  765,  769,  997,  309,  907,  342,  611,  982,  451, 1052,  549, 1040,  586, 1014,  740,  930,  723,  875,  688,  270,  455,  490,  440,  756,  318,  789,  639,  382,  451,  795,  667,  579,  236,  702,  360,  796],
        [  619,    0,  795,  548,  445,  898,  950,  421,  624,  524,  188,  967,  564,  435,  747,  895,  716,  660,  659,    0,  396,  355,  758,  951,  500,   92,  340,  826,  704,  656,  250,  165,  215,  896,  361,  501,  541,  737,  218,  977,  675,  518,  658,  942,  868,  729,  821,  586,  404,  547,  386,  533,  628,  970,  998,  988,  725,  870,  387,  353,  768,  877,  358,  863,  260,  339,  451,  516, 1062,  865,  421,  125,  758,  467,  805,  972,  372,  810,  866,  885,  580,  917,  198,  225,  466,  476,  626, 1117,  942,  603,  728,  595,  235,  664,  403,  687,  302,  357,  329,  136,  885,  662,  723,  240,  958,  882,  131,  543,  916,  286,  873,  465,  782,  598,  699,  925,  217, 1012,  157,  880,  194,  905,  321,  921,  764,  720,  793,  707,  375,  884,  798,  644,  361,  955,  183,  468,  810,  844,  637,  620,  588,  833,  453,  352],
        [  411,    0,  432,  544,  754,  711,  982,  594,  430,  596,  255,  932,  173,  524,  512,  699,  507,  265,  264,  396,    0,  187,  843,  799,  112,  425,  632,  522,  409,  271,  162,  238,  555,  822,  139,  216,  147,  740,  439,  973,  688,  227,  735,  995,  815,  434,  836,  216,  528,  167,  155,  619,  347,  849, 1005,  760,  618,  848,  549,  161,  538,  651,  133,  741,  316,  697,  583,  140,  741,  547,  473,  449,  389,  459,  648,  658,  590,  695,  531,  886,  531,  729,  224,  204,  762,  133,  684,  797,  625,  777,  648,  790,  531,  702,  409,  319,  278,  719,  411,  280,  806,  438,  465,  262,  954,  592,  269,  561,  768,  535,  897,  195,  801,  334,  566,  908,  190,  989,  296,  929,  344,  921,  518,  873,  670,  754,  661,  376,  280,  597,  521,  640,   89,  800,  395,  262,  534,  753,  575,  505,  263,  689,  241,  573],
        [  593,    0,  599,  685,  782,  895, 1127,  678,  611,  717,  169, 1093,  279,  634,  698,  884,  691,  390,  388,  355,  187,    0,  969,  980,  283,  421,  665,  706,  595,  427,  234,  255,  559,  990,   50,  402,  295,  888,  487, 1127,  831,  166,  860, 1134,  978,  620,  982,  265,  625,  338,  321,  736,  533, 1026, 1157,  946,  788, 1005,  634,  311,  724,  837,  289,  916,  406,  692,  681,  216,  919,  728,  592,  452,  554,  595,  828,  839,  655,  869,  708, 1037,  684,  913,  161,  135,  797,  319,  813,  975,  806,  869,  814,  874,  557,  838,  536,  488,  392,  711,  511,  297,  975,  622,  651,  347, 1108,  777,  233,  697,  948,  582, 1042,  114,  945,  520,  740, 1065,  159, 1148,  334, 1068,  400, 1069,  586, 1036,  839,  893,  837,  558,  422,  783,  707,  786,   99,  981,  438,  120,  720,  923,  734,  673,  449,  868,  414,  636],
        [  568,    0,  908,  307,  501,  560,  209,  341,  545,  253,  865,  309,  965,  339,  616,  576,  565,  982,  982,  758,  843,  969,    0,  512,  854,  670,  495,  773,  720,  910,  736,  733,  609,  342,  937,  700,  902,  174,  540,  270,  185, 1069,  110,  189,  292,  726,  151, 1036,  358,  850,  692,  235,  684,  462,  274,  683,  382,  236,  371,  683,  609,  629,  711,  421,  566,  630,  307,  968,  938,  821,  378,  642,  906,  386,  477,  865,  402,  396,  865,  202,  343,  567,  844,  860,  469,  778,  160,  970,  856,  210,  333,  246,  553,  152,  437,  872,  579,  644,  462,  704,  346,  589,  653,  624,  255,  766,  791,  285,  490,  485,  160, 1030,  138,  657,  432,  254,  825,  322,  661,  134,  594,  191,  438,  304,  355,  120,  428,  789,  564,  760,  708,  232,  897,  517,  580, 1081,  711,  358,  331,  422,  754,  456,  630,  420],
        [  389,    0,  602,  433,  916,  110,  444,  669,  370,  517,  960,  288,  831,  573,  310,  130,  297,  787,  789,  951,  799,  980,  512,    0,  741,  892,  850,  416,  449,  701,  788,  838,  911,  179,  933,  585,  768,  353,  772,  369,  385, 1002,  492,  491,  226,  435,  369,  909,  619,  705,  662,  531,  474,   83,  405,  193,  231,  293,  663,  678,  284,  207,  696,  103,  693,  997,  611,  867,  480,  447,  555,  880,  625,  494,  154,  434,  736,  151,  501,  349,  382,   99,  927,  928,  892,  676,  466,  496,  441,  671,  243,  711,  846,  426,  552,  633,  658, 1018,  635,  836,  171,  365,  366,  724,  362,  367,  909,  454,   36,  782,  398,  986,  375,  474,  254,  317,  894,  339,  801,  459,  759,  389,  718,  243,  205,  410,  159,  523,  594,  358,  362,  376,  883,    6,  784, 1058,  355,  158,  328,  333,  572,  120,  567,  741],
        [  359,    0,  322,  548,  827,  645,  972,  642,  382,  618,  366,  904,  112,  556,  440,  632,  445,  167,  167,  500,  112,  283,  854,  741,    0,  519,  705,  427,  321,  159,  254,  337,  642,  787,  235,  166,   53,  732,  512,  953,  686,  261,  748,  991,  786,  344,  826,  185,  569,   56,  176,  643,  271,  799,  987,  680,  583,  827,  597,  200,  467,  576,  176,  695,  377,  785,  621,  128,  636,  446,  502,  539,  278,  472,  595,  556,  649,  654,  425,  870,  522,  663,  335,  316,  831,   77,  695,  692,  523,  815,  620,  832,  611,  706,  433,  208,  327,  808,  457,  376,  770,  377,  388,  332,  935,  498,  376,  570,  713,  604,  888,  251,  794,  268,  526,  887,  301,  963,  384,  926,  420,  909,  578,  843,  636,  755,  616,  277,  302,  504,  434,  636,  191,  742,  473,  327,  446,  716,  558,  477,  176,  639,  225,  634],
        [  582,    0,  794,  476,  364,  846,  865,  331,  584,  442,  259,  889,  598,  354,  711,  845,  674,  685,  684,   92,  425,  421,  670,  892,  519,    0,  253,  804,  684,  669,  266,  189,  139,  825,  418,  491,  566,  657,  133,  895,  596,  578,  572,  856,  794,  708,  739,  630,  320,  561,  380,  448,  607,  905,  915,  943,  662,  792,  299,  347,  729,  833,  359,  799,  213,  276,  364,  556, 1040,  846,  348,   34,  760,  400,  750,  949,  281,  746,  852,  803,  514,  865,  260,  287,  383,  483,  543, 1094,  921,  512,  662,  504,  146,  582,  340,  691,  266,  297,  259,  145,  814,  626,  692,  214,  876,  854,  189,  467,  856,  195,  790,  526,  700,  575,  643,  846,  269,  932,  140,  794,  141,  821,  232,  845,  698,  637,  733,  696,  339,  856,  770,  568,  408,  895,  109,  538,  781,  776,  571,  564,  581,  774,  432,  261],
        [  639,    0,  925,  421,  123,  836,  703,  183,  631,  336,  510,  768,  801,  282,  756,  841,  709,  871,  870,  340,  632,  665,  495,  850,  705,  253,    0,  884,  776,  835,  473,  415,  133,  738,  655,  624,  756,  543,  194,  752,  488,  814,  421,  681,  696,  797,  603,  846,  236,  734,  537,  327,  706,  840,  764,  951,  627,  674,  190,  508,  768,  852,  530,  749,  331,  148,  241,  770, 1111,  932,  316,  219,  900,  387,  733, 1021,  115,  699,  952,  668,  480,  852,  506,  531,  133,  649,  413, 1160,  998,  300,  607,  280,  109,  458,  358,  838,  387,  168,  282,  370,  731,  682,  757,  374,  735,  918,  436,  398,  817,  103,  641,  763,  567,  670,  632,  717,  508,  799,  341,  628,  289,  674,  152,  737,  646,  504,  701,  812,  440,  917,  835,  480,  636,  855,  238,  784,  845,  707,  527,  561,  713,  743,  548,  111],
        [  247,    0,  190,  522,  989,  306,  797,  740,  260,  629,  754,  671,  481,  625,  158,  286,  210,  407,  409,  826,  522,  706,  773,  416,  427,  804,  884,    0,  123,  325,  592,  670,  883,  542,  658,  331,  432,  604,  728,  743,  591,  672,  697,  835,  567,   97,  674,  553,  665,  374,  446,  655,  199,  494,  781,  282,  395,  632,  710,  477,  167,  210,  479,  425,  596, 1010,  691,  534,  237,   51,  577,  808,  220,  509,  324,  146,  785,  413,   94,  688,  460,  318,  719,  708,  977,  392,  648,  291,  118,  842,  445,  875,  829,  630,  527,  250,  539, 1034,  605,  691,  526,  207,  132,  592,  730,   74,  733,  553,  401,  787,  726,  672,  658,  230,  341,  679,  682,  729,  673,  782,  667,  732,  732,  612,  433,  653,  370,  151,  468,   81,   66,  549,  610,  414,  713,  749,   66,  477,  449,  366,  260,  365,  374,  780],
        [  157,    0,  189,  442,  885,  344,  775,  643,  177,  546,  633,  668,  392,  530,  141,  327,  173,  339,  341,  704,  409,  595,  720,  449,  321,  684,  776,  123,    0,  253,  470,  548,  768,  540,  546,  210,  335,  560,  613,  733,  535,  576,  633,  807,  555,   26,  641,  469,  565,  273,  324,  572,   77,  518,  770,  361,  360,  613,  609,  355,  165,  262,  357,  429,  478,  897,  598,  438,  358,  163,  478,  689,  193,  413,  323,  268,  682,  403,  176,  666,  386,  359,  599,  589,  876,  277,  581,  413,  238,  762,  409,  792,  715,  571,  422,  185,  420,  921,  495,  569,  523,  131,   85,  471,  717,  186,  611,  473,  426,  677,  697,  570,  618,  110,  300,  666,  561,  728,  551,  749,  548,  709,  625,  607,  408,  602,  360,   78,  350,  190,  113,  489,  496,  448,  595,  647,  126,  469,  389,  299,  147,  368,  253,  675],
        [  358,    0,  175,  608,  955,  596,  999,  748,  383,  695,  525,  907,  164,  649,  392,  579,  415,   87,   89,  656,  271,  427,  910,  701,  159,  669,  835,  325,  253,    0,  407,  492,  785,  781,  381,  223,  133,  768,  646,  966,  731,  356,  811, 1024,  791,  268,  857,  230,  671,  109,  299,  721,  242,  769, 1002,  602,  588,  842,  705,  330,  417,  511,  312,  676,  505,  927,  717,  224,  504,  330,  593,  686,  130,  547,  570,  433,  766,  644,  296,  892,  567,  611,  494,  474,  955,  188,  757,  559,  400,  905,  632,  928,  748,  758,  525,   75,  448,  950,  568,  528,  765,  356,  335,  469,  949,  397,  534,  634,  678,  732,  917,  366,  829,  260,  527,  899,  460,  967,  531,  962,  558,  933,  697,  845,  639,  800,  602,  182,  404,  405,  353,  681,  343,  700,  612,  442,  364,  710,  589,  500,  157,  615,  302,  753],
        [  416,    0,  547,  456,  595,  715,  896,  453,  428,  484,  174,  871,  334,  401,  538,  708,  517,  419,  418,  250,  162,  234,  736,  788,  254,  266,  473,  592,  470,  407,    0,   85,  394,  775,  204,  262,  300,  659,  281,  900,  601,  352,  627,  902,  758,  496,  753,  374,  395,  298,  147,  503,  396,  824,  929,  787,  579,  780,  408,  118,  561,  675,  114,  713,  175,  536,  451,  299,  825,  627,  358,  288,  509,  365,  635,  736,  440,  663,  623,  809,  461,  734,  140,  142,  604,  226,  580,  881,  705,  642,  598,  650,  370,  606,  304,  438,  159,  559,  279,  122,  760,  454,  503,  116,  881,  654,  142,  465,  754,  378,  812,  306,  715,  370,  537,  839,  107,  924,  135,  836,  186,  839,  368,  815,  627,  662,  636,  463,  201,  657,  573,  557,  172,  790,  236,  348,  586,  711,  513,  464,  343,  670,  233,  422],
        [  479,    0,  631,  474,  535,  773,  906,  426,  489,  483,  134,  896,  410,  395,  605,  767,  580,  500,  499,  165,  238,  255,  733,  838,  337,  189,  415,  670,  548,  492,   85,    0,  322,  809,  241,  341,  381,  675,  232,  918,  615,  400,  626,  908,  788,  574,  767,  442,  380,  383,  225,  499,  473,  868,  945,  852,  620,  802,  382,  194,  628,  740,  195,  757,  170,  463,  435,  368,  904,  707,  361,  214,  593,  384,  687,  815,  400,  706,  705,  827,  490,  792,  112,  129,  548,  311,  584,  960,  784,  617,  634,  620,  308,  614,  319,  522,  183,  485,  272,   46,  795,  520,  574,  119,  899,  729,   72,  478,  803,  328,  824,  349,  728,  445,  585,  861,   98,  947,   79,  842,  146,  853,  332,  844,  665,  671,  682,  545,  245,  733,  647,  575,  224,  841,  184,  375,  660,  749,  545,  508,  425,  719,  302,  381],
        [  647,    0,  897,  479,  230,  881,  814,  274,  644,  416,  396,  864,  728,  341,  772,  883,  730,  809,  809,  215,  555,  559,  609,  911,  642,  139,  133,  883,  768,  785,  394,  322,    0,  818,  556,  591,  691,  633,  156,  857,  574,  716,  524,  798,  781,  790,  703,  764,  297,  679,  489,  414,  693,  911,  872,  988,  681,  767,  260,  457,  787,  883,  474,  812,  293,  143,  324,  689, 1117,  928,  356,  109,  867,  422,  780, 1026,  208,  760,  941,  768,  530,  898,  398,  425,  252,  598,  507, 1169, 1000,  426,  670,  409,   66,  550,  375,  800,  352,  166,  289,  278,  809,  691,  762,  317,  838,  926,  327,  462,  876,  134,  747,  664,  666,  658,  674,  815,  407,  900,  260,  740,  229,  779,  196,  827,  708,  601,  755,  791,  419,  927,  842,  556,  545,  915,  177,  676,  853,  778,  583,  598,  682,  797,  523,  192],
        [  431,    0,  716,  350,  786,  258,  269,  556,  407,  405,  939,  130,  888,  479,  403,  278,  368,  865,  867,  896,  822,  990,  342,  179,  787,  825,  738,  542,  540,  781,  775,  809,  818,    0,  947,  622,  823,  202,  696,  203,  251, 1040,  342,  315,   51,  534,  194,  966,  522,  761,  671,  412,  541,  120,  241,  367,  205,  115,  560,  679,  383,  349,  702,  118,  647,  885,  500,  913,  648,  582,  478,  807,  730,  431,  220,  591,  625,  138,  634,  170,  320,  257,  910,  916,  759,  714,  330,  669,  592,  520,  177,  560,  753,  285,  496,  722,  627,  904,  569,  797,   17,  425,  457,  690,  192,  508,  879,  360,  166,  685,  219, 1015,  207,  529,  261,  144,  880,  189,  757,  280,  705,  212,  623,   72,  152,  254,  181,  617,  575,  500,  480,  262,  898,  184,  718, 1082,  476,   72,  264,  318,  635,  178,  582,  635],
        [  546,    0,  553,  648,  774,  847, 1090,  655,  564,  685,  180, 1052,  240,  604,  649,  836,  643,  350,  348,  361,  139,   50,  937,  933,  235,  418,  655,  658,  546,  381,  204,  241,  556,  947,    0,  353,  249,  850,  471, 1088,  794,  161,  828, 1099,  936,  571,  945,  236,  599,  290,  276,  706,  485,  980, 1118,  898,  744,  965,  610,  269,  676,  789,  245,  871,  379,  692,  655,  178,  871,  680,  560,  448,  508,  559,  781,  790,  637,  824,  660,  999,  644,  866,  163,  136,  788,  270,  780,  927,  757,  845,  771,  852,  547,  803,  501,  441,  359,  712,  483,  285,  932,  575,  603,  319, 1069,  728,  232,  661,  902,  568, 1005,  109,  908,  471,  695, 1025,  150, 1107,  318, 1032,  381, 1031,  567,  994,  795,  858,  792,  509,  383,  734,  658,  748,   51,  935,  423,  145,  671,  879,  693,  630,  400,  822,  369,  618],
        [  198,    0,  306,  394,  742,  495,  809,  526,  219,  475,  425,  739,  272,  427,  297,  484,  291,  284,  285,  501,  216,  402,  700,  585,  166,  491,  624,  331,  210,  223,  262,  341,  591,  622,  353,    0,  207,  570,  442,  788,  526,  421,  597,  829,  621,  236,  664,  349,  449,  151,  117,  501,  138,  638,  822,  546,  418,  662,  485,  149,  323,  437,  148,  532,  300,  729,  495,  292,  564,  366,  371,  502,  277,  327,  436,  475,  548,  490,  365,  706,  362,  514,  390,  381,  740,   93,  543,  619,  444,  683,  455,  706,  546,  550,  303,  214,  241,  753,  350,  366,  606,  222,  253,  279,  770,  394,  403,  419,  555,  522,  725,  401,  632,  119,  362,  722,  353,  798,  354,  765,  363,  745,  481,  678,  471,  596,  453,  206,  186,  398,  316,  476,  303,  586,  415,  473,  329,  551,  394,  312,   91,  478,   80,  536],
        [  393,    0,  305,  596,  878,  669, 1016,  694,  416,  668,  398,  943,   66,  607,  463,  655,  473,  120,  119,  541,  147,  295,  902,  768,   53,  566,  756,  432,  335,  133,  300,  381,  691,  823,  249,  207,    0,  777,  563,  994,  732,  242,  797, 1035,  825,  357,  870,  144,  621,   64,  228,  693,  295,  829, 1028,  695,  621,  868,  649,  252,  489,  595,  227,  727,  429,  833,  672,  104,  629,  446,  553,  587,  260,  521,  626,  554,  701,  689,  419,  913,  567,  687,  368,  347,  882,  125,  743,  685,  521,  866,  660,  884,  661,  753,  484,  196,  379,  856,  509,  421,  807,  406,  408,  383,  976,  504,  415,  618,  741,  655,  931,  242,  838,  298,  563,  927,  336, 1002,  431,  971,  470,  951,  629,  881,  674,  801,  649,  281,  354,  511,  446,  682,  211,  769,  523,  319,  458,  752,  601,  518,  197,  670,  272,  686],
        [  415,    0,  748,  204,  585,  389,  242,  363,  390,  219,  809,  233,  842,  304,  448,  404,  398,  844,  845,  737,  740,  888,  174,  353,  732,  657,  543,  604,  560,  768,  659,  675,  633,  202,  850,  570,  777,    0,  525,  244,   62,  966,  141,  259,  156,  563,   96,  917,  341,  720,  585,  220,  533,  316,  271,  513,  210,  136,  374,  584,  438,  456,  610,  256,  506,  689,  310,  853,  765,  652,  318,  636,  750,  294,  304,  693,  432,  225,  697,  152,  211,  398,  783,  794,  558,  656,  130,  797,  684,  321,  161,  361,  569,   85,  358,  722,  501,  707,  412,  655,  199,  430,  488,  558,  225,  594,  741,  198,  326,  500,  157,  933,   62,  509,  265,  189,  758,  276,  613,  196,  552,  182,  440,  195,  182,   59,  255,  633,  467,  588,  539,  102,  805,  358,  555,  992,  541,  195,  179,  269,  612,  284,  510,  444],
        [  492,    0,  748,  348,  316,  734,  733,  207,  489,  309,  346,  757,  607,  222,  618,  735,  576,  678,  678,  218,  439,  487,  540,  772,  512,  133,  194,  728,  613,  646,  281,  232,  156,  696,  471,  442,  563,  525,    0,  762,  464,  628,  441,  725,  663,  635,  607,  654,  187,  543,  348,  316,  539,  780,  782,  838,  542,  660,  170,  317,  634,  731,  338,  677,  143,  287,  234,  578,  962,  773,  220,  112,  719,  279,  635,  871,  170,  624,  787,  671,  391,  752,  335,  357,  324,  459,  410, 1014,  845,  396,  537,  394,  104,  449,  225,  654,  202,  311,  139,  191,  686,  536,  607,  181,  743,  771,  269,  337,  737,   98,  657,  579,  568,  504,  528,  713,  329,  800,  154,  662,   96,  689,  107,  714,  574,  505,  614,  639,  265,  772,  686,  437,  448,  776,   49,  607,  697,  649,  447,  450,  533,  656,  371,  150],
        [  610,    0,  913,  446,  769,  459,   89,  583,  585,  453, 1052,   82, 1059,  542,  600,  479,  560, 1048, 1049,  977,  973, 1127,  270,  369,  953,  895,  752,  743,  733,  966,  900,  918,  857,  203, 1088,  788,  994,  244,  762,    0,  305, 1197,  333,  140,  178,  729,  156, 1136,  576,  934,  818,  448,  725,  292,   39,  561,  378,  126,  602,  820,  582,  551,  845,  321,  749,  893,  536, 1078,  847,  784,  561,  871,  925,  537,  420,  793,  650,  333,  836,   93,  444,  457, 1026, 1037,  737,  878,  353,  865,  795,  479,  335,  515,  795,  314,  601,  911,  743,  908,  655,  899,  218,  611,  651,  801,   20,  711,  984,  441,  364,  726,  113, 1167,  195,  708,  439,   67, 1001,   56,  856,  145,  794,   80,  670,  132,  327,  258,  376,  810,  705,  703,  680,  344, 1041,  373,  794, 1229,  678,  267,  399,  477,  814,  379,  736,  665],
        [  385,    0,  723,  146,  538,  406,  296,  306,  361,  159,  749,  294,  796,  242,  434,  418,  382,  805,  806,  675,  688,  831,  185,  385,  686,  596,  488,  591,  535,  731,  601,  615,  574,  251,  794,  526,  732,   62,  464,  305,    0,  914,  114,  308,  209,  542,  153,  870,  281,  677,  534,  162,  501,  359,  330,  531,  207,  197,  315,  530,  429,  461,  557,  284,  446,  635,  251,  805,  767,  640,  257,  574,  722,  236,  312,  690,  376,  244,  682,  212,  165,  417,  723,  735,  512,  609,   82,  803,  679,  288,  163,  328,  510,   44,  298,  690,  443,  654,  351,  594,  245,  405,  469,  498,  285,  588,  680,  138,  355,  441,  212,  880,  115,  475,  252,  251,  699,  338,  552,  242,  491,  239,  380,  254,  193,   70,  265,  605,  412,  583,  527,   51,  750,  390,  493,  937,  530,  230,  147,  238,  574,  300,  462,  387],
        [  617,    0,  529,  770,  934,  906, 1208,  805,  639,  820,  333, 1154,  193,  744,  700,  892,  705,  292,  290,  518,  227,  166, 1069, 1002,  261,  578,  814,  672,  576,  356,  352,  400,  716, 1040,  161,  421,  242,  966,  628, 1197,  914,    0,  960, 1221, 1036,  598, 1062,  137,  744,  303,  381,  842,  531, 1058, 1229,  936,  836, 1072,  759,  386,  727,  835,  359,  953,  525,  851,  799,  139,  859,  683,  696,  608,  484,  685,  855,  788,  791,  910,  651, 1111,  756,  924,  321,  294,  947,  328,  910,  913,  755,  993,  869, 1002,  707,  928,  633,  428,  496,  871,  626,  444, 1024,  637,  647,  467, 1179,  745,  391,  787,  973,  725, 1123,   53, 1027,  528,  781, 1132,  310, 1211,  475, 1155,  536, 1146,  720, 1094,  889,  981,  873,  521,  505,  752,  687,  866,  181, 1003,  580,   97,  700,  970,  799,  725,  434,  898,  462,  773],
