{
    "name": "random-84-25422",
    "comment": "size=84 seed=25422",
    "nodes": ["+0", "-0", "+1", "-1", "+2", "-2", "+3", "-3", "+4", "-4", "+5", "-5", "+6", "-6", "+7", "-7", "+8", "-8", "+9", "-9", "+10", "-10", "+11", "-11", "+12", "-12", "+13", "-13", "+14", "-14", "+15", "-15", "+16", "-16", "+17", "-17", "+18", "-18", "+19", "-19", "+20", "-20", "+21", "-21", "+22", "-22", "+23", "-23", "+24", "-24", "+25", "-25", "+26", "-26", "+27", "-27", "+28", "-28", "+29", "-29", "+30", "-30", "+31", "-31", "+32", "-32", "+33", "-33", "+34", "-34", "+35", "-35", "+36", "-36", "+37", "-37", "+38", "-38", "+39", "-39", "+40", "-40", "+41", "-41", "+42", "-42", "+43", "-43", "+44", "-44", "+45", "-45", "+46", "-46", "+47", "-47", "+48", "-48", "+49", "-49", "+50", "-50", "+51", "-51", "+52", "-52", "+53", "-53", "+54", "-54", "+55", "-55", "+56", "-56", "+57", "-57", "+58", "-58", "+59", "-59", "+60", "-60", "+61", "-61", "+62", "-62", "+63", "-63", "+64", "-64", "+65", "-65", "+66", "-66", "+67", "-67", "+68", "-68", "+69", "-69", "+70", "-70", "+71", "-71", "+72", "-72", "+73", "-73", "+74", "-74", "+75", "-75", "+76", "-76", "+77", "-77", "+78", "-78", "+79", "-79", "+80", "-80", "+81", "-81", "+82", "-82", "+83", "-83", "+84", "-84"],
    "precedence": {
        "+0": "-0",
        "+1": "-1",
        "+2": "-2",
        "+3": "-3",
        "+4": "-4",
        "+5": "-5",
        "+6": "-6",
        "+7": "-7",
        "+8": "-8",
        "+9": "-9",
        "+10": "-10",
        "+11": "-11",
        "+12": "-12",
        "+13": "-13",
        "+14": "-14",
        "+15": "-15",
        "+16": "-16",
        "+17": "-17",
        "+18": "-18",
        "+19": "-19",
        "+20": "-20",
        "+21": "-21",
        "+22": "-22",
        "+23": "-23",
        "+24": "-24",
        "+25": "-25",
        "+26": "-26",
        "+27": "-27",
        "+28": "-28",
        "+29": "-29",
        "+30": "-30",
        "+31": "-31",
        "+32": "-32",
        "+33": "-33",
        "+34": "-34",
        "+35": "-35",
        "+36": "-36",
        "+37": "-37",
        "+38": "-38",
        "+39": "-39",
        "+40": "-40",
        "+41": "-41",
        "+42": "-42",
        "+43": "-43",
        "+44": "-44",
        "+45": "-45",
        "+46": "-46",
        "+47": "-47",
        "+48": "-48",
        "+49": "-49",
        "+50": "-50",
        "+51": "-51",
        "+52": "-52",
        "+53": "-53",
        "+54": "-54",
        "+55": "-55",
        "+56": "-56",
        "+57": "-57",
        "+58": "-58",
        "+59": "-59",
        "+60": "-60",
        "+61": "-61",
        "+62": "-62",
        "+63": "-63",
        "+64": "-64",
        "+65": "-65",
        "+66": "-66",
        "+67": "-67",
        "+68": "-68",
        "+69": "-69",
        "+70": "-70",
        "+71": "-71",
        "+72": "-72",
        "+73": "-73",
        "+74": "-74",
        "+75": "-75",
        "+76": "-76",
        "+77": "-77",
        "+78": "-78",
        "+79": "-79",
        "+80": "-80",
        "+81": "-81",
        "+82": "-82",
        "+83": "-83",
        "+84": "-84"
    },
    "edges": [
        [    0,    0,  430,  459,  681,  681,  526,  683,  318,  410,  354,  652,  150,  201,  494,  515,  361,  565,  730,  671,  753,  263,  547,  609,  747,  252,  248,  596,  323,  177,  441,  839,  597,  219,  181,  227,  425,  396,  430,  488,  718,  186,  547,  497,  557,  669,  376,  449,  512,  302,  594,  485,  835,  381,  662,  508,  431,  539,  264,  413,  906,   60,  325,  535,  235,  308,  714,  585,  255,  223,  291,  501,  419,  470,  342,  794,  196,  387,  930,  543,  613,  755,  396,  596,  392,  558,  756,  189,  421,  250,  385,  339,  527,  755,  306,  644,  908,  308,  719,  695,  766,  814,  833,  338,  730,  162,  257,  405,  314,  894,  349,  238,  554,  321,  496,  363,  399,  226,  566,  664,  721,  340,  814,  687,  525,  180,  679,  750,  670,  786,  545,  498,  658,  663,  378,  618,  461,  465,  341,  437,   43,  678,  806,  307,  133,  473,  468,  820,  507,  250,  464,  750,  620,  617,  657,  363,  227,  633,  816,  364,  573,  111,  505,  685,  604,  420,  420,  485,  104,  433],
        [    0,    0,    0,    0,    0,    0,    0,    0,    0,    0,    0,    0,    0,    0,    0,    0,    0,    0,    0,    0,    0,    0,    0,    0,    0,    0,    0,    0,    0,    0,    0,    0,    0,    0,    0,    0,    0,    0,    0,    0,    0,    0,    0,    0,    0,    0,    0,    0,    0,    0,    0,    0,    0,    0,    0,    0,    0,    0,    0,    0,    0,    0,    0,    0,    0,    0,    0,    0,    0,    0,    0,    0,    0,    0,    0,    0,    0,    0,    0,    0,    0,    0,    0,    0,    0,    0,    0,    0,    0,    0,    0,    0,    0,    0,    0,    0,    0,    0,    0,    0,    0,    0,    0,    0,    0,    0,    0,    0,    0,    0,    0,    0,    0,    0,    0,    0,    0,    0,    0,    0,    0,    0,    0,    0,    0,    0,    0,    0,    0,    0,    0,    0,    0,    0,    0,    0,    0,    0,    0,    0,    0,    0,    0,    0,    0,    0,    0,    0,    0,    0,    0,    0,    0,    0,    0,    0,    0,    0,    0,    0,    0,    0,    0,    0,    0,    0,    0,    0,    0,    0],
        [  430,    0,    0,   90,  251,  420,  123,  311,  115,  656,  336,  254,  471,  426,  166,  516,  285,  337,  430,  380,  484,  582,  481,  211,  451,  229,  487,  366,  486,  256,  574,  488,  477,  418,  347,  608,  651,  439,  209,  669,  441,  370,  155,  605,  173,  449,  616,  400,  336,  136,  458,  324,  572,  610,  451,  184,  635,  693,  184,  624,  500,  411,  359,  229,  243,  282,  286,  409,  482,  290,  285,  366,  440,  158,  293,  419,  501,  618,  628,  150,  342,  389,  640,  435,  553,  187,  356,  350,  538,  437,  439,  500,  677,  394,  360,  295,  569,  202,  468,  407,  413,  440,  549,  619,  310,  538,  558,  622,  325,  597,  211,  192,  222,  304,  102,  394,  623,  415,  355,  270,  305,  514,  401,  388,  480,  581,  480,  514,  316,  485,  151,  620,  493,  302,  617,  355,  142,   97,  447,  739,  408,  477,  422,  573,  540,  184,  508,  451,  398,  335,  472,  486,  511,  461,  490,  194,  269,  271,  440,   72,  155,  539,  350,  256,  402,  216,  476,  184,  346,  589],
        [  459,    0,   90,    0,  249,  331,   69,  238,  171,  624,  287,  195,  524,  489,   77,  450,  234,  250,  343,  456,  560,  641,  406,  151,  523,  296,  468,  451,  452,  296,  655,  544,  566,  402,  343,  657,  616,  523,  298,  624,  353,  431,  218,  551,  101,  533,  688,  488,  424,  159,  375,  413,  647,  578,  536,   95,  710,  642,  196,  587,  449,  429,  439,  140,  307,  247,  268,  497,  549,  281,  254,  289,  525,  244,  376,  350,  559,  586,  694,   85,  422,  443,  712,  350,  512,  255,  299,  412,  619,  506,  522,  576,  626,  450,  323,  361,  491,  280,  379,  482,  471,  488,  620,  685,  274,  585,  619,  696,  286,  664,  168,  232,  299,  264,   39,  345,  697,  482,  442,  317,  263,  479,  356,  301,  569,  592,  565,  594,  237,  400,  213,  567,  406,  363,  587,  266,  228,    9,  526,  805,  430,  388,  466,  640,  580,  271,  594,  501,  487,  313,  410,  563,  429,  549,  577,  280,  334,  193,  371,  108,  196,  569,  271,  257,  315,  146,  560,  270,  364,  668],
        [  681,    0,  251,  249,    0,  430,  186,  232,  364,  871,  529,  164,  712,  657,  273,  667,  476,  411,  397,  362,  452,  814,  607,  165,  402,  464,  716,  413,  699,  506,  757,  363,  561,  649,  587,  851,  862,  616,  359,  865,  429,  604,  182,  783,  197,  472,  827,  548,  437,  384,  550,  442,  524,  825,  481,  277,  833,  877,  430,  832,  302,  660,  556,  299,  480,  494,   53,  480,  704,  526,  503,  492,  607,  281,  485,  292,  737,  833,  532,  190,  363,  271,  850,  519,  756,  204,  200,  585,  720,  659,  620,  703,  861,  283,  570,  250,  457,  422,  472,  382,  307,  294,  485,  840,  112,  782,  788,  826,  533,  510,  416,  443,  258,  510,  213,  586,  829,  640,  422,  162,  127,  725,  202,  373,  607,  830,  510,  504,  266,  436,  178,  801,  556,  235,  834,  390,  277,  247,  644,  959,  659,  519,  265,  795,  788,  301,  668,  311,  515,  561,  636,  458,  606,  528,  540,  389,  503,  238,  304,  320,  128,  790,  470,   12,  469,  380,  649,  291,  595,  777],
        [  681,    0,  420,  331,  430,    0,  320,  205,  481,  638,  347,  267,  790,  778,  255,  343,  323,  116,   74,  755,  856,  914,  262,  273,  811,  602,  560,  769,  495,  565,  973,  792,  893,  519,  509,  905,  618,  846,  628,  584,   40,  721,  517,  482,  271,  847,  985,  817,  752,  442,  176,  743,  937,  599,  852,  236, 1017,  571,  450,  588,  376,  630,  759,  192,  609,  375,  403,  822,  842,  459,  392,  204,  851,  569,  701,  231,  832,  605,  959,  294,  733,  697, 1010,  145,  512,  555,  285,  703,  937,  805,  844,  885,  558,  708,  405,  647,  250,  600,   49,  779,  731,  724,  903,  972,  353,  835,  897, 1000,  381,  935,  337,  512,  608,  367,  325,  373,  999,  777,  765,  575,  330,  511,  352,   63,  899,  748,  882,  899,  168,  113,  511,  502,  144,  640,  612,   69,  554,  323,  841, 1089,  641,   96,  695,  929,  813,  596,  921,  740,  817,  444,  343,  860,  217,  874,  899,  608,  635,  194,  246,  421,  472,  779,  190,  442,   99,  269,  884,  594,  578,  983],
        [  526,    0,  123,   69,  186,  320,    0,  188,  227,  686,  344,  134,  585,  545,   94,  491,  291,  260,  318,  440,  543,  699,  439,   90,  501,  348,  534,  450,  513,  360,  696,  506,  577,  468,  411,  719,  676,  560,  319,  680,  335,  488,  199,  602,   53,  528,  738,  515,  437,  225,  396,  430,  627,  639,  532,  105,  757,  694,  264,  647,  385,  497,  481,  141,  361,  310,  201,  503,  602,  349,  319,  321,  559,  253,  414,  297,  617,  648,  663,   29,  414,  405,  762,  367,  570,  237,  237,  468,  659,  559,  560,  622,  678,  414,  384,  336,  448,  324,  368,  465,  436,  446,  596,  739,  206,  648,  676,  744,  348,  635,  231,  295,  289,  325,   31,  401,  746,  535,  446,  278,  196,  540,  290,  279,  592,  660,  562,  583,  196,  371,  193,  619,  417,  334,  649,  261,  239,   64,  570,  860,  498,  391,  421,  694,  645,  280,  627,  460,  506,  379,  456,  546,  451,  555,  580,  315,  388,  152,  318,  167,  161,  636,  301,  195,  325,  196,  597,  276,  431,  711],
        [  683,    0,  311,  238,  232,  205,  188,    0,  409,  757,  420,   74,  760,  727,  190,  499,  375,  223,  165,  580,  676,  878,  426,  104,  628,  532,  636,  611,  593,  530,  884,  595,  749,  579,  540,  891,  741,  747,  501,  725,  199,  669,  355,  631,  139,  681,  924,  699,  612,  393,  352,  608,  752,  712,  688,  177,  944,  724,  422,  711,  233,  645,  669,  159,  544,  414,  200,  671,  786,  479,  429,  326,  746,  430,  602,  112,  796,  720,  764,  161,  568,  503,  948,  319,  631,  390,   95,  650,  847,  743,  748,  809,  710,  515,  474,  468,  261,  512,  243,  602,  538,  525,  715,  923,  149,  819,  856,  931,  440,  742,  346,  467,  447,  419,  210,  467,  932,  719,  612,  387,  125,  615,  167,  144,  773,  794,  718,  724,   39,  206,  349,  650,  342,  457,  724,  182,  419,  231,  757, 1043,  650,  298,  495,  877,  810,  457,  813,  542,  685,  490,  481,  681,  404,  722,  742,  502,  571,   52,  134,  346,  302,  792,  304,  244,  265,  281,  784,  451,  583,  899],
        [  318,    0,  115,  171,  364,  481,  227,  409,    0,  584,  301,  360,  359,  319,  235,  499,  260,  381,  505,  420,  519,  472,  480,  316,  496,  126,  406,  378,  422,  142,  492,  559,  456,  337,  260,  495,  584,  367,  194,  613,  509,  261,  238,  564,  270,  463,  517,  349,  323,   59,  479,  303,  608,  539,  462,  253,  542,  644,  100,  558,  611,  303,  278,  295,  136,  236,  400,  403,  378,  212,  232,  378,  373,  187,  223,  520,  391,  548,  680,  251,  370,  464,  542,  462,  495,  258,  464,  242,  457,  336,  364,  408,  629,  467,  307,  359,  661,  121,  528,  447,  482,  520,  592,  515,  423,  424,  449,  527,  278,  646,  190,   81,  271,  262,  200,  354,  527,  311,  358,  358,  417,  450,  513,  462,  436,  476,  488,  537,  407,  563,  236,  576,  525,  372,  545,  413,  173,  179,  361,  635,  299,  520,  507,  469,  426,  203,  443,  529,  366,  267,  449,  519,  527,  451,  486,  144,  163,  364,  541,   64,  257,  426,  368,  368,  441,  230,  404,  211,  240,  503],
        [  410,    0,  656,  624,  871,  638,  686,  757,  584,    0,  345,  766,  553,  611,  605,  310,  397,  548,  710, 1001, 1097,  644,  388,  734, 1078,  599,  183,  947,  173,  497,  850, 1139,  984,  249,  329,  570,   29,  800,  763,  106,  677,  589,  809,  188,  685, 1030,  771,  841,  875,  532,  474,  850, 1185,   47, 1025,  606,  831,  162,  485,   52,  984,  363,  721,  604,  586,  379,  882,  955,  663,  373,  373,  442,  822,  771,  718,  842,  595,   38, 1263,  686,  949, 1041,  788,  499,  128,  835,  850,  587,  830,  660,  790,  749,  158, 1046,  302,  940,  886,  647,  652, 1028, 1063, 1095, 1173,  724,  868,  534,  647,  804,  339, 1229,  457,  521,  854,  361,  659,  292,  796,  635,  922,  925,  850,  146,  922,  679,  923,  293, 1048, 1109,  726,  749,  805,  173,  534,  952,   39,  604,  756,  625,  749,  797,  382,  580, 1077,  702,  483,  785,  875, 1105,  890,  321,  296, 1096,  461,  995, 1034,  698,  593,  710,  862,  588,  808,  415,  462,  880,  540,  495,  828,  793,  390,  841],
        [  354,    0,  336,  287,  529,  347,  344,  420,  301,  345,    0,  423,  485,  497,  261,  201,   54,  235,  408,  709,  812,  608,  203,  389,  783,  376,  220,  677,  175,  295,  727,  823,  753,  173,  173,  580,  334,  627,  494,  338,  386,  448,  490,  270,  341,  762,  703,  633,  623,  243,  241,  602,  901,  299,  762,  262,  748,  358,  210,  304,  651,  297,  536,  263,  373,   68,  538,  704,  563,  143,   79,  150,  641,  477,  501,  514,  531,  307,  963,  342,  664,  722,  726,  244,  227,  522,  511,  435,  696,  536,  621,  627,  342,  729,   59,  630,  591,  405,  378,  737,  748,  771,  880,  677,  524,  515,  596,  725,   41,  931,  125,  274,  553,   43,  319,   59,  721,  507,  658,  600,  506,  200,  581,  369,  721,  402,  788,  835,  392,  458,  485,  285,  305,  637,  310,  293,  460,  287,  599,  785,  311,  328,  751,  638,  484,  497,  708,  783,  662,  104,  149,  813,  270,  751,  787,  442,  393,  371,  536,  278,  479,  442,  159,  539,  259,  151,  663,  502,  257,  729],
        [  652,    0,  254,  195,  164,  267,  134,   74,  360,  766,  423,    0,  717,  678,  169,  529,  373,  259,  235,  507,  603,  832,  461,   45,  555,  481,  632,  539,  597,  491,  823,  527,  678,  570,  522,  851,  753,  685,  435,  744,  266,  621,  283,  655,   96,  608,  870,  633,  542,  354,  396,  539,  680,  721,  615,  163,  887,  749,  389,  723,  254,  619,  610,  164,  494,  406,  140,  599,  735,  460,  418,  352,  682,  362,  541,  168,  751,  728,  695,  111,  495,  433,  894,  363,  643,  318,  105,  601,  786,  691,  687,  753,  734,  444,  473,  395,  328,  455,  308,  529,  468,  458,  644,  872,  105,  779,  809,  875,  437,  672,  331,  426,  375,  415,  161,  475,  877,  668,  541,  315,   85,  621,  165,  209,  705,  776,  645,  651,  102,  279,  278,  674,  396,  385,  731,  230,  351,  188,  699,  993,  622,  356,  429,  827,  774,  388,  749,  474,  616,  480,  504,  608,  450,  650,  669,  441,  521,   76,  188,  300,  229,  762,  330,  176,  312,  275,  721,  382,  555,  839],
        [  150,    0,  471,  524,  712,  790,  585,  760,  359,  553,  485,  717,    0,   83,  575,  658,  482,  676,  831,  624,  691,  125,  684,  673,  694,  249,  397,  535,  472,  231,  299,  804,  502,  366,  318,  140,  570,  282,  401,  635,  825,  115,  553,  646,  625,  597,  227,  354,  447,  368,  723,  420,  765,  526,  588,  591,  282,  687,  345,  560,  969,  208,  237,  626,  233,  430,  753,  508,  113,  344,  414,  625,  308,  461,  282,  872,   47,  533,  870,  607,  564,  731,  248,  721,  541,  555,  821,  132,  283,  125,  270,  201,  676,  728,  443,  622, 1001,  296,  831,  644,  735,  791,  770,  193,  780,   76,  112,  256,  445,  834,  453,  294,  535,  448,  557,  503,  250,  113,  503,  661,  775,  489,  871,  787,  416,  288,  600,  677,  753,  888,  553,  647,  785,  644,  523,  724,  456,  531,  218,  302,  189,  800,  789,  159,  109,  456,  343,  794,  421,  385,  607,  686,  755,  530,  570,  342,  210,  712,  894,  418,  591,  163,  626,  715,  722,  522,  298,  468,  229,  288],
        [  201,    0,  426,  489,  657,  778,  545,  727,  319,  611,  497,  678,   83,    0,  548,  683,  486,  667,  813,  545,  609,  157,  699,  634,  614,  198,  444,  454,  511,  214,  243,  726,  420,  403,  342,  209,  625,  203,  329,  686,  810,   58,  491,  686,  589,  515,  209,  272,  366,  340,  729,  339,  683,  580,  505,  565,  251,  735,  328,  612,  926,  252,  155,  603,  184,  436,  701,  426,   67,  355,  421,  628,  228,  395,  205,  838,   84,  587,  788,  569,  485,  657,  234,  723,  585,  489,  781,   78,  220,   49,  191,  140,  723,  654,  463,  548,  976,  236,  821,  564,  659,  717,  689,  197,  733,  155,  132,  229,  458,  753,  445,  267,  464,  457,  519,  523,  226,   31,  422,  594,  730,  531,  826,  768,  336,  362,  517,  595,  724,  870,  492,  689,  788,  571,  579,  710,  392,  497,  142,  317,  232,  797,  716,  153,  192,  386,  270,  719,  339,  403,  630,  604,  765,  447,  488,  276,  158,  681,  860,  382,  533,  241,  626,  659,  718,  509,  223,  399,  252,  239],
        [  494,    0,  166,   77,  273,  255,   94,  190,  235,  605,  261,  169,  575,  548,    0,  398,  209,  175,  272,  525,  628,  695,  346,  131,  589,  359,  464,  525,  434,  344,  725,  599,  642,  402,  355,  703,  594,  595,  374,  593,  278,  490,  284,  511,   81,  606,  750,  563,  501,  208,  306,  489,  714,  559,  609,   19,  777,  604,  233,  564,  417,  456,  510,   64,  369,  238,  278,  573,  609,  293,  250,  228,  598,  319,  449,  301,  612,  567,  755,   84,  494,  498,  775,  279,  486,  322,  268,  471,  689,  569,  594,  642,  589,  507,  307,  425,  429,  350,  303,  551,  529,  539,  685,  744,  266,  631,  674,  761,  271,  726,  162,  283,  369,  248,   82,  316,  761,  543,  517,  371,  250,  459,  333,  228,  645,  609,  639,  665,  179,  329,  279,  529,  333,  425,  569,  189,  304,   70,  595,  864,  461,  313,  515,  699,  620,  346,  668,  553,  563,  312,  364,  632,  361,  624,  652,  354,  396,  140,  323,  172,  252,  602,  208,  283,  241,  110,  633,  345,  393,  737],
        [  515,    0,  516,  450,  667,  343,  491,  499,  499,  310,  201,  529,  658,  683,  398,    0,  239,  276,  416,  896,  999,  777,   82,  508,  967,  576,  300,  871,  215,  491,  919,  993,  953,  299,  342,  733,  286,  825,  691,  243,  380,  638,  666,  140,  471,  956,  883,  833,  820,  440,  170,  801, 1088,  278,  956,  391,  932,  230,  410,  259,  710,  455,  734,  370,  572,  268,  662,  901,  747,  334,  277,  177,  840,  666,  701,  564,  705,  282, 1142,  480,  854,  892,  905,  199,  192,  700,  592,  627,  890,  725,  818,  817,  216,  899,  221,  808,  585,  605,  349,  923,  920,  935, 1064,  851,  633,  674,  769,  908,  233, 1111,  313,  474,  737,  243,  474,  161,  903,  696,  854,  766,  611,  216,  665,  393,  921,  502,  983, 1026,  463,  448,  660,  160,  226,  812,  291,  324,  650,  447,  794,  951,  472,  273,  912,  816,  635,  689,  906,  949,  861,  280,   54, 1001,  151,  949,  984,  641,  591,  459,  582,  468,  644,  581,  199,  678,  248,  304,  860,  693,  433,  919],
        [  361,    0,  285,  234,  476,  323,  291,  375,  260,  397,   54,  373,  482,  486,  209,  239,    0,  208,  378,  661,  764,  607,  225,  338,  734,  348,  262,  633,  226,  276,  708,  771,  716,  207,  187,  588,  386,  602,  452,  391,  361,  434,  439,  321,  289,  718,  694,  601,  582,  202,  244,  563,  853,  351,  718,  212,  735,  410,  178,  357,  607,  309,  510,  216,  347,   54,  485,  663,  552,  140,   71,  144,  614,  430,  470,  473,  527,  359,  913,  290,  618,  670,  718,  239,  280,  471,  464,  419,  676,  522,  596,  610,  394,  677,  100,  580,  560,  370,  358,  689,  696,  719,  832,  672,  473,  519,  593,  714,   66,  881,   75,  245,  504,   47,  266,  112,  711,  492,  616,  547,  456,  251,  534,  337,  689,  431,  745,  789,  349,  431,  434,  336,  304,  586,  361,  263,  413,  233,  578,  784,  320,  318,  698,  632,  494,  451,  682,  731,  625,  124,  191,  765,  282,  711,  746,  404,  369,  324,  495,  231,  426,  457,  145,  486,  243,   99,  638,  456,  260,  712],
        [  565,    0,  337,  250,  411,  116,  260,  223,  381,  548,  235,  259,  676,  667,  175,  276,  208,    0,  173,  698,  802,  801,  204,  247,  761,  498,  453,  700,  394,  453,  869,  761,  813,  408,  394,  790,  530,  747,  544,  507,  154,  611,  458,  409,  223,  781,  876,  725,  672,  337,  140,  660,  887,  506,  784,  159,  910,  503,  340,  500,  440,  515,  658,  120,  503,  260,  397,  746,  732,  344,  277,  107,  754,  493,  603,  295,  719,  512,  922,  240,  669,  662,  900,  109,  421,  495,  317,  594,  834,  696,  744,  779,  489,  671,  294,  596,  356,  501,  156,  724,  694,  697,  856,  860,  361,  720,  784,  891,  268,  894,  224,  404,  544,  253,  255,  268,  890,  668,  691,  535,  339,  413,  390,  136,  810,  636,  814,  840,  187,  224,  452,  429,  158,  594,  518,   59,  477,  243,  737,  976,  525,  141,  670,  818,  698,  520,  823,  712,  732,  330,  261,  805,  195,  798,  826,  516,  529,  187,  315,  325,  421,  664,   87,  423,   66,  158,  785,  519,  462,  878],
        [  730,    0,  430,  343,  397,   74,  318,  165,  505,  710,  408,  235,  831,  813,  272,  416,  378,  173,    0,  739,  837,  954,  336,  254,  790,  629,  625,  762,  563,  602,  996,  759,  894,  581,  563,  951,  690,  865,  634,  658,   43,  755,  507,  555,  266,  837, 1018,  829,  754,  473,  249,  747,  915,  670,  843,  253, 1046,  644,  487,  660,  306,  682,  781,  211,  638,  429,  363,  819,  876,  510,  446,  272,  868,  570,  719,  163,  872,  676,  929,  290,  722,  667, 1043,  218,  583,  544,  229,  737,  960,  837,  864,  912,  632,  679,  467,  628,  184,  621,   88,  762,  702,  689,  879, 1009,  307,  880,  936, 1030,  440,  906,  382,  546,  599,  424,  329,  439, 1030,  810,  761,  550,  284,  580,  291,   45,  908,  808,  873,  883,  134,   58,  501,  575,  213,  619,  682,  116,  556,  335,  865, 1127,  691,  162,  659,  965,  862,  597,  937,  706,  823,  501,  416,  842,  288,  871,  893,  622,  664,  172,  176,  443,  457,  832,  255,  408,  171,  312,  903,  593,  626, 1008],
        [  671,    0,  380,  456,  362,  755,  440,  580,  420, 1001,  709,  507,  624,  545,  525,  896,  661,  698,  739,    0,  105,  679,  859,  486,   77,  422,  821,  101,  841,  517,  521,  186,  238,  753,  674,  751, 1002,  399,  245, 1032,  764,  513,  241,  978,  485,  115,  635,  308,  184,  475,  829,  209,  193,  958,  127,  540,  614, 1061,  520,  978,  650,  683,  394,  580,  439,  650,  412,  163,  560,  630,  648,  743,  378,  234,  342,  653,  626,  966,  263,  464,   60,  151,  652,  803,  914,  204,  562,  501,  491,  519,  409,  514, 1046,  141,  724,  113,  819,  367,  801,   28,  133,  200,  172,  670,  473,  698,  651,  618,  692,  228,  587,  482,  159,  674,  444,  766,  626,  517,  131,  201,  489,  869,  557,  707,  321,  850,  153,  145,  606,  785,  247,  991,  855,  128,  963,  700,  250,  461,  456,  772,  672,  830,  214,  632,  728,  217,  411,  194,  244,  686,  851,  107,  884,  194,  192,  312,  446,  567,  666,  432,  284,  760,  726,  353,  763,  595,  417,  210,  631,  548],
        [  753,    0,  484,  560,  452,  856,  543,  676,  519, 1097,  812,  603,  691,  609,  628,  999,  764,  802,  837,  105,    0,  731,  963,  585,   54,  509,  916,  158,  940,  608,  545,  179,  238,  849,  769,  810, 1099,  441,  336, 1131,  864,  585,  345, 1080,  587,  102,  671,  351,  245,  575,  933,  272,   90, 1054,  115,  643,  640, 1162,  618, 1075,  727,  770,  455,  683,  525,  751,  499,  189,  615,  728,  749,  848,  416,  336,  415,  743,  687, 1063,  180,  566,  150,  201,  685,  907, 1014,  307,  651,  575,  520,  578,  452,  557, 1147,  188,  824,  210,  908,  456,  902,   78,  169,  227,   80,  712,  561,  763,  704,  649,  794,  144,  689,  577,  263,  776,  548,  868,  658,  580,  189,  291,  578,  967,  639,  806,  336,  933,  122,   60,  703,  881,  351, 1093,  959,  219, 1059,  802,  352,  565,  503,  804,  757,  932,  251,  678,  797,  316,  434,  214,  281,  785,  954,   10,  988,  193,  169,  402,  528,  667,  754,  534,  385,  835,  830,  442,  867,  699,  451,  310,  721,  573],
        [  263,    0,  582,  641,  814,  914,  699,  878,  472,  644,  608,  832,  125,  157,  695,  777,  607,  801,  954,  679,  731,    0,  806,  788,  744,  354,  503,  583,  583,  353,  249,  864,  518,  481,  439,   97,  664,  293,  479,  733,  949,  212,  646,  754,  741,  632,  132,  381,  496,  487,  848,  471,  797,  623,  621,  712,  196,  788,  468,  657, 1081,  323,  287,  748,  339,  555,  857,  543,  120,  469,  539,  750,  320,  549,  350,  990,   83,  628,  908,  722,  621,  801,  146,  846,  648,  642,  935,  232,  249,  164,  281,  181,  778,  796,  565,  695, 1123,  392,  956,  695,  800,  860,  809,   80,  889,  111,   29,  168,  568,  873,  578,  413,  614,  572,  672,  624,  158,  175,  550,  746,  886,  597,  982,  910,  420,  359,  627,  708,  873, 1012,  647,  754,  910,  718,  618,  848,  547,  648,  229,  177,  305,  924,  861,   71,  162,  538,  330,  861,  451,  507,  726,  725,  878,  553,  590,  430,  314,  831, 1012,  534,  689,  230,  751,  815,  847,  646,  294,  550,  352,  228],
        [  547,    0,  481,  406,  607,  262,  439,  426,  480,  388,  203,  461,  684,  699,  346,   82,  225,  204,  336,  859,  963,  806,    0,  445,  928,  572,  355,  843,  274,  496,  928,  944,  935,  340,  367,  771,  365,  826,  668,  324,  299,  650,  624,  221,  412,  928,  904,  824,  799,  424,   89,  781, 1051,  353,  929,  336,  950,  309,  402,  337,  632,  488,  734,  308,  571,  266,  598,  879,  765,  345,  280,  118,  838,  635,  694,  486,  730,  358, 1099,  424,  822,  843,  927,  118,  266,  660,  519,  637,  897,  738,  820,  829,  296,  852,  242,  766,  504,  594,  268,  886,  873,  884, 1025,  876,  564,  708,  796,  927,  242, 1069,  291,  469,  701,  244,  425,  184,  923,  709,  828,  717,  542,  281,  591,  314,  913,  557,  957,  994,  389,  367,  618,  241,  147,  768,  367,  248,  619,  402,  800,  982,  504,  193,  859,  839,  673,  659,  906,  898,  846,  300,   99,  966,   80,  928,  961,  624,  592,  390,  503,  441,  597,  623,  139,  618,  168,  266,  862,  662,  456,  931],
        [  609,    0,  211,  151,  165,  273,   90,  104,  316,  734,  389,   45,  673,  634,  131,  508,  338,  247,  254,  486,  585,  788,  445,    0,  539,  438,  594,  511,  563,  446,  783,  522,  646,  532,  481,  806,  721,  645,  398,  716,  279,  577,  255,  630,   53,  584,  827,  596,  509,  310,  386,  505,  665,  688,  590,  128,  845,  724,  345,  691,  298,  576,  569,  139,  451,  368,  155,  569,  691,  419,  380,  331,  643,  327,  500,  209,  706,  696,  687,   67,  470,  424,  851,  354,  613,  291,  149,  557,  746,  648,  646,  710,  709,  435,  437,  376,  364,  413,  318,  510,  458,  455,  630,  828,  136,  735,  765,  833,  401,  662,  292,  382,  347,  379,  117,  443,  834,  624,  511,  302,  120,  588,  207,  222,  670,  734,  620,  630,  122,  302,  249,  648,  393,  368,  698,  227,  315,  144,  657,  949,  579,  357,  427,  783,  730,  353,  710,  471,  581,  442,  480,  590,  441,  621,  642,  400,  477,   82,  229,  255,  204,  718,  309,  177,  305,  240,  682,  348,  511,  798],
        [  747,    0,  451,  523,  402,  811,  501,  628,  496, 1078,  783,  555,  694,  614,  589,  967,  734,  761,  790,   77,   54,  744,  928,  539,    0,  499,  898,  162,  917,  594,  571,  137,  270,  830,  751,  819, 1079,  458,  321, 1107,  818,  586,  306, 1052,  544,  132,  692,  367,  249,  551,  894,  276,  127, 1034,  146,  603,  665, 1136,  595, 1054,  674,  760,  462,  642,  515,  724,  448,  209,  626,  707,  723,  811,  434,  310,  414,  693,  694, 1043,  186,  524,  135,  148,  708,  867,  990,  269,  600,  574,  543,  586,  469,  574, 1121,  135,  799,  166,  857,  443,  857,   52,  116,  176,   98,  730,  510,  768,  716,  672,  767,  152,  659,  559,  231,  748,  508,  840,  680,  586,  194,  241,  528,  945,  586,  760,  364,  926,  161,  113,  656,  833,  311, 1066,  917,  172, 1039,  759,  325,  527,  518,  827,  748,  890,  200,  694,  800,  293,  460,  165,  298,  762,  923,   62,  950,  225,  208,  389,  521,  620,  703,  505,  342,  834,  793,  392,  826,  664,  471,  286,  708,  598],
        [  252,    0,  229,  296,  464,  602,  348,  532,  126,  599,  376,  481,  249,  198,  359,  576,  348,  498,  629,  422,  509,  354,  572,  438,  499,    0,  416,  354,  456,  102,  372,  588,  390,  353,  274,  388,  604,  255,  179,  647,  632,  142,  307,  617,  394,  434,  393,  259,  278,  161,  583,  252,  595,  558,  428,  378,  418,  687,  171,  583,  728,  262,  163,  419,   19,  309,  505,  357,  254,  250,  299,  481,  267,  221,  127,  643,  275,  566,  683,  373,  365,  504,  417,  570,  532,  312,  584,  123,  337,  211,  250,  284,  672,  503,  363,  393,  785,   56,  648,  447,  514,  563,  587,  391,  536,  321,  330,  402,  344,  648,  288,  104,  303,  334,  323,  420,  402,  187,  327,  420,  532,  481,  629,  585,  347,  429,  450,  514,  532,  687,  307,  626,  635,  412,  561,  534,  214,  303,  240,  512,  250,  635,  556,  346,  333,  222,  335,  569,  296,  310,  524,  507,  627,  398,  437,  111,   41,  488,  665,  189,  343,  350,  473,  466,  555,  342,  292,  234,  213,  381],
        [  248,    0,  487,  468,  716,  560,  534,  636,  406,  183,  220,  632,  397,  444,  464,  300,  262,  453,  625,  821,  916,  503,  355,  594,  898,  416,    0,  765,   86,  314,  686,  963,  802,   70,  147,  445,  190,  624,  581,  243,  600,  415,  636,  252,  543,  847,  622,  661,  693,  357,  426,  667, 1003,  144,  843,  470,  678,  292,  309,  172,  868,  193,  542,  477,  404,  227,  734,  773,  501,  198,  216,  357,  645,  592,  536,  733,  442,  152, 1083,  539,  767,  867,  642,  439,  146,  661,  725,  411,  663,  491,  615,  583,  280,  871,  163,  764,  808,  465,  586,  847,  887,  922,  992,  581,  729,  394,  501,  652,  196, 1049,  304,  339,  676,  218,  505,  188,  645,  465,  740,  755,  713,   95,  794,  588,  744,  203,  865,  926,  610,  673,  633,  252,  492,  776,  146,  511,  578,  471,  577,  670,  212,  526,  907,  553,  349,  605,  702,  932,  708,  156,  259,  915,  434,  812,  852,  516,  411,  586,  755,  416,  641,  288,  371,  725,  467,  358,  654,  614,  209,  680],
        [  596,    0,  366,  451,  413,  769,  450,  611,  378,  947,  677,  539,  535,  454,  525,  871,  633,  700,  762,  101,  158,  583,  843,  511,  162,  354,  765,    0,  794,  454,  421,  286,  152,  699,  619,  658,  951,  300,  186,  986,  784,  428,  257,  941,  500,   86,  535,  209,   88,  436,  823,  115,  241,  905,   86,  542,  514, 1020,  475,  928,  712,  614,  301,  585,  369,  613,  465,   71,  464,  582,  610,  731,  278,  209,  257,  696,  533,  914,  337,  477,   56,  246,  552,  800,  869,  221,  607,  417,  391,  425,  310,  415, 1005,  237,  684,  174,  862,  302,  817,  114,  232,  298,  238,  571,  524,  608,  555,  518,  655,  301,  559,  428,  165,  639,  447,  731,  526,  425,   33,  263,  536,  821,  613,  727,  224,  775,  115,  162,  632,  813,  263,  953,  856,  197,  909,  709,  225,  457,  358,  672,  600,  836,  310,  534,  641,  184,  312,  294,  144,  641,  823,  155,  876,  116,  131,  249,  371,  591,  711,  403,  310,  678,  715,  406,  765,  579,  317,  182,  566,  447],
        [  323,    0,  486,  452,  699,  495,  513,  593,  422,  173,  175,  597,  472,  511,  434,  215,  226,  394,  563,  841,  940,  583,  274,  563,  917,  456,   86,  794,    0,  356,  754,  972,  845,  110,  183,  529,  166,  682,  608,  193,  535,  477,  640,  175,  514,  878,  698,  709,  728,  368,  349,  704, 1029,  126,  875,  436,  753,  232,  322,  138,  823,  264,  595,  437,  446,  207,  710,  809,  572,  213,  202,  292,  701,  608,  581,  683,  518,  135, 1101,  514,  791,  873,  719,  366,   77,  668,  684,  470,  729,  558,  673,  651,  218,  878,  130,  774,  745,  499,  517,  868,  896,  926, 1013,  660,  698,  475,  579,  727,  166, 1068,  285,  367,  690,  189,  487,  127,  721,  530,  771,  755,  681,   28,  755,  529,  795,  287,  899,  955,  564,  608,  636,  178,  415,  785,  136,  452,  593,  453,  639,  752,  284,  452,  908,  629,  432,  625,  761,  937,  751,  155,  176,  939,  353,  852,  890,  547,  457,  544,  704,  420,  637,  373,  309,  708,  399,  324,  713,  632,  265,  749],
        [  177,    0,  256,  296,  506,  565,  360,  530,  142,  497,  295,  491,  231,  214,  344,  491,  276,  453,  602,  517,  608,  353,  496,  446,  594,  102,  314,  454,  356,    0,  433,  675,  490,  252,  174,  361,  503,  336,  273,  547,  598,  159,  372,  521,  396,  534,  423,  354,  379,  138,  519,  353,  694,  457,  529,  360,  461,  588,  116,  482,  744,  170,  245,  395,   91,  230,  541,  459,  280,  158,  217,  417,  352,  301,  225,  642,  270,  465,  780,  380,  461,  586,  447,  511,  433,  385,  595,  144,  402,  247,  328,  335,  573,  587,  273,  477,  771,  153,  608,  543,  600,  645,  685,  408,  561,  289,  334,  440,  259,  744,  231,   66,  386,  253,  331,  331,  438,  218,  427,  490,  554,  381,  649,  558,  441,  342,  551,  614,  523,  660,  370,  529,  576,  494,  460,  498,  290,  303,  305,  525,  162,  583,  635,  365,  286,  308,  416,  652,  396,  216,  438,  606,  558,  499,  538,  206,  103,  482,  664,  193,  397,  285,  414,  510,  504,  296,  370,  318,  114,  437],
        [  441,    0,  574,  655,  757,  973,  696,  884,  492,  850,  727,  823,  299,  243,  725,  919,  708,  869,  996,  521,  545,  249,  928,  783,  571,  372,  686,  421,  754,  433,    0,  704,  311,  645,  581,  346,  866,  141,  399,  928, 1001,  282,  576,  928,  746,  444,  138,  219,  348,  533,  949,  331,  596,  821,  431,  744,   96,  978,  536,  854, 1052,  494,  216,  786,  367,  662,  807,  362,  187,  586,  649,  847,  152,  477,  283,  991,  261,  828,  712,  724,  471,  664,  146,  939,  827,  558,  918,  293,   38,  197,  138,  103,  966,  656,  699,  573, 1143,  376, 1019,  530,  653,  718,  616,  193,  853,  339,  230,  108,  689,  679,  656,  469,  513,  685,  676,  759,  118,  225,  392,  646,  856,  774,  949,  953,  210,  584,  428,  509,  890, 1053,  579,  931, 1004,  598,  819,  905,  483,  663,  132,  262,  475, 1006,  728,  179,  391,  456,  112,  715,  278,  640,  866,  538,  990,  354,  385,  383,  342,  845, 1010,  554,  630,  455,  841,  755,  926,  713,  110,  467,  492,   29],
        [  839,    0,  488,  544,  363,  792,  506,  595,  559, 1139,  823,  527,  804,  726,  599,  993,  771,  761,  759,  186,  179,  864,  944,  522,  137,  588,  963,  286,  972,  675,  704,    0,  407,  894,  818,  934, 1137,  585,  411, 1157,  792,  692,  334, 1091,  539,  268,  820,  494,  369,  607,  899,  394,  202, 1094,  283,  610,  797, 1180,  655, 1110,  596,  844,  578,  643,  605,  770,  399,  342,  745,  767,  772,  827,  563,  375,  523,  640,  808, 1102,  171,  523,  244,  102,  837,  869, 1041,  305,  548,  678,  675,  703,  595,  699, 1164,   95,  847,  201,  798,  532,  835,  174,   77,   73,  156,  856,  459,  879,  836,  803,  813,  155,  698,  631,  290,  792,  521,  881,  810,  699,  317,  228,  480, 1000,  520,  736,  499, 1015,  297,  237,  628,  796,  338, 1107,  913,  188, 1100,  748,  388,  547,  641,  957,  835,  878,  104,  817,  906,  368,  593,   56,  428,  819,  953,  188,  955,  361,  344,  477,  616,  599,  647,  553,  349,  934,  807,  352,  823,  690,  601,  357,  787,  731],
        [  597,    0,  477,  566,  561,  893,  577,  749,  456,  984,  753,  678,  502,  420,  642,  953,  716,  813,  894,  238,  238,  518,  935,  646,  270,  390,  802,  152,  845,  490,  311,  407,    0,  742,  664,  605,  992,  226,  271, 1037,  911,  414,  396, 1005,  628,  139,  441,  150,  142,  514,  927,  155,  286,  945,  125,  660,  406, 1077,  544,  972,  862,  629,  273,  704,  400,  687,  614,   83,  409,  639,  680,  830,  199,  325,  266,  839,  488,  953,  402,  605,  207,  388,  454,  907,  922,  363,  753,  409,  288,  380,  238,  337, 1062,  378,  749,  326, 1004,  351,  941,  239,  369,  435,  306,  487,  671,  569,  491,  417,  726,  369,  645,  485,  306,  712,  569,  802,  426,  390,  140,  414,  682,  871,  763,  855,  102,  773,  118,  199,  767,  946,  401, 1015,  967,  348,  947,  830,  339,  573,  292,  572,  613,  953,  451,  457,  611,  298,  201,  428,   95,  699,  902,  230,  978,   46,   75,  313,  392,  724,  855,  497,  451,  660,  817,  555,  878,  678,  225,  301,  595,  339],
        [  219,    0,  418,  402,  649,  519,  468,  579,  337,  249,  173,  570,  366,  403,  402,  299,  207,  408,  581,  753,  849,  481,  340,  532,  830,  353,   70,  699,  110,  252,  645,  894,  742,    0,   80,  435,  252,  573,  515,  296,  559,  368,  567,  283,  480,  782,  592,  603,  629,  288,  400,  604,  937,  206,  778,  409,  646,  339,  240,  230,  811,  159,  488,  420,  343,  165,  668,  709,  464,  128,  153,  320,  593,  523,  476,  679,  413,  215, 1015,  474,  700,  798,  613,  409,  185,  591,  666,  361,  620,  449,  564,  542,  326,  802,  115,  695,  764,  400,  549,  780,  818,  853,  924,  556,  666,  376,  475,  620,  142,  981,  241,  272,  608,  161,  439,  159,  614,  421,  675,  686,  651,  132,  733,  541,  689,  229,  801,  861,  555,  631,  564,  287,  467,  707,  211,  466,  509,  405,  529,  653,  178,  495,  837,  524,  337,  537,  652,  863,  648,   90,  251,  848,  417,  751,  790,  450,  352,  528,  701,  347,  572,  284,  331,  657,  430,  298,  604,  546,  156,  641],
        [  181,    0,  347,  343,  587,  509,  411,  540,  260,  329,  173,  522,  318,  342,  355,  342,  187,  394,  563,  674,  769,  439,  367,  481,  751,  274,  147,  619,  183,  174,  581,  818,  664,   80,    0,  408,  332,  501,  435,  374,  547,  301,  493,  351,  429,  702,  541,  527,  549,  214,  414,  524,  857,  286,  698,  365,  590,  415,  165,  310,  770,  125,  414,  383,  264,  135,  610,  630,  406,   63,  118,  322,  519,  445,  398,  645,  364,  295,  936,  421,  621,  723,  563,  416,  260,  516,  622,  292,  554,  386,  492,  479,  401,  726,  126,  618,  744,  320,  544,  700,  742,  778,  845,  510,  613,  342,  429,  566,  134,  902,  195,  193,  530,  143,  381,  185,  561,  357,  595,  613,  600,  208,  687,  522,  613,  255,  721,  781,  520,  617,  490,  358,  478,  631,  290,  449,  431,  347,  461,  615,  138,  499,  764,  474,  311,  459,  580,  788,  570,   70,  290,  768,  440,  671,  710,  371,  275,  489,  668,  276,  502,  271,  327,  594,  427,  261,  533,  467,   91,  580],
