{
    "name": "random-15-1894",
    "comment": "size=15 seed=1894",
    "nodes": ["+0", "-0", "+1", "-1", "+2", "-2", "+3", "-3", "+4", "-4", "+5", "-5", "+6", "-6", "+7", "-7", "+8", "-8", "+9", "-9", "+10", "-10", "+11", "-11", "+12", "-12", "+13", "-13", "+14", "-14", "+15", "-15"],
    "precedence": {
        "+0": "-0",
        "+1": "-1",
        "+2": "-2",
        "+3": "-3",
        "+4": "-4",
        "+5": "-5",
        "+6": "-6",
        "+7": "-7",
        "+8": "-8",
        "+9": "-9",
        "+10": "-10",
        "+11": "-11",
        "+12": "-12",
        "+13": "-13",
        "+14": "-14",
        "+15": "-15"
    },
    "edges": [
        [    0,    0,  238,  297,  372,  181,  342,  489,  486,  243,  566,  160,  330,  472,  270,  362,  484,  455,  393,  468,  190,  335,  398,  456,  265,  533,  345,  336,  542,  229,  302,  283],
        [    0,    0,  238,  297,  372,  181,  342,  489,  486,  243,  566,  160,  330,  472,  270,  362,  484,  455,  393,  468,  190,  335,  398,  456,  265,  533,  345,  336,  542,  229,  302,  283],
        [  238,  238,    0,  276,  590,  204,  514,  712,  696,  466,  694,  160,  460,  407,  285,  598,  471,  423,  618,  705,  251,  573,  256,  660,  427,  769,  277,  370,  373,  232,  488,  370],
        [  297,  297,  276,    0,  645,  119,  638,  751,  764,  520,  450,  367,  624,  176,  511,  545,  721,  679,  655,  654,  447,  555,  170,  739,  262,  747,   64,  593,  304,   69,  597,  147],
        [  372,  372,  590,  645,    0,  539,  164,  124,  120,  129,  713,  448,  262,  816,  429,  239,  544,  551,   46,  257,  384,  165,  767,  104,  471,  240,  701,  417,  912,  582,  142,  568],
        [  181,  181,  204,  119,  539,    0,  522,  650,  657,  412,  491,  257,  505,  293,  400,  469,  613,  573,  553,  580,  331,  467,  234,  630,  234,  665,  165,  479,  380,   51,  482,  167],
        [  342,  342,  514,  638,  164,  522,    0,  263,  210,  166,  804,  357,  102,  813,  296,  373,  382,  393,  210,  414,  274,  299,  730,  168,  527,  402,  686,  265,  869,  570,   48,  597],
        [  489,  489,  712,  751,  124,  650,  263,    0,   79,  248,  762,  571,  364,  918,  547,  272,  642,  655,   98,  236,  506,  217,  881,  113,  554,  167,  809,  526, 1027,  691,  256,  661],
        [  486,  486,  696,  764,  120,  657,  210,   79,    0,  245,  816,  547,  309,  935,  504,  328,  578,  596,  124,  309,  473,  263,  883,   44,  587,  246,  820,  474, 1028,  700,  216,  686],
        [  243,  243,  466,  520,  129,  412,  166,  248,  245,    0,  640,  332,  230,  693,  341,  224,  496,  492,  153,  293,  281,  157,  639,  220,  370,  321,  575,  352,  784,  456,  119,  454],
        [  566,  566,  694,  450,  713,  491,  804,  762,  816,  640,    0,  714,  846,  474,  836,  490, 1049, 1020,  693,  553,  755,  554,  602,  815,  302,  662,  493,  898,  697,  467,  757,  325],
        [  160,  160,  160,  367,  448,  257,  357,  571,  547,  332,  714,    0,  300,  528,  145,  503,  356,  317,  481,  601,   93,  462,  401,  509,  418,  649,  392,  228,  529,  305,  334,  407],
        [  330,  330,  460,  624,  262,  505,  102,  364,  309,  230,  846,  300,    0,  797,  209,  451,  282,  292,  308,  505,  209,  380,  694,  265,  555,  501,  664,  166,  827,  555,  124,  606],
        [  472,  472,  407,  176,  816,  293,  813,  918,  935,  693,  474,  528,  797,    0,  671,  696,  873,  828,  823,  802,  612,  716,  179,  912,  393,  901,  136,  755,  226,  243,  772,  271],
        [  270,  270,  285,  511,  429,  400,  296,  547,  504,  341,  836,  145,  209,  671,    0,  550,  216,  185,  471,  633,   82,  493,  537,  462,  535,  658,  536,   86,  656,  448,  292,  542],
        [  362,  362,  598,  545,  239,  469,  373,  272,  328,  224,  490,  503,  451,  696,  550,    0,  719,  712,  209,  112,  479,   76,  699,  333,  307,  206,  608,  571,  843,  497,  332,  427],
        [  484,  484,  471,  721,  544,  613,  382,  642,  578,  496, 1049,  356,  282,  873,  216,  719,    0,   54,  590,  783,  295,  652,  725,  536,  747,  783,  739,  154,  827,  660,  405,  758],
        [  455,  455,  423,  679,  551,  573,  393,  655,  596,  492, 1020,  317,  292,  828,  185,  712,   54,    0,  596,  783,  266,  648,  676,  553,  719,  789,  694,  141,  776,  619,  410,  723],
        [  393,  393,  618,  655,   46,  553,  210,   98,  124,  153,  693,  481,  308,  823,  471,  209,  590,  596,    0,  214,  422,  140,  784,  124,  466,  194,  713,  461,  930,  594,  187,  569],
        [  468,  468,  705,  654,  257,  580,  414,  236,  309,  293,  553,  601,  505,  802,  633,  112,  783,  783,  214,    0,  568,  141,  810,  327,  410,  111,  718,  643,  954,  608,  382,  532],
        [  190,  190,  251,  447,  384,  331,  274,  506,  473,  281,  755,   93,  209,  612,   82,  479,  295,  266,  422,  568,    0,  427,  492,  433,  454,  602,  477,  150,  621,  381,  258,  466],
        [  335,  335,  573,  555,  165,  467,  299,  217,  263,  157,  554,  462,  380,  716,  493,   76,  652,  648,  140,  141,  427,    0,  700,  263,  339,  200,  617,  508,  846,  501,  259,  451],
        [  398,  398,  256,  170,  767,  234,  730,  881,  883,  639,  602,  401,  694,  179,  537,  699,  725,  676,  784,  810,  492,  700,    0,  853,  430,  897,  112,  623,  147,  203,  694,  316],
        [  456,  456,  660,  739,  104,  630,  168,  113,   44,  220,  815,  509,  265,  912,  462,  333,  536,  553,  124,  327,  433,  263,  853,    0,  575,  276,  794,  430,  997,  675,  176,  669],
        [  265,  265,  427,  262,  471,  234,  527,  554,  587,  370,  302,  418,  555,  393,  535,  307,  747,  719,  466,  410,  454,  339,  430,  575,    0,  512,  325,  597,  564,  236,  479,  124],
        [  533,  533,  769,  747,  240,  665,  402,  167,  246,  321,  662,  649,  501,  901,  658,  206,  783,  789,  194,  111,  602,  200,  897,  276,  512,    0,  810,  654, 1042,  696,  380,  632],
        [  345,  345,  277,   64,  701,  165,  686,  809,  820,  575,  493,  392,  664,  136,  536,  608,  739,  694,  713,  718,  477,  617,  112,  794,  325,  810,    0,  619,  240,  120,  646,  207],
        [  336,  336,  370,  593,  417,  479,  265,  526,  474,  352,  898,  228,  166,  755,   86,  571,  154,  141,  461,  643,  150,  508,  623,  430,  597,  654,  619,    0,  741,  528,  275,  615],
        [  542,  542,  373,  304,  912,  380,  869, 1027, 1028,  784,  697,  529,  827,  226,  656,  843,  827,  776,  930,  954,  621,  846,  147,  997,  564, 1042,  240,  741,    0,  347,  836,  445],
        [  229,  229,  232,   69,  582,   51,  570,  691,  700,  456,  467,  305,  555,  243,  448,  497,  660,  619,  594,  608,  381,  501,  203,  675,  236,  696,  120,  528,  347,    0,  530,  145],
        [  302,  302,  488,  597,  142,  482,   48,  256,  216,  119,  757,  334,  124,  772,  292,  332,  405,  410,  187,  382,  258,  259,  694,  176,  479,  380,  646,  275,  836,  530,    0,  551],
        [  283,  283,  370,  147,  568,  167,  597,  661,  686,  454,  325,  407,  606,  271,  542,  427,  758,  723,  569,  532,  466,  451,  316,  669,  124,  632,  207,  615,  445,  145,  551,    0]
    ]
}
