{
    "name": "random-61-25189",
    "comment": "size=61 seed=25189",
    "nodes": ["+0", "-0", "+1", "-1", "+2", "-2", "+3", "-3", "+4", "-4", "+5", "-5", "+6", "-6", "+7", "-7", "+8", "-8", "+9", "-9", "+10", "-10", "+11", "-11", "+12", "-12", "+13", "-13", "+14", "-14", "+15", "-15", "+16", "-16", "+17", "-17", "+18", "-18", "+19", "-19", "+20", "-20", "+21", "-21", "+22", "-22", "+23", "-23", "+24", "-24", "+25", "-25", "+26", "-26", "+27", "-27", "+28", "-28", "+29", "-29", "+30", "-30", "+31", "-31", "+32", "-32", "+33", "-33", "+34", "-34", "+35", "-35", "+36", "-36", "+37", "-37", "+38", "-38", "+39", "-39", "+40", "-40", "+41", "-41", "+42", "-42", "+43", "-43", "+44", "-44", "+45", "-45", "+46", "-46", "+47", "-47", "+48", "-48", "+49", "-49", "+50", "-50", "+51", "-51", "+52", "-52", "+53", "-53", "+54", "-54", "+55", "-55", "+56", "-56", "+57", "-57", "+58", "-58", "+59", "-59", "+60", "-60", "+61", "-61"],
    "precedence": {
        "+0": "-0",
        "+1": "-1",
        "+2": "-2",
        "+3": "-3",
        "+4": "-4",
        "+5": "-5",
        "+6": "-6",
        "+7": "-7",
        "+8": "-8",
        "+9": "-9",
        "+10": "-10",
        "+11": "-11",
        "+12": "-12",
        "+13": "-13",
        "+14": "-14",
        "+15": "-15",
        "+16": "-16",
        "+17": "-17",
        "+18": "-18",
        "+19": "-19",
        "+20": "-20",
        "+21": "-21",
        "+22": "-22",
        "+23": "-23",
        "+24": "-24",
        "+25": "-25",
        "+26": "-26",
        "+27": "-27",
        "+28": "-28",
        "+29": "-29",
        "+30": "-30",
        "+31": "-31",
        "+32": "-32",
        "+33": "-33",
        "+34": "-34",
        "+35": "-35",
        "+36": "-36",
        "+37": "-37",
        "+38": "-38",
        "+39": "-39",
        "+40": "-40",
        "+41": "-41",
        "+42": "-42",
        "+43": "-43",
        "+44": "-44",
        "+45": "-45",
        "+46": "-46",
        "+47": "-47",
        "+48": "-48",
        "+49": "-49",
        "+50": "-50",
        "+51": "-51",
        "+52": "-52",
        "+53": "-53",
        "+54": "-54",
        "+55": "-55",
        "+56": "-56",
        "+57": "-57",
        "+58": "-58",
        "+59": "-59",
        "+60": "-60",
        "+61": "-61"
    },
    "edges": [
        [    0,    0,  380,  526,  279,  389,  514,  290,  442,  269,  125,  236,  254,  368,  701,  214,  495,  571,  542,  171,  420,  663,  333,  225,  141,   41,  408,  459,  461,  446,  355,  465,  487,  334,  405,  539,  273,  313,  222,  319,  530,  530,  347,  397,  637,  201,  338,  654,  529,  358,  553,  402,  191,  451,  446,  573,  550,  373,  318,  156,  348,  530,  393,  228,  455,  264,  549,  108,  238,  331,  547,  344,  249,  521,  424,  256,  349,  430,  565,  325,  172,  349,  671,  488,  508,  614,  402,  300,  510,  617,  170,  424,  348,  323,  309,  200,  343,  356,  503,  116,  528,  593,  356,  365,  675,  432,  371,  682,  346,  406,  226,  264,  413,  615,  358,  266,  308,  404,  199,  271,  274,  338,  243,  414],
        [    0,    0,    0,    0,    0,    0,    0,    0,    0,    0,    0,    0,    0,    0,    0,    0,    0,    0,    0,    0,    0,    0,    0,    0,    0,    0,    0,    0,    0,    0,    0,    0,    0,    0,    0,    0,    0,    0,    0,    0,    0,    0,    0,    0,    0,    0,    0,    0,    0,    0,    0,    0,    0,    0,    0,    0,    0,    0,    0,    0,    0,    0,    0,    0,    0,    0,    0,    0,    0,    0,    0,    0,    0,    0,    0,    0,    0,    0,    0,    0,    0,    0,    0,    0,    0,    0,    0,    0,    0,    0,    0,    0,    0,    0,    0,    0,    0,    0,    0,    0,    0,    0,    0,    0,    0,    0,    0,    0,    0,    0,    0,    0,    0,    0,    0,    0,    0,    0,    0,    0,    0,    0,    0,    0],
        [  380,    0,    0,  884,  623,  607,  162,  591,  817,  565,  388,  387,  151,  733,  347,  167,  587,  920,  892,  411,  585,  311,  597,  434,  514,  382,  461,  170,  781,  796,  722,  506,  534,  532,  776,  360,  613,  119,  237,  635,  540,  150,  227,  262,  664,  440,  368,  309,  884,  672,  926,  764,  308,  587,   83,  201,  802,  323,  689,  271,  458,  151,  396,  154,  290,  463,  280,  448,  159,  634,  266,  717,  614,  203,  625,  143,  302,  399,  635,  371,  432,  603,  661,  183,  197,  652,  374,  679,  314,  653,  212,  750,  230,  702,  630,  519,  349,  716,  201,  397,  603,  808,  199,  278,  677,  487,  102,  641,  311,  441,  579,  142,  307,  283,  428,  201,  603,  102,  395,  164,  637,  703,  167,  317],
        [  526,    0,  884,    0,  261,  406,  984,  569,  149,  574,  498,  706,  776,  162, 1221,  729,  592,   59,   40,  484,  485, 1183,  635,  482,  386,  546,  863,  905,  164,  467,  174,  648,  647,  713,  144,  885,  488,  786,  745,  267,  703, 1026,  870,  916,  729,  631,  639, 1176,   13,  242,  124,  125,  701,  831,  932, 1055,  747,  878,  216,  680,  789, 1030,  670,  742,  827,  684, 1074,  438,  726,  571,  964,  199,  418, 1044,  750,  743,  704,  710,  642,  624,  609,  357,  793, 1012, 1033,  706,  895,  275, 1030,  709,  677,  168,  870,  281,  530,  368,  661,  419, 1028,  586,  625,  830,  881,  881,  781,  624,  841,  835,  694,  870,  464,  746,  766, 1138,  600,  792,  311,  925,  512,  736,  417,  403,  721,  760],
        [  279,    0,  623,  261,    0,  240,  725,  420,  231,  414,  237,  490,  521,  127,  962,  471,  422,  299,  270,  226,  313,  925,  485,  234,  150,  306,  659,  648,  186,  433,  119,  449,  457,  537,  179,  649,  351,  526,  500,   71,  513,  766,  625,  675,  576,  426,  401,  918,  261,  100,  323,  147,  465,  661,  671,  795,  659,  647,  111,  434,  589,  769,  442,  484,  582,  488,  824,  180,  465,  441,  713,  140,  278,  789,  600,  482,  458,  484,  488,  385,  399,  176,  631,  757,  777,  551,  672,  175,  788,  554,  418,  148,  626,  207,  401,  108,  420,  346,  773,  362,  460,  728,  633,  643,  625,  419,  581,  663,  449,  662,  306,  485,  523,  882,  375,  543,  104,  668,  257,  475,  293,  323,  460,  519],
        [  389,    0,  607,  406,  240,    0,  657,  624,  445,  611,  276,  624,  558,  343,  950,  499,  191,  412,  390,  231,   80,  916,  683,  185,  328,  428,  796,  567,  247,  670,  340,  243,  242,  712,  394,  498,  567,  490,  575,  176,  298,  724,  692,  746,  341,  583,  270,  915,  399,  176,  510,  341,  570,  833,  626,  733,  878,  743,  346,  519,  736,  732,  284,  508,  456,  648,  860,  290,  458,  653,  602,  372,  500,  801,  791,  470,  345,  319,  252,  259,  554,   64,  400,  775,  793,  316,  781,  414,  850,  319,  448,  239,  694,  446,  615,  212,  294,  581,  793,  502,  227,  939,  688,  724,  391,  221,  531,  436,  334,  793,  517,  468,  395,  888,  216,  605,  136,  682,  225,  443,  519,  557,  444,  386],
        [  514,    0,  162,  984,  725,  657,    0,  747,  936,  721,  491,  548,  310,  844,  331,  314,  589, 1015,  987,  501,  616,  306,  757,  508,  636,  523,  617,   94,  864,  946,  833,  499,  524,  694,  891,  274,  764,  204,  398,  723,  513,   99,  381,  407,  629,  599,  391,  315,  982,  756, 1041,  870,  468,  747,   79,   77,  964,  476,  804,  426,  619,  112,  397,  302,  238,  624,  365,  562,  276,  791,  137,  834,  758,  273,  787,  258,  315,  383,  622,  400,  588,  669,  610,  273,  276,  622,  526,  807,  431,  622,  346,  837,  383,  833,  785,  617,  368,  862,  286,  550,  595,  969,  350,  430,  629,  490,  146,  579,  326,  597,  726,  251,  284,  314,  451,  363,  685,  235,  475,  252,  782,  847,  274,  295],
        [  290,    0,  591,  569,  420,  624,  747,    0,  430,   26,  405,  225,  441,  423,  840,  436,  765,  626,  600,  445,  675,  803,   68,  496,  296,  258,  322,  714,  587,  226,  413,  748,  768,  152,  426,  823,   82,  566,  358,  488,  814,  733,  441,  465,  915,  153,  627,  788,  577,  519,  529,  461,  286,  263,  670,  791,  263,  396,  372,  321,  251,  729,  683,  448,  736,  160,  641,  348,  491,   44,  810,  376,  154,  655,  185,  506,  637,  719,  836,  614,  160,  568,  954,  623,  642,  891,  389,  296,  564,  894,  418,  550,  440,  289,   52,  412,  633,  181,  632,  203,  801,  317,  467,  422,  956,  714,  619,  968,  635,  337,  115,  517,  699,  741,  643,  404,  504,  567,  480,  534,  152,  185,  502,  701],
        [  442,    0,  817,  149,  231,  445,  936,  430,    0,  438,  447,  589,  695,  106, 1142,  654,  636,  207,  187,  447,  524, 1104,  494,  463,  304,  452,  736,  865,  250,  319,  113,  673,  679,  578,   53,  878,  349,  733,  650,  274,  735,  965,  771,  813,  785,  510,  630, 1094,  160,  270,  112,  106,  597,  693,  875, 1002,  599,  767,  132,  586,  662,  967,  672,  668,  810,  557,  979,  374,  665,  428,  936,  102,  284,  960,  608,  683,  685,  714,  696,  615,  491,  385,  845,  927,  947,  760,  778,  151,  925,  763,  606,  230,  771,  145,  387,  332,  650,  272,  941,  478,  672,  682,  785,  775,  836,  645,  790,  880,  677,  745,  332,  688,  752, 1054,  605,  698,  320,  845,  482,  684,  278,  256,  664,  747],
        [  269,    0,  565,  574,  414,  611,  721,   26,  438,    0,  386,  201,  415,  424,  815,  411,  749,  630,  604,  427,  661,  778,   73,  479,  284,  235,  306,  688,  585,  249,  414,  730,  750,  141,  430,  799,   91,  540,  332,  480,  795,  707,  416,  441,  897,  127,  606,  764,  582,  513,  539,  463,  260,  258,  644,  765,  282,  374,  372,  295,  234,  703,  662,  422,  712,  138,  618,  332,  466,   70,  784,  379,  157,  630,  187,  481,  614,  698,  820,  593,  134,  556,  935,  598,  617,  873,  369,  300,  542,  876,  393,  547,  415,  295,   74,  400,  612,  199,  607,  178,  784,  332,  442,  399,  938,  696,  594,  948,  612,  320,  113,  491,  676,  717,  623,  378,  494,  542,  461,  509,  160,  200,  477,  678],
        [  125,    0,  388,  498,  237,  276,  491,  405,  447,  386,    0,  354,  300,  354,  730,  244,  370,  533,  505,   47,  298,  693,  453,  101,  162,  165,  524,  419,  398,  530,  343,  344,  365,  459,  401,  455,  374,  290,  303,  250,  410,  529,  424,  477,  514,  325,  228,  687,  497,  288,  551,  381,  295,  575,  435,  560,  667,  469,  316,  244,  468,  533,  282,  256,  377,  388,  607,   80,  229,  443,  492,  346,  330,  562,  548,  246,  257,  322,  440,  213,  297,  245,  550,  531,  551,  491,  506,  330,  585,  493,  190,  365,  425,  360,  415,  131,  239,  436,  549,  241,  404,  714,  424,  452,  553,  310,  346,  563,  252,  519,  323,  249,  325,  654,  238,  337,  223,  440,   76,  240,  355,  415,  224,  324],
        [  236,    0,  387,  706,  490,  624,  548,  225,  589,  201,  354,    0,  240,  546,  615,  258,  717,  758,  730,  401,  652,  578,  215,  454,  340,  197,  174,  532,  675,  449,  534,  674,  699,  148,  568,  675,  277,  392,  151,  542,  733,  520,  216,  242,  850,   83,  531,  563,  712,  580,  699,  584,   86,  234,  469,  582,  416,  181,  491,  146,  115,  515,  584,  265,  588,   77,  418,  340,  327,  264,  631,  508,  315,  431,  244,  337,  514,  613,  785,  521,   99,  583,  875,  398,  417,  829,  190,  439,  347,  831,  263,  636,  215,  447,  274,  431,  528,  390,  407,  129,  748,  428,  243,  200,  882,  642,  437,  877,  516,  173,  267,  349,  565,  516,  566,  188,  538,  348,  422,  375,  330,  386,  343,  571],
        [  254,    0,  151,  776,  521,  558,  310,  441,  695,  415,  300,  240,    0,  620,  448,   60,  587,  819,  789,  336,  556,  410,  447,  374,  394,  246,  341,  293,  694,  648,  608,  521,  549,  387,  658,  453,  465,  164,   90,  547,  569,  295,  143,  196,  694,  290,  371,  401,  778,  585,  806,  653,  159,  454,  231,  351,  656,  224,  571,  123,  324,  293,  415,   54,  370,  315,  308,  341,  122,  484,  393,  597,  471,  269,  483,  123,  328,  433,  646,  368,  282,  540,  705,  236,  257,  676,  274,  550,  294,  678,  112,  659,  146,  570,  481,  425,  360,  571,  253,  250,  611,  666,  133,  188,  717,  495,  200,  696,  333,  325,  434,  133,  362,  363,  423,   70,  522,  151,  333,  166,  494,  559,  142,  370],
        [  368,    0,  733,  162,  127,  343,  844,  423,  106,  424,  354,  546,  620,    0, 1066,  575,  532,  213,  185,  349,  421, 1028,  490,  360,  227,  385,  705,  770,  179,  369,   13,  568,  574,  560,   54,  775,  344,  643,  585,  170,  630,  879,  709,  755,  683,  472,  527, 1020,  167,  170,  199,   40,  539,  682,  787,  912,  629,  717,   55,  520,  632,  882,  567,  588,  708,  527,  914,  286,  578,  432,  838,   49,  270,  887,  607,  595,  584,  609,  594,  511,  448,  281,  742,  855,  875,  658,  734,  128,  868,  661,  524,  149,  710,  146,  389,  231,  547,  298,  870,  425,  569,  707,  721,  719,  734,  539,  699,  776,  575,  711,  312,  600,  650,  981,  500,  632,  215,  769,  382,  593,  274,  277,  575,  645],
        [  701,    0,  347, 1221,  962,  950,  331,  840, 1142,  815,  730,  615,  448, 1066,    0,  492,  910, 1261, 1232,  756,  923,   39,  822,  780,  841,  692,  588,  420, 1126, 1063, 1054,  822,  849,  731, 1105,  602,  885,  461,  501,  979,  841,  238,  399,  380,  959,  691,  699,   52, 1222, 1016, 1253, 1099,  566,  729,  330,  266,  987,  458, 1018,  560,  628,  227,  716,  479,  567,  685,  214,  783,  503,  878,  457, 1044,  906,  187,  804,  488,  626,  707,  948,  705,  695,  949,  940,  220,  200,  951,  488,  996,  310,  952,  544, 1094,  400, 1015,  888,  860,  678,  997,  209,  681,  920,  964,  374,  422,  960,  810,  423,  907,  637,  565,  863,  488,  608,  100,  760,  451,  948,  297,  741,  509,  926,  988,  513,  620],
        [  214,    0,  167,  729,  471,  499,  314,  436,  654,  411,  244,  258,   60,  575,  492,    0,  529,  769,  740,  278,  496,  455,  452,  315,  351,  215,  382,  279,  640,  633,  563,  465,  493,  404,  615,  419,  451,  135,  118,  493,  516,  317,  201,  255,  639,  292,  316,  447,  730,  531,  764,  607,  172,  484,  239,  365,  667,  275,  528,  118,  354,  317,  362,   14,  333,  328,  365,  292,   73,  480,  377,  555,  448,  319,  501,   81,  277,  382,  590,  311,  278,  482,  653,  288,  308,  622,  323,  514,  353,  623,   54,  607,  203,  536,  472,  372,  305,  551,  305,  237,  554,  685,  192,  243,  664,  438,  184,  646,  281,  367,  414,   92,  318,  412,  366,  120,  467,  198,  274,  122,  471,  537,   92,  325],
        [  495,    0,  587,  592,  422,  191,  589,  765,  636,  749,  370,  717,  587,  532,  910,  529,    0,  592,  573,  325,  112,  880,  819,  272,  479,  535,  881,  496,  430,  843,  529,   93,   73,  828,  584,  369,  720,  470,  631,  364,  118,  673,  730,  783,  155,  695,  221,  883,  584,  367,  700,  532,  647,  943,  581,  665, 1027,  799,  532,  587,  831,  684,  195,  534,  357,  757,  863,  418,  469,  800,  500,  559,  660,  789,  917,  475,  287,  208,   71,  222,  666,  252,  210,  768,  783,  130,  844,  593,  875,  133,  488,  426,  732,  626,  766,  366,  239,  751,  787,  610,   38, 1080,  718,  771,  204,  101,  493,  246,  277,  872,  668,  468,  306,  866,  165,  648,  320,  680,  297,  436,  682,  728,  451,  294],
        [  571,    0,  920,   59,  299,  412, 1015,  626,  207,  630,  533,  758,  819,  213, 1261,  769,  592,    0,   30,  515,  488, 1223,  692,  508,  433,  593,  917,  933,  165,  524,  225,  654,  651,  769,  201,  901,  545,  820,  792,  292,  706, 1061,  917,  964,  722,  684,  658, 1216,   49,  262,  165,  175,  749,  888,  965, 1087,  805,  928,  268,  726,  844, 1065,  686,  782,  847,  739, 1119,  478,  762,  629,  988,  254,  474, 1086,  807,  779,  726,  724,  637,  644,  661,  369,  787, 1055, 1075,  699,  947,  331, 1078,  703,  717,  182,  917,  338,  587,  402,  681,  477, 1071,  637,  623,  888,  927,  929,  774,  632,  873,  832,  716,  924,  520,  781,  786, 1180,  616,  837,  333,  967,  541,  769,  474,  460,  756,  779],
        [  542,    0,  892,   40,  270,  390,  987,  600,  187,  604,  505,  730,  789,  185, 1232,  740,  573,   30,    0,  487,  467, 1194,  667,  481,  404,  564,  889,  906,  144,  505,  197,  633,  630,  742,  176,  877,  520,  791,  762,  265,  685, 1033,  888,  935,  706,  656,  633, 1187,   28,  236,  161,  146,  721,  862,  937, 1059,  785,  900,  240,  697,  816, 1037,  662,  753,  822,  711, 1090,  449,  734,  604,  961,  227,  448, 1057,  783,  750,  700,  701,  620,  618,  633,  345,  771, 1025, 1046,  683,  918,  305, 1049,  686,  688,  157,  888,  313,  563,  374,  655,  455, 1042,  608,  605,  867,  897,  900,  758,  610,  845,  814,  690,  896,  494,  753,  761, 1151,  591,  808,  307,  937,  513,  741,  449,  438,  727,  754],
        [  171,    0,  411,  484,  226,  231,  501,  445,  447,  427,   47,  401,  336,  349,  756,  278,  325,  515,  487,    0,  251,  719,  496,   54,  182,  211,  571,  423,  371,  557,  339,  304,  324,  504,  399,  439,  409,  305,  346,  226,  370,  547,  464,  518,  471,  371,  200,  715,  482,  262,  547,  372,  341,  621,  451,  572,  708,  513,  316,  289,  515,  552,  252,  289,  365,  435,  642,  104,  253,  482,  490,  347,  360,  592,  592,  268,  242,  293,  395,  185,  343,  205,  509,  563,  582,  447,  551,  342,  625,  450,  225,  341,  466,  374,  452,  118,  215,  463,  581,  287,  360,  757,  463,  495,  511,  270,  358,  525,  235,  566,  357,  269,  310,  683,  201,  377,  193,  471,   40,  255,  384,  441,  244,  307],
        [  420,    0,  585,  485,  313,   80,  616,  675,  524,  661,  298,  652,  556,  421,  923,  496,  112,  488,  467,  251,    0,  890,  732,  199,  383,  461,  821,  524,  324,  738,  418,  167,  163,  751,  472,  434,  624,  466,  585,  253,  219,  691,  695,  749,  264,  620,  226,  890,  477,  256,  590,  421,  590,  870,  594,  693,  934,  755,  421,  534,  766,  700,  227,  504,  401,  684,  849,  331,  446,  707,  548,  448,  561,  784,  835,  456,  302,  257,  176,  219,  591,  140,  321,  760,  777,  239,  796,  485,  849,  242,  449,  318,  697,  518,  672,  267,  249,  647,  778,  536,  149,  991,  688,  732,  314,  151,  500,  357,  291,  815,  573,  451,  342,  867,  166,  610,  210,  668,  234,  423,  581,  624,  430,  332],
        [  663,    0,  311, 1183,  925,  916,  306,  803, 1104,  778,  693,  578,  410, 1028,   39,  455,  880, 1223, 1194,  719,  890,    0,  786,  744,  803,  654,  557,  392, 1089, 1026, 1016,  792,  819,  697, 1067,  579,  848,  427,  463,  942,  813,  211,  363,  346,  932,  654,  667,   22, 1184,  979, 1215, 1061,  529,  698,  299,  245,  954,  424,  980,  522,  594,  199,  686,  442,  540,  649,  184,  746,  467,  842,  435, 1006,  868,  149,  771,  452,  595,  678,  919,  672,  657,  914,  915,  183,  163,  924,  456,  958,  281,  925,  507, 1057,  364,  977,  851,  823,  646,  960,  172,  644,  890,  933,  337,  387,  934,  779,  390,  884,  605,  534,  826,  452,  579,   68,  728,  413,  912,  259,  705,  474,  889,  951,  477,  591],
        [  333,    0,  597,  635,  485,  683,  757,   68,  494,   73,  453,  215,  447,  490,  822,  452,  819,  692,  667,  496,  732,  786,    0,  548,  357,  297,  275,  731,  654,  262,  480,  797,  818,  101,  492,  853,  147,  585,  360,  552,  862,  734,  426,  443,  966,  161,  670,  770,  643,  585,  591,  528,  289,  200,  678,  794,  220,  369,  439,  335,  209,  729,  725,  462,  766,  139,  618,  402,  513,   72,  829,  443,  221,  640,  118,  527,  673,  760,  890,  657,  178,  629, 1003,  609,  627,  942,  353,  363,  535,  945,  441,  617,  425,  354,  108,  472,  674,  237,  616,  232,  854,  262,  454,  400, 1006,  763,  636, 1014,  672,  293,  181,  538,  733,  722,  690,  402,  566,  562,  528,  559,  218,  244,  526,  736],
        [  225,    0,  434,  482,  234,  185,  508,  496,  463,  479,  101,  454,  374,  360,  780,  315,  272,  508,  481,   54,  199,  744,  548,    0,  223,  265,  623,  425,  356,  598,  352,  256,  274,  558,  412,  416,  457,  322,  392,  217,  322,  563,  507,  561,  419,  425,  170,  741,  479,  248,  556,  378,  392,  675,  465,  582,  759,  561,  335,  337,  568,  569,  216,  324,  349,  488,  677,  150,  279,  532,  482,  366,  404,  623,  645,  293,  224,  258,  342,  154,  396,  171,  459,  595,  613,  395,  600,  371,  666,  398,  263,  329,  509,  404,  501,  134,  188,  504,  613,  340,  307,  809,  504,  540,  460,  222,  370,  478,  216,  617,  405,  292,  290,  712,  157,  420,  177,  502,   41,  272,  428,  482,  267,  285],
        [  141,    0,  514,  386,  150,  328,  636,  296,  304,  284,  162,  340,  394,  227,  841,  351,  479,  433,  404,  182,  383,  803,  357,  223,    0,  161,  510,  572,  335,  376,  215,  476,  493,  395,  265,  616,  242,  433,  360,  206,  543,  662,  485,  532,  632,  279,  382,  794,  389,  243,  414,  262,  319,  520,  573,  701,  552,  500,  177,  294,  441,  664,  434,  364,  538,  342,  688,   83,  363,  326,  650,  204,  183,  661,  467,  381,  418,  475,  549,  367,  251,  273,  678,  629,  649,  607,  523,  172,  646,  610,  303,  297,  485,  200,  290,  117,  396,  282,  644,  213,  516,  612,  495,  498,  676,  443,  491,  699,  412,  512,  191,  387,  486,  755,  379,  406,  212,  544,  222,  386,  206,  260,  363,  484],
        [   41,    0,  382,  546,  306,  428,  523,  258,  452,  235,  165,  197,  246,  385,  692,  215,  535,  593,  564,  211,  461,  654,  297,  265,  161,    0,  370,  475,  490,  427,  373,  504,  526,  294,  418,  567,  249,  327,  201,  351,  568,  532,  325,  372,  676,  161,  374,  644,  549,  390,  563,  421,  160,  410,  452,  579,  515,  342,  333,  136,  308,  531,  429,  228,  481,  224,  530,  144,  251,  300,  565,  357,  235,  509,  384,  268,  380,  464,  605,  361,  132,  387,  709,  475,  496,  654,  369,  305,  486,  656,  178,  452,  325,  325,  280,  235,  378,  340,  490,   76,  568,  556,  337,  338,  714,  470,  384,  719,  377,  369,  206,  277,  442,  603,  396,  248,  343,  395,  238,  288,  259,  325,  258,  444],
        [  408,    0,  461,  863,  659,  796,  617,  322,  736,  306,  524,  174,  341,  705,  588,  382,  881,  917,  889,  571,  821,  557,  275,  623,  510,  370,    0,  625,  843,  537,  693,  831,  857,  175,  721,  794,  396,  505,  264,  713,  887,  564,  238,  223, 1007,  235,  684,  538,  869,  751,  841,  744,  234,  142,  541,  631,  401,  144,  650,  295,   74,  554,  735,  384,  711,  179,  375,  513,  454,  346,  724,  664,  453,  424,  221,  460,  656,  759,  947,  676,  261,  756, 1028,  398,  411,  987,  102,  589,  282,  989,  405,  805,  235,  591,  373,  604,  678,  503,  399,  301,  910,  377,  268,  190, 1037,  800,  537, 1025,  659,   24,  404,  471,  699,  490,  725,  273,  711,  387,  589,  502,  462,  505,  473,  706],
        [  459,    0,  170,  905,  648,  567,   94,  714,  865,  688,  419,  532,  293,  770,  420,  279,  496,  933,  906,  423,  524,  392,  731,  425,  572,  475,  625,    0,  779,  901,  760,  406,  432,  679,  819,  199,  721,  149,  382,  642,  422,  182,  395,  432,  541,  571,  300,  399,  903,  673,  968,  794,  447,  746,  108,  170,  945,  491,  734,  397,  616,  194,  304,  270,  149,  605,  425,  494,  225,  758,  100,  764,  707,  336,  775,  209,  224,  290,  530,  309,  557,  582,  526,  328,  336,  533,  542,  743,  476,  533,  299,  754,  398,  770,  747,  541,  276,  814,  344,  512,  503,  959,  368,  446,  544,  397,   96,  498,  234,  607,  680,  199,  191,  392,  359,  357,  601,  267,  394,  189,  732,  797,  218,  203],
        [  461,    0,  781,  164,  186,  247,  864,  587,  250,  585,  398,  675,  694,  179, 1126,  640,  430,  165,  144,  371,  324, 1089,  654,  356,  335,  490,  843,  779,    0,  547,  186,  489,  487,  715,  210,  738,  511,  675,  680,  148,  542,  917,  806,  857,  566,  609,  497, 1084,  155,  110,  280,  152,  649,  839,  819,  938,  806,  831,  220,  615,  773,  922,  522,  652,  687,  670, 1000,  357,  623,  601,  829,  227,  436,  959,  771,  639,  567,  561,  479,  483,  583,  206,  630,  928,  948,  542,  857,  302,  969,  545,  587,   39,  807,  324,  559,  270,  520,  476,  945,  547,  462,  882,  812,  825,  617,  468,  725,  672,  557,  846,  474,  640,  625, 1051,  452,  722,  180,  837,  391,  624,  445,  455,  615,  618],
        [  446,    0,  796,  467,  433,  670,  946,  226,  319,  249,  530,  449,  648,  369, 1063,  633,  843,  524,  505,  557,  738, 1026,  262,  598,  376,  427,  537,  901,  547,    0,  364,  850,  865,  363,  343,  980,  183,  753,  572,  502,  917,  943,  664,  690,  998,  372,  756, 1011,  479,  520,  386,  397,  501,  446,  872,  996,  287,  621,  338,  526,  470,  940,  808,  646,  898,  385,  866,  454,  677,  193,  991,  323,  200,  877,  348,  694,  784,  849,  912,  741,  371,  607, 1048,  844,  864,  973,  612,  259,  789,  976,  604,  517,  663,  230,  176,  479,  768,   95,  854,  399,  881,  373,  689,  647, 1045,  817,  810, 1072,  780,  554,  222,  703,  851,  965,  755,  620,  535,  784,  596,  714,  175,  117,  684,  851],
        [  355,    0,  722,  174,  119,  340,  833,  413,  113,  414,  343,  534,  608,   13, 1054,  563,  529,  225,  197,  339,  418, 1016,  480,  352,  215,  373,  693,  760,  186,  364,    0,  563,  569,  550,   61,  767,  334,  632,  573,  166,  625,  868,  697,  743,  680,  460,  519, 1008,  179,  168,  209,   51,  527,  671,  776,  902,  622,  704,   44,  507,  620,  871,  560,  576,  699,  515,  902,  275,  567,  422,  828,   42,  260,  875,  597,  584,  575,  602,  591,  503,  437,  278,  738,  843,  863,  655,  722,  119,  856,  658,  513,  154,  697,  138,  380,  222,  538,  291,  858,  413,  566,  699,  709,  707,  731,  534,  688,  772,  566,  699,  302,  588,  641,  969,  493,  620,  211,  758,  373,  582,  265,  270,  563,  636],
        [  465,    0,  506,  648,  449,  243,  499,  748,  673,  730,  344,  674,  521,  568,  822,  465,   93,  654,  633,  304,  167,  792,  797,  256,  476,  504,  831,  406,  489,  850,  563,    0,   29,  796,  621,  278,  712,  392,  574,  400,   67,  585,  664,  716,  177,  662,  150,  796,  641,  412,  748,  574,  598,  905,  494,  574, 1011,  739,  559,  537,  787,  595,  111,  468,  265,  722,  784,  405,  400,  786,  408,  588,  658,  708,  888,  403,  205,  116,  130,  156,  635,  294,  206,  688,  702,  157,  786,  611,  802,  159,  430,  480,  666,  644,  756,  373,  163,  756,  706,  577,   98, 1058,  650,  708,  210,   35,  409,  223,  197,  821,  660,  395,  215,  781,  109,  585,  354,  602,  269,  362,  682,  733,  381,  204],
        [  487,    0,  534,  647,  457,  242,  524,  768,  679,  750,  365,  699,  549,  574,  849,  493,   73,  651,  630,  324,  163,  819,  818,  274,  493,  526,  857,  432,  487,  865,  569,   29,    0,  819,  626,  297,  730,  420,  601,  405,   57,  611,  691,  744,  151,  685,  178,  823,  639,  414,  750,  578,  624,  929,  521,  599, 1031,  767,  567,  563,  812,  622,  139,  496,  289,  745,  812,  424,  428,  805,  430,  596,  675,  735,  910,  431,  233,  142,  102,  183,  658,  296,  186,  716,  730,  131,  813,  622,  830,  133,  457,  480,  694,  655,  774,  387,  191,  771,  734,  600,   71, 1079,  677,  735,  188,   57,  437,  208,  225,  847,  678,  423,  241,  808,  133,  612,  359,  630,  290,  390,  698,  748,  409,  230],
        [  334,    0,  532,  713,  537,  712,  694,  152,  578,  141,  459,  148,  387,  560,  731,  404,  828,  769,  742,  504,  751,  697,  101,  558,  395,  294,  175,  679,  715,  363,  550,  796,  819,    0,  569,  818,  231,  538,  297,  599,  858,  661,  342,  352,  969,  134,  659,  680,  720,  635,  679,  600,  233,  125,  615,  724,  271,  275,  507,  289,  109,  654,  713,  411,  731,   77,  524,  423,  471,  172,  778,  516,  296,  553,   98,  482,  651,  745,  898,  648,  162,  662, 1000,  523,  540,  947,  255,  438,  438,  949,  404,  677,  340,  434,  202,  504,  659,  332,  529,  219,  862,  282,  372,  310, 1005,  762,  584, 1006,  651,  192,  249,  494,  705,  632,  687,  332,  606,  485,  532,  519,  300,  336,  486,  710],
        [  405,    0,  776,  144,  179,  394,  891,  426,   53,  430,  401,  568,  658,   54, 1105,  615,  584,  201,  176,  399,  472, 1067,  492,  412,  265,  418,  721,  819,  210,  343,   61,  621,  626,  569,    0,  827,  345,  689,  618,  222,  683,  923,  741,  785,  733,  491,  579, 1058,  152,  219,  151,   59,  568,  688,  832,  958,  614,  742,   88,  554,  647,  926,  620,  629,  760,  542,  948,  331,  622,  429,  888,   62,  274,  925,  607,  640,  635,  662,  644,  563,  469,  333,  793,  892,  912,  709,  757,  132,  898,  712,  566,  185,  741,  138,  387,  282,  599,  282,  907,  452,  620,  695,  754,  748,  784,  592,  746,  828,  627,  729,  321,  645,  702, 1019,  553,  666,  268,  808,  433,  639,  274,  264,  620,  697],
        [  539,    0,  360,  885,  649,  498,  274,  823,  878,  799,  455,  675,  453,  775,  602,  419,  369,  901,  877,  439,  434,  579,  853,  416,  616,  567,  794,  199,  738,  980,  767,  278,  297,  818,  827,    0,  812,  290,  535,  621,  267,  371,  576,  618,  369,  696,  249,  588,  880,  643,  969,  790,  589,  902,  307,  337, 1072,  669,  750,  530,  773,  385,  216,  414,   87,  742,  624,  534,  349,  865,  148,  781,  780,  535,  916,  339,  198,  179,  381,  264,  676,  533,  341,  526,  534,  366,  720,  780,  672,  366,  415,  721,  579,  811,  846,  548,  229,  887,  542,  623,  362, 1099,  551,  627,  361,  285,  264,  306,  205,  777,  764,  327,  130,  586,  286,  522,  575,  461,  401,  300,  806,  867,  332,  133],
        [  273,    0,  613,  488,  351,  567,  764,   82,  349,   91,  374,  277,  465,  344,  885,  451,  720,  545,  520,  409,  624,  848,  147,  457,  242,  249,  396,  721,  511,  183,  334,  712,  730,  231,  345,  812,    0,  573,  391,  420,  778,  760,  488,  519,  872,  196,  601,  834,  496,  449,  449,  382,  321,  344,  689,  814,  312,  456,  294,  343,  323,  757,  655,  463,  728,  224,  695,  307,  497,   91,  814,  297,   76,  699,  264,  513,  620,  694,  790,  586,  191,  508,  915,  666,  686,  848,  454,  217,  623,  850,  423,  475,  488,  208,   50,  358,  610,  114,  677,  216,  757,  378,  512,  476,  915,  678,  629,  933,  616,  409,   52,  523,  685,  789,  609,  439,  441,  603,  446,  536,   72,  111,  505,  686],
        [  313,    0,  119,  786,  526,  490,  204,  566,  733,  540,  290,  392,  164,  643,  461,  135,  470,  820,  791,  305,  466,  427,  585,  322,  433,  327,  505,  149,  675,  753,  632,  392,  420,  538,  689,  290,  573,    0,  248,  530,  430,  243,  293,  340,  555,  425,  250,  426,  785,  565,  839,  670,  306,  615,  146,  270,  801,  383,  602,  252,  485,  248,  282,  127,  207,  463,  393,  359,   77,  609,  245,  632,  560,  321,  635,   60,  188,  289,  521,  252,  409,  490,  558,  299,  314,  541,  434,  603,  414,  542,  150,  645,  296,  630,  598,  419,  232,  666,  317,  363,  487,  820,  272,  342,  572,  371,   59,  543,  196,  488,  532,   51,  205,  402,  310,  233,  495,  211,  284,   51,  584,  650,   71,  215],
        [  222,    0,  237,  745,  500,  575,  398,  358,  650,  332,  303,  151,   90,  585,  501,  118,  631,  792,  762,  346,  585,  463,  360,  392,  360,  201,  264,  382,  680,  572,  573,  574,  601,  297,  618,  535,  391,  248,    0,  536,  627,  376,  126,  177,  749,  206,  425,  451,  749,  575,  762,  621,   73,  368,  319,  435,  566,  170,  533,   66,  238,  372,  474,  122,  450,  226,  330,  324,  191,  400,  482,  557,  406,  315,  393,  198,  393,  496,  695,  418,  202,  548,  767,  281,  302,  731,  213,  501,  289,  733,  145,  644,  127,  518,  401,  414,  417,  500,  294,  181,  658,  577,  136,  150,  777,  545,  289,  762,  396,  251,  364,  209,  435,  408,  470,   50,  519,  212,  354,  239,  427,  490,  209,  442],
        [  319,    0,  635,  267,   71,  176,  723,  488,  274,  480,  250,  542,  547,  170,  979,  493,  364,  292,  265,  226,  253,  942,  552,  217,  206,  351,  713,  642,  148,  502,  166,  400,  405,  599,  222,  621,  420,  530,  536,    0,  461,  772,  661,  712,  516,  484,  373,  937,  263,   40,  352,  175,  509,  724,  676,  796,  730,  691,  171,  471,  646,  777,  408,  505,  561,  547,  853,  213,  477,  510,  698,  196,  348,  811,  667,  493,  437,  449,  427,  358,  456,  113,  573,  780,  800,  491,  719,  243,  824,  494,  439,  116,  662,  274,  470,  123,  395,  416,  797,  414,  401,  798,  666,  682,  566,  372,  582,  607,  428,  715,  375,  494,  500,  903,  338,  576,   48,  690,  249,  480,  363,  393,  469,  494],
        [  530,    0,  540,  703,  513,  298,  513,  814,  735,  795,  410,  733,  569,  630,  841,  516,  118,  706,  685,  370,  219,  813,  862,  322,  543,  568,  887,  422,  542,  917,  625,   67,   57,  858,  683,  267,  778,  430,  627,  461,    0,  604,  711,  762,  126,  724,  204,  819,  695,  470,  806,  634,  656,  965,  518,  585, 1077,  790,  623,  594,  845,  615,  155,  518,  275,  783,  819,  472,  448,  852,  408,  652,  725,  739,  951,  449,  244,  142,  115,  213,  698,  352,  143,  722,  735,  113,  838,  677,  844,  114,  484,  536,  714,  710,  822,  440,  211,  823,  740,  640,  100, 1122,  695,  756,  150,  101,  440,  156,  238,  876,  726,  440,  236,  807,  172,  635,  415,  638,  335,  406,  749,  800,  428,  225],
        [  530,    0,  150, 1026,  766,  724,   99,  733,  965,  707,  529,  520,  295,  879,  238,  317,  673, 1061, 1033,  547,  691,  211,  734,  563,  662,  532,  564,  182,  917,  943,  868,  585,  611,  661,  923,  371,  760,  243,  376,  772,  604,    0,  329,  344,  722,  581,  466,  218, 1026,  807, 1074,  908,  448,  699,   99,   69,  931,  420,  836,  417,  576,   14,  479,  304,  330,  597,  275,  594,  302,  775,  234,  865,  763,  183,  750,  284,  391,  469,  710,  473,  575,  729,  706,  189,  187,  714,  467,  828,  348,  715,  361,  887,  331,  852,  775,  659,  443,  864,  199,  545,  682,  929,  297,  374,  725,  573,  194,  676,  402,  542,  727,  281,  370,  216,  527,  333,  737,  179,  526,  293,  786,  852,  306,  382],
        [  347,    0,  227,  870,  625,  692,  381,  441,  771,  416,  424,  216,  143,  709,  399,  201,  730,  917,  888,  464,  695,  363,  426,  507,  485,  325,  238,  395,  806,  664,  697,  664,  691,  342,  741,  576,  488,  293,  126,  661,  711,  329,    0,   55,  836,  293,  514,  348,  873,  701,  882,  746,  176,  371,  305,  396,  609,   97,  657,  192,  249,  320,  558,  196,  497,  288,  210,  449,  264,  480,  492,  679,  515,  215,  426,  263,  469,  573,  789,  510,  299,  668,  845,  183,  202,  819,  148,  621,  163,  821,  247,  770,    3,  635,  489,  539,  502,  601,  191,  295,  754,  601,   32,   51,  858,  637,  313,  834,  474,  217,  470,  272,  497,  301,  566,   87,  643,  151,  468,  306,  534,  594,  284,  506],
        [  397,    0,  262,  916,  675,  746,  407,  465,  813,  441,  477,  242,  196,  755,  380,  255,  783,  964,  935,  518,  749,  346,  443,  561,  532,  372,  223,  432,  857,  690,  743,  716,  744,  352,  785,  618,  519,  340,  177,  712,  762,  344,   55,    0,  887,  323,  567,  329,  920,  752,  924,  792,  217,  362,  335,  413,  612,   81,  702,  242,  250,  334,  609,  250,  542,  307,  177,  500,  317,  501,  526,  724,  551,  205,  428,  314,  519,  624,  842,  563,  333,  722,  895,  176,  192,  871,  123,  662,  114,  872,  301,  820,   53,  675,  515,  591,  554,  632,  180,  335,  807,  597,   69,   43,  908,  690,  355,  883,  525,  200,  505,  323,  545,  281,  619,  141,  695,  173,  522,  357,  568,  626,  335,  554],
        [  637,    0,  664,  729,  576,  341,  629,  915,  785,  897,  514,  850,  694,  683,  959,  639,  155,  722,  706,  471,  264,  932,  966,  419,  632,  676, 1007,  541,  566,  998,  680,  177,  151,  969,  733,  369,  872,  555,  749,  516,  126,  722,  836,  887,    0,  835,  325,  939,  720,  515,  842,  680,  775, 1080,  640,  699, 1177,  914,  685,  713,  963,  734,  279,  642,  393,  896,  944,  568,  572,  950,  515,  711,  814,  862, 1060,  574,  369,  267,   90,  332,  808,  403,   67,  846,  859,   26,  961,  748,  969,   22,  605,  568,  838,  781,  918,  520,  335,  905,  864,  750,  118, 1227,  820,  881,   52,  208,  564,  118,  363,  997,  820,  565,  360,  929,  284,  759,  473,  763,  439,  531,  836,  882,  553,  349],
        [  201,    0,  440,  631,  426,  583,  599,  153,  510,  127,  325,   83,  290,  472,  691,  292,  695,  684,  656,  371,  620,  654,  161,  425,  279,  161,  235,  571,  609,  372,  460,  662,  685,  134,  491,  696,  196,  425,  206,  484,  724,  581,  293,  323,  835,    0,  526,  640,  637,  521,  618,  511,  134,  251,  521,  640,  378,  263,  417,  175,  164,  577,  581,  302,  609,   65,  499,  294,  353,  195,  669,  432,  233,  506,  228,  367,  521,  614,  765,  515,   30,  537,  866,  473,  492,  813,  269,  360,  429,  815,  282,  571,  292,  366,  198,  380,  527,  309,  483,   85,  728,  406,  317,  281,  872,  629,  476,  874,  521,  240,  185,  378,  579,  594,  553,  251,  485,  415,  398,  400,  248,  304,  367,  582],
        [  338,    0,  368,  639,  401,  270,  391,  627,  630,  606,  228,  531,  371,  527,  699,  316,  221,  658,  633,  200,  226,  667,  670,  170,  382,  374,  684,  300,  497,  756,  519,  150,  178,  659,  579,  249,  601,  250,  425,  373,  204,  466,  514,  567,  325,  526,    0,  669,  634,  398,  721,  542,  453,  763,  370,  468,  888,  590,  504,  390,  642,  475,   56,  319,  190,  583,  642,  302,  251,  667,  334,  535,  558,  570,  753,  255,   77,   94,  276,   17,  500,  293,  345,  548,  564,  307,  636,  539,  655,  309,  281,  477,  517,  571,  641,  303,   25,  662,  567,  443,  241,  928,  501,  558,  353,  124,  278,  348,   66,  673,  550,  248,  129,  649,   61,  435,  328,  459,  161,  216,  582,  640,  232,  122],
        [  654,    0,  309, 1176,  918,  915,  315,  788, 1094,  764,  687,  563,  401, 1020,   52,  447,  883, 1216, 1187,  715,  890,   22,  770,  741,  794,  644,  538,  399, 1084, 1011, 1008,  796,  823,  680, 1058,  588,  834,  426,  451,  937,  819,  218,  348,  329,  939,  640,  669,    0, 1177,  974, 1206, 1053,  516,  679,  302,  257,  936,  406,  971,  511,  576,  205,  689,  435,  547,  633,  164,  739,  463,  826,  446,  997,  856,  136,  753,  448,  597,  682,  924,  673,  644,  911,  923,  170,  150,  930,  437,  948,  261,  930,  500, 1052,  349,  966,  836,  817,  648,  946,  158,  631,  894,  914,  323,  370,  942,  782,  391,  893,  607,  515,  813,  449,  584,   49,  730,  401,  907,  251,  701,  472,  876,  938,  474,  595],
        [  529,    0,  884,   13,  261,  399,  982,  577,  160,  582,  497,  712,  778,  167, 1222,  730,  584,   49,   28,  482,  477, 1184,  643,  479,  389,  549,  869,  903,  155,  479,  179,  641,  639,  720,  152,  880,  496,  785,  749,  263,  695, 1026,  873,  920,  720,  637,  634, 1177,    0,  237,  137,  129,  705,  839,  931, 1054,  758,  883,  221,  683,  796, 1030,  665,  743,  823,  691, 1077,  439,  726,  580,  961,  206,  426, 1046,  759,  743,  700,  705,  633,  619,  614,  350,  784, 1014, 1034,  697,  900,  283, 1034,  700,  678,  161,  874,  290,  539,  367,  657,  429, 1030,  591,  616,  841,  884,  885,  772,  617,  840,  827,  691,  876,  472,  746,  762, 1140,  595,  794,  307,  927,  510,  735,  425,  413,  720,  755],
