{
    "name": "random-25-11858",
    "comment": "size=25 seed=11858",
    "nodes": ["+0", "-0", "+1", "-1", "+2", "-2", "+3", "-3", "+4", "-4", "+5", "-5", "+6", "-6", "+7", "-7", "+8", "-8", "+9", "-9", "+10", "-10", "+11", "-11", "+12", "-12", "+13", "-13", "+14", "-14", "+15", "-15", "+16", "-16", "+17", "-17", "+18", "-18", "+19", "-19", "+20", "-20", "+21", "-21", "+22", "-22", "+23", "-23", "+24", "-24", "+25", "-25"],
    "precedence": {
        "+0": "-0",
        "+1": "-1",
        "+2": "-2",
        "+3": "-3",
        "+4": "-4",
        "+5": "-5",
        "+6": "-6",
        "+7": "-7",
        "+8": "-8",
        "+9": "-9",
        "+10": "-10",
        "+11": "-11",
        "+12": "-12",
        "+13": "-13",
        "+14": "-14",
        "+15": "-15",
        "+16": "-16",
        "+17": "-17",
        "+18": "-18",
        "+19": "-19",
        "+20": "-20",
        "+21": "-21",
        "+22": "-22",
        "+23": "-23",
        "+24": "-24",
        "+25": "-25"
    },
    "edges": [
        [    0,    0,  481,  350,  353,  341,  579,  231,  495,  302,  495,  670,  953,  417,  752,  854,  655,  559,  435,  597,  629,  487,  898,  936,  381,  331,  613,  893,  646,  742,  944,  299,  701,  719,  962,  359,  708,  588,  863,  167,  821,  676,  603,  417,   90,  344,  858,  399,  671, 1037,  991,  328],
        [    0,    0,  481,  350,  353,  341,  579,  231,  495,  302,  495,  670,  953,  417,  752,  854,  655,  559,  435,  597,  629,  487,  898,  936,  381,  331,  613,  893,  646,  742,  944,  299,  701,  719,  962,  359,  708,  588,  863,  167,  821,  676,  603,  417,   90,  344,  858,  399,  671, 1037,  991,  328],
        [  481,  481,    0,  490,  513,  240,  692,  547,  189,  394,  590,  442, 1003,  151,  870,  724,  293,  258,  136,  157,  443,  801, 1002,  935,  145,  575,  471,  529,  265,  674, 1008,  768,  914,  266,  756,  424,  646,  612,  548,  630,  568,  876,  332,   65,  497,  510,  746,  488,  848,  694,  695,  567],
        [  350,  350,  490,    0,   24,  250,  245,  166,  368,  100,  149,  402,  614,  346,  429,  517,  483,  697,  540,  513,  348,  323,  575,  589,  346,  108,  313,  669,  492,  398,  609,  456,  432,  614,  643,   73,  365,  239,  609,  356,  537,  397,  386,  439,  272,   26,  518,   54,  375,  781,  711,  101],
        [  353,  353,  513,   24,    0,  273,  233,  156,  392,  121,  143,  420,  605,  369,  416,  524,  506,  718,  560,  537,  366,  299,  562,  584,  368,   87,  329,  689,  515,  402,  599,  442,  412,  638,  653,   97,  370,  239,  627,  348,  553,  377,  408,  462,  272,   10,  523,   67,  357,  799,  726,   80],
        [  341,  341,  240,  250,  273,    0,  464,  324,  159,  156,  360,  348,  801,  102,  647,  585,  316,  459,  302,  287,  319,  564,  785,  748,   96,  338,  321,  553,  309,  502,  802,  583,  678,  403,  662,  187,  470,  401,  527,  450,  499,  640,  266,  191,  318,  271,  599,  252,  614,  699,  662,  330],
        [  579,  579,  692,  245,  233,  464,    0,  358,  531,  336,  105,  433,  374,  541,  186,  393,  590,  922,  765,  671,  380,  297,  331,  366,  555,  255,  328,  701,  611,  264,  367,  595,  241,  747,  545,  283,  243,  122,  616,  539,  515,  200,  478,  652,  493,  241,  378,  217,  163,  766,  671,  256],
        [  231,  231,  547,  166,  156,  324,  358,    0,  474,  189,  288,  560,  729,  425,  524,  680,  613,  706,  556,  610,  509,  277,  669,  722,  408,  103,  477,  820,  615,  557,  719,  292,  472,  723,  808,  215,  525,  390,  766,  193,  700,  446,  529,  486,  142,  148,  678,  220,  440,  940,  874,  102],
        [  495,  495,  189,  368,  392,  159,  531,  474,    0,  290,  435,  259,  821,   86,  701,  536,  162,  446,  309,  146,  255,  690,  827,  748,  130,  469,  283,  407,  152,  487,  827,  741,  765,  250,  579,  296,  459,  438,  398,  609,  396,  725,  152,  185,  476,  392,  558,  349,  692,  563,  542,  462],
        [  302,  302,  394,  100,  121,  156,  336,  189,  290,    0,  234,  384,  697,  255,  522,  553,  425,  598,  441,  431,  337,  409,  666,  661,  250,  184,  315,  635,  428,  445,  694,  474,  531,  540,  661,   61,  411,  305,  587,  355,  531,  496,  341,  342,  241,  117,  559,  121,  473,  762,  703,  176],
        [  495,  495,  590,  149,  143,  360,  105,  288,  435,  234,    0,  372,  466,  439,  290,  404,  509,  818,  661,  577,  316,  315,  432,  441,  451,  192,  268,  646,  526,  276,  462,  554,  331,  660,  545,  180,  246,  106,  569,  478,  479,  291,  398,  549,  413,  152,  398,  114,  259,  731,  645,  190],
        [  670,  670,  442,  402,  420,  348,  433,  560,  259,  384,  372,    0,  621,  334,  557,  287,  197,  699,  568,  335,   57,  684,  655,  531,  374,  506,  106,  275,  228,  273,  633,  852,  671,  358,  322,  345,  257,  313,  207,  738,  152,  630,  111,  443,  622,  426,  312,  355,  589,  380,  321,  500],
        [  953,  953, 1003,  614,  605,  801,  374,  729,  821,  697,  466,  621,    0,  857,  215,  385,  816, 1252, 1099,  939,  590,  585,  113,  113,  881,  626,  547,  817,  845,  349,   28,  934,  360,  979,  510,  639,  368,  401,  717,  900,  609,  350,  713,  976,  866,  613,  352,  577,  325,  805,  693,  628],
        [  417,  417,  151,  346,  369,  102,  541,  425,   86,  255,  439,  334,  857,    0,  720,  600,  246,  395,  246,  188,  320,  663,  853,  794,   44,  438,  338,  493,  232,  537,  861,  677,  765,  307,  655,  277,  507,  463,  484,  542,  477,  727,  232,  121,  407,  368,  619,  340,  697,  648,  626,  430],
        [  752,  752,  870,  429,  416,  647,  186,  524,  701,  522,  290,  557,  215,  720,    0,  413,  736, 1106,  948,  835,  511,  373,  147,  253,  736,  422,  460,  801,  761,  313,  199,  720,  172,  898,  566,  469,  312,  264,  707,  689,  598,  148,  625,  833,  664,  423,  386,  403,  115,  833,  726,  425],
        [  854,  854,  724,  517,  524,  585,  393,  680,  536,  553,  404,  287,  385,  600,  413,    0,  477,  981,  844,  620,  282,  689,  454,  278,  636,  592,  265,  433,  510,  130,  404,  957,  573,  631,  156,  496,  158,  299,  334,  872,  228,  538,  396,  717,  784,  533,   33,  464,  495,  428,  318,  589],
        [  655,  655,  293,  483,  506,  316,  590,  613,  162,  425,  509,  197,  816,  246,  736,  477,    0,  535,  428,  152,  229,  799,  844,  728,  288,  590,  278,  248,   33,  468,  828,  891,  831,  164,  478,  412,  450,  478,  256,  762,  286,  790,  113,  318,  632,  509,  505,  451,  752,  408,  403,  583],
        [  559,  559,  258,  697,  718,  459,  922,  706,  446,  598,  818,  699, 1252,  395, 1106,  981,  535,    0,  158,  385,  700,  979, 1243, 1188,  372,  762,  727,  750,  504,  929, 1255,  857, 1129,  452, 1009,  642,  900,  855,  785,  726,  818, 1093,  588,  276,  611,  713, 1003,  709, 1070,  914,  932,  755],
        [  435,  435,  136,  540,  560,  302,  765,  556,  309,  441,  661,  568, 1099,  246,  948,  844,  428,  158,    0,  290,  562,  827, 1087, 1038,  218,  607,  584,  664,  400,  783, 1101,  733,  972,  389,  886,  484,  753,  700,  683,  598,  699,  936,  459,  127,  475,  556,  864,  551,  912,  828,  830,  600],
        [  597,  597,  157,  513,  537,  287,  671,  610,  146,  431,  577,  335,  939,  188,  835,  620,  152,  385,  290,    0,  352,  835,  955,  858,  217,  613,  393,  375,  120,  595,  948,  864,  907,  122,  629,  441,  572,  571,  402,  728,  438,  867,  229,  201,  594,  537,  646,  494,  833,  540,  548,  605],
        [  629,  629,  443,  348,  366,  319,  380,  509,  255,  337,  316,   57,  590,  320,  511,  282,  229,  700,  562,  352,    0,  628,  616,  506,  358,  452,   52,  331,  257,  243,  600,  800,  619,  393,  344,  295,  222,  261,  262,  689,  194,  578,  125,  436,  577,  372,  304,  300,  538,  433,  367,  445],
        [  487,  487,  801,  323,  299,  564,  297,  277,  690,  409,  315,  684,  585,  663,  373,  689,  799,  979,  827,  835,  628,    0,  495,  619,  657,  226,  581,  959,  810,  560,  566,  359,  247,  936,  841,  395,  537,  403,  884,  367,  792,  241,  695,  744,  402,  299,  674,  349,  260, 1045,  957,  234],
        [  898,  898, 1002,  575,  562,  785,  331,  669,  827,  666,  432,  655,  113,  853,  147,  454,  844, 1243, 1087,  955,  616,  495,    0,  209,  872,  568,  568,  875,  871,  388,   87,  850,  257, 1008,  593,  611,  399,  391,  777,  829,  667,  255,  736,  969,  810,  569,  422,  546,  240,  881,  770,  571],
        [  936,  936,  935,  589,  584,  748,  366,  722,  748,  661,  441,  531,  113,  794,  253,  278,  728, 1188, 1038,  858,  506,  619,  209,    0,  821,  619,  468,  711,  758,  264,  137,  953,  420,  889,  398,  601,  289,  357,  611,  904,  504,  400,  630,  914,  853,  592,  245,  545,  367,  693,  581,  620],
        [  381,  381,  145,  346,  368,   96,  555,  408,  130,  250,  451,  374,  881,   44,  736,  636,  288,  372,  218,  217,  358,  657,  872,  821,    0,  431,  373,  535,  272,  568,  884,  649,  772,  338,  695,  281,  537,  483,  527,  513,  519,  734,  274,   98,  378,  366,  654,  346,  707,  692,  669,  423],
        [  331,  331,  575,  108,   87,  338,  255,  103,  469,  184,  192,  506,  626,  438,  422,  592,  590,  762,  607,  613,  452,  226,  568,  619,  431,    0,  413,  776,  598,  466,  616,  366,  383,  718,  728,  179,  435,  297,  713,  288,  636,  354,  494,  519,  242,   83,  588,  152,  343,  884,  809,    8],
        [  613,  613,  471,  313,  329,  321,  328,  477,  283,  315,  268,  106,  547,  338,  460,  265,  278,  727,  584,  393,   52,  581,  568,  468,  373,  413,    0,  379,  304,  205,  556,  768,  567,  441,  350,  266,  180,  209,  304,  661,  224,  526,  169,  457,  555,  336,  282,  262,  486,  472,  398,  407],
        [  893,  893,  529,  669,  689,  553,  701,  820,  407,  635,  646,  275,  817,  493,  801,  433,  248,  750,  664,  375,  331,  959,  875,  711,  535,  776,  379,    0,  269,  492,  835, 1108,  932,  303,  353,  606,  490,  579,  100,  986,  209,  892,  295,  562,  860,  694,  466,  625,  850,  166,  201,  769],
        [  646,  646,  265,  492,  515,  309,  611,  615,  152,  428,  526,  228,  845,  232,  761,  510,   33,  504,  400,  120,  257,  810,  871,  758,  272,  598,  304,  269,    0,  498,  856,  889,  851,  138,  510,  420,  478,  500,  284,  758,  319,  810,  136,  294,  626,  517,  537,  462,  773,  432,  431,  590],
        [  742,  742,  674,  398,  402,  502,  264,  557,  487,  445,  276,  273,  349,  537,  313,  130,  468,  929,  783,  595,  243,  560,  388,  264,  568,  466,  205,  492,  498,    0,  361,  830,  460,  631,  281,  386,   35,  171,  396,  749,  286,  423,  367,  657,  668,  411,  122,  346,  379,  523,  419,  463],
        [  944,  944, 1008,  609,  599,  802,  367,  719,  827,  694,  462,  633,   28,  861,  199,  404,  828, 1255, 1101,  948,  600,  566,   87,  137,  884,  616,  556,  835,  856,  361,    0,  918,  337,  991,  533,  637,  379,  402,  736,  888,  626,  329,  723,  980,  857,  607,  372,  574,  307,  827,  715,  618],
        [  299,  299,  768,  456,  442,  583,  595,  292,  741,  474,  554,  852,  934,  677,  720,  957,  891,  857,  733,  864,  800,  359,  850,  953,  649,  366,  768, 1108,  889,  830,  918,    0,  605,  984, 1093,  507,  799,  660, 1058,  138,  991,  598,  815,  703,  272,  435,  952,  508,  612, 1232, 1165,  370],
        [  701,  701,  914,  432,  412,  678,  241,  472,  765,  531,  331,  671,  360,  765,  172,  573,  831, 1129,  972,  907,  619,  247,  257,  420,  772,  383,  567,  932,  851,  460,  337,  605,    0,  987,  728,  492,  451,  359,  843,  604,  737,   42,  719,  868,  612,  417,  549,  427,   83,  981,  879,  389],
        [  719,  719,  266,  614,  638,  403,  747,  723,  250,  540,  660,  358,  979,  307,  898,  631,  164,  452,  389,  122,  393,  936, 1008,  889,  338,  718,  441,  303,  138,  631,  991,  984,  987,    0,  609,  542,  613,  638,  357,  848,  422,  946,  274,  318,  714,  639,  661,  589,  910,  465,  496,  710],
        [  962,  962,  756,  643,  653,  662,  545,  808,  579,  661,  545,  322,  510,  655,  566,  156,  478, 1009,  886,  629,  344,  841,  593,  398,  695,  728,  350,  353,  510,  281,  533, 1093,  728,  609,    0,  609,  304,  443,  263,  998,  192,  694,  428,  763,  900,  661,  180,  589,  651,  298,  187,  724],
        [  359,  359,  424,   73,   97,  187,  283,  215,  296,   61,  180,  345,  639,  277,  469,  496,  412,  642,  484,  441,  295,  395,  611,  601,  281,  179,  266,  606,  420,  386,  637,  507,  492,  542,  609,    0,  352,  245,  551,  396,  487,  454,  319,  377,  292,   98,  500,   67,  428,  725,  661,  171],
        [  708,  708,  646,  365,  370,  470,  243,  525,  459,  411,  246,  257,  368,  507,  312,  158,  450,  900,  753,  572,  222,  537,  399,  289,  537,  435,  180,  490,  478,   35,  379,  799,  451,  613,  304,  352,    0,  141,  396,  717,  288,  412,  346,  627,  635,  378,  154,  312,  369,  532,  432,  432],
        [  588,  588,  612,  239,  239,  401,  122,  390,  438,  305,  106,  313,  401,  463,  264,  299,  478,  855,  700,  571,  261,  403,  391,  357,  483,  297,  209,  579,  500,  171,  402,  660,  359,  638,  443,  245,  141,    0,  494,  582,  395,  318,  366,  580,  510,  248,  292,  191,  278,  647,  555,  295],
        [  863,  863,  548,  609,  627,  527,  616,  766,  398,  587,  569,  207,  717,  484,  707,  334,  256,  785,  683,  402,  262,  884,  777,  611,  527,  713,  304,  100,  284,  396,  736, 1058,  843,  357,  263,  551,  396,  494,    0,  941,  111,  803,  261,  571,  821,  633,  367,  561,  760,  176,  148,  707],
        [  167,  167,  630,  356,  348,  450,  539,  193,  609,  355,  478,  738,  900,  542,  689,  872,  762,  726,  598,  728,  689,  367,  829,  904,  513,  288,  661,  986,  758,  749,  888,  138,  604,  848,  998,  396,  717,  582,  941,    0,  882,  587,  691,  565,  135,  340,  870,  410,  592, 1116, 1056,  289],
        [  821,  821,  568,  537,  553,  499,  515,  700,  396,  531,  479,  152,  609,  477,  598,  228,  286,  818,  699,  438,  194,  792,  667,  504,  519,  636,  224,  209,  319,  286,  626,  991,  737,  422,  192,  487,  288,  395,  111,  882,    0,  698,  246,  579,  770,  560,  261,  486,  655,  253,  174,  631],
        [  676,  676,  876,  397,  377,  640,  200,  446,  725,  496,  291,  630,  350,  727,  148,  538,  790, 1093,  936,  867,  578,  241,  255,  400,  734,  354,  526,  892,  810,  423,  329,  598,   42,  946,  694,  454,  412,  318,  803,  587,  698,    0,  678,  831,  587,  383,  515,  389,   44,  943,  842,  359],
        [  603,  603,  332,  386,  408,  266,  478,  529,  152,  341,  398,  111,  713,  232,  625,  396,  113,  588,  459,  229,  125,  695,  736,  630,  274,  494,  169,  295,  136,  367,  723,  815,  719,  274,  428,  319,  346,  366,  261,  691,  246,  678,    0,  336,  567,  412,  420,  348,  640,  434,  398,  487],
        [  417,  417,   65,  439,  462,  191,  652,  486,  185,  342,  549,  443,  976,  121,  833,  717,  318,  276,  127,  201,  436,  744,  969,  914,   98,  519,  457,  562,  294,  657,  980,  703,  868,  318,  763,  377,  627,  580,  571,  565,  579,  831,  336,    0,  433,  459,  737,  443,  804,  725,  717,  512],
        [   90,   90,  497,  272,  272,  318,  493,  142,  476,  241,  413,  622,  866,  407,  664,  784,  632,  611,  475,  594,  577,  402,  810,  853,  378,  242,  555,  860,  626,  668,  857,  272,  612,  714,  900,  292,  635,  510,  821,  135,  770,  587,  567,  433,    0,  263,  787,  323,  582,  996,  942,  240],
        [  344,  344,  510,   26,   10,  271,  241,  148,  392,  117,  152,  426,  613,  368,  423,  533,  509,  713,  556,  537,  372,  299,  569,  592,  366,   83,  336,  694,  517,  411,  607,  435,  417,  639,  661,   98,  378,  248,  633,  340,  560,  383,  412,  459,  263,    0,  532,   74,  363,  805,  733,   76],
        [  858,  858,  746,  518,  523,  599,  378,  678,  558,  559,  398,  312,  352,  619,  386,   33,  505, 1003,  864,  646,  304,  674,  422,  245,  654,  588,  282,  466,  537,  122,  372,  952,  549,  661,  180,  500,  154,  292,  367,  870,  261,  515,  420,  737,  787,  532,    0,  465,  473,  459,  348,  585],
        [  399,  399,  488,   54,   67,  252,  217,  220,  349,  121,  114,  355,  577,  340,  403,  464,  451,  709,  551,  494,  300,  349,  546,  545,  346,  152,  262,  625,  462,  346,  574,  508,  427,  589,  589,   67,  312,  191,  561,  410,  486,  389,  348,  443,  323,   74,  465,    0,  362,  732,  659,  146],
        [  671,  671,  848,  375,  357,  614,  163,  440,  692,  473,  259,  589,  325,  697,  115,  495,  752, 1070,  912,  833,  538,  260,  240,  367,  707,  343,  486,  850,  773,  379,  307,  612,   83,  910,  651,  428,  369,  278,  760,  592,  655,   44,  640,  804,  582,  363,  473,  362,    0,  900,  798,  348],
        [ 1037, 1037,  694,  781,  799,  699,  766,  940,  563,  762,  731,  380,  805,  648,  833,  428,  408,  914,  828,  540,  433, 1045,  881,  693,  692,  884,  472,  166,  432,  523,  827, 1232,  981,  465,  298,  725,  532,  647,  176, 1116,  253,  943,  434,  725,  996,  805,  459,  732,  900,    0,  113,  878],
        [  991,  991,  695,  711,  726,  662,  671,  874,  542,  703,  645,  321,  693,  626,  726,  318,  403,  932,  830,  548,  367,  957,  770,  581,  669,  809,  398,  201,  431,  419,  715, 1165,  879,  496,  187,  661,  432,  555,  148, 1056,  174,  842,  398,  717,  942,  733,  348,  659,  798,  113,    0,  803],
        [  328,  328,  567,  101,   80,  330,  256,  102,  462,  176,  190,  500,  628,  430,  425,  589,  583,  755,  600,  605,  445,  234,  571,  620,  423,    8,  407,  769,  590,  463,  618,  370,  389,  710,  724,  171,  432,  295,  707,  289,  631,  359,  487,  512,  240,   76,  585,  146,  348,  878,  803,    0]
    ]
}
