{
    "name": "random-65-24532",
    "comment": "size=65 seed=24532",
    "nodes": ["+0", "-0", "+1", "-1", "+2", "-2", "+3", "-3", "+4", "-4", "+5", "-5", "+6", "-6", "+7", "-7", "+8", "-8", "+9", "-9", "+10", "-10", "+11", "-11", "+12", "-12", "+13", "-13", "+14", "-14", "+15", "-15", "+16", "-16", "+17", "-17", "+18", "-18", "+19", "-19", "+20", "-20", "+21", "-21", "+22", "-22", "+23", "-23", "+24", "-24", "+25", "-25", "+26", "-26", "+27", "-27", "+28", "-28", "+29", "-29", "+30", "-30", "+31", "-31", "+32", "-32", "+33", "-33", "+34", "-34", "+35", "-35", "+36", "-36", "+37", "-37", "+38", "-38", "+39", "-39", "+40", "-40", "+41", "-41", "+42", "-42", "+43", "-43", "+44", "-44", "+45", "-45", "+46", "-46", "+47", "-47", "+48", "-48", "+49", "-49", "+50", "-50", "+51", "-51", "+52", "-52", "+53", "-53", "+54", "-54", "+55", "-55", "+56", "-56", "+57", "-57", "+58", "-58", "+59", "-59", "+60", "-60", "+61", "-61", "+62", "-62", "+63", "-63", "+64", "-64", "+65", "-65"],
    "precedence": {
        "+0": "-0",
        "+1": "-1",
        "+2": "-2",
        "+3": "-3",
        "+4": "-4",
        "+5": "-5",
        "+6": "-6",
        "+7": "-7",
        "+8": "-8",
        "+9": "-9",
        "+10": "-10",
        "+11": "-11",
        "+12": "-12",
        "+13": "-13",
        "+14": "-14",
        "+15": "-15",
        "+16": "-16",
        "+17": "-17",
        "+18": "-18",
        "+19": "-19",
        "+20": "-20",
        "+21": "-21",
        "+22": "-22",
        "+23": "-23",
        "+24": "-24",
        "+25": "-25",
        "+26": "-26",
        "+27": "-27",
        "+28": "-28",
        "+29": "-29",
        "+30": "-30",
        "+31": "-31",
        "+32": "-32",
        "+33": "-33",
        "+34": "-34",
        "+35": "-35",
        "+36": "-36",
        "+37": "-37",
        "+38": "-38",
        "+39": "-39",
        "+40": "-40",
        "+41": "-41",
        "+42": "-42",
        "+43": "-43",
        "+44": "-44",
        "+45": "-45",
        "+46": "-46",
        "+47": "-47",
        "+48": "-48",
        "+49": "-49",
        "+50": "-50",
        "+51": "-51",
        "+52": "-52",
        "+53": "-53",
        "+54": "-54",
        "+55": "-55",
        "+56": "-56",
        "+57": "-57",
        "+58": "-58",
        "+59": "-59",
        "+60": "-60",
        "+61": "-61",
        "+62": "-62",
        "+63": "-63",
        "+64": "-64",
        "+65": "-65"
    },
    "edges": [
        [    0,    0,  470,  573,  160,  510,  549,  591,  436,  530,  656,  504,  171,  314,  170,  593,  965,  314,  410,  196,  687,  399,  580,  438,  466,  669,  706,   96,  533,  359,  593,  500,  273,  295,  722,  117,  208,  539,  421,  297,  627,  630,  296,  325,  463,  650,  602,  899,   68,  748,  700,  281,  431,  313,  315,  879,  636,  314,  709,  272,  158,  712,  683,  628,  141,  581,  175,  521,  164,  449,  744,  297,  725,  283,  360,  572,  376,  851,  815,  119,  577,  567,  232,  646,  271,  655,   87,  224,  352,  222,  743,  737,  437,  585,  194,  358,  441,  715,  358,  246,  485,  238,  775,  234,  148,  338,  243,  360,  725,  585,  551,  217,  602,  495,  600,  975,  402,  181,  520,  593,  628,  145,  247,  462,  207,  856,  485,  614,  599,  664,  637,  288],
        [    0,    0,    0,    0,    0,    0,    0,    0,    0,    0,    0,    0,    0,    0,    0,    0,    0,    0,    0,    0,    0,    0,    0,    0,    0,    0,    0,    0,    0,    0,    0,    0,    0,    0,    0,    0,    0,    0,    0,    0,    0,    0,    0,    0,    0,    0,    0,    0,    0,    0,    0,    0,    0,    0,    0,    0,    0,    0,    0,    0,    0,    0,    0,    0,    0,    0,    0,    0,    0,    0,    0,    0,    0,    0,    0,    0,    0,    0,    0,    0,    0,    0,    0,    0,    0,    0,    0,    0,    0,    0,    0,    0,    0,    0,    0,    0,    0,    0,    0,    0,    0,    0,    0,    0,    0,    0,    0,    0,    0,    0,    0,    0,    0,    0,    0,    0,    0,    0,    0,    0,    0,    0,    0,    0,    0,    0,    0,    0,    0,    0,    0,    0],
        [  470,    0,    0,  656,  625,   42,  533,  774,  797,  893,  278,  231,  575,  309,  612,  367,  922,  561,  155,  313,  544,  135,  122,  129,  845,  990,  613,  417,   96,  169,  988,  767,  219,  427,  505,  556,  552,  318,   60,  416,  809,  887,  725,  295,  800,  220,  289,  840,  488,  818,  411,  205,  116,  731,  539,  817,  805,  745,  840,  237,  545,  673,  658,  877,  497,  111,  518,  883,  380,  471,  792,  722,  677,  723,  427,  239,  605,  789,  777,  587,  561,  550,  679,  194,  737,  230,  483,  264,  255,  258,  451,  879,  346,  619,  660,  583,  165,  715,  771,  471,  110,  370,  743,  256,  530,  340,  684,  463,  724,  572,   99,  573,  816,  663,  611,  912,  326,  289,  884,  548,  337,  433,  444,  556,  296,  849,  504,  281,  918,  731,  846,  313],
        [  573,    0,  656,    0,  590,  674,  147,  160,  414,  461,  581,  462,  463,  772,  522,  392,  402,  881,  739,  655,  297,  713,  763,  740,  464,  459,  244,  489,  752,  499,  576,  263,  645,  297,  398,  518,  781,  395,  603,  300,  182,  311,  518,  380,  376,  654,  491,  349,  512,  180,  480,  521,  724,  496,  264,  333,  170,  528,  184,  669,  729,  191,  161,  295,  440,  718,  412,  455,  680,  187,  172,  510,  207,  543,  253,  513,  225,  309,  264,  628,  136,  140,  752,  693,  637,  649,  659,  503,  767,  519,  498,  223,  313,   67,  607,  233,  769,  161,  500,  328,  568,  375,  229,  635,  449,  333,  534,  231,  169,  130,  750,  401,  217,  118,   96,  419,  331,  555,  457,  169,  468,  432,  332,  118,  477,  288,  154,  515,  408,   92,  233,  384],
        [  160,    0,  625,  590,    0,  666,  605,  564,  335,  418,  791,  632,  128,  462,   69,  702,  992,  388,  569,  353,  764,  559,  738,  598,  351,  569,  767,  217,  692,  501,  460,  444,  432,  364,  817,   87,  268,  653,  574,  371,  596,  564,  164,  440,  374,  795,  727,  935,  144,  750,  814,  429,  590,  189,  331,  917,  609,  178,  690,  431,  213,  756,  725,  566,  178,  736,  191,  410,  310,  511,  754,  168,  771,  141,  431,  704,  368,  891,  849,   72,  629,  621,  166,  795,  112,  799,  196,  370,  507,  371,  855,  712,  537,  618,   35,  358,  599,  746,  231,  294,  631,  337,  811,  393,  153,  439,  108,  416,  755,  635,  709,  190,  560,  489,  640, 1007,  506,  337,  408,  652,  748,  232,  310,  494,  345,  877,  540,  742,  505,  676,  592,  402],
        [  510,    0,   42,  674,  666,    0,  546,  797,  831,  926,  254,  233,  613,  344,  651,  364,  924,  598,  184,  354,  544,  167,   92,  154,  879, 1020,  616,  457,   84,  199, 1023,  796,  260,  457,  497,  596,  592,  320,   95,  445,  831,  914,  763,  323,  832,  187,  278,  841,  527,  831,  397,  243,  143,  768,  569,  819,  827,  783,  858,  276,  585,  679,  666,  903,  535,   71,  555,  917,  420,  490,  804,  760,  683,  762,  452,  228,  634,  791,  782,  628,  573,  563,  720,  156,  777,  198,  524,  302,  288,  298,  435,  897,  361,  633,  701,  613,  187,  724,  808,  504,  111,  404,  748,  297,  568,  366,  723,  489,  733,  584,   77,  609,  840,  687,  624,  912,  345,  330,  917,  558,  326,  470,  476,  577,  333,  855,  521,  267,  948,  745,  870,  343],
        [  549,    0,  533,  147,  605,  546,    0,  303,  508,  572,  435,  323,  480,  692,  543,  245,  429,  838,  633,  587,  177,  607,  633,  629,  562,  594,  162,  456,  627,  387,  688,  380,  559,  255,  266,  523,  752,  251,  484,  253,  328,  451,  572,  285,  479,  510,  345,  356,  499,  286,  336,  428,  613,  555,  283,  335,  316,  586,  323,  584,  705,  167,  141,  435,  434,  584,  415,  565,  625,  101,  260,  565,  179,  592,  191,  370,  281,  305,  275,  629,   31,   20,  757,  551,  674,  504,  629,  425,  677,  441,  358,  363,  190,   91,  629,  277,  661,  190,  571,  314,  437,  320,  236,  557,  454,  244,  574,  193,  200,   42,  622,  424,  358,  227,   79,  432,  217,  485,  567,   47,  322,  406,  305,  129,  406,  333,   66,  370,  536,  201,  378,  302],
        [  591,    0,  774,  160,  564,  797,  303,    0,  307,  328,  732,  600,  446,  839,  496,  546,  477,  904,  835,  714,  456,  810,  888,  842,  348,  302,  397,  523,  870,  608,  439,  143,  724,  367,  557,  508,  793,  542,  717,  375,   38,  151,  453,  482,  261,  799,  641,  446,  525,  211,  638,  612,  826,  426,  284,  436,   46,  458,  129,  744,  738,  330,  304,  135,  451,  848,  417,  325,  725,  313,  232,  445,  345,  482,  349,  659,  216,  420,  371,  617,  296,  298,  729,  834,  583,  794,  677,  581,  845,  596,  657,  149,  445,  226,  572,  236,  866,  281,  417,  365,  696,  444,  344,  706,  449,  436,  484,  314,  284,  289,  871,  385,   57,  113,  255,  504,  454,  620,  327,  328,  622,  467,  381,  221,  549,  361,  291,  665,  257,  179,   77,  475],
        [  436,    0,  797,  414,  335,  831,  508,  307,    0,   98,  859,  701,  266,  742,  280,  706,  783,  720,  799,  615,  684,  781,  918,  819,   55,  236,  651,  416,  884,  634,  197,  165,  665,  386,  771,  322,  600,  678,  737,  398,  327,  246,  181,  520,   49,  899,  775,  747,  374,  518,  817,  597,  806,  152,  276,  735,  345,  176,  430,  675,  544,  604,  574,  253,  323,  895,  292,   89,  598,  453,  537,  175,  620,  210,  422,  772,  236,  715,  667,  404,  518,  514,  486,  919,  310,  899,  508,  544,  770,  554,  848,  439,  553,  470,  328,  249,  833,  568,  123,  328,  756,  428,  635,  633,  298,  488,  231,  385,  574,  517,  894,  235,  277,  297,  499,  808,  541,  551,   89,  550,  774,  377,  356,  380,  509,  666,  459,  796,  170,  472,  302,  492],
        [  530,    0,  893,  461,  418,  926,  572,  328,   98,    0,  945,  788,  361,  838,  369,  784,  800,  805,  897,  712,  746,  879, 1014,  916,   68,  155,  704,  513,  981,  729,  117,  198,  763,  477,  838,  415,  685,  760,  833,  489,  338,  222,  257,  612,   99,  988,  859,  774,  470,  535,  893,  694,  904,  230,  365,  764,  358,  246,  438,  773,  630,  648,  619,  235,  420,  990,  390,   10,  693,  529,  559,  252,  664,  283,  507,  859,  315,  747,  698,  489,  578,  576,  558, 1010,  374,  988,  599,  641,  868,  652,  921,  437,  638,  522,  406,  332,  930,  605,  190,  423,  849,  523,  671,  731,  395,  578,  312,  469,  610,  576,  990,  333,  284,  349,  552,  829,  628,  649,   11,  611,  855,  475,  451,  449,  607,  687,  530,  881,  109,  505,  299,  586],
        [  656,    0,  278,  581,  791,  254,  435,  732,  859,  945,    0,  163,  703,  579,  756,  193,  730,  820,  432,  552,  357,  412,  297,  406,  913, 1003,  440,  576,  327,  299, 1055,  776,  467,  479,  280,  708,  790,  191,  282,  467,  760,  872,  844,  359,  846,   96,   91,  649,  648,  701,  161,  382,  393,  841,  584,  628,  750,  863,  756,  490,  769,  519,  516,  858,  626,  238,  633,  936,  617,  427,  668,  839,  517,  851,  438,   89,  630,  603,  606,  773,  452,  445,  885,  149,  895,   85,  697,  434,  530,  439,  191,  795,  308,  524,  824,  613,  440,  576,  873,  548,  190,  465,  580,  495,  659,  378,  818,  476,  583,  462,  307,  676,  784,  637,  504,  712,  319,  489,  937,  426,  120,  563,  521,  520,  450,  685,  442,   67,  938,  628,  808,  395],
        [  504,    0,  231,  462,  632,  233,  323,  600,  701,  788,  163,    0,  540,  482,  594,  139,  692,  701,  366,  426,  314,  340,  314,  350,  754,  856,  384,  419,  316,  160,  897,  628,  354,  317,  283,  548,  655,   88,  200,  305,  631,  732,  682,  196,  690,  203,   99,  610,  490,  607,  211,  243,  334,  678,  426,  588,  624,  701,  643,  380,  628,  448,  436,  720,  465,  262,  470,  780,  487,  288,  578,  677,  451,  689,  282,   74,  476,  559,  550,  618,  348,  338,  735,  235,  734,  201,  553,  287,  444,  295,  255,  683,  158,  413,  665,  458,  385,  495,  711,  386,  123,  303,  517,  373,  497,  216,  656,  321,  504,  358,  307,  514,  649,  498,  400,  682,  161,  348,  780,  330,  134,  403,  358,  381,  298,  624,  311,  111,  788,  524,  676,  233],
        [  171,    0,  575,  463,  128,  613,  480,  446,  266,  361,  703,  540,    0,  478,   64,  594,  865,  470,  550,  353,  643,  534,  694,  573,  299,  498,  642,  163,  653,  429,  433,  339,  412,  248,  701,   64,  353,  549,  518,  257,  480,  466,  151,  345,  293,  719,  632,  807,  109,  626,  708,  370,  563,  158,  203,  790,  492,  171,  571,  419,  297,  629,  598,  465,   79,  682,   73,  352,  332,  388,  628,  148,  644,  151,  312,  614,  243,  763,  722,  171,  504,  495,  290,  727,  202,  722,  247,  311,  510,  318,  747,  595,  428,  491,  149,  231,  582,  618,  201,  174,  560,  238,  683,  377,   46,  334,  116,  293,  627,  509,  667,   63,  449,  365,  513,  880,  400,  301,  351,  527,  647,  145,  195,  367,  280,  750,  416,  649,  429,  550,  482,  308],
        [  314,    0,  309,  772,  462,  344,  692,  839,  742,  838,  579,  482,  478,    0,  483,  615, 1117,  258,  168,  129,  768,  178,  371,  203,  776,  970,  819,  332,  317,  331,  906,  778,  136,  479,  761,  430,  282,  557,  298,  473,  876,  910,  609,  407,  763,  528,  569, 1040,  369,  950,  690,  267,  207,  626,  557, 1018,  880,  627,  938,  109,  298,  855,  832,  905,  423,  401,  457,  829,  153,  600,  935,  610,  864,  595,  520,  522,  629,  988,  964,  400,  722,  711,  445,  500,  566,  539,  271,  270,   63,  254,  733,  973,  516,  758,  493,  607,  182,  880,  671,  475,  392,  399,  925,  137,  444,  449,  556,  542,  890,  733,  342,  511,  864,  729,  762, 1117,  481,  220,  828,  724,  612,  382,  458,  655,  295, 1024,  639,  568,  898,  860,  898,  392],
        [  170,    0,  612,  522,   69,  651,  543,  496,  280,  369,  756,  594,   64,  483,    0,  654,  924,  441,  572,  364,  706,  559,  729,  598,  303,  515,  705,  195,  685,  475,  425,  378,  434,  309,  764,   57,  321,  608,  557,  318,  528,  500,  127,  399,  315,  767,  688,  868,  126,  682,  767,  410,  589,  145,  265,  851,  541,  145,  622,  437,  265,  691,  660,  502,  131,  721,  134,  360,  332,  451,  686,  128,  706,  115,  375,  668,  300,  825,  783,  127,  567,  558,  235,  772,  141,  771,  230,  350,  521,  354,  807,  644,  488,  553,   86,  290,  604,  679,  190,  237,  606,  293,  745,  397,  100,  392,   75,  356,  688,  572,  700,  123,  493,  421,  575,  941,  459,  329,  359,  590,  705,  193,  256,  429,  321,  809,  479,  704,  449,  608,  526,  362],
        [  593,    0,  367,  392,  702,  364,  245,  546,  706,  784,  193,  139,  594,  615,  654,    0,  562,  822,  504,  547,  181,  479,  437,  488,  760,  828,  259,  501,  447,  286,  898,  604,  483,  350,  146,  616,  765,   59,  338,  340,  572,  690,  722,  269,  686,  276,  107,  480,  566,  509,  115,  362,  473,  713,  439,  458,  561,  739,  564,  510,  732,  332,  326,  675,  526,  381,  522,  776,  604,  255,  477,  716,  332,  734,  293,  145,  471,  430,  426,  700,  260,  254,  824,  323,  795,  268,  654,  394,  580,  405,  154,  603,  167,  332,  733,  458,  524,  386,  739,  424,  257,  366,  397,  499,  555,  264,  706,  325,  394,  270,  435,  555,  600,  458,  312,  549,  197,  459,  777,  234,   77,  471,  401,  343,  396,  504,  261,  130,  765,  436,  621,  306],
        [  965,    0,  922,  402,  992,  924,  429,  477,  783,  800,  730,  692,  865, 1117,  924,  562,    0, 1263, 1043, 1015,  382, 1017,  999, 1034,  824,  734,  309,  875, 1007,  800,  904,  619,  983,  674,  453,  918, 1172,  605,  883,  674,  463,  590,  913,  711,  738,  825,  662,   83,  908,  266,  574,  851, 1018,  889,  664,  105,  443,  921,  365, 1009, 1122,  263,  288,  574,  837,  943,  811,  798, 1052,  527,  247,  905,  254,  939,  615,  706,  626,  133,  154, 1029,  398,  409, 1154,  876, 1036,  814, 1048,  853, 1098,  868,  558,  374,  603,  381, 1008,  635, 1068,  250,  886,  721,  814,  746,  194,  983,  849,  672,  933,  607,  240,  389,  996,  803,  516,  510,  367,   40,  637,  914,  800,  394,  617,  821,  719,  505,  834,  118,  488,  681,  714,  320,  504,  730],
        [  314,    0,  561,  881,  388,  598,  838,  904,  720,  805,  820,  701,  470,  258,  441,  822, 1263,    0,  425,  276,  951,  434,  628,  460,  738,  955,  986,  392,  574,  541,  843,  807,  354,  590,  964,  407,  121,  763,  540,  590,  940,  935,  551,  573,  755,  778,  795, 1193,  380, 1058,  911,  460,  464,  576,  627, 1172,  949,  564, 1022,  330,  177, 1005,  977,  934,  454,  657,  488,  797,  219,  738, 1051,  555, 1016,  527,  649,  753,  689, 1143, 1111,  317,  868,  857,  281,  753,  457,  788,  228,  432,  319,  419,  956, 1050,  692,  885,  404,  671,  438, 1015,  618,  554,  631,  519, 1071,  328,  457,  603,  495,  658, 1025,  877,  599,  525,  914,  807,  898, 1270,  654,  366,  796,  878,  834,  449,  550,  766,  440, 1158,  777,  799,  889,  972,  948,  544],
        [  410,    0,  155,  739,  569,  184,  633,  835,  799,  897,  432,  366,  550,  168,  572,  504, 1043,  425,    0,  220,  674,   27,  204,   36,  842, 1013,  736,  388,  150,  246,  980,  801,  139,  470,  648,  516,  438,  450,  167,  461,  871,  930,  696,  360,  811,  370,  438,  963,  448,  911,  561,  223,   41,  707,  570,  940,  871,  715,  917,  139,  443,  786,  767,  922,  480,  235,  509,  887,  279,  555,  890,  695,  793,  687,  491,  389,  641,  911,  894,  517,  663,  652,  587,  337,  679,  382,  396,  262,  107,  249,  602,  955,  445,  712,  603,  619,   34,  821,  751,  492,  256,  397,  857,  177,  508,  406,  647,  522,  831,  674,  175,  565,  869,  722,  709, 1037,  416,  250,  887,  657,  485,  423,  468,  628,  297,  961,  592,  433,  940,  821,  902,  361],
        [  196,    0,  313,  655,  353,  354,  587,  714,  615,  712,  552,  426,  353,  129,  364,  547, 1015,  276,  220,    0,  684,  214,  408,  252,  651,  842,  725,  203,  357,  266,  784,  650,   95,  359,  691,  309,  242,  489,  279,  355,  751,  782,  490,  308,  636,  521,  521,  941,  245,  834,  637,  186,  247,  505,  431,  919,  756,  509,  817,   83,  232,  753,  728,  777,  295,  421,  329,  702,   68,  491,  822,  490,  764,  478,  407,  480,  502,  890,  862,  298,  618,  607,  371,  504,  462,  529,  177,  164,  158,  150,  681,  851,  425,  647,  385,  481,  249,  772,  550,  349,  364,  280,  822,   58,  317,  344,  438,  425,  783,  628,  378,  383,  737,  606,  654, 1018,  388,  102,  702,  623,  559,  254,  334,  538,  182,  917,  531,  526,  770,  745,  772,  286],
        [  687,    0,  544,  297,  764,  544,  177,  456,  684,  746,  357,  314,  643,  768,  706,  181,  382,  951,  674,  684,    0,  648,  618,  661,  738,  756,   85,  591,  627,  439,  862,  551,  634,  402,  105,  679,  879,  227,  510,  396,  473,  607,  745,  379,  654,  449,  282,  299,  645,  362,  213,  504,  645,  730,  453,  277,  457,  760,  436,  661,  838,  168,  174,  590,  588,  562,  574,  740,  733,  256,  325,  738,  163,  764,  335,  325,  457,  250,  249,  779,  169,  171,  907,  499,  841,  439,  760,  521,  740,  535,  216,  473,  260,  231,  790,  452,  696,  230,  746,  471,  435,  450,  223,  642,  611,  352,  743,  350,  235,  172,  616,  591,  512,  398,  202,  369,  297,  587,  741,  136,  240,  548,  456,  306,  512,  328,  234,  303,  703,  305,  526,  409],
        [  399,    0,  135,  713,  559,  167,  607,  810,  781,  879,  412,  340,  534,  178,  559,  479, 1017,  434,   27,  214,  648,    0,  199,   39,  824,  992,  710,  373,  145,  220,  964,  779,  127,  446,  622,  503,  440,  425,  142,  437,  847,  907,  681,  334,  792,  353,  414,  936,  434,  885,  537,  199,   33,  692,  548,  914,  847,  701,  892,  132,  442,  760,  741,  899,  463,  224,  491,  869,  276,  529,  864,  680,  766,  674,  466,  365,  619,  885,  867,  509,  636,  626,  584,  322,  670,  364,  391,  241,  121,  229,  579,  930,  419,  685,  593,  597,   57,  795,  735,  470,  232,  374,  831,  166,  492,  381,  634,  497,  805,  647,  169,  548,  845,  698,  683, 1011,  390,  234,  869,  630,  461,  404,  446,  603,  276,  935,  566,  409,  919,  795,  878,  336],
        [  580,    0,  122,  763,  738,   92,  633,  888,  918, 1014,  297,  314,  694,  371,  729,  437,  999,  628,  204,  408,  618,  199,    0,  169,  966, 1110,  694,  535,   55,  289, 1110,  886,  315,  547,  562,  673,  639,  398,  182,  536,  922, 1005,  844,  414,  921,  210,  342,  917,  603,  918,  453,  325,  167,  850,  659,  895,  917,  864,  947,  326,  639,  761,  749,  995,  617,   60,  639, 1005,  472,  580,  890,  842,  763,  841,  543,  295,  725,  867,  860,  695,  658,  649,  779,  162,  850,  223,  584,  383,  310,  376,  487,  986,  450,  721,  773,  703,  192,  808,  892,  592,  197,  492,  829,  355,  649,  457,  802,  580,  817,  669,   31,  694,  931,  778,  710,  986,  435,  402, 1005,  643,  390,  553,  565,  668,  416,  936,  610,  326, 1039,  833,  961,  433],
        [  438,    0,  129,  740,  598,  154,  629,  842,  819,  916,  406,  350,  573,  203,  598,  488, 1034,  460,   36,  252,  661,   39,  169,    0,  862, 1029,  726,  411,  115,  243, 1002,  814,  166,  479,  630,  542,  473,  436,  152,  470,  878,  941,  720,  363,  829,  340,  417,  953,  473,  910,  539,  233,   17,  731,  583,  931,  877,  740,  921,  169,  477,  779,  762,  933,  501,  202,  529,  907,  312,  555,  888,  719,  785,  713,  495,  367,  653,  902,  886,  547,  659,  648,  620,  305,  708,  352,  428,  277,  142,  265,  580,  959,  441,  710,  631,  631,   36,  817,  774,  506,  235,  409,  850,  205,  531,  410,  673,  528,  826,  670,  140,  586,  878,  729,  707, 1027,  414,  273,  907,  651,  465,  442,  481,  632,  312,  955,  591,  410,  956,  821,  910,  367],
        [  466,    0,  845,  464,  351,  879,  562,  348,   55,   68,  913,  754,  299,  776,  303,  760,  824,  738,  842,  651,  738,  824,  966,  862,    0,  222,  702,  455,  930,  684,  145,  207,  705,  438,  825,  350,  618,  732,  785,  450,  364,  266,  189,  571,   89,  951,  829,  792,  408,  559,  871,  643,  850,  163,  329,  780,  383,  179,  467,  715,  563,  654,  624,  276,  362,  945,  334,   60,  629,  508,  579,  184,  670,  215,  475,  826,  290,  761,  713,  422,  571,  568,  491,  970,  308,  951,  533,  589,  808,  599,  902,  471,  607,  521,  338,  303,  875,  615,  123,  378,  807,  477,  683,  673,  336,  540,  244,  439,  621,  570,  941,  277,  312,  347,  551,  851,  594,  592,   59,  603,  829,  420,  406,  434,  554,  709,  514,  850,  168,  518,  333,  542],
        [  669,    0,  990,  459,  569, 1020,  594,  302,  236,  155, 1003,  856,  498,  970,  515,  828,  734,  955, 1013,  842,  756,  992, 1110, 1029,  222,    0,  699,  640, 1082,  822,  198,  229,  883,  564,  855,  557,  835,  814,  930,  575,  294,  154,  409,  698,  207, 1059,  914,  722,  605,  479,  928,  799, 1015,  382,  452,  717,  313,  400,  375,  896,  779,  630,  605,  170,  547, 1080,  514,  163,  829,  577,  510,  404,  645,  436,  578,  923,  387,  705,  656,  638,  591,  593,  713, 1087,  529, 1056,  742,  752,  994,  764,  951,  361,  700,  525,  558,  408, 1046,  577,  344,  524,  933,  623,  636,  854,  527,  659,  463,  539,  579,  587, 1089,  460,  246,  371,  554,  767,  698,  769,  164,  625,  902,  595,  550,  486,  717,  628,  567,  937,   74,  475,  242,  678],
        [  706,    0,  613,  244,  767,  616,  162,  397,  651,  704,  440,  384,  642,  819,  705,  259,  309,  986,  736,  725,   85,  710,  694,  726,  702,  699,    0,  612,  700,  495,  819,  506,  684,  413,  185,  685,  905,  297,  575,  410,  409,  547,  730,  418,  616,  531,  363,  227,  658,  281,  297,  552,  710,  712,  443,  205,  392,  743,  362,  710,  861,   85,   98,  530,  596,  639,  577,  698,  769,  260,  244,  723,   79,  751,  347,  403,  435,  176,  168,  789,  141,  148,  918,  580,  835,  522,  784,  561,  795,  576,  298,  397,  303,  182,  791,  433,  760,  148,  724,  476,  506,  472,  140,  688,  616,  384,  734,  353,  153,  138,  690,  586,  453,  356,  152,  302,  339,  625,  700,  116,  322,  564,  465,  284,  548,  246,  227,  384,  651,  234,  463,  442],
        [   96,    0,  417,  489,  217,  457,  456,  523,  416,  513,  576,  419,  163,  332,  195,  501,  875,  392,  388,  203,  591,  373,  535,  411,  455,  640,  612,    0,  492,  285,  593,  449,  251,  202,  628,  140,  297,  448,  363,  204,  560,  581,  311,  233,  434,  578,  516,  808,   74,  666,  609,  216,  401,  320,  240,  788,  567,  331,  635,  260,  250,  620,  591,  576,   94,  526,  126,  504,  203,  355,  660,  309,  633,  307,  266,  489,  308,  759,  724,  201,  485,  474,  323,  580,  325,  583,  174,  156,  355,  160,  652,  666,  343,  496,  251,  288,  421,  626,  363,  163,  415,  142,  684,  218,  121,  243,  268,  269,  636,  493,  507,  181,  541,  421,  510,  884,  308,  139,  503,  499,  540,   58,  158,  375,  129,  768,  392,  529,  567,  581,  576,  196],
        [  533,    0,   96,  752,  692,   84,  627,  870,  884,  981,  327,  316,  653,  317,  685,  447, 1007,  574,  150,  357,  627,  145,   55,  115,  930, 1082,  700,  492,    0,  263, 1073,  860,  265,  520,  579,  629,  585,  403,  154,  509,  904,  982,  802,  390,  889,  247,  359,  925,  559,  912,  475,  288,  113,  810,  631,  903,  901,  822,  935,  274,  586,  762,  749,  972,  577,   96,  600,  971,  420,  566,  886,  800,  766,  798,  522,  310,  698,  875,  865,  647,  654,  644,  727,  204,  803,  259,  533,  344,  256,  335,  512,  974,  440,  713,  726,  676,  139,  807,  852,  560,  194,  460,  832,  304,  608,  435,  759,  558,  816,  665,   26,  656,  911,  759,  705,  996,  421,  357,  971,  640,  407,  514,  534,  652,  377,  939,  599,  346, 1009,  825,  942,  405],
        [  359,    0,  169,  499,  501,  199,  387,  608,  634,  729,  299,  160,  429,  331,  475,  286,  800,  541,  246,  266,  439,  220,  289,  243,  684,  822,  495,  285,  263,    0,  828,  599,  198,  259,  431,  423,  497,  227,  110,  248,  643,  719,  579,  127,  634,  294,  257,  721,  358,  667,  371,   85,  227,  581,  371,  698,  641,  598,  680,  225,  473,  541,  522,  709,  351,  262,  366,  720,  328,  313,  645,  575,  548,  580,  260,  219,  437,  669,  649,  477,  417,  406,  587,  298,  609,  298,  399,  136,  302,  140,  415,  719,  199,  467,  536,  415,  274,  576,  619,  307,  131,  207,  612,  215,  384,  173,  543,  296,  586,  428,  268,  418,  648,  497,  464,  796,  171,  192,  720,  411,  293,  285,  279,  393,  157,  716,  349,  263,  750,  578,  680,  145],
        [  593,    0,  988,  576,  460, 1023,  688,  439,  197,  117, 1055,  897,  433,  906,  425,  898,  904,  843,  980,  784,  862,  964, 1110, 1002,  145,  198,  819,  593, 1073,  828,    0,  314,  843,  582,  954,  477,  724,  872,  929,  594,  444,  316,  300,  715,  212, 1095,  970,  882,  540,  641, 1007,  786,  991,  281,  472,  874,  464,  284,  540,  851,  671,  762,  734,  331,  501, 1089,  474,  124,  756,  644,  667,  298,  778,  320,  617,  968,  428,  858,  809,  532,  694,  692,  577, 1114,  390, 1095,  652,  731,  941,  740, 1037,  535,  748,  638,  440,  443, 1013,  718,  236,  522,  951,  621,  782,  809,  472,  684,  356,  580,  722,  692, 1084,  418,  391,  466,  668,  935,  737,  731,  122,  727,  968,  561,  551,  564,  697,  793,  646,  992,  192,  616,  401,  686],
        [  500,    0,  767,  263,  444,  796,  380,  143,  165,  198,  776,  628,  339,  778,  378,  604,  619,  807,  801,  650,  551,  779,  886,  814,  207,  229,  506,  449,  860,  599,  314,    0,  678,  340,  645,  402,  692,  587,  708,  351,  165,  133,  318,  473,  120,  830,  687,  585,  433,  354,  708,  582,  800,  290,  232,  574,  182,  320,  268,  694,  635,  451,  422,  129,  363,  854,  328,  193,  649,  351,  373,  310,  467,  347,  350,  695,  163,  555,  506,  504,  383,  382,  608,  859,  450,  828,  582,  540,  794,  554,  734,  280,  471,  325,  447,  185,  834,  410,  276,  311,  706,  406,  476,  653,  352,  432,  355,  311,  415,  380,  866,  284,  119,  154,  355,  645,  469,  566,  195,  416,  678,  397,  334,  262,  506,  503,  344,  711,  162,  311,  150,  455],
        [  273,    0,  219,  645,  432,  260,  559,  724,  665,  763,  467,  354,  412,  136,  434,  483,  983,  354,  139,   95,  634,  127,  315,  166,  705,  883,  684,  251,  265,  198,  843,  678,    0,  359,  629,  377,  334,  425,  188,  352,  761,  808,  557,  274,  679,  430,  445,  906,  309,  823,  564,  132,  159,  569,  449,  884,  763,  576,  817,   27,  327,  721,  699,  801,  344,  327,  373,  753,  161,  469,  806,  556,  730,  548,  393,  400,  521,  854,  830,  383,  590,  578,  464,  411,  543,  439,  269,  144,  122,  129,  608,  853,  382,  628,  466,  499,  171,  748,  612,  368,  277,  281,  792,   40,  371,  317,  508,  418,  758,  600,  285,  430,  754,  613,  631,  982,  347,  114,  753,  590,  486,  289,  347,  530,  176,  891,  508,  447,  810,  733,  788,  262],
        [  295,    0,  427,  297,  364,  457,  255,  367,  386,  477,  479,  317,  248,  479,  309,  350,  674,  590,  470,  359,  402,  446,  547,  479,  438,  564,  413,  202,  520,  259,  582,  340,  359,    0,  455,  278,  499,  309,  368,   13,  404,  464,  374,  136,  380,  514,  399,  606,  246,  476,  464,  247,  464,  366,  114,  586,  405,  391,  460,  380,  451,  419,  390,  455,  187,  517,  176,  468,  385,  155,  466,  368,  431,  385,   68,  390,  178,  557,  522,  378,  283,  273,  506,  534,  449,  514,  376,  215,  480,  230,  502,  495,  184,  296,  392,  157,  502,  426,  396,   75,  373,   80,  483,  344,  212,  103,  357,   68,  436,  291,  526,  206,  400,  255,  308,  682,  162,  260,  469,  299,  407,  151,   55,  180,  185,  569,  191,  419,  492,  388,  433,  115],
        [  722,    0,  505,  398,  817,  497,  266,  557,  771,  838,  280,  283,  701,  761,  764,  146,  453,  964,  648,  691,  105,  622,  562,  630,  825,  855,  185,  628,  579,  431,  954,  645,  629,  455,    0,  731,  903,  204,  481,  447,  576,  708,  816,  401,  743,  375,  221,  372,  689,  465,  122,  506,  615,  803,  523,  351,  561,  832,  541,  656,  867,  270,  278,  692,  639,  503,  630,  831,  746,  325,  428,  809,  263,  832,  390,  270,  538,  327,  337,  823,  265,  264,  950,  427,  902,  364,  789,  535,  725,  546,  114,  578,  286,  332,  846,  530,  665,  332,  823,  528,  396,  488,  318,  643,  666,  385,  808,  414,  337,  269,  564,  655,  614,  492,  304,  433,  322,  600,  832,  231,  173,  592,  509,  391,  532,  418,  312,  236,  800,  410,  628,  436],
        [  117,    0,  556,  518,   87,  596,  523,  508,  322,  415,  708,  548,   64,  430,   57,  616,  918,  407,  516,  309,  679,  503,  673,  542,  350,  557,  685,  140,  629,  423,  477,  402,  377,  278,  731,    0,  290,  567,  502,  285,  543,  529,  182,  355,  352,  716,  643,  859,   70,  684,  728,  355,  533,  197,  255,  840,  554,  201,  632,  381,  233,  677,  646,  528,   92,  666,  109,  405,  280,  427,  685,  182,  692,  172,  345,  621,  302,  813,  773,  112,  548,  540,  236,  719,  187,  720,  187,  295,  466,  299,  769,  657,  450,  541,  118,  288,  548,  670,  242,  210,  554,  251,  734,  340,   70,  353,  132,  332,  680,  554,  644,  124,  512,  424,  561,  932,  420,  272,  405,  569,  662,  147,  224,  417,  268,  805,  458,  658,  488,  606,  546,  317],
        [  208,    0,  552,  781,  268,  592,  752,  793,  600,  685,  790,  655,  353,  282,  321,  765, 1172,  121,  438,  242,  879,  440,  639,  473,  618,  835,  905,  297,  585,  497,  724,  692,  334,  499,  903,  290,    0,  708,  520,  500,  829,  818,  431,  503,  636,  762,  753, 1104,  271,  956,  863,  413,  472,  456,  522, 1084,  839,  444,  914,  317,   58,  917,  888,  818,  346,  658,  378,  677,  175,  651,  952,  435,  929,  407,  562,  715,  581, 1055, 1020,  197,  781,  770,  176,  744,  341,  770,  124,  372,  342,  362,  907,  941,  621,  791,  284,  564,  459,  922,  498,  453,  604,  434,  981,  300,  345,  527,  375,  565,  932,  789,  608,  411,  800,  701,  806, 1180,  584,  308,  675,  794,  787,  351,  453,  669,  371, 1063,  688,  760,  769,  872,  834,  471],
        [  539,    0,  318,  395,  653,  320,  251,  542,  678,  760,  191,   88,  549,  557,  608,   59,  605,  763,  450,  489,  227,  425,  398,  436,  732,  814,  297,  448,  403,  227,  872,  587,  425,  309,  204,  567,  708,    0,  285,  298,  571,  682,  682,  216,  661,  260,  101,  523,  515,  529,  162,  304,  420,  674,  406,  500,  562,  700,  573,  452,  676,  363,  353,  668,  478,  345,  477,  752,  546,  237,  499,  676,  365,  692,  258,  119,  445,  472,  463,  648,  272,  264,  771,  301,  748,  254,  598,  337,  523,  347,  204,  613,  127,  341,  684,  430,  471,  412,  703,  382,  210,  317,  431,  440,  508,  216,  662,  294,  421,  282,  393,  513,  594,  447,  324,  594,  150,  402,  753,  250,   99,  422,  357,  329,  339,  538,  252,  124,  749,  449,  618,  253],
        [  421,    0,   60,  603,  574,   95,  484,  717,  737,  833,  282,  200,  518,  298,  557,  338,  883,  540,  167,  279,  510,  142,  182,  152,  785,  930,  575,  363,  154,  110,  929,  708,  188,  368,  481,  502,  520,  285,    0,  357,  752,  829,  668,  237,  740,  243,  275,  802,  434,  768,  397,  148,  136,  673,  479,  779,  749,  688,  786,  210,  507,  630,  613,  819,  440,  164,  460,  824,  346,  417,  744,  666,  635,  667,  369,  226,  545,  750,  736,  539,  513,  502,  636,  228,  685,  251,  441,  208,  252,  204,  440,  825,  295,  568,  609,  524,  187,  669,  714,  411,   95,  311,  700,  221,  473,  282,  629,  405,  679,  524,  159,  515,  758,  606,  562,  875,  273,  240,  824,  503,  320,  375,  384,  500,  239,  806,  452,  272,  858,  680,  789,  253],
        [  297,    0,  416,  300,  371,  445,  253,  375,  398,  489,  467,  305,  257,  473,  318,  340,  674,  590,  461,  355,  396,  437,  536,  470,  450,  575,  410,  204,  509,  248,  594,  351,  352,   13,  447,  285,  500,  298,  357,    0,  412,  474,  384,  124,  392,  502,  388,  605,  250,  480,  454,  238,  455,  377,  126,  585,  413,  402,  466,  373,  453,  417,  389,  465,  194,  506,  185,  480,  382,  152,  468,  379,  430,  395,   63,  379,  189,  556,  522,  383,  281,  271,  512,  522,  458,  502,  377,  208,  473,  223,  492,  502,  173,  297,  400,  168,  493,  426,  407,   85,  361,   75,  482,  338,  220,   91,  367,   70,  436,  289,  515,  216,  409,  263,  308,  681,  150,  255,  481,  296,  397,  155,   63,  183,  179,  570,  189,  407,  504,  391,  442,  105],
        [  627,    0,  809,  182,  596,  831,  328,   38,  327,  338,  760,  631,  480,  876,  528,  572,  463,  940,  871,  751,  473,  847,  922,  878,  364,  294,  409,  560,  904,  643,  444,  165,  761,  404,  576,  543,  829,  571,  752,  412,    0,  141,  481,  518,  280,  829,  669,  439,  561,  198,  661,  648,  862,  453,  321,  431,   21,  484,  104,  781,  773,  337,  314,  124,  487,  881,  453,  335,  762,  345,  224,  473,  352,  509,  384,  688,  253,  416,  367,  650,  317,  321,  761,  865,  611,  824,  713,  618,  882,  633,  678,  117,  477,  246,  603,  273,  903,  283,  441,  403,  729,  481,  344,  744,  484,  471,  514,  350,  286,  310,  905,  420,   54,  150,  273,  492,  487,  657,  338,  349,  649,  504,  418,  254,  586,  350,  321,  693,  257,  182,   54,  511],
        [  630,    0,  887,  311,  564,  914,  451,  151,  246,  222,  872,  732,  466,  910,  500,  690,  590,  935,  930,  782,  607,  907, 1005,  941,  266,  154,  547,  581,  982,  719,  316,  133,  808,  464,  708,  529,  818,  682,  829,  474,  141,    0,  423,  593,  199,  934,  782,  573,  563,  330,  786,  709,  927,  394,  360,  567,  160,  420,  227,  825,  761,  477,  453,   17,  495,  970,  460,  223,  781,  447,  359,  416,  492,  452,  464,  795,  289,  553,  505,  627,  445,  447,  723,  966,  554,  930,  712,  669,  925,  683,  807,  219,  575,  377,  563,  311,  962,  424,  369,  440,  819,  533,  483,  784,  483,  549,  467,  425,  426,  439,  986,  413,   95,  236,  405,  621,  578,  697,  225,  478,  766,  529,  462,  354,  635,  481,  431,  806,  125,  322,   90,  578],
        [  296,    0,  725,  518,  164,  763,  572,  453,  181,  257,  844,  682,  151,  609,  127,  722,  913,  551,  696,  490,  745,  681,  844,  720,  189,  409,  730,  311,  802,  579,  300,  318,  557,  374,  816,  182,  431,  682,  668,  384,  481,  423,    0,  487,  225,  866,  770,  866,  249,  656,  836,  521,  710,   30,  294,  851,  497,   20,  581,  561,  376,  702,  670,  427,  229,  832,  214,  248,  458,  493,  668,    9,  717,   30,  431,  756,  298,  827,  782,  235,  591,  584,  306,  875,  132,  868,  353,  462,  647,  468,  873,  597,  557,  561,  150,  298,  728,  679,   68,  300,  708,  381,  746,  521,  196,  469,   57,  403,  686,  593,  817,  169,  437,  404,  587,  934,  533,  449,  247,  618,  780,  295,  326,  447,  430,  796,  512,  788,  349,  594,  466,  451],
        [  325,    0,  295,  380,  440,  323,  285,  482,  520,  612,  359,  196,  345,  407,  399,  269,  711,  573,  360,  308,  379,  334,  414,  363,  571,  698,  418,  233,  390,  127,  715,  473,  274,  136,  401,  355,  503,  216,  237,  124,  518,  593,  487,    0,  516,  383,  289,  635,  301,  554,  377,  144,  347,  484,  250,  613,  516,  506,  559,  299,  466,  449,  426,  582,  269,  382,  274,  603,  354,  197,  535,  482,  458,  493,  134,  270,  312,  584,  558,  433,  316,  305,  556,  400,  539,  384,  388,  144,  393,  159,  419,  596,  120,  356,  472,  291,  390,  474,  518,  195,  237,  107,  519,  273,  301,   48,  460,  169,  484,  327,  394,  319,  522,  370,  358,  712,   82,  209,  603,  318,  309,  209,  167,  270,  134,  618,  236,  305,  627,  464,  553,   39],
        [  463,    0,  800,  376,  374,  832,  479,  261,   49,   99,  846,  690,  293,  763,  315,  686,  738,  755,  811,  636,  654,  792,  921,  829,   89,  207,  616,  434,  889,  634,  212,  120,  679,  380,  743,  352,  636,  661,  740,  392,  280,  199,  225,  516,    0,  890,  760,  704,  399,  472,  795,  603,  816,  196,  267,  692,  298,  222,  383,  691,  579,  566,  536,  205,  341,  895,  308,   91,  622,  432,  492,  218,  582,  254,  409,  761,  217,  673,  624,  441,  486,  484,  528,  913,  355,  890,  538,  552,  788,  564,  825,  390,  539,  435,  369,  233,  845,  527,  171,  329,  752,  430,  594,  650,  320,  481,  272,  371,  533,  485,  898,  253,  229,  260,  464,  764,  529,  565,   92,  519,  757,  390,  357,  353,  518,  622,  434,  782,  137,  430,  253,  490],
        [  650,    0,  220,  654,  795,  187,  510,  799,  899,  988,   96,  203,  719,  528,  767,  276,  825,  778,  370,  521,  449,  353,  210,  340,  951, 1059,  531,  578,  247,  294, 1095,  830,  430,  514,  375,  716,  762,  260,  243,  502,  829,  934,  866,  383,  890,    0,  170,  743,  651,  784,  257,  370,  330,  865,  625,  721,  820,  885,  833,  450,  748,  607,  602,  921,  641,  153,  652,  979,  588,  488,  752,  861,  606,  869,  484,  141,  677,  696,  697,  768,  530,  523,  873,   54,  902,   13,  679,  427,  474,  428,  285,  872,  360,  600,  829,  659,  373,  662,  900,  577,  165,  486,  670,  463,  674,  412,  834,  523,  670,  540,  224,  700,  849,  699,  583,  807,  363,  473,  980,  507,  210,  575,  549,  581,  450,  776,  508,  148,  991,  708,  875,  416],
