{
    "name": "random-92-26892",
    "comment": "size=92 seed=26892",
    "nodes": ["+0", "-0", "+1", "-1", "+2", "-2", "+3", "-3", "+4", "-4", "+5", "-5", "+6", "-6", "+7", "-7", "+8", "-8", "+9", "-9", "+10", "-10", "+11", "-11", "+12", "-12", "+13", "-13", "+14", "-14", "+15", "-15", "+16", "-16", "+17", "-17", "+18", "-18", "+19", "-19", "+20", "-20", "+21", "-21", "+22", "-22", "+23", "-23", "+24", "-24", "+25", "-25", "+26", "-26", "+27", "-27", "+28", "-28", "+29", "-29", "+30", "-30", "+31", "-31", "+32", "-32", "+33", "-33", "+34", "-34", "+35", "-35", "+36", "-36", "+37", "-37", "+38", "-38", "+39", "-39", "+40", "-40", "+41", "-41", "+42", "-42", "+43", "-43", "+44", "-44", "+45", "-45", "+46", "-46", "+47", "-47", "+48", "-48", "+49", "-49", "+50", "-50", "+51", "-51", "+52", "-52", "+53", "-53", "+54", "-54", "+55", "-55", "+56", "-56", "+57", "-57", "+58", "-58", "+59", "-59", "+60", "-60", "+61", "-61", "+62", "-62", "+63", "-63", "+64", "-64", "+65", "-65", "+66", "-66", "+67", "-67", "+68", "-68", "+69", "-69", "+70", "-70", "+71", "-71", "+72", "-72", "+73", "-73", "+74", "-74", "+75", "-75", "+76", "-76", "+77", "-77", "+78", "-78", "+79", "-79", "+80", "-80", "+81", "-81", "+82", "-82", "+83", "-83", "+84", "-84", "+85", "-85", "+86", "-86", "+87", "-87", "+88", "-88", "+89", "-89", "+90", "-90", "+91", "-91", "+92", "-92"],
    "precedence": {
        "+0": "-0",
        "+1": "-1",
        "+2": "-2",
        "+3": "-3",
        "+4": "-4",
        "+5": "-5",
        "+6": "-6",
        "+7": "-7",
        "+8": "-8",
        "+9": "-9",
        "+10": "-10",
        "+11": "-11",
        "+12": "-12",
        "+13": "-13",
        "+14": "-14",
        "+15": "-15",
        "+16": "-16",
        "+17": "-17",
        "+18": "-18",
        "+19": "-19",
        "+20": "-20",
        "+21": "-21",
        "+22": "-22",
        "+23": "-23",
        "+24": "-24",
        "+25": "-25",
        "+26": "-26",
        "+27": "-27",
        "+28": "-28",
        "+29": "-29",
        "+30": "-30",
        "+31": "-31",
        "+32": "-32",
        "+33": "-33",
        "+34": "-34",
        "+35": "-35",
        "+36": "-36",
        "+37": "-37",
        "+38": "-38",
        "+39": "-39",
        "+40": "-40",
        "+41": "-41",
        "+42": "-42",
        "+43": "-43",
        "+44": "-44",
        "+45": "-45",
        "+46": "-46",
        "+47": "-47",
        "+48": "-48",
        "+49": "-49",
        "+50": "-50",
        "+51": "-51",
        "+52": "-52",
        "+53": "-53",
        "+54": "-54",
        "+55": "-55",
        "+56": "-56",
        "+57": "-57",
        "+58": "-58",
        "+59": "-59",
        "+60": "-60",
        "+61": "-61",
        "+62": "-62",
        "+63": "-63",
        "+64": "-64",
        "+65": "-65",
        "+66": "-66",
        "+67": "-67",
        "+68": "-68",
        "+69": "-69",
        "+70": "-70",
        "+71": "-71",
        "+72": "-72",
        "+73": "-73",
        "+74": "-74",
        "+75": "-75",
        "+76": "-76",
        "+77": "-77",
        "+78": "-78",
        "+79": "-79",
        "+80": "-80",
        "+81": "-81",
        "+82": "-82",
        "+83": "-83",
        "+84": "-84",
        "+85": "-85",
        "+86": "-86",
        "+87": "-87",
        "+88": "-88",
        "+89": "-89",
        "+90": "-90",
        "+91": "-91",
        "+92": "-92"
    },
    "edges": [
        [    0,    0,  600,  136,  649,  249,  884,  227,  395,  445,  521,  639,  913,  598,  322,  453,   80,  457,  516,  471,  411,  689,  759,  811,  338,  219,  334,  688,  239,  561,  592,  152,  776,  242,  707,  173,  503,  780,  538,  586,  194,  506,  862,  591,   87,  567,  455,  774,  580,  753,  522,  831,  692,  110,  438,  721,  161,  523,  736,  211,  558,  794,  656,  297,  583,  857,  128,  308,  224,  456,  820,  642,  188,  579,  686,   92,  803,  470,  765,  844,  803,  329,  664,  290,  443,  281,  320,  662,  400,  195,  809,  191,  555,  405,  170,  879,  220,  612,  607, 1030,  830,  564,  786,  359,  471,  203,  131,  613,  496,  124,  146,  724,  409,  129,  746,  610,  939,  638,  909,  746,  719,  272,  742,  631,  654,  573,  122,  371,  398,  153,  557,  536,  917,  192,  616,  773,   75,  374,  358,  679,  148,  122,  608,  667,  565,  529,  448,  482,  768,  773,  472,  511,  551,  541,  481,  649,  250,  778,  978,  666,  481,  300,  228,  596,  372,  753,  863,  237,  683, 1027,  767,  608,  557,  544,  356,  175,  698,  441,  499,  628,  243,  294,  365,  138,  457,  440],
        [    0,    0,    0,    0,    0,    0,    0,    0,    0,    0,    0,    0,    0,    0,    0,    0,    0,    0,    0,    0,    0,    0,    0,    0,    0,    0,    0,    0,    0,    0,    0,    0,    0,    0,    0,    0,    0,    0,    0,    0,    0,    0,    0,    0,    0,    0,    0,    0,    0,    0,    0,    0,    0,    0,    0,    0,    0,    0,    0,    0,    0,    0,    0,    0,    0,    0,    0,    0,    0,    0,    0,    0,    0,    0,    0,    0,    0,    0,    0,    0,    0,    0,    0,    0,    0,    0,    0,    0,    0,    0,    0,    0,    0,    0,    0,    0,    0,    0,    0,    0,    0,    0,    0,    0,    0,    0,    0,    0,    0,    0,    0,    0,    0,    0,    0,    0,    0,    0,    0,    0,    0,    0,    0,    0,    0,    0,    0,    0,    0,    0,    0,    0,    0,    0,    0,    0,    0,    0,    0,    0,    0,    0,    0,    0,    0,    0,    0,    0,    0,    0,    0,    0,    0,    0,    0,    0,    0,    0,    0,    0,    0,    0,    0,    0,    0,    0,    0,    0,    0,    0,    0,    0,    0,    0,    0,    0,    0,    0,    0,    0,    0,    0,    0,    0,    0,    0],
        [  600,    0,    0,  498,  425,  797, 1038,  791,  442,  322, 1043,  835,  969,  816,  907,  148,  531,  228,  524,  138,  541,  589,  839,  961,  902,  385,  503,  885,  816,  388,  553,  744,  705,  820,  720,  455,  391, 1113,  510,  158,  775, 1047, 1261,  685,  674,  695,  949, 1063,  913,  945, 1030,  849, 1011,  506,  493,  924,  452,  128,  903,  450,  704, 1221,  897,  894,  707, 1032,  563,  769,  377,  755, 1051,  590,  781,  123, 1040,  656, 1026,  596,  538, 1203, 1261,  929,  360,  889,  496,  550,  790,  564,  295,  774,  725,  790,  854,  603,  503, 1016,  819,  415,  376,  982, 1219,  645,  883,  882,  646,  753,  506,  974,  500,  556,  527,  433,  909,  601, 1199,  578,  817,  750,  975,  945,  567,  682, 1050,  611, 1099,  512,  624,  686,  376,  449, 1045,  735,  946,  762,  401,  663,  638,  829,  891,  321,  744,  512,  746,  628,  692,  146,  933,  129,  788,  859,  562,  730,  963,  244,  932, 1098,  401,  919,  910,  981,  361,  898,  826,  763,  435,  730,  854,  813,  397,  936,  963,  725,  877,  811,  931,  706,  518,  572,  534,  585,  840,  839,  238,  572, 1007,  161],
        [  136,    0,  498,    0,  514,  383,  804,  294,  264,  311,  562,  558,  815,  520,  454,  355,   58,  331,  391,  363,  294,  561,  660,  728,  406,  156,  213,  610,  373,  426,  467,  254,  655,  377,  593,  169,  368,  746,  410,  462,  279,  559,  853,  485,  222,  466,  478,  726,  537,  677,  554,  724,  650,  133,  312,  647,   51,  406,  653,   76,  460,  794,  588,  420,  482,  781,  207,  304,  145,  392,  757,  517,  318,  460,  656,  161,  737,  359,  631,  820,  817,  443,  530,  412,  318,  177,  322,  534,  269,  329,  687,  307,  499,  303,  207,  795,  342,  478,  472,  918,  817,  453,  691,  396,  372,  337,  164,  582,  369,   63,   44,  589,  434,  108,  757,  486,  816,  539,  812,  672,  589,  233,  698,  509,  659,  444,  128,  303,  263,   72,  580,  449,  814,  327,  481,  648,  205,  371,  402,  545,  277,  159,  512,  545,  463,  408,  466,  373,  658,  675,  355,  427,  537,  411,  482,  655,  117,  691,  863,  622,  346,  423,  350,  505,  240,  637,  753,  316,  548,  909,  693,  508,  508,  477,  434,  304,  565,  328,  376,  504,  350,  428,  260,  221,  515,  341],
        [  649,    0,  425,  514,    0,  897,  649,  732,  264,  217,  884,  496,  557,  493,  959,  425,  571,  270,  208,  372,  308,  172,  445,  578,  817,  528,  345,  535,  884,   89,  180,  738,  283,  887,  319,  605,  147,  800,  178,  268,  743,  907,  972,  334,  735,  361,  780,  732,  635,  582,  859,  436,  704,  616,  251,  569,  501,  319,  536,  439,  377,  955,  567,  913,  365,  651,  696,  628,  504,  504,  693,  193,  824,  303,  751,  647,  666,  314,  131,  894, 1015,  921,   81,  902,  248,  417,  648,  153,  278,  841,  301,  798,  570,  368,  663,  623,  837,   37,   55,  558,  927,  302,  489,  757,  366,  850,  637,  700,  205,  539,  509,   82,  756,  565,  955,  196,  396,  387,  565,  586,  143,  546,  732,  223,  863,  150,  590,  481,  252,  524,  853,  428,  529,  840,   35,  239,  718,  662,  773,  134,  783,  637,  398,  226,  358,  295,  761,  367,  380,  465,  279,  437,  727,  193,  732,  865,  405,  539,  486,  677,  170,  915,  845,  427,  283,  316,  435,  762,   60,  514,  600,  372,  599,  520,  856,  815,   94,  312,  231,  194,  826,  942,  408,  710,  884,  421],
        [  249,    0,  797,  383,  897,    0, 1081,  314,  643,  690,  567,  844, 1132,  801,  135,  652,  326,  691,  762,  682,  653,  935,  981, 1014,  373,  420,  579,  888,   64,  809,  838,  228, 1018,   67,  942,  343,  751,  922,  784,  812,  267,  532,  962,  822,  165,  794,  544,  935,  745,  949,  582, 1060,  849,  301,  684,  917,  401,  742,  940,  458,  782,  882,  846,  179,  809, 1050,  235,  464,  434,  654,  998,  886,  122,  800,  827,  280,  986,  706, 1013,  967,  868,  239,  909,  187,  690,  520,  466,  909,  641,   79, 1051,  187,  737,  637,  296, 1081,  165,  861,  854, 1262,  939,  799, 1003,  444,  699,   47,  293,  761,  743,  368,  394,  971,  503,  358,  822,  855, 1181,  862, 1125,  941,  967,  470,  898,  873,  747,  820,  339,  580,  645,  384,  630,  751, 1140,   64,  864, 1018,  180,  514,  431,  920,  146,  289,  830,  909,  792,  752,  545,  693,  999,  993,  713,  725,  680,  779,  598,  739,  494,  985, 1214,  828,  728,  184,  163,  812,  620,  991, 1094,  296,  930, 1264,  961,  834,  731,  739,  362,   92,  946,  680,  743,  873,  227,   46,  578,  226,  481,  641],
        [  884,    0, 1038,  804,  649, 1081,    0,  778,  630,  725,  684,  247,  159,  287, 1059,  977,  845,  822,  517,  937,  542,  481,  204,   80,  776,  929,  617,  197, 1033,  655,  487,  855,  396, 1034,  330,  970,  648,  311,  529,  891,  821,  731,  477,  358,  939,  358,  619,  232,  357,  133,  650,  242,  293,  935,  567,  165,  835,  913,  152,  765,  357,  516,  237,  984,  344,   39, 1000,  620,  907,  431,  132,  458,  964,  921,  350,  814,  123,  472,  603,  380,  597,  952,  730,  969,  562,  629,  622,  497,  774, 1004,  399,  904,  347,  508, 1010,   31,  938,  642,  681,  337,  440,  399,  161,  684,  440, 1048,  967,  375,  543,  772,  766,  693,  636,  755,  561,  464,  432,  292,  143,  141,  529,  618,  267,  432,  523,  528,  765,  514,  690,  865,  607,  356,  202, 1019,  658,  450,  952,  583,  704,  783,  936,  961,  306,  423,  361,  893,  605,  939,  276,  185,  496,  378,  467,  796,  542,  531,  778,  121,  355,  296,  679,  982,  944,  303,  648,  344,  271,  804,  701,  398,  122,  321,  359,  344,  812, 1042,  572,  504,  512,  460,  888, 1116,  909, 1013,  749,  966],
        [  227,    0,  791,  294,  732,  314,  778,    0,  471,  565,  296,  550,  845,  508,  283,  649,  269,  610,  552,  655,  436,  718,  701,  716,  114,  431,  387,  590,  259,  651,  622,   96,  778,  259,  687,  398,  592,  609,  580,  744,   49,  280,  661,  563,  216,  529,  242,  622,  434,  647,  300,  788,  536,  336,  486,  615,  342,  694,  643,  348,  514,  586,  542,  212,  543,  746,  344,  160,  428,  363,  688,  663,  193,  746,  514,  142,  677,  468,  826,  658,  586,  198,  770,  198,  490,  315,  157,  697,  541,  236,  810,  129,  432,  395,  395,  780,  160,  696,  703,  991,  634,  550,  717,  141,  443,  290,  357,  448,  541,  235,  266,  813,  198,  192,  533,  632,  937,  590,  836,  638,  762,  201,  585,  642,  447,  617,  168,  306,  504,  350,  340,  472,  859,  256,  704,  791,  251,  201,  135,  798,  176,  349,  555,  677,  528,  694,  240,  665,  734,  710,  487,  445,  368,  678,  287,  440,  397,  690,  952,  516,  583,  212,  166,  531,  455,  740,  827,   32,  779, 1004,  657,  565,  423,  441,  140,  303,  755,  450,  529,  650,  114,  343,  554,  350,  231,  635],
        [  395,    0,  442,  264,  264,  643,  630,  471,    0,  125,  652,  404,  601,  379,  698,  353,  321,  215,  137,  320,  100,  300,  450,  550,  561,  327,   86,  456,  626,  180,  209,  475,  401,  629,  357,  390,  122,  672,  150,  328,  480,  668,  821,  274,  480,  272,  550,  624,  473,  520,  632,  494,  569,  383,   65,  495,  264,  316,  484,  192,  276,  786,  460,  650,  286,  616,  463,  382,  303,  316,  621,  260,  564,  346,  600,  385,  597,  161,  371,  761,  832,  658,  301,  639,   70,  158,  403,  272,  151,  583,  432,  535,  413,  162,  444,  613,  574,  227,  233,  677,  778,  235,  489,  509,  207,  598,  409,  534,  111,  279,  251,  344,  519,  302,  770,  231,  559,  339,  601,  519,  326,  294,  610,  259,  672,  182,  327,  258,   67,  292,  636,  298,  591,  585,  234,  388,  467,  427,  524,  333,  522,  407,  325,  292,  269,  302,  532,  324,  427,  469,  134,  290,  533,  238,  516,  672,  176,  509,  615,  539,  117,  652,  583,  334,   26,  392,  516,  501,  309,  659,  538,  309,  436,  370,  599,  567,  304,  133,  129,  248,  563,  688,  280,  477,  639,  341],
        [  445,    0,  322,  311,  217,  690,  725,  565,  125,    0,  770,  514,  676,  494,  763,  255,  366,   98,  210,  213,  222,  323,  534,  647,  664,  312,  202,  565,  684,  132,  256,  553,  438,  687,  424,  389,   92,  793,  203,  204,  567,  782,  945,  369,  532,  376,  668,  742,  596,  626,  751,  561,  690,  402,  171,  603,  290,  195,  586,  237,  384,  910,  575,  725,  388,  716,  482,  496,  288,  440,  731,  303,  628,  222,  723,  459,  706,  274,  345,  883,  957,  742,  220,  716,  174,  266,  517,  295,   64,  639,  466,  610,  536,  286,  447,  705,  648,  184,  167,  723,  902,  328,  575,  621,  325,  643,  422,  658,  183,  347,  315,  283,  635,  381,  895,  282,  582,  434,  679,  626,  327,  406,  729,  315,  796,  217,  407,  382,   66,  311,  757,  413,  659,  636,  182,  411,  511,  546,  634,  236,  586,  422,  427,  341,  372,  180,  651,  214,  495,  553,  241,  409,  657,  117,  638,  796,  196,  606,  656,  661,   56,  728,  656,  442,  126,  447,  575,  593,  241,  693,  644,  407,  560,  491,  700,  606,  290,  250,  215,  294,  646,  735,  207,  495,  751,  246],
        [  521,    0, 1043,  562,  884,  567,  684,  296,  652,  770,    0,  522,  799,  489,  478,  910,  552,  838,  678,  906,  579,  814,  689,  646,  198,  712,  569,  538,  503,  818,  731,  387,  833,  501,  727,  690,  766,  422,  710,  968,  337,   49,  406,  616,  508,  578,  104,  471,  342,  571,   35,  784,  394,  628,  639,  545,  612,  933,  590,  596,  559,  322,  477,  403,  585,  646,  639,  276,  705,  394,  563,  757,  455,  978,  344,  432,  564,  574,  945,  435,  302,  348,  942,  391,  641,  505,  255,  801,  765,  499,  861,  393,  385,  516,  690,  698,  404,  852,  871,  972,  392,  623,  687,  167,  528,  558,  651,  310,  680,  500,  524,  965,  136,  455,  258,  731,  973,  611,  786,  560,  868,  366,  430,  727,  200,  743,  438,  404,  705,  628,   82,  501,  826,  522,  864,  863,  545,  226,  164,  980,  454,  643,  577,  755,  578,  927,  123,  915,  749,  690,  607,  480,  221,  886,  165,  191,  643,  636,  954,  389,  769,  399,  405,  543,  645,  781,  827,  294,  940, 1007,  574,  598,  358,  424,  205,  583,  877,  573,  655,  746,  342,  580,  814,  645,   89,  896],
        [  639,    0,  835,  558,  496,  844,  247,  550,  404,  514,  522,    0,  296,   43,  833,  756,  599,  611,  316,  722,  309,  358,  167,  173,  567,  687,  378,   54,  799,  473,  317,  619,  333,  800,  227,  725,  450,  305,  338,  700,  590,  563,  481,  163,  697,  142,  435,  237,  186,  121,  489,  263,  215,  689,  346,   93,  590,  708,   97,  522,  132,  478,   73,  760,  134,  224,  754,  391,  666,  190,  217,  311,  729,  727,  269,  571,  193,  243,  498,  399,  548,  735,  574,  746,  342,  383,  397,  359,  554,  767,  355,  672,  139,  266,  764,  240,  708,  478,  513,  456,  436,  199,  171,  477,  202,  808,  720,  241,  338,  525,  519,  560,  439,  510,  494,  301,  455,  115,  287,  117,  415,  376,  237,  278,  418,  351,  520,  269,  469,  620,  459,  113,  315,  780,  494,  375,  708,  367,  497,  626,  698,  714,   98,  291,  145,  691,  418,  725,  231,  170,  274,  132,  308,  603,  361,  424,  538,  142,  432,  191,  476,  759,  714,   73,  419,  275,  306,  578,  555,  485,  138,  124,  165,  111,  606,  800,  445,  272,  303,  307,  663,  880,  681,  767,  567,  745],
        [  913,    0,  969,  815,  557, 1132,  159,  845,  601,  676,  799,  296,    0,  338, 1127,  930,  863,  768,  471,  884,  529,  386,  156,  156,  862,  920,  610,  265, 1090,  582,  421,  910,  280, 1091,  253,  973,  589,  460,  474,  816,  883,  843,  632,  333,  979,  350,  721,  378,  458,  230,  764,  122,  423,  947,  537,  254,  837,  850,  211,  764,  357,  666,  323, 1056,  334,  190, 1019,  686,  897,  483,  283,  380, 1019,  849,  484,  855,  266,  459,  486,  535,  746, 1031,  635, 1041,  531,  639,  692,  408,  731, 1056,  273,  964,  428,  513, 1019,  130, 1001,  558,  598,  183,  594,  369,  129,  771,  445, 1094,  978,  493,  499,  794,  781,  586,  730,  786,  706,  395,  280,  277,   17,  240,  422,  663,  408,  362,  656,  463,  800,  552,  653,  868,  727,  381,   44, 1068,  573,  332,  986,  662,  791,  687,  987,  973,  306,  342,  352,  828,  705,  884,  182,  141,  473,  407,  578,  726,  644,  664,  766,  163,  196,  417,  624, 1055, 1008,  320,  623,  242,  132,  873,  603,  240,  230,  308,  448,  406,  900, 1081,  471,  491,  473,  386,  958, 1170,  874, 1033,  853,  921],
        [  598,    0,  816,  520,  493,  801,  287,  508,  379,  494,  489,   43,  338,    0,  791,  731,  560,  589,  303,  699,  282,  366,  204,  215,  527,  652,  346,   91,  757,  463,  314,  577,  354,  757,  247,  687,  435,  309,  327,  685,  547,  528,  479,  162,  655,  133,  399,  249,  161,  157,  456,  298,  212,  650,  323,  127,  553,  688,  139,  487,  118,  468,   82,  718,  129,  262,  714,  348,  631,  148,  245,  315,  686,  709,  260,  529,  223,  220,  506,  403,  535,  694,  569,  704,  320,  347,  355,  364,  529,  724,  379,  629,  105,  233,  726,  282,  665,  472,  505,  495,  434,  192,  212,  437,  173,  766,  682,  221,  323,  486,  481,  561,  401,  469,  479,  301,  485,  129,  329,  152,  423,  334,  242,  282,  397,  345,  479,  228,  445,  584,  429,   82,  355,  738,  488,  392,  666,  326,  457,  620,  656,  676,  102,  299,  136,  672,  381,  702,  261,  209,  254,   96,  280,  588,  326,  402,  505,  184,  468,  185,  459,  717,  672,   68,  393,  298,  341,  536,  552,  521,  173,  128,  134,   70,  566,  758,  449,  247,  288,  309,  621,  838,  652,  727,  530,  719],
        [  322,    0,  907,  454,  959,  135, 1059,  283,  698,  763,  478,  833, 1127,  791,    0,  760,  401,  779,  803,  785,  688,  975,  983,  998,  300,  523,  624,  872,   93,  872,  877,  229, 1046,   88,  961,  453,  813,  866,  828,  906,  246,  438,  883,  838,  238,  805,  477,  890,  709,  928,  499, 1068,  804,  402,  729,  897,  483,  841,  926,  527,  792,  799,  824,   79,  820, 1025,  350,  443,  534,  645,  963,  922,  136,  898,  774,  314,  954,  732, 1067,  900,  776,  131,  981,   93,  734,  557,  438,  951,  721,  133, 1079,  169,  713,  660,  414, 1062,  130,  922,  921, 1271,  864,  820, 1000,  386,  715,  164,  402,  714,  787,  421,  451, 1037,  443,  397,  735,  891, 1208,  869, 1119,  919, 1013,  474,  851,  905,  670,  865,  373,  583,  712,  472,  550,  752, 1141,  147,  928, 1053,  270,  477,  369,  998,  178,  396,  835,  941,  804,  848,  483,  796, 1012,  992,  746,  725,  626,  863,  542,  661,  570,  973, 1229,  787,  795,   82,  122,  812,  677, 1013, 1106,  256,  998, 1281,  938,  843,  702,  724,  277,  213,  998,  710,  782,  909,  171,  121,  679,  344,  389,  748],
        [  453,    0,  148,  355,  425,  652,  977,  649,  353,  255,  910,  756,  930,  731,  760,    0,  385,  164,  463,   55,  450,  567,  788,  898,  761,  237,  396,  808,  669,  362,  510,  598,  685,  673,  678,  310,  342, 1016,  457,  198,  631,  910, 1153,  620,  526,  622,  818,  974,  810,  872,  899,  814,  913,  358,  413,  848,  308,  121,  834,  315,  628, 1107,  811,  747,  636,  966,  418,  639,  230,  650,  973,  555,  634,  171,  937,  512,  949,  514,  553, 1102, 1142,  782,  382,  742,  417,  431,  660,  540,  204,  627,  710,  643,  755,  505,  359,  958,  672,  403,  371,  969, 1112,  579,  829,  746,  558,  608,  360,  867,  436,  416,  388,  460,  778,  461, 1080,  536,  817,  685,  933,  871,  559,  554,  956,  569,  980,  469,  482,  574,  289,  303,  918,  649,  912,  615,  394,  651,  491,  702,  754,  361,  597,  365,  675,  593,  619,  142,  804,   62,  749,  807,  484,  640,  847,  234,  808,  978,  269,  857,  900,  883,  307,  751,  679,  686,  339,  698,  826,  669,  418,  933,  890,  657,  775,  716,  788,  561,  514,  485,  466,  546,  694,  694,   97,  427,  869,   15],
        [   80,    0,  531,   58,  571,  326,  845,  269,  321,  366,  552,  599,  863,  560,  401,  385,    0,  379,  447,  399,  347,  618,  708,  770,  383,  162,  267,  650,  318,  483,  523,  214,  710,  322,  646,  145,  426,  769,  467,  509,  246,  544,  866,  535,  167,  514,  475,  754,  563,  716,  548,  775,  675,   94,  368,  685,   84,  448,  695,  133,  507,  803,  624,  372,  530,  821,  157,  310,  160,  425,  791,  573,  266,  503,  676,  128,  773,  410,  689,  839,  820,  400,  585,  365,  374,  224,  326,  591,  321,  274,  742,  261,  530,  350,  170,  837,  294,  535,  529,  971,  831,  505,  738,  386,  419,  280,  124,  603,  426,   76,   82,  645,  430,  108,  761,  542,  872,  586,  859,  710,  646,  252,  725,  564,  665,  501,  117,  336,  320,   83,  578,  491,  864,  271,  538,  704,  147,  378,  389,  599,  225,  118,  559,  600,  511,  453,  465,  410,  710,  723,  409,  469,  550,  462,  488,  661,  171,  735,  917,  648,  403,  375,  302,  549,  297,  691,  805,  287,  605,  964,  732,  556,  536,  511,  406,  247,  623,  380,  431,  560,  310,  371,  294,  170,  498,  372],
        [  457,    0,  228,  331,  270,  691,  822,  610,  215,   98,  838,  611,  768,  589,  779,  164,  379,    0,  306,  117,  314,  405,  629,  744,  716,  283,  280,  661,  694,  200,  348,  583,  522,  697,  516,  365,  180,  886,  297,  134,  604,  846, 1035,  466,  542,  473,  739,  837,  687,  723,  821,  652,  783,  392,  267,  700,  297,  102,  683,  264,  480,  997,  670,  750,  485,  813,  468,  562,  263,  529,  827,  392,  644,  141,  814,  489,  803,  370,  400,  976, 1040,  773,  242,  742,  270,  335,  583,  377,   74,  649,  547,  637,  627,  376,  423,  802,  672,  244,  215,  806,  992,  425,  671,  682,  419,  644,  406,  748,  279,  379,  347,  318,  703,  419,  978,  374,  657,  531,  772,  723,  399,  472,  823,  407,  878,  307,  444,  464,  149,  309,  832,  509,  750,  643,  237,  489,  515,  617,  693,  237,  604,  408,  524,  430,  469,   91,  723,  117,  587,  648,  337,  503,  741,   93,  715,  878,  216,  702,  738,  754,  145,  753,  680,  539,  209,  535,  663,  636,  274,  772,  741,  504,  650,  584,  748,  603,  356,  345,  312,  384,  679,  736,  142,  480,  811,  156],
        [  516,    0,  524,  391,  208,  762,  517,  552,  137,  210,  678,  316,  471,  303,  803,  463,  447,  306,    0,  422,  116,  174,  325,  439,  625,  464,  183,  363,  738,  161,   76,  575,  265,  741,  222,  527,  135,  611,   32,  385,  570,  703,  776,  161,  598,  174,  575,  551,  433,  422,  653,  360,  511,  516,   80,  401,  398,  398,  379,  324,  186,  754,  383,  748,  184,  508,  595,  431,  439,  297,  529,  126,  672,  412,  553,  491,  503,  106,  276,  704,  811,  747,  276,  735,   74,  246,  449,  149,  262,  696,  297,  636,  368,  166,  580,  496,  675,  180,  207,  540,  731,  121,  367,  558,  159,  717,  543,  498,   29,  395,  371,  288,  553,  408,  750,   96,  426,  226,  473,  422,  212,  355,  544,  122,  657,   67,  431,  277,  183,  427,  646,  229,  458,  701,  194,  257,  590,  458,  576,  323,  632,  541,  223,  156,  171,  379,  556,  423,  293,  345,   72,  234,  520,  288,  525,  659,  312,  397,  479,  483,  164,  749,  683,  243,  162,  256,  380,  583,  267,  523,  440,  201,  396,  318,  665,  691,  206,  108,   24,  113,  655,  806,  404,  609,  684,  453],
        [  471,    0,  138,  363,  372,  682,  937,  655,  320,  213,  906,  722,  884,  699,  785,   55,  399,  117,  422,    0,  419,  518,  745,  859,  766,  264,  373,  773,  696,  312,  464,  612,  635,  700,  632,  341,  296,  990,  413,  147,  641,  910, 1132,  580,  549,  586,  812,  944,  786,  836,  893,  768,  887,  384,  377,  813,  318,   69,  797,  313,  592, 1090,  779,  767,  598,  928,  450,  633,  252,  627,  939,  508,  656,  124,  914,  523,  915,  480,  499, 1077, 1128,  799,  328,  761,  381,  416,  653,  490,  170,  653,  659,  660,  729,  477,  394,  917,  691,  351,  318,  919, 1091,  539,  787,  745,  527,  637,  390,  845,  395,  421,  391,  406,  773,  464, 1066,  490,  765,  646,  888,  835,  508,  545,  929,  523,  966,  423,  488,  555,  254,  319,  909,  617,  866,  642,  341,  600,  516,  693,  754,  307,  617,  394,  637,  546,  582,   89,  797,   12,  703,  765,  449,  610,  830,  180,  797,  964,  264,  818,  849,  857,  261,  771,  698,  651,  309,  651,  778,  678,  364,  882,  854,  619,  750,  688,  795,  592,  462,  453,  427,  500,  708,  726,  107,  460,  870,   55],
        [  411,    0,  541,  294,  308,  653,  542,  436,  100,  222,  579,  309,  529,  282,  688,  450,  347,  314,  116,  419,    0,  287,  374,  463,  512,  393,   83,  362,  626,  240,  189,  460,  366,  628,  300,  445,  190,  573,  145,  423,  455,  599,  724,  196,  490,  185,  475,  526,  375,  427,  555,  431,  470,  425,   61,  401,  310,  415,  393,  236,  186,  691,  362,  632,  200,  525,  500,  321,  370,  221,  525,  235,  559,  443,  502,  379,  501,   71,  391,  663,  740,  631,  363,  620,   63,  133,  340,  264,  250,  585,  399,  521,  315,   67,  494,  527,  561,  275,  293,  625,  681,  161,  410,  449,  109,  609,  454,  438,  107,  288,  267,  390,  449,  297,  678,  204,  529,  256,  527,  425,  328,  241,  511,  221,  581,  182,  318,  175,  166,  341,  554,  200,  524,  591,  287,  367,  485,  355,  466,  404,  520,  450,  237,  257,  182,  400,  457,  423,  365,  391,   62,  191,  442,  329,  433,  581,  240,  423,  570,  440,  201,  633,  569,  241,  112,  344,  459,  467,  363,  617,  445,  225,  338,  271,  552,  585,  320,   39,   94,  222,  539,  696,  372,  515,  577,  438],
        [  689,    0,  589,  561,  172,  935,  481,  718,  300,  323,  814,  358,  386,  366,  975,  567,  618,  405,  174,  518,  287,    0,  278,  413,  784,  618,  356,  388,  911,  207,   98,  746,  118,  914,  153,  687,  232,  661,  152,  433,  740,  843,  839,  207,  771,  243,  712,  587,  522,  427,  785,  265,  572,  682,  251,  419,  563,  475,  379,  491,  262,  833,  430,  918,  240,  486,  762,  587,  594,  421,  536,   58,  845,  467,  625,  664,  510,  253,  141,  754,  900,  915,  251,  906,  246,  419,  604,   30,  386,  870,  143,  807,  459,  324,  742,  454,  847,  175,  214,  402,  794,  192,  321,  710,  290,  890,  708,  585,  193,  568,  543,  213,  696,  581,  843,   87,  262,  243,  393,  432,   58,  519,  592,   88,  758,  119,  604,  427,  326,  591,  769,  320,  359,  874,  189,   89,  762,  604,  729,  304,  805,  706,  264,   68,  241,  452,  693,  515,  209,  297,  232,  337,  629,  348,  652,  762,  473,  376,  334,  547,  268,  919,  855,  298,  325,  145,  266,  750,  221,  370,  444,  238,  489,  409,  825,  863,   93,  269,  194,   70,  824,  979,  530,  776,  830,  560],
        [  759,    0,  839,  660,  445,  981,  204,  701,  450,  534,  689,  167,  156,  204,  983,  788,  708,  629,  325,  745,  374,  278,    0,  136,  729,  766,  455,  160,  941,  453,  287,  762,  205,  942,  127,  818,  451,  420,  333,  690,  738,  730,  601,  178,  826,  195,  602,  338,  350,  167,  656,   96,  352,  792,  386,  172,  682,  716,  123,  609,  202,  614,  220,  913,  178,  209,  864,  544,  743,  340,  268,  255,  871,  721,  412,  703,  243,  304,  405,  509,  690,  892,  526,  899,  381,  484,  553,  293,  586,  906,  218,  818,  305,  358,  864,  179,  855,  439,  478,  292,  558,  216,   44,  640,  289,  942,  822,  399,  353,  639,  626,  491,  604,  632,  641,  262,  296,  122,  154,  175,  328,  513,  355,  229,  574,  328,  647,  403,  506,  713,  624,  232,  160,  917,  455,  257,  832,  528,  660,  579,  837,  818,  152,  220,  197,  695,  584,  746,   83,   20,  319,  258,  473,  596,  528,  581,  613,  102,  265,  336,  485,  912,  862,  171,  471,  148,  139,  731,  498,  318,  180,  152,  331,  273,  768,  928,  370,  337,  325,  258,  815, 1020,  727,  877,  734,  778],
        [  811,    0,  961,  728,  578, 1014,   80,  716,  550,  647,  646,  173,  156,  215,  998,  898,  770,  744,  439,  859,  463,  413,  136,    0,  722,  851,  538,  127,  968,  579,  412,  789,  338,  969,  261,  893,  571,  311,  451,  815,  757,  691,  488,  279,  869,  279,  572,  228,  308,   76,  612,  197,  267,  859,  487,  104,  757,  836,   76,  687,  278,  515,  177,  924,  265,   73,  925,  556,  829,  361,  141,  386,  898,  845,  328,  743,  119,  393,  541,  392,  594,  895,  659,  909,  483,  552,  560,  427,  695,  937,  347,  840,  287,  430,  934,   68,  875,  569,  608,  338,  447,  320,   96,  630,  362,  979,  891,  338,  465,  697,  690,  626,  585,  682,  552,  389,  401,  214,  142,   86,  464,  548,  254,  358,  500,  453,  693,  441,  611,  788,  572,  280,  192,  951,  586,  391,  880,  524,  650,  712,  868,  885,  227,  353,  282,  816,  557,  861,  215,  119,  417,  302,  426,  720,  495,  508,  699,   42,  340,  262,  602,  923,  881,  225,  569,  282,  234,  743,  632,  388,   74,  242,  303,  276,  759,  972,  505,  425,  433,  387,  827, 1050,  830,  938,  704,  887],
        [  338,    0,  902,  406,  817,  373,  776,  114,  561,  664,  198,  567,  862,  527,  300,  761,  383,  716,  625,  766,  512,  784,  729,  722,    0,  545,  476,  599,  310,  740,  691,  194,  831,  309,  733,  510,  682,  567,  656,  849,  146,  172,  590,  611,  314,  574,  177,  594,  421,  649,  210,  820,  509,  447,  567,  619,  454,  803,  654,  456,  557,  510,  545,  222,  586,  741,  449,  198,  542,  392,  672,  728,  258,  853,  475,  256,  665,  532,  901,  601,  498,  179,  861,  208,  571,  404,  183,  766,  645,  303,  862,  196,  436,  462,  504,  783,  209,  782,  793, 1020,  569,  605,  738,   93,  499,  361,  468,  418,  619,  346,  376,  899,  145,  302,  450,  698,  986,  627,  852,  639,  832,  272,  555,  703,  375,  692,  279,  359,  601,  464,  258,  508,  882,  326,  792,  850,  352,  201,   73,  892,  257,  459,  592,  736,  574,  802,  184,  776,  772,  735,  557,  481,  328,  779,  244,  367,  505,  702,  988,  494,  676,  219,  211,  563,  548,  788,  861,  102,  868, 1041,  657,  606,  419,  457,   41,  385,  831,  520,  602,  715,  147,  390,  666,  453,  121,  747],
        [  219,    0,  385,  156,  528,  420,  929,  431,  327,  312,  712,  687,  920,  652,  523,  237,  162,  283,  464,  264,  393,  618,  766,  851,  545,    0,  313,  740,  433,  443,  533,  369,  725,  437,  682,   82,  394,  896,  473,  395,  406,  705, 1008,  589,  290,  577,  631,  870,  686,  807,  707,  819,  797,  122,  388,  778,  108,  323,  778,  166,  575,  950,  724,  511,  592,  909,  188,  459,   25,  534,  894,  584,  397,  381,  807,  290,  873,  463,  656,  972,  972,  547,  519,  506,  394,  307,  477,  589,  251,  391,  755,  409,  643,  422,  140,  916,  436,  495,  477, 1003,  971,  552,  802,  546,  489,  374,  127,  734,  437,  216,  199,  590,  587,  259,  912,  556,  879,  649,  920,  803,  632,  388,  845,  585,  815,  501,  275,  447,  293,   86,  734,  575,  914,  380,  493,  707,  254,  527,  550,  520,  360,  131,  627,  617,  574,  334,  620,  275,  752,  784,  449,  557,  692,  375,  637,  811,  155,  812,  941,  769,  362,  514,  443,  626,  302,  719,  842,  448,  547,  983,  824,  618,  655,  616,  567,  329,  598,  431,  454,  572,  462,  463,  159,  200,  660,  225],
        [  334,    0,  503,  213,  345,  579,  617,  387,   86,  202,  569,  378,  610,  346,  624,  396,  267,  280,  183,  373,   83,  356,  455,  538,  476,  313,    0,  431,  557,  265,  259,  398,  444,  559,  382,  363,  207,  621,  206,  403,  399,  583,  760,  278,  415,  264,  467,  581,  415,  498,  550,  514,  518,  342,  106,  470,  228,  380,  467,  154,  262,  719,  424,  572,  280,  599,  419,  297,  291,  255,  591,  308,  491,  418,  542,  311,  568,  151,  445,  707,  761,  578,  386,  561,  111,   73,  318,  331,  208,  514,  476,  458,  360,  114,  412,  604,  498,  309,  318,  707,  719,  243,  490,  424,  178,  535,  372,  473,  165,  212,  189,  427,  435,  227,  699,  277,  606,  336,  608,  494,  391,  209,  562,  298,  599,  243,  251,  184,  137,  259,  556,  266,  606,  518,  318,  440,  408,  345,  439,  418,  451,  368,  314,  334,  261,  370,  450,  378,  448,  472,  143,  252,  462,  318,  438,  599,  162,  499,  651,  488,  202,  574,  506,  315,   77,  425,  541,  418,  393,  697,  515,  305,  380,  322,  514,  508,  375,  119,  165,  295,  483,  623,  310,  433,  554,  383],
        [  688,    0,  885,  610,  535,  888,  197,  590,  456,  565,  538,   54,  265,   91,  872,  808,  650,  661,  363,  773,  362,  388,  160,  127,  599,  740,  431,    0,  842,  518,  357,  662,  348,  842,  247,  777,  498,  274,  383,  748,  631,  581,  454,  206,  743,  190,  457,  200,  196,   68,  504,  253,  195,  740,  397,   40,  642,  758,   55,  575,  182,  460,   62,  798,  180,  171,  804,  430,  719,  235,  167,  346,  771,  775,  254,  618,  142,  295,  527,  367,  534,  770,  615,  784,  393,  436,  434,  393,  605,  810,  367,  713,  164,  319,  816,  193,  748,  519,  555,  435,  410,  244,  150,  508,  255,  853,  772,  240,  386,  576,  571,  596,  465,  559,  483,  339,  455,  148,  254,   64,  444,  422,  206,  314,  415,  394,  568,  317,  520,  673,  469,  166,  290,  825,  535,  394,  756,  400,  528,  667,  742,  766,  141,  321,  193,  740,  440,  776,  235,  156,  325,  184,  319,  651,  380,  422,  591,  103,  419,  177,  525,  797,  755,  123,  472,  289,  296,  617,  593,  472,   85,  165,  184,  150,  637,  846,  478,  325,  352,  343,  701,  923,  733,  817,  589,  797],
        [  239,    0,  816,  373,  884,   64, 1033,  259,  626,  684,  503,  799, 1090,  757,   93,  669,  318,  694,  738,  696,  626,  911,  941,  968,  310,  433,  557,  842,    0,  797,  814,  181,  989,    5,  909,  362,  738,  865,  762,  819,  214,  469,  900,  788,  152,  757,  483,  880,  692,  901,  519, 1023,  794,  312,  662,  869,  398,  752,  894,  448,  745,  820,  797,  118,  772, 1002,  257,  414,  444,  609,  946,  861,   71,  809,  770,  248,  935,  676,  997,  907,  804,  177,  902,  124,  667,  494,  414,  886,  639,   45, 1022,  131,  688,  605,  322, 1034,  103,  848,  844, 1225,  878,  767,  962,  384,  664,   75,  310,  705,  721,  348,  376,  961,  444,  331,  759,  829, 1152,  824, 1083,  893,  947,  428,  843,  846,  685,  798,  309,  539,  635,  386,  568,  710, 1100,   55,  852,  992,  181,  460,  371,  917,  107,  305,  791,  882,  756,  760,  485,  707,  964,  952,  685,  684,  622,  779,  540,  677,  489,  940, 1180,  774,  718,  123,  101,  771,  604,  959, 1059,  239,  921, 1231,  912,  797,  680,  692,  299,  122,  929,  651,  718,  847,  165,   84,  590,  252,  418,  657],
        [  561,    0,  388,  426,   89,  809,  655,  651,  180,  132,  818,  473,  582,  463,  872,  362,  483,  200,  161,  312,  240,  207,  453,  579,  740,  443,  265,  518,  797,    0,  168,  653,  324,  800,  332,  519,   60,  771,  137,  237,  660,  838,  937,  313,  647,  332,  714,  710,  592,  572,  795,  462,  672,  528,  180,  555,  413,  270,  528,  351,  346,  913,  542,  828,  340,  651,  609,  555,  419,  450,  681,  203,  737,  269,  713,  561,  655,  261,  214,  865,  969,  838,  124,  817,  178,  337,  575,  180,  195,  753,  348,  713,  528,  304,  577,  631,  751,   53,   54,  608,  892,  275,  497,  683,  316,  762,  550,  657,  147,  452,  422,  165,  687,  479,  908,  192,  458,  374,  587,  574,  200,  470,  704,  224,  813,  127,  505,  415,  164,  436,  793,  390,  559,  752,   56,  289,  630,  594,  699,  165,  696,  549,  377,  241,  329,  247,  696,  309,  400,  473,  224,  395,  675,  145,  672,  814,  317,  538,  539,  643,   82,  830,  760,  401,  198,  343,  470,  681,  129,  572,  590,  353,  556,  479,  778,  727,  159,  252,  180,  197,  743,  854,  332,  622,  813,  356],
        [  592,    0,  553,  467,  180,  838,  487,  622,  209,  256,  731,  317,  421,  314,  877,  510,  523,  348,   76,  464,  189,   98,  287,  412,  691,  533,  259,  357,  814,  168,    0,  649,  193,  816,  169,  599,  169,  621,   60,  404,  643,  759,  793,  154,  674,  182,  628,  554,  460,  408,  704,  305,  525,  590,  155,  393,  471,  431,  362,  398,  199,  779,  388,  821,  186,  484,  669,  495,  509,  341,  518,   52,  747,  435,  572,  566,  492,  161,  215,  715,  841,  819,  258,  808,  150,  321,  512,   75,  315,  772,  224,  710,  395,  229,  653,  464,  749,  162,  199,  473,  748,  124,  330,  620,  204,  793,  617,  524,   99,  471,  447,  249,  610,  484,  782,   27,  351,  211,  425,  411,  142,  423,  552,   60,  692,   42,  506,  336,  245,  500,  692,  253,  403,  777,  179,  182,  666,  516,  638,  310,  708,  615,  219,   86,  180,  410,  609,  463,  240,  307,  136,  265,  558,  310,  573,  695,  384,  371,  409,  498,  204,  822,  757,  248,  234,  192,  319,  653,  239,  451,  426,  194,  425,  344,  731,  767,  147,  173,   96,   40,  727,  882,  460,  684,  743,  501],
        [  152,    0,  744,  254,  738,  228,  855,   96,  475,  553,  387,  619,  910,  577,  229,  598,  214,  583,  575,  612,  460,  746,  762,  789,  194,  369,  398,  662,  181,  653,  649,    0,  818,  181,  734,  324,  594,  701,  601,  715,   50,  365,  757,  611,  122,  580,  338,  710,  519,  722,  393,  844,  624,  261,  502,  690,  295,  658,  714,  321,  567,  682,  619,  176,  594,  823,  256,  237,  371,  429,  771,  694,  110,  713,  606,   95,  759,  503,  842,  753,  680,  191,  767,  165,  507,  329,  240,  723,  519,  150,  850,   61,  510,  432,  312,  854,  101,  702,  703, 1047,  730,  592,  782,  236,  488,  199,  278,  538,  560,  207,  239,  818,  294,  174,  628,  662,  980,  646,  903,  714,  786,  249,  674,  676,  543,  638,  149,  360,  496,  296,  435,  531,  921,  167,  708,  824,  159,  289,  230,  789,   83,  269,  612,  712,  578,  662,  335,  623,  786,  772,  517,  504,  461,  660,  382,  536,  368,  760, 1003,  603,  579,  177,  109,  592,  456,  785,  881,   94,  781, 1054,  734,  619,  504,  513,  206,  208,  772,  481,  553,  680,   97,  262,  507,  260,  315,  585],
