{
    "name": "random-44-25804",
    "comment": "size=44 seed=25804",
    "nodes": ["+0", "-0", "+1", "-1", "+2", "-2", "+3", "-3", "+4", "-4", "+5", "-5", "+6", "-6", "+7", "-7", "+8", "-8", "+9", "-9", "+10", "-10", "+11", "-11", "+12", "-12", "+13", "-13", "+14", "-14", "+15", "-15", "+16", "-16", "+17", "-17", "+18", "-18", "+19", "-19", "+20", "-20", "+21", "-21", "+22", "-22", "+23", "-23", "+24", "-24", "+25", "-25", "+26", "-26", "+27", "-27", "+28", "-28", "+29", "-29", "+30", "-30", "+31", "-31", "+32", "-32", "+33", "-33", "+34", "-34", "+35", "-35", "+36", "-36", "+37", "-37", "+38", "-38", "+39", "-39", "+40", "-40", "+41", "-41", "+42", "-42", "+43", "-43", "+44", "-44"],
    "precedence": {
        "+0": "-0",
        "+1": "-1",
        "+2": "-2",
        "+3": "-3",
        "+4": "-4",
        "+5": "-5",
        "+6": "-6",
        "+7": "-7",
        "+8": "-8",
        "+9": "-9",
        "+10": "-10",
        "+11": "-11",
        "+12": "-12",
        "+13": "-13",
        "+14": "-14",
        "+15": "-15",
        "+16": "-16",
        "+17": "-17",
        "+18": "-18",
        "+19": "-19",
        "+20": "-20",
        "+21": "-21",
        "+22": "-22",
        "+23": "-23",
        "+24": "-24",
        "+25": "-25",
        "+26": "-26",
        "+27": "-27",
        "+28": "-28",
        "+29": "-29",
        "+30": "-30",
        "+31": "-31",
        "+32": "-32",
        "+33": "-33",
        "+34": "-34",
        "+35": "-35",
        "+36": "-36",
        "+37": "-37",
        "+38": "-38",
        "+39": "-39",
        "+40": "-40",
        "+41": "-41",
        "+42": "-42",
        "+43": "-43",
        "+44": "-44"
    },
    "edges": [
        [    0,    0,  440,  296,  542,  655,  435,  497,  718,  418,  709,  338,  306,  693,  671,  356,  809,  220,  504,  668,  706,  495,  837,  365,  800,  424,  531,  478,  591,  123,  600,  771,  808,  298,  823,  611,  697,  571,  259,  689,  305,  767,  839,  468,  369,  729,  688,  433, 1010,  681,   46,  747,  747,  935,  609,  174,  476,  143,  610,  562,  630,  285,  823,   91,  629,  537,  639,  223,  698,  237,  490,  720,  109,  642,  250,  156,  746,  692,  772,  140,  502,  299,  212,  714,  499,  646,  662,  277,  160,  535],
        [    0,    0,    0,    0,    0,    0,    0,    0,    0,    0,    0,    0,    0,    0,    0,    0,    0,    0,    0,    0,    0,    0,    0,    0,    0,    0,    0,    0,    0,    0,    0,    0,    0,    0,    0,    0,    0,    0,    0,    0,    0,    0,    0,    0,    0,    0,    0,    0,    0,    0,    0,    0,    0,    0,    0,    0,    0,    0,    0,    0,    0,    0,    0,    0,    0,    0,    0,    0,    0,    0,    0,    0,    0,    0,    0,    0,    0,    0,    0,    0,    0,    0,    0,    0,    0,    0,    0,    0,    0,    0],
        [  440,    0,    0,  316,  556,  832,  539,  109,  280,  514,  379,  187,  447,  563,  247,  460,  651,  502,  518,  678,  764,   56,  742,  325,  375,  307,  820,  312,  154,  513,  698,  354,  381,  306,  765,  526,  280,  701,  450,  369,  136,  479,  786,  142,   74,  291,  297,  757,  903,  278,  422,  729,  518,  841,  169,  492,   87,  555,  328,  122,  706,  372,  712,  398,  460,  552,  200,  517,  883,  530,  502,  987,  535,  248,  318,  549,  705,  858,  721,  331,  143,  147,  476,  863,  410,  773,  534,  220,  585,  309],
        [  296,    0,  316,    0,  291,  523,  233,  303,  570,  209,  438,  362,  132,  403,  468,  148,  518,  218,  250,  424,  490,  364,  559,   69,  586,  131,  508,  187,  423,  289,  406,  550,  596,   10,  557,  327,  482,  399,  483,  416,  237,  480,  575,  250,  254,  581,  451,  455,  733,  455,  253,  494,  452,  661,  446,  230,  393,  438,  332,  417,  422,  454,  541,  328,  334,  286,  469,  234,  573,  243,  233,  672,  403,  415,   47,  451,  483,  552,  507,  300,  287,  203,  193,  561,  207,  475,  371,  328,  373,  250],
        [  542,    0,  556,  291,    0,  317,  127,  495,  749,  133,  461,  646,  238,  212,  607,  187,  316,  356,   42,  133,  208,  590,  303,  244,  688,  250,  427,  260,  608,  477,  158,  648,  700,  297,  281,  128,  603,  184,  765,  438,  516,  430,  297,  436,  515,  759,  546,  442,  471,  565,  497,  207,  348,  396,  632,  399,  642,  672,  368,  623,  154,  744,  297,  599,  231,    6,  645,  364,  366,  359,   59,  524,  634,  532,  328,  693,  204,  332,  230,  584,  462,  482,  348,  326,  159,  237,  193,  618,  548,  304],
        [  655,    0,  832,  523,  317,    0,  293,  790, 1054,  318,  777,  875,  403,  492,  918,  375,  561,  437,  340,  283,  207,  874,  477,  508, 1004,  541,  224,  566,  909,  545,  164,  964, 1017,  532,  416,  430,  917,  136,  912,  754,  758,  736,  416,  730,  776, 1064,  861,  312,  587,  880,  618,  333,  645,  523,  933,  481,  913,  745,  685,  917,  186,  920,  496,  738,  542,  319,  949,  433,   52,  419,  352,  221,  710,  845,  538,  773,  369,   39,  388,  751,  761,  725,  449,   71,  470,   93,  486,  831,  579,  618],
        [  435,    0,  539,  233,  127,  293,    0,  501,  768,   25,  532,  593,  133,  332,  640,   90,  441,  234,  107,  236,  274,  581,  427,  215,  738,  255,  335,  289,  620,  358,  177,  699,  750,  242,  400,  243,  643,  166,  673,  508,  470,  523,  413,  441,  484,  778,  594,  328,  593,  608,  391,  317,  453,  517,  645,  279,  620,  558,  428,  626,  200,  663,  424,  501,  326,  123,  663,  241,  344,  235,  104,  467,  520,  571,  256,  580,  323,  320,  350,  496,  474,  436,  230,  328,  210,  242,  309,  554,  425,  350],
        [  497,    0,  109,  303,  495,  790,  501,    0,  270,  478,  270,  293,  433,  471,  176,  434,  552,  513,  461,  607,  699,  109,  649,  289,  304,  250,  808,  237,  121,  550,  646,  275,  312,  294,  678,  445,  200,  656,  547,  260,  209,  371,  699,   60,  145,  280,  199,  758,  806,  187,  471,  650,  412,  746,  145,  513,  181,  625,  222,  129,  648,  474,  618,  471,  366,  491,  167,  529,  841,  540,  446,  963,  600,  151,  321,  623,  623,  813,  637,  408,   38,  203,  487,  814,  339,  723,  444,  316,  628,  217],
        [  718,    0,  280,  570,  749, 1054,  768,  270,    0,  745,  381,  418,  701,  679,  160,  703,  731,  774,  719,  850,  946,  225,  848,  557,  197,  514, 1076,  491,  149,  793,  904,  208,  192,  561,  889,  678,  184,  919,  684,  389,  414,  491,  910,  328,  354,   11,  251, 1024,  982,  221,  702,  880,  573,  935,  125,  768,  252,  825,  410,  160,  902,  596,  812,  668,  579,  746,  106,  789, 1105,  802,  705, 1232,  808,  236,  584,  816,  847, 1075,  856,  600,  294,  426,  748, 1073,  591,  983,  659,  471,  865,  450],
        [  418,    0,  514,  209,  133,  318,   25,  478,  745,    0,  516,  569,  114,  330,  619,   67,  442,  223,  106,  251,  295,  557,  435,  191,  718,  233,  351,  270,  598,  345,  200,  679,  730,  218,  412,  241,  623,  191,  653,  492,  445,  512,  426,  418,  459,  755,  575,  338,  603,  588,  373,  331,  445,  528,  622,  267,  596,  543,  411,  603,  221,  641,  430,  482,  317,  128,  640,  231,  369,  227,   99,  488,  505,  551,  232,  565,  334,  345,  361,  475,  451,  412,  216,  353,  196,  266,  306,  531,  415,  332],
        [  709,    0,  379,  438,  461,  777,  532,  270,  381,  516,    0,  562,  531,  323,  224,  506,  353,  649,  445,  524,  624,  365,  476,  383,  246,  315,  866,  261,  297,  726,  614,  208,  258,  432,  525,  352,  198,  644,  807,   24,  463,  113,  545,  262,  407,  386,  130,  849,  602,  161,  673,  533,  194,  557,  311,  667,  440,  848,  109,  342,  600,  739,  439,  706,  239,  460,  301,  664,  824,  671,  438,  983,  817,  157,  478,  853,  495,  788,  499,  651,  242,  446,  626,  777,  322,  691,  312,  580,  810,  193],
        [  338,    0,  187,  362,  646,  875,  593,  293,  418,  569,  562,    0,  473,  703,  428,  504,  803,  478,  605,  777,  850,  222,  878,  403,  551,  415,  815,  442,  327,  443,  767,  534,  555,  354,  891,  649,  462,  758,  270,  550,  132,  657,  910,  307,  162,  427,  484,  733, 1047,  464,  339,  840,  684,  980,  335,  451,  168,  419,  498,  282,  783,  187,  852,  267,  606,  641,  366,  490,  925,  505,  588,  997,  408,  435,  339,  405,  823,  907,  843,  202,  321,  165,  456,  919,  524,  834,  672,   62,  497,  462],
        [  306,    0,  447,  132,  238,  403,  133,  433,  701,  114,  531,  473,    0,  410,  592,   51,  527,  131,  202,  363,  407,  496,  537,  154,  704,  219,  376,  270,  553,  244,  308,  667,  715,  142,  519,  323,  603,  290,  540,  507,  357,  550,  534,  377,  383,  711,  565,  330,  708,  572,  261,  442,  500,  633,  576,  167,  523,  435,  422,  549,  333,  531,  527,  369,  372,  232,  599,  144,  452,  146,  189,  541,  397,  533,  137,  455,  442,  435,  468,  364,  413,  326,  116,  449,  236,  367,  382,  430,  321,  338],
        [  693,    0,  563,  403,  212,  492,  332,  471,  679,  330,  323,  703,  410,    0,  522,  363,  117,  540,  226,  215,  312,  579,  179,  336,  568,  295,  635,  261,  559,  653,  332,  530,  581,  404,  211,   90,  506,  375,  880,  306,  574,  253,  232,  423,  547,  687,  439,  653,  345,  466,  648,  211,  155,  279,  580,  577,  646,  832,  270,  589,  307,  839,  150,  730,  105,  215,  583,  551,  533,  549,  232,  710,  795,  444,  449,  848,  173,  494,  178,  698,  433,  543,  526,  477,  196,  400,   32,  692,  731,  255],
        [  671,    0,  247,  468,  607,  918,  640,  176,  160,  619,  224,  428,  592,  522,    0,  585,  572,  683,  579,  699,  797,  206,  689,  440,  130,  387,  962,  353,  103,  725,  763,  107,  137,  459,  731,  526,   38,  783,  696,  230,  375,  336,  752,  220,  309,  166,   95,  921,  823,   64,  646,  725,  414,  776,  105,  686,  271,  795,  254,  153,  758,  615,  653,  640,  423,  604,   84,  699,  968,  709,  567, 1106,  772,   78,  492,  792,  691,  936,  699,  575,  182,  374,  658,  932,  449,  842,  503,  466,  804,  303],
        [  356,    0,  460,  148,  187,  375,   90,  434,  703,   67,  506,  504,   51,  363,  585,    0,  479,  177,  151,  313,  361,  506,  486,  146,  692,  202,  377,  248,  555,  294,  266,  654,  703,  157,  468,  274,  593,  254,  587,  482,  383,  516,  483,  376,  402,  713,  550,  345,  657,  560,  311,  391,  460,  582,  579,  216,  540,  486,  398,  555,  288,  574,  477,  417,  331,  182,  599,  188,  426,  188,  139,  531,  448,  522,  166,  506,  391,  405,  417,  408,  411,  350,  165,  415,  198,  331,  335,  465,  369,  315],
        [  809,    0,  651,  518,  316,  561,  441,  552,  731,  442,  353,  803,  527,  117,  572,  479,    0,  656,  337,  279,  362,  660,  130,  450,  593,  405,  726,  365,  625,  770,  411,  558,  605,  518,  191,  205,  549,  459,  992,  343,  677,  255,  208,  510,  644,  737,  481,  755,  256,  511,  765,  239,  160,  205,  644,  693,  731,  949,  335,  661,  379,  947,   92,  845,  198,  320,  642,  666,  596,  664,  345,  781,  912,  497,  564,  964,  198,  556,  187,  811,  514,  647,  642,  533,  312,  469,  148,  797,  847,  344],
        [  220,    0,  502,  218,  356,  437,  234,  513,  774,  223,  649,  478,  131,  540,  683,  177,  656,    0,  324,  469,  495,  555,  658,  267,  803,  335,  338,  390,  629,  124,  387,  767,  813,  227,  634,  451,  699,  354,  476,  626,  387,  677,  647,  464,  431,  785,  669,  259,  826,  672,  182,  551,  630,  750,  651,   48,  566,  327,  541,  616,  419,  488,  651,  302,  502,  351,  677,   16,  481,   29,  314,  523,  290,  632,  193,  352,  557,  474,  583,  321,  502,  362,   26,  495,  366,  428,  512,  424,  194,  457],
        [  504,    0,  518,  250,   42,  340,  107,  461,  719,  106,  445,  605,  202,  226,  579,  151,  337,  324,    0,  175,  248,  554,  336,  203,  666,  213,  429,  229,  576,  444,  186,  626,  678,  256,  319,  137,  578,  204,  725,  422,  475,  424,  335,  401,  475,  728,  523,  433,  507,  540,  459,  247,  349,  431,  600,  365,  604,  636,  348,  589,  188,  702,  327,  559,  226,   37,  614,  333,  390,  330,   18,  539,  598,  506,  287,  656,  242,  358,  268,  543,  429,  441,  314,  355,  131,  265,  203,  576,  517,  278],
        [  668,    0,  678,  424,  133,  283,  236,  607,  850,  251,  524,  777,  363,  215,  699,  313,  279,  469,  175,    0,  101,  708,  213,  375,  765,  373,  456,  371,  714,  593,  136,  725,  777,  430,  170,  175,  690,  186,  896,  504,  647,  466,  181,  550,  641,  858,  627,  499,  364,  650,  623,   83,  369,  290,  737,  515,  764,  793,  449,  735,  101,  876,  224,  728,  286,  139,  747,  475,  321,  468,  192,  503,  755,  622,  460,  815,   99,  282,  125,  715,  572,  613,  465,  263,  270,  191,  216,  750,  658,  401],
        [  706,    0,  764,  490,  208,  207,  274,  699,  946,  295,  624,  850,  407,  312,  797,  361,  362,  495,  248,  101,    0,  797,  271,  450,  865,  457,  408,  462,  809,  618,  111,  825,  877,  497,  211,  275,  789,  156,  947,  604,  721,  565,  211,  641,  722,  955,  727,  470,  389,  750,  662,  128,  467,  321,  832,  542,  849,  822,  548,  827,   77,  934,  292,  774,  386,  213,  843,  497,  236,  488,  265,  424,  784,  720,  521,  846,  165,  196,  183,  769,  665,  687,  496,  171,  360,  120,  315,  818,  673,  497],
        [  495,    0,   56,  364,  590,  874,  581,  109,  225,  557,  365,  222,  496,  579,  206,  506,  660,  555,  554,  708,  797,    0,  758,  367,  330,  341,  870,  338,  106,  568,  736,  312,  335,  354,  785,  550,  241,  742,  491,  358,  190,  471,  806,  160,  129,  236,  268,  810,  914,  245,  477,  755,  519,  855,  118,  546,   76,  607,  329,   68,  742,  409,  726,  450,  475,  586,  149,  570,  925,  583,  538, 1035,  587,  221,  369,  600,  728,  899,  743,  382,  147,  202,  530,  903,  439,  813,  552,  263,  640,  325],
        [  837,    0,  742,  559,  303,  477,  427,  649,  848,  435,  476,  878,  537,  179,  689,  486,  130,  658,  336,  213,  271,  758,    0,  496,  719,  465,  666,  437,  733,  779,  346,  683,  731,  562,   68,  234,  669,  397, 1042,  463,  748,  382,   81,  602,  724,  854,  601,  711,  175,  630,  791,  145,  284,  103,  754,  700,  825,  971,  443,  766,  309, 1007,   38,  884,  283,  308,  755,  666,  505,  661,  349,  694,  933,  613,  603,  990,  115,  465,   91,  859,  611,  716,  649,  437,  360,  388,  208,  864,  850,  434],
        [  365,    0,  325,   69,  244,  508,  215,  289,  557,  191,  383,  403,  154,  336,  440,  146,  450,  267,  203,  375,  450,  367,  496,    0,  550,   69,  523,  124,  409,  351,  375,  513,  561,   69,  498,  263,  450,  377,  546,  360,  273,  416,  517,  230,  274,  568,  411,  483,  670,  419,  322,  440,  385,  598,  433,  286,  408,  506,  275,  412,  386,  512,  477,  395,  265,  239,  453,  282,  559,  288,  186,  675,  471,  379,  116,  519,  426,  534,  448,  364,  265,  239,  244,  539,  140,  449,  304,  377,  435,  191],
        [  800,    0,  375,  586,  688, 1004,  738,  304,  197,  718,  246,  551,  704,  568,  130,  692,  593,  803,  666,  765,  865,  330,  719,  550,    0,  491, 1067,  449,  225,  850,  845,   40,   13,  577,  770,  591,  105,  869,  821,  263,  504,  340,  790,  342,  438,  196,  144, 1033,  833,  132,  774,  778,  435,  795,  218,  808,  389,  925,  320,  270,  835,  738,  682,  769,  480,  686,  188,  818, 1053,  828,  655, 1201,  901,  172,  613,  921,  741, 1019,  745,  704,  305,  503,  777, 1011,  536,  923,  555,  593,  930,  389],
        [  424,    0,  307,  131,  250,  541,  255,  250,  514,  233,  315,  415,  219,  295,  387,  202,  405,  335,  213,  373,  457,  341,  465,   69,  491,    0,  577,   57,  368,  418,  397,  453,  502,  127,  476,  234,  392,  407,  588,  292,  284,  350,  495,  190,  270,  524,  349,  545,  637,  360,  382,  428,  324,  567,  392,  355,  393,  566,  207,  377,  401,  545,  442,  446,  212,  246,  409,  350,  592,  356,  198,  721,  531,  321,  176,  577,  408,  564,  428,  408,  221,  252,  312,  565,  109,  474,  263,  399,  502,  123],
        [  531,    0,  820,  508,  427,  224,  335,  808, 1076,  351,  866,  815,  376,  635,  962,  377,  726,  338,  429,  456,  408,  870,  666,  523, 1067,  577,    0,  619,  928,  409,  321, 1028, 1078,  518,  614,  555,  969,  271,  787,  842,  717,  853,  617,  751,  753, 1087,  924,  109,  796,  936,  504,  524,  774,  728,  952,  370,  892,  587,  762,  925,  358,  814,  679,  621,  654,  426,  974,  327,  236,  311,  432,  190,  556,  898,  503,  617,  552,  257,  576,  652,  787,  689,  360,  292,  545,  290,  619,  761,  415,  683],
        [  478,    0,  312,  187,  260,  566,  289,  237,  491,  270,  261,  442,  270,  261,  353,  248,  365,  390,  229,  371,  462,  338,  437,  124,  449,   57,  619,    0,  348,  474,  414,  410,  461,  183,  455,  215,  355,  430,  631,  238,  313,  293,  476,  180,  288,  500,  306,  592,  606,  320,  437,  418,  272,  539,  372,  410,  397,  620,  153,  365,  413,  583,  411,  496,  168,  257,  386,  404,  616,  410,  215,  754,  586,  283,  231,  630,  393,  585,  410,  454,  203,  283,  367,  583,  103,  493,  230,  432,  558,   68],
        [  591,    0,  154,  423,  608,  909,  620,  121,  149,  598,  297,  327,  553,  559,  103,  555,  625,  629,  576,  714,  809,  106,  733,  409,  225,  368,  928,  348,    0,  656,  761,  208,  229,  413,  769,  546,  140,  774,  596,  296,  288,  408,  790,  180,  223,  159,  181,  877,  880,  153,  570,  750,  473,  826,   25,  626,  168,  709,  291,   50,  761,  514,  699,  552,  455,  604,   49,  645,  959,  657,  561, 1084,  688,  141,  438,  703,  720,  930,  732,  485,  148,  293,  603,  930,  450,  839,  535,  369,  732,  315],
        [  123,    0,  513,  289,  477,  545,  358,  550,  793,  345,  726,  443,  244,  653,  725,  294,  770,  124,  444,  593,  618,  568,  779,  351,  850,  418,  409,  474,  656,    0,  509,  818,  859,  295,  756,  566,  746,  474,  379,  704,  383,  767,  770,  509,  440,  804,  726,  310,  948,  724,  105,  675,  731,  873,  676,   79,  563,  205,  620,  634,  542,  408,  770,  214,  606,  472,  704,  121,  585,  131,  432,  599,  168,  684,  249,  231,  679,  583,  706,  255,  546,  367,  130,  607,  470,  545,  624,  383,   85,  539],
        [  600,    0,  698,  406,  158,  164,  177,  646,  904,  200,  614,  767,  308,  332,  763,  266,  411,  387,  186,  136,  111,  736,  346,  375,  845,  397,  321,  414,  761,  509,    0,  805,  857,  414,  297,  267,  760,   51,  846,  592,  641,  574,  303,  586,  649,  914,  703,  370,  486,  722,  558,  206,  483,  414,  785,  434,  782,  713,  525,  774,   40,  838,  359,  672,  379,  160,  799,  388,  210,  378,  201,  379,  675,  689,  431,  738,  232,  175,  257,  671,  614,  607,  389,  170,  315,   80,  324,  730,  563,  461],
        [  771,    0,  354,  550,  648,  964,  699,  275,  208,  679,  208,  534,  667,  530,  107,  654,  558,  767,  626,  725,  825,  312,  683,  513,   40,  453, 1028,  410,  208,  818,  805,    0,   53,  541,  733,  551,   76,  830,  802,  225,  479,  306,  753,  310,  413,  209,  105,  996,  800,   95,  744,  739,  399,  761,  205,  774,  376,  898,  281,  256,  795,  721,  645,  744,  440,  646,  179,  783, 1013,  793,  616, 1162,  873,  136,  578,  896,  702,  979,  707,  679,  272,  476,  742,  971,  496,  883,  517,  572,  899,  350],
        [  808,    0,  381,  596,  700, 1017,  750,  312,  192,  730,  258,  555,  715,  581,  137,  703,  605,  813,  678,  777,  877,  335,  731,  561,   13,  502, 1078,  461,  229,  859,  857,   53,    0,  587,  782,  603,  115,  882,  825,  276,  510,  352,  802,  352,  444,  191,  156, 1044,  844,  143,  782,  791,  448,  807,  221,  818,  392,  931,  333,  274,  847,  741,  694,  776,  492,  698,  191,  828, 1065,  838,  668, 1213,  908,  183,  622,  927,  753, 1031,  757,  710,  314,  510,  787, 1023,  548,  936,  568,  597,  939,  401],
        [  298,    0,  306,   10,  297,  532,  242,  294,  561,  218,  432,  354,  142,  404,  459,  157,  518,  227,  256,  430,  497,  354,  562,   69,  577,  127,  518,  183,  413,  295,  414,  541,  587,    0,  561,  329,  473,  408,  480,  410,  228,  475,  579,  240,  245,  571,  443,  465,  736,  446,  256,  499,  450,  663,  436,  237,  384,  440,  326,  407,  429,  450,  543,  327,  333,  292,  460,  242,  583,  252,  238,  682,  405,  406,   49,  452,  488,  561,  511,  297,  278,  195,  202,  570,  208,  483,  372,  321,  379,  245],
        [  823,    0,  765,  557,  281,  416,  400,  678,  889,  412,  525,  891,  519,  211,  731,  468,  191,  634,  319,  170,  211,  785,   68,  498,  770,  476,  614,  455,  769,  756,  297,  733,  782,  561,    0,  242,  714,  348, 1039,  510,  759,  438,   22,  627,  741,  897,  647,  665,  195,  674,  778,   91,  337,  120,  790,  678,  850,  953,  481,  799,  258, 1009,  101,  876,  315,  287,  793,  640,  442,  634,  334,  631,  915,  654,  599,  974,   78,  402,   52,  856,  640,  727,  627,  374,  368,  330,  235,  872,  824,  461],
        [  611,    0,  526,  327,  128,  430,  243,  445,  678,  241,  352,  649,  323,   90,  526,  274,  205,  451,  137,  175,  275,  550,  234,  263,  591,  234,  555,  215,  546,  566,  267,  551,  603,  329,  242,    0,  516,  304,  808,  331,  518,  307,  263,  391,  500,  686,  453,  567,  408,  476,  566,  206,  221,  336,  568,  489,  611,  748,  274,  570,  249,  773,  215,  653,  114,  130,  576,  462,  475,  460,  142,  644,  711,  448,  371,  765,  179,  438,  196,  626,  408,  485,  438,  426,  127,  342,   67,  632,  643,  231],
        [  697,    0,  280,  482,  603,  917,  643,  200,  184,  623,  198,  462,  603,  506,   38,  593,  549,  699,  578,  690,  789,  241,  669,  450,  105,  392,  969,  355,  140,  746,  760,   76,  115,  473,  714,  516,    0,  781,  729,  207,  404,  308,  735,  238,  338,  189,   69,  932,  799,   40,  670,  712,  391,  753,  142,  704,  307,  823,  242,  190,  753,  649,  633,  669,  409,  601,  120,  714,  967,  725,  566, 1109,  799,   73,  508,  820,  676,  934,  684,  604,  200,  401,  673,  928,  447,  839,  489,  499,  826,  300],
        [  571,    0,  701,  399,  184,  136,  166,  656,  919,  191,  644,  758,  290,  375,  783,  254,  459,  354,  204,  186,  156,  742,  397,  377,  869,  407,  271,  430,  774,  474,   51,  830,  882,  408,  348,  304,  781,    0,  821,  622,  635,  610,  353,  596,  648,  929,  726,  319,  536,  744,  530,  257,  523,  465,  798,  401,  784,  678,  551,  783,   90,  819,  409,  646,  413,  185,  814,  354,  186,  343,  216,  341,  641,  710,  420,  704,  283,  157,  308,  650,  627,  602,  359,  163,  335,   78,  364,  718,  524,  482],
        [  259,    0,  450,  483,  765,  912,  673,  547,  684,  653,  807,  270,  540,  880,  696,  587,  992,  476,  725,  896,  947,  491, 1042,  546,  821,  588,  787,  631,  596,  379,  846,  802,  825,  480, 1039,  808,  729,  821,    0,  792,  344,  890, 1056,  545,  403,  693,  744,  685, 1216,  727,  295,  971,  897, 1143,  605,  432,  437,  233,  727,  552,  872,   90, 1023,  175,  797,  760,  636,  481,  955,  495,  708,  976,  248,  696,  441,  206,  964,  949,  988,  184,  568,  363,  465,  969,  685,  897,  848,  232,  386,  671],
        [  689,    0,  369,  416,  438,  754,  508,  260,  389,  492,   24,  550,  507,  306,  230,  482,  343,  626,  422,  504,  604,  358,  463,  360,  263,  292,  842,  238,  296,  704,  592,  225,  276,  410,  510,  331,  207,  622,  792,    0,  448,  114,  531,  247,  393,  395,  139,  825,  594,  169,  652,  515,  185,  547,  312,  644,  433,  828,   86,  340,  579,  725,  427,  688,  219,  437,  305,  641,  802,  647,  415,  960,  797,  159,  456,  833,  478,  766,  483,  633,  229,  430,  603,  755,  298,  670,  293,  566,  788,  170],
        [  305,    0,  136,  237,  516,  758,  470,  209,  414,  445,  463,  132,  357,  574,  375,  383,  677,  387,  475,  647,  721,  190,  748,  273,  504,  284,  717,  313,  288,  383,  641,  479,  510,  228,  759,  518,  404,  635,  344,  448,    0,  549,  779,  202,   67,  425,  408,  645,  918,  395,  289,  709,  565,  850,  304,  370,  182,  422,  386,  257,  656,  280,  723,  266,  479,  511,  334,  401,  808,  415,  458,  893,  400,  360,  221,  418,  691,  788,  712,  201,  226,   35,  362,  797,  392,  711,  543,  122,  452,  339],
        [  767,    0,  479,  480,  430,  736,  523,  371,  491,  512,  113,  657,  550,  253,  336,  516,  255,  677,  424,  466,  565,  471,  382,  416,  340,  350,  853,  293,  408,  767,  574,  306,  352,  475,  438,  307,  308,  610,  890,  114,  549,    0,  457,  351,  498,  496,  241,  850,  495,  272,  728,  460,  102,  456,  423,  701,  546,  909,  164,  453,  553,  828,  345,  775,  200,  430,  414,  690,  780,  695,  421,  950,  876,  269,  524,  916,  420,  742,  419,  725,  338,  528,  656,  727,  320,  647,  252,  669,  851,  233],
        [  839,    0,  786,  575,  297,  416,  413,  699,  910,  426,  545,  910,  534,  232,  752,  483,  208,  647,  335,  181,  211,  806,   81,  517,  790,  495,  617,  476,  790,  770,  303,  753,  802,  579,   22,  263,  735,  353, 1056,  531,  779,  457,    0,  648,  762,  917,  667,  672,  185,  695,  793,   99,  357,  112,  811,  691,  870,  968,  502,  820,  264, 1028,  117,  893,  336,  302,  814,  653,  439,  647,  350,  628,  930,  675,  616,  989,   93,  400,   69,  874,  661,  746,  641,  370,  387,  331,  256,  891,  837,  482],
        [  468,    0,  142,  250,  436,  730,  441,   60,  328,  418,  262,  307,  377,  423,  220,  376,  510,  464,  401,  550,  641,  160,  602,  230,  342,  190,  751,  180,  180,  509,  586,  310,  352,  240,  627,  391,  238,  596,  545,  247,  202,  351,  648,    0,  147,  338,  221,  704,  762,  216,  437,  596,  379,  700,  204,  467,  224,  600,  192,  188,  589,  479,  571,  452,  319,  432,  224,  479,  781,  490,  386,  904,  573,  176,  272,  602,  569,  753,  584,  392,   39,  186,  438,  754,  281,  664,  395,  319,  590,  169],
        [  369,    0,   74,  254,  515,  776,  484,  145,  354,  459,  407,  162,  383,  547,  309,  402,  644,  431,  475,  641,  722,  129,  724,  274,  438,  270,  753,  288,  223,  440,  649,  413,  444,  245,  741,  500,  338,  648,  403,  393,   67,  498,  762,  147,    0,  365,  344,  687,  891,  330,  349,  698,  522,  825,  240,  419,  140,  488,  338,  195,  660,  333,  697,  332,  448,  510,  270,  445,  826,  459,  458,  924,  466,  295,  251,  484,  677,  804,  695,  267,  166,   73,  405,  811,  377,  722,  517,  174,  512,  301],
        [  729,    0,  291,  581,  759, 1064,  778,  280,   11,  755,  386,  427,  711,  687,  166,  713,  737,  785,  728,  858,  955,  236,  854,  568,  196,  524, 1087,  500,  159,  804,  914,  209,  191,  571,  897,  686,  189,  929,  693,  395,  425,  496,  917,  338,  365,    0,  257, 1035,  987,  227,  713,  888,  579,  941,  136,  779,  262,  836,  417,  171,  912,  605,  818,  679,  586,  756,  116,  800, 1115,  812,  715, 1242,  819,  243,  594,  826,  854, 1085,  863,  611,  304,  437,  759, 1083,  600,  993,  667,  480,  876,  458],
        [  688,    0,  297,  451,  546,  861,  594,  199,  251,  575,  130,  484,  565,  439,   95,  550,  481,  669,  523,  627,  727,  268,  601,  411,  144,  349,  924,  306,  181,  726,  703,  105,  156,  443,  647,  453,   69,  726,  744,  139,  408,  241,  667,  221,  344,  257,    0,  893,  731,   32,  657,  646,  323,  685,  190,  678,  341,  819,  180,  230,  694,  668,  565,  668,  345,  544,  176,  685,  910,  694,  512, 1058,  793,   49,  482,  819,  611,  877,  617,  606,  187,  399,  644,  870,  392,  781,  423,  513,  808,  246],
        [  433,    0,  757,  455,  442,  312,  328,  758, 1024,  338,  849,  733,  330,  653,  921,  345,  755,  259,  433,  499,  470,  810,  711,  483, 1033,  545,  109,  592,  877,  310,  370,  996, 1044,  465,  665,  567,  932,  319,  685,  825,  645,  850,  672,  704,  687, 1035,  893,    0,  855,  901,  410,  574,  781,  783,  900,  283,  824,  480,  742,  868,  408,  718,  718,  524,  654,  439,  924,  245,  334,  231,  432,  294,  451,  862,  442,  511,  597,  348,  623,  560,  741,  620,  284,  382,  532,  359,  633,  677,  308,  659],
        [ 1010,    0,  903,  733,  471,  587,  593,  806,  982,  603,  602, 1047,  708,  345,  823,  657,  256,  826,  507,  364,  389,  914,  175,  670,  833,  637,  796,  606,  880,  948,  486,  800,  844,  736,  195,  408,  799,  536, 1216,  594,  918,  495,  185,  762,  891,  987,  731,  855,    0,  761,  964,  284,  410,   76,  898,  869,  984, 1142,  590,  916,  447, 1180,  196, 1058,  444,  477,  895,  833,  603,  827,  520,  790, 1104,  750,  777, 1162,  270,  566,  243, 1033,  768,  887,  819,  533,  533,  507,  376, 1035, 1017,  594],
        [  681,    0,  278,  455,  565,  880,  608,  187,  221,  588,  161,  464,  572,  466,   64,  560,  511,  672,  540,  650,  750,  245,  630,  419,  132,  360,  936,  320,  153,  724,  722,   95,  143,  446,  674,  476,   40,  744,  727,  169,  395,  272,  695,  216,  330,  227,   32,  901,  761,    0,  652,  672,  353,  715,  161,  679,  316,  811,  202,  203,  714,  650,  594,  658,  370,  563,  145,  688,  929,  698,  529, 1073,  785,   41,  483,  809,  637,  896,  644,  595,  180,  389,  647,  890,  410,  801,  449,  496,  805,  263],
        [   46,    0,  422,  253,  497,  618,  391,  471,  702,  373,  673,  339,  261,  648,  646,  311,  765,  182,  459,  623,  662,  477,  791,  322,  774,  382,  504,  437,  570,  105,  558,  744,  782,  256,  778,  566,  670,  530,  295,  652,  289,  728,  793,  437,  349,  713,  657,  410,  964,  652,    0,  702,  705,  889,  589,  139,  465,  185,  572,  544,  587,  311,  778,  121,  586,  492,  618,  187,  661,  202,  445,  693,  150,  613,  207,  200,  701,  654,  726,  151,  473,  277,  171,  676,  455,  605,  617,  278,  165,  496],
        [  747,    0,  729,  494,  207,  333,  317,  650,  880,  331,  533,  840,  442,  211,  725,  391,  239,  551,  247,   83,  128,  755,  145,  440,  778,  428,  524,  418,  750,  675,  206,  739,  791,  499,   91,  206,  712,  257,  971,  515,  709,  460,   99,  596,  698,  888,  646,  574,  284,  672,  702,    0,  360,  210,  773,  596,  815,  874,  472,  776,  168,  948,  165,  805,  303,  212,  779,  557,  363,  550,  264,  551,  836,  647,  533,  896,   42,  323,   56,  789,  614,  675,  546,  297,  321,  243,  224,  816,  740,  436],
        [  747,    0,  518,  452,  348,  645,  453,  412,  573,  445,  194,  684,  500,  155,  414,  460,  160,  630,  349,  369,  467,  519,  284,  385,  435,  324,  774,  272,  473,  731,  483,  399,  448,  450,  337,  221,  391,  523,  897,  185,  565,  102,  357,  379,  522,  579,  323,  781,  410,  353,  705,  360,    0,  364,  491,  660,  593,  889,  191,  513,  460,  843,  247,  767,  130,  349,  486,  643,  687,  645,  349,  861,  854,  341,  498,  900,  319,  648,  318,  723,  376,  539,  612,  631,  265,  554,  159,  686,  814,  227],
        [  935,    0,  841,  661,  396,  523,  517,  746,  935,  528,  557,  980,  633,  279,  776,  582,  205,  750,  431,  290,  321,  855,  103,  598,  795,  567,  728,  539,  826,  873,  414,  761,  807,  663,  120,  336,  753,  465, 1143,  547,  850,  456,  112,  700,  825,  941,  685,  783,   76,  715,  889,  210,  364,    0,  846,  794,  923, 1067,  535,  861,  375, 1109,  130,  984,  381,  401,  845,  757,  543,  752,  445,  731, 1029,  701,  704, 1087,  195,  505,  168,  960,  708,  818,  743,  473,  462,  440,  309,  966,  942,  532],
        [  609,    0,  169,  446,  632,  933,  645,  145,  125,  622,  311,  335,  576,  580,  105,  579,  644,  651,  600,  737,  832,  118,  754,  433,  218,  392,  952,  372,   25,  676,  785,  205,  221,  436,  790,  568,  142,  798,  605,  312,  304,  423,  811,  204,  240,  136,  190,  900,  898,  161,  589,  773,  491,  846,    0,  647,  172,  724,  312,   53,  785,  521,  719,  566,  476,  628,   32,  667,  984,  679,  585, 1108,  703,  154,  460,  717,  742,  954,  753,  499,  172,  312,  625,  954,  474,  864,  557,  380,  751,  338],
        [  174,    0,  492,  230,  399,  481,  279,  513,  768,  267,  667,  451,  167,  577,  686,  216,  693,   48,  365,  515,  542,  546,  700,  286,  808,  355,  370,  410,  626,   79,  434,  774,  818,  237,  678,  489,  704,  401,  432,  644,  370,  701,  691,  467,  419,  779,  678,  283,  869,  679,  139,  596,  660,  794,  647,    0,  551,  281,  560,  609,  466,  448,  692,  259,  533,  393,  674,   49,  524,   64,  354,  557,  243,  639,  197,  305,  601,  518,  627,  283,  505,  348,   52,  541,  397,  474,  548,  395,  155,  477],
        [  476,    0,   87,  393,  642,  913,  620,  181,  252,  596,  440,  168,  523,  646,  271,  540,  731,  566,  604,  764,  849,   76,  825,  408,  389,  393,  892,  397,  168,  563,  782,  376,  392,  384,  850,  611,  307,  784,  437,  433,  182,  546,  870,  224,  140,  262,  341,  824,  984,  316,  465,  815,  593,  923,  172,  551,    0,  576,  402,  120,  791,  351,  794,  419,  543,  637,  202,  580,  964,  594,  587, 1063,  560,  295,  390,  565,  790,  940,  806,  351,  218,  205,  541,  946,  496,  857,  618,  219,  629,  392],
        [  143,    0,  555,  438,  672,  745,  558,  625,  825,  543,  848,  419,  435,  832,  795,  486,  949,  327,  636,  793,  822,  607,  971,  506,  925,  566,  587,  620,  709,  205,  713,  898,  931,  440,  953,  748,  823,  678,  233,  828,  422,  909,  968,  600,  488,  836,  819,  480, 1142,  811,  185,  874,  889, 1067,  724,  281,  576,    0,  750,  674,  746,  300,  959,  158,  771,  667,  754,  325,  783,  336,  623,  774,   39,  773,  391,   32,  876,  783,  902,  226,  633,  423,  328,  809,  640,  749,  801,  360,  173,  677],
        [  610,    0,  328,  332,  368,  685,  428,  222,  410,  411,  109,  498,  422,  270,  254,  398,  335,  541,  348,  449,  548,  329,  443,  275,  320,  207,  762,  153,  291,  620,  525,  281,  333,  326,  481,  274,  242,  551,  727,   86,  386,  164,  502,  192,  338,  417,  180,  742,  590,  202,  572,  472,  191,  535,  312,  560,  402,  750,    0,  327,  515,  666,  408,  614,  170,  367,  313,  556,  733,  562,  339,  886,  718,  176,  372,  757,  438,  699,  447,  562,  186,  364,  518,  691,  220,  603,  250,  507,  704,   85],
        [  562,    0,  122,  417,  623,  917,  626,  129,  160,  603,  342,  282,  549,  589,  153,  555,  661,  616,  589,  735,  827,   68,  766,  412,  270,  377,  925,  365,   50,  634,  774,  256,  274,  407,  799,  570,  190,  783,  552,  340,  257,  453,  820,  188,  195,  171,  230,  868,  916,  203,  544,  776,  513,  861,   53,  609,  120,  674,  327,    0,  776,  468,  733,  517,  485,  620,   84,  631,  968,  644,  574, 1085,  655,  188,  427,  667,  746,  940,  760,  449,  163,  267,  590,  942,  468,  851,  565,  328,  707,  340],
        [  630,    0,  706,  422,  154,  186,  200,  648,  902,  221,  600,  783,  333,  307,  758,  288,  379,  419,  188,  101,   77,  742,  309,  386,  835,  401,  358,  413,  761,  542,   40,  795,  847,  429,  258,  249,  753,   90,  872,  579,  656,  553,  264,  589,  660,  912,  694,  408,  447,  714,  587,  168,  460,  375,  785,  466,  791,  746,  515,  776,    0,  862,  323,  699,  363,  157,  798,  421,  228,  412,  204,  405,  708,  683,  451,  770,  196,  189,  219,  696,  615,  622,  420,  177,  312,   94,  302,  748,  598,  456],
        [  285,    0,  372,  454,  744,  920,  663,  474,  596,  641,  739,  187,  531,  839,  615,  574,  947,  488,  702,  876,  934,  409, 1007,  512,  738,  545,  814,  583,  514,  408,  838,  721,  741,  450, 1009,  773,  649,  819,   90,  725,  280,  828, 1028,  479,  333,  605,  668,  718, 1180,  650,  311,  948,  843, 1109,  521,  448,  351,  300,  666,  468,  862,    0,  985,  195,  751,  738,  551,  495,  965,  510,  685, 1003,  305,  620,  416,  276,  937,  955,  959,  169,  498,  305,  473,  973,  648,  896,  807,  160,  432,  616],
        [  823,    0,  712,  541,  297,  496,  424,  618,  812,  430,  439,  852,  527,  150,  653,  477,   92,  651,  327,  224,  292,  726,   38,  477,  682,  442,  679,  411,  699,  770,  359,  645,  694,  543,  101,  215,  633,  409, 1023,  427,  723,  345,  117,  571,  697,  818,  565,  718,  196,  594,  778,  165,  247,  130,  719,  692,  794,  959,  408,  733,  323,  985,    0,  868,  252,  302,  720,  660,  527,  656,  339,  715,  921,  577,  586,  977,  129,  487,  109,  840,  580,  691,  641,  461,  338,  406,  181,  840,  844,  403],
        [   91,    0,  398,  328,  599,  738,  501,  471,  668,  482,  706,  267,  369,  730,  640,  417,  845,  302,  559,  728,  774,  450,  884,  395,  769,  446,  621,  496,  552,  214,  672,  744,  776,  327,  876,  653,  669,  646,  175,  688,  266,  775,  893,  452,  332,  679,  668,  524, 1058,  658,  121,  805,  767,  984,  566,  259,  419,  158,  614,  517,  699,  195,  868,    0,  657,  593,  597,  307,  782,  322,  543,  810,  142,  621,  283,  153,  800,  774,  825,   69,  483,  269,  290,  795,  534,  723,  699,  206,  243,  546],
        [  629,    0,  460,  334,  231,  542,  326,  366,  579,  317,  239,  606,  372,  105,  423,  331,  198,  502,  226,  286,  386,  475,  283,  265,  480,  212,  654,  168,  455,  606,  379,  440,  492,  333,  315,  114,  409,  413,  797,  219,  479,  200,  336,  319,  448,  586,  345,  654,  444,  370,  586,  303,  130,  381,  476,  533,  543,  771,  170,  485,  363,  751,  252,  657,    0,  231,  480,  515,  588,  517,  224,  754,  735,  345,  380,  784,  269,  551,  278,  618,  329,  450,  485,  539,  137,  455,   81,  599,  687,  151],
        [  537,    0,  552,  286,    6,  319,  123,  491,  746,  128,  460,  641,  232,  215,  604,  182,  320,  351,   37,  139,  213,  586,  308,  239,  686,  246,  426,  257,  604,  472,  160,  646,  698,  292,  287,  130,  601,  185,  760,  437,  511,  430,  302,  432,  510,  756,  544,  439,  477,  563,  492,  212,  349,  401,  628,  393,  637,  667,  367,  620,  157,  738,  302,  593,  231,    0,  641,  358,  367,  354,   54,  524,  629,  529,  322,  687,  210,  334,  236,  578,  458,  477,  342,  329,  156,  239,  196,  612,  543,  301],
        [  639,    0,  200,  469,  645,  949,  663,  167,  106,  640,  301,  366,  599,  583,   84,  599,  642,  677,  614,  747,  843,  149,  755,  453,  188,  409,  974,  386,   49,  704,  799,  179,  191,  460,  793,  576,  120,  814,  636,  305,  334,  414,  814,  224,  270,  116,  176,  924,  895,  145,  618,  779,  486,  845,   32,  674,  202,  754,  313,   84,  798,  551,  720,  597,  480,  641,    0,  692, 1000,  704,  600, 1127,  734,  146,  485,  748,  747,  970,  758,  530,  189,  341,  651,  968,  486,  878,  561,  411,  780,  347],
        [  223,    0,  517,  234,  364,  433,  241,  529,  789,  231,  664,  490,  144,  551,  699,  188,  666,   16,  333,  475,  497,  570,  666,  282,  818,  350,  327,  404,  645,  121,  388,  783,  828,  242,  640,  462,  714,  354,  481,  641,  401,  690,  653,  479,  445,  800,  685,  245,  833,  688,  187,  557,  643,  757,  667,   49,  580,  325,  556,  631,  421,  495,  660,  307,  515,  358,  692,    0,  475,   16,  323,  513,  288,  648,  208,  351,  563,  470,  590,  329,  517,  376,   42,  492,  379,  427,  523,  435,  185,  472],
        [  698,    0,  883,  573,  366,   52,  344,  841, 1105,  369,  824,  925,  452,  533,  968,  426,  596,  481,  390,  321,  236,  925,  505,  559, 1053,  592,  236,  616,  959,  585,  210, 1013, 1065,  583,  442,  475,  967,  186,  955,  802,  808,  780,  439,  781,  826, 1115,  910,  334,  603,  929,  661,  363,  687,  543,  984,  524,  964,  783,  733,  968,  228,  965,  527,  782,  588,  367, 1000,  475,    0,  461,  402,  190,  748,  895,  588,  811,  401,   41,  418,  797,  812,  775,  494,   71,  520,  134,  529,  880,  614,  667],
