{
    "name": "random-7-8892",
    "comment": "size=7 seed=8892",
    "nodes": ["+0", "-0", "+1", "-1", "+2", "-2", "+3", "-3", "+4", "-4", "+5", "-5", "+6", "-6", "+7", "-7"],
    "precedence": {
        "+0": "-0",
        "+1": "-1",
        "+2": "-2",
        "+3": "-3",
        "+4": "-4",
        "+5": "-5",
        "+6": "-6",
        "+7": "-7"
    },
    "edges": [
        [    0,    0,  238,  127,  689,  767,   72,  893,  948,  259,  643,  834,  806,  467,  411,  706],
        [    0,    0,  238,  127,  689,  767,   72,  893,  948,  259,  643,  834,  806,  467,  411,  706],
        [  238,  238,    0,  333,  453,  560,  294,  692,  745,   69,  411,  650,  570,  245,  174,  490],
        [  127,  127,  333,    0,  767,  809,   56,  926,  982,  332,  743,  855,  899,  574,  497,  817],
        [  689,  689,  453,  767,    0,  258,  737,  370,  406,  436,  182,  402,  179,  294,  280,  304],
        [  767,  767,  560,  809,  258,    0,  796,  134,  186,  514,  436,  145,  407,  500,  419,  561],
        [   72,   72,  294,   56,  737,  796,    0,  917,  973,  303,  704,  852,  863,  531,  463,  772],
        [  893,  893,  692,  926,  370,  134,  917,    0,   56,  643,  552,  108,  491,  631,  553,  669],
        [  948,  948,  745,  982,  406,  186,  973,   56,    0,  697,  587,  151,  513,  676,  603,  700],
        [  259,  259,   69,  332,  436,  514,  303,  643,  697,    0,  423,  594,  570,  273,  169,  516],
        [  643,  643,  411,  743,  182,  436,  704,  552,  587,  423,    0,  579,  174,  181,  257,  133],
        [  834,  834,  650,  855,  402,  145,  852,  108,  151,  594,  579,    0,  549,  628,  531,  705],
        [  806,  806,  570,  899,  179,  407,  863,  491,  513,  570,  174,  549,    0,  352,  402,  217],
        [  467,  467,  245,  574,  294,  500,  531,  631,  676,  273,  181,  628,  352,    0,  138,  246],
        [  411,  411,  174,  497,  280,  419,  463,  553,  603,  169,  257,  531,  402,  138,    0,  360],
        [  706,  706,  490,  817,  304,  561,  772,  669,  700,  516,  133,  705,  217,  246,  360,    0]
    ]
}
