{
    "name": "random-43-23490",
    "comment": "size=43 seed=23490",
    "nodes": ["+0", "-0", "+1", "-1", "+2", "-2", "+3", "-3", "+4", "-4", "+5", "-5", "+6", "-6", "+7", "-7", "+8", "-8", "+9", "-9", "+10", "-10", "+11", "-11", "+12", "-12", "+13", "-13", "+14", "-14", "+15", "-15", "+16", "-16", "+17", "-17", "+18", "-18", "+19", "-19", "+20", "-20", "+21", "-21", "+22", "-22", "+23", "-23", "+24", "-24", "+25", "-25", "+26", "-26", "+27", "-27", "+28", "-28", "+29", "-29", "+30", "-30", "+31", "-31", "+32", "-32", "+33", "-33", "+34", "-34", "+35", "-35", "+36", "-36", "+37", "-37", "+38", "-38", "+39", "-39", "+40", "-40", "+41", "-41", "+42", "-42", "+43", "-43"],
    "precedence": {
        "+0": "-0",
        "+1": "-1",
        "+2": "-2",
        "+3": "-3",
        "+4": "-4",
        "+5": "-5",
        "+6": "-6",
        "+7": "-7",
        "+8": "-8",
        "+9": "-9",
        "+10": "-10",
        "+11": "-11",
        "+12": "-12",
        "+13": "-13",
        "+14": "-14",
        "+15": "-15",
        "+16": "-16",
        "+17": "-17",
        "+18": "-18",
        "+19": "-19",
        "+20": "-20",
        "+21": "-21",
        "+22": "-22",
        "+23": "-23",
        "+24": "-24",
        "+25": "-25",
        "+26": "-26",
        "+27": "-27",
        "+28": "-28",
        "+29": "-29",
        "+30": "-30",
        "+31": "-31",
        "+32": "-32",
        "+33": "-33",
        "+34": "-34",
        "+35": "-35",
        "+36": "-36",
        "+37": "-37",
        "+38": "-38",
        "+39": "-39",
        "+40": "-40",
        "+41": "-41",
        "+42": "-42",
        "+43": "-43"
    },
    "edges": [
        [    0,    0,  440,  333,  324,  377,  255,  226,  359,  444,  559,  414,  265,  575,  564,  520,  469,  406,  343,  238,  515,  331,  567,  288,  419,  730,  455,  294,  564,  292,  510,  501,  444,  282,  264,  443,   99,  370,  396,  157,  136,  437,  342,  541,  414,  330,  726,  530,  465,  445,  283,  458,   83,  358,  271,  564,  208,  516,  395,  313,  484,  635,  482,  444,  408,  100,  504,  465,  544,  454,  450,  433,  390,  241,  265,  556,  160,  565,  347,  609,  353,  248,  336,  379,  527,  134,  339,  371],
        [    0,    0,    0,    0,    0,    0,    0,    0,    0,    0,    0,    0,    0,    0,    0,    0,    0,    0,    0,    0,    0,    0,    0,    0,    0,    0,    0,    0,    0,    0,    0,    0,    0,    0,    0,    0,    0,    0,    0,    0,    0,    0,    0,    0,    0,    0,    0,    0,    0,    0,    0,    0,    0,    0,    0,    0,    0,    0,    0,    0,    0,    0,    0,    0,    0,    0,    0,    0,    0,    0,    0,    0,    0,    0,    0,    0,    0,    0,    0,    0,    0,    0,    0,    0,    0,    0,    0,    0],
        [  440,    0,    0,  772,  641,  286,  563,  568,  134,  883,  917,   27,  704,  965,  713,  595,  688,  135,  662,  381,  830,  742,  832,  478,  255,  793,  309,  164, 1002,  664,  114,  933,  482,  626,  204,  514,  413,   90,   88,  522,  552,  396,  740,  738,  242,  747,  816,  957,  404,  557,  693,  676,  408,  309,  710,  127,  479,  753,  326,  726,  620,  661,  200,  197,  780,  410,  500,  904,  739,  578,  554,  816,  510,  315,  496,  934,  336,  508,  519,  815,  401,  245,  598,  592,  578,  307,  211,  807],
        [  333,    0,  772,    0,  385,  676,  343,  339,  688,  116,  440,  746,   94,  392,  630,  702,  508,  734,  338,  484,  478,  209,  573,  462,  708,  871,  751,  625,  247,  295,  835,  217,  672,  293,  585,  652,  388,  702,  728,  294,  233,  703,  247,  624,  725,  135,  849,  261,  730,  628,  211,  503,  384,  628,   80,  896,  414,  517,  658,  147,  637,  818,  803,  764,  328,  377,  735,  134,  577,  626,  595,  316,  553,  541,  458,  403,  471,  806,  495,  663,  580,  559,  452,  472,  721,  465,  644,   99],
        [  324,    0,  641,  385,    0,  420,  547,   98,  515,  436,  277,  614,  296,  338,  870,  328,  763,  543,  608,  560,  199,  198,  244,  608,  714,  487,  475,  478,  492,   91,  741,  397,  327,  544,  534,  297,  265,  552,  565,  447,  383,  391,  167,  247,  482,  483,  467,  398,  414,  260,  176,  753,  279,  668,  311,  741,  164,  798,  706,  479,  257,  440,  575,  539,  155,  423,  385,  465,  840,  252,  770,  197,  712,  328,  152,  300,  314,  458,  664,  301,  675,  537,   78,  685,  351,  406,  624,  333],
        [  377,    0,  286,  676,  420,    0,  603,  379,  159,  772,  690,  266,  589,  758,  854,  309,  790,  155,  702,  478,  586,  574,  568,  574,  482,  511,   79,  183,  867,  473,  399,  782,  196,  647,  323,  230,  293,  206,  199,  521,  512,  114,  559,  462,   63,  703,  532,  795,  130,  275,  530,  778,  302,  492,  600,  348,  282,  849,  524,  687,  338,  382,  157,  123,  573,  415,  218,  798,  858,  297,  706,  614,  649,  138,  269,  719,  218,  244,  631,  537,  557,  359,  358,  691,  293,  299,  400,  677],
        [  255,    0,  563,  343,  547,  603,    0,  455,  535,  450,  727,  543,  343,  709,  325,  775,  217,  585,  103,  190,  717,  472,  788,  126,  412,  984,  680,  468,  583,  487,  587,  559,  697,   71,  360,  697,  353,  525,  556,  102,  167,  681,  500,  783,  626,  242,  978,  602,  707,  699,  438,  207,  336,  323,  336,  687,  460,  261,  344,  220,  737,  890,  674,  640,  583,  189,  755,  457,  294,  708,  254,  593,  210,  478,  518,  706,  397,  813,  152,  845,  252,  318,  578,  142,  782,  307,  376,  431],
        [  226,    0,  568,  339,   98,  379,  455,    0,  449,  413,  355,  541,  246,  397,  777,  366,  671,  483,  522,  463,  292,  196,  341,  511,  622,  551,  444,  404,  493,   97,  663,  405,  335,  457,  445,  314,  173,  481,  498,  354,  293,  377,  181,  329,  437,  417,  538,  417,  403,  290,  155,  662,  186,  573,  261,  676,   98,  710,  611,  410,  307,  484,  528,  489,  212,  326,  397,  441,  748,  290,  674,  249,  615,  265,  123,  367,  234,  469,  568,  391,  578,  444,  128,  591,  384,  313,  533,  312],
        [  359,    0,  134,  688,  515,  159,  535,  449,    0,  795,  792,  111,  612,  845,  742,  466,  695,   51,  637,  376,  700,  632,  700,  477,  332,  669,  200,   69,  906,  546,  246,  831,  352,  590,  197,  383,  308,   48,   50,  472,  486,  272,  626,  605,  129,  684,  690,  852,  285,  425,  584,  683,  308,  355,  620,  227,  356,  757,  383,  665,  487,  539,  141,  112,  659,  358,  376,  819,  756,  445,  587,  697,  534,  188,  367,  812,  226,  395,  528,  682,  433,  240,  468,  595,  451,  239,  257,  712],
        [  444,    0,  883,  116,  436,  772,  450,  413,  795,    0,  416,  858,  185,  344,  716,  763,  594,  840,  429,  598,  483,  240,  585,  571,  823,  912,  844,  734,  134,  347,  949,  134,  746,  392,  700,  722,  491,  812,  836,  408,  348,  787,  276,  658,  823,  218,  886,  180,  814,  692,  264,  591,  488,  742,  176, 1007,  499,  593,  772,  236,  692,  875,  906,  866,  339,  492,  808,   30,  658,  687,  697,  314,  658,  640,  535,  368,  574,  881,  600,  685,  692,  673,  510,  570,  785,  577,  759,  104],
        [  559,    0,  917,  440,  277,  690,  727,  355,  792,  416,    0,  891,  392,  107, 1045,  516,  926,  819,  757,  792,  126,  256,  217,  817,  972,  584,  737,  754,  389,  269, 1016,  303,  562,  699,  799,  525,  526,  829,  841,  639,  565,  643,  228,  340,  753,  573,  545,  271,  662,  475,  290,  919,  538,  916,  404, 1018,  439,  946,  954,  580,  438,  599,  847,  811,  152,  654,  608,  440, 1000,  458,  974,  134,  920,  605,  427,   59,  587,  675,  866,  328,  907,  795,  333,  868,  546,  665,  885,  345],
        [  414,    0,   27,  746,  614,  266,  543,  541,  111,  858,  891,    0,  678,  938,  704,  575,  675,  119,  644,  364,  804,  715,  807,  463,  255,  775,  294,  137,  976,  637,  136,  906,  461,  606,  184,  493,  386,   65,   69,  500,  528,  377,  713,  715,  226,  723,  797,  931,  387,  535,  666,  663,  381,  302,  684,  151,  452,  739,  322,  703,  598,  644,  193,  185,  753,  387,  482,  879,  728,  555,  546,  789,  500,  289,  470,  907,  310,  493,  505,  792,  391,  227,  572,  578,  559,  282,  202,  781],
        [  265,    0,  704,   94,  296,  589,  343,  246,  612,  185,  392,  678,    0,  366,  654,  610,  534,  656,  365,  451,  409,  141,  499,  449,  666,  782,  662,  551,  299,  208,  775,  240,  579,  308,  527,  559,  306,  629,  654,  270,  198,  611,  176,  539,  639,  194,  762,  274,  639,  535,  127,  528,  304,  592,   16,  826,  322,  554,  625,  196,  546,  727,  721,  682,  261,  328,  642,  210,  608,  533,  597,  260,  548,  456,  365,  366,  390,  713,  491,  583,  557,  505,  361,  482,  629,  399,  594,  107],
        [  575,    0,  965,  392,  338,  758,  709,  397,  845,  344,  107,  938,  366,    0, 1016,  611,  895,  877,  725,  798,  227,  247,  323,  810,  993,  689,  811,  801,  294,  302, 1058,  218,  647,  672,  828,  611,  560,  878,  894,  630,  556,  722,  234,  442,  819,  527,  651,  179,  743,  563,  292,  889,  568,  930,  374, 1072,  490,  908,  966,  538,  532,  699,  913,  876,  187,  663,  697,  364,  966,  548,  961,  149,  911,  659,  489,   50,  629,  766,  855,  434,  910,  819,  405,  847,  640,  693,  911,  294],
        [  564,    0,  713,  630,  870,  854,  325,  777,  742,  716, 1045,  704,  654, 1016,    0, 1075,  123,  787,  293,  377, 1041,  789, 1112,  286,  474, 1289,  924,  685,  842,  811,  684,  843,  985,  346,  546,  992,  655,  714,  744,  424,  491,  950,  820, 1102,  859,  501, 1288,  888,  974, 1002,  759,  128,  638,  405,  644,  815,  771,  139,  393,  485, 1046, 1185,  879,  854,  904,  474, 1038,  714,   71, 1013,  159,  911,  209,  750,  827, 1019,  678, 1087,  226, 1167,  314,  504,  897,  186, 1077,  566,  503,  727],
        [  520,    0,  595,  702,  328,  309,  775,  366,  466,  763,  516,  575,  610,  611, 1075,    0,  987,  462,  859,  710,  392,  525,  329,  790,  773,  218,  306,  474,  816,  417,  708,  719,  114,  795,  597,   88,  423,  514,  508,  676,  633,  204,  493,  196,  359,  782,  228,  714,  205,   78,  500,  976,  440,  765,  625,  647,  320, 1036,  801,  773,   79,  119,  438,  417,  458,  602,  114,  792, 1062,   77,  943,  500,  883,  341,  263,  564,  401,  165,  851,  257,  811,  622,  253,  894,   31,  518,  685,  660],
        [  469,    0,  688,  508,  763,  790,  217,  671,  695,  594,  926,  675,  534,  895,  123,  987,    0,  743,  171,  320,  927,  671, 1001,  219,  472, 1198,  863,  633,  720,  699,  678,  720,  904,  228,  501,  907,  564,  674,  704,  319,  381,  878,  703,  999,  803,  378, 1194,  765,  904,  912,  643,   13,  547,  390,  524,  801,  675,   66,  390,  363,  952, 1100,  835,  806,  787,  388,  960,  592,   78,  922,  171,  793,  187,  675,  733,  899,  598, 1014,  170, 1062,  295,  457,  794,  101,  992,  494,  479,  605],
        [  406,    0,  135,  734,  543,  155,  585,  483,   51,  840,  819,  119,  656,  877,  787,  462,  743,    0,  687,  424,  723,  670,  715,  525,  363,  658,  175,  119,  949,  580,  247,  872,  350,  641,  243,  384,  351,   76,   53,  522,  535,  262,  662,  614,  108,  733,  682,  891,  270,  429,  623,  730,  352,  395,  664,  201,  388,  806,  421,  714,  492,  526,   92,   70,  690,  408,  365,  864,  802,  450,  631,  730,  579,  219,  393,  842,  268,  375,  575,  690,  476,  287,  491,  643,  445,  288,  295,  754],
        [  343,    0,  662,  338,  608,  702,  103,  522,  637,  429,  757,  644,  365,  725,  293,  859,  171,  687,    0,  285,  763,  503,  842,  202,  496, 1063,  779,  570,  559,  539,  681,  552,  787,   66,  460,  785,  442,  626,  657,  187,  230,  776,  536,  851,  727,  212, 1055,  597,  803,  782,  478,  165,  426,  407,  355,  785,  541,  192,  423,  195,  816,  976,  776,  742,  621,  288,  847,  430,  243,  789,  277,  624,  252,  574,  598,  729,  493,  907,  199,  909,  324,  418,  648,  147,  868,  408,  470,  435],
        [  238,    0,  381,  484,  560,  478,  190,  463,  376,  598,  792,  364,  451,  798,  377,  710,  320,  424,  285,    0,  752,  551,  802,  102,  229,  926,  548,  314,  730,  527,  397,  688,  614,  259,  184,  625,  307,  356,  387,  191,  255,  574,  569,  764,  486,  412,  930,  725,  598,  640,  507,  307,  290,  145,  450,  502,  427,  382,  175,  390,  690,  816,  516,  487,  641,  139,  664,  611,  382,  654,  235,  663,  175,  376,  479,  784,  310,  711,  154,  836,  116,  140,  565,  220,  709,  193,  187,  554],
        [  515,    0,  830,  478,  199,  586,  717,  292,  700,  483,  126,  804,  409,  227, 1041,  392,  927,  723,  763,  752,    0,  271,  105,  792,  912,  465,  626,  670,  484,  231,  934,  390,  444,  701,  732,  405,  463,  740,  750,  621,  551,  529,  234,  215,  648,  602,  429,  368,  546,  354,  287,  919,  477,  865,  423,  923,  359,  955,  903,  605,  314,  474,  742,  708,  151,  614,  487,  510, 1003,  336,  953,  169,  896,  515,  334,  178,  511,  552,  846,  213,  868,  735,  233,  858,  422,  604,  822,  394],
        [  331,    0,  742,  209,  198,  574,  472,  196,  632,  240,  256,  715,  141,  247,  789,  525,  671,  670,  503,  551,  271,    0,  365,  566,  749,  674,  639,  580,  300,  111,  827,  210,  517,  444,  590,  490,  330,  659,  679,  387,  313,  569,   39,  421,  631,  331,  649,  222,  595,  456,   49,  664,  335,  684,  154,  857,  292,  693,  720,  335,  453,  636,  721,  682,  122,  416,  578,  269,  746,  449,  721,  122,  669,  455,  315,  236,  408,  650,  614,  456,  663,  577,  274,  613,  548,  455,  668,  138],
        [  567,    0,  832,  573,  244,  568,  788,  341,  700,  585,  217,  807,  499,  323, 1112,  329, 1001,  715,  842,  802,  105,  365,    0,  852,  942,  367,  597,  678,  588,  304,  940,  495,  402,  779,  758,  362,  500,  743,  748,  689,  622,  494,  327,  135,  629,  692,  329,  472,  507,  309,  373,  992,  516,  903,  513,  914,  385, 1034,  942,  694,  257,  393,  721,  690,  248,  666,  435,  612, 1078,  289, 1014,  272,  955,  522,  347,  274,  534,  493,  908,  112,  917,  767,  245,  927,  359,  638,  850,  494],
        [  288,    0,  478,  462,  608,  574,  126,  511,  477,  571,  817,  463,  449,  810,  286,  790,  219,  525,  202,  102,  792,  566,  852,    0,  295, 1005,  646,  414,  705,  562,  485,  675,  700,  194,  285,  707,  374,  457,  488,  181,  255,  667,  590,  828,  585,  367, 1006,  716,  691,  718,  527,  206,  356,  206,  444,  597,  492,  281,  222,  345,  764,  900,  617,  588,  668,  193,  753,  580,  284,  730,  163,  684,  105,  465,  548,  802,  393,  803,   61,  896,  127,  240,  624,  119,  792,  281,  276,  544],
        [  419,    0,  255,  708,  714,  482,  412,  622,  332,  823,  972,  255,  666,  993,  474,  773,  472,  363,  496,  229,  912,  749,  942,  295,    0,  986,  531,  302,  954,  703,  211,  905,  663,  482,  184,  686,  450,  289,  312,  418,  476,  595,  760,  876,  460,  641, 1001,  940,  611,  718,  702,  461,  436,   90,  667,  343,  558,  537,   83,  619,  777,  861,  446,  433,  822,  339,  698,  837,  510,  736,  318,  850,  286,  439,  597,  973,  409,  724,  314,  953,  180,  178,  697,  388,  764,  309,   92,  772],
        [  730,    0,  793,  871,  487,  511,  984,  551,  669,  912,  584,  775,  782,  689, 1289,  218, 1198,  658, 1063,  926,  465,  674,  367, 1005,  986,    0,  488,  685,  940,  577,  905,  844,  324,  999,  812,  304,  635,  717,  707,  883,  835,  398,  637,  258,  551,  966,   49,  828,  389,  288,  661, 1187,  652,  981,  797,  827,  524, 1244, 1017,  960,  248,  134,  617,  603,  580,  815,  294,  941, 1273,  277, 1160,  615, 1099,  558,  467,  640,  617,  296, 1066,  257, 1028,  839,  425, 1107,  223,  735,  899,  812],
        [  455,    0,  309,  751,  475,   79,  680,  444,  200,  844,  737,  294,  662,  811,  924,  306,  863,  175,  779,  548,  626,  639,  597,  646,  531,  488,    0,  242,  936,  535,  419,  849,  200,  724,  384,  240,  370,  244,  227,  599,  590,  105,  622,  480,   71,  780,  515,  859,  102,  291,  597,  851,  379,  550,  674,  343,  349,  923,  580,  765,  351,  355,  133,  115,  629,  492,  199,  871,  930,  313,  772,  671,  717,  215,  328,  770,  296,  200,  702,  552,  621,  423,  406,  763,  284,  374,  454,  748],
        [  294,    0,  164,  625,  478,  183,  468,  404,   69,  734,  754,  137,  551,  801,  685,  474,  633,  119,  570,  314,  670,  580,  678,  414,  302,  685,  242,    0,  847,  500,  264,  775,  362,  523,  143,  388,  252,   80,  103,  404,  419,  294,  577,  594,  175,  617,  701,  798,  312,  423,  531,  620,  249,  310,  558,  278,  316,  694,  342,  598,  484,  559,  207,  174,  616,  290,  396,  756,  695,  442,  532,  653,  477,  157,  336,  770,  173,  426,  467,  671,  380,  183,  439,  532,  463,  171,  218,  652],
        [  564,    0, 1002,  247,  492,  867,  583,  493,  906,  134,  389,  976,  299,  294,  842,  816,  720,  949,  559,  730,  484,  300,  588,  705,  954,  940,  936,  847,    0,  410, 1073,   98,  816,  525,  824,  788,  599,  926,  950,  540,  478,  869,  326,  683,  922,  349,  908,  119,  895,  751,  339,  718,  599,  874,  294, 1124,  587,  715,  905,  368,  740,  921, 1008,  969,  363,  620,  876,  129,  781,  742,  829,  326,  791,  741,  614,  333,  682,  949,  733,  697,  825,  800,  570,  701,  841,  697,  887,  196],
        [  292,    0,  664,  295,   91,  473,  487,   97,  546,  347,  269,  637,  208,  302,  811,  417,  699,  580,  539,  527,  231,  111,  304,  562,  703,  577,  535,  500,  410,    0,  757,  318,  407,  475,  532,  380,  260,  577,  594,  390,  321,  461,   87,  332,  532,  398,  555,  325,  486,  346,   85,  690,  270,  648,  223,  773,  194,  730,  686,  396,  347,  530,  624,  585,  120,  388,  467,  376,  775,  341,  723,  153,  666,  362,  208,  274,  328,  540,  615,  378,  643,  527,  165,  628,  439,  397,  617,  244],
        [  510,    0,  114,  835,  741,  399,  587,  663,  246,  949, 1016,  136,  775, 1058,  684,  708,  678,  247,  681,  397,  934,  827,  940,  485,  211,  905,  419,  264, 1073,  757,    0, 1010,  595,  655,  250,  627,  500,  200,  201,  565,  607,  509,  829,  850,  354,  794,  928, 1038,  516,  670,  778,  667,  492,  289,  779,  139,  578,  743,  293,  772,  732,  773,  301,  305,  875,  461,  612,  968,  719,  690,  528,  910,  493,  420,  600, 1029,  430,  618,  514,  927,  384,  281,  703,  589,  691,  377,  211,  881],
        [  501,    0,  933,  217,  397,  782,  559,  405,  831,  134,  303,  906,  240,  218,  843,  719,  720,  872,  552,  688,  390,  210,  495,  675,  905,  844,  849,  775,   98,  318, 1010,    0,  723,  509,  764,  693,  524,  854,  876,  502,  433,  778,  232,  587,  839,  343,  812,   47,  803,  655,  253,  716,  526,  830,  239, 1052,  500,  723,  863,  358,  643,  825,  927,  888,  266,  568,  782,  149,  786,  646,  812,  229,  769,  659,  524,  249,  606,  854,  710,  602,  790,  744,  475,  688,  744,  633,  833,  135],
        [  444,    0,  482,  672,  327,  196,  697,  335,  352,  746,  562,  461,  579,  647,  985,  114,  904,  350,  787,  614,  444,  517,  402,  700,  663,  324,  200,  362,  816,  407,  595,  723,    0,  725,  489,   41,  346,  400,  394,  601,  568,   96,  491,  281,  248,  734,  339,  725,  105,   94,  484,  892,  362,  659,  593,  537,  263,  956,  694,  723,  152,  203,  331,  307,  476,  516,   64,  775,  977,  115,  848,  519,  788,  239,  215,  603,  308,  135,  760,  352,  710,  518,  250,  808,  101,  422,  576,  644],
        [  282,    0,  626,  293,  544,  647,   71,  457,  590,  392,  699,  606,  308,  672,  346,  795,  228,  641,   66,  259,  701,  444,  779,  194,  482,  999,  724,  523,  525,  475,  655,  509,  725,    0,  423,  721,  380,  584,  614,  127,  165,  717,  476,  785,  675,  178,  990,  553,  744,  718,  416,  220,  364,  393,  299,  751,  476,  256,  414,  158,  751,  912,  728,  693,  560,  236,  785,  397,  303,  725,  305,  566,  268,  516,  534,  673,  434,  846,  211,  844,  321,  383,  583,  180,  804,  356,  445,  386],
        [  264,    0,  204,  585,  534,  323,  360,  445,  197,  700,  799,  184,  527,  828,  546,  597,  501,  243,  460,  184,  732,  590,  758,  285,  184,  812,  384,  143,  824,  532,  250,  764,  489,  423,    0,  509,  273,  173,  204,  321,  358,  430,  596,  692,  317,  548,  824,  794,  450,  537,  541,  489,  262,  171,  531,  329,  376,  565,  206,  527,  595,  690,  335,  309,  651,  212,  530,  718,  560,  555,  391,  682,  338,  258,  413,  805,  225,  565,  333,  769,  238,   45,  514,  402,  589,  136,   93,  633],
        [  443,    0,  514,  652,  297,  230,  697,  314,  383,  722,  525,  493,  559,  611,  992,   88,  907,  384,  785,  625,  405,  490,  362,  707,  686,  304,  240,  388,  788,  380,  627,  693,   41,  721,  509,    0,  345,  431,  426,  599,  562,  135,  462,  241,  284,  721,  315,  693,  146,   54,  459,  896,  361,  678,  573,  574,  251,  957,  714,  711,  112,  194,  369,  344,  443,  520,   89,  751,  981,   74,  858,  485,  798,  254,  198,  566,  316,  161,  767,  313,  724,  535,  219,  813,   86,  432,  598,  620],
        [   99,    0,  413,  388,  265,  293,  353,  173,  308,  491,  526,  386,  306,  560,  655,  423,  564,  351,  442,  307,  463,  330,  500,  374,  450,  635,  370,  252,  599,  260,  500,  524,  346,  380,  273,  345,    0,  331,  353,  256,  227,  342,  330,  458,  338,  411,  633,  546,  370,  348,  281,  553,   18,  405,  315,  529,  120,  613,  443,  397,  391,  537,  416,  377,  379,  182,  406,  515,  639,  358,  533,  412,  473,  156,  174,  533,   84,  468,  434,  529,  420,  273,  259,  473,  429,  142,  361,  404],
        [  370,    0,   90,  702,  552,  206,  525,  481,   48,  812,  829,   65,  629,  878,  714,  514,  674,   76,  626,  356,  740,  659,  743,  457,  289,  717,  244,   80,  926,  577,  200,  854,  400,  584,  173,  431,  331,    0,   32,  470,  491,  319,  655,  651,  174,  689,  737,  877,  331,  472,  611,  661,  329,  320,  636,  199,  391,  737,  346,  669,  534,  587,  165,  145,  692,  356,  424,  834,  731,  492,  557,  730,  507,  226,  406,  846,  252,  441,  505,  728,  402,  217,  508,  574,  499,  242,  220,  731],
        [  396,    0,   88,  728,  565,  199,  556,  498,   50,  836,  841,   69,  654,  894,  744,  508,  704,   53,  657,  387,  750,  679,  748,  488,  312,  707,  227,  103,  950,  594,  201,  876,  394,  614,  204,  426,  353,   32,    0,  500,  519,  309,  674,  652,  158,  717,  729,  898,  319,  470,  631,  692,  351,  347,  661,  179,  405,  768,  372,  698,  533,  576,  137,  121,  708,  385,  414,  859,  762,  491,  586,  746,  536,  237,  417,  861,  272,  426,  535,  728,  431,  248,  518,  605,  491,  270,  247,  755],
        [  157,    0,  522,  294,  447,  521,  102,  354,  472,  408,  639,  500,  270,  630,  424,  676,  319,  522,  187,  191,  621,  387,  689,  181,  418,  883,  599,  404,  540,  390,  565,  502,  601,  127,  321,  599,  256,  470,  500,    0,   75,  591,  411,  681,  551,  229,  877,  540,  618,  599,  349,  309,  240,  335,  266,  648,  359,  362,  365,  208,  636,  791,  607,  572,  492,  115,  661,  421,  396,  607,  336,  506,  282,  390,  417,  623,  308,  721,  228,  744,  289,  285,  476,  239,  683,  235,  361,  368],
        [  136,    0,  552,  233,  383,  512,  167,  293,  486,  348,  565,  528,  198,  556,  491,  633,  381,  535,  230,  255,  551,  313,  622,  255,  476,  835,  590,  419,  478,  321,  607,  433,  568,  165,  358,  562,  227,  491,  519,   75,    0,  569,  338,  622,  548,  199,  825,  471,  597,  556,  275,  371,  214,  398,  195,  678,  314,  417,  430,  180,  587,  750,  614,  577,  419,  146,  629,  364,  458,  562,  410,  432,  357,  376,  371,  548,  295,  693,  302,  682,  360,  328,  419,  308,  643,  249,  412,  299],
        [  437,    0,  396,  703,  391,  114,  681,  377,  272,  787,  643,  377,  611,  722,  950,  204,  878,  262,  776,  574,  529,  569,  494,  667,  595,  398,  105,  294,  869,  461,  509,  778,   96,  717,  430,  135,  342,  319,  309,  591,  569,    0,  547,  375,  156,  749,  420,  785,   29,  187,  531,  866,  356,  601,  624,  444,  290,  934,  634,  736,  247,  268,  236,  214,  544,  494,  105,  815,  949,  208,  806,  587,  748,  204,  255,  680,  284,  137,  725,  447,  661,  464,  318,  780,  184,  386,  511,  688],
        [  342,    0,  740,  247,  167,  559,  500,  181,  626,  276,  228,  713,  176,  234,  820,  493,  703,  662,  536,  569,  234,   39,  327,  590,  760,  637,  622,  577,  326,   87,  829,  232,  491,  476,  596,  462,  330,  655,  674,  411,  338,  547,    0,  384,  618,  368,  612,  238,  572,  426,   63,  695,  337,  698,  190,  852,  278,  727,  735,  371,  420,  603,  709,  670,   86,  432,  550,  304,  778,  418,  747,   95,  693,  445,  295,  216,  404,  623,  639,  418,  683,  586,  244,  641,  517,  460,  677,  175],
        [  541,    0,  738,  624,  247,  462,  783,  329,  605,  658,  340,  715,  539,  442, 1102,  196,  999,  614,  851,  764,  215,  421,  135,  828,  876,  258,  480,  594,  683,  332,  850,  587,  281,  785,  692,  241,  458,  651,  652,  681,  622,  375,  384,    0,  520,  728,  228,  572,  385,  189,  414,  989,  475,  849,  554,  809,  338, 1039,  888,  726,  130,  260,  608,  581,  323,  636,  305,  686, 1076,  168,  989,  358,  929,  441,  286,  393,  471,  361,  887,   78,  876,  708,  206,  916,  226,  585,  785,  559],
        [  414,    0,  242,  725,  482,   63,  626,  437,  129,  823,  753,  226,  639,  819,  859,  359,  803,  108,  727,  486,  648,  631,  629,  585,  460,  551,   71,  175,  922,  532,  354,  839,  248,  675,  317,  284,  338,  174,  158,  551,  548,  156,  618,  520,    0,  743,  576,  853,  163,  332,  587,  791,  344,  481,  650,  291,  340,  864,  511,  726,  394,  419,   95,   62,  634,  440,  259,  849,  868,  354,  707,  675,  652,  184,  330,  781,  257,  269,  639,  595,  554,  357,  420,  703,  340,  320,  384,  731],
        [  330,    0,  747,  135,  483,  703,  242,  417,  684,  218,  573,  723,  194,  527,  501,  782,  378,  733,  212,  412,  602,  331,  692,  367,  641,  966,  780,  617,  349,  398,  794,  343,  734,  178,  548,  721,  411,  689,  717,  229,  199,  749,  368,  728,  743,    0,  949,  388,  777,  705,  320,  374,  402,  555,  180,  873,  471,  383,  580,   23,  724,  900,  812,  774,  452,  337,  797,  220,  445,  706,  481,  446,  446,  565,  523,  538,  487,  865,  388,  775,  492,  514,  541,  353,  797,  447,  590,  234],
        [  726,    0,  816,  849,  467,  532,  978,  538,  690,  886,  545,  797,  762,  651, 1288,  228, 1194,  682, 1055,  930,  429,  649,  329, 1006, 1001,   49,  515,  701,  908,  555,  928,  812,  339,  990,  824,  315,  633,  737,  729,  877,  825,  420,  612,  228,  576,  949,    0,  794,  414,  290,  639, 1183,  651,  991,  777,  856,  519, 1238, 1028,  944,  242,  166,  645,  629,  550,  814,  317,  914, 1270,  277, 1162,  583, 1102,  567,  462,  602,  622,  329, 1066,  218, 1034,  848,  411, 1104,  239,  740,  912,  786],
        [  530,    0,  957,  261,  398,  795,  602,  417,  852,  180,  271,  931,  274,  179,  888,  714,  765,  891,  597,  725,  368,  222,  472,  716,  940,  828,  859,  798,  119,  325, 1038,   47,  725,  553,  794,  693,  546,  877,  898,  540,  471,  785,  238,  572,  853,  388,  794,    0,  809,  653,  269,  761,  550,  866,  276, 1075,  513,  769,  899,  403,  637,  816,  943,  904,  256,  601,  782,  194,  832,  642,  855,  216,  810,  676,  533,  215,  627,  854,  752,  581,  829,  775,  475,  732,  740,  661,  865,  173],
        [  465,    0,  404,  730,  414,  130,  707,  403,  285,  814,  662,  387,  639,  743,  974,  205,  904,  270,  803,  598,  546,  595,  507,  691,  611,  389,  102,  312,  895,  486,  516,  803,  105,  744,  450,  146,  370,  331,  319,  618,  597,   29,  572,  385,  163,  777,  414,  809,    0,  199,  557,  892,  383,  620,  651,  445,  317,  960,  653,  764,  255,  257,  235,  216,  567,  520,   97,  842,  974,  219,  829,  610,  771,  230,  281,  700,  311,  115,  749,  455,  683,  485,  340,  805,  182,  411,  529,  714],
        [  445,    0,  557,  628,  260,  275,  699,  290,  425,  692,  475,  535,  535,  563, 1002,   78,  912,  429,  782,  640,  354,  456,  309,  718,  718,  288,  291,  423,  751,  346,  670,  655,   94,  718,  537,   54,  348,  472,  470,  599,  556,  187,  426,  189,  332,  705,  290,  653,  199,    0,  429,  901,  366,  703,  550,  622,  243,  960,  740,  696,   64,  196,  420,  393,  399,  528,  134,  721,  987,   22,  873,  442,  813,  280,  186,  517,  332,  204,  778,  263,  744,  560,  183,  820,   94,  450,  628,  589],
        [  283,    0,  693,  211,  176,  530,  438,  155,  584,  264,  290,  666,  127,  292,  759,  500,  643,  623,  478,  507,  287,   49,  373,  527,  702,  661,  597,  531,  339,   85,  778,  253,  484,  416,  541,  459,  281,  611,  631,  349,  275,  531,   63,  414,  587,  320,  639,  269,  557,  429,    0,  635,  287,  638,  142,  808,  249,  669,  675,  321,  431,  614,  675,  636,  145,  371,  545,  293,  719,  424,  684,  157,  630,  408,  277,  278,  359,  618,  576,  456,  621,  529,  248,  580,  522,  406,  621,  161],
        [  458,    0,  676,  503,  753,  778,  207,  662,  683,  591,  919,  663,  528,  889,  128,  976,   13,  730,  165,  307,  919,  664,  992,  206,  461, 1187,  851,  620,  718,  690,  667,  716,  892,  220,  489,  896,  553,  661,  692,  309,  371,  866,  695,  989,  791,  374, 1183,  761,  892,  901,  635,    0,  536,  378,  518,  789,  664,   78,  379,  358,  941, 1089,  822,  793,  780,  377,  948,  589,   88,  911,  163,  785,  176,  663,  722,  892,  586, 1002,  158, 1052,  283,  445,  784,   88,  981,  481,  467,  600],
        [   83,    0,  408,  384,  279,  302,  336,  186,  308,  488,  538,  381,  304,  568,  638,  440,  547,  352,  426,  290,  477,  335,  516,  356,  436,  652,  379,  249,  599,  270,  492,  526,  362,  364,  262,  361,   18,  329,  351,  240,  214,  356,  337,  475,  344,  402,  651,  550,  383,  366,  287,  536,    0,  389,  313,  527,  138,  597,  428,  386,  409,  554,  420,  381,  390,  164,  421,  512,  622,  376,  516,  421,  455,  164,  192,  543,   88,  482,  416,  546,  403,  259,  276,  455,  446,  128,  349,  404],
        [  358,    0,  309,  628,  668,  492,  323,  573,  355,  742,  916,  302,  592,  930,  405,  765,  390,  395,  407,  145,  865,  684,  903,  206,   90,  981,  550,  310,  874,  648,  289,  830,  659,  393,  171,  678,  405,  320,  347,  335,  398,  601,  698,  849,  481,  555,  991,  866,  620,  703,  638,  378,  389,    0,  591,  414,  520,  455,   39,  532,  759,  860,  484,  464,  765,  268,  700,  755,  434,  720,  246,  790,  206,  425,  565,  913,  379,  735,  227,  924,   96,  144,  660,  301,  759,  267,  101,  696],
        [  271,    0,  710,   80,  311,  600,  336,  261,  620,  176,  404,  684,   16,  374,  644,  625,  524,  664,  355,  450,  423,  154,  513,  444,  667,  797,  674,  558,  294,  223,  779,  239,  593,  299,  531,  573,  315,  636,  661,  266,  195,  624,  190,  554,  650,  180,  777,  276,  651,  550,  142,  518,  313,  591,    0,  833,  335,  543,  624,  182,  561,  741,  731,  691,  275,  330,  656,  200,  597,  548,  590,  272,  542,  466,  379,  375,  399,  727,  485,  598,  554,  508,  376,  474,  643,  404,  596,  105],
        [  564,    0,  127,  896,  741,  348,  687,  676,  227, 1007, 1018,  151,  826, 1072,  815,  647,  801,  201,  785,  502,  923,  857,  914,  597,  343,  827,  343,  278, 1124,  773,  139, 1052,  537,  751,  329,  574,  529,  199,  179,  648,  678,  444,  852,  809,  291,  873,  856, 1075,  445,  622,  808,  789,  527,  414,  833,    0,  583,  866,  423,  853,  685,  694,  211,  231,  886,  536,  541, 1029,  847,  644,  657,  924,  619,  414,  592, 1039,  450,  533,  633,  884,  508,  369,  691,  707,  626,  432,  323,  929],
        [  208,    0,  479,  414,  164,  282,  460,   98,  356,  499,  439,  452,  322,  490,  771,  320,  675,  388,  541,  427,  359,  292,  385,  492,  558,  524,  349,  316,  587,  194,  578,  500,  263,  476,  376,  251,  120,  391,  405,  359,  314,  290,  278,  338,  340,  471,  519,  513,  317,  243,  249,  664,  138,  520,  335,  583,    0,  720,  558,  461,  278,  437,  431,  392,  303,  300,  326,  526,  751,  249,  652,  342,  592,  170,   58,  457,  152,  395,  552,  409,  539,  382,  141,  586,  331,  253,  467,  400],
        [  516,    0,  753,  517,  798,  849,  261,  710,  757,  593,  946,  739,  554,  908,  139, 1036,   66,  806,  192,  382,  955,  693, 1034,  281,  537, 1244,  923,  694,  715,  730,  743,  723,  956,  256,  565,  957,  613,  737,  768,  362,  417,  934,  727, 1039,  864,  383, 1238,  769,  960,  960,  669,   78,  597,  455,  543,  866,  720,    0,  455,  371,  998, 1150,  897,  868,  812,  442, 1013,  588,   70,  969,  231,  814,  252,  731,  778,  915,  652, 1068,  235, 1099,  360,  520,  835,  163, 1042,  551,  544,  615],
        [  395,    0,  326,  658,  706,  524,  344,  611,  383,  772,  954,  322,  625,  966,  393,  801,  390,  421,  423,  175,  903,  720,  942,  222,   83, 1017,  580,  342,  905,  686,  293,  863,  694,  414,  206,  714,  443,  346,  372,  365,  430,  634,  735,  888,  511,  580, 1028,  899,  653,  740,  675,  379,  428,   39,  624,  423,  558,  455,    0,  558,  797,  895,  508,  490,  803,  304,  735,  784,  427,  757,  236,  827,  204,  461,  603,  950,  417,  767,  234,  962,  100,  181,  699,  307,  795,  305,  127,  729],
        [  313,    0,  726,  147,  479,  687,  220,  410,  665,  236,  580,  703,  196,  538,  485,  773,  363,  714,  195,  390,  605,  335,  694,  345,  619,  960,  765,  598,  368,  396,  772,  358,  723,  158,  527,  711,  397,  669,  698,  208,  180,  736,  371,  726,  726,   23,  944,  403,  764,  696,  321,  358,  386,  532,  182,  853,  461,  371,  558,    0,  717,  892,  794,  756,  456,  317,  786,  240,  431,  698,  462,  452,  425,  550,  514,  547,  471,  853,  367,  774,  470,  492,  535,  334,  788,  428,  568,  245],
        [  484,    0,  620,  637,  257,  338,  737,  307,  487,  692,  438,  598,  546,  532, 1046,   79,  952,  492,  816,  690,  314,  453,  257,  764,  777,  248,  351,  484,  740,  347,  732,  643,  152,  751,  595,  112,  391,  534,  533,  636,  587,  247,  420,  130,  394,  724,  242,  637,  255,   64,  431,  941,  409,  759,  561,  685,  278,  998,  797,  717,    0,  184,  481,  455,  381,  573,  178,  721, 1028,   43,  921,  422,  861,  338,  220,  485,  384,  240,  824,  201,  796,  616,  186,  862,  108,  502,  686,  589],
        [  635,    0,  661,  818,  440,  382,  890,  484,  539,  875,  599,  644,  727,  699, 1185,  119, 1100,  526,  976,  816,  474,  636,  393,  900,  861,  134,  355,  559,  921,  530,  773,  825,  203,  912,  690,  194,  537,  587,  576,  791,  750,  268,  603,  260,  419,  900,  166,  816,  257,  196,  614, 1089,  554,  860,  741,  694,  437, 1150,  895,  892,  184,    0,  483,  470,  561,  714,  164,  904, 1175,  194, 1050,  600,  990,  442,  381,  650,  508,  164,  960,  297,  913,  720,  367, 1006,  109,  623,  775,  772],
        [  482,    0,  200,  803,  575,  157,  674,  528,  141,  906,  847,  193,  721,  913,  879,  438,  835,   92,  776,  516,  742,  721,  721,  617,  446,  617,  133,  207, 1008,  624,  301,  927,  331,  728,  335,  369,  416,  165,  137,  607,  614,  236,  709,  608,   95,  812,  645,  943,  235,  420,  675,  822,  420,  484,  731,  211,  431,  897,  508,  794,  481,  483,    0,   40,  727,  493,  331,  930,  894,  441,  722,  768,  671,  268,  424,  875,  333,  323,  667,  682,  567,  379,  514,  735,  416,  373,  383,  815],
        [  444,    0,  197,  764,  539,  123,  640,  489,  112,  866,  811,  185,  682,  876,  854,  417,  806,   70,  742,  487,  708,  682,  690,  588,  433,  603,  115,  174,  969,  585,  305,  888,  307,  693,  309,  344,  377,  145,  121,  572,  577,  214,  670,  581,   62,  774,  629,  904,  216,  393,  636,  793,  381,  464,  691,  231,  392,  868,  490,  756,  455,  470,   40,    0,  690,  458,  313,  891,  867,  414,  698,  731,  646,  229,  387,  838,  294,  314,  639,  655,  544,  352,  479,  706,  396,  337,  364,  776],
        [  408,    0,  780,  328,  155,  573,  583,  212,  659,  339,  152,  753,  261,  187,  904,  458,  787,  690,  621,  641,  151,  122,  248,  668,  822,  580,  629,  616,  363,  120,  875,  266,  476,  560,  651,  443,  379,  692,  708,  492,  419,  544,   86,  323,  634,  452,  550,  256,  567,  399,  145,  780,  390,  765,  275,  886,  303,  812,  803,  456,  381,  561,  727,  690,    0,  503,  531,  367,  863,  388,  827,   44,  772,  473,  304,  155,  445,  602,  719,  347,  756,  646,  227,  724,  485,  517,  737,  246],
        [  100,    0,  410,  377,  423,  415,  189,  326,  358,  492,  654,  387,  328,  663,  474,  602,  388,  408,  288,  139,  614,  416,  666,  193,  339,  815,  492,  290,  620,  388,  461,  568,  516,  236,  212,  520,  182,  356,  385,  115,  146,  494,  432,  636,  440,  337,  814,  601,  520,  528,  371,  377,  164,  268,  330,  536,  300,  442,  304,  317,  573,  714,  493,  458,  503,    0,  572,  509,  462,  539,  353,  525,  293,  290,  356,  647,  211,  628,  252,  706,  255,  182,  434,  293,  605,  122,  268,  434],
        [  504,    0,  500,  735,  385,  218,  755,  397,  376,  808,  608,  482,  642,  697, 1038,  114,  960,  365,  847,  664,  487,  578,  435,  753,  698,  294,  199,  396,  876,  467,  612,  782,   64,  785,  530,   89,  406,  424,  414,  661,  629,  105,  550,  305,  259,  797,  317,  782,   97,  134,  545,  948,  421,  700,  656,  541,  326, 1013,  735,  786,  178,  164,  331,  313,  531,  572,    0,  837, 1032,  151,  898,  573,  838,  289,  278,  651,  362,   73,  812,  370,  756,  561,  308,  863,   87,  473,  613,  706],
        [  465,    0,  904,  134,  465,  798,  457,  441,  819,   30,  440,  879,  210,  364,  714,  792,  592,  864,  430,  611,  510,  269,  612,  580,  837,  941,  871,  756,  129,  376,  968,  149,  775,  397,  718,  751,  515,  834,  859,  421,  364,  815,  304,  686,  849,  220,  914,  194,  842,  721,  293,  589,  512,  755,  200, 1029,  526,  588,  784,  240,  721,  904,  930,  891,  367,  509,  837,    0,  653,  716,  701,  341,  664,  665,  563,  390,  598,  909,  606,  713,  702,  691,  540,  573,  814,  598,  775,  133],
        [  544,    0,  739,  577,  840,  858,  294,  748,  756,  658, 1000,  728,  608,  966,   71, 1062,   78,  802,  243,  382, 1003,  746, 1078,  284,  510, 1273,  930,  695,  781,  775,  719,  786,  977,  303,  560,  981,  639,  731,  762,  396,  458,  949,  778, 1076,  868,  445, 1270,  832,  974,  987,  719,   88,  622,  434,  597,  847,  751,   70,  427,  431, 1028, 1175,  894,  867,  863,  462, 1032,  653,    0,  997,  194,  867,  229,  746,  808,  972,  670, 1084,  229, 1139,  339,  516,  871,  169, 1066,  563,  528,  675],
        [  454,    0,  578,  626,  252,  297,  708,  290,  445,  687,  458,  555,  533,  548, 1013,   77,  922,  450,  789,  654,  336,  449,  289,  730,  736,  277,  313,  442,  742,  341,  690,  646,  115,  725,  555,   74,  358,  492,  491,  607,  562,  208,  418,  168,  354,  706,  277,  642,  219,   22,  424,  911,  376,  720,  548,  644,  249,  969,  757,  698,   43,  194,  441,  414,  388,  539,  151,  716,  997,    0,  886,  430,  825,  297,  192,  502,  346,  218,  790,  242,  759,  577,  177,  830,   99,  464,  645,  584],
        [  450,    0,  554,  595,  770,  706,  254,  674,  587,  697,  974,  546,  597,  961,  159,  943,  171,  631,  277,  235,  953,  721, 1014,  163,  318, 1160,  772,  532,  829,  723,  528,  812,  848,  305,  391,  858,  533,  557,  586,  336,  410,  806,  747,  989,  707,  481, 1162,  855,  829,  873,  684,  163,  516,  246,  590,  657,  652,  231,  236,  462,  921, 1050,  722,  698,  827,  353,  898,  701,  194,  886,    0,  841,   61,  610,  707,  957,  543,  943,  108, 1058,  156,  350,  786,  131,  943,  427,  344,  685],
