{
    "name": "random-35-1342",
    "comment": "size=35 seed=1342",
    "nodes": ["+0", "-0", "+1", "-1", "+2", "-2", "+3", "-3", "+4", "-4", "+5", "-5", "+6", "-6", "+7", "-7", "+8", "-8", "+9", "-9", "+10", "-10", "+11", "-11", "+12", "-12", "+13", "-13", "+14", "-14", "+15", "-15", "+16", "-16", "+17", "-17", "+18", "-18", "+19", "-19", "+20", "-20", "+21", "-21", "+22", "-22", "+23", "-23", "+24", "-24", "+25", "-25", "+26", "-26", "+27", "-27", "+28", "-28", "+29", "-29", "+30", "-30", "+31", "-31", "+32", "-32", "+33", "-33", "+34", "-34", "+35", "-35"],
    "precedence": {
        "+0": "-0",
        "+1": "-1",
        "+2": "-2",
        "+3": "-3",
        "+4": "-4",
        "+5": "-5",
        "+6": "-6",
        "+7": "-7",
        "+8": "-8",
        "+9": "-9",
        "+10": "-10",
        "+11": "-11",
        "+12": "-12",
        "+13": "-13",
        "+14": "-14",
        "+15": "-15",
        "+16": "-16",
        "+17": "-17",
        "+18": "-18",
        "+19": "-19",
        "+20": "-20",
        "+21": "-21",
        "+22": "-22",
        "+23": "-23",
        "+24": "-24",
        "+25": "-25",
        "+26": "-26",
        "+27": "-27",
        "+28": "-28",
        "+29": "-29",
        "+30": "-30",
        "+31": "-31",
        "+32": "-32",
        "+33": "-33",
        "+34": "-34",
        "+35": "-35"
    },
    "edges": [
        [    0,    0,  908,  911,  760,  199,  344,  529,  727,  514,  930,  648,  900,  808,  954,  808,  688,  767,  481,  960,  484,  736,  654,  156,  860,  830,  530,  393,  494,  153,  705,  961,  692,  840,  531,  216,  864,  535, 1177,  282,  851,  480,  994,  475,  556,  579,  223,  883, 1044,  962,  229,  330,  434,  633,  768,  213,  698,  521,  916,  569,  113,  568,  263,  397,  525,  868,  261,  188,  830,  383, 1094,  280],
        [    0,    0,  908,  911,  760,  199,  344,  529,  727,  514,  930,  648,  900,  808,  954,  808,  688,  767,  481,  960,  484,  736,  654,  156,  860,  830,  530,  393,  494,  153,  705,  961,  692,  840,  531,  216,  864,  535, 1177,  282,  851,  480,  994,  475,  556,  579,  223,  883, 1044,  962,  229,  330,  434,  633,  768,  213,  698,  521,  916,  569,  113,  568,  263,  397,  525,  868,  261,  188,  830,  383, 1094,  280],
        [  908,  908,    0,  447,  346,  821,  772,  554,  586,  676,  502,  327,  217,  269,   85,  213,  277,  483,  459,  304,  590,  498,  513,  923,  173,  192,  708,  524,  618,  819,  472,  175,  216,  211,  584,  695,  232,  387,  515,  662,   59,  519,  175,  601,  566,  449,  873,  227,  339,  435,  830,  691,  541,  299,  755,  724,  396,  951,  391,  532,  886,  499,  776,  630,  383,  285,  992,  722,  420,  545,  312,  636],
        [  911,  911,  447,    0,  721,  745,  628,  388,  248,  457,   56,  624,  231,  203,  528,  610,  315,  154,  648,  170,  827,  188,  835,  995,  277,  268,  469,  643,  861,  771,  209,  621,  448,  625,  395,  747,  654,  579,  276,  630,  427,  740,  329,  447,  369,  725,  771,  656,  217,   59,  945,  592,  730,  559,  380,  698,  221,  700,  817,  347,  838,  344,  906,  519,  514,  163, 1095,  739,  819,  549,  305,  650],
        [  760,  760,  346,  721,    0,  750,  766,  634,  764,  750,  774,  140,  523,  518,  323,  134,  428,  691,  290,  620,  315,  690,  180,  719,  463,  460,  787,  388,  330,  727,  651,  264,  280,  144,  667,  553,  144,  270,  852,  599,  325,  283,  519,  654,  663,  184,  813,  162,  673,  730,  608,  673,  327,  201,  924,  637,  572,  992,  163,  635,  781,  599,  550,  640,  334,  566,  757,  601,  107,  501,  656,  545],
        [  199,  199,  821,  745,  750,    0,  146,  357,  541,  321,  758,  620,  770,  672,  880,  766,  568,  595,  462,  817,  537,  562,  689,  341,  741,  708,  334,  364,  558,   53,  537,  906,  611,  799,  352,  226,  827,  491, 1017,  161,  763,  499,  877,  299,  379,  587,   64,  845,  900,  800,  373,  154,  451,  584,  571,  114,  544,  341,  913,  398,   98,  405,  380,  227,  453,  727,  452,  168,  839,  278,  960,  206],
        [  344,  344,  772,  628,  766,  146,    0,  248,  408,  182,  634,  628,  687,  585,  841,  755,  502,  475,  491,  720,  605,  441,  738,  482,  667,  634,  190,  398,  632,  193,  422,  882,  578,  788,  234,  316,  819,  497,  903,  183,  715,  550,  801,  189,  261,  623,  148,  835,  801,  685,  498,   94,  505,  579,  426,  192,  445,  240,  927,  287,  241,  303,  494,  142,  440,  634,  593,  264,  863,  266,  869,  248],
        [  529,  529,  554,  388,  634,  357,  248,    0,  210,  124,  403,  498,  443,  341,  630,  586,  277,  239,  416,  472,  582,  208,  665,  630,  428,  396,  159,  358,  615,  385,  180,  688,  390,  616,   33,  394,  649,  383,  661,  255,  501,  503,  560,   61,   37,  540,  386,  662,  553,  443,  601,  205,  472,  434,  318,  319,  198,  397,  783,   42,  451,   58,  574,  133,  308,  387,  736,  372,  740,  214,  621,  293],
        [  727,  727,  586,  248,  764,  541,  408,  210,    0,  227,  237,  638,  407,  321,  670,  685,  343,  112,  596,  391,  771,   89,  830,  836,  423,  397,  230,  554,  805,  578,  117,  748,  489,  709,  199,  604,  742,  547,  516,  462,  545,  688,  527,  254,  176,  707,  556,  751,  457,  306,  810,  397,  663,  569,  170,  522,  198,  452,  895,  176,  638,  199,  782,  332,  470,  333,  944,  579,  870,  420,  541,  502],
        [  514,  514,  676,  457,  750,  321,  182,  124,  227,    0,  458,  611,  551,  450,  753,  708,  400,  304,  512,  568,  664,  270,  765,  638,  543,  511,   38,  439,  696,  362,  258,  811,  512,  738,   93,  428,  771,  490,  732,  278,  624,  592,  671,   97,  111,  642,  330,  785,  645,  515,  631,  190,  555,  550,  262,  324,  303,  276,  902,  146,  418,  177,  614,  149,  418,  489,  748,  391,  855,  288,  720,  334],
        [  930,  930,  502,   56,  774,  758,  634,  403,  237,  458,    0,  675,  286,  256,  583,  664,  363,  164,  691,  220,  870,  196,  885, 1021,  332,  323,  466,  680,  905,  787,  225,  677,  500,  680,  406,  776,  709,  624,  279,  652,  482,  784,  381,  459,  379,  773,  780,  711,  256,   88,  976,  606,  772,  608,  349,  718,  255,  687,  872,  362,  852,  364,  939,  535,  557,  219, 1123,  764,  873,  578,  345,  676],
        [  648,  648,  327,  624,  140,  620,  628,  498,  638,  611,  675,    0,  454,  425,  339,  163,  316,  575,  168,  550,  264,  569,  212,  628,  393,  382,  649,  262,  291,  600,  529,  319,  178,  194,  530,  436,  216,  132,  791,  465,  285,  199,  481,  516,  527,  123,  681,  236,  615,  643,  525,  535,  230,   70,  794,  508,  454,  853,  299,  500,  658,  465,  468,  501,  194,  481,  683,  479,  244,  363,  616,  415],
        [  900,  900,  217,  231,  523,  770,  687,  443,  407,  551,  286,  454,    0,  102,  297,  400,  213,  297,  529,   98,  694,  320,  663,  950,   61,   78,  576,  558,  727,  783,  307,  392,  282,  409,  465,  704,  436,  452,  338,  625,  206,  611,  122,  500,  442,  570,  812,  435,  164,  219,  876,  623,  616,  398,  570,  694,  249,  823,  598,  409,  852,  386,  828,  552,  410,   77, 1037,  714,  613,  517,  195,  621],
        [  808,  808,  269,  203,  518,  672,  585,  341,  321,  450,  256,  425,  102,    0,  354,  410,  134,  215,  469,  155,  644,  232,  637,  867,  103,   78,  476,  484,  677,  686,  212,  439,  248,  426,  363,  618,  457,  395,  392,  530,  237,  558,  221,  398,  340,  532,  712,  461,  238,  218,  800,  523,  555,  362,  488,  599,  148,  723,  619,  307,  755,  284,  754,  451,  341,   65,  958,  624,  617,  427,  289,  531],
        [  954,  954,   85,  528,  323,  880,  841,  630,  670,  753,  583,  339,  297,  354,    0,  194,  354,  567,  489,  379,  599,  582,  499,  957,  256,  276,  786,  564,  623,  875,  556,   99,  269,  179,  661,  739,  188,  423,  574,  720,  130,  537,  233,  675,  645,  456,  935,  177,  403,  513,  858,  757,  564,  327,  839,  779,  478, 1027,  333,  610,  941,  577,  802,  699,  433,  367, 1019,  771,  378,  603,  361,  689],
        [  808,  808,  213,  610,  134,  766,  755,  586,  685,  708,  664,  163,  400,  410,  194,    0,  342,  600,  329,  496,  412,  604,  306,  790,  342,  344,  744,  418,  434,  751,  569,  157,  200,   34,  619,  594,   64,  278,  722,  607,  196,  358,  386,  618,  610,  269,  825,   81,  544,  613,  686,  665,  392,  182,  851,  656,  488,  968,  212,  578,  812,  542,  629,  620,  317,  450,  843,  634,  214,  496,  524,  563],
        [  688,  688,  277,  315,  428,  568,  502,  277,  343,  400,  363,  316,  213,  134,  354,  342,    0,  263,  338,  286,  515,  264,  523,  739,  174,  142,  432,  351,  549,  576,  227,  418,  149,  367,  307,  492,  400,  266,  526,  417,  225,  428,  309,  326,  291,  411,  615,  410,  367,  343,  668,  428,  423,  248,  510,  485,  146,  674,  552,  257,  645,  223,  622,  361,  208,  198,  827,  502,  533,  307,  407,  409],
        [  767,  767,  483,  154,  691,  595,  475,  239,  112,  304,  164,  575,  297,  215,  567,  600,  263,    0,  560,  282,  739,   34,  776,  861,  316,  292,  317,  536,  774,  624,   64,  650,  412,  622,  244,  617,  654,  500,  429,  489,  446,  653,  416,  296,  217,  658,  619,  661,  351,  212,  820,  443,  635,  505,  275,  556,  122,  554,  811,  199,  689,  202,  786,  372,  427,  222,  964,  603,  796,  422,  432,  517],
        [  481,  481,  459,  648,  290,  462,  491,  416,  596,  512,  691,  168,  529,  469,  489,  329,  338,  560,    0,  616,  180,  545,  254,  468,  473,  451,  549,   99,  215,  438,  503,  483,  257,  361,  445,  268,  384,   78,  859,  315,  407,   94,  587,  416,  451,  134,  525,  403,  692,  680,  371,  398,   88,  162,  732,  349,  442,  726,  451,  432,  493,  401,  317,  381,  135,  533,  533,  313,  378,  232,  713,  258],
        [  960,  960,  304,  170,  620,  817,  720,  472,  391,  568,  220,  550,   98,  155,  379,  496,  286,  282,  616,    0,  785,  311,  759, 1022,  158,  169,  588,  637,  818,  835,  312,  476,  376,  504,  490,  773,  529,  540,  245,  681,  301,  701,  162,  532,  464,  664,  854,  527,   84,  139,  954,  666,  703,  492,  541,  750,  276,  831,  691,  435,  904,  418,  908,  593,  492,   92, 1112,  777,  709,  580,  153,  684],
        [  484,  484,  590,  827,  315,  537,  605,  582,  771,  664,  870,  264,  694,  644,  599,  412,  515,  739,  180,  785,    0,  724,  172,  414,  636,  618,  700,  226,   35,  499,  682,  566,  414,  437,  608,  312,  449,  249, 1030,  423,  546,   87,  738,  572,  617,  144,  599,  469,  858,  857,  300,  519,  111,  301,  899,  430,  622,  844,  452,  602,  536,  574,  244,  522,  315,  706,  444,  370,  359,  377,  870,  357],
        [  736,  736,  498,  188,  690,  562,  441,  208,   89,  270,  196,  569,  320,  232,  582,  604,  264,   34,  545,  311,  724,    0,  768,  833,  334,  308,  284,  516,  758,  592,   43,  662,  411,  627,  211,  590,  660,  489,  463,  460,  458,  638,  440,  264,  184,  647,  586,  668,  383,  246,  794,  411,  618,  500,  257,  525,  118,  522,  815,  167,  657,  174,  761,  340,  414,  247,  937,  574,  795,  396,  463,  489],
        [  654,  654,  513,  835,  180,  689,  738,  665,  830,  765,  885,  212,  663,  637,  499,  306,  523,  776,  254,  759,  172,  768,    0,  584,  602,  592,  802,  341,  173,  656,  726,  444,  389,  323,  695,  470,  324,  285, 1000,  558,  481,  191,  679,  669,  698,  125,  752,  341,  822,  854,  469,  647,  239,  277,  976,  578,  655,  976,  288,  676,  699,  643,  415,  634,  362,  693,  606,  526,  193,  485,  816,  495],
        [  156,  156,  923,  995,  719,  341,  482,  630,  836,  638, 1021,  628,  950,  867,  957,  790,  739,  861,  468, 1022,  414,  833,  584,    0,  904,  876,  659,  401,  413,  290,  798,  947,  711,  821,  638,  250,  839,  537, 1251,  375,  868,  437, 1032,  583,  661,  536,  376,  860, 1104, 1043,  116,  448,  399,  630,  898,  316,  776,  674,  864,  668,  266,  659,  171,  505,  549,  930,  112,  259,  773,  447, 1144,  346],
        [  860,  860,  173,  277,  463,  741,  667,  428,  423,  543,  332,  393,   61,  103,  256,  342,  174,  316,  473,  158,  636,  334,  602,  904,    0,   34,  571,  508,  668,  749,  314,  346,  223,  353,  454,  660,  380,  396,  399,  590,  151,  554,  136,  483,  433,  510,  786,  381,  223,  273,  827,  597,  560,  339,  590,  658,  245,  818,  544,  399,  819,  371,  777,  528,  359,  114,  988,  674,  555,  479,  242,  581],
        [  830,  830,  192,  268,  460,  708,  634,  396,  397,  511,  323,  382,   78,   78,  276,  344,  142,  292,  451,  169,  618,  308,  592,  876,   34,    0,  540,  482,  650,  717,  286,  363,  207,  358,  421,  631,  387,  375,  413,  559,  162,  534,  169,  450,  400,  495,  753,  389,  241,  271,  800,  564,  539,  324,  564,  626,  215,  786,  550,  366,  787,  339,  752,  495,  333,  107,  961,  643,  555,  448,  269,  551],
        [  530,  530,  708,  469,  787,  334,  190,  159,  230,   38,  466,  649,  576,  476,  786,  744,  432,  317,  549,  588,  700,  284,  802,  659,  571,  540,    0,  475,  731,  378,  278,  846,  548,  774,  127,  457,  807,  528,  742,  306,  656,  628,  697,  135,  142,  679,  336,  821,  664,  528,  657,  214,  591,  587,  240,  348,  328,  247,  939,  176,  430,  210,  643,  181,  456,  512,  770,  417,  892,  323,  741,  365],
        [  393,  393,  524,  643,  388,  364,  398,  358,  554,  439,  680,  262,  558,  484,  564,  418,  351,  536,   99,  637,  226,  516,  341,  401,  508,  482,  475,    0,  258,  340,  474,  569,  310,  450,  383,  178,  475,  143,  876,  219,  468,  156,  632,  346,  394,  227,  426,  495,  717,  682,  319,  307,  116,  241,  675,  251,  426,  635,  550,  381,  397,  355,  271,  299,  150,  548,  481,  218,  476,  152,  749,  160],
        [  494,  494,  618,  861,  330,  558,  632,  615,  805,  696,  905,  291,  727,  677,  623,  434,  549,  774,  215,  818,   35,  758,  173,  413,  668,  650,  731,  258,    0,  518,  716,  586,  445,  458,  641,  333,  468,  283, 1062,  450,  575,  122,  768,  604,  651,  169,  619,  487,  890,  891,  298,  547,  144,  331,  932,  453,  657,  871,  459,  636,  551,  608,  244,  552,  349,  739,  434,  390,  365,  409,  901,  384],
        [  153,  153,  819,  771,  727,   53,  193,  385,  578,  362,  787,  600,  783,  686,  875,  751,  576,  624,  438,  835,  499,  592,  656,  290,  749,  717,  378,  340,  518,    0,  564,  896,  607,  784,  384,  187,  811,  474, 1042,  160,  761,  467,  885,  329,  410,  558,  104,  830,  918,  825,  321,  182,  419,  570,  616,   97,  565,  393,  889,  426,   70,  429,  331,  253,  444,  744,  401,  131,  812,  276,  975,  189],
        [  705,  705,  472,  209,  651,  537,  422,  180,  117,  258,  225,  529,  307,  212,  556,  569,  227,   64,  503,  312,  682,   43,  726,  798,  314,  286,  278,  474,  716,  564,    0,  632,  374,  593,  188,  554,  626,  447,  483,  427,  430,  596,  428,  239,  162,  605,  564,  634,  387,  264,  756,  384,  576,  459,  286,  494,   81,  521,  779,  139,  630,  139,  722,  312,  372,  237,  901,  540,  757,  358,  464,  453],
        [  961,  961,  175,  621,  264,  906,  882,  688,  748,  811,  677,  319,  392,  439,   99,  157,  418,  650,  483,  476,  566,  662,  444,  947,  346,  363,  846,  569,  586,  896,  632,    0,  305,  129,  719,  746,  121,  427,  672,  746,  204,  514,  331,  728,  706,  423,  964,  103,  502,  610,  843,  794,  549,  329,  917,  800,  553, 1081,  241,  672,  958,  637,  785,  742,  454,  459, 1000,  783,  298,  631,  458,  707],
        [  692,  692,  216,  448,  280,  611,  578,  390,  489,  512,  500,  178,  282,  248,  269,  200,  149,  412,  257,  376,  414,  411,  389,  711,  223,  207,  548,  310,  445,  607,  374,  305,    0,  228,  422,  480,  261,  180,  619,  451,  160,  332,  331,  425,  412,  289,  666,  274,  445,  465,  623,  491,  343,  117,  653,  511,  294,  778,  407,  380,  673,  343,  570,  437,  167,  304,  785,  506,  385,  334,  458,  421],
        [  840,  840,  211,  625,  144,  799,  788,  616,  709,  738,  680,  194,  409,  426,  179,   34,  367,  622,  361,  504,  437,  627,  323,  821,  353,  358,  774,  450,  458,  784,  593,  129,  228,    0,  649,  626,   34,  311,  725,  640,  204,  387,  386,  649,  639,  295,  859,   48,  548,  625,  715,  698,  422,  215,  876,  690,  512,  999,  193,  607,  845,  571,  658,  652,  350,  463,  872,  667,  209,  529,  522,  596],
        [  531,  531,  584,  395,  667,  352,  234,   33,  199,   93,  406,  530,  465,  363,  661,  619,  307,  244,  445,  490,  608,  211,  695,  638,  454,  421,  127,  383,  641,  384,  188,  719,  422,  649,    0,  408,  682,  414,  670,  264,  531,  531,  583,   56,   27,  570,  376,  695,  569,  452,  615,  202,  498,  466,  293,  325,  218,  368,  816,   57,  448,   85,  590,  135,  339,  406,  746,  382,  772,  237,  640,  308],
        [  216,  216,  695,  747,  553,  226,  316,  394,  604,  428,  776,  436,  704,  618,  739,  594,  492,  617,  268,  773,  312,  590,  470,  250,  660,  631,  457,  178,  333,  187,  554,  746,  480,  626,  408,    0,  651,  320, 1001,  151,  639,  283,  790,  356,  428,  378,  287,  670,  856,  794,  207,  247,  235,  418,  688,  126,  528,  549,  713,  430,  231,  417,  186,  283,  313,  681,  348,   58,  632,  199,  898,  102],
        [  864,  864,  232,  654,  144,  827,  819,  649,  742,  771,  709,  216,  436,  457,  188,   64,  400,  654,  384,  529,  449,  660,  324,  839,  380,  387,  807,  475,  468,  811,  626,  121,  261,   34,  682,  651,    0,  338,  746,  669,  230,  403,  405,  681,  672,  309,  887,   21,  570,  653,  732,  728,  441,  244,  909,  717,  545, 1031,  164,  640,  871,  604,  675,  683,  380,  492,  887,  693,  192,  559,  540,  623],
        [  535,  535,  387,  579,  270,  491,  497,  383,  547,  490,  624,  132,  452,  395,  423,  278,  266,  500,   78,  540,  249,  489,  285,  537,  396,  375,  528,  143,  283,  474,  447,  427,  180,  311,  414,  320,  338,    0,  784,  334,  334,  163,  510,  394,  416,  161,  551,  357,  615,  608,  444,  404,  165,   99,  692,  380,  380,  724,  430,  392,  534,  359,  391,  372,   78,  458,  607,  357,  370,  232,  636,  286],
        [ 1177, 1177,  515,  276,  852, 1017,  903,  661,  516,  732,  279,  791,  338,  392,  574,  722,  526,  429,  859,  245, 1030,  463, 1000, 1251,  399,  413,  742,  876, 1062, 1042,  483,  672,  619,  725,  670, 1001,  746,  784,    0,  895,  527,  945,  343,  721,  643,  907, 1046,  741,  179,  219, 1189,  864,  946,  736,  618,  964,  479,  965,  904,  620, 1109,  614, 1145,  791,  733,  328, 1346, 1000,  934,  804,  217,  908],
        [  282,  282,  662,  630,  599,  161,  183,  255,  462,  278,  652,  465,  625,  530,  720,  607,  417,  489,  315,  681,  423,  460,  558,  375,  590,  559,  306,  219,  450,  160,  427,  746,  451,  640,  264,  151,  669,  334,  895,    0,  604,  369,  726,  210,  287,  446,  219,  687,  764,  681,  355,   99,  323,  426,  538,   70,  416,  422,  761,  294,  229,  288,  337,  134,  293,  589,  482,  118,  692,  118,  818,   66],
        [  851,  851,   59,  427,  325,  763,  715,  501,  545,  624,  482,  285,  206,  237,  130,  196,  225,  446,  407,  301,  546,  458,  481,  868,  151,  162,  656,  468,  575,  761,  430,  204,  160,  204,  531,  639,  230,  334,  527,  604,    0,  472,  198,  547,  515,  408,  815,  230,  349,  423,  777,  634,  490,  250,  714,  666,  351,  897,  393,  481,  828,  447,  723,  573,  326,  264,  940,  665,  409,  487,  336,  578],
        [  480,  480,  519,  740,  283,  499,  550,  503,  688,  592,  784,  199,  611,  558,  537,  358,  428,  653,   94,  701,   87,  638,  191,  437,  554,  534,  628,  156,  122,  467,  596,  514,  332,  387,  531,  283,  403,  163,  945,  369,  472,    0,  660,  498,  538,  100,  562,  424,  775,  770,  329,  460,   49,  223,  820,  388,  536,  789,  437,  521,  514,  491,  272,  454,  228,  620,  486,  337,  351,  306,  790,  305],
        [  994,  994,  175,  329,  519,  877,  801,  560,  527,  671,  381,  481,  122,  221,  233,  386,  309,  416,  587,  162,  738,  440,  679, 1032,  136,  169,  697,  632,  768,  885,  428,  331,  331,  386,  583,  790,  405,  510,  343,  726,  198,  660,    0,  616,  561,  603,  922,  399,  171,  300,  950,  733,  673,  438,  687,  793,  369,  944,  561,  528,  954,  502,  898,  663,  483,  194, 1112,  807,  594,  614,  138,  715],
        [  475,  475,  601,  447,  654,  299,  189,   61,  254,   97,  459,  516,  500,  398,  675,  618,  326,  296,  416,  532,  572,  264,  669,  583,  483,  450,  135,  346,  604,  329,  239,  728,  425,  649,   56,  356,  681,  394,  721,  210,  547,  498,  616,    0,   81,  545,  326,  695,  613,  502,  562,  147,  462,  455,  336,  269,  257,  354,  808,  101,  394,  115,  540,   79,  322,  446,  692,  327,  759,  196,  681,  257],
        [  556,  556,  566,  369,  663,  379,  261,   37,  176,  111,  379,  527,  442,  340,  645,  610,  291,  217,  451,  464,  617,  184,  698,  661,  433,  400,  142,  394,  651,  410,  162,  706,  412,  639,   27,  428,  672,  416,  643,  287,  515,  538,  561,   81,    0,  574,  403,  685,  544,  425,  635,  228,  507,  462,  283,  348,  194,  387,  810,   35,  474,   69,  609,  159,  339,  382,  768,  404,  769,  250,  615,  327],
        [  579,  579,  449,  725,  184,  587,  623,  540,  707,  642,  773,  123,  570,  532,  456,  269,  411,  658,  134,  664,  144,  647,  125,  536,  510,  495,  679,  227,  169,  558,  605,  423,  289,  295,  570,  378,  309,  161,  907,  446,  408,  100,  603,  545,  574,    0,  650,  329,  732,  749,  426,  531,  146,  172,  852,  474,  537,  859,  338,  552,  608,  519,  368,  513,  238,  591,  579,  429,  255,  365,  737,  386],
        [  223,  223,  873,  771,  813,   64,  148,  386,  556,  330,  780,  681,  812,  712,  935,  825,  615,  619,  525,  854,  599,  586,  752,  376,  786,  753,  336,  426,  619,  104,  564,  964,  666,  859,  376,  287,  887,  551, 1046,  219,  815,  562,  922,  326,  403,  650,    0,  905,  936,  827,  420,  190,  514,  644,  566,  177,  579,  299,  975,  426,  111,  438,  433,  262,  511,  765,  483,  230,  902,  334, 1000,  268],
        [  883,  883,  227,  656,  162,  845,  835,  662,  751,  785,  711,  236,  435,  461,  177,   81,  410,  661,  403,  527,  469,  668,  341,  860,  381,  389,  821,  495,  487,  830,  634,  103,  274,   48,  695,  670,   21,  357,  741,  687,  230,  424,  399,  695,  685,  329,  905,    0,  565,  653,  752,  745,  461,  262,  918,  736,  553, 1046,  165,  653,  890,  617,  695,  699,  397,  494,  907,  712,  202,  576,  533,  642],
        [ 1044, 1044,  339,  217,  673,  900,  801,  553,  457,  645,  256,  615,  164,  238,  403,  544,  367,  351,  692,   84,  858,  383,  822, 1104,  223,  241,  664,  717,  890,  918,  387,  502,  445,  548,  569,  856,  570,  615,  179,  764,  349,  775,  171,  613,  544,  732,  936,  565,    0,  168, 1035,  749,  779,  561,  597,  834,  358,  904,  729,  515,  987,  500,  988,  676,  570,  176, 1194,  861,  756,  664,   90,  768],
        [  962,  962,  435,   59,  730,  800,  685,  443,  306,  515,   88,  643,  219,  218,  513,  613,  343,  212,  680,  139,  857,  246,  854, 1043,  273,  271,  528,  682,  891,  825,  264,  610,  465,  625,  452,  794,  653,  608,  219,  681,  423,  770,  300,  502,  425,  749,  827,  653,  168,    0,  988,  647,  764,  579,  433,  750,  267,  758,  816,  402,  892,  397,  948,  574,  547,  165, 1141,  789,  825,  596,  257,  698],
        [  229,  229,  830,  945,  608,  373,  498,  601,  810,  631,  976,  525,  876,  800,  858,  686,  668,  820,  371,  954,  300,  794,  469,  116,  827,  800,  657,  319,  298,  321,  756,  843,  623,  715,  615,  207,  732,  444, 1189,  355,  777,  329,  950,  562,  635,  426,  420,  752, 1035,  988,    0,  444,  295,  533,  892,  311,  724,  713,  751,  636,  321,  621,   58,  488,  468,  864,  163,  241,  658,  399, 1068,  308],
        [  330,  330,  691,  592,  673,  154,   94,  205,  397,  190,  606,  535,  623,  523,  757,  665,  428,  443,  398,  666,  519,  411,  647,  448,  597,  564,  214,  307,  547,  182,  384,  794,  491,  698,  202,  247,  728,  404,  864,   99,  634,  460,  733,  147,  228,  531,  190,  745,  749,  647,  444,    0,  416,  487,  451,  135,  392,  329,  834,  246,  247,  252,  432,   74,  349,  577,  559,  203,  770,  173,  811,  164],
        [  434,  434,  541,  730,  327,  451,  505,  472,  663,  555,  772,  230,  616,  555,  564,  392,  423,  635,   88,  703,  111,  618,  239,  399,  560,  539,  591,  116,  144,  419,  576,  549,  343,  422,  498,  235,  441,  165,  946,  323,  490,   49,  673,  462,  507,  146,  514,  461,  779,  764,  295,  416,    0,  242,  789,  340,  521,  744,  483,  493,  465,  465,  239,  414,  217,  619,  455,  289,  399,  268,  800,  259],
        [  633,  633,  299,  559,  201,  584,  579,  434,  569,  550,  608,   70,  398,  362,  327,  182,  248,  505,  162,  492,  301,  500,  277,  630,  339,  324,  587,  241,  331,  570,  459,  329,  117,  215,  466,  418,  244,   99,  736,  426,  250,  223,  438,  455,  462,  172,  644,  262,  561,  579,  533,  487,  242,    0,  726,  475,  384,  799,  353,  434,  631,  398,  478,  447,  139,  420,  694,  455,  308,  316,  570,  381],
        [  768,  768,  755,  380,  924,  571,  426,  318,  170,  262,  349,  794,  570,  488,  839,  851,  510,  275,  732,  541,  899,  257,  976,  898,  590,  564,  240,  675,  932,  616,  286,  917,  653,  876,  293,  688,  909,  692,  618,  538,  714,  820,  687,  336,  283,  852,  566,  918,  597,  433,  892,  451,  789,  726,    0,  585,  366,  374, 1059,  301,  666,  334,  873,  406,  615,  494, 1008,  652, 1031,  529,  684,  591],
        [  213,  213,  724,  698,  637,  114,  192,  319,  522,  324,  718,  508,  694,  599,  779,  656,  485,  556,  349,  750,  430,  525,  578,  316,  658,  626,  348,  251,  453,   97,  494,  800,  511,  690,  325,  126,  717,  380,  964,   70,  666,  388,  793,  269,  348,  474,  177,  736,  834,  750,  311,  135,  340,  475,  585,    0,  485,  424,  800,  359,  163,  355,  304,  190,  348,  658,  425,   73,  725,  181,  887,   94],
        [  698,  698,  396,  221,  572,  544,  445,  198,  198,  303,  255,  454,  249,  148,  478,  488,  146,  122,  442,  276,  622,  118,  655,  776,  245,  215,  328,  426,  657,  565,   81,  553,  294,  512,  218,  528,  545,  380,  479,  416,  351,  536,  369,  257,  194,  537,  579,  553,  358,  267,  724,  392,  521,  384,  366,  485,    0,  575,  698,  162,  633,  143,  686,  319,  309,  190,  875,  522,  678,  330,  424,  431],
        [  521,  521,  951,  700,  992,  341,  240,  397,  452,  276,  687,  853,  823,  723, 1027,  968,  674,  554,  726,  831,  844,  522,  976,  674,  818,  786,  247,  635,  871,  393,  521, 1081,  778,  999,  368,  549, 1031,  724,  965,  422,  897,  789,  944,  354,  387,  859,  299, 1046,  904,  758,  713,  329,  744,  799,  374,  424,  575,    0, 1151,  421,  409,  452,  719,  353,  661,  757,  781,  494, 1093,  496,  983,  488],
        [  916,  916,  391,  817,  163,  913,  927,  783,  895,  902,  872,  299,  598,  619,  333,  212,  552,  811,  451,  691,  452,  815,  288,  864,  544,  550,  939,  550,  459,  889,  779,  241,  407,  193,  816,  713,  164,  430,  904,  761,  393,  437,  561,  808,  810,  338,  975,  165,  729,  816,  751,  834,  483,  353, 1059,  800,  698, 1151,    0,  780,  942,  743,  694,  799,  491,  655,  892,  762,   96,  661,  693,  708],
        [  569,  569,  532,  347,  635,  398,  287,   42,  176,  146,  362,  500,  409,  307,  610,  578,  257,  199,  432,  435,  602,  167,  676,  668,  399,  366,  176,  381,  636,  426,  139,  672,  380,  607,   57,  430,  640,  392,  620,  294,  481,  521,  528,  101,   35,  552,  426,  653,  515,  402,  636,  246,  493,  434,  301,  359,  162,  421,  780,    0,  492,   37,  607,  174,  316,  350,  774,  410,  741,  244,  585,  328],
        [  113,  113,  886,  838,  781,   98,  241,  451,  638,  418,  852,  658,  852,  755,  941,  812,  645,  689,  493,  904,  536,  657,  699,  266,  819,  787,  430,  397,  551,   70,  630,  958,  673,  845,  448,  231,  871,  534, 1109,  229,  828,  514,  954,  394,  474,  608,  111,  890,  987,  892,  321,  247,  465,  631,  666,  163,  633,  409,  942,  492,    0,  496,  343,  319,  509,  813,  373,  180,  862,  344, 1044,  253],
        [  568,  568,  499,  344,  599,  405,  303,   58,  199,  177,  364,  465,  386,  284,  577,  542,  223,  202,  401,  418,  574,  174,  643,  659,  371,  339,  210,  355,  608,  429,  139,  637,  343,  571,   85,  417,  604,  359,  614,  288,  447,  491,  502,  115,   69,  519,  438,  617,  500,  397,  621,  252,  465,  398,  334,  355,  143,  452,  743,   37,  496,    0,  590,  178,  282,  331,  763,  401,  705,  225,  566,  316],
        [  263,  263,  776,  906,  550,  380,  494,  574,  782,  614,  939,  468,  828,  754,  802,  629,  622,  786,  317,  908,  244,  761,  415,  171,  777,  752,  643,  271,  244,  331,  722,  785,  570,  658,  590,  186,  675,  391, 1145,  337,  723,  272,  898,  540,  609,  368,  433,  695,  988,  948,   58,  432,  239,  478,  873,  304,  686,  719,  694,  607,  343,  590,    0,  468,  419,  819,  217,  231,  602,  366, 1019,  284],
        [  397,  397,  630,  519,  640,  227,  142,  133,  332,  149,  535,  501,  552,  451,  699,  620,  361,  372,  381,  593,  522,  340,  634,  505,  528,  495,  181,  299,  552,  253,  312,  742,  437,  652,  135,  283,  683,  372,  791,  134,  573,  454,  663,   79,  159,  513,  262,  699,  676,  574,  488,   74,  414,  447,  406,  190,  319,  353,  799,  174,  319,  178,  468,    0,  309,  504,  614,  250,  742,  149,  739,  186],
        [  525,  525,  383,  514,  334,  453,  440,  308,  470,  418,  557,  194,  410,  341,  433,  317,  208,  427,  135,  492,  315,  414,  362,  549,  359,  333,  456,  150,  349,  444,  372,  454,  167,  350,  339,  313,  380,   78,  733,  293,  326,  228,  483,  322,  339,  238,  511,  397,  570,  547,  468,  349,  217,  139,  615,  348,  309,  661,  491,  316,  509,  282,  419,  309,    0,  405,  630,  340,  437,  180,  600,  257],
        [  868,  868,  285,  163,  566,  727,  634,  387,  333,  489,  219,  481,   77,   65,  367,  450,  198,  222,  533,   92,  706,  247,  693,  930,  114,  107,  512,  548,  739,  744,  237,  459,  304,  463,  406,  681,  492,  458,  328,  589,  264,  620,  194,  446,  382,  591,  765,  494,  176,  165,  864,  577,  619,  420,  494,  658,  190,  757,  655,  350,  813,  331,  819,  504,  405,    0, 1022,  686,  661,  488,  235,  593],
        [  261,  261,  992, 1095,  757,  452,  593,  736,  944,  748, 1123,  683, 1037,  958, 1019,  843,  827,  964,  533, 1112,  444,  937,  606,  112,  988,  961,  770,  481,  434,  401,  901, 1000,  785,  872,  746,  348,  887,  607, 1346,  482,  940,  486, 1112,  692,  768,  579,  483,  907, 1194, 1141,  163,  559,  455,  694, 1008,  425,  875,  781,  892,  774,  373,  763,  217,  614,  630, 1022,    0,  365,  798,  546, 1229,  448],
        [  188,  188,  722,  739,  601,  168,  264,  372,  579,  391,  764,  479,  714,  624,  771,  634,  502,  603,  313,  777,  370,  574,  526,  259,  674,  643,  417,  218,  390,  131,  540,  783,  506,  667,  382,   58,  693,  357, 1000,  118,  665,  337,  807,  327,  404,  429,  230,  712,  861,  789,  241,  203,  289,  455,  652,   73,  522,  494,  762,  410,  180,  401,  231,  250,  340,  686,  365,    0,  683,  198,  908,   94],
        [  830,  830,  420,  819,  107,  839,  863,  740,  870,  855,  873,  244,  613,  617,  378,  214,  533,  796,  378,  709,  359,  795,  193,  773,  555,  555,  892,  476,  365,  812,  757,  298,  385,  209,  772,  632,  192,  370,  934,  692,  409,  351,  594,  759,  769,  255,  902,  202,  756,  825,  658,  770,  399,  308, 1031,  725,  678, 1093,   96,  741,  862,  705,  602,  742,  437,  661,  798,  683,    0,  599,  731,  635],
        [  383,  383,  545,  549,  501,  278,  266,  214,  420,  288,  578,  363,  517,  427,  603,  496,  307,  422,  232,  580,  377,  396,  485,  447,  479,  448,  323,  152,  409,  276,  358,  631,  334,  529,  237,  199,  559,  232,  804,  118,  487,  306,  614,  196,  250,  365,  334,  576,  664,  596,  399,  173,  268,  316,  529,  181,  330,  496,  661,  244,  344,  225,  366,  149,  180,  488,  546,  198,  599,    0,  712,  105],
        [ 1094, 1094,  312,  305,  656,  960,  869,  621,  541,  720,  345,  616,  195,  289,  361,  524,  407,  432,  713,  153,  870,  463,  816, 1144,  242,  269,  741,  749,  901,  975,  464,  458,  458,  522,  640,  898,  540,  636,  217,  818,  336,  790,  138,  681,  615,  737, 1000,  533,   90,  257, 1068,  811,  800,  570,  684,  887,  424,  983,  693,  585, 1044,  566, 1019,  739,  600,  235, 1229,  908,  731,  712,    0,  815],
        [  280,  280,  636,  650,  545,  206,  248,  293,  502,  334,  676,  415,  621,  531,  689,  563,  409,  517,  258,  684,  357,  489,  495,  346,  581,  551,  365,  160,  384,  189,  453,  707,  421,  596,  308,  102,  623,  286,  908,   66,  578,  305,  715,  257,  327,  386,  268,  642,  768,  698,  308,  164,  259,  381,  591,   94,  431,  488,  708,  328,  253,  316,  284,  186,  257,  593,  448,   94,  635,  105,  815,    0]
    ]
}
