{
    "name": "random-41-26567",
    "comment": "size=41 seed=26567",
    "nodes": ["+0", "-0", "+1", "-1", "+2", "-2", "+3", "-3", "+4", "-4", "+5", "-5", "+6", "-6", "+7", "-7", "+8", "-8", "+9", "-9", "+10", "-10", "+11", "-11", "+12", "-12", "+13", "-13", "+14", "-14", "+15", "-15", "+16", "-16", "+17", "-17", "+18", "-18", "+19", "-19", "+20", "-20", "+21", "-21", "+22", "-22", "+23", "-23", "+24", "-24", "+25", "-25", "+26", "-26", "+27", "-27", "+28", "-28", "+29", "-29", "+30", "-30", "+31", "-31", "+32", "-32", "+33", "-33", "+34", "-34", "+35", "-35", "+36", "-36", "+37", "-37", "+38", "-38", "+39", "-39", "+40", "-40", "+41", "-41"],
    "precedence": {
        "+0": "-0",
        "+1": "-1",
        "+2": "-2",
        "+3": "-3",
        "+4": "-4",
        "+5": "-5",
        "+6": "-6",
        "+7": "-7",
        "+8": "-8",
        "+9": "-9",
        "+10": "-10",
        "+11": "-11",
        "+12": "-12",
        "+13": "-13",
        "+14": "-14",
        "+15": "-15",
        "+16": "-16",
        "+17": "-17",
        "+18": "-18",
        "+19": "-19",
        "+20": "-20",
        "+21": "-21",
        "+22": "-22",
        "+23": "-23",
        "+24": "-24",
        "+25": "-25",
        "+26": "-26",
        "+27": "-27",
        "+28": "-28",
        "+29": "-29",
        "+30": "-30",
        "+31": "-31",
        "+32": "-32",
        "+33": "-33",
        "+34": "-34",
        "+35": "-35",
        "+36": "-36",
        "+37": "-37",
        "+38": "-38",
        "+39": "-39",
        "+40": "-40",
        "+41": "-41"
    },
    "edges": [
        [    0,    0,  120,  445,  220,  278,  377,  325,  271,  370,  439,  198,  470,  382,  124,  503,  424,  626,  675,  529,  571,  192,  529,   74,  472,  176,  549,  471,  279,  513,  631,  608,  752,  509,  110,   28,  423,  449,  259,  165,  292,  339,  152,  564,  320,  177,  511,  329,  357,  579,  283,  330,  595,  616,  220,  378,  409,  277,  193,  354,   64,  147,  593,  437,  204,  547,  573,  269,  461,  348,  546,  581,  426,  119,  241,  151,  355,  359,  642,  133,  415,  182,  539,  370],
        [    0,    0,  120,  445,  220,  278,  377,  325,  271,  370,  439,  198,  470,  382,  124,  503,  424,  626,  675,  529,  571,  192,  529,   74,  472,  176,  549,  471,  279,  513,  631,  608,  752,  509,  110,   28,  423,  449,  259,  165,  292,  339,  152,  564,  320,  177,  511,  329,  357,  579,  283,  330,  595,  616,  220,  378,  409,  277,  193,  354,   64,  147,  593,  437,  204,  547,  573,  269,  461,  348,  546,  581,  426,  119,  241,  151,  355,  359,  642,  133,  415,  182,  539,  370],
        [  120,  120,    0,  552,  295,  174,  272,  218,  384,  270,  405,  317,  431,  356,    6,  477,  521,  738,  674,  647,  688,  180,  569,  129,  558,   60,  522,  490,  220,  406,  698,  727,  870,  560,  227,  106,  512,  503,  378,  266,  334,  457,  272,  574,  278,  295,  613,  226,  427,  624,  166,  426,  482,  722,  290,  382,  509,  180,  238,  424,   57,   32,  710,  458,  284,  583,  659,  247,  545,  235,  624,  698,  469,  167,  334,  148,  269,  469,  761,  120,  297,  190,  572,  489],
        [  445,  445,  552,    0,  287,  653,  820,  698,  183,  715,  593,  297,  628,  780,  557,  609,   76,  195,  641,  330,  376,  468,  394,  426,  160,  612,  640,  445,  571,  956,  771,  331,  360,  344,  376,  470,  137,  682,  223,  287,  609,  272,  323,  527,  740,  288,  509,  691,  572,  405,  716,  467, 1033,  171,  298,  459,  473,  638,  366,  574,  503,  583,  391,  428,  287,  806,  643,  496,  164,  736,  230,  378,  347,  403,  456,  574,  798,  386,  285,  566,  845,  436,  428,  263],
        [  220,  220,  295,  287,    0,  369,  564,  412,  181,  428,  348,  225,  384,  600,  299,  388,  238,  481,  506,  503,  553,  182,  321,  168,  264,  352,  429,  288,  286,  697,  772,  552,  639,  295,  225,  247,  219,  619,  219,   88,  485,  336,  203,  386,  539,  184,  579,  405,  511,  367,  449,  442,  764,  447,   14,  232,  496,  352,   80,  510,  259,  326,  573,  256,   20,  731,  680,  216,  251,  452,  331,  559,  220,  129,  377,  370,  561,  417,  547,  352,  572,  150,  336,  357],
        [  278,  278,  174,  653,  369,    0,  272,   48,  509,   97,  305,  469,  319,  476,  172,  379,  607,  847,  597,  801,  845,  190,  559,  247,  618,  156,  420,  457,  127,  378,  868,  874,  996,  564,  387,  273,  581,  669,  517,  379,  499,  611,  423,  519,  392,  439,  784,   53,  599,  615,  151,  599,  418,  816,  359,  342,  681,   27,  291,  596,  224,  168,  867,  430,  367,  739,  833,  204,  604,   83,  668,  854,  471,  254,  507,  311,  319,  636,  893,  284,  227,  221,  550,  642],
        [  377,  377,  272,  820,  564,  272,    0,  270,  647,  324,  576,  561,  588,  290,  267,  649,  792, 1002,  868,  871,  905,  420,  814,  400,  827,  213,  689,  720,  395,  137,  770,  960, 1123,  812,  466,  353,  782,  569,  631,  535,  419,  688,  519,  788,  220,  549,  779,  291,  543,  870,  127,  592,  227,  991,  559,  605,  677,  297,  501,  539,  318,  240,  926,  690,  554,  596,  781,  462,  814,  238,  891,  916,  719,  435,  509,  283,   87,  667, 1009,  275,  111,  442,  809,  721],
        [  325,  325,  218,  698,  412,   48,  270,    0,  556,   63,  311,  516,  320,  498,  215,  384,  649,  891,  604,  849,  893,  232,  585,  294,  657,  192,  421,  479,  152,  362,  906,  921, 1042,  594,  434,  318,  621,  706,  564,  426,  537,  659,  470,  534,  414,  486,  830,   22,  640,  641,  161,  643,  391,  859,  402,  366,  726,   61,  334,  636,  269,  208,  915,  454,  411,  771,  875,  234,  643,   45,  705,  902,  501,  300,  551,  349,  328,  683,  940,  323,  207,  264,  573,  689],
        [  271,  271,  384,  183,  181,  509,  647,  556,    0,  584,  528,  119,  564,  598,  389,  565,  188,  356,  658,  323,  373,  341,  437,  267,  268,  443,  604,  441,  451,  783,  647,  375,  488,  396,  194,  294,  218,  527,   57,  131,  434,  165,  141,  537,  557,  105,  420,  553,  415,  469,  550,  321,  865,  351,  194,  408,  352,  498,  250,  416,  332,  414,  393,  413,  169,  649,  537,  391,  262,  590,  351,  379,  353,  257,  288,  393,  620,  266,  384,  386,  681,  310,  463,  181],
        [  370,  370,  270,  715,  428,   97,  324,   63,  584,    0,  272,  555,  275,  560,  268,  341,  661,  909,  562,  886,  931,  247,  566,  330,  660,  251,  375,  456,  148,  405,  964,  955, 1065,  580,  477,  367,  628,  765,  597,  454,  595,  697,  509,  501,  476,  522,  879,   46,  696,  621,  221,  694,  420,  871,  417,  346,  775,   94,  349,  693,  318,  264,  953,  434,  430,  832,  929,  230,  646,   87,  702,  940,  489,  328,  602,  407,  388,  728,  967,  380,  249,  280,  551,  727],
        [  439,  439,  405,  593,  348,  305,  576,  311,  528,  272,    0,  556,   37,  757,  407,   75,  523,  777,  293,  850,  900,  247,  324,  368,  488,  427,  118,  210,  192,  673, 1068,  894,  952,  352,  516,  453,  473,  887,  564,  419,  725,  681,  520,  233,  675,  515,  913,  291,  794,  374,  455,  753,  692,  719,  335,  136,  821,  280,  290,  792,  422,  421,  920,  200,  362,  980,  998,  170,  474,  352,  502,  906,  278,  332,  671,  550,  622,  751,  874,  522,  516,  262,  301,  703],
        [  198,  198,  317,  297,  225,  469,  561,  516,  119,  555,  556,    0,  591,  484,  322,  605,  306,  454,  730,  333,  377,  332,  528,  225,  383,  372,  648,  511,  440,  696,  552,  410,  562,  492,   95,  215,  332,  416,   76,  140,  316,  143,   47,  609,  449,   42,  359,  518,  304,  566,  478,  221,  785,  460,  235,  454,  272,  463,  266,  304,  261,  343,  399,  479,  206,  536,  456,  398,  376,  543,  465,  386,  434,  238,  173,  291,  524,  196,  449,  290,  610,  306,  549,  174],
        [  470,  470,  431,  628,  384,  319,  588,  320,  564,  275,   37,  591,    0,  779,  432,   67,  557,  810,  288,  886,  936,  279,  346,  400,  519,  448,  101,  233,  214,  679, 1100,  930,  986,  377,  549,  483,  506,  918,  600,  455,  755,  717,  555,  242,  697,  550,  948,  299,  826,  394,  470,  787,  693,  751,  371,  170,  855,  295,  326,  824,  451,  445,  956,  227,  398, 1009, 1032,  202,  506,  359,  531,  942,  308,  366,  704,  577,  638,  786,  909,  549,  523,  295,  320,  739],
        [  382,  382,  356,  780,  600,  476,  290,  498,  598,  560,  757,  484,  779,    0,  353,  829,  779,  931, 1029,  718,  740,  533,  908,  446,  842,  331,  874,  840,  566,  362,  493,  816, 1010,  890,  407,  356,  791,  302,  559,  534,  203,  567,  459,  927,   85,  494,  566,  517,  317,  960,  342,  405,  470,  944,  601,  736,  477,  495,  570,  312,  358,  336,  758,  807,  583,  308,  531,  602,  832,  484,  920,  751,  806,  493,  352,  232,  204,  501,  892,  254,  400,  538,  915,  596],
        [  124,  124,    6,  557,  299,  172,  267,  215,  389,  268,  407,  322,  432,  353,    0,  478,  526,  743,  676,  651,  693,  183,  573,  134,  562,   55,  524,  494,  220,  401,  700,  732,  875,  564,  231,  110,  517,  504,  382,  271,  335,  461,  276,  577,  275,  300,  616,  224,  429,  627,  161,  429,  477,  727,  294,  385,  512,  179,  242,  426,   61,   27,  714,  461,  289,  583,  661,  249,  550,  231,  628,  702,  473,  171,  337,  148,  265,  473,  765,  120,  292,  194,  575,  493],
        [  503,  503,  477,  609,  388,  379,  649,  384,  565,  341,   75,  605,   67,  829,  478,    0,  536,  785,  222,  885,  935,  312,  295,  431,  488,  500,   46,  187,  265,  744, 1129,  922,  963,  331,  573,  518,  481,  951,  606,  466,  792,  723,  573,  179,  748,  564,  963,  363,  856,  339,  529,  809,  759,  722,  375,  158,  874,  354,  340,  854,  490,  493,  955,  189,  404, 1047, 1054,  236,  476,  423,  491,  940,  273,  392,  730,  620,  696,  800,  893,  592,  587,  323,  266,  743],
        [  424,  424,  521,   76,  238,  607,  792,  649,  188,  661,  523,  306,  557,  779,  526,  536,    0,  255,  565,  399,  447,  418,  319,  393,   93,  581,  566,  369,  515,  927,  816,  406,  429,  270,  372,  450,   61,  711,  239,  260,  621,  315,  322,  451,  732,  287,  564,  641,  599,  333,  682,  499,  999,  210,  248,  388,  516,  589,  316,  600,  477,  553,  463,  353,  243,  833,  693,  437,   94,  689,  173,  449,  272,  363,  474,  563,  778,  428,  360,  551,  808,  386,  353,  313],
        [  626,  626,  738,  195,  481,  847, 1002,  891,  356,  909,  777,  454,  810,  931,  743,  785,  255,    0,  781,  320,  350,  663,  535,  615,  300,  797,  811,  609,  765, 1138,  827,  263,  183,  485,  544,  650,  304,  782,  379,  475,  744,  373,  489,  678,  901,  457,  546,  885,  681,  528,  903,  570, 1220,   85,  492,  641,  547,  832,  561,  683,  687,  769,  355,  597,  481,  904,  686,  689,  311,  929,  330,  345,  514,  595,  586,  743,  974,  472,  161,  739, 1033,  630,  571,  349],
        [  675,  675,  674,  641,  506,  597,  868,  604,  658,  562,  293,  730,  288, 1029,  676,  222,  565,  781,    0,  956, 1005,  498,  249,  602,  489,  705,  191,  220,  477,  965, 1277,  970,  963,  299,  723,  696,  505, 1115,  709,  594,  966,  823,  708,  122,  951,  690, 1077,  583, 1012,  257,  745,  948,  980,  705,  497,  298, 1000,  571,  489, 1011,  677,  695, 1023,  251,  526, 1221, 1185,  428,  481,  644,  454, 1008,  307,  557,  879,  809,  910,  918,  917,  782,  809,  497,  214,  836],
        [  529,  529,  647,  330,  503,  801,  871,  849,  323,  886,  850,  333,  886,  718,  651,  885,  399,  320,  956,    0,   51,  654,  715,  557,  489,  698,  922,  746,  764, 1000,  512,  101,  311,  667,  421,  542,  458,  503,  293,  443,  516,  191,  379,  837,  713,  364,  231,  850,  419,  731,  803,  315, 1097,  386,  516,  728,  260,  795,  570,  423,  591,  671,   71,  722,  491,  616,  369,  710,  492,  876,  557,   57,  651,  562,  372,  589,  818,  217,  200,  597,  933,  624,  747,  160],
        [  571,  571,  688,  376,  553,  845,  905,  893,  373,  931,  900,  377,  936,  740,  693,  935,  447,  350, 1005,   51,    0,  701,  764,  602,  536,  738,  973,  796,  811, 1033,  499,  101,  314,  716,  462,  583,  506,  509,  341,  491,  538,  235,  423,  886,  741,  410,  222,  894,  434,  779,  842,  336, 1132,  420,  566,  778,  271,  840,  619,  438,  632,  711,   22,  772,  540,  618,  355,  759,  539,  919,  603,   12,  701,  609,  401,  623,  850,  243,  213,  633,  971,  672,  796,  205],
        [  192,  192,  180,  468,  182,  190,  420,  232,  341,  247,  247,  332,  279,  533,  183,  312,  418,  663,  498,  654,  701,    0,  397,  123,  428,  221,  358,  312,  111,  545,  822,  715,  818,  393,  276,  207,  391,  640,  361,  212,  480,  470,  291,  395,  457,  295,  682,  223,  548,  452,  296,  512,  600,  628,  171,  203,  585,  172,  103,  545,  181,  204,  723,  279,  183,  735,  757,   78,  415,  273,  482,  709,  299,   95,  427,  312,  438,  522,  722,  285,  406,   33,  396,  497],
        [  529,  529,  569,  394,  321,  559,  814,  585,  437,  566,  324,  528,  346,  908,  573,  295,  319,  535,  249,  715,  764,  397,    0,  463,  240,  617,  305,  115,  434,  933, 1078,  724,  717,   51,  544,  554,  259,  936,  492,  405,  805,  599,  516,  146,  839,  491,  855,  568,  827,   57,  688,  748,  975,  460,  316,  220,  788,  534,  339,  826,  552,  597,  781,  133,  340, 1050,  973,  356,  233,  629,  211,  767,  103,  416,  692,  678,  834,  702,  668,  655,  785,  380,   37,  607],
        [   74,   74,  129,  426,  168,  247,  400,  294,  267,  330,  368,  225,  400,  446,  134,  431,  393,  615,  602,  557,  602,  123,  463,    0,  430,  188,  477,  399,  220,  535,  701,  628,  754,  447,  156,   94,  383,  521,  271,  141,  365,  368,  181,  492,  378,  193,  564,  294,  426,  515,  291,  391,  608,  595,  164,  305,  465,  239,  124,  424,   93,  161,  624,  366,  155,  620,  636,  199,  417,  325,  498,  611,  360,   48,  305,  215,  394,  407,  649,  193,  419,  109,  471,  397],
        [  472,  472,  558,  160,  264,  618,  827,  657,  268,  660,  488,  383,  519,  842,  562,  488,   93,  300,  489,  489,  536,  428,  240,  430,    0,  615,  513,  309,  513,  960,  906,  488,  482,  190,  438,  500,   52,  795,  323,  310,  695,  406,  392,  380,  789,  358,  656,  646,  683,  246,  711,  586, 1024,  234,  270,  353,  607,  598,  331,  684,  519,  589,  551,  300,  275,  916,  785,  431,   15,  700,   83,  537,  216,  393,  555,  619,  822,  519,  429,  604,  831,  399,  276,  405],
        [  176,  176,   60,  612,  352,  156,  213,  192,  443,  251,  427,  372,  448,  331,   55,  500,  581,  797,  705,  698,  738,  221,  617,  188,  615,    0,  544,  532,  236,  347,  714,  781,  927,  610,  279,  158,  570,  514,  434,  325,  345,  509,  326,  611,  249,  352,  650,  206,  449,  672,  108,  461,  423,  781,  347,  420,  545,  171,  292,  446,  113,   30,  760,  500,  342,  584,  686,  279,  602,  199,  680,  748,  518,  223,  369,  157,  218,  513,  817,  132,  240,  238,  616,  541],
        [  549,  549,  522,  640,  429,  420,  689,  421,  604,  375,  118,  648,  101,  874,  524,   46,  566,  811,  191,  922,  973,  358,  305,  477,  513,  544,    0,  205,  309,  780, 1174,  957,  991,  346,  618,  564,  509,  997,  647,  508,  838,  764,  616,  174,  792,  607, 1005,  400,  901,  344,  570,  854,  791,  745,  417,  197,  917,  395,  384,  899,  536,  538,  992,  214,  445, 1093, 1098,  282,  501,  460,  508,  978,  298,  437,  775,  665,  738,  843,  924,  637,  623,  368,  273,  783],
        [  471,  471,  490,  445,  288,  457,  720,  479,  441,  456,  210,  511,  233,  840,  494,  187,  369,  609,  220,  746,  796,  312,  115,  399,  309,  532,  205,    0,  331,  834, 1059,  769,  789,  146,  507,  493,  311,  902,  491,  375,  758,  605,  490,   99,  766,  471,  858,  461,  796,  167,  594,  729,  870,  541,  279,  116,  780,  431,  279,  795,  482,  516,  814,   34,  307, 1010,  965,  259,  298,  524,  305,  800,   98,  352,  663,  613,  747,  699,  728,  588,  683,  303,   95,  620],
        [  279,  279,  220,  571,  286,  127,  395,  152,  451,  148,  192,  440,  214,  566,  220,  265,  515,  765,  477,  764,  811,  111,  434,  220,  513,  236,  309,  331,    0,  504,  906,  825,  924,  442,  376,  286,  481,  716,  471,  323,  550,  579,  397,  394,  484,  403,  784,  137,  632,  490,  270,  608,  541,  725,  274,  216,  684,  101,  207,  629,  247,  232,  832,  304,  290,  801,  852,   84,  499,  197,  556,  819,  350,  203,  520,  367,  434,  626,  830,  339,  353,  142,  424,  606],
        [  513,  513,  406,  956,  697,  378,  137,  362,  783,  405,  673,  696,  679,  362,  401,  744,  927, 1138,  965, 1000, 1033,  545,  933,  535,  960,  347,  780,  834,  504,    0,  855, 1092, 1257,  935,  601,  489,  916,  661,  766,  671,  527,  820,  654,  895,  314,  685,  895,  382,  652,  989,  251,  712,  108, 1126,  691,  719,  795,  403,  631,  647,  453,  375, 1054,  806,  688,  667,  883,  578,  947,  321, 1021, 1044,  841,  568,  634,  412,  185,  792, 1143,  408,  157,  569,  926,  853],
        [  631,  631,  698,  771,  772,  868,  770,  906,  647,  964, 1068,  552, 1100,  493,  700, 1129,  816,  827, 1277,  512,  499,  822, 1078,  701,  906,  714, 1174, 1059,  906,  855,    0,  599,  812, 1040,  558,  621,  860,  204,  591,  684,  370,  502,  570, 1158,  551,  590,  282,  919,  275, 1114,  779,  332,  963,  881,  781,  990,  300,  877,  794,  278,  661,  700,  505, 1027,  752,  206,  144,  899,  903,  909,  988,  508,  986,  738,  400,  558,  687,  388,  710,  584,  872,  808, 1100,  509],
        [  608,  608,  727,  331,  552,  874,  960,  921,  375,  955,  894,  410,  930,  816,  732,  922,  406,  263,  970,  101,  101,  715,  724,  628,  488,  781,  957,  769,  825, 1092,  599,    0,  215,  674,  502,  624,  466,  601,  358,  504,  615,  273,  456,  855,  810,  436,  321,  921,  519,  733,  887,  415, 1187,  340,  565,  766,  360,  866,  625,  523,  671,  752,   98,  749,  542,  713,  455,  766,  493,  951,  546,   92,  672,  627,  469,  680,  911,  316,  115,  686, 1018,  684,  758,  240],
        [  752,  752,  870,  360,  639,  996, 1123, 1042,  488, 1065,  952,  562,  986, 1010,  875,  963,  429,  183,  963,  311,  314,  818,  717,  754,  482,  927,  991,  789,  924, 1257,  812,  215,    0,  667,  657,  773,  483,  813,  494,  617,  812,  446,  604,  860,  994,  576,  536, 1037,  726,  709, 1035,  618, 1346,  260,  651,  817,  571,  983,  718,  729,  815,  898,  308,  777,  636,  927,  668,  853,  492, 1077,  511,  305,  694,  742,  659,  849, 1083,  516,  119,  851, 1166,  786,  753,  415],
        [  509,  509,  560,  344,  295,  564,  812,  594,  396,  580,  352,  492,  377,  890,  564,  331,  270,  485,  299,  667,  716,  393,   51,  447,  190,  610,  346,  146,  442,  935, 1040,  674,  667,    0,  515,  535,  210,  904,  452,  375,  778,  556,  484,  194,  824,  457,  812,  578,  793,   75,  687,  711,  981,  411,  292,  236,  748,  540,  324,  793,  538,  589,  732,  153,  314, 1020,  932,  361,  182,  638,  164,  718,   94,  400,  659,  659,  826,  661,  618,  638,  790,  373,   87,  563],
        [  110,  110,  227,  376,  225,  387,  466,  434,  194,  477,  516,   95,  549,  407,  231,  573,  372,  544,  723,  421,  462,  276,  544,  156,  438,  279,  618,  507,  376,  601,  558,  502,  657,  515,    0,  122,  387,  395,  166,  141,  264,  231,   55,  605,  364,   89,  409,  438,  290,  589,  385,  238,  690,  545,  231,  432,  310,  384,  236,  288,  171,  251,  484,  474,  205,  507,  483,  349,  429,  458,  518,  472,  445,  184,  159,  200,  431,  253,  543,  196,  516,  255,  561,  263],
        [   28,   28,  106,  470,  247,  273,  353,  318,  294,  367,  453,  215,  483,  356,  110,  518,  450,  650,  696,  542,  583,  207,  554,   94,  500,  158,  564,  493,  286,  489,  621,  624,  773,  535,  122,    0,  450,  435,  279,  191,  274,  352,  170,  585,  293,  197,  513,  325,  346,  605,  264,  329,  574,  641,  246,  398,  409,  274,  217,  344,   50,  129,  605,  459,  231,  530,  568,  283,  488,  339,  573,  593,  451,  141,  238,  125,  329,  365,  661,  106,  396,  200,  563,  385],
        [  423,  423,  512,  137,  219,  581,  782,  621,  218,  628,  473,  332,  506,  791,  517,  481,   61,  304,  505,  458,  506,  391,  259,  383,   52,  570,  509,  311,  481,  916,  860,  466,  483,  210,  387,  450,    0,  745,  274,  261,  644,  362,  341,  390,  739,  307,  615,  611,  633,  275,  667,  538,  982,  249,  226,  338,  562,  561,  291,  634,  472,  544,  522,  296,  229,  866,  742,  400,   44,  663,  134,  509,  214,  348,  504,  569,  775,  473,  418,  554,  789,  360,  292,  363],
        [  449,  449,  503,  682,  619,  669,  569,  706,  527,  765,  887,  416,  918,  302,  504,  951,  711,  782, 1115,  503,  509,  640,  936,  521,  795,  514,  997,  902,  716,  661,  204,  601,  813,  904,  395,  435,  745,    0,  473,  532,  170,  417,  421,  999,  351,  448,  299,  719,  113,  978,  576,  217,  768,  820,  625,  821,  243,  680,  627,  112,  470,  502,  523,  868,  599,  124,  232,  717,  789,  707,  878,  520,  838,  563,  245,  359,  487,  311,  699,  386,  670,  630,  954,  436],
        [  259,  259,  378,  223,  219,  517,  631,  564,   57,  597,  564,   76,  600,  559,  382,  606,  239,  379,  709,  293,  341,  361,  492,  271,  323,  434,  647,  491,  471,  766,  591,  358,  494,  452,  166,  279,  274,  473,    0,  151,  387,  118,  112,  588,  524,   83,  368,  563,  361,  525,  542,  265,  853,  385,  231,  450,  297,  508,  279,  362,  322,  405,  362,  462,  203,  595,  481,  419,  317,  595,  406,  349,  406,  271,  236,  365,  597,  211,  384,  362,  673,  331,  517,  139],
        [  165,  165,  266,  287,   88,  379,  535,  426,  131,  454,  419,  140,  455,  534,  271,  466,  260,  475,  594,  443,  491,  212,  405,  141,  310,  325,  508,  375,  323,  671,  684,  504,  617,  375,  141,  191,  261,  532,  151,    0,  404,  264,  115,  474,  479,   99,  498,  423,  424,  449,  430,  355,  747,  457,   97,  314,  411,  368,  130,  423,  218,  297,  513,  343,   68,  646,  594,  269,  300,  460,  387,  499,  306,  126,  290,  309,  519,  335,  515,  294,  559,  182,  422,  289],
        [  292,  292,  334,  609,  485,  499,  419,  537,  434,  595,  725,  316,  755,  203,  335,  792,  621,  744,  966,  516,  538,  480,  805,  365,  695,  345,  838,  758,  550,  527,  370,  615,  812,  778,  264,  274,  644,  170,  387,  404,    0,  373,  304,  853,  215,  337,  371,  550,  125,  851,  411,  202,  633,  765,  489,  669,  277,  511,  479,  121,  305,  333,  556,  724,  465,  256,  362,  557,  687,  539,  776,  549,  704,  410,  158,  189,  344,  300,  694,  217,  514,  473,  819,  401],
        [  339,  339,  457,  272,  336,  611,  688,  659,  165,  697,  681,  143,  717,  567,  461,  723,  315,  373,  823,  191,  235,  470,  599,  368,  406,  509,  764,  605,  579,  820,  502,  273,  446,  556,  231,  352,  362,  417,  118,  264,  373,    0,  189,  702,  548,  176,  257,  660,  311,  627,  615,  201,  914,  405,  348,  568,  203,  606,  393,  313,  401,  481,  257,  577,  320,  540,  380,  531,  404,  685,  487,  244,  518,  376,  216,  409,  642,  115,  329,  414,  745,  442,  626,   33],
        [  152,  152,  272,  323,  203,  423,  519,  470,  141,  509,  520,   47,  555,  459,  276,  573,  322,  489,  708,  379,  423,  291,  516,  181,  392,  326,  616,  490,  397,  654,  570,  456,  604,  484,   55,  170,  341,  421,  112,  115,  304,  189,    0,  588,  417,   36,  394,  472,  311,  558,  433,  241,  742,  491,  211,  425,  302,  417,  233,  310,  215,  298,  445,  458,  183,  537,  483,  359,  384,  497,  473,  432,  419,  196,  176,  255,  485,  232,  492,  250,  565,  266,  535,  220],
        [  564,  564,  574,  527,  386,  519,  788,  534,  537,  501,  233,  609,  242,  927,  577,  179,  451,  678,  122,  837,  886,  395,  146,  492,  380,  611,  174,   99,  394,  895, 1158,  855,  860,  194,  605,  585,  390,  999,  588,  474,  853,  702,  588,    0,  851,  569,  955,  515,  894,  175,  663,  828,  921,  605,  377,  192,  879,  493,  374,  893,  571,  597,  904,  131,  406, 1106, 1064,  332,  370,  577,  357,  890,  186,  445,  761,  702,  822,  796,  806,  677,  740,  390,  110,  715],
        [  320,  320,  278,  740,  539,  392,  220,  414,  557,  476,  675,  449,  697,   85,  275,  748,  732,  901,  951,  713,  741,  457,  839,  378,  789,  249,  792,  766,  484,  314,  551,  810,  994,  824,  364,  293,  739,  351,  524,  479,  215,  548,  417,  851,    0,  452,  586,  433,  339,  892,  259,  410,  421,  907,  538,  659,  489,  411,  501,  335,  288,  256,  760,  733,  523,  378,  570,  523,  778,  401,  864,  752,  737,  424,  341,  170,  137,  499,  877,  188,  326,  464,  844,  580],
        [  177,  177,  295,  288,  184,  439,  549,  486,  105,  522,  515,   42,  550,  494,  300,  564,  287,  457,  690,  364,  410,  295,  491,  193,  358,  352,  607,  471,  403,  685,  590,  436,  576,  457,   89,  197,  307,  448,   83,   99,  337,  176,   36,  569,  452,    0,  400,  487,  337,  531,  459,  259,  771,  456,  194,  412,  313,  432,  225,  337,  240,  323,  432,  439,  165,  566,  496,  359,  350,  516,  440,  418,  396,  201,  204,  289,  518,  237,  466,  283,  591,  267,  511,  205],
        [  511,  511,  613,  509,  579,  784,  779,  830,  420,  879,  913,  359,  948,  566,  616,  963,  564,  546, 1077,  231,  222,  682,  855,  564,  656,  650, 1005,  858,  784,  895,  282,  321,  536,  812,  409,  513,  615,  299,  368,  498,  371,  257,  394,  955,  586,  400,    0,  837,  250,  883,  743,  191, 1000,  604,  590,  810,  106,  786,  624,  254,  562,  628,  232,  829,  561,  400,  140,  752,  655,  846,  734,  232,  773,  588,  282,  508,  711,  163,  430,  526,  862,  659,  882,  252],
        [  329,  329,  226,  691,  405,   53,  291,   22,  553,   46,  291,  518,  299,  517,  224,  363,  641,  885,  583,  850,  894,  223,  568,  294,  646,  206,  400,  461,  137,  382,  919,  921, 1037,  578,  438,  325,  611,  719,  563,  423,  550,  660,  472,  515,  433,  487,  837,    0,  651,  624,  181,  651,  409,  851,  394,  348,  733,   56,  326,  648,  276,  219,  916,  437,  405,  787,  885,  220,  632,   63,  692,  903,  486,  297,  559,  361,  349,  688,  937,  335,  227,  256,  556,  690],
        [  357,  357,  427,  572,  511,  599,  543,  640,  415,  696,  794,  304,  826,  317,  429,  856,  599,  681, 1012,  419,  434,  548,  827,  426,  683,  449,  901,  796,  632,  652,  275,  519,  726,  793,  290,  346,  633,  113,  361,  424,  125,  311,  311,  894,  339,  337,  250,  651,    0,  867,  527,  112,  758,  715,  518,  720,  164,  607,  525,    5,  387,  433,  450,  763,  491,  235,  241,  624,  677,  648,  766,  445,  729,  465,  135,  294,  469,  212,  609,  318,  635,  534,  846,  332],
        [  579,  579,  624,  405,  367,  615,  870,  641,  469,  621,  374,  566,  394,  960,  627,  339,  333,  528,  257,  731,  779,  452,   57,  515,  246,  672,  344,  167,  490,  989, 1114,  733,  709,   75,  589,  605,  275,  978,  525,  449,  851,  627,  558,  175,  892,  531,  883,  624,  867,    0,  744,  784, 1031,  450,  364,  276,  821,  590,  391,  867,  605,  652,  795,  188,  386, 1094, 1004,  412,  241,  685,  199,  781,  155,  468,  733,  729,  889,  734,  669,  707,  841,  435,   74,  633],
        [  283,  283,  166,  716,  449,  151,  127,  161,  550,  221,  455,  478,  470,  342,  161,  529,  682,  903,  745,  803,  842,  296,  688,  291,  711,  108,  570,  594,  270,  251,  779,  887, 1035,  687,  385,  264,  667,  576,  542,  430,  411,  615,  433,  663,  259,  459,  743,  181,  527,  744,    0,  553,  318,  885,  442,  479,  638,  176,  381,  523,  220,  137,  863,  564,  441,  628,  767,  336,  697,  142,  771,  852,  594,  320,  463,  236,  170,  612,  924,  217,  132,  319,  683,  647],
        [  330,  330,  426,  467,  442,  599,  592,  643,  321,  694,  753,  221,  787,  405,  429,  809,  499,  570,  948,  315,  336,  512,  748,  391,  586,  461,  854,  729,  608,  712,  332,  415,  618,  711,  238,  329,  538,  217,  265,  355,  202,  201,  241,  828,  410,  259,  191,  651,  112,  784,  553,    0,  815,  605,  451,  664,   86,  602,  470,  114,  376,  439,  354,  697,  422,  340,  246,  587,  581,  658,  669,  347,  654,  422,   93,  318,  528,  102,  500,  336,  673,  493,  769,  221],
        [  595,  595,  482, 1033,  764,  418,  227,  391,  865,  420,  692,  785,  693,  470,  477,  759,  999, 1220,  980, 1097, 1132,  600,  975,  608, 1024,  423,  791,  870,  541,  108,  963, 1187, 1346,  981,  690,  574,  982,  768,  853,  747,  633,  914,  742,  921,  421,  771, 1000,  409,  758, 1031,  318,  815,    0, 1203,  756,  756,  899,  442,  693,  754,  534,  452, 1153,  844,  757,  773,  990,  621, 1011,  347, 1081, 1142,  888,  637,  734,  509,  290,  892, 1233,  501,  194,  627,  964,  947],
        [  616,  616,  722,  171,  447,  816,  991,  859,  351,  871,  719,  460,  751,  944,  727,  722,  210,   85,  705,  386,  420,  628,  460,  595,  234,  781,  745,  541,  725, 1126,  881,  340,  260,  411,  545,  641,  249,  820,  385,  457,  765,  405,  491,  605,  907,  456,  604,  851,  715,  450,  885,  605, 1203,    0,  457,  584,  592,  799,  526,  717,  674,  753,  428,  533,  450,  943,  743,  646,  246,  899,  252,  417,  449,  569,  609,  744,  969,  512,  244,  736, 1013,  596,  496,  386],
        [  220,  220,  290,  298,   14,  359,  559,  402,  194,  417,  335,  235,  371,  601,  294,  375,  248,  492,  497,  516,  566,  171,  316,  164,  270,  347,  417,  279,  274,  691,  781,  565,  651,  292,  231,  246,  226,  625,  231,   97,  489,  348,  211,  377,  538,  194,  590,  394,  518,  364,  442,  451,  756,  457,    0,  221,  507,  342,   69,  517,  256,  321,  586,  247,   30,  737,  690,  204,  256,  442,  334,  572,  215,  124,  385,  370,  557,  429,  559,  351,  564,  139,  331,  369],
        [  378,  378,  382,  459,  232,  342,  605,  366,  408,  346,  136,  454,  170,  736,  385,  158,  388,  641,  298,  728,  778,  203,  220,  305,  353,  420,  197,  116,  216,  719,  990,  766,  817,  236,  432,  398,  338,  821,  450,  314,  669,  568,  425,  192,  659,  412,  810,  348,  720,  276,  479,  664,  756,  584,  221,    0,  724,  316,  196,  718,  380,  406,  798,   89,  250,  924,  907,  144,  340,  410,  374,  783,  150,  260,  590,  512,  634,  648,  741,  486,  568,  200,  209,  587],
        [  409,  409,  509,  473,  496,  681,  677,  726,  352,  775,  821,  272,  855,  477,  512,  874,  516,  547, 1000,  260,  271,  585,  788,  465,  607,  545,  917,  780,  684,  795,  300,  360,  571,  748,  310,  409,  562,  243,  297,  411,  277,  203,  302,  879,  489,  313,  106,  733,  164,  821,  638,   86,  899,  592,  507,  724,    0,  683,  534,  168,  458,  523,  287,  750,  477,  360,  186,  657,  604,  742,  688,  282,  700,  492,  177,  404,  611,   89,  456,  421,  758,  563,  813,  211],
        [  277,  277,  180,  638,  352,   27,  297,   61,  498,   94,  280,  463,  295,  495,  179,  354,  589,  832,  571,  795,  840,  172,  534,  239,  598,  171,  395,  431,  101,  403,  877,  866,  983,  540,  384,  274,  561,  680,  508,  368,  511,  606,  417,  493,  411,  432,  786,   56,  607,  590,  176,  602,  442,  799,  342,  316,  683,    0,  274,  604,  226,  178,  862,  404,  351,  753,  838,  180,  584,  102,  647,  849,  447,  242,  510,  322,  344,  635,  882,  295,  252,  204,  524,  636],
        [  193,  193,  238,  366,   80,  291,  501,  334,  250,  349,  290,  266,  326,  570,  242,  340,  316,  561,  489,  570,  619,  103,  339,  124,  331,  292,  384,  279,  207,  631,  794,  625,  718,  324,  236,  217,  291,  627,  279,  130,  479,  393,  233,  374,  501,  225,  624,  326,  525,  391,  381,  470,  693,  526,   69,  196,  534,  274,    0,  523,  214,  268,  640,  245,   84,  733,  714,  142,  318,  374,  391,  626,  237,   77,  395,  339,  506,  462,  624,  316,  500,   71,  347,  417],
        [  354,  354,  424,  574,  510,  596,  539,  636,  416,  693,  792,  304,  824,  312,  426,  854,  600,  683, 1011,  423,  438,  545,  826,  424,  684,  446,  899,  795,  629,  647,  278,  523,  729,  793,  288,  344,  634,  112,  362,  423,  121,  313,  310,  893,  335,  337,  254,  648,    5,  867,  523,  114,  754,  717,  517,  718,  168,  604,  523,    0,  384,  429,  454,  762,  490,  234,  245,  622,  677,  644,  766,  449,  729,  463,  134,  290,  465,  215,  612,  315,  631,  532,  845,  335],
        [   64,   64,   57,  503,  259,  224,  318,  269,  332,  318,  422,  261,  451,  358,   61,  490,  477,  687,  677,  591,  632,  181,  552,   93,  519,  113,  536,  482,  247,  453,  661,  671,  815,  538,  171,   50,  472,  470,  322,  218,  305,  401,  215,  571,  288,  240,  562,  276,  387,  605,  220,  376,  534,  674,  256,  380,  458,  226,  214,  384,    0,   84,  654,  449,  246,  558,  614,  255,  507,  289,  589,  642,  450,  138,  285,  132,  304,  415,  705,  106,  352,  181,  558,  433],
        [  147,  147,   32,  583,  326,  168,  240,  208,  414,  264,  421,  343,  445,  336,   27,  493,  553,  769,  695,  671,  711,  204,  597,  161,  589,   30,  538,  516,  232,  375,  700,  752,  898,  589,  251,  129,  544,  502,  405,  297,  333,  481,  298,  597,  256,  323,  628,  219,  433,  652,  137,  439,  452,  753,  321,  406,  523,  178,  268,  429,   84,    0,  733,  483,  315,  577,  668,  267,  576,  220,  655,  721,  498,  198,  347,  144,  239,  488,  788,  117,  269,  218,  599,  514],
        [  593,  593,  710,  391,  573,  867,  926,  915,  393,  953,  920,  399,  956,  758,  714,  955,  463,  355, 1023,   71,   22,  723,  781,  624,  551,  760,  992,  814,  832, 1054,  505,   98,  308,  732,  484,  605,  522,  523,  362,  513,  556,  257,  445,  904,  760,  432,  232,  916,  450,  795,  863,  354, 1153,  428,  586,  798,  287,  862,  640,  454,  654,  733,    0,  791,  561,  630,  361,  780,  555,  941,  616,   15,  719,  631,  422,  644,  871,  263,  212,  654,  992,  693,  813,  227],
        [  437,  437,  458,  428,  256,  430,  690,  454,  413,  434,  200,  479,  227,  807,  461,  189,  353,  597,  251,  722,  772,  279,  133,  366,  300,  500,  214,   34,  304,  806, 1027,  749,  777,  153,  474,  459,  296,  868,  462,  343,  724,  577,  458,  131,  733,  439,  829,  437,  763,  188,  564,  697,  844,  533,  247,   89,  750,  404,  245,  762,  449,  483,  791,    0,  275,  976,  935,  229,  288,  498,  305,  776,   84,  318,  630,  579,  715,  669,  712,  554,  656,  269,  121,  592],
        [  204,  204,  284,  287,   20,  367,  554,  411,  169,  430,  362,  206,  398,  583,  289,  404,  243,  481,  526,  491,  540,  183,  340,  155,  275,  342,  445,  307,  290,  688,  752,  542,  636,  314,  205,  231,  229,  599,  203,   68,  465,  320,  183,  406,  523,  165,  561,  405,  491,  386,  441,  422,  757,  450,   30,  250,  477,  351,   84,  490,  246,  315,  561,  275,    0,  711,  661,  224,  262,  450,  344,  547,  240,  121,  357,  354,  548,  399,  541,  336,  565,  151,  356,  342],
        [  547,  547,  583,  806,  731,  739,  596,  771,  649,  832,  980,  536, 1009,  308,  583, 1047,  833,  904, 1221,  616,  618,  735, 1050,  620,  916,  584, 1093, 1010,  801,  667,  206,  713,  927, 1020,  507,  530,  866,  124,  595,  646,  256,  540,  537, 1106,  378,  566,  400,  787,  235, 1094,  628,  340,  773,  943,  737,  924,  360,  753,  733,  234,  558,  577,  630,  976,  711,    0,  300,  812,  910,  766,  999,  628,  951,  664,  364,  435,  510,  433,  815,  464,  704,  728, 1067,  558],
        [  573,  573,  659,  643,  680,  833,  781,  875,  537,  929,  998,  456, 1032,  531,  661, 1054,  693,  686, 1185,  369,  355,  757,  973,  636,  785,  686, 1098,  965,  852,  883,  144,  455,  668,  932,  483,  568,  742,  232,  481,  594,  362,  380,  483, 1064,  570,  496,  140,  885,  241, 1004,  767,  246,  990,  743,  690,  907,  186,  838,  714,  245,  614,  668,  361,  935,  661,  300,    0,  832,  783,  885,  865,  364,  885,  667,  332,  533,  704,  271,  566,  556,  875,  738,  998,  382],
        [  269,  269,  247,  496,  216,  204,  462,  234,  391,  230,  170,  398,  202,  602,  249,  236,  437,  689,  428,  710,  759,   78,  356,  199,  431,  279,  282,  259,   84,  578,  899,  766,  853,  361,  349,  283,  400,  717,  419,  269,  557,  531,  359,  332,  523,  359,  752,  220,  624,  412,  336,  587,  621,  646,  204,  144,  657,  180,  142,  622,  255,  267,  780,  229,  224,  812,  832,    0,  417,  279,  473,  766,  268,  166,  503,  386,  491,  591,  762,  358,  430,   94,  349,  557],
        [  461,  461,  545,  164,  251,  604,  814,  643,  262,  646,  474,  376,  506,  832,  550,  476,   94,  311,  481,  492,  539,  415,  233,  417,   15,  602,  501,  298,  499,  947,  903,  493,  492,  182,  429,  488,   44,  789,  317,  300,  687,  404,  384,  370,  778,  350,  655,  632,  677,  241,  697,  581, 1011,  246,  256,  340,  604,  584,  318,  677,  507,  576,  555,  288,  262,  910,  783,  417,    0,  686,   90,  541,  204,  380,  548,  608,  810,  516,  437,  592,  817,  385,  267,  404],
        [  348,  348,  235,  736,  452,   83,  238,   45,  590,   87,  352,  543,  359,  484,  231,  423,  689,  929,  644,  876,  919,  273,  629,  325,  700,  199,  460,  524,  197,  321,  909,  951, 1077,  638,  458,  339,  663,  707,  595,  460,  539,  685,  497,  577,  401,  516,  846,   63,  648,  685,  142,  658,  347,  899,  442,  410,  742,  102,  374,  644,  289,  220,  941,  498,  450,  766,  885,  279,  686,    0,  748,  928,  546,  336,  566,  354,  304,  703,  974,  330,  165,  304,  618,  717],
        [  546,  546,  624,  230,  331,  668,  891,  705,  351,  702,  502,  465,  531,  920,  628,  491,  173,  330,  454,  557,  603,  482,  211,  498,   83,  680,  508,  305,  556, 1021,  988,  546,  511,  164,  518,  573,  134,  878,  406,  387,  776,  487,  473,  357,  864,  440,  734,  692,  766,  199,  771,  669, 1081,  252,  334,  374,  688,  647,  391,  766,  589,  655,  616,  305,  344,  999,  865,  473,   90,  748,    0,  603,  225,  458,  637,  694,  891,  600,  475,  678,  887,  454,  247,  484],
        [  581,  581,  698,  378,  559,  854,  916,  902,  379,  940,  906,  386,  942,  751,  702,  940,  449,  345, 1008,   57,   12,  709,  767,  611,  537,  748,  978,  800,  819, 1044,  508,   92,  305,  718,  472,  593,  509,  520,  349,  499,  549,  244,  432,  890,  752,  418,  232,  903,  445,  781,  852,  347, 1142,  417,  572,  783,  282,  849,  626,  449,  642,  721,   15,  776,  547,  628,  364,  766,  541,  928,  603,    0,  705,  617,  413,  634,  861,  254,  205,  644,  981,  679,  799,  214],
        [  426,  426,  469,  347,  220,  471,  719,  501,  353,  489,  278,  434,  308,  806,  473,  273,  272,  514,  307,  651,  701,  299,  103,  360,  216,  518,  298,   98,  350,  841,  986,  672,  694,   94,  445,  451,  214,  838,  406,  306,  704,  518,  419,  186,  737,  396,  773,  486,  729,  155,  594,  654,  888,  449,  215,  150,  700,  447,  237,  729,  450,  498,  719,   84,  240,  951,  885,  268,  204,  546,  225,  705,    0,  313,  595,  575,  735,  616,  631,  552,  696,  281,  117,  530],
        [  119,  119,  167,  403,  129,  254,  435,  300,  257,  328,  332,  238,  366,  493,  171,  392,  363,  595,  557,  562,  609,   95,  416,   48,  393,  223,  437,  352,  203,  568,  738,  627,  742,  400,  184,  141,  348,  563,  271,  126,  410,  376,  196,  445,  424,  201,  588,  297,  465,  468,  320,  422,  637,  569,  124,  260,  492,  242,   77,  463,  138,  198,  631,  318,  121,  664,  667,  166,  380,  336,  458,  617,  313,    0,  339,  263,  435,  428,  640,  240,  445,   72,  423,  404],
