{
    "name": "random-49-4842",
    "comment": "size=49 seed=4842",
    "nodes": ["+0", "-0", "+1", "-1", "+2", "-2", "+3", "-3", "+4", "-4", "+5", "-5", "+6", "-6", "+7", "-7", "+8", "-8", "+9", "-9", "+10", "-10", "+11", "-11", "+12", "-12", "+13", "-13", "+14", "-14", "+15", "-15", "+16", "-16", "+17", "-17", "+18", "-18", "+19", "-19", "+20", "-20", "+21", "-21", "+22", "-22", "+23", "-23", "+24", "-24", "+25", "-25", "+26", "-26", "+27", "-27", "+28", "-28", "+29", "-29", "+30", "-30", "+31", "-31", "+32", "-32", "+33", "-33", "+34", "-34", "+35", "-35", "+36", "-36", "+37", "-37", "+38", "-38", "+39", "-39", "+40", "-40", "+41", "-41", "+42", "-42", "+43", "-43", "+44", "-44", "+45", "-45", "+46", "-46", "+47", "-47", "+48", "-48", "+49", "-49"],
    "precedence": {
        "+0": "-0",
        "+1": "-1",
        "+2": "-2",
        "+3": "-3",
        "+4": "-4",
        "+5": "-5",
        "+6": "-6",
        "+7": "-7",
        "+8": "-8",
        "+9": "-9",
        "+10": "-10",
        "+11": "-11",
        "+12": "-12",
        "+13": "-13",
        "+14": "-14",
        "+15": "-15",
        "+16": "-16",
        "+17": "-17",
        "+18": "-18",
        "+19": "-19",
        "+20": "-20",
        "+21": "-21",
        "+22": "-22",
        "+23": "-23",
        "+24": "-24",
        "+25": "-25",
        "+26": "-26",
        "+27": "-27",
        "+28": "-28",
        "+29": "-29",
        "+30": "-30",
        "+31": "-31",
        "+32": "-32",
        "+33": "-33",
        "+34": "-34",
        "+35": "-35",
        "+36": "-36",
        "+37": "-37",
        "+38": "-38",
        "+39": "-39",
        "+40": "-40",
        "+41": "-41",
        "+42": "-42",
        "+43": "-43",
        "+44": "-44",
        "+45": "-45",
        "+46": "-46",
        "+47": "-47",
        "+48": "-48",
        "+49": "-49"
    },
    "edges": [
        [    0,    0,   61,  526,  340,  580,  186,  582,  760,  164,  150,  315,  278,  511,  588,  182,  492,  831,   67,  358,  153,  462,  240,  358,  368,  363,  528,  185,  230,  675,  765,  116,  244,  390,  595,  427,  639,  816,  600,  488,  300,  231,  172,  739,  547,  354,  826,  295,  809,  388,  824,  786,  493,  591,  835,  271,  512,   70,  387,  485,  257,  798,  799,  383,  589,  740,  787,  750,  550,  662,  550,  192,  631,  457,  769,  272,  803,  227,  798,  497,  342,  697,  868,  310,  532,  251,  530,  829,  575,  416,  620,  134,  853,  533,  897,  391,  631,  611,  397,  352],
        [    0,    0,    0,    0,    0,    0,    0,    0,    0,    0,    0,    0,    0,    0,    0,    0,    0,    0,    0,    0,    0,    0,    0,    0,    0,    0,    0,    0,    0,    0,    0,    0,    0,    0,    0,    0,    0,    0,    0,    0,    0,    0,    0,    0,    0,    0,    0,    0,    0,    0,    0,    0,    0,    0,    0,    0,    0,    0,    0,    0,    0,    0,    0,    0,    0,    0,    0,    0,    0,    0,    0,    0,    0,    0,    0,    0,    0,    0,    0,    0,    0,    0,    0,    0,    0,    0,    0,    0,    0,    0,    0,    0,    0,    0,    0,    0,    0,    0,    0,    0],
        [   61,    0,    0,  468,  282,  559,  129,  523,  709,  120,  204,  264,  335,  471,  528,  175,  449,  776,  126,  298,  166,  407,  286,  318,  312,  394,  488,  164,  279,  619,  707,   56,  280,  335,  602,  404,  579,  799,  551,  440,  299,  188,  140,  703,  561,  411,  823,  258,  754,  347,  824,  728,  540,  551,  816,  222,  452,  118,  345,  444,  220,  742,  761,  347,  601,  741,  762,  698,  490,  631,  498,  251,  581,  411,  749,  258,  756,  288,  778,  438,  312,  702,  848,  266,  487,  208,  470,  773,  542,  356,  581,   77,  829,  475,  841,  350,  570,  614,  340,  326],
        [  526,    0,  468,    0,  285,  489,  340,   60,  297,  377,  670,  240,  766,  278,  185,  551,  244,  324,  583,  204,  587,  311,  680,  279,  166,  701,  281,  510,  686,  169,  241,  415,  641,  146,  715,  410,  140,  689,  203,  189,  504,  332,  477,  453,  733,  837,  821,  318,  298,  462,  849,  261,  901,  310,  688,  279,  132,  584,  257,  264,  461,  282,  483,  498,  749,  785,  604,  279,   92,  450,  154,  697,  220,  438,  633,  569,  389,  752,  646,   33,  518,  780,  707,  429,  227,  321,  129,  314,  379,  205,  332,  414,  654,  281,  380,  265,  140,  701,  135,  378],
        [  340,    0,  282,  285,    0,  628,  201,  320,  578,  266,  453,  253,  617,  454,  264,  291,  418,  605,  407,   88,  339,  130,  560,  345,  220,  643,  465,  249,  557,  453,  510,  231,  543,  231,  773,  492,  345,  864,  455,  377,  486,  278,  222,  681,  759,  693,  948,  328,  579,  188,  963,  529,  812,  519,  872,  250,  204,  374,  351,  428,  182,  559,  725,  220,  789,  885,  798,  562,  258,  644,  396,  532,  480,  195,  808,  290,  661,  558,  830,  254,  234,  861,  898,  145,  433,  286,  222,  591,  555,   93,  549,  207,  859,  194,  655,  360,  333,  773,  222,  422],
        [  580,    0,  559,  489,  628,    0,  489,  531,  445,  450,  711,  377,  646,  212,  672,  729,  246,  565,  589,  553,  724,  730,  539,  285,  418,  447,  212,  707,  561,  483,  589,  543,  482,  415,  272,  156,  615,  243,  335,  301,  307,  391,  674,  231,  331,  686,  333,  320,  562,  803,  360,  603,  636,  212,  258,  391,  603,  647,  279,  226,  721,  573,  293,  825,  322,  300,  208,  452,  580,  132,  350,  631,  346,  823,  191,  800,  398,  722,  219,  492,  814,  305,  290,  732,  268,  372,  607,  590,  124,  610,  211,  575,  275,  738,  638,  270,  619,  244,  430,  234],
        [  186,    0,  129,  340,  201,  489,    0,  397,  585,   66,  332,  145,  441,  364,  416,  256,  338,  648,  244,  186,  271,  331,  370,  217,  184,  442,  381,  226,  370,  491,  579,   79,  347,  207,  588,  337,  456,  731,  429,  321,  291,   99,  190,  601,  566,  515,  784,  170,  626,  331,  793,  600,  617,  443,  745,  108,  335,  246,  239,  337,  234,  614,  657,  345,  599,  713,  682,  573,  368,  540,  375,  364,  459,  374,  678,  315,  638,  412,  704,  311,  328,  682,  775,  253,  372,  117,  353,  645,  449,  252,  474,   95,  747,  385,  713,  245,  448,  593,  212,  259],
        [  582,    0,  523,   60,  320,  531,  397,    0,  281,  436,  724,  299,  825,  320,  161,  597,  288,  286,  640,  247,  636,  324,  739,  337,  226,  761,  320,  556,  745,  143,  192,  469,  701,  206,  766,  462,   86,  720,  222,  234,  563,  391,  523,  471,  787,  897,  861,  377,  259,  488,  890,  212,  961,  340,  717,  339,  137,  638,  313,  310,  500,  240,  494,  526,  801,  829,  631,  262,   79,  480,  184,  755,  232,  455,  664,  608,  383,  808,  675,   86,  550,  827,  733,  463,  264,  380,  126,  271,  416,  233,  359,  466,  677,  279,  336,  320,   89,  750,  194,  434],
        [  760,    0,  709,  297,  578,  445,  585,  281,    0,  597,  910,  446,  952,  295,  433,  825,  293,  122,  805,  494,  852,  603,  850,  420,  404,  820,  281,  787,  863,  141,  186,  663,  800,  382,  716,  465,  322,  547,  164,  277,  625,  534,  752,  273,  767, 1013,  727,  483,  125,  759,  767,  191, 1025,  243,  534,  490,  416,  826,  388,  310,  749,  144,  264,  794,  764,  727,  448,   21,  359,  335,  211,  900,  135,  732,  500,  855,  114,  972,  499,  326,  812,  744,  539,  722,  246,  515,  406,  152,  326,  501,  236,  673,  473,  559,  194,  388,  335,  689,  382,  485],
        [  164,    0,  120,  377,  266,  450,   66,  436,  597,    0,  314,  152,  391,  352,  471,  281,  330,  671,  210,  245,  282,  396,  313,  199,  213,  378,  369,  258,  315,  516,  611,   94,  285,  235,  528,  295,  502,  692,  437,  324,  228,   69,  225,  584,  503,  464,  732,  139,  650,  391,  739,  632,  555,  432,  707,  108,  389,  231,  226,  325,  284,  641,  642,  402,  537,  657,  649,  587,  416,  514,  387,  320,  467,  437,  640,  352,  639,  380,  668,  350,  379,  624,  738,  310,  369,   90,  406,  671,  425,  313,  462,  128,  715,  449,  739,  231,  495,  535,  244,  216],
        [  150,    0,  204,  670,  453,  711,  332,  724,  910,  314,    0,  464,  232,  659,  713,  198,  641,  979,  123,  489,  139,  561,  258,  506,  515,  409,  676,  229,  236,  822,  909,  256,  292,  538,  683,  562,  775,  940,  750,  638,  413,  380,  241,  882,  622,  297,  926,  443,  957,  445,  918,  930,  477,  738,  960,  421,  642,   87,  536,  633,  318,  945,  943,  426,  667,  835,  919,  900,  685,  802,  699,  152,  780,  523,  895,  278,  952,  116,  926,  639,  376,  786,  995,  380,  682,  400,  660,  976,  718,  538,  767,  260,  985,  640, 1044,  539,  766,  706,  543,  491],
        [  315,    0,  264,  240,  253,  377,  145,  299,  446,  152,  464,    0,  531,  224,  370,  399,  195,  520,  361,  185,  415,  364,  441,   93,   77,  467,  240,  366,  448,  366,  465,  221,  402,   94,  533,  241,  374,  616,  287,  178,  276,   95,  330,  462,  532,  600,  696,   90,  499,  427,  712,  485,  664,  301,  626,   44,  288,  380,  104,  196,  358,  491,  515,  451,  557,  636,  557,  436,  298,  407,  236,  467,  318,  447,  561,  451,  494,  531,  584,  217,  445,  616,  654,  359,  228,   82,  300,  521,  316,  250,  332,  239,  620,  390,  588,  112,  370,  529,  108,  177],
        [  278,    0,  335,  766,  617,  646,  441,  825,  952,  391,  232,  531,    0,  666,  856,  417,  661, 1042,  212,  625,  362,  740,  108,  533,  601,  235,  683,  439,   90,  894,  995,  387,  165,  622,  535,  523,  892,  844,  789,  677,  347,  437,  438,  856,  458,   76,  785,  472, 1024,  655,  767, 1015,  246,  739,  869,  489,  776,  267,  565,  646,  523, 1018,  920,  643,  505,  688,  847,  946,  807,  762,  749,   90,  818,  728,  809,  504,  967,  138,  841,  740,  596,  633,  905,  581,  707,  451,  793, 1047,  693,  687,  764,  411,  910,  810, 1113,  564,  886,  566,  632,  475],
        [  511,    0,  471,  278,  454,  212,  364,  320,  295,  352,  659,  224,  666,    0,  462,  620,   38,  403,  543,  370,  631,  539,  562,  154,  234,  525,   18,  589,  577,  289,  399,  436,  509,  225,  455,  172,  404,  421,  145,   91,  331,  284,  553,  238,  491,  724,  543,  216,  393,  639,  571,  416,  730,   81,  425,  257,  396,  580,  127,   28,  580,  397,  293,  666,  497,  509,  347,  294,  369,  191,  143,  623,  167,  645,  364,  674,  302,  703,  382,  282,  665,  509,  448,  577,   62,  263,  399,  420,  106,  417,  111,  459,  406,  536,  478,  122,  409,  436,  237,  193],
        [  588,    0,  528,  185,  264,  672,  416,  161,  433,  471,  713,  370,  856,  462,    0,  554,  426,  410,  653,  232,  602,  206,  783,  437,  295,  833,  464,  512,  785,  293,  298,  473,  754,  285,  885,  580,  117,  873,  380,  371,  646,  447,  485,  631,  896,  930, 1004,  459,  383,  386, 1031,  313, 1023,  493,  872,  398,   84,  631,  422,  446,  437,  358,  655,  426,  915,  964,  787,  413,   93,  634,  337,  776,  392,  333,  817,  541,  540,  812,  830,  181,  461,  956,  889,  386,  412,  443,   71,  385,  563,  175,  515,  457,  835,  136,  441,  430,  103,  874,  269,  536],
        [  182,    0,  175,  551,  291,  729,  256,  597,  825,  281,  198,  399,  417,  620,  554,    0,  594,  873,  228,  351,   60,  379,  409,  471,  423,  543,  636,   43,  394,  716,  788,  188,  422,  444,  773,  574,  633,  971,  677,  574,  473,  345,   75,  857,  728,  489,  997,  418,  849,  247,  998,  808,  654,  699,  987,  364,  493,  155,  494,  593,  126,  833,  913,  229,  770,  915,  930,  812,  544,  793,  620,  329,  707,  327,  920,   91,  888,  314,  948,  519,  180,  875, 1019,  188,  626,  365,  511,  864,  702,  383,  730,  162,  996,  461,  931,  501,  622,  788,  444,  495],
        [  492,    0,  449,  244,  418,  246,  338,  288,  293,  330,  641,  195,  661,   38,  426,  594,    0,  394,  527,  334,  607,  502,  558,  135,  199,  531,   48,  561,  572,  269,  380,  412,  508,  189,  482,  188,  373,  458,  133,   56,  334,  262,  525,  268,  512,  721,  578,  200,  381,  604,  605,  398,  737,  106,  462,  231,  360,  560,  105,   23,  549,  383,  320,  632,  521,  542,  383,  289,  334,  228,  117,  613,  160,  609,  401,  645,  313,  690,  419,  247,  632,  539,  485,  543,   47,  242,  363,  408,  143,  380,  137,  433,  442,  499,  469,  102,  376,  464,  200,  194],
        [  831,    0,  776,  324,  605,  565,  648,  286,  122,  671,  979,  520, 1042,  403,  410,  873,  394,    0,  880,  527,  906,  603,  943,  511,  464,  925,  390,  833,  955,  158,  116,  725,  896,  442,  836,  575,  294,  664,  261,  366,  727,  612,  799,  391,  884, 1106,  847,  570,   28,  773,  887,  107, 1130,  360,  650,  564,  418,  893,  479,  413,  783,   54,  374,  811,  883,  848,  564,  114,  358,  456,  293,  984,  237,  734,  619,  891,  214, 1050,  616,  356,  835,  866,  652,  748,  348,  595,  403,   38,  445,  518,  355,  730,  585,  545,   76,  481,  308,  809,  437,  586],
        [   67,    0,  126,  583,  407,  589,  244,  640,  805,  210,  123,  361,  212,  543,  653,  228,  527,  880,    0,  422,  184,  529,  182,  392,  421,  318,  560,  239,  169,  726,  820,  180,  197,  443,  573,  440,  700,  818,  642,  529,  292,  271,  232,  762,  517,  288,  811,  328,  860,  450,  805,  840,  432,  622,  838,  317,  575,   78,  423,  518,  318,  850,  824,  441,  561,  721,  796,  795,  611,  681,  594,  126,  673,  520,  773,  319,  840,  170,  804,  554,  398,  675,  873,  373,  570,  290,  593,  881,  597,  481,  650,  201,  863,  600,  948,  426,  692,  592,  451,  370],
        [  358,    0,  298,  204,   88,  553,  186,  247,  494,  245,  489,  185,  625,  370,  232,  351,  334,  527,  422,    0,  391,  180,  555,  274,  137,  618,  381,  309,  555,  372,  438,  243,  530,  146,  716,  425,  288,  785,  367,  291,  444,  235,  277,  594,  711,  700,  878,  269,  502,  276,  895,  458,  800,  433,  791,  195,  154,  405,  275,  344,  257,  484,  638,  308,  738,  820,  716,  478,  198,  561,  308,  545,  393,  276,  728,  365,  574,  584,  749,  172,  320,  800,  816,  229,  346,  237,  173,  516,  473,   70,  462,  230,  775,  211,  582,  284,  278,  713,  135,  361],
        [  153,    0,  166,  587,  339,  724,  271,  636,  852,  282,  139,  415,  362,  631,  602,   60,  607,  906,  184,  391,    0,  435,  362,  479,  448,  502,  648,   96,  345,  749,  826,  196,  381,  470,  747,  569,  677,  963,  699,  592,  451,  349,  118,  865,  697,  432,  977,  421,  882,  307,  976,  846,  602,  710,  980,  377,  538,  107,  504,  603,  184,  868,  923,  288,  739,  892,  928,  839,  587,  796,  643,  275,  729,  386,  913,  142,  908,  255,  942,  555,  238,  849, 1013,  246,  642,  370,  556,  899,  706,  429,  741,  179,  994,  516,  966,  510,  666,  763,  472,  491],
        [  462,    0,  407,  311,  130,  730,  331,  324,  603,  396,  561,  364,  740,  539,  206,  379,  502,  603,  529,  180,  435,    0,  688,  453,  313,  773,  548,  340,  684,  466,  496,  358,  673,  317,  894,  604,  316,  958,  508,  453,  613,  403,  322,  751,  884,  816, 1057,  446,  576,  181, 1075,  513,  941,  594,  963,  370,  188,  488,  453,  515,  255,  553,  787,  221,  913, 1000,  884,  584,  247,  728,  452,  654,  529,  131,  901,  348,  700,  671,  920,  287,  259,  979,  986,  196,  506,  409,  201,  582,  644,  122,  622,  330,  941,   85,  642,  462,  302,  892,  303,  539],
        [  240,    0,  286,  680,  560,  539,  370,  739,  850,  313,  258,  441,  108,  562,  783,  409,  558,  943,  182,  555,  362,  688,    0,  433,  514,  154,  578,  420,   25,  798,  902,  331,   57,  534,  445,  415,  810,  741,  687,  578,  240,  348,  411,  748,  374,  164,  694,  375,  926,  628,  680,  922,  255,  633,  765,  401,  702,  256,  465,  542,  496,  922,  812,  622,  421,  598,  741,  845,  727,  654,  651,  115,  716,  695,  705,  500,  861,  205,  737,  655,  580,  545,  801,  549,  605,  360,  718,  951,  585,  621,  657,  362,  805,  752, 1016,  463,  804,  472,  546,  369],
        [  358,    0,  318,  279,  345,  285,  217,  337,  420,  199,  506,   93,  533,  154,  437,  471,  135,  511,  392,  274,  479,  453,  433,    0,  147,  428,  171,  442,  445,  368,  476,  285,  386,  154,  452,  151,  419,  524,  257,  145,  229,  131,  407,  387,  460,  596,  604,   65,  494,  519,  622,  495,  632,  234,  535,  111,  357,  427,   32,  127,  443,  491,  445,  542,  480,  547,  468,  414,  354,  323,  218,  481,  286,  540,  469,  531,  448,  556,  494,  266,  533,  530,  564,  449,  179,  110,  367,  519,  232,  337,  264,  310,  532,  473,  583,   34,  418,  444,  170,  100],
        [  368,    0,  312,  166,  220,  418,  184,  226,  404,  213,  515,   77,  601,  234,  295,  423,  199,  464,  421,  137,  448,  313,  514,  147,    0,  544,  246,  386,  520,  307,  399,  262,  477,   23,  598,  297,  298,  648,  256,  161,  352,  166,  350,  464,  603,  672,  746,  164,  442,  405,  765,  420,  740,  302,  655,  114,  214,  429,  141,  209,  359,  431,  511,  434,  625,  693,  580,  391,  221,  425,  198,  533,  285,  412,  592,  461,  467,  591,  612,  142,  437,  677,  680,  347,  217,  157,  225,  462,  337,  193,  332,  270,  640,  327,  529,  151,  294,  591,   32,  243],
        [  363,    0,  394,  701,  643,  447,  442,  761,  820,  378,  409,  467,  235,  525,  833,  543,  531,  925,  318,  618,  502,  773,  154,  428,  544,    0,  539,  547,  178,  793,  902,  427,  122,  560,  300,  358,  839,  620,  664,  564,  201,  387,  531,  672,  224,  251,  551,  384,  912,  741,  532,  921,  206,  585,  646,  436,  750,  396,  457,  512,  614,  912,  736,  741,  271,  453,  634,  818,  764,  574,  639,  268,  689,  800,  590,  634,  811,  356,  622,  683,  704,  398,  682,  659,  578,  391,  764,  938,  521,  687,  603,  463,  695,  825,  999,  452,  836,  332,  574,  340],
        [  528,    0,  488,  281,  465,  212,  381,  320,  281,  369,  676,  240,  683,   18,  464,  636,   48,  390,  560,  381,  648,  548,  578,  171,  246,  539,    0,  605,  594,  281,  390,  453,  526,  236,  462,  185,  403,  414,  134,   97,  347,  301,  569,  223,  500,  740,  542,  234,  381,  651,  571,  407,  744,   64,  417,  273,  401,  597,  144,   45,  595,  386,  277,  679,  505,  511,  337,  281,  372,  181,  139,  640,  155,  656,  357,  690,  285,  720,  374,  286,  679,  513,  439,  590,   57,  280,  403,  408,   99,  426,   94,  475,  395,  543,  465,  139,  408,  441,  247,  210],
        [  185,    0,  164,  510,  249,  707,  226,  556,  787,  258,  229,  366,  439,  589,  512,   43,  561,  833,  239,  309,   96,  340,  420,  442,  386,  547,  605,    0,  407,  676,  747,  164,  428,  406,  765,  552,  591,  949,  641,  539,  462,  318,   37,  826,  724,  512,  983,  391,  808,  218,  986,  767,  669,  667,  964,  333,  451,  173,  464,  561,   90,  792,  881,  205,  764,  903,  905,  773,  502,  765,  583,  350,  670,  295,  897,   96,  852,  344,  925,  478,  160,  865,  995,  151,  592,  338,  469,  823,  674,  341,  697,  133,  970,  421,  890,  471,  580,  777,  406,  473],
        [  230,    0,  279,  686,  557,  561,  370,  745,  863,  315,  236,  448,   90,  577,  785,  394,  572,  955,  169,  555,  345,  684,   25,  445,  520,  178,  594,  407,    0,  808,  911,  326,   80,  540,  469,  434,  815,  764,  700,  590,  259,  355,  399,  767,  399,  153,  719,  385,  937,  617,  704,  931,  264,  650,  788,  407,  704,  240,  477,  557,  485,  932,  831,  609,  445,  623,  763,  858,  731,  674,  662,   91,  729,  686,  728,  484,  878,  181,  760,  661,  566,  570,  824,  539,  618,  368,  720,  961,  604,  620,  674,  355,  827,  749, 1027,  476,  809,  497,  552,  385],
        [  675,    0,  619,  169,  453,  483,  491,  143,  141,  516,  822,  366,  894,  289,  293,  716,  269,  158,  726,  372,  749,  466,  798,  368,  307,  793,  281,  676,  808,    0,  111,  568,  753,  285,  742,  457,  185,  635,  149,  229,  593,  460,  642,  368,  779,  960,  797,  424,  135,  627,  832,  129,  998,  274,  627,  410,  279,  736,  338,  291,  629,  125,  378,  664,  785,  781,  539,  120,  221,  401,  155,  832,  140,  596,  582,  737,  248,  896,  588,  201,  686,  788,  638,  597,  228,  444,  267,  156,  360,  370,  282,  573,  576,  419,  223,  342,  197,  720,  280,  454],
        [  765,    0,  707,  241,  510,  589,  579,  192,  186,  611,  909,  465,  995,  399,  298,  788,  380,  116,  820,  438,  826,  496,  902,  476,  399,  902,  390,  747,  911,  111,    0,  654,  858,  377,  851,  567,  182,  724,  258,  339,  702,  559,  714,  451,  889, 1063,  895,  529,   90,  669,  932,   21, 1107,  378,  713,  508,  314,  823,  446,  402,  690,   62,  448,  708,  894,  884,  626,  168,  255,  498,  265,  930,  243,  626,  674,  798,  298,  989,  676,  272,  736,  894,  720,  651,  339,  544,  298,   88,  465,  420,  383,  655,  656,  433,  147,  450,  196,  828,  369,  563],
        [  116,    0,   56,  415,  231,  543,   79,  469,  663,   94,  256,  221,  387,  436,  473,  188,  412,  725,  180,  243,  196,  358,  331,  285,  262,  427,  453,  164,  326,  568,  654,    0,  319,  284,  611,  388,  524,  785,  507,  398,  307,  157,  133,  672,  578,  463,  822,  230,  703,  317,  827,  675,  584,  516,  800,  182,  396,  169,  310,  409,  198,  691,  728,  322,  615,  745,  742,  651,  435,  605,  453,  304,  537,  374,  733,  259,  715,  343,  761,  384,  294,  709,  832,  235,  447,  178,  414,  722,  515,  301,  546,   39,  808,  424,  789,  316,  515,  620,  289,  309],
        [  244,    0,  280,  641,  543,  482,  347,  701,  800,  285,  292,  402,  165,  509,  754,  422,  508,  896,  197,  530,  381,  673,   57,  386,  477,  122,  526,  428,   80,  753,  858,  319,    0,  496,  397,  360,  774,  685,  638,  530,  184,  312,  414,  692,  331,  215,  645,  330,  879,  627,  632,  878,  271,  580,  709,  364,  672,  275,  417,  491,  498,  876,  756,  624,  377,  550,  684,  795,  693,  598,  604,  163,  666,  690,  649,  513,  808,  255,  681,  618,  586,  499,  745,  546,  554,  321,  687,  904,  530,  597,  603,  353,  748,  732,  969,  415,  769,  423,  508,  317],
        [  390,    0,  335,  146,  231,  415,  207,  206,  382,  235,  538,   94,  622,  225,  285,  444,  189,  442,  443,  146,  470,  317,  534,  154,   23,  560,  236,  406,  540,  285,  377,  284,  496,    0,  605,  301,  280,  642,  236,  147,  366,  186,  371,  450,  612,  692,  745,  178,  420,  418,  766,  398,  758,  288,  648,  134,  204,  452,  143,  200,  377,  409,  496,  448,  633,  694,  571,  369,  206,  415,  178,  554,  265,  421,  585,  480,  447,  613,  605,  124,  453,  680,  672,  363,  202,  175,  215,  439,  329,  196,  318,  292,  630,  325,  507,  152,  277,  596,   17,  252],
        [  595,    0,  602,  715,  773,  272,  588,  766,  716,  528,  683,  533,  535,  455,  885,  773,  482,  836,  573,  716,  747,  894,  445,  452,  598,  300,  462,  765,  469,  742,  851,  611,  397,  605,    0,  307,  851,  346,  594,  533,  305,  497,  739,  492,   87,  546,  251,  448,  831,  919,  236,  867,  431,  478,  375,  525,  808,  647,  464,  459,  809,  841,  546,  930,   55,  154,  391,  722,  799,  397,  597,  558,  610,  959,  333,  859,  668,  650,  363,  708,  904,  103,  410,  838,  517,  487,  816,  859,  392,  783,  481,  649,  440,  922,  909,  456,  853,   39,  621,  357],
        [  427,    0,  404,  410,  492,  156,  337,  462,  465,  295,  562,  241,  523,  172,  580,  574,  188,  575,  440,  425,  569,  604,  415,  151,  297,  358,  185,  552,  434,  457,  567,  388,  360,  301,  307,    0,  547,  397,  316,  234,  176,  239,  519,  334,  327,  573,  456,  170,  564,  659,  471,  585,  561,  228,  413,  246,  503,  494,  159,  166,  570,  568,  397,  678,  340,  396,  360,  465,  493,  244,  304,  495,  339,  686,  346,  646,  455,  582,  374,  402,  664,  380,  445,  585,  230,  221,  511,  591,  171,  488,  247,  421,  427,  624,  650,  150,  548,  296,  317,   80],
        [  639,    0,  579,  140,  345,  615,  456,   86,  322,  502,  775,  374,  892,  404,  117,  633,  373,  294,  700,  288,  677,  316,  810,  419,  298,  839,  403,  591,  815,  185,  182,  524,  774,  280,  851,  547,    0,  797,  297,  319,  643,  463,  561,  541,  872,  965,  943,  456,  266,  492,  973,  198, 1037,  419,  793,  411,  142,  690,  397,  395,  526,  241,  558,  531,  886,  913,  706,  302,   90,  558,  266,  819,  302,  446,  742,  633,  432,  866,  752,  157,  562,  912,  807,  481,  347,  454,  124,  269,  498,  253,  436,  516,  749,  252,  327,  404,   15,  835,  267,  517],
        [  816,    0,  799,  689,  864,  243,  731,  720,  547,  692,  940,  616,  844,  421,  873,  971,  458,  664,  818,  785,  963,  958,  741,  524,  648,  620,  414,  949,  764,  635,  724,  785,  685,  642,  346,  397,  797,    0,  501,  510,  528,  634,  916,  275,  432,  869,  201,  562,  671, 1043,  248,  733,  775,  381,   30,  633,  814,  881,  515,  443,  964,  690,  297, 1066,  398,  250,  101,  562,  781,  240,  537,  844,  499, 1058,   58, 1043,  456,  936,   49,  698, 1056,  298,   64,  973,  463,  615,  815,  697,  316,  836,  361,  818,  108,  956,  727,  506,  804,  308,  655,  477],
        [  600,    0,  551,  203,  455,  335,  429,  222,  164,  437,  750,  287,  789,  145,  380,  677,  133,  261,  642,  367,  699,  508,  687,  257,  256,  664,  134,  641,  700,  149,  258,  507,  638,  236,  594,  316,  297,  501,    0,  114,  467,  372,  605,  251,  633,  850,  653,  319,  249,  642,  686,  274,  870,  127,  496,  330,  334,  667,  225,  153,  612,  253,  281,  674,  637,  633,  410,  158,  290,  262,   60,  736,   31,  629,  446,  715,  212,  809,  456,  222,  685,  639,  512,  594,   87,  353,  331,  276,  212,  392,  140,  521,  456,  483,  336,  225,  305,  572,  240,  326],
        [  488,    0,  440,  189,  377,  301,  321,  234,  277,  324,  638,  178,  677,   91,  371,  574,   56,  366,  529,  291,  592,  453,  578,  145,  161,  564,   97,  539,  590,  229,  339,  398,  530,  147,  533,  234,  319,  510,  114,    0,  365,  259,  503,  304,  560,  741,  634,  207,  351,  564,  661,  358,  769,  143,  512,  219,  305,  555,  113,   76,  519,  349,  350,  594,  571,  597,  432,  270,  279,  276,   76,  624,  144,  564,  453,  618,  317,  696,  470,  192,  598,  593,  534,  508,   56,  240,  308,  376,  195,  332,  172,  415,  488,  447,  440,  115,  322,  517,  156,  225],
        [  300,    0,  299,  504,  486,  307,  291,  563,  625,  228,  413,  276,  347,  331,  646,  473,  334,  727,  292,  444,  451,  613,  240,  229,  352,  201,  347,  462,  259,  593,  702,  307,  184,  366,  305,  176,  643,  528,  467,  365,    0,  210,  435,  509,  276,  397,  527,  189,  713,  618,  526,  721,  406,  399,  549,  252,  564,  360,  256,  316,  505,  713,  573,  627,  310,  443,  513,  623,  572,  416,  440,  325,  493,  664,  485,  556,  627,  416,  516,  487,  600,  404,  584,  537,  381,  208,  576,  739,  346,  514,  421,  345,  579,  654,  802,  252,  641,  316,  381,  141],
        [  231,    0,  188,  332,  278,  391,   99,  391,  534,   69,  380,   95,  437,  284,  447,  345,  262,  612,  271,  235,  349,  403,  348,  131,  166,  387,  301,  318,  355,  460,  559,  157,  312,  186,  497,  239,  463,  634,  372,  259,  210,    0,  284,  517,  482,  507,  687,   74,  592,  427,  697,  579,  578,  364,  647,   53,  364,  299,  158,  257,  332,  585,  575,  443,  512,  617,  587,  525,  382,  449,  324,  373,  402,  463,  581,  410,  573,  439,  607,  308,  426,  588,  678,  350,  302,   22,  379,  615,  358,  305,  394,  186,  652,  445,  681,  163,  458,  499,  198,  160],
        [  172,    0,  140,  477,  222,  674,  190,  523,  752,  225,  241,  330,  438,  553,  485,   75,  525,  799,  232,  277,  118,  322,  411,  407,  350,  531,  569,   37,  399,  642,  714,  133,  414,  371,  739,  519,  561,  916,  605,  503,  435,  284,    0,  790,  701,  512,  954,  357,  774,  219,  958,  735,  663,  631,  930,  298,  422,  174,  428,  525,   87,  758,  845,  212,  740,  875,  871,  737,  472,  729,  547,  349,  634,  291,  864,  127,  816,  352,  891,  445,  173,  838,  962,  144,  555,  304,  440,  790,  638,  313,  661,   99,  936,  401,  857,  435,  550,  750,  370,  440],
        [  739,    0,  703,  453,  681,  231,  601,  471,  273,  584,  882,  462,  856,  238,  631,  857,  268,  391,  762,  594,  865,  751,  748,  387,  464,  672,  223,  826,  767,  368,  451,  672,  692,  450,  492,  334,  541,  275,  251,  304,  509,  517,  790,    0,  559,  902,  459,  446,  396,  868,  501,  459,  866,  163,  263,  494,  584,  808,  363,  266,  817,  416,   64,  897,  544,  470,  176,  287,  541,  100,  301,  827,  240,  866,  229,  912,  188,  913,  227,  470,  900,  497,  271,  810,  249,  496,  581,  423,  166,  631,  133,  696,  209,  732,  455,  357,  551,  458,  460,  394],
        [  547,    0,  561,  733,  759,  331,  566,  787,  767,  503,  622,  532,  458,  491,  896,  728,  512,  884,  517,  711,  697,  884,  374,  460,  603,  224,  500,  724,  399,  779,  889,  578,  331,  612,   87,  327,  872,  432,  633,  560,  276,  482,  701,  559,    0,  464,  331,  444,  877,  892,  310,  906,  344,  525,  461,  516,  815,  594,  477,  490,  775,  884,  616,  899,   47,  232,  472,  771,  813,  461,  629,  489,  652,  939,  416,  816,  728,  578,  446,  723,  870,  176,  495,  810,  551,  475,  826,  905,  442,  779,  532,  616,  523,  920,  958,  470,  872,  125,  628,  361],
        [  354,    0,  411,  837,  693,  686,  515,  897, 1013,  464,  297,  600,   76,  724,  930,  489,  721, 1106,  288,  700,  432,  816,  164,  596,  672,  251,  740,  512,  153,  960, 1063,  463,  215,  692,  546,  573,  965,  869,  850,  741,  397,  507,  512,  902,  464,    0,  794,  537, 1089,  728,  772, 1083,  196,  794,  896,  559,  850,  340,  628,  705,  597, 1084,  966,  715,  509,  696,  881, 1008,  880,  807,  814,  164,  879,  803,  839,  573, 1023,  191,  871,  812,  668,  639,  932,  655,  767,  520,  867, 1113,  742,  762,  817,  487,  943,  886, 1178,  626,  959,  579,  703,  531],
        [  826,    0,  823,  821,  948,  333,  784,  861,  727,  732,  926,  696,  785,  543, 1004,  997,  578,  847,  811,  878,  977, 1057,  694,  604,  746,  551,  542,  983,  719,  797,  895,  822,  645,  745,  251,  456,  943,  201,  653,  634,  527,  687,  954,  459,  331,  794,    0,  624,  851, 1112,   49,  906,  663,  527,  226,  701,  936,  883,  605,  559, 1015,  868,  491, 1129,  286,   99,  294,  740,  912,  397,  678,  807,  658, 1141,  233, 1078,  645,  899,  244,  824, 1111,  158,  247, 1036,  597,  672,  940,  878,  446,  938,  516,  859,  306, 1069,  913,  595,  949,  222,  760,  529],
        [  295,    0,  258,  318,  328,  320,  170,  377,  483,  139,  443,   90,  472,  216,  459,  418,  200,  570,  328,  269,  421,  446,  375,   65,  164,  384,  234,  391,  385,  424,  529,  230,  330,  178,  448,  170,  456,  562,  319,  207,  189,   74,  357,  446,  444,  537,  624,    0,  553,  490,  637,  549,  584,  296,  575,   78,  376,  364,   96,  191,  402,  548,  505,  508,  469,  558,  514,  476,  383,  376,  278,  418,  349,  519,  509,  483,  512,  492,  535,  299,  495,  535,  606,  415,  243,   54,  389,  577,  286,  337,  325,  259,  580,  477,  642,   98,  453,  446,  193,   96],
        [  809,    0,  754,  298,  579,  562,  626,  259,  125,  650,  957,  499, 1024,  393,  383,  849,  381,   28,  860,  502,  882,  576,  926,  494,  442,  912,  381,  808,  937,  135,   90,  703,  879,  420,  831,  564,  266,  671,  249,  351,  713,  592,  774,  396,  877, 1089,  851,  553,    0,  746,  890,   83, 1117,  354,  658,  543,  391,  871,  463,  401,  757,   28,  384,  784,  877,  849,  571,  112,  331,  457,  276,  964,  227,  707,  624,  866,  226, 1029,  623,  330,  809,  864,  661,  722,  336,  576,  376,   29,  440,  492,  352,  707,  595,  517,   90,  465,  280,  805,  414,  572],
        [  388,    0,  347,  462,  188,  803,  331,  488,  759,  391,  445,  427,  655,  639,  386,  247,  604,  773,  450,  276,  307,  181,  628,  519,  405,  741,  651,  218,  617,  627,  669,  317,  627,  418,  919,  659,  492, 1043,  642,  564,  618,  427,  219,  868,  892,  728, 1112,  490,  746,    0, 1123,  687,  880,  706, 1052,  414,  356,  389,  529,  612,  132,  724,  913,   40,  927, 1043,  981,  741,  416,  828,  582,  566,  666,   82,  987,  187,  846,  560, 1010,  433,   85, 1013, 1080,   82,  620,  441,  371,  754,  739,  258,  736,  279, 1043,  262,  816,  538,  478,  924,  409,  584],
        [  824,    0,  824,  849,  963,  360,  793,  890,  767,  739,  918,  712,  767,  571, 1031,  998,  605,  887,  805,  895,  976, 1075,  680,  622,  765,  532,  571,  986,  704,  832,  932,  827,  632,  766,  236,  471,  973,  248,  686,  661,  526,  697,  958,  501,  310,  772,   49,  637,  890, 1123,    0,  944,  633,  560,  274,  714,  960,  879,  624,  585, 1022,  906,  536, 1138,  263,   84,  340,  779,  939,  435,  708,  793,  692, 1155,  277, 1081,  688,  884,  290,  850, 1118,  135,  295, 1045,  627,  683,  965,  918,  477,  957,  551,  864,  354, 1090,  955,  615,  978,  213,  781,  541],
        [  786,    0,  728,  261,  529,  603,  600,  212,  191,  632,  930,  485, 1015,  416,  313,  808,  398,  107,  840,  458,  846,  513,  922,  495,  420,  921,  407,  767,  931,  129,   21,  675,  878,  398,  867,  585,  198,  733,  274,  358,  721,  579,  735,  459,  906, 1083,  906,  549,   83,  687,  944,    0, 1126,  392,  722,  528,  332,  844,  466,  420,  710,   55,  454,  726,  911,  897,  634,  173,  273,  510,  284,  951,  258,  643,  683,  818,  300, 1010,  685,  293,  754,  908,  728,  670,  356,  565,  316,   75,  479,  439,  396,  675,  663,  448,  130,  470,  212,  843,  390,  582],
        [  493,    0,  540,  901,  812,  636,  617,  961, 1025,  555,  477,  664,  246,  730, 1023,  654,  737, 1130,  432,  800,  602,  941,  255,  632,  740,  206,  744,  669,  264,  998, 1107,  584,  271,  758,  431,  561, 1037,  775,  870,  769,  406,  578,  663,  866,  344,  196,  663,  584, 1117,  880,  633, 1126,    0,  788,  803,  629,  940,  500,  661,  718,  749, 1118,  928,  873,  383,  566,  807, 1024,  959,  766,  844,  328,  895,  949,  755,  742, 1013,  380,  786,  881,  829,  507,  838,  802,  783,  585,  956, 1144,  720,  868,  805,  615,  862, 1001, 1205,  657, 1033,  468,  771,  546],
        [  591,    0,  551,  310,  519,  212,  443,  340,  243,  432,  738,  301,  739,   81,  493,  699,  106,  360,  622,  433,  710,  594,  633,  234,  302,  585,   64,  667,  650,  274,  378,  516,  580,  288,  478,  228,  419,  381,  127,  143,  399,  364,  631,  163,  525,  794,  527,  296,  354,  706,  560,  392,  788,    0,  379,  335,  437,  660,  207,  108,  655,  364,  214,  735,  524,  508,  296,  247,  401,  141,  157,  699,  135,  706,  325,  751,  229,  780,  338,  321,  737,  516,  398,  647,   89,  343,  436,  382,   88,  473,   31,  538,  348,  582,  434,  202,  426,  453,  298,  265],
        [  835,    0,  816,  688,  872,  258,  745,  717,  534,  707,  960,  626,  869,  425,  872,  987,  462,  650,  838,  791,  980,  963,  765,  535,  655,  646,  417,  964,  788,  627,  713,  800,  709,  648,  375,  413,  793,   30,  496,  512,  549,  647,  930,  263,  461,  896,  226,  575,  658, 1052,  274,  722,  803,  379,    0,  644,  815,  900,  524,  448,  976,  677,  280, 1076,  427,  279,   88,  550,  780,  239,  536,  867,  493, 1066,   67, 1057,  440,  959,   43,  699, 1067,  328,   37,  983,  464,  628,  815,  683,  320,  841,  358,  832,   81,  958,  711,  515,  801,  337,  660,  492],
        [  271,    0,  222,  279,  250,  391,  108,  339,  490,  108,  421,   44,  489,  257,  398,  364,  231,  564,  317,  195,  377,  370,  401,  111,  114,  436,  273,  333,  407,  410,  508,  182,  364,  134,  525,  246,  411,  633,  330,  219,  252,   53,  298,  494,  516,  559,  701,   78,  543,  414,  714,  528,  629,  335,  644,    0,  315,  337,  131,  229,  333,  535,  549,  434,  544,  636,  578,  480,  331,  433,  279,  423,  360,  442,  578,  421,  535,  487,  603,  255,  424,  612,  673,  341,  266,   45,  329,  565,  342,  264,  366,  203,  643,  405,  632,  138,  406,  523,  146,  173],
        [  512,    0,  452,  132,  204,  603,  335,  137,  416,  389,  642,  288,  776,  396,   84,  493,  360,  418,  575,  154,  538,  188,  702,  357,  214,  750,  401,  451,  704,  279,  314,  396,  672,  204,  808,  503,  142,  814,  334,  305,  564,  364,  422,  584,  815,  850,  936,  376,  391,  356,  960,  332,  940,  437,  815,  315,    0,  558,  344,  378,  384,  369,  614,  394,  836,  892,  732,  397,   61,  576,  283,  698,  351,  319,  757,  491,  515,  738,  772,  116,  423,  881,  834,  340,  351,  360,   19,  399,  500,  111,  461,  384,  783,  149,  461,  353,  130,  798,  188,  455],
        [   70,    0,  118,  584,  374,  647,  246,  638,  826,  231,   87,  380,  267,  580,  631,  155,  560,  893,   78,  405,  107,  488,  256,  427,  429,  396,  597,  173,  240,  736,  823,  169,  275,  452,  647,  494,  690,  881,  667,  555,  360,  299,  174,  808,  594,  340,  883,  364,  871,  389,  879,  844,  500,  660,  900,  337,  558,    0,  456,  554,  258,  859,  868,  377,  637,  795,  854,  815,  601,  730,  615,  178,  697,  464,  834,  244,  870,  184,  864,  553,  331,  750,  934,  317,  600,  319,  577,  890,  644,  457,  689,  175,  920,  564,  958,  460,  681,  666,  457,  420],
        [  387,    0,  345,  257,  351,  279,  239,  313,  388,  226,  536,  104,  565,  127,  422,  494,  105,  479,  423,  275,  504,  453,  465,   32,  141,  457,  144,  464,  477,  338,  446,  310,  417,  143,  464,  159,  397,  515,  225,  113,  256,  158,  428,  363,  477,  628,  605,   96,  463,  529,  624,  466,  661,  207,  524,  131,  344,  456,    0,  100,  460,  460,  419,  553,  495,  552,  454,  382,  337,  305,  187,  513,  254,  545,  459,  551,  417,  587,  482,  247,  548,  538,  551,  462,  147,  137,  353,  488,  213,  334,  237,  333,  516,  467,  552,   10,  396,  454,  159,  122],
        [  485,    0,  444,  264,  428,  226,  337,  310,  310,  325,  633,  196,  646,   28,  446,  593,   23,  413,  518,  344,  603,  515,  542,  127,  209,  512,   45,  561,  557,  291,  402,  409,  491,  200,  459,  166,  395,  443,  153,   76,  316,  257,  525,  266,  490,  705,  559,  191,  401,  612,  585,  420,  718,  108,  448,  229,  378,  554,  100,    0,  552,  404,  321,  639,  498,  521,  372,  307,  354,  217,  139,  601,  178,  619,  386,  646,  324,  679,  406,  266,  638,  517,  472,  549,   66,  236,  382,  428,  129,  394,  138,  431,  432,  515,  488,   95,  398,  442,  213,  176],
        [  257,    0,  220,  461,  182,  721,  234,  500,  749,  284,  318,  358,  523,  580,  437,  126,  549,  783,  318,  257,  184,  255,  496,  443,  359,  614,  595,   90,  485,  629,  690,  198,  498,  377,  809,  570,  526,  964,  612,  519,  505,  332,   87,  817,  775,  597, 1015,  402,  757,  132, 1022,  710,  749,  655,  976,  333,  384,  258,  460,  552,    0,  739,  867,  127,  813,  940,  911,  733,  439,  764,  553,  434,  640,  207,  910,  109,  822,  433,  935,  429,   96,  906, 1006,   62,  574,  350,  402,  770,  673,  274,  685,  160,  975,  338,  836,  468,  514,  817,  373,  492],
        [  798,    0,  742,  282,  559,  573,  614,  240,  144,  641,  945,  491, 1018,  397,  358,  833,  383,   54,  850,  484,  868,  553,  922,  491,  431,  912,  386,  792,  932,  125,   62,  691,  876,  409,  841,  568,  241,  690,  253,  349,  713,  585,  758,  416,  884, 1084,  868,  548,   28,  724,  906,   55, 1118,  364,  677,  535,  369,  859,  460,  404,  739,    0,  406,  762,  886,  863,  591,  129,  309,  472,  274,  957,  232,  683,  642,  847,  249, 1020,  642,  314,  788,  877,  682,  702,  338,  569,  354,   32,  450,  471,  363,  693,  616,  492,   99,  463,  255,  816,  402,  572],
