{
    "name": "random-23-29539",
    "comment": "size=23 seed=29539",
    "nodes": ["+0", "-0", "+1", "-1", "+2", "-2", "+3", "-3", "+4", "-4", "+5", "-5", "+6", "-6", "+7", "-7", "+8", "-8", "+9", "-9", "+10", "-10", "+11", "-11", "+12", "-12", "+13", "-13", "+14", "-14", "+15", "-15", "+16", "-16", "+17", "-17", "+18", "-18", "+19", "-19", "+20", "-20", "+21", "-21", "+22", "-22", "+23", "-23"],
    "precedence": {
        "+0": "-0",
        "+1": "-1",
        "+2": "-2",
        "+3": "-3",
        "+4": "-4",
        "+5": "-5",
        "+6": "-6",
        "+7": "-7",
        "+8": "-8",
        "+9": "-9",
        "+10": "-10",
        "+11": "-11",
        "+12": "-12",
        "+13": "-13",
        "+14": "-14",
        "+15": "-15",
        "+16": "-16",
        "+17": "-17",
        "+18": "-18",
        "+19": "-19",
        "+20": "-20",
        "+21": "-21",
        "+22": "-22",
        "+23": "-23"
    },
    "edges": [
        [    0,    0,  565,  441,  722,  603,  693,  752,  743,  494,  731,  696,  442,  894,  563,  874,  586,  141,  814,  212,  964,  204,  186,  415,  331,  165,  503,  994,  249,  871,  957,  889,  462,  552,  505,  605,  761,   64,  535,  522,  480,  739,  928,  700,  649,  415,  956,  501],
        [    0,    0,  565,  441,  722,  603,  693,  752,  743,  494,  731,  696,  442,  894,  563,  874,  586,  141,  814,  212,  964,  204,  186,  415,  331,  165,  503,  994,  249,  871,  957,  889,  462,  552,  505,  605,  761,   64,  535,  522,  480,  739,  928,  700,  649,  415,  956,  501],
        [  565,  565,    0,  173,  332,  680,  433,  309,  400,  238,  419,  140,  596,  330,  446,  386,  361,  443,  249,  468,  400,  536,  470,  661,  735,  427,  413,  453,  369,  329,  491,  339,  157,  505,  267,  218,  228,  557,  556,  237,  383,  272,  379,  148,  363,  426,  403,  386],
        [  441,  441,  173,    0,  479,  715,  549,  469,  539,  104,  550,  271,  426,  473,  307,  437,  247,  345,  400,  306,  551,  470,  398,  489,  568,  284,  467,  622,  310,  500,  527,  506,  212,  355,  134,  351,  323,  449,  398,  123,  228,  303,  491,  271,  280,  444,  569,  444],
        [  722,  722,  332,  479,    0,  515,  152,   68,   76,  564,  107,  379,  896,  424,  775,  630,  692,  582,  363,  713,  437,  596,  558,  946,  980,  640,  293,  356,  474,  273,  736,  309,  293,  830,  595,  132,  466,  685,  876,  567,  704,  559,  533,  392,  691,  372,  359,  274],
        [  603,  603,  680,  715,  515,    0,  373,  582,  469,  818,  433,  799,  991,  916,  998, 1061,  959,  514,  841,  742,  944,  400,  435,  993,  933,  650,  268,  870,  450,  785, 1168,  820,  530, 1023,  846,  510,  895,  541, 1039,  837,  906,  951, 1011,  811,  993,  271,  873,  296],
        [  693,  693,  433,  549,  152,  373,    0,  220,   96,  646,   61,  509,  940,  575,  855,  768,  783,  557,  510,  729,  588,  534,  513,  977,  984,  645,  202,  498,  450,  424,  876,  460,  340,  902,  677,  215,  602,  646,  941,  654,  775,  686,  682,  522,  793,  293,  508,  195],
        [  752,  752,  309,  469,   68,  582,  220,    0,  136,  546,  171,  332,  893,  359,  754,  574,  666,  612,  301,  724,  369,  640,  596,  948,  994,  658,  352,  293,  507,  205,  679,  241,  303,  813,  575,  147,  415,  720,  863,  545,  690,  513,  470,  346,  659,  425,  292,  330],
        [  743,  743,  400,  539,   76,  469,   96,  136,    0,  629,   38,  453,  949,  494,  840,  705,  759,  604,  436,  754,  501,  601,  571,  995, 1018,  677,  278,  404,  496,  335,  811,  372,  341,  892,  660,  189,  542,  702,  936,  633,  766,  634,  605,  467,  762,  365,  415,  264],
        [  494,  494,  238,  104,  564,  818,  646,  546,  629,    0,  642,  289,  374,  482,  212,  387,  143,  420,  420,  323,  564,  555,  482,  450,  559,  330,  570,  660,  402,  543,  464,  543,  313,  267,   32,  441,  310,  513,  320,   29,  147,  254,  474,  285,  179,  547,  600,  547],
        [  731,  731,  419,  550,  107,  433,   61,  171,   38,  642,    0,  480,  954,  529,  853,  735,  776,  593,  469,  752,  537,  581,  555,  996, 1012,  672,  253,  441,  484,  372,  841,  408,  346,  904,  673,  203,  570,  687,  946,  648,  777,  660,  639,  494,  781,  342,  453,  242],
        [  696,  696,  140,  271,  379,  799,  509,  332,  453,  289,  480,    0,  663,  202,  469,  264,  369,  579,  132,  577,  281,  676,  609,  739,  835,  549,  532,  372,  509,  262,  373,  257,  292,  536,  310,  302,   97,  692,  597,  275,  430,  182,  239,   14,  344,  556,  312,  504],
        [  442,  442,  596,  426,  896,  991,  940,  893,  949,  374,  954,  663,    0,  851,  247,  701,  339,  481,  793,  251,  934,  616,  562,   93,  262,  342,  804, 1033,  546,  915,  741,  916,  609,  188,  354,  765,  672,  498,  131,  390,  238,  590,  827,  658,  403,  742,  974,  789],
        [  894,  894,  330,  473,  424,  916,  575,  359,  494,  482,  529,  202,  851,    0,  637,  267,  533,  772,   84,  779,   84,  857,  793,  931, 1035,  750,  658,  227,  692,  177,  354,  145,  462,  706,  498,  408,  182,  886,  772,  463,  614,  287,  117,  202,  490,  703,  160,  632],
        [  563,  563,  446,  307,  775,  998,  855,  754,  840,  212,  853,  469,  247,  637,    0,  459,  105,  538,  591,  353,  720,  683,  614,  340,  496,  410,  765,  839,  557,  731,  494,  725,  518,   71,  181,  652,  455,  602,  138,  210,   93,  359,  596,  461,  160,  729,  775,  744],
        [  874,  874,  386,  437,  630, 1061,  768,  574,  705,  387,  735,  264,  701,  267,  459,    0,  363,  781,  282,  709,  333,  899,  828,  791,  928,  713,  793,  493,  732,  432,  109,  406,  541,  527,  386,  565,  168,  886,  596,  360,  473,  136,  170,  252,  300,  811,  426,  766],
        [  586,  586,  361,  247,  692,  959,  783,  666,  759,  143,  776,  369,  339,  533,  105,  363,    0,  536,  488,  387,  616,  677,  605,  429,  572,  424,  713,  737,  534,  630,  410,  623,  454,  174,  113,  574,  351,  616,  241,  130,  118,  256,  494,  360,   70,  688,  672,  690],
        [  141,  141,  443,  345,  582,  514,  557,  612,  604,  420,  593,  579,  481,  772,  538,  781,  536,    0,  690,  230,  839,  146,   83,  480,  439,  141,  373,  860,  109,  737,  871,  757,  326,  544,  437,  465,  653,  115,  545,  447,  447,  647,  816,  585,  591,  291,  824,  369],
        [  814,  814,  249,  400,  363,  841,  510,  301,  436,  420,  469,  132,  793,   84,  591,  282,  488,  690,    0,  706,  152,  774,  711,  870,  966,  673,  580,  249,  609,  157,  382,  139,  380,  659,  439,  332,  149,  804,  722,  404,  558,  261,  173,  136,  454,  623,  185,  554],
        [  212,  212,  468,  306,  713,  742,  729,  724,  754,  323,  752,  577,  251,  779,  353,  709,  387,  230,  706,    0,  857,  367,  312,  257,  271,   93,  571,  920,  304,  796,  780,  806,  422,  340,  324,  583,  622,  259,  327,  350,  275,  576,  790,  577,  454,  502,  870,  560],
        [  964,  964,  400,  551,  437,  944,  588,  369,  501,  564,  537,  281,  934,   84,  720,  333,  616,  839,  152,  857,    0,  916,  855, 1014, 1115,  824,  694,  167,  754,  166,  408,  129,  521,  790,  581,  445,  266,  953,  855,  546,  697,  368,  166,  282,  572,  747,  107,  668],
        [  204,  204,  536,  470,  596,  400,  534,  640,  601,  555,  581,  676,  616,  857,  683,  899,  677,  146,  774,  367,  916,    0,   73,  605,  534,  283,  334,  912,  169,  795,  994,  820,  395,  689,  575,  501,  759,  141,  688,  581,  592,  767,  915,  684,  730,  242,  885,  340],
        [  186,  186,  470,  398,  558,  435,  513,  596,  571,  482,  555,  609,  562,  793,  614,  828,  605,   83,  711,  312,  855,   73,    0,  559,  507,  223,  319,  860,  102,  741,  922,  764,  334,  624,  503,  453,  689,  134,  627,  508,  523,  695,  848,  616,  658,  230,  830,  320],
        [  415,  415,  661,  489,  946,  993,  977,  948,  995,  450,  996,  739,   93,  931,  340,  791,  429,  480,  870,  257, 1014,  605,  559,    0,  176,  349,  827, 1106,  560,  986,  833,  989,  655,  281,  434,  814,  755,  475,  222,  469,  323,  677,  912,  735,  494,  758, 1048,  814],
        [  331,  331,  735,  568,  980,  933,  984,  994, 1018,  559, 1012,  835,  262, 1035,  496,  928,  572,  439,  966,  271, 1115,  534,  507,  176,    0,  341,  810, 1188,  539, 1064,  981, 1073,  691,  446,  550,  851,  868,  394,  392,  582,  457,  804, 1032,  833,  640,  729, 1136,  803],
        [  165,  165,  427,  284,  640,  650,  645,  658,  677,  330,  672,  549,  342,  750,  410,  713,  424,  141,  673,   93,  824,  283,  223,  349,  341,    0,  481,  872,  212,  748,  793,  762,  355,  410,  340,  513,  606,  194,  406,  358,  323,  578,  775,  551,  486,  410,  828,  471],
        [  503,  503,  413,  467,  293,  268,  202,  352,  278,  570,  253,  532,  804,  658,  765,  793,  713,  373,  580,  571,  694,  334,  319,  827,  810,  481,    0,  644,  272,  544,  901,  576,  268,  801,  601,  251,  628,  452,  827,  587,  677,  685,  748,  543,  740,   92,  635,   28],
        [  994,  994,  453,  622,  356,  870,  498,  293,  404,  660,  441,  372, 1033,  227,  839,  493,  737,  860,  249,  920,  167,  912,  860, 1106, 1188,  872,  644,    0,  763,  125,  573,  117,  534,  907,  682,  414,  394,  973,  969,  646,  802,  505,  331,  379,  702,  713,   68,  621],
        [  249,  249,  369,  310,  474,  450,  450,  507,  496,  402,  484,  509,  546,  692,  557,  732,  534,  109,  609,  304,  754,  169,  102,  560,  539,  212,  272,  763,    0,  642,  829,  665,  234,  577,  426,  361,  591,  214,  590,  427,  465,  602,  747,  516,  581,  199,  731,  265],
        [  871,  871,  329,  500,  273,  785,  424,  205,  335,  543,  372,  262,  915,  177,  731,  432,  630,  737,  157,  796,  166,  795,  741,  986, 1064,  748,  544,  125,  642,    0,  527,   37,  411,  797,  567,  302,  304,  851,  857,  532,  687,  416,  294,  271,  602,  606,   93,  519],
        [  957,  957,  491,  527,  736, 1168,  876,  679,  811,  464,  841,  373,  741,  354,  494,  109,  410,  871,  382,  780,  408,  994,  922,  833,  981,  793,  901,  573,  829,  527,    0,  498,  646,  557,  457,  673,  276,  972,  624,  435,  526,  228,  242,  360,  341,  916,  508,  873],
        [  889,  889,  339,  506,  309,  820,  460,  241,  372,  543,  408,  257,  916,  145,  725,  406,  623,  757,  139,  806,  129,  820,  764,  989, 1073,  762,  576,  117,  665,   37,  498,    0,  432,  792,  565,  332,  287,  871,  853,  530,  686,  399,  261,  264,  591,  636,   67,  551],
        [  462,  462,  157,  212,  293,  530,  340,  303,  341,  313,  346,  292,  609,  462,  518,  541,  454,  326,  380,  422,  521,  395,  334,  655,  691,  355,  268,  534,  234,  411,  646,  432,    0,  564,  344,  161,  383,  440,  602,  325,  437,  424,  528,  302,  475,  270,  499,  242],
        [  552,  552,  505,  355,  830, 1023,  902,  813,  892,  267,  904,  536,  188,  706,   71,  527,  174,  544,  659,  340,  790,  689,  624,  281,  446,  410,  801,  907,  577,  797,  557,  792,  564,    0,  238,  704,  525,  597,   69,  270,  128,  429,  666,  528,  229,  758,  844,  781],
        [  505,  505,  267,  134,  595,  846,  677,  575,  660,   32,  673,  310,  354,  498,  181,  386,  113,  437,  439,  324,  581,  575,  503,  434,  550,  340,  601,  682,  426,  567,  457,  565,  344,  238,    0,  472,  322,  527,  293,   36,  121,  256,  484,  304,  156,  575,  621,  577],
        [  605,  605,  218,  351,  132,  510,  215,  147,  189,  441,  203,  302,  765,  408,  652,  565,  574,  465,  332,  583,  445,  501,  453,  814,  851,  513,  251,  414,  361,  302,  673,  332,  161,  704,  472,    0,  397,  574,  748,  446,  578,  473,  501,  315,  580,  305,  394,  224],
        [  761,  761,  228,  323,  466,  895,  602,  415,  542,  310,  570,   97,  672,  182,  455,  168,  351,  653,  149,  622,  266,  759,  689,  755,  868,  606,  628,  394,  591,  304,  276,  287,  383,  525,  322,  397,    0,  763,  590,  288,  435,  113,  169,   85,  310,  650,  328,  601],
        [   64,   64,  557,  449,  685,  541,  646,  720,  702,  513,  687,  692,  498,  886,  602,  886,  616,  115,  804,  259,  953,  141,  134,  475,  394,  194,  452,  973,  214,  851,  972,  871,  440,  597,  527,  574,  763,    0,  585,  541,  516,  750,  927,  697,  676,  362,  938,  453],
        [  535,  535,  556,  398,  876, 1039,  941,  863,  936,  320,  946,  597,  131,  772,  138,  596,  241,  545,  722,  327,  855,  688,  627,  222,  392,  406,  827,  969,  590,  857,  624,  853,  602,   69,  293,  748,  590,  585,    0,  327,  174,  496,  734,  590,  297,  778,  906,  809],
        [  522,  522,  237,  123,  567,  837,  654,  545,  633,   29,  648,  275,  390,  463,  210,  360,  130,  447,  404,  350,  546,  581,  508,  469,  582,  358,  587,  646,  427,  532,  435,  530,  325,  270,   36,  446,  288,  541,  327,    0,  156,  227,  451,  269,  157,  566,  586,  563],
        [  480,  480,  383,  228,  704,  906,  775,  690,  766,  147,  777,  430,  238,  614,   93,  473,  118,  447,  558,  275,  697,  592,  523,  323,  457,  323,  677,  802,  465,  687,  526,  686,  437,  128,  121,  578,  435,  516,  174,  156,    0,  355,  590,  424,  187,  638,  741,  656],
        [  739,  739,  272,  303,  559,  951,  686,  513,  634,  254,  660,  182,  590,  287,  359,  136,  256,  647,  261,  576,  368,  767,  695,  677,  804,  578,  685,  505,  602,  416,  228,  399,  424,  429,  256,  473,  113,  750,  496,  227,  355,    0,  238,  168,  205,  693,  438,  658],
        [  928,  928,  379,  491,  533, 1011,  682,  470,  605,  474,  639,  239,  827,  117,  596,  170,  494,  816,  173,  790,  166,  915,  848,  912, 1032,  775,  748,  331,  747,  294,  242,  261,  528,  666,  484,  501,  169,  927,  734,  451,  590,  238,    0,  233,  440,  784,  266,  721],
        [  700,  700,  148,  271,  392,  811,  522,  346,  467,  285,  494,   14,  658,  202,  461,  252,  360,  585,  136,  577,  282,  684,  616,  735,  833,  551,  543,  379,  516,  271,  360,  264,  302,  528,  304,  315,   85,  697,  590,  269,  424,  168,  233,    0,  334,  567,  318,  516],
        [  649,  649,  363,  280,  691,  993,  793,  659,  762,  179,  781,  344,  403,  490,  160,  300,   70,  591,  454,  454,  572,  730,  658,  494,  640,  486,  740,  702,  581,  602,  341,  591,  475,  229,  156,  580,  310,  676,  297,  157,  187,  205,  440,  334,    0,  723,  636,  716],
        [  415,  415,  426,  444,  372,  271,  293,  425,  365,  547,  342,  556,  742,  703,  729,  811,  688,  291,  623,  502,  747,  242,  230,  758,  729,  410,   92,  713,  199,  606,  916,  636,  270,  758,  575,  305,  650,  362,  778,  566,  638,  693,  784,  567,  723,    0,  698,  102],
        [  956,  956,  403,  569,  359,  873,  508,  292,  415,  600,  453,  312,  974,  160,  775,  426,  672,  824,  185,  870,  107,  885,  830, 1048, 1136,  828,  635,   68,  731,   93,  508,   67,  499,  844,  621,  394,  328,  938,  906,  586,  741,  438,  266,  318,  636,  698,    0,  611],
        [  501,  501,  386,  444,  274,  296,  195,  330,  264,  547,  242,  504,  789,  632,  744,  766,  690,  369,  554,  560,  668,  340,  320,  814,  803,  471,   28,  621,  265,  519,  873,  551,  242,  781,  577,  224,  601,  453,  809,  563,  656,  658,  721,  516,  716,  102,  611,    0]
    ]
}
