{
    "name": "random-22-22923",
    "comment": "size=22 seed=22923",
    "nodes": ["+0", "-0", "+1", "-1", "+2", "-2", "+3", "-3", "+4", "-4", "+5", "-5", "+6", "-6", "+7", "-7", "+8", "-8", "+9", "-9", "+10", "-10", "+11", "-11", "+12", "-12", "+13", "-13", "+14", "-14", "+15", "-15", "+16", "-16", "+17", "-17", "+18", "-18", "+19", "-19", "+20", "-20", "+21", "-21", "+22", "-22"],
    "precedence": {
        "+0": "-0",
        "+1": "-1",
        "+2": "-2",
        "+3": "-3",
        "+4": "-4",
        "+5": "-5",
        "+6": "-6",
        "+7": "-7",
        "+8": "-8",
        "+9": "-9",
        "+10": "-10",
        "+11": "-11",
        "+12": "-12",
        "+13": "-13",
        "+14": "-14",
        "+15": "-15",
        "+16": "-16",
        "+17": "-17",
        "+18": "-18",
        "+19": "-19",
        "+20": "-20",
        "+21": "-21",
        "+22": "-22"
    },
    "edges": [
        [    0,    0,  903,  374,  482,  519,  831,  514, 1001,  551,  792,  831,  603,  691, 1196,  607,  744,  126,  398,  765,  985,  679,  793,  986,  489, 1082,  689,  395,  762,  857,  297,  898,  234,  864,  782,  662,  870,  239,  988,  848,  831,  156,  265,  850,  910,  989],
        [    0,    0,  903,  374,  482,  519,  831,  514, 1001,  551,  792,  831,  603,  691, 1196,  607,  744,  126,  398,  765,  985,  679,  793,  986,  489, 1082,  689,  395,  762,  857,  297,  898,  234,  864,  782,  662,  870,  239,  988,  848,  831,  156,  265,  850,  910,  989],
        [  903,  903,    0,  538,  425,  661,  453,  419,  275,  618,  671,   77,  448,  280,  293,  371,  259,  782,  620,  296,  113,  680,  135,   85,  480,  185,  226,  533,  541,  369,  691,  156,  692,  331,  147,  249,  521,  764,  248,   64,  478,  806,  736,  205,  339,  198],
        [  374,  374,  538,    0,  155,  437,  593,  223,  631,  311,  539,  470,  267,  319,  830,  243,  430,  249,  293,  400,  614,  575,  421,  620,  145,  713,  342,  168,  571,  584,  276,  560,  154,  577,  410,  292,  653,  238,  616,  488,  505,  317,  303,  525,  550,  616],
        [  482,  482,  425,  155,    0,  353,  442,   76,  576,  421,  618,  351,  315,  280,  717,  247,  278,  367,  240,  374,  517,  464,  330,  510,  222,  608,  207,  118,  432,  430,  280,  419,  295,  423,  322,  205,  505,  389,  557,  368,  531,  382,  322,  378,  527,  542],
        [  519,  519,  661,  437,  353,    0,  365,  294,  883,  747,  963,  588,  665,  619,  919,  598,  410,  472,  151,  714,  771,  162,  621,  739,  560,  836,  453,  271,  266,  426,  230,  570,  484,  450,  617,  524,  379,  586,  860,  598,  883,  364,  255,  505,  861,  830],
        [  831,  831,  453,  593,  442,  365,    0,  370,  725,  845,  999,  406,  703,  576,  634,  612,  232,  748,  436,  652,  559,  286,  492,  505,  647,  585,  354,  460,  117,   92,  538,  307,  712,  130,  496,  472,   74,  815,  698,  404,  851,  685,  579,  249,  759,  650],
        [  514,  514,  419,  223,   76,  294,  370,    0,  603,  496,  689,  343,  384,  325,  706,  309,  231,  408,  206,  421,  520,  394,  345,  504,  297,  603,  194,  121,  356,  365,  272,  386,  350,  364,  339,  234,  431,  450,  581,  358,  591,  396,  318,  336,  569,  560],
        [ 1001, 1001,  275,  631,  576,  883,  725,  603,    0,  566,  513,  321,  423,  312,  351,  395,  513,  875,  807,  240,  189,  930,  263,  254,  516,  251,  432,  693,  804,  642,  855,  430,  769,  605,  267,  373,  794,  809,   27,  321,  307,  940,  896,  478,  136,   84],
        [  551,  551,  618,  311,  421,  747,  845,  496,  566,    0,  245,  578,  171,  339,  869,  256,  636,  443,  603,  346,  643,  879,  484,  679,  200,  748,  515,  476,  850,  811,  577,  709,  341,  792,  472,  405,  913,  315,  565,  595,  307,  572,  595,  701,  440,  594],
        [  792,  792,  671,  539,  618,  963,  999,  689,  513,  245,    0,  657,  305,  429,  859,  390,  772,  687,  828,  377,  654, 1082,  553,  706,  405,  747,  647,  696, 1027,  947,  813,  798,  586,  921,  543,  528, 1071,  554,  524,  671,  207,  816,  835,  810,  379,  571],
        [  831,  831,   77,  470,  351,  588,  406,  343,  321,  578,  657,    0,  409,  242,  367,  324,  194,  712,  544,  281,  184,  615,  105,  161,  424,  261,  150,  458,  484,  328,  615,  142,  624,  294,  115,  188,  478,  700,  295,   19,  476,  731,  660,  167,  359,  252],
        [  603,  603,  448,  267,  315,  665,  703,  384,  423,  171,  305,  409,    0,  168,  704,   92,  483,  481,  537,  188,  478,  778,  314,  510,  124,  582,  358,  404,  723,  659,  540,  542,  370,  637,  302,  242,  774,  392,  417,  426,  239,  579,  570,  538,  313,  437],
        [  691,  691,  280,  319,  280,  619,  576,  325,  312,  339,  429,  242,  168,    0,  546,   96,  346,  565,  518,   96,  320,  702,  146,  346,  217,  425,  222,  394,  617,  519,  552,  379,  461,  493,  134,  107,  649,  513,  298,  259,  280,  630,  591,  383,  248,  301],
        [ 1196, 1196,  293,  830,  717,  919,  634,  706,  351,  869,  859,  367,  704,  546,    0,  641,  511, 1075,  900,  524,  227,  904,  412,  210,  759,  122,  514,  823,  743,  543,  977,  350,  982,  506,  424,  539,  685, 1050,  337,  350,  652, 1097, 1023,  416,  481,  288],
        [  607,  607,  371,  243,  247,  598,  612,  309,  395,  256,  390,  324,   92,   96,  641,    0,  391,  482,  481,  158,  415,  701,  237,  440,  124,  520,  266,  349,  637,  567,  499,  454,  375,  546,  224,  151,  684,  420,  383,  342,  285,  559,  534,  448,  308,  392],
        [  744,  744,  259,  430,  278,  410,  232,  231,  513,  636,  772,  194,  483,  346,  511,  391,    0,  637,  397,  421,  371,  422,  264,  332,  446,  427,  126,  350,  293,  177,  485,  166,  572,  157,  267,  245,  305,  666,  487,  198,  619,  620,  531,  108,  533,  446],
        [  126,  126,  782,  249,  367,  472,  748,  408,  875,  443,  687,  712,  481,  565, 1075,  482,  637,    0,  332,  640,  862,  633,  669,  865,  365,  960,  573,  294,  692,  764,  242,  786,  111,  767,  658,  539,  794,  150,  862,  729,  712,  148,  227,  742,  785,  864],
        [  398,  398,  620,  293,  240,  151,  436,  206,  807,  603,  828,  544,  537,  518,  900,  481,  397,  332,    0,  613,  724,  307,  551,  703,  424,  803,  396,  134,  365,  472,  102,  563,  334,  486,  545,  436,  472,  437,  786,  557,  765,  249,  144,  503,  765,  766],
        [  765,  765,  296,  400,  374,  714,  652,  421,  240,  346,  377,  281,  188,   96,  524,  158,  421,  640,  613,    0,  300,  794,  177,  342,  278,  403,  303,  488,  702,  588,  644,  423,  532,  559,  168,  196,  725,  570,  231,  294,  200,  715,  682,  440,  154,  250],
        [  985,  985,  113,  614,  517,  771,  559,  520,  189,  643,  654,  184,  478,  320,  227,  415,  371,  862,  724,  300,    0,  792,  193,   65,  534,  106,  328,  629,  650,  472,  790,  254,  765,  434,  204,  323,  625,  827,  164,  174,  450,  898,  834,  311,  289,  106],
        [  679,  679,  680,  575,  464,  162,  286,  394,  930,  879, 1082,  615,  778,  702,  904,  701,  422,  633,  307,  794,  792,    0,  671,  749,  684,  839,  503,  409,  170,  369,  391,  559,  640,  403,  671,  599,  271,  743,  905,  620,  978,  523,  416,  493,  930,  867],
        [  793,  793,  135,  421,  330,  621,  492,  345,  263,  484,  553,  105,  314,  146,  412,  237,  264,  669,  551,  177,  193,  671,    0,  206,  349,  294,  170,  446,  556,  421,  608,  246,  573,  388,   13,  131,  564,  638,  240,  119,  373,  709,  651,  266,  269,  215],
        [  986,  986,   85,  620,  510,  739,  505,  504,  254,  679,  706,  161,  510,  346,  210,  440,  332,  865,  703,  342,   65,  749,  206,    0,  554,  100,  311,  618,  602,  417,  775,  199,  773,  378,  218,  329,  569,  842,  229,  147,  505,  891,  821,  260,  349,  171],
        [  489,  489,  480,  145,  222,  560,  647,  297,  516,  200,  405,  424,  124,  217,  759,  124,  446,  365,  424,  278,  534,  684,  349,  554,    0,  638,  332,  292,  650,  618,  419,  541,  256,  603,  337,  238,  715,  297,  506,  443,  362,  456,  448,  523,  421,  515],
        [ 1082, 1082,  185,  713,  608,  836,  585,  603,  251,  748,  747,  261,  582,  425,  122,  520,  427,  960,  803,  403,  106,  839,  294,  100,  638,    0,  410,  717,  687,  494,  875,  282,  865,  456,  305,  422,  645,  931,  232,  246,  541,  989,  920,  347,  372,  178],
        [  689,  689,  226,  342,  207,  453,  354,  194,  432,  515,  647,  150,  358,  222,  514,  266,  126,  573,  396,  303,  328,  503,  170,  311,  332,  410,    0,  309,  400,  302,  465,  219,  493,  280,  168,  120,  427,  578,  408,  165,  499,  584,  511,  192,  428,  378],
        [  395,  395,  533,  168,  118,  271,  460,  121,  693,  476,  696,  458,  404,  394,  823,  349,  350,  294,  134,  488,  629,  409,  446,  618,  292,  717,  309,    0,  420,  471,  163,  507,  253,  474,  438,  322,  512,  358,  674,  473,  633,  276,  206,  457,  641,  659],
        [  762,  762,  541,  571,  432,  266,  117,  356,  804,  850, 1027,  484,  723,  617,  743,  637,  293,  692,  365,  702,  650,  170,  556,  602,  650,  687,  400,  420,    0,  203,  465,  406,  671,  238,  558,  511,  114,  776,  778,  486,  896,  610,  501,  342,  823,  735],
        [  857,  857,  369,  584,  430,  426,   92,  365,  642,  811,  947,  328,  659,  519,  543,  567,  177,  764,  472,  588,  472,  369,  421,  417,  618,  494,  302,  471,  203,    0,  572,  219,  715,   39,  426,  421,  154,  815,  615,  324,  788,  717,  615,  164,  686,  566],
        [  297,  297,  691,  276,  280,  230,  538,  272,  855,  577,  813,  615,  540,  552,  977,  499,  485,  242,  102,  644,  790,  391,  608,  775,  419,  875,  465,  163,  465,  572,    0,  649,  269,  584,  600,  484,  574,  365,  836,  629,  776,  147,   47,  592,  798,  821],
        [  898,  898,  156,  560,  419,  570,  307,  386,  430,  709,  798,  142,  542,  379,  350,  454,  166,  786,  563,  423,  254,  559,  246,  199,  541,  282,  219,  507,  406,  219,  649,    0,  710,  180,  256,  307,  372,  797,  404,  130,  617,  781,  695,   67,  491,  351],
        [  234,  234,  692,  154,  295,  484,  712,  350,  769,  341,  586,  624,  370,  461,  982,  375,  572,  111,  334,  532,  765,  640,  573,  773,  256,  865,  493,  253,  671,  715,  269,  710,    0,  713,  561,  444,  765,  106,  757,  642,  602,  232,  273,  672,  676,  761],
        [  864,  864,  331,  577,  423,  450,  130,  364,  605,  792,  921,  294,  637,  493,  506,  546,  157,  767,  486,  559,  434,  403,  388,  378,  603,  456,  280,  474,  238,   39,  584,  180,  713,    0,  395,  397,  192,  811,  578,  289,  758,  728,  628,  128,  651,  528],
        [  782,  782,  147,  410,  322,  617,  496,  339,  267,  472,  543,  115,  302,  134,  424,  224,  267,  658,  545,  168,  204,  671,   13,  218,  337,  305,  168,  438,  558,  426,  600,  256,  561,  395,    0,  121,  569,  626,  244,  129,  365,  700,  643,  273,  266,  222],
        [  662,  662,  249,  292,  205,  524,  472,  234,  373,  405,  528,  188,  242,  107,  539,  151,  245,  539,  436,  196,  323,  599,  131,  329,  238,  422,  120,  322,  511,  421,  484,  307,  444,  397,  121,    0,  545,  515,  353,  206,  386,  580,  526,  297,  337,  339],
        [  870,  870,  521,  653,  505,  379,   74,  431,  794,  913, 1071,  478,  774,  649,  685,  684,  305,  794,  472,  725,  625,  271,  564,  569,  715,  645,  427,  512,  114,  154,  574,  372,  765,  192,  569,  545,    0,  869,  768,  475,  924,  720,  611,  317,  832,  719],
        [  239,  239,  764,  238,  389,  586,  815,  450,  809,  315,  554,  700,  392,  513, 1050,  420,  666,  150,  437,  570,  827,  743,  638,  842,  297,  931,  578,  358,  776,  815,  365,  797,  106,  811,  626,  515,  869,    0,  800,  718,  606,  297,  362,  763,  704,  812],
        [  988,  988,  248,  616,  557,  860,  698,  581,   27,  565,  524,  295,  417,  298,  337,  383,  487,  862,  786,  231,  164,  905,  240,  229,  506,  232,  408,  674,  778,  615,  836,  404,  757,  578,  244,  353,  768,  800,    0,  294,  317,  924,  877,  452,  145,   59],
        [  848,  848,   64,  488,  368,  598,  404,  358,  321,  595,  671,   19,  426,  259,  350,  342,  198,  729,  557,  294,  174,  620,  119,  147,  443,  246,  165,  473,  486,  324,  629,  130,  642,  289,  129,  206,  475,  718,  294,    0,  488,  747,  675,  161,  365,  249],
        [  831,  831,  478,  505,  531,  883,  851,  591,  307,  307,  207,  476,  239,  280,  652,  285,  619,  712,  765,  200,  450,  978,  373,  505,  362,  541,  499,  633,  896,  788,  776,  617,  602,  758,  365,  386,  924,  606,  317,  488,    0,  816,  807,  638,  173,  365],
        [  156,  156,  806,  317,  382,  364,  685,  396,  940,  572,  816,  731,  579,  630, 1097,  559,  620,  148,  249,  715,  898,  523,  709,  891,  456,  989,  584,  276,  610,  717,  147,  781,  232,  728,  700,  580,  720,  297,  924,  747,  816,    0,  110,  728,  867,  917],
        [  265,  265,  736,  303,  322,  255,  579,  318,  896,  595,  835,  660,  570,  591, 1023,  534,  531,  227,  144,  682,  834,  416,  651,  821,  448,  920,  511,  206,  501,  615,   47,  695,  273,  628,  643,  526,  611,  362,  877,  675,  807,  110,    0,  638,  836,  864],
        [  850,  850,  205,  525,  378,  505,  249,  336,  478,  701,  810,  167,  538,  383,  416,  448,  108,  742,  503,  440,  311,  493,  266,  260,  523,  347,  192,  457,  342,  164,  592,   67,  672,  128,  273,  297,  317,  763,  452,  161,  638,  728,  638,    0,  525,  402],
        [  910,  910,  339,  550,  527,  861,  759,  569,  136,  440,  379,  359,  313,  248,  481,  308,  533,  785,  765,  154,  289,  930,  269,  349,  421,  372,  428,  641,  823,  686,  798,  491,  676,  651,  266,  337,  832,  704,  145,  365,  173,  867,  836,  525,    0,  195],
        [  989,  989,  198,  616,  542,  830,  650,  560,   84,  594,  571,  252,  437,  301,  288,  392,  446,  864,  766,  250,  106,  867,  215,  171,  515,  178,  378,  659,  735,  566,  821,  351,  761,  528,  222,  339,  719,  812,   59,  249,  365,  917,  864,  402,  195,    0]
    ]
}
