{
    "name": "random-91-31009",
    "comment": "size=91 seed=31009",
    "nodes": ["+0", "-0", "+1", "-1", "+2", "-2", "+3", "-3", "+4", "-4", "+5", "-5", "+6", "-6", "+7", "-7", "+8", "-8", "+9", "-9", "+10", "-10", "+11", "-11", "+12", "-12", "+13", "-13", "+14", "-14", "+15", "-15", "+16", "-16", "+17", "-17", "+18", "-18", "+19", "-19", "+20", "-20", "+21", "-21", "+22", "-22", "+23", "-23", "+24", "-24", "+25", "-25", "+26", "-26", "+27", "-27", "+28", "-28", "+29", "-29", "+30", "-30", "+31", "-31", "+32", "-32", "+33", "-33", "+34", "-34", "+35", "-35", "+36", "-36", "+37", "-37", "+38", "-38", "+39", "-39", "+40", "-40", "+41", "-41", "+42", "-42", "+43", "-43", "+44", "-44", "+45", "-45", "+46", "-46", "+47", "-47", "+48", "-48", "+49", "-49", "+50", "-50", "+51", "-51", "+52", "-52", "+53", "-53", "+54", "-54", "+55", "-55", "+56", "-56", "+57", "-57", "+58", "-58", "+59", "-59", "+60", "-60", "+61", "-61", "+62", "-62", "+63", "-63", "+64", "-64", "+65", "-65", "+66", "-66", "+67", "-67", "+68", "-68", "+69", "-69", "+70", "-70", "+71", "-71", "+72", "-72", "+73", "-73", "+74", "-74", "+75", "-75", "+76", "-76", "+77", "-77", "+78", "-78", "+79", "-79", "+80", "-80", "+81", "-81", "+82", "-82", "+83", "-83", "+84", "-84", "+85", "-85", "+86", "-86", "+87", "-87", "+88", "-88", "+89", "-89", "+90", "-90", "+91", "-91"],
    "precedence": {
        "+0": "-0",
        "+1": "-1",
        "+2": "-2",
        "+3": "-3",
        "+4": "-4",
        "+5": "-5",
        "+6": "-6",
        "+7": "-7",
        "+8": "-8",
        "+9": "-9",
        "+10": "-10",
        "+11": "-11",
        "+12": "-12",
        "+13": "-13",
        "+14": "-14",
        "+15": "-15",
        "+16": "-16",
        "+17": "-17",
        "+18": "-18",
        "+19": "-19",
        "+20": "-20",
        "+21": "-21",
        "+22": "-22",
        "+23": "-23",
        "+24": "-24",
        "+25": "-25",
        "+26": "-26",
        "+27": "-27",
        "+28": "-28",
        "+29": "-29",
        "+30": "-30",
        "+31": "-31",
        "+32": "-32",
        "+33": "-33",
        "+34": "-34",
        "+35": "-35",
        "+36": "-36",
        "+37": "-37",
        "+38": "-38",
        "+39": "-39",
        "+40": "-40",
        "+41": "-41",
        "+42": "-42",
        "+43": "-43",
        "+44": "-44",
        "+45": "-45",
        "+46": "-46",
        "+47": "-47",
        "+48": "-48",
        "+49": "-49",
        "+50": "-50",
        "+51": "-51",
        "+52": "-52",
        "+53": "-53",
        "+54": "-54",
        "+55": "-55",
        "+56": "-56",
        "+57": "-57",
        "+58": "-58",
        "+59": "-59",
        "+60": "-60",
        "+61": "-61",
        "+62": "-62",
        "+63": "-63",
        "+64": "-64",
        "+65": "-65",
        "+66": "-66",
        "+67": "-67",
        "+68": "-68",
        "+69": "-69",
        "+70": "-70",
        "+71": "-71",
        "+72": "-72",
        "+73": "-73",
        "+74": "-74",
        "+75": "-75",
        "+76": "-76",
        "+77": "-77",
        "+78": "-78",
        "+79": "-79",
        "+80": "-80",
        "+81": "-81",
        "+82": "-82",
        "+83": "-83",
        "+84": "-84",
        "+85": "-85",
        "+86": "-86",
        "+87": "-87",
        "+88": "-88",
        "+89": "-89",
        "+90": "-90",
        "+91": "-91"
    },
    "edges": [
        [    0,    0,  694,  380,  749,  588,   87,  586,  204,  188,  768,   60,  742,  493,  644,  548,  124,  351,  394,  603,  438,  735,  864,  656,  889,  436,  379,  243,  332,  957,  743,  699,  659,  500,  434,  376,  431,  553,  755,   74,  196,  429,  235,  822,  120,  130,  593,  774,  590,  604,  580,  707,  460,  799,  437,  492,  341,  315,  496,  831,  339,  110,  633,   66,  533,  223,  337,  849,  750,  201,  400,  596,  719,  821,  696,  291,  438,  700,  530,  390,  739,  528,  435,  163,  770,  308,  161,  682,  924,  845,   17,  772,  782,  146,  213,  450,  656,  752,  642,  271,  438,  464,  686,  583,  425,  416,  253,  644,  662,  291,  482,  450,  707,  230,  788,  903,  735,  177,  820,  475,  578,  645,  509,  478,  290,  851,  596,  763,  193,  242,  775,  800,  503,  225,  879,  222,  869,  588,  422,   31,  695,  368,  473,   54,  905,  242,  796,  540,  508,  512,  299,  151,  635,  230,  537,  756,  706,  985,  549,  334,  252,  416,  724,  911,  405,  525,  654,  272,  758,  144,  427,  593,  558,  551,  337,  513,  495,  195,  188,  659,  647,  234,  658, 1042],
        [    0,    0,    0,    0,    0,    0,    0,    0,    0,    0,    0,    0,    0,    0,    0,    0,    0,    0,    0,    0,    0,    0,    0,    0,    0,    0,    0,    0,    0,    0,    0,    0,    0,    0,    0,    0,    0,    0,    0,    0,    0,    0,    0,    0,    0,    0,    0,    0,    0,    0,    0,    0,    0,    0,    0,    0,    0,    0,    0,    0,    0,    0,    0,    0,    0,    0,    0,    0,    0,    0,    0,    0,    0,    0,    0,    0,    0,    0,    0,    0,    0,    0,    0,    0,    0,    0,    0,    0,    0,    0,    0,    0,    0,    0,    0,    0,    0,    0,    0,    0,    0,    0,    0,    0,    0,    0,    0,    0,    0,    0,    0,    0,    0,    0,    0,    0,    0,    0,    0,    0,    0,    0,    0,    0,    0,    0,    0,    0,    0,    0,    0,    0,    0,    0,    0,    0,    0,    0,    0,    0,    0,    0,    0,    0,    0,    0,    0,    0,    0,    0,    0,    0,    0,    0,    0,    0,    0,    0,    0,    0,    0,    0,    0,    0,    0,    0,    0,    0,    0,    0,    0,    0,    0,    0,    0,    0,    0,    0,    0,    0,    0,    0,    0,    0],
        [  694,    0,    0,  548,  586,  113,  771,  432,  805,  555, 1139,  726, 1257,  933,  713,  928,  678,  601,  319, 1042,  256,  937,  986,  298,  981, 1014, 1019,  499,  638,  905,  644, 1193,  389,  354,  829,  795,  339, 1061, 1072,  757,  739,  853,  546, 1009,  699,  698,  757,  623, 1136,   90,  233,  823,  553,  983,  628,  288,  866,  955, 1093,  726,  930,  797,  794,  655, 1121,  657,  978,  815, 1104,  507,  663, 1113,  584,  707,  687,  866,  824, 1002,  754,  556,  543,  473,  776,  537, 1063,  893,  794, 1102,  818,  792,  678, 1257,  579,  699,  499,  248,  974,  612,   53,  958,  258,  437, 1033,  668, 1019,  295,  909,  677,   53,  567,  892,  709,  186,  676, 1310,  832,  562,  862,  857,  610, 1156, 1143,  533,  857,  703,  693, 1063, 1012,  565,  788, 1079,  868,  947,  814,  962,  849,  820,  832,  915,  715,  736,  348,  244,  699,  823,  935,  811,  237,  848, 1016,  706,  629, 1004,  903,  695, 1051, 1186,  878,  164,  896,  745,  951,  833,  888,  923,  806,   67,  488, 1157,  615,  431, 1175,  805,  702,  974,  208,  440,  502,  818,  349,  633,  476,  540,  953],
        [  380,    0,  548,    0,  372,  441,  460,  234,  345,  420,  602,  439,  711,  386,  285,  382,  273,   59,  407,  494,  365,  449,  548,  360,  562,  494,  536,  421,  102,  592,  363,  645,  323,  210,  282,  253,  212,  518,  546,  394,  554,  307,  152,  535,  477,  484,  268,  395,  597,  473,  337,  374,   81,  508,   96,  261,  345,  482,  574,  453,  429,  426,  312,  315,  597,  185,  502,  482,  570,  242,  116,  569,  341,  443,  323,  668,  276,  477,  233,   13,  366,  164,  228,  346,  545,  686,  540,  556,  549,  474,  369,  710,  407,  497,  231,  395,  442,  373,  511,  547,  346,  131,  497,  221,  506,  285,  461,  275,  499,   89,  344,  168,  462,  194,  764,  532,  359,  538,  469,  111,  626,  597,  131,  309,  183,  472,  515,  507,  437,  300,  558,  457,  400,  342,  548,  393,  500,  313,  378,  375,  333,  246,  447,  341,  532,  548,  437,  316,  304,  474,  182,  455,  462,  478,  199,  531,  638,  612,  479,  386,  246,  422,  390,  549,  391,  271,  486,  445,  615,  237,  120,  646,  281,  212,  496,  472,  150,  274,  373,  339,  270,  367,  282,  673],
        [  749,    0,  586,  372,    0,  527,  831,  197,  701,  754,  695,  807,  903,  613,  226,  561,  644,  413,  644,  678,  563,  437,  432,  289,  415,  787,  863,  737,  448,  320,   71,  833,  199,  319,  531,  540,  403,  751,  607,  765,  913,  563,  516,  482,  838,  845,  317,   38,  838,  559,  375,  309,  294,  459,  346,  387,  656,  820,  861,  141,  750,  796,  326,  684,  873,  552,  837,  233,  657,  585,  403,  794,   33,  122,  154, 1033,  521,  546,  366,  364,   45,  228,  471,  686,  586, 1053,  908,  705,  236,  207,  737,  876,   43,  856,  571,  590,  541,   29,  580,  907,  540,  302,  601,  237,  808,  490,  813,  189,  538,  460,  568,  394,  411,  557,  952,  247,   25,  909,  290,  300,  887,  799,  241,  527,  526,  119,  715,  518,  772,  647,  605,  312,  625,  692,  396,  746,  235,  408,  651,  746,  212,  491,  640,  713,  238,  913,  243,  399,  492,  717,  521,  805,  597,  837,  304,  578,  816,  301,  622,  704,  594,  708,  309,  303,  676,  429,  525,  753,  730,  606,  342,  907,  400,  297,  829,  642,  271,  612,  733,  239,  145,  682,   93,  374],
        [  588,    0,  113,  441,  527,    0,  666,  353,  693,  460, 1037,  623, 1147,  824,  627,  822,  567,  492,  231,  934,  154,  846,  905,  247,  903,  901,  907,  407,  528,  845,  578, 1084,  330,  258,  720,  684,  230,  951,  973,  649,  647,  743,  434,  921,  602,  602,  662,  565, 1024,   35,  154,  737,  453,  894,  524,  185,  754,  843,  980,  666,  817,  689,  701,  546, 1009,  544,  866,  749, 1003,  397,  557, 1002,  519,  648,  609,  776,  716,  903,  653,  449,  486,  382,  669,  434,  966,  803,  696,  997,  763,  727,  571, 1149,  527,  604,  388,  154,  873,  551,   70,  849,  151,  337,  931,  577,  906,  183,  798,  593,   75,  455,  784,  605,  179,  563, 1200,  772,  503,  758,  782,  510, 1044, 1034,  438,  750,  591,  641,  954,  917,  472,  675,  981,  789,  838,  701,  885,  738,  756,  734,  804,  607,  655,  235,  170,  590,  764,  827,  737,  142,  743,  905,  594,  534,  900,  793,  598,  954, 1078,  826,  109,  783,  633,  839,  748,  823,  811,  704,   69,  401, 1053,  503,  326, 1063,  705,  606,  862,  146,  345,  394,  706,  293,  552,  378,  468,  900],
        [   87,    0,  771,  460,  831,  666,    0,  671,  224,  237,  797,   47,  741,  524,  716,  586,  192,  427,  463,  626,  515,  789,  923,  742,  950,  434,  355,  297,  404, 1028,  822,  705,  745,  586,  479,  423,  517,  563,  793,   82,  164,  469,  319,  875,  113,  121,  658,  855,  588,  681,  665,  772,  540,  853,  511,  577,  366,  296,  483,  908,  340,   85,  697,  149,  520,  293,  315,  921,  782,  286,  469,  602,  801,  899,  771,  226,  485,  743,  594,  469,  822,  612,  490,  235,  811,  238,   94,  705,  999,  919,  102,  778,  864,  135,  298,  524,  698,  833,  719,  217,  516,  549,  722,  656,  417,  498,  231,  718,  741,  372,  520,  515,  791,  296,  784,  976,  818,   93,  888,  551,  567,  653,  591,  523,  351,  931,  613,  811,  237,  276,  814,  866,  532,  247,  941,  224,  942,  645,  446,   86,  766,  452,  543,  120,  979,  179,  867,  624,  557,  526,  359,  177,  671,  196,  607,  797,  716, 1059,  621,  347,  301,  429,  789,  981,  425,  581,  734,  322,  781,  226,  513,  579,  616,  621,  317,  583,  579,  278,  198,  745,  724,  300,  740, 1114],
        [  586,    0,  432,  234,  197,  353,  671,    0,  579,  567,  733,  641,  895,  577,  282,  548,  496,  290,  448,  668,  368,  510,  555,  158,  551,  716,  768,  545,  332,  501,  232,  826,   91,  123,  478,  466,  207,  717,  658,  614,  734,  508,  352,  579,  663,  668,  338,  233,  801,  387,  202,  392,  181,  552,  260,  193,  571,  716,  796,  326,  659,  649,  369,  522,  815,  416,  735,  399,  697,  405,  315,  766,  179,  309,  257,  859,  470,  588,  352,  232,  169,   73,  416,  502,  644,  880,  740,  715,  427,  380,  572,  882,  215,  678,  391,  396,  568,  214,  414,  779,  346,  122,  629,  244,  731,  294,  695,  245,  380,  312,  532,  336,  285,  427,  948,  429,  175,  755,  430,  223,  839,  784,  133,  491,  415,  315,  699,  587,  584,  534,  662,  438,  591,  576,  533,  627,  409,  423,  590,  588,  305,  295,  447,  556,  423,  777,  384,  215,  468,  676,  413,  622,  610,  710,  286,  634,  814,  493,  438,  614,  480,  640,  401,  474,  608,  414,  366,  559,  759,  447,  160,  859,  401,  289,  729,  452,   92,  428,  606,  119,  201,  491,  119,  565],
        [  204,    0,  805,  345,  701,  693,  224,  579,    0,  381,  573,  242,  540,  300,  544,  364,  133,  293,  543,  403,  561,  578,  717,  691,  748,  238,  214,  427,  255,  847,  676,  495,  666,  531,  263,  212,  489,  349,  570,  146,  384,  249,  263,  662,  317,  327,  471,  718,  390,  717,  641,  579,  412,  641,  357,  552,  142,  150,  307,  751,  141,  145,  504,  186,  341,  165,  173,  746,  558,  307,  303,  393,  669,  746,  610,  444,  270,  522,  402,  349,  703,  509,  287,  333,  589,  452,  316,  482,  833,  748,  210,  569,  740,  343,  312,  580,  477,  696,  757,  206,  552,  467,  498,  492,  231,  511,  117,  556,  764,  272,  298,  332,  772,  153,  587,  804,  693,  255,  700,  402,  384,  442,  468,  305,  176,  785,  394,  593,  390,   61,  591,  674,  308,   23,  740,   49,  768,  440,  223,  174,  593,  458,  616,  156,  809,  217,  687,  607,  342,  308,  182,  354,  447,  136,  432,  575,  503,  888,  682,  130,  109,  212,  597,  798,  204,  376,  754,  458,  559,  194,  441,  400,  414,  445,  169,  654,  492,  323,   35,  678,  574,  401,  616,  936],
        [  188,    0,  555,  420,  754,  460,  237,  567,  381,    0,  918,  191,  919,  647,  704,  689,  264,  417,  238,  762,  308,  841,  957,  592,  976,  618,  567,   61,  417, 1009,  765,  872,  620,  456,  570,  513,  372,  725,  892,  262,  188,  573,  274,  929,  146,  144,  675,  786,  770,  469,  497,  787,  495,  904,  503,  420,  507,  503,  682,  860,  520,  295,  719,  197,  718,  333,  524,  899,  895,  178,  484,  771,  729,  847,  739,  319,  572,  830,  624,  432,  733,  527,  554,   75,  901,  345,  241,  839,  960,  890,  176,  945,  779,  145,  190,  309,  787,  764,  503,  451,  315,  453,  827,  640,  608,  318,  441,  693,  533,  345,  627,  543,  609,  349,  967,  947,  736,  321,  887,  529,  762,  818,  532,  614,  410,  868,  761,  883,   18,  405,  909,  874,  658,  400,  962,  406,  917,  694,  585,  218,  752,  287,  316,  226,  946,  415,  856,  454,  635,  681,  418,   75,  779,  416,  611,  887,  877, 1024,  397,  509,  397,  588,  804,  968,  573,  636,  528,   86,  913,  233,  413,  777,  662,  625,  524,  356,  484,  147,  371,  608,  683,   86,  664, 1089],
        [  768,    0, 1139,  602,  695, 1037,  797,  733,  573,  918,    0,  813,  264,  275,  475,  232,  658,  561,  994,  174,  965,  267,  360,  890,  402,  409,  534,  948,  536,  590,  628,  212,  812,  785,  351,  406,  811,  269,   93,  718,  956,  345,  679,  271,  886,  896,  398,  681,  312, 1070,  912,  390,  586,  277,  514,  853,  432,  550,  423,  630,  474,  715,  374,  729,  402,  589,  547,  550,   38,  775,  488,  263,  671,  640,  541, 1010,  351,  150,  387,  592,  729,  675,  383,  852,  124, 1014,  887,  103,  645,  573,  770,  213,  734,  912,  771,  993,  166,  671, 1106,  689,  946,  702,  106,  493,  438,  886,  601,  515, 1087,  620,  292,  434, 1017,  571,  298,  600,  706,  811,  465,  529,  378,  222,  611,  309,  513,  691,  200,  193,  931,  527,  106,  428,  266,  551,  411,  578,  570,  311,  351,  741,  484,  844, 1044,  715,  613,  729,  494,  902,  301,  287,  505,  912,  143,  645,  449,  125,  186,  661, 1080,  454,  523,  377,  393,  545,  374,  333, 1074,  978,   47,  687,  711,  388,  336,  445,  539, 1071,  701,  805,  600,  848,  565,  905,  669,  663],
        [   60,    0,  726,  439,  807,  623,   47,  641,  242,  191,  813,    0,  771,  539,  704,  596,  182,  411,  417,  644,  471,  790,  921,  706,  947,  463,  392,  251,  391, 1016,  802,  732,  712,  552,  485,  428,  480,  587,  804,   97,  144,  478,  293,  877,   77,   87,  651,  833,  618,  637,  626,  765,  519,  854,  496,  539,  382,  331,  517,  890,  368,  116,  691,  125,  554,  282,  351,  908,  796,  248,  458,  628,  778,  880,  755,  232,  490,  751,  588,  449,  796,  585,  490,  190,  820,  249,  102,  723,  983,  904,   71,  805,  839,  102,  261,  479,  706,  810,  674,  262,  472,  520,  734,  642,  448,  456,  266,  703,  697,  350,  531,  508,  750,  288,  815,  962,  793,  136,  879,  535,  600,  679,  568,  529,  347,  910,  635,  816,  191,  287,  824,  858,  547,  264,  937,  249,  928,  644,  463,   76,  754,  411,  496,  109,  964,  225,  856,  585,  561,  548,  355,  134,  683,  234,  596,  806,  741, 1044,  575,  369,  304,  451,  783,  970,  445,  581,  690,  276,  800,  203,  482,  613,  614,  610,  352,  537,  551,  237,  219,  711,  706,  254,  716, 1101],
        [  742,    0, 1257,  711,  903, 1147,  741,  895,  540,  919,  264,  771,    0,  325,  678,  349,  659,  657, 1053,  228, 1046,  509,  620, 1048,  663,  308,  405,  963,  620,  846,  842,   70,  983,  917,  429,  464,  918,  201,  349,  676,  904,  405,  735,  530,  847,  857,  587,  896,  153, 1178, 1045,  616,  724,  533,  643,  972,  418,  450,  269,  863,  404,  658,  579,  723,  234,  626,  436,  794,  291,  816,  598,  150,  875,  870,  753,  925,  435,  381,  549,  705,  931,  827,  486,  866,  382,  922,  820,  204,  891,  813,  749,   63,  944,  872,  816, 1071,  370,  882, 1217,  574, 1031,  833,  317,  675,  326,  976,  514,  715, 1208,  696,  368,  562, 1165,  606,   54,  847,  909,  725,  711,  674,  189,  114,  764,  407,  564,  921,  198,  447,  929,  518,  367,  673,  311,  520,  670,  522,  815,  495,  350,  711,  700,  927, 1116,  696,  860,  621,  733, 1026,  428,  247,  559,  892,  308,  555,  617,  380,   89,  915, 1168,  411,  540,  333,  624,  799,  352,  485, 1196,  994,  217,  708,  830,  187,  507,  618,  431, 1150,  841,  840,  554, 1013,  761,  930,  857,  922],
        [  493,    0,  933,  386,  613,  824,  524,  577,  300,  647,  275,  539,  325,    0,  398,   79,  385,  333,  745,  118,  729,  322,  464,  727,  502,  200,  314,  681,  297,  645,  562,  260,  666,  592,  104,  145,  595,  141,  272,  445,  682,   83,  425,  392,  611,  621,  304,  614,  227,  855,  720,  375,  401,  377,  320,  647,  160,  307,  259,  606,  223,  444,  313,  455,  264,  324,  311,  563,  258,  515,  273,  189,  583,  608,  476,  742,  111,  234,  248,  380,  634,  507,  163,  583,  294,  748,  616,  193,  661,  575,  496,  327,  656,  637,  513,  756,  190,  597,  894,  442,  713,  509,  200,  377,  228,  656,  345,  428,  884,  377,   46,  241,  841,  305,  378,  623,  616,  546,  494,  354,  274,  212,  445,   88,  252,  657,  131,  312,  659,  253,  294,  460,   15,  278,  500,  311,  586,  225,   85,  467,  433,  609,  803,  441,  632,  476,  499,  701,  123,  104,  246,  638,  149,  388,  312,  281,  255,  702,  850,  191,  250,  132,  390,  594,  114,  186,  871,  711,  267,  418,  505,  294,  220,  317,  302,  835,  517,  543,  329,  695,  468,  640,  554,  732],
        [  644,    0,  713,  285,  226,  627,  716,  282,  544,  704,  475,  704,  678,  398,    0,  339,  524,  296,  667,  454,  606,  231,  281,  434,  286,  583,  673,  705,  313,  313,  167,  608,  348,  372,  328,  352,  432,  532,  391,  640,  830,  359,  434,  297,  752,  760,   95,  220,  619,  661,  481,  111,  215,  271,  208,  449,  467,  640,  653,  214,  562,  663,  102,  581,  661,  424,  654,  206,  437,  527,  249,  573,  199,  213,   79,  935,  318,  326,  156,  273,  256,  246,  274,  630,  373,  951,  803,  480,  290,  205,  636,  652,  267,  774,  516,  636,  317,  205,  691,  745,  584,  306,  377,   65,  607,  523,  645,   41,  661,  364,  355,  212,  564,  422,  727,  262,  234,  781,  184,  176,  671,  576,  199,  315,  373,  260,  492,  310,  722,  484,  391,  176,  408,  530,  270,  584,  227,  183,  447,  633,   51,  500,  690,  598,  267,  760,  153,  485,  276,  501,  366,  737,  372,  677,  113,  363,  591,  346,  699,  516,  437,  505,  122,  268,  474,  213,  647,  728,  507,  506,  335,  690,  179,   99,  645,  704,  288,  559,  578,  387,   91,  650,  196,  399],
        [  548,    0,  928,  382,  561,  822,  586,  548,  364,  689,  232,  596,  349,   79,  339,    0,  432,  335,  764,  121,  739,  243,  385,  702,  424,  277,  393,  717,  307,  570,  506,  280,  635,  579,  120,  177,  593,  195,  208,  505,  740,  119,  448,  314,  667,  677,  246,  559,  280,  854,  707,  304,  381,  299,  302,  640,  228,  385,  332,  542,  300,  508,  248,  503,  332,  358,  389,  492,  207,  544,  266,  234,  532,  545,  417,  807,  120,  160,  201,  373,  586,  482,  155,  621,  225,  815,  679,  175,  591,  506,  548,  336,  604,  693,  540,  767,  115,  543,  892,  518,  722,  494,  139,  329,  306,  662,  419,  374,  877,  391,   67,  220,  822,  341,  401,  551,  566,  615,  420,  328,  336,  240,  417,   78,  282,  595,  155,  235,  703,  311,  229,  385,   82,  342,  422,  380,  515,  159,  160,  523,  370,  618,  817,  494,  561,  550,  428,  693,   81,  170,  274,  687,   91,  462,  268,  212,  267,  629,  857,  265,  297,  211,  317,  519,  191,  137,  864,  747,  237,  457,  497,  355,  162,  271,  381,  846,  498,  574,  395,  666,  417,  673,  510,  656],
        [  124,    0,  678,  273,  644,  567,  192,  496,  133,  264,  658,  182,  659,  385,  524,  432,    0,  236,  411,  498,  430,  611,  740,  589,  766,  366,  344,  304,  212,  837,  632,  610,  576,  428,  315,  257,  374,  463,  638,  121,  319,  314,  151,  699,  242,  251,  470,  667,  513,  589,  527,  583,  351,  675,  319,  437,  244,  279,  438,  717,  271,  154,  510,   72,  471,  101,  302,  730,  637,  175,  278,  510,  614,  708,  579,  412,  319,  581,  407,  281,  639,  432,  312,  207,  651,  428,  280,  576,  808,  727,  120,  683,  679,  267,  181,  449,  537,  645,  629,  294,  423,  377,  570,  464,  362,  385,  232,  527,  639,  186,  368,  326,  658,  106,  709,  785,  632,  265,  698,  359,  513,  556,  404,  360,  167,  741,  497,  642,  276,  142,  657,  677,  395,  147,  755,  173,  750,  465,  321,  109,  575,  333,  484,   74,  787,  284,  676,  491,  387,  419,  175,  255,  521,  231,  416,  637,  614,  867,  551,  251,  136,  327,  601,  790,  310,  402,  629,  335,  651,   64,  344,  530,  434,  430,  299,  522,  405,  191,  140,  582,  533,  273,  554,  923],
        [  351,    0,  601,   59,  413,  492,  427,  290,  293,  417,  561,  411,  657,  333,  296,  335,  236,    0,  436,  444,  405,  430,  541,  419,  559,  435,  479,  427,   43,  607,  397,  592,  379,  268,  229,  196,  262,  462,  511,  356,  535,  252,  144,  518,  457,  465,  259,  433,  540,  523,  394,  371,  121,  492,   88,  316,  286,  426,  516,  482,  370,  385,  303,  287,  539,  140,  446,  499,  530,  244,   75,  514,  382,  473,  345,  642,  225,  443,  211,   59,  412,  219,  180,  343,  513,  659,  511,  509,  573,  494,  342,  658,  450,  479,  235,  433,  406,  411,  562,  497,  387,  190,  457,  233,  447,  328,  408,  293,  552,   73,  293,  135,  520,  145,  710,  552,  403,  500,  476,  124,  568,  543,  176,  260,  126,  506,  463,  482,  434,  245,  525,  460,  347,  287,  546,  340,  519,  288,  320,  342,  346,  284,  484,  308,  554,  500,  449,  371,  260,  417,  124,  444,  419,  427,  195,  499,  586,  634,  523,  327,  190,  363,  388,  563,  332,  237,  539,  453,  571,  211,  177,  588,  255,  209,  439,  512,  208,  277,  323,  397,  298,  375,  326,  692],
        [  394,    0,  319,  407,  644,  231,  463,  448,  543,  238,  994,  417, 1053,  745,  667,  764,  411,  436,    0,  861,   92,  854,  944,  415,  953,  773,  752,  181,  459,  940,  675,  996,  470,  326,  649,  600,  245,  852,  947,  463,  421,  663,  321,  939,  383,  381,  671,  680,  914,  234,  309,  769,  457,  912,  502,  260,  637,  686,  847,  772,  680,  502,  715,  369,  880,  427,  709,  834,  965,  240,  511,  903,  626,  755,  677,  548,  647,  879,  639,  418,  612,  438,  612,  231,  948,  575,  478,  934,  873,  818,  378, 1067,  658,  382,  238,   78,  842,  661,  267,  664,  110,  366,  892,  606,  771,  154,  631,  644,  300,  374,  713,  569,  397,  447, 1104,  871,  622,  552,  845,  509,  921,  943,  470,  687,  494,  763,  872,  913,  247,  543,  961,  842,  758,  556,  937,  581,  847,  719,  703,  419,  708,  167,   80,  410,  866,  635,  805,  269,  694,  806,  500,  312,  852,  617,  602,  935,  995,  939,  160,  655,  513,  725,  784,  908,  702,  673,  297,  171, 1000,  352,  333,  938,  687,  614,  707,  121,  391,  220,  546,  446,  617,  163,  563, 1010],
        [  603,    0, 1042,  494,  678,  934,  626,  668,  403,  762,  174,  644,  228,  118,  454,  121,  498,  444,  861,    0,  844,  315,  447,  822,  489,  240,  364,  797,  411,  655,  620,  159,  755,  696,  216,  262,  705,  109,  204,  549,  787,  199,  541,  363,  719,  729,  362,  673,  181,  966,  824,  404,  500,  356,  419,  754,  263,  377,  267,  648,  300,  543,  357,  568,  255,  441,  374,  589,  169,  632,  379,  129,  649,  653,  530,  837,  220,  195,  321,  487,  704,  602,  266,  699,  234,  841,  715,   80,  688,  606,  606,  217,  720,  745,  630,  871,  166,  658, 1004,  516,  828,  611,  138,  448,  269,  770,  427,  490,  992,  492,  151,  338,  941,  422,  280,  646,  684,  638,  511,  448,  245,  122,  538,  185,  369,  704,   43,  276,  774,  362,  227,  473,  105,  381,  491,  406,  611,  271,  182,  575,  480,  723,  919,  551,  657,  555,  526,  808,  201,  115,  363,  749,  100,  471,  389,  224,  147,  720,  964,  281,  365,  203,  415,  606,  202,  257,  979,  827,  156,  535,  612,  261,  280,  391,  367,  950,  617,  660,  429,  787,  535,  757,  630,  738],
        [  438,    0,  256,  365,  563,  154,  515,  368,  561,  308,  965,  471, 1046,  729,  606,  739,  430,  405,   92,  844,    0,  805,  886,  324,  891,  781,  774,  256,  434,  866,  598,  986,  383,  247,  629,  585,  175,  846,  911,  502,  495,  647,  313,  887,  449,  449,  620,  599,  914,  167,  218,  711,  403,  860,  459,  176,  638,  709,  858,  694,  692,  543,  662,  402,  889,  425,  732,  761,  934,  256,  477,  898,  546,  677,  608,  625,  625,  842,  595,  376,  529,  367,  585,  282,  909,  651,  543,  912,  795,  744,  422, 1054,  574,  451,  250,   31,  807,  581,  205,  704,   23,  301,  861,  547,  782,   84,  659,  579,  227,  352,  693,  533,  309,  445, 1098,  795,  540,  607,  779,  458,  927,  934,  408,  663,  483,  681,  858,  869,  320,  551,  923,  779,  743,  571,  874,  603,  773,  677,  697,  459,  643,  122,   85,  445,  790,  679,  737,  179,  665,  800,  488,  381,  824,  651,  551,  896,  983,  860,  124,  662,  514,  725,  725,  836,  699,  636,  222,  253,  975,  367,  273,  945,  645,  562,  729,  107,  321,  248,  570,  357,  547,  225,  485,  932],
        [  735,    0,  937,  449,  437,  846,  789,  510,  578,  841,  267,  790,  509,  322,  231,  243,  611,  430,  854,  315,  805,    0,  143,  664,  181,  519,  635,  855,  425,  341,  368,  444,  578,  588,  317,  368,  635,  419,  176,  708,  930,  335,  571,   89,  852,  862,  186,  419,  496,  880,  705,  129,  403,   65,  354,  663,  457,  624,  569,  364,  539,  719,  145,  679,  564,  518,  630,  286,  231,  673,  358,  444,  416,  374,  285, 1014,  309,  129,  220,  437,  475,  465,  300,  768,  150, 1025,  882,  307,  383,  307,  731,  469,  474,  877,  664,  835,  149,  411,  912,  753,  784,  513,  193,  270,  548,  722,  652,  270,  885,  502,  297,  299,  794,  507,  552,  339,  451,  833,  203,  348,  559,  427,  408,  277,  445,  425,  358,   82,  857,  519,  169,  164,  325,  559,  179,  604,  307,  148,  400,  715,  226,  690,  888,  682,  352,  781,  228,  705,  237,  406,  437,  856,  216,  692,  254,  144,  421,  408,  908,  500,  488,  453,  129,  292,  431,  210,  871,  882,  308,  616,  533,  576,  180,  244,  621,  908,  501,  705,  612,  617,  320,  804,  425,  423],
        [  864,    0,  986,  548,  432,  905,  923,  555,  717,  957,  360,  921,  620,  464,  281,  385,  740,  541,  944,  447,  886,  143,    0,  697,   44,  660,  777,  966,  543,  233,  362,  559,  606,  652,  456,  506,  712,  553,  271,  842, 1058,  476,  684,   90,  980,  989,  282,  404,  627,  939,  756,  176,  488,   91,  457,  729,  599,  766,  707,  321,  681,  855,  238,  806,  700,  643,  772,  222,  329,  784,  474,  574,  420,  337,  301, 1148,  448,  252,  336,  536,  475,  526,  433,  883,  238, 1160, 1015,  424,  302,  249,  859,  572,  461, 1004,  774,  916,  284,  404,  968,  894,  864,  586,  314,  340,  689,  803,  793,  312,  934,  613,  440,  418,  826,  634,  657,  257,  451,  970,  144,  439,  691,  551,  479,  418,  574,  381,  489,  175,  974,  657,  255,  121,  466,  698,   53,  744,  235,  278,  542,  846,  251,  778,  970,  813,  272,  922,  189,  764,  377,  544,  566,  978,  348,  833,  349,  240,  535,  307,  979,  642,  623,  595,  162,  194,  573,  342,  920,  991,  406,  738,  614,  707,  307,  336,  763,  985,  568,  816,  751,  647,  354,  912,  450,  304],
        [  656,    0,  298,  360,  289,  247,  742,  158,  691,  592,  890,  706, 1048,  727,  434,  702,  589,  419,  415,  822,  324,  664,  697,    0,  688,  853,  892,  555,  461,  608,  347,  980,   92,  162,  626,  607,  227,  865,  814,  698,  774,  654,  438,  729,  711,  715,  494,  326,  948,  276,  107,  542,  326,  703,  407,  172,  704,  835,  933,  429,  787,  737,  525,  598,  955,  526,  856,  518,  854,  459,  458,  915,  287,  410,  396,  904,  618,  745,  509,  361,  246,  221,  565,  539,  801,  928,  798,  871,  521,  494,  641, 1037,  283,  722,  446,  345,  725,  314,  293,  881,  305,  229,  786,  400,  865,  277,  806,  395,  250,  420,  682,  487,  131,  540, 1101,  535,  265,  832,  563,  375,  982,  936,  285,  642,  542,  398,  851,  742,  608,  653,  818,  577,  741,  691,  669,  739,  523,  580,  732,  665,  450,  306,  386,  638,  526,  872,  516,  146,  622,  823,  541,  658,  766,  815,  443,  790,  969,  583,  351,  745,  601,  779,  550,  590,  748,  569,  237,  561,  916,  531,  251, 1002,  558,  446,  850,  378,  213,  474,  714,   51,  348,  508,  247,  658],
        [  889,    0,  981,  562,  415,  903,  950,  551,  748,  976,  402,  947,  663,  502,  286,  424,  766,  559,  953,  489,  891,  181,   44,  688,    0,  700,  815,  982,  564,  193,  347,  602,  596,  653,  489,  537,  717,  595,  314,  870, 1083,  511,  703,  133, 1004, 1013,  301,  385,  669,  937,  752,  189,  498,  133,  474,  731,  633,  802,  748,  296,  717,  885,  258,  830,  741,  667,  809,  195,  372,  801,  495,  616,  406,  313,  295, 1175,  481,  295,  360,  550,  459,  528,  463,  901,  281, 1188, 1042,  467,  267,  222,  884,  615,  441, 1028,  791,  921,  325,  387,  965,  929,  869,  591,  357,  348,  728,  808,  828,  314,  929,  631,  476,  441,  816,  660,  700,  223,  436, 1000,  126,  452,  733,  594,  484,  453,  601,  355,  531,  218,  993,  687,  298,  114,  505,  729,   19,  777,  205,  308,  580,  872,  250,  786,  975,  839,  238,  955,  173,  763,  411,  585,  592, 1000,  389,  867,  366,  283,  578,  267,  981,  677,  652,  633,  173,  156,  610,  372,  915, 1007,  449,  761,  621,  749,  336,  352,  800,  989,  572,  833,  782,  638,  351,  928,  442,  261],
        [  436,    0, 1014,  494,  787,  901,  434,  716,  238,  618,  409,  463,  308,  200,  583,  277,  366,  435,  773,  240,  781,  519,  660,  853,  700,    0,  125,  665,  393,  844,  743,  275,  807,  702,  257,  252,  681,  144,  441,  369,  597,  225,  470,  585,  539,  549,  491,  793,  156,  928,  824,  573,  536,  572,  459,  741,  150,  148,   81,  796,   98,  350,  507,  423,  108,  358,  140,  759,  408,  534,  402,  172,  755,  796,  660,  624,  267,  419,  428,  492,  802,  643,  317,  570,  469,  624,  514,  307,  857,  770,  445,  346,  829,  564,  537,  803,  380,  774,  968,  284,  770,  625,  371,  552,   30,  721,  209,  609,  969,  450,  234,  395,  953,  339,  352,  819,  785,  423,  693,  501,  148,  225,  587,  270,  316,  843,  209,  500,  626,  231,  464,  658,  195,  221,  698,  216,  783,  421,  137,  405,  623,  669,  843,  393,  828,  327,  695,  797,  313,  125,  315,  586,  324,  252,  485,  458,  288,  900,  904,  119,  269,   80,  587,  793,  112,  373,  957,  696,  381,  422,  609,  166,  410,  493,  133,  880,  641,  554,  248,  829,  644,  638,  717,  931],
        [  379,    0, 1019,  536,  863,  907,  355,  768,  214,  567,  534,  392,  405,  314,  673,  393,  344,  479,  752,  364,  774,  635,  777,  892,  815,  125,    0,  620,  436,  950,  826,  384,  858,  734,  347,  324,  699,  266,  565,  306,  512,  318,  476,  704,  466,  475,  586,  873,  256,  931,  850,  677,  591,  690,  522,  762,  208,   66,  137,  887,  113,  277,  607,  385,  173,  371,   44,  860,  533,  519,  464,  287,  831,  886,  748,  521,  358,  541,  519,  537,  873,  696,  400,  532,  593,  518,  423,  431,  956,  869,  391,  451,  904,  489,  525,  792,  500,  853,  971,  170,  766,  665,  495,  634,   96,  725,  127,  695,  978,  475,  341,  471,  981,  354,  441,  920,  859,  324,  799,  567,  219,  339,  646,  371,  354,  930,  334,  621,  572,  240,  588,  766,  312,  207,  812,  172,  884,  525,  238,  349,  717,  672,  827,  347,  928,  217,  797,  818,  415,  250,  356,  523,  447,  160,  568,  582,  401, 1002,  894,  160,  291,  183,  693,  899,  207,  471,  967,  650,  504,  407,  643,  229,  510,  578,   46,  865,  686,  533,  206,  874,  724,  602,  786, 1038],
        [  243,    0,  499,  421,  737,  407,  297,  545,  427,   61,  948,  251,  963,  681,  705,  717,  304,  427,  181,  797,  256,  855,  966,  555,  982,  665,  620,    0,  433, 1004,  753,  913,  591,  429,  598,  542,  343,  766,  917,  317,  241,  604,  284,  944,  206,  203,  684,  769,  815,  414,  456,  793,  492,  918,  509,  385,  547,  555,  731,  849,  568,  351,  728,  242,  767,  360,  577,  894,  924,  183,  498,  814,  713,  835,  734,  370,  599,  854,  636,  433,  713,  512,  577,   98,  925,  396,  300,  874,  950,  883,  230,  986,  759,  202,  192,  254,  812,  748,  447,  509,  266,  437,  854,  640,  657,  278,  495,  690,  479,  354,  657,  557,  562,  377, 1012,  939,  717,  381,  888,  531,  811,  859,  523,  641,  436,  852,  798,  902,   67,  446,  934,  878,  693,  446,  968,  456,  911,  710,  623,  272,  751,  254,  258,  276,  938,  474,  854,  413,  659,  722,  444,  133,  808,  472,  617,  911,  917, 1015,  339,  553,  432,  631,  810,  965,  614,  654,  475,   32,  946,  263,  397,  827,  677,  631,  577,  297,  467,  150,  421,  575,  675,   56,  647, 1081],
        [  332,    0,  638,  102,  448,  528,  404,  332,  255,  417,  536,  391,  620,  297,  313,  307,  212,   43,  459,  411,  434,  425,  543,  461,  564,  393,  436,  433,    0,  625,  427,  556,  422,  310,  195,  157,  300,  424,  492,  329,  521,  216,  150,  513,  443,  451,  264,  466,  500,  559,  435,  378,  159,  488,  108,  355,  243,  385,  473,  508,  328,  355,  306,  270,  496,  112,  404,  518,  507,  251,   69,  475,  416,  500,  369,  623,  192,  425,  208,  102,  449,  260,  153,  344,  496,  639,  491,  479,  597,  515,  325,  623,  486,  466,  244,  462,  386,  444,  598,  460,  418,  233,  434,  253,  405,  360,  369,  316,  590,   85,  260,  127,  562,  112,  673,  573,  439,  472,  489,  151,  526,  506,  214,  230,   84,  536,  427,  470,  433,  204,  507,  470,  311,  248,  552,  301,  539,  279,  280,  320,  363,  313,  511,  285,  576,  466,  465,  411,  236,  378,   81,  436,  394,  390,  206,  482,  552,  656,  554,  285,  150,  321,  395,  579,  291,  223,  578,  461,  543,  197,  218,  546,  246,  220,  397,  540,  251,  283,  286,  440,  326,  383,  362,  711],
        [  957,    0,  905,  592,  320,  845, 1028,  501,  847, 1009,  590, 1016,  846,  645,  313,  570,  837,  607,  940,  655,  866,  341,  233,  608,  193,  844,  950, 1004,  625,    0,  269,  782,  518,  619,  607,  644,  696,  756,  499,  951, 1142,  634,  743,  320, 1063, 1071,  377,  283,  836,  877,  692,  274,  515,  314,  520,  693,  753,  927,  901,  180,  844,  973,  347,  893,  900,  736,  937,  110,  557,  832,  560,  784,  326,  199,  271, 1247,  597,  468,  446,  580,  363,  504,  565,  936,  467, 1263, 1116,  645,   97,  123,  948,  801,  329, 1085,  820,  894,  490,  295,  899, 1043,  843,  577,  532,  375,  871,  788,  942,  317,  857,  674,  611,  518,  727,  733,  885,   74,  344, 1090,  152,  485,  898,  768,  481,  579,  682,  219,  698,  400, 1027,  787,  485,  186,  651,  832,  181,  884,   94,  426,  713,  945,  263,  778,  947,  910,   83, 1062,  162,  712,  535,  738,  674, 1046,  556,  976,  422,  467,  759,   75,  937,  800,  742,  770,  258,   52,  744,  482,  844, 1025,  635,  818,  614,  915,  443,  408,  929,  953,  550,  863,  882,  558,  329,  949,  383,   89],
        [  743,    0,  644,  363,   71,  578,  822,  232,  676,  765,  628,  802,  842,  562,  167,  506,  632,  397,  675,  620,  598,  368,  362,  347,  347,  743,  826,  753,  427,  269,    0,  773,  255,  352,  486,  502,  432,  698,  540,  752,  915,  518,  513,  411,  839,  845,  261,   54,  784,  611,  425,  240,  283,  389,  321,  425,  618,  787,  815,   97,  713,  781,  264,  678,  824,  535,  802,  172,  591,  591,  374,  739,   61,   82,   90, 1030,  476,  480,  317,  354,  114,  243,  428,  694,  517, 1049,  903,  643,  199,  150,  732,  814,  107,  858,  578,  627,  477,   44,  634,  881,  576,  318,  536,  192,  765,  522,  785,  135,  594,  452,  518,  356,  473,  538,  891,  197,   90,  896,  222,  276,  836,  741,  237,  478,  501,  110,  658,  449,  783,  619,  536,  242,  573,  665,  328,  720,  179,  349,  606,  737,  145,  516,  678,  703,  192,  891,  174,  444,  440,  666,  495,  811,  536,  812,  259,  510,  755,  264,  668,  667,  568,  664,  240,  246,  632,  377,  581,  771,  664,  599,  357,  856,  345,  250,  794,  684,  289,  620,  709,  296,  103,  698,  114,  335],
        [  699,    0, 1193,  645,  833, 1084,  705,  826,  495,  872,  212,  732,   70,  260,  608,  280,  610,  592,  996,  159,  986,  444,  559,  980,  602,  275,  384,  913,  556,  782,  773,    0,  914,  850,  364,  402,  854,  148,  290,  636,  869,  341,  677,  470,  808,  818,  517,  827,  130, 1114,  979,  548,  656,  471,  575,  906,  367,  421,  253,  794,  365,  621,  509,  675,  222,  570,  410,  727,  234,  760,  532,  104,  805,  801,  683,  898,  370,  316,  479,  639,  861,  759,  420,  816,  324,  897,  788,  138,  825,  746,  705,   74,  875,  833,  760, 1011,  302,  812, 1153,  553,  971,  766,  252,  606,  297,  915,  483,  645, 1143,  635,  302,  494, 1097,  550,  122,  782,  840,  697,  645,  605,  185,   55,  695,  340,  504,  852,  131,  385,  882,  468,  309,  607,  246,  475,  608,  483,  749,  426,  293,  669,  631,  866, 1058,  651,  794,  598,  666,  961,  359,  192,  499,  849,  239,  526,  547,  320,   26,  851, 1107,  366,  486,  284,  557,  735,  300,  416, 1131,  944,  166,  655,  764,  190,  437,  548,  404, 1090,  773,  786,  513,  945,  691,  878,  788,  860],
