{
    "name": "random-31-6730",
    "comment": "size=31 seed=6730",
    "nodes": ["+0", "-0", "+1", "-1", "+2", "-2", "+3", "-3", "+4", "-4", "+5", "-5", "+6", "-6", "+7", "-7", "+8", "-8", "+9", "-9", "+10", "-10", "+11", "-11", "+12", "-12", "+13", "-13", "+14", "-14", "+15", "-15", "+16", "-16", "+17", "-17", "+18", "-18", "+19", "-19", "+20", "-20", "+21", "-21", "+22", "-22", "+23", "-23", "+24", "-24", "+25", "-25", "+26", "-26", "+27", "-27", "+28", "-28", "+29", "-29", "+30", "-30", "+31", "-31"],
    "precedence": {
        "+0": "-0",
        "+1": "-1",
        "+2": "-2",
        "+3": "-3",
        "+4": "-4",
        "+5": "-5",
        "+6": "-6",
        "+7": "-7",
        "+8": "-8",
        "+9": "-9",
        "+10": "-10",
        "+11": "-11",
        "+12": "-12",
        "+13": "-13",
        "+14": "-14",
        "+15": "-15",
        "+16": "-16",
        "+17": "-17",
        "+18": "-18",
        "+19": "-19",
        "+20": "-20",
        "+21": "-21",
        "+22": "-22",
        "+23": "-23",
        "+24": "-24",
        "+25": "-25",
        "+26": "-26",
        "+27": "-27",
        "+28": "-28",
        "+29": "-29",
        "+30": "-30",
        "+31": "-31"
    },
    "edges": [
        [    0,    0,  461,  620,  803,  831,  382,  167,  749,  835,  774,  695,  938,  316,  644,  386,  346,  916,  461,  738,  643,  917,  573,  581,  330,  569,  531,  740,  401,  818,  441,  237,  552,  324,  765,  827,  441,  804,  101,  799,  404,  479, 1003,  316,  502,  149,  331,  640,  457,  639,  242,  729,  185,  301,  715,  193,  477,  929,  240,  198,  842,  596, 1080,  696],
        [    0,    0,  461,  620,  803,  831,  382,  167,  749,  835,  774,  695,  938,  316,  644,  386,  346,  916,  461,  738,  643,  917,  573,  581,  330,  569,  531,  740,  401,  818,  441,  237,  552,  324,  765,  827,  441,  804,  101,  799,  404,  479, 1003,  316,  502,  149,  331,  640,  457,  639,  242,  729,  185,  301,  715,  193,  477,  929,  240,  198,  842,  596, 1080,  696],
        [  461,  461,    0,  277,  415,  637,  271,  299,  577,  601,  367,  238,  482,  390,  366,  118,  248,  455,   18,  674,  203,  478,  207,  442,  161,  114,  430,  641,  165,  364,  294,  335,  528,  361,  586,  407,  463,  524,  362,  584,  348,  395,  599,  264,  115,  371,  409,  351,  502,  228,  258,  646,  441,  354,  532,  442,  190,  522,  294,  266,  437,  593,  624,  249],
        [  620,  620,  277,    0,  588,  376,  544,  461,  331,  331,  171,  339,  401,  390,  106,  387,  516,  425,  294,  468,  169,  564,   70,  253,  302,  217,  276,  422,  440,  433,  571,  577,  383,  361,  337,  231,  379,  248,  524,  833,  290,  277,  386,  312,  164,  584,  397,  599,  413,  427,  492,  434,  666,  373,  793,  670,  462,  315,  534,  463,  230,  441,  527,  203],
        [  803,  803,  415,  588,    0,  957,  442,  669,  919,  901,  547,  252,  444,  804,  693,  428,  466,  364,  402, 1050,  422,  183,  535,  821,  570,  386,  822, 1007,  403,  216,  398,  590,  927,  775,  924,  539,  874,  805,  719,  333,  759,  797,  696,  677,  486,  669,  823,  207,  913,  187,  561, 1017,  698,  767,  350,  695,  327,  639,  571,  615,  591,  992,  538,  405],
        [  831,  831,  637,  376,  957,    0,  886,  710,   83,   72,  434,  706,  663,  518,  274,  732,  850,  721,  654,  214,  536,  904,  441,  251,  595,  592,  301,  160,  790,  779,  923,  878,  316,  508,   67,  473,  410,  167,  757, 1208,  428,  353,  476,  535,  524,  855,  508,  973,  414,  802,  794,  185,  940,  531, 1164,  946,  826,  454,  837,  740,  429,  317,  738,  555],
        [  382,  382,  271,  544,  442,  886,    0,  293,  818,  858,  632,  418,  701,  506,  624,  157,   45,  652,  256,  885,  462,  586,  475,  663,  303,  370,  635,  862,  107,  518,   61,  152,  713,  488,  830,  666,  621,  788,  319,  429,  520,  589,  860,  401,  380,  237,  528,  260,  654,  312,  155,  862,  257,  469,  351,  254,  134,  784,  144,  230,  702,  776,  838,  498],
        [  167,  167,  299,  461,  669,  710,  293,    0,  631,  704,  610,  536,  772,  235,  496,  241,  248,  752,  301,  653,  477,  766,  410,  462,  165,  404,  419,  644,  272,  661,  352,  195,  468,  226,  646,  662,  363,  662,   66,  720,  289,  366,  841,  176,  336,  146,  256,  529,  390,  494,  139,  637,  231,  203,  643,  237,  351,  766,  167,   63,  679,  524,  914,  531],
        [  749,  749,  577,  331,  919,   83,  818,  631,    0,  118,  420,  669,  660,  436,  226,  666,  780,  710,  594,  172,  498,  881,  390,  170,  523,  544,  219,  115,  724,  753,  857,  803,  236,  426,   17,  467,  328,  176,  676, 1155,  346,  271,  503,  456,  466,  776,  426,  920,  333,  756,  720,  137,  861,  449, 1107,  867,  766,  469,  762,  663,  429,  246,  749,  524],
        [  835,  835,  601,  331,  901,   72,  858,  704,  118,    0,  370,  650,  593,  530,  236,  702,  825,  653,  618,  278,  483,  841,  398,  259,  577,  546,  313,  221,  759,  717,  892,  862,  350,  515,  103,  405,  433,   99,  755, 1162,  431,  361,  404,  529,  487,  846,  522,  929,  443,  753,  777,  246,  931,  537, 1123,  937,  789,  382,  820,  728,  360,  363,  666,  497],
        [  774,  774,  367,  171,  547,  434,  632,  610,  420,  370,    0,  304,  246,  561,  230,  484,  613,  290,  379,  583,  172,  472,  202,  399,  446,  264,  433,  529,  526,  351,  644,  697,  534,  532,  419,   61,  545,  271,  675,  840,  461,  442,  235,  476,  279,  719,  568,  616,  577,  428,  615,  547,  796,  542,  816,  799,  524,  158,  655,  601,   72,  586,  360,  153],
        [  695,  695,  238,  339,  252,  706,  418,  536,  669,  650,  304,    0,  286,  609,  444,  317,  418,  236,  235,  805,  171,  248,  292,  580,  396,  159,  588,  760,  328,  127,  406,  534,  696,  579,  673,  308,  657,  555,  597,  537,  545,  570,  488,  487,  264,  589,  626,  322,  696,  134,  472,  772,  646,  576,  520,  646,  286,  420,  499,  497,  357,  759,  421,  155],
        [  938,  938,  482,  401,  444,  663,  701,  772,  660,  593,  246,  286,    0,  776,  475,  584,  698,   83,  486,  826,  298,  301,  404,  643,  612,  370,  674,  771,  606,  231,  692,  807,  778,  745,  657,  194,  779,  497,  837,  773,  685,  678,  268,  673,  443,  852,  787,  589,  814,  413,  737,  790,  917,  751,  776,  917,  571,  232,  769,  746,  234,  831,  143,  243],
        [  316,  316,  390,  390,  804,  518,  506,  235,  436,  530,  561,  609,  776,    0,  373,  401,  462,  781,  402,  426,  488,  857,  373,  272,  237,  453,  219,  425,  452,  733,  562,  429,  240,   32,  452,  620,  130,  514,  259,  922,  107,  169,  767,  127,  351,  375,   22,  708,  155,  617,  364,  415,  455,   39,  851,  462,  524,  700,  398,  289,  619,  290,  910,  542],
        [  644,  644,  366,  106,  693,  274,  624,  496,  226,  236,  230,  444,  475,  373,    0,  468,  592,  511,  383,  367,  273,  664,  167,  170,  353,  319,  207,  319,  524,  533,  656,  638,  305,  349,  232,  287,  328,  169,  554,  934,  267,  226,  400,  328,  252,  631,  375,  699,  356,  531,  552,  333,  716,  366,  891,  721,  555,  339,  595,  511,  268,  357,  588,  303],
        [  386,  386,  118,  387,  428,  732,  157,  241,  666,  702,  484,  317,  584,  401,  468,    0,  130,  548,  106,  745,  318,  531,  318,  517,  170,  227,  495,  718,   59,  435,  192,  223,  582,  377,  677,  523,  500,  631,  295,  525,  390,  452,  716,  280,  224,  273,  422,  307,  536,  254,  156,  720,  333,  363,  461,  334,  123,  639,  186,  190,  555,  646,  725,  361],
        [  346,  346,  248,  516,  466,  850,   45,  248,  780,  825,  613,  418,  698,  462,  592,  130,    0,  653,  235,  844,  446,  602,  447,  624,  262,  353,  594,  822,   92,  525,  104,  125,  671,  443,  793,  650,  577,  757,  278,  473,  477,  547,  843,  358,  352,  204,  484,  295,  610,  323,  112,  821,  237,  425,  395,  235,  145,  767,  107,  186,  684,  732,  837,  485],
        [  916,  916,  455,  425,  364,  721,  652,  752,  710,  653,  290,  236,   83,  781,  511,  548,  653,    0,  457,  872,  294,  219,  415,  676,  598,  349,  701,  818,  563,  156,  637,  768,  808,  750,  709,  249,  798,  555,  816,  695,  697,  699,  350,  671,  437,  819,  794,  519,  834,  352,  703,  836,  880,  753,  702,  880,  520,  309,  732,  721,  295,  864,  189,  240],
        [  461,  461,   18,  294,  402,  654,  256,  301,  594,  618,  379,  235,  486,  402,  383,  106,  235,  457,    0,  691,  213,  471,  224,  459,  170,  122,  446,  658,  150,  361,  278,  326,  544,  373,  604,  417,  478,  541,  363,  566,  363,  412,  610,  275,  132,  366,  421,  334,  516,  216,  252,  663,  433,  365,  514,  434,  172,  534,  286,  265,  450,  609,  628,  257],
        [  738,  738,  674,  468, 1050,  214,  885,  653,  172,  278,  583,  805,  826,  426,  367,  745,  844,  872,  691,    0,  636, 1031,  515,  233,  583,  665,  251,   58,  803,  900,  932,  841,  187,  428,  181,  632,  297,  348,  684, 1257,  370,  297,  674,  491,  574,  797,  409, 1025,  282,  877,  764,   37,  879,  452, 1201,  886,  856,  641,  804,  697,  598,  148,  920,  669],
        [  643,  643,  203,  169,  422,  536,  462,  477,  498,  483,  172,  171,  298,  488,  273,  318,  446,  294,  213,  636,    0,  400,  130,  415,  316,   93,  429,  590,  357,  269,  473,  537,  537,  457,  503,  205,  512,  391,  543,  685,  406,  418,  398,  378,  146,  569,  501,  455,  550,  272,  459,  602,  642,  460,  654,  644,  352,  322,  496,  457,  241,  598,  439,   55],
        [  917,  917,  478,  564,  183,  904,  586,  766,  881,  841,  472,  248,  301,  857,  664,  531,  602,  219,  471, 1031,  400,    0,  529,  815,  638,  406,  828,  981,  523,  132,  552,  726,  936,  826,  883,  445,  904,  742,  824,  508,  792,  814,  568,  734,  511,  795,  873,  381,  942,  281,  681,  996,  838,  823,  533,  836,  457,  523,  699,  721,  496,  998,  368,  362],
        [  573,  573,  207,   70,  535,  441,  475,  410,  390,  398,  202,  292,  404,  373,  167,  318,  447,  415,  224,  515,  130,  529,    0,  289,  247,  154,  300,  472,  371,  397,  501,  514,  408,  342,  397,  258,  385,  318,  474,  768,  283,  289,  432,  277,   95,  526,  383,  533,  422,  367,  429,  483,  606,  349,  725,  609,  393,  357,  471,  406,  270,  470,  538,  177],
        [  581,  581,  442,  253,  821,  251,  663,  462,  170,  259,  399,  580,  643,  272,  170,  517,  624,  676,  459,  233,  415,  815,  289,    0,  363,  435,   55,  201,  576,  683,  707,  637,  137,  258,  185,  456,  182,  256,  507, 1025,  178,  103,  554,  288,  341,  608,  264,  792,  201,  645,  556,  204,  693,  281,  971,  699,  626,  500,  598,  496,  435,  189,  756,  455],
        [  330,  330,  161,  302,  570,  595,  303,  165,  523,  577,  446,  396,  612,  237,  353,  170,  262,  598,  170,  583,  316,  638,  247,  363,    0,  250,  333,  561,  226,  522,  351,  286,  414,  210,  536,  498,  330,  521,  230,  695,  221,  287,  678,  112,  172,  283,  257,  474,  367,  385,  201,  560,  366,  199,  630,  370,  292,  603,  244,  161,  516,  478,  754,  370],
        [  569,  569,  114,  217,  386,  592,  370,  404,  544,  546,  264,  159,  370,  453,  319,  227,  353,  349,  122,  665,   93,  406,  154,  435,  250,    0,  437,  624,  264,  281,  382,  448,  543,  422,  551,  298,  500,  459,  469,  617,  387,  415,  491,  333,  106,  485,  468,  383,  538,  213,  372,  634,  554,  420,  579,  555,  263,  415,  408,  377,  333,  608,  512,  135],
        [  531,  531,  430,  276,  822,  301,  635,  419,  219,  313,  433,  588,  674,  219,  207,  495,  594,  701,  446,  251,  429,  828,  300,   55,  333,  437,    0,  230,  553,  697,  682,  599,  109,  208,  235,  491,  129,  310,  460, 1011,  131,   53,  600,  248,  337,  565,  210,  780,  152,  642,  520,  227,  649,  231,  953,  655,  608,  543,  561,  457,  474,  171,  792,  473],
        [  740,  740,  641,  422, 1007,  160,  862,  644,  115,  221,  529,  760,  771,  425,  319,  718,  822,  818,  658,   58,  590,  981,  472,  201,  561,  624,  230,    0,  776,  851,  907,  828,  192,  423,  123,  577,  301,  291,  680, 1224,  357,  280,  617,  476,  536,  790,  410,  990,  293,  837,  749,   26,  873,  447, 1171,  880,  826,  583,  790,  685,  542,  171,  863,  621],
        [  401,  401,  165,  440,  403,  790,  107,  272,  724,  759,  526,  328,  606,  452,  524,   59,   92,  563,  150,  803,  357,  523,  371,  576,  226,  264,  553,  776,    0,  439,  134,  207,  639,  428,  735,  562,  555,  686,  317,  471,  446,  510,  755,  334,  276,  272,  473,  261,  591,  243,  160,  778,  320,  413,  404,  319,   80,  679,  177,  214,  596,  703,  746,  395],
        [  818,  818,  364,  433,  216,  779,  518,  661,  753,  717,  351,  127,  231,  733,  533,  435,  525,  156,  361,  900,  269,  132,  397,  683,  522,  281,  697,  851,  439,    0,  496,  645,  805,  702,  755,  332,  775,  619,  721,  543,  664,  683,  481,  612,  384,  706,  749,  364,  813,  208,  590,  865,  759,  700,  547,  757,  384,  425,  614,  620,  384,  867,  342,  231],
        [  441,  441,  294,  571,  398,  923,   61,  352,  857,  892,  644,  406,  692,  562,  656,  192,  104,  637,  278,  932,  473,  552,  501,  707,  351,  382,  682,  907,  134,  496,    0,  207,  764,  542,  869,  674,  674,  817,  380,  369,  570,  637,  867,  453,  408,  294,  584,  207,  708,  289,  215,  908,  306,  524,  292,  301,  124,  792,  203,  290,  713,  827,  825,  503],
        [  237,  237,  335,  577,  590,  878,  152,  195,  803,  862,  697,  534,  807,  429,  638,  223,  125,  768,  326,  841,  537,  726,  514,  637,  286,  448,  599,  828,  207,  645,  207,    0,  659,  418,  816,  740,  555,  806,  195,  563,  472,  548,  931,  352,  422,   89,  450,  411,  584,  447,   87,  823,  114,  396,  479,  113,  270,  854,   44,  144,  768,  716,  948,  582],
        [  552,  552,  528,  383,  927,  316,  713,  468,  236,  350,  534,  696,  778,  240,  305,  582,  671,  808,  544,  187,  537,  936,  408,  137,  414,  543,  109,  192,  639,  805,  764,  659,    0,  243,  253,  592,  111,  375,  498, 1104,  194,  133,  686,  314,  442,  612,  223,  876,  102,  746,  585,  178,  693,  266, 1042,  700,  699,  635,  624,  516,  571,   66,  892,  581],
        [  324,  324,  361,  361,  775,  508,  488,  226,  426,  515,  532,  579,  745,   32,  349,  377,  443,  750,  373,  428,  457,  826,  342,  258,  210,  422,  208,  423,  428,  702,  542,  418,  243,    0,  442,  591,  138,  495,  258,  899,   86,  156,  740,   99,  319,  370,   49,  683,  168,  588,  349,  414,  451,   24,  830,  458,  499,  672,  385,  276,  591,  298,  880,  510],
        [  765,  765,  586,  337,  924,   67,  830,  646,   17,  103,  419,  673,  657,  452,  232,  677,  793,  709,  604,  181,  503,  883,  397,  185,  536,  551,  235,  123,  735,  755,  869,  816,  253,  442,    0,  464,  345,  169,  691, 1163,  362,  287,  494,  471,  475,  791,  442,  928,  350,  763,  733,  147,  876,  465, 1117,  882,  775,  462,  776,  677,  425,  261,  744,  527],
        [  827,  827,  407,  231,  539,  473,  666,  662,  467,  405,   61,  308,  194,  620,  287,  523,  650,  249,  417,  632,  205,  445,  258,  456,  498,  298,  491,  577,  562,  332,  674,  740,  592,  591,  464,    0,  605,  307,  728,  844,  521,  502,  194,  534,  328,  767,  628,  628,  637,  438,  660,  596,  842,  601,  827,  844,  552,  119,  699,  651,   52,  642,  301,  172],
        [  441,  441,  463,  379,  874,  410,  621,  363,  328,  433,  545,  657,  779,  130,  328,  500,  577,  798,  478,  297,  512,  904,  385,  182,  330,  500,  129,  301,  555,  775,  674,  555,  111,  138,  345,  605,    0,  438,  388, 1024,  116,  103,  726,  222,  395,  504,  112,  802,   39,  689,  485,  288,  584,  160,  958,  591,  621,  666,  522,  413,  593,  162,  904,  562],
        [  804,  804,  524,  248,  805,  167,  788,  662,  176,   99,  271,  555,  497,  514,  169,  631,  757,  555,  541,  348,  391,  742,  318,  256,  521,  459,  310,  291,  686,  619,  817,  806,  375,  495,  169,  307,  438,    0,  717, 1074,  409,  350,  327,  490,  410,  799,  511,  841,  456,  662,  720,  313,  884,  514, 1037,  889,  710,  294,  764,  679,  263,  404,  577,  401],
        [  101,  101,  362,  524,  719,  757,  319,   66,  676,  755,  675,  597,  837,  259,  554,  295,  278,  816,  363,  684,  543,  824,  474,  507,  230,  469,  460,  680,  317,  721,  380,  195,  498,  258,  691,  728,  388,  717,    0,  747,  330,  407,  905,  228,  402,  122,  277,  569,  411,  548,  167,  671,  196,  234,  666,  204,  396,  831,  180,  105,  744,  548,  979,  596],
        [  799,  799,  584,  833,  333, 1208,  429,  720, 1155, 1162,  840,  537,  773,  922,  934,  525,  473,  695,  566, 1257,  685,  508,  768, 1025,  695,  617, 1011, 1224,  471,  543,  369,  563, 1104,  899, 1163,  844, 1024, 1074,  747,    0,  914,  972, 1016,  804,  690,  651,  943,  235, 1061,  414,  584, 1229,  639,  883,   89,  632,  405,  953,  568,  658,  894, 1168,  870,  687],
        [  404,  404,  348,  290,  759,  428,  520,  289,  346,  431,  461,  545,  685,  107,  267,  390,  477,  697,  363,  370,  406,  792,  283,  178,  221,  387,  131,  357,  446,  664,  570,  472,  194,   86,  362,  521,  116,  409,  330,  914,    0,   78,  662,  122,  282,  435,  109,  689,  155,  573,  395,  352,  519,  106,  850,  525,  509,  596,  435,  329,  516,  257,  815,  458],
        [  479,  479,  395,  277,  797,  353,  589,  366,  271,  361,  442,  570,  678,  169,  226,  452,  547,  699,  412,  297,  418,  814,  289,  103,  287,  415,   53,  280,  510,  683,  637,  548,  133,  156,  287,  502,  103,  350,  407,  972,   78,    0,  625,  197,  312,  512,  163,  744,  136,  614,  470,  276,  596,  179,  912,  603,  568,  564,  510,  405,  490,  198,  802,  465],
        [ 1003, 1003,  599,  386,  696,  476,  860,  841,  503,  404,  235,  488,  268,  767,  400,  716,  843,  350,  610,  674,  398,  568,  432,  554,  678,  491,  600,  617,  755,  481,  867,  931,  686,  740,  494,  194,  726,  327,  905, 1016,  662,  625,    0,  698,  513,  953,  771,  810,  752,  621,  849,  640, 1031,  754, 1007, 1033,  744,   77,  889,  835,  164,  724,  282,  364],
        [  316,  316,  264,  312,  677,  535,  401,  176,  456,  529,  476,  487,  673,  127,  328,  280,  358,  671,  275,  491,  378,  734,  277,  288,  112,  333,  248,  476,  334,  612,  453,  352,  314,   99,  471,  534,  222,  490,  228,  804,  122,  197,  698,    0,  235,  321,  146,  586,  257,  491,  274,  472,  406,   91,  737,  412,  402,  626,  314,  209,  541,  375,  811,  433],
        [  502,  502,  115,  164,  486,  524,  380,  336,  466,  487,  279,  264,  443,  351,  252,  224,  352,  437,  132,  574,  146,  511,   95,  341,  172,  106,  337,  536,  276,  384,  408,  422,  442,  319,  475,  328,  395,  410,  402,  690,  282,  312,  513,  235,    0,  440,  366,  455,  433,  306,  338,  543,  518,  320,  642,  521,  303,  437,  379,  323,  350,  507,  584,  201],
        [  149,  149,  371,  584,  669,  855,  237,  146,  776,  846,  719,  589,  852,  375,  631,  273,  204,  819,  366,  797,  569,  795,  526,  608,  283,  485,  565,  790,  272,  706,  294,   89,  612,  370,  791,  767,  504,  799,  122,  651,  435,  512,  953,  321,  440,    0,  395,  496,  529,  515,  117,  783,   86,  346,  567,   92,  344,  877,   98,  122,  790,  665,  994,  618],
        [  331,  331,  409,  397,  823,  508,  528,  256,  426,  522,  568,  626,  787,   22,  375,  422,  484,  794,  421,  409,  501,  873,  383,  264,  257,  468,  210,  410,  473,  749,  584,  450,  223,   49,  442,  628,  112,  511,  277,  943,  109,  163,  771,  146,  366,  395,    0,  729,  135,  636,  385,  399,  473,   60,  873,  481,  545,  705,  419,  310,  625,  272,  919,  554],
        [  640,  640,  351,  599,  207,  973,  260,  529,  920,  929,  616,  322,  589,  708,  699,  307,  295,  519,  334, 1025,  455,  381,  533,  792,  474,  383,  780,  990,  261,  364,  207,  411,  876,  683,  928,  628,  802,  841,  569,  235,  689,  744,  810,  586,  455,  496,  729,    0,  839,  190,  403,  996,  512,  669,  200,  507,  185,  742,  401,  469,  675,  941,  705,  464],
        [  457,  457,  502,  413,  913,  414,  654,  390,  333,  443,  577,  696,  814,  155,  356,  536,  610,  834,  516,  282,  550,  942,  422,  201,  367,  538,  152,  293,  591,  813,  708,  584,  102,  168,  350,  637,   39,  456,  411, 1061,  155,  136,  752,  257,  433,  529,  135,  839,    0,  727,  516,  278,  607,  189,  994,  615,  658,  694,  552,  443,  623,  139,  937,  598],
        [  639,  639,  228,  427,  187,  802,  312,  494,  756,  753,  428,  134,  413,  617,  531,  254,  323,  352,  216,  877,  272,  281,  367,  645,  385,  213,  642,  837,  243,  208,  289,  447,  746,  588,  763,  438,  689,  662,  548,  414,  573,  614,  621,  491,  306,  515,  636,  190,  727,    0,  401,  845,  559,  580,  390,  557,  179,  552,  419,  444,  486,  811,  541,  275],
        [  242,  242,  258,  492,  561,  794,  155,  139,  720,  777,  615,  472,  737,  364,  552,  156,  112,  703,  252,  764,  459,  681,  429,  556,  201,  372,  520,  749,  160,  590,  215,   87,  585,  349,  733,  660,  485,  720,  167,  584,  395,  470,  849,  274,  338,  117,  385,  403,  516,  401,    0,  745,  183,  328,  505,  185,  236,  773,   44,   77,  687,  644,  879,  506],
        [  729,  729,  646,  434, 1017,  185,  862,  637,  137,  246,  547,  772,  790,  415,  333,  720,  821,  836,  663,   37,  602,  996,  483,  204,  560,  634,  227,   26,  778,  865,  908,  823,  178,  414,  147,  596,  288,  313,  671, 1229,  352,  276,  640,  472,  543,  783,  399,  996,  278,  845,  745,    0,  865,  438, 1174,  872,  829,  605,  786,  680,  562,  151,  884,  635],
        [  185,  185,  441,  666,  698,  940,  257,  231,  861,  931,  796,  646,  917,  455,  716,  333,  237,  880,  433,  879,  642,  838,  606,  693,  366,  554,  649,  873,  320,  759,  306,  114,  693,  451,  876,  842,  584,  884,  196,  639,  519,  596, 1031,  406,  518,   86,  473,  512,  607,  559,  183,  865,    0,  428,  552,    9,  382,  954,  148,  206,  868,  744, 1058,  689],
        [  301,  301,  354,  373,  767,  531,  469,  203,  449,  537,  542,  576,  751,   39,  366,  363,  425,  753,  365,  452,  460,  823,  349,  281,  199,  420,  231,  447,  413,  700,  524,  396,  266,   24,  465,  601,  160,  514,  234,  883,  106,  179,  754,   91,  320,  346,   60,  669,  189,  580,  328,  438,  428,    0,  813,  435,  485,  685,  364,  254,  602,  321,  887,  514],
        [  715,  715,  532,  793,  350, 1164,  351,  643, 1107, 1123,  816,  520,  776,  851,  891,  461,  395,  702,  514, 1201,  654,  533,  725,  971,  630,  579,  953, 1171,  404,  547,  292,  479, 1042,  830, 1117,  827,  958, 1037,  666,   89,  850,  912, 1007,  737,  642,  567,  873,  200,  994,  390,  505, 1174,  552,  813,    0,  545,  346,  940,  486,  580,  875, 1106,  883,  663],
        [  193,  193,  442,  670,  695,  946,  254,  237,  867,  937,  799,  646,  917,  462,  721,  334,  235,  880,  434,  886,  644,  836,  609,  699,  370,  555,  655,  880,  319,  757,  301,  113,  700,  458,  882,  844,  591,  889,  204,  632,  525,  603, 1033,  412,  521,   92,  481,  507,  615,  557,  185,  872,    9,  435,  545,    0,  379,  957,  149,  211,  870,  752, 1059,  690],
        [  477,  477,  190,  462,  327,  826,  134,  351,  766,  789,  524,  286,  571,  524,  555,  123,  145,  520,  172,  856,  352,  457,  393,  626,  292,  263,  608,  826,   80,  384,  124,  270,  699,  499,  775,  552,  621,  710,  396,  405,  509,  568,  744,  402,  303,  344,  545,  185,  658,  179,  236,  829,  382,  485,  346,  379,    0,  670,  246,  293,  591,  764,  706,  381],
        [  929,  929,  522,  315,  639,  454,  784,  766,  469,  382,  158,  420,  232,  700,  339,  639,  767,  309,  534,  641,  322,  523,  357,  500,  603,  415,  543,  583,  679,  425,  792,  854,  635,  672,  462,  119,  666,  294,  831,  953,  596,  564,   77,  626,  437,  877,  705,  742,  694,  552,  773,  605,  954,  685,  940,  957,  670,    0,  812,  759,   88,  677,  285,  290],
        [  240,  240,  294,  534,  571,  837,  144,  167,  762,  820,  655,  499,  769,  398,  595,  186,  107,  732,  286,  804,  496,  699,  471,  598,  244,  408,  561,  790,  177,  614,  203,   44,  624,  385,  776,  699,  522,  764,  180,  568,  435,  510,  889,  314,  379,   98,  419,  401,  552,  419,   44,  786,  148,  364,  486,  149,  246,  812,    0,  110,  726,  682,  910,  542],
        [  198,  198,  266,  463,  615,  740,  230,   63,  663,  728,  601,  497,  746,  289,  511,  190,  186,  721,  265,  697,  457,  721,  406,  496,  161,  377,  457,  685,  214,  620,  290,  144,  516,  276,  677,  651,  413,  679,  105,  658,  329,  405,  835,  209,  323,  122,  310,  469,  443,  444,   77,  680,  206,  254,  580,  211,  293,  759,  110,    0,  672,  573,  889,  508],
        [  842,  842,  437,  230,  591,  429,  702,  679,  429,  360,   72,  357,  234,  619,  268,  555,  684,  295,  450,  598,  241,  496,  270,  435,  516,  333,  474,  542,  596,  384,  713,  768,  571,  591,  425,   52,  593,  263,  744,  894,  516,  490,  164,  541,  350,  790,  625,  675,  623,  486,  687,  562,  868,  602,  875,  870,  591,   88,  726,  672,    0,  618,  325,  214],
        [  596,  596,  593,  441,  992,  317,  776,  524,  246,  363,  586,  759,  831,  290,  357,  646,  732,  864,  609,  148,  598,  998,  470,  189,  478,  608,  171,  171,  703,  867,  827,  716,   66,  298,  261,  642,  162,  404,  548, 1168,  257,  198,  724,  375,  507,  665,  272,  941,  139,  811,  644,  151,  744,  321, 1106,  752,  764,  677,  682,  573,  618,    0,  941,  641],
        [ 1080, 1080,  624,  527,  538,  738,  838,  914,  749,  666,  360,  421,  143,  910,  588,  725,  837,  189,  628,  920,  439,  368,  538,  756,  754,  512,  792,  863,  746,  342,  825,  948,  892,  880,  744,  301,  904,  577,  979,  870,  815,  802,  282,  811,  584,  994,  919,  705,  937,  541,  879,  884, 1058,  887,  883, 1059,  706,  285,  910,  889,  325,  941,    0,  385],
        [  696,  696,  249,  203,  405,  555,  498,  531,  524,  497,  153,  155,  243,  542,  303,  361,  485,  240,  257,  669,   55,  362,  177,  455,  370,  135,  473,  621,  395,  231,  503,  582,  581,  510,  527,  172,  562,  401,  596,  687,  458,  465,  364,  433,  201,  618,  554,  464,  598,  275,  506,  635,  689,  514,  663,  690,  381,  290,  542,  508,  214,  641,  385,    0]
    ]
}
