{
    "name": "random-28-16628",
    "comment": "size=28 seed=16628",
    "nodes": ["+0", "-0", "+1", "-1", "+2", "-2", "+3", "-3", "+4", "-4", "+5", "-5", "+6", "-6", "+7", "-7", "+8", "-8", "+9", "-9", "+10", "-10", "+11", "-11", "+12", "-12", "+13", "-13", "+14", "-14", "+15", "-15", "+16", "-16", "+17", "-17", "+18", "-18", "+19", "-19", "+20", "-20", "+21", "-21", "+22", "-22", "+23", "-23", "+24", "-24", "+25", "-25", "+26", "-26", "+27", "-27", "+28", "-28"],
    "precedence": {
        "+0": "-0",
        "+1": "-1",
        "+2": "-2",
        "+3": "-3",
        "+4": "-4",
        "+5": "-5",
        "+6": "-6",
        "+7": "-7",
        "+8": "-8",
        "+9": "-9",
        "+10": "-10",
        "+11": "-11",
        "+12": "-12",
        "+13": "-13",
        "+14": "-14",
        "+15": "-15",
        "+16": "-16",
        "+17": "-17",
        "+18": "-18",
        "+19": "-19",
        "+20": "-20",
        "+21": "-21",
        "+22": "-22",
        "+23": "-23",
        "+24": "-24",
        "+25": "-25",
        "+26": "-26",
        "+27": "-27",
        "+28": "-28"
    },
    "edges": [
        [    0,    0,  373,  356,  196,  791,  745,  620,  689,  169,  483,  778,  442,  387,  749,  155,  792,  881,  788,  557,  956,  459,  195,  567,  497,  609,  764,  476,  773,  348,  584,  129,  529,  272,  756,  305,  791,  480,  210,  340,  323,   66,  315,  812,  534,  345,  549,  376,  582,  221,  541,  339,  574,  284,  407,  296,  215,  709],
        [    0,    0,  373,  356,  196,  791,  745,  620,  689,  169,  483,  778,  442,  387,  749,  155,  792,  881,  788,  557,  956,  459,  195,  567,  497,  609,  764,  476,  773,  348,  584,  129,  529,  272,  756,  305,  791,  480,  210,  340,  323,   66,  315,  812,  534,  345,  549,  376,  582,  221,  541,  339,  574,  284,  407,  296,  215,  709],
        [  373,  373,    0,  728,  208, 1059,  598,  615,  504,  218,  834,  744,  554,   18, 1057,  440, 1040,  874, 1018,  569,  900,  465,  535,  526,  605,  378,  945,  106,  666,  458,  694,  353,  159,  383,  804,   73,  868,  825,  533,  340,   53,  324,   76,  912,  533,  716,  747,   24,  516,  177,  590,  367,  890,  624,  636,  645,  555,  852],
        [  356,  356,  728,    0,  540,  636,  997,  802,  968,  519,  222,  952,  585,  742,  531,  351,  666, 1017,  691,  741, 1124,  677,  242,  785,  621,  918,  733,  831,  998,  540,  677,  417,  884,  510,  866,  660,  867,  235,  268,  609,  678,  410,  669,  863,  734,   42,  555,  731,  812,  568,  701,  593,  377,  215,  437,  185,  238,  735],
        [  196,  196,  208,  540,    0,  859,  582,  511,  513,  131,  628,  661,  390,  219,  851,  317,  844,  780,  827,  453,  834,  345,  331,  438,  446,  420,  769,  314,  626,  286,  538,  243,  365,  201,  680,  136,  732,  619,  327,  206,  171,  175,  180,  767,  422,  523,  561,  204,  443,   32,  456,  222,  682,  477,  439,  491,  407,  687],
        [  791,  791, 1059,  636,  859,    0,  931,  676,  971,  933,  419,  744,  549, 1064,  158,  893,   69,  718,  129,  654,  850,  689,  602,  735,  522, 1009,  268, 1158,  872,  618,  479,  913, 1204,  679,  578,  989,  519,  403,  582,  750, 1028,  855, 1039,  472,  679,  600,  337, 1047,  772,  888,  599,  719,  259,  835,  423,  810,  827,  373],
        [  745,  745,  598,  997,  582,  931,    0,  255,  107,  706,  963,  241,  442,  586, 1017,  890,  878,  364,  827,  290,  331,  321,  758,  221,  437,  239,  695,  621,   94,  459,  454,  823,  629,  495,  398,  587,  480,  943,  730,  406,  621,  749,  653,  541,  280,  964,  614,  575,  188,  578,  346,  414,  912, 1019,  623, 1024,  955,  574],
        [  620,  620,  615,  802,  511,  676,  255,    0,  303,  641,  734,  159,  218,  610,  764,  775,  625,  269,  576,   65,  337,  167,  575,   93,  195,  376,  449,  677,  212,  279,  199,  726,  703,  350,  197,  575,  272,  712,  543,  305,  617,  646,  644,  328,   90,  765,  361,  594,  119,  521,  104,  292,  667,  867,  390,  865,  810,  329],
        [  689,  689,  504,  968,  513,  971,  107,  303,    0,  631,  958,  332,  449,  491, 1044,  827,  923,  462,  876,  318,  437,  312,  727,  238,  457,  135,  751,  520,  197,  442,  494,  755,  525,  459,  475,  500,  556,  939,  703,  362,  531,  685,  563,  616,  295,  938,  643,  481,  201,  504,  373,  376,  925,  969,  627,  977,  902,  631],
        [  169,  169,  218,  519,  131,  933,  706,  641,  631,    0,  650,  791,  507,  235,  905,  224,  927,  909,  916,  582,  964,  474,  355,  568,  563,  526,  871,  315,  754,  403,  655,  139,  368,  316,  806,  163,  854,  645,  364,  336,  166,  110,  151,  886,  551,  512,  659,  228,  572,  129,  582,  350,  731,  407,  525,  427,  337,  799],
        [  483,  483,  834,  222,  628,  419,  963,  734,  958,  650,    0,  866,  523,  846,  310,  534,  456,  905,  488,  681, 1024,  648,  300,  743,  540,  938,  554,  940,  943,  518,  569,  581,  992,  524,  748,  762,  731,   24,  303,  625,  790,  548,  789,  714,  685,  192,  416,  831,  775,  660,  630,  600,  161,  432,  344,  404,  441,  583],
        [  778,  778,  744,  952,  661,  744,  241,  159,  332,  791,  866,    0,  368,  736,  853,  932,  684,  135,  628,  223,  179,  322,  729,  225,  333,  445,  488,  793,  153,  437,  301,  882,  813,  507,  172,  712,  250,  844,  697,  456,  752,  802,  781,  311,  245,  913,  466,  721,  228,  669,  252,  446,  780, 1024,  527, 1021,  968,  372],
        [  442,  442,  554,  585,  390,  549,  442,  218,  449,  507,  523,  368,    0,  555,  601,  594,  514,  448,  480,  160,  543,  144,  363,  222,   57,  464,  393,  642,  422,  105,  149,  562,  681,  192,  315,  495,  351,  502,  331,  217,  538,  482,  558,  380,  163,  548,  214,  538,  256,  411,  116,  188,  476,  663,  182,  658,  611,  300],
        [  387,  387,   18,  742,  219, 1064,  586,  610,  491,  235,  846,  736,  555,    0, 1065,  457, 1044,  867, 1021,  565,  891,  462,  547,  520,  606,  363,  947,   96,  656,  460,  693,  370,  147,  387,  800,   85,  865,  837,  544,  340,   70,  339,   94,  910,  529,  730,  751,   18,  509,  187,  588,  368,  899,  641,  642,  662,  572,  852],
        [  749,  749, 1057,  531,  851,  158, 1017,  764, 1044,  905,  310,  853,  601, 1065,    0,  828,  222,  845,  279,  731,  976,  744,  555,  808,  587, 1063,  405, 1161,  970,  648,  566,  862, 1210,  693,  697,  985,  647,  300,  542,  778, 1021,  814, 1026,  607,  750,  501,  404, 1049,  845,  882,  674,  748,  176,  741,  441,  714,  746,  493],
        [  155,  155,  440,  351,  317,  893,  890,  775,  827,  224,  534,  932,  594,  457,  828,    0,  903, 1035,  907,  711, 1110,  612,  296,  719,  648,  736,  897,  530,  923,  502,  733,   88,  581,  426,  909,  386,  941,  537,  323,  489,  388,  143,  368,  960,  687,  358,  684,  451,  732,  331,  695,  491,  654,  189,  540,  214,  125,  851],
        [  792,  792, 1040,  666,  844,   69,  878,  625,  923,  927,  456,  684,  514, 1044,  222,  903,    0,  653,   61,  607,  785,  651,  608,  688,  481,  968,  203, 1137,  816,  591,  430,  917, 1181,  658,  516,  972,  454,  438,  585,  722, 1012,  854, 1024,  406,  635,  629,  301, 1027,  725,  873,  553,  691,  295,  858,  406,  835,  846,  312],
        [  881,  881,  874, 1017,  780,  718,  364,  269,  462,  909,  905,  135,  448,  867,  845, 1035,  653,    0,  593,  329,  132,  436,  809,  350,  402,  579,  451,  927,  271,  533,  342,  991,  947,  612,  157,  839,  200,  882,  776,  574,  880,  910,  909,  250,  358,  977,  491,  852,  359,  790,  341,  560,  799, 1111,  582, 1105, 1059,  352],
        [  788,  788, 1018,  691,  827,  129,  827,  576,  876,  916,  488,  628,  480, 1021,  279,  907,   61,  593,    0,  562,  725,  613,  611,  643,  443,  926,  143, 1112,  763,  563,  384,  915, 1155,  635,  459,  951,  395,  468,  586,  693,  992,  849, 1006,  346,  591,  652,  272, 1004,  679,  855,  510,  662,  329,  875,  391,  853,  857,  257],
        [  557,  557,  569,  741,  453,  654,  290,   65,  318,  582,  681,  223,  160,  565,  731,  711,  607,  329,  562,    0,  401,  109,  512,   81,  147,  368,  445,  638,  263,  215,  179,  664,  668,  286,  236,  524,  302,  660,  480,  248,  567,  583,  593,  352,   38,  704,  328,  549,  118,  465,   57,  232,  623,  803,  337,  801,  746,  328],
        [  956,  956,  900, 1124,  834,  850,  331,  337,  437,  964, 1024,  179,  543,  891,  976, 1110,  785,  132,  725,  401,    0,  499,  905,  397,  503,  567,  583,  939,  243,  615,  456, 1059,  952,  685,  283,  875,  332, 1002,  873,  631,  914,  979,  944,  381,  423, 1084,  613,  877,  394,  839,  428,  623,  925, 1202,  692, 1199, 1146,  483],
        [  459,  459,  465,  677,  345,  689,  321,  167,  312,  474,  648,  322,  144,  462,  744,  612,  651,  436,  613,  109,  499,    0,  440,  111,  170,  321,  511,  539,  324,  138,  243,  561,  573,  189,  342,  418,  403,  629,  411,  139,  461,  481,  486,  448,   78,  643,  353,  446,  135,  356,  126,  125,  616,  717,  317,  718,  656,  403],
        [  195,  195,  535,  242,  331,  602,  758,  575,  727,  355,  300,  729,  363,  547,  555,  296,  608,  809,  611,  512,  905,  440,    0,  549,  407,  680,  607,  641,  763,  303,  479,  312,  693,  269,  666,  463,  683,  293,   34,  369,  490,  260,  490,  692,  501,  212,  398,  533,  574,  362,  478,  352,  380,  306,  257,  297,  265,  574],
        [  567,  567,  526,  785,  438,  735,  221,   93,  238,  568,  743,  225,  222,  520,  808,  719,  688,  350,  643,   81,  397,  111,  549,    0,  222,  290,  524,  585,  214,  247,  260,  664,  611,  299,  290,  490,  364,  723,  520,  235,  531,  585,  559,  418,   60,  750,  406,  505,   37,  444,  136,  229,  695,  828,  402,  829,  767,  406],
        [  497,  497,  605,  621,  446,  522,  437,  195,  457,  563,  540,  333,   57,  606,  587,  648,  481,  402,  443,  147,  503,  170,  407,  222,    0,  487,  346,  690,  405,  161,   93,  617,  728,  248,  263,  548,  295,  518,  374,  267,  591,  537,  612,  323,  163,  582,  187,  588,  258,  466,   93,  239,  476,  710,  197,  704,  661,  247],
        [  609,  609,  378,  918,  420, 1009,  239,  376,  135,  526,  938,  445,  464,  363, 1063,  736,  968,  579,  926,  368,  567,  321,  680,  290,  487,    0,  812,  386,  325,  426,  545,  658,  391,  417,  566,  383,  646,  921,  660,  315,  409,  594,  441,  703,  337,  891,  673,  355,  258,  405,  418,  338,  928,  892,  628,  903,  823,  696],
        [  764,  764,  945,  733,  769,  268,  695,  449,  751,  871,  554,  488,  393,  947,  405,  897,  203,  451,  143,  445,  583,  511,  607,  524,  346,  812,    0, 1034,  626,  488,  270,  892, 1073,  569,  317,  883,  252,  532,  577,  609,  926,  819,  944,  204,  477,  692,  216,  929,  559,  793,  396,  580,  409,  895,  358,  878,  867,  121],
        [  476,  476,  106,  831,  314, 1158,  621,  677,  520,  315,  940,  793,  642,   96, 1161,  530, 1137,  927, 1112,  638,  939,  539,  641,  585,  690,  386, 1034,    0,  699,  550,  776,  443,   53,  480,  871,  179,  940,  931,  639,  425,  153,  423,  164,  987,  601,  820,  841,  112,  570,  282,  665,  455,  994,  717,  736,  740,  649,  936],
        [  773,  773,  666,  998,  626,  872,   94,  212,  197,  754,  943,  153,  422,  656,  970,  923,  816,  271,  763,  263,  243,  324,  763,  214,  405,  325,  626,  699,    0,  460,  404,  862,  711,  510,  319,  648,  399,  922,  733,  434,  684,  785,  715,  460,  264,  962,  570,  643,  193,  626,  313,  435,  878, 1039,  599, 1041,  977,  507],
        [  348,  348,  458,  540,  286,  618,  459,  279,  442,  403,  518,  437,  105,  460,  648,  502,  591,  533,  563,  215,  615,  138,  303,  247,  161,  426,  488,  550,  460,    0,  253,  463,  592,   88,  411,  395,  453,  500,  274,  133,  438,  383,  457,  483,  199,  506,  292,  443,  273,  308,  193,  102,  504,  589,  208,  587,  532,  402],
        [  584,  584,  694,  677,  538,  479,  454,  199,  494,  655,  569,  301,  149,  693,  566,  733,  430,  342,  384,  179,  456,  243,  479,  260,   93,  545,  270,  776,  404,  253,    0,  706,  812,  340,  190,  638,  208,  546,  445,  355,  681,  627,  703,  232,  209,  636,  168,  676,  296,  558,  127,  328,  481,  784,  241,  775,  738,  161],
        [  129,  129,  353,  417,  243,  913,  823,  726,  755,  139,  581,  882,  562,  370,  862,   88,  917,  991,  915,  664, 1059,  561,  312,  664,  617,  658,  892,  443,  862,  463,  706,    0,  494,  381,  873,  301,  912,  581,  332,  431,  301,   81,  281,  936,  638,  418,  677,  364,  674,  253,  654,  437,  687,  275,  535,  298,  208,  835],
        [  529,  529,  159,  884,  365, 1204,  629,  703,  525,  368,  992,  813,  681,  147, 1210,  581, 1181,  947, 1155,  668,  952,  573,  693,  611,  728,  391, 1073,   53,  711,  592,  812,  494,    0,  525,  899,  231,  969,  983,  691,  465,  206,  476,  217, 1018,  631,  873,  884,  162,  593,  334,  698,  495, 1044,  769,  782,  791,  701,  972],
        [  272,  272,  383,  510,  201,  679,  495,  350,  459,  316,  524,  507,  192,  387,  693,  426,  658,  612,  635,  286,  685,  189,  269,  299,  248,  417,  569,  480,  510,   88,  340,  381,  525,    0,  495,  317,  539,  509,  245,  103,  358,  300,  375,  571,  263,  480,  366,  370,  318,  224,  274,   83,  537,  529,  258,  532,  468,  487],
        [  756,  756,  804,  866,  680,  578,  398,  197,  475,  806,  748,  172,  315,  800,  697,  909,  516,  157,  459,  236,  283,  342,  666,  290,  263,  566,  317,  871,  319,  411,  190,  873,  899,  495,    0,  759,   83,  726,  633,  478,  802,  793,  827,  143,  272,  826,  334,  784,  313,  695,  224,  458,  643,  971,  430,  963,  922,  206],
        [  305,  305,   73,  660,  136,  989,  587,  575,  500,  163,  762,  712,  495,   85,  985,  386,  972,  839,  951,  524,  875,  418,  463,  490,  548,  383,  883,  179,  648,  395,  638,  301,  231,  317,  759,    0,  819,  753,  461,  285,   44,  261,   70,  860,  489,  647,  682,   72,  484,  105,  540,  311,  817,  567,  567,  586,  497,  794],
        [  791,  791,  868,  867,  732,  519,  480,  272,  556,  854,  731,  250,  351,  865,  647,  941,  454,  200,  395,  302,  332,  403,  683,  364,  295,  646,  252,  940,  399,  453,  208,  912,  969,  539,   83,  819,    0,  708,  649,  536,  862,  832,  887,   62,  339,  826,  317,  848,  391,  749,  280,  513,  612,  988,  434,  977,  944,  156],
        [  480,  480,  825,  235,  619,  403,  943,  712,  939,  645,   24,  844,  502,  837,  300,  537,  438,  882,  468,  660, 1002,  629,  293,  723,  518,  921,  532,  931,  922,  500,  546,  581,  983,  509,  726,  753,  708,    0,  293,  609,  782,  545,  782,  691,  664,  202,  393,  822,  756,  650,  609,  584,  144,  442,  323,  415,  447,  560],
        [  210,  210,  533,  268,  327,  582,  730,  543,  703,  364,  303,  697,  331,  544,  542,  323,  585,  776,  586,  480,  873,  411,   34,  520,  374,  660,  577,  639,  733,  274,  445,  332,  691,  245,  633,  461,  649,  293,    0,  347,  491,  275,  492,  659,  470,  235,  367,  530,  546,  358,  445,  328,  368,  339,  224,  331,  297,  541],
        [  340,  340,  340,  609,  206,  750,  406,  305,  362,  336,  625,  456,  217,  340,  778,  489,  722,  574,  693,  248,  631,  139,  369,  235,  267,  315,  609,  425,  434,  133,  355,  431,  465,  103,  478,  285,  536,  609,  347,    0,  328,  352,  352,  576,  216,  581,  422,  322,  244,  218,  257,   32,  628,  614,  337,  619,  549,  513],
        [  323,  323,   53,  678,  171, 1028,  621,  617,  531,  166,  790,  752,  538,   70, 1021,  388, 1012,  880,  992,  567,  914,  461,  490,  531,  591,  409,  926,  153,  684,  438,  681,  301,  206,  358,  802,   44,  862,  782,  491,  328,    0,  272,   33,  904,  532,  667,  723,   65,  524,  140,  583,  354,  851,  572,  607,  593,  503,  837],
        [   66,   66,  324,  410,  175,  855,  749,  646,  685,  110,  548,  802,  482,  339,  814,  143,  854,  910,  849,  583,  979,  481,  260,  585,  537,  594,  819,  423,  785,  383,  627,   81,  476,  300,  793,  261,  832,  545,  275,  352,  272,    0,  260,  857,  557,  403,  604,  330,  596,  192,  573,  357,  639,  308,  464,  326,  238,  759],
        [  315,  315,   76,  669,  180, 1039,  653,  644,  563,  151,  789,  781,  558,   94, 1026,  368, 1024,  909, 1006,  593,  944,  486,  490,  559,  612,  441,  944,  164,  715,  457,  703,  281,  217,  375,  827,   70,  887,  782,  492,  352,   33,  260,    0,  927,  558,  660,  739,   94,  554,  152,  608,  376,  856,  554,  619,  576,  486,  857],
        [  812,  812,  912,  863,  767,  472,  541,  328,  616,  886,  714,  311,  380,  910,  607,  960,  406,  250,  346,  352,  381,  448,  692,  418,  323,  703,  204,  987,  460,  483,  232,  936, 1018,  571,  143,  860,   62,  691,  659,  576,  904,  857,  927,    0,  389,  822,  309,  893,  446,  786,  323,  551,  587,  996,  438,  984,  955,  132],
        [  534,  534,  533,  734,  422,  679,  280,   90,  295,  551,  685,  245,  163,  529,  750,  687,  635,  358,  591,   38,  423,   78,  501,   60,  163,  337,  477,  601,  264,  199,  209,  638,  631,  263,  272,  489,  339,  664,  470,  216,  532,  557,  558,  389,    0,  698,  348,  512,   96,  432,   82,  203,  635,  786,  344,  786,  727,  362],
        [  345,  345,  716,   42,  523,  600,  964,  765,  938,  512,  192,  913,  548,  730,  501,  358,  629,  977,  652,  704, 1084,  643,  212,  750,  582,  891,  692,  820,  962,  506,  636,  418,  873,  480,  826,  647,  826,  202,  235,  581,  667,  403,  660,  822,  698,    0,  514,  718,  778,  552,  663,  563,  342,  241,  397,  214,  254,  693],
        [  549,  549,  747,  555,  561,  337,  614,  361,  643,  659,  416,  466,  214,  751,  404,  684,  301,  491,  272,  328,  613,  353,  398,  406,  187,  673,  216,  841,  570,  292,  168,  677,  884,  366,  334,  682,  317,  393,  367,  422,  723,  604,  739,  309,  348,  514,    0,  733,  443,  587,  271,  391,  315,  696,  144,  681,  661,  181],
        [  376,  376,   24,  731,  204, 1047,  575,  594,  481,  228,  831,  721,  538,   18, 1049,  451, 1027,  852, 1004,  549,  877,  446,  533,  505,  588,  355,  929,  112,  643,  443,  676,  364,  162,  370,  784,   72,  848,  822,  530,  322,   65,  330,   94,  893,  512,  718,  733,    0,  494,  172,  571,  351,  883,  634,  625,  653,  564,  835],
        [  582,  582,  516,  812,  443,  772,  188,  119,  201,  572,  775,  228,  256,  509,  845,  732,  725,  359,  679,  118,  394,  135,  574,   37,  258,  258,  559,  570,  193,  273,  296,  674,  593,  318,  313,  484,  391,  756,  546,  244,  524,  596,  554,  446,   96,  778,  443,  494,    0,  447,  173,  243,  730,  847,  437,  849,  785,  440],
        [  221,  221,  177,  568,   32,  888,  578,  521,  504,  129,  660,  669,  411,  187,  882,  331,  873,  790,  855,  465,  839,  356,  362,  444,  466,  405,  793,  282,  626,  308,  558,  253,  334,  224,  695,  105,  749,  650,  358,  218,  140,  192,  152,  786,  432,  552,  587,  172,  447,    0,  471,  237,  713,  498,  467,  513,  427,  709],
        [  541,  541,  590,  701,  456,  599,  346,  104,  373,  582,  630,  252,  116,  588,  674,  695,  553,  341,  510,   57,  428,  126,  478,  136,   93,  418,  396,  665,  313,  193,  127,  654,  698,  274,  224,  540,  280,  609,  445,  257,  583,  573,  608,  323,   82,  663,  271,  571,  173,  471,    0,  235,  568,  775,  287,  771,  721,  283],
        [  339,  339,  367,  593,  222,  719,  414,  292,  376,  350,  600,  446,  188,  368,  748,  491,  691,  560,  662,  232,  623,  125,  352,  229,  239,  338,  580,  455,  435,  102,  328,  437,  495,   83,  458,  311,  513,  584,  328,   32,  354,  357,  376,  551,  203,  563,  391,  351,  243,  237,  235,    0,  599,  607,  307,  611,  544,  485],
        [  574,  574,  890,  377,  682,  259,  912,  667,  925,  731,  161,  780,  476,  899,  176,  654,  295,  799,  329,  623,  925,  616,  380,  695,  476,  928,  409,  994,  878,  504,  481,  687, 1044,  537,  643,  817,  612,  144,  368,  628,  851,  639,  856,  587,  635,  342,  315,  883,  730,  713,  568,  599,    0,  579,  300,  554,  577,  458],
        [  284,  284,  624,  215,  477,  835, 1019,  867,  969,  407,  432, 1024,  663,  641,  741,  189,  858, 1111,  875,  803, 1202,  717,  306,  828,  710,  892,  895,  717, 1039,  589,  784,  275,  769,  529,  971,  567,  988,  442,  339,  614,  572,  308,  554,  996,  786,  241,  696,  634,  847,  498,  775,  607,  579,    0,  558,   32,   71,  874],
        [  407,  407,  636,  437,  439,  423,  623,  390,  627,  525,  344,  527,  182,  642,  441,  540,  406,  582,  391,  337,  692,  317,  257,  402,  197,  628,  358,  736,  599,  208,  241,  535,  782,  258,  430,  567,  434,  323,  224,  337,  607,  464,  619,  438,  344,  397,  144,  625,  437,  467,  287,  307,  300,  558,    0,  546,  521,  318],
        [  296,  296,  645,  185,  491,  810, 1024,  865,  977,  427,  404, 1021,  658,  662,  714,  214,  835, 1105,  853,  801, 1199,  718,  297,  829,  704,  903,  878,  740, 1041,  587,  775,  298,  791,  532,  963,  586,  977,  415,  331,  619,  593,  326,  576,  984,  786,  214,  681,  653,  849,  513,  771,  611,  554,   32,  546,    0,   91,  861],
        [  215,  215,  555,  238,  407,  827,  955,  810,  902,  337,  441,  968,  611,  572,  746,  125,  846, 1059,  857,  746, 1146,  656,  265,  767,  661,  823,  867,  649,  977,  532,  738,  208,  701,  468,  922,  497,  944,  447,  297,  549,  503,  238,  486,  955,  727,  254,  661,  564,  785,  427,  721,  544,  577,   71,  521,   91,    0,  838],
        [  709,  709,  852,  735,  687,  373,  574,  329,  631,  799,  583,  372,  300,  852,  493,  851,  312,  352,  257,  328,  483,  403,  574,  406,  247,  696,  121,  936,  507,  402,  161,  835,  972,  487,  206,  794,  156,  560,  541,  513,  837,  759,  857,  132,  362,  693,  181,  835,  440,  709,  283,  485,  458,  874,  318,  861,  838,    0]
    ]
}
