{
    "name": "random-43-5626",
    "comment": "size=43 seed=5626",
    "nodes": ["+0", "-0", "+1", "-1", "+2", "-2", "+3", "-3", "+4", "-4", "+5", "-5", "+6", "-6", "+7", "-7", "+8", "-8", "+9", "-9", "+10", "-10", "+11", "-11", "+12", "-12", "+13", "-13", "+14", "-14", "+15", "-15", "+16", "-16", "+17", "-17", "+18", "-18", "+19", "-19", "+20", "-20", "+21", "-21", "+22", "-22", "+23", "-23", "+24", "-24", "+25", "-25", "+26", "-26", "+27", "-27", "+28", "-28", "+29", "-29", "+30", "-30", "+31", "-31", "+32", "-32", "+33", "-33", "+34", "-34", "+35", "-35", "+36", "-36", "+37", "-37", "+38", "-38", "+39", "-39", "+40", "-40", "+41", "-41", "+42", "-42", "+43", "-43"],
    "precedence": {
        "+0": "-0",
        "+1": "-1",
        "+2": "-2",
        "+3": "-3",
        "+4": "-4",
        "+5": "-5",
        "+6": "-6",
        "+7": "-7",
        "+8": "-8",
        "+9": "-9",
        "+10": "-10",
        "+11": "-11",
        "+12": "-12",
        "+13": "-13",
        "+14": "-14",
        "+15": "-15",
        "+16": "-16",
        "+17": "-17",
        "+18": "-18",
        "+19": "-19",
        "+20": "-20",
        "+21": "-21",
        "+22": "-22",
        "+23": "-23",
        "+24": "-24",
        "+25": "-25",
        "+26": "-26",
        "+27": "-27",
        "+28": "-28",
        "+29": "-29",
        "+30": "-30",
        "+31": "-31",
        "+32": "-32",
        "+33": "-33",
        "+34": "-34",
        "+35": "-35",
        "+36": "-36",
        "+37": "-37",
        "+38": "-38",
        "+39": "-39",
        "+40": "-40",
        "+41": "-41",
        "+42": "-42",
        "+43": "-43"
    },
    "edges": [
        [    0,    0,  724,  848,  921,  949,  686,  928,  450,  751,  481,  803,  707,  398, 1071,  694,  467, 1033,  196,  364,  774,  822,  347, 1067,  765,  612,  589,  403,  654,  281,  669,  641,  956,  372,  750,  941,  872,  564,  935,  277,  954,  702,  515,  516,  718,  315,  785,  331,  290,  802,  565,  334,  630,  736,  623,  299,  645,  628, 1118,  588,  622,  510,  562,  884,  814,  201,  533,  746,  632,  234,  907,  638,  231, 1127,  711,  625,  566,  125,  709, 1014,  710,  441,  180,  487,  433,  832,  835,  662],
        [    0,    0,    0,    0,    0,    0,    0,    0,    0,    0,    0,    0,    0,    0,    0,    0,    0,    0,    0,    0,    0,    0,    0,    0,    0,    0,    0,    0,    0,    0,    0,    0,    0,    0,    0,    0,    0,    0,    0,    0,    0,    0,    0,    0,    0,    0,    0,    0,    0,    0,    0,    0,    0,    0,    0,    0,    0,    0,    0,    0,    0,    0,    0,    0,    0,    0,    0,    0,    0,    0,    0,    0,    0,    0,    0,    0,    0,    0,    0,    0,    0,    0,    0,    0,    0,    0,    0,    0],
        [  724,    0,    0,  621,  499,  743,  152,  642,  323,  143,  554,  214,  857,  575,  727,  323,  595,  717,  530,  549,  550,  962,  482,  817, 1094,  830,  142,  811,  813,  577,  282,  838,  480,  385, 1012,  491,  376,  377,  751,  506,  798,   54,  962,  498,  990,  693, 1009,  674,  829, 1117,  336,  482,  782,  124,  108,  453,  719,  213,  779,  180,  104,  488,  553,  169,  653,  523,  647,   40,  259,  580,  859,   99,  785,  864,  144, 1048,  941,  602,  130,  855,   46,  336,  556,  616,  942, 1016,  113,   93],
        [  848,    0,  621,    0,  214,  127,  471,   87,  502,  487,  371,  440,  399,  456,  230,  302,  395,  188,  712,  484,   84,  447,  512,  231,  672,  447,  570,  608,  393,  567,  348,  432,  281,  754,  568,  248,  308,  335,  132,  585,  177,  569,  694,  334,  563,  582,  538,  557,  722,  677,  364,  527,  380,  501,  575,  596,  303,  432,  273,  712,  594,  341,  289,  620,   69,  724,  355,  594,  385,  879,  262,  565,  725,  289,  477,  720,  623,  751,  491,  236,  659,  766,  782,  384,  739,  513,  672,  546],
        [  921,    0,  499,  214,    0,  293,  370,  176,  503,  357,  484,  289,  604,  563,  228,  244,  520,  223,  754,  577,  211,  660,  575,  332,  878,  638,  497,  761,  589,  655,  285,  627,   67,  738,  775,   35,  128,  358,  313,  644,  361,  455,  869,  425,  767,  706,  748,  679,  856,  885,  364,  587,  571,  376,  489,  634,  490,  366,  281,  634,  507,  427,  413,  451,  280,  761,  508,  465,  331,  897,  469,  474,  845,  371,  364,  910,  807,  808,  378,  402,  543,  729,  817,  519,  901,  725,  520,  448],
        [  949,    0,  743,  127,  293,    0,  595,  117,  626,  606,  469,  554,  407,  552,  188,  427,  485,  143,  825,  586,  209,  419,  623,  119,  665,  478,  696,  670,  417,  668,  473,  457,  354,  878,  560,  323,  408,  459,   28,  696,   69,  692,  733,  442,  562,  666,  522,  641,  795,  663,  489,  638,  415,  622,  701,  711,  349,  558,  208,  839,  720,  451,  388,  730,  135,  838,  431,  714,  511,  996,  195,  690,  806,  179,  599,  740,  654,  859,  613,  114,  783,  891,  896,  469,  791,  484,  788,  671],
        [  686,    0,  152,  471,  370,  595,    0,  497,  242,   67,  426,  124,  713,  462,  594,  172,  469,  579,  493,  444,  399,  815,  391,  674,  959,  694,  135,  701,  672,  489,  130,  699,  364,  404,  873,  369,  257,  239,  602,  433,  648,   99,  847,  364,  852,  594,  867,  572,  739,  980,  200,  395,  642,   58,  120,  392,  576,   76,  647,  265,  138,  357,  413,  227,  501,  492,  512,  133,  113,  589,  707,  105,  703,  724,   27,  926,  817,  562,   31,  706,  189,  378,  537,  487,  838,  871,  231,   79],
        [  928,    0,  642,   87,  176,  117,  497,    0,  563,  502,  454,  444,  475,  539,  145,  337,  480,  106,  786,  566,  155,  510,  588,  178,  745,  530,  609,  695,  473,  649,  384,  513,  238,  814,  639,  206,  294,  398,  138,  662,  185,  592,  778,  413,  637,  668,  606,  642,  809,  747,  421,  603,  463,  519,  609,  668,  387,  470,  191,  751,  628,  419,  373,  617,  149,  797,  442,  611,  426,  949,  301,  597,  811,  230,  499,  801,  706,  828,  513,  227,  683,  819,  855,  470,  825,  576,  679,  575],
        [  450,    0,  323,  502,  503,  626,  242,  563,    0,  308,  265,  355,  592,  262,  693,  261,  298,  665,  263,  230,  419,  710,  160,  731,  799,  543,  185,  491,  542,  255,  227,  558,  526,  253,  728,  517,  431,  168,  622,  192,  658,  283,  644,  229,  702,  371,  735,  353,  508,  826,  144,  160,  509,  296,  217,  152,  464,  179,  745,  280,  226,  218,  299,  458,  500,  266,  365,  331,  186,  395,  672,  225,  466,  789,  268,  735,  631,  327,  268,  722,  329,  272,  318,  323,  620,  754,  433,  239],
        [  751,    0,  143,  487,  357,  606,   67,  502,  308,    0,  484,   77,  759,  524,  584,  201,  527,  575,  557,  508,  421,  857,  456,  677, 1011,  745,  183,  763,  721,  554,  169,  749,  339,  458,  922,  350,  235,  294,  617,  499,  664,  101,  908,  420,  903,  658,  914,  635,  804, 1031,  258,  461,  691,   22,  159,  458,  621,  139,  637,  294,  173,  413,  464,  167,  525,  555,  566,  110,  166,  646,  734,  141,  768,  722,   41,  984,  875,  626,   43,  719,  187,  425,  599,  544,  901,  914,  189,  111],
        [  481,    0,  554,  371,  484,  469,  426,  454,  265,  484,    0,  493,  329,   86,  599,  320,   44,  558,  371,  118,  303,  449,  172,  587,  541,  280,  432,  292,  278,  200,  326,  293,  535,  480,  465,  512,  480,  191,  455,  238,  477,  505,  427,   67,  440,  222,  471,  196,  373,  566,  227,  187,  245,  483,  458,  271,  208,  352,  643,  545,  472,   72,   82,  651,  334,  386,  101,  550,  318,  550,  451,  460,  364,  647,  449,  500,  392,  394,  457,  539,  572,  519,  443,   62,  434,  490,  653,  462],
        [  803,    0,  214,  440,  289,  554,  124,  444,  355,   77,  493,    0,  744,  544,  517,  183,  537,  511,  612,  534,  382,  834,  492,  616, 1004,  740,  255,  780,  710,  589,  168,  741,  266,  527,  911,  279,  164,  304,  566,  542,  614,  177,  920,  427,  894,  684,  899,  660,  834, 1022,  275,  498,  682,   98,  233,  506,  608,  176,  569,  370,  248,  422,  461,  183,  484,  612,  566,  177,  185,  712,  694,  215,  802,  659,  103,  989,  880,  679,  113,  667,  259,  498,  658,  551,  921,  894,  235,  185],
        [  707,    0,  857,  399,  604,  407,  713,  475,  592,  759,  329,  744,    0,  366,  593,  563,  304,  547,  662,  412,  397,  124,  487,  507,  275,  100,  749,  329,   56,  468,  590,   70,  670,  802,  172,  638,  665,  481,  380,  539,  366,  804,  340,  368,  164,  393,  155,  379,  468,  284,  523,  501,   87,  764,  771,  585,  138,  645,  614,  870,  787,  379,  305,  921,  331,  681,  229,  845,  601,  842,  255,  770,  503,  557,  731,  334,  255,  662,  742,  402,  882,  846,  731,  277,  415,  162,  943,  766],
        [  398,    0,  575,  456,  563,  552,  462,  539,  262,  524,   86,  544,  366,    0,  684,  381,   73,  643,  303,   47,  388,  489,  125,  670,  541,  297,  443,  239,  311,  119,  378,  317,  612,  439,  478,  590,  550,  243,  537,  175,  558,  530,  387,  138,  450,  146,  492,  120,  299,  570,  270,  137,  280,  520,  473,  221,  265,  387,  728,  538,  484,  138,  167,  689,  418,  321,  148,  577,  362,  484,  521,  478,  283,  730,  487,  474,  369,  318,  492,  618,  587,  487,  375,   97,  378,  521,  681,  485],
        [ 1071,    0,  727,  230,  228,  188,  594,  145,  693,  584,  599,  517,  593,  684,    0,  450,  624,   47,  925,  710,  298,  606,  730,  139,  853,  658,  716,  834,  599,  792,  495,  638,  262,  940,  748,  241,  354,  531,  216,  803,  245,  682,  911,  556,  750,  812,  709,  786,  952,  850,  550,  744,  592,  604,  711,  806,  520,  580,   54,  856,  730,  562,  517,  671,  284,  935,  584,  692,  540, 1084,  378,  697,  955,  155,  590,  924,  834,  969,  604,  252,  770,  940,  993,  614,  962,  670,  745,  672],
        [  694,    0,  323,  302,  244,  427,  172,  337,  261,  201,  320,  183,  563,  381,  450,    0,  363,  428,  518,  380,  228,  657,  356,  514,  822,  558,  273,  610,  528,  447,   48,  559,  266,  495,  729,  256,  178,  141,  433,  419,  478,  270,  744,  253,  712,  525,  718,  499,  677,  839,  130,  366,  500,  210,  275,  400,  426,  134,  503,  415,  294,  249,  280,  359,  330,  523,  385,  300,   91,  655,  537,  264,  654,  566,  182,  810,  701,  576,  195,  537,  360,  491,  577,  374,  752,  715,  390,  245],
        [  467,    0,  595,  395,  520,  485,  469,  480,  298,  527,   44,  537,  304,   73,  624,  363,    0,  583,  374,  116,  333,  426,  186,  604,  503,  246,  471,  249,  250,  191,  370,  261,  574,  500,  430,  549,  522,  235,  469,  244,  488,  546,  383,  111,  404,  190,  439,  163,  337,  529,  270,  200,  218,  526,  498,  285,  195,  394,  666,  578,  511,  116,  110,  694,  352,  391,   78,  592,  362,  555,  449,  500,  332,  663,  492,  457,  349,  390,  499,  548,  612,  543,  446,   28,  391,  462,  695,  503],
        [ 1033,    0,  717,  188,  223,  143,  579,  106,  665,  575,  558,  511,  547,  643,   47,  428,  583,    0,  891,  671,  260,  562,  694,  115,  807,  612,  698,  790,  553,  754,  475,  592,  267,  914,  702,  241,  350,  501,  171,  767,  203,  670,  865,  518,  704,  770,  664,  744,  908,  806,  522,  708,  546,  594,  695,  773,  475,  561,   85,  839,  714,  525,  477,  672,  239,  902,  541,  684,  518, 1053,  335,  682,  912,  149,  578,  878,  788,  934,  592,  216,  760,  916,  960,  571,  917,  627,  742,  658],
        [  196,    0,  530,  712,  754,  825,  493,  786,  263,  557,  371,  612,  662,  303,  925,  518,  374,  891,    0,  259,  633,  785,  204,  940,  789,  582,  394,  425,  607,  195,  488,  606,  783,  204,  749,  772,  692,  399,  815,  133,  843,  507,  569,  384,  718,  299,  773,  300,  367,  823,  391,  188,  577,  542,  428,  121,  568,  438,  975,  403,  427,  375,  444,  689,  691,   20,  451,  551,  448,  181,  820,  443,  307, 1000,  518,  678,  593,   72,  515,  905,  517,  273,   73,  400,  510,  810,  642,  467],
        [  364,    0,  549,  484,  577,  586,  444,  566,  230,  508,  118,  534,  412,   47,  710,  380,  116,  671,  259,    0,  413,  535,   82,  704,  581,  341,  414,  262,  357,   83,  372,  362,  622,  394,  521,  602,  553,  240,  573,  129,  595,  505,  414,  155,  492,  150,  537,  128,  300,  611,  260,   92,  326,  502,  445,  175,  310,  370,  756,  501,  455,  151,  199,  670,  451,  276,  193,  553,  350,  440,  563,  451,  275,  764,  469,  507,  404,  277,  474,  656,  558,  444,  330,  142,  395,  566,  657,  461],
        [  774,    0,  550,   84,  211,  209,  399,  155,  419,  421,  303,  382,  397,  388,  298,  228,  333,  260,  633,  413,    0,  466,  434,  314,  671,  427,  491,  561,  379,  495,  272,  417,  275,  671,  569,  245,  272,  252,  210,  508,  253,  497,  661,  259,  559,  522,  546,  495,  667,  681,  281,  449,  360,  434,  498,  515,  280,  355,  345,  633,  517,  265,  224,  565,  104,  644,  305,  525,  307,  798,  313,  488,  664,  372,  407,  699,  597,  674,  421,  314,  587,  683,  702,  326,  698,  530,  609,  471],
        [  822,    0,  962,  447,  660,  419,  815,  510,  710,  857,  449,  834,  124,  489,  606,  657,  426,  562,  785,  535,  466,    0,  610,  498,  254,  211,  861,  433,  179,  591,  689,  183,  727,  925,  155,  694,  738,  589,  391,  662,  363,  909,  409,  483,  171,  510,  108,  498,  570,  246,  631,  624,  210,  863,  881,  708,  248,  750,  617,  986,  898,  494,  417, 1015,  381,  803,  350,  948,  705,  964,  232,  878,  611,  539,  832,  369,  321,  783,  843,  381,  990,  967,  853,  399,  495,   66, 1044,  872],
        [  347,    0,  482,  512,  575,  623,  391,  588,  160,  456,  172,  492,  487,  125,  730,  356,  186,  694,  204,   82,  434,  610,    0,  738,  662,  421,  343,  335,  433,   99,  338,  440,  613,  316,  602,  596,  533,  220,  612,   74,  640,  442,  488,  181,  573,  212,  616,  195,  350,  692,  228,   16,  401,  448,  376,  100,  378,  319,  778,  423,  384,  173,  242,  613,  488,  218,  263,  490,  309,  380,  621,  384,  313,  798,  417,  584,  483,  240,  419,  702,  488,  363,  275,  213,  461,  644,  592,  397],
        [ 1067,    0,  817,  231,  332,  119,  674,  178,  731,  677,  587,  616,  507,  670,  139,  514,  604,  115,  940,  704,  314,  498,  738,    0,  751,  585,  786,  785,  524,  786,  561,  562,  380,  984,  648,  354,  458,  564,  138,  811,  141,  768,  840,  558,  654,  784,  605,  760,  912,  744,  592,  753,  524,  694,  786,  825,  463,  647,  126,  928,  806,  566,  505,  782,  253,  953,  549,  786,  602, 1109,  267,  774,  924,   61,  675,  839,  759,  976,  689,  122,  859,  993, 1011,  588,  902,  560,  849,  752],
        [  765,    0, 1094,  672,  878,  665,  959,  745,  799, 1011,  541, 1004,  275,  541,  853,  822,  503,  807,  789,  581,  671,  254,  662,  751,    0,  266,  973,  369,  297,  606,  844,  264,  944,  966,  106,  912,  936,  721,  637,  690,  614, 1043,  258,  597,  112,  490,  147,  492,  478,   38,  761,  671,  323, 1013,  999,  747,  400,  887,  868, 1078, 1013,  606,  547, 1176,  604,  809,  448, 1087,  848,  953,  485, 1001,  535,  792,  980,  164,  200,  764,  989,  634, 1113, 1021,  847,  480,  352,  198, 1189, 1002],
        [  612,    0,  830,  447,  638,  478,  694,  530,  543,  745,  280,  740,  100,  297,  658,  558,  246,  612,  582,  341,  427,  211,  421,  585,  266,    0,  712,  230,   62,  388,  578,   30,  702,  735,  185,  671,  682,  455,  453,  464,  446,  779,  256,  333,  161,  300,  196,  289,  369,  288,  496,  433,   68,  747,  737,  515,  148,  621,  685,  823,  751,  342,  282,  911,  382,  601,  184,  822,  582,  759,  346,  738,  405,  638,  714,  273,  177,  575,  723,  489,  850,  783,  648,  221,  322,  229,  924,  738],
        [  589,    0,  142,  570,  497,  696,  135,  609,  185,  183,  432,  255,  749,  443,  716,  273,  471,  698,  394,  414,  491,  861,  343,  786,  973,  712,    0,  675,  702,  436,  226,  723,  496,  275,  896,  499,  390,  274,  700,  365,  743,  114,  828,  382,  872,  555,  898,  537,  688,  998,  233,  342,  670,  164,   35,  312,  614,  139,  770,  143,   42,  372,  445,  296,  589,  389,  529,  158,  186,  465,  785,   50,  643,  838,  152,  917,  812,  465,  143,  804,  145,  244,  426,  494,  804,  910,  254,   77],
        [  403,    0,  811,  608,  761,  670,  701,  695,  491,  763,  292,  780,  329,  239,  834,  610,  249,  790,  425,  262,  561,  433,  335,  785,  369,  230,  675,    0,  285,  255,  613,  259,  818,  612,  347,  792,  770,  477,  648,  341,  651,  766,  155,  358,  315,  130,  383,  141,  140,  405,  507,  339,  271,  759,  706,  402,  322,  626,  870,  755,  716,  362,  350,  928,  551,  444,  256,  814,  600,  585,  567,  713,  180,  842,  725,  256,  170,  396,  731,  701,  820,  672,  480,  244,  143,  433,  918,  722],
        [  654,    0,  813,  393,  589,  417,  672,  473,  542,  721,  278,  710,   56,  311,  599,  528,  250,  553,  607,  357,  379,  179,  433,  524,  297,   62,  702,  285,    0,  413,  552,   41,  654,  748,  202,  623,  641,  437,  392,  484,  385,  761,  317,  320,  186,  340,  197,  325,  423,  312,  478,  446,   33,  724,  725,  531,  103,  602,  625,  820,  740,  331,  261,  884,  326,  626,  177,  803,  560,  787,  286,  724,  455,  577,  692,  328,  237,  607,  702,  427,  837,  792,  676,  223,  383,  213,  903,  722],
        [  281,    0,  577,  567,  655,  668,  489,  649,  255,  554,  200,  589,  468,  119,  792,  447,  191,  754,  195,   83,  495,  591,   99,  786,  606,  388,  436,  255,  413,    0,  433,  412,  697,  361,  558,  679,  623,  307,  655,   86,  676,  538,  409,  237,  528,  126,  580,  116,  253,  638,  321,   96,  384,  545,  470,  147,  380,  417,  838,  503,  477,  232,  281,  711,  534,  214,  264,  586,  405,  374,  639,  479,  215,  846,  515,  511,  416,  200,  517,  737,  579,  419,  263,  214,  371,  616,  687,  493],
        [  669,    0,  282,  348,  285,  473,  130,  384,  227,  169,  326,  168,  590,  378,  495,   48,  370,  475,  488,  372,  272,  689,  338,  561,  844,  578,  226,  613,  552,  433,    0,  581,  301,  453,  754,  295,  205,  137,  479,  397,  523,  228,  752,  260,  735,  520,  745,  495,  671,  863,  113,  347,  523,  175,  228,  372,  453,   87,  549,  368,  247,  254,  297,  333,  373,  492,  401,  261,   46,  618,  578,  218,  644,  613,  144,  823,  714,  549,  156,  582,  316,  446,  545,  383,  754,  745,  355,  200],
        [  641,    0,  838,  432,  627,  457,  699,  513,  558,  749,  293,  741,   70,  317,  638,  559,  261,  592,  606,  362,  417,  183,  440,  562,  264,   30,  723,  259,   41,  412,  581,    0,  692,  755,  175,  661,  677,  462,  431,  486,  422,  786,  279,  342,  154,  328,  178,  316,  399,  282,  503,  453,   60,  752,  747,  536,  139,  628,  664,  838,  762,  352,  287,  914,  366,  625,  194,  829,  587,  784,  319,  747,  434,  614,  719,  288,  197,  601,  729,  463,  860,  802,  673,  235,  349,  205,  930,  746],
        [  956,    0,  480,  281,   67,  354,  364,  238,  526,  339,  535,  266,  670,  612,  262,  266,  574,  267,  783,  622,  275,  727,  613,  380,  944,  702,  496,  818,  654,  697,  301,  692,    0,  750,  841,   33,  107,  394,  375,  680,  422,  440,  930,  474,  833,  756,  815,  729,  908,  952,  393,  624,  635,  360,  484,  665,  554,  373,  311,  627,  501,  475,  469,  411,  347,  789,  566,  443,  345,  918,  534,  467,  894,  413,  353,  973,  869,  840,  366,  460,  525,  735,  843,  575,  958,  792,  486,  439],
        [  372,    0,  385,  754,  738,  878,  404,  814,  253,  458,  480,  527,  802,  439,  940,  495,  500,  914,  204,  394,  671,  925,  316,  984,  966,  735,  275,  612,  748,  361,  453,  755,  750,    0,  913,  747,  647,  420,  874,  276,  910,  380,  762,  464,  884,  482,  930,  476,  568,  998,  393,  303,  716,  438,  303,  220,  688,  377,  993,  224,  294,  453,  534,  553,  751,  187,  576,  416,  408,  195,  916,  321,  510, 1041,  425,  867,  776,  266,  417,  973,  360,   71,  193,  527,  709,  959,  489,  350],
        [  750,    0, 1012,  568,  775,  560,  873,  639,  728,  922,  465,  911,  172,  478,  748,  729,  430,  702,  749,  521,  569,  155,  602,  648,  106,  185,  896,  347,  202,  558,  754,  175,  841,  913,    0,  809,  837,  636,  533,  639,  510,  960,  279,  516,   33,  454,   52,  450,  474,  112,  677,  613,  231,  925,  921,  693,  304,  802,  763, 1008,  935,  525,  460, 1086,  499,  768,  367, 1003,  761,  921,  382,  921,  525,  691,  892,  219,  198,  733,  902,  533, 1034,  964,  812,  405,  372,  112, 1103,  920],
        [  941,    0,  491,  248,   35,  323,  369,  206,  517,  350,  512,  279,  638,  590,  241,  256,  549,  241,  772,  602,  245,  694,  596,  354,  912,  671,  499,  792,  623,  679,  295,  661,   33,  747,  809,    0,  116,  378,  343,  665,  391,  449,  902,  452,  801,  733,  782,  707,  885,  920,  381,  609,  605,  370,  488,  652,  524,  371,  291,  633,  506,  454,  443,  432,  314,  778,  539,  456,  340,  911,  502,  473,  872,  389,  360,  943,  840,  827,  374,  430,  536,  735,  833,  549,  932,  760,  505,  445],
        [  872,    0,  376,  308,  128,  408,  257,  294,  431,  235,  480,  164,  665,  550,  354,  178,  522,  350,  692,  553,  272,  738,  533,  458,  936,  682,  390,  770,  641,  623,  205,  677,  107,  647,  837,  116,    0,  316,  425,  597,  473,  334,  894,  415,  825,  695,  816,  669,  848,  948,  308,  544,  618,  255,  377,  576,  538,  270,  406,  521,  394,  414,  424,  325,  365,  696,  528,  340,  247,  819,  569,  361,  828,  498,  247,  947,  841,  753,  260,  520,  421,  630,  749,  527,  912,  802,  393,  332],
        [  564,    0,  377,  335,  358,  459,  239,  398,  168,  294,  191,  304,  481,  243,  531,  141,  235,  501,  399,  240,  252,  589,  220,  564,  721,  455,  274,  477,  437,  307,  137,  462,  394,  420,  636,  378,  316,    0,  456,  288,  494,  325,  617,  127,  615,  386,  633,  361,  538,  743,   43,  231,  406,  294,  293,  279,  344,  166,  583,  407,  309,  120,  177,  461,  335,  407,  274,  367,  128,  553,  518,  290,  514,  622,  260,  690,  582,  451,  269,  557,  402,  434,  464,  250,  618,  641,  469,  285],
        [  935,    0,  751,  132,  313,   28,  602,  138,  622,  617,  455,  566,  380,  537,  216,  433,  469,  171,  815,  573,  210,  391,  612,  138,  637,  453,  700,  648,  392,  655,  479,  431,  375,  874,  533,  343,  425,  456,    0,  685,   49,  700,  708,  432,  535,  648,  494,  624,  775,  635,  488,  628,  390,  631,  706,  703,  327,  563,  234,  842,  725,  441,  375,  744,  125,  829,  413,  724,  515,  988,  169,  696,  787,  196,  608,  713,  628,  847,  621,  105,  790,  890,  887,  452,  767,  456,  800,  677],
        [  277,    0,  506,  585,  644,  696,  433,  662,  192,  499,  238,  542,  539,  175,  803,  419,  244,  767,  133,  129,  508,  662,   74,  811,  690,  464,  365,  341,  484,   86,  397,  486,  680,  276,  639,  665,  597,  288,  685,    0,  711,  471,  494,  254,  609,  211,  658,  202,  326,  722,  290,   59,  453,  488,  399,   61,  438,  367,  852,  420,  404,  246,  312,  649,  561,  149,  321,  519,  363,  313,  688,  410,  279,  871,  459,  596,  501,  167,  459,  773,  505,  333,  205,  270,  453,  691,  618,  427],
        [  954,    0,  798,  177,  361,   69,  648,  185,  658,  664,  477,  614,  366,  558,  245,  478,  488,  203,  843,  595,  253,  363,  640,  141,  614,  446,  743,  651,  385,  676,  523,  422,  422,  910,  510,  391,  473,  494,   49,  711,    0,  745,  701,  460,  515,  661,  468,  637,  782,  609,  527,  655,  387,  678,  750,  732,  331,  606,  255,  885,  769,  470,  399,  792,  159,  857,  426,  771,  559, 1017,  133,  740,  798,  193,  654,  699,  619,  871,  668,   64,  836,  928,  914,  469,  765,  427,  847,  722],
        [  702,    0,   54,  569,  455,  692,   99,  592,  283,  101,  505,  177,  804,  530,  682,  270,  546,  670,  507,  505,  497,  909,  442,  768, 1043,  779,  114,  766,  761,  538,  228,  786,  440,  380,  960,  449,  334,  325,  700,  471,  745,    0,  916,  447,  938,  652,  957,  632,  790, 1066,  284,  442,  730,   80,   80,  421,  666,  160,  735,  196,   86,  438,  501,  183,  600,  502,  596,   48,  205,  573,  805,   65,  748,  816,   94, 1001,  893,  578,   80,  803,   92,  338,  538,  566,  900,  963,  152,   45],
        [  515,    0,  962,  694,  869,  733,  847,  778,  644,  908,  427,  920,  340,  387,  911,  744,  383,  865,  569,  414,  661,  409,  488,  840,  258,  256,  828,  155,  317,  409,  752,  279,  930,  762,  279,  902,  894,  617,  708,  494,  701,  916,    0,  493,  250,  283,  327,  296,  225,  296,  650,  493,  319,  904,  858,  555,  392,  772,  939,  909,  869,  498,  470, 1073,  631,  589,  367,  964,  742,  719,  595,  864,  286,  893,  871,  111,   88,  532,  877,  741,  972,  824,  619,  371,   95,  386, 1068,  872],
        [  516,    0,  498,  334,  425,  442,  364,  413,  229,  420,   67,  427,  368,  138,  556,  253,  111,  518,  384,  155,  259,  483,  181,  558,  597,  333,  382,  358,  320,  237,  260,  342,  474,  464,  516,  452,  415,  127,  432,  254,  460,  447,  493,    0,  493,  282,  516,  256,  435,  620,  165,  196,  288,  420,  406,  273,  236,  291,  603,  503,  421,   12,   70,  587,  308,  397,  150,  491,  255,  558,  452,  406,  420,  618,  386,  564,  455,  418,  394,  523,  519,  496,  455,  124,  500,  530,  593,  405],
        [  718,    0,  990,  563,  767,  562,  852,  637,  702,  903,  440,  894,  164,  450,  750,  712,  404,  704,  718,  492,  559,  171,  573,  654,  112,  161,  872,  315,  186,  528,  735,  154,  833,  884,   33,  801,  825,  615,  535,  609,  515,  938,  250,  493,    0,  422,   77,  418,  442,  128,  655,  584,  213,  906,  897,  664,  288,  781,  768,  982,  912,  502,  440, 1068,  494,  737,  344,  981,  740,  889,  390,  898,  492,  699,  873,  198,  167,  701,  882,  541, 1011,  935,  780,  380,  342,  137, 1083,  898],
        [  315,    0,  693,  582,  706,  666,  594,  668,  371,  658,  222,  684,  393,  146,  812,  525,  190,  770,  299,  150,  522,  510,  212,  784,  490,  300,  555,  130,  340,  126,  520,  328,  756,  482,  454,  733,  695,  386,  648,  211,  661,  652,  283,  282,  422,    0,  482,   27,  154,  525,  409,  215,  316,  651,  587,  272,  338,  520,  853,  628,  596,  282,  298,  819,  536,  319,  235,  700,  500,  467,  600,  595,  143,  843,  619,  386,  295,  280,  623,  717,  699,  543,  359,  199,  249,  525,  803,  607],
        [  785,    0, 1009,  538,  748,  522,  867,  606,  735,  914,  471,  899,  155,  492,  709,  718,  439,  664,  773,  537,  546,  108,  616,  605,  147,  196,  898,  383,  197,  580,  745,  178,  815,  930,   52,  782,  816,  633,  494,  658,  468,  957,  327,  516,   77,  482,    0,  476,  515,  142,  674,  628,  228,  918,  921,  710,  293,  798,  723, 1015,  937,  526,  457, 1076,  470,  792,  371,  998,  755,  948,  339,  921,  563,  646,  886,  270,  243,  761,  896,  488, 1033,  979,  838,  413,  419,   61, 1097,  918],
        [  331,    0,  674,  557,  679,  641,  572,  642,  353,  635,  196,  660,  379,  120,  786,  499,  163,  744,  300,  128,  495,  498,  195,  760,  492,  289,  537,  141,  325,  116,  495,  316,  729,  476,  450,  707,  669,  361,  624,  202,  637,  632,  296,  256,  418,   27,  476,    0,  180,  525,  385,  199,  300,  629,  569,  262,  317,  497,  828,  614,  578,  256,  272,  798,  511,  320,  212,  679,  476,  473,  579,  576,  170,  819,  597,  395,  300,  287,  601,  694,  681,  535,  363,  174,  269,  516,  783,  587],
        [  290,    0,  829,  722,  856,  795,  739,  809,  508,  804,  373,  834,  468,  299,  952,  677,  337,  908,  367,  300,  667,  570,  350,  912,  478,  369,  688,  140,  423,  253,  671,  399,  908,  568,  474,  885,  848,  538,  775,  326,  782,  790,  225,  435,  442,  154,  515,  180,    0,  515,  560,  348,  408,  796,  722,  385,  452,  666,  990,  743,  728,  435,  446,  963,  671,  385,  368,  838,  649,  500,  704,  731,   63,  970,  765,  336,  282,  318,  768,  834,  830,  635,  406,  342,  148,  567,  940,  746],
        [  802,    0, 1117,  677,  885,  663,  980,  747,  826, 1031,  566, 1022,  284,  570,  850,  839,  529,  806,  823,  611,  681,  246,  692,  744,   38,  288,  998,  405,  312,  638,  863,  282,  952,  998,  112,  920,  948,  743,  635,  722,  609, 1066,  296,  620,  128,  525,  142,  525,  515,    0,  783,  702,  340, 1034, 1024,  779,  415,  909,  863, 1106, 1038,  629,  568, 1195,  609,  843,  471, 1109,  868,  989,  478, 1025,  572,  784, 1000,  201,  237,  800, 1010,  626, 1138, 1052,  882,  505,  390,  186, 1211, 1025],
        [  565,    0,  336,  364,  364,  489,  200,  421,  144,  258,  227,  275,  523,  270,  550,  130,  270,  522,  391,  260,  281,  631,  228,  592,  761,  496,  233,  507,  478,  321,  113,  503,  393,  393,  677,  381,  308,   43,  488,  290,  527,  284,  650,  165,  655,  409,  674,  385,  560,  783,    0,  237,  447,  257,  251,  272,  386,  126,  602,  367,  267,  157,  218,  425,  369,  398,  313,  327,   93,  537,  557,  248,  532,  648,  223,  726,  618,  448,  231,  590,  360,  403,  453,  287,  647,  683,  429,  244],
        [  334,    0,  482,  527,  587,  638,  395,  603,  160,  461,  187,  498,  501,  137,  744,  366,  200,  708,  188,   92,  449,  624,   16,  753,  671,  433,  342,  339,  446,   96,  347,  453,  624,  303,  613,  609,  544,  231,  628,   59,  655,  442,  493,  196,  584,  215,  628,  199,  348,  702,  237,    0,  415,  451,  375,   86,  392,  325,  793,  416,  383,  188,  257,  616,  504,  202,  277,  490,  316,  364,  637,  384,  309,  813,  421,  590,  490,  226,  422,  718,  486,  352,  260,  227,  463,  657,  592,  398],
        [  630,    0,  782,  380,  571,  415,  642,  463,  509,  691,  245,  682,   87,  280,  592,  500,  218,  546,  577,  326,  360,  210,  401,  524,  323,   68,  670,  271,   33,  384,  523,   60,  635,  716,  231,  605,  618,  406,  390,  453,  387,  730,  319,  288,  213,  316,  228,  300,  408,  340,  447,  415,    0,  695,  693,  499,   81,  572,  621,  788,  709,  299,  230,  856,  315,  596,  145,  772,  530,  757,  297,  693,  436,  579,  662,  341,  244,  579,  672,  433,  805,  760,  647,  191,  379,  246,  873,  691],
        [  736,    0,  124,  501,  376,  622,   58,  519,  296,   22,  483,   98,  764,  520,  604,  210,  526,  594,  542,  502,  434,  863,  448,  694, 1013,  747,  164,  759,  724,  545,  175,  752,  360,  438,  925,  370,  255,  294,  631,  488,  678,   80,  904,  420,  906,  651,  918,  629,  796, 1034,  257,  451,  695,    0,  139,  445,  626,  133,  657,  273,  152,  413,  466,  170,  537,  540,  567,   93,  166,  628,  745,  120,  759,  740,   34,  982,  874,  612,   29,  734,  167,  405,  582,  543,  896,  920,  181,   90],
        [  623,    0,  108,  575,  489,  701,  120,  609,  217,  159,  458,  233,  771,  473,  711,  275,  498,  695,  428,  445,  498,  881,  376,  786,  999,  737,   35,  706,  725,  470,  228,  747,  484,  303,  921,  488,  377,  293,  706,  399,  750,   80,  858,  406,  897,  587,  921,  569,  722, 1024,  251,  375,  693,  139,    0,  347,  635,  144,  765,  145,   20,  396,  466,  262,  597,  422,  554,  124,  192,  495,  797,   19,  677,  837,  133,  947,  841,  499,  121,  810,  115,  267,  459,  520,  836,  932,  220,   49],
        [  299,    0,  453,  596,  634,  711,  392,  668,  152,  458,  271,  506,  585,  221,  806,  400,  285,  773,  121,  175,  515,  708,  100,  825,  747,  515,  312,  402,  531,  147,  372,  536,  665,  220,  693,  652,  576,  279,  703,   61,  732,  421,  555,  273,  664,  272,  710,  262,  385,  779,  272,   86,  499,  445,  347,    0,  477,  330,  856,  360,  350,  263,  337,  601,  578,  130,  362,  468,  334,  286,  719,  358,  335,  884,  418,  657,  561,  177,  417,  795,  449,  274,  188,  312,  513,  740,  566,  378],
        [  645,    0,  719,  303,  490,  349,  576,  387,  464,  621,  208,  608,  138,  265,  520,  426,  195,  475,  568,  310,  280,  248,  378,  463,  400,  148,  614,  322,  103,  380,  453,  139,  554,  688,  304,  524,  538,  344,  327,  438,  331,  666,  392,  236,  288,  338,  293,  317,  452,  415,  386,  392,   81,  626,  635,  477,    0,  507,  552,  739,  651,  247,  170,  784,  239,  585,  118,  707,  464,  749,  263,  633,  470,  520,  594,  421,  321,  580,  604,  383,  745,  726,  639,  169,  443,  297,  806,  628],
        [  628,    0,  213,  432,  366,  558,   76,  470,  179,  139,  352,  176,  645,  387,  580,  134,  394,  561,  438,  370,  355,  750,  319,  647,  887,  621,  139,  626,  602,  417,   87,  628,  373,  377,  802,  371,  270,  166,  563,  367,  606,  160,  772,  291,  781,  520,  798,  497,  666,  909,  126,  325,  572,  133,  144,  330,  507,    0,  634,  282,  163,  282,  342,  302,  454,  439,  439,  201,   49,  551,  655,  135,  632,  700,  100,  851,  743,  504,  106,  667,  242,  364,  488,  413,  763,  803,  303,  123],
        [ 1118,    0,  779,  273,  281,  208,  647,  191,  745,  637,  643,  569,  614,  728,   54,  503,  666,   85,  975,  756,  345,  617,  778,  126,  868,  685,  770,  870,  625,  838,  549,  664,  311,  993,  763,  291,  406,  583,  234,  852,  255,  735,  939,  603,  768,  853,  723,  828,  990,  863,  602,  793,  621,  657,  765,  856,  552,  634,    0,  910,  784,  609,  561,  721,  320,  986,  623,  745,  594, 1135,  386,  751,  996,  121,  643,  947,  861, 1018,  657,  248,  823,  993, 1043,  655,  995,  680,  795,  726],
        [  588,    0,  180,  712,  634,  839,  265,  751,  280,  294,  545,  370,  870,  538,  856,  415,  578,  839,  403,  501,  633,  986,  423,  928, 1078,  823,  143,  755,  820,  503,  368,  838,  627,  224, 1008,  633,  521,  407,  842,  420,  885,  196,  909,  503,  982,  628, 1015,  614,  743, 1106,  367,  416,  788,  273,  145,  360,  739,  282,  910,    0,  127,  492,  570,  345,  730,  391,  644,  217,  328,  415,  923,  161,  691,  980,  274, 1006,  905,  473,  262,  946,  145,  164,  411,  603,  873, 1032,  271,  189],
        [  622,    0,  104,  594,  507,  720,  138,  628,  226,  173,  472,  248,  787,  484,  730,  294,  511,  714,  427,  455,  517,  898,  384,  806, 1013,  751,   42,  716,  740,  477,  247,  762,  501,  294,  935,  506,  394,  309,  725,  404,  769,   86,  869,  421,  912,  596,  937,  578,  728, 1038,  267,  383,  709,  152,   20,  350,  651,  163,  784,  127,    0,  411,  482,  265,  616,  421,  569,  126,  211,  487,  815,   34,  683,  856,  149,  958,  853,  499,  137,  829,  104,  254,  455,  534,  845,  948,  217,   64],
        [  510,    0,  488,  341,  427,  451,  357,  419,  218,  413,   72,  422,  379,  138,  562,  249,  116,  525,  375,  151,  265,  494,  173,  566,  606,  342,  372,  362,  331,  232,  254,  352,  475,  453,  525,  454,  414,  120,  441,  246,  470,  438,  498,   12,  502,  282,  526,  256,  435,  629,  157,  188,  299,  413,  396,  263,  247,  282,  609,  492,  411,    0,   82,  580,  316,  388,  159,  482,  247,  548,  463,  396,  419,  626,  379,  571,  462,  411,  387,  533,  509,  485,  446,  131,  504,  540,  585,  396],
        [  562,    0,  553,  289,  413,  388,  413,  373,  299,  464,   82,  461,  305,  167,  517,  280,  110,  477,  444,  199,  224,  417,  242,  505,  547,  282,  445,  350,  261,  281,  297,  287,  469,  534,  460,  443,  424,  177,  375,  312,  399,  501,  470,   70,  440,  298,  457,  272,  446,  568,  218,  257,  230,  466,  466,  337,  170,  342,  561,  570,  482,   82,    0,  630,  253,  459,  106,  543,  301,  621,  384,  465,  441,  566,  433,  531,  422,  473,  443,  462,  577,  566,  516,  107,  491,  466,  644,  461],
        [  884,    0,  169,  620,  451,  730,  227,  617,  458,  167,  651,  183,  921,  689,  671,  359,  694,  672,  689,  670,  565, 1015,  613,  782, 1176,  911,  296,  928,  884,  711,  333,  914,  411,  553, 1086,  432,  325,  461,  744,  649,  792,  183, 1073,  587, 1068,  819, 1076,  798,  963, 1195,  425,  616,  856,  170,  262,  601,  784,  302,  721,  345,  265,  580,  630,    0,  666,  684,  732,  139,  333,  748,  876,  247,  924,  820,  203, 1150, 1042,  760,  197,  843,  201,  504,  719,  711, 1065, 1073,   92,  224],
        [  814,    0,  653,   69,  280,  135,  501,  149,  500,  525,  334,  484,  331,  418,  284,  330,  352,  239,  691,  451,  104,  381,  488,  253,  604,  382,  589,  551,  326,  534,  373,  366,  347,  751,  499,  314,  365,  335,  125,  561,  159,  600,  631,  308,  494,  536,  470,  511,  671,  609,  369,  504,  315,  537,  597,  578,  239,  454,  320,  730,  616,  316,  253,  666,    0,  704,  304,  629,  406,  863,  210,  589,  678,  313,  510,  653,  558,  724,  524,  223,  689,  769,  762,  338,  680,  446,  712,  573],
        [  201,    0,  523,  724,  761,  838,  492,  797,  266,  555,  386,  612,  681,  321,  935,  523,  391,  902,   20,  276,  644,  803,  218,  953,  809,  601,  389,  444,  626,  214,  492,  625,  789,  187,  768,  778,  696,  407,  829,  149,  857,  502,  589,  397,  737,  319,  792,  320,  385,  843,  398,  202,  596,  540,  422,  130,  585,  439,  986,  391,  421,  388,  459,  684,  704,    0,  468,  546,  451,  164,  836,  438,  325, 1012,  517,  697,  613,   82,  513,  920,  509,  257,   59,  417,  529,  829,  634,  462],
        [  533,    0,  647,  355,  508,  431,  512,  442,  365,  566,  101,  566,  229,  148,  584,  385,   78,  541,  451,  193,  305,  350,  263,  549,  448,  184,  529,  256,  177,  264,  401,  194,  566,  576,  367,  539,  528,  274,  413,  321,  426,  596,  367,  150,  344,  235,  371,  212,  368,  471,  313,  277,  145,  567,  554,  362,  118,  439,  623,  644,  569,  159,  106,  732,  304,  468,    0,  639,  401,  632,  376,  555,  375,  609,  533,  425,  316,  463,  542,  484,  667,  617,  522,   51,  394,  390,  742,  554],
        [  746,    0,   40,  594,  465,  714,  133,  611,  331,  110,  550,  177,  845,  577,  692,  300,  592,  684,  551,  553,  525,  948,  490,  786, 1087,  822,  158,  814,  803,  586,  261,  829,  443,  416, 1003,  456,  340,  367,  724,  519,  771,   48,  964,  491,  981,  700,  998,  679,  838, 1109,  327,  490,  772,   93,  124,  468,  707,  201,  745,  217,  126,  482,  543,  139,  629,  546,  639,    0,  244,  610,  836,  110,  796,  831,  119, 1047,  939,  623,  106,  827,   84,  370,  581,  611,  947, 1002,  105,   93],
        [  632,    0,  259,  385,  331,  511,  113,  426,  186,  166,  318,  185,  601,  362,  540,   91,  362,  518,  448,  350,  307,  705,  309,  602,  848,  582,  186,  600,  560,  405,   46,  587,  345,  408,  761,  340,  247,  128,  515,  363,  559,  205,  742,  255,  740,  500,  755,  476,  649,  868,   93,  316,  530,  166,  192,  334,  464,   49,  594,  328,  211,  247,  301,  333,  406,  451,  401,  244,    0,  573,  607,  184,  618,  655,  133,  818,  709,  511,  142,  619,  289,  401,  503,  378,  739,  759,  343,  171],
        [  234,    0,  580,  879,  897,  996,  589,  949,  395,  646,  550,  712,  842,  484, 1084,  655,  555, 1053,  181,  440,  798,  964,  380, 1109,  953,  759,  465,  585,  787,  374,  618,  784,  918,  195,  921,  911,  819,  553,  988,  313, 1017,  573,  719,  558,  889,  467,  948,  473,  500,  989,  537,  364,  757,  628,  495,  286,  749,  551, 1135,  415,  487,  548,  621,  748,  863,  164,  632,  610,  573,    0, 1000,  513,  438, 1168,  611,  829,  755,  190,  604, 1081,  555,  253,  111,  581,  647,  986,  683,  541],
        [  907,    0,  859,  262,  469,  195,  707,  301,  672,  734,  451,  694,  255,  521,  378,  537,  449,  335,  820,  563,  313,  232,  621,  267,  485,  346,  785,  567,  286,  639,  578,  319,  534,  916,  382,  502,  569,  518,  169,  688,  133,  805,  595,  452,  390,  600,  339,  579,  704,  478,  557,  637,  297,  745,  797,  719,  263,  655,  386,  923,  815,  463,  384,  876,  210,  836,  376,  836,  607, 1000,    0,  790,  729,  309,  718,  581,  509,  838,  731,  151,  894,  943,  892,  425,  667,  295,  922,  776],
