{
    "name": "random-81-22387",
    "comment": "size=81 seed=22387",
    "nodes": ["+0", "-0", "+1", "-1", "+2", "-2", "+3", "-3", "+4", "-4", "+5", "-5", "+6", "-6", "+7", "-7", "+8", "-8", "+9", "-9", "+10", "-10", "+11", "-11", "+12", "-12", "+13", "-13", "+14", "-14", "+15", "-15", "+16", "-16", "+17", "-17", "+18", "-18", "+19", "-19", "+20", "-20", "+21", "-21", "+22", "-22", "+23", "-23", "+24", "-24", "+25", "-25", "+26", "-26", "+27", "-27", "+28", "-28", "+29", "-29", "+30", "-30", "+31", "-31", "+32", "-32", "+33", "-33", "+34", "-34", "+35", "-35", "+36", "-36", "+37", "-37", "+38", "-38", "+39", "-39", "+40", "-40", "+41", "-41", "+42", "-42", "+43", "-43", "+44", "-44", "+45", "-45", "+46", "-46", "+47", "-47", "+48", "-48", "+49", "-49", "+50", "-50", "+51", "-51", "+52", "-52", "+53", "-53", "+54", "-54", "+55", "-55", "+56", "-56", "+57", "-57", "+58", "-58", "+59", "-59", "+60", "-60", "+61", "-61", "+62", "-62", "+63", "-63", "+64", "-64", "+65", "-65", "+66", "-66", "+67", "-67", "+68", "-68", "+69", "-69", "+70", "-70", "+71", "-71", "+72", "-72", "+73", "-73", "+74", "-74", "+75", "-75", "+76", "-76", "+77", "-77", "+78", "-78", "+79", "-79", "+80", "-80", "+81", "-81"],
    "precedence": {
        "+0": "-0",
        "+1": "-1",
        "+2": "-2",
        "+3": "-3",
        "+4": "-4",
        "+5": "-5",
        "+6": "-6",
        "+7": "-7",
        "+8": "-8",
        "+9": "-9",
        "+10": "-10",
        "+11": "-11",
        "+12": "-12",
        "+13": "-13",
        "+14": "-14",
        "+15": "-15",
        "+16": "-16",
        "+17": "-17",
        "+18": "-18",
        "+19": "-19",
        "+20": "-20",
        "+21": "-21",
        "+22": "-22",
        "+23": "-23",
        "+24": "-24",
        "+25": "-25",
        "+26": "-26",
        "+27": "-27",
        "+28": "-28",
        "+29": "-29",
        "+30": "-30",
        "+31": "-31",
        "+32": "-32",
        "+33": "-33",
        "+34": "-34",
        "+35": "-35",
        "+36": "-36",
        "+37": "-37",
        "+38": "-38",
        "+39": "-39",
        "+40": "-40",
        "+41": "-41",
        "+42": "-42",
        "+43": "-43",
        "+44": "-44",
        "+45": "-45",
        "+46": "-46",
        "+47": "-47",
        "+48": "-48",
        "+49": "-49",
        "+50": "-50",
        "+51": "-51",
        "+52": "-52",
        "+53": "-53",
        "+54": "-54",
        "+55": "-55",
        "+56": "-56",
        "+57": "-57",
        "+58": "-58",
        "+59": "-59",
        "+60": "-60",
        "+61": "-61",
        "+62": "-62",
        "+63": "-63",
        "+64": "-64",
        "+65": "-65",
        "+66": "-66",
        "+67": "-67",
        "+68": "-68",
        "+69": "-69",
        "+70": "-70",
        "+71": "-71",
        "+72": "-72",
        "+73": "-73",
        "+74": "-74",
        "+75": "-75",
        "+76": "-76",
        "+77": "-77",
        "+78": "-78",
        "+79": "-79",
        "+80": "-80",
        "+81": "-81"
    },
    "edges": [
        [    0,    0,  325,  278,   55,  480,  765,  164,  253,  663,  193,  429,  610,  652,  626,  307,  479,  244,  635,  424,   58,  654,  121,  408,  168,  452,  309,  336,  290,  299,   94,  222,  390,  247,  598,  542,  261,  802,  451,  288,  302,  508,  303,  170,  466,  485,  292,  441,  418,  540,  512,  206,  482,  157,  449,  259,  504,  297,  198,  400,  400,  314,  349,  126,  357,  465,  624,  419,  802,  554,  155,  148,  877,  300,  682,  552,  295,  647,  649,  486,  266,  536,  101,  234,  412,  592,  479,  730,  656,  675,  744,  647,  220,  316,  243,  578,  224,  686,  168,  384,  342,  251,  637,  358,  411,   70,  466,  589,  308,  411,  241,  266,  307,  585,  619,  418,  574,  470,  434,  395,  580,  309,  246,  236,  356,   94,  244,  228,  464,  454,  192,  323,  584,  542,  303,  813,  444,  357,  573,  139,  204,  302,  303,  275,  605,  648,  793,  648,  472,  204,  268,  491,  512,  340,  336,  556,  473,  568,  171,  535,  430,  292,  569,  275],
        [    0,    0,    0,    0,    0,    0,    0,    0,    0,    0,    0,    0,    0,    0,    0,    0,    0,    0,    0,    0,    0,    0,    0,    0,    0,    0,    0,    0,    0,    0,    0,    0,    0,    0,    0,    0,    0,    0,    0,    0,    0,    0,    0,    0,    0,    0,    0,    0,    0,    0,    0,    0,    0,    0,    0,    0,    0,    0,    0,    0,    0,    0,    0,    0,    0,    0,    0,    0,    0,    0,    0,    0,    0,    0,    0,    0,    0,    0,    0,    0,    0,    0,    0,    0,    0,    0,    0,    0,    0,    0,    0,    0,    0,    0,    0,    0,    0,    0,    0,    0,    0,    0,    0,    0,    0,    0,    0,    0,    0,    0,    0,    0,    0,    0,    0,    0,    0,    0,    0,    0,    0,    0,    0,    0,    0,    0,    0,    0,    0,    0,    0,    0,    0,    0,    0,    0,    0,    0,    0,    0,    0,    0,    0,    0,    0,    0,    0,    0,    0,    0,    0,    0,    0,    0,    0,    0,    0,    0,    0,    0,    0,    0,    0,    0],
        [  325,    0,    0,   97,  272,  682,  794,  219,  572,  961,  280,  553,  526,  667,  870,  613,  160,  502,  316,  639,  380,  787,  335,  520,  300,  394,  394,  209,  377,  465,  309,  312,  619,  539,  892,  227,  266,  856,  253,  279,  601,  598,  201,  491,  434,  338,  169,  209,  386,  604,  803,  476,  793,  353,  662,  558,  707,  373,  164,  715,  557,  634,  485,  441,  489,  683,  523,  710,  852,  784,  402,  429,  887,  496,  933,  244,  592,  542,  832,  811,  268,  212,  386,  507,  647,  735,  580,  773,  551,  758,  757,  634,  433,  354,  472,  828,  395,  867,  359,  709,   42,  396,  793,  682,   86,  308,  777,  499,   82,  647,  265,  242,  479,  469,  295,  589,  842,  692,  624,  589,  324,  243,  414,   96,  664,  306,   81,  151,  771,  779,  480,  291,  760,  858,  435,  795,  129,  169,  874,  283,  528,   40,  348,  417,  493,  776,  837,  957,  598,  372,  586,  454,  511,   15,  560,  232,  633,  243,  475,  638,  533,  523,  786,  600],
        [  278,    0,   97,    0,  231,  588,  704,  223,  531,  883,  190,  457,  451,  577,  779,  581,  246,  490,  362,  547,  336,  690,  322,  423,  304,  308,  426,  125,  281,  479,  238,  219,  529,  514,  812,  269,  169,  764,  203,  183,  573,  502,  109,  433,  346,  273,   76,  175,  296,  509,  723,  398,  722,  270,  670,  530,  614,  277,   85,  647,  461,  572,  509,  402,  393,  689,  451,  632,  760,  692,  324,  356,  800,  503,  843,  276,  518,  473,  737,  754,  308,  282,  357,  489,  646,  639,  484,  681,  482,  663,  669,  548,  431,  258,  387,  739,  403,  772,  275,  652,  138,  303,  697,  633,  163,  282,  706,  424,   32,  557,  170,  145,  386,  400,  353,  607,  756,  601,  530,  496,  312,  150,  424,  112,  593,  287,   78,  181,  697,  726,  455,  197,  664,  790,  340,  712,  220,  250,  797,  279,  472,   58,  252,  323,  424,  680,  746,  883,  502,  378,  546,  367,  421,  104,  470,  292,  537,  308,  407,  542,  436,  520,  692,  549],
        [   55,    0,  272,  231,    0,  514,  771,  117,  302,  715,  182,  446,  595,  654,  669,  351,  424,  269,  584,  460,  108,  677,  117,  422,  143,  436,  291,  303,  293,  299,  103,  218,  428,  285,  649,  492,  243,  813,  414,  270,  343,  521,  270,  224,  455,  457,  254,  400,  405,  548,  563,  249,  536,  174,  467,  299,  539,  298,  157,  454,  423,  368,  344,  172,  374,  484,  606,  469,  813,  595,  189,  192,  881,  308,  727,  503,  346,  629,  681,  540,  228,  483,  129,  264,  434,  616,  494,  739,  638,  690,  747,  644,  228,  310,  277,  622,  220,  718,  184,  438,  288,  263,  665,  410,  358,   62,  519,  572,  261,  450,  224,  242,  330,  564,  566,  424,  621,  508,  465,  425,  539,  282,  243,  182,  409,   80,  191,  175,  517,  507,  227,  304,  615,  596,  317,  812,  389,  305,  626,  110,  259,  251,  298,  289,  585,  671,  802,  701,  491,  197,  317,  480,  508,  287,  372,  503,  498,  515,  222,  551,  443,  310,  607,  328],
        [  480,    0,  682,  588,  514,    0,  435,  629,  509,  405,  403,  173,  515,  387,  206,  585,  832,  644,  898,   59,  480,  215,  595,  204,  647,  440,  785,  524,  314,  752,  416,  370,   99,  594,  340,  815,  425,  429,  605,  422,  602,  222,  508,  399,  406,  557,  531,  640,  407,  268,  276,  281,  361,  349,  838,  583,   26,  321,  523,  355,  137,  379,  806,  500,  206,  845,  547,  248,  434,  115,  326,  336,  543,  736,  271,  805,  273,  563,  170,  500,  741,  858,  544,  619,  785,  156,  201,  392,  567,  297,  443,  428,  666,  354,  238,  181,  689,  207,  340,  452,  718,  287,  176,  501,  749,  549,  356,  515,  613,   95,  420,  451,  203,  549,  908,  847,  230,   49,   59,   93,  739,  470,  708,  636,  310,  573,  620,  668,  326,  518,  576,  429,  113,  428,  251,  536,  808,  793,  354,  617,  408,  643,  353,  265,  553,  217,  434,  447,  157,  674,  524,  415,  366,  691,  145,  856,   92,  876,  344,  201,  209,  703,  106,  457],
        [  765,    0,  794,  704,  771,  435,    0,  859,  895,  810,  594,  352,  318,  127,  564,  973,  896,  989,  859,  474,  794,  255,  882,  363,  912,  403, 1060,  585,  479, 1063,  673,  556,  509,  959,  755,  808,  556,   81,  585,  533,  985,  264,  596,  764,  360,  495,  628,  638,  409,  226,  705,  630,  795,  608, 1197,  956,  434,  475,  686,  786,  400,  793, 1112,  841,  415, 1209,  344,  681,   72,  504,  628,  664,  115, 1062,  611,  784,  680,  340,  387,  933,  973,  885,  858,  970, 1150,  289,  296,   43,  337,  143,   48,  170,  983,  469,  565,  572,  987,  387,  598,  875,  835,  515,  311,  915,  821,  827,  790,  341,  712,  520,  568,  572,  477,  388,  891, 1180,  636,  483,  426,  448,  657,  555, 1010,  801,  735,  849,  771,  860,  761,  946,  923,  510,  362,  861,  463,  118,  889,  953,  777,  879,  788,  757,  481,  492,  372,  244,   53,  866,  321,  965,  912,  342,  283,  795,  515,  863,  362,  885,  701,  254,  340, 1045,  469,  856],
        [  164,    0,  219,  223,  117,  629,  859,    0,  374,  824,  266,  549,  650,  737,  786,  404,  349,  284,  533,  575,  200,  785,  120,  522,   83,  495,  211,  331,  384,  256,  214,  306,  544,  326,  760,  445,  308,  907,  426,  334,  389,  619,  303,  326,  523,  488,  277,  397,  470,  642,  675,  366,  641,  283,  449,  347,  654,  387,  185,  558,  531,  468,  287,  246,  477,  469,  656,  582,  905,  711,  305,  308,  965,  282,  843,  462,  459,  679,  795,  628,  117,  417,  181,  290,  430,  725,  593,  829,  688,  788,  831,  720,  215,  390,  392,  739,  181,  832,  293,  528,  218,  367,  775,  490,  298,  112,  624,  625,  244,  567,  293,  298,  439,  609,  507,  384,  736,  624,  578,  539,  529,  329,  202,  126,  516,   99,  153,   78,  625,  590,  268,  363,  727,  697,  419,  889,  312,  197,  735,   65,  356,  215,  379,  392,  631,  777,  894,  806,  595,  156,  385,  547,  585,  233,  487,  444,  608,  452,  334,  652,  542,  305,  723,  414],
        [  253,    0,  572,  531,  302,  509,  895,  374,    0,  514,  415,  543,  812,  801,  575,   79,  718,  172,  885,  453,  195,  720,  260,  538,  322,  661,  389,  579,  473,  309,  316,  430,  412,  102,  465,  793,  488,  913,  696,  512,   93,  632,  547,  136,  664,  719,  539,  691,  623,  674,  398,  267,  322,  340,  334,   82,  526,  483,  450,  243,  496,  157,  360,  132,  488,  338,  832,  325,  915,  534,  291,  247, 1010,  274,  613,  804,  239,  855,  666,  262,  427,  781,  193,  146,  279,  657,  600,  855,  863,  777,  886,  813,  239,  515,  333,  525,  287,  701,  346,  170,  583,  414,  685,  118,  657,  267,  307,  795,  561,  417,  468,  501,  422,  801,  867,  362,  493,  477,  488,  456,  830,  544,  293,  479,  236,  276,  492,  451,  322,  219,  126,  545,  621,  357,  453,  968,  682,  565,  429,  316,  108,  553,  502,  428,  818,  719,  910,  475,  575,  289,   18,  687,  689,  587,  386,  804,  547,  815,  198,  643,  561,  224,  562,   66],
        [  663,    0,  961,  883,  715,  405,  810,  824,  514,    0,  699,  570,  917,  785,  251,  554, 1120,  686, 1233,  400,  627,  557,  737,  594,  801,  825,  898,  860,  658,  822,  653,  681,  392,  614,   72, 1143,  750,  780,  962,  759,  580,  626,  836,  501,  798,  933,  849,  985,  788,  671,  160,  486,  193,  614,  811,  591,  394,  668,  801,  276,  522,  369,  874,  599,  577,  807,  948,  251,  788,  309,  560,  534,  905,  787,  225, 1141,  371,  965,  432,  303,  911, 1164,  667,  659,  755,  524,  605,  769,  970,  668,  829,  830,  749,  708,  501,  239,  793,  444,  609,  352,  988,  606,  502,  420, 1042,  716,  209,  915,  913,  364,  737,  775,  538,  946, 1232,  864,  178,  360,  447,  455, 1104,  807,  803,  887,  309,  735,  884,  889,  201,  352,  635,  778,  450,  173,  597,  922, 1089, 1019,   90,  783,  476,  928,  702,  596,  952,  568,  795,   75,  561,  790,  516,  810,  767,  974,  439, 1173,  496, 1190,  494,  602,  605,  735,  343,  451],
        [  193,    0,  280,  190,  182,  403,  594,  266,  415,  699,    0,  291,  418,  474,  590,  482,  435,  437,  535,  359,  241,  529,  298,  261,  320,  259,  467,  174,  119,  480,  104,   40,  340,  433,  628,  445,   74,  641,  290,   99,  482,  355,  144,  292,  275,  304,  151,  298,  226,  376,  539,  220,  548,   90,  641,  441,  429,  121,  120,  479,  284,  414,  525,  306,  221,  657,  432,  450,  640,  504,  150,  191,  702,  488,  654,  444,  342,  455,  559,  600,  382,  470,  293,  425,  604,  472,  330,  564,  464,  524,  568,  463,  407,  129,  199,  550,  401,  595,   92,  502,  316,  117,  527,  498,  352,  242,  533,  396,  218,  368,   54,   88,  201,  394,  534,  604,  567,  413,  346,  310,  431,  130,  425,  237,  420,  262,  218,  281,  520,  581,  382,  132,  487,  619,  163,  631,  408,  397,  615,  287,  331,  243,  116,  141,  413,  520,  628,  704,  337,  378,  433,  300,  327,  290,  281,  475,  361,  493,  248,  389,  279,  484,  506,  414],
        [  429,    0,  553,  457,  446,  173,  352,  549,  543,  570,  291,    0,  349,  263,  377,  622,  694,  641,  737,  171,  450,  238,  549,   35,  588,  268,  735,  372,  178,  724,  343,  252,  190,  608,  501,  659,  288,  378,  441,  278,  633,   89,  363,  412,  233,  387,  391,  480,  237,  133,  427,  278,  492,  274,  847,  604,  193,  181,  407,  461,   55,  451,  776,  492,   73,  858,  380,  372,  379,  287,  282,  314,  467,  719,  442,  646,  339,  397,  286,  610,  666,  710,  515,  621,  800,  183,   57,  313,  402,  247,  343,  287,  641,  203,  213,  354,  652,  319,  263,  539,  593,  184,  240,  571,  610,  495,  483,  346,  477,  213,  289,  313,  127,  378,  752,  836,  399,  212,  123,  121,  571,  321,  674,  526,  404,  519,  504,  571,  457,  615,  574,  276,  213,  565,  131,  428,  674,  686,  509,  556,  436,  514,  207,  158,  383,  229,  372,  604,   47,  632,  560,  243,  199,  560,  173,  704,   90,  724,  349,  107,   37,  697,  271,  507],
        [  610,    0,  526,  451,  595,  515,  318,  650,  812,  917,  418,  349,    0,  211,  709,  886,  601,  853,  543,  520,  656,  456,  710,  328,  720,  159,  860,  327,  340,  890,  519,  391,  536,  846,  850,  498,  352,  396,  287,  325,  889,  299,  350,  678,  149,  194,  380,  341,  193,  260,  775,  560,  834,  476, 1058,  851,  530,  330,  465,  793,  400,  763,  931,  718,  360, 1074,   33,  714,  388,  624,  521,  567,  383,  902,  771,  472,  658,   49,  570,  938,  752,  579,  710,  841, 1021,  443,  315,  317,   55,  363,  272,  153,  822,  300,  500,  694,  811,  590,  469,  854,  566,  401,  497,  872,  534,  656,  823,   28,  449,  561,  371,  355,  420,   71,  577, 1017,  744,  558,  471,  467,  340,  321,  834,  560,  733,  673,  527,  628,  799,  934,  797,  292,  510,  908,  370,  280,  600,  694,  857,  689,  713,  495,  312,  390,   55,  441,  370,  953,  359,  786,  830,  126,  151,  524,  506,  553,  424,  575,  620,  333,  314,  901,  600,  795],
        [  652,    0,  667,  577,  654,  387,  127,  737,  801,  785,  474,  263,  211,    0,  552,  879,  771,  883,  742,  412,  685,  264,  767,  264,  794,  276,  941,  458,  362,  949,  559,  437,  442,  858,  723,  687,  432,  196,  462,  408,  888,  177,  469,  667,  234,  373,  502,  515,  282,  130,  662,  535,  741,  497, 1091,  857,  393,  357,  562,  719,  316,  714,  997,  736,  314, 1104,  241,  622,  190,  477,  523,  562,  229,  950,  608,  664,  601,  244,  391,  868,  850,  762,  747,  865, 1047,  270,  208,  112,  243,  157,   94,   61,  871,  348,  469,  549,  872,  403,  487,  801,  709,  405,  313,  833,  695,  711,  734,  229,  585,  459,  445,  447,  380,  277,  772, 1068,  608,  435,  361,  375,  543,  429,  895,  675,  664,  733,  646,  735,  706,  875,  818,  385,  344,  811,  356,  167,  763,  826,  740,  760,  695,  631,  359,  383,  265,  249,  173,  832,  244,  849,  818,  215,  157,  669,  435,  741,  300,  763,  604,  187,  241,  937,  447,  768],
        [  626,    0,  870,  779,  669,  206,  564,  786,  575,  251,  590,  377,  709,  552,    0,  640, 1024,  736, 1100,  234,  610,  310,  730,  408,  789,  644,  914,  724,  514,  861,  582,  562,  252,  673,  209, 1016,  622,  530,  810,  622,  662,  410,  707,  501,  609,  762,  728,  843,  612,  451,  203,  421,  310,  523,  906,  656,  184,  522,  707,  353,  342,  421,  916,  610,  410,  908,  741,  252,  539,   91,  485,  479,  656,  836,   66, 1008,  352,  755,  181,  464,  891, 1055,  668,  709,  850,  284,  397,  523,  759,  423,  586,  602,  778,  556,  402,   51,  811,  194,  515,  459,  904,  478,  254,  523,  941,  692,  316,  711,  806,  224,  615,  648,  396,  748, 1108,  935,   99,  180,  262,  289,  944,  671,  827,  814,  340,  715,  802,  836,  287,  500,  672,  632,  209,  351,  450,  678,  998,  965,  244,  763,  495,  832,  555,  459,  750,  321,  545,  315,  354,  801,  585,  616,  563,  880,  311, 1055,  290, 1075,  464,  379,  412,  793,  109,  512],
        [  307,    0,  613,  581,  351,  585,  973,  404,   79,  554,  482,  622,  886,  879,  640,    0,  752,  150,  929,  529,  250,  796,  285,  616,  339,  733,  376,  641,  547,  284,  380,  500,  489,   82,  512,  838,  555,  991,  756,  580,   26,  710,  608,  213,  737,  785,  598,  747,  695,  753,  454,  345,  367,  411,  267,   58,  601,  556,  504,  295,  574,  220,  329,  182,  565,  269,  905,  388,  994,  604,  366,  322, 1088,  242,  674,  851,  313,  928,  739,  274,  437,  818,  228,  129,  211,  734,  679,  933,  936,  855,  964,  890,  231,  587,  411,  590,  282,  773,  418,  203,  619,  489,  761,  136,  697,  306,  353,  868,  611,  492,  535,  565,  500,  871,  907,  311,  553,  551,  566,  534,  887,  608,  282,  518,  300,  308,  535,  481,  373,  225,  136,  614,  696,  388,  530, 1046,  715,  586,  474,  341,  186,  598,  575,  504,  890,  796,  989,  507,  654,  291,   63,  761,  765,  628,  464,  844,  625,  853,  275,  722,  639,  187,  633,  130],
        [  479,    0,  160,  246,  424,  832,  896,  349,  718, 1120,  435,  694,  601,  771, 1024,  752,    0,  628,  207,  792,  531,  921,  468,  659,  420,  496,  476,  327,  522,  564,  468,  463,  774,  674, 1051,  148,  409,  965,  315,  416,  738,  728,  331,  646,  541,  408,  304,  261,  499,  727,  962,  635,  952,  511,  762,  695,  858,  516,  321,  873,  703,  790,  572,  588,  634,  784,  589,  869,  960,  937,  561,  588,  980,  602, 1088,  179,  751,  606,  977,  964,  353,   76,  527,  637,  756,  873,  714,  881,  614,  880,  856,  730,  551,  491,  630,  984,  506, 1011,  517,  862,  137,  548,  932,  831,   84,  452,  935,  574,  220,  802,  413,  383,  631,  535,  169,  678, 1000,  846,  774,  740,  314,  373,  521,  243,  822,  445,  238,  272,  929,  930,  617,  421,  904, 1016,  582,  880,   38,  199, 1033,  413,  682,  194,  488,  568,  558,  909,  943, 1115,  737,  486,  731,  556,  621,  147,  715,  114,  777,  113,  633,  770,  669,  638,  937,  751],
        [  244,    0,  502,  490,  269,  644,  989,  284,  172,  686,  437,  641,  853,  883,  736,  150,  628,    0,  816,  586,  200,  844,  170,  626,  209,  695,  227,  571,  527,  138,  336,  464,  545,   74,  636,  729,  505, 1018,  682,  532,  127,  727,  539,  246,  709,  725,  522,  663,  661,  763,  568,  371,  494,  388,  209,   98,  664,  535,  424,  414,  601,  326,  189,  150,  575,  223,  868,  489, 1019,  686,  361,  327, 1103,  103,  778,  745,  387,  891,  809,  421,  295,  699,  144,   28,  168,  780,  696,  952,  900,  885,  973,  884,   84,  558,  431,  685,  135,  845,  397,  338,  501,  479,  816,  277,  582,  211,  479,  832,  516,  556,  485,  508,  514,  828,  790,  204,  658,  618,  612,  575,  801,  550,  133,  408,  402,  203,  431,  359,  493,  372,   69,  566,  755,  526,  528, 1047,  591,  450,  600,  220,  243,  494,  545,  500,  848,  841, 1012,  645,  679,  149,  171,  734,  751,  517,  507,  727,  664,  734,  302,  746,  650,   60,  710,  237],
        [  635,    0,  316,  362,  584,  898,  859,  533,  885, 1233,  535,  737,  543,  742, 1100,  929,  207,  816,    0,  868,  691,  940,  650,  703,  610,  490,  680,  377,  588,  765,  600,  552,  859,  855, 1162,   94,  485,  935,  299,  480,  917,  747,  399,  794,  535,  374,  385,  258,  509,  733, 1073,  754, 1080,  623,  964,  874,  921,  579,  447, 1008,  761,  934,  776,  755,  692,  985,  521,  984,  928, 1010,  680,  716,  923,  801, 1166,   93,  875,  530, 1021, 1115,  556,  133,  701,  822,  954,  903,  742,  853,  537,  876,  814,  690,  743,  545,  732, 1066,  702, 1051,  626, 1014,  316,  631,  963,  992,  235,  624, 1065,  519,  331,  888,  496,  459,  708,  472,   51,  882, 1093,  921,  839,  812,  204,  431,  719,  412,  952,  622,  394,  459, 1054, 1087,  796,  469,  949, 1150,  652,  816,  240,  405, 1150,  597,  833,  333,  546,  646,  490,  927,  910, 1239,  775,  680,  900,  543,  611,  302,  803,   94,  827,   97,  769,  790,  707,  832, 1002,  909],
        [  424,    0,  639,  547,  460,   59,  474,  575,  453,  400,  359,  171,  520,  412,  234,  529,  792,  586,  868,    0,  422,  268,  538,  195,  591,  428,  728,  492,  281,  694,  363,  329,   41,  536,  331,  783,  389,  474,  581,  389,  546,  239,  474,  340,  399,  541,  495,  612,  392,  287,  257,  223,  329,  299,  780,  526,   81,  289,  478,  312,  122,  327,  748,  442,  182,  788,  550,  211,  479,  146,  272,  279,  585,  677,  299,  776,  218,  568,  227,  460,  687,  822,  486,  561,  728,  206,  213,  431,  573,  340,  477,  448,  608,  325,  184,  199,  632,  264,  290,  404,  674,  245,  233,  450,  709,  493,  322,  516,  573,   47,  382,  415,  162,  546,  875,  788,  234,   54,   52,   58,  719,  438,  651,  588,  263,  517,  574,  617,  294,  473,  518,  400,  170,  400,  217,  569,  766,  743,  338,  562,  351,  601,  323,  226,  553,  269,  478,  434,  171,  617,  467,  411,  369,  649,   89,  822,  114,  841,  286,  227,  206,  645,  149,  402],
        [   58,    0,  380,  336,  108,  480,  794,  200,  195,  627,  241,  450,  656,  685,  610,  250,  531,  200,  691,  422,    0,  666,  120,  432,  180,  499,  307,  392,  328,  277,  138,  266,  385,  193,  564,  599,  312,  827,  508,  339,  245,  533,  359,  126,  510,  539,  349,  499,  464,  568,  481,  200,  441,  189,  408,  203,  503,  336,  256,  358,  415,  268,  330,   68,  381,  422,  672,  389,  827,  544,  168,  145,  907,  270,  663,  609,  267,  695,  649,  434,  287,  590,   66,  186,  367,  603,  503,  758,  704,  696,  775,  684,  193,  359,  249,  561,  210,  686,  198,  333,  394,  281,  645,  302,  465,   90,  425,  636,  366,  403,  292,  320,  324,  634,  674,  387,  550,  464,  439,  400,  638,  362,  230,  288,  318,  110,  299,  271,  426,  400,  141,  373,  588,  497,  331,  848,  495,  397,  537,  158,  157,  359,  346,  303,  654,  662,  819,  607,  491,  195,  211,  535,  551,  395,  337,  611,  484,  623,  147,  556,  455,  253,  562,  221],
        [  654,    0,  787,  690,  677,  215,  255,  785,  720,  557,  529,  238,  456,  264,  310,  796,  921,  844,  940,  268,  666,    0,  774,  270,  818,  451,  963,  595,  415,  942,  575,  490,  308,  800,  505,  870,  522,  226,  643,  509,  812,  195,  591,  602,  406,  570,  621,  689,  433,  209,  464,  474,  561,  504, 1044,  791,  204,  417,  644,  566,  255,  593,  995,  697,  309, 1052,  488,  456,  233,  255,  501,  523,  349,  931,  357,  853,  486,  497,  133,  708,  901,  930,  732,  821,  992,   64,  207,  215,  498,  116,  280,  321,  857,  433,  418,  321,  874,  140,  494,  665,  827,  419,   56,  715,  838,  722,  559,  467,  709,  309,  526,  546,  348,  512,  961, 1045,  385,  257,  233,  269,  755,  549,  895,  763,  524,  747,  741,  808,  528,  729,  776,  501,  115,  622,  368,  370,  903,  923,  531,  786,  616,  748,  439,  393,  506,   15,  238,  616,  192,  856,  734,  402,  335,  793,  338,  919,  182,  940,  543,  152,  255,  903,  219,  670],
        [  121,    0,  335,  322,  117,  595,  882,  120,  260,  737,  298,  549,  710,  767,  730,  285,  468,  170,  650,  538,  120,  774,    0,  527,   65,  552,  191,  411,  405,  183,  210,  332,  502,  207,  677,  561,  358,  922,  517,  386,  270,  628,  379,  239,  571,  567,  359,  496,  521,  658,  596,  316,  548,  277,  354,  228,  619,  411,  261,  464,  520,  372,  230,  141,  478,  372,  721,  505,  921,  663,  274,  259,  993,  192,  782,  577,  385,  744,  764,  519,  174,  536,   72,  172,  326,  711,  599,  849,  753,  795,  860,  759,  114,  426,  360,  680,  105,  802,  287,  422,  337,  370,  756,  378,  416,   56,  532,  687,  347,  521,  340,  357,  427,  678,  625,  308,  669,  582,  552,  512,  633,  395,  128,  239,  431,   38,  262,  197,  537,  479,  149,  419,  702,  599,  423,  927,  431,  306,  648,   57,  261,  325,  413,  394,  699,  768,  912,  712,  592,   84,  270,  596,  623,  349,  451,  562,  593,  571,  266,  655,  549,  200,  680,  306],
        [  408,    0,  520,  423,  422,  204,  363,  522,  538,  594,  261,   35,  328,  264,  408,  616,  659,  626,  703,  195,  432,  270,  527,    0,  564,  237,  712,  337,  146,  705,  320,  222,  208,  597,  525,  624,  254,  395,  407,  243,  625,  102,  329,  404,  205,  354,  356,  445,  204,  138,  448,  271,  507,  251,  834,  595,  225,  148,  375,  471,   73,  455,  756,  478,   52,  846,  358,  387,  396,  318,  266,  302,  477,  701,  474,  612,  343,  377,  321,  619,  639,  675,  497,  607,  788,  216,   73,  326,  382,  268,  350,  282,  623,  168,  205,  383,  631,  354,  241,  544,  559,  159,  274,  572,  576,  473,  497,  323,  443,  233,  257,  279,  116,  352,  717,  819,  426,  239,  150,  140,  538,  287,  653,  494,  413,  497,  472,  541,  472,  621,  561,  241,  248,  581,  106,  431,  639,  654,  530,  531,  431,  480,  173,  134,  359,  260,  387,  626,   79,  611,  555,  217,  179,  526,  182,  669,  124,  690,  341,  130,   24,  682,  304,  505],
        [  168,    0,  300,  304,  143,  647,  912,   83,  322,  801,  320,  588,  720,  794,  789,  339,  420,  209,  610,  591,  180,  818,   65,  564,    0,  563,  148,  407,  434,  176,  245,  357,  556,  259,  741,  524,  372,  956,  506,  399,  322,  664,  378,  302,  587,  565,  354,  479,  536,  691,  659,  372,  613,  315,  367,  282,  671,  438,  258,  529,  564,  436,  212,  205,  516,  387,  729,  568,  955,  720,  322,  314, 1021,  200,  842,  543,  447,  751,  816,  582,  110,  491,  136,  218,  348,  756,  636,  880,  761,  832,  887,  781,  134,  448,  410,  740,   99,  853,  326,  485,  295,  406,  804,  439,  376,   99,  596,  696,  326,  577,  355,  366,  470,  682,  582,  304,  730,  636,  601,  561,  611,  400,  120,  207,  495,   75,  235,  152,  601,  540,  205,  430,  751,  663,  459,  949,  383,  247,  712,   34,  326,  297,  435,  431,  705,  812,  944,  776,  633,   74,  330,  612,  645,  314,  503,  520,  638,  527,  326,  693,  586,  224,  735,  370],
        [  452,    0,  394,  308,  436,  440,  403,  495,  661,  825,  259,  268,  159,  276,  644,  733,  496,  695,  490,  428,  499,  451,  552,  237,  563,    0,  705,  185,  195,  732,  361,  235,  434,  690,  754,  423,  194,  470,  195,  166,  735,  259,  202,  530,   46,  122,  234,  244,   41,  244,  673,  420,  717,  323,  900,  696,  460,  184,  311,  666,  307,  626,  774,  562,  249,  916,  173,  601,  464,  554,  372,  419,  494,  743,  710,  404,  527,  196,  539,  806,  600,  491,  552,  684,  863,  417,  259,  386,  205,  390,  365,  241,  663,  148,  365,  620,  653,  566,  316,  718,  435,  258,  476,  729,  419,  497,  705,  137,  312,  462,  213,  198,  296,  140,  513,  859,  661,  475,  386,  371,  308,  167,  676,  413,  605,  515,  381,  478,  684,  798,  640,  134,  469,  792,  239,  404,  487,  557,  755,  531,  566,  359,  160,  253,  157,  437,  448,  851,  296,  628,  679,   62,  126,  394,  392,  475,  356,  497,  474,  302,  233,  742,  538,  649],
        [  309,    0,  394,  426,  291,  785, 1060,  211,  389,  898,  467,  735,  860,  941,  914,  376,  476,  227,  680,  728,  307,  963,  191,  712,  148,  705,    0,  540,  582,  104,  392,  505,  692,  298,  843,  603,  516, 1104,  628,  542,  353,  811,  513,  414,  731,  696,  486,  594,  679,  838,  767,  506,  706,  462,  291,  324,  809,  586,  395,  623,  708,  530,   97,  306,  663,  312,  866,  680, 1103,  850,  464,  449, 1169,  150,  963,  627,  564,  889,  954,  646,  127,  551,  247,  250,  295,  900,  784, 1028,  898,  980, 1035,  927,  151,  594,  550,  864,  106,  991,  473,  559,  375,  553,  946,  501,  455,  241,  690,  835,  442,  709,  500,  508,  615,  818,  644,  203,  847,  770,  742,  702,  717,  540,   97,  317,  599,  217,  350,  249,  700,  598,  265,  573,  892,  745,  607, 1095,  441,  278,  810,  182,  428,  404,  582,  578,  841,  957, 1092,  863,  779,  114,  391,  756,  791,  406,  641,  586,  782,  588,  451,  840,  733,  202,  868,  449],
        [  336,    0,  209,  125,  303,  524,  585,  331,  579,  860,  174,  372,  327,  458,  724,  641,  327,  571,  377,  492,  392,  595,  411,  337,  407,  185,  540,    0,  211,  582,  265,  181,  482,  583,  788,  292,  111,  649,  118,  103,  637,  401,   34,  463,  225,  158,   55,  126,  178,  402,  700,  391,  718,  264,  765,  594,  548,  203,  151,  651,  389,  588,  617,  460,  319,  782,  329,  615,  644,  635,  323,  365,  679,  601,  790,  285,  513,  351,  657,  774,  427,  339,  430,  566,  735,  549,  389,  565,  360,  556,  548,  426,  524,  171,  360,  690,  503,  690,  264,  676,  251,  255,  608,  669,  245,  362,  703,  301,  128,  512,  126,   88,  332,  279,  385,  711,  716,  545,  465,  436,  257,   54,  526,  233,  592,  374,  201,  301,  689,  754,  526,   97,  584,  790,  275,  588,  312,  372,  780,  378,  502,  174,  171,  269,  303,  583,  629,  871,  413,  478,  596,  246,  303,  211,  427,  333,  459,  354,  422,  443,  345,  610,  629,  585],
        [  290,    0,  377,  281,  293,  314,  479,  384,  473,  658,  119,  178,  340,  362,  514,  547,  522,  527,  588,  281,  328,  415,  405,  146,  434,  195,  582,  211,    0,  587,  197,   79,  273,  511,  587,  503,  113,  524,  305,  109,  551,  236,  195,  339,  192,  282,  219,  332,  155,  258,  500,  226,  532,  140,  736,  515,  339,   12,  230,  476,  182,  432,  635,  385,  113,  749,  361,  421,  522,  424,  182,  227,  589,  590,  579,  495,  336,  384,  457,  614,  500,  545,  388,  512,  694,  360,  213,  447,  392,  405,  455,  357,  510,   51,  174,  479,  510,  491,  132,  524,  416,   64,  417,  535,  438,  349,  519,  324,  303,  303,  113,  139,  122,  334,  595,  708,  508,  334,  255,  225,  446,  158,  533,  349,  415,  371,  327,  397,  501,  604,  466,  121,  384,  607,   65,  523,  500,  509,  582,  401,  374,  338,   45,   64,  349,  405,  511,  676,  224,  488,  491,  215,  224,  385,  220,  543,  257,  563,  281,  272,  162,  579,  419,  456],
        [  299,    0,  465,  479,  299,  752, 1063,  256,  309,  822,  480,  724,  890,  949,  861,  284,  564,  138,  765,  694,  277,  942,  183,  705,  176,  732,  104,  582,  587,    0,  391,  515,  655,  211,  772,  683,  539, 1100,  681,  566,  259,  806,  552,  362,  753,  739,  529,  652,  703,  838,  701,  472,  630,  455,  200,  235,  774,  593,  432,  550,  691,  459,   55,  254,  654,  221,  900,  619, 1100,  805,  444,  420, 1175,   47,  907,  705,  510,  923,  920,  557,  211,  638,  211,  164,  195,  879,  777, 1029,  932,  971, 1041,  942,   86,  608,  525,  811,   80,  957,  466,  476,  452,  549,  920,  414,  534,  239,  615,  867,  499,  669,  521,  536,  600,  855,  731,  129,  788,  731,  714,  676,  783,  572,   57,  378,  534,  219,  408,  315,  628,  508,  192,  599,  862,  664,  601, 1109,  528,  370,  737,  204,  367,  467,  595,  573,  877,  938, 1091,  783,  766,  105,  308,  778,  806,  478,  610,  672,  760,  675,  409,  831,  728,  101,  827,  373],
        [   94,    0,  309,  238,  103,  416,  673,  214,  316,  653,  104,  343,  519,  559,  582,  380,  468,  336,  600,  363,  138,  575,  210,  320,  245,  361,  392,  265,  197,  391,    0,  129,  334,  330,  584,  507,  176,  713,  382,  202,  379,  420,  232,  200,  374,  405,  229,  381,  327,  449,  495,  169,  486,   71,  542,  338,  441,  204,  153,  410,  320,  335,  439,  203,  271,  557,  534,  402,  713,  503,   98,  120,  784,  393,  642,  511,  284,  557,  582,  518,  328,  516,  193,  323,  503,  514,  392,  640,  566,  588,  651,  553,  313,  223,  181,  536,  314,  619,   82,  418,  336,  162,  563,  406,  392,  154,  470,  498,  270,  359,  155,  186,  227,  497,  590,  511,  542,  413,  365,  326,  519,  229,  337,  237,  356,  178,  232,  255,  462,  494,  279,  236,  514,  553,  215,  720,  436,  384,  566,  213,  239,  278,  210,  187,  516,  568,  703,  648,  388,  293,  333,  399,  419,  322,  276,  529,  396,  544,  170,  448,  341,  385,  512,  321],
        [  222,    0,  312,  219,  218,  370,  556,  306,  430,  681,   40,  252,  391,  437,  562,  500,  463,  464,  552,  329,  266,  490,  332,  222,  357,  235,  505,  181,   79,  515,  129,    0,  313,  456,  610,  463,   71,  602,  292,   87,  501,  315,  155,  302,  245,  293,  169,  306,  198,  337,  522,  213,  538,   93,  671,  462,  396,   82,  156,  473,  247,  415,  561,  328,  183,  686,  407,  435,  601,  475,  149,  194,  665,  520,  626,  460,  334,  430,  523,  601,  421,  494,  322,  451,  632,  434,  291,  525,  439,  484,  531,  428,  440,   95,  181,  523,  436,  558,   89,  505,  349,   85,  489,  506,  380,  276,  523,  371,  245,  342,   56,   94,  168,  372,  554,  637,  544,  383,  313,  278,  434,  130,  460,  275,  413,  297,  254,  320,  509,  584,  407,  118,  451,  610,  125,  595,  438,  435,  600,  324,  340,  273,   82,  106,  391,  481,  589,  691,  298,  413,  448,  270,  292,  321,  255,  497,  325,  516,  252,  350,  240,  513,  474,  424],
        [  390,    0,  619,  529,  428,   99,  509,  544,  412,  392,  340,  190,  536,  442,  252,  489,  774,  545,  859,   41,  385,  308,  502,  208,  556,  434,  692,  482,  273,  655,  334,  313,    0,  496,  321,  772,  376,  512,  577,  379,  505,  266,  462,  300,  408,  543,  480,  604,  396,  314,  241,  186,  303,  272,  740,  485,  119,  282,  456,  279,  137,  288,  710,  403,  185,  747,  565,  183,  517,  169,  240,  243,  621,  638,  315,  766,  178,  584,  265,  427,  654,  806,  448,  521,  687,  247,  238,  467,  590,  377,  510,  473,  570,  320,  153,  211,  594,  302,  264,  367,  653,  230,  274,  411,  691,  458,  294,  530,  556,   30,  367,  402,  151,  558,  864,  748,  235,   81,   84,   70,  717,  428,  613,  563,  227,  482,  551,  589,  268,  438,  478,  393,  211,  376,  210,  601,  747,  716,  324,  528,  310,  581,  316,  214,  566,  309,  515,  420,  198,  580,  427,  422,  386,  629,   60,  809,  148,  827,  247,  259,  223,  605,  180,  362],
        [  247,    0,  539,  514,  285,  594,  959,  326,  102,  614,  433,  608,  846,  858,  673,   82,  674,   74,  855,  536,  193,  800,  207,  597,  259,  690,  298,  583,  511,  211,  330,  456,  496,    0,  566,  765,  505,  983,  697,  531,   64,  695,  550,  199,  699,  732,  537,  684,  654,  735,  499,  332,  422,  372,  245,   26,  613,  520,  441,  344,  564,  257,  261,  128,  545,  253,  863,  424,  985,  628,  336,  296, 1073,  174,  713,  779,  329,  886,  755,  348,  355,  742,  157,   49,  194,  736,  664,  920,  895,  848,  946,  863,  150,  547,  395,  623,  202,  791,  380,  265,  543,  458,  769,  204,  622,  234,  407,  826,  542,  504,  484,  512,  482,  826,  831,  263,  592,  565,  567,  532,  823,  555,  203,  443,  336,  233,  463,  403,  423,  300,   59,  565,  706,  453,  503, 1024,  637,  505,  529,  262,  187,  526,  534,  476,  846,  798,  978,  572,  643,  210,   98,  723,  733,  554,  462,  768,  622,  777,  260,  711,  620,  124,  654,  167],
        [  598,    0,  892,  812,  649,  340,  755,  760,  465,   72,  628,  501,  850,  723,  209,  512, 1051,  636, 1162,  331,  564,  505,  677,  525,  741,  754,  843,  788,  587,  772,  584,  610,  321,  566,    0, 1072,  679,  730,  891,  687,  537,  560,  764,  439,  728,  862,  777,  914,  717,  607,   90,  416,  146,  543,  774,  544,  331,  597,  731,  223,  452,  314,  824,  541,  506,  772,  880,  182,  738,  252,  490,  466,  854,  738,  201, 1069,  304,  897,  385,  282,  850, 1094,  607,  609,  718,  467,  538,  713,  903,  612,  771,  767,  696,  636,  430,  185,  738,  402,  539,  312,  920,  534,  450,  380,  972,  653,  160,  846,  842,  293,  666,  703,  466,  876, 1161,  822,  121,  294,  379,  386, 1033,  735,  749,  819,  247,  673,  816,  824,  144,  327,  582,  706,  394,  155,  526,  864, 1020,  953,   43,  721,  417,  859,  631,  524,  883,  514,  743,  111,  494,  733,  469,  741,  699,  905,  367, 1102,  431, 1120,  428,  539,  537,  688,  287,  400],
        [  542,    0,  227,  269,  492,  815,  808,  445,  793, 1143,  445,  659,  498,  687, 1016,  838,  148,  729,   94,  783,  599,  870,  561,  624,  524,  423,  603,  292,  503,  683,  507,  463,  772,  765, 1072,    0,  397,  882,  229,  394,  827,  676,  311,  701,  469,  315,  295,  181,  437,  666,  983,  662,  988,  532,  882,  783,  839,  495,  354,  915,  679,  841,  698,  663,  610,  903,  480,  894,  875,  926,  588,  623,  881,  718, 1081,   33,  783,  493,  944, 1022,  477,   90,  610,  733,  870,  830,  668,  799,  500,  813,  765,  639,  657,  462,  642,  981,  618,  975,  535,  921,  232,  543,  890,  899,  150,  533,  973,  472,  238,  801,  407,  371,  622,  428,   93,  803, 1005,  836,  756,  728,  177,  346,  636,  322,  859,  532,  303,  373,  962,  994,  706,  386,  871, 1057,  567,  776,  172,  335, 1059,  509,  740,  241,  462,  559,  449,  857,  858, 1147,  698,  595,  808,  480,  548,  212,  716,   57,  747,   78,  676,  719,  629,  747,  920,  816],
        [  261,    0,  266,  169,  243,  425,  556,  308,  488,  750,   74,  288,  352,  432,  622,  555,  409,  505,  485,  389,  312,  522,  358,  254,  372,  194,  516,  111,  113,  539,  176,   71,  376,  505,  679,  397,    0,  610,  222,   28,  554,  336,   87,  364,  216,  231,  107,  236,  165,  348,  591,  283,  608,  158,  707,  513,  450,  108,  131,  543,  294,  483,  581,  378,  225,  724,  364,  505,  607,  533,  217,  261,  660,  550,  687,  392,  404,  388,  569,  669,  419,  434,  361,  495,  672,  470,  317,  529,  397,  501,  526,  413,  470,   91,  250,  585,  459,  603,  157,  572,  306,  147,  528,  570,  325,  304,  594,  330,  191,  405,   21,   27,  227,  324,  489,  665,  609,  442,  366,  335,  364,   60,  483,  248,  483,  322,  222,  305,  579,  651,  452,   62,  496,  681,  174,  581,  387,  406,  670,  339,  403,  226,   84,  163,  344,  512,  594,  760,  333,  435,  506,  241,  278,  273,  319,  434,  369,  453,  318,  375,  268,  550,  530,  487],
