{
    "name": "random-3-12290",
    "comment": "size=3 seed=12290",
    "nodes": ["+0", "-0", "+1", "-1", "+2", "-2", "+3", "-3"],
    "precedence": {
        "+0": "-0",
        "+1": "-1",
        "+2": "-2",
        "+3": "-3"
    },
    "edges": [
        [    0,    0,  775,  766,  504,  662,  524,  271],
        [    0,    0,  775,  766,  504,  662,  524,  271],
        [  775,  775,    0,  105,  396,  906,  280,  648],
        [  766,  766,  105,    0,  332,  824,  318,  674],
        [  504,  504,  396,  332,    0,  523,  332,  525],
        [  662,  662,  906,  824,  523,    0,  835,  863],
        [  524,  524,  280,  318,  332,  835,    0,  369],
        [  271,  271,  648,  674,  525,  863,  369,    0]
    ]
}
