{
    "name": "random-11-22662",
    "comment": "size=11 seed=22662",
    "nodes": ["+0", "-0", "+1", "-1", "+2", "-2", "+3", "-3", "+4", "-4", "+5", "-5", "+6", "-6", "+7", "-7", "+8", "-8", "+9", "-9", "+10", "-10", "+11", "-11"],
    "precedence": {
        "+0": "-0",
        "+1": "-1",
        "+2": "-2",
        "+3": "-3",
        "+4": "-4",
        "+5": "-5",
        "+6": "-6",
        "+7": "-7",
        "+8": "-8",
        "+9": "-9",
        "+10": "-10",
        "+11": "-11"
    },
    "edges": [
        [    0,    0,  234,  193,  215,  727,  605,  747,  759,  736,  183,  636,  265,  637,  708,   53,  550,  397,  598,  768,   22,  664,  564,  595],
        [    0,    0,  234,  193,  215,  727,  605,  747,  759,  736,  183,  636,  265,  637,  708,   53,  550,  397,  598,  768,   22,  664,  564,  595],
        [  234,  234,    0,  139,  325,  494,  588,  515,  655,  519,  115,  510,  182,  561,  573,  252,  464,  185,  366,  641,  213,  506,  341,  367],
        [  193,  193,  139,    0,  368,  580,  698,  597,  788,  556,  202,  450,   76,  687,  520,  180,  591,  227,  470,  582,  180,  472,  395,  432],
        [  215,  215,  325,  368,    0,  772,  406,  797,  602,  837,  212,  814,  443,  469,  882,  266,  396,  509,  629,  946,  212,  824,  655,  674],
        [  727,  727,  494,  580,  772,    0,  826,   28,  706,  215,  577,  547,  555,  706,  552,  741,  637,  358,  146,  609,  707,  458,  208,  163],
        [  605,  605,  588,  698,  406,  826,    0,  853,  275,  976,  496, 1089,  762,  156, 1145,  658,  190,  728,  692, 1214,  595, 1065,  809,  805],
        [  747,  747,  515,  597,  797,   28,  853,    0,  732,  200,  600,  542,  569,  733,  544,  760,  664,  372,  172,  599,  727,  451,  217,  173],
        [  759,  759,  655,  788,  602,  706,  275,  732,    0,  895,  601, 1097,  836,  138, 1140,  808,  210,  736,  600, 1208,  743, 1049,  759,  740],
        [  736,  736,  519,  556,  837,  215,  976,  200,  895,    0,  626,  366,  506,  875,  355,  735,  794,  340,  296,  404,  718,  267,  183,  173],
        [  183,  183,  115,  202,  212,  577,  496,  600,  601,  626,    0,  621,  268,  492,  685,  222,  397,  298,  439,  752,  162,  620,  445,  466],
        [  636,  636,  510,  450,  814,  547, 1089,  542, 1097,  366,  621,    0,  374, 1034,   75,  609,  939,  366,  548,  133,  627,  102,  369,  407],
        [  265,  265,  182,   76,  443,  555,  762,  569,  836,  506,  268,  374,    0,  742,  445,  245,  645,  199,  460,  507,  254,  401,  358,  399],
        [  637,  637,  561,  687,  469,  706,  156,  733,  138,  875,  492, 1034,  742,    0, 1083,  688,   98,  668,  582, 1153,  622,  997,  721,  709],
        [  708,  708,  573,  520,  882,  552, 1145,  544, 1140,  355,  685,   75,  445, 1083,    0,  682,  990,  418,  572,   70,  699,   97,  394,  427],
        [   53,   53,  252,  180,  266,  741,  658,  760,  808,  735,  222,  609,  245,  688,  682,    0,  600,  400,  618,  739,   67,  644,  568,  602],
        [  550,  550,  464,  591,  396,  637,  190,  664,  210,  794,  397,  939,  645,   98,  990,  600,    0,  574,  505, 1059,  534,  905,  634,  626],
        [  397,  397,  185,  227,  509,  358,  728,  372,  736,  340,  298,  366,  199,  668,  418,  400,  574,    0,  266,  487,  379,  339,  169,  205],
        [  598,  598,  366,  470,  629,  146,  692,  172,  600,  296,  439,  548,  460,  582,  572,  618,  505,  266,    0,  637,  578,  476,  179,  147],
        [  768,  768,  641,  582,  946,  609, 1214,  599, 1208,  404,  752,  133,  507, 1153,   70,  739, 1059,  487,  637,    0,  759,  162,  459,  491],
        [   22,   22,  213,  180,  212,  707,  595,  727,  743,  718,  162,  627,  254,  622,  699,   67,  534,  379,  578,  759,    0,  652,  545,  576],
        [  664,  664,  506,  472,  824,  458, 1065,  451, 1049,  267,  620,  102,  401,  997,   97,  644,  905,  339,  476,  162,  652,    0,  298,  331],
        [  564,  564,  341,  395,  655,  208,  809,  217,  759,  183,  445,  369,  358,  721,  394,  568,  634,  169,  179,  459,  545,  298,    0,   45],
        [  595,  595,  367,  432,  674,  163,  805,  173,  740,  173,  466,  407,  399,  709,  427,  602,  626,  205,  147,  491,  576,  331,   45,    0]
    ]
}
