{
    "name": "random-41-24460",
    "comment": "size=41 seed=24460",
    "nodes": ["+0", "-0", "+1", "-1", "+2", "-2", "+3", "-3", "+4", "-4", "+5", "-5", "+6", "-6", "+7", "-7", "+8", "-8", "+9", "-9", "+10", "-10", "+11", "-11", "+12", "-12", "+13", "-13", "+14", "-14", "+15", "-15", "+16", "-16", "+17", "-17", "+18", "-18", "+19", "-19", "+20", "-20", "+21", "-21", "+22", "-22", "+23", "-23", "+24", "-24", "+25", "-25", "+26", "-26", "+27", "-27", "+28", "-28", "+29", "-29", "+30", "-30", "+31", "-31", "+32", "-32", "+33", "-33", "+34", "-34", "+35", "-35", "+36", "-36", "+37", "-37", "+38", "-38", "+39", "-39", "+40", "-40", "+41", "-41"],
    "precedence": {
        "+0": "-0",
        "+1": "-1",
        "+2": "-2",
        "+3": "-3",
        "+4": "-4",
        "+5": "-5",
        "+6": "-6",
        "+7": "-7",
        "+8": "-8",
        "+9": "-9",
        "+10": "-10",
        "+11": "-11",
        "+12": "-12",
        "+13": "-13",
        "+14": "-14",
        "+15": "-15",
        "+16": "-16",
        "+17": "-17",
        "+18": "-18",
        "+19": "-19",
        "+20": "-20",
        "+21": "-21",
        "+22": "-22",
        "+23": "-23",
        "+24": "-24",
        "+25": "-25",
        "+26": "-26",
        "+27": "-27",
        "+28": "-28",
        "+29": "-29",
        "+30": "-30",
        "+31": "-31",
        "+32": "-32",
        "+33": "-33",
        "+34": "-34",
        "+35": "-35",
        "+36": "-36",
        "+37": "-37",
        "+38": "-38",
        "+39": "-39",
        "+40": "-40",
        "+41": "-41"
    },
    "edges": [
        [    0,    0,  600,  306,  537,  420,  496,  728,  566,  641,  707,  696,  656,  658,  276,  852,  262,  222,  509,  176,  759,  241,  888,  327,  531,  288,  689,  688,  713,   62,  770,  359,  265,  855,  507,  107,  760,  629,  938,  809,  456,  494,  267,   99,  680,  435,  602,  621,  679,  747,  673,  316,  751,  726,  645,  193,  186,  845,  278,  473,  850,  532,  408,  584,  249,  873,  712,  141,  200,  236,  537,  120,  572,  713,  639,  522,  556,  488,  776,  914,  278,  823,  291,  481],
        [    0,    0,  600,  306,  537,  420,  496,  728,  566,  641,  707,  696,  656,  658,  276,  852,  262,  222,  509,  176,  759,  241,  888,  327,  531,  288,  689,  688,  713,   62,  770,  359,  265,  855,  507,  107,  760,  629,  938,  809,  456,  494,  267,   99,  680,  435,  602,  621,  679,  747,  673,  316,  751,  726,  645,  193,  186,  845,  278,  473,  850,  532,  408,  584,  249,  873,  712,  141,  200,  236,  537,  120,  572,  713,  639,  522,  556,  488,  776,  914,  278,  823,  291,  481],
        [  600,  600,    0,  554,   69,  205,  719,  543,  546,  146,  121,  459,  233,  448,  609,  552,  344,  820,   92,  776,  348,  365,  595,  367,  294,  346,  527,  756,  194,  633,  216,  523,  352,  850,  650,  611,  576,   88,  562,  542,  317,  480,  356,  695,  297,  208,  166,  251,  628,  290,  313,  286,  232,  536,  201,  732,  611,  259,  346,  688,  895,  760,  389,  238,  352,  471,  234,  718,  436,  376,  164,  501,  460,  337,  764,   80,  116,  700,  177,  510,  323,  726,  311,  231],
        [  306,  306,  554,    0,  486,  352,  216,  451,  271,  656,  674,  441,  493,  402,   70,  593,  278,  421,  475,  399,  560,  267,  624,  188,  637,  408,  411,  384,  580,  273,  764,   64,  250,  550,  205,  406,  478,  537,  696,  545,  271,  215,  385,  333,  756,  488,  637,  447,  379,  572,  474,  324,  767,  450,  497,  270,  142,  810,  389,  187,  549,  259,  574,  656,  299,  649,  557,  307,  379,  351,  419,  341,  304,  509,  342,  482,  460,  203,  704,  686,  328,  522,  308,  559],
        [  537,  537,   69,  486,    0,  136,  655,  509,  493,  190,  189,  428,  221,  412,  541,  537,  279,  756,   36,  712,  345,  300,  580,  299,  294,  296,  489,  703,  213,  568,  280,  457,  285,  806,  589,  554,  544,  105,  561,  520,  257,  422,  303,  631,  331,  174,  194,  226,  582,  295,  293,  222,  290,  502,  191,  665,  543,  327,  293,  624,  847,  697,  365,  255,  289,  472,  241,  652,  381,  318,  117,  442,  412,  323,  707,   23,   78,  637,  240,  514,  262,  688,  247,  219],
        [  420,  420,  205,  352,  136,    0,  532,  461,  400,  308,  324,  391,  254,  365,  406,  528,  160,  633,  124,  591,  373,  180,  570,  164,  343,  230,  433,  605,  295,  444,  413,  328,  157,  726,  473,  453,  498,  211,  580,  499,  159,  320,  226,  509,  426,  185,  296,  231,  502,  344,  297,  114,  416,  455,  235,  533,  408,  463,  219,  500,  758,  574,  356,  333,  178,  499,  300,  525,  295,  227,  122,  340,  333,  336,  599,  131,  137,  513,  369,  542,  162,  625,  135,  257],
        [  496,  496,  719,  216,  655,  532,    0,  423,  244,  839,  836,  455,  598,  423,  222,  580,  489,  543,  653,  538,  623,  480,  597,  377,  844,  623,  390,  216,  696,  449,  934,  209,  459,  386,   88,  602,  437,  682,  696,  528,  405,  260,  600,  493,  953,  689,  826,  550,  295,  657,  551,  529,  945,  427,  612,  387,  311,  964,  604,   32,  364,   44,  789,  855,  512,  677,  659,  448,  594,  566,  564,  551,  331,  576,  153,  657,  611,   20,  845,  705,  539,  411,  516,  762],
        [  728,  728,  543,  451,  509,  461,  423,    0,  190,  688,  628,   87,  323,   98,  514,  157,  550,  871,  530,  848,  267,  558,  178,  422,  793,  673,   40,  302,  413,  712,  730,  387,  523,  326,  338,  809,   37,  466,  274,  106,  315,  238,  661,  777,  838,  642,  702,  294,  147,  327,  242,  544,  763,    9,  353,  719,  591,  717,  657,  410,  386,  441,  816,  763,  579,  269,  360,  756,  705,  645,  393,  711,  157,  239,  352,  525,  434,  409,  586,  289,  584,  186,  551,  709],
        [  566,  566,  546,  271,  493,  400,  244,  190,    0,  683,  654,  211,  378,  179,  330,  344,  435,  690,  502,  670,  384,  437,  367,  298,  741,  571,  153,  210,  479,  541,  756,  210,  404,  331,  157,  657,  212,  489,  457,  293,  242,   86,  553,  603,  819,  582,  683,  334,  117,  424,  319,  448,  778,  192,  398,  535,  412,  769,  553,  226,  359,  270,  730,  731,  464,  433,  435,  577,  581,  529,  383,  570,   96,  339,  224,  502,  431,  228,  642,  462,  478,  260,  447,  655],
        [  641,  641,  146,  656,  190,  308,  839,  688,  683,    0,  116,  604,  376,  593,  704,  694,  408,  862,  187,  815,  485,  428,  736,  469,  199,  358,  672,  893,  321,  684,  131,  636,  426,  993,  776,  627,  722,  228,  695,  685,  446,  612,  376,  739,  154,  206,   50,  396,  770,  423,  457,  350,  114,  681,  344,  797,  690,  221,  365,  807, 1036,  881,  334,  123,  406,  603,  368,  771,  452,  405,  304,  528,  601,  478,  896,  184,  258,  820,  222,  640,  372,  870,  373,  179],
        [  707,  707,  121,  674,  189,  324,  836,  628,  654,  116,    0,  542,  306,  538,  729,  612,  457,  928,  206,  883,  400,  477,  653,  487,  314,  437,  618,  862,  230,  744,  104,  643,  467,  945,  765,  707,  659,  167,  600,  610,  432,  592,  452,  804,  255,  287,  163,  337,  727,  334,  388,  397,  137,  620,  276,  847,  729,  141,  441,  806,  994,  876,  441,  239,  461,  508,  283,  829,  531,  476,  274,  602,  564,  402,  874,  196,  227,  817,  106,  543,  430,  813,  423,  281],
        [  696,  696,  459,  441,  428,  391,  455,   87,  211,  604,  542,    0,  237,   39,  508,  157,  495,  856,  450,  828,  190,  506,  194,  376,  715,  611,   85,  368,  328,  686,  644,  377,  471,  410,  367,  770,  118,  380,  256,  115,  257,  228,  601,  754,  754,  568,  619,  209,  213,  245,  156,  482,  677,   79,  267,  709,  576,  632,  596,  436,  467,  479,  747,  682,  524,  223,  276,  739,  652,  589,  313,  666,  138,  156,  409,  444,  351,  438,  501,  253,  526,  272,  493,  632],
        [  656,  656,  233,  493,  221,  254,  598,  323,  378,  376,  306,  237,    0,  236,  561,  320,  406,  856,  252,  819,  126,  423,  363,  342,  514,  480,  315,  577,  101,  669,  408,  442,  394,  644,  516,  702,  354,  148,  342,  310,  224,  338,  478,  737,  529,  389,  398,   48,  432,   91,   83,  366,  442,  315,   32,  733,  598,  399,  470,  571,  697,  633,  579,  468,  428,  254,   64,  741,  548,  480,  133,  589,  283,  104,  601,  242,  147,  579,  269,  296,  414,  508,  387,  439],
        [  658,  658,  448,  402,  412,  365,  423,   98,  179,  593,  538,   39,  236,    0,  470,  195,  463,  818,  433,  790,  210,  472,  231,  341,  695,  581,   80,  351,  332,  648,  641,  339,  437,  408,  335,  734,  134,  374,  294,  151,  225,  190,  570,  716,  741,  545,  605,  202,  199,  258,  160,  452,  671,   91,  264,  671,  538,  635,  566,  403,  461,  449,  720,  666,  492,  257,  282,  701,  619,  557,  296,  631,  101,  169,  387,  428,  337,  406,  504,  289,  494,  278,  461,  611],
        [  276,  276,  609,   70,  541,  406,  222,  514,  330,  704,  729,  508,  561,  470,    0,  659,  310,  361,  528,  344,  629,  296,  688,  244,  669,  429,  475,  416,  646,  233,  817,  131,  285,  586,  237,  381,  540,  598,  763,  610,  338,  281,  405,  285,  795,  526,  681,  515,  431,  641,  543,  362,  816,  514,  563,  206,   93,  867,  411,  198,  576,  259,  592,  695,  326,  718,  624,  250,  385,  369,  481,  334,  370,  579,  364,  536,  520,  213,  764,  754,  358,  571,  343,  594],
        [  852,  852,  552,  593,  537,  528,  580,  157,  344,  694,  612,  157,  320,  195,  659,    0,  646, 1011,  565,  985,  213,  658,   44,  532,  831,  755,  192,  445,  383,  843,  708,  530,  623,  424,  494,  925,  149,  466,  120,   52,  408,  379,  746,  910,  848,  694,  717,  313,  297,  280,  244,  627,  749,  154,  352,  863,  731,  674,  741,  566,  494,  596,  880,  788,  674,  144,  330,  895,  802,  737,  431,  820,  290,  216,  502,  557,  460,  565,  546,  148,  673,  274,  640,  752],
        [  262,  262,  344,  278,  279,  160,  489,  550,  435,  408,  457,  495,  406,  463,  310,  646,    0,  478,  253,  435,  518,   22,  686,  137,  360,  139,  515,  616,  454,  290,  531,  285,   32,  763,  454,  297,  585,  368,  714,  610,  239,  350,  119,  353,  486,  217,  379,  376,  550,  497,  436,   60,  521,  545,  391,  392,  283,  597,  120,  458,  780,  532,  304,  386,   30,  640,  457,  374,  157,   96,  279,  184,  400,  476,  592,  265,  296,  473,  518,  682,   50,  688,   36,  284],
        [  222,  222,  820,  421,  756,  633,  543,  871,  690,  862,  928,  856,  856,  818,  361, 1011,  478,    0,  729,   49,  949,  457, 1043,  515,  743,  507,  832,  757,  921,  190,  991,  484,  476,  927,  587,  260,  899,  843, 1109,  964,  642,  635,  487,  125,  894,  656,  823,  817,  791,  945,  861,  535,  972,  871,  849,  159,  281, 1067,  498,  530,  905,  566,  610,  801,  469, 1053,  915,  118,  415,  457,  744,  336,  722,  900,  695,  741,  769,  542,  995, 1092,  499,  929,  510,  700],
        [  509,  509,   92,  475,   36,  124,  653,  530,  502,  187,  206,  450,  252,  433,  528,  565,  253,  729,    0,  685,  377,  274,  608,  288,  266,  262,  508,  711,  248,  542,  290,  451,  262,  820,  590,  522,  565,  141,  593,  546,  262,  428,  270,  604,  317,  139,  182,  253,  595,  329,  322,  195,  293,  523,  224,  643,  524,  346,  259,  622,  859,  695,  330,  235,  261,  505,  275,  627,  348,  286,  138,  411,  425,  353,  712,   14,  107,  634,  268,  547,  232,  706,  220,  188],
        [  176,  176,  776,  399,  712,  591,  538,  848,  670,  815,  883,  828,  819,  790,  344,  985,  435,   49,  685,    0,  914,  414, 1017,  479,  694,  460,  808,  749,  881,  150,  945,  462,  435,  920,  575,  212,  876,  801, 1079,  938,  607,  610,  440,   82,  846,  609,  776,  780,  774,  908,  827,  491,  924,  847,  810,  152,  258, 1021,  451,  523,  901,  564,  562,  753,  424, 1021,  876,   94,  367,  410,  704,  288,  696,  866,  690,  697,  727,  536,  951, 1061,  454,  915,  466,  652],
        [  759,  759,  348,  560,  345,  373,  623,  267,  384,  485,  400,  190,  126,  210,  629,  213,  518,  949,  377,  914,    0,  534,  253,  436,  636,  602,  275,  557,  170,  765,  495,  501,  503,  591,  537,  813,  289,  261,  217,  218,  307,  371,  599,  834,  639,  514,  513,  143,  403,   67,   88,  484,  536,  260,  154,  816,  679,  464,  591,  601,  653,  653,  704,  586,  543,  129,  118,  832,  665,  598,  256,  701,  293,   51,  596,  366,  272,  606,  335,  172,  532,  445,  502,  563],
        [  241,  241,  365,  267,  300,  180,  480,  558,  437,  428,  477,  506,  423,  472,  296,  658,   22,  457,  274,  414,  534,    0,  698,  140,  374,  144,  523,  614,  474,  269,  551,  278,   36,  763,  448,  279,  593,  388,  729,  620,  250,  352,  122,  333,  502,  234,  398,  392,  553,  514,  451,   81,  541,  554,  409,  372,  264,  617,  124,  450,  778,  523,  310,  402,   32,  655,  476,  353,  148,   94,  298,  167,  406,  491,  588,  286,  316,  465,  539,  698,   63,  692,   56,  300],
        [  888,  888,  595,  624,  580,  570,  597,  178,  367,  736,  653,  194,  363,  231,  688,   44,  686, 1043,  608, 1017,  253,  698,    0,  570,  874,  797,  216,  449,  423,  878,  747,  560,  663,  412,  513,  963,  161,  508,  121,   80,  448,  409,  788,  944,  890,  737,  760,  356,  308,  319,  287,  669,  789,  176,  394,  893,  763,  711,  783,  585,  484,  611,  922,  831,  715,  170,  371,  927,  842,  778,  474,  859,  322,  259,  509,  600,  503,  584,  584,  163,  714,  263,  681,  795],
        [  327,  327,  367,  188,  299,  164,  377,  422,  298,  469,  487,  376,  342,  341,  244,  532,  137,  515,  288,  479,  436,  140,  570,    0,  470,  274,  386,  483,  415,  330,  576,  170,  106,  627,  329,  394,  457,  357,  612,  491,  130,  213,  256,  399,  576,  313,  452,  302,  413,  430,  348,  158,  579,  418,  337,  393,  260,  624,  255,  345,  646,  420,  436,  479,  166,  547,  403,  400,  287,  232,  243,  291,  268,  388,  464,  294,  279,  360,  522,  588,  182,  552,  152,  387],
        [  531,  531,  294,  637,  294,  343,  844,  793,  741,  199,  314,  715,  514,  695,  669,  831,  360,  743,  266,  694,  636,  374,  874,  470,    0,  250,  768,  943,  487,  584,  312,  636,  388, 1068,  798,  489,  828,  380,  852,  812,  501,  659,  274,  627,  154,  160,  151,  519,  844,  582,  587,  316,  270,  786,  484,  711,  629,  411,  266,  812, 1100,  887,  150,   80,  344,  761,  526,  670,  332,  311,  404,  412,  675,  617,  932,  274,  371,  827,  419,  802,  312,  964,  330,   87],
        [  288,  288,  346,  408,  296,  230,  623,  673,  571,  358,  437,  611,  480,  581,  429,  755,  139,  507,  262,  460,  602,  144,  797,  274,  250,    0,  641,  755,  502,  338,  488,  421,  171,  900,  591,  271,  709,  400,  810,  723,  359,  486,   25,  386,  395,  153,  317,  460,  685,  567,  527,  130,  465,  668,  458,  462,  381,  571,   20,  592,  918,  665,  167,  297,  113,  728,  519,  424,   95,   62,  347,  172,  529,  565,  730,  275,  344,  607,  521,  771,   93,  820,  125,  194],
        [  689,  689,  527,  411,  489,  433,  390,   40,  153,  672,  618,   85,  315,   80,  475,  192,  515,  832,  508,  808,  275,  523,  216,  386,  768,  641,    0,  285,  409,  673,  720,  348,  488,  329,  304,  772,   72,  453,  307,  141,  283,  199,  628,  738,  819,  616,  683,  281,  129,  330,  237,  511,  751,   40,  343,  680,  552,  713,  624,  375,  384,  410,  786,  742,  544,  293,  358,  717,  670,  611,  373,  674,  119,  240,  329,  504,  415,  375,  582,  317,  551,  199,  518,  684],
        [  688,  688,  756,  384,  703,  605,  216,  302,  210,  893,  862,  368,  577,  351,  416,  445,  616,  757,  711,  749,  557,  614,  449,  483,  943,  755,  285,    0,  676,  648,  965,  344,  585,  172,  181,  789,  298,  697,  563,  398,  450,  285,  735,  698, 1027,  784,  892,  535,  157,  608,  508,  639,  987,  309,  600,  599,  508,  973,  736,  227,  166,  205,  919,  937,  643,  570,  629,  658,  748,  706,  593,  721,  299,  519,   72,  711,  640,  215,  844,  588,  664,  214,  634,  858],
        [  713,  713,  194,  580,  213,  295,  696,  413,  479,  321,  230,  328,  101,  332,  646,  383,  454,  921,  248,  881,  170,  474,  423,  415,  487,  502,  409,  676,    0,  732,  326,  532,  449,  737,  615,  746,  441,  110,  375,  383,  310,  437,  506,  800,  474,  386,  353,  147,  529,  105,  173,  406,  367,  405,   85,  808,  675,  305,  497,  669,  792,  732,  575,  429,  472,  283,   54,  809,  581,  515,  178,  633,  383,  177,  701,  235,  161,  677,  173,  320,  452,  597,  429,  422],
        [   62,   62,  633,  273,  568,  444,  449,  712,  541,  684,  744,  686,  669,  648,  233,  843,  290,  190,  542,  150,  765,  269,  878,  330,  584,  338,  673,  648,  732,    0,  811,  331,  287,  818,  468,  163,  742,  654,  934,  798,  459,  475,  315,   70,  732,  480,  648,  630,  651,  758,  678,  348,  795,  710,  660,  132,  140,  883,  326,  428,  808,  483,  467,  634,  283,  874,  727,   88,  254,  281,  555,  176,  557,  717,  596,  554,  579,  443,  807,  914,  315,  794,  322,  531],
        [  770,  770,  216,  764,  280,  413,  934,  730,  756,  131,  104,  644,  408,  641,  817,  708,  531,  991,  290,  945,  495,  551,  747,  576,  312,  488,  720,  965,  326,  811,    0,  737,  545, 1048,  865,  757,  761,  270,  686,  709,  532,  693,  506,  868,  205,  336,  176,  440,  830,  429,  489,  471,   55,  722,  378,  922,  809,  101,  495,  903, 1097,  975,  456,  232,  531,  596,  380,  898,  582,  535,  375,  658,  667,  501,  976,  283,  328,  915,  170,  628,  498,  915,  496,  308],
        [  359,  359,  523,   64,  457,  328,  209,  387,  210,  636,  643,  377,  442,  339,  131,  530,  285,  484,  451,  462,  501,  278,  560,  170,  636,  421,  348,  344,  532,  331,  737,    0,  254,  505,  171,  454,  415,  498,  632,  481,  224,  151,  399,  393,  745,  481,  621,  395,  321,  517,  417,  321,  744,  387,  448,  333,  204,  776,  402,  177,  510,  252,  588,  648,  309,  587,  506,  369,  406,  368,  379,  378,  240,  451,  311,  457,  423,  191,  665,  623,  334,  465,  309,  554],
        [  265,  265,  352,  250,  285,  157,  459,  523,  404,  426,  467,  471,  394,  437,  285,  623,   32,  476,  262,  435,  503,   36,  663,  106,  388,  171,  488,  585,  449,  287,  545,  254,    0,  731,  422,  311,  558,  368,  695,  586,  215,  319,  151,  353,  510,  241,  399,  362,  519,  485,  419,   78,  538,  519,  381,  381,  265,  607,  152,  428,  749,  502,  336,  410,   60,  622,  448,  369,  183,  126,  272,  200,  371,  459,  561,  273,  293,  443,  523,  665,   81,  658,   59,  310],
        [  855,  855,  850,  550,  806,  726,  386,  326,  331,  993,  945,  410,  644,  408,  586,  424,  763,  927,  820,  920,  591,  763,  412,  627, 1068,  900,  329,  172,  737,  818, 1048,  505,  731,    0,  350,  955,  303,  780,  532,  390,  568,  416,  882,  869, 1136,  911, 1000,  609,  226,  652,  565,  778, 1077,  334,  671,  770,  678, 1041,  882,  398,   75,  369, 1060, 1053,  791,  566,  685,  829,  903,  856,  690,  882,  396,  564,  235,  818,  736,  386,  910,  571,  808,  151,  777,  982],
        [  507,  507,  650,  205,  589,  473,   88,  338,  157,  776,  765,  367,  516,  335,  237,  494,  454,  587,  590,  575,  537,  448,  513,  329,  798,  591,  304,  181,  615,  468,  865,  171,  422,  350,    0,  609,  353,  607,  610,  443,  334,  179,  570,  521,  898,  641,  768,  469,  217,  571,  465,  485,  879,  341,  531,  428,  329,  890,  572,   73,  345,  118,  758,  803,  479,  589,  576,  483,  576,  539,  492,  544,  244,  489,  140,  593,  539,   72,  768,  617,  503,  346,  476,  715],
        [  107,  107,  611,  406,  554,  453,  602,  809,  657,  627,  707,  770,  702,  734,  381,  925,  297,  260,  522,  212,  813,  279,  963,  394,  489,  271,  772,  789,  746,  163,  757,  454,  311,  955,  609,    0,  843,  653, 1003,  884,  520,  580,  256,  164,  642,  423,  584,  671,  772,  793,  729,  341,  731,  807,  687,  285,  292,  841,  267,  578,  953,  638,  351,  552,  276,  932,  753,  221,  177,  236,  575,  114,  653,  769,  743,  535,  586,  593,  787,  975,  295,  916,  318,  455],
        [  760,  760,  576,  478,  544,  498,  437,   37,  212,  722,  659,  118,  354,  134,  540,  149,  585,  899,  565,  876,  289,  593,  161,  457,  828,  709,   72,  298,  441,  742,  761,  415,  558,  303,  353,  843,    0,  498,  268,  100,  351,  268,  697,  807,  872,  679,  736,  327,  149,  351,  272,  580,  795,   43,  384,  745,  619,  745,  693,  426,  367,  451,  852,  798,  615,  275,  388,  784,  740,  681,  428,  746,  190,  265,  354,  560,  468,  423,  613,  290,  620,  157,  587,  744],
        [  629,  629,   88,  537,  105,  211,  682,  466,  489,  228,  167,  380,  148,  374,  598,  466,  368,  843,  141,  801,  261,  388,  508,  357,  380,  400,  453,  697,  110,  654,  270,  498,  368,  780,  607,  653,  498,    0,  475,  457,  278,  431,  405,  720,  382,  277,  253,  173,  561,  203,  230,  314,  298,  458,  116,  741,  613,  283,  395,  652,  828,  721,  465,  326,  382,  383,  147,  735,  483,  418,  120,  540,  399,  251,  711,  127,   79,  663,  167,  423,  358,  650,  339,  313],
        [  938,  938,  562,  696,  561,  580,  696,  274,  457,  695,  600,  256,  342,  294,  763,  120,  714, 1109,  593, 1079,  217,  729,  121,  612,  852,  810,  307,  563,  375,  934,  686,  632,  695,  532,  610, 1003,  268,  475,    0,  170,  484,  483,  805, 1002,  848,  730,  725,  351,  416,  273,  284,  688,  733,  270,  371,  964,  830,  637,  798,  682,  604,  715,  920,  800,  741,   93,  329,  991,  867,  800,  469,  895,  394,  246,  621,  583,  488,  682,  518,   60,  735,  383,  703,  779],
        [  809,  809,  542,  545,  520,  499,  528,  106,  293,  685,  610,  115,  310,  151,  610,   52,  610,  964,  546,  938,  218,  620,   80,  491,  812,  723,  141,  398,  383,  798,  709,  481,  586,  390,  443,  884,  100,  457,  170,    0,  371,  330,  714,  864,  838,  671,  706,  295,  248,  284,  230,  595,  747,  102,  342,  814,  683,  682,  709,  515,  458,  546,  854,  774,  638,  178,  330,  847,  766,  702,  410,  781,  243,  209,  453,  539,  443,  514,  552,  190,  639,  239,  606,  732],
        [  456,  456,  317,  271,  257,  159,  405,  315,  242,  446,  432,  257,  224,  225,  338,  408,  239,  642,  262,  607,  307,  250,  448,  130,  501,  359,  283,  450,  310,  459,  532,  224,  215,  568,  334,  520,  351,  278,  484,  371,    0,  166,  346,  528,  577,  343,  443,  180,  344,  307,  220,  229,  546,  310,  226,  512,  376,  560,  343,  375,  601,  445,  505,  489,  268,  417,  287,  525,  395,  333,  160,  413,  176,  259,  450,  263,  206,  386,  444,  458,  270,  469,  237,  415],
        [  494,  494,  480,  215,  422,  320,  260,  238,   86,  612,  592,  228,  338,  190,  281,  379,  350,  635,  428,  610,  371,  352,  409,  213,  659,  486,  199,  285,  437,  475,  693,  151,  319,  416,  179,  580,  268,  431,  483,  330,  166,    0,  468,  539,  743,  500,  609,  291,  201,  399,  293,  363,  710,  237,  353,  484,  354,  713,  468,  234,  441,  296,  645,  652,  379,  443,  399,  519,  497,  445,  318,  490,   90,  321,  285,  429,  366,  242,  590,  478,  393,  341,  362,  574],
        [  267,  267,  356,  385,  303,  226,  600,  661,  553,  376,  452,  601,  478,  570,  405,  746,  119,  487,  270,  440,  599,  122,  788,  256,  274,   25,  628,  735,  506,  315,  506,  399,  151,  882,  570,  256,  697,  405,  805,  714,  346,  468,    0,  365,  418,  170,  336,  457,  668,  567,  522,  120,  485,  656,  457,  438,  356,  587,   12,  569,  899,  642,  190,  320,   92,  725,  520,  402,   80,   38,  345,  153,  514,  561,  709,  283,  346,  585,  532,  768,   77,  805,  110,  216],
        [   99,   99,  695,  333,  631,  509,  493,  777,  603,  739,  804,  754,  737,  716,  285,  910,  353,  125,  604,   82,  834,  333,  944,  399,  627,  386,  738,  698,  800,   70,  868,  393,  353,  869,  521,  164,  807,  720, 1002,  864,  528,  539,  365,    0,  777,  533,  701,  699,  711,  827,  747,  410,  849,  776,  729,  129,  194,  943,  376,  474,  855,  523,  500,  682,  344,  942,  795,   59,  297,  334,  623,  216,  623,  786,  643,  616,  646,  488,  870,  983,  374,  853,  385,  580],
        [  680,  680,  297,  756,  331,  426,  953,  838,  819,  154,  255,  754,  529,  741,  795,  848,  486,  894,  317,  846,  639,  502,  890,  576,  154,  395,  819, 1027,  474,  732,  205,  745,  510, 1136,  898,  642,  872,  382,  848,  838,  577,  743,  418,  777,    0,  270,  137,  547,  911,  577,  609,  434,  153,  830,  497,  855,  764,  304,  408,  921, 1175,  996,  301,  101,  475,  756,  522,  818,  481,  453,  448,  561,  741,  632, 1024,  319,  405,  935,  356,  793,  441, 1018,  453,  204],
        [  435,  435,  208,  488,  174,  185,  689,  642,  582,  206,  287,  568,  389,  545,  526,  694,  217,  656,  139,  609,  514,  234,  737,  313,  160,  153,  616,  784,  386,  480,  336,  481,  241,  911,  641,  423,  679,  277,  730,  671,  343,  500,  170,  533,  270,    0,  169,  383,  687,  467,  453,  165,  316,  636,  361,  597,  498,  418,  159,  658,  941,  733,  191,  170,  208,  642,  414,  567,  247,  200,  264,  323,  518,  487,  773,  152,  243,  672,  375,  684,  174,  809,  183,   74],
        [  602,  602,  166,  637,  194,  296,  826,  702,  683,   50,  163,  619,  398,  605,  681,  717,  379,  823,  182,  776,  513,  398,  760,  452,  151,  317,  683,  892,  353,  648,  176,  621,  399, 1000,  768,  584,  736,  253,  725,  706,  443,  609,  336,  701,  137,  169,    0,  413,  775,  453,  477,  322,  149,  694,  366,  764,  661,  269,  325,  795, 1039,  869,  284,   79,  374,  634,  397,  735,  410,  367,  311,  488,  605,  502,  892,  182,  269,  808,  268,  672,  340,  882,  344,  132],
        [  621,  621,  251,  447,  226,  231,  550,  294,  334,  396,  337,  209,   48,  202,  515,  313,  376,  817,  253,  780,  143,  392,  356,  302,  519,  460,  281,  535,  147,  630,  440,  395,  362,  609,  469,  671,  327,  173,  351,  295,  180,  291,  457,  699,  547,  383,  413,    0,  393,  129,   70,  341,  470,  286,   66,  691,  555,  439,  449,  524,  659,  586,  571,  479,  400,  269,  111,  701,  523,  455,  120,  559,  239,  106,  557,  245,  148,  532,  310,  312,  389,  478,  360,  440],
        [  679,  679,  628,  379,  582,  502,  295,  147,  117,  770,  727,  213,  432,  199,  431,  297,  550,  791,  595,  774,  403,  553,  308,  413,  844,  685,  129,  157,  529,  651,  830,  321,  519,  226,  217,  772,  149,  561,  416,  248,  344,  201,  668,  711,  911,  687,  775,  393,    0,  455,  358,  560,  857,  154,  457,  634,  519,  830,  667,  288,  268,  305,  841,  828,  579,  416,  480,  681,  697,  645,  467,  687,  171,  366,  206,  593,  513,  284,  700,  435,  592,  145,  560,  758],
        [  747,  747,  290,  572,  295,  344,  657,  327,  424,  423,  334,  245,   91,  258,  641,  280,  497,  945,  329,  908,   67,  514,  319,  430,  582,  567,  330,  608,  105,  758,  429,  517,  485,  652,  571,  793,  351,  203,  273,  284,  307,  399,  567,  827,  577,  467,  453,  129,  455,    0,  107,  457,  470,  319,  110,  819,  683,  398,  559,  632,  711,  689,  658,  528,  519,  181,   56,  829,  637,  570,  222,  680,  330,   90,  642,  317,  227,  638,  269,  221,  505,  508,  477,  512],
        [  673,  673,  313,  474,  293,  297,  551,  242,  319,  457,  388,  156,   83,  160,  543,  244,  436,  861,  322,  827,   88,  451,  287,  348,  587,  527,  237,  508,  173,  678,  489,  417,  419,  565,  465,  729,  272,  230,  284,  230,  220,  293,  522,  747,  609,  453,  477,   70,  358,  107,    0,  405,  524,  234,  114,  728,  592,  477,  515,  526,  620,  582,  640,  545,  461,  205,  122,  744,  586,  519,  189,  618,  224,   41,  538,  313,  216,  532,  345,  247,  453,  427,  422,  509],
        [  316,  316,  286,  324,  222,  114,  529,  544,  448,  350,  397,  482,  366,  452,  362,  627,   60,  535,  195,  491,  484,   81,  669,  158,  316,  130,  511,  639,  406,  348,  471,  321,   78,  778,  485,  341,  580,  314,  688,  595,  229,  363,  120,  410,  434,  165,  322,  341,  560,  457,  405,    0,  463,  539,  348,  451,  341,  537,  115,  497,  801,  572,  282,  334,   68,  609,  413,  433,  182,  114,  236,  228,  401,  445,  621,  207,  246,  512,  461,  652,   48,  693,   26,  236],
        [  751,  751,  232,  767,  290,  416,  945,  763,  778,  114,  137,  677,  442,  671,  816,  749,  521,  972,  293,  924,  536,  541,  789,  579,  270,  465,  751,  987,  367,  795,   55,  744,  538, 1077,  879,  731,  795,  298,  733,  747,  546,  710,  485,  849,  153,  316,  149,  470,  857,  470,  524,  463,    0,  755,  411,  910,  803,  152,  474,  914, 1124,  986,  417,  192,  518,  642,  419,  882,  559,  516,  395,  637,  691,  539,  995,  288,  347,  926,  220,  675,  485,  948,  486,  277],
        [  726,  726,  536,  450,  502,  455,  427,    9,  192,  681,  620,   79,  315,   91,  514,  154,  545,  871,  523,  847,  260,  554,  176,  418,  786,  668,   40,  309,  405,  710,  722,  387,  519,  334,  341,  807,   43,  458,  270,  102,  310,  237,  656,  776,  830,  636,  694,  286,  154,  319,  234,  539,  755,    0,  345,  719,  590,  709,  652,  413,  394,  445,  810,  756,  575,  263,  352,  755,  701,  640,  386,  708,  155,  231,  358,  518,  426,  412,  578,  284,  580,  194,  546,  702],
        [  645,  645,  201,  497,  191,  235,  612,  353,  398,  344,  276,  267,   32,  264,  563,  352,  391,  849,  224,  810,  154,  409,  394,  337,  484,  458,  343,  600,   85,  660,  378,  448,  381,  671,  531,  687,  384,  116,  371,  342,  226,  353,  457,  729,  497,  361,  366,   66,  457,  110,  114,  348,  411,  345,    0,  730,  596,  374,  449,  584,  723,  648,  552,  437,  412,  282,   67,  735,  529,  461,  113,  573,  304,  136,  622,  213,  119,  593,  245,  324,  396,  538,  370,  409],
        [  193,  193,  732,  270,  665,  533,  387,  719,  535,  797,  847,  709,  733,  671,  206,  863,  392,  159,  643,  152,  816,  372,  893,  393,  711,  462,  680,  599,  808,  132,  922,  333,  381,  770,  428,  285,  745,  741,  964,  814,  512,  484,  438,  129,  855,  597,  764,  691,  634,  819,  728,  451,  910,  719,  730,    0,  137,  987,  448,  373,  750,  412,  597,  757,  392,  913,  795,   71,  383,  403,  633,  306,  573,  766,  539,  653,  664,  385,  901,  951,  425,  771,  427,  653],
        [  186,  186,  611,  142,  543,  408,  311,  591,  412,  690,  729,  576,  598,  538,   93,  731,  283,  281,  524,  258,  679,  264,  763,  260,  629,  381,  552,  508,  675,  140,  809,  204,  265,  678,  329,  292,  619,  613,  830,  683,  376,  354,  356,  194,  764,  498,  661,  555,  519,  683,  592,  341,  803,  590,  596,  137,    0,  869,  364,  289,  668,  346,  536,  664,  290,  777,  660,  165,  321,  319,  502,  260,  441,  629,  456,  534,  535,  304,  776,  816,  324,  660,  318,  561],
        [  845,  845,  259,  810,  327,  463,  964,  717,  769,  221,  141,  632,  399,  635,  867,  674,  597, 1067,  346, 1021,  464,  617,  711,  624,  411,  571,  713,  973,  305,  883,  101,  776,  607, 1041,  890,  841,  745,  283,  637,  682,  560,  713,  587,  943,  304,  418,  269,  439,  830,  398,  477,  537,  152,  709,  374,  987,  869,    0,  575,  935, 1095, 1004,  552,  331,  601,  550,  358,  969,  665,  612,  401,  738,  675,  481,  992,  336,  355,  945,  132,  578,  569,  902,  563,  399],
        [  278,  278,  346,  389,  293,  219,  604,  657,  553,  365,  441,  596,  470,  566,  411,  741,  120,  498,  259,  451,  591,  124,  783,  255,  266,   20,  624,  736,  497,  326,  495,  402,  152,  882,  572,  267,  693,  395,  798,  709,  343,  468,   12,  376,  408,  159,  325,  449,  667,  559,  515,  115,  474,  652,  449,  448,  364,  575,    0,  573,  900,  646,  186,  310,   94,  718,  512,  412,   91,   46,  337,  164,  512,  554,  711,  273,  337,  588,  521,  761,   75,  803,  108,  206],
        [  473,  473,  688,  187,  624,  500,   32,  410,  226,  807,  806,  436,  571,  403,  198,  566,  458,  530,  622,  523,  601,  450,  585,  345,  812,  592,  375,  227,  669,  428,  903,  177,  428,  398,   73,  578,  426,  652,  682,  515,  375,  234,  569,  474,  921,  658,  795,  524,  288,  632,  526,  497,  914,  413,  584,  373,  289,  935,  573,    0,  382,   75,  759,  824,  481,  659,  633,  432,  565,  536,  535,  524,  309,  553,  169,  626,  581,   16,  816,  688,  508,  412,  485,  731],
        [  850,  850,  895,  549,  847,  758,  364,  386,  359, 1036,  994,  467,  697,  461,  576,  494,  780,  905,  859,  901,  653,  778,  484,  646, 1100,  918,  384,  166,  792,  808, 1097,  510,  749,   75,  345,  953,  367,  828,  604,  458,  601,  441,  899,  855, 1175,  941, 1039,  659,  268,  711,  620,  801, 1124,  394,  723,  750,  668, 1095,  900,  382,    0,  340, 1082, 1089,  808,  634,  741,  811,  914,  871,  733,  887,  436,  622,  213,  857,  779,  368,  964,  641,  827,  222,  797, 1014],
        [  532,  532,  760,  259,  697,  574,   44,  441,  270,  881,  876,  479,  633,  449,  259,  596,  532,  566,  695,  564,  653,  523,  611,  420,  887,  665,  410,  205,  732,  483,  975,  252,  502,  369,  118,  638,  451,  721,  715,  546,  445,  296,  642,  523,  996,  733,  869,  586,  305,  689,  582,  572,  986,  445,  648,  412,  346, 1004,  646,   75,  340,    0,  832,  898,  555,  700,  693,  476,  636,  609,  604,  591,  360,  606,  135,  699,  651,   61,  883,  726,  582,  410,  559,  806],
        [  408,  408,  389,  574,  365,  356,  789,  816,  730,  334,  441,  747,  579,  720,  592,  880,  304,  610,  330,  562,  704,  310,  922,  436,  150,  167,  786,  919,  575,  467,  456,  588,  336, 1060,  758,  351,  852,  465,  920,  854,  505,  645,  190,  500,  301,  191,  284,  571,  841,  658,  640,  282,  417,  810,  552,  597,  536,  552,  186,  759, 1082,  832,    0,  227,  279,  832,  605,  548,  217,  225,  452,  292,  679,  676,  896,  342,  433,  774,  541,  875,  256,  973,  285,  162],
        [  584,  584,  238,  656,  255,  333,  855,  763,  731,  123,  239,  682,  468,  666,  695,  788,  386,  801,  235,  753,  586,  402,  831,  479,   80,  297,  742,  937,  429,  634,  232,  648,  410, 1053,  803,  552,  798,  326,  800,  774,  489,  652,  320,  682,  101,  170,   79,  479,  828,  528,  545,  334,  192,  756,  437,  757,  664,  331,  310,  824, 1089,  898,  227,    0,  375,  709,  472,  721,  386,  355,  371,  466,  657,  572,  932,  239,  332,  838,  345,  748,  341,  940,  352,  105],
        [  249,  249,  352,  299,  289,  178,  512,  579,  464,  406,  461,  524,  428,  492,  326,  674,   30,  469,  261,  424,  543,   32,  715,  166,  344,  113,  544,  643,  472,  283,  531,  309,   60,  791,  479,  276,  615,  382,  741,  638,  268,  379,   92,  344,  475,  208,  374,  400,  579,  519,  461,   68,  518,  575,  412,  392,  290,  601,   94,  481,  808,  555,  279,  375,    0,  665,  478,  369,  128,   67,  300,  162,  429,  501,  618,  273,  312,  496,  528,  708,   35,  717,   44,  272],
        [  873,  873,  471,  649,  472,  499,  677,  269,  433,  603,  508,  223,  254,  257,  718,  144,  640, 1053,  505, 1021,  129,  655,  170,  547,  761,  728,  293,  570,  283,  874,  596,  587,  622,  566,  589,  932,  275,  383,   93,  178,  417,  443,  725,  942,  756,  642,  634,  269,  416,  181,  205,  609,  642,  263,  282,  913,  777,  550,  718,  659,  634,  700,  832,  709,  665,    0,  237,  935,  790,  722,  384,  822,  356,  165,  621,  494,  400,  661,  429,   44,  656,  415,  626,  690],
        [  712,  712,  234,  557,  241,  300,  659,  360,  435,  368,  283,  276,   64,  282,  624,  330,  457,  915,  275,  876,  118,  476,  371,  403,  526,  519,  358,  629,   54,  727,  380,  506,  448,  685,  576,  753,  388,  147,  329,  330,  287,  399,  520,  795,  522,  414,  397,  111,  480,   56,  122,  413,  419,  352,   67,  795,  660,  358,  512,  633,  741,  693,  605,  472,  478,  237,    0,  801,  593,  526,  179,  639,  340,  124,  657,  263,  176,  641,  226,  277,  461,  544,  435,  457],
        [  141,  141,  718,  307,  652,  525,  448,  756,  577,  771,  829,  739,  741,  701,  250,  895,  374,  118,  627,   94,  832,  353,  927,  400,  670,  424,  717,  658,  809,   88,  898,  369,  369,  829,  483,  221,  784,  735,  991,  847,  525,  519,  402,   59,  818,  567,  735,  701,  681,  829,  744,  433,  882,  755,  735,   71,  165,  969,  412,  432,  811,  476,  548,  721,  369,  935,  801,    0,  339,  369,  633,  259,  605,  783,  599,  638,  659,  445,  891,  975,  401,  821,  407,  618],
        [  200,  200,  436,  379,  381,  295,  594,  705,  581,  452,  531,  652,  548,  619,  385,  802,  157,  415,  348,  367,  665,  148,  842,  287,  332,   95,  670,  748,  581,  254,  582,  406,  183,  903,  576,  177,  740,  483,  867,  766,  395,  497,   80,  297,  481,  247,  410,  523,  697,  637,  586,  182,  559,  701,  529,  383,  321,  665,   91,  565,  914,  636,  217,  386,  128,  790,  593,  339,    0,   68,  416,   81,  553,  626,  715,  362,  421,  581,  612,  833,  134,  838,  164,  285],
        [  236,  236,  376,  351,  318,  227,  566,  645,  529,  405,  476,  589,  480,  557,  369,  737,   96,  457,  286,  410,  598,   94,  778,  232,  311,   62,  611,  706,  515,  281,  535,  368,  126,  856,  539,  236,  681,  418,  800,  702,  333,  445,   38,  334,  453,  200,  367,  455,  645,  570,  519,  114,  516,  640,  461,  403,  319,  612,   46,  536,  871,  609,  225,  355,   67,  722,  526,  369,   68,    0,  348,  127,  496,  558,  678,  299,  354,  551,  552,  766,   67,  783,   98,  251],
        [  537,  537,  164,  419,  117,  122,  564,  393,  383,  304,  274,  313,  133,  296,  481,  431,  279,  744,  138,  704,  256,  298,  474,  243,  404,  347,  373,  593,  178,  555,  375,  379,  272,  690,  492,  575,  428,  120,  469,  410,  160,  318,  345,  623,  448,  264,  311,  120,  467,  222,  189,  236,  395,  386,  113,  633,  502,  401,  337,  535,  733,  604,  452,  371,  300,  384,  179,  633,  416,  348,    0,  461,  298,  225,  602,  132,   48,  545,  286,  427,  283,  571,  257,  323],
        [  120,  120,  501,  341,  442,  340,  551,  711,  570,  528,  602,  666,  589,  631,  334,  820,  184,  336,  411,  288,  701,  167,  859,  291,  412,  172,  674,  721,  633,  176,  658,  378,  200,  882,  544,  114,  746,  540,  895,  781,  413,  490,  153,  216,  561,  323,  488,  559,  687,  680,  618,  228,  637,  708,  573,  306,  260,  738,  164,  524,  887,  591,  292,  466,  162,  822,  639,  259,   81,  127,  461,    0,  556,  658,  682,  425,  473,  540,  678,  864,  182,  830,  205,  364],
        [  572,  572,  460,  304,  412,  333,  331,  157,   96,  601,  564,  138,  283,  101,  370,  290,  400,  722,  425,  696,  293,  406,  322,  268,  675,  529,  119,  299,  383,  557,  667,  240,  371,  396,  244,  653,  190,  399,  394,  243,  176,   90,  514,  623,  741,  518,  605,  239,  171,  330,  224,  401,  691,  155,  304,  573,  441,  675,  512,  309,  436,  360,  679,  657,  429,  356,  340,  605,  553,  496,  298,  556,    0,  246,  319,  423,  345,  313,  548,  389,  438,  294,  405,  589],
        [  713,  713,  337,  509,  323,  336,  576,  239,  339,  478,  402,  156,  104,  169,  579,  216,  476,  900,  353,  866,   51,  491,  259,  388,  617,  565,  240,  519,  177,  717,  501,  451,  459,  564,  489,  769,  265,  251,  246,  209,  259,  321,  561,  786,  632,  487,  502,  106,  366,   90,   41,  445,  539,  231,  136,  766,  629,  481,  554,  553,  622,  606,  676,  572,  501,  165,  124,  783,  626,  558,  225,  658,  246,    0,  554,  344,  247,  558,  349,  208,  492,  422,  462,  540],
