{
    "name": "random-79-30680",
    "comment": "size=79 seed=30680",
    "nodes": ["+0", "-0", "+1", "-1", "+2", "-2", "+3", "-3", "+4", "-4", "+5", "-5", "+6", "-6", "+7", "-7", "+8", "-8", "+9", "-9", "+10", "-10", "+11", "-11", "+12", "-12", "+13", "-13", "+14", "-14", "+15", "-15", "+16", "-16", "+17", "-17", "+18", "-18", "+19", "-19", "+20", "-20", "+21", "-21", "+22", "-22", "+23", "-23", "+24", "-24", "+25", "-25", "+26", "-26", "+27", "-27", "+28", "-28", "+29", "-29", "+30", "-30", "+31", "-31", "+32", "-32", "+33", "-33", "+34", "-34", "+35", "-35", "+36", "-36", "+37", "-37", "+38", "-38", "+39", "-39", "+40", "-40", "+41", "-41", "+42", "-42", "+43", "-43", "+44", "-44", "+45", "-45", "+46", "-46", "+47", "-47", "+48", "-48", "+49", "-49", "+50", "-50", "+51", "-51", "+52", "-52", "+53", "-53", "+54", "-54", "+55", "-55", "+56", "-56", "+57", "-57", "+58", "-58", "+59", "-59", "+60", "-60", "+61", "-61", "+62", "-62", "+63", "-63", "+64", "-64", "+65", "-65", "+66", "-66", "+67", "-67", "+68", "-68", "+69", "-69", "+70", "-70", "+71", "-71", "+72", "-72", "+73", "-73", "+74", "-74", "+75", "-75", "+76", "-76", "+77", "-77", "+78", "-78", "+79", "-79"],
    "precedence": {
        "+0": "-0",
        "+1": "-1",
        "+2": "-2",
        "+3": "-3",
        "+4": "-4",
        "+5": "-5",
        "+6": "-6",
        "+7": "-7",
        "+8": "-8",
        "+9": "-9",
        "+10": "-10",
        "+11": "-11",
        "+12": "-12",
        "+13": "-13",
        "+14": "-14",
        "+15": "-15",
        "+16": "-16",
        "+17": "-17",
        "+18": "-18",
        "+19": "-19",
        "+20": "-20",
        "+21": "-21",
        "+22": "-22",
        "+23": "-23",
        "+24": "-24",
        "+25": "-25",
        "+26": "-26",
        "+27": "-27",
        "+28": "-28",
        "+29": "-29",
        "+30": "-30",
        "+31": "-31",
        "+32": "-32",
        "+33": "-33",
        "+34": "-34",
        "+35": "-35",
        "+36": "-36",
        "+37": "-37",
        "+38": "-38",
        "+39": "-39",
        "+40": "-40",
        "+41": "-41",
        "+42": "-42",
        "+43": "-43",
        "+44": "-44",
        "+45": "-45",
        "+46": "-46",
        "+47": "-47",
        "+48": "-48",
        "+49": "-49",
        "+50": "-50",
        "+51": "-51",
        "+52": "-52",
        "+53": "-53",
        "+54": "-54",
        "+55": "-55",
        "+56": "-56",
        "+57": "-57",
        "+58": "-58",
        "+59": "-59",
        "+60": "-60",
        "+61": "-61",
        "+62": "-62",
        "+63": "-63",
        "+64": "-64",
        "+65": "-65",
        "+66": "-66",
        "+67": "-67",
        "+68": "-68",
        "+69": "-69",
        "+70": "-70",
        "+71": "-71",
        "+72": "-72",
        "+73": "-73",
        "+74": "-74",
        "+75": "-75",
        "+76": "-76",
        "+77": "-77",
        "+78": "-78",
        "+79": "-79"
    },
    "edges": [
        [    0,    0,  842,  548,  605,  665,  194,  681,  660,  259,  499,  601,  643,  676,  175,  493,  285,  735,  920,   81,  221,  678,  228,  728,  878,   96,  772,  832,  606,  327,  641,  609,  244,  226,  595,  844,  665,  657,  164,  683,  436,  559,  412,  161,  107,  568,  245,  746,  279,  452,  461,  421,  354,  641,  529,  309,  328,   52,  356,  332,  777,  707,  327,  725,  601,  466,  558,  470,  167,  714,  242,  532,  162,  667,  538,  686,  735,  844,  145,  370,  300,  699,  342,  574,  125,  724,  308,  305,  561,  590,  750,  359,  625,  518,  552,  237,  878,  664,  307,  313,  622,  220,  353,  645,  247,  495,  275,  451,  609,  291,  362,  619,  179,  593,  619,  413,  247,  629,  378,  434,  351,  619,  400,  127,  459,  818,  134,  831,  680,  241,  444,  310,  176,  518,  145,  366,  207,  731,  719,  538,  731,  791,  130,  742,  109,  260,  767,  331,  266,  779,  643,  742,  732,  552,  530,  469,  257,  803,  318,  164],
        [    0,    0,    0,    0,    0,    0,    0,    0,    0,    0,    0,    0,    0,    0,    0,    0,    0,    0,    0,    0,    0,    0,    0,    0,    0,    0,    0,    0,    0,    0,    0,    0,    0,    0,    0,    0,    0,    0,    0,    0,    0,    0,    0,    0,    0,    0,    0,    0,    0,    0,    0,    0,    0,    0,    0,    0,    0,    0,    0,    0,    0,    0,    0,    0,    0,    0,    0,    0,    0,    0,    0,    0,    0,    0,    0,    0,    0,    0,    0,    0,    0,    0,    0,    0,    0,    0,    0,    0,    0,    0,    0,    0,    0,    0,    0,    0,    0,    0,    0,    0,    0,    0,    0,    0,    0,    0,    0,    0,    0,    0,    0,    0,    0,    0,    0,    0,    0,    0,    0,    0,    0,    0,    0,    0,    0,    0,    0,    0,    0,    0,    0,    0,    0,    0,    0,    0,    0,    0,    0,    0,    0,    0,    0,    0,    0,    0,    0,    0,    0,    0,    0,    0,    0,    0,    0,    0,    0,    0,    0,    0],
        [  842,    0,    0,  918,  688,  204, 1017,  592,  447,  829,  575,  304,  496,  867,  831,  398,  573,  108,   91,  815, 1056,  421,  822,  295,   69,  845,   72,  319,  840, 1168,  557,  311, 1063,  885,  866,  168,  177,  358,  751,  898,  521,  345,  449,  798,  890,  721,  777,  606,  595,  511,  408,  449,  781,  842,  531,  916,  515,  887,  517,  535,  405,  212,  543,  437,  693,  929,  614,  507,  989,  150, 1083,  548,  997,  509,  436,  161,  121,  306,  813,  879,  563,  507, 1180,  883,  937,  225,  662,  627,  289,  604,  746,  589,  601,  805,  623,  605,  152,  535,  939,  615,  239,  779,  489,  427, 1070,  501,  771,  551,  929,  924,  635,  621,  669,  545,  687,  461,  704,  272,  656,  433,  809,  301,  969,  967,  922,   99,  913,   85,  308, 1082,  626,  707,  923,  324,  715,  683,  826,  296,  620,  510,  611,  156,  761,  119,  792, 1099,  208,  514, 1001,  837,  563,  689,  490,  712,  611,  668,  599,  102,  617,  827],
        [  548,    0,  918,    0,  263,  719,  684,  395, 1000,  290,  343,  845, 1008,  172,  715,  779,  494,  823,  955,  470,  673, 1003,  321,  981,  913,  642,  853,  711,  124,  686,  399,  861,  724,  334,   91,  818,  777,  573,  411,  161,  416,  579,  543,  392,  465,  214,  763,  435,  460,  420,  734,  719,  867,  155,  919,  261,  593,  584,  695,  490,  606,  907,  483,  546, 1058,   98,  987,  842,  515,  769,  623,  930,  554,  453,  483,  774,  868,  730,  405,  182,  487,  474,  652,   56,  652,  704,  766,  383,  668,  333,  335,  773,  353, 1023,  302,  551,  859, 1046,  278,  391,  693,  739,  582,  510,  720,  866,  289,  377,   64,  838,  329,  331,  585,  388,  273,  517,  727,  856,  836,  544,  873,  866,  201,  572,  101,  954,  452,  957,  622,  634,  300,  795,  412,  676,  604,  279,  744,  985,  401,  409,  419,  786,  444,  877,  448,  616,  737,  615,  387,  305,  395,  370,  511, 1021,  961,  929,  627,  941,  745,  704],
        [  605,    0,  688,  263,    0,  501,  783,  133,  860,  385,  158,  682,  881,  181,  738,  644,  419,  605,  713,  527,  789,  856,  407,  806,  673,  683,  630,  452,  157,  839,  140,  699,  831,  455,  189,  570,  571,  332,  442,  211,  263,  375,  403,  452,  560,   54,  758,  180,  394,  257,  602,  601,  846,  155,  812,  419,  497,  653,  603,  390,  345,  718,  386,  286,  976,  321,  895,  737,  643,  546,  761,  828,  675,  194,  274,  561,  659,  471,  472,  337,  405,  213,  818,  214,  727,  466,  720,  325,  478,   85,  147,  701,   93,  981,   82,  497,  611,  923,  445,  324,  485,  739,  473,  263,  830,  757,  341,  220,  253,  870,  256,   71,  560,  144,   15,  375,  701,  683,  779,  392,  860,  701,  410,  677,  318,  739,  561,  740,  382,  769,  175,  761,  535,  506,  597,  240,  760,  810,  145,  195,  163,  545,  477,  668,  497,  762,  493,  520,  554,  200,  135,  142,  249,  952,  872,  862,  569,  728,  685,  727],
        [  665,    0,  204,  719,  501,    0,  850,  422,  447,  629,  376,  257,  487,  681,  682,  300,  385,  106,  263,  629,  884,  431,  623,  339,  219,  682,  135,  249,  647,  989,  380,  272,  898,  687,  672,  186,   82,  185,  559,  710,  318,  142,  257,  604,  703,  528,  643,  451,  403,  308,  288,  322,  671,  653,  475,  715,  346,  713,  381,  343,  284,  239,  350,  291,  655,  726,  568,  425,  803,   55,  903,  494,  815,  340,  237,   62,  161,  249,  620,  676,  373,  347,  997,  687,  770,   98,  539,  428,  107,  416,  579,  474,  419,  734,  430,  430,  215,  531,  738,  415,   44,  639,  315,  253,  903,  430,  570,  348,  734,  791,  432,  438,  502,  358,  501,  265,  567,  239,  553,  238,  697,  269,  766,  788,  719,  239,  724,  241,  145,  903,  424,  587,  730,  163,  551,  480,  684,  342,  457,  314,  451,  130,  572,  169,  603,  917,  129,  352,  804,  668,  386,  525,  341,  658,  556,  592,  441,  228,  491,  677],
        [  194,    0, 1017,  684,  783,  850,    0,  868,  778,  410,  687,  756,  750,  831,  218,  646,  476,  913, 1099,  260,   53,  800,  382,  871, 1058,  175,  949, 1025,  762,  179,  830,  761,   51,  352,  745, 1032,  843,  850,  349,  832,  628,  750,  601,  332,  226,  742,  302,  933,  472,  645,  620,  579,  388,  798,  636,  424,  506,  142,  510,  523,  970,  865,  519,  918,  658,  591,  638,  593,  176,  897,  127,  633,  137,  858,  731,  865,  906, 1036,  312,  504,  492,  890,  220,  719,   81,  913,  410,  496,  744,  775,  925,  479,  811,  537,  736,  420, 1064,  762,  411,  505,  806,  285,  535,  838,   54,  615,  443,  642,  747,  241,  550,  803,  350,  782,  797,  604,  348,  786,  465,  623,  371,  771,  503,  112,  585,  984,  233,  999,  872,  115,  629,  389,  273,  697,  303,  547,  242,  874,  904,  730,  917,  977,  318,  912,  292,  151,  956,  504,  321,  944,  831,  923,  924,  603,  614,  538,  420,  969,  439,  215],
        [  681,    0,  592,  395,  133,  422,  868,    0,  826,  489,  185,  637,  853,  288,  794,  620,  451,  521,  606,  609,  880,  817,  506,  750,  568,  749,  541,  328,  283,  942,   52,  655,  917,  561,  317,  459,  500,  239,  519,  320,  275,  319,  396,  539,  653,  185,  801,   66,  434,  263,  583,  591,  877,  272,  800,  537,  509,  732,  608,  413,  219,  655,  411,  164,  973,  452,  888,  728,  743,  460,  861,  816,  772,   84,  232,  484,  582,  347,  560,  458,  435,   89,  926,  345,  806,  368,  744,  381,  426,   94,  158,  712,   59,  999,  136,  532,  498,  896,  562,  376,  416,  784,  479,  170,  918,  744,  438,  242,  380,  926,  320,   73,  604,  100,  123,  371,  736,  633,  795,  379,  895,  655,  536,  768,  448,  655,  658,  653,  286,  867,  239,  789,  637,  467,  647,  324,  812,  753,   44,  171,   51,  441,  553,  590,  577,  865,  388,  531,  668,  247,   47,  105,  120,  956,  867,  869,  596,  645,  704,  784],
        [  660,    0,  447, 1000,  860,  447,  778,  826,    0,  788,  705,  193,   51, 1027,  561,  222,  513,  403,  534,  679,  828,   30,  765,  158,  515,  613,  419,  691,  974,  954,  776,  177,  812,  812,  987,  579,  370,  614,  661, 1051,  604,  508,  464,  708,  751,  867,  481,  870,  548,  606,  266,  284,  429,  992,  144,  877,  413,  686,  324,  511,  730,  238,  518,  726,  254,  966,  190,  191,  827,  446,  882,  152,  818,  751,  596,  400,  341,  687,  713,  882,  517,  768,  985,  989,  704,  542,  369,  620,  402,  785,  976,  303,  802,  390,  779,  480,  583,   89,  890,  611,  430,  495,  419,  668,  821,  166,  748,  648, 1037,  601,  672,  815,  494,  737,  866,  492,  431,  209,  318,  471,  457,  179,  958,  776,  958,  357,  779,  375,  585,  875,  717,  393,  810,  359,  517,  722,  541,  158,  867,  671,  865,  536,  650,  339,  671,  904,  562,  393,  903, 1054,  782,  930,  772,  285,  199,  277,  420,  349,  346,  563],
        [  259,    0,  829,  290,  385,  629,  410,  489,  788,    0,  329,  668,  785,  423,  427,  579,  283,  723,  890,  181,  409,  797,   33,  807,  846,  353,  758,  722,  353,  456,  461,  681,  455,   73,  339,  780,  660,  549,  136,  427,  321,  492,  387,  104,  184,  339,  480,  551,  252,  335,  536,  508,  587,  390,  683,   92,  380,  297,  465,  305,  640,  754,  297,  581,  800,  211,  738,  609,  259,  683,  377,  691,  293,  502,  428,  670,  747,  738,  116,  114,  285,  533,  438,  316,  368,  654,  500,  203,  544,  396,  521,  522,  431,  747,  354,  309,  819,  817,  111,  215,  591,  456,  384,  511,  453,  635,   61,  310,  350,  549,  207,  418,  319,  421,  399,  371,  453,  688,  572,  399,  590,  689,  172,  299,  204,  836,  180,  844,  587,  385,  262,  522,  151,  526,  327,  175,  457,  811,  519,  391,  534,  734,  162,  755,  161,  378,  696,  397,  187,  535,  461,  526,  571,  758,  710,  667,  378,  821,  487,  416],
        [  499,    0,  575,  343,  158,  376,  687,  185,  705,  329,    0,  530,  724,  324,  610,  487,  272,  481,  616,  428,  702,  702,  340,  659,  572,  565,  510,  401,  278,  773,  143,  547,  737,  400,  300,  485,  437,  239,  339,  351,  106,  238,  245,  363,  477,  164,  620,  250,  252,  100,  445,  444,  701,  291,  655,  395,  342,  550,  447,  238,  312,  576,  235,  252,  820,  361,  738,  580,  572,  427,  689,  670,  598,  175,  140,  433,  528,  418,  384,  331,  257,  207,  761,  312,  623,  365,  571,  197,  334,  100,  292,  548,  132,  831,   77,  353,  526,  766,  420,  191,  352,  602,  317,  188,  738,  599,  272,   64,  359,  742,  138,  132,  422,   96,  166,  218,  558,  534,  627,  235,  717,  550,  420,  591,  354,  613,  486,  616,  286,  694,   68,  614,  471,  355,  464,  155,  629,  663,  225,   70,  235,  448,  370,  537,  396,  695,  401,  365,  515,  357,  145,  264,  243,  797,  715,  708,  420,  600,  534,  600],
        [  601,    0,  304,  845,  682,  257,  756,  637,  193,  668,  530,    0,  230,  854,  552,  110,  385,  232,  395,  597,  800,  181,  651,  140,  366,  582,  257,  504,  805,  920,  589,   18,  798,  706,  822,  406,  184,  421,  557,  880,  435,  318,  303,  606,  674,  693,  488,  679,  418,  435,  142,  180,  480,  821,  232,  760,  294,  638,  247,  369,  538,  111,  377,  534,  405,  824,  321,  204,  763,  263,  840,  250,  763,  561,  412,  216,  184,  502,  615,  750,  384,  577,  942,  828,  676,  354,  370,  480,  212,  603,  790,  295,  617,  504,  602,  380,  418,  274,  777,  469,  238,  493,  285,  477,  805,  197,  620,  478,  877,  631,  519,  632,  423,  552,  687,  328,  419,   34,  355,  303,  508,   22,  833,  726,  816,  240,  700,  257,  392,  836,  551,  411,  722,  176,  461,  571,  542,  144,  678,  489,  676,  358,  554,  186,  581,  859,  378,  281,  811,  871,  595,  742,  580,  416,  314,  365,  345,  226,  328,  551],
        [  643,    0,  496, 1008,  881,  487,  750,  853,   51,  785,  724,  230,    0, 1043,  532,  237,  517,  449,  584,  667,  800,   81,  761,  209,  564,  589,  466,  733,  988,  927,  802,  215,  782,  805, 1000,  625,  412,  647,  656, 1067,  621,  537,  480,  701,  737,  884,  450,  899,  552,  625,  280,  290,  390, 1008,  115,  873,  417,  664,  321,  519,  767,  286,  526,  760,  203,  970,  142,  178,  809,  488,  858,  117,  797,  781,  622,  442,  388,  729,  704,  884,  523,  799,  960, 1000,  678,  583,  343,  626,  434,  807, 1000,  284,  826,  341,  799,  476,  630,   45,  885,  618,  467,  466,  427,  699,  791,  152,  748,  665, 1048,  564,  681,  838,  483,  762,  887,  508,  406,  250,  286,  489,  417,  219,  957,  755,  962,  407,  765,  425,  621,  850,  731,  362,  798,  386,  501,  730,  510,  209,  894,  694,  894,  580,  641,  387,  661,  880,  605,  396,  892, 1076,  808,  956,  805,  236,  155,  234,  411,  399,  325,  536],
        [  676,    0,  867,  172,  181,  681,  831,  288, 1027,  423,  324,  854, 1043,    0,  831,  807,  553,  785,  889,  595,  825, 1025,  452,  982,  850,  765,  809,  616,   71,  850,  313,  871,  874,  480,   88,  744,  750,  510,  522,   32,  423,  553,  564,  515,  606,  161,  866,  308,  522,  421,  764,  757,  964,   37,  967,  418,  643,  718,  750,  534,  507,  896,  529,  452, 1123,  266, 1045,  890,  669,  726,  782,  981,  707,  365,  452,  741,  839,  635,  532,  332,  541,  376,  818,  120,  790,  644,  848,  446,  655,  265,  179,  841,  268, 1111,  255,  624,  784, 1084,  439,  449,  664,  844,  624,  441,  871,  912,  402,  379,  122,  960,  378,  247,  675,  324,  181,  536,  819,  857,  913,  557,  974,  874,  370,  719,  268,  919,  598,  920,  560,  792,  314,  884,  562,  678,  703,  341,  857,  986,  278,  372,  294,  722,  557,  848,  569,  777,  670,  666,  551,  133,  307,  228,  408, 1093, 1020, 1001,  699,  908,  819,  820],
        [  175,    0,  831,  715,  738,  682,  218,  794,  561,  427,  610,  552,  532,  831,    0,  443,  351,  731,  917,  247,  269,  583,  395,  660,  878,   82,  766,  886,  761,  396,  749,  555,  252,  400,  754,  868,  661,  720,  309,  841,  526,  606,  455,  324,  279,  708,   86,  858,  361,  541,  424,  383,  187,  795,  419,  483,  341,  163,  314,  396,  850,  662,  395,  806,  451,  637,  423,  378,  311,  724,  331,  416,  287,  764,  613,  687,  714,  895,  312,  540,  368,  795,  432,  736,  150,  758,  194,  416,  576,  707,  884,  265,  741,  350,  674,  274,  896,  544,  482,  420,  639,   67,  374,  724,  261,  400,  432,  553,  774,  133,  483,  739,  196,  698,  750,  467,  135,  584,  248,  479,  179,  566,  574,  242,  629,  787,  305,  803,  732,  322,  566,  172,  349,  522,  149,  502,   33,  662,  834,  634,  844,  812,  275,  720,  267,  354,  800,  332,  434,  924,  751,  868,  824,  397,  398,  325,  242,  773,  227,   12],
        [  493,    0,  398,  779,  644,  300,  646,  620,  222,  579,  487,  110,  237,  807,  443,    0,  298,  310,  488,  493,  690,  224,  559,  237,  454,  472,  341,  546,  753,  811,  570,  116,  688,  611,  766,  474,  247,  430,  460,  831,  385,  311,  244,  508,  569,  647,  383,  670,  332,  388,   45,   74,  384,  772,  184,  670,  200,  529,  138,  291,  559,  220,  298,  543,  364,  748,  277,  126,  657,  324,  731,  202,  655,  552,  389,  279,  278,  547,  516,  667,  300,  572,  833,  767,  566,  396,  265,  401,  218,  571,  765,  191,  591,  434,  562,  279,  492,  280,  685,  392,  268,  386,  200,  474,  696,  133,  534,  429,  816,  528,  451,  602,  315,  527,  651,  272,  312,  141,  261,  252,  412,  127,  747,  618,  740,  345,  596,  361,  413,  727,  496,  310,  620,  161,  352,  501,  435,  241,  663,  458,  664,  420,  454,  282,  479,  750,  428,  183,  711,  840,  575,  723,  583,  360,  261,  292,  237,  331,  221,  442],
        [  285,    0,  573,  494,  419,  385,  476,  451,  513,  283,  272,  385,  517,  553,  351,  298,    0,  465,  645,  245,  506,  520,  267,  524,  602,  323,  502,  550,  490,  606,  404,  399,  526,  324,  496,  561,  397,  377,  180,  572,  178,  274,  129,  228,  319,  404,  350,  514,   35,  192,  254,  230,  429,  516,  425,  375,  101,  336,  202,   48,  503,  474,   45,  457,  571,  454,  496,  348,  418,  437,  519,  437,  430,  415,  264,  413,  477,  561,  242,  370,   18,  445,  612,  491,  400,  439,  302,  112,  285,  371,  561,  288,  402,  563,  344,   82,  595,  553,  392,  106,  343,  334,  101,  375,  530,  372,  237,  210,  538,  480,  175,  404,  156,  353,  430,  128,  286,  405,  362,  150,  445,  406,  450,  405,  445,  565,  341,  576,  397,  520,  246,  343,  352,  254,  203,  218,  365,  528,  494,  286,  502,  508,  189,  485,  219,  533,  483,  122,  435,  617,  407,  536,  474,  541,  471,  449,  150,  550,  268,  342],
        [  735,    0,  108,  823,  605,  106,  913,  521,  403,  723,  481,  232,  449,  785,  731,  310,  465,    0,  187,  707,  951,  382,  715,  270,  148,  741,   37,  297,  752, 1061,  481,  242,  959,  777,  777,  177,   71,  282,  643,  815,  419,  246,  341,  690,  783,  633,  682,  544,  487,  410,  313,  352,  693,  757,  463,  811,  409,  781,  419,  428,  360,  170,  435,  378,  635,  829,  551,  427,  881,   61,  976,  481,  890,  438,  342,   53,   70,  290,  705,  776,  455,  441, 1073,  792,  832,  163,  569,  521,  181,  520,  678,  498,  521,  734,  535,  498,  187,  491,  833,  508,  134,  681,  383,  352,  966,  425,  665,  451,  839,  829,  531,  541,  564,  461,  605,  353,  607,  204,  570,  325,  721,  235,  865,  861,  822,  135,  805,  136,  236,  975,  527,  616,  815,  218,  611,  580,  728,  273,  554,  419,  546,  133,  653,   76,  684,  992,  168,  409,  894,  767,  487,  622,  430,  647,  545,  593,  496,  125,  523,  727],
        [  920,    0,   91,  955,  713,  263, 1099,  606,  534,  890,  616,  395,  584,  889,  917,  488,  645,  187,    0,  889, 1137,  507,  886,  379,   45,  927,  151,  301,  868, 1246,  577,  401, 1146,  949,  897,  149,  257,  384,  821,  920,  575,  399,  518,  867,  963,  751,  865,  610,  664,  563,  496,  537,  871,  867,  622,  975,  594,  966,  604,  605,  401,  301,  612,  444,  782,  975,  704,  598, 1063,  210, 1160,  639, 1073,  526,  480,  235,  212,  284,  883,  931,  634,  518, 1256,  917, 1019,  252,  751,  690,  361,  631,  755,  678,  623,  896,  655,  683,  115,  621,  998,  677,  304,  866,  567,  451, 1152,  592,  831,  599,  961, 1013,  690,  644,  750,  572,  710,  527,  791,  363,  747,  500,  899,  392, 1022, 1045,  968,  179,  985,  161,  334, 1159,  672,  797,  992,  403,  797,  736,  913,  380,  629,  548,  617,  170,  833,  209,  864, 1175,  220,  595, 1067,  846,  583,  696,  494,  802,  702,  759,  682,  186,  705,  913],
        [   81,    0,  815,  470,  527,  629,  260,  609,  679,  181,  428,  597,  667,  595,  247,  493,  245,  707,  889,    0,  277,  693,  149,  730,  846,  173,  744,  779,  525,  364,  571,  607,  310,  157,  515,  803,  639,  602,   90,  602,  374,  513,  372,   81,   77,  490,  306,  673,  230,  390,  456,  420,  416,  561,  556,  239,  309,  126,  361,  287,  716,  697,  281,  663,  648,  390,  596,  490,  175,  680,  278,  561,  187,  599,  480,  656,  714,  792,   65,  293,  257,  631,  368,  494,  201,  680,  347,  239,  529,  516,  672,  387,  551,  579,  477,  218,  838,  692,  241,  249,  587,  282,  328,  584,  311,  516,  195,  384,  530,  369,  290,  544,  185,  523,  541,  369,  292,  622,  420,  392,  416,  616,  331,  168,  382,  800,  104,  812,  629,  280,  370,  360,  132,  492,  171,  290,  278,  733,  645,  473,  658,  751,   61,  722,   32,  290,  723,  317,  226,  699,  572,  666,  666,  601,  568,  514,  261,  785,  347,  236],
        [  221,    0, 1056,  673,  789,  884,   53,  880,  828,  409,  702,  800,  800,  825,  269,  690,  506,  951, 1137,  277,    0,  849,  384,  918, 1095,  220,  988, 1051,  757,  127,  844,  806,   57,  346,  739, 1065,  881,  876,  366,  825,  650,  779,  632,  341,  229,  746,  353,  944,  498,  666,  663,  622,  440,  794,  686,  412,  543,  172,  554,  552,  992,  909,  547,  939,  710,  578,  690,  641,  158,  933,   80,  684,  120,  875,  755,  903,  946, 1064,  321,  495,  520,  907,  168,  711,  126,  944,  460,  516,  779,  787,  929,  528,  822,  588,  747,  455, 1098,  813,  396,  525,  841,  335,  571,  860,   50,  664,  448,  661,  736,  291,  565,  813,  388,  798,  803,  634,  398,  830,  516,  654,  423,  816,  485,  113,  573, 1026,  230, 1040,  900,   67,  642,  440,  264,  734,  343,  558,  293,  921,  915,  749,  928, 1011,  337,  953,  308,  103,  988,  543,  298,  943,  845,  930,  942,  655,  665,  590,  461, 1011,  487,  265],
        [  678,    0,  421, 1003,  856,  431,  800,  817,   30,  797,  702,  181,   81, 1025,  583,  224,  520,  382,  507,  693,  849,    0,  775,  130,  489,  634,  396,  672,  973,  975,  768,  164,  835,  824,  987,  557,  352,  601,  673, 1050,  603,  498,  464,  720,  766,  864,  504,  859,  554,  604,  269,  290,  456,  991,  170,  887,  420,  705,  336,  515,  714,  214,  522,  713,  283,  972,  219,  210,  845,  426,  902,  179,  836,  742,  589,  382,  318,  667,  725,  890,  523,  757, 1005,  990,  725,  525,  391,  625,  392,  779,  969,  323,  795,  420,  775,  491,  559,  115,  901,  616,  416,  518,  423,  657,  844,  186,  756,  646, 1039,  627,  674,  809,  509,  730,  862,  491,  452,  192,  343,  469,  484,  165,  967,  795,  963,  330,  795,  348,  570,  896,  716,  417,  824,  352,  534,  725,  564,  129,  858,  665,  856,  515,  662,  316,  684,  924,  543,  401,  917, 1048,  774,  922,  760,  315,  228,  305,  433,  322,  365,  586],
        [  228,    0,  822,  321,  407,  623,  382,  506,  765,   33,  340,  651,  761,  452,  395,  559,  267,  715,  886,  149,  384,  775,    0,  790,  842,  321,  751,  727,  383,  437,  476,  664,  428,   64,  369,  780,  651,  553,  108,  457,  322,  490,  377,   73,  156,  363,  449,  569,  237,  337,  516,  488,  556,  419,  657,  112,  360,  266,  442,  293,  649,  740,  285,  591,  771,  243,  710,  585,  237,  677,  356,  666,  269,  514,  430,  662,  736,  743,   84,  145,  270,  546,  422,  347,  338,  654,  471,  196,  535,  413,  546,  495,  448,  717,  371,  286,  818,  792,  127,  209,  585,  424,  367,  519,  426,  611,   70,  315,  382,  517,  212,  437,  291,  434,  421,  362,  422,  672,  544,  391,  559,  672,  198,  273,  235,  825,  155,  834,  590,  363,  274,  492,  131,  514,  297,  187,  425,  794,  537,  399,  552,  732,  132,  745,  129,  359,  696,  377,  183,  563,  476,  548,  583,  729,  683,  638,  352,  810,  459,  384],
        [  728,    0,  295,  981,  806,  339,  871,  750,  158,  807,  659,  140,  209,  982,  660,  237,  524,  270,  379,  730,  918,  130,  790,    0,  364,  699,  278,  566,  936, 1041,  703,  126,  910,  844,  955,  440,  257,  520,  694, 1009,  568,  434,  440,  742,  806,  822,  588,  785,  556,  566,  276,  311,  557,  950,  275,  899,  431,  762,  372,  508,  621,  101,  516,  629,  411,  963,  342,  286,  893,  322,  963,  288,  889,  670,  533,  282,  202,  559,  751,  889,  523,  681, 1066,  961,  793,  425,  469,  619,  329,  725,  905,  395,  736,  541,  728,  515,  438,  244,  916,  608,  335,  597,  424,  583,  919,  268,  759,  610, 1010,  722,  657,  752,  551,  671,  810,  465,  526,  126,  436,  438,  586,  119,  972,  851,  954,  201,  833,  219,  483,  958,  685,  503,  856,  307,  585,  709,  645,    5,  788,  612,  784,  402,  690,  198,  716,  983,  437,  417,  947,  990,  709,  854,  678,  439,  346,  417,  472,  194,  434,  660],
        [  878,    0,   69,  913,  673,  219, 1058,  568,  515,  846,  572,  366,  564,  850,  878,  454,  602,  148,   45,  846, 1095,  489,  842,  364,    0,  887,  114,  272,  827, 1203,  538,  373, 1105,  905,  856,  118,  217,  343,  777,  881,  531,  355,  475,  823,  920,  709,  829,  575,  621,  519,  459,  500,  838,  827,  595,  931,  553,  924,  566,  561,  368,  279,  568,  407,  760,  931,  680,  568, 1020,  166, 1118,  612, 1030,  487,  437,  193,  183,  256,  839,  887,  591,  481, 1213,  875,  978,  209,  715,  646,  318,  590,  718,  644,  583,  869,  613,  641,   91,  603,  954,  633,  260,  828,  525,  410, 1111,  563,  787,  555,  919,  976,  646,  604,  709,  531,  670,  483,  754,  335,  714,  457,  866,  365,  978, 1003,  924,  167,  942,  152,  293, 1117,  628,  762,  948,  362,  757,  692,  875,  365,  592,  505,  581,  129,  790,  181,  821, 1133,  181,  555, 1023,  810,  544,  660,  459,  777,  676,  730,  642,  171,  669,  874],
        [   96,    0,  845,  642,  683,  682,  175,  749,  613,  353,  565,  582,  589,  765,   82,  472,  323,  741,  927,  173,  220,  634,  321,  699,  887,    0,  777,  870,  695,  343,  707,  587,  219,  322,  686,  866,  671,  699,  245,  773,  490,  591,  440,  252,  198,  650,  160,  814,  326,  506,  446,  405,  267,  729,  475,  404,  337,   83,  336,  370,  825,  690,  367,  777,  525,  561,  491,  425,  233,  728,  269,  475,  213,  727,  585,  695,  732,  880,  238,  464,  339,  758,  372,  666,   95,  751,  247,  369,  576,  660,  829,  311,  694,  430,  624,  256,  897,  606,  402,  375,  639,  137,  368,  695,  226,  449,  364,  512,  702,  197,  432,  690,  180,  657,  696,  447,  184,  612,  311,  463,  260,  597,  495,  169,  554,  810,  224,  824,  716,  263,  515,  238,  268,  526,  131,  444,  114,  702,  788,  597,  800,  811,  209,  738,  196,  291,  793,  333,  353,  863,  709,  818,  789,  473,  464,  396,  247,  795,  269,   72],
        [  772,    0,   72,  853,  630,  135,  949,  541,  419,  758,  510,  257,  466,  809,  766,  341,  502,   37,  151,  744,  988,  396,  751,  278,  114,  777,    0,  296,  779, 1098,  503,  266,  996,  813,  805,  162,  107,  303,  679,  840,  452,  277,  377,  727,  820,  660,  716,  560,  523,  443,  346,  387,  725,  783,  487,  846,  445,  817,  454,  464,  369,  182,  471,  393,  656,  861,  575,  456,  918,   84, 1013,  505,  927,  457,  371,   89,   79,  287,  742,  809,  492,  459, 1110,  820,  869,  176,  602,  556,  218,  545,  697,  530,  544,  760,  562,  535,  164,  507,  868,  544,  168,  716,  419,  373, 1002,  452,  700,  483,  867,  863,  565,  564,  601,  486,  629,  389,  641,  227,  601,  361,  753,  258,  899,  898,  854,  117,  842,  113,  255, 1012,  559,  648,  852,  254,  647,  614,  763,  281,  572,  447,  563,  128,  690,   81,  720, 1029,  172,  446,  930,  787,  509,  640,  445,  671,  569,  620,  532,  110,  556,  762],
        [  832,    0,  319,  711,  452,  249, 1025,  328,  691,  722,  401,  504,  733,  616,  886,  546,  550,  297,  301,  779, 1051,  672,  727,  566,  272,  870,  296,    0,  608, 1141,  313,  519, 1075,  790,  640,  155,  322,  177,  695,  647,  409,  281,  432,  732,  843,  498,  861,  319,  554,  393,  529,  558,  903,  599,  724,  794,  547,  883,  608,  502,  110,  466,  506,  166,  903,  751,  817,  671,  943,  247, 1055,  742,  963,  258,  300,  291,  366,   20,  751,  731,  534,  241, 1138,  665,  949,  152,  767,  545,  334,  378,  465,  709,  360,  979,  413,  616,  187,  777,  819,  534,  279,  853,  513,  213, 1078,  677,  662,  413,  704, 1006,  516,  382,  694,  327,  445,  424,  786,  484,  791,  408,  928,  514,  819,  946,  746,  407,  858,  398,  155, 1057,  467,  816,  852,  395,  744,  549,  893,  569,  342,  334,  328,  169,  718,  372,  749, 1065,  130,  560,  908,  556,  318,  406,  209,  905,  804,  837,  648,  403,  719,  879],
        [  606,    0,  840,  124,  157,  647,  762,  283,  974,  353,  278,  805,  988,   71,  761,  753,  490,  752,  868,  525,  757,  973,  383,  936,  827,  695,  779,  608,    0,  785,  296,  822,  806,  412,   35,  726,  713,  485,  452,   83,  371,  514,  510,  445,  537,  120,  798,  317,  459,  371,  709,  700,  896,   38,  908,  353,  582,  648,  689,  474,  500,  854,  468,  442, 1061,  209,  984,  831,  602,  695,  715,  922,  639,  351,  413,  706,  803,  627,  462,  266,  479,  368,  755,   68,  720,  619,  782,  381,  612,  238,  212,  778,  249, 1044,  218,  559,  767, 1028,  374,  385,  627,  776,  565,  418,  803,  853,  332,  328,   97,  890,  315,  228,  607,  297,  163,  482,  752,  811,  848,  505,  906,  826,  311,  650,  209,  886,  530,  887,  535,  725,  258,  817,  494,  631,  635,  275,  788,  940,  283,  334,  301,  699,  488,  812,  499,  712,  649,  605,  486,  191,  291,  247,  403, 1030,  959,  937,  635,  874,  754,  750],
        [  327,    0, 1168,  686,  839,  989,  179,  942,  954,  456,  773,  920,  927,  850,  396,  811,  606, 1061, 1246,  364,  127,  975,  437, 1041, 1203,  343, 1098, 1141,  785,    0,  911,  927,  160,  385,  762, 1166,  992,  964,  447,  845,  734,  876,  734,  412,  299,  792,  480, 1005,  593,  750,  782,  741,  565,  822,  813,  433,  654,  284,  674,  650, 1074, 1028,  644, 1018,  835,  589,  817,  767,  201, 1039,   87,  811,  178,  947,  842, 1012, 1061, 1154,  392,  520,  619,  979,   56,  731,  251, 1043,  586,  598,  886,  849,  972,  653,  884,  710,  807,  564, 1200,  940,  412,  608,  946,  462,  679,  941,  149,  790,  505,  738,  748,  410,  637,  872,  502,  867,  853,  732,  523,  950,  643,  755,  547,  937,  488,  201,  585, 1142,  287, 1156,  993,   87,  708,  567,  306,  844,  461,  621,  420, 1044,  973,  826,  988, 1113,  424, 1068,  393,   78, 1087,  656,  300,  974,  911,  980, 1015,  780,  792,  717,  578, 1127,  612,  392],
        [  641,    0,  557,  399,  140,  380,  830,   52,  776,  461,  143,  589,  802,  313,  749,  570,  404,  481,  577,  571,  844,  768,  476,  703,  538,  707,  503,  313,  296,  911,    0,  606,  880,  533,  328,  432,  456,  200,  481,  344,  227,  271,  345,  504,  618,  186,  753,  111,  388,  214,  532,  540,  828,  291,  749,  516,  459,  693,  558,  364,  208,  610,  363,  147,  922,  446,  837,  677,  711,  421,  829,  765,  739,   55,  182,  441,  540,  332,  525,  442,  387,   78,  898,  352,  766,  333,  695,  339,  378,   71,  203,  662,   48,  948,  112,  485,  473,  846,  542,  333,  371,  737,  429,  130,  881,  693,  407,  196,  392,  880,  281,   69,  557,   51,  135,  320,  688,  585,  744,  328,  846,  607,  524,  733,  441,  616,  625,  614,  250,  834,  204,  740,  607,  418,  601,  291,  766,  707,   95,  121,  100,  410,  513,  549,  539,  834,  358,  480,  644,  289,    7,  154,  117,  905,  816,  819,  547,  605,  654,  739],
        [  609,    0,  311,  861,  699,  272,  761,  655,  177,  681,  547,   18,  215,  871,  555,  116,  399,  242,  401,  607,  806,  164,  664,  126,  373,  587,  266,  519,  822,  927,  606,    0,  802,  718,  839,  418,  198,  438,  568,  897,  452,  336,  318,  617,  683,  710,  490,  696,  431,  451,  151,  189,  477,  838,  222,  773,  306,  645,  254,  383,  554,  110,  391,  550,  393,  839,  310,  200,  772,  276,  847,  240,  771,  578,  429,  230,  191,  516,  626,  764,  398,  594,  949,  844,  681,  368,  370,  494,  229,  620,  807,  295,  635,  496,  619,  390,  428,  259,  790,  484,  254,  496,  298,  494,  810,  192,  634,  495,  893,  631,  535,  649,  431,  570,  704,  344,  422,   40,  352,  319,  506,   11,  847,  734,  831,  242,  710,  259,  409,  843,  568,  411,  732,  193,  468,  587,  544,  130,  695,  506,  693,  370,  565,  193,  592,  866,  391,  292,  822,  888,  612,  759,  597,  406,  304,  358,  352,  229,  330,  554],
        [  244,    0, 1063,  724,  831,  898,   51,  917,  812,  455,  737,  798,  782,  874,  252,  688,  526,  959, 1146,  310,   57,  835,  428,  910, 1105,  219,  996, 1075,  806,  160,  880,  802,    0,  395,  788, 1080,  889,  900,  399,  875,  679,  799,  650,  380,  272,  789,  332,  982,  522,  695,  664,  622,  410,  842,  669,  464,  553,  192,  553,  573, 1020,  907,  569,  968,  679,  631,  665,  629,  212,  945,  134,  665,  172,  908,  781,  912,  951, 1086,  360,  546,  541,  940,  208,  762,  128,  962,  445,  546,  792,  825,  972,  517,  860,  551,  785,  468, 1112,  791,  449,  555,  854,  318,  583,  888,   12,  651,  491,  692,  788,  251,  599,  852,  397,  832,  845,  653,  385,  829,  496,  673,  390,  812,  539,  156,  625, 1028,  277, 1043,  922,  120,  679,  420,  314,  744,  349,  596,  272,  913,  953,  780,  966, 1026,  368,  957,  341,  155, 1006,  551,  353,  989,  881,  971,  974,  623,  642,  564,  465, 1013,  477,  251],
        [  226,    0,  885,  334,  455,  687,  352,  561,  812,   73,  400,  706,  805,  480,  400,  611,  324,  777,  949,  157,  346,  824,   64,  844,  905,  322,  813,  790,  412,  385,  533,  718,  395,    0,  394,  844,  713,  617,  152,  481,  386,  554,  438,  105,  132,  408,  463,  623,  296,  401,  569,  538,  572,  449,  698,   83,  413,  255,  489,  353,  711,  797,  345,  651,  801,  245,  745,  628,  192,  740,  308,  705,  227,  573,  494,  725,  797,  806,  103,  153,  329,  604,  366,  368,  320,  718,  500,  260,  597,  468,  589,  532,  503,  736,  426,  334,  882,  834,   85,  272,  647,  438,  423,  581,  391,  654,  130,  378,  397,  514,  275,  490,  326,  493,  469,  425,  447,  728,  573,  453,  572,  727,  175,  240,  238,  886,  119,  895,  653,  317,  333,  516,   83,  574,  323,  246,  432,  848,  590,  461,  605,  796,  165,  805,  150,  308,  760,  428,  120,  598,  533,  596,  642,  756,  718,  667,  394,  871,  494,  389],
        [  595,    0,  866,   91,  189,  672,  745,  317,  987,  339,  300,  822, 1000,   88,  754,  766,  496,  777,  897,  515,  739,  987,  369,  955,  856,  686,  805,  640,   35,  762,  328,  839,  788,  394,    0,  756,  736,  514,  445,   88,  388,  537,  524,  435,  521,  147,  794,  351,  464,  389,  722,  711,  894,   65,  918,  330,  590,  635,  696,  483,  533,  874,  477,  474, 1066,  180,  991,  840,  582,  721,  694,  931,  620,  382,  437,  730,  826,  659,  451,  245,  486,  400,  730,   35,  706,  647,  784,  386,  633,  267,  245,  782,  281, 1045,  244,  562,  797, 1040,  351,  391,  650,  772,  575,  447,  785,  863,  323,  345,   65,  882,  322,  259,  607,  325,  196,  497,  751,  829,  851,  521,  903,  843,  283,  634,  181,  910,  513,  912,  564,  704,  272,  817,  475,  649,  632,  278,  781,  959,  318,  359,  335,  728,  480,  835,  490,  690,  678,  613,  463,  218,  323,  282,  436, 1034,  966,  941,  638,  898,  758,  743],
        [  844,    0,  168,  818,  570,  186, 1032,  459,  579,  780,  485,  406,  625,  744,  868,  474,  561,  177,  149,  803, 1065,  557,  780,  440,  118,  866,  162,  155,  726, 1166,  432,  418, 1080,  844,  756,    0,  228,  247,  727,  775,  460,  293,  433,  770,  874,  610,  828,  461,  574,  446,  468,  505,  852,  723,  637,  861,  530,  893,  565,  516,  253,  343,  522,  296,  811,  845,  727,  596,  975,  151, 1079,  655,  989,  380,  357,  196,  240,  140,  788,  810,  547,  371, 1170,  777,  953,  126,  722,  586,  292,  489,  606,  655,  479,  905,  517,  612,   42,  667,  885,  574,  229,  824,  499,  310, 1085,  597,  720,  478,  820,  976,  575,  500,  686,  432,  566,  435,  753,  380,  732,  412,  879,  411,  900,  966,  839,  262,  893,  250,  200, 1080,  545,  770,  895,  348,  735,  617,  869,  442,  481,  416,  468,   56,  744,  243,  776, 1092,   85,  537,  963,  697,  438,  547,  346,  821,  719,  763,  627,  260,  675,  862],
        [  665,    0,  177,  777,  571,   82,  843,  500,  370,  660,  437,  184,  412,  750,  661,  247,  397,   71,  257,  639,  881,  352,  651,  257,  217,  671,  107,  322,  713,  992,  456,  198,  889,  713,  736,  228,    0,  265,  576,  779,  366,  200,  276,  624,  714,  595,  614,  531,  420,  358,  246,  285,  629,  721,  411,  749,  339,  711,  350,  362,  365,  158,  369,  372,  588,  776,  502,  369,  813,   79,  906,  429,  821,  418,  300,   33,   92,  318,  638,  718,  388,  427, 1004,  748,  762,  173,  502,  458,  117,  487,  657,  433,  493,  678,  497,  428,  245,  455,  771,  446,   87,  612,  313,  331,  895,  370,  604,  401,  796,  762,  474,  511,  494,  430,  573,  290,  539,  163,  507,  262,  656,  193,  807,  791,  769,  179,  738,  186,  226,  905,  478,  549,  748,  148,  541,  524,  659,  261,  536,  379,  530,  176,  585,  101,  616,  922,  194,  339,  828,  744,  462,  603,  422,  595,  493,  536,  425,  165,  455,  657],
        [  657,    0,  358,  573,  332,  185,  850,  239,  614,  549,  239,  421,  647,  510,  720,  430,  377,  282,  384,  602,  876,  601,  553,  520,  343,  699,  303,  177,  485,  964,  200,  438,  900,  617,  514,  247,  265,    0,  518,  541,  233,  125,  267,  556,  667,  367,  702,  266,  379,  218,  402,  423,  755,  486,  614,  625,  387,  709,  462,  330,  134,  422,  333,  114,  794,  599,  706,  551,  767,  222,  878,  632,  787,  156,  124,  246,  344,  191,  575,  568,  361,  162,  962,  533,  776,  135,  617,  368,  215,  248,  396,  567,  243,  848,  272,  447,  288,  692,  650,  357,  187,  692,  353,   71,  904,  562,  489,  241,  577,  844,  343,  264,  526,  189,  330,  254,  629,  411,  651,  243,  778,  437,  657,  769,  593,  417,  682,  415,   51,  881,  302,  666,  676,  270,  575,  379,  730,  524,  273,  170,  266,  215,  542,  352,  572,  888,  165,  403,  735,  485,  207,  341,  160,  787,  690,  709,  487,  407,  571,  713],
