{
    "name": "random-45-24852",
    "comment": "size=45 seed=24852",
    "nodes": ["+0", "-0", "+1", "-1", "+2", "-2", "+3", "-3", "+4", "-4", "+5", "-5", "+6", "-6", "+7", "-7", "+8", "-8", "+9", "-9", "+10", "-10", "+11", "-11", "+12", "-12", "+13", "-13", "+14", "-14", "+15", "-15", "+16", "-16", "+17", "-17", "+18", "-18", "+19", "-19", "+20", "-20", "+21", "-21", "+22", "-22", "+23", "-23", "+24", "-24", "+25", "-25", "+26", "-26", "+27", "-27", "+28", "-28", "+29", "-29", "+30", "-30", "+31", "-31", "+32", "-32", "+33", "-33", "+34", "-34", "+35", "-35", "+36", "-36", "+37", "-37", "+38", "-38", "+39", "-39", "+40", "-40", "+41", "-41", "+42", "-42", "+43", "-43", "+44", "-44", "+45", "-45"],
    "precedence": {
        "+0": "-0",
        "+1": "-1",
        "+2": "-2",
        "+3": "-3",
        "+4": "-4",
        "+5": "-5",
        "+6": "-6",
        "+7": "-7",
        "+8": "-8",
        "+9": "-9",
        "+10": "-10",
        "+11": "-11",
        "+12": "-12",
        "+13": "-13",
        "+14": "-14",
        "+15": "-15",
        "+16": "-16",
        "+17": "-17",
        "+18": "-18",
        "+19": "-19",
        "+20": "-20",
        "+21": "-21",
        "+22": "-22",
        "+23": "-23",
        "+24": "-24",
        "+25": "-25",
        "+26": "-26",
        "+27": "-27",
        "+28": "-28",
        "+29": "-29",
        "+30": "-30",
        "+31": "-31",
        "+32": "-32",
        "+33": "-33",
        "+34": "-34",
        "+35": "-35",
        "+36": "-36",
        "+37": "-37",
        "+38": "-38",
        "+39": "-39",
        "+40": "-40",
        "+41": "-41",
        "+42": "-42",
        "+43": "-43",
        "+44": "-44",
        "+45": "-45"
    },
    "edges": [
        [    0,    0,  589,  480,  266,  765,  854,  337,  352,  501,  118,  677,  636,  488,  308,  475,  110,   22,  425,  433,  760,  647,  501,  313,  304,  625,  487,  580,  151,  135,  490,  741,  793,  632,  172,  353,  219,  355,   55,   62,  340,  601,  406,  385,  507,  260,  243,  294,  571,  246,  204,  190,  381,  809,  786,  598,  682,  162,  522,  684,  329,  571,  438,  828,  668,  312,  184,  527,  518,  190,  482,  207,  482,  356,  458,  405,  673,  678,  383,  682,  379,  808,  645,  332,  244,  583,  395,  201,  399,  781,  414,  692],
        [    0,    0,    0,    0,    0,    0,    0,    0,    0,    0,    0,    0,    0,    0,    0,    0,    0,    0,    0,    0,    0,    0,    0,    0,    0,    0,    0,    0,    0,    0,    0,    0,    0,    0,    0,    0,    0,    0,    0,    0,    0,    0,    0,    0,    0,    0,    0,    0,    0,    0,    0,    0,    0,    0,    0,    0,    0,    0,    0,    0,    0,    0,    0,    0,    0,    0,    0,    0,    0,    0,    0,    0,    0,    0,    0,    0,    0,    0,    0,    0,    0,    0,    0,    0,    0,    0,    0,    0,    0,    0,    0,    0],
        [  589,    0,    0,  121,  338,  944,  994,  629,  240,  341,  503,  881,   84,  875,  467,  503,  483,  568,  922,  268,  928,  398,  586,  278,  491,  757,  215,  678,  452,  554,  222,  763,  243,  154,  432,  237,  756,  461,  634,  645,  859,  915,  417,  926,  426,  841,  690,  347,   26,  781,  638,  416,  334,  967,  250,  747,  771,  483,  352,  432,  574,  173,  942,  283,  814,  893,  765,  233,  307,  615,  368,  743,  438,  534,  893,  987,  568,  221,  748,  274,  870,  948,  639,  905,  499,  322,  569,  433,  198,  887,  212,  182],
        [  480,    0,  121,    0,  247,  924,  984,  568,  147,  252,  405,  853,  157,  811,  408,  483,  378,  460,  839,  245,  910,  439,  563,  168,  430,  738,  124,  661,  337,  462,  226,  768,  361,  242,  334,  134,  661,  345,  521,  538,  769,  867,  307,  833,  333,  736,  569,  226,  114,  687,  517,  319,  219,  952,  365,  724,  762,  364,  361,  478,  515,  225,  858,  401,  795,  779,  651,  161,  226,  529,  362,  624,  340,  417,  821,  883,  588,  310,  682,  351,  787,  937,  642,  803,  426,  355,  524,  345,  123,  880,   92,  286],
        [  266,    0,  338,  247,    0,  734,  807,  336,  101,  385,  167,  655,  399,  572,  190,  325,  157,  245,  592,  179,  723,  415,  389,  100,  208,  557,  307,  488,  167,  218,  229,  627,  527,  367,   97,  115,  419,  344,  317,  316,  524,  642,  354,  590,  435,  507,  437,  191,  317,  444,  383,   80,  275,  769,  521,  537,  596,  223,  294,  456,  289,  306,  611,  563,  612,  578,  449,  354,  382,  283,  264,  452,  423,  395,  577,  653,  495,  414,  444,  422,  540,  759,  508,  568,  187,  339,  318,   99,  140,  712,  218,  426],
        [  765,    0,  944,  924,  734,    0,   95,  433,  803, 1117,  693,   90, 1027,  356,  545,  443,  743,  761,  539,  683,   20,  608,  362,  831,  529,  187, 1024,  266,  825,  639,  722,  243,  962,  843,  717,  826,  632, 1058,  801,  743,  584,  226, 1081,  636, 1167,  746, 1004,  919,  919,  626,  969,  716, 1008,   48,  939,  201,  185,  878,  597,  602,  460,  786,  553,  971,  131,  912,  850, 1071, 1111,  576,  577,  935, 1154, 1089,  429,  798,  435,  820,  396,  770,  531,   64,  330,  726,  570,  649,  417,  670,  805,  110,  937,  878],
        [  854,    0,  994,  984,  807,   95,    0,  519,  869, 1187,  777,  182, 1077,  450,  619,  502,  827,  848,  632,  740,   95,  637,  424,  901,  606,  250, 1088,  324,  906,  726,  774,  250,  991,  883,  797,  894,  726, 1137,  891,  833,  679,  319, 1157,  730, 1241,  840, 1094,  995,  970,  720, 1058,  795, 1081,   48,  967,  271,  224,  961,  643,  624,  541,  831,  646,  997,  196, 1007,  944, 1135, 1179,  665,  628, 1027, 1229, 1171,  522,  892,  457,  854,  489,  800,  625,   49,  361,  821,  650,  687,  493,  749,  867,  109, 1004,  913],
        [  337,    0,  629,  568,  336,  433,  519,    0,  426,  715,  261,  346,  705,  246,  163,  224,  312,  330,  330,  370,  427,  464,  201,  435,  140,  290,  642,  255,  395,  207,  431,  418,  745,  588,  294,  445,  268,  631,  378,  324,  301,  307,  662,  378,  754,  398,  579,  504,  605,  277,  540,  297,  597,  475,  729,  263,  349,  446,  367,  488,   57,  519,  352,  770,  332,  547,  454,  690,  716,  152,  324,  523,  737,  658,  271,  509,  407,  601,  120,  575,  283,  473,  343,  418,  151,  441,  103,  252,  446,  445,  553,  641],
        [  352,    0,  240,  147,  101,  803,  869,  426,    0,  321,  264,  727,  298,  666,  270,  372,  244,  331,  692,  162,  790,  400,  446,   60,  290,  620,  222,  546,  225,  318,  186,  670,  446,  292,  192,   25,  518,  330,  399,  406,  624,  728,  320,  690,  384,  601,  486,  174,  221,  544,  432,  176,  230,  834,  442,  603,  652,  268,  291,  441,  375,  242,  712,  483,  676,  660,  531,  270,  310,  383,  275,  520,  379,  393,  675,  748,  514,  348,  538,  369,  641,  821,  546,  665,  280,  316,  392,  199,   50,  769,  135,  349],
        [  501,    0,  341,  252,  385, 1117, 1187,  715,  321,    0,  482, 1039,  312,  938,  575,  692,  435,  486,  918,  472, 1106,  688,  765,  287,  592,  938,  130,  865,  357,  549,  470,  990,  576,  486,  427,  296,  716,  188,  520,  562,  836, 1021,  122,  885,   86,  751,  471,  217,  347,  743,  433,  420,  123, 1151,  586,  919,  971,  341,  598,  728,  671,  476,  933,  615,  993,  738,  625,  112,   39,  626,  590,  562,  102,  251,  929,  888,  826,  555,  813,  601,  869, 1139,  866,  826,  564,  602,  702,  463,  335, 1089,  191,  522],
        [  118,    0,  503,  405,  167,  693,  777,  261,  264,  482,    0,  606,  560,  459,  195,  363,   53,  100,  444,  320,  685,  529,  398,  240,  194,  537,  439,  484,  137,   67,  380,  642,  691,  528,   72,  272,  256,  374,  173,  155,  368,  554,  411,  429,  508,  341,  344,  266,  483,  283,  298,   88,  360,  734,  682,  512,  590,  186,  404,  566,  237,  464,  461,  725,  585,  423,  297,  484,  492,  145,  364,  324,  488,  398,  447,  486,  560,  570,  339,  570,  393,  730,  539,  402,  136,  466,  297,   85,  307,  696,  355,  588],
        [  677,    0,  881,  853,  655,   90,  182,  346,  727, 1039,  606,    0,  964,  278,  465,  379,  657,  672,  462,  617,   88,  568,  296,  752,  448,  134,  949,  210,  739,  551,  660,  244,  918,  789,  632,  750,  545,  973,  712,  654,  502,  159,  998,  557, 1086,  660,  915,  837,  856,  539,  880,  633,  927,  135,  896,  137,  162,  791,  541,  567,  375,  730,  478,  930,   90,  826,  762,  996, 1034,  487,  516,  846, 1072, 1003,  351,  719,  407,  773,  308,  726,  450,  142,  297,  644,  485,  599,  338,  587,  733,  152,  861,  828],
        [  636,    0,   84,  157,  399, 1027, 1077,  705,  298,  312,  560,  964,    0,  950,  543,  586,  534,  616,  989,  349, 1011,  477,  668,  325,  566,  840,  201,  761,  492,  615,  305,  846,  268,  224,  489,  289,  815,  460,  677,  695,  922,  994,  408,  987,  396,  893,  711,  371,  108,  841,  661,  473,  336, 1050,  281,  829,  854,  515,  435,  509,  650,  254, 1009,  306,  897,  933,  805,  201,  275,  680,  451,  774,  413,  533,  965, 1039,  649,  286,  822,  343,  937, 1032,  722,  959,  569,  403,  648,  496,  263,  970,  232,  236],
        [  488,    0,  875,  811,  572,  356,  450,  246,  666,  938,  459,  278,  950,    0,  408,  430,  510,  491,  185,  614,  362,  672,  370,  669,  385,  328,  878,  353,  594,  393,  673,  479,  981,  828,  512,  685,  303,  829,  508,  446,  232,  136,  869,  281,  967,  400,  704,  722,  850,  289,  680,  520,  817,  403,  963,  304,  389,  633,  594,  688,  301,  759,  201, 1004,  330,  566,  523,  925,  944,  316,  555,  617,  947,  841,   74,  443,  564,  835,  129,  802,  176,  417,  467,  372,  387,  667,  321,  480,  690,  426,  789,  879],
        [  308,    0,  467,  408,  190,  545,  619,  163,  270,  575,  195,  465,  543,  408,    0,  168,  233,  293,  472,  212,  534,  358,  211,  289,   24,  371,  490,  306,  300,  183,  275,  456,  595,  434,  186,  291,  350,  520,  361,  326,  424,  459,  539,  499,  623,  470,  539,  376,  443,  369,  491,  180,  464,  580,  581,  349,  414,  359,  241,  391,  108,  365,  493,  623,  424,  589,  473,  538,  571,  193,  196,  514,  611,  561,  428,  603,  366,  455,  281,  437,  421,  571,  347,  511,   69,  312,  128,  136,  286,  528,  401,  490],
        [  475,    0,  503,  483,  325,  443,  502,  224,  372,  692,  363,  379,  586,  430,  168,    0,  400,  460,  550,  241,  428,  245,   83,  410,  172,  256,  588,  179,  462,  345,  282,  302,  559,  418,  349,  397,  479,  668,  527,  487,  525,  431,  677,  601,  752,  607,  707,  515,  478,  493,  658,  340,  593,  470,  540,  244,  281,  521,  171,  266,  182,  354,  572,  579,  313,  742,  632,  634,  681,  333,  139,  680,  744,  716,  476,  729,  200,  412,  327,  375,  505,  454,  184,  636,  232,  239,  121,  300,  366,  399,  505,  462],
        [  110,    0,  483,  378,  157,  743,  827,  312,  244,  435,   53,  657,  534,  510,  233,  400,    0,   89,  485,  327,  736,  548,  441,  210,  236,  586,  400,  530,   85,  117,  382,  686,  683,  523,   65,  247,  291,  323,  162,  163,  407,  606,  360,  464,  458,  360,  309,  219,  464,  318,  259,   81,  313,  784,  676,  561,  637,  135,  424,  587,  286,  462,  502,  719,  635,  422,  293,  443,  446,  194,  386,  303,  438,  346,  495,  506,  593,  569,  390,  575,  435,  780,  580,  426,  181,  480,  343,  105,  291,  744,  320,  582],
        [   22,    0,  568,  460,  245,  761,  848,  330,  331,  486,  100,  672,  616,  491,  293,  460,   89,    0,  436,  413,  755,  628,  489,  292,  289,  617,  469,  570,  133,  125,  470,  730,  771,  611,  151,  332,  232,  345,   75,   80,  352,  601,  394,  400,  495,  279,  252,  277,  550,  258,  211,  169,  366,  804,  765,  591,  673,  150,  503,  665,  319,  550,  450,  807,  661,  333,  205,  510,  503,  187,  463,  224,  471,  350,  464,  425,  658,  657,  383,  662,  389,  803,  632,  350,  229,  563,  384,  182,  378,  774,  395,  671],
        [  425,    0,  922,  839,  592,  539,  632,  330,  692,  918,  444,  462,  989,  185,  472,  550,  485,  436,    0,  682,  545,  793,  507,  679,  449,  503,  882,  515,  561,  380,  746,  655, 1066,  905,  510,  706,  207,  779,  426,  369,   89,  314,  830,  101,  930,  251,  599,  703,  899,  182,  588,  523,  796,  586, 1051,  478,  567,  586,  696,  815,  382,  836,   23, 1094,  512,  409,  398,  927,  931,  310,  652,  498,  907,  775,  111,  262,  713,  925,  227,  902,   52,  600,  626,  203,  426,  770,  429,  494,  727,  610,  797,  961],
        [  433,    0,  268,  245,  179,  683,  740,  370,  162,  472,  320,  617,  349,  614,  212,  241,  327,  413,  682,    0,  668,  242,  322,  217,  235,  497,  357,  419,  345,  348,   65,  525,  386,  224,  263,  185,  543,  490,  487,  474,  630,  647,  481,  703,  541,  650,  615,  333,  243,  565,  562,  246,  390,  710,  374,  484,  518,  400,  130,  284,  314,  155,  703,  417,  554,  742,  616,  401,  455,  389,  119,  628,  538,  551,  639,  792,  355,  253,  489,  250,  631,  693,  399,  702,  260,  162,  302,  236,  137,  636,  281,  281],
        [  760,    0,  928,  910,  723,   20,   95,  427,  790, 1106,  685,   88, 1011,  362,  534,  428,  736,  755,  545,  668,    0,  590,  348,  819,  519,  172, 1011,  251,  817,  633,  706,  223,  943,  825,  708,  814,  633, 1049,  798,  739,  588,  235, 1071,  642, 1157,  748, 1000,  909,  903,  627,  964,  707,  997,   49,  920,  188,  166,  870,  580,  583,  451,  770,  560,  953,  115,  914,  850, 1057, 1099,  572,  561,  933, 1144, 1081,  435,  804,  416,  802,  395,  751,  535,   56,  311,  730,  561,  631,  407,  661,  791,   91,  924,  860],
        [  647,    0,  398,  439,  415,  608,  637,  464,  400,  688,  529,  568,  477,  672,  358,  245,  548,  628,  793,  242,  590,    0,  305,  457,  374,  435,  563,  362,  581,  536,  221,  390,  355,  259,  485,  422,  704,  730,  701,  676,  763,  656,  715,  839,  765,  827,  849,  573,  378,  721,  797,  470,  623,  620,  331,  436,  425,  638,  125,   42,  416,  226,  815,  364,  485,  944,  823,  599,  665,  549,  166,  850,  766,  792,  720,  957,  183,  219,  571,  163,  747,  596,  280,  865,  425,   86,  364,  447,  365,  529,  502,  279],
        [  501,    0,  586,  563,  389,  362,  424,  201,  446,  765,  398,  296,  668,  370,  211,   83,  441,  489,  507,  322,  348,  305,    0,  480,  205,  176,  665,  101,  511,  367,  364,  246,  636,  498,  397,  470,  468,  728,  550,  504,  495,  355,  742,  570,  821,  599,  740,  579,  560,  478,  695,  391,  662,  390,  616,  162,  208,  569,  250,  318,  179,  436,  529,  653,  233,  744,  643,  711,  756,  337,  221,  702,  811,  771,  423,  709,  208,  489,  281,  448,  468,  376,  147,  618,  262,  314,  109,  347,  444,  325,  580,  541],
        [  313,    0,  278,  168,  100,  831,  901,  435,   60,  287,  240,  752,  325,  669,  289,  410,  210,  292,  679,  217,  819,  457,  480,    0,  307,  651,  209,  580,  175,  300,  245,  712,  497,  347,  170,   46,  495,  274,  356,  370,  607,  741,  270,  668,  342,  569,  430,  117,  262,  522,  376,  157,  184,  864,  494,  632,  687,  213,  345,  499,  388,  299,  698,  535,  707,  616,  487,  256,  283,  372,  326,  469,  334,  336,  671,  715,  564,  405,  542,  428,  628,  853,  589,  636,  285,  374,  415,  191,  107,  804,  120,  403],
        [  304,    0,  491,  430,  208,  529,  606,  140,  290,  592,  194,  448,  566,  385,   24,  172,  236,  289,  449,  235,  519,  374,  205,  307,    0,  359,  510,  297,  307,  174,  298,  450,  617,  457,  194,  311,  332,  532,  356,  317,  403,  438,  552,  478,  639,  454,  538,  390,  466,  350,  492,  190,  480,  566,  603,  336,  405,  365,  259,  405,   86,  388,  471,  645,  411,  577,  463,  558,  590,  176,  214,  509,  625,  570,  405,  585,  371,  477,  258,  458,  399,  558,  345,  493,   61,  331,  114,  145,  308,  516,  421,  512],
        [  625,    0,  757,  738,  557,  187,  250,  290,  620,  938,  537,  134,  840,  328,  371,  256,  586,  617,  503,  497,  172,  435,  176,  651,  359,    0,  840,   80,  663,  492,  536,  152,  785,  659,  551,  644,  535,  890,  668,  614,  521,  250,  909,  588,  991,  661,  868,  746,  732,  536,  827,  548,  831,  215,  762,   29,   65,  719,  412,  434,  301,  601,  522,  797,   57,  821,  739,  887,  930,  441,  390,  812,  980,  927,  398,  744,  276,  641,  302,  593,  478,  202,  167,  660,  406,  467,  246,  503,  620,  159,  755,  697],
        [  487,    0,  215,  124,  307, 1024, 1088,  642,  222,  130,  439,  949,  201,  878,  490,  588,  400,  469,  882,  357, 1011,  563,  665,  209,  510,  840,    0,  765,  336,  503,  347,  881,  455,  357,  373,  200,  690,  260,  518,  548,  805,  947,  207,  862,  213,  746,  520,  196,  219,  717,  473,  362,  138, 1055,  463,  823,  869,  343,  479,  602,  593,  348,  899,  494,  896,  762,  639,   48,  102,  577,  476,  594,  224,  332,  878,  889,  708,  426,  750,  472,  831, 1041,  755,  818,  493,  478,  614,  399,  223,  987,   90,  395],
        [  580,    0,  678,  661,  488,  266,  324,  255,  546,  865,  484,  210,  761,  353,  306,  179,  530,  570,  515,  419,  251,  362,  101,  580,  297,   80,  765,    0,  604,  445,  457,  163,  709,  581,  490,  570,  516,  826,  626,  575,  520,  302,  841,  591,  921,  645,  822,  678,  653,  520,  779,  486,  761,  292,  687,   75,  109,  661,  333,  365,  252,  522,  536,  722,  136,  800,  708,  811,  856,  404,  311,  775,  911,  866,  418,  741,  217,  564,  298,  517,  483,  276,  114,  653,  349,  389,  188,  441,  544,  225,  680,  619],
        [  151,    0,  452,  337,  167,  825,  906,  395,  225,  357,  137,  739,  492,  594,  300,  462,   85,  133,  561,  345,  817,  581,  511,  175,  307,  663,  336,  604,    0,  201,  392,  756,  670,  516,  115,  220,  361,  238,  186,  212,  480,  691,  276,  531,  374,  410,  270,  145,  436,  388,  217,  123,  235,  865,  666,  639,  711,   60,  458,  621,  366,  462,  577,  707,  713,  442,  314,  377,  372,  279,  426,  296,  354,  265,  578,  554,  647,  570,  475,  584,  512,  859,  644,  482,  257,  506,  418,  164,  275,  821,  265,  574],
        [  135,    0,  554,  462,  218,  639,  726,  207,  318,  549,   67,  551,  615,  393,  183,  345,  117,  125,  380,  348,  633,  536,  367,  300,  174,  492,  503,  445,  201,    0,  411,  607,  729,  566,  131,  328,  202,  438,  184,  144,  308,  492,  476,  373,  574,  302,  377,  332,  533,  227,  335,  144,  427,  682,  719,  466,  548,  245,  415,  571,  194,  499,  398,  762,  537,  408,  290,  548,  558,   78,  372,  337,  554,  457,  381,  445,  545,  601,  275,  595,  329,  679,  512,  357,  115,  482,  261,  122,  357,  649,  418,  625],
        [  490,    0,  222,  226,  229,  722,  774,  431,  186,  470,  380,  660,  305,  673,  275,  282,  382,  470,  746,   65,  706,  221,  364,  245,  298,  536,  347,  457,  392,  411,    0,  548,  322,  160,  319,  205,  607,  513,  543,  534,  694,  701,  496,  767,  545,  713,  661,  359,  197,  629,  607,  301,  403,  746,  310,  525,  551,  443,  136,  262,  374,   91,  767,  353,  592,  801,  673,  387,  448,  453,  146,  681,  545,  578,  701,  855,  363,  191,  550,  194,  695,  728,  422,  766,  324,  135,  357,  296,  146,  667,  282,  217],
        [  741,    0,  763,  768,  627,  243,  250,  418,  670,  990,  642,  244,  846,  479,  456,  302,  686,  730,  655,  525,  223,  390,  246,  712,  450,  152,  881,  163,  756,  607,  548,    0,  742,  642,  642,  695,  676,  969,  788,  738,  670,  390,  979,  738, 1053,  804,  982,  817,  739,  679,  938,  635,  895,  241,  718,  178,   90,  814,  413,  375,  413,  594,  674,  747,  159,  961,  871,  925,  977,  567,  407,  937, 1045, 1015,  550,  893,  208,  608,  449,  553,  628,  214,  126,  807,  506,  447,  347,  592,  659,  145,  801,  668],
        [  793,    0,  243,  361,  527,  962,  991,  745,  446,  576,  691,  918,  268,  981,  595,  559,  683,  771, 1066,  386,  943,  355,  636,  497,  617,  785,  455,  709,  670,  729,  322,  742,    0,  164,  624,  451,  927,  704,  842,  842, 1016,  989,  660, 1089,  661, 1029,  923,  583,  248,  950,  869,  606,  577,  974,   26,  783,  778,  709,  390,  368,  689,  232, 1087,   40,  836, 1104,  974,  465,  540,  774,  427,  965,  675,  777, 1015, 1173,  535,  148,  863,  193, 1016,  950,  634, 1085,  646,  322,  660,  610,  396,  883,  452,  106],
        [  632,    0,  154,  242,  367,  843,  883,  588,  292,  486,  528,  789,  224,  828,  434,  418,  523,  611,  905,  224,  825,  259,  498,  347,  457,  659,  357,  581,  516,  566,  160,  642,  164,    0,  462,  302,  764,  582,  683,  681,  853,  846,  548,  926,  570,  866,  777,  445,  142,  787,  723,  445,  458,  860,  155,  653,  663,  560,  249,  288,  532,   70,  926,  197,  714,  944,  815,  382,  455,  611,  280,  811,  579,  653,  858, 1010,  438,   69,  707,  120,  854,  839,  523,  922,  483,  196,  508,  447,  242,  774,  328,   60],
        [  172,    0,  432,  334,   97,  717,  797,  294,  192,  427,   72,  632,  489,  512,  186,  349,   65,  151,  510,  263,  708,  485,  397,  170,  194,  551,  373,  490,  115,  131,  319,  642,  624,  462,    0,  200,  327,  341,  225,  219,  437,  597,  368,  500,  461,  411,  368,  213,  412,  354,  317,   18,  307,  756,  616,  528,  598,  174,  361,  524,  258,  400,  528,  659,  602,  483,  355,  419,  433,  204,  324,  367,  444,  377,  507,  557,  537,  507,  387,  511,  459,  749,  531,  473,  148,  416,  306,   50,  236,  709,  288,  522],
        [  353,    0,  237,  134,  115,  826,  894,  445,   25,  296,  272,  750,  289,  685,  291,  397,  247,  332,  706,  185,  814,  422,  470,   46,  311,  644,  200,  570,  220,  328,  205,  695,  451,  302,  200,    0,  527,  309,  398,  409,  636,  749,  297,  700,  360,  606,  476,  155,  219,  553,  422,  185,  206,  858,  449,  626,  676,  259,  315,  463,  395,  255,  724,  489,  700,  659,  530,  247,  286,  396,  300,  515,  355,  373,  691,  752,  538,  360,  556,  384,  654,  846,  571,  671,  298,  337,  415,  212,   62,  794,  112,  358],
        [  219,    0,  756,  661,  419,  632,  726,  268,  518,  716,  256,  545,  815,  303,  350,  479,  291,  232,  207,  543,  633,  704,  468,  495,  332,  535,  690,  516,  361,  202,  607,  676,  927,  764,  327,  527,    0,  573,  221,  163,  121,  433,  625,  174,  725,  131,  405,  505,  735,   28,  388,  343,  595,  679,  916,  507,  599,  381,  590,  734,  298,  696,  219,  959,  564,  287,  222,  733,  732,  157,  545,  315,  701,  569,  256,  254,  672,  795,  239,  784,  163,  686,  610,  162,  287,  662,  365,  324,  558,  676,  609,  822],
        [  355,    0,  461,  345,  344, 1058, 1137,  631,  330,  188,  374,  973,  460,  829,  520,  668,  323,  345,  779,  490, 1049,  730,  728,  274,  532,  890,  260,  826,  238,  438,  513,  969,  704,  582,  341,  309,  573,    0,  360,  411,  693,  928,   67,  733,  160,  587,  284,  158,  458,  599,  248,  343,  127, 1096,  709,  867,  934,  197,  619,  771,  599,  551,  792,  743,  942,  556,  450,  273,  222,  514,  598,  379,  132,   74,  808,  717,  835,  648,  712,  682,  733, 1089,  851,  663,  488,  645,  645,  388,  368, 1047,  255,  629],
        [   55,    0,  634,  521,  317,  801,  891,  378,  399,  520,  173,  712,  677,  508,  361,  527,  162,   75,  426,  487,  798,  701,  550,  356,  356,  668,  518,  626,  186,  184,  543,  788,  842,  683,  225,  398,  221,  360,    0,   62,  338,  627,  417,  373,  517,  232,  203,  323,  617,  245,  173,  242,  404,  846,  836,  641,  726,  180,  577,  739,  375,  623,  436,  878,  709,  262,  133,  556,  541,  228,  537,  154,  491,  350,  471,  372,  726,  730,  413,  736,  383,  847,  695,  307,  296,  637,  443,  256,  447,  823,  450,  742],
        [   62,    0,  645,  538,  316,  743,  833,  324,  406,  562,  155,  654,  695,  446,  326,  487,  163,   80,  369,  474,  739,  676,  504,  370,  317,  614,  548,  575,  212,  144,  534,  738,  842,  681,  219,  409,  163,  411,   62,    0,  283,  566,  465,  324,  565,  200,  263,  356,  626,  188,  235,  237,  442,  788,  835,  586,  673,  222,  553,  712,  327,  618,  381,  877,  653,  270,  147,  589,  580,  173,  511,  200,  541,  407,  410,  345,  687,  723,  352,  724,  325,  789,  650,  270,  258,  618,  396,  239,  453,  767,  474,  740],
        [  340,    0,  859,  769,  524,  584,  679,  301,  624,  836,  368,  502,  922,  232,  424,  525,  407,  352,   89,  630,  588,  763,  495,  607,  403,  521,  805,  520,  480,  308,  694,  670, 1016,  853,  437,  636,  121,  693,  338,  283,    0,  367,  745,   77,  846,  172,  512,  623,  836,   95,  500,  451,  714,  632, 1003,  494,  586,  501,  658,  789,  347,  784,   99, 1045,  539,  337,  312,  849,  850,  245,  613,  412,  822,  687,  167,  223,  703,  878,  223,  860,   58,  643,  626,  143,  370,  731,  404,  427,  662,  645,  723,  910],
        [  601,    0,  915,  867,  642,  226,  319,  307,  728, 1021,  554,  159,  994,  136,  459,  431,  606,  601,  314,  647,  235,  656,  355,  741,  438,  250,  947,  302,  691,  492,  701,  390,  989,  846,  597,  749,  433,  928,  627,  566,  367,    0,  963,  413, 1057,  534,  827,  809,  889,  421,  800,  602,  903,  273,  969,  235,  301,  736,  601,  663,  354,  781,  328, 1007,  232,  701,  654,  995, 1022,  418,  567,  746, 1040,  947,  205,  575,  518,  842,  219,  802,  311,  289,  411,  507,  457,  668,  346,  558,  744,  310,  858,  892],
        [  406,    0,  417,  307,  354, 1081, 1157,  662,  320,  122,  411,  998,  408,  869,  539,  677,  360,  394,  830,  481, 1071,  715,  742,  270,  552,  909,  207,  841,  276,  476,  496,  979,  660,  548,  368,  297,  625,   67,  417,  465,  745,  963,    0,  788,  101,  647,  350,  163,  417,  651,  314,  367,   93, 1118,  667,  887,  949,  245,  611,  757,  625,  523,  844,  699,  962,  621,  513,  214,  157,  554,  594,  445,   78,  131,  852,  779,  833,  616,  749,  654,  783, 1109,  858,  722,  514,  630,  665,  412,  351, 1064,  222,  592],
        [  385,    0,  926,  833,  590,  636,  730,  378,  690,  885,  429,  557,  987,  281,  499,  601,  464,  400,  101,  703,  642,  839,  570,  668,  478,  588,  862,  591,  531,  373,  767,  738, 1089,  926,  500,  700,  174,  733,  373,  324,   77,  413,  788,    0,  888,  166,  527,  675,  904,  147,  523,  515,  765,  683, 1076,  561,  652,  546,  734,  865,  423,  857,   94, 1119,  601,  314,  320,  905,  902,  316,  689,  421,  863,  720,  208,  163,  778,  952,  294,  935,  110,  697,  699,  106,  443,  807,  480,  493,  729,  704,  782,  983],
        [  507,    0,  426,  333,  435, 1167, 1241,  754,  384,   86,  508, 1086,  396,  967,  623,  752,  458,  495,  930,  541, 1157,  765,  821,  342,  639,  991,  213,  921,  374,  574,  545, 1053,  661,  570,  461,  360,  725,  160,  517,  565,  846, 1057,  101,  888,    0,  746,  436,  250,  431,  752,  405,  457,  160, 1203,  671,  971, 1029,  345,  669,  805,  714,  557,  944,  700, 1046,  713,  609,  196,  122,  652,  658,  536,   30,  203,  951,  876,  896,  639,  845,  684,  883, 1193,  930,  822,  605,  679,  751,  503,  405, 1145,  264,  607],
        [  260,    0,  841,  736,  507,  746,  840,  398,  601,  751,  341,  660,  893,  400,  470,  607,  360,  279,  251,  650,  748,  827,  599,  569,  454,  661,  746,  645,  410,  302,  713,  804, 1029,  866,  411,  606,  131,  587,  232,  200,  172,  534,  647,  166,  746,    0,  364,  553,  821,  126,  363,  428,  635,  793, 1020,  633,  725,  412,  709,  858,  427,  800,  252, 1063,  686,  168,  155,  786,  772,  278,  665,  255,  719,  567,  338,  147,  801,  903,  361,  896,  230,  802,  740,   77,  404,  779,  495,  420,  646,  797,  673,  925],
        [  243,    0,  690,  569,  437, 1004, 1094,  579,  486,  471,  344,  915,  711,  704,  539,  707,  309,  252,  599,  615, 1000,  849,  740,  430,  538,  868,  520,  822,  270,  377,  661,  982,  923,  777,  368,  476,  405,  284,  203,  263,  512,  827,  350,  527,  436,  364,    0,  344,  679,  425,   55,  381,  384, 1048,  922,  841,  924,  219,  726,  889,  571,  727,  606,  961,  910,  285,  209,  545,  503,  429,  691,  113,  406,  235,  661,  468,  901,  834,  614,  852,  564, 1049,  883,  437,  479,  776,  636,  413,  536, 1023,  481,  832],
        [  294,    0,  347,  226,  191,  919,  995,  504,  174,  217,  266,  837,  371,  722,  376,  515,  219,  277,  703,  333,  909,  573,  579,  117,  390,  746,  196,  678,  145,  332,  359,  817,  583,  445,  213,  155,  505,  158,  323,  356,  623,  809,  163,  675,  250,  553,  344,    0,  337,  532,  292,  208,   95,  956,  584,  725,  786,  148,  461,  615,  465,  406,  719,  622,  800,  568,  444,  234,  228,  410,  440,  405,  236,  220,  713,  695,  677,  508,  598,  536,  653,  947,  697,  625,  355,  490,  503,  253,  216,  902,  139,  498],
        [  571,    0,   26,  114,  317,  919,  970,  605,  221,  347,  483,  856,  108,  850,  443,  478,  464,  550,  899,  243,  903,  378,  560,  262,  466,  732,  219,  653,  436,  533,  197,  739,  248,  142,  412,  219,  735,  458,  617,  626,  836,  889,  417,  904,  431,  821,  679,  337,    0,  760,  627,  395,  331,  942,  252,  722,  747,  469,  328,  412,  549,  152,  919,  287,  789,  877,  748,  241,  315,  592,  343,  729,  442,  530,  869,  968,  545,  210,  723,  260,  847,  924,  615,  884,  475,  300,  544,  411,  177,  863,  205,  177],
        [  246,    0,  781,  687,  444,  626,  720,  277,  544,  743,  283,  539,  841,  289,  369,  493,  318,  258,  182,  565,  627,  721,  478,  522,  350,  536,  717,  520,  388,  227,  629,  679,  950,  787,  354,  553,   28,  599,  245,  188,   95,  421,  651,  147,  752,  126,  425,  532,  760,    0,  409,  369,  622,  673,  939,  508,  600,  407,  608,  750,  311,  719,  193,  982,  562,  289,  235,  760,  759,  178,  564,  331,  728,  594,  238,  237,  683,  817,  236,  804,  140,  680,  618,  144,  308,  681,  377,  349,  584,  673,  636,  845],
        [  204,    0,  638,  517,  383,  969, 1058,  540,  432,  433,  298,  880,  661,  680,  491,  658,  259,  211,  588,  562,  964,  797,  695,  376,  492,  827,  473,  779,  217,  335,  607,  938,  869,  723,  317,  422,  388,  248,  173,  235,  500,  800,  314,  523,  405,  363,   55,  292,  627,  409,    0,  330,  339, 1013,  869,  801,  883,  165,  673,  837,  529,  673,  596,  908,  872,  309,  213,  500,  463,  393,  639,  132,  376,  210,  641,  480,  852,  780,  584,  798,  549, 1012,  836,  439,  433,  722,  592,  362,  482,  984,  431,  779],
        [  190,    0,  416,  319,   80,  716,  795,  297,  176,  420,   88,  633,  473,  520,  180,  340,   81,  169,  523,  246,  707,  470,  391,  157,  190,  548,  362,  486,  123,  144,  301,  635,  606,  445,   18,  185,  343,  343,  242,  237,  451,  602,  367,  515,  457,  428,  381,  208,  395,  369,  330,    0,  301,  754,  599,  525,  594,  182,  346,  509,  259,  383,  542,  641,  600,  501,  373,  408,  425,  216,  310,  383,  442,  381,  517,  574,  526,  489,  394,  494,  472,  747,  523,  490,  148,  400,  303,   46,  219,  706,  276,  504],
        [  381,    0,  334,  219,  275, 1008, 1081,  597,  230,  123,  360,  927,  336,  817,  464,  593,  313,  366,  796,  390,  997,  623,  662,  184,  480,  831,  138,  761,  235,  427,  403,  895,  577,  458,  307,  206,  595,  127,  404,  442,  714,  903,   93,  765,  160,  635,  384,   95,  331,  622,  339,  301,    0, 1043,  582,  811,  869,  224,  520,  664,  556,  431,  811,  617,  886,  634,  516,  162,  138,  504,  505,  463,  151,  200,  807,  775,  743,  525,  693,  562,  747, 1033,  772,  709,  447,  537,  591,  346,  258,  986,  131,  504],
        [  809,    0,  967,  952,  769,   48,   48,  475,  834, 1151,  734,  135, 1050,  403,  580,  470,  784,  804,  586,  710,   49,  620,  390,  864,  566,  215, 1055,  292,  865,  682,  746,  241,  974,  860,  756,  858,  679, 1096,  846,  788,  632,  273, 1118,  683, 1203,  793, 1048,  956,  942,  673, 1013,  754, 1043,    0,  950,  233,  198,  918,  618,  610,  499,  806,  600,  982,  159,  960,  897, 1101, 1144,  620,  600,  981, 1191, 1129,  476,  845,  442,  835,  442,  782,  578,   30,  341,  774,  609,  665,  453,  708,  834,   97,  969,  893],
        [  786,    0,  250,  365,  521,  939,  967,  729,  442,  586,  682,  896,  281,  963,  581,  540,  676,  765, 1051,  374,  920,  331,  616,  494,  603,  762,  463,  687,  666,  719,  310,  718,   26,  155,  616,  449,  916,  709,  836,  835, 1003,  969,  667, 1076,  671, 1020,  922,  584,  252,  939,  869,  599,  582,  950,    0,  761,  755,  707,  371,  344,  673,  220, 1073,   43,  814, 1098,  969,  476,  551,  762,  409,  962,  685,  782,  999, 1163,  511,  129,  846,  171, 1001,  927,  610, 1075,  634,  302,  643,  601,  392,  859,  456,   95],
        [  598,    0,  747,  724,  537,  201,  271,  263,  603,  919,  512,  137,  829,  304,  349,  244,  561,  591,  478,  484,  188,  436,  162,  632,  336,   29,  823,   75,  639,  466,  525,  178,  783,  653,  528,  626,  507,  867,  641,  586,  494,  235,  887,  561,  971,  633,  841,  725,  722,  508,  801,  525,  811,  233,  761,    0,   93,  694,  405,  438,  275,  594,  497,  796,   75,  793,  711,  870,  912,  414,  381,  785,  959,  903,  374,  717,  285,  638,  274,  591,  451,  223,  177,  632,  382,  463,  223,  480,  604,  184,  737,  692],
        [  682,    0,  771,  762,  596,  185,  224,  349,  652,  971,  590,  162,  854,  389,  414,  281,  637,  673,  567,  518,  166,  425,  208,  687,  405,   65,  869,  109,  711,  548,  551,   90,  778,  663,  598,  676,  599,  934,  726,  673,  586,  301,  949,  652, 1029,  725,  924,  786,  747,  600,  883,  594,  869,  198,  755,   93,    0,  768,  421,  418,  354,  609,  586,  787,   73,  885,  801,  914,  961,  501,  405,  872, 1019,  974,  461,  808,  252,  638,  367,  586,  542,  178,  146,  725,  456,  468,  294,  549,  647,  119,  785,  696],
        [  162,    0,  483,  364,  223,  878,  961,  446,  268,  341,  186,  791,  515,  633,  359,  521,  135,  150,  586,  400,  870,  638,  569,  213,  365,  719,  343,  661,   60,  245,  443,  814,  709,  560,  174,  259,  381,  197,  180,  222,  501,  736,  245,  546,  345,  412,  219,  148,  469,  407,  165,  182,  224,  918,  707,  694,  768,    0,  516,  678,  420,  509,  599,  747,  768,  421,  297,  378,  361,  320,  484,  261,  322,  213,  611,  551,  707,  616,  519,  634,  539,  914,  704,  486,  313,  561,  475,  223,  318,  877,  283,  616],
        [  522,    0,  352,  361,  294,  597,  643,  367,  291,  598,  404,  541,  435,  594,  241,  171,  424,  503,  696,  130,  580,  125,  250,  345,  259,  412,  479,  333,  458,  415,  136,  413,  390,  249,  361,  315,  590,  619,  577,  553,  658,  601,  611,  734,  669,  709,  726,  461,  328,  608,  673,  346,  520,  618,  371,  405,  421,  516,    0,  164,  314,  190,  717,  410,  467,  821,  699,  520,  579,  433,   45,  725,  667,  679,  633,  843,  229,  243,  481,  209,  648,  598,  288,  751,  306,   75,  274,  322,  265,  536,  408,  292],
        [  684,    0,  432,  478,  456,  602,  624,  488,  441,  728,  566,  567,  509,  688,  391,  266,  587,  665,  815,  284,  583,   42,  318,  499,  405,  434,  602,  365,  621,  571,  262,  375,  368,  288,  524,  463,  734,  771,  739,  712,  789,  663,  757,  865,  805,  858,  889,  615,  412,  750,  837,  509,  664,  610,  344,  438,  418,  678,  164,    0,  443,  262,  837,  373,  481,  978,  859,  637,  704,  581,  202,  888,  806,  834,  738,  987,  168,  241,  591,  182,  771,  585,  273,  894,  459,  127,  387,  485,  406,  517,  542,  301],
        [  329,    0,  574,  515,  289,  460,  541,   57,  375,  671,  237,  375,  650,  301,  108,  182,  286,  319,  382,  314,  451,  416,  179,  388,   86,  301,  593,  252,  366,  194,  374,  413,  689,  532,  258,  395,  298,  599,  375,  327,  347,  354,  625,  423,  714,  427,  571,  465,  549,  311,  529,  259,  556,  499,  673,  275,  354,  420,  314,  443,    0,  463,  404,  715,  349,  567,  465,  641,  671,  159,  271,  525,  699,  631,  327,  547,  375,  546,  176,  521,  334,  494,  325,  454,  111,  389,   71,  213,  393,  459,  504,  585],
        [  571,    0,  173,  225,  306,  786,  831,  519,  242,  476,  464,  730,  254,  759,  365,  354,  462,  550,  836,  155,  770,  226,  436,  299,  388,  601,  348,  522,  462,  499,   91,  594,  232,   70,  400,  255,  696,  551,  623,  618,  784,  781,  523,  857,  557,  800,  727,  406,  152,  719,  673,  383,  431,  806,  220,  594,  609,  509,  190,  262,  463,    0,  857,  263,  657,  883,  755,  380,  449,  543,  216,  756,  563,  620,  789,  944,  396,  108,  638,  132,  785,  786,  472,  855,  415,  150,  441,  382,  193,  723,  302,  127],
        [  438,    0,  942,  858,  611,  553,  646,  352,  712,  933,  461,  478, 1009,  201,  493,  572,  502,  450,   23,  703,  560,  815,  529,  698,  471,  522,  899,  536,  577,  398,  767,  674, 1087,  926,  528,  724,  219,  792,  436,  381,   99,  328,  844,   94,  944,  252,  606,  719,  919,  193,  596,  542,  811,  600, 1073,  497,  586,  599,  717,  837,  404,  857,    0, 1115,  529,  407,  402,  944,  947,  329,  674,  503,  920,  786,  127,  251,  735,  946,  248,  924,   73,  615,  647,  199,  446,  792,  451,  513,  746,  627,  815,  982],
        [  828,    0,  283,  401,  563,  971,  997,  770,  483,  615,  725,  930,  306, 1004,  623,  579,  719,  807, 1094,  417,  953,  364,  653,  535,  645,  797,  494,  722,  707,  762,  353,  747,   40,  197,  659,  489,  959,  743,  878,  877, 1045, 1007,  699, 1119,  700, 1063,  961,  622,  287,  982,  908,  641,  617,  982,   43,  796,  787,  747,  410,  373,  715,  263, 1115,    0,  848, 1140, 1010,  504,  578,  805,  450, 1003,  715,  816, 1040, 1206,  541,  170,  888,  206, 1044,  957,  642, 1118,  676,  340,  683,  643,  433,  889,  492,  138],
        [  668,    0,  814,  795,  612,  131,  196,  332,  676,  993,  585,   90,  897,  330,  424,  313,  635,  661,  512,  554,  115,  485,  233,  707,  411,   57,  896,  136,  713,  537,  592,  159,  836,  714,  602,  700,  564,  942,  709,  653,  539,  232,  962,  601, 1046,  686,  910,  800,  789,  562,  872,  600,  886,  159,  814,   75,   73,  768,  467,  481,  349,  657,  529,  848,    0,  850,  774,  943,  986,  482,  446,  851, 1034,  978,  403,  760,  319,  693,  326,  644,  491,  148,  209,  680,  456,  520,  298,  554,  676,  114,  811,  750],
        [  312,    0,  893,  779,  578,  912, 1007,  547,  660,  738,  423,  826,  933,  566,  589,  742,  422,  333,  409,  742,  914,  944,  744,  616,  577,  821,  762,  800,  442,  408,  801,  961, 1104,  944,  483,  659,  287,  556,  262,  270,  337,  701,  621,  314,  713,  168,  285,  568,  877,  289,  309,  501,  634,  960, 1098,  793,  885,  421,  821,  978,  567,  883,  407, 1140,  850,    0,  130,  794,  766,  410,  779,  178,  685,  516,  503,  200,  940,  990,  524,  992,  394,  968,  889,  209,  521,  886,  637,  508,  709,  961,  702, 1003],
        [  184,    0,  765,  651,  449,  850,  944,  454,  531,  625,  297,  762,  805,  523,  473,  632,  293,  205,  398,  616,  850,  823,  643,  487,  463,  739,  639,  708,  314,  290,  673,  871,  974,  815,  355,  530,  222,  450,  133,  147,  312,  654,  513,  320,  609,  155,  209,  444,  748,  235,  213,  373,  516,  897,  969,  711,  801,  297,  699,  859,  465,  755,  402, 1010,  774,  130,    0,  674,  650,  307,  658,  101,  581,  421,  471,  269,  832,  862,  455,  865,  368,  902,  789,  228,  405,  763,  535,  382,  580,  887,  576,  874],
