{
    "name": "random-68-15330",
    "comment": "size=68 seed=15330",
    "nodes": ["+0", "-0", "+1", "-1", "+2", "-2", "+3", "-3", "+4", "-4", "+5", "-5", "+6", "-6", "+7", "-7", "+8", "-8", "+9", "-9", "+10", "-10", "+11", "-11", "+12", "-12", "+13", "-13", "+14", "-14", "+15", "-15", "+16", "-16", "+17", "-17", "+18", "-18", "+19", "-19", "+20", "-20", "+21", "-21", "+22", "-22", "+23", "-23", "+24", "-24", "+25", "-25", "+26", "-26", "+27", "-27", "+28", "-28", "+29", "-29", "+30", "-30", "+31", "-31", "+32", "-32", "+33", "-33", "+34", "-34", "+35", "-35", "+36", "-36", "+37", "-37", "+38", "-38", "+39", "-39", "+40", "-40", "+41", "-41", "+42", "-42", "+43", "-43", "+44", "-44", "+45", "-45", "+46", "-46", "+47", "-47", "+48", "-48", "+49", "-49", "+50", "-50", "+51", "-51", "+52", "-52", "+53", "-53", "+54", "-54", "+55", "-55", "+56", "-56", "+57", "-57", "+58", "-58", "+59", "-59", "+60", "-60", "+61", "-61", "+62", "-62", "+63", "-63", "+64", "-64", "+65", "-65", "+66", "-66", "+67", "-67", "+68", "-68"],
    "precedence": {
        "+0": "-0",
        "+1": "-1",
        "+2": "-2",
        "+3": "-3",
        "+4": "-4",
        "+5": "-5",
        "+6": "-6",
        "+7": "-7",
        "+8": "-8",
        "+9": "-9",
        "+10": "-10",
        "+11": "-11",
        "+12": "-12",
        "+13": "-13",
        "+14": "-14",
        "+15": "-15",
        "+16": "-16",
        "+17": "-17",
        "+18": "-18",
        "+19": "-19",
        "+20": "-20",
        "+21": "-21",
        "+22": "-22",
        "+23": "-23",
        "+24": "-24",
        "+25": "-25",
        "+26": "-26",
        "+27": "-27",
        "+28": "-28",
        "+29": "-29",
        "+30": "-30",
        "+31": "-31",
        "+32": "-32",
        "+33": "-33",
        "+34": "-34",
        "+35": "-35",
        "+36": "-36",
        "+37": "-37",
        "+38": "-38",
        "+39": "-39",
        "+40": "-40",
        "+41": "-41",
        "+42": "-42",
        "+43": "-43",
        "+44": "-44",
        "+45": "-45",
        "+46": "-46",
        "+47": "-47",
        "+48": "-48",
        "+49": "-49",
        "+50": "-50",
        "+51": "-51",
        "+52": "-52",
        "+53": "-53",
        "+54": "-54",
        "+55": "-55",
        "+56": "-56",
        "+57": "-57",
        "+58": "-58",
        "+59": "-59",
        "+60": "-60",
        "+61": "-61",
        "+62": "-62",
        "+63": "-63",
        "+64": "-64",
        "+65": "-65",
        "+66": "-66",
        "+67": "-67",
        "+68": "-68"
    },
    "edges": [
        [    0,    0,  667,  809,   95,  802,  606,  690,  651,  609,  675,  198,  789,  661,  139,  808,  244,  243,  633,  544,  635,  502,  742,  787,  505,  386,  757,  281,  580,  384,  360,  885,  437,  509,  669,  695,  826,  242,  539,  225,  717,   84,  271,  329,  314,  368,  392,  509,  159,  855,  809,  173,  662,  190,  277,  474,  420,  278,   50,  635,  617,  656,  613,   88,  621,  833,  577,  443,  816,  484,  835,  654,  239,  335,  820,  804,  663,  212,  587,  462,  349,  695,  766,  843,  498,  495,  769,  704,  556,  723,  182,  403,  387,  426,  683,  583,  762,  284,  533,  142,  979,  456,  468,  316,  319,   71,  513,  788,  411,  654,  812,  102,  298,   71,  486,  186,  151,  618,  513,  252,  483,  210,  765,  385,  751,  791,  203,  556,  776,  460,  557,  192,  733,  915,  338,  730,  552,  209],
        [    0,    0,    0,    0,    0,    0,    0,    0,    0,    0,    0,    0,    0,    0,    0,    0,    0,    0,    0,    0,    0,    0,    0,    0,    0,    0,    0,    0,    0,    0,    0,    0,    0,    0,    0,    0,    0,    0,    0,    0,    0,    0,    0,    0,    0,    0,    0,    0,    0,    0,    0,    0,    0,    0,    0,    0,    0,    0,    0,    0,    0,    0,    0,    0,    0,    0,    0,    0,    0,    0,    0,    0,    0,    0,    0,    0,    0,    0,    0,    0,    0,    0,    0,    0,    0,    0,    0,    0,    0,    0,    0,    0,    0,    0,    0,    0,    0,    0,    0,    0,    0,    0,    0,    0,    0,    0,    0,    0,    0,    0,    0,    0,    0,    0,    0,    0,    0,    0,    0,    0,    0,    0,    0,    0,    0,    0,    0,    0,    0,    0,    0,    0,    0,    0,    0,    0,    0,    0],
        [  667,    0,    0,  898,  574,  535,  171,   86,  345,   71,  716,  681,  459,  833,  714,  827,  834,  504,  447,  303,  229,  636,  515,  136,  295,  776,  641,  459,  282,  850,  492,  341,  397,  567,  374,  333,  333,  717,  207,  712,  444,  684,  893,  351,  719,  532,  709,  168,  826,  379,  409,  762,   58,  577,  722,  207,  558,  512,  621,  188,  162,  128,   66,  661,   84,  464,  513,  394,  375,  493,  183,   48,  481,  354,  190,  395,  574,  492,  374,  469,  555,  303,  266,  544,  190,  397,  428,  113,  123,  597,  682,  539,  281,  618,  387,  286,  438,  418,  841,  768,  390,  316,  209,  837,  581,  597,  628,  771,  353,  151,  152,  579,  378,  633,  553,  803,  571,  544,  230,  661,  367,  849,  469,  283,   84,  337,  664,  146,  850,  368,  556,  476,   66,  279,  371,  208,  344,  676],
        [  809,    0,  898,    0,  778,  455,  999,  837,  566,  837,  185,  617,  531,  155,  948,   96,  685,  933,  456, 1055, 1066,  328,  430, 1019,  618,  454,  293,  626,  617,  517, 1038,  780,  547,  365, 1189,  598,  711,  584,  970,  600,  493,  892,  743,  848,  508, 1072,  421,  786,  865,  692,  606,  980,  945,  634,  548,  760, 1128,  977,  813, 1033, 1001,  998,  842,  890,  934,  569,  388, 1040,  651, 1140,  930,  930,  655,  870,  882,  617,  328,  680, 1138,  468, 1069, 1153,  721,  485,  895,  519,  548, 1007,  892,  325,  983,  455,  803,  396, 1206,  613,  531,  674,  320,  742,  874,  622,  768,  591,  505,  786,  324,  154,  974,  757, 1017,  743,  732,  859,  389,  728,  682, 1264,  687,  558,  553,  771,  499,  807,  937,  668,  996,  769,   48, 1035,  353,  783,  936,  928,  903, 1095,  556, 1005],
        [   95,    0,  574,  778,    0,  727,  520,  596,  565,  516,  630,  202,  708,  636,  194,  766,  301,  191,  556,  468,  553,  458,  668,  695,  416,  387,  695,  201,  491,  407,  313,  793,  357,  452,  599,  608,  736,  251,  454,  236,  637,  142,  343,  241,  310,  331,  374,  415,  253,  766,  723,  239,  570,  144,  281,  380,  387,  233,   54,  550,  530,  567,  519,  128,  530,  750,  510,  378,  728,  436,  741,  562,  158,  250,  726,  718,  599,  129,  519,  392,  318,  618,  675,  766,  408,  415,  686,  614,  465,  658,  210,  345,  294,  384,  614,  495,  681,  195,  527,  210,  886,  367,  374,  352,  274,   24,  466,  740,  337,  560,  720,   36,  204,   92,  428,  252,   97,  572,  421,  238,  400,  287,  686,  292,  658,  702,  220,  462,  740,  391,  496,   99,  639,  821,  259,  645,  468,  230],
        [  802,    0,  535,  455,  727,    0,  682,  456,  208,  494,  320,  674,   84,  474,  920,  363,  815,  800,  171,  782,  749,  391,   62,  628,  352,  625,  165,  526,  297,  717,  865,  330,  372,  334,  891,  204,  266,  674,  680,  683,  103,  868,  886,  656,  621,  907,  550,  494,  927,  240,  158,  965,  591,  618,  652,  487,  954,  834,  778,  710,  678,  658,  498,  853,  598,  115,  239,  818,  205,  929,  508,  578,  569,  675,  458,  171,  186,  599,  866,  342,  916,  832,  296,   45,  615,  313,  111,  647,  581,  146,  926,  418,  579,  443,  906,  292,   98,  543,  585,  814,  420,  391,  499,  756,  512,  746,  374,  303,  753,  385,  617,  704,  570,  817,  348,  825,  652, 1024,  399,  617,  335,  879,   67,  584,  546,  230,  925,  450,  414,  801,  281,  674,  551,  486,  710,  743,  279,  937],
        [  606,    0,  171,  999,  520,  682,    0,  254,  479,  190,  815,  670,  612,  913,  622,  939,  808,  400,  568,  136,   68,  706,  653,  213,  382,  799,  767,  465,  399,  861,  355,  511,  461,  645,  210,  480,  501,  712,   69,  704,  584,  603,  859,  279,  733,  391,  744,  214,  761,  547,  570,  666,  119,  565,  726,  243,  406,  395,  557,   36,   13,   63,  187,  578,   90,  623,  614,  245,  539,  332,  336,  125,  473,  272,  354,  556,  688,  474,  204,  541,  417,  155,  432,  697,  123,  481,  580,  116,  109,  721,  578,  590,  248,  670,  225,  404,  588,  414,  890,  727,  556,  381,  236,  832,  607,  540,  701,  886,  223,  303,  246,  535,  357,  558,  626,  767,  545,  373,  314,  665,  447,  806,  616,  247,  227,  501,  555,  238,  952,  217,  647,  423,  207,  436,  273,  126,  449,  567],
        [  690,    0,   86,  837,  596,  456,  254,    0,  274,   90,  657,  680,  378,  783,  752,  762,  836,  551,  382,  382,  314,  594,  440,  182,  259,  754,  571,  456,  227,  834,  554,  261,  367,  522,  459,  256,  248,  711,  282,  708,  368,  717,  898,  391,  704,  596,  684,  183,  848,  295,  325,  800,  143,  579,  711,  217,  626,  565,  646,  273,  246,  213,   89,  694,  165,  380,  458,  464,  290,  568,  147,  133,  484,  399,  132,  311,  510,  500,  456,  431,  616,  388,  181,  463,  249,  355,  347,  193,  186,  527,  725,  509,  312,  586,  472,  229,  358,  423,  806,  779,  321,  291,  223,  829,  563,  620,  584,  704,  416,   81,  183,  596,  393,  664,  511,  811,  579,  625,  205,  652,  329,  860,  390,  316,  101,  252,  710,  137,  790,  439,  504,  502,   99,  228,  421,  289,  292,  723],
        [  651,    0,  345,  566,  565,  208,  479,  274,    0,  294,  391,  562,  154,  528,  754,  489,  716,  610,  112,  575,  547,  365,  174,  455,  157,  571,  298,  370,   92,  661,  665,  274,  218,  291,  687,   51,  200,  576,  474,  580,  106,  705,  786,  458,  543,  707,  494,  286,  791,  215,  159,  802,  397,  483,  563,  281,  753,  641,  619,  509,  477,  460,  298,  688,  398,  188,  204,  612,  171,  723,  367,  383,  412,  476,  322,  155,  238,  440,  660,  234,  718,  632,  173,  231,  407,  167,  127,  457,  376,  254,  751,  325,  377,  383,  703,   86,  126,  372,  583,  691,  379,  203,  294,  679,  408,  587,  350,  431,  548,  195,  452,  549,  386,  653,  289,  712,  506,  816,  194,  515,  169,  765,  145,  382,  373,  156,  746,  244,  519,  595,  256,  497,  373,  384,  510,  551,   99,  759],
        [  609,    0,   71,  837,  516,  494,  190,   90,  294,    0,  654,  614,  422,  767,  665,  769,  767,  462,  390,  306,  256,  568,  467,  206,  228,  706,  588,  391,  222,  781,  465,  344,  328,  500,  400,  291,  321,  649,  202,  644,  397,  632,  828,  303,  650,  508,  639,  103,  768,  366,  381,  713,  108,  511,  653,  140,  539,  475,  564,  217,  186,  167,    6,  609,  105,  434,  450,  379,  353,  485,  228,   94,  414,  310,  220,  368,  516,  427,  385,  400,  528,  339,  250,  508,  161,  329,  391,  171,  102,  542,  637,  469,  226,  548,  414,  227,  399,  352,  771,  705,  410,  246,  144,  769,  511,  539,  560,  714,  328,  114,  221,  518,  315,  580,  485,  739,  506,  552,  161,  592,  299,  786,  427,  229,  147,  315,  621,   76,  789,  355,  491,  419,  131,  315,  332,  260,  281,  634],
        [  675,    0,  716,  185,  630,  320,  815,  657,  391,  654,    0,  496,  383,  155,  812,  139,  598,  770,  279,  873,  882,  174,  279,  839,  434,  372,  164,  459,  435,  456,  869,  626,  366,  190, 1006,  427,  553,  474,  787,  488,  331,  755,  664,  672,  402,  905,  314,  602,  757,  541,  455,  848,  761,  489,  441,  576,  960,  812,  671,  849,  817,  814,  659,  750,  750,  428,  204,  864,  497,  966,  757,  747,  493,  694,  711,  464,  157,  520,  957,  288,  904,  970,  553,  359,  712,  335,  394,  824,  708,  175,  839,  290,  623,  249, 1023,  431,  377,  504,  286,  633,  725,  439,  585,  516,  358,  641,  164,  115,  797,  577,  839,  597,  558,  716,  214,  628,  535, 1087,  503,  434,  369,  677,  348,  627,  758,  508,  849,  585,  137,  857,  170,  621,  755,  765,  729,  912,  373,  859],
        [  198,    0,  681,  617,  202,  674,  670,  680,  562,  614,  496,    0,  679,  466,  336,  623,  158,  392,  514,  645,  715,  326,  613,  814,  444,  190,  599,  225,  513,  208,  513,  824,  348,  351,  782,  612,  756,   50,  609,   36,  604,  282,  226,  403,  116,  533,  196,  514,  263,  776,  715,  364,  693,  106,   81,  475,  589,  434,  215,  703,  678,  707,  618,  285,  657,  728,  437,  569,  732,  635,  825,  682,  202,  418,  799,  714,  513,  197,  706,  338,  519,  789,  708,  718,  549,  396,  665,  746,  592,  572,  379,  256,  424,  252,  798,  515,  655,  264,  335,  142,  926,  400,  473,  164,  163,  199,  340,  610,  519,  624,  833,  169,  315,  259,  332,  152,  129,  772,  479,   63,  397,  206,  650,  424,  760,  715,  398,  546,  585,  578,  404,  267,  745,  888,  437,  795,  467,  405],
        [  789,    0,  459,  531,  708,   84,  612,  378,  154,  422,  383,  679,    0,  535,  899,  440,  827,  763,  167,  718,  678,  424,  105,  546,  310,  653,  239,  509,  244,  745,  818,  250,  352,  358,  822,  134,  184,  685,  615,  692,   76,  849,  898,  611,  640,  860,  576,  433,  922,  162,   76,  946,  516,  612,  667,  432,  905,  794,  761,  638,  607,  583,  426,  833,  525,   51,  259,  762,  122,  874,  424,  503,  552,  629,  375,   88,  234,  580,  801,  341,  872,  759,  213,   86,  553,  295,   32,  570,  514,  210,  899,  427,  530,  465,  836,  239,   29,  518,  631,  815,  345,  354,  445,  777,  518,  729,  407,  380,  699,  311,  535,  688,  536,  797,  367,  831,  641,  962,  346,  626,  309,  885,   36,  535,  465,  147,  896,  386,  488,  744,  309,  646,  471,  404,  664,  666,  243,  909],
        [  661,    0,  833,  155,  636,  474,  913,  783,  528,  767,  155,  466,  535,    0,  800,  197,  530,  801,  418,  953,  976,  210,  432,  961,  540,  299,  316,  501,  557,  364,  911,  775,  452,  269, 1090,  569,  701,  431,  875,  447,  480,  745,  589,  731,  355,  942,  270,  701,  711,  692,  606,  830,  873,  493,  395,  670,  999,  845,  668,  948,  916,  920,  772,  744,  856,  581,  327,  924,  648, 1019,  893,  859,  525,  753,  849,  615,  305,  547, 1033,  373,  937, 1064,  696,  513,  800,  438,  545,  936,  807,  329,  837,  336,  697,  265, 1107,  554,  528,  553,  169,  588,  876,  533,  677,  437,  369,  643,  213,  221,  860,  703,  965,  601,  614,  713,  287,  573,  540, 1147,  609,  409,  470,  616,  501,  700,  883,  656,  853,  694,  137,  922,  279,  651,  878,  909,  785, 1018,  492,  861],
        [  139,    0,  714,  948,  194,  920,  622,  752,  754,  665,  812,  336,  899,  800,    0,  945,  350,  223,  750,  532,  636,  638,  861,  821,  601,  521,  886,  395,  676,  510,  310,  969,  550,  641,  639,  795,  916,  377,  554,  360,  830,   57,  354,  364,  451,  302,  530,  570,  184,  949,  912,   49,  698,  324,  413,  541,  343,  238,  145,  645,  634,  678,  667,   67,  655,  941,  703,  415,  913,  424,  892,  692,  352,  362,  883,  906,  792,  322,  556,  585,  277,  682,  852,  959,  530,  608,  877,  730,  595,  851,   65,  534,  440,  563,  651,  680,  872,  383,  669,  249, 1057,  553,  532,  436,  455,  177,  649,  924,  404,  728,  849,  221,  377,  103,  617,  287,  280,  549,  597,  391,  592,  288,  878,  437,  798,  885,   95,  623,  914,  438,  687,  261,  778,  979,  351,  738,  658,   93],
        [  808,    0,  827,   96,  766,  363,  939,  762,  489,  769,  139,  623,  440,  197,  945,    0,  711,  908,  381, 1004, 1006,  309,  342,  943,  558,  480,  203,  597,  547,  554, 1007,  690,  499,  327, 1134,  517,  622,  597,  914,  611,  408,  889,  773,  809,  522, 1043,  433,  726,  880,  601,  516,  980,  876,  625,  562,  703, 1098,  951,  806,  972,  939,  933,  774,  884,  869,  477,  327,  999,  562, 1103,  847,  862,  631,  831,  799,  528,  254,  658, 1088,  423, 1042, 1094,  636,  391,  840,  463,  459,  938,  831,  240,  975,  428,  756,  383, 1151,  543,  443,  642,  364,  756,  782,  568,  712,  622,  493,  777,  300,   61,  932,  682,  940,  733,  695,  851,  352,  748,  671, 1221,  626,  562,  497,  794,  410,  761,  861,  581,  985,  704,   68,  991,  303,  759,  861,  841,  866, 1029,  491,  995],
        [  244,    0,  834,  685,  301,  815,  808,  836,  716,  767,  598,  158,  827,  530,  350,  711,    0,  482,  660,  768,  848,  442,  754,  964,  602,  233,  723,  381,  670,  180,  602,  981,  504,  483,  899,  766,  912,  142,  745,  137,  752,  310,   71,  533,  199,  612,  285,  666,  198,  931,  867,  358,  841,  258,  164,  628,  663,  520,  285,  840,  818,  850,  772,  324,  804,  876,  577,  677,  886,  726,  981,  831,  354,  545,  956,  867,  644,  343,  820,  488,  593,  917,  865,  859,  690,  550,  815,  892,  738,  701,  409,  401,  567,  376,  915,  672,  804,  416,  371,  104, 1083,  557,  625,  100,  310,  286,  458,  709,  637,  781,  985,  278,  460,  314,  468,   63,  265,  861,  636,  203,  553,   87,  796,  567,  914,  870,  436,  701,  663,  691,  537,  390,  898, 1046,  558,  934,  622,  438],
        [  243,    0,  504,  933,  191,  800,  400,  551,  610,  462,  770,  392,  763,  801,  223,  908,  482,    0,  635,  312,  414,  606,  747,  602,  454,  573,  804,  311,  522,  598,  123,  788,  438,  582,  429,  643,  744,  441,  332,  426,  701,  212,  514,  163,  496,  144,  551,  377,  379,  782,  759,  267,  482,  318,  470,  356,  201,   45,  198,  422,  412,  457,  464,  188,  439,  797,  615,  202,  752,  246,  685,  478,  279,  153,  682,  751,  708,  255,  346,  499,  136,  464,  675,  833,  315,  494,  736,  510,  382,  762,  180,  481,  248,  539,  443,  527,  735,  271,  707,  383,  867,  411,  345,  541,  433,  199,  611,  874,  182,  541,  632,  223,  231,  178,  557,  427,  273,  382,  428,  422,  468,  452,  748,  244,  586,  719,  160,  433,  892,  222,  616,  151,  565,  777,  133,  516,  523,  173],
        [  633,    0,  447,  456,  556,  171,  568,  382,  112,  390,  279,  514,  167,  418,  750,  381,  660,  635,    0,  650,  636,  268,  114,  564,  200,  490,  200,  355,  170,  582,  706,  367,  202,  198,  771,  152,  292,  519,  552,  525,   92,  697,  731,  497,  474,  747,  413,  361,  760,  293,  215,  795,  497,  451,  500,  346,  797,  670,  608,  599,  567,  556,  395,  683,  492,  217,  101,  670,  246,  780,  479,  483,  398,  517,  433,  219,  128,  428,  735,  176,  755,  722,  279,  211,  481,  144,  158,  558,  461,  154,  756,  260,  425,  301,  787,  165,  145,  374,  484,  651,  472,  230,  357,  611,  352,  575,  253,  325,  603,  302,  562,  534,  404,  647,  203,  665,  482,  884,  260,  459,  167,  719,  137,  430,  482,  246,  756,  330,  408,  656,  154,  505,  481,  492,  553,  650,  124,  768],
        [  544,    0,  303, 1055,  468,  782,  136,  382,  575,  306,  873,  645,  718,  953,  532, 1004,  768,  312,  650,    0,  113,  743,  746,  344,  452,  798,  848,  469,  488,  847,  238,  641,  508,  692,  141,  584,  625,  691,  104,  680,  681,  523,  810,  244,  725,  269,  752,  290,  689,  671,  684,  572,  254,  546,  711,  305,  276,  295,  495,  138,  148,  197,  304,  499,  220,  735,  679,  123,  658,  197,  472,  258,  464,  227,  489,  671,  762,  456,   86,  588,  296,  153,  554,  802,  169,  541,  687,  248,  206,  802,  481,  619,  257,  696,  158,  493,  692,  414,  906,  677,  691,  437,  294,  807,  616,  485,  741,  956,  134,  418,  378,  491,  352,  485,  670,  719,  516,  247,  390,  652,  508,  752,  717,  253,  363,  620,  454,  332, 1009,   97,  704,  380,  343,  572,  210,  218,  527,  465],
        [  635,    0,  229, 1066,  553,  749,   68,  314,  547,  256,  882,  715,  678,  976,  636, 1006,  848,  414,  636,  113,    0,  768,  721,  240,  449,  853,  835,  518,  467,  910,  349,  567,  525,  709,  146,  546,  562,  759,  108,  750,  652,  623,  895,  315,  784,  381,  800,  280,  786,  608,  634,  679,  173,  612,  774,  307,  387,  402,  586,   42,   71,  105,  253,  599,  154,  688,  680,  235,  603,  304,  379,  182,  522,  304,  403,  620,  756,  520,  156,  605,  409,   88,  494,  763,  179,  547,  646,  147,  176,  789,  588,  651,  299,  731,  159,  472,  655,  465,  948,  762,  605,  445,  300,  878,  663,  572,  764,  954,  233,  368,  273,  571,  406,  582,  690,  804,  588,  323,  381,  714,  513,  840,  683,  297,  273,  564,  562,  306, 1018,  208,  713,  459,  254,  479,  298,  105,  517,  573],
        [  502,    0,  636,  328,  458,  391,  706,  594,  365,  568,  174,  326,  424,  210,  638,  309,  442,  606,  268,  743,  768,    0,  332,  768,  341,  235,  281,  298,  371,  327,  711,  633,  246,   75,  881,  413,  559,  310,  666,  322,  353,  582,  511,  524,  243,  744,  162,  496,  588,  561,  482,  675,  673,  316,  280,  463,  801,  649,  498,  741,  709,  716,  573,  577,  653,  474,  168,  717,  514,  815,  717,  659,  327,  546,  676,  486,  208,  353,  823,  168,  741,  855,  537,  435,  592,  241,  421,  735,  601,  263,  666,  129,  487,   76,  898,  369,  407,  348,  219,  465,  739,  328,  470,  371,  185,  469,   18,  287,  653,  517,  775,  425,  407,  543,   84,  465,  363,  941,  408,  264,  269,  516,  389,  491,  693,  512,  677,  494,  287,  714,  116,  456,  686,  747,  579,  814,  305,  687],
        [  742,    0,  515,  430,  668,   62,  653,  440,  174,  467,  279,  613,  105,  432,  861,  342,  754,  747,  114,  746,  721,  332,    0,  617,  305,  565,  140,  467,  258,  658,  816,  352,  315,  273,  860,  185,  281,  613,  645,  621,   72,  808,  824,  607,  561,  857,  490,  456,  865,  264,  178,  906,  569,  557,  591,  446,  906,  782,  719,  682,  650,  633,  472,  795,  572,  151,  178,  774,  223,  885,  509,  556,  510,  627,  460,  189,  132,  540,  831,  281,  866,  805,  297,  106,  577,  257,  119,  627,  549,  107,  868,  357,  532,  382,  876,  253,  102,  486,  532,  752,  448,  340,  458,  696,  450,  687,  315,  281,  709,  365,  610,  644,  517,  758,  287,  764,  591,  984,  358,  556,  280,  817,   71,  537,  535,  239,  869,  417,  386,  759,  221,  618,  538,  499,  662,  723,  230,  881],
        [  787,    0,  136, 1019,  695,  628,  213,  182,  455,  206,  839,  814,  546,  961,  821,  943,  964,  602,  564,  344,  240,  768,  617,    0,  428,  911,  750,  592,  406,  985,  567,  370,  532,  698,  365,  433,  389,  850,  275,  845,  546,  796, 1021,  462,  855,  604,  845,  301,  945,  434,  485,  867,  126,  709,  856,  340,  618,  602,  739,  207,  201,  151,  201,  772,  167,  540,  638,  458,  443,  540,  156,  134,  612,  460,  195,  470,  691,  622,  394,  602,  629,  280,  336,  629,  292,  528,  517,   98,  231,  708,  782,  674,  403,  753,  373,  409,  530,  550,  975,  895,  383,  451,  341,  971,  717,  718,  759,  885,  433,  262,   34,  703,  505,  747,  685,  931,  700,  558,  365,  795,  500,  975,  563,  404,   83,  408,  761,  281,  971,  430,  683,  596,   84,  250,  471,  160,  470,  773],
        [  505,    0,  295,  618,  416,  352,  382,  259,  157,  228,  434,  444,  310,  540,  601,  558,  602,  454,  200,  452,  449,  341,  305,  428,    0,  498,  396,  231,   76,  580,  513,  385,  109,  273,  578,  194,  322,  468,  358,  468,  251,  554,  669,  304,  452,  555,  426,  169,  652,  350,  311,  649,  334,  353,  463,  148,  603,  485,  470,  416,  383,  382,  233,  536,  318,  345,  232,  471,  313,  581,  395,  319,  270,  324,  362,  305,  310,  295,  538,  174,  565,  537,  267,  382,  285,  103,  283,  396,  274,  350,  595,  250,  228,  327,  595,   79,  282,  222,  549,  562,  484,   50,  159,  582,  310,  438,  333,  507,  404,  188,  437,  403,  229,  501,  258,  588,  367,  684,   70,  407,   72,  640,  296,  233,  356,  286,  590,  155,  570,  457,  267,  342,  347,  447,  359,  480,   77,  603],
        [  386,    0,  776,  454,  387,  625,  799,  754,  571,  706,  372,  190,  653,  299,  521,  480,  233,  573,  490,  798,  853,  235,  565,  911,  498,    0,  510,  335,  551,   93,  693,  844,  389,  295,  938,  621,  771,  145,  746,  161,  579,  469,  294,  556,   77,  716,   78,  614,  414,  779,  705,  544,  799,  259,  109,  576,  773,  617,  404,  834,  806,  826,  711,  473,  770,  703,  394,  736,  733,  813,  892,  786,  335,  574,  858,  708,  443,  344,  866,  340,  704,  933,  737,  669,  677,  416,  647,  858,  708,  496,  567,  251,  555,  190,  954,  551,  633,  388,  149,  292,  949,  465,  578,  144,  196,  386,  252,  481,  681,  685,  925,  352,  449,  448,  288,  275,  301,  948,  551,  152,  432,  317,  619,  556,  846,  725,  587,  632,  431,  742,  346,  436,  835,  938,  599,  921,  490,  593],
        [  757,    0,  641,  293,  695,  165,  767,  571,  298,  588,  164,  599,  239,  316,  886,  203,  723,  804,  200,  848,  835,  281,  140,  750,  396,  510,    0,  502,  368,  600,  888,  488,  368,  250,  970,  319,  420,  588,  751,  599,  208,  831,  792,  680,  524,  927,  442,  560,  861,  400,  314,  928,  693,  567,  560,  543,  979,  843,  742,  799,  766,  754,  592,  821,  691,  278,  189,  861,  360,  970,  647,  679,  542,  702,  599,  326,   97,  572,  933,  308,  931,  922,  436,  199,  680,  318,  257,  753,  660,   47,  903,  355,  615,  350,  986,  364,  240,  534,  445,  740,  582,  419,  554,  650,  442,  711,  265,  142,  794,  492,  745,  666,  577,  785,  272,  744,  608, 1078,  459,  538,  349,  796,  208,  620,  668,  378,  908,  530,  250,  849,  201,  663,  669,  639,  737,  847,  322,  919],
        [  281,    0,  459,  626,  201,  526,  465,  456,  370,  391,  459,  225,  509,  501,  395,  597,  381,  311,  355,  469,  518,  298,  467,  592,  231,  335,  502,    0,  305,  398,  413,  615,  157,  272,  609,  416,  552,  258,  411,  254,  437,  342,  445,  233,  269,  447,  284,  292,  423,  578,  529,  440,  474,  125,  265,  253,  503,  354,  253,  500,  473,  495,  395,  328,  441,  552,  314,  425,  537,  518,  601,  462,   43,  254,  576,  525,  406,   73,  543,  195,  445,  600,  497,  565,  343,  215,  488,  529,  377,  463,  404,  171,  220,  237,  626,  308,  482,   55,  438,  332,  714,  183,  252,  379,  147,  221,  302,  564,  363,  402,  610,  180,  118,  292,  247,  360,  137,  647,  257,  204,  202,  411,  486,  222,  536,  514,  407,  322,  583,  425,  308,  163,  522,  667,  285,  588,  272,  418],
        [  580,    0,  282,  617,  491,  297,  399,  227,   92,  222,  435,  513,  244,  557,  676,  547,  670,  522,  170,  488,  467,  371,  258,  406,   76,  551,  368,  305,    0,  637,  574,  312,  168,  298,  604,  121,  248,  534,  388,  535,  195,  629,  738,  368,  511,  616,  476,  198,  726,  275,  239,  724,  329,  425,  526,  191,  662,  552,  545,  431,  398,  387,  227,  611,  323,  276,  233,  521,  238,  632,  347,  315,  344,  386,  309,  231,  294,  369,  573,  213,  628,  554,  196,  323,  319,  136,  216,  391,  293,  323,  668,  300,  286,  371,  620,    6,  217,  297,  586,  634,  414,  125,  203,  644,  371,  513,  360,  492,  457,  147,  409,  478,  302,  576,  288,  659,  441,  727,  102,  472,  120,  711,  236,  291,  327,  211,  662,  162,  569,  504,  278,  416,  323,  388,  420,  482,   67,  675],
        [  384,    0,  850,  517,  407,  717,  861,  834,  661,  781,  456,  208,  745,  364,  510,  554,  180,  598,  582,  847,  910,  327,  658,  985,  580,   93,  600,  398,  637,    0,  720,  934,  472,  388,  985,  712,  861,  159,  804,  172,  672,  462,  228,  604,  131,  737,  170,  685,  376,  871,  797,  526,  870,  301,  137,  647,  793,  640,  413,  895,  869,  892,  785,  471,  838,  795,  487,  775,  824,  842,  974,  857,  389,  621,  941,  800,  534,  392,  911,  429,  723,  988,  825,  761,  739,  503,  739,  926,  775,  587,  563,  339,  614,  282, 1002,  637,  726,  448,  198,  265, 1039,  544,  647,   80,  272,  401,  344,  561,  724,  768, 1001,  375,  505,  452,  380,  236,  334,  978,  630,  197,  517,  266,  711,  615,  923,  816,  587,  708,  499,  784,  438,  473,  911, 1024,  642,  985,  578,  591],
        [  360,    0,  492, 1038,  313,  865,  355,  554,  665,  465,  869,  513,  818,  911,  310, 1007,  602,  123,  706,  238,  349,  711,  816,  567,  513,  693,  888,  413,  574,  720,    0,  806,  520,  680,  330,  690,  772,  563,  293,  548,  763,  316,  630,  210,  617,   44,  668,  400,  484,  814,  804,  346,  457,  436,  591,  390,   92,   82,  318,  368,  367,  416,  466,  294,  415,  847,  701,  115,  790,  124,  673,  456,  387,  190,  679,  794,  793,  365,  247,  589,   64,  380,  701,  894,  305,  571,  789,  470,  371,  844,  253,  584,  288,  647,  342,  579,  790,  366,  825,  502,  875,  477,  378,  663,  545,  321,  715,  969,  139,  562,  599,  345,  314,  292,  655,  545,  393,  260,  473,  542,  542,  566,  808,  283,  567,  754,  224,  455,  996,  142,  709,  263,  546,  770,  155,  454,  587,  233],
        [  885,    0,  341,  780,  793,  330,  511,  261,  274,  344,  626,  824,  250,  775,  969,  690,  981,  788,  367,  641,  567,  633,  352,  370,  385,  844,  488,  615,  312,  934,  806,    0,  477,  561,  710,  223,   75,  843,  542,  845,  296,  927, 1049,  625,  814,  849,  767,  412, 1035,   91,  175, 1018,  395,  736,  833,  433,  882,  807,  846,  526,  502,  463,  344,  906,  423,  218,  467,  722,  130,  827,  219,  387,  653,  637,  175,  164,  471,  677,  714,  506,  867,  632,  119,  312,  504,  435,  234,  429,  444,  458,  952,  597,  540,  656,  721,  310,  251,  602,  850,  946,  106,  433,  444,  950,  677,  816,  618,  629,  671,  247,  347,  784,  594,  873,  561,  971,  751,  884,  374,  781,  428, 1023,  282,  545,  303,  122,  941,  356,  737,  698,  521,  709,  318,  163,  664,  520,  360,  954],
        [  437,    0,  397,  547,  357,  372,  461,  367,  218,  328,  366,  348,  352,  452,  550,  499,  504,  438,  202,  508,  525,  246,  315,  532,  109,  389,  368,  157,  168,  472,  520,  477,    0,  185,  643,  266,  409,  367,  425,  368,  281,  498,  573,  314,  345,  559,  318,  251,  574,  430,  375,  596,  430,  266,  359,  219,  612,  476,  409,  496,  464,  471,  333,  483,  408,  396,  182,  501,  388,  607,  503,  416,  200,  336,  469,  372,  273,  229,  591,   81,  564,  612,  362,  410,  350,   59,  333,  492,  356,  325,  554,  143,  258,  222,  660,  169,  326,  173,  444,  474,  580,   83,  225,  477,  204,  377,  240,  455,  434,  297,  542,  336,  209,  447,  166,  496,  290,  723,  168,  305,   50,  549,  329,  262,  462,  368,  554,  253,  501,  493,  197,  304,  452,  553,  372,  569,  120,  567],
        [  509,    0,  567,  365,  452,  334,  645,  522,  291,  500,  190,  351,  358,  269,  641,  327,  483,  582,  198,  692,  709,   75,  273,  698,  273,  295,  250,  272,  298,  388,  680,  561,  185,    0,  827,  339,  486,  345,  610,  354,  285,  585,  554,  484,  288,  716,  218,  433,  612,  490,  412,  681,  606,  319,  320,  403,  771,  624,  497,  680,  648,  652,  505,  576,  588,  408,  100,  676,  443,  777,  643,  591,  307,  506,  602,  416,  162,  335,  774,  105,  716,  797,  462,  378,  535,  171,  353,  668,  539,  221,  662,  108,  438,  110,  844,  296,  339,  315,  293,  493,  666,  265,  410,  423,  193,  466,   63,  293,  610,  444,  703,  422,  369,  541,   26,  499,  361,  899,  341,  291,  202,  552,  324,  442,  622,  440,  669,  426,  320,  670,   54,  434,  615,  672,  540,  750,  232,  680],
        [  669,    0,  374, 1189,  599,  891,  210,  459,  687,  400, 1006,  782,  822, 1090,  639, 1134,  899,  429,  771,  141,  146,  881,  860,  365,  578,  938,  970,  609,  604,  985,  330,  710,  643,  827,    0,  689,  707,  829,  221,  817,  793,  638,  938,  383,  865,  347,  892,  411,  807,  753,  779,  675,  317,  685,  849,  432,  331,  402,  621,  187,  216,  248,  397,  615,  298,  832,  808,  227,  748,  237,  514,  327,  604,  365,  543,  765,  888,  595,   84,  723,  376,   87,  639,  907,  295,  672,  790,  283,  312,  924,  582,  758,  395,  835,   18,  610,  798,  555, 1046,  806,  742,  568,  422,  943,  756,  615,  878, 1084,  264,  513,  397,  624,  492,  606,  806,  849,  653,  200,  513,  791,  638,  878,  825,  392,  411,  709,  553,  444, 1142,  210,  836,  515,  394,  612,  345,  207,  650,  561],
        [  695,    0,  333,  598,  608,  204,  480,  256,   51,  291,  427,  612,  134,  569,  795,  517,  766,  643,  152,  584,  546,  413,  185,  433,  194,  621,  319,  416,  121,  712,  690,  223,  266,  339,  689,    0,  150,  626,  481,  630,  113,  747,  836,  487,  594,  733,  544,  301,  838,  165,  118,  843,  388,  531,  614,  302,  777,  671,  662,  507,  476,  454,  294,  730,  395,  157,  249,  631,  122,  742,  332,  375,  457,  504,  285,  111,  272,  484,  668,  284,  746,  629,  128,  218,  420,  217,  103,  445,  381,  278,  789,  375,  404,  433,  704,  117,  109,  414,  631,  740,  329,  243,  314,  730,  459,  630,  398,  457,  568,  182,  426,  593,  423,  694,  338,  761,  552,  828,  218,  565,  217,  814,  137,  409,  350,  105,  783,  253,  552,  612,  302,  536,  353,  340,  537,  541,  146,  796],
        [  826,    0,  333,  711,  736,  266,  501,  248,  200,  321,  553,  756,  184,  701,  916,  622,  912,  744,  292,  625,  562,  559,  281,  389,  322,  771,  420,  552,  248,  861,  772,   75,  409,  486,  707,  150,    0,  773,  523,  776,  222,  872,  981,  582,  742,  815,  693,  374,  974,   47,  109,  965,  390,  671,  762,  389,  852,  767,  789,  521,  494,  460,  323,  852,  412,  160,  392,  696,   62,  804,  251,  380,  591,  596,  202,   96,  398,  616,  703,  433,  832,  634,   73,  254,  477,  364,  163,  433,  422,  387,  903,  524,  497,  582,  720,  245,  180,  542,  775,  881,  181,  371,  400,  879,  606,  758,  543,  561,  640,  213,  372,  724,  540,  818,  487,  904,  689,  871,  320,  712,  360,  957,  212,  501,  313,   47,  894,  317,  666,  673,  446,  656,  325,  220,  625,  528,  291,  907],
        [  242,    0,  717,  584,  251,  674,  712,  711,  576,  649,  474,   50,  685,  431,  377,  597,  142,  441,  519,  691,  759,  310,  613,  850,  468,  145,  588,  258,  534,  159,  563,  843,  367,  345,  829,  626,  773,    0,  653,   17,  610,  324,  213,  449,   77,  582,  165,  549,  284,  790,  726,  402,  731,  148,   37,  510,  638,  484,  262,  746,  721,  747,  653,  329,  696,  735,  436,  617,  746,  685,  855,  719,  241,  465,  827,  726,  506,  240,  753,  347,  568,  834,  728,  718,  591,  410,  673,  785,  632,  564,  423,  259,  465,  239,  845,  535,  662,  303,  293,  160,  946,  426,  509,  121,  169,  247,  325,  588,  567,  651,  868,  218,  356,  305,  328,  156,  177,  821,  508,   62,  416,  208,  655,  466,  794,  731,  443,  578,  555,  626,  398,  315,  779,  915,  485,  837,  483,  449],
        [  539,    0,  207,  970,  454,  680,   69,  282,  474,  202,  787,  609,  615,  875,  554,  914,  745,  332,  552,  104,  108,  666,  645,  275,  358,  746,  751,  411,  388,  804,  293,  542,  425,  610,  221,  481,  523,  653,    0,  644,  579,  535,  794,  213,  677,  332,  693,  192,  693,  568,  580,  599,  165,  506,  668,  212,  353,  329,  490,   97,   81,  126,  201,  510,  125,  631,  588,  189,  554,  287,  384,  166,  415,  204,  396,  567,  668,  414,  187,  505,  356,  191,  451,  699,   76,  452,  583,  180,  102,  705,  511,  547,  192,  626,  237,  393,  590,  358,  843,  662,  596,  349,  203,  772,  556,  474,  663,  864,  158,  315,  307,  469,  299,  490,  589,  702,  483,  350,  293,  607,  418,  740,  615,  190,  276,  516,  488,  230,  923,  162,  617,  357,  255,  483,  205,  192,  430,  500],
        [  225,    0,  712,  600,  236,  683,  704,  708,  580,  644,  488,   36,  692,  447,  360,  611,  137,  426,  525,  680,  750,  322,  621,  845,  468,  161,  599,  254,  535,  172,  548,  845,  368,  354,  817,  630,  776,   17,  644,    0,  616,  308,  207,  438,   93,  567,  180,  545,  270,  794,  731,  385,  725,  139,   54,  506,  623,  469,  246,  737,  713,  740,  649,  312,  690,  741,  444,  604,  750,  671,  852,  714,  234,  454,  825,  730,  516,  231,  742,  352,  553,  824,  730,  726,  583,  413,  679,  778,  625,  574,  406,  266,  458,  250,  834,  536,  668,  296,  309,  146,  948,  425,  504,  129,  174,  232,  336,  602,  555,  650,  864,  204,  348,  288,  337,  145,  165,  807,  506,   67,  418,  198,  661,  458,  790,  734,  427,  575,  571,  614,  408,  303,  775,  914,  473,  829,  486,  433],
        [  717,    0,  444,  493,  637,  103,  584,  368,  106,  397,  331,  604,   76,  480,  830,  408,  752,  701,   92,  681,  652,  353,   72,  546,  251,  579,  208,  437,  195,  672,  763,  296,  281,  285,  793,  113,  222,  610,  579,  616,    0,  779,  822,  555,  565,  805,  502,  392,  848,  214,  130,  876,  498,  538,  591,  385,  852,  734,  690,  613,  581,  563,  401,  763,  502,  125,  186,  715,  168,  826,  440,  485,  480,  574,  392,  137,  176,  509,  765,  266,  815,  736,  229,  133,  513,  223,   69,  556,  481,  169,  832,  351,  477,  391,  808,  190,   55,  449,  564,  740,  397,  291,  397,  702,  443,  658,  337,  348,  650,  293,  539,  617,  473,  727,  293,  756,  568,  922,  297,  550,  240,  809,   49,  482,  463,  178,  830,  350,  448,  699,  238,  579,  466,  436,  609,  652,  179,  842],
        [   84,    0,  684,  892,  142,  868,  603,  717,  705,  632,  755,  282,  849,  745,   57,  889,  310,  212,  697,  523,  623,  582,  808,  796,  554,  469,  831,  342,  629,  462,  316,  927,  498,  585,  638,  747,  872,  324,  535,  308,  779,    0,  323,  335,  397,  315,  475,  534,  169,  903,  863,   98,  672,  267,  360,  503,  362,  237,   90,  628,  615,  657,  634,   25,  629,  891,  648,  412,  867,  435,  859,  665,  299,  336,  848,  858,  737,  270,  555,  531,  292,  675,  809,  907,  504,  556,  827,  707,  567,  796,  101,  478,  406,  507,  652,  633,  822,  334,  616,  207, 1017,  505,  495,  391,  398,  122,  593,  868,  392,  688,  823,  166,  334,   54,  561,  248,  224,  566,  554,  336,  541,  257,  827,  403,  768,  839,  126,  585,  858,  433,  631,  218,  748,  943,  330,  723,  608,  129],
        [  271,    0,  893,  743,  343,  886,  859,  898,  786,  828,  664,  226,  898,  589,  354,  773,   71,  514,  731,  810,  895,  511,  824, 1021,  669,  294,  792,  445,  738,  228,  630, 1049,  573,  554,  938,  836,  981,  213,  794,  207,  822,  323,    0,  581,  268,  635,  352,  726,  179, 1000,  937,  352,  898,  321,  234,  688,  684,  548,  318,  890,  869,  903,  832,  341,  860,  947,  647,  713,  956,  753, 1044,  888,  415,  592, 1020,  937,  714,  401,  857,  559,  613,  960,  933,  930,  743,  620,  886,  946,  794,  771,  416,  472,  622,  446,  953,  740,  875,  476,  424,  133, 1151,  624,  684,  153,  381,  325,  527,  774,  677,  846, 1043,  325,  517,  339,  538,   92,  322,  886,  701,  273,  622,   66,  867,  621,  974,  940,  445,  763,  722,  729,  607,  437,  957, 1111,  601,  985,  691,  445],
        [  329,    0,  351,  848,  241,  656,  279,  391,  458,  303,  672,  403,  611,  731,  364,  809,  533,  163,  497,  244,  315,  524,  607,  462,  304,  556,  680,  233,  368,  604,  210,  625,  314,  484,  383,  487,  582,  449,  213,  438,  555,  335,  581,    0,  483,  251,  513,  214,  486,  620,  602,  412,  337,  303,  468,  193,  301,  186,  280,  309,  290,  328,  305,  311,  295,  643,  495,  194,  592,  294,  528,  330,  222,   23,  522,  593,  586,  213,  312,  387,  261,  387,  512,  686,  170,  363,  583,  376,  232,  636,  335,  396,   86,  468,  399,  373,  583,  179,  669,  449,  705,  267,  182,  565,  379,  262,  525,  768,  130,  378,  489,  257,  118,  286,  460,  490,  275,  417,  270,  409,  333,  528,  599,   81,  434,  559,  320,  270,  803,  192,  508,  144,  414,  618,   58,  404,  378,  333],
