{
    "name": "random-70-13880",
    "comment": "size=70 seed=13880",
    "nodes": ["+0", "-0", "+1", "-1", "+2", "-2", "+3", "-3", "+4", "-4", "+5", "-5", "+6", "-6", "+7", "-7", "+8", "-8", "+9", "-9", "+10", "-10", "+11", "-11", "+12", "-12", "+13", "-13", "+14", "-14", "+15", "-15", "+16", "-16", "+17", "-17", "+18", "-18", "+19", "-19", "+20", "-20", "+21", "-21", "+22", "-22", "+23", "-23", "+24", "-24", "+25", "-25", "+26", "-26", "+27", "-27", "+28", "-28", "+29", "-29", "+30", "-30", "+31", "-31", "+32", "-32", "+33", "-33", "+34", "-34", "+35", "-35", "+36", "-36", "+37", "-37", "+38", "-38", "+39", "-39", "+40", "-40", "+41", "-41", "+42", "-42", "+43", "-43", "+44", "-44", "+45", "-45", "+46", "-46", "+47", "-47", "+48", "-48", "+49", "-49", "+50", "-50", "+51", "-51", "+52", "-52", "+53", "-53", "+54", "-54", "+55", "-55", "+56", "-56", "+57", "-57", "+58", "-58", "+59", "-59", "+60", "-60", "+61", "-61", "+62", "-62", "+63", "-63", "+64", "-64", "+65", "-65", "+66", "-66", "+67", "-67", "+68", "-68", "+69", "-69", "+70", "-70"],
    "precedence": {
        "+0": "-0",
        "+1": "-1",
        "+2": "-2",
        "+3": "-3",
        "+4": "-4",
        "+5": "-5",
        "+6": "-6",
        "+7": "-7",
        "+8": "-8",
        "+9": "-9",
        "+10": "-10",
        "+11": "-11",
        "+12": "-12",
        "+13": "-13",
        "+14": "-14",
        "+15": "-15",
        "+16": "-16",
        "+17": "-17",
        "+18": "-18",
        "+19": "-19",
        "+20": "-20",
        "+21": "-21",
        "+22": "-22",
        "+23": "-23",
        "+24": "-24",
        "+25": "-25",
        "+26": "-26",
        "+27": "-27",
        "+28": "-28",
        "+29": "-29",
        "+30": "-30",
        "+31": "-31",
        "+32": "-32",
        "+33": "-33",
        "+34": "-34",
        "+35": "-35",
        "+36": "-36",
        "+37": "-37",
        "+38": "-38",
        "+39": "-39",
        "+40": "-40",
        "+41": "-41",
        "+42": "-42",
        "+43": "-43",
        "+44": "-44",
        "+45": "-45",
        "+46": "-46",
        "+47": "-47",
        "+48": "-48",
        "+49": "-49",
        "+50": "-50",
        "+51": "-51",
        "+52": "-52",
        "+53": "-53",
        "+54": "-54",
        "+55": "-55",
        "+56": "-56",
        "+57": "-57",
        "+58": "-58",
        "+59": "-59",
        "+60": "-60",
        "+61": "-61",
        "+62": "-62",
        "+63": "-63",
        "+64": "-64",
        "+65": "-65",
        "+66": "-66",
        "+67": "-67",
        "+68": "-68",
        "+69": "-69",
        "+70": "-70"
    },
    "edges": [
        [    0,    0,  389,  763,  170,  635,  303,  641,  992,  569,  781,  492,  329,  408,  206,  364,  115,  621,  572,  200,  170,  406,  823,  321,  669,  322,  784,  976,  447,  770,  644,  576,  841,  595,  245,  235,  208,  509,  567,  700,  596,  451,  836,  264,  697,  771,  590,  700,  771,  899,  400,  380,  529,  314,  256,  574,  524,  431,  436,  464,  160,  447,  274,  663,  189,  772,  445,  639,  247,  437,  130,  590,  788,  805,  834,  527,  845,  504,  767,  106,  402,  544,  171,  207,  241,  486,  825,  838,  731,  651,  399,  922,  745,  985,  358,  594,  395,  178,  897,  619,  665,  353,  518,  127,  372,  623,  885,  468,  772,  685,  950,  687,  480,  482,  703,  558,  912,  615,  827,  546,  458,  189,  550,  825,  501,  507,  551,  693,  584,  819,  741,  372,  704,  261,  527,  697,  269,  692,  224,  480,  637,  409],
        [    0,    0,    0,    0,    0,    0,    0,    0,    0,    0,    0,    0,    0,    0,    0,    0,    0,    0,    0,    0,    0,    0,    0,    0,    0,    0,    0,    0,    0,    0,    0,    0,    0,    0,    0,    0,    0,    0,    0,    0,    0,    0,    0,    0,    0,    0,    0,    0,    0,    0,    0,    0,    0,    0,    0,    0,    0,    0,    0,    0,    0,    0,    0,    0,    0,    0,    0,    0,    0,    0,    0,    0,    0,    0,    0,    0,    0,    0,    0,    0,    0,    0,    0,    0,    0,    0,    0,    0,    0,    0,    0,    0,    0,    0,    0,    0,    0,    0,    0,    0,    0,    0,    0,    0,    0,    0,    0,    0,    0,    0,    0,    0,    0,    0,    0,    0,    0,    0,    0,    0,    0,    0,    0,    0,    0,    0,    0,    0,    0,    0,    0,    0,    0,    0,    0,    0,    0,    0,    0,    0,    0,    0],
        [  389,    0,    0,  621,  306,  890,  382,  770,  939,  665,  588,  690,  406,  348,  193,  144,  315,  935,  832,  452,  448,  524,  579,  450,  376,  400,  542,  952,  392,  427,  675,  249,  780,  429,  482,  246,  573,  632,  178,  409,  871,  734,  482,  418,  696,  764,  848,  315,  623,  794,  677,  197,  616,  373,  494,  466,  160,  779,   93,  382,  372,  724,  516,  516,  201,  769,   59,  871,  475,  564,  357,  835,  728,  431,  678,  239,  527,  282,  603,  494,  205,  360,  499,  594,  162,  684,  453,  838,  715,  851,  675,  912,  419,  914,  119,  524,  580,  329,  774,  288,  812,  576,  407,  502,  608,  936,  905,  101,  472,  535,  845,  870,  662,  661,  670,  366,  880,  613,  522,  217,  645,  577,  690,  679,  761,  553,  840,  713,  605,  524,  413,  716,  676,  261,  331,  413,  401,  767,  199,  272,  915,  683],
        [  763,    0,  621,    0,  594,  755,  950,  487,  342,  408,  102,  569,  451,  356,  706,  496,  784,  899,  732,  939,  917,  448,  210,  487,  329,  972,  202,  378,  316,  448,  307,  432,  203,  194,  982,  802,  794,  447,  645,  317,  782,  722,  500,  529,  257,  270,  737,  609,   13,  178,  689,  447,  392,  948,  603,  189,  523,  873,  534,  300,  613,  708,  608,  108,  679,  278,  636,  705,  981,  454,  636,  707,  172,  567,   73,  398,  390,  340,   43,  815,  429,  262,  713,  878,  606,  569,  566,  320,  236,  638,  687,  359,  396,  306,  520,  184,  534,  586,  154,  424,  534,  587,  248,  783,  609,  897,  393,  686,  333,   87,  226,  621,  539,  534,  198,  256,  311,  252,  353,  450,  544,  871,  480,   63,  695,  340,  789,  293,  290,  326,  401,  826,  207,  831,  290,  304,  948,  400,  740,  351,  812,  686],
        [  170,    0,  306,  594,    0,  598,  404,  533,  837,  445,  612,  414,  177,  238,  195,  227,  208,  630,  537,  351,  327,  280,  656,  191,  513,  427,  617,  827,  279,  627,  501,  436,  682,  426,  396,  280,  283,  392,  477,  543,  573,  431,  696,  139,  547,  622,  554,  590,  602,  734,  374,  227,  399,  409,  192,  405,  404,  476,  319,  294,   67,  422,  215,  493,  159,  623,  365,  587,  396,  318,   60,  545,  629,  677,  665,  379,  691,  343,  598,  242,  248,  376,  200,  331,  147,  408,  696,  692,  579,  579,  373,  775,  596,  826,  231,  429,  304,   27,  731,  477,  566,  284,  348,  229,  313,  631,  745,  403,  616,  516,  785,  607,  392,  392,  546,  391,  759,  462,  670,  409,  372,  318,  443,  656,  465,  362,  538,  549,  436,  660,  592,  413,  548,  314,  362,  538,  386,  565,  233,  318,  616,  381],
        [  635,    0,  890,  755,  598,    0,  937,  280,  738,  348,  841,  214,  497,  607,  786,  770,  744,  173,   64,  809,  776,  391,  940,  445,  923,  956,  915,  680,  591, 1069,  452,  921,  665,  731,  847,  855,  459,  323, 1043,  938,   62,  187, 1140,  473,  513,  546,   46, 1118,  768,  765,  236,  735,  374,  949,  407,  652,  939,  304,  871,  619,  539,  189,  385,  725,  752,  540,  945,   57,  853,  358,  567,   57,  640, 1161,  811,  853, 1075,  775,  790,  576,  744,  741,  465,  538,  741,  218, 1173,  564,  549,  132,  237,  626, 1020,  762,  787,  602,  315,  572,  794,  950,  244,  315,  650,  529,  285,  169,  553,  991,  997,  737,  796,  172,  248,  251,  568,  754,  654,  504, 1041,  908,  257,  548,  278,  790,  136,  443,  113,  480,  469, 1019, 1021,  320,  560,  886,  752,  927,  900,  383,  820,  757,   64,  227],
        [  303,    0,  382,  950,  404,  937,    0,  929, 1229,  847,  939,  791,  581,  609,  244,  462,  203,  911,  874,  162,  186,  682,  949,  592,  754,   23,  909, 1225,  656,  806,  904,  629, 1071,  760,  155,  149,  493,  792,  513,  787,  896,  752,  857,  537,  947, 1021,  892,  665,  955, 1109,  702,  506,  802,   18,  553,  769,  540,  711,  471,  662,  434,  748,  572,  843,  273, 1024,  411,  941,  145,  717,  400,  892, 1017,  796, 1016,  610,  908,  628,  942,  372,  526,  695,  472,  448,  345,  784,  819, 1092,  977,  952,  701, 1175,  800, 1213,  441,  809,  688,  426, 1099,  670,  958,  651,  707,  414,  672,  913, 1148,  397,  852,  864, 1161,  986,  775,  777,  940,  706, 1156,  861,  903,  597,  754,  431,  838, 1012,  804,  765,  849,  951,  837,  904,  795,  658,  943,  124,  670,  789,   49,  968,  210,  610,  936,  711],
        [  641,    0,  770,  487,  533,  280,  929,    0,  471,  109,  579,  172,  371,  433,  724,  630,  727,  442,  274,  838,  807,  255,  683,  343,  703,  951,  662,  422,  400,  848,  180,  730,  387,  500,  882,  813,  537,  142,  892,  711,  320,  323,  916,  395,  236,  268,  273,  935,  499,  486,  324,  584,  156,  937,  386,  418,  773,  492,  724,  422,  496,  312,  371,  474,  688,  262,  816,  225,  886,  216,  530,  242,  362,  953,  538,  665,  835,  582,  525,  625,  585,  528,  496,  633,  650,  177,  961,  293,  270,  154,  323,  365,  797,  491,  653,  357,  247,  508,  515,  751,   50,  297,  436,  578,  290,  439,  299,  868,  761,  482,  518,  136,  169,  165,  293,  538,  385,  244,  800,  726,  190,  635,   92,  516,  269,  228,  345,  202,  217,  775,  799,  472,  285,  846,  546,  699,  903,  106,  763,  569,  341,  316],
        [  992,    0,  939,  342,  837,  738, 1229,  471,    0,  466,  424,  628,  664,  622,  989,  803, 1043,  908,  743, 1186, 1160,  600,  515,  676,  670, 1252,  524,   73,  574,  780,  361,  772,  160,  517, 1231, 1087,  958,  531,  982,  656,  786,  789,  825,  730,  299,  228,  740,  950,  345,  174,  780,  750,  488, 1230,  773,  475,  859,  958,  858,  572,  833,  777,  767,  433,  958,  230,  962,  681, 1232,  582,  864,  709,  214,  900,  319,  732,  704,  664,  376, 1015,  737,  585,  893, 1052,  891,  632,  896,  180,  262,  606,  778,  114,  730,   48,  829,  423,  655,  821,  213,  766,  496,  714,  536,  974,  722,  904,  190, 1015,  661,  418,  146,  568,  611,  606,  291,  582,   88,  378,  669,  787,  627, 1050,  526,  303,  739,  488,  815,  311,  411,  642,  736,  930,  290, 1119,  613,  643, 1218,  368, 1027,  670,  801,  772],
        [  569,    0,  665,  408,  445,  348,  847,  109,  466,    0,  493,  172,  275,  325,  632,  525,  646,  494,  325,  768,  739,  166,  594,  256,  598,  869,  569,  431,  291,  744,  116,  622,  350,  397,  813,  723,  497,   66,  784,  608,  374,  334,  813,  311,  184,  241,  329,  827,  420,  442,  316,  477,   50,  853,  323,  315,  665,  499,  617,  314,  416,  321,  313,  379,  596,  238,  711,  300,  816,  133,  450,  300,  312,  847,  467,  557,  737,  474,  442,  569,  478,  422,  442,  593,  552,  174,  855,  291,  224,  240,  315,  374,  693,  475,  548,  259,  193,  422,  464,  643,  157,  251,  329,  524,  256,  491,  323,  763,  661,  390,  482,  236,  148,  143,  229,  432,  379,  157,  702,  617,  162,  592,   74,  446,  295,  120,  386,  159,  121,  678,  695,  466,  223,  757,  439,  596,  825,  123,  671,  461,  405,  310],
        [  781,    0,  588,  102,  612,  841,  939,  579,  424,  493,    0,  647,  491,  378,  698,  478,  789,  979,  814,  946,  927,  510,  109,  534,  255,  961,  103,  468,  347,  357,  400,  373,  299,  187,  987,  790,  838,  526,  585,  236,  864,  793,  405,  569,  355,  371,  820,  532,   92,  252,  756,  434,  471,  935,  651,  224,  471,  936,  496,  324,  641,  779,  658,  130,  676,  379,  594,  793,  985,  522,  661,  791,  272,  477,  107,  353,  290,  313,   59,  844,  414,  246,  754,  916,  599,  646,  474,  420,  336,  729,  754,  454,  307,  383,  500,  247,  600,  608,  216,  357,  627,  648,  268,  817,  673,  976,  492,  642,  239,  111,  292,  714,  615,  611,  296,  234,  404,  338,  254,  396,  617,  907,  564,  121,  772,  411,  868,  391,  373,  226,  312,  886,  305,  817,  270,  224,  942,  497,  729,  330,  897,  754],
        [  492,    0,  690,  569,  414,  214,  791,  172,  628,  172,  647,    0,  288,  393,  608,  563,  590,  332,  171,  685,  653,  178,  741,  241,  711,  811,  713,  585,  377,  856,  287,  707,  521,  522,  728,  688,  368,  123,  835,  727,  221,  163,  927,  279,  355,  409,  182,  905,  582,  614,  154,  525,  178,  800,  238,  445,  728,  330,  664,  405,  364,  150,  219,  524,  572,  404,  743,  184,  732,  145,  396,  158,  484,  947,  632,  639,  866,  561,  600,  463,  533,  528,  336,  463,  549,    7,  959,  450,  395,  166,  152,  528,  808,  641,  581,  403,  112,  388,  635,  736,  180,  140,  439,  415,  124,  330,  467,  790,  787,  539,  653,  196,   34,   38,  399,  542,  541,  320,  834,  695,   45,  467,  103,  612,  126,  239,  221,  329,  280,  812,  808,  303,  393,  720,  538,  716,  760,  263,  645,  543,  259,  146],
        [  329,    0,  406,  451,  177,  497,  581,  371,  664,  275,  491,  288,    0,  132,  358,  275,  385,  574,  443,  523,  496,  120,  557,   56,  465,  603,  521,  651,  146,  602,  324,  433,  513,  317,  568,  451,  348,  231,  548,  488,  488,  367,  674,   79,  371,  446,  458,  624,  461,  573,  315,  239,  227,  585,  165,  269,  443,  472,  376,  173,  170,  354,  177,  363,  323,  447,  457,  471,  569,  160,  200,  440,  460,  680,  523,  366,  637,  298,  464,  366,  249,  292,  264,  428,  279,  283,  694,  515,  404,  446,  313,  599,  560,  656,  294,  273,  183,  158,  575,  467,  410,  199,  226,  333,  231,  574,  568,  506,  557,  384,  624,  465,  258,  257,  375,  307,  585,  288,  609,  417,  243,  420,  287,  511,  377,  185,  467,  372,  259,  593,  558,  414,  376,  484,  290,  480,  563,  391,  397,  275,  530,  317],
        [  408,    0,  348,  356,  238,  607,  609,  433,  622,  325,  378,  393,  132,    0,  367,  204,  432,  698,  558,  584,  562,  216,  434,  186,  335,  631,  396,  623,   49,  474,  328,  314,  463,  195,  628,  465,  469,  305,  459,  357,  605,  493,  546,  202,  354,  426,  571,  514,  364,  504,  443,  154,  277,  609,  294,  168,  342,  603,  293,   57,  264,  480,  307,  256,  336,  429,  389,  575,  627,  250,  284,  550,  409,  557,  427,  247,  506,  171,  360,  467,  153,  161,  382,  542,  270,  389,  570,  499,  378,  537,  440,  577,  430,  605,  229,  201,  299,  232,  497,  344,  479,  326,  111,  442,  357,  698,  563,  442,  426,  278,  555,  548,  360,  357,  337,  177,  552,  269,  478,  303,  350,  532,  363,  419,  496,  209,  590,  367,  258,  462,  429,  545,  341,  497,  159,  349,  601,  421,  405,  151,  646,  444],
        [  206,    0,  193,  706,  195,  786,  244,  724,  989,  632,  698,  608,  358,  367,    0,  225,  123,  801,  724,  268,  260,  470,  715,  382,  530,  267,  675,  988,  415,  607,  675,  417,  830,  517,  303,   98,  406,  583,  366,  563,  756,  612,  667,  333,  712,  786,  742,  507,  711,  866,  556,  265,  584,  243,  380,  525,  344,  625,  260,  419,  248,  604,  402,  599,   36,  789,  245,  778,  298,  509,  220,  735,  776,  622,  772,  384,  697,  390,  699,  312,  285,  453,  346,  412,  101,  602,  644,  859,  740,  773,  554,  940,  591,  972,  207,  567,  498,  221,  855,  460,  759,  476,  463,  329,  503,  802,  918,  263,  633,  621,  918,  801,  586,  587,  702,  464,  918,  626,  686,  385,  566,  394,  636,  768,  651,  538,  718,  720,  606,  683,  586,  563,  705,  130,  429,  564,  245,  749,   40,  370,  799,  564],
        [  364,    0,  144,  496,  227,  770,  462,  630,  803,  525,  478,  563,  275,  204,  225,    0,  331,  832,  715,  487,  474,  391,  490,  325,  311,  484,  451,  813,  248,  407,  532,  213,  643,  303,  525,  314,  509,  495,  274,  343,  757,  626,  474,  304,  553,  622,  730,  367,  500,  664,  570,   54,  476,  458,  391,  329,  180,  696,  102,  239,  289,  615,  411,  389,  209,  626,  187,  746,  521,  430,  286,  714,  590,  451,  558,  166,  483,  166,  484,  457,   67,  235,  426,  553,  133,  558,  469,  695,  573,  720,  568,  770,  382,  780,   26,  383,  456,  243,  648,  256,  674,  461,  268,  452,  494,  832,  762,  239,  415,  410,  716,  736,  533,  531,  528,  245,  740,  469,  469,  185,  518,  538,  553,  557,  645,  411,  731,  569,  461,  463,  377,  633,  534,  340,  209,  342,  468,  624,  253,  149,  800,  575],
        [  115,    0,  315,  784,  208,  744,  203,  727, 1043,  646,  789,  590,  385,  432,  123,  331,    0,  735,  681,  158,  143,  481,  816,  392,  641,  224,  776, 1034,  477,  725,  708,  533,  887,  603,  199,  123,  322,  590,  487,  674,  707,  562,  787,  336,  754,  829,  699,  629,  791,  934,  509,  362,  602,  211,  352,  598,  465,  545,  380,  487,  232,  557,  372,  680,  125,  831,  366,  745,  197,  516,  198,  697,  833,  744,  854,  495,  812,  490,  783,  211,  383,  544,  282,  307,  199,  583,  766,  899,  786,  752,  508,  983,  707, 1031,  318,  629,  486,  228,  928,  577,  756,  450,  537,  240,  473,  737,  952,  380,  745,  702,  986,  785,  574,  575,  753,  557,  966,  670,  798,  502,  552,  289,  636,  847,  610,  569,  663,  756,  643,  794,  702,  486,  754,  147,  523,  673,  179,  768,  125,  468,  748,  518],
        [  621,    0,  935,  899,  630,  173,  911,  442,  908,  494,  979,  332,  574,  698,  801,  832,  735,    0,  171,  766,  735,  491, 1072,  518, 1029,  927, 1043,  851,  693, 1171,  605, 1007,  828,  849,  798,  854,  418,  454, 1101, 1048,  123,  208, 1243,  529,  669,  709,  170, 1194,  912,  926,  263,  807,  508,  924,  443,  774, 1009,  207,  933,  722,  565,  220,  422,  856,  770,  703,  993,  228,  805,  467,  586,  201,  798, 1253,  960,  940, 1191,  869,  931,  539,  819,  848,  457,  474,  777,  333, 1267,  732,  707,  303,  265,  797, 1126,  930,  845,  734,  401,  606,  952, 1040,  412,  376,  762,  499,  343,    6,  724, 1033, 1112,  870,  959,  344,  364,  369,  721,  862,  823,  648, 1160,  990,  365,  488,  421,  939,  209,  570,  112,  638,  610, 1139, 1125,  254,  713,  881,  853, 1038,  868,  548,  830,  848,  112,  259],
        [  572,    0,  832,  732,  537,   64,  874,  274,  743,  325,  814,  171,  443,  558,  724,  715,  681,  171,    0,  746,  714,  344,  910,  390,  881,  892,  882,  689,  546, 1025,  435,  872,  658,  693,  784,  792,  397,  289,  987,  897,   51,  124, 1097,  415,  499,  540,   19, 1067,  744,  756,  173,  682,  343,  885,  346,  616,  886,  256,  816,  575,  477,  126,  323,  693,  690,  534,  888,   86,  791,  314,  505,   37,  628, 1115,  791,  804, 1037,  728,  765,  513,  692,  698,  402,  478,  681,  174, 1127,  566,  537,  147,  174,  633,  978,  764,  731,  571,  262,  511,  782,  902,  248,  256,  610,  467,  225,  167,  563,  932,  958,  707,  790,  194,  205,  209,  551,  712,  658,  480, 1004,  858,  211,  488,  252,  770,   73,  408,   74,  468,  442,  983,  978,  264,  544,  823,  707,  887,  837,  380,  758,  709,   88,  164],
        [  200,    0,  452,  939,  351,  809,  162,  838, 1186,  768,  946,  685,  523,  584,  268,  487,  158,  766,  746,    0,   33,  605,  973,  519,  796,  171,  933, 1173,  628,  873,  841,  684, 1033,  760,   46,  213,  353,  708,  611,  829,  763,  623,  932,  462,  893,  967,  764,  760,  946, 1085,  577,  519,  728,  179,  453,  751,  609,  562,  527,  640,  357,  621,  469,  835,  279,  968,  496,  819,   48,  636,  324,  768,  979,  882, 1009,  649,  964,  647,  939,  234,  540,  701,  352,  295,  355,  679,  905, 1035,  926,  839,  577, 1119,  858, 1176,  472,  779,  592,  366, 1080,  727,  860,  546,  691,  280,  562,  769, 1083,  497,  899,  857, 1136,  878,  675,  678,  896,  714, 1107,  810,  952,  652,  653,  279,  747, 1001,  679,  704,  714,  891,  780,  949,  853,  513,  897,  213,  680,  828,  113,  891,  253,  625,  801,  587],
        [  170,    0,  448,  917,  327,  776,  186,  807, 1160,  739,  927,  653,  496,  562,  260,  474,  143,  735,  714,   33,    0,  576,  957,  491,  784,  198,  917, 1145,  605,  866,  813,  675, 1007,  741,   75,  217,  321,  677,  612,  816,  730,  590,  926,  434,  865,  940,  732,  760,  925, 1061,  545,  503,  699,  203,  422,  729,  603,  531,  519,  618,  329,  589,  438,  814,  267,  941,  495,  787,   79,  606,  297,  736,  954,  879,  988,  638,  954,  631,  918,  202,  525,  683,  320,  265,  341,  647,  901, 1007,  900,  807,  544, 1092,  849, 1151,  460,  755,  561,  340, 1057,  718,  829,  515,  670,  248,  530,  738, 1054,  500,  887,  837, 1112,  846,  644,  646,  870,  696, 1080,  783,  941,  643,  622,  249,  717,  980,  647,  677,  682,  863,  753,  937,  844,  482,  871,  222,  663,  816,  139,  862,  250,  609,  769,  555],
        [  406,    0,  524,  448,  280,  391,  682,  255,  600,  166,  510,  178,  120,  216,  470,  391,  481,  491,  344,  605,  576,    0,  593,   90,  540,  704,  561,  576,  203,  683,  242,  530,  461,  361,  650,  560,  362,  114,  661,  558,  391,  291,  755,  146,  302,  374,  356,  728,  460,  537,  248,  351,  123,  688,  173,  292,  552,  427,  490,  233,  251,  277,  170,  381,  434,  373,  574,  361,  652,   40,  285,  335,  413,  771,  518,  462,  701,  385,  472,  416,  357,  358,  293,  455,  396,  174,  783,  436,  340,  329,  246,  521,  636,  600,  411,  267,   92,  257,  548,  559,  292,  139,  273,  374,  163,  489,  479,  624,  622,  399,  584,  347,  145,  143,  323,  372,  516,  231,  670,  517,  134,  451,  168,  502,  284,  118,  380,  292,  193,  650,  636,  378,  321,  593,  365,  548,  659,  288,  509,  366,  432,  247],
        [  823,    0,  579,  210,  656,  940,  949,  683,  515,  594,  109,  741,  557,  434,  715,  490,  816, 1072,  910,  973,  957,  593,    0,  606,  211,  969,   41,  565,  412,  274,  505,  342,  402,  241, 1013,  801,  902,  621,  545,  182,  960,  881,  311,  633,  462,  479,  917,  467,  199,  342,  841,  455,  568,  943,  721,  302,  443, 1018,  487,  385,  694,  868,  731,  217,  697,  488,  575,  893, 1009,  610,  710,  889,  379,  392,  199,  342,  189,  327,  167,  896,  433,  281,  816,  974,  620,  740,  385,  526,  444,  831,  839,  556,  231,  472,  509,  339,  685,  657,  303,  315,  732,  730,  332,  873,  756, 1070,  598,  618,  155,  204,  375,  819,  708,  704,  403,  266,  504,  440,  155,  370,  709,  964,  663,  218,  864,  503,  961,  498,  473,  128,  237,  964,  413,  825,  297,  174,  957,  604,  742,  349,  994,  840],
        [  321,    0,  450,  487,  191,  445,  592,  343,  676,  256,  534,  241,   56,  186,  382,  325,  392,  518,  390,  519,  491,   90,  606,    0,  520,  614,  570,  656,  195,  658,  323,  489,  530,  365,  564,  470,  308,  202,  598,  543,  434,  311,  730,   57,  378,  452,  405,  679,  498,  597,  259,  292,  212,  598,  118,  311,  496,  418,  427,  223,  163,  299,  126,  405,  346,  452,  503,  423,  566,  128,  196,  389,  478,  736,  559,  422,  691,  354,  504,  342,  303,  345,  229,  394,  313,  235,  750,  518,  414,  403,  257,  602,  615,  671,  342,  305,  131,  167,  603,  523,  378,  143,  274,  304,  175,  518,  565,  550,  611,  425,  646,  426,  213,  212,  390,  360,  593,  299,  663,  472,  196,  387,  254,  545,  323,  188,  412,  373,  266,  646,  614,  362,  389,  504,  345,  534,  570,  377,  421,  331,  477,  261],
        [  669,    0,  376,  329,  513,  923,  754,  703,  670,  598,  255,  711,  465,  335,  530,  311,  641, 1029,  881,  796,  784,  540,  211,  520,    0,  773,  177,  706,  337,  147,  543,  132,  529,  204,  832,  609,  784,  604,  336,   34,  930,  825,  217,  530,  525,  568,  892,  281,  325,  501,  776,  290,  559,  747,  625,  286,  233,  936,  285,  308,  563,  812,  640,  258,  518,  575,  367,  884,  828,  568,  571,  868,  489,  254,  361,  147,  178,  174,  295,  754,  268,  183,  697,  843,  443,  708,  259,  631,  522,  835,  774,  683,   97,  633,  325,  351,  629,  520,  469,  105,  753,  660,  274,  740,  691, 1028,  706,  408,  105,  265,  544,  834,  677,  674,  474,  170,  637,  469,  159,  162,  671,  830,  656,  371,  823,  485,  919,  556,  488,  153,   98,  877,  483,  631,  177,   38,  767,  649,  553,  198,  969,  778],
        [  322,    0,  400,  972,  427,  956,   23,  951, 1252,  869,  961,  811,  603,  631,  267,  484,  224,  927,  892,  171,  198,  704,  969,  614,  773,    0,  930, 1247,  679,  824,  926,  648, 1094,  782,  159,  171,  510,  814,  527,  807,  914,  770,  874,  559,  969, 1044,  911,  679,  977, 1132,  720,  528,  825,   28,  574,  791,  558,  726,  490,  684,  456,  767,  593,  865,  296, 1046,  428,  961,  149,  739,  422,  911, 1039,  811, 1038,  630,  927,  649,  964,  389,  547,  717,  491,  462,  367,  805,  834, 1115,  999,  972,  720, 1198,  819, 1236,  462,  832,  709,  448, 1121,  688,  979,  672,  729,  431,  693,  929, 1170,  412,  872,  887, 1184, 1007,  796,  798,  963,  727, 1178,  884,  921,  616,  775,  445,  860, 1034,  823,  788,  867,  973,  860,  923,  813,  674,  965,  145,  691,  809,   60,  990,  232,  631,  954,  730],
        [  784,    0,  542,  202,  617,  915,  909,  662,  524,  569,  103,  713,  521,  396,  675,  451,  776, 1043,  882,  933,  917,  561,   41,  570,  177,  930,    0,  570,  376,  258,  485,  307,  401,  205,  973,  762,  864,  594,  513,  151,  932,  850,  302,  597,  447,  470,  890,  443,  193,  351,  809,  415,  542,  904,  685,  270,  407,  984,  449,  349,  655,  836,  695,  191,  657,  478,  539,  869,  969,  579,  671,  863,  373,  377,  206,  303,  188,  287,  159,  857,  393,  242,  778,  936,  580,  711,  373,  521,  432,  808,  806,  557,  210,  482,  470,  313,  653,  618,  313,  282,  711,  696,  297,  835,  723, 1041,  594,  582,  138,  181,  387,  798,  680,  675,  389,  227,  506,  418,  152,  334,  679,  925,  638,  222,  835,  475,  932,  482,  449,  124,  216,  930,  398,  786,  257,  141,  918,  587,  702,  309,  967,  808],
        [  976,    0,  952,  378,  827,  680, 1225,  422,   73,  431,  468,  585,  651,  623,  988,  813, 1034,  851,  689, 1173, 1145,  576,  565,  656,  706, 1247,  570,    0,  575,  824,  335,  800,  179,  540, 1218, 1085,  927,  496, 1008,  695,  730,  743,  872,  712,  281,  206,  684,  986,  384,  226,  738,  759,  458, 1227,  747,  488,  883,  913,  875,  577,  817,  731,  739,  458,  955,  205,  979,  624, 1219,  554,  849,  654,  227,  944,  367,  756,  754,  683,  417,  991,  748,  604,  867, 1022,  892,  589,  941,  141,  249,  549,  736,   58,  773,  118,  838,  430,  622,  809,  268,  797,  442,  681,  546,  949,  686,  847,  128, 1032,  706,  446,  209,  509,  571,  566,  287,  603,   73,  365,  719,  813,  588, 1021,  485,  349,  690,  469,  762,  284,  393,  691,  778,  888,  283, 1118,  632,  682, 1211,  322, 1026,  686,  743,  730],
        [  447,    0,  392,  316,  279,  591,  656,  400,  574,  291,  347,  377,  146,   49,  415,  248,  477,  693,  546,  628,  605,  203,  412,  195,  337,  679,  376,  575,    0,  480,  284,  335,  416,  171,  672,  513,  493,  279,  494,  356,  594,  490,  552,  223,  307,  378,  557,  538,  325,  458,  443,  196,  245,  657,  310,  128,  374,  611,  332,   30,  297,  477,  320,  221,  384,  382,  430,  555,  671,  233,  321,  535,  361,  571,  388,  269,  501,  187,  324,  500,  192,  155,  408,  570,  318,  374,  582,  451,  330,  513,  441,  529,  433,  558,  273,  154,  293,  270,  453,  361,  447,  328,   80,  472,  357,  692,  516,  484,  421,  243,  510,  520,  343,  340,  289,  170,  504,  222,  471,  328,  336,  561,  336,  378,  487,  173,  583,  322,  214,  453,  433,  556,  293,  545,  162,  346,  648,  380,  453,  172,  634,  444],
        [  770,    0,  427,  448,  627, 1069,  806,  848,  780,  744,  357,  856,  602,  474,  607,  407,  725, 1171, 1025,  873,  866,  683,  274,  658,  147,  824,  258,  824,  480,    0,  686,  195,  650,  349,  906,  672,  906,  750,  322,  140, 1074,  966,   73,  663,  664,  702, 1037,  205,  441,  607,  915,  401,  706,  797,  757,  431,  267, 1070,  347,  451,  683,  953,  773,  394,  602,  710,  397, 1030,  900,  712,  686, 1013,  615,  121,  462,  249,  118,  305,  408,  863,  381,  328,  819,  957,  533,  853,  119,  762,  658,  981,  913,  806,   54,  739,  413,  495,  771,  638,  570,  151,  898,  799,  420,  855,  830, 1170,  836,  423,  121,  396,  644,  980,  822,  819,  611,  316,  757,  613,  134,  225,  815,  942,  803,  477,  966,  631, 1061,  696,  633,  154,   51, 1009,  620,  687,  319,  153,  828,  792,  622,  328, 1113,  917],
        [  644,    0,  675,  307,  501,  452,  904,  180,  361,  116,  400,  287,  324,  328,  675,  532,  708,  605,  435,  841,  813,  242,  505,  323,  543,  926,  485,  335,  284,  686,    0,  589,  236,  339,  887,  770,  597,  175,  772,  547,  484,  449,  751,  380,   69,  133,  438,  794,  319,  327,  430,  480,  127,  907,  413,  259,  648,  614,  614,  298,  485,  436,  407,  300,  640,  132,  714,  400,  888,  221,  518,  407,  197,  796,  360,  529,  663,  446,  345,  657,  475,  380,  534,  691,  585,  289,  801,  195,  109,  332,  428,  280,  633,  365,  557,  192,  295,  481,  350,  603,  228,  355,  293,  615,  364,  602,  245,  767,  591,  306,  367,  315,  263,  258,  117,  387,  275,   74,  627,  590,  275,  689,  187,  339,  409,  139,  499,   51,   71,  601,  636,  579,  109,  804,  403,  534,  886,  107,  714,  439,  511,  424],
        [  576,    0,  249,  432,  436,  921,  629,  730,  772,  622,  373,  707,  433,  314,  417,  213,  533, 1007,  872,  684,  675,  530,  342,  489,  132,  648,  307,  800,  335,  195,  589,    0,  621,  265,  718,  488,  717,  613,  213,  164,  918,  800,  262,  485,  586,  640,  885,  206,  431,  609,  747,  212,  578,  621,  578,  335,  101,  890,  160,  310,  494,  787,  597,  342,  409,  647,  235,  888,  712,  564,  495,  864,  575,  248,  475,   68,  281,  149,  404,  670,  194,  210,  631,  764,  339,  703,  264,  709,  592,  848,  745,  770,  175,  738,  219,  403,  612,  448,  581,   44,  779,  632,  298,  663,  664, 1007,  782,  276,  224,  355,  655,  854,  674,  671,  543,  206,  729,  517,  274,   33,  664,  750,  670,  482,  808,  504,  900,  612,  526,  276,  170,  829,  551,  507,  187,  170,  646,  694,  435,  165,  959,  750],
        [  841,    0,  780,  203,  682,  665, 1071,  387,  160,  350,  299,  521,  513,  463,  830,  643,  887,  828,  658, 1033, 1007,  461,  402,  530,  529, 1094,  401,  179,  416,  650,  236,  621,    0,  362, 1078,  928,  823,  410,  830,  519,  705,  683,  702,  582,  168,  120,  658,  808,  210,  102,  665,  590,  360, 1072,  633,  315,  705,  848,  701,  413,  682,  670,  630,  280,  799,  127,  805,  610, 1078,  449,  712,  627,   55,  770,  207,  578,  588,  507,  244,  871,  578,  428,  753,  915,  732,  523,  768,  133,  127,  537,  663,  157,  598,  144,  669,  264,  527,  668,  138,  619,  424,  586,  376,  832,  598,  824,  199,  857,  535,  268,  133,  507,  497,  492,  140,  426,  109,  232,  552,  634,  510,  911,  419,  186,  640,  345,  726,  193,  269,  524,  603,  813,  141,  960,  456,  506, 1061,  283,  867,  512,  727,  659],
        [  595,    0,  429,  194,  426,  731,  760,  500,  517,  397,  187,  522,  317,  195,  517,  303,  603,  849,  693,  760,  741,  361,  241,  365,  204,  782,  205,  540,  171,  349,  339,  265,  362,    0,  802,  612,  661,  409,  469,  212,  743,  651,  417,  393,  326,  377,  703,  462,  197,  366,  607,  255,  361,  758,  481,   83,  344,  780,  343,  144,  457,  637,  491,   88,  493,  384,  447,  689,  800,  383,  476,  677,  313,  457,  256,  217,  345,  148,  182,  660,  237,   70,  576,  736,  417,  520,  463,  445,  329,  636,  605,  507,  297,  488,  327,  148,  453,  423,  347,  270,  550,  494,   92,  636,  522,  847,  518,  499,  266,  107,  417,  633,  488,  485,  280,   65,  467,  266,  312,  274,  485,  726,  459,  254,  641,  288,  738,  355,  285,  291,  299,  726,  288,  640,   98,  200,  761,  446,  550,  158,  780,  607],
        [  245,    0,  482,  982,  396,  847,  155,  882, 1231,  813,  987,  728,  568,  628,  303,  525,  199,  798,  784,   46,   75,  650, 1013,  564,  832,  159,  973, 1218,  672,  906,  887,  718, 1078,  802,    0,  238,  389,  752,  635,  865,  799,  661,  963,  508,  938, 1013,  803,  786,  989, 1129,  617,  559,  773,  173,  497,  795,  640,  593,  560,  684,  402,  660,  513,  878,  317, 1014,  522,  859,   10,  681,  370,  808, 1024,  910, 1052,  686,  998,  686,  981,  272,  580,  742,  394,  325,  393,  722,  933, 1080,  972,  880,  616, 1165,  892, 1221,  509,  823,  636,  411, 1124,  761,  904,  589,  735,  319,  605,  801, 1128,  520,  935,  900, 1180,  919,  719,  721,  941,  755, 1152,  855,  988,  686,  697,  310,  792, 1045,  718,  750,  750,  936,  826,  985,  887,  546,  942,  232,  721,  866,  108,  936,  285,  665,  837,  627],
        [  235,    0,  246,  802,  280,  855,  149,  813, 1087,  723,  790,  688,  451,  465,   98,  314,  123,  854,  792,  213,  217,  560,  801,  470,  609,  171,  762, 1085,  513,  672,  770,  488,  928,  612,  238,    0,  443,  672,  398,  643,  820,  675,  727,  418,  809,  883,  810,  548,  807,  963,  621,  358,  677,  147,  453,  622,  405,  666,  329,  517,  324,  669,  475,  695,  131,  886,  285,  851,  231,  598,  292,  806,  873,  673,  867,  464,  769,  479,  793,  333,  377,  546,  398,  428,  197,  681,  695,  956,  838,  852,  619, 1037,  661, 1069,  293,  665,  579,  305,  951,  530,  845,  551,  560,  362,  577,  856, 1014,  285,  710,  716, 1015,  883,  668,  669,  799,  557, 1015,  723,  761,  456,  647,  410,  723,  864,  720,  633,  778,  816,  702,  761,  656,  607,  802,   34,  521,  644,  158,  842,   62,  461,  862,  629],
        [  208,    0,  573,  794,  283,  459,  493,  537,  958,  497,  838,  368,  348,  469,  406,  509,  322,  418,  397,  353,  321,  362,  902,  308,  784,  510,  864,  927,  493,  906,  597,  717,  823,  661,  389,  443,    0,  431,  749,  812,  410,  274,  976,  270,  661,  730,  415,  870,  805,  898,  234,  506,  471,  507,  193,  616,  685,  223,  599,  518,  223,  274,  193,  710,  382,  728,  631,  474,  396,  376,  224,  422,  774,  960,  866,  658,  962,  611,  810,  122,  525,  627,   88,   97,  412,  363,  978,  787,  700,  504,  234,  870,  872,  960,  512,  612,  305,  269,  907,  758,  547,  247,  572,   83,  248,  421,  818,  661,  884,  731,  946,  547,  369,  373,  685,  643,  871,  593,  938,  691,  349,   99,  453,  852,  333,  480,  361,  647,  554,  925,  869,  166,  682,  469,  619,  806,  452,  614,  430,  587,  448,  245],
        [  509,    0,  632,  447,  392,  323,  792,  142,  531,   66,  526,  123,  231,  305,  583,  495,  590,  454,  289,  708,  677,  114,  621,  202,  604,  814,  594,  496,  279,  750,  175,  613,  410,  409,  752,  672,  431,    0,  761,  617,  339,  279,  820,  256,  242,  305,  297,  816,  460,  499,  256,  451,   56,  798,  259,  329,  647,  441,  592,  305,  358,  265,  248,  404,  547,  302,  680,  282,  755,   75,  392,  270,  369,  847,  511,  547,  752,  465,  478,  504,  455,  422,  377,  527,  509,  123,  857,  357,  283,  235,  254,  439,  700,  538,  517,  282,  127,  368,  517,  638,  181,  185,  330,  459,  191,  451,  388,  731,  674,  418,  540,  244,   93,   88,  282,  435,  444,  199,  719,  605,  102,  527,   59,  491,  248,  121,  343,  222,  159,  696,  701,  404,  277,  706,  436,  606,  767,  187,  622,  449,  374,  251],
        [  567,    0,  178,  645,  477, 1043,  513,  892,  982,  784,  585,  835,  548,  459,  366,  274,  487, 1101,  987,  611,  612,  661,  545,  598,  336,  527,  513, 1008,  494,  322,  772,  213,  830,  469,  635,  398,  749,  761,    0,  364, 1029,  896,  358,  575,  778,  838, 1003,  153,  644,  822,  840,  312,  736,  500,  658,  530,  126,  953,  172,  476,  543,  885,  679,  551,  378,  845,  122, 1019,  627,  700,  531,  987,  782,  286,  688,  253,  438,  330,  617,  671,  307,  406,  674,  772,  338,  830,  309,  909,  789,  990,  838,  975,  336,  950,  258,  596,  729,  499,  794,  232,  937,  733,  482,  680,  766, 1101,  981,  116,  406,  565,  868, 1004,  805,  803,  741,  406,  936,  702,  444,  196,  790,  755,  820,  695,  918,  666, 1002,  801,  704,  455,  329,  889,  748,  404,  379,  372,  542,  872,  365,  334, 1072,  845],
        [  700,    0,  409,  317,  543,  938,  787,  711,  656,  608,  236,  727,  488,  357,  563,  343,  674, 1048,  897,  829,  816,  558,  182,  543,   34,  807,  151,  695,  356,  140,  547,  164,  519,  212,  865,  643,  812,  617,  364,    0,  946,  845,  206,  555,  525,  564,  908,  297,  312,  485,  797,  320,  571,  780,  649,  294,  264,  960,  318,  326,  592,  832,  663,  255,  551,  572,  399,  898,  861,  584,  600,  883,  481,  255,  343,  180,  151,  201,  280,  784,  299,  201,  724,  872,  476,  724,  257,  626,  520,  846,  795,  674,   87,  617,  357,  357,  648,  549,  451,  133,  761,  681,  288,  770,  711, 1047,  700,  439,   73,  259,  527,  844,  693,  689,  472,  187,  627,  474,  128,  194,  687,  859,  668,  354,  841,  497,  937,  557,  495,  121,   90,  901,  481,  664,  198,   14,  800,  653,  586,  226,  985,  798],
        [  596,    0,  871,  782,  573,   62,  896,  320,  786,  374,  864,  221,  488,  605,  756,  757,  707,  123,   51,  763,  730,  391,  960,  434,  930,  914,  932,  730,  594, 1074,  484,  918,  705,  743,  799,  820,  410,  339, 1029,  946,    0,  146, 1146,  455,  548,  587,   47, 1112,  794,  804,  201,  726,  393,  908,  381,  666,  930,  244,  859,  623,  511,  152,  358,  743,  723,  581,  927,  111,  806,  363,  537,   78,  676, 1162,  841,  850, 1087,  776,  815,  530,  736,  747,  426,  486,  718,  223, 1174,  609,  585,  183,  202,  675, 1027,  808,  772,  621,  307,  547,  831,  949,  290,  296,  659,  485,  264,  120,  603,  971, 1008,  757,  837,  227,  255,  259,  600,  761,  701,  530, 1054,  903,  259,  497,  302,  820,  112,  458,   54,  516,  492, 1032, 1027,  264,  592,  850,  755,  936,  857,  425,  789,  756,   44,  193],
        [  451,    0,  734,  722,  431,  187,  752,  323,  789,  334,  793,  163,  367,  493,  612,  626,  562,  208,  124,  623,  590,  291,  881,  311,  825,  770,  850,  743,  490,  966,  449,  800,  683,  651,  661,  675,  274,  279,  896,  845,  146,    0, 1038,  323,  517,  571,  142,  987,  734,  775,   58,  599,  334,  764,  241,  581,  802,  170,  727,  520,  368,   14,  218,  667,  579,  566,  790,  202,  667,  272,  393,  149,  645, 1047,  787,  733,  990,  663,  750,  390,  612,  645,  281,  357,  577,  161, 1060,  609,  556,  242,   59,  685,  921,  803,  639,  547,  199,  407,  796,  834,  314,  168,  562,  343,  136,  208,  621,  833,  911,  683,  815,  288,  187,  192,  560,  659,  701,  477,  960,  782,  179,  366,  265,  768,   64,  383,  107,  491,  436,  940,  921,  156,  554,  705,  649,  836,  714,  421,  644,  641,  188,   52],
        [  836,    0,  482,  500,  696, 1140,  857,  916,  825,  813,  405,  927,  674,  546,  667,  474,  787, 1243, 1097,  932,  926,  755,  311,  730,  217,  874,  302,  872,  552,   73,  751,  262,  702,  417,  963,  727,  976,  820,  358,  206, 1146, 1038,    0,  735,  726,  761, 1108,  220,  492,  652,  988,  471,  775,  846,  829,  499,  323, 1142,  407,  523,  753, 1025,  845,  456,  664,  769,  447, 1101,  956,  784,  755, 1085,  670,   95,  507,  319,  127,  377,  459,  931,  451,  399,  890, 1025,  597,  924,   80,  818,  718, 1051,  986,  858,  121,  782,  479,  562,  843,  708,  613,  219,  966,  872,  490,  924,  903, 1242,  891,  466,  168,  456,  685, 1049,  893,  890,  672,  387,  808,  679,  158,  290,  887, 1011,  873,  523, 1039,  702, 1134,  759,  701,  184,  120, 1081,  681,  740,  391,  218,  881,  857,  679,  400, 1185,  990],
