{
    "name": "random-42-20954",
    "comment": "size=42 seed=20954",
    "nodes": ["+0", "-0", "+1", "-1", "+2", "-2", "+3", "-3", "+4", "-4", "+5", "-5", "+6", "-6", "+7", "-7", "+8", "-8", "+9", "-9", "+10", "-10", "+11", "-11", "+12", "-12", "+13", "-13", "+14", "-14", "+15", "-15", "+16", "-16", "+17", "-17", "+18", "-18", "+19", "-19", "+20", "-20", "+21", "-21", "+22", "-22", "+23", "-23", "+24", "-24", "+25", "-25", "+26", "-26", "+27", "-27", "+28", "-28", "+29", "-29", "+30", "-30", "+31", "-31", "+32", "-32", "+33", "-33", "+34", "-34", "+35", "-35", "+36", "-36", "+37", "-37", "+38", "-38", "+39", "-39", "+40", "-40", "+41", "-41", "+42", "-42"],
    "precedence": {
        "+0": "-0",
        "+1": "-1",
        "+2": "-2",
        "+3": "-3",
        "+4": "-4",
        "+5": "-5",
        "+6": "-6",
        "+7": "-7",
        "+8": "-8",
        "+9": "-9",
        "+10": "-10",
        "+11": "-11",
        "+12": "-12",
        "+13": "-13",
        "+14": "-14",
        "+15": "-15",
        "+16": "-16",
        "+17": "-17",
        "+18": "-18",
        "+19": "-19",
        "+20": "-20",
        "+21": "-21",
        "+22": "-22",
        "+23": "-23",
        "+24": "-24",
        "+25": "-25",
        "+26": "-26",
        "+27": "-27",
        "+28": "-28",
        "+29": "-29",
        "+30": "-30",
        "+31": "-31",
        "+32": "-32",
        "+33": "-33",
        "+34": "-34",
        "+35": "-35",
        "+36": "-36",
        "+37": "-37",
        "+38": "-38",
        "+39": "-39",
        "+40": "-40",
        "+41": "-41",
        "+42": "-42"
    },
    "edges": [
        [    0,    0,  382,  335,  485,  822,  238,  404,  691,  633,  911,  468,  151,  445,  805,  415,  339,  821,  693,  120,  333,  863,  391,  518,  761,  399,  914,  382,  178,  256,  807,  475,  809,  509,  149,  359,  245,  412,  713,  528,  242,  836,  533,  518,  398,  907,  954,  273,  534,  477,  861,  665,  390,  402,  516,  644,  297,  334,  559,  879,  228,  502,  384,  275,  325,  389,  723,  652,  587,  884,  186,  454,  310,  721,  546,  426,  394,  658,  339,  738,  512,  889,  512,  594,  650,  245],
        [    0,    0,    0,    0,    0,    0,    0,    0,    0,    0,    0,    0,    0,    0,    0,    0,    0,    0,    0,    0,    0,    0,    0,    0,    0,    0,    0,    0,    0,    0,    0,    0,    0,    0,    0,    0,    0,    0,    0,    0,    0,    0,    0,    0,    0,    0,    0,    0,    0,    0,    0,    0,    0,    0,    0,    0,    0,    0,    0,    0,    0,    0,    0,    0,    0,    0,    0,    0,    0,    0,    0,    0,    0,    0,    0,    0,    0,    0,    0,    0,    0,    0,    0,    0,    0,    0],
        [  382,    0,    0,  637,  840,  647,  590,  783,  614,  398, 1068,  814,  532,   89,  981,  722,  573,  812,  898,  398,  611,  929,  399,  737,  735,  518, 1054,  680,  510,  392, 1010,  699,  731,  440,  416,  187,  626,  602,  810,  903,  609, 1052,  575,  215,  748, 1065, 1118,  212,  902,  840,  885,  818,  716,   96,  595,  420,  336,  589,  937,  855,  168,  199,  619,  223,  264,  306,  610,  392,  565,  668,  433,  202,  129,  931,  271,  296,  616,  427,  165,  571,  731,  951,  854,  558,  502,  459],
        [  335,    0,  637,    0,  235,  807,  131,  304,  619,  712,  613,  199,  281,  667,  504,   86,  121,  661,  382,  250,   48,  634,  385,  219,  627,  273,  628,   48,  157,  272,  490,  182,  711,  497,  225,  518,  277,  191,  480,  349,  170,  513,  407,  682,  152,  610,  650,  443,  322,  254,  667,  395,   88,  691,  361,  711,  354,   87,  397,  723,  528,  670,  120,  601,  436,  462,  674,  746,  499,  896,  205,  606,  611,  406,  680,  509,  142,  726,  652,  734,  214,  659,  228,  516,  651,  190],
        [  485,    0,  840,  235,    0, 1034,  252,  187,  839,  946,  686,   41,  364,  881,  580,  181,  351,  848,  460,  443,  280,  782,  619,  363,  828,  502,  714,  215,  331,  502,  537,  348,  921,  729,  428,  742,  295,  406,  639,  137,  244,  537,  624,  909,   93,  682,  708,  661,   94,   41,  836,  532,  149,  879,  574,  945,  585,  318,  185,  909,  708,  896,  335,  759,  664,  695,  898,  981,  721, 1126,  419,  834,  791,  469,  911,  742,  355,  961,  824,  963,  362,  804,   59,  738,  883,  420],
        [  822,    0,  647,  807, 1034,    0,  870, 1096,  207,  255,  788,  994,  930,  570,  764,  855,  687,  359,  766,  733,  760,  545,  448,  713,  302,  534,  748,  820,  803,  596,  831,  707,  207,  324,  720,  504,  997,  630,  540, 1156,  914,  883,  415,  443,  959,  788,  835,  567, 1126, 1059,  450,  636,  888,  739,  468,  231,  530,  721, 1204,  355,  748,  455,  700,  845,  502,  435,  142,  276,  317,  104,  698,  447,  762,  793,  382,  404,  680,  227,  807,   85,  710,  553, 1009,  298,  173,  660],
        [  238,    0,  590,  131,  252,  870,    0,  229,  697,  739,  744,  231,  152,  635,  634,  193,  213,  766,  512,  196,  159,  757,  426,  349,  724,  350,  758,  171,   84,  286,  619,  311,  799,  549,  185,  506,  152,  297,  602,  321,   47,  640,  494,  675,  161,  740,  781,  422,  314,  250,  782,  523,  157,  628,  456,  742,  367,  186,  362,  828,  457,  661,  236,  513,  437,  480,  746,  769,  578,  952,  188,  602,  540,  535,  685,  526,  255,  758,  575,  792,  344,  782,  275,  592,  705,  212],
        [  404,    0,  783,  304,  187, 1096,  229,    0,  917,  967,  857,  208,  256,  840,  749,  301,  419,  964,  625,  409,  350,  924,  655,  498,  930,  568,  882,  314,  307,  515,  712,  471, 1013,  776,  407,  725,  164,  495,  774,  137,  191,  717,  708,  893,  179,  853,  884,  638,  166,  150,  966,  676,  251,  803,  664,  971,  595,  387,  159, 1026,  630,  879,  424,  658,  662,  708,  968,  996,  797, 1179,  415,  822,  709,  639,  908,  754,  446,  986,  732, 1019,  495,  948,  244,  812,  933,  440],
        [  691,    0,  614,  619,  839,  207,  697,  917,    0,  301,  604,  799,  777,  557,  568,  659,  500,  215,  561,  587,  572,  381,  301,  507,  137,  349,  570,  626,  638,  443,  631,  504,  122,  190,  568,  438,  834,  434,  343,  965,  742,  684,  215,  451,  769,  604,  654,  473,  932,  866,  303,  431,  695,  710,  266,  278,  396,  533, 1014,  245,  671,  457,  506,  776,  400,  333,   66,  341,  120,  310,  540,  420,  707,  589,  396,  324,  485,  287,  757,  165,  505,  396,  810,  105,  144,  493],
        [  633,    0,  398,  712,  946,  255,  739,  967,  301,    0,  886,  910,  762,  317,  832,  779,  600,  514,  796,  568,  668,  679,  329,  689,  437,  462,  857,  738,  661,  454,  886,  668,  390,  239,  564,  282,  843,  571,  614, 1052,  777,  937,  406,  189,  860,  885,  937,  361, 1031,  963,  603,  677,  799,  487,  454,   26,  373,  631, 1096,  537,  516,  202,  629,  605,  313,  260,  264,   43,  331,  272,  553,  204,  518,  827,  129,  215,  613,   30,  560,  189,  684,  695,  935,  312,  157,  533],
        [  911,    0, 1068,  613,  686,  788,  744,  857,  604,  886,    0,  654,  892, 1048,  111,  569,  572,  436,  235,  796,  593,  254,  671,  399,  487,  556,   49,  577,  751,  704,  154,  440,  585,  673,  765,  886,  886,  502,  273,  814,  781,  177,  505,  985,  681,    4,   52,  861,  762,  726,  355,  254,  619, 1152,  476,  868,  736,  581,  856,  465, 1034,  984,  529, 1132,  805,  772,  664,  929,  558,  889,  729,  926, 1104,  219,  946,  799,  518,  879, 1155,  767,  404,  256,  629,  575,  739,  674],
        [  468,    0,  814,  199,   41,  994,  231,  208,  799,  910,  654,    0,  355,  852,  548,  141,  313,  808,  426,  418,  243,  744,  582,  323,  787,  463,  682,  176,  306,  468,  507,  308,  880,  691,  400,  710,  295,  366,  600,  176,  230,  510,  584,  876,   71,  650,  679,  631,  135,   76,  797,  494,  111,  857,  534,  908,  551,  280,  225,  869,  687,  864,  295,  743,  631,  660,  858,  944,  680, 1087,  389,  801,  770,  437,  877,  707,  315,  924,  805,  924,  322,  766,   47,  698,  844,  386],
        [  151,    0,  532,  281,  364,  930,  152,  256,  777,  762,  892,  355,    0,  594,  783,  344,  339,  876,  662,  197,  301,  887,  484,  495,  825,  448,  904,  322,  153,  336,  770,  455,  888,  608,  211,  497,   95,  423,  733,  386,  129,  792,  592,  661,  287,  889,  930,  410,  398,  348,  903,  663,  305,  548,  563,  770,  402,  319,  414,  937,  375,  646,  372,  405,  450,  507,  817,  785,  664, 1000,  237,  594,  454,  686,  685,  549,  388,  784,  478,  847,  489,  913,  402,  674,  758,  288],
        [  445,    0,   89,  667,  881,  570,  635,  840,  557,  317, 1048,  852,  594,    0,  968,  750,  588,  762,  894,  440,  635,  891,  379,  741,  683,  511, 1031,  707,  553,  405, 1002,  706,  670,  395,  454,  166,  687,  605,  783,  953,  659, 1047,  547,  130,  788, 1046, 1099,  225,  949,  884,  840,  803,  749,  171,  573,  340,  336,  609,  991,  800,  248,  116,  633,  311,  254,  276,  545,  308,  522,  585,  464,  137,  218,  927,  189,  254,  627,  346,  252,  496,  735,  913,  889,  513,  435,  480],
        [  805,    0,  981,  504,  580,  764,  634,  749,  568,  832,  111,  548,  783,  968,    0,  459,  467,  432,  125,  692,  484,  273,  589,  290,  466,  465,  135,  467,  643,  608,   76,  332,  571,  607,  662,  804,  775,  401,  226,  710,  671,  124,  435,  914,  572,  107,  149,  772,  659,  620,  366,  165,  509, 1063,  398,  816,  647,  474,  754,  473,  938,  911,  422, 1034,  719,  693,  631,  875,  502,  867,  626,  851, 1010,  112,  879,  723,  412,  828, 1061,  732,  296,  285,  524,  521,  692,  572],
        [  415,    0,  722,   86,  181,  855,  193,  301,  659,  779,  569,  141,  344,  750,  459,    0,  180,  674,  335,  335,  116,  624,  451,  197,  650,  325,  589,   44,  238,  350,  435,  174,  741,  555,  311,  598,  319,  226,  475,  311,  220,  451,  444,  760,  125,  565,  602,  526,  274,  210,  669,  375,   52,  776,  394,  776,  431,  149,  360,  735,  613,  749,  156,  685,  515,  536,  718,  815,  540,  948,  290,  685,  697,  354,  755,  582,  175,  791,  737,  785,  195,  647,  157,  559,  706,  271],
        [  339,    0,  573,  121,  351,  687,  213,  419,  500,  600,  572,  313,  339,  588,  467,  180,    0,  554,  357,  227,   73,  550,  271,  182,  514,  153,  577,  139,  188,  184,  472,  139,  594,  379,  197,  430,  363,   86,  395,  469,  259,  505,  289,  586,  272,  569,  615,  365,  441,  373,  570,  330,  203,  638,  246,  597,  259,   34,  517,  616,  490,  576,   49,  578,  344,  358,  554,  636,  380,  777,  163,  512,  570,  387,  578,  404,   55,  612,  616,  614,  175,  575,  336,  396,  532,  116],
        [  821,    0,  812,  661,  848,  359,  766,  964,  215,  514,  436,  808,  876,  762,  432,  674,  554,    0,  470,  706,  617,  187,  449,  487,   80,  429,  394,  652,  726,  566,  505,  502,  152,  373,  681,  629,  915,  472,  229,  983,  812,  555,  289,  663,  796,  436,  481,  646,  942,  882,   93,  345,  719,  907,  314,  491,  545,  583, 1032,   62,  846,  667,  541,  952,  574,  514,  257,  553,  252,  457,  647,  626,  892,  489,  609,  517,  519,  499,  945,  356,  488,  195,  807,  255,  358,  590],
        [  693,    0,  898,  382,  460,  766,  512,  625,  561,  796,  235,  426,  662,  894,  125,  335,  357,  470,    0,  584,  366,  346,  519,  176,  484,  383,  257,  344,  526,  514,  115,  219,  591,  561,  553,  729,  652,  301,  241,  593,  548,  154,  391,  855,  449,  231,  269,  687,  543,  500,  424,  132,  385,  975,  344,  783,  563,  360,  638,  521,  840,  850,  310,  932,  642,  625,  627,  838,  474,  870,  519,  787,  916,   33,  826,  661,  303,  797,  965,  722,  183,  364,  405,  495,  669,  468],
        [  120,    0,  398,  250,  443,  733,  196,  409,  587,  568,  796,  418,  197,  440,  692,  335,  227,  706,  584,    0,  235,  744,  289,  408,  648,  281,  798,  296,  113,  145,  698,  365,  702,  413,   31,  316,  275,  295,  593,  515,  222,  731,  418,  484,  351,  793,  840,  230,  509,  445,  743,  548,  322,  443,  398,  575,  205,  228,  554,  765,  279,  470,  274,  356,  257,  311,  624,  593,  478,  803,   68,  413,  362,  613,  500,  354,  281,  590,  403,  650,  402,  769,  457,  486,  562,  126],
        [  333,    0,  611,   48,  280,  760,  159,  350,  572,  668,  593,  243,  301,  635,  484,  116,   73,  617,  366,  235,    0,  599,  340,  195,  581,  226,  604,   73,  161,  235,  478,  155,  664,  450,  208,  482,  310,  146,  444,  397,  203,  505,  360,  644,  199,  589,  632,  411,  369,  300,  627,  365,  132,  669,  315,  666,  316,   39,  445,  679,  512,  633,   78,  591,  399,  421,  627,  703,  452,  849,  181,  569,  594,  392,  640,  468,   99,  682,  637,  687,  189,  624,  268,  468,  604,  156],
        [  863,    0,  929,  634,  782,  545,  757,  924,  381,  679,  254,  744,  887,  891,  273,  624,  550,  187,  346,  744,  599,    0,  537,  427,  250,  467,  210,  613,  736,  620,  348,  455,  339,  497,  715,  742,  908,  465,  156,  918,  801,  394,  358,  807,  748,  255,  297,  740,  871,  819,  102,  251,  674, 1021,  355,  657,  623,  572,  965,  211,  933,  809,  522, 1038,  673,  624,  433,  720,  371,  643,  679,  759,  991,  356,  759,  638,  503,  667, 1044,  535,  430,   26,  733,  383,  523,  619],
        [  391,    0,  399,  385,  619,  448,  426,  655,  301,  329,  671,  582,  484,  379,  589,  451,  271,  449,  519,  289,  340,  537,    0,  380,  380,  144,  656,  409,  356,  148,  625,  353,  419,  125,  273,  216,  550,  251,  412,  728,  469,  672,  180,  338,  534,  668,  721,  204,  705,  637,  507,  424,  471,  488,  196,  327,   98,  303,  775,  503,  400,  332,  302,  506,  137,  106,  335,  365,  202,  526,  250,  268,  455,  552,  318,  144,  288,  342,  507,  367,  375,  561,  606,  206,  280,  215],
        [  518,    0,  737,  219,  363,  713,  349,  498,  507,  689,  399,  323,  495,  741,  290,  197,  182,  487,  176,  408,  195,  427,  380,    0,  473,  237,  410,  190,  354,  347,  291,   43,  571,  451,  377,  577,  495,  136,  278,  499,  389,  325,  301,  717,  321,  395,  439,  526,  456,  398,  474,  180,  247,  809,  247,  679,  406,  185,  547,  547,  668,  710,  135,  758,  488,  483,  571,  729,  398,  812,  344,  645,  746,  206,  697,  524,  128,  695,  793,  653,    7,  451,  321,  418,  585,  294],
        [  761,    0,  735,  627,  828,  302,  724,  930,  137,  437,  487,  787,  825,  683,  466,  650,  514,   80,  484,  648,  581,  250,  380,  473,    0,  379,  448,  623,  678,  506,  536,  481,  107,  296,  624,  552,  870,  436,  247,  960,  770,  587,  234,  584,  768,  487,  535,  574,  921,  859,  167,  354,  692,  830,  268,  414,  477,  545, 1009,  123,  773,  588,  507,  880,  500,  439,  185,  477,  180,  403,  592,  547,  818,  508,  530,  440,  486,  422,  869,  286,  472,  262,  791,  180,  280,  538],
        [  399,    0,  518,  273,  502,  534,  350,  568,  349,  462,  556,  463,  448,  511,  465,  325,  153,  429,  383,  281,  226,  467,  144,  237,  379,    0,  548,  288,  300,  155,  493,  210,  449,  231,  254,  346,  493,  110,  321,  622,  396,  537,  146,  480,  425,  553,  605,  308,  593,  525,  463,  303,  354,  599,  118,  456,  182,  187,  670,  490,  481,  473,  171,  582,  259,  247,  402,  500,  229,  625,  219,  409,  549,  416,  461,  287,  153,  471,  600,  462,  232,  492,  482,  244,  381,  162],
        [  914,    0, 1054,  628,  714,  748,  758,  882,  570,  857,   49,  682,  904, 1031,  135,  589,  577,  394,  257,  798,  604,  210,  656,  410,  448,  548,    0,  593,  760,  699,  192,  450,  545,  649,  767,  871,  902,  503,  249,  845,  797,  222,  485,  963,  705,   52,   88,  851,  794,  754,  311,  251,  640, 1141,  460,  838,  726,  589,  888,  420, 1028,  962,  537, 1128,  791,  755,  629,  899,  531,  849,  731,  906, 1096,  246,  921,  779,  523,  849, 1148,  731,  415,  210,  658,  547,  707,  674],
        [  382,    0,  680,   48,  215,  820,  171,  314,  626,  738,  577,  176,  322,  707,  467,   44,  139,  652,  344,  296,   73,  613,  409,  190,  623,  288,  593,    0,  204,  307,  449,  158,  712,  516,  271,  555,  310,  193,  461,  340,  205,  470,  412,  717,  145,  573,  612,  483,  307,  240,  652,  369,   70,  736,  363,  735,  388,  107,  389,  714,  574,  706,  121,  648,  472,  493,  684,  773,  507,  911,  248,  642,  657,  366,  712,  540,  142,  751,  699,  748,  186,  637,  198,  524,  668,  228],
        [  178,    0,  510,  157,  331,  803,   84,  307,  638,  661,  751,  306,  153,  553,  643,  238,  188,  726,  526,  113,  161,  736,  356,  354,  678,  300,  760,  204,    0,  211,  638,  312,  745,  480,  102,  423,  197,  271,  581,  405,  117,  665,  445,  592,  239,  748,  792,  339,  396,  332,  751,  516,  216,  552,  413,  665,  289,  172,  445,  787,  383,  578,  224,  448,  356,  402,  683,  689,  521,  881,  109,  519,  467,  553,  603,  447,  239,  680,  504,  723,  348,  761,  347,  534,  635,  145],
        [  256,    0,  392,  272,  502,  596,  286,  515,  443,  454,  704,  468,  336,  405,  608,  350,  184,  566,  514,  145,  235,  620,  148,  347,  506,  155,  699,  307,  211,    0,  627,  308,  558,  273,  126,  249,  403,  213,  476,  599,  326,  667,  279,  410,  412,  701,  752,  183,  582,  514,  610,  451,  358,  463,  266,  457,   84,  206,  643,  624,  331,  399,  229,  430,  165,  196,  482,  485,  334,  671,  103,  335,  404,  546,  410,  243,  225,  472,  453,  514,  340,  645,  499,  342,  426,   82],
        [  807,    0, 1010,  490,  537,  831,  619,  712,  631,  886,  154,  507,  770, 1002,   76,  435,  472,  505,  115,  698,  478,  348,  625,  291,  536,  493,  192,  449,  638,  627,    0,  333,  641,  656,  668,  837,  754,  415,  291,  663,  652,   53,  483,  957,  540,  150,  172,  799,  611,  577,  441,  210,  483, 1088,  441,  871,  674,  473,  705,  547,  954,  953,  424, 1047,  751,  730,  696,  929,  558,  934,  633,  891, 1030,   86,  925,  764,  418,  884, 1079,  795,  297,  359,  479,  577,  751,  582],
        [  475,    0,  699,  182,  348,  707,  311,  471,  504,  668,  440,  308,  455,  706,  332,  174,  139,  502,  219,  365,  155,  455,  353,   43,  481,  210,  450,  158,  312,  308,  333,    0,  576,  432,  335,  543,  459,  103,  304,  482,  352,  366,  292,  687,  297,  437,  481,  489,  441,  381,  496,  213,  221,  770,  239,  660,  371,  142,  531,  563,  627,  679,   92,  716,  454,  453,  566,  708,  390,  804,  301,  615,  705,  248,  670,  496,   87,  675,  752,  643,   37,  480,  311,  410,  572,  253],
        [  809,    0,  731,  711,  921,  207,  799, 1013,  122,  390,  585,  880,  888,  670,  571,  741,  594,  152,  591,  702,  664,  339,  419,  571,  107,  449,  545,  712,  745,  558,  641,  576,    0,  312,  681,  558,  941,  521,  353, 1051,  845,  693,  306,  558,  857,  585,  632,  595, 1014,  950,  243,  460,  781,  827,  350,  365,  515,  627, 1100,  153,  792,  565,  593,  897,  521,  455,  128,  425,  225,  305,  652,  534,  827,  614,  499,  444,  572,  370,  877,  214,  571,  347,  886,  216,  239,  602],
        [  509,    0,  440,  497,  729,  324,  549,  776,  190,  239,  673,  691,  608,  395,  607,  555,  379,  373,  561,  413,  450,  497,  125,  451,  296,  231,  649,  516,  480,  273,  656,  432,  312,    0,  398,  256,  674,  338,  401,  844,  592,  705,  173,  315,  648,  671,  724,  284,  818,  750,  446,  446,  581,  535,  217,  229,  212,  412,  891,  418,  483,  314,  401,  588,  210,  145,  214,  280,  127,  404,  375,  263,  523,  593,  274,  145,  383,  244,  574,  243,  447,  518,  711,  119,  157,  338],
        [  149,    0,  416,  225,  428,  720,  185,  407,  568,  564,  765,  400,  211,  454,  662,  311,  197,  681,  553,   31,  208,  715,  273,  377,  624,  254,  767,  271,  102,  126,  668,  335,  681,  398,    0,  321,  281,  265,  564,  506,  217,  700,  393,  490,  335,  762,  809,  237,  497,  431,  716,  518,  301,  466,  371,  570,  195,  198,  547,  740,  305,  477,  244,  385,  256,  305,  607,  591,  457,  793,   37,  417,  388,  582,  502,  350,  251,  585,  430,  638,  371,  741,  439,  466,  549,   96],
        [  359,    0,  187,  518,  742,  504,  506,  725,  438,  282,  886,  710,  497,  166,  804,  598,  430,  629,  729,  316,  482,  742,  216,  577,  552,  346,  871,  555,  423,  249,  837,  543,  558,  256,  321,    0,  585,  441,  626,  827,  537,  882,  390,  169,  650,  884,  937,   88,  816,  749,  699,  640,  603,  281,  412,  297,  173,  454,  868,  673,  244,  156,  473,  344,   89,  119,  442,  296,  380,  547,  323,   98,  270,  762,  188,  114,  465,  309,  320,  422,  571,  765,  744,  374,  343,  328],
        [  245,    0,  626,  277,  295,  997,  152,  164,  834,  843,  886,  295,   95,  687,  775,  319,  363,  915,  652,  275,  310,  908,  550,  495,  870,  493,  902,  310,  197,  403,  754,  459,  941,  674,  281,  585,    0,  448,  753,  297,  108,  769,  638,  751,  233,  882,  920,  497,  314,  272,  932,  672,  272,  642,  603,  849,  476,  337,  322,  977,  470,  735,  387,  496,  531,  585,  879,  868,  717, 1073,  300,  682,  547,  672,  771,  628,  406,  864,  570,  916,  491,  933,  341,  730,  828,  342],
        [  412,    0,  602,  191,  406,  630,  297,  495,  434,  571,  502,  366,  423,  605,  401,  226,   86,  472,  301,  295,  146,  465,  251,  136,  436,  110,  503,  193,  271,  213,  415,  103,  521,  338,  265,  441,  448,    0,  310,  532,  343,  454,  219,  585,  337,  499,  547,  390,  498,  432,  485,  253,  262,  676,  171,  565,  270,  112,  581,  534,  540,  577,   73,  634,  353,  351,  492,  610,  315,  724,  228,  512,  615,  333,  568,  394,   52,  580,  664,  561,  130,  491,  380,  333,  484,  172],
        [  713,    0,  810,  480,  639,  540,  602,  774,  343,  614,  273,  600,  733,  783,  226,  475,  395,  229,  241,  593,  444,  156,  412,  278,  247,  321,  249,  461,  581,  476,  291,  304,  353,  401,  564,  626,  753,  310,    0,  776,  646,  344,  237,  714,  599,  272,  325,  612,  731,  675,  198,  117,  524,  899,  218,  596,  490,  417,  824,  283,  797,  713,  366,  901,  549,  508,  406,  657,  285,  643,  527,  658,  861,  263,  673,  531,  348,  609,  913,  507,  281,  181,  594,  303,  470,  468],
        [  528,    0,  903,  349,  137, 1156,  321,  137,  965, 1052,  814,  176,  386,  953,  710,  311,  469,  983,  593,  515,  397,  918,  728,  499,  960,  622,  845,  340,  405,  599,  663,  482, 1051,  844,  506,  827,  297,  532,  776,    0,  295,  658,  751,  996,  198,  810,  834,  743,   53,  102,  972,  668,  271,  929,  703, 1053,  683,  436,   50, 1044,  756,  982,  460,  791,  756,  795, 1022, 1083,  846, 1245,  507,  922,  837,  599, 1005,  842,  481, 1068,  863, 1083,  497,  940,  188,  863, 1000,  519],
        [  242,    0,  609,  170,  244,  914,   47,  191,  742,  777,  781,  230,  129,  659,  671,  220,  259,  812,  548,  222,  203,  801,  469,  389,  770,  396,  797,  205,  117,  326,  652,  352,  845,  592,  217,  537,  108,  343,  646,  295,    0,  671,  540,  706,  161,  777,  816,  451,  294,  235,  827,  564,  177,  641,  502,  781,  405,  231,  333,  874,  468,  691,  280,  515,  472,  518,  790,  806,  623,  994,  225,  633,  550,  570,  719,  564,  299,  797,  581,  835,  384,  826,  276,  637,  748,  255],
        [  836,    0, 1052,  513,  537,  883,  640,  717,  684,  937,  177,  510,  792, 1047,  124,  451,  505,  555,  154,  731,  505,  394,  672,  325,  587,  537,  222,  470,  665,  667,   53,  366,  693,  705,  700,  882,  769,  454,  344,  658,  671,    0,  533, 1005,  549,  174,  181,  841,  605,  577,  489,  261,  497, 1129,  491,  922,  717,  504,  698,  596,  992, 1001,  457, 1082,  795,  777,  748,  979,  609,  986,  667,  938, 1069,  122,  974,  811,  452,  935, 1117,  847,  331,  404,  478,  629,  803,  618],
        [  533,    0,  575,  407,  624,  415,  494,  708,  215,  406,  505,  584,  592,  547,  435,  444,  289,  289,  391,  418,  360,  358,  180,  301,  234,  146,  485,  412,  445,  279,  483,  292,  306,  173,  393,  390,  638,  219,  237,  751,  540,  533,    0,  482,  555,  503,  556,  383,  717,  651,  334,  274,  481,  666,   54,  393,  268,  322,  800,  348,  577,  479,  291,  682,  316,  272,  276,  448,   99,  513,  360,  422,  634,  422,  445,  295,  270,  407,  686,  353,  298,  382,  596,  118,  286,  305],
        [  518,    0,  215,  682,  909,  443,  675,  893,  451,  189,  985,  876,  661,  130,  914,  760,  586,  663,  855,  484,  644,  807,  338,  717,  584,  480,  963,  717,  592,  410,  957,  687,  558,  315,  490,  169,  751,  585,  714,  996,  706, 1005,  482,    0,  817,  983, 1037,  255,  984,  917,  746,  751,  768,  300,  517,  213,  329,  613, 1037,  696,  355,   17,  626,  432,  246,  235,  431,  179,  438,  456,  491,   76,  340,  888,   62,  195,  616,  218,  379,  373,  712,  827,  909,  425,  319,  492],
        [  398,    0,  748,  152,   93,  959,  161,  179,  769,  860,  681,   71,  287,  788,  572,  125,  272,  796,  449,  351,  199,  748,  534,  321,  768,  425,  705,  145,  239,  412,  540,  297,  857,  648,  335,  650,  233,  337,  599,  198,  161,  549,  555,  817,    0,  677,  710,  569,  172,  103,  793,  499,   77,  788,  507,  860,  495,  238,  246,  857,  617,  805,  264,  673,  574,  606,  825,  893,  649, 1048,  327,  743,  701,  464,  821,  653,  285,  875,  735,  885,  319,  771,  116,  666,  803,  330],
        [  907,    0, 1065,  610,  682,  788,  740,  853,  604,  885,    4,  650,  889, 1046,  107,  565,  569,  436,  231,  793,  589,  255,  668,  395,  487,  553,   52,  573,  748,  701,  150,  437,  585,  671,  762,  884,  882,  499,  272,  810,  777,  174,  503,  983,  677,    0,   54,  859,  758,  722,  356,  251,  615, 1150,  473,  867,  734,  578,  852,  466, 1031,  982,  526, 1129,  802,  770,  664,  928,  556,  889,  726,  924, 1102,  215,  944,  797,  514,  878, 1152,  766,  401,  258,  625,  574,  738,  670],
        [  954,    0, 1118,  650,  708,  835,  781,  884,  654,  937,   52,  679,  930, 1099,  149,  602,  615,  481,  269,  840,  632,  297,  721,  439,  535,  605,   88,  612,  792,  752,  172,  481,  632,  724,  809,  937,  920,  547,  325,  834,  816,  181,  556, 1037,  710,   54,    0,  911,  782,  749,  398,  302,  651, 1202,  526,  919,  786,  623,  875,  507, 1082, 1035,  571, 1179,  855,  823,  714,  980,  609,  936,  774,  977, 1153,  248,  997,  850,  560,  930, 1203,  816,  445,  296,  651,  626,  789,  719],
        [  273,    0,  212,  443,  661,  567,  422,  638,  473,  361,  861,  631,  410,  225,  772,  526,  365,  646,  687,  230,  411,  740,  204,  526,  574,  308,  851,  483,  339,  183,  799,  489,  595,  284,  237,   88,  497,  390,  612,  743,  451,  841,  383,  255,  569,  859,  911,    0,  733,  667,  709,  610,  526,  292,  394,  373,  126,  385,  782,  696,  200,  241,  411,  306,   74,  141,  489,  379,  395,  619,  243,  185,  251,  720,  275,  164,  406,  386,  304,  484,  520,  764,  667,  394,  399,  256],
        [  534,    0,  902,  322,   94, 1126,  314,  166,  932, 1031,  762,  135,  398,  949,  659,  274,  441,  942,  543,  509,  369,  871,  705,  456,  921,  593,  794,  307,  396,  582,  611,  441, 1014,  818,  497,  816,  314,  498,  731,   53,  294,  605,  717,  984,  172,  758,  782,  733,    0,   69,  928,  621,  239,  934,  668, 1031,  665,  407,   96, 1002,  761,  971,  427,  802,  742,  777,  990, 1064,  813, 1217,  494,  910,  843,  548,  990,  824,  447, 1046,  871, 1054,  455,  893,  139,  831,  972,  501],
        [  477,    0,  840,  254,   41, 1059,  250,  150,  866,  963,  726,   76,  348,  884,  620,  210,  373,  882,  500,  445,  300,  819,  637,  398,  859,  525,  754,  240,  332,  514,  577,  381,  950,  750,  431,  749,  272,  432,  675,  102,  235,  577,  651,  917,  103,  722,  749,  667,   69,    0,  872,  569,  172,  875,  602,  962,  597,  339,  151,  943,  702,  904,  361,  748,  675,  709,  923,  996,  747, 1149,  427,  843,  785,  509,  922,  756,  381,  978,  815,  986,  397,  842,   99,  764,  904,  432],
        [  861,    0,  885,  667,  836,  450,  782,  966,  303,  603,  355,  797,  903,  840,  366,  669,  570,   93,  424,  743,  627,  102,  507,  474,  167,  463,  311,  652,  751,  610,  441,  496,  243,  446,  716,  699,  932,  485,  198,  972,  827,  489,  334,  746,  793,  356,  398,  709,  928,  872,    0,  311,  717,  979,  346,  581,  600,  596, 1021,  110,  906,  749,  549, 1012,  638,  582,  348,  643,  320,  546,  681,  705,  958,  439,  694,  590,  529,  589, 1011,  448,  476,  105,  791,  328,  447,  623],
        [  665,    0,  818,  395,  532,  636,  523,  676,  431,  677,  254,  494,  663,  803,  165,  375,  330,  345,  132,  548,  365,  251,  424,  180,  354,  303,  251,  369,  516,  451,  210,  213,  460,  446,  518,  640,  672,  253,  117,  668,  564,  261,  274,  751,  499,  251,  302,  610,  621,  569,  311,    0,  426,  901,  234,  662,  484,  345,  716,  399,  781,  748,  292,  880,  555,  528,  497,  719,  350,  739,  481,  687,  851,  158,  717,  559,  277,  675,  902,  593,  184,  274,  483,  370,  544,  424],
        [  390,    0,  716,   88,  149,  888,  157,  251,  695,  799,  619,  111,  305,  749,  509,   52,  203,  719,  385,  322,  132,  674,  471,  247,  692,  354,  640,   70,  216,  358,  483,  221,  781,  581,  301,  603,  272,  262,  524,  271,  177,  497,  481,  768,   77,  615,  651,  526,  239,  172,  717,  426,    0,  765,  432,  797,  441,  170,  320,  781,  598,  756,  190,  663,  523,  550,  752,  833,  576,  979,  286,  693,  682,  403,  767,  596,  211,  813,  720,  816,  244,  698,  141,  593,  735,  277],
        [  402,    0,   96,  691,  879,  739,  628,  803,  710,  487, 1152,  857,  548,  171, 1063,  776,  638,  907,  975,  443,  669, 1021,  488,  809,  830,  599, 1141,  736,  552,  463, 1088,  770,  827,  535,  466,  281,  642,  676,  899,  929,  641, 1129,  666,  300,  788, 1150, 1202,  292,  934,  875,  979,  901,  765,    0,  682,  510,  417,  652,  960,  950,  174,  286,  686,  177,  351,  398,  705,  478,  660,  755,  489,  296,   96, 1008,  359,  391,  685,  516,   98,  664,  803, 1044,  899,  653,  597,  523],
        [  516,    0,  595,  361,  574,  468,  456,  664,  266,  454,  476,  534,  563,  573,  398,  394,  246,  314,  344,  398,  315,  355,  196,  247,  268,  118,  460,  363,  413,  266,  441,  239,  350,  217,  371,  412,  603,  171,  218,  703,  502,  491,   54,  517,  507,  473,  526,  394,  668,  602,  346,  234,  432,  682,    0,  442,  272,  278,  752,  375,  581,  514,  244,  685,  332,  297,  328,  496,  152,  566,  336,  454,  643,  376,  484,  326,  223,  456,  695,  406,  244,  380,  544,  171,  339,  279],
        [  644,    0,  420,  711,  945,  231,  742,  971,  278,   26,  868,  908,  770,  340,  816,  776,  597,  491,  783,  575,  666,  657,  327,  679,  414,  456,  838,  735,  665,  457,  871,  660,  365,  229,  570,  297,  849,  565,  596, 1053,  781,  922,  393,  213,  860,  867,  919,  373, 1031,  962,  581,  662,  797,  510,  442,    0,  377,  629, 1098,  513,  534,  225,  624,  625,  321,  265,  239,   63,  314,  253,  557,  223,  538,  814,  152,  222,  608,   16,  582,  163,  675,  673,  932,  295,  134,  534],
        [  297,    0,  336,  354,  585,  530,  367,  595,  396,  373,  736,  551,  402,  336,  647,  431,  259,  545,  563,  205,  316,  623,   98,  406,  477,  182,  726,  388,  289,   84,  674,  371,  515,  212,  195,  173,  476,  270,  490,  683,  405,  717,  268,  329,  495,  734,  786,  126,  665,  597,  600,  484,  441,  417,  272,  377,    0,  284,  726,  599,  310,  319,  300,  415,   86,  113,  426,  402,  299,  599,  181,  254,  372,  596,  327,  160,  292,  392,  424,  446,  400,  648,  582,  303,  358,  166],
        [  334,    0,  589,   87,  318,  721,  186,  387,  533,  631,  581,  280,  319,  609,  474,  149,   34,  583,  360,  228,   39,  572,  303,  185,  545,  187,  589,  107,  172,  206,  473,  142,  627,  412,  198,  454,  337,  112,  417,  436,  231,  504,  322,  613,  238,  578,  623,  385,  407,  339,  596,  345,  170,  652,  278,  629,  284,    0,  483,  645,  499,  602,   53,  582,  368,  387,  588,  667,  413,  811,  167,  538,  580,  388,  607,  433,   70,  644,  624,  648,  179,  597,  304,  430,  566,  131],
        [  559,    0,  937,  397,  185, 1204,  362,  159, 1014, 1096,  856,  225,  414,  991,  754,  360,  517, 1032,  638,  554,  445,  965,  775,  547, 1009,  670,  888,  389,  445,  643,  705,  531, 1100,  891,  547,  868,  322,  581,  824,   50,  333,  698,  800, 1037,  246,  852,  875,  782,   96,  151, 1021,  716,  320,  960,  752, 1098,  726,  483,    0, 1093,  787, 1023,  509,  817,  799,  839, 1070, 1128,  894, 1293,  549,  964,  866,  643, 1047,  886,  530, 1113,  890, 1130,  546,  987,  234,  911, 1047,  564],
        [  879,    0,  855,  723,  909,  355,  828, 1026,  245,  537,  465,  869,  937,  800,  473,  735,  616,   62,  521,  765,  679,  211,  503,  547,  123,  490,  420,  714,  787,  624,  547,  563,  153,  418,  740,  673,  977,  534,  283, 1044,  874,  596,  348,  696,  857,  466,  507,  696, 1002,  943,  110,  399,  781,  950,  375,  513,  599,  645, 1093,    0,  896,  702,  603, 1002,  623,  561,  274,  574,  302,  446,  706,  664,  940,  538,  640,  561,  581,  519,  992,  366,  548,  212,  867,  303,  382,  651],
        [  228,    0,  168,  528,  708,  748,  457,  630,  671,  516, 1034,  687,  375,  248,  938,  613,  490,  846,  840,  279,  512,  933,  400,  668,  773,  481, 1028,  574,  383,  331,  954,  627,  792,  483,  305,  244,  470,  540,  797,  756,  468,  992,  577,  355,  617, 1031, 1082,  200,  761,  702,  906,  781,  598,  174,  581,  534,  310,  499,  787,  896,    0,  338,  539,  107,  274,  338,  682,  521,  595,  786,  332,  313,   84,  871,  401,  352,  541,  544,  126,  666,  662,  957,  729,  594,  586,  375],
        [  502,    0,  199,  670,  896,  455,  661,  879,  457,  202,  984,  864,  646,  116,  911,  749,  576,  667,  850,  470,  633,  809,  332,  710,  588,  473,  962,  706,  578,  399,  953,  679,  565,  314,  477,  156,  735,  577,  713,  982,  691, 1001,  479,   17,  805,  982, 1035,  241,  971,  904,  749,  748,  756,  286,  514,  225,  319,  602, 1023,  702,  338,    0,  617,  416,  235,  227,  439,  193,  439,  470,  478,   66,  325,  882,   74,  190,  607,  231,  363,  384,  704,  829,  897,  426,  327,  480],
        [  384,    0,  619,  120,  335,  700,  236,  424,  506,  629,  529,  295,  372,  633,  422,  156,   49,  541,  310,  274,   78,  522,  302,  135,  507,  171,  537,  121,  224,  229,  424,   92,  593,  401,  244,  473,  387,   73,  366,  460,  280,  457,  291,  626,  264,  526,  571,  411,  427,  361,  549,  292,  190,  686,  244,  624,  300,   53,  509,  603,  539,  617,    0,  626,  385,  395,  563,  666,  387,  793,  210,  552,  618,  339,  615,  440,   22,  640,  664,  630,  128,  547,  312,  404,  551,  165],
        [  275,    0,  223,  601,  759,  845,  513,  658,  776,  605, 1132,  743,  405,  311, 1034,  685,  578,  952,  932,  356,  591, 1038,  506,  758,  880,  582, 1128,  648,  448,  430, 1047,  716,  897,  588,  385,  344,  496,  634,  901,  791,  515, 1082,  682,  432,  673, 1129, 1179,  306,  802,  748, 1012,  880,  663,  177,  685,  625,  415,  582,  817, 1002,  107,  416,  626,    0,  380,  443,  785,  606,  701,  877,  416,  402,   95,  963,  484,  455,  630,  634,   82,  764,  752, 1062,  787,  700,  686,  465],
        [  325,    0,  264,  436,  664,  502,  437,  662,  400,  313,  805,  631,  450,  254,  719,  515,  344,  574,  642,  257,  399,  673,  137,  488,  500,  259,  791,  472,  356,  165,  751,  454,  521,  210,  256,   89,  531,  353,  549,  756,  472,  795,  316,  246,  574,  802,  855,   74,  742,  675,  638,  555,  523,  351,  332,  321,   86,  368,  799,  623,  274,  235,  385,  380,    0,   69,  417,  337,  322,  560,  250,  171,  321,  674,  249,  101,  377,  335,  373,  418,  482,  696,  663,  321,  331,  246],
        [  389,    0,  306,  462,  695,  435,  480,  708,  333,  260,  772,  660,  507,  276,  693,  536,  358,  514,  625,  311,  421,  624,  106,  483,  439,  247,  755,  493,  402,  196,  730,  453,  455,  145,  305,  119,  585,  351,  508,  795,  518,  777,  272,  235,  606,  770,  823,  141,  777,  709,  582,  528,  550,  398,  297,  265,  113,  387,  839,  561,  338,  227,  395,  443,   69,    0,  349,  289,  264,  496,  294,  163,  379,  658,  221,   48,  383,  280,  431,  351,  478,  646,  689,  259,  264,  277],
        [  723,    0,  610,  674,  898,  142,  746,  968,   66,  264,  664,  858,  817,  545,  631,  718,  554,  257,  627,  624,  627,  433,  335,  571,  185,  402,  629,  684,  683,  482,  696,  566,  128,  214,  607,  442,  879,  492,  406, 1022,  790,  748,  276,  431,  825,  664,  714,  489,  990,  923,  348,  497,  752,  705,  328,  239,  426,  588, 1070,  274,  682,  439,  563,  785,  417,  349,    0,  300,  178,  244,  582,  410,  711,  655,  372,  331,  543,  245,  760,  103,  569,  446,  870,  160,  112,  538],
        [  652,    0,  392,  746,  981,  276,  769,  996,  341,   43,  929,  944,  785,  308,  875,  815,  636,  553,  838,  593,  703,  720,  365,  729,  477,  500,  899,  773,  689,  485,  929,  708,  425,  280,  591,  296,  868,  610,  657, 1083,  806,  979,  448,  179,  893,  928,  980,  379, 1064,  996,  643,  719,  833,  478,  496,   63,  402,  667, 1128,  574,  521,  193,  666,  606,  337,  289,  300,    0,  374,  278,  582,  209,  516,  870,  122,  243,  651,   56,  556,  218,  725,  736,  970,  355,  197,  565],
        [  587,    0,  565,  499,  721,  317,  578,  797,  120,  331,  558,  680,  664,  522,  502,  540,  380,  252,  474,  478,  452,  371,  202,  398,  180,  229,  531,  507,  521,  334,  558,  390,  225,  127,  457,  380,  717,  315,  285,  846,  623,  609,   99,  438,  649,  556,  609,  395,  813,  747,  320,  350,  576,  660,  152,  314,  299,  413,  894,  302,  595,  439,  387,  701,  322,  264,  178,  374,    0,  415,  427,  389,  641,  504,  392,  271,  366,  327,  693,  256,  395,  392,  693,   21,  196,  377],
        [  884,    0,  668,  896, 1126,  104,  952, 1179,  310,  272,  889, 1087, 1000,  585,  867,  948,  777,  457,  870,  803,  849,  643,  526,  812,  403,  625,  849,  911,  881,  671,  934,  804,  305,  404,  793,  547, 1073,  724,  643, 1245,  994,  986,  513,  456, 1048,  889,  936,  619, 1217, 1149,  546,  739,  979,  755,  566,  253,  599,  811, 1293,  446,  786,  470,  793,  877,  560,  496,  244,  278,  415,    0,  774,  476,  789,  897,  397,  459,  773,  244,  831,  163,  809,  650, 1103,  395,  247,  740],
        [  186,    0,  433,  205,  419,  698,  188,  415,  540,  553,  729,  389,  237,  464,  626,  290,  163,  647,  519,   68,  181,  679,  250,  344,  592,  219,  731,  248,  109,  103,  633,  301,  652,  375,   37,  323,  300,  228,  527,  507,  225,  667,  360,  491,  327,  726,  774,  243,  494,  427,  681,  481,  286,  489,  336,  557,  181,  167,  549,  706,  332,  478,  210,  416,  250,  294,  582,  582,  427,  774,    0,  417,  414,  549,  499,  339,  216,  572,  458,  617,  337,  704,  425,  437,  529,   60],
        [  454,    0,  202,  606,  834,  447,  602,  822,  420,  204,  926,  801,  594,  137,  851,  685,  512,  626,  787,  413,  569,  759,  268,  645,  547,  409,  906,  642,  519,  335,  891,  615,  534,  263,  417,   98,  682,  512,  658,  922,  633,  938,  422,   76,  743,  924,  977,  185,  910,  843,  705,  687,  693,  296,  454,  223,  254,  538,  964,  664,  313,   66,  552,  402,  171,  163,  410,  209,  389,  476,  417,    0,  316,  820,   93,  128,  542,  233,  361,  369,  640,  780,  834,  378,  301,  417],
