{
    "name": "random-96-9822",
    "comment": "size=96 seed=9822",
    "nodes": ["+0", "-0", "+1", "-1", "+2", "-2", "+3", "-3", "+4", "-4", "+5", "-5", "+6", "-6", "+7", "-7", "+8", "-8", "+9", "-9", "+10", "-10", "+11", "-11", "+12", "-12", "+13", "-13", "+14", "-14", "+15", "-15", "+16", "-16", "+17", "-17", "+18", "-18", "+19", "-19", "+20", "-20", "+21", "-21", "+22", "-22", "+23", "-23", "+24", "-24", "+25", "-25", "+26", "-26", "+27", "-27", "+28", "-28", "+29", "-29", "+30", "-30", "+31", "-31", "+32", "-32", "+33", "-33", "+34", "-34", "+35", "-35", "+36", "-36", "+37", "-37", "+38", "-38", "+39", "-39", "+40", "-40", "+41", "-41", "+42", "-42", "+43", "-43", "+44", "-44", "+45", "-45", "+46", "-46", "+47", "-47", "+48", "-48", "+49", "-49", "+50", "-50", "+51", "-51", "+52", "-52", "+53", "-53", "+54", "-54", "+55", "-55", "+56", "-56", "+57", "-57", "+58", "-58", "+59", "-59", "+60", "-60", "+61", "-61", "+62", "-62", "+63", "-63", "+64", "-64", "+65", "-65", "+66", "-66", "+67", "-67", "+68", "-68", "+69", "-69", "+70", "-70", "+71", "-71", "+72", "-72", "+73", "-73", "+74", "-74", "+75", "-75", "+76", "-76", "+77", "-77", "+78", "-78", "+79", "-79", "+80", "-80", "+81", "-81", "+82", "-82", "+83", "-83", "+84", "-84", "+85", "-85", "+86", "-86", "+87", "-87", "+88", "-88", "+89", "-89", "+90", "-90", "+91", "-91", "+92", "-92", "+93", "-93", "+94", "-94", "+95", "-95", "+96", "-96"],
    "precedence": {
        "+0": "-0",
        "+1": "-1",
        "+2": "-2",
        "+3": "-3",
        "+4": "-4",
        "+5": "-5",
        "+6": "-6",
        "+7": "-7",
        "+8": "-8",
        "+9": "-9",
        "+10": "-10",
        "+11": "-11",
        "+12": "-12",
        "+13": "-13",
        "+14": "-14",
        "+15": "-15",
        "+16": "-16",
        "+17": "-17",
        "+18": "-18",
        "+19": "-19",
        "+20": "-20",
        "+21": "-21",
        "+22": "-22",
        "+23": "-23",
        "+24": "-24",
        "+25": "-25",
        "+26": "-26",
        "+27": "-27",
        "+28": "-28",
        "+29": "-29",
        "+30": "-30",
        "+31": "-31",
        "+32": "-32",
        "+33": "-33",
        "+34": "-34",
        "+35": "-35",
        "+36": "-36",
        "+37": "-37",
        "+38": "-38",
        "+39": "-39",
        "+40": "-40",
        "+41": "-41",
        "+42": "-42",
        "+43": "-43",
        "+44": "-44",
        "+45": "-45",
        "+46": "-46",
        "+47": "-47",
        "+48": "-48",
        "+49": "-49",
        "+50": "-50",
        "+51": "-51",
        "+52": "-52",
        "+53": "-53",
        "+54": "-54",
        "+55": "-55",
        "+56": "-56",
        "+57": "-57",
        "+58": "-58",
        "+59": "-59",
        "+60": "-60",
        "+61": "-61",
        "+62": "-62",
        "+63": "-63",
        "+64": "-64",
        "+65": "-65",
        "+66": "-66",
        "+67": "-67",
        "+68": "-68",
        "+69": "-69",
        "+70": "-70",
        "+71": "-71",
        "+72": "-72",
        "+73": "-73",
        "+74": "-74",
        "+75": "-75",
        "+76": "-76",
        "+77": "-77",
        "+78": "-78",
        "+79": "-79",
        "+80": "-80",
        "+81": "-81",
        "+82": "-82",
        "+83": "-83",
        "+84": "-84",
        "+85": "-85",
        "+86": "-86",
        "+87": "-87",
        "+88": "-88",
        "+89": "-89",
        "+90": "-90",
        "+91": "-91",
        "+92": "-92",
        "+93": "-93",
        "+94": "-94",
        "+95": "-95",
        "+96": "-96"
    },
    "edges": [
        [    0,    0,  134,  255,  572,  301,  232,  468,  520,  288,  503,  417,  392,  232,  411,  568,  603,  468,  770,  334,  445,  369,  361,  474,  449,  389,  355,  549,  319,  809,  561,  277,  660,  694,  235,  339,  478,  425,  534,  400,  416,  570,  600,  678,  456,  765,  553,   85,  264,  422,  252,  326,  389,  333,  213,  548,  523,  137,  228,  459,  774,  554,  185,  376,  507,  390,  233,  711,  585,  122,  657,  375,  284,  208,  230,  280,  566,  662,  353,  683,  223,  469,  418,  493,  534,  162,  752,  477,  277,  353,   36,  435,  334,  411,  534,  464,  558,  331,  630,  159,  273,  400,  414,  391,  271,  640,  493,  464,  191,  416,  242,  502,  817,  526,  564,  600,  641,  631,  164,  228,  183,  433,  434,  430,  403,  228,  414,  489,  336,  225,  285,  712,  541,  653,  542,  505,  482,  159,  310,  349,  588,  357,  229,  583,  360,  627,  375,  207,  260,  510,  165,  493,  443,  633,  239,  350,  398,  722,  489,  310,  277,  245,  733,  566,  516,  316,  230,  597,  338,  665,  308,  539,  561,  722,  372,  422,  166,  595,  276,  605,  265,  344,  603,  195,  470,  580,  456,  600,  515,  331,   52,  453,   77,  648],
        [    0,    0,    0,    0,    0,    0,    0,    0,    0,    0,    0,    0,    0,    0,    0,    0,    0,    0,    0,    0,    0,    0,    0,    0,    0,    0,    0,    0,    0,    0,    0,    0,    0,    0,    0,    0,    0,    0,    0,    0,    0,    0,    0,    0,    0,    0,    0,    0,    0,    0,    0,    0,    0,    0,    0,    0,    0,    0,    0,    0,    0,    0,    0,    0,    0,    0,    0,    0,    0,    0,    0,    0,    0,    0,    0,    0,    0,    0,    0,    0,    0,    0,    0,    0,    0,    0,    0,    0,    0,    0,    0,    0,    0,    0,    0,    0,    0,    0,    0,    0,    0,    0,    0,    0,    0,    0,    0,    0,    0,    0,    0,    0,    0,    0,    0,    0,    0,    0,    0,    0,    0,    0,    0,    0,    0,    0,    0,    0,    0,    0,    0,    0,    0,    0,    0,    0,    0,    0,    0,    0,    0,    0,    0,    0,    0,    0,    0,    0,    0,    0,    0,    0,    0,    0,    0,    0,    0,    0,    0,    0,    0,    0,    0,    0,    0,    0,    0,    0,    0,    0,    0,    0,    0,    0,    0,    0,    0,    0,    0,    0,    0,    0,    0,    0,    0,    0,    0,    0,    0,    0,    0,    0,    0,    0],
        [  134,    0,    0,  381,  599,  375,  358,  370,  452,  196,  370,  304,  304,  226,  405,  552,  478,  575,  687,  349,  318,  500,  483,  587,  463,  515,  483,  420,  427,  725,  535,  144,  637,  604,  219,  414,  351,  516,  408,  531,  285,  483,  500,  595,  418,  678,  548,  211,  215,  373,  298,  197,  521,  217,  263,  634,  401,  270,  265,  327,  695,  426,  189,  420,  518,  323,  115,  778,  512,  251,  621,  372,  344,  111,  102,  250,  479,  579,  336,  637,   98,  450,  426,  375,  515,  284,  657,  454,  409,  485,  140,  559,  216,  325,  428,  375,  492,  290,  603,  291,  405,  376,  287,  384,  174,  607,  462,  397,  256,  309,  183,  408,  730,  426,  559,  495,  653,  587,  160,  359,  297,  451,  305,  531,  276,  327,  541,  357,  387,  262,  418,  782,  419,  541,  625,  476,  394,  289,  326,  349,  494,  487,  357,  536,  238,  542,  412,  319,  342,  577,   38,  372,  310,  622,  371,  418,  520,  663,  603,  409,  318,  376,  671,  463,  394,  440,  350,  471,  424,  589,  360,  424,  636,  662,  265,  427,   42,  469,  202,  478,  303,  213,  664,  172,  570,  524,  374,  660,  596,  215,  176,  321,  190,  614],
        [  255,    0,  381,    0,  690,  211,   25,  718,  752,  539,  745,  670,  555,  337,  593,  748,  856,  422, 1007,  505,  668,  133,  278,  233,  601,  134,  102,  801,  309, 1047,  751,  518,  841,  936,  351,  412,  731,  436,  750,  242,  666,  813,  764,  916,  666, 1004,  718,  172,  408,  643,  404,  577,  154,  588,  375,  551,  731,  126,  399,  706, 1007,  807,  402,  495,  656,  625,  487,  742,  817,  134,  854,  557,  404,  462,  482,  500,  808,  899,  554,  887,  456,  659,  582,  748,  720,  206,  997,  671,   64,  174,  242,  181,  546,  656,  712,  620,  785,  442,  817,  111,   75,  602,  637,  576,  467,  833,  693,  696,  213,  604,  405,  661, 1055,  694,  730,  850,  776,  836,  392,   47,  100,  580,  685,  413,  656,  295,  160,  737,  284,  267,  115,  735,  796,  905,  553,  702,  636,   97,  340,  533,  835,  218,  176,  794,  614,  867,  506,   90,  179,  565,  416,  702,  685,  802,   68,  253,  145,  938,  248,  146,  427,  147,  953,  817,  770,  237,  224,  812,  196,  897,  434,  793,  589,  941,  625,  588,  418,  812,  522,  820,  423,  594,  657,  342,  260,  799,  698,  657,  536,  585,  206,  689,  193,  842],
        [  572,    0,  599,  690,    0,  846,  682,  519,  405,  495,  793,  569,  896,  799,  219,  193,  738,  396,  578,  251,  834,  702,  481,  906,  141,  775,  742,  743,  402,  611,  232,  673,  242,  568,  799,  279,  683,  306,  915,  586,  690,  500, 1070,  527,  292,  593,  141,  614,  810,  337,  321,  629,  708,  570,  360,  288,  927,  596,  346,  734,  558,  727,  412,  201,  102,  402,  566,  262,  437,  612,  300,  240,  297,  527,  598,  368,  497,  515,  288,  350,  676,  224,  181,  629,  207,  492,  632,  235,  652,  612,  607,  823,  784,  464,  994,  964,  398,  884,  249,  597,  638,  274,  812,  236,  768,  276,  256,  394,  755,  883,  780,  992,  627, 1002,  144,  600,   95,  322,  441,  643,  692,  149,  683,  354,  652,  397,  782,  739,  898,  795,  607,  279,  679,  666,  270,  248,  983,  627,  882,  258,  542,  559,  517,  326,  601,  511,  198,  712,  803,  181,  587,  904,  755,  184,  626,  898,  803,  430,  919,  819,  295,  552,  453,  577,  659,  492,  468,  966,  863,  481,  269,  630,  230,  439,  538,  183,  584,  961,  457,  971,  308,  658,  170,  753,  948,  363,  450,  162,  253,  568,  603,  793,  630,  284],
        [  301,    0,  375,  211,  846,    0,  202,  745,  815,  568,  684,  677,  419,  208,  708,  866,  833,  627, 1059,  626,  578,  322,  485,  265,  736,  273,  264,  766,  500, 1097,  860,  474,  958,  977,  224,  580,  706,  628,  647,  452,  630,  856,  611,  967,  756, 1051,  846,  236,  284,  721,  532,  556,  340,  589,  496,  748,  620,  254,  516,  660, 1065,  778,  485,  646,  794,  684,  489,  935,  878,  236,  957,  671,  550,  482,  470,  580,  852,  950,  653,  983,  408,  768,  709,  743,  833,  359, 1031,  777,  275,  384,  268,  290,  457,  696,  573,  471,  854,  286,  929,  258,  285,  700,  550,  688,  375,  940,  793,  759,  120,  483,  298,  511, 1103,  547,  858,  869,  924,  931,  464,  244,  158,  718,  655,  612,  633,  456,  301,  694,   74,  131,  325,  930,  781,  913,  748,  805,  483,  227,  156,  645,  868,  428,  365,  883,  605,  914,  651,  143,   44,  746,  412,  593,  628,  928,  271,   52,  255, 1020,  278,   86,  558,  345, 1031,  837,  758,  440,  404,  705,   61,  958,  579,  794,  780, 1020,  639,  714,  416,  706,  565,  713,  550,  562,  840,  246,  212,  879,  744,  839,  728,  587,  255,  618,  227,  948],
        [  232,    0,  358,   25,  682,  202,    0,  696,  732,  517,  721,  648,  533,  315,  579,  734,  833,  426,  987,  491,  644,  155,  284,  251,  589,  158,  126,  777,  307, 1027,  736,  494,  827,  915,  329,  405,  708,  435,  726,  256,  642,  792,  743,  896,  649,  984,  705,  148,  386,  624,  390,  554,  177,  565,  360,  552,  708,  106,  383,  682,  988,  783,  382,  485,  645,  605,  464,  742,  797,  112,  838,  542,  392,  439,  458,  481,  788,  879,  537,  871,  432,  644,  569,  725,  705,  193,  976,  656,   79,  189,  219,  204,  522,  635,  689,  599,  767,  422,  802,   93,   87,  586,  612,  561,  444,  818,  676,  677,  192,  581,  382,  639, 1035,  672,  717,  828,  766,  819,  372,   44,   77,  569,  662,  415,  632,  285,  184,  713,  273,  248,  125,  736,  772,  883,  554,  686,  614,   76,  323,  518,  813,  229,  173,  777,  590,  847,  495,   71,  166,  562,  392,  678,  661,  789,   70,  246,  167,  921,  266,  144,  414,  147,  935,  795,  747,  240,  218,  789,  193,  878,  422,  771,  588,  923,  602,  575,  395,  788,  500,  797,  409,  570,  654,  319,  271,  781,  677,  654,  536,  562,  183,  664,  168,  826],
        [  468,    0,  370,  718,  519,  745,  696,    0,  144,  181,  303,   90,  541,  580,  315,  362,  221,  728,  322,  350,  392,  814,  704,  941,  396,  849,  814,  228,  617,  358,  324,  313,  408,  235,  570,  522,  180,  633,  451,  789,  223,  120,  645,  232,  227,  311,  395,  553,  540,  184,  405,  224,  831,  166,  403,  711,  474,  593,  382,  251,  334,  210,  332,  452,  418,  132,  257,  772,  176,  585,  357,  315,  451,  264,  282,  252,  117,  218,  269,  348,  365,  296,  361,  114,  329,  549,  287,  285,  725,  767,  491,  897,  410,   72,  572,  588,  180,  606,  369,  611,  717,  256,  384,  306,  449,  358,  268,  127,  626,  493,  508,  600,  362,  593,  400,  134,  515,  312,  332,  683,  650,  402,  203,  673,  186,  523,  872,  243,  755,  629,  714,  785,  161,  196,  695,  280,  603,  621,  683,  315,  124,  745,  624,  263,  168,  179,  430,  674,  711,  609,  333,  461,  286,  426,  686,  788,  862,  339,  957,  773,  402,  657,  339,  100,  142,  677,  591,  487,  793,  239,  440,  115,  680,  334,  109,  356,  330,  480,  197,  490,  391,  239,  662,  526,  934,  229,   69,  654,  665,  167,  520,  330,  542,  360],
        [  520,    0,  452,  752,  405,  815,  732,  144,    0,  259,  447,  227,  668,  674,  233,  229,  344,  678,  256,  299,  532,  830,  683,  983,  303,  877,  841,  366,  591,  297,  189,  431,  265,  198,  666,  476,  323,  578,  594,  778,  364,   97,  785,  169,  126,  257,  270,  600,  646,  116,  383,  349,  845,  284,  395,  635,  617,  627,  370,  395,  256,  345,  351,  388,  309,  131,  351,  665,   66,  625,  214,  249,  417,  341,  383,  252,   93,  152,  221,  208,  472,  189,  278,  254,  202,  562,  265,  174,  747,  769,  549,  927,  537,  137,  711,  720,   42,  716,  227,  642,  737,  184,  521,  234,  563,  214,  150,   57,  698,  625,  613,  735,  306,  731,  273,  195,  386,  168,  362,  712,  700,  316,  345,  623,  326,  512,  896,  386,  836,  712,  726,  681,  292,  262,  617,  157,  735,  658,  776,  261,  139,  737,  629,  119,  297,  128,  365,  724,  777,  526,  418,  602,  429,  288,  709,  862,  894,  214,  998,  830,  370,  665,  220,  174,  279,  664,  588,  630,  857,  146,  398,  238,  595,  212,  227,  271,  414,  624,  251,  634,  365,  369,  562,  620,  988,   87,   90,  554,  590,  283,  571,  472,  597,  217],
        [  288,    0,  196,  539,  495,  568,  517,  181,  259,    0,  315,  139,  428,  416,  277,  396,  341,  602,  492,  263,  340,  639,  554,  761,  354,  671,  637,  307,  474,  530,  370,  190,  472,  410,  408,  404,  233,  518,  422,  629,  208,  289,  581,  400,  250,  484,  407,  373,  389,  198,  275,  135,  658,   84,  260,  617,  433,  415,  244,  256,  499,  302,  174,  363,  398,  136,   94,  718,  317,  405,  444,  256,  327,   86,  128,  136,  285,  384,  207,  453,  218,  299,  314,  221,  358,  381,  467,  298,  550,  600,  311,  719,  302,  130,  504,  489,  300,  461,  434,  433,  542,  229,  318,  259,  312,  434,  298,  206,  449,  400,  356,  511,  536,  516,  416,  313,  524,  405,  164,  506,  470,  351,  210,  550,  175,  373,  695,  272,  583,  457,  542,  728,  275,  368,  603,  312,  506,  442,  518,  242,  302,  584,  458,  353,  119,  347,  345,  493,  532,  531,  161,  410,  267,  468,  510,  612,  683,  471,  777,  593,  281,  488,  478,  279,  248,  520,  431,  476,  614,  394,  326,  260,  600,  470,   91,  312,  157,  471,   41,  482,  267,  164,  603,  362,  754,  335,  179,  597,  573,   81,  340,  302,  362,  440],
        [  503,    0,  370,  745,  793,  684,  721,  303,  447,  315,    0,  229,  332,  480,  576,  658,  192,  907,  562,  575,  134,  868,  838,  931,  657,  876,  846,  119,  769,  586,  622,  228,  710,  471,  464,  714,  125,  828,  155,  896,  107,  399,  362,  489,  513,  541,  684,  577,  410,  462,  585,  193,  889,  232,  564,  930,  186,  638,  552,   60,  584,  143,  473,  677,  693,  394,  291, 1029,  470,  619,  660,  562,  637,  334,  279,  449,  398,  481,  511,  648,  290,  578,  618,  199,  623,  645,  489,  571,  777,  854,  506,  917,  233,  336,  296,  348,  482,  448,  671,  660,  774,  520,  148,  561,  312,  661,  560,  424,  578,  262,  389,  345,  583,  326,  691,  331,  806,  614,  454,  727,  653,  657,  111,  856,  143,  665,  904,   62,  664,  553,  787, 1040,  185,  328,  917,  573,  358,  656,  567,  551,  376,  852,  721,  565,  197,  446,  659,  672,  664,  845,  341,  183,   61,  725,  740,  712,  878,  627,  946,  743,  594,  743,  622,  319,  182,  798,  707,  184,  742,  515,  639,  237,  914,  620,  256,  615,  340,  178,  355,  187,  579,  167,  914,  439,  895,  531,  366,  908,  886,  235,  543,   70,  553,  663],
        [  417,    0,  304,  670,  569,  677,  648,   90,  227,  139,  229,    0,  452,  503,  354,  430,  205,  731,  405,  369,  306,  775,  690,  887,  437,  804,  770,  182,  609,  439,  395,  228,  485,  315,  491,  528,  115,  643,  369,  767,  137,  207,  559,  317,  285,  392,  456,  501,  458,  235,  403,  138,  794,   89,  393,  732,  390,  548,  375,  172,  419,  172,  310,  473,  468,  168,  190,  813,  265,  537,  439,  345,  453,  209,  209,  252,  205,  304,  296,  434,  285,  351,  399,   83,  395,  519,  360,  343,  685,  738,  435,  851,  321,  108,  484,  499,  266,  521,  446,  568,  678,  296,  296,  342,  364,  438,  332,  197,  559,  404,  427,  511,  441,  505,  462,  193,  578,  395,  302,  640,  595,  439,  121,  678,   99,  509,  828,  172,  682,  557,  680,  825,  138,  238,  717,  345,  514,  574,  605,  339,  204,  722,  596,  344,   81,  265,  453,  619,  646,  638,  267,  375,  203,  498,  646,  718,  814,  428,  903,  713,  405,  626,  428,  163,  112,  658,  569,  410,  728,  327,  448,  124,  708,  423,   49,  395,  264,  404,  171,  414,  392,  150,  699,  450,  873,  313,  141,  693,  687,   90,  467,  246,  487,  441],
        [  392,    0,  304,  555,  896,  419,  533,  541,  668,  428,  332,  452,    0,  222,  691,  822,  519,  859,  852,  646,  200,  688,  748,  683,  757,  668,  646,  444,  710,  883,  798,  240,  899,  760,  207,  714,  413,  811,  241,  768,  336,  659,  213,  767,  677,  836,  829,  426,  148,  625,  601,  320,  709,  385,  565,  932,  209,  492,  568,  339,  868,  465,  490,  723,  809,  561,  339, 1081,  714,  465,  868,  662,  646,  373,  305,  533,  657,  755,  618,  873,  221,  724,  718,  478,  785,  552,  794,  724,  607,  709,  371,  697,  132,  532,  157,   73,  709,  138,  861,  512,  610,  650,  185,  670,  130,  860,  725,  623,  347,   75,  156,  111,  883,  139,  839,  624,  941,  828,  462,  557,  457,  748,  363,  821,  363,  616,  697,  370,  376,  300,  637, 1085,  492,  641,  924,  740,   92,  493,  273,  640,  651,  729,  611,  775,  374,  716,  714,  467,  416,  879,  310,  185,  296,  894,  579,  431,  658,  877,  696,  497,  621,  617,  879,  601,  478,  700,  620,  292,  479,  779,  663,  530,  938,  873,  442,  718,  313,  295,  456,  300,  606,  303,  967,  217,  626,  752,  579,  963,  896,  386,  403,  264,  395,  865],
        [  232,    0,  226,  337,  799,  208,  315,  580,  674,  416,  480,  503,  222,    0,  621,  772,  638,  680,  901,  553,  371,  468,  554,  468,  669,  446,  425,  569,  534,  938,  757,  283,  860,  814,   17,  570,  514,  649,  440,  560,  434,  697,  428,  810,  642,  890,  765,  231,   78,  598,  480,  371,  489,  416,  441,  774,  415,  291,  453,  460,  911,  583,  393,  605,  726,  547,  326,  942,  733,  263,  845,  586,  515,  335,  299,  470,  694,  795,  554,  862,  220,  670,  635,  559,  736,  372,  863,  675,  391,  497,  200,  476,  250,  544,  379,  285,  715,  110,  826,  309,  396,  597,  343,  600,  169,  832,  685,  621,  125,  280,   91,  325,  941,  358,  776,  694,  862,  812,  366,  343,  239,  655,  461,  649,  443,  454,  475,  494,  186,   80,  427,  942,  592,  731,  769,  699,  300,  284,  103,  561,  703,  524,  417,  761,  425,  757,  603,  247,  197,  741,  257,  387,  426,  841,  367,  233,  437,  887,  482,  278,  505,  415,  894,  665,  570,  506,  437,  499,  268,  809,  539,  612,  791,  885,  472,  638,  261,  500,  427,  507,  492,  372,  834,   55,  420,  748,  593,  831,  743,  415,  219,  413,  202,  839],
        [  411,    0,  405,  593,  219,  708,  579,  315,  233,  277,  576,  354,  691,  621,    0,  158,  535,  448,  467,   90,  617,  646,  469,  824,   83,  705,  669,  532,  376,  506,  158,  460,  251,  426,  618,  251,  469,  347,  697,  570,  472,  328,  856,  391,  107,  474,  145,  474,  619,  133,  191,  411,  657,  352,  219,  404,  709,  478,  196,  517,  457,  518,  230,  157,  121,  188,  354,  460,  286,  485,  261,   38,  207,  318,  388,  158,  324,  375,   73,  298,  470,   68,   47,  420,  127,  389,  494,   82,  573,  572,  446,  755,  572,  253,  779,  756,  246,  694,  225,  486,  561,   60,  595,   22,  565,  240,  108,  201,  602,  672,  587,  782,  519,  789,  156,  417,  251,  248,  256,  549,  567,   88,  466,  393,  434,  315,  720,  523,  747,  632,  541,  473,  472,  485,  387,  114,  774,  510,  713,   63,  367,  532,  442,  215,  383,  358,  134,  590,  666,  298,  386,  687,  536,  223,  539,  758,  727,  359,  839,  700,  169,  480,  377,  389,  451,  458,  396,  748,  737,  355,  181,  429,  368,  364,  321,   42,  383,  743,  241,  753,  171,  440,  348,  570,  848,  235,  249,  341,  359,  349,  453,  575,  481,  249],
        [  568,    0,  552,  748,  193,  866,  734,  362,  229,  396,  658,  430,  822,  772,  158,    0,  572,  546,  386,  244,  723,  791,  597,  977,  158,  855,  819,  589,  506,  421,   42,  585,   94,  376,  768,  375,  538,  446,  795,  701,  563,  318,  971,  335,  149,  401,   54,  631,  765,  202,  345,  521,  801,  456,  376,  465,  813,  634,  353,  601,  368,  570,  385,  274,  122,  272,  484,  452,  250,  642,  121,  195,  350,  454,  518,  303,  316,  323,  219,  168,  606,  103,  167,  475,   38,  542,  439,   99,  724,  712,  603,  904,  698,  323,  895,  884,  213,  839,   73,  642,  711,  177,  706,  178,  702,   96,  100,  236,  759,  795,  732,  906,  436,  909,   50,  420,  158,  131,  410,  702,  724,  180,  549,  496,  523,  462,  868,  599,  904,  788,  688,  471,  518,  484,  446,   86,  901,  667,  867,  221,  360,  667,  590,  134,  480,  322,  256,  747,  824,  352,  529,  794,  629,   73,  691,  916,  878,  245,  991,  858,  321,  628,  267,  402,  503,  594,  542,  839,  894,  289,  321,  465,  413,  253,  410,  160,  525,  833,  367,  843,  325,  547,  362,  720, 1004,  173,  294,  354,  424,  454,  611,  671,  639,  105],
        [  603,    0,  478,  856,  738,  833,  833,  221,  344,  341,  192,  205,  519,  638,  535,  572,    0,  934,  387,  565,  324,  969,  894, 1063,  617,  990,  957,   75,  813,  406,  532,  359,  602,  301,  624,  730,  128,  844,  338,  969,  204,  265,  547,  328,  446,  364,  610,  685,  577,  405,  606,  282,  988,  273,  597,  928,  373,  738,  579,  183,  412,   56,  514,  668,  638,  350,  370,  992,  342,  724,  542,  534,  656,  401,  376,  453,  266,  324,  487,  519,  426,  515,  582,  123,  543,  719,  307,  503,  877,  937,  616, 1035,  406,  286,  486,  540,  367,  625,  566,  759,  871,  476,  334,  526,  476,  549,  484,  344,  718,  451,  551,  537,  401,  517,  614,  171,  728,  496,  504,  830,  774,  623,  179,  880,  203,  713, 1016,  150,  824,  705,  876, 1006,   68,  144,  912,  495,  549,  761,  734,  532,  230,  923,  796,  455,  244,  295,  647,  796,  807,  829,  442,  373,  224,  631,  838,  867,  997,  480, 1079,  880,  607,  824,  470,  176,   94,  861,  771,  348,  888,  364,  649,  108,  900,  471,  253,  577,  439,  341,  375,  348,  595,  272,  883,  591, 1039,  416,  289,  875,  883,  275,  651,  256,  667,  549],
        [  468,    0,  575,  422,  396,  627,  426,  728,  678,  602,  907,  731,  859,  680,  448,  546,  934,    0,  911,  383,  887,  371,  145,  583,  395,  452,  427,  908,  150,  950,  572,  707,  622,  873,  688,  206,  835,  102,  978,  223,  802,  770, 1067,  839,  554,  920,  497,  450,  727,  567,  329,  714,  367,  683,  344,  145,  974,  394,  359,  851,  899,  901,  434,  291,  425,  598,  618,  337,  734,  421,  667,  429,  279,  574,  637,  481,  765,  823,  465,  713,  672,  506,  408,  812,  538,  310,  941,  522,  362,  276,  491,  490,  790,  657,  998,  932,  693,  787,  617,  381,  349,  495,  858,  445,  737,  642,  550,  638,  583,  880,  708,  969,  964,  993,  506,  849,  489,  672,  453,  383,  477,  376,  809,   56,  774,  249,  448,  871,  695,  638,  309,  326,  867,  917,  155,  551,  950,  411,  725,  420,  806,  218,  268,  653,  718,  804,  314,  486,  588,  217,  588,  945,  851,  567,  357,  672,  484,  787,  593,  567,  328,  282,  809,  818,  842,  187,  244, 1039,  617,  801,  289,  837,  200,  795,  685,  415,  587, 1036,  564, 1047,  340,  741,  282,  655,  650,  679,  674,  286,  153,  680,  463,  875,  479,  651],
        [  770,    0,  687, 1007,  578, 1059,  987,  322,  256,  492,  562,  405,  852,  901,  467,  386,  387,  911,    0,  545,  680, 1085,  932, 1237,  519, 1133, 1097,  448,  839,   41,  351,  633,  353,   93,  891,  717,  448,  810,  716, 1030,  518,  205,  923,   93,  364,   26,  439,  852,  862,  370,  635,  542, 1100,  488,  650,  847,  747,  882,  625,  528,   30,  423,  606,  622,  502,  382,  577,  832,  192,  879,  284,  491,  666,  577,  603,  508,  209,  109,  471,  237,  687,  406,  505,  376,  382,  818,   91,  390, 1003, 1023,  797, 1183,  723,  363,  856,  890,  227,  926,  333,  897,  993,  429,  680,  474,  769,  306,  362,  311,  940,  796,  829,  896,   53,  883,  435,  233,  521,  257,  616,  967,  951,  536,  492,  858,  489,  765, 1152,  504, 1073,  948,  981,  851,  378,  244,  828,  361,  903,  912, 1004,  508,  202,  989,  884,  261,  486,  146,  600,  975, 1023,  734,  651,  741,  570,  406,  965, 1104, 1150,  160, 1253, 1080,  621,  920,  138,  251,  383,  916,  843,  732, 1104,  113,  643,  328,  797,  149,  430,  497,  647,  725,  495,  733,  617,  553,  747,  847, 1239,  233,  316,  739,  804,  488,  822,  612,  846,  300],
        [  334,    0,  349,  505,  251,  626,  491,  350,  299,  263,  575,  369,  646,  553,   90,  244,  565,  383,  545,    0,  597,  557,  387,  735,  116,  616,  580,  550,  294,  585,  247,  428,  337,  496,  552,  178,  481,  286,  682,  486,  469,  388,  825,  465,  182,  550,  220,  391,  561,  186,  102,  396,  569,  345,  132,  365,  690,  391,  111,  517,  538,  539,  162,  105,  174,  218,  321,  457,  359,  399,  350,   56,  121,  279,  352,  128,  384,  449,   83,  386,  426,  156,   84,  444,  215,  300,  564,  170,  484,  485,  369,  666,  536,  281,  749,  715,  320,  635,  312,  399,  472,  117,  572,   75,  517,  329,  195,  256,  524,  636,  530,  744,  597,  755,  232,  468,  309,  336,  191,  460,  482,  103,  468,  328,  434,  227,  631,  529,  669,  558,  453,  466,  499,  536,  349,  202,  733,  423,  642,   39,  424,  446,  354,  301,  379,  426,   85,  504,  584,  270,  337,  665,  529,  303,  450,  677,  638,  446,  750,  615,   80,  391,  464,  437,  475,  373,  307,  737,  653,  433,   99,  463,  340,  450,  327,   88,  333,  733,  222,  743,   82,  425,  341,  505,  760,  316,  293,  335,  319,  342,  373,  563,  401,  338],
        [  445,    0,  318,  668,  834,  578,  644,  392,  532,  340,  134,  306,  200,  371,  617,  723,  324,  887,  680,  597,    0,  796,  801,  834,  694,  794,  767,  250,  742,  708,  691,  181,  787,  588,  355,  710,  233,  820,   91,  845,  170,  502,  254,  602,  574,  662,  741,  509,  296,  521,  583,  206,  817,  268,  555,  932,   93,  574,  549,  153,  700,  272,  467,  691,  737,  451,  280, 1052,  567,  551,  744,  596,  635,  325,  255,  471,  500,  592,  547,  739,  223,  633,  654,  306,  686,  601,  614,  628,  707,  795,  440,  831,  124,  405,  180,  216,  571,  323,  748,  596,  707,  566,   32,  599,  206,  741,  623,  498,  481,  128,  281,  217,  706,  204,  749,  448,  861,  700,  442,  656,  571,  690,  193,  841,  207,  640,  823,  180,  550,  448,  725, 1060,  307,  455,  920,  637,  227,  586,  450,  580,  486,  802,  673,  648,  243,  555,  677,  588,  564,  858,  300,   72,  111,  793,  673,  601,  791,  729,  849,  644,  598,  690,  727,  431,  298,  757,  668,  153,  638,  622,  643,  353,  924,  723,  314,  652,  301,  151,  378,  161,  582,  178,  936,  339,  790,  619,  445,  930,  890,  270,  477,   70,  481,  745],
        [  369,    0,  500,  133,  702,  322,  155,  814,  830,  639,  868,  775,  688,  468,  646,  791,  969,  371, 1085,  557,  796,    0,  234,  213,  636,   82,   64,  917,  301, 1126,  801,  641,  883, 1021,  482,  427,  846,  415,  880,  153,  784,  900,  896,  998,  731, 1085,  755,  291,  540,  716,  457,  694,   22,  697,  437,  512,  862,  232,  462,  827, 1083,  921,  485,  523,  688,  710,  599,  706,  894,  250,  905,  612,  442,  569,  598,  580,  895,  980,  619,  943,  581,  713,  626,  855,  768,  269, 1085,  727,   92,   96,  363,  123,  676,  748,  844,  752,  860,  573,  863,  211,   98,  665,  765,  631,  598,  882,  751,  776,  344,  736,  537,  793, 1136,  826,  766,  947,  794,  893,  482,  142,  232,  615,  802,  379,  771,  331,   81,  857,  395,  397,  105,  696,  906, 1006,  519,  759,  767,  213,  464,  590,  925,  154,  204,  856,  725,  951,  538,  221,  298,  553,  533,  832,  808,  838,  131,  353,  114, 1001,  224,  240,  477,  167, 1018,  913,  880,  211,  251,  943,  288,  974,  471,  898,  561, 1005,  728,  632,  534,  942,  617,  951,  477,  712,  637,  474,  282,  867,  786,  639,  509,  694,  325,  814,  317,  891],
        [  361,    0,  483,  278,  481,  485,  284,  704,  683,  554,  838,  690,  748,  554,  469,  597,  894,  145,  932,  387,  801,  234,    0,  447,  439,  314,  287,  857,   93,  971,  614,  624,  683,  880,  564,  222,  783,  183,  890,  106,  739,  767,  959,  851,  568,  936,  554,  326,  609,  567,  303,  648,  235,  628,  301,  280,  882,  264,  323,  787,  924,  855,  381,  323,  483,  581,  548,  475,  744,  292,  716,  441,  267,  507,  560,  453,  762,  834,  463,  759,  580,  534,  438,  773,  580,  201,  947,  550,  218,  139,  378,  356,  694,  633,  894,  819,  706,  664,  670,  248,  205,  503,  770,  459,  632,  692,  576,  636,  449,  776,  593,  858,  984,  885,  564,  834,  575,  712,  392,  241,  339,  418,  750,  146,  715,  182,  314,  811,  555,  505,  165,  466,  827,  899,  286,  581,  837,  276,  591,  425,  799,   81,  138,  683,  662,  810,  343,  346,  447,  321,  504,  853,  780,  633,  215,  529,  345,  826,  457,  423,  313,  143,  845,  801,  801,   49,  134,  953,  473,  819,  289,  806,  327,  831,  642,  446,  503,  951,  520,  961,  320,  672,  404,  536,  509,  702,  660,  406,  275,  625,  345,  798,  356,  701],
        [  474,    0,  587,  233,  906,  265,  251,  941,  983,  761,  931,  887,  683,  468,  824,  977, 1063,  583, 1237,  735,  834,  213,  447,    0,  827,  134,  164, 1002,  508, 1277,  982,  710, 1070, 1164,  484,  627,  936,  627,  907,  363,  864, 1041,  873, 1146,  898, 1234,  945,  389,  545,  875,  634,  782,  217,  802,  607,  725,  882,  356,  631,  900, 1238, 1011,  633,  718,  881,  855,  700,  919, 1048,  359, 1085,  789,  629,  680,  688,  732, 1036, 1129,  786, 1119,  644,  890,  811,  961,  950,  436, 1224,  903,  255,  309,  453,   95,  712,  882,  837,  735, 1017,  550, 1047,  343,  269,  835,  805,  808,  629, 1064,  925,  927,  355,  746,  555,  774, 1285,  811,  957, 1073,  995, 1068,  622,  276,  293,  806,  887,  592,  861,  518,  137,  933,  319,  388,  299,  909, 1006, 1124,  732,  934,  746,  325,  418,  765, 1061,  367,  391, 1026,  824, 1096,  730,  269,  271,  763,  624,  854,  873, 1029,  287,  263,  103, 1170,   16,  191,  657,  355, 1185, 1039,  981,  420,  441,  966,  206, 1128,  659, 1009,  774, 1173,  844,  817,  627,  967,  748,  974,  654,  794,  849,  497,   92, 1031,  926,  850,  721,  800,  422,  869,  401, 1072],
        [  449,    0,  463,  601,  141,  736,  589,  396,  303,  354,  657,  437,  757,  669,   83,  158,  617,  395,  519,  116,  694,  636,  439,  827,    0,  702,  667,  615,  348,  557,  178,  532,  247,  489,  668,  217,  551,  294,  776,  543,  553,  400,  929,  451,  178,  529,  119,  500,  676,  213,  204,  489,  646,  431,  240,  334,  787,  494,  222,  598,  505,  600,  278,  116,   59,  271,  425,  377,  350,  505,  278,   99,  198,  386,  458,  227,  396,  436,  148,  322,  536,  117,   40,  502,  144,  396,  556,  133,  572,  555,  484,  751,  643,  335,  853,  824,  309,  750,  231,  499,  559,  142,  671,   97,  629,  253,  160,  278,  637,  743,  645,  852,  571,  861,  130,  493,  193,  278,  306,  554,  587,   22,  547,  343,  515,  309,  714,  605,  781,  673,  534,  391,  554,  561,  316,  159,  843,  526,  757,  117,  440,  509,  437,  259,  463,  424,   99,  609,  693,  223,  449,  764,  616,  203,  541,  787,  727,  394,  841,  719,  178,  474,  414,  466,  533,  436,  388,  828,  759,  411,  168,  510,  292,  400,  402,   43,  445,  822,  316,  833,  187,  518,  266,  621,  859,  287,  330,  259,  289,  429,  485,  654,  513,  263],
        [  389,    0,  515,  134,  775,  273,  158,  849,  877,  671,  876,  804,  668,  446,  705,  855,  990,  452, 1133,  616,  794,   82,  314,  134,  702,    0,   37,  935,  376, 1173,  862,  650,  947, 1064,  461,  498,  865,  494,  874,  234,  799,  942,  871, 1043,  785, 1131,  820,  305,  521,  766,  515,  711,   89,  722,  491,  593,  853,  257,  516,  839, 1132,  940,  528,  590,  755,  753,  621,  787,  942,  268,  965,  670,  505,  596,  615,  625,  937, 1026,  672, 1002,  586,  772,  688,  881,  829,  319, 1127,  785,  132,  177,  376,   51,  671,  786,  824,  728,  909,  544,  926,  239,  144,  720,  763,  689,  591,  944,  808,  822,  322,  722,  523,  769, 1182,  803,  832,  982,  866,  951,  521,  167,  224,  681,  819,  459,  789,  394,   30,  870,  344,  369,  169,  777,  930, 1038,  599,  817,  742,  230,  425,  647,  965,  235,  265,  912,  748,  995,  605,  207,  259,  630,  550,  824,  817,  904,  169,  296,   33, 1057,  145,  188,  536,  228, 1073,  949,  904,  288,  314,  936,  230, 1022,  535,  927,  641, 1060,  758,  695,  552,  936,  653,  944,  535,  727,  716,  461,  202,  920,  827,  717,  588,  719,  340,  818,  325,  953],
        [  355,    0,  483,  102,  742,  264,  126,  814,  841,  637,  846,  770,  646,  425,  669,  819,  957,  427, 1097,  580,  767,   64,  287,  164,  667,   37,    0,  903,  344, 1137,  826,  619,  912, 1028,  440,  464,  833,  464,  848,  215,  767,  906,  852, 1008,  749, 1095,  785,  273,  499,  730,  479,  679,   79,  688,  455,  567,  828,  222,  479,  808, 1096,  908,  492,  556,  720,  717,  588,  761,  906,  234,  930,  634,  470,  562,  583,  589,  902,  990,  636,  966,  557,  736,  653,  848,  794,  283, 1091,  749,   96,  153,  344,   87,  645,  751,  803,  709,  873,  526,  890,  204,  109,  684,  736,  654,  565,  908,  772,  786,  300,  699,  500,  749, 1146,  783,  797,  948,  832,  915,  485,  132,  197,  646,  787,  432,  757,  358,   59,  839,  337,  350,  136,  752,  896, 1004,  572,  781,  723,  197,  411,  611,  929,  210,  230,  876,  714,  959,  570,  181,  245,  600,  517,  799,  786,  869,  133,  293,   61, 1021,  177,  181,  501,  193, 1037,  914,  871,  258,  279,  910,  227,  986,  500,  893,  613, 1024,  724,  660,  520,  910,  618,  918,  499,  695,  687,  437,  223,  884,  791,  688,  560,  686,  308,  789,  294,  917],
        [  549,    0,  420,  801,  743,  766,  777,  228,  366,  307,  119,  182,  444,  569,  532,  589,   75,  908,  448,  550,  250,  917,  857, 1002,  615,  935,  903,    0,  780,  471,  551,  294,  630,  358,  554,  707,   75,  822,  269,  926,  138,  302,  478,  381,  453,  427,  623,  630,  505,  407,  580,  224,  937,  230,  566,  913,  302,  686,  550,  110,  471,   26,  479,  654,  642,  344,  319,  991,  377,  670,  574,  526,  631,  354,  320,  431,  302,  374,  476,  556,  360,  521,  578,  115,  557,  675,  373,  512,  825,  891,  559,  978,  333,  281,  414,  466,  395,  552,  592,  707,  820,  474,  260,  521,  404,  578,  496,  355,  654,  376,  480,  463,  466,  444,  627,  221,  743,  528,  466,  777,  715,  619,  116,  855,  147,  678,  961,   76,  754,  637,  828, 1004,   77,  210,  898,  508,  475,  707,  663,  520,  272,  881,  752,  483,  197,  341,  634,  736,  742,  819,  386,  301,  150,  652,  787,  799,  940,  526, 1018,  817,  584,  779,  519,  215,   87,  822,  731,  286,  823,  411,  627,  133,  889,  518,  225,  573,  384,  279,  344,  287,  570,  209,  879,  523,  974,  445,  296,  872,  868,  233,  595,  182,  610,  579],
        [  319,    0,  427,  309,  402,  500,  307,  617,  591,  474,  769,  609,  710,  534,  376,  506,  813,  150,  839,  294,  742,  301,   93,  508,  348,  376,  344,  780,    0,  879,  523,  563,  594,  789,  541,  132,  706,  129,  833,  196,  667,  676,  918,  759,  475,  844,  465,  305,  579,  476,  213,  577,  306,  552,  217,  249,  827,  255,  236,  715,  831,  776,  301,  232,  395,  492,  479,  436,  652,  280,  625,  348,  175,  436,  495,  366,  672,  742,  371,  667,  525,  441,  346,  691,  488,  163,  856,  457,  259,  211,  342,  422,  643,  546,  850,  783,  613,  640,  579,  244,  245,  411,  712,  367,  588,  601,  484,  544,  443,  731,  559,  820,  891,  844,  475,  746,  494,  620,  316,  264,  345,  327,  676,  116,  641,  105,  381,  738,  565,  496,  210,  431,  746,  811,  249,  489,  801,  276,  585,  332,  709,  161,  136,  591,  586,  718,  252,  358,  459,  258,  443,  799,  712,  545,  242,  548,  405,  733,  520,  451,  222,  163,  752,  713,  720,   91,   99,  895,  500,  726,  196,  722,  282,  739,  561,  354,  442,  892,  439,  902,  229,  603,  349,  507,  559,  609,  571,  349,  229,  549,  316,  734,  333,  610],
        [  809,    0,  725, 1047,  611, 1097, 1027,  358,  297,  530,  586,  439,  883,  938,  506,  421,  406,  950,   41,  585,  708, 1126,  971, 1277,  557, 1173, 1137,  471,  879,    0,  386,  667,  382,  125,  927,  757,  476,  849,  739, 1070,  548,  242,  947,  131,  404,   48,  474,  892,  896,  410,  676,  576, 1140,  523,  690,  883,  771,  922,  665,  555,   54,  446,  646,  661,  538,  422,  614,  863,  232,  918,  315,  531,  705,  615,  640,  548,  246,  148,  512,  267,  722,  445,  543,  406,  418,  858,  101,  428, 1043, 1063,  836, 1223,  754,  402,  881,  919,  268,  960,  365,  937, 1033,  469,  709,  513,  802,  338,  401,  351,  978,  825,  865,  924,   17,  909,  469,  260,  551,  290,  656, 1007,  991,  574,  521,  896,  521,  805, 1192,  530, 1111,  985, 1021,  883,  403,  263,  864,  399,  932,  952, 1040,  548,  236, 1029,  924,  298,  519,  184,  638, 1015, 1061,  770,  688,  767,  598,  436, 1005, 1142, 1190,  186, 1292, 1119,  661,  961,  164,  282,  410,  956,  883,  753, 1142,  153,  683,  356,  833,  176,  466,  536,  684,  746,  534,  753,  657,  585,  781,  883, 1279,  272,  354,  773,  840,  523,  861,  639,  886,  331],
