{
    "name": "random-39-7787",
    "comment": "size=39 seed=7787",
    "nodes": ["+0", "-0", "+1", "-1", "+2", "-2", "+3", "-3", "+4", "-4", "+5", "-5", "+6", "-6", "+7", "-7", "+8", "-8", "+9", "-9", "+10", "-10", "+11", "-11", "+12", "-12", "+13", "-13", "+14", "-14", "+15", "-15", "+16", "-16", "+17", "-17", "+18", "-18", "+19", "-19", "+20", "-20", "+21", "-21", "+22", "-22", "+23", "-23", "+24", "-24", "+25", "-25", "+26", "-26", "+27", "-27", "+28", "-28", "+29", "-29", "+30", "-30", "+31", "-31", "+32", "-32", "+33", "-33", "+34", "-34", "+35", "-35", "+36", "-36", "+37", "-37", "+38", "-38", "+39", "-39"],
    "precedence": {
        "+0": "-0",
        "+1": "-1",
        "+2": "-2",
        "+3": "-3",
        "+4": "-4",
        "+5": "-5",
        "+6": "-6",
        "+7": "-7",
        "+8": "-8",
        "+9": "-9",
        "+10": "-10",
        "+11": "-11",
        "+12": "-12",
        "+13": "-13",
        "+14": "-14",
        "+15": "-15",
        "+16": "-16",
        "+17": "-17",
        "+18": "-18",
        "+19": "-19",
        "+20": "-20",
        "+21": "-21",
        "+22": "-22",
        "+23": "-23",
        "+24": "-24",
        "+25": "-25",
        "+26": "-26",
        "+27": "-27",
        "+28": "-28",
        "+29": "-29",
        "+30": "-30",
        "+31": "-31",
        "+32": "-32",
        "+33": "-33",
        "+34": "-34",
        "+35": "-35",
        "+36": "-36",
        "+37": "-37",
        "+38": "-38",
        "+39": "-39"
    },
    "edges": [
        [    0,    0,  497,  554,  444,  234,  425,  546,  117,  715,  605,  830,  563,  579,  609,  434,   51,  534,  243,  764,  775,  597,  480,  382,   22,  406,  498,  322,  705,  546,  701,  306,  515,  239,  655,  880,  396,  855,  118,  304,  838,  439,  594,  269, 1006,  606,  297,  615,  884,  974,  915,  696,  573,  784,  103,  154,  551,  360,  791,  185,  566,  608,  674,  785,  694,   64,  500,  405,  409,  906,  588,  472,  273,  517,  486,  596,  536,  459,  467,  648],
        [    0,    0,  497,  554,  444,  234,  425,  546,  117,  715,  605,  830,  563,  579,  609,  434,   51,  534,  243,  764,  775,  597,  480,  382,   22,  406,  498,  322,  705,  546,  701,  306,  515,  239,  655,  880,  396,  855,  118,  304,  838,  439,  594,  269, 1006,  606,  297,  615,  884,  974,  915,  696,  573,  784,  103,  154,  551,  360,  791,  185,  566,  608,  674,  785,  694,   64,  500,  405,  409,  906,  588,  472,  273,  517,  486,  596,  536,  459,  467,  648],
        [  497,  497,    0,  173,  854,  573,  919,  550,  380,  962,  707, 1121,  569,  838,  991,  850,  544,  917,  534, 1069,  742,  926,  873,  599,  480,  492,  732,  817,  633,  197,  626,  192,   30,  636,  424,  722,  104, 1128,  450,  550,  896,  356,  363,  268,  830,  545,  210,  597, 1145,  794,  733,  712,  207, 1033,  492,  563,  898,  150,  811,  405,  941,  963,  495,  845,  632,  494,  837,  148,  478, 1087,  214,  155,  635,  246,  584,  205,  104,  808,  823,  756],
        [  554,  554,  173,    0,  833,  558,  957,  426,  442,  871,  593, 1037,  442,  760,  949,  831,  594,  879,  512,  992,  591,  867,  843,  536,  542,  408,  656,  869,  481,   32,  474,  288,  194,  631,  256,  552,  199, 1039,  543,  508,  757,  253,  200,  388,  658,  403,  264,  461, 1051,  622,  561,  574,   35,  940,  516,  575,  847,  280,  668,  411,  898,  912,  331,  710,  481,  531,  786,  306,  392,  971,   44,   82,  616,  102,  485,   44,  270,  764,  781,  639],
        [  444,  444,  854,  833,    0,  282,  322,  554,  522,  378,  478,  430,  558,  283,  169,   16,  400,  100,  324,  361,  699,  205,   47,  326,  465,  460,  294,  362,  692,  810,  692,  690,  880,  223,  792,  880,  753,  465,  560,  328,  654,  604,  760,  694,  993,  634,  649,  598,  500,  970,  928,  607,  835,  428,  385,  308,  152,  753,  660,  451,  134,  185,  764,  617,  678,  403,  146,  811,  477,  588,  849,  761,  220,  751,  449,  864,  925,  120,  107,  489],
        [  234,  234,  573,  558,  282,    0,  438,  372,  267,  484,  389,  609,  386,  347,  425,  278,  216,  349,   48,  546,  582,  384,  302,  160,  250,  240,  264,  390,  533,  538,  531,  414,  599,   77,  560,  721,  472,  630,  346,   94,  617,  349,  515,  433,  846,  447,  369,  436,  657,  816,  764,  496,  563,  554,  139,   89,  344,  477,  582,  171,  376,  407,  552,  567,  521,  174,  286,  537,  251,  672,  578,  483,   63,  484,  287,  592,  645,  249,  262,  426],
        [  425,  425,  919,  957,  322,  438,    0,  800,  540,  699,  768,  728,  811,  602,  446,  308,  376,  406,  484,  662,  985,  522,  365,  566,  443,  676,  591,  122,  956,  944,  955,  730,  939,  364,  996, 1147,  817,  768,  502,  526,  966,  782,  948,  687, 1267,  879,  715,  858,  805, 1241, 1192,  893,  970,  745,  441,  389,  472,  784,  960,  549,  435,  488,  989,  925,  943,  429,  466,  827,  688,  909,  986,  877,  403,  901,  704,  997,  959,  433,  424,  789],
        [  546,  546,  550,  426,  554,  372,  800,    0,  497,  461,  168,  631,   21,  374,  611,  559,  553,  557,  333,  596,  234,  504,  543,  237,  551,  141,  286,  761,  162,  395,  160,  506,  579,  440,  264,  349,  491,  626,  620,  279,  350,  196,  261,  589,  474,   81,  443,   69,  634,  444,  392,  172,  408,  525,  450,  449,  503,  552,  274,  369,  565,  560,  216,  298,  151,  487,  450,  611,  137,  545,  417,  398,  399,  325,  105,  435,  652,  447,  465,  213],
        [  117,  117,  380,  442,  522,  267,  540,  497,    0,  744,  587,  876,  517,  607,  680,  514,  165,  604,  253,  813,  731,  650,  552,  382,  102,  365,  514,  438,  649,  436,  644,  191,  400,  302,  566,  812,  279,  896,  125,  305,  818,  358,  502,  172,  938,  547,  182,  566,  921,  904,  844,  660,  463,  816,  138,  214,  608,  247,  760,  135,  634,  669,  595,  764,  640,  123,  552,  297,  363,  921,  478,  361,  322,  414,  458,  485,  424,  514,  524,  633],
        [  715,  715,  962,  871,  378,  484,  699,  461,  744,    0,  300,  170,  451,  137,  289,  392,  687,  297,  491,  146,  468,  180,  334,  375,  732,  471,  236,  734,  520,  842,  524,  852,  991,  483,  721,  672,  878,  168,  829,  444,  341,  620,  721,  899,  756,  520,  794,  461,  184,  744,  722,  396,  858,   73,  622,  562,  228,  912,  391,  622,  275,  229,  659,  328,  508,  656,  242,  975,  486,  211,  869,  825,  444,  771,  387,  887, 1055,  283,  285,  269],
        [  605,  605,  707,  593,  478,  389,  768,  168,  587,  300,    0,  469,  155,  238,  494,  487,  598,  454,  366,  440,  221,  375,  455,  230,  616,  234,  185,  755,  232,  562,  235,  638,  736,  435,  422,  410,  639,  461,  700,  304,  233,  352,  427,  709,  517,  221,  575,  162,  467,  496,  459,  130,  575,  360,  503,  477,  388,  690,  196,  453,  453,  436,  360,  181,  219,  543,  348,  752,  243,  381,  584,  559,  388,  491,  134,  603,  807,  360,  376,   50],
        [  830,  830, 1121, 1037,  430,  609,  728,  631,  876,  170,  469,    0,  621,  283,  283,  445,  796,  331,  626,   69,  624,  236,  384,  525,  850,  633,  389,  788,  684, 1008,  689, 1000, 1150,  592,  890,  827, 1034,   45,  948,  587,  474,  785,  891, 1038,  901,  689,  945,  630,   82,  893,  876,  559, 1025,  117,  745,  678,  287, 1062,  539,  763,  299,  246,  828,  473,  673,  776,  331, 1125,  649,  248, 1036,  988,  560,  938,  554, 1054, 1212,  373,  368,  436],
        [  563,  563,  569,  442,  558,  386,  811,   21,  517,  451,  155,  621,    0,  369,  611,  564,  569,  558,  348,  588,  215,  501,  546,  246,  569,  158,  285,  774,  148,  411,  146,  526,  597,  452,  270,  337,  511,  615,  638,  292,  331,  215,  272,  610,  460,   78,  463,   52,  622,  432,  381,  152,  423,  514,  467,  464,  502,  572,  254,  387,  565,  558,  218,  279,  136,  504,  451,  630,  155,  529,  431,  416,  410,  341,  110,  450,  671,  450,  468,  199],
        [  579,  579,  838,  760,  283,  347,  602,  374,  607,  137,  238,  283,  369,    0,  259,  296,  553,  230,  355,  233,  447,  138,  248,  243,  596,  353,  107,  621,  469,  732,  472,  720,  867,  350,  637,  644,  751,  294,  692,  309,  373,  508,  627,  763,  745,  445,  663,  392,  317,  727,  694,  361,  751,  209,  485,  427,  159,  781,  391,  487,  223,  199,  586,  341,  456,  520,  138,  844,  370,  333,  762,  708,  309,  663,  283,  780,  929,  170,  179,  230],
        [  609,  609,  991,  949,  169,  425,  446,  611,  680,  289,  494,  283,  611,  259,    0,  182,  567,   77,  458,  218,  705,  123,  130,  415,  630,  551,  326,  511,  724,  923,  726,  838, 1018,  379,  869,  902,  893,  324,  726,  445,  616,  705,  848,  851, 1003,  688,  792,  641,  361,  985,  951,  618,  946,  315,  543,  467,  109,  901,  646,  595,   51,   63,  827,  591,  711,  565,  165,  961,  568,  484,  959,  884,  364,  859,  510,  976, 1068,  185,  169,  488],
        [  434,  434,  850,  831,   16,  278,  308,  559,  514,  392,  487,  445,  564,  296,  182,    0,  389,  115,  321,  376,  708,  220,   62,  329,  455,  463,  303,  347,  699,  809,  699,  684,  875,  216,  796,  888,  748,  480,  549,  328,  666,  605,  762,  685, 1002,  640,  644,  605,  515,  979,  936,  616,  834,  443,  377,  300,  167,  746,  670,  446,  148,  199,  769,  629,  686,  394,  159,  804,  479,  603,  848,  759,  217,  751,  455,  863,  919,  131,  119,  500],
        [   51,   51,  544,  594,  400,  216,  376,  553,  165,  687,  598,  796,  569,  553,  567,  389,    0,  493,  233,  729,  778,  561,  437,  371,   72,  412,  478,  277,  714,  584,  710,  354,  564,  206,  680,  893,  443,  822,  161,  295,  829,  462,  622,  320, 1020,  618,  342,  621,  852,  988,  931,  696,  611,  755,  104,  128,  513,  410,  788,  207,  525,  568,  695,  778,  703,   71,  465,  456,  418,  883,  627,  513,  244,  552,  485,  636,  586,  423,  430,  638],
        [  534,  534,  917,  879,  100,  349,  406,  557,  604,  297,  454,  331,  558,  230,   77,  115,  493,    0,  383,  263,  671,  118,   56,  349,  555,  486,  276,  458,  680,  854,  682,  762,  943,  302,  810,  863,  818,  368,  652,  372,  602,  638,  786,  775,  969,  636,  717,  592,  404,  950,  912,  582,  877,  339,  467,  391,   74,  825,  620,  519,   34,   85,  772,  571,  667,  489,  108,  885,  503,  504,  891,  812,  288,  791,  454,  907,  993,  116,   98,  455],
        [  243,  243,  534,  512,  324,   48,  484,  333,  253,  491,  366,  626,  348,  355,  458,  321,  233,  383,    0,  565,  550,  407,  340,  140,  255,  197,  263,  431,  495,  492,  492,  383,  561,  125,  513,  681,  435,  644,  346,   62,  597,  302,  467,  412,  806,  406,  334,  399,  669,  777,  723,  466,  517,  563,  141,  117,  371,  446,  556,  140,  409,  436,  507,  546,  483,  180,  312,  507,  207,  671,  532,  439,  105,  436,  254,  546,  610,  278,  292,  406],
        [  764,  764, 1069,  992,  361,  546,  662,  596,  813,  146,  440,   69,  588,  233,  218,  376,  729,  263,  565,    0,  613,  168,  315,  471,  784,  586,  338,  720,  664,  964,  668,  943, 1097,  526,  858,  818,  979,  107,  882,  529,  478,  740,  854,  977,  899,  659,  888,  601,  143,  889,  867,  542,  982,  123,  681,  612,  218, 1005,  534,  703,  231,  178,  799,  470,  652,  711,  265, 1067,  602,  284,  994,  940,  495,  894,  512, 1011, 1158,  306,  300,  413],
        [  775,  775,  742,  591,  699,  582,  985,  234,  731,  468,  221,  624,  215,  447,  705,  708,  778,  671,  550,  613,    0,  583,  675,  428,  781,  370,  405,  963,  111,  561,  118,  729,  769,  640,  354,  205,  701,  602,  853,  490,  187,  410,  394,  818,  299,  201,  667,  166,  596,  282,  254,   92,  564,  508,  676,  666,  603,  769,   95,  601,  668,  644,  274,  159,  111,  715,  567,  825,  369,  452,  568,  588,  594,  498,  296,  585,  846,  580,  596,  217],
        [  597,  597,  926,  867,  205,  384,  522,  504,  650,  180,  375,  236,  501,  138,  123,  220,  561,  118,  407,  168,  583,    0,  159,  332,  617,  461,  220,  566,  607,  840,  609,  789,  954,  358,  765,  782,  833,  266,  715,  378,  495,  617,  750,  816,  881,  577,  737,  527,  300,  864,  832,  498,  860,  224,  516,  446,   54,  851,  523,  546,   97,   62,  718,  469,  594,  545,   98,  913,  478,  387,  873,  807,  330,  773,  406,  890, 1011,  139,  133,  367],
        [  480,  480,  873,  843,   47,  302,  365,  543,  552,  334,  455,  384,  546,  248,  130,   62,  437,   56,  340,  315,  675,  159,    0,  323,  501,  459,  272,  408,  674,  819,  675,  714,  900,  251,  788,  861,  773,  419,  597,  336,  620,  608,  760,  724,  971,  622,  671,  583,  454,  950,  909,  584,  843,  382,  415,  339,  107,  777,  631,  472,   90,  139,  756,  586,  661,  436,  111,  836,  476,  544,  857,  774,  240,  758,  438,  873,  947,   97,   80,  462],
        [  382,  382,  599,  536,  326,  160,  566,  237,  382,  375,  230,  525,  246,  243,  415,  329,  371,  349,  140,  471,  428,  332,  323,    0,  394,  138,  139,  537,  390,  510,  389,  478,  627,  213,  467,  581,  509,  537,  483,   79,  459,  290,  438,  527,  702,  317,  421,  292,  558,  675,  626,  339,  532,  447,  280,  248,  312,  539,  423,  252,  366,  376,  441,  408,  377,  319,  251,  602,  155,  540,  545,  476,  168,  444,  138,  561,  687,  234,  252,  268],
        [   22,   22,  480,  542,  465,  250,  443,  551,  102,  732,  616,  850,  569,  596,  630,  455,   72,  555,  255,  784,  781,  617,  501,  394,    0,  412,  513,  338,  709,  535,  705,  289,  498,  259,  651,  881,  380,  874,   99,  316,  848,  437,  590,  248, 1008,  610,  283,  620,  903,  975,  916,  704,  562,  802,  115,  172,  571,  342,  800,  186,  587,  628,  673,  796,  699,   77,  520,  386,  414,  922,  578,  461,  291,  509,  494,  585,  517,  478,  486,  659],
        [  406,  406,  492,  408,  460,  240,  676,  141,  365,  471,  234,  633,  158,  353,  551,  463,  412,  486,  197,  586,  370,  461,  459,  138,  412,    0,  248,  628,  302,  381,  299,  405,  521,  312,  334,  486,  414,  638,  484,  150,  457,  157,  301,  476,  611,  210,  343,  209,  654,  581,  526,  296,  401,  542,  309,  311,  445,  459,  396,  233,  501,  509,  315,  404,  291,  347,  386,  522,   18,  602,  413,  356,  276,  313,  101,  430,  588,  371,  389,  283],
        [  498,  498,  732,  656,  294,  264,  591,  286,  514,  236,  185,  389,  285,  107,  326,  303,  478,  276,  263,  338,  405,  220,  272,  139,  513,  248,    0,  589,  405,  628,  406,  617,  761,  287,  546,  590,  645,  399,  607,  211,  379,  404,  531,  665,  700,  362,  559,  317,  419,  679,  639,  314,  647,  309,  399,  351,  218,  677,  370,  389,  281,  275,  501,  336,  391,  436,  169,  740,  265,  409,  659,  602,  240,  559,  187,  677,  823,  176,  192,  199],
        [  322,  322,  817,  869,  362,  390,  122,  761,  438,  734,  755,  788,  774,  621,  511,  347,  277,  458,  431,  720,  963,  566,  408,  537,  338,  628,  589,    0,  921,  858,  919,  626,  835,  325,  933, 1110,  717,  825,  387,  482,  968,  715,  880,  575, 1234,  836,  618,  824,  861, 1205, 1153,  874,  885,  788,  358,  322,  513,  677,  950,  468,  490,  542,  935,  923,  909,  339,  493,  717,  638,  944,  901,  788,  370,  821,  672,  910,  851,  454,  449,  783],
        [  705,  705,  633,  481,  692,  533,  956,  162,  649,  520,  232,  684,  148,  469,  724,  699,  714,  680,  495,  664,  111,  607,  674,  390,  709,  302,  405,  921,    0,  450,    8,  630,  660,  598,  246,  192,  596,  669,  773,  440,  289,  311,  283,  722,  313,  103,  568,   98,  668,  286,  238,  127,  453,  570,  610,  611,  617,  666,  195,  524,  682,  667,  167,  250,   14,  647,  573,  720,  297,  540,  457,  479,  556,  389,  253,  475,  737,  578,  595,  252],
        [  546,  546,  197,   32,  810,  538,  944,  395,  436,  842,  562, 1008,  411,  732,  923,  809,  584,  854,  492,  964,  561,  840,  819,  510,  535,  381,  628,  858,  450,    0,  443,  293,  219,  612,  229,  526,  209, 1009,  541,  484,  726,  224,  171,  395,  634,  372,  262,  430, 1021,  598,  537,  543,   27,  910,  503,  559,  821,  291,  637,  396,  873,  886,  302,  679,  451,  520,  761,  322,  364,  940,   43,   78,  596,   71,  455,   55,  296,  740,  757,  608],
        [  701,  701,  626,  474,  692,  531,  955,  160,  644,  524,  235,  689,  146,  472,  726,  699,  710,  682,  492,  668,  118,  609,  675,  389,  705,  299,  406,  919,    8,  443,    0,  624,  653,  597,  239,  193,  589,  674,  768,  438,  296,  305,  276,  716,  315,   98,  563,   97,  673,  287,  238,  132,  446,  575,  607,  608,  619,  660,  202,  520,  684,  669,  160,  257,   16,  644,  574,  714,  293,  547,  450,  472,  554,  382,  252,  467,  730,  579,  596,  256],
        [  306,  306,  192,  288,  690,  414,  730,  506,  191,  852,  638, 1000,  526,  720,  838,  684,  354,  762,  383,  943,  729,  789,  714,  478,  289,  405,  617,  626,  630,  293,  624,    0,  210,  468,  479,  762,   97, 1014,  263,  414,  853,  320,  411,  104,  882,  530,   64,  567, 1035,  846,  784,  677,  316,  925,  312,  387,  754,   64,  780,  244,  789,  818,  530,  800,  624,  308,  694,  125,  396, 1004,  330,  216,  475,  298,  505,  331,  238,  660,  674,  687],
        [  515,  515,   30,  194,  880,  599,  939,  579,  400,  991,  736, 1150,  597,  867, 1018,  875,  564,  943,  561, 1097,  769,  954,  900,  627,  498,  521,  761,  835,  660,  219,  653,  210,    0,  661,  447,  745,  128, 1157,  464,  577,  924,  385,  387,  277,  851,  573,  233,  625, 1174,  815,  754,  740,  228, 1062,  514,  586,  926,  161,  839,  430,  968,  991,  520,  874,  658,  515,  865,  148,  507, 1116,  233,  183,  661,  272,  613,  222,   78,  835,  850,  785],
        [  239,  239,  636,  631,  223,   77,  364,  440,  302,  483,  435,  592,  452,  350,  379,  216,  206,  302,  125,  526,  640,  358,  251,  213,  259,  312,  287,  325,  598,  612,  597,  468,  661,    0,  636,  788,  534,  618,  357,  163,  657,  426,  591,  473,  911,  517,  429,  501,  647,  883,  832,  551,  637,  550,  165,   90,  312,  531,  631,  232,  333,  371,  626,  609,  586,  188,  261,  588,  325,  683,  652,  555,   48,  559,  348,  666,  703,  220,  228,  468],
        [  655,  655,  424,  256,  792,  560,  996,  264,  566,  721,  422,  890,  270,  637,  869,  796,  680,  810,  513,  858,  354,  765,  788,  467,  651,  334,  546,  933,  246,  229,  239,  479,  447,  636,    0,  298,  416,  882,  687,  479,  534,  219,   68,  581,  409,  202,  428,  263,  886,  373,  312,  360,  224,  781,  581,  613,  761,  496,  440,  474,  821,  820,   81,  493,  250,  610,  705,  539,  318,  776,  223,  282,  604,  186,  360,  239,  524,  696,  714,  459],
        [  880,  880,  722,  552,  880,  721, 1147,  349,  812,  672,  410,  827,  337,  644,  902,  888,  893,  863,  681,  818,  205,  782,  861,  581,  881,  486,  590, 1110,  192,  526,  193,  762,  745,  788,  298,    0,  709,  805,  937,  628,  371,  457,  362,  861,  127,  277,  705,  289,  797,   96,   50,  284,  520,  711,  789,  796,  798,  787,  290,  696,  863,  843,  233,  357,  205,  825,  757,  833,  478,  643,  517,  578,  746,  482,  444,  532,  821,  765,  782,  417],
        [  396,  396,  104,  199,  753,  472,  817,  491,  279,  878,  639, 1034,  511,  751,  893,  748,  443,  818,  435,  979,  701,  833,  773,  509,  380,  414,  645,  717,  596,  209,  589,   97,  128,  534,  416,  709,    0, 1043,  359,  455,  841,  296,  349,  191,  824,  500,  106,  546, 1062,  788,  726,  659,  230,  950,  388,  459,  802,   83,  761,  303,  843,  867,  477,  789,  592,  391,  741,  126,  401, 1015,  243,  137,  534,  230,  510,  241,  179,  711,  726,  688],
        [  855,  855, 1128, 1039,  465,  630,  768,  626,  896,  168,  461,   45,  615,  294,  324,  480,  822,  368,  644,  107,  602,  266,  419,  537,  874,  638,  399,  825,  669, 1009,  674, 1014, 1157,  618,  882,  805, 1043,    0,  972,  602,  445,  788,  886, 1055,  874,  680,  957,  620,   38,  867,  853,  543, 1025,  102,  767,  702,  319, 1075,  516,  780,  337,  284,  817,  449,  658,  799,  358, 1138,  653,  207, 1036,  993,  583,  938,  554, 1054, 1221,  401,  397,  424],
        [  118,  118,  450,  543,  560,  346,  502,  620,  125,  829,  700,  948,  638,  692,  726,  549,  161,  652,  346,  882,  853,  715,  597,  483,   99,  484,  607,  387,  773,  541,  768,  263,  464,  357,  687,  937,  359,  972,    0,  405,  932,  483,  622,  191, 1063,  671,  280,  688, 1000, 1029,  968,  780,  567,  899,  209,  270,  669,  303,  878,  252,  684,  725,  719,  879,  763,  174,  618,  334,  484, 1016,  582,  464,  389,  527,  573,  586,  469,  576,  584,  744],
        [  304,  304,  550,  508,  328,   94,  526,  279,  305,  444,  304,  587,  292,  309,  445,  328,  295,  372,   62,  529,  490,  378,  336,   79,  316,  150,  211,  482,  440,  484,  438,  414,  577,  163,  479,  628,  455,  602,  405,    0,  535,  278,  439,  455,  752,  355,  360,  343,  625,  723,  671,  405,  508,  517,  202,  177,  349,  476,  494,  179,  394,  414,  465,  484,  427,  241,  288,  539,  163,  617,  523,  440,  127,  424,  195,  538,  633,  260,  276,  345],
        [  838,  838,  896,  757,  654,  617,  966,  350,  818,  341,  233,  474,  331,  373,  616,  666,  829,  602,  597,  478,  187,  495,  620,  459,  848,  457,  379,  968,  289,  726,  296,  853,  924,  657,  534,  371,  841,  445,  932,  535,    0,  545,  565,  931,  429,  354,  790,  299,  432,  425,  416,  184,  733,  361,  735,  706,  529,  901,   95,  683,  589,  554,  455,   54,  284,  775,  510,  960,  463,  272,  738,  742,  610,  659,  361,  756,  999,  536,  548,  192],
        [  439,  439,  356,  253,  604,  349,  782,  196,  358,  620,  352,  785,  215,  508,  705,  605,  462,  638,  302,  740,  410,  617,  608,  290,  437,  157,  404,  715,  311,  224,  305,  320,  385,  426,  219,  457,  296,  788,  483,  278,  545,    0,  167,  412,  582,  210,  259,  251,  801,  547,  487,  364,  244,  689,  363,  395,  601,  360,  466,  256,  655,  665,  237,  494,  305,  392,  541,  417,  140,  732,  256,  208,  400,  156,  235,  273,  458,  523,  541,  400],
        [  594,  594,  363,  200,  760,  515,  948,  261,  502,  721,  427,  891,  272,  627,  848,  762,  622,  786,  467,  854,  394,  750,  760,  438,  590,  301,  531,  880,  283,  171,  276,  411,  387,  591,   68,  362,  349,  886,  622,  439,  565,  167,    0,  514,  476,  216,  361,  278,  893,  439,  377,  385,  171,  785,  525,  561,  741,  429,  474,  417,  799,  802,  133,  520,  285,  553,  683,  473,  285,  795,  174,  217,  563,  121,  345,  192,  465,  671,  689,  469],
        [  269,  269,  268,  388,  694,  433,  687,  589,  172,  899,  709, 1038,  610,  763,  851,  685,  320,  775,  412,  977,  818,  816,  724,  527,  248,  476,  665,  575,  722,  395,  716,  104,  277,  473,  581,  861,  191, 1055,  191,  455,  931,  412,  514,    0,  983,  621,  156,  654, 1079,  947,  885,  760,  418,  971,  309,  386,  776,  118,  863,  277,  804,  839,  631,  878,  716,  293,  719,  143,  469, 1064,  431,  319,  490,  402,  576,  431,  278,  682,  693,  757],
        [ 1006, 1006,  830,  658,  993,  846, 1267,  474,  938,  756,  517,  901,  460,  745, 1003, 1002, 1020,  969,  806,  899,  299,  881,  971,  702, 1008,  611,  700, 1234,  313,  634,  315,  882,  851,  911,  409,  127,  824,  874, 1063,  752,  429,  582,  476,  983,    0,  403,  827,  411,  861,   37,   99,  388,  624,  786,  916,  922,  901,  904,  366,  823,  966,  942,  352,  430,  326,  952,  864,  948,  604,  695,  619,  691,  868,  595,  565,  632,  926,  876,  892,  516],
        [  606,  606,  545,  403,  634,  447,  879,   81,  547,  520,  221,  689,   78,  445,  688,  640,  618,  636,  406,  659,  201,  577,  622,  317,  610,  210,  362,  836,  103,  372,   98,  530,  573,  517,  202,  277,  500,  680,  671,  355,  354,  210,  216,  621,  403,    0,  468,   62,  685,  372,  317,  171,  380,  579,  514,  520,  579,  568,  267,  425,  642,  635,  142,  307,   96,  550,  528,  624,  202,  579,  386,  391,  477,  305,  185,  404,  649,  527,  545,  257],
        [  297,  297,  210,  264,  649,  369,  715,  443,  182,  794,  575,  945,  463,  663,  792,  644,  342,  717,  334,  888,  667,  737,  671,  421,  283,  343,  559,  618,  568,  262,  563,   64,  233,  429,  428,  705,  106,  957,  280,  360,  790,  259,  361,  156,  827,  468,    0,  504,  977,  791,  729,  614,  288,  867,  283,  354,  704,  119,  717,  199,  743,  769,  475,  737,  563,  287,  644,  182,  333,  943,  303,  185,  431,  254,  442,  307,  277,  611,  626,  624],
        [  615,  615,  597,  461,  598,  436,  858,   69,  566,  461,  162,  630,   52,  392,  641,  605,  621,  592,  399,  601,  166,  527,  583,  292,  620,  209,  317,  824,   98,  430,   97,  567,  625,  501,  263,  289,  546,  620,  688,  343,  299,  251,  278,  654,  411,   62,  504,    0,  624,  383,  334,  115,  439,  519,  518,  515,  533,  610,  216,  438,  597,  586,  199,  250,   85,  556,  485,  668,  206,  518,  445,  443,  458,  362,  155,  464,  700,  487,  505,  196],
        [  884,  884, 1145, 1051,  500,  657,  805,  634,  921,  184,  467,   82,  622,  317,  361,  515,  852,  404,  669,  143,  596,  300,  454,  558,  903,  654,  419,  861,  668, 1021,  673, 1035, 1174,  647,  886,  797, 1062,   38, 1000,  625,  432,  801,  893, 1079,  861,  685,  977,  624,    0,  856,  844,  542, 1036,  113,  795,  731,  352, 1096,  507,  803,  373,  320,  820,  440,  658,  827,  390, 1159,  669,  182, 1046, 1007,  612,  950,  567, 1065, 1239,  432,  429,  428],
        [  974,  974,  794,  622,  970,  816, 1241,  444,  904,  744,  496,  893,  432,  727,  985,  979,  988,  950,  777,  889,  282,  864,  950,  675,  975,  581,  679, 1205,  286,  598,  287,  846,  815,  883,  373,   96,  788,  867, 1029,  723,  425,  547,  439,  947,   37,  372,  791,  383,  856,    0,   63,  368,  588,  777,  884,  891,  883,  868,  355,  790,  948,  925,  317,  420,  298,  920,  844,  912,  573,  693,  583,  654,  841,  559,  538,  596,  890,  854,  871,  498],
        [  915,  915,  733,  561,  928,  764, 1192,  392,  844,  722,  459,  876,  381,  694,  951,  936,  931,  912,  723,  867,  254,  832,  909,  626,  916,  526,  639, 1153,  238,  537,  238,  784,  754,  832,  312,   50,  726,  853,  968,  671,  416,  487,  377,  885,   99,  317,  729,  334,  844,   63,    0,  334,  527,  760,  827,  837,  847,  806,  338,  731,  912,  893,  255,  405,  251,  862,  806,  850,  518,  688,  524,  593,  790,  497,  489,  537,  830,  813,  830,  466],
        [  696,  696,  712,  574,  607,  496,  893,  172,  660,  396,  130,  559,  152,  361,  618,  616,  696,  582,  466,  542,   92,  498,  584,  339,  704,  296,  314,  874,  127,  543,  132,  677,  740,  551,  360,  284,  659,  543,  780,  405,  184,  364,  385,  760,  388,  171,  614,  115,  542,  368,  334,    0,  550,  444,  596,  581,  515,  722,  103,  528,  580,  559,  286,  136,  117,  635,  477,  780,  298,  417,  556,  558,  505,  476,  212,  575,  815,  489,  505,  133],
        [  573,  573,  207,   35,  835,  563,  970,  408,  463,  858,  575, 1025,  423,  751,  946,  834,  611,  877,  517,  982,  564,  860,  843,  532,  562,  401,  647,  885,  453,   27,  446,  316,  228,  637,  224,  520,  230, 1025,  567,  508,  733,  244,  171,  418,  624,  380,  288,  439, 1036,  588,  527,  550,    0,  926,  530,  585,  843,  312,  642,  422,  896,  907,  300,  686,  455,  547,  782,  340,  384,  952,   16,  104,  620,   89,  472,   30,  303,  762,  779,  621],
        [  784,  784, 1033,  940,  428,  554,  745,  525,  816,   73,  360,  117,  514,  209,  315,  443,  755,  339,  563,  123,  508,  224,  382,  447,  802,  542,  309,  788,  570,  910,  575,  925, 1062,  550,  781,  711,  950,  102,  899,  517,  361,  689,  785,  971,  786,  579,  867,  519,  113,  777,  760,  444,  926,    0,  692,  631,  276,  985,  424,  695,  312,  261,  716,  358,  559,  726,  301, 1048,  557,  170,  936,  895,  512,  839,  455,  954, 1127,  343,  343,  324],
        [  103,  103,  492,  516,  385,  139,  441,  450,  138,  622,  503,  745,  467,  485,  543,  377,  104,  467,  141,  681,  676,  516,  415,  280,  115,  309,  399,  358,  610,  503,  607,  312,  514,  165,  581,  789,  388,  767,  209,  202,  735,  363,  525,  309,  916,  514,  283,  518,  795,  884,  827,  596,  530,  692,    0,   77,  473,  374,  690,  111,  497,  533,  593,  683,  599,   40,  418,  429,  314,  808,  546,  436,  187,  463,  385,  556,  549,  378,  389,  545],
        [  154,  154,  563,  575,  308,   89,  389,  449,  214,  562,  477,  678,  464,  427,  467,  300,  128,  391,  117,  612,  666,  446,  339,  248,  172,  311,  351,  322,  611,  559,  608,  387,  586,   90,  613,  796,  459,  702,  270,  177,  706,  395,  561,  386,  922,  520,  354,  515,  731,  891,  837,  581,  585,  631,   77,    0,  401,  449,  669,  165,  422,  460,  614,  655,  599,  100,  348,  505,  320,  756,  601,  496,  120,  513,  370,  612,  624,  308,  317,  515],
        [  551,  551,  898,  847,  152,  344,  472,  503,  608,  228,  388,  287,  502,  159,  109,  167,  513,   74,  371,  218,  603,   54,  107,  312,  571,  445,  218,  513,  617,  821,  619,  754,  926,  312,  761,  798,  802,  319,  669,  349,  529,  601,  741,  776,  901,  579,  704,  533,  352,  883,  847,  515,  843,  276,  473,  401,    0,  817,  549,  510,   66,   66,  718,  499,  604,  500,   62,  878,  463,  438,  856,  785,  287,  756,  402,  873,  979,   95,   85,  386],
        [  360,  360,  150,  280,  753,  477,  784,  552,  247,  912,  690, 1062,  572,  781,  901,  746,  410,  825,  446, 1005,  769,  851,  777,  539,  342,  459,  677,  677,  666,  291,  660,   64,  161,  531,  496,  787,   83, 1075,  303,  476,  901,  360,  429,  118,  904,  568,  119,  610, 1096,  868,  806,  722,  312,  985,  374,  449,  817,    0,  825,  308,  853,  881,  555,  848,  662,  368,  757,   64,  449, 1060,  324,  219,  538,  311,  559,  321,  177,  723,  737,  740],
        [  791,  791,  811,  668,  660,  582,  960,  274,  760,  391,  196,  539,  254,  391,  646,  670,  788,  620,  556,  534,   95,  523,  631,  423,  800,  396,  370,  950,  195,  637,  202,  780,  839,  631,  440,  290,  761,  516,  878,  494,   95,  466,  474,  863,  366,  267,  717,  216,  507,  355,  338,  103,  642,  424,  690,  669,  549,  825,    0,  627,  613,  584,  361,   68,  191,  729,  521,  883,  399,  359,  647,  657,  584,  571,  306,  665,  914,  540,  554,  172],
        [  185,  185,  405,  411,  451,  171,  549,  369,  135,  622,  453,  763,  387,  487,  595,  446,  207,  519,  140,  703,  601,  546,  472,  252,  186,  233,  389,  468,  524,  396,  520,  244,  430,  232,  474,  696,  303,  780,  252,  179,  683,  256,  417,  277,  823,  425,  199,  438,  803,  790,  731,  528,  422,  695,  111,  165,  510,  308,  627,    0,  546,  574,  490,  630,  515,  137,  451,  369,  233,  792,  438,  331,  233,  354,  324,  449,  475,  416,  430,  499],
        [  566,  566,  941,  898,  134,  376,  435,  565,  634,  275,  453,  299,  565,  223,   51,  148,  525,   34,  409,  231,  668,   97,   90,  366,  587,  501,  281,  490,  682,  873,  684,  789,  968,  333,  821,  863,  843,  337,  684,  394,  589,  655,  799,  804,  966,  642,  743,  597,  373,  948,  912,  580,  896,  312,  497,  422,   66,  853,  613,  546,    0,   54,  781,  561,  669,  520,  116,  913,  519,  479,  909,  833,  316,  809,  463,  925, 1019,  135,  119,  451],
        [  608,  608,  963,  912,  185,  407,  488,  560,  669,  229,  436,  246,  558,  199,   63,  199,  568,   85,  436,  178,  644,   62,  139,  376,  628,  509,  275,  542,  667,  886,  669,  818,  991,  371,  820,  843,  867,  284,  725,  414,  554,  665,  802,  839,  942,  635,  769,  586,  320,  925,  893,  559,  907,  261,  533,  460,   66,  881,  584,  574,   54,    0,  775,  529,  654,  559,  127,  942,  526,  430,  920,  850,  349,  820,  461,  937, 1044,  159,  146,  428],
        [  674,  674,  495,  331,  764,  552,  989,  216,  595,  659,  360,  828,  218,  586,  827,  769,  695,  772,  507,  799,  274,  718,  756,  441,  673,  315,  501,  935,  167,  302,  160,  530,  520,  626,   81,  233,  477,  817,  719,  465,  455,  237,  133,  631,  352,  142,  475,  199,  820,  317,  255,  286,  300,  716,  593,  614,  718,  555,  361,  490,  781,  775,    0,  416,  173,  625,  666,  602,  302,  703,  301,  347,  590,  251,  319,  318,  597,  661,  679,  393],
        [  785,  785,  845,  710,  617,  567,  925,  298,  764,  328,  181,  473,  279,  341,  591,  629,  778,  571,  546,  470,  159,  469,  586,  408,  796,  404,  336,  923,  250,  679,  257,  800,  874,  609,  493,  357,  789,  449,  879,  484,   54,  494,  520,  878,  430,  307,  737,  250,  440,  420,  405,  136,  686,  358,  683,  655,  499,  848,   68,  630,  561,  529,  416,    0,  244,  723,  475,  908,  409,  294,  692,  692,  562,  611,  307,  710,  948,  498,  511,  142],
        [  694,  694,  632,  481,  678,  521,  943,  151,  640,  508,  219,  673,  136,  456,  711,  686,  703,  667,  483,  652,  111,  594,  661,  377,  699,  291,  391,  909,   14,  451,   16,  624,  658,  586,  250,  205,  592,  658,  763,  427,  284,  305,  285,  716,  326,   96,  563,   85,  658,  298,  251,  117,  455,  559,  599,  599,  604,  662,  191,  515,  669,  654,  173,  244,    0,  637,  559,  716,  286,  532,  458,  477,  543,  388,  240,  476,  735,  565,  582,  240],
        [   64,   64,  494,  531,  403,  174,  429,  487,  123,  656,  543,  776,  504,  520,  565,  394,   71,  489,  180,  711,  715,  545,  436,  319,   77,  347,  436,  339,  647,  520,  644,  308,  515,  188,  610,  825,  391,  799,  174,  241,  775,  392,  553,  293,  952,  550,  287,  556,  827,  920,  862,  635,  547,  726,   40,  100,  500,  368,  729,  137,  520,  559,  625,  723,  637,    0,  447,  420,  351,  845,  563,  450,  217,  484,  424,  572,  545,  406,  416,  585],
        [  500,  500,  837,  786,  146,  286,  466,  450,  552,  242,  348,  331,  451,  138,  165,  159,  465,  108,  312,  265,  567,   98,  111,  251,  520,  386,  169,  493,  573,  761,  574,  694,  865,  261,  705,  757,  741,  358,  618,  288,  510,  541,  683,  719,  864,  528,  644,  485,  390,  844,  806,  477,  782,  301,  418,  348,   62,  757,  521,  451,  116,  127,  666,  475,  559,  447,    0,  818,  403,  452,  796,  723,  232,  695,  348,  812,  919,   43,   44,  353],
        [  405,  405,  148,  306,  811,  537,  827,  611,  297,  975,  752, 1125,  630,  844,  961,  804,  456,  885,  507, 1067,  825,  913,  836,  602,  386,  522,  740,  717,  720,  322,  714,  125,  148,  588,  539,  833,  126, 1138,  334,  539,  960,  417,  473,  143,  948,  624,  182,  668, 1159,  912,  850,  780,  340, 1048,  429,  505,  878,   64,  883,  369,  913,  942,  602,  908,  716,  420,  818,    0,  511, 1123,  350,  258,  598,  353,  621,  344,  136,  784,  798,  801],
        [  409,  409,  478,  392,  477,  251,  688,  137,  363,  486,  243,  649,  155,  370,  568,  479,  418,  503,  207,  602,  369,  478,  476,  155,  414,   18,  265,  638,  297,  364,  293,  396,  507,  325,  318,  478,  401,  653,  484,  163,  463,  140,  285,  469,  604,  202,  333,  206,  669,  573,  518,  298,  384,  557,  314,  320,  463,  449,  399,  233,  519,  526,  302,  409,  286,  351,  403,  511,    0,  614,  396,  340,  289,  296,  111,  413,  574,  388,  406,  292],
        [  906,  906, 1087,  971,  588,  672,  909,  545,  921,  211,  381,  248,  529,  333,  484,  603,  883,  504,  671,  284,  452,  387,  544,  540,  922,  602,  409,  944,  540,  940,  547, 1004, 1116,  683,  776,  643, 1015,  207, 1016,  617,  272,  732,  795, 1064,  695,  579,  943,  518,  182,  693,  688,  417,  952,  170,  808,  756,  438, 1060,  359,  792,  479,  430,  703,  294,  532,  845,  452, 1123,  614,    0,  960,  939,  640,  870,  505,  978, 1186,  492,  496,  333],
        [  588,  588,  214,   44,  849,  578,  986,  417,  478,  869,  584, 1036,  431,  762,  959,  848,  627,  891,  532,  994,  568,  873,  857,  545,  578,  413,  659,  901,  457,   43,  450,  330,  233,  652,  223,  517,  243, 1036,  582,  523,  738,  256,  174,  431,  619,  386,  303,  445, 1046,  583,  524,  556,   16,  936,  546,  601,  856,  324,  647,  438,  909,  920,  301,  692,  458,  563,  796,  350,  396,  960,    0,  119,  636,  101,  483,   19,  308,  776,  793,  629],
        [  472,  472,  155,   82,  761,  483,  877,  398,  361,  825,  559,  988,  416,  708,  884,  759,  513,  812,  439,  940,  588,  807,  774,  476,  461,  356,  602,  788,  479,   78,  472,  216,  183,  555,  282,  578,  137,  993,  464,  440,  742,  208,  217,  319,  691,  391,  185,  443, 1007,  654,  593,  558,  104,  895,  436,  496,  785,  219,  657,  331,  833,  850,  347,  692,  477,  450,  723,  258,  340,  939,  119,    0,  543,   97,  442,  124,  259,  699,  716,  607],
        [  273,  273,  635,  616,  220,   63,  403,  399,  322,  444,  388,  560,  410,  309,  364,  217,  244,  288,  105,  495,  594,  330,  240,  168,  291,  276,  240,  370,  556,  596,  554,  475,  661,   48,  604,  746,  534,  583,  389,  127,  610,  400,  563,  490,  868,  477,  431,  458,  612,  841,  790,  505,  620,  512,  187,  120,  287,  538,  584,  233,  316,  349,  590,  562,  543,  217,  232,  598,  289,  640,  636,  543,    0,  539,  304,  650,  707,  192,  203,  420],
        [  517,  517,  246,  102,  751,  484,  901,  325,  414,  771,  491,  938,  341,  663,  859,  751,  552,  791,  436,  894,  498,  773,  758,  444,  509,  313,  559,  821,  389,   71,  382,  298,  272,  559,  186,  482,  230,  938,  527,  424,  659,  156,  121,  402,  595,  305,  254,  362,  950,  559,  497,  476,   89,  839,  463,  513,  756,  311,  571,  354,  809,  820,  251,  611,  388,  484,  695,  353,  296,  870,  101,   97,  539,    0,  385,  118,  349,  676,  693,  538],
        [  486,  486,  584,  485,  449,  287,  704,  105,  458,  387,  134,  554,  110,  283,  510,  455,  485,  454,  254,  512,  296,  406,  438,  138,  494,  101,  187,  672,  253,  455,  252,  505,  613,  348,  360,  444,  510,  554,  573,  195,  361,  235,  345,  576,  565,  185,  442,  155,  567,  538,  489,  212,  472,  455,  385,  370,  402,  559,  306,  324,  463,  461,  319,  307,  240,  424,  348,  621,  111,  505,  483,  442,  304,  385,    0,  501,  682,  343,  361,  183],
        [  596,  596,  205,   44,  864,  592,  997,  435,  485,  887,  603, 1054,  450,  780,  976,  863,  636,  907,  546, 1011,  585,  890,  873,  561,  585,  430,  677,  910,  475,   55,  467,  331,  222,  666,  239,  532,  241, 1054,  586,  538,  756,  273,  192,  431,  632,  404,  307,  464, 1065,  596,  537,  575,   30,  954,  556,  612,  873,  321,  665,  449,  925,  937,  318,  710,  476,  572,  812,  344,  413,  978,   19,  124,  650,  118,  501,    0,  296,  792,  809,  648],
        [  536,  536,  104,  270,  925,  645,  959,  652,  424, 1055,  807, 1212,  671,  929, 1068,  919,  586,  993,  610, 1158,  846, 1011,  947,  687,  517,  588,  823,  851,  737,  296,  730,  238,   78,  703,  524,  821,  179, 1221,  469,  633,  999,  458,  465,  278,  926,  649,  277,  700, 1239,  890,  830,  815,  303, 1127,  549,  624,  979,  177,  914,  475, 1019, 1044,  597,  948,  735,  545,  919,  136,  574, 1186,  308,  259,  707,  349,  682,  296,    0,  887,  902,  857],
        [  459,  459,  808,  764,  120,  249,  433,  447,  514,  283,  360,  373,  450,  170,  185,  131,  423,  116,  278,  306,  580,  139,   97,  234,  478,  371,  176,  454,  578,  740,  579,  660,  835,  220,  696,  765,  711,  401,  576,  260,  536,  523,  671,  682,  876,  527,  611,  487,  432,  854,  813,  489,  762,  343,  378,  308,   95,  723,  540,  416,  135,  159,  661,  498,  565,  406,   43,  784,  388,  492,  776,  699,  192,  676,  343,  792,  887,    0,   19,  370],
