{
    "name": "random-72-22425",
    "comment": "size=72 seed=22425",
    "nodes": ["+0", "-0", "+1", "-1", "+2", "-2", "+3", "-3", "+4", "-4", "+5", "-5", "+6", "-6", "+7", "-7", "+8", "-8", "+9", "-9", "+10", "-10", "+11", "-11", "+12", "-12", "+13", "-13", "+14", "-14", "+15", "-15", "+16", "-16", "+17", "-17", "+18", "-18", "+19", "-19", "+20", "-20", "+21", "-21", "+22", "-22", "+23", "-23", "+24", "-24", "+25", "-25", "+26", "-26", "+27", "-27", "+28", "-28", "+29", "-29", "+30", "-30", "+31", "-31", "+32", "-32", "+33", "-33", "+34", "-34", "+35", "-35", "+36", "-36", "+37", "-37", "+38", "-38", "+39", "-39", "+40", "-40", "+41", "-41", "+42", "-42", "+43", "-43", "+44", "-44", "+45", "-45", "+46", "-46", "+47", "-47", "+48", "-48", "+49", "-49", "+50", "-50", "+51", "-51", "+52", "-52", "+53", "-53", "+54", "-54", "+55", "-55", "+56", "-56", "+57", "-57", "+58", "-58", "+59", "-59", "+60", "-60", "+61", "-61", "+62", "-62", "+63", "-63", "+64", "-64", "+65", "-65", "+66", "-66", "+67", "-67", "+68", "-68", "+69", "-69", "+70", "-70", "+71", "-71", "+72", "-72"],
    "precedence": {
        "+0": "-0",
        "+1": "-1",
        "+2": "-2",
        "+3": "-3",
        "+4": "-4",
        "+5": "-5",
        "+6": "-6",
        "+7": "-7",
        "+8": "-8",
        "+9": "-9",
        "+10": "-10",
        "+11": "-11",
        "+12": "-12",
        "+13": "-13",
        "+14": "-14",
        "+15": "-15",
        "+16": "-16",
        "+17": "-17",
        "+18": "-18",
        "+19": "-19",
        "+20": "-20",
        "+21": "-21",
        "+22": "-22",
        "+23": "-23",
        "+24": "-24",
        "+25": "-25",
        "+26": "-26",
        "+27": "-27",
        "+28": "-28",
        "+29": "-29",
        "+30": "-30",
        "+31": "-31",
        "+32": "-32",
        "+33": "-33",
        "+34": "-34",
        "+35": "-35",
        "+36": "-36",
        "+37": "-37",
        "+38": "-38",
        "+39": "-39",
        "+40": "-40",
        "+41": "-41",
        "+42": "-42",
        "+43": "-43",
        "+44": "-44",
        "+45": "-45",
        "+46": "-46",
        "+47": "-47",
        "+48": "-48",
        "+49": "-49",
        "+50": "-50",
        "+51": "-51",
        "+52": "-52",
        "+53": "-53",
        "+54": "-54",
        "+55": "-55",
        "+56": "-56",
        "+57": "-57",
        "+58": "-58",
        "+59": "-59",
        "+60": "-60",
        "+61": "-61",
        "+62": "-62",
        "+63": "-63",
        "+64": "-64",
        "+65": "-65",
        "+66": "-66",
        "+67": "-67",
        "+68": "-68",
        "+69": "-69",
        "+70": "-70",
        "+71": "-71",
        "+72": "-72"
    },
    "edges": [
        [    0,    0,  435,  715,  765,  353,  404,  617,  449,  884,  899,  950,  838,  281,  411, 1006, 1230,  725,  258,  837,  931,  733,  545,  185, 1129,  216, 1143,  355,   48, 1016,  329, 1004,  441,  423, 1099,  856, 1103,  383,  815,  548,  691,  439,  731,  686,  913,  826,  889,  624, 1073,  431,  944,  791, 1114,  569,  851,  886,  766,  882,  473,  552,  764,  876,  935, 1022,  898,  474,  286,  215, 1013,  905,  623,   93,  708,  908,  519,  964,  162,  909,  670,  694,  678,  762,  382,  420,  248, 1093,  509,  992,  304,  843,  714,  964,  870,  822,  224,  393,  430,  355,  485,  194,  439,  693,  706,  992,  161, 1232,  310,  630,  674,  468,  936,  519,  708,  549,   18,  671,  160,  223, 1206,  711,  261,  828,  388,  735,  550,  687, 1080,  986,  389,  795,  698, 1008,  680,  421,  524,  154,   63,  396, 1128,  691,  414,  845,  167, 1085, 1206,  470],
        [    0,    0,    0,    0,    0,    0,    0,    0,    0,    0,    0,    0,    0,    0,    0,    0,    0,    0,    0,    0,    0,    0,    0,    0,    0,    0,    0,    0,    0,    0,    0,    0,    0,    0,    0,    0,    0,    0,    0,    0,    0,    0,    0,    0,    0,    0,    0,    0,    0,    0,    0,    0,    0,    0,    0,    0,    0,    0,    0,    0,    0,    0,    0,    0,    0,    0,    0,    0,    0,    0,    0,    0,    0,    0,    0,    0,    0,    0,    0,    0,    0,    0,    0,    0,    0,    0,    0,    0,    0,    0,    0,    0,    0,    0,    0,    0,    0,    0,    0,    0,    0,    0,    0,    0,    0,    0,    0,    0,    0,    0,    0,    0,    0,    0,    0,    0,    0,    0,    0,    0,    0,    0,    0,    0,    0,    0,    0,    0,    0,    0,    0,    0,    0,    0,    0,    0,    0,    0,    0,    0,    0,    0,    0,    0,    0,    0],
        [  435,    0,    0,  282,  626,  408,  543,  211,  301,  452,  806,  774,  448,  510,  125,  609,  933,  796,  209,  415,  654,  473,  189,  252,  816,  274,  862,  212,  390,  756,  395,  599,  125,  578,  863,  439,  790,  535,  622,  181,  602,  308,  661,  268,  526,  822,  456,  523,  719,  575,  659,  638,  778,  574,  805,  507,  634,  461,  513,  681,  689,  445,  747,  823,  659,  141,  365,  250,  676,  524,  779,  377,  491,  805,  622,  576,  445,  482,  638,  466,  768,  329,  250,  186,  213,  861,  321,  596,  133,  442,  490,  535,  652,  400,  212,  335,  490,   89,  487,  482,  118,  635,  545,  699,  418,  944,  162,  267,  749,  123,  582,  298,  275,  374,  435,  706,  315,  320,  911,  278,  245,  480,  224,  340,  343,  254,  793,  636,   51,  361,  679,  728,  419,  172,  407,  469,  387,  169,  797,  673,  621,  825,  282,  774,  913,  515],
        [  715,    0,  282,    0,  714,  644,  779,  193,  490,  170,  896,  811,  309,  772,  332,  424,  843,  976,  473,  204,  621,  504,  284,  531,  720,  550,  795,  427,  669,  722,  638,  400,  331,  815,  837,  240,  697,  777,  671,  226,  727,  502,  788,   92,  373,  963,  175,  659,  587,  809,  617,  715,  660,  754,  923,  374,  725,  198,  721,  897,  807,  190,  778,  835,  662,  314,  619,  518,  571,  383,  996,  652,  554,  888,  835,  414,  722,  206,  789,  528,  960,   48,  474,  395,  481,  840,  475,  415,  414,  283,  548,  256,  674,  140,  494,  553,  710,  368,  684,  756,  328,  773,  637,  642,  679,  861,  434,  277,  935,  305,  472,  440,    8,  513,  714,  880,  584,  572,  824,   72,  497,  404,  447,  238,  472,   30,  727,  521,  331,   96,  831,  678,  468,  383,  569,  747,  665,  369,  683,  826,  868,  955,  563,  685,  829,  724],
        [  765,    0,  626,  714,    0,  416,  438,  528,  351,  813,  184,  187,  508,  552,  745,  603,  538,  359,  737,  624,  286,  223,  463,  692,  480,  574,  443,  807,  752,  316,  439,  630,  502,  451,  359,  605,  461,  457,   98,  787,   95,  354,  115,  779,  525,  275,  804,  142,  521,  437,  306,   32,  511,  249,  216,  491,   13,  893,  327,  413,  113,  706,  177,  264,  207,  487,  480,  747,  448,  503,  476,  789,  162,  180,  376,  549,  627,  876,  175,  187,  377,  735,  427,  453,  731,  349,  310,  590,  625,  541,  169,  901,  161,  846,  649,  379,  364,  599,  295,  622,  509,  135,   82,  348,  874,  529,  559,  439,  348,  505,  446,  329,  710,  256,  779,  279,  777,  834,  516,  648,  784,  397,  440,  500,  284,  694,  402,  461,  607,  703,  195,  340,  247,  464,  249,  652,  770,  783,  512,  197,  516,  256,  637,  445,  511,  331],
        [  353,    0,  408,  644,  416,    0,  137,  473,  177,  801,  547,  602,  628,  164,  483,  787,  914,  417,  401,  679,  619,  432,  375,  327,  826,  199,  822,  501,  347,  692,   25,  796,  315,  173,  763,  683,  801,  133,  477,  586,  339,  162,  378,  662,  690,  489,  800,  275,  801,  169,  635,  444,  826,  223,  504,  657,  416,  840,  132,  277,  412,  744,  590,  678,  571,  331,   73,  392,  733,  675,  374,  392,  389,  555,  221,  736,  212,  848,  321,  383,  380,  685,  171,  249,  392,  755,  228,  772,  323,  646,  397,  894,  537,  780,  300,   99,   94,  331,  133,  211,  319,  341,  365,  684,  480,  912,  258,  434,  366,  340,  676,  256,  637,  242,  369,  343,  400,  468,  890,  605,  442,  576,  197,  548,  263,  615,  765,  718,  362,  689,  353,  694,  389,  262,  194,  238,  368,  503,  836,  345,  225,  504,  256,  783,  888,  130],
        [  404,    0,  543,  779,  438,  137,    0,  604,  301,  935,  526,  619,  742,  132,  612,  894,  966,  322,  515,  804,  684,  514,  506,  432,  891,  311,  873,  620,  413,  742,  148,  907,  451,   36,  796,  806,  868,   23,  517,  721,  347,  286,  366,  798,  798,  427,  933,  309,  887,   34,  702,  468,  902,  196,  463,  764,  434,  976,  114,  156,  397,  873,  614,  699,  623,  466,  185,  498,  816,  781,  246,  467,  459,  539,  115,  841,  243,  983,  295,  460,  277,  820,  307,  385,  505,  786,  341,  879,  451,  763,  469, 1027,  583,  916,  416,  228,   89,  465,  154,  218,  455,  328,  410,  750,  553,  961,  390,  558,  271,  476,  771,  373,  773,  338,  422,  271,  492,  564,  943,  739,  552,  677,  333,  670,  369,  750,  822,  808,  496,  822,  313,  753,  482,  398,  277,  257,  437,  628,  910,  306,   97,  450,  357,  850,  940,  110],
        [  617,    0,  211,  193,  528,  473,  604,    0,  307,  332,  711,  640,  237,  616,  321,  400,  739,  784,  417,  223,  478,  328,   99,  444,  618,  421,  675,  417,  576,  582,  471,  392,  182,  639,  694,  239,  593,  604,  494,  292,  536,  320,  596,  252,  316,  771,  329,  467,  512,  632,  479,  531,  574,  564,  734,  298,  538,  386,  537,  712,  617,  275,  609,  674,  502,  153,  461,  455,  474,  314,  810,  574,  370,  705,  651,  366,  586,  384,  597,  344,  769,  224,  306,  231,  420,  695,  285,  387,  321,  233,  365,  425,  507,  331,  397,  377,  529,  268,  498,  615,  182,  581,  449,  513,  624,  752,  309,   91,  745,  152,  377,  249,  187,  320,  620,  688,  517,  530,  717,  137,  455,  281,  282,  130,  279,  169,  605,  431,  240,  218,  638,  546,  285,  221,  378,  614,  578,  367,  594,  634,  696,  764,  452,  578,  721,  539],
        [  449,    0,  301,  490,  351,  177,  301,  307,    0,  638,  520,  524,  452,  337,  409,  612,  781,  500,  386,  505,  482,  284,  209,  345,  682,  239,  694,  461,  426,  568,  184,  620,  182,  335,  656,  507,  656,  303,  378,  479,  309,   16,  366,  522,  515,  522,  636,  229,  640,  327,  495,  371,  672,  276,  508,  482,  357,  687,  232,  408,  396,  572,  504,  589,  452,  184,  194,  397,  575,  500,  507,  454,  261,  522,  346,  562,  350,  689,  338,  246,  477,  527,   77,  116,  381,  651,   61,  597,  276,  469,  266,  731,  428,  629,  300,   80,  223,  255,  196,  364,  188,  337,  277,  543,  534,  783,  208,  259,  455,  198,  509,   81,  483,  103,  461,  408,  432,  484,  757,  443,  433,  405,   90,  372,  102,  462,  631,  555,  270,  524,  379,  560,  233,  130,  110,  379,  440,  442,  685,  373,  395,  525,  299,  639,  757,  234],
        [  884,    0,  452,  170,  813,  801,  935,  332,  638,    0,  987,  878,  332,  936,  493,  377,  832, 1106,  640,  201,  662,  592,  430,  700,  713,  718,  803,  584,  838,  755,  798,  344,  494,  970,  868,  231,  694,  934,  754,  372,  842,  652,  900,  216,  367, 1076,   16,  781,  564,  963,  653,  807,  642,  890, 1027,  383,  824,  104,  868, 1043,  915,  125,  844,  887,  720,  472,  782,  685,  571,  385, 1141,  820,  652,  976,  982,  390,  890,   67,  912,  628, 1095,  124,  632,  554,  648,  874,  614,  374,  584,  297,  644,   94,  742,  107,  664,  707,  860,  538,  828,  923,  491,  890,  741,  667,  843,  855,  602,  397, 1069,  466,  480,  578,  178,  644,  883, 1010,  751,  734,  817,  197,  660,  448,  607,  313,  603,  199,  740,  519,  501,  116,  952,  704,  569,  543,  705,  916,  833,  527,  665,  949, 1026, 1064,  733,  686,  824,  870],
        [  899,    0,  806,  896,  184,  547,  526,  711,  520,  987,    0,  172,  671,  654,  923,  742,  558,  318,  903,  793,  390,  396,  646,  850,  540,  726,  470,  980,  892,  369,  571,  773,  682,  527,  353,  772,  528,  548,  236,  970,  215,  521,  169,  962,  675,  177,  978,  294,  624,  514,  410,  182,  593,  335,   95,  644,  175, 1071,  430,  445,  135,  876,  196,  241,  306,  668,  616,  909,  556,  653,  472,  935,  342,   22,  433,  691,  748, 1052,  232,  368,  358,  915,  593,  628,  897,  339,  487,  731,  795,  705,  349, 1073,  266, 1025,  810,  533,  473,  773,  414,  734,  689,  206,  265,  436, 1022,  541,  727,  622,  335,  686,  581,  509,  892,  433,  915,  283,  933,  993,  540,  828,  950,  555,  610,  676,  464,  876,  455,  583,  784,  880,  216,  414,  428,  640,  413,  769,  913,  959,  587,  223,  581,  143,  789,  515,  533,  433],
        [  950,    0,  774,  811,  187,  602,  619,  640,  524,  878,  172,    0,  550,  737,  897,  595,  392,  474,  907,  679,  237,  313,  595,  868,  369,  755,  301,  969,  935,  199,  625,  628,  655,  628,  191,  652,  357,  638,  153,  920,  273,  529,  262,  887,  540,  344,  867,  328,  461,  615,  254,  159,  424,  425,  262,  512,  187,  969,  510,  572,  237,  760,   35,   82,  161,  634,  665,  921,  396,  518,  617,  971,  284,  151,  545,  548,  813,  944,  334,  308,  507,  822,  601,  615,  902,  178,  476,  586,  792,  585,  285,  958,  137,  930,  823,  561,  548,  760,  481,  807,  662,  296,  248,  273, 1054,  376,  728,  550,  480,  652,  436,  487,  808,  423,  964,  419,  955, 1008,  373,  740,  954,  432,  610,  578,  442,  795,  284,  429,  763,  779,  337,  246,  360,  624,  429,  838,  953,  938,  417,  342,  691,  311,  818,  346,  366,  513],
        [  838,    0,  448,  309,  508,  628,  742,  237,  452,  332,  671,  550,    0,  787,  555,  168,  534,  837,  653,  132,  331,  288,  294,  674,  412,  630,  488,  652,  800,  426,  634,  170,  398,  774,  541,  103,  389,  749,  436,  500,  556,  467,  608,  399,   79,  781,  320,  512,  285,  764,  323,  497,  354,  641,  722,   66,  520,  428,  649,  814,  617,  211,  515,  556,  391,  365,  639,  690,  263,   80,  905,  804,  356,  658,  756,  129,  784,  398,  636,  336,  837,  301,  485,  425,  656,  546,  403,  154,  552,   35,  345,  409,  416,  399,  625,  531,  657,  500,  605,  805,  401,  607,  447,  341,  859,  552,  529,  210,  809,  372,  163,  373,  309,  408,  844,  743,  751,  766,  515,  243,  692,  119,  468,  108,  374,  307,  421,  213,  475,  246,  673,  378,  286,  420,  473,  812,  805,  600,  376,  671,  839,  764,  671,  377,  521,  653],
        [  281,    0,  510,  772,  552,  164,  132,  616,  337,  936,  654,  737,  787,    0,  554,  948, 1068,  447,  434,  830,  777,  593,  521,  345,  984,  244,  976,  543,  297,  845,  154,  956,  443,  144,  908,  837,  960,  109,  624,  677,  465,  322,  491,  776,  851,  558,  937,  415,  964,  154,  794,  582,  988,  320,  594,  818,  550,  964,  228,  272,  523,  890,  729,  816,  724,  466,  155,  409,  895,  836,  345,  353,  547,  666,  243,  897,  121,  977,  422,  543,  399,  816,  311,  386,  423,  899,  390,  933,  396,  803,  556, 1027,  687,  903,  342,  258,  189,  424,  258,   89,  446,  453,  513,  842,  436, 1065,  349,  588,  397,  471,  839,  417,  765,  405,  299,  402,  390,  463, 1045,  742,  464,  738,  334,  702,  426,  743,  921,  881,  459,  828,  443,  850,  552,  396,  353,  129,  321,  561,  997,  435,  138,  581,  272,  942, 1042,  225],
        [  411,    0,  125,  332,  745,  483,  612,  321,  409,  493,  923,  897,  555,  554,    0,  709, 1054,  889,  154,  502,  778,  598,  313,  234,  935,  311,  985,   99,  364,  880,  466,  695,  244,  646,  988,  530,  910,  600,  745,  138,  715,  412,  773,  283,  632,  928,  501,  635,  833,  645,  782,  759,  894,  671,  916,  617,  752,  476,  601,  759,  802,  515,  871,  948,  784,  264,  427,  199,  794,  633,  855,  334,  614,  923,  703,  682,  467,  508,  744,  590,  857,  377,  346,  296,  164,  986,  437,  697,  162,  544,  614,  565,  776,  418,  216,  427,  572,  157,  580,  507,  237,  745,  665,  822,  350, 1065,  225,  387,  840,  247,  698,  416,  326,  491,  406,  803,  263,  241, 1032,  353,  168,  599,  323,  449,  462,  309,  915,  752,  140,  424,  785,  851,  544,  284,  517,  485,  353,   46,  914,  778,  679,  933,  292,  894, 1035,  602],
        [ 1006,    0,  609,  424,  603,  787,  894,  400,  612,  377,  742,  595,  168,  948,  709,    0,  460,  953,  816,  220,  359,  403,  462,  840,  345,  798,  442,  808,  968,  427,  795,   37,  566,  924,  530,  186,  329,  902,  516,  638,  668,  627,  713,  514,   98,  876,  362,  638,  192,  913,  343,  585,  270,  775,  809,  131,  615,  480,  795,  952,  716,  260,  562,  578,  439,  533,  802,  854,  217,  114, 1038,  971,  471,  726,  896,   55,  949,  437,  753,  458,  960,  400,  650,  592,  819,  539,  560,   16,  718,  167,  460,  426,  477,  471,  792,  691,  807,  665,  751,  970,  568,  720,  558,  336, 1023,  484,  697,  377,  931,  540,  162,  532,  426,  557, 1011,  863,  916,  929,  446,  371,  853,  222,  634,  273,  527,  431,  388,  171,  639,  337,  786,  372,  419,  588,  620,  978,  972,  753,  293,  785,  990,  854,  839,  324,  454,  799],
        [ 1230,    0,  933,  843,  538,  914,  966,  739,  781,  832,  558,  392,  534, 1068, 1054,  460,    0,  864, 1115,  650,  299,  498,  747, 1105,  123, 1017,   95, 1144, 1204,  225,  932,  496,  840,  983,  207,  614,  147,  983,  450, 1025,  632,  792,  640,  933,  474,  733,  818,  658,  269,  970,  287,  507,  191,  784,  651,  470,  544,  936,  853,  949,  621,  710,  378,  318,  345,  810,  961, 1142,  272,  461, 1003, 1227,  527,  537,  913,  444, 1120,  894,  709,  537,  895,  831,  850,  829, 1114,  222,  721,  460, 1000,  561,  519,  885,  384,  919, 1056,  843,  885,  955,  815, 1124,  846,  668,  557,  240, 1300,   29,  952,  667,  868,  824,  372,  714,  843,  684, 1241,  804, 1192, 1228,   24,  776, 1160,  458,  848,  622,  680,  840,  150,  323,  943,  772,  720,  222,  552,  833,  721, 1147, 1217, 1099,  168,  724, 1050,  700, 1074,  161,   27,  857],
        [  725,    0,  796,  976,  359,  417,  322,  784,  500, 1106,  318,  474,  837,  447,  889,  953,  864,    0,  818,  936,  643,  553,  694,  741,  827,  615,  773,  917,  735,  656,  439,  976,  680,  304,  663,  925,  810,  343,  455,  976,  285,  491,  244, 1018,  868,  150, 1100,  328,  879,  295,  663,  384,  866,  225,  225,  833,  348, 1170,  290,  179,  252, 1016,  488,  552,  560,  682,  486,  808,  806,  846,  162,  788,  484,  338,  208,  898,  564, 1164,  201,  502,   53, 1007,  547,  613,  809,  650,  502,  939,  734,  866,  495, 1198,  514, 1115,  717,  464,  324,  733,  310,  536,  687,  234,  395,  702,  875,  850,  666,  710,   52,  697,  800,  537,  970,  464,  743,   97,  809,  880,  845,  919,  859,  737,  572,  801,  505,  950,  744,  819,  758,  991,  167,  690,  553,  627,  407,  576,  759,  914,  865,  168,  331,  185,  669,  795,  838,  290],
        [  258,    0,  209,  473,  737,  401,  515,  417,  386,  640,  903,  907,  653,  434,  154,  816, 1115,  818,    0,  623,  825,  631,  374,   91, 1002,  205, 1038,  110,  211,  922,  380,  807,  275,  546, 1022,  647,  976,  500,  757,  291,  689,  384,  742,  433,  731,  880,  646,  610,  917,  548,  833,  756,  971,  614,  881,  710,  742,  628,  530,  669,  774,  648,  884,  967,  815,  307,  334,   46,  869,  727,  760,  182,  631,  906,  618,  782,  333,  658,  700,  610,  780,  520,  311,  295,   12, 1018,  431,  803,  117,  649,  633,  715,  799,  570,  101,  375,  494,  161,  520,  374,  270,  709,  662,  877,  210, 1123,  179,  459,  766,  293,  779,  423,  467,  484,  253,  741,  112,  115, 1092,  482,   48,  674,  298,  545,  466,  448,  970,  832,  179,  560,  738,  901,  575,  288,  491,  347,  200,  140,  989,  731,  568,  890,  163,  959, 1094,  530],
        [  837,    0,  415,  204,  624,  679,  804,  223,  505,  201,  793,  679,  132,  830,  502,  220,  650,  936,  623,    0,  462,  402,  311,  661,  528,  643,  612,  601,  795,  557,  681,  198,  404,  838,  670,   37,  507,  807,  558,  420,  662,  519,  717,  295,  177,  892,  189,  608,  388,  829,  454,  615,  463,  729,  839,  187,  635,  298,  722,  894,  730,   83,  645,  687,  520,  374,  676,  664,  381,  192,  989,  790,  466,  782,  834,  212,  807,  267,  737,  443,  931,  184,  520,  448,  628,  676,  467,  212,  537,   98,  456,  281,  544,  271,  616,  581,  723,  485,  680,  835,  404,  712,  556,  470,  833,  670,  531,  247,  904,  375,  286,  433,  207,  485,  840,  840,  729,  732,  633,  153,  656,  248,  498,  137,  447,  211,  547,  329,  453,  122,  776,  507,  387,  440,  550,  835,  796,  545,  486,  774,  899,  878,  673,  497,  639,  726],
        [  931,    0,  654,  621,  286,  619,  684,  478,  482,  662,  390,  237,  331,  777,  778,  359,  299,  643,  825,  462,    0,  199,  465,  809,  208,  718,  215,  863,  906,  104,  636,  393,  552,  704,  218,  432,  185,  699,  189,  769,  373,  493,  400,  705,  309,  541,  650,  379,  239,  691,   21,  259,  227,  515,  466,  284,  296,  759,  571,  690,  392,  540,  204,  227,   86,  523,  664,  849,  167,  287,  759,  929,  231,  373,  646,  313,  823,  728,  458,  239,  662,  623,  551,  534,  823,  220,  423,  350,  709,  366,  222,  737,  131,  726,  760,  545,  599,  666,  530,  829,  557,  419,  278,   66, 1004,  303,  657,  395,  633,  538,  200,  416,  619,  386,  942,  565,  897,  936,  276,  550,  871,  219,  550,  384,  382,  610,  150,  194,  657,  573,  480,   78,  254,  539,  426,  851,  918,  822,  230,  482,  772,  514,  776,  167,  275,  575],
        [  733,    0,  473,  504,  223,  432,  514,  328,  284,  592,  396,  313,  288,  593,  598,  403,  498,  553,  631,  402,  199,    0,  288,  611,  399,  520,  413,  677,  707,  293,  447,  425,  362,  540,  393,  384,  373,  526,  168,  610,  270,  296,  321,  576,  315,  493,  583,  236,  373,  528,  212,  216,  395,  374,  438,  280,  234,  675,  407,  553,  330,  484,  282,  352,  187,  336,  471,  653,  303,  294,  636,  730,   69,  387,  499,  348,  629,  656,  352,   56,  558,  520,  352,  338,  629,  390,  224,  389,  515,  320,   58,  679,  181,  630,  563,  351,  427,  474,  363,  638,  368,  321,  160,  260,  805,  502,  460,  238,  529,  353,  261,  217,  500,  192,  743,  461,  699,  741,  474,  435,  678,  184,  351,  280,  183,  486,  349,  295,  470,  484,  387,  277,   57,  343,  242,  658,  719,  641,  406,  386,  608,  478,  577,  356,  474,  411],
        [  545,    0,  189,  284,  463,  375,  506,   99,  209,  430,  646,  595,  294,  521,  313,  462,  747,  694,  374,  311,  465,  288,    0,  383,  631,  339,  674,  399,  507,  567,  374,  461,  105,  541,  675,  322,  605,  506,  444,  327,  458,  223,  519,  328,  370,  691,  427,  384,  545,  534,  470,  470,  598,  472,  660,  344,  472,  480,  440,  616,  542,  371,  566,  640,  473,   72,  366,  406,  496,  362,  714,  513,  315,  642,  554,  421,  498,  481,  512,  289,  677,  319,  210,  138,  375,  674,  192,  448,  264,  300,  312,  523,  468,  423,  333,  279,  431,  214,  402,  525,  108,  500,  382,  511,  572,  756,  236,   88,  653,   82,  407,  158,  277,  234,  550,  599,  463,  488,  724,  234,  417,  301,  187,  193,  194,  257,  605,  459,  197,  316,  554,  539,  236,  131,  287,  527,  512,  357,  616,  549,  599,  687,  378,  589,  726,  442],
        [  185,    0,  252,  531,  692,  327,  432,  444,  345,  700,  850,  868,  674,  345,  234,  840, 1105,  741,   91,  661,  809,  611,  383,    0,  997,  129, 1024,  201,  139,  903,  304,  835,  278,  461,  997,  681,  970,  415,  722,  370,  635,  339,  685,  502,  750,  812,  706,  558,  924,  465,  819,  713,  972,  546,  820,  726,  696,  699,  458,  587,  717,  695,  848,  933,  790,  312,  256,   67,  871,  744,  675,  131,  601,  855,  538,  801,  242,  725,  637,  583,  701,  578,  268,  276,   80,  992,  397,  826,  124,  675,  605,  780,  770,  639,   50,  317,  419,  177,  452,  283,  275,  650,  621,  865,  195, 1111,  154,  470,  690,  302,  786,  396,  524,  447,  184,  669,   89,  145, 1082,  529,  121,  679,  263,  568,  436,  504,  957,  838,  208,  612,  673,  887,  556,  274,  443,  257,  136,  228,  989,  666,  480,  825,   75,  953, 1082,  457],
        [ 1129,    0,  816,  720,  480,  826,  891,  618,  682,  713,  540,  369,  412,  984,  935,  345,  123,  827, 1002,  528,  208,  399,  631,  997,    0,  915,  105, 1027, 1101,  173,  842,  382,  728,  911,  222,  493,   27,  906,  385,  903,  572,  694,  591,  810,  352,  709,  699,  585,  155,  898,  191,  451,   80,  719,  628,  347,  489,  816,  778,  891,  577,  590,  346,  313,  275,  696,  868, 1031,  149,  338,  955, 1121,  438,  520,  849,  324, 1027,  776,  654,  444,  852,  709,  748,  721, 1002,  235,  622,  344,  889,  438,  429,  769,  320,  798,  947,  749,  806,  842,  738, 1035,  733,  614,  484,  143, 1191,  143,  843,  550,  824,  710,  249,  611,  720,  589, 1139,  757, 1083, 1116,  105,  654, 1047,  338,  743,  501,  581,  717,   86,  200,  828,  650,  672,  141,  450,  724,  633, 1055, 1112,  981,   61,  675,  979,  678,  970,   44,  111,  782],
        [  216,    0,  274,  550,  574,  199,  311,  421,  239,  718,  726,  755,  630,  244,  311,  798, 1017,  615,  205,  643,  718,  520,  339,  129,  915,    0,  932,  310,  188,  807,  177,  798,  240,  342,  894,  657,  889,  296,  613,  434,  512,  230,  560,  542,  704,  684,  721,  438,  858,  344,  731,  598,  898,  418,  694,  676,  577,  735,  330,  465,  593,  691,  737,  824,  690,  270,  130,  194,  798,  694,  556,  217,  499,  732,  414,  754,  173,  753,  511,  484,  576,  596,  168,  207,  196,  888,  297,  783,  153,  638,  505,  805,  665,  674,  105,  196,  292,  186,  325,  208,  240,  525,  508,  778,  300, 1020,  117,  421,  563,  269,  722,  304,  543,  341,  225,  541,  207,  272,  993,  531,  244,  614,  173,  531,  338,  521,  868,  772,  223,  617,  545,  796,  466,  211,  326,  198,  201,  321,  913,  538,  370,  698,   64,  871,  993,  329],
        [ 1143,    0,  862,  795,  443,  822,  873,  675,  694,  803,  470,  301,  488,  976,  985,  442,   95,  773, 1038,  612,  215,  413,  674, 1024,  105,  932,    0, 1073, 1119,  132,  841,  479,  764,  889,  128,  577,  114,  890,  356,  965,  537,  705,  546,  884,  437,  644,  789,  565,  255,  876,  206,  412,  184,  690,  563,  426,  450,  905,  759,  855,  527,  679,  286,  232,  252,  734,  872, 1063,  233,  421,  910, 1143,  437,  449,  819,  416, 1030,  867,  614,  449,  803,  789,  765,  749, 1037,  142,  635,  440,  923,  518,  430,  863,  291,  882,  975,  755,  792,  879,  722, 1033,  770,  574,  464,  164, 1218,   90,  872,  599,  775,  750,  326,  630,  795,  596, 1155,  710, 1111, 1150,   73,  726, 1084,  398,  764,  566,  595,  789,   70,  284,  869,  731,  626,  137,  469,  753,  630, 1057, 1132, 1030,  165,  630,  956,  612,  990,  119,   68,  763],
        [  355,    0,  212,  427,  807,  501,  620,  417,  461,  584,  980,  969,  652,  543,   99,  808, 1144,  917,  110,  601,  863,  677,  399,  201, 1027,  310, 1073,    0,  309,  964,  481,  794,  316,  652, 1069,  629, 1001,  606,  817,  216,  768,  461,  824,  370,  730,  970,  593,  689,  928,  654,  869,  824,  988,  707,  966,  714,  814,  558,  628,  774,  855,  612,  943, 1023,  864,  342,  437,  144,  887,  730,  865,  268,  687,  982,  721,  779,  442,  593,  788,  664,  881,  471,  390,  356,  121, 1067,  498,  796,  188,  643,  688,  650,  853,  502,  206,  463,  594,  210,  613,  483,  310,  794,  729,  910,  265, 1155,  258,  478,  866,  326,  792,  482,  421,  552,  346,  836,  196,  155, 1122,  451,   94,  692,  372,  546,  528,  405, 1004,  846,  208,  520,  827,  938,  622,  346,  569,  455,  293,   58, 1008,  820,  676,  978,  272,  985, 1124,  628],
        [   48,    0,  390,  669,  752,  347,  413,  576,  426,  838,  892,  935,  800,  297,  364,  968, 1204,  735,  211,  795,  906,  707,  507,  139, 1101,  188, 1119,  309,    0,  993,  323,  965,  402,  436, 1080,  814, 1075,  393,  797,  501,  682,  416,  724,  639,  876,  828,  844,  612, 1040,  443,  918,  777, 1083,  568,  849,  850,  754,  835,  472,  566,  758,  832,  919, 1006,  877,  436,  277,  168,  982,  868,  641,   57,  686,  900,  528,  927,  177,  862,  667,  671,  689,  716,  355,  386,  201, 1073,  484,  954,  260,  804,  691,  918,  850,  775,  180,  375,  429,  311,  480,  214,  400,  688,  689,  965,  141, 1207,  272,  593,  683,  429,  903,  491,  662,  527,   46,  676,  115,  182, 1180,  667,  215,  795,  358,  696,  525,  642, 1055,  953,  345,  750,  697,  983,  653,  386,  507,  176,   25,  349, 1098,  690,  434,  847,  132, 1057, 1180,  470],
        [ 1016,    0,  756,  722,  316,  692,  742,  582,  568,  755,  369,  199,  426,  845,  880,  427,  225,  656,  922,  557,  104,  293,  567,  903,  173,  807,  132,  964,  993,    0,  711,  463,  651,  759,  116,  525,  159,  759,  226,  873,  409,  578,  422,  807,  393,  536,  742,  434,  269,  745,  106,  285,  226,  561,  456,  373,  323,  854,  629,  728,  407,  632,  174,  155,  121,  623,  743,  945,  213,  373,  787, 1020,  309,  349,  690,  387,  900,  821,  489,  323,  682,  723,  641,  630,  920,  120,  510,  420,  806,  460,  303,  826,  160,  824,  854,  626,  661,  765,  591,  903,  657,  448,  333,   92, 1096,  221,  752,  499,  655,  639,  280,  507,  721,  468, 1028,  588,  991, 1033,  202,  652,  969,  319,  642,  486,  470,  712,   89,  256,  758,  670,  503,   56,  349,  635,  500,  927, 1007,  924,  219,  507,  826,  506,  866,  147,  199,  633],
        [  329,    0,  395,  638,  439,   25,  148,  471,  184,  798,  571,  625,  634,  154,  466,  795,  932,  439,  380,  681,  636,  447,  374,  304,  842,  177,  841,  481,  323,  711,    0,  803,  308,  183,  784,  687,  818,  141,  497,  573,  363,  168,  403,  653,  698,  512,  797,  298,  814,  181,  652,  466,  841,  247,  528,  665,  439,  834,  155,  294,  436,  744,  612,  700,  591,  326,   49,  370,  747,  683,  390,  368,  406,  579,  240,  744,  191,  843,  346,  399,  400,  680,  166,  244,  371,  776,  237,  780,  306,  651,  415,  890,  557,  773,  279,  105,  116,  317,  158,  193,  312,  366,  386,  701,  456,  931,  243,  437,  387,  334,  688,  264,  631,  256,  345,  366,  376,  445,  908,  602,  420,  586,  192,  551,  274,  609,  783,  731,  349,  687,  377,  712,  403,  256,  212,  217,  343,  485,  852,  369,  230,  528,  233,  800,  907,  154],
        [ 1004,    0,  599,  400,  630,  796,  907,  392,  620,  344,  773,  628,  170,  956,  695,   37,  496,  976,  807,  198,  393,  425,  461,  835,  382,  798,  479,  794,  965,  463,  803,    0,  563,  937,  566,  166,  366,  914,  544,  618,  692,  635,  738,  489,  111,  903,  329,  658,  228,  927,  377,  613,  306,  794,  837,  146,  642,  447,  810,  970,  742,  229,  595,  613,  471,  530,  808,  846,  254,  131, 1057,  965,  493,  757,  913,   82,  953,  403,  776,  478,  982,  374,  654,  593,  811,  575,  570,   43,  712,  161,  482,  390,  507,  440,  787,  699,  820,  659,  766,  975,  565,  743,  581,  372, 1015,  520,  694,  378,  953,  536,  193,  540,  403,  570, 1009,  885,  909,  919,  482,  351,  843,  241,  637,  269,  539,  409,  425,  207,  631,  311,  810,  408,  436,  588,  634,  981,  968,  739,  329,  809, 1003,  882,  837,  361,  490,  814],
        [  441,    0,  125,  331,  502,  315,  451,  182,  182,  494,  682,  655,  398,  443,  244,  566,  840,  680,  275,  404,  552,  362,  105,  278,  728,  240,  764,  316,  402,  651,  308,  563,    0,  486,  754,  418,  701,  447,  503,  299,  478,  190,  537,  349,  474,  700,  494,  399,  647,  482,  559,  515,  698,  457,  681,  449,  510,  527,  405,  578,  565,  454,  629,  708,  548,   34,  289,  304,  596,  467,  677,  408,  372,  681,  517,  525,  406,  536,  516,  349,  656,  374,  145,   69,  275,  751,  197,  552,  162,  402,  372,  584,  537,  466,  229,  228,  387,  115,  374,  435,    8,  512,  422,  602,  469,  849,  132,  192,  635,   30,  509,  174,  324,  250,  446,  589,  360,  389,  817,  300,  321,  402,  118,  295,  219,  302,  696,  562,  109,  386,  558,  628,  306,   55,  285,  433,  407,  284,  715,  552,  537,  701,  274,  685,  819,  407],
        [  423,    0,  578,  815,  451,  173,   36,  639,  335,  970,  527,  628,  774,  144,  646,  924,  983,  304,  546,  838,  704,  540,  541,  461,  911,  342,  889,  652,  436,  759,  183,  937,  486,    0,  809,  839,  889,   47,  534,  755,  358,  320,  371,  834,  828,  417,  968,  327,  912,   14,  723,  482,  925,  204,  459,  794,  446, 1011,  135,  131,  402,  907,  626,  710,  641,  501,  219,  528,  840,  811,  214,  490,  483,  542,  101,  871,  262, 1018,  300,  485,  256,  855,  342,  420,  536,  799,  373,  909,  484,  795,  493, 1062,  600,  952,  447,  263,  118,  499,  178,  233,  491,  335,  429,  770,  576,  977,  424,  592,  253,  511,  798,  406,  808,  368,  441,  262,  519,  591,  961,  774,  581,  706,  369,  703,  400,  786,  841,  834,  531,  856,  313,  772,  509,  433,  305,  273,  460,  661,  932,  305,   69,  443,  386,  871,  957,  130],
        [ 1099,    0,  863,  837,  359,  763,  796,  694,  656,  868,  353,  191,  541,  908,  988,  530,  207,  663, 1022,  670,  218,  393,  675,  997,  222,  894,  128, 1069, 1080,  116,  784,  566,  754,  809,    0,  638,  222,  815,  287,  985,  452,  664,  450,  922,  504,  529,  855,  493,  356,  795,  221,  328,  295,  606,  446,  486,  363,  967,  684,  761,  426,  744,  185,  113,  208,  727,  819, 1043,  313,  485,  808, 1110,  396,  332,  731,  494,  974,  934,  521,  414,  697,  838,  731,  728, 1019,   15,  601,  524,  906,  574,  392,  937,  230,  938,  949,  707,  720,  866,  651,  973,  760,  481,  398,  202, 1189,  189,  849,  610,  671,  744,  390,  602,  836,  554, 1112,  609, 1085, 1130,  191,  767, 1069,  434,  735,  601,  562,  827,  147,  361,  862,  785,  526,  164,  449,  734,  577, 1000, 1095, 1031,  281,  531,  873,  495,  955,  218,  183,  688],
        [  856,    0,  439,  240,  605,  683,  806,  239,  507,  231,  772,  652,  103,  837,  530,  186,  614,  925,  647,   37,  432,  384,  322,  681,  493,  657,  577,  629,  814,  525,  687,  166,  418,  839,  638,    0,  472,  810,  536,  453,  648,  522,  702,  330,  141,  876,  218,  598,  352,  829,  423,  596,  427,  722,  820,  153,  617,  330,  720,  890,  713,  109,  618,  658,  493,  387,  684,  688,  346,  157,  984,  811,  450,  759,  830,  176,  820,  297,  725,  428,  922,  220,  528,  459,  652,  644,  466,  176,  558,   68,  440,  307,  518,  306,  635,  585,  723,  505,  677,  845,  419,  698,  541,  437,  857,  635,  548,  250,  894,  390,  252,  433,  242,  481,  859,  830,  752,  758,  597,  186,  681,  221,  507,  136,  443,  246,  513,  294,  475,  159,  763,  474,  373,  452,  546,  848,  816,  574,  450,  761,  901,  861,  690,  462,  603,  723],
        [ 1103,    0,  790,  697,  461,  801,  868,  593,  656,  694,  528,  357,  389,  960,  910,  329,  147,  810,  976,  507,  185,  373,  605,  970,   27,  889,  114, 1001, 1075,  159,  818,  366,  701,  889,  222,  472,    0,  883,  365,  878,  551,  668,  572,  787,  331,  694,  680,  563,  142,  875,  167,  432,   74,  697,  615,  325,  470,  797,  755,  870,  559,  571,  333,  305,  255,  670,  843, 1005,  127,  317,  936, 1095,  414,  508,  828,  306, 1002,  758,  635,  419,  834,  687,  722,  695,  976,  234,  596,  327,  862,  416,  404,  752,  301,  777,  921,  724,  783,  815,  715, 1010,  706,  595,  461,  119, 1165,  164,  817,  524,  806,  684,  226,  585,  697,  564, 1113,  738, 1057, 1090,  127,  630, 1021,  312,  717,  476,  555,  694,   78,  178,  802,  628,  653,  122,  424,  698,  608, 1030, 1086,  955,   61,  656,  956,  664,  944,   18,  133,  759],
        [  383,    0,  535,  777,  457,  133,   23,  604,  303,  934,  548,  638,  749,  109,  600,  902,  983,  343,  500,  807,  699,  526,  506,  415,  906,  296,  890,  606,  393,  759,  141,  914,  447,   47,  815,  810,  883,    0,  535,  712,  366,  288,  387,  793,  806,  449,  932,  326,  899,   51,  716,  487,  916,  216,  485,  772,  453,  973,  131,  175,  418,  874,  633,  719,  639,  463,  174,  482,  828,  789,  260,  447,  473,  561,  136,  850,  221,  980,  317,  473,  297,  817,  303,  382,  489,  805,  346,  887,  439,  768,  483, 1026,  600,  912,  401,  228,  101,  455,  169,  196,  451,  349,  426,  765,  533,  978,  380,  561,  292,  472,  781,  378,  770,  347,  400,  293,  473,  546,  960,  738,  535,  686,  330,  674,  376,  747,  838,  819,  488,  821,  335,  769,  492,  394,  287,  235,  417,  615,  924,  328,   93,  472,  340,  865,  957,  127],
        [  815,    0,  622,  671,   98,  477,  517,  494,  378,  754,  236,  153,  436,  624,  745,  516,  450,  455,  757,  558,  189,  168,  444,  722,  385,  613,  356,  817,  797,  226,  497,  544,  503,  534,  287,  536,  365,  535,    0,  770,  187,  384,  212,  743,  443,  362,  744,  210,  425,  520,  209,   72,  414,  336,  293,  411,  108,  840,  404,  506,  206,  641,  128,  212,  111,  481,  533,  772,  352,  421,  572,  829,  131,  224,  466,  463,  687,  819,  271,  156,  474,  686,  454,  464,  753,  279,  327,  504,  642,  470,  133,  839,   66,  797,  676,  422,  438,  608,  368,  687,  509,  231,  112,  251,  911,  444,  579,  403,  445,  499,  356,  336,  668,  276,  828,  376,  810,  860,  427,  602,  804,  320,  462,  445,  292,  653,  309,  368,  611,  648,  292,  245,  211,  472,  291,  713,  813,  786,  416,  294,  600,  339,  675,  349,  423,  408],
        [  548,    0,  181,  226,  787,  586,  721,  292,  479,  372,  970,  920,  500,  677,  138,  638, 1025,  976,  291,  420,  769,  610,  327,  370,  903,  434,  965,  216,  501,  873,  573,  618,  299,  755,  985,  453,  878,  712,  770,    0,  772,  487,  833,  156,  574,  998,  381,  695,  784,  753,  770,  796,  852,  753,  976,  565,  796,  343,  694,  861,  859,  415,  890,  961,  790,  305,  539,  335,  756,  579,  959,  471,  641,  966,  802,  619,  597,  378,  814,  615,  949,  266,  431,  364,  301,  986,  492,  628,  281,  482,  638,  435,  791,  287,  347,  516,  670,  257,  667,  637,  292,  809,  705,  804,  480, 1040,  333,  377,  929,  288,  656,  465,  221,  543,  543,  886,  399,  370, 1004,  268,  300,  568,  405,  403,  508,  210,  895,  709,  225,  321,  856,  837,  560,  350,  583,  617,  490,  161,  873,  850,  795,  998,  423,  864, 1008,  695],
        [  691,    0,  602,  727,   95,  339,  347,  536,  309,  842,  215,  273,  556,  465,  715,  668,  632,  285,  689,  662,  373,  270,  458,  635,  572,  512,  537,  768,  682,  409,  363,  692,  478,  358,  452,  648,  551,  366,  187,  772,    0,  308,   61,  783,  584,  236,  834,   81,  603,  344,  393,  126,  599,  155,  204,  549,   89,  914,  238,  320,   88,  743,  268,  353,  297,  468,  407,  694,  529,  562,  387,  723,  201,  220,  282,  614,  547,  903,   87,  221,  295,  753,  380,  420,  682,  441,  282,  655,  582,  587,  212,  932,  252,  863,  596,  319,  277,  563,  211,  538,  485,   52,  111,  436,  810,  623,  513,  452,  266,  486,  516,  308,  722,  230,  707,  197,  718,  779,  610,  665,  735,  453,  397,  531,  266,  704,  495,  538,  576,  728,  118,  431,  276,  432,  200,  570,  702,  750,  602,  118,  422,  230,  575,  535,  605,  241],
        [  439,    0,  308,  502,  354,  162,  286,  320,   16,  652,  521,  529,  467,  322,  412,  627,  792,  491,  384,  519,  493,  296,  223,  339,  694,  230,  705,  461,  416,  578,  168,  635,  190,  320,  664,  522,  668,  288,  384,  487,  308,    0,  364,  533,  530,  517,  649,  228,  653,  313,  506,  375,  685,  267,  506,  497,  359,  700,  220,  395,  394,  587,  509,  595,  461,  194,  180,  394,  588,  515,  494,  446,  270,  523,  334,  576,  337,  702,  333,  256,  467,  540,   74,  123,  378,  659,   73,  612,  275,  484,  276,  745,  435,  641,  296,   65,  209,  257,  185,  350,  196,  334,  282,  555,  527,  794,  207,  273,  445,  208,  523,   96,  496,  111,  451,  399,  427,  480,  768,  456,  431,  420,   91,  387,  114,  474,  642,  568,  275,  538,  373,  570,  246,  137,  108,  365,  431,  444,  698,  367,  380,  521,  292,  650,  767,  222],
