{
    "name": "random-29-13124",
    "comment": "size=29 seed=13124",
    "nodes": ["+0", "-0", "+1", "-1", "+2", "-2", "+3", "-3", "+4", "-4", "+5", "-5", "+6", "-6", "+7", "-7", "+8", "-8", "+9", "-9", "+10", "-10", "+11", "-11", "+12", "-12", "+13", "-13", "+14", "-14", "+15", "-15", "+16", "-16", "+17", "-17", "+18", "-18", "+19", "-19", "+20", "-20", "+21", "-21", "+22", "-22", "+23", "-23", "+24", "-24", "+25", "-25", "+26", "-26", "+27", "-27", "+28", "-28", "+29", "-29"],
    "precedence": {
        "+0": "-0",
        "+1": "-1",
        "+2": "-2",
        "+3": "-3",
        "+4": "-4",
        "+5": "-5",
        "+6": "-6",
        "+7": "-7",
        "+8": "-8",
        "+9": "-9",
        "+10": "-10",
        "+11": "-11",
        "+12": "-12",
        "+13": "-13",
        "+14": "-14",
        "+15": "-15",
        "+16": "-16",
        "+17": "-17",
        "+18": "-18",
        "+19": "-19",
        "+20": "-20",
        "+21": "-21",
        "+22": "-22",
        "+23": "-23",
        "+24": "-24",
        "+25": "-25",
        "+26": "-26",
        "+27": "-27",
        "+28": "-28",
        "+29": "-29"
    },
    "edges": [
        [    0,    0,  858,  625,  762,  382,  407,  778,  712,  317,  709,  819,  690, 1201,  707,  414,  542,  792,  557,  849,  802,  808,  673,  511,  835, 1175,  193,  811,  535,  656,  700,  756, 1181,  911,  826,  449,  660,  403,  239,  520,  263,  480,  527,  812,  815,  453,  471,  403, 1100,  753,  498,  667, 1023,   83,  426,  366,  461,  525,  440,  756],
        [    0,    0,  858,  625,  762,  382,  407,  778,  712,  317,  709,  819,  690, 1201,  707,  414,  542,  792,  557,  849,  802,  808,  673,  511,  835, 1175,  193,  811,  535,  656,  700,  756, 1181,  911,  826,  449,  660,  403,  239,  520,  263,  480,  527,  812,  815,  453,  471,  403, 1100,  753,  498,  667, 1023,   83,  426,  366,  461,  525,  440,  756],
        [  858,  858,    0,  282,   97,  484,  781,  892,  892,  582,  388,  249,  211,  499,  290,  451,  355,   84,  530,  913,  163,  151,  233,  351,   54,  457,  666,  914,  333,  680,  182,  306,  473,  404,  939,  781,  271,  463,  707,  822,  608,  425,  384,  320,  719,  586,  723,  708,  320,  897,  446,  208,  577,  940,  486,  796,  628,  334,  846,  887],
        [  625,  625,  282,    0,  201,  246,  668,  892,  870,  320,  451,  203,  256,  757,  108,  274,   84,  199,  259,  934,  179,  329,   52,  139,  239,  717,  435,  922,  108,  676,  100,  411,  731,  574,  946,  683,   41,  285,  441,  744,  409,  316,  107,  459,  771,  497,  639,  598,  593,  887,  165,  212,  748,  707,  357,  668,  544,  169,  737,  881],
        [  762,  762,   97,  201,    0,  388,  698,  838,  832,  488,  343,  238,  140,  557,  239,  355,  267,   56,  458,  865,  149,  143,  159,  255,   86,  517,  570,  863,  238,  622,  105,  273,  532,  407,  888,  701,  201,  368,  614,  747,  512,  337,  297,  304,  679,  505,  645,  625,  393,  840,  361,  123,  584,  843,  396,  711,  549,  238,  764,  831],
        [  382,  382,  484,  246,  388,    0,  472,  767,  727,  113,  452,  446,  346,  886,  339,  113,  167,  413,  288,  822,  421,  461,  293,  133,  456,  854,  190,  800,  154,  568,  319,  460,  863,  634,  822,  497,  283,  114,  235,  568,  173,  213,  160,  519,  700,  345,  468,  411,  755,  754,  163,  313,  786,  464,  208,  461,  387,  162,  539,  751],
        [  407,  407,  781,  668,  698,  472,    0,  371,  307,  511,  467,  863,  571,  956,  775,  398,  612,  748,  755,  443,  806,  668,  697,  530,  783,  943,  384,  405,  561,  279,  693,  547,  942,  649,  420,   42,  708,  388,  536,  116,  315,  366,  618,  588,  433,  196,   88,   74,  914,  346,  634,  576,  706,  437,  315,   45,  159,  503,   69,  350],
        [  778,  778,  892,  892,  838,  767,  371,    0,   74,  837,  505, 1056,  699,  857,  996,  663,  863,  894, 1051,   74,  977,  746,  902,  772,  916,  862,  734,   35,  799,  219,  877,  591,  853,  588,   56,  329,  928,  658,  888,  260,  647,  584,  880,  597,  213,  422,  320,  390,  893,   32,  916,  725,  544,  804,  563,  413,  381,  728,  346,   23],
        [  712,  712,  892,  870,  832,  727,  307,   74,    0,  790,  509, 1041,  692,  897,  975,  628,  834,  887, 1013,  147,  967,  750,  884,  744,  912,  899,  680,  104,  772,  213,  862,  598,  891,  616,  115,  266,  906,  622,  834,  193,  597,  556,  849,  611,  257,  385,  267,  335,  919,   44,  881,  715,  591,  735,  529,  347,  340,  702,  277,   52],
        [  317,  317,  582,  320,  488,  113,  511,  837,  790,    0,  562,  505,  458,  998,  393,  217,  237,  506,  259,  897,  498,  571,  371,  236,  549,  965,  151,  871,  250,  650,  408,  573,  975,  747,  892,  542,  351,  214,  127,  618,  197,  318,  216,  632,  791,  420,  525,  461,  864,  821,  181,  422,  896,  398,  299,  491,  457,  272,  574,  820],
        [  709,  709,  388,  451,  343,  452,  467,  505,  509,  562,    0,  575,  210,  502,  540,  346,  458,  398,  677,  526,  489,  242,  443,  377,  415,  483,  552,  526,  391,  297,  404,   90,  485,  203,  551,  452,  478,  351,  670,  472,  456,  248,  485,  121,  337,  287,  389,  403,  448,  511,  542,  247,  335,  778,  289,  497,  311,  325,  520,  501],
        [  819,  819,  249,  203,  238,  446,  863, 1056, 1041,  505,  575,    0,  365,  742,  114,  473,  279,  189,  351, 1089,   91,  375,  167,  339,  197,  699,  633, 1082,  309,  837,  179,  509,  716,  640, 1107,  875,  164,  485,  617,  932,  611,  501,  292,  541,  910,  683,  826,  792,  556, 1054,  329,  333,  817,  901,  549,  866,  730,  360,  932, 1047],
        [  690,  690,  211,  256,  140,  346,  571,  699,  692,  458,  210,  365,    0,  541,  335,  277,  286,  196,  504,  727,  282,  119,  238,  229,  221,  508,  505,  724,  229,  482,  195,  156,  518,  320,  749,  571,  277,  288,  581,  612,  429,  225,  316,  204,  545,  376,  513,  499,  413,  700,  381,   45,  493,  769,  286,  588,  418,  186,  636,  692],
        [ 1201, 1201,  499,  757,  557,  886,  956,  857,  897,  998,  502,  742,  541,    0,  787,  804,  812,  577, 1015,  836,  661,  435,  716,  768,  552,   45, 1029,  862,  764,  720,  662,  446,   26,  308,  882,  934,  758,  813, 1120,  934,  940,  723,  843,  390,  645,  787,  871,  898,  193,  878,  909,  579,  321, 1274,  776,  991,  807,  727,  999,  865],
        [  707,  707,  290,  108,  239,  339,  775,  996,  975,  393,  540,  114,  335,  787,    0,  379,  173,  210,  252, 1036,  139,  380,   98,  245,  238,  745,  523, 1025,  214,  779,  142,  489,  761,  641, 1050,  790,   69,  390,  504,  852,  507,  423,  182,  531,  867,  604,  746,  705,  610,  992,  216,  294,  817,  789,  464,  774,  651,  277,  844,  986],
        [  414,  414,  451,  274,  355,  113,  398,  663,  628,  217,  346,  473,  277,  804,  379,    0,  216,  394,  389,  716,  428,  395,  308,  135,  435,  774,  229,  695,  166,  459,  315,  365,  782,  536,  718,  416,  314,   13,  326,  482,  158,  102,  224,  424,  588,  244,  378,  330,  689,  652,  254,  253,  680,  494,  100,  395,  289,  121,  466,  648],
        [  542,  542,  355,   84,  267,  167,  612,  863,  834,  237,  458,  279,  286,  812,  173,  216,    0,  276,  221,  910,  263,  378,  135,   92,  317,  775,  354,  894,   68,  650,  175,  433,  787,  605,  918,  631,  118,  225,  358,  696,  335,  280,   32,  487,  760,  453,  591,  545,  657,  856,   97,  242,  773,  625,  309,  608,  500,  140,  681,  850],
        [  792,  792,   84,  199,   56,  413,  748,  894,  887,  506,  398,  189,  196,  577,  210,  394,  276,    0,  447,  921,   99,  187,  150,  282,   43,  536,  600,  919,  260,  678,  101,  326,  551,  452,  944,  753,  188,  406,  631,  800,  549,  384,  303,  354,  734,  556,  698,  675,  402,  896,  364,  176,  628,  874,  442,  760,  601,  273,  815,  887],
        [  557,  557,  530,  259,  458,  288,  755, 1051, 1013,  259,  677,  351,  504, 1015,  252,  389,  221,  447,    0, 1104,  390,  586,  300,  302,  481,  975,  409, 1083,  287,  846,  354,  654,  989,  824, 1106,  782,  259,  393,  323,  855,  444,  477,  193,  706,  967,  630,  755,  697,  847, 1039,  139,  460,  994,  632,  488,  740,  674,  354,  821, 1036],
        [  849,  849,  913,  934,  865,  822,  443,   74,  147,  897,  526, 1089,  727,  836, 1036,  716,  910,  921, 1104,    0, 1008,  764,  940,  819,  940,  844,  800,   46,  844,  260,  912,  608,  834,  583,   52,  401,  968,  712,  954,  333,  710,  632,  928,  607,  204,  479,  387,  457,  888,  104,  968,  757,  518,  877,  616,  485,  441,  772,  420,   97],
        [  802,  802,  163,  179,  149,  421,  806,  977,  967,  498,  489,   91,  282,  661,  139,  428,  263,   99,  390, 1008,    0,  285,  129,  300,  110,  618,  611, 1003,  272,  760,  114,  421,  635,  550, 1028,  814,  150,  440,  618,  867,  575,  440,  284,  451,  825,  619,  762,  733,  478,  978,  334,  253,  726,  885,  493,  812,  665,  309,  874,  970],
        [  808,  808,  151,  329,  143,  461,  668,  746,  750,  571,  242,  375,  119,  435,  380,  395,  378,  187,  586,  764,  285,    0,  295,  337,  188,  399,  623,  767,  331,  538,  242,  157,  410,  266,  792,  662,  337,  406,  695,  696,  547,  339,  409,  171,  569,  473,  601,  597,  296,  753,  475,  149,  442,  887,  400,  689,  510,  300,  729,  743],
        [  673,  673,  233,   52,  159,  293,  697,  902,  884,  371,  443,  167,  238,  716,   98,  308,  135,  150,  300,  940,  129,  295,    0,  176,  189,  676,  483,  931,  146,  684,   55,  393,  691,  549,  955,  709,   43,  320,  493,  767,  450,  337,  159,  437,  770,  519,  662,  626,  548,  899,  216,  197,  725,  756,  383,  700,  566,  194,  766,  892],
        [  511,  511,  351,  139,  255,  133,  530,  772,  744,  236,  377,  339,  229,  768,  245,  135,   92,  282,  302,  819,  300,  337,  176,    0,  324,  734,  319,  803,   32,  559,  192,  363,  744,  538,  827,  546,  179,  146,  362,  610,  276,  189,  112,  420,  670,  364,  504,  461,  628,  764,  166,  189,  701,  593,  221,  530,  412,   53,  599,  759],
        [  835,  835,   54,  239,   86,  456,  783,  916,  912,  549,  415,  197,  221,  552,  238,  435,  317,   43,  481,  940,  110,  188,  189,  324,    0,  509,  642,  939,  303,  701,  143,  337,  526,  449,  964,  786,  225,  447,  673,  831,  590,  421,  344,  359,  750,  590,  730,  710,  372,  919,  404,  208,  624,  917,  480,  796,  633,  315,  849,  910],
        [ 1175, 1175,  457,  717,  517,  854,  943,  862,  899,  965,  483,  699,  508,   45,  745,  774,  775,  536,  975,  844,  618,  399,  676,  734,  509,    0, 1001,  868,  729,  715,  622,  421,   21,  296,  889,  922,  718,  783, 1088,  926,  914,  697,  806,  367,  649,  770,  859,  883,  148,  881,  871,  545,  334, 1249,  751,  976,  791,  694,  989,  869],
        [  193,  193,  666,  435,  570,  190,  384,  734,  680,  151,  552,  633,  505, 1029,  523,  229,  354,  600,  409,  800,  611,  623,  483,  319,  642, 1001,    0,  769,  343,  569,  508,  586, 1008,  751,  788,  420,  471,  219,  155,  496,  101,  309,  342,  645,  722,  341,  415,  346,  917,  715,  322,  479,  880,  275,  264,  357,  367,  334,  441,  715],
        [  811,  811,  914,  922,  863,  800,  405,   35,  104,  871,  526, 1082,  724,  862, 1025,  695,  894,  919, 1083,   46, 1003,  767,  931,  803,  939,  868,  769,    0,  829,  247,  904,  612,  859,  600,   26,  363,  957,  691,  923,  293,  681,  615,  911,  615,  221,  455,  354,  424,  905,   61,  948,  751,  546,  837,  596,  446,  415,  758,  379,   56],
        [  535,  535,  333,  108,  238,  154,  561,  799,  772,  250,  391,  309,  229,  764,  214,  166,   68,  260,  287,  844,  272,  331,  146,   32,  303,  729,  343,  829,    0,  585,  166,  371,  740,  544,  853,  577,  148,  177,  376,  640,  305,  216,   94,  426,  692,  394,  534,  492,  619,  792,  155,  187,  710,  617,  251,  561,  441,   73,  630,  786],
        [  656,  656,  680,  676,  622,  568,  279,  219,  213,  650,  297,  837,  482,  720,  779,  459,  650,  678,  846,  260,  760,  538,  684,  559,  701,  715,  569,  247,  585,    0,  659,  386,  711,  423,  271,  244,  711,  456,  720,  220,  473,  372,  669,  403,  160,  232,  195,  256,  719,  219,  709,  507,  440,  701,  360,  323,  203,  513,  299,  210],
        [  700,  700,  182,  100,  105,  319,  693,  877,  862,  408,  404,  179,  195,  662,  142,  315,  175,  101,  354,  912,  114,  242,   55,  192,  143,  622,  508,  904,  166,  659,    0,  348,  636,  499,  929,  702,   97,  328,  532,  756,  466,  327,  203,  389,  736,  508,  651,  620,  495,  875,  264,  158,  676,  783,  379,  699,  554,  196,  761,  868],
        [  756,  756,  306,  411,  273,  460,  547,  591,  598,  573,   90,  509,  156,  446,  489,  365,  433,  326,  654,  608,  421,  157,  393,  363,  337,  421,  586,  612,  371,  386,  348,    0,  426,  176,  637,  535,  432,  373,  689,  559,  496,  279,  463,   60,  414,  360,  472,  480,  369,  598,  525,  199,  340,  829,  331,  575,  389,  313,  603,  588],
        [ 1181, 1181,  473,  731,  532,  863,  942,  853,  891,  975,  485,  716,  518,   26,  761,  782,  787,  551,  989,  834,  635,  410,  691,  744,  526,   21, 1008,  859,  740,  711,  636,  426,    0,  294,  879,  921,  732,  791, 1098,  923,  920,  703,  818,  371,  641,  771,  858,  883,  168,  873,  884,  556,  321, 1254,  756,  976,  792,  704,  987,  861],
        [  911,  911,  404,  574,  407,  634,  649,  588,  616,  747,  203,  640,  320,  308,  641,  536,  605,  452,  824,  583,  550,  266,  549,  538,  449,  296,  751,  600,  544,  423,  499,  176,  294,    0,  623,  627,  590,  543,  861,  631,  656,  444,  635,  119,  381,  483,  564,  591,  306,  604,  698,  365,  177,  980,  489,  684,  500,  488,  693,  592],
        [  826,  826,  939,  946,  888,  822,  420,   56,  115,  892,  551, 1107,  749,  882, 1050,  718,  918,  944, 1106,   52, 1028,  792,  955,  827,  964,  889,  788,   26,  853,  271,  929,  637,  879,  623,    0,  379,  981,  713,  942,  307,  701,  639,  935,  639,  243,  478,  373,  443,  928,   74,  971,  776,  565,  849,  618,  461,  436,  782,  391,   73],
        [  449,  449,  781,  683,  701,  497,   42,  329,  266,  542,  452,  875,  571,  934,  790,  416,  631,  753,  782,  401,  814,  662,  709,  546,  786,  922,  420,  363,  577,  244,  702,  535,  921,  627,  379,    0,  723,  407,  573,   77,  346,  375,  638,  572,  395,  197,   64,   87,  900,  305,  658,  578,  676,  479,  327,   86,  154,  516,   68,  308],
        [  660,  660,  271,   41,  201,  283,  708,  928,  906,  351,  478,  164,  277,  758,   69,  314,  118,  188,  259,  968,  150,  337,   43,  179,  225,  718,  471,  957,  148,  711,   97,  432,  732,  590,  981,  723,    0,  325,  469,  783,  448,  354,  136,  477,  802,  535,  678,  638,  588,  923,  186,  234,  765,  742,  396,  708,  583,  208,  777,  917],
        [  403,  403,  463,  285,  368,  114,  388,  658,  622,  214,  351,  485,  288,  813,  390,   13,  225,  406,  393,  712,  440,  406,  320,  146,  447,  783,  219,  691,  177,  456,  328,  373,  791,  543,  713,  407,  325,    0,  319,  473,  145,  105,  233,  432,  587,  238,  370,  320,  699,  647,  259,  265,  685,  483,   96,  385,  283,  134,  457,  643],
        [  239,  239,  707,  441,  614,  235,  536,  888,  834,  127,  670,  617,  581, 1120,  504,  326,  358,  631,  323,  954,  618,  695,  493,  362,  673, 1088,  155,  923,  376,  720,  532,  689, 1098,  861,  942,  573,  469,  319,    0,  650,  247,  422,  335,  748,  869,  489,  569,  500,  989,  869,  289,  547, 1003,  310,  391,  507,  518,  396,  590,  869],
        [  520,  520,  822,  744,  747,  568,  116,  260,  193,  618,  472,  932,  612,  934,  852,  482,  696,  800,  855,  333,  867,  696,  767,  610,  831,  926,  496,  293,  640,  220,  756,  559,  923,  631,  307,   77,  783,  473,  650,    0,  421,  431,  706,  590,  356,  249,  106,  158,  916,  233,  728,  624,  659,  545,  389,  154,  202,  576,   91,  238],
        [  263,  263,  608,  409,  512,  173,  315,  647,  597,  197,  456,  611,  429,  940,  507,  158,  335,  549,  444,  710,  575,  547,  450,  276,  590,  914,  101,  681,  305,  473,  466,  496,  920,  656,  701,  346,  448,  145,  247,  421,    0,  218,  331,  553,  623,  242,  331,  265,  838,  629,  332,  409,  781,  340,  167,  297,  272,  276,  379,  629],
        [  480,  480,  425,  316,  337,  213,  366,  584,  556,  318,  248,  501,  225,  723,  423,  102,  280,  384,  477,  632,  440,  339,  337,  189,  421,  697,  309,  615,  216,  372,  327,  279,  703,  444,  639,  375,  354,  105,  422,  431,  218,    0,  297,  337,  492,  182,  326,  294,  624,  576,  339,  217,  582,  555,   62,  376,  230,  147,  434,  571],
        [  527,  527,  384,  107,  297,  160,  618,  880,  849,  216,  485,  292,  316,  843,  182,  224,   32,  303,  193,  928,  284,  409,  159,  112,  344,  806,  342,  911,   94,  669,  203,  463,  818,  635,  935,  638,  136,  233,  335,  706,  331,  297,    0,  517,  782,  466,  602,  552,  688,  871,   66,  273,  802,  609,  321,  612,  512,  164,  687,  866],
        [  812,  812,  320,  459,  304,  519,  588,  597,  611,  632,  121,  541,  204,  390,  531,  424,  487,  354,  706,  607,  451,  171,  437,  420,  359,  367,  645,  615,  426,  403,  389,   60,  371,  119,  639,  572,  477,  432,  748,  590,  553,  337,  517,    0,  407,  406,  509,  523,  328,  607,  580,  248,  289,  885,  387,  618,  432,  370,  640,  596],
        [  815,  815,  719,  771,  679,  700,  433,  213,  257,  791,  337,  910,  545,  645,  867,  588,  760,  734,  967,  204,  825,  569,  770,  670,  750,  649,  722,  221,  692,  160,  736,  414,  641,  381,  243,  395,  802,  587,  869,  356,  623,  492,  782,  407,    0,  381,  352,  415,  685,  234,  829,  579,  335,  860,  494,  478,  359,  620,  443,  221],
        [  453,  453,  586,  497,  505,  345,  196,  422,  385,  420,  287,  683,  376,  787,  604,  244,  453,  556,  630,  479,  619,  473,  519,  364,  590,  770,  341,  455,  394,  232,  508,  360,  771,  483,  478,  197,  535,  238,  489,  249,  242,  182,  466,  406,  381,    0,  144,  125,  728,  410,  497,  382,  574,  512,  145,  218,   48,  328,  261,  407],
        [  471,  471,  723,  639,  645,  468,   88,  320,  267,  525,  389,  826,  513,  871,  746,  378,  591,  698,  755,  387,  762,  601,  662,  504,  730,  859,  415,  354,  534,  195,  651,  472,  858,  564,  373,   64,  678,  370,  569,  106,  331,  326,  602,  509,  352,  144,    0,   71,  836,  300,  626,  522,  618,  510,  284,  130,   98,  470,  131,  300],
        [  403,  403,  708,  598,  625,  411,   74,  390,  335,  461,  403,  792,  499,  898,  705,  330,  545,  675,  697,  457,  733,  597,  626,  461,  710,  883,  346,  424,  492,  256,  620,  480,  883,  591,  443,   87,  638,  320,  500,  158,  265,  294,  552,  523,  415,  125,   71,    0,  848,  370,  572,  503,  661,  446,  243,   95,   92,  432,  141,  370],
        [ 1100, 1100,  320,  593,  393,  755,  914,  893,  919,  864,  448,  556,  413,  193,  610,  689,  657,  402,  847,  888,  478,  296,  548,  628,  372,  148,  917,  905,  619,  719,  495,  369,  168,  306,  928,  900,  588,  699,  989,  916,  838,  624,  688,  328,  685,  728,  836,  848,    0,  909,  753,  443,  412, 1177,  683,  943,  757,  594,  967,  897],
        [  753,  753,  897,  887,  840,  754,  346,   32,   44,  821,  511, 1054,  700,  878,  992,  652,  856,  896, 1039,  104,  978,  753,  899,  764,  919,  881,  715,   61,  792,  219,  875,  598,  873,  604,   74,  305,  923,  647,  869,  233,  629,  576,  871,  607,  234,  410,  300,  370,  909,    0,  905,  725,  567,  777,  553,  387,  367,  721,  319,   14],
        [  498,  498,  446,  165,  361,  163,  634,  916,  881,  181,  542,  329,  381,  909,  216,  254,   97,  364,  139,  968,  334,  475,  216,  166,  404,  871,  322,  948,  155,  709,  264,  525,  884,  698,  971,  658,  186,  259,  289,  728,  332,  339,   66,  580,  829,  497,  626,  572,  753,  905,    0,  337,  864,  578,  353,  623,  541,  218,  701,  901],
        [  667,  667,  208,  212,  123,  313,  576,  725,  715,  422,  247,  333,   45,  579,  294,  253,  242,  176,  460,  757,  253,  149,  197,  189,  208,  545,  479,  751,  187,  507,  158,  199,  556,  365,  776,  578,  234,  265,  547,  624,  409,  217,  273,  248,  579,  382,  522,  503,  443,  725,  337,    0,  537,  747,  278,  589,  426,  151,  641,  717],
        [ 1023, 1023,  577,  748,  584,  786,  706,  544,  591,  896,  335,  817,  493,  321,  817,  680,  773,  628,  994,  518,  726,  442,  725,  701,  624,  334,  880,  546,  710,  440,  676,  340,  321,  177,  565,  676,  765,  685, 1003,  659,  781,  582,  802,  289,  335,  574,  618,  661,  412,  567,  864,  537,    0, 1085,  617,  747,  578,  650,  736,  554],
        [   83,   83,  940,  707,  843,  464,  437,  804,  735,  398,  778,  901,  769, 1274,  789,  494,  625,  874,  632,  877,  885,  887,  756,  593,  917, 1249,  275,  837,  617,  701,  783,  829, 1254,  980,  849,  479,  742,  483,  310,  545,  340,  555,  609,  885,  860,  512,  510,  446, 1177,  777,  578,  747, 1085,    0,  499,  393,  514,  606,  459,  782],
        [  426,  426,  486,  357,  396,  208,  315,  563,  529,  299,  289,  549,  286,  776,  464,  100,  309,  442,  488,  616,  493,  400,  383,  221,  480,  751,  264,  596,  251,  360,  379,  331,  756,  489,  618,  327,  396,   96,  391,  389,  167,   62,  321,  387,  494,  145,  284,  243,  683,  553,  353,  278,  617,  499,    0,  320,  192,  190,  383,  549],
        [  366,  366,  796,  668,  711,  461,   45,  413,  347,  491,  497,  866,  588,  991,  774,  395,  608,  760,  740,  485,  812,  689,  700,  530,  796,  976,  357,  446,  561,  323,  699,  575,  976,  684,  461,   86,  708,  385,  507,  154,  297,  376,  612,  618,  478,  218,  130,   95,  943,  387,  623,  589,  747,  393,  320,    0,  187,  507,   85,  391],
        [  461,  461,  628,  544,  549,  387,  159,  381,  340,  457,  311,  730,  418,  807,  651,  289,  500,  601,  674,  441,  665,  510,  566,  412,  633,  791,  367,  415,  441,  203,  554,  389,  792,  500,  436,  154,  583,  283,  518,  202,  272,  230,  512,  432,  359,   48,   98,   92,  757,  367,  541,  426,  578,  514,  192,  187,    0,  375,  219,  365],
        [  525,  525,  334,  169,  238,  162,  503,  728,  702,  272,  325,  360,  186,  727,  277,  121,  140,  273,  354,  772,  309,  300,  194,   53,  315,  694,  334,  758,   73,  513,  196,  313,  704,  488,  782,  516,  208,  134,  396,  576,  276,  147,  164,  370,  620,  328,  470,  432,  594,  721,  218,  151,  650,  606,  190,  507,  375,    0,  572,  716],
        [  440,  440,  846,  737,  764,  539,   69,  346,  277,  574,  520,  932,  636,  999,  844,  466,  681,  815,  821,  420,  874,  729,  766,  599,  849,  989,  441,  379,  630,  299,  761,  603,  987,  693,  391,   68,  777,  457,  590,   91,  379,  434,  687,  640,  443,  261,  131,  141,  967,  319,  701,  641,  736,  459,  383,   85,  219,  572,    0,  324],
        [  756,  756,  887,  881,  831,  751,  350,   23,   52,  820,  501, 1047,  692,  865,  986,  648,  850,  887, 1036,   97,  970,  743,  892,  759,  910,  869,  715,   56,  786,  210,  868,  588,  861,  592,   73,  308,  917,  643,  869,  238,  629,  571,  866,  596,  221,  407,  300,  370,  897,   14,  901,  717,  554,  782,  549,  391,  365,  716,  324,    0]
    ]
}
