{
    "name": "random-14-19159",
    "comment": "size=14 seed=19159",
    "nodes": ["+0", "-0", "+1", "-1", "+2", "-2", "+3", "-3", "+4", "-4", "+5", "-5", "+6", "-6", "+7", "-7", "+8", "-8", "+9", "-9", "+10", "-10", "+11", "-11", "+12", "-12", "+13", "-13", "+14", "-14"],
    "precedence": {
        "+0": "-0",
        "+1": "-1",
        "+2": "-2",
        "+3": "-3",
        "+4": "-4",
        "+5": "-5",
        "+6": "-6",
        "+7": "-7",
        "+8": "-8",
        "+9": "-9",
        "+10": "-10",
        "+11": "-11",
        "+12": "-12",
        "+13": "-13",
        "+14": "-14"
    },
    "edges": [
        [    0,    0,  632,  617,  845,  800,  708,  116,  855,   33,  212,  776,  761,  440,  354,  813,  181,  509,  364,  163,  600,  475,  682,  893,  607, 1057,  861, 1023,  299,  166],
        [    0,    0,  632,  617,  845,  800,  708,  116,  855,   33,  212,  776,  761,  440,  354,  813,  181,  509,  364,  163,  600,  475,  682,  893,  607, 1057,  861, 1023,  299,  166],
        [  632,  632,    0,  748,  855,  986,  285,  554,  723,  600,  515,  460,  902,  758,  876,  783,  695,  271,  963,  481,  774,  255, 1011,  737,  116,  901, 1018,  898,  913,  765],
        [  617,  617,  748,    0,  236,  240,  566,  520,  329,  608,  436,  470,  165,  221,  470,  229,  468,  478,  636,  540,   48,  500,  309,  370,  641,  492,  281,  446,  842,  761],
        [  845,  845,  855,  236,    0,  251,  611,  742,  196,  833,  652,  460,  178,  454,  698,   77,  703,  599,  864,  752,  269,  634,  444,  223,  740,  278,  232,  226, 1078,  994],
        [  800,  800,  986,  240,  251,    0,  787,  719,  438,  798,  647,  664,   92,  361,  557,  309,  629,  716,  715,  753,  224,  739,  219,  470,  877,  515,   67,  462,  976,  923],
        [  708,  708,  285,  566,  611,  787,    0,  601,  455,  679,  522,  178,  697,  653,  841,  536,  697,  200,  968,  546,  603,  235,  865,  463,  182,  620,  805,  621, 1007,  868],
        [  116,  116,  554,  520,  742,  719,  601,    0,  743,   95,   97,  661,  672,  367,  352,  706,  158,  402,  411,   76,  509,  371,  627,  780,  514,  946,  778,  913,  410,  281],
        [  855,  855,  723,  329,  196,  438,  455,  743,    0,  837,  646,  286,  354,  539,  788,  130,  744,  497,  952,  732,  375,  538,  607,   42,  609,  206,  426,  184, 1121, 1016],
        [   33,   33,  600,  608,  833,  798,  679,   95,  837,    0,  192,  750,  756,  439,  372,  799,  190,  480,  392,  133,  594,  445,  689,  874,  576, 1040,  858, 1007,  329,  192],
        [  212,  212,  515,  436,  652,  647,  522,   97,  646,  192,    0,  570,  593,  310,  363,  612,  183,  326,  457,  107,  430,  302,  579,  683,  458,  849,  703,  817,  501,  377],
        [  776,  776,  460,  470,  460,  664,  178,  661,  286,  750,  570,    0,  573,  611,  833,  384,  723,  297,  978,  623,  514,  342,  779,  289,  352,  443,  672,  445, 1070,  941],
        [  761,  761,  902,  165,  178,   92,  697,  672,  354,  756,  593,  573,    0,  332,  556,  224,  599,  633,  720,  698,  164,  658,  267,  388,  792,  453,  118,  401,  961,  895],
        [  440,  440,  758,  221,  454,  361,  653,  367,  539,  439,  310,  611,  332,    0,  251,  448,  269,  504,  416,  412,  186,  507,  270,  580,  670,  712,  424,  667,  631,  565],
        [  354,  354,  876,  470,  698,  557,  841,  352,  788,  372,  363,  833,  556,  251,    0,  698,  195,  661,  167,  425,  431,  648,  380,  830,  811,  961,  624,  915,  428,  411],
        [  813,  813,  783,  229,   77,  309,  536,  706,  130,  799,  612,  384,  224,  448,  698,    0,  681,  532,  864,  708,  270,  568,  483,  164,  668,  264,  299,  219, 1059,  967],
        [  181,  181,  695,  468,  703,  629,  697,  158,  744,  190,  183,  723,  599,  269,  195,  681,    0,  505,  274,  231,  443,  484,  502,  785,  641,  938,  693,  898,  379,  297],
        [  509,  509,  271,  478,  599,  716,  200,  402,  497,  480,  326,  297,  633,  504,  661,  532,  505,    0,  778,  348,  504,   45,  747,  520,  168,  693,  750,  679,  808,  670],
        [  364,  364,  963,  636,  864,  715,  968,  411,  952,  392,  457,  978,  720,  416,  167,  864,  274,  778,    0,  486,  597,  757,  523,  993,  914, 1127,  782, 1081,  310,  348],
        [  163,  163,  481,  540,  752,  753,  546,   76,  732,  133,  107,  623,  698,  412,  425,  708,  231,  348,  486,    0,  535,  313,  679,  767,  447,  937,  809,  908,  462,  322],
        [  600,  600,  774,   48,  269,  224,  603,  509,  375,  594,  430,  514,  164,  186,  431,  270,  443,  504,  597,  535,    0,  523,  266,  415,  670,  532,  275,  485,  814,  739],
        [  475,  475,  255,  500,  634,  739,  235,  371,  538,  445,  302,  342,  658,  507,  648,  568,  484,   45,  757,  313,  523,    0,  757,  562,  166,  736,  776,  721,  774,  633],
        [  682,  682, 1011,  309,  444,  219,  865,  627,  607,  689,  579,  779,  267,  270,  380,  483,  502,  747,  523,  679,  266,  757,    0,  645,  914,  720,  279,  667,  808,  779],
        [  893,  893,  737,  370,  223,  470,  463,  780,   42,  874,  683,  289,  388,  580,  830,  164,  785,  520,  993,  767,  415,  562,  645,    0,  624,  175,  454,  162, 1161, 1054],
        [  607,  607,  116,  641,  740,  877,  182,  514,  609,  576,  458,  352,  792,  670,  811,  668,  641,  168,  914,  447,  670,  166,  914,  624,    0,  789,  907,  785,  900,  754],
        [ 1057, 1057,  901,  492,  278,  515,  620,  946,  206, 1040,  849,  443,  453,  712,  961,  264,  938,  693, 1127,  937,  532,  736,  720,  175,  789,    0,  478,   54, 1316, 1216],
        [  861,  861, 1018,  281,  232,   67,  805,  778,  426,  858,  703,  672,  118,  424,  624,  299,  693,  750,  782,  809,  275,  776,  279,  454,  907,  478,    0,  425, 1043,  987],
        [ 1023, 1023,  898,  446,  226,  462,  621,  913,  184, 1007,  817,  445,  401,  667,  915,  219,  898,  679, 1081,  908,  485,  721,  667,  162,  785,   54,  425,    0, 1276, 1180],
        [  299,  299,  913,  842, 1078,  976, 1007,  410, 1121,  329,  501, 1070,  961,  631,  428, 1059,  379,  808,  310,  462,  814,  774,  808, 1161,  900, 1316, 1043, 1276,    0,  149],
        [  166,  166,  765,  761,  994,  923,  868,  281, 1016,  192,  377,  941,  895,  565,  411,  967,  297,  670,  348,  322,  739,  633,  779, 1054,  754, 1216,  987, 1180,  149,    0]
    ]
}
