{
    "name": "random-71-26117",
    "comment": "size=71 seed=26117",
    "nodes": ["+0", "-0", "+1", "-1", "+2", "-2", "+3", "-3", "+4", "-4", "+5", "-5", "+6", "-6", "+7", "-7", "+8", "-8", "+9", "-9", "+10", "-10", "+11", "-11", "+12", "-12", "+13", "-13", "+14", "-14", "+15", "-15", "+16", "-16", "+17", "-17", "+18", "-18", "+19", "-19", "+20", "-20", "+21", "-21", "+22", "-22", "+23", "-23", "+24", "-24", "+25", "-25", "+26", "-26", "+27", "-27", "+28", "-28", "+29", "-29", "+30", "-30", "+31", "-31", "+32", "-32", "+33", "-33", "+34", "-34", "+35", "-35", "+36", "-36", "+37", "-37", "+38", "-38", "+39", "-39", "+40", "-40", "+41", "-41", "+42", "-42", "+43", "-43", "+44", "-44", "+45", "-45", "+46", "-46", "+47", "-47", "+48", "-48", "+49", "-49", "+50", "-50", "+51", "-51", "+52", "-52", "+53", "-53", "+54", "-54", "+55", "-55", "+56", "-56", "+57", "-57", "+58", "-58", "+59", "-59", "+60", "-60", "+61", "-61", "+62", "-62", "+63", "-63", "+64", "-64", "+65", "-65", "+66", "-66", "+67", "-67", "+68", "-68", "+69", "-69", "+70", "-70", "+71", "-71"],
    "precedence": {
        "+0": "-0",
        "+1": "-1",
        "+2": "-2",
        "+3": "-3",
        "+4": "-4",
        "+5": "-5",
        "+6": "-6",
        "+7": "-7",
        "+8": "-8",
        "+9": "-9",
        "+10": "-10",
        "+11": "-11",
        "+12": "-12",
        "+13": "-13",
        "+14": "-14",
        "+15": "-15",
        "+16": "-16",
        "+17": "-17",
        "+18": "-18",
        "+19": "-19",
        "+20": "-20",
        "+21": "-21",
        "+22": "-22",
        "+23": "-23",
        "+24": "-24",
        "+25": "-25",
        "+26": "-26",
        "+27": "-27",
        "+28": "-28",
        "+29": "-29",
        "+30": "-30",
        "+31": "-31",
        "+32": "-32",
        "+33": "-33",
        "+34": "-34",
        "+35": "-35",
        "+36": "-36",
        "+37": "-37",
        "+38": "-38",
        "+39": "-39",
        "+40": "-40",
        "+41": "-41",
        "+42": "-42",
        "+43": "-43",
        "+44": "-44",
        "+45": "-45",
        "+46": "-46",
        "+47": "-47",
        "+48": "-48",
        "+49": "-49",
        "+50": "-50",
        "+51": "-51",
        "+52": "-52",
        "+53": "-53",
        "+54": "-54",
        "+55": "-55",
        "+56": "-56",
        "+57": "-57",
        "+58": "-58",
        "+59": "-59",
        "+60": "-60",
        "+61": "-61",
        "+62": "-62",
        "+63": "-63",
        "+64": "-64",
        "+65": "-65",
        "+66": "-66",
        "+67": "-67",
        "+68": "-68",
        "+69": "-69",
        "+70": "-70",
        "+71": "-71"
    },
    "edges": [
        [    0,    0,  412,  688,  668,  362,  372,  461,  496,  461,  549,  566,  117,  689,  360,  275,   98,  513,  469,  737,  280,  288,  651,  346,  411,  247,  202,  662,  308,  579,  639,  753,  435,  389,  710,  674,  504,  548,  263,  293,  109,  343,  363,  166,  369,  457,  654,  336,  508,  688,  501,  358,  569,  647,  587,  538,  550,  484,  278,  179,  313,  485,  575,  554,  329,  258,  284,  213,  293,  345,  508,  281,  308,  579,  419,  322,  481,  522,  475,  637,  618,  370,  108,  664,  604,  501,  280,  700,  313,  529,  690,  490,  469,  717,  273,  229,  539,  219,  154,   13,  507,  479,  446,  297,  396,  490,  680,  460,   58,  479,  247,  310,  437,  104,  117,  349,  503,  588,  304,  356,  609,  303,  461,  530,  352,  467,  395,  479,  213,  243,   58,  378,  654,  713,  572,  637,  243,  380,  509,  593,  449,  628,  235,  612],
        [    0,    0,    0,    0,    0,    0,    0,    0,    0,    0,    0,    0,    0,    0,    0,    0,    0,    0,    0,    0,    0,    0,    0,    0,    0,    0,    0,    0,    0,    0,    0,    0,    0,    0,    0,    0,    0,    0,    0,    0,    0,    0,    0,    0,    0,    0,    0,    0,    0,    0,    0,    0,    0,    0,    0,    0,    0,    0,    0,    0,    0,    0,    0,    0,    0,    0,    0,    0,    0,    0,    0,    0,    0,    0,    0,    0,    0,    0,    0,    0,    0,    0,    0,    0,    0,    0,    0,    0,    0,    0,    0,    0,    0,    0,    0,    0,    0,    0,    0,    0,    0,    0,    0,    0,    0,    0,    0,    0,    0,    0,    0,    0,    0,    0,    0,    0,    0,    0,    0,    0,    0,    0,    0,    0,    0,    0,    0,    0,    0,    0,    0,    0,    0,    0,    0,    0,    0,    0,    0,    0,    0,    0,    0,    0],
        [  412,    0,    0,  386,  267,  572,   93,  187,  194,  521,  261,  348,  517,  384,   55,  218,  340,  801,  760,  440,  688,  433,  429,  535,  705,  652,  392,  462,  474,  716,  228,  392,  685,  745,  400,  318,  163,  711,  191,  646,  463,  398,  396,  577,  444,  334,  433,  193,  308,  452,  568,  604,  753,  335,  197,  662,  437,  610,  684,  263,  397,  437,  242,  576,  728,  665,  689,  282,  191,  537,  340,  200,  546,  414,  106,  563,  753,  374,  640,  394,  448,  658,  519,  254,  359,  800,  488,  297,  720,  351,  338,  204,  156,  436,  431,  570,  419,  626,  349,  422,   99,   87,  535,  204,  318,  144,  344,  194,  388,  785,  308,  415,  664,  444,  415,  489,  265,  555,  301,  534,  229,  643,  605,  528,  713,  431,  713,   75,  502,  382,  377,  179,  386,  412,  170,  352,  638,  310,  803,  761,  321,  854,  373,  267],
        [  688,    0,  386,    0,  433,  941,  351,  234,  543,  906,  142,  699,  805,    6,  427,  592,  592, 1158, 1115,   55,  919,  525,  133,  906, 1057,  930,  748,  171,  846, 1100,  321,  603, 1050, 1069,   24,  563,  497, 1093,  431,  808,  683,  780,  426,  840,  827,  714,  136,  578,  673,  774,  953,  966, 1133,   52,  444, 1046,  277,  993,  910,  510,  470,  348,  547,  960,  931,  938,  965,  642,  397,  908,  221,  408,  643,  211,  303,  924, 1114,  237, 1019,  724,  208,  754,  787,  325,  695, 1153,  592,  436,  945,  717,  105,  559,  513,   57,  800,  741,  267,  858,  692,  694,  321,  305,  919,  392,  703,  484,   72,  233,  692,  867,  679,  792, 1034,  760,  741,  866,  625,  935,  682,  587,  196,  791,  986,  912, 1034,  361,  823,  326,  844,  513,  679,  564,   62,  693,  404,   54,  848,  343, 1158, 1143,  277, 1228,  738,  129],
        [  668,    0,  267,  433,    0,  745,  344,  368,  225,  632,  383,  331,  765,  429,  312,  425,  604,  982,  945,  476,  948,  690,  539,  705,  897,  898,  602,  579,  649,  829,  113,  172,  858,  962,  433,  136,  188,  839,  456,  913,  728,  549,  636,  831,  587,  409,  543,  370,  336,  366,  671,  786,  887,  391,   87,  777,  614,  736,  945,  530,  648,  643,  170,  651,  991,  913,  935,  500,  451,  709,  515,  462,  808,  568,  324,  749,  930,  549,  780,  327,  590,  921,  773,  111,  309,  986,  749,   34,  981,  371,  336,  241,  226,  489,  616,  837,  597,  886,  577,  680,  199,  240,  658,  462,  434,  194,  364,  376,  636, 1048,  506,  582,  830,  682,  649,  649,  291,  601,  473,  788,  244,  910,  741,  601,  935,  643,  978,  225,  716,  643,  626,  330,  470,  268,   98,  432,  901,  540,  986,  886,  524,  998,  570,  316],
        [  362,    0,  572,  941,  745,    0,  591,  711,  521,  187,  802,  482,  312,  941,  522,  355,  434,  237,  201,  995,  480,  646,  944,   40,  161,  353,  199,  965,   99,  221,  771,  748,  114,  270,  959,  682,  559,  187,  532,  598,  461,  198,  709,  374,  167,  360,  947,  389,  441,  571,  198,   50,  210,  893,  660,  187,  875,  141,  489,  479,  664,  824,  590,  267,  553,  370,  373,  300,  568,   37,  811,  561,  665,  889,  639,   47,  186,  833,  116,  543,  929,  706,  359,  793,  525,  243,  641,  777,  507,  429,  908,  506,  521,  983,  142,  559,  861,  454,  263,  367,  665,  659,  153,  580,  316,  555,  910,  713,  315,  794,  265,  164,   93,  259,  249,   99,  471,  332,  278,  717,  801,  619,  113,  274,  262,  807,  711,  646,  153,  596,  325,  422,  924,  651,  670,  898,  504,  699,  242,  232,  759,  289,  204,  834],
        [  372,    0,   93,  351,  344,  591,    0,  123,  283,  567,  212,  433,  484,  350,   95,  245,  287,  809,  767,  404,  638,  346,  368,  556,  710,  618,  398,  396,  496,  756,  283,  481,  699,  733,  369,  408,  254,  746,  119,  578,  404,  436,  304,  535,  482,  403,  371,  243,  389,  541,  616,  617,  784,  302,  283,  702,  354,  648,  633,  203,  307,  347,  334,  632,  670,  629,  655,  292,  107,  558,  260,  119,  464,  338,   50,  574,  765,  293,  671,  483,  375,  577,  478,  307,  447,  806,  405,  372,  669,  431,  327,  292,  245,  394,  450,  502,  336,  575,  345,  381,  151,  114,  577,  118,  376,  236,  324,  127,  360,  705,  329,  444,  683,  424,  400,  517,  348,  620,  338,  446,  238,  572,  639,  586,  699,  340,  636,  122,  499,  299,  348,  244,  337,  504,  251,  308,  581,  218,  810,  796,  234,  878,  388,  250],
        [  461,    0,  187,  234,  368,  711,  123,    0,  377,  690,   92,  533,  577,  234,  212,  368,  367,  925,  882,  286,  708,  354,  246,  677,  824,  707,  516,  277,  617,  879,  275,  528,  818,  838,  254,  464,  338,  868,  200,  620,  470,  559,  279,  619,  605,  518,  250,  364,  495,  631,  738,  735,  906,  188,  332,  825,  258,  771,  701,  283,  304,  276,  410,  753,  731,  716,  742,  412,  168,  678,  157,  181,  478,  229,   84,  692,  882,  193,  794,  575,  262,  594,  563,  295,  541,  920,  421,  388,  737,  538,  232,  389,  340,  273,  571,  548,  240,  646,  459,  469,  178,  139,  699,  167,  495,  321,  220,    9,  461,  718,  451,  566,  803,  528,  508,  639,  451,  737,  461,  442,  177,  609,  762,  707,  803,  275,  659,  161,  611,  323,  448,  360,  214,  577,  292,  187,  643,  180,  925,  919,  156,  999,  508,  155],
        [  496,    0,  194,  543,  225,  521,  283,  377,    0,  411,  438,  158,  576,  541,  199,  226,  455,  758,  722,  595,  773,  600,  610,  482,  675,  705,  391,  646,  427,  610,  274,  258,  634,  748,  552,  181,   49,  617,  353,  771,  577,  325,  579,  649,  363,  191,  614,  165,  132,  258,  453,  564,  664,  493,  143,  557,  630,  514,  772,  400,  572,  630,   81,  440,  825,  720,  741,  299,  366,  485,  532,  372,  702,  605,  298,  528,  706,  566,  556,  201,  637,  806,  593,  291,  166,  763,  647,  256,  806,  175,  470,   18,   39,  598,  396,  697,  612,  714,  378,  508,  223,  247,  435,  382,  210,   59,  486,  384,  453,  931,  295,  360,  606,  487,  452,  425,   82,  401,  254,  703,  355,  773,  518,  390,  723,  623,  853,  224,  504,  544,  446,  121,  557,  232,  165,  520,  738,  500,  763,  665,  515,  775,  356,  415],
        [  461,    0,  521,  906,  632,  187,  567,  690,  411,    0,  776,  328,  452,  904,  481,  325,  504,  389,  364,  960,  643,  720,  934,  162,  338,  524,  261,  962,  162,  200,  682,  601,  270,  456,  920,  545,  456,  208,  545,  736,  570,  138,  759,  525,   97,  224,  938,  329,  301,  398,   49,  235,  256,  855,  554,  146,  896,  106,  650,  520,  724,  859,  465,   94,  714,  542,  548,  307,  579,  167,  816,  575,  766,  896,  609,  225,  337,  844,  157,  380,  935,  829,  495,  701,  369,  402,  730,  662,  673,  276,  854,  394,  423,  954,  189,  683,  880,  607,  318,  470,  599,  604,   36,  593,  208,  459,  863,  694,  405,  930,  259,  155,  234,  373,  348,  121,  343,  148,  232,  806,  740,  752,  118,   88,  448,  845,  846,  587,  294,  663,  410,  345,  901,  491,  574,  870,  653,  725,  397,  254,  774,  370,  233,  786],
        [  549,    0,  261,  142,  383,  802,  212,   92,  438,  776,    0,  596,  665,  142,  295,  457,  453, 1017,  974,  194,  788,  411,  172,  768,  916,  793,  608,  209,  707,  967,  276,  552,  909,  928,  163,  496,  395,  957,  290,  688,  550,  646,  321,  703,  693,  595,  176,  448,  563,  686,  824,  826,  996,   99,  367,  913,  235,  859,  780,  371,  357,  280,  459,  835,  805,  801,  828,  503,  256,  769,  141,  268,  534,  186,  167,  784,  973,  173,  883,  631,  209,  648,  649,  290,  599, 1012,  478,  396,  815,  607,  158,  452,  404,  182,  662,  618,  219,  726,  551,  556,  221,  192,  787,  253,  577,  380,  138,   91,  551,  768,  541,  655,  894,  618,  599,  729,  517,  815,  548,  487,  150,  674,  851,  788,  893,  286,  716,  214,  703,  390,  538,  440,  126,  619,  325,   96,  719,  226, 1017, 1008,  175, 1090,  599,   94],
        [  566,    0,  348,  699,  331,  482,  433,  533,  158,  328,  596,    0,  622,  696,  341,  298,  549,  710,  680,  750,  826,  723,  767,  445,  642,  738,  411,  803,  402,  514,  411,  274,  586,  738,  706,  223,  203,  531,  483,  855,  662,  296,  717,  699,  317,  127,  771,  243,   58,  124,  359,  530,  581,  648,  271,  465,  784,  433,  828,  512,  703,  778,  165,  327,  887,  755,  770,  353,  503,  449,  687,  506,  814,  761,  453,  502,  657,  721,  484,   72,  794,  909,  649,  423,   44,  720,  762,  356,  860,   54,  621,  145,  194,  753,  387,  786,  766,  773,  423,  578,  380,  405,  360,  519,  185,  216,  639,  540,  514, 1031,  327,  340,  553,  528,  492,  385,   85,  271,  271,  825,  507,  862,  445,  279,  719,  770,  949,  382,  512,  665,  510,  211,  714,  170,  305,  677,  805,  645,  716,  574,  666,  696,  370,  570],
        [  117,    0,  517,  805,  765,  312,  484,  577,  576,  452,  665,  622,    0,  806,  464,  350,  214,  418,  376,  853,  206,  379,  766,  309,  319,  136,  216,  776,  290,  531,  745,  834,  360,  277,  826,  756,  591,  494,  378,  288,  170,  358,  465,   78,  372,  502,  768,  412,  565,  739,  483,  294,  505,  764,  681,  497,  658,  448,  209,  295,  413,  590,  656,  545,  271,  149,  173,  278,  410,  306,  622,  398,  366,  691,  532,  266,  394,  634,  426,  693,  730,  396,   49,  770,  662,  403,  354,  797,  239,  578,  805,  568,  554,  833,  270,  249,  649,  158,  201,  111,  614,  588,  429,  413,  441,  579,  796,  576,  130,  484,  295,  317,  369,   94,  130,  332,  569,  592,  351,  428,  721,  308,  422,  531,  240,  571,  401,  586,  163,  344,  141,  456,  770,  780,  670,  753,  202,  492,  413,  533,  563,  547,  258,  727],
        [  689,    0,  384,    6,  429,  941,  350,  234,  541,  904,  142,  696,  806,    0,  426,  591,  593, 1158, 1115,   56,  921,  528,  138,  906, 1057,  932,  748,  176,  845, 1099,  317,  599, 1049, 1070,   22,  559,  494, 1091,  431,  810,  684,  779,  429,  841,  825,  712,  141,  577,  671,  771,  952,  966, 1132,   50,  441, 1044,  281,  992,  912,  511,  473,  352,  544,  958,  934,  940,  967,  642,  398,  907,  225,  409,  646,  216,  302,  924, 1114,  240, 1019,  721,  212,  757,  788,  320,  692, 1153,  595,  431,  947,  714,  100,  556,  511,   61,  800,  743,  271,  860,  692,  696,  319,  303,  918,  393,  701,  482,   67,  233,  693,  870,  678,  791, 1033,  760,  741,  865,  622,  932,  681,  591,  192,  794,  985,  910, 1035,  365,  827,  323,  844,  515,  680,  563,   67,  689,  400,   57,  850,  345, 1158, 1142,  280, 1227,  738,  126],
        [  360,    0,   55,  427,  312,  522,   95,  212,  199,  481,  295,  341,  464,  426,    0,  168,  292,  749,  707,  481,  638,  406,  458,  485,  653,  599,  339,  488,  424,  673,  282,  423,  634,  691,  443,  346,  179,  666,  158,  604,  417,  353,  381,  525,  400,  308,  462,  153,  295,  453,  529,  553,  707,  377,  236,  619,  448,  566,  635,  221,  375,  437,  260,  541,  680,  612,  636,  229,  168,  487,  355,  175,  514,  433,  130,  511,  702,  387,  594,  395,  469,  623,  467,  307,  359,  748,  457,  343,  671,  337,  386,  205,  160,  474,  381,  528,  430,  576,  295,  371,  153,  138,  493,  183,  284,  161,  390,  218,  335,  750,  258,  367,  614,  389,  361,  441,  257,  526,  256,  508,  281,  602,  560,  495,  659,  429,  675,  129,  448,  351,  324,  150,  421,  427,  215,  389,  590,  304,  751,  717,  328,  805,  321,  313],
        [  275,    0,  218,  592,  425,  355,  245,  368,  226,  325,  457,  298,  350,  591,  168,    0,  252,  584,  543,  646,  548,  440,  611,  318,  490,  480,  180,  637,  257,  511,  427,  484,  467,  541,  609,  407,  244,  501,  227,  559,  365,  191,  455,  423,  238,  207,  614,   63,  240,  421,  374,  387,  541,  542,  339,  457,  573,  403,  547,  226,  430,  543,  306,  397,  602,  495,  516,   76,  258,  320,  492,  256,  521,  572,  290,  346,  536,  520,  428,  367,  610,  612,  368,  451,  333,  584,  471,  458,  581,  268,  554,  218,  206,  638,  214,  489,  557,  490,  154,  287,  312,  304,  332,  273,  157,  233,  557,  372,  228,  733,   91,  200,  447,  262,  227,  274,  229,  398,   94,  539,  447,  566,  395,  355,  512,  531,  652,  292,  294,  381,  222,  106,  582,  439,  336,  552,  517,  407,  586,  551,  451,  638,  156,  480],
        [   98,    0,  340,  592,  604,  434,  287,  367,  455,  504,  453,  549,  214,  593,  292,  252,    0,  604,  560,  640,  352,  217,  554,  412,  501,  340,  249,  565,  365,  644,  563,  705,  519,  486,  614,  626,  454,  618,  172,  317,  125,  373,  276,  253,  408,  455,  556,  308,  492,  672,  548,  438,  643,  552,  527,  599,  456,  543,  347,   85,  231,  395,  531,  593,  389,  349,  376,  214,  199,  411,  411,  187,  273,  482,  331,  399,  570,  425,  542,  618,  522,  361,  197,  588,  583,  594,  230,  635,  383,  519,  597,  452,  423,  620,  323,  242,  444,  289,  187,  103,  429,  398,  495,  201,  398,  438,  586,  365,  122,  482,  258,  350,  516,  189,  187,  403,  477,  616,  310,  303,  521,  319,  523,  562,  449,  377,  402,  400,  295,  164,  111,  346,  556,  682,  507,  540,  299,  283,  601,  665,  352,  711,  272,  520],
        [  513,    0,  801, 1158,  982,  237,  809,  925,  758,  389, 1017,  710,  418, 1158,  749,  584,  604,    0,   44, 1210,  501,  795, 1146,  277,  103,  375,  412, 1163,  334,  279, 1006,  980,  125,  184, 1177,  917,  795,  234,  734,  663,  587,  434,  875,  444,  400,  591, 1149,  623,  673,  787,  375,  198,  201, 1111,  897,  295, 1059,  295,  513,  668,  825,  997,  826,  438,  569,  385,  371,  521,  770,  273, 1007,  761,  780, 1082,  859,  239,   54, 1025,  238,  767, 1122,  788,  461, 1029,  752,   25,  771, 1014,  516,  657, 1133,  742,  757, 1196,  372,  649, 1047,  504,  467,  513,  896,  886,  355,  779,  552,  792, 1132,  926,  484,  844,  494,  400,  158,  416,  425,  334,  706,  513,  513,  844, 1029,  689,  274,  465,  212,  979,  771,  875,  317,  755,  497,  658, 1135,  877,  906, 1111,  556,  885,   12,  232,  951,  159,  429, 1057],
        [  469,    0,  760, 1115,  945,  201,  767,  882,  722,  364,  974,  680,  376, 1115,  707,  543,  560,   44,    0, 1167,  468,  752, 1102,  241,   59,  339,  370, 1119,  296,  277,  967,  948,   95,  157, 1134,  883,  758,  230,  691,  626,  545,  398,  831,  405,  366,  559, 1105,  584,  641,  761,  355,  159,  205, 1068,  860,  284, 1015,  276,  480,  624,  782,  954,  791,  420,  537,  351,  338,  479,  727,  237,  963,  717,  739, 1038,  816,  199,   38,  981,  220,  738, 1078,  750,  419,  989,  723,   42,  729,  977,  484,  627, 1091,  707,  720, 1153,  333,  609, 1003,  468,  424,  470,  855,  845,  329,  735,  517,  754, 1090,  883,  441,  810,  453,  363,  131,  372,  381,  300,  672,  495,  475,  803,  988,  651,  252,  444,  180,  935,  735,  834,  273,  711,  453,  619, 1092,  848,  868, 1068,  519,  841,   44,  237,  907,  187,  388, 1014],
        [  737,    0,  440,   55,  476,  995,  404,  286,  595,  960,  194,  750,  853,   56,  481,  646,  640, 1210, 1167,    0,  961,  561,  138,  960, 1110,  977,  801,  169,  899, 1154,  364,  644, 1103, 1120,   44,  607,  548, 1147,  481,  844,  727,  834,  459,  886,  881,  768,  140,  632,  726,  823, 1008, 1020, 1187,  106,  492, 1100,  293, 1047,  953,  559,  506,  371,  596, 1014,  971,  985, 1012,  696,  447,  962,  255,  458,  676,  228,  357,  977, 1167,  264, 1074,  773,  215,  785,  834,  366,  745, 1206,  627,  475,  987,  769,  141,  611,  566,   32,  854,  779,  287,  902,  744,  742,  374,  359,  973,  441,  757,  536,  113,  285,  742,  894,  732,  846, 1087,  810,  792,  920,  677,  988,  736,  617,  244,  827, 1040,  966, 1084,  385,  855,  379,  896,  553,  729,  618,   88,  738,  452,  100,  889,  382, 1210, 1197,  313, 1282,  792,  180],
        [  280,    0,  688,  919,  948,  480,  638,  708,  773,  643,  788,  826,  206,  921,  638,  548,  352,  501,  468,  961,    0,  417,  854,  488,  425,  133,  421,  854,  484,  687,  914, 1030,  490,  320,  942,  952,  783,  645,  522,  178,  239,  561,  521,  128,  570,  708,  855,  610,  770,  944,  669,  448,  644,  885,  867,  664,  721,  621,   14,  436,  468,  641,  852,  734,   73,  118,  131,  479,  545,  485,  712,  532,  342,  768,  682,  434,  498,  715,  588,  897,  803,  306,  180,  939,  867,  480,  364,  980,   34,  783,  939,  765,  748,  937,  470,  202,  716,   64,  404,  269,  780,  750,  617,  543,  646,  770,  924,  705,  320,  345,  500,  518,  512,  300,  335,  523,  771,  788,  556,  416,  871,  206,  593,  727,  290,  622,  275,  752,  350,  410,  328,  653,  874,  982,  852,  865,   80,  581,  492,  674,  652,  654,  463,  863],
        [  288,    0,  433,  525,  690,  646,  346,  354,  600,  720,  411,  723,  379,  528,  406,  440,  217,  795,  752,  561,  417,    0,  442,  627,  694,  470,  466,  439,  582,  860,  617,  824,  723,  652,  549,  749,  584,  832,  248,  284,  212,  586,  105,  377,  624,  647,  443,  484,  669,  844,  764,  646,  855,  500,  628,  815,  304,  759,  407,  215,   56,  225,  665,  807,  415,  471,  498,  421,  242,  626,  307,  233,  124,  353,  369,  608,  767,  303,  757,  786,  387,  241,  341,  639,  750,  781,   68,  716,  438,  702,  568,  603,  563,  534,  540,  222,  300,  364,  403,  285,  493,  452,  711,  229,  595,  566,  546,  348,  332,  365,  468,  566,  724,  391,  398,  620,  643,  825,  514,  103,  531,  267,  739,  774,  614,  206,  306,  465,  500,   60,  323,  513,  473,  831,  597,  472,  340,  185,  790,  878,  249,  915,  488,  500],
        [  651,    0,  429,  133,  539,  944,  368,  246,  610,  934,  172,  767,  766,  138,  458,  611,  554, 1146, 1102,  138,  854,  442,    0,  912, 1044,  883,  745,   41,  852, 1120,  427,  710, 1046, 1039,  152,  660,  567, 1108,  413,  725,  625,  801,  338,  790,  848,  763,    4,  610,  734,  856,  983,  962, 1144,  155,  534, 1067,  157, 1012,  844,  480,  389,  238,  629,  998,  857,  889,  916,  648,  377,  912,  144,  386,  551,   94,  329,  920, 1106,  140, 1032,  802,   77,  656,  741,  436,  770, 1139,  506,  546,  877,  778,  232,  624,  575,  107,  806,  664,  153,  796,  684,  655,  391,  363,  943,  368,  741,  552,  198,  241,  666,  762,  690,  806, 1034,  735,  722,  878,  688,  982,  704,  488,  295,  706, 1002,  952, 1002,  254,  726,  386,  830,  444,  653,  606,   75,  786,  492,  109,  779,  277, 1145, 1158,  205, 1232,  743,  224],
        [  346,    0,  535,  906,  705,   40,  556,  677,  482,  162,  768,  445,  309,  906,  485,  318,  412,  277,  241,  960,  488,  627,  912,    0,  198,  365,  170,  933,   62,  234,  732,  709,  154,  300,  924,  643,  519,  206,  501,  596,  450,  158,  685,  376,  129,  322,  915,  350,  403,  537,  182,   86,  235,  857,  621,  193,  847,  140,  496,  452,  642,  798,  551,  249,  560,  383,  388,  265,  537,    5,  780,  530,  653,  859,  604,   64,  225,  803,  130,  507,  899,  700,  355,  754,  488,  282,  625,  737,  517,  392,  871,  466,  481,  949,  107,  552,  833,  457,  235,  353,  627,  621,  131,  549,  277,  516,  874,  680,  296,  792,  229,  125,  130,  246,  231,   61,  432,  309,  239,  702,  764,  616,  116,  249,  289,  781,  709,  608,  146,  575,  305,  383,  891,  614,  631,  863,  506,  671,  281,  254,  730,  322,  169,  797],
        [  411,    0,  705, 1057,  897,  161,  710,  824,  675,  338,  916,  642,  319, 1057,  653,  490,  501,  103,   59, 1110,  425,  694, 1044,  198,    0,  294,  314, 1060,  249,  285,  915,  907,   80,  134, 1077,  840,  710,  238,  632,  577,  488,  355,  773,  353,  327,  520, 1046,  533,  601,  730,  336,  114,  225, 1011,  812,  281,  956,  261,  436,  565,  723,  895,  747,  404,  496,  307,  298,  424,  668,  195,  904,  659,  684,  980,  759,  148,   76,  922,  209,  704, 1019,  699,  364,  938,  686,   97,  673,  930,  444,  590, 1035,  661,  671, 1095,  282,  557,  944,  420,  366,  411,  801,  790,  303,  677,  474,  705, 1033,  825,  382,  765,  400,  316,  115,  313,  322,  259,  629,  476,  425,  747,  933,  602,  235,  422,  146,  877,  688,  780,  215,  653,  394,  570, 1034,  812,  818, 1010,  472,  782,  102,  257,  849,  233,  335,  958],
        [  247,    0,  652,  930,  898,  353,  618,  707,  705,  524,  793,  738,  136,  932,  599,  480,  340,  375,  339,  977,  133,  470,  883,  365,  294,    0,  327,  889,  368,  556,  880,  962,  358,  199,  953,  885,  723,  513,  509,  289,  261,  457,  566,   94,  459,  614,  885,  541,  683,  851,  546,  318,  512,  891,  814,  534,  765,  494,  143,  424,  512,  691,  785,  613,  205,   18,   38,  406,  539,  361,  739,  526,  424,  804,  665,  307,  368,  748,  459,  808,  841,  416,  144,  905,  780,  354,  429,  931,  156,  691,  936,  695,  685,  956,  362,  285,  757,  131,  328,  239,  749,  723,  495,  541,  554,  711,  926,  705,  265,  472,  416,  412,  380,  219,  254,  405,  691,  670,  469,  495,  855,  316,  465,  609,  165,  672,  397,  721,  236,  446,  276,  584,  892,  900,  805,  878,  182,  607,  367,  542,  678,  525,  368,  858],
        [  202,    0,  392,  748,  602,  199,  398,  516,  391,  261,  608,  411,  216,  748,  339,  180,  249,  412,  370,  801,  421,  466,  745,  170,  314,  327,    0,  766,  117,  398,  607,  643,  303,  361,  766,  568,  417,  375,  334,  484,  310,  145,  518,  294,  168,  289,  749,  232,  356,  526,  302,  219,  405,  700,  515,  351,  677,  295,  425,  283,  477,  629,  469,  353,  486,  344,  360,  111,  370,  170,  612,  362,  506,  691,  447,  177,  367,  635,  298,  481,  730,  570,  252,  631,  453,  410,  472,  634,  454,  365,  721,  379,  378,  788,   75,  427,  663,  373,   66,  211,  489,  476,  248,  381,  228,  408,  721,  518,  145,  676,   97,  109,  289,  125,   93,  154,  367,  388,  143,  548,  619,  499,  276,  330,  334,  613,  592,  466,  115,  412,  150,  274,  728,  574,  515,  703,  413,  501,  413,  423,  561,  487,   42,  645],
        [  662,    0,  462,  171,  579,  965,  396,  277,  646,  962,  209,  803,  776,  176,  488,  637,  565, 1163, 1119,  169,  854,  439,   41,  933, 1060,  889,  766,    0,  875, 1145,  467,  750, 1065, 1050,  188,  700,  603, 1131,  433,  719,  630,  828,  335,  796,  874,  795,   38,  639,  769,  894, 1010,  982, 1167,  195,  573, 1093,  141, 1037,  844,  495,  387,  225,  667, 1028,  854,  894,  921,  671,  397,  934,  156,  405,  543,   87,  360,  940, 1124,  142, 1056,  839,   55,  644,  749,  476,  807, 1155,  500,  587,  876,  812,  272,  659,  610,  137,  828,  661,  141,  798,  704,  666,  429,  399,  969,  386,  771,  588,  238,  272,  680,  746,  714,  830, 1055,  750,  738,  902,  723, 1014,  731,  477,  336,  699, 1026,  982, 1013,  242,  714,  422,  847,  446,  667,  637,  116,  825,  531,  150,  778,  284, 1161, 1181,  214, 1252,  766,  264],
        [  308,    0,  474,  846,  649,   99,  496,  617,  427,  162,  707,  402,  290,  845,  424,  257,  365,  334,  296,  899,  484,  582,  852,   62,  249,  368,  117,  875,    0,  281,  673,  661,  213,  336,  863,  592,  462,  259,  444,  575,  415,  108,  634,  364,   93,  276,  856,  290,  356,  502,  195,  138,  293,  796,  564,  234,  791,  178,  490,  399,  593,  744,  498,  255,  554,  386,  395,  205,  480,   64,  722,  473,  616,  802,  543,  103,  284,  746,  183,  468,  841,  671,  334,  695,  446,  338,  585,  681,  514,  350,  810,  412,  424,  888,   47,  525,  776,  446,  182,  316,  566,  560,  141,  492,  226,  458,  813,  619,  255,  770,  168,   67,  191,  214,  193,   42,  382,  305,  180,  661,  703,  592,  159,  244,  319,  729,  686,  547,  134,  528,  262,  324,  830,  572,  572,  803,  491,  616,  338,  309,  673,  383,  110,  736],
        [  579,    0,  716, 1100,  829,  221,  756,  879,  610,  200,  967,  514,  531, 1099,  673,  511,  644,  279,  277, 1154,  687,  860, 1120,  234,  285,  556,  398, 1145,  281,    0,  882,  786,  206,  419, 1115,  736,  656,   47,  719,  816,  681,  321,  915,  590,  274,  421, 1124,  523,  495,  561,  158,  241,   83, 1049,  753,   55, 1069,  109,  697,  679,  874, 1024,  661,  193,  760,  572,  569,  477,  754,  235,  996,  748,  884, 1076,  800,  265,  239, 1022,  106,  556, 1115,  926,  579,  900,  552,  301,  858,  858,  711,  465, 1051,  593,  623, 1147,  326,  778, 1054,  668,  463,  585,  797,  801,  182,  767,  408,  658, 1059,  882,  529, 1011,  432,  316,  178,  477,  464,  247,  539,  266,  419,  935,  938,  838,  123,  237,  428, 1009,  929,  784,  373,  807,  538,  543, 1092,  666,  773, 1061,  719,  894,  290,   64,  949,  192,  386,  982],
        [  639,    0,  228,  321,  113,  771,  283,  275,  274,  682,  276,  411,  745,  317,  282,  427,  563, 1006,  967,  364,  914,  617,  427,  732,  915,  880,  607,  467,  673,  882,    0,  284,  885,  966,  321,  244,  227,  886,  401,  860,  684,  581,  552,  804,  624,  464,  431,  383,  402,  466,  725,  809,  932,  278,  140,  828,  509,  782,  910,  483,  570,  545,  248,  714,  950,  893,  917,  499,  387,  735,  412,  400,  738,  460,  250,  769,  956,  446,  821,  421,  480,  854,  746,   26,  397, 1008,  679,  121,  946,  442,  225,  292,  259,  377,  635,  784,  492,  851,  571,  650,  134,  169,  704,  396,  475,  224,  252,  283,  616,  980,  516,  608,  860,  670,  640,  679,  353,  672,  494,  711,  132,  853,  783,  664,  936,  547,  915,  163,  720,  575,  605,  350,  357,  375,  110,  319,  860,  453, 1009,  934,  428, 1040,  582,  204],
        [  753,    0,  392,  603,  172,  748,  481,  528,  258,  601,  552,  274,  834,  599,  423,  484,  705,  980,  948,  644, 1030,  824,  710,  709,  907,  962,  643,  750,  661,  786,  284,    0,  855,  992,  602,   79,  251,  805,  580, 1021,  829,  554,  783,  906,  582,  389,  714,  422,  308,  249,  632,  794,  854,  562,  199,  737,  780,  706, 1029,  642,  788,  803,  178,  595, 1081,  977,  997,  557,  582,  713,  679,  592,  936,  737,  472,  763,  927,  715,  757,  234,  759, 1045,  851,  279,  235,  988,  878,  170, 1064,  326,  504,  267,  284,  659,  637,  946,  762,  971,  635,  765,  351,  392,  633,  596,  435,  267,  533,  536,  711, 1172,  548,  595,  823,  744,  708,  649,  280,  532,  501,  926,  415, 1021,  718,  549,  970,  801, 1098,  373,  753,  772,  703,  379,  641,  134,  237,  603,  994,  691,  986,  847,  683,  969,  605,  487],
        [  435,    0,  685, 1050,  858,  114,  699,  818,  634,  270,  909,  586,  360, 1049,  634,  467,  519,  125,   95, 1103,  490,  723, 1046,  154,   80,  358,  303, 1065,  213,  206,  885,  855,    0,  214, 1068,  792,  672,  160,  633,  633,  524,  310,  794,  406,  275,  467, 1049,  503,  548,  667,  262,   84,  154, 1001,  774,  201,  969,  184,  501,  573,  747,  913,  701,  329,  563,  373,  367,  408,  669,  151,  910,  661,  725,  987,  748,  126,   73,  931,  130,  644, 1027,  751,  407,  907,  629,  135,  708,  890,  512,  533, 1019,  618,  634, 1090,  254,  605,  956,  478,  362,  438,  778,  770,  235,  680,  427,  669, 1021,  820,  397,  824,  377,  278,   37,  333,  333,  210,  581,  402,  392,  784,  913,  657,  159,  350,  222,  895,  745,  758,  225,  677,  409,  536, 1030,  754,  784, 1005,  530,  793,  131,  185,  857,  193,  313,  944],
        [  389,    0,  745, 1069,  962,  270,  733,  838,  748,  456,  928,  738,  277, 1070,  691,  541,  486,  184,  157, 1120,  320,  652, 1039,  300,  134,  199,  361, 1050,  336,  419,  966,  992,  214,    0, 1090,  921,  777,  372,  639,  487,  440,  443,  741,  281,  425,  612, 1042,  593,  691,  836,  461,  221,  356, 1026,  876,  414,  935,  390,  332,  562,  689,  866,  824,  530,  386,  207,  189,  468,  673,  296,  896,  662,  619,  967,  782,  239,  192,  910,  340,  803, 1006,  614,  312,  990,  782,  162,  619,  995,  333,  686, 1060,  735,  737, 1102,  356,  482,  925,  330,  396,  385,  843,  826,  422,  679,  560,  769, 1054,  838,  378,  664,  457,  399,  247,  311,  333,  358,  713,  599,  495,  688,  966,  514,  362,  542,   38,  847,  593,  819,  247,  620,  391,  633, 1039,  907,  876, 1020,  379,  767,  175,  388,  837,  341,  393,  982],
        [  710,    0,  400,   24,  433,  959,  369,  254,  552,  920,  163,  706,  826,   22,  443,  609,  614, 1177, 1134,   44,  942,  549,  152,  924, 1077,  953,  766,  188,  863, 1115,  321,  602, 1068, 1090,    0,  564,  505, 1108,  452,  831,  706,  795,  450,  863,  842,  726,  154,  592,  683,  779,  967,  985, 1149,   67,  448, 1061,  299, 1008,  934,  532,  494,  371,  552,  973,  955,  961,  988,  660,  418,  925,  245,  430,  667,  233,  320,  942, 1133,  260, 1036,  729,  227,  778,  809,  323,  701, 1173,  616,  433,  968,  726,   99,  568,  523,   60,  818,  764,  289,  882,  711,  717,  331,  318,  934,  414,  716,  493,   70,  253,  713,  890,  696,  808, 1051,  780,  761,  882,  633,  946,  698,  611,  200,  815, 1002,  924, 1055,  384,  847,  337,  864,  537,  700,  577,   84,  694,  408,   78,  872,  366, 1177, 1159,  301, 1245,  756,  137],
        [  674,    0,  318,  563,  136,  682,  408,  464,  181,  545,  496,  223,  756,  559,  346,  407,  626,  917,  883,  607,  952,  749,  660,  643,  840,  885,  568,  700,  592,  736,  244,   79,  792,  921,  564,    0,  173,  751,  503,  942,  750,  486,  711,  829,  518,  327,  664,  345,  246,  234,  580,  728,  800,  518,  132,  686,  719,  651,  951,  564,  714,  737,  101,  549, 1003,  901,  921,  480,  507,  647,  618,  516,  860,  680,  403,  694,  864,  654,  700,  201,  705,  968,  773,  245,  191,  924,  802,  149,  985,  271,  468,  191,  205,  619,  567,  867,  701,  893,  558,  686,  286,  326,  575,  521,  367,  189,  494,  472,  633, 1095,  473,  526,  761,  667,  632,  584,  212,  491,  428,  851,  369,  943,  660,  501,  898,  734, 1020,  305,  680,  696,  625,  301,  594,  133,  173,  556,  915,  621,  922,  795,  618,  914,  532,  440],
        [  504,    0,  163,  497,  188,  559,  254,  338,   49,  456,  395,  203,  591,  494,  179,  244,  454,  795,  758,  548,  783,  584,  567,  519,  710,  723,  417,  603,  462,  656,  227,  251,  672,  777,  505,  173,    0,  661,  337,  770,  578,  363,  556,  662,  403,  237,  571,  186,  180,  294,  499,  599,  708,  446,  102,  602,  594,  558,  782,  393,  553,  598,   82,  488,  832,  738,  759,  319,  345,  522,  495,  353,  691,  565,  263,  562,  744,  530,  599,  238,  597,  798,  605,  245,  205,  800,  634,  220,  817,  223,  422,   66,   40,  551,  429,  695,  576,  723,  397,  516,  177,  205,  479,  360,  252,   19,  439,  346,  465,  924,  321,  396,  645,  505,  470,  463,  130,  449,  285,  687,  307,  771,  560,  438,  750,  593,  848,  182,  531,  530,  457,  144,  512,  250,  118,  475,  744,  472,  799,  709,  482,  818,  384,  369],
        [  548,    0,  711, 1093,  839,  187,  746,  868,  617,  208,  957,  531,  494, 1091,  666,  501,  618,  234,  230, 1147,  645,  832, 1108,  206,  238,  513,  375, 1131,  259,   47,  886,  805,  160,  372, 1108,  751,  661,    0,  702,  777,  648,  314,  891,  550,  268,  431, 1111,  519,  507,  587,  173,  202,   50, 1042,  760,   70, 1050,  104,  655,  657,  848, 1003,  672,  221,  717,  529,  525,  461,  738,  207,  980,  731,  851, 1060,  791,  230,  193, 1005,   77,  577, 1099,  889,  542,  905,  570,  255,  827,  869,  668,  481, 1048,  600,  627, 1138,  306,  742, 1035,  627,  440,  554,  796,  797,  182,  750,  411,  663, 1054,  871,  501,  971,  418,  303,  133,  445,  435,  230,  550,  296,  411,  904,  936,  799,  107,  259,  382,  987,  890,  781,  339,  781,  510,  542, 1082,  688,  778, 1052,  678,  875,  245,   51,  932,  165,  367,  977],
        [  263,    0,  191,  431,  456,  532,  119,  200,  353,  545,  290,  483,  378,  431,  158,  227,  172,  734,  691,  481,  522,  248,  413,  501,  632,  509,  334,  433,  444,  719,  401,  580,  633,  639,  452,  503,  337,  702,    0,  460,  286,  408,  235,  423,  452,  423,  416,  255,  431,  601,  593,  550,  736,  387,  387,  668,  351,  611,  516,   87,  221,  317,  418,  622,  552,  519,  545,  243,   37,  502,  279,   30,  357,  358,  161,  508,  693,  303,  626,  543,  398,  467,  367,  425,  507,  728,  299,  485,  552,  469,  428,  357,  316,  464,  397,  384,  336,  459,  271,  271,  268,  233,  547,   49,  381,  319,  418,  199,  262,  595,  289,  403,  622,  330,  312,  473,  401,  624,  317,  350,  350,  455,  598,  581,  604,  304,  523,  239,  418,  194,  249,  275,  402,  583,  360,  381,  463,  181,  734,  752,  231,  820,  335,  350],
        [  293,    0,  646,  808,  913,  598,  578,  620,  771,  736,  688,  855,  288,  810,  604,  559,  317,  663,  626,  844,  178,  284,  725,  596,  577,  289,  484,  719,  575,  816,  860, 1021,  633,  487,  831,  942,  770,  777,  460,    0,  195,  629,  387,  228,  650,  749,  726,  619,  797,  978,  769,  576,  784,  781,  839,  784,  581,  736,  164,  384,  339,  498,  847,  829,  144,  280,  300,  504,  473,  593,  590,  461,  181,  634,  613,  552,  652,  586,  712,  925,  666,  129,  242,  884,  892,  643,  220,  943,  183,  820,  844,  767,  739,  817,  549,   77,  578,  159,  445,  281,  728,  691,  715,  466,  688,  754,  825,  616,  349,  196,  539,  592,  648,  364,  392,  617,  788,  871,  596,  254,  793,   29,  709,  811,  454,  479,  114,  699,  451,  299,  350,  659,  757,  996,  816,  754,  108,  466,  655,  813,  532,  809,  522,  772],
        [  109,    0,  463,  683,  728,  461,  404,  470,  577,  570,  550,  662,  170,  684,  417,  365,  125,  587,  545,  727,  239,  212,  625,  450,  488,  261,  310,  630,  415,  681,  684,  829,  524,  440,  706,  750,  578,  648,  286,  195,    0,  451,  306,  168,  478,  559,  627,  425,  604,  785,  609,  452,  665,  647,  651,  642,  504,  588,  232,  202,  252,  431,  654,  662,  267,  265,  292,  313,  308,  448,  482,  295,  204,  544,  446,  419,  562,  488,  576,  732,  581,  261,  129,  709,  698,  572,  186,  759,  268,  628,  701,  573,  547,  703,  381,  124,  496,  177,  261,  100,  551,  517,  554,  305,  499,  563,  686,  467,  167,  373,  351,  419,  530,  205,  223,  457,  594,  696,  407,  260,  634,  201,  565,  639,  402,  411,  290,  522,  310,  185,  164,  464,  640,  801,  631,  629,  177,  350,  582,  690,  421,  714,  344,  624],
        [  343,    0,  398,  780,  549,  198,  436,  559,  325,  138,  646,  296,  358,  779,  353,  191,  373,  434,  398,  834,  561,  586,  801,  158,  355,  457,  145,  828,  108,  321,  581,  554,  310,  443,  795,  486,  363,  314,  408,  629,  451,    0,  622,  436,   47,  169,  805,  206,  249,  399,  186,  242,  356,  729,  465,  267,  759,  213,  566,  383,  588,  722,  393,  222,  628,  474,  487,  170,  442,  162,  680,  438,  641,  760,  480,  210,  382,  708,  243,  362,  799,  712,  396,  602,  339,  440,  601,  581,  593,  244,  735,  309,  326,  827,   96,  570,  742,  516,  192,  353,  484,  484,  142,  456,  120,  361,  741,  562,  285,  820,  122,   46,  282,  269,  237,  100,  275,  246,   99,  675,  624,  643,  208,  190,  424,  708,  735,  468,  223,  529,  287,  232,  771,  465,  477,  741,  557,  587,  439,  364,  637,  460,  108,  664],
