{
    "name": "random-30-26224",
    "comment": "size=30 seed=26224",
    "nodes": ["+0", "-0", "+1", "-1", "+2", "-2", "+3", "-3", "+4", "-4", "+5", "-5", "+6", "-6", "+7", "-7", "+8", "-8", "+9", "-9", "+10", "-10", "+11", "-11", "+12", "-12", "+13", "-13", "+14", "-14", "+15", "-15", "+16", "-16", "+17", "-17", "+18", "-18", "+19", "-19", "+20", "-20", "+21", "-21", "+22", "-22", "+23", "-23", "+24", "-24", "+25", "-25", "+26", "-26", "+27", "-27", "+28", "-28", "+29", "-29", "+30", "-30"],
    "precedence": {
        "+0": "-0",
        "+1": "-1",
        "+2": "-2",
        "+3": "-3",
        "+4": "-4",
        "+5": "-5",
        "+6": "-6",
        "+7": "-7",
        "+8": "-8",
        "+9": "-9",
        "+10": "-10",
        "+11": "-11",
        "+12": "-12",
        "+13": "-13",
        "+14": "-14",
        "+15": "-15",
        "+16": "-16",
        "+17": "-17",
        "+18": "-18",
        "+19": "-19",
        "+20": "-20",
        "+21": "-21",
        "+22": "-22",
        "+23": "-23",
        "+24": "-24",
        "+25": "-25",
        "+26": "-26",
        "+27": "-27",
        "+28": "-28",
        "+29": "-29",
        "+30": "-30"
    },
    "edges": [
        [    0,    0,  722,  834,   79,  452,  341,  584,  721,  610,  348,  291,  773,  565,  290,  277,  992,  425,  293,  483,  780,  145,  443,  713,  428,  455,  225,  862,  488,  733,  206,  606,  588,  347,  244,  272,  855,  283,  282,  526,  127,   28,  167,  413,  271,  579,  732,  502,  190,  313,  229,  281,  293,  460,  889,  753,  367,  280,  547,  276,  287,  542],
        [    0,    0,  722,  834,   79,  452,  341,  584,  721,  610,  348,  291,  773,  565,  290,  277,  992,  425,  293,  483,  780,  145,  443,  713,  428,  455,  225,  862,  488,  733,  206,  606,  588,  347,  244,  272,  855,  283,  282,  526,  127,   28,  167,  413,  271,  579,  732,  502,  190,  313,  229,  281,  293,  460,  889,  753,  367,  280,  547,  276,  287,  542],
        [  722,  722,    0,  278,  724,  410,  444,  654,  255,  146,  638,  952,  256,  177,  763,  466,  442,  541,  484,  404,  498,  750,  596,  874,  705,  468,  536,  485,  268,  399,  874,  176,  610,  478,  479,  560,  355,  554,  660,  203,  616,  696,  842,  470,  873,  714,  602,  467,  896,  916,  949,  614,  733,  411,  417,  168,  482,  444,  514,  677,  436,  581],
        [  834,  834,  278,    0,  861,  645,  642,  540,  533,  262,  851, 1103,   62,  304,  954,  558,  177,  774,  547,  380,  280,  903,  546,  736,  659,  437,  702,  229,  353,  203,  934,  247,  492,  684,  613,  599,   81,  590,  674,  411,  711,  807,  911,  463, 1041,  607,  417,  717, 1022,  940, 1041,  810,  927,  400,  142,  117,  498,  585,  421,  693,  568,  486],
        [   79,   79,  724,  861,    0,  414,  312,  651,  695,  624,  280,  244,  801,  577,  211,  308, 1025,  369,  335,  527,  830,   68,  509,  789,  502,  506,  197,  907,  509,  776,  271,  624,  653,  307,  252,  330,  889,  341,  355,  523,  178,   88,  233,  463,  204,  650,  792,  454,  172,  385,  256,  218,  215,  504,  926,  772,  417,  284,  604,  350,  296,  605],
        [  452,  452,  410,  645,  414,    0,  116,  739,  291,  386,  235,  595,  598,  350,  374,  340,  822,  131,  392,  490,  754,  410,  614,  944,  681,  522,  228,  790,  352,  664,  651,  410,  713,  108,  266,  463,  705,  467,  561,  235,  406,  432,  613,  490,  502,  775,  791,   89,  576,  740,  670,  231,  342,  476,  760,  531,  463,  242,  623,  571,  259,  665],
        [  341,  341,  444,  642,  312,  116,    0,  651,  384,  381,  211,  516,  588,  338,  320,  238,  817,  167,  292,  420,  706,  319,  519,  848,  577,  440,  117,  756,  309,  625,  537,  396,  630,   48,  155,  357,  691,  361,  450,  244,  290,  319,  499,  404,  431,  681,  725,  189,  479,  624,  564,  172,  291,  403,  741,  534,  371,  137,  546,  459,  158,  581],
        [  584,  584,  654,  540,  651,  739,  651,    0,  839,  515,  819,  867,  494,  503,  839,  419,  615,  816,  366,  269,  311,  717,  145,  222,  185,  220,  617,  413,  432,  343,  560,  480,   49,  695,  513,  330,  504,  320,  306,  588,  477,  566,  556,  250,  853,   67,  189,  827,  750,  505,  700,  748,  828,  274,  495,  547,  281,  518,  141,  317,  496,   78],
        [  721,  721,  255,  533,  695,  291,  384,  839,    0,  343,  516,  885,  509,  341,  661,  530,  692,  398,  569,  571,  739,  697,  748, 1060,  842,  627,  500,  736,  409,  639,  908,  380,  800,  394,  495,  651,  609,  649,  756,  257,  647,  697,  871,  612,  792,  891,  825,  300,  862,  979,  947,  521,  629,  569,  671,  422,  606,  461,  702,  771,  466,  762],
        [  610,  610,  146,  262,  624,  386,  381,  515,  343,    0,  590,  861,  213,   47,  696,  340,  439,  513,  350,  259,  401,  658,  451,  736,  560,  323,  450,  415,  130,  302,  745,   37,  471,  423,  373,  422,  319,  415,  519,  152,  495,  583,  715,  324,  792,  573,  483,  462,  792,  779,  831,  551,  669,  266,  375,  154,  339,  341,  374,  537,  328,  440],
        [  348,  348,  638,  851,  280,  235,  211,  819,  516,  590,    0,  386,  799,  548,  148,  403, 1028,  121,  454,  614,  910,  241,  678,  996,  710,  624,  203,  964,  519,  832,  550,  606,  805,  167,  309,  497,  902,  505,  567,  447,  374,  341,  512,  583,  287,  838,  916,  223,  401,  661,  521,   74,  117,  595,  952,  742,  543,  313,  731,  570,  336,  755],
        [  291,  291,  952, 1103,  244,  595,  516,  867,  885,  861,  386,    0, 1044,  815,  241,  552, 1268,  505,  577,  769, 1069,  204,  730,  974,  700,  744,  416, 1149,  751, 1019,  362,  864,  876,  495,  491,  562, 1132,  573,  562,  749,  414,  314,  343,  702,  101,  856, 1022,  605,  125,  480,  242,  365,  270,  746, 1170, 1011,  656,  521,  838,  552,  536,  830],
        [  773,  773,  256,   62,  801,  598,  588,  494,  509,  213,  799, 1044,    0,  252,  897,  497,  230,  725,  486,  320,  259,  844,  491,  696,  604,  378,  645,  230,  295,  169,  874,  193,  445,  632,  554,  539,  107,  529,  615,  364,  650,  746,  850,  403,  982,  560,  386,  673,  961,  881,  980,  755,  872,  339,  167,   89,  438,  527,  369,  633,  510,  435],
        [  565,  565,  177,  304,  577,  350,  338,  503,  341,   47,  548,  815,  252,    0,  651,  297,  481,  475,  309,  239,  419,  612,  427,  724,  533,  300,  404,  443,   92,  323,  703,   61,  462,  381,  326,  384,  357,  378,  483,  120,  451,  537,  673,  297,  745,  558,  488,  430,  746,  740,  786,  506,  625,  242,  411,  199,  306,  294,  363,  501,  282,  426],
        [  290,  290,  763,  954,  211,  374,  320,  839,  661,  696,  148,  241,  897,  651,    0,  447, 1127,  269,  490,  671,  976,  148,  695,  992,  703,  667,  256, 1041,  606,  908,  468,  707,  833,  286,  361,  510,  996,  520,  555,  564,  364,  294,  434,  624,  141,  846,  961,  370,  277,  588,  407,  150,   32,  650, 1042,  850,  580,  378,  772,  553,  399,  784],
        [  277,  277,  466,  558,  308,  340,  238,  419,  530,  340,  403,  552,  497,  297,  447,    0,  718,  400,   54,  226,  531,  359,  282,  611,  342,  222,  203,  603,  214,  470,  408,  332,  402,  279,   95,  126,  582,  128,  229,  290,  156,  250,  377,  181,  501,  445,  517,  423,  465,  457,  492,  336,  429,  204,  619,  478,  140,  102,  329,  243,   82,  353],
        [  992,  992,  442,  177, 1025,  822,  817,  615,  692,  439, 1028, 1268,  230,  481, 1127,  718,    0,  950,  701,  519,  309, 1070,  658,  779,  764,  567,  874,  212,  523,  285, 1075,  422,  569,  861,  781,  743,  137,  733,  806,  588,  867,  966, 1054,  600, 1210,  680,  452,  892, 1182, 1066, 1190,  985, 1101,  541,  121,  292,  640,  755,  522,  824,  737,  578],
        [  425,  425,  541,  774,  369,  131,  167,  816,  398,  513,  121,  505,  725,  475,  269,  400,  950,    0,  453,  585,  865,  344,  681, 1009,  732,  607,  226,  909,  464,  780,  631,  535,  796,  122,  310,  512,  831,  518,  597,  363,  417,  411,  592,  570,  407,  844,  890,  102,  509,  733,  621,  153,  237,  568,  885,  660,  536,  299,  712,  604,  321,  746],
        [  293,  293,  484,  547,  335,  392,  292,  366,  569,  350,  454,  577,  486,  309,  490,   54,  701,  453,    0,  192,  496,  391,  229,  557,  290,  178,  252,  573,  220,  442,  397,  336,  352,  332,  147,   82,  564,   81,  188,  322,  167,  267,  369,  134,  534,  391,  472,  476,  482,  433,  494,  385,  474,  170,  597,  476,   91,  155,  282,  203,  135,  301],
        [  483,  483,  404,  380,  527,  490,  420,  269,  571,  259,  614,  769,  320,  239,  671,  226,  519,  585,  192,    0,  306,  582,  193,  489,  305,   66,  421,  381,  163,  251,  557,  229,  232,  466,  312,  225,  383,  214,  295,  320,  357,  457,  536,   84,  725,  321,  306,  578,  672,  562,  671,  551,  652,   23,  410,  336,  122,  302,  136,  314,  279,  192],
        [  780,  780,  498,  280,  830,  754,  706,  311,  739,  401,  910, 1069,  259,  419,  976,  531,  309,  865,  496,  306,    0,  886,  380,  473,  475,  326,  723,  103,  403,  100,  819,  366,  268,  753,  616,  511,  218,  499,  546,  536,  656,  756,  806,  368, 1030,  374,  145,  839,  966,  791,  948,  852,  956,  328,  192,  341,  414,  602,  246,  563,  580,  286],
        [  145,  145,  750,  903,   68,  410,  319,  717,  697,  658,  241,  204,  844,  612,  148,  359, 1070,  344,  391,  582,  886,    0,  574,  856,  569,  565,  214,  961,  550,  829,  322,  662,  717,  304,  290,  393,  935,  404,  422,  547,  241,  155,  287,  522,  144,  717,  854,  437,  168,  441,  280,  191,  157,  559,  975,  809,  476,  319,  666,  417,  335,  668],
        [  443,  443,  596,  546,  509,  614,  519,  145,  748,  451,  678,  730,  491,  427,  695,  282,  658,  681,  229,  193,  380,  574,    0,  331,  115,  129,  476,  478,  343,  373,  443,  421,  146,  560,  374,  186,  530,  176,  174,  492,  334,  424,  434,  136,  711,  163,  297,  700,  616,  413,  578,  606,  684,  186,  539,  522,  151,  383,  137,  188,  362,  103],
        [  713,  713,  874,  736,  789,  944,  848,  222, 1060,  736,  996,  974,  696,  724,  992,  611,  779, 1009,  557,  489,  473,  856,  331,    0,  289,  436,  797,  567,  652,  533,  625,  701,  265,  889,  701,  501,  687,  494,  437,  808,  630,  702,  636,  460,  980,  172,  328, 1031,  850,  533,  769,  923,  986,  492,  664,  758,  482,  712,  362,  440,  691,  299],
        [  428,  428,  705,  659,  502,  681,  577,  185,  842,  560,  710,  700,  604,  533,  703,  342,  764,  732,  290,  305,  475,  569,  115,  289,    0,  240,  513,  576,  446,  480,  377,  532,  214,  614,  424,  221,  640,  216,  149,  587,  342,  415,  376,  237,  697,  157,  370,  764,  579,  322,  519,  637,  697,  295,  644,  636,  237,  441,  243,  153,  423,  189],
        [  455,  455,  468,  437,  506,  522,  440,  220,  627,  323,  624,  744,  378,  300,  667,  222,  567,  607,  178,   66,  326,  565,  129,  436,  240,    0,  424,  412,  219,  289,  509,  293,  191,  486,  316,  186,  433,  174,  240,  372,  331,  431,  490,   44,  708,  266,  295,  610,  641,  504,  629,  557,  650,   59,  453,  400,   90,  313,  108,  258,  290,  145],
        [  225,  225,  536,  702,  197,  228,  117,  617,  500,  450,  203,  416,  645,  404,  256,  203,  874,  226,  252,  421,  723,  214,  476,  797,  513,  424,    0,  786,  352,  653,  425,  457,  603,  125,  109,  296,  742,  304,  374,  334,  192,  205,  386,  383,  342,  636,  718,  286,  368,  517,  448,  134,  234,  400,  787,  603,  342,  123,  531,  380,  144,  553],
        [  862,  862,  485,  229,  907,  790,  756,  413,  736,  415,  964, 1149,  230,  443, 1041,  603,  212,  909,  573,  381,  103,  961,  478,  567,  576,  412,  786,    0,  447,  134,  914,  385,  370,  802,  682,  597,  152,  585,  640,  562,  737,  838,  898,  452, 1104,  475,  241,  871, 1050,  890, 1039,  910, 1019,  404,  105,  319,  497,  664,  342,  657,  642,  387],
        [  488,  488,  268,  353,  509,  352,  309,  432,  409,  130,  519,  751,  295,   92,  606,  214,  523,  464,  220,  163,  403,  550,  343,  652,  446,  219,  352,  447,    0,  317,  616,  119,  394,  356,  260,  293,  390,  287,  392,  158,  370,  461,  587,  209,  688,  483,  445,  438,  674,  650,  705,  468,  582,  161,  437,  265,  215,  233,  297,  409,  216,  354],
        [  733,  733,  399,  203,  776,  664,  625,  343,  639,  302,  832, 1019,  169,  323,  908,  470,  285,  780,  442,  251,  100,  829,  373,  533,  480,  289,  653,  134,  317,    0,  796,  268,  295,  671,  548,  472,  162,  460,  524,  442,  607,  708,  778,  326,  971,  409,  218,  748,  922,  783,  917,  777,  886,  274,  167,  246,  370,  530,  238,  542,  509,  296],
        [  206,  206,  874,  934,  271,  651,  537,  560,  908,  745,  550,  362,  874,  703,  468,  408, 1075,  631,  397,  557,  819,  322,  443,  625,  377,  509,  425,  914,  616,  796,    0,  732,  581,  548,  415,  336,  940,  345,  274,  691,  264,  222,   39,  475,  397,  532,  737,  707,  240,  123,  144,  485,  479,  536,  961,  872,  437,  450,  574,  257,  450,  544],
        [  606,  606,  176,  247,  624,  410,  396,  480,  380,   37,  606,  864,  193,   61,  707,  332,  422,  535,  336,  229,  366,  662,  421,  701,  532,  293,  457,  385,  119,  268,  732,    0,  437,  440,  373,  404,  297,  397,  498,  178,  488,  578,  704,  298,  797,  539,  446,  489,  790,  761,  823,  564,  681,  237,  351,  148,  316,  343,  340,  516,  328,  406],
        [  588,  588,  610,  492,  653,  713,  630,   49,  800,  471,  805,  876,  445,  462,  833,  402,  569,  796,  352,  232,  268,  717,  146,  265,  214,  191,  603,  370,  394,  295,  581,  437,    0,  674,  497,  325,  456,  314,  318,  552,  476,  569,  574,  226,  855,  115,  158,  801,  761,  535,  719,  736,  820,  240,  449,  499,  263,  499,   99,  331,  476,   51],
        [  347,  347,  478,  684,  307,  108,   48,  695,  394,  423,  167,  495,  632,  381,  286,  279,  861,  122,  332,  466,  753,  304,  560,  889,  614,  486,  125,  802,  356,  671,  548,  440,  674,    0,  190,  393,  735,  399,  483,  282,  313,  328,  510,  449,  406,  723,  771,  162,  469,  641,  563,  138,  256,  449,  787,  575,  415,  178,  591,  491,  200,  625],
        [  244,  244,  479,  613,  252,  266,  155,  513,  495,  373,  309,  491,  554,  326,  361,   95,  781,  310,  147,  312,  616,  290,  374,  701,  424,  316,  109,  682,  260,  548,  415,  373,  497,  190,    0,  204,  646,  209,  296,  283,  153,  218,  379,  275,  430,  536,  609,  344,  420,  486,  472,  242,  341,  292,  688,  521,  235,   37,  423,  306,   46,  447],
        [  272,  272,  560,  599,  330,  463,  357,  330,  651,  422,  497,  562,  539,  384,  510,  126,  743,  512,   82,  225,  511,  393,  186,  501,  221,  186,  296,  597,  293,  472,  336,  404,  325,  393,  204,    0,  607,   12,  106,  403,  152,  249,  312,  146,  533,  342,  463,  545,  456,  358,  447,  424,  499,  203,  633,  539,  104,  222,  277,  122,  205,  276],
        [  855,  855,  355,   81,  889,  705,  691,  504,  609,  319,  902, 1132,  107,  357,  996,  582,  137,  831,  564,  383,  218,  935,  530,  687,  640,  433,  742,  152,  390,  162,  940,  297,  456,  735,  646,  607,    0,  597,  672,  470,  730,  829,  919,  465, 1075,  570,  361,  780, 1045,  935, 1053,  856,  971,  405,   63,  189,  504,  621,  397,  691,  603,  457],
        [  283,  283,  554,  590,  341,  467,  361,  320,  649,  415,  505,  573,  529,  378,  520,  128,  733,  518,   81,  214,  499,  404,  176,  494,  216,  174,  304,  585,  287,  460,  345,  397,  314,  399,  209,   12,  597,    0,  109,  400,  164,  261,  323,  135,  544,  333,  452,  549,  468,  364,  458,  433,  509,  192,  622,  530,   93,  226,  265,  125,  208,  266],
        [  282,  282,  660,  674,  355,  561,  450,  306,  756,  519,  567,  562,  615,  483,  555,  229,  806,  597,  188,  295,  546,  422,  174,  437,  149,  240,  374,  640,  392,  524,  274,  498,  318,  483,  296,  106,  672,  109,    0,  508,  195,  268,  261,  212,  552,  297,  471,  639,  445,  267,  405,  493,  549,  276,  690,  625,  183,  320,  301,   19,  305,  276],
        [  526,  526,  203,  411,  523,  235,  244,  588,  257,  152,  447,  749,  364,  120,  564,  290,  588,  363,  322,  320,  536,  547,  492,  808,  587,  372,  334,  562,  158,  442,  691,  178,  552,  282,  283,  403,  470,  400,  508,    0,  429,  500,  657,  356,  671,  638,  597,  312,  695,  747,  754,  416,  535,  316,  526,  297,  351,  247,  454,  524,  243,  511],
        [  127,  127,  616,  711,  178,  406,  290,  477,  647,  495,  374,  414,  650,  451,  364,  156,  867,  417,  167,  357,  656,  241,  334,  630,  342,  331,  192,  737,  370,  607,  264,  488,  476,  313,  153,  152,  730,  164,  195,  429,    0,  101,  229,  288,  381,  482,  615,  474,  316,  336,  336,  301,  356,  334,  763,  633,  242,  188,  427,  196,  187,  428],
        [   28,   28,  696,  807,   88,  432,  319,  566,  697,  583,  341,  314,  746,  537,  294,  250,  966,  411,  267,  457,  756,  155,  424,  702,  415,  431,  205,  838,  461,  708,  222,  578,  569,  328,  218,  249,  829,  261,  268,  500,  101,    0,  183,  389,  287,  564,  711,  485,  216,  323,  255,  271,  294,  435,  863,  725,  343,  253,  525,  263,  260,  522],
        [  167,  167,  842,  911,  233,  613,  499,  556,  871,  715,  512,  343,  850,  673,  434,  377, 1054,  592,  369,  536,  806,  287,  434,  636,  376,  490,  386,  898,  587,  778,   39,  704,  574,  510,  379,  312,  919,  323,  261,  657,  229,  183,    0,  455,  370,  533,  730,  668,  219,  155,  145,  447,  443,  515,  942,  845,  415,  415,  561,  246,  415,  535],
        [  413,  413,  470,  463,  463,  490,  404,  250,  612,  324,  583,  702,  403,  297,  624,  181,  600,  570,  134,   84,  368,  522,  136,  460,  237,   44,  383,  452,  209,  326,  475,  298,  226,  449,  275,  146,  465,  135,  212,  356,  288,  389,  455,    0,  665,  288,  338,  577,  600,  479,  592,  516,  608,   65,  488,  416,   47,  273,  149,  230,  251,  177],
        [  271,  271,  873, 1041,  204,  502,  431,  853,  792,  792,  287,  101,  982,  745,  141,  501, 1210,  407,  534,  725, 1030,  144,  711,  980,  697,  708,  342, 1104,  688,  971,  397,  797,  855,  406,  430,  533, 1075,  544,  552,  671,  381,  287,  370,  665,    0,  849,  995,  508,  168,  519,  303,  272,  171,  702, 1116,  944,  619,  456,  807,  545,  473,  808],
        [  579,  579,  714,  607,  650,  775,  681,   67,  891,  573,  838,  856,  560,  558,  846,  445,  680,  844,  391,  321,  374,  717,  163,  172,  157,  266,  636,  475,  483,  409,  532,  539,  115,  723,  536,  342,  570,  333,  297,  638,  482,  564,  533,  288,  849,    0,  244,  861,  736,  466,  675,  765,  837,  322,  560,  611,  312,  545,  201,  305,  524,  134],
        [  732,  732,  602,  417,  792,  791,  725,  189,  825,  483,  916, 1022,  386,  488,  961,  517,  452,  890,  472,  306,  145,  854,  297,  328,  370,  295,  718,  241,  445,  218,  737,  446,  158,  771,  609,  463,  361,  452,  471,  597,  615,  711,  730,  338,  995,  244,    0,  879,  911,  692,  874,  851,  945,  323,  336,  460,  382,  604,  190,  485,  581,  195],
        [  502,  502,  467,  717,  454,   89,  189,  827,  300,  462,  223,  605,  673,  430,  370,  423,  892,  102,  476,  578,  839,  437,  700, 1031,  764,  610,  286,  871,  438,  748,  707,  489,  801,  162,  344,  545,  780,  549,  639,  312,  474,  485,  668,  577,  508,  861,  879,    0,  604,  802,  709,  247,  339,  565,  837,  601,  550,  324,  711,  648,  342,  753],
        [  190,  190,  896, 1022,  172,  576,  479,  750,  862,  792,  401,  125,  961,  746,  277,  465, 1182,  509,  482,  672,  966,  168,  616,  850,  579,  641,  368, 1050,  674,  922,  240,  790,  761,  469,  420,  456, 1045,  468,  445,  695,  316,  216,  219,  600,  168,  736,  911,  604,    0,  360,  136,  358,  299,  649, 1078,  938,  554,  454,  730,  434,  465,  717],
        [  313,  313,  916,  940,  385,  740,  624,  505,  979,  779,  661,  480,  881,  740,  588,  457, 1066,  733,  433,  562,  791,  441,  413,  533,  322,  504,  517,  890,  650,  783,  123,  761,  535,  641,  486,  358,  935,  364,  267,  747,  336,  323,  155,  479,  519,  466,  692,  802,  360,    0,  248,  593,  597,  543,  949,  891,  448,  520,  549,  249,  514,  506],
        [  229,  229,  949, 1041,  256,  670,  564,  700,  947,  831,  521,  242,  980,  786,  407,  492, 1190,  621,  494,  671,  948,  280,  578,  769,  519,  629,  448, 1039,  705,  917,  144,  823,  719,  563,  472,  447, 1053,  458,  405,  754,  336,  255,  145,  592,  303,  675,  874,  709,  136,  248,    0,  468,  427,  649, 1080,  968,  550,  508,  704,  390,  513,  680],
        [  281,  281,  614,  810,  218,  231,  172,  748,  521,  551,   74,  365,  755,  506,  150,  336,  985,  153,  385,  551,  852,  191,  606,  923,  637,  557,  134,  910,  468,  777,  485,  564,  736,  138,  242,  424,  856,  433,  493,  416,  301,  271,  447,  516,  272,  765,  851,  247,  358,  593,  468,    0,  120,  532,  904,  704,  475,  250,  664,  496,  273,  686],
        [  293,  293,  733,  927,  215,  342,  291,  828,  629,  669,  117,  270,  872,  625,   32,  429, 1101,  237,  474,  652,  956,  157,  684,  986,  697,  650,  234, 1019,  582,  886,  479,  681,  820,  256,  341,  499,  971,  509,  549,  535,  356,  294,  443,  608,  171,  837,  945,  339,  299,  597,  427,  120,    0,  631, 1018,  823,  564,  356,  756,  548,  378,  771],
        [  460,  460,  411,  400,  504,  476,  403,  274,  569,  266,  595,  746,  339,  242,  650,  204,  541,  568,  170,   23,  328,  559,  186,  492,  295,   59,  400,  404,  161,  274,  536,  237,  240,  449,  292,  203,  405,  192,  276,  316,  334,  435,  515,   65,  702,  322,  323,  565,  649,  543,  649,  532,  631,    0,  432,  351,  100,  283,  147,  295,  260,  197],
        [  889,  889,  417,  142,  926,  760,  741,  495,  671,  375,  952, 1170,  167,  411, 1042,  619,  121,  885,  597,  410,  192,  975,  539,  664,  644,  453,  787,  105,  437,  167,  961,  351,  449,  787,  688,  633,   63,  622,  690,  526,  763,  863,  942,  488, 1116,  560,  336,  837, 1078,  949, 1080,  904, 1018,  432,    0,  251,  530,  665,  403,  708,  646,  458],
        [  753,  753,  168,  117,  772,  531,  534,  547,  422,  154,  742, 1011,   89,  199,  850,  478,  292,  660,  476,  336,  341,  809,  522,  758,  636,  400,  603,  319,  265,  246,  872,  148,  499,  575,  521,  539,  189,  530,  625,  297,  633,  725,  845,  416,  944,  611,  460,  601,  938,  891,  968,  704,  823,  351,  251,    0,  444,  491,  413,  644,  476,  481],
        [  367,  367,  482,  498,  417,  463,  371,  281,  606,  339,  543,  656,  438,  306,  580,  140,  640,  536,   91,  122,  414,  476,  151,  482,  237,   90,  342,  497,  215,  370,  437,  316,  263,  415,  235,  104,  504,   93,  183,  351,  242,  343,  415,   47,  619,  312,  382,  550,  554,  448,  550,  475,  564,  100,  530,  444,    0,  237,  193,  201,  215,  213],
        [  280,  280,  444,  585,  284,  242,  137,  518,  461,  341,  313,  521,  527,  294,  378,  102,  755,  299,  155,  302,  602,  319,  383,  712,  441,  313,  123,  664,  233,  530,  450,  343,  499,  178,   37,  222,  621,  226,  320,  247,  188,  253,  415,  273,  456,  545,  604,  324,  454,  520,  508,  250,  356,  283,  665,  491,  237,    0,  419,  330,   24,  449],
        [  547,  547,  514,  421,  604,  623,  546,  141,  702,  374,  731,  838,  369,  363,  772,  329,  522,  712,  282,  136,  246,  666,  137,  362,  243,  108,  531,  342,  297,  238,  574,  340,   99,  591,  423,  277,  397,  265,  301,  454,  427,  525,  561,  149,  807,  201,  190,  711,  730,  549,  704,  664,  756,  147,  403,  413,  193,  419,    0,  318,  396,   69],
        [  276,  276,  677,  693,  350,  571,  459,  317,  771,  537,  570,  552,  633,  501,  553,  243,  824,  604,  203,  314,  563,  417,  188,  440,  153,  258,  380,  657,  409,  542,  257,  516,  331,  491,  306,  122,  691,  125,   19,  524,  196,  263,  246,  230,  545,  305,  485,  648,  434,  249,  390,  496,  548,  295,  708,  644,  201,  330,  318,    0,  317,  290],
        [  287,  287,  436,  568,  296,  259,  158,  496,  466,  328,  336,  536,  510,  282,  399,   82,  737,  321,  135,  279,  580,  335,  362,  691,  423,  290,  144,  642,  216,  509,  450,  328,  476,  200,   46,  205,  603,  208,  305,  243,  187,  260,  415,  251,  473,  524,  581,  342,  465,  514,  513,  273,  378,  260,  646,  476,  215,   24,  396,  317,    0,  427],
        [  542,  542,  581,  486,  605,  665,  581,   78,  762,  440,  755,  830,  435,  426,  784,  353,  578,  746,  301,  192,  286,  668,  103,  299,  189,  145,  553,  387,  354,  296,  544,  406,   51,  625,  447,  276,  457,  266,  276,  511,  428,  522,  535,  177,  808,  134,  195,  753,  717,  506,  680,  686,  771,  197,  458,  481,  213,  449,   69,  290,  427,    0]
    ]
}
