{
    "name": "random-79-16993",
    "comment": "size=79 seed=16993",
    "nodes": ["+0", "-0", "+1", "-1", "+2", "-2", "+3", "-3", "+4", "-4", "+5", "-5", "+6", "-6", "+7", "-7", "+8", "-8", "+9", "-9", "+10", "-10", "+11", "-11", "+12", "-12", "+13", "-13", "+14", "-14", "+15", "-15", "+16", "-16", "+17", "-17", "+18", "-18", "+19", "-19", "+20", "-20", "+21", "-21", "+22", "-22", "+23", "-23", "+24", "-24", "+25", "-25", "+26", "-26", "+27", "-27", "+28", "-28", "+29", "-29", "+30", "-30", "+31", "-31", "+32", "-32", "+33", "-33", "+34", "-34", "+35", "-35", "+36", "-36", "+37", "-37", "+38", "-38", "+39", "-39", "+40", "-40", "+41", "-41", "+42", "-42", "+43", "-43", "+44", "-44", "+45", "-45", "+46", "-46", "+47", "-47", "+48", "-48", "+49", "-49", "+50", "-50", "+51", "-51", "+52", "-52", "+53", "-53", "+54", "-54", "+55", "-55", "+56", "-56", "+57", "-57", "+58", "-58", "+59", "-59", "+60", "-60", "+61", "-61", "+62", "-62", "+63", "-63", "+64", "-64", "+65", "-65", "+66", "-66", "+67", "-67", "+68", "-68", "+69", "-69", "+70", "-70", "+71", "-71", "+72", "-72", "+73", "-73", "+74", "-74", "+75", "-75", "+76", "-76", "+77", "-77", "+78", "-78", "+79", "-79"],
    "precedence": {
        "+0": "-0",
        "+1": "-1",
        "+2": "-2",
        "+3": "-3",
        "+4": "-4",
        "+5": "-5",
        "+6": "-6",
        "+7": "-7",
        "+8": "-8",
        "+9": "-9",
        "+10": "-10",
        "+11": "-11",
        "+12": "-12",
        "+13": "-13",
        "+14": "-14",
        "+15": "-15",
        "+16": "-16",
        "+17": "-17",
        "+18": "-18",
        "+19": "-19",
        "+20": "-20",
        "+21": "-21",
        "+22": "-22",
        "+23": "-23",
        "+24": "-24",
        "+25": "-25",
        "+26": "-26",
        "+27": "-27",
        "+28": "-28",
        "+29": "-29",
        "+30": "-30",
        "+31": "-31",
        "+32": "-32",
        "+33": "-33",
        "+34": "-34",
        "+35": "-35",
        "+36": "-36",
        "+37": "-37",
        "+38": "-38",
        "+39": "-39",
        "+40": "-40",
        "+41": "-41",
        "+42": "-42",
        "+43": "-43",
        "+44": "-44",
        "+45": "-45",
        "+46": "-46",
        "+47": "-47",
        "+48": "-48",
        "+49": "-49",
        "+50": "-50",
        "+51": "-51",
        "+52": "-52",
        "+53": "-53",
        "+54": "-54",
        "+55": "-55",
        "+56": "-56",
        "+57": "-57",
        "+58": "-58",
        "+59": "-59",
        "+60": "-60",
        "+61": "-61",
        "+62": "-62",
        "+63": "-63",
        "+64": "-64",
        "+65": "-65",
        "+66": "-66",
        "+67": "-67",
        "+68": "-68",
        "+69": "-69",
        "+70": "-70",
        "+71": "-71",
        "+72": "-72",
        "+73": "-73",
        "+74": "-74",
        "+75": "-75",
        "+76": "-76",
        "+77": "-77",
        "+78": "-78",
        "+79": "-79"
    },
    "edges": [
        [    0,    0,  159,  510,  541,  354,  904,  674,  576,  586,  312,  803,  165,  510,  528,  531,  447,  306,  566,  480,  880,  324,  616,  282,  790,  597,  192,  316,  726,  735,  405,  400,  452,  122,  579,  123,  152,   63,  545,  523,  496,  705,  503,   68,  814,  304,  629,  218,  344,  270,  215,  613,  425,  567,  414,  567,  581,  557,  317,  163,  568,  205,  565,  627,  617,  668,  653,  817,  902,  428,   90,  351,  645,  729,  557,  256,  682,  517,  995,   78,  303,  312,  242,  734,  422,  341,  499,  206,  356,  321,  428,  368,  312,  920,  757,  886,  322,  552,  174,  668,  883,  149,  434,  335,  410,  208,  578,  275,  282,  806,  190,  195,  533,  806,  221,  682,  780,  530,  492,  416,  524,  211,  277,  415,  741,  379,  585,  602,  764,  231,  313,  705,  655,  710,  621,  767,  809,  365,  192,  634,  746,  239,   60,  504,  680,   77,   61,  602,  677,  480,  799,  650,  384,  865,  845,  726,  609,  520,  506,  423],
        [    0,    0,    0,    0,    0,    0,    0,    0,    0,    0,    0,    0,    0,    0,    0,    0,    0,    0,    0,    0,    0,    0,    0,    0,    0,    0,    0,    0,    0,    0,    0,    0,    0,    0,    0,    0,    0,    0,    0,    0,    0,    0,    0,    0,    0,    0,    0,    0,    0,    0,    0,    0,    0,    0,    0,    0,    0,    0,    0,    0,    0,    0,    0,    0,    0,    0,    0,    0,    0,    0,    0,    0,    0,    0,    0,    0,    0,    0,    0,    0,    0,    0,    0,    0,    0,    0,    0,    0,    0,    0,    0,    0,    0,    0,    0,    0,    0,    0,    0,    0,    0,    0,    0,    0,    0,    0,    0,    0,    0,    0,    0,    0,    0,    0,    0,    0,    0,    0,    0,    0,    0,    0,    0,    0,    0,    0,    0,    0,    0,    0,    0,    0,    0,    0,    0,    0,    0,    0,    0,    0,    0,    0,    0,    0,    0,    0,    0,    0,    0,    0,    0,    0,    0,    0,    0,    0,    0,    0,    0,    0],
        [  159,    0,    0,  455,  481,  213,  976,  711,  546,  726,  156,  877,  316,  597,  596,  680,  463,  456,  724,  500,  927,  183,  674,  249,  780,  701,   36,  171,  706,  663,  357,  257,  610,  268,  588,  100,  283,  127,  431,  658,  648,  725,  543,   97,  883,  258,  709,  172,  500,  220,  250,  639,  306,  718,  469,  541,  587,  638,  158,  237,  722,  351,  502,  784,  691,  757,  811,  898,  954,  481,  234,  509,  781,  825,  710,  415,  600,  675, 1069,  229,  433,  334,  375,  772,  553,  289,  450,   53,  278,  322,  574,  393,  162, 1000,  846,  940,  219,  590,  162,  652,  947,  307,  401,  468,  467,  363,  625,  416,  232,  813,  314,   84,  423,  840,   77,  711,  706,  688,  639,  455,  652,  233,  435,  322,  846,  477,  499,  688,  730,  386,  286,  795,  580,  622,  751,  733,  885,  216,  313,  786,  784,  362,  165,  380,  617,  205,   98,  740,  703,  638,  899,  704,  542,  945,  895,  643,  633,  471,  468,  292],
        [  510,    0,  455,    0,   35,  334,  709,  396,  115,  756,  422,  634,  552,  470,  411,  774,  213,  619,  921,  231,  600,  343,  431,  703,  353,  593,  461,  542,  270,  230,  105,  340,  814,  622,  241,  546,  481,  535,  218,  690,  772,  362,  306,  463,  622,  208,  519,  298,  692,  245,  320,  316,  238,  816,  323,  122,  231,  476,  450,  385,  850,  693,   60,  941,  489,  584,  985,  669,  636,  319,  594,  753,  786,  659,  834,  661,  192,  884,  794,  578,  528,  252,  742,  447,  599,  171,   20,  422,  713,  217,  681,  240,  523,  756,  651,  632,  251,  319,  337,  228,  663,  587,   91,  558,  328,  670,  368,  764,  232,  411,  697,  372,  198,  493,  500,  375,  275,  869,  735,  277,  651,  681,  665,  163,  710,  449,  129,  527,  279,  691,  200,  617,  157,  229,  729,  282,  645,  370,  701,  885,  456,  479,  457,  252,  171,  586,  484,  763,  363,  876,  734,  438,  752,  707,  578,  235,  310,   26,   53,  283],
        [  541,    0,  481,   35,    0,  348,  722,  409,  117,  787,  439,  650,  586,  497,  436,  806,  242,  653,  954,  256,  607,  359,  451,  727,  345,  620,  485,  560,  261,  197,  137,  349,  848,  654,  255,  573,  515,  564,  208,  721,  806,  369,  331,  493,  637,  238,  541,  327,  726,  274,  353,  331,  245,  849,  353,  129,  244,  501,  467,  419,  883,  726,   26,  974,  511,  607, 1019,  686,  644,  348,  626,  787,  816,  681,  867,  695,  158,  918,  806,  610,  562,  286,  774,  457,  632,  201,   52,  446,  734,  251,  714,  273,  541,  770,  672,  641,  272,  340,  368,  225,  674,  620,  125,  592,  358,  703,  389,  797,  261,  409,  729,  398,  189,  499,  523,  385,  242,  903,  768,  307,  682,  708,  699,  177,  733,  481,  102,  551,  260,  725,  232,  638,  123,  195,  758,  264,  661,  383,  732,  917,  465,  513,  489,  248,  139,  617,  513,  794,  374,  911,  755,  455,  787,  723,  587,  201,  324,   44,   77,  291],
        [  354,    0,  213,  334,  348,    0,  982,  684,  445,  849,   97,  892,  486,  647,  621,  824,  438,  612,  903,  473,  901,   31,  679,  420,  686,  767,  194,  219,  603,  499,  268,   48,  788,  472,  536,  310,  432,  337,  232,  779,  802,  672,  539,  286,  890,  218,  740,  201,  669,  199,  316,  603,  114,  865,  494,  447,  531,  677,  123,  347,  880,  556,  361,  953,  716,  799,  986,  920,  933,  501,  439,  695,  898,  873,  866,  596,  428,  857, 1073,  430,  560,  350,  585,  742,  672,  221,  337,  161,  402,  315,  718,  395,  199, 1018,  882,  924,  105,  575,  241,  559,  944,  492,  321,  597,  495,  560,  620,  624,  202,  739,  525,  160,  229,  800,  212,  672,  537,  861,  782,  463,  760,  433,  612,  172,  908,  557,  329,  731,  607,  583,  257,  836,  417,  442,  855,  610,  902,   39,  525,  936,  753,  488,  333,  175,  466,  413,  298,  861,  662,  826,  950,  700,  719,  965,  873,  467,  597,  357,  367,   84],
        [  904,    0,  976,  709,  722,  982,    0,  313,  608,  547, 1039,  103,  796,  396,  381,  645,  544,  717,  852,  510,  159,  975,  305, 1184,  479,  349, 1002, 1131,  534,  777,  724, 1008,  816,  938,  469, 1014,  762,  964,  927,  541,  689,  364,  445,  912,   93,  767,  276,  821,  763,  795,  727,  393,  922,  664,  508,  594,  479,  348, 1064,  751,  719,  953,  731,  801,  288,  251,  851,  102,  127,  497,  934,  848,  512,  224,  707,  823,  811,  852,   93,  918,  643,  649, 1009,  268,  568,  762,  694,  978, 1246,  674,  648,  594, 1116,   63,  176,  111,  877,  408,  815,  526,   55,  847,  674,  630,  510,  899,  363,  993,  788,  393, 1009,  918,  906,  252, 1050,  338,  797,  806,  640,  527,  495, 1112,  804,  841,  267,  531,  817,  308,  599,  905,  729,  222,  778,  847,  462,  599,   98, 1020, 1016,  689,  262,  680,  852,  956,  728,  955,  929,  536,  350,  893,  211,  283,  803,   66,  156,  828,  400,  685,  658,  965],
        [  674,    0,  711,  396,  409,  684,  313,    0,  296,  551,  750,  247,  610,  255,  185,  617,  252,  584,  817,  215,  219,  681,  107,  942,  237,  322,  733,  852,  255,  483,  419,  705,  743,  740,  156,  768,  556,  727,  614,  507,  643,   83,  172,  665,  229,  477,  200,  545,  649,  509,  470,   82,  615,  652,  263,  282,  166,  216,  777,  512,  702,  778,  419,  798,  173,  254,  849,  285,  250,  248,  727,  734,  550,  314,  687,  676,  508,  799,  399,  709,  487,  378,  835,   61,  471,  465,  381,  703,  988,  392,  569,  319,  836,  362,  288,  242,  581,  123,  550,  228,  268,  661,  367,  492,  268,  732,  103,  834,  500,  185,  818,  642,  594,  132,  780,   37,  510,  764,  594,  260,  454,  884,  665,  533,  377,  357,  506,  234,  328,  745,  440,  272,  473,  545,  486,  329,  258,  722,  825,  705,   73,  492,  616,  645,  427,  739,  684,  549,   47,  820,  376,   79,  704,  317,  190,  530,   89,  372,  345,  659],
        [  576,    0,  546,  115,  117,  445,  608,  296,    0,  724,  530,  540,  588,  420,  350,  756,  183,  631,  922,  182,  491,  452,  349,  794,  242,  536,  556,  648,  162,  224,  191,  453,  823,  679,  147,  629,  519,  610,  324,  662,  763,  252,  247,  538,  525,  288,  445,  379,  705,  327,  368,  221,  352,  798,  295,   19,  135,  414,  558,  432,  837,  743,  124,  931,  414,  510,  978,  577,  528,  287,  654,  775,  746,  582,  821,  689,  224,  890,  690,  637,  533,  280,  795,  342,  583,  258,  108,  519,  813,  259,  673,  244,  629,  658,  568,  525,  356,  243,  409,  115,  559,  630,  146,  558,  302,  712,  289,  811,  314,  297,  757,  464,  306,  382,  598,  270,  265,  869,  721,  252,  618,  762,  689,  276,  638,  432,  210,  460,  189,  732,  267,  539,  186,  264,  685,  192,  551,  482,  761,  864,  350,  497,  519,  364,  158,  652,  559,  729,  259,  891,  654,  349,  766,  612,  470,  256,  215,   90,   80,  398],
        [  586,    0,  726,  756,  787,  849,  547,  551,  724,    0,  856,  464,  425,  312,  389,  104,  548,  288,  306,  543,  630,  827,  445,  843,  783,  234,  760,  895,  777,  948,  695,  893,  289,  551,  604,  708,  443,  647,  930,   71,  156,  630,  482,  632,  496,  659,  358,  649,  287,  660,  535,  564,  855,  118,  435,  706,  617,  338,  870,  507,  173,  523,  810,  259,  380,  328,  310,  447,  625,  441,  565,  355,   63,  324,  161,  380,  938,  311,  612,  555,  295,  533,  567,  575,  178,  682,  737,  756,  933,  576,  167,  521,  887,  523,  374,  603,  761,  503,  612,  729,  563,  460,  672,  258,  430,  469,  474,  534,  662,  734,  595,  712,  910,  633,  799,  584,  987,  262,  119,  481,  107,  751,  355,  793,  283,  312,  883,  320,  848,  463,  629,  339,  900,  978,   86,  850,  462,  878,  603,  156,  582,  367,  562,  924,  882,  598,  639,   18,  590,  359,  348,  474,  301,  483,  598,  975,  566,  744,  713,  880],
        [  312,    0,  156,  422,  439,   97, 1039,  750,  530,  856,    0,  946,  464,  685,  668,  819,  500,  598,  876,  537,  969,   80,  735,  329,  771,  800,  126,  123,  690,  595,  345,  124,  762,  422,  609,  241,  420,  280,  326,  786,  791,  747,  596,  247,  947,  274,  786,  225,  649,  245,  337,  672,  210,  859,  539,  530,  604,  719,   29,  350,  867,  505,  453,  933,  764,  842,  962,  971, 1000,  548,  390,  663,  908,  914,  854,  567,  525,  828, 1132,  384,  562,  394,  527,  810,  679,  288,  424,  108,  306,  366,  713,  446,  104, 1071,  928,  989,  176,  636,  249,  643, 1005,  459,  397,  599,  539,  518,  678,  570,  253,  819,  464,  144,  325,  872,  128,  742,  633,  838,  778,  513,  774,  352,  586,  263,  943,  581,  425,  773,  698,  541,  312,  879,  513,  538,  871,  702,  955,   76,  463,  928,  821,  489,  308,  267,  561,  359,  252,  869,  733,  792,  990,  759,  693, 1017,  939,  563,  665,  444,  451,  177],
        [  803,    0,  877,  634,  650,  892,  103,  247,  540,  464,  946,    0,  694,  294,  282,  558,  456,  617,  766,  424,  178,  884,  214, 1083,  449,  252,  905, 1035,  490,  726,  640,  920,  724,  836,  396,  913,  660,  863,  852,  451,  600,  313,  354,  812,   36,  676,  174,  726,  665,  702,  628,  321,  838,  580,  411,  525,  407,  246,  970,  650,  635,  852,  663,  722,  187,  152,  772,   41,  164,  400,  832,  751,  436,  142,  622,  723,  754,  764,  193,  816,  541,  554,  907,  216,  470,  673,  618,  881, 1146,  581,  553,  501, 1020,  126,   92,  142,  788,  323,  718,  472,  101,  745,  591,  530,  412,  798,  275,  893,  695,  369,  907,  821,  831,  230,  952,  277,  751,  719,  550,  433,  402, 1011,  705,  757,  199,  428,  749,  206,  560,  804,  637,  128,  719,  791,  380,  560,   12,  930,  915,  612,  214,  578,  751,  877,  673,  854,  828,  454,  289,  801,  162,  198,  707,   74,  153,  775,  327,  611,  582,  880],
        [  165,    0,  316,  552,  586,  486,  796,  610,  588,  425,  464,  694,    0,  402,  440,  367,  424,  142,  418,  449,  796,  458,  532,  423,  769,  466,  351,  479,  719,  781,  453,  533,  302,  144,  549,  285,   72,  223,  642,  364,  333,  658,  446,  220,  711,  367,  522,  307,  186,  345,  234,  564,  533,  403,  352,  575,  555,  452,  472,  170,  406,  169,  612,  470,  517,  549,  501,  702,  813,  367,  147,  214,  485,  601,  394,  115,  740,  371,  884,  134,  158,  309,  226,  665,  268,  403,  537,  357,  509,  337,  264,  349,  475,  803,  636,  794,  427,  495,  257,  659,  783,   53,  464,  183,  346,  126,  508,  229,  354,  767,  215,  329,  626,  739,  384,  626,  826,  376,  328,  372,  372,  335,  127,  501,  604,  268,  652,  488,  769,  144,  358,  584,  708,  773,  466,  772,  698,  505,  222,  471,  677,  120,  156,  613,  719,  177,  222,  441,  623,  345,  666,  569,  233,  749,  761,  784,  561,  554,  532,  543],
        [  510,    0,  597,  470,  497,  647,  396,  255,  420,  312,  685,  294,  402,    0,   77,  367,  257,  343,  563,  243,  402,  633,  153,  792,  477,  126,  627,  761,  466,  642,  432,  683,  489,  543,  293,  624,  367,  571,  667,  259,  390,  328,  173,  524,  310,  432,  121,  461,  403,  449,  352,  254,  619,  404,  159,  401,  305,   51,  707,  363,  452,  564,  518,  548,  117,  161,  598,  307,  415,  157,  539,  489,  328,  229,  436,  443,  640,  545,  487,  522,  255,  298,  620,  295,  217,  441,  451,  608,  858,  336,  315,  260,  748,  410,  250,  395,  546,  191,  443,  417,  382,  454,  396,  251,  156,  512,  165,  610,  446,  438,  616,  550,  646,  364,  673,  284,  680,  510,  340,  200,  208,  717,  428,  545,  261,  135,  598,   93,  537,  520,  395,  199,  602,  680,  266,  538,  300,  683,  623,  462,  305,  285,  460,  676,  577,  560,  539,  314,  288,  567,  306,  189,  455,  355,  366,  674,  255,  453,  421,  654],
        [  528,    0,  596,  411,  436,  621,  381,  185,  350,  389,  668,  282,  440,   77,    0,  443,  203,  401,  637,  181,  358,  610,   93,  806,  401,  186,  623,  754,  389,  571,  386,  653,  559,  576,  218,  634,  394,  586,  617,  336,  464,  254,  106,  532,  289,  403,  120,  446,  465,  425,  347,  177,  580,  480,  130,  332,  231,   66,  692,  371,  528,  606,  455,  624,   97,  181,  674,  304,  376,  121,  568,  550,  402,  256,  512,  495,  573,  617,  474,  550,  305,  275,  663,  232,  288,  406,  392,  600,  866,  306,  386,  226,  739,  406,  262,  359,  517,  115,  436,  341,  356,  492,  345,  309,  131,  557,   90,  658,  420,  365,  652,  540,  596,  304,  670,  211,  608,  583,  416,  159,  285,  738,  483,  502,  302,  176,  538,  118,  460,  568,  364,  217,  535,  613,  339,  462,  290,  657,  659,  539,  243,  320,  474,  630,  507,  585,  549,  390,  214,  636,  334,  130,  520,  351,  322,  606,  178,  392,  360,  618],
        [  531,    0,  680,  774,  806,  824,  645,  617,  756,  104,  819,  558,  367,  367,  443,    0,  575,  226,  209,  576,  718,  800,  512,  771,  843,  315,  715,  845,  828,  979,  701,  869,  185,  478,  650,  650,  400,  588,  929,  112,   53,  694,  524,  584,  589,  651,  436,  626,  204,  646,  518,  619,  843,   43,  461,  738,  661,  402,  831,  478,   86,  440,  831,  182,  453,  415,  232,  544,  717,  470,  497,  260,  160,  421,   70,  301,  962,  209,  713,  489,  266,  534,  479,  649,  175,  678,  755,  716,  866,  577,  107,  534,  840,  624,  471,  694,  744,  553,  584,  776,  658,  393,  685,  230,  455,  388,  531,  442,  650,  802,  514,  678,  910,  712,  749,  649, 1020,  162,   42,  506,  166,  677,  276,  789,  385,  327,  897,  395,  896,  379,  624,  431,  924, 1000,  188,  898,  557,  850,  521,  115,  657,  337,  516,  917,  912,  531,  587,  120,  653,  255,  450,  544,  204,  582,  685, 1001,  620,  764,  734,  864],
        [  447,    0,  463,  213,  242,  438,  544,  252,  183,  548,  500,  456,  424,  257,  203,  575,    0,  452,  739,   37,  470,  433,  243,  700,  348,  381,  483,  601,  295,  404,  186,  465,  641,  533,  132,  527,  358,  493,  415,  484,  580,  263,  104,  426,  452,  226,  317,  294,  525,  258,  233,  177,  384,  617,  114,  166,  135,  267,  526,  288,  655,  588,  264,  749,  289,  381,  796,  486,  500,  108,  513,  598,  575,  457,  639,  517,  391,  708,  635,  495,  352,  136,  643,  312,  401,  218,  194,  453,  740,  142,  490,   80,  585,  582,  457,  489,  334,  137,  304,  235,  506,  470,  143,  376,  120,  550,  183,  652,  249,  360,  613,  392,  394,  378,  530,  248,  446,  686,  539,   70,  442,  651,  514,  304,  504,  249,  341,  320,  349,  568,  189,  416,  352,  430,  517,  351,  466,  476,  618,  684,  324,  322,  388,  430,  338,  518,  446,  554,  241,  710,  533,  262,  586,  529,  440,  428,  171,  198,  166,  424],
        [  306,    0,  456,  619,  653,  612,  717,  584,  631,  288,  598,  617,  142,  343,  401,  226,  452,    0,  305,  467,  744,  585,  491,  555,  775,  372,  491,  620,  739,  842,  531,  658,  196,  264,  560,  425,  181,  364,  743,  232,  193,  645,  441,  360,  640,  461,  454,  420,   74,  448,  323,  556,  644,  263,  353,  615,  569,  392,  609,  271,  269,  247,  679,  343,  457,  467,  380,  618,  754,  367,  277,  152,  349,  507,  256,  108,  811,  266,  801,  268,  102,  368,  299,  632,  154,  493,  602,  493,  646,  406,  124,  389,  615,  715,  548,  734,  541,  484,  374,  681,  713,  173,  529,   93,  347,  191,  483,  277,  454,  757,  315,  459,  725,  704,  524,  606,  886,  257,  186,  387,  251,  464,   88,  601,  497,  229,  733,  416,  799,  192,  442,  497,  776,  847,  339,  801,  620,  634,  323,  331,  643,  142,  292,  722,  777,  311,  362,  305,  607,  260,  563,  528,  135,  664,  708,  853,  554,  616,  590,  660],
        [  566,    0,  724,  921,  954,  903,  852,  817,  922,  306,  876,  766,  418,  563,  637,  209,  739,  305,    0,  748,  927,  875,  712,  746, 1035,  524,  757,  873, 1012, 1139,  835,  950,  116,  473,  831,  667,  476,  610, 1047,  320,  174,  890,  706,  630,  797,  765,  642,  719,  237,  751,  627,  810,  946,  189,  631,  905,  842,  603,  882,  572,  135,  406,  980,   90,  658,  624,   92,  752,  926,  642,  502,  217,  349,  628,  146,  310, 1112,   51,  917,  502,  393,  670,  422,  852,  351,  798,  903,  769,  849,  709,  254,  685,  872,  828,  679,  903,  841,  741,  671,  957,  866,  418,  830,  365,  624,  371,  725,  374,  758, 1000,  475,  745, 1030,  917,  782,  846, 1182,   54,  225,  671,  372,  652,  292,  905,  589,  494, 1037,  601, 1077,  351,  747,  640, 1076, 1149,  391, 1079,  765,  922,  482,  188,  861,  447,  572, 1024, 1073,  537,  626,  318,  850,  107,  653,  747,  185,  788,  893, 1154,  810,  916,  888,  958],
        [  480,    0,  500,  231,  256,  473,  510,  215,  182,  543,  537,  424,  449,  243,  181,  576,   37,  467,  748,    0,  433,  469,  211,  736,  320,  364,  520,  638,  274,  406,  217,  499,  653,  562,  102,  562,  385,  527,  439,  481,  585,  228,   77,  461,  418,  263,  291,  331,  540,  295,  267,  140,  415,  617,  117,  164,  107,  246,  563,  319,  658,  614,  276,  752,  262,  356,  800,  455,  464,  107,  544,  615,  567,  431,  641,  537,  399,  718,  600,  525,  366,  171,  670,  275,  404,  253,  212,  489,  777,  179,  496,  112,  622,  549,  428,  453,  369,  102,  340,  215,  471,  496,  170,  387,  124,  575,  149,  677,  286,  327,  642,  429,  418,  341,  567,  212,  446,  694,  542,   80,  437,  685,  533,  335,  480,  254,  358,  297,  333,  592,  225,  389,  360,  438,  506,  335,  433,  512,  647,  683,  287,  342,  421,  458,  339,  550,  481,  548,  204,  724,  507,  228,  600,  497,  403,  434,  134,  213,  180,  457],
        [  880,    0,  927,  600,  607,  901,  159,  219,  491,  630,  969,  178,  796,  402,  358,  718,  470,  744,  927,  433,    0,  898,  266, 1153,  329,  404,  950, 1071,  392,  636,  635,  921,  874,  934,  367,  979,  751,  936,  815,  608,  756,  239,  384,  876,  142,  695,  293,  762,  800,  727,  682,  298,  827,  745,  467,  480,  374,  352,  995,  719,  799,  962,  613,  889,  287,  304,  940,  210,   40,  453,  924,  887,  608,  316,  785,  845,  678,  920,  215,  907,  656,  594, 1019,  159,  607,  683,  588,  921, 1203,  610,  698,  535, 1054,  221,  268,   48,  798,  338,  765,  395,  106,  849,  582,  652,  471,  912,  304, 1011,  718,  241, 1010,  860,  796,  110,  997,  229,  652,  877,  706,  473,  556, 1090,  830,  746,  375,  530,  697,  334,  453,  921,  658,  293,  647,  712,  549,  452,  184,  939, 1017,  782,  149,  677,  823,  851,  593,  940,  895,  622,  240,  952,  337,  231,  849,  207,   36,  690,  305,  575,  552,  872],
        [  324,    0,  183,  343,  359,   31,  975,  681,  452,  827,   80,  884,  458,  633,  610,  800,  433,  585,  875,  469,  898,    0,  671,  395,  693,  752,  165,  202,  612,  518,  270,   77,  760,  442,  536,  280,  405,  306,  258,  757,  776,  673,  531,  256,  883,  209,  729,  180,  642,  185,  295,  601,  136,  840,  482,  453,  531,  664,  108,  323,  854,  526,  374,  926,  706,  787,  958,  911,  930,  489,  409,  666,  877,  860,  840,  568,  449,  828, 1067,  400,  536,  337,  555,  740,  650,  216,  345,  131,  382,  304,  693,  385,  182, 1010,  871,  921,  101,  569,  217,  566,  939,  463,  322,  574,  482,  530,  613,  594,  190,  743,  495,  131,  254,  800,  185,  671,  557,  834,  758,  453,  739,  405,  584,  184,  894,  539,  349,  718,  619,  554,  248,  824,  436,  464,  835,  622,  893,   52,  494,  911,  751,  464,  304,  202,  482,  382,  267,  840,  661,  798,  937,  693,  691,  956,  870,  488,  594,  365,  373,  112],
        [  616,    0,  674,  431,  451,  679,  305,  107,  349,  445,  735,  214,  532,  153,   93,  512,  243,  491,  712,  211,  266,  671,    0,  892,  341,  218,  700,  827,  347,  557,  428,  707,  641,  668,  203,  719,  486,  673,  646,  401,  539,  187,  141,  616,  212,  463,  102,  517,  553,  490,  426,  137,  626,  546,  207,  332,  216,  110,  760,  457,  596,  699,  466,  692,   71,  164,  743,  244,  286,  194,  659,  639,  446,  234,  581,  587,  571,  696,  398,  641,  397,  345,  756,  143,  369,  460,  413,  674,  948,  370,  466,  290,  812,  339,  222,  270,  574,  113,  513,  309,  273,  584,  380,  399,  210,  650,   63,  750,  483,  291,  745,  614,  625,  214,  747,  140,  589,  660,  489,  223,  348,  827,  574,  545,  292,  268,  552,  130,  420,  661,  424,  191,  534,  610,  382,  421,  223,  717,  752,  599,  153,  413,  561,  668,  496,  675,  634,  443,  147,  719,  306,   38,  606,  287,  230,  598,  141,  409,  378,  667],
        [  282,    0,  249,  703,  727,  420, 1184,  942,  794,  843,  329, 1083,  423,  792,  806,  771,  700,  555,  746,  736, 1153,  395,  892,    0, 1027,  877,  244,  228,  954,  905,  605,  452,  646,  294,  829,  175,  431,  221,  651,  785,  728,  963,  771,  278, 1094,  506,  910,  418,  569,  467,  472,  874,  530,  801,  687,  789,  829,  838,  309,  436,  788,  343,  747,  824,  897,  949,  838, 1098, 1177,  700,  279,  539,  904, 1010,  780,  471,  839,  697, 1276,  290,  576,  566,  328, 1002,  691,  537,  698,  283,  104,  561,  677,  625,  243, 1201, 1039, 1161,  460,  819,  397,  899, 1162,  383,  649,  605,  683,  388,  849,  377,  480, 1056,  272,  331,  648, 1073,  211,  945,  946,  726,  736,  682,  794,   96,  497,  563, 1020,  660,  737,  883,  978,  402,  532,  986,  822,  856,  888,  981, 1090,  404,  265,  860, 1014,  518,  333,  594,  861,  247,  259,  859,  939,  644, 1079,  924,  588, 1146, 1119,  880,  869,  720,  716,  503],
        [  790,    0,  780,  353,  345,  686,  479,  237,  242,  783,  771,  449,  769,  477,  401,  843,  348,  775, 1035,  320,  329,  693,  341, 1027,    0,  558,  793,  889,   85,  315,  430,  692,  951,  880,  220,  858,  704,  831,  540,  735,  864,  155,  335,  761,  421,  522,  437,  609,  846,  561,  576,  225,  589,  880,  424,  242,  214,  446,  800,  633,  928,  934,  340, 1024,  409,  490, 1074,  489,  368,  410,  860,  926,  786,  545,  912,  854,  367, 1012,  543,  841,  674,  479,  989,  237,  685,  495,  349,  757, 1051,  472,  783,  427,  870,  539,  512,  374,  597,  295,  633,  129,  425,  816,  381,  689,  431,  895,  312,  997,  549,   89,  960,  700,  524,  228,  836,  202,  326,  981,  816,  398,  683,  987,  848,  515,  609,  550,  411,  470,  126,  911,  495,  505,  343,  396,  722,  125,  460,  722,  965,  936,  237,  660,  731,  589,  283,  863,  782,  782,  195, 1026,  599,  316,  905,  508,  324,  371,  226,  330,  321,  635],
        [  597,    0,  701,  593,  620,  767,  349,  322,  536,  234,  800,  252,  466,  126,  186,  315,  381,  372,  524,  364,  404,  752,  218,  877,  558,    0,  732,  868,  561,  756,  557,  804,  473,  609,  400,  716,  447,  660,  792,  204,  353,  403,  291,  621,  280,  554,  125,  576,  415,  569,  464,  347,  743,  344,  284,  518,  413,  123,  820,  464,  397,  613,  640,  490,  150,  103,  541,  248,  405,  282,  610,  500,  229,  137,  383,  479,  759,  516,  430,  595,  308,  419,  667,  342,  221,  565,  574,  716,  952,  458,  301,  385,  856,  344,  176,  383,  667,  297,  554,  519,  351,  515,  521,  289,  281,  558,  258,  649,  566,  504,  674,  661,  772,  400,  777,  356,  792,  473,  302,  325,  153,  796,  459,  670,  146,  224,  721,   89,  634,  562,  517,  127,  720,  799,  165,  635,  253,  802,  682,  389,  349,  360,  553,  801,  692,  636,  634,  230,  364,  551,  203,  244,  456,  293,  370,  791,  350,  576,  544,  778],
        [  192,    0,   36,  461,  485,  194, 1002,  733,  556,  760,  126,  905,  351,  627,  623,  715,  483,  491,  757,  520,  950,  165,  700,  244,  793,  732,    0,  137,  717,  662,  366,  235,  644,  298,  606,  118,  318,  155,  419,  693,  683,  743,  567,  132,  910,  271,  737,  190,  535,  233,  277,  659,  295,  753,  495,  552,  604,  667,  126,  269,  757,  380,  504,  818,  719,  787,  845,  926,  977,  507,  265,  543,  816,  855,  745,  448,  597,  709, 1095,  260,  467,  357,  402,  794,  588,  299,  457,   40,  260,  342,  609,  415,  128, 1028,  875,  964,  217,  612,  188,  664,  973,  340,  412,  503,  493,  395,  649,  444,  245,  829,  339,   94,  413,  861,   48,  731,  704,  722,  674,  479,  686,  241,  469,  320,  878,  509,  496,  718,  737,  417,  302,  825,  579,  617,  785,  740,  913,  192,  338,  821,  805,  396,  200,  366,  618,  234,  132,  775,  723,  670,  930,  728,  576,  973,  918,  639,  654,  478,  477,  276],
        [  316,    0,  171,  542,  560,  219, 1131,  852,  648,  895,  123, 1035,  479,  761,  754,  845,  601,  620,  873,  638, 1071,  202,  827,  228,  889,  868,  137,    0,  809,  717,  460,  239,  762,  402,  717,  207,  452,  264,  445,  828,  811,  855,  691,  263, 1038,  379,  869,  311,  659,  344,  410,  776,  332,  882,  625,  647,  714,  800,   96,  405,  883,  478,  575,  939,  850,  920,  962, 1057, 1100,  635,  372,  657,  951,  990,  872,  568,  647,  823, 1224,  372,  603,  483,  487,  913,  723,  398,  543,  154,  186,  462,  741,  539,   20, 1159, 1008, 1088,  293,  734,  319,  760, 1100,  461,  511,  638,  624,  504,  774,  534,  354,  933,  423,  214,  445,  978,   97,  848,  755,  841,  805,  605,  823,  277,  590,  385, 1013,  645,  548,  852,  819,  525,  414,  959,  636,  658,  921,  822, 1043,  193,  420,  949,  924,  532,  334,  384,  683,  337,  258,  910,  839,  780, 1065,  854,  695, 1104, 1040,  685,  770,  563,  568,  297],
        [  726,    0,  706,  270,  261,  603,  534,  255,  162,  777,  690,  490,  719,  466,  389,  828,  295,  739, 1012,  274,  392,  612,  347,  954,   85,  561,  717,  809,    0,  244,  352,  608,  922,  822,  181,  787,  652,  764,  456,  723,  844,  179,  307,  693,  466,  448,  448,  537,  812,  487,  514,  215,  505,  867,  387,  165,  171,  443,  718,  574,  912,  880,  255, 1008,  418,  507, 1058,  530,  431,  374,  800,  888,  787,  569,  896,  810,  289,  986,  605,  782,  638,  419,  935,  274,  663,  419,  267,  680,  974,  406,  759,  371,  790,  591,  542,  434,  517,  276,  564,   60,  481,  764,  306,  656,  393,  844,  305,  946,  474,  161,  901,  625,  439,  285,  760,  220,  263,  958,  797,  353,  674,  919,  806,  432,  632,  520,  327,  475,   74,  862,  424,  527,  262,  321,  723,   75,  501,  640,  906,  927,  277,  615,  668,  504,  204,  801,  714,  778,  209,  994,  630,  330,  871,  555,  382,  298,  213,  247,  242,  551],
        [  735,    0,  663,  230,  197,  499,  777,  483,  224,  948,  595,  726,  781,  642,  571,  979,  404,  842, 1139,  406,  636,  518,  557,  905,  315,  756,  662,  717,  244,    0,  333,  485, 1036,  849,  357,  759,  710,  755,  288,  886,  984,  416,  470,  684,  705,  433,  657,  520,  915,  467,  549,  422,  386, 1021,  518,  243,  344,  634,  621,  615, 1059,  922,  172, 1152,  626,  721, 1198,  766,  675,  510,  821,  980,  969,  789, 1042,  889,   75, 1105,  849,  805,  747,  477,  970,  513,  805,  395,  244,  623,  899,  445,  893,  455,  698,  833,  769,  678,  446,  460,  562,  255,  724,  816,  317,  774,  524,  899,  502,  993,  454,  401,  924,  581,  280,  529,  696,  450,   46, 1086,  943,  474,  841,  894,  891,  343,  849,  653,  170,  677,  190,  920,  429,  746,   84,   87,  908,  192,  738,  527,  927, 1087,  517,  703,  684,  349,   67,  811,  704,  952,  438, 1101,  857,  549,  976,  794,  625,   58,  417,  228,  253,  424],
        [  405,    0,  357,  105,  137,  268,  724,  419,  191,  695,  345,  640,  453,  432,  386,  701,  186,  531,  835,  217,  635,  270,  428,  605,  430,  557,  366,  460,  352,  333,    0,  287,  726,  518,  269,  444,  382,  431,  238,  626,  695,  405,  290,  359,  634,  104,  503,  195,  602,  142,  220,  338,  199,  744,  275,  188,  263,  449,  373,  285,  773,  590,  162,  861,  475,  566,  904,  671,  668,  276,  490,  659,  731,  641,  757,  564,  287,  796,  814,  473,  445,  168,  638,  476,  529,   69,   96,  329,  623,  126,  603,  176,  441,  765,  642,  660,  170,  318,  232,  301,  683,  486,   54,  478,  278,  568,  366,  661,  128,  475,  593,  275,  217,  533,  408,  406,  378,  785,  661,  233,  592,  579,  570,  118,  686,  384,  203,  502,  373,  590,   97,  601,  256,  321,  678,  376,  650,  306,  596,  814,  487,  389,  352,  245,  275,  482,  380,  703,  396,  784,  719,  443,  662,  713,  608,  331,  331,  117,  111,  241],
        [  400,    0,  257,  340,  349,   48, 1008,  705,  453,  893,  124,  920,  533,  683,  653,  869,  465,  658,  950,  499,  921,   77,  707,  452,  692,  804,  235,  239,  608,  485,  287,    0,  835,  519,  555,  353,  478,  382,  207,  822,  848,  689,  567,  333,  916,  252,  772,  245,  716,  237,  358,  624,  105,  911,  528,  458,  548,  710,  145,  392,  926,  602,  359, 1000,  747,  832, 1033,  949,  954,  534,  485,  743,  940,  906,  912,  644,  413,  904, 1099,  476,  605,  386,  631,  763,  716,  248,  346,  204,  424,  349,  763,  427,  220, 1046,  914,  946,  138,  600,  286,  567,  968,  539,  339,  642,  529,  607,  647,  670,  239,  749,  570,  208,  208,  818,  248,  692,  521,  908,  828,  494,  802,  472,  660,  179,  944,  597,  317,  765,  607,  630,  290,  869,  406,  422,  897,  610,  930,   48,  569,  982,  773,  533,  380,  146,  458,  459,  344,  905,  682,  874,  984,  726,  766,  993,  894,  449,  618,  364,  378,   62],
        [  452,    0,  610,  814,  848,  788,  816,  743,  823,  289,  762,  724,  302,  489,  559,  185,  641,  196,  116,  653,  874,  760,  641,  646,  951,  473,  644,  762,  922, 1036,  726,  835,    0,  365,  741,  556,  362,  498,  934,  276,  133,  812,  618,  516,  752,  653,  582,  604,  124,  638,  515,  727,  831,  190,  537,  806,  751,  534,  768,  459,  155,  303,  874,  180,  594,  575,  202,  715,  877,  549,  391,  108,  345,  593,  154,  196, 1006,   71,  889,  390,  290,  563,  328,  783,  273,  686,  797,  655,  747,  601,  177,  582,  760,  800,  641,  855,  726,  657,  556,  865,  824,  304,  724,  267,  530,  263,  647,  284,  645,  924,  376,  630,  917,  852,  670,  770, 1080,   81,  178,  574,  323,  551,  177,  792,  563,  403,  928,  541,  985,  245,  636,  597,  971, 1042,  370,  987,  724,  807,  383,  228,  793,  337,  457,  910,  970,  427,  512,  304,  772,   79,  630,  677,   70,  756,  839, 1048,  726,  811,  784,  843],
        [  122,    0,  268,  622,  654,  472,  938,  740,  679,  551,  422,  836,  144,  543,  576,  478,  533,  264,  473,  562,  934,  442,  668,  294,  880,  609,  298,  402,  822,  849,  518,  519,  365,    0,  663,  195,  184,  143,  667,  495,  435,  781,  571,  188,  852,  418,  663,  337,  277,  387,  311,  687,  546,  508,  478,  667,  667,  593,  422,  248,  498,   84,  679,  544,  657,  692,  563,  845,  951,  493,   34,  258,  612,  745,  490,  179,  799,  423, 1027,   46,  301,  403,  122,  797,  407,  456,  610,  318,  389,  420,  385,  454,  403,  946,  779,  933,  443,  621,  290,  762,  924,   95,  541,  324,  473,  103,  639,  153,  398,  887,   81,  315,  654,  870,  314,  752,  894,  445,  442,  490,  509,  201,  204,  535,  746,  409,  704,  631,  865,  123,  423,  727,  771,  828,  600,  868,  841,  481,   86,  569,  809,  259,  166,  626,  792,   66,  175,  567,  749,  379,  809,  704,  301,  893,  898,  843,  683,  629,  613,  544],
        [  579,    0,  588,  241,  255,  536,  469,  156,  147,  604,  609,  396,  549,  293,  218,  650,  132,  560,  831,  102,  367,  536,  203,  829,  220,  400,  606,  717,  181,  357,  269,  555,  741,  663,    0,  657,  486,  624,  458,  547,  664,  139,  127,  556,  383,  339,  301,  417,  632,  375,  365,   76,  461,  689,  207,  130,   14,  278,  636,  419,  733,  715,  267,  829,  270,  366,  878,  432,  401,  194,  644,  710,  619,  437,  717,  635,  368,  805,  555,  626,  459,  268,  771,  210,  483,  321,  226,  573,  865,  268,  578,  211,  700,  516,  422,  395,  435,  104,  432,  127,  423,  597,  216,  476,  214,  675,  146,  778,  364,  228,  743,  513,  438,  265,  652,  138,  392,  778,  618,  178,  499,  782,  630,  380,  494,  339,  354,  320,  248,  692,  305,  394,  331,  408,  556,  249,  407,  574,  748,  751,  220,  441,  519,  489,  295,  650,  577,  607,  128,  814,  508,  203,  691,  469,  341,  396,   70,  217,  190,  506],
        [  123,    0,  100,  546,  573,  310, 1014,  768,  629,  708,  241,  913,  285,  624,  634,  650,  527,  425,  667,  562,  979,  280,  719,  175,  858,  716,  118,  207,  787,  759,  444,  353,  556,  195,  657,    0,  274,   62,  530,  645,  612,  790,  596,  104,  923,  342,  741,  251,  457,  303,  298,  700,  406,  684,  513,  623,  657,  669,  235,  264,  681,  273,  595,  734,  727,  783,  756,  930, 1003,  527,  166,  451,  767,  846,  671,  364,  698,  617, 1106,  167,  425,  392,  288,  828,  544,  376,  539,  151,  236,  389,  548,  451,  208, 1033,  872,  988,  317,  645,  225,  731,  990,  259,  484,  458,  510,  297,  676,  333,  316,  884,  225,  179,  523,  899,  122,  771,  802,  636,  611,  508,  647,  136,  387,  420,  860,  495,  597,  716,  816,  318,  364,  820,  676,  720,  744,  819,  920,  309,  223,  750,  840,  360,  164,  480,  710,  130,   86,  724,  765,  574,  918,  751,  490,  978,  945,  741,  695,  560,  553,  391],
        [  152,    0,  283,  481,  515,  432,  762,  556,  519,  443,  420,  660,   72,  367,  394,  400,  358,  181,  476,  385,  751,  405,  486,  431,  704,  447,  318,  452,  652,  710,  382,  478,  362,  184,  486,  274,    0,  215,  576,  377,  373,  599,  389,  189,  675,  297,  487,  243,  240,  278,  163,  506,  470,  439,  295,  505,  491,  415,  432,  100,  449,  230,  540,  522,  478,  521,  556,  672,  770,  310,  174,  281,  500,  580,  436,  183,  669,  432,  853,  157,  153,  239,  286,  613,  273,  333,  466,  317,  508,  266,  294,  281,  445,  775,  610,  752,  365,  439,  195,  592,  745,  113,  393,  187,  290,  194,  456,  295,  286,  706,  263,  279,  559,  687,  356,  569,  755,  432,  359,  310,  375,  352,  192,  434,  590,  233,  582,  457,  701,  214,  287,  558,  636,  702,  473,  703,  666,  454,  269,  509,  625,   88,  119,  549,  648,  194,  197,  458,  566,  410,  649,  521,  293,  720,  716,  713,  502,  483,  462,  483],
        [   63,    0,  127,  535,  564,  337,  964,  727,  610,  647,  280,  863,  223,  571,  586,  588,  493,  364,  610,  527,  936,  306,  673,  221,  831,  660,  155,  264,  764,  755,  431,  382,  498,  143,  624,   62,  215,    0,  545,  584,  551,  754,  556,   73,  874,  328,  690,  237,  397,  291,  261,  663,  421,  623,  469,  602,  626,  617,  280,  217,  621,  226,  587,  675,  677,  730,  699,  878,  958,  483,  111,  394,  706,  791,  610,  304,  698,  560, 1056,  109,  365,  358,  250,  787,  484,  364,  526,  178,  293,  360,  487,  415,  263,  981,  819,  943,  324,  605,  202,  707,  942,  199,  466,  397,  465,  242,  633,  290,  304,  852,  189,  187,  535,  859,  173,  733,  799,  577,  549,  468,  587,  158,  327,  424,  803,  441,  599,  663,  798,  264,  344,  767,  674,  723,  684,  801,  869,  342,  189,  689,  799,  302,  113,  499,  703,   79,   52,  663,  728,  519,  862,  706,  431,  926,  901,  742,  658,  547,  537,  412],
