{
    "name": "random-43-3377",
    "comment": "size=43 seed=3377",
    "nodes": ["+0", "-0", "+1", "-1", "+2", "-2", "+3", "-3", "+4", "-4", "+5", "-5", "+6", "-6", "+7", "-7", "+8", "-8", "+9", "-9", "+10", "-10", "+11", "-11", "+12", "-12", "+13", "-13", "+14", "-14", "+15", "-15", "+16", "-16", "+17", "-17", "+18", "-18", "+19", "-19", "+20", "-20", "+21", "-21", "+22", "-22", "+23", "-23", "+24", "-24", "+25", "-25", "+26", "-26", "+27", "-27", "+28", "-28", "+29", "-29", "+30", "-30", "+31", "-31", "+32", "-32", "+33", "-33", "+34", "-34", "+35", "-35", "+36", "-36", "+37", "-37", "+38", "-38", "+39", "-39", "+40", "-40", "+41", "-41", "+42", "-42", "+43", "-43"],
    "precedence": {
        "+0": "-0",
        "+1": "-1",
        "+2": "-2",
        "+3": "-3",
        "+4": "-4",
        "+5": "-5",
        "+6": "-6",
        "+7": "-7",
        "+8": "-8",
        "+9": "-9",
        "+10": "-10",
        "+11": "-11",
        "+12": "-12",
        "+13": "-13",
        "+14": "-14",
        "+15": "-15",
        "+16": "-16",
        "+17": "-17",
        "+18": "-18",
        "+19": "-19",
        "+20": "-20",
        "+21": "-21",
        "+22": "-22",
        "+23": "-23",
        "+24": "-24",
        "+25": "-25",
        "+26": "-26",
        "+27": "-27",
        "+28": "-28",
        "+29": "-29",
        "+30": "-30",
        "+31": "-31",
        "+32": "-32",
        "+33": "-33",
        "+34": "-34",
        "+35": "-35",
        "+36": "-36",
        "+37": "-37",
        "+38": "-38",
        "+39": "-39",
        "+40": "-40",
        "+41": "-41",
        "+42": "-42",
        "+43": "-43"
    },
    "edges": [
        [    0,    0,  461,  814,  293,  327,  296,  443,   82,  508,  467,  343,  421,  637,  242,  457,  716,  373,  197,  243,  723,  262,  328,  676,  661,  883,  255,  534,  267,  325,  520,  377,  622,  244,  319,  681,  368,  226,  125,  808,  767,  701,  667,  222,  307,  505,  567,  157,  784,  474,  305,  194,  709,  340,  511,  208,  483,  321,  625,  488,  414,  345,  692,  341,  625,  333,  818,  527,  482,  391,  653,  393,  369,  505,  521,  397,  734,  611,  474,  161,  325,  189,  366,  331,  383,  689,  489,  325],
        [    0,    0,    0,    0,    0,    0,    0,    0,    0,    0,    0,    0,    0,    0,    0,    0,    0,    0,    0,    0,    0,    0,    0,    0,    0,    0,    0,    0,    0,    0,    0,    0,    0,    0,    0,    0,    0,    0,    0,    0,    0,    0,    0,    0,    0,    0,    0,    0,    0,    0,    0,    0,    0,    0,    0,    0,    0,    0,    0,    0,    0,    0,    0,    0,    0,    0,    0,    0,    0,    0,    0,    0,    0,    0,    0,    0,    0,    0,    0,    0,    0,    0,    0,    0,    0,    0,    0,    0],
        [  461,    0,    0,  388,  262,  644,  753,  385,  540,  327,  104,  608,  318,  205,  600,  263,  300,  364,  653,  427,  357,  342,  221,  395,  283,  444,  638,  698,  510,  141,  177,  445,  166,  539,  249,  372,  537,  390,  531,  420,  481,  246,  338,  648,  264,   49,  152,  582,  592,  690,  664,  343,  253,  787,  497,  456,  389,  672,  488,  243,  328,  490,  336,  346,  328,  578,  383,  213,  234,   93,  350,  763,  728,  693,   67,   66,  291,  218,  358,  531,  180,  317,  686,  420,  468,  411,   97,  287],
        [  814,    0,  388,    0,  540,  894, 1109,  748,  895,  406,  349,  839,  683,  184,  983,  614,   99,  741, 1011,  814,  526,  730,  496,  638,  478,   80,  927,  838,  898,  498,  299,  628,  306,  926,  635,  599,  922,  665,  904,  102,  688,  169,  560, 1020,  531,  340,  250,  902,  846,  867, 1048,  727,  175, 1152,  852,  842,  740, 1057,  798,  579,  491,  875,  178,  728,  271,  965,   32,  522,  363,  480,  257, 1147, 1113,  852,  322,  440,  106,  205,  708,  834,  489,  636, 1073,  633,  649,  291,  328,  672],
        [  293,    0,  262,  540,    0,  386,  580,  496,  372,  221,  213,  347,  440,  377,  510,  426,  442,  441,  486,  406,  610,  353,   47,  619,  536,  615,  394,  448,  475,  146,  242,  199,  421,  480,  318,  606,  548,  133,  405,  522,  711,  456,  577,  514,   16,  288,  307,  362,  790,  431,  578,  302,  468,  630,  601,  406,  521,  591,  654,  431,  142,  507,  403,  409,  333,  551,  549,  434,  191,  251,  361,  673,  644,  439,  299,  208,  474,  336,  496,  296,   83,  105,  625,  165,  220,  397,  239,  354],
        [  327,    0,  644,  894,  386,    0,  416,  757,  334,  498,  595,   67,  723,  751,  531,  742,  801,  688,  376,  570,  974,  576,  431,  957,  904,  973,  106,  252,  590,  511,  608,  275,  806,  560,  606,  954,  693,  255,  423,  851, 1051,  836,  931,  457,  388,  673,  683,  199, 1092,  174,  580,  505,  849,  486,  834,  534,  794,  597,  937,  763,  404,  672,  731,  654,  641,  650,  909,  784,  533,  611,  664,  639,  629,  214,  684,  584,  845,  699,  780,  167,  465,  338,  652,  262,  258,  671,  622,  624],
        [  296,    0,  753, 1109,  580,  416,    0,  638,  215,  783,  763,  471,  642,  933,  251,  698, 1011,  574,  101,  420,  977,  486,  619,  906,  924, 1179,  311,  667,  376,  620,  814,  607,  910,  326,  573,  920,  465,  481,  237, 1100,  989,  995,  915,  143,  592,  798,  862,  249,  964,  589,  252,  439, 1003,   71,  660,  370,  680,  265,  805,  737,  684,  473,  982,  552,  910,  390, 1114,  786,  770,  677,  938,  261,  268,  629,  815,  690, 1029,  906,  683,  325,  620,  478,  321,  569,  604,  967,  785,  563],
        [  443,    0,  385,  748,  496,  757,  638,    0,  482,  670,  477,  755,   68,  577,  399,  135,  672,   71,  552,  220,  378,  183,  486,  277,  352,  786,  697,  916,  269,  372,  555,  686,  449,  319,  178,  301,  220,  555,  413,  797,  354,  583,  308,  497,  508,  425,  535,  600,  341,  876,  436,  253,  582,  636,  113,  270,   43,  434,  182,  174,  627,  185,  720,  103,  707,  294,  734,  238,  588,  305,  731,  517,  481,  896,  440,  367,  643,  602,   54,  595,  440,  457,  417,  644,  704,  790,  479,  144],
        [   82,    0,  540,  895,  372,  334,  215,  482,    0,  584,  548,  364,  470,  718,  200,  515,  798,  413,  116,  267,  787,  308,  409,  731,  728,  965,  243,  563,  265,  405,  601,  436,  699,  229,  380,  740,  369,  291,   90,  889,  820,  781,  729,  151,  385,  585,  648,  138,  822,  496,  255,  248,  790,  259,  535,  222,  524,  272,  662,  549,  488,  356,  772,  384,  704,  318,  899,  592,  562,  467,  732,  332,  313,  530,  601,  476,  815,  692,  519,  179,  407,  268,  324,  392,  439,  766,  571,  379],
        [  508,    0,  327,  406,  221,  498,  783,  670,  584,    0,  225,  438,  607,  303,  731,  571,  321,  627,  694,  619,  672,  556,  202,  722,  598,  486,  546,  439,  692,  300,  174,  225,  429,  699,  498,  698,  758,  303,  624,  354,  806,  393,  662,  730,  206,  318,  255,  546,  917,  462,  798,  515,  409,  838,  781,  623,  686,  812,  804,  561,  101,  715,  235,  598,  143,  768,  426,  539,   95,  375,  167,  893,  865,  449,  316,  312,  380,  235,  657,  471,  238,  322,  846,  239,  245,  185,  241,  539],
        [  467,    0,  104,  349,  213,  595,  763,  477,  548,  225,    0,  552,  410,  171,  640,  361,  252,  447,  663,  484,  450,  405,  166,  497,  376,  417,  606,  618,  566,  152,   80,  368,  222,  588,  323,  473,  607,  345,  556,  356,  581,  245,  437,  672,  208,   96,  100,  565,  695,  618,  706,  389,  257,  804,  589,  505,  485,  717,  590,  345,  239,  561,  255,  424,  231,  638,  352,  316,  131,  173,  256,  806,  772,  617,   99,  112,  269,  150,  454,  504,  145,  295,  737,  351,  392,  314,   27,  363],
        [  343,    0,  608,  839,  347,   67,  471,  755,  364,  438,  552,    0,  716,  702,  563,  728,  747,  687,  422,  580,  948,  576,  390,  939,  876,  918,  161,  202,  610,  481,  557,  214,  767,  584,  595,  933,  710,  223,  450,  791, 1033,  788,  909,  498,  347,  633,  636,  238, 1084,  133,  616,  506,  802,  540,  838,  549,  790,  633,  933,  745,  348,  686,  672,  653,  581,  673,  855,  761,  479,  584,  604,  682,  669,  167,  643,  551,  794,  647,  773,  186,  428,  316,  687,  207,  196,  608,  578,  617],
        [  421,    0,  318,  683,  440,  723,  642,   68,  470,  607,  410,  716,    0,  511,  415,   76,  606,   76,  551,  224,  346,  162,  426,  265,  309,  724,  670,  869,  288,  310,  489,  633,  387,  336,  124,  280,  262,  509,  410,  730,  351,  520,  279,  504,  451,  358,  468,  578,  370,  832,  460,  227,  519,  647,  180,  273,   82,  461,  219,  119,  567,  220,  653,   90,  640,  328,  671,  183,  523,  238,  664,  548,  511,  851,  374,  301,  579,  535,   59,  565,  379,  409,  451,  592,  652,  723,  412,   99],
        [  637,    0,  205,  184,  377,  751,  933,  577,  718,  303,  171,  702,  511,    0,  800,  446,   96,  564,  833,  631,  423,  547,  331,  512,  359,  247,  771,  737,  714,  316,  145,  502,  169,  742,  454,  477,  741,  508,  722,  220,  578,   92,  438,  839,  370,  158,   72,  735,  721,  751,  864,  544,  107,  973,  685,  658,  574,  873,  649,  415,  363,  695,  168,  549,  214,  782,  183,  365,  228,  298,  221,  964,  929,  743,  141,  256,   98,   70,  542,  672,  316,  465,  889,  496,  525,  281,  148,  491],
        [  242,    0,  600,  983,  510,  531,  251,  399,  200,  731,  640,  563,  415,  800,    0,  481,  889,  341,  190,  195,  759,  277,  536,  674,  715, 1044,  435,  763,  131,  489,  707,  618,  738,   80,  375,  693,  215,  465,  118,  995,  752,  845,  693,  110,  525,  649,  735,  333,  716,  696,   68,  258,  851,  239,  411,  151,  440,   82,  558,  522,  644,  225,  887,  326,  833,  141,  981,  579,  689,  512,  861,  166,  135,  730,  666,  544,  891,  790,  448,  378,  517,  411,  126,  572,  624,  904,  658,  354],
        [  457,    0,  263,  614,  426,  742,  698,  135,  515,  571,  361,  728,   76,  446,  481,    0,  540,  150,  604,  287,  280,  213,  405,  220,  236,  651,  698,  867,  357,  286,  438,  623,  314,  403,  139,  226,  337,  512,  463,  666,  312,  449,  217,  565,  435,  299,  409,  612,  365,  838,  529,  268,  447,  709,  240,  334,  129,  531,  234,   44,  542,  295,  595,  156,  590,  402,  600,  107,  483,  196,  612,  619,  582,  852,  313,  259,  509,  476,   97,  590,  356,  414,  524,  586,  644,  673,  359,  137],
        [  716,    0,  300,   99,  442,  801, 1011,  672,  798,  321,  252,  747,  606,   96,  889,  540,    0,  660,  913,  724,  493,  641,  398,  592,  435,  174,  830,  758,  807,  402,  201,  538,  249,  833,  548,  556,  836,  568,  807,  127,  653,  126,  516,  923,  433,  253,  155,  804,  802,  781,  954,  634,  139, 1054,  780,  749,  668,  964,  739,  509,  400,  790,  116,  644,  197,  876,  109,  456,  268,  392,  191, 1054, 1020,  769,  236,  347,   75,  107,  636,  737,  391,  537,  981,  540,  560,  240,  232,  586],
        [  373,    0,  364,  741,  441,  688,  574,   71,  413,  627,  447,  687,   76,  564,  341,  150,  660,    0,  485,  155,  421,  113,  435,  334,  384,  786,  626,  851,  213,  327,  526,  626,  453,  262,  129,  352,  189,  491,  345,  782,  416,  581,  353,  434,  454,  408,  516,  529,  412,  809,  385,  183,  582,  576,  161,  204,  112,  385,  253,  193,  576,  146,  697,   34,  676,  253,  731,  256,  550,  276,  701,  472,  435,  830,  425,  335,  638,  581,  110,  525,  391,  393,  375,  583,  644,  758,  452,   89],
        [  197,    0,  653, 1011,  486,  376,  101,  552,  116,  694,  663,  422,  551,  833,  190,  604,  913,  485,    0,  332,  881,  392,  524,  815,  827, 1080,  272,  623,  301,  519,  716,  531,  809,  253,  476,  827,  398,  396,  142, 1004,  900,  895,  820,   88,  499,  698,  763,  186,  885,  549,  217,  341,  903,  145,  585,  282,  594,  233,  725,  641,  597,  399,  887,  462,  817,  330, 1015,  689,  676,  576,  846,  264,  256,  587,  715,  589,  930,  808,  594,  254,  522,  382,  291,  491,  531,  877,  686,  468],
        [  243,    0,  427,  814,  406,  570,  420,  220,  267,  619,  484,  580,  224,  631,  195,  287,  724,  155,  332,    0,  566,   87,  417,  487,  521,  869,  496,  762,   84,  338,  558,  563,  552,  120,  187,  503,  143,  413,  193,  838,  570,  667,  501,  281,  421,  475,  571,  394,  557,  709,  248,  105,  671,  424,  269,   51,  263,  253,  396,  328,  547,  108,  738,  134,  698,  155,  809,  385,  558,  335,  726,  344,  307,  735,  493,  378,  717,  632,  264,  404,  385,  328,  260,  517,  576,  775,  497,  160],
        [  723,    0,  357,  526,  610,  974,  977,  378,  787,  672,  450,  948,  346,  423,  759,  280,  493,  421,  881,  566,    0,  492,  573,  133,   75,  529,  948, 1053,  634,  468,  502,  800,  256,  681,  407,   92,  597,  725,  741,  611,  162,  369,   70,  844,  614,  355,  431,  871,  325, 1040,  805,  541,  358,  989,  439,  614,  345,  806,  322,  241,  684,  560,  590,  433,  628,  670,  500,  197,  578,  364,  641,  892,  855, 1046,  356,  403,  431,  484,  325,  837,  527,  636,  793,  772,  823,  702,  432,  415],
        [  262,    0,  342,  730,  353,  576,  486,  183,  308,  556,  405,  576,  162,  547,  277,  213,  641,  113,  392,   87,  492,    0,  356,  425,  442,  784,  515,  745,  170,  264,  481,  528,  466,  205,  100,  436,  205,  386,  251,  757,  512,  581,  429,  353,  367,  390,  489,  419,  522,  699,  333,   71,  585,  498,  265,  126,  222,  339,  364,  252,  493,  160,  660,   80,  624,  236,  724,  305,  489,  250,  652,  430,  393,  722,  408,  296,  632,  551,  213,  413,  319,  291,  346,  483,  544,  704,  417,   79],
        [  328,    0,  221,  496,   47,  431,  619,  486,  409,  202,  166,  390,  426,  331,  536,  405,  398,  435,  524,  417,  573,  356,    0,  590,  499,  570,  441,  481,  491,  120,  197,  228,  377,  500,  309,  574,  557,  179,  435,  481,  681,  410,  544,  547,   44,  244,  260,  406,  767,  469,  603,  313,  422,  667,  594,  422,  508,  616,  636,  406,  141,  514,  364,  405,  299,  567,  505,  403,  155,  220,  328,  700,  670,  474,  254,  171,  429,  292,  481,  341,   50,  142,  647,  200,  251,  369,  192,  347],
        [  676,    0,  395,  638,  619,  957,  906,  277,  731,  722,  497,  939,  265,  512,  674,  220,  592,  334,  815,  487,  133,  425,  590,    0,  161,  649,  917, 1067,  544,  474,  562,  816,  344,  594,  359,   42,  493,  720,  674,  715,   94,  474,   78,  767,  626,  409,  504,  831,  211, 1044,  713,  485,  465,  909,  318,  537,  239,  711,  190,  195,  716,  461,  678,  354,  702,  570,  615,  188,  628,  370,  719,  793,  757, 1055,  415,  423,  537,  564,  227,  808,  541,  624,  692,  783,  838,  781,  484,  353],
        [  661,    0,  283,  478,  536,  904,  924,  352,  728,  598,  376,  876,  309,  359,  715,  236,  435,  384,  827,  521,   75,  442,  499,  161,    0,  490,  881,  979,  593,  396,  429,  725,  190,  638,  352,  122,  568,  654,  688,  556,  220,  315,   83,  795,  540,  281,  361,  807,  369,  967,  765,  486,  305,  940,  429,  567,  325,  767,  334,  194,  610,  528,  527,  391,  560,  636,  455,  138,  504,  293,  573,  855,  818,  972,  283,  329,  378,  417,  300,  770,  453,  566,  759,  698,  749,  635,  358,  364],
        [  883,    0,  444,   80,  615,  973, 1179,  786,  965,  486,  417,  918,  724,  247, 1044,  651,  174,  786, 1080,  869,  529,  784,  570,  649,  490,    0, 1004,  918,  953,  563,  374,  708,  338,  983,  687,  609,  970,  741,  968,  164,  689,  205,  572, 1085,  606,  396,  317,  976,  853,  947, 1107,  786,  205, 1219,  887,  899,  774, 1116,  820,  614,  571,  924,  257,  775,  350, 1018,   66,  553,  441,  535,  336, 1207, 1171,  931,  378,  501,  154,  280,  743,  910,  560,  708, 1129,  712,  729,  366,  395,  722],
        [  255,    0,  638,  927,  394,  106,  311,  697,  243,  546,  606,  161,  670,  771,  435,  698,  830,  626,  272,  496,  948,  515,  441,  917,  881, 1004,    0,  357,  506,  499,  631,  335,  803,  471,  560,  918,  610,  263,  332,  893, 1010,  850,  899,  355,  401,  673,  700,  105, 1036,  279,  480,  445,  862,  381,  764,  456,  736,  497,  878,  724,  447,  594,  772,  594,  687,  560,  939,  753,  565,  592,  712,  536,  527,  319,  686,  575,  867,  725,  725,  111,  466,  322,  553,  309,  324,  727,  632,  572],
        [  534,    0,  698,  838,  448,  252,  667,  916,  563,  439,  618,  202,  869,  737,  763,  867,  758,  851,  623,  762, 1053,  745,  481, 1067,  979,  918,  357,    0,  800,  594,  598,  254,  840,  778,  745, 1054,  898,  361,  648,  770, 1159,  828, 1025,  700,  442,  711,  682,  440, 1231,   82,  817,  677,  843,  737, 1009,  736,  948,  834, 1087,  877,  381,  869,  662,  817,  568,  867,  861,  881,  512,  698,  584,  884,  871,   40,  716,  652,  818,  672,  927,  385,  529,  460,  887,  284,  231,  567,  642,  774],
        [  267,    0,  510,  898,  475,  590,  376,  269,  265,  692,  566,  610,  288,  714,  131,  357,  807,  213,  301,   84,  634,  170,  491,  544,  593,  953,  506,  800,    0,  419,  639,  619,  634,   52,  269,  565,  105,  466,  178,  921,  621,  750,  566,  233,  490,  559,  654,  401,  588,  741,  172,  181,  754,  369,  286,   71,  310,  175,  430,  400,  616,   99,  820,  202,  777,   77,  892,  460,  636,  419,  805,  264,  227,  771,  576,  461,  800,  714,  318,  426,  462,  389,  177,  572,  629,  853,  580,  239],
        [  325,    0,  141,  498,  146,  511,  620,  372,  405,  300,  152,  481,  310,  316,  489,  286,  402,  327,  519,  338,  468,  264,  120,  474,  396,  563,  499,  594,  419,    0,  221,  343,  306,  438,  199,  461,  469,  259,  406,  507,  566,  376,  433,  523,  153,  182,  248,  442,  648,  574,  555,  240,  385,  657,  482,  355,  391,  566,  518,  288,  258,  424,  402,  299,  361,  492,  499,  288,  226,  106,  388,  654,  621,  583,  197,   76,  412,  301,  364,  391,   71,  178,  588,  310,  365,  440,  170,  239],
        [  520,    0,  177,  299,  242,  608,  814,  555,  601,  174,   80,  557,  489,  145,  707,  438,  201,  526,  716,  558,  502,  481,  197,  562,  429,  374,  631,  598,  639,  221,    0,  358,  256,  659,  401,  535,  684,  369,  617,  290,  642,  234,  497,  732,  233,  154,   84,  603,  764,  608,  774,  460,  248,  859,  668,  576,  563,  785,  665,  420,  220,  638,  181,  503,  152,  712,  309,  386,   87,  252,  177,  873,  840,  602,  148,  191,  238,   95,  532,  536,  195,  338,  808,  351,  381,  235,   81,  442],
        [  377,    0,  445,  628,  199,  275,  607,  686,  436,  225,  368,  214,  633,  502,  618,  623,  538,  626,  531,  563,  800,  528,  228,  816,  725,  708,  335,  254,  619,  343,  358,    0,  590,  610,  510,  802,  706,  154,  501,  578,  908,  591,  772,  587,  191,  459,  440,  359,  988,  252,  681,  466,  605,  670,  787,  550,  714,  697,  850,  630,  140,  670,  459,  593,  368,  692,  646,  630,  275,  447,  391,  766,  744,  250,  465,  399,  590,  442,  690,  283,  277,  238,  742,   47,   24,  397,  393,  543],
        [  622,    0,  166,  306,  421,  806,  910,  449,  699,  429,  222,  767,  387,  169,  738,  314,  249,  453,  809,  552,  256,  466,  377,  344,  190,  338,  803,  840,  634,  306,  256,  590,    0,  670,  366,  309,  640,  552,  682,  374,  410,  138,  269,  797,  420,  134,  179,  747,  554,  840,  798,  484,  134,  939,  549,  589,  437,  804,  493,  276,  460,  594,  337,  445,  373,  693,  289,  217,  339,  234,  385,  895,  859,  839,  125,  230,  201,  229,  406,  696,  342,  482,  810,  571,  613,  447,  199,  396],
        [  244,    0,  539,  926,  480,  560,  326,  319,  229,  699,  588,  584,  336,  742,   80,  403,  833,  262,  253,  120,  681,  205,  500,  594,  638,  983,  471,  778,   52,  438,  659,  610,  670,    0,  305,  614,  146,  456,  139,  944,  672,  783,  614,  183,  495,  588,  679,  367,  639,  716,  129,  200,  787,  318,  336,   85,  360,  134,  480,  445,  618,  148,  840,  248,  792,   90,  922,  503,  649,  449,  820,  225,  189,  747,  606,  487,  830,  738,  368,  398,  475,  387,  150,  563,  619,  866,  604,  280],
        [  319,    0,  249,  635,  318,  606,  573,  178,  380,  498,  323,  595,  124,  454,  375,  139,  548,  129,  476,  187,  407,  100,  309,  359,  352,  687,  560,  745,  269,  199,  401,  510,  366,  305,    0,  363,  289,  385,  337,  667,  451,  483,  350,  446,  331,  296,  399,  473,  490,  710,  433,  135,  486,  591,  285,  225,  204,  439,  343,  170,  450,  242,  576,  103,  550,  331,  628,  214,  422,  157,  576,  530,  493,  727,  314,  211,  535,  463,  182,  451,  264,  286,  445,  469,  529,  631,  331,   42],
        [  681,    0,  372,  599,  606,  954,  920,  301,  740,  698,  473,  933,  280,  477,  693,  226,  556,  352,  827,  503,   92,  436,  574,   42,  122,  609,  918, 1054,  565,  461,  535,  802,  309,  614,  363,    0,  519,  712,  686,  678,  109,  436,   40,  784,  612,  382,  473,  834,  248, 1034,  735,  493,  427,  927,  351,  552,  265,  734,  230,  195,  697,  485,  644,  370,  672,  595,  575,  173,  604,  356,  687,  818,  781, 1044,  387,  406,  499,  532,  249,  808,  526,  618,  718,  770,  825,  750,  459,  362],
        [  368,    0,  537,  922,  548,  693,  465,  220,  369,  758,  607,  710,  262,  741,  215,  337,  836,  189,  398,  143,  597,  205,  557,  493,  568,  970,  610,  898,  105,  469,  684,  706,  640,  146,  289,  519,    0,  555,  281,  955,  561,  766,  528,  324,  563,  584,  687,  505,  506,  841,  232,  246,  767,  448,  201,  162,  255,  226,  353,  380,  689,   47,  862,  195,  829,   82,  913,  444,  693,  445,  856,  302,  266,  870,  601,  497,  820,  751,  273,  528,  521,  471,  200,  659,  718,  908,  618,  251],
        [  226,    0,  390,  665,  133,  255,  481,  555,  291,  303,  345,  223,  509,  508,  465,  512,  568,  491,  396,  413,  725,  386,  179,  720,  654,  741,  263,  361,  466,  259,  369,  154,  552,  456,  385,  712,  555,    0,  349,  637,  813,  589,  687,  442,  138,  419,  438,  245,  874,  326,  530,  321,  601,  539,  649,  397,  587,  545,  727,  526,  203,  521,  516,  457,  436,  539,  676,  540,  305,  362,  463,  617,  594,  343,  430,  330,  605,  463,  567,  172,  211,  100,  589,  108,  164,  488,  371,  413],
        [  125,    0,  531,  904,  405,  423,  237,  413,   90,  624,  556,  450,  410,  722,  118,  463,  807,  345,  142,  193,  741,  251,  435,  674,  688,  968,  332,  648,  178,  406,  617,  501,  682,  139,  337,  686,  281,  349,    0,  907,  759,  777,  679,  118,  420,  578,  654,  228,  749,  582,  181,  204,  784,  258,  455,  144,  455,  197,  588,  501,  534,  272,  794,  321,  734,  228,  904,  550,  590,  449,  763,  270,  245,  615,  596,  470,  816,  705,  454,  264,  423,  303,  243,  455,  507,  802,  576,  327],
        [  808,    0,  420,  102,  522,  851, 1100,  797,  889,  354,  356,  791,  730,  220,  995,  666,  127,  782, 1004,  838,  611,  757,  481,  715,  556,  164,  893,  770,  921,  507,  290,  578,  374,  944,  667,  678,  955,  637,  907,    0,  771,  243,  638, 1022,  510,  374,  269,  880,  925,  806, 1062,  745,  253, 1147,  905,  860,  794, 1072,  865,  635,  448,  909,  122,  765,  211,  991,  134,  582,  333,  510,  190, 1161, 1128,  787,  358,  461,  180,  207,  762,  809,  485,  623, 1093,  590,  598,  208,  341,  706],
        [  767,    0,  481,  688,  711, 1051,  989,  354,  820,  806,  581, 1033,  351,  578,  752,  312,  653,  416,  900,  570,  162,  512,  681,   94,  220,  689, 1010, 1159,  621,  566,  642,  908,  410,  672,  451,  109,  561,  813,  759,  771,    0,  530,  145,  849,  718,  490,  578,  922,  169, 1137,  786,  574,  519,  989,  372,  620,  312,  784,  224,  289,  805,  533,  746,  439,  777,  640,  662,  278,  712,  461,  792,  862,  826, 1148,  494,  513,  592,  636,  307,  901,  632,  718,  760,  875,  930,  854,  566,  442],
        [  701,    0,  246,  169,  456,  836,  995,  583,  781,  393,  245,  788,  520,   92,  845,  449,  126,  581,  895,  667,  369,  581,  410,  474,  315,  205,  850,  828,  750,  376,  234,  591,  138,  783,  483,  436,  766,  589,  777,  243,  530,    0,  397,  894,  451,  199,  153,  809,  683,  841,  908,  588,   16, 1031,  686,  699,  574,  916,  630,  412,  452,  719,  233,  571,  297,  814,  152,  354,  318,  334,  300, 1007,  971,  834,  182,  307,   65,  160,  542,  749,  388,  538,  926,  583,  614,  356,  219,  517],
        [  667,    0,  338,  560,  577,  931,  915,  308,  729,  662,  437,  909,  279,  438,  693,  217,  516,  353,  820,  501,   70,  429,  544,   78,   83,  572,  899, 1025,  566,  433,  497,  772,  269,  614,  350,   40,  528,  687,  679,  638,  145,  397,    0,  780,  583,  345,  434,  818,  287, 1007,  737,  482,  388,  924,  370,  549,  275,  738,  259,  181,  664,  491,  605,  367,  633,  601,  537,  148,  568,  328,  649,  823,  786, 1015,  350,  374,  460,  493,  255,  789,  496,  594,  724,  742,  795,  711,  422,  353],
        [  222,    0,  648, 1020,  514,  457,  143,  497,  151,  730,  672,  498,  504,  839,  110,  565,  923,  434,   88,  281,  844,  353,  547,  767,  795, 1085,  355,  700,  233,  523,  732,  587,  797,  183,  446,  784,  324,  442,  118, 1022,  849,  894,  780,    0,  528,  695,  771,  261,  821,  627,  129,  316,  900,  145,  518,  232,  539,  146,  662,  604,  636,  331,  908,  415,  845,  250, 1021,  657,  701,  565,  873,  185,  173,  664,  712,  587,  933,  820,  543,  321,  538,  410,  203,  543,  589,  910,  693,  431],
        [  307,    0,  264,  531,   16,  388,  592,  508,  385,  206,  208,  347,  451,  370,  525,  435,  433,  454,  499,  421,  614,  367,   44,  626,  540,  606,  401,  442,  490,  153,  233,  191,  420,  495,  331,  612,  563,  138,  420,  510,  718,  451,  583,  528,    0,  287,  300,  372,  799,  427,  592,  317,  463,  643,  614,  421,  533,  606,  665,  440,  127,  522,  391,  422,  319,  566,  541,  440,  179,  257,  348,  688,  659,  433,  297,  211,  467,  327,  507,  304,   87,  118,  640,  159,  213,  383,  234,  367],
        [  505,    0,   49,  340,  288,  673,  798,  425,  585,  318,   96,  633,  358,  158,  649,  299,  253,  408,  698,  475,  355,  390,  244,  409,  281,  396,  673,  711,  559,  182,  154,  459,  134,  588,  296,  382,  584,  419,  578,  374,  490,  199,  345,  695,  287,    0,  111,  621,  611,  708,  712,  391,  206,  833,  536,  504,  427,  720,  517,  274,  334,  537,  297,  392,  299,  625,  335,  235,  224,  141,  319,  811,  776,  708,   18,  109,  243,  178,  395,  567,  209,  353,  734,  439,  482,  381,   78,  334],
        [  567,    0,  152,  250,  307,  683,  862,  535,  648,  255,  100,  636,  468,   72,  735,  409,  155,  516,  763,  571,  431,  489,  260,  504,  361,  317,  700,  682,  654,  248,   84,  440,  179,  679,  399,  473,  687,  438,  654,  269,  578,  153,  434,  771,  300,  111,    0,  664,  711,  691,  800,  480,  167,  903,  646,  595,  537,  809,  624,  383,  303,  640,  187,  497,  199,  724,  252,  340,  171,  242,  216,  899,  865,  685,   97,  194,  170,   68,  505,  601,  245,  394,  827,  431,  463,  278,   78,  438],
        [  157,    0,  582,  902,  362,  199,  249,  600,  138,  546,  565,  238,  578,  735,  333,  612,  804,  529,  186,  394,  871,  419,  406,  831,  807,  976,  105,  440,  401,  442,  603,  359,  747,  367,  473,  834,  505,  245,  228,  880,  922,  809,  818,  261,  372,  621,  664,    0,  940,  367,  381,  351,  819,  315,  663,  353,  640,  398,  781,  640,  446,  490,  759,  498,  680,  456,  910,  675,  547,  525,  707,  445,  432,  404,  636,  517,  833,  697,  631,   77,  421,  271,  453,  323,  355,  730,  590,  481],
        [  784,    0,  592,  846,  790, 1092,  964,  341,  822,  917,  695, 1084,  370,  721,  716,  365,  802,  412,  885,  557,  325,  522,  767,  211,  369,  853, 1036, 1231,  588,  648,  764,  988,  554,  639,  490,  248,  506,  874,  749,  925,  169,  683,  287,  821,  799,  611,  711,  940,    0, 1199,  737,  592,  674,  952,  306,  605,  301,  731,  161,  361,  901,  491,  888,  443,  908,  587,  821,  380,  825,  550,  926,  798,  765, 1215,  619,  609,  746,  773,  313,  932,  717,  775,  696,  950, 1008,  988,  685,  469],
        [  474,    0,  690,  867,  431,  174,  589,  876,  496,  462,  618,  133,  832,  751,  696,  838,  781,  809,  549,  709, 1040,  699,  469, 1044,  967,  947,  279,   82,  741,  574,  608,  252,  840,  716,  710, 1034,  841,  326,  582,  806, 1137,  841, 1007,  627,  427,  708,  691,  367, 1199,    0,  747,  630,  856,  659,  963,  680,  909,  764, 1051,  851,  389,  815,  692,  775,  599,  806,  887,  861,  524,  679,  617,  811,  799,   42,  715,  638,  838,  690,  890,  319,  514,  425,  818,  270,  228,  608,  643,  735],
        [  305,    0,  664, 1048,  578,  580,  252,  436,  255,  798,  706,  616,  460,  864,   68,  529,  954,  385,  217,  248,  805,  333,  603,  713,  765, 1107,  480,  817,  172,  555,  774,  681,  798,  129,  433,  735,  232,  530,  181, 1062,  786,  908,  737,  129,  592,  712,  800,  381,  737,  747,    0,  321,  913,  221,  432,  210,  475,   18,  583,  572,  711,  254,  954,  374,  900,  151, 1045,  631,  757,  574,  929,  100,   67,  783,  730,  609,  954,  856,  487,  433,  585,  478,   75,  636,  687,  972,  723,  408],
        [  194,    0,  343,  727,  302,  505,  439,  253,  248,  515,  389,  506,  227,  544,  258,  268,  634,  183,  341,  105,  541,   71,  313,  485,  486,  786,  445,  677,  181,  240,  460,  466,  484,  200,  135,  493,  246,  321,  204,  745,  574,  588,  482,  316,  317,  391,  480,  351,  592,  630,  321,    0,  593,  460,  334,  116,  292,  330,  434,  302,  444,  206,  641,  150,  597,  256,  724,  348,  456,  255,  625,  421,  386,  653,  409,  288,  633,  538,  281,  342,  282,  229,  349,  421,  481,  673,  404,  133],
        [  709,    0,  253,  175,  468,  849, 1003,  582,  790,  409,  257,  802,  519,  107,  851,  447,  139,  582,  903,  671,  358,  585,  422,  465,  305,  205,  862,  843,  754,  385,  248,  605,  134,  787,  486,  427,  767,  601,  784,  253,  519,   16,  388,  900,  463,  206,  167,  819,  674,  856,  913,  593,    0, 1039,  683,  704,  571,  920,  624,  410,  467,  721,  248,  572,  312,  817,  155,  351,  333,  339,  315, 1011,  976,  849,  189,  315,   73,  175,  540,  760,  399,  548,  930,  597,  628,  371,  231,  520],
        [  340,    0,  787, 1152,  630,  486,   71,  636,  259,  838,  804,  540,  647,  973,  239,  709, 1054,  576,  145,  424,  989,  498,  667,  909,  940, 1219,  381,  737,  369,  657,  859,  670,  939,  318,  591,  927,  448,  539,  258, 1147,  989, 1031,  924,  145,  643,  833,  903,  315,  952,  659,  221,  460, 1039,    0,  647,  376,  678,  231,  796,  749,  741,  463, 1031,  558,  962,  368, 1155,  802,  820,  706,  990,  207,  221,  699,  850,  724, 1068,  950,  684,  389,  664,  527,  281,  631,  668, 1022,  825,  576],
        [  511,    0,  497,  852,  601,  834,  660,  113,  535,  781,  589,  838,  180,  685,  411,  240,  780,  161,  585,  269,  439,  265,  594,  318,  429,  887,  764, 1009,  286,  482,  668,  787,  549,  336,  285,  351,  201,  649,  455,  905,  372,  686,  370,  518,  614,  536,  646,  663,  306,  963,  432,  334,  683,  647,    0,  314,  113,  426,  154,  274,  735,  188,  831,  194,  820,  282,  837,  334,  701,  417,  844,  497,  463,  986,  551,  480,  747,  713,  145,  669,  549,  553,  395,  743,  804,  902,  591,  248],
        [  208,    0,  456,  842,  406,  534,  370,  270,  222,  623,  505,  549,  273,  658,  151,  334,  749,  204,  282,   51,  614,  126,  422,  537,  567,  899,  456,  736,   71,  355,  576,  550,  589,   85,  225,  552,  162,  397,  144,  860,  620,  699,  549,  232,  421,  504,  595,  353,  605,  680,  210,  116,  704,  376,  314,    0,  312,  217,  445,  375,  546,  138,  757,  183,  711,  147,  838,  430,  569,  365,  739,  308,  273,  708,  522,  403,  746,  654,  314,  369,  395,  319,  233,  503,  561,  786,  520,  204],
        [  483,    0,  389,  740,  521,  794,  680,   43,  524,  686,  485,  790,   82,  574,  440,  129,  668,  112,  594,  263,  345,  222,  508,  239,  325,  774,  736,  948,  310,  391,  563,  714,  437,  360,  204,  265,  255,  587,  455,  794,  312,  574,  275,  539,  533,  427,  537,  640,  301,  909,  475,  292,  571,  678,  113,  312,    0,  474,  144,  162,  648,  223,  723,  142,  715,  332,  725,  222,  602,  315,  738,  555,  519,  928,  441,  378,  635,  604,   33,  633,  460,  488,  454,  673,  733,  798,  485,  174],
        [  321,    0,  672, 1057,  591,  597,  265,  434,  272,  812,  717,  633,  461,  873,   82,  531,  964,  385,  233,  253,  806,  339,  616,  711,  767, 1116,  497,  834,  175,  566,  785,  697,  804,  134,  439,  734,  226,  545,  197, 1072,  784,  916,  738,  146,  606,  720,  809,  398,  731,  764,   18,  330,  920,  231,  426,  217,  474,    0,  578,  574,  725,  251,  965,  376,  913,  145, 1054,  634,  769,  582,  941,   92,   56,  800,  738,  618,  963,  866,  486,  450,  596,  492,   58,  651,  703,  984,  733,  412],
        [  625,    0,  488,  798,  654,  937,  805,  182,  662,  804,  590,  933,  219,  649,  558,  234,  739,  253,  725,  396,  322,  364,  636,  190,  334,  820,  878, 1087,  430,  518,  665,  850,  493,  480,  343,  230,  353,  727,  588,  865,  224,  630,  259,  662,  665,  517,  624,  781,  161, 1051,  583,  434,  624,  796,  154,  445,  144,  578,    0,  246,  775,  334,  809,  285,  815,  434,  778,  286,  715,  429,  836,  651,  617, 1069,  529,  492,  694,  690,  161,  776,  588,  628,  548,  810,  869,  897,  585,  316],
        [  488,    0,  243,  579,  431,  763,  737,  174,  549,  561,  345,  745,  119,  415,  522,   44,  509,  193,  641,  328,  241,  252,  406,  195,  194,  614,  724,  877,  400,  288,  420,  630,  276,  445,  170,  195,  380,  526,  501,  635,  289,  412,  181,  604,  440,  274,  383,  640,  361,  851,  572,  302,  410,  749,  274,  375,  162,  574,  246,    0,  540,  338,  569,  198,  570,  446,  564,   65,  471,  189,  592,  663,  625,  864,  287,  250,  474,  450,  130,  614,  357,  430,  568,  594,  651,  653,  340,  174],
        [  414,    0,  328,  491,  142,  404,  684,  627,  488,  101,  239,  348,  567,  363,  644,  542,  400,  576,  597,  547,  684,  493,  141,  716,  610,  571,  447,  381,  616,  258,  220,  140,  460,  618,  450,  697,  689,  203,  534,  448,  805,  452,  664,  636,  127,  334,  303,  446,  901,  389,  711,  444,  467,  741,  735,  546,  648,  725,  775,  540,    0,  648,  327,  545,  240,  692,  508,  529,  136,  352,  266,  803,  776,  383,  338,  294,  451,  302,  621,  371,  188,  233,  762,  143,  163,  285,  262,  488],
        [  345,    0,  490,  875,  507,  672,  473,  185,  356,  715,  561,  686,  220,  695,  225,  295,  790,  146,  399,  108,  560,  160,  514,  461,  528,  924,  594,  869,   99,  424,  638,  670,  594,  148,  242,  485,   47,  521,  272,  909,  533,  719,  491,  331,  522,  537,  640,  490,  491,  815,  254,  206,  721,  463,  188,  138,  223,  251,  334,  338,  648,    0,  816,  149,  783,  111,  867,  401,  648,  399,  810,  333,  297,  842,  554,  451,  774,  704,  237,  506,  478,  434,  234,  624,  684,  863,  571,  204],
        [  692,    0,  336,  178,  403,  731,  982,  720,  772,  235,  255,  672,  653,  168,  887,  595,  116,  697,  887,  738,  590,  660,  364,  678,  527,  257,  772,  662,  820,  402,  181,  459,  337,  840,  576,  644,  862,  516,  794,  122,  746,  233,  605,  908,  391,  297,  187,  759,  888,  692,  954,  641,  248, 1031,  831,  757,  723,  965,  809,  569,  327,  816,    0,  677,   94,  892,  202,  524,  213,  422,   80, 1053, 1021,  676,  283,  366,  189,  120,  691,  688,  372,  505,  989,  469,  479,  125,  246,  616],
        [  341,    0,  346,  728,  409,  654,  552,  103,  384,  598,  424,  653,   90,  549,  326,  156,  644,   34,  462,  134,  433,   80,  405,  354,  391,  775,  594,  817,  202,  299,  503,  593,  445,  248,  103,  370,  195,  457,  321,  765,  439,  571,  367,  415,  422,  392,  497,  498,  443,  775,  374,  150,  572,  558,  194,  183,  142,  376,  285,  198,  545,  149,  677,    0,  652,  251,  718,  259,  523,  256,  678,  465,  428,  796,  409,  312,  626,  562,  135,  492,  362,  360,  371,  550,  610,  733,  431,   62],
        [  625,    0,  328,  271,  333,  641,  910,  707,  704,  143,  231,  581,  640,  214,  833,  590,  197,  676,  817,  698,  628,  624,  299,  702,  560,  350,  687,  568,  777,  361,  152,  368,  373,  792,  550,  672,  829,  436,  734,  211,  777,  297,  633,  845,  319,  299,  199,  680,  908,  599,  900,  597,  312,  962,  820,  711,  715,  913,  815,  570,  240,  783,   94,  652,    0,  851,  294,  533,  145,  403,   29,  998,  967,  582,  290,  342,  266,  146,  684,  607,  317,  437,  941,  381,  387,   83,  231,  591],
        [  333,    0,  578,  965,  551,  650,  390,  294,  318,  768,  638,  673,  328,  782,  141,  402,  876,  253,  330,  155,  670,  236,  567,  570,  636, 1018,  560,  867,   77,  492,  712,  692,  693,   90,  331,  595,   82,  539,  228,  991,  640,  814,  601,  250,  566,  625,  724,  456,  587,  806,  151,  256,  817,  368,  282,  147,  332,  145,  434,  446,  692,  111,  892,  251,  851,    0,  958,  508,  711,  485,  879,  224,  187,  837,  643,  531,  866,  785,  347,  488,  537,  464,  124,  646,  703,  928,  651,  298],
        [  818,    0,  383,   32,  549,  909, 1114,  734,  899,  426,  352,  855,  671,  183,  981,  600,  109,  731, 1015,  809,  500,  724,  505,  615,  455,   66,  939,  861,  892,  499,  309,  646,  289,  922,  628,  575,  913,  676,  904,  134,  662,  152,  537, 1021,  541,  335,  252,  910,  821,  887, 1045,  724,  155, 1155,  837,  838,  725, 1054,  778,  564,  508,  867,  202,  718,  294,  958,    0,  505,  377,  474,  282, 1145, 1110,  873,  317,  438,   93,  214,  693,  844,  495,  642, 1068,  648,  667,  319,  330,  663],
        [  527,    0,  213,  522,  434,  784,  786,  238,  592,  539,  316,  761,  183,  365,  579,  107,  456,  256,  689,  385,  197,  305,  403,  188,  138,  553,  753,  881,  460,  288,  386,  630,  217,  503,  214,  173,  444,  540,  550,  582,  278,  354,  148,  657,  440,  235,  340,  675,  380,  861,  631,  348,  351,  802,  334,  430,  222,  634,  286,   65,  529,  401,  524,  259,  533,  508,  505,    0,  446,  184,  553,  723,  686,  871,  245,  236,  416,  405,  192,  643,  354,  447,  629,  598,  652,  615,  307,  227],
        [  482,    0,  234,  363,  191,  533,  770,  588,  562,   95,  131,  479,  523,  228,  689,  483,  268,  550,  676,  558,  578,  489,  155,  628,  504,  441,  565,  512,  636,  226,   87,  275,  339,  649,  422,  604,  693,  305,  590,  333,  712,  318,  568,  701,  179,  224,  171,  547,  825,  524,  757,  456,  333,  820,  701,  569,  602,  769,  715,  471,  136,  648,  213,  523,  145,  711,  377,  446,    0,  288,  173,  854,  823,  516,  223,  224,  316,  168,  572,  476,  175,  294,  798,  273,  298,  218,  147,  462],
        [  391,    0,   93,  480,  251,  611,  677,  305,  467,  375,  173,  584,  238,  298,  512,  196,  392,  276,  576,  335,  364,  250,  220,  370,  293,  535,  592,  698,  419,  106,  252,  447,  234,  449,  157,  356,  445,  362,  449,  510,  461,  334,  328,  565,  257,  141,  242,  525,  550,  679,  574,  255,  339,  706,  417,  365,  315,  582,  429,  189,  352,  399,  422,  256,  403,  485,  474,  184,  288,    0,  428,  673,  637,  688,  158,   64,  382,  307,  285,  482,  171,  274,  594,  415,  469,  486,  177,  196],
        [  653,    0,  350,  257,  361,  664,  938,  731,  732,  167,  256,  604,  664,  221,  861,  612,  191,  701,  846,  726,  641,  652,  328,  719,  573,  336,  712,  584,  805,  388,  177,  391,  385,  820,  576,  687,  856,  463,  763,  190,  792,  300,  649,  873,  348,  319,  216,  707,  926,  617,  929,  625,  315,  990,  844,  739,  738,  941,  836,  592,  266,  810,   80,  678,   29,  879,  282,  553,  173,  428,    0, 1027,  996,  599,  309,  367,  263,  157,  707,  634,  346,  465,  969,  405,  409,   63,  254,  617],
