{
    "name": "random-52-20994",
    "comment": "size=52 seed=20994",
    "nodes": ["+0", "-0", "+1", "-1", "+2", "-2", "+3", "-3", "+4", "-4", "+5", "-5", "+6", "-6", "+7", "-7", "+8", "-8", "+9", "-9", "+10", "-10", "+11", "-11", "+12", "-12", "+13", "-13", "+14", "-14", "+15", "-15", "+16", "-16", "+17", "-17", "+18", "-18", "+19", "-19", "+20", "-20", "+21", "-21", "+22", "-22", "+23", "-23", "+24", "-24", "+25", "-25", "+26", "-26", "+27", "-27", "+28", "-28", "+29", "-29", "+30", "-30", "+31", "-31", "+32", "-32", "+33", "-33", "+34", "-34", "+35", "-35", "+36", "-36", "+37", "-37", "+38", "-38", "+39", "-39", "+40", "-40", "+41", "-41", "+42", "-42", "+43", "-43", "+44", "-44", "+45", "-45", "+46", "-46", "+47", "-47", "+48", "-48", "+49", "-49", "+50", "-50", "+51", "-51", "+52", "-52"],
    "precedence": {
        "+0": "-0",
        "+1": "-1",
        "+2": "-2",
        "+3": "-3",
        "+4": "-4",
        "+5": "-5",
        "+6": "-6",
        "+7": "-7",
        "+8": "-8",
        "+9": "-9",
        "+10": "-10",
        "+11": "-11",
        "+12": "-12",
        "+13": "-13",
        "+14": "-14",
        "+15": "-15",
        "+16": "-16",
        "+17": "-17",
        "+18": "-18",
        "+19": "-19",
        "+20": "-20",
        "+21": "-21",
        "+22": "-22",
        "+23": "-23",
        "+24": "-24",
        "+25": "-25",
        "+26": "-26",
        "+27": "-27",
        "+28": "-28",
        "+29": "-29",
        "+30": "-30",
        "+31": "-31",
        "+32": "-32",
        "+33": "-33",
        "+34": "-34",
        "+35": "-35",
        "+36": "-36",
        "+37": "-37",
        "+38": "-38",
        "+39": "-39",
        "+40": "-40",
        "+41": "-41",
        "+42": "-42",
        "+43": "-43",
        "+44": "-44",
        "+45": "-45",
        "+46": "-46",
        "+47": "-47",
        "+48": "-48",
        "+49": "-49",
        "+50": "-50",
        "+51": "-51",
        "+52": "-52"
    },
    "edges": [
        [    0,    0,  654,  550,  470,  206,  535,  204,  725,  459,  821,  105,  230,  567,  696,  513,  958,  258,  628,  541,  717,  562,  722,  637,  611,  185,  551,  676,  289,  388,  842, 1043,  807,  559,  717,  716,  854,  814,  901,  866,   73,  983,  143,  328,  785,  655,  160, 1028,  355,  175,  677,  227,  165,  127,  940,  754,   90,  689,   60,  457,  554,  870,  574,  831,  238,  419,  423,  188,  831,  263,  267,  773,  248,  118,  880,  954,   88,  658,  525,  338,  930,  494,  507,  114,  434, 1050,  822,  489,  679,  792,  575,  152,  570,  186, 1036,  653,  651,  525,  697,  655,  171,  542,  756,  447,  779,  568],
        [    0,    0,    0,    0,    0,    0,    0,    0,    0,    0,    0,    0,    0,    0,    0,    0,    0,    0,    0,    0,    0,    0,    0,    0,    0,    0,    0,    0,    0,    0,    0,    0,    0,    0,    0,    0,    0,    0,    0,    0,    0,    0,    0,    0,    0,    0,    0,    0,    0,    0,    0,    0,    0,    0,    0,    0,    0,    0,    0,    0,    0,    0,    0,    0,    0,    0,    0,    0,    0,    0,    0,    0,    0,    0,    0,    0,    0,    0,    0,    0,    0,    0,    0,    0,    0,    0,    0,    0,    0,    0,    0,    0,    0,    0,    0,    0,    0,    0,    0,    0,    0,    0,    0,    0,    0,    0],
        [  654,    0,    0,  236,  497,  635,  254,  473,  528,  205,  547,  566,  470,  547,  774,  426,  328,  502,   54,  615,  666,  375,  317,   52,  812,  506,  328,   67,  652,  536,  490,  521,  576,   95,  134,  229,  249,  187,  414,  502,  640,  429,  760,  345,  888,  828,  495,  510,  694,  481,  773,  574,  555,  531,  526,  292,  739,  735,  703,  751,  504,  243,  620,  568,  436,  754,  593,  616,  306,  707,  624,  546,  413,  688,  228,  394,  599,  293,  161,  324,  556,  220,  450,  599,  223,  482,  551,  180,  761,  730,  427,  754,  283,  483,  513,    8,  828,  530,  174,  327,  602,  515,  138,  600,  140,  155],
        [  550,    0,  236,    0,  585,  606,   21,  347,  700,  150,  742,  490,  441,  664,  888,  540,  547,  331,  182,  711,  809,  143,  184,  268,  890,  371,  468,  202,  652,  587,  700,  756,  762,  204,  203,  449,  482,  417,  645,  716,  512,  664,  622,  335, 1003,  917,  413,  745,  711,  402,  881,  401,  510,  448,  750,  206,  639,  855,  586,  792,  623,  352,  726,  762,  395,  780,  650,  582,  282,  689,  619,  729,  362,  546,  399,  629,  475,  123,  105,  229,  775,   73,  558,  463,  235,  715,  746,  133,  872,  882,  565,  610,  436,  425,  748,  229,  916,  634,  162,  511,  562,  628,  252,  665,  289,  313],
        [  470,    0,  497,  585,    0,  300,  587,  452,  259,  436,  361,  373,  265,  102,  305,   86,  675,  550,  515,  126,  262,  695,  755,  450,  316,  479,  189,  557,  253,   93,  402,  648,  340,  430,  624,  394,  563,  559,  512,  425,  516,  618,  613,  277,  420,  336,  370,  633,  252,  362,  297,  585,  306,  378,  508,  753,  512,  276,  528,  271,   85,  734,  144,  368,  291,  288,  114,  303,  792,  324,  247,  308,  315,  577,  690,  600,  490,  703,  491,  408,  485,  515,   63,  513,  351,  687,  361,  454,  289,  341,  134,  621,  235,  322,  644,  502,  335,   60,  644,  270,  310,   72,  635,  111,  632,  343],
        [  206,    0,  635,  606,  300,    0,  598,  311,  559,  477,  661,  152,  169,  386,  491,  364,  898,  402,  626,  346,  524,  663,  790,  603,  406,  316,  433,  675,   84,  209,  698,  928,  639,  543,  730,  629,  786,  762,  788,  721,  273,  884,  337,  293,  579,  450,  211,  913,  152,  217,  472,  400,  100,  188,  802,  809,  220,  487,  254,  254,  383,  872,  380,  667,  213,  220,  227,   27,  873,   84,   63,  607,  245,  324,  859,  859,  265,  727,  547,  378,  783,  538,  351,  295,  418,  953,  661,  506,  475,  597,  424,  351,  465,  184,  923,  637,  446,  346,  726,  536,   49,  368,  759,  251,  773,  511],
        [  535,    0,  254,   21,  587,  598,    0,  332,  709,  151,  753,  478,  434,  667,  890,  544,  567,  313,  200,  712,  815,  129,  193,  284,  889,  355,  476,  222,  645,  585,  713,  774,  772,  217,  223,  464,  501,  436,  661,  729,  496,  682,  605,  332, 1006,  917,  402,  762,  705,  391,  883,  383,  500,  436,  765,  219,  624,  858,  570,  788,  627,  372,  729,  773,  388,  775,  649,  573,  297,  680,  612,  738,  354,  529,  419,  647,  459,  130,  115,  220,  789,   72,  561,  447,  237,  734,  757,  138,  874,  888,  571,  593,  445,  416,  766,  248,  915,  637,  181,  521,  553,  632,  273,  664,  310,  324],
        [  204,    0,  473,  347,  452,  311,  332,    0,  675,  270,  757,  165,  196,  553,  735,  461,  792,  100,  441,  559,  714,  365,  519,  466,  686,   36,  459,  486,  381,  399,  756,  917,  755,  382,  521,  580,  695,  647,  780,  778,  170,  845,  288,  207,  840,  724,  102,  903,  451,  102,  720,  137,  215,  124,  843,  550,  293,  716,  241,  550,  527,  675,  587,  771,  162,  523,  455,  285,  628,  392,  349,  719,  140,  216,  694,  813,  131,  455,  331,  150,  844,  293,  465,  126,  269,  910,  759,  299,  718,  793,  516,  281,  461,  144,  910,  472,  721,  512,  497,  554,  262,  521,  563,  478,  589,  419],
        [  725,    0,  528,  700,  259,  559,  709,  675,    0,  566,  105,  624,  506,  182,  313,  217,  565,  764,  568,  257,  168,  833,  837,  476,  418,  706,  237,  595,  505,  351,  172,  443,   82,  503,  661,  327,  469,  497,  329,  192,  765,  446,  868,  473,  408,  408,  608,  429,  488,  597,  324,  811,  560,  623,  277,  818,  770,  269,  784,  465,  176,  723,  231,  109,  521,  498,  348,  562,  831,  575,  503,   49,  536,  826,  650,  440,  735,  799,  596,  589,  240,  641,  219,  755,  488,  507,  105,  572,  307,  210,  160,  875,  265,  562,  441,  535,  411,  216,  700,  202,  568,  193,  651,  331,  633,  392],
        [  459,    0,  205,  150,  436,  477,  151,  270,  566,    0,  619,  381,  309,  516,  740,  393,  530,  300,  171,  562,  665,  269,  327,  207,  741,  303,  330,  217,  514,  439,  589,  690,  634,  120,  260,  359,  441,  386,  564,  607,  439,  607,  558,  192,  855,  768,  306,  677,  569,  292,  732,  370,  386,  342,  653,  336,  547,  707,  505,  647,  477,  412,  578,  638,  266,  638,  502,  455,  396,  558,  482,  599,  236,  485,  425,  573,  399,  270,   70,  122,  670,   80,  411,  396,   86,  667,  623,   31,  724,  740,  424,  551,  305,  305,  683,  203,  766,  486,  250,  389,  437,  481,  297,  516,  321,  200],
        [  821,    0,  547,  742,  361,  661,  753,  757,  105,  619,    0,  718,  598,  287,  391,  309,  521,  842,  592,  360,  242,  881,  863,  497,  509,  789,  302,  612,  609,  453,   93,  358,   49,  540,  675,  325,  438,  480,  263,  104,  857,  377,  964,  551,  471,  493,  697,  345,  592,  685,  405,  893,  657,  714,  183,  838,  870,  349,  880,  567,  279,  715,  332,   22,  608,  601,  453,  663,  839,  679,  606,   59,  620,  919,  633,  378,  826,  832,  639,  658,  139,  690,  315,  845,  548,  431,    5,  620,  388,  256,  248,  970,  317,  652,  357,  554,  497,  320,  720,  232,  668,  296,  658,  436,  634,  430],
        [  105,    0,  566,  490,  373,  152,  478,  165,  624,  381,  718,    0,  125,  471,  618,  410,  862,  251,  546,  454,  625,  527,  670,  545,  548,  165,  446,  594,  230,  296,  738,  938,  706,  471,  640,  614,  755,  718,  797,  761,  144,  880,  246,  229,  715,  590,   77,  923,  300,   90,  601,  250,   72,   43,  835,  696,  178,  607,  165,  402,  456,  791,  486,  729,  137,  370,  339,  126,  767,  230,  200,  671,  153,  205,  793,  851,  124,  606,  450,  265,  826,  427,  405,  151,  343,  948,  720,  411,  601,  703,  471,  252,  465,   85,  932,  566,  586,  429,  627,  551,  104,  444,  676,  363,  696,  470],
        [  230,    0,  470,  441,  265,  169,  434,  196,  506,  309,  598,  125,    0,  366,  539,  291,  750,  296,  459,  364,  525,  510,  625,  443,  494,  218,  322,  508,  212,  204,  615,  815,  588,  377,  562,  494,  641,  609,  674,  638,  260,  758,  369,  126,  645,  531,  106,  800,  275,   99,  525,  322,   87,  117,  712,  642,  297,  521,  289,  367,  344,  706,  393,  610,   47,  348,  260,  148,  705,  249,  179,  553,   82,  321,  697,  731,  229,  563,  378,  215,  703,  371,  288,  251,  251,  827,  600,  338,  522,  604,  351,  374,  342,   58,  809,  472,  528,  323,  558,  427,  133,  335,  592,  282,  607,  358],
        [  567,    0,  547,  664,  102,  386,  667,  553,  182,  516,  287,  471,  366,    0,  229,  125,  677,  650,  572,   86,  161,  781,  826,  497,  280,  580,  220,  611,  326,  180,  345,  608,  257,  492,  679,  403,  568,  577,  480,  367,  615,  593,  709,  371,  344,  287,  471,  593,  306,  463,  227,  686,  403,  479,  452,  819,  602,  193,  624,  290,   43,  774,   76,  289,  392,  319,  167,  393,  850,  395,  327,  229,  415,  675,  719,  579,  590,  777,  565,  501,  420,  596,  106,  614,  431,  659,  286,  531,  215,  241,  126,  718,  267,  423,  605,  553,  288,   43,  705,  266,  402,   36,  683,  150,  675,  393],
        [  696,    0,  774,  888,  305,  491,  890,  735,  313,  740,  391,  618,  539,  229,    0,  353,  873,  835,  801,  182,  150, 1000, 1053,  724,  141,  756,  447,  839,  411,  336,  478,  748,  344,  720,  906,  613,  770,  789,  641,  494,  757,  758,  828,  579,  116,  109,  640,  735,  354,  636,   24,  858,  547,  638,  573, 1047,  705,   44,  745,  272,  272,  997,  162,  381,  576,  317,  282,  509, 1078,  460,  430,  339,  606,  813,  936,  752,  741, 1004,  791,  710,  525,  819,  333,  769,  654,  817,  388,  756,   18,  164,  348,  841,  493,  594,  747,  780,  114,  255,  934,  475,  526,  263,  909,  259,  899,  621],
        [  513,    0,  426,  540,   86,  364,  544,  461,  217,  393,  309,  410,  291,  125,  353,    0,  590,  553,  449,  189,  274,  660,  701,  377,  388,  491,  106,  489,  328,  168,  335,  570,  298,  368,  557,  310,  478,  476,  431,  358,  550,  536,  655,  264,  469,  402,  391,  554,  335,  381,  350,  597,  350,  407,  439,  694,  565,  318,  572,  356,   84,  659,  195,  320,  305,  373,  199,  363,  727,  399,  317,  263,  322,  611,  610,  516,  519,  653,  440,  389,  421,  473,   25,  539,  309,  604,  310,  407,  339,  351,   62,  662,  154,  346,  565,  432,  402,  104,  581,  186,  365,   91,  563,  196,  558,  271],
        [  958,    0,  328,  547,  675,  898,  567,  792,  565,  530,  521,  862,  750,  677,  873,  590,    0,  829,  374,  760,  732,  674,  550,  327,  955,  827,  488,  345,  892,  745,  432,  283,  567,  412,  361,  281,  113,  146,  268,  429,  954,  190, 1076,  633,  972,  956,  799,  280,  916,  784,  880,  900,  836,  832,  394,  501, 1039,  829, 1012,  945,  640,  284,  751,  541,  725,  961,  787,  885,  453,  958,  871,  554,  711, 1006,  187,  165,  914,  558,  488,  644,  447,  546,  614,  917,  528,  203,  525,  506,  864,  769,  555, 1071,  445,  777,  276,  332,  958,  680,  418,  411,  876,  657,  313,  785,  273,  393],
        [  258,    0,  502,  331,  550,  402,  313,  100,  764,  300,  842,  251,  296,  650,  835,  553,  829,    0,  462,  658,  811,  311,  484,  505,  784,   87,  542,  502,  476,  499,  835,  978,  843,  419,  525,  641,  739,  685,  845,  857,  199,  900,  295,  292,  940,  823,  200,  964,  546,  201,  820,   72,  310,  215,  917,  524,  340,  815,  275,  646,  622,  679,  685,  858,  261,  618,  555,  376,  606,  481,  444,  807,  235,  220,  711,  867,  171,  422,  346,  198,  922,  296,  559,  149,  324,  962,  845,  323,  817,  890,  606,  282,  538,  243,  970,  499,  820,  609,  491,  631,  353,  617,  571,  577,  603,  477],
        [  628,    0,   54,  182,  515,  626,  200,  441,  568,  171,  592,  546,  459,  572,  801,  449,  374,  462,    0,  636,  699,  322,  271,   96,  830,  473,  356,   50,  650,  545,  539,  575,  619,   88,  111,  279,  301,  237,  467,  552,  609,  483,  729,  334,  916,  849,  473,  564,  696,  458,  798,  534,  542,  509,  578,  252,  715,  763,  676,  760,  530,  248,  643,  614,  421,  759,  604,  606,  279,  702,  620,  588,  395,  655,  254,  447,  569,  242,  116,  293,  607,  173,  472,  566,  209,  534,  596,  143,  786,  766,  457,  721,  313,  466,  567,   48,  848,  552,  135,  368,  591,  539,  134,  613,  152,  182],
        [  541,    0,  615,  711,  126,  346,  712,  559,  257,  562,  360,  454,  364,   86,  182,  189,  760,  658,  636,    0,  179,  820,  880,  566,  200,  581,  293,  677,  275,  161,  425,  691,  325,  552,  744,  485,  651,  657,  564,  446,  597,  678,  680,  398,  295,  214,  467,  676,  241,  462,  172,  685,  383,  469,  532,  877,  565,  158,  595,  209,  121,  847,   35,  359,  398,  242,  120,  358,  914,  339,  284,  301,  426,  655,  796,  664,  577,  829,  616,  529,  496,  641,  165,  603,  477,  743,  359,  580,  165,  252,  206,  691,  341,  420,  688,  620,  214,   86,  767,  350,  371,  105,  752,   96,  747,  460],
        [  717,    0,  666,  809,  262,  524,  815,  714,  168,  665,  242,  625,  525,  161,  150,  274,  732,  811,  699,  179,    0,  932,  962,  614,  273,  740,  345,  732,  453,  330,  329,  599,  195,  625,  800,  484,  634,  658,  494,  345,  769,  610,  857,  531,  241,  252,  630,  586,  415,  623,  164,  846,  556,  636,  424,  950,  743,  107,  772,  360,  193,  876,  145,  232,  552,  402,  297,  535,  972,  516,  463,  190,  576,  828,  809,  606,  746,  918,  707,  659,  377,  744,  260,  771,  581,  668,  239,  677,  147,   80,  245,  867,  386,  582,  598,  673,  256,  203,  833,  350,  548,  195,  796,  274,  782,  518],
        [  562,    0,  375,  143,  695,  663,  129,  365,  833,  269,  881,  527,  510,  781, 1000,  660,  674,  311,  322,  820,  932,    0,  188,  410,  988,  378,  598,  334,  721,  682,  841,  895,  898,  345,  316,  591,  618,  551,  787,  857,  509,  802,  602,  427, 1114, 1019,  454,  885,  785,  447,  991,  369,  564,  484,  892,  239,  647,  970,  585,  875,  742,  447,  839,  900,  464,  857,  746,  637,  326,  746,  687,  864,  429,  528,  512,  767,  477,  137,  243,  300,  917,  193,  676,  458,  352,  851,  884,  262,  983, 1008,  692,  587,  570,  480,  887,  369, 1016,  748,  263,  649,  615,  745,  366,  763,  406,  452],
        [  722,    0,  317,  184,  755,  790,  193,  519,  837,  327,  863,  670,  625,  826, 1053,  701,  550,  484,  271,  880,  962,  188,    0,  366, 1065,  538,  618,  255,  835,  765,  806,  804,  890,  338,  203,  545,  521,  453,  717,  818,  677,  706,  779,  517, 1169, 1090,  593,  795,  893,  583, 1048,  548,  693,  627,  836,   57,  810, 1018,  753,  973,  784,  287,  893,  884,  579,  963,  828,  765,  141,  872,  802,  859,  545,  703,  370,  672,  642,   64,  266,  412,  870,  255,  721,  627,  408,  744,  867,  304, 1038, 1032,  718,  765,  578,  608,  796,  310, 1089,  800,  148,  638,  745,  791,  242,  841,  281,  447],
        [  637,    0,   52,  268,  450,  603,  284,  466,  476,  207,  497,  545,  443,  497,  724,  377,  327,  505,   96,  566,  614,  410,  366,    0,  764,  501,  278,  119,  615,  493,  443,  493,  525,   87,  186,  184,  235,  182,  378,  457,  629,  406,  751,  319,  837,  779,  478,  481,  654,  463,  723,  575,  529,  513,  485,  343,  721,  684,  689,  708,  454,  285,  570,  519,  412,  712,  549,  586,  358,  674,  589,  495,  392,  681,  257,  371,  589,  338,  180,  317,  512,  240,  401,  591,  204,  463,  501,  187,  710,  678,  376,  746,  231,  461,  485,   59,  779,  481,  224,  275,  574,  466,  186,  554,  183,  108],
        [  611,    0,  812,  890,  316,  406,  889,  686,  418,  741,  509,  548,  494,  280,  141,  388,  955,  784,  830,  200,  273,  988, 1065,  764,    0,  701,  492,  872,  323,  306,  589,  861,  465,  745,  939,  683,  848,  856,  744,  608,  678,  860,  733,  562,  182,   47,  586,  847,  257,  585,  119,  797,  480,  576,  691, 1066,  606,  171,  654,  158,  320, 1046,  205,  502,  537,  201,  242,  428, 1107,  357,  350,  453,  570,  729,  996,  850,  669, 1011,  800,  690,  647,  819,  364,  698,  658,  923,  507,  762,  134,  303,  405,  749,  540,  542,  859,  817,   42,  285,  959,  546,  448,  304,  949,  226,  945,  657],
        [  185,    0,  506,  371,  479,  316,  355,   36,  706,  303,  789,  165,  218,  580,  756,  491,  827,   87,  473,  581,  740,  378,  538,  501,  701,    0,  493,  517,  390,  421,  790,  952,  786,  416,  550,  616,  730,  682,  815,  812,  142,  880,  257,  241,  859,  740,  116,  938,  460,  120,  740,  107,  224,  129,  877,  573,  272,  738,  216,  561,  554,  705,  610,  803,  189,  532,  475,  290,  651,  395,  358,  750,  170,  183,  726,  848,  105,  475,  361,  184,  878,  321,  493,   95,  304,  945,  791,  331,  738,  819,  547,  249,  496,  163,  945,  505,  737,  538,  524,  588,  267,  548,  593,  497,  621,  454],
        [  551,    0,  328,  468,  189,  433,  476,  459,  237,  330,  302,  446,  322,  220,  447,  106,  488,  542,  356,  293,  345,  598,  618,  278,  492,  493,    0,  393,  412,  258,  298,  498,  309,  280,  461,  208,  376,  371,  356,  321,  576,  451,  690,  253,  561,  504,  410,  483,  429,  397,  446,  595,  397,  433,  391,  606,  615,  408,  611,  458,  177,  556,  294,  319,  321,  473,  300,  426,  632,  481,  395,  273,  327,  637,  505,  428,  541,  574,  365,  357,  386,  407,  130,  556,  252,  521,  305,  338,  433,  416,  101,  693,   49,  370,  492,  334,  505,  207,  490,  105,  423,  190,  463,  299,  456,  175],
        [  676,    0,   67,  202,  557,  675,  222,  486,  595,  217,  612,  594,  508,  611,  839,  489,  345,  502,   50,  677,  732,  334,  255,  119,  872,  517,  393,    0,  698,  590,  553,  565,  642,  135,   69,  291,  285,  217,  467,  564,  655,  470,  774,  383,  953,  890,  521,  555,  744,  507,  837,  574,  591,  557,  583,  226,  763,  800,  722,  806,  568,  199,  683,  634,  470,  806,  649,  655,  240,  751,  669,  612,  444,  700,  210,  435,  615,  237,  157,  339,  616,  208,  512,  611,  258,  517,  616,  188,  825,  797,  492,  765,  348,  514,  557,   60,  890,  592,  108,  394,  640,  579,   85,  657,  104,  218],
        [  289,    0,  652,  652,  253,   84,  645,  381,  505,  514,  609,  230,  212,  326,  411,  328,  892,  476,  650,  275,  453,  721,  835,  615,  323,  390,  412,  698,    0,  161,  654,  897,  582,  564,  757,  616,  779,  762,  759,  677,  355,  860,  418,  323,  497,  367,  279,  882,   71,  282,  391,  479,  167,  262,  761,  850,  295,  408,  336,  173,  330,  893,  309,  613,  259,  143,  160,  105,  909,   72,   34,  553,  293,  407,  871,  839,  347,  774,  583,  427,  736,  581,  310,  376,  445,  930,  609,  541,  394,  524,  384,  432,  450,  244,  893,  654,  363,  289,  760,  509,  127,  313,  782,  181,  791,  516],
        [  388,    0,  536,  587,   93,  209,  585,  399,  351,  439,  453,  296,  204,  180,  336,  168,  745,  499,  545,  161,  330,  682,  765,  493,  306,  421,  258,  590,  161,    0,  494,  737,  431,  457,  655,  466,  632,  622,  599,  518,  439,  702,  530,  256,  444,  337,  307,  722,  171,  302,  322,  525,  226,  309,  600,  769,  423,  318,  444,  216,  175,  777,  192,  459,  241,  221,   64,  214,  817,  233,  154,  399,  271,  499,  743,  682,  418,  708,  501,  385,  577,  515,  149,  443,  358,  771,  453,  461,  319,  407,  224,  539,  301,  259,  732,  540,  335,  139,  667,  352,  222,  159,  672,   82,  675,  387],
        [  842,    0,  490,  700,  402,  698,  713,  756,  172,  589,   93,  738,  615,  345,  478,  335,  432,  835,  539,  425,  329,  841,  806,  443,  589,  790,  298,  553,  654,  494,    0,  272,  141,  497,  612,  262,  354,  401,  171,   24,  872,  285,  983,  550,  562,  577,  707,  258,  646,  695,  491,  891,  682,  729,  108,  777,  898,  434,  902,  633,  328,  638,  402,  111,  618,  664,  505,  697,  772,  726,  647,  140,  625,  933,  552,  286,  838,  780,  599,  644,   89,  654,  348,  854,  525,  341,   96,  586,  474,  348,  274,  987,  298,  665,  270,  497,  580,  372,  660,  206,  699,  346,  590,  491,  563,  392],
        [ 1043,    0,  521,  756,  648,  928,  774,  917,  443,  690,  358,  938,  815,  608,  748,  570,  283,  978,  575,  691,  599,  895,  804,  493,  861,  952,  498,  565,  897,  737,  272,    0,  406,  574,  603,  338,  283,  352,  142,  255, 1058,   99, 1177,  722,  826,  848,  892,   16,  899,  878,  762, 1043,  893,  920,  178,  760, 1110,  705, 1101,  897,  584,  560,  670,  370,  806,  925,  758,  923,  724,  968,  885,  410,  803, 1117,  462,  133, 1020,  798,  672,  780,  233,  733,  588, 1030,  654,   96,  361,  675,  744,  609,  515, 1177,  474,  858,    9,  527,  851,  629,  660,  393,  920,  603,  563,  747,  525,  501],
        [  807,    0,  576,  762,  340,  639,  772,  755,   82,  634,   49,  706,  588,  257,  344,  298,  567,  843,  619,  325,  195,  898,  890,  525,  465,  786,  309,  642,  582,  431,  141,  406,    0,  562,  706,  359,  481,  520,  312,  153,  847,  425,  950,  551,  422,  447,  689,  393,  561,  678,  359,  891,  642,  705,  230,  867,  851,  302,  865,  530,  256,  753,  295,   38,  602,  566,  424,  643,  873,  652,  582,   37,  616,  908,  673,  426,  817,  856,  658,  664,  183,  706,  301,  837,  558,  480,   46,  637,  342,  207,  240,  957,  330,  643,  405,  583,  451,  294,  749,  253,  649,  272,  691,  406,  669,  450],
        [  559,    0,   95,  204,  430,  543,  217,  382,  503,  120,  540,  471,  377,  492,  720,  368,  412,  419,   88,  552,  625,  345,  338,   87,  745,  416,  280,  135,  564,  457,  497,  574,  562,    0,  198,  250,  321,  267,  453,  513,  547,  489,  668,  252,  836,  765,  401,  561,  609,  386,  717,  489,  461,  436,  550,  327,  644,  684,  609,  673,  450,  331,  561,  560,  341,  672,  517,  524,  363,  617,  535,  529,  318,  597,  323,  454,  507,  297,  104,  233,  573,  162,  389,  507,  128,  548,  544,  102,  706,  695,  381,  663,  242,  389,  566,   96,  764,  469,  215,  309,  509,  458,  219,  526,  230,  112],
        [  717,    0,  134,  203,  624,  730,  223,  521,  661,  260,  675,  640,  562,  679,  906,  557,  361,  525,  111,  744,  800,  316,  203,  186,  939,  550,  461,   69,  757,  655,  612,  603,  706,  198,    0,  352,  320,  251,  515,  623,  690,  506,  806,  438, 1021,  957,  565,  594,  805,  552,  905,  596,  643,  602,  636,  166,  805,  868,  760,  870,  636,  155,  751,  696,  521,  869,  714,  709,  172,  807,  727,  677,  494,  731,  198,  471,  651,  199,  192,  379,  672,  231,  580,  644,  313,  547,  679,  230,  893,  864,  560,  797,  416,  564,  595,  128,  957,  660,   58,  460,  693,  646,   51,  723,   90,  286],
        [  716,    0,  229,  449,  394,  629,  464,  580,  327,  359,  325,  614,  494,  403,  613,  310,  281,  641,  279,  485,  484,  591,  545,  184,  683,  616,  208,  291,  616,  466,  262,  338,  359,  250,  352,    0,  169,  176,  206,  274,  726,  267,  846,  390,  721,  688,  561,  324,  637,  547,  618,  706,  577,  591,  302,  516,  790,  571,  774,  665,  364,  397,  479,  347,  479,  680,  507,  618,  515,  683,  597,  334,  472,  783,  325,  238,  687,  521,  353,  443,  328,  411,  334,  696,  317,  335,  329,  348,  603,  536,  279,  845,  167,  531,  331,  236,  689,  403,  399,  139,  612,  381,  333,  505,  310,  164],
        [  854,    0,  249,  482,  563,  786,  501,  695,  469,  441,  438,  755,  641,  568,  770,  478,  113,  739,  301,  651,  634,  618,  521,  235,  848,  730,  376,  285,  779,  632,  354,  283,  481,  321,  320,  169,    0,   69,  212,  356,  853,  187,  975,  526,  873,  850,  695,  275,  803,  680,  777,  809,  727,  728,  342,  478,  932,  727,  908,  833,  530,  295,  643,  459,  619,  848,  675,  774,  449,  845,  758,  464,  606,  907,  202,  152,  813,  516,  409,  548,  388,  469,  502,  818,  428,  234,  443,  420,  761,  677,  446,  972,  332,  671,  275,  255,  852,  570,  377,  302,  765,  547,  281,  673,  243,  286],
        [  814,    0,  187,  417,  559,  762,  436,  647,  497,  386,  480,  718,  609,  577,  789,  476,  146,  685,  237,  657,  658,  551,  453,  182,  856,  682,  371,  217,  762,  622,  401,  352,  520,  267,  251,  176,   69,    0,  273,  405,  809,  255,  931,  490,  896,  863,  654,  343,  791,  640,  793,  756,  695,  688,  401,  410,  895,  746,  867,  828,  537,  238,  653,  501,  583,  840,  669,  747,  385,  825,  738,  498,  567,  861,  154,  220,  769,  448,  348,  498,  444,  407,  501,  771,  383,  300,  484,  363,  778,  707,  452,  926,  324,  634,  344,  192,  864,  574,  308,  314,  737,  553,  213,  669,  177,  252],
        [  901,    0,  414,  645,  512,  788,  661,  780,  329,  564,  263,  797,  674,  480,  641,  431,  268,  845,  467,  564,  494,  787,  717,  378,  744,  815,  356,  467,  759,  599,  171,  142,  312,  453,  515,  206,  212,  273,    0,  164,  918,  117, 1036,  583,  730,  736,  752,  127,  764,  738,  652,  908,  752,  779,  130,  679,  969,  598,  960,  767,  452,  506,  546,  281,  665,  793,  623,  782,  657,  829,  745,  306,  663,  977,  413,  115,  881,  703,  554,  647,  181,  614,  451,  892,  521,  180,  267,  552,  636,  518,  379, 1037,  332,  717,  136,  421,  739,  497,  569,  252,  779,  471,  482,  614,  448,  369],
        [  866,    0,  502,  716,  425,  721,  729,  778,  192,  607,  104,  761,  638,  367,  494,  358,  429,  857,  552,  446,  345,  857,  818,  457,  608,  812,  321,  564,  677,  518,   24,  255,  153,  513,  623,  274,  356,  405,  164,    0,  894,  274, 1006,  572,  575,  594,  730,  242,  669,  717,  507,  913,  705,  751,   86,  788,  922,  451,  925,  654,  350,  643,  422,  120,  641,  686,  527,  720,  780,  749,  671,  156,  647,  956,  556,  278,  861,  794,  616,  664,   66,  671,  371,  877,  545,  327,  108,  603,  490,  359,  297, 1010,  319,  688,  254,  510,  597,  394,  672,  226,  722,  369,  599,  513,  571,  409],
        [   73,    0,  640,  512,  516,  273,  496,  170,  765,  439,  857,  144,  260,  615,  757,  550,  954,  199,  609,  597,  769,  509,  677,  629,  678,  142,  576,  655,  355,  439,  872, 1058,  847,  547,  690,  726,  853,  809,  918,  894,    0,  992,  122,  336,  850,  722,  167, 1043,  423,  181,  739,  158,  214,  144,  966,  713,  142,  748,   77,  526,  598,  845,  629,  869,  255,  489,  480,  251,  792,  334,  330,  812,  255,   62,  863,  962,   41,  614,  500,  317,  960,  462,  546,   51,  427, 1059,  859,  467,  740,  846,  610,  120,  589,  207, 1051,  639,  717,  572,  665,  678,  233,  588,  732,  504,  759,  570],
        [  983,    0,  429,  664,  618,  884,  682,  845,  446,  607,  377,  880,  758,  593,  758,  536,  190,  900,  483,  678,  610,  802,  706,  406,  860,  880,  451,  470,  860,  702,  285,   99,  425,  489,  506,  267,  187,  255,  117,  274,  992,    0, 1113,  657,  846,  852,  828,   92,  870,  814,  769,  967,  840,  858,  219,  662, 1054,  714, 1040,  878,  563,  462,  661,  393,  745,  902,  731,  875,  626,  930,  845,  422,  738, 1050,  365,   36,  954,  702,  584,  704,  275,  645,  556,  962,  578,   70,  380,  590,  752,  632,  487, 1112,  420,  797,   91,  435,  855,  608,  563,  351,  871,  582,  465,  723,  427,  427],
        [  143,    0,  760,  622,  613,  337,  605,  288,  868,  558,  964,  246,  369,  709,  828,  655, 1076,  295,  729,  680,  857,  602,  779,  751,  733,  257,  690,  774,  418,  530,  983, 1177,  950,  668,  806,  846,  975,  931, 1036, 1006,  122, 1113,    0,  456,  912,  779,  286, 1162,  479,  300,  808,  234,  308,  258, 1080,  818,  131,  824,   86,  577,  697,  961,  713,  974,  372,  535,  561,  323,  900,  378,  400,  915,  375,   76,  982, 1083,  162,  716,  618,  437, 1071,  577,  649,  163,  549, 1180,  965,  587,  811,  931,  717,   22,  705,  321, 1170,  759,  774,  666,  779,  793,  310,  684,  850,  585,  877,  692],
        [  328,    0,  345,  335,  277,  293,  332,  207,  473,  192,  551,  229,  126,  371,  579,  264,  633,  292,  334,  398,  531,  427,  517,  319,  562,  241,  253,  383,  323,  256,  550,  722,  551,  252,  438,  390,  526,  490,  583,  572,  336,  657,  456,    0,  691,  592,  171,  707,  378,  157,  568,  343,  211,  202,  638,  528,  407,  552,  385,  457,  338,  581,  420,  566,   94,  446,  320,  273,  586,  370,  291,  515,   82,  395,  572,  627,  299,  458,  260,  132,  638,  263,  272,  310,  126,  724,  554,  219,  562,  610,  314,  456,  257,  145,  715,  347,  590,  333,  438,  349,  258,  336,  467,  337,  482,  241],
        [  785,    0,  888, 1003,  420,  579, 1006,  840,  408,  855,  471,  715,  645,  344,  116,  469,  972,  940,  916,  295,  241, 1114, 1169,  837,  182,  859,  561,  953,  497,  444,  562,  826,  422,  836, 1021,  721,  873,  896,  730,  575,  850,  846,  912,  691,    0,  135,  744,  814,  434,  741,  124,  959,  645,  738,  649, 1162,  785,  153,  831,  338,  387, 1108,  278,  457,  684,  382,  386,  599, 1192,  536,  520,  425,  714,  903, 1045,  843,  837, 1119,  906,  823,  597,  934,  448,  866,  769,  902,  468,  871,  132,  219,  461,  927,  606,  698,  826,  894,  141,  370, 1049,  584,  618,  378, 1022,  364, 1011,  735],
        [  655,    0,  828,  917,  336,  450,  917,  724,  408,  768,  493,  590,  531,  287,  109,  402,  956,  823,  849,  214,  252, 1019, 1090,  779,   47,  740,  504,  890,  367,  337,  577,  848,  447,  765,  957,  688,  850,  863,  736,  594,  722,  852,  779,  592,  135,    0,  625,  835,  301,  623,   90,  838,  521,  616,  675, 1089,  652,  146,  699,  204,  328, 1059,  211,  484,  572,  248,  275,  471, 1127,  403,  392,  438,  605,  773, 1005,  844,  711, 1036,  825,  722,  629,  846,  379,  740,  684,  914,  491,  788,  107,  272,  412,  795,  552,  580,  846,  833,    6,  299,  979,  550,  491,  315,  965,  256,  959,  673],
        [  160,    0,  495,  413,  370,  211,  402,  102,  608,  306,  697,   77,  106,  471,  640,  391,  799,  200,  473,  467,  630,  454,  593,  478,  586,  116,  410,  521,  279,  307,  707,  892,  689,  401,  565,  561,  695,  654,  752,  730,  167,  828,  286,  171,  744,  625,    0,  877,  349,   15,  625,  218,  114,   37,  800,  619,  244,  624,  214,  448,  449,  717,  497,  709,   90,  421,  359,  185,  690,  294,  247,  654,   90,  227,  722,  798,  132,  530,  374,  189,  795,  350,  391,  149,  274,  895,  698,  336,  623,  709,  450,  286,  422,   48,  885,  495,  621,  428,  551,  512,  163,  440,  602,  382,  624,  410],
        [ 1028,    0,  510,  745,  633,  913,  762,  903,  429,  677,  345,  923,  800,  593,  735,  554,  280,  964,  564,  676,  586,  885,  795,  481,  847,  938,  483,  555,  882,  722,  258,   16,  393,  561,  594,  324,  275,  343,  127,  242, 1043,   92, 1162,  707,  814,  835,  877,    0,  884,  863,  748, 1029,  878,  905,  166,  752, 1095,  692, 1086,  882,  569,  554,  655,  358,  791,  910,  743,  907,  718,  953,  870,  397,  788, 1102,  457,  125, 1006,  789,  660,  766,  222,  720,  573, 1016,  640,  101,  348,  663,  731,  597,  500, 1162,  459,  843,   12,  516,  838,  614,  651,  378,  905,  588,  555,  732,  517,  488],
        [  355,    0,  694,  711,  252,  152,  705,  451,  488,  569,  592,  300,  275,  306,  354,  335,  916,  546,  696,  241,  415,  785,  893,  654,  257,  460,  429,  744,   71,  171,  646,  899,  561,  609,  805,  637,  803,  791,  764,  669,  423,  870,  479,  378,  434,  301,  349,  884,    0,  351,  333,  549,  237,  332,  754,  905,  352,  357,  398,  103,  319,  936,  274,  594,  322,   73,  142,  175,  961,  106,  102,  535,  357,  473,  908,  850,  416,  833,  637,  489,  725,  639,  314,  446,  496,  938,  592,  596,  339,  480,  385,  494,  471,  311,  895,  697,  297,  275,  811,  520,  197,  301,  827,  157,  834,  551],
        [  175,    0,  481,  402,  362,  217,  391,  102,  597,  292,  685,   90,   99,  463,  636,  381,  784,  201,  458,  462,  623,  447,  583,  463,  585,  120,  397,  507,  282,  302,  695,  878,  678,  386,  552,  547,  680,  640,  738,  717,  181,  814,  300,  157,  741,  623,   15,  863,  351,    0,  621,  224,  118,   51,  787,  607,  259,  619,  229,  449,  440,  703,  491,  698,   78,  424,  356,  191,  678,  300,  250,  643,   76,  241,  708,  784,  144,  519,  361,  176,  783,  338,  381,  160,  260,  881,  687,  322,  619,  702,  439,  300,  409,   44,  871,  481,  620,  421,  538,  498,  169,  432,  589,  378,  609,  395],
        [  677,    0,  773,  881,  297,  472,  883,  720,  324,  732,  405,  601,  525,  227,   24,  350,  880,  820,  798,  172,  164,  991, 1048,  723,  119,  740,  446,  837,  391,  322,  491,  762,  359,  717,  905,  618,  777,  793,  652,  507,  739,  769,  808,  568,  124,   90,  625,  748,  333,  621,    0,  842,  530,  621,  588, 1043,  684,   57,  725,  249,  269,  998,  156,  396,  562,  295,  266,  490, 1076,  438,  411,  352,  592,  794,  939,  762,  724,  998,  785,  699,  541,  811,  328,  751,  647,  829,  403,  750,   18,  186,  349,  822,  492,  578,  760,  779,   94,  249,  931,  479,  507,  259,  908,  243,  900,  619],
        [  227,    0,  574,  401,  585,  400,  383,  137,  811,  370,  893,  250,  322,  686,  858,  597,  900,   72,  534,  685,  846,  369,  548,  575,  797,  107,  595,  574,  479,  525,  891, 1043,  891,  489,  596,  706,  809,  756,  908,  913,  158,  967,  234,  343,  959,  838,  218, 1029,  549,  224,  842,    0,  317,  222,  976,  590,  299,  842,  230,  652,  661,  750,  715,  908,  295,  619,  576,  375,  674,  473,  449,  855,  276,  161,  783,  934,  142,  487,  418,  264,  979,  368,  600,  114,  390, 1030,  896,  394,  840,  925,  652,  219,  595,  266, 1036,  571,  834,  644,  562,  688,  353,  654,  643,  600,  674,  542],
        [  165,    0,  555,  510,  306,  100,  500,  215,  560,  386,  657,   72,   87,  403,  547,  350,  836,  310,  542,  383,  556,  564,  693,  529,  480,  224,  397,  591,  167,  226,  682,  893,  642,  461,  643,  577,  727,  695,  752,  705,  214,  840,  308,  211,  645,  521,  114,  878,  237,  118,  530,  317,    0,   96,  782,  714,  218,  536,  224,  338,  390,  789,  415,  667,  122,  309,  268,   74,  780,  183,  135,  608,  151,  273,  782,  813,  195,  630,  456,  281,  769,  443,  343,  222,  334,  909,  658,  416,  530,  633,  412,  316,  421,   86,  887,  556,  518,  361,  635,  502,   53,  378,  675,  292,  691,  444],
        [  127,    0,  531,  448,  378,  188,  436,  124,  623,  342,  714,   43,  117,  479,  638,  407,  832,  215,  509,  469,  636,  484,  627,  513,  576,  129,  433,  557,  262,  309,  729,  920,  705,  436,  602,  591,  728,  688,  779,  751,  144,  858,  258,  202,  738,  616,   37,  905,  332,   51,  621,  222,   96,    0,  824,  654,  209,  624,  183,  433,  459,  753,  500,  726,  114,  404,  357,  162,  726,  269,  231,  669,  122,  205,  758,  829,  113,  563,  410,  225,  817,  386,  405,  136,  310,  925,  716,  372,  621,  714,  467,  260,  448,   64,  913,  531,  612,  436,  587,  536,  139,  450,  639,  380,  660,  442],
        [  940,    0,  526,  750,  508,  802,  765,  843,  277,  653,  183,  835,  712,  452,  573,  439,  394,  917,  578,  532,  424,  892,  836,  485,  691,  877,  391,  583,  761,  600,  108,  178,  230,  550,  636,  302,  342,  401,  130,   86,  966,  219, 1080,  638,  649,  675,  800,  166,  754,  787,  588,  976,  782,  824,    0,  801,  999,  531, 1000,  740,  435,  636,  507,  194,  711,  771,  612,  801,  784,  832,  753,  239,  715, 1027,  543,  232,  931,  818,  654,  721,   57,  711,  453,  946,  598,  261,  185,  646,  571,  431,  379, 1083,  382,  760,  178,  533,  679,  479,  689,  290,  802,  453,  606,  598,  574,  454],
        [  754,    0,  292,  206,  753,  809,  219,  550,  818,  336,  838,  696,  642,  819, 1047,  694,  501,  524,  252,  877,  950,  239,   57,  343, 1066,  573,  606,  226,  850,  769,  777,  760,  867,  327,  166,  516,  478,  410,  679,  788,  713,  662,  818,  528, 1162, 1089,  619,  752,  905,  607, 1043,  590,  714,  654,  801,    0,  843, 1011,  788,  981,  776,  232,  888,  859,  597,  973,  832,  785,   88,  890,  818,  837,  564,  742,  318,  628,  677,  105,  270,  434,  837,  272,  716,  663,  413,  696,  842,  311, 1032, 1017,  706,  805,  564,  629,  752,  285, 1088,  795,  119,  617,  766,  785,  198,  844,  236,  432],
        [   90,    0,  739,  639,  512,  220,  624,  293,  770,  547,  870,  178,  297,  602,  705,  565, 1039,  340,  715,  565,  743,  647,  810,  721,  606,  272,  615,  763,  295,  423,  898, 1110,  851,  644,  805,  790,  932,  895,  969,  922,  142, 1054,  131,  407,  785,  652,  244, 1095,  352,  259,  684,  299,  218,  209,  999,  843,    0,  703,   71,  449,  596,  958,  599,  878,  314,  406,  446,  210,  920,  250,  282,  819,  329,  155,  966, 1027,  171,  746,  613,  426,  985,  583,  555,  192,  518, 1123,  871,  577,  688,  816,  626,  149,  637,  262, 1104,  739,  647,  561,  786,  719,  203,  582,  844,  470,  866,  647],
        [  689,    0,  735,  855,  276,  487,  858,  716,  269,  707,  349,  607,  521,  193,   44,  318,  829,  815,  763,  158,  107,  970, 1018,  684,  171,  738,  408,  800,  408,  318,  434,  705,  302,  684,  868,  571,  727,  746,  598,  451,  748,  714,  824,  552,  153,  146,  624,  692,  357,  619,   57,  842,  536,  624,  531, 1011,  703,    0,  740,  284,  235,  956,  133,  339,  556,  329,  269,  502, 1040,  462,  424,  296,  584,  804,  894,  708,  730,  970,  757,  684,  484,  787,  298,  756,  622,  773,  346,  723,   40,  135,  308,  837,  453,  577,  704,  741,  150,  223,  896,  433,  518,  228,  869,  245,  859,  582],
