{
    "name": "random-9-3549",
    "comment": "size=9 seed=3549",
    "nodes": ["+0", "-0", "+1", "-1", "+2", "-2", "+3", "-3", "+4", "-4", "+5", "-5", "+6", "-6", "+7", "-7", "+8", "-8", "+9", "-9"],
    "precedence": {
        "+0": "-0",
        "+1": "-1",
        "+2": "-2",
        "+3": "-3",
        "+4": "-4",
        "+5": "-5",
        "+6": "-6",
        "+7": "-7",
        "+8": "-8",
        "+9": "-9"
    },
    "edges": [
        [    0,    0,  809,  291,  418,  951,   98,  587,  554,  492,  185,  601,  474,  544,   37,  424,  973,  715,  915,  330],
        [    0,    0,  809,  291,  418,  951,   98,  587,  554,  492,  185,  601,  474,  544,   37,  424,  973,  715,  915,  330],
        [  809,  809,    0,  530,  547,  512,  800,  238,  738,  502,  826,  754,  371,  313,  846,  402,  279,  201,  417,  538],
        [  291,  291,  530,    0,  328,  776,  313,  328,  426,  251,  375,  469,  256,  254,  328,  199,  683,  473,  718,  217],
        [  418,  418,  547,  328,    0,  537,  353,  317,  753,  552,  333,  795,  190,  441,  447,  198,  794,  380,  512,  114],
        [  951,  951,  512,  776,  537,    0,  889,  494, 1141,  896,  862, 1170,  521,  703,  982,  578,  770,  363,   97,  624],
        [   98,   98,  800,  313,  353,  889,    0,  568,  635,  543,   90,  682,  444,  562,  109,  401,  987,  684,  861,  283],
        [  587,  587,  238,  328,  317,  494,  568,    0,  648,  403,  590,  677,  135,  212,  623,  167,  478,  149,  418,  301],
        [  554,  554,  738,  426,  753, 1141,  635,  648,    0,  247,  721,   48,  644,  447,  574,  595,  728,  789, 1065,  643],
        [  492,  492,  502,  251,  552,  896,  543,  403,  247,    0,  616,  274,  414,  201,  523,  371,  546,  543,  819,  452],
        [  185,  185,  826,  375,  333,  862,   90,  590,  721,  616,    0,  768,  459,  613,  188,  425, 1032,  692,  843,  291],
        [  601,  601,  754,  469,  795, 1170,  682,  677,   48,  274,  768,    0,  679,  471,  621,  632,  726,  815, 1092,  685],
        [  474,  474,  371,  256,  190,  521,  444,  135,  644,  414,  459,  679,    0,  265,  509,   58,  607,  242,  463,  169],
        [  544,  544,  313,  254,  441,  703,  562,  212,  447,  201,  613,  471,  265,    0,  580,  244,  430,  344,  622,  370],
        [   37,   37,  846,  328,  447,  982,  109,  623,  574,  523,  188,  621,  509,  580,    0,  460, 1010,  751,  947,  362],
        [  424,  424,  402,  199,  198,  578,  401,  167,  595,  371,  425,  632,   58,  244,  460,    0,  620,  292,  521,  142],
        [  973,  973,  279,  683,  794,  770,  987,  478,  728,  546, 1032,  726,  607,  430, 1010,  620,    0,  479,  673,  761],
        [  715,  715,  201,  473,  380,  363,  684,  149,  789,  543,  692,  815,  242,  344,  751,  292,  479,    0,  278,  403],
        [  915,  915,  417,  718,  512,   97,  861,  418, 1065,  819,  843, 1092,  463,  622,  947,  521,  673,  278,    0,  586],
        [  330,  330,  538,  217,  114,  624,  283,  301,  643,  452,  291,  685,  169,  370,  362,  142,  761,  403,  586,    0]
    ]
}
