{
    "name": "random-9-8860",
    "comment": "size=9 seed=8860",
    "nodes": ["+0", "-0", "+1", "-1", "+2", "-2", "+3", "-3", "+4", "-4", "+5", "-5", "+6", "-6", "+7", "-7", "+8", "-8", "+9", "-9"],
    "precedence": {
        "+0": "-0",
        "+1": "-1",
        "+2": "-2",
        "+3": "-3",
        "+4": "-4",
        "+5": "-5",
        "+6": "-6",
        "+7": "-7",
        "+8": "-8",
        "+9": "-9"
    },
    "edges": [
        [    0,    0,  941,  761,  560,  522,  920,  789,  576,  529, 1131,  791,  203,  596,  776,  408,  496,  716,  528,  261],
        [    0,    0,  941,  761,  560,  522,  920,  789,  576,  529, 1131,  791,  203,  596,  776,  408,  496,  716,  528,  261],
        [  941,  941,    0,  456,  991,  420,  255,  247,  977,  429,  606,  491,  942,  610,  677,  634, 1040,  684,  500,  681],
        [  761,  761,  456,    0, 1067,  412,  247,  213, 1064,  311, 1012,  778,  667,  207,  923,  355, 1073,  900,  600,  535],
        [  560,  560,  991, 1067,    0,  666, 1109,  977,   27,  756,  843,  576,  755,  988,  432,  799,  104,  381,  504,  584],
        [  522,  522,  420,  412,  666,    0,  453,  317,  661,  110,  729,  422,  548,  402,  531,  296,  687,  499,  191,  264],
        [  920,  920,  255,  247, 1109,  453,    0,  137, 1100,  398,  857,  695,  867,  444,  868,  542, 1137,  861,  607,  667],
        [  789,  789,  247,  213,  977,  317,  137,    0,  969,  263,  805,  598,  749,  367,  761,  426, 1002,  748,  478,  534],
        [  576,  576,  977, 1064,   27,  661, 1100,  969,    0,  753,  818,  556,  769,  990,  408,  803,  130,  358,  494,  589],
        [  529,  529,  429,  311,  756,  110,  398,  263,  753,    0,  820,  526,  513,  294,  641,  218,  767,  609,  300,  271],
        [ 1131, 1131,  606, 1012,  843,  729,  857,  805,  818,  820,    0,  341, 1235, 1100,  413, 1024,  936,  470,  616,  934],
        [  791,  791,  491,  778,  576,  422,  695,  598,  556,  526,  341,    0,  898,  818,  189,  711,  655,  210,  280,  598],
        [  203,  203,  942,  667,  755,  548,  867,  749,  769,  513, 1235,  898,    0,  475,  917,  325,  697,  861,  619,  302],
        [  596,  596,  610,  207,  988,  402,  444,  367,  990,  294, 1100,  818,  475,    0,  931,  199,  975,  896,  585,  412],
        [  776,  776,  677,  923,  432,  531,  868,  761,  408,  641,  413,  189,  917,  931,    0,  793,  524,   62,  349,  636],
        [  408,  408,  634,  355,  799,  296,  542,  426,  803,  218, 1024,  711,  325,  199,  793,    0,  780,  750,  447,  217],
        [  496,  496, 1040, 1073,  104,  687, 1137, 1002,  130,  767,  936,  655,  697,  975,  524,  780,    0,  469,  543,  564],
        [  716,  716,  684,  900,  381,  499,  861,  748,  358,  609,  470,  210,  861,  896,   62,  750,  469,    0,  312,  585],
        [  528,  528,  500,  600,  504,  191,  607,  478,  494,  300,  616,  280,  619,  585,  349,  447,  543,  312,    0,  319],
        [  261,  261,  681,  535,  584,  264,  667,  534,  589,  271,  934,  598,  302,  412,  636,  217,  564,  585,  319,    0]
    ]
}
