{
    "name": "random-11-15997",
    "comment": "size=11 seed=15997",
    "nodes": ["+0", "-0", "+1", "-1", "+2", "-2", "+3", "-3", "+4", "-4", "+5", "-5", "+6", "-6", "+7", "-7", "+8", "-8", "+9", "-9", "+10", "-10", "+11", "-11"],
    "precedence": {
        "+0": "-0",
        "+1": "-1",
        "+2": "-2",
        "+3": "-3",
        "+4": "-4",
        "+5": "-5",
        "+6": "-6",
        "+7": "-7",
        "+8": "-8",
        "+9": "-9",
        "+10": "-10",
        "+11": "-11"
    },
    "edges": [
        [    0,    0,  585,  446,  352,  556,  883,  576,  774,  469,  442,  396,  331,  571,  741,  825,  868,  752,  193,  538,  908,   84,   70,  802],
        [    0,    0,  585,  446,  352,  556,  883,  576,  774,  469,  442,  396,  331,  571,  741,  825,  868,  752,  193,  538,  908,   84,   70,  802],
        [  585,  585,    0,  403,  705,  542,  332,  385,  385,  140,  169,  192,  254,  515,  160,  392,  290,  334,  467,  131,  447,  606,  563,  449],
        [  446,  446,  403,    0,  353,  159,  558,  137,  362,  402,  402,  339,  300,  150,  540,  787,  660,  721,  478,  469,  509,  516,  476,  824],
        [  352,  352,  705,  353,    0,  352,  908,  475,  705,  646,  630,  564,  496,  385,  858, 1046,  986,  975,  512,  723,  854,  434,  419, 1054],
        [  556,  556,  542,  159,  352,    0,  629,  177,  383,  557,  558,  497,  458,   40,  662,  932,  773,  869,  622,  621,  529,  634,  599,  975],
        [  883,  883,  332,  558,  908,  629,    0,  455,  272,  471,  500,  511,  560,  591,  246,  549,  246,  529,  791,  449,  203,  918,  873,  646],
        [  576,  576,  385,  137,  475,  177,  455,    0,  230,  430,  439,  388,  372,  142,  491,  777,  598,  718,  584,  483,  379,  641,  599,  830],
        [  774,  774,  385,  362,  705,  383,  272,  230,    0,  492,  514,  488,  505,  344,  414,  735,  481,  693,  741,  514,  150,  830,  786,  814],
        [  469,  469,  140,  402,  646,  557,  471,  430,  492,    0,   31,   83,  154,  538,  279,  402,  402,  331,  333,   78,  574,  480,  438,  425],
        [  442,  442,  169,  402,  630,  558,  500,  439,  514,   31,    0,   68,  135,  542,  309,  416,  431,  345,  303,   98,  600,  451,  410,  432],
        [  396,  396,  192,  339,  564,  497,  511,  388,  488,   83,   68,    0,   71,  482,  346,  483,  473,  412,  280,  160,  589,  415,  371,  499],
        [  331,  331,  254,  300,  496,  458,  560,  372,  505,  154,  135,   71,    0,  448,  412,  551,  540,  479,  240,  230,  618,  359,  314,  562],
        [  571,  571,  515,  150,  385,   40,  591,  142,  344,  538,  542,  482,  448,    0,  630,  906,  739,  844,  624,  599,  490,  647,  610,  953],
        [  741,  741,  160,  540,  858,  662,  246,  491,  414,  279,  309,  346,  412,  630,    0,  324,  130,  290,  611,  230,  419,  758,  715,  411],
        [  825,  825,  392,  787, 1046,  932,  549,  777,  735,  402,  416,  483,  551,  906,  324,    0,  315,   73,  645,  326,  739,  807,  775,  109],
        [  868,  868,  290,  660,  986,  773,  246,  598,  481,  402,  431,  473,  540,  739,  130,  315,    0,  310,  730,  344,  446,  881,  840,  419],
        [  752,  752,  334,  721,  975,  869,  529,  718,  693,  331,  345,  412,  479,  844,  290,   73,  310,    0,  574,  256,  709,  736,  703,  122],
        [  193,  193,  467,  478,  512,  622,  791,  584,  741,  333,  303,  280,  240,  624,  611,  645,  730,  574,    0,  388,  857,  163,  132,  614],
        [  538,  538,  131,  469,  723,  621,  449,  483,  514,   78,   98,  160,  230,  599,  230,  326,  344,  256,  388,    0,  577,  542,  502,  355],
        [  908,  908,  447,  509,  854,  529,  203,  379,  150,  574,  600,  589,  618,  490,  419,  739,  446,  709,  857,  577,    0,  959,  914,  830],
        [   84,   84,  606,  516,  434,  634,  918,  641,  830,  480,  451,  415,  359,  647,  758,  807,  881,  736,  163,  542,  959,    0,   46,  774],
        [   70,   70,  563,  476,  419,  599,  873,  599,  786,  438,  410,  371,  314,  610,  715,  775,  840,  703,  132,  502,  914,   46,    0,  746],
        [  802,  802,  449,  824, 1054,  975,  646,  830,  814,  425,  432,  499,  562,  953,  411,  109,  419,  122,  614,  355,  830,  774,  746,    0]
    ]
}
