{
    "name": "random-52-5547",
    "comment": "size=52 seed=5547",
    "nodes": ["+0", "-0", "+1", "-1", "+2", "-2", "+3", "-3", "+4", "-4", "+5", "-5", "+6", "-6", "+7", "-7", "+8", "-8", "+9", "-9", "+10", "-10", "+11", "-11", "+12", "-12", "+13", "-13", "+14", "-14", "+15", "-15", "+16", "-16", "+17", "-17", "+18", "-18", "+19", "-19", "+20", "-20", "+21", "-21", "+22", "-22", "+23", "-23", "+24", "-24", "+25", "-25", "+26", "-26", "+27", "-27", "+28", "-28", "+29", "-29", "+30", "-30", "+31", "-31", "+32", "-32", "+33", "-33", "+34", "-34", "+35", "-35", "+36", "-36", "+37", "-37", "+38", "-38", "+39", "-39", "+40", "-40", "+41", "-41", "+42", "-42", "+43", "-43", "+44", "-44", "+45", "-45", "+46", "-46", "+47", "-47", "+48", "-48", "+49", "-49", "+50", "-50", "+51", "-51", "+52", "-52"],
    "precedence": {
        "+0": "-0",
        "+1": "-1",
        "+2": "-2",
        "+3": "-3",
        "+4": "-4",
        "+5": "-5",
        "+6": "-6",
        "+7": "-7",
        "+8": "-8",
        "+9": "-9",
        "+10": "-10",
        "+11": "-11",
        "+12": "-12",
        "+13": "-13",
        "+14": "-14",
        "+15": "-15",
        "+16": "-16",
        "+17": "-17",
        "+18": "-18",
        "+19": "-19",
        "+20": "-20",
        "+21": "-21",
        "+22": "-22",
        "+23": "-23",
        "+24": "-24",
        "+25": "-25",
        "+26": "-26",
        "+27": "-27",
        "+28": "-28",
        "+29": "-29",
        "+30": "-30",
        "+31": "-31",
        "+32": "-32",
        "+33": "-33",
        "+34": "-34",
        "+35": "-35",
        "+36": "-36",
        "+37": "-37",
        "+38": "-38",
        "+39": "-39",
        "+40": "-40",
        "+41": "-41",
        "+42": "-42",
        "+43": "-43",
        "+44": "-44",
        "+45": "-45",
        "+46": "-46",
        "+47": "-47",
        "+48": "-48",
        "+49": "-49",
        "+50": "-50",
        "+51": "-51",
        "+52": "-52"
    },
    "edges": [
        [    0,    0,  451,  243,  604,  304,  358,  290,  310,  555,  727,  395,  590,  285,  562,  420,  429,  182,  313,  389,  168,  376,  347,  437,  426,  374,  225,  341,  332,  484,  478,  515,  431,  196,  189,  149,  443,  167,  550,  436,  235,  400,  463,  530,   73,  538,  136,  342,  304,  497,  579,  609,  398,  325,  320,  336,   87,  415,  254,  362,  384,  141,  367,  342,  320,  590,  696,  738,  409,  352,  547,  462,  268,  209,  311,  532,  294,  498,  509,  436,  183,  661,  292,  252,  213,  196,  723,  489,  363,  299,  588,  361,  461,  342,  229,  533,  209,  415,  361,  251,  282,  341,  654,  385,  242,  313],
        [    0,    0,    0,    0,    0,    0,    0,    0,    0,    0,    0,    0,    0,    0,    0,    0,    0,    0,    0,    0,    0,    0,    0,    0,    0,    0,    0,    0,    0,    0,    0,    0,    0,    0,    0,    0,    0,    0,    0,    0,    0,    0,    0,    0,    0,    0,    0,    0,    0,    0,    0,    0,    0,    0,    0,    0,    0,    0,    0,    0,    0,    0,    0,    0,    0,    0,    0,    0,    0,    0,    0,    0,    0,    0,    0,    0,    0,    0,    0,    0,    0,    0,    0,    0,    0,    0,    0,    0,    0,    0,    0,    0,    0,    0,    0,    0,    0,    0,    0,    0,    0,    0,    0,    0,    0,    0],
        [  451,    0,    0,  478,  477,  324,  728,  454,  278,  142,  326,  845,  507,  646,  284,  784,  581,  597,  636,  674,  288,  302,  470,  831,  215,  818,  296,  581,  767,  748,  859,  285,  489,  557,  559,  565,  345,  614,  650,  692,  521,  845,   27,  238,  521,  635,  322,  653,  734,  324,  403,  299,  527,  460,  745,  157,  530,  191,  611,  260,  694,  356,  178,  712,  712,  822,  306,  323,  180,  114,  760,  826,  614,  290,  249,  178,  313,  922,  435,  662,  529,  306,  496,  659,  641,  587,  317,  587,  718,  613,  325,  477,  399,  249,  434,  444,  292,  221,  375,  670,  545,  708,  847,  485,  692,  191],
        [  243,    0,  478,    0,  789,  175,  262,   64,  477,  614,  657,  486,  786,  187,  451,  643,  666,  401,  161,  200,  245,  547,  573,  642,  555,  517,  185,  583,  505,  284,  688,  655,  650,  436,  427,  196,  284,  287,  784,  678,  478,  538,  500,  437,  281,  295,  223,  582,  488,  354,  745,  503,  630,  551,  326,  323,  235,  536,  490,  518,  217,  339,  319,  248,  537,  377,  622,  679,  346,  424,  324,  682,  152,  197,  464,  621,  476,  671,  701,  212,  107,  570,  528,  235,  252,  172,  658,  720,  247,  137,  462,  587,  651,  494,   45,  339,  194,  327,  559,  456,   68,  242,  428,  153,  363,  432],
        [  604,    0,  477,  789,    0,  709,  962,  801,  312,  402,  757,  914,   56,  887,  760,  654,  327,  620,  908,  976,  546,  242,  302,  731,  270,  836,  630,  420,  764, 1067,  732,  195,  225,  540,  551,  752,  789,  741,  294,  476,  458,  859,  456,  714,  637, 1038,  566,  518,  729,  788,   82,  774,  297,  317,  908,  565,  682,  296,  554,  276,  978,  467,  611,  946,  649, 1165,  749,  739,  635,  424, 1112,  683,  866,  609,  328,  328,  316,  856,   98, 1000,  775,  769,  379,  854,  808,  800,  744,  271,  966,  890,  802,  291,  144,  300,  751,  898,  613,  674,  244,  665,  850,  945, 1214,  870,  784,  374],
        [  304,    0,  324,  175,  709,    0,  437,  135,  408,  465,  483,  638,  719,  361,  283,  722,  662,  485,  334,  358,  193,  473,  554,  739,  450,  650,   94,  605,  623,  426,  781,  548,  617,  492,  486,  335,  140,  416,  770,  712,  506,  674,  349,  264,  368,  331,  198,  631,  599,  198,  653,  334,  617,  534,  492,  170,  342,  427,  551,  435,  383,  327,  152,  423,  623,  499,  449,  505,  173,  300,  437,  764,  326,  118,  386,  486,  421,  792,  634,  339,  263,  399,  532,  400,  405,  331,  484,  702,  421,  311,  300,  567,  585,  412,  137,  235,  115,  152,  509,  552,  236,  417,  528,  167,  499,  336],
        [  358,    0,  728,  262,  962,  437,    0,  311,  663,  858,  917,  317,  947,   82,  707,  612,  759,  413,  107,  143,  460,  731,  695,  578,  767,  395,  433,  653,  420,  202,  628,  862,  781,  484,  472,  212,  533,  253,  882,  718,  556,  405,  749,  697,  336,  404,  428,  612,  423,  604,  935,  759,  739,  674,  137,  577,  284,  752,  517,  712,  104,  497,  579,   17,  510,  302,  882,  940,  607,  658,  294,  641,  115,  439,  659,  854,  650,  556,  866,  227,  203,  828,  630,  118,  174,  163,  919,  827,   29,  129,  714,  709,  819,  690,  303,  561,  436,  588,  719,  430,  205,   21,  386,  359,  274,  645],
        [  290,    0,  454,   64,  801,  135,  311,    0,  490,  594,  607,  549,  802,  241,  397,  699,  702,  457,  205,  224,  256,  559,  604,  701,  556,  580,  176,  626,  566,  294,  747,  655,  677,  486,  477,  259,  225,  349,  818,  725,  521,  601,  478,  387,  336,  254,  242,  632,  549,  296,  752,  448,  663,  582,  386,  298,  292,  535,  541,  526,  249,  368,  286,  298,  594,  376,  572,  631,  307,  415,  317,  739,  207,  194,  473,  608,  494,  733,  717,  211,  170,  517,  565,  296,  315,  235,  609,  753,  292,  183,  406,  618,  667,  502,   62,  276,  190,  282,  580,  515,  107,  292,  416,   96,  426,  434],
        [  310,    0,  278,  477,  312,  408,  663,  490,    0,  310,  604,  673,  313,  585,  528,  526,  305,  386,  601,  666,  235,   71,  192,  584,  130,  618,  323,  307,  555,  757,  605,  208,  224,  323,  329,  458,  508,  467,  386,  416,  265,  644,  273,  483,  360,  732,  254,  387,  519,  523,  274,  557,  251,  182,  628,  290,  395,  131,  366,   54,  670,  171,  340,  647,  471,  853,  583,  600,  375,  174,  800,  566,  561,  301,   31,  260,   37,  690,  228,  688,  469,  578,  223,  561,  522,  501,  594,  320,  664,  581,  567,  200,  178,   40,  440,  618,  305,  408,  107,  451,  539,  645,  903,  564,  527,   95],
        [  555,    0,  142,  614,  402,  465,  858,  594,  310,    0,  355,  947,  444,  776,  391,  836,  585,  679,  769,  812,  404,  301,  485,  893,  196,  908,  430,  613,  850,  888,  915,  212,  479,  626,  630,  683,  481,  721,  629,  715,  574,  935,  116,  349,  621,  775,  438,  696,  816,  452,  322,  392,  532,  481,  863,  296,  639,  183,  673,  270,  830,  439,  319,  842,  778,  963,  348,  338,  318,  205,  901,  876,  745,  421,  287,   76,  346,  995,  389,  802,  656,  373,  530,  781,  757,  710,  342,  574,  850,  747,  431,  488,  366,  271,  570,  575,  424,  358,  379,  748,  682,  838,  988,  626,  795,  252],
        [  727,    0,  326,  657,  757,  483,  917,  607,  604,  355,    0, 1106,  798,  843,  218, 1099,  906,  894,  811,  820,  560,  623,  795, 1140,  526, 1099,  517,  906, 1057,  866, 1172,  566,  810,  867,  867,  806,  395,  875,  968, 1017,  839, 1125,  334,  220,  800,  672,  591,  973, 1027,  327,  676,  171,  851,  785,  973,  392,  793,  505,  923,  583,  851,  663,  363,  903, 1019,  906,   35,   38,  323,  436,  842, 1142,  808,  525,  574,  430,  638, 1220,  738,  775,  743,   99,  820,  881,  880,  810,   16,  908,  899,  789,  228,  802,  710,  573,  619,  427,  526,  332,  698,  967,  713,  897,  900,  584,  958,  515],
        [  395,    0,  845,  486,  914,  638,  317,  549,  673,  947, 1106,    0,  882,  334,  919,  371,  631,  296,  392,  455,  560,  727,  614,  310,  799,  108,  589,  517,  172,  517,  356,  878,  697,  374,  364,  303,  766,  233,  742,  534,  456,  104,  858,  896,  326,  711,  525,  437,  199,  832,  914,  970,  634,  597,  183,  721,  317,  794,  368,  726,  419,  513,  744,  315,  300,  611, 1073, 1122,  783,  745,  609,  385,  360,  582,  683,  918,  646,  251,  817,  539,  381, 1031,  537,  259,  235,  315, 1104,  704,  344,  403,  937,  626,  778,  710,  509,  823,  581,  779,  682,  253,  462,  322,  696,  627,  153,  699],
        [  590,    0,  507,  786,   56,  719,  947,  802,  313,  444,  798,  882,    0,  874,  789,  609,  280,  590,  898,  968,  547,  246,  269,  687,  294,  800,  635,  379,  728, 1061,  685,  233,  187,  509,  520,  736,  806,  719,  239,  427,  426,  823,  487,  742,  617, 1045,  564,  475,  693,  810,  129,  806,  255,  287,  886,  582,  665,  320,  518,  285,  968,  456,  630,  931,  609, 1161,  788,  781,  657,  444, 1110,  636,  855,  614,  333,  369,  311,  813,   86,  997,  765,  804,  346,  836,  788,  785,  785,  219,  952,  881,  830,  257,  136,  308,  750,  916,  617,  695,  230,  631,  845,  930, 1214,  876,  757,  385],
        [  285,    0,  646,  187,  887,  361,   82,  241,  585,  776,  843,  334,  874,    0,  636,  583,  698,  365,   60,  136,  378,  654,  628,  559,  686,  393,  352,  597,  404,  222,  609,  782,  713,  429,  418,  145,  466,  208,  821,  670,  496,  408,  667,  623,  273,  379,  347,  565,  400,  536,  858,  688,  675,  606,  155,  496,  218,  671,  468,  633,  112,  421,  500,   67,  477,  330,  808,  865,  530,  576,  305,  615,   35,  357,  580,  772,  573,  556,  793,  214,  121,  756,  566,   83,  134,   91,  844,  764,   79,   70,  646,  642,  744,  611,  225,  504,  354,  512,  645,  394,  138,   63,  408,  302,  252,  564],
        [  562,    0,  284,  451,  760,  283,  707,  397,  528,  391,  218,  919,  789,  636,    0,  964,  828,  740,  601,  605,  407,  569,  714,  993,  495,  925,  339,  802,  892,  649, 1031,  568,  751,  728,  725,  616,  179,  694,  913,  915,  718,  950,  306,   47,  632,  460,  431,  852,  865,  110,  685,   52,  775,  699,  774,  251,  615,  470,  787,  526,  637,  532,  205,  694,  874,  691,  183,  248,  162,  357,  626, 1007,  601,  353,  498,  451,  556, 1059,  714,  558,  545,  123,  719,  681,  687,  613,  223,  847,  687,  578,   42,  723,  675,  509,  417,  219,  353,  147,  633,  811,  503,  688,  688,  367,  777,  434],
        [  420,    0,  784,  643,  654,  722,  612,  699,  526,  836, 1099,  371,  609,  583,  964,    0,  330,  243,  638,  718,  558,  548,  374,   82,  648,  264,  638,  240,  205,  803,   81,  692,  432,  237,  240,  462,  861,  378,  413,  192,  264,  275,  785,  927,  364,  930,  536,  144,  191,  911,  683, 1008,  359,  369,  487,  719,  409,  655,  178,  569,  693,  437,  761,  603,  108,  909, 1073, 1103,  804,  670,  888,   43,  590,  619,  550,  782,  490,  209,  569,  790,  548, 1050,  311,  504,  450,  510, 1092,  397,  634,  636,  995,  379,  546,  565,  640,  952,  620,  819,  476,  191,  658,  607,  989,  794,  339,  597],
        [  429,    0,  581,  666,  327,  662,  759,  702,  305,  585,  906,  631,  280,  698,  828,  330,    0,  357,  736,  815,  470,  287,  115,  409,  391,  539,  568,  114,  466,  910,  406,  402,  114,  278,  291,  554,  784,  510,  124,  150,  203,  559,  573,  783,  425,  955,  469,  202,  434,  811,  365,  860,   55,  131,  671,  582,  481,  407,  265,  324,  805,  338,  632,  745,  341, 1016,  886,  900,  671,  478,  976,  357,  688,  545,  335,  518,  274,  535,  249,  864,  610,  882,  138,  642,  587,  609,  896,   74,  771,  724,  866,  106,  238,  333,  641,  891,  548,  699,  209,  379,  711,  746, 1083,  791,  526,  398],
        [  182,    0,  597,  401,  620,  485,  413,  457,  386,  679,  894,  296,  590,  365,  740,  243,  357,    0,  414,  496,  336,  435,  322,  255,  515,  233,  405,  246,  172,  587,  297,  587,  407,   82,   71,  230,  624,  161,  478,  306,  165,  259,  605,  706,  122,  691,  309,  200,  138,  678,  619,  786,  350,  304,  315,  504,  169,  513,  104,  439,  477,  243,  541,  401,  139,  695,  865,  903,  584,  488,  665,  283,  365,  388,  401,  641,  356,  327,  522,  561,  311,  835,  246,  297,  240,  282,  889,  429,  429,  409,  768,  335,  483,  425,  397,  712,  389,  593,  387,   74,  421,  403,  770,  552,  170,  428],
        [  313,    0,  636,  161,  908,  334,  107,  205,  601,  769,  811,  392,  898,   60,  601,  638,  736,  414,    0,   82,  382,  671,  659,  616,  694,  452,  341,  639,  463,  175,  666,  792,  744,  473,  462,  187,  427,  261,  859,  717,  536,  468,  658,  592,  314,  319,  353,  612,  457,  498,  873,  652,  710,  638,  211,  482,  258,  677,  516,  647,   71,  442,  479,   96,  531,  283,  777,  836,  506,  574,  252,  671,   50,  349,  592,  772,  592,  615,  815,  155,  133,  722,  602,  142,  190,  133,  814,  800,   88,   24,  608,  674,  766,  624,  204,  456,  346,  485,  668,  448,   99,   89,  356,  254,  310,  571],
        [  389,    0,  674,  200,  976,  358,  143,  224,  666,  812,  820,  455,  968,  136,  605,  718,  815,  496,   82,    0,  439,  736,  735,  694,  752,  524,  384,  719,  539,   95,  744,  851,  818,  554,  543,  268,  427,  341,  938,  798,  615,  537,  698,  602,  394,  262,  414,  694,  536,  497,  937,  655,  787,  713,  272,  518,  338,  734,  597,  710,   40,  513,  509,  140,  612,  202,  785,  847,  530,  623,  171,  750,  131,  397,  655,  820,  660,  687,  884,   85,  207,  727,  680,  217,  269,  214,  824,  877,  115,   91,  606,  750,  835,  686,  244,  436,  393,  503,  739,  529,  132,  134,  275,  241,  387,  628],
        [  168,    0,  288,  245,  546,  193,  460,  256,  235,  404,  560,  560,  547,  378,  407,  558,  470,  336,  382,  439,    0,  305,  363,  588,  314,  541,   99,  416,  497,  527,  624,  412,  429,  322,  319,  280,  320,  328,  579,  526,  321,  567,  303,  371,  241,  502,   35,  452,  467,  359,  501,  452,  425,  343,  460,  169,  243,  296,  381,  274,  449,  137,  205,  444,  468,  621,  530,  571,  249,  200,  567,  601,  350,   76,  220,  395,  239,  661,  462,  455,  258,  499,  341,  377,  355,  307,  556,  512,  455,  361,  438,  376,  412,  250,  206,  423,   78,  261,  326,  409,  309,  440,  669,  333,  408,  190],
        [  376,    0,  302,  547,  242,  473,  731,  559,   71,  301,  623,  727,  246,  654,  569,  548,  287,  435,  671,  736,  305,    0,  186,  612,  106,  666,  390,  316,  599,  827,  628,  153,  188,  365,  373,  525,  566,  528,  349,  416,  296,  691,  290,  523,  421,  800,  325,  405,  563,  575,  204,  594,  233,  183,  692,  343,  460,  121,  400,   44,  740,  236,  393,  715,  505,  924,  605,  615,  424,  213,  870,  586,  631,  369,   88,  238,   84,  725,  161,  759,  539,  607,  238,  628,  587,  569,  612,  286,  733,  652,  610,  187,  113,   64,  510,  676,  372,  460,   79,  495,  609,  713,  973,  631,  584,  143],
        [  347,    0,  470,  573,  302,  554,  695,  604,  192,  485,  795,  614,  269,  628,  714,  374,  115,  322,  659,  735,  363,  186,    0,  445,  291,  535,  461,  135,  463,  830,  454,  320,   88,  241,  252,  485,  672,  456,  217,  231,  158,  558,  463,  669,  359,  856,  365,  231,  428,  698,  314,  746,   63,   22,  623,  468,  411,  304,  253,  218,  729,  236,  518,  680,  351,  935,  775,  791,  557,  365,  890,  409,  613,  438,  222,  422,  160,  565,  206,  777,  529,  769,   78,  580,  529,  537,  786,  150,  703,  645,  752,   15,  175,  223,  545,  780,  440,  585,  107,  364,  623,  680,  996,  690,  489,  285],
        [  437,    0,  831,  642,  731,  739,  578,  701,  584,  893, 1140,  310,  687,  559,  993,   82,  409,  255,  616,  694,  588,  612,  445,    0,  709,  204,  660,  314,  159,  775,   50,  760,  507,  274,  274,  452,  879,  363,  494,  273,  320,  209,  835,  959,  372,  921,  563,  215,  160,  933,  756, 1039,  435,  438,  447,  753,  409,  714,  221,  630,  666,  478,  792,  571,  121,  879, 1112, 1146,  836,  718,  863,   77,  571,  643,  606,  842,  549,  128,  644,  771,  541, 1085,  377,  478,  426,  495, 1134,  477,  602,  618, 1022,  451,  619,  624,  644,  964,  643,  847,  544,  188,  649,  576,  961,  794,  308,  648],
        [  426,    0,  215,  555,  270,  450,  767,  556,  130,  196,  526,  799,  294,  686,  495,  648,  391,  515,  694,  752,  314,  106,  291,  709,    0,  747,  381,  420,  684,  839,  728,  100,  287,  452,  458,  569,  520,  587,  443,  521,  390,  773,  199,  449,  481,  780,  342,  507,  648,  518,  205,  514,  337,  287,  745,  297,  512,   26,  493,   80,  762,  290,  342,  750,  599,  929,  511,  516,  365,  156,  872,  687,  660,  363,  117,  134,  163,  818,  220,  763,  567,  519,  339,  672,  638,  607,  514,  384,  764,  673,  536,  293,  186,   90,  514,  628,  366,  404,  184,  580,  621,  748,  970,  615,  652,  125],
        [  374,    0,  818,  517,  836,  650,  395,  580,  618,  908, 1099,  108,  800,  393,  925,  264,  539,  233,  452,  524,  541,  666,  535,  204,  747,    0,  588,  427,   73,  596,  250,  818,  614,  302,  294,  322,  785,  235,  646,  433,  380,   27,  829,  898,  301,  769,  509,  341,  108,  848,  843,  975,  548,  520,  259,  709,  311,  745,  283,  671,  491,  470,  738,  390,  200,  695, 1068, 1112,  780,  713,  686,  278,  413,  577,  632,  872,  588,  164,  740,  605,  410, 1031,  458,  311,  271,  350, 1096,  612,  421,  459,  948,  546,  704,  657,  532,  854,  576,  781,  613,  173,  506,  396,  780,  666,  155,  657],
        [  225,    0,  296,  185,  630,   94,  433,  176,  323,  430,  517,  589,  635,  352,  339,  638,  568,  405,  341,  384,   99,  390,  461,  660,  381,  588,    0,  511,  553,  464,  700,  480,  526,  404,  399,  290,  227,  359,  677,  620,  414,  613,  318,  310,  294,  410,  106,  541,  527,  274,  579,  388,  523,  441,  463,  144,  278,  360,  464,  355,  401,  233,  156,  418,  542,  550,  485,  534,  195,  241,  492,  680,  319,   24,  303,  437,  332,  721,  550,  385,  237,  444,  438,  372,  365,  300,  516,  610,  423,  318,  365,  474,  501,  331,  141,  327,   21,  193,  420,  475,  253,  413,  590,  241,  443,  260],
        [  341,    0,  581,  583,  420,  605,  653,  626,  307,  613,  906,  517,  379,  597,  802,  240,  114,  246,  639,  719,  416,  316,  135,  314,  420,  427,  511,    0,  354,  813,  320,  455,  195,  170,  182,  453,  735,  402,  232,  113,  106,  448,  578,  760,  325,  877,  407,   99,  321,  771,  444,  839,  124,  134,  560,  551,  381,  430,  151,  343,  706,  280,  599,  640,  232,  920,  883,  904,  641,  471,  883,  275,  590,  489,  335,  553,  271,  437,  331,  773,  517,  870,   86,  536,  480,  508,  897,  188,  667,  628,  838,  140,  306,  344,  564,  838,  491,  664,  240,  265,  622,  641,  990,  719,  413,  391],
        [  332,    0,  767,  505,  764,  623,  420,  566,  555,  850, 1057,  172,  728,  404,  892,  205,  466,  172,  463,  539,  497,  599,  463,  159,  684,   73,  553,  354,    0,  618,  208,  752,  542,  234,  227,  309,  760,  219,  574,  363,  310,   96,  775,  861,  260,  773,  467,  268,   37,  820,  773,  940,  475,  449,  289,  666,  282,  683,  211,  606,  510,  414,  699,  413,  129,  721, 1027, 1068,  741,  659,  706,  226,  419,  540,  570,  811,  523,  170,  669,  617,  400,  993,  387,  323,  274,  347, 1053,  540,  444,  466,  917,  474,  634,  594,  513,  837,  540,  745,  544,  105,  503,  418,  804,  656,  153,  599],
        [  484,    0,  748,  284, 1067,  426,  202,  294,  757,  888,  866,  517, 1061,  222,  649,  803,  910,  587,  175,   95,  527,  827,  830,  775,  839,  596,  464,  813,  618,    0,  825,  938,  913,  648,  636,  361,  472,  430, 1032,  890,  710,  607,  772,  652,  488,  244,  503,  786,  618,  539, 1027,  697,  882,  808,  338,  592,  432,  820,  689,  799,  111,  607,  577,  206,  699,  109,  831,  895,  593,  705,   93,  835,  224,  479,  745,  901,  752,  758,  977,   91,  302,  770,  774,  299,  354,  306,  871,  972,  176,  186,  644,  845,  928,  776,  326,  459,  476,  563,  832,  616,  219,  201,  187,  284,  468,  715],
        [  478,    0,  859,  688,  732,  781,  628,  747,  605,  915, 1172,  356,  685,  609, 1031,   81,  406,  297,  666,  744,  624,  628,  454,   50,  728,  250,  700,  320,  208,  825,    0,  773,  510,  306,  307,  500,  920,  411,  481,  262,  342,  253,  862,  995,  416,  969,  601,  224,  209,  973,  762, 1076,  438,  450,  497,  788,  455,  734,  249,  649,  716,  509,  829,  621,  159,  929, 1145, 1177,  872,  746,  912,   51,  620,  682,  628,  862,  569,  148,  648,  820,  589, 1120,  391,  528,  476,  544, 1166,  471,  652,  667, 1061,  459,  626,  644,  689, 1007,  683,  884,  557,  233,  697,  625, 1011,  841,  358,  674],
        [  515,    0,  285,  655,  195,  548,  862,  655,  208,  212,  566,  878,  233,  782,  568,  692,  402,  587,  792,  851,  412,  153,  320,  760,  100,  818,  480,  455,  752,  938,  773,    0,  289,  518,  525,  661,  611,  674,  426,  544,  447,  844,  262,  522,  567,  877,  439,  549,  716,  602,  118,  580,  353,  324,  834,  389,  601,  121,  551,  155,  860,  377,  432,  846,  656, 1029,  556,  549,  451,  250,  971,  729,  757,  462,  205,  137,  233,  875,  180,  862,  664,  574,  384,  765,  728,  702,  553,  376,  861,  772,  609,  318,  167,  174,  613,  717,  466,  491,  217,  647,  720,  843, 1069,  713,  733,  223],
        [  431,    0,  489,  650,  225,  617,  781,  677,  224,  479,  810,  697,  187,  713,  751,  432,  114,  407,  744,  818,  429,  188,   88,  507,  287,  614,  526,  195,  542,  913,  510,  289,    0,  326,  337,  571,  727,  543,  163,  262,  243,  637,  478,  705,  446,  928,  437,  293,  507,  746,  253,  779,   73,  108,  710,  513,  498,  306,  332,  230,  814,  312,  564,  766,  424, 1017,  793,  801,  599,  395,  970,  462,  698,  503,  254,  409,  201,  631,  138,  857,  612,  794,  162,  667,  616,  623,  799,   98,  789,  729,  790,   74,  124,  244,  620,  837,  506,  632,  118,  445,  703,  766, 1076,  761,  575,  317],
        [  196,    0,  557,  436,  540,  492,  484,  486,  323,  626,  867,  374,  509,  429,  728,  237,  278,   82,  473,  554,  322,  365,  241,  274,  452,  302,  404,  170,  234,  648,  306,  518,  326,    0,   13,  287,  629,  233,  400,  246,   83,  327,  562,  691,  162,  731,  301,  147,  198,  677,  542,  772,  268,  224,  393,  483,  217,  453,   60,  374,  539,  204,  525,  471,  155,  755,  839,  872,  568,  445,  721,  280,  424,  384,  341,  582,  291,  369,  443,  613,  358,  815,  164,  367,  311,  342,  861,  349,  498,  465,  759,  253,  405,  363,  424,  724,  386,  582,  311,  130,  466,  472,  827,  581,  251,  378],
        [  189,    0,  559,  427,  551,  486,  472,  477,  329,  630,  867,  364,  520,  418,  725,  240,  291,   71,  462,  543,  319,  373,  252,  274,  458,  294,  399,  182,  227,  636,  307,  525,  337,   13,    0,  276,  624,  220,  412,  256,   95,  319,  564,  689,  151,  721,  297,  156,  191,  673,  552,  769,  280,  234,  381,  482,  206,  459,   66,  380,  528,  204,  522,  459,  153,  744,  839,  873,  566,  447,  710,  282,  413,  380,  347,  587,  297,  366,  453,  603,  347,  813,  176,  355,  299,  331,  861,  362,  486,  454,  756,  265,  415,  369,  416,  718,  381,  579,  320,  123,  456,  460,  816,  572,  240,  381],
        [  149,    0,  565,  196,  752,  335,  212,  259,  458,  683,  806,  303,  736,  145,  616,  462,  554,  230,  187,  268,  280,  525,  485,  452,  569,  322,  290,  453,  309,  361,  500,  661,  571,  287,  276,    0,  466,   91,  677,  531,  352,  344,  582,  594,  129,  470,  245,  427,  295,  531,  728,  667,  531,  463,  181,  428,   74,  557,  330,  509,  253,  289,  446,  196,  355,  469,  773,  823,  483,  478,  436,  498,  138,  286,  457,  668,  442,  475,  656,  332,   91,  729,  422,  104,   76,   55,  805,  620,  219,  180,  635,  499,  608,  488,  211,  532,  284,  477,  508,  272,  198,  196,  542,  348,  168,  452],
        [  443,    0,  345,  284,  789,  140,  533,  225,  508,  481,  395,  766,  806,  466,  179,  861,  784,  624,  427,  427,  320,  566,  672,  879,  520,  785,  227,  735,  760,  472,  920,  611,  727,  629,  624,  466,    0,  550,  885,  845,  639,  808,  371,  182,  507,  301,  332,  767,  738,   72,  724,  229,  735,  654,  610,  225,  479,  495,  689,  524,  460,  456,  180,  521,  763,  520,  360,  424,  165,  366,  455,  903,  431,  248,  482,  522,  527,  929,  724,  381,  386,  301,  659,  518,  531,  453,  400,  818,  513,  405,  182,  684,  679,  502,  257,  110,  246,  124,  614,  692,  329,  515,  526,  189,  632,  423],
        [  167,    0,  614,  287,  741,  416,  253,  349,  467,  721,  875,  233,  719,  208,  694,  378,  510,  161,  261,  341,  328,  528,  456,  363,  587,  235,  359,  402,  219,  430,  411,  674,  543,  233,  220,   91,  550,    0,  632,  466,  309,  258,  628,  668,  108,  559,  294,  360,  205,  613,  727,  744,  494,  436,  168,  489,   85,  579,  264,  520,  319,  298,  513,  241,  271,  538,  843,  890,  553,  518,  512,  412,  213,  351,  471,  698,  445,  385,  643,  412,  182,  802,  386,  137,   80,  133,  873,  579,  269,  259,  715,  470,  599,  501,  298,  621,  350,  551,  498,  188,  287,  243,  615,  438,   84,  478],
        [  550,    0,  650,  784,  294,  770,  882,  818,  386,  629,  968,  742,  239,  821,  913,  413,  124,  478,  859,  938,  579,  349,  217,  494,  443,  646,  677,  232,  574, 1032,  481,  426,  163,  400,  412,  677,  885,  632,    0,  222,  326,  664,  637,  867,  549, 1071,  581,  306,  543,  907,  355,  941,  156,  237,  792,  674,  604,  464,  382,  391,  928,  451,  724,  868,  446, 1139,  952,  958,  760,  557, 1097,  431,  811,  653,  416,  556,  361,  621,  249,  985,  732,  955,  259,  765,  710,  732,  957,   68,  894,  847,  952,  203,  263,  406,  758,  994,  656,  792,  280,  493,  831,  869, 1204,  906,  645,  479],
        [  436,    0,  692,  678,  476,  712,  718,  725,  416,  715, 1017,  534,  427,  670,  915,  192,  150,  306,  717,  798,  526,  416,  231,  273,  521,  433,  620,  113,  363,  890,  262,  544,  262,  246,  256,  531,  845,  466,  222,    0,  207,  449,  687,  873,  407,  973,  515,  107,  336,  882,  514,  952,  193,  236,  611,  664,  462,  533,  202,  447,  781,  390,  712,  706,  235,  998,  994, 1014,  754,  582,  966,  212,  668,  598,  444,  652,  380,  400,  398,  858,  603,  983,  198,  602,  545,  585, 1008,  210,  735,  709,  950,  230,  385,  450,  663,  946,  600,  777,  337,  298,  711,  708, 1072,  819,  458,  502],
        [  235,    0,  521,  478,  458,  506,  556,  521,  265,  574,  839,  456,  426,  496,  718,  264,  203,  165,  536,  615,  321,  296,  158,  320,  390,  380,  414,  106,  310,  710,  342,  447,  243,   83,   95,  352,  639,  309,  326,  207,    0,  404,  522,  679,  223,  772,  309,  135,  274,  679,  463,  759,  187,  142,  473,  469,  279,  395,  104,  311,  604,  187,  514,  542,  210,  817,  814,  841,  557,  408,  778,  306,  487,  392,  287,  523,  229,  429,  362,  668,  412,  795,   82,  440,  386,  407,  832,  271,  568,  525,  753,  170,  325,  304,  459,  740,  394,  577,  235,  208,  516,  543,  885,  614,  334,  333],
        [  400,    0,  845,  538,  859,  674,  405,  601,  644,  935, 1125,  104,  823,  408,  950,  275,  559,  259,  468,  537,  567,  691,  558,  209,  773,   27,  613,  448,   96,  607,  253,  844,  637,  327,  319,  344,  808,  258,  664,  449,  404,    0,  855,  923,  327,  786,  535,  360,  131,  871,  867, 1000,  570,  544,  269,  735,  335,  771,  306,  697,  504,  497,  763,  402,  219,  705, 1094, 1137,  805,  739,  698,  285,  429,  602,  659,  898,  614,  152,  764,  620,  431, 1056,  481,  328,  290,  370, 1122,  633,  432,  475,  972,  569,  729,  683,  554,  876,  601,  805,  638,  198,  525,  408,  790,  686,  176,  684],
        [  463,    0,   27,  500,  456,  349,  749,  478,  273,  116,  334,  858,  487,  667,  306,  785,  573,  605,  658,  698,  303,  290,  463,  835,  199,  829,  318,  578,  775,  772,  862,  262,  478,  562,  564,  582,  371,  628,  637,  687,  522,  855,    0,  260,  533,  661,  338,  652,  742,  350,  380,  319,  518,  454,  762,  181,  544,  176,  614,  250,  717,  363,  204,  733,  716,  848,  316,  328,  207,  118,  785,  827,  635,  310,  244,  152,  308,  928,  418,  687,  549,  321,  493,  677,  657,  605,  323,  576,  739,  635,  347,  469,  384,  241,  456,  470,  313,  248,  365,  677,  568,  728,  873,  511,  705,  189],
        [  530,    0,  238,  437,  714,  264,  697,  387,  483,  349,  220,  896,  742,  623,   47,  927,  783,  706,  592,  602,  371,  523,  669,  959,  449,  898,  310,  760,  861,  652,  995,  522,  705,  691,  689,  594,  182,  668,  867,  873,  679,  923,  260,    0,  602,  476,  397,  813,  834,  123,  640,   81,  731,  655,  756,  210,  588,  424,  750,  480,  632,  493,  167,  684,  838,  701,  186,  246,  124,  311,  636,  970,  588,  322,  453,  407,  511, 1028,  668,  561,  526,  135,  677,  664,  666,  594,  223,  802,  679,  569,   88,  679,  628,  463,  401,  243,  322,  118,  588,  778,  493,  677,  703,  368,  752,  389],
        [   73,    0,  521,  281,  637,  368,  336,  336,  360,  621,  800,  326,  617,  273,  632,  364,  425,  122,  314,  394,  241,  421,  359,  372,  481,  301,  294,  325,  260,  488,  416,  567,  446,  162,  151,  129,  507,  108,  549,  407,  223,  327,  533,  602,    0,  573,  209,  306,  233,  564,  620,  680,  403,  338,  273,  409,   56,  473,  211,  413,  381,  192,  439,  322,  260,  596,  769,  811,  482,  420,  560,  404,  265,  280,  365,  594,  338,  427,  540,  452,  197,  733,  294,  221,  172,  184,  796,  491,  346,  304,  658,  374,  494,  394,  276,  592,  280,  486,  394,  185,  306,  322,  666,  431,  174,  375],
        [  538,    0,  635,  295, 1038,  331,  404,  254,  732,  775,  672,  711, 1045,  379,  460,  930,  955,  691,  319,  262,  502,  800,  856,  921,  780,  769,  410,  877,  773,  244,  969,  877,  928,  731,  721,  470,  301,  559, 1071,  973,  772,  786,  661,  476,  573,    0,  492,  877,  763,  354,  983,  502,  916,  835,  529,  492,  523,  757,  784,  763,  301,  620,  459,  401,  823,  243,  639,  705,  458,  628,  183,  967,  357,  432,  712,  807,  740,  931,  959,  179,  382,  574,  818,  459,  501,  427,  680, 1005,  376,  311,  445,  870,  910,  739,  314,  246,  428,  419,  827,  741,  273,  394,  229,  169,  622,  665],
        [  136,    0,  322,  223,  566,  198,  428,  242,  254,  438,  591,  525,  564,  347,  431,  536,  469,  309,  353,  414,   35,  325,  365,  563,  342,  509,  106,  407,  467,  503,  601,  439,  437,  301,  297,  245,  332,  294,  581,  515,  309,  535,  338,  397,  209,  492,    0,  436,  438,  376,  524,  477,  426,  345,  426,  200,  209,  325,  361,  297,  421,  132,  233,  412,  443,  600,  560,  603,  275,  234,  547,  579,  319,   84,  242,  428,  254,  632,  479,  435,  227,  527,  336,  343,  320,  274,  587,  515,  424,  333,  460,  379,  429,  273,  187,  432,   86,  284,  339,  381,  285,  409,  650,  325,  374,  218],
        [  342,    0,  653,  582,  518,  631,  612,  632,  387,  696,  973,  437,  475,  565,  852,  144,  202,  200,  612,  694,  452,  405,  231,  215,  507,  341,  541,   99,  268,  786,  224,  549,  293,  147,  156,  427,  767,  360,  306,  107,  135,  360,  652,  813,  306,  877,  436,    0,  238,  810,  542,  893,  222,  226,  505,  603,  360,  515,   97,  428,  676,  321,  648,  600,  141,  894,  948,  974,  691,  540,  862,  181,  563,  520,  413,  641,  351,  338,  429,  756,  502,  930,  168,  496,  439,  481,  965,  274,  628,  606,  886,  237,  404,  426,  570,  865,  522,  710,  333,  193,  611,  602,  968,  727,  353,  463],
        [  304,    0,  734,  488,  729,  599,  423,  549,  519,  816, 1027,  199,  693,  400,  865,  191,  434,  138,  457,  536,  467,  563,  428,  160,  648,  108,  527,  321,   37,  618,  209,  716,  507,  198,  191,  295,  738,  205,  543,  336,  274,  131,  742,  834,  233,  763,  438,  238,    0,  796,  737,  913,  441,  414,  297,  636,  260,  647,  176,  570,  508,  380,  670,  415,  102,  723,  997, 1037,  713,  625,  704,  218,  412,  513,  535,  776,  487,  195,  633,  611,  385,  964,  351,  320,  268,  337, 1023,  507,  446,  459,  891,  439,  598,  559,  494,  817,  513,  718,  508,   69,  491,  419,  804,  641,  150,  565],
        [  497,    0,  324,  354,  788,  198,  604,  296,  523,  452,  327,  832,  810,  536,  110,  911,  811,  678,  498,  497,  359,  575,  698,  933,  518,  848,  274,  771,  820,  539,  973,  602,  746,  677,  673,  531,   72,  613,  907,  882,  679,  871,  350,  123,  564,  354,  376,  810,  796,    0,  718,  159,  761,  681,  679,  234,  539,  493,  737,  532,  530,  493,  184,  592,  815,  582,  293,  357,  153,  367,  517,  954,  502,  293,  495,  501,  546,  989,  730,  449,  453,  231,  692,  587,  598,  521,  333,  839,  584,  476,  110,  709,  686,  512,  324,  125,  292,  116,  630,  747,  400,  586,  582,  258,  696,  433],
        [  579,    0,  403,  745,   82,  653,  935,  752,  274,  322,  676,  914,  129,  858,  685,  683,  365,  619,  873,  937,  501,  204,  314,  756,  205,  843,  579,  444,  773, 1027,  762,  118,  253,  542,  552,  728,  724,  727,  355,  514,  463,  867,  380,  640,  620,  983,  524,  542,  737,  718,    0,  697,  325,  325,  892,  501,  662,  229,  564,  228,  943,  439,  545,  919,  664, 1122,  669,  658,  566,  360, 1067,  715,  834,  559,  283,  248,  286,  878,  116,  956,  742,  690,  388,  831,  789,  773,  663,  320,  936,  854,  727,  306,  140,  252,  706,  831,  563,  606,  232,  670,  809,  917, 1167,  816,  777,  319],
        [  609,    0,  299,  503,  774,  334,  759,  448,  557,  392,  171,  970,  806,  688,   52, 1008,  860,  786,  652,  655,  452,  594,  746, 1039,  514,  975,  388,  839,  940,  697, 1076,  580,  779,  772,  769,  667,  229,  744,  941,  952,  759, 1000,  319,   81,  680,  502,  477,  893,  913,  159,  697,    0,  807,  732,  825,  291,  665,  490,  831,  551,  688,  574,  247,  746,  919,  736,  138,  204,  204,  385,  671, 1051,  653,  401,  527,  457,  587, 1107,  734,  607,  596,   73,  755,  733,  738,  664,  178,  876,  739,  630,   58,  755,  697,  536,  469,  257,  401,  195,  662,  858,  554,  740,  730,  416,  827,  463],
        [  398,    0,  527,  630,  297,  617,  739,  663,  251,  532,  851,  634,  255,  675,  775,  359,   55,  350,  710,  787,  425,  233,   63,  435,  337,  548,  523,  124,  475,  882,  438,  353,   73,  268,  280,  531,  735,  494,  156,  193,  187,  570,  518,  731,  403,  916,  426,  222,  441,  761,  325,  807,    0,   83,  659,  530,  457,  353,  267,  270,  779,  296,  580,  725,  355,  988,  832,  845,  619,  424,  944,  390,  663,  500,  281,  466,  220,  559,  210,  832,  581,  828,  110,  623,  570,  585,  841,   91,  749,  696,  814,   52,  193,  279,  603,  843,  503,  648,  155,  381,  678,  725, 1051,  751,  519,  344],
        [  325,    0,  460,  551,  317,  534,  674,  582,  182,  481,  785,  597,  287,  606,  699,  369,  131,  304,  638,  713,  343,  183,   22,  438,  287,  520,  441,  134,  449,  808,  450,  324,  108,  224,  234,  463,  654,  436,  237,  236,  142,  544,  454,  655,  338,  835,  345,  226,  414,  681,  325,  732,   83,    0,  603,  452,  390,  299,  240,  212,  708,  215,  502,  658,  340,  913,  764,  781,  541,  353,  868,  406,  591,  418,  211,  420,  148,  556,  221,  755,  507,  757,   64,  559,  509,  516,  776,  171,  682,  623,  737,   37,  186,  215,  523,  761,  420,  569,  108,  349,  601,  658,  974,  669,  471,  272],
        [  320,    0,  745,  326,  908,  492,  137,  386,  628,  863,  973,  183,  886,  155,  774,  487,  671,  315,  211,  272,  460,  692,  623,  447,  745,  259,  463,  560,  289,  338,  497,  834,  710,  393,  381,  181,  610,  168,  792,  611,  473,  269,  762,  756,  273,  529,  426,  505,  297,  679,  892,  825,  659,  603,    0,  604,  234,  734,  414,  680,  237,  458,  618,  134,  390,  437,  939,  992,  653,  659,  430,  513,  185,  461,  630,  848,  608,  420,  811,  356,  230,  891,  552,   93,  108,  164,  973,  742,  164,  225,  787,  637,  766,  660,  357,  656,  459,  641,  665,  315,  290,  140,  522,  455,  153,  630],
        [  336,    0,  157,  323,  565,  170,  577,  298,  290,  296,  392,  721,  582,  496,  251,  719,  582,  504,  482,  518,  169,  343,  468,  753,  297,  709,  144,  551,  666,  592,  788,  389,  513,  483,  482,  428,  225,  489,  674,  664,  469,  735,  181,  210,  409,  492,  200,  603,  636,  234,  501,  291,  530,  452,  604,    0,  405,  272,  542,  301,  539,  283,   51,  561,  633,  668,  362,  403,   90,  141,  607,  762,  462,  144,  262,  317,  313,  829,  500,  507,  381,  332,  469,  515,  504,  443,  388,  607,  565,  458,  287,  478,  455,  280,  279,  334,  146,  119,  397,  577,  390,  556,  697,  335,  571,  200],
        [   87,    0,  530,  235,  682,  342,  284,  292,  395,  639,  793,  317,  665,  218,  615,  409,  481,  169,  258,  338,  243,  460,  411,  409,  512,  311,  278,  381,  282,  432,  455,  601,  498,  217,  206,   74,  479,   85,  604,  462,  279,  335,  544,  588,   56,  523,  209,  360,  260,  539,  662,  665,  457,  390,  234,  405,    0,  501,  264,  447,  325,  225,  430,  269,  303,  540,  761,  807,  471,  435,  505,  448,  209,  268,  397,  618,  376,  451,  586,  397,  143,  721,  348,  172,  128,  128,  790,  546,  293,  248,  638,  426,  539,  427,  236,  557,  267,  470,  439,  223,  253,  269,  611,  386,  167,  399],
        [  415,    0,  191,  536,  296,  427,  752,  535,  131,  183,  505,  794,  320,  671,  470,  655,  407,  513,  677,  734,  296,  121,  304,  714,   26,  745,  360,  430,  683,  820,  734,  121,  306,  453,  459,  557,  495,  579,  464,  533,  395,  771,  176,  424,  473,  757,  325,  515,  647,  493,  229,  490,  353,  299,  734,  272,  501,    0,  496,   87,  744,  283,  316,  736,  602,  909,  489,  496,  340,  131,  851,  694,  644,  342,  113,  129,  166,  820,  245,  743,  551,  496,  348,  660,  627,  594,  494,  403,  749,  656,  511,  307,  209,   91,  494,  603,  346,  379,  199,  579,  603,  733,  948,  593,  645,  108],
