{
    "name": "random-57-11250",
    "comment": "size=57 seed=11250",
    "nodes": ["+0", "-0", "+1", "-1", "+2", "-2", "+3", "-3", "+4", "-4", "+5", "-5", "+6", "-6", "+7", "-7", "+8", "-8", "+9", "-9", "+10", "-10", "+11", "-11", "+12", "-12", "+13", "-13", "+14", "-14", "+15", "-15", "+16", "-16", "+17", "-17", "+18", "-18", "+19", "-19", "+20", "-20", "+21", "-21", "+22", "-22", "+23", "-23", "+24", "-24", "+25", "-25", "+26", "-26", "+27", "-27", "+28", "-28", "+29", "-29", "+30", "-30", "+31", "-31", "+32", "-32", "+33", "-33", "+34", "-34", "+35", "-35", "+36", "-36", "+37", "-37", "+38", "-38", "+39", "-39", "+40", "-40", "+41", "-41", "+42", "-42", "+43", "-43", "+44", "-44", "+45", "-45", "+46", "-46", "+47", "-47", "+48", "-48", "+49", "-49", "+50", "-50", "+51", "-51", "+52", "-52", "+53", "-53", "+54", "-54", "+55", "-55", "+56", "-56", "+57", "-57"],
    "precedence": {
        "+0": "-0",
        "+1": "-1",
        "+2": "-2",
        "+3": "-3",
        "+4": "-4",
        "+5": "-5",
        "+6": "-6",
        "+7": "-7",
        "+8": "-8",
        "+9": "-9",
        "+10": "-10",
        "+11": "-11",
        "+12": "-12",
        "+13": "-13",
        "+14": "-14",
        "+15": "-15",
        "+16": "-16",
        "+17": "-17",
        "+18": "-18",
        "+19": "-19",
        "+20": "-20",
        "+21": "-21",
        "+22": "-22",
        "+23": "-23",
        "+24": "-24",
        "+25": "-25",
        "+26": "-26",
        "+27": "-27",
        "+28": "-28",
        "+29": "-29",
        "+30": "-30",
        "+31": "-31",
        "+32": "-32",
        "+33": "-33",
        "+34": "-34",
        "+35": "-35",
        "+36": "-36",
        "+37": "-37",
        "+38": "-38",
        "+39": "-39",
        "+40": "-40",
        "+41": "-41",
        "+42": "-42",
        "+43": "-43",
        "+44": "-44",
        "+45": "-45",
        "+46": "-46",
        "+47": "-47",
        "+48": "-48",
        "+49": "-49",
        "+50": "-50",
        "+51": "-51",
        "+52": "-52",
        "+53": "-53",
        "+54": "-54",
        "+55": "-55",
        "+56": "-56",
        "+57": "-57"
    },
    "edges": [
        [    0,    0,  729,   28,  475,  501,  159,  165,  310,  351,  366,  268,  562,  170,  139,  479,  894,  452,  915,  478,  373,  341,  480,  831,  635,  585,  222,  433,  338,  304,  496,  643,  769,  678,  554,  274,  742,  589,  427,  464,  174,  674,  831,  151,  333,  226,  412,  451,  724,  233,  110,  507,  347,  128,   68,  194,  492,  325,  169,  814,  713,  881,  540,  558,  132,  169,  523,  347,  522,  782,  459,  119,  291,  765,  149,  221,  637,  696,  542,  168,  198,  724,  909,  408,  873,  584,  295,  704,  872,  485,  505,  495,  549,  345,  116,  501,  169,  245,  450,  650,  691,  256,  429,  365,  171,  419,  162,  271,  562,  461,  808,  444,  199,  135,  620,  204],
        [    0,    0,    0,    0,    0,    0,    0,    0,    0,    0,    0,    0,    0,    0,    0,    0,    0,    0,    0,    0,    0,    0,    0,    0,    0,    0,    0,    0,    0,    0,    0,    0,    0,    0,    0,    0,    0,    0,    0,    0,    0,    0,    0,    0,    0,    0,    0,    0,    0,    0,    0,    0,    0,    0,    0,    0,    0,    0,    0,    0,    0,    0,    0,    0,    0,    0,    0,    0,    0,    0,    0,    0,    0,    0,    0,    0,    0,    0,    0,    0,    0,    0,    0,    0,    0,    0,    0,    0,    0,    0,    0,    0,    0,    0,    0,    0,    0,    0,    0,    0,    0,    0,    0,    0,    0,    0,    0,    0,    0,    0,    0,    0,    0,    0,    0,    0],
        [  729,    0,    0,  713,  526,  902,  816,  889,  888,  570,  419,  912,  183,  773,  696,  433,  461,  323,  489,  480,  758,  794,  417,  369,  336,  218,  894,  501,  953, 1000, 1010,  654,  464,  393,  796,  581,  350,  893,  653,  424,  883,  212,  259,  769,  611,  925,  911,  608,  334,  720,  754,  416,  595,  786,  727,  922,  696, 1011,  813,  422,  246,  555,  422,  856,  827,  709,  499,  781,  344,  618,  772,  844,  871,  375,  854,  700, 1050,  220,  437,  753,  911,   21,  546,  731,  519,  146,  435,  111,  530,  753,  251,  291,  706,  698,  711,  278,  896,  851,  280,  422,  350,  604,  301, 1031,  806,  543,  594,  460,  916,  743,  386,  638,  919,  863,  116,  581],
        [   28,    0,  713,    0,  480,  480,  149,  187,  296,  358,  343,  295,  544,  194,  156,  479,  868,  430,  890,  481,  348,  318,  455,  806,  631,  575,  218,  406,  329,  330,  481,  616,  743,  676,  529,  247,  738,  566,  400,  439,  199,  666,  809,  133,  344,  252,  394,  461,  699,  208,   93,  507,  320,  155,   91,  212,  465,  351,  158,  788,  690,  854,  514,  534,  131,  145,  497,  324,  498,  755,  434,  132,  277,  762,  175,  238,  619,  674,  542,  148,  223,  707,  883,  383,  847,  568,  280,  691,  845,  459,  494,  474,  523,  319,   92,  492,  189,  271,  434,  624,  687,  264,  413,  392,  197,  392,  161,  254,  541,  435,  784,  417,  221,  152,  606,  207],
        [  475,    0,  526,  480,    0,  913,  629,  576,  770,  128,  487,  503,  468,  396,  354,   94,  912,  483,  940,   46,  756,  753,  607,  823,  240,  308,  696,  632,  809,  616,  949,  878,  846,  245,  898,  563,  329,  968,  732,  598,  543,  349,  752,  605,  159,  562,  853,   87,  737,  637,  568,  111,  635,  439,  426,  622,  803,  616,  637,  846,  674,  963,  661,  929,  606,  583,  702,  750,  586,  943,  822,  578,  750,  342,  519,  299, 1065,  644,  107,  610,  568,  535,  972,  766,  937,  443,  338,  436,  943,  829,  299,  504,  847,  702,  546,  262,  590,  437,  366,  743,  278,  222,  371,  613,  432,  653,  323,  372,  960,  808,  821,  735,  589,  577,  420,  275],
        [  501,    0,  902,  480,  913,    0,  366,  556,  229,  808,  504,  729,  725,  668,  635,  878,  790,  587,  798,  898,  160,  164,  489,  778,  986,  874,  362,  403,  268,  701,  150,  379,  647, 1047,  167,  363, 1083,  116,  251,  480,  601,  964,  852,  353,  805,  646,  119,  917,  692,  281,  392,  899,  316,  620,  568,  535,  226,  728,  351,  723,  741,  710,  502,  111,  414,  342,  428,  163,  564,  550,  133,  482,  240, 1112,  595,  717,  157,  745,  942,  334,  607,  887,  751,  173,  725,  773,  597,  939,  716,  163,  788,  613,  252,  220,  391,  808,  543,  730,  685,  569, 1041,  724,  662,  782,  661,  360,  603,  557,   68,  165,  742,  269,  586,  512,  837,  652],
        [  159,    0,  816,  149,  629,  366,    0,  197,  155,  507,  412,  365,  638,  310,  296,  624,  901,  508,  919,  629,  268,  219,  494,  851,  771,  702,   79,  424,  181,  351,  340,  585,  765,  819,  452,  268,  877,  466,  363,  478,  238,  794,  875,   51,  491,  287,  263,  608,  746,  150,   66,  651,  314,  259,  222,  188,  414,  377,   16,  821,  753,  866,  545,  440,   50,  118,  507,  232,  553,  744,  355,  119,  137,  903,  230,  377,  489,  742,  688,   76,  248,  808,  900,  316,  866,  670,  397,  809,  862,  389,  617,  550,  472,  265,  106,  621,  186,  366,  542,  651,  827,  412,  519,  428,  299,  397,  308,  363,  431,  366,  824,  385,  230,  151,  717,  355],
        [  165,    0,  889,  187,  576,  556,  197,    0,  332,  450,  529,  179,  726,  187,  226,  601, 1051,  616, 1072,  590,  463,  415,  638,  992,  767,  735,  200,  582,  324,  157,  505,  771,  923,  801,  648,  420,  873,  661,  549,  621,   50,  821,  995,  230,  420,   91,  446,  531,  884,  336,  205,  631,  484,  138,  168,   47,  605,  182,  212,  971,  876, 1031,  695,  635,  148,  284,  671,  428,  684,  922,  551,   80,  318,  894,   62,  281,  666,  860,  659,  257,   52,  885, 1062,  509, 1026,  746,  456,  858, 1024,  584,  659,  660,  663,  454,  240,  651,   17,  201,  611,  805,  820,  358,  591,  233,  156,  563,  304,  434,  623,  561,  968,  569,   37,   47,  779,  333],
        [  310,    0,  888,  296,  770,  229,  155,  332,    0,  652,  469,  508,  705,  465,  448,  755,  893,  566,  907,  765,  192,  132,  515,  859,  891,  805,  134,  432,   71,  473,  186,  527,  751,  944,  352,  308,  995,  341,  321,  501,  379,  898,  904,  165,  639,  421,  115,  756,  759,  168,  204,  781,  315,  413,  375,  307,  348,  500,  142,  817,  784,  839,  553,  322,  198,  196,  497,  151,  585,  697,  264,  262,   20, 1022,  376,  530,  337,  778,  820,  161,  382,  876,  876,  246,  845,  745,  502,  898,  839,  303,  718,  604,  400,  226,  225,  728,  318,  517,  629,  648,  947,  559,  605,  555,  451,  394,  447,  463,  296,  286,  827,  345,  360,  290,  800,  496],
        [  351,    0,  570,  358,  128,  808,  507,  450,  652,    0,  429,  387,  472,  271,  227,  168,  907,  449,  934,  144,  655,  645,  558,  821,  339,  362,  572,  567,  687,  497,  833,  815,  822,  360,  809,  473,  439,  871,  648,  547,  417,  426,  768,  487,   43,  439,  740,  110,  727,  528,  449,  197,  549,  313,  299,  495,  719,  499,  516,  835,  675,  941,  617,  834,  482,  471,  646,  645,  552,  900,  727,  452,  632,  456,  392,  175,  957,  648,  216,  494,  443,  575,  956,  671,  920,  460,  271,  497,  924,  739,  322,  479,  768,  605,  430,  293,  463,  321,  353,  711,  387,   96,  349,  501,  308,  581,  207,  298,  860,  716,  814,  654,  463,  450,  456,  158],
        [  366,    0,  419,  343,  487,  504,  412,  529,  469,  429,    0,  611,  236,  478,  401,  422,  533,   99,  556,  458,  350,  379,  134,  466,  494,  372,  487,  146,  536,  669,  597,  391,  420,  560,  437,  162,  585,  523,  271,  120,  539,  460,  469,  362,  450,  590,  496,  528,  359,  302,  355,  435,  189,  466,  394,  551,  335,  687,  406,  454,  348,  537,  196,  483,  432,  297,  218,  367,  158,  475,  384,  467,  453,  614,  513,  451,  659,  334,  479,  342,  564,  408,  560,  334,  523,  278,  158,  439,  524,  377,  288,  139,  370,  288,  311,  313,  530,  567,  182,  301,  546,  389,  160,  722,  501,  173,  299,  138,  532,  360,  445,  266,  564,  492,  338,  322],
        [  268,    0,  912,  295,  503,  729,  365,  179,  508,  387,  611,    0,  769,  141,  220,  553, 1144,  684, 1167,  529,  624,  581,  736, 1074,  725,  727,  378,  696,  502,  117,  683,  910, 1026,  745,  809,  540,  825,  830,  692,  720,  130,  803, 1058,  388,  347,   98,  622,  437,  968,  488,  354,  583,  614,  147,  220,  214,  755,  114,  380, 1065,  945, 1141,  797,  803,  316,  428,  787,  592,  768, 1048,  712,  248,  494,  841,  136,  218,  844,  924,  601,  413,  132,  911, 1167,  666, 1131,  778,  498,  860, 1130,  742,  665,  726,  813,  605,  377,  647,  194,   67,  645,  907,  773,  316,  630,  120,  111,  685,  327,  490,  795,  718, 1056,  710,  159,  219,  796,  331],
        [  562,    0,  183,  544,  468,  725,  638,  726,  705,  472,  236,  769,    0,  629,  550,  378,  445,  141,  473,  425,  577,  612,  248,  355,  359,  213,  716,  326,  771,  848,  828,  512,  391,  428,  628,  398,  421,  723,  477,  253,  724,  276,  298,  590,  509,  770,  729,  539,  273,  538,  577,  374,  414,  634,  570,  756,  526,  862,  635,  381,  206,  503,  270,  685,  652,  528,  342,  599,  183,  517,  596,  675,  689,  451,  696,  570,  875,  178,  409,  573,  752,  172,  508,  553,  474,   53,  274,  221,  481,  580,  172,  112,  544,  516,  533,  211,  731,  713,  126,  308,  398,  481,  140,  887,  660,  368,  443,  292,  743,  568,  354,  465,  758,  696,  122,  441],
        [  170,    0,  773,  194,  396,  668,  310,  187,  465,  271,  478,  141,  629,    0,   80,  432, 1010,  546, 1034,  415,  542,  509,  606,  938,  603,  593,  352,  574,  479,  234,  649,  799,  896,  630,  723,  425,  706,  758,  589,  590,  148,  672,  919,  316,  237,  169,  572,  346,  833,  402,  276,  462,  503,   54,  105,  233,  657,  241,  324,  931,  807, 1012,  668,  727,  269,  338,  665,  516,  634,  928,  628,  215,  447,  725,  126,   98,  799,  785,  486,  336,  173,  772, 1037,  576, 1000,  638,  358,  724, 1000,  652,  527,  588,  713,  512,  285,  511,  202,   89,  505,  777,  653,  188,  490,  260,   38,  568,  188,  353,  730,  628,  920,  605,  195,  200,  658,  192],
        [  139,    0,  696,  156,  354,  635,  296,  226,  448,  227,  401,  220,  550,   80,    0,  376,  932,  467,  956,  366,  498,  472,  531,  859,  544,  522,  352,  503,  474,  306,  634,  735,  820,  576,  674,  361,  648,  717,  531,  515,  200,  604,  839,  288,  203,  234,  549,  319,  754,  359,  248,  406,  441,   95,   76,  270,  601,  316,  307,  853,  727,  937,  593,  684,  263,  295,  594,  477,  556,  857,  581,  226,  429,  669,  173,   83,  774,  706,  434,  303,  228,  695,  961,  528,  924,  560,  279,  651,  924,  603,  453,  508,  656,  462,  244,  439,  238,  167,  426,  701,  596,  134,  410,  338,  111,  500,  108,  274,  694,  579,  842,  545,  244,  223,  582,  117],
        [  479,    0,  433,  479,   94,  878,  624,  601,  755,  168,  422,  553,  378,  432,  376,    0,  822,  405,  850,   49,  719,  722,  533,  732,  173,  215,  696,  568,  801,  662,  928,  810,  760,  201,  847,  519,  274,  923,  680,  526,  574,  265,  659,  594,  209,  600,  829,  176,  649,  610,  560,   31,  585,  467,  440,  645,  749,  665,  630,  757,  582,  876,  584,  884,  608,  562,  631,  718,  506,  865,  778,  591,  735,  294,  547,  338, 1033,  553,   66,  594,  601,  442,  884,  722,  849,  350,  285,  346,  856,  781,  207,  422,  789,  661,  531,  170,  613,  487,  283,  661,  222,  246,  291,  668,  469,  593,  318,  323,  921,  761,  731,  680,  619,  594,  326,  275],
        [  894,    0,  461,  868,  912,  790,  901, 1051,  893,  907,  533, 1144,  445, 1010,  932,  822,    0,  469,   29,  870,  708,  765,  414,   94,  778,  638,  964,  477,  963, 1197,  934,  419,  144,  843,  631,  636,  810,  722,  575,  431, 1067,  665,  211,  851,  939, 1119,  857,  981,  181,  757,  858,  817,  590,  999,  926, 1067,  569, 1217,  891,   80,  241,  124,  358,  698,  934,  785,  399,  746,  377,  274,  667,  982,  885,  835, 1042,  974,  896,  271,  850,  825, 1090,  442,   95,  658,   87,  476,  663,  570,  101,  630,  616,  432,  539,  668,  817,  654, 1050, 1098,  555,  250,  804,  897,  558, 1254, 1034,  507,  827,  660,  769,  636,   93,  551, 1088, 1011,  519,  841],
        [  452,    0,  323,  430,  483,  587,  508,  616,  566,  449,   99,  684,  141,  546,  467,  405,  469,    0,  495,  447,  438,  472,  134,  393,  442,  307,  585,  196,  633,  750,  688,  414,  374,  511,  501,  259,  524,  592,  343,  132,  622,  388,  380,  459,  478,  671,  588,  537,  289,  400,  450,  411,  274,  541,  472,  641,  397,  766,  504,  393,  263,  493,  180,  554,  527,  395,  235,  458,  104,  461,  461,  558,  551,  553,  595,  505,  739,  244,  453,  440,  648,  311,  510,  415,  473,  187,  195,  353,  476,  447,  232,   44,  422,  376,  406,  265,  619,  634,  127,  263,  491,  429,  115,  798,  573,  235,  361,  194,  609,  434,  378,  333,  650,  582,  251,  373],
        [  915,    0,  489,  890,  940,  798,  919, 1072,  907,  934,  556, 1167,  473, 1034,  956,  850,   29,  495,    0,  898,  720,  778,  435,  122,  807,  666,  981,  495,  977, 1219,  943,  424,  157,  871,  637,  656,  838,  727,  588,  452, 1088,  693,  237,  869,  966, 1140,  868, 1009,  208,  774,  878,  845,  607, 1022,  949, 1087,  578, 1239,  909,  103,  269,  112,  378,  703,  953,  803,  415,  760,  401,  271,  677, 1002,  899,  863, 1064,  999,  901,  299,  879,  843, 1112,  470,   77,  670,   79,  504,  689,  598,   93,  639,  644,  458,  546,  683,  837,  682, 1071, 1122,  582,  269,  832,  923,  585, 1276, 1057,  524,  851,  684,  774,  646,  120,  564, 1108, 1031,  548,  867],
        [  478,    0,  480,  481,   46,  898,  629,  590,  765,  144,  458,  529,  425,  415,  366,   49,  870,  447,  898,    0,  741,  741,  573,  779,  202,  262,  699,  603,  807,  641,  941,  847,  806,  216,  876,  544,  297,  949,  709,  565,  560,  306,  707,  602,  183,  583,  844,  130,  696,  626,  566,   67,  613,  454,  434,  635,  779,  642,  636,  804,  630,  922,  626,  910,  610,  575,  670,  737,  548,  907,  803,  586,  745,  313,  534,  318, 1052,  601,   73,  604,  586,  489,  931,  747,  896,  399,  313,  391,  902,  808,  255,  466,  821,  685,  541,  218,  604,  463,  327,  705,  245,  233,  333,  642,  452,  626,  321,  350,  944,  787,  778,  711,  606,  587,  374,  275],
        [  373,    0,  758,  348,  756,  160,  268,  463,  192,  655,  350,  624,  577,  542,  498,  719,  708,  438,  720,  741,    0,   61,  355,  679,  826,  717,  298,  268,  259,  618,  253,  336,  564,  888,  186,  203,  924,  220,  133,  343,  502,  807,  737,  237,  655,  552,  158,  764,  584,  140,  271,  740,  164,  498,  439,  454,  157,  644,  253,  634,  620,  648,  382,  186,  316,  205,  317,   43,  429,  505,   89,  385,  189,  953,  490,  579,  316,  619,  783,  212,  514,  744,  686,   54,  656,  624,  438,  788,  649,  122,  631,  468,  211,   63,  258,  650,  454,  614,  529,  467,  882,  575,  506,  695,  541,  225,  454,  398,  205,  100,  646,  157,  498,  417,  686,  501],
        [  341,    0,  794,  318,  753,  164,  219,  415,  132,  645,  379,  581,  612,  509,  472,  722,  765,  472,  778,  741,   61,    0,  401,  734,  840,  738,  241,  315,  200,  568,  219,  396,  622,  899,  235,  222,  941,  251,  191,  388,  456,  830,  787,  196,  642,  505,  117,  754,  637,  118,  234,  745,  203,  463,  408,  402,  218,  594,  204,  690,  669,  708,  433,  222,  268,  179,  371,   19,  474,  566,  140,  337,  128,  969,  446,  554,  313,  666,  787,  174,  466,  781,  745,  115,  715,  656,  448,  817,  708,  178,  651,  505,  271,  102,  229,  667,  404,  576,  553,  522,  896,  560,  530,  647,  505,  274,  440,  407,  223,  158,  701,  215,  448,  369,  716,  489],
        [  480,    0,  417,  455,  607,  489,  494,  638,  515,  558,  134,  736,  248,  606,  531,  533,  414,  134,  435,  573,  355,  401,    0,  358,  575,  438,  563,   88,  585,  784,  607,  280,  291,  644,  381,  227,  654,  477,  238,   17,  653,  515,  389,  444,  581,  706,  512,  654,  252,  360,  447,  542,  201,  590,  516,  654,  280,  804,  486,  334,  269,  407,   63,  440,  524,  377,  101,  385,   75,  343,  357,  569,  503,  684,  629,  583,  635,  265,  584,  420,  677,  400,  432,  320,  395,  300,  288,  468,  395,  337,  366,  139,  296,  299,  405,  399,  637,  695,  260,  171,  623,  522,  247,  843,  627,  131,  431,  271,  501,  327,  332,  222,  674,  597,  368,  455],
        [  831,    0,  369,  806,  823,  778,  851,  992,  859,  821,  466, 1074,  355,  938,  859,  732,   94,  393,  122,  779,  679,  734,  358,    0,  685,  545,  919,  431,  929, 1134,  917,  424,  148,  750,  627,  584,  717,  722,  548,  374, 1003,  572,  128,  801,  855, 1055,  834,  893,  108,  713,  805,  725,  547,  930,  859, 1010,  553, 1152,  843,   72,  150,  194,  309,  694,  882,  734,  364,  716,  309,  309,  650,  925,  848,  742,  978,  897,  897,  179,  758,  777, 1028,  350,  179,  633,  155,  384,  586,  477,  168,  616,  525,  353,  532,  634,  762,  563,  992, 1026,  469,  213,  711,  817,  474, 1187,  964,  466,  753,  586,  765,  618,   38,  525, 1027,  952,  426,  764],
        [  635,    0,  336,  631,  240,  986,  771,  767,  891,  339,  494,  725,  359,  603,  544,  173,  778,  442,  807,  202,  826,  840,  575,  685,    0,  147,  847,  631,  942,  834, 1053,  854,  746,   70,  930,  623,  107, 1015,  764,  573,  743,  128,  589,  736,  381,  771,  952,  325,  622,  735,  706,  143,  676,  636,  603,  810,  827,  837,  775,  725,  541,  854,  614,  976,  762,  695,  676,  833,  527,  875,  873,  751,  871,  132,  716,  510, 1142,  511,  134,  732,  770,  351,  854,  820,  822,  313,  393,  229,  831,  869,  210,  442,  859,  766,  672,  181,  779,  659,  318,  666,   57,  416,  336,  840,  640,  665,  474,  433, 1021,  851,  693,  760,  787,  757,  260,  436],
        [  585,    0,  218,  575,  308,  874,  702,  735,  805,  362,  372,  727,  213,  593,  522,  215,  638,  307,  666,  262,  717,  738,  438,  545,  147,    0,  781,  501,  863,  826,  956,  714,  600,  216,  804,  517,  217,  893,  641,  437,  719,   93,  457,  661,  405,  755,  854,  391,  477,  641,  637,  198,  559,  615,  568,  773,  701,  833,  704,  582,  399,  709,  472,  854,  701,  612,  537,  729,  385,  729,  755,  704,  786,  247,  690,  510, 1030,  368,  222,  652,  747,  229,  710,  704,  678,  168,  306,  136,  686,  747,   88,  302,  728,  655,  598,   85,  744,  663,  191,  521,  188,  412,  212,  846,  629,  537,  432,  343,  904,  731,  551,  634,  760,  716,  120,  406],
        [  222,    0,  894,  218,  696,  362,   79,  200,  134,  572,  487,  378,  716,  352,  352,  696,  964,  585,  981,  699,  298,  241,  563,  919,  847,  781,    0,  489,  128,  339,  305,  629,  826,  893,  474,  338,  953,  472,  410,  547,  249,  872,  947,  127,  553,  289,  248,  670,  814,  208,  145,  724,  375,  299,  277,  174,  453,  366,   82,  886,  826,  923,  611,  451,   90,  191,  567,  257,  625,  793,  380,  139,  124,  978,  250,  430,  466,  816,  760,  146,  250,  886,  958,  350,  925,  748,  476,  888,  920,  418,  696,  626,  508,  310,  185,  699,  186,  393,  621,  715,  903,  477,  598,  421,  333,  458,  379,  442,  430,  397,  890,  433,  227,  162,  796,  424],
        [  433,    0,  501,  406,  632,  403,  424,  582,  432,  567,  146,  696,  326,  574,  503,  568,  477,  196,  495,  603,  268,  315,   88,  431,  631,  501,  489,    0,  502,  734,  519,  249,  343,  698,  305,  163,  717,  398,  153,   77,  603,  583,  473,  375,  584,  656,  425,  669,  328,  283,  384,  580,  117,  551,  478,  594,  202,  755,  415,  398,  355,  450,  123,  360,  459,  309,   91,  298,  163,  355,  272,  509,  420,  747,  581,  565,  550,  352,  624,  349,  625,  485,  480,  233,  445,  377,  298,  545,  442,  254,  422,  215,  229,  213,  344,  451,  580,  661,  314,  227,  682,  517,  296,  797,  590,   44,  413,  270,  417,  243,  401,  139,  619,  540,  444,  445],
        [  338,    0,  953,  329,  809,  268,  181,  324,   71,  687,  536,  502,  771,  479,  474,  801,  963,  633,  977,  807,  259,  200,  585,  929,  942,  863,  128,  502,    0,  452,  182,  592,  821,  993,  408,  375, 1048,  383,  390,  571,  374,  956,  974,  208,  671,  410,  149,  789,  829,  234,  241,  827,  386,  425,  399,  292,  413,  479,  173,  888,  854,  907,  623,  370,  212,  252,  567,  218,  654,  763,  325,  266,   84, 1074,  376,  553,  348,  848,  865,  212,  372,  942,  945,  312,  914,  809,  558,  960,  907,  365,  776,  671,  463,  296,  271,  784,  309,  520,  690,  718,  999,  593,  667,  534,  460,  464,  487,  520,  334,  349,  897,  414,  347,  289,  863,  534],
        [  304,    0, 1000,  330,  616,  701,  351,  157,  473,  497,  669,  117,  848,  234,  306,  662, 1197,  750, 1219,  641,  618,  568,  784, 1134,  834,  826,  339,  734,  452,    0,  633,  927, 1073,  857,  802,  572,  935,  809,  705,  768,  132,  905, 1128,  386,  459,   80,  586,  553, 1027,  493,  361,  692,  639,  215,  280,  167,  762,   28,  366, 1118, 1012, 1183,  843,  786,  302,  440,  823,  581,  825, 1077,  705,  236,  462,  953,  157,  325,  799,  993,  712,  414,  110,  999, 1212,  665, 1176,  862,  574,  956, 1175,  739,  758,  793,  820,  611,  395,  744,  165,  181,  727,  954,  883,  420,  710,   83,  198,  716,  407,  560,  768,  716, 1112,  726,  121,  203,  886,  422],
        [  496,    0, 1010,  481,  949,  150,  340,  505,  186,  833,  597,  683,  828,  649,  634,  928,  934,  688,  943,  941,  253,  219,  607,  917, 1053,  956,  305,  519,  182,  633,    0,  527,  790, 1110,  316,  440, 1156,  254,  375,  596,  554, 1048,  984,  349,  823,  591,  102,  939,  827,  320,  388,  952,  416,  597,  561,  473,  366,  660,  328,  865,  869,  857,  629,  258,  381,  366,  559,  231,  682,  699,  268,  442,  205, 1183,  554,  716,  169,  870,  993,  340,  553,  996,  898,  290,  872,  874,  661, 1035,  863,  304,  868,  720,  398,  313,  404,  883,  489,  697,  771,  706, 1110,  742,  748,  715,  634,  476,  628,  621,  198,  300,  882,  396,  528,  467,  934,  677],
        [  643,    0,  654,  616,  878,  379,  585,  771,  527,  815,  391,  910,  512,  799,  735,  810,  419,  414,  424,  847,  336,  396,  280,  424,  854,  714,  629,  249,  592,  927,  527,    0,  281,  923,  215,  375,  929,  304,  223,  285,  802,  786,  523,  543,  831,  855,  464,  917,  362,  437,  567,  820,  297,  769,  698,  771,  179,  952,  572,  361,  435,  332,  243,  280,  630,  488,  180,  378,  331,  174,  270,  693,  524,  959,  783,  803,  478,  450,  863,  516,  819,  634,  373,  282,  349,  564,  546,  726,  339,  230,  645,  413,  131,  322,  536,  679,  765,  884,  540,  241,  901,  762,  526,  999,  810,  238,  653,  518,  351,  243,  386,  202,  807,  725,  632,  689],
        [  769,    0,  464,  743,  846,  647,  765,  923,  751,  822,  420, 1026,  391,  896,  820,  760,  144,  374,  157,  806,  564,  622,  291,  148,  746,  600,  826,  343,  821, 1073,  790,  281,    0,  814,  490,  505,  795,  583,  432,  307,  942,  646,  263,  716,  851,  994,  713,  907,  130,  619,  726,  760,  452,  880,  807,  936,  425, 1093,  754,   80,  219,  120,  230,  557,  800,  650,  259,  604,  272,  165,  523,  851,  743,  823,  918,  869,  758,  246,  797,  690,  964,  443,  141,  514,  105,  433,  564,  562,  105,  487,  560,  344,  397,  526,  686,  598,  921,  985,  480,  120,  780,  800,  478, 1133,  917,  369,  718,  554,  628,  492,  110,  408,  960,  881,  490,  738],
        [  678,    0,  393,  676,  245, 1047,  819,  801,  944,  360,  560,  745,  428,  630,  576,  201,  843,  511,  871,  216,  888,  899,  644,  750,   70,  216,  893,  698,  993,  857, 1110,  923,  814,    0,  996,  685,   87, 1080,  830,  642,  773,  182,  650,  786,  398,  798, 1010,  324,  689,  791,  754,  172,  740,  667,  640,  845,  894,  857,  824,  792,  608,  921,  683, 1040,  806,  749,  745,  892,  597,  944,  937,  791,  924,   98,  747,  534, 1203,  578,  145,  784,  800,  410,  920,  883,  889,  382,  452,  284,  898,  934,  279,  512,  926,  828,  723,  248,  814,  679,  386,  736,   48,  445,  403,  857,  667,  731,  516,  492, 1084,  916,  759,  826,  819,  795,  326,  475],
        [  554,    0,  796,  529,  898,  167,  452,  648,  352,  809,  437,  809,  628,  723,  674,  847,  631,  501,  637,  876,  186,  235,  381,  627,  930,  804,  474,  305,  408,  802,  316,  215,  490,  996,    0,  337, 1020,   99,  168,  376,  687,  888,  712,  422,  815,  737,  266,  917,  549,  323,  456,  864,  264,  681,  619,  637,  104,  828,  437,  568,  609,  545,  377,   68,  501,  386,  299,  221,  453,  384,   98,  569,  355, 1049,  675,  752,  271,  617,  908,  397,  699,  778,  587,  147,  563,  680,  564,  848,  553,   72,  723,  518,   97,  213,  439,  749,  638,  797,  615,  424,  982,  737,  595,  880,  724,  267,  617,  527,  139,   96,  590,  171,  682,  602,  747,  661],
        [  274,    0,  581,  247,  563,  363,  268,  420,  308,  473,  162,  540,  398,  425,  361,  519,  636,  259,  656,  544,  203,  222,  227,  584,  623,  517,  338,  163,  375,  572,  440,  375,  505,  685,  337,    0,  722,  405,  177,  211,  442,  609,  610,  217,  480,  495,  338,  581,  479,  142,  222,  539,   81,  396,  324,  432,  248,  594,  260,  557,  489,  612,  279,  367,  298,  150,  252,  212,  288,  508,  260,  347,  292,  751,  420,  432,  519,  479,  582,  193,  463,  569,  643,  204,  607,  439,  236,  597,  605,  267,  430,  297,  301,  144,  182,  448,  417,  510,  331,  388,  679,  404,  308,  637,  437,  146,  287,  197,  402,  245,  557,  187,  457,  377,  497,  328],
        [  742,    0,  350,  738,  329, 1083,  877,  873,  995,  439,  585,  825,  421,  706,  648,  274,  810,  524,  838,  297,  924,  941,  654,  717,  107,  217,  953,  717, 1048,  935, 1156,  929,  795,   87, 1020,  722,    0, 1107,  856,  654,  847,  149,  609,  841,  479,  874, 1054,  409,  667,  837,  812,  244,  771,  741,  709,  916,  916,  937,  881,  765,  581,  896,  687, 1068,  868,  800,  754,  932,  599,  935,  968,  857,  976,   30,  820,  611, 1239,  552,  225,  837,  874,  369,  891,  916,  862,  371,  496,  241,  872,  961,  297,  517,  945,  863,  778,  275,  885,  759,  405,  727,   53,  519,  425,  938,  743,  753,  580,  535, 1116,  944,  730,  849,  892,  863,  307,  543],
        [  589,    0,  893,  566,  968,  116,  466,  661,  341,  871,  523,  830,  723,  758,  717,  923,  722,  592,  727,  949,  220,  251,  477,  722, 1015,  893,  472,  398,  383,  809,  254,  304,  583, 1080,   99,  405, 1107,    0,  252,  471,  704,  978,  810,  446,  873,  751,  235,  981,  647,  359,  484,  942,  341,  713,  656,  643,  198,  836,  451,  662,  707,  631,  476,   40,  515,  423,  398,  243,  549,  467,  146,  585,  349, 1136,  695,  798,  175,  715,  985,  424,  712,  876,  673,  202,  651,  774,  639,  942,  640,  146,  810,  612,  195,  267,  475,  835,  649,  826,  703,  522, 1068,  793,  682,  890,  755,  358,  672,  600,   57,  164,  685,  260,  692,  616,  841,  719],
        [  427,    0,  653,  400,  732,  251,  363,  549,  321,  648,  271,  692,  477,  589,  531,  680,  575,  343,  588,  709,  133,  191,  238,  548,  764,  641,  410,  153,  390,  705,  375,  223,  432,  830,  168,  177,  856,  252,    0,  229,  580,  728,  609,  321,  656,  633,  287,  755,  454,  214,  345,  697,   99,  554,  486,  548,   72,  730,  350,  501,  495,  519,  255,  213,  407,  266,  186,  172,  313,  384,  120,  470,  314,  885,  563,  606,  399,  496,  741,  293,  597,  637,  556,   87,  525,  527,  397,  695,  519,  106,  559,  366,  125,  101,  316,  584,  542,  670,  452,  335,  817,  580,  431,  778,  597,  110,  463,  360,  266,   92,  514,   25,  585,  503,  593,  505],
        [  464,    0,  424,  439,  598,  480,  478,  621,  501,  547,  120,  720,  253,  590,  515,  526,  431,  132,  452,  565,  343,  388,   17,  374,  573,  437,  547,   77,  571,  768,  596,  285,  307,  642,  376,  211,  654,  471,  229,    0,  637,  516,  404,  427,  569,  689,  500,  643,  268,  344,  431,  536,  187,  574,  500,  638,  274,  788,  470,  351,  284,  422,   78,  433,  508,  361,  106,  372,   87,  355,  348,  552,  488,  684,  612,  569,  627,  279,  578,  404,  660,  408,  448,  310,  411,  304,  276,  472,  411,  329,  363,  142,  293,  286,  388,  395,  620,  679,  257,  187,  622,  509,  242,  826,  611,  121,  416,  257,  493,  319,  348,  214,  657,  581,  372,  441],
        [  174,    0,  883,  199,  543,  601,  238,   50,  379,  417,  539,  130,  724,  148,  200,  574, 1067,  622, 1088,  560,  502,  456,  653, 1003,  743,  719,  249,  603,  374,  132,  554,  802,  942,  773,  687,  442,  847,  704,  580,  637,    0,  803, 1001,  266,  385,   54,  493,  493,  896,  371,  237,  604,  510,  107,  156,   93,  640,  153,  254,  987,  883, 1052,  712,  678,  189,  315,  693,  468,  695,  948,  590,  120,  364,  867,   29,  245,  714,  865,  630,  293,   29,  880, 1081,  546, 1045,  742,  451,  845, 1044,  622,  646,  665,  698,  489,  267,  635,   67,  152,  606,  823,  795,  329,  587,  198,  114,  587,  290,  434,  667,  598,  981,  600,   47,   90,  770,  314],
        [  674,    0,  212,  666,  349,  964,  794,  821,  898,  426,  460,  803,  276,  672,  604,  265,  665,  388,  693,  306,  807,  830,  515,  572,  128,   93,  872,  583,  956,  905, 1048,  786,  646,  182,  888,  609,  149,  978,  728,  516,  803,    0,  469,  753,  469,  837,  946,  435,  518,  734,  729,  240,  648,  698,  653,  860,  785,  911,  796,  618,  434,  748,  544,  940,  792,  704,  613,  820,  456,  786,  843,  793,  879,  177,  774,  585, 1119,  404,  248,  745,  831,  228,  745,  793,  715,  224,  399,  102,  725,  833,  181,  377,  809,  745,  691,  174,  830,  738,  280,  579,  140,  487,  302,  921,  708,  621,  518,  436,  991,  818,  584,  719,  845,  804,  159,  490],
        [  831,    0,  259,  809,  752,  852,  875,  995,  904,  768,  469, 1058,  298,  919,  839,  659,  211,  380,  237,  707,  737,  787,  389,  128,  589,  457,  947,  473,  974, 1128,  984,  523,  263,  650,  712,  610,  609,  810,  609,  404, 1001,  469,    0,  824,  806, 1050,  894,  828,  163,  747,  822,  648,  589,  918,  850, 1019,  627, 1144,  868,  196,  122,  321,  356,  778,  899,  758,  425,  770,  323,  428,  720,  935,  891,  632,  974,  865,  982,  136,  677,  802, 1027,  241,  303,  695,  282,  311,  561,  369,  295,  690,  454,  336,  616,  685,  778,  490,  997, 1005,  423,  288,  608,  778,  434, 1174,  947,  514,  732,  570,  847,  688,  158,  588, 1029,  960,  337,  735],
        [  151,    0,  769,  133,  605,  353,   51,  230,  165,  487,  362,  388,  590,  316,  288,  594,  851,  459,  869,  602,  237,  196,  444,  801,  736,  661,  127,  375,  208,  386,  349,  543,  716,  786,  422,  217,  841,  446,  321,  427,  266,  753,  824,    0,  475,  317,  262,  591,  695,  107,   41,  620,  266,  268,  218,  229,  376,  412,   46,  772,  703,  818,  495,  417,   88,   67,  458,  205,  503,  699,  325,  151,  146,  867,  253,  370,  487,  692,  659,   28,  280,  760,  851,  281,  817,  623,  355,  764,  813,  356,  575,  500,  434,  225,   64,  581,  222,  381,  496,  601,  792,  394,  473,  461,  310,  348,  283,  320,  415,  333,  773,  342,  266,  184,  671,  331],
        [  333,    0,  611,  344,  159,  805,  491,  420,  639,   43,  450,  347,  509,  237,  203,  209,  939,  478,  966,  183,  655,  642,  581,  855,  381,  405,  553,  584,  671,  459,  823,  831,  851,  398,  815,  480,  479,  873,  656,  569,  385,  469,  806,  475,    0,  403,  732,  118,  759,  525,  436,  238,  559,  282,  277,  466,  728,  459,  501,  866,  710,  970,  641,  837,  463,  465,  666,  642,  580,  924,  730,  428,  620,  495,  361,  140,  952,  683,  255,  484,  410,  616,  986,  674,  950,  499,  293,  540,  953,  744,  363,  510,  778,  608,  421,  334,  434,  281,  387,  738,  427,   82,  382,  460,  273,  596,  202,  315,  859,  721,  847,  664,  431,  423,  497,  155],
        [  226,    0,  925,  252,  562,  646,  287,   91,  421,  439,  590,   98,  770,  169,  234,  600, 1119,  671, 1140,  583,  552,  505,  706, 1055,  771,  755,  289,  656,  410,   80,  591,  855,  994,  798,  737,  495,  874,  751,  633,  689,   54,  837, 1050,  317,  403,    0,  535,  505,  948,  423,  289,  630,  564,  141,  201,  119,  692,  100,  302, 1039,  933, 1105,  765,  726,  237,  368,  746,  517,  746, 1001,  640,  168,  408,  893,   78,  265,  754,  914,  654,  344,   40,  923, 1134,  598, 1098,  786,  497,  884, 1097,  672,  685,  714,  750,  541,  320,  672,  104,  141,  650,  875,  822,  356,  633,  145,  132,  640,  332,  482,  713,  649, 1033,  653,   63,  136,  812,  350],
        [  412,    0,  911,  394,  853,  119,  263,  446,  115,  740,  496,  622,  729,  572,  549,  829,  857,  588,  868,  844,  158,  117,  512,  834,  952,  854,  248,  425,  149,  586,  102,  464,  713, 1010,  266,  338, 1054,  235,  287,  500,  493,  946,  894,  262,  732,  535,    0,  847,  740,  220,  302,  853,  318,  522,  478,  421,  291,  614,  249,  785,  777,  789,  539,  223,  309,  270,  472,  130,  586,  637,  194,  375,  129, 1082,  489,  631,  227,  776,  894,  249,  496,  897,  828,  201,  800,  773,  560,  934,  792,  234,  766,  621,  333,  215,  312,  781,  432,  628,  669,  621, 1009,  651,  646,  668,  561,  382,  534,  519,  186,  224,  799,  310,  474,  404,  833,  583],
        [  451,    0,  608,  461,   87,  917,  608,  531,  756,  110,  528,  437,  539,  346,  319,  176,  981,  537, 1009,  130,  764,  754,  654,  893,  325,  391,  670,  669,  789,  553,  939,  917,  907,  324,  917,  581,  409,  981,  755,  643,  493,  435,  828,  591,  118,  505,  847,    0,  804,  637,  553,  196,  657,  394,  394,  577,  827,  550,  618,  912,  744, 1025,  711,  944,  580,  579,  745,  754,  641,  995,  836,  544,  737,  420,  471,  250, 1066,  716,  192,  600,  517,  616, 1037,  780, 1001,  518,  372,  521, 1006,  847,  374,  563,  874,  714,  536,  339,  546,  373,  428,  800,  361,  198,  429,  542,  380,  685,  315,  401,  969,  825,  889,  761,  539,  538,  500,  266],
        [  724,    0,  334,  699,  737,  692,  746,  884,  759,  727,  359,  968,  273,  833,  754,  649,  181,  289,  208,  696,  584,  637,  252,  108,  622,  477,  814,  328,  829, 1027,  827,  362,  130,  689,  549,  479,  667,  647,  454,  268,  896,  518,  163,  695,  759,  948,  740,  804,    0,  609,  698,  645,  445,  824,  752,  903,  467, 1045,  737,  109,   89,  233,  206,  616,  775,  628,  269,  619,  202,  287,  561,  818,  748,  694,  871,  794,  820,  116,  681,  671,  921,  314,  236,  540,  202,  310,  483,  432,  210,  530,  444,  252,  453,  536,  655,  483,  885,  921,  376,  126,  654,  717,  378, 1080,  858,  365,  648,  481,  685,  529,   89,  432,  920,  846,  363,  661],
        [  233,    0,  720,  208,  637,  281,  150,  336,  168,  528,  302,  488,  538,  402,  359,  610,  757,  400,  774,  626,  140,  118,  360,  713,  735,  641,  208,  283,  234,  493,  320,  437,  619,  791,  323,  142,  837,  359,  214,  344,  371,  734,  747,  107,  525,  423,  220,  637,  609,    0,  135,  633,  168,  359,  299,  335,  270,  518,  138,  679,  626,  718,  405,  326,  194,   65,  360,  119,  425,  594,  227,  257,  152,  865,  356,  440,  430,  618,  675,   80,  386,  709,  752,  178,  719,  577,  342,  731,  714,  254,  554,  438,  328,  119,  118,  566,  329,  475,  462,  508,  791,  443,  439,  567,  402,  251,  323,  302,  337,  230,  684,  235,  372,  290,  633,  372],
        [  110,    0,  754,   93,  568,  392,   66,  205,  204,  449,  355,  354,  577,  276,  248,  560,  858,  450,  878,  566,  271,  234,  447,  805,  706,  637,  145,  384,  241,  361,  388,  567,  726,  754,  456,  222,  812,  484,  345,  431,  237,  729,  822,   41,  436,  289,  302,  553,  698,  135,    0,  587,  281,  230,  178,  211,  404,  386,   70,  779,  701,  831,  501,  453,   78,   80,  470,  242,  502,  717,  359,  128,  185,  837,  221,  330,  527,  688,  625,   61,  253,  746,  863,  312,  828,  608,  332,  744,  825,  388,  552,  493,  462,  253,   45,  555,  200,  344,  478,  610,  762,  356,  455,  434,  272,  361,  246,  298,  454,  365,  778,  365,  242,  160,  653,  294],
        [  507,    0,  416,  507,  111,  899,  651,  631,  781,  197,  435,  583,  374,  462,  406,   31,  817,  411,  845,   67,  740,  745,  542,  725,  143,  198,  724,  580,  827,  692,  952,  820,  760,  172,  864,  539,  244,  942,  697,  536,  604,  240,  648,  620,  238,  630,  853,  196,  645,  633,  587,    0,  602,  498,  469,  675,  765,  695,  657,  754,  576,  874,  591,  903,  637,  587,  641,  740,  510,  869,  797,  620,  761,  264,  577,  368, 1054,  547,   44,  620,  631,  426,  881,  741,  847,  343,  303,  325,  854,  799,  202,  426,  804,  682,  558,  163,  643,  517,  287,  664,  192,  276,  297,  698,  499,  607,  346,  343,  941,  779,  726,  696,  649,  624,  313,  304],
        [  347,    0,  595,  320,  635,  316,  314,  484,  315,  549,  189,  614,  414,  503,  441,  585,  590,  274,  607,  613,  164,  203,  201,  547,  676,  559,  375,  117,  386,  639,  416,  297,  452,  740,  264,   81,  771,  341,   99,  187,  510,  648,  589,  266,  559,  564,  318,  657,  445,  168,  281,  602,    0,  472,  401,  491,  170,  662,  303,  512,  469,  553,  240,  301,  352,  202,  194,  188,  272,  438,  198,  408,  303,  800,  490,  513,  471,  465,  646,  239,  530,  581,  586,  146,  552,  460,  301,  625,  548,  197,  474,  304,  221,  104,  245,  497,  480,  587,  369,  341,  730,  483,  348,  707,  514,   84,  367,  263,  346,  177,  517,  107,  521,  439,  523,  408],
