{
    "name": "random-3-14338",
    "comment": "size=3 seed=14338",
    "nodes": ["+0", "-0", "+1", "-1", "+2", "-2", "+3", "-3"],
    "precedence": {
        "+0": "-0",
        "+1": "-1",
        "+2": "-2",
        "+3": "-3"
    },
    "edges": [
        [    0,    0,  603,   61,  380,  253,  403,  773],
        [    0,    0,  603,   61,  380,  253,  403,  773],
        [  603,  603,    0,  564,  346,  560, 1005,  885],
        [   61,   61,  564,    0,  322,  285,  443,  811],
        [  380,  380,  346,  322,    0,  491,  743,  976],
        [  253,  253,  560,  285,  491,    0,  563,  528],
        [  403,  403, 1005,  443,  743,  563,    0,  964],
        [  773,  773,  885,  811,  976,  528,  964,    0]
    ]
}
