{
    "name": "random-79-17339",
    "comment": "size=79 seed=17339",
    "nodes": ["+0", "-0", "+1", "-1", "+2", "-2", "+3", "-3", "+4", "-4", "+5", "-5", "+6", "-6", "+7", "-7", "+8", "-8", "+9", "-9", "+10", "-10", "+11", "-11", "+12", "-12", "+13", "-13", "+14", "-14", "+15", "-15", "+16", "-16", "+17", "-17", "+18", "-18", "+19", "-19", "+20", "-20", "+21", "-21", "+22", "-22", "+23", "-23", "+24", "-24", "+25", "-25", "+26", "-26", "+27", "-27", "+28", "-28", "+29", "-29", "+30", "-30", "+31", "-31", "+32", "-32", "+33", "-33", "+34", "-34", "+35", "-35", "+36", "-36", "+37", "-37", "+38", "-38", "+39", "-39", "+40", "-40", "+41", "-41", "+42", "-42", "+43", "-43", "+44", "-44", "+45", "-45", "+46", "-46", "+47", "-47", "+48", "-48", "+49", "-49", "+50", "-50", "+51", "-51", "+52", "-52", "+53", "-53", "+54", "-54", "+55", "-55", "+56", "-56", "+57", "-57", "+58", "-58", "+59", "-59", "+60", "-60", "+61", "-61", "+62", "-62", "+63", "-63", "+64", "-64", "+65", "-65", "+66", "-66", "+67", "-67", "+68", "-68", "+69", "-69", "+70", "-70", "+71", "-71", "+72", "-72", "+73", "-73", "+74", "-74", "+75", "-75", "+76", "-76", "+77", "-77", "+78", "-78", "+79", "-79"],
    "precedence": {
        "+0": "-0",
        "+1": "-1",
        "+2": "-2",
        "+3": "-3",
        "+4": "-4",
        "+5": "-5",
        "+6": "-6",
        "+7": "-7",
        "+8": "-8",
        "+9": "-9",
        "+10": "-10",
        "+11": "-11",
        "+12": "-12",
        "+13": "-13",
        "+14": "-14",
        "+15": "-15",
        "+16": "-16",
        "+17": "-17",
        "+18": "-18",
        "+19": "-19",
        "+20": "-20",
        "+21": "-21",
        "+22": "-22",
        "+23": "-23",
        "+24": "-24",
        "+25": "-25",
        "+26": "-26",
        "+27": "-27",
        "+28": "-28",
        "+29": "-29",
        "+30": "-30",
        "+31": "-31",
        "+32": "-32",
        "+33": "-33",
        "+34": "-34",
        "+35": "-35",
        "+36": "-36",
        "+37": "-37",
        "+38": "-38",
        "+39": "-39",
        "+40": "-40",
        "+41": "-41",
        "+42": "-42",
        "+43": "-43",
        "+44": "-44",
        "+45": "-45",
        "+46": "-46",
        "+47": "-47",
        "+48": "-48",
        "+49": "-49",
        "+50": "-50",
        "+51": "-51",
        "+52": "-52",
        "+53": "-53",
        "+54": "-54",
        "+55": "-55",
        "+56": "-56",
        "+57": "-57",
        "+58": "-58",
        "+59": "-59",
        "+60": "-60",
        "+61": "-61",
        "+62": "-62",
        "+63": "-63",
        "+64": "-64",
        "+65": "-65",
        "+66": "-66",
        "+67": "-67",
        "+68": "-68",
        "+69": "-69",
        "+70": "-70",
        "+71": "-71",
        "+72": "-72",
        "+73": "-73",
        "+74": "-74",
        "+75": "-75",
        "+76": "-76",
        "+77": "-77",
        "+78": "-78",
        "+79": "-79"
    },
    "edges": [
        [    0,    0,  363,  504,  187,  373,  496,  241,  222,   70,  264,  687,  138,  450,  774,  661,  452,  260,  393,  309,  300,  597,  341,  499,  597,  533,  522,  286,  286,  558,  215,  408,  447,  498,  465,  329,  504,  406,  145,  528,  685,  440,  291,  392,  555,  409,   97,  496,  427,  145,  745,  295,  794,  704,  185,  345,  209,  579,  396,  552,  322,  161,  321,  589,  548,  673,  584,  350,  241,  563,  100,  709,  527,  466,  695,  406,  335,  606,  469,  652,   73,  330,  705,  561,  416,  238,  707,  867,  636,  365,  552,  252,  749,  692,  233,  574,  779,  806,  467,  446,  536,  544,  744,  505,  222,  466,  470,  400,  202,  468,  223,  800,   71,  538,  292,  386,  576,  709,  730,  314,  333,  461,  467,  559,  203,  335,  503,  383,  296,  740,  424,   55,  828,  759,  248,  462,  155,  305,   30,  620,  832,  335,  200,  565,  172,  586,  767,  641,  731,  303,  215,  419,  637,  476,  196,  352,  560,  802,  262,  450],
        [    0,    0,    0,    0,    0,    0,    0,    0,    0,    0,    0,    0,    0,    0,    0,    0,    0,    0,    0,    0,    0,    0,    0,    0,    0,    0,    0,    0,    0,    0,    0,    0,    0,    0,    0,    0,    0,    0,    0,    0,    0,    0,    0,    0,    0,    0,    0,    0,    0,    0,    0,    0,    0,    0,    0,    0,    0,    0,    0,    0,    0,    0,    0,    0,    0,    0,    0,    0,    0,    0,    0,    0,    0,    0,    0,    0,    0,    0,    0,    0,    0,    0,    0,    0,    0,    0,    0,    0,    0,    0,    0,    0,    0,    0,    0,    0,    0,    0,    0,    0,    0,    0,    0,    0,    0,    0,    0,    0,    0,    0,    0,    0,    0,    0,    0,    0,    0,    0,    0,    0,    0,    0,    0,    0,    0,    0,    0,    0,    0,    0,    0,    0,    0,    0,    0,    0,    0,    0,    0,    0,    0,    0,    0,    0,    0,    0,    0,    0,    0,    0,    0,    0,    0,    0,    0,    0,    0,    0,    0,    0],
        [  363,    0,    0,  860,  420,  690,  504,  535,  247,  430,  333,  971,  249,  777,  799,  773,  528,  474,   91,   57,  388,  855,  142,  327,  651,  612,  881,  643,  481,  807,  456,  401,  748,  386,  822,  620,  866,  603,  390,  591,  813,  745,  614,  529,  917,  285,  407,  494,  318,  302,  948,   81, 1056,  657,  438,   74,  314,  680,   74,  727,  283,  239,  622,  617,  909,  980,  658,  702,  600,  810,  381,  996,  873,  273,  850,  682,  570,  654,  668,  854,  411,  606, 1040,  917,  777,  597,  998, 1165,  971,  545,  639,  557,  716,  841,  141,  888,  765,  773,  299,  132,  647,  841,  740,  830,  306,  828,  549,  370,  351,  641,  584,  759,  309,  671,   99,  748,  938,  994, 1021,  363,  359,  777,  766,  876,  552,  476,  796,  742,   67,  963,  465,  314, 1103,  752,  181,  820,  208,  525,  359,  924, 1139,   84,  554,  789,  533,  702, 1088,  937,  731,  566,  570,  748,  644,  460,  216,   48,  902, 1092,  552,  796],
        [  504,    0,  860,    0,  569,  425,  739,  361,  709,  446,  621,  375,  613,  169,  883,  696,  649,  469,  897,  803,  605,  396,  801,  887,  738,  676,   51,  292,  488,  403,  453,  715,  256,  844,   44,  317,  119,  475,  560,  692,  684,  245,  412,  561,  141,  801,  455,  749,  801,  623,  589,  798,  499,  920,  454,  849,  669,  668,  899,  544,  711,  628,  301,  765,   98,  302,  707,  293,  264,  407,  534,  379,   70,  877,  645,  326,  420,  751,  481,  539,  449,  513,  241,  268,  190,  314,  369,  471,  183,  501,  675,  461,  937,  654,  721,  227,  935,  977,  863,  950,  635,  274,  897,  170,  611,  126,  650,  731,  640,  522,  309,  982,  570,  605,  776,  145,  135,  386,  383,  641,  665,  207,  259,  212,  308,  550,  279,  230,  794,  549,  677,  558,  494,  912,  708,   50,  654,  450,  502,  282,  419,  839,  307,  459,  350,  650,  330,  316,  884,  533,  291,  388,  817,  753,  695,  855,  362,  440,  354,  313],
        [  187,    0,  420,  569,    0,  275,  678,  405,  184,  176,  441,  826,  285,  566,  960,  847,  639,  444,  409,  381,  483,  753,  458,  645,  784,  720,  570,  286,  471,  719,  398,  584,  587,  659,  526,  485,  529,  587,   45,  714,  869,  577,  209,  579,  574,  560,  277,  677,  584,  121,  915,  340,  941,  883,  368,  371,  120,  766,  421,  733,  484,  309,  472,  774,  582,  796,  771,  323,  328,  724,   88,  844,  611,  603,  876,  563,  512,  793,  648,  824,  246,  187,  798,  533,  423,  256,  840,  990,  730,  549,  739,  146,  931,  874,  333,  695,  963,  988,  612,  452,  722,  680,  928,  620,  397,  491,  656,  572,   82,  650,  262,  981,  162,  723,  388,  428,  601,  846,  862,  492,  509,  588,  606,  679,  323,  521,  645,  380,  364,  905,  607,  176,  967,  943,  380,  521,  257,  487,  217,  748,  948,  358,  309,  734,  230,  772,  873,  773,  915,  148,  319,  338,  821,  654,  205,  390,  497,  933,  425,  401],
        [  373,    0,  690,  425,  275,    0,  842,  468,  458,  312,  627,  770,  508,  504, 1087,  936,  778,  558,  684,  646,  650,  740,  705,  872,  913,  845,  403,  172,  588,  722,  514,  767,  562,  868,  386,  512,  338,  666,  301,  848,  945,  550,   83,  699,  369,  782,  416,  845,  798,  389,  929,  610,  895, 1051,  491,  644,  394,  872,  695,  796,  694,  532,  493,  917,  394,  713,  892,  135,  304,  727,  313,  780,  488,  838,  932,  578,  585,  924,  711,  851,  384,  113,  665,  285,  237,  198,  773,  894,  607,  651,  857,  133, 1089,  934,  586,  620, 1109, 1142,  840,  726,  829,  636, 1072,  544,  589,  310,  791,  764,  354,  731,  226, 1140,  396,  817,  644,  290,  399,  785,  791,  672,  694,  540,  578,  603,  348,  653,  614,  196,  629,  903,  768,  399,  903, 1088,  616,  378,  505,  581,  396,  678,  843,  632,  328,  759,  252,  868,  755,  710, 1058,  151,  324,   67,  970,  831,  476,  662,  227,  855,  482,  149],
        [  496,    0,  504,  739,  678,  842,    0,  404,  613,  540,  238,  640,  405,  584,  302,  286,   95,  294,  593,  469,  197,  507,  362,  250,  150,  132,  783,  700,  267,  458,  333,  107,  508,  169,  722,  423,  813,  274,  633,  104,  332,  514,  762,  179,  859,  228,  428,   15,  198,  589,  513,  519,  676,  210,  353,  561,  649,  200,  577,  307,  230,  385,  440,  114,  828,  691,  164,  768,  576,  459,  591,  667,  711,  283,  385,  425,  320,  151,  302,  433,  462,  821,  808,  932,  776,  656,  675,  832,  754,  239,  157,  738,  254,  373,  428,  634,  288,  311,  252,  634,  185,  563,  255,  616,  284,  785,  101,  134,  664,  256,  629,  305,  519,  223,  421,  708,  865,  660,  695,  186,  173,  557,  516,  630,  515,  199,  524,  766,  480,  546,   74,  503,  738,  269,  358,  726,  458,  294,  467,  639,  827,  563,  534,  410,  592,  230,  812,  634,  243,  797,  544,  870,  149,   47,  562,  542,  974,  751,  401,  867],
        [  241,    0,  535,  361,  405,  468,  404,    0,  459,  230,  261,  451,  290,  245,  620,  470,  325,  113,  592,  479,  246,  357,  453,  527,  450,  381,  397,  308,  138,  318,   93,  361,  216,  488,  334,   90,  415,  199,  370,  388,  482,  211,  397,  239,  464,  441,  149,  412,  441,  386,  510,  489,  554,  605,  100,  544,  450,  404,  589,  337,  351,  297,   87,  460,  438,  448,  426,  373,  176,  323,  326,  474,  354,  517,  479,  165,  118,  461,  251,  420,  169,  481,  507,  529,  372,  272,  474,  638,  440,  185,  391,  396,  636,  479,  396,  354,  649,  685,  503,  646,  361,  312,  611,  296,  255,  385,  334,  373,  439,  265,  243,  685,  308,  349,  442,  305,  474,  473,  497,  282,  305,  242,  235,  341,  121,  206,  269,  364,  473,  502,  334,  289,  591,  627,  366,  336,  347,  117,  221,  393,  608,  537,  141,  330,  222,  401,  553,  409,  598,  471,  148,  484,  514,  408,  425,  542,  572,  569,   21,  469],
        [  222,    0,  247,  709,  184,  458,  613,  459,    0,  266,  383,  908,  216,  670,  912,  833,  600,  452,  226,  218,  437,  814,  318,  519,  742,  687,  719,  448,  473,  772,  414,  509,  669,  552,  667,  548,  688,  601,  165,  674,  864,  661,  390,  562,  736,  446,  311,  609,  475,   86,  951,  168, 1013,  805,  386,  190,   69,  744,  239,  745,  391,  232,  542,  722,  738,  895,  738,  496,  449,  777,  178,  930,  740,  471,  884,  624,  541,  749,  668,  855,  293,  366,  922,  710,  587,  409,  929, 1089,  852,  551,  710,  329,  858,  879,  200,  795,  899,  917,  487,  269,  703,  765,  867,  725,  338,  649,  620,  488,  107,  657,  405,  907,  153,  715,  241,  577,  761,  930,  952,  432,  441,  683,  688,  780,  421,  502,  724,  547,  200,  951,  552,  171, 1049,  882,  266,  664,  156,  503,  239,  842, 1053,  177,  414,  774,  360,  757,  986,  862,  856,  325,  428,  521,  762,  580,   52,  211,  680, 1024,  480,  581],
        [   70,    0,  430,  446,  176,  312,  540,  230,  266,    0,  317,  659,  206,  409,  806,  680,  487,  278,  455,  377,  345,  580,  410,  563,  630,  563,  460,  217,  307,  544,  231,  458,  418,  557,  405,  311,  438,  415,  143,  561,  699,  410,  229,  418,  488,  472,  115,  542,  488,  181,  740,  360,  771,  750,  203,  408,  236,  603,  460,  560,  383,  229,  299,  626,  484,  637,  613,  280,  184,  549,  101,  679,  474,  532,  703,  389,  339,  639,  475,  649,   80,  282,  657,  491,  347,  169,  676,  832,  587,  382,  580,  199,  792,  702,  302,  536,  818,  847,  532,  507,  559,  514,  782,  464,  278,  400,  503,  454,  218,  480,  154,  843,  126,  556,  361,  322,  511,  680,  699,  364,  384,  425,  438,  520,  159,  364,  476,  314,  364,  730,  467,  116,  801,  797,  316,  402,  224,  317,   87,  586,  793,  398,  150,  559,  104,  606,  723,  609,  768,  261,  163,  354,  677,  525,  249,  417,  491,  770,  250,  381],
        [  264,    0,  333,  621,  441,  627,  238,  261,  383,  317,    0,  651,  170,  497,  531,  458,  218,  163,  412,  284,   58,  529,  214,  270,  360,  305,  655,  504,  159,  479,  169,  144,  447,  245,  592,  326,  666,  272,  397,  292,  493,  447,  544,  198,  716,  181,  214,  236,  186,  353,  616,  320,  727,  442,  170,  370,  414,  366,  401,  396,   91,  152,  334,  341,  694,  673,  356,  573,  400,  482,  356,  677,  613,  257,  524,  371,  251,  367,  336,  521,  244,  593,  755,  762,  605,  457,  681,  849,  691,  213,  329,  513,  490,  516,  218,  590,  525,  548,  244,  462,  328,  532,  491,  545,   47,  632,  238,  138,  427,  309,  432,  541,  282,  346,  236,  549,  729,  674,  704,   52,   69,  486,  463,  580,  338,  144,  487,  586,  287,  630,  171,  267,  778,  506,  155,  594,  228,  205,  236,  616,  828,  369,  352,  457,  387,  383,  788,  624,  479,  566,  366,  664,  385,  213,  333,  358,  785,  772,  270,  676],
        [  687,    0,  971,  375,  826,  770,  640,  451,  908,  659,  651,    0,  736,  269,  648,  457,  550,  497, 1036,  916,  607,  134,  865,  863,  564,  525,  420,  607,  494,  183,  517,  672,  241,  795,  401,  362,  493,  390,  800,  551,  424,  250,  733,  489,  506,  800,  599,  654,  785,  831,  252,  934,  127,  753,  539,  988,  892,  481, 1030,  342,  731,  738,  367,  607,  460,   91,  530,  636,  505,  182,  760,   28,  306,  876,  364,  291,  402,  575,  341,  252,  616,  835,  237,  641,  552,  604,   37,  199,  230,  447,  509,  763,  746,  377,  835,  152,  722,  768,  852, 1089,  469,  146,  691,  226,  668,  498,  539,  700,  876,  386,  585,  779,  756,  429,  873,  484,  488,   23,   56,  642,  659,  240,  222,  169,  503,  519,  184,  583,  913,  200,  608,  738,  142,  702,  792,  410,  796,  449,  670,   94,  188,  983,  517,  232,  600,  451,  192,   61,  680,  843,  508,  747,  648,  674,  875,  984,  736,  121,  431,  680],
        [  138,    0,  249,  613,  285,  508,  405,  290,  216,  206,  170,  736,    0,  529,  700,  618,  385,  250,  302,  192,  222,  628,  204,  367,  529,  472,  637,  421,  266,  583,  221,  305,  505,  375,  576,  378,  628,  396,  241,  460,  650,  501,  426,  348,  679,  279,  159,  402,  300,  185,  748,  199,  830,  605,  198,  254,  244,  529,  299,  536,  200,   25,  377,  511,  667,  738,  523,  486,  357,  587,  206,  760,  625,  330,  673,  445,  345,  536,  463,  652,  167,  454,  792,  695,  546,  373,  761,  927,  723,  342,  495,  382,  656,  667,  109,  644,  693,  714,  335,  356,  488,  600,  659,  583,  124,  590,  405,  290,  259,  447,  354,  706,  123,  500,  164,  508,  698,  759,  784,  220,  233,  531,  524,  631,  305,  288,  556,  516,  185,  753,  340,  113,  872,  674,  111,  576,   65,  303,  123,  682,  898,  247,  309,  576,  304,  543,  842,  697,  648,  421,  325,  556,  553,  377,  167,  252,  697,  855,  308,  587],
        [  450,    0,  777,  169,  566,  504,  584,  245,  670,  409,  497,  269,  529,    0,  715,  528,  491,  337,  828,  720,  471,  246,  697,  754,  573,  512,  218,  339,  349,  243,  333,  572,   88,  703,  170,  173,  274,  314,  545,  530,  517,   77,  464,  406,  307,  673,  375,  595,  668,  588,  441,  726,  393,  757,  344,  780,  644,  501,  827,  376,  587,  539,  164,  601,  266,  230,  541,  372,  240,  247,  508,  284,  127,  750,  482,  161,  269,  585,  313,  379,  382,  566,  264,  422,  301,  336,  278,  425,  196,  347,  509,  495,  771,  489,  637,  129,  768,  810,  733,  882,  469,  133,  730,   56,  497,  263,  491,  592,  624,  356,  317,  815,  520,  438,  685,  225,  303,  287,  299,  509,  531,   42,   93,  113,  251,  404,  120,  324,  714,  407,  527,  503,  408,  745,  610,  178,  581,  307,  438,  184,  385,  772,  260,  295,  337,  482,  317,  212,  718,  574,  249,  486,  653,  602,  645,  781,  503,  369,  231,  429],
        [  774,    0,  799,  883,  960, 1087,  302,  620,  912,  806,  531,  648,  700,  715,    0,  194,  322,  532,  889,  768,  481,  534,  658,  505,  177,  244,  932,  928,  502,  502,  578,  408,  627,  426,  878,  599,  980,  430,  916,  247,  225,  638, 1012,  390, 1019,  516,  692,  309,  483,  882,  427,  820,  627,  184,  605,  860,  944,  220,  872,  340,  531,  682,  619,  191,  979,  727,  195,  991,  794,  500,  872,  672,  834,  552,  289,  562,  507,  168,  405,  397,  727, 1085,  869, 1119,  972,  891,  683,  805,  834,  436,  230,  999,  137,  274,  729,  710,   87,  129,  520,  927,  261,  638,   77,  726,  577,  961,  305,  434,  955,  370,  863,  145,  807,  282,  720,  896, 1016,  662,  696,  481,  471,  677,  625,  714,  741,  442,  614,  974,  779,  479,  361,  790,  693,   76,  659,  885,  756,  506,  744,  689,  821,  862,  761,  441,  836,  234,  839,  670,   79, 1066,  767, 1104,  156,  341,  861,  839, 1180,  730,  609, 1083],
        [  661,    0,  773,  696,  847,  936,  286,  470,  833,  680,  458,  457,  618,  528,  194,    0,  245,  404,  859,  731,  401,  340,  634,  533,  145,  162,  746,  771,  376,  308,  450,  376,  441,  452,  695,  431,  798,  272,  806,  185,   49,  452,  867,  273,  834,  511,  570,  300,  482,  788,  256,  774,  449,  310,  480,  821,  853,   93,  845,  153,  490,  605,  451,  194,  793,  534,  123,  830,  635,  306,  760,  482,  645,  569,  113,  382,  352,  151,  229,  208,  603,  949,  675,  941,  800,  739,  493,  624,  640,  299,  135,  863,  293,   98,  673,  516,  265,  311,  537,  904,  131,  444,  235,  535,  500,  782,  224,  408,  857,  206,  711,  323,  708,  124,  681,  722,  830,  473,  507,  415,  416,  489,  437,  521,  589,  333,  423,  806,  738,  303,  309,  689,  515,  245,  607,  702,  681,  365,  633,  496,  635,  821,  609,  247,  691,   77,  648,  477,  225,  936,  613,  946,  214,  333,  785,  805, 1009,  546,  455,  916],
        [  452,    0,  528,  649,  639,  778,   95,  325,  600,  487,  218,  550,  385,  491,  322,  245,    0,  221,  614,  486,  164,  417,  391,  322,  146,   88,  693,  628,  192,  367,  265,  139,  414,  248,  633,  334,  726,  180,  595,   76,  285,  420,  700,   89,  771,  278,  373,  108,  254,  563,  443,  530,  594,  281,  289,  577,  626,  152,  600,  226,  246,  369,  352,  140,  738,  598,  139,  695,  499,  368,  551,  577,  618,  345,  327,  332,  231,  155,  210,  356,  407,  768,  714,  850,  695,  587,  584,  744,  660,  149,  113,  683,  313,  316,  430,  540,  333,  365,  317,  660,  120,  469,  295,  522,  263,  700,   21,  172,  636,  164,  559,  363,  487,  150,  437,  624,  776,  571,  605,  172,  171,  464,  421,  536,  441,  125,  430,  688,  493,  470,   68,  469,  653,  311,  363,  637,  445,  210,  423,  546,  737,  577,  460,  323,  526,  175,  720,  541,  282,  747,  469,  802,  193,  125,  550,  561,  897,  663,  319,  792],
        [  260,    0,  474,  469,  444,  558,  294,  113,  452,  278,  163,  497,  250,  337,  532,  404,  221,    0,  543,  420,  137,  382,  371,  420,  357,  289,  508,  408,   31,  335,   47,  248,  285,  376,  445,  164,  528,  150,  403,  290,  426,  285,  481,  143,  576,  337,  167,  301,  334,  394,  500,  442,  583,  499,   76,  497,  460,  326,  536,  295,  251,  247,  174,  360,  549,  513,  338,  475,  282,  339,  357,  523,  456,  414,  437,  211,   97,  368,  216,  404,  200,  554,  593,  640,  483,  366,  525,  693,  529,  106,  304,  468,  533,  434,  341,  428,  552,  586,  398,  596,  282,  372,  514,  383,  172,  497,  233,  262,  459,  209,  338,  584,  312,  280,  377,  418,  586,  520,  549,  174,  197,  324,  301,  418,  222,   97,  327,  472,  418,  503,  223,  293,  629,  530,  295,  447,  314,   53,  232,  456,  670,  492,  240,  326,  306,  329,  626,  466,  501,  537,  251,  581,  413,  296,  409,  490,  680,  618,  116,  574],
        [  393,    0,   91,  897,  409,  684,  593,  592,  226,  455,  412, 1036,  302,  828,  889,  859,  614,  543,    0,  129,  469,  924,  232,  414,  740,  699,  914,  660,  553,  877,  520,  489,  807,  476,  857,  679,  892,  679,  387,  679,  898,  803,  614,  609,  942,  375,  454,  584,  409,  300, 1027,  103, 1126,  747,  499,   49,  293,  766,   22,  807,  370,  298,  679,  707,  938, 1040,  745,  713,  634,  881,  388, 1060,  917,  361,  933,  746,  639,  743,  745,  932,  451,  591, 1090,  928,  797,  616, 1062, 1228, 1021,  620,  725,  553,  806,  925,  202,  945,  856,  863,  388,   54,  732,  902,  830,  883,  380,  854,  635,  459,  332,  720,  607,  849,  330,  755,  179,  776,  965, 1059, 1085,  447,  444,  832,  825,  932,  592,  555,  858,  759,  126, 1039,  552,  341, 1171,  843,  258,  855,  248,  595,  396,  984, 1199,   58,  591,  864,  558,  787, 1143,  999,  821,  549,  607,  745,  734,  550,  214,   55,  904, 1156,  610,  802],
        [  309,    0,   57,  803,  381,  646,  469,  479,  218,  377,  284,  916,  192,  720,  768,  731,  486,  420,  129,    0,  340,  801,  117,  317,  614,  572,  825,  592,  428,  753,  401,  365,  692,  366,  766,  564,  812,  552,  347,  552,  770,  688,  569,  481,  863,  261,  350,  461,  294,  261,  899,   59, 1002,  634,  382,   92,  283,  638,  118,  679,  243,  182,  565,  583,  854,  924,  619,  651,  544,  757,  334,  941,  817,  265,  805,  626,  516,  618,  617,  804,  355,  568,  983,  866,  724,  545,  943, 1110,  915,  493,  598,  513,  692,  796,   84,  832,  740,  750,  287,  179,  603,  785,  713,  773,  254,  774,  507,  336,  318,  592,  531,  737,  258,  626,   50,  693,  883,  939,  966,  318,  316,  720,  710,  819,  496,  427,  740,  690,   19,  912,  425,  262, 1049,  726,  129,  765,  154,  471,  304,  868, 1083,   95,  498,  737,  480,  659, 1031,  881,  703,  528,  514,  702,  613,  428,  179,   75,  854, 1036,  496,  748],
        [  300,    0,  388,  605,  483,  650,  197,  246,  437,  345,   58,  607,  222,  471,  481,  401,  164,  137,  469,  340,    0,  481,  264,  284,  308,  251,  643,  516,  123,  431,  158,  120,  414,  242,  579,  298,  660,  222,  439,  239,  436,  415,  569,  141,  709,  203,  234,  198,  198,  401,  560,  377,  678,  406,  169,  427,  464,  310,  457,  340,  125,  206,  310,  293,  684,  634,  302,  585,  402,  434,  396,  633,  592,  281,  466,  334,  212,  315,  283,  466,  267,  625,  724,  765,  607,  470,  638,  805,  661,  162,  274,  543,  450,  459,  275,  555,  481,  507,  263,  518,  271,  493,  446,  515,  100,  628,  184,  128,  474,  254,  444,  501,  327,  289,  291,  546,  720,  629,  660,   38,   61,  456,  428,  546,  340,   90,  449,  592,  344,  576,  125,  310,  730,  461,  212,  582,  282,  168,  271,  577,  787,  426,  356,  406,  403,  326,  751,  583,  433,  601,  369,  682,  339,  182,  387,  414,  796,  727,  251,  687],
        [  597,    0,  855,  396,  753,  740,  507,  357,  814,  580,  529,  134,  628,  246,  534,  340,  417,  382,  924,  801,  481,    0,  742,  732,  435,  393,  446,  570,  374,   51,  408,  540,  179,  662,  409,  270,  511,  261,  722,  419,  313,  191,  691,  358,  536,  671,  504,  521,  654,  742,  195,  824,  202,  626,  433,  878,  806,  352,  917,  212,  605,  628,  281,  477,  492,  196,  400,  612,  450,   49,  679,  161,  333,  746,  262,  192,  286,  446,  209,  148,  525,  790,  336,  662,  546,  557,  169,  329,  304,  320,  379,  711,  622,  273,  722,  185,  603,  648,  721,  977,  338,  123,  570,  227,  550,  506,  406,  569,  794,  253,  534,  658,  663,  298,  757,  470,  525,  155,  189,  515,  531,  206,  162,  194,  433,  392,  128,  568,  800,  164,  476,  644,  250,  582,  675,  418,  691,  331,  576,  156,  321,  873,  450,  101,  538,  323,  315,  138,  559,  791,  444,  728,  519,  541,  777,  871,  747,  249,  336,  674],
        [  341,    0,  142,  801,  458,  705,  362,  453,  318,  410,  214,  865,  204,  697,  658,  634,  391,  371,  232,  117,  264,  742,    0,  204,  510,  473,  829,  625,  372,  693,  365,  260,  655,  250,  767,  529,  827,  484,  419,  451,  675,  654,  624,  401,  878,  146,  351,  352,  179,  340,  820,  174,  940,  519,  354,  205,  376,  542,  215,  599,  147,  183,  535,  475,  863,  884,  518,  690,  554,  696,  395,  891,  804,  154,  716,  582,  464,  513,  546,  727,  366,  640,  958,  898,  749,  576,  894, 1062,  892,  425,  500,  576,  577,  706,  125,  797,  626,  635,  172,  272,  510,  743,  600,  747,  201,  790,  412,  229,  406,  515,  558,  622,  310,  537,   78,  707,  895,  887,  917,  234,  225,  690,  671,  787,  498,  354,  698,  719,  132,  838,  326,  307,  991,  612,   96,  767,  203,  417,  326,  827, 1040,  209,  505,  669,  507,  565,  997,  836,  590,  603,  521,  756,  502,  318,  271,  183,  900,  985,  466,  791],
        [  499,    0,  327,  887,  645,  872,  250,  527,  519,  563,  270,  863,  367,  754,  505,  533,  322,  420,  414,  317,  284,  732,  204,    0,  392,  380,  923,  766,  405,  681,  436,  192,  692,   83,  860,  581,  935,  476,  603,  353,  580,  695,  789,  376,  985,   92,  474,  235,   87,  532,  760,  375,  914,  341,  439,  398,  575,  449,  394,  548,  185,  342,  593,  347,  963,  902,  411,  834,  669,  683,  572,  891,  875,   54,  634,  610,  490,  390,  523,  677,  500,  820, 1002, 1030,  873,  717,  897, 1060,  941,  423,  406,  748,  401,  622,  321,  831,  456,  456,   33,  442,  432,  765,  436,  796,  293,  902,  338,  166,  602,  481,  694,  440,  487,  468,  281,  819,  998,  885,  918,  247,  224,  736,  705,  824,  607,  355,  722,  852,  334,  791,  258,  479,  973,  446,  266,  862,  389,  448,  477,  847, 1049,  405,  620,  642,  647,  479, 1022,  848,  430,  786,  634,  916,  355,  204,  471,  373, 1047,  980,  533,  937],
        [  597,    0,  651,  738,  784,  913,  150,  450,  742,  630,  360,  564,  529,  573,  177,  145,  146,  357,  740,  614,  308,  435,  510,  392,    0,   69,  786,  757,  327,  392,  403,  251,  488,  310,  729,  438,  828,  268,  740,   70,  194,  496,  837,  215,  870,  378,  516,  162,  347,  708,  394,  662,  576,  192,  429,  706,  771,   84,  724,  223,  372,  511,  458,   50,  833,  629,   35,  822,  625,  392,  696,  590,  697,  430,  254,  413,  341,   13,  261,  328,  550,  909,  761,  961,  811,  719,  600,  744,  716,  265,   64,  823,  199,  240,  566,  592,  201,  241,  398,  782,  105,  518,  163,  593,  406,  806,  128,  281,  781,  218,  691,  244,  632,  141,  565,  736,  871,  582,  617,  312,  305,  539,  490,  592,  570,  266,  487,  809,  623,  435,  193,  615,  641,  179,  497,  735,  587,  334,  568,  583,  748,  707,  590,  335,  662,  114,  749,  571,  150,  890,  597,  933,   85,  196,  692,  688, 1017,  664,  440,  916],
        [  533,    0,  612,  676,  720,  845,  132,  381,  687,  563,  305,  525,  472,  512,  244,  162,   88,  289,  699,  572,  251,  393,  473,  380,   69,    0,  723,  689,  259,  348,  335,  215,  428,  300,  665,  372,  763,  203,  677,   29,  205,  436,  769,  147,  805,  351,  449,  146,  323,  648,  383,  616,  551,  246,  362,  662,  712,   70,  685,  185,  330,  456,  391,   90,  770,  585,   52,  753,  556,  348,  632,  552,  638,  412,  254,  351,  273,   81,  204,  305,  484,  842,  711,  895,  743,  650,  561,  713,  663,  197,   27,  756,  262,  242,  517,  539,  269,  307,  381,  743,   57,  466,  231,  535,  350,  740,   68,  247,  720,  158,  622,  309,  571,   98,  522,  669,  807,  545,  580,  260,  257,  479,  432,  539,  501,  200,  432,  741,  579,  417,  148,  553,  614,  247,  450,  671,  532,  265,  504,  536,  712,  663,  521,  294,  593,   99,  706,  527,  218,  823,  528,  864,  142,  177,  637,  646,  949,  632,  372,  848],
        [  522,    0,  881,   51,  570,  403,  783,  397,  719,  460,  655,  420,  637,  218,  932,  746,  693,  508,  914,  825,  643,  446,  829,  923,  786,  723,    0,  286,  528,  454,  488,  755,  306,  883,   64,  360,   76,  522,  565,  739,  734,  295,  400,  605,   91,  836,  480,  793,  837,  633,  638,  816,  543,  967,  487,  866,  675,  717,  917,  594,  745,  653,  343,  812,   48,  343,  755,  275,  282,  457,  542,  422,  116,  911,  696,  374,  463,  799,  529,  589,  471,  498,  265,  222,  167,  315,  411,  503,  214,  545,  723,  453,  984,  704,  744,  274,  983, 1025,  899,  966,  683,  324,  946,  220,  643,   95,  696,  769,  644,  570,  315, 1030,  585,  654,  800,  143,   85,  429,  424,  678,  702,  257,  310,  260,  333,  591,  329,  210,  815,  597,  719,  574,  533,  960,  736,   63,  674,  492,  522,  327,  449,  856,  328,  510,  360,  699,  358,  361,  933,  521,  312,  361,  864,  795,  708,  873,  318,  478,  393,  280],
        [  286,    0,  643,  292,  286,  172,  700,  308,  448,  217,  504,  607,  421,  339,  928,  771,  628,  408,  660,  592,  516,  570,  625,  766,  757,  689,  286,    0,  437,  551,  367,  636,  392,  749,  249,  343,  243,  502,  287,  694,  777,  380,  127,  545,  289,  674,  292,  705,  686,  364,  758,  570,  732,  906,  349,  614,  397,  710,  666,  628,  582,  443,  323,  766,  296,  557,  734,   70,  136,  556,  273,  620,  344,  739,  762,  407,  422,  769,  543,  680,  266,  230,  530,  275,  140,   49,  613,  745,  466,  493,  699,  169,  940,  765,  518,  461,  956,  991,  736,  709,  668,  469,  918,  383,  474,  205,  639,  639,  364,  566,   73,  990,  335,  653,  577,  148,  315,  624,  633,  544,  567,  372,  409,  443,  188,  505,  446,  100,  578,  733,  627,  330,  744,  934,  530,  243,  439,  424,  299,  518,  697,  603,  169,  588,  120,  705,  614,  549,  905,  244,  161,  176,  819,  695,  447,  626,  282,  699,  319,  172],
        [  286,    0,  481,  488,  471,  588,  267,  138,  473,  307,  159,  494,  266,  349,  502,  376,  192,   31,  553,  428,  123,  374,  372,  405,  327,  259,  528,  437,    0,  326,   77,  228,  292,  357,  465,  177,  551,  130,  430,  260,  400,  293,  511,  113,  599,  325,  195,  274,  319,  417,  482,  454,  575,  471,  105,  508,  483,  296,  545,  273,  244,  261,  189,  331,  570,  515,  308,  504,  310,  329,  384,  520,  471,  403,  413,  213,   93,  338,  197,  386,  229,  584,  601,  666,  510,  396,  523,  691,  538,   80,  274,  498,  504,  409,  351,  433,  522,  556,  385,  605,  253,  374,  485,  393,  176,  521,  204,  244,  484,  185,  368,  554,  336,  253,  383,  442,  607,  517,  546,  161,  182,  333,  306,  424,  250,   69,  329,  500,  428,  488,  197,  317,  623,  500,  301,  468,  331,   47,  258,  458,  670,  504,  269,  312,  336,  301,  630,  465,  471,  566,  279,  610,  383,  271,  428,  500,  708,  615,  137,  602],
        [  558,    0,  807,  403,  719,  722,  458,  318,  772,  544,  479,  183,  583,  243,  502,  308,  367,  335,  877,  753,  431,   51,  693,  681,  392,  348,  454,  551,  326,    0,  363,  490,  164,  612,  411,  235,  515,  211,  686,  373,  287,  177,  669,  307,  544,  620,  464,  472,  604,  702,  207,  777,  249,  584,  389,  831,  767,  310,  870,  170,  555,  581,  248,  433,  500,  238,  358,  597,  426,    6,  643,  210,  345,  696,  243,  157,  239,  404,  159,  137,  486,  766,  371,  664,  540,  534,  218,  379,  332,  270,  334,  685,  584,  252,  675,  209,  567,  612,  671,  930,  293,  138,  533,  235,  501,  506,  357,  519,  757,  204,  510,  621,  623,  253,  708,  462,  535,  204,  238,  465,  481,  202,  152,  214,  403,  342,  125,  557,  752,  187,  426,  604,  299,  546,  626,  419,  646,  283,  536,  192,  370,  826,  421,   62,  510,  283,  359,  180,  521,  764,  417,  715,  477,  492,  734,  824,  744,  299,  297,  666],
        [  215,    0,  456,  453,  398,  514,  333,   93,  414,  231,  169,  517,  221,  333,  578,  450,  265,   47,  520,  401,  158,  408,  365,  436,  403,  335,  488,  367,   77,  363,    0,  276,  293,  400,  425,  166,  503,  192,  358,  335,  472,  291,  436,  189,  552,  349,  121,  338,  350,  352,  537,  418,  610,  540,   31,  472,  418,  372,  514,  338,  259,  222,  171,  404,  528,  525,  384,  436,  246,  367,  312,  541,  446,  425,  481,  227,  127,  413,  257,  442,  154,  507,  594,  608,  451,  324,  543,  710,  528,  152,  350,  422,  576,  478,  319,  435,  597,  629,  411,  573,  328,  385,  559,  383,  165,  470,  278,  285,  415,  254,  297,  627,  270,  327,  360,  389,  563,  540,  566,  192,  216,  326,  310,  424,  185,  140,  340,  437,  397,  538,  260,  251,  652,  575,  281,  427,  283,   92,  187,  468,  683,  467,  202,  360,  262,  376,  634,  481,  546,  490,  214,  539,  457,  330,  373,  468,  643,  637,  103,  536],
        [  408,    0,  401,  715,  584,  767,  107,  361,  509,  458,  144,  672,  305,  572,  408,  376,  139,  248,  489,  365,  120,  540,  260,  192,  251,  215,  755,  636,  228,  490,  276,    0,  506,  132,  692,  402,  776,  285,  539,  192,  419,  509,  685,  184,  824,  139,  351,  100,  116,  490,  581,  414,  726,  301,  289,  456,  548,  285,  474,  363,  124,  284,  415,  220,  797,  711,  258,  705,  522,  492,  499,  699,  696,  209,  464,  423,  305,  254,  332,  493,  383,  737,  814,  884,  726,  590,  705,  869,  755,  233,  242,  656,  351,  454,  322,  642,  390,  409,  182,  532,  257,  575,  359,  612,  188,  744,  158,   33,  564,  291,  564,  401,  423,  289,  315,  664,  833,  694,  727,   95,   75,  552,  517,  636,  459,  169,  533,  711,  374,  607,   71,  409,  783,  373,  252,  695,  355,  267,  380,  656,  858,  458,  475,  452,  522,  310,  831,  657,  347,  710,  488,  801,  254,   72,  458,  437,  916,  789,  363,  807],
        [  447,    0,  748,  256,  587,  562,  508,  216,  669,  418,  447,  241,  505,   88,  627,  441,  414,  285,  807,  692,  414,  179,  655,  692,  488,  428,  306,  392,  292,  164,  293,  506,    0,  636,  256,  128,  359,  234,  560,  447,  431,   13,  513,  331,  394,  616,  362,  520,  608,  591,  369,  704,  355,  674,  310,  759,  651,  415,  803,  289,  535,  511,  129,  518,  353,  233,  455,  435,  273,  169,  519,  262,  210,  694,  398,   84,  203,  500,  228,  299,  376,  612,  311,  506,  377,  379,  261,  423,  250,  275,  424,  535,  686,  404,  609,  143,  681,  724,  674,  861,  383,   97,  644,  109,  455,  346,  412,  528,  635,  271,  357,  730,  516,  351,  653,  299,  390,  263,  284,  451,  472,   52,   20,  133,  264,  338,   58,  394,  687,  341,  455,  498,  383,  659,  574,  263,  563,  246,  430,  177,  393,  752,  279,  212,  365,  395,  342,  195,  631,  615,  272,  552,  569,  530,  637,  757,  583,  356,  197,  502],
        [  498,    0,  386,  844,  659,  868,  169,  488,  552,  557,  245,  795,  375,  703,  426,  452,  248,  376,  476,  366,  242,  662,  250,   83,  310,  300,  883,  749,  357,  612,  400,  132,  636,    0,  820,  532,  902,  412,  615,  273,  499,  640,  785,  311,  951,  107,  458,  155,   77,  552,  682,  423,  840,  272,  409,  453,  602,  368,  457,  472,  177,  351,  546,  265,  925,  838,  329,  818,  642,  614,  580,  822,  827,  126,  553,  553,  436,  308,  454,  600,  487,  826,  945, 1005,  847,  701,  829,  990,  886,  363,  326,  749,  331,  541,  353,  771,  383,  388,   94,  508,  353,  704,  361,  743,  279,  869,  262,  115,  625,  410,  677,  374,  498,  390,  324,  788,  961,  816,  850,  209,  185,  683,  647,  766,  579,  300,  662,  829,  381,  714,  188,  487,  900,  372,  288,  823,  409,  397,  473,  784,  982,  459,  594,  570,  632,  398,  959,  783,  353,  795,  608,  907,  275,  126,  502,  430, 1030,  910,  491,  921],
        [  465,    0,  822,   44,  526,  386,  722,  334,  667,  405,  592,  401,  576,  170,  878,  695,  633,  445,  857,  766,  579,  409,  767,  860,  729,  665,   64,  249,  465,  411,  425,  692,  256,  820,    0,  299,  105,  463,  517,  680,  686,  244,  370,  544,  141,  773,  419,  731,  774,  581,  604,  759,  527,  907,  424,  809,  626,  662,  860,  543,  681,  592,  282,  753,  107,  333,  699,  253,  224,  415,  491,  407,  102,  848,  651,  318,  402,  742,  474,  547,  412,  472,  282,  253,  154,  271,  398,  508,  221,  484,  666,  418,  927,  659,  684,  250,  927,  969,  836,  910,  627,  289,  890,  184,  580,   98,  636,  706,  597,  513,  266,  973,  530,  599,  740,  102,  144,  413,  414,  615,  639,  211,  262,  234,  272,  529,  287,  191,  756,  566,  657,  518,  525,  905,  674,   10,  615,  430,  464,  307,  457,  800,  269,  465,  308,  645,  370,  341,  877,  491,  252,  353,  806,  733,  654,  816,  339,  473,  329,  281],
        [  329,    0,  620,  317,  485,  512,  423,   90,  548,  311,  326,  362,  378,  173,  599,  431,  334,  164,  679,  564,  298,  270,  529,  581,  438,  372,  360,  343,  177,  235,  166,  402,  128,  532,  299,    0,  393,  171,  453,  385,  435,  125,  449,  246,  437,  500,  239,  433,  495,  474,  434,  577,  466,  611,  182,  631,  537,  379,  675,  286,  415,  383,   20,  458,  405,  361,  410,  400,  208,  239,  409,  385,  295,  578,  421,   79,  104,  451,  202,  348,  257,  541,  430,  524,  374,  316,  385,  550,  365,  186,  376,  457,  633,  423,  481,  269,  639,  678,  560,  733,  340,  223,  601,  220,  329,  369,  338,  420,  525,  230,  289,  681,  397,  318,  525,  298,  442,  384,  408,  336,  358,  161,  147,  258,  173,  235,  179,  377,  559,  421,  361,  378,  501,  616,  447,  303,  436,  135,  310,  305,  520,  625,  192,  256,  281,  369,  469,  320,  588,  536,  191,  516,  512,  437,  514,  629,  582,  480,   71,  486],
        [  504,    0,  866,  119,  529,  338,  813,  415,  688,  438,  666,  493,  628,  274,  980,  798,  726,  528,  892,  812,  660,  511,  827,  935,  828,  763,   76,  243,  551,  515,  503,  776,  359,  902,  105,  393,    0,  561,  529,  777,  789,  348,  345,  638,   52,  846,  477,  822,  850,  603,  705,  798,  617, 1004,  497,  846,  639,  763,  897,  646,  754,  646,  375,  850,   57,  417,  799,  218,  274,  519,  511,  496,  188,  919,  755,  419,  496,  841,  576,  651,  462,  439,  337,  151,  108,  280,  485,  577,  289,  578,  765,  402, 1025,  763,  733,  345, 1028, 1068,  909,  943,  727,  390,  990,  285,  648,   39,  730,  787,  606,  614,  286, 1072,  563,  700,  791,  121,   73,  503,  499,  694,  718,  315,  366,  330,  332,  617,  390,  153,  800,  666,  746,  554,  608, 1005,  732,   97,  659,  520,  509,  400,  523,  835,  323,  569,  335,  747,  432,  434,  977,  465,  307,  291,  904,  821,  682,  855,  244,  553,  414,  207],
        [  406,    0,  603,  475,  587,  666,  274,  199,  601,  415,  272,  390,  396,  314,  430,  272,  180,  150,  679,  552,  222,  261,  484,  476,  268,  203,  522,  502,  130,  211,  192,  285,  234,  412,  463,  171,  561,    0,  548,  218,  286,  241,  596,  102,  603,  411,  311,  286,  396,  543,  352,  581,  457,  445,  222,  634,  609,  210,  669,  147,  345,  390,  191,  291,  568,  427,  240,  564,  367,  214,  502,  417,  440,  487,  290,  153,   81,  281,   68,  257,  342,  679,  536,  694,  544,  468,  422,  588,  480,   60,  205,  593,  465,  288,  478,  362,  469,  508,  463,  730,  170,  292,  430,  343,  299,  538,  178,  312,  607,   66,  440,  511,  461,  152,  505,  469,  606,  412,  444,  255,  270,  285,  242,  358,  318,  132,  252,  545,  553,  361,  226,  441,  509,  446,  423,  469,  460,  101,  379,  372,  574,  631,  338,  186,  420,  203,  547,  372,  417,  667,  343,  678,  344,  299,  557,  625,  752,  509,  184,  654],
