{
    "name": "random-98-29753",
    "comment": "size=98 seed=29753",
    "nodes": ["+0", "-0", "+1", "-1", "+2", "-2", "+3", "-3", "+4", "-4", "+5", "-5", "+6", "-6", "+7", "-7", "+8", "-8", "+9", "-9", "+10", "-10", "+11", "-11", "+12", "-12", "+13", "-13", "+14", "-14", "+15", "-15", "+16", "-16", "+17", "-17", "+18", "-18", "+19", "-19", "+20", "-20", "+21", "-21", "+22", "-22", "+23", "-23", "+24", "-24", "+25", "-25", "+26", "-26", "+27", "-27", "+28", "-28", "+29", "-29", "+30", "-30", "+31", "-31", "+32", "-32", "+33", "-33", "+34", "-34", "+35", "-35", "+36", "-36", "+37", "-37", "+38", "-38", "+39", "-39", "+40", "-40", "+41", "-41", "+42", "-42", "+43", "-43", "+44", "-44", "+45", "-45", "+46", "-46", "+47", "-47", "+48", "-48", "+49", "-49", "+50", "-50", "+51", "-51", "+52", "-52", "+53", "-53", "+54", "-54", "+55", "-55", "+56", "-56", "+57", "-57", "+58", "-58", "+59", "-59", "+60", "-60", "+61", "-61", "+62", "-62", "+63", "-63", "+64", "-64", "+65", "-65", "+66", "-66", "+67", "-67", "+68", "-68", "+69", "-69", "+70", "-70", "+71", "-71", "+72", "-72", "+73", "-73", "+74", "-74", "+75", "-75", "+76", "-76", "+77", "-77", "+78", "-78", "+79", "-79", "+80", "-80", "+81", "-81", "+82", "-82", "+83", "-83", "+84", "-84", "+85", "-85", "+86", "-86", "+87", "-87", "+88", "-88", "+89", "-89", "+90", "-90", "+91", "-91", "+92", "-92", "+93", "-93", "+94", "-94", "+95", "-95", "+96", "-96", "+97", "-97", "+98", "-98"],
    "precedence": {
        "+0": "-0",
        "+1": "-1",
        "+2": "-2",
        "+3": "-3",
        "+4": "-4",
        "+5": "-5",
        "+6": "-6",
        "+7": "-7",
        "+8": "-8",
        "+9": "-9",
        "+10": "-10",
        "+11": "-11",
        "+12": "-12",
        "+13": "-13",
        "+14": "-14",
        "+15": "-15",
        "+16": "-16",
        "+17": "-17",
        "+18": "-18",
        "+19": "-19",
        "+20": "-20",
        "+21": "-21",
        "+22": "-22",
        "+23": "-23",
        "+24": "-24",
        "+25": "-25",
        "+26": "-26",
        "+27": "-27",
        "+28": "-28",
        "+29": "-29",
        "+30": "-30",
        "+31": "-31",
        "+32": "-32",
        "+33": "-33",
        "+34": "-34",
        "+35": "-35",
        "+36": "-36",
        "+37": "-37",
        "+38": "-38",
        "+39": "-39",
        "+40": "-40",
        "+41": "-41",
        "+42": "-42",
        "+43": "-43",
        "+44": "-44",
        "+45": "-45",
        "+46": "-46",
        "+47": "-47",
        "+48": "-48",
        "+49": "-49",
        "+50": "-50",
        "+51": "-51",
        "+52": "-52",
        "+53": "-53",
        "+54": "-54",
        "+55": "-55",
        "+56": "-56",
        "+57": "-57",
        "+58": "-58",
        "+59": "-59",
        "+60": "-60",
        "+61": "-61",
        "+62": "-62",
        "+63": "-63",
        "+64": "-64",
        "+65": "-65",
        "+66": "-66",
        "+67": "-67",
        "+68": "-68",
        "+69": "-69",
        "+70": "-70",
        "+71": "-71",
        "+72": "-72",
        "+73": "-73",
        "+74": "-74",
        "+75": "-75",
        "+76": "-76",
        "+77": "-77",
        "+78": "-78",
        "+79": "-79",
        "+80": "-80",
        "+81": "-81",
        "+82": "-82",
        "+83": "-83",
        "+84": "-84",
        "+85": "-85",
        "+86": "-86",
        "+87": "-87",
        "+88": "-88",
        "+89": "-89",
        "+90": "-90",
        "+91": "-91",
        "+92": "-92",
        "+93": "-93",
        "+94": "-94",
        "+95": "-95",
        "+96": "-96",
        "+97": "-97",
        "+98": "-98"
    },
    "edges": [
        [    0,    0,  529,  782,  373,  681,  278,  771,  265,  515,  688,  498,  291,  579,  284,  175,  312,  101,  454,  224,  522,  646,  621,  600,  683,  460,  877,  454,  885,  583,  772,  164,  481,  196,  761,  914,  741,  320,  677,  278,  738,  420,  418,  920,  292,  279,   36,  613,  260,  883,  429,  765,  457,  270,  769,  423,  270,  692,  212,  583,  777,  685,  227,  119,  683,  810,  376,  719,  340,  749,  701,  236,  861,  770,  951,  241,  748,   16,  816,  827,   31,  499,  531,  268,  261,  615,  434,  766,  413,  303,  104,  774,  392,  238,  183,  246,  714,  252,  280,  834,  803,  219,  495,  273,  649,  669,  322,  573,  563,  914,  924,  332,  366,  234,  269,  670,   88,  822,  298,  853,  517,  991,  645,  444,  643,  239,  144,  556,  288,  490,  715,  141,  199,  456,  636,  706,  644,  495,  486, 1005,  583,   65,  577,  819,   65,  453,  337,  364,  346,  235,  422,  758,  791,  345,  503,  158,  703,  437,  676,  952,  796,  182,  342,  844,  205,  323,  992,   87,  354,  351,  758,  356,   97,  405,  737,  327,   28,  740,  453,  721,  573,  820,  282,  193,  245,  418,  646,  532,  685,  686,  365,  670,  613,  243,  412,  639,  399,  486],
        [    0,    0,    0,    0,    0,    0,    0,    0,    0,    0,    0,    0,    0,    0,    0,    0,    0,    0,    0,    0,    0,    0,    0,    0,    0,    0,    0,    0,    0,    0,    0,    0,    0,    0,    0,    0,    0,    0,    0,    0,    0,    0,    0,    0,    0,    0,    0,    0,    0,    0,    0,    0,    0,    0,    0,    0,    0,    0,    0,    0,    0,    0,    0,    0,    0,    0,    0,    0,    0,    0,    0,    0,    0,    0,    0,    0,    0,    0,    0,    0,    0,    0,    0,    0,    0,    0,    0,    0,    0,    0,    0,    0,    0,    0,    0,    0,    0,    0,    0,    0,    0,    0,    0,    0,    0,    0,    0,    0,    0,    0,    0,    0,    0,    0,    0,    0,    0,    0,    0,    0,    0,    0,    0,    0,    0,    0,    0,    0,    0,    0,    0,    0,    0,    0,    0,    0,    0,    0,    0,    0,    0,    0,    0,    0,    0,    0,    0,    0,    0,    0,    0,    0,    0,    0,    0,    0,    0,    0,    0,    0,    0,    0,    0,    0,    0,    0,    0,    0,    0,    0,    0,    0,    0,    0,    0,    0,    0,    0,    0,    0,    0,    0,    0,    0,    0,    0,    0,    0,    0,    0,    0,    0,    0,    0,    0,    0,    0,    0],
        [  529,    0,    0,  315,  274,  690,  253,  305,  570,  608,  172,  207,  296,  341,  328,  702,  239,  441,  397,  728,   11,  140,  109,  106,  291,  266,  507,  669,  654,  753,  691,  509,  244,  715,  255,  671,  420,  523,  739,  556,  324,  662,  405,  573,  487,  251,  554,  232,  612,  651,  484,  459,  298,  724,  329,  687,  753,  177,  329,  860,  387,  157,  687,  564,  339,  371,  457,  198,  201,  521,  241,  353,  519,  477,  632,  627,  295,  529,  366,  516,  538,  328,  712,  723,  270,  246,  805,  245,  262,  656,  468,  264,  369,  342,  404,  387,  609,  682,  255,  420,  310,  730,  196,  256,  253,  202,  209,  903,  253,  669,  669,  643,  541,  472,  489,  166,  469,  405,  408,  639,  839,  692,  590,  476,  691,  371,  414,  421,  752,   90,  312,  432,  714,  278,  906,  214,  944,  346,  727,  723,  841,  547,   68,  623,  579,  319,  317,  378,  354,  326,  504,  544,  303,  215,  575,  416,  224,  583,  507,  637,  469,  685,  576,  573,  648,  492,  715,  610,  539,  498,  262,  259,  435,  183,  267,  663,  532,  292,  140,  458,  607,  459,  682,  621,  740,  760,  876,  174,  208,  438,  260,  303,  540,  714,  296,  170,  158,  652],
        [  782,    0,  315,    0,  427,  644,  529,   12,  875,  641,  304,  293,  601,  301,  516,  956,  539,  683,  452,  945,  325,  327,  313,  210,  513,  575,  234,  750,  452,  786,  584,  802,  323,  978,  100,  456,  230,  834,  712,  862,  515,  759,  718,  303,  631,  520,  799,  181,  913,  449,  553,  261,  374,  913,   52,  789,  954,  309,  613,  931,  138,  233,  884,  780,  189,  518,  557,  164,  499,  366,  423,  652,  265,  284,  372,  803,  457,  778,   56,  290,  782,  632,  762, 1011,  533,  502,  936,  296,  576,  809,  746,  342,  683,  640,  696,  691,  513,  974,  508,  130,  401,  952,  293,  532,  489,  118,  492,  997,  535,  454,  446,  780,  648,  645,  643,  154,  743,  118,  719,  453,  939,  435,  536,  535,  669,  567,  645,  400, 1039,  304,  517,  716,  940,  363,  965,  367, 1014,  378,  806,  473,  904,  816,  247,  456,  819,  391,  475,  692,  491,  550,  578,  390,  409,  520,  609,  638,  391,  657,  407,  379,  246,  905,  698,  362,  844,  804,  470,  868,  652,  811,  373,  571,  687,  378,   49,  806,  777,   50,  331,  303,  605,  209,  851,  816, 1016,  885,  918,  252,  108,  309,  428,  538,  495,  913,  408,  385,  388,  711],
        [  373,    0,  274,  427,    0,  456,  201,  416,  539,  344,  441,  135,  316,  212,   92,  540,  261,  272,  150,  518,  275,  414,  381,  288,  547,  420,  505,  396,  543,  484,  494,  441,  110,  568,  430,  569,  370,  534,  491,  535,  588,  389,  501,  550,  221,  185,  383,  249,  563,  540,  216,  397,   92,  489,  405,  415,  528,  447,  267,  586,  406,  404,  458,  354,  310,  642,  184,  410,  238,  400,  513,  333,  491,  405,  587,  382,  566,  366,  453,  461,  367,  489,  441,  628,  181,  489,  540,  507,  386,  397,  367,  533,  458,  321,  350,  379,  418,  599,  152,  463,  582,  526,  136,  201,  508,  325,  200,  631,  470,  568,  575,  378,  268,  221,  228,  349,  357,  452,  433,  516,  567,  632,  372,  212,  444,  142,  230,  224,  652,  191,  573,  350,  514,   85,  632,  488,  670,  143,  453,  651,  567,  419,  283,  486,  400,   97,   50,  448,   81,  142,  234,  415,  576,  271,  313,  219,  498,  311,  344,  588,  427,  479,  305,  488,  418,  513,  639,  459,  266,  532,  534,  337,  283,   92,  387,  401,  363,  380,  138,  360,  358,  447,  433,  390,  617,  493,  604,  179,  344,  326,   21,  551,  325,  487,   50,  440,  126,  380],
        [  681,    0,  690,  644,  456,    0,  646,  637,  925,  169,  826,  484,  759,  368,  481,  786,  711,  610,  307,  678,  695,  815,  783,  647,  980,  875,  526,  283,  349,  210,  132,  817,  447,  828,  711,  378,  427,  948,   75,  929, 1013,  319,  948,  513,  391,  629,  667,  514,  933,  348,  266,  410,  396,  590,  594,  340,  644,  833,  690,  372,  525,  766,  592,  586,  456, 1053,  319,  734,  692,  306,  926,  760,  481,  392,  491,  502,  978,  667,  626,  428,  657,  944,  228,  942,  619,  929,  483,  869,  841,  456,  735,  908,  906,  749,  756,  803,  147,  932,  595,  575,  967,  696,  495,  644,  942,  615,  653,  459,  919,  379,  397,  409,  318,  449,  413,  675,  718,  575,  863,  315,  425,  490,  109,  258,   55,  491,  573,  272,  957,  601, 1002,  738,  699,  416,  383,  887,  439,  345,  304,  477,  340,  745,  666,  278,  663,  377,  442,  892,  404,  543,  264,  289,  966,  724,  178,  551,  903,  251,  239,  486,  442,  662,  353,  382,  568,  934,  462,  744,  329,  957,  923,  789,  634,  534,  633,  434,  657,  599,  558,  352,  110,  493,  511,  552,  899,  437,  320,  524,  633,  337,  476,  989,  156,  614,  413,  857,  573,  228],
        [  278,    0,  253,  529,  201,  646,    0,  518,  357,  512,  412,  276,  115,  399,  169,  450,   69,  196,  346,  484,  246,  371,  345,  332,  436,  250,  666,  524,  737,  635,  694,  274,  278,  463,  494,  762,  543,  339,  672,  349,  487,  504,  303,  720,  319,   18,  304,  379,  390,  735,  387,  575,  288,  495,  525,  523,  516,  416,   85,  702,  553,  409,  455,  327,  470,  554,  339,  446,   73,  594,  436,  138,  660,  586,  765,  413,  486,  278,  570,  639,  289,  313,  586,  483,   32,  369,  608,  490,  207,  454,  220,  499,  261,  125,  170,  182,  618,  446,   52,  602,  532,  485,  269,    5,  398,  412,   45,  726,  329,  761,  767,  456,  395,  280,  310,  401,  219,  589,  233,  712,  662,  816,  569,  390,  626,  182,  178,  425,  511,  226,  467,  188,  467,  276,  754,  434,  781,  343,  576,  838,  691,  296,  305,  684,  331,  297,  205,  249,  243,  120,  397,  611,  521,   94,  486,  189,  434,  458,  543,  768,  599,  441,  410,  675,  418,  316,  827,  358,  388,  333,  486,  148,  186,  170,  481,  469,  282,  492,  203,  547,  541,  610,  467,  393,  493,  571,  739,  293,  425,  515,  183,  430,  524,  479,  251,  370,  145,  527],
        [  771,    0,  305,   12,  416,  637,  518,    0,  864,  632,  299,  282,  590,  292,  505,  945,  528,  672,  442,  934,  316,  321,  306,  200,  508,  566,  236,  741,  451,  777,  579,  791,  312,  966,   98,  456,  226,  824,  705,  852,  511,  749,  709,  306,  620,  509,  788,  170,  902,  448,  543,  258,  363,  902,   49,  779,  943,  304,  602,  922,  136,  227,  873,  769,  181,  516,  547,  160,  488,  361,  419,  641,  266,  281,  374,  792,  454,  767,   63,  290,  771,  623,  753, 1000,  522,  496,  926,  294,  567,  798,  735,  340,  674,  629,  685,  680,  508,  963,  497,  133,  399,  941,  282,  521,  483,  108,  481,  987,  528,  454,  446,  770,  638,  634,  633,  146,  732,  120,  709,  451,  929,  437,  529,  526,  661,  556,  634,  392, 1028,  293,  513,  705,  929,  352,  956,  363, 1005,  368,  796,  475,  895,  805,  237,  453,  808,  380,  464,  683,  480,  538,  568,  386,  407,  510,  600,  627,  387,  647,  401,  381,  245,  894,  688,  361,  833,  794,  472,  857,  641,  801,  371,  562,  676,  367,   39,  796,  766,   41,  320,  298,  597,  209,  840,  805, 1005,  874,  909,  241,   98,  303,  417,  533,  487,  902,  397,  379,  377,  702],
        [  265,    0,  570,  875,  539,  925,  357,  864,    0,  765,  688,  632,  276,  748,  469,  305,  337,  316,  661,  437,  561,  643,  629,  668,  603,  377, 1023,  716, 1081,  845, 1002,  109,  631,  281,  825, 1107,  898,   90,  929,   25,  657,  683,  257, 1076,  538,  370,  294,  735,   49, 1078,  662,  929,  630,  513,  876,  687,  496,  690,  276,  846,  909,  713,  474,  383,  827,  732,  608,  766,  377,  939,  655,  224, 1017,  939, 1120,  505,  689,  280,  920,  993,  295,  377,  792,  192,  365,  543,  691,  765,  344,  566,  191,  756,  258,  237,  190,  185,  935,  145,  395,  957,  766,  423,  625,  356,  580,  757,  387,  831,  481, 1106, 1114,  596,  618,  479,  517,  734,  207,  944,  172, 1052,  777, 1168,  873,  674,  891,  442,  353,  755,  221,  573,  633,  192,  402,  621,  899,  680,  905,  680,  750, 1189,  847,  205,  635, 1021,  314,  634,  521,  232,  546,  404,  661,  952,  750,  357,  748,  375,  669,  689,  877, 1122,  955,  406,  601, 1025,  461,  116, 1177,  252,  607,  136,  729,  318,  292,  527,  827,  591,  292,  842,  558,  897,  815,  966,  541,  454,  250,  679,  910,  649,  768,  864,  524,  580,  835,  481,  587,  613,  501,  744],
        [  515,    0,  608,  641,  344,  169,  512,  632,  765,    0,  763,  415,  621,  341,  344,  618,  581,  449,  213,  513,  611,  743,  711,  590,  890,  755,  584,  136,  464,  149,  282,  656,  374,  659,  689,  496,  458,  793,  166,  771,  929,  165,  810,  590,  227,  496,  499,  480,  770,  463,  129,  455,  313,  428,  598,  192,  482,  770,  545,  292,  546,  712,  426,  417,  458,  978,  174,  695,  568,  374,  849,  615,  545,  444,  586,  334,  902,  501,  638,  494,  490,  822,  122,  774,  483,  832,  347,  818,  716,  292,  575,  851,  769,  605,  603,  655,  253,  765,  463,  605,  906,  530,  423,  510,  850,  583,  528,  366,  812,  496,  512,  246,  150,  286,  248,  632,  558,  600,  717,  429,  315,  601,  176,  133,  128,  343,  415,  241,  788,  519,  915,  581,  532,  333,  325,  818,  374,  278,  179,  598,  264,  579,  599,  389,  495,  292,  316,  753,  275,  400,  116,  367,  903,  599,   34,  393,  831,   82,  288,  583,  492,  495,  185,  469,  400,  782,  582,  576,  162,  806,  860,  660,  474,  433,  619,  273,  491,  592,  469,  393,   72,  538,  348,  383,  730,  296,  280,  462,  603,  365,  363,  894,  180,  449,  313,  777,  469,   81],
        [  688,    0,  172,  304,  441,  826,  412,  299,  688,  763,    0,  350,  426,  461,  499,  857,  382,  605,  550,  894,  175,   46,   67,  180,  210,  327,  534,  834,  727,  911,  807,  645,  390,  866,  208,  738,  488,  625,  882,  670,  214,  829,  476,  603,  658,  413,  715,  322,  733,  724,  643,  526,  450,  895,  341,  855,  921,    7,  480, 1025,  422,   74,  856,  732,  415,  233,  621,  140,  349,  612,  120,  488,  559,  548,  670,  799,  162,  689,  359,  573,  700,  366,  872,  858,  433,  208,  976,   80,  348,  827,  617,   93,  450,  479,  544,  513,  727,  814,  422,  432,  144,  895,  340,  416,  189,  238,  367, 1071,  255,  736,  732,  814,  708,  643,  660,  171,  621,  418,  517,  720, 1008,  733,  721,  633,  834,  542,  581,  555,  888,  251,  215,  578,  878,  431, 1070,   67, 1109,  490,  892,  769, 1005,  699,  165,  712,  742,  471,  486,  469,  522,  496,  665,  636,  141,  352,  730,  585,   90,  746,  619,  676,  525,  850,  745,  639,  818,  593,  765,  765,  707,  591,   97,  372,  597,  352,  269,  834,  693,  309,  303,  545,  754,  499,  853,  791,  884,  930, 1037,  304,  228,  534,  428,  236,  672,  883,  457,   91,  329,  813],
        [  498,    0,  207,  293,  135,  484,  276,  282,  632,  415,  350,    0,  377,  143,  224,  669,  313,  398,  202,  652,  213,  333,  301,  176,  498,  430,  392,  496,  477,  563,  486,  543,   42,  694,  301,  499,  268,  612,  536,  624,  529,  496,  542,  445,  346,  262,  511,  116,  663,  475,  299,  302,  103,  622,  272,  524,  662,  356,  357,  685,  283,  298,  592,  488,  195,  571,  286,  290,  278,  337,  443,  412,  385,  315,  491,  513,  495,  492,  320,  365,  495,  499,  527,  743,  269,  450,  661,  404,  408,  524,  477,  437,  500,  399,  443,  456,  405,  710,  240,  337,  493,  660,   12,  277,  460,  194,  252,  739,  448,  498,  501,  500,  378,  354,  356,  227,  470,  325,  501,  457,  678,  543,  383,  287,  487,  275,  357,  214,  769,  120,  519,  453,  648,   85,  727,  407,  770,  142,  554,  568,  663,  539,  186,  435,  530,  124,  183,  498,  203,  263,  322,  357,  490,  309,  381,  349,  422,  404,  308,  494,  324,  613,  422,  407,  552,  586,  558,  585,  379,  600,  447,  375,  405,  106,  253,  525,  490,  246,   89,  281,  405,  335,  563,  524,  739,  611,  690,   51,  213,  253,  136,  509,  333,  621,  122,  373,  136,  468],
        [  291,    0,  296,  601,  316,  759,  115,  590,  276,  621,  426,  377,    0,  508,  280,  445,   65,  243,  461,  513,  286,  381,  363,  393,  393,  172,  760,  621,  847,  738,  808,  220,  385,  448,  550,  871,  644,  238,  783,  262,  448,  598,  190,  818,  417,  132,  324,  470,  316,  844,  498,  678,  401,  545,  604,  614,  555,  429,   91,  792,  643,  442,  502,  374,  568,  521,  448,  493,  104,  704,  418,   63,  759,  690,  867,  479,  461,  297,  647,  741,  312,  222,  687,  433,  141,  325,  680,  505,  125,  529,  200,  504,  148,   56,  121,   91,  733,  390,  166,  688,  524,  509,  368,  117,  360,  483,  125,  807,  272,  870,  874,  538,  496,  370,  404,  459,  209,  674,  125,  823,  744,  919,  684,  503,  738,  282,  245,  539,  463,  301,  425,  159,  489,  387,  845,  431,  867,  456,  670,  944,  783,  284,  360,  796,  353,  411,  319,  134,  356,  222,  507,  721,  511,   82,  596,  263,  424,  563,  656,  870,  699,  470,  504,  782,  470,  211,  933,  354,  488,  224,  482,   66,  222,  274,  552,  547,  305,  570,  294,  654,  654,  705,  532,  449,  460,  649,  836,  385,  494,  624,  297,  380,  639,  523,  365,  363,  241,  630],
        [  579,    0,  341,  301,  212,  368,  399,  292,  748,  341,  461,  143,  508,    0,  296,  739,  446,  479,  161,  695,  348,  454,  423,  282,  630,  572,  304,  451,  340,  487,  351,  652,  123,  770,  351,  364,  164,  738,  429,  743,  657,  462,  680,  342,  358,  384,  584,  147,  774,  337,  256,  187,  122,  646,  260,  492,  692,  468,  474,  630,  225,  398,  623,  541,  126,  691,  271,  368,  413,  197,  566,  536,  283,  193,  375,  533,  617,  570,  303,  250,  569,  641,  462,  838,  385,  587,  644,  502,  549,  528,  578,  541,  638,  523,  559,  581,  269,  810,  355,  286,  600,  706,  153,  399,  593,  250,  383,  697,  589,  363,  368,  494,  357,  387,  375,  307,  568,  278,  630,  317,  640,  421,  261,  238,  382,  341,  436,  102,  862,  260,  648,  561,  698,  128,  665,  524,  713,   92,  506,  441,  603,  628,  305,  293,  597,  127,  242,  634,  238,  353,  281,  216,  600,  445,  309,  421,  542,  358,  167,  377,  219,  660,  410,  278,  584,  714,  430,  663,  363,  730,  557,  513,  492,  235,  279,  522,  565,  252,  231,  149,  310,  247,  576,  557,  823,  591,  619,  168,  268,  117,  226,  643,  213,  651,  168,  501,  272,  410],
        [  284,    0,  328,  516,   92,  481,  169,  505,  469,  344,  499,  224,  280,  296,    0,  450,  238,  184,  193,  430,  326,  466,  435,  362,  576,  415,  594,  363,  616,  469,  540,  366,  201,  477,  513,  643,  458,  476,  504,  468,  622,  348,  469,  637,  165,  153,  292,  339,  489,  613,  219,  483,  174,  407,  496,  370,  443,  504,  211,  548,  497,  471,  373,  265,  400,  682,  170,  486,  228,  475,  555,  281,  578,  488,  670,  304,  608,  276,  543,  545,  276,  480,  420,  543,  140,  512,  478,  570,  374,  329,  288,  591,  427,  270,  285,  325,  469,  517,  120,  554,  636,  437,  224,  167,  536,  411,  188,  582,  483,  642,  651,  317,  232,  145,  163,  428,  276,  543,  384,  586,  518,  713,  412,  224,  459,   52,  140,  287,  566,  256,  604,  277,  425,  173,  597,  538,  629,  216,  417,  730,  533,  333,  351,  554,  309,  172,   55,  413,   80,   66,  229,  487,  628,  258,  317,  128,  545,  291,  410,  672,  513,  390,  256,  567,  333,  458,  717,  369,  227,  480,  588,  317,  197,  153,  474,  336,  272,  470,  206,  441,  375,  537,  357,  305,  528,  434,  578,  266,  429,  406,   89,  575,  370,  402,  129,  483,  171,  360],
        [  175,    0,  702,  956,  540,  786,  450,  945,  305,  618,  857,  669,  445,  739,  450,    0,  477,  273,  603,  149,  695,  814,  791,  775,  834,  605, 1041,  524, 1029,  649,  892,  252,  650,   44,  936, 1059,  903,  388,  768,  327,  890,  487,  530, 1080,  415,  452,  158,  785,  273, 1027,  557,  925,  620,  244,  941,  478,  210,  861,  378,  603,  946,  858,  217,  209,  849,  963,  510,  893,  509,  898,  862,  384, 1022,  927, 1107,  290,  906,  178,  988,  985,  174,  632,  600,  185,  434,  767,  429,  936,  560,  347,  245,  941,  514,  389,  326,  378,  843,  202,  454, 1003,  967,  131,  667,  446,  803,  843,  494,  568,  711, 1058, 1070,  390,  473,  366,  393,  844,  238,  991,  414,  995,  524, 1143,  769,  575,  741,  401,  312,  705,  187,  664,  866,  286,  114,  621,  653,  871,  647,  652,  539, 1154,  613,  162,  751,  959,  143,  613,  500,  485,  503,  407,  545,  905,  953,  509,  614,  322,  866,  536,  820, 1107,  957,  137,  434,  996,  226,  405, 1140,   93,  461,  430,  923,  509,  271,  579,  911,  372,  179,  912,  627,  877,  684,  984,  301,  237,  119,  434,  680,  705,  859,  841,  535,  818,  745,  210,  576,  804,  573,  570],
        [  312,    0,  239,  539,  261,  711,   69,  528,  337,  581,  382,  313,   65,  446,  238,  477,    0,  245,  408,  529,  230,  338,  317,  333,  379,  182,  696,  593,  785,  704,  754,  271,  323,  485,  491,  809,  580,  303,  739,  324,  432,  573,  241,  753,  388,   85,  343,  405,  375,  783,  454,  614,  342,  549,  541,  591,  566,  385,  101,  770,  579,  390,  508,  379,  503,  502,  407,  437,   40,  643,  389,  115,  695,  627,  802,  473,  437,  316,  584,  677,  329,  244,  655,  485,  100,  311,  671,  461,  138,  518,  236,  464,  198,  104,  166,  152,  677,  444,  118,  624,  491,  527,  304,   73,  342,  421,   63,  792,  266,  807,  812,  521,  464,  347,  378,  400,  240,  610,  189,  762,  728,  856,  632,  457,  693,  251,  236,  481,  514,  238,  410,  197,  508,  328,  822,  394,  848,  398,  644,  880,  759,  318,  300,  736,  371,  353,  270,  190,  309,  189,  465,  660,  479,   33,  554,  250,  391,  527,  597,  806,  635,  486,  478,  719,  473,  275,  870,  385,  457,  288,  447,   80,  229,  211,  490,  533,  322,  506,  230,  591,  608,  641,  527,  449,  505,  636,  808,  320,  432,  561,  241,  370,  585,  531,  309,  328,  177,  596],
        [  101,    0,  441,  683,  272,  610,  196,  672,  316,  449,  605,  398,  243,  479,  184,  273,  245,    0,  362,  289,  435,  565,  539,  506,  623,  413,  777,  411,  792,  538,  691,  208,  381,  297,  666,  820,  641,  349,  615,  322,  676,  382,  405,  820,  223,  193,  116,  513,  325,  790,  349,  666,  358,  305,  669,  392,  322,  610,  153,  565,  677,  597,  263,  134,  582,  746,  295,  627,  265,  654,  630,  203,  761,  671,  853,  238,  679,   95,  716,  728,  100,  463,  485,  361,  173,  555,  440,  683,  366,  292,  126,  694,  371,  199,  169,  230,  628,  338,  187,  733,  727,  290,  395,  191,  587,  571,  239,  571,  508,  820,  829,  308,  304,  165,  203,  575,  109,  721,  291,  761,  510,  894,  563,  362,  576,  141,   44,  462,  384,  395,  655,  137,  273,  356,  618,  629,  635,  397,  452,  910,  560,  150,  485,  727,  140,  354,  238,  346,  250,  135,  347,  664,  716,  277,  433,   63,  629,  376,  583,  854,  697,  246,  293,  748,  229,  342,  897,  188,  293,  368,  681,  305,   27,  306,  639,  312,   95,  640,  356,  623,  500,  719,  290,  207,  345,  412,  618,  433,  588,  588,  265,  614,  528,  287,  313,  565,  303,  434],
        [  454,    0,  397,  452,  150,  307,  346,  442,  661,  213,  550,  202,  461,  161,  193,  603,  408,  362,    0,  544,  400,  531,  498,  378,  683,  569,  456,  301,  431,  361,  349,  557,  161,  637,  487,  460,  316,  668,  347,  661,  720,  307,  648,  485,  202,  329,  453,  279,  679,  429,  102,  331,  101,  488,  416,  337,  536,  557,  402,  488,  385,  500,  468,  397,  286,  767,  111,  487,  387,  297,  637,  471,  429,  330,  506,  376,  691,  443,  460,  387,  439,  638,  326,  721,  322,  628,  486,  606,  535,  368,  477,  639,  605,  459,  478,  515,  276,  700,  295,  446,  693,  556,  211,  344,  644,  379,  349,  547,  614,  460,  470,  334,  198,  239,  221,  424,  463,  438,  573,  400,  488,  541,  224,   86,  298,  223,  318,  103,  742,  308,  707,  469,  550,  120,  528,  605,  572,   75,  358,  552,  464,  511,  386,  366,  462,   80,  144,  594,  115,  258,  126,  304,  690,  420,  180,  300,  619,  208,  222,  506,  366,  511,  250,  394,  430,  650,  539,  534,  203,  670,  647,  486,  380,  229,  423,  362,  437,  402,  259,  278,  213,  401,  417,  404,  697,  433,  489,  250,  399,  242,  170,  690,  179,  496,  107,  566,  268,  269],
        [  224,    0,  728,  945,  518,  678,  484,  934,  437,  513,  894,  652,  513,  695,  430,  149,  529,  289,  544,    0,  723,  854,  827,  784,  904,  683,  997,  403,  952,  521,  794,  362,  625,  191,  940,  983,  857,  513,  650,  457,  959,  365,  635, 1028,  343,  481,  190,  766,  411,  951,  478,  874,  584,  100,  922,  351,   62,  898,  431,  459,  913,  882,   87,  167,  814, 1030,  439,  907,  553,  831,  917,  459,  972,  873, 1046,  180,  966,  216,  970,  930,  202,  722,  475,  333,  461,  836,  282,  971,  636,  224,  324,  983,  611,  460,  406,  467,  754,  350,  473,  973, 1016,   20,  653,  480,  869,  840,  528,  421,  785,  983,  996,  270,  380,  309,  323,  852,  310,  963,  515,  918,  379, 1076,  677,  498,  629,  379,  315,  642,  333,  674,  936,  363,   36,  590,  508,  918,  499,  604,  408, 1082,  472,  252,  767,  879,  160,  572,  472,  583,  462,  407,  461,  834, 1005,  561,  515,  314,  917,  433,  748, 1046,  908,   44,  332,  931,  116,  524, 1067,  187,  369,  551,  970,  578,  301,  577,  903,  247,  209,  898,  630,  820,  582,  941,  171,  140,  264,  292,  538,  695,  858,  785,  518,  892,  660,   68,  543,  853,  582,  453],
        [  522,    0,   11,  325,  275,  695,  246,  316,  561,  611,  175,  213,  286,  348,  326,  695,  230,  435,  400,  723,    0,  141,  110,  117,  286,  255,  518,  670,  663,  755,  697,  500,  249,  707,  265,  680,  429,  513,  744,  546,  320,  662,  394,  583,  487,  245,  547,  241,  602,  660,  486,  468,  302,  721,  339,  687,  748,  180,  321,  860,  397,  164,  683,  559,  349,  369,  458,  207,  192,  530,  239,  344,  529,  486,  642,  625,  293,  522,  376,  526,  532,  318,  714,  715,  264,  239,  803,  249,  252,  653,  460,  267,  358,  333,  395,  377,  616,  673,  250,  430,  311,  725,  202,  250,  248,  213,  202,  902,  244,  678,  678,  642,  542,  470,  488,  176,  462,  416,  398,  648,  838,  701,  595,  478,  695,  368,  409,  427,  744,   94,  308,  424,  708,  282,  907,  214,  944,  351,  727,  733,  842,  539,   79,  631,  573,  323,  317,  368,  355,  322,  506,  552,  303,  205,  578,  412,  223,  585,  515,  647,  479,  679,  576,  582,  644,  482,  725,  602,  539,  487,  263,  249,  429,  184,  278,  661,  526,  303,  142,  467,  611,  469,  679,  617,  732,  759,  877,  182,  218,  446,  260,  296,  545,  710,  299,  167,  156,  653],
        [  646,    0,  140,  327,  414,  815,  371,  321,  643,  743,   46,  333,  381,  454,  466,  814,  338,  565,  531,  854,  141,    0,   33,  174,  191,  283,  552,  809,  736,  890,  802,  600,  373,  823,  237,  748,  496,  581,  868,  624,  206,  802,  433,  621,  627,  373,  674,  321,  688,  733,  621,  535,  431,  857,  360,  827,  883,   48,  437,  999,  437,   96,  818,  693,  419,  239,  596,  166,  307,  614,  113,  443,  574,  556,  687,  763,  164,  648,  383,  584,  659,  325,  850,  813,  393,  176,  944,  124,  303,  794,  573,  129,  406,  435,  500,  468,  722,  769,  384,  453,  170,  855,  323,  375,  163,  247,  327, 1043,  217,  746,  743,  782,  681,  610,  628,  183,  578,  439,  472,  726,  979,  749,  711,  612,  820,  508,  543,  543,  843,  226,  202,  534,  837,  411, 1045,   75, 1083,  474,  866,  784,  980,  655,  150,  716,  701,  452,  457,  424,  494,  459,  642,  638,  163,  308,  710,  548,   89,  722,  615,  693,  536,  811,  716,  649,  780,  548,  779,  722,  679,  547,  122,  327,  556,  323,  288,  802,  652,  326,  278,  548,  738,  514,  818,  754,  840,  899, 1014,  291,  240,  534,  400,  213,  662,  845,  434,   59,  297,  790],
        [  621,    0,  109,  313,  381,  783,  345,  306,  629,  711,   67,  301,  363,  423,  435,  791,  317,  539,  498,  827,  110,   33,    0,  146,  215,  279,  534,  776,  711,  857,  773,  582,  340,  801,  228,  724,  471,  570,  836,  611,  234,  770,  428,  602,  595,  347,  648,  293,  674,  708,  588,  510,  399,  829,  343,  795,  855,   72,  414,  967,  417,   91,  790,  665,  394,  271,  563,  158,  283,  587,  144,  424,  554,  531,  667,  734,  195,  623,  369,  561,  633,  326,  817,  796,  366,  191,  913,  146,  294,  763,  552,  158,  399,  415,  480,  451,  692,  752,  356,  436,  202,  828,  291,  349,  183,  225,  301, 1011,  223,  722,  719,  751,  649,  579,  597,  164,  555,  422,  460,  700,  947,  729,  680,  579,  788,  477,  515,  512,  825,  193,  228,  513,  811,  379, 1012,  108, 1051,  442,  834,  763,  947,  633,  119,  689,  675,  419,  425,  416,  462,  430,  609,  611,  195,  287,  678,  519,  121,  689,  586,  673,  513,  784,  684,  625,  751,  538,  758,  699,  647,  538,  154,  312,  530,  291,  272,  771,  627,  308,  245,  521,  706,  493,  788,  725,  820,  868,  981,  260,  220,  506,  368,  234,  630,  817,  401,   81,  265,  757],
        [  600,    0,  106,  210,  288,  647,  332,  200,  668,  590,  180,  176,  393,  282,  362,  775,  333,  506,  378,  784,  117,  174,  146,    0,  359,  370,  405,  670,  567,  738,  630,  600,  217,  792,  162,  582,  328,  625,  704,  655,  379,  669,  511,  471,  508,  326,  621,  148,  708,  564,  474,  368,  278,  769,  223,  696,  803,  187,  414,  860,  285,  123,  734,  618,  250,  410,  458,  124,  293,  442,  287,  447,  419,  388,  533,  665,  336,  598,  260,  422,  605,  431,  702,  813,  342,  327,  827,  229,  368,  684,  551,  263,  474,  435,  494,  484,  549,  773,  321,  315,  321,  789,  168,  335,  326,   97,  291,  912,  347,  580,  578,  665,  549,  505,  515,   70,  550,  300,  510,  556,  850,  594,  542,  462,  656,  411,  473,  375,  841,  112,  373,  518,  774,  260,  903,  242,  945,  313,  728,  627,  838,  626,   39,  544,  645,  299,  336,  483,  366,  378,  497,  466,  319,  312,  556,  471,  261,  579,  442,  538,  374,  742,  591,  483,  694,  595,  620,  684,  549,  602,  276,  362,  504,  210,  162,  688,  599,  187,  157,  376,  576,  359,  718,  667,  824,  779,  866,  128,  102,  361,  280,  377,  493,  762,  292,  225,  204,  644],
        [  683,    0,  291,  513,  547,  980,  436,  508,  603,  890,  210,  498,  393,  630,  576,  834,  379,  623,  683,  904,  286,  191,  215,  359,    0,  232,  742,  936,  925, 1031,  980,  593,  534,  833,  418,  937,  685,  524, 1028,  580,   56,  923,  353,  811,  739,  446,  716,  506,  651,  922,  763,  724,  586,  928,  549,  945,  943,  206,  474, 1123,  628,  282,  886,  757,  608,  131,  729,  350,  364,  800,   96,  451,  765,  745,  877,  848,   96,  689,  569,  774,  703,  229,  987,  790,  466,   69, 1042,  246,  275,  889,  592,  211,  345,  448,  509,  458,  899,  743,  469,  641,  187,  901,  487,  440,   40,  438,  399, 1155,  125,  936,  933,  887,  805,  710,  735,  373,  601,  627,  437,  914, 1091,  939,  880,  757,  979,  607,  613,  712,  820,  379,   33,  550,  881,  566, 1172,  152, 1205,  636,  992,  975, 1107,  674,  329,  902,  745,  606,  582,  372,  623,  549,  781,  824,  170,  347,  858,  624,  127,  856,  795,  883,  726,  861,  831,  838,  851,  492,  970,  745,  801,  481,  172,  328,  607,  457,  477,  902,  696,  516,  425,  734,  894,  704,  903,  827,  833, 1003, 1148,  463,  431,  719,  530,   30,  830,  909,  578,  135,  422,  926],
        [  460,    0,  266,  575,  420,  875,  250,  566,  377,  755,  327,  430,  172,  572,  415,  605,  182,  413,  569,  683,  255,  283,  279,  370,  232,    0,  772,  773,  904,  883,  905,  361,  453,  602,  501,  923,  677,  304,  910,  356,  287,  754,  150,  836,  569,  265,  494,  490,  425,  901,  627,  715,  488,  717,  593,  772,  727,  327,  261,  951,  652,  369,  674,  546,  597,  362,  583,  433,  188,  765,  279,  225,  781,  732,  894,  649,  313,  468,  628,  775,  483,   71,  834,  561,  281,  168,  848,  398,   48,  696,  365,  384,  125,  223,  281,  228,  825,  514,  296,  684,  389,  678,  419,  254,  204,  467,  228,  972,  107,  922,  923,  702,  644,  528,  560,  421,  376,  670,  208,  885,  908,  953,  788,  627,  862,  432,  412,  628,  591,  320,  264,  324,  658,  471, 1003,  308, 1029,  545,  825,  982,  940,  446,  332,  864,  524,  504,  440,  147,  481,  370,  640,  785,  374,  158,  727,  428,  294,  706,  734,  899,  729,  641,  660,  827,  642,  272,  974,  517,  638,  267,  355,  109,  394,  348,  528,  712,  476,  556,  341,  706,  776,  723,  702,  620,  602,  815,  989,  417,  470,  681,  400,  214,  740,  695,  464,  243,  308,  775],
        [  877,    0,  507,  234,  505,  526,  666,  236, 1023,  584,  534,  392,  760,  304,  594, 1041,  696,  777,  456,  997,  518,  552,  534,  405,  742,  772,    0,  714,  244,  710,  430,  935,  399, 1071,  333,  239,  141,  998,  601, 1014,  746,  734,  906,   70,  658,  653,  885,  291, 1054,  241,  539,  131,  422,  944,  193,  764,  992,  539,  748,  871,  121,  461,  923,  844,  198,  751,  566,  396,  657,  221,  654,  801,   48,  141,  139,  832,  690,  869,  182,  100,  869,  835,  702, 1131,  660,  724,  921,  529,  764,  820,  867,  575,  867,  788,  834,  844,  380, 1100,  631,  105,  634, 1009,  398,  667,  715,  311,  638,  948,  750,  237,  225,  782,  645,  690,  676,  371,  859,  117,  884,  257,  899,  202,  432,  519,  566,  641,  734,  365, 1156,  464,  748,  844, 1001,  422,  894,  598,  948,  394,  762,  240,  840,  923,  443,  275,  899,  429,  542,  871,  541,  646,  563,  238,  642,  685,  558,  721,  622,  628,  300,  146,   94,  963,  699,  162,  885,  970,  238,  963,  652,  982,  606,  746,  788,  497,  265,  811,  866,  227,  467,  192,  527,   58,  871,  859, 1122,  868,  837,  376,  314,  223,  515,  765,  408,  952,  466,  610,  522,  663],
        [  454,    0,  669,  750,  396,  283,  524,  741,  716,  136,  834,  496,  621,  451,  363,  524,  593,  411,  301,  403,  670,  809,  776,  670,  936,  773,  714,    0,  599,  130,  408,  610,  455,  567,  787,  631,  583,  758,  248,  726,  980,   38,  804,  723,  206,  509,  430,  579,  713,  598,  200,  584,  395,  310,  711,   58,  363,  841,  535,  191,  667,  791,  317,  341,  574, 1036,  214,  785,  589,  508,  907,  601,  677,  575,  721,  235,  961,  439,  753,  626,  425,  836,   78,  694,  493,  874,  212,  897,  730,  180,  532,  926,  765,  593,  578,  636,  387,  692,  479,  727,  977,  421,  503,  520,  896,  679,  549,  247,  845,  631,  647,  135,  131,  254,  218,  721,  514,  721,  698,  564,  189,  736,  311,  216,  231,  342,  387,  358,  704,  585,  964,  548,  427,  412,  237,  883,  276,  374,   58,  732,  172,  517,  673,  524,  419,  374,  355,  745,  316,  404,  175,  502,  971,  616,  157,  366,  893,   94,  421,  719,  621,  393,  119,  604,  299,  753,  717,  499,  137,  779,  929,  670,  437,  487,  723,  156,  427,  700,  532,  523,  205,  666,  233,  289,  641,  161,  216,  546,  699,  493,  411,  936,  314,  336,  379,  835,  518,   58],
        [  885,    0,  654,  452,  543,  349,  737,  451, 1081,  464,  727,  477,  847,  340,  616, 1029,  785,  792,  431,  952,  663,  736,  711,  567,  925,  904,  244,  599,    0,  555,  225,  980,  463, 1065,  547,   32,  241, 1075,  420, 1077,  939,  628, 1019,  197,  616,  722,  883,  423, 1103,    4,  476,  202,  452,  879,  402,  655,  932,  734,  809,  719,  315,  655,  869,  821,  318,  956,  520,  598,  752,  144,  845,  873,  198,  181,  152,  774,  889,  874,  409,  162,  869,  972,  563, 1152,  722,  893,  810,  739,  884,  745,  903,  785,  977,  861,  892,  919,  214, 1129,  692,  335,  846,  967,  488,  738,  892,  490,  723,  804,  907,   32,   49,  701,  574,  664,  638,  557,  891,  343,  969,   36,  766,  142,  289,  456,  399,  651,  748,  330, 1173,  585,  937,  890,  964,  463,  731,  794,  786,  401,  635,  134,  687,  941,  601,   75,  890,  448,  562,  973,  542,  678,  492,  129,  851,  784,  450,  730,  816,  531,  210,  146,  207,  926,  625,   91,  836, 1053,  118,  964,  584, 1069,  812,  851,  809,  575,  468,  729,  867,  427,  566,  198,  395,  246,  801,  814, 1127,  760,  668,  488,  501,  225,  559,  943,  294,  895,  494,  791,  611,  543],
        [  583,    0,  753,  786,  484,  210,  635,  777,  845,  149,  911,  563,  738,  487,  469,  649,  704,  538,  361,  521,  755,  890,  857,  738, 1031,  883,  710,  130,  555,    0,  341,  738,  522,  693,  837,  585,  592,  886,  150,  854, 1072,  165,  924,  707,  324,  620,  560,  628,  843,  555,  270,  584,  461,  424,  741,  171,  476,  917,  655,  165,  685,  860,  437,  471,  600, 1123,  304,  844,  696,  492,  994,  723,  668,  570,  693,  361, 1047,  568,  780,  615,  554,  948,   54,  822,  605,  971,  285,  966,  842,  303,  660,  999,  884,  714,  702,  759,  346,  821,  588,  741, 1054,  540,  571,  632,  991,  731,  656,  250,  948,  586,  604,  261,  243,  377,  339,  781,  642,  738,  822,  521,  217,  696,  280,  278,  157,  457,  511,  386,  831,  665, 1057,  674,  548,  480,  184,  964,  238,  427,  115,  686,  133,  647,  747,  483,  548,  440,  451,  865,  409,  518,  250,  480, 1050,  726,  183,  489,  976,  178,  411,  689,  620,  515,  246,  579,  424,  879,  671,  628,  251,  904, 1007,  783,  564,  575,  766,  278,  557,  737,  614,  523,  185,  669,  352,  416,  767,  246,  132,  611,  751,  499,  502, 1034,  304,  453,  457,  922,  609,  109],
