{
    "name": "random-19-1459",
    "comment": "size=19 seed=1459",
    "nodes": ["+0", "-0", "+1", "-1", "+2", "-2", "+3", "-3", "+4", "-4", "+5", "-5", "+6", "-6", "+7", "-7", "+8", "-8", "+9", "-9", "+10", "-10", "+11", "-11", "+12", "-12", "+13", "-13", "+14", "-14", "+15", "-15", "+16", "-16", "+17", "-17", "+18", "-18", "+19", "-19"],
    "precedence": {
        "+0": "-0",
        "+1": "-1",
        "+2": "-2",
        "+3": "-3",
        "+4": "-4",
        "+5": "-5",
        "+6": "-6",
        "+7": "-7",
        "+8": "-8",
        "+9": "-9",
        "+10": "-10",
        "+11": "-11",
        "+12": "-12",
        "+13": "-13",
        "+14": "-14",
        "+15": "-15",
        "+16": "-16",
        "+17": "-17",
        "+18": "-18",
        "+19": "-19"
    },
    "edges": [
        [    0,    0,  369,  376,  159,  273,  330,  357,  346,  738,  566,  676,  430,  482,  177,  115,  483,  457,  236,  513,  667,  545,  649,  675,  411,  538,  332,  415,  709,  185,  460,  675,  215,  155,  702,  253,  390,  175,  197,  273],
        [    0,    0,  369,  376,  159,  273,  330,  357,  346,  738,  566,  676,  430,  482,  177,  115,  483,  457,  236,  513,  667,  545,  649,  675,  411,  538,  332,  415,  709,  185,  460,  675,  215,  155,  702,  253,  390,  175,  197,  273],
        [  369,  369,    0,  550,  349,  520,  698,  421,  531,  798,  203,  629,  502,  599,  530,  266,  838,  444,  297,  876,  798,  412,  819,  691,   92,  191,  397,  450,  417,  215,  154,  713,  529,  486,  559,  598,   96,  428,  348,  113],
        [  376,  376,  550,    0,  241,  637,  458,  155,   30,  374,  675,  391,  135,  117,  476,  441,  465,  238,  590,  537,  292,  392,  283,  340,  523,  622,  701,  179,  666,  359,  696,  327,  228,  493,  497,  538,  625,  202,  567,  443],
        [  159,  159,  349,  241,    0,  432,  403,  198,  214,  586,  518,  518,  273,  335,  315,  200,  506,  300,  350,  556,  529,  401,  524,  517,  355,  476,  464,  257,  602,  136,  480,  520,  188,  307,  553,  390,  407,   81,  333,  236],
        [  273,  273,  520,  637,  432,    0,  379,  629,  607, 1006,  718,  948,  702,  748,  190,  287,  569,  728,  233,  560,  923,  802,  895,  947,  594,  710,  207,  688,  920,  420,  535,  947,  433,  149,  962,  186,  488,  438,  172,  467],
        [  330,  330,  698,  458,  403,  379,    0,  544,  435,  811,  893,  845,  578,  570,  207,  441,  191,  656,  516,  192,  686,  787,  632,  796,  734,  860,  560,  598, 1005,  500,  785,  779,  244,  264,  926,  195,  718,  341,  452,  598],
        [  357,  357,  421,  155,  198,  629,  544,    0,  152,  403,  526,  323,   86,  179,  503,  380,  592,  113,  527,  658,  379,  252,  399,  323,  381,  471,  646,   60,  514,  265,  573,  329,  300,  502,  382,  574,  506,  215,  522,  324],
        [  346,  346,  531,   30,  214,  607,  435,  152,    0,  403,  663,  411,  148,  145,  447,  413,  451,  245,  562,  522,  321,  398,  310,  366,  509,  611,  672,  185,  666,  336,  676,  354,  201,  464,  510,  510,  604,  172,  538,  423],
        [  738,  738,  798,  374,  586, 1006,  811,  403,  403,    0,  843,  239,  318,  259,  850,  780,  762,  354,  928,  841,  155,  439,  238,  123,  735,  784, 1046,  357,  703,  667,  951,   88,  598,  865,  411,  911,  890,  569,  918,  716],
        [  566,  566,  203,  675,  518,  718,  893,  526,  663,  843,    0,  635,  593,  695,  732,  468, 1021,  506,  490, 1065,  880,  409,  917,  725,  163,   60,  575,  534,  274,  396,  231,  755,  704,  689,  515,  800,  241,  597,  547,  295],
        [  676,  676,  629,  391,  518,  948,  845,  323,  411,  239,  635,    0,  268,  293,  824,  684,  849,  221,  820,  924,  348,  227,  422,  121,  552,  576,  942,  263,  467,  553,  776,  162,  604,  824,  174,  895,  725,  534,  827,  570],
        [  430,  430,  502,  135,  273,  702,  578,   86,  148,  318,  593,  268,    0,  102,  563,  463,  598,  109,  611,  669,  296,  264,  324,  246,  456,  536,  729,   60,  546,  351,  655,  248,  337,  568,  363,  632,  589,  272,  603,  409],
        [  482,  482,  599,  117,  335,  748,  570,  179,  145,  259,  695,  293,  102,    0,  592,  533,  558,  202,  683,  633,  202,  352,  223,  227,  557,  638,  798,  162,  638,  433,  751,  211,  344,  606,  424,  654,  684,  310,  667,  502],
        [  177,  177,  530,  476,  315,  190,  207,  503,  447,  850,  732,  824,  563,  592,    0,  265,  393,  611,  313,  398,  753,  714,  718,  805,  583,  708,  354,  562,  885,  362,  596,  799,  257,   58,  867,   76,  533,  291,  247,  444],
        [  115,  115,  266,  441,  200,  287,  441,  380,  413,  780,  468,  684,  463,  533,  265,    0,  598,  464,  151,  626,  729,  519,  722,  702,  323,  447,  267,  434,  640,  136,  346,  709,  320,  222,  680,  333,  277,  253,  144,  187],
        [  483,  483,  838,  465,  506,  569,  191,  592,  451,  762, 1021,  849,  598,  558,  393,  598,    0,  695,  693,   79,  619,  843,  549,  777,  858,  981,  747,  635, 1092,  627,  942,  751,  319,  449,  961,  386,  872,  429,  632,  730],
        [  457,  457,  444,  238,  300,  728,  656,  113,  245,  354,  506,  221,  109,  202,  611,  464,  695,    0,  603,  764,  375,  156,  417,  251,  383,  447,  725,   61,  438,  335,  597,  270,  412,  607,  270,  684,  537,  327,  607,  367],
        [  236,  236,  297,  590,  350,  233,  516,  527,  562,  928,  490,  820,  611,  683,  313,  151,  693,  603,    0,  708,  879,  639,  871,  846,  380,  487,  122,  579,  710,  269,  304,  856,  451,  256,  799,  360,  256,  398,   69,  272],
        [  513,  513,  876,  537,  556,  560,  192,  658,  522,  841, 1065,  924,  669,  633,  398,  626,   79,  764,  708,    0,  697,  909,  627,  853,  903, 1028,  750,  703, 1151,  670,  972,  829,  373,  456, 1031,  376,  903,  482,  644,  771],
        [  667,  667,  798,  292,  529,  923,  686,  379,  321,  155,  880,  348,  296,  202,  753,  729,  619,  375,  879,  697,    0,  501,   83,  231,  750,  821,  991,  352,  784,  634,  951,  191,  497,  777,  517,  807,  884,  492,  858,  703],
        [  545,  545,  412,  392,  401,  802,  787,  252,  398,  439,  409,  227,  264,  352,  714,  519,  843,  156,  639,  909,  501,    0,  555,  318,  330,  350,  759,  214,  288,  384,  554,  352,  546,  699,  161,  789,  508,  448,  659,  372],
        [  649,  649,  819,  283,  524,  895,  632,  399,  310,  238,  917,  422,  324,  223,  718,  722,  549,  417,  871,  627,   83,  555,    0,  308,  779,  859,  979,  383,  841,  640,  969,  269,  463,  746,  587,  766,  900,  476,  844,  717],
        [  675,  675,  691,  340,  517,  947,  796,  323,  366,  123,  725,  121,  246,  227,  805,  702,  777,  251,  846,  853,  231,  318,  308,    0,  623,  665,  966,  268,  581,  580,  843,   42,  566,  813,  294,  871,  785,  515,  844,  617],
        [  411,  411,   92,  523,  355,  594,  734,  381,  509,  735,  163,  552,  456,  557,  583,  323,  858,  383,  380,  903,  750,  330,  779,  623,    0,  127,  485,  399,  331,  235,  225,  648,  541,  544,  471,  654,  183,  434,  425,  139],
        [  538,  538,  191,  622,  476,  710,  860,  471,  611,  784,   60,  576,  536,  638,  708,  447,  981,  447,  487, 1028,  821,  350,  859,  665,  127,    0,  582,  476,  241,  361,  258,  696,  663,  669,  460,  779,  251,  554,  539,  266],
        [  332,  332,  397,  701,  464,  207,  560,  646,  672, 1046,  575,  942,  729,  798,  354,  267,  747,  725,  122,  750,  991,  759,  979,  966,  485,  582,    0,  699,  813,  390,  363,  975,  541,  298,  918,  379,  335,  504,  136,  389],
        [  415,  415,  450,  179,  257,  688,  598,   60,  185,  357,  534,  263,   60,  162,  562,  434,  635,   61,  579,  703,  352,  214,  383,  268,  399,  476,  699,    0,  490,  313,  603,  278,  354,  561,  330,  633,  539,  274,  577,  361],
        [  709,  709,  417,  666,  602,  920, 1005,  514,  666,  703,  274,  467,  546,  638,  885,  640, 1092,  438,  710, 1151,  784,  288,  841,  581,  331,  241,  813,  490,    0,  524,  498,  619,  778,  855,  306,  960,  489,  670,  754,  454],
        [  185,  185,  215,  359,  136,  420,  500,  265,  336,  667,  396,  553,  351,  433,  362,  136,  627,  335,  269,  670,  634,  384,  640,  580,  235,  361,  390,  313,  524,    0,  346,  591,  315,  333,  545,  437,  273,  214,  278,  104],
        [  460,  460,  154,  696,  480,  535,  785,  573,  676,  951,  231,  776,  655,  751,  596,  346,  942,  597,  304,  972,  951,  554,  969,  843,  225,  258,  363,  603,  498,  346,    0,  866,  648,  544,  691,  654,   74,  557,  370,  254],
        [  675,  675,  713,  327,  520,  947,  779,  329,  354,   88,  755,  162,  248,  211,  799,  709,  751,  270,  856,  829,  191,  352,  269,   42,  648,  696,  975,  278,  619,  591,  866,    0,  555,  809,  335,  863,  806,  511,  850,  635],
        [  215,  215,  529,  228,  188,  433,  244,  300,  201,  598,  704,  604,  337,  344,  257,  320,  319,  412,  451,  373,  497,  546,  463,  566,  541,  663,  541,  354,  778,  315,  648,  555,    0,  285,  682,  313,  576,  110,  408,  418],
        [  155,  155,  486,  493,  307,  149,  264,  502,  464,  865,  689,  824,  568,  606,   58,  222,  449,  607,  256,  456,  777,  699,  746,  813,  544,  669,  298,  561,  855,  333,  544,  809,  285,    0,  855,  112,  483,  299,  190,  407],
        [  702,  702,  559,  497,  553,  962,  926,  382,  510,  411,  515,  174,  363,  424,  867,  680,  961,  270,  799, 1031,  517,  161,  587,  294,  471,  460,  918,  330,  306,  545,  691,  335,  682,  855,    0,  942,  653,  592,  820,  530],
        [  253,  253,  598,  538,  390,  186,  195,  574,  510,  911,  800,  895,  632,  654,   76,  333,  386,  684,  360,  376,  807,  789,  766,  871,  654,  779,  379,  633,  960,  437,  654,  863,  313,  112,  942,    0,  594,  361,  291,  516],
        [  390,  390,   96,  625,  407,  488,  718,  506,  604,  890,  241,  725,  589,  684,  533,  277,  872,  537,  256,  903,  884,  508,  900,  785,  183,  251,  335,  539,  489,  273,   74,  806,  576,  483,  653,  594,    0,  483,  318,  183],
        [  175,  175,  428,  202,   81,  438,  341,  215,  172,  569,  597,  534,  272,  310,  291,  253,  429,  327,  398,  482,  492,  448,  476,  515,  434,  554,  504,  274,  670,  214,  557,  511,  110,  299,  592,  361,  483,    0,  369,  316],
        [  197,  197,  348,  567,  333,  172,  452,  522,  538,  918,  547,  827,  603,  667,  247,  144,  632,  607,   69,  644,  858,  659,  844,  844,  425,  539,  136,  577,  754,  278,  370,  850,  408,  190,  820,  291,  318,  369,    0,  305],
        [  273,  273,  113,  443,  236,  467,  598,  324,  423,  716,  295,  570,  409,  502,  444,  187,  730,  367,  272,  771,  703,  372,  717,  617,  139,  266,  389,  361,  454,  104,  254,  635,  418,  407,  530,  516,  183,  316,  305,    0]
    ]
}
