{
    "name": "random-90-22890",
    "comment": "size=90 seed=22890",
    "nodes": ["+0", "-0", "+1", "-1", "+2", "-2", "+3", "-3", "+4", "-4", "+5", "-5", "+6", "-6", "+7", "-7", "+8", "-8", "+9", "-9", "+10", "-10", "+11", "-11", "+12", "-12", "+13", "-13", "+14", "-14", "+15", "-15", "+16", "-16", "+17", "-17", "+18", "-18", "+19", "-19", "+20", "-20", "+21", "-21", "+22", "-22", "+23", "-23", "+24", "-24", "+25", "-25", "+26", "-26", "+27", "-27", "+28", "-28", "+29", "-29", "+30", "-30", "+31", "-31", "+32", "-32", "+33", "-33", "+34", "-34", "+35", "-35", "+36", "-36", "+37", "-37", "+38", "-38", "+39", "-39", "+40", "-40", "+41", "-41", "+42", "-42", "+43", "-43", "+44", "-44", "+45", "-45", "+46", "-46", "+47", "-47", "+48", "-48", "+49", "-49", "+50", "-50", "+51", "-51", "+52", "-52", "+53", "-53", "+54", "-54", "+55", "-55", "+56", "-56", "+57", "-57", "+58", "-58", "+59", "-59", "+60", "-60", "+61", "-61", "+62", "-62", "+63", "-63", "+64", "-64", "+65", "-65", "+66", "-66", "+67", "-67", "+68", "-68", "+69", "-69", "+70", "-70", "+71", "-71", "+72", "-72", "+73", "-73", "+74", "-74", "+75", "-75", "+76", "-76", "+77", "-77", "+78", "-78", "+79", "-79", "+80", "-80", "+81", "-81", "+82", "-82", "+83", "-83", "+84", "-84", "+85", "-85", "+86", "-86", "+87", "-87", "+88", "-88", "+89", "-89", "+90", "-90"],
    "precedence": {
        "+0": "-0",
        "+1": "-1",
        "+2": "-2",
        "+3": "-3",
        "+4": "-4",
        "+5": "-5",
        "+6": "-6",
        "+7": "-7",
        "+8": "-8",
        "+9": "-9",
        "+10": "-10",
        "+11": "-11",
        "+12": "-12",
        "+13": "-13",
        "+14": "-14",
        "+15": "-15",
        "+16": "-16",
        "+17": "-17",
        "+18": "-18",
        "+19": "-19",
        "+20": "-20",
        "+21": "-21",
        "+22": "-22",
        "+23": "-23",
        "+24": "-24",
        "+25": "-25",
        "+26": "-26",
        "+27": "-27",
        "+28": "-28",
        "+29": "-29",
        "+30": "-30",
        "+31": "-31",
        "+32": "-32",
        "+33": "-33",
        "+34": "-34",
        "+35": "-35",
        "+36": "-36",
        "+37": "-37",
        "+38": "-38",
        "+39": "-39",
        "+40": "-40",
        "+41": "-41",
        "+42": "-42",
        "+43": "-43",
        "+44": "-44",
        "+45": "-45",
        "+46": "-46",
        "+47": "-47",
        "+48": "-48",
        "+49": "-49",
        "+50": "-50",
        "+51": "-51",
        "+52": "-52",
        "+53": "-53",
        "+54": "-54",
        "+55": "-55",
        "+56": "-56",
        "+57": "-57",
        "+58": "-58",
        "+59": "-59",
        "+60": "-60",
        "+61": "-61",
        "+62": "-62",
        "+63": "-63",
        "+64": "-64",
        "+65": "-65",
        "+66": "-66",
        "+67": "-67",
        "+68": "-68",
        "+69": "-69",
        "+70": "-70",
        "+71": "-71",
        "+72": "-72",
        "+73": "-73",
        "+74": "-74",
        "+75": "-75",
        "+76": "-76",
        "+77": "-77",
        "+78": "-78",
        "+79": "-79",
        "+80": "-80",
        "+81": "-81",
        "+82": "-82",
        "+83": "-83",
        "+84": "-84",
        "+85": "-85",
        "+86": "-86",
        "+87": "-87",
        "+88": "-88",
        "+89": "-89",
        "+90": "-90"
    },
    "edges": [
        [    0,    0,  878,  935,  308,  528,  848,  313,  991,  697,  829,  718,  767,   58,  716,  712,  852,  320,  337,  630,  278,  514,  711,  378,  722,   97,  128,  244,  415, 1090,   91,  855,  443,  839,  679,  734,  660,  748,  451,  348,  813,  789,  445,  633, 1053,  220,  251,  168,  577,  593,  833,  692,  737,  160,  696,  661,  608,  960,  731,  246,  227,  647,  706,  557,  835,  260,  677,  856,  685,  288,  262,  674,  629,  505,  454,  730,  781,  623,  806,  848,  692,  326,  693,  619,  497,  817,  318,  752,  860,  326,  732,  649,  743,  687,  551,  880,  224,  307,  169,  737,  762,  186,  790,  806,  928,  302,  444,  609,  683,  376,  117,  211,  111,  719,  763,  655,  395,  457,  350,  907,  880,  174,  556,  211,  777,  904,  700,  533,  485,  908,  694,  694,  168, 1054,  799,  375,  600,  312,  539,  223,  379,  951,  345,  606,  420,   14,  589,  192,  967,  309,  893,  773,  816,  259,  720,  340,  560,  727,  245,  677,  808,  168,  662,  731,  522,  215,  148,  761,  739,  648,  650,  884,  369,  582,  858,  202,  130,  122,  326,  706,  390,  402],
        [    0,    0,    0,    0,    0,    0,    0,    0,    0,    0,    0,    0,    0,    0,    0,    0,    0,    0,    0,    0,    0,    0,    0,    0,    0,    0,    0,    0,    0,    0,    0,    0,    0,    0,    0,    0,    0,    0,    0,    0,    0,    0,    0,    0,    0,    0,    0,    0,    0,    0,    0,    0,    0,    0,    0,    0,    0,    0,    0,    0,    0,    0,    0,    0,    0,    0,    0,    0,    0,    0,    0,    0,    0,    0,    0,    0,    0,    0,    0,    0,    0,    0,    0,    0,    0,    0,    0,    0,    0,    0,    0,    0,    0,    0,    0,    0,    0,    0,    0,    0,    0,    0,    0,    0,    0,    0,    0,    0,    0,    0,    0,    0,    0,    0,    0,    0,    0,    0,    0,    0,    0,    0,    0,    0,    0,    0,    0,    0,    0,    0,    0,    0,    0,    0,    0,    0,    0,    0,    0,    0,    0,    0,    0,    0,    0,    0,    0,    0,    0,    0,    0,    0,    0,    0,    0,    0,    0,    0,    0,    0,    0,    0,    0,    0,    0,    0,    0,    0,    0,    0,    0,    0,    0,    0,    0,    0,    0,    0,    0,    0,    0,    0],
        [  878,    0,    0,  531,  584,  423,  542,  649,  283,  194,  563,  475,  239,  913,  166,  463,  385,  582,  670,  538,  915,  818,  963,  726,  464,  783,  825,  652,  464,  450,  869,  525,  649,  530,  817, 1033,  772,  879,  433,  536,  714,  649,  693,  381,  443,  661,  943,  750,  583,  511,  452,  529,  420,  890,  770,  225,  562,  222,  253,  646,  656,  368,  275,  970,  288,  620,  318,  592,  203,  759,  772,  212,  379,  376,  438,  261,  153,  257,  543,  250,  521,  635,  830,  608,  434,  424,  808,  405,  460,  553,  252,  354,  367,  234,  330,  560,  931,  964,  712,  469,  778, 1007,  453,  293,  495,  681,  914,  738,  807,  581,  818,  772,  928,  405,  904,  248,  546,  729,  838,  424,  162,  842,  324,  709,  331,  230,  972,  577,  453,  551,  519,  750,  892,  471,  300,  512,  980,  781,  907,  948,  860,  196,  547,  455,  916,  874,  336,  690,  202,  704,   44,  134,  257,  827,  971,  768,  319,  391,  725, 1001,  533,  744,  529,  661,  364,  689, 1010,  495,  425,  559,  310,  115,  728,  303,  307,  937,  951,  994,  742,  290,  489,  593],
        [  935,    0,  531,    0,  761,  755,   97,  875,  305,  468,  128,  219,  718,  989,  496,  226,  890,  779,  916,  310,  808,  571,  601,  596,  917,  850,  956,  809,  640,  242,  977, 1017,  958, 1017,  462,  669,  431,  485,  661,  642,  271,  227,  528,  787,  201,  782,  853,  768,  371,  343,  945,  248,  214, 1031,  405,  581,  957,  345,  711,  801,  733,  332,  344,  698,  248,  721,  336,  123,  477,  679,  979,  483,  782,  557,  683,  718,  411,  559,  140,  763,  957,  867,  466,  343,  739,  143,  691,  873,  960,  685,  342,  767,  833,  646,  594,   76,  856,  841,  788,  927,  369, 1115,  932,  789,   37,  905,  706,  438,  449,  836,  828,  949, 1030,  237,  505,  449,  549,  540,  694,  108,  371,  807,  546,  725,  237,  308,  617,  935,  755,   43,  955,  387, 1036,  178,  252,  617,  683,  675,  641, 1105,  694,  367,  626,  851,  722,  925,  434,  768,  375,  936,  494,  598,  284,  743,  605,  649,  572,  849,  697,  664, 1010,  768,  951,  284,  531,  724, 1082,  175,  210,  298,  715,  418,  994,  604,  819, 1086,  938, 1053,  985,  332,  651,  534],
        [  308,    0,  584,  761,    0,  225,  692,  119,  738,  417,  683,  551,  460,  334,  428,  541,  556,   27,  165,  496,  455,  549,  761,  386,  441,  221,  242,   69,  133,  864,  286,  581,  245,  567,  670,  808,  634,  749,  151,  127,  728,  683,  419,  333,  832,   94,  460,  237,  470,  447,  547,  550,  548,  310,  661,  361,  358,  698,  424,   64,  136,  434,  463,  660,  599,  101,  446,  717,  403,  342,  220,  393,  328,  231,  149,  423,  508,  328,  656,  542,  427,  115,  686,  521,  192,  624,  403,  460,  574,   82,  483,  346,  445,  381,  255,  724,  438,  504,  162,  457,  715,  424,  505,  501,  744,  146,  556,  578,  668,  117,  288,  200,  345,  525,  770,  385,  245,  453,  446,  704,  612,  342,  274,  220,  556,  650,  757,  291,  182,  745,  427,  650,  312,  840,  568,  147,  694,  378,  615,  374,  480,  684,  152,  321,  542,  306,  345,  148,  700,  177,  604,  470,  572,  379,  770,  389,  268,  432,  274,  755,  539,  229,  400,  640,  255,  192,  428,  598,  552,  523,  343,  606,  244,  281,  554,  360,  409,  415,  227,  467,  114,  301],
        [  528,    0,  423,  755,  225,    0,  709,  241,  643,  312,  711,  578,  247,  547,  303,  565,  332,  209,  252,  562,  669,  711,  912,  559,  234,  444,  440,  285,  191,  794,  491,  374,  230,  362,  797,  968,  755,  875,  137,  272,  801,  744,  570,  109,  770,  318,  679,  456,  562,  512,  330,  599,  552,  494,  774,  210,  208,  591,  211,  283,  351,  433,  414,  841,  539,  311,  420,  747,  299,  539,  360,  290,  104,  215,  114,  209,  401,  207,  683,  324,  239,  227,  813,  609,   36,  613,  600,  240,  356,  252,  423,  122,  222,  192,  162,  739,  658,  720,  386,  249,  815,  616,  291,  279,  729,  269,  746,  702,  792,  169,  511,  371,  547,  527,  899,  310,  372,  608,  641,  673,  502,  562,  211,  432,  522,  558,  912,  181,   44,  751,  239,  758,  494,  787,  518,  268,  868,  573,  788,  542,  673,  571,  301,  120,  736,  528,  328,  370,  584,  288,  454,  292,  504,  587,  922,  576,  184,  211,  477,  920,  338,  448,  221,  718,  238,  404,  634,  621,  557,  591,  129,  481,  306,  155,  331,  534,  633,  627,  323,  425,  207,  439],
        [  848,    0,  542,   97,  692,  709,    0,  808,  358,  445,   34,  141,  704,  903,  477,  152,  878,  711,  851,  219,  712,  474,  515,  502,  889,  765,  875,  735,  577,  328,  894,  998,  901,  996,  371,  585,  339,  402,  604,  569,  194,  140,  433,  754,  286,  705,  758,  681,  277,  258,  928,  157,  158,  950,  315,  554,  915,  386,  692,  727,  652,  277,  315,  604,  256,  643,  295,   51,  452,  586,  906,  456,  748,  503,  628,  699,  405,  525,   44,  758,  924,  801,  377,  247,  690,  120,  596,  851,  946,  614,  321,  736,  812,  623,  549,   33,  762,  745,  706,  900,  286, 1030,  911,  777,  111,  837,  610,  342,  359,  775,  739,  874,  946,  183,  424,  416,  469,  444,  598,  153,  391,  715,  499,  639,  218,  337,  530,  886,  705,   61,  922,  296,  956,  267,  245,  546,  590,  581,  546, 1025,  598,  404,  551,  813,  626,  837,  382,  686,  415,  868,  510,  589,  286,  649,  520,  554,  527,  825,  607,  575,  986,  681,  916,  191,  477,  639,  995,   94,  153,  204,  685,  436,  930,  564,  812, 1006,  845,  965,  918,  300,  586,  447],
        [  313,    0,  649,  875,  119,  241,  808,    0,  832,  502,  800,  667,  487,  320,  506,  657,  547,   97,   48,  614,  521,  653,  866,  489,  410,  251,  207,  108,  237,  966,  259,  542,  146,  526,  782,  909,  747,  860,  233,  245,  846,  801,  529,  335,  935,  160,  517,  305,  588,  565,  523,  667,  661,  254,  776,  425,  297,  787,  452,  114,  225,  545,  565,  753,  701,  202,  553,  834,  488,  432,  123,  477,  332,  330,  219,  449,  594,  403,  772,  562,  380,   15,  798,  638,  220,  736,  491,  445,  549,  200,  583,  355,  440,  427,  333,  840,  491,  567,  221,  425,  831,  376,  479,  512,  856,   33,  644,  691,  781,   73,  336,  131,  311,  638,  881,  478,  362,  560,  534,  813,  699,  401,  363,  303,  663,  743,  860,  222,  202,  860,  381,  765,  254,  946,  671,  265,  789,  469,  713,  302,  568,  771,  270,  298,  627,  317,  451,  219,  786,   62,  675,  524,  671,  456,  875,  484,  350,  422,  363,  854,  495,  297,  350,  758,  356,  278,  400,  714,  666,  641,  370,  688,  126,  350,  561,  293,  435,  397,  111,  571,  224,  416],
        [  991,    0,  283,  305,  738,  643,  358,  832,    0,  334,  388,  368,  514, 1037,  340,  361,  667,  747,  863,  466,  946,  770,  858,  733,  736,  896,  971,  801,  606,  168, 1006,  806,  870,  811,  710,  930,  670,  753,  600,  649,  551,  493,  679,  633,  164,  793,  984,  836,  529,  466,  733,  426,  315, 1043,  655,  435,  816,   61,  520,  794,  765,  354,  285,  916,  164,  738,  316,  405,  348,  795,  951,  358,  629,  508,  614,  528,  242,  439,  379,  532,  789,  820,  719,  529,  641,  264,  827,  680,  742,  682,  260,  607,  641,  478,  502,  361,  979,  989,  825,  743,  638, 1149,  732,  574,  270,  865,  892,  656,  698,  774,  904,  938, 1065,  318,  776,  355,  604,  705,  845,  207,  142,  906,  469,  791,  233,   89,  871,  817,  660,  338,  786,  634, 1047,  194,  201,  621,  913,  805,  854, 1111,  857,   87,  647,  706,  902,  983,  403,  802,   85,  892,  240,  395,  176,  865,  864,  784,  483,  663,  785,  912,  812,  832,  793,  530,  484,  779, 1135,  359,  317,  473,  556,  175,  933,  493,  589, 1096, 1032, 1112,  937,  286,  626,  623],
        [  697,    0,  194,  468,  417,  312,  445,  502,  334,    0,  457,  340,  261,  737,   38,  326,  436,  422,  531,  376,  721,  636,  796,  535,  449,  601,  657,  484,  288,  482,  697,  553,  538,  552,  654,  863,  609,  723,  271,  351,  585,  521,  506,  323,  459,  485,  750,  561,  411,  341,  483,  384,  295,  726,  613,  115,  500,  286,  247,  477,  472,  204,  132,  787,  233,  438,  162,  490,   15,  566,  623,   25,  318,  193,  283,  255,   93,  106,  431,  324,  491,  490,  668,  443,  308,  332,  615,  407,  501,  374,  126,  301,  368,  179,  170,  470,  738,  771,  529,  460,  632,  839,  467,  335,  438,  534,  725,  569,  645,  442,  630,  614,  757,  273,  748,   56,  353,  543,  646,  374,  198,  651,  145,  519,  232,  247,  802,  490,  327,  473,  489,  593,  729,  477,  218,  325,  799,  588,  725,  790,  668,  270,  359,  391,  725,  692,  146,  507,  285,  561,  199,  156,  196,  634,  804,  576,  152,  382,  533,  827,  543,  556,  488,  518,  177,  500,  834,  373,  300,  401,  248,  190,  600,  160,  375,  777,  763,  816,  606,  147,  312,  401],
        [  829,    0,  563,  128,  683,  711,   34,  800,  388,  457,    0,  136,  717,  884,  490,  148,  892,  703,  844,  200,  686,  444,  482,  477,  896,  748,  860,  724,  572,  361,  877, 1009,  897, 1006,  338,  552,  306,  369,  602,  559,  163,  107,  408,  760,  319,  692,  731,  661,  255,  242,  939,  139,  164,  935,  282,  563,  918,  415,  703,  716,  637,  279,  326,  572,  279,  630,  302,   36,  463,  563,  896,  466,  754,  501,  626,  711,  423,  532,   29,  773,  930,  794,  344,  221,  691,  141,  570,  861,  958,  604,  334,  743,  822,  633,  552,   55,  736,  718,  690,  908,  254, 1011,  921,  790,  143,  829,  579,  310,  326,  770,  719,  862,  928,  188,  391,  424,  455,  417,  571,  184,  415,  692,  501,  620,  235,  364,  497,  887,  705,   88,  928,  263,  940,  300,  264,  536,  557,  556,  514, 1009,  570,  432,  539,  817,  596,  818,  384,  671,  443,  859,  533,  604,  307,  624,  487,  529,  530,  834,  586,  542,  995,  662,  920,  158,  476,  622,  975,   90,  159,  182,  692,  460,  923,  569,  827,  990,  822,  944,  909,  311,  579,  429],
        [  718,    0,  475,  219,  551,  578,  141,  667,  368,  340,  136,    0,  600,  771,  376,   14,  774,  571,  711,  104,  607,  404,  501,  392,  769,  632,  738,  595,  437,  400,  759,  886,  762,  882,  352,  573,  309,  407,  467,  429,  246,  182,  328,  630,  358,  566,  650,  550,  169,  126,  818,   59,   58,  813,  301,  439,  785,  374,  583,  587,  515,  148,  212,  549,  218,  504,  179,  171,  344,  469,  766,  345,  624,  367,  491,  590,  325,  405,  108,  663,  800,  661,  363,  162,  556,  114,  488,  736,  838,  473,  228,  615,  698,  511,  419,  174,  651,  646,  570,  781,  303,  896,  797,  674,  212,  697,  531,  289,  341,  635,  612,  734,  812,   71,  432,  301,  331,  348,  498,  205,  347,  594,  369,  507,  152,  314,  512,  752,  570,  196,  798,  280,  818,  351,  189,  405,  546,  470,  487,  887,  504,  385,  411,  685,  542,  707,  251,  550,  399,  727,  452,  493,  233,  536,  508,  445,  398,  709,  481,  550,  869,  550,  789,  187,  341,  506,  865,   48,   54,  106,  565,  386,  790,  438,  715,  869,  725,  836,  777,  196,  445,  317],
        [  767,    0,  239,  718,  460,  247,  704,  487,  514,  261,  717,  600,    0,  790,  227,  586,  176,  449,  494,  627,  874,  853, 1033,  724,  226,  679,  686,  525,  378,  680,  736,  300,  447,  302,  898, 1097,  853,  970,  327,  465,  844,  781,  714,  164,  668,  551,  892,  675,  651,  585,  228,  641,  555,  740,  862,  170,  332,  454,   37,  522,  570,  459,  392,  998,  472,  530,  421,  750,  256,  728,  603,  255,  164,  332,  318,   38,  308,  216,  691,   85,  283,  472,  913,  690,  273,  588,  786,  167,  243,  463,  383,  138,  128,  102,  255,  728,  873,  925,  615,  230,  886,  862,  220,   75,  685,  514,  919,  808,  890,  414,  737,  617,  792,  533,  996,  302,  527,  753,  824,  617,  378,  778,  287,  642,  488,  446, 1037,  361,  288,  728,  280,  843,  740,  693,  467,  450, 1018,  758,  939,  787,  852,  429,  488,  233,  914,  766,  376,  596,  437,  531,  281,  123,  435,  787, 1042,  754,  262,  152,  677, 1056,  300,  667,  293,  775,  338,  616,  879,  634,  561,  653,  119,  339,  537,  219,  120,  779,  865,  871,  561,  407,  402,  590],
        [   58,    0,  913,  989,  334,  547,  903,  320, 1037,  737,  884,  771,  790,    0,  753,  766,  865,  343,  336,  685,  326,  571,  765,  435,  729,  143,  116,  267,  451, 1140,   65,  858,  438,  842,  736,  786,  717,  804,  483,  390,  870,  846,  502,  649, 1103,  253,  295,  223,  633,  647,  841,  747,  789,  120,  753,  693,  608, 1004,  754,  271,  272,  696,  752,  608,  882,  300,  725,  912,  724,  345,  247,  713,  646,  544,  483,  753,  822,  657,  861,  870,  695,  333,  750,  675,  518,  869,  374,  763,  868,  363,  778,  667,  758,  715,  585,  935,  268,  351,  212,  744,  819,  129,  798,  824,  982,  303,  496,  666,  740,  388,  174,  202,   56,  771,  819,  696,  446,  515,  405,  959,  923,  229,  594,  265,  826,  950,  753,  533,  504,  963,  697,  751,  127, 1105,  847,  417,  652,  369,  593,  173,  433,  994,  390,  617,  472,   70,  634,  235, 1011,  304,  930,  803,  862,  314,  774,  397,  595,  740,  302,  729,  810,  223,  664,  788,  563,  267,   99,  815,  792,  703,  672,  924,  355,  614,  875,  153,  161,   82,  312,  752,  426,  456],
        [  716,    0,  166,  496,  428,  303,  477,  506,  340,   38,  490,  376,  227,  753,    0,  362,  402,  431,  533,  413,  751,  672,  833,  567,  423,  620,  670,  496,  303,  494,  711,  523,  532,  522,  691,  900,  646,  760,  280,  371,  621,  557,  541,  302,  474,  501,  778,  585,  448,  378,  452,  420,  329,  737,  651,   96,  482,  288,  216,  490,  492,  241,  166,  822,  255,  457,  198,  523,   41,  596,  629,   48,  297,  212,  289,  224,  100,  104,  465,  288,  468,  493,  706,  481,  304,  362,  646,  378,  469,  391,  157,  279,  338,  152,  175,  502,  765,  801,  549,  433,  669,  852,  437,  301,  464,  539,  759,  606,  683,  443,  653,  623,  771,  308,  785,   91,  383,  577,  677,  399,  200,  676,  160,  544,  262,  256,  839,  478,  323,  503,  466,  631,  740,  494,  245,  347,  835,  618,  760,  799,  701,  269,  382,  373,  759,  711,  180,  526,  283,  564,  178,  119,  218,  663,  841,  607,  161,  354,  560,  864,  515,  579,  466,  555,  199,  523,  850,  407,  334,  438,  226,  183,  599,  157,  340,  786,  786,  833,  607,  181,  327,  433],
        [  712,    0,  463,  226,  541,  565,  152,  657,  361,  326,  148,   14,  586,  766,  362,    0,  761,  560,  700,  107,  607,  409,  511,  392,  755,  626,  731,  586,  426,  400,  752,  872,  750,  868,  362,  583,  319,  418,  454,  420,  260,  195,  329,  617,  358,  558,  650,  545,  172,  123,  804,   69,   48,  806,  312,  425,  772,  366,  569,  578,  508,  134,  198,  556,  209,  496,  165,  183,  330,  468,  757,  332,  611,  354,  479,  576,  312,  391,  120,  649,  786,  650,  373,  169,  544,  113,  488,  722,  824,  464,  215,  601,  684,  497,  406,  184,  650,  646,  563,  768,  315,  890,  783,  660,  216,  686,  534,  297,  351,  624,  608,  725,  806,   58,  443,  287,  324,  351,  499,  205,  336,  592,  356,  502,  142,  305,  522,  739,  557,  205,  785,  291,  811,  352,  179,  395,  553,  469,  493,  880,  506,  375,  402,  672,  546,  702,  238,  543,  390,  717,  440,  479,  222,  535,  519,  444,  385,  695,  477,  559,  856,  545,  776,  199,  329,  500,  860,   59,   46,  113,  552,  374,  779,  424,  701,  861,  722,  831,  767,  182,  435,  312],
        [  852,    0,  385,  890,  556,  332,  878,  547,  667,  436,  892,  774,  176,  865,  402,  761,    0,  538,  539,  798,  999, 1009, 1196,  870,  156,  774,  753,  612,  506,  835,  804,  142,  461,  151, 1065, 1258, 1020, 1139,  451,  593, 1019,  955,  868,  223,  827,  649, 1010,  788,  819,  755,   73,  814,  730,  794, 1031,  340,  299,  607,  193,  611,  682,  632,  567, 1149,  643,  642,  596,  925,  431,  862,  646,  430,  229,  483,  434,  187,  480,  382,  867,  137,  215,  533, 1080,  859,  366,  762,  922,  103,   76,  580,  558,  215,  111,  268,  405,  902,  989, 1049,  717,  147, 1058,  916,   98,  102,  857,  567, 1063,  973, 1058,  478,  843,  673,  856,  708, 1164,  475,  674,  907,  962,  787,  539,  893,  446,  761,  662,  608, 1199,  359,  374,  901,  212, 1012,  792,  854,  640,  583, 1172,  894, 1092,  827,  993,  581,  620,  250, 1055,  853,  545,  701,  586,  575,  428,  293,  606,  915, 1205,  894,  417,  126,  804, 1215,  164,  779,  241,  948,  494,  734,  945,  808,  736,  825,  240,  496,  558,  372,   80,  823,  963,  943,  591,  582,  527,  740],
        [  320,    0,  582,  779,   27,  209,  711,   97,  747,  422,  703,  571,  449,  343,  431,  560,  538,    0,  142,  519,  479,  576,  788,  413,  419,  237,  244,   77,  144,  876,  291,  558,  219,  544,  696,  835,  660,  775,  152,  150,  752,  706,  446,  316,  844,  113,  483,  260,  494,  469,  526,  571,  565,  308,  687,  358,  332,  704,  412,   75,  161,  450,  474,  687,  610,  127,  460,  737,  408,  368,  207,  397,  311,  240,  145,  411,  513,  329,  676,  529,  403,   92,  712,  545,  178,  640,  429,  440,  554,  106,  494,  330,  428,  373,  256,  744,  459,  528,  182,  435,  740,  426,  484,  487,  760,  127,  582,  604,  694,   90,  308,  193,  349,  542,  797,  393,  270,  479,  472,  719,  618,  364,  279,  245,  570,  658,  784,  264,  166,  764,  403,  675,  310,  854,  580,  169,  720,  404,  642,  369,  506,  690,  177,  300,  568,  320,  358,  170,  706,  158,  604,  465,  582,  404,  797,  415,  271,  414,  300,  782,  515,  252,  375,  664,  265,  217,  434,  618,  570,  546,  331,  610,  221,  280,  539,  356,  426,  423,  207,  479,  128,  327],
        [  337,    0,  670,  916,  165,  252,  851,   48,  863,  531,  844,  711,  494,  336,  533,  700,  539,  142,    0,  660,  560,  699,  912,  535,  396,  285,  221,  153,  277, 1001,  273,  523,  108,  506,  829,  954,  794,  907,  266,  291,  892,  847,  576,  337,  971,  204,  553,  346,  635,  610,  509,  712,  703,  255,  823,  448,  272,  817,  460,  159,  270,  586,  601,  797,  737,  249,  591,  878,  517,  477,  110,  507,  334,  367,  250,  457,  624,  430,  816,  565,  359,   51,  845,  685,  237,  777,  534,  436,  535,  246,  618,  359,  436,  442,  362,  883,  527,  604,  262,  410,  878,  378,  465,  513,  897,   37,  687,  738,  828,   91,  372,  137,  320,  679,  928,  511,  409,  607,  577,  852,  729,  439,  396,  347,  701,  775,  906,  197,  218,  902,  361,  812,  254,  983,  708,  310,  834,  513,  758,  294,  611,  800,  316,  290,  670,  342,  489,  262,  815,   38,  697,  542,  706,  497,  921,  529,  381,  415,  407,  900,  474,  338,  328,  804,  393,  322,  409,  758,  707,  687,  380,  715,   80,  376,  560,  288,  463,  410,   75,  608,  266,  463],
        [  630,    0,  538,  310,  496,  562,  219,  614,  466,  376,  200,  104,  627,  685,  413,  107,  798,  519,  660,    0,  505,  305,  426,  290,  772,  548,  662,  532,  398,  504,  678,  897,  723,  892,  280,  496,  235,  347,  438,  371,  240,  188,  225,  630,  462,  497,  549,  462,   66,   51,  834,   63,  151,  736,  238,  459,  768,  467,  605,  523,  440,  174,  263,  454,  309,  435,  221,  230,  376,  371,  703,  375,  624,  347,  463,  611,  385,  417,  176,  697,  795,  610,  294,   71,  536,  217,  386,  747,  855,  416,  286,  619,  711,  530,  413,  250,  550,  542,  492,  785,  261,  812,  808,  700,  308,  642,  428,  202,  271,  593,  521,  667,  728,  151,  372,  327,  259,  245,  395,  308,  427,  498,  364,  421,  239,  405,  435,  727,  547,  280,  794,  218,  742,  453,  275,  351,  454,  369,  391,  811,  401,  474,  348,  677,  440,  619,  254,  472,  489,  672,  520,  532,  316,  436,  434,  343,  395,  718,  388,  466,  876,  463,  781,  156,  326,  423,  776,  137,  150,   29,  573,  461,  739,  439,  745,  791,  628,  746,  722,  249,  401,  230],
        [  278,    0,  915,  808,  455,  669,  712,  521,  946,  721,  686,  607,  874,  326,  751,  607,  999,  479,  560,  505,    0,  280,  449,  216,  895,  279,  393,  419,  497, 1006,  367, 1035,  667, 1022,  450,  463,  444,  507,  551,  410,  622,  617,  281,  777,  965,  370,   48,  220,  440,  487,  998,  563,  645,  437,  482,  729,  808,  931,  840,  416,  321,  595,  679,  284,  782,  360,  639,  705,  712,  157,  516,  704,  772,  553,  566,  841,  784,  682,  668,  959,  881,  529,  461,  465,  634,  720,  120,  908, 1025,  419,  707,  784,  889,  778,  623,  740,   64,   52,  302,  911,  549,  438,  957,  929,  811,  524,  175,  404,  457,  562,  191,  462,  382,  635,  517,  668,  369,  269,  117,  811,  866,  122,  605,  238,  714,  869,  435,  737,  629,  773,  882,  486,  445,  957,  745,  425,  328,  142,  277,  498,  129,  930,  387,  775,  150,  265,  582,  310,  947,  542,  917,  840,  775,   89,  457,  164,  622,  879,  198,  406,  993,  228,  853,  553,  557,  266,  375,  640,  646,  512,  767,  884,  613,  659,  983,  478,  182,  340,  573,  672,  474,  328],
        [  514,    0,  818,  571,  549,  711,  474,  653,  770,  636,  444,  404,  853,  571,  672,  409, 1009,  576,  699,  305,  280,    0,  213,  164,  942,  471,  601,  547,  520,  794,  593, 1080,  793, 1071,  171,  260,  166,  235,  575,  446,  351,  358,  142,  806,  751,  497,  327,  378,  245,  314, 1028,  348,  455,  663,  204,  687,  895,  771,  824,  540,  430,  454,  548,  153,  613,  453,  505,  456,  631,  236,  695,  626,  799,  526,  597,  828,  670,  639,  433,  934,  947,  655,  183,  242,  677,  515,  197,  936, 1053,  480,  575,  803,  907,  751,  604,  497,  342,  296,  451,  958,  271,  695,  994,  921,  582,  669,  137,  136,  178,  665,  401,  645,  625,  455,  249,  581,  339,  103,  171,  600,  726,  343,  567,  360,  543,  709,  208,  834,  680,  531,  947,  211,  670,  737,  579,  444,  165,  205,   90,  734,  151,  777,  415,  829,  156,  502,  492,  444,  793,  695,  808,  783,  618,  258,  223,  180,  593,  906,  300,  210, 1048,  384,  925,  294,  516,  381,  638,  423,  454,  298,  770,  756,  770,  638,  972,  713,  453,  604,  738,  536,  506,  272],
        [  711,    0,  963,  601,  761,  912,  515,  866,  858,  796,  482,  501, 1033,  765,  833,  511, 1196,  788,  912,  426,  449,  213,    0,  377, 1142,  678,  807,  760,  723,  841,  794, 1277, 1005, 1269,  150,   72,  193,  120,  776,  653,  333,  376,  345, 1002,  799,  709,  492,  587,  385,  456, 1221,  443,  558,  865,  204,  864, 1102,  873, 1007,  753,  643,  598,  688,  178,  718,  665,  646,  478,  794,  445,  906,  791,  996,  716,  800, 1012,  811,  818,  483, 1109, 1151,  868,  140,  356,  879,  595,  398, 1130, 1245,  689,  712,  998, 1099,  932,  793,  525,  513,  445,  662, 1157,  233,  885, 1189, 1104,  623,  882,  275,  228,  161,  877,  602,  855,  821,  567,  108,  744,  541,  310,  362,  663,  847,  538,  751,  571,  653,  814,   20, 1044,  884,  558, 1150,  225,  873,  778,  689,  649,  136,  411,  174,  933,  333,  885,  623, 1031,  301,  698,  660,  656,  899,  907,  945,  950,  733,  454,   10,  390,  779, 1100,  511,   73, 1247,  594, 1130,  329,  703,  593,  823,  501,  555,  406,  960,  884,  982,  825, 1153,  912,  630,  788,  950,  674,  712,  475],
        [  378,    0,  726,  596,  386,  559,  502,  489,  733,  535,  477,  392,  724,  435,  567,  392,  870,  413,  535,  290,  216,  164,  377,    0,  792,  320,  449,  383,  369,  791,  447,  932,  629,  921,  309,  422,  284,  383,  425,  289,  438,  420,   71,  659,  749,  333,  259,  225,  227,  272,  883,  350,  430,  515,  319,  564,  736,  721,  693,  377,  266,  386,  474,  282,  569,  289,  433,  500,  527,   92,  534,  520,  653,  393,  446,  696,  587,  516,  458,  807,  792,  492,  324,  257,  524,  504,   97,  791,  909,  319,  503,  659,  765,  623,  470,  531,  261,  257,  291,  808,  385,  563,  847,  788,  598,  505,  195,  232,  311,  503,  262,  485,  486,  420,  402,  480,  197,   81,  114,  596,  661,  220,  440,  199,  500,  659,  372,  674,  525,  563,  793,  316,  522,  742,  532,  291,  311,   80,  231,  588,  134,  721,  259,  676,  192,  365,  390,  282,  738,  532,  723,  669,  564,  148,  386,   53,  463,  761,  143,  369,  896,  230,  769,  359,  389,  219,  515,  426,  430,  299,  631,  683,  606,  506,  840,  567,  348,  482,  575,  466,  353,  136],
        [  722,    0,  464,  917,  441,  234,  889,  410,  736,  449,  896,  769,  226,  729,  423,  755,  156,  419,  396,  772,  895,  942, 1142,  792,    0,  651,  614,  489,  424,  901,  667,  141,  310,  129, 1021, 1199,  978, 1098,  368,  505, 1005,  945,  802,  142,  886,  532,  901,  678,  780,  724,  114,  800,  733,  650,  994,  337,  144,  677,  216,  490,  575,  622,  576, 1074,  677,  536,  595,  931,  440,  770,  501,  435,  148,  431,  346,  208,  517,  365,  869,  245,   64,  397, 1037,  826,  268,  780,  831,   66,  140,  482,  575,  154,   99,  271,  359,  916,  878,  945,  601,   17, 1030,  770,   70,  186,  886,  427,  979,  927, 1016,  347,  727,  532,  715,  709, 1123,  473,  604,  840,  873,  821,  597,  783,  408,  658,  681,  664, 1142,  207,  269,  921,   61,  977,  648,  910,  667,  501, 1101,  804, 1021,  678,  906,  652,  534,  121,  968,  725,  522,  589,  661,  432,  506,  342,  640,  816, 1151,  809,  377,   74,  707, 1152,  106,  669,   86,  927,  449,  630,  804,  809,  738,  800,  205,  561,  407,  334,  208,  676,  839,  804,  442,  590,  440,  671],
        [   97,    0,  783,  850,  221,  444,  765,  251,  896,  601,  748,  632,  679,  143,  620,  626,  774,  237,  285,  548,  279,  471,  678,  320,  651,    0,  130,  163,  320,  998,  131,  787,  393,  772,  628,  709,  603,  701,  359,  252,  745,  716,  381,  552,  961,  129,  268,   96,  500,  508,  760,  610,  648,  196,  638,  567,  547,  864,  643,  163,  131,  554,  611,  539,  741,  164,  583,  777,  589,  236,  238,  578,  547,  409,  363,  643,  685,  528,  724,  762,  627,  262,  643,  544,  412,  728,  281,  676,  787,  230,  637,  565,  664,  596,  457,  797,  242,  321,   73,  666,  702,  265,  717,  721,  841,  249,  425,  550,  630,  305,   89,  185,  181,  629,  718,  558,  305,  400,  320,  818,  784,  159,  461,  130,  684,  809,  669,  473,  401,  825,  628,  633,  203,  963,  705,  279,  580,  268,  511,  270,  353,  855,  250,  532,  404,   91,  494,   95,  872,  264,  797,  679,  721,  231,  687,  292,  465,  649,  178,  652,  741,   92,  597,  660,  426,  127,  240,  676,  651,  568,  563,  787,  334,  488,  774,  250,  190,  217,  295,  611,  295,  319],
        [  128,    0,  825,  956,  242,  440,  875,  207,  971,  657,  860,  738,  686,  116,  670,  731,  753,  244,  221,  662,  393,  601,  807,  449,  614,  130,    0,  174,  370, 1087,   53,  743,  323,  726,  757,  836,  731,  830,  392,  325,  868,  835,  508,  540, 1051,  179,  373,  225,  617,  618,  727,  722,  748,   76,  765,  602,  492,  934,  650,  181,  224,  645,  689,  664,  823,  238,  667,  891,  643,  366,  134,  633,  536,  467,  388,  648,  746,  570,  835,  764,  579,  221,  772,  664,  414,  827,  409,  651,  754,  290,  713,  559,  646,  616,  497,  908,  345,  428,  171,  629,  829,  183,  683,  716,  944,  188,  550,  677,  759,  277,  209,   86,  107,  727,  847,  621,  407,  529,  447,  914,  849,  278,  513,  254,  773,  883,  797,  418,  399,  933,  581,  760,   81, 1057,  790,  353,  706,  397,  638,  150,  479,  921,  334,  504,  528,  137,  570,  190,  938,  188,  845,  709,  800,  356,  816,  421,  510,  628,  307,  779,  694,  220,  549,  782,  488,  243,  195,  784,  751,  683,  568,  846,  243,  522,  766,  131,  257,  191,  200,  691,  347,  434],
        [  244,    0,  652,  809,   69,  285,  735,  108,  801,  484,  724,  595,  525,  267,  496,  586,  612,   77,  153,  532,  419,  547,  760,  383,  489,  163,  174,    0,  197,  923,  218,  626,  253,  612,  680,  802,  647,  758,  219,  167,  756,  715,  426,  391,  889,   52,  418,  200,  499,  484,  598,  588,  597,  244,  677,  429,  391,  762,  488,    9,  118,  487,  522,  645,  658,  101,  503,  757,  470,  325,  172,  459,  387,  295,  217,  488,  573,  396,  697,  605,  467,  113,  696,  548,  254,  675,  383,  514,  625,  125,  544,  406,  502,  448,  323,  768,  393,  466,  117,  505,  734,  357,  555,  563,  794,  123,  537,  591,  679,  145,  239,  141,  277,  574,  779,  449,  274,  456,  426,  757,  677,  300,  340,  196,  612,  713,  754,  319,  242,  790,  468,  668,  247,  897,  626,  193,  682,  361,  605,  311,  460,  749,  185,  370,  520,  244,  404,  112,  765,  150,  671,  538,  632,  350,  769,  376,  336,  487,  255,  747,  582,  192,  439,  668,  317,  170,  360,  642,  601,  557,  407,  673,  224,  350,  615,  295,  352,  348,  197,  526,  175,  320],
        [  415,    0,  464,  640,  133,  191,  577,  237,  606,  288,  572,  437,  378,  451,  303,  426,  506,  144,  277,  398,  497,  520,  723,  369,  424,  320,  370,  197,    0,  733,  410,  563,  327,  553,  612,  778,  571,  690,   57,   88,  637,  585,  380,  291,  701,  199,  514,  300,  386,  348,  515,  445,  427,  440,  593,  248,  383,  566,  343,  190,  198,  309,  331,  651,  467,  159,  317,  606,  275,  356,  350,  264,  285,   99,   78,  345,  377,  208,  544,  463,  429,  228,  628,  436,  158,  500,  416,  423,  541,   91,  351,  293,  399,  285,  137,  609,  496,  548,  250,  440,  639,  551,  478,  433,  620,  269,  559,  517,  608,  199,  364,  333,  469,  403,  714,  253,  182,  417,  456,  577,  481,  401,  144,  265,  427,  517,  722,  333,  162,  627,  428,  578,  443,  710,  436,   78,  678,  388,  598,  506,  487,  553,  114,  310,  550,  411,  215,  228,  569,  299,  480,  361,  439,  411,  732,  389,  145,  393,  300,  729,  529,  293,  408,  551,  122,  240,  548,  484,  431,  426,  271,  477,  355,  170,  487,  491,  496,  531,  347,  336,   26,  249],
        [ 1090,    0,  450,  242,  864,  794,  328,  966,  168,  482,  361,  400,  680, 1140,  494,  400,  835,  876, 1001,  504, 1006,  794,  841,  791,  901,  998, 1087,  923,  733,    0, 1117,  973, 1018,  978,  699,  910,  666,  726,  735,  762,  512,  466,  728,  793,   43,  908, 1049,  928,  569,  521,  900,  449,  363, 1161,  643,  590,  975,  228,  685,  915,  871,  445,  402,  929,  266,  849,  421,  364,  496,  864, 1082,  505,  789,  637,  753,  693,  395,  587,  365,  699,  952,  955,  705,  555,  789,  287,  887,  847,  909,  800,  383,  768,  807,  639,  645,  316, 1048, 1045,  930,  908,  610, 1259,  899,  741,  219,  998,  926,  666,  687,  913,  994, 1063, 1174,  377,  746,  492,  696,  747,  898,  196,  304,  985,  606,  883,  315,  239,  856,  971,  807,  284,  950,  624, 1165,   66,  298,  734,  917,  868,  870, 1231,  904,  254,  754,  865,  939, 1081,  520,  907,  250, 1027,  407,  560,  295,  933,  845,  843,  624,  828,  867,  903,  979,  926,  955,  518,  611,  876, 1237,  372,  362,  502,  717,  342, 1074,  640,  757, 1215, 1115, 1212, 1074,  398,  750,  701],
        [   91,    0,  869,  977,  286,  491,  894,  259, 1006,  697,  877,  759,  736,   65,  711,  752,  804,  291,  273,  678,  367,  593,  794,  447,  667,  131,   53,  218,  410, 1117,    0,  795,  374,  778,  753,  819,  731,  825,  436,  358,  875,  846,  511,  591, 1081,  214,  341,  225,  630,  637,  779,  739,  772,   72,  766,  646,  544,  970,  700,  223,  247,  673,  723,  644,  855,  269,  698,  907,  684,  360,  182,  673,  588,  506,  434,  698,  785,  613,  852,  814,  632,  273,  768,  675,  463,  852,  397,  703,  806,  326,  747,  609,  698,  664,  540,  926,  314,  398,  189,  681,  831,  144,  735,  767,  967,  240,  530,  678,  756,  328,  193,  137,   60,  752,  841,  660,  429,  527,  432,  940,  887,  258,  554,  260,  803,  918,  783,  469,  449,  953,  633,  762,   79, 1084,  821,  385,  687,  389,  623,  142,  463,  959,  363,  556,  507,  102,  603,  211,  976,  240,  888,  755,  833,  341,  803,  415,  552,  680,  307,  762,  746,  221,  601,  790,  526,  256,  144,  804,  775,  698,  617,  886,  291,  567,  817,  121,  216,  139,  248,  724,  386,  448],
        [  855,    0,  525, 1017,  581,  374,  998,  542,  806,  553, 1009,  886,  300,  858,  523,  872,  142,  558,  523,  897, 1035, 1080, 1277,  932,  141,  787,  743,  626,  563,  973,  795,    0,  427,   19, 1154, 1336, 1110, 1230,  507,  645, 1126, 1064,  939,  276,  964,  670, 1041,  818,  911,  851,   74,  921,  845,  772, 1125,  447,  253,  746,  307,  628,  715,  740,  684, 1214,  771,  676,  708, 1043,  546,  911,  622,  543,  282,  563,  486,  299,  608,  483,  982,  277,  164,  530, 1170,  954,  409,  884,  972,  151,   69,  623,  679,  281,  188,  376,  488, 1023, 1017, 1085,  740,  125, 1157,  890,   90,  233,  984,  556, 1119, 1060, 1148,  483,  865,  659,  841,  822, 1255,  586,  742,  978, 1014,  916,  674,  922,  535,  798,  784,  743, 1278,  326,  410, 1025,  162, 1107,  769,  990,  766,  641, 1240,  945, 1160,  793, 1046,  720,  674,  261, 1109,  858,  644,  728,  726,  557,  568,  422,  734,  956, 1287,  949,  505,  180,  847, 1289,   52,  809,  195, 1051,  579,  770,  929,  923,  851,  925,  324,  633,  522,  459,  222,  793,  975,  931,  560,  699,  580,  809],
        [  443,    0,  649,  958,  245,  230,  901,  146,  870,  538,  897,  762,  447,  438,  532,  750,  461,  219,  108,  723,  667,  793, 1005,  629,  310,  393,  323,  253,  327, 1018,  374,  427,    0,  409,  914, 1050,  877,  993,  298,  364,  961,  911,  664,  284,  992,  305,  660,  451,  706,  673,  422,  771,  747,  346,  903,  439,  174,  819,  417,  258,  368,  627,  627,  897,  759,  341,  625,  932,  524,  577,  197,  514,  284,  401,  275,  412,  629,  433,  869,  508,  265,  140,  930,  756,  230,  816,  636,  359,  447,  322,  640,  310,  367,  416,  375,  932,  634,  711,  367,  323,  955,  464,  378,  452,  935,  144,  789,  821,  912,  133,  480,  237,  416,  723, 1015,  528,  484,  697,  679,  885,  731,  546,  418,  448,  732,  785, 1000,  103,  212,  948,  267,  891,  343, 1007,  734,  378,  933,  613,  856,  369,  713,  800,  393,  221,  772,  449,  525,  364,  813,  136,  682,  517,  725,  602, 1014,  627,  396,  343,  507,  997,  376,  443,  234,  873,  427,  422,  503,  808,  752,  751,  343,  711,   98,  379,  494,  368,  570,  508,  135,  636,  323,  544],
