{
    "name": "random-72-31994",
    "comment": "size=72 seed=31994",
    "nodes": ["+0", "-0", "+1", "-1", "+2", "-2", "+3", "-3", "+4", "-4", "+5", "-5", "+6", "-6", "+7", "-7", "+8", "-8", "+9", "-9", "+10", "-10", "+11", "-11", "+12", "-12", "+13", "-13", "+14", "-14", "+15", "-15", "+16", "-16", "+17", "-17", "+18", "-18", "+19", "-19", "+20", "-20", "+21", "-21", "+22", "-22", "+23", "-23", "+24", "-24", "+25", "-25", "+26", "-26", "+27", "-27", "+28", "-28", "+29", "-29", "+30", "-30", "+31", "-31", "+32", "-32", "+33", "-33", "+34", "-34", "+35", "-35", "+36", "-36", "+37", "-37", "+38", "-38", "+39", "-39", "+40", "-40", "+41", "-41", "+42", "-42", "+43", "-43", "+44", "-44", "+45", "-45", "+46", "-46", "+47", "-47", "+48", "-48", "+49", "-49", "+50", "-50", "+51", "-51", "+52", "-52", "+53", "-53", "+54", "-54", "+55", "-55", "+56", "-56", "+57", "-57", "+58", "-58", "+59", "-59", "+60", "-60", "+61", "-61", "+62", "-62", "+63", "-63", "+64", "-64", "+65", "-65", "+66", "-66", "+67", "-67", "+68", "-68", "+69", "-69", "+70", "-70", "+71", "-71", "+72", "-72"],
    "precedence": {
        "+0": "-0",
        "+1": "-1",
        "+2": "-2",
        "+3": "-3",
        "+4": "-4",
        "+5": "-5",
        "+6": "-6",
        "+7": "-7",
        "+8": "-8",
        "+9": "-9",
        "+10": "-10",
        "+11": "-11",
        "+12": "-12",
        "+13": "-13",
        "+14": "-14",
        "+15": "-15",
        "+16": "-16",
        "+17": "-17",
        "+18": "-18",
        "+19": "-19",
        "+20": "-20",
        "+21": "-21",
        "+22": "-22",
        "+23": "-23",
        "+24": "-24",
        "+25": "-25",
        "+26": "-26",
        "+27": "-27",
        "+28": "-28",
        "+29": "-29",
        "+30": "-30",
        "+31": "-31",
        "+32": "-32",
        "+33": "-33",
        "+34": "-34",
        "+35": "-35",
        "+36": "-36",
        "+37": "-37",
        "+38": "-38",
        "+39": "-39",
        "+40": "-40",
        "+41": "-41",
        "+42": "-42",
        "+43": "-43",
        "+44": "-44",
        "+45": "-45",
        "+46": "-46",
        "+47": "-47",
        "+48": "-48",
        "+49": "-49",
        "+50": "-50",
        "+51": "-51",
        "+52": "-52",
        "+53": "-53",
        "+54": "-54",
        "+55": "-55",
        "+56": "-56",
        "+57": "-57",
        "+58": "-58",
        "+59": "-59",
        "+60": "-60",
        "+61": "-61",
        "+62": "-62",
        "+63": "-63",
        "+64": "-64",
        "+65": "-65",
        "+66": "-66",
        "+67": "-67",
        "+68": "-68",
        "+69": "-69",
        "+70": "-70",
        "+71": "-71",
        "+72": "-72"
    },
    "edges": [
        [    0,    0,  811,  422,   90,  783,  861,  857,  681,  890,  830,  786,  662,  914,   94,   38,  879,  885,  724,   62,  897,  168,  689,  818,  775,  750,  142,  490,  620,  593,  419,  403,  867,  776,  814,  883,  701,  658,  831,  798,  359,  760,  497, 1210,  919,  285,  610,  268,  516,  787,  907,  335,   96,  192,  711,  805,  678,  910,  825, 1004,  215,  873,  838, 1050,  844,  652,  356,  402,  439,  685,  966,  531,  221,  611,  939,  660,  999,  942,  419,  137,  542,  674,  604,  377,  332,   48,  921,  624,  483,  479,  843,  357,  854,  792,  820,  745,  145,  704,  298,  194,  593,  590,  788,  591,  484,  996,  819,  921,  150,  352,  357,  701,  748,  108,  661,  985, 1070,  371,  786,  341,  660,  149,  833,  436,  720, 1000,  608,  678,  587, 1091,  873,  952,  663,  886, 1156,  963,  270, 1028,  988,  752,  709,  410,  441,  831,  501,  921],
        [    0,    0,    0,    0,    0,    0,    0,    0,    0,    0,    0,    0,    0,    0,    0,    0,    0,    0,    0,    0,    0,    0,    0,    0,    0,    0,    0,    0,    0,    0,    0,    0,    0,    0,    0,    0,    0,    0,    0,    0,    0,    0,    0,    0,    0,    0,    0,    0,    0,    0,    0,    0,    0,    0,    0,    0,    0,    0,    0,    0,    0,    0,    0,    0,    0,    0,    0,    0,    0,    0,    0,    0,    0,    0,    0,    0,    0,    0,    0,    0,    0,    0,    0,    0,    0,    0,    0,    0,    0,    0,    0,    0,    0,    0,    0,    0,    0,    0,    0,    0,    0,    0,    0,    0,    0,    0,    0,    0,    0,    0,    0,    0,    0,    0,    0,    0,    0,    0,    0,    0,    0,    0,    0,    0,    0,    0,    0,    0,    0,    0,    0,    0,    0,    0,    0,    0,    0,    0,    0,    0,    0,    0,    0,    0,    0,    0],
        [  811,    0,    0,  508,  732,   34,  251,  427,  482,  131,  107,   36,  288,  701,  717,  825,  428,   80,  789,  832,  760,  909,  309,  250,  552,  368,  885,  365,  637,  221,  688,  834,  887, 1037,    9,  708,  157,  258,  414,  311,  860,  115,  522,  641,  543,  532,  238,  779,  752,  636,  263,  787,  740,  625,  150,  572,  793,  309,   28,  596,  691,  822,  647,  490,  520,  775,  501,  580,  809,  213,  444,  439,  662,  700,  134,  842,  422,  529,  416,  789,  279,  626,  782,  486,  495,  768,  538,  192,  645,  435,  790,  508,  640, 1026,  945,   72,  850,  263,  583,  861,  723,  418,  606,  414,  404,  592,  296,  112,  818,  483,  671,  326,  383,  704,  166,  649,  411,  670,  208,  775,  162,  749,  899,  907,  890,  347,  300,  380,  420,  664,  651,  164,  825,  245,  608,  249,  729,  497,  647,  737,  273,  487,  375,   53,  313,  727],
        [  422,    0,  508,    0,  382,  491,  667,  756,  658,  540,  482,  498,  269,  936,  350,  452,  771,  564,  862,  411,  957,  452,  285,  424,  766,  646,  433,  377,  707,  307,  596,  681, 1004, 1022,  507,  920,  359,  494,  730,  652,  669,  417,  535, 1076,  857,  280,  270,  558,  704,  820,  515,  607,  403,  252,  368,  797,  834,  508,  531,  937,  226,  973,  859,  908,  796,  808,   95,  499,  689,  492,  835,  501,  418,  737,  610,  850,  843,  864,  328,  336,  248,  738,  781,  372,  305,  398,  856,  373,  612,   76,  938,  374,  866, 1027, 1004,  462,  393,  545,  401,  568,  739,  541,  805,  539,  104,  931,  660,  603,  512,  130,  538,  581,  652,  344,  343,  953,  876,  547,  587,  603,  348,  300,  988,  744,  913,  804,  225,  594,  539, 1024,  884,  670,  842,  681, 1030,  729,  521,  899,  954,  852,  556,   36,  205,  547,  240,  954],
        [   90,    0,  732,  382,    0,  703,  772,  768,  593,  816,  757,  706,  603,  831,   36,   94,  789,  807,  653,  140,  818,  248,  632,  756,  689,  661,  220,  402,  541,  516,  346,  356,  799,  729,  735,  801,  629,  570,  742,  709,  323,  687,  410, 1121,  831,  201,  540,  218,  450,  704,  843,  283,   24,  132,  639,  719,  609,  850,  744,  916,  211,  799,  755,  960,  756,  583,  304,  317,  385,  598,  877,  442,  136,  536,  861,  598,  909,  854,  332,  178,  469,  593,  538,  288,  246,   43,  833,  543,  405,  430,  767,  268,  770,  743,  759,  664,  211,  616,  210,  188,  521,  501,  704,  502,  429,  908,  730,  842,  133,  292,  282,  612,  658,   39,  587,  899,  981,  295,  698,  286,  585,  169,  767,  402,  660,  911,  547,  588,  497, 1004,  789,  869,  599,  798, 1067,  876,  206,  938,  902,  677,  621,  364,  367,  749,  426,  840],
        [  783,    0,   34,  491,  703,    0,  237,  406,  452,  162,  130,    9,  285,  677,  689,  796,  409,  113,  758,  805,  734,  885,  309,  265,  525,  342,  859,  332,  605,  197,  655,  801,  859, 1005,   40,  682,  151,  226,  391,  289,  827,  121,  489,  637,  522,  503,  223,  746,  719,  609,  288,  754,  711,  598,  146,  546,  761,  332,   43,  579,  668,  794,  621,  481,  497,  743,  479,  546,  776,  181,  431,  406,  631,  668,  166,  810,  413,  510,  385,  764,  255,  596,  749,  454,  464,  739,  518,  161,  612,  419,  762,  476,  615,  994,  915,   40,  825,  233,  551,  830,  691,  385,  579,  382,  388,  575,  276,  143,  787,  459,  638,  297,  356,  676,  148,  629,  411,  637,  185,  742,  143,  725,  869,  874,  859,  344,  290,  350,  388,  649,  626,  181,  793,  234,  601,  251,  697,  486,  628,  708,  244,  469,  349,   57,  288,  703],
        [  861,    0,  251,  667,  772,  237,    0,  189,  315,  364,  356,  229,  510,  471,  769,  864,  185,  286,  615,  897,  540,  992,  539,  500,  348,  179,  964,  372,  488,  363,  612,  762,  687,  879,  258,  485,  377,  203,  183,  100,  801,  357,  438,  414,  299,  581,  423,  748,  640,  433,  509,  734,  773,  699,  374,  359,  633,  557,  226,  346,  799,  613,  430,  251,  292,  621,  627,  526,  724,  183,  195,  363,  667,  556,  313,  691,  183,  281,  444,  878,  419,  459,  643,  487,  530,  814,  294,  295,  548,  605,  585,  509,  419,  861,  763,  239,  936,  158,  580,  854,  585,  314,  400,  311,  570,  343,   73,  282,  822,  597,  619,  184,  193,  755,  354,  403,  215,  612,   81,  721,  345,  841,  708,  829,  728,  143,  502,  234,  318,  414,  426,  203,  672,   31,  373,  123,  701,  251,  401,  551,  155,  637,  481,  201,  430,  499],
        [  857,    0,  427,  756,  768,  406,  189,    0,  199,  549,  534,  399,  653,  283,  774,  852,   23,  472,  455,  904,  353, 1007,  687,  670,  180,  113,  978,  399,  359,  477,  530,  671,  508,  722,  435,  299,  528,  264,   28,  120,  720,  521,  374,  354,  117,  600,  551,  691,  527,  259,  690,  661,  763,  724,  528,  182,  482,  736,  406,  185,  843,  431,  247,  198,  106,  476,  696,  474,  626,  278,  115,  327,  644,  423,  501,  545,  165,  112,  470,  903,  523,  315,  509,  485,  546,  810,  113,  407,  456,  706,  406,  503,  234,  701,  594,  398,  957,  216,  560,  809,  456,  268,  226,  267,  671,  179,  131,  470,  788,  660,  556,  177,  112,  760,  493,  223,  269,  546,  222,  648,  483,  870,  534,  731,  572,  227,  633,  182,  271,  269,  239,  389,  525,  210,  299,  286,  650,  172,  223,  385,  204,  722,  554,  382,  518,  310],
        [  681,    0,  482,  658,  593,  452,  315,  199,    0,  612,  579,  447,  627,  279,  604,  672,  221,  548,  309,  732,  309,  838,  666,  691,  109,  137,  810,  282,  174,  435,  331,  473,  409,  568,  489,  266,  527,  234,  178,  216,  521,  543,  185,  541,  238,  449,  515,  495,  334,  172,  734,  463,  585,  571,  531,  141,  321,  773,  469,  323,  699,  351,  204,  395,  163,  307,  582,  284,  429,  275,  314,  165,  462,  241,  591,  378,  363,  264,  337,  743,  461,  148,  329,  327,  397,  635,  241,  377,  257,  625,  317,  341,  209,  553,  465,  427,  793,  219,  384,  615,  271,  117,  150,  119,  592,  315,  244,  560,  598,  543,  361,  156,  123,  590,  479,  312,  461,  350,  293,  450,  469,  714,  418,  534,  417,  409,  592,  102,  119,  411,  227,  508,  358,  345,  486,  436,  457,  366,  314,  256,  209,  622,  455,  452,  440,  298],
        [  890,    0,  131,  540,  816,  162,  364,  549,  612,    0,   61,  166,  281,  826,  798,  908,  547,   81,  919,  904,  888,  971,  285,  174,  682,  497,  948,  478,  767,  303,  809,  952, 1018, 1167,  124,  835,  191,  387,  537,  436,  973,  131,  647,  723,  662,  622,  284,  886,  877,  766,  148,  900,  828,  700,  181,  701,  923,  199,  146,  709,  746,  952,  775,  585,  646,  905,  555,  697,  929,  342,  550,  564,  762,  829,   88,  971,  520,  645,  520,  850,  349,  757,  910,  594,  591,  850,  657,  298,  769,  464,  920,  614,  768, 1156, 1076,  193,  911,  394,  688,  960,  852,  546,  736,  543,  440,  706,  419,  102,  913,  545,  786,  457,  512,  786,  231,  767,  486,  786,  334,  889,  233,  811, 1030, 1025, 1020,  433,  316,  511,  549,  770,  778,  209,  954,  351,  697,  327,  837,  597,  765,  868,  404,  527,  451,  168,  392,  853],
        [  830,    0,  107,  482,  757,  130,  356,  534,  579,   61,    0,  136,  228,  806,  738,  848,  535,   99,  883,  843,  864,  911,  238,  148,  655,  472,  888,  425,  727,  244,  758,  899,  987, 1126,   99,  812,  130,  348,  520,  417,  919,   71,  600,  737,  649,  563,  224,  830,  830,  738,  158,  846,  768,  639,  120,  676,  883,  203,  130,  702,  686,  924,  750,  591,  626,  864,  495,  646,  878,  305,  548,  518,  704,  788,  133,  930,  524,  635,  464,  790,  289,  721,  867,  538,  533,  790,  644,  245,  722,  406,  891,  558,  745, 1116, 1040,  153,  851,  362,  632,  902,  809,  505,  709,  501,  381,  698,  403,  135,  855,  485,  733,  426,  486,  726,  171,  755,  502,  734,  314,  835,  174,  751,  996,  972,  981,  443,  259,  477,  507,  768,  756,  232,  913,  348,  706,  339,  781,  599,  754,  835,  373,  468,  391,  156,  332,  832],
        [  786,    0,   36,  498,  706,    9,  229,  399,  447,  166,  136,    0,  293,  670,  693,  799,  402,  113,  754,  809,  728,  889,  317,  273,  520,  336,  864,  333,  602,  202,  654,  801,  854, 1002,   43,  676,  159,  223,  384,  282,  827,  129,  488,  629,  515,  506,  230,  747,  717,  603,  294,  754,  714,  602,  154,  540,  757,  338,   39,  571,  673,  789,  615,  473,  490,  740,  484,  546,  775,  178,  423,  404,  633,  665,  166,  807,  405,  503,  387,  769,  261,  592,  747,  455,  467,  743,  511,  164,  610,  426,  757,  477,  609,  991,  911,   42,  830,  229,  553,  832,  688,  382,  574,  379,  394,  567,  269,  141,  789,  464,  638,  292,  350,  679,  155,  622,  402,  636,  178,  742,  150,  730,  864,  873,  855,  336,  298,  346,  385,  641,  620,  174,  789,  226,  593,  243,  697,  478,  620,  703,  239,  475,  353,   50,  293,  696],
        [  662,    0,  288,  269,  603,  285,  510,  653,  627,  281,  228,  293,    0,  893,  577,  687,  661,  322,  900,  664,  935,  717,   40,  158,  725,  561,  696,  384,  737,  194,  702,  824, 1026, 1111,  284,  888,  135,  404,  632,  534,  829,  176,  578,  919,  767,  433,  114,  727,  795,  798,  249,  759,  619,  474,  139,  752,  887,  248,  315,  835,  489,  976,  824,  759,  724,  864,  308,  588,  815,  377,  700,  510,  587,  786,  360,  921,  691,  763,  385,  598,  183,  749,  853,  459,  424,  629,  764,  254,  688,  195,  941,  473,  825, 1108, 1055,  272,  657,  442,  534,  772,  800,  524,  774,  520,  181,  830,  530,  360,  719,  312,  660,  499,  572,  567,  161,  872,  695,  664,  441,  750,  171,  560, 1023,  895,  979,  627,   57,  536,  524,  913,  839,  447,  908,  513,  881,  534,  681,  760,  872,  868,  455,  264,  260,  338,  225,  916],
        [  914,    0,  701,  936,  831,  677,  471,  283,  279,  826,  806,  670,  893,    0,  849,  897,  290,  752,  275,  970,   82, 1078,  930,  935,  172,  338, 1051,  560,  297,  703,  509,  609,  257,  514,  709,   42,  781,  489,  290,  391,  668,  785,  431,  446,  186,  714,  782,  684,  448,  128,  963,  632,  819,  832,  783,  142,  324, 1008,  682,  206,  964,  174,   79,  377,  181,  334,  859,  515,  558,  520,  336,  439,  695,  328,  783,  386,  395,  220,  613,  995,  736,  241,  385,  592,  665,  871,  193,  639,  436,  903,  164,  603,   71,  486,  363,  661, 1039,  456,  630,  806,  357,  396,  134,  398,  870,  201,  409,  752,  805,  820,  562,  395,  325,  836,  737,  131,  500,  549,  494,  620,  727,  970,  297,  648,  382,  485,  862,  359,  397,  252,   54,  671,  366,  493,  396,  563,  658,  343,  136,  205,  443,  900,  734,  659,  717,   28],
        [   94,    0,  717,  350,   36,  689,  769,  774,  604,  798,  738,  693,  577,  849,    0,  111,  795,  792,  679,  130,  838,  235,  606,  731,  702,  665,  206,  398,  561,  500,  372,  390,  824,  762,  720,  819,  610,  567,  747,  710,  358,  668,  423, 1127,  841,  191,  519,  252,  477,  721,  820,  316,   60,  104,  620,  733,  636,  825,  731,  926,  176,  822,  771,  964,  767,  609,  275,  334,  416,  592,  881,  449,  157,  559,  845,  626,  912,  863,  327,  151,  450,  611,  566,  290,  240,   53,  843,  530,  427,  400,  790,  271,  786,  775,  788,  651,  191,  614,  221,  223,  546,  508,  720,  508,  401,  918,  730,  828,  168,  266,  306,  613,  663,   15,  569,  912,  980,  320,  694,  318,  567,  138,  794,  437,  689,  910,  522,  593,  504, 1014,  805,  858,  627,  794, 1073,  871,  236,  943,  915,  699,  620,  333,  348,  737,  408,  858],
        [   38,    0,  825,  452,   94,  796,  864,  852,  672,  908,  848,  799,  687,  897,  111,    0,  874,  900,  700,   94,  878,  193,  715,  841,  763,  747,  169,  494,  602,  608,  397,  371,  842,  744,  828,  865,  720,  662,  826,  798,  326,  778,  487, 1205,  909,  294,  629,  239,  491,  771,  930,  306,   91,  214,  730,  792,  653,  934,  837,  994,  250,  850,  822, 1046,  834,  627,  382,  390,  409,  690,  962,  526,  210,  589,  954,  632,  997,  934,  425,  174,  560,  657,  579,  378,  339,   59,  912,  636,  464,  506,  821,  356,  839,  761,  792,  757,  177,  706,  293,  158,  570,  585,  774,  587,  510,  986,  819,  935,  117,  375,  337,  700,  744,  123,  678,  973, 1071,  351,  790,  312,  676,  186,  806,  402,  691, 1002,  632,  674,  582, 1081,  858,  962,  636,  889, 1150,  969,  246, 1023,  976,  731,  711,  438,  458,  842,  517,  904],
        [  879,    0,  428,  771,  789,  409,  185,   23,  221,  547,  535,  402,  661,  290,  795,  874,    0,  470,  473,  924,  363, 1027,  695,  674,  198,  132,  999,  418,  380,  488,  552,  693,  522,  739,  436,  309,  535,  278,   48,  128,  742,  526,  397,  332,  115,  620,  561,  713,  549,  275,  690,  684,  785,  744,  534,  197,  501,  737,  406,  175,  862,  443,  259,  175,  119,  496,  713,  496,  648,  289,   93,  348,  665,  444,  497,  565,  144,  103,  489,  923,  536,  335,  529,  505,  566,  831,  110,  418,  478,  720,  419,  524,  245,  718,  609,  402,  977,  229,  582,  831,  477,  289,  243,  288,  685,  170,  134,  466,  810,  677,  578,  194,  132,  780,  501,  221,  248,  569,  226,  670,  491,  890,  549,  753,  590,  210,  643,  202,  293,  256,  249,  381,  544,  204,  279,  274,  672,  150,  219,  402,  217,  738,  570,  382,  532,  318],
        [  885,    0,   80,  564,  807,  113,  286,  472,  548,   81,   99,  113,  322,  752,  792,  900,  470,    0,  857,  904,  815,  979,  335,  243,  611,  427,  955,  445,  708,  293,  767,  913,  950, 1109,   75,  762,  206,  332,  462,  362,  939,  150,  600,  645,  585,  609,  297,  858,  828,  696,  228,  866,  817,  698,  197,  629,  863,  278,   81,  630,  757,  882,  703,  505,  571,  846,  566,  659,  887,  286,  471,  516,  741,  772,   55,  914,  440,  566,  495,  858,  348,  695,  855,  566,  573,  843,  579,  270,  722,  489,  851,  587,  694, 1097, 1012,  151,  919,  331,  662,  940,  796,  492,  665,  488,  461,  627,  343,   40,  896,  551,  750,  392,  442,  779,  230,  689,  409,  749,  262,  854,  229,  818,  964,  986,  961,  354,  346,  448,  495,  690,  704,  135,  896,  272,  618,  248,  808,  517,  687,  802,  340,  547,  447,   97,  386,  779],
        [  724,    0,  789,  862,  653,  758,  615,  455,  309,  919,  883,  754,  900,  275,  679,  700,  473,  857,    0,  785,  215,  891,  940,  985,  276,  439,  865,  519,  164,  709,  308,  362,  147,  267,  796,  234,  817,  535,  446,  516,  421,  841,  331,  712,  411,  596,  787,  466,  211,  202, 1035,  404,  636,  693,  823,  278,   54, 1072,  778,  465,  825,  156,  238,  614,  359,   74,  772,  370,  311,  578,  550,  390,  523,  126,  900,  111,  609,  449,  542,  829,  721,  163,  127,  490,  559,  687,  418,  663,  259,  850,  134,  490,  259,  247,  158,  730,  862,  527,  485,  581,  133,  383,  233,  387,  822,  458,  543,  869,  593,  733,  373,  465,  425,  669,  766,  400,  718,  359,  601,  394,  756,  813,  127,  386,  118,  681,  856,  409,  382,  524,  270,  813,   92,  643,  659,  730,  455,  579,  405,   76,  517,  827,  681,  761,  687,  265],
        [   62,    0,  832,  411,  140,  805,  897,  904,  732,  904,  843,  809,  664,  970,  130,   94,  924,  904,  785,    0,  955,  109,  688,  821,  828,  795,   82,  526,  678,  612,  478,  464,  928,  837,  834,  940,  714,  694,  877,  839,  419,  773,  550, 1256,  969,  317,  621,  329,  577,  843,  911,  397,  152,  208,  724,  858,  738,  910,  847, 1054,  191,  933,  894, 1094,  895,  713,  357,  456,  500,  718, 1010,  578,  275,  670,  957,  721, 1041,  992,  454,   91,  558,  731,  666,  420,  368,  100,  971,  649,  541,  474,  902,  401,  909,  854,  881,  768,   84,  742,  348,  251,  653,  637,  843,  638,  484, 1047,  859,  941,  210,  360,  416,  743,  793,  145,  677, 1038, 1109,  430,  820,  402,  677,  116,  894,  496,  781, 1038,  611,  723,  633, 1142,  928,  978,  724,  921, 1202,  996,  331, 1073, 1041,  812,  748,  404,  458,  855,  519,  978],
        [  897,    0,  760,  957,  818,  734,  540,  353,  309,  888,  864,  728,  935,   82,  838,  878,  363,  815,  215,  955,    0, 1064,  973,  988,  212,  393, 1036,  584,  278,  743,  483,  567,  175,  436,  768,   55,  829,  535,  357,  453,  626,  838,  433,  524,  265,  719,  823,  655,  408,  139, 1022,  598,  804,  832,  832,  189,  266, 1065,  743,  287,  965,   93,  114,  459,  248,  282,  874,  507,  515,  570,  416,  457,  683,  293,  849,  324,  475,  300,  630,  988,  770,  229,  335,  600,  673,  856,  272,  682,  415,  929,   88,  607,  122,  408,  284,  716, 1028,  507,  625,  775,  318,  422,  161,  424,  897,  283,  474,  818,  779,  835,  541,  444,  379,  826,  783,  211,  581,  528,  555,  587,  773,  965,  217,  598,  311,  563,  901,  401,  422,  328,  115,  741,  306,  563,  476,  637,  634,  424,  216,  154,  495,  921,  758,  721,  747,   60],
        [  168,    0,  909,  452,  248,  885,  992, 1007,  838,  971,  911,  889,  717, 1078,  235,  193, 1027,  979,  891,  109, 1064,    0,  736,  873,  935,  897,   29,  623,  786,  689,  586,  562, 1034,  932,  911, 1048,  782,  790,  980,  938,  514,  841,  657, 1359, 1075,  413,  688,  432,  682,  951,  964,  498,  260,  294,  791,  966,  844,  959,  927, 1160,  228, 1040, 1002, 1195, 1001,  819,  417,  564,  601,  811, 1112,  683,  383,  778, 1030,  825, 1141, 1097,  550,  122,  632,  839,  771,  522,  466,  209, 1077,  732,  649,  522, 1010,  504, 1017,  950,  984,  848,   61,  839,  455,  340,  760,  741,  951,  742,  538, 1153,  957, 1017,  307,  428,  524,  843,  896,  249,  750, 1146, 1205,  537,  914,  505,  751,  161,  999,  588,  884, 1133,  667,  826,  738, 1249, 1036, 1061,  829, 1015, 1305, 1086,  437, 1175, 1149,  920,  846,  453,  536,  936,  597, 1086],
        [  689,    0,  309,  285,  632,  309,  539,  687,  666,  285,  238,  317,   40,  930,  606,  715,  695,  335,  940,  688,  973,  736,    0,  141,  763,  597,  717,  424,  777,  233,  741,  861, 1065, 1151,  304,  926,  162,  441,  666,  568,  866,  194,  618,  946,  802,  468,  153,  762,  835,  837,  231,  796,  649,  502,  165,  790,  927,  224,  336,  869,  509, 1015,  862,  788,  760,  904,  334,  627,  854,  413,  731,  550,  622,  826,  368,  960,  719,  797,  424,  619,  223,  788,  892,  498,  461,  657,  798,  292,  728,  215,  980,  511,  862, 1148, 1095,  300,  677,  478,  571,  804,  840,  563,  813,  560,  206,  864,  563,  372,  751,  341,  698,  536,  608,  596,  195,  907,  718,  703,  473,  788,  205,  581, 1063,  932, 1019,  653,   93,  574,  564,  945,  877,  464,  948,  541,  909,  557,  717,  790,  907,  908,  491,  285,  297,  360,  264,  954],
        [  818,    0,  250,  424,  756,  265,  500,  670,  691,  174,  148,  273,  158,  935,  731,  841,  674,  243,  985,  821,  988,  873,  141,    0,  777,  598,  853,  490,  824,  288,  822,  953, 1099, 1214,  243,  938,  168,  457,  654,  552,  964,  151,  679,  885,  787,  578,  228,  866,  906,  857,   92,  892,  771,  628,  163,  800,  979,   98,  276,  844,  645, 1041,  875,  738,  757,  958,  464,  707,  939,  419,  693,  603,  729,  880,  261, 1020,  671,  775,  508,  755,  307,  826,  954,  585,  561,  783,  782,  323,  797,  351, 1007,  602,  871, 1208, 1142,  275,  814,  481,  669,  920,  898,  602,  829,  599,  338,  840,  540,  273,  868,  466,  786,  545,  611,  721,  222,  893,  650,  789,  449,  883,  231,  717, 1103, 1025, 1075,  591,  211,  592,  604,  913,  884,  377, 1005,  494,  854,  487,  818,  746,  892,  944,  494,  421,  400,  302,  353,  961],
        [  775,    0,  552,  766,  689,  525,  348,  180,  109,  682,  655,  520,  725,  172,  702,  763,  198,  611,  276,  828,  212,  935,  763,  777,    0,  185,  907,  390,  197,  534,  396,  524,  341,  543,  560,  163,  618,  324,  171,  253,  578,  627,  279,  476,  161,  554,  614,  569,  369,   86,  812,  528,  679,  675,  620,   32,  304,  854,  537,  238,  804,  271,  100,  351,   91,  300,  690,  374,  475,  358,  280,  273,  555,  255,  649,  368,  337,  195,  446,  845,  565,  145,  337,  432,  503,  730,  166,  472,  319,  732,  240,  445,  102,  522,  418,  506,  892,  296,  482,  692,  288,  226,   55,  228,  699,  231,  277,  617,  681,  652,  438,  233,  170,  689,  572,  211,  444,  426,  350,  515,  562,  817,  361,  577,  393,  406,  693,  190,  228,  322,  119,  550,  347,  374,  421,  458,  536,  318,  214,  207,  284,  731,  564,  516,  546,  193],
        [  750,    0,  368,  646,  661,  342,  179,  113,  137,  497,  472,  336,  561,  338,  665,  747,  132,  427,  439,  795,  393,  897,  597,  598,  185,    0,  869,  286,  310,  377,  448,  596,  523,  702,  376,  341,  444,  160,   87,   79,  640,  447,  281,  462,  213,  488,  454,  599,  465,  270,  629,  577,  657,  613,  445,  205,  455,  672,  352,  292,  730,  455,  279,  300,  164,  443,  584,  378,  555,  184,  216,  222,  540,  377,  466,  513,  252,  219,  357,  792,  418,  281,  465,  375,  434,  703,  211,  309,  379,  599,  424,  395,  274,  685,  591,  324,  846,  119,  455,  713,  407,  164,  239,  162,  564,  285,  108,  435,  689,  548,  466,   66,   15,  651,  402,  315,  340,  457,  166,  563,  392,  759,  539,  661,  551,  280,  536,   74,  168,  379,  286,  374,  493,  209,  409,  299,  556,  279,  315,  379,  106,  612,  443,  332,  410,  364],
        [  142,    0,  885,  433,  220,  859,  964,  978,  810,  948,  888,  864,  696, 1051,  206,  169,  999,  955,  865,   82, 1036,   29,  717,  853,  907,  869,    0,  595,  759,  664,  559,  539, 1008,  911,  886, 1020,  758,  762,  952,  910,  493,  818,  629, 1331, 1046,  385,  665,  407,  657,  923,  944,  474,  233,  267,  768,  938,  819,  940,  902, 1132,  208, 1013,  974, 1167,  973,  793,  394,  537,  578,  784, 1084,  654,  356,  751, 1006,  800, 1113, 1068,  522,   99,  608,  812,  745,  494,  438,  181, 1049,  706,  622,  503,  983,  476,  989,  928,  960,  823,   42,  811,  427,  319,  734,  713,  923,  713,  517, 1124,  929,  992,  284,  404,  497,  815,  868,  220,  726, 1117, 1177,  511,  886,  480,  726,  138,  974,  567,  860, 1106,  646,  798,  709, 1220, 1008, 1035,  804,  987, 1277, 1060,  411, 1147, 1120,  893,  818,  433,  511,  911,  572, 1059],
        [  490,    0,  365,  377,  402,  332,  372,  399,  282,  478,  425,  333,  384,  560,  398,  494,  418,  445,  519,  526,  584,  623,  424,  490,  390,  286,  595,    0,  356,  202,  335,  475,  651,  729,  370,  546,  325,  169,  372,  317,  496,  365,  194,  744,  489,  211,  274,  415,  417,  447,  558,  423,  404,  332,  332,  421,  504,  584,  370,  573,  445,  610,  484,  577,  424,  480,  303,  221,  454,  197,  496,  132,  307,  403,  498,  537,  520,  502,   74,  512,  203,  376,  469,  125,  159,  443,  489,  181,  308,  345,  575,  147,  490,  725,  673,  294,  569,  216,  223,  504,  416,  165,  430,  163,  313,  565,  335,  474,  465,  266,  309,  226,  289,  384,  271,  581,  583,  309,  296,  412,  263,  477,  644,  548,  595,  512,  338,  224,  164,  661,  508,  479,  524,  396,  692,  475,  365,  560,  582,  495,  223,  341,  175,  368,  169,  579],
        [  620,    0,  637,  707,  541,  605,  488,  359,  174,  767,  727,  602,  737,  297,  561,  602,  380,  708,  164,  678,  278,  786,  777,  824,  197,  310,  759,  356,    0,  547,  213,  328,  298,  401,  644,  263,  656,  380,  342,  389,  384,  682,  172,  672,  357,  451,  624,  388,  172,  173,  878,  339,  526,  558,  662,  217,  157,  913,  628,  431,  691,  271,  225,  544,  286,  139,  618,  231,  279,  425,  469,  227,  405,   68,  754,  207,  523,  391,  383,  710,  557,   58,  155,  337,  409,  578,  362,  502,  140,  691,  237,  341,  244,  390,  320,  576,  750,  379,  349,  511,   99,  223,  184,  227,  662,  424,  417,  724,  508,  580,  266,  321,  297,  549,  604,  389,  627,  253,  461,  327,  595,  688,  289,  380,  254,  578,  693,  264,  221,  509,  262,  678,  189,  518,  617,  609,  362,  512,  393,  148,  371,  671,  520,  613,  524,  302],
        [  593,    0,  221,  307,  516,  197,  363,  477,  435,  303,  244,  202,  194,  703,  500,  608,  488,  293,  709,  612,  743,  689,  233,  288,  534,  377,  664,  202,  547,    0,  534,  668,  833,  929,  223,  697,  126,  218,  454,  362,  683,  176,  394,  776,  587,  320,   81,  590,  618,  606,  360,  610,  527,  405,  135,  562,  699,  384,  239,  661,  472,  783,  633,  609,  539,  677,  284,  419,  652,  200,  541,  321,  461,  599,  346,  736,  543,  588,  225,  568,   61,  556,  669,  301,  290,  551,  585,   71,  510,  243,  748,  320,  634,  924,  866,  162,  629,  261,  391,  659,  614,  331,  582,  328,  208,  655,  365,  330,  611,  263,  501,  313,  387,  487,   75,  691,  570,  503,  285,  600,   70,  529,  832,  741,  793,  498,  160,  345,  332,  743,  650,  375,  722,  375,  732,  423,  541,  604,  691,  676,  274,  281,  154,  250,   93,  726],
        [  419,    0,  688,  596,  346,  655,  612,  530,  331,  809,  758,  654,  702,  509,  372,  397,  552,  767,  308,  478,  483,  586,  741,  822,  396,  448,  559,  335,  213,  534,    0,  151,  453,  427,  695,  474,  658,  444,  507,  520,  192,  699,  175,  868,  555,  317,  599,  176,  111,  385,  892,  133,  329,  395,  666,  421,  265,  917,  688,  634,  525,  455,  437,  726,  480,  238,  502,  115,  121,  488,  644,  257,  217,  193,  819,  261,  692,  586,  317,  522,  521,  270,  197,  244,  295,  380,  559,  514,   77,  602,  425,  233,  456,  432,  422,  619,  555,  467,  196,  299,  176,  299,  394,  302,  581,  627,  548,  792,  297,  467,   67,  429,  439,  362,  604,  599,  787,   54,  560,  119,  597,  507,  423,  222,  325,  728,  650,  381,  295,  716,  474,  773,  259,  642,  812,  733,  152,  697,  603,  335,  465,  563,  450,  681,  478,  512],
        [  403,    0,  834,  681,  356,  801,  762,  671,  473,  952,  899,  801,  824,  609,  390,  371,  693,  913,  362,  464,  567,  562,  861,  953,  524,  596,  539,  475,  328,  668,  151,    0,  491,  375,  840,  571,  793,  594,  650,  669,   60,  838,  326,  999,  684,  407,  727,  139,  162,  495, 1027,   76,  334,  448,  802,  545,  310, 1049,  836,  759,  562,  517,  546,  865,  612,  289,  588,  255,   52,  637,  785,  407,  265,  283,  966,  273,  835,  718,  445,  529,  648,  385,  235,  368,  402,  377,  689,  655,  217,  701,  494,  352,  567,  391,  426,  764,  547,  618,  292,  229,  253,  449,  511,  452,  685,  751,  697,  939,  256,  558,  167,  579,  586,  385,  740,  714,  932,  166,  711,   78,  734,  525,  450,   74,  327,  875,  769,  530,  445,  836,  584,  923,  282,  792,  944,  883,  162,  834,  718,  413,  616,  652,  565,  829,  602,  607],
        [  867,    0,  887, 1004,  799,  859,  687,  508,  409, 1018,  987,  854, 1026,  257,  824,  842,  522,  950,  147,  928,  175, 1034, 1065, 1099,  341,  523, 1008,  651,  298,  833,  453,  491,    0,  271,  895,  223,  934,  643,  507,  593,  550,  952,  469,  697,  433,  741,  912,  605,  352,  255, 1143,  541,  780,  840,  938,  329,  190, 1182,  873,  462,  972,   83,  263,  632,  403,  216,  914,  516,  443,  683,  583,  520,  669,  272,  988,  219,  643,  470,  680,  975,  850,  277,  264,  632,  703,  831,  441,  781,  405,  988,  103,  634,  279,  240,  115,  835, 1007,  626,  631,  717,  280,  503,  288,  506,  960,  457,  618,  957,  733,  876,  519,  562,  508,  814,  884,  385,  751,  505,  689,  533,  874,  959,   52,  503,  177,  728,  985,  510,  502,  499,  279,  890,  210,  713,  650,  793,  598,  597,  390,  158,  615,  968,  818,  854,  819,  234],
        [  776,    0, 1037, 1022,  729, 1005,  879,  722,  568, 1167, 1126, 1002, 1111,  514,  762,  744,  739, 1109,  267,  837,  436,  932, 1151, 1214,  543,  702,  911,  729,  401,  929,  427,  375,  271,    0, 1045,  475, 1046,  780,  712,  780,  419, 1077,  536,  959,  672,  743, 1002,  513,  321,  466, 1273,  447,  707,  810, 1053,  543,  248, 1306, 1029,  716,  931,  347,  495,  875,  624,  263,  928,  531,  347,  825,  815,  612,  624,  338, 1155,  196,  874,  710,  731,  904,  929,  421,  261,  664,  721,  751,  679,  893,  424, 1027,  351,  656,  515,   33,  156,  975,  920,  780,  622,  594,  317,  621,  498,  625, 1005,  710,  807, 1124,  628,  893,  486,  720,  687,  756,  993,  644,  983,  476,  860,  445,  984,  898,  222,  346,  152,  948, 1063,  664,  619,  763,  522, 1075,  213,  908,  909,  996,  528,  840,  649,  338,  772,  990,  869, 1014,  889,  495],
        [  814,    0,    9,  507,  735,   40,  258,  435,  489,  124,   99,   43,  284,  709,  720,  828,  436,   75,  796,  834,  768,  911,  304,  243,  560,  376,  886,  370,  644,  223,  695,  840,  895, 1045,    0,  716,  154,  265,  422,  319,  865,  110,  529,  647,  550,  535,  237,  784,  758,  644,  255,  792,  743,  627,  147,  580,  800,  302,   34,  604,  692,  830,  655,  497,  528,  782,  501,  586,  815,  220,  451,  446,  666,  707,  129,  849,  429,  536,  421,  790,  280,  634,  789,  491,  499,  771,  546,  196,  652,  433,  798,  512,  648, 1033,  953,   77,  851,  271,  588,  866,  730,  425,  614,  421,  403,  600,  304,  108,  822,  484,  677,  334,  391,  707,  165,  656,  416,  676,  216,  781,  162,  751,  907,  913,  898,  353,  297,  388,  428,  671,  659,  166,  832,  252,  615,  254,  734,  504,  655,  745,  281,  487,  376,   60,  315,  735],
        [  883,    0,  708,  920,  801,  682,  485,  299,  266,  835,  812,  676,  888,   42,  819,  865,  309,  762,  234,  940,   55, 1048,  926,  938,  163,  341, 1020,  546,  263,  697,  474,  571,  223,  475,  716,    0,  780,  486,  303,  400,  629,  787,  405,  485,  212,  691,  777,  648,  409,  102,  970,  595,  788,  807,  782,  138,  283, 1013,  690,  242,  939,  141,   64,  409,  194,  294,  840,  486,  519,  520,  363,  421,  665,  290,  795,  345,  422,  248,  595,  967,  727,  209,  345,  570,  643,  840,  220,  635,  402,  890,  126,  579,   68,  448,  326,  665, 1010,  457,  603,  771,  319,  382,  117,  384,  857,  237,  420,  764,  771,  801,  529,  394,  328,  807,  735,  170,  529,  516,  502,  583,  725,  943,  260,  608,  341,  510,  856,  353,  383,  292,   61,  687,  325,  508,  435,  582,  624,  375,  175,  164,  444,  884,  720,  668,  705,   39],
        [  701,    0,  157,  359,  629,  151,  377,  528,  527,  191,  130,  159,  135,  781,  610,  720,  535,  206,  817,  714,  829,  782,  162,  168,  618,  444,  758,  325,  656,  126,  658,  793,  934, 1046,  154,  780,    0,  295,  509,  409,  808,   60,  512,  785,  644,  438,   94,  715,  740,  696,  234,  736,  641,  510,   11,  643,  811,  261,  183,  709,  557,  878,  717,  626,  607,  790,  366,  544,  777,  261,  569,  435,  584,  712,  253,  852,  558,  637,  350,  660,  161,  660,  786,  427,  413,  662,  640,  155,  631,  284,  844,  445,  715, 1040,  975,  138,  721,  325,  516,  780,  730,  435,  669,  432,  256,  704,  403,  245,  731,  355,  627,  386,  456,  598,   55,  750,  561,  628,  312,  726,   63,  621,  937,  866,  907,  493,  143,  430,  436,  784,  728,  320,  837,  379,  748,  401,  666,  628,  750,  778,  338,  342,  263,  205,  206,  805],
        [  658,    0,  258,  494,  570,  226,  203,  264,  234,  387,  348,  223,  404,  489,  567,  662,  278,  332,  535,  694,  535,  790,  441,  457,  324,  160,  762,  169,  380,  218,  444,  594,  643,  780,  265,  486,  295,    0,  239,  160,  626,  309,  272,  589,  371,  378,  295,  560,  497,  401,  502,  556,  571,  497,  298,  350,  536,  540,  252,  448,  602,  584,  423,  421,  322,  518,  440,  344,  563,   46,  343,  188,  468,  442,  381,  585,  359,  374,  241,  677,  260,  374,  524,  287,  327,  611,  369,  151,  393,  443,  551,  309,  422,  769,  692,  196,  735,   52,  382,  660,  466,  160,  375,  157,  408,  441,  172,  352,  625,  407,  438,   96,  170,  552,  249,  474,  416,  434,  130,  543,  239,  641,  649,  665,  634,  344,  377,  135,  163,  532,  436,  330,  567,  228,  540,  310,  512,  408,  475,  489,   63,  461,  295,  240,  255,  513],
        [  831,    0,  414,  730,  742,  391,  183,   28,  178,  537,  520,  384,  632,  290,  747,  826,   48,  462,  446,  877,  357,  980,  666,  654,  171,   87,  952,  372,  342,  454,  507,  650,  507,  712,  422,  303,  509,  239,    0,  103,  698,  505,  350,  380,  136,  573,  528,  667,  508,  254,  676,  638,  737,  697,  509,  178,  471,  722,  393,  209,  816,  431,  247,  222,  110,  463,  670,  449,  606,  256,  139,  300,  618,  407,  493,  533,  186,  135,  443,  876,  499,  301,  494,  458,  519,  784,  133,  384,  434,  681,  404,  477,  236,  692,  588,  381,  930,  193,  534,  784,  439,  241,  221,  240,  646,  202,  119,  462,  763,  634,  532,  151,   85,  733,  472,  242,  286,  522,  207,  625,  462,  843,  530,  711,  562,  239,  611,  155,  245,  294,  244,  385,  512,  207,  326,  288,  625,  198,  241,  378,  180,  697,  528,  370,  493,  318],
        [  798,    0,  311,  652,  709,  289,  100,  120,  216,  436,  417,  282,  534,  391,  710,  798,  128,  362,  516,  839,  453,  938,  568,  552,  253,   79,  910,  317,  389,  362,  520,  669,  593,  780,  319,  400,  409,  160,  103,    0,  711,  402,  349,  430,  236,  526,  434,  664,  543,  339,  574,  646,  707,  648,  408,  268,  533,  620,  292,  302,  758,  522,  341,  262,  210,  522,  599,  442,  630,  164,  184,  281,  594,  456,  397,  592,  204,  230,  390,  828,  412,  359,  544,  421,  473,  751,  232,  292,  454,  598,  493,  442,  333,  762,  666,  278,  885,  108,  508,  775,  486,  226,  307,  224,  562,  297,   29,  366,  747,  566,  533,   99,   93,  695,  374,  343,  276,  525,  104,  633,  364,  793,  612,  736,  628,  211,  516,  140,  230,  382,  342,  298,  572,  130,  381,  221,  619,  249,  342,  454,   98,  619,  454,  269,  412,  417],
        [  359,    0,  860,  669,  323,  827,  801,  720,  521,  973,  919,  827,  829,  668,  358,  326,  742,  939,  421,  419,  626,  514,  866,  964,  578,  640,  493,  496,  384,  683,  192,   60,  550,  419,  865,  629,  808,  626,  698,  711,    0,  856,  364, 1053,  737,  402,  737,  112,  221,  552, 1041,   74,  300,  427,  817,  600,  369, 1061,  862,  814,  533,  577,  604,  915,  665,  348,  577,  283,  112,  669,  834,  442,  252,  341,  992,  331,  883,  771,  458,  490,  657,  441,  295,  382,  406,  339,  743,  676,  265,  695,  553,  364,  624,  437,  481,  789,  503,  654,  296,  177,  311,  488,  567,  491,  682,  806,  739,  966,  210,  550,  190,  618,  631,  355,  756,  771,  978,  193,  747,   85,  750,  489,  507,   80,  383,  919,  774,  572,  484,  892,  641,  956,  341,  831,  997,  922,  151,  885,  775,  473,  653,  641,  570,  857,  612,  666],
        [  760,    0,  115,  417,  687,  121,  357,  521,  543,  131,   71,  129,  176,  785,  668,  778,  526,  150,  841,  773,  838,  841,  194,  151,  627,  447,  818,  365,  682,  176,  699,  838,  952, 1077,  110,  787,   60,  309,  505,  402,  856,    0,  546,  755,  638,  494,  154,  765,  776,  707,  197,  783,  698,  569,   50,  650,  838,  232,  143,  697,  617,  892,  724,  601,  607,  818,  426,  586,  819,  270,  551,  466,  637,  741,  194,  882,  533,  627,  399,  720,  219,  681,  818,  474,  466,  720,  633,  187,  667,  341,  859,  494,  721, 1069,  999,  124,  781,  331,  566,  834,  760,  459,  679,  456,  315,  693,  392,  189,  786,  415,  672,  394,  460,  656,  102,  744,  526,  673,  300,  772,  107,  681,  958,  911,  935,  461,  197,  443,  461,  769,  733,  272,  866,  354,  721,  363,  716,  606,  743,  797,  343,  401,  321,  168,  262,  810],
