{
    "name": "random-30-27549",
    "comment": "size=30 seed=27549",
    "nodes": ["+0", "-0", "+1", "-1", "+2", "-2", "+3", "-3", "+4", "-4", "+5", "-5", "+6", "-6", "+7", "-7", "+8", "-8", "+9", "-9", "+10", "-10", "+11", "-11", "+12", "-12", "+13", "-13", "+14", "-14", "+15", "-15", "+16", "-16", "+17", "-17", "+18", "-18", "+19", "-19", "+20", "-20", "+21", "-21", "+22", "-22", "+23", "-23", "+24", "-24", "+25", "-25", "+26", "-26", "+27", "-27", "+28", "-28", "+29", "-29", "+30", "-30"],
    "precedence": {
        "+0": "-0",
        "+1": "-1",
        "+2": "-2",
        "+3": "-3",
        "+4": "-4",
        "+5": "-5",
        "+6": "-6",
        "+7": "-7",
        "+8": "-8",
        "+9": "-9",
        "+10": "-10",
        "+11": "-11",
        "+12": "-12",
        "+13": "-13",
        "+14": "-14",
        "+15": "-15",
        "+16": "-16",
        "+17": "-17",
        "+18": "-18",
        "+19": "-19",
        "+20": "-20",
        "+21": "-21",
        "+22": "-22",
        "+23": "-23",
        "+24": "-24",
        "+25": "-25",
        "+26": "-26",
        "+27": "-27",
        "+28": "-28",
        "+29": "-29",
        "+30": "-30"
    },
    "edges": [
        [    0,    0,  509,  232,  374,   57, 1069,  662,  572,  558,  460,  706,  313,  461,  377,  772,  409,  829,  513,  528,  313,  239,  871,  477,  243,  501,  805,  518,  434,  523,  879,  107,  671,  713,  761,  778,   65,  534,  675,  644,  278,  787,  525,  495,   91,  968,  713,  229,  468,  375,  113,  134,  773,  479,  587,  907,  382,  899,  593,  615,  412,  440],
        [    0,    0,  509,  232,  374,   57, 1069,  662,  572,  558,  460,  706,  313,  461,  377,  772,  409,  829,  513,  528,  313,  239,  871,  477,  243,  501,  805,  518,  434,  523,  879,  107,  671,  713,  761,  778,   65,  534,  675,  644,  278,  787,  525,  495,   91,  968,  713,  229,  468,  375,  113,  134,  773,  479,  587,  907,  382,  899,  593,  615,  412,  440],
        [  509,  509,    0,  456,  136,  548,  670,  507,  701,  238,  560,  355,  418,   79,  269,  316,  429,  392,   10,  312,  590,  271,  369,  393,  338,  213,  308,  441,  384,   74,  462,  437,  311,  486,  475,  610,  492,  105,  592,  390,  274,  578,  581,  597,  455,  587,  205,  505,  422,  263,  397,  452,  267,  541,  101,  402,  551,  544,  363,  146,  325,  668],
        [  232,  232,  456,    0,  332,  217, 1103,  781,  772,  404,  643,  751,  470,  444,  221,  765,  184,  836,  463,  607,  142,  245,  774,  599,  120,  354,  761,  649,  222,  501,  717,  138,  507,  810,  838,  901,  281,  523,  820,  724,  350,  896,  701,  682,  146, 1010,  640,  432,  602,  453,  206,  322,  714,  652,  500,  848,  162,  952,  399,  594,  222,  654],
        [  374,  374,  136,  332,    0,  412,  773,  519,  644,  259,  500,  430,  335,  112,  186,  433,  345,  504,  141,  323,  472,  136,  499,  366,  212,  209,  441,  420,  314,  170,  549,  302,  363,  522,  532,  634,  361,  192,  588,  428,  170,  614,  534,  540,  320,  683,  340,  397,  387,  209,  262,  328,  403,  489,  216,  538,  448,  629,  359,  263,  254,  585],
        [   57,   57,  548,  217,  412,    0, 1122,  718,  620,  577,  513,  759,  369,  505,  391,  821,  400,  879,  553,  583,  274,  279,  906,  534,  257,  520,  849,  575,  433,  567,  898,  120,  688,  770,  817,  834,  119,  580,  731,  700,  330,  844,  578,  547,  100, 1022,  751,  280,  525,  429,  155,  190,  814,  533,  621,  949,  354,  953,  600,  661,  418,  484],
        [ 1069, 1069,  670, 1103,  773, 1122,    0,  506,  846,  866,  788,  363,  802,  661,  937,  360, 1098,  280,  660,  548, 1244,  870,  602,  633,  984,  866,  435,  621, 1052,  609,  879, 1041,  877,  416,  339,  464, 1022,  583,  582,  442,  793,  408,  745,  794, 1054,  104,  572,  929,  661,  694,  973,  955,  502,  750,  681,  449, 1217,  183,  991,  525,  994,  935],
        [  662,  662,  507,  781,  519,  718,  506,    0,  346,  742,  287,  251,  353,  442,  703,  425,  855,  410,  498,  199,  917,  541,  729,  186,  679,  708,  542,  145,  831,  436,  933,  674,  815,   92,  174,  120,  602,  408,  103,  138,  431,  129,  240,  290,  681,  406,  585,  469,  195,  331,  596,  530,  573,  249,  588,  642,  931,  326,  862,  430,  772,  431],
        [  572,  572,  701,  772,  644,  620,  846,  346,    0,  901,  145,  575,  319,  622,  792,  740,  908,  742,  696,  429,  880,  587, 1010,  319,  710,  852,  844,  285,  906,  650, 1162,  637, 1000,  437,  520,  394,  508,  631,  267,  456,  486,  443,  127,  105,  634,  749,  847,  345,  285,  442,  567,  452,  858,  160,  800,  953,  933,  670,  999,  687,  857,  153],
        [  558,  558,  238,  404,  259,  577,  866,  742,  901,    0,  757,  585,  592,  301,  188,  507,  284,  588,  247,  545,  504,  355,  393,  612,  321,   58,  448,  663,  226,  311,  322,  458,  114,  723,  709,  847,  569,  341,  823,  627,  425,  815,  789,  797,  478,  796,  306,  643,  637,  462,  458,  558,  385,  745,  187,  502,  427,  763,  128,  360,  190,  841],
        [  460,  460,  560,  643,  500,  513,  788,  287,  145,  757,    0,  477,  179,  482,  650,  630,  770,  643,  556,  308,  760,  446,  882,  193,  573,  708,  726,  177,  766,  512, 1022,  512,  856,  373,  450,  374,  396,  496,  248,  363,  342,  408,   68,   42,  511,  686,  715,  234,  157,  300,  438,  332,  733,   39,  660,  836,  804,  606,  855,  557,  715,  149],
        [  706,  706,  355,  751,  430,  759,  363,  251,  575,  585,  477,    0,  450,  322,  608,  175,  770,  167,  345,  192,  892,  512,  487,  295,  633,  567,  295,  301,  732,  283,  715,  680,  633,  179,  131,  306,  660,  253,  353,  120,  431,  257,  454,  496,  693,  264,  361,  577,  328,  331,  611,  593,  333,  441,  406,  392,  877,  201,  713,  229,  671,  624],
        [  313,  313,  418,  470,  335,  369,  802,  353,  319,  592,  179,  450,    0,  342,  473,  567,  592,  602,  416,  258,  594,  268,  769,  175,  395,  540,  640,  208,  587,  386,  875,  344,  697,  414,  473,  467,  251,  378,  364,  361,  169,  480,  232,  220,  347,  698,  598,  128,  158,  162,  267,  180,  632,  183,  519,  752,  630,  622,  683,  453,  538,  252],
        [  461,  461,   79,  444,  112,  505,  661,  442,  622,  301,  482,  322,  342,    0,  287,  324,  449,  393,   76,  245,  583,  228,  435,  317,  324,  267,  345,  366,  412,   63,  541,  402,  385,  431,  431,  550,  437,   80,  522,  335,  206,  524,  503,  519,  419,  572,  266,  433,  345,  184,  351,  390,  316,  463,  179,  449,  558,  520,  421,  157,  352,  590],
        [  377,  377,  269,  221,  186,  391,  937,  703,  792,  188,  650,  608,  473,  287,    0,  583,  163,  660,  278,  508,  337,  208,  556,  542,  135,  134,  560,  596,  129,  331,  508,  274,  298,  708,  716,  819,  396,  359,  767,  613,  308,  800,  694,  691,  293,  853,  430,  494,  558,  382,  285,  397,  507,  646,  289,  638,  284,  805,  224,  414,   70,  708],
        [  772,  772,  316,  765,  433,  821,  360,  425,  740,  507,  630,  175,  567,  324,  583,    0,  742,   81,  307,  324,  902,  549,  321,  438,  645,  507,  123,  458,  694,  264,  569,  723,  527,  352,  290,  475,  738,  245,  527,  291,  498,  422,  615,  654,  739,  291,  226,  688,  474,  419,  666,  679,  174,  597,  321,  218,  866,  273,  633,  172,  637,  772],
        [  409,  409,  429,  184,  345,  400, 1098,  855,  908,  284,  770,  770,  592,  449,  163,  742,    0,  820,  438,  664,  232,  329,  677,  686,  199,  252,  709,  740,   59,  493,  567,  306,  366,  866,  877,  973,  450,  521,  913,  772,  440,  957,  821,  811,  319, 1015,  573,  583,  698,  527,  354,  475,  651,  773,  435,  777,  144,  967,  235,  574,  106,  806],
        [  829,  829,  392,  836,  504,  879,  280,  410,  742,  588,  643,  167,  602,  393,  660,   81,  820,    0,  383,  348,  975,  613,  378,  458,  716,  587,  183,  468,  773,  336,  639,  787,  606,  327,  254,  440,  791,  313,  510,  287,  552,  383,  621,  663,  802,  211,  303,  727,  492,  465,  726,  728,  244,  608,  402,  251,  942,  201,  714,  247,  715,  789],
        [  513,  513,   10,  463,  141,  553,  660,  498,  696,  247,  556,  345,  416,   76,  278,  307,  438,  383,    0,  305,  598,  275,  367,  387,  345,  223,  301,  435,  394,   65,  467,  442,  319,  477,  465,  601,  495,   95,  584,  381,  274,  569,  575,  593,  460,  577,  202,  504,  416,  259,  401,  453,  262,  536,  105,  397,  560,  534,  372,  136,  335,  665],
        [  528,  528,  312,  607,  323,  583,  548,  199,  429,  545,  308,  192,  258,  245,  508,  324,  664,  348,  305,    0,  747,  363,  582,  115,  498,  510,  419,  145,  637,  245,  756,  516,  623,  204,  236,  311,  477,  220,  280,  119,  263,  294,  302,  335,  527,  446,  422,  385,  151,  158,  442,  408,  430,  276,  400,  529,  749,  373,  664,  261,  577,  448],
        [  313,  313,  590,  142,  472,  274, 1244,  917,  880,  504,  760,  892,  594,  583,  337,  902,  232,  975,  598,  747,    0,  385,  889,  733,  260,  461,  893,  782,  288,  640,  798,  250,  595,  949,  979, 1037,  374,  663,  951,  865,  488, 1034,  821,  797,  249, 1151,  766,  536,  734,  592,  328,  430,  842,  773,  625,  974,  108, 1093,  466,  731,  314,  752],
        [  239,  239,  271,  245,  136,  279,  870,  541,  587,  355,  446,  512,  268,  228,  208,  549,  329,  613,  275,  363,  385,    0,  634,  363,  139,  298,  571,  416,  320,  290,  666,  175,  467,  566,  594,  661,  228,  305,  589,  480,  113,  653,  494,  487,  191,  774,  475,  291,  372,  211,  127,  204,  536,  446,  351,  671,  390,  712,  426,  384,  271,  501],
        [  871,  871,  369,  774,  499,  906,  602,  729, 1010,  393,  882,  487,  769,  435,  556,  321,  677,  378,  367,  582,  889,  634,    0,  692,  669,  429,  198,  727,  619,  384,  278,  790,  340,  666,  610,  793,  859,  392,  830,  591,  640,  741,  884,  913,  809,  571,  171,  868,  727,  607,  760,  820,  157,  854,  285,  155,  819,  578,  483,  325,  578, 1008],
        [  477,  477,  393,  599,  366,  534,  633,  186,  319,  612,  193,  295,  175,  317,  542,  438,  686,  458,  387,  115,  733,  363,  692,    0,  502,  569,  533,   55,  668,  335,  850,  489,  701,  240,  300,  305,  419,  314,  227,  192,  251,  310,  194,  222,  495,  530,  528,  299,   36,  161,  411,  347,  542,  163,  488,  644,  752,  452,  723,  368,  611,  334],
        [  243,  243,  338,  120,  212,  257,  984,  679,  710,  321,  573,  633,  395,  324,  135,  645,  199,  716,  345,  498,  260,  139,  669,  502,    0,  265,  645,  554,  205,  381,  642,  139,  432,  701,  725,  799,  268,  403,  727,  613,  251,  790,  626,  614,  158,  892,  528,  387,  510,  349,  162,  282,  599,  577,  389,  734,  253,  834,  351,  474,  172,  609],
        [  501,  501,  213,  354,  209,  520,  866,  708,  852,   58,  708,  567,  540,  267,  134,  507,  252,  587,  223,  510,  461,  298,  429,  569,  265,    0,  461,  622,  197,  287,  379,  402,  172,  695,  688,  816,  511,  317,  785,  599,  372,  788,  742,  748,  421,  791,  322,  586,  593,  416,  400,  500,  401,  697,  189,  526,  392,  753,  155,  348,  150,  787],
        [  805,  805,  308,  761,  441,  849,  435,  542,  844,  448,  726,  295,  640,  345,  560,  123,  709,  183,  301,  419,  893,  571,  198,  533,  645,  461,    0,  559,  656,  283,  457,  742,  444,  473,  413,  598,  779,  276,  645,  406,  543,  545,  718,  753,  759,  387,  143,  753,  569,  482,  694,  728,   67,  695,  274,  112,  843,  384,  566,  194,  604,  862],
        [  518,  518,  441,  649,  420,  575,  621,  145,  285,  663,  177,  301,  208,  366,  596,  458,  740,  468,  435,  145,  782,  416,  727,   55,  554,  622,  559,    0,  722,  380,  895,  536,  750,  213,  283,  260,  458,  358,  174,  187,  303,  272,  159,  197,  542,  518,  566,  326,   51,  215,  458,  386,  574,  141,  535,  669,  803,  439,  776,  405,  665,  324],
        [  434,  434,  384,  222,  314,  433, 1052,  831,  906,  226,  766,  732,  587,  412,  129,  694,   59,  773,  394,  637,  288,  320,  619,  668,  205,  197,  656,  722,    0,  451,  511,  329,  308,  836,  842,  947,  469,  480,  893,  741,  428,  928,  813,  806,  344,  971,  518,  591,  683,  508,  366,  486,  598,  765,  383,  722,  202,  926,  182,  528,   61,  811],
        [  523,  523,   74,  501,  170,  567,  609,  436,  650,  311,  512,  283,  386,   63,  331,  264,  493,  336,   65,  245,  640,  290,  384,  335,  381,  287,  283,  380,  451,    0,  515,  464,  379,  413,  401,  537,  498,   31,  524,  317,  264,  505,  527,  548,  481,  522,  213,  486,  367,  225,  413,  449,  257,  490,  155,  388,  609,  475,  436,   95,  391,  630],
        [  879,  879,  462,  717,  549,  898,  879,  933, 1162,  322, 1022,  715,  875,  541,  508,  569,  567,  639,  467,  756,  798,  666,  278,  850,  642,  379,  457,  895,  511,  515,    0,  780,  211,  886,  844, 1016,  887,  537, 1028,  799,  717,  971, 1041, 1059,  799,  841,  355,  945,  881,  724,  777,  870,  397, 1003,  363,  433,  706,  839,  334,  504,  496, 1126],
        [  107,  107,  437,  138,  302,  120, 1041,  674,  637,  458,  512,  680,  344,  402,  274,  723,  306,  787,  442,  516,  250,  175,  790,  489,  139,  402,  742,  536,  329,  464,  780,    0,  570,  714,  751,  793,  146,  479,  703,  635,  254,  795,  572,  550,   20,  943,  638,  295,  487,  359,   79,  186,  704,  524,  506,  839,  297,  878,  488,  558,  306,  517],
        [  671,  671,  311,  507,  363,  688,  877,  815, 1000,  114,  856,  633,  697,  385,  298,  527,  366,  606,  319,  623,  595,  467,  340,  701,  432,  172,  444,  750,  308,  379,  211,  570,    0,  786,  762,  913,  683,  407,  902,  692,  531,  877,  884,  895,  589,  817,  305,  753,  728,  558,  571,  670,  378,  842,  230,  473,  508,  795,  146,  405,  287,  947],
        [  713,  713,  486,  810,  522,  770,  416,   92,  437,  723,  373,  179,  414,  431,  708,  352,  866,  327,  477,  204,  949,  566,  666,  240,  701,  695,  473,  213,  836,  413,  886,  714,  786,    0,   83,  130,  657,  383,  186,   97,  463,   93,  330,  379,  723,  316,  533,  537,  259,  358,  637,  586,  511,  334,  556,  568,  953,  236,  847,  387,  776,  519],
        [  761,  761,  475,  838,  532,  817,  339,  174,  520,  709,  450,  131,  473,  431,  716,  290,  877,  254,  465,  236,  979,  594,  610,  300,  725,  688,  413,  283,  842,  401,  844,  751,  762,   83,    0,  187,  709,  371,  267,  118,  498,  132,  410,  459,  762,  236,  490,  599,  325,  393,  678,  638,  458,  412,  533,  501,  974,  156,  836,  358,  782,  598],
        [  778,  778,  610,  901,  634,  834,  464,  120,  394,  847,  374,  306,  467,  550,  819,  475,  973,  440,  601,  311, 1037,  661,  793,  305,  799,  816,  598,  260,  947,  537, 1016,  793,  913,  130,  187,    0,  717,  508,  131,  222,  551,   61,  315,  366,  800,  375,  663,  578,  310,  451,  715,  646,  638,  338,  684,  688, 1050,  302,  970,  516,  888,  507],
        [   65,   65,  492,  281,  361,  119, 1022,  602,  508,  569,  396,  660,  251,  437,  396,  738,  450,  791,  495,  477,  374,  228,  859,  419,  268,  511,  779,  458,  469,  498,  887,  146,  683,  657,  709,  717,    0,  505,  613,  592,  241,  729,  461,  431,  136,  921,  696,  164,  408,  330,  112,   73,  752,  415,  577,  885,  437,  849,  617,  587,  439,  379],
        [  534,  534,  105,  523,  192,  580,  583,  408,  631,  341,  496,  253,  378,   80,  359,  245,  521,  313,   95,  220,  663,  305,  392,  314,  403,  317,  276,  358,  480,   31,  537,  479,  407,  383,  371,  508,  505,    0,  497,  287,  268,  475,  507,  530,  496,  495,  222,  483,  347,  216,  425,  453,  257,  472,  181,  384,  635,  447,  467,   83,  420,  618],
        [  675,  675,  592,  820,  588,  731,  582,  103,  267,  823,  248,  353,  364,  522,  767,  527,  913,  510,  584,  280,  951,  589,  830,  227,  727,  785,  645,  174,  893,  524, 1028,  703,  902,  186,  267,  131,  613,  497,    0,  240,  476,  177,  186,  236,  708,  487,  683,  464,  219,  386,  625,  542,  674,  214,  678,  745,  976,  409,  939,  526,  836,  378],
        [  644,  644,  390,  724,  428,  700,  442,  138,  456,  627,  363,  120,  361,  335,  613,  291,  772,  287,  381,  119,  865,  480,  591,  192,  613,  599,  406,  187,  741,  317,  799,  635,  692,   97,  118,  222,  592,  287,  240,    0,  382,  190,  335,  379,  645,  339,  449,  488,  221,  276,  561,  522,  435,  326,  462,  508,  864,  262,  751,  297,  681,  510],
        [  278,  278,  274,  350,  170,  330,  793,  431,  486,  425,  342,  431,  169,  206,  308,  498,  440,  552,  274,  263,  488,  113,  640,  251,  251,  372,  543,  303,  428,  264,  717,  254,  531,  463,  498,  551,  241,  268,  476,  382,    0,  547,  386,  383,  265,  694,  472,  232,  260,  106,  181,  186,  520,  338,  371,  650,  501,  627,  515,  350,  375,  417],
        [  787,  787,  578,  896,  614,  844,  408,  129,  443,  815,  408,  257,  480,  524,  800,  422,  957,  383,  569,  294, 1034,  653,  741,  310,  790,  788,  545,  272,  928,  505,  971,  795,  877,   93,  132,   61,  729,  475,  177,  190,  547,    0,  353,  404,  803,  317,  616,  597,  322,  443,  718,  657,  588,  370,  647,  631, 1041,  242,  940,  475,  868,  547],
        [  525,  525,  581,  701,  534,  578,  745,  240,  127,  789,   68,  454,  232,  503,  694,  615,  821,  621,  575,  302,  821,  494,  884,  194,  626,  742,  718,  159,  813,  527, 1041,  572,  884,  330,  410,  315,  461,  507,  186,  335,  386,  353,    0,   51,  573,  645,  721,  300,  161,  328,  497,  395,  732,   50,  678,  827,  861,  565,  893,  561,  761,  194],
        [  495,  495,  597,  682,  540,  547,  794,  290,  105,  797,   42,  496,  220,  519,  691,  654,  811,  663,  593,  335,  797,  487,  913,  222,  614,  748,  753,  197,  806,  548, 1059,  550,  895,  379,  459,  366,  431,  530,  236,  379,  383,  404,   51,    0,  549,  694,  748,  267,  186,  338,  477,  368,  763,   59,  696,  863,  843,  614,  896,  589,  756,  143],
        [   91,   91,  455,  146,  320,  100, 1054,  681,  634,  478,  511,  693,  347,  419,  293,  739,  319,  802,  460,  527,  249,  191,  809,  495,  158,  421,  759,  542,  344,  481,  799,   20,  589,  723,  762,  800,  136,  496,  708,  645,  265,  803,  573,  549,    0,  956,  656,  291,  492,  370,   86,  182,  722,  525,  525,  857,  303,  891,  506,  575,  324,  511],
        [  968,  968,  587, 1010,  683, 1022,  104,  406,  749,  796,  686,  264,  698,  572,  853,  291, 1015,  211,  577,  446, 1151,  774,  571,  530,  892,  791,  387,  518,  971,  522,  841,  943,  817,  316,  236,  375,  921,  495,  487,  339,  694,  317,  645,  694,  956,    0,  514,  826,  557,  594,  874,  853,  451,  648,  609,  425, 1129,   81,  922,  444,  912,  833],
        [  713,  713,  205,  640,  340,  751,  572,  585,  847,  306,  715,  361,  598,  266,  430,  226,  573,  303,  202,  422,  766,  475,  171,  528,  528,  322,  143,  566,  518,  213,  355,  638,  305,  533,  490,  663,  696,  222,  683,  449,  472,  616,  721,  748,  656,  514,    0,  698,  563,  437,  601,  654,   80,  689,  141,  208,  709,  498,  424,  161,  468,  839],
        [  229,  229,  505,  432,  397,  280,  929,  469,  345,  643,  234,  577,  128,  433,  494,  688,  583,  727,  504,  385,  536,  291,  868,  299,  387,  586,  753,  326,  591,  486,  945,  295,  753,  537,  599,  578,  164,  483,  464,  488,  232,  597,  300,  267,  291,  826,  698,    0,  278,  272,  231,  111,  740,  257,  602,  864,  592,  750,  715,  562,  551,  224],
        [  468,  468,  422,  602,  387,  525,  661,  195,  285,  637,  157,  328,  158,  345,  558,  474,  698,  492,  416,  151,  734,  372,  727,   36,  510,  593,  569,   51,  683,  367,  881,  487,  728,  259,  325,  310,  408,  347,  219,  221,  260,  322,  161,  186,  492,  557,  563,  278,    0,  179,  409,  336,  577,  128,  519,  679,  758,  479,  745,  403,  627,  299],
        [  375,  375,  263,  453,  209,  429,  694,  331,  442,  462,  300,  331,  162,  184,  382,  419,  527,  465,  259,  158,  592,  211,  607,  161,  349,  416,  482,  215,  508,  225,  724,  359,  558,  358,  393,  451,  330,  216,  386,  276,  106,  443,  328,  338,  370,  594,  437,  272,  179,    0,  285,  265,  471,  285,  363,  593,  600,  524,  568,  292,  451,  407],
        [  113,  113,  397,  206,  262,  155,  973,  596,  567,  458,  438,  611,  267,  351,  285,  666,  354,  726,  401,  442,  328,  127,  760,  411,  162,  400,  694,  458,  366,  413,  777,   79,  571,  637,  678,  715,  112,  425,  625,  561,  181,  718,  497,  477,   86,  874,  601,  231,  409,  285,    0,  122,  662,  448,  476,  796,  367,  808,  508,  506,  332,  454],
        [  134,  134,  452,  322,  328,  190,  955,  530,  452,  558,  332,  593,  180,  390,  397,  679,  475,  728,  453,  408,  430,  204,  820,  347,  282,  500,  728,  386,  486,  449,  870,  186,  670,  586,  638,  646,   73,  453,  542,  522,  186,  657,  395,  368,  182,  853,  654,  111,  336,  265,  122,    0,  705,  348,  543,  835,  482,  780,  620,  535,  449,  334],
        [  773,  773,  267,  714,  403,  814,  502,  573,  858,  385,  733,  333,  632,  316,  507,  174,  651,  244,  262,  430,  842,  536,  157,  542,  599,  401,   67,  574,  598,  257,  397,  704,  378,  511,  458,  638,  752,  257,  674,  435,  520,  588,  732,  763,  722,  451,   80,  740,  577,  471,  662,  705,    0,  704,  218,  136,  788,  444,  501,  180,  547,  864],
        [  479,  479,  541,  652,  489,  533,  750,  249,  160,  745,   39,  441,  183,  463,  646,  597,  773,  608,  536,  276,  773,  446,  854,  163,  577,  697,  695,  141,  765,  490, 1003,  524,  842,  334,  412,  338,  415,  472,  214,  326,  338,  370,   50,   59,  525,  648,  689,  257,  128,  285,  448,  348,  704,    0,  640,  805,  813,  568,  847,  530,  713,  187],
        [  587,  587,  101,  500,  216,  621,  681,  588,  800,  187,  660,  406,  519,  179,  289,  321,  435,  402,  105,  400,  625,  351,  285,  488,  389,  189,  274,  535,  383,  155,  363,  506,  230,  556,  533,  684,  577,  181,  678,  462,  371,  647,  678,  696,  525,  609,  141,  602,  519,  363,  476,  543,  218,  640,    0,  349,  570,  578,  314,  177,  330,  768],
        [  907,  907,  402,  848,  538,  949,  449,  642,  953,  502,  836,  392,  752,  449,  638,  218,  777,  251,  397,  529,  974,  671,  155,  644,  734,  526,  112,  669,  722,  388,  433,  839,  473,  568,  501,  688,  885,  384,  745,  508,  650,  631,  827,  863,  857,  425,  208,  864,  679,  593,  796,  835,  136,  805,  349,    0,  916,  443,  609,  303,  674,  974],
        [  382,  382,  551,  162,  448,  354, 1217,  931,  933,  427,  804,  877,  630,  558,  284,  866,  144,  942,  560,  749,  108,  390,  819,  752,  253,  392,  843,  803,  202,  609,  706,  297,  508,  953,  974, 1050,  437,  635,  976,  864,  501, 1041,  861,  843,  303, 1129,  709,  592,  758,  600,  367,  482,  788,  813,  570,  916,    0, 1077,  373,  695,  243,  813],
        [  899,  899,  544,  952,  629,  953,  183,  326,  670,  763,  606,  201,  622,  520,  805,  273,  967,  201,  534,  373, 1093,  712,  578,  452,  834,  753,  384,  439,  926,  475,  839,  878,  795,  236,  156,  302,  849,  447,  409,  262,  627,  242,  565,  614,  891,   81,  498,  750,  479,  524,  808,  780,  444,  568,  578,  443, 1077,    0,  891,  405,  866,  753],
        [  593,  593,  363,  399,  359,  600,  991,  862,  999,  128,  855,  713,  683,  421,  224,  633,  235,  714,  372,  664,  466,  426,  483,  723,  351,  155,  566,  776,  182,  436,  334,  488,  146,  847,  836,  970,  617,  467,  939,  751,  515,  940,  893,  896,  506,  922,  424,  715,  745,  568,  508,  620,  501,  847,  314,  609,  373,  891,    0,  487,  183,  925],
        [  615,  615,  146,  594,  263,  661,  525,  430,  687,  360,  557,  229,  453,  157,  414,  172,  574,  247,  136,  261,  731,  384,  325,  368,  474,  348,  194,  405,  528,   95,  504,  558,  405,  387,  358,  516,  587,   83,  526,  297,  350,  475,  561,  589,  575,  444,  161,  562,  403,  292,  506,  535,  180,  530,  177,  303,  695,  405,  487,    0,  470,  686],
        [  412,  412,  325,  222,  254,  418,  994,  772,  857,  190,  715,  671,  538,  352,   70,  637,  106,  715,  335,  577,  314,  271,  578,  611,  172,  150,  604,  665,   61,  391,  496,  306,  287,  776,  782,  888,  439,  420,  836,  681,  375,  868,  761,  756,  324,  912,  468,  551,  627,  451,  332,  449,  547,  713,  330,  674,  243,  866,  183,  470,    0,  768],
        [  440,  440,  668,  654,  585,  484,  935,  431,  153,  841,  149,  624,  252,  590,  708,  772,  806,  789,  665,  448,  752,  501, 1008,  334,  609,  787,  862,  324,  811,  630, 1126,  517,  947,  519,  598,  507,  379,  618,  378,  510,  417,  547,  194,  143,  511,  833,  839,  224,  299,  407,  454,  334,  864,  187,  768,  974,  813,  753,  925,  686,  768,    0]
    ]
}
