{
    "name": "random-39-21076",
    "comment": "size=39 seed=21076",
    "nodes": ["+0", "-0", "+1", "-1", "+2", "-2", "+3", "-3", "+4", "-4", "+5", "-5", "+6", "-6", "+7", "-7", "+8", "-8", "+9", "-9", "+10", "-10", "+11", "-11", "+12", "-12", "+13", "-13", "+14", "-14", "+15", "-15", "+16", "-16", "+17", "-17", "+18", "-18", "+19", "-19", "+20", "-20", "+21", "-21", "+22", "-22", "+23", "-23", "+24", "-24", "+25", "-25", "+26", "-26", "+27", "-27", "+28", "-28", "+29", "-29", "+30", "-30", "+31", "-31", "+32", "-32", "+33", "-33", "+34", "-34", "+35", "-35", "+36", "-36", "+37", "-37", "+38", "-38", "+39", "-39"],
    "precedence": {
        "+0": "-0",
        "+1": "-1",
        "+2": "-2",
        "+3": "-3",
        "+4": "-4",
        "+5": "-5",
        "+6": "-6",
        "+7": "-7",
        "+8": "-8",
        "+9": "-9",
        "+10": "-10",
        "+11": "-11",
        "+12": "-12",
        "+13": "-13",
        "+14": "-14",
        "+15": "-15",
        "+16": "-16",
        "+17": "-17",
        "+18": "-18",
        "+19": "-19",
        "+20": "-20",
        "+21": "-21",
        "+22": "-22",
        "+23": "-23",
        "+24": "-24",
        "+25": "-25",
        "+26": "-26",
        "+27": "-27",
        "+28": "-28",
        "+29": "-29",
        "+30": "-30",
        "+31": "-31",
        "+32": "-32",
        "+33": "-33",
        "+34": "-34",
        "+35": "-35",
        "+36": "-36",
        "+37": "-37",
        "+38": "-38",
        "+39": "-39"
    },
    "edges": [
        [    0,    0,  170,  379,  412,  395,  304,  364,  331,  270,  477,  580,  601,  489,  556,  353,  150,  487,  745,  368,  570,  424,  685,  531,  255,  220,  428,  478,  424,  407,  409,  554,  503,  515,  174,  173,   99,  510,  327,  401,  386,  488,  508,  217,  560,  611,  190,  538,  390,  673,  355,  577,  532,  515,  567,  669,  311,  801,  384,  483,  324,  218,  487,  393,  246,  332,  442,  379,  321,  156,  360,  273,  311,  378,  636,  648,  461,  157,  284,  354],
        [    0,    0,  170,  379,  412,  395,  304,  364,  331,  270,  477,  580,  601,  489,  556,  353,  150,  487,  745,  368,  570,  424,  685,  531,  255,  220,  428,  478,  424,  407,  409,  554,  503,  515,  174,  173,   99,  510,  327,  401,  386,  488,  508,  217,  560,  611,  190,  538,  390,  673,  355,  577,  532,  515,  567,  669,  311,  801,  384,  483,  324,  218,  487,  393,  246,  332,  442,  379,  321,  156,  360,  273,  311,  378,  636,  648,  461,  157,  284,  354],
        [  170,  170,    0,  316,  575,  473,  397,  481,  218,  149,  611,  711,  715,  625,  683,  516,  227,  626,  902,  276,  584,  316,  819,  618,  375,  351,  588,  530,  580,  469,  350,  666,  498,  534,  344,  342,  264,  607,  415,  543,  512,  640,  676,   59,  717,  773,  358,  704,  352,  813,  420,  747,  669,  465,  669,  833,  404,  946,  447,  646,  403,  323,  655,  406,   77,  482,  560,  507,  485,  242,  258,  438,  358,  421,  805,  803,  626,  325,  412,  413],
        [  379,  379,  316,    0,  751,  765,  324,  742,  508,  446,  560,  956,  980,  863,  601,  577,  270,  859, 1088,   69,  899,  111,  737,  906,  634,  598,  778,  835,  602,  303,   35,  553,  813,  848,  501,  483,  410,  471,  322,  772,  764,  848,  747,  272,  724,  794,  487,  861,   63,  750,  282,  841,  615,  773,  946,  991,  325, 1162,  746,  690,  298,  593,  739,  180,  299,  698,  821,  756,  665,  279,   93,  528,  224,  239,  924,  997,  680,  464,  662,  267],
        [  412,  412,  575,  751,    0,  369,  504,  247,  661,  624,  466,  279,  353,  199,  542,  264,  481,  185,  338,  759,  608,  820,  605,  398,  265,  259,   43,  464,  331,  620,  773,  589,  607,  563,  252,  269,  345,  607,  525,  148,  216,  123,  252,  626,  392,  393,  265,  132,  738,  570,  582,  246,  487,  700,  374,  259,  509,  419,  402,  297,  542,  314,  220,  684,  652,  127,  257,  206,   91,  472,  757,  252,  584,  634,  257,  247,  273,  287,  229,  592],
        [  395,  395,  473,  765,  369,    0,  662,  123,  425,  426,  746,  298,  265,  253,  830,  547,  540,  264,  568,  740,  242,  786,  926,  146,  166,  206,  344,  103,  632,  780,  796,  855,  242,  194,  380,  405,  419,  840,  688,  230,  158,  330,  609,  531,  733,  750,  421,  475,  782,  899,  729,  615,  785,  353,  204,  565,  670,  554,   44,  635,  693,  181,  578,  785,  532,  251,  151,  166,  334,  543,  726,  484,  697,  763,  613,  474,  609,  410,  171,  732],
        [  304,  304,  397,  324,  504,  662,    0,  592,  608,  539,  242,  758,  808,  664,  298,  275,  172,  655,  823,  368,  864,  428,  437,  779,  500,  459,  540,  757,  283,  121,  331,  271,  803,  809,  295,  269,  246,  212,   26,  576,  597,  620,  436,  402,  401,  471,  261,  589,  282,  441,   79,  535,  299,  817,  795,  711,    8,  920,  662,  373,   39,  486,  434,  192,  444,  499,  659,  586,  435,  158,  381,  253,  102,  132,  626,  744,  366,  259,  510,   90],
        [  364,  364,  481,  742,  247,  123,  592,    0,  487,  471,  645,  232,  238,  158,  728,  441,  494,  165,  471,  729,  362,  781,  817,  189,  109,  145,  222,  219,  524,  712,  772,  759,  362,  316,  298,  324,  358,  753,  617,  111,   42,  217,  490,  539,  618,  631,  336,  355,  750,  787,  664,  493,  680,  465,  208,  452,  599,  480,  158,  520,  625,  158,  458,  735,  550,  132,   80,   46,  219,  493,  718,  386,  641,  704,  492,  373,  494,  334,   84,  669],
        [  331,  331,  218,  508,  661,  425,  608,  487,    0,   70,  806,  712,  689,  644,  883,  678,  436,  651,  953,  454,  442,  474, 1014,  562,  407,  404,  660,  440,  753,  685,  542,  873,  344,  403,  482,  490,  428,  819,  627,  580,  526,  689,  819,  240,  888,  935,  509,  792,  555, 1004,  636,  873,  862,  271,  627,  912,  615,  965,  385,  805,  617,  352,  794,  621,  210,  543,  555,  526,  580,  450,  431,  596,  575,  638,  913,  853,  782,  478,  448,  630],
        [  270,  270,  149,  446,  624,  426,  539,  471,   70,    0,  741,  701,  687,  627,  817,  621,  368,  632,  928,  395,  479,  420,  950,  568,  381,  371,  627,  457,  694,  616,  480,  806,  384,  435,  429,  434,  368,  751,  559,  556,  509,  663,  768,  175,  829,  879,  453,  756,  490,  941,  567,  826,  798,  328,  629,  879,  546,  951,  390,  749,  548,  325,  744,  553,  149,  511,  544,  507,  539,  382,  373,  539,  506,  569,  871,  828,  727,  421,  422,  561],
        [  477,  477,  611,  560,  466,  746,  242,  645,  806,  741,    0,  745,  815,  661,   85,  207,  389,  648,  722,  608,  976,  666,  209,  830,  583,  546,  508,  847,  138,  279,  562,  124,  935,  922,  375,  354,  387,  165,  239,  588,  634,  588,  284,  628,  185,  257,  335,  498,  511,  204,  281,  383,   59,  977,  825,  595,  239,  843,  759,  209,  263,  592,  298,  401,  668,  522,  692,  622,  437,  372,  622,  262,  336,  333,  482,  665,  219,  356,  576,  297],
        [  580,  580,  711,  956,  279,  298,  758,  232,  712,  701,  745,    0,   91,   95,  821,  542,  695,  103,  287,  948,  472, 1003,  877,  214,  336,  364,  237,  343,  609,  878,  983,  868,  516,  446,  471,  495,  552,  882,  782,  186,  199,  160,  513,  768,  660,  647,  500,  299,  956,  839,  835,  469,  765,  640,  150,  327,  764,  256,  342,  570,  795,  389,  484,  924,  781,  263,  158,  204,  326,  690,  940,  517,  825,  883,  422,  208,  548,  510,  300,  843],
        [  601,  601,  715,  980,  353,  265,  808,  238,  689,  687,  815,   91,    0,  155,  894,  609,  727,  169,  366,  966,  400, 1019,  957,  147,  347,  382,  312,  284,  682,  929, 1009,  937,  456,  382,  515,  540,  587,  946,  832,  234,  218,  241,  596,  773,  741,  732,  548,  387,  986,  920,  883,  557,  839,  586,   74,  417,  814,  309,  306,  648,  844,  394,  566,  964,  781,  309,  159,  227,  385,  725,  956,  576,  867,  927,  512,  296,  626,  553,  319,  890],
        [  489,  489,  625,  863,  199,  253,  664,  158,  644,  627,  661,   95,  155,    0,  739,  455,  600,   17,  317,  857,  463,  913,  803,  220,  252,  276,  158,  322,  527,  785,  890,  783,  489,  428,  377,  401,  458,  794,  688,   91,  119,   97,  445,  683,  589,  584,  406,  253,  862,  768,  741,  416,  684,  605,  180,  318,  670,  325,  296,  495,  701,  307,  415,  829,  697,  168,  103,  121,  234,  596,  849,  425,  731,  788,  387,  222,  472,  416,  214,  749],
        [  556,  556,  683,  601,  542,  830,  298,  728,  883,  817,   85,  821,  894,  739,    0,  289,  458,  725,  779,  654, 1061,  710,  140,  912,  668,  631,  584,  932,  212,  304,  598,   72, 1020, 1006,  460,  438,  468,  151,  289,  668,  717,  662,  338,  696,  211,  276,  419,  563,  547,  150,  320,  431,   60, 1060,  905,  649,  293,  905,  844,  266,  310,  677,  358,  431,  737,  604,  774,  705,  518,  442,  670,  347,  382,  364,  530,  728,  281,  440,  660,  335],
        [  353,  353,  516,  577,  264,  547,  275,  441,  678,  621,  207,  542,  609,  455,  289,    0,  331,  442,  556,  606,  783,  668,  380,  624,  390,  357,  306,  649,   86,  377,  591,  328,  752,  730,  202,  189,  255,  343,  291,  381,  428,  387,  172,  550,  211,  259,  170,  322,  547,  355,  349,  265,  239,  809,  618,  439,  278,  663,  565,  131,  312,  409,  163,  466,  586,  316,  485,  416,  230,  317,  612,   82,  372,  405,  352,  484,  112,  201,  377,  362],
        [  150,  150,  227,  270,  481,  540,  172,  494,  436,  368,  389,  695,  727,  600,  458,  331,    0,  595,  818,  283,  719,  345,  594,  671,  390,  350,  508,  626,  379,  261,  293,  440,  650,  665,  232,  213,  143,  383,  192,  510,  510,  580,  502,  240,  514,  576,  218,  594,  262,  592,  209,  589,  447,  652,  701,  724,  179,  894,  532,  457,  183,  361,  489,  245,  280,  434,  570,  501,  396,   17,  285,  268,  161,  229,  666,  728,  441,  195,  411,  207],
        [  487,  487,  626,  859,  185,  264,  655,  165,  651,  632,  648,  103,  169,   17,  725,  442,  595,    0,  307,  854,  478,  911,  789,  236,  254,  276,  143,  336,  513,  775,  885,  770,  502,  442,  370,  393,  453,  782,  679,   87,  125,   80,  430,  683,  574,  568,  398,  236,  857,  752,  733,  400,  670,  617,  196,  304,  661,  322,  307,  480,  693,  310,  399,  822,  699,  162,  116,  125,  223,  590,  847,  414,  723,  780,  371,  211,  457,  409,  215,  741],
        [  745,  745,  902, 1088,  338,  568,  823,  471,  953,  928,  722,  287,  366,  317,  779,  556,  818,  307,    0, 1097,  758, 1157,  789,  500,  548,  560,  317,  626,  590,  932, 1109,  841,  798,  731,  589,  606,  683,  883,  842,  373,  430,  266,  441,  956,  578,  535,  601,  235, 1072,  745,  901,  352,  720,  919,  434,  132,  827,  141,  611,  516,  862,  604,  425, 1011,  978,  422,  418,  428,  427,  809, 1094,  573,  912,  955,  260,  100,  504,  624,  507,  912],
        [  368,  368,  276,   69,  759,  740,  368,  729,  454,  395,  608,  948,  966,  857,  654,  606,  283,  854, 1097,    0,  859,   63,  793,  883,  620,  587,  783,  804,  639,  362,   96,  611,  770,  810,  508,  492,  414,  530,  370,  768,  753,  850,  777,  226,  766,  834,  499,  875,  131,  802,  336,  868,  665,  722,  928, 1006,  370, 1164,  718,  725,  346,  575,  767,  244,  247,  696,  808,  746,  671,  295,   26,  549,  274,  299,  947, 1004,  712,  474,  651,  321],
        [  570,  570,  584,  899,  608,  242,  864,  362,  442,  479,  976,  472,  400,  463, 1061,  783,  719,  478,  758,  859,    0,  893, 1163,  258,  394,  430,  580,  145,  869,  975,  932, 1080,  100,   56,  603,  626,  621, 1056,  889,  465,  393,  553,  851,  634,  974,  991,  644,  706,  930, 1137,  923,  853, 1018,  222,  328,  780,  872,  708,  219,  876,  890,  386,  819,  957,  620,  492,  365,  403,  575,  726,  840,  715,  880,  948,  843,  674,  850,  627,  408,  923],
        [  424,  424,  316,  111,  820,  786,  428,  781,  474,  420,  666, 1003, 1019,  913,  710,  668,  345,  911, 1157,   63,  893,    0,  847,  931,  672,  641,  843,  846,  701,  413,  124,  664,  801,  845,  569,  554,  475,  581,  428,  824,  807,  908,  840,  261,  827,  895,  561,  937,  171,  859,  391,  931,  722,  744,  977, 1068,  430, 1222,  762,  787,  404,  626,  829,  290,  274,  754,  861,  800,  731,  358,   64,  612,  331,  350, 1010, 1064,  774,  535,  705,  376],
        [  685,  685,  819,  737,  605,  926,  437,  817, 1014,  950,  209,  877,  957,  803,  140,  380,  594,  789,  789,  793, 1163,  847,    0,  994,  769,  735,  646, 1028,  295,  438,  734,  188, 1129, 1110,  571,  552,  593,  274,  429,  743,  799,  718,  367,  833,  219,  255,  532,  596,  683,   45,  457,  440,  153, 1179,  978,  657,  433,  924,  945,  309,  450,  785,  395,  565,  874,  687,  853,  788,  600,  579,  809,  452,  521,  500,  530,  755,  332,  557,  756,  472],
        [  531,  531,  618,  906,  398,  146,  779,  189,  562,  568,  830,  214,  147,  220,  912,  624,  671,  236,  500,  883,  258,  931,  994,    0,  283,  324,  362,  139,  705,  899,  937,  946,  310,  236,  486,  512,  541,  942,  804,  252,  196,  315,  650,  676,  787,  791,  525,  471,  920,  961,  850,  632,  862,  440,   74,  530,  786,  455,  179,  690,  812,  314,  618,  915,  678,  309,  142,  208,  396,  672,  870,  573,  823,  888,  606,  419,  665,  521,  270,  854],
        [  255,  255,  375,  634,  265,  166,  500,  109,  407,  381,  583,  336,  347,  252,  668,  390,  390,  254,  548,  620,  394,  672,  769,  283,    0,   42,  256,  266,  476,  618,  664,  691,  366,  341,  215,  240,  259,  675,  525,  176,  137,  283,  475,  433,  586,  611,  255,  392,  643,  744,  569,  501,  625,  442,  313,  507,  507,  575,  176,  489,  531,   57,  445,  633,  446,  140,  189,  132,  200,  390,  609,  322,  541,  605,  521,  448,  463,  245,   41,  573],
        [  220,  220,  351,  598,  259,  206,  459,  145,  404,  371,  546,  364,  382,  276,  631,  357,  350,  276,  560,  587,  430,  641,  735,  324,   42,    0,  257,  305,  442,  577,  628,  652,  396,  376,  175,  200,  218,  635,  484,  193,  167,  295,  452,  408,  557,  585,  216,  389,  606,  711,  528,  485,  589,  464,  351,  509,  466,  596,  214,  461,  490,   59,  423,  593,  424,  141,  223,  160,  184,  350,  577,  286,  500,  565,  513,  460,  435,  205,   65,  532],
        [  428,  428,  588,  778,   43,  344,  540,  222,  660,  627,  508,  237,  312,  158,  584,  306,  508,  143,  317,  783,  580,  843,  646,  362,  256,  257,    0,  435,  373,  657,  801,  631,  584,  536,  277,  296,  370,  648,  562,  116,  188,   82,  290,  641,  432,  430,  295,  137,  767,  611,  618,  274,  529,  683,  335,  253,  545,  387,  379,  338,  578,  309,  259,  718,  664,  118,  223,  179,  113,  500,  780,  290,  618,  669,  271,  221,  315,  314,  218,  628],
        [  478,  478,  530,  835,  464,  103,  757,  219,  440,  457,  847,  343,  284,  322,  932,  649,  626,  336,  626,  804,  145,  846, 1028,  139,  266,  305,  435,    0,  734,  872,  868,  956,  174,  106,  479,  504,  512,  939,  782,  320,  249,  410,  708,  586,  834,  849,  520,  562,  858, 1000,  821,  709,  887,  302,  212,  640,  764,  591,   95,  736,  785,  272,  677,  870,  581,  350,  222,  259,  435,  630,  788,  586,  785,  852,  699,  538,  710,  508,  273,  823],
        [  424,  424,  580,  602,  331,  632,  283,  524,  753,  694,  138,  609,  682,  527,  212,   86,  379,  513,  590,  639,  869,  701,  295,  705,  476,  442,  373,  734,    0,  364,  612,  261,  837,  816,  285,  269,  326,  293,  292,  458,  509,  451,  161,  609,  138,  198,  249,  363,  564,  269,  348,  264,  158,  894,  695,  465,  283,  708,  650,   92,  316,  494,  169,  470,  647,  397,  565,  498,  310,  363,  648,  163,  384,  404,  360,  529,   90,  278,  462,  362],
        [  407,  407,  469,  303,  620,  780,  121,  712,  685,  616,  279,  878,  929,  785,  304,  377,  261,  775,  932,  362,  975,  413,  438,  899,  618,  577,  657,  872,  364,    0,  297,  252,  909,  920,  416,  390,  362,  169,   97,  697,  717,  738,  524,  460,  460,  532,  381,  698,  246,  453,   53,  626,  328,  913,  916,  815,  115, 1034,  777,  455,   88,  601,  527,  128,  501,  620,  780,  707,  554,  252,  381,  368,  112,   64,  721,  856,  453,  379,  630,   56],
        [  409,  409,  350,   35,  773,  796,  331,  772,  542,  480,  562,  983, 1009,  890,  598,  591,  293,  885, 1109,   96,  932,  124,  734,  937,  664,  628,  801,  868,  612,  297,    0,  548,  847,  881,  525,  506,  435,  464,  326,  799,  793,  873,  760,  306,  731,  801,  509,  881,   52,  748,  281,  856,  616,  807,  976, 1010,  331, 1186,  778,  701,  302,  624,  753,  170,  333,  725,  850,  785,  689,  301,  121,  545,  229,  235,  940, 1020,  691,  488,  691,  266],
        [  554,  554,  666,  553,  589,  855,  271,  759,  873,  806,  124,  868,  937,  783,   72,  328,  440,  770,  841,  611, 1080,  664,  188,  946,  691,  652,  631,  956,  261,  252,  548,    0, 1033, 1025,  478,  455,  472,   87,  257,  708,  751,  711,  401,  673,  281,  347,  437,  620,  497,  209,  277,  497,  126, 1065,  944,  712,  265,  964,  866,  326,  275,  694,  418,  379,  714,  640,  810,  739,  556,  425,  628,  374,  342,  315,  596,  786,  339,  454,  687,  290],
        [  503,  503,  498,  813,  607,  242,  803,  362,  344,  384,  935,  516,  456,  489, 1020,  752,  650,  502,  798,  770,  100,  801, 1129,  310,  366,  396,  584,  174,  837,  909,  847, 1033,    0,   79,  560,  582,  565, 1003,  827,  472,  399,  571,  838,  544,  951,  975,  601,  717,  847, 1106,  857,  852,  981,  134,  383,  805,  811,  763,  205,  854,  826,  344,  807,  882,  528,  483,  387,  407,  560,  658,  750,  678,  810,  878,  854,  708,  828,  581,  389,  856],
        [  515,  515,  534,  848,  563,  194,  809,  316,  403,  435,  922,  446,  382,  428, 1006,  730,  665,  442,  731,  810,   56,  845, 1110,  236,  341,  376,  536,  106,  816,  920,  881, 1025,   79,    0,  548,  571,  565, 1001,  833,  421,  349,  514,  802,  585,  923,  942,  589,  665,  878, 1084,  868,  808,  965,  212,  309,  745,  816,  690,  167,  825,  834,  332,  771,  903,  573,  444,  327,  358,  526,  671,  791,  661,  825,  893,  802,  643,  799,  572,  357,  868],
        [  174,  174,  344,  501,  252,  380,  295,  298,  482,  429,  375,  471,  515,  377,  460,  202,  232,  370,  589,  508,  603,  569,  571,  486,  215,  175,  277,  479,  285,  416,  525,  478,  560,  548,    0,   27,   94,  461,  320,  286,  302,  349,  340,  389,  412,  454,   42,  372,  492,  551,  370,  404,  422,  610,  501,  503,  302,  662,  388,  325,  330,  218,  316,  453,  420,  209,  364,  291,  165,  225,  506,  122,  355,  414,  463,  497,  301,   40,  217,  376],
        [  173,  173,  342,  483,  269,  405,  269,  324,  490,  434,  354,  495,  540,  401,  438,  189,  213,  393,  606,  492,  626,  554,  552,  512,  240,  200,  296,  504,  269,  390,  506,  455,  582,  571,   27,    0,   83,  436,  294,  311,  328,  370,  336,  384,  400,  445,   21,  384,  472,  533,  344,  406,  402,  627,  526,  515,  276,  682,  412,  316,  305,  240,  315,  430,  416,  233,  390,  317,  184,  205,  491,  108,  331,  389,  469,  515,  293,   19,  243,  351],
        [   99,   99,  264,  410,  345,  419,  246,  358,  428,  368,  387,  552,  587,  458,  468,  255,  143,  453,  683,  414,  621,  475,  593,  541,  259,  218,  370,  512,  326,  362,  435,  472,  565,  565,   94,   83,    0,  438,  271,  367,  370,  439,  413,  303,  462,  513,   96,  465,  405,  579,  311,  486,  440,  594,  565,  596,  253,  753,  417,  385,  275,  241,  393,  378,  337,  291,  432,  361,  257,  138,  412,  175,  283,  347,  551,  590,  364,   64,  275,  315],
        [  510,  510,  607,  471,  607,  840,  212,  753,  819,  751,  165,  882,  946,  794,  151,  343,  383,  782,  883,  530, 1056,  581,  274,  942,  675,  635,  648,  939,  293,  169,  464,   87, 1003, 1001,  461,  436,  438,    0,  193,  713,  749,  729,  447,  608,  345,  415,  420,  655,  413,  295,  200,  547,  193, 1025,  946,  757,  205, 1000,  846,  372,  207,  671,  460,  294,  649,  641,  810,  738,  562,  370,  549,  372,  267,  232,  647,  821,  380,  431,  676,  212],
        [  327,  327,  415,  322,  525,  688,   26,  617,  627,  559,  239,  782,  832,  688,  289,  291,  192,  679,  842,  370,  889,  428,  429,  804,  525,  484,  562,  782,  292,   97,  326,  257,  827,  833,  320,  294,  271,  193,    0,  600,  621,  642,  448,  417,  405,  476,  285,  608,  277,  435,   59,  549,  296,  840,  820,  728,   18,  941,  687,  383,   25,  511,  447,  178,  459,  523,  683,  611,  458,  179,  384,  274,   98,  115,  641,  764,  378,  284,  535,   72],
        [  401,  401,  543,  772,  148,  230,  576,  111,  580,  556,  588,  186,  234,   91,  668,  381,  510,   87,  373,  768,  465,  824,  743,  252,  176,  193,  116,  320,  458,  697,  799,  708,  472,  421,  286,  311,  367,  713,  600,    0,   73,  110,  399,  599,  535,  540,  317,  245,  771,  710,  653,  390,  616,  575,  237,  343,  583,  404,  268,  438,  613,  232,  367,  739,  616,   78,  111,   65,  153,  505,  761,  343,  641,  699,  383,  273,  413,  325,  135,  660],
        [  386,  386,  512,  764,  216,  158,  597,   42,  526,  509,  634,  199,  218,  119,  717,  428,  510,  125,  430,  753,  393,  807,  799,  196,  137,  167,  188,  249,  509,  717,  793,  751,  399,  349,  302,  328,  370,  749,  621,   73,    0,  176,  464,  570,  596,  605,  338,  318,  769,  768,  671,  461,  666,  505,  200,  412,  603,  443,  196,  498,  631,  190,  432,  748,  582,  113,   63,   12,  200,  507,  744,  379,  651,  713,  455,  332,  473,  339,  103,  677],
        [  488,  488,  640,  848,  123,  330,  620,  217,  689,  663,  588,  160,  241,   97,  662,  387,  580,   80,  266,  850,  553,  908,  718,  315,  283,  295,   82,  410,  451,  738,  873,  711,  571,  514,  349,  370,  439,  729,  642,  110,  176,    0,  355,  695,  501,  492,  370,  157,  841,  681,  698,  321,  606,  680,  275,  236,  625,  315,  370,  410,  658,  339,  325,  795,  715,  159,  188,  172,  188,  573,  845,  371,  696,  748,  293,  166,  388,  387,  242,  707],
        [  508,  508,  676,  747,  252,  609,  436,  490,  819,  768,  284,  513,  596,  445,  338,  172,  502,  430,  441,  777,  851,  840,  367,  650,  475,  452,  290,  708,  161,  524,  760,  401,  838,  802,  340,  336,  413,  447,  448,  399,  464,  355,    0,  714,  148,  142,  319,  230,  714,  328,  505,  103,  279,  915,  624,  312,  438,  568,  637,   76,  472,  510,   32,  626,  748,  359,  509,  453,  278,  488,  783,  240,  536,  562,  200,  393,   72,  352,  449,  519],
        [  217,  217,   59,  272,  626,  531,  402,  539,  240,  175,  628,  768,  773,  683,  696,  550,  240,  683,  956,  226,  634,  261,  833,  676,  433,  408,  641,  586,  609,  460,  306,  673,  544,  585,  389,  384,  303,  608,  417,  599,  570,  695,  714,    0,  746,  804,  399,  754,  316,  831,  415,  789,  686,  501,  727,  884,  408, 1003,  504,  680,  402,  381,  695,  384,   42,  537,  618,  565,  536,  256,  206,  474,  350,  407,  851,  858,  661,  366,  470,  406],
        [  560,  560,  717,  724,  392,  733,  401,  618,  888,  829,  185,  660,  741,  589,  211,  211,  514,  574,  578,  766,  974,  827,  219,  787,  586,  557,  432,  834,  138,  460,  731,  281,  951,  923,  412,  400,  462,  345,  405,  535,  596,  501,  148,  746,    0,   73,  380,  377,  681,  180,  455,  227,  156, 1016,  766,  446,  400,  709,  757,   99,  430,  612,  177,  578,  784,  487,  646,  585,  400,  498,  776,  293,  502,  510,  323,  538,  125,  411,  566,  471],
        [  611,  611,  773,  794,  393,  750,  471,  631,  935,  879,  257,  647,  732,  584,  276,  259,  576,  568,  535,  834,  991,  895,  255,  791,  611,  585,  430,  849,  198,  532,  801,  347,  975,  942,  454,  445,  513,  415,  476,  540,  605,  492,  142,  804,   73,    0,  426,  353,  752,  211,  527,  188,  223, 1048,  763,  404,  470,  671,  776,  130,  500,  642,  174,  649,  842,  500,  650,  594,  417,  560,  843,  340,  572,  582,  276,  506,  154,  458,  587,  542],
        [  190,  190,  358,  487,  265,  421,  261,  336,  509,  453,  335,  500,  548,  406,  419,  170,  218,  398,  601,  499,  644,  561,  532,  525,  255,  216,  295,  520,  249,  381,  509,  437,  601,  589,   42,   21,   96,  420,  285,  317,  338,  370,  319,  399,  380,  426,    0,  377,  474,  513,  337,  391,  382,  647,  537,  507,  267,  681,  429,  297,  297,  259,  298,  426,  432,  239,  400,  327,  183,  208,  499,   88,  327,  383,  457,  511,  274,   34,  257,  344],
        [  538,  538,  704,  861,  132,  475,  589,  355,  792,  756,  498,  299,  387,  253,  563,  322,  594,  236,  235,  875,  706,  937,  596,  471,  392,  389,  137,  562,  363,  698,  881,  620,  717,  665,  372,  384,  465,  655,  608,  245,  318,  157,  230,  754,  377,  353,  377,    0,  843,  555,  666,  171,  504,  818,  429,  131,  593,  346,  513,  298,  628,  444,  206,  777,  781,  253,  341,  310,  220,  583,  875,  341,  679,  721,  138,  167,  282,  403,  354,  678],
        [  390,  390,  352,   63,  738,  782,  282,  750,  555,  490,  511,  956,  986,  862,  547,  547,  262,  857, 1072,  131,  930,  171,  683,  920,  643,  606,  767,  858,  564,  246,   52,  497,  847,  878,  492,  472,  405,  413,  277,  771,  769,  841,  714,  316,  681,  752,  474,  843,    0,  697,  231,  811,  565,  815,  956,  970,  283, 1153,  766,  654,  252,  607,  709,  120,  346,  696,  828,  760,  655,  268,  155,  504,  181,  184,  897,  984,  645,  454,  668,  215],
        [  673,  673,  813,  750,  570,  899,  441,  787, 1004,  941,  204,  839,  920,  768,  150,  355,  592,  752,  745,  802, 1137,  859,   45,  961,  744,  711,  611, 1000,  269,  453,  748,  209, 1106, 1084,  551,  533,  579,  295,  435,  710,  768,  681,  328,  831,  180,  211,  513,  555,  697,    0,  469,  397,  145, 1160,  943,  614,  437,  881,  918,  273,  457,  763,  356,  580,  871,  657,  820,  757,  569,  575,  818,  430,  529,  514,  487,  713,  297,  540,  729,  484],
        [  355,  355,  420,  282,  582,  729,   79,  664,  636,  567,  281,  835,  883,  741,  320,  349,  209,  733,  901,  336,  923,  391,  457,  850,  569,  528,  618,  821,  348,   53,  281,  277,  857,  868,  370,  344,  311,  200,   59,  653,  671,  698,  505,  415,  455,  527,  337,  666,  231,  469,    0,  606,  335,  861,  869,  787,   74,  999,  726,  439,   41,  550,  505,  124,  455,  575,  733,  660,  513,  200,  352,  331,   68,   57,  698,  822,  434,  332,  581,   16],
        [  577,  577,  747,  841,  246,  615,  535,  493,  873,  826,  383,  469,  557,  416,  431,  265,  589,  400,  352,  868,  853,  931,  440,  632,  501,  485,  274,  709,  264,  626,  856,  497,  852,  808,  404,  406,  486,  547,  549,  390,  461,  321,  103,  789,  227,  188,  391,  171,  811,  397,  606,    0,  372,  941,  596,  220,  537,  485,  648,  176,  571,  543,  103,  726,  821,  370,  496,  451,  302,  575,  873,  322,  635,  663,  100,  318,  174,  423,  469,  620],
        [  532,  532,  669,  615,  487,  785,  299,  680,  862,  798,   59,  765,  839,  684,   60,  239,  447,  670,  720,  665, 1018,  722,  153,  862,  625,  589,  529,  887,  158,  328,  616,  126,  981,  965,  422,  402,  440,  193,  296,  616,  666,  606,  279,  686,  156,  223,  382,  504,  565,  145,  335,  372,    0, 1028,  853,  590,  296,  846,  801,  206,  319,  638,  299,  453,  727,  554,  723,  655,  467,  431,  679,  304,  392,  385,  471,  669,  223,  406,  615,  350],
        [  515,  515,  465,  773,  700,  353,  817,  465,  271,  328,  977,  640,  586,  605, 1060,  809,  652,  617,  919,  722,  222,  744, 1179,  440,  442,  464,  683,  302,  894,  913,  807, 1065,  134,  212,  610,  627,  594, 1025,  840,  575,  505,  680,  915,  501, 1016, 1048,  647,  818,  815, 1160,  861,  941, 1028,    0,  513,  915,  825,  891,  311,  922,  835,  406,  885,  868,  476,  573,  502,  511,  642,  663,  700,  731,  807,  873,  953,  826,  897,  622,  473,  858],
        [  567,  567,  669,  946,  374,  204,  795,  208,  627,  629,  825,  150,   74,  180,  905,  618,  701,  196,  434,  928,  328,  977,  978,   74,  313,  351,  335,  212,  695,  916,  976,  944,  383,  309,  501,  526,  565,  946,  820,  237,  200,  275,  624,  727,  766,  763,  537,  429,  956,  943,  869,  596,  853,  513,    0,  475,  802,  382,  243,  671,  830,  353,  593,  942,  732,  306,  138,  211,  389,  700,  916,  575,  848,  910,  560,  358,  647,  538,  291,  875],
        [  669,  669,  833,  991,  259,  565,  711,  452,  912,  879,  595,  327,  417,  318,  649,  439,  724,  304,  132, 1006,  780, 1068,  657,  530,  507,  509,  253,  640,  465,  815, 1010,  712,  805,  745,  503,  515,  596,  757,  728,  343,  412,  236,  312,  884,  446,  404,  507,  131,  970,  614,  787,  220,  590,  915,  475,    0,  714,  268,  606,  387,  749,  561,  297,  901,  910,  369,  419,  406,  349,  713, 1006,  467,  803,  842,  129,  126,  377,  534,  467,  799],
        [  311,  311,  404,  325,  509,  670,    8,  599,  615,  546,  239,  764,  814,  670,  293,  278,  179,  661,  827,  370,  872,  430,  433,  786,  507,  466,  545,  764,  283,  115,  331,  265,  811,  816,  302,  276,  253,  205,   18,  583,  603,  625,  438,  408,  400,  470,  267,  593,  283,  437,   74,  537,  296,  825,  802,  714,    0,  925,  670,  374,   35,  493,  436,  189,  450,  506,  666,  593,  441,  165,  384,  258,  102,  129,  628,  748,  367,  266,  517,   86],
        [  801,  801,  946, 1162,  419,  554,  920,  480,  965,  951,  843,  256,  309,  325,  905,  663,  894,  322,  141, 1164,  708, 1222,  924,  455,  575,  596,  387,  591,  708, 1034, 1186,  964,  763,  690,  662,  682,  753, 1000,  941,  404,  443,  315,  568, 1003,  709,  671,  681,  346, 1153,  881,  999,  485,  846,  891,  382,  268,  925,    0,  597,  640,  959,  631,  548, 1102, 1019,  470,  411,  445,  499,  886, 1159,  668, 1003, 1051,  397,  180,  626,  700,  536, 1009],
        [  384,  384,  447,  746,  402,   44,  662,  158,  385,  390,  759,  342,  306,  296,  844,  565,  532,  307,  611,  718,  219,  762,  945,  179,  176,  214,  379,   95,  650,  777,  778,  866,  205,  167,  388,  412,  417,  846,  687,  268,  196,  370,  637,  504,  757,  776,  429,  513,  766,  918,  726,  648,  801,  311,  243,  606,  670,  597,    0,  659,  691,  177,  606,  776,  503,  280,  194,  203,  360,  535,  703,  498,  690,  757,  649,  517,  633,  416,  191,  728],
        [  483,  483,  646,  690,  297,  635,  373,  520,  805,  749,  209,  570,  648,  495,  266,  131,  457,  480,  516,  725,  876,  787,  309,  690,  489,  461,  338,  736,   92,  455,  701,  326,  854,  825,  325,  316,  385,  372,  383,  438,  498,  410,   76,  680,   99,  130,  297,  298,  654,  273,  439,  176,  206,  922,  671,  387,  374,  640,  659,    0,  407,  517,   93,  561,  716,  388,  548,  487,  302,  442,  732,  211,  474,  495,  275,  463,   27,  329,  469,  453],
        [  324,  324,  403,  298,  542,  693,   39,  625,  617,  548,  263,  795,  844,  701,  310,  312,  183,  693,  862,  346,  890,  404,  450,  812,  531,  490,  578,  785,  316,   88,  302,  275,  826,  834,  330,  305,  275,  207,   25,  613,  631,  658,  472,  402,  430,  500,  297,  628,  252,  457,   41,  571,  319,  835,  830,  749,   35,  959,  691,  407,    0,  514,  470,  155,  443,  536,  694,  621,  473,  172,  361,  291,   74,   94,  663,  782,  401,  293,  543,   51],
        [  218,  218,  323,  593,  314,  181,  486,  158,  352,  325,  592,  389,  394,  307,  677,  409,  361,  310,  604,  575,  386,  626,  785,  314,   57,   59,  309,  272,  494,  601,  624,  694,  344,  332,  218,  240,  241,  671,  511,  232,  190,  339,  510,  381,  612,  642,  259,  444,  607,  763,  550,  543,  638,  406,  353,  561,  493,  631,  177,  517,  514,    0,  481,  605,  393,  192,  238,  187,  242,  363,  563,  334,  517,  583,  570,  504,  491,  242,   98,  553],
        [  487,  487,  655,  739,  220,  578,  434,  458,  794,  744,  298,  484,  566,  415,  358,  163,  489,  399,  425,  767,  819,  829,  395,  618,  445,  423,  259,  677,  169,  527,  753,  418,  807,  771,  316,  315,  393,  460,  447,  367,  432,  325,   32,  695,  177,  174,  298,  206,  709,  356,  505,  103,  299,  885,  593,  297,  436,  548,  606,   93,  470,  481,    0,  625,  729,  328,  477,  421,  247,  475,  772,  223,  532,  562,  194,  371,   80,  331,  418,  519],
        [  393,  393,  406,  180,  684,  785,  192,  735,  621,  553,  401,  924,  964,  829,  431,  466,  245,  822, 1011,  244,  957,  290,  565,  915,  633,  593,  718,  870,  470,  128,  170,  379,  882,  903,  453,  430,  378,  294,  178,  739,  748,  795,  626,  384,  578,  649,  426,  777,  120,  580,  124,  726,  453,  868,  942,  901,  189, 1102,  776,  561,  155,  605,  625,    0,  421,  662,  809,  738,  608,  244,  265,  438,  100,   69,  817,  928,  555,  414,  652,  108],
        [  246,  246,   77,  299,  652,  532,  444,  550,  210,  149,  668,  781,  781,  697,  737,  586,  280,  699,  978,  247,  620,  274,  874,  678,  446,  424,  664,  581,  647,  501,  333,  714,  528,  573,  420,  416,  337,  649,  459,  616,  582,  715,  748,   42,  784,  842,  432,  781,  346,  871,  455,  821,  727,  476,  732,  910,  450, 1019,  503,  716,  443,  393,  729,  421,    0,  557,  628,  578,  562,  297,  225,  510,  390,  447,  881,  879,  697,  399,  484,  446],
        [  332,  332,  482,  698,  127,  251,  499,  132,  543,  511,  522,  263,  309,  168,  604,  316,  434,  162,  422,  696,  492,  754,  687,  309,  140,  141,  118,  350,  397,  620,  725,  640,  483,  444,  209,  233,  291,  641,  523,   78,  113,  159,  359,  537,  487,  500,  239,  253,  696,  657,  575,  370,  554,  573,  306,  369,  506,  470,  280,  388,  536,  192,  328,  662,  557,    0,  171,  101,   88,  429,  690,  270,  563,  621,  383,  323,  363,  248,  102,  583],
        [  442,  442,  560,  821,  257,  151,  659,   80,  555,  544,  692,  158,  159,  103,  774,  485,  570,  116,  418,  808,  365,  861,  853,  142,  189,  223,  223,  222,  565,  780,  850,  810,  387,  327,  364,  390,  432,  810,  683,  111,   63,  188,  509,  618,  646,  650,  400,  341,  828,  820,  733,  496,  723,  502,  138,  419,  666,  411,  194,  548,  694,  238,  477,  809,  628,  171,    0,   74,  256,  568,  798,  439,  713,  775,  479,  324,  523,  401,  160,  739],
        [  379,  379,  507,  756,  206,  166,  586,   46,  526,  507,  622,  204,  227,  121,  705,  416,  501,  125,  428,  746,  403,  800,  788,  208,  132,  160,  179,  259,  498,  707,  785,  739,  407,  358,  291,  317,  361,  738,  611,   65,   12,  172,  453,  565,  585,  594,  327,  310,  760,  757,  660,  451,  655,  511,  211,  406,  593,  445,  203,  487,  621,  187,  421,  738,  578,  101,   74,    0,  189,  498,  737,  367,  642,  703,  447,  329,  461,  329,   96,  666],
        [  321,  321,  485,  665,   91,  334,  435,  219,  580,  539,  437,  326,  385,  234,  518,  230,  396,  223,  427,  671,  575,  731,  600,  396,  200,  184,  113,  435,  310,  554,  689,  556,  560,  526,  165,  184,  257,  562,  458,  153,  200,  188,  278,  536,  400,  417,  183,  220,  655,  569,  513,  302,  467,  642,  389,  349,  441,  499,  360,  302,  473,  242,  247,  608,  562,   88,  256,  189,    0,  388,  668,  192,  509,  562,  334,  333,  276,  202,  172,  522],
        [  156,  156,  242,  279,  472,  543,  158,  493,  450,  382,  372,  690,  725,  596,  442,  317,   17,  590,  809,  295,  726,  358,  579,  672,  390,  350,  500,  630,  363,  252,  301,  425,  658,  671,  225,  205,  138,  370,  179,  505,  507,  573,  488,  256,  498,  560,  208,  583,  268,  575,  200,  575,  431,  663,  700,  713,  165,  886,  535,  442,  172,  363,  475,  244,  297,  429,  568,  498,  388,    0,  298,  255,  155,  223,  653,  719,  426,  187,  410,  198],
        [  360,  360,  258,   93,  757,  726,  381,  718,  431,  373,  622,  940,  956,  849,  670,  612,  285,  847, 1094,   26,  840,   64,  809,  870,  609,  577,  780,  788,  648,  381,  121,  628,  750,  791,  506,  491,  412,  549,  384,  761,  744,  845,  783,  206,  776,  843,  499,  875,  155,  818,  352,  873,  679,  700,  916, 1006,  384, 1159,  703,  732,  361,  563,  772,  265,  225,  690,  798,  737,  668,  298,    0,  553,  289,  318,  950, 1000,  719,  472,  641,  338],
        [  273,  273,  438,  528,  252,  484,  253,  386,  596,  539,  262,  517,  576,  425,  347,   82,  268,  414,  573,  549,  715,  612,  452,  573,  322,  286,  290,  586,  163,  368,  545,  374,  678,  661,  122,  108,  175,  372,  274,  343,  379,  371,  240,  474,  293,  340,   88,  341,  504,  430,  331,  322,  304,  731,  575,  467,  258,  668,  498,  211,  291,  334,  223,  438,  510,  270,  439,  367,  192,  255,  553,    0,  339,  384,  398,  492,  189,  119,  314,  342],
        [  311,  311,  358,  224,  584,  697,  102,  641,  575,  506,  336,  825,  867,  731,  382,  372,  161,  723,  912,  274,  880,  331,  521,  823,  541,  500,  618,  785,  384,  112,  229,  342,  810,  825,  355,  331,  283,  267,   98,  641,  651,  696,  536,  350,  502,  572,  327,  679,  181,  529,   68,  635,  392,  807,  848,  803,  102, 1003,  690,  474,   74,  517,  532,  100,  390,  563,  713,  642,  509,  155,  289,  339,    0,   68,  723,  829,  466,  316,  557,   57],
        [  378,  378,  421,  239,  634,  763,  132,  704,  638,  569,  333,  883,  927,  788,  364,  405,  229,  780,  955,  299,  948,  350,  500,  888,  605,  565,  669,  852,  404,   64,  235,  315,  878,  893,  414,  389,  347,  232,  115,  699,  713,  748,  562,  407,  510,  582,  383,  721,  184,  514,   57,  663,  385,  873,  910,  842,  129, 1051,  757,  495,   94,  583,  562,   69,  447,  621,  775,  703,  562,  223,  318,  384,   68,    0,  755,  875,  491,  375,  620,   44],
        [  636,  636,  805,  924,  257,  613,  626,  492,  913,  871,  482,  422,  512,  387,  530,  352,  666,  371,  260,  947,  843, 1010,  530,  606,  521,  513,  271,  699,  360,  721,  940,  596,  854,  802,  463,  469,  551,  647,  641,  383,  455,  293,  200,  851,  323,  276,  457,  138,  897,  487,  698,  100,  471,  953,  560,  129,  628,  397,  649,  275,  663,  570,  194,  817,  881,  383,  479,  447,  334,  653,  950,  398,  723,  755,    0,  243,  271,  488,  485,  712],
        [  648,  648,  803,  997,  247,  474,  744,  373,  853,  828,  665,  208,  296,  222,  728,  484,  728,  211,  100, 1004,  674, 1064,  755,  419,  448,  460,  221,  538,  529,  856, 1020,  786,  708,  643,  497,  515,  590,  821,  764,  273,  332,  166,  393,  858,  538,  506,  511,  167,  984,  713,  822,  318,  669,  826,  358,  126,  748,  180,  517,  463,  782,  504,  371,  928,  879,  323,  324,  329,  333,  719, 1000,  492,  829,  875,  243,    0,  448,  533,  407,  833],
        [  461,  461,  626,  680,  273,  609,  366,  494,  782,  727,  219,  548,  626,  472,  281,  112,  441,  457,  504,  712,  850,  774,  332,  665,  463,  435,  315,  710,   90,  453,  691,  339,  828,  799,  301,  293,  364,  380,  378,  413,  473,  388,   72,  661,  125,  154,  274,  282,  645,  297,  434,  174,  223,  897,  647,  377,  367,  626,  633,   27,  401,  491,   80,  555,  697,  363,  523,  461,  276,  426,  719,  189,  466,  491,  271,  448,    0,  306,  442,  448],
        [  157,  157,  325,  464,  287,  410,  259,  334,  478,  421,  356,  510,  553,  416,  440,  201,  195,  409,  624,  474,  627,  535,  557,  521,  245,  205,  314,  508,  278,  379,  488,  454,  581,  572,   40,   19,   64,  431,  284,  325,  339,  387,  352,  366,  411,  458,   34,  403,  454,  540,  332,  423,  406,  622,  538,  534,  266,  700,  416,  329,  293,  242,  331,  414,  399,  248,  401,  329,  202,  187,  472,  119,  316,  375,  488,  533,  306,    0,  252,  338],
