{
    "name": "random-86-13977",
    "comment": "size=86 seed=13977",
    "nodes": ["+0", "-0", "+1", "-1", "+2", "-2", "+3", "-3", "+4", "-4", "+5", "-5", "+6", "-6", "+7", "-7", "+8", "-8", "+9", "-9", "+10", "-10", "+11", "-11", "+12", "-12", "+13", "-13", "+14", "-14", "+15", "-15", "+16", "-16", "+17", "-17", "+18", "-18", "+19", "-19", "+20", "-20", "+21", "-21", "+22", "-22", "+23", "-23", "+24", "-24", "+25", "-25", "+26", "-26", "+27", "-27", "+28", "-28", "+29", "-29", "+30", "-30", "+31", "-31", "+32", "-32", "+33", "-33", "+34", "-34", "+35", "-35", "+36", "-36", "+37", "-37", "+38", "-38", "+39", "-39", "+40", "-40", "+41", "-41", "+42", "-42", "+43", "-43", "+44", "-44", "+45", "-45", "+46", "-46", "+47", "-47", "+48", "-48", "+49", "-49", "+50", "-50", "+51", "-51", "+52", "-52", "+53", "-53", "+54", "-54", "+55", "-55", "+56", "-56", "+57", "-57", "+58", "-58", "+59", "-59", "+60", "-60", "+61", "-61", "+62", "-62", "+63", "-63", "+64", "-64", "+65", "-65", "+66", "-66", "+67", "-67", "+68", "-68", "+69", "-69", "+70", "-70", "+71", "-71", "+72", "-72", "+73", "-73", "+74", "-74", "+75", "-75", "+76", "-76", "+77", "-77", "+78", "-78", "+79", "-79", "+80", "-80", "+81", "-81", "+82", "-82", "+83", "-83", "+84", "-84", "+85", "-85", "+86", "-86"],
    "precedence": {
        "+0": "-0",
        "+1": "-1",
        "+2": "-2",
        "+3": "-3",
        "+4": "-4",
        "+5": "-5",
        "+6": "-6",
        "+7": "-7",
        "+8": "-8",
        "+9": "-9",
        "+10": "-10",
        "+11": "-11",
        "+12": "-12",
        "+13": "-13",
        "+14": "-14",
        "+15": "-15",
        "+16": "-16",
        "+17": "-17",
        "+18": "-18",
        "+19": "-19",
        "+20": "-20",
        "+21": "-21",
        "+22": "-22",
        "+23": "-23",
        "+24": "-24",
        "+25": "-25",
        "+26": "-26",
        "+27": "-27",
        "+28": "-28",
        "+29": "-29",
        "+30": "-30",
        "+31": "-31",
        "+32": "-32",
        "+33": "-33",
        "+34": "-34",
        "+35": "-35",
        "+36": "-36",
        "+37": "-37",
        "+38": "-38",
        "+39": "-39",
        "+40": "-40",
        "+41": "-41",
        "+42": "-42",
        "+43": "-43",
        "+44": "-44",
        "+45": "-45",
        "+46": "-46",
        "+47": "-47",
        "+48": "-48",
        "+49": "-49",
        "+50": "-50",
        "+51": "-51",
        "+52": "-52",
        "+53": "-53",
        "+54": "-54",
        "+55": "-55",
        "+56": "-56",
        "+57": "-57",
        "+58": "-58",
        "+59": "-59",
        "+60": "-60",
        "+61": "-61",
        "+62": "-62",
        "+63": "-63",
        "+64": "-64",
        "+65": "-65",
        "+66": "-66",
        "+67": "-67",
        "+68": "-68",
        "+69": "-69",
        "+70": "-70",
        "+71": "-71",
        "+72": "-72",
        "+73": "-73",
        "+74": "-74",
        "+75": "-75",
        "+76": "-76",
        "+77": "-77",
        "+78": "-78",
        "+79": "-79",
        "+80": "-80",
        "+81": "-81",
        "+82": "-82",
        "+83": "-83",
        "+84": "-84",
        "+85": "-85",
        "+86": "-86"
    },
    "edges": [
        [    0,    0,  924,   35,  348,  754,  447,  817,  199,  540,  587,  730,  265,  597,  623,  694,  910,  696,  485,  571,  241,  195,  191,  776,  754,  439,  520,  397,  180,  836,  664,  429,  407,  169,  162,  608,  263,  585,  724,  618,  243,  116,  576,  860,  248,  436,  242,  865,  796,  787,  946,  720,  377,  644,  555,  319,  655,  595,  582,  732,  614,  706,  777,  343,  446,  409,  335,  303,  430,  207,  448,  553,  543,  540,  851,  653,  153,  467,  446,  400, 1044,  900,  286,  337,  738,  501,  227,  827,  730,  320,  260,  429,  883,   88,  636,  720,  680,  279,  498,  377,  471,  481,  501,  271,  354,   69,  630,  770,  417,  506,  998,  737,  922,  567,  399,  512,  872,   55,  468,  662,  120,  399,  866,  307,  472,  476,  599,  379,  851,  296,  698,  959,  985,  521,  616,  618,  106,  565,  564,  343,  232,  551,  474,  735,  457,  438,  491,  275,   86,  531,  541,  611,  542,  235,  545,  536,  699,  263,   14,  940,  276,  332,  525,   92,  806,  316,  584,  588,  817,  473,  365,  201,  503,  530],
        [    0,    0,    0,    0,    0,    0,    0,    0,    0,    0,    0,    0,    0,    0,    0,    0,    0,    0,    0,    0,    0,    0,    0,    0,    0,    0,    0,    0,    0,    0,    0,    0,    0,    0,    0,    0,    0,    0,    0,    0,    0,    0,    0,    0,    0,    0,    0,    0,    0,    0,    0,    0,    0,    0,    0,    0,    0,    0,    0,    0,    0,    0,    0,    0,    0,    0,    0,    0,    0,    0,    0,    0,    0,    0,    0,    0,    0,    0,    0,    0,    0,    0,    0,    0,    0,    0,    0,    0,    0,    0,    0,    0,    0,    0,    0,    0,    0,    0,    0,    0,    0,    0,    0,    0,    0,    0,    0,    0,    0,    0,    0,    0,    0,    0,    0,    0,    0,    0,    0,    0,    0,    0,    0,    0,    0,    0,    0,    0,    0,    0,    0,    0,    0,    0,    0,    0,    0,    0,    0,    0,    0,    0,    0,    0,    0,    0,    0,    0,    0,    0,    0,    0,    0,    0,    0,    0,    0,    0,    0,    0,    0,    0,    0,    0,    0,    0,    0,    0,    0,    0,    0,    0,    0,    0],
        [  924,    0,    0,  928,  648,  958,  544,  971, 1083,  467,  823,  555, 1103,  377,  574, 1027,   33,  273,  792,  391,  686,  940,  794,  173,  796,  772,  801,  764,  856,  689,  719,  728,  588,  761,  963,  455,  726,  743,  220,  309,  815, 1013,  803,  920, 1079,  563,  804,  793,  414,  575,  125,  910,  690,  841,  379,  790, 1026,  336, 1129,  839,  692,  800,  254,  695,  479,  606, 1153, 1133,  523, 1071,  716,  997,  410, 1067,  876,  866,  794,  728,  615,  751,  918,  933,  639,  644,  330,  975,  700,  103,  524,  797,  784,  905,  398,  839,  768,  514,  249, 1063, 1021, 1059,  527,  603,  491,  819,  883,  993, 1057,  331, 1070,  762,  803,  766,   80,  391,  885, 1231,  298,  870, 1063, 1065,  894, 1153,  163, 1115, 1172,  514, 1125,  956,  551,  691,  893,   85,  920,  995,  650,  444,  964, 1083, 1127,  646,  794,  687,  575,  976,  599, 1207,  577,  662,  987, 1252,  901,  537, 1155,  879,  413,  760,  229,  828,  935,  174, 1064,  952, 1242,  925,  314,  617,  918,  585,  887, 1250,  560, 1060,  725, 1220],
        [   35,    0,  928,    0,  335,  788,  464,  850,  221,  557,  619,  753,  292,  609,  647,  728,  912,  693,  516,  567,  243,  161,  172,  776,  784,  469,  551,  372,  212,  863,  692,  458,  425,  167,  195,  625,  247,  614,  731,  623,  273,  140,  607,  892,  276,  425,  217,  894,  814,  811,  954,  753,  357,  675,  555,  350,  689,  596,  616,  763,  642,  736,  789,  368,  449,  430,  362,  330,  442,  233,  476,  587,  539,  574,  882,  686,  174,  496,  469,  375, 1074,  932,  291,  325,  752,  536,  228,  831,  752,  351,  289,  463,  900,   90,  666,  742,  682,  310,  532,  410,  488,  504,  492,  302,  387,   71,  664,  784,  451,  536, 1026,  767,  928,  563,  432,  542,  886,   68,  503,  696,   90,  429,  875,  336,  504,  493,  633,  413,  874,  282,  730,  965, 1016,  556,  642,  635,  138,  599,  598,  363,  261,  579,  495,  768,  479,  466,  513,  272,  111,  561,  575,  633,  576,  204,  556,  567,  701,  235,   28,  950,  307,  367,  555,  126,  821,  314,  617,  612,  849,  500,  368,  227,  532,  561],
        [  348,    0,  648,  335,    0,  879,  369,  930,  545,  426,  691,  676,  601,  426,  588,  866,  626,  386,  593,  259,  163,  297,  167,  481,  806,  543,  626,  162,  399,  824,  699,  506,  361,  195,  468,  500,   90,  647,  490,  377,  413,  462,  671,  940,  580,   94,  158,  890,  671,  735,  705,  832,   78,  743,  275,  456,  837,  319,  831,  809,  644,  771,  581,  396,  224,  384,  668,  638,  311,  548,  514,  751,  238,  774,  915,  762,  299,  539,  436,  153, 1074,  975,  172,   22,  575,  704,  163,  565,  661,  462,  399,  615,  743,  266,  701,  648,  403,  595,  724,  659,  385,  464,  167,  438,  547,  406,  833,  609,  691,  592,  995,  780,  668,  258,  581,  822,  695,  303,  723,  859,  270,  713,  640,  635,  772,  380,  841,  608,  778,   54,  808,  703, 1032,  728,  623,  504,  434,  799,  818,  341,  383,  587,  435,  872,  435,  760,  455,  112,  432,  843,  696,  555,  814,  232,  376,  616,  423,  180,  354,  714,  593,  573,  835,  399,  639,  117,  736,  561,  894,  800,  179,  540,  568,  831],
        [  754,    0,  958,  788,  879,    0,  544,   66,  715,  554,  189,  408,  654,  634,  392,  125,  970,  927,  289,  880,  729,  937,  842,  928,  174,  340,  255, 1026,  576,  328,  240,  374,  532,  748,  621,  524,  857,  245,  766,  757,  520,  720,  209,  144,  642,  898,  906,  254,  560,  408,  882,   52,  954,  140,  816,  450,  161,  817,  341,  122,  278,  159,  705,  485,  729,  505,  639,  649,  606,  682,  366,  242,  857,  316,  168,  118,  646,  341,  457, 1020,  358,  179,  708,  857,  628,  282,  737,  871,  439,  446,  515,  330,  618,  746,  202,  447,  844,  587,  318,  477,  541,  440,  904,  490,  403,  789,  216,  630,  445,  287,  383,  199,  898,  872,  357,  546,  695,  735,  385,  194,  850,  562,  805,  618,  506,  553,  320,  399,  465,  860,   74,  925,  287,  274,  317,  532,  677,  307,  357,  538,  541,  312,  475,   36,  464,  594,  459,  772,  725,  557,  214,  434,  412,  947,  636,  265,  849,  943,  766,  839,  591,  445,  548,  669,  653,  763,  173,  393,  125,  619,  718,  675,  314,  511],
        [  447,    0,  544,  464,  369,  544,    0,  586,  564,   95,  362,  314,  570,  171,  220,  563,  541,  410,  287,  341,  265,  550,  408,  444,  445,  251,  310,  530,  327,  456,  337,  204,   46,  326,  436,  162,  383,  299,  325,  255,  277,  505,  340,  582,  545,  365,  456,  522,  351,  374,  531,  494,  447,  404,  280,  247,  546,  291,  607,  455,  283,  415,  345,  151,  186,   63,  614,  596,   64,  545,  199,  488,  316,  545,  553,  428,  295,  220,   91,  521,  705,  615,  220,  349,  295,  455,  280,  442,  305,  254,  245,  374,  437,  379,  349,  292,  344,  524,  495,  516,   25,  105,  362,  277,  342,  513,  562,  325,  529,  270,  627,  417,  518,  333,  349,  689,  428,  397,  528,  579,  473,  609,  445,  575,  630,   33,  608,  415,  427,  370,  470,  555,  665,  477,  257,  172,  451,  564,  602,  111,  260,  234,   70,  545,   81,  663,   89,  285,  486,  710,  404,  190,  622,  522,  133,  284,  356,  494,  460,  514,  525,  409,  700,  415,  363,  257,  434,  192,  537,  706,  192,  535,  236,  680],
        [  817,    0,  971,  850,  930,   66,  586,    0,  780,  587,  242,  417,  719,  663,  417,  180,  985,  957,  346,  918,  784,  998,  900,  953,  176,  397,  310, 1080,  638,  313,  265,  428,  578,  806,  686,  551,  912,  288,  788,  787,  581,  785,  260,   92,  707,  946,  963,  225,  565,  407,  888,  100, 1006,  188,  853,  509,  220,  851,  399,  138,  310,  180,  718,  539,  771,  552,  704,  714,  649,  748,  417,  307,  896,  378,  129,  171,  706,  392,  502, 1074,  301,  122,  760,  909,  643,  348,  792,  888,  448,  506,  574,  394,  615,  806,  238,  458,  873,  652,  382,  542,  581,  482,  948,  552,  466,  853,  274,  641,  509,  339,  339,  206,  907,  910,  421,  605,  698,  797,  449,  249,  911,  626,  814,  682,  567,  593,  377,  465,  457,  914,  124,  933,  230,  339,  346,  558,  742,  367,  415,  589,  601,  353,  517,   96,  508,  656,  499,  825,  790,  615,  279,  460,  470, 1006,  669,  314,  876, 1001,  829,  843,  656,  510,  606,  732,  661,  814,  238,  423,   94,  680,  765,  741,  363,  569],
        [  199,    0, 1083,  221,  545,  715,  564,  780,    0,  658,  581,  798,   85,  730,  693,  628, 1072,  874,  494,  753,  420,  359,  389,  946,  760,  461,  524,  592,  237,  873,  690,  472,  519,  357,  130,  713,  461,  605,  872,  775,  295,   83,  577,  842,   82,  630,  437,  878,  893,  850, 1090,  692,  575,  633,  728,  358,  584,  765,  465,  725,  650,  709,  907,  426,  612,  511,  150,  118,  566,   34,  493,  482,  724,  440,  843,  635,  291,  503,  533,  595, 1044,  881,  457,  532,  856,  436,  409,  983,  806,  355,  326,  393,  981,  279,  648,  799,  847,  136,  412,  257,  587,  563,  692,  309,  333,  160,  546,  885,  298,  525, 1019,  751, 1071,  748,  373,  342,  989,  242,  360,  579,  307,  233, 1005,  135,  316,  596,  486,  317,  920,  493,  673, 1108,  979,  449,  664,  725,  121,  462,  445,  454,  306,  592,  569,  688,  547,  259,  581,  462,  114,  358,  507,  693,  408,  417,  682,  554,  865,  454,  196, 1076,  132,  273,  354,  160,  923,  499,  545,  658,  803,  288,  534,   40,  536,  368],
        [  540,    0,  467,  557,  426,  554,   95,  587,  658,    0,  385,  253,  661,   92,  181,  593,  467,  374,  332,  334,  346,  635,  488,  389,  429,  307,  347,  587,  421,  408,  325,  262,  139,  413,  530,   76,  454,  312,  248,  206,  368,  600,  363,  568,  637,  402,  531,  487,  262,  310,  443,  503,  501,  418,  268,  330,  582,  265,  666,  451,  278,  409,  252,  239,  213,  149,  703,  686,  123,  639,  251,  539,  315,  604,  534,  444,  390,  266,  148,  577,  665,  597,  297,  407,  200,  512,  361,  366,  236,  336,  336,  439,  345,  470,  353,  222,  296,  613,  556,  595,   72,  138,  381,  365,  418,  607,  606,  230,  604,  306,  576,  399,  434,  326,  418,  766,  334,  490,  596,  619,  560,  692,  356,  664,  707,   65,  664,  490,  354,  436,  481,  470,  632,  533,  242,   83,  546,  621,  663,  205,  353,  246,  109,  561,  132,  746,  112,  357,  580,  787,  447,  141,  689,  601,   83,  312,  303,  568,  553,  423,  614,  489,  776,  510,  268,  322,  471,  166,  525,  789,  250,  628,  269,  754],
        [  587,    0,  823,  619,  691,  189,  362,  242,  581,  385,    0,  312,  535,  472,  252,  208,  830,  758,  105,  701,  542,  762,  659,  771,  180,  155,   69,  839,  407,  314,  139,  186,  346,  565,  471,  372,  670,   81,  617,  591,  346,  570,   23,  274,  518,  711,  721,  299,  459,  338,  764,  143,  766,   57,  639,  272,  203,  644,  333,  147,  137,  129,  575,  297,  545,  318,  538,  539,  422,  550,  177,  195,  677,  280,  266,   73,  467,  152,  273,  832,  465,  313,  520,  669,  499,  199,  550,  729,  337,  269,  336,  193,  534,  568,   81,  339,  680,  468,  251,  379,  362,  260,  720,  317,  250,  629,  238,  509,  360,   99,  442,  176,  772,  693,  208,  501,  592,  562,  316,  242,  675,  479,  681,  508,  449,  375,  322,  275,  409,  672,  118,  803,  402,  209,  178,  382,  522,  286,  339,  350,  363,  140,  296,  185,  281,  523,  282,  584,  570,  518,  101,  287,  383,  766,  465,   78,  687,  760,  599,  728,  471,  312,  507,  507,  539,  575,   99,  239,  230,  558,  530,  541,  127,  474],
        [  730,    0,  555,  753,  676,  408,  314,  417,  798,  253,  312,    0,  776,  291,  108,  494,  570,  575,  335,  570,  578,  858,  720,  552,  241,  348,  323,  838,  573,  161,  180,  328,  340,  634,  671,  184,  696,  238,  384,  411,  508,  760,  297,  367,  755,  654,  769,  254,  154,   60,  474,  362,  752,  308,  504,  441,  502,  488,  644,  287,  178,  251,  303,  388,  465,  328,  799,  791,  367,  772,  307,  506,  555,  589,  326,  332,  580,  301,  285,  828,  419,  386,  534,  657,  229,  503,  592,  475,   32,  444,  481,  466,  223,  676,  237,   44,  485,  715,  555,  655,  294,  250,  630,  491,  487,  790,  545,  225,  648,  298,  325,  212,  491,  562,  463,  801,  289,  686,  615,  544,  777,  759,  398,  763,  745,  298,  633,  542,  123,  682,  349,  518,  396,  516,  146,  184,  705,  597,  649,  394,  506,  216,  263,  430,  275,  808,  243,  599,  748,  819,  409,  125,  691,  835,  321,  279,  484,  808,  743,  432,  717,  563,  808,  676,  246,  568,  409,  143,  333,  847,  498,  762,  273,  778],
        [  265,    0, 1103,  292,  601,  654,  570,  719,   85,  661,  535,  776,    0,  740,  674,  560, 1095,  908,  457,  792,  463,  438,  454,  975,  714,  431,  483,  662,  248,  837,  653,  449,  525,  408,  143,  710,  521,  569,  888,  797,  293,  153,  534,  786,   25,  681,  506,  833,  882,  824, 1100,  636,  639,  583,  762,  342,  516,  795,  386,  676,  618,  663,  913,  423,  642,  513,   70,   39,  581,   61,  470,  416,  763,  365,  791,  582,  324,  477,  526,  665,  993,  825,  495,  586,  857,  372,  455, 1001,  787,  337,  325,  343,  971,  336,  607,  781,  874,   68,  343,  183,  591,  554,  739,  299,  294,  238,  474,  883,  222,  491,  976,  709, 1085,  787,  329,  258,  986,  300,  286,  507,  381,  149, 1015,   51,  232,  602,  408,  262,  896,  551,  618, 1122,  925,  383,  637,  722,  168,  387,  365,  461,  312,  564,  565,  625,  542,  177,  574,  510,  181,  275,  452,  679,  326,  493,  695,  518,  891,  527,  266, 1083,   65,  224,  271,  203,  921,  542,  488,  641,  749,  209,  568,   65,  507,  284],
        [  597,    0,  377,  609,  426,  634,  171,  663,  730,   92,  472,  291,  740,    0,  247,  680,  376,  295,  424,  279,  381,  668,  518,  299,  498,  399,  437,  584,  495,  451,  399,  354,  216,  454,  604,  114,  471,  396,  157,  125,  448,  667,  450,  636,  715,  383,  552,  541,  247,  342,  361,  583,  497,  502,  214,  416,  671,  197,  758,  526,  356,  484,  181,  322,  203,  232,  785,  767,  168,  713,  343,  630,  267,  696,  599,  527,  451,  358,  239,  572,  710,  661,  330,  411,  151,  604,  397,  275,  267,  423,  416,  530,  318,  520,  433,  252,  211,  695,  648,  684,  152,  230,  346,  447,  507,  665,  696,  186,  694,  397,  612,  467,  347,  272,  509,  855,  281,  544,  688,  708,  601,  779,  276,  746,  796,  140,  756,  580,  368,  447,  562,  384,  685,  625,  318,  110,  615,  713,  755,  279,  429,  333,  200,  644,  223,  833,  204,  380,  645,  876,  538,  204,  781,  626,   55,  401,  216,  586,  609,  347,  696,  577,  866,  577,  219,  339,  560,  242,  594,  876,  265,  703,  360,  844],
        [  623,    0,  574,  647,  588,  392,  220,  417,  693,  181,  252,  108,  674,  247,    0,  454,  583,  542,  247,  514,  479,  755,  619,  538,  251,  251,  243,  749,  466,  237,  153,  225,  239,  532,  565,  135,  601,  172,  375,  372,  402,  653,  232,  390,  652,  576,  671,  308,  220,  165,  513,  341,  665,  267,  448,  336,  453,  440,  575,  280,  118,  238,  324,  281,  388,  225,  700,  691,  278,  668,  205,  437,  496,  516,  354,  293,  474,  202,  179,  740,  488,  417,  437,  568,  247,  426,  492,  482,  114,  339,  374,  377,  304,  570,  195,  108,  457,  614,  477,  562,  204,  144,  561,  385,  389,  683,  488,  258,  558,  211,  408,  220,  520,  506,  370,  715,  346,  580,  532,  493,  672,  666,  429,  664,  658,  210,  567,  449,  230,  589,  322,  552,  452,  442,   77,  142,  598,  527,  577,  289,  399,  127,  161,  406,  171,  716,  141,  503,  641,  735,  339,   44,  614,  734,  261,  199,  460,  710,  637,  477,  617,  466,  724,  569,  289,  476,  349,   36,  348,  756,  410,  657,  180,  695],
        [  694,    0, 1027,  728,  866,  125,  563,  180,  628,  593,  208,  494,  560,  680,  454,    0, 1036,  965,  280,  903,  708,  884,  806,  979,  281,  326,  254, 1003,  523,  439,  315,  369,  542,  714,  548,  578,  831,  286,  824,  798,  476,  644,  230,  267,  550,  898,  870,  375,  647,  504,  962,  145,  937,  188,  842,  415,   44,  849,  220,  225,  336,  249,  776,  473,  743,  514,  536,  549,  622,  595,  368,  146,  878,  203,  292,  163,  605,  345,  473,  998,  479,  300,  695,  844,  700,  196,  713,  934,  523,  409,  478,  267,  712,  699,  261,  528,  888,  494,  217,  378,  565,  464,  914,  446,  344,  719,   95,  706,  342,  294,  507,  299,  972,  895,  300,  426,  782,  683,  279,   70,  799,  453,  880,  519,  391,  579,  198,  320,  568,  840,  150, 1002,  408,  180,  377,  588,  607,  189,  236,  533,  501,  348,  500,   89,  483,  480,  487,  755,  653,  436,  170,  492,  291,  903,  672,  282,  895,  907,  705,  922,  499,  368,  427,  605,  733,  753,  132,  445,  249,  502,  718,  589,  329,  390],
        [  910,    0,   33,  912,  626,  970,  541,  985, 1072,  467,  830,  570, 1095,  376,  583, 1036,    0,  247,  795,  368,  670,  920,  775,  147,  810,  773,  805,  738,  847,  707,  730,  729,  583,  745,  954,  460,  706,  751,  219,  298,  809, 1000,  810,  936, 1070,  540,  782,  811,  432,  592,  156,  921,  666,  850,  360,  787, 1033,  317, 1132,  851,  701,  812,  267,  691,  465,  603, 1146, 1125,  516, 1061,  717, 1001,  388, 1070,  893,  876,  782,  731,  614,  725,  940,  951,  624,  623,  343,  977,  685,  103,  538,  794,  778,  905,  422,  823,  777,  528,  231, 1056, 1023, 1056,  524,  604,  467,  813,  881,  978, 1063,  346, 1068,  766,  825,  780,  109,  368,  884, 1228,  321,  855, 1063, 1071,  876, 1148,  184, 1107, 1170,  511, 1128,  954,  571,  671,  903,  118,  940,  998,  659,  450,  952, 1086, 1129,  639,  786,  693,  575,  987,  598, 1202,  578,  644,  974, 1250,  906,  544, 1156,  857,  408,  765,  211,  805,  920,  203, 1057,  949, 1240,  913,  333,  600,  924,  592,  902, 1245,  546, 1050,  729, 1219],
        [  696,    0,  273,  693,  386,  927,  410,  957,  874,  374,  758,  575,  908,  295,  542,  965,  247,    0,  695,  129,  456,  682,  543,  101,  792,  660,  715,  492,  666,  733,  693,  614,  443,  528,  765,  409,  470,  685,  211,  171,  641,  796,  736,  930,  884,  297,  543,  829,  484,  618,  358,  876,  421,  792,  148,  639,  952,  121, 1015,  820,  650,  778,  324,  544,  269,  469,  966,  942,  363,  867,  608,  898,  154,  953,  892,  817,  585,  628,  499,  479,  989,  954,  417,  385,  368,  864,  469,  213,  547,  646,  613,  782,  518,  608,  726,  533,   91,  880,  902,  902,  403,  502,  223,  653,  740,  762,  970,  393,  922,  674,  884,  761,  313,  131,  754, 1077,  433,  642,  930,  986,  646,  984,  323,  929, 1020,  389, 1017,  813,  626,  434,  854,  342,  971,  887,  612,  403,  754,  973, 1009,  483,  614,  620,  467,  935,  486, 1037,  478,  422,  768, 1099,  812,  499, 1026,  617,  293,  683,   98,  564,  705,  386,  880,  797, 1089,  714,  404,  380,  840,  536,  889, 1080,  341,  857,  638, 1074],
        [  485,    0,  792,  516,  593,  289,  287,  346,  494,  332,  105,  335,  457,  424,  247,  280,  795,  695,    0,  625,  441,  657,  555,  719,  272,   51,   37,  738,  305,  381,  197,   90,  263,  460,  377,  339,  568,  113,  577,  533,  243,  475,   92,  378,  437,  619,  617,  387,  466,  376,  748,  246,  666,  162,  566,  167,  260,  577,  338,  248,  164,  222,  553,  197,  464,  235,  470,  466,  343,  464,   89,  207,  599,  277,  367,  176,  362,   68,  197,  732,  561,  417,  421,  571,  481,  184,  448,  693,  353,  165,  231,  132,  549,  464,  156,  351,  623,  392,  233,  322,  293,  195,  634,  215,  163,  529,  276,  497,  314,   37,  527,  259,  748,  617,  131,  469,  591,  458,  286,  292,  570,  425,  661,  437,  412,  306,  334,  209,  448,  572,  222,  782,  501,  204,  190,  350,  425,  291,  337,  255,  259,  121,  229,  280,  210,  474,  221,  484,  472,  489,  118,  270,  370,  662,  406,   62,  633,  655,  497,  716,  395,  235,  478,  407,  531,  478,  150,  222,  333,  513,  439,  455,   69,  449],
        [  571,    0,  391,  567,  259,  880,  341,  918,  753,  334,  701,  570,  792,  279,  514,  903,  368,  129,  625,    0,  334,  555,  415,  222,  762,  585,  650,  376,  554,  730,  658,  539,  364,  403,  650,  389,  342,  635,  267,  171,  537,  674,  679,  902,  769,  172,  416,  816,  510,  620,  460,  829,  300,  742,   67,  545,  885,   90,  930,  783,  608,  741,  375,  455,  167,  392,  853,  827,  283,  748,  537,  821,   30,  868,  868,  766,  468,  559,  431,  363,  988,  930,  298,  258,  397,  783,  345,  315,  545,  553,  511,  697,  562,  483,  681,  531,  155,  768,  817,  800,  340,  442,  102,  552,  647,  636,  897,  428,  823,  610,  891,  732,  419,    9,  667,  974,  492,  518,  837,  916,  518,  877,  407,  816,  918,  328,  934,  719,  643,  306,  806,  452,  961,  806,  575,  386,  634,  889,  922,  391,  508,  569,  406,  884,  421,  928,  421,  296,  645,  996,  742,  472,  933,  490,  254,  624,  174,  438,  579,  478,  767,  698,  986,  595,  448,  256,  774,  499,  859,  971,  227,  738,  576,  974],
        [  241,    0,  686,  243,  163,  729,  265,  784,  420,  346,  542,  578,  463,  381,  479,  708,  670,  456,  441,  334,    0,  290,  143,  536,  673,  390,  475,  297,  242,  713,  568,  357,  240,   76,  323,  421,  129,  507,  492,  382,  251,  341,  524,  802,  441,  224,  193,  767,  607,  637,  715,  684,  230,  596,  315,  295,  678,  355,  669,  669,  513,  633,  557,  245,  207,  257,  527,  499,  224,  416,  368,  590,  305,  612,  781,  614,  144,  392,  308,  292,  951,  838,   52,  142,  530,  542,   16,  590,  569,  302,  237,  454,  689,  154,  562,  557,  440,  447,  561,  501,  286,  341,  276,  276,  385,  308,  672,  563,  532,  445,  883,  649,  687,  329,  420,  668,  661,  187,  562,  699,  221,  563,  638,  492,  617,  286,  679,  446,  691,  132,  660,  724,  904,  566,  499,  428,  301,  636,  656,  201,  221,  452,  319,  720,  312,  612,  339,   52,  312,  690,  538,  453,  653,  258,  327,  471,  459,  232,  251,  713,  446,  412,  681,  263,  598,   79,  579,  447,  756,  653,  126,  407,  424,  675],
        [  195,    0,  940,  161,  297,  937,  550,  998,  359,  635,  762,  858,  438,  668,  755,  884,  920,  682,  657,  555,  290,    0,  152,  776,  918,  608,  693,  261,  363,  982,  821,  589,  519,  224,  355,  709,  214,  748,  765,  652,  417,  288,  748, 1034,  426,  389,  140, 1023,  896,  917,  986,  899,  283,  818,  562,  491,  846,  606,  776,  903,  768,  873,  841,  488,  480,  531,  507,  475,  513,  378,  606,  745,  532,  734, 1021,  831,  297,  628,  577,  269, 1206, 1073,  340,  298,  818,  693,  274,  852,  852,  493,  427,  617,  978,  194,  801,  840,  692,  465,  692,  569,  573,  611,  463,  447,  541,  201,  823,  852,  611,  673, 1149,  899,  954,  553,  586,  694,  948,  202,  663,  854,   88,  581,  915,  486,  660,  574,  794,  572,  975,  250,  876,  990, 1151,  714,  762,  716,  297,  759,  758,  466,  399,  704,  596,  919,  584,  615,  615,  291,  263,  712,  726,  734,  735,   76,  614,  703,  713,  130,  187,  990,  462,  526,  707,  286,  886,  335,  769,  721,  989,  646,  405,  375,  664,  715],
        [  191,    0,  794,  172,  167,  842,  408,  900,  389,  488,  659,  720,  454,  518,  619,  806,  775,  543,  555,  415,  143,  152,    0,  633,  802,  504,  590,  215,  294,  852,  700,  477,  381,   95,  333,  563,   78,  633,  615,  502,  331,  307,  643,  926,  435,  260,   65,  901,  749,  779,  837,  801,  187,  715,  416,  395,  771,  459,  732,  794,  646,  760,  690,  369,  329,  396,  523,  492,  366,  397,  491,  676,  390,  682,  909,  730,  202,  515,  445,  215, 1086,  964,  191,  161,  668,  626,  129,  704,  712,  399,  330,  542,  829,  124,  688,  699,  546,  459,  635,  541,  429,  479,  331,  361,  466,  242,  757,  702,  578,  565, 1021,  780,  805,  413,  508,  691,  798,  156,  620,  787,  105,  580,  764,  493,  647,  429,  747,  513,  834,  114,  776,  841, 1035,  648,  635,  570,  288,  707,  717,  335,  306,  583,  459,  829,  451,  622,  479,  140,  276,  711,  640,  595,  704,  116,  464,  593,  566,  102,  194,  840,  456,  472,  705,  259,  736,  184,  682,  587,  881,  659,  254,  390,  549,  706],
        [  776,    0,  173,  776,  481,  928,  444,  953,  946,  389,  771,  552,  975,  299,  538,  979,  147,  101,  719,  222,  536,  776,  633,    0,  782,  690,  735,  592,  729,  704,  690,  644,  483,  609,  833,  405,  562,  694,  169,  190,  697,  872,  749,  916,  951,  394,  638,  804,  439,  587,  263,  878,  519,  799,  222,  685,  970,  182, 1050,  816,  652,  774,  269,  589,  335,  506, 1030, 1007,  407,  937,  635,  926,  244,  987,  875,  825,  656,  653,  527,  579,  953,  936,  492,  478,  329,  896,  549,  124,  521,  693,  668,  818,  458,  689,  729,  509,  103,  942,  938,  953,  432,  524,  321,  705,  784,  843,  994,  347,  969,  694,  844,  751,  217,  223,  793, 1128,  365,  722,  971, 1006,  735, 1040,  241,  992, 1070,  418, 1049,  858,  584,  527,  858,  244,  942,  918,  611,  396,  826, 1005, 1045,  532,  672,  631,  491,  940,  513, 1094,  499,  506,  845, 1149,  835,  495, 1066,  712,  315,  699,   88,  660,  786,  296,  942,  847, 1139,  787,  349,  462,  859,  537,  878, 1137,  414,  927,  657, 1121],
        [  754,    0,  796,  784,  806,  174,  445,  176,  760,  429,  180,  241,  714,  498,  251,  281,  810,  792,  272,  762,  673,  918,  802,  782,    0,  315,  239,  963,  575,  159,  108,  329,  447,  709,  647,  384,  801,  171,  616,  622,  511,  746,  184,  140,  697,  809,  862,  120,  391,  235,  714,  137,  884,  135,  696,  435,  303,  690,  473,   57,  163,   51,  543,  434,  627,  423,  716,  718,  508,  729,  313,  346,  743,  431,  110,  144,  622,  291,  371,  955,  291,  170,  641,  785,  468,  366,  684,  713,  273,  434,  495,  372,  445,  725,  118,  283,  705,  647,  414,  555,  435,  344,  803,  484,  428,  800,  355,  465,  533,  248,  263,   32,  732,  755,  388,  662,  525,  723,  483,  343,  832,  653,  639,  687,  614,  445,  456,  454,  292,  797,  133,  758,  234,  368,  190,  390,  696,  430,  484,  473,  524,  221,  375,  202,  372,  694,  356,  708,  744,  677,  270,  294,  535,  914,  510,  218,  707,  901,  766,  670,  650,  491,  667,  678,  486,  690,  246,  264,   97,  726,  633,  720,  255,  632],
        [  439,    0,  772,  469,  543,  340,  251,  397,  461,  307,  155,  348,  431,  399,  251,  326,  773,  660,   51,  585,  390,  608,  504,  690,  315,    0,   87,  687,  261,  413,  231,   47,  222,  410,  339,  324,  517,  149,  554,  502,  197,  436,  141,  427,  410,  572,  567,  428,  469,  394,  735,  297,  616,  212,  528,  120,  303,  541,  360,  295,  189,  267,  540,  148,  421,  194,  451,  444,  303,  432,   57,  238,  558,  298,  414,  227,  312,   50,  164,  681,  605,  465,  372,  522,  471,  206,  397,  672,  362,  119,  182,  134,  554,  415,  198,  358,  593,  368,  250,  312,  260,  170,  589,  170,  139,  486,  313,  490,  311,   68,  565,  300,  733,  577,  120,  471,  588,  410,  293,  332,  521,  415,  648,  416,  413,  273,  359,  199,  466,  521,  273,  767,  547,  228,  207,  336,  384,  315,  357,  207,  210,  134,  200,  330,  178,  466,  196,  434,  431,  491,  159,  266,  384,  611,  376,   98,  603,  605,  452,  707,  371,  216,  480,  364,  526,  429,  195,  221,  382,  507,  393,  423,   77,  455],
        [  520,    0,  801,  551,  626,  255,  310,  310,  524,  347,   69,  323,  483,  437,  243,  254,  805,  715,   37,  650,  475,  693,  590,  735,  239,   87,    0,  772,  341,  356,  172,  121,  289,  496,  409,  346,  603,   89,  588,  551,  279,  508,   57,  342,  464,  650,  653,  355,  460,  359,  751,  211,  700,  126,  589,  203,  237,  598,  333,  212,  146,  189,  558,  231,  490,  261,  493,  490,  369,  493,  116,  198,  625,  274,  332,  140,  398,   92,  220,  766,  527,  381,  455,  604,  484,  184,  483,  703,  343,  201,  267,  148,  541,  500,  125,  342,  641,  417,  235,  339,  313,  213,  662,  250,  191,  564,  259,  498,  327,   42,  496,  228,  754,  642,  155,  479,  588,  494,  293,  272,  606,  442,  665,  461,  423,  327,  327,  229,  432,  606,  186,  787,  466,  200,  178,  357,  458,  286,  335,  286,  295,  117,  248,  247,  231,  490,  238,  518,  506,  497,  101,  271,  372,  698,  424,   45,  650,  691,  532,  718,  420,  260,  486,  441,  531,  511,  125,  222,  298,  527,  470,  484,   78,  456],
        [  397,    0,  764,  372,  162, 1026,  530, 1080,  592,  587,  839,  838,  662,  584,  749, 1003,  738,  492,  738,  376,  297,  261,  215,  592,  963,  687,  772,    0,  504,  986,  857,  653,  519,  294,  546,  662,  172,  800,  632,  521,  533,  511,  820, 1095,  645,  211,  157, 1050,  830,  896,  835,  981,   87,  892,  411,  589,  971,  453,  944,  963,  801,  926,  729,  542,  382,  541,  732,  700,  473,  604,  663,  879,  364,  891, 1072,  911,  407,  688,  593,   14, 1234, 1130,  323,  182,  730,  830,  291,  691,  823,  594,  527,  743,  899,  338,  855,  809,  530,  671,  843,  755,  547,  623,  275,  562,  670,  435,  961,  764,  792,  741, 1156,  938,  795,  378,  709,  905,  846,  369,  832,  989,  285,  792,  778,  704,  861,  541,  957,  723,  940,  167,  956,  827, 1190,  853,  782,  666,  499,  916,  929,  493,  505,  743,  595, 1017,  594,  834,  615,  256,  482,  924,  834,  717,  917,  187,  535,  767,  549,  139,  397,  851,  669,  683,  918,  473,  792,  275,  875,  721, 1049,  870,  340,  598,  719,  919],
        [  180,    0,  856,  212,  399,  576,  327,  638,  237,  421,  407,  573,  248,  495,  466,  523,  847,  666,  305,  554,  242,  363,  294,  729,  575,  261,  341,  504,    0,  666,  489,  256,  282,  213,  110,  477,  338,  408,  641,  550,   67,  188,  397,  681,  224,  465,  358,  688,  659,  627,  856,  541,  456,  464,  518,  142,  485,  550,  440,  552,  442,  527,  671,  191,  398,  274,  302,  279,  334,  219,  276,  386,  524,  389,  672,  474,  101,  293,  298,  503,  866,  720,  261,  381,  619,  335,  238,  754,  578,  142,   93,  256,  747,  178,  458,  570,  627,  215,  341,  260,  350,  330,  513,   92,  179,  226,  467,  648,  293,  328,  824,  560,  839,  548,  223,  427,  752,  161,  329,  497,  277,  324,  771,  264,  375,  359,  453,  220,  695,  358,  518,  876,  806,  357,  448,  488,  133,  414,  425,  217,   70,  380,  333,  558,  312,  375,  346,  293,  176,  449,  364,  462,  417,  382,  449,  359,  644,  391,  193,  841,  214,  179,  440,  105,  686,  315,  407,  431,  637,  418,  328,  208,  329,  433],
        [  836,    0,  689,  863,  824,  328,  456,  313,  873,  408,  314,  161,  837,  451,  237,  439,  707,  733,  381,  730,  713,  982,  852,  704,  159,  413,  356,  986,  666,    0,  185,  410,  474,  762,  752,  343,  836,  269,  536,  571,  600,  848,  309,  241,  818,  809,  906,  105,  276,  118,  593,  295,  901,  282,  663,  525,  461,  648,  629,  215,  225,  199,  445,  497,  620,  456,  847,  846,  514,  844,  390,  497,  715,  584,  196,  298,  692,  374,  407,  976,  259,  248,  673,  805,  377,  511,  726,  618,  187,  527,  578,  501,  308,  793,  235,  201,  643,  772,  562,  691,  440,  373,  788,  577,  544,  890,  513,  364,  674,  349,  171,  146,  618,  722,  510,  812,  399,  798,  629,  502,  898,  792,  527,  816,  761,  445,  613,  583,  147,  825,  292,  639,  239,  517,  221,  344,  795,  585,  639,  518,  605,  287,  395,  359,  402,  836,  375,  739,  840,  828,  412,  270,  688,  967,  480,  320,  641,  944,  850,  545,  775,  615,  817,  771,  375,  713,  396,  267,  219,  871,  646,  835,  339,  783],
        [  664,    0,  719,  692,  699,  240,  337,  265,  690,  325,  139,  180,  653,  399,  153,  315,  730,  693,  197,  658,  568,  821,  700,  690,  108,  231,  172,  857,  489,  185,    0,  235,  339,  607,  570,  287,  696,   85,  527,  523,  423,  667,  129,  247,  634,  701,  759,  203,  332,  200,  648,  191,  777,  129,  592,  347,  323,  588,  470,  128,   56,   86,  466,  334,  519,  316,  664,  662,  400,  660,  217,  333,  638,  418,  217,  153,  526,  197,  264,  849,  386,  278,  535,  678,  390,  338,  580,  631,  208,  348,  404,  319,  401,  628,   60,  214,  609,  588,  389,  509,  328,  236,  695,  398,  360,  714,  366,  393,  495,  165,  335,   82,  661,  650,  326,  639,  467,  630,  454,  364,  735,  612,  568,  632,  586,  338,  458,  400,  271,  691,  174,  690,  336,  347,   83,  294,  615,  424,  477,  368,  432,  118,  268,  257,  265,  657,  248,  603,  662,  656,  240,  196,  522,  814,  407,  137,  612,  798,  677,  608,  591,  431,  646,  593,  420,  583,  233,  159,  202,  693,  525,  651,  161,  613],
        [  429,    0,  728,  458,  506,  374,  204,  428,  472,  262,  186,  328,  449,  354,  225,  369,  729,  614,   90,  539,  357,  589,  477,  644,  329,   47,  121,  653,  256,  410,  235,    0,  175,  383,  346,  285,  485,  159,  510,  456,  190,  439,  168,  449,  427,  530,  539,  437,  439,  379,  695,  329,  580,  240,  481,  116,  348,  494,  406,  317,  186,  284,  500,  112,  376,  148,  475,  466,  257,  445,   22,  285,  512,  344,  433,  258,  293,   39,  117,  647,  618,  487,  334,  484,  433,  253,  365,  628,  338,  118,  169,  177,  526,  396,  213,  333,  546,  390,  295,  345,  213,  127,  545,  167,  167,  481,  359,  454,  348,   89,  569,  311,  691,  531,  158,  509,  553,  395,  335,  378,  503,  447,  608,  439,  451,  227,  406,  234,  449,  487,  304,  726,  563,  275,  194,  297,  385,  362,  402,  166,  197,  124,  155,  367,  132,  499,  152,  399,  431,  530,  204,  234,  427,  587,  330,  116,  557,  577,  442,  668,  392,  244,  519,  361,  490,  391,  238,  193,  404,  541,  350,  435,   75,  495],
        [  407,    0,  588,  425,  361,  532,   46,  578,  519,  139,  346,  340,  525,  216,  239,  542,  583,  443,  263,  364,  240,  519,  381,  483,  447,  222,  289,  519,  282,  474,  339,  175,    0,  295,  391,  202,  364,  291,  369,  294,  232,  461,  325,  582,  500,  368,  433,  532,  390,  399,  577,  483,  438,  393,  307,  204,  522,  323,  573,  452,  284,  413,  390,  108,  202,   29,  569,  551,   82,  500,  175,  458,  338,  510,  556,  415,  255,  198,   77,  511,  716,  615,  200,  340,  339,  422,  254,  485,  334,  211,  200,  339,  477,  342,  344,  322,  382,  479,  460,  473,   68,  104,  374,  232,  301,  472,  534,  368,  488,  250,  644,  420,  563,  356,  312,  647,  472,  358,  489,  553,  439,  566,  491,  531,  589,   78,  575,  375,  456,  355,  459,  600,  672,  445,  264,  212,  407,  530,  567,   66,  214,  229,   79,  531,   75,  619,   99,  267,  442,  669,  378,  216,  585,  496,  176,  269,  395,  472,  420,  560,  480,  366,  658,  372,  406,  245,  412,  207,  536,  662,  188,  490,  219,  639],
        [  169,    0,  761,  167,  195,  748,  326,  806,  357,  413,  565,  634,  408,  454,  532,  714,  745,  528,  460,  403,   76,  224,   95,  609,  709,  410,  496,  294,  213,  762,  607,  383,  295,    0,  273,  486,  126,  539,  567,  458,  241,  275,  548,  832,  386,  274,  158,  809,  674,  693,  791,  706,  244,  620,  388,  302,  681,  429,  651,  699,  553,  666,  631,  275,  283,  308,  474,  445,  292,  357,  397,  587,  375,  599,  814,  636,  114,  421,  356,  291,  993,  869,  126,  179,  601,  537,   61,  666,  628,  306,  238,  452,  757,   81,  594,  616,  515,  401,  550,  469,  349,  390,  336,  270,  378,  235,  669,  634,  504,  470,  930,  687,  763,  399,  418,  629,  734,  116,  541,  698,  148,  520,  714,  441,  581,  351,  664,  430,  751,  148,  682,  800,  941,  561,  544,  494,  242,  624,  637,  245,  214,  490,  372,  736,  362,  566,  392,  107,  246,  650,  547,  510,  629,  207,  400,  499,  534,  196,  177,  788,  399,  391,  642,  206,  670,  148,  590,  498,  786,  606,  202,  348,  455,  639],
