{
    "name": "random-3-14995",
    "comment": "size=3 seed=14995",
    "nodes": ["+0", "-0", "+1", "-1", "+2", "-2", "+3", "-3"],
    "precedence": {
        "+0": "-0",
        "+1": "-1",
        "+2": "-2",
        "+3": "-3"
    },
    "edges": [
        [    0,    0,  914,  824,  930,  675,  232,  873],
        [    0,    0,  914,  824,  930,  675,  232,  873],
        [  914,  914,    0,  260,  223,  480,  813,  880],
        [  824,  824,  260,    0,  113,  612,  790, 1035],
        [  930,  930,  223,  113,    0,  653,  884, 1071],
        [  675,  675,  480,  612,  653,    0,  480,  424],
        [  232,  232,  813,  790,  884,  480,    0,  642],
        [  873,  873,  880, 1035, 1071,  424,  642,    0]
    ]
}
