{
    "name": "random-13-23215",
    "comment": "size=13 seed=23215",
    "nodes": ["+0", "-0", "+1", "-1", "+2", "-2", "+3", "-3", "+4", "-4", "+5", "-5", "+6", "-6", "+7", "-7", "+8", "-8", "+9", "-9", "+10", "-10", "+11", "-11", "+12", "-12", "+13", "-13"],
    "precedence": {
        "+0": "-0",
        "+1": "-1",
        "+2": "-2",
        "+3": "-3",
        "+4": "-4",
        "+5": "-5",
        "+6": "-6",
        "+7": "-7",
        "+8": "-8",
        "+9": "-9",
        "+10": "-10",
        "+11": "-11",
        "+12": "-12",
        "+13": "-13"
    },
    "edges": [
        [    0,    0,  639,  459,  707,  720,  372,  451,  564,  261,  439,  590,  278,  106,  168,  444,  193,  462,  491,  118,  237,  619,  455,  505,  814,  422,  224,  471],
        [    0,    0,  639,  459,  707,  720,  372,  451,  564,  261,  439,  590,  278,  106,  168,  444,  193,  462,  491,  118,  237,  619,  455,  505,  814,  422,  224,  471],
        [  639,  639,    0,  426,   70,  524,  954,  595,  836,  890,  968,  880,  556,  540,  793,  213,  781,  665,  221,  534,  875,  439,  464,  850,  690,  375,  538,  230],
        [  459,  459,  426,    0,  485,  264,  630,  171,  412,  629,  608,  455,  214,  416,  544,  389,  651,  242,  208,  424,  645,  161,   38,  436,  383,   69,  245,  205],
        [  707,  707,   70,  485,    0,  557, 1023,  655,  896,  959, 1037,  939,  623,  608,  862,  276,  846,  725,  283,  601,  944,  480,  522,  913,  723,  437,  606,  295],
        [  720,  720,  524,  264,  557,    0,  840,  327,  493,  869,  791,  531,  459,  679,  791,  584,  913,  377,  368,  686,  893,  113,  267,  558,  167,  316,  501,  379],
        [  372,  372,  954,  630, 1023,  840,    0,  514,  446,  160,  114,  444,  423,  471,  213,  787,  414,  471,  761,  485,  225,  771,  605,  355,  864,  633,  421,  744],
        [  451,  451,  595,  171,  655,  327,  514,    0,  242,  551,  469,  285,  175,  448,  482,  530,  639,   72,  375,  460,  582,  267,  134,  268,  374,  222,  234,  368],
        [  564,  564,  836,  412,  896,  493,  446,  242,    0,  549,  356,   44,  343,  601,  518,  760,  723,  173,  616,  617,  602,  476,  374,   92,  457,  463,  400,  609],
        [  261,  261,  890,  629,  959,  869,  160,  551,  549,    0,  267,  558,  416,  366,   98,  703,  258,  527,  720,  378,   66,  784,  612,  464,  921,  615,  392,  701],
        [  439,  439,  968,  608, 1037,  791,  114,  469,  356,  267,    0,  347,  417,  528,  299,  819,  513,  415,  763,  544,  332,  735,  578,  266,  796,  623,  432,  748],
        [  590,  590,  880,  455,  939,  531,  444,  285,   44,  558,  347,    0,  381,  633,  534,  801,  743,  216,  659,  648,  613,  517,  418,   94,  485,  506,  436,  652],
        [  278,  278,  556,  214,  623,  459,  423,  175,  343,  416,  417,  381,    0,  276,  333,  433,  468,  199,  347,  290,  435,  369,  197,  321,  538,  211,   62,  332],
        [  106,  106,  540,  416,  608,  679,  471,  448,  601,  366,  528,  633,  276,    0,  272,  341,  254,  474,  409,   17,  340,  572,  420,  555,  790,  367,  215,  389],
        [  168,  168,  793,  544,  862,  791,  213,  482,  518,   98,  299,  534,  333,  272,    0,  606,  220,  467,  624,  285,  103,  701,  529,  441,  855,  524,  302,  605],
        [  444,  444,  213,  389,  276,  584,  787,  530,  760,  703,  819,  801,  433,  341,  606,    0,  571,  591,  216,  332,  680,  476,  420,  751,  740,  321,  396,  206],
        [  193,  193,  781,  651,  846,  913,  414,  639,  723,  258,  513,  743,  468,  254,  220,  571,    0,  643,  663,  255,  197,  810,  648,  652, 1006,  610,  416,  643],
        [  462,  462,  665,  242,  725,  377,  471,   72,  173,  527,  415,  216,  199,  474,  467,  591,  643,    0,  444,  488,  565,  330,  205,  198,  397,  290,  260,  437],
        [  491,  491,  221,  208,  283,  368,  761,  375,  616,  720,  763,  659,  347,  409,  624,  216,  663,  444,    0,  409,  717,  262,  245,  630,  526,  155,  340,   21],
        [  118,  118,  534,  424,  601,  686,  485,  460,  617,  378,  544,  648,  290,   17,  285,  332,  255,  488,  409,    0,  350,  578,  430,  571,  800,  373,  229,  389],
        [  237,  237,  875,  645,  944,  893,  225,  582,  602,   66,  332,  613,  435,  340,  103,  680,  197,  565,  717,  350,    0,  803,  631,  519,  955,  624,  402,  697],
        [  619,  619,  439,  161,  480,  113,  771,  267,  476,  784,  735,  517,  369,  572,  701,  476,  810,  330,  262,  578,  803,    0,  173,  525,  264,  206,  405,  271],
        [  455,  455,  464,   38,  522,  267,  605,  134,  374,  612,  578,  418,  197,  420,  529,  420,  648,  205,  245,  430,  631,  173,    0,  399,  371,  100,  235,  241],
        [  505,  505,  850,  436,  913,  558,  355,  268,   92,  464,  266,   94,  321,  555,  441,  751,  652,  198,  630,  571,  519,  525,  399,    0,  538,  476,  369,  620],
        [  814,  814,  690,  383,  723,  167,  864,  374,  457,  921,  796,  485,  538,  790,  855,  740, 1006,  397,  526,  800,  955,  264,  371,  538,    0,  447,  591,  535],
        [  422,  422,  375,   69,  437,  316,  633,  222,  463,  615,  623,  506,  211,  367,  524,  321,  610,  290,  155,  373,  624,  206,  100,  476,  447,    0,  224,  147],
        [  224,  224,  538,  245,  606,  501,  421,  234,  400,  392,  432,  436,   62,  215,  302,  396,  416,  260,  340,  229,  402,  405,  235,  369,  591,  224,    0,  323],
        [  471,  471,  230,  205,  295,  379,  744,  368,  609,  701,  748,  652,  332,  389,  605,  206,  643,  437,   21,  389,  697,  271,  241,  620,  535,  147,  323,    0]
    ]
}
