{
    "name": "random-23-23825",
    "comment": "size=23 seed=23825",
    "nodes": ["+0", "-0", "+1", "-1", "+2", "-2", "+3", "-3", "+4", "-4", "+5", "-5", "+6", "-6", "+7", "-7", "+8", "-8", "+9", "-9", "+10", "-10", "+11", "-11", "+12", "-12", "+13", "-13", "+14", "-14", "+15", "-15", "+16", "-16", "+17", "-17", "+18", "-18", "+19", "-19", "+20", "-20", "+21", "-21", "+22", "-22", "+23", "-23"],
    "precedence": {
        "+0": "-0",
        "+1": "-1",
        "+2": "-2",
        "+3": "-3",
        "+4": "-4",
        "+5": "-5",
        "+6": "-6",
        "+7": "-7",
        "+8": "-8",
        "+9": "-9",
        "+10": "-10",
        "+11": "-11",
        "+12": "-12",
        "+13": "-13",
        "+14": "-14",
        "+15": "-15",
        "+16": "-16",
        "+17": "-17",
        "+18": "-18",
        "+19": "-19",
        "+20": "-20",
        "+21": "-21",
        "+22": "-22",
        "+23": "-23"
    },
    "edges": [
        [    0,    0,  294,  617,  616,  778,  572,  480,  636,  690,  214,  564,  654,  769,  135,  233,  469,  314,  685,  624,  719,  473,  484,  768,  408,  390,  361,  416,  603,  420,  160,  232,  564,  733,  576,  608,  907,  137,  251,  679,  237,  440,  490,  710,  491,  816,  436,  301],
        [    0,    0,  294,  617,  616,  778,  572,  480,  636,  690,  214,  564,  654,  769,  135,  233,  469,  314,  685,  624,  719,  473,  484,  768,  408,  390,  361,  416,  603,  420,  160,  232,  564,  733,  576,  608,  907,  137,  251,  679,  237,  440,  490,  710,  491,  816,  436,  301],
        [  294,  294,    0,  755,  509,  884,  798,  301,  890,  621,  439,  681,  835,  787,  420,   72,  712,   78,  847,  555,  711,  204,  489,  836,  389,  106,  391,  455,  314,  712,  140,   73,  473,  862,  301,  346,  885,  159,  474,  795,  144,  667,  729,  665,  271,  865,  696,  181],
        [  617,  617,  755,    0,  535,  173,  263,  639,  405,  479,  782,   84,  137,  324,  649,  746,  321,  704,  107,  463,  359,  791,  340,  223,  414,  853,  377,  324,  935,  595,  705,  690,  499,  116,  861,  843,  488,  683,  380,   80,  611,  274,  303,  436,  706,  290,  380,  593],
        [  616,  616,  509,  535,    0,  567,  737,  223,  878,  126,  829,  456,  667,  360,  735,  554,  721,  432,  640,   83,  269,  401,  218,  471,  226,  556,  293,  282,  502,  895,  571,  488,   56,  590,  418,  374,  400,  565,  563,  520,  417,  655,  720,  186,  285,  464,  749,  348],
        [  778,  778,  884,  173,  567,    0,  405,  719,  532,  478,  951,  215,  244,  254,  818,  885,  484,  825,  183,  486,  327,  888,  419,  115,  511,  975,  494,  432, 1024,  762,  852,  824,  546,   77,  945,  916,  389,  831,  549,  100,  741,  443,  462,  420,  790,  170,  545,  711],
        [  572,  572,  798,  263,  737,  405,    0,  779,  146,  710,  674,  308,  165,  586,  547,  766,  116,  769,  226,  679,  612,  894,  522,  483,  557,  904,  497,  471, 1043,  382,  706,  726,  691,  329,  982,  979,  750,  681,  330,  336,  666,  134,   90,  678,  836,  549,  174,  676],
        [  480,  480,  301,  639,  223,  719,  779,    0,  904,  345,  680,  555,  754,  555,  612,  356,  730,  225,  744,  287,  468,  183,  304,  642,  228,  336,  283,  320,  305,  837,  390,  297,  202,  722,  226,  205,  619,  392,  519,  649,  247,  668,  737,  400,   72,  651,  739,  179],
        [  636,  636,  890,  405,  878,  532,  146,  904,    0,  854,  694,  453,  289,  728,  580,  849,  180,  871,  350,  821,  756, 1005,  661,  619,  688,  995,  624,  606, 1155,  339,  784,  818,  829,  456, 1098, 1100,  891,  758,  417,  473,  767,  237,  169,  822,  958,  685,  200,  786],
        [  690,  690,  621,  479,  126,  478,  710,  345,  854,    0,  904,  409,  615,  247,  798,  659,  714,  544,  578,   69,  158,  525,  227,  372,  283,  675,  338,  303,  627,  920,  667,  592,  149,  513,  543,  497,  275,  658,  593,  448,  515,  648,  708,   65,  410,  354,  750,  450],
        [  214,  214,  439,  782,  829,  951,  674,  680,  694,  904,    0,  742,  790,  971,  134,  367,  559,  485,  832,  837,  927,  639,  694,  956,  621,  509,  572,  624,  748,  392,  304,  399,  777,  896,  739,  781, 1115,  294,  402,  851,  433,  555,  585,  922,  680, 1009,  508,  502],
        [  564,  564,  681,   84,  456,  215,  308,  555,  453,  409,  742,    0,  212,  289,  610,  676,  340,  626,  190,  387,  304,  709,  257,  222,  331,  776,  297,  241,  852,  598,  639,  617,  418,  182,  778,  759,  455,  618,  342,  118,  537,  282,  326,  371,  623,  283,  392,  515],
        [  654,  654,  835,  137,  667,  244,  165,  754,  289,  615,  790,  212,    0,  451,  658,  816,  260,  792,   63,  597,  493,  894,  464,  333,  526,  937,  479,  435, 1042,  539,  766,  765,  628,  168,  971,  958,  610,  741,  405,  190,  693,  239,  235,  572,  819,  399,  323,  686],
        [  769,  769,  787,  324,  360,  254,  586,  555,  728,  247,  971,  289,  451,    0,  847,  808,  628,  715,  400,  279,   92,  736,  302,  139,  400,  861,  419,  357,  855,  882,  795,  740,  358,  309,  771,  731,  167,  779,  594,  263,  656,  570,  614,  184,  626,  108,  680,  606],
        [  135,  135,  420,  649,  735,  818,  547,  612,  580,  798,  134,  610,  658,  847,    0,  354,  434,  446,  699,  733,  808,  606,  581,  827,  517,  510,  461,  508,  732,  312,  281,  363,  681,  763,  709,  742,  995,  261,  270,  719,  371,  425,  459,  811,  625,  880,  387,  434],
        [  233,  233,   72,  746,  554,  885,  766,  356,  849,  659,  367,  676,  816,  808,  354,    0,  674,  134,  834,  592,  737,  275,  507,  846,  408,  157,  398,  463,  383,  653,   74,   69,  513,  857,  373,  417,  916,   97,  438,  792,  152,  633,  693,  698,  335,  879,  652,  210],
        [  469,  469,  712,  321,  721,  484,  116,  730,  180,  714,  559,  340,  260,  628,  434,  674,    0,  691,  317,  673,  637,  826,  505,  543,  519,  818,  453,  442,  975,  281,  610,  640,  670,  411,  919,  923,  794,  585,  239,  400,  587,   67,   27,  690,  781,  609,   64,  607],
        [  314,  314,   78,  704,  432,  825,  769,  225,  871,  544,  485,  626,  792,  715,  446,  134,  691,    0,  800,  478,  638,  160,  421,  771,  321,  151,  331,  394,  296,  721,  182,   87,  396,  807,  263,  297,  809,  192,  455,  738,  105,  641,  706,  589,  202,  797,  681,  114],
        [  685,  685,  847,  107,  640,  183,  226,  744,  350,  578,  832,  190,   63,  400,  699,  834,  317,  800,    0,  566,  448,  893,  446,  276,  518,  947,  478,  427, 1038,  597,  788,  780,  605,  106,  965,  948,  554,  764,  439,  138,  704,  289,  293,  531,  811,  340,  380,  691],
        [  624,  624,  555,  463,   83,  486,  679,  287,  821,   69,  837,  387,  597,  279,  733,  592,  673,  478,  566,    0,  188,  469,  173,  389,  217,  612,  275,  246,  578,  866,  599,  524,   86,  512,  495,  453,  334,  590,  537,  443,  447,  607,  669,  114,  354,  382,  705,  382],
        [  719,  719,  711,  359,  269,  327,  612,  468,  756,  158,  927,  304,  493,   92,  808,  737,  637,  638,  448,  188,    0,  650,  238,  217,  331,  781,  361,  304,  765,  875,  730,  669,  269,  370,  682,  641,  189,  716,  568,  312,  586,  575,  627,   95,  538,  198,  684,  531],
        [  473,  473,  204,  791,  401,  888,  894,  183, 1005,  525,  639,  709,  894,  736,  606,  275,  826,  160,  893,  469,  650,    0,  470,  817,  380,  183,  416,  468,  150,  878,  336,  245,  384,  883,  103,  143,  800,  350,  595,  811,  251,  771,  838,  582,  117,  830,  823,  220],
        [  484,  484,  489,  340,  218,  419,  522,  304,  661,  227,  694,  257,  464,  302,  581,  507,  505,  421,  446,  173,  238,  470,    0,  352,  101,  570,  124,   77,  606,  695,  494,  440,  170,  419,  529,  505,  425,  480,  367,  346,  356,  439,  503,  231,  374,  377,  535,  309],
        [  768,  768,  836,  223,  471,  115,  483,  642,  619,  372,  956,  222,  333,  139,  827,  846,  543,  771,  276,  389,  217,  817,  352,    0,  451,  921,  449,  384,  946,  813,  821,  782,  456,  177,  865,  831,  280,  803,  561,  147,  698,  493,  525,  311,  713,   67,  601,  658],
        [  408,  408,  389,  414,  226,  511,  557,  228,  688,  283,  621,  331,  526,  400,  517,  408,  519,  321,  518,  217,  331,  380,  101,  451,    0,  470,   70,   92,  522,  672,  400,  341,  170,  504,  448,  433,  514,  387,  340,  432,  257,  455,  523,  305,  294,  477,  538,  209],
        [  390,  390,  106,  853,  556,  975,  904,  336,  995,  675,  509,  776,  937,  861,  510,  157,  818,  151,  947,  612,  781,  183,  570,  921,  470,    0,  482,  544,  243,  810,  231,  178,  527,  957,  257,  314,  946,  254,  580,  888,  244,  772,  835,  725,  285,  945,  801,  265],
        [  361,  361,  391,  377,  293,  494,  497,  283,  624,  338,  572,  297,  479,  419,  461,  398,  453,  331,  478,  275,  361,  416,  124,  449,   70,  482,    0,   66,  563,  603,  378,  334,  238,  477,  493,  485,  548,  361,  271,  407,  250,  390,  458,  351,  343,  483,  471,  218],
        [  416,  416,  455,  324,  282,  432,  471,  320,  606,  303,  624,  241,  435,  357,  508,  463,  442,  394,  427,  246,  304,  468,   77,  384,   92,  544,   66,    0,  612,  620,  442,  399,  229,  418,  539,  524,  492,  425,  291,  347,  315,  377,  443,  306,  385,  418,  468,  280],
        [  603,  603,  314,  935,  502, 1024, 1043,  305, 1155,  627,  748,  852, 1042,  855,  732,  383,  975,  296, 1038,  578,  765,  150,  606,  946,  522,  243,  563,  612,    0, 1016,  453,  372,  498, 1023,   84,  138,  898,  471,  743,  951,  395,  921,  988,  688,  234,  953,  971,  369],
        [  420,  420,  712,  595,  895,  762,  382,  837,  339,  920,  392,  598,  539,  882,  312,  653,  281,  721,  597,  866,  875,  878,  695,  813,  672,  810,  603,  620, 1016,    0,  580,  647,  840,  690,  980, 1002, 1047,  556,  333,  674,  628,  322,  304,  911,  869,  877,  218,  675],
        [  160,  160,  140,  705,  571,  852,  706,  390,  784,  667,  304,  639,  766,  795,  281,   74,  610,  182,  788,  599,  730,  336,  494,  821,  400,  231,  378,  442,  453,  580,    0,   97,  525,  818,  437,  477,  913,   26,  377,  756,  154,  573,  630,  700,  381,  859,  585,  223],
        [  232,  232,   73,  690,  488,  824,  726,  297,  818,  592,  399,  617,  765,  740,  363,   69,  640,   87,  780,  524,  669,  245,  440,  782,  341,  178,  334,  399,  372,  647,   97,    0,  446,  798,  347,  383,  848,  106,  402,  732,   85,  595,  657,  631,  284,  813,  624,  142],
        [  564,  564,  473,  499,   56,  546,  691,  202,  829,  149,  777,  418,  628,  358,  681,  513,  670,  396,  605,   86,  269,  384,  170,  456,  170,  527,  238,  229,  498,  840,  525,  446,    0,  562,  414,  377,  420,  518,  508,  491,  372,  604,  670,  199,  270,  457,  696,  305],
        [  733,  733,  862,  116,  590,   77,  329,  722,  456,  513,  896,  182,  168,  309,  763,  857,  411,  807,  106,  512,  370,  883,  419,  177,  504,  957,  477,  418, 1023,  690,  818,  798,  562,    0,  947,  923,  456,  796,  496,   73,  718,  374,  389,  459,  792,  238,  473,  694],
        [  576,  576,  301,  861,  418,  945,  982,  226, 1098,  543,  739,  778,  971,  771,  709,  373,  919,  263,  965,  495,  682,  103,  529,  865,  448,  257,  493,  539,   84,  980,  437,  347,  414,  947,    0,   64,  815,  452,  691,  874,  353,  862,  930,  604,  156,  871,  919,  315],
        [  608,  608,  346,  843,  374,  916,  979,  205, 1100,  497,  781,  759,  958,  731,  742,  417,  923,  297,  948,  453,  641,  143,  505,  831,  433,  314,  485,  524,  138, 1002,  477,  383,  377,  923,   64,    0,  765,  489,  702,  851,  376,  864,  932,  559,  143,  833,  927,  329],
        [  907,  907,  885,  488,  400,  389,  750,  619,  891,  275, 1115,  455,  610,  167,  995,  916,  794,  809,  554,  334,  189,  800,  425,  280,  514,  946,  548,  492,  898, 1047,  913,  848,  420,  456,  815,  765,    0,  901,  751,  420,  767,  736,  780,  222,  684,  220,  846,  708],
        [  137,  137,  159,  683,  565,  831,  681,  392,  758,  658,  294,  618,  741,  779,  261,   97,  585,  192,  764,  590,  716,  350,  480,  803,  387,  254,  361,  425,  471,  556,   26,  106,  518,  796,  452,  489,  901,    0,  351,  735,  149,  547,  604,  690,  387,  842,  560,  220],
        [  251,  251,  474,  380,  563,  549,  330,  519,  417,  593,  402,  342,  405,  594,  270,  438,  239,  455,  439,  537,  568,  595,  367,  561,  340,  580,  271,  291,  743,  333,  377,  402,  508,  496,  691,  702,  751,  351,    0,  450,  351,  197,  256,  590,  562,  617,  228,  377],
        [  679,  679,  795,   80,  520,  100,  336,  649,  473,  448,  851,  118,  190,  263,  719,  792,  400,  738,  138,  443,  312,  811,  346,  147,  432,  888,  407,  347,  951,  674,  756,  732,  491,   73,  874,  851,  420,  735,  450,    0,  651,  353,  381,  397,  719,  214,  459,  625],
        [  237,  237,  144,  611,  417,  741,  666,  247,  767,  515,  433,  537,  693,  656,  371,  152,  587,  105,  704,  447,  586,  251,  356,  698,  257,  244,  250,  315,  395,  628,  154,   85,  372,  718,  353,  376,  767,  149,  351,  651,    0,  537,  602,  551,  254,  729,  578,   71],
        [  440,  440,  667,  274,  655,  443,  134,  668,  237,  648,  555,  282,  239,  570,  425,  633,   67,  641,  289,  607,  575,  771,  439,  493,  455,  772,  390,  377,  921,  322,  573,  595,  604,  374,  862,  864,  736,  547,  197,  353,  537,    0,   69,  626,  721,  557,  111,  552],
        [  490,  490,  729,  303,  720,  462,   90,  737,  169,  708,  585,  326,  235,  614,  459,  693,   27,  706,  293,  669,  627,  838,  503,  525,  523,  835,  458,  443,  988,  304,  630,  657,  670,  389,  930,  932,  780,  604,  256,  381,  602,   69,    0,  683,  790,  591,   89,  619],
        [  710,  710,  665,  436,  186,  420,  678,  400,  822,   65,  922,  371,  572,  184,  811,  698,  690,  589,  531,  114,   95,  582,  231,  311,  305,  725,  351,  306,  688,  911,  700,  631,  199,  459,  604,  559,  222,  690,  590,  397,  551,  626,  683,    0,  467,  291,  732,  489],
        [  491,  491,  271,  706,  285,  790,  836,   72,  958,  410,  680,  623,  819,  626,  625,  335,  781,  202,  811,  354,  538,  117,  374,  713,  294,  285,  343,  385,  234,  869,  381,  284,  270,  792,  156,  143,  684,  387,  562,  719,  254,  721,  790,  467,    0,  722,  786,  196],
        [  816,  816,  865,  290,  464,  170,  549,  651,  685,  354, 1009,  283,  399,  108,  880,  879,  609,  797,  340,  382,  198,  830,  377,   67,  477,  945,  483,  418,  953,  877,  859,  813,  457,  238,  871,  833,  220,  842,  617,  214,  729,  557,  591,  291,  722,    0,  666,  685],
        [  436,  436,  696,  380,  749,  545,  174,  739,  200,  750,  508,  392,  323,  680,  387,  652,   64,  681,  380,  705,  684,  823,  535,  601,  538,  801,  471,  468,  971,  218,  585,  624,  696,  473,  919,  927,  846,  560,  228,  459,  578,  111,   89,  732,  786,  666,    0,  605],
        [  301,  301,  181,  593,  348,  711,  676,  179,  786,  450,  502,  515,  686,  606,  434,  210,  607,  114,  691,  382,  531,  220,  309,  658,  209,  265,  218,  280,  369,  675,  223,  142,  305,  694,  315,  329,  708,  220,  377,  625,   71,  552,  619,  489,  196,  685,  605,    0]
    ]
}
