{
    "name": "random-12-8386",
    "comment": "size=12 seed=8386",
    "nodes": ["+0", "-0", "+1", "-1", "+2", "-2", "+3", "-3", "+4", "-4", "+5", "-5", "+6", "-6", "+7", "-7", "+8", "-8", "+9", "-9", "+10", "-10", "+11", "-11", "+12", "-12"],
    "precedence": {
        "+0": "-0",
        "+1": "-1",
        "+2": "-2",
        "+3": "-3",
        "+4": "-4",
        "+5": "-5",
        "+6": "-6",
        "+7": "-7",
        "+8": "-8",
        "+9": "-9",
        "+10": "-10",
        "+11": "-11",
        "+12": "-12"
    },
    "edges": [
        [    0,    0,  498,  524,  465,  625,  270,  475,  653,  573,  440,  431,  292,  357,  545,  549,  283,  345,  133,  535,  337,  396,  165,  441,  343,  487],
        [    0,    0,  498,  524,  465,  625,  270,  475,  653,  573,  440,  431,  292,  357,  545,  549,  283,  345,  133,  535,  337,  396,  165,  441,  343,  487],
        [  498,  498,    0,  770,  411,  750,  251,  710,  890, 1070,   65,  920,  608,  841, 1036,  762,  753,  830,  564,  104,  831,  500,  483,  342,  330,  719],
        [  524,  524,  770,    0,  950,  181,  552,   60, 1162,  732,  746,  530,  809,  697,  786, 1066,  408,  685,  641,  859,  631,  911,  687,  456,  814,   52],
        [  465,  465,  411,  950,    0, 1003,  436,  894,  502,  933,  362,  854,  340,  670,  861,  379,  738,  665,  421,  346,  696,  141,  323,  655,  138,  905],
        [  625,  625,  750,  181, 1003,    0,  574,  183, 1278,  909,  740,  705,  917,  853,  958, 1173,  570,  840,  754,  848,  791,  988,  781,  409,  866,  174],
        [  270,  270,  251,  552,  436,  574,    0,  493,  811,  836,  207,  675,  470,  626,  814,  688,  505,  614,  369,  320,  605,  452,  320,  230,  302,  502],
        [  475,  475,  710,   60,  894,  183,  493,    0, 1119,  729,  686,  525,  763,  672,  775, 1021,  387,  660,  596,  799,  609,  858,  637,  400,  757,   13],
        [  653,  653,  890, 1162,  502, 1278,  811, 1119,    0,  775,  831,  814,  362,  559,  667,  128,  800,  564,  525,  842,  624,  391,  509, 1038,  561, 1131],
        [  573,  573, 1070,  732,  933,  909,  836,  729,  775,    0, 1011,  205,  602,  264,  112,  758,  369,  269,  531, 1101,  244,  808,  631,  951,  857,  737],
        [  440,  440,   65,  746,  362,  740,  207,  686,  831, 1011,    0,  865,  544,  779,  974,  703,  701,  769,  501,  115,  771,  442,  419,  341,  270,  695],
        [  431,  431,  920,  530,  854,  705,  675,  525,  814,  205,  865,    0,  555,  256,  262,  766,  178,  251,  434,  965,  191,  746,  533,  763,  755,  533],
        [  292,  292,  608,  809,  340,  917,  470,  763,  362,  602,  544,  555,    0,  339,  524,  258,  483,  335,  169,  594,  377,  207,  153,  689,  302,  775],
        [  357,  357,  841,  697,  670,  853,  626,  672,  559,  264,  779,  256,  339,    0,  199,  517,  290,   14,  281,  859,   71,  544,  377,  784,  600,  683],
        [  545,  545, 1036,  786,  861,  958,  814,  775,  667,  112,  974,  262,  524,  199,    0,  658,  395,  207,  479, 1057,  210,  730,  575,  953,  797,  784],
        [  549,  549,  762, 1066,  379, 1173,  688, 1021,  128,  758,  703,  766,  258,  517,  658,    0,  726,  520,  426,  715,  575,  263,  395,  916,  433, 1033],
        [  283,  283,  753,  408,  738,  570,  505,  387,  800,  369,  701,  178,  483,  290,  395,  726,    0,  279,  330,  805,  224,  648,  418,  586,  624,  398],
        [  345,  345,  830,  685,  665,  840,  614,  660,  564,  269,  769,  251,  335,   14,  207,  520,  279,    0,  272,  850,   62,  540,  369,  771,  592,  671],
        [  133,  133,  564,  641,  421,  754,  369,  596,  525,  531,  501,  434,  169,  281,  479,  426,  330,  272,    0,  578,  287,  320,  102,  564,  328,  608],
        [  535,  535,  104,  859,  346,  848,  320,  799,  842, 1101,  115,  965,  594,  859, 1057,  715,  805,  850,  578,    0,  858,  455,  488,  443,  296,  808],
        [  337,  337,  831,  631,  696,  791,  605,  609,  624,  244,  771,  191,  377,   71,  210,  575,  224,   62,  287,  858,    0,  577,  388,  746,  614,  619],
        [  396,  396,  500,  911,  141,  988,  452,  858,  391,  808,  442,  746,  207,  544,  730,  263,  648,  540,  320,  455,  577,    0,  235,  682,  172,  870],
        [  165,  165,  483,  687,  323,  781,  320,  637,  509,  631,  419,  533,  153,  377,  575,  395,  418,  369,  102,  488,  388,  235,    0,  537,  227,  649],
        [  441,  441,  342,  456,  655,  409,  230,  400, 1038,  951,  341,  763,  689,  784,  953,  916,  586,  771,  564,  443,  746,  682,  537,    0,  526,  406],
        [  343,  343,  330,  814,  138,  866,  302,  757,  561,  857,  270,  755,  302,  600,  797,  433,  624,  592,  328,  296,  614,  172,  227,  526,    0,  768],
        [  487,  487,  719,   52,  905,  174,  502,   13, 1131,  737,  695,  533,  775,  683,  784, 1033,  398,  671,  608,  808,  619,  870,  649,  406,  768,    0]
    ]
}
