{
    "name": "random-46-2306",
    "comment": "size=46 seed=2306",
    "nodes": ["+0", "-0", "+1", "-1", "+2", "-2", "+3", "-3", "+4", "-4", "+5", "-5", "+6", "-6", "+7", "-7", "+8", "-8", "+9", "-9", "+10", "-10", "+11", "-11", "+12", "-12", "+13", "-13", "+14", "-14", "+15", "-15", "+16", "-16", "+17", "-17", "+18", "-18", "+19", "-19", "+20", "-20", "+21", "-21", "+22", "-22", "+23", "-23", "+24", "-24", "+25", "-25", "+26", "-26", "+27", "-27", "+28", "-28", "+29", "-29", "+30", "-30", "+31", "-31", "+32", "-32", "+33", "-33", "+34", "-34", "+35", "-35", "+36", "-36", "+37", "-37", "+38", "-38", "+39", "-39", "+40", "-40", "+41", "-41", "+42", "-42", "+43", "-43", "+44", "-44", "+45", "-45", "+46", "-46"],
    "precedence": {
        "+0": "-0",
        "+1": "-1",
        "+2": "-2",
        "+3": "-3",
        "+4": "-4",
        "+5": "-5",
        "+6": "-6",
        "+7": "-7",
        "+8": "-8",
        "+9": "-9",
        "+10": "-10",
        "+11": "-11",
        "+12": "-12",
        "+13": "-13",
        "+14": "-14",
        "+15": "-15",
        "+16": "-16",
        "+17": "-17",
        "+18": "-18",
        "+19": "-19",
        "+20": "-20",
        "+21": "-21",
        "+22": "-22",
        "+23": "-23",
        "+24": "-24",
        "+25": "-25",
        "+26": "-26",
        "+27": "-27",
        "+28": "-28",
        "+29": "-29",
        "+30": "-30",
        "+31": "-31",
        "+32": "-32",
        "+33": "-33",
        "+34": "-34",
        "+35": "-35",
        "+36": "-36",
        "+37": "-37",
        "+38": "-38",
        "+39": "-39",
        "+40": "-40",
        "+41": "-41",
        "+42": "-42",
        "+43": "-43",
        "+44": "-44",
        "+45": "-45",
        "+46": "-46"
    },
    "edges": [
        [    0,    0,  879,  357,  875,  279,  588,  926,  793,  977,  733,  619,  912,  820, 1080,  882,  706,  416,  698,  341,  185, 1012,  835,  839,  918,  941,  865,  251,  338,  905,  677, 1091,  765,  757,  939,  588,  728,  240,  459,  490,  669,  843,  721, 1033,  707, 1106,  901,  795,  932, 1014,  345,  789,  652,  747,  107, 1036,  956,  375,  593,  820,  955,  415,  780,  296, 1095,  811,  723,  780,  963,  855,  855,  873,  226,  709,  376,  805,  980,  357,  505,  823,  792,  851,  526,  826,  190,  298,  698,  629,  890,  158,  749,  366,  761,  193],
        [    0,    0,    0,    0,    0,    0,    0,    0,    0,    0,    0,    0,    0,    0,    0,    0,    0,    0,    0,    0,    0,    0,    0,    0,    0,    0,    0,    0,    0,    0,    0,    0,    0,    0,    0,    0,    0,    0,    0,    0,    0,    0,    0,    0,    0,    0,    0,    0,    0,    0,    0,    0,    0,    0,    0,    0,    0,    0,    0,    0,    0,    0,    0,    0,    0,    0,    0,    0,    0,    0,    0,    0,    0,    0,    0,    0,    0,    0,    0,    0,    0,    0,    0,    0,    0,    0,    0,    0,    0,    0,    0,    0,    0,    0],
        [  879,    0,    0,  525,  553,  639, 1027,  873,  113,  491,  441,  277,  250,  125,  830, 1007,  177,  938,  202,  779,  696,  883,  954, 1062,  217,  328,  172,  629,  623,  242,  296,  656,  132,  561,  365,  661,  761,  640,  989,  989,  911,  392, 1116,  705,  426,  713,  350,  444,  885,  762,  650,  341, 1052,  223,  800,  470,  470,  607,  303, 1215,  796,  920,  665,  742,  625,  128,  212,  805,  793,  603,  976,  740,  694,  314,  566,  121,  930,  732,  521, 1085,  318,  768,  872,  608,  906,  741, 1105,  966,  296,  742,  511,  515, 1046,  887],
        [  357,    0,  525,    0,  659,  133,  700,  832,  437,  720,  491,  284,  596,  464,  921,  865,  358,  551,  359,  390,  183,  895,  809,  866,  594,  641,  535,  108,  231,  587,  372,  864,  408,  565,  650,  480,  640,  120,  607,  624,  680,  573,  825,  839,  460,  896,  612,  549,  842,  847,  270,  506,  750,  425,  293,  761,  696,  252,  238,  933,  818,  538,  631,  328,  856,  472,  393,  699,  822,  662,  833,  734,  221,  415,  202,  463,  894,  359,  310,  868,  501,  731,  569,  642,  427,  328,  806,  688,  587,  218,  536,   66,  811,  411],
        [  875,    0,  553,  659,    0,  785,  668,  333,  600,  149,  171,  452,  326,  639,  290,  500,  491,  673,  444,  585,  719,  331,  456,  582,  362,  267,  385,  700,  539,  330,  339,  216,  587,  124,  230,  324,  299,  701,  702,  683,  491,  162,  703,  183,  202,  238,  220,  124,  345,  217,  531,  220,  662,  360,  769,  231,  144,  501,  617,  778,  244,  655,  174,  598,  223,  432,  395,  316,  241,   63,  473,  201,  651,  292,  511,  444,  384,  546,  375,  616,  242,  240,  538,   87,  784,  596,  702,  576,  270,  819,  128,  598,  598,  764],
        [  279,    0,  639,  133,  785,    0,  738,  935,  541,  851,  619,  414,  726,  563, 1039,  949,  479,  575,  485,  430,  161, 1004,  894,  937,  724,  773,  663,  108,  305,  718,  505,  993,  514,  685,  782,  578,  738,  117,  629,  652,  751,  705,  870,  963,  589, 1022,  745,  679,  944,  966,  339,  638,  795,  556,  254,  893,  827,  336,  338,  977,  931,  565,  744,  366,  986,  597,  523,  797,  936,  785,  917,  847,  242,  547,  297,  587,  996,  412,  424,  933,  633,  839,  626,  762,  403,  366,  849,  744,  719,  121,  660,  187,  873,  393],
        [  588,    0, 1027,  700,  668,  738,    0,  498, 1000,  815,  638,  768,  906, 1041,  712,  361,  868,  174,  830,  312,  580,  594,  338,  281,  933,  885,  914,  636,  474,  905,  732,  839,  972,  561,  859,  381,  377,  624,  133,   99,  191,  752,  135,  736,  636,  820,  831,  678,  498,  675,  435,  746,   66,  811,  520,  897,  807,  465,  867,  239,  584,  177,  498,  376,  864,  907,  815,  388,  595,  614,  348,  532,  498,  725,  519,  910,  526,  343,  509,  252,  765,  489,  155,  583,  400,  376,  112,  101,  857,  668,  594,  648,  195,  395],
        [  926,    0,  873,  832,  333,  935,  498,    0,  904,  459,  440,  714,  658,  945,  220,  194,  780,  588,  731,  587,  819,   97,  176,  298,  694,  600,  710,  831,  636,  662,  615,  400,  886,  319,  561,  358,  201,  827,  589,  558,  312,  489,  471,  285,  463,  360,  553,  430,   13,  206,  609,  532,  462,  662,  825,  535,  465,  601,  872,  513,  112,  575,  219,  631,  436,  747,  690,  146,  122,  275,  180,  134,  733,  577,  638,  757,   64,  570,  523,  340,  556,  110,  435,  266,  778,  630,  480,  398,  601,  926,  368,  766,  349,  762],
        [  793,    0,  113,  437,  600,  541, 1000,  904,    0,  563,  464,  232,  331,   43,  886, 1020,  134,  895,  179,  731,  615,  925,  965, 1065,  304,  408,  246,  543,  567,  322,  294,  730,   30,  585,  441,  652,  770,  555,  949,  953,  902,  443, 1099,  766,  442,  784,  419,  482,  916,  815,  598,  381, 1031,  243,  722,  554,  540,  557,  204, 1202,  837,  878,  689,  687,  703,  175,  215,  820,  836,  643,  988,  773,  624,  328,  510,  162,  963,  685,  492, 1084,  359,  795,  847,  642,  839,  686, 1087,  949,  367,  651,  536,  437, 1040,  820],
        [  977,    0,  491,  720,  149,  851,  815,  459,  563,    0,  245,  471,  243,  597,  350,  638,  478,  812,  437,  711,  809,  433,  598,  725,  278,  167,  322,  778,  641,  251,  359,  168,  557,  260,  128,  461,  448,  782,  844,  827,  640,  148,  851,  221,  271,  223,  144,  182,  470,  292,  639,  219,  810,  346,  873,   83,   26,  604,  629,  925,  356,  794,  322,  716,  145,  388,  385,  462,  349,  208,  613,  336,  752,  311,  603,  402,  501,  669,  473,  760,  232,  379,  682,  236,  905,  714,  850,  724,  198,  902,  242,  666,  745,  884],
        [  733,    0,  441,  491,  171,  619,  638,  440,  464,  245,    0,  288,  270,  505,  453,  567,  341,  600,  293,  479,  566,  467,  514,  626,  299,  251,  292,  539,  397,  269,  179,  374,  446,  122,  232,  259,  323,  542,  639,  628,  490,  123,  704,  354,   32,  405,  199,   63,  452,  378,  397,  111,  649,  223,  629,  308,  224,  360,  453,  795,  380,  581,  226,  477,  370,  313,  250,  366,  380,  191,  536,  311,  508,  138,  360,  321,  500,  435,  229,  652,  133,  332,  489,  183,  667,  475,  697,  560,  219,  662,   73,  433,  619,  646],
        [  619,    0,  277,  284,  452,  414,  768,  714,  232,  471,  288,    0,  313,  274,  739,  809,  103,  666,   81,  505,  434,  751,  752,  845,  310,  365,  252,  375,  346,  305,  115,  630,  205,  399,  380,  427,  558,  384,  719,  722,  676,  325,  869,  633,  259,  673,  345,  329,  725,  664,  374,  253,  800,  143,  533,  497,  446,  331,  166,  972,  665,  648,  495,  466,  615,  193,  110,  612,  666,  478,  776,  590,  421,  164,  289,  187,  776,  458,  261,  860,  240,  604,  615,  469,  631,  464,  856,  719,  311,  498,  354,  254,  814,  611],
        [  912,    0,  250,  596,  326,  726,  906,  658,  331,  243,  270,  313,    0,  361,  588,  814,  276,  856,  250,  719,  729,  654,  765,  884,   37,   79,   86,  679,  598,   10,  235,  407,  330,  370,  116,  526,  583,  686,  899,  891,  758,  172,  972,  460,  272,  464,  108,  243,  670,  524,  611,  160,  918,  171,  816,  224,  223,  568,  441, 1061,  569,  837,  469,  702,  376,  162,  205,  617,  565,  384,  785,  525,  696,  209,  546,  176,  710,  671,  448,  913,  143,  560,  756,  396,  887,  700,  966,  829,   57,  804,  325,  558,  884,  866],
        [  820,    0,  125,  464,  639,  563, 1041,  945,   43,  597,  505,  274,  361,    0,  924, 1063,  177,  934,  222,  770,  644,  965, 1008, 1108,  332,  439,  277,  571,  604,  352,  337,  763,   69,  627,  473,  694,  812,  584,  988,  993,  945,  481, 1141,  803,  485,  819,  453,  522,  957,  854,  636,  421, 1073,  284,  753,  584,  574,  595,  228, 1244,  877,  917,  730,  725,  735,  211,  257,  862,  876,  683, 1031,  814,  658,  370,  548,  198, 1005,  724,  534, 1126,  398,  837,  888,  683,  873,  723, 1128,  991,  400,  675,  578,  469, 1083,  854],
        [ 1080,    0,  830,  921,  290, 1039,  712,  220,  886,  350,  453,  739,  588,  924,    0,  407,  780,  784,  733,  752,  948,  135,  395,  514,  624,  515,  659,  944,  761,  594,  627,  225,  875,  357,  475,  492,  367,  943,  793,  764,  522,  443,  691,  129,  483,  169,  482,  413,  224,   76,  742,  508,  680,  649,  975,  406,  366,  723,  904,  730,  133,  769,  302,  786,  266,  715,  684,  332,  123,  264,  398,  208,  869,  580,  748,  727,  220,  726,  616,  557,  529,  238,  630,  280,  952,  784,  700,  611,  536, 1054,  392,  857,  569,  934],
        [  882,    0, 1007,  865,  500,  949,  361,  194, 1020,  638,  567,  809,  814, 1063,  407,    0,  890,  493,  843,  547,  811,  274,   58,  108,  848,  764,  854,  841,  645,  816,  727,  593,  999,  449,  728,  395,  252,  834,  478,  443,  214,  642,  298,  479,  583,  554,  714,  574,  187,  399,  610,  672,  310,  787,  791,  717,  640,  617,  953,  324,  305,  486,  346,  604,  628,  879,  808,  202,  315,  438,   34,  303,  721,  697,  664,  887,  190,  546,  577,  152,  695,  260,  357,  420,  711,  602,  313,  274,  757,  915,  498,  801,  178,  699],
        [  706,    0,  177,  358,  491,  479,  868,  780,  134,  478,  341,  103,  276,  177,  780,  890,    0,  769,   49,  607,  523,  807,  834,  932,  262,  344,  198,  457,  448,  267,  165,  644,  110,  461,  368,  518,  639,  468,  821,  824,  769,  343,  966,  665,  317,  693,  338,  368,  792,  707,  476,  274,  899,  134,  625,  487,  453,  434,  166, 1068,  719,  751,  563,  568,  623,  123,   97,  690,  719,  527,  857,  651,  518,  204,  391,  111,  840,  561,  360,  950,  254,  671,  715,  523,  730,  566,  954,  816,  293,  575,  413,  341,  906,  710],
        [  416,    0,  938,  551,  673,  575,  174,  588,  895,  812,  600,  666,  856,  934,  784,  493,  769,    0,  737,  167,  415,  683,  456,  433,  878,  850,  848,  476,  338,  853,  654,  869,  866,  554,  831,  352,  420,  464,   57,   78,  285,  721,  308,  780,  589,  863,  798,  651,  591,  734,  302,  699,  237,  736,  348,  890,  799,  340,  741,  410,  651,   20,  521,  224,  888,  828,  732,  453,  661,  629,  472,  583,  338,  657,  391,  828,  630,  211,  420,  412,  714,  547,  154,  597,  229,  225,  285,  223,  813,  497,  574,  506,  351,  223],
        [  698,    0,  202,  359,  444,  485,  830,  731,  179,  437,  293,   81,  250,  222,  733,  843,   49,  737,    0,  578,  514,  759,  787,  887,  241,  311,  179,  453,  423,  241,  117,  602,  157,  413,  332,  474,  592,  462,  788,  789,  725,  299,  925,  619,  269,  650,  301,  321,  743,  660,  449,  228,  859,   92,  613,  452,  412,  406,  195, 1026,  671,  719,  514,  542,  582,  114,   53,  643,  671,  479,  810,  603,  501,  156,  366,  107,  792,  530,  322,  906,  210,  622,  676,  475,  710,  540,  913,  775,  259,  575,  364,  333,  863,  690],
        [  341,    0,  779,  390,  585,  430,  312,  587,  731,  711,  479,  505,  719,  770,  752,  547,  607,  167,  578,    0,  276,  675,  497,  516,  737,  723,  701,  325,  171,  715,  503,  795,  702,  462,  709,  268,  392,  315,  223,  236,  336,  601,  441,  722,  463,  800,  674,  537,  593,  691,  135,  568,  366,  585,  245,  783,  694,  175,  574,  549,  623,  152,  460,   65,  807,  674,  577,  441,  632,  552,  519,  544,  189,  514,  224,  673,  640,   49,  272,  508,  579,  518,  200,  521,  202,   65,  421,  315,  681,  374,  470,  341,  447,  183],
        [  185,    0,  696,  183,  719,  161,  580,  819,  615,  809,  566,  434,  729,  644,  948,  811,  523,  415,  514,  276,    0,  896,  758,  790,  735,  762,  681,   78,  187,  722,  495,  933,  586,  606,  762,  464,  619,   64,  469,  492,  606,  670,  712,  887,  538,  954,  724,  628,  827,  878,  211,  612,  638,  563,  111,  864,  787,  225,  419,  819,  830,  406,  646,  213,  934,  627,  539,  676,  836,  707,  781,  746,   90,  529,  208,  620,  878,  266,  344,  783,  613,  731,  475,  680,  251,  214,  691,  591,  710,  108,  591,  183,  722,  238],
        [ 1012,    0,  883,  895,  331, 1004,  594,   97,  925,  433,  467,  751,  654,  965,  135,  274,  807,  683,  759,  675,  896,    0,  266,  381,  690,  588,  715,  903,  711,  659,  646,  342,  910,  353,  548,  433,  284,  900,  685,  655,  409,  492,  562,  231,  494,  294,  547,  444,   97,  148,  686,  546,  557,  683,  909,  502,  444,  675,  914,  597,   89,  670,  266,  716,  382,  761,  714,  235,   91,  283,  266,  163,  812,  604,  708,  772,   86,  655,  585,  424,  569,  166,  530,  285,  869,  714,  573,  495,  599, 1004,  397,  830,  440,  852],
        [  835,    0,  954,  809,  456,  894,  338,  176,  965,  598,  514,  752,  765, 1008,  395,   58,  834,  456,  787,  497,  758,  266,    0,  129,  799,  718,  803,  786,  590,  767,  671,  566,  943,  398,  683,  337,  196,  779,  445,  412,  171,  593,  296,  453,  529,  531,  667,  524,  172,  377,  555,  620,  294,  733,  742,  679,  599,  561,  896,  340,  281,  447,  296,  553,  599,  826,  753,  149,  292,  394,   25,  265,  668,  642,  608,  834,  191,  494,  519,  168,  643,  220,  313,  374,  668,  551,  307,  243,  709,  863,  446,  745,  174,  655],
        [  839,    0, 1062,  866,  582,  937,  281,  298, 1065,  725,  626,  845,  884, 1108,  514,  108,  932,  433,  887,  516,  790,  381,  129,    0,  917,  841,  918,  829,  638,  886,  773,  693, 1042,  515,  806,  419,  304,  820,  407,  372,  187,  714,  196,  579,  638,  657,  789,  642,  291,  502,  601,  735,  221,  840,  756,  806,  725,  615,  979,  217,  406,  429,  417,  578,  727,  935,  857,  269,  417,  520,  118,  393,  701,  749,  666,  942,  298,  526,  598,   44,  758,  348,  318,  498,  660,  577,  213,  211,  829,  890,  561,  804,   86,  650],
        [  918,    0,  217,  594,  362,  724,  933,  694,  304,  278,  299,  310,   37,  332,  624,  848,  262,  878,  241,  737,  735,  690,  799,  917,    0,  112,   65,  681,  610,   33,  244,  440,  306,  403,  151,  553,  615,  689,  922,  915,  788,  207, 1002,  496,  298,  498,  144,  276,  706,  560,  626,  188,  946,  172,  824,  254,  259,  583,  428, 1092,  605,  859,  503,  717,  409,  143,  201,  651,  601,  419,  819,  560,  706,  224,  557,  156,  746,  689,  466,  946,  169,  595,  782,  431,  901,  715,  996,  858,   93,  806,  357,  560,  915,  880],
        [  941,    0,  328,  641,  267,  773,  885,  600,  408,  167,  251,  365,   79,  439,  515,  764,  344,  850,  311,  723,  762,  588,  718,  841,  112,    0,  162,  717,  616,   87,  270,  329,  406,  332,   41,  508,  544,  723,  890,  878,  727,  134,  942,  387,  262,  387,   54,  208,  611,  454,  625,  157,  891,  224,  842,  147,  149,  584,  506, 1026,  505,  831,  424,  712,  298,  236,  262,  572,  500,  328,  736,  468,  720,  233,  569,  250,  649,  676,  457,  872,  150,  506,  739,  345,  901,  710,  938,  803,   55,  843,  293,  597,  847,  880],
        [  865,    0,  172,  535,  385,  663,  914,  710,  246,  322,  292,  252,   86,  277,  659,  854,  198,  848,  179,  701,  681,  715,  803,  918,   65,  162,    0,  625,  566,   76,  200,  487,  245,  406,  196,  536,  614,  634,  895,  890,  779,  223,  990,  533,  285,  544,  179,  283,  722,  592,  584,  183,  931,  121,  774,  309,  300,  541,  363, 1084,  628,  829,  510,  677,  459,   79,  144,  654,  625,  437,  824,  576,  657,  192,  512,   92,  765,  653,  430,  944,  160,  607,  761,  445,  857,  675,  982,  844,  125,  749,  358,  504,  910,  836],
        [  251,    0,  629,  108,  700,  108,  636,  831,  543,  778,  539,  375,  679,  571,  944,  841,  457,  476,  453,  325,   78,  903,  786,  829,  681,  717,  625,    0,  198,  671,  448,  912,  514,  594,  721,  474,  633,   14,  531,  552,  643,  635,  766,  874,  510,  937,  683,  601,  840,  872,  231,  573,  691,  510,  187,  827,  755,  231,  345,  873,  832,  465,  646,  261,  909,  566,  482,  692,  838,  694,  810,  748,  139,  486,  197,  559,  892,  305,  329,  825,  571,  738,  519,  670,  327,  261,  745,  637,  664,  127,  573,  122,  766,  313],
        [  338,    0,  623,  231,  539,  305,  474,  636,  567,  641,  397,  346,  598,  604,  761,  645,  448,  338,  423,  171,  187,  711,  590,  638,  610,  616,  566,  198,    0,  592,  368,  755,  537,  423,  610,  280,  437,  192,  394,  405,  452,  510,  596,  703,  372,  773,  573,  459,  645,  692,   40,  461,  522,  446,  232,  702,  620,   39,  404,  704,  644,  322,  460,  121,  758,  527,  431,  495,  650,  523,  614,  559,  113,  389,   58,  525,  696,  132,  168,  638,  467,  546,  339,  496,  292,  120,  578,  457,  568,  293,  413,  175,  580,  271],
        [  905,    0,  242,  587,  330,  718,  905,  662,  322,  251,  269,  305,   10,  352,  594,  816,  267,  853,  241,  715,  722,  659,  767,  886,   33,   87,   76,  671,  592,    0,  228,  415,  321,  372,  124,  525,  584,  679,  896,  889,  758,  175,  972,  467,  270,  472,  113,  244,  674,  530,  606,  159,  917,  163,  809,  233,  230,  563,  432, 1062,  574,  834,  471,  697,  385,  153,  196,  619,  569,  387,  787,  528,  690,  204,  540,  167,  714,  667,  443,  914,  141,  563,  754,  399,  882,  695,  966,  828,   61,  797,  326,  550,  885,  860],
        [  677,    0,  296,  372,  339,  505,  732,  615,  294,  359,  179,  115,  235,  337,  627,  727,  165,  654,  117,  503,  495,  646,  671,  773,  244,  270,  200,  448,  368,  228,    0,  517,  273,  297,  278,  365,  476,  454,  702,  700,  616,  212,  820,  519,  153,  559,  241,  215,  627,  553,  385,  140,  756,   82,  582,  392,  334,  341,  279,  919,  558,  635,  398,  478,  502,  176,   85,  526,  559,  369,  694,  488,  463,   49,  314,  179,  676,  455,  234,  793,  131,  506,  578,  362,  659,  476,  810,  671,  217,  574,  249,  328,  752,  638],
        [ 1091,    0,  656,  864,  216,  993,  839,  400,  730,  168,  374,  630,  407,  763,  225,  593,  644,  869,  602,  795,  933,  342,  566,  693,  440,  329,  487,  912,  755,  415,  517,    0,  724,  336,  292,  529,  463,  913,  892,  869,  651,  306,  848,  115,  404,   63,  311,  315,  408,  197,  746,  379,  821,  511,  984,  195,  192,  716,  791,  905,  289,  852,  350,  812,   42,  555,  550,  456,  279,  244,  575,  311,  867,  468,  726,  569,  424,  758,  590,  733,  394,  356,  725,  276,  996,  810,  852,  740,  364, 1032,  343,  806,  731,  976],
        [  765,    0,  132,  408,  587,  514,  972,  886,   30,  557,  446,  205,  330,   69,  875,  999,  110,  866,  157,  702,  586,  910,  943, 1042,  306,  406,  245,  514,  537,  321,  273,  724,    0,  567,  437,  627,  748,  526,  920,  924,  877,  433, 1073,  756,  423,  777,  413,  467,  898,  803,  569,  368, 1005,  228,  693,  553,  533,  528,  177, 1176,  821,  849,  669,  658,  699,  170,  197,  799,  820,  628,  966,  756,  595,  309,  481,  156,  946,  657,  465, 1059,  346,  777,  820,  626,  809,  657, 1060,  923,  362,  623,  518,  407, 1015,  791],
        [  757,    0,  561,  565,  124,  685,  561,  319,  585,  260,  122,  399,  370,  627,  357,  449,  461,  554,  413,  462,  606,  353,  398,  515,  403,  332,  406,  594,  423,  372,  297,  336,  567,    0,  302,  202,  213,  594,  585,  568,  396,  201,  610,  281,  144,  350,  279,  128,  331,  283,  412,  223,  562,  345,  650,  339,  248,  385,  562,  694,  267,  535,  105,  476,  346,  433,  371,  249,  269,  101,  419,  192,  535,  258,  401,  442,  380,  424,  266,  543,  247,  211,  423,   77,  661,  474,  607,  474,  315,  709,   50,  501,  516,  641],
        [  939,    0,  365,  650,  230,  782,  859,  561,  441,  128,  232,  380,  116,  473,  475,  728,  368,  831,  332,  709,  762,  548,  683,  806,  151,   41,  196,  721,  610,  124,  278,  292,  437,  302,    0,  485,  512,  727,  869,  856,  697,  110,  912,  347,  247,  349,   39,  183,  573,  413,  616,  151,  863,  242,  838,  120,  109,  577,  527,  994,  466,  811,  391,  702,  263,  267,  281,  538,  460,  291,  701,  430,  717,  236,  565,  281,  610,  663,  448,  838,  150,  469,  715,  310,  891,  700,  908,  775,   76,  847,  266,  603,  815,  870],
        [  588,    0,  661,  480,  324,  578,  381,  358,  652,  461,  259,  427,  526,  694,  492,  395,  518,  352,  474,  268,  464,  433,  337,  419,  553,  508,  536,  474,  280,  525,  365,  529,  627,  202,  485,    0,  161,  470,  386,  372,  251,  376,  456,  454,  256,  532,  455,  303,  367,  427,  254,  366,  396,  440,  483,  538,  447,  244,  562,  554,  368,  334,  193,  295,  543,  537,  450,  220,  376,  285,  361,  285,  381,  350,  283,  541,  418,  236,  183,  434,  385,  268,  231,  254,  470,  293,  447,  308,  477,  572,  223,  414,  389,  451],
        [  728,    0,  761,  640,  299,  738,  377,  201,  770,  448,  323,  558,  583,  812,  367,  252,  639,  420,  592,  392,  619,  284,  196,  304,  615,  544,  614,  633,  437,  584,  476,  463,  748,  213,  512,  161,    0,  629,  434,  409,  193,  414,  404,  365,  335,  448,  491,  341,  209,  314,  409,  432,  364,  539,  626,  530,  442,  403,  706,  483,  235,  404,  126,  433,  488,  633,  558,   60,  245,  241,  219,  164,  532,  448,  443,  640,  260,  372,  337,  331,  454,  130,  268,  212,  588,  431,  403,  280,  528,  726,  259,  574,  304,  571],
        [  240,    0,  640,  120,  701,  117,  624,  827,  555,  782,  542,  384,  686,  584,  943,  834,  468,  464,  462,  315,   64,  900,  779,  820,  689,  723,  634,   14,  192,  679,  454,  913,  526,  594,  727,  470,  629,    0,  519,  540,  635,  640,  755,  874,  513,  938,  689,  603,  836,  871,  225,  578,  680,  518,  174,  832,  759,  227,  357,  862,  830,  453,  644,  250,  911,  576,  491,  687,  835,  694,  803,  745,  127,  491,  195,  569,  887,  296,  329,  816,  577,  735,  509,  670,  314,  251,  734,  628,  671,  121,  574,  130,  756,  299],
        [  459,    0,  989,  607,  702,  629,  133,  589,  949,  844,  639,  719,  899,  988,  793,  478,  821,   57,  788,  223,  469,  685,  445,  407,  922,  890,  895,  531,  394,  896,  702,  892,  920,  585,  869,  386,  434,  519,    0,   36,  279,  759,  264,  798,  630,  881,  837,  688,  591,  747,  357,  741,  198,  784,  398,  922,  832,  395,  797,  362,  661,   72,  543,  281,  912,  877,  781,  461,  671,  654,  460,  597,  393,  704,  446,  878,  626,  265,  469,  382,  756,  559,  167,  622,  270,  281,  240,  204,  854,  549,  608,  562,  323,  267],
        [  490,    0,  989,  624,  683,  652,   99,  558,  953,  827,  628,  722,  891,  993,  764,  443,  824,   78,  789,  236,  492,  655,  412,  372,  915,  878,  890,  552,  405,  889,  700,  869,  924,  568,  856,  372,  409,  540,   36,    0,  247,  747,  232,  773,  621,  857,  825,  674,  560,  720,  367,  732,  164,  781,  425,  906,  815,  403,  807,  332,  633,   87,  521,  297,  890,  875,  780,  433,  643,  633,  425,  571,  414,  699,  455,  876,  594,  274,  468,  347,  748,  532,  146,  602,  302,  297,  209,  170,  845,  575,  594,  576,  288,  298],
        [  669,    0,  911,  680,  491,  751,  191,  312,  902,  640,  490,  676,  758,  945,  522,  214,  769,  285,  725,  336,  606,  409,  171,  187,  788,  727,  779,  643,  452,  758,  616,  651,  877,  396,  697,  251,  193,  635,  279,  247,    0,  594,  215,  547,  495,  630,  673,  520,  313,  485,  415,  601,  172,  689,  579,  722,  633,  429,  802,  306,  393,  276,  318,  396,  678,  785,  701,  197,  404,  434,  190,  342,  517,  598,  481,  791,  348,  341,  421,  190,  622,  299,  143,  405,  498,  394,  212,   91,  705,  708,  435,  619,  139,  486],
        [  843,    0,  392,  573,  162,  705,  752,  489,  443,  148,  123,  325,  172,  481,  443,  642,  343,  721,  299,  601,  670,  492,  593,  714,  207,  134,  223,  635,  510,  175,  212,  306,  433,  201,  110,  376,  414,  640,  759,  747,  594,    0,  809,  324,  140,  352,   80,   75,  501,  373,  513,   73,  758,  210,  740,  194,  123,  475,  486,  895,  405,  702,  298,  596,  290,  272,  247,  446,  402,  215,  613,  355,  619,  164,  468,  284,  543,  556,  345,  743,   90,  388,  607,  225,  786,  594,  805,  670,  116,  760,  160,  521,  716,  765],
        [  721,    0, 1116,  825,  703,  870,  135,  471, 1099,  851,  704,  869,  972, 1141,  691,  298,  966,  308,  925,  441,  712,  562,  296,  196, 1002,  942,  990,  766,  596,  972,  820,  848, 1073,  610,  912,  456,  404,  755,  264,  232,  215,  809,    0,  738,  707,  820,  888,  734,  468,  668,  557,  814,   75,  896,  654,  933,  846,  583,  980,  109,  572,  312,  529,  505,  878,  992,  905,  395,  583,  643,  297,  538,  628,  806,  637,  997,  484,  467,  609,  156,  835,  492,  260,  616,  533,  505,   24,  150,  920,  801,  650,  770,  123,  529],
        [ 1033,    0,  705,  839,  183,  963,  736,  285,  766,  221,  354,  633,  460,  803,  129,  479,  665,  780,  619,  722,  887,  231,  453,  579,  496,  387,  533,  874,  703,  467,  519,  115,  756,  281,  347,  454,  365,  874,  798,  773,  547,  324,  738,    0,  385,   84,  355,  305,  294,   84,  689,  392,  715,  532,  927,  279,  238,  664,  798,  793,  174,  764,  264,  746,  153,  592,  569,  350,  164,  181,  462,  205,  814,  471,  681,  605,  310,  689,  546,  620,  412,  249,  631,  208,  923,  743,  744,  637,  410,  990,  303,  777,  620,  904],
        [  707,    0,  426,  460,  202,  589,  636,  463,  442,  271,   32,  259,  272,  485,  483,  583,  317,  589,  269,  463,  538,  494,  529,  638,  298,  262,  285,  510,  372,  270,  153,  404,  423,  144,  247,  256,  335,  513,  630,  621,  495,  140,  707,  385,    0,  436,  212,   91,  475,  408,  374,  112,  649,  205,  603,  331,  249,  336,  423,  800,  407,  570,  247,  457,  399,  298,  228,  381,  408,  221,  551,  335,  482,  116,  333,  305,  524,  417,  206,  662,  130,  354,  485,  211,  647,  455,  699,  561,  225,  633,   97,  402,  626,  625],
        [ 1106,    0,  713,  896,  238, 1022,  820,  360,  784,  223,  405,  673,  464,  819,  169,  554,  693,  863,  650,  800,  954,  294,  531,  657,  498,  387,  544,  937,  773,  472,  559,   63,  777,  350,  349,  532,  448,  938,  881,  857,  630,  352,  820,   84,  436,    0,  366,  350,  368,  155,  761,  424,  797,  560,  999,  257,  245,  734,  836,  871,  251,  846,  344,  821,  103,  609,  598,  433,  240,  252,  539,  288,  884,  510,  747,  623,  378,  766,  612,  698,  441,  332,  715,  281, 1002,  819,  826,  720,  420, 1056,  365,  836,  701,  982],
        [  901,    0,  350,  612,  220,  745,  831,  553,  419,  144,  199,  345,  108,  453,  482,  714,  338,  798,  301,  674,  724,  547,  667,  789,  144,   54,  179,  683,  573,  113,  241,  311,  413,  279,   39,  455,  491,  689,  837,  825,  673,   80,  888,  355,  212,  366,    0,  155,  565,  417,  579,  113,  837,  210,  800,  153,  122,  539,  495,  973,  462,  779,  372,  665,  286,  244,  249,  520,  457,  279,  686,  420,  679,  199,  527,  258,  604,  627,  411,  819,  113,  457,  685,  295,  855,  663,  884,  749,   55,  809,  239,  565,  794,  833],
        [  795,    0,  444,  549,  124,  679,  678,  430,  482,  182,   63,  329,  243,  522,  413,  574,  368,  651,  321,  537,  628,  444,  524,  642,  276,  208,  283,  601,  459,  244,  215,  315,  467,  128,  183,  303,  341,  603,  688,  674,  520,   75,  734,  305,   91,  350,  155,    0,  442,  340,  458,  103,  683,  240,  691,  247,  162,  422,  494,  821,  356,  632,  229,  537,  309,  319,  272,  375,  355,  162,  544,  296,  570,  168,  422,  329,  487,  493,  292,  671,  127,  325,  533,  164,  727,  535,  730,  595,  188,  724,   85,  492,  643,  706],
        [  932,    0,  885,  842,  345,  944,  498,   13,  916,  470,  452,  725,  670,  957,  224,  187,  792,  591,  743,  593,  827,   97,  172,  291,  706,  611,  722,  840,  645,  674,  627,  408,  898,  331,  573,  367,  209,  836,  591,  560,  313,  501,  468,  294,  475,  368,  565,  442,    0,  213,  617,  544,  460,  674,  832,  546,  476,  610,  883,  507,  121,  578,  231,  638,  445,  759,  702,  153,  130,  287,  175,  146,  740,  589,  648,  769,   53,  577,  533,  334,  568,  122,  438,  278,  783,  637,  477,  399,  613,  934,  380,  776,  345,  767],
        [ 1014,    0,  762,  847,  217,  966,  675,  206,  815,  292,  378,  664,  524,  854,   76,  399,  707,  734,  660,  691,  878,  148,  377,  502,  560,  454,  592,  872,  692,  530,  553,  197,  803,  283,  413,  427,  314,  871,  747,  720,  485,  373,  668,   84,  408,  155,  417,  340,  213,    0,  673,  435,  649,  576,  908,  357,  306,  653,  830,  717,   97,  718,  235,  721,  236,  645,  611,  289,   86,  188,  384,  151,  800,  506,  677,  657,  227,  662,  544,  544,  457,  189,  582,  206,  892,  719,  674,  575,  470,  983,  317,  783,  548,  874],
        [  345,    0,  650,  270,  531,  339,  435,  609,  598,  639,  397,  374,  611,  636,  742,  610,  476,  302,  449,  135,  211,  686,  555,  601,  626,  625,  584,  231,   40,  606,  385,  746,  569,  412,  616,  254,  409,  225,  357,  367,  415,  513,  557,  689,  374,  761,  579,  458,  617,  673,    0,  469,  482,  465,  239,  703,  619,   44,  440,  665,  621,  286,  440,   94,  751,  550,  453,  466,  628,  510,  579,  537,  127,  403,   90,  548,  668,   94,  169,  600,  476,  522,  300,  482,  277,   92,  538,  418,  579,  318,  405,  214,  542,  256],
        [  789,    0,  341,  506,  220,  638,  746,  532,  381,  219,  111,  253,  160,  421,  508,  672,  274,  699,  228,  568,  612,  546,  620,  735,  188,  157,  183,  573,  461,  159,  140,  379,  368,  223,  151,  366,  432,  578,  741,  732,  601,   73,  814,  392,  112,  424,  113,  103,  544,  435,  469,    0,  759,  142,  688,  256,  194,  428,  413,  906,  458,  680,  327,  556,  363,  216,  177,  471,  456,  264,  641,  399,  567,   93,  415,  227,  589,  521,  301,  762,   24,  427,  596,  267,  745,  554,  808,  670,  114,  699,  175,  456,  730,  723],
        [  652,    0, 1052,  750,  662,  795,   66,  462, 1031,  810,  649,  800,  918, 1073,  680,  310,  899,  237,  859,  366,  638,  557,  294,  221,  946,  891,  931,  691,  522,  917,  756,  821, 1005,  562,  863,  396,  364,  680,  198,  164,  172,  758,   75,  715,  649,  797,  837,  683,  460,  649,  482,  759,    0,  833,  582,  892,  803,  509,  908,  184,  555,  240,  489,  431,  848,  930,  840,  366,  566,  605,  301,  511,  554,  745,  564,  934,  484,  392,  540,  189,  778,  466,  188,  576,  465,  430,   57,   89,  866,  728,  599,  696,  136,  460],
        [  747,    0,  223,  425,  360,  556,  811,  662,  243,  346,  223,  143,  171,  284,  649,  787,  134,  736,   92,  585,  563,  683,  733,  840,  172,  224,  121,  510,  446,  163,   82,  511,  228,  345,  242,  440,  539,  518,  784,  781,  689,  210,  896,  532,  205,  560,  210,  240,  674,  576,  465,  142,  833,    0,  655,  361,  321,  422,  286,  993,  595,  717,  449,  558,  491,   97,   40,  586,  594,  401,  755,  531,  537,   92,  392,  102,  721,  537,  316,  862,  121,  555,  657,  400,  737,  556,  886,  747,  170,  635,  295,  389,  824,  716],
        [  107,    0,  800,  293,  769,  254,  520,  825,  722,  873,  629,  533,  816,  753,  975,  791,  625,  348,  613,  245,  111,  909,  742,  756,  824,  842,  774,  187,  232,  809,  582,  984,  693,  650,  838,  483,  626,  174,  398,  425,  579,  740,  654,  927,  603,  999,  800,  691,  832,  908,  239,  688,  582,  655,    0,  933,  852,  270,  528,  757,  850,  343,  674,  194,  989,  724,  633,  679,  858,  749,  763,  768,  122,  611,  274,  719,  880,  255,  400,  743,  692,  748,  439,  720,  150,  196,  632,  548,  792,  154,  643,  287,  681,  141],
        [ 1036,    0,  470,  761,  231,  893,  897,  535,  554,   83,  308,  497,  224,  584,  406,  717,  487,  890,  452,  783,  864,  502,  679,  806,  254,  147,  309,  827,  702,  233,  392,  195,  553,  339,  120,  538,  530,  832,  922,  906,  722,  194,  933,  279,  331,  257,  153,  247,  546,  357,  703,  256,  892,  361,  933,    0,   92,  666,  646, 1007,  429,  871,  404,  784,  159,  383,  400,  543,  421,  290,  693,  415,  812,  347,  661,  397,  574,  739,  535,  842,  261,  459,  762,  318,  973,  781,  933,  806,  195,  953,  317,  712,  827,  952],
        [  956,    0,  470,  696,  144,  827,  807,  465,  540,   26,  224,  446,  223,  574,  366,  640,  453,  799,  412,  694,  787,  444,  599,  725,  259,  149,  300,  755,  620,  230,  334,  192,  533,  248,  109,  447,  442,  759,  832,  815,  633,  123,  846,  238,  249,  245,  122,  162,  476,  306,  619,  194,  803,  321,  852,   92,    0,  583,  604,  922,  364,  780,  317,  697,  170,  365,  360,  459,  358,  206,  615,  338,  731,  286,  582,  378,  509,  651,  453,  759,  207,  380,  671,  231,  887,  695,  845,  716,  176,  880,  227,  642,  742,  866],
        [  375,    0,  607,  252,  501,  336,  465,  601,  557,  604,  360,  331,  568,  595,  723,  617,  434,  340,  406,  175,  225,  675,  561,  615,  583,  584,  541,  231,   39,  563,  341,  716,  528,  385,  577,  244,  403,  227,  395,  403,  429,  475,  583,  664,  336,  734,  539,  422,  610,  653,   44,  428,  509,  422,  270,  666,  583,    0,  405,  691,  606,  323,  422,  137,  720,  506,  410,  461,  612,  484,  585,  522,  151,  360,   55,  504,  661,  130,  131,  617,  435,  509,  324,  457,  319,  136,  566,  441,  537,  331,  374,  191,  560,  298],
        [  593,    0,  303,  238,  617,  338,  867,  872,  204,  629,  453,  166,  441,  228,  904,  953,  166,  741,  195,  574,  419,  914,  896,  979,  428,  506,  363,  345,  404,  432,  279,  791,  177,  562,  527,  562,  706,  357,  797,  807,  802,  486,  980,  798,  423,  836,  495,  494,  883,  830,  440,  413,  908,  286,  528,  646,  604,  405,    0, 1087,  828,  726,  654,  522,  773,  287,  246,  762,  829,  643,  920,  752,  441,  328,  352,  275,  934,  533,  382,  990,  398,  763,  721,  633,  655,  521,  964,  833,  453,  448,  518,  249,  940,  637],
        [  820,    0, 1215,  933,  778,  977,  239,  513, 1202,  925,  795,  972, 1061, 1244,  730,  324, 1068,  410, 1026,  549,  819,  597,  340,  217, 1092, 1026, 1084,  873,  704, 1062,  919,  905, 1176,  694,  994,  554,  483,  862,  362,  332,  306,  895,  109,  793,  800,  871,  973,  821,  507,  717,  665,  906,  184,  993,  757, 1007,  922,  691, 1087,    0,  621,  415,  606,  613,  938, 1090, 1004,  464,  632,  717,  334,  599,  736,  903,  745, 1095,  513,  575,  713,  174,  927,  554,  368,  691,  631,  613,  128,  255, 1007,  906,  737,  879,  180,  628],
        [  955,    0,  796,  818,  244,  931,  584,  112,  837,  356,  380,  665,  569,  877,  133,  305,  719,  651,  671,  623,  830,   89,  281,  406,  605,  505,  628,  832,  644,  574,  558,  289,  821,  267,  466,  368,  235,  830,  661,  633,  393,  405,  572,  174,  407,  251,  462,  356,  121,   97,  621,  458,  555,  595,  850,  429,  364,  606,  828,  621,    0,  637,  188,  660,  325,  673,  626,  201,   12,  195,  289,   85,  748,  516,  636,  684,  146,  599,  509,  448,  481,  106,  498,  197,  822,  657,  579,  483,  513,  937,  311,  753,  452,  804],
        [  415,    0,  920,  538,  655,  565,  177,  575,  878,  794,  581,  648,  837,  917,  769,  486,  751,   20,  719,  152,  406,  670,  447,  429,  859,  831,  829,  465,  322,  834,  635,  852,  849,  535,  811,  334,  404,  453,   72,   87,  276,  702,  312,  764,  570,  846,  779,  632,  578,  718,  286,  680,  240,  717,  343,  871,  780,  323,  726,  415,  637,    0,  503,  211,  870,  809,  713,  438,  647,  611,  464,  568,  327,  638,  374,  810,  618,  194,  402,  410,  694,  532,  141,  579,  231,  211,  289,  218,  794,  491,  555,  492,  348,  223],
        [  780,    0,  665,  631,  174,  744,  498,  219,  689,  322,  226,  495,  469,  730,  302,  346,  563,  521,  514,  460,  646,  266,  296,  417,  503,  424,  510,  646,  460,  471,  398,  350,  669,  105,  391,  193,  126,  644,  543,  521,  318,  298,  529,  264,  247,  344,  372,  229,  231,  235,  440,  327,  489,  449,  674,  404,  317,  422,  654,  606,  188,  503,    0,  488,  370,  538,  474,  149,  193,  116,  316,  104,  567,  361,  450,  547,  281,  429,  322,  448,  351,  110,  376,   87,  661,  485,  529,  404,  413,  753,  155,  566,  426,  643],
        [  296,    0,  742,  328,  598,  366,  376,  631,  687,  716,  477,  466,  702,  725,  786,  604,  568,  224,  542,   65,  213,  716,  553,  578,  717,  712,  677,  261,  121,  697,  478,  812,  658,  476,  702,  295,  433,  250,  281,  297,  396,  596,  505,  746,  457,  821,  665,  537,  638,  721,   94,  556,  431,  558,  194,  784,  697,  137,  522,  613,  660,  211,  488,    0,  820,  643,  547,  486,  667,  571,  575,  578,  125,  494,  178,  641,  687,   62,  256,  571,  565,  556,  263,  541,  190,    3,  485,  380,  667,  313,  477,  282,  510,  169],
        [ 1095,    0,  625,  856,  223,  986,  864,  436,  703,  145,  370,  615,  376,  735,  266,  628,  623,  888,  582,  807,  934,  382,  599,  727,  409,  298,  459,  909,  758,  385,  502,   42,  699,  346,  263,  543,  488,  911,  912,  890,  678,  290,  878,  153,  399,  103,  286,  309,  445,  236,  751,  363,  848,  491,  989,  159,  170,  720,  773,  938,  325,  870,  370,  820,    0,  529,  530,  484,  315,  260,  610,  341,  870,  454,  726,  543,  463,  769,  592,  767,  376,  387,  746,  292, 1006,  818,  881,  767,  337, 1031,  346,  800,  763,  986],
        [  811,    0,  128,  472,  432,  597,  907,  747,  175,  388,  313,  193,  162,  211,  715,  879,  123,  828,  114,  674,  627,  761,  826,  935,  143,  236,   79,  566,  527,  153,  176,  555,  170,  433,  267,  537,  633,  576,  877,  875,  785,  272,  992,  592,  298,  609,  244,  319,  759,  645,  550,  216,  930,   97,  724,  383,  365,  506,  287, 1090,  673,  809,  538,  643,  529,    0,   97,  678,  671,  479,  848,  614,  611,  188,  471,   14,  805,  626,  408,  958,  192,  641,  753,  482,  817,  641,  983,  844,  192,  688,  384,  446,  920,  796],
