{
    "name": "random-45-247",
    "comment": "size=45 seed=247",
    "nodes": ["+0", "-0", "+1", "-1", "+2", "-2", "+3", "-3", "+4", "-4", "+5", "-5", "+6", "-6", "+7", "-7", "+8", "-8", "+9", "-9", "+10", "-10", "+11", "-11", "+12", "-12", "+13", "-13", "+14", "-14", "+15", "-15", "+16", "-16", "+17", "-17", "+18", "-18", "+19", "-19", "+20", "-20", "+21", "-21", "+22", "-22", "+23", "-23", "+24", "-24", "+25", "-25", "+26", "-26", "+27", "-27", "+28", "-28", "+29", "-29", "+30", "-30", "+31", "-31", "+32", "-32", "+33", "-33", "+34", "-34", "+35", "-35", "+36", "-36", "+37", "-37", "+38", "-38", "+39", "-39", "+40", "-40", "+41", "-41", "+42", "-42", "+43", "-43", "+44", "-44", "+45", "-45"],
    "precedence": {
        "+0": "-0",
        "+1": "-1",
        "+2": "-2",
        "+3": "-3",
        "+4": "-4",
        "+5": "-5",
        "+6": "-6",
        "+7": "-7",
        "+8": "-8",
        "+9": "-9",
        "+10": "-10",
        "+11": "-11",
        "+12": "-12",
        "+13": "-13",
        "+14": "-14",
        "+15": "-15",
        "+16": "-16",
        "+17": "-17",
        "+18": "-18",
        "+19": "-19",
        "+20": "-20",
        "+21": "-21",
        "+22": "-22",
        "+23": "-23",
        "+24": "-24",
        "+25": "-25",
        "+26": "-26",
        "+27": "-27",
        "+28": "-28",
        "+29": "-29",
        "+30": "-30",
        "+31": "-31",
        "+32": "-32",
        "+33": "-33",
        "+34": "-34",
        "+35": "-35",
        "+36": "-36",
        "+37": "-37",
        "+38": "-38",
        "+39": "-39",
        "+40": "-40",
        "+41": "-41",
        "+42": "-42",
        "+43": "-43",
        "+44": "-44",
        "+45": "-45"
    },
    "edges": [
        [    0,    0,  834,   81,  775,  552,  822,  670,  496,  334,  420,  185,  514,  320,  230,  510,  275,  651,  648,  305,  393,  595,  785,  373,  284,  951,   30,  400,  758,  679,  594,  353,  300,  266,  590,  435,  545,  544,  214,  487,   89,  103,  120,  530,  148,  236,  524,  575,  520,  274,  646,  913,  829,  297,  148,  792,  318,  173,  524,  747,  870,  430,  362,  140,  724,  679,   53,  811,  334,  618,  830,  319,  446,  108,  306,   69,  714,  344,  600,  812,  781,  373,  227,   80,  409,  568,  406,  331,  426,  477,  126,  487],
        [    0,    0,    0,    0,    0,    0,    0,    0,    0,    0,    0,    0,    0,    0,    0,    0,    0,    0,    0,    0,    0,    0,    0,    0,    0,    0,    0,    0,    0,    0,    0,    0,    0,    0,    0,    0,    0,    0,    0,    0,    0,    0,    0,    0,    0,    0,    0,    0,    0,    0,    0,    0,    0,    0,    0,    0,    0,    0,    0,    0,    0,    0,    0,    0,    0,    0,    0,    0,    0,    0,    0,    0,    0,    0,    0,    0,    0,    0,    0,    0,    0,    0,    0,    0,    0,    0,    0,    0,    0,    0,    0,    0],
        [  834,    0,    0,  905,   71,  699,   80,  587,  955,  637,  769,  744,  862,  777,  692,  933, 1072,  699,  227,  866,  595,  407,  716,  599,  802,  155,  832,  930,  183,  738,  901,  563,  607,  750,  561,  960,  404,  412,  627,  618,  777,  737,  954,  740,  981,  728,  865,  672,  453,  573,  617,  225,   71,  723,  872,  622, 1129,  862,  673,  753,   37,  773,  681,  701,  945,  743,  812,   83,  929,  726,   51,  622,  418,  744,  678,  883,  567,  618,  629,  470,   54,  647,  774,  796,  997,  836,  550,  547,  710,  964,  734,  528],
        [   81,    0,  905,    0,  848,  624,  889,  698,  466,  412,  421,  209,  501,  320,  308,  484,  196,  724,  724,  281,  428,  675,  802,  409,  345, 1017,  100,  368,  835,  750,  578,  400,  380,  276,  668,  399,  625,  595,  280,  512,  167,  182,   64,  599,   98,  309,  511,  592,  568,  337,  670,  973,  897,  368,  117,  818,  238,  147,  598,  758,  941,  496,  436,  219,  710,  750,   95,  885,  297,  689,  899,  398,  507,  188,  381,   91,  744,  422,  622,  853,  852,  449,  234,  155,  363,  561,  448,  385,  497,  444,  206,  526],
        [  775,    0,   71,  848,    0,  630,  123,  584,  924,  568,  738,  694,  836,  737,  626,  904, 1019,  632,  157,  824,  559,  339,  722,  561,  734,  224,  772,  893,  126,  672,  880,  520,  540,  707,  493,  924,  334,  388,  570,  594,  715,  677,  894,  671,  920,  660,  840,  656,  428,  519,  611,  279,  119,  654,  819,  632, 1074,  812,  603,  752,  100,  703,  612,  639,  933,  677,  755,   53,  887,  659,  103,  554,  373,  682,  609,  822,  570,  549,  617,  489,   35,  577,  728,  734,  959,  816,  514,  500,  640,  932,  671,  502],
        [  552,    0,  699,  624,  630,    0,  742,  942,  997,  237,  854,  642,  971,  780,  329,  999,  814,  102,  479,  813,  715,  293, 1094,  698,  294,  854,  526,  913,  530,  128, 1048,  641,  299,  718,  146,  951,  304,  714,  511,  816,  464,  477,  624,   50,  628,  317,  980,  920,  724,  526,  942,  892,  741,  256,  689, 1049,  841,  706,   37, 1087,  720,  151,  192,  456, 1160,  129,  580,  629,  861,   68,  729,  264,  583,  456,  251,  541,  963,  238,  913,  977,  659,  191,  702,  472,  942, 1000,  688,  590,  128,  985,  439,  752],
        [  822,    0,   80,  889,  123,  742,    0,  516,  902,  655,  719,  716,  805,  735,  700,  879, 1047,  750,  264,  827,  550,  453,  641,  557,  818,  130,  823,  884,  248,  791,  840,  527,  618,  714,  608,  912,  440,  359,  610,  562,  772,  729,  941,  780,  969,  738,  808,  608,  400,  553,  548,  156,   12,  739,  846,  545, 1106,  834,  713,  680,  103,  803,  704,  693,  877,  796,  795,  157,  888,  774,   30,  637,  389,  739,  694,  875,  493,  637,  564,  391,   89,  670,  741,  791,  953,  775,  507,  518,  740,  914,  729,  475],
        [  670,    0,  587,  698,  584,  942,  516,    0,  463,  738,  323,  491,  351,  401,  707,  431,  772, 1002,  602,  486,  280,  740,  155,  301,  841,  588,  689,  490,  678, 1045,  356,  336,  674,  427,  864,  503,  691,  238,  504,  187,  679,  628,  762,  957,  795,  747,  349,  136,  220,  456,   42,  477,  527,  788,  599,  122,  834,  573,  906,  170,  617,  917,  801,  611,  365, 1048,  621,  636,  531, 1001,  544,  710,  360,  652,  755,  738,   51,  728,   87,  202,  558,  779,  469,  693,  563,  296,  280,  381,  869,  484,  656,  200],
        [  496,    0,  955,  466,  924,  997,  902,  463,    0,  760,  187,  356,  112,  222,  675,   35,  419, 1086,  869,  193,  369,  922,  478,  371,  771, 1004,  525,   99,  975, 1122,  148,  423,  701,  280,  985,   74,  864,  544,  492,  341,  563,  532,  517,  988,  544,  699,  116,  329,  503,  496,  421,  911,  913,  760,  354,  547,  470,  325,  963,  414,  990,  904,  810,  545,  268, 1124,  449,  975,  171, 1065,  924,  734,  565,  557,  750,  549,  512,  760,  380,  665,  910,  806,  296,  565,  136,  178,  414,  463,  882,   30,  572,  428],
        [  334,    0,  637,  412,  568,  237,  655,  738,  760,    0,  620,  405,  736,  543,  105,  762,  607,  329,  414,  577,  490,  293,  886,  472,  167,  781,  313,  677,  507,  363,  813,  418,   66,  481,  257,  715,  257,  526,  276,  595,  246,  247,  427,  233,  439,  114,  745,  699,  526,  298,  732,  787,  658,   87,  461,  852,  644,  475,  204,  871,  667,  179,   63,  222,  928,  365,  353,  587,  626,  305,  652,   30,  392,  230,   44,  341,  766,   19,  699,  805,  586,   47,  465,  258,  708,  767,  470,  367,  133,  749,  212,  541],
        [  420,    0,  769,  421,  738,  854,  719,  323,  187,  620,    0,  242,  119,  101,  548,  170,  456,  938,  684,  167,  183,  749,  392,  187,  663,  824,  446,  174,  789,  976,  194,  243,  556,  156,  825,  197,  691,  360,  344,  164,  463,  421,  482,  852,  515,  580,  127,  193,  319,  334,  285,  737,  729,  636,  308,  430,  517,  278,  819,  341,  805,  780,  675,  423,  314,  978,  367,  788,  208,  921,  740,  592,  380,  447,  618,  484,  374,  617,  237,  516,  724,  666,  193,  471,  248,  153,  228,  287,  749,  196,  459,  244],
        [  185,    0,  744,  209,  694,  642,  716,  491,  356,  405,  242,    0,  347,  148,  319,  361,  332,  733,  594,  174,  219,  598,  601,  201,  424,  840,  208,  273,  707,  768,  427,  199,  348,   87,  639,  311,  542,  396,  150,  305,  221,  182,  273,  632,  306,  346,  357,  391,  364,  181,  464,  784,  725,  406,  131,  612,  392,  118,  609,  563,  781,  550,  454,  190,  553,  769,  133,  738,  229,  710,  730,  380,  328,  208,  395,  252,  536,  407,  417,  645,  692,  451,   61,  229,  311,  393,  242,  199,  527,  344,  221,  318],
        [  514,    0,  862,  501,  836,  971,  805,  351,  112,  736,  119,  347,    0,  200,  661,   80,  493, 1056,  794,  222,  294,  866,  371,  301,  771,  903,  541,  167,  895, 1094,   81,  359,  673,  262,  944,  165,  808,  450,  461,  244,  567,  528,  558,  968,  589,  691,   10,  218,  410,  452,  310,  806,  816,  749,  385,  435,  550,  354,  937,  309,  896,  893,  791,  534,  211, 1096,  462,  888,  232, 1039,  829,  709,  490,  555,  733,  574,  400,  734,  269,  553,  820,  782,  291,  573,  230,   73,  337,  405,  864,  136,  567,  335],
        [  320,    0,  777,  320,  737,  780,  735,  401,  222,  543,  101,  148,  200,    0,  463,  220,  371,  867,  664,   95,  186,  703,  487,  179,  571,  849,  346,  160,  773,  904,  280,  219,  482,   63,  764,  195,  645,  382,  271,  222,  367,  329,  382,  773,  415,  492,  210,  281,  343,  276,  367,  774,  745,  551,  209,  516,  433,  179,  745,  440,  813,  695,  595,  335,  407,  906,  267,  786,  154,  847,  753,  516,  366,  355,  537,  384,  451,  542,  318,  583,  728,  589,   94,  374,  222,  249,  228,  251,  668,  216,  368,  276],
        [  230,    0,  692,  308,  626,  329,  700,  707,  675,  105,  548,  319,  661,  463,    0,  679,  503,  426,  479,  487,  441,  384,  847,  421,  137,  829,  209,  588,  580,  457,  740,  374,   89,  401,  361,  625,  342,  515,  212,  547,  142,  148,  324,  315,  338,   43,  670,  650,  507,  252,  695,  819,  704,   89,  361,  825,  540,  377,  299,  825,  725,  232,  138,  130,  860,  458,  252,  651,  533,  397,  700,   94,  385,  128,   79,  238,  740,  116,  657,  799,  640,  144,  379,  154,  614,  699,  429,  327,  209,  661,  110,  508],
        [  510,    0,  933,  484,  904,  999,  879,  431,   35,  762,  170,  361,   80,  220,  679,    0,  447, 1087,  854,  206,  352,  914,  444,  356,  780,  979,  538,  121,  958, 1123,  115,  411,  702,  281,  981,  104,  856,  522,  490,  317,  572,  540,  537,  992,  566,  706,   83,  298,  481,  491,  389,  884,  889,  766,  370,  513,  500,  341,  965,  379,  968,  910,  813,  550,  239, 1125,  461,  956,  194, 1066,  901,  736,  549,  565,  754,  565,  480,  761,  349,  633,  889,  808,  301,  576,  168,  144,  397,  453,  886,   63,  579,  405],
        [  275,    0, 1072,  196, 1019,  814, 1047,  772,  419,  607,  456,  332,  493,  371,  503,  447,    0,  914,  905,  290,  534,  869,  845,  519,  527, 1172,  295,  330, 1017,  939,  559,  529,  575,  357,  863,  345,  817,  723,  450,  592,  362,  374,  192,  786,  197,  502,  502,  647,  689,  500,  737, 1114, 1056,  560,  202,  884,   63,  217,  789,  791, 1108,  679,  629,  410,  686,  939,  273, 1059,  262,  878, 1060,  593,  659,  383,  576,  273,  822,  618,  688,  951, 1019,  644,  320,  350,  286,  564,  565,  530,  686,  390,  401,  633],
        [  651,    0,  699,  724,  632,  102,  750, 1002, 1086,  329,  938,  733, 1056,  867,  426, 1087,  914,    0,  490,  905,  790,  300, 1156,  774,  395,  853,  626, 1005,  520,   44, 1131,  716,  386,  807,  147, 1043,  329,  768,  597,  888,  563,  573,  725,  139,  729,  416, 1064,  990,  783,  606, 1005,  904,  748,  356,  786, 1103,  942,  802,  127, 1153,  715,  248,  290,  550, 1239,   48,  677,  623,  955,   50,  734,  353,  643,  553,  348,  642, 1019,  327,  980, 1019,  663,  284,  793,  571, 1037, 1080,  760,  665,  229, 1076,  536,  818],
        [  648,    0,  227,  724,  157,  479,  264,  602,  869,  414,  684,  594,  794,  664,  479,  854,  905,  490,    0,  743,  502,  191,  752,  498,  581,  379,  641,  823,  113,  532,  849,  448,  391,  623,  346,  857,  178,  373,  456,  562,  580,  547,  765,  517,  789,  511,  799,  644,  406,  413,  620,  415,  263,  500,  711,  677,  958,  708,  450,  770,  254,  546,  456,  509,  922,  537,  635,  174,  805,  512,  252,  402,  305,  549,  456,  688,  602,  395,  614,  559,  182,  421,  637,  599,  882,  787,  458,  414,  484,  872,  536,  471],
        [  305,    0,  866,  281,  824,  813,  827,  486,  193,  577,  167,  174,  222,   95,  487,  206,  290,  905,  743,    0,  279,  766,  557,  271,  579,  942,  333,  101,  854,  940,  298,  305,  521,  120,  812,  138,  709,  476,  320,  312,  371,  342,  337,  801,  368,  510,  231,  359,  437,  340,  450,  868,  836,  571,  166,  596,  350,  136,  780,  504,  903,  714,  623,  358,  430,  941,  256,  872,   63,  881,  844,  553,  452,  366,  564,  359,  536,  579,  401,  673,  817,  623,  116,  372,  142,  287,  320,  329,  695,  176,  382,  370],
        [  393,    0,  595,  428,  559,  715,  550,  280,  369,  490,  183,  219,  294,  186,  441,  352,  534,  790,  502,  279,    0,  576,  409,   22,  572,  664,  411,  336,  607,  830,  357,   74,  425,  178,  666,  366,  519,  197,  231,  107,  400,  350,  491,  720,  525,  480,  300,  210,  159,  194,  259,  590,  560,  527,  342,  402,  596,  320,  678,  385,  631,  664,  551,  335,  452,  833,  345,  609,  340,  779,  569,  461,  198,  374,  499,  461,  322,  483,  218,  427,  547,  535,  215,  414,  404,  298,   46,  126,  623,  374,  379,  100],
        [  595,    0,  407,  675,  339,  293,  453,  740,  922,  293,  749,  598,  866,  703,  384,  914,  869,  300,  191,  766,  576,    0,  894,  566,  451,  562,  581,  858,  240,  342,  932,  508,  299,  651,  156,  895,   58,  503,  449,  659,  513,  495,  703,  334,  720,  405,  873,  754,  525,  428,  750,  605,  452,  374,  694,  830,  913,  699,  267,  902,  428,  382,  314,  460, 1023,  347,  599,  338,  825,  322,  439,  293,  395,  488,  335,  619,  749,  275,  734,  730,  368,  281,  652,  530,  907,  874,  537,  462,  321,  919,  471,  576],
        [  785,    0,  716,  802,  722, 1094,  641,  155,  478,  886,  392,  601,  371,  487,  847,  444,  845, 1156,  752,  557,  409,  894,    0,  430,  980,  694,  807,  533,  822, 1198,  341,  474,  820,  527, 1018,  536,  845,  392,  639,  304,  805,  756,  865, 1108,  898,  887,  365,  211,  374,  596,  154,  573,  652,  931,  694,  104,  905,  665, 1058,   68,  743, 1063,  948,  743,  293, 1202,  734,  773,  588, 1154,  670,  857,  514,  781,  900,  853,  153,  876,  191,  270,  693,  927,  569,  818,  600,  301,  419,  522, 1017,  505,  787,  345],
        [  373,    0,  599,  409,  561,  698,  557,  301,  371,  472,  187,  201,  301,  179,  421,  356,  519,  774,  498,  271,   22,  566,  430,    0,  551,  672,  390,  332,  605,  814,  367,   59,  407,  164,  652,  364,  509,  208,  211,  127,  379,  329,  472,  703,  505,  459,  308,  229,  172,  175,  281,  601,  566,  507,  325,  423,  581,  304,  662,  405,  635,  645,  532,  314,  466,  817,  325,  610,  332,  763,  575,  443,  195,  353,  480,  440,  342,  465,  239,  445,  551,  517,  199,  393,  399,  310,   50,  110,  605,  375,  358,  118],
        [  284,    0,  802,  345,  734,  294,  818,  841,  771,  167,  663,  424,  771,  571,  137,  780,  527,  395,  581,  579,  572,  451,  980,  551,    0,  945,  256,  678,  672,  415,  851,  507,  202,  510,  378,  714,  421,  651,  341,  678,  209,  243,  336,  261,  337,   95,  781,  779,  644,  386,  828,  944,  821,   81,  431,  961,  550,  454,  276,  955,  833,  153,  139,  243,  976,  414,  325,  753,  615,  354,  816,  181,  521,  217,  125,  257,  875,  186,  789,  935,  751,  171,  481,  208,  692,  815,  563,  461,  170,  754,  205,  643],
        [  951,    0,  155, 1017,  224,  854,  130,  588, 1004,  781,  824,  840,  903,  849,  829,  979, 1172,  853,  379,  942,  664,  562,  694,  672,  945,    0,  952,  994,  334,  892,  930,  647,  746,  833,  715, 1020,  557,  468,  738,  663,  902,  858, 1070,  894, 1098,  866,  904,  696,  509,  681,  625,  126,  125,  866,  970,  592, 1231,  957,  827,  741,  140,  924,  829,  823,  952,  897,  923,  231, 1003,  881,  130,  764,  514,  868,  821, 1004,  557,  763,  648,  427,  198,  794,  862,  921, 1065,  865,  623,  642,  861, 1018,  859,  581],
        [   30,    0,  832,  100,  772,  526,  823,  689,  525,  313,  446,  208,  541,  346,  209,  538,  295,  626,  641,  333,  411,  581,  807,  390,  256,  952,    0,  429,  750,  653,  621,  367,  283,  291,  569,  464,  532,  555,  219,  507,   68,   96,  125,  503,  149,  211,  551,  597,  533,  280,  666,  918,  829,  271,  177,  811,  334,  202,  500,  770,  867,  403,  338,  133,  751,  654,   80,  806,  363,  592,  830,  299,  451,   94,  282,   54,  732,  323,  620,  827,  779,  350,  253,   56,  438,  595,  421,  341,  400,  506,  110,  503],
        [  400,    0,  930,  368,  893,  913,  884,  490,   99,  677,  174,  273,  167,  160,  588,  121,  330, 1005,  823,  101,  336,  858,  533,  332,  678,  994,  429,    0,  932, 1040,  230,  377,  621,  208,  910,   38,  801,  526,  417,  338,  470,  443,  419,  902,  446,  610,  175,  355,  486,  430,  450,  910,  894,  671,  256,  588,  384,  228,  881,  473,  966,  814,  724,  459,  358, 1041,  354,  942,   74,  981,  904,  653,  524,  467,  665,  451,  541,  679,  404,  687,  882,  723,  214,  471,   74,  239,  380,  410,  796,   77,  482,  413],
        [  758,    0,  183,  835,  126,  530,  248,  678,  975,  507,  789,  707,  895,  773,  580,  958, 1017,  520,  113,  854,  607,  240,  822,  605,  672,  334,  750,  932,    0,  559,  948,  556,  492,  734,  387,  966,  253,  461,  569,  659,  688,  657,  875,  573,  898,  610,  900,  734,  497,  526,  700,  403,  243,  592,  824,  739, 1070,  821,  506,  847,  196,  619,  541,  619, 1013,  564,  747,  104,  916,  550,  226,  498,  411,  658,  549,  796,  670,  488,  700,  604,  161,  506,  749,  706,  993,  884,  562,  525,  558,  979,  644,  567],
        [  679,    0,  738,  750,  672,  128,  791, 1045, 1122,  363,  976,  768, 1094,  904,  457, 1123,  939,   44,  532,  940,  830,  342, 1198,  814,  415,  892,  653, 1040,  559,    0, 1169,  757,  422,  843,  190, 1077,  372,  811,  634,  929,  592,  604,  749,  155,  751,  444, 1102, 1032,  825,  645, 1047,  945,  789,  383,  817, 1147,  964,  834,  160, 1195,  754,  265,  320,  583, 1279,    6,  708,  662,  988,   62,  774,  389,  685,  584,  379,  667, 1062,  363, 1022, 1062,  704,  318,  828,  599, 1070, 1119,  801,  705,  254, 1111,  566,  860],
        [  594,    0,  901,  578,  880, 1048,  840,  356,  148,  813,  194,  427,   81,  280,  740,  115,  559, 1131,  849,  298,  357,  932,  341,  367,  851,  930,  621,  230,  948, 1169,    0,  425,  750,  342, 1015,  217,  875,  493,  538,  289,  647,  608,  635, 1046,  665,  770,   71,  234,  454,  526,  314,  826,  851,  828,  462,  420,  612,  432, 1013,  274,  935,  972,  868,  613,  132, 1171,  542,  933,  300, 1114,  865,  785,  548,  635,  811,  653,  400,  810,  283,  555,  862,  859,  372,  653,  282,   66,  397,  474,  942,  177,  647,  382],
        [  353,    0,  563,  400,  520,  641,  527,  336,  423,  418,  243,  199,  359,  219,  374,  411,  529,  716,  448,  305,   74,  508,  474,   59,  507,  647,  367,  377,  556,  757,  425,    0,  352,  188,  594,  410,  451,  197,  168,  177,  347,  296,  461,  647,  493,  413,  365,  281,  168,  123,  322,  585,  536,  458,  330,  457,  590,  313,  605,  454,  599,  593,  479,  276,  525,  759,  310,  568,  367,  706,  543,  389,  148,  319,  429,  420,  373,  411,  284,  460,  513,  462,  215,  363,  440,  369,   57,   52,  551,  425,  321,  140],
        [  300,    0,  607,  380,  540,  299,  618,  674,  701,   66,  556,  348,  673,  482,   89,  702,  575,  386,  391,  521,  425,  299,  820,  407,  202,  746,  283,  621,  492,  422,  750,  352,    0,  422,  296,  659,  254,  465,  213,  529,  216,  204,  405,  298,  421,  121,  682,  633,  464,  232,  667,  743,  622,  127,  416,  789,  617,  427,  264,  805,  639,  244,  128,  174,  864,  424,  312,  564,  573,  366,  617,   37,  331,  193,   86,  320,  702,   61,  633,  746,  555,  111,  408,  231,  656,  703,  404,  302,  199,  691,  175,  476],
        [  266,    0,  750,  276,  707,  718,  714,  427,  280,  481,  156,   87,  262,   63,  401,  281,  357,  807,  623,  120,  178,  651,  527,  164,  510,  833,  291,  208,  734,  843,  342,  188,  422,    0,  705,  245,  593,  371,  212,  241,  307,  267,  339,  712,  373,  430,  271,  317,  335,  223,  396,  765,  723,  488,  173,  546,  420,  147,  684,  484,  787,  633,  533,  273,  467,  845,  213,  753,  183,  786,  730,  455,  334,  294,  475,  331,  475,  481,  348,  596,  700,  528,   43,  315,  261,  307,  213,  210,  606,  272,  306,  276],
        [  590,    0,  561,  668,  493,  146,  608,  864,  985,  257,  825,  639,  944,  764,  361,  981,  863,  147,  346,  812,  666,  156, 1018,  652,  378,  715,  569,  910,  387,  190, 1015,  594,  296,  705,    0,  948,  183,  628,  494,  760,  502,  499,  682,  193,  692,  365,  951,  861,  645,  492,  869,  761,  607,  315,  711,  962,  899,  723,  130, 1019,  580,  268,  245,  469, 1118,  194,  606,  488,  866,  167,  594,  272,  507,  484,  290,  596,  879,  247,  847,  874,  523,  222,  697,  514,  949,  962,  633,  543,  217,  977,  466,  686],
        [  435,    0,  960,  399,  924,  951,  912,  503,   74,  715,  197,  311,  165,  195,  625,  104,  345, 1043,  857,  138,  366,  895,  536,  364,  714, 1020,  464,   38,  966, 1077,  217,  410,  659,  245,  948,    0,  838,  554,  454,  360,  506,  479,  447,  939,  474,  647,  172,  368,  513,  467,  462,  933,  922,  708,  289,  596,  397,  262,  918,  473,  996,  851,  761,  496,  342, 1079,  389,  974,  102, 1019,  933,  690,  557,  503,  702,  484,  554,  717,  418,  703,  913,  760,  251,  506,   66,  237,  411,  445,  833,   47,  519,  439],
        [  545,    0,  404,  625,  334,  304,  440,  691,  864,  257,  691,  542,  808,  645,  342,  856,  817,  329,  178,  709,  519,   58,  845,  509,  421,  557,  532,  801,  253,  372,  875,  451,  254,  593,  183,  838,    0,  454,  393,  604,  465,  444,  656,  340,  674,  366,  815,  700,  474,  371,  699,  589,  440,  342,  639,  785,  863,  644,  274,  850,  429,  370,  288,  408,  968,  376,  546,  342,  768,  343,  430,  253,  341,  439,  300,  572,  702,  239,  681,  691,  359,  254,  595,  482,  850,  817,  481,  404,  308,  861,  423,  523],
        [  544,    0,  412,  595,  388,  714,  359,  238,  544,  526,  360,  396,  450,  382,  515,  522,  723,  768,  373,  476,  197,  503,  392,  208,  651,  468,  555,  526,  461,  811,  493,  197,  465,  371,  628,  554,  454,    0,  340,  207,  524,  474,  655,  732,  687,  557,  454,  274,   42,  281,  250,  394,  370,  587,  525,  336,  785,  507,  678,  401,  447,  704,  588,  447,  553,  815,  504,  440,  536,  770,  381,  498,  135,  493,  549,  608,  251,  513,  241,  285,  370,  562,  405,  542,  597,  428,  159,  214,  651,  555,  491,  117],
        [  214,    0,  627,  280,  570,  511,  610,  504,  492,  276,  344,  150,  461,  271,  212,  490,  450,  597,  456,  320,  231,  449,  639,  211,  341,  738,  219,  417,  569,  634,  538,  168,  213,  212,  494,  454,  393,  340,    0,  337,  185,  134,  332,  508,  362,  249,  470,  439,  322,   61,  488,  699,  617,  299,  256,  625,  505,  255,  476,  614,  663,  440,  332,  110,  654,  636,  186,  610,  378,  578,  619,  248,  233,  154,  276,  273,  541,  273,  448,  619,  573,  322,  205,  202,  460,  492,  225,  129,  406,  484,  155,  307],
        [  487,    0,  618,  512,  594,  816,  562,  187,  341,  595,  164,  305,  244,  222,  547,  317,  592,  888,  562,  312,  107,  659,  304,  127,  678,  663,  507,  338,  659,  929,  289,  177,  529,  241,  760,  360,  604,  207,  337,    0,  502,  452,  576,  824,  609,  586,  247,  105,  167,  299,  160,  573,  573,  633,  414,  307,  654,  388,  780,  278,  653,  769,  656,  440,  365,  932,  436,  646,  364,  880,  585,  566,  267,  477,  605,  555,  234,  587,  114,  361,  576,  639,  284,  515,  411,  225,  129,  228,  727,  355,  483,   93],
        [   89,    0,  777,  167,  715,  464,  772,  679,  563,  246,  463,  221,  567,  367,  142,  572,  362,  563,  580,  371,  400,  513,  805,  379,  209,  902,   68,  470,  688,  592,  647,  347,  216,  307,  502,  506,  465,  524,  185,  502,    0,   52,  191,  444,  211,  148,  576,  598,  506,  244,  659,  874,  778,  210,  227,  800,  402,  248,  436,  773,  812,  348,  274,   81,  774,  593,  119,  747,  409,  531,  777,  231,  411,   34,  217,  109,  719,  256,  615,  803,  723,  284,  276,   20,  487,  614,  403,  313,  339,  546,   45,  486],
        [  103,    0,  737,  182,  677,  477,  729,  628,  532,  247,  421,  182,  528,  329,  148,  540,  374,  573,  547,  342,  350,  495,  756,  329,  243,  858,   96,  443,  657,  604,  608,  296,  204,  267,  499,  479,  444,  474,  134,  452,   52,    0,  219,  461,  244,  168,  538,  550,  455,  194,  609,  827,  735,  229,  214,  750,  420,  230,  446,  725,  772,  372,  285,   38,  734,  605,  108,  711,  386,  544,  735,  227,  363,   27,  226,  146,  668,  254,  566,  751,  684,  290,  240,   69,  467,  573,  352,  262,  355,  517,   40,  435],
        [  120,    0,  954,   64,  894,  624,  941,  762,  517,  427,  482,  273,  558,  382,  324,  537,  192,  725,  765,  337,  491,  703,  865,  472,  336, 1070,  125,  419,  875,  749,  635,  461,  405,  339,  682,  447,  656,  655,  332,  576,  191,  219,    0,  595,   34,  317,  568,  656,  629,  391,  734, 1030,  948,  373,  176,  882,  219,  206,  601,  821,  989,  488,  443,  257,  767,  748,  152,  930,  346,  688,  949,  417,  563,  219,  392,   86,  808,  440,  686,  916,  900,  460,  297,  174,  406,  621,  510,  444,  497,  493,  234,  589],
        [  530,    0,  740,  599,  671,   50,  780,  957,  988,  233,  852,  632,  968,  773,  315,  992,  786,  139,  517,  801,  720,  334, 1108,  703,  261,  894,  503,  902,  573,  155, 1046,  647,  298,  712,  193,  939,  340,  732,  508,  824,  444,  461,  595,    0,  597,  296,  977,  927,  740,  529,  954,  928,  780,  234,  670, 1066,  811,  689,   68, 1097,  762,  111,  179,  444, 1161,  154,  561,  672,  847,   95,  768,  261,  600,  439,  238,  514,  980,  238,  924, 1001,  698,  187,  693,  450,  927, 1000,  697,  596,  107,  975,  422,  764],
        [  148,    0,  981,   98,  920,  628,  969,  795,  544,  439,  515,  306,  589,  415,  338,  566,  197,  729,  789,  368,  525,  720,  898,  505,  337, 1098,  149,  446,  898,  751,  665,  493,  421,  373,  692,  474,  674,  687,  362,  609,  211,  244,   34,  597,    0,  328,  599,  689,  661,  421,  767, 1060,  976,  380,  208,  916,  214,  238,  607,  854, 1016,  488,  450,  281,  797,  750,  184,  955,  373,  690,  977,  431,  593,  241,  403,  102,  841,  453,  719,  949,  927,  470,  330,  193,  430,  652,  543,  475,  502,  520,  255,  622],
        [  236,    0,  728,  309,  660,  317,  738,  747,  699,  114,  580,  346,  691,  492,   43,  706,  502,  416,  511,  510,  480,  405,  887,  459,   95,  866,  211,  610,  610,  444,  770,  413,  121,  430,  365,  647,  366,  557,  249,  586,  148,  168,  317,  296,  328,    0,  700,  688,  549,  292,  734,  859,  742,   63,  374,  866,  535,  394,  289,  863,  759,  205,  127,  158,  893,  445,  266,  684,  552,  383,  737,  114,  427,  144,   76,  232,  781,  130,  696,  841,  676,  143,  405,  156,  632,  731,  469,  367,  191,  685,  128,  548],
        [  524,    0,  865,  511,  840,  980,  808,  349,  116,  745,  127,  357,   10,  210,  670,   83,  502, 1064,  799,  231,  300,  873,  365,  308,  781,  904,  551,  175,  900, 1102,   71,  365,  682,  271,  951,  172,  815,  454,  470,  247,  576,  538,  568,  977,  599,  700,    0,  217,  413,  460,  307,  806,  818,  758,  395,  431,  558,  364,  945,  302,  899,  902,  800,  543,  201, 1105,  472,  892,  241, 1047,  831,  717,  495,  564,  742,  584,  398,  742,  268,  551,  823,  791,  301,  582,  237,   66,  343,  412,  873,  141,  577,  339],
        [  575,    0,  672,  592,  656,  920,  608,  136,  329,  699,  193,  391,  218,  281,  650,  298,  647,  990,  644,  359,  210,  754,  211,  229,  779,  696,  597,  355,  734, 1032,  234,  281,  633,  317,  861,  368,  700,  274,  439,  105,  598,  550,  656,  927,  689,  688,  217,    0,  239,  403,   95,  593,  619,  736,  486,  238,  709,  458,  883,  176,  705,  873,  760,  540,  280, 1035,  524,  709,  399,  983,  634,  670,  360,  575,  708,  643,  186,  691,   52,  336,  635,  743,  359,  610,  428,  171,  232,  332,  831,  350,  582,  178],
        [  520,    0,  453,  568,  428,  724,  400,  220,  503,  526,  319,  364,  410,  343,  507,  481,  689,  783,  406,  437,  159,  525,  374,  172,  644,  509,  533,  486,  497,  825,  454,  168,  464,  335,  645,  513,  474,   42,  322,  167,  506,  455,  629,  740,  661,  549,  413,  239,    0,  265,  225,  431,  411,  584,  493,  327,  751,  473,  687,  377,  488,  705,  589,  431,  518,  829,  478,  480,  496,  782,  422,  498,  141,  476,  547,  586,  241,  514,  211,  297,  410,  565,  370,  523,  556,  389,  124,  194,  655,  514,  475,   76],
        [  274,    0,  573,  337,  519,  526,  553,  456,  496,  298,  334,  181,  452,  276,  252,  491,  500,  606,  413,  340,  194,  428,  596,  175,  386,  681,  280,  430,  526,  645,  526,  123,  232,  223,  492,  467,  371,  281,   61,  299,  244,  194,  391,  529,  421,  292,  460,  403,  265,    0,  444,  640,  561,  335,  301,  575,  557,  296,  490,  577,  609,  471,  358,  166,  635,  647,  243,  560,  401,  592,  563,  269,  172,  212,  306,  333,  490,  291,  407,  562,  520,  343,  228,  262,  481,  475,  178,   76,  430,  492,  211,  257],
        [  646,    0,  617,  670,  611,  942,  548,   42,  421,  732,  285,  464,  310,  367,  695,  389,  737, 1005,  620,  450,  259,  750,  154,  281,  828,  625,  666,  450,  700, 1047,  314,  322,  667,  396,  869,  462,  699,  250,  488,  160,  659,  609,  734,  954,  767,  734,  307,   95,  225,  444,    0,  516,  559,  778,  568,  150,  798,  541,  905,  152,  648,  909,  794,  594,  330, 1051,  595,  663,  492, 1002,  575,  703,  363,  633,  746,  714,   92,  722,   50,  244,  586,  773,  439,  672,  523,  255,  266,  369,  863,  443,  638,  191],
        [  913,    0,  225,  973,  279,  892,  156,  477,  911,  787,  737,  784,  806,  774,  819,  884, 1114,  904,  415,  868,  590,  605,  573,  601,  944,  126,  918,  910,  403,  945,  826,  585,  743,  765,  761,  933,  589,  394,  699,  573,  874,  827, 1030,  928, 1060,  859,  806,  593,  431,  640,  516,    0,  161,  868,  914,  471, 1175,  898,  862,  624,  230,  943,  840,  794,  839,  950,  880,  307,  926,  927,  178,  766,  468,  840,  823,  971,  442,  769,  543,  305,  245,  806,  798,  893,  982,  763,  552,  590,  882,  927,  834,  499],
        [  829,    0,   71,  897,  119,  741,   12,  527,  913,  658,  729,  725,  816,  745,  704,  889, 1056,  748,  263,  836,  560,  452,  652,  566,  821,  125,  829,  894,  243,  789,  851,  536,  622,  723,  607,  922,  440,  370,  617,  573,  778,  735,  948,  780,  976,  742,  818,  619,  411,  561,  559,  161,    0,  742,  854,  556, 1114,  842,  713,  691,   92,  804,  707,  699,  888,  794,  803,  149,  898,  773,   20,  641,  397,  745,  698,  881,  504,  640,  575,  401,   86,  672,  750,  797,  963,  786,  517,  526,  742,  924,  735,  486],
        [  297,    0,  723,  368,  654,  256,  739,  788,  760,   87,  636,  406,  749,  551,   89,  766,  560,  356,  500,  571,  527,  374,  931,  507,   81,  866,  271,  671,  592,  383,  828,  458,  127,  488,  315,  708,  342,  587,  299,  633,  210,  229,  373,  234,  380,   63,  758,  736,  584,  335,  778,  868,  742,    0,  437,  906,  591,  456,  230,  911,  753,  145,   72,  216,  949,  383,  328,  673,  614,  322,  736,  102,  455,  206,   45,  288,  820,  106,  741,  870,  672,   97,  465,  217,  694,  787,  512,  410,  130,  746,  190,  589],
        [  148,    0,  872,  117,  819,  689,  846,  599,  354,  461,  308,  131,  385,  209,  361,  370,  202,  786,  711,  166,  342,  694,  694,  325,  431,  970,  177,  256,  824,  817,  462,  330,  416,  173,  711,  289,  639,  525,  256,  414,  227,  214,  176,  670,  208,  374,  395,  486,  493,  301,  568,  914,  854,  437,    0,  718,  262,   31,  659,  648,  908,  575,  497,  242,  594,  817,  110,  861,  188,  756,  859,  441,  458,  233,  439,  196,  647,  467,  520,  766,  819,  503,  131,  224,  262,  446,  369,  329,  565,  333,  251,  442],
        [  792,    0,  622,  818,  632, 1049,  545,  122,  547,  852,  430,  612,  435,  516,  825,  513,  884, 1103,  677,  596,  402,  830,  104,  423,  961,  592,  811,  588,  739, 1147,  420,  457,  789,  546,  962,  596,  785,  336,  625,  307,  800,  750,  882, 1066,  916,  866,  431,  238,  327,  575,  150,  471,  556,  906,  718,    0,  946,  690, 1013,  163,  647, 1031,  915,  732,  390, 1150,  742,  683,  636, 1106,  575,  824,  467,  774,  871,  860,   87,  841,  198,  167,  602,  891,  588,  815,  659,  370,  401,  500,  981,  571,  777,  319],
        [  318,    0, 1129,  238, 1074,  841, 1106,  834,  470,  644,  517,  392,  550,  433,  540,  500,   63,  942,  958,  350,  596,  913,  905,  581,  550, 1231,  334,  384, 1070,  964,  612,  590,  617,  420,  899,  397,  863,  785,  505,  654,  402,  420,  219,  811,  214,  535,  558,  709,  751,  557,  798, 1175, 1114,  591,  262,  946,    0,  278,  819,  850, 1165,  702,  661,  456,  738,  964,  323, 1114,  319,  904, 1118,  632,  718,  426,  610,  304,  884,  656,  750, 1014, 1076,  678,  382,  387,  335,  621,  627,  590,  714,  441,  443,  695],
        [  173,    0,  862,  147,  812,  706,  834,  573,  325,  475,  278,  118,  354,  179,  377,  341,  217,  802,  708,  136,  320,  699,  665,  304,  454,  957,  202,  228,  821,  834,  432,  313,  427,  147,  723,  262,  644,  507,  255,  388,  248,  230,  206,  689,  238,  394,  364,  458,  473,  296,  541,  898,  842,  456,   31,  690,  278,    0,  676,  618,  899,  596,  515,  255,  564,  835,  130,  855,  162,  774,  848,  454,  446,  251,  455,  225,  621,  480,  492,  742,  810,  519,  106,  247,  239,  415,  350,  317,  583,  305,  268,  419],
        [  524,    0,  673,  598,  603,   37,  713,  906,  963,  204,  819,  609,  937,  745,  299,  965,  789,  127,  450,  780,  678,  267, 1058,  662,  276,  827,  500,  881,  506,  160, 1013,  605,  264,  684,  130,  918,  274,  678,  476,  780,  436,  446,  601,   68,  607,  289,  945,  883,  687,  490,  905,  862,  713,  230,  659, 1013,  819,  676,    0, 1050,  695,  144,  163,  424, 1124,  161,  551,  605,  829,  103,  701,  230,  547,  427,  221,  517,  927,  204,  877,  942,  631,  158,  669,  445,  911,  964,  652,  553,  106,  952,  409,  716],
        [  747,    0,  753,  758,  752, 1087,  680,  170,  414,  871,  341,  563,  309,  440,  825,  379,  791, 1153,  770,  504,  385,  902,   68,  405,  955,  741,  770,  473,  847, 1195,  274,  454,  805,  484, 1019,  473,  850,  401,  614,  278,  773,  725,  821, 1097,  854,  863,  302,  176,  377,  577,  152,  624,  691,  911,  648,  163,  850,  618, 1050,    0,  781, 1047,  932,  716,  228, 1198,  694,  804,  531, 1148,  708,  842,  513,  751,  882,  814,  187,  862,  174,  324,  726,  914,  526,  785,  539,  238,  402,  504, 1003,  441,  758,  335],
        [  870,    0,   37,  941,  100,  720,  103,  617,  990,  667,  805,  781,  896,  813,  725,  968, 1108,  715,  254,  903,  631,  428,  743,  635,  833,  140,  867,  966,  196,  754,  935,  599,  639,  787,  580,  996,  429,  447,  663,  653,  812,  772,  989,  762, 1016,  759,  899,  705,  488,  609,  648,  230,   92,  753,  908,  647, 1165,  899,  695,  781,    0,  799,  710,  735,  976,  759,  848,   93,  965,  744,   74,  653,  455,  779,  708,  918,  595,  648,  661,  492,   90,  675,  811,  831, 1034,  870,  587,  584,  736, 1000,  768,  563],
        [  430,    0,  773,  496,  703,  151,  803,  917,  904,  179,  780,  550,  893,  695,  232,  910,  679,  248,  546,  714,  664,  382, 1063,  645,  153,  924,  403,  814,  619,  265,  972,  593,  244,  633,  268,  851,  370,  704,  440,  769,  348,  372,  488,  111,  488,  205,  902,  873,  705,  471,  909,  943,  804,  145,  575, 1031,  702,  596,  144, 1047,  799,    0,  117,  361, 1092,  264,  467,  712,  756,  205,  795,  208,  570,  348,  165,  409,  945,  192,  875,  982,  726,  144,  610,  352,  835,  930,  646,  543,   63,  889,  333,  719],
        [  362,    0,  681,  436,  612,  192,  704,  801,  810,   63,  675,  454,  791,  595,  138,  813,  629,  290,  456,  623,  551,  314,  948,  532,  139,  829,  338,  724,  541,  320,  868,  479,  128,  533,  245,  761,  288,  588,  332,  656,  274,  285,  443,  179,  450,  127,  800,  760,  589,  358,  794,  840,  707,   72,  497,  915,  661,  515,  163,  932,  710,  117,    0,  266,  986,  321,  389,  627,  670,  260,  699,   92,  454,  265,   60,  358,  829,   76,  761,  867,  632,   35,  514,  283,  751,  824,  531,  429,   74,  797,  247,  604],
        [  140,    0,  701,  219,  639,  456,  693,  611,  545,  222,  423,  190,  534,  335,  130,  550,  410,  550,  509,  358,  335,  460,  743,  314,  243,  823,  133,  459,  619,  583,  613,  276,  174,  273,  469,  496,  408,  447,  110,  440,   81,   38,  257,  444,  281,  158,  543,  540,  431,  166,  594,  794,  699,  216,  242,  732,  456,  255,  424,  716,  735,  361,  266,    0,  736,  584,  140,  674,  406,  524,  699,  200,  332,   48,  206,  183,  649,  226,  553,  727,  647,  266,  250,   99,  487,  574,  333,  238,  338,  532,   46,  415],
        [  724,    0,  945,  710,  933, 1160,  877,  365,  268,  928,  314,  553,  211,  407,  860,  239,  686, 1239,  922,  430,  452, 1023,  293,  466,  976,  952,  751,  358, 1013, 1279,  132,  525,  864,  467, 1118,  342,  968,  553,  654,  365,  774,  734,  767, 1161,  797,  893,  201,  280,  518,  635,  330,  839,  888,  949,  594,  390,  738,  564, 1124,  228,  976, 1092,  986,  736,    0, 1281,  672,  986,  430, 1226,  904,  900,  631,  760,  929,  784,  399,  924,  317,  547,  911,  974,  500,  781,  404,  162,  487,  576, 1059,  298,  772,  453],
        [  679,    0,  743,  750,  677,  129,  796, 1048, 1124,  365,  978,  769, 1096,  906,  458, 1125,  939,   48,  537,  941,  833,  347, 1202,  817,  414,  897,  654, 1041,  564,    6, 1171,  759,  424,  845,  194, 1079,  376,  815,  636,  932,  593,  605,  748,  154,  750,  445, 1105, 1035,  829,  647, 1051,  950,  794,  383,  817, 1150,  964,  835,  161, 1198,  759,  264,  321,  584, 1281,    0,  708,  667,  989,   62,  779,  390,  689,  585,  380,  667, 1066,  364, 1025, 1066,  709,  319,  830,  600, 1071, 1122,  804,  708,  254, 1113,  567,  863],
        [   53,    0,  812,   95,  755,  580,  795,  621,  449,  353,  367,  133,  462,  267,  252,  461,  273,  677,  635,  256,  345,  599,  734,  325,  325,  923,   80,  354,  747,  708,  542,  310,  312,  213,  606,  389,  546,  504,  186,  436,  119,  108,  152,  561,  184,  266,  472,  524,  478,  243,  595,  880,  803,  328,  110,  742,  323,  130,  551,  694,  848,  467,  389,  140,  672,  708,    0,  794,  291,  647,  805,  335,  413,  125,  330,  120,  665,  361,  549,  767,  759,  395,  174,  118,  369,  516,  360,  292,  456,  430,  143,  441],
