{
    "name": "random-20-24276",
    "comment": "size=20 seed=24276",
    "nodes": ["+0", "-0", "+1", "-1", "+2", "-2", "+3", "-3", "+4", "-4", "+5", "-5", "+6", "-6", "+7", "-7", "+8", "-8", "+9", "-9", "+10", "-10", "+11", "-11", "+12", "-12", "+13", "-13", "+14", "-14", "+15", "-15", "+16", "-16", "+17", "-17", "+18", "-18", "+19", "-19", "+20", "-20"],
    "precedence": {
        "+0": "-0",
        "+1": "-1",
        "+2": "-2",
        "+3": "-3",
        "+4": "-4",
        "+5": "-5",
        "+6": "-6",
        "+7": "-7",
        "+8": "-8",
        "+9": "-9",
        "+10": "-10",
        "+11": "-11",
        "+12": "-12",
        "+13": "-13",
        "+14": "-14",
        "+15": "-15",
        "+16": "-16",
        "+17": "-17",
        "+18": "-18",
        "+19": "-19",
        "+20": "-20"
    },
    "edges": [
        [    0,    0,  916,  470,  600,  399,  243,  931,  405,  642,  199,  373,  234,  792,  632,  485,  682,  606,  511,  967,  634,  740,  569,  438,  719,  219,  765,  801,  787,  814,  876,  600,  604,  703,  581,  438,  694,  623,  237,  210,  738,  329],
        [    0,    0,  916,  470,  600,  399,  243,  931,  405,  642,  199,  373,  234,  792,  632,  485,  682,  606,  511,  967,  634,  740,  569,  438,  719,  219,  765,  801,  787,  814,  876,  600,  604,  703,  581,  438,  694,  623,  237,  210,  738,  329],
        [  916,  916,    0,  556,  690,  549,  687,  309,  666,  279, 1079,  568,  686,  192,  783,  431,  259,  323,  673,  366,  805,  178,  881,  504,  379,  873,  909,  876,  136,  340,  543,  645,  751,  648,  387,  959,  516,  315, 1095,  929,  617,  592],
        [  470,  470,  556,    0,  682,  353,  239,  714,  111,  296,  667,  341,  266,  521,  766,  253,  421,  360,  149,  769,  781,  389,  785,  342,  570,  343,  926,  931,  464,  635,  797,  652,  726,  280,  411,  751,  640,  386,  700,  594,  738,  286],
        [  600,  600,  690,  682,    0,  332,  547,  506,  723,  555,  643,  348,  512,  499,   97,  451,  453,  432,  821,  509,  118,  590,  199,  343,  317,  736,  250,  249,  568,  393,  327,   46,   62,  952,  343,  334,  193,  420,  629,  454,  159,  415],
        [  399,  399,  549,  353,  332,    0,  243,  533,  394,  309,  537,   28,  215,  400,  413,  153,  296,  226,  490,  570,  429,  389,  442,   45,  324,  453,  574,  580,  414,  418,  511,  305,  374,  627,  183,  448,  331,  237,  549,  381,  410,   96],
        [  243,  243,  687,  239,  547,  243,    0,  749,  208,  409,  434,  217,   38,  585,  613,  266,  473,  397,  321,  794,  623,  510,  600,  264,  555,  214,  769,  788,  565,  643,  753,  530,  576,  501,  397,  534,  573,  418,  465,  358,  648,  148],
        [  931,  931,  309,  714,  506,  533,  749,    0,  811,  426, 1052,  559,  732,  198,  583,  494,  294,  363,  856,   61,  606,  361,  704,  496,  220,  961,  674,  629,  282,  123,  257,  466,  562,  887,  355,  828,  315,  338, 1055,  874,  382,  614],
        [  405,  405,  666,  111,  723,  394,  208,  811,    0,  402,  603,  375,  244,  622,  799,  330,  517,  451,  114,  864,  811,  497,  800,  395,  653,  244,  958,  970,  571,  725,  874,  698,  760,  301,  490,  741,  707,  477,  640,  559,  798,  309],
        [  642,  642,  279,  296,  555,  309,  409,  426,  402,    0,  815,  321,  410,  229,  650,  166,  145,  125,  433,  483,  671,  101,  717,  267,  328,  595,  801,  787,  169,  365,  556,  513,  612,  472,  213,  753,  438,  143,  835,  680,  548,  327],
        [  199,  199, 1079,  667,  643,  537,  434, 1052,  603,  815,    0,  515,  418,  937,  646,  651,  832,  760,  707, 1080,  640,  909,  549,  581,  834,  399,  748,  796,  946,  931,  954,  657,  628,  900,  718,  381,  779,  773,   48,  190,  797,  489],
        [  373,  373,  568,  341,  348,   28,  217,  559,  375,  321,  515,    0,  189,  423,  427,  160,  318,  246,  475,  597,  441,  405,  448,   67,  351,  427,  587,  596,  434,  445,  537,  323,  388,  618,  208,  443,  357,  259,  528,  363,  433,   71],
        [  234,  234,  686,  266,  512,  215,   38,  732,  244,  410,  418,  189,    0,  574,  576,  258,  462,  386,  357,  775,  586,  509,  563,  241,  533,  239,  732,  751,  560,  623,  725,  496,  540,  534,  378,  498,  545,  406,  446,  329,  616,  122],
        [  792,  792,  192,  521,  499,  400,  585,  198,  622,  229,  937,  423,  574,    0,  591,  321,  113,  189,  661,  257,  614,  167,  691,  357,  188,  790,  718,  687,   96,  167,  375,  454,  560,  691,  221,  779,  325,  169,  947,  773,  428,  464],
        [  632,  632,  783,  766,   97,  413,  613,  583,  799,  650,  646,  427,  576,  591,    0,  541,  549,  527,  901,  579,   24,  686,  131,  430,  407,  789,  161,  176,  663,  476,  376,  141,   40, 1039,  439,  298,  275,  516,  626,  462,  210,  490],
        [  485,  485,  431,  253,  451,  153,  266,  494,  330,  166,  651,  160,  258,  321,  541,    0,  208,  133,  401,  543,  559,  258,  587,  118,  324,  471,  700,  697,  303,  398,  546,  415,  502,  506,  161,  600,  389,  156,  670,  515,  489,  163],
        [  682,  682,  259,  421,  453,  296,  473,  294,  517,  145,  832,  318,  462,  113,  549,  208,    0,   77,  565,  349,  571,  139,  635,  252,  187,  678,  691,  669,  125,  221,  412,  409,  514,  616,  128,  701,  309,   59,  844,  674,  419,  353],
        [  606,  606,  323,  360,  432,  226,  397,  363,  451,  125,  760,  246,  386,  189,  527,  133,   77,    0,  507,  414,  548,  171,  600,  182,  217,  603,  677,  662,  188,  276,  447,  389,  490,  578,   89,  650,  316,   27,  774,  606,  425,  278],
        [  511,  511,  673,  149,  821,  490,  321,  856,  114,  433,  707,  475,  357,  661,  901,  401,  565,  507,    0,  912,  914,  516,  908,  484,  719,  328, 1061, 1069,  596,  781,  946,  793,  861,  194,  560,  854,  788,  533,  747,  672,  885,  412],
        [  967,  967,  366,  769,  509,  570,  794,   61,  864,  483, 1080,  597,  775,  257,  579,  543,  349,  414,  912,    0,  601,  421,  704,  536,  249, 1006,  656,  607,  343,  153,  228,  471,  561,  947,  397,  838,  321,  389, 1080,  898,  371,  655],
        [  634,  634,  805,  781,  118,  429,  623,  606,  811,  671,  640,  441,  586,  614,   24,  559,  571,  548,  914,  601,    0,  708,  113,  447,  430,  795,  147,  169,  686,  499,  396,  163,   59, 1055,  460,  285,  298,  537,  618,  458,  231,  503],
        [  740,  740,  178,  389,  590,  389,  510,  361,  497,  101,  909,  405,  509,  167,  686,  258,  139,  171,  516,  421,  708,    0,  767,  344,  318,  696,  829,  807,   82,  328,  532,  546,  650,  527,  253,  821,  446,  174,  927,  766,  556,  420],
        [  569,  569,  881,  785,  199,  442,  600,  704,  800,  717,  549,  448,  563,  691,  131,  587,  635,  600,  908,  704,  113,  767,    0,  470,  514,  750,  200,  248,  755,  592,  506,  242,  143, 1063,  514,  178,  391,  593,  523,  377,  338,  500],
        [  438,  438,  504,  342,  343,   45,  264,  496,  395,  267,  581,   67,  241,  357,  430,  118,  252,  182,  484,  536,  447,  344,  470,    0,  293,  478,  590,  591,  369,  384,  491,  311,  390,  610,  143,  487,  316,  193,  594,  425,  404,  120],
        [  719,  719,  379,  570,  317,  324,  555,  220,  653,  328,  834,  351,  533,  188,  407,  324,  187,  217,  719,  249,  430,  318,  514,  293,    0,  769,  530,  500,  272,   98,  231,  273,  377,  793,  165,  620,  137,  192,  836,  655,  242,  412],
        [  219,  219,  873,  343,  736,  453,  214,  961,  244,  595,  399,  427,  239,  790,  789,  471,  678,  603,  328, 1006,  795,  696,  750,  478,  769,    0,  936,  963,  760,  856,  963,  725,  755,  518,  610,  642,  783,  626,  443,  422,  850,  360],
        [  765,  765,  909,  926,  250,  574,  769,  674,  958,  801,  748,  587,  732,  718,  161,  700,  691,  677, 1061,  656,  147,  829,  200,  590,  530,  936,    0,   64,  798,  582,  433,  289,  201, 1199,  589,  371,  394,  663,  720,  576,  297,  650],
        [  801,  801,  876,  931,  249,  580,  788,  629,  970,  787,  796,  596,  751,  687,  176,  697,  669,  662, 1069,  607,  169,  807,  248,  591,  500,  963,   64,    0,  770,  543,  381,  282,  212, 1200,  575,  424,  364,  646,  770,  620,  260,  661],
        [  787,  787,  136,  464,  568,  414,  565,  282,  571,  169,  946,  434,  560,   96,  663,  303,  125,  188,  596,  343,  686,   82,  755,  369,  272,  760,  798,  770,    0,  262,  470,  523,  629,  608,  253,  826,  407,  180,  961,  794,  513,  461],
        [  814,  814,  340,  635,  393,  418,  643,  123,  725,  365,  931,  445,  623,  167,  476,  398,  221,  276,  781,  153,  499,  328,  592,  384,   98,  856,  582,  543,  262,    0,  209,  351,  451,  837,  247,  709,  202,  250,  933,  752,  286,  503],
        [  876,  876,  543,  797,  327,  511,  753,  257,  874,  556,  954,  537,  725,  375,  376,  546,  412,  447,  946,  228,  396,  532,  506,  491,  231,  963,  433,  381,  470,  209,    0,  301,  367, 1023,  386,  660,  184,  422,  945,  765,  170,  606],
        [  600,  600,  645,  652,   46,  305,  530,  466,  698,  513,  657,  323,  496,  454,  141,  415,  409,  389,  793,  471,  163,  546,  242,  311,  273,  725,  289,  282,  523,  351,  301,    0,  107,  919,  300,  368,  152,  377,  646,  468,  141,  392],
        [  604,  604,  751,  726,   62,  374,  576,  562,  760,  612,  628,  388,  540,  560,   40,  502,  514,  490,  861,  561,   59,  650,  143,  390,  377,  755,  201,  212,  629,  451,  367,  107,    0,  999,  401,  295,  250,  479,  610,  442,  198,  451],
        [  703,  703,  648,  280,  952,  627,  501,  887,  301,  472,  900,  618,  534,  691, 1039,  506,  616,  578,  194,  947, 1055,  527, 1063,  610,  793,  518, 1199, 1200,  608,  837, 1023,  919,  999,    0,  650, 1027,  886,  602,  939,  858,  991,  565],
        [  581,  581,  387,  411,  343,  183,  397,  355,  490,  213,  718,  208,  378,  221,  439,  161,  128,   89,  560,  397,  460,  253,  514,  143,  165,  610,  589,  575,  253,  247,  386,  300,  401,  650,    0,  574,  237,   80,  727,  553,  343,  259],
        [  438,  438,  959,  751,  334,  448,  534,  828,  741,  753,  381,  443,  498,  779,  298,  600,  701,  650,  854,  838,  285,  821,  178,  487,  620,  642,  371,  424,  826,  709,  660,  368,  295, 1027,  574,    0,  517,  650,  351,  230,  491,  473],
        [  694,  694,  516,  640,  193,  331,  573,  315,  707,  438,  779,  357,  545,  325,  275,  389,  309,  316,  788,  321,  298,  446,  391,  316,  137,  783,  394,  364,  407,  202,  184,  152,  250,  886,  237,  517,    0,  296,  774,  592,  111,  426],
        [  623,  623,  315,  386,  420,  237,  418,  338,  477,  143,  773,  259,  406,  169,  516,  156,   59,   27,  533,  389,  537,  174,  593,  193,  192,  626,  663,  646,  180,  250,  422,  377,  479,  602,   80,  650,  296,    0,  786,  616,  406,  295],
        [  237,  237, 1095,  700,  629,  549,  465, 1055,  640,  835,   48,  528,  446,  947,  626,  670,  844,  774,  747, 1080,  618,  927,  523,  594,  836,  443,  720,  770,  961,  933,  945,  646,  610,  939,  727,  351,  774,  786,    0,  183,  785,  508],
        [  210,  210,  929,  594,  454,  381,  358,  874,  559,  680,  190,  363,  329,  773,  462,  515,  674,  606,  672,  898,  458,  766,  377,  425,  655,  422,  576,  620,  794,  752,  765,  468,  442,  858,  553,  230,  592,  616,  183,    0,  608,  357],
        [  738,  738,  617,  738,  159,  410,  648,  382,  798,  548,  797,  433,  616,  428,  210,  489,  419,  425,  885,  371,  231,  556,  338,  404,  242,  850,  297,  260,  513,  286,  170,  141,  198,  991,  343,  491,  111,  406,  785,  608,    0,  504],
        [  329,  329,  592,  286,  415,   96,  148,  614,  309,  327,  489,   71,  122,  464,  490,  163,  353,  278,  412,  655,  503,  420,  500,  120,  412,  360,  650,  661,  461,  503,  606,  392,  451,  565,  259,  473,  426,  295,  508,  357,  504,    0]
    ]
}
