{
    "name": "random-89-1992",
    "comment": "size=89 seed=1992",
    "nodes": ["+0", "-0", "+1", "-1", "+2", "-2", "+3", "-3", "+4", "-4", "+5", "-5", "+6", "-6", "+7", "-7", "+8", "-8", "+9", "-9", "+10", "-10", "+11", "-11", "+12", "-12", "+13", "-13", "+14", "-14", "+15", "-15", "+16", "-16", "+17", "-17", "+18", "-18", "+19", "-19", "+20", "-20", "+21", "-21", "+22", "-22", "+23", "-23", "+24", "-24", "+25", "-25", "+26", "-26", "+27", "-27", "+28", "-28", "+29", "-29", "+30", "-30", "+31", "-31", "+32", "-32", "+33", "-33", "+34", "-34", "+35", "-35", "+36", "-36", "+37", "-37", "+38", "-38", "+39", "-39", "+40", "-40", "+41", "-41", "+42", "-42", "+43", "-43", "+44", "-44", "+45", "-45", "+46", "-46", "+47", "-47", "+48", "-48", "+49", "-49", "+50", "-50", "+51", "-51", "+52", "-52", "+53", "-53", "+54", "-54", "+55", "-55", "+56", "-56", "+57", "-57", "+58", "-58", "+59", "-59", "+60", "-60", "+61", "-61", "+62", "-62", "+63", "-63", "+64", "-64", "+65", "-65", "+66", "-66", "+67", "-67", "+68", "-68", "+69", "-69", "+70", "-70", "+71", "-71", "+72", "-72", "+73", "-73", "+74", "-74", "+75", "-75", "+76", "-76", "+77", "-77", "+78", "-78", "+79", "-79", "+80", "-80", "+81", "-81", "+82", "-82", "+83", "-83", "+84", "-84", "+85", "-85", "+86", "-86", "+87", "-87", "+88", "-88", "+89", "-89"],
    "precedence": {
        "+0": "-0",
        "+1": "-1",
        "+2": "-2",
        "+3": "-3",
        "+4": "-4",
        "+5": "-5",
        "+6": "-6",
        "+7": "-7",
        "+8": "-8",
        "+9": "-9",
        "+10": "-10",
        "+11": "-11",
        "+12": "-12",
        "+13": "-13",
        "+14": "-14",
        "+15": "-15",
        "+16": "-16",
        "+17": "-17",
        "+18": "-18",
        "+19": "-19",
        "+20": "-20",
        "+21": "-21",
        "+22": "-22",
        "+23": "-23",
        "+24": "-24",
        "+25": "-25",
        "+26": "-26",
        "+27": "-27",
        "+28": "-28",
        "+29": "-29",
        "+30": "-30",
        "+31": "-31",
        "+32": "-32",
        "+33": "-33",
        "+34": "-34",
        "+35": "-35",
        "+36": "-36",
        "+37": "-37",
        "+38": "-38",
        "+39": "-39",
        "+40": "-40",
        "+41": "-41",
        "+42": "-42",
        "+43": "-43",
        "+44": "-44",
        "+45": "-45",
        "+46": "-46",
        "+47": "-47",
        "+48": "-48",
        "+49": "-49",
        "+50": "-50",
        "+51": "-51",
        "+52": "-52",
        "+53": "-53",
        "+54": "-54",
        "+55": "-55",
        "+56": "-56",
        "+57": "-57",
        "+58": "-58",
        "+59": "-59",
        "+60": "-60",
        "+61": "-61",
        "+62": "-62",
        "+63": "-63",
        "+64": "-64",
        "+65": "-65",
        "+66": "-66",
        "+67": "-67",
        "+68": "-68",
        "+69": "-69",
        "+70": "-70",
        "+71": "-71",
        "+72": "-72",
        "+73": "-73",
        "+74": "-74",
        "+75": "-75",
        "+76": "-76",
        "+77": "-77",
        "+78": "-78",
        "+79": "-79",
        "+80": "-80",
        "+81": "-81",
        "+82": "-82",
        "+83": "-83",
        "+84": "-84",
        "+85": "-85",
        "+86": "-86",
        "+87": "-87",
        "+88": "-88",
        "+89": "-89"
    },
    "edges": [
        [    0,    0,  510,  271,  396,  334,  318,  106,  450,  448,  380,  388,  404,  286,  441,  414,  584,  529,  410,  558,  400,  424,  563,  378,  583,  127,  244,  654,  490,  616,  222,  472,  309,  348,  493,  298,  184,  484,  552,  400,  507,  590,  521,  377,  326,  296,  271,  231,  477,  327,  363,  450,  520,  306,  544,  506,  389,  503,  563,  365,  343,  627,  450,  356,  521,  387,  452,  622,  273,  358,  622,  373,  559,  232,   76,  393,  314,   38,  286,  237,  676,  475,  412,  495,  514,  224,  408,  669,  194,  295,  475,   39,  589,  369,  326,  479,  432,  280,  206,  132,  403,  402,  405,  373,  270,  544,  278,  257,  164,  264,  695,  170,  468,  237,  356,  461,  416,  401,  393,  442,  536,  457,  397,  572,  522,  252,  507,  575,  442,  544,  521,  357,  390,  454,  539,  466,  398,  417,  375,  317,   98,  331,  447,  160,  173,  394,  539,   51,  483,  293,  322,  292,  431,  385,  594,  573,  444,  582,  507,  515,  252,  186,  419,  541,  593,  560,  569,  438,  553,  203,  172,  348,  434,  180,  364,  515,  362,  397,  571,  509],
        [    0,    0,    0,    0,    0,    0,    0,    0,    0,    0,    0,    0,    0,    0,    0,    0,    0,    0,    0,    0,    0,    0,    0,    0,    0,    0,    0,    0,    0,    0,    0,    0,    0,    0,    0,    0,    0,    0,    0,    0,    0,    0,    0,    0,    0,    0,    0,    0,    0,    0,    0,    0,    0,    0,    0,    0,    0,    0,    0,    0,    0,    0,    0,    0,    0,    0,    0,    0,    0,    0,    0,    0,    0,    0,    0,    0,    0,    0,    0,    0,    0,    0,    0,    0,    0,    0,    0,    0,    0,    0,    0,    0,    0,    0,    0,    0,    0,    0,    0,    0,    0,    0,    0,    0,    0,    0,    0,    0,    0,    0,    0,    0,    0,    0,    0,    0,    0,    0,    0,    0,    0,    0,    0,    0,    0,    0,    0,    0,    0,    0,    0,    0,    0,    0,    0,    0,    0,    0,    0,    0,    0,    0,    0,    0,    0,    0,    0,    0,    0,    0,    0,    0,    0,    0,    0,    0,    0,    0,    0,    0,    0,    0,    0,    0,    0,    0,    0,    0,    0,    0,    0,    0,    0,    0,    0,    0,    0,    0,    0,    0],
        [  510,    0,    0,  631,  490,  728,  197,  549,  939,  859,  846,  328,  254,  796,  911,  501,  691,  297,  909,  676,  895,  735,  880,  500,  173,  631,  287,  196,  139,  599,  379,  462,  250,  491,  687,  709,  501,  824,  105,  877,  593,  848,  640,  578,  828,  433,  615,  588,  670,  613,  616,  856,  838,  587,  258, 1002,  666,  142,  606,  771,  850,  577,  825,  718,  338,  896,  957,  902,  583,  526,  623,  776,  727,  336,  534,  329,  764,  478,  552,  742,  223,  281,  917,  847,  610,  302,  863,  193,  422,  777,  565,  474,  739,  561,  719,  870,  938,  299,  508,  476,  657,  393,  711,  866,  276,  763,  735,  765,  485,  376,  225,  578,  446,  406,  606,  859,  488,  813,  398,   76,  498,  724,  845,   76,  259,  701,  568,  872,  266,  729,  483,  200,  415,  544,  854,  683,  619,  832,  879,  666,  443,  328,  810,  670,  430,  690,  846,  554,  118,  802,  832,  672,  280,  523, 1090,  887,  811,  662,  391,  883,  263,  625,  484,   56,  564,  556,   64,  382,  712,  398,  390,  400,  884,  689,  559,  647,  573,  894,   62,  381],
        [  271,    0,  631,    0,  254,  566,  479,  166,  565,  229,  546,  627,  620,  363,  306,  265,  359,  507,  510,  334,  510,  676,  803,  229,  756,  314,  352,  812,  550,  445,  253,  732,  382,  208,  248,   88,  136,  220,  627,  284,  313,  844,  306,  647,  432,  221,  531,   47,  746,  593,  630,  658,  762,  574,  751,  425,  651,  561,  375,  141,  340,  470,  201,   94,  476,  388,  415,  869,  539,  189,  440,  594,  313,  464,  196,  632,  512,  297,  555,  363,  838,  462,  388,  727,  312,  344,  248,  818,  455,  220,  744,  273,  346,  640,  560,  694,  496,  333,  476,  182,  150,  654,  660,  306,  478,  807,  152,  290,  434,  259,  848,  102,  726,  495,  624,  230,  681,  183,  317,  556,  403,  717,  580,  705,  519,  126,  328,  821,  442,  812,  394,  547,  647,  723,  781,  733,  166,  624,  463,   47,  240,  570,  191,  269,  434,  652,  783,  237,  555,  377,  378,   42,  655,  654,  506,  813,  675,  370,  751,  738,  388,  108,  282,  677,  434,  398,  676,  686,  312,  458,  420,  604,  265,  285,  635,  786,  632,  338,  691,  440],
        [  396,    0,  490,  254,    0,  729,  411,  325,  794,  446,  753,  617,  581,  595,  553,   20,  222,  277,  742,  202,  739,  814,  957,   26,  648,  496,  290,  685,  372,  221,  205,  752,  268,   52,  198,  339,  220,  367,  449,  535,  126,  976,  161,  734,  659,  106,  659,  241,  842,  706,  735,  842,  913,  681,  684,  677,  770,  378,  172,  374,  589,  235,  390,  301,  238,  638,  669, 1012,  653,   67,  227,  767,  240,  477,  341,  622,  700,  399,  653,  578,  712,  246,  640,  890,  139,  297,  493,  682,  513,  472,  801,  372,  258,  722,  721,  872,  738,  231,  571,  265,  189,  665,  793,  560,  458,  920,  405,  528,  525,  168,  713,  290,  741,  540,  727,  434,  724,  410,   94,  421,  153,  840,  779,  565,  301,  377,  116,  967,  240,  911,  142,  490,  669,  777,  932,  837,  145,  808,  697,  260,  308,  570,  369,  478,  498,  780,  931,  393,  385,  608,  617,  290,  621,  718,  755,  967,  839,  206,  738,  910,  331,  331,   29,  544,  200,  165,  516,  686,  227,  503,  463,  628,  505,  499,  717,  862,  721,  591,  542,  194],
        [  334,    0,  728,  566,  729,    0,  541,  416,  280,  661,  165,  456,  517,  301,  578,  747,  909,  836,  287,  883,  267,  131,  238,  710,  726,  252,  534,  805,  759,  949,  547,  432,  603,  680,  808,  552,  513,  744,  802,  537,  837,  289,  848,  235,  260,  629,  116,  538,  265,  151,  181,  130,  198,  166,  636,  565,  156,  772,  895,  603,  401,  960,  692,  629,  836,  411,  483,  305,  153,  688,  954,   49,  875,  394,  393,  459,   97,  336,  193,  248,  819,  783,  449,  163,  843,  515,  581,  831,  308,  457,  353,  360,  907,  245,   10,  150,  346,  587,  221,  465,  713,  418,  128,  476,  454,  281,  492,  353,  250,  591,  848,  472,  439,  325,  185,  684,  355,  624,  723,  680,  868,  189,  138,  767,  821,  485,  839,  257,  748,  308,  853,  531,  391,  347,  216,  239,  717,  104,  295,  605,  426,  422,  699,  307,  303,  135,  219,  342,  745,  292,  328,  569,  519,  295,  632,  248,  112,  910,  517,  182,  521,  459,  752,  737,  926,  893,  791,  457,  871,  332,  347,  373,  606,  299,  243,  335,  226,  480,  779,  832],
        [  318,    0,  197,  479,  411,  541,    0,  369,  742,  703,  651,  220,  172,  601,  736,  428,  632,  344,  712,  612,  698,  563,  712,  412,  279,  435,  132,  343,  226,  582,  237,  364,  147,  393,  595,  547,  344,  690,  262,  699,  533,  695,  572,  422,  632,  323,  431,  433,  525,  440,  450,  670,  669,  412,  279,  818,  498,  238,  565,  614,  659,  573,  679,  572,  365,  704,  768,  744,  402,  425,  601,  589,  647,  150,  350,  224,  570,  283,  377,  546,  366,  300,  728,  670,  548,  137,  693,  355,  234,  597,  443,  282,  667,  406,  532,  686,  742,  181,  321,  306,  541,  279,  539,  682,   92,  616,  561,  574,  293,  255,  382,  408,  351,  227,  440,  708,  361,  655,  339,  140,  479,  562,  652,  255,  316,  529,  515,  709,  268,  591,  462,   80,  292,  419,  687,  532,  511,  644,  683,  520,  262,  188,  668,  477,  239,  519,  680,  363,  209,  607,  638,  517,  211,  379,  906,  720,  631,  612,  332,  704,   92,  452,  417,  224,  549,  529,  259,  289,  635,  211,  196,  261,  716,  496,  403,  519,  414,  709,  256,  387],
        [  106,    0,  549,  166,  325,  416,  369,    0,  476,  352,  429,  479,  484,  286,  368,  342,  493,  507,  428,  467,  422,  518,  652,  303,  646,  173,  263,  711,  501,  543,  198,  573,  317,  274,  395,  198,  106,  379,  571,  331,  424,  686,  432,  482,  342,  239,  369,  128,  581,  429,  466,  522,  609,  409,  621,  454,  489,  514,  483,  266,  311,  559,  348,  251,  491,  360,  414,  714,  375,  276,  545,  450,  461,  317,   31,  484,  378,  135,  390,  257,  735,  456,  376,  579,  429,  248,  326,  723,  295,  230,  580,  114,  493,  475,  410,  554,  434,  275,  311,   82,  302,  499,  501,  318,  343,  645,  194,  232,  269,  231,  751,   65,  568,  336,  460,  363,  519,  304,  345,  475,  474,  556,  455,  617,  508,  163,  429,  667,  426,  647,  461,  423,  489,  559,  628,  569,  302,  488,  386,  211,  107,  422,  344,  159,  274,  492,  629,   76,  499,  296,  315,  187,  515,  490,  542,  662,  527,  495,  601,  595,  287,   88,  351,  587,  523,  489,  603,  534,  457,  300,  265,  447,  351,  180,  470,  621,  467,  347,  610,  469],
        [  450,    0,  939,  565,  794,  280,  742,  476,    0,  555,  116,  712,  763,  202,  427,  809,  922,  975,   58,  897,   56,  388,  411,  770,  970,  323,  692, 1048,  937, 1004,  663,  708,  758,  742,  806,  510,  579,  671,  994,  397,  875,  499,  870,  514,  136,  714,  378,  559,  537,  428,  460,  233,  394,  439,  893,  357,  432,  950,  937,  534,  255, 1025,  610,  589,  963,  230,  278,  486,  417,  737, 1001,  250,  867,  611,  468,  716,  196,  474,  459,  220, 1065,  922,  261,  336,  876,  672,  458, 1070,  529,  370,  632,  487,  900,  523,  285,  266,  106,  728,  455,  552,  709,  684,  396,  331,  668,  528,  433,  276,  463,  701, 1091,  505,  714,  560,  464,  583,  631,  535,  820,  878,  945,  449,  149,  990,  970,  446,  887,  444,  890,  566,  933,  756,  659,  626,  403,  509,  730,  218,  106,  589,  543,  669,  625,  318,  516,  408,  415,  424,  928,  189,  192,  548,  773,  572,  400,  418,  306,  934,  788,  315,  695,  467,  821,  959,  989,  953, 1001,  725,  869,  553,  552,  634,  476,  297,  520,  609,  504,  316,  996,  944],
        [  448,    0,  859,  229,  446,  661,  703,  352,  555,    0,  583,  831,  834,  379,  148,  450,  450,  718,  498,  430,  507,  786,  888,  423,  981,  430,  579, 1040,  776,  582,  481,  919,  610,  411,  333,  157,  361,  131,  854,  162,  452,  949,  421,  801,  446,  443,  663,  272,  887,  731,  772,  718,  853,  719,  969,  277,  781,  786,  507,   90,  301,  616,   71,  149,  682,  329,  312,  961,  683,  382,  567,  674,  375,  669,  380,  836,  581,  482,  709,  416, 1065,  678,  306,  807,  443,  569,   99, 1046,  641,  205,  912,  464,  404,  798,  658,  757,  458,  561,  640,  399,  268,  849,  777,  225,  691,  931,  177,  312,  604,  487, 1076,  299,  916,  684,  768,   29,  860,   49,  526,  784,  574,  838,  626,  933,  735,  197,  478,  913,  662,  947,  571,  767,  837,  893,  870,  869,  311,  687,  452,  198,  450,  773,   94,  362,  620,  774,  876,  401,  782,  393,  371,  188,  866,  823,  336,  898,  758,  476,  952,  807,  613,  265,  471,  905,  583,  551,  904,  885,  384,  650,  616,  795,   88,  365,  793,  939,  786,  246,  920,  639],
        [  380,    0,  846,  546,  753,  165,  651,  429,  116,  583,    0,  603,  658,  204,  473,  770,  904,  908,  130,  878,  110,  278,  323,  731,  866,  260,  615,  944,  856,  970,  601,  593,  683,  702,  793,  508,  534,  686,  908,  437,  847,  404,  848,  399,  139,  664,  265,  531,  424,  313,  345,  142,  299,  325,  785,  432,  318,  869,  907,  544,  291,  987,  628,  587,  900,  284,  349,  400,  304,  702,  971,  138,  857,  513,  415,  606,   85,  397,  346,  184,  960,  854,  321,  243,  849,  595,  492,  968,  429,  382,  517,  415,  890,  408,  170,  181,  192,  658,  350,  497,  695,  572,  283,  371,  572,  422,  435,  276,  363,  642,  987,  470,  600,  456,  349,  609,  516,  555,  767,  789,  902,  339,   46,  893,  899,  440,  855,  354,  821,  457,  888,  657,  547,  511,  311,  396,  710,  118,  152,  577,  477,  562,  640,  280,  418,  295,  321,  365,  845,  191,  215,  538,  665,  457,  489,  332,  204,  912,  675,  232,  612,  441,  779,  862,  952,  917,  909,  613,  857,  453,  456,  524,  513,  262,  405,  496,  389,  365,  901,  887],
        [  388,    0,  328,  627,  617,  456,  220,  479,  712,  831,  603,    0,   75,  625,  827,  635,  839,  557,  698,  817,  680,  428,  565,  613,  275,  464,  328,  354,  420,  800,  422,  146,  363,  590,  787,  676,  498,  846,  426,  786,  742,  525,  777,  262,  632,  519,  342,  580,  345,  316,  307,  575,  526,  294,  182,  881,  357,  430,  778,  744,  707,  792,  823,  720,  582,  743,  815,  579,  303,  619,  818,  502,  845,  163,  451,    6,  519,  352,  264,  560,  365,  517,  774,  544,  755,  322,  796,  381,  204,  681,  239,  367,  868,  245,  448,  579,  742,  389,  259,  446,  720,   66,  405,  752,  161,  437,  666,  624,  264,  452,  395,  536,  132,  163,  299,  841,  161,  783,  553,  314,  697,  407,  589,  340,  527,  638,  727,  553,  486,  402,  680,  150,   88,  217,  541,  360,  697,  557,  682,  672,  387,   58,  816,  526,  224,  384,  531,  439,  399,  626,  663,  658,   64,  201,  965,  571,  516,  821,  126,  582,  287,  566,  626,  315,  768,  746,  385,   70,  834,  188,  217,   84,  822,  539,  244,  320,  260,  772,  361,  606],
        [  404,    0,  254,  620,  581,  517,  172,  484,  763,  834,  658,   75,    0,  661,  844,  598,  803,  495,  745,  782,  728,  499,  638,  580,  210,  495,  295,  289,  352,  752,  397,  212,  318,  560,  760,  677,  487,  838,  353,  804,  704,  599,  742,  334,  674,  489,  402,  574,  419,  383,  378,  639,  598,  359,  140,  907,  428,  361,  736,  746,  737,  741,  820,  714,  523,  776,  846,  654,  365,  591,  771,  564,  815,  173,  459,   76,  573,  367,  328,  598,  304,  458,  805,  614,  719,  294,  808,  314,  239,  698,  312,  377,  836,  317,  508,  646,  786,  351,  309,  440,  701,  140,  475,  775,  144,  512,  676,  652,  304,  421,  332,  536,  197,  204,  369,  842,  235,  786,  510,  245,  649,  480,  647,  265,  463,  646,  687,  627,  429,  477,  631,   94,  163,  291,  613,  435,  674,  620,  725,  664,  384,   96,  811,  553,  256,  454,  604,  455,  330,  663,  699,  655,   40,  275,  993,  644,  584,  783,  162,  652,  253,  572,  588,  240,  719,  700,  310,  132,  803,  218,  236,  155,  833,  568,  316,  394,  332,  797,  286,  551],
        [  286,    0,  796,  363,  595,  301,  601,  286,  202,  379,  204,  625,  661,    0,  279,  610,  721,  792,  148,  695,  148,  431,  514,  571,  856,  168,  526,  930,  773,  803,  481,  661,  589,  544,  605,  312,  385,  484,  837,  240,  674,  583,  668,  495,   71,  521,  343,  358,  556,  411,  451,  340,  482,  408,  799,  273,  444,  786,  735,  342,  101,  825,  425,  391,  776,  122,  196,  589,  376,  537,  800,  304,  667,  492,  284,  629,  211,  318,  413,   66,  950,  740,  157,  433,  674,  508,  290,  948,  423,  179,  616,  324,  700,  497,  301,  379,  150,  553,  374,  366,  508,  615,  427,  176,  542,  581,  236,   76,  361,  515,  972,  306,  663,  463,  450,  406,  588,  351,  628,  728,  747,  489,  247,  855,  791,  246,  686,  541,  710,  605,  735,  631,  594,  603,  498,  532,  528,  310,  102,  388,  368,  573,  437,  131,  405,  429,  505,  248,  767,   15,   39,  347,  679,  537,  350,  524,  386,  732,  724,  429,  538,  266,  623,  824,  789,  753,  855,  656,  669,  443,  429,  560,  313,  110,  493,  619,  481,  180,  856,  753],
        [  441,    0,  911,  306,  553,  578,  736,  368,  427,  148,  473,  827,  844,  279,    0,  561,  590,  812,  372,  568,  384,  708,  792,  528, 1013,  381,  624, 1078,  846,  714,  539,  895,  668,  511,  471,  218,  416,  278,  922,   43,  581,  862,  556,  752,  336,  526,  604,  337,  825,  674,  715,  614,  761,  666,  983,  132,  715,  858,  639,  183,  184,  745,  217,  259,  781,  197,  167,  867,  631,  487,  702,  582,  518,  672,  389,  832,  489,  478,  663,  332, 1102,  767,  168,  710,  574,  611,   62, 1089,  627,  147,  869,  467,  548,  751,  577,  653,  325,  621,  605,  435,  393,  834,  702,  104,  706,  857,  177,  230,  578,  555, 1117,  334,  894,  670,  712,  176,  828,  156,  622,  836,  693,  764,  519,  981,  824,  210,  603,  819,  746,  879,  687,  789,  818,  853,  776,  804,  432,  586,  330,  294,  475,  771,  238,  311,  606,  703,  783,  390,  849,  290,  260,  266,  871,  784,  203,  801,  664,  614,  942,  704,  652,  287,  580,  952,  711,  677,  962,  873,  526,  640,  612,  778,   61,  306,  747,  884,  737,  111,  973,  743],
        [  414,    0,  501,  265,   20,  747,  428,  342,  809,  450,  770,  635,  598,  610,  561,    0,  205,  279,  757,  185,  754,  833,  976,   39,  661,  513,  308,  697,  381,  203,  224,  770,  284,   68,  188,  348,  238,  366,  457,  544,  108,  995,  145,  753,  674,  126,  678,  254,  861,  725,  755,  860,  932,  700,  699,  686,  789,  387,  153,  380,  602,  218,  392,  306,  238,  650,  680, 1031,  672,   77,  208,  785,  227,  496,  359,  639,  718,  418,  672,  594,  723,  251,  652,  909,  121,  315,  500,  693,  532,  484,  820,  391,  243,  741,  740,  891,  752,  248,  590,  283,  189,  683,  812,  571,  476,  939,  416,  542,  544,  187,  724,  305,  759,  559,  746,  437,  743,  416,  104,  434,  139,  859,  796,  576,  304,  389,   97,  986,  247,  930,  130,  507,  687,  796,  951,  857,  144,  826,  712,  267,  327,  588,  371,  494,  517,  799,  950,  411,  395,  623,  631,  299,  637,  737,  763,  986,  858,  188,  755,  928,  349,  345,   22,  555,  182,  148,  525,  704,  213,  522,  482,  647,  511,  515,  736,  881,  740,  602,  552,  191],
        [  584,    0,  691,  359,  222,  909,  632,  493,  922,  450,  904,  839,  803,  721,  590,  205,    0,  427,  866,   27,  868, 1007, 1144,  227,  857,  662,  512,  886,  560,  156,  423,  972,  487,  253,  121,  416,  401,  327,  632,  588,  100, 1173,   65,  944,  790,  323,  854,  375, 1050,  907,  940, 1011, 1101,  884,  901,  722,  970,  564,   97,  414,  685,  195,  380,  344,  380,  729,  739, 1205,  853,  232,  133,  942,   80,  696,  518,  843,  865,  596,  858,  721,  912,  418,  720, 1072,   85,  518,  530,  878,  725,  562, 1018,  568,   64,  932,  903, 1045,  847,  453,  776,  456,  214,  886,  989,  634,  679, 1124,  494,  647,  730,  389,  909,  440,  962,  755,  932,  427,  942,  435,  299,  628,  212, 1040,  937,  763,  462,  477,  123, 1158,  427, 1119,  222,  711,  889,  994, 1120, 1043,  195,  977,  819,  334,  509,  791,  357,  626,  709,  977, 1121,  568,  578,  735,  733,  375,  842,  933,  785, 1154, 1020,   37,  960, 1087,  553,  464,  216,  746,  174,  158,  707,  908,   67,  718,  678,  848,  531,  643,  927, 1075,  930,  662,  737,  328],
        [  529,    0,  297,  507,  277,  836,  344,  507,  975,  718,  908,  557,  495,  792,  812,  279,  427,    0,  931,  419,  922,  885, 1036,  298,  469,  653,  303,  480,  159,  311,  313,  703,  235,  307,  459,  594,  415,  644,  214,  788,  340, 1029,  389,  759,  845,  288,  739,  478,  865,  763,  781,  962,  991,  736,  547,  928,  826,  156,  334,  640,  812,  285,  665,  570,   48,  862,  906, 1075,  718,  338,  337,  881,  481,  478,  509,  560,  838,  512,  702,  757,  505,   54,  872,  984,  357,  322,  754,  467,  550,  708,  786,  493,  485,  744,  827,  986,  941,  251,  632,  427,  466,  620,  862,  800,  430,  955,  648,  737,  592,  277,  497,  502,  688,  557,  771,  709,  704,  679,  192,  259,  218,  893,  922,  359,   39,  616,  310, 1037,   88,  932,  206,  408,  634,  762, 1010,  870,  422,  932,  891,  524,  433,  531,  645,  662,  545,  844, 1005,  552,  181,  802,  821,  547,  532,  721, 1011, 1044,  938,  394,  654, 1013,  321,  552,  258,  350,  277,  276,  294,  624,  465,  530,  501,  604,  769,  685,  740,  862,  750,  832,  329,  100],
        [  410,    0,  909,  510,  742,  287,  712,  428,   58,  498,  130,  698,  745,  148,  372,  757,  866,  931,    0,  841,   21,  406,  447,  718,  949,  284,  653, 1026,  900,  951,  619,  705,  719,  691,  749,  454,  530,  614,  959,  341,  821,  531,  815,  517,   86,  665,  373,  506,  551,  430,  465,  266,  425,  437,  878,  311,  442,  913,  883,  476,  198,  972,  552,  531,  917,  175,  229,  523,  411,  684,  947,  266,  810,  587,  423,  701,  194,  437,  453,  175, 1044,  878,  208,  369,  821,  634,  401, 1047,  508,  313,  637,  448,  844,  524,  291,  302,   63,  686,  439,  506,  653,  675,  411,  275,  642,  552,  376,  220,  442,  656, 1069,  453,  710,  541,  467,  526,  628,  478,  772,  845,  894,  468,  173,  963,  927,  390,  833,  479,  846,  586,  882,  730,  650,  629,  437,  524,  675,  245,   49,  533,  500,  651,  567,  270,  493,  420,  447,  380,  892,  135,  135,  492,  757,  571,  362,  455,  333,  879,  781,  352,  659,  413,  770,  931,  936,  901,  970,  716,  813,  530,  525,  623,  420,  248,  521,  621,  505,  261,  967,  896],
        [  558,    0,  676,  334,  202,  883,  612,  467,  897,  430,  878,  817,  782,  695,  568,  185,   27,  419,  841,    0,  842,  981, 1118,  205,  841,  636,  490,  872,  548,  165,  400,  950,  468,  229,   98,  391,  375,  310,  621,  565,   84, 1147,   41,  919,  764,  300,  829,  349, 1025,  882,  914,  985, 1075,  859,  883,  700,  945,  552,   97,  391,  661,  203,  360,  320,  373,  705,  716, 1179,  828,  207,  144,  916,   70,  673,  491,  822,  839,  570,  833,  695,  898,  407,  696, 1046,   67,  496,  508,  865,  701,  537,  994,  543,   66,  908,  877, 1019,  823,  432,  751,  430,  188,  864,  963,  610,  658, 1098,  469,  621,  705,  366,  896,  414,  939,  732,  907,  407,  919,  413,  282,  613,  207, 1014,  911,  750,  452,  452,  111, 1132,  414, 1094,  215,  691,  866,  970, 1094, 1018,  169,  951,  793,  309,  483,  769,  337,  600,  685,  951, 1095,  542,  565,  709,  708,  350,  822,  908,  765, 1128,  994,   47,  938, 1061,  532,  438,  198,  731,  178,  157,  694,  886,   54,  694,  653,  825,  510,  617,  903, 1051,  905,  639,  724,  320],
        [  400,    0,  895,  510,  739,  267,  698,  422,   56,  507,  110,  680,  728,  148,  384,  754,  868,  922,   21,  842,    0,  386,  428,  715,  933,  273,  642, 1010,  888,  949,  611,  685,  708,  688,  752,  457,  525,  621,  947,  352,  820,  511,  815,  496,   81,  660,  353,  504,  530,  409,  445,  247,  406,  417,  860,  328,  422,  901,  882,  482,  207,  970,  560,  535,  910,  188,  245,  504,  392,  682,  946,  246,  813,  571,  415,  684,  174,  425,  433,  167, 1028,  870,  223,  350,  821,  623,  412, 1031,  491,  318,  617,  437,  847,  504,  271,  283,   83,  677,  422,  499,  655,  656,  390,  285,  627,  531,  380,  222,  425,  648, 1053,  450,  691,  524,  447,  535,  609,  486,  766,  832,  891,  447,  153,  948,  918,  392,  832,  460,  838,  566,  878,  715,  632,  609,  418,  503,  676,  225,   56,  535,  491,  634,  574,  264,  477,  400,  428,  372,  880,  134,  140,  494,  740,  551,  381,  436,  313,  880,  762,  334,  647,  412,  766,  917,  934,  898,  957,  697,  815,  514,  510,  604,  430,  242,  500,  601,  485,  274,  952,  890],
        [  424,    0,  735,  676,  814,  131,  563,  518,  388,  786,  278,  428,  499,  431,  708,  833, 1007,  885,  406,  981,  386,    0,  151,  798,  702,  367,  586,  780,  789, 1033,  620,  364,  652,  768,  913,  671,  607,  864,  820,  667,  929,  168,  944,  171,  388,  710,  155,  644,  151,  124,  122,  174,  107,  152,  598,  693,   72,  801,  983,  725,  531, 1040,  815,  745,  892,  540,  611,  199,  168,  780, 1040,  141,  979,  415,  492,  430,  224,  416,  187,  377,  790,  834,  578,  116,  936,  568,  709,  809,  336,  584,  264,  442, 1010,  186,  131,  163,  468,  646,  255,  554,  819,  377,   25,  606,  472,  151,  615,  482,  297,  663,  822,  578,  376,  337,  131,  809,  293,  748,  795,  698,  945,   62,  239,  762,  866,  606,  928,  155,  799,  181,  929,  536,  349,  266,  125,  122,  819,  174,  420,  718,  507,  410,  820,  428,  340,   46,  121,  443,  772,  422,  458,  684,  491,  236,  759,  160,   99, 1005,  459,  156,  565,  572,  835,  734, 1007,  976,  797,  410,  974,  357,  385,  345,  734,  423,  186,  224,  170,  610,  779,  895],
        [  563,    0,  880,  803,  957,  238,  712,  652,  411,  888,  323,  565,  638,  514,  792,  976, 1144, 1036,  447, 1118,  428,  151,    0,  940,  835,  490,  736,  912,  938, 1177,  767,  478,  802,  910, 1045,  787,  746,  978,  967,  753, 1070,   97, 1082,  304,  457,  855,  302,  775,  237,  274,  265,  182,   45,  302,  725,  754,  215,  950, 1126,  836,  609, 1186,  924,  865, 1043,  607,  671,   77,  318,  920, 1184,  215, 1111,  565,  627,  566,  307,  559,  336,  472,  920,  985,  644,   82, 1076,  718,  803,  941,  487,  684,  365,  586, 1143,  321,  243,  146,  509,  795,  405,  695,  950,  508,  175,  688,  621,  168,  725,  577,  447,  810,  952,  709,  492,  486,  274,  913,  416,  854,  942,  845, 1092,  159,  278,  902, 1016,  720, 1070,   35,  949,  218, 1076,  681,  481,  376,   26,  213,  953,  207,  475,  842,  651,  552,  932,  543,  491,  194,   34,  576,  921,  502,  533,  806,  626,  366,  808,   10,  131, 1144,  575,   96,  715,  696,  979,  876, 1152, 1120,  941,  536, 1108,  508,  535,  484,  826,  532,  323,  299,  307,  686,  921, 1045],
        [  378,    0,  500,  229,   26,  710,  412,  303,  770,  423,  731,  613,  580,  571,  528,   39,  227,  298,  718,  205,  715,  798,  940,    0,  655,  475,  287,  695,  386,  241,  197,  746,  271,   30,  188,  314,  199,  347,  464,  510,  135,  961,  164,  722,  635,   96,  643,  216,  829,  692,  722,  822,  896,  667,  687,  652,  756,  393,  186,  349,  564,  257,  368,  277,  261,  613,  644,  996,  638,   42,  245,  747,  237,  470,  321,  618,  680,  382,  639,  555,  721,  264,  615,  872,  146,  292,  468,  692,  501,  447,  792,  356,  257,  710,  703,  853,  713,  231,  557,  246,  169,  660,  778,  535,  454,  906,  380,  504,  511,  162,  724,  266,  735,  530,  714,  412,  716,  386,  111,  430,  177,  825,  758,  575,  320,  352,  131,  951,  256,  899,  167,  490,  662,  768,  915,  824,  126,  788,  673,  235,  292,  565,  347,  455,  486,  764,  914,  373,  398,  584,  593,  265,  620,  708,  730,  950,  821,  215,  735,  891,  329,  307,   54,  553,  221,  186,  529,  682,  224,  493,  453,  621,  480,  476,  705,  852,  708,  566,  554,  217],
        [  583,    0,  173,  756,  648,  726,  279,  646,  970,  981,  866,  275,  210,  856, 1013,  661,  857,  469,  949,  841,  933,  702,  835,  655,    0,  688,  404,   80,  312,  770,  507,  371,  389,  643,  843,  825,  621,  962,  266,  975,  758,  786,  803,  534,  876,  578,  611,  710,  606,  590,  581,  848,  797,  567,  121, 1089,  630,  314,  775,  891,  924,  749,  955,  847,  510,  967, 1034,  843,  574,  677,  794,  773,  888,  365,  625,  273,  782,  547,  536,  796,   96,  453,  993,  818,  775,  412,  970,  107,  442,  871,  486,  551,  902,  517,  718,  853,  987,  436,  517,  584,  803,  328,  679,  954,  315,  696,  839,  839,  508,  515,  122,  687,  355,  411,  573,  984,  421,  933,  560,  229,  669,  677,  856,  120,  431,  807,  734,  821,  435,  655,  653,  227,  355,  469,  811,  626,  768,  829,  927,  795,  539,  305,  942,  740,  457,  658,  801,  632,  290,  859,  894,  794,  212,  470, 1176,  841,  790,  830,  280,  857,  368,  729,  645,  120,  736,  726,  190,  301,  873,  419,  428,  359,  994,  757,  517,  566,  533,  979,  153,  553],
        [  127,    0,  631,  314,  496,  252,  435,  173,  323,  430,  260,  464,  495,  168,  381,  513,  662,  653,  284,  636,  273,  367,  490,  475,  688,    0,  370,  762,  617,  715,  343,  516,  436,  446,  558,  304,  276,  498,  677,  339,  596,  534,  602,  375,  200,  405,  234,  288,  458,  302,  343,  350,  449,  291,  634,  418,  353,  630,  655,  361,  244,  730,  451,  379,  643,  281,  353,  556,  255,  448,  717,  281,  624,  325,  156,  468,  206,  155,  284,  112,  783,  600,  311,  413,  600,  351,  365,  780,  260,  239,  489,  165,  656,  373,  247,  384,  308,  406,  225,  238,  462,  460,  354,  294,  374,  506,  254,  162,  202,  383,  804,  223,  516,  301,  339,  450,  448,  388,  508,  565,  644,  414,  283,  689,  648,  241,  601,  508,  568,  518,  630,  463,  442,  473,  467,  440,  468,  316,  250,  354,  221,  410,  455,   71,  241,  349,  470,  106,  609,  173,  206,  318,  515,  403,  503,  500,  362,  666,  570,  426,  377,  207,  522,  657,  695,  661,  691,  501,  621,  278,  261,  405,  392,   78,  368,  511,  360,  311,  690,  628],
        [  244,    0,  287,  352,  290,  534,  132,  263,  692,  579,  615,  328,  295,  526,  624,  308,  512,  303,  653,  490,  642,  586,  736,  287,  404,  370,    0,  461,  247,  481,  106,  464,   69,  265,  466,  425,  218,  560,  312,  590,  415,  736,  450,  473,  569,  194,  437,  307,  581,  466,  487,  661,  691,  439,  411,  716,  530,  260,  453,  490,  570,  478,  551,  444,  307,  617,  675,  780,  418,  296,  496,  580,  521,  196,  251,  332,  541,  219,  406,  480,  486,  250,  636,  682,  428,   21,  577,  469,  254,  492,  522,  206,  543,  458,  525,  684,  674,   65,  332,  189,  410,  377,  563,  581,  169,  667,  448,  486,  291,  126,  498,  291,  453,  269,  478,  582,  443,  532,  232,  213,  382,  598,  625,  358,  288,  415,  400,  739,  215,  650,  364,  208,  382,  498,  710,  582,  380,  631,  618,  391,  161,  282,  539,  396,  247,  546,  706,  279,  241,  534,  561,  392,  334,  445,  804,  745,  636,  494,  449,  711,   43,  338,  300,  329,  450,  425,  340,  397,  509,  237,  203,  344,  599,  418,  454,  590,  462,  610,  349,  312],
        [  654,    0,  196,  812,  685,  805,  343,  711, 1048, 1040,  944,  354,  289,  930, 1078,  697,  886,  480, 1026,  872, 1010,  780,  912,  695,   80,  762,  461,    0,  328,  788,  561,  443,  437,  685,  882,  885,  679, 1013,  267, 1041,  789,  861,  835,  612,  952,  624,  690,  768,  682,  669,  660,  927,  875,  646,  191, 1158,  709,  327,  799,  950,  996,  763, 1010,  902,  524, 1039, 1106,  918,  653,  720,  813,  852,  922,  440,  692,  352,  860,  618,  615,  871,   27,  472, 1065,  896,  805,  471, 1034,   33,  519,  938,  559,  620,  935,  595,  797,  932, 1063,  485,  595,  646,  849,  405,  757, 1023,  389,  770,  903,  910,  585,  564,   43,  749,  428,  489,  651, 1042,  497,  992,  594,  266,  689,  754,  935,  123,  441,  870,  763,  897,  459,  728,  674,  300,  433,  543,  889,  702,  812,  908, 1003,  850,  604,  384,  996,  812,  534,  736,  878,  702,  309,  934,  968,  852,  290,  548, 1246,  918,  869,  857,  350,  935,  428,  793,  679,  142,  754,  747,  187,  377,  908,  496,  503,  437, 1057,  830,  595,  639,  611, 1049,  152,  571],
        [  490,    0,  139,  550,  372,  759,  226,  501,  937,  776,  856,  420,  352,  773,  846,  381,  560,  159,  900,  548,  888,  789,  938,  386,  312,  617,  247,  328,    0,  461,  310,  564,  185,  383,  568,  634,  432,  725,   79,  816,  465,  920,  513,  647,  815,  336,  653,  512,  747,  665,  676,  889,  894,  637,  390,  949,  724,   14,  472,  691,  812,  439,  734,  630,  199,  860,  914,  970,  626,  418,  486,  807,  602,  374,  494,  423,  779,  464,  603,  727,  354,  145,  877,  895,  482,  266,  793,  319,  456,  724,  656,  452,  612,  630,  750,  907,  920,  228,  543,  422,  551,  485,  765,  816,  318,  840,  673,  730,  510,  292,  350,  516,  548,  453,  666,  772,  575,  732,  278,  108,  362,  788,  863,  206,  121,  639,  438,  935,  135,  811,  347,  273,  503,  633,  912,  756,  510,  861,  865,  579,  406,  404,  717,  642,  458,  745,  906,  525,   24,  781,  806,  592,  387,  600, 1036,  946,  853,  530,  506,  927,  244,  566,  361,  193,  427,  420,  147,  484,  587,  434,  413,  479,  812,  664,  627,  735,  639,  845,  178,  244],
        [  616,    0,  599,  445,  221,  949,  582,  543, 1004,  582,  970,  800,  752,  803,  714,  203,  156,  311,  951,  165,  949, 1033, 1177,  241,  770,  715,  481,  788,  461,    0,  416,  942,  438,  271,  252,  518,  440,  469,  524,  706,  135, 1194,  162,  945,  869,  323,  878,  445, 1053,  923,  950, 1062, 1133,  897,  832,  845,  987,  462,   76,  533,  784,   40,  515,  458,  265,  831,  851, 1231,  870,  269,   28,  987,  233,  676,  561,  804,  920,  618,  868,  792,  814,  318,  828, 1111,  141,  493,  653,  776,  723,  662, 1003,  592,  220,  932,  942, 1093,  941,  417,  787,  485,  322,  855, 1012,  743,  647, 1135,  593,  733,  741,  374,  806,  502,  929,  746,  942,  562,  923,  560,  250,  546,  105, 1057,  997,  666,  348,  570,  118, 1187,  337, 1123,  122,  659,  862,  979, 1152, 1051,  287, 1028,  904,  433,  527,  759,  491,  693,  710,  998, 1151,  613,  482,  816,  821,  472,  792,  924,  914, 1187, 1060,  120,  914, 1131,  518,  538,  198,  653,   35,   58,  603,  870,  218,  710,  672,  824,  658,  713,  927, 1069,  932,  773,  637,  218],
        [  222,    0,  379,  253,  205,  547,  237,  198,  663,  481,  601,  422,  397,  481,  539,  224,  423,  313,  619,  400,  611,  620,  767,  197,  507,  343,  106,  561,  310,  416,    0,  551,  131,  171,  366,  331,  124,  455,  383,  508,  330,  779,  359,  530,  533,  101,  466,  210,  638,  507,  534,  669,  722,  481,  515,  640,  572,  321,  376,  392,  508,  421,  450,  342,  301,  557,  608,  818,  455,  198,  427,  590,  424,  274,  197,  427,  536,  213,  452,  445,  586,  260,  571,  705,  342,  104,  487,  566,  308,  415,  596,  189,  448,  518,  539,  696,  630,   83,  371,  117,  305,  465,  598,  507,  262,  719,  364,  429,  325,   44,  596,  207,  541,  335,  526,  482,  520,  435,  176,  303,  326,  642,  619,  453,  311,  330,  321,  774,  229,  708,  310,  312,  467,  573,  741,  635,  278,  636,  579,  289,  125,  371,  436,  351,  295,  583,  739,  240,  310,  491,  511,  294,  435,  513,  727,  776,  656,  410,  546,  729,  146,  257,  222,  425,  389,  359,  425,  489,  413,  298,  258,  425,  508,  373,  513,  657,  517,  537,  440,  288],
        [  472,    0,  462,  732,  752,  432,  364,  573,  708,  919,  593,  146,  212,  661,  895,  770,  972,  703,  705,  950,  685,  364,  478,  746,  371,  516,  464,  443,  564,  942,  551,    0,  505,  721,  913,  769,  611,  951,  564,  853,  877,  420,  909,  200,  653,  650,  333,  687,  242,  281,  255,  531,  445,  269,  253,  930,  296,  573,  916,  837,  753,  935,  920,  823,  728,  783,  857,  477,  294,  748,  958,  471,  973,  278,  544,  143,  513,  440,  253,  596,  448,  663,  817,  477,  890,  455,  872,  474,  279,  750,  117,  461,  998,  188,  425,  526,  758,  527,  292,  556,  839,   87,  344,  809,  296,  329,  747,  676,  318,  584,  481,  635,   17,  238,  249,  933,   78,  872,  693,  457,  839,  325,  569,  460,  672,  723,  864,  459,  631,  285,  822,  296,   86,  103,  457,  266,  820,  521,  699,  778,  495,  183,  916,  585,  301,  325,  445,  519,  541,  659,  698,  759,  182,  137, 1010,  483,  461,  957,   98,  517,  425,  657,  763,  439,  909,  887,  514,   81,  963,  275,  313,  129,  899,  594,  190,  196,  207,  826,  486,  751],
        [  309,    0,  250,  382,  268,  603,  147,  317,  758,  610,  683,  363,  318,  589,  668,  284,  487,  235,  719,  468,  708,  652,  802,  271,  389,  436,   69,  437,  185,  438,  131,  505,    0,  255,  457,  461,  254,  577,  256,  636,  388,  798,  428,  532,  634,  190,  505,  340,  639,  531,  550,  730,  757,  503,  417,  767,  594,  198,  419,  522,  627,  430,  576,  468,  242,  675,  730,  844,  484,  289,  455,  648,  507,  251,  309,  367,  610,  287,  469,  545,  463,  183,  692,  749,  403,   89,  617,  440,  317,  541,  573,  272,  525,  517,  594,  752,  737,   49,  398,  238,  414,  418,  628,  633,  212,  727,  493,  545,  358,  128,  471,  335,  492,  328,  540,  610,  492,  564,  193,  175,  335,  662,  694,  325,  219,  459,  370,  804,  148,  708,  318,  225,  427,  549,  776,  642,  380,  700,  682,  416,  221,  323,  561,  458,  312,  611,  771,  342,  183,  597,  622,  423,  358,  500,  854,  811,  704,  466,  478,  778,   89,  384,  271,  298,  405,  384,  295,  433,  494,  299,  268,  391,  638,  480,  513,  644,  522,  662,  310,  253],
