{
    "name": "random-43-23048",
    "comment": "size=43 seed=23048",
    "nodes": ["+0", "-0", "+1", "-1", "+2", "-2", "+3", "-3", "+4", "-4", "+5", "-5", "+6", "-6", "+7", "-7", "+8", "-8", "+9", "-9", "+10", "-10", "+11", "-11", "+12", "-12", "+13", "-13", "+14", "-14", "+15", "-15", "+16", "-16", "+17", "-17", "+18", "-18", "+19", "-19", "+20", "-20", "+21", "-21", "+22", "-22", "+23", "-23", "+24", "-24", "+25", "-25", "+26", "-26", "+27", "-27", "+28", "-28", "+29", "-29", "+30", "-30", "+31", "-31", "+32", "-32", "+33", "-33", "+34", "-34", "+35", "-35", "+36", "-36", "+37", "-37", "+38", "-38", "+39", "-39", "+40", "-40", "+41", "-41", "+42", "-42", "+43", "-43"],
    "precedence": {
        "+0": "-0",
        "+1": "-1",
        "+2": "-2",
        "+3": "-3",
        "+4": "-4",
        "+5": "-5",
        "+6": "-6",
        "+7": "-7",
        "+8": "-8",
        "+9": "-9",
        "+10": "-10",
        "+11": "-11",
        "+12": "-12",
        "+13": "-13",
        "+14": "-14",
        "+15": "-15",
        "+16": "-16",
        "+17": "-17",
        "+18": "-18",
        "+19": "-19",
        "+20": "-20",
        "+21": "-21",
        "+22": "-22",
        "+23": "-23",
        "+24": "-24",
        "+25": "-25",
        "+26": "-26",
        "+27": "-27",
        "+28": "-28",
        "+29": "-29",
        "+30": "-30",
        "+31": "-31",
        "+32": "-32",
        "+33": "-33",
        "+34": "-34",
        "+35": "-35",
        "+36": "-36",
        "+37": "-37",
        "+38": "-38",
        "+39": "-39",
        "+40": "-40",
        "+41": "-41",
        "+42": "-42",
        "+43": "-43"
    },
    "edges": [
        [    0,    0,  856,  714,  554,  291, 1005,  568,  453,  325,  801,  633,  708,  489,  358,  234,  286,  222, 1106,  238,  693,  909,  882,  874,  338,  591,  314,  189,  654,  215,  245,  140,   83,  570,  390,  723,  739,  538,  830,  701,  655, 1060,  859,  697,  890, 1065,  731,  725,  294,  736,  497,  530,  178,  295,  762,  206,  762,  708,  175,  657,  376,  149,  754,  731,  510,  511,  841,   91,  737,  539,  619,  559,  385,  725,  415,  894,  377,  852,  892,  218,  832,  768,  718,  540,  767,  594,  542,  481],
        [    0,    0,    0,    0,    0,    0,    0,    0,    0,    0,    0,    0,    0,    0,    0,    0,    0,    0,    0,    0,    0,    0,    0,    0,    0,    0,    0,    0,    0,    0,    0,    0,    0,    0,    0,    0,    0,    0,    0,    0,    0,    0,    0,    0,    0,    0,    0,    0,    0,    0,    0,    0,    0,    0,    0,    0,    0,    0,    0,    0,    0,    0,    0,    0,    0,    0,    0,    0,    0,    0,    0,    0,    0,    0,    0,    0,    0,    0,    0,    0,    0,    0,    0,    0,    0,    0,    0,    0],
        [  856,    0,    0,  647,  748,  896,  325,  311,  794,  764,  104,  528,  325,  643,  669,  965,  825,  667,  296,  656,  653,   56,  842,  508,  851,  581,  693, 1038,  332,  647,  681,  739,  776,  420,  786,  803,  627,  337,  457,  781,  283,  215,  628,  625,  158,  226,  690,  678,  753,  243,  528,  338, 1022,  561,  380, 1029,  697,  688,  755,  602,  636,  915,  356,  755,  830,  481,  647,  770,  120,  317,  655,  587,  537,  198,  483,  587,  592,   50,  580,  860,  131,  119,  811,  592,  322,  842,  648,  378],
        [  714,    0,  647,    0,  207,  530,  524,  626,  322,  881,  689,  140,  806,  226,  827,  645,  476,  690,  703,  496, 1046,  691,  221,  246,  455,  928,  813,  812,  765,  633,  474,  583,  674,  772,  367,  161,   37,  617,  247,  143,  387,  732,  159,   27,  790,  725, 1093, 1082,  432,  756,  812,  597,  790,  561,  889,  765,   62, 1079,  757,  988,  341,  655,  298,  109,  308,  280,  133,  639,  584,  524, 1001,  910,  385,  456,  668,  216,  355,  604,  217,  554,  527,  666,  171,  901,  846,  263,  946,  558],
        [  554,    0,  748,  207,    0,  331,  697,  636,  119,  778,  763,  236,  828,  124,  743,  448,  288,  586,  865,  373, 1012,  799,  328,  444,  256,  891,  719,  624,  779,  528,  338,  439,  532,  759,  174,  170,  242,  618,  431,  147,  466,  875,  365,  205,  870,  871, 1059, 1049,  261,  797,  771,  598,  602,  480,  910,  572,  231, 1042,  634,  957,  222,  471,  439,  182,  103,  281,  336,  493,  659,  538,  956,  868,  318,  552,  622,  422,  260,  713,  423,  368,  646,  734,  165,  854,  878,   96,  891,  547],
        [  291,    0,  896,  530,  331,    0,  949,  672,  213,  595,  873,  501,  851,  327,  601,  117,   72,  435, 1090,  270,  926,  951,  649,  744,   75,  811,  563,  300,  796,  391,  231,  248,  314,  737,  163,  487,  562,  645,  715,  470,  635, 1071,  688,  520,  976, 1072,  969,  961,  145,  853,  699,  629,  278,  410,  922,  244,  561,  948,  437,  880,  269,  159,  679,  510,  254,  440,  661,  277,  783,  602,  857,  781,  360,  721,  572,  738,  307,  876,  738,   76,  830,  839,  479,  764,  909,  337,  781,  571],
        [ 1005,    0,  325,  524,  697,  949,    0,  564,  784, 1005,  425,  465,  640,  633,  916, 1045,  879,  863,  188,  772,  965,  327,  657,  295,  886,  880,  929, 1164,  635,  826,  780,  870,  934,  707,  802,  680,  491,  581,  277,  666,  352,  254,  429,  511,  472,  240, 1004,  992,  811,  559,  805,  572, 1145,  731,  702, 1138,  551, 1000,  953,  911,  685, 1018,  271,  625,  797,  515,  459,  915,  377,  516,  957,  880,  627,  300,  717,  367,  657,  280,  361,  938,  227,  429,  691,  881,  644,  776,  938,  585],
        [  568,    0,  311,  626,  636,  672,  564,    0,  636,  456,  237,  486,  193,  513,  362,  716,  606,  364,  598,  406,  437,  358,  846,  606,  647,  331,  384,  755,  143,  354,  443,  469,  486,  158,  606,  751,  622,   30,  546,  724,  275,  525,  682,  600,  323,  535,  483,  471,  539,  181,  242,   44,  742,  281,  274,  758,  687,  472,  450,  379,  452,  652,  425,  717,  688,  363,  687,  488,  201,  102,  410,  324,  337,  274,  173,  670,  403,  323,  665,  620,  342,  205,  755,  322,  246,  729,  378,  102],
        [  453,    0,  794,  322,  119,  213,  784,  636,    0,  705,  794,  321,  827,  156,  682,  330,  175,  518,  942,  306,  975,  847,  439,  550,  139,  855,  653,  509,  775,  462,  264,  352,  442,  740,   63,  278,  356,  614,  530,  259,  514,  941,  481,  316,  901,  939, 1021, 1012,  166,  808,  734,  594,  487,  433,  906,  455,  349, 1002,  554,  922,  186,  357,  517,  298,   63,  313,  453,  402,  693,  545,  914,  828,  300,  602,  590,  535,  234,  764,  535,  254,  705,  763,  271,  813,  881,  142,  844,  538],
        [  325,    0,  764,  881,  778,  595, 1005,  456,  705,    0,  680,  763,  512,  676,   97,  558,  567,  194, 1053,  405,  387,  809, 1084,  968,  623,  308,   77,  477,  470,  252,  443,  359,  282,  370,  646,  941,  895,  433,  913,  915,  668,  979,  997,  858,  740,  989,  419,  415,  542,  570,  261,  437,  476,  322,  537,  516,  939,  396,  159,  363,  559,  472,  806,  932,  767,  616,  988,  320,  656,  490,  312,  277,  497,  705,  289, 1012,  532,  779, 1007,  520,  791,  652,  939,  259,  563,  843,  240,  420],
        [  801,    0,  104,  689,  763,  873,  425,  237,  794,  680,    0,  559,  222,  650,  583,  931,  803,  600,  396,  619,  549,  133,  895,  579,  835,  480,  611,  987,  232,  588,  649,  693,  719,  324,  778,  838,  672,  266,  524,  814,  305,  306,  690,  664,  108,  319,  586,  574,  732,  139,  435,  272,  972,  509,  278,  984,  743,  585,  686,  499,  624,  874,  412,  793,  836,  486,  706,  718,  106,  273,  553,  487,  516,  235,  408,  656,  577,  145,  650,  830,  213,   34,  845,  493,  220,  859,  549,  321],
        [  633,    0,  528,  140,  236,  501,  465,  486,  321,  763,  559,    0,  667,  175,  702,  608,  436,  576,  629,  401,  908,  576,  360,  247,  432,  791,  692,  756,  625,  521,  388,  496,  582,  633,  345,  280,  140,  477,  215,  255,  255,  640,  236,  114,  663,  636,  955,  944,  377,  620,  677,  457,  735,  441,  750,  718,  201,  942,  650,  850,  261,  600,  203,  237,  334,  149,  226,  550,  454,  385,  865,  774,  270,  332,  534,  262,  257,  489,  259,  506,  416,  534,  287,  765,  708,  324,  812,  420],
        [  708,    0,  325,  806,  828,  851,  640,  193,  827,  512,  222,  667,    0,  705,  418,  883,  788,  488,  616,  582,  328,  350, 1023,  751,  832,  265,  455,  896,   56,  497,  622,  630,  627,  145,  795,  937,  798,  214,  692,  911,  431,  520,  844,  780,  240,  534,  366,  354,  724,   83,  251,  233,  886,  446,   84,  908,  865,  363,  561,  279,  643,  812,  571,  901,  879,  552,  853,  639,  272,  291,  334,  278,  528,  397,  295,  822,  594,  362,  816,  793,  418,  212,  942,  288,   60,  921,  341,  290],
        [  489,    0,  643,  226,  124,  327,  633,  513,  156,  676,  650,  175,  705,    0,  633,  436,  264,  483,  787,  278,  892,  695,  409,  417,  258,  771,  613,  593,  656,  425,  251,  360,  452,  637,  171,  268,  251,  495,  389,  240,  361,  785,  375,  209,  757,  783,  939,  929,  211,  677,  651,  475,  571,  367,  787,  550,  275,  922,  542,  836,  120,  436,  364,  257,  188,  165,  354,  415,  546,  416,  838,  748,  198,  449,  502,  418,  146,  611,  417,  338,  550,  620,  267,  736,  756,  217,  774,  423],
        [  358,    0,  669,  827,  743,  601,  916,  362,  682,   97,  583,  702,  418,  633,    0,  582,  563,  169,  959,  377,  336,  713, 1036,  895,  618,  237,   46,  530,  374,  222,  419,  355,  297,  275,  627,  900,  837,  340,  838,  873,  585,  883,  933,  802,  644,  894,  374,  368,  526,  474,  169,  345,  526,  268,  448,  561,  886,  352,  184,  300,  521,  498,  728,  886,  745,  553,  927,  328,  562,  402,  262,  205,  444,  617,  199,  943,  488,  685,  938,  527,  699,  556,  899,  185,  470,  816,  185,  334],
        [  234,    0,  965,  645,  448,  117, 1045,  716,  330,  558,  931,  608,  883,  436,  582,    0,  172,  426, 1177,  313,  916, 1020,  765,  853,  192,  807,  539,  188,  827,  395,  285,  253,  286,  757,  278,  603,  676,  687,  822,  586,  718, 1150,  802,  635, 1031, 1152,  955,  949,  235,  895,  703,  673,  167,  439,  947,  128,  678,  933,  403,  875,  361,   86,  776,  627,  370,  531,  777,  258,  849,  658,  843,  776,  434,  801,  592,  851,  391,  949,  851,  108,  911,  897,  595,  757,  942,  452,  766,  617],
        [  286,    0,  825,  476,  288,   72,  879,  606,  175,  567,  803,  436,  788,  264,  563,  172,    0,  394, 1018,  210,  880,  880,  613,  681,   57,  763,  527,  338,  733,  346,  168,  210,  290,  678,  115,  451,  507,  580,  650,  432,  564,  999,  633,  465,  907, 1000,  924,  915,   73,  786,  647,  563,  316,  351,  861,  289,  513,  903,  410,  832,  197,  184,  610,  469,  227,  368,  608,  250,  712,  533,  812,  734,  289,  649,  515,  680,  235,  804,  680,   81,  759,  770,  445,  717,  846,  312,  738,  505],
        [  222,    0,  667,  690,  586,  435,  863,  364,  518,  194,  600,  576,  488,  483,  169,  426,  394,    0,  938,  214,  493,  718,  891,  793,  450,  382,  136,  409,  435,   59,  254,  187,  145,  350,  461,  748,  705,  335,  740,  722,  514,  879,  811,  667,  682,  886,  535,  528,  359,  522,  279,  331,  399,  140,  541,  426,  747,  514,   90,  450,  366,  345,  641,  739,  580,  431,  801,  168,  550,  359,  423,  351,  308,  567,  199,  830,  339,  671,  826,  362,  666,  568,  746,  333,  547,  654,  347,  292],
        [ 1106,    0,  296,  703,  865, 1090,  188,  598,  942, 1053,  396,  629,  616,  787,  959, 1177, 1018,  938,    0,  884,  941,  267,  844,  482, 1032,  876,  980, 1278,  627,  909,  900,  978, 1030,  715,  953,  862,  672,  621,  459,  846,  460,  110,  616,  689,  399,   92,  975,  964,  947,  534,  824,  618, 1260,  817,  659, 1259,  734,  976, 1028,  894,  821, 1140,  427,  807,  962,  651,  646, 1017,  397,  579,  948,  882,  746,  383,  767,  554,  787,  275,  548, 1069,  275,  415,  873,  888,  602,  948,  944,  647],
        [  238,    0,  656,  496,  373,  270,  772,  406,  306,  405,  619,  401,  582,  278,  377,  313,  210,  214,  884,    0,  678,  711,  686,  638,  259,  559,  349,  394,  526,  157,   45,  100,  182,  469,  252,  538,  517,  378,  593,  512,  427,  848,  632,  476,  718,  852,  723,  714,  155,  586,  441,  363,  376,  142,  653,  377,  550,  703,  264,  628,  159,  260,  517,  533,  368,  274,  617,  151,  538,  346,  613,  531,  147,  503,  306,  662,  145,  643,  659,  214,  612,  585,  535,  515,  640,  441,  542,  305],
        [  693,    0,  653, 1046, 1012,  926,  965,  437,  975,  387,  549,  908,  328,  892,  336,  916,  880,  493,  941,  678,    0,  675, 1266, 1043,  933,  122,  380,  860,  331,  536,  722,  679,  630,  280,  927, 1152, 1047,  437,  982, 1124,  712,  843, 1116, 1020,  552,  858,   48,   37,  833,  411,  242,  456,  858,  543,  287,  895, 1108,   37,  518,   59,  797,  832,  861, 1126, 1035,  769, 1119,  659,  590,  531,   76,  148,  695,  701,  391, 1107,  754,  689, 1101,  854,  740,  538, 1154,  164,  342, 1097,  152,  488],
        [  909,    0,   56,  691,  799,  951,  327,  358,  847,  809,  133,  576,  350,  695,  713, 1020,  880,  718,  267,  711,  675,    0,  881,  538,  906,  611,  739, 1092,  364,  700,  736,  793,  829,  456,  840,  848,  669,  385,  490,  826,  334,  174,  662,  669,  146,  186,  710,  698,  807,  268,  567,  388, 1076,  615,  395, 1084,  739,  710,  806,  628,  691,  969,  396,  799,  882,  534,  683,  823,  174,  371,  683,  619,  592,  248,  531,  617,  647,   88,  610,  915,  166,  158,  857,  626,  337,  892,  682,  430],
        [  882,    0,  842,  221,  328,  649,  657,  846,  439, 1084,  895,  360, 1023,  409, 1036,  765,  613,  891,  844,  686, 1266,  881,    0,  364,  576, 1147, 1019,  947,  984,  833,  656,  762,  855,  993,  499,  163,  226,  837,  397,  182,  599,  894,  230,  247,  992,  884, 1313, 1302,  589,  972, 1031,  817,  925,  769, 1106,  892,  160, 1298,  950, 1208,  528,  796,  487,  153,  396,  498,  201,  816,  792,  745, 1220, 1129,  593,  660,  885,  292,  552,  796,  298,  693,  715,  874,  171, 1119, 1062,  316, 1163,  778],
        [  874,    0,  508,  246,  444,  744,  295,  606,  550,  968,  579,  247,  751,  417,  895,  853,  681,  793,  482,  638, 1043,  538,  364,    0,  672,  936,  894, 1003,  725,  742,  630,  736,  818,  764,  583,  393,  210,  609,   61,  382,  332,  532,  135,  241,  664,  522, 1088, 1076,  623,  684,  834,  592,  981,  653,  829,  964,  261, 1078,  874,  984,  507,  847,  182,  338,  546,  368,  164,  789,  488,  518, 1013,  925,  497,  356,  707,   80,  498,  459,   73,  753,  377,  567,  405,  920,  777,  508,  973,  576],
        [  338,    0,  851,  455,  256,   75,  886,  647,  139,  623,  835,  432,  832,  258,  618,  192,   57,  450, 1032,  259,  933,  906,  576,  672,    0,  815,  583,  372,  777,  400,  216,  266,  346,  726,   90,  414,  488,  621,  646,  396,  583, 1018,  614,  446,  940, 1018,  977,  969,  109,  826,  699,  604,  350,  400,  906,  317,  486,  957,  466,  884,  216,  224,  615,  436,  183,  383,  587,  306,  741,  569,  866,  787,  320,  670,  564,  665,  260,  828,  665,  124,  778,  802,  406,  770,  889,  267,  793,  545],
        [  591,    0,  581,  928,  891,  811,  880,  331,  855,  308,  480,  791,  265,  771,  237,  807,  763,  382,  876,  559,  122,  611, 1147,  936,  815,    0,  282,  766,  250,  420,  603,  565,  523,  175,  807, 1032,  930,  327,  876, 1004,  605,  783, 1004,  902,  504,  797,  169,  158,  714,  344,  121,  345,  761,  422,  256,  795,  990,  152,  418,   69,  676,  725,  755, 1007,  915,  651, 1005,  550,  503,  420,   79,   33,  574,  602,  270,  997,  632,  612,  992,  741,  653,  463, 1033,   52,  298,  976,   82,  372],
        [  314,    0,  693,  813,  719,  563,  929,  384,  653,   77,  611,  692,  455,  613,   46,  539,  527,  136,  980,  349,  380,  739, 1019,  894,  583,  282,    0,  484,  409,  193,  390,  318,  255,  311,  597,  880,  826,  360,  838,  853,  592,  908,  925,  789,  677,  918,  418,  412,  494,  508,  210,  363,  480,  253,  489,  516,  872,  395,  139,  345,  499,  455,  731,  868,  716,  544,  917,  288,  584,  414,  306,  250,  429,  630,  214,  938,  468,  706,  934,  488,  717,  582,  878,  231,  509,  789,  229,  344],
        [  189,    0, 1038,  812,  624,  300, 1164,  755,  509,  477,  987,  756,  896,  593,  530,  188,  338,  409, 1278,  394,  860, 1092,  947, 1003,  372,  766,  484,    0,  842,  404,  384,  301,  271,  758,  451,  785,  841,  726,  965,  767,  820, 1237,  967,  799, 1077, 1242,  895,  890,  383,  925,  680,  716,   23,  479,  949,   66,  850,  872,  350,  829,  496,  157,  903,  805,  553,  655,  943,  269,  918,  721,  785,  734,  538,  896,  603, 1010,  513, 1030, 1009,  259, 1004,  953,  777,  715,  955,  637,  710,  666],
        [  654,    0,  332,  765,  779,  796,  635,  143,  775,  470,  232,  625,   56,  656,  374,  827,  733,  435,  627,  526,  331,  364,  984,  725,  777,  250,  409,  842,    0,  442,  566,  575,  573,  100,  741,  893,  759,  162,  665,  866,  398,  537,  811,  739,  272,  550,  372,  360,  669,  102,  212,  182,  832,  390,  132,  853,  825,  367,  509,  276,  590,  756,  543,  858,  828,  505,  819,  584,  260,  244,  324,  256,  475,  374,  240,  794,  541,  363,  787,  737,  410,  214,  897,  263,  115,  872,  318,  237],
        [  215,    0,  647,  633,  528,  391,  826,  354,  462,  252,  588,  521,  497,  425,  222,  395,  346,   59,  909,  157,  536,  700,  833,  742,  400,  420,  193,  404,  442,    0,  198,  146,  133,  365,  406,  690,  649,  324,  690,  663,  474,  855,  756,  611,  675,  862,  579,  571,  305,  522,  310,  316,  391,   95,  556,  412,  690,  558,  133,  489,  308,  318,  595,  681,  524,  378,  745,  142,  528,  333,  467,  390,  252,  533,  203,  777,  281,  647,  773,  321,  635,  554,  688,  373,  556,  597,  393,  270],
        [  245,    0,  681,  474,  338,  231,  780,  443,  264,  443,  649,  388,  622,  251,  419,  285,  168,  254,  900,   45,  722,  736,  656,  630,  216,  603,  390,  384,  566,  198,    0,  110,  201,  511,  209,  505,  497,  415,  588,  480,  441,  868,  616,  455,  750,  871,  767,  758,  111,  623,  485,  399,  365,  185,  694,  360,  525,  747,  297,  672,  133,  240,  520,  504,  327,  272,  598,  165,  565,  377,  657,  575,  155,  521,  349,  649,  133,  666,  647,  181,  631,  615,  502,  559,  679,  401,  585,  341],
        [  140,    0,  739,  583,  439,  248,  870,  469,  352,  359,  693,  496,  630,  360,  355,  253,  210,  187,  978,  100,  679,  793,  762,  736,  266,  565,  318,  301,  575,  146,  110,    0,   94,  504,  291,  608,  606,  440,  691,  583,  522,  937,  724,  564,  789,  941,  721,  713,  187,  646,  455,  428,  284,  189,  694,  292,  634,  700,  204,  634,  243,  183,  616,  610,  413,  372,  707,   56,  620,  424,  609,  534,  246,  596,  340,  757,  239,  730,  754,  176,  704,  660,  604,  517,  690,  493,  534,  373],
        [   83,    0,  776,  674,  532,  314,  934,  486,  442,  282,  719,  582,  627,  452,  297,  286,  290,  145, 1030,  182,  630,  829,  855,  818,  346,  523,  255,  271,  573,  133,  201,   94,    0,  491,  380,  701,  696,  456,  771,  677,  582,  981,  813,  655,  808,  986,  670,  663,  277,  654,  423,  448,  259,  215,  683,  282,  726,  648,  123,  590,  334,  203,  689,  703,  503,  451,  797,   41,  656,  459,  557,  491,  322,  649,  334,  843,  326,  772,  840,  238,  755,  686,  697,  473,  686,  584,  481,  400],
        [  570,    0,  420,  772,  759,  737,  707,  158,  740,  370,  324,  633,  145,  637,  275,  757,  678,  350,  715,  469,  280,  456,  993,  764,  726,  175,  311,  758,  100,  365,  511,  504,  491,    0,  701,  888,  771,  158,  704,  860,  432,  629,  837,  746,  372,  642,  326,  314,  619,  202,  113,  178,  748,  328,  192,  773,  834,  315,  418,  222,  556,  682,  582,  858,  797,  500,  841,  506,  332,  252,  254,  173,  445,  428,  166,  827,  509,  446,  822,  674,  481,  301,  891,  175,  201,  849,  232,  217],
        [  390,    0,  786,  367,  174,  163,  802,  606,   63,  646,  778,  345,  795,  171,  627,  278,  115,  461,  953,  252,  927,  840,  499,  583,   90,  807,  597,  451,  741,  406,  209,  291,  380,  701,    0,  338,  399,  582,  558,  318,  511,  944,  525,  358,  885,  943,  973,  963,  105,  782,  688,  563,  429,  385,  873,  400,  401,  953,  493,  875,  156,  298,  532,  355,  123,  309,  499,  340,  680,  520,  864,  780,  270,  599,  546,  576,  205,  759,  576,  195,  705,  746,  331,  764,  850,  205,  793,  506],
        [  723,    0,  803,  161,  170,  487,  680,  751,  278,  941,  838,  280,  937,  268,  900,  603,  451,  748,  862,  538, 1152,  848,  163,  393,  414, 1032,  880,  785,  893,  690,  505,  608,  701,  888,  338,    0,  191,  737,  404,   28,  534,  893,  277,  181,  942,  886, 1199, 1189,  430,  895,  912,  717,  763,  634, 1021,  730,  133, 1183,  801, 1095,  382,  634,  458,   56,  234,  389,  243,  662,  733,  649, 1101, 1011,  462,  609,  764,  344,  413,  761,  347,  531,  685,  813,   13,  999,  982,  158, 1039,  672],
        [  739,    0,  627,   37,  242,  562,  491,  622,  356,  895,  672,  140,  798,  251,  837,  676,  507,  705,  672,  517, 1047,  669,  226,  210,  488,  930,  826,  841,  759,  649,  497,  606,  696,  771,  399,  191,    0,  614,  214,  175,  374,  704,  127,   43,  772,  696, 1094, 1083,  460,  746,  816,  594,  819,  574,  881,  795,   71, 1080,  775,  988,  364,  684,  274,  136,  343,  286,  103,  661,  568,  521, 1004,  913,  399,  438,  673,  181,  373,  582,  182,  584,  504,  651,  201,  904,  837,  299,  951,  559],
        [  538,    0,  337,  617,  618,  645,  581,   30,  614,  433,  266,  477,  214,  495,  340,  687,  580,  335,  621,  378,  437,  385,  837,  609,  621,  327,  360,  726,  162,  324,  415,  440,  456,  158,  582,  737,  614,    0,  549,  710,  278,  551,  679,  590,  352,  560,  484,  472,  513,  209,  230,   21,  712,  252,  293,  728,  678,  472,  421,  379,  429,  622,  429,  705,  667,  349,  683,  459,  224,   94,  405,  318,  315,  287,  147,  671,  380,  347,  665,  592,  361,  233,  741,  314,  269,  711,  369,   77],
        [  830,    0,  457,  247,  431,  715,  277,  546,  530,  913,  524,  215,  692,  389,  838,  822,  650,  740,  459,  593,  982,  490,  397,   61,  646,  876,  838,  965,  665,  690,  588,  691,  771,  704,  558,  404,  214,  549,    0,  389,  272,  499,  173,  236,  612,  490, 1028, 1016,  589,  626,  774,  532,  944,  600,  770,  929,  276, 1018,  822,  924,  469,  811,  122,  349,  533,  320,  197,  743,  430,  459,  954,  866,  449,  297,  649,  133,  456,  408,  126,  719,  326,  510,  415,  861,  719,  504,  914,  517],
        [  701,    0,  781,  143,  147,  470,  666,  724,  259,  915,  814,  255,  911,  240,  873,  586,  432,  722,  846,  512, 1124,  826,  182,  382,  396, 1004,  853,  767,  866,  663,  480,  583,  677,  860,  318,   28,  175,  710,  389,    0,  509,  874,  271,  160,  918,  867, 1172, 1161,  408,  869,  885,  689,  745,  607,  994,  712,  125, 1156,  776, 1067,  356,  614,  437,   50,  220,  362,  238,  637,  708,  622, 1073,  983,  435,  586,  736,  337,  386,  739,  340,  512,  664,  789,   32,  971,  956,  148, 1012,  644],
        [  655,    0,  283,  387,  466,  635,  352,  275,  514,  668,  305,  255,  431,  361,  585,  718,  564,  514,  460,  427,  712,  334,  599,  332,  583,  605,  592,  820,  398,  474,  441,  522,  582,  432,  511,  534,  374,  278,  272,  509,    0,  436,  413,  362,  409,  437,  757,  745,  492,  374,  506,  262,  802,  379,  513,  800,  443,  747,  603,  653,  368,  681,  151,  490,  548,  203,  423,  565,  199,  190,  683,  595,  286,   89,  389,  397,  330,  250,  391,  611,  196,  280,  541,  591,  466,  561,  645,  254],
        [ 1060,    0,  215,  732,  875, 1071,  254,  525,  941,  979,  306,  640,  520,  785,  883, 1150,  999,  879,  110,  848,  843,  174,  894,  532, 1018,  783,  908, 1237,  537,  855,  868,  937,  981,  629,  944,  893,  704,  551,  499,  874,  436,    0,  665,  715,  294,   18,  875,  864,  927,  439,  740,  551, 1220,  766,  558, 1224,  770,  877,  967,  797,  804, 1107,  440,  839,  967,  636,  693,  972,  329,  523,  854,  792,  717,  350,  697,  609,  765,  209,  602, 1043,  241,  330,  903,  799,  502,  963,  854,  587],
        [  859,    0,  628,  159,  365,  688,  429,  682,  481,  997,  690,  236,  844,  375,  933,  802,  633,  811,  616,  632, 1116,  662,  230,  135,  614, 1004,  925,  967,  811,  756,  616,  724,  813,  837,  525,  277,  127,  679,  173,  271,  413,  665,    0,  169,  781,  655, 1163, 1151,  585,  783,  894,  661,  945,  675,  924,  921,  147, 1151,  885, 1058,  484,  810,  279,  223,  464,  382,   35,  780,  592,  586, 1080,  990,  505,  458,  757,   68,  488,  579,   73,  710,  498,  674,  289,  983,  876,  411, 1032,  634],
        [  697,    0,  625,   27,  205,  520,  511,  600,  316,  858,  664,  114,  780,  209,  802,  635,  465,  667,  689,  476, 1020,  669,  247,  241,  446,  902,  789,  799,  739,  611,  455,  564,  655,  746,  358,  181,   43,  590,  236,  160,  362,  715,  169,    0,  766,  708, 1067, 1056,  418,  731,  787,  570,  777,  537,  863,  753,   88, 1053,  735,  962,  322,  642,  278,  130,  307,  254,  145,  620,  559,  498,  975,  884,  362,  432,  642,  220,  333,  582,  220,  542,  505,  641,  190,  875,  820,  269,  921,  532],
        [  890,    0,  158,  790,  870,  976,  472,  323,  901,  740,  108,  663,  240,  757,  644, 1031,  907,  682,  399,  718,  552,  146,  992,  664,  940,  504,  677, 1077,  272,  675,  750,  789,  808,  372,  885,  942,  772,  352,  612,  918,  409,  294,  781,  766,    0,  310,  583,  572,  836,  171,  484,  362, 1064,  602,  266, 1079,  843,  585,  764,  509,  730,  971,  506,  895,  943,  593,  800,  810,  212,  375,  570,  518,  621,  334,  485,  743,  683,  208,  736,  931,  288,  139,  949,  528,  211,  965,  581,  416],
        [ 1065,    0,  226,  725,  871, 1072,  240,  535,  939,  989,  319,  636,  534,  783,  894, 1152, 1000,  886,   92,  852,  858,  186,  884,  522, 1018,  797,  918, 1242,  550,  862,  871,  941,  986,  642,  943,  886,  696,  560,  490,  867,  437,   18,  655,  708,  310,    0,  890,  879,  928,  453,  752,  559, 1225,  772,  573, 1228,  762,  892,  975,  811,  804, 1110,  435,  832,  964,  636,  683,  977,  337,  530,  868,  805,  719,  352,  707,  597,  766,  216,  591, 1045,  242,  342,  896,  812,  517,  959,  868,  595],
        [  731,    0,  690, 1093, 1059,  969, 1004,  483, 1021,  419,  586,  955,  366,  939,  374,  955,  924,  535,  975,  723,   48,  710, 1313, 1088,  977,  169,  418,  895,  372,  579,  767,  721,  670,  326,  973, 1199, 1094,  484, 1028, 1172,  757,  875, 1163, 1067,  583,  890,    0,   13,  878,  448,  289,  503,  893,  589,  318,  931, 1155,   24,  556,  106,  844,  872,  906, 1174, 1082,  817, 1166,  700,  631,  578,  113,  194,  742,  744,  438, 1153,  800,  727, 1147,  897,  780,  576, 1201,  209,  374, 1144,  190,  535],
        [  725,    0,  678, 1082, 1049,  961,  992,  471, 1012,  415,  574,  944,  354,  929,  368,  949,  915,  528,  964,  714,   37,  698, 1302, 1076,  969,  158,  412,  890,  360,  571,  758,  713,  663,  314,  963, 1189, 1083,  472, 1016, 1161,  745,  864, 1151, 1056,  572,  879,   13,    0,  869,  436,  279,  491,  888,  579,  307,  925, 1143,   23,  550,   95,  833,  865,  894, 1163, 1072,  805, 1154,  693,  619,  566,  106,  184,  732,  732,  427, 1141,  790,  716, 1135,  889,  768,  565, 1190,  200,  363, 1133,  183,  524],
        [  294,    0,  753,  432,  261,  145,  811,  539,  166,  542,  732,  377,  724,  211,  526,  235,   73,  359,  947,  155,  833,  807,  589,  623,  109,  714,  494,  383,  669,  305,  111,  187,  277,  619,  105,  430,  460,  513,  589,  408,  492,  927,  585,  418,  836,  928,  878,  869,    0,  719,  596,  496,  361,  295,  798,  341,  475,  858,  389,  783,  127,  226,  542,  439,  227,  298,  562,  237,  640,  463,  768,  686,  217,  577,  458,  628,  163,  732,  627,  130,  686,  698,  425,  669,  781,  307,  695,  438],
        [  736,    0,  243,  756,  797,  853,  559,  181,  808,  570,  139,  620,   83,  677,  474,  895,  786,  522,  534,  586,  411,  268,  972,  684,  826,  344,  508,  925,  102,  522,  623,  646,  654,  202,  782,  895,  746,  209,  626,  869,  374,  439,  783,  731,  171,  453,  448,  436,  719,    0,  314,  224,  913,  458,  147,  931,  815,  446,  601,  361,  627,  828,  506,  856,  857,  517,  794,  661,  198,  263,  415,  354,  513,  329,  324,  757,  578,  281,  751,  800,  339,  131,  901,  362,   94,  892,  417,  282],
        [  497,    0,  528,  812,  771,  699,  805,  242,  734,  261,  435,  677,  251,  651,  169,  703,  647,  279,  824,  441,  242,  567, 1031,  834,  699,  121,  210,  680,  212,  310,  485,  455,  423,  113,  688,  912,  816,  230,  774,  885,  506,  740,  894,  787,  484,  752,  289,  279,  596,  314,    0,  244,  673,  303,  280,  702,  874,  272,  332,  188,  555,  623,  656,  889,  794,  534,  894,  446,  434,  316,  190,   99,  454,  515,  149,  892,  512,  551,  887,  630,  581,  411,  914,   89,  302,  855,  140,  261],
        [  530,    0,  338,  597,  598,  629,  572,   44,  594,  437,  272,  457,  233,  475,  345,  673,  563,  331,  618,  363,  456,  388,  817,  592,  604,  345,  363,  716,  182,  316,  399,  428,  448,  178,  563,  717,  594,   21,  532,  689,  262,  551,  661,  570,  362,  559,  503,  491,  496,  224,  244,    0,  702,  240,  313,  717,  658,  491,  418,  398,  410,  610,  413,  685,  647,  328,  664,  448,  223,   75,  422,  334,  295,  276,  149,  653,  361,  345,  647,  577,  355,  239,  720,  329,  288,  691,  383,   59],
        [  178,    0, 1022,  790,  602,  278, 1145,  742,  487,  476,  972,  735,  886,  571,  526,  167,  316,  399, 1260,  376,  858, 1076,  925,  981,  350,  761,  480,   23,  832,  391,  365,  284,  259,  748,  429,  763,  819,  712,  944,  745,  802, 1220,  945,  777, 1064, 1225,  893,  888,  361,  913,  673,  702,    0,  464,  940,   50,  828,  870,  344,  825,  475,  136,  883,  783,  531,  635,  921,  255,  902,  705,  783,  729,  519,  878,  592,  988,  493, 1013,  987,  237,  987,  939,  755,  710,  944,  615,  707,  651],
        [  295,    0,  561,  561,  480,  410,  731,  281,  433,  322,  509,  441,  446,  367,  268,  439,  351,  140,  817,  142,  543,  615,  769,  653,  400,  422,  253,  479,  390,   95,  185,  189,  215,  328,  385,  634,  574,  252,  600,  607,  379,  766,  675,  537,  602,  772,  589,  579,  295,  458,  303,  240,  464,    0,  514,  478,  620,  570,  226,  490,  259,  372,  502,  619,  494,  294,  666,  210,  442,  245,  481,  396,  177,  439,  165,  692,  221,  558,  688,  348,  542,  475,  634,  381,  504,  559,  413,  188],
        [  762,    0,  380,  889,  910,  922,  702,  274,  906,  537,  278,  750,   84,  787,  448,  947,  861,  541,  659,  653,  287,  395, 1106,  829,  906,  256,  489,  949,  132,  556,  694,  694,  683,  192,  873, 1021,  881,  293,  770,  994,  513,  558,  924,  863,  266,  573,  318,  307,  798,  147,  280,  313,  940,  514,    0,  965,  948,  320,  606,  248,  721,  874,  650,  984,  960,  635,  935,  698,  345,  373,  311,  277,  607,  474,  355,  902,  673,  422,  895,  861,  485,  276, 1025,  291,   59, 1003,  337,  368],
        [  206,    0, 1029,  765,  572,  244, 1138,  758,  455,  516,  984,  718,  908,  550,  561,  128,  289,  426, 1259,  377,  895, 1084,  892,  964,  317,  795,  516,   66,  853,  412,  360,  292,  282,  773,  400,  730,  795,  728,  929,  712,  800, 1224,  921,  753, 1079, 1228,  931,  925,  341,  931,  702,  717,   50,  478,  965,    0,  801,  908,  378,  860,  461,  121,  874,  752,  497,  626,  897,  271,  911,  715,  820,  763,  515,  879,  614,  968,  483, 1019,  967,  213,  988,  951,  722,  744,  967,  579,  744,  664],
        [  762,    0,  697,   62,  231,  561,  551,  687,  349,  939,  743,  201,  865,  275,  886,  678,  513,  747,  734,  550, 1108,  739,  160,  261,  486,  990,  872,  850,  825,  690,  525,  634,  726,  834,  401,  133,   71,  678,  276,  125,  443,  770,  147,   88,  843,  762, 1155, 1143,  475,  815,  874,  658,  828,  620,  948,  801,    0, 1141,  812, 1049,  393,  694,  344,   78,  325,  341,  114,  689,  639,  586, 1063,  972,  444,  509,  729,  213,  410,  653,  216,  592,  574,  721,  145,  962,  905,  266, 1007,  620],
        [  708,    0,  688, 1079, 1042,  948, 1000,  472, 1002,  396,  585,  942,  363,  922,  352,  933,  903,  514,  976,  703,   37,  710, 1298, 1078,  957,  152,  395,  872,  367,  558,  747,  700,  648,  315,  953, 1183, 1080,  472, 1018, 1156,  747,  877, 1151, 1053,  585,  892,   24,   23,  858,  446,  272,  491,  870,  570,  320,  908, 1141,    0,  533,   94,  825,  849,  897, 1158, 1063,  802, 1154,  678,  626,  566,   92,  175,  725,  736,  421, 1142,  783,  725, 1136,  875,  776,  574, 1185,  190,  376, 1125,  168,  522],
        [  175,    0,  755,  757,  634,  437,  953,  450,  554,  159,  686,  650,  561,  542,  184,  403,  410,   90, 1028,  264,  518,  806,  950,  874,  466,  418,  139,  350,  509,  133,  297,  204,  123,  418,  493,  801,  775,  421,  822,  776,  603,  967,  885,  735,  764,  975,  556,  550,  389,  601,  332,  418,  344,  226,  606,  378,  812,  533,    0,  483,  423,  319,  727,  797,  615,  509,  872,  162,  639,  449,  444,  386,  381,  657,  280,  908,  403,  760,  904,  361,  756,  654,  798,  367,  618,  694,  367,  382],
        [  657,    0,  602,  988,  957,  880,  911,  379,  922,  363,  499,  850,  279,  836,  300,  875,  832,  450,  894,  628,   59,  628, 1208,  984,  884,   69,  345,  829,  276,  489,  672,  634,  590,  222,  875, 1095,  988,  379,  924, 1067,  653,  797, 1058,  962,  509,  811,  106,   95,  783,  361,  188,  398,  825,  490,  248,  860, 1049,   94,  483,    0,  743,  792,  803, 1069,  982,  711, 1061,  617,  536,  472,   68,  100,  639,  644,  335, 1048,  699,  637, 1043,  809,  685,  486, 1097,  118,  299, 1042,  125,  430],
        [  376,    0,  636,  341,  222,  269,  685,  452,  186,  559,  624,  261,  643,  120,  521,  361,  197,  366,  821,  159,  797,  691,  528,  507,  216,  676,  499,  496,  590,  308,  133,  243,  334,  556,  156,  382,  364,  429,  469,  356,  368,  804,  484,  322,  730,  804,  844,  833,  127,  627,  555,  410,  475,  259,  721,  461,  393,  825,  423,  743,    0,  342,  416,  375,  242,  172,  466,  298,  528,  365,  738,  651,  115,  455,  408,  520,   50,  612,  518,  255,  563,  591,  380,  637,  697,  301,  672,  354],
        [  149,    0,  915,  655,  471,  159, 1018,  652,  357,  472,  874,  600,  812,  436,  498,   86,  184,  345, 1140,  260,  832,  969,  796,  847,  224,  725,  455,  157,  756,  318,  240,  183,  203,  682,  298,  634,  684,  622,  811,  614,  681, 1107,  810,  642,  971, 1110,  872,  865,  226,  828,  623,  610,  136,  372,  874,  121,  694,  849,  319,  792,  342,    0,  754,  652,  406,  505,  786,  178,  796,  602,  759,  693,  395,  760,  519,  853,  363,  902,  852,  104,  870,  840,  627,  675,  871,  490,  682,  555],
        [  754,    0,  356,  298,  439,  679,  271,  425,  517,  806,  412,  203,  571,  364,  728,  776,  610,  641,  427,  517,  861,  396,  487,  182,  615,  755,  731,  903,  543,  595,  520,  616,  689,  582,  532,  458,  274,  429,  122,  437,  151,  440,  279,  278,  506,  435,  906,  894,  542,  506,  656,  413,  883,  502,  650,  874,  344,  897,  727,  803,  416,  754,    0,  406,  535,  249,  295,  665,  314,  340,  833,  746,  370,  180,  535,  252,  392,  310,  245,  670,  230,  395,  467,  741,  600,  525,  795,  401],
        [  731,    0,  755,  109,  182,  510,  625,  717,  298,  932,  793,  237,  901,  257,  886,  627,  469,  739,  807,  533, 1126,  799,  153,  338,  436, 1007,  868,  805,  858,  681,  504,  610,  703,  858,  355,   56,  136,  705,  349,   50,  490,  839,  223,  130,  895,  832, 1174, 1163,  439,  856,  889,  685,  783,  619,  984,  752,   78, 1158,  797, 1069,  375,  652,  406,    0,  264,  359,  189,  664,  688,  615, 1078,  987,  444,  562,  741,  290,  401,  712,  293,  549,  635,  769,   68,  976,  944,  196, 1018,  642],
        [  510,    0,  830,  308,  103,  254,  797,  688,   63,  767,  836,  334,  879,  188,  745,  370,  227,  580,  962,  368, 1035,  882,  396,  546,  183,  915,  716,  553,  828,  524,  327,  413,  503,  797,  123,  234,  343,  667,  533,  220,  548,  967,  464,  307,  943,  964, 1082, 1072,  227,  857,  794,  647,  531,  494,  960,  497,  325, 1063,  615,  982,  242,  406,  535,  264,    0,  351,  434,  462,  733,  594,  975,  889,  354,  635,  649,  523,  289,  797,  524,  305,  734,  806,  226,  874,  932,   85,  906,  592],
        [  511,    0,  481,  280,  281,  440,  515,  363,  313,  616,  486,  149,  552,  165,  553,  531,  368,  431,  651,  274,  769,  534,  498,  368,  383,  651,  544,  655,  505,  378,  272,  372,  451,  500,  309,  389,  286,  349,  320,  362,  203,  636,  382,  254,  593,  636,  817,  805,  298,  517,  534,  328,  635,  294,  635,  626,  341,  802,  509,  711,  172,  505,  249,  359,  351,    0,  374,  424,  383,  262,  723,  632,  130,  291,  389,  400,  143,  452,  396,  424,  397,  456,  393,  622,  599,  377,  667,  284],
        [  841,    0,  647,  133,  336,  661,  459,  687,  453,  988,  706,  226,  853,  354,  927,  777,  608,  801,  646,  617, 1119,  683,  201,  164,  587, 1005,  917,  943,  819,  745,  598,  707,  797,  841,  499,  243,  103,  683,  197,  238,  423,  693,   35,  145,  800,  683, 1166, 1154,  562,  794,  894,  664,  921,  666,  935,  897,  114, 1154,  872, 1061,  466,  786,  295,  189,  434,  374,    0,  762,  607,  589, 1081,  990,  494,  472,  755,  102,  473,  600,  107,  686,  518,  688,  255,  982,  887,  379, 1031,  634],
        [   91,    0,  770,  639,  493,  277,  915,  488,  402,  320,  718,  550,  639,  415,  328,  258,  250,  168, 1017,  151,  659,  823,  816,  789,  306,  550,  288,  269,  584,  142,  165,   56,   41,  506,  340,  662,  661,  459,  743,  637,  565,  972,  780,  620,  810,  977,  700,  693,  237,  661,  446,  448,  255,  210,  698,  271,  689,  678,  162,  617,  298,  178,  665,  664,  462,  424,  762,    0,  650,  453,  588,  518,  296,  635,  345,  811,  293,  764,  809,  201,  742,  685,  657,  500,  698,  543,  511,  397],
        [  737,    0,  120,  584,  659,  783,  377,  201,  693,  656,  106,  454,  272,  546,  562,  849,  712,  550,  397,  538,  590,  174,  792,  488,  741,  503,  584,  918,  260,  528,  565,  620,  656,  332,  680,  733,  568,  224,  430,  708,  199,  329,  592,  559,  212,  337,  631,  619,  640,  198,  434,  223,  902,  442,  345,  911,  639,  626,  639,  536,  528,  796,  314,  688,  733,  383,  607,  650,    0,  198,  580,  504,  424,  135,  371,  563,  482,  123,  556,  744,  151,   83,  740,  506,  291,  754,  563,  259],
        [  539,    0,  317,  524,  538,  602,  516,  102,  545,  490,  273,  385,  291,  416,  402,  658,  533,  359,  579,  346,  531,  371,  745,  518,  569,  420,  414,  721,  244,  333,  377,  424,  459,  252,  520,  649,  521,   94,  459,  622,  190,  523,  586,  498,  375,  530,  578,  566,  463,  263,  316,   75,  705,  245,  373,  715,  586,  566,  449,  472,  365,  602,  340,  615,  594,  262,  589,  453,  198,    0,  497,  408,  251,  216,  204,  578,  316,  314,  573,  557,  308,  239,  653,  403,  340,  632,  456,   70],
        [  619,    0,  655, 1001,  956,  857,  957,  410,  914,  312,  553,  865,  334,  838,  262,  843,  812,  423,  948,  613,   76,  683, 1220, 1013,  866,   79,  306,  785,  324,  467,  657,  609,  557,  254,  864, 1101, 1004,  405,  954, 1073,  683,  854, 1080,  975,  570,  868,  113,  106,  768,  415,  190,  422,  783,  481,  311,  820, 1063,   92,  444,   68,  738,  759,  833, 1078,  975,  723, 1081,  588,  580,  497,    0,   91,  640,  681,  337, 1075,  697,  687, 1069,  784,  730,  537, 1102,  103,  360, 1038,   77,  447],
