{
    "name": "random-18-5269",
    "comment": "size=18 seed=5269",
    "nodes": ["+0", "-0", "+1", "-1", "+2", "-2", "+3", "-3", "+4", "-4", "+5", "-5", "+6", "-6", "+7", "-7", "+8", "-8", "+9", "-9", "+10", "-10", "+11", "-11", "+12", "-12", "+13", "-13", "+14", "-14", "+15", "-15", "+16", "-16", "+17", "-17", "+18", "-18"],
    "precedence": {
        "+0": "-0",
        "+1": "-1",
        "+2": "-2",
        "+3": "-3",
        "+4": "-4",
        "+5": "-5",
        "+6": "-6",
        "+7": "-7",
        "+8": "-8",
        "+9": "-9",
        "+10": "-10",
        "+11": "-11",
        "+12": "-12",
        "+13": "-13",
        "+14": "-14",
        "+15": "-15",
        "+16": "-16",
        "+17": "-17",
        "+18": "-18"
    },
    "edges": [
        [    0,    0,  436,  456,  656,  537,  703,  751,  399,  282,  672,   30,  375,  476,  988,  233,  728,  742,  836,  901,  465,  533,  949,  205,   32,  602,  622,  533,  550,  370,  564,  767,  451,  648,  846,  385,  793,  838],
        [    0,    0,  436,  456,  656,  537,  703,  751,  399,  282,  672,   30,  375,  476,  988,  233,  728,  742,  836,  901,  465,  533,  949,  205,   32,  602,  622,  533,  550,  370,  564,  767,  451,  648,  846,  385,  793,  838],
        [  436,  436,    0,  590,  956,  380,  827,  656,  138,  708,  837,  464,  778,  820,  890,  667,  544,  897, 1053,  740,  343,  608,  923,  640,  407,  803,  380,  569,  128,  523,  628,  862,  850,  746, 1121,  383, 1040, 1044],
        [  456,  456,  590,    0,  411,  335,  258,  374,  459,  631,  251,  466,  449,  360,  575,  557,  440,  315,  465,  544,  302,   93,  506,  511,  439,  216,  447,  126,  624,   88,  122,  315,  482,  194,  546,  213,  456,  455],
        [  656,  656,  956,  411,    0,  745,  366,  717,  840,  655,  290,  647,  361,  193,  836,  596,  827,  317,  251,  877,  710,  461,  704,  564,  660,  236,  856,  514, 1014,  446,  469,  431,  319,  410,  194,  610,  177,  271],
        [  537,  537,  380,  335,  745,    0,  505,  277,  251,  799,  539,  561,  720,  677,  517,  733,  196,  584,  763,  385,   72,  300,  545,  690,  507,  535,  114,  248,  351,  322,  307,  519,  773,  419,  869,  174,  772,  746],
        [  703,  703,  827,  258,  366,  505,    0,  377,  692,  835,   77,  709,  592,  441,  470,  762,  515,   82,  270,  524,  502,  220,  344,  718,  689,  151,  596,  264,  840,  344,  203,   77,  593,   86,  405,  446,  302,  248],
        [  751,  751,  656,  374,  717,  277,  377,    0,  527,  979,  442,  770,  823,  723,  245,  906,  161,  456,  643,  171,  328,  286,  276,  861,  725,  482,  304,  250,  613,  424,  264,  351,  854,  310,  782,  370,  678,  618],
        [  399,  399,  138,  459,  840,  251,  692,  527,    0,  680,  704,  428,  699,  718,  767,  628,  430,  763,  923,  626,  207,  472,  791,  594,  368,  674,  276,  432,  178,  398,  491,  725,  767,  609,  998,  249,  913,  912],
        [  282,  282,  708,  631,  655,  799,  835,  979,  680,    0,  782,  253,  295,  464, 1201,   75,  983,  849,  886, 1140,  728,  721, 1135,  120,  313,  701,  893,  738,  827,  560,  751,  909,  352,  805,  843,  633,  824,  898],
        [  672,  672,  837,  251,  290,  539,   77,  442,  704,  782,    0,  675,  527,  371,  547,  711,  572,   71,  225,  595,  527,  241,  419,  668,  661,   84,  638,  292,  861,  330,  233,  148,  524,  134,  344,  456,  241,  210],
        [   30,   30,  464,  466,  647,  561,  709,  770,  428,  253,  675,    0,  355,  464, 1006,  204,  752,  745,  834,  922,  490,  546,  963,  177,   61,  604,  649,  548,  579,  382,  577,  775,  431,  658,  838,  407,  788,  837],
        [  375,  375,  778,  449,  361,  720,  592,  823,  699,  295,  527,  355,    0,  174, 1015,  242,  872,  588,  598,  992,  659,  539,  920,  219,  393,  445,  831,  574,  872,  411,  565,  668,   76,  583,  549,  548,  533,  613],
        [  476,  476,  820,  360,  193,  677,  441,  723,  718,  464,  371,  464,  174,    0,  889,  403,  800,  425,  425,  892,  628,  439,  780,  372,  484,  290,  791,  484,  895,  356,  459,  516,  154,  449,  386,  518,  361,  440],
        [  988,  988,  890,  575,  836,  517,  470,  245,  767, 1201,  547, 1006, 1015,  889,    0, 1128,  354,  528,  690,  180,  572,  483,  158, 1082,  963,  612,  520,  465,  833,  642,  455,  409, 1034,  442,  847,  611,  747,  661],
        [  233,  233,  667,  557,  596,  733,  762,  906,  628,   75,  711,  204,  242,  403, 1128,    0,  914,  778,  821, 1068,  663,  647, 1061,   47,  263,  630,  830,  664,  782,  487,  677,  836,  307,  731,  787,  565,  762,  832],
        [  728,  728,  544,  440,  827,  196,  515,  161,  430,  983,  572,  752,  872,  800,  354,  914,    0,  596,  784,  197,  265,  369,  426,  870,  699,  596,  167,  319,  480,  461,  358,  501,  915,  438,  915,  350,  812,  762],
        [  742,  742,  897,  315,  317,  584,   82,  456,  763,  849,   71,  745,  588,  425,  528,  778,  596,    0,  189,  597,  578,  293,  388,  736,  731,  148,  677,  340,  916,  397,  280,  120,  579,  166,  330,  515,  226,  166],
        [  836,  836, 1053,  465,  251,  763,  270,  643,  923,  886,  225,  834,  598,  425,  690,  821,  784,  189,    0,  777,  751,  466,  539,  785,  832,  252,  861,  516, 1084,  535,  457,  296,  566,  351,  160,  675,   79,   31],
        [  901,  901,  740,  544,  877,  385,  524,  171,  626, 1140,  595,  922,  992,  892,  180, 1068,  197,  597,  777,    0,  451,  456,  303, 1023,  873,  643,  361,  419,  671,  590,  434,  482, 1024,  468,  926,  516,  822,  750],
        [  465,  465,  343,  302,  710,   72,  502,  328,  207,  728,  527,  490,  659,  628,  572,  663,  265,  578,  751,  451,    0,  287,  586,  621,  435,  512,  173,  239,  339,  273,  300,  527,  715,  417,  846,  112,  752,  736],
        [  533,  533,  608,   93,  461,  300,  220,  286,  472,  721,  241,  546,  539,  439,  483,  647,  369,  293,  466,  456,  287,    0,  419,  601,  514,  237,  404,   54,  623,  166,   31,  259,  569,  139,  570,  227,  473,  450],
        [  949,  949,  923,  506,  704,  545,  344,  276,  791, 1135,  419,  963,  920,  780,  158, 1061,  426,  388,  539,  303,  586,  419,    0, 1015,  928,  493,  579,  418,  887,  584,  388,  273,  930,  338,  698,  596,  600,  509],
        [  205,  205,  640,  511,  564,  690,  718,  861,  594,  120,  668,  177,  219,  372, 1082,   47,  870,  736,  785, 1023,  621,  601, 1015,    0,  234,  588,  789,  618,  752,  441,  631,  791,  290,  686,  757,  521,  727,  794],
        [   32,   32,  407,  439,  660,  507,  689,  725,  368,  313,  661,   61,  393,  484,  963,  263,  699,  731,  832,  873,  435,  514,  928,  234,    0,  595,  591,  511,  520,  353,  544,  752,  469,  633,  848,  358,  792,  834],
        [  602,  602,  803,  216,  236,  535,  151,  482,  674,  701,   84,  604,  445,  290,  612,  630,  596,  148,  252,  643,  512,  237,  493,  588,  595,    0,  641,  291,  838,  283,  240,  227,  443,  176,  335,  428,  241,  246],
        [  622,  622,  380,  447,  856,  114,  596,  304,  276,  893,  638,  649,  831,  791,  520,  830,  167,  677,  861,  361,  173,  404,  579,  789,  591,  641,    0,  350,  314,  436,  406,  601,  885,  512,  973,  283,  875,  842],
        [  533,  533,  569,  126,  514,  248,  264,  250,  432,  738,  292,  548,  574,  484,  465,  664,  319,  340,  516,  419,  239,   54,  418,  618,  511,  291,  350,    0,  577,  178,   61,  293,  608,  179,  624,  195,  526,  500],
        [  550,  550,  128,  624, 1014,  351,  840,  613,  178,  827,  861,  579,  872,  895,  833,  782,  480,  916, 1084,  671,  339,  623,  887,  752,  520,  838,  314,  577,    0,  570,  638,  864,  941,  755, 1167,  412, 1079, 1071],
        [  370,  370,  523,   88,  446,  322,  344,  424,  398,  560,  330,  382,  411,  356,  642,  487,  461,  397,  535,  590,  273,  166,  584,  441,  353,  283,  436,  178,  570,    0,  196,  402,  456,  281,  600,  166,  517,  528],
        [  564,  564,  628,  122,  469,  307,  203,  264,  491,  751,  233,  577,  565,  459,  455,  677,  358,  280,  457,  434,  300,   31,  388,  631,  544,  240,  406,   61,  638,  196,    0,  236,  592,  119,  569,  250,  470,  440],
        [  767,  767,  862,  315,  431,  519,   77,  351,  725,  909,  148,  775,  668,  516,  409,  836,  501,  120,  296,  482,  527,  259,  273,  791,  752,  227,  601,  293,  864,  402,  236,    0,  669,  123,  446,  485,  344,  270],
        [  451,  451,  850,  482,  319,  773,  593,  854,  767,  352,  524,  431,   76,  154, 1034,  307,  915,  579,  566, 1024,  715,  569,  930,  290,  469,  443,  885,  608,  941,  456,  592,  669,    0,  596,  499,  603,  495,  583],
        [  648,  648,  746,  194,  410,  419,   86,  310,  609,  805,  134,  658,  583,  449,  442,  731,  438,  166,  351,  468,  417,  139,  338,  686,  633,  176,  512,  179,  755,  281,  119,  123,  596,    0,  477,  366,  374,  331],
        [  846,  846, 1121,  546,  194,  869,  405,  782,  998,  843,  344,  838,  549,  386,  847,  787,  915,  330,  160,  926,  846,  570,  698,  757,  848,  335,  973,  624, 1167,  600,  569,  446,  499,  477,    0,  757,  104,  190],
        [  385,  385,  383,  213,  610,  174,  446,  370,  249,  633,  456,  407,  548,  518,  611,  565,  350,  515,  675,  516,  112,  227,  596,  521,  358,  428,  283,  195,  412,  166,  250,  485,  603,  366,  757,    0,  668,  664],
        [  793,  793, 1040,  456,  177,  772,  302,  678,  913,  824,  241,  788,  533,  361,  747,  762,  812,  226,   79,  822,  752,  473,  600,  727,  792,  241,  875,  526, 1079,  517,  470,  344,  495,  374,  104,  668,    0,  106],
        [  838,  838, 1044,  455,  271,  746,  248,  618,  912,  898,  210,  837,  613,  440,  661,  832,  762,  166,   31,  750,  736,  450,  509,  794,  834,  246,  842,  500, 1071,  528,  440,  270,  583,  331,  190,  664,  106,    0]
    ]
}
