{
    "name": "random-79-19294",
    "comment": "size=79 seed=19294",
    "nodes": ["+0", "-0", "+1", "-1", "+2", "-2", "+3", "-3", "+4", "-4", "+5", "-5", "+6", "-6", "+7", "-7", "+8", "-8", "+9", "-9", "+10", "-10", "+11", "-11", "+12", "-12", "+13", "-13", "+14", "-14", "+15", "-15", "+16", "-16", "+17", "-17", "+18", "-18", "+19", "-19", "+20", "-20", "+21", "-21", "+22", "-22", "+23", "-23", "+24", "-24", "+25", "-25", "+26", "-26", "+27", "-27", "+28", "-28", "+29", "-29", "+30", "-30", "+31", "-31", "+32", "-32", "+33", "-33", "+34", "-34", "+35", "-35", "+36", "-36", "+37", "-37", "+38", "-38", "+39", "-39", "+40", "-40", "+41", "-41", "+42", "-42", "+43", "-43", "+44", "-44", "+45", "-45", "+46", "-46", "+47", "-47", "+48", "-48", "+49", "-49", "+50", "-50", "+51", "-51", "+52", "-52", "+53", "-53", "+54", "-54", "+55", "-55", "+56", "-56", "+57", "-57", "+58", "-58", "+59", "-59", "+60", "-60", "+61", "-61", "+62", "-62", "+63", "-63", "+64", "-64", "+65", "-65", "+66", "-66", "+67", "-67", "+68", "-68", "+69", "-69", "+70", "-70", "+71", "-71", "+72", "-72", "+73", "-73", "+74", "-74", "+75", "-75", "+76", "-76", "+77", "-77", "+78", "-78", "+79", "-79"],
    "precedence": {
        "+0": "-0",
        "+1": "-1",
        "+2": "-2",
        "+3": "-3",
        "+4": "-4",
        "+5": "-5",
        "+6": "-6",
        "+7": "-7",
        "+8": "-8",
        "+9": "-9",
        "+10": "-10",
        "+11": "-11",
        "+12": "-12",
        "+13": "-13",
        "+14": "-14",
        "+15": "-15",
        "+16": "-16",
        "+17": "-17",
        "+18": "-18",
        "+19": "-19",
        "+20": "-20",
        "+21": "-21",
        "+22": "-22",
        "+23": "-23",
        "+24": "-24",
        "+25": "-25",
        "+26": "-26",
        "+27": "-27",
        "+28": "-28",
        "+29": "-29",
        "+30": "-30",
        "+31": "-31",
        "+32": "-32",
        "+33": "-33",
        "+34": "-34",
        "+35": "-35",
        "+36": "-36",
        "+37": "-37",
        "+38": "-38",
        "+39": "-39",
        "+40": "-40",
        "+41": "-41",
        "+42": "-42",
        "+43": "-43",
        "+44": "-44",
        "+45": "-45",
        "+46": "-46",
        "+47": "-47",
        "+48": "-48",
        "+49": "-49",
        "+50": "-50",
        "+51": "-51",
        "+52": "-52",
        "+53": "-53",
        "+54": "-54",
        "+55": "-55",
        "+56": "-56",
        "+57": "-57",
        "+58": "-58",
        "+59": "-59",
        "+60": "-60",
        "+61": "-61",
        "+62": "-62",
        "+63": "-63",
        "+64": "-64",
        "+65": "-65",
        "+66": "-66",
        "+67": "-67",
        "+68": "-68",
        "+69": "-69",
        "+70": "-70",
        "+71": "-71",
        "+72": "-72",
        "+73": "-73",
        "+74": "-74",
        "+75": "-75",
        "+76": "-76",
        "+77": "-77",
        "+78": "-78",
        "+79": "-79"
    },
    "edges": [
        [    0,    0,  975,  157,  851,  165,  687,  264,  233,  238,  204,  341,  171,  592,  206,   59,  579,  498,  400,  816,  579,  208,  568,  786,  557,  272,  133,  258,  704,  114,  306,  382,  120,  290,  886,  430,  605,  745,  187,  503,  658,  895,  187,  743,  400,  409, 1010,  826,  708,  856,  569,  212,  721,  604,  194,  657,  129,  352,  867,  514,  717,  512,  744,  565,  663,  922,  558,  621,  726,  157,  614,  426,  966,  740,  226,  288,  551,  553,  456,  483,  639,  311,  395,  422,  463,  667,  276,  397,  236,  947,  723,  128,  632,  383,  336,  776,  828,  774,  420,  635,  601,  234,  725,  646,  722,  156,  298,  551,  280,  147,  237,  746,  163,  329,  534,  526,  708,  741,  272,  961,  197,  316,  638,  115,  175,  597,  408,  346,  729,  792,  220,  309,  673,  102,  703,  594,  456,  554,  373,  487,  919,   82,  169,  364,  198,  683,  551,  449,  364,  511,  211,  680,  482,  311,  685,  363,   15,  234,  960,  511],
        [    0,    0,    0,    0,    0,    0,    0,    0,    0,    0,    0,    0,    0,    0,    0,    0,    0,    0,    0,    0,    0,    0,    0,    0,    0,    0,    0,    0,    0,    0,    0,    0,    0,    0,    0,    0,    0,    0,    0,    0,    0,    0,    0,    0,    0,    0,    0,    0,    0,    0,    0,    0,    0,    0,    0,    0,    0,    0,    0,    0,    0,    0,    0,    0,    0,    0,    0,    0,    0,    0,    0,    0,    0,    0,    0,    0,    0,    0,    0,    0,    0,    0,    0,    0,    0,    0,    0,    0,    0,    0,    0,    0,    0,    0,    0,    0,    0,    0,    0,    0,    0,    0,    0,    0,    0,    0,    0,    0,    0,    0,    0,    0,    0,    0,    0,    0,    0,    0,    0,    0,    0,    0,    0,    0,    0,    0,    0,    0,    0,    0,    0,    0,    0,    0,    0,    0,    0,    0,    0,    0,    0,    0,    0,    0,    0,    0,    0,    0,    0,    0,    0,    0,    0,    0,    0,    0,    0,    0,    0,    0],
        [  975,    0,    0, 1054,  139, 1127,  760,  933,  937, 1212, 1177,  882, 1017,  596, 1174,  933,  475,  854,  577,  280,  408,  772,  903,  229,  760,  705,  975, 1222,  272, 1066,  945,  779, 1091,  757,  243,  556,  531,  513,  862,  718,  367,  158, 1156,  325,  579,  602,   84,  210,  351,  244,  465, 1117,  450,  545,  873,  390, 1056,  901,  215,  833,  562,  855,  891,  488,  318,   71,  641,  775,  928,  855,  556,  641,   46,  935,  862,  859,  860,  424,  871,  494,  503,  677,  928,  808,  554,  508,  724,  887, 1064,  156,  440,  899,  406,  654,  667,  208,  193,  359,  665,  343,  755,  747,  788,  351,  443,  869,  704,  873, 1015,  964, 1120,  830, 1132,  726,  471,  451,  892,  721, 1049,   46,  778,  665,  911,  982, 1136,  907,  767,  838,  769,  446, 1187,  683,  565,  940,  492,  513,  733,  928,  725,  509,   56,  899, 1049, 1012, 1167,  818,  816,  598,  612,  626,  972,  578,  529,  779,  518,  744,  975, 1030,   23,  673],
        [  157,    0, 1054,    0,  923,  221,  841,  185,  159,  220,  214,  497,  312,  590,  151,  151,  700,  429,  498,  927,  679,  326,  725,  848,  512,  380,  284,  185,  784,   72,  460,  534,  175,  434,  995,  537,  739,  881,  194,  476,  711,  993,  143,  856,  479,  458, 1099,  885,  821,  964,  613,   66,  850,  739,  187,  703,   38,  277,  920,  451,  858,  669,  900,  687,  755,  995,  704,  776,  883,  305,  620,  563, 1039,  896,  381,  246,  480,  632,  613,  577,  771,  379,  306,  375,  510,  801,  331,  323,   87, 1046,  745,  158,  679,  415,  389,  865,  925,  808,  561,  712,  556,  314,  671,  710,  850,  308,  425,  708,  157,   92,   83,  901,  207,  346,  590,  606,  632,  701,  410, 1034,  303,  393,  555,   74,  112,  514,  560,  300,  883,  922,  249,  430,  671,  258,  714,  725,  607,  710,  372,  597,  999,  223,   19,  244,  225,  622,  492,  480,  461,  652,  362,  822,  598,  461,  821,  356,  170,  375, 1037,  497],
        [  851,    0,  139,  923,    0, 1007,  723,  797,  802, 1088, 1055,  791,  906,  460, 1046,  807,  399,  717,  459,  274,  306,  652,  842,   92,  624,  585,  861, 1094,  152,  938,  849,  691,  969,  653,  273,  444,  473,  493,  730,  580,  228,  192, 1029,  288,  452,  468,  208,   84,  301,  257,  327,  985,  420,  487,  740,  252,  927,  763,  116,  695,  534,  787,  857,  410,  216,   73,  579,  726,  889,  740,  421,  550,  117,  898,  756,  722,  724,  299,  795,  378,  452,  547,  789,  670,  419,  465,  593,  748,  929,  225,  312,  769,  268,  518,  535,  134,  176,  236,  576,  217,  621,  620,  662,  215,  412,  755,  593,  811,  878,  832,  986,  800, 1011,  591,  336,  326,  763,  597,  947,  112,  656,  538,  778,  852, 1008,  772,  682,  700,  739,  438, 1066,  570,  435,  824,  364,  449,  655,  864,  587,  406,   91,  778,  917,  874, 1046,  689,  680,  461,  492,  552,  866,  541,  430,  680,  480,  607,  852,  925,  119,  535],
        [  165,    0, 1127,  221, 1007,    0,  748,  391,  361,  109,   65,  384,  160,  753,  135,  220,  707,  636,  551,  950,  725,  356,  594,  945,  707,  423,  174,  175,  858,  150,  324,  458,   52,  400, 1021,  575,  717,  850,  343,  658,  820, 1038,  120,  877,  558,  572, 1158,  986,  841,  992,  732,  235,  838,  713,  347,  820,  185,  484, 1028,  655,  816,  552,  778,  692,  812, 1077,  651,  679,  751,  277,  777,  541, 1121,  763,  306,  434,  689,  709,  493,  633,  753,  474,  520,  569,  626,  778,  440,  531,  305, 1088,  887,  284,  795,  547,  500,  924,  971,  938,  528,  791,  751,  396,  872,  805,  840,  267,  431,  585,  377,  273,  267,  793,   19,  492,  696,  683,  844,  894,  231, 1115,  353,  476,  769,  235,  139,  728,  484,  492,  789,  905,   60,  448,  835,  192,  866,  712,  537,  573,  533,  628, 1071,  231,  240,  465,   45,  827,  695,  613,  517,  614,  227,  777,  617,  404,  793,  521,  160,  206, 1113,  670],
        [  687,    0,  760,  841,  723,  748,    0,  863,  841,  856,  812,  365,  588,  874,  866,  693,  354,  988,  507,  482,  480,  547,  199,  734,  969,  532,  584,  915,  613,  799,  428,  307,  746,  416,  533,  464,  262,  252,  740,  895,  714,  606,  846,  440,  574,  665,  734,  769,  423,  522,  712,  899,  311,  248,  759,  743,  816,  909,  821,  986,  201,  205,  135,  350,  536,  757,  186,   69,  168,  537,  861,  328,  785,  176,  463,  827, 1031,  576,  261,  509,  274,  620,  958,  898,  677,  259,  656,  933,  909,  631,  866,  723,  727,  709,  654,  589,  570,  847,  315,  603,  999,  614, 1110,  662,  318,  533,  458,  187,  922,  794,  922,   85,  763,  736,  660,  570, 1160, 1080,  542,  781,  581,  594, 1123,  780,  847, 1092,  281,  858,   43,  326,  795,  470,  920,  591,  890,  290,  238,  230,  781,  435,  721,  620,  849,  982,  791, 1099, 1003,  722,  523,  244,  521,  184,  404,  382,  245,  791,  676,  552,  761,  865],
        [  264,    0,  933,  185,  797,  391,  863,    0,   32,  404,  395,  564,  434,  418,  335,  216,  648,  246,  427,  849,  596,  316,  786,  714,  328,  340,  391,  365,  670,  246,  548,  567,  340,  449,  912,  474,  708,  850,  123,  296,  573,  894,  327,  782,  385,  334,  987,  748,  750,  880,  473,  223,  804,  711,  105,  559,  214,   94,  777,  267,  836,  721,  945,  638,  657,  869,  700,  804,  937,  349,  451,  549,  912,  951,  438,   76,  298,  525,  672,  492,  735,  289,  132,  191,  379,  767,  238,  140,  144,  948,  582,  155,  537,  280,  280,  761,  829,  653,  555,  598,  371,  258,  487,  583,  803,  361,  408,  763,   82,  120,  211,  934,  380,  208,  463,  501,  453,  517,  534,  908,  282,  312,  379,  158,  296,  338,  589,  119,  904,  876,  428,  402,  496,  348,  547,  688,  627,  778,  214,  533,  879,  280,  169,  120,  403,  438,  308,  337,  392,  642,  464,  804,  545,  488,  790,  195,  277,  496,  914,  323],
        [  233,    0,  937,  159,  802,  361,  841,   32,    0,  377,  367,  536,  403,  436,  309,  185,  637,  276,  418,  843,  590,  295,  760,  721,  354,  324,  360,  341,  671,  217,  519,  543,  310,  426,  907,  463,  694,  836,  103,  318,  580,  893,  300,  775,  380,  336,  989,  755,  743,  876,  481,  203,  793,  697,   85,  568,  186,  124,  786,  296,  821,  696,  922,  626,  655,  874,  681,  782,  912,  323,  468,  531,  917,  926,  411,   90,  328,  524,  646,  486,  721,  281,  163,  216,  383,  753,  230,  170,  130,  946,  597,  126,  545,  284,  277,  760,  827,  665,  536,  599,  398,  243,  515,  587,  791,  334,  390,  737,   87,   89,  194,  912,  350,  212,  466,  500,  484,  543,  503,  913,  262,  303,  410,  127,  270,  369,  566,  141,  883,  865,  399,  385,  516,  318,  563,  674,  605,  751,  225,  523,  883,  251,  144,  144,  374,  467,  336,  345,  382,  624,  434,  788,  533,  465,  776,  207,  246,  465,  918,  342],
        [  238,    0, 1212,  220, 1088,  109,  856,  404,  377,    0,   44,  492,  268,  798,   74,  283,  805,  648,  637, 1047,  815,  443,  700, 1022,  731,  509,  280,   83,  942,  166,  431,  566,  125,  502, 1118,  665,  821,  955,  388,  691,  891, 1130,   78,  974,  637,  638, 1247, 1061,  938, 1088,  799,  201,  941,  817,  387,  888,  193,  496, 1101,  670,  922,  660,  884,  791,  900, 1159,  758,  787,  856,  374,  826,  643, 1203,  868,  412,  461,  698,  791,  601,  720,  856,  545,  523,  593,  692,  882,  506,  542,  287, 1181,  944,  334,  863,  606,  566, 1012, 1063, 1001,  632,  872,  774,  469,  890,  881,  942,  366,  527,  692,  368,  298,  229,  900,   94,  543,  767,  763,  849,  920,  333, 1198,  435,  552,  770,  264,  109,  730,  592,  517,  897, 1009,   70,  541,  880,  292,  919,  814,  644,  678,  578,  721, 1156,  315,  237,  452,   67,  841,  711,  672,  601,  719,  336,  884,  713,  510,  898,  563,  239,  312, 1197,  709],
        [  204,    0, 1177,  214, 1055,   65,  812,  395,  367,   44,    0,  448,  224,  779,   88,  254,  765,  641,  601, 1007,  778,  407,  656,  990,  719,  473,  237,  117,  907,  151,  388,  522,   87,  460, 1078,  628,  779,  913,  367,  675,  861, 1092,   81,  934,  604,  610, 1211, 1030,  899, 1049,  771,  209,  899,  775,  367,  859,  182,  488, 1071,  661,  879,  616,  841,  750,  864, 1125,  715,  744,  813,  334,  804,  601, 1169,  825,  369,  447,  692,  757,  557,  684,  814,  515,  519,  581,  664,  839,  477,  534,  290, 1143,  920,  310,  834,  580,  538,  976, 1026,  975,  589,  839,  763,  438,  881,  849,  900,  325,  487,  648,  368,  283,  239,  856,   51,  520,  737,  730,  845,  908,  291, 1164,  400,  519,  768,  247,  110,  727,  548,  504,  853,  967,   39,  503,  861,  251,  896,  772,  600,  635,  557,  682, 1121,  279,  232,  454,   24,  833,  702,  647,  566,  676,  292,  840,  673,  467,  855,  544,  204,  269, 1162,  691],
        [  341,    0,  882,  497,  791,  384,  365,  564,  536,  492,  448,    0,  224,  728,  504,  362,  411,  748,  376,  649,  485,  277,  228,  758,  766,  306,  223,  552,  644,  446,   72,  105,  384,  166,  719,  365,  383,  496,  447,  695,  672,  759,  485,  579,  428,  498,  890,  800,  546,  694,  620,  549,  503,  375,  464,  688,  468,  632,  851,  755,  454,  174,  405,  397,  575,  850,  292,  296,  386,  215,  732,  242,  889,  400,  126,  551,  799,  527,  116,  436,  420,  410,  681,  658,  536,  436,  420,  668,  574,  802,  794,  411,  664,  515,  450,  676,  699,  812,  218,  595,  806,  361,  930,  635,  507,  203,  243,  211,  605,  470,  576,  413,  399,  507,  567,  506,  949,  922,  191,  884,  308,  391,  893,  447,  488,  856,  124,  598,  406,  562,  432,  269,  798,  239,  796,  389,  173,  217,  560,  388,  830,  289,  509,  680,  426,  903,  783,  559,  363,  274,  157,  416,  361,  123,  446,  561,  328,  192,  874,  681],
        [  171,    0, 1017,  312,  906,  160,  588,  434,  403,  268,  224,  224,    0,  721,  285,  220,  573,  661,  450,  818,  609,  267,  437,  854,  710,  331,   53,  331,  755,  247,  166,  303,  166,  265,  889,  463,  572,  700,  343,  650,  740,  914,  266,  745,  474,  511, 1040,  896,  710,  861,  664,  351,  694,  566,  355,  747,  277,  520,  942,  675,  663,  393,  620,  558,  700,  973,  498,  520,  595,  171,  738,  401, 1015,  608,  162,  451,  715,  614,  334,  529,  609,  409,  564,  580,  562,  631,  392,  563,  397,  963,  831,  289,  722,  503,  444,  810,  849,  870,  384,  693,  754,  335,  879,  717,  696,  154,  314,  427,  450,  318,  381,  633,  176,  464,  620,  588,  872,  889,  101, 1010,  280,  403,  804,  285,  275,  763,  329,  507,  629,  759,  210,  336,  801,  101,  819,  569,  381,  418,  513,  509,  962,  176,  327,  534,  203,  841,  711,  563,  421,  465,   68,  624,  493,  258,  644,  507,  157,   64, 1005,  650],
        [  592,    0,  596,  590,  460,  753,  874,  418,  436,  798,  779,  728,  721,    0,  737,  534,  540,  263,  377,  627,  424,  469,  892,  369,  164,  424,  669,  774,  390,  633,  754,  668,  704,  564,  668,  413,  632,  741,  413,  134,  246,  617,  725,  584,  312,  231,  668,  388,  565,  640,  178,  638,  671,  643,  412,  215,  609,  351,  401,  240,  755,  822,  995,  538,  426,  526,  689,  839, 1007,  563,   41,  563,  563, 1020,  629,  346,  264,  316,  797,  367,  639,  323,  361,  241,  201,  669,  331,  321,  561,  665,  176,  470,  207,  221,  284,  487,  564,  257,  584,  339,  164,  390,  243,  287,  666,  581,  487,  861,  489,  502,  628,  958,  748,  263,  221,  313,  320,  206,  802,  560,  447,  339,  322,  535,  697,  312,  677,  300,  907,  730,  804,  462,   82,  621,  132,  602,  685,  899,  222,  440,  551,  549,  577,  455,  779,  248,  220,  170,  374,  632,  715,  737,  471,  609,  694,  236,  599,  768,  575,   96],
        [  206,    0, 1174,  151, 1046,  135,  866,  335,  309,   74,   88,  504,  285,  737,    0,  241,  784,  577,  603, 1022,  783,  413,  721,  976,  662,  476,  283,   52,  902,  109,  450,  567,  121,  490, 1092,  635,  808,  946,  331,  625,  842, 1099,   20,  949,  595,  589, 1212, 1015,  914, 1062,  748,  127,  925,  806,  328,  837,  129,  425, 1053,  599,  916,  676,  904,  770,  865, 1118,  754,  798,  879,  357,  766,  629, 1162,  892,  409,  395,  627,  750,  617,  685,  843,  500,  451,  525,  642,  869,  457,  471,  214, 1151,  887,  281,  813,  552,  517,  977, 1032,  948,  620,  832,  705,  427,  819,  836,  927,  353,  503,  710,  295,  235,  156,  916,  116,  486,  720,  723,  776,  851,  365, 1157,  399,  509,  698,  204,   41,  658,  593,  450,  907,  995,  126,  515,  818,  282,  860,  798,  644,  702,  517,  692, 1118,  287,  166,  379,  109,  770,  640,  618,  566,  710,  350,  878,  687,  504,  887,  502,  212,  338, 1158,  646],
        [   59,    0,  933,  151,  807,  220,  693,  216,  185,  283,  254,  362,  220,  534,  241,    0,  554,  443,  363,  787,  544,  179,  589,  739,  499,  238,  175,  291,  662,  136,  337,  387,  173,  284,  856,  397,  589,  731,  129,  445,  608,  860,  223,  714,  355,  356,  972,  778,  679,  825,  517,  215,  702,  589,  138,  606,  136,  301,  818,  458,  707,  529,  759,  541,  625,  878,  553,  629,  745,  157,  557,  413,  922,  759,  239,  233,  497,  510,  475,  444,  622,  262,  345,  366,  411,  651,  224,  344,  216,  912,  668,   71,  581,  328,  284,  737,  792,  721,  410,  592,  543,  187,  668,  599,  702,  163,  276,  569,  245,  109,  233,  757,  217,  272,  484,  483,  654,  683,  319,  917,  160,  270,  585,   87,  205,  544,  413,  290,  736,  773,  274,  283,  616,  134,  647,  576,  458,  578,  315,  456,  877,   75,  158,  324,  250,  627,  495,  394,  326,  501,  249,  671,  454,  312,  671,  305,   69,  281,  917,  453],
        [  579,    0,  475,  700,  399,  707,  354,  648,  637,  805,  765,  411,  573,  540,  784,  554,    0,  702,  224,  246,  126,  376,  445,  390,  659,  322,  538,  836,  268,  687,  477,  307,  681,  309,  317,  176,   95,  211,  538,  587,  360,  349,  765,  173,  279,  363,  479,  429,  138,  289,  368,  766,  157,  108,  555,  390,  689,  664,  481,  693,  216,  389,  486,   15,  190,  449,  185,  340,  510,  432,  521,  175,  486,  521,  411,  591,  736,  228,  399,  181,  100,  362,  708,  619,  356,  132,  412,  674,  742,  394,  513,  549,  376,  418,  382,  272,  289,  494,  196,  250,  682,  397,  781,  309,  155,  440,  282,  413,  724,  625,  779,  438,  715,  468,  319,  228,  846,  743,  587,  481,  398,  338,  822,  628,  753,  797,  293,  602,  381,  228,  765,  272,  576,  515,  540,   65,  259,  466,  501,  118,  424,  498,  702,  760,  750,  779,  702,  409,  257,  154,  518,  198,  105,  318,  157,  516,  573,  574,  468,  550],
        [  498,    0,  854,  429,  717,  636,  988,  246,  276,  648,  641,  748,  661,  263,  577,  443,  702,    0,  490,  847,  610,  474,  953,  626,  111,  464,  613,  601,  625,  491,  749,  723,  585,  603,  898,  538,  782,  913,  319,  137,  492,  858,  571,  792,  426,  340,  923,  649,  767,  868,  402,  457,  852,  790,  307,  466,  459,  153,  664,   28,  914,  884, 1091,  696,  642,  785,  808,  939, 1092,  542,  304,  660,  824, 1106,  627,  211,   54,  512,  843,  522,  800,  368,  130,   92,  355,  833,  338,  107,  370,  909,  437,  373,  452,  286,  335,  723,  799,  520,  675,  562,  144,  391,  244,  523,  849,  558,  540,  926,  287,  364,  437, 1068,  625,  254,  422,  497,  211,  285,  758,  820,  441,  395,  146,  401,  540,  108,  740,  155, 1027,  919,  674,  522,  322,  566,  389,  756,  765,  952,  208,  586,  807,  491,  412,  222,  649,  194,   67,  299,  467,  748,  680,  888,  609,  649,  858,  198,  510,  720,  833,  183],
        [  400,    0,  577,  498,  459,  551,  507,  427,  418,  637,  601,  376,  450,  377,  603,  363,  224,  490,    0,  431,  182,  195,  516,  405,  463,  129,  403,  653,  309,  498,  419,  299,  515,  215,  498,   49,  295,  431,  322,  388,  300,  498,  584,  361,   68,  158,  611,  447,  327,  466,  245,  563,  380,  302,  337,  314,  493,  441,  494,  484,  426,  448,  622,  214,  264,  527,  323,  467,  632,  282,  372,  187,  571,  645,  308,  368,  529,  164,  426,   83,  316,  140,  486,  403,  176,  349,  190,  453,  529,  550,  419,  342,  290,  205,  161,  376,  430,  439,  208,  244,  493,  185,  606,  270,  378,  297,  142,  485,  504,  415,  573,  590,  555,  247,  192,  139,  654,  581,  500,  566,  204,  115,  619,  424,  567,  590,  305,  381,  544,  451,  610,  116,  436,  366,  425,  270,  309,  526,  284,  107,  521,  323,  496,  537,  591,  593,  499,  216,   38,  263,  415,  399,  122,  254,  373,  297,  399,  474,  563,  358],
        [  816,    0,  280,  927,  274,  950,  482,  849,  843, 1047, 1007,  649,  818,  627, 1022,  787,  246,  847,  431,    0,  254,  610,  634,  324,  777,  550,  783, 1073,  242,  921,  717,  544,  923,  554,   72,  391,  271,  234,  750,  715,  388,  126, 1003,   74,  464,  526,  256,  345,  109,   46,  453,  992,  172,  283,  766,  422,  920,  845,  388,  832,  282,  592,  611,  261,  206,  287,  379,  500,  649,  674,  595,  419,  309,  656,  657,  782,  869,  337,  617,  357,  238,  562,  883,  776,  496,  235,  614,  845,  958,  158,  529,  771,  423,  585,  570,  158,  100,  474,  438,  289,  788,  615,  860,  341,  165,  684,  521,  606,  929,  845, 1003,  551,  958,  649,  426,  356,  947,  806,  830,  305,  627,  542,  943,  853,  989,  926,  527,  780,  489,  169, 1009,  508,  632,  758,  573,  261,  485,  660,  668,  331,  246,  735,  926,  950,  993,  874,  829,  551,  468,  377,  763,  300,  335,  563,  241,  686,  812,  818,  283,  671],
        [  579,    0,  408,  679,  306,  725,  480,  596,  590,  815,  778,  485,  609,  424,  783,  544,  126,  610,  182,  254,    0,  372,  557,  279,  555,  308,  568,  834,  160,  679,  543,  387,  691,  350,  318,  150,  220,  318,  498,  486,  234,  317,  764,  188,  211,  278,  434,  320,  159,  287,  248,  744,  249,  234,  513,  264,  675,  595,  372,  598,  334,  496,  611,  131,   92,  368,  306,  462,  633,  450,  401,  246,  409,  645,  454,  529,  639,  108,  497,  104,  220,  310,  634,  534,  256,  248,  361,  598,  706,  369,  387,  522,  250,  337,  317,  201,  249,  370,  272,  126,  573,  365,  666,  183,  244,  462,  297,  525,  675,  595,  753,  564,  730,  398,  204,  115,  737,  623,  643,  404,  384,  290,  720,  605,  748,  698,  380,  530,  507,  311,  784,  277,  454,  535,  415,  191,  358,  575,  421,  102,  353,  500,  677,  698,  766,  668,  602,  312,  219,  264,  565,  321,  125,  374,  273,  438,  577,  623,  397,  446],
        [  208,    0,  772,  326,  652,  356,  547,  316,  295,  443,  407,  277,  267,  469,  413,  179,  376,  474,  195,  610,  372,    0,  482,  593,  491,   68,  217,  464,  503,  312,  289,  255,  320,  135,  680,  223,  414,  557,  193,  421,  475,  688,  394,  537,  208,  248,  804,  634,  502,  649,  397,  391,  524,  415,  212,  480,  314,  369,  679,  479,  536,  415,  633,  363,  458,  722,  389,  489,  628,   98,  480,  242,  765,  641,  162,  286,  524,  355,  371,  278,  446,  147,  418,  383,  296,  475,  146,  399,  376,  739,  566,  183,  455,  249,  186,  570,  621,  603,  243,  436,  531,   86,  657,  454,  525,  116,  100,  456,  377,  258,  407,  619,  360,  232,  353,  328,  673,  653,  337,  760,   35,  137,  618,  255,  379,  581,  276,  327,  589,  596,  415,  105,  545,  175,  557,  399,  311,  479,  284,  280,  716,  129,  329,  435,  396,  628,  507,  303,  161,  334,  249,  501,  276,  178,  496,  285,  205,  305,  757,  411],
        [  568,    0,  903,  725,  842,  594,  199,  786,  760,  700,  656,  228,  437,  892,  721,  589,  445,  953,  516,  634,  557,  482,    0,  833,  956,  492,  446,  767,  711,  671,  272,  231,  602,  350,  695,  486,  373,  423,  666,  883,  780,  757,  703,  578,  580,  665,  889,  872,  553,  678,  753,  776,  464,  359,  683,  804,  695,  849,  925,  956,  371,   70,  185,  435,  634,  887,  264,  145,  159,  438,  887,  334,  921,  173,  351,  766, 1001,  633,  115,  549,  400,  594,  898,  861,  691,  399,  617,  881,  802,  790,  922,  634,  784,  696,  633,  712,  710,  921,  310,  681,  992,  562, 1113,  734,  470,  428,  417,   33,  831,  696,  803,  210,  611,  703,  699,  619, 1145, 1094,  371,  916,  516,  570, 1095,  675,  709, 1060,  217,  808,  229,  499,  634,  438,  952,  467,  936,  394,  209,   32,  754,  481,  857,  515,  736,  903,  634, 1092,  981,  726,  519,  294,  373,  342,  449,  305,  395,  759,  555,  389,  900,  861],
        [  786,    0,  229,  848,   92,  945,  734,  714,  721, 1022,  990,  758,  854,  369,  976,  739,  390,  626,  405,  324,  279,  593,  833,    0,  532,  526,  807, 1023,  123,  867,  811,  662,  905,  610,  339,  399,  475,  520,  654,  490,  142,  267,  960,  318,  387,  391,  300,   43,  321,  318,  242,  908,  445,  489,  663,  162,  854,  677,   94,  604,  556,  773,  868,  399,  200,  160,  575,  728,  896,  685,  330,  522,  200,  906,  710,  639,  633,  241,  775,  328,  460,  477,  701,  581,  339,  479,  520,  660,  849,  308,  224,  696,  180,  438,  460,  167,  233,  154,  548,  164,  529,  553,  573,  141,  438,  701,  544,  801,  795,  756,  908,  815,  947,  510,  258,  267,  673,  510,  902,  196,  593,  471,  687,  778,  937,  680,  657,  614,  754,  476, 1004,  520,  345,  767,  275,  448,  636,  852,  503,  371,  183,  715,  841,  787,  982,  599,  589,  378,  434,  539,  819,  557,  399,  641,  498,  522,  788,  878,  208,  444],
        [  557,    0,  760,  512,  624,  707,  969,  328,  354,  731,  719,  766,  710,  164,  662,  499,  659,  111,  463,  777,  555,  491,  956,  532,    0,  466,  660,  692,  546,  569,  777,  726,  655,  610,  823,  507,  745,  867,  371,   75,  405,  776,  654,  728,  396,  305,  831,  552,  706,  794,  325,  548,  802,  755,  363,  376,  539,  241,  562,   84,  874,  887, 1081,  654,  572,  689,  785,  926, 1086,  572,  204,  644,  727, 1100,  652,  274,  101,  450,  852,  478,  758,  363,  232,  139,  303,  790,  346,  199,  463,  825,  332,  429,  366,  263,  324,  644,  721,  416,  662,  488,   45,  406,  170,  443,  797,  589,  539,  927,  383,  437,  531, 1051,  698,  260,  355,  440,  192,  189,  802,  723,  461,  387,  167,  474,  624,  151,  740,  216, 1006,  865,  750,  519,  213,  611,  283,  717,  759,  959,  207,  548,  715,  535,  496,  328,  725,  137,   57,  251,  448,  725,  719,  852,  575,  657,  815,  208,  567,  765,  738,  110],
        [  272,    0,  705,  380,  585,  423,  532,  340,  324,  509,  473,  306,  331,  424,  476,  238,  322,  464,  129,  550,  308,   68,  492,  526,  466,    0,  282,  527,  436,  373,  331,  261,  387,  145,  619,  160,  371,  514,  222,  393,  410,  624,  457,  478,  144,  195,  739,  568,  443,  588,  336,  445,  475,  374,  240,  417,  371,  378,  613,  465,  498,  423,  629,  310,  392,  655,  362,  479,  629,  161,  431,  210,  698,  643,  208,  296,  511,  288,  386,  212,  400,  105,  426,  372,  240,  431,  127,  402,  420,  676,  508,  227,  392,  210,  145,  504,  556,  541,  219,  369,  504,   83,  627,  388,  474,  177,   77,  464,  410,  303,  457,  609,  427,  211,  290,  261,  653,  616,  393,  693,   78,   85,  605,  306,  441,  570,  277,  327,  573,  547,  482,   63,  496,  241,  502,  353,  303,  493,  262,  219,  649,  195,  380,  458,  463,  603,  489,  255,   94,  303,  306,  465,  219,  192,  453,  267,  271,  363,  690,  376],
        [  133,    0,  975,  284,  861,  174,  584,  391,  360,  280,  237,  223,   53,  669,  283,  175,  538,  613,  403,  783,  568,  217,  446,  807,  660,  282,    0,  332,  710,  226,  177,  287,  163,  230,  855,  420,  545,  677,  295,  598,  691,  876,  263,  710,  425,  460, 1000,  848,  675,  826,  613,  331,  666,  540,  307,  697,  251,  475,  894,  626,  643,  396,  627,  524,  657,  929,  479,  516,  605,  122,  686,  369,  972,  618,  133,  403,  667,  567,  338,  484,  581,  358,  520,  531,  511,  605,  340,  517,  367,  925,  780,  242,  672,  451,  392,  768,  811,  820,  356,  647,  703,  283,  829,  669,  668,  107,  272,  432,  413,  278,  359,  635,  186,  412,  570,  541,  823,  837,  145,  966,  228,  352,  757,  248,  266,  717,  313,  459,  625,  732,  230,  292,  749,   49,  767,  540,  365,  430,  462,  468,  919,  125,  298,  496,  218,  791,  662,  511,  373,  441,   79,  604,  454,  231,  620,  456,  119,  107,  962,  599],
        [  258,    0, 1222,  185, 1094,  175,  915,  365,  341,   83,  117,  552,  331,  774,   52,  291,  836,  601,  653, 1073,  834,  464,  767, 1023,  692,  527,  332,    0,  951,  157,  496,  617,  169,  541, 1143,  686,  860,  998,  374,  659,  888, 1150,   72, 1001,  644,  634, 1262, 1061,  965, 1113,  793,  145,  977,  857,  369,  882,  171,  452, 1098,  625,  967,  723,  950,  822,  915, 1166,  805,  846,  924,  409,  804,  681, 1210,  937,  460,  430,  650,  799,  664,  735,  894,  548,  473,  556,  688,  921,  503,  497,  233, 1202,  928,  327,  858,  595,  563, 1027, 1082,  990,  672,  880,  734,  476,  845,  883,  978,  404,  555,  757,  316,  275,  168,  963,  157,  528,  766,  772,  796,  880,  405, 1205,  450,  558,  716,  247,   87,  677,  644,  482,  956, 1047,  150,  566,  855,  334,  899,  850,  695,  746,  556,  744, 1167,  339,  198,  394,  140,  794,  666,  661,  616,  762,  397,  929,  739,  555,  939,  540,  263,  380, 1206,  682],
        [  704,    0,  272,  784,  152,  858,  613,  670,  671,  942,  907,  644,  755,  390,  902,  662,  268,  625,  309,  242,  160,  503,  711,  123,  546,  436,  710,  951,    0,  795,  700,  546,  821,  503,  279,  293,  353,  409,  593,  490,  147,  234,  885,  215,  307,  337,  318,  162,  209,  251,  223,  847,  333,  368,  604,  181,  785,  648,  214,  607,  440,  652,  747,  277,   78,  219,  452,  606,  774,  589,  356,  405,  263,  785,  605,  597,  642,  153,  655,  227,  340,  406,  680,  565,  293,  361,  454,  639,  797,  285,  290,  628,  183,  392,  398,   99,  176,  245,  431,   73,  552,  476,  620,  104,  326,  604,  441,  679,  752,  694,  851,  695,  862,  463,  212,  179,  709,  565,  796,  258,  508,  394,  709,  711,  865,  696,  539,  583,  635,  373,  918,  419,  391,  674,  332,  326,  516,  730,  468,  257,  216,  629,  779,  757,  898,  635,  600,  343,  342,  417,  715,  439,  283,  530,  381,  488,  704,  774,  256,  444],
        [  114,    0, 1066,   72,  938,  150,  799,  246,  217,  166,  151,  446,  247,  633,  109,  136,  687,  491,  498,  921,  679,  312,  671,  867,  569,  373,  226,  157,  795,    0,  403,  494,  103,  403,  991,  532,  717,  858,  224,  527,  734,  995,   94,  849,  488,  480, 1106,  906,  814,  960,  639,  105,  832,  716,  222,  729,   35,  339,  944,  512,  831,  619,  850,  673,  760, 1010,  672,  732,  830,  270,  661,  539, 1054,  844,  337,  297,  543,  643,  561,  579,  751,  392,  372,  431,  534,  779,  348,  385,  158, 1047,  781,  173,  704,  444,  408,  871,  927,  840,  533,  724,  613,  320,  731,  728,  833,  269,  407,  656,  227,  134,  134,  855,  137,  379,  611,  616,  697,  758,  343, 1049,  295,  401,  621,   99,   71,  581,  520,  354,  841,  903,  183,  416,  715,  209,  754,  706,  569,  655,  413,  591, 1010,  192,   90,  315,  158,  684,  552,  510,  461,  624,  303,  794,  588,  424,  798,  398,  124,  309, 1050,  544],
        [  306,    0,  945,  460,  849,  324,  428,  548,  519,  431,  388,   72,  166,  754,  450,  337,  477,  749,  419,  717,  543,  289,  272,  811,  777,  331,  177,  496,  700,  403,    0,  174,  330,  205,  787,  414,  453,  567,  437,  709,  718,  825,  431,  647,  464,  526,  955,  854,  613,  762,  659,  507,  574,  445,  453,  732,  428,  624,  904,  758,  525,  229,  455,  462,  634,  910,  363,  359,  431,  208,  762,  305,  950,  444,  127,  545,  802,  576,  170,  485,  490,  432,  672,  661,  569,  507,  434,  662,  542,  869,  833,  394,  708,  536,  472,  738,  764,  857,  282,  647,  818,  373,  944,  684,  577,  192,  280,  262,  581,  445,  536,  469,  341,  518,  608,  553,  955,  941,  120,  945,  317,  416,  894,  418,  438,  856,  194,  596,  468,  632,  369,  306,  827,  206,  831,  458,  244,  254,  571,  444,  892,  269,  473,  660,  365,  913,  789,  586,  401,  344,  101,  487,  420,  171,  516,  570,  292,  124,  936,  699],
        [  382,    0,  779,  534,  691,  458,  307,  567,  543,  566,  522,  105,  303,  668,  567,  387,  307,  723,  299,  544,  387,  255,  231,  662,  726,  261,  287,  617,  546,  494,  174,    0,  449,  121,  614,  279,  280,  399,  445,  653,  585,  654,  547,  475,  359,  439,  785,  704,  441,  589,  543,  593,  401,  272,  463,  604,  510,  624,  756,  726,  360,  162,  379,  292,  475,  748,  196,  242,  373,  231,  667,  141,  787,  387,  159,  541,  771,  438,  129,  348,  317,  364,  673,  631,  470,  335,  386,  653,  603,  698,  716,  421,  582,  466,  403,  573,  595,  727,  116,  501,  763,  333,  884,  545,  404,  227,  187,  203,  620,  490,  616,  371,  472,  472,  489,  419,  914,  868,  291,  782,  290,  340,  865,  474,  546,  830,   27,  580,  349,  461,  512,  209,  733,  287,  723,  284,   79,  234,  523,  293,  727,  313,  543,  686,  503,  862,  750,  500,  295,  170,  239,  322,  264,   79,  346,  528,  371,  285,  771,  633],
        [  120,    0, 1091,  175,  969,   52,  746,  340,  310,  125,   87,  384,  166,  704,  121,  173,  681,  585,  515,  923,  691,  320,  602,  905,  655,  387,  163,  169,  821,  103,  330,  449,    0,  379,  993,  542,  698,  834,  293,  607,  777, 1006,  102,  849,  518,  527, 1124,  945,  814,  964,  688,  197,  817,  694,  296,  776,  138,  434,  986,  604,  801,  556,  784,  666,  777, 1039,  638,  678,  760,  250,  728,  519, 1083,  773,  293,  382,  638,  671,  497,  598,  733,  430,  470,  518,  581,  759,  395,  480,  260, 1057,  840,  234,  751,  500,  455,  890,  939,  893,  509,  753,  699,  353,  821,  764,  818,  242,  402,  590,  329,  222,  228,  796,   45,  443,  653,  644,  793,  843,  253, 1078,  314,  434,  718,  184,  110,  678,  475,  441,  787,  886,  102,  417,  786,  169,  818,  690,  527,  583,  483,  596, 1035,  193,  193,  417,   79,  775,  643,  566,  479,  597,  230,  763,  588,  389,  775,  471,  118,  222, 1076,  619],
        [  290,    0,  757,  434,  653,  400,  416,  449,  426,  502,  460,  166,  265,  564,  490,  284,  309,  603,  215,  554,  350,  135,  350,  610,  610,  145,  230,  541,  503,  403,  205,  121,  379,    0,  626,  212,  319,  457,  326,  538,  514,  650,  470,  481,  263,  333,  776,  652,  446,  597,  456,  496,  439,  316,  345,  528,  414,  503,  702,  607,  428,  282,  498,  294,  441,  717,  270,  356,  493,  134,  567,  141,  759,  507,  105,  420,  652,  373,  242,  283,  355,  249,  553,  511,  371,  381,  267,  533,  496,  699,  631,  308,  504,  354,  289,  550,  586,  653,  131,  446,  648,  213,  771,  481,  440,  138,   78,  323,  506,  380,  516,  486,  410,  354,  404,  350,  797,  760,  294,  753,  170,  228,  746,  369,  463,  710,  141,  460,  458,  507,  458,  104,  633,  211,  632,  312,  179,  350,  405,  249,  703,  213,  441,  569,  444,  747,  632,  395,  199,  222,  215,  391,  230,   47,  398,  409,  281,  273,  746,  520],
        [  886,    0,  243,  995,  273, 1021,  533,  912,  907, 1118, 1078,  719,  889,  668, 1092,  856,  317,  898,  498,   72,  318,  680,  695,  339,  823,  619,  855, 1143,  279,  991,  787,  614,  993,  626,    0,  460,  339,  282,  816,  765,  425,   88, 1073,  145,  528,  585,  202,  352,  181,   32,  499, 1060,  231,  350,  831,  458,  989,  904,  388,  882,  333,  656,  660,  332,  259,  267,  445,  558,  699,  745,  634,  490,  279,  706,  728,  844,  918,  393,  683,  422,  304,  627,  941,  831,  552,  298,  679,  902, 1024,   99,  556,  839,  462,  644,  632,  184,  108,  492,  509,  337,  831,  682,  896,  382,  225,  755,  592,  668,  992,  912, 1070,  598, 1029,  710,  478,  414,  987,  838,  901,  276,  696,  608,  987,  921, 1059,  973,  596,  839,  537,  210, 1080,  578,  666,  830,  603,  330,  553,  722,  726,  401,  222,  806,  994, 1010, 1064,  913,  876,  606,  535,  446,  835,  356,  406,  634,  300,  744,  882,  889,  251,  720],
        [  430,    0,  556,  537,  444,  575,  464,  474,  463,  665,  628,  365,  463,  413,  635,  397,  176,  538,   49,  391,  150,  223,  486,  399,  507,  160,  420,  686,  293,  532,  414,  279,  542,  212,  460,    0,  246,  382,  366,  433,  308,  466,  616,  320,  113,  203,  584,  441,  285,  429,  268,  602,  332,  253,  382,  326,  530,  490,  490,  532,  378,  418,  582,  166,  239,  510,  279,  427,  594,  300,  404,  153,  553,  607,  313,  416,  576,  163,  403,   72,  267,  188,  535,  451,  213,  300,  237,  502,  571,  517,  439,  382,  304,  253,  209,  350,  399,  450,  176,  235,  536,  226,  646,  271,  330,  314,  149,  454,  550,  456,  613,  548,  580,  296,  213,  142,  698,  619,  505,  547,  237,  163,  665,  463,  600,  637,  280,  429,  500,  403,  634,  128,  468,  386,  450,  221,  277,  498,  333,   61,  500,  351,  536,  585,  616,  636,  545,  258,   82,  221,  422,  351,   73,  245,  324,  346,  427,  481,  543,  401],
        [  605,    0,  531,  739,  473,  717,  262,  708,  694,  821,  779,  383,  572,  632,  808,  589,   95,  782,  295,  271,  220,  414,  373,  475,  745,  371,  545,  860,  353,  717,  453,  280,  698,  319,  339,  246,    0,  143,  592,  673,  454,  390,  788,  209,  357,  445,  523,  512,  181,  316,  462,  804,  122,   15,  610,  484,  724,  733,  564,  775,  132,  324,  395,   94,  276,  516,  110,  254,  421,  451,  614,  180,  549,  432,  413,  656,  819,  322,  346,  268,   37,  430,  778,  697,  444,   62,  476,  747,  789,  428,  607,  594,  470,  497,  455,  341,  339,  586,  190,  342,  770,  452,  872,  402,  125,  457,  315,  343,  780,  670,  820,  345,  728,  541,  412,  320,  934,  835,  571,  544,  441,  403,  907,  668,  780,  880,  260,  674,  287,  188,  774,  313,  670,  530,  634,   30,  215,  397,  578,  198,  485,  525,  743,  823,  761,  868,  786,  495,  323,  110,  512,  107,  174,  315,   83,  592,  598,  563,  528,  637],
        [  745,    0,  513,  881,  493,  850,  252,  850,  836,  955,  913,  496,  700,  741,  946,  731,  211,  913,  431,  234,  318,  557,  423,  520,  867,  514,  677,  998,  409,  858,  567,  399,  834,  457,  282,  382,  143,    0,  734,  797,  536,  357,  926,  205,  489,  573,  483,  550,  201,  272,  565,  946,   77,  143,  752,  569,  865,  871,  599,  904,   53,  395,  379,  218,  339,  517,  205,  281,  418,  590,  718,  319,  541,  425,  544,  796,  947,  425,  433,  391,  116,  568,  916,  829,  565,   84,  616,  883,  932,  380,  690,  737,  560,  629,  591,  361,  328,  653,  326,  421,  889,  594,  983,  483,   84,  594,  457,  399,  922,  813,  962,  318,  862,  677,  521,  430, 1053,  940,  687,  537,  584,  542, 1031,  811,  919, 1007,  375,  811,  256,   76,  906,  455,  769,  666,  724,  163,  324,  452,  711,  328,  478,  666,  885,  964,  895,  984,  911,  619,  462,  237,  637,   84,  309,  446,   61,  726,  737,  684,  516,  758],
