{
    "name": "random-40-3566",
    "comment": "size=40 seed=3566",
    "nodes": ["+0", "-0", "+1", "-1", "+2", "-2", "+3", "-3", "+4", "-4", "+5", "-5", "+6", "-6", "+7", "-7", "+8", "-8", "+9", "-9", "+10", "-10", "+11", "-11", "+12", "-12", "+13", "-13", "+14", "-14", "+15", "-15", "+16", "-16", "+17", "-17", "+18", "-18", "+19", "-19", "+20", "-20", "+21", "-21", "+22", "-22", "+23", "-23", "+24", "-24", "+25", "-25", "+26", "-26", "+27", "-27", "+28", "-28", "+29", "-29", "+30", "-30", "+31", "-31", "+32", "-32", "+33", "-33", "+34", "-34", "+35", "-35", "+36", "-36", "+37", "-37", "+38", "-38", "+39", "-39", "+40", "-40"],
    "precedence": {
        "+0": "-0",
        "+1": "-1",
        "+2": "-2",
        "+3": "-3",
        "+4": "-4",
        "+5": "-5",
        "+6": "-6",
        "+7": "-7",
        "+8": "-8",
        "+9": "-9",
        "+10": "-10",
        "+11": "-11",
        "+12": "-12",
        "+13": "-13",
        "+14": "-14",
        "+15": "-15",
        "+16": "-16",
        "+17": "-17",
        "+18": "-18",
        "+19": "-19",
        "+20": "-20",
        "+21": "-21",
        "+22": "-22",
        "+23": "-23",
        "+24": "-24",
        "+25": "-25",
        "+26": "-26",
        "+27": "-27",
        "+28": "-28",
        "+29": "-29",
        "+30": "-30",
        "+31": "-31",
        "+32": "-32",
        "+33": "-33",
        "+34": "-34",
        "+35": "-35",
        "+36": "-36",
        "+37": "-37",
        "+38": "-38",
        "+39": "-39",
        "+40": "-40"
    },
    "edges": [
        [    0,    0,  203,  298,  517,  386,  462,  333,  350,  245,  340,  320,  236,  423,  558,  128,  301,  206,  644,  582,  466,  662,  458,  847,  226,  521,  251,  513,  621,  616,  842,  480,  546,  506,  104,   17,  591,  407,  352,  534,  505,  311,  253,  708,  629,  398,  438,  606,  257,  196,  153,  436,  502,  811,  467,  753,  378,  177,  540,  457,  426,  419,  677,  481,  792,  184,  228,  269,  390,  273,  206,  165,  489,  349,  259,  803,  636,  513,  336,  545,  537,  648],
        [    0,    0,  203,  298,  517,  386,  462,  333,  350,  245,  340,  320,  236,  423,  558,  128,  301,  206,  644,  582,  466,  662,  458,  847,  226,  521,  251,  513,  621,  616,  842,  480,  546,  506,  104,   17,  591,  407,  352,  534,  505,  311,  253,  708,  629,  398,  438,  606,  257,  196,  153,  436,  502,  811,  467,  753,  378,  177,  540,  457,  426,  419,  677,  481,  792,  184,  228,  269,  390,  273,  206,  165,  489,  349,  259,  803,  636,  513,  336,  545,  537,  648],
        [  203,  203,    0,  154,  650,  200,  332,  131,  170,  288,  146,  490,  246,  281,  415,  326,  502,    7,  604,  512,  663,  610,  278,  925,  197,  622,   49,  584,  743,  772,  712,  664,  526,  702,  293,  216,  571,  320,  260,  734,  707,  124,  302,  711,  774,  200,  308,  434,  459,   62,  285,  578,  360,  677,  669,  761,  210,  187,  512,  398,  591,  618,  624,  606,  678,   29,  392,  333,  490,  117,  380,  355,  484,  225,  232,  720,  755,  707,  537,  709,  646,  614],
        [  298,  298,  154,    0,  791,  272,  445,  151,   77,  241,  110,  614,  190,  391,  510,  425,  572,  147,  745,  645,  712,  747,  345, 1077,  139,  771,  141,  737,  888,  905,  805,  778,  674,  750,  357,  307,  717,  456,  119,  790,  790,   78,  454,  860,  912,  155,  423,  496,  536,  112,  304,  716,  212,  768,  738,  910,  306,  171,  658,  539,  718,  712,  761,  749,  784,  180,  518,  483,  638,  246,  500,  463,  634,  354,  153,  842,  901,  809,  623,  837,  793,  756],
        [  517,  517,  650,  791,    0,  728,  653,  756,  819,  748,  789,  225,  750,  658,  734,  422,  468,  656,  533,  577,  582,  574,  760,  381,  742,  111,  687,  203,  109,  152,  895,  246,  444,  605,  531,  517,  462,  552,  865,  581,  437,  773,  364,  460,  132,  835,  643,  840,  441,  680,  629,   85, 1003,  883,  496,  474,  686,  693,  462,  509,  149,  357,  584,   49,  814,  622,  294,  331,  176,  627,  323,  379,  398,  600,  775,  743,  127,  332,  394,  147,   86,  522],
        [  386,  386,  200,  272,  728,    0,  186,  123,  221,  478,  172,  618,  430,  134,  239,  495,  683,  201,  516,  403,  851,  509,   80,  931,  377,  671,  162,  608,  804,  867,  534,  800,  468,  891,  485,  401,  506,  235,  388,  918,  873,  195,  366,  655,  859,  169,  168,  236,  637,  249,  484,  671,  409,  498,  846,  707,   52,  380,  447,  322,  706,  777,  521,  680,  514,  208,  524,  398,  553,  118,  522,  514,  447,  140,  407,  580,  812,  856,  705,  817,  700,  530],
        [  462,  462,  332,  445,  653,  186,    0,  303,  403,  619,  354,  601,  577,   54,   99,  539,  733,  336,  337,  220,  907,  326,  151,  790,  528,  575,  313,  496,  710,  803,  384,  780,  307,  946,  565,  478,  339,  102,  563,  963,  891,  372,  327,  487,  783,  354,   25,  188,  683,  392,  594,  614,  594,  351,  883,  537,  141,  517,  284,  167,  670,  788,  337,  605,  346,  325,  522,  352,  480,  216,  531,  543,  303,  115,  562,  398,  714,  850,  733,  767,  607,  353],
        [  333,  333,  131,  151,  756,  123,  303,    0,  101,  371,   52,  613,  322,  249,  361,  456,  632,  128,  621,  513,  790,  618,  195, 1000,  268,  716,   83,  666,  843,  886,  655,  791,  561,  830,  421,  347,  602,  332,  266,  863,  837,   73,  396,  750,  884,   79,  282,  348,  589,  155,  399,  690,  300,  618,  799,  801,  162,  280,  543,  419,  711,  748,  631,  711,  636,  154,  516,  428,  588,  139,  506,  485,  531,  228,  293,  699,  854,  836,  668,  827,  742,  634],
        [  350,  350,  170,   77,  819,  221,  403,  101,    0,  318,   50,  655,  267,  350,  458,  478,  636,  164,  720,  613,  781,  718,  287, 1084,  215,  788,  136,  746,  911,  940,  748,  826,  657,  820,  420,  361,  699,  430,  175,  858,  851,   47,  467,  845,  943,   79,  383,  432,  598,  154,  376,  747,  204,  711,  803,  896,  263,  244,  639,  517,  758,  768,  731,  775,  733,  198,  558,  499,  658,  228,  543,  512,  624,  326,  230,  799,  923,  863,  682,  876,  813,  732],
        [  245,  245,  288,  241,  748,  478,  619,  371,  318,    0,  343,  534,   51,  569,  702,  328,  400,  285,  863,  784,  506,  875,  556, 1090,  105,  762,  317,  758,  855,  829,  999,  662,  772,  542,  223,  239,  818,  596,  197,  588,  622,  308,  491,  944,  850,  394,  595,  713,  381,  231,  127,  665,  365,  965,  553,  990,  496,  103,  763,  663,  638,  565,  890,  716,  964,  295,  455,  510,  633,  403,  427,  372,  720,  509,   91,  999,  871,  669,  472,  752,  776,  870],
        [  340,  340,  146,  110,  789,  172,  354,   52,   50,  343,    0,  635,  293,  300,  410,  467,  634,  141,  672,  564,  786,  669,  240, 1044,  239,  754,  103,  707,  879,  915,  701,  809,  611,  826,  420,  353,  652,  382,  220,  861,  845,   37,  433,  799,  916,   59,  333,  388,  594,  149,  387,  720,  250,  664,  802,  850,  213,  260,  592,  469,  735,  759,  682,  744,  684,  172,  538,  465,  624,  184,  525,  499,  579,  278,  260,  750,  890,  851,  676,  853,  779,  684],
        [  320,  320,  490,  614,  225,  618,  601,  613,  655,  534,  635,    0,  542,  587,  696,  207,  254,  495,  606,  604,  397,  641,  670,  600,  543,  280,  534,  327,  333,  298,  920,  183,  501,  427,  313,  316,  535,  507,  671,  420,  306,  612,  275,  591,  316,  688,  584,  783,  221,  505,  411,  142,  821,  899,  330,  620,  587,  492,  510,  501,  107,  203,  653,  207,  848,  464,   98,  251,  201,  503,  115,  163,  441,  515,  572,  810,  351,  249,  194,  225,  279,  601],
        [  236,  236,  246,  190,  750,  430,  577,  322,  267,   51,  293,  542,    0,  526,  658,  336,  430,  242,  833,  749,  547,  843,  509, 1082,   54,  756,  271,  745,  855,  839,  956,  680,  744,  583,  236,  234,  790,  559,  156,  628,  653,  257,  472,  920,  856,  343,  553,  665,  406,  186,  149,  667,  324,  921,  588,  967,  451,   68,  734,  630,  647,  590,  857,  715,  923,  255,  457,  494,  625,  362,  430,  379,  694,  469,   44,  962,  871,  693,  497,  763,  772,  840],
        [  423,  423,  281,  391,  658,  134,   54,  249,  350,  569,  300,  587,  526,    0,  137,  508,  702,  285,  384,  269,  875,  375,  114,  820,  476,  586,  260,  513,  721,  805,  432,  768,  343,  915,  526,  439,  378,  117,  509,  934,  869,  318,  315,  527,  789,  303,   34,  198,  652,  340,  549,  613,  542,  398,  856,  579,   87,  467,  321,  198,  662,  767,  387,  609,  398,  276,  503,  343,  482,  166,  509,  516,  331,   77,  510,  452,  727,  834,  708,  765,  618,  398],
        [  558,  558,  415,  510,  734,  239,   99,  361,  458,  702,  410,  696,  658,  137,    0,  637,  831,  417,  349,  230, 1006,  326,  175,  836,  607,  649,  388,  564,  783,  885,  298,  873,  349, 1045,  661,  574,  370,  190,  627, 1062,  988,  433,  422,  510,  863,  397,  121,  117,  781,  472,  686,  701,  635,  263,  981,  558,  208,  601,  324,  229,  760,  885,  334,  686,  275,  411,  619,  446,  564,  301,  629,  642,  361,  210,  639,  353,  785,  944,  832,  854,  682,  366],
        [  128,  128,  326,  425,  422,  495,  539,  456,  478,  328,  467,  207,  336,  508,  637,    0,  195,  330,  658,  617,  369,  683,  562,  778,  339,  448,  374,  462,  530,  503,  904,  354,  553,  408,  109,  119,  596,  466,  469,  428,  382,  439,  258,  692,  522,  524,  517,  700,  145,  324,  207,  338,  626,  877,  353,  732,  478,  288,  553,  495,  312,  293,  697,  393,  846,  304,  131,  258,  329,  378,  100,   44,  492,  431,  367,  838,  547,  386,  213,  428,  458,  658],
        [  301,  301,  502,  572,  468,  683,  733,  632,  636,  400,  634,  254,  430,  702,  831,  195,    0,  505,  824,  798,  176,  854,  753,  848,  455,  533,  551,  577,  572,  491, 1094,  292,  718,  214,  216,  286,  758,  657,  583,  235,  223,  602,  437,  833,  526,  692,  711,  894,   51,  486,  282,  390,  750, 1067,  168,  866,  670,  408,  721,  679,  323,  173,  867,  458, 1032,  484,  253,  429,  445,  568,  227,  194,  656,  625,  471, 1016,  591,  276,   85,  409,  531,  822],
        [  206,  206,    7,  147,  656,  201,  336,  128,  164,  285,  141,  495,  242,  285,  417,  330,  505,    0,  610,  517,  665,  615,  279,  931,  193,  628,   46,  591,  749,  777,  715,  669,  532,  704,  295,  219,  577,  326,  254,  736,  710,  119,  309,  717,  780,  195,  312,  435,  462,   57,  284,  584,  354,  680,  672,  767,  212,  184,  518,  403,  596,  622,  629,  612,  682,   35,  398,  339,  496,  121,  385,  359,  490,  230,  228,  724,  761,  712,  540,  714,  652,  619],
        [  644,  644,  604,  745,  533,  516,  337,  621,  720,  863,  672,  606,  833,  384,  349,  658,  824,  610,    0,  121,  991,   43,  488,  509,  793,  425,  605,  331,  538,  678,  376,  744,  107, 1025,  731,  657,   73,  291,  860, 1024,  909,  682,  402,  165,  640,  683,  350,  462,  777,  664,  796,  540,  920,  373,  935,  211,  466,  766,  106,  207,  623,  807,   51,  495,  291,  586,  573,  401,  412,  500,  598,  639,  169,  395,  830,  211,  534,  830,  790,  677,  456,   19],
        [  582,  582,  512,  645,  577,  403,  220,  513,  613,  784,  564,  604,  749,  269,  230,  617,  798,  517,  121,    0,  970,  106,  369,  614,  706,  476,  506,  383,  602,  727,  321,  762,  140, 1006,  677,  596,  147,  192,  762, 1011,  910,  577,  362,  281,  695,  571,  235,  344,  748,  573,  731,  566,  810,  307,  924,  329,  354,  683,  117,  125,  641,  806,  118,  533,  245,  496,  553,  370,  428,  401,  574,  606,  179,  292,  742,  223,  601,  843,  775,  713,  509,  138],
        [  466,  466,  663,  712,  582,  851,  907,  790,  781,  506,  786,  397,  547,  875, 1006,  369,  176,  665,  991,  970,    0, 1022,  923,  959,  583,  666,  710,  723,  677,  563, 1268,  357,  884,   40,  370,  450,  923,  832,  702,   83,  189,  752,  610,  987,  608,  844,  885, 1066,  226,  639,  408,  516,  870, 1242,  100, 1017,  841,  542,  889,  853,  435,  229, 1035,  584, 1206,  647,  419,  600,  597,  737,  397,  368,  823,  799,  590, 1186,  696,  297,  204,  486,  657,  988],
        [  662,  662,  610,  747,  574,  509,  326,  618,  718,  875,  669,  641,  843,  375,  326,  683,  854,  615,   43,  106, 1022,    0,  474,  547,  802,  467,  607,  373,  580,  719,  334,  782,  141, 1057,  753,  676,  113,  292,  863, 1057,  945,  681,  426,  199,  682,  677,  341,  436,  806,  671,  814,  579,  915,  332,  968,  242,  460,  777,  133,  214,  661,  842,   15,  535,  249,  593,  603,  427,  449,  502,  627,  666,  201,  394,  839,  172,  576,  868,  822,  718,  498,   59],
        [  458,  458,  278,  345,  760,   80,  151,  195,  287,  556,  240,  670,  509,  114,  175,  562,  753,  279,  488,  369,  923,  474,    0,  933,  456,  694,  241,  624,  829,  905,  462,  852,  456,  962,  559,  474,  489,  231,  459,  987,  937,  267,  406,  637,  892,  223,  143,  157,  705,  328,  562,  710,  461,  425,  914,  688,   84,  459,  433,  311,  753,  838,  485,  712,  449,  284,  580,  437,  585,  186,  581,  578,  445,  161,  484,  526,  836,  913,  771,  860,  725,  503],
        [  847,  847,  925, 1077,  381,  931,  790, 1000, 1084, 1090, 1044,  600, 1082,  820,  836,  778,  848,  931,  509,  614,  959,  547,  933,    0, 1063,  331,  950,  342,  283,  421,  869,  608,  488,  979,  885,  852,  468,  703, 1172,  950,  800, 1038,  625,  350,  369, 1076,  793,  952,  819,  970,  980,  459, 1284,  873,  869,  319,  881, 1018,  513,  625,  529,  732,  547,  393,  784,  898,  648,  597,  458,  862,  680,  738,  489,  791, 1099,  670,  264,  687,  775,  482,  323,  491],
        [  226,  226,  197,  139,  742,  377,  528,  268,  215,  105,  239,  543,   54,  476,  607,  339,  455,  193,  793,  706,  583,  802,  456, 1063,    0,  741,  219,  724,  846,  839,  905,  691,  708,  620,  249,  228,  753,  515,  132,  663,  678,  204,  445,  887,  854,  291,  504,  612,  426,  137,  177,  662,  296,  869,  618,  935,  400,   52,  696,  589,  649,  609,  816,  706,  874,  210,  453,  469,  608,  313,  429,  382,  660,  422,   38,  916,  861,  710,  517,  766,  759,  801],
        [  521,  521,  622,  771,  111,  671,  575,  716,  788,  762,  754,  280,  756,  586,  649,  448,  533,  628,  425,  476,  666,  467,  694,  331,  741,    0,  653,   95,  136,  253,  791,  348,  340,  691,  555,  524,  355,  475,  856,  673,  534,  742,  322,  351,  220,  794,  568,  759,  499,  660,  650,  151,  981,  781,  586,  367,  626,  695,  360,  421,  236,  446,  475,   85,  709,  594,  318,  290,  134,  580,  350,  408,  299,  536,  776,  635,  142,  436,  468,  257,   34,  413],
        [  251,  251,   49,  141,  687,  162,  313,   83,  136,  317,  103,  534,  271,  260,  388,  374,  551,   46,  605,  506,  710,  607,  241,  950,  219,  653,    0,  611,  777,  812,  686,  710,  533,  750,  341,  265,  577,  316,  257,  782,  755,   90,  333,  720,  813,  154,  290,  397,  507,   88,  327,  617,  335,  651,  717,  771,  181,  219,  517,  399,  634,  666,  621,  642,  657,   72,  437,  364,  523,  106,  426,  403,  496,  215,  251,  707,  789,  755,  585,  751,  679,  616],
        [  513,  513,  584,  737,  203,  608,  496,  666,  746,  758,  707,  327,  745,  513,  564,  462,  577,  591,  331,  383,  723,  373,  624,  342,  724,   95,  611,    0,  221,  348,  697,  428,  246,  752,  564,  520,  261,  398,  831,  739,  607,  700,  284,  270,  313,  743,  492,  677,  537,  629,  654,  223,  944,  687,  650,  295,  561,  681,  267,  336,  309,  513,  382,  167,  615,  557,  340,  256,  136,  528,  372,  427,  209,  470,  760,  541,  222,  515,  521,  348,  127,  320],
        [  621,  621,  743,  888,  109,  804,  710,  843,  911,  855,  879,  333,  855,  721,  783,  530,  572,  749,  538,  602,  677,  580,  829,  283,  846,  136,  777,  221,    0,  159,  911,  326,  463,  696,  638,  622,  471,  610,  966,  668,  518,  865,  448,  434,  110,  922,  703,  893,  548,  777,  736,  193, 1099,  903,  586,  436,  759,  797,  485,  554,  250,  449,  587,  141,  827,  715,  400,  415,  255,  709,  430,  487,  429,  670,  879,  742,   20,  407,  496,  204,  104,  524],
        [  616,  616,  772,  905,  152,  867,  803,  886,  940,  829,  915,  298,  839,  805,  885,  503,  491,  777,  678,  727,  563,  719,  905,  421,  839,  253,  812,  348,  159,    0, 1044,  207,  592,  575,  607,  613,  608,  702,  967,  540,  388,  895,  502,  588,   53,  963,  792,  990,  479,  794,  704,  197, 1114, 1032,  466,  593,  828,  789,  612,  661,  192,  339,  728,  199,  962,  744,  389,  470,  324,  762,  411,  460,  549,  744,  869,  886,  174,  273,  407,   82,  222,  665],
        [  842,  842,  712,  805,  895,  534,  384,  655,  748,  999,  701,  920,  956,  432,  298,  904, 1094,  715,  376,  321, 1268,  334,  462,  869,  905,  791,  686,  697,  911, 1044,    0, 1081,  452, 1306,  944,  857,  440,  439,  920, 1316, 1224,  728,  661,  520, 1009,  681,  408,  327, 1043,  770,  977,  887,  910,   38, 1231,  551,  506,  898,  433,  421,  961, 1120,  330,  852,   86,  707,  860,  676,  749,  597,  877,  901,  499,  498,  937,  206,  908, 1162, 1081, 1034,  823,  392],
        [  480,  480,  664,  778,  246,  800,  780,  791,  826,  662,  809,  183,  680,  768,  873,  354,  292,  669,  744,  762,  357,  782,  852,  608,  691,  348,  710,  428,  326,  207, 1081,    0,  644,  373,  445,  473,  672,  683,  822,  342,  193,  784,  454,  696,  251,  864,  764,  963,  290,  673,  536,  206,  980, 1063,  262,  715,  770,  640,  657,  668,  122,  133,  794,  264, 1006,  639,  277,  428,  335,  685,  285,  316,  588,  697,  715,  953,  345,   89,  208,  130,  329,  736],
        [  546,  546,  526,  674,  444,  468,  307,  561,  657,  772,  611,  501,  744,  343,  349,  553,  718,  532,  107,  140,  884,  141,  456,  488,  708,  340,  533,  246,  463,  592,  452,  644,    0,  918,  630,  558,   47,  234,  785,  917,  805,  616,  299,  189,  559,  629,  313,  465,  670,  584,  699,  442,  860,  441,  828,  240,  417,  677,   25,  147,  522,  702,  153,  402,  371,  505,  466,  295,  310,  431,  491,  533,   62,  335,  746,  311,  462,  729,  683,  585,  372,  106],
        [  506,  506,  702,  750,  605,  891,  946,  830,  820,  542,  826,  427,  583,  915, 1045,  408,  214,  704, 1025, 1006,   40, 1057,  962,  979,  620,  691,  750,  752,  696,  575, 1306,  373,  918,    0,  410,  490,  956,  870,  738,   57,  193,  791,  647, 1018,  622,  883,  924, 1106,  264,  678,  446,  541,  906, 1280,  111, 1046,  881,  580,  924,  890,  458,  248, 1070,  609, 1243,  687,  455,  637,  628,  777,  433,  406,  857,  838,  626, 1221,  715,  306,  236,  502,  681, 1022],
        [  104,  104,  293,  357,  531,  485,  565,  421,  420,  223,  420,  313,  236,  526,  661,  109,  216,  295,  731,  677,  370,  753,  559,  885,  249,  555,  341,  564,  638,  607,  944,  445,  630,  410,    0,   87,  675,  508,  380,  442,  434,  387,  331,  782,  628,  478,  541,  708,  180,  272,   99,  447,  544,  913,  383,  824,  480,  199,  626,  552,  416,  360,  767,  502,  892,  279,  240,  340,  433,  375,  209,  153,  571,  452,  272,  899,  655,  461,  269,  530,  566,  734],
        [   17,   17,  216,  307,  517,  401,  478,  347,  361,  239,  353,  316,  234,  439,  574,  119,  286,  219,  657,  596,  450,  676,  474,  852,  228,  524,  265,  520,  622,  613,  857,  473,  558,  490,   87,    0,  604,  423,  355,  519,  493,  323,  264,  719,  627,  410,  455,  622,  243,  207,  142,  436,  508,  827,  453,  763,  394,  177,  553,  472,  422,  408,  690,  482,  807,  198,  226,  278,  395,  290,  202,  158,  501,  365,  259,  818,  638,  504,  324,  540,  539,  661],
        [  591,  591,  571,  717,  462,  506,  339,  602,  699,  818,  652,  535,  790,  378,  370,  596,  758,  577,   73,  147,  923,  113,  489,  468,  753,  355,  577,  261,  471,  608,  440,  672,   47,  956,  675,  604,    0,  272,  830,  953,  837,  658,  344,  150,  571,  669,  347,  486,  711,  629,  744,  468,  901,  434,  864,  201,  455,  723,   61,  185,  550,  736,  123,  423,  357,  550,  506,  339,  340,  473,  532,  575,  105,  375,  791,  283,  468,  758,  721,  605,  386,   66],
        [  407,  407,  320,  456,  552,  235,  102,  332,  430,  596,  382,  507,  559,  117,  190,  466,  657,  326,  291,  192,  832,  292,  231,  703,  515,  475,  316,  398,  610,  702,  439,  683,  234,  870,  508,  423,  272,    0,  572,  883,  803,  392,  234,  421,  682,  397,   94,  289,  607,  382,  551,  514,  631,  411,  800,  472,  184,  494,  213,   88,  571,  699,  305,  504,  385,  305,  434,  257,  379,  211,  446,  465,  216,  105,  551,  404,  615,  756,  650,  667,  507,  303],
        [  352,  352,  260,  119,  865,  388,  563,  266,  175,  197,  220,  671,  156,  509,  627,  469,  583,  254,  860,  762,  702,  863,  459, 1172,  132,  856,  257,  831,  966,  967,  920,  822,  785,  738,  380,  355,  830,  572,    0,  783,  806,  194,  548,  970,  980,  251,  541,  607,  556,  205,  302,  786,  169,  883,  743, 1020,  424,  183,  770,  654,  777,  739,  877,  826,  901,  283,  580,  575,  723,  362,  557,  511,  743,  471,  114,  960,  981,  841,  647,  895,  876,  871],
        [  534,  534,  734,  790,  581,  918,  963,  863,  858,  588,  861,  420,  628,  934, 1062,  428,  235,  736, 1024, 1011,   83, 1057,  987,  950,  663,  673,  782,  739,  668,  540, 1316,  342,  917,   57,  442,  519,  953,  883,  783,    0,  153,  828,  656, 1007,  588,  919,  942, 1127,  283,  713,  487,  523,  951, 1292,   90, 1033,  905,  621,  924,  898,  438,  227, 1069,  589, 1251,  717,  459,  643,  620,  803,  440,  420,  856,  858,  671, 1223,  686,  268,  237,  469,  660, 1019],
        [  505,  505,  707,  790,  437,  873,  891,  837,  851,  622,  845,  306,  653,  869,  988,  382,  223,  710,  909,  910,  189,  945,  937,  800,  678,  534,  755,  607,  518,  388, 1224,  193,  805,  193,  434,  493,  837,  803,  806,  153,    0,  815,  569,  877,  436,  902,  871, 1065,  254,  699,  504,  387,  973, 1202,   91,  899,  853,  630,  815,  804,  300,  105,  957,  450, 1154,  685,  370,  550,  498,  756,  360,  360,  745,  794,  693, 1114,  537,  116,  170,  318,  519,  903],
        [  311,  311,  124,   78,  773,  195,  372,   73,   47,  308,   37,  612,  257,  318,  433,  439,  602,  119,  682,  577,  752,  681,  267, 1038,  204,  742,   90,  700,  865,  895,  728,  784,  616,  791,  387,  323,  658,  392,  194,  828,  815,    0,  421,  804,  898,   93,  350,  419,  562,  117,  351,  702,  247,  691,  769,  854,  232,  224,  598,  477,  714,  730,  694,  729,  708,  152,  515,  453,  611,  186,  501,  472,  581,  287,  225,  769,  877,  823,  646,  832,  767,  693],
        [  253,  253,  302,  454,  364,  366,  327,  396,  467,  491,  433,  275,  472,  315,  422,  258,  437,  309,  402,  362,  610,  426,  406,  625,  445,  322,  333,  284,  448,  502,  661,  454,  299,  647,  331,  264,  344,  234,  548,  656,  569,  421,    0,  456,  494,  474,  310,  510,  387,  346,  405,  306,  662,  637,  571,  501,  327,  405,  297,  243,  348,  465,  440,  317,  597,  275,  200,   33,  193,  263,  216,  245,  240,  247,  482,  582,  458,  523,  420,  455,  347,  404],
        [  708,  708,  711,  860,  460,  655,  487,  750,  845,  944,  799,  591,  920,  527,  510,  692,  833,  717,  165,  281,  987,  199,  637,  350,  887,  351,  720,  270,  434,  588,  520,  696,  189, 1018,  782,  719,  150,  421,  970, 1007,  877,  804,  456,    0,  543,  818,  496,  625,  790,  767,  860,  492, 1048,  523,  918,   52,  604,  852,  209,  334,  579,  782,  198,  433,  435,  688,  584,  443,  391,  618,  614,  664,  228,  523,  924,  326,  425,  784,  784,  606,  375,  147],
        [  629,  629,  774,  912,  132,  859,  783,  884,  943,  850,  916,  316,  856,  789,  863,  522,  526,  780,  640,  695,  608,  682,  892,  369,  854,  220,  813,  313,  110,   53, 1009,  251,  559,  622,  628,  627,  571,  682,  980,  588,  436,  898,  494,  543,    0,  962,  774,  970,  510,  801,  726,  197, 1123, 1000,  512,  546,  818,  804,  579,  636,  214,  382,  690,  180,  927,  746,  401,  462,  308,  757,  426,  478,  518,  731,  884,  847,  123,  321,  444,  122,  187,  627],
        [  398,  398,  200,  155,  835,  169,  354,   79,   79,  394,   59,  688,  343,  303,  397,  524,  692,  195,  683,  571,  844,  677,  223, 1076,  291,  794,  154,  743,  922,  963,  681,  864,  629,  883,  478,  410,  669,  397,  251,  919,  902,   93,  474,  818,  962,    0,  336,  360,  651,  207,  444,  768,  241,  643,  860,  869,  217,  315,  610,  485,  787,  816,  689,  789,  671,  225,  590,  507,  667,  216,  579,  554,  602,  295,  308,  745,  932,  906,  733,  904,  821,  697],
        [  438,  438,  308,  423,  643,  168,   25,  282,  383,  595,  333,  584,  553,   34,  121,  517,  711,  312,  350,  235,  885,  341,  143,  793,  504,  568,  290,  492,  703,  792,  408,  764,  313,  924,  541,  455,  347,   94,  541,  942,  871,  350,  310,  496,  774,  336,    0,  201,  661,  368,  570,  602,  576,  376,  862,  547,  121,  493,  290,  169,  655,  769,  353,  595,  370,  301,  504,  337,  469,  192,  512,  522,  304,   90,  538,  420,  708,  832,  713,  755,  600,  365],
        [  606,  606,  434,  496,  840,  236,  188,  348,  432,  713,  388,  783,  665,  198,  117,  700,  894,  435,  462,  344, 1066,  436,  157,  952,  612,  759,  397,  677,  893,  990,  327,  963,  465, 1106,  708,  622,  486,  289,  607, 1127, 1065,  419,  510,  625,  970,  360,  201,    0,  845,  484,  717,  801,  585,  289, 1051,  672,  229,  615,  440,  341,  855,  964,  443,  792,  333,  438,  700,  537,  667,  334,  706,  711,  475,  272,  639,  436,  897, 1031,  904,  954,  791,  480],
        [  257,  257,  459,  536,  441,  637,  683,  589,  598,  381,  594,  221,  406,  652,  781,  145,   51,  462,  777,  748,  226,  806,  705,  819,  426,  499,  507,  537,  548,  479, 1043,  290,  670,  264,  180,  243,  711,  607,  556,  283,  254,  562,  387,  790,  510,  651,  661,  845,    0,  446,  257,  361,  722, 1017,  211,  824,  622,  377,  673,  629,  301,  185,  819,  427,  982,  440,  207,  380,  404,  521,  179,  144,  608,  576,  444,  967,  566,  289,   92,  397,  499,  775],
        [  196,  196,   62,  112,  680,  249,  392,  155,  154,  231,  149,  505,  186,  340,  472,  324,  486,   57,  664,  573,  639,  671,  328,  970,  137,  660,   88,  629,  777,  794,  770,  673,  584,  678,  272,  207,  629,  382,  205,  713,  699,  117,  346,  767,  801,  207,  368,  484,  446,    0,  245,  605,  323,  735,  654,  817,  266,  132,  570,  458,  609,  615,  684,  638,  738,   80,  409,  375,  527,  177,  392,  359,  540,  286,  171,  781,  790,  709,  530,  728,  682,  673],
        [  153,  153,  285,  304,  629,  484,  594,  399,  376,  127,  387,  411,  149,  549,  686,  207,  282,  284,  796,  731,  408,  814,  562,  980,  177,  650,  327,  654,  736,  704,  977,  536,  699,  446,   99,  142,  744,  551,  302,  487,  504,  351,  405,  860,  726,  444,  570,  717,  257,  245,    0,  545,  470,  945,  442,  904,  490,  134,  692,  607,  514,  442,  828,  599,  932,  279,  337,  418,  525,  387,  306,  250,  642,  480,  189,  951,  753,  545,  349,  626,  662,  801],
        [  436,  436,  578,  716,   85,  671,  614,  690,  747,  665,  720,  142,  667,  613,  701,  338,  390,  584,  540,  566,  516,  579,  710,  459,  662,  151,  617,  223,  193,  197,  887,  206,  442,  541,  447,  436,  468,  514,  786,  523,  387,  702,  306,  492,  197,  768,  602,  801,  361,  605,  545,    0,  927,  871,  435,  513,  632,  612,  457,  483,   88,  296,  590,   69,  809,  550,  211,  274,  140,  565,  239,  295,  389,  550,  694,  750,  210,  294,  320,  154,  142,  531],
        [  502,  502,  360,  212, 1003,  409,  594,  300,  204,  365,  250,  821,  324,  542,  635,  626,  750,  354,  920,  810,  870,  915,  461, 1284,  296,  981,  335,  944, 1099, 1114,  910,  980,  860,  906,  544,  508,  901,  631,  169,  951,  973,  247,  662, 1048, 1123,  241,  576,  585,  722,  323,  470,  927,    0,  872,  911, 1099,  456,  345,  841,  718,  926,  903,  928,  961,  907,  388,  727,  693,  849,  431,  707,  666,  827,  527,  282,  985, 1112, 1004,  812, 1045, 1004,  933],
        [  811,  811,  677,  768,  883,  498,  351,  618,  711,  965,  664,  899,  921,  398,  263,  877, 1067,  680,  373,  307, 1242,  332,  425,  873,  869,  781,  651,  687,  903, 1032,   38, 1063,  441, 1280,  913,  827,  434,  411,  883, 1292, 1202,  691,  637,  523, 1000,  643,  376,  289, 1017,  735,  945,  871,  872,    0, 1207,  557,  470,  863,  421,  399,  944, 1098,  329,  839,   92,  673,  836,  653,  732,  563,  852,  875,  485,  465,  901,  221,  900, 1143, 1057, 1019,  813,  390],
        [  467,  467,  669,  738,  496,  846,  883,  799,  803,  553,  802,  330,  588,  856,  981,  353,  168,  672,  935,  924,  100,  968,  914,  869,  618,  586,  717,  650,  586,  466, 1231,  262,  828,  111,  383,  453,  864,  800,  743,   90,   91,  769,  571,  918,  512,  860,  862, 1051,  211,  654,  442,  435,  911, 1207,    0,  944,  831,  572,  836,  812,  351,  140,  981,  502, 1165,  650,  372,  556,  530,  730,  356,  341,  767,  780,  630, 1135,  605,  198,  151,  392,  574,  930],
        [  753,  753,  761,  910,  474,  707,  537,  801,  896,  990,  850,  620,  967,  579,  558,  732,  866,  767,  211,  329, 1017,  242,  688,  319,  935,  367,  771,  295,  436,  593,  551,  715,  240, 1046,  824,  763,  201,  472, 1020, 1033,  899,  854,  501,   52,  546,  869,  547,  672,  824,  817,  904,  513, 1099,  557,  944,    0,  655,  900,  260,  385,  600,  807,  238,  451,  468,  738,  620,  486,  422,  669,  651,  702,  277,  575,  973,  352,  426,  803,  814,  618,  389,  193],
        [  378,  378,  210,  306,  686,   52,  141,  162,  263,  496,  213,  587,  451,   87,  208,  478,  670,  212,  466,  354,  841,  460,   84,  881,  400,  626,  181,  561,  759,  828,  506,  770,  417,  881,  480,  394,  455,  184,  424,  905,  853,  232,  327,  604,  818,  217,  121,  229,  622,  266,  490,  632,  456,  470,  831,  655,    0,  396,  396,  271,  672,  754,  472,  638,  479,  211,  496,  359,  511,  105,  497,  494,  397,   91,  431,  538,  767,  829,  687,  781,  656,  480],
        [  177,  177,  187,  171,  693,  380,  517,  280,  244,  103,  260,  492,   68,  467,  601,  288,  408,  184,  766,  683,  542,  777,  459, 1018,   52,  695,  219,  681,  797,  789,  898,  640,  677,  580,  199,  177,  723,  494,  183,  621,  630,  224,  405,  852,  804,  315,  493,  615,  377,  132,  134,  612,  345,  863,  572,  900,  396,    0,  666,  564,  598,  559,  791,  657,  862,  193,  403,  428,  563,  302,  378,  331,  627,  407,   82,  898,  813,  660,  467,  715,  712,  773],
        [  540,  540,  512,  658,  462,  447,  284,  543,  639,  763,  592,  510,  734,  321,  324,  553,  721,  518,  106,  117,  889,  133,  433,  513,  696,  360,  517,  267,  485,  612,  433,  657,   25,  924,  626,  553,   61,  213,  770,  924,  815,  598,  297,  209,  579,  610,  290,  440,  673,  570,  692,  457,  841,  421,  836,  260,  396,  666,    0,  126,  536,  712,  146,  420,  353,  491,  471,  296,  322,  414,  495,  534,   70,  316,  734,  300,  484,  741,  690,  602,  393,  109],
        [  457,  457,  398,  539,  509,  322,  167,  419,  517,  663,  469,  501,  630,  198,  229,  495,  679,  403,  207,  125,  853,  214,  311,  625,  589,  421,  399,  336,  554,  661,  421,  668,  147,  890,  552,  472,  185,   88,  654,  898,  804,  477,  243,  334,  636,  485,  169,  341,  629,  458,  607,  483,  718,  399,  812,  385,  271,  564,  126,    0,  550,  700,  228,  462,  354,  380,  440,  256,  344,  294,  458,  486,  137,  192,  626,  347,  557,  746,  662,  636,  454,  218],
        [  426,  426,  591,  718,  149,  706,  670,  711,  758,  638,  735,  107,  647,  662,  760,  312,  323,  596,  623,  641,  435,  661,  753,  529,  649,  236,  634,  309,  250,  192,  961,  122,  522,  458,  416,  422,  550,  571,  777,  438,  300,  714,  348,  579,  214,  787,  655,  855,  301,  609,  514,   88,  926,  944,  351,  600,  672,  598,  536,  550,    0,  211,  672,  152,  885,  564,  201,  319,  214,  594,  221,  269,  466,  594,  678,  832,  269,  208,  247,  119,  223,  614],
        [  419,  419,  618,  712,  357,  777,  788,  748,  768,  565,  759,  203,  590,  767,  885,  293,  173,  622,  807,  806,  229,  842,  838,  732,  609,  446,  666,  513,  449,  339, 1120,  133,  702,  248,  360,  408,  736,  699,  739,  227,  105,  730,  465,  782,  382,  816,  769,  964,  185,  615,  442,  296,  903, 1098,  140,  807,  754,  559,  712,  700,  211,    0,  855,  363, 1050,  595,  266,  446,  398,  659,  259,  265,  643,  692,  628, 1012,  468,  105,   94,  261,  434,  802],
        [  677,  677,  624,  761,  584,  521,  337,  631,  731,  890,  682,  653,  857,  387,  334,  697,  867,  629,   51,  118, 1035,   15,  485,  547,  816,  475,  621,  382,  587,  728,  330,  794,  153, 1070,  767,  690,  123,  305,  877, 1069,  957,  694,  440,  198,  690,  689,  353,  443,  819,  684,  828,  590,  928,  329,  981,  238,  472,  791,  146,  228,  672,  855,    0,  545,  245,  607,  617,  441,  461,  515,  641,  680,  214,  407,  853,  161,  583,  879,  835,  727,  506,   64],
        [  481,  481,  606,  749,   49,  680,  605,  711,  775,  716,  744,  207,  715,  609,  686,  393,  458,  612,  495,  533,  584,  535,  712,  393,  706,   85,  642,  167,  141,  199,  852,  264,  402,  609,  502,  482,  423,  504,  826,  589,  450,  729,  317,  433,  180,  789,  595,  792,  427,  638,  599,   69,  961,  839,  502,  451,  638,  657,  420,  462,  152,  363,  545,    0,  772,  578,  263,  284,  128,  580,  293,  351,  354,  552,  739,  705,  156,  352,  389,  183,   74,  484],
        [  792,  792,  678,  784,  814,  514,  346,  636,  733,  964,  684,  848,  923,  398,  275,  846, 1032,  682,  291,  245, 1206,  249,  449,  784,  874,  709,  657,  615,  827,  962,   86, 1006,  371, 1243,  892,  807,  357,  385,  901, 1251, 1154,  708,  597,  435,  927,  671,  370,  333,  982,  738,  932,  809,  907,   92, 1165,  468,  479,  862,  353,  354,  885, 1050,  245,  772,    0,  670,  793,  609,  672,  562,  812,  839,  420,  457,  907,  130,  824, 1088, 1015,  954,  741,  307],
        [  184,  184,   29,  180,  622,  208,  325,  154,  198,  295,  172,  464,  255,  276,  411,  304,  484,   35,  586,  496,  647,  593,  284,  898,  210,  594,   72,  557,  715,  744,  707,  639,  505,  687,  279,  198,  550,  305,  283,  717,  685,  152,  275,  688,  746,  225,  301,  438,  440,   80,  279,  550,  388,  673,  650,  738,  211,  193,  491,  380,  564,  595,  607,  578,  670,    0,  366,  305,  462,  111,  354,  332,  461,  215,  247,  707,  727,  683,  516,  682,  618,  595],
        [  228,  228,  392,  518,  294,  524,  522,  516,  558,  455,  538,   98,  457,  503,  619,  131,  253,  398,  573,  553,  419,  603,  580,  648,  453,  318,  437,  340,  400,  389,  860,  277,  466,  455,  240,  226,  506,  434,  580,  459,  370,  515,  200,  584,  401,  590,  504,  700,  207,  409,  337,  211,  727,  836,  372,  620,  496,  403,  471,  440,  201,  266,  617,  263,  793,  366,    0,  185,  205,  409,   33,   90,  404,  429,  484,  767,  417,  334,  223,  320,  327,  570],
        [  269,  269,  333,  483,  331,  398,  352,  428,  499,  510,  465,  251,  494,  343,  446,  258,  429,  339,  401,  370,  600,  427,  437,  597,  469,  290,  364,  256,  415,  470,  676,  428,  295,  637,  340,  278,  339,  257,  575,  643,  550,  453,   33,  443,  462,  507,  337,  537,  380,  375,  418,  274,  693,  653,  556,  486,  359,  428,  296,  256,  319,  446,  441,  284,  609,  305,  185,    0,  161,  296,  204,  239,  235,  277,  506,  587,  426,  499,  406,  424,  315,  401],
        [  390,  390,  490,  638,  176,  553,  480,  588,  658,  633,  624,  201,  625,  482,  564,  329,  445,  496,  412,  428,  597,  449,  585,  458,  608,  134,  523,  136,  255,  324,  749,  335,  310,  628,  433,  395,  340,  379,  723,  620,  498,  611,  193,  391,  308,  667,  469,  667,  404,  527,  525,  140,  849,  732,  530,  422,  511,  563,  322,  344,  214,  398,  461,  128,  672,  462,  205,  161,    0,  455,  237,  292,  253,  424,  644,  620,  266,  420,  394,  292,  156,  405],
        [  273,  273,  117,  246,  627,  118,  216,  139,  228,  403,  184,  503,  362,  166,  301,  378,  568,  121,  500,  401,  737,  502,  186,  862,  313,  580,  106,  528,  709,  762,  597,  685,  431,  777,  375,  290,  473,  211,  362,  803,  756,  186,  263,  618,  757,  216,  192,  334,  521,  177,  387,  565,  431,  563,  730,  669,  105,  302,  414,  294,  594,  659,  515,  580,  562,  111,  409,  296,  455,    0,  405,  396,  396,  111,  348,  605,  719,  739,  588,  708,  608,  511],
        [  206,  206,  380,  500,  323,  522,  531,  506,  543,  427,  525,  115,  430,  509,  629,  100,  227,  385,  598,  574,  397,  627,  581,  680,  429,  350,  426,  372,  430,  411,  877,  285,  491,  433,  209,  202,  532,  446,  557,  440,  360,  501,  216,  614,  426,  579,  512,  706,  179,  392,  306,  239,  707,  852,  356,  651,  497,  378,  495,  458,  221,  259,  641,  293,  812,  354,   33,  204,  237,  405,    0,   58,  430,  434,  459,  790,  447,  335,  205,  340,  358,  596],
        [  165,  165,  355,  463,  379,  514,  543,  485,  512,  372,  499,  163,  379,  516,  642,   44,  194,  359,  639,  606,  368,  666,  578,  738,  382,  408,  403,  427,  487,  460,  901,  316,  533,  406,  153,  158,  575,  465,  511,  420,  360,  472,  245,  664,  478,  554,  522,  711,  144,  359,  250,  295,  666,  875,  341,  702,  494,  331,  534,  486,  269,  265,  680,  351,  839,  332,   90,  239,  292,  396,   58,    0,  471,  440,  410,  825,  504,  353,  194,  385,  416,  638],
        [  489,  489,  484,  634,  398,  447,  303,  531,  624,  720,  579,  441,  694,  331,  361,  492,  656,  490,  169,  179,  823,  201,  445,  489,  660,  299,  496,  209,  429,  549,  499,  588,   62,  857,  571,  501,  105,  216,  743,  856,  745,  581,  240,  228,  518,  602,  304,  475,  608,  540,  642,  389,  827,  485,  767,  277,  397,  627,   70,  137,  466,  643,  214,  354,  420,  461,  404,  235,  253,  396,  430,  471,    0,  309,  698,  370,  430,  672,  622,  535,  332,  167],
        [  349,  349,  225,  354,  600,  140,  115,  228,  326,  509,  278,  515,  469,   77,  210,  431,  625,  230,  395,  292,  799,  394,  161,  791,  422,  536,  215,  470,  670,  744,  498,  697,  335,  838,  452,  365,  375,  105,  471,  858,  794,  287,  247,  523,  731,  295,   90,  272,  576,  286,  480,  550,  527,  465,  780,  575,   91,  407,  316,  192,  594,  692,  407,  552,  457,  215,  429,  277,  424,  111,  434,  440,  309,    0,  457,  495,  678,  761,  632,  700,  567,  407],
        [  259,  259,  232,  153,  775,  407,  562,  293,  230,   91,  260,  572,   44,  510,  639,  367,  471,  228,  830,  742,  590,  839,  484, 1099,   38,  776,  251,  760,  879,  869,  937,  715,  746,  626,  272,  259,  791,  551,  114,  671,  693,  225,  482,  924,  884,  308,  538,  639,  444,  171,  189,  694,  282,  901,  630,  973,  431,   82,  734,  626,  678,  628,  853,  739,  907,  247,  484,  506,  644,  348,  459,  410,  698,  457,    0,  951,  894,  731,  536,  794,  793,  838],
        [  803,  803,  720,  842,  743,  580,  398,  699,  799,  999,  750,  810,  962,  452,  353,  838, 1016,  724,  211,  223, 1186,  172,  526,  670,  916,  635,  707,  541,  742,  886,  206,  953,  311, 1221,  899,  818,  283,  404,  960, 1223, 1114,  769,  582,  326,  847,  745,  420,  436,  967,  781,  951,  750,  985,  221, 1135,  352,  538,  898,  300,  347,  832, 1012,  161,  705,  130,  707,  767,  587,  620,  605,  790,  825,  370,  495,  951,    0,  736, 1039,  988,  888,  665,  222],
