{
    "name": "random-12-30144",
    "comment": "size=12 seed=30144",
    "nodes": ["+0", "-0", "+1", "-1", "+2", "-2", "+3", "-3", "+4", "-4", "+5", "-5", "+6", "-6", "+7", "-7", "+8", "-8", "+9", "-9", "+10", "-10", "+11", "-11", "+12", "-12"],
    "precedence": {
        "+0": "-0",
        "+1": "-1",
        "+2": "-2",
        "+3": "-3",
        "+4": "-4",
        "+5": "-5",
        "+6": "-6",
        "+7": "-7",
        "+8": "-8",
        "+9": "-9",
        "+10": "-10",
        "+11": "-11",
        "+12": "-12"
    },
    "edges": [
        [    0,    0,  714,  776,  821,  247,  693,  666,  563,  570,  679,  307,  453,  745,  618,  391,  283,  310,  561,  340,  483,  800,  284,  565,  542,  270],
        [    0,    0,  714,  776,  821,  247,  693,  666,  563,  570,  679,  307,  453,  745,  618,  391,  283,  310,  561,  340,  483,  800,  284,  565,  542,  270],
        [  714,  714,    0,  173,  217,  764,  105,  196,  151,  914,  827,  912, 1040,  954,  721,  966,  851,  779,  762,  547,  404,  393,  432,  160,  859,  912],
        [  776,  776,  173,    0,   50,  871,   99,  119,  260,  859,  737,  923, 1036,  865,  635,  964,  858,  897,  693,  537,  365,  234,  512,  294,  804,  934],
        [  821,  821,  217,   50,    0,  920,  149,  157,  310,  878,  746,  958, 1067,  873,  646,  996,  893,  946,  710,  571,  395,  217,  559,  344,  824,  971],
        [  247,  247,  764,  871,  920,    0,  777,  778,  622,  817,  919,  530,  667,  990,  850,  615,  520,   65,  801,  552,  656,  952,  368,  604,  788,  480],
        [  693,  693,  105,   99,  149,  777,    0,   93,  162,  832,  733,  861,  982,  860,  627,  908,  798,  801,  674,  483,  323,  292,  422,  196,  777,  868],
        [  666,  666,  196,  119,  157,  778,   93,    0,  201,  750,  642,  805,  918,  769,  537,  846,  740,  809,  588,  419,  248,  218,  412,  247,  695,  817],
        [  563,  563,  151,  260,  310,  622,  162,  201,    0,  804,  746,  770,  902,  869,  640,  828,  711,  643,  666,  421,  308,  418,  281,   49,  750,  767],
        [  570,  570,  914,  859,  878,  817,  832,  750,  804,    0,  216,  348,  324,  199,  261,  298,  318,  880,  175,  392,  510,  720,  657,  839,   56,  406],
        [  679,  679,  827,  737,  746,  919,  733,  642,  746,  216,    0,  530,  534,  128,  107,  497,  483,  980,  119,  398,  439,  559,  676,  789,  189,  583],
        [  307,  307,  912,  923,  958,  530,  861,  805,  770,  348,  530,    0,  148,  546,  516,   86,   66,  593,  429,  388,  566,  867,  526,  787,  347,   60],
        [  453,  453, 1040, 1036, 1067,  667,  982,  918,  902,  324,  534,  148,    0,  516,  550,   75,  195,  729,  457,  500,  672,  954,  669,  923,  346,  188],
        [  745,  745,  954,  865,  873,  990,  860,  769,  869,  199,  128,  546,  516,    0,  234,  496,  513, 1053,  213,  500,  561,  683,  779,  910,  207,  604],
        [  618,  618,  721,  635,  646,  850,  627,  537,  640,  261,  107,  516,  550,  234,    0,  500,  461,  909,   94,  310,  333,  468,  583,  683,  216,  563],
        [  391,  391,  966,  964,  996,  615,  908,  846,  828,  298,  497,   86,   75,  496,  500,    0,  122,  678,  409,  428,  601,  888,  597,  849,  309,  138],
        [  283,  283,  851,  858,  893,  520,  798,  740,  711,  318,  483,   66,  195,  513,  461,  122,    0,  584,  377,  323,  501,  801,  475,  730,  308,  103],
        [  310,  310,  779,  897,  946,   65,  801,  809,  643,  880,  980,  593,  729, 1053,  909,  678,  584,    0,  861,  607,  702,  990,  405,  620,  851,  543],
        [  561,  561,  762,  693,  710,  801,  674,  588,  666,  175,  119,  429,  457,  213,   94,  409,  377,  861,    0,  288,  360,  546,  568,  705,  125,  478],
        [  340,  340,  547,  537,  571,  552,  483,  419,  421,  392,  398,  388,  500,  500,  310,  428,  323,  607,  288,    0,  179,  490,  280,  452,  341,  407],
        [  483,  483,  404,  365,  395,  656,  323,  248,  308,  510,  439,  566,  672,  561,  333,  601,  501,  702,  360,  179,    0,  319,  310,  350,  455,  585],
        [  800,  800,  393,  234,  217,  952,  292,  218,  418,  720,  559,  867,  954,  683,  468,  888,  801,  990,  546,  490,  319,    0,  586,  464,  668,  892],
        [  284,  284,  432,  512,  559,  368,  422,  412,  281,  657,  676,  526,  669,  779,  583,  597,  475,  405,  568,  280,  310,  586,    0,  281,  611,  511],
        [  565,  565,  160,  294,  344,  604,  196,  247,   49,  839,  789,  787,  923,  910,  683,  849,  730,  620,  705,  452,  350,  464,  281,    0,  786,  781],
        [  542,  542,  859,  804,  824,  788,  777,  695,  750,   56,  189,  347,  346,  207,  216,  309,  308,  851,  125,  341,  455,  668,  611,  786,    0,  403],
        [  270,  270,  912,  934,  971,  480,  868,  817,  767,  406,  583,   60,  188,  604,  563,  138,  103,  543,  478,  407,  585,  892,  511,  781,  403,    0]
    ]
}
