{
    "name": "random-15-29763",
    "comment": "size=15 seed=29763",
    "nodes": ["+0", "-0", "+1", "-1", "+2", "-2", "+3", "-3", "+4", "-4", "+5", "-5", "+6", "-6", "+7", "-7", "+8", "-8", "+9", "-9", "+10", "-10", "+11", "-11", "+12", "-12", "+13", "-13", "+14", "-14", "+15", "-15"],
    "precedence": {
        "+0": "-0",
        "+1": "-1",
        "+2": "-2",
        "+3": "-3",
        "+4": "-4",
        "+5": "-5",
        "+6": "-6",
        "+7": "-7",
        "+8": "-8",
        "+9": "-9",
        "+10": "-10",
        "+11": "-11",
        "+12": "-12",
        "+13": "-13",
        "+14": "-14",
        "+15": "-15"
    },
    "edges": [
        [    0,    0,   58,  586,  566,  318,  306,  209,  569,  925,  640,  564,  510,  432,  694,  595,  512,  269,  195,  130,  674,  632,  748,  811,  527,   65,  718,  418,  766,  561,  375,  877],
        [    0,    0,   58,  586,  566,  318,  306,  209,  569,  925,  640,  564,  510,  432,  694,  595,  512,  269,  195,  130,  674,  632,  748,  811,  527,   65,  718,  418,  766,  561,  375,  877],
        [   58,   58,    0,  633,  617,  260,  249,  160,  626,  972,  686,  620,  530,  488,  732,  647,  558,  322,  171,  142,  702,  674,  740,  852,  570,   11,  745,  363,  806,  619,  368,  927],
        [  586,  586,  633,    0,  614,  873,  834,  704,  458,  339,   60,  482,  349,  434,  191,  616,  679,  323,  604,  671,  307,  105,  722,  262,  709,  634,  339,  986,  221,  351,  546,  298],
        [  566,  566,  617,  614,    0,  849,  858,  774,  175,  848,  665,  147,  828,  198,  803,   33,  122,  468,  741,  519,  890,  716, 1186,  863,  145,  627,  931,  918,  829,  281,  854,  766],
        [  318,  318,  260,  873,  849,    0,   71,  181,  878, 1208,  922,  870,  697,  741,  945,  880,  769,  576,  288,  331,  885,  899,  786, 1069,  775,  255,  924,  117, 1024,  878,  466, 1171],
        [  306,  306,  249,  834,  858,   71,    0,  131,  874, 1165,  880,  868,  638,  737,  895,  889,  787,  549,  236,  346,  827,  853,  716, 1019,  796,  241,  865,  177,  975,  865,  401, 1132],
        [  209,  209,  160,  704,  774,  181,  131,    0,  771, 1035,  750,  768,  517,  635,  766,  803,  717,  426,  108,  291,  704,  723,  642,  890,  730,  149,  743,  298,  846,  752,  295, 1002],
        [  569,  569,  626,  458,  175,  878,  874,  771,    0,  674,  505,   29,  716,  138,  648,  166,  279,  392,  715,  561,  750,  563, 1089,  698,  308,  634,  788,  964,  666,  111,  788,  592],
        [  925,  925,  972,  339,  848, 1208, 1165, 1035,  674,    0,  287,  702,  598,  707,  306,  838,  940,  660,  932, 1007,  449,  318,  905,  204,  971,  973,  446, 1322,  229,  568,  839,   87],
        [  640,  640,  686,   60,  665,  922,  880,  750,  505,  287,    0,  530,  359,  489,  148,  665,  734,  380,  648,  728,  284,   74,  720,  204,  765,  687,  311, 1036,  165,  396,  574,  256],
        [  564,  564,  620,  482,  147,  870,  868,  768,   29,  702,  530,    0,  731,  134,  672,  139,  252,  399,  715,  550,  771,  586, 1103,  724,  281,  628,  810,  954,  692,  137,  795,  620],
        [  510,  510,  530,  349,  828,  697,  638,  517,  716,  598,  359,  731,    0,  631,  294,  842,  848,  374,  411,  634,  191,  296,  382,  414,  875,  525,  227,  813,  376,  629,  255,  597],
        [  432,  432,  488,  434,  198,  741,  737,  635,  138,  707,  489,  134,  631,    0,  619,  212,  245,  277,  583,  427,  697,  533,  992,  692,  276,  496,  739,  828,  654,  166,  671,  632],
        [  694,  694,  732,  191,  803,  945,  895,  766,  648,  306,  148,  672,  294,  619,    0,  805,  863,  460,  660,  798,  155,   87,  613,  125,  894,  731,  171, 1062,   83,  540,  542,  316],
        [  595,  595,  647,  616,   33,  880,  889,  803,  166,  838,  665,  139,  842,  212,  805,    0,  151,  487,  768,  550,  898,  719, 1204,  862,  172,  656,  938,  950,  828,  275,  876,  756],
        [  512,  512,  558,  679,  122,  769,  787,  717,  279,  940,  734,  252,  848,  245,  863,  151,    0,  476,  700,  442,  934,  777, 1187,  936,   32,  568,  977,  829,  898,  375,  837,  862],
        [  269,  269,  322,  323,  468,  576,  549,  426,  392,  660,  380,  399,  374,  277,  460,  487,  476,    0,  346,  348,  484,  385,  719,  567,  503,  325,  529,  683,  522,  342,  397,  610],
        [  195,  195,  171,  604,  741,  288,  236,  108,  715,  932,  648,  715,  411,  583,  660,  768,  700,  346,    0,  312,  598,  618,  572,  784,  716,  162,  637,  405,  740,  683,  206,  901],
        [  130,  130,  142,  671,  519,  331,  346,  291,  561, 1007,  728,  550,  634,  427,  798,  550,  442,  348,  312,    0,  792,  730,  875,  911,  450,  152,  837,  405,  866,  578,  502,  952],
        [  674,  674,  702,  307,  890,  885,  827,  704,  750,  449,  284,  771,  191,  697,  155,  898,  934,  484,  598,  792,    0,  210,  460,  248,  963,  699,   46, 1001,  221,  648,  443,  469],
        [  632,  632,  674,  105,  716,  899,  853,  723,  563,  318,   74,  586,  296,  533,   87,  719,  777,  385,  618,  730,  210,    0,  649,  182,  808,  673,  239, 1014,  137,  455,  525,  304],
        [  748,  748,  740,  722, 1186,  786,  716,  642, 1089,  905,  720, 1103,  382,  992,  613, 1204, 1187,  719,  572,  875,  460,  649,    0,  702, 1211,  731,  459,  883,  679, 1008,  373,  928],
        [  811,  811,  852,  262,  863, 1069, 1019,  890,  698,  204,  204,  724,  414,  692,  125,  862,  936,  567,  784,  911,  248,  182,  702,    0,  967,  851,  243, 1185,   46,  588,  665,  241],
        [  527,  527,  570,  709,  145,  775,  796,  730,  308,  971,  765,  281,  875,  276,  894,  172,   32,  503,  716,  450,  963,  808, 1211,  967,    0,  581, 1006,  831,  929,  405,  859,  892],
        [   65,   65,   11,  634,  627,  255,  241,  149,  634,  973,  687,  628,  525,  496,  731,  656,  568,  325,  162,  152,  699,  673,  731,  851,  581,    0,  741,  359,  805,  626,  360,  929],
        [  718,  718,  745,  339,  931,  924,  865,  743,  788,  446,  311,  810,  227,  739,  171,  938,  977,  529,  637,  837,   46,  239,  459,  243, 1006,  741,    0, 1039,  223,  685,  477,  474],
        [  418,  418,  363,  986,  918,  117,  177,  298,  964, 1322, 1036,  954,  813,  828, 1062,  950,  829,  683,  405,  405, 1001, 1014,  883, 1185,  831,  359, 1039,    0, 1140,  972,  578, 1283],
        [  766,  766,  806,  221,  829, 1024,  975,  846,  666,  229,  165,  692,  376,  654,   83,  828,  898,  522,  740,  866,  221,  137,  679,   46,  929,  805,  223, 1140,    0,  556,  624,  252],
        [  561,  561,  619,  351,  281,  878,  865,  752,  111,  568,  396,  137,  629,  166,  540,  275,  375,  342,  683,  578,  648,  455, 1008,  588,  405,  626,  685,  972,  556,    0,  729,  488],
        [  375,  375,  368,  546,  854,  466,  401,  295,  788,  839,  574,  795,  255,  671,  542,  876,  837,  397,  206,  502,  443,  525,  373,  665,  859,  360,  477,  578,  624,  729,    0,  827],
        [  877,  877,  927,  298,  766, 1171, 1132, 1002,  592,   87,  256,  620,  597,  632,  316,  756,  862,  610,  901,  952,  469,  304,  928,  241,  892,  929,  474, 1283,  252,  488,  827,    0]
    ]
}
