{
    "name": "random-26-3500",
    "comment": "size=26 seed=3500",
    "nodes": ["+0", "-0", "+1", "-1", "+2", "-2", "+3", "-3", "+4", "-4", "+5", "-5", "+6", "-6", "+7", "-7", "+8", "-8", "+9", "-9", "+10", "-10", "+11", "-11", "+12", "-12", "+13", "-13", "+14", "-14", "+15", "-15", "+16", "-16", "+17", "-17", "+18", "-18", "+19", "-19", "+20", "-20", "+21", "-21", "+22", "-22", "+23", "-23", "+24", "-24", "+25", "-25", "+26", "-26"],
    "precedence": {
        "+0": "-0",
        "+1": "-1",
        "+2": "-2",
        "+3": "-3",
        "+4": "-4",
        "+5": "-5",
        "+6": "-6",
        "+7": "-7",
        "+8": "-8",
        "+9": "-9",
        "+10": "-10",
        "+11": "-11",
        "+12": "-12",
        "+13": "-13",
        "+14": "-14",
        "+15": "-15",
        "+16": "-16",
        "+17": "-17",
        "+18": "-18",
        "+19": "-19",
        "+20": "-20",
        "+21": "-21",
        "+22": "-22",
        "+23": "-23",
        "+24": "-24",
        "+25": "-25",
        "+26": "-26"
    },
    "edges": [
        [    0,    0,  689,  421,  722,  227,  169,  272,  283,  644,  294,  468,  522,  381,  165,  549,  901,  220,  459,  320,  267,  456,  736,  616,  437,  303,  354,  488,  325,  275,  841,  146,  407,  358,  505,   69,  490,  528,  442,  259,  447,  416,  832,  330,  212,  454,  496,  496,  926,   39,  632,  652,  885,  817],
        [    0,    0,  689,  421,  722,  227,  169,  272,  283,  644,  294,  468,  522,  381,  165,  549,  901,  220,  459,  320,  267,  456,  736,  616,  437,  303,  354,  488,  325,  275,  841,  146,  407,  358,  505,   69,  490,  528,  442,  259,  447,  416,  832,  330,  212,  454,  496,  496,  926,   39,  632,  652,  885,  817],
        [  689,  689,    0,  345,  474,  570,  565,  526,  407,  637,  841, 1068,  760,  321,  525,  836,  985,  749, 1071,  373,  545,  763,  694,  863,  266,  811,  351,  276,  419,  949,  530,  830,  590,  987,  199,  757,  436,  229,  383,  866,  878,  486,  252,  542,  821, 1077,  591, 1100, 1016,  692,  853,  738,  702,  405],
        [  421,  421,  345,    0,  645,  240,  369,  400,  202,  707,  660,  871,  723,  102,  280,  785, 1049,  565,  866,  211,  416,  691,  791,  835,  237,  647,  243,  330,   98,  695,  744,  566,  542,  769,  155,  482,  474,  125,   60,  656,  760,  151,  570,  197,  607,  865,  276,  901, 1079,  409,  837,  776,  871,  655],
        [  722,  722,  474,  645,    0,  753,  553,  452,  528,  226,  691,  893,  440,  553,  600,  512,  531,  634,  906,  487,  460,  488,  242,  505,  411,  647,  439,  316,  651,  886,  120,  813,  365,  859,  521,  780,  233,  599,  705,  752,  631,  789,  334,  791,  727,  923,  919,  921,  561,  749,  484,  335,  234,  159],
        [  227,  227,  570,  240,  753,    0,  276,  363,  225,  742,  514,  694,  681,  253,  178,  725, 1048,  428,  685,  268,  371,  628,  834,  787,  372,  515,  317,  456,  151,  487,  866,  359,  524,  584,  371,  272,  535,  364,  239,  486,  652,  191,  766,  103,  438,  679,  273,  723, 1076,  201,  797,  780,  954,  807],
        [  169,  169,  565,  369,  553,  276,    0,  105,  177,  488,  295,  515,  405,  294,  104,  451,  775,  199,  514,  197,  105,  353,  581,  511,  300,  279,  214,  332,  289,  388,  673,  281,  257,  425,  402,  230,  321,  447,  410,  305,  396,  425,  678,  365,  259,  518,  536,  547,  802,  197,  521,  512,  722,  650],
        [  272,  272,  526,  400,  452,  363,  105,    0,  199,  386,  316,  544,  330,  307,  186,  387,  686,  228,  548,  195,   20,  293,  479,  441,  263,  286,  187,  266,  338,  459,  571,  367,  162,  470,  392,  328,  220,  452,  450,  350,  371,  485,  605,  440,  310,  556,  607,  575,  715,  301,  447,  418,  617,  557],
        [  283,  283,  407,  202,  528,  225,  177,  199,    0,  538,  472,  691,  526,  117,  118,  585,  866,  375,  689,   45,  215,  491,  628,  637,  161,  453,   93,  234,  145,  545,  641,  424,  348,  598,  229,  351,  317,  271,  252,  479,  560,  296,  563,  270,  431,  692,  423,  722,  896,  288,  641,  593,  735,  584],
        [  644,  644,  637,  707,  226,  742,  488,  386,  538,    0,  529,  707,  231,  605,  568,  296,  353,  498,  723,  508,  384,  293,   94,  280,  481,  484,  467,  400,  680,  745,  304,  700,  238,  692,  621,  689,  235,  699,  766,  600,  433,  830,  549,  806,  587,  742,  959,  731,  384,  678,  259,  111,  253,  384],
        [  294,  294,  841,  660,  691,  514,  295,  316,  472,  529,    0,  228,  328,  588,  383,  318,  685,   97,  233,  488,  297,  252,  607,  386,  577,   45,  495,  580,  574,  225,  802,  235,  327,  169,  694,  283,  489,  742,  697,   77,  172,  693,  908,  615,   94,  243,  786,  260,  706,  330,  409,  489,  781,  826],
        [  468,  468, 1068,  871,  893,  694,  515,  544,  691,  707,  228,    0,  480,  807,  592,  436,  771,  321,   25,  711,  525,  414,  770,  490,  804,  262,  721,  808,  779,  243,  999,  348,  538,  115,  917,  428,  707,  961,  901,  215,  277,  883, 1131,  797,  264,   51,  959,   32,  784,  495,  519,  640,  948, 1037],
        [  522,  522,  760,  723,  440,  681,  405,  330,  526,  231,  328,  480,    0,  625,  505,   78,  379,  327,  498,  513,  317,   77,  291,  113,  539,  285,  488,  489,  667,  552,  532,  535,  184,  478,  683,  548,  327,  755,  776,  404,  204,  815,  734,  766,  403,  519,  935,  504,  405,  560,  118,  164,  469,  596],
        [  381,  381,  321,  102,  553,  253,  294,  307,  117,  605,  588,  807,  625,    0,  221,  689,  947,  492,  804,  114,  325,  597,  690,  737,  143,  570,  141,  237,  110,  651,  656,  526,  443,  711,  126,  447,  373,  155,  161,  594,  674,  237,  516,  251,  545,  806,  367,  838,  978,  378,  739,  674,  775,  576],
        [  165,  165,  525,  280,  600,  178,  104,  186,  118,  568,  383,  592,  505,  221,    0,  553,  870,  288,  588,  156,  193,  456,  661,  613,  274,  372,  194,  334,  192,  431,  718,  307,  347,  493,  343,  233,  373,  374,  315,  378,  497,  322,  674,  262,  329,  588,  433,  623,  898,  172,  622,  603,  789,  676],
        [  549,  549,  836,  785,  512,  725,  451,  387,  585,  296,  318,  436,   78,  689,  553,    0,  369,  339,  456,  576,  372,   98,  342,   69,  610,  280,  555,  564,  724,  540,  599,  541,  254,  451,  754,  566,  404,  823,  837,  394,  164,  869,  811,  815,  403,  478,  986,  456,  390,  588,   92,  209,  519,  669],
        [  901,  901,  985, 1049,  531, 1048,  775,  686,  866,  353,  685,  771,  379,  947,  870,  369,    0,  702,  794,  843,  677,  449,  294,  300,  830,  648,  807,  753, 1011,  906,  547,  908,  525,  808,  972,  926,  584, 1050, 1107,  762,  524, 1162,  863, 1125,  771,  819, 1288,  784,   31,  939,  277,  274,  374,  671],
        [  220,  220,  749,  565,  634,  428,  199,  228,  375,  498,   97,  321,  327,  492,  288,  339,  702,    0,  322,  392,  210,  253,  583,  408,  484,   87,  401,  494,  479,  253,  750,  209,  273,  243,  598,  228,  419,  646,  602,  124,  228,  602,  829,  529,   93,  329,  700,  352,  725,  258,  427,  477,  749,  761],
        [  459,  459, 1071,  866,  906,  685,  514,  548,  689,  723,  233,   25,  498,  804,  588,  456,  794,  322,    0,  711,  529,  430,  788,  511,  805,  269,  722,  812,  774,  224, 1013,  334,  549,  102,  916,  417,  716,  958,  895,  211,  295,  874, 1139,  787,  260,   26,  947,   40,  807,  485,  539,  658,  966, 1049],
        [  320,  320,  373,  211,  487,  268,  197,  195,   45,  508,  488,  711,  513,  114,  156,  576,  843,  392,  711,    0,  213,  484,  597,  625,  119,  466,   49,  189,  173,  576,  599,  458,  331,  622,  206,  388,  282,  259,  266,  502,  564,  322,  520,  307,  455,  715,  452,  742,  873,  328,  627,  570,  698,  540],
        [  267,  267,  545,  416,  460,  371,  105,   20,  215,  384,  297,  525,  317,  325,  193,  372,  677,  210,  529,  213,    0,  277,  477,  427,  283,  267,  206,  285,  352,  444,  579,  356,  155,  452,  411,  321,  230,  471,  466,  332,  352,  499,  621,  451,  294,  537,  619,  556,  705,  297,  434,  411,  619,  569],
        [  456,  456,  763,  691,  488,  628,  353,  293,  491,  293,  252,  414,   77,  597,  456,   98,  449,  253,  430,  484,  277,    0,  362,  161,  526,  209,  466,  488,  628,  476,  588,  460,  174,  405,  668,  478,  340,  735,  742,  328,  144,  772,  762,  718,  328,  450,  888,  439,  473,  495,  177,  238,  538,  639],
        [  736,  736,  694,  791,  242,  834,  581,  479,  628,   94,  607,  770,  291,  690,  661,  342,  294,  583,  788,  597,  477,  362,    0,  309,  561,  562,  554,  476,  769,  827,  284,  787,  330,  765,  697,  779,  318,  776,  851,  680,  494,  918,  575,  897,  670,  809, 1048,  793,  324,  770,  283,  134,  179,  390],
        [  616,  616,  863,  835,  505,  787,  511,  441,  637,  280,  386,  490,  113,  737,  613,   69,  300,  408,  511,  625,  427,  161,  309,    0,  648,  348,  600,  594,  778,  607,  581,  610,  296,  514,  794,  635,  428,  866,  888,  462,  227,  925,  817,  875,  472,  535, 1044,  508,  321,  655,   29,  178,  481,  663],
        [  437,  437,  266,  237,  411,  372,  300,  263,  161,  481,  577,  804,  539,  143,  274,  610,  830,  484,  805,  119,  283,  526,  561,  648,    0,  549,   86,   95,  246,  686,  513,  572,  357,  722,  146,  505,  247,  221,  296,  600,  627,  379,  402,  389,  556,  812,  509,  835,  861,  446,  645,  561,  635,  438],
        [  303,  303,  811,  647,  647,  515,  279,  286,  453,  484,   45,  262,  285,  570,  372,  280,  648,   87,  269,  466,  267,  209,  562,  348,  549,    0,  469,  547,  563,  268,  758,  264,  284,  212,  671,  302,  448,  722,  686,  120,  147,  689,  870,  615,  124,  282,  787,  293,  669,  341,  371,  445,  736,  784],
        [  354,  354,  351,  243,  439,  317,  214,  187,   93,  467,  495,  721,  488,  141,  194,  555,  807,  401,  722,   49,  206,  466,  554,  600,   86,  469,    0,  143,  217,  601,  550,  487,  305,  637,  206,  422,  238,  269,  301,  516,  556,  365,  480,  354,  471,  728,  495,  752,  837,  366,  600,  534,  651,  492],
        [  488,  488,  276,  330,  316,  456,  332,  266,  234,  400,  580,  808,  489,  237,  334,  564,  753,  494,  812,  189,  285,  488,  476,  594,   95,  547,  143,    0,  338,  717,  420,  612,  315,  736,  221,  554,  173,  301,  390,  615,  604,  473,  346,  481,  575,  821,  603,  839,  784,  503,  588,  489,  542,  352],
        [  325,  325,  419,   98,  651,  151,  289,  338,  145,  680,  574,  779,  667,  110,  192,  724, 1011,  479,  774,  173,  352,  628,  769,  778,  246,  563,  217,  338,    0,  599,  758,  469,  492,  676,  221,  385,  454,  216,  124,  565,  684,  151,  624,  143,  516,  772,  280,  810, 1041,  312,  784,  738,  867,  683],
        [  275,  275,  949,  695,  886,  487,  388,  459,  545,  745,  225,  243,  552,  651,  431,  540,  906,  253,  224,  576,  444,  476,  827,  607,  686,  268,  601,  717,  599,    0, 1002,  130,  525,  132,  773,  217,  667,  801,  714,  149,  384,  678, 1061,  587,  161,  210,  739,  264,  925,  290,  631,  712,  998, 1009],
        [  841,  841,  530,  744,  120,  866,  673,  571,  641,  304,  802,  999,  532,  656,  718,  599,  547,  750, 1013,  599,  579,  588,  284,  581,  513,  758,  550,  420,  758, 1002,    0,  932,  478,  970,  610,  899,  352,  685,  802,  866,  730,  891,  336,  899,  842, 1031, 1019, 1025,  574,  867,  557,  404,  190,  136],
        [  146,  146,  830,  566,  813,  359,  281,  367,  424,  700,  235,  348,  535,  526,  307,  541,  908,  209,  334,  458,  356,  460,  787,  610,  572,  264,  487,  612,  469,  130,  932,    0,  466,  233,  649,   87,  585,  674,  585,  170,  406,  549,  958,  459,  141,  325,  615,  374,  930,  160,  631,  685,  949,  924],
        [  407,  407,  590,  542,  365,  524,  257,  162,  348,  238,  327,  538,  184,  443,  347,  254,  525,  273,  549,  331,  155,  174,  330,  296,  357,  284,  305,  315,  492,  525,  478,  466,    0,  495,  501,  451,  174,  571,  596,  388,  298,  641,  601,  601,  365,  563,  765,  567,  554,  441,  296,  257,  485,  501],
        [  358,  358,  987,  769,  859,  584,  425,  470,  598,  692,  169,  115,  478,  711,  493,  451,  808,  243,  102,  622,  452,  405,  765,  514,  722,  212,  637,  736,  676,  132,  970,  233,  495,    0,  826,  315,  655,  865,  797,  122,  288,  773, 1071,  686,  167,   97,  846,  141,  825,  384,  541,  641,  941,  994],
        [  505,  505,  199,  155,  521,  371,  402,  392,  229,  621,  694,  917,  683,  126,  343,  754,  972,  598,  916,  206,  411,  668,  697,  794,  146,  671,  206,  221,  221,  773,  610,  649,  501,  826,    0,  572,  389,   80,  203,  707,  762,  304,  416,  348,  659,  920,  423,  948, 1003,  503,  791,  705,  753,  511],
        [   69,   69,  757,  482,  780,  272,  230,  328,  351,  689,  283,  428,  548,  447,  233,  566,  926,  228,  417,  388,  321,  478,  779,  635,  505,  302,  422,  554,  385,  217,  899,   87,  451,  315,  572,    0,  548,  592,  499,  233,  448,  463,  899,  373,  192,  409,  531,  455,  950,   74,  653,  688,  933,  879],
        [  490,  490,  436,  474,  233,  535,  321,  220,  317,  235,  489,  707,  327,  373,  373,  404,  584,  419,  716,  282,  230,  340,  318,  428,  247,  448,  238,  173,  454,  667,  352,  585,  174,  655,  389,  548,    0,  467,  533,  541,  471,  602,  428,  587,  510,  730,  732,  737,  615,  516,  419,  317,  420,  343],
        [  528,  528,  229,  125,  599,  364,  447,  452,  271,  699,  742,  961,  755,  155,  374,  823, 1050,  646,  958,  259,  471,  735,  776,  866,  221,  722,  269,  301,  216,  801,  685,  674,  571,  865,   80,  592,  467,    0,  154,  748,  822,  257,  469,  319,  699,  960,  364,  992, 1081,  521,  864,  782,  832,  581],
        [  442,  442,  383,   60,  705,  239,  410,  450,  252,  766,  697,  901,  776,  161,  315,  837, 1107,  602,  895,  266,  466,  742,  851,  888,  296,  686,  301,  390,  124,  714,  802,  585,  596,  797,  203,  499,  533,  154,    0,  687,  805,  103,  617,  172,  638,  893,  220,  931, 1137,  425,  892,  834,  931,  711],
        [  259,  259,  866,  656,  752,  486,  305,  350,  479,  600,   77,  215,  404,  594,  378,  394,  762,  124,  211,  502,  332,  328,  680,  462,  600,  120,  516,  615,  565,  149,  866,  170,  388,  122,  707,  233,  541,  748,  687,    0,  245,  672,  952,  589,   50,  214,  755,  246,  782,  291,  486,  564,  852,  882],
        [  447,  447,  878,  760,  631,  652,  396,  371,  560,  433,  172,  277,  204,  674,  497,  164,  524,  228,  295,  564,  352,  144,  494,  227,  627,  147,  556,  604,  684,  384,  730,  406,  298,  288,  762,  448,  471,  822,  805,  245,    0,  818,  897,  750,  265,  316,  923,  300,  542,  486,  254,  364,  672,  781],
        [  416,  416,  486,  151,  789,  191,  425,  485,  296,  830,  693,  883,  815,  237,  322,  869, 1162,  602,  874,  322,  499,  772,  918,  925,  379,  689,  365,  473,  151,  678,  891,  549,  641,  773,  304,  463,  602,  257,  103,  672,  818,    0,  719,   95,  623,  868,  131,  912, 1191,  391,  932,  888, 1011,  805],
        [  832,  832,  252,  570,  334,  766,  678,  605,  563,  549,  908, 1131,  734,  516,  674,  811,  863,  829, 1139,  520,  621,  762,  575,  817,  402,  870,  480,  346,  624, 1061,  336,  958,  601, 1071,  416,  899,  428,  469,  617,  952,  897,  719,    0,  760,  914, 1151,  832, 1162,  892,  845,  800,  659,  525,  201],
        [  330,  330,  542,  197,  791,  103,  365,  440,  270,  806,  615,  797,  766,  251,  262,  815, 1125,  529,  787,  307,  451,  718,  897,  875,  389,  615,  354,  481,  143,  587,  899,  459,  601,  686,  348,  373,  587,  319,  172,  589,  750,   95,  760,    0,  541,  781,  173,  825, 1154,  303,  883,  854, 1004,  826],
        [  212,  212,  821,  607,  727,  438,  259,  310,  431,  587,   94,  264,  403,  545,  329,  403,  771,   93,  260,  455,  294,  328,  670,  472,  556,  124,  471,  575,  516,  161,  842,  141,  365,  167,  659,  192,  510,  699,  638,   50,  265,  623,  914,  541,    0,  261,  708,  295,  792,  246,  494,  559,  839,  852],
        [  454,  454, 1077,  865,  923,  679,  518,  556,  692,  742,  243,   51,  519,  806,  588,  478,  819,  329,   26,  715,  537,  450,  809,  535,  812,  282,  728,  821,  772,  210, 1031,  325,  563,   97,  920,  409,  730,  960,  893,  214,  316,  868, 1151,  781,  261,    0,  939,   57,  832,  479,  563,  680,  987, 1064],
        [  496,  496,  591,  276,  919,  273,  536,  607,  423,  959,  786,  959,  935,  367,  433,  986, 1288,  700,  947,  452,  619,  888, 1048, 1044,  509,  787,  495,  603,  280,  739, 1019,  615,  765,  846,  423,  531,  732,  364,  220,  755,  923,  131,  832,  173,  708,  939,    0,  986, 1317,  465, 1052, 1015, 1141,  931],
        [  496,  496, 1100,  901,  921,  723,  547,  575,  722,  731,  260,   32,  504,  838,  623,  456,  784,  352,   40,  742,  556,  439,  793,  508,  835,  293,  752,  839,  810,  264, 1025,  374,  567,  141,  948,  455,  737,  992,  931,  246,  300,  912, 1162,  825,  295,   57,  986,    0,  796,  523,  537,  662,  971, 1066],
        [  926,  926, 1016, 1079,  561, 1076,  802,  715,  896,  384,  706,  784,  405,  978,  898,  390,   31,  725,  807,  873,  705,  473,  324,  321,  861,  669,  837,  784, 1041,  925,  574,  930,  554,  825, 1003,  950,  615, 1081, 1137,  782,  542, 1191,  892, 1154,  792,  832, 1317,  796,    0,  964,  299,  304,  398,  699],
        [   39,   39,  692,  409,  749,  201,  197,  301,  288,  678,  330,  495,  560,  378,  172,  588,  939,  258,  485,  328,  297,  495,  770,  655,  446,  341,  366,  503,  312,  290,  867,  160,  441,  384,  503,   74,  516,  521,  425,  291,  486,  391,  845,  303,  246,  479,  465,  523,  964,    0,  671,  689,  916,  838],
        [  632,  632,  853,  837,  484,  797,  521,  447,  641,  259,  409,  519,  118,  739,  622,   92,  277,  427,  539,  627,  434,  177,  283,   29,  645,  371,  600,  588,  784,  631,  557,  631,  296,  541,  791,  653,  419,  864,  892,  486,  254,  932,  800,  883,  494,  563, 1052,  537,  299,  671,    0,  154,  454,  642],
        [  652,  652,  738,  776,  335,  780,  512,  418,  593,  111,  489,  640,  164,  674,  603,  209,  274,  477,  658,  570,  411,  238,  134,  178,  561,  445,  534,  489,  738,  712,  404,  685,  257,  641,  705,  688,  317,  782,  834,  564,  364,  888,  659,  854,  559,  680, 1015,  662,  304,  689,  154,    0,  311,  492],
        [  885,  885,  702,  871,  234,  954,  722,  617,  735,  253,  781,  948,  469,  775,  789,  519,  374,  749,  966,  698,  619,  538,  179,  481,  635,  736,  651,  542,  867,  998,  190,  949,  485,  941,  753,  933,  420,  832,  931,  852,  672, 1011,  525, 1004,  839,  987, 1141,  971,  398,  916,  454,  311,    0,  325],
        [  817,  817,  405,  655,  159,  807,  650,  557,  584,  384,  826, 1037,  596,  576,  676,  669,  671,  761, 1049,  540,  569,  639,  390,  663,  438,  784,  492,  352,  683, 1009,  136,  924,  501,  994,  511,  879,  343,  581,  711,  882,  781,  805,  201,  826,  852, 1064,  931, 1066,  699,  838,  642,  492,  325,    0]
    ]
}
