{
    "name": "random-7-20604",
    "comment": "size=7 seed=20604",
    "nodes": ["+0", "-0", "+1", "-1", "+2", "-2", "+3", "-3", "+4", "-4", "+5", "-5", "+6", "-6", "+7", "-7"],
    "precedence": {
        "+0": "-0",
        "+1": "-1",
        "+2": "-2",
        "+3": "-3",
        "+4": "-4",
        "+5": "-5",
        "+6": "-6",
        "+7": "-7"
    },
    "edges": [
        [    0,    0,  668,  727,  450,  585,  816,  381,  370,  757,  264,  935,  675,  857,  106,  392],
        [    0,    0,  668,  727,  450,  585,  816,  381,  370,  757,  264,  935,  675,  857,  106,  392],
        [  668,  668,    0,   62,  634,  295,  282,  605,  612,  121,  779,  335,  162,  307,  568,  294],
        [  727,  727,   62,    0,  691,  314,  249,  645,  653,   75,  840,  283,  193,  300,  627,  355],
        [  450,  450,  634,  691,    0,  750,  893,  751,  746,  755,  297,  968,  533,  645,  391,  391],
        [  585,  585,  295,  314,  750,    0,  248,  366,  377,  284,  784,  381,  439,  602,  512,  361],
        [  816,  816,  282,  249,  893,  248,    0,  609,  621,  176,  987,  135,  440,  534,  732,  514],
        [  381,  381,  605,  645,  751,  366,  609,    0,   15,  635,  641,  743,  699,  888,  376,  468],
        [  370,  370,  612,  653,  746,  377,  621,   15,    0,  645,  631,  755,  704,  893,  368,  469],
        [  757,  757,  121,   75,  755,  284,  176,  635,  645,    0,  888,  214,  267,  363,  661,  402],
        [  264,  264,  779,  840,  297,  784,  987,  641,  631,  888,    0, 1090,  729,  882,  283,  487],
        [  935,  935,  335,  283,  968,  381,  135,  743,  755,  214, 1090,    0,  470,  515,  846,  607],
        [  675,  675,  162,  193,  533,  439,  440,  699,  704,  267,  729,  470,    0,  192,  570,  285],
        [  857,  857,  307,  300,  645,  602,  534,  888,  893,  363,  882,  515,  192,    0,  752,  472],
        [  106,  106,  568,  627,  391,  512,  732,  376,  368,  661,  283,  846,  570,  752,    0,  287],
        [  392,  392,  294,  355,  391,  361,  514,  468,  469,  402,  487,  607,  285,  472,  287,    0]
    ]
}
