{
    "name": "random-84-6767",
    "comment": "size=84 seed=6767",
    "nodes": ["+0", "-0", "+1", "-1", "+2", "-2", "+3", "-3", "+4", "-4", "+5", "-5", "+6", "-6", "+7", "-7", "+8", "-8", "+9", "-9", "+10", "-10", "+11", "-11", "+12", "-12", "+13", "-13", "+14", "-14", "+15", "-15", "+16", "-16", "+17", "-17", "+18", "-18", "+19", "-19", "+20", "-20", "+21", "-21", "+22", "-22", "+23", "-23", "+24", "-24", "+25", "-25", "+26", "-26", "+27", "-27", "+28", "-28", "+29", "-29", "+30", "-30", "+31", "-31", "+32", "-32", "+33", "-33", "+34", "-34", "+35", "-35", "+36", "-36", "+37", "-37", "+38", "-38", "+39", "-39", "+40", "-40", "+41", "-41", "+42", "-42", "+43", "-43", "+44", "-44", "+45", "-45", "+46", "-46", "+47", "-47", "+48", "-48", "+49", "-49", "+50", "-50", "+51", "-51", "+52", "-52", "+53", "-53", "+54", "-54", "+55", "-55", "+56", "-56", "+57", "-57", "+58", "-58", "+59", "-59", "+60", "-60", "+61", "-61", "+62", "-62", "+63", "-63", "+64", "-64", "+65", "-65", "+66", "-66", "+67", "-67", "+68", "-68", "+69", "-69", "+70", "-70", "+71", "-71", "+72", "-72", "+73", "-73", "+74", "-74", "+75", "-75", "+76", "-76", "+77", "-77", "+78", "-78", "+79", "-79", "+80", "-80", "+81", "-81", "+82", "-82", "+83", "-83", "+84", "-84"],
    "precedence": {
        "+0": "-0",
        "+1": "-1",
        "+2": "-2",
        "+3": "-3",
        "+4": "-4",
        "+5": "-5",
        "+6": "-6",
        "+7": "-7",
        "+8": "-8",
        "+9": "-9",
        "+10": "-10",
        "+11": "-11",
        "+12": "-12",
        "+13": "-13",
        "+14": "-14",
        "+15": "-15",
        "+16": "-16",
        "+17": "-17",
        "+18": "-18",
        "+19": "-19",
        "+20": "-20",
        "+21": "-21",
        "+22": "-22",
        "+23": "-23",
        "+24": "-24",
        "+25": "-25",
        "+26": "-26",
        "+27": "-27",
        "+28": "-28",
        "+29": "-29",
        "+30": "-30",
        "+31": "-31",
        "+32": "-32",
        "+33": "-33",
        "+34": "-34",
        "+35": "-35",
        "+36": "-36",
        "+37": "-37",
        "+38": "-38",
        "+39": "-39",
        "+40": "-40",
        "+41": "-41",
        "+42": "-42",
        "+43": "-43",
        "+44": "-44",
        "+45": "-45",
        "+46": "-46",
        "+47": "-47",
        "+48": "-48",
        "+49": "-49",
        "+50": "-50",
        "+51": "-51",
        "+52": "-52",
        "+53": "-53",
        "+54": "-54",
        "+55": "-55",
        "+56": "-56",
        "+57": "-57",
        "+58": "-58",
        "+59": "-59",
        "+60": "-60",
        "+61": "-61",
        "+62": "-62",
        "+63": "-63",
        "+64": "-64",
        "+65": "-65",
        "+66": "-66",
        "+67": "-67",
        "+68": "-68",
        "+69": "-69",
        "+70": "-70",
        "+71": "-71",
        "+72": "-72",
        "+73": "-73",
        "+74": "-74",
        "+75": "-75",
        "+76": "-76",
        "+77": "-77",
        "+78": "-78",
        "+79": "-79",
        "+80": "-80",
        "+81": "-81",
        "+82": "-82",
        "+83": "-83",
        "+84": "-84"
    },
    "edges": [
        [    0,    0,  281,  762,  742,  959,  753,  948,  394,  808,  371,  884,  197,  481,  585,  815,  341,  550, 1181,  680,  418,  881, 1116,  795,  890,  553, 1068,  495,  841, 1152,  944,  858,  825,  272,  678,  845,  420,  478,  290,  454,  676,  849,  588,  824,  965,  955,  404,  572,  704,  887,  705,  642, 1138,  776,  119,  274,  611,  920,  487,  451,  458,  541,  771,  320,  301,  786,  666,  589,  479, 1149,  982,  645,  659,  983,  815,  573,  548,  274,  899,  701,  648, 1008,  882,  637,  390,  772,  644,  182,  900,  980,  951,  573,  181,  740,  878, 1017,  562,  704,  687,  182,  254,  581, 1206,  368,  141,  414,  315,  874,  975,  953,  913,  728,  802, 1116,  968,  928, 1119,  453,  718, 1238,  765,  897,   89,  957,  740,  214,  660,  804,  145,  679,  600,  513,  787,  838,  654,  453,  356,  353,  265,  812,  721, 1079,  621,  811,  427,  453,  529,  387,  231,  805,  386,  852,  757,  141,  264,  809,  718,  269,  879,  666,  331,  969,  967,  699, 1250,  711,  697,  890,  348, 1158],
        [    0,    0,    0,    0,    0,    0,    0,    0,    0,    0,    0,    0,    0,    0,    0,    0,    0,    0,    0,    0,    0,    0,    0,    0,    0,    0,    0,    0,    0,    0,    0,    0,    0,    0,    0,    0,    0,    0,    0,    0,    0,    0,    0,    0,    0,    0,    0,    0,    0,    0,    0,    0,    0,    0,    0,    0,    0,    0,    0,    0,    0,    0,    0,    0,    0,    0,    0,    0,    0,    0,    0,    0,    0,    0,    0,    0,    0,    0,    0,    0,    0,    0,    0,    0,    0,    0,    0,    0,    0,    0,    0,    0,    0,    0,    0,    0,    0,    0,    0,    0,    0,    0,    0,    0,    0,    0,    0,    0,    0,    0,    0,    0,    0,    0,    0,    0,    0,    0,    0,    0,    0,    0,    0,    0,    0,    0,    0,    0,    0,    0,    0,    0,    0,    0,    0,    0,    0,    0,    0,    0,    0,    0,    0,    0,    0,    0,    0,    0,    0,    0,    0,    0,    0,    0,    0,    0,    0,    0,    0,    0,    0,    0,    0,    0,    0,    0,    0,    0,    0,    0],
        [  281,    0,    0,  504,  558,  683,  594,  677,  124,  550,  474,  613,  370,  412,  348,  547,  398,  330,  945,  572,  408,  602,  915,  519,  815,  482,  888,  392,  692,  905,  671,  799,  573,  149,  401,  573,  160,  273,   10,  219,  518,  673,  467,  695,  729,  730,  172,  292,  541,  764,  488,  382,  887,  708,  387,   21,  340,  644,  557,  319,  485,  281,  499,   68,  378,  656,  398,  331,  318,  910,  823,  491,  549,  717,  728,  316,  300,  351,  713,  428,  605,  744,  647,  412,  114,  524,  551,  285,  712,  717,  763,  317,  162,  479,  760,  796,  306,  431,  454,  100,   64,  430,  975,  414,  166,  390,  320,  853,  730,  691,  722,  452,  656,  865,  907,  835,  882,  215,  444, 1002,  718,  658,  241,  773,  471,  327,  411,  552,  177,  412,  323,  432,  517,  672,  374,  471,  363,  196,  195,  532,  441,  858,  514,  541,  314,  178,  277,  443,  336,  664,  253,  633,  587,  420,  398,  579,  727,  236,  713,  388,  147,  955,  737,  448, 1012,  440,  604,  679,  433,  947],
        [  762,    0,  504,    0,  286,  243,  366,  202,  380,  504,  752,  153,  760,  505,  190,  431,  666,  239,  455,  473,  590,  222,  484,  139,  674,  514,  506,  448,  438,  404,  210,  694,  541,  501,  164,  123,  458,  310,  496,  505,  345,  359,  420,  485,  251,  273,  359,  289,  338,  543,  178,  436,  384,  619,  845,  520,  370,  207,  756,  410,  663,  224,  391,  448,  680,  461,  398,  175,  362,  417,  501,  351,  459,  226,  595,  444,  215,  670,  358,  363,  609,  247,  181,  175,  393,   57,  496,  673,  355,  220,  387,  446,  590,   26,  549,  338,  201,  116,  128,  593,  510,  354,  489,  660,  624,  566,  592,  801,  234,  191,  353,  337,  426,  363,  768,  651,  393,  311,  357,  511,  666,  180,  693,  407,  402,  694,  487,   59,  623,  100,  221,  488,   84,  386,  222,  645,  601,  432,  530,  281,  239,  394,  457,   89,  441,  400,  460,  681,  690,  439,  433,  216,  336,  891,  742,  152,  768,  555,  408,  177,  438,  892,  269,   71,  518,  378,  516,  270,  711,  494],
        [  742,    0,  558,  286,    0,  505,   80,  446,  454,  767,  594,  420,  666,  326,  243,  702,  523,  235,  476,  206,  424,  505,  375,  424,  388,  297,  332,  279,  163,  479,  464,  409,  804,  476,  408,  401,  593,  286,  553,  660,   91,  116,  202,  201,  284,  250,  387,  485,   68,  264,  116,  663,  480,  338,  789,  577,  589,  477,  558,  295,  474,  336,  656,  491,  552,  176,  635,  307,  264,  454,  271,  118,  201,  439,  310,  646,  296,  554,  159,  612,  355,  440,  224,  178,  477,  235,  242,  598,  158,  419,  210,  648,  564,  294,  268,  297,  311,  372,  179,  615,  530,  170,  490,  506,  608,  407,  475,  519,  327,  390,  172,  596,  142,  460,  483,  369,  420,  349,  612,  528,  389,  249,  657,  218,  659,  600,  715,  260,  599,  327,  421,  295,  369,  123,  457,  458,  462,  394,  478,  562,  502,  355,  215,  372,  324,  544,  646,  518,  590,  156,  357,  155,   51,  843,  624,  167,  507,  481,  160,  415,  429,  607,  271,  246,  545,  630,  245,  167,  562,  421],
        [  959,    0,  683,  243,  505,    0,  583,   69,  566,  449,  990,   91,  983,  747,  424,  366,  903,  476,  434,  705,  830,   97,  560,  165,  883,  756,  624,  690,  636,  350,   44,  910,  481,  715,  283,  124,  589,  541,  674,  611,  577,  547,  660,  692,  325,  373,  569,  406,  566,  739,  411,  468,  317,  842, 1053,  695,  430,   40,  998,  649,  904,  427,  353,  640,  913,  674,  422,  386,  601,  395,  659,  587,  694,  115,  811,  508,  435,  901,  524,  372,  846,  146,  313,  417,  571,  278,  732,  894,  520,  139,  533,  510,  798,  253,  747,  415,  413,  257,  370,  780,  706,  596,  477,  898,  826,  807,  826, 1023,  268,  148,  511,  333,  633,  305,  971,  850,  390,  525,  356,  477,  893,  293,  900,  555,  383,  920,  506,  247,  829,  290,  361,  730,  181,  580,  317,  887,  838,  655,  751,  221,  270,  446,  695,  162,  679,  536,  543,  920,  917,  647,  665,  384,  552, 1094,  973,  341, 1004,  781,  590,  296,  652, 1108,  354,  312,  474,  379,  747,  422,  948,  541],
        [  753,    0,  594,  366,   80,  583,    0,  522,  501,  842,  566,  498,  657,  303,  307,  778,  503,  287,  514,  143,  400,  585,  382,  503,  309,  259,  317,  266,  100,  529,  541,  329,  879,  496,  483,  480,  646,  325,  591,  716,   78,  105,  177,  125,  341,  299,  428,  552,   54,  191,  194,  733,  534,  260,  789,  614,  657,  555,  515,  303,  437,  398,  732,  528,  535,   96,  706,  374,  283,  496,  232,  109,  145,  512,  230,  712,  357,  542,  162,  686,  292,  511,  291,  246,  524,  314,  186,  597,  164,  491,  212,  713,  579,  373,  193,  334,  375,  449,  255,  642,  560,  173,  522,  483,  624,  386,  466,  440,  390,  463,  182,  671,   69,  514,  404,  292,  462,  395,  686,  562,  313,  316,  666,  212,  734,  593,  784,  339,  614,  403,  490,  270,  449,   86,  530,  424,  446,  416,  490,  641,  579,  386,  170,  451,  327,  600,  708,  491,  581,   81,  371,  218,   31,  844,  608,  243,  438,  486,  127,  489,  457,  528,  323,  324,  581,  704,  177,  213,  538,  436],
        [  948,    0,  677,  202,  446,   69,  522,    0,  556,  501,  954,   66,  958,  703,  391,  418,  868,  441,  377,  648,  791,  140,  493,  168,  819,  707,  555,  647,  572,  298,   28,  847,  534,  695,  282,  105,  598,  511,  668,  627,  522,  481,  610,  628,  256,  304,  550,  414,  508,  674,  359,  500,  266,  782, 1037,  690,  454,   68,  955,  612,  862,  409,  398,  629,  881,  612,  455,  363,  564,  337,  591,  534,  638,   56,  749,  534,  410,  871,  457,  406,  792,   90,  246,  374,  564,  227,  678,  871,  453,   75,  464,  536,  781,  218,  682,  347,  391,  246,  324,  772,  694,  548,  419,  861,  812,  767,  794,  961,  200,   80,  443,  369,  570,  251,  906,  784,  329,  503,  393,  424,  834,  225,  884,  486,  425,  894,  542,  193,  813,  270,  360,  685,  161,  515,  326,  844,  803,  630,  728,  264,  293,  379,  642,  138,  643,  542,  564,  883,  890,  584,  634,  318,  492, 1080,  944,  280,  949,  755,  524,  296,  631, 1045,  285,  273,  422,  416,  689,  355,  913,  476],
        [  394,    0,  124,  380,  454,  566,  501,  556,    0,  495,  510,  492,  444,  377,  229,  475,  425,  221,  823,  503,  404,  489,  800,  401,  750,  437,  780,  342,  600,  781,  551,  742,  524,  176,  285,  452,  156,  179,  116,  229,  428,  570,  399,  611,  608,  610,   81,  196,  448,  681,  374,  333,  763,  650,  491,  141,  272,  526,  570,  265,  486,  157,  423,   76,  416,  573,  335,  207,  246,  787,  724,  404,  480,  594,  662,  279,  179,  394,  606,  353,  564,  621,  525,  296,   25,  401,  491,  354,  604,  593,  654,  280,  241,  356,  679,  676,  183,  311,  334,  217,  141,  349,  853,  433,  263,  381,  340,  810,  606,  567,  613,  368,  566,  741,  846,  762,  760,  107,  366,  880,  670,  536,  338,  666,  401,  389,  374,  428,  268,  289,  209,  388,  396,  574,  266,  470,  374,  165,  224,  432,  338,  738,  450,  419,  272,  129,  252,  462,  392,  575,  216,  515,  490,  530,  455,  460,  703,  265,  613,  273,  127,  913,  616,  325,  889,  367,  540,  564,  466,  829],
        [  808,    0,  550,  504,  767,  449,  842,  501,  495,    0, 1004,  458,  919,  847,  551,   84,  920,  592,  877,  911,  892,  362,  969,  379, 1144,  893, 1006,  800,  929,  797,  476, 1153,   38,  667,  360,  441,  393,  610,  542,  355,  796,  858,  824,  966,  724,  760,  558,  321,  801, 1031,  651,  169,  764, 1067,  924,  549,  224,  434, 1063,  729,  976,  476,  114,  553,  909,  936,  161,  479,  693,  837, 1004,  787,  891,  556, 1058,  236,  514,  886,  862,  160, 1014,  590,  674,  600,  481,  560,  917,  833,  858,  575,  890,  236,  711,  487, 1034,  819,  489,  398,  589,  639,  606,  758,  919,  928,  714,  869,  835, 1245,  681,  571,  856,  171,  908,  751, 1242, 1134,  827,  544,  157,  924, 1102,  665,  787,  910,  110,  873,  150,  555,  726,  441,  363,  849,  432,  880,  313,  959,  868,  656,  717,  241,  267,  864,  873,  445,  747,  378,  280,  956,  879,  921,  699,  719,  817,  945,  942,  655, 1167,  759,  907,  353,  622, 1344,  749,  523,  921,  142,  954,  772,  961,  964],
        [  371,    0,  474,  752,  594,  990,  566,  954,  510, 1004,    0,  901,  178,  269,  567,  983,   89,  514, 1070,  442,  171,  940,  945,  842,  584,  308,  868,  321,  624, 1069,  961,  541, 1032,  339,  746,  866,  629,  451,  480,  692,  505,  669,  394,  584,  871,  842,  457,  699,  533,  630,  618,  840, 1066,  476,  321,  484,  782,  951,  120,  342,  137,  582,  931,  454,   97,  555,  845,  613,  390, 1047,  762,  477,  429,  971,  528,  779,  563,  125,  727,  861,  344,  985,  798,  582,  524,  734,  396,  209,  729,  959,  777,  780,  320,  738,  619,  890,  588,  749,  635,  420,  411,  432, 1082,   93,  341,  191,  173,  529,  903,  928,  747,  873,  587, 1044,  644,  637, 1013,  487,  873, 1121,  446,  820,  306,  774,  910,  166,  876,  769,  324,  705,  688,  299,  811,  645,  751,  146,  152,  357,  289,  919,  825,  946,  397,  829,  311,  629,  745,   76,  151,  585,  330,  742,  583,  373,  107,  726,  364,  247,  681,  739,  384,  616,  862,  681, 1139,  876,  437,  760,   44, 1001],
        [  884,    0,  613,  153,  420,   91,  498,   66,  492,  458,  901,    0,  900,  657,  336,  376,  815,  387,  424,  617,  741,  104,  518,  104,  802,  666,  569,  600,  557,  350,   61,  827,  493,  634,  217,   40,  533,  454,  604,  564,  489,  470,  570,  611,  274,  316,  488,  349,  479,  661,  322,  443,  320,  757,  975,  626,  394,   58,  908,  560,  815,  347,  351,  565,  826,  591,  399,  303,  512,  383,  592,  498,  605,  114,  728,  473,  350,  815,  453,  351,  757,  147,  243,  327,  500,  189,  643,  811,  449,  126,  468,  475,  719,  163,  669,  368,  330,  182,  279,  708,  630,  505,  465,  809,  749,  717,  738,  938,  225,  115,  442,  315,  552,  304,  892,  772,  371,  443,  339,  474,  807,  226,  822,  489,  374,  835,  487,  160,  751,  208,  295,  640,   98,  502,  262,  797,  750,  571,  668,  217,  233,  409,  605,   76,  591,  478,  502,  831,  832,  565,  578,  308,  468, 1017,  887,  260,  915,  696,  515,  231,  570, 1025,  301,  222,  474,  362,  659,  352,  860,  508],
        [  197,    0,  370,  760,  666,  983,  657,  958,  444,  919,  178,  900,    0,  357,  570,  911,  173,  524, 1133,  556,  271,  919, 1036,  824,  736,  420,  972,  392,  732, 1118,  960,  698,  942,  272,  715,  861,  529,  451,  378,  581,  586,  760,  481,  703,  923,  903,  417,  639,  615,  758,  659,  751, 1110,  624,  150,  373,  704,  944,  297,  376,  286,  557,  862,  374,  131,  669,  765,  598,  418, 1105,  874,  554,  538,  985,  670,  685,  550,  117,  815,  790,  491, 1004,  843,  605,  451,  755,  513,   91,  816,  977,  866,  686,  209,  741,  748,  958,  571,  729,  659,  291,  315,  497, 1152,  199,  209,  277,  192,  699,  945,  947,  832,  810,  693, 1088,  805,  782, 1073,  459,  805, 1188,  603,  863,  149,  868,  836,   67,  779,  789,  195,  693,  646,  392,  804,  741,  706,  286,  214,  329,  233,  875,  780, 1018,  501,  825,  346,  543,  645,  211,   77,  694,  331,  799,  668,  204,   72,  769,  536,  205,  781,  706,  334,  789,  919,  690, 1203,  803,  562,  828,  164, 1086],
        [  481,    0,  412,  505,  326,  747,  303,  703,  377,  847,  269,  657,  357,    0,  334,  808,  200,  281,  801,  202,   99,  710,  684,  613,  417,   75,  616,   58,  375,  800,  714,  394,  880,  271,  534,  624,  529,  239,  413,  602,  238,  407,  127,  348,  603,  574,  300,  527,  266,  408,  355,  698,  798,  305,  496,  430,  628,  710,  252,  119,  159,  379,  755,  358,  233,  313,  689,  394,  159,  778,  517,  209,  183,  714,  337,  651,  348,  242,  464,  691,  194,  726,  531,  331,  399,  479,  164,  308,  466,  700,  515,  652,  328,  495,  399,  622,  375,  525,  380,  417,  355,  164,  815,  182,  372,   83,  171,  442,  637,  670,  482,  693,  336,  777,  504,  450,  744,  304,  699,  853,  308,  554,  393,  514,  742,  297,  743,  513,  357,  477,  495,   35,  573,  386,  555,  142,  144,  220,  240,  713,  625,  679,  145,  588,  105,  504,  628,  194,  283,  337,  164,  473,  318,  552,  306,  460,  327,  218,  425,  532,  268,  544,  594,  436,  870,  708,  217,  492,  237,  737],
        [  585,    0,  348,  190,  243,  424,  307,  391,  229,  551,  567,  336,  570,  334,    0,  497,  480,   54,  601,  361,  410,  378,  572,  280,  597,  360,  557,  278,  403,  568,  396,  603,  586,  317,  206,  300,  354,  120,  341,  419,  249,  355,  278,  429,  384,  383,  183,  247,  259,  497,  147,  429,  554,  517,  660,  366,  353,  385,  581,  228,  487,   93,  447,  284,  491,  394,  405,   72,  180,  567,  511,  238,  342,  415,  510,  406,   55,  481,  384,  392,  472,  434,  301,   70,  249,  189,  369,  485,  382,  407,  430,  407,  408,  173,  498,  449,   69,  192,  107,  426,  340,  210,  629,  475,  445,  386,  403,  695,  391,  378,  389,  384,  375,  532,  695,  593,  538,  135,  395,  658,  553,  315,  511,  443,  442,  505,  480,  222,  442,  144,  190,  323,  245,  366,  239,  469,  415,  244,  343,  384,  302,  511,  325,  262,  257,  302,  403,  498,  500,  386,  244,  287,  287,  708,  553,  232,  630,  366,  402,  207,  255,  794,  391,  120,  669,  409,  404,  335,  525,  601],
        [  815,    0,  547,  431,  702,  366,  778,  418,  475,   84,  983,  376,  911,  808,  497,    0,  896,  541,  794,  856,  860,  279,  889,  302, 1084,  848,  929,  758,  862,  714,  393, 1095,  117,  650,  297,  361,  396,  569,  538,  373,  737,  788,  774,  902,  644,  681,  528,  286,  740,  965,  586,  179,  681, 1011,  929,  548,  208,  351, 1033,  690,  944,  430,   53,  539,  889,  873,  150,  426,  650,  754,  932,  731,  837,  473,  999,  247,  466,  868,  789,  122,  966,  507,  596,  540,  463,  488,  865,  823,  785,  492,  816,  248,  703,  415,  969,  739,  439,  331,  524,  640,  597,  706,  836,  902,  712,  836,  811, 1191,  600,  488,  783,  115,  844,  668, 1181, 1070,  744,  508,  111,  841, 1049,  586,  787,  836,   77,  861,  185,  480,  722,  376,  314,  806,  356,  812,  258,  926,  841,  629,  698,  160,  200,  783,  822,  367,  710,  370,  293,  930,  865,  857,  667,  645,  752,  955,  928,  582, 1122,  739,  837,  293,  599, 1289,  669,  456,  838,  108,  900,  697,  939,  883],
        [  341,    0,  398,  666,  523,  903,  503,  868,  425,  920,   89,  815,  173,  200,  480,  896,    0,  428,  998,  390,  104,  852,  884,  754,  564,  253,  813,  246,  570,  993,  875,  527,  948,  257,  657,  779,  550,  363,  404,  615,  437,  607,  327,  537,  795,  769,  370,  612,  466,  589,  538,  756,  988,  452,  321,  410,  697,  865,  162,  258,  118,  494,  844,  372,   43,  504,  760,  525,  306,  973,  711,  407,  375,  887,  498,  697,  475,   68,  664,  775,  319,  902,  720,  498,  440,  651,  346,  163,  665,  875,  714,  698,  253,  652,  579,  820,  500,  661,  551,  355,  335,  357, 1013,   28,  282,  118,   86,  534,  825,  845,  682,  786,  532,  967,  634,  610,  940,  399,  786, 1051,  431,  742,  263,  713,  824,  129,  793,  686,  264,  618,  600,  233,  724,  585,  663,  115,   66,  269,  207,  831,  737,  877,  339,  742,  226,  546,  664,   49,  112,  531,  242,  667,  517,  376,  110,  647,  377,  165,  623,  651,  299,  628,  788,  596, 1067,  790,  393,  689,   46,  937],
        [  550,    0,  330,  239,  235,  476,  287,  441,  221,  592,  514,  387,  524,  281,   54,  541,  428,    0,  631,  323,  357,  431,  585,  333,  564,  310,  560,  226,  386,  604,  447,  567,  626,  280,  256,  352,  360,   75,  325,  429,  221,  350,  233,  405,  415,  407,  160,  279,  236,  475,  159,  461,  592,  478,  620,  350,  386,  438,  527,  175,  434,  119,  490,  264,  441,  368,  441,  117,  127,  599,  505,  204,  302,  463,  476,  431,   78,  431,  385,  432,  425,  481,  332,   87,  243,  231,  326,  440,  384,  454,  434,  433,  371,  225,  474,  471,  103,  245,  138,  400,  313,  167,  657,  423,  411,  333,  353,  654,  427,  424,  393,  428,  354,  570,  662,  565,  569,  116,  437,  688,  511,  348,  473,  446,  483,  458,  511,  266,  406,  197,  229,  272,  298,  355,  284,  416,  363,  202,  300,  434,  350,  533,  282,  315,  204,  313,  424,  445,  453,  365,  195,  306,  272,  669,  504,  260,  582,  320,  394,  255,  221,  754,  418,  169,  700,  450,  365,  350,  473,  619],
        [ 1181,    0,  945,  455,  476,  434,  514,  377,  823,  877, 1070,  424, 1133,  801,  601,  794,  998,  631,    0,  654,  900,  516,  210,  519,  710,  769,  318,  753,  493,   90,  402,  756,  910,  910,  607,  449,  912,  704,  938,  958,  565,  417,  677,  554,  218,  231,  784,  740,  538,  560,  479,  862,  125,  728, 1245,  963,  806,  444, 1028,  758,  947,  667,  773,  884, 1025,  563,  819,  618,  717,   41,  416,  593,  658,  322,  675,  884,  646, 1025,  360,  773,  799,  289,  301,  545,  839,  423,  698, 1058,  357,  303,  323,  886, 1001,  481,  573,  181,  641,  560,  496, 1027,  940,  642,   44,  982, 1042,  882,  945,  875,  222,  310,  339,  738,  518,  131,  769,  652,   64,  736,  762,   57,  787,  288, 1102,  337,  797, 1067,  908,  399, 1037,  554,  673,  771,  482,  450,  662,  933,  936,  830,  925,  639,  651,  132,  682,  461,  788,  854,  907,  994, 1057,  527,  809,  335,  491, 1297, 1096,  372,  929,  938,  427,  621,  852,  930,  216,  499,   70,  785,  681,  310, 1038,  154],
        [  680,    0,  572,  473,  206,  705,  143,  648,  503,  911,  442,  617,  556,  202,  361,  856,  390,  323,  654,    0,  287,  694,  508,  605,  248,  138,  427,  189,  183,  671,  665,  244,  947,  449,  561,  593,  658,  328,  571,  731,  128,  239,  106,  148,  483,  442,  423,  602,  141,  207,  296,  783,  677,  156,  697,  592,  708,  674,  378,  255,  308,  441,  807,  510,  428,  114,  763,  433,  259,  638,  322,  127,   24,  644,  159,  750,  401,  440,  297,  752,  150,  645,  429,  319,  527,  429,   47,  509,  300,  624,  342,  752,  519,  474,  199,  475,  424,  536,  349,  599,  525,  159,  660,  367,  564,  279,  372,  335,  530,  595,  318,  744,  146,  657,  344,  263,  604,  405,  756,  701,  195,  454,  592,  337,  802,  497,  833,  458,  550,  486,  550,  168,  554,  209,  600,  297,  342,  379,  429,  732,  659,  525,   61,  561,  267,  620,  738,  370,  483,  143,  324,  358,  170,  753,  499,  372,  301,  413,  242,  564,  426,  433,  466,  418,  721,  770,   44,  356,  420,  567],
        [  418,    0,  408,  590,  424,  830,  400,  791,  404,  892,  171,  741,  271,   99,  410,  860,  104,  357,  900,  287,    0,  787,  781,  689,  473,  150,  709,  150,  467,  898,  799,  441,  923,  260,  601,  707,  546,  302,  412,  616,  336,  504,  225,  434,  700,  672,  335,  575,  365,  488,  449,  735,  895,  360,  416,  424,  669,  793,  174,  183,   84,  440,  808,  367,  141,  400,  732,  463,  231,  876,  607,  307,  271,  805,  402,  682,  414,  156,  561,  740,  231,  817,  627,  417,  423,  568,  244,  238,  563,  792,  611,  683,  291,  578,  478,  720,  441,  598,  469,  390,  346,  261,  913,   84,  329,   25,  106,  465,  733,  761,  580,  747,  428,  873,  551,  515,  842,  353,  750,  952,  348,  650,  333,  610,  791,  216,  777,  603,  312,  552,  553,  131,  654,  481,  615,   67,   63,  239,  217,  779,  687,  777,  236,  670,  156,  531,  653,   96,  200,  427,  194,  571,  415,  472,  213,  556,  323,  181,  519,  597,  281,  564,  692,  520,  969,  757,  292,  590,  139,  835],
        [  881,    0,  602,  222,  505,   97,  585,  140,  489,  362,  940,  104,  919,  710,  378,  279,  852,  431,  516,  694,  787,    0,  621,   99,  892,  728,  672,  654,  651,  436,  115,  913,  395,  648,  206,  107,  499,  490,  593,  517,  566,  566,  637,  701,  377,  420,  502,  318,  559,  755,  399,  371,  404,  840,  979,  613,  335,   73,  958,  605,  865,  363,  260,  564,  859,  679,  326,  328,  557,  476,  693,  571,  680,  195,  814,  412,  378,  844,  553,  275,  828,  229,  345,  386,  492,  271,  716,  829,  549,  214,  570,  414,  726,  222,  762,  471,  354,  192,  347,  701,  630,  569,  558,  850,  751,  763,  771, 1022,  327,  212,  542,  237,  642,  390,  984,  865,  466,  462,  260,  563,  887,  329,  826,  591,  288,  857,  410,  249,  756,  236,  281,  697,  141,  596,  231,  847,  789,  595,  687,  126,  176,  511,  676,  134,  633,  448,  448,  874,  856,  656,  611,  407,  555, 1018,  914,  353,  987,  720,  612,  217,  585, 1112,  404,  280,  561,  283,  737,  453,  897,  609],
        [ 1116,    0,  915,  484,  375,  560,  382,  493,  800,  969,  945,  518, 1036,  684,  572,  889,  884,  585,  210,  508,  781,  621,    0,  591,  514,  638,  111,  645,  329,  282,  520,  564, 1005,  848,  647,  529,  917,  649,  909,  974,  451,  278,  558,  383,  246,  212,  744,  767,  421,  372,  427,  919,  310,  550, 1163,  934,  853,  557,  885,  670,  814,  655,  858,  849,  916,  402,  880,  611,  638,  223,  220,  482,  518,  447,  493,  926,  624,  922,  221,  841,  641,  421,  304,  505,  820,  435,  554,  971,  220,  422,  170,  928,  937,  508,  386,  151,  628,  599,  469,  982,  896,  541,  190,  864,  980,  767,  845,  680,  295,  414,  205,  812,  362,  304,  566,  454,  202,  700,  833,  232,  608,  308, 1031,  172,  875,  971,  969,  426,  973,  576,  697,  651,  541,  301,  705,  802,  827,  766,  852,  730,  716,  117,  548,  526,  697,  862,  939,  871,  960,  367,  731,  287,  369, 1217,  989,  350,  753,  855,  267,  660,  797,  728,  221,  501,  255,  856,  525,  237,  919,   66],
        [  795,    0,  519,  139,  424,  165,  503,  168,  401,  379,  842,  104,  824,  613,  280,  302,  754,  333,  519,  605,  689,   99,  591,    0,  812,  633,  628,  556,  577,  450,  156,  831,  416,  554,  118,   71,  431,  392,  510,  460,  478,  497,  543,  624,  347,  381,  408,  247,  474,  681,  313,  344,  422,  754,  889,  531,  291,  126,  860,  507,  767,  267,  267,  476,  761,  599,  300,  230,  459,  479,  634,  480,  590,  218,  732,  370,  280,  747,  492,  256,  735,  251,  295,  292,  406,  194,  624,  735,  488,  228,  516,  372,  635,  132,  687,  441,  257,   95,  257,  616,  542,  475,  559,  752,  662,  665,  674,  936,  309,  212,  484,  223,  564,  404,  906,  790,  463,  366,  246,  571,  799,  286,  736,  536,  285,  762,  390,  181,  665,  138,  197,  600,   57,  524,  159,  749,  691,  499,  592,  146,  133,  489,  584,   66,  535,  376,  399,  776,  760,  578,  514,  346,  475,  930,  818,  285,  895,  624,  545,  132,  491, 1029,  371,  188,  573,  269,  649,  397,  799,  590],
        [  890,    0,  815,  674,  388,  883,  309,  819,  750, 1144,  584,  802,  736,  417,  597, 1084,  564,  564,  710,  248,  473,  892,  514,  812,    0,  343,  407,  424,  248,  755,  840,   55, 1181,  683,  788,  786,  905,  575,  814,  978,  349,  340,  352,  192,  600,  550,  670,  842,  344,  153,  502, 1024,  771,  114,  884,  834,  949,  858,  482,  497,  453,  683, 1036,  754,  606,  213, 1002,  668,  505,  707,  295,  361,  271,  800,   90,  995,  641,  626,  377,  987,  246,  793,  576,  545,  774,  622,  264,  710,  382,  777,  396,  996,  744,  681,  142,  554,  663,  756,  562,  832,  764,  405,  700,  537,  788,  476,  575,  166,  658,  752,  397,  975,  250,  756,   98,   67,  676,  652,  988,  743,  140,  599,  803,  378, 1035,  688, 1075,  644,  773,  708,  786,  390,  757,  305,  831,  451,  535,  620,  657,  949,  884,  581,  302,  759,  503,  867,  984,  528,  671,  237,  563,  502,  338,  940,  669,  543,  271,  634,  304,  793,  668,  229,  575,  631,  765, 1004,  212,  473,  578,  580],
        [  553,    0,  482,  514,  297,  756,  259,  707,  437,  893,  308,  666,  420,   75,  360,  848,  253,  310,  769,  138,  150,  728,  638,  633,  343,    0,  562,   96,  318,  776,  720,  320,  927,  343,  565,  636,  592,  284,  482,  665,  207,  362,   99,  284,  581,  547,  358,  574,  232,  340,  351,  749,  777,  231,  562,  500,  677,  721,  261,  174,  179,  419,  797,  425,  291,  251,  737,  426,  202,  749,  458,  183,  122,  713,  263,  706,  383,  304,  421,  735,  127,  720,  515,  342,  460,  481,   94,  377,  423,  696,  469,  708,  402,  509,  330,  589,  410,  550,  387,  491,  427,  161,  779,  230,  446,  144,  240,  374,  620,  666,  440,  734,  280,  756,  430,  377,  715,  355,  742,  819,  237,  539,  465,  466,  786,  362,  796,  515,  431,  501,  534,   51,  589,  337,  592,  165,  207,  288,  314,  743,  659,  643,   90,  601,  170,  563,  686,  235,  347,  279,  230,  451,  279,  618,  362,  449,  275,  292,  373,  564,  336,  477,  568,  449,  837,  752,  145,  462,  284,  694],
        [ 1068,    0,  888,  506,  332,  624,  317,  555,  780, 1006,  868,  569,  972,  616,  557,  929,  813,  560,  318,  427,  709,  672,  111,  628,  407,  562,    0,  582,  244,  382,  582,  457, 1043,  806,  665,  573,  909,  617,  883,  972,  392,  220,  491,  290,  299,  253,  717,  774,  364,  269,  411,  938,  407,  449, 1105,  908,  868,  614,  800,  618,  734,  646,  893,  821,  848,  315,  902,  607,  592,  326,  116,  424,  440,  515,  391,  937,  611,  856,  175,  868,  550,  494,  333,  488,  802,  452,  473,  913,  177,  490,  128,  939,  892,  527,  283,  212,  619,  619,  463,  947,  862,  487,  300,  791,  936,  698,  782,  572,  357,  476,  168,  842,  282,  398,  456,  345,  301,  676,  862,  342,  506,  345,  981,  115,  906,  909,  990,  452,  927,  588,  705,  582,  574,  232,  722,  723,  759,  724,  804,  772,  744,  206,  474,  563,  643,  856,  945,  796,  896,  284,  684,  292,  312, 1160,  920,  358,  652,  802,  192,  677,  760,  618,  271,  508,  365,  883,  437,  238,  845,  176],
        [  495,    0,  392,  448,  279,  690,  266,  647,  342,  800,  321,  600,  392,   58,  278,  758,  246,  226,  753,  189,  150,  654,  645,  556,  424,   96,  582,    0,  348,  749,  657,  407,  833,  261,  480,  567,  496,  190,  392,  570,  195,  369,   93,  329,  551,  524,  262,  480,  224,  394,  300,  654,  746,  317,  523,  411,  583,  653,  309,   78,  216,  329,  706,  333,  274,  292,  643,  340,  108,  728,  490,  164,  167,  658,  339,  610,  295,  278,  424,  643,  223,  669,  478,  274,  365,  422,  161,  332,  425,  644,  475,  612,  331,  438,  387,  575,  322,  470,  323,  411,  341,  112,  768,  230,  376,  130,  201,  469,  583,  614,  441,  643,  308,  724,  516,  449,  695,  260,  650,  806,  330,  500,  407,  477,  694,  328,  701,  457,  363,  421,  444,   49,  516,  351,  503,  198,  184,  197,  240,  659,  572,  633,  129,  531,   80,  467,  590,  246,  315,  311,  140,  422,  277,  579,  346,  406,  368,  227,  391,  478,  245,  572,  543,  379,  822,  660,  215,  444,  286,  696],
        [  841,    0,  692,  438,  163,  636,  100,  572,  600,  929,  624,  557,  732,  375,  403,  862,  570,  386,  493,  183,  467,  651,  329,  577,  248,  318,  244,  348,    0,  525,  594,  282,  966,  590,  570,  545,  746,  424,  689,  815,  175,   93,  255,   63,  356,  307,  527,  647,  153,  105,  278,  826,  537,  237,  869,  713,  751,  613,  558,  394,  490,  495,  817,  626,  606,   73,  797,  468,  379,  483,  143,  204,  196,  553,  189,  807,  454,  616,  138,  775,  313,  545,  328,  339,  624,  384,  229,  678,  142,  529,  171,  809,  670,  450,  112,  322,  471,  532,  341,  737,  656,  267,  493,  548,  716,  456,  544,  400,  412,  504,  159,  758,   40,  519,  335,  215,  450,  494,  774,  536,  295,  352,  753,  161,  821,  671,  878,  403,  704,  488,  583,  341,  521,   57,  619,  479,  519,  511,  580,  718,  663,  362,  232,  520,  415,  699,  805,  552,  657,   40,  464,  255,  116,  925,  679,  299,  436,  573,   67,  577,  553,  476,  332,  406,  556,  792,  196,  227,  601,  390],
        [ 1152,    0,  905,  404,  479,  350,  529,  298,  781,  797, 1069,  350, 1118,  800,  568,  714,  993,  604,   90,  671,  898,  436,  282,  450,  755,  776,  382,  749,  525,    0,  322,  798,  830,  883,  546,  379,  858,  678,  897,  899,  570,  440,  680,  587,  198,  231,  750,  681,  545,  603,  460,  792,   36,  761, 1223,  921,  740,  364, 1036,  744,  952,  624,  695,  846, 1017,  590,  748,  574,  701,   61,  469,  595,  672,  242,  712,  819,  608, 1014,  388,  700,  819,  208,  276,  518,  795,  382,  713, 1039,  384,  225,  360,  821,  974,  429,  615,  204,  599,  501,  466,  990,  905,  637,  133,  979, 1012,  878,  934,  918,  177,  238,  367,  664,  544,   47,  822,  702,   82,  701,  688,  128,  819,  257, 1076,  378,  721, 1051,  836,  353, 1009,  501,  617,  772,  418,  475,  599,  936,  929,  805,  902,  561,  581,  179,  692,  396,  775,  801,  844,  993, 1044,  554,  789,  327,  503, 1272, 1087,  350,  957,  919,  460,  561,  822,  980,  208,  457,  125,  711,  702,  317, 1034,  234],
        [  944,    0,  671,  210,  464,   44,  541,   28,  551,  476,  961,   61,  960,  714,  396,  393,  875,  447,  402,  665,  799,  115,  520,  156,  840,  720,  582,  657,  594,  322,    0,  868,  509,  695,  273,  100,  586,  515,  662,  613,  538,  504,  624,  649,  283,  330,  549,  402,  526,  696,  373,  481,  290,  801, 1035,  684,  437,   43,  965,  619,  872,  407,  375,  625,  886,  633,  435,  363,  571,  363,  616,  549,  655,   81,  769,  516,  411,  875,  481,  386,  808,  115,  270,  384,  558,  240,  693,  872,  477,  102,  490,  518,  779,  223,  705,  374,  391,  241,  335,  767,  690,  560,  445,  869,  809,  776,  799,  981,  227,  107,  468,  348,  591,  276,  928,  807,  355,  503,  372,  449,  853,  249,  882,  512,  402,  896,  521,  208,  811,  269,  352,  696,  158,  537,  314,  854,  810,  632,  729,  240,  275,  407,  657,  136,  650,  532,  548,  890,  893,  605,  639,  341,  511, 1077,  947,  300,  965,  757,  547,  287,  631, 1066,  311,  280,  446,  395,  707,  379,  919,  503],
        [  858,    0,  799,  694,  409,  910,  329,  847,  742, 1153,  541,  827,  698,  394,  603, 1095,  527,  567,  756,  244,  441,  913,  564,  831,   55,  320,  457,  407,  282,  798,  868,    0, 1189,  663,  799,  809,  897,  570,  799,  970,  358,  374,  344,  222,  637,  587,  661,  845,  358,  196,  519, 1027,  813,   92,  847,  818,  952,  883,  435,  483,  413,  685, 1046,  740,  569,  236, 1007,  674,  496,  752,  345,  366,  266,  832,  100,  994,  644,  590,  416,  994,  211,  826,  607,  556,  766,  643,  252,  677,  420,  809,  438,  996,  719,  699,  184,  596,  668,  770,  577,  810,  746,  403,  748,  500,  762,  446,  545,  120,  694,  783,  436,  984,  277,  797,  111,  121,  720,  647,  997,  791,   96,  631,  773,  422, 1044,  652, 1077,  668,  746,  721,  792,  369,  777,  338,  840,  413,  503,  604,  633,  965,  896,  626,  293,  780,  486,  861,  981,  488,  636,  264,  547,  533,  359,  902,  630,  569,  218,  608,  342,  803,  652,  199,  613,  647,  813, 1012,  204,  508,  538,  630],
        [  825,    0,  573,  541,  804,  481,  879,  534,  524,   38, 1032,  493,  942,  880,  586,  117,  948,  626,  910,  947,  923,  395, 1005,  416, 1181,  927, 1043,  833,  966,  830,  509, 1189,    0,  694,  397,  477,  414,  644,  565,  372,  832,  895,  859, 1003,  760,  797,  588,  354,  837, 1068,  688,  193,  797, 1103,  942,  570,  254,  467, 1093,  761, 1006,  510,  151,  579,  936,  972,  192,  515,  726,  871, 1041,  823,  927,  589, 1094,  258,  549,  912,  899,  195, 1048,  623,  710,  636,  508,  597,  952,  857,  895,  609,  927,  257,  734,  524, 1071,  855,  524,  435,  626,  659,  630,  793,  953,  957,  736,  899,  863, 1280,  716,  605,  894,  208,  945,  784, 1278, 1170,  861,  576,  193,  957, 1137,  701,  808,  947,  146,  898,  166,  592,  749,  478,  398,  882,  469,  917,  350,  989,  897,  686,  744,  276,  304,  900,  908,  481,  778,  404,  299,  985,  904,  958,  730,  756,  854,  962,  967,  692, 1201,  786,  944,  390,  650, 1379,  785,  560,  954,  177,  990,  809,  988, 1000],
        [  272,    0,  149,  501,  476,  715,  496,  695,  176,  667,  339,  634,  272,  271,  317,  650,  257,  280,  910,  449,  260,  648,  848,  554,  683,  343,  806,  261,  590,  883,  695,  663,  694,    0,  444,  595,  294,  206,  152,  360,  418,  587,  346,  582,  694,  683,  147,  370,  445,  650,  434,  502,  870,  574,  344,  164,  446,  676,  412,  197,  337,  289,  599,  116,  243,  544,  508,  332,  214,  878,  728,  388,  426,  726,  599,  441,  287,  219,  634,  528,  463,  748,  611,  366,  187,  506,  421,  182,  634,  720,  686,  442,   92,  481,  644,  746,  305,  460,  417,  151,   87,  324,  935,  270,  133,  242,  175,  710,  706,  692,  647,  544,  551,  848,  773,  710,  848,  192,  541,  966,  579,  627,  194,  693,  576,  215,  537,  538,  127,  427,  374,  295,  538,  579,  435,  323,  216,   83,   51,  604,  508,  808,  389,  559,  183,  291,  407,  299,  217,  557,  127,  581,  496,  391,  279,  538,  580,   93,  621,  434,   64,  812,  696,  435,  979,  542,  475,  620,  296,  888],
        [  678,    0,  401,  164,  408,  283,  483,  282,  285,  360,  746,  217,  715,  534,  206,  297,  657,  256,  607,  561,  601,  206,  647,  118,  788,  565,  665,  480,  570,  546,  273,  799,  397,  444,    0,  178,  317,  300,  392,  354,  441,  501,  484,  607,  412,  436,  299,  136,  444,  671,  292,  274,  521,  716,  774,  413,  207,  244,  775,  421,  682,  164,  249,  360,  661,  577,  237,  140,  376,  567,  651,  436,  543,  328,  703,  281,  188,  644,  510,  207,  678,  358,  344,  244,  289,  215,  573,  625,  506,  333,  544,  283,  521,  140,  675,  501,  161,   49,  230,  498,  426,  415,  644,  657,  546,  577,  575,  896,  387,  312,  507,  189,  549,  502,  885,  775,  547,  261,  205,  661,  755,  342,  621,  562,  252,  654,  325,  222,  550,   82,   80,  527,  129,  522,   58,  664,  596,  394,  484,  180,   98,  556,  530,  153,  446,  261,  302,  683,  654,  562,  417,  374,  458,  814,  713,  308,  836,  518,  550,   15,  381,  993,  431,  165,  666,  224,  605,  428,  702,  656],
