{
    "name": "random-35-6535",
    "comment": "size=35 seed=6535",
    "nodes": ["+0", "-0", "+1", "-1", "+2", "-2", "+3", "-3", "+4", "-4", "+5", "-5", "+6", "-6", "+7", "-7", "+8", "-8", "+9", "-9", "+10", "-10", "+11", "-11", "+12", "-12", "+13", "-13", "+14", "-14", "+15", "-15", "+16", "-16", "+17", "-17", "+18", "-18", "+19", "-19", "+20", "-20", "+21", "-21", "+22", "-22", "+23", "-23", "+24", "-24", "+25", "-25", "+26", "-26", "+27", "-27", "+28", "-28", "+29", "-29", "+30", "-30", "+31", "-31", "+32", "-32", "+33", "-33", "+34", "-34", "+35", "-35"],
    "precedence": {
        "+0": "-0",
        "+1": "-1",
        "+2": "-2",
        "+3": "-3",
        "+4": "-4",
        "+5": "-5",
        "+6": "-6",
        "+7": "-7",
        "+8": "-8",
        "+9": "-9",
        "+10": "-10",
        "+11": "-11",
        "+12": "-12",
        "+13": "-13",
        "+14": "-14",
        "+15": "-15",
        "+16": "-16",
        "+17": "-17",
        "+18": "-18",
        "+19": "-19",
        "+20": "-20",
        "+21": "-21",
        "+22": "-22",
        "+23": "-23",
        "+24": "-24",
        "+25": "-25",
        "+26": "-26",
        "+27": "-27",
        "+28": "-28",
        "+29": "-29",
        "+30": "-30",
        "+31": "-31",
        "+32": "-32",
        "+33": "-33",
        "+34": "-34",
        "+35": "-35"
    },
    "edges": [
        [    0,    0,  424,  388,   28,  732,  864,  641,  247,  140,  698,  225,  419,  344,  767,  458,  462,  613,  695,  407,  740,  639,  582,   92,  102,  131,  481,  261,  247,  101,  311,  365,  578,  261,  813,  519,  291,  468,  510,  200,  164,  291,  595,  299,  507,  616,  415,  285,  410,  607,  538,  575,  545,  338,  236,  348,  372,  747,  392,  444,  170,  479,  733,  358,  415,  216,  239,  491,  440,  311,  107,  268],
        [    0,    0,  424,  388,   28,  732,  864,  641,  247,  140,  698,  225,  419,  344,  767,  458,  462,  613,  695,  407,  740,  639,  582,   92,  102,  131,  481,  261,  247,  101,  311,  365,  578,  261,  813,  519,  291,  468,  510,  200,  164,  291,  595,  299,  507,  616,  415,  285,  410,  607,  538,  575,  545,  338,  236,  348,  372,  747,  392,  444,  170,  479,  733,  358,  415,  216,  239,  491,  440,  311,  107,  268],
        [  424,  424,    0,  335,  448,  329,  674,  538,  619,  323,  448,  325,  225,  472,  489,  575,   45,  534,  397,  700,  536,  349,  159,  473,  501,  451,  705,  537,  309,  445,  535,  187,  530,  226,  680,  565,  514,  560,  126,  615,  566,  547,  314,  126,  746,  210,  584,  288,  133,  244,  304,  156,  767,  358,  626,  511,  552,  457,  237,  143,  441,  563,  326,  758,  200,  623,  186,  113,  102,  115,  479,  310],
        [  388,  388,  335,    0,  413,  484,  477,  262,  440,  401,  325,  474,  128,  645,  399,  248,  376,  241,  347,  435,  354,  296,  444,  478,  489,  310,  841,  626,  141,  328,  658,  149,  219,  411,  433,  230,  257,  229,  461,  498,  547,  650,  258,  282,  444,  525,  274,  485,  210,  577,  623,  459,  457,   64,  621,  218,  705,  388,  512,  463,  518,  230,  627,  585,  496,  594,  283,  297,  428,  281,  491,  492],
        [   28,   28,  448,  413,    0,  759,  889,  664,  240,  155,  724,  234,  446,  341,  793,  473,  486,  635,  722,  408,  766,  666,  607,   73,   77,  143,  465,  246,  273,  113,  300,  392,  600,  279,  836,  537,  303,  485,  532,  182,  137,  277,  622,  324,  511,  639,  428,  296,  437,  627,  552,  599,  550,  362,  210,  363,  362,  774,  407,  464,  163,  496,  756,  343,  432,  189,  264,  517,  462,  336,   88,  278],
        [  732,  732,  329,  484,  759,    0,  539,  531,  888,  648,  330,  653,  365,  791,  315,  718,  309,  550,  243,  917,  429,  245,  208,  794,  820,  726, 1026,  865,  548,  729,  861,  391,  573,  554,  598,  665,  733,  692,  329,  909,  885,  874,  256,  441,  924,  270,  755,  611,  330,  365,  526,  236,  933,  539,  949,  701,  873,  280,  533,  414,  769,  689,  276, 1033,  487,  942,  499,  242,  381,  429,  801,  635],
        [  864,  864,  674,  477,  889,  539,    0,  239,  871,  867,  230,  926,  488, 1098,  225,  531,  691,  276,  307,  785,  139,  335,  672,  954,  964,  775, 1308, 1098,  618,  797, 1125,  550,  321,  845,  113,  438,  669,  501,  763,  953, 1022, 1121,  363,  698,  720,  761,  598,  921,  559,  850,  970,  701,  703,  529, 1096,  601, 1165,  260,  906,  814,  989,  489,  807, 1001,  873, 1066,  725,  569,  773,  691,  967,  934],
        [  641,  641,  538,  262,  664,  531,  239,    0,  633,  663,  221,  734,  319,  906,  283,  298,  568,   39,  301,  552,  166,  286,  590,  732,  740,  543, 1102,  887,  400,  566,  920,  375,   85,  665,  173,  206,  431,  267,  650,  716,  794,  911,  283,  525,  499,  682,  363,  740,  408,  757,  841,  614,  488,  304,  868,  362,  966,  298,  750,  679,  779,  256,  758,  763,  726,  836,  538,  455,  639,  520,  746,  749],
        [  247,  247,  619,  440,  240,  888,  871,  633,    0,  385,  762,  471,  530,  573,  837,  362,  663,  597,  787,  190,  772,  735,  775,  290,  268,  169,  652,  452,  341,  179,  515,  498,  553,  501,  794,  451,  203,  387,  725,  115,  273,  484,  693,  497,  309,  826,  298,  531,  561,  832,  780,  775,  351,  377,  326,  272,  581,  827,  635,  672,  394,  400,  943,  147,  653,  279,  442,  656,  661,  507,  303,  515],
        [  140,  140,  323,  401,  155,  648,  867,  663,  385,    0,  675,   94,  388,  250,  736,  537,  354,  641,  655,  534,  734,  600,  476,  155,  185,  245,  442,  236,  269,  220,  259,  326,  614,  126,  833,  580,  391,  541,  388,  336,  247,  255,  556,  210,  624,  497,  508,  147,  349,  477,  398,  464,  659,  369,  303,  433,  304,  712,  253,  315,  128,  550,  612,  497,  278,  304,  157,  411,  317,  222,  158,  134],
        [  698,  698,  448,  325,  724,  330,  230,  221,  762,  675,    0,  723,  288,  891,   76,  482,  463,  250,   88,  724,  102,  105,  443,  783,  799,  633, 1111,  910,  455,  650,  929,  350,  286,  635,  270,  403,  568,  451,  533,  823,  861,  930,  135,  488,  694,  533,  538,  709,  343,  621,  741,  471,  690,  387,  933,  511,  964,   78,  684,  587,  802,  443,  586,  904,  648,  911,  524,  340,  546,  479,  795,  725],
        [  225,  225,  325,  474,  234,  653,  926,  734,  471,   94,  723,    0,  440,  173,  779,  627,  347,  714,  693,  626,  791,  639,  464,  209,  241,  338,  390,  214,  349,  312,  212,  377,  690,  100,  901,  666,  484,  629,  360,  410,  293,  222,  597,  237,  717,  467,  600,   68,  384,  431,  326,  447,  752,  448,  332,  525,  241,  752,  187,  276,  130,  637,  577,  573,  223,  346,  201,  428,  290,  247,  205,   46],
        [  419,  419,  225,  128,  446,  365,  488,  319,  530,  388,  288,  440,    0,  611,  351,  376,  260,  312,  277,  553,  351,  221,  318,  500,  518,  377,  826,  623,  192,  387,  643,   64,  306,  358,  473,  349,  368,  355,  345,  567,  582,  643,  177,  212,  570,  401,  401,  434,   93,  460,  525,  333,  584,  176,  653,  339,  680,  330,  432,  362,  514,  356,  500,  676,  407,  634,  239,  170,  324,  206,  511,  447],
        [  344,  344,  472,  645,  341,  791, 1098,  906,  573,  250,  891,  173,  611,    0,  945,  785,  484,  886,  856,  748,  961,  804,  589,  283,  308,  472,  235,  157,  518,  443,  103,  548,  861,  257, 1073,  830,  629,  790,  473,  486,  328,  138,  762,  403,  850,  570,  751,  186,  550,  509,  357,  567,  888,  617,  331,  678,   84,  916,  266,  383,  179,  799,  666,  644,  313,  365,  373,  582,  411,  413,  271,  167],
        [  767,  767,  489,  399,  793,  315,  225,  283,  837,  736,   76,  779,  351,  945,    0,  555,  498,  316,   94,  799,  132,  142,  459,  850,  867,  706, 1168,  972,  526,  722,  988,  412,  355,  688,  293,  474,  643,  524,  560,  896,  930,  990,  183,  543,  766,  546,  612,  761,  396,  638,  770,  489,  761,  461, 1002,  587, 1019,   37,  725,  622,  864,  516,  584,  979,  688,  980,  583,  377,  581,  533,  861,  778],
        [  458,  458,  575,  248,  473,  718,  531,  298,  362,  537,  482,  627,  376,  785,  555,    0,  618,  260,  537,  255,  458,  499,  692,  545,  541,  331,  938,  718,  293,  361,  767,  391,  214,  595,  442,   95,  176,   32,  701,  463,  581,  748,  470,  497,  213,  772,   68,  660,  456,  819,  843,  705,  216,  217,  650,  110,  825,  558,  716,  691,  623,   43,  875,  477,  710,  610,  475,  545,  661,  499,  561,  658],
        [  462,  462,   45,  376,  486,  309,  691,  568,  663,  354,  463,  347,  260,  484,  498,  618,    0,  567,  405,  745,  555,  361,  122,  507,  536,  494,  718,  560,  354,  487,  553,  228,  565,  248,  704,  605,  559,  602,   86,  656,  600,  567,  329,  167,  790,  165,  628,  303,  169,  202,  279,  114,  812,  401,  657,  556,  565,  464,  234,  125,  468,  605,  282,  800,  192,  657,  225,  124,   84,  157,  511,  326],
        [  613,  613,  534,  241,  635,  550,  276,   39,  597,  641,  250,  714,  312,  886,  316,  260,  567,    0,  326,  514,  203,  306,  596,  704,  711,  511, 1078,  861,  375,  536,  897,  364,   47,  649,  203,  168,  395,  229,  650,  682,  764,  887,  297,  512,  461,  687,  325,  724,  402,  759,  836,  619,  451,  277,  837,  326,  945,  328,  740,  674,  755,  218,  768,  726,  717,  804,  521,  457,  635,  508,  719,  732],
        [  695,  695,  397,  347,  722,  243,  307,  301,  787,  655,   88,  693,  277,  856,   94,  537,  405,  326,    0,  769,  188,   57,  368,  775,  794,  646, 1082,  890,  462,  659,  903,  334,  357,  600,  357,  466,  601,  508,  467,  837,  858,  907,  101,  456,  750,  456,  588,  672,  309,  547,  677,  397,  750,  410,  929,  552,  932,   61,  633,  529,  783,  501,  502,  932,  595,  911,  500,  284,  488,  446,  786,  690],
        [  407,  407,  700,  435,  408,  917,  785,  552,  190,  534,  724,  626,  553,  748,  799,  255,  745,  514,  769,    0,  710,  724,  844,  469,  451,  290,  842,  637,  393,  314,  698,  541,  468,  634,  692,  348,  189,  286,  819,  303,  463,  669,  689,  591,  121,  909,  190,  679,  610,  934,  911,  850,  164,  379,  515,  219,  763,  798,  769,  782,  570,  297, 1023,  247,  778,  469,  546,  707,  763,  598,  483,  667],
        [  740,  740,  536,  354,  766,  429,  139,  166,  772,  734,  102,  791,  351,  961,  132,  458,  555,  203,  188,  710,    0,  204,  542,  829,  841,  660, 1175,  967,  493,  680,  992,  414,  247,  708,  170,  369,  572,  426,  628,  845,  901,  989,  227,  561,  663,  633,  520,  783,  420,  719,  833,  570,  654,  411,  974,  508, 1030,  158,  767,  676,  858,  417,  687,  909,  735,  948,  590,  432,  635,  553,  842,  797],
        [  639,  639,  349,  296,  666,  245,  335,  286,  735,  600,  105,  639,  221,  804,  142,  499,  361,  306,   57,  724,  204,    0,  338,  719,  738,  592, 1029,  835,  407,  604,  848,  278,  332,  547,  370,  433,  552,  470,  429,  783,  802,  852,   45,  402,  711,  429,  546,  620,  255,  516,  637,  366,  713,  359,  873,  505,  879,  113,  586,  485,  727,  465,  486,  880,  549,  855,  445,  239,  444,  392,  730,  637],
        [  582,  582,  159,  444,  607,  208,  672,  590,  775,  476,  443,  464,  318,  589,  459,  692,  122,  596,  368,  844,  542,  338,    0,  629,  657,  607,  824,  676,  453,  602,  665,  307,  604,  367,  704,  664,  656,  672,  122,  774,  722,  682,  319,  285,  878,   93,  711,  414,  238,  179,  323,   31,  896,  482,  778,  643,  672,  423,  327,  208,  587,  673,  184,  915,  281,  779,  344,  148,  179,  274,  633,  439],
        [   92,   92,  473,  478,   73,  794,  954,  732,  290,  155,  783,  209,  500,  283,  850,  545,  507,  704,  775,  469,  829,  719,  629,    0,   33,  215,  393,  175,  337,  185,  231,  442,  670,  278,  905,  609,  375,  557,  543,  208,   93,  206,  675,  354,  577,  651,  499,  276,  480,  629,  535,  618,  616,  429,  156,  435,  296,  829,  394,  467,  106,  568,  766,  371,  425,  151,  296,  554,  472,  366,   16,  254],
        [  102,  102,  501,  489,   77,  820,  964,  740,  268,  185,  799,  241,  518,  308,  867,  541,  536,  711,  794,  451,  841,  738,  657,   33,    0,  211,  401,  188,  348,  182,  248,  462,  675,  309,  912,  609,  368,  555,  573,  180,   67,  220,  693,  380,  561,  681,  493,  308,  502,  660,  567,  647,  602,  438,  136,  432,  314,  847,  426,  499,  133,  566,  797,  341,  457,  123,  321,  579,  502,  392,   39,  285],
        [  131,  131,  451,  310,  143,  726,  775,  543,  169,  245,  633,  338,  377,  472,  706,  331,  494,  511,  646,  290,  660,  592,  607,  215,  211,    0,  607,  389,  186,   31,  441,  337,  472,  347,  713,  399,  161,  345,  557,  192,  256,  419,  549,  329,  381,  657,  286,  389,  397,  666,  626,  606,  418,  250,  328,  222,  502,  692,  482,  508,  300,  356,  775,  310,  495,  294,  275,  490,  494,  338,  230,  378],
        [  481,  481,  705,  841,  465, 1026, 1308, 1102,  652,  442, 1111,  390,  826,  235, 1168,  938,  718, 1078, 1082,  842, 1175, 1029,  824,  393,  401,  607,    0,  221,  704,  577,  184,  763, 1048,  485, 1274,  998,  767,  949,  707,  543,  380,  193,  986,  627,  957,  801,  892,  418,  774,  734,  572,  801,  998,  803,  334,  828,  154, 1141,  499,  618,  324,  959,  892,  674,  546,  382,  588,  814,  646,  637,  378,  396],
        [  261,  261,  537,  626,  246,  865, 1098,  887,  452,  236,  910,  214,  623,  157,  972,  718,  560,  861,  890,  637,  967,  835,  676,  175,  188,  389,  221,    0,  487,  359,   66,  561,  830,  312, 1059,  778,  549,  728,  570,  352,  186,   33,  791,  439,  748,  675,  674,  266,  582,  629,  495,  659,  789,  585,  176,  608,  132,  947,  378,  483,  110,  739,  781,  502,  421,  213,  391,  637,  502,  450,  160,  240],
        [  247,  247,  309,  141,  273,  548,  618,  400,  341,  269,  455,  349,  192,  518,  526,  293,  354,  375,  462,  393,  493,  407,  453,  337,  348,  186,  704,  487,    0,  197,  522,  158,  346,  305,  572,  318,  205,  288,  431,  377,  409,  512,  364,  210,  439,  518,  285,  373,  224,  548,  553,  458,  464,  101,  482,  209,  572,  510,  424,  406,  380,  295,  631,  487,  420,  457,  183,  321,  380,  214,  350,  375],
        [  101,  101,  445,  328,  113,  729,  797,  566,  179,  220,  650,  312,  387,  443,  722,  361,  487,  536,  659,  314,  680,  604,  602,  185,  182,   31,  577,  359,  197,    0,  411,  343,  498,  327,  738,  428,  191,  374,  547,  182,  230,  389,  560,  321,  409,  649,  316,  366,  400,  654,  607,  600,  446,  270,  302,  251,  472,  706,  462,  494,  270,  385,  767,  314,  477,  270,  265,  491,  482,  331,  201,  353],
        [  311,  311,  535,  658,  300,  861, 1125,  920,  515,  259,  929,  212,  643,  103,  988,  767,  553,  897,  903,  698,  992,  848,  665,  231,  248,  441,  184,   66,  522,  411,    0,  580,  867,  310, 1091,  822,  601,  776,  553,  417,  251,   38,  805,  447,  807,  655,  726,  251,  594,  600,  456,  645,  847,  622,  239,  658,   67,  961,  352,  464,  145,  786,  756,  568,  398,  278,  406,  639,  487,  458,  216,  227],
        [  365,  365,  187,  149,  392,  391,  550,  375,  498,  326,  350,  377,   64,  548,  412,  391,  228,  364,  334,  541,  414,  278,  307,  442,  462,  337,  763,  561,  158,  343,  580,    0,  352,  296,  533,  379,  353,  375,  312,  524,  527,  580,  233,  152,  572,  382,  405,  372,   70,  430,  478,  318,  590,  176,  597,  337,  617,  388,  376,  317,  453,  377,  489,  643,  355,  581,  176,  166,  281,  146,  453,  384],
        [  578,  578,  530,  219,  600,  573,  321,   85,  553,  614,  286,  690,  306,  861,  355,  214,  565,   47,  357,  468,  247,  332,  604,  670,  675,  472, 1048,  830,  346,  498,  867,  352,    0,  629,  243,  123,  351,  183,  649,  640,  727,  856,  317,  497,  417,  693,  279,  704,  398,  761,  829,  625,  409,  246,  799,  281,  917,  364,  726,  667,  724,  172,  779,  681,  707,  765,  501,  461,  629,  494,  684,  710],
        [  261,  261,  226,  411,  279,  554,  845,  665,  501,  126,  635,  100,  358,  257,  688,  595,  248,  649,  600,  634,  708,  547,  367,  278,  309,  347,  485,  312,  305,  327,  310,  296,  629,    0,  828,  620,  472,  592,  269,  460,  369,  321,  506,  148,  712,  376,  578,   77,  293,  352,  280,  351,  744,  397,  418,  501,  333,  659,  136,  190,  222,  599,  490,  619,  154,  425,  129,  330,  197,  156,  278,   91],
        [  813,  813,  680,  433,  836,  598,  113,  173,  794,  833,  270,  901,  473, 1073,  293,  442,  704,  203,  357,  692,  170,  370,  704,  905,  912,  713, 1274, 1059,  572,  738, 1091,  533,  243,  828,    0,  348,  593,  413,  782,  882,  966, 1083,  385,  684,  620,  796,  509,  904,  555,  879,  982,  731,  600,  476, 1039,  522, 1136,  324,  904,  822,  951,  400,  855,  917,  875, 1007,  703,  584,  781,  678,  919,  914],
        [  519,  519,  565,  230,  537,  665,  438,  206,  451,  580,  403,  666,  349,  830,  474,   95,  605,  168,  466,  348,  369,  433,  664,  609,  609,  399,  998,  778,  318,  428,  822,  379,  123,  620,  348,    0,  256,   66,  690,  548,  654,  807,  411,  506,  294,  749,  162,  690,  438,  806,  850,  682,  288,  224,  725,  185,  878,  481,  733,  692,  678,   53,  846,  571,  721,  687,  494,  517,  658,  506,  625,  692],
        [  291,  291,  514,  257,  303,  733,  669,  431,  203,  391,  568,  484,  368,  629,  643,  176,  559,  395,  601,  189,  572,  552,  656,  375,  368,  161,  767,  549,  205,  191,  601,  353,  351,  472,  593,  256,    0,  195,  635,  292,  406,  580,  514,  409,  242,  723,  125,  527,  422,  751,  741,  663,  273,  196,  474,   72,  662,  637,  603,  604,  459,  207,  836,  338,  607,  434,  370,  519,  581,  415,  390,  520],
        [  468,  468,  560,  229,  485,  692,  501,  267,  387,  541,  451,  629,  355,  790,  524,   32,  602,  229,  508,  286,  426,  470,  672,  557,  555,  345,  949,  728,  288,  374,  776,  375,  183,  592,  413,   66,  195,    0,  686,  485,  597,  758,  443,  488,  243,  754,   97,  659,  439,  804,  834,  687,  244,  205,  667,  125,  833,  528,  711,  680,  631,   13,  855,  505,  702,  628,  470,  525,  648,  489,  573,  658],
        [  510,  510,  126,  461,  532,  329,  763,  650,  725,  388,  533,  360,  345,  473,  560,  701,   86,  650,  467,  819,  628,  429,  122,  543,  573,  557,  707,  570,  431,  547,  553,  312,  649,  269,  782,  690,  635,  686,    0,  708,  635,  573,  401,  230,  869,  109,  709,  305,  254,  118,  210,   96,  892,  484,  686,  636,  556,  525,  208,   90,  488,  689,  225,  859,  161,  691,  283,  198,   72,  223,  545,  331],
        [  200,  200,  615,  498,  182,  909,  953,  716,  115,  336,  823,  410,  567,  486,  896,  463,  656,  682,  837,  303,  845,  783,  774,  208,  180,  192,  543,  352,  377,  182,  417,  524,  640,  460,  882,  548,  292,  485,  708,    0,  168,  384,  740,  490,  422,  813,  402,  475,  580,  807,  732,  769,  465,  437,  213,  364,  483,  882,  588,  644,  312,  498,  931,  164,  613,  166,  431,  670,  639,  501,  218,  455],
        [  164,  164,  566,  547,  137,  885, 1022,  794,  273,  247,  861,  293,  582,  328,  930,  581,  600,  764,  858,  463,  901,  802,  722,   93,   67,  256,  380,  186,  409,  230,  251,  527,  727,  369,  966,  654,  406,  597,  635,  168,    0,  217,  758,  446,  578,  743,  528,  359,  568,  718,  616,  711,  620,  494,   74,  473,  317,  910,  479,  558,  170,  609,  858,  318,  513,   58,  387,  645,  564,  458,   91,  335],
        [  291,  291,  547,  650,  277,  874, 1121,  911,  484,  255,  930,  222,  643,  138,  990,  748,  567,  887,  907,  669,  989,  852,  682,  206,  220,  419,  193,   33,  512,  389,   38,  580,  856,  321, 1083,  807,  580,  758,  573,  384,  217,    0,  808,  453,  780,  676,  704,  269,  598,  626,  486,  663,  821,  611,  202,  638,  101,  964,  375,  485,  133,  768,  779,  533,  420,  242,  408,  649,  505,  464,  191,  243],
        [  595,  595,  314,  258,  622,  256,  363,  283,  693,  556,  135,  597,  177,  762,  183,  470,  329,  297,  101,  689,  227,   45,  319,  675,  693,  549,  986,  791,  364,  560,  805,  233,  317,  506,  385,  411,  514,  443,  401,  740,  758,  808,    0,  360,  681,  411,  514,  579,  213,  494,  607,  346,  686,  320,  829,  470,  836,  157,  549,  452,  683,  438,  478,  839,  514,  810,  401,  206,  411,  350,  685,  596],
        [  299,  299,  126,  282,  324,  441,  698,  525,  497,  210,  488,  237,  212,  403,  543,  497,  167,  512,  456,  591,  561,  402,  285,  354,  380,  329,  627,  439,  210,  321,  447,  152,  497,  148,  684,  506,  409,  488,  230,  490,  446,  453,  360,    0,  648,  329,  495,  223,  147,  344,  347,  280,  673,  284,  509,  418,  477,  515,  230,  197,  335,  493,  447,  634,  216,  503,   61,  202,  173,   12,  361,  238],
        [  507,  507,  746,  444,  511,  924,  720,  499,  309,  624,  694,  717,  570,  850,  766,  213,  790,  461,  750,  121,  663,  711,  878,  577,  561,  381,  957,  748,  439,  409,  807,  572,  417,  712,  620,  294,  242,  243,  869,  422,  578,  780,  681,  648,    0,  951,  170,  764,  641,  986,  983,  888,   43,  397,  634,  235,  872,  771,  844,  843,  674,  251, 1061,  362,  848,  587,  611,  735,  819,  653,  591,  756],
        [  616,  616,  210,  525,  639,  270,  761,  682,  826,  497,  533,  467,  401,  570,  546,  772,  165,  687,  456,  909,  633,  429,   93,  651,  681,  657,  801,  675,  518,  649,  655,  382,  693,  376,  796,  749,  723,  754,  109,  813,  743,  676,  411,  329,  951,    0,  787,  409,  316,   96,  262,   69,  971,  558,  794,  716,  653,  510,  304,  192,  596,  755,  118,  962,  258,  800,  385,  234,  180,  320,  653,  435],
        [  415,  415,  584,  274,  428,  755,  598,  363,  298,  508,  538,  600,  401,  751,  612,   68,  628,  325,  588,  190,  520,  546,  711,  499,  493,  286,  892,  674,  285,  316,  726,  405,  279,  578,  509,  162,  125,   97,  709,  402,  528,  704,  514,  495,  170,  787,    0,  639,  474,  827,  837,  723,  185,  230,  595,   78,  786,  613,  705,  691,  583,  109,  894,  410,  703,  553,  465,  567,  663,  498,  515,  634],
        [  285,  285,  288,  485,  296,  611,  921,  740,  531,  147,  709,   68,  434,  186,  761,  660,  303,  724,  672,  679,  783,  620,  414,  276,  308,  389,  418,  266,  373,  366,  251,  372,  704,   77,  904,  690,  527,  659,  305,  475,  359,  269,  579,  223,  764,  409,  639,    0,  367,  367,  259,  395,  798,  469,  397,  562,  265,  731,  120,  217,  195,  666,  516,  638,  158,  412,  204,  397,  237,  231,  272,   27],
        [  410,  410,  133,  210,  437,  330,  559,  408,  561,  349,  343,  384,   93,  550,  396,  456,  169,  402,  309,  610,  420,  255,  238,  480,  502,  397,  774,  582,  224,  400,  594,   70,  398,  293,  555,  438,  422,  439,  254,  580,  568,  598,  213,  147,  641,  316,  474,  367,    0,  369,  434,  250,  658,  244,  636,  406,  624,  368,  350,  272,  476,  440,  421,  706,  321,  623,  192,   98,  233,  138,  489,  383],
        [  607,  607,  244,  577,  627,  365,  850,  757,  832,  477,  621,  431,  460,  509,  638,  819,  202,  759,  547,  934,  719,  516,  179,  629,  660,  666,  734,  629,  548,  654,  600,  430,  761,  352,  879,  806,  751,  804,  118,  807,  718,  626,  494,  344,  986,   96,  827,  367,  369,    0,  175,  150, 1009,  602,  762,  753,  591,  602,  251,  163,  561,  806,  158,  961,  209,  774,  392,  303,  173,  337,  628,  393],
        [  538,  538,  304,  623,  552,  526,  970,  841,  780,  398,  741,  326,  525,  357,  770,  843,  279,  836,  677,  911,  833,  637,  323,  535,  567,  626,  572,  495,  553,  607,  456,  478,  829,  280,  982,  850,  741,  834,  210,  732,  616,  486,  607,  347,  983,  262,  837,  259,  434,  175,    0,  293, 1012,  630,  648,  760,  435,  735,  146,  163,  448,  839,  328,  894,  135,  668,  374,  402,  202,  346,  531,  282],
        [  575,  575,  156,  459,  599,  236,  701,  614,  775,  464,  471,  447,  333,  567,  489,  705,  114,  619,  397,  850,  570,  366,   31,  618,  647,  606,  801,  659,  458,  600,  645,  318,  625,  351,  731,  682,  663,  687,   96,  769,  711,  663,  346,  280,  888,   69,  723,  395,  250,  150,  293,    0,  907,  493,  766,  653,  650,  453,  303,  184,  572,  688,  174,  913,  256,  768,  339,  166,  158,  270,  621,  420],
        [  545,  545,  767,  457,  550,  933,  703,  488,  351,  659,  690,  752,  584,  888,  761,  216,  812,  451,  750,  164,  654,  713,  896,  616,  602,  418,  998,  789,  464,  446,  847,  590,  409,  744,  600,  288,  273,  244,  892,  465,  620,  821,  686,  673,   43,  971,  185,  798,  658, 1009, 1012,  907,    0,  414,  676,  257,  911,  768,  875,  869,  712,  250, 1079,  403,  877,  630,  639,  751,  844,  678,  631,  790],
        [  338,  338,  358,   64,  362,  539,  529,  304,  377,  369,  387,  448,  176,  617,  461,  217,  401,  277,  410,  379,  411,  359,  482,  429,  438,  250,  803,  585,  101,  270,  622,  176,  246,  397,  476,  224,  196,  205,  484,  437,  494,  611,  320,  284,  397,  558,  230,  469,  244,  602,  630,  493,  414,    0,  568,  165,  672,  451,  509,  475,  479,  210,  665,  522,  499,  539,  271,  338,  444,  285,  443,  472],
        [  236,  236,  626,  621,  210,  949, 1096,  868,  326,  303,  933,  332,  653,  331, 1002,  650,  657,  837,  929,  515,  974,  873,  778,  156,  136,  328,  334,  176,  482,  302,  239,  597,  799,  418, 1039,  725,  474,  667,  686,  213,   74,  202,  829,  509,  634,  794,  595,  397,  636,  762,  648,  766,  676,  568,    0,  542,  301,  982,  517,  605,  203,  679,  907,  341,  554,   48,  451,  709,  615,  521,  149,  372],
        [  348,  348,  511,  218,  363,  701,  601,  362,  272,  433,  511,  525,  339,  678,  587,  110,  556,  326,  552,  219,  508,  505,  643,  435,  432,  222,  828,  608,  209,  251,  658,  337,  281,  501,  522,  185,   72,  125,  636,  364,  473,  638,  470,  418,  235,  716,   78,  562,  406,  753,  760,  653,  257,  165,  542,    0,  717,  583,  627,  614,  514,  137,  826,  402,  626,  503,  387,  501,  588,  422,  451,  558],
        [  372,  372,  552,  705,  362,  873, 1165,  966,  581,  304,  964,  241,  680,   84, 1019,  825,  565,  945,  932,  763, 1030,  879,  672,  296,  314,  502,  154,  132,  572,  472,   67,  617,  917,  333, 1136,  878,  662,  833,  556,  483,  317,  101,  836,  477,  872,  653,  786,  265,  624,  591,  435,  650,  911,  672,  301,  717,    0,  991,  349,  466,  203,  843,  748,  633,  396,  342,  441,  661,  494,  487,  281,  244],
        [  747,  747,  457,  388,  774,  280,  260,  298,  827,  712,   78,  752,  330,  916,   37,  558,  464,  328,   61,  798,  158,  113,  423,  829,  847,  692, 1141,  947,  510,  706,  961,  388,  364,  659,  324,  481,  637,  528,  525,  882,  910,  964,  157,  515,  771,  510,  613,  731,  368,  602,  735,  453,  768,  451,  982,  583,  991,    0,  693,  588,  839,  520,  548,  971,  654,  962,  557,  344,  548,  505,  840,  749],
        [  392,  392,  237,  512,  407,  533,  906,  750,  635,  253,  684,  187,  432,  266,  725,  716,  234,  740,  633,  769,  767,  586,  327,  394,  426,  482,  499,  378,  424,  462,  352,  376,  726,  136,  904,  733,  603,  711,  208,  588,  479,  375,  549,  230,  844,  304,  705,  120,  350,  251,  146,  303,  875,  509,  517,  627,  349,  693,    0,  120,  314,  717,  405,  749,   48,  532,  242,  349,  153,  232,  391,  145],
        [  444,  444,  143,  463,  464,  414,  814,  679,  672,  315,  587,  276,  362,  383,  622,  691,  125,  674,  529,  782,  676,  485,  208,  467,  499,  508,  618,  483,  406,  494,  464,  317,  667,  190,  822,  692,  604,  680,   90,  644,  558,  485,  452,  197,  843,  192,  691,  217,  272,  163,  163,  184,  869,  475,  605,  614,  466,  588,  120,    0,  405,  684,  302,  799,   73,  614,  237,  247,   42,  193,  468,  244],
        [  170,  170,  441,  518,  163,  769,  989,  779,  394,  128,  802,  130,  514,  179,  864,  623,  468,  755,  783,  570,  858,  727,  587,  106,  133,  300,  324,  110,  380,  270,  145,  453,  724,  222,  951,  678,  459,  631,  488,  312,  170,  133,  683,  335,  674,  596,  583,  195,  476,  561,  448,  572,  712,  479,  203,  514,  203,  839,  314,  405,    0,  641,  707,  474,  352,  220,  284,  535,  418,  347,   95,  170],
        [  479,  479,  563,  230,  496,  689,  489,  256,  400,  550,  443,  637,  356,  799,  516,   43,  605,  218,  501,  297,  417,  465,  673,  568,  566,  356,  959,  739,  295,  385,  786,  377,  172,  599,  400,   53,  207,   13,  689,  498,  609,  768,  438,  493,  251,  755,  109,  666,  440,  806,  839,  688,  250,  210,  679,  137,  843,  520,  717,  684,  641,    0,  855,  518,  708,  640,  476,  525,  652,  494,  584,  666],
        [  733,  733,  326,  627,  756,  276,  807,  758,  943,  612,  586,  577,  500,  666,  584,  875,  282,  768,  502, 1023,  687,  486,  184,  766,  797,  775,  892,  781,  631,  767,  756,  489,  779,  490,  855,  846,  836,  855,  225,  931,  858,  779,  478,  447, 1061,  118,  894,  516,  421,  158,  328,  174, 1079,  665,  907,  826,  748,  548,  405,  302,  707,  855,    0, 1079,  360,  914,  503,  331,  295,  437,  768,  543],
        [  358,  358,  758,  585,  343, 1033, 1001,  763,  147,  497,  904,  573,  676,  644,  979,  477,  800,  726,  932,  247,  909,  880,  915,  371,  341,  310,  674,  502,  487,  314,  568,  643,  681,  619,  917,  571,  338,  505,  859,  164,  318,  533,  839,  634,  362,  962,  410,  638,  706,  961,  894,  913,  403,  522,  341,  402,  633,  971,  749,  799,  474,  518, 1079,    0,  773,  295,  577,  800,  792,  644,  380,  618],
        [  415,  415,  200,  496,  432,  487,  873,  726,  653,  278,  648,  223,  407,  313,  688,  710,  192,  717,  595,  778,  735,  549,  281,  425,  457,  495,  546,  421,  420,  477,  398,  355,  707,  154,  875,  721,  607,  702,  161,  613,  513,  420,  514,  216,  848,  258,  703,  158,  321,  209,  135,  256,  877,  499,  554,  626,  396,  654,   48,   73,  352,  708,  360,  773,    0,  567,  239,  311,  110,  216,  424,  185],
        [  216,  216,  623,  594,  189,  942, 1066,  836,  279,  304,  911,  346,  634,  365,  980,  610,  657,  804,  911,  469,  948,  855,  779,  151,  123,  294,  382,  213,  457,  270,  278,  581,  765,  425, 1007,  687,  434,  628,  691,  166,   58,  242,  810,  503,  587,  800,  553,  412,  623,  774,  668,  768,  630,  539,   48,  503,  342,  962,  532,  614,  220,  640,  914,  295,  567,    0,  444,  701,  620,  515,  147,  388],
        [  239,  239,  186,  283,  264,  499,  725,  538,  442,  157,  524,  201,  239,  373,  583,  475,  225,  521,  500,  546,  590,  445,  344,  296,  321,  275,  588,  391,  183,  265,  406,  176,  501,  129,  703,  494,  370,  470,  283,  431,  387,  408,  401,   61,  611,  385,  465,  204,  192,  392,  374,  339,  639,  271,  451,  387,  441,  557,  242,  237,  284,  476,  503,  577,  239,  444,    0,  259,  220,   72,  303,  212],
        [  491,  491,  113,  297,  517,  242,  569,  455,  656,  411,  340,  428,  170,  582,  377,  545,  124,  457,  284,  707,  432,  239,  148,  554,  579,  490,  814,  637,  321,  491,  639,  166,  461,  330,  584,  517,  519,  525,  198,  670,  645,  649,  206,  202,  735,  234,  567,  397,   98,  303,  402,  166,  751,  338,  709,  501,  661,  344,  349,  247,  535,  525,  331,  800,  311,  701,  259,    0,  206,  190,  561,  418],
        [  440,  440,  102,  428,  462,  381,  773,  639,  661,  317,  546,  290,  324,  411,  581,  661,   84,  635,  488,  763,  635,  444,  179,  472,  502,  494,  646,  502,  380,  482,  487,  281,  629,  197,  781,  658,  581,  648,   72,  639,  564,  505,  411,  173,  819,  180,  663,  237,  233,  173,  202,  158,  844,  444,  615,  588,  494,  548,  153,   42,  418,  652,  295,  792,  110,  620,  220,  206,    0,  167,  474,  263],
        [  311,  311,  115,  281,  336,  429,  691,  520,  507,  222,  479,  247,  206,  413,  533,  499,  157,  508,  446,  598,  553,  392,  274,  366,  392,  338,  637,  450,  214,  331,  458,  146,  494,  156,  678,  506,  415,  489,  223,  501,  458,  464,  350,   12,  653,  320,  498,  231,  138,  337,  346,  270,  678,  285,  521,  422,  487,  505,  232,  193,  347,  494,  437,  644,  216,  515,   72,  190,  167,    0,  373,  247],
        [  107,  107,  479,  491,   88,  801,  967,  746,  303,  158,  795,  205,  511,  271,  861,  561,  511,  719,  786,  483,  842,  730,  633,   16,   39,  230,  378,  160,  350,  201,  216,  453,  684,  278,  919,  625,  390,  573,  545,  218,   91,  191,  685,  361,  591,  653,  515,  272,  489,  628,  531,  621,  631,  443,  149,  451,  281,  840,  391,  468,   95,  584,  768,  380,  424,  147,  303,  561,  474,  373,    0,  249],
        [  268,  268,  310,  492,  278,  635,  934,  749,  515,  134,  725,   46,  447,  167,  778,  658,  326,  732,  690,  667,  797,  637,  439,  254,  285,  378,  396,  240,  375,  353,  227,  384,  710,   91,  914,  692,  520,  658,  331,  455,  335,  243,  596,  238,  756,  435,  634,   27,  383,  393,  282,  420,  790,  472,  372,  558,  244,  749,  145,  244,  170,  666,  543,  618,  185,  388,  212,  418,  263,  247,  249,    0]
    ]
}
