{
    "name": "random-35-31129",
    "comment": "size=35 seed=31129",
    "nodes": ["+0", "-0", "+1", "-1", "+2", "-2", "+3", "-3", "+4", "-4", "+5", "-5", "+6", "-6", "+7", "-7", "+8", "-8", "+9", "-9", "+10", "-10", "+11", "-11", "+12", "-12", "+13", "-13", "+14", "-14", "+15", "-15", "+16", "-16", "+17", "-17", "+18", "-18", "+19", "-19", "+20", "-20", "+21", "-21", "+22", "-22", "+23", "-23", "+24", "-24", "+25", "-25", "+26", "-26", "+27", "-27", "+28", "-28", "+29", "-29", "+30", "-30", "+31", "-31", "+32", "-32", "+33", "-33", "+34", "-34", "+35", "-35"],
    "precedence": {
        "+0": "-0",
        "+1": "-1",
        "+2": "-2",
        "+3": "-3",
        "+4": "-4",
        "+5": "-5",
        "+6": "-6",
        "+7": "-7",
        "+8": "-8",
        "+9": "-9",
        "+10": "-10",
        "+11": "-11",
        "+12": "-12",
        "+13": "-13",
        "+14": "-14",
        "+15": "-15",
        "+16": "-16",
        "+17": "-17",
        "+18": "-18",
        "+19": "-19",
        "+20": "-20",
        "+21": "-21",
        "+22": "-22",
        "+23": "-23",
        "+24": "-24",
        "+25": "-25",
        "+26": "-26",
        "+27": "-27",
        "+28": "-28",
        "+29": "-29",
        "+30": "-30",
        "+31": "-31",
        "+32": "-32",
        "+33": "-33",
        "+34": "-34",
        "+35": "-35"
    },
    "edges": [
        [    0,    0,  481, 1028,  156,  823,  420,  645,  114,  333,  230,  283,  163,  135,  223,  647,  797,  678, 1048,  643,  238,  410,  716,   57,  598,  615,  788,  839,  739, 1054,  702,  895,  204,  272,  549,  209,  476,  453,  766,  612,  297,  134,  606,  172,  624,  713,  365,  622,  193,  822,  474,   77,  849,  210,  380,  334,  847,  909,  734,  314,  655,  353,  112,  412,  442,  631,  415,  372,  972,  637,  289,  356],
        [    0,    0,  481, 1028,  156,  823,  420,  645,  114,  333,  230,  283,  163,  135,  223,  647,  797,  678, 1048,  643,  238,  410,  716,   57,  598,  615,  788,  839,  739, 1054,  702,  895,  204,  272,  549,  209,  476,  453,  766,  612,  297,  134,  606,  172,  624,  713,  365,  622,  193,  822,  474,   77,  849,  210,  380,  334,  847,  909,  734,  314,  655,  353,  112,  412,  442,  631,  415,  372,  972,  637,  289,  356],
        [  481,  481,    0,  850,  454,  777,  668,  656,  381,  664,  584,  639,  538,  610,  652,  356,  585,  841,  818,  834,  621,  390,  665,  425,  568,  828,  856,  650,  940,  861,  497,  764,  674,  324,  576,  450,  789,  629,  793,  646,  304,  368,  153,  588,  695,  561,  159,  159,  506,  585,  760,  472,  657,  689,  736,  634, 1005,  659, 1000,  542,  198,  571,  381,  358,  747,  164,  174,  625,  803,  620,  439,  778],
        [ 1028, 1028,  850,    0,  879,  285,  760,  436, 1015,  869,  898,  900,  925, 1138, 1004,  495,  266,  630,  112,  673,  934,  620,  340, 1003,  443,  708,  469,  204,  709,   35,  359,  146, 1205,  770,  507,  828,  858,  673,  405,  473,  751,  911,  745,  971,  505,  320,  966,  763,  870,  268,  814,  958,  195, 1180,  914,  830,  653,  214,  841,  766,  738,  744, 1012,  625,  840,  771,  724,  772,   57,  419,  745, 1036],
        [  156,  156,  454,  879,    0,  667,  287,  489,  202,  230,  134,  193,   87,  261,  204,  532,  657,  535,  905,  505,  168,  268,  561,  155,  444,  481,  635,  694,  606,  906,  565,  743,  329,  159,  393,   53,  372,  304,  611,  457,  188,  108,  548,  141,  469,  567,  386,  569,   60,  685,  358,   81,  705,  313,  295,  214,  707,  772,  620,  166,  596,  206,  198,  277,  332,  580,  337,  237,  823,  482,  135,  325],
        [  823,  823,  777,  285,  667,    0,  494,  181,  835,  610,  656,  648,  696,  916,  757,  469,  290,  345,  373,  388,  687,  444,  117,  810,  234,  423,  193,  243,  429,  320,  319,  151,  978,  596,  274,  615,  580,  413,  121,  216,  585,  725,  719,  735,  231,  237,  854,  742,  644,  327,  537,  748,  248,  946,  646,  574,  390,  354,  559,  528,  731,  498,  832,  463,  566,  753,  617,  515,  241,  188,  535,  771],
        [  420,  420,  668,  760,  287,  494,    0,  325,  488,  120,  198,  166,  260,  468,  277,  588,  608,  261,  819,  223,  213,  314,  420,  436,  336,  196,  396,  617,  320,  792,  543,  614,  518,  349,  266,  252,  133,   89,  401,  287,  366,  390,  714,  276,  264,  503,  646,  739,  233,  647,   95,  347,  627,  476,  155,   93,  427,  723,  340,  132,  754,   98,  484,  346,   97,  751,  508,   51,  706,  344,  231,  278],
        [  645,  645,  656,  436,  489,  181,  325,    0,  663,  436,  477,  471,  515,  735,  579,  408,  321,  255,  500,  281,  509,  287,   98,  634,   90,  305,  201,  311,  360,  468,  292,  290,  797,  430,   98,  437,  427,  239,  139,   38,  424,  552,  629,  555,   82,  221,  710,  654,  464,  363,  382,  569,  320,  766,  479,  399,  376,  424,  473,  347,  651,  319,  660,  311,  406,  666,  486,  340,  382,   44,  359,  601],
        [  114,  114,  381, 1015,  202,  835,  488,  663,    0,  419,  315,  373,  248,  232,  331,  594,  769,  736, 1023,  707,  333,  399,  723,   63,  603,  683,  827,  818,  808, 1037,  671,  889,  293,  246,  566,  244,  564,  503,  794,  635,  264,  112,  516,  274,  657,  695,  254,  530,  257,  789,  555,  152,  828,  312,  475,  411,  908,  876,  818,  366,  565,  406,    5,  391,  526,  538,  346,  438,  959,  649,  309,  466],
        [  333,  333,  664,  869,  230,  610,  120,  436,  419,    0,  105,   53,  173,  359,  160,  647,  699,  371,  922,  329,  103,  360,  530,  361,  435,  295,  515,  716,  414,  901,  625,  724,  404,  342,  366,  216,  145,  198,  519,  399,  366,  337,  734,  171,  381,  596,  613,  757,  170,  736,  143,  269,  727,  360,   74,   43,  530,  816,  402,  141,  777,  138,  415,  387,  109,  769,  520,   98,  814,  451,  236,  171],
        [  230,  230,  584,  898,  134,  656,  198,  477,  315,  105,    0,   60,   69,  272,  108,  617,  703,  458,  940,  420,   43,  331,  563,  257,  456,  389,  586,  729,  512,  928,  620,  755,  326,  272,  393,  137,  249,  251,  579,  440,  299,  239,  669,   81,  436,  604,  519,  691,   78,  737,  245,  164,  740,  290,  163,  107,  623,  820,  506,  133,  715,  158,  311,  351,  213,  702,  454,  155,  842,  482,  190,  200],
        [  283,  283,  639,  900,  193,  648,  166,  471,  373,   53,   60,    0,  126,  307,  112,  650,  719,  422,  948,  380,   51,  362,  562,  314,  461,  347,  561,  740,  466,  931,  640,  756,  353,  322,  394,  189,  194,  235,  562,  434,  348,  298,  718,  119,  421,  618,  578,  741,  135,  755,  195,  222,  751,  311,  104,   75,  582,  836,  452,  146,  763,  158,  370,  386,  160,  752,  503,  133,  845,  482,  228,  158],
        [  163,  163,  538,  925,   87,  696,  260,  515,  248,  173,   69,  126,    0,  221,  118,  608,  717,  520,  960,  483,   88,  333,  597,  189,  484,  454,  640,  748,  577,  954,  629,  785,  283,  243,  425,  115,  317,  302,  626,  480,  271,  181,  635,   56,  482,  622,  462,  656,   58,  748,  313,   97,  759,  255,  228,  172,  687,  833,  574,  170,  682,  204,  245,  347,  281,  666,  423,  214,  869,  516,  190,  241],
        [  135,  135,  610, 1138,  261,  916,  468,  735,  232,  359,  272,  307,  221,    0,  207,  777,  916,  727, 1165,  686,  257,  527,  815,  187,  699,  653,  857,  954,  772, 1165,  823, 1000,   71,  399,  644,  311,  487,  521,  846,  701,  426,  268,  739,  192,  703,  827,  484,  755,  272,  944,  498,  185,  965,   81,  382,  375,  888, 1030,  744,  390,  788,  423,  231,  533,  461,  763,  549,  426, 1082,  734,  394,  315],
        [  223,  223,  652, 1004,  204,  757,  277,  579,  331,  160,  108,  112,  118,  207,    0,  719,  811,  530, 1047,  487,   71,  436,  668,  269,  562,  452,  673,  837,  568, 1034,  727,  861,  245,  359,  498,  228,  281,  346,  673,  542,  388,  288,  751,   65,  532,  712,  566,  772,  166,  844,  294,  188,  848,  201,  176,  187,  686,  928,  538,  240,  799,  261,  328,  454,  257,  783,  540,  244,  948,  587,  293,  135],
        [  647,  647,  356,  495,  532,  469,  588,  408,  594,  647,  617,  650,  608,  777,  719,    0,  232,  651,  464,  664,  659,  289,  373,  605,  322,  675,  599,  298,  757,  506,  154,  421,  848,  379,  370,  494,  721,  512,  522,  417,  351,  513,  259,  664,  476,  233,  484,  279,  554,  230,  679,  596,  305,  841,  717,  606,  783,  306,  855,  508,  264,  513,  592,  266,  684,  289,  256,  567,  450,  364,  427,  808],
        [  797,  797,  585,  266,  657,  290,  608,  321,  769,  699,  703,  719,  717,  916,  811,  232,    0,  571,  254,  601,  743,  389,  239,  765,  274,  625,  464,   68,  673,  280,   98,  199,  986,  529,  344,  609,  728,  520,  382,  349,  506,  672,  487,  768,  403,  106,  702,  506,  660,   43,  683,  732,   74,  968,  758,  658,  663,  118,  792,  575,  485,  563,  766,  386,  700,  515,  462,  605,  218,  283,  528,  870],
        [  678,  678,  841,  630,  535,  345,  261,  255,  736,  371,  458,  422,  520,  727,  530,  651,  571,    0,  716,   51,  471,  452,  334,  689,  330,   91,  175,  552,  107,  664,  546,  493,  774,  552,  285,  492,  279,  235,  225,  236,  559,  630,  846,  536,  177,  475,  856,  872,  487,  613,  247,  603,  560,  730,  373,  353,  174,  668,  222,  370,  875,  330,  732,  485,  284,  884,  669,  307,  585,  297,  443,  494],
        [ 1048, 1048,  818,  112,  905,  373,  819,  500, 1023,  922,  940,  948,  960, 1165, 1047,  464,  254,  716,    0,  756,  978,  639,  403, 1018,  488,  788,  564,  212,  802,   88,  352,  223, 1234,  782,  557,  856,  926,  730,  493,  535,  760,  925,  699, 1009,  575,  339,  946,  714,  903,  238,  881,  982,  201, 1213,  973,  882,  754,  159,  932,  808,  685,  791, 1020,  638,  904,  720,  711,  825,  136,  475,  773, 1092],
        [  643,  643,  834,  673,  505,  388,  223,  281,  707,  329,  420,  380,  483,  686,  487,  664,  601,   51,  756,    0,  430,  447,  367,  657,  348,   41,  225,  585,  107,  708,  568,  534,  731,  535,  294,  465,  230,  213,  270,  257,  544,  604,  848,  496,  199,  501,  839,  873,  454,  643,  199,  570,  594,  687,  326,  314,  204,  701,  194,  341,  879,  302,  703,  480,  237,  885,  662,  272,  627,  321,  422,  446],
        [  238,  238,  621,  934,  168,  687,  213,  509,  333,  103,   43,   51,   88,  257,   71,  659,  743,  471,  978,  430,    0,  374,  598,  272,  493,  397,  608,  768,  516,  964,  661,  791,  305,  313,  428,  178,  241,  277,  605,  472,  340,  268,  709,   69,  463,  644,  549,  731,  117,  777,  244,  182,  779,  265,  143,  121,  632,  861,  500,  170,  755,  191,  330,  394,  209,  742,  495,  176,  878,  516,  233,  159],
        [  410,  410,  390,  620,  268,  444,  314,  287,  399,  360,  331,  362,  333,  527,  436,  289,  389,  452,  639,  447,  374,    0,  329,  384,  212,  445,  478,  429,  552,  645,  298,  492,  597,  154,  194,  221,  446,  253,  425,  268,  141,  292,  407,  386,  310,  303,  425,  432,  276,  418,  408,  344,  439,  580,  431,  320,  616,  504,  622,  220,  443,  229,  395,   34,  406,  444,  217,  284,  564,  262,  144,  520],
        [  716,  716,  665,  340,  561,  117,  420,   98,  723,  530,  563,  562,  597,  815,  668,  373,  239,  334,  403,  367,  598,  329,    0,  700,  120,  395,  232,  219,  434,  372,  235,  195,  879,  481,  172,  509,  524,  334,  152,  134,  470,  613,  615,  639,  175,  153,  739,  639,  543,  281,  479,  642,  227,  850,  575,  491,  428,  335,  555,  432,  631,  407,  719,  347,  503,  650,  502,  433,  286,   82,  428,  697],
        [   57,   57,  425, 1003,  155,  810,  436,  634,   63,  361,  257,  314,  189,  187,  269,  605,  765,  689, 1018,  657,  272,  384,  700,    0,  581,  632,  788,  810,  756, 1028,  669,  874,  254,  237,  537,  203,  505,  459,  761,  604,  260,   94,  552,  211,  621,  686,  310,  568,  204,  788,  499,   93,  820,  264,  415,  356,  860,  875,  761,  320,  602,  360,   60,  381,  469,  577,  367,  387,  948,  623,  276,  403],
        [  598,  598,  568,  443,  444,  234,  336,   90,  603,  435,  456,  461,  484,  699,  562,  322,  274,  330,  488,  348,  493,  212,  120,  581,    0,  365,  291,  282,  437,  472,  223,  302,  765,  363,   71,  392,  455,  248,  225,   95,  352,  494,  539,  529,  154,  168,  629,  564,  429,  314,  410,  524,  293,  738,  489,  394,  464,  387,  541,  324,  561,  304,  600,  232,  428,  576,  399,  338,  387,   53,  310,  605],
        [  615,  615,  828,  708,  481,  423,  196,  305,  683,  295,  389,  347,  454,  653,  452,  675,  625,   91,  788,   41,  397,  445,  395,  632,  365,    0,  265,  613,  125,  742,  587,  567,  696,  522,  306,  443,  190,  200,  306,  277,  534,  582,  849,  464,  223,  523,  826,  874,  428,  667,  161,  543,  621,  651,  288,  283,  236,  728,  181,  320,  882,  281,  679,  478,  199,  887,  658,  246,  660,  343,  407,  406],
        [  788,  788,  856,  469,  635,  193,  396,  201,  827,  515,  586,  561,  640,  857,  673,  599,  464,  175,  564,  225,  608,  478,  232,  788,  291,  265,    0,  428,  241,  504,  467,  343,  911,  610,  284,  586,  446,  338,   82,  211,  609,  716,  829,  667,  172,  385,  901,  854,  597,  504,  409,  711,  434,  872,  531,  488,  200,  542,  374,  475,  849,  437,  823,  506,  444,  865,  684,  433,  429,  241,  519,  656],
        [  839,  839,  650,  204,  694,  243,  617,  311,  818,  716,  729,  740,  748,  954,  837,  298,   68,  552,  212,  585,  768,  429,  219,  810,  282,  613,  428,    0,  649,  222,  156,  133, 1023,  574,  352,  644,  732,  529,  348,  343,  554,  717,  554,  798,  392,  127,  763,  574,  692,   91,  687,  772,   11, 1002,  770,  675,  628,  117,  773,  598,  552,  583,  815,  430,  707,  582,  521,  620,  153,  279,  562,  887],
        [  739,  739,  940,  709,  606,  429,  320,  360,  808,  414,  512,  466,  577,  772,  568,  757,  673,  107,  802,  107,  516,  552,  434,  756,  437,  125,  241,  649,    0,  744,  651,  579,  812,  642,  391,  568,  292,  319,  309,  343,  651,  707,  950,  584,  283,  579,  946,  976,  553,  715,  275,  667,  656,  764,  397,  406,  124,  765,  133,  444,  981,  405,  803,  585,  312,  988,  768,  370,  668,  403,  528,  507],
        [ 1054, 1054,  861,   35,  906,  320,  792,  468, 1037,  901,  928,  931,  954, 1165, 1034,  506,  280,  664,   88,  708,  964,  645,  372, 1028,  472,  742,  504,  222,  744,    0,  376,  179, 1232,  793,  537,  855,  891,  705,  440,  505,  773,  935,  753, 1000,  538,  343,  982,  769,  898,  277,  847,  984,  212, 1208,  946,  861,  687,  214,  876,  795,  742,  774, 1034,  648,  873,  776,  741,  804,   87,  451,  772, 1068],
        [  702,  702,  497,  359,  565,  319,  543,  292,  671,  625,  620,  640,  629,  823,  727,  154,   98,  546,  352,  568,  661,  298,  235,  669,  223,  587,  467,  156,  651,  376,    0,  269,  893,  432,  288,  519,  669,  457,  386,  312,  410,  575,  412,  681,  370,   84,  607,  433,  572,  121,  625,  639,  165,  877,  688,  583,  660,  208,  762,  495,  417,  488,  669,  291,  638,  443,  366,  534,  309,  249,  439,  795],
        [  895,  895,  764,  146,  743,  151,  614,  290,  889,  724,  755,  756,  785, 1000,  861,  421,  199,  493,  223,  534,  791,  492,  195,  874,  302,  567,  343,  133,  579,  179,  269,    0, 1066,  644,  363,  691,  713,  528,  271,  327,  628,  783,  679,  830,  360,  206,  865,  699,  730,  223,  669,  823,  132, 1040,  768,  685,  537,  221,  709,  623,  680,  600,  886,  501,  694,  709,  622,  627,   94,  275,  609,  891],
        [  204,  204,  674, 1205,  329,  978,  518,  797,  293,  404,  326,  353,  283,   71,  245,  848,  986,  774, 1234,  731,  305,  597,  879,  254,  765,  696,  911, 1023,  812, 1232,  893, 1066,    0,  470,  708,  379,  523,  577,  904,  762,  497,  338,  805,  246,  761,  896,  542,  821,  336, 1013,  538,  255, 1033,   54,  417,  425,  931, 1100,  774,  451,  855,  482,  293,  603,  501,  829,  619,  479, 1148,  798,  461,  331],
        [  272,  272,  324,  770,  159,  596,  349,  430,  246,  342,  272,  322,  243,  399,  359,  379,  529,  552,  782,  535,  313,  154,  481,  237,  363,  522,  610,  574,  642,  793,  432,  644,  470,    0,  334,  135,  466,  323,  566,  406,   29,  144,  397,  298,  438,  451,  305,  420,  197,  552,  439,  217,  584,  462,  415,  311,  724,  639,  686,  220,  443,  251,  243,  146,  424,  431,  183,  304,  714,  410,  119,  471],
        [  549,  549,  576,  507,  393,  274,  266,   98,  566,  366,  393,  394,  425,  644,  498,  370,  344,  285,  557,  294,  428,  194,  172,  537,   71,  306,  284,  352,  391,  537,  288,  363,  708,  334,    0,  341,  385,  177,  233,   74,  329,  454,  565,  468,  120,  238,  618,  590,  372,  384,  341,  474,  363,  678,  418,  326,  434,  458,  486,  261,  592,  237,  562,  222,  357,  602,  403,  269,  451,   91,  262,  536],
        [  209,  209,  450,  828,   53,  615,  252,  437,  244,  216,  137,  189,  115,  311,  228,  494,  609,  492,  856,  465,  178,  221,  509,  203,  392,  443,  586,  644,  568,  855,  519,  691,  379,  135,  341,    0,  351,  259,  560,  405,  163,  139,  532,  170,  419,  518,  401,  554,   63,  638,  331,  133,  655,  359,  287,  192,  665,  725,  590,  124,  578,  163,  240,  233,  310,  565,  317,  202,  771,  429,   84,  337],
        [  476,  476,  789,  858,  372,  580,  133,  427,  564,  145,  249,  194,  317,  487,  281,  721,  728,  279,  926,  230,  241,  446,  524,  505,  455,  190,  446,  732,  292,  891,  669,  713,  523,  466,  385,  351,    0,  213,  473,  391,  486,  479,  843,  309,  354,  623,  751,  868,  312,  769,   46,  413,  742,  474,  107,  160,  415,  841,  260,  247,  883,  222,  560,  477,   42,  880,  633,  166,  806,  454,  350,  217],
        [  453,  453,  629,  673,  304,  413,   89,  239,  503,  198,  251,  235,  302,  521,  346,  512,  520,  235,  730,  213,  277,  253,  334,  459,  248,  200,  338,  529,  319,  705,  457,  528,  577,  323,  177,  259,  213,    0,  329,  202,  334,  396,  659,  331,  187,  415,  628,  684,  261,  559,  170,  377,  539,  540,  243,  162,  408,  634,  372,  140,  695,  101,  499,  286,  182,  696,  461,  103,  619,  256,  210,  364],
        [  766,  766,  793,  405,  611,  121,  401,  139,  794,  519,  579,  562,  626,  846,  673,  522,  382,  225,  493,  270,  605,  425,  152,  761,  225,  306,   82,  348,  309,  440,  386,  271,  904,  566,  233,  560,  473,  329,    0,  161,  562,  682,  757,  659,  144,  304,  849,  782,  579,  423,  431,  689,  354,  868,  547,  487,  282,  462,  439,  457,  776,  423,  790,  450,  463,  793,  623,  430,  361,  173,  486,  672],
        [  612,  612,  646,  473,  457,  216,  287,   38,  635,  399,  440,  434,  480,  701,  542,  417,  349,  236,  535,  257,  472,  268,  134,  604,   95,  277,  211,  343,  343,  505,  312,  327,  762,  406,   74,  405,  391,  202,  161,    0,  402,  524,  628,  519,   60,  247,  692,  653,  430,  391,  346,  536,  353,  730,  441,  361,  371,  456,  450,  312,  653,  283,  631,  295,  370,  665,  474,  302,  419,   67,  328,  564],
        [  297,  297,  304,  751,  188,  585,  366,  424,  264,  366,  299,  348,  271,  426,  388,  351,  506,  559,  760,  544,  340,  141,  470,  260,  352,  534,  609,  554,  651,  773,  410,  628,  497,   29,  329,  163,  486,  334,  562,  402,    0,  167,  371,  327,  438,  432,  298,  394,  225,  529,  457,  245,  564,  490,  439,  334,  729,  615,  701,  239,  416,  268,  261,  128,  444,  405,  156,  322,  696,  402,  136,  499],
        [  134,  134,  368,  911,  108,  725,  390,  552,  112,  337,  239,  298,  181,  268,  288,  513,  672,  630,  925,  604,  268,  292,  613,   94,  494,  582,  716,  717,  707,  935,  575,  783,  338,  144,  454,  139,  479,  396,  682,  524,  167,    0,  481,  224,  546,  593,  282,  499,  168,  695,  465,  105,  727,  339,  402,  322,  803,  782,  726,  263,  530,  302,  108,  288,  440,  508,  283,  340,  856,  538,  198,  419],
        [  606,  606,  153,  745,  548,  719,  714,  629,  516,  734,  669,  718,  635,  739,  751,  259,  487,  846,  699,  848,  709,  407,  615,  552,  539,  849,  829,  554,  950,  753,  412,  679,  805,  397,  565,  532,  843,  659,  757,  628,  371,  481,    0,  688,  683,  488,  311,   26,  593,  478,  809,  583,  560,  815,  807,  699,  998,  542, 1028,  600,   50,  621,  515,  373,  802,   38,  215,  678,  703,  588,  498,  868],
        [  172,  172,  588,  971,  141,  735,  276,  555,  274,  171,   81,  119,   56,  192,   65,  664,  768,  536, 1009,  496,   69,  386,  639,  211,  529,  464,  667,  798,  584, 1000,  681,  830,  246,  298,  468,  170,  309,  331,  659,  519,  327,  224,  688,    0,  516,  672,  503,  709,  111,  800,  313,  126,  808,  212,  210,  183,  699,  885,  568,  208,  736,  237,  270,  401,  278,  719,  477,  235,  915,  558,  243,  196],
        [  624,  624,  695,  505,  469,  231,  264,   82,  657,  381,  436,  421,  482,  703,  532,  476,  403,  177,  575,  199,  463,  310,  175,  621,  154,  223,  172,  392,  283,  538,  370,  360,  761,  438,  120,  419,  354,  187,  144,   60,  438,  546,  683,  516,    0,  303,  732,  708,  436,  445,  310,  547,  400,  725,  415,  347,  315,  506,  392,  314,  709,  280,  653,  339,  337,  720,  522,  288,  453,  122,  349,  540],
        [  713,  713,  561,  320,  567,  237,  503,  221,  695,  596,  604,  618,  622,  827,  712,  233,  106,  475,  339,  501,  644,  303,  153,  686,  168,  523,  385,  127,  579,  343,   84,  206,  896,  451,  238,  518,  623,  415,  304,  247,  432,  593,  488,  672,  303,    0,  660,  510,  565,  146,  578,  645,  138,  875,  653,  555,  581,  221,  694,  474,  496,  461,  692,  306,  595,  520,  416,  501,  265,  181,  435,  767],
        [  365,  365,  159,  966,  386,  854,  646,  710,  254,  613,  519,  578,  462,  484,  566,  484,  702,  856,  946,  839,  549,  425,  739,  310,  629,  826,  901,  763,  946,  982,  607,  865,  542,  305,  618,  401,  751,  628,  849,  692,  298,  282,  311,  503,  732,  660,    0,  317,  445,  709,  731,  378,  772,  564,  681,  592, 1027,  789,  986,  514,  356,  550,  256,  399,  710,  321,  244,  598,  916,  681,  420,  699],
        [  622,  622,  159,  763,  569,  742,  739,  654,  530,  757,  691,  741,  656,  755,  772,  279,  506,  872,  714,  873,  731,  432,  639,  568,  564,  874,  854,  574,  976,  769,  433,  699,  821,  420,  590,  554,  868,  684,  782,  653,  394,  499,   26,  709,  708,  510,  317,    0,  615,  496,  834,  602,  579,  832,  831,  723, 1023,  558, 1053,  624,   40,  646,  530,  399,  826,   13,  238,  702,  721,  613,  522,  890],
        [  193,  193,  506,  870,   60,  644,  233,  464,  257,  170,   78,  135,   58,  272,  166,  554,  660,  487,  903,  454,  117,  276,  543,  204,  429,  428,  597,  692,  553,  898,  572,  730,  336,  197,  372,   63,  312,  261,  579,  430,  225,  168,  593,  111,  436,  565,  445,  615,    0,  691,  300,  117,  702,  311,  237,  156,  657,  776,  562,  123,  639,  161,  253,  291,  273,  626,  379,  183,  813,  462,  133,  276],
        [  822,  822,  585,  268,  685,  327,  647,  363,  789,  736,  737,  755,  748,  944,  844,  230,   43,  613,  238,  643,  777,  418,  281,  788,  314,  667,  504,   91,  715,  277,  121,  223, 1013,  552,  384,  638,  769,  559,  423,  391,  529,  695,  478,  800,  445,  146,  709,  496,  691,    0,  724,  760,   92,  997,  796,  694,  704,   88,  834,  609,  472,  599,  786,  411,  740,  504,  473,  642,  226,  325,  559,  906],
        [  474,  474,  760,  814,  358,  537,   95,  382,  555,  143,  245,  195,  313,  498,  294,  679,  683,  247,  881,  199,  244,  408,  479,  499,  410,  161,  409,  687,  275,  847,  625,  669,  538,  439,  341,  331,   46,  170,  431,  346,  457,  465,  809,  313,  310,  578,  731,  834,  300,  724,    0,  407,  697,  491,  127,  145,  393,  796,  263,  219,  848,  190,  551,  440,   38,  846,  602,  136,  762,  409,  322,  249],
        [   77,   77,  472,  958,   81,  748,  347,  569,  152,  269,  164,  222,   97,  185,  188,  596,  732,  603,  982,  570,  182,  344,  642,   93,  524,  543,  711,  772,  667,  984,  639,  823,  255,  217,  474,  133,  413,  377,  689,  536,  245,  105,  583,  126,  547,  645,  378,  602,  117,  760,  407,    0,  782,  246,  323,  264,  773,  846,  669,  238,  632,  277,  149,  349,  377,  612,  380,  299,  902,  562,  215,  322],
        [  849,  849,  657,  195,  705,  248,  627,  320,  828,  727,  740,  751,  759,  965,  848,  305,   74,  560,  201,  594,  779,  439,  227,  820,  293,  621,  434,   11,  656,  212,  165,  132, 1033,  584,  363,  655,  742,  539,  354,  353,  564,  727,  560,  808,  400,  138,  772,  579,  702,   92,  697,  782,    0, 1012,  780,  686,  634,  109,  781,  609,  557,  593,  825,  440,  717,  588,  530,  630,  146,  288,  573,  897],
        [  210,  210,  689, 1180,  313,  946,  476,  766,  312,  360,  290,  311,  255,   81,  201,  841,  968,  730, 1213,  687,  265,  580,  850,  264,  738,  651,  872, 1002,  764, 1208,  877, 1040,   54,  462,  678,  359,  474,  540,  868,  730,  490,  339,  815,  212,  725,  875,  564,  832,  311,  997,  491,  246, 1012,    0,  368,  385,  884, 1083,  723,  419,  864,  448,  311,  589,  454,  840,  621,  440, 1124,  769,  441,  278],
        [  380,  380,  736,  914,  295,  646,  155,  479,  475,   74,  163,  104,  228,  382,  176,  717,  758,  373,  973,  326,  143,  431,  575,  415,  489,  288,  531,  770,  397,  946,  688,  768,  417,  415,  418,  287,  107,  243,  547,  441,  439,  402,  807,  210,  415,  653,  681,  831,  237,  796,  127,  323,  780,  368,    0,  112,  518,  874,  362,  212,  851,  205,  471,  458,   90,  842,  593,  155,  860,  498,  310,  126],
        [  334,  334,  634,  830,  214,  574,   93,  399,  411,   43,  107,   75,  172,  375,  187,  606,  658,  353,  882,  314,  121,  320,  491,  356,  394,  283,  488,  675,  406,  861,  583,  685,  425,  311,  326,  192,  160,  162,  487,  361,  334,  322,  699,  183,  347,  555,  592,  723,  156,  694,  145,  264,  686,  385,  112,    0,  517,  775,  407,  101,  742,   96,  407,  347,  119,  734,  486,   59,  775,  411,  201,  213],
        [  847,  847, 1005,  653,  707,  390,  427,  376,  908,  530,  623,  582,  687,  888,  686,  783,  663,  174,  754,  204,  632,  616,  428,  860,  464,  236,  200,  628,  124,  687,  660,  537,  931,  724,  434,  665,  415,  408,  282,  371,  729,  803,  998,  699,  315,  581, 1027, 1023,  657,  704,  393,  773,  634,  884,  518,  517,    0,  741,  231,  542, 1023,  503,  904,  647,  431, 1035,  831,  475,  619,  420,  616,  630],
        [  909,  909,  659,  214,  772,  354,  723,  424,  876,  816,  820,  836,  833, 1030,  928,  306,  118,  668,  159,  701,  861,  504,  335,  875,  387,  728,  542,  117,  765,  214,  208,  221, 1100,  639,  458,  725,  841,  634,  462,  456,  615,  782,  542,  885,  506,  221,  789,  558,  776,   88,  796,  846,  109, 1083,  874,  775,  741,    0,  889,  692,  530,  680,  873,  498,  814,  565,  555,  721,  188,  390,  644,  987],
        [  734,  734, 1000,  841,  620,  559,  340,  473,  818,  402,  506,  452,  574,  744,  538,  855,  792,  222,  932,  194,  500,  622,  555,  761,  541,  181,  374,  773,  133,  876,  762,  709,  774,  686,  486,  590,  260,  372,  439,  450,  701,  726, 1028,  568,  392,  694,  986, 1053,  562,  834,  263,  669,  781,  723,  362,  407,  231,  889,    0,  472, 1062,  437,  814,  655,  293, 1065,  833,  389,  799,  514,  568,  450],
        [  314,  314,  542,  766,  166,  528,  132,  347,  366,  141,  133,  146,  170,  390,  240,  508,  575,  370,  808,  341,  170,  220,  432,  320,  324,  320,  475,  598,  444,  795,  495,  623,  451,  220,  261,  124,  247,  140,  457,  312,  239,  263,  600,  208,  314,  474,  514,  624,  123,  609,  219,  238,  609,  419,  212,  101,  542,  692,  472,    0,  642,   40,  362,  247,  205,  636,  388,   85,  710,  351,  104,  303],
        [  655,  655,  198,  738,  596,  731,  754,  651,  565,  777,  715,  763,  682,  788,  799,  264,  485,  875,  685,  879,  755,  443,  631,  602,  561,  882,  849,  552,  981,  742,  417,  680,  855,  443,  592,  578,  883,  695,  776,  653,  416,  530,   50,  736,  709,  496,  356,   40,  639,  472,  848,  632,  557,  864,  851,  742, 1023,  530, 1062,  642,    0,  662,  565,  410,  843,   40,  261,  719,  698,  609,  542,  914],
        [  353,  353,  571,  744,  206,  498,   98,  319,  406,  138,  158,  158,  204,  423,  261,  513,  563,  330,  791,  302,  191,  229,  407,  360,  304,  281,  437,  583,  405,  774,  488,  600,  482,  251,  237,  163,  222,  101,  423,  283,  268,  302,  621,  237,  280,  461,  550,  646,  161,  599,  190,  277,  593,  448,  205,   96,  503,  680,  437,   40,  662,    0,  402,  258,  181,  658,  412,   57,  688,  326,  133,  308],
        [  112,  112,  381, 1012,  198,  832,  484,  660,    5,  415,  311,  370,  245,  231,  328,  592,  766,  732, 1020,  703,  330,  395,  719,   60,  600,  679,  823,  815,  803, 1034,  669,  886,  293,  243,  562,  240,  560,  499,  790,  631,  261,  108,  515,  270,  653,  692,  256,  530,  253,  786,  551,  149,  825,  311,  471,  407,  904,  873,  814,  362,  565,  402,    0,  387,  522,  538,  344,  434,  956,  645,  305,  462],
        [  412,  412,  358,  625,  277,  463,  346,  311,  391,  387,  351,  386,  347,  533,  454,  266,  386,  485,  638,  480,  394,   34,  347,  381,  232,  478,  506,  430,  585,  648,  291,  501,  603,  146,  222,  233,  477,  286,  450,  295,  128,  288,  373,  401,  339,  306,  399,  399,  291,  411,  440,  349,  440,  589,  458,  347,  647,  498,  655,  247,  410,  258,  387,    0,  437,  411,  185,  314,  569,  283,  162,  544],
        [  442,  442,  747,  840,  332,  566,   97,  406,  526,  109,  213,  160,  281,  461,  257,  684,  700,  284,  904,  237,  209,  406,  503,  469,  428,  199,  444,  707,  312,  873,  638,  694,  501,  424,  357,  310,   42,  182,  463,  370,  444,  440,  802,  278,  337,  595,  710,  826,  273,  740,   38,  377,  717,  454,   90,  119,  431,  814,  293,  205,  843,  181,  522,  437,    0,  838,  592,  125,  787,  430,  308,  213],
        [  631,  631,  164,  771,  580,  753,  751,  666,  538,  769,  702,  752,  666,  763,  783,  289,  515,  884,  720,  885,  742,  444,  650,  577,  576,  887,  865,  582,  988,  776,  443,  709,  829,  431,  602,  565,  880,  696,  793,  665,  405,  508,   38,  719,  720,  520,  321,   13,  626,  504,  846,  612,  588,  840,  842,  734, 1035,  565, 1065,  636,   40,  658,  538,  411,  838,    0,  250,  714,  730,  625,  534,  901],
        [  415,  415,  174,  724,  337,  617,  508,  486,  346,  520,  454,  503,  423,  549,  540,  256,  462,  669,  711,  662,  495,  217,  502,  367,  399,  658,  684,  521,  768,  741,  366,  622,  619,  183,  403,  317,  633,  461,  623,  474,  156,  283,  215,  477,  522,  416,  244,  238,  379,  473,  602,  380,  530,  621,  593,  486,  831,  555,  833,  388,  261,  412,  344,  185,  592,  250,    0,  468,  673,  452,  285,  654],
        [  372,  372,  625,  772,  237,  515,   51,  340,  438,   98,  155,  133,  214,  426,  244,  567,  605,  307,  825,  272,  176,  284,  433,  387,  338,  246,  433,  620,  370,  804,  534,  627,  479,  304,  269,  202,  166,  103,  430,  302,  322,  340,  678,  235,  288,  501,  598,  702,  183,  642,  136,  299,  630,  440,  155,   59,  475,  721,  389,   85,  719,   57,  434,  314,  125,  714,  468,    0,  717,  353,  187,  267],
        [  972,  972,  803,   57,  823,  241,  706,  382,  959,  814,  842,  845,  869, 1082,  948,  450,  218,  585,  136,  627,  878,  564,  286,  948,  387,  660,  429,  153,  668,   87,  309,   94, 1148,  714,  451,  771,  806,  619,  361,  419,  696,  856,  703,  915,  453,  265,  916,  721,  813,  226,  762,  902,  146, 1124,  860,  775,  619,  188,  799,  710,  698,  688,  956,  569,  787,  730,  673,  717,    0,  364,  688,  982],
        [  637,  637,  620,  419,  482,  188,  344,   44,  649,  451,  482,  482,  516,  734,  587,  364,  283,  297,  475,  321,  516,  262,   82,  623,   53,  343,  241,  279,  403,  451,  249,  275,  798,  410,   91,  429,  454,  256,  173,   67,  402,  538,  588,  558,  122,  181,  681,  613,  462,  325,  409,  562,  288,  769,  498,  411,  420,  390,  514,  351,  609,  326,  645,  283,  430,  625,  452,  353,  364,    0,  349,  619],
        [  289,  289,  439,  745,  135,  535,  231,  359,  309,  236,  190,  228,  190,  394,  293,  427,  528,  443,  773,  422,  233,  144,  428,  276,  310,  407,  519,  562,  528,  772,  439,  609,  461,  119,  262,   84,  350,  210,  486,  328,  136,  198,  498,  243,  349,  435,  420,  522,  133,  559,  322,  215,  573,  441,  310,  201,  616,  644,  568,  104,  542,  133,  305,  162,  308,  534,  285,  187,  688,  349,    0,  385],
        [  356,  356,  778, 1036,  325,  771,  278,  601,  466,  171,  200,  158,  241,  315,  135,  808,  870,  494, 1092,  446,  159,  520,  697,  403,  605,  406,  656,  887,  507, 1068,  795,  891,  331,  471,  536,  337,  217,  364,  672,  564,  499,  419,  868,  196,  540,  767,  699,  890,  276,  906,  249,  322,  897,  278,  126,  213,  630,  987,  450,  303,  914,  308,  462,  544,  213,  901,  654,  267,  982,  619,  385,    0]
    ]
}
