{
    "name": "random-76-29520",
    "comment": "size=76 seed=29520",
    "nodes": ["+0", "-0", "+1", "-1", "+2", "-2", "+3", "-3", "+4", "-4", "+5", "-5", "+6", "-6", "+7", "-7", "+8", "-8", "+9", "-9", "+10", "-10", "+11", "-11", "+12", "-12", "+13", "-13", "+14", "-14", "+15", "-15", "+16", "-16", "+17", "-17", "+18", "-18", "+19", "-19", "+20", "-20", "+21", "-21", "+22", "-22", "+23", "-23", "+24", "-24", "+25", "-25", "+26", "-26", "+27", "-27", "+28", "-28", "+29", "-29", "+30", "-30", "+31", "-31", "+32", "-32", "+33", "-33", "+34", "-34", "+35", "-35", "+36", "-36", "+37", "-37", "+38", "-38", "+39", "-39", "+40", "-40", "+41", "-41", "+42", "-42", "+43", "-43", "+44", "-44", "+45", "-45", "+46", "-46", "+47", "-47", "+48", "-48", "+49", "-49", "+50", "-50", "+51", "-51", "+52", "-52", "+53", "-53", "+54", "-54", "+55", "-55", "+56", "-56", "+57", "-57", "+58", "-58", "+59", "-59", "+60", "-60", "+61", "-61", "+62", "-62", "+63", "-63", "+64", "-64", "+65", "-65", "+66", "-66", "+67", "-67", "+68", "-68", "+69", "-69", "+70", "-70", "+71", "-71", "+72", "-72", "+73", "-73", "+74", "-74", "+75", "-75", "+76", "-76"],
    "precedence": {
        "+0": "-0",
        "+1": "-1",
        "+2": "-2",
        "+3": "-3",
        "+4": "-4",
        "+5": "-5",
        "+6": "-6",
        "+7": "-7",
        "+8": "-8",
        "+9": "-9",
        "+10": "-10",
        "+11": "-11",
        "+12": "-12",
        "+13": "-13",
        "+14": "-14",
        "+15": "-15",
        "+16": "-16",
        "+17": "-17",
        "+18": "-18",
        "+19": "-19",
        "+20": "-20",
        "+21": "-21",
        "+22": "-22",
        "+23": "-23",
        "+24": "-24",
        "+25": "-25",
        "+26": "-26",
        "+27": "-27",
        "+28": "-28",
        "+29": "-29",
        "+30": "-30",
        "+31": "-31",
        "+32": "-32",
        "+33": "-33",
        "+34": "-34",
        "+35": "-35",
        "+36": "-36",
        "+37": "-37",
        "+38": "-38",
        "+39": "-39",
        "+40": "-40",
        "+41": "-41",
        "+42": "-42",
        "+43": "-43",
        "+44": "-44",
        "+45": "-45",
        "+46": "-46",
        "+47": "-47",
        "+48": "-48",
        "+49": "-49",
        "+50": "-50",
        "+51": "-51",
        "+52": "-52",
        "+53": "-53",
        "+54": "-54",
        "+55": "-55",
        "+56": "-56",
        "+57": "-57",
        "+58": "-58",
        "+59": "-59",
        "+60": "-60",
        "+61": "-61",
        "+62": "-62",
        "+63": "-63",
        "+64": "-64",
        "+65": "-65",
        "+66": "-66",
        "+67": "-67",
        "+68": "-68",
        "+69": "-69",
        "+70": "-70",
        "+71": "-71",
        "+72": "-72",
        "+73": "-73",
        "+74": "-74",
        "+75": "-75",
        "+76": "-76"
    },
    "edges": [
        [    0,    0,  413,  251,  366,  492,  300,  842,  617,  598,  647,  750,  231,  329,  496,  893,  522,  461,  354,  567,  278,  744,  595,  684,  195,  297,  419,  287,  296,  473,  435,  464,  821,  545,  241,  343,  276,  632,  706,  570,  600,  458,  494,  671,  879,  186,  619,  110,  832,  702,  773,   76,  808,  230,  390,  451,  281,  496,  509,  622,  307,  349,  317,  395,  507,  523,  281,  953,  347,  186,  582,  609,  758,  505,  609,  217,  663,  550,  245,  498,  175,  806,  444,  173,  665,  325,  297,  587,  468,   71,  546,  561,  673,  340,  482,  448,  757,  684,  787,  504,  455,  504,  484,  329,   55,  629,  603,  421,  875,   89,  277,  292,  933,  421,  594,  581,  926,  316,  479,  363,  397,  296,  663,  188,  257,  341,  502,  527,  200,  695,  656,  833,  796,  791,  693,   70,  522,  215,  756,  786,  712,  575,  980,  298,  607,  186,  543,  324,  651,  648,  583,  366,  629,  238],
        [    0,    0,    0,    0,    0,    0,    0,    0,    0,    0,    0,    0,    0,    0,    0,    0,    0,    0,    0,    0,    0,    0,    0,    0,    0,    0,    0,    0,    0,    0,    0,    0,    0,    0,    0,    0,    0,    0,    0,    0,    0,    0,    0,    0,    0,    0,    0,    0,    0,    0,    0,    0,    0,    0,    0,    0,    0,    0,    0,    0,    0,    0,    0,    0,    0,    0,    0,    0,    0,    0,    0,    0,    0,    0,    0,    0,    0,    0,    0,    0,    0,    0,    0,    0,    0,    0,    0,    0,    0,    0,    0,    0,    0,    0,    0,    0,    0,    0,    0,    0,    0,    0,    0,    0,    0,    0,    0,    0,    0,    0,    0,    0,    0,    0,    0,    0,    0,    0,    0,    0,    0,    0,    0,    0,    0,    0,    0,    0,    0,    0,    0,    0,    0,    0,    0,    0,    0,    0,    0,    0,    0,    0,    0,    0,    0,    0,    0,    0,    0,    0,    0,    0,    0,    0],
        [  413,    0,    0,  645,  239,  749,  700,  813,  803,  246,  943, 1025,  257,  463,   99,  860,  853,  588,  290,  248,  686,  857,  324,  612,  318,  412,  754,  700,  702,  739,  339,  201,  967,  386,  612,  116,  166,  220,  466,  240,  198,  345,  328,  668,  745,  247,  209,  319,  767,  528,  834,  442, 1019,  415,  705,  829,  164,  402,  664,  933,  216,  723,  148,  764,   96,  575,  672,  878,  704,  270,  199,  927,  998,  572,  500,  605,  784,  788,  370,  163,  324,  857,  199,  493,  679,  198,  691,  346,  807,  402,  189,  157,  884,  403,   84,  519,  800,  523,  866,  109,  147,  768,  482,  102,  366,  291,  371,   36,  704,  447,  689,  240,  780,  697,  536,  330,  758,  279,  520,  241,  365,  174,  876,  385,  398,  714,  775,  612,  221,  985,  457, 1079,  770,  721,  839,  398,  478,  557,  737,  743,  768,  815,  877,  670,  399,  427,  164,  280,  641,  636,  822,  176,  396,  625],
        [  251,    0,  645,    0,  529,  342,  237,  837,  499,  791,  440,  551,  413,  361,  735,  884,  300,  432,  494,  750,  187,  660,  755,  728,  439,  365,  207,  141,   77,  319,  555,  645,  703,  663,   64,  555,  524,  862,  835,  758,  839,  578,  628,  675,  931,  400,  853,  326,  850,  799,  720,  204,  647,  301,  209,  202,  492,  594,  442,  406,  487,  333,  523,  154,  741,  527,  256,  964,  126,  383,  791,  390,  583,  505,  687,  244,  586,  403,  349,  697,  338,  754,  624,  176,  659,  510,  256,  735,  246,  244,  746,  781,  527,  415,  703,  465,  718,  775,  719,  722,  653,  345,  535,  550,  285,  813,  744,  646,  949,  198,  141,  464,  992,  273,  647,  733,  993,  464,  505,  525,  499,  497,  518,  296,  338,  102,  334,  506,  446,  488,  772,  647,  795,  816,  592,  248,  586,  320,  756,  796,  670,  423, 1005,   72,  736,  258,  753,  471,  664,  663,  429,  554,  766,  251],
        [  366,    0,  239,  529,    0,  540,  661,  590,  573,  268,  739,  810,  136,  248,  331,  639,  669,  356,   56,  222,  632,  618,  232,  395,  394,  204,  580,  625,  600,  534,  108,  119,  729,  195,  479,  132,  288,  395,  342,  232,  413,  122,  135,  436,  559,  194,  404,  258,  553,  356,  596,  352,  788,  239,  525,  681,  135,  178,  433,  736,   65,  715,  114,  612,  309,  336,  646,  671,  550,  182,  285,  733,  774,  333,  291,  583,  546,  571,  187,  186,  200,  621,   99,  354,  445,   60,  661,  222,  631,  316,  232,  299,  657,  178,  239,  283,  564,  343,  628,  247,  147,  561,  244,  163,  312,  285,  238,  212,  537,  350,  617,   75,  605,  500,  311,  215,  591,   67,  281,    4,  127,  107,  649,  234,  208,  570,  571,  374,  271,  777,  299,  854,  545,  507,  603,  314,  246,  570,  510,  522,  530,  597,  680,  531,  246,  274,  252,   62,  409,  404,  604,   63,  265,  603],
        [  492,    0,  749,  342,  540,    0,  577,  562,  162,  793,  199,  277,  496,  293,  848,  602,  177,  225,  486,  740,  527,  333,  705,  522,  678,  341,  166,  476,  396,   24,  498,  652,  362,  571,  294,  636,  695,  934,  727,  754,  942,  513,  568,  431,  710,  531,  939,  494,  597,  651,  411,  417,  317,  339,  135,  294,  588,  494,  175,  203,  537,  674,  602,  253,  836,  322,  597,  695,  228,  498,  822,  205,  267,  303,  535,  579,  270,   62,  380,  724,  442,  443,  634,  320,  406,  559,  597,  671,  178,  437,  768,  839,  188,  364,  774,  305,  422,  625,  399,  785,  687,   22,  390,  649,  488,  795,  667,  734,  753,  404,  478,  512,  773,   74,  471,  677,  783,  481,  338,  537,  438,  576,  178,  378,  352,  266,   38,  276,  624,  238,  656,  345,  528,  577,  259,  440,  441,  644,  495,  541,  377,   85,  748,  274,  644,  345,  791,  483,  432,  433,   92,  594,  681,  589],
        [  300,    0,  700,  237,  661,  577,    0, 1060,  735,  897,  652,  763,  527,  559,  772, 1109,  508,  655,  641,  866,   50,  895,  892,  933,  410,  547,  430,  106,  187,  554,  717,  763,  939,  829,  293,  641,  545,  917,  995,  870,  873,  741,  782,  893, 1135,  485,  899,  409, 1066,  979,  953,  314,  875,  475,  443,  368,  580,  770,  674,  611,  605,   99,  616,  355,  791,  742,   42, 1183,  353,  484,  879,  592,  806,  721,  876,   99,  821,  638,  511,  797,  462,  986,  743,  357,  880,  624,   26,  881,  457,  346,  844,  853,  761,  596,  774,  674,  948,  958,  953,  797,  754,  578,  733,  624,  354,  928,  895,  713, 1143,  319,  101,  588, 1193,  509,  846,  876, 1190,  605,  712,  657,  670,  595,  751,  450,  511,  319,  566,  729,  480,  698,  940,  865, 1016, 1030,  828,  348,  779,  180,  977, 1014,  900,  656, 1220,  304,  895,  425,  840,  613,  879,  877,  662,  665,  921,   83],
        [  842,    0,  813,  837,  590,  562, 1060,    0,  427,  678,  683,  668,  674,  515,  887,   52,  733,  406,  555,  630, 1014,  283,  547,  203,  954,  547,  720,  976,  909,  579,  482,  618,  377,  432,  774,  720,  875,  882,  451,  648,  937,  472,  486,  172,  212,  742,  908,  768,   77,  341,  180,  783,  529,  614,  672,  853,  720,  414,  403,  716,  643, 1146,  704,  803,  852,  322, 1066,  133,  759,  713,  743,  729,  578,  341,  316, 1023,  303,  527,  602,  682,  686,  164,  616,  709,  181,  647, 1073,  508,  739,  772,  697,  796,  484,  508,  777,  396,  149,  328,  219,  770,  674,  576,  367,  751,  803,  647,  485,  779,  290,  772,  974,  634,  262,  599,  280,  525,  288,  588,  364,  590,  481,  693,  485,  655,  587,  798,  595,  332,  841,  687,  406,  630,   47,  108,  349,  773,  347, 1052,   87,   70,  187,  530,  190,  786,  448,  661,  737,  581,  193,  196,  531,  647,  473, 1039],
        [  617,    0,  803,  499,  573,  162,  735,  427,    0,  797,  259,  272,  566,  345,  899,  462,  314,  217,  518,  742,  685,  173,  691,  435,  789,  398,  326,  635,  557,  185,  502,  669,  208,  547,  446,  688,  780,  963,  680,  758,  985,  512,  562,  328,  601,  615,  975,  595,  475,  587,  261,  542,  216,  423,  296,  450,  652,  476,  141,  290,  588,  831,  658,  414,  881,  272,  753,  559,  389,  581,  838,  302,  209,  262,  481,  730,  124,  109,  450,  745,  529,  291,  655,  446,  300,  606,  754,  652,  331,  553,  784,  866,   88,  400,  812,  295,  280,  562,  242,  818,  714,  168,  365,  708,  602,  790,  642,  781,  656,  529,  637,  565,  662,  227,  410,  662,  678,  525,  313,  570,  453,  634,   82,  469,  423,  427,  185,  221,  716,  272,  610,  287,  400,  463,   98,  556,  405,  788,  373,  420,  242,  105,  617,  433,  612,  446,  813,  525,  338,  341,  105,  633,  650,  741],
        [  598,    0,  246,  791,  268,  793,  897,  678,  797,    0,  992, 1053,  381,  506,  261,  719,  933,  587,  315,   56,  874,  800,  131,  481,  551,  467,  847,  876,  860,  790,  298,  149,  919,  265,  744,  259,  403,  205,  256,   40,  272,  287,  236,  570,  560,  413,  235,  490,  617,  348,  749,  602, 1007,  506,  790,  948,  318,  325,  661,  993,  305,  936,  282,  880,  218,  531,  876,  712,  817,  418,   71,  992, 1005,  538,  372,  809,  741,  816,  454,  101,  455,  765,  170,  619,  590,  283,  893,  171,  897,  563,   59,  133,  884,  433,  165,  504,  709,  354,  788,  143,  143,  814,  434,  281,  544,   47,  194,  215,  503,  602,  866,  328,  581,  760,  433,  155,  555,  335,  485,  272,  355,  303,  877,  498,  475,  837,  826,  580,  437, 1027,  276, 1084,  642,  574,  805,  560,  403,  776,  618,  609,  689,  840,  697,  797,  230,  539,   87,  329,  544,  538,  846,  239,  207,  830],
        [  647,    0,  943,  440,  739,  199,  652,  683,  259,  992,    0,  112,  687,  491, 1041,  714,  145,  416,  685,  938,  604,  410,  901,  688,  840,  538,  236,  547,  466,  206,  696,  850,  377,  765,  416,  830,  877, 1132,  915,  953, 1138,  710,  765,  584,  859,  716, 1136,  670,  733,  831,  510,  575,  251,  529,  258,  294,  780,  688,  352,   47,  734,  749,  797,  298, 1031,  503,  681,  813,  316,  685, 1021,   67,  172,  486,  719,  682,  381,  185,  573,  923,  628,  536,  832,  485,  556,  755,  676,  866,  197,  602,  967, 1037,  204,  563,  971,  498,  534,  805,  482,  982,  885,  179,  581,  842,  655,  993,  861,  929,  912,  563,  553,  708,  920,  247,  650,  873,  936,  678,  528,  735,  637,  770,  201,  564,  546,  340,  169,  453,  802,   49,  843,  215,  658,  722,  337,  607,  630,  760,  632,  679,  499,  167,  873,  371,  836,  527,  990,  681,  592,  595,  164,  792,  873,  686],
        [  750,    0, 1025,  551,  810,  277,  763,  668,  272, 1053,  112,    0,  772,  565, 1123,  693,  256,  467,  755,  998,  715,  386,  954,  706,  942,  614,  345,  658,  577,  290,  755,  917,  322,  813,  524,  911,  969, 1205,  952, 1014, 1216,  768,  821,  595,  860,  806, 1212,  765,  727,  859,  489,  677,  172,  615,  362,  402,  864,  738,  395,  153,  812,  860,  877,  409, 1110,  540,  792,  793,  425,  774, 1088,  173,   96,  527,  753,  792,  380,  239,  655,  991,  718,  511,  900,  584,  567,  832,  787,  916,  308,  702, 1033, 1108,  192,  632, 1046,  550,  521,  834,  454, 1056,  956,  259,  628,  925,  754, 1050,  909, 1008,  920,  665,  664,  786,  919,  337,  681,  925,  938,  753,  575,  807,  700,  851,  195,  653,  628,  451,  255,  489,  896,   66,  881,  108,  650,  723,  323,  706,  672,  870,  630,  676,  494,  214,  856,  481,  880,  618, 1059,  755,  608,  611,  208,  866,  918,  797],
        [  231,    0,  257,  413,  136,  496,  527,  674,  566,  381,  687,  772,    0,  222,  355,  725,  597,  361,  132,  343,  500,  647,  365,  492,  281,  169,  499,  497,  480,  484,  216,  238,  747,  322,  370,  149,  219,  461,  476,  349,  454,  237,  266,  508,  674,   69,  458,  123,  649,  482,  647,  223,  779,  159,  449,  583,   93,  284,  431,  677,   78,  580,  116,  516,  349,  379,  511,  769,  454,   47,  379,  670,  751,  368,  401,  448,  569,  539,  118,  285,   75,  676,  217,  246,  510,   99,  527,  357,  552,  184,  334,  373,  643,  181,  298,  309,  621,  466,  671,  315,  241,  514,  308,  156,  177,  406,  373,  247,  660,  222,  488,   61,  724,  441,  402,  350,  712,   93,  325,  132,  195,   88,  633,  130,  146,  468,  520,  403,  169,  730,  430,  831,  627,  604,  616,  182,  330,  436,  589,  610,  581,  565,  787,  426,  379,  172,  341,  102,  484,  479,  573,  143,  399,  468],
        [  329,    0,  463,  361,  248,  293,  559,  515,  345,  506,  491,  565,  222,    0,  561,  566,  428,  143,  194,  454,  516,  434,  432,  374,  468,   53,  348,  489,  437,  287,  220,  361,  528,  315,  299,  349,  438,  642,  486,  467,  652,  239,  294,  344,  577,  275,  648,  271,  511,  440,  449,  268,  559,  101,  290,  465,  308,  241,  210,  489,  248,  638,  316,  397,  546,  194,  559,  631,  336,  240,  531,  487,  535,  177,  328,  511,  354,  326,  109,  432,  194,  480,  342,  202,  336,  269,  568,  403,  396,  258,  477,  546,  423,   74,  482,  120,  430,  416,  466,  492,  394,  313,  176,  366,  295,  513,  406,  445,  590,  258,  484,  224,  636,  255,  289,  406,  635,  189,  155,  245,  158,  292,  414,  146,   84,  366,  323,  200,  378,  530,  419,  616,  469,  473,  397,  260,  226,  537,  429,  462,  385,  353,  664,  335,  390,  146,  499,  191,  326,  324,  360,  302,  425,  528],
        [  496,    0,   99,  735,  331,  848,  772,  887,  899,  261, 1041, 1123,  355,  561,    0,  932,  950,  684,  384,  283,  762,  947,  368,  685,  373,  510,  851,  780,  789,  837,  424,  269, 1059,  456,  704,  213,  228,  151,  508,  270,  105,  427,  402,  750,  802,  340,  128,  409,  836,  584,  919,  532, 1115,  513,  802,  923,  262,  483,  760, 1031,  313,  786,  246,  858,   43,  665,  742,  943,  799,  365,  196, 1025, 1095,  663,  571,  675,  876,  886,  469,  210,  420,  942,  273,  588,  763,  294,  761,  397,  904,  492,  213,  135,  981,  500,  112,  613,  884,  583,  953,  125,  213,  867,  570,  200,  452,  307,  424,  119,  752,  537,  769,  338,  830,  796,  614,  381,  806,  375,  611,  333,  457,  272,  973,  483,  496,  807,  874,  705,  297, 1084,  511, 1176,  845,  790,  933,  488,  561,  618,  814,  817,  854,  913,  936,  763,  455,  523,  175,  375,  723,  717,  920,  268,  445,  694],
        [  893,    0,  860,  884,  639,  602, 1109,   52,  462,  719,  714,  693,  725,  566,  932,    0,  772,  455,  606,  672, 1062,  308,  588,  249, 1005,  598,  762, 1024,  956,  620,  532,  664,  390,  477,  822,  769,  925,  923,  485,  690,  980,  520,  533,  223,  220,  793,  950,  819,  103,  376,  205,  834,  546,  665,  716,  895,  770,  462,  448,  749,  693, 1195,  753,  846,  897,  373, 1115,  101,  804,  764,  784,  762,  601,  392,  362, 1073,  339,  564,  653,  726,  737,  183,  662,  759,  231,  697, 1122,  549,  780,  823,  740,  838,  513,  559,  822,  446,  183,  366,  239,  814,  720,  616,  418,  800,  854,  686,  525,  826,  301,  823, 1022,  684,  260,  643,  329,  566,  290,  638,  415,  640,  532,  743,  514,  706,  638,  843,  634,  381,  892,  715,  444,  648,   98,  145,  378,  824,  397, 1103,  138,  118,  225,  566,  165,  833,  489,  711,  779,  632,  244,  248,  566,  695,  512, 1089],
        [  522,    0,  853,  300,  669,  177,  508,  733,  314,  933,  145,  256,  597,  428,  950,  772,    0,  395,  619,  882,  460,  485,  857,  698,  716,  467,  105,  403,  322,  166,  646,  786,  482,  731,  284,  744,  768, 1053,  893,  895, 1050,  664,  719,  607,  886,  615, 1054,  559,  772,  822,  574,  454,  381,  441,  148,  155,  689,  652,  351,  106,  653,  605,  710,  154,  945,  495,  537,  866,  179,  586,  953,   90,  306,  475,  706,  539,  434,  208,  490,  854,  530,  604,  767,  371,  582,  676,  532,  826,   56,  485,  901,  961,  295,  501,  891,  469,  589,  796,  555,  904,  814,  160,  555,  751,  537,  941,  825,  843,  929,  443,  409,  627,  949,  177,  643,  830,  960,  605,  506,  666,  584,  683,  288,  468,  465,  199,  141,  451,  691,  191,  822,  359,  701,  753,  408,  490,  608,  619,  669,  716,  547,  209,  921,  233,  805,  427,  919,  609,  608,  610,  211,  716,  841,  543],
        [  461,    0,  588,  432,  356,  225,  655,  406,  217,  587,  416,  467,  361,  143,  684,  455,  395,    0,  302,  532,  608,  291,  488,  312,  610,  193,  345,  571,  505,  231,  289,  454,  387,  350,  369,  474,  578,  747,  502,  548,  769,  301,  354,  244,  512,  417,  758,  412,  419,  428,  313,  393,  433,  239,  289,  477,  441,  273,   77,  426,  374,  742,  444,  417,  664,  104,  662,  532,  366,  383,  624,  430,  421,   83,  312,  622,  211,  233,  251,  530,  337,  346,  439,  310,  227,  391,  668,  452,  379,  391,  570,  650,  302,  187,  595,   84,  300,  402,  327,  601,  498,  246,  166,  496,  433,  583,  446,  566,  543,  381,  569,  352,  574,  225,  249,  460,  580,  310,  113,  354,  237,  422,  294,  286,  226,  402,  262,   75,  521,  446,  431,  501,  363,  389,  256,  394,  216,  660,  324,  365,  253,  255,  575,  385,  421,  276,  598,  309,  235,  235,  261,  417,  458,  637],
        [  354,    0,  290,  494,   56,  486,  641,  555,  518,  315,  685,  755,  132,  194,  384,  606,  619,  302,    0,  266,  609,  567,  261,  366,  409,  152,  532,  598,  567,  480,   85,  168,  677,  192,  440,  179,  320,  450,  354,  278,  468,  106,  141,  396,  543,  199,  459,  251,  524,  351,  550,  329,  734,  197,  475,  637,  166,  153,  378,  683,   89,  701,  155,  568,  363,  286,  629,  644,  505,  178,  337,  680,  718,  282,  270,  569,  494,  516,  146,  239,  181,  576,  149,  318,  402,   97,  644,  243,  582,  296,  284,  354,  602,  123,  294,  230,  519,  334,  580,  302,  201,  507,  199,  206,  301,  328,  255,  265,  529,  324,  590,   80,  592,  447,  278,  240,  581,   39,  231,   53,   78,  140,  594,  200,  162,  527,  517,  322,  290,  723,  303,  799,  510,  479,  550,  295,  209,  564,  473,  489,  484,  542,  658,  490,  255,  237,  306,   31,  370,  365,  548,  116,  280,  589],
        [  567,    0,  248,  750,  222,  740,  866,  630,  742,   56,  938,  998,  343,  454,  283,  672,  882,  532,  266,    0,  841,  745,   88,  431,  537,  417,  797,  840,  820,  737,  244,  106,  864,  211,  700,  236,  393,  252,  225,   18,  310,  232,  181,  517,  523,  382,  279,  458,  572,  307,  696,  565,  951,  460,  740,  902,  290,  270,  606,  941,  266,  910,  254,  833,  242,  476,  846,  670,  770,  383,  113,  940,  950,  482,  321,  781,  686,  761,  408,   86,  415,  712,  127,  576,  537,  245,  863,  123,  847,  527,   72,  168,  829,  381,  177,  449,  656,  310,  735,  159,  119,  761,  379,  262,  512,   64,  148,  214,  470,  564,  831,  287,  549,  708,  380,  106,  524,  289,  430,  226,  302,  272,  822,  455,  427,  791,  773,  525,  418,  973,  234, 1029,  593,  528,  749,  524,  348,  753,  567,  561,  636,  785,  659,  752,  183,  495,  112,  282,  491,  485,  791,  202,  166,  801],
        [  278,    0,  686,  187,  632,  527,   50, 1014,  685,  874,  604,  715,  500,  516,  762, 1062,  460,  608,  609,  841,    0,  846,  863,  890,  409,  507,  381,   58,  139,  504,  683,  737,  889,  794,  244,  620,  536,  904,  962,  846,  865,  706,  749,  848, 1093,  462,  888,  385, 1021,  942,  904,  281,  826,  436,  393,  323,  558,  732,  625,  564,  578,  148,  593,  307,  779,  697,   79, 1138,  304,  458,  860,  545,  757,  676,  836,  109,  772,  588,  474,  775,  432,  938,  716,  315,  834,  597,   73,  850,  409,  316,  823,  837,  711,  557,  758,  630,  900,  920,  904,  780,  732,  528,  691,  605,  331,  903,  863,  697, 1103,  285,   52,  559, 1152,  459,  805,  845, 1150,  573,  668,  628,  633,  572,  701,  414,  472,  270,  516,  682,  467,  650,  905,  817,  970,  986,  779,  318,  739,  198,  931,  969,  853,  606, 1176,  254,  862,  386,  820,  582,  834,  833,  612,  640,  888,  101],
        [  744,    0,  857,  660,  618,  333,  895,  283,  173,  800,  410,  386,  647,  434,  947,  308,  485,  291,  567,  745,  846,    0,  678,  360,  900,  483,  498,  799,  722,  354,  526,  693,  121,  536,  603,  746,  865,  986,  633,  763, 1022,  528,  568,  248,  482,  706, 1004,  703,  345,  527,  104,  673,  251,  529,  463,  623,  722,  479,  236,  447,  649,  990,  719,  585,  922,  283,  910,  408,  556,  672,  852,  462,  296,  286,  442,  882,   82,  281,  541,  768,  627,  127,  682,  581,  221,  663,  913,  637,  503,  676,  799,  890,  207,  468,  848,  341,  138,  504,   73,  849,  745,  340,  379,  771,  720,  783,  621,  830,  549,  660,  800,  630,  538,  391,  372,  650,  560,  585,  338,  617,  492,  700,  210,  576,  517,  595,  357,  247,  810,  408,  568,  351,  269,  348,   77,  679,  399,  932,  255,  298,  124,  276,  470,  597,  587,  562,  833,  582,  269,  275,  274,  681,  622,  894],
        [  595,    0,  324,  755,  232,  705,  892,  547,  691,  131,  901,  954,  365,  432,  368,  588,  857,  488,  261,   88,  863,  678,    0,  351,  591,  403,  779,  856,  828,  705,  213,  142,  798,  145,  701,  288,  456,  336,  143,  104,  397,  194,  139,  443,  436,  415,  364,  486,  487,  220,  622,  583,  895,  456,  721,  892,  332,  216,  559,  908,  289,  943,  297,  823,  327,  420,  876,  584,  761,  410,  198,  908,  899,  429,  243,  812,  624,  721,  406,  163,  432,  637,  158,  579,  464,  272,  892,   42,  827,  547,  159,  255,  778,  360,  259,  405,  582,  224,  663,  244,  181,  726,  326,  318,  541,  105,   63,  289,  385,  580,  848,  305,  463,  681,  308,   29,  439,  293,  380,  235,  274,  309,  771,  460,  421,  786,  740,  470,  469,  933,  147,  977,  511,  443,  689,  545,  287,  793,  488,  479,  564,  743,  572,  749,  100,  498,  199,  285,  417,  411,  749,  235,   79,  832],
        [  684,    0,  612,  728,  395,  522,  933,  203,  435,  481,  688,  706,  492,  374,  685,  249,  698,  312,  366,  431,  890,  360,  351,    0,  773,  391,  656,  861,  804,  533,  288,  416,  479,  230,  664,  522,  682,  683,  277,  449,  736,  274,  285,  114,  204,  561,  708,  598,  159,  167,  284,  634,  603,  463,  600,  789,  528,  217,  347,  710,  452, 1010,  508,  729,  650,  209,  932,  278,  676,  535,  544,  718,  630,  231,  114,  881,  331,  508,  439,  480,  517,  293,  414,  576,  142,  454,  942,  310,  688,  616,  497,  595,  515,  345,  575,  263,  241,  146,  327,  568,  472,  541,  202,  555,  639,  454,  289,  578,  232,  625,  857,  446,  265,  535,   91,  326,  269,  402,  223,  396,  298,  500,  512,  498,  431,  711,  559,  248,  656,  706,  218,  698,  163,  113,  395,  616,  164,  898,  137,  133,  237,  522,  297,  690,  252,  513,  536,  395,   99,   95,  525,  449,  281,  899],
        [  195,    0,  318,  439,  394,  678,  410,  954,  789,  551,  840,  942,  281,  468,  373, 1005,  716,  610,  409,  537,  409,  900,  591,  773,    0,  422,  613,  439,  470,  660,  492,  450,  987,  589,  435,  305,  152,  522,  723,  534,  470,  511,  528,  786,  950,  213,  499,  198,  930,  749,  914,  265,  989,  372,  582,  640,  264,  562,  669,  815,  330,  415,  296,  587,  398,  649,  376, 1050,  541,  241,  514,  803,  945,  636,  678,  311,  819,  733,  363,  454,  275,  944,  435,  359,  786,  336,  395,  597,  662,  242,  494,  474,  853,  450,  401,  575,  891,  736,  933,  425,  419,  691,  587,  276,  190,  591,  619,  341,  930,  277,  428,  330,  998,  608,  683,  585,  984,  372,  598,  392,  476,  291,  843,  325,  385,  533,  690,  665,  125,  888,  690, 1021,  907,  885,  857,  238,  611,  247,  868,  890,  849,  759, 1067,  491,  633,  344,  477,  380,  762,  758,  767,  362,  646,  328],
        [  297,    0,  412,  365,  204,  341,  547,  547,  398,  467,  538,  614,  169,   53,  510,  598,  467,  193,  152,  417,  507,  483,  403,  391,  422,    0,  381,  485,  441,  333,  194,  320,  579,  299,  306,  297,  386,  594,  471,  429,  602,  216,  269,  375,  591,  224,  599,  227,  536,  437,  493,  243,  612,   73,  324,  489,  255,  230,  262,  534,  198,  621,  265,  421,  496,  230,  543,  657,  359,  190,  488,  530,  587,  215,  330,  491,  403,  377,   60,  389,  147,  523,  300,  195,  371,  219,  554,  378,  430,  227,  435,  500,  476,   51,  434,  156,  471,  415,  513,  445,  349,  361,  190,  314,  257,  478,  384,  394,  597,  234,  479,  172,  648,  297,  303,  379,  644,  141,  183,  200,  135,  240,  467,  109,   41,  384,  369,  244,  328,  578,  408,  668,  500,  496,  448,  228,  234,  509,  460,  490,  428,  404,  686,  349,  373,  123,  455,  144,  355,  352,  411,  254,  405,  509],
        [  419,    0,  754,  207,  580,  166,  430,  720,  326,  847,  236,  345,  499,  348,  851,  762,  105,  345,  532,  797,  381,  498,  779,  656,  613,  381,    0,  326,  244,  145,  567,  699,  519,  660,  182,  648,  665,  958,  827,  809,  952,  587,  642,  577,  853,  514,  957,  456,  749,  765,  575,  350,  445,  346,   60,  135,  591,  583,  320,  205,  559,  528,  614,   88,  847,  448,  456,  852,   81,  486,  863,  191,  378,  427,  649,  450,  435,  220,  397,  764,  431,  608,  679,  268,  555,  582,  453,  750,   54,  382,  812,  868,  335,  420,  795,  409,  583,  740,  564,  810,  723,  159,  494,  653,  433,  858,  752,  746,  888,  339,  330,  533,  915,  123,  592,  753,  923,  514,  448,  577,  506,  586,  326,  369,  374,  111,  144,  411,  588,  284,  757,  441,  683,  724,  424,  386,  547,  525,  648,  693,  538,  234,  902,  136,  735,  328,  828,  519,  573,  574,  239,  623,  770,  456],
        [  287,    0,  700,  141,  625,  476,  106,  976,  635,  876,  547,  658,  497,  489,  780, 1024,  403,  571,  598,  840,   58,  799,  856,  861,  439,  485,  326,    0,   82,  453,  668,  734,  838,  778,  203,  626,  556,  919,  948,  845,  884,  691,  737,  813, 1064,  467,  905,  389,  987,  922,  861,  275,  771,  416,  341,  266,  563,  713,  583,  506,  575,  203,  597,  250,  794,  664,  137, 1102,  250,  458,  866,  488,  701,  642,  813,  158,  726,  536,  458,  778,  426,  894,  714,  291,  798,  595,  130,  840,  352,  313,  826,  847,  658,  536,  768,  599,  859,  899,  859,  789,  734,  476,  665,  614,  337,  902,  852,  707, 1078,  276,   12,  554, 1124,  410,  778,  837, 1123,  564,  638,  621,  615,  574,  648,  399,  453,  215,  464,  645,  484,  593,  889,  760,  934,  953,  730,  316,  714,  248,  895,  934,  811,  554, 1142,  203,  848,  367,  827,  572,  801,  799,  560,  639,  876,  154],
        [  296,    0,  702,   77,  600,  396,  187,  909,  557,  860,  466,  577,  480,  437,  789,  956,  322,  505,  567,  820,  139,  722,  828,  804,  470,  441,  244,   82,    0,  373,  630,  714,  758,  739,  140,  618,  571,  921,  910,  827,  893,  653,  702,  749, 1007,  460,  910,  384,  924,  876,  787,  262,  689,  376,  262,  192,  555,  670,  511,  426,  556,  285,  587,  169,  798,  602,  216, 1037,  169,  446,  856,  408,  620,  580,  764,  224,  651,  456,  423,  764,  406,  821,  693,  250,  732,  578,  211,  809,  271,  303,  813,  843,  577,  491,  764,  541,  787,  852,  783,  784,  720,  396,  612,  610,  337,  883,  818,  706, 1026,  260,   88,  533, 1068,  332,  724,  807, 1069,  536,  581,  596,  575,  562,  567,  368,  413,  133,  383,  579,  495,  513,  848,  679,  868,  891,  652,  306,  663,  310,  829,  870,  740,  473, 1079,  126,  811,  331,  817,  544,  738,  737,  479,  622,  841,  225],
        [  473,    0,  739,  319,  534,   24,  554,  579,  185,  790,  206,  290,  484,  287,  837,  620,  166,  231,  480,  737,  504,  354,  705,  533,  660,  333,  145,  453,  373,    0,  496,  647,  385,  573,  272,  626,  681,  927,  731,  751,  933,  512,  567,  444,  723,  517,  931,  478,  613,  658,  431,  398,  338,  326,  112,  275,  577,  495,  187,  204,  529,  651,  592,  232,  827,  330,  574,  712,  205,  485,  817,  204,  286,  310,  542,  557,  290,   85,  369,  718,  429,  464,  628,  302,  420,  550,  574,  671,  161,  419,  763,  832,  210,  359,  766,  308,  440,  632,  420,  777,  680,   32,  394,  638,  471,  793,  669,  724,  764,  385,  455,  503,  786,   52,  478,  677,  796,  473,  343,  531,  436,  566,  201,  364,  342,  243,   37,  286,  608,  247,  660,  362,  544,  591,  282,  422,  445,  622,  510,  556,  396,  107,  764,  251,  646,  330,  785,  476,  444,  445,  114,  586,  683,  566],
        [  435,    0,  339,  555,  108,  498,  717,  482,  502,  298,  696,  755,  216,  220,  424,  532,  646,  289,   85,  244,  683,  526,  213,  288,  492,  194,  567,  668,  630,  496,    0,  169,  641,  112,  498,  239,  395,  464,  281,  259,  496,   24,   76,  330,  459,  283,  479,  334,  446,  268,  496,  404,  715,  255,  509,  682,  241,   71,  365,  699,  165,  781,  222,  614,  397,  245,  707,  564,  552,  262,  337,  699,  709,  248,  187,  648,  459,  518,  210,  245,  261,  519,  157,  381,  341,  166,  721,  185,  615,  375,  282,  368,  589,  149,  323,  208,  462,  250,  530,  324,  219,  519,  148,  270,  384,  298,  190,  308,  444,  399,  661,  162,  508,  470,  203,  187,  497,  124,  194,  109,   62,  213,  581,  269,  218,  578,  531,  290,  371,  730,  224,  788,  438,  401,  519,  374,  140,  647,  403,  415,  431,  542,  576,  543,  181,  301,  312,  115,  304,  298,  548,  166,  212,  668],
        [  464,    0,  201,  645,  119,  652,  763,  618,  669,  149,  850,  917,  238,  361,  269,  664,  786,  454,  168,  106,  737,  693,  142,  416,  450,  320,  699,  734,  714,  647,  169,    0,  809,  188,  596,  146,  316,  296,  278,  114,  330,  165,  133,  483,  545,  280,  311,  354,  569,  328,  656,  460,  883,  358,  642,  800,  192,  218,  530,  850,  160,  809,  157,  731,  236,  414,  744,  678,  668,  279,  171,  848,  874,  416,  303,  679,  627,  678,  306,   76,  310,  677,   22,  471,  498,  140,  760,  152,  749,  422,  117,  199,  755,  289,  161,  375,  620,  323,  692,  158,   57,  672,  316,  177,  409,  169,  176,  166,  506,  459,  726,  182,  581,  615,  346,  138,  561,  186,  363,  123,  218,  171,  748,  350,  326,  688,  683,  459,  327,  887,  258,  955,  576,  523,  688,  420,  298,  655,  546,  548,  593,  703,  676,  649,  200,  391,  144,  180,  456,  450,  710,   98,  202,  699],
        [  821,    0,  967,  703,  729,  362,  939,  377,  208,  919,  377,  322,  747,  528, 1059,  390,  482,  387,  677,  864,  889,  121,  798,  479,  987,  579,  519,  838,  758,  385,  641,  809,    0,  656,  653,  854,  965, 1103,  753,  882, 1136,  644,  686,  367,  585,  802, 1120,  791,  447,  645,  205,  747,  159,  617,  497,  632,  826,  597,  320,  420,  756, 1036,  826,  606, 1035,  396,  958,  489,  589,  768,  970,  438,  226,  396,  562,  937,  183,  302,  636,  884,  720,  213,  798,  651,  341,  771,  959,  757,  512,  755,  917, 1007,  187,  571,  962,  448,  246,  623,  161,  964,  859,  363,  494,  878,  802,  903,  742,  941,  656,  734,  840,  736,  637,  431,  493,  770,  662,  692,  450,  727,  603,  805,  195,  663,  610,  626,  377,  355,  906,  361,  688,  260,  372,  456,  132,  758,  517,  995,  365,  404,  242,  286,  554,  635,  707,  645,  950,  690,  389,  395,  281,  792,  742,  948],
        [  545,    0,  386,  663,  195,  571,  829,  432,  547,  265,  765,  813,  322,  315,  456,  477,  731,  350,  192,  211,  794,  536,  145,  230,  589,  299,  660,  778,  739,  573,  112,  188,  656,    0,  605,  308,  476,  460,  172,  229,  508,   89,   63,  307,  368,  386,  482,  442,  382,  162,  485,  516,  750,  364,  601,  780,  328,   79,  418,  774,  259,  892,  301,  712,  421,  276,  819,  492,  651,  368,  322,  776,  756,  287,  116,  759,  480,  582,  321,  251,  371,  502,  188,  490,  326,  253,  832,  105,  704,  486,  272,  368,  634,  250,  346,  267,  446,  148,  524,  339,  244,  592,  185,  341,  493,  248,   97,  352,  342,  510,  771,  263,  411,  554,  169,  116,  396,  231,  239,  197,  165,  300,  628,  381,  327,  680,  607,  327,  465,  795,  112,  833,  391,  336,  545,  485,  143,  756,  362,  362,  425,  604,  494,  647,   76,  411,  309,  222,  280,  274,  609,  236,  111,  779],
        [  241,    0,  612,   64,  479,  294,  293,  774,  446,  744,  416,  524,  370,  299,  704,  822,  284,  369,  440,  700,  244,  603,  701,  664,  435,  306,  182,  203,  140,  272,  498,  596,  653,  605,    0,  516,  503,  826,  776,  709,  808,  521,  571,  612,  868,  366,  819,  297,  786,  738,  660,  179,  607,  245,  167,  219,  454,  534,  382,  386,  441,  387,  483,  157,  707,  463,  308,  901,  107,  344,  747,  372,  546,  442,  626,  285,  528,  356,  295,  652,  295,  694,  575,  125,  596,  464,  310,  679,  229,  216,  701,  741,  482,  355,  665,  401,  657,  714,  661,  683,  608,  300,  472,  514,  264,  763,  687,  610,  887,  171,  201,  417,  929,  223,  584,  678,  930,  413,  441,  475,  440,  456,  472,  246,  281,  104,  292,  443,  424,  464,  713,  615,  732,  753,  538,  220,  524,  352,  693,  733,  609,  378,  942,   60,  678,  206,  710,  420,  600,  599,  384,  508,  709,  295],
        [  343,    0,  116,  555,  132,  636,  641,  720,  688,  259,  830,  911,  149,  349,  213,  769,  744,  474,  179,  236,  620,  746,  288,  522,  305,  297,  648,  626,  618,  626,  239,  146,  854,  308,  516,    0,  172,  312,  422,  235,  308,  249,  246,  568,  675,  160,  310,  238,  680,  462,  728,  356,  904,  305,  597,  731,   64,  307,  549,  822,  101,  678,   35,  664,  202,  465,  618,  795,  603,  173,  241,  816,  883,  460,  414,  552,  672,  674,  258,  158,  222,  753,  133,  393,  577,   84,  635,  296,  700,  316,  204,  227,  769,  289,  150,  407,  696,  453,  758,  168,  118,  655,  375,   34,  290,  294,  319,   99,  643,  359,  616,  125,  716,  585,  441,  283,  698,  164,  409,  133,  256,   62,  761,  279,  285,  616,  662,  500,  183,  872,  397,  964,  676,  634,  726,  312,  377,  519,  641,  652,  662,  700,  801,  573,  339,  321,  202,  166,  541,  536,  707,   74,  346,  572],
        [  276,    0,  166,  524,  288,  695,  545,  875,  780,  403,  877,  969,  219,  438,  228,  925,  768,  578,  320,  393,  536,  865,  456,  682,  152,  386,  665,  556,  571,  681,  395,  316,  965,  476,  503,  172,    0,  374,  593,  389,  330,  410,  414,  715,  844,  166,  355,  210,  841,  633,  862,  324,  991,  360,  624,  720,  155,  466,  648,  859,  232,  561,  176,  659,  249,  594,  515,  959,  604,  200,  363,  850,  958,  585,  578,  448,  787,  743,  330,  309,  254,  890,  304,  398,  720,  229,  534,  467,  718,  287,  345,  322,  854,  398,  249,  526,  834,  623,  888,  274,  277,  712,  516,  139,  240,  445,  491,  190,  814,  333,  545,  244,  886,  633,  596,  454,  869,  291,  539,  287,  396,  183,  844,  318,  358,  606,  715,  620,   79,  922,  568, 1037,  829,  795,  834,  283,  528,  394,  792,  808,  796,  770,  968,  562,  510,  351,  326,  296,  689,  684,  778,  241,  517,  467],
        [  632,    0,  220,  862,  395,  934,  917,  882,  963,  205, 1132, 1205,  461,  642,  151,  923, 1053,  747,  450,  252,  904,  986,  336,  683,  522,  594,  958,  919,  921,  927,  464,  296, 1103,  460,  826,  312,  374,    0,  457,  234,   85,  459,  419,  766,  763,  462,   39,  537,  822,  553,  943,  660, 1177,  613,  906, 1042,  372,  508,  824, 1127,  401,  935,  346,  975,  127,  708,  888,  917,  914,  482,  139, 1122, 1167,  711,  571,  821,  922,  966,  564,  220,  533,  961,  309,  704,  784,  379,  907,  374, 1010,  619,  189,   97, 1048,  573,  163,  669,  904,  559,  981,  150,  250,  954,  610,  312,  585,  243,  398,  217,  703,  664,  908,  427,  782,  889,  628,  358,  754,  454,  658,  398,  511,  373, 1041,  590,  589,  926,  963,  754,  438, 1171,  481, 1247,  845,  778,  983,  615,  588,  767,  819,  813,  881,  991,  900,  883,  434,  632,  153,  451,  739,  733,  998,  341,  412,  840],
        [  706,    0,  466,  835,  342,  727,  995,  451,  680,  256,  915,  952,  476,  486,  508,  485,  893,  502,  354,  225,  962,  633,  143,  277,  723,  471,  827,  948,  910,  731,  281,  278,  753,  172,  776,  422,  593,  457,    0,  239,  527,  258,  213,  386,  307,  534,  490,  599,  382,  112,  560,  682,  868,  535,  768,  949,  460,  246,  564,  928,  405, 1054,  427,  882,  466,  413,  983,  464,  822,  523,  326,  932,  885,  429,  200,  922,  593,  731,  490,  305,  534,  568,  290,  661,  412,  392,  997,  127,  870,  650,  296,  387,  765,  422,  400,  424,  517,  131,  603,  384,  322,  748,  338,  454,  652,  215,  105,  431,  247,  677,  941,  416,  326,  717,  272,  140,  300,  391,  390,  345,  337,  435,  761,  549,  498,  851,  764,  464,  599,  941,   72,  959,  423,  344,  659,  649,  287,  911,  408,  388,  511,  750,  443,  818,  100,  582,  335,  383,  364,  359,  754,  362,   78,  942],
