{
    "name": "random-70-15697",
    "comment": "size=70 seed=15697",
    "nodes": ["+0", "-0", "+1", "-1", "+2", "-2", "+3", "-3", "+4", "-4", "+5", "-5", "+6", "-6", "+7", "-7", "+8", "-8", "+9", "-9", "+10", "-10", "+11", "-11", "+12", "-12", "+13", "-13", "+14", "-14", "+15", "-15", "+16", "-16", "+17", "-17", "+18", "-18", "+19", "-19", "+20", "-20", "+21", "-21", "+22", "-22", "+23", "-23", "+24", "-24", "+25", "-25", "+26", "-26", "+27", "-27", "+28", "-28", "+29", "-29", "+30", "-30", "+31", "-31", "+32", "-32", "+33", "-33", "+34", "-34", "+35", "-35", "+36", "-36", "+37", "-37", "+38", "-38", "+39", "-39", "+40", "-40", "+41", "-41", "+42", "-42", "+43", "-43", "+44", "-44", "+45", "-45", "+46", "-46", "+47", "-47", "+48", "-48", "+49", "-49", "+50", "-50", "+51", "-51", "+52", "-52", "+53", "-53", "+54", "-54", "+55", "-55", "+56", "-56", "+57", "-57", "+58", "-58", "+59", "-59", "+60", "-60", "+61", "-61", "+62", "-62", "+63", "-63", "+64", "-64", "+65", "-65", "+66", "-66", "+67", "-67", "+68", "-68", "+69", "-69", "+70", "-70"],
    "precedence": {
        "+0": "-0",
        "+1": "-1",
        "+2": "-2",
        "+3": "-3",
        "+4": "-4",
        "+5": "-5",
        "+6": "-6",
        "+7": "-7",
        "+8": "-8",
        "+9": "-9",
        "+10": "-10",
        "+11": "-11",
        "+12": "-12",
        "+13": "-13",
        "+14": "-14",
        "+15": "-15",
        "+16": "-16",
        "+17": "-17",
        "+18": "-18",
        "+19": "-19",
        "+20": "-20",
        "+21": "-21",
        "+22": "-22",
        "+23": "-23",
        "+24": "-24",
        "+25": "-25",
        "+26": "-26",
        "+27": "-27",
        "+28": "-28",
        "+29": "-29",
        "+30": "-30",
        "+31": "-31",
        "+32": "-32",
        "+33": "-33",
        "+34": "-34",
        "+35": "-35",
        "+36": "-36",
        "+37": "-37",
        "+38": "-38",
        "+39": "-39",
        "+40": "-40",
        "+41": "-41",
        "+42": "-42",
        "+43": "-43",
        "+44": "-44",
        "+45": "-45",
        "+46": "-46",
        "+47": "-47",
        "+48": "-48",
        "+49": "-49",
        "+50": "-50",
        "+51": "-51",
        "+52": "-52",
        "+53": "-53",
        "+54": "-54",
        "+55": "-55",
        "+56": "-56",
        "+57": "-57",
        "+58": "-58",
        "+59": "-59",
        "+60": "-60",
        "+61": "-61",
        "+62": "-62",
        "+63": "-63",
        "+64": "-64",
        "+65": "-65",
        "+66": "-66",
        "+67": "-67",
        "+68": "-68",
        "+69": "-69",
        "+70": "-70"
    },
    "edges": [
        [    0,    0,  871,  439,  475,  161,  591,  472,  442,  800,   80,  868,  906,  819,  469,  197,  397,  793,  214,  402,  568,  551,  641,  401,  847,  332,  394,  837,  515,  722,  585,  127,  340,  102,  578,  963,  469,  696,  260,  586,  849,  595,  884,  702,  894,  933,  420,  868,  567,  786,  503,   71,  960,  425,  851,  945,  371,  377,  780,  634,  543,  131,  813,  344,  733,  232,  404,  464,  341,  293,  238,  394,  342,  415,  857,  528,  854,  207,   93,  532,  502,  716,  623,  163,  577,  178,   37,  428,   41,  487,  428,  952,  655,  320,  497,  725,  821,  154,  538,  391,  246,  433,  388,  386,  760,  321,  564,  318,  443,  437,  734,  848,  761,  793,  709,  590,  657,  167,  774,  638,  571,  265,  744,  299,  605,  135,  656,  306,  318,  390,  941,  414,  666,  374,  240,  412,  716,  743,  371,  927,  597,  506],
        [    0,    0,    0,    0,    0,    0,    0,    0,    0,    0,    0,    0,    0,    0,    0,    0,    0,    0,    0,    0,    0,    0,    0,    0,    0,    0,    0,    0,    0,    0,    0,    0,    0,    0,    0,    0,    0,    0,    0,    0,    0,    0,    0,    0,    0,    0,    0,    0,    0,    0,    0,    0,    0,    0,    0,    0,    0,    0,    0,    0,    0,    0,    0,    0,    0,    0,    0,    0,    0,    0,    0,    0,    0,    0,    0,    0,    0,    0,    0,    0,    0,    0,    0,    0,    0,    0,    0,    0,    0,    0,    0,    0,    0,    0,    0,    0,    0,    0,    0,    0,    0,    0,    0,    0,    0,    0,    0,    0,    0,    0,    0,    0,    0,    0,    0,    0,    0,    0,    0,    0,    0,    0,    0,    0,    0,    0,    0,    0,    0,    0,    0,    0,    0,    0,    0,    0,    0,    0,    0,    0,    0,    0],
        [  871,    0,    0,  442, 1271, 1031,  926,  981,  434,  163,  929,  370,  177,  625,  558,  910,  772,  865,  892,  533,  440, 1085,  236,  535,  939,  543,  694,  837,  467,  929,  287,  904,  931,  967,  514,  162,  407,  904,  842,  387,  960,  699,  966,  544,  800,  987,  465,  733,  762,  585,  631,  899,  166,  656,  770,  947, 1041,  567,   91,  358,  717,  809,   72,  537,  648,  774,  676,  677,  756,  855,  752,  477,  575,  549,  695,  640,  568, 1073,  881, 1091,  440,  175,  319, 1001,  337, 1046,  906,  530,  849,  418,  656,  112,  360, 1121,  961,  488,   51,  737,  416,  546,  748,  553, 1206,  804,  785,  689,  828,  586,  440, 1167,  986,  488,  507,  387,  873,  601,  566,  916,  124,  319,  977, 1117,  743,  873,  266,  793,  759,  860, 1009, 1035,  197,  998,  315,  783,  686,  759,  590,  899, 1205,  915,  278, 1090],
        [  439,    0,  442,    0,  831,  598,  583,  585,  111,  361,  491,  461,  468,  520,  209,  524,  489,  638,  513,  246,  198,  692,  207,  125,  714,  108,  417,  647,  297,  644,  170,  462,  509,  539,  264,  525,  118,  614,  486,  183,  727,  414,  750,  388,  661,  788,   24,  609,  446,  475,  303,  460,  522,  280,  618,  772,  613,  266,  354,  224,  399,  406,  379,   97,  471,  338,  407,  321,  344,  429,  388,   90,  140,  282,  582,  327,  520,  635,  468,  692,  249,  279,  290,  561,  237,  610,  472,  272,  413,   67,  404,  515,  249,  680,  576,  378,  393,  328,  142,  132,  313,  304,  764,  405,  570,  367,  496,  228,    6,  735,  688,  482,  417,  397,  599,  338,  366,  519,  337,  308,  615,  676,  535,  447,  186,  352,  493,  436,  576,  611,  504,  584,  244,  381,  311,  486,  425,  634,  763,  744,  165,  685],
        [  475,    0, 1271,  831,    0,  371,  571,  407,  875, 1162,  396, 1153, 1258,  992,  746,  610,  856,  830,  637,  869,  873,  382, 1035,  739,  844,  740,  865,  895,  982,  708,  998,  385,  368,  434,  838, 1326,  900,  697,  705,  914,  834,  740,  873,  920,  981,  920,  808,  989,  674,  978,  716,  414, 1321,  654,  950,  958,  259,  847, 1184,  958,  686,  601, 1204,  741,  894,  497,  876,  660,  537,  428,  708,  821,  696,  886,  996,  727, 1055,  305,  536,  352,  963, 1100, 1073,  313, 1022,  333,  441,  897,  473,  854,  901, 1330,  972,  158,  450,  968, 1222,  626,  872,  727,  523,  905,   94,  514,  843,  795,  623,  781,  833,  139,  681, 1085,  991, 1074,  734,  797,  870,  576, 1157, 1089,  508,  233,  852,  411, 1016,  491,  756,  427,  272,  279, 1290,  341, 1001,  527,  714,  872,  909,  752,  127,  955,  996,  323],
        [  161,    0, 1031,  598,  371,    0,  652,  505,  601,  958,  120, 1017, 1064,  945,  608,  240,  490,  881,  267,  551,  716,  559,  801,  552,  926,  492,  508,  933,  661,  792,  745,  187,  381,   72,  717, 1122,  628,  770,  336,  739,  924,  706,  962,  835,  999, 1012,  578,  982,  666,  915,  628,  151, 1119,  550,  959, 1031,  362,  522,  940,  787,  651,  253,  973,  503,  853,  347,  521,  582,  447,  366,  356,  554,  494,  559,  975,  651,  986,   67,  179,  534,  653,  875,  778,  112,  733,   40,  127,  573,  187,  644,  548, 1112,  807,  239,  540,  864,  981,  305,  691,  541,  368,  574,  278,  474,  860,  445,  647,  470,  602,  379,  793,  988,  898,  940,  791,  717,  788,  206,  934,  791,  617,  139,  851,  364,  765,  268,  757,  377,  317,  388, 1099,  434,  821,  470,  382,  507,  844,  821,  250, 1017,  757,  503],
        [  591,    0,  926,  583,  571,  652,    0,  168,  683,  777,  554,  681,  846,  454,  387,  786,  926,  259,  798,  774,  488,  210,  726,  460,  283,  562,  885,  325,  862,  145,  732,  480,  272,  653,  413,  919,  698,  129,  828,  543,  277,  237,  316,  428,  412,  366,  565,  427,  167,  455,  299,  535,  912,  304,  384,  395,  334,  774,  859,  569,  210,  688,  855,  544,  363,  377,  885,  265,  282,  299,  762,  637,  468,  808,  441,  288,  528,  628,  682,  235,  819,  759,  872,  542,  820,  627,  589,  806,  553,  558,  897,  945,  569,  508,  125,  488,  888,  644,  524,  454,  378,  833,  573,  218,  279,  809,   99,  703,  581,  433,  144,  580,  496,  609,  163,  331,  386,  757,  803,  890,   69,  603,  296,  294,  739,  472,  211,  286,  356,  306,  869,  243,  613,  238,  710,  934,  399,  184,  602,  388,  703,  256],
        [  472,    0,  981,  585,  407,  505,  168,    0,  670,  845,  421,  788,  928,  594,  424,  668,  841,  425,  685,  732,  546,  108,  760,  465,  449,  535,  813,  490,  832,  310,  749,  350,  132,  517,  487, 1000,  689,  296,  725,  597,  442,  349,  481,  540,  574,  530,  564,  582,  278,  585,  360,  408,  994,  326,  543,  561,  167,  725,  905,  633,  301,  585,  910,  522,  497,  297,  816,  308,  243,  194,  674,  618,  451,  762,  592,  361,  661,  473,  564,  111,  796,  808,  871,  393,  817,  476,  462,  764,  439,  578,  832, 1017,  639,  342,   44,  594,  938,  557,  566,  456,  309,  786,  406,  182,  437,  734,  219,  651,  584,  269,  297,  702,  611,  711,  329,  423,  491,  636,  859,  888,  115,  442,  447,  181,  761,  375,  352,  181,  195,  139,  955,   77,  677,  205,  635,  852,  520,  351,  435,  555,  730,  114],
        [  442,    0,  434,  111,  875,  601,  683,  670,    0,  393,  506,  534,  500,  624,  318,  483,  401,  749,  467,  146,  301,  777,  218,  226,  824,  140,  326,  757,  186,  751,  149,  493,  580,  535,  373,  545,   27,  721,  427,  276,  837,  524,  860,  493,  770,  899,  123,  716,  553,  579,  411,  478,  544,  381,  727,  882,  676,  172,  343,  309,  506,  377,  382,  149,  579,  398,  313,  425,  428,  498,  331,   55,  221,  180,  688,  436,  618,  647,  448,  773,  140,  296,  205,  583,  151,  619,  477,  167,  424,  169,  306,  524,  333,  718,  666,  477,  384,  304,  243,  230,  376,  200,  800,  493,  681,  288,  600,  160,  115,  791,  794,  573,  516,  479,  708,  449,  474,  486,  351,  222,  710,  697,  645,  516,  170,  384,  603,  507,  634,  678,  536,  659,  316,  469,  259,  396,  532,  742,  793,  854,  175,  762],
        [  800,    0,  163,  361, 1162,  958,  777,  845,  393,    0,  848,  221,  108,  463,  425,  873,  778,  703,  859,  523,  300,  945,  177,  425,  777,  469,  700,  674,  490,  771,  252,  812,  809,  900,  365,  166,  371,  746,  819,  251,  798,  544,  803,  382,  638,  824,  381,  571,  611,  423,  488,  817,  162,  524,  608,  785,  921,  555,  144,  213,  568,  761,  102,  456,  486,  668,  684,  538,  632,  737,  723,  422,  475,  548,  533,  493,  409,  992,  826,  955,  451,  102,  362,  914,  354,  968,  832,  530,  772,  317,  669,  172,  208, 1018,  821,  326,  145,  684,  290,  437,  641,  558, 1104,  674,  623,  677,  678,  553,  357, 1050,  828,  330,  344,  226,  714,  447,  407,  873,   69,  369,  831, 1029,  581,  755,  233,  704,  601,  740,  893,  912,  144,  869,  168,  654,  650,  769,  428,  739, 1108,  752,  219,  957],
        [   80,    0,  929,  491,  396,  120,  554,  421,  506,  848,    0,  899,  953,  826,  489,  256,  474,  773,  277,  478,  598,  491,  696,  435,  821,  386,  473,  821,  592,  691,  645,   75,  290,   99,  597, 1013,  533,  667,  332,  623,  821,  589,  858,  715,  885,  908,  470,  865,  553,  796,  509,   32, 1010,  431,  844,  924,  302,  454,  839,  671,  535,  210,  869,  394,  735,  228,  484,  464,  331,  259,  317,  456,  378,  493,  858,  532,  867,  145,  158,  469,  576,  769,  694,   83,  646,  121,   50,  504,   83,  532,  507, 1005,  691,  240,  450,  745,  879,  232,  576,  424,  249,  511,  309,  363,  748,  401,  540,  392,  494,  360,  697,  868,  778,  822,  685,  598,  668,  222,  828,  709,  527,  192,  736,  261,  664,  149,  644,  271,  251,  324,  988,  356,  706,  356,  319,  489,  725,  716,  294,  908,  653,  441],
        [  868,    0,  370,  461, 1153, 1017,  681,  788,  534,  221,  899,    0,  211,  279,  417,  981,  935,  544,  973,  678,  302,  876,  351,  467,  611,  560,  859,  501,  673,  638,  424,  848,  786,  969,  317,  276,  519,  619,  947,  286,  634,  447,  631,  253,  448,  644,  473,  381,  519,  250,  438,  867,  268,  501,  425,  598,  898,  706,  365,  240,  488,  861,  321,  540,  335,  688,  845,  494,  619,  729,  848,  544,  527,  709,  343,  430,  210, 1039,  915,  891,  628,  299,  563,  951,  543, 1019,  895,  694,  834,  398,  835,  323,  216, 1026,  755,  195,  363,  783,  333,  478,  662,  725, 1111,  641,  467,  820,  587,  684,  456, 1027,  697,  128,  188,   80,  579,  365,  298,  974,  289,  573,  744, 1062,  428,  744,  409,  750,  478,  728,  882,  883,  217,  830,  220,  627,  772,  929,  286,  597, 1122,  566,  379,  901],
        [  906,    0,  177,  468, 1258, 1064,  846,  928,  500,  108,  953,  211,    0,  485,  516,  980,  881,  742,  966,  626,  388, 1025,  283,  526,  813,  576,  802,  705,  587,  824,  357,  915,  900, 1007,  442,   74,  477,  802,  926,  345,  835,  610,  835,  430,  656,  851,  487,  589,  679,  451,  568,  922,   67,  612,  632,  806, 1013,  659,  210,  301,  640,  868,  155,  563,  527,  768,  786,  621,  725,  832,  830,  530,  578,  651,  551,  569,  419, 1097,  934, 1036,  550,  206,  450, 1017,  450, 1073,  938,  633,  878,  421,  769,  113,  290, 1117,  901,  370,  190,  792,  387,  538,  741,  660, 1204,  762,  663,  782,  748,  660,  464, 1143,  883,  337,  378,  252,  766,  516,  464,  981,  157,  454,  904, 1132,  622,  849,  336,  808,  657,  834,  988, 1003,   36,  957,  258,  743,  758,  871,  472,  788, 1209,  774,  325, 1040],
        [  819,    0,  625,  520,  992,  945,  454,  594,  624,  463,  826,  279,  485,    0,  362,  976, 1002,  270,  975,  765,  323,  663,  519,  456,  334,  584,  934,  223,  800,  378,  572,  760,  633,  913,  263,  553,  620,  364,  970,  354,  357,  254,  353,  133,  176,  367,  519,  109,  319,   47,  318,  796,  545,  396,  148,  323,  735,  785,  594,  337,  310,  854,  563,  560,   98,  599,  926,  364,  501,  600,  877,  609,  510,  801,   72,  295,   79,  948,  889,  684,  751,  503,  730,  856,  694,  935,  837,  790,  780,  456,  924,  597,  317,  890,  554,  156,  605,  782,  381,  462,  578,  822,  969,  493,  199,  877,  376,  739,  515,  856,  437,  153,  124,  239,  322,  230,  166,  959,  519,  745,  523,  953,  165,  610,  565,  686,  245,  594,  734,  713,  494,  652,  357,  488,  802, 1001,  105,  332,  989,  291,  526,  701],
        [  469,    0,  558,  209,  746,  608,  387,  424,  318,  425,  489,  417,  516,  362,    0,  615,  653,  433,  614,  439,  128,  527,  342,  102,  507,  234,  591,  448,  504,  436,  346,  433,  385,  567,  110,  586,  326,  406,  609,  175,  520,  207,  544,  236,  475,  584,  196,  432,  239,  324,   95,  457,  580,   99,  431,  572,  498,  451,  483,  215,  191,  493,  487,  210,  290,  271,  585,  124,  210,  319,  518,  283,  150,  475,  412,  118,  388,  625,  531,  534,  457,  385,  490,  535,  440,  606,  491,  468,  431,  172,  588,  597,  227,  612,  404,  257,  515,  420,  144,  105,  246,  499,  698,  249,  369,  527,  294,  393,  205,  628,  482,  381,  293,  338,  391,  143,  196,  599,  436,  508,  428,  645,  337,  335,  353,  341,  286,  320,  475,  488,  546,  444,  259,  229,  445,  655,  258,  425,  707,  545,  317,  533],
        [  197,    0,  910,  524,  610,  240,  786,  668,  483,  873,  256,  981,  980,  976,  615,    0,  255,  978,   29,  385,  691,  745,  700,  529, 1035,  422,  288, 1017,  482,  914,  631,  320,  537,  180,  720, 1027,  507,  887,  102,  697, 1039,  769, 1073,  850, 1068, 1122,  510, 1036,  750,  938,  667,  262, 1026,  593, 1024, 1130,  558,  351,  821,  742,  721,  123,  863,  442,  896,  418,  304,  637,  526,  489,  162,  451,  470,  380, 1021,  694, 1000,  306,  105,  724,  488,  778,  619,  318,  583,  278,  209,  397,  233,  584,  332, 1005,  766,  471,  694,  863,  861,  200,  650,  521,  426,  387,  517,  577,  939,  243,  753,  325,  528,  605,  929,  982,  901,  912,  898,  749,  810,   36,  834,  629,  768,  378,  919,  496,  652,  318,  836,  502,  507,  579, 1016,  609,  766,  562,  225,  273,  871,  932,  489, 1110,  656,  696],
        [  397,    0,  772,  489,  856,  490,  926,  841,  401,  778,  474,  935,  881, 1002,  653,  255,    0, 1070,  227,  259,  684,  933,  603,  552, 1138,  421,   80, 1095,  306, 1034,  527,  519,  715,  423,  740,  913,  417, 1005,  154,  670, 1146,  845, 1176,  870, 1127, 1221,  486, 1082,  847,  959,  731,  467,  913,  669, 1083, 1217,  764,  229,  690,  707,  808,  267,  741,  445,  941,  552,   96,  718,  645,  648,  168,  399,  506,  231, 1060,  758, 1007,  555,  322,  917,  334,  677,  455,  550,  437,  526,  424,  249,  417,  555,  117,  878,  732,  709,  857,  865,  727,  285,  630,  549,  549,  222,  764,  708, 1016,  127,  870,  264,  494,  833, 1061,  969,  904,  879, 1006,  796,  840,  286,  725,  459,  924,  626,  987,  661,  546,  467,  921,  662,  712,  781,  916,  796,  717,  688,  218,   19,  902, 1041,  738, 1192,  565,  894],
        [  793,    0,  865,  638,  830,  881,  259,  425,  749,  703,  773,  544,  742,  270,  433,  978, 1070,    0,  985,  871,  474,  460,  713,  533,   78,  661, 1015,   70,  934,  131,  745,  699,  513,  870,  390,  813,  754,  133, 1000,  524,   96,  228,  112,  322,  161,  152,  627,  197,  228,  294,  344,  748,  805,  401,  146,  153,  590,  881,  818,  528,  263,  866,  797,  638,  218,  562, 1011,  352,  453,  516,  919,  716,  568,  907,  225,  317,  347,  866,  878,  487,  887,  719,  902,  776,  856,  861,  799,  900,  753,  589, 1016,  852,  517,  762,  382,  378,  837,  807,  528,  533,  552,  931,  830,  410,   81,  945,  234,  819,  634,  691,  181,  421,  365,  491,   97,  303,  306,  953,  748,  919,  323,  851,  123,  518,  745,  661,  150,  505,  606,  563,  756,  499,  563,  419,  854, 1074,  276,   81,  858,  136,  705,  512],
        [  214,    0,  892,  513,  637,  267,  798,  685,  467,  859,  277,  973,  966,  975,  614,   29,  227,  985,    0,  364,  685,  764,  685,  525, 1044,  414,  261, 1023,  458,  924,  615,  339,  553,  205,  718, 1012,  492,  897,   74,  689, 1048,  774, 1082,  848, 1071, 1130,  501, 1038,  757,  937,  670,  281, 1011,  596, 1027, 1137,  578,  330,  803,  734,  727,  122,  846,  434,  898,  427,  277,  641,  534,  502,  141,  438,  467,  357, 1022,  697,  998,  333,  122,  743,  466,  763,  597,  342,  563,  305,  229,  375,  247,  576,  305,  988,  758,  496,  709,  860,  843,  195,  642,  518,  434,  364,  544,  587,  944,  219,  763,  309,  518,  629,  940,  977,  898,  904,  907,  750,  809,   62,  818,  607,  783,  405,  923,  510,  636,  328,  842,  516,  527,  599, 1002,  627,  756,  572,  209,  245,  871,  941,  516, 1116,  642,  716],
        [  402,    0,  533,  246,  869,  551,  774,  732,  146,  523,  478,  678,  626,  765,  439,  385,  259,  871,  364,    0,  443,  835,  347,  338,  943,  214,  181,  885,  114,  859,  271,  487,  624,  480,  509,  663,  159,  829,  310,  421,  955,  643,  981,  633,  905, 1022,  250,  854,  662,  720,  528,  456,  663,  483,  861, 1010,  705,   35,  446,  454,  617,  302,  493,  235,  715,  439,  168,  530,  499,  544,  223,  158,  310,   37,  827,  554,  762,  606,  379,  827,  105,  422,  235,  561,  200,  576,  439,   33,  397,  310,  161,  634,  479,  711,  735,  621,  485,  249,  386,  339,  424,   61,  786,  566,  807,  157,  700,   89,  251,  806,  896,  718,  660,  624,  820,  577,  610,  397,  472,  246,  790,  667,  774,  561,  291,  392,  722,  556,  657,  713,  662,  707,  461,  543,  171,  252,  670,  856,  772,  983,  308,  811],
        [  568,    0,  440,  198,  873,  716,  488,  546,  301,  300,  598,  302,  388,  323,  128,  691,  684,  474,  685,  443,    0,  647,  244,  167,  551,  275,  614,  470,  480,  509,  271,  548,  513,  668,   86,  458,  299,  481,  669,   55,  568,  271,  585,  192,  472,  618,  199,  416,  327,  278,  192,  566,  452,  225,  431,  595,  626,  463,  372,   88,  280,  569,  368,  253,  283,  391,  605,  239,  338,  446,  572,  288,  227,  479,  388,  201,  323,  738,  618,  656,  431,  271,  429,  652,  386,  718,  594,  467,  533,  133,  602,  472,   99,  737,  523,  181,  400,  492,   59,  177,  365,  500,  823,  375,  399,  561,  391,  422,  193,  756,  562,  293,  220,  226,  456,  176,  177,  681,  316,  446,  538,  764,  360,  463,  272,  449,  342,  448,  603,  615,  418,  571,  132,  356,  496,  683,  232,  487,  831,  564,  232,  657],
        [  551,    0, 1085,  692,  382,  559,  210,  108,  777,  945,  491,  876, 1025,  663,  527,  745,  933,  460,  764,  835,  647,    0,  866,  571,  466,  641,  909,  528,  937,  333,  856,  426,  219,  582,  584, 1098,  796,  327,  810,  699,  454,  431,  493,  624,  618,  539,  671,  636,  358,  660,  458,  484, 1091,  430,  592,  579,  198,  827, 1009,  733,  389,  672, 1013,  629,  569,  398,  913,  408,  350,  293,  765,  724,  558,  865,  651,  456,  735,  517,  642,   31,  902,  912,  978,  449,  924,  526,  537,  868,  522,  685,  930, 1117,  738,  361,  124,  681, 1042,  650,  670,  563,  412,  889,  405,  289,  488,  830,  291,  753,  691,  249,  300,  782,  694,  800,  368,  514,  578,  712,  962,  996,  142,  473,  506,  278,  868,  468,  418,  281,  244,  172, 1051,  138,  778,  312,  731,  944,  600,  380,  440,  578,  836,   63],
        [  641,    0,  236,  207, 1035,  801,  726,  760,  218,  177,  696,  351,  283,  519,  342,  700,  603,  713,  685,  347,  244,  866,    0,  304,  790,  310,  525,  701,  324,  753,   77,  668,  701,  739,  329,  328,  195,  725,  644,  191,  808,  514,  821,  404,  687,  851,  230,  625,  568,  474,  427,  666,  327,  437,  650,  822,  809,  379,  149,  187,  520,  591,  173,  303,  508,  540,  510,  465,  527,  623,  548,  252,  340,  373,  590,  441,  488,  840,  659,  870,  281,   78,  217,  767,  193,  814,  675,  356,  616,  186,  496,  312,  204,  885,  744,  364,  187,  515,  202,  314,  513,  385,  970,  580,  635,  500,  630,  377,  205,  934,  805,  423,  397,  316,  700,  419,  408,  702,  135,  230,  769,  883,  594,  642,   59,  558,  585,  629,  775,  804,  319,  771,  163,  558,  476,  595,  451,  730,  969,  791,   45,  867],
        [  401,    0,  535,  125,  739,  552,  460,  465,  226,  425,  435,  467,  526,  456,  102,  529,  552,  533,  525,  338,  167,  571,  304,    0,  606,  132,  490,  549,  409,  526,  285,  391,  398,  502,  194,  591,  239,  496,  515,  189,  618,  305,  643,  326,  576,  684,  106,  531,  329,  415,  190,  403,  587,  157,  532,  674,  507,  349,  452,  236,  282,  407,  467,  108,  389,  243,  483,  200,  226,  321,  421,  186,   61,  375,  510,  216,  473,  577,  453,  573,  365,  363,  414,  494,  361,  555,  429,  369,  367,  118,  486,  592,  256,  593,  454,  335,  488,  331,  141,   12,  216,  399,  679,  283,  470,  426,  375,  291,  123,  632,  568,  454,  373,  392,  485,  245,  291,  517,  419,  432,  491,  608,  439,  339,  298,  287,  384,  326,  474,  501,  559,  469,  273,  260,  347,  553,  353,  520,  683,  647,  269,  567],
        [  847,    0,  939,  714,  844,  926,  283,  449,  824,  777,  821,  611,  813,  334,  507, 1035, 1138,   78, 1044,  943,  551,  466,  790,  606,    0,  733, 1085,  113, 1009,  139,  822,  747,  550,  919,  467,  883,  830,  157, 1062,  601,   24,  301,   39,  397,  194,   87,  702,  246,  291,  363,  416,  799,  875,  469,  195,  114,  616,  953,  894,  605,  331,  926,  872,  710,  292,  618, 1081,  420,  510,  563,  984,  790,  638,  980,  280,  390,  409,  907,  934,  495,  962,  795,  979,  818,  933,  904,  851,  974,  807,  665, 1087,  924,  594,  791,  407,  452,  913,  870,  605,  605,  610, 1004,  853,  462,  156, 1014,  283,  889,  709,  708,  168,  487,  436,  562,  138,  380,  383, 1009,  824,  996,  339,  885,  198,  562,  822,  718,  222,  551,  638,  588,  825,  525,  640,  474,  921, 1142,  350,  105,  883,  114,  782,  523],
        [  332,    0,  543,  108,  740,  492,  562,  535,  140,  469,  386,  560,  576,  584,  234,  422,  421,  661,  414,  214,  275,  641,  310,  132,  733,    0,  358,  680,  301,  645,  261,  363,  441,  432,  321,  632,  163,  615,  394,  276,  743,  433,  770,  452,  708,  813,   90,  662,  449,  542,  318,  356,  629,  269,  664,  804,  537,  221,  454,  321,  404,  302,  483,   24,  521,  259,  352,  317,  294,  359,  297,   86,   97,  250,  640,  345,  595,  530,  361,  636,  262,  384,  344,  459,  291,  504,  365,  246,  307,  164,  356,  621,  345,  586,  533,  454,  494,  224,  229,  130,  237,  274,  669,  361,  601,  295,  486,  160,  112,  653,  682,  567,  493,  491,  607,  376,  421,  415,  443,  361,  582,  574,  570,  377,  280,  253,  512,  369,  495,  539,  611,  521,  346,  337,  221,  422,  483,  643,  665,  778,  267,  624],
        [  394,    0,  694,  417,  865,  508,  885,  813,  326,  700,  473,  859,  802,  934,  591,  288,   80, 1015,  261,  181,  614,  909,  525,  490, 1085,  358,    0, 1037,  229,  987,  448,  509,  690,  438,  674,  834,  340,  957,  189,  597, 1094,  788, 1123,  802, 1065, 1167,  416, 1018,  796,  891,  673,  462,  834,  616, 1021, 1160,  750,  154,  612,  633,  755,  265,  662,  382,  877,  518,   19,  665,  603,  619,  157,  327,  448,  152,  994,  701,  937,  572,  332,  895,  255,  598,  378,  554,  358,  542,  425,  170,  407,  484,   46,  800,  658,  713,  825,  794,  649,  260,  559,  487,  511,  143,  774,  668,  958,   79,  823,  199,  423,  830, 1017,  896,  834,  804,  955,  734,  775,  314,  646,  383,  889,  641,  928,  633,  468,  442,  866,  632,  698,  764,  837,  773,  641,  647,  178,   71,  836,  991,  752, 1134,  487,  874],
        [  837,    0,  837,  647,  895,  933,  325,  490,  757,  674,  821,  501,  705,  223,  448, 1017, 1095,   70, 1023,  885,  470,  528,  701,  549,  113,  680, 1037,    0,  942,  200,  740,  748,  571,  918,  388,  774,  760,  202, 1033,  516,  136,  252,  131,  300,   92,  152,  638,  135,  270,  255,  365,  796,  766,  430,   83,  126,  652,  898,  797,  514,  296,  902,  772,  657,  194,  605, 1032,  383,  496,  567,  949,  728,  590,  922,  168,  337,  297,  921,  919,  555,  894,  700,  899,  830,  855,  915,  845,  914,  796,  593, 1035,  816,  500,  824,  447,  350,  813,  840,  527,  551,  592,  945,  893,  459,   80,  970,  289,  839,  642,  757,  249,  375,  331,  456,  162,  309,  295,  994,  724,  915,  390,  909,  112,  571,  738,  704,  181,  557,  667,  626,  716,  562,  545,  466,  882, 1098,  252,  150,  920,   98,  698,  579],
        [  515,    0,  467,  297,  982,  661,  862,  832,  186,  490,  592,  673,  587,  800,  504,  482,  306,  934,  458,  114,  480,  937,  324,  409, 1009,  301,  229,  942,    0,  935,  249,  600,  729,  590,  556,  613,  182,  905,  396,  446, 1023,  710, 1046,  670,  951, 1084,  308,  896,  737,  754,  597,  569,  614,  562,  909, 1067,  815,  139,  389,  471,  691,  410,  441,  318,  761,  544,  211,  608,  595,  649,  322,  225,  394,  104,  866,  621,  786,  718,  487,  931,   49,  390,  150,  674,  138,  688,  552,   89,  511,  350,  189,  575,  494,  825,  833,  648,  424,  362,  421,  413,  527,   95,  899,  661,  866,  241,  782,  202,  301,  918,  976,  732,  686,  630,  893,  634,  655,  498,  430,  155,  883,  779,  830,  666,  265,  503,  788,  660,  767,  821,  621,  812,  466,  637,  280,  293,  711,  928,  885, 1038,  295,  916],
        [  722,    0,  929,  644,  708,  792,  145,  310,  751,  771,  691,  638,  824,  378,  436,  914, 1034,  131,  924,  859,  509,  333,  753,  526,  139,  645,  987,  200,  935,    0,  773,  616,  414,  789,  425,  897,  761,   30,  948,  562,  133,  239,  172,  395,  291,  222,  629,  322,  198,  392,  341,  670,  890,  376,  273,  252,  477,  864,  873,  578,  246,  810,  859,  624,  303,  498,  985,  329,  394,  433,  875,  711,  549,  894,  346,  320,  456,  771,  811,  361,  890,  772,  924,  684,  874,  769,  723,  890,  683,  605,  993,  930,  572,  652,  268,  455,  897,  759,  556,  523,  494,  919,  714,  338,  181,  913,  165,  796,  640,  570,   60,  522,  451,  576,   59,  335,  364,  886,  808,  941,  201,  748,  214,  431,  777,  597,  171,  420,  500,  449,  842,  386,  618,  353,  817, 1040,  354,   50,  744,  247,  738,  387],
        [  585,    0,  287,  170,  998,  745,  732,  749,  149,  252,  645,  424,  357,  572,  346,  631,  527,  745,  615,  271,  271,  856,   77,  285,  822,  261,  448,  740,  249,  773,    0,  623,  678,  680,  356,  398,  124,  744,  571,  225,  839,  535,  855,  449,  734,  889,  193,  674,  581,  526,  437,  615,  397,  433,  695,  863,  783,  303,  196,  235,  533,  525,  233,  259,  549,  507,  433,  468,  510,  598,  476,  191,  310,  296,  641,  455,  548,  788,  596,  858,  205,  152,  160,  719,  124,  760,  620,  279,  563,  175,  419,  375,  256,  845,  738,  417,  237,  452,  218,  295,  482,  308,  929,  568,  670,  425,  639,  306,  170,  904,  822,  488,  452,  383,  723,  444,  446,  635,  204,  176,  770,  834,  630,  617,   22,  513,  610,  605,  745,  780,  393,  752,  222,  545,  407,  518,  494,  755,  925,  832,   47,  851],
        [  127,    0,  904,  462,  385,  187,  480,  350,  493,  812,   75,  848,  915,  760,  433,  320,  519,  699,  339,  487,  548,  426,  668,  391,  747,  363,  509,  748,  600,  616,  623,    0,  218,  174,  540,  978,  519,  592,  386,  578,  746,  519,  783,  653,  813,  833,  439,  795,  480,  731,  444,   59,  974,  367,  773,  850,  245,  467,  814,  625,  465,  253,  840,  367,  668,  164,  517,  397,  261,  184,  355,  440,  337,  507,  789,  466,  804,  193,  217,  406,  579,  738,  690,  104,  639,  176,  113,  516,  103,  496,  539,  974,  644,  227,  378,  686,  854,  253,  531,  379,  188,  527,  308,  290,  675,  433,  465,  399,  464,  324,  623,  810,  718,  769,  610,  533,  605,  288,  797,  705,  453,  218,  665,  186,  642,  111,  572,  196,  193,  264,  949,  289,  663,  284,  341,  533,  660,  642,  302,  834,  626,  379],
        [  340,    0,  931,  509,  368,  381,  272,  132,  580,  809,  290,  786,  900,  633,  385,  537,  715,  513,  553,  624,  513,  219,  701,  398,  550,  441,  690,  571,  729,  414,  678,  218,    0,  387,  472,  970,  602,  394,  595,  558,  547,  379,  585,  554,  648,  635,  486,  643,  320,  615,  349,  277,  965,  290,  611,  659,  114,  613,  849,  600,  324,  456,  861,  432,  535,  186,  695,  293,  177,   82,  547,  526,  369,  651,  646,  360,  692,  357,  433,  206,  697,  757,  784,  271,  730,  356,  331,  656,  308,  516,  712,  980,  611,  258,  161,  600,  885,  432,  520,  387,  205,  675,  337,  147,  507,  612,  283,  540,  509,  243,  412,  718,  624,  707,  419,  429,  503,  505,  812,  801,  237,  338,  507,   64,  692,  249,  409,   74,  101,  104,  930,   84,  644,  160,  513,  726,  545,  447,  357,  648,  666,  188],
        [  102,    0,  967,  539,  434,   72,  653,  517,  535,  900,   99,  969, 1007,  913,  567,  180,  423,  870,  205,  480,  668,  582,  739,  502,  919,  432,  438,  918,  590,  789,  680,  174,  387,    0,  676, 1063,  562,  765,  272,  688,  920,  682,  956,  799,  979, 1006,  520,  957,  648,  881,  596,  122, 1060,  518,  938, 1022,  389,  451,  876,  735,  629,  182,  910,  444,  825,  318,  451,  554,  424,  357,  285,  490,  443,  488,  948,  620,  951,  134,  107,  559,  583,  814,  708,  141,  664,  104,   77,  502,  136,  588,  477, 1050,  757,  291,  548,  824,  916,  235,  639,  492,  336,  502,  341,  460,  843,  374,  637,  400,  543,  426,  795,  947,  859,  893,  783,  684,  753,  145,  873,  722,  624,  204,  830,  359,  701,  228,  739,  370,  340,  413, 1042,  450,  768,  452,  310,  440,  811,  815,  316, 1005,  695,  530],
        [  578,    0,  514,  264,  838,  717,  413,  487,  373,  365,  597,  317,  442,  263,  110,  720,  740,  390,  718,  509,   86,  584,  329,  194,  467,  321,  674,  388,  556,  425,  356,  540,  472,  676,    0,  514,  374,  398,  709,  138,  483,  188,  500,  132,  397,  535,  260,  346,  248,  221,  128,  566,  508,  185,  354,  513,  584,  526,  451,  157,  204,  598,  443,  297,  207,  377,  666,  182,  303,  413,  615,  351,  251,  545,  321,  128,  281,  732,  639,  595,  507,  350,  513,  642,  468,  714,  600,  535,  540,  206,  665,  535,  157,  710,  460,  148,  478,  523,  140,  201,  352,  567,  795,  327,  315,  615,  315,  477,  259,  714,  479,  272,  184,  237,  372,   91,  102,  706,  391,  530,  466,  750,  277,  428,  357,  451,  257,  412,  567,  570,  468,  520,  200,  312,  540,  740,  163,  402,  807,  484,  317,  600],
        [  963,    0,  162,  525, 1326, 1122,  919, 1000,  545,  166, 1013,  276,   74,  553,  586, 1027,  913,  813, 1012,  663,  458, 1098,  328,  591,  883,  632,  834,  774,  613,  897,  398,  978,  970, 1063,  514,    0,  521,  875,  968,  413,  905,  683,  905,  503,  723,  918,  545,  656,  753,  521,  641,  982,    9,  683,  699,  873, 1083,  697,  225,  371,  713,  919,  173,  620,  598,  833,  817,  693,  794,  901,  874,  580,  641,  685,  618,  642,  485, 1158,  986, 1109,  579,  251,  469, 1079,  477, 1133,  996,  666,  936,  482,  799,   60,  362, 1183,  974,  443,  194,  843,  454,  602,  806,  691, 1270,  832,  735,  820,  822,  704,  521, 1212,  956,  403,  449,  323,  839,  589,  538, 1030,  194,  471,  977, 1195,  694,  918,  377,  869,  730,  903, 1057, 1073,   60, 1028,  327,  814,  804,  902,  544,  860, 1273,  841,  373, 1112],
        [  469,    0,  407,  118,  900,  628,  698,  689,   27,  371,  533,  519,  477,  620,  326,  507,  417,  754,  492,  159,  299,  796,  195,  239,  830,  163,  340,  760,  182,  761,  124,  519,  602,  562,  374,  521,    0,  731,  449,  269,  844,  531,  866,  490,  770,  904,  134,  715,  564,  575,  420,  505,  520,  395,  727,  886,  700,  188,  317,  299,  516,  403,  357,  170,  580,  421,  327,  438,  447,  520,  354,   80,  239,  191,  686,  444,  611,  674,  474,  794,  134,  273,  183,  610,  129,  646,  504,  176,  450,  169,  318,  499,  323,  744,  684,  471,  357,  331,  240,  244,  399,  209,  826,  511,  685,  308,  612,  183,  122,  815,  805,  563,  510,  466,  717,  453,  474,  511,  327,  200,  726,  724,  648,  538,  145,  410,  610,  529,  658,  701,  513,  681,  303,  487,  283,  411,  530,  751,  820,  856,  153,  783],
        [  696,    0,  904,  614,  697,  770,  129,  296,  721,  746,  667,  619,  802,  364,  406,  887, 1005,  133,  897,  829,  481,  327,  725,  496,  157,  615,  957,  202,  905,   30,  744,  592,  394,  765,  398,  875,  731,    0,  920,  535,  155,  211,  193,  373,  292,  243,  599,  316,  168,  375,  312,  645,  868,  346,  269,  267,  461,  834,  847,  551,  216,  782,  834,  594,  285,  471,  955,  299,  366,  408,  847,  681,  519,  864,  337,  291,  442,  750,  785,  354,  860,  745,  894,  662,  845,  747,  698,  860,  657,  576,  964,  907,  546,  636,  253,  433,  871,  730,  528,  493,  466,  889,  701,  311,  171,  883,  136,  767,  611,  559,   82,  505,  432,  555,   44,  308,  340,  860,  783,  912,  190,  729,  199,  407,  748,  570,  146,  396,  482,  434,  821,  370,  592,  326,  788, 1011,  334,   56,  729,  260,  709,  379],
        [  260,    0,  842,  486,  705,  336,  828,  725,  427,  819,  332,  947,  926,  970,  609,  102,  154, 1000,   74,  310,  669,  810,  644,  515, 1062,  394,  189, 1033,  396,  948,  571,  386,  595,  272,  709,  968,  449,  920,    0,  666, 1068,  782, 1100,  840, 1076, 1148,  476, 1039,  772,  930,  674,  330,  967,  604, 1032, 1151,  630,  276,  755,  709,  739,  141,  800,  416,  897,  452,  206,  650,  555,  537,   99,  405,  460,  298, 1020,  701,  987,  402,  175,  791,  408,  721,  539,  403,  508,  373,  282,  316,  288,  551,  234,  941,  734,  560,  746,  846,  794,  194,  621,  509,  455,  302,  612,  612,  954,  156,  784,  268,  491,  689,  968,  960,  885,  882,  926,  749,  804,  132,  775,  548,  818,  474,  930,  546,  592,  357,  854,  550,  578,  650,  962,  672,  728,  595,  175,  172,  866,  961,  586, 1128,  601,  765],
        [  586,    0,  387,  183,  914,  739,  543,  597,  276,  251,  623,  286,  345,  354,  175,  697,  670,  524,  689,  421,   55,  699,  191,  189,  601,  276,  597,  516,  446,  562,  225,  578,  558,  688,  138,  413,  269,  535,  666,    0,  618,  325,  633,  227,  512,  665,  191,  453,  381,  308,  245,  591,  408,  273,  471,  639,  671,  444,  317,   48,  334,  576,  315,  256,  325,  425,  586,  291,  382,  488,  568,  272,  246,  455,  422,  256,  343,  765,  630,  707,  398,  216,  384,  681,  343,  743,  615,  442,  554,  116,  581,  423,   70,  774,  575,  203,  347,  498,   49,  200,  399,  475,  861,  423,  447,  549,  445,  410,  178,  800,  616,  300,  241,  216,  509,  228,  222,  689,  263,  400,  591,  795,  407,  505,  223,  475,  394,  491,  645,  661,  376,  619,   87,  403,  492,  666,  271,  539,  867,  608,  183,  707],
        [  849,    0,  960,  727,  834,  924,  277,  442,  837,  798,  821,  634,  835,  357,  520, 1039, 1146,   96, 1048,  955,  568,  454,  808,  618,   24,  743, 1094,  136, 1023,  133,  839,  746,  547,  920,  483,  905,  844,  155, 1068,  618,    0,  314,   40,  417,  217,   89,  715,  270,  299,  385,  428,  799,  897,  478,  218,  126,  609,  963,  914,  624,  340,  931,  893,  721,  313,  622, 1091,  429,  515,  563,  991,  802,  649,  991,  303,  403,  432,  903,  937,  483,  976,  815,  995,  816,  949,  901,  852,  986,  810,  680, 1097,  945,  613,  784,  400,  472,  933,  876,  622,  617,  615, 1016,  845,  464,  176, 1022,  286,  900,  723,  698,  155,  509,  458,  584,  142,  396,  401, 1012,  844, 1012,  330,  880,  218,  562,  840,  721,  235,  551,  633,  580,  848,  518,  659,  477,  929, 1151,  371,  107,  875,  131,  800,  512],
        [  595,    0,  699,  414,  740,  706,  237,  349,  524,  544,  589,  447,  610,  254,  207,  769,  845,  228,  774,  643,  271,  431,  514,  305,  301,  433,  788,  252,  710,  239,  535,  519,  379,  682,  188,  683,  531,  211,  782,  325,  314,    0,  338,  194,  299,  380,  402,  276,   73,  239,  116,  562,  676,  179,  257,  373,  482,  653,  638,  343,   57,  653,  628,  410,  156,  365,  784,  133,  259,  350,  698,  489,  341,  680,  272,   90,  316,  704,  674,  448,  663,  536,  688,  611,  640,  693,  608,  673,  555,  370,  789,  710,  340,  637,  313,  252,  664,  589,  318,  305,  349,  703,  716,  241,  172,  720,  142,  592,  410,  606,  292,  354,  264,  373,  188,   99,  149,  748,  576,  705,  299,  703,  150,  359,  538,  461,   80,  343,  480,  461,  632,  402,  385,  240,  631,  848,  172,  221,  736,  348,  499,  460],
        [  884,    0,  966,  750,  873,  962,  316,  481,  860,  803,  858,  631,  835,  353,  544, 1073, 1176,  112, 1082,  981,  585,  493,  821,  643,   39,  770, 1123,  131, 1046,  172,  855,  783,  585,  956,  500,  905,  866,  193, 1100,  633,   40,  338,    0,  425,  200,   50,  738,  259,  330,  385,  454,  836,  897,  507,  209,   89,  648,  990,  923,  636,  369,  965,  900,  748,  319,  656, 1119,  458,  548,  599, 1022,  826,  676, 1017,  294,  427,  426,  942,  972,  522,  998,  825, 1013,  854,  968,  939,  888, 1011,  845,  700, 1125,  947,  624,  823,  439,  478,  940,  908,  639,  642,  648, 1041,  884,  499,  187, 1052,  321,  927,  745,  737,  193,  505,  461,  586,  176,  415,  414, 1047,  851, 1030,  369,  919,  228,  599,  855,  756,  259,  588,  672,  620,  846,  557,  669,  512,  959, 1180,  378,  142,  915,  100,  815,  551],
