{
    "name": "random-98-26119",
    "comment": "size=98 seed=26119",
    "nodes": ["+0", "-0", "+1", "-1", "+2", "-2", "+3", "-3", "+4", "-4", "+5", "-5", "+6", "-6", "+7", "-7", "+8", "-8", "+9", "-9", "+10", "-10", "+11", "-11", "+12", "-12", "+13", "-13", "+14", "-14", "+15", "-15", "+16", "-16", "+17", "-17", "+18", "-18", "+19", "-19", "+20", "-20", "+21", "-21", "+22", "-22", "+23", "-23", "+24", "-24", "+25", "-25", "+26", "-26", "+27", "-27", "+28", "-28", "+29", "-29", "+30", "-30", "+31", "-31", "+32", "-32", "+33", "-33", "+34", "-34", "+35", "-35", "+36", "-36", "+37", "-37", "+38", "-38", "+39", "-39", "+40", "-40", "+41", "-41", "+42", "-42", "+43", "-43", "+44", "-44", "+45", "-45", "+46", "-46", "+47", "-47", "+48", "-48", "+49", "-49", "+50", "-50", "+51", "-51", "+52", "-52", "+53", "-53", "+54", "-54", "+55", "-55", "+56", "-56", "+57", "-57", "+58", "-58", "+59", "-59", "+60", "-60", "+61", "-61", "+62", "-62", "+63", "-63", "+64", "-64", "+65", "-65", "+66", "-66", "+67", "-67", "+68", "-68", "+69", "-69", "+70", "-70", "+71", "-71", "+72", "-72", "+73", "-73", "+74", "-74", "+75", "-75", "+76", "-76", "+77", "-77", "+78", "-78", "+79", "-79", "+80", "-80", "+81", "-81", "+82", "-82", "+83", "-83", "+84", "-84", "+85", "-85", "+86", "-86", "+87", "-87", "+88", "-88", "+89", "-89", "+90", "-90", "+91", "-91", "+92", "-92", "+93", "-93", "+94", "-94", "+95", "-95", "+96", "-96", "+97", "-97", "+98", "-98"],
    "precedence": {
        "+0": "-0",
        "+1": "-1",
        "+2": "-2",
        "+3": "-3",
        "+4": "-4",
        "+5": "-5",
        "+6": "-6",
        "+7": "-7",
        "+8": "-8",
        "+9": "-9",
        "+10": "-10",
        "+11": "-11",
        "+12": "-12",
        "+13": "-13",
        "+14": "-14",
        "+15": "-15",
        "+16": "-16",
        "+17": "-17",
        "+18": "-18",
        "+19": "-19",
        "+20": "-20",
        "+21": "-21",
        "+22": "-22",
        "+23": "-23",
        "+24": "-24",
        "+25": "-25",
        "+26": "-26",
        "+27": "-27",
        "+28": "-28",
        "+29": "-29",
        "+30": "-30",
        "+31": "-31",
        "+32": "-32",
        "+33": "-33",
        "+34": "-34",
        "+35": "-35",
        "+36": "-36",
        "+37": "-37",
        "+38": "-38",
        "+39": "-39",
        "+40": "-40",
        "+41": "-41",
        "+42": "-42",
        "+43": "-43",
        "+44": "-44",
        "+45": "-45",
        "+46": "-46",
        "+47": "-47",
        "+48": "-48",
        "+49": "-49",
        "+50": "-50",
        "+51": "-51",
        "+52": "-52",
        "+53": "-53",
        "+54": "-54",
        "+55": "-55",
        "+56": "-56",
        "+57": "-57",
        "+58": "-58",
        "+59": "-59",
        "+60": "-60",
        "+61": "-61",
        "+62": "-62",
        "+63": "-63",
        "+64": "-64",
        "+65": "-65",
        "+66": "-66",
        "+67": "-67",
        "+68": "-68",
        "+69": "-69",
        "+70": "-70",
        "+71": "-71",
        "+72": "-72",
        "+73": "-73",
        "+74": "-74",
        "+75": "-75",
        "+76": "-76",
        "+77": "-77",
        "+78": "-78",
        "+79": "-79",
        "+80": "-80",
        "+81": "-81",
        "+82": "-82",
        "+83": "-83",
        "+84": "-84",
        "+85": "-85",
        "+86": "-86",
        "+87": "-87",
        "+88": "-88",
        "+89": "-89",
        "+90": "-90",
        "+91": "-91",
        "+92": "-92",
        "+93": "-93",
        "+94": "-94",
        "+95": "-95",
        "+96": "-96",
        "+97": "-97",
        "+98": "-98"
    },
    "edges": [
        [    0,    0,  897,  388,  731,  249,  709,  475,  806, 1072,  700,  547,  313, 1021,  667,  520,  712,  883,  423,  934,  623,  744,  826,  681,  800,  428,  774,  733,  370,  814,  791,  521,  734, 1122,  765,  643,  455,  571,  354,  518, 1127, 1204,  617,  350,  782,  464,  377,  426,  718,  654,  617,  540,  569,  726,  490,  911,  848,  944,  810,  631,  785,  294,  506,  930,  765,  193,  633,  422,  652,  426, 1073,  372,  453, 1007,  567,  483,  377,  322,  897,   35,  703,  169,  875,  569,  238,  381,  837,  670,  412,  815,  703,  539,  464,  820,  694,  833,  881,  925,  859,  530,  246,  880,  920, 1157,  401,  159,  172,  300,  764,  843, 1056,   44,  703, 1087,  807,  880,  234,  986,  822,  849,  395,  198,  539, 1094,  915,  860,  541,   87,  798,  601,  725,  801,  967,  998,  386,  558,  222,  742,  717,  427,  410,  426,  973,  403,  503,  173,  237,  819,  666,  559,  812,  938,  893, 1235,  328,  243,  393,  490,  295,  114,  538,  455,  674,  732,  138,  367,  888,  152,  587,  981,  905, 1005, 1013,  382,  627,  843,  489,  511,  753,  980,  666,  380,  357, 1121,  706,  191,  355,  280,  215,  860,  703,  625,  561,  683,  495,  763,  532,  793],
        [    0,    0,    0,    0,    0,    0,    0,    0,    0,    0,    0,    0,    0,    0,    0,    0,    0,    0,    0,    0,    0,    0,    0,    0,    0,    0,    0,    0,    0,    0,    0,    0,    0,    0,    0,    0,    0,    0,    0,    0,    0,    0,    0,    0,    0,    0,    0,    0,    0,    0,    0,    0,    0,    0,    0,    0,    0,    0,    0,    0,    0,    0,    0,    0,    0,    0,    0,    0,    0,    0,    0,    0,    0,    0,    0,    0,    0,    0,    0,    0,    0,    0,    0,    0,    0,    0,    0,    0,    0,    0,    0,    0,    0,    0,    0,    0,    0,    0,    0,    0,    0,    0,    0,    0,    0,    0,    0,    0,    0,    0,    0,    0,    0,    0,    0,    0,    0,    0,    0,    0,    0,    0,    0,    0,    0,    0,    0,    0,    0,    0,    0,    0,    0,    0,    0,    0,    0,    0,    0,    0,    0,    0,    0,    0,    0,    0,    0,    0,    0,    0,    0,    0,    0,    0,    0,    0,    0,    0,    0,    0,    0,    0,    0,    0,    0,    0,    0,    0,    0,    0,    0,    0,    0,    0,    0,    0,    0,    0,    0,    0,    0,    0,    0,    0,    0,    0,    0,    0,    0,    0,    0,    0,    0,    0,    0,    0,    0,    0],
        [  897,    0,    0,  536,  670,  764,  421,  474,  119,  238,  499,  542,  891,  149,  245,  407,  687,  272,  589,  848,  816,  212,  181,  241,  536,  540,  289,  317,  534,  289,  108,  781,  544,  302,  381,  435,  493,  626,  580,  380,  249,  341,  288,  564,  292,  555,  608,  617,  180,  542,  403,  404,  581,  433,  561,  370,  493,  220,   90,  477,  177,  606,  418,  196,  389,  760,  447,  679,  605,  634,  376,  590,  642,  142,  347,  656,  689,  800,  247,  930,  237,  773,  538,  432,  675,  520,  722,  293,  570,  268,  314,  788,  490,  308,  380,  761,  381,  581,  363,  554,  801,  138,  637,  326,  647, 1007,  799,  875,  709,  686,  380,  906,  774,  322,  687,  397,  702,  176,  205,  318,  546,  746,  520,  326,  244,  150,  357,  813,  268,  520,  662,  107,   95,  334,  708,  356,  746,  226,  199,  747,  696,  623,  824,  611,  656,  790,  719,  750,  471,  355,   87,  320,  759,  348,  700,  669,  590,  751,  620,  783,  460,  614,  484,  394,  760,  832,  820,  792,  659,  145,  329,  395,  370,  516,  662,  272,  429,  516,  269,  886,  395,  518,  674,  225,  591,  975,  735,  623,  697,  703,  244,  773,  383,  609,  629,  398,  480,  366],
        [  388,    0,  536,    0,  655,  232,  502,   90,  466,  741,  351,  423,  518,  645,  293,  259,  650,  600,  125,  888,  661,  431,  512,  361,  458,   76,  387,  472,  158,  542,  436,  569,  399,  799,  388,  445,   74,  292,   46,  176,  779,  865,  291,  194,  396,  137,  307,  368,  363,  323,  236,  292,  471,  358,  381,  661,  659,  557,  454,  460,  465,  114,  247,  544,  388,  226,  442,  420,  351,  384,  790,   75,  205,  630,  190,  240,  196,  450,  510,  417,  392,  241,  701,  190,  233,   68,  759,  385,  303,  534,  316,  586,  274,  555,  315,  776,  639,  758,  478,  208,  404,  553,  780,  831,  168,  527,  356,  498,  700,  746,  778,  409,  691,  781,  517,  645,  277,  657,  436,  586,  246,  308,  196,  788,  528,  537,  189,  301,  517,  459,  440,  454,  594,  718,  221,  261,  211,  436,  343,  479,  425,  374,  902,  130,  256,  256,  304,  760,  489,  263,  454,  664,  817,  882,  183,  146,   95,  527,  210,  278,  346,  180,  321,  356,  260,  505,  843,  261,  326,  643,  639,  746,  742,   99,  571,  456,  108,  364,  470,  937,  288,  120,  168,  758,  593,  520,  417,  115,  244,  767,  320,  637,  174,  380,  441,  388,  165,  555],
        [  731,    0,  670,  655,    0,  803,  251,  691,  556,  668,  928,  233,  493,  813,  631,  423,   29,  440,  779,  234,  204,  468,  492,  480, 1021,  725,  812,  355,  503,  391,  598,  252,  985,  681,  881,  258,  693,  935,  681,  545,  761,  787,  497,  479,  821,  784,  383,  319,  574,  929,  775,  393,  186,  894,  279,  380,  232,  865,  608,  222,  496,  599,  428,  840,  887,  747,  251,  310,  976,  313,  545,  724,  859,  809,  622,  894,  838,  429,  863,  761,  461,  738,  220,  757,  536,  588,  110,  409,  366,  410,  771,  242,  381,  376,  825,  122,  348,  242,  928,  843,  494,  549,  209,  713,  819,  730,  560,  491,   47,  113,  521,  706,  117,  609, 1129,  334,  515,  608,  780,  380,  417,  539,  818,  615,  870,  529,  559,  694,  405,  202, 1064,  578,  763,  491,  863,  458,  759,  452,  649,  316,  322,  317,  253,  783,  910,  764,  502,  106,  211,  456,  613,  443,  168,  858,  807,  663,  749,  262,  502,  663,  319,  834,  897,  867,  643,  409,  189,  746,  972,  631,  408,  452,  479,  557,  105,  849,  634,  291,  402,  282,  814,  537,  807,  815,   81,  661,  379,  621,  552,  130,  694,  163,  682, 1000,  242,  893,  770,  313],
        [  249,    0,  764,  232,  803,    0,  700,  294,  697,  972,  468,  581,  508,  866,  520,  465,  792,  824,  201, 1030,  754,  659,  741,  590,  563,  231,  580,  687,  320,  763,  667,  652,  496, 1030,  552,  637,  274,  325,  186,  405, 1009, 1096,  519,  331,  587,  245,  422,  487,  594,  417,  415,  495,  620,  505,  527,  877,  855,  761,  684,  641,  694,  214,  451,  751,  550,   69,  631,  515,  408,  496, 1015,  176,  210,  850,  418,  236,  131,  476,  708,  265,  620,   90,  893,  369,  275,  269,  912,  605,  439,  757,  512,  670,  449,  773,  487,  920,  853,  948,  647,  299,  406,  783,  960, 1062,  162,  407,  329,  491,  845,  907, 1003,  288,  810, 1010,  560,  857,  309,  888,  645,  804,  393,  308,  316, 1017,  727,  767,  420,  186,  739,  628,  478,  685,  817,  942,  138,  480,   47,  663,  568,  551,  512,  490, 1055,  178,  256,   78,  332,  904,  674,  482,  685,  887,  971, 1111,   86,  142,  183,  612,  302,  193,  529,  218,  446,  518,  197,  533,  983,  101,  340,  874,  859,  965,  965,  290,  706,  649,  336,  527,  692, 1078,  459,  302,  118,  985,  756,  432,  476,  190,  265,  927,  537,  742,  388,  438,  566,  546,  323,  765],
        [  709,    0,  421,  502,  251,  700,    0,  511,  306,  454,  714,  179,  570,  566,  398,  244,  267,  221,  619,  452,  405,  218,  246,  238,  798,  560,  574,  105,  381,  156,  348,  392,  771,  481,  650,   66,  519,  752,  540,  352,  539,  583,  272,  377,  582,  612,  334,  300,  330,  724,  563,  211,  193,  671,  229,  209,  157,  615,  358,   87,  246,  488,  256,  590,  656,  659,   77,  340,  778,  309,  383,  577,  698,  561,  412,  729,  698,  482,  615,  743,  215,  658,  200,  555,  475,  442,  318,  168,  297,  172,  541,  393,  256,  148,  601,  352,  176,  257,  688,  659,  518,  306,  287,  516,  668,  761,  555,  559,  293,  289,  362,  697,  354,  422,  920,  173,  476,  381,  534,  166,  320,  514,  629,  429,  622,  286,  357,  647,  163,  132,  863,  328,  514,  312,  723,  255,  662,  202,  409,  392,  359,  303,  444,  629,  741,  683,  476,  339,   61,  253,  363,  252,  366,  644,  678,  562,  596,  373,  423,  612,  175,  670,  685,  640,  589,  493,  417,  672,  790,  398,  215,  303,  317,  416,  248,  605,  448,  199,  153,  497,  595,  401,  669,  582,  171,  706,  415,  512,  498,  309,  458,  360,  477,  798,  266,  663,  579,   95],
        [  475,    0,  474,   90,  691,  294,  511,    0,  420,  691,  270,  462,  602,  572,  229,  273,  690,  575,  122,  923,  719,  402,  477,  333,  376,   67,  300,  463,  221,  524,  382,  633,  322,  752,  298,  461,   21,  245,  122,  161,  721,  810,  265,  262,  308,  103,  372,  428,  312,  251,  147,  306,  512,  271,  427,  646,  665,  474,  398,  483,  429,  202,  266,  462,  299,  303,  461,  485,  289,  445,  760,  119,  193,  556,  133,  221,  219,  530,  424,  503,  366,  321,  710,  102,  319,  134,  791,  371,  359,  513,  229,  649,  314,  539,  225,  812,  629,  767,  389,  153,  488,  510,  795,  782,  180,  616,  444,  583,  737,  774,  751,  497,  739,  742,  450,  637,  362,  610,  355,  569,  303,  395,  129,  749,  443,  496,  161,  388,  497,  490,  378,  403,  523,  691,  241,  257,  283,  410,  276,  548,  492,  434,  932,  141,  231,  333,  388,  796,  508,  259,  398,  641,  848,  820,  226,  233,  117,  591,  289,  367,  373,  164,  239,  267,  349,  583,  880,  342,  283,  593,  620,  725,  718,  160,  615,  369,   64,  403,  452,  972,  199,  180,  201,  693,  623,  609,  491,  205,  331,  795,  243,  691,   94,  315,  495,  299,   86,  550],
        [  806,    0,  119,  466,  556,  697,  306,  420,    0,  275,  510,  423,  778,  268,  202,  299,  572,  198,  541,  744,  698,   93,   86,  130,  568,  486,  319,  202,  438,  190,   58,  662,  562,  333,  409,  317,  438,  610,  512,  296,  322,  402,  189,  464,  325,  513,  497,  502,  108,  542,  386,  292,  462,  450,  443,  294,  395,  314,   58,  359,   61,  520,  312,  288,  417,  684,  329,  563,  604,  518,  354,  530,  604,  260,  288,  624,  639,  687,  323,  840,  120,  694,  443,  404,  577,  439,  615,  175,  458,  170,  317,  669,  379,  210,  386,  652,  296,  491,  419,  528,  693,   92,  542,  365,  598,  907,  696,  763,  597,  581,  350,  811,  657,  325,  711,  311,  600,  191,  254,  228,  439,  644,  493,  331,  326,   83,  279,  725,  164,  401,  674,   29,  213,  294,  660,  252,  674,  108,  173,  629,  580,  507,  725,  560,  628,  714,  614,  640,  354,  251,   63,  260,  656,  429,  642,  589,  535,  633,  520,  693,  343,  574,  489,  413,  669,  717,  714,  713,  646,  178,  256,  344,  327,  429,  544,  328,  365,  399,  155,  784,  394,  428,  619,  324,  477,  870,  621,  540,  599,  599,  231,  655,  339,  615,  511,  426,  447,  263],
        [ 1072,    0,  238,  741,  668,  972,  454,  691,  275,    0,  736,  621, 1006,  266,  466,  554,  692,  234,  811,  790,  851,  329,  248,  392,  768,  758,  524,  372,  703,  299,  310,  845,  780,   65,  615,  498,  710,  861,  786,  570,   96,  135,  460,  724,  527,  781,  736,  726,  380,  779,  637,  539,  645,  669,  658,  293,  445,  417,  296,  535,  288,  792,  568,  399,  624,  958,  512,  778,  842,  739,  189,  803,  870,  275,  560,  886,  910,  915,  462, 1106,  369,  967,  478,  663,  838,  712,  684,  407,  696,  287,  551,  846,  624,  307,  617,  728,  323,  501,  587,  787,  934,  193,  563,   91,  869, 1162,  950,  993,  697,  645,  206, 1074,  783,  109,  920,  338,  856,   87,  438,  293,  689,  900,  752,  110,  454,  212,  553,  993,  300,  581,  899,  289,  258,  195,  931,  515,  948,  332,  426,  838,  797,  730,  751,  831,  888,  988,  867,  721,  513,  514,  296,  228,  706,  192,  915,  862,  808,  825,  781,  961,  567,  841,  721,  631,  936,  935,  775,  986,  895,   99,  261,  257,  224,  701,  696,  500,  639,  617,  335,  819,  632,  698,  892,  174,  601, 1118,  847,  812,  861,  657,  477,  806,  606,  846,  711,  633,  709,  365],
        [  700,    0,  499,  351,  928,  468,  714,  270,  510,  736,    0,  708,  868,  528,  326,  507,  931,  703,  278, 1155,  980,  540,  591,  488,  107,  285,  214,  637,  490,  674,  455,  899,   58,  800,  130,  678,  280,  172,  365,  385,  730,  825,  442,  531,  213,  237,  639,  692,  416,   60,  153,  536,  760,   69,  683,  793,  855,  376,  462,  709,  548,  463,  505,  379,  123,  509,  682,  752,  114,  710,  859,  333,  263,  512,  307,  248,  341,  799,  315,  723,  519,  532,  903,  178,  583,  404, 1020,  550,  623,  658,  193,  914,  568,  693,  124, 1046,  786,  958,  208,  171,  754,  596,  997,  822,  306,  853,  703,  849,  974,  997,  858,  731,  990,  817,  208,  799,  628,  671,  302,  719,  568,  657,  163,  822,  333,  592,  369,  618,  645,  727,  165,  483,  499,  803,  345,  471,  481,  555,  338,  816,  760,  698, 1155,  298,  235,  534,  655, 1031,  727,  473,  459,  768, 1073,  808,  383,  473,  309,  857,  558,  605,  612,  251,   32,  107,  593,  853, 1114,  551,  190,  643,  759,  853,  836,  430,  864,  257,  309,  652,  610, 1202,  121,  449,  350,  671,  853,  858,  761,  460,  593, 1017,  280,  949,  247,  112,  754,  114,  187,  724],
        [  547,    0,  542,  423,  233,  581,  179,  462,  423,  621,  708,    0,  392,  690,  436,  202,  229,  393,  547,  466,  289,  331,  389,  312,  806,  493,  617,  250,  272,  324,  448,  240,  765,  654,  676,  124,  463,  705,  450,  324,  701,  754,  303,  251,  627,  552,  172,  125,  402,  704,  557,  178,   53,  681,   58,  388,  302,  704,  463,   93,  371,  371,  204,  680,  681,  529,  110,  162,  748,  131,  562,  492,  627,  682,  405,  662,  607,  303,  689,  580,  307,  524,  329,  534,  326,  356,  338,  250,  144,  334,  567,  247,  149,  320,  613,  354,  354,  379,  735,  613,  342,  453,  382,  689,  587,  586,  385,  381,  278,  328,  541,  531,  283,  599,  906,  349,  316,  542,  602,  342,  189,  350,  590,  606,  700,  431,  341,  494,  321,   55,  837,  437,  635,  491,  632,  247,  538,  319,  465,  217,  180,  126,  482,  551,  678,  549,  311,  338,  125,  246,  467,  431,  396,  809,  578,  439,  517,  211,  282,  461,  100,  602,  677,  657,  439,  316,  421,  534,  742,  553,  393,  481,  496,  325,  156,  664,  407,   60,  292,  514,  599,  305,  576,  732,  176,  529,  236,  395,  346,  349,  499,  250,  462,  773,   91,  685,  543,  273],
        [  313,    0,  891,  518,  493,  508,  570,  602,  778, 1006,  868,  392,    0, 1035,  712,  486,  468,  783,  612,  661,  337,  694,  764,  651,  975,  587,  868,  635,  398,  713,  786,  247,  915, 1043,  893,  513,  589,  784,  509,  555, 1081, 1140,  609,  357,  878,  643,  284,  281,  722,  838,  744,  488,  384,  871,  349,  777,  671, 1006,  803,  484,  736,  406,  476,  986,  895,  440,  500,  230,  857,  268,  952,  547,  671, 1023,  633,  707,  610,   92,  973,  330,  660,  419,  684,  702,  286,  470,  587,  609,  322,  721,  802,  261,  402,  710,  820,  572,  743,  722,  976,  716,  115,  827,  700, 1078,  617,  248,  181,   20,  514,  603,  931,  273,  431,  989, 1022,  736,  241,  924,  887,  733,  352,  216,  710,  996,  989,  805,  581,  329,  707,  440,  941,  785,  978,  882,  628,  540,  466,  685,  757,  185,  212,  277,  708,  600,  727,  437,  214,  560,  513,  540,  807,  822,  637, 1190,  562,  414,  575,  232,  316,  316,  441,  661,  838,  864,  313,   84,  616,  412,  811,  931,  784,  869,  886,  450,  395,  931,  582,  390,  672,  703,  796,  434,  581, 1101,  497,  176,  160,  412,  278,  617,  766,  352,  660,  887,  306,  896,  682,  664],
        [ 1021,    0,  149,  645,  813,  866,  566,  572,  268,  266,  528,  690, 1035,    0,  354,  549,  831,  395,  678,  981,  964,  360,  322,  387,  536,  636,  319,  463,  666,  426,  249,  930,  561,  322,  399,  583,  592,  679,  687,  506,  220,  312,  427,  699,  318,  639,  751,  764,  314,  580,  471,  549,  730,  459,  708,  488,  624,  164,  232,  625,  324,  727,  560,  153,  406,  870,  596,  826,  640,  780,  446,  690,  718,   17,  457,  725,  775,  944,  220, 1053,  385,  885,  667,  510,  807,  640,  859,  441,  714,  406,  370,  936,  633,  443,  424,  899,  505,  705,  346,  622,  941,  267,  763,  332,  732, 1139,  934, 1018,  851,  822,  457, 1033,  919,  373,  688,  522,  837,  251,  234,  448,  686,  881,  590,  375,  206,  285,  481,  935,  408,  669,  681,  254,   58,  426,  792,  496,  853,  374,  304,  894,  843,  769,  953,  700,  722,  901,  855,  889,  618,  496,  228,  430,  893,  282,  794,  786,  685,  900,  754,  907,  607,  692,  521,  423,  884,  978,  956,  906,  708,  216,  448,  491,  461,  641,  809,  272,  538,  664,  415, 1017,  447,  646,  765,  146,  735, 1110,  880,  742,  828,  838,  329,  921,  478,  638,  777,  415,  559,  505],
        [  667,    0,  245,  293,  631,  520,  398,  229,  202,  466,  326,  436,  712,  354,    0,  243,  639,  383,  347,  849,  723,  216,  274,  164,  402,  296,  182,  314,  323,  350,  156,  661,  381,  527,  252,  374,  249,  409,  337,  159,  492,  582,  135,  360,  192,  315,  434,  466,   96,  349,  188,  260,  486,  275,  429,  470,  532,  294,  171,  410,  228,  374,  249,  275,  259,  518,  381,  531,  410,  484,  553,  346,  405,  340,  103,  423,  446,  625,  264,  699,  195,  532,  581,  203,  461,  287,  714,  231,  403,  333,  143,  672,  327,  368,  206,  744,  462,  635,  300,  327,  609,  293,  677,  556,  404,  790,  591,  694,  677,  687,  548,  681,  711,  525,  532,  474,  495,  387,  177,  395,  362,  537,  292,  531,  278,  283,  133,  581,  320,  439,  485,  180,  302,  490,  466,  191,  503,  230,   51,  601,  545,  472,  842,  367,  427,  549,  516,  730,  422,  192,  170,  449,  764,  592,  455,  432,  346,  624,  411,  554,  336,  376,  300,  243,  532,  668,  811,  553,  446,  367,  436,  535,  521,  289,  585,  231,  186,  389,  285,  894,  205,  297,  430,  466,  553,  767,  568,  388,  481,  707,   64,  686,  141,  423,  505,  265,  246,  400],
        [  520,    0,  407,  259,  423,  465,  244,  273,  299,  554,  507,  202,  486,  549,  243,    0,  424,  369,  376,  653,  485,  226,  307,  170,  604,  317,  421,  224,  155,  303,  301,  419,  564,  603,  475,  189,  279,  518,  297,  123,  616,  688,  124,  171,  431,  372,  203,  224,  237,  506,  355,   34,  255,  479,  187,  413,  401,  529,  318,  210,  268,  257,   15,  508,  480,  431,  188,  289,  554,  242,  560,  333,  456,  538,  203,  488,  454,  396,  506,  554,  187,  435,  444,  335,  284,  200,  520,  151,  166,  300,  367,  430,   86,  311,  411,  543,  389,  501,  538,  425,  395,  364,  524,  638,  425,  610,  398,  470,  469,  501,  545,  520,  485,  569,  707,  393,  303,  468,  418,  342,  140,  347,  398,  576,  519,  343,  140,  444,  282,  221,  642,  302,  492,  486,  479,   55,  429,  223,  281,  359,  304,  230,  660,  386,  501,  458,  316,  527,  235,   55,  322,  428,  576,  725,  436,  332,  352,  381,  227,  411,  105,  428,  476,  456,  386,  433,  611,  451,  556,  467,  398,  503,  505,  176,  358,  473,  213,  149,  236,  701,  398,  164,  426,  623,  351,  572,  334,  280,  307,  522,  306,  450,  261,  578,  263,  484,  349,  302],
        [  712,    0,  687,  650,   29,  792,  267,  690,  572,  692,  931,  229,  468,  831,  639,  424,    0,  462,  774,  240,  176,  483,  510,  491, 1025,  721,  820,  371,  496,  411,  612,  225,  988,  706,  888,  268,  691,  933,  675,  547,  784,  812,  505,  470,  830,  780,  370,  306,  586,  930,  778,  396,  180,  899,  271,  405,  259,  879,  623,  229,  512,  590,  428,  854,  893,  734,  260,  292,  976,  299,  572,  718,  854,  827,  625,  889,  831,  406,  875,  741,  474,  725,  249,  758,  522,  583,  126,  420,  357,  430,  778,  215,  378,  397,  830,  129,  373,  270,  938,  841,  473,  569,  236,  738,  812,  706,  540,  466,   54,  136,  548,  686,   92,  635, 1131,  359,  499,  631,  791,  402,  410,  521,  817,  641,  883,  549,  562,  677,  425,  204, 1064,  594,  780,  517,  855,  462,  747,  467,  659,  293,  302,  303,  265,  777,  905,  750,  485,  113,  223,  460,  628,  467,  182,  882,  798,  652,  743,  238,  490,  647,  320,  830,  900,  873,  628,  385,  194,  732,  970,  653,  432,  479,  506,  551,   87,  859,  633,  288,  419,  289,  818,  532,  799,  837,   97,  638,  359,  612,  538,  150,  702,  135,  685, 1000,  227,  899,  770,  334],
        [  883,    0,  272,  600,  440,  824,  221,  575,  198,  234,  703,  393,  783,  395,  383,  369,  462,    0,  696,  588,  618,  174,  113,  243,  765,  637,  516,  153,  523,   71,  255,  612,  756,  262,  606,  270,  590,  789,  644,  425,  323,  363,  312,  535,  522,  675,  525,  505,  288,  731,  570,  345,  413,  645,  435,  100,  231,  491,  253,  304,  156,  623,  383,  466,  614,  797,  284,  554,  792,  517,  193,  671,  767,  394,  448,  791,  788,  693,  511,  918,  210,  802,  273,  580,  646,  555,  470,  220,  486,   69,  511,  613,  422,   74,  580,  511,  111,  311,  614,  702,  720,  135,  369,  297,  752,  957,  745,  771,  472,  432,  179,  879,  553,  208,  907,  128,  657,  169,  449,   60,  490,  699,  667,  215,  511,  125,  417,  811,   87,  351,  866,  226,  353,  119,  812,  344,  792,  166,  365,  610,  572,  509,  558,  712,  798,  825,  663,  502,  281,  343,  258,   67,  500,  426,  782,  698,  682,  593,  589,  777,  354,  737,  680,  609,  753,  709,  565,  819,  826,  194,   59,  153,  144,  537,  463,  523,  514,  397,  133,  623,  584,  528,  764,  377,  369,  907,  625,  646,  669,  446,  424,  573,  508,  805,  483,  622,  619,  132],
        [  423,    0,  589,  125,  779,  201,  619,  122,  541,  811,  278,  547,  612,  678,  347,  376,  774,  696,    0, 1012,  781,  523,  599,  454,  380,   61,  382,  579,  281,  643,  501,  688,  315,  872,  353,  564,  107,  175,  108,  275,  838,  928,  385,  315,  388,   44,  427,  490,  433,  235,  216,  409,  595,  307,  505,  764,  775,  564,  517,  581,  551,  213,  366,  556,  350,  233,  563,  539,  246,  505,  881,   65,   81,  662,  254,  116,  100,  553,  509,  446,  487,  255,  819,  171,  330,  192,  883,  489,  426,  633,  315,  705,  399,  658,  287,  900,  746,  876,  448,  110,  498,  631,  900,  902,   58,  576,  438,  592,  824,  869,  872,  454,  815,  864,  411,  753,  374,  730,  451,  688,  369,  397,  118,  870,  528,  618,  280,  341,  616,  583,  331,  523,  632,  812,  120,  369,  206,  531,  391,  594,  543,  495, 1026,   24,  132,  259,  402,  884,  610,  371,  516,  762,  941,  935,  119,  201,   37,  645,  321,  330,  468,   56,  252,  318,  319,  610,  967,  275,  207,  712,  740,  845,  839,  224,  695,  450,  183,  488,  571, 1061,  258,  244,   88,  804,  716,  584,  528,  201,  334,  890,  351,  759,  207,  277,  564,  347,  124,  665],
        [  934,    0,  848,  888,  234, 1030,  452,  923,  744,  790, 1155,  466,  661,  981,  849,  653,  240,  588, 1012,    0,  325,  665,  668,  690, 1245,  958, 1025,  549,  735,  560,  793,  418, 1212,  785, 1100,  478,  926, 1168,  914,  775,  885,  888,  717,  709, 1034, 1017,  609,  544,  782, 1158, 1002,  622,  418, 1117,  511,  502,  358, 1057,  800,  447,  684,  829,  659, 1032, 1106,  971,  473,  522, 1207,  535,  628,  957, 1092,  980,  849, 1127, 1070,  617, 1063,  961,  666,  961,  317,  986,  758,  821,  136,  619,  596,  580,  991,  402,  614,  541, 1047,  112,  479,  291, 1140, 1075,  690,  716,  229,  811, 1051,  908,  763,  664,  188,  164,  605,  904,  233,  707, 1358,  462,  732,  750,  984,  533,  649,  751, 1050,  711, 1068,  700,  788,  908,  582,  433, 1294,  770,  937,  597, 1095,  684,  985,  648,  861,  508,  530,  540,   63, 1016, 1143,  985,  716,  128,  428,  682,  805,  566,   89,  969, 1038,  890,  982,  446,  729,  878,  551, 1067, 1125, 1089,  860,  583,   48,  966, 1205,  779,  540,  540,  573,  790,  324, 1056,  865,  525,  593,   49, 1039,  770, 1038,  955,  302,  836,  581,  851,  773,  146,  909,  312,  911, 1230,  465, 1113, 1001,  483],
        [  623,    0,  816,  661,  204,  754,  405,  719,  698,  851,  980,  289,  337,  964,  723,  485,  176,  618,  781,  325,    0,  606,  648,  596, 1081,  735,  904,  504,  503,  559,  729,  104, 1035,  870,  959,  382,  716,  951,  675,  601,  941,  976,  591,  467,  914,  797,  354,  293,  689,  969,  832,  464,  241,  959,  300,  573,  431,  990,  743,  340,  641,  576,  484,  966,  964,  689,  370,  244, 1006,  277,  743,  719,  857,  957,  685,  894,  819,  302,  977,  647,  587,  675,  424,  803,  480,  595,  269,  530,  361,  576,  852,   86,  414,  548,  894,  245,  539,  444, 1022,  865,  377,  710,  405,  904,  809,  584,  456,  340,  203,  295,  719,  589,  103,  802, 1169,  526,  445,  784,  890,  559,  417,  454,  847,  808,  988,  689,  622,  608,  567,  298, 1096,  716,  910,  685,  842,  534,  708,  591,  753,  204,  244,  288,  375,  779,  912,  698,  424,  235,  349,  532,  748,  632,  310, 1043,  779,  623,  746,  142,  467,  582,  387,  837,  949,  939,  568,  261,  281,  677,  986,  802,  595,  650,  676,  564,  157,  952,  672,  336,  552,  367,  878,  544,  787,  987,  254,  512,  280,  594,  489,  303,  787,   46,  737, 1034,  227,  968,  804,  487],
        [  744,    0,  212,  431,  468,  659,  218,  402,   93,  329,  540,  331,  694,  360,  216,  226,  483,  174,  523,  665,  606,    0,   83,   71,  612,  464,  371,  116,  375,  135,  130,  570,  595,  380,  455,  225,  417,  617,  476,  256,  392,  462,  141,  396,  379,  501,  415,  415,  127,  564,  401,  212,  370,  487,  354,  255,  326,  397,  140,  267,   43,  467,  240,  372,  463,  638,  237,  474,  624,  430,  360,  501,  593,  353,  274,  617,  617,  602,  399,  778,   41,  645,  375,  408,  509,  393,  533,   85,  375,  119,  353,  577,  299,  153,  419,  569,  247,  427,  481,  528,  613,  138,  474,  414,  579,  835,  623,  679,  511,  501,  350,  745,  567,  352,  747,  259,  528,  243,  321,  180,  363,  572,  494,  359,  405,  118,  245,  666,  105,  309,  700,  111,  305,  290,  640,  187,  631,   18,  209,  540,  492,  420,  650,  539,  624,  667,  540,  556,  263,  186,  146,  241,  577,  501,  613,  540,  511,  541,  452,  633,  255,  563,  515,  453,  608,  630,  632,  663,  654,  242,  224,  326,  317,  378,  452,  394,  341,  310,   74,  707,  420,  373,  594,  408,  388,  794,  535,  489,  532,  520,  265,  563,  335,  638,  420,  470,  445,  192],
        [  826,    0,  181,  512,  492,  741,  246,  477,   86,  248,  591,  389,  764,  322,  274,  307,  510,  113,  599,  668,  648,   83,    0,  152,  653,  541,  404,  145,  458,  109,  143,  624,  644,  297,  494,  272,  493,  682,  557,  337,  317,  382,  222,  477,  411,  575,  490,  484,  178,  620,  461,  291,  421,  533,  419,  209,  314,  392,  143,  312,   49,  550,  321,  367,  502,  720,  285,  540,  682,  498,  284,  580,  667,  318,  347,  689,  694,  673,  406,  860,  124,  728,  361,  474,  590,  475,  541,  160,  450,   88,  399,  628,  376,  128,  468,  581,  211,  407,  505,  596,  688,   65,  460,  332,  656,  914,  702,  750,  530,  506,  276,  826,  599,  270,  794,  226,  608,  163,  339,  144,  441,  652,  562,  277,  408,   42,  324,  748,   88,  358,  754,  115,  272,  217,  717,  270,  713,   85,  253,  603,  558,  489,  645,  616,  695,  749,  619,  570,  300,  269,  148,  177,  579,  426,  692,  623,  589,  598,  533,  715,  324,  637,  569,  496,  691,  697,  640,  746,  719,  167,  170,  263,  248,  460,  492,  414,  418,  376,   98,  707,  473,  455,  672,  344,  414,  871,  605,  572,  614,  523,  312,  604,  404,  694,  479,  510,  514,  186],
        [  681,    0,  241,  361,  480,  590,  238,  333,  130,  392,  488,  312,  651,  387,  164,  170,  491,  243,  454,  690,  596,   71,  152,    0,  566,  395,  336,  151,  312,  195,  139,  550,  544,  446,  414,  224,  348,  553,  406,  186,  448,  524,   71,  336,  345,  433,  368,  377,   95,  506,  343,  164,  356,  439,  323,  318,  368,  394,  155,  264,  106,  400,  182,  370,  421,  570,  233,  440,  565,  394,  430,  431,  525,  377,  208,  550,  547,  559,  385,  715,   34,  578,  417,  346,  449,  324,  555,   72,  330,  182,  307,  558,  250,  212,  370,  588,  305,  472,  451,  463,  563,  200,  513,  479,  510,  778,  567,  635,  524,  527,  419,  684,  569,  421,  695,  315,  471,  306,  301,  241,  309,  515,  430,  428,  394,  181,  175,  601,  166,  301,  644,  134,  330,  359,  570,  124,  562,   78,  172,  508,  457,  383,  681,  470,  557,  599,  485,  575,  269,  123,  159,  309,  604,  557,  543,  472,  441,  517,  392,  569,  222,  495,  461,  407,  545,  592,  654,  596,  591,  301,  289,  393,  386,  310,  448,  370,  272,  279,  125,  734,  367,  306,  524,  454,  400,  741,  495,  421,  472,  546,  222,  555,  270,  581,  394,  428,  380,  237],
        [  800,    0,  536,  458, 1021,  563,  798,  376,  568,  768,  107,  806,  975,  536,  402,  604, 1025,  765,  380, 1245, 1081,  612,  653,  566,    0,  390,  252,  716,  595,  744,  511, 1002,   69,  832,  160,  767,  387,  247,  470,  482,  750,  844,  528,  637,  247,  341,  744,  796,  486,  147,  250,  631,  858,  128,  783,  860,  933,  374,  516,  800,  614,  570,  602,  384,  152,  608,  772,  856,  167,  813,  908,  438,  355,  521,  401,  333,  434,  905,  317,  822,  595,  632,  982,  281,  690,  510, 1110,  632,  727,  726,  260, 1017,  668,  764,  198, 1138,  856, 1036,  191,  271,  861,  648, 1078,  850,  402,  955,  809,  956, 1067, 1085,  909,  833, 1088,  858,  153,  869,  734,  712,  332,  788,  672,  763,  268,  862,  331,  648,  465,  720,  715,  821,  158,  541,  518,  857,  434,  564,  580,  627,  404,  921,  865,  801, 1242,  398,  317,  632,  761, 1123,  817,  566,  512,  828, 1162,  816,  478,  578,  413,  961,  664,  709,  708,  347,  138,  160,  697,  959, 1205,  650,  251,  681,  822,  911,  892,  535,  961,  270,  412,  750,  683, 1291,  207,  554,  447,  681,  945,  962,  866,  566,  699, 1105,  347, 1050,  345,  144,  855,  143,  293,  800],
        [  428,    0,  540,   76,  725,  231,  560,   67,  486,  758,  285,  493,  587,  636,  296,  317,  721,  637,   61,  958,  735,  464,  541,  395,  390,    0,  353,  519,  233,  584,  448,  645,  329,  818,  338,  506,   49,  217,   81,  215,  787,  877,  326,  269,  361,   62,  382,  443,  379,  252,  191,  351,  542,  300,  453,  705,  716,  532,  464,  524,  493,  181,  308,  521,  337,  247,  504,  495,  276,  459,  823,   58,  139,  620,  199,  171,  154,  522,  480,  455,  428,  267,  760,  143,  302,  142,  828,  429,  377,  574,  284,  661,  344,  598,  267,  846,  686,  817,  432,  133,  473,  575,  841,  848,  116,  576,  419,  567,  770,  813,  813,  455,  764,  807,  442,  693,  346,  676,  414,  629,  320,  374,  124,  814,  498,  561,  221,  343,  557,  527,  365,  469,  588,  753,  176,  309,  225,  472,  342,  554,  500,  448,  970,   76,  186,  277,  374,  830,  552,  311,  464,  703,  885,  886,  160,  191,   51,  602,  284,  326,  411,  111,  256,  304,  311,  577,  913,  288,  252,  659,  680,  786,  780,  172,  643,  422,  124,  434,  512, 1006,  239,  193,  135,  758,  660,  576,  491,  176,  310,  834,  307,  711,  159,  306,  515,  335,  105,  605],
        [  774,    0,  289,  387,  812,  580,  574,  300,  319,  524,  214,  617,  868,  319,  182,  421,  820,  516,  382, 1025,  904,  371,  404,  336,  252,  353,    0,  482,  471,  500,  262,  839,  256,  588,   93,  554,  319,  360,  421,  318,  517,  613,  317,  512,   11,  339,  601,  639,  247,  262,  166,  440,  667,  146,  608,  612,  697,  184,  265,  591,  368,  492,  424,  179,  101,  600,  561,  703,  324,  657,  657,  411,  409,  303,  236,  411,  474,  786,  128,  803,  361,  619,  745,  212,  598,  410,  891,  407,  573,  481,   71,  851,  501,  520,  106,  923,  611,  797,  118,  309,  760,  397,  844,  610,  432,  913,  729,  849,  857,  862,  658,  796,  893,  609,  400,  625,  638,  463,   89,  543,  527,  676,  279,  614,  147,  397,  293,  687,  472,  621,  375,  291,  287,  606,  487,  371,  577,  387,  165,  773,  716,  645, 1016,  405,  406,  629,  662,  909,  602,  372,  261,  578,  939,  597,  501,  532,  398,  800,  556,  665,  517,  385,  203,  108,  646,  833,  989,  639,  389,  433,  574,  661,  641,  423,  767,   70,  294,  569,  445, 1070,  131,  437,  469,  461,  732,  900,  734,  499,  615,  882,  119,  867,  216,  325,  683,  110,  259,  562],
        [  733,    0,  317,  472,  355,  687,  105,  463,  202,  372,  637,  250,  635,  463,  314,  224,  371,  153,  579,  549,  504,  116,  145,  151,  716,  519,  482,    0,  377,   83,  245,  481,  694,  409,  563,  129,  474,  695,  514,  304,  452,  506,  203,  386,  490,  565,  373,  355,  236,  655,  491,  197,  279,  589,  287,  190,  218,  512,  254,  169,  141,  481,  238,  487,  570,  655,  143,  407,  712,  368,  340,  546,  655,  457,  348,  683,  666,  544,  514,  767,  121,  659,  267,  490,  495,  420,  417,   92,  333,   87,  457,  485,  270,   88,  520,  453,  168,  321,  594,  603,  568,  208,  363,  444,  632,  804,  593,  622,  396,  385,  324,  727,  458,  361,  845,  175,  504,  293,  436,  118,  338,  546,  571,  368,  520,  186,  302,  662,   73,  215,  793,  225,  410,  266,  690,  212,  653,   99,  317,  466,  425,  359,  535,  592,  693,  682,  511,  441,  156,  210,  260,  206,  462,  559,  654,  556,  561,  457,  439,  628,  201,  625,  610,  557,  603,  563,  516,  674,  733,  305,  175,  279,  282,  398,  348,  508,  399,  247,   49,  592,  517,  387,  639,  486,  275,  755,  476,  504,  518,  404,  370,  460,  413,  729,  341,  577,  520,   89],
        [  370,    0,  534,  158,  503,  320,  381,  221,  438,  703,  490,  272,  398,  666,  323,  155,  496,  523,  281,  735,  503,  375,  458,  312,  595,  233,  471,  377,    0,  457,  427,  414,  542,  754,  498,  317,  215,  449,  179,  164,  759,  835,  249,   43,  481,  294,  152,  211,  355,  471,  352,  181,  317,  482,  225,  565,  535,  615,  445,  323,  416,  108,  141,  597,  500,  280,  311,  265,  504,  227,  715,  223,  360,  653,  236,  396,  336,  318,  579,  404,  335,  282,  573,  315,  142,   92,  609,  305,  145,  455,  404,  430,  130,  465,  425,  623,  538,  629,  579,  362,  290,  511,  643,  789,  317,  474,  269,  379,  547,  599,  700,  374,  534,  722,  669,  541,  173,  617,  495,  495,   88,  216,  346,  729,  595,  491,  190,  291,  437,  314,  594,  435,  610,  641,  361,  189,  282,  374,  371,  327,  272,  216,  753,  283,  413,  306,  194,  607,  355,  190,  448,  582,  667,  867,  308,  182,  249,  372,   89,  258,  209,  337,  458,  470,  234,  368,  689,  297,  484,  612,  551,  656,  659,   62,  415,  534,  187,  214,  391,  784,  403,   42,  305,  757,  446,  446,  273,  132,  163,  619,  372,  479,  264,  533,  283,  502,  306,  450],
        [  814,    0,  289,  542,  391,  763,  156,  524,  190,  299,  674,  324,  713,  426,  350,  303,  411,   71,  643,  560,  559,  135,  109,  195,  744,  584,  500,   83,  457,    0,  244,  547,  729,  331,  587,  201,  538,  747,  585,  370,  384,  430,  260,  467,  508,  626,  455,  435,  260,  698,  535,  277,  346,  621,  365,  123,  206,  501,  248,  236,  134,  559,  317,  476,  595,  733,  215,  484,  757,  446,  259,  615,  717,  423,  402,  743,  734,  623,  513,  849,  161,  737,  253,  540,  577,  494,  434,  158,  415,   22,  486,  549,  352,   20,  553,  474,  113,  301,  606,  658,  649,  160,  353,  366,  698,  886,  675,  701,  427,  398,  243,  809,  501,  279,  881,  125,  587,  226,  442,   46,  420,  628,  624,  286,  516,  142,  364,  743,   30,  283,  834,  218,  379,  185,  758,  283,  730,  121,  341,  541,  502,  438,  537,  658,  751,  760,  593,  463,  216,  281,  253,  126,  471,  489,  724,  634,  628,  526,  520,  709,  283,  687,  649,  586,  685,  639,  532,  753,  786,  244,   98,  204,  203,  474,  403,  516,  462,  327,   73,  598,  554,  464,  709,  428,  315,  836,  555,  582,  600,  415,  398,  514,  465,  772,  414,  603,  575,   79],
