{
    "name": "random-85-12644",
    "comment": "size=85 seed=12644",
    "nodes": ["+0", "-0", "+1", "-1", "+2", "-2", "+3", "-3", "+4", "-4", "+5", "-5", "+6", "-6", "+7", "-7", "+8", "-8", "+9", "-9", "+10", "-10", "+11", "-11", "+12", "-12", "+13", "-13", "+14", "-14", "+15", "-15", "+16", "-16", "+17", "-17", "+18", "-18", "+19", "-19", "+20", "-20", "+21", "-21", "+22", "-22", "+23", "-23", "+24", "-24", "+25", "-25", "+26", "-26", "+27", "-27", "+28", "-28", "+29", "-29", "+30", "-30", "+31", "-31", "+32", "-32", "+33", "-33", "+34", "-34", "+35", "-35", "+36", "-36", "+37", "-37", "+38", "-38", "+39", "-39", "+40", "-40", "+41", "-41", "+42", "-42", "+43", "-43", "+44", "-44", "+45", "-45", "+46", "-46", "+47", "-47", "+48", "-48", "+49", "-49", "+50", "-50", "+51", "-51", "+52", "-52", "+53", "-53", "+54", "-54", "+55", "-55", "+56", "-56", "+57", "-57", "+58", "-58", "+59", "-59", "+60", "-60", "+61", "-61", "+62", "-62", "+63", "-63", "+64", "-64", "+65", "-65", "+66", "-66", "+67", "-67", "+68", "-68", "+69", "-69", "+70", "-70", "+71", "-71", "+72", "-72", "+73", "-73", "+74", "-74", "+75", "-75", "+76", "-76", "+77", "-77", "+78", "-78", "+79", "-79", "+80", "-80", "+81", "-81", "+82", "-82", "+83", "-83", "+84", "-84", "+85", "-85"],
    "precedence": {
        "+0": "-0",
        "+1": "-1",
        "+2": "-2",
        "+3": "-3",
        "+4": "-4",
        "+5": "-5",
        "+6": "-6",
        "+7": "-7",
        "+8": "-8",
        "+9": "-9",
        "+10": "-10",
        "+11": "-11",
        "+12": "-12",
        "+13": "-13",
        "+14": "-14",
        "+15": "-15",
        "+16": "-16",
        "+17": "-17",
        "+18": "-18",
        "+19": "-19",
        "+20": "-20",
        "+21": "-21",
        "+22": "-22",
        "+23": "-23",
        "+24": "-24",
        "+25": "-25",
        "+26": "-26",
        "+27": "-27",
        "+28": "-28",
        "+29": "-29",
        "+30": "-30",
        "+31": "-31",
        "+32": "-32",
        "+33": "-33",
        "+34": "-34",
        "+35": "-35",
        "+36": "-36",
        "+37": "-37",
        "+38": "-38",
        "+39": "-39",
        "+40": "-40",
        "+41": "-41",
        "+42": "-42",
        "+43": "-43",
        "+44": "-44",
        "+45": "-45",
        "+46": "-46",
        "+47": "-47",
        "+48": "-48",
        "+49": "-49",
        "+50": "-50",
        "+51": "-51",
        "+52": "-52",
        "+53": "-53",
        "+54": "-54",
        "+55": "-55",
        "+56": "-56",
        "+57": "-57",
        "+58": "-58",
        "+59": "-59",
        "+60": "-60",
        "+61": "-61",
        "+62": "-62",
        "+63": "-63",
        "+64": "-64",
        "+65": "-65",
        "+66": "-66",
        "+67": "-67",
        "+68": "-68",
        "+69": "-69",
        "+70": "-70",
        "+71": "-71",
        "+72": "-72",
        "+73": "-73",
        "+74": "-74",
        "+75": "-75",
        "+76": "-76",
        "+77": "-77",
        "+78": "-78",
        "+79": "-79",
        "+80": "-80",
        "+81": "-81",
        "+82": "-82",
        "+83": "-83",
        "+84": "-84",
        "+85": "-85"
    },
    "edges": [
        [    0,    0,  125,  710,  382,  652,  257,  611,  648,  244,  698,  517,  690,  336,  382,  461,  447,  728,  681,  306,  623,  405,  737,  226,  629,  294,  674,  299,  550,  351,  322,  315,  463,  720,  470,  326,  579,  444,  550,  328,  385,  242,  600,  617,  621,   17,  263,  226,  729,  734,  403,  501,  701,  715,  416,  634,  723,  560,  240,  609,  658,  255,  686,  578,  539,  262,  204,  318,  495,  245,   18,  690,  607,  620,  599,  784,  417,  700,  364,  671,  551,  753,  347,  690,  516,  260,  870,  193,  272,  353,  238,   83,  280,  380,  339,  245,  309,  438,  526,  259,  786,  306,  383,  266,  517,  529,  768,  443,  639,  261,  805,  228,  901,  358,  367,  744,  634,  644,  696,  305,  605,  580,  324,  416,  662,  789,  311,  565,   90,  664,  445,  191,  463,  270,  612,  411,  274,  494,  610,  381,  735,  381,  479,  473,  185,  581,  363,  447,  704,  271,  437,  511,  504,  414,  239,  741,  256,  438,  577,  366,  447,  445,   91,  607,  598,  431,  218,  226,  691,  628,  241,  125],
        [    0,    0,    0,    0,    0,    0,    0,    0,    0,    0,    0,    0,    0,    0,    0,    0,    0,    0,    0,    0,    0,    0,    0,    0,    0,    0,    0,    0,    0,    0,    0,    0,    0,    0,    0,    0,    0,    0,    0,    0,    0,    0,    0,    0,    0,    0,    0,    0,    0,    0,    0,    0,    0,    0,    0,    0,    0,    0,    0,    0,    0,    0,    0,    0,    0,    0,    0,    0,    0,    0,    0,    0,    0,    0,    0,    0,    0,    0,    0,    0,    0,    0,    0,    0,    0,    0,    0,    0,    0,    0,    0,    0,    0,    0,    0,    0,    0,    0,    0,    0,    0,    0,    0,    0,    0,    0,    0,    0,    0,    0,    0,    0,    0,    0,    0,    0,    0,    0,    0,    0,    0,    0,    0,    0,    0,    0,    0,    0,    0,    0,    0,    0,    0,    0,    0,    0,    0,    0,    0,    0,    0,    0,    0,    0,    0,    0,    0,    0,    0,    0,    0,    0,    0,    0,    0,    0,    0,    0,    0,    0,    0,    0,    0,    0,    0,    0,    0,    0,    0,    0,    0,    0],
        [  125,    0,    0,  712,  407,  686,  265,  723,  733,  264,  809,  629,  744,  423,  277,  581,  540,  790,  646,  242,  591,  517,  732,  163,  663,  413,  741,  411,  589,  443,  444,  219,  584,  788,  586,  327,  701,  365,  629,  353,  287,  128,  571,  730,  731,  110,  369,  143,  838,  809,  300,  625,  665,  816,  538,  684,  718,  684,  337,  647,  777,  169,  684,  702,  588,  202,  271,  210,  611,  126,  137,  794,  568,  653,  721,  866,  536,  673,  254,  721,  571,  833,  472,  680,  641,  370,  964,  278,  286,  477,  139,  200,  345,  476,  421,  319,  241,  558,  482,  365,  885,  428,  294,  155,  522,  598,  735,  561,  619,  368,  896,  352,  998,  244,  492,  852,  705,  741,  697,  269,  628,  550,  253,  348,  635,  868,  259,  690,   71,  769,  564,  313,  521,  339,  631,  298,  150,  448,  732,  504,  825,  498,  603,  597,  245,  706,  471,  512,  699,  381,  561,  625,  596,  367,  135,  831,  132,  538,  614,  471,  540,  568,  213,  705,  644,  518,  126,  337,  715,  752,  227,  207],
        [  710,    0,  712,    0,  333,  185,  455, 1155,  503,  951,  747,  679,  308, 1009,  925,  749, 1094,  372,  211,  948,  208,  647,   48,  873,  189,  692,  384,  637,  237,  522,  728,  583,  771,  413, 1021,  388,  852,  480,  447,  385,  573,  663,  206,  738,  698,  714,  907,  594,  749,  462,  596,  928,  215,  657,  771,  274,   46,  951,  572,  211,  829,  583,   34,  970,  286,  527,  529,  870, 1039,  781,  697,  676,  248,  186, 1057,  538,  723,  165,  633,  277,  178,  507,  806,   72,  922,  894,  692,  564,  439,  785,  830,  673,  473,  543,  485,  942,  946,  959,  305,  908,  691,  721,  974,  824,  193,  386,  215,  983,  142,  606,  623,  744,  732,  877,  851,  744,  405,  592,   16,  451,  146,  221,  956,  449,  172,  525,  969,  924,  758, 1241,  968,  701,  354,  968,  128,  918,  728,  332,  862,  761,  582,  948,  842,  884,  892,  910,  609,  383,   42,  901,  819, 1068,  521,  386,  634,  582,  754, 1064,  218,  591, 1094,  938,  690,  587,  252,  489,  828,  628,  127,  925,  486,  829],
        [  382,    0,  407,  333,    0,  279,  144,  848,  411,  626,  589,  454,  350,  677,  658,  486,  765,  406,  366,  649,  309,  380,  367,  568,  256,  385,  368,  334,  185,  241,  425,  356,  505,  417,  708,   98,  609,  342,  306,   56,  385,  398,  285,  543,  518,  389,  576,  323,  606,  450,  414,  641,  385,  542,  489,  287,  354,  676,  252,  241,  624,  326,  314,  696,  196,  267,  197,  596,  728,  502,  368,  540,  314,  246,  769,  521,  449,  365,  426,  323,  169,  485,  500,  327,  640,  564,  652,  233,  122,  483,  539,  340,  148,  276,  195,  610,  647,  650,  270,  576,  602,  414,  693,  543,  146,  249,  441,  670,  296,  293,  578,  420,  692,  615,  543,  611,  346,  461,  321,  200,  225,  271,  660,  294,  332,  518,  664,  658,  441,  928,  659,  374,  160,  636,  231,  663,  467,  260,  627,  470,  512,  628,  566,  598,  562,  653,  331,  172,  335,  571,  535,  755,  328,  229,  370,  516,  484,  738,  208,  315,  765,  634,  357,  437,  243,  256,  531,  307,  311,  680,  191,  498],
        [  652,    0,  686,  185,  279,    0,  422, 1016,  319,  895,  565,  511,  130,  914,  933,  592,  985,  197,  369,  927,  343,  496,  231,  847,   24,  565,  201,  509,  103,  389,  596,  612,  616,  234,  889,  368,  685,  549,  272,  333,  623,  670,  329,  561,  520,  660,  806,  595,  566,  282,  650,  779,  379,  473,  623,   90,  229,  794,  466,   46,  652,  593,  198,  812,  132,  534,  452,  872,  904,  779,  637,  493,  376,   34,  906,  360,  572,  333,  675,   96,  129,  327,  673,  241,  769,  792,  513,  477,  401,  649,  818,  597,  381,  400,  362,  862,  926,  825,  399,  809,  507,  591,  971,  821,  206,  218,  394,  851,  283,  489,  443,  632,  554,  888,  718,  560,  221,  409,  186,  459,   80,  334,  938,  508,  324,  348,  942,  764,  717, 1107,  834,  596,  215,  888,   94,  935,  739,  414,  692,  618,  399,  824,  688,  735,  824,  747,  467,  243,  220,  797,  671,  935,  352,  436,  641,  399,  758,  949,   76,  449,  985,  799,  610,  407,   78,  337,  810,  518,   67,  758,  467,  759],
        [  257,    0,  265,  455,  144,  422,    0,  795,  519,  497,  658,  498,  489,  578,  517,  498,  678,  542,  432,  507,  373,  401,  481,  427,  399,  358,  499,  321,  327,  275,  400,  238,  511,  547,  651,   69,  626,  278,  412,   92,  284,  260,  349,  596,  581,  261,  486,  186,  680,  576,  312,  619,  452,  633,  482,  427,  467,  665,  222,  384,  667,  194,  430,  685,  333,  141,  129,  453,  674,  360,  247,  621,  362,  389,  741,  641,  455,  446,  310,  464,  307,  606,  464,  433,  624,  477,  760,  171,   22,  454,  396,  238,  148,  315,  234,  498,  505,  601,  289,  485,  698,  385,  550,  401,  262,  365,  517,  617,  383,  270,  688,  360,  798,  474,  502,  689,  470,  552,  441,  103,  363,  330,  517,  233,  409,  640,  523,  654,  304,  866,  610,  308,  279,  523,  367,  524,  329,  263,  651,  455,  619,  566,  559,  579,  442,  657,  347,  279,  448,  486,  523,  698,  407,  195,  233,  624,  343,  657,  351,  337,  678,  593,  257,  521,  385,  325,  388,  265,  450,  693,   54,  380],
        [  611,    0,  723, 1155,  848, 1016,  795,    0,  800,  563,  639,  545,  972,  340,  889,  439,  239,  967, 1210,  745, 1152,  522, 1197,  712,  998,  465,  909,  519,  927,  634,  428,  924,  415,  931,  145,  852,  406, 1043,  770,  811,  994,  848, 1127,  565,  608,  621,  355,  835,  670,  911, 1013,  249, 1230,  738,  396,  949, 1186,  265,  597,  973,  514,  864, 1145,  258,  885,  860,  672,  844,  122,  814,  607,  695, 1150,  995,  154,  908,  448, 1212,  973,  976,  978,  897,  350, 1167,  268,  354,  888,  629,  797,  371,  774,  575,  700,  617,  671,  441,  755,  199, 1083,  360,  787,  436,  844,  812,  990,  805, 1288,  180, 1143,  556,  866,  436,  896,  891,  306,  692,  861,  724, 1147,  881, 1015, 1111,  767, 1008, 1179,  923,  722,  305,  658,   98,  189,  488,  807,  435, 1030,  934,  867, 1058,  426,  398,  820,  233,  343,  289,  510,  339,  550,  777, 1168,  343,  350,  100,  683,  987,  849,  827,  839,  208,  952,  568,  239,  219,  554,  696,  940,  680,  750,  543, 1078,  369,  810,  521],
        [  648,    0,  733,  503,  411,  319,  519,  800,    0,  861,  249,  255,  212,  801, 1008,  363,  837,  178,  670,  954,  631,  308,  550,  873,  315,  426,  131,  384,  297,  298,  437,  755,  387,  136,  698,  503,  415,  752,  108,  438,  792,  772,  612,  265,  219,  662,  695,  701,  248,  112,  821,  551,  683,  155,  417,  229,  547,  547,  410,  296,  353,  713,  513,  560,  249,  659,  462,  942,  706,  852,  631,  175,  656,  321,  665,  137,  366,  641,  826,  234,  382,  110,  501,  554,  534,  678,  243,  459,  499,  473,  870,  570,  392,  274,  313,  786,  956,  632,  649,  699,  199,  442, 1024,  887,  452,  163,  708,  662,  581,  399,  169,  518,  282,  972,  539,  242,   99,   95,  503,  604,  373,  609,  971,  704,  625,  145,  959,  509,  734,  896,  640,  508,  251,  809,  392, 1025,  838,  650,  411,  429,  102,  657,  457,  512,  776,  484,  316,  243,  536,  679,  456,  738,  150,  636,  747,  106,  844,  792,  302,  303,  837,  598,  572,  108,  257,  218,  855,  437,  382,  480,  572,  716],
        [  244,    0,  264,  951,  626,  895,  497,  563,  861,    0,  862,  685,  926,  224,  329,  600,  337,  959,  905,  183,  850,  580,  977,  163,  872,  453,  903,  483,  793,  568,  463,  477,  592,  947,  452,  564,  690,  627,  771,  571,  542,  377,  828,  774,  790,  238,  243,  407,  895,  956,  549,  559,  925,  902,  540,  873,  963,  621,  458,  852,  792,  432,  926,  635,  779,  465,  444,  292,  475,  291,  259,  871,  829,  863,  613,  998,  563,  929,  496,  909,  794,  969,  445,  928,  582,  255, 1064,  425,  513,  464,  236,  303,  518,  588,  566,  127,  193,  454,  743,  235,  972,  451,  282,  274,  758,  759,  994,  443,  872,  462, 1007,  360, 1092,  338,  440,  913,  861,  840,  937,  526,  849,  807,  205,  612,  892, 1005,  161,  642,  201,  580,  457,  356,  700,  129,  856,  375,  361,  710,  723,  508,  938,  382,  578,  548,   89,  668,  552,  682,  944,  263,  541,  476,  712,  629,  393,  945,  325,  356,  820,  561,  337,  480,  295,  802,  839,  649,  215,  424,  934,  718,  472,  145],
        [  698,    0,  809,  747,  589,  565,  658,  639,  249,  862,    0,  182,  460,  740, 1080,  266,  741,  420,  899,  993,  854,  294,  794,  918,  558,  414,  379,  400,  526,  386,  400,  890,  280,  374,  572,  665,  234,  923,  307,  597,  941,  881,  833,   90,   79,  714,  648,  819,   35,  334,  969,  404,  913,  115,  329,  475,  790,  375,  476,  537,  130,  838,  754,  382,  474,  793,  560, 1014,  572,  934,  682,   78,  874,  562,  489,  299,  299,  875,  962,  482,  609,  302,  429,  793,  380,  631,  250,  538,  642,  405,  936,  616,  511,  347,  425,  760,  998,  514,  852,  654,  149,  412, 1078,  961,  668,  373,  945,  543,  811,  442,  235,  503,  260, 1052,  452,   56,  346,  156,  746,  756,  610,  827, 1013,  875,  855,  316,  990,  334,  788,  736,  519,  517,  444,  777,  630, 1106,  939,  846,  214,  358,  210,  562,  325,  379,  774,  300,  338,  423,  778,  628,  347,  602,  262,  815,  861,  215,  935,  691,  537,  340,  741,  475,  609,  162,  496,  337,  916,  474,  629,  277,  706,  726],
        [  517,    0,  629,  679,  454,  511,  498,  545,  255,  685,  182,    0,  440,  579,  899,  112,  598,  425,  797,  812,  747,  113,  725,  737,  498,  234,  370,  219,  443,  224,  224,  724,  134,  388,  447,  516,  175,  771,  242,  451,  779,  706,  723,  102,  106,  533,  481,  648,  213,  367,  806,  296,  814,  225,  171,  430,  718,  295,  300,  473,  172,  668,  678,  310,  393,  628,  390,  834,  453,  754,  501,  189,  760,  498,  412,  370,  129,  782,  794,  450,  517,  355,  267,  711,  279,  464,  390,  363,  484,  240,  755,  435,  351,  185,  269,  588,  817,  383,  724,  486,  292,  235,  897,  781,  560,  294,  856,  412,  714,  263,  346,  325,  413,  872,  299,  230,  323,  186,  674,  599,  534,  714,  832,  724,  757,  383,  810,  260,  607,  642,  390,  337,  335,  607,  553,  926,  763,  713,  184,  193,  288,  416,  202,  258,  596,  239,  161,  308,  703,  462,  205,  485,  159,  671,  688,  295,  757,  550,  461,  165,  598,  347,  428,  153,  434,  203,  735,  293,  576,  248,  543,  546],
        [  690,    0,  744,  308,  350,  130,  489,  972,  212,  926,  460,  440,    0,  914, 1005,  536,  971,   69,  499,  982,  471,  453,  353,  900,  137,  546,   82,  492,  172,  377,  569,  703,  560,  106,  856,  447,  611,  658,  203,  398,  723,  748,  456,  471,  427,  700,  805,  672,  457,  155,  751,  727,  508,  360,  578,   64,  353,  733,  475,  131,  561,  675,  325,  749,  157,  616,  487,  942,  868,  848,  673,  385,  503,  147,  849,  231,  525,  461,  770,   35,  239,  200,  644,  368,  713,  790,  385,  502,  468,  617,  880,  624,  410,  375,  365,  877,  982,  790,  519,  809,  386,  568, 1036,  888,  319,  177,  521,  818,  411,  486,  316,  625,  425,  963,  687,  448,  119,  306,  312,  546,  204,  460,  995,  614,  454,  219,  993,  699,  765, 1067,  798,  598,  227,  902,  221, 1013,  817,  531,  612,  580,  277,  800,  633,  685,  849,  678,  437,  245,  346,  793,  623,  900,  290,  542,  719,  277,  832,  931,  157,  420,  971,  760,  633,  313,  110,  306,  869,  520,  182,  681,  540,  784],
        [  336,    0,  423, 1009,  677,  914,  578,  340,  801,  224,  740,  579,  914,    0,  552,  476,  119,  932, 1009,  406,  950,  495, 1043,  378,  892,  376,  873,  425,  812,  538,  365,  639,  461,  910,  240,  645,  534,  777,  730,  628,  709,  549,  926,  651,  678,  341,  109,  555,  774,  907,  722,  378, 1029,  804,  412,  871, 1030,  436,  448,  869,  646,  584,  990,  446,  785,  597,  481,  510,  261,  492,  341,  766,  937,  885,  405,  933,  451, 1023,  675,  905,  837,  910,  313, 1001,  403,  125,  969,  446,  588,  340,  445,  342,  540,  543,  554,  108,  416,  260,  859,  106,  869,  360,  505,  484,  822,  738, 1095,  240,  959,  429,  922,  289,  990,  557,  288,  795,  826,  757,  997,  640,  886,  907,  428,  751,  986,  943,  383,  465,  353,  360,  260,  319,  701,   97,  897,  597,  553,  828,  566,  387,  860,  191,  423,  380,  184,  496,  488,  677, 1011,  123,  395,  257,  655,  749,  557,  867,  521,  133,  840,  503,  119,  293,  323,  720,  846,  611,  422,  397,  965,  545,  573,  218],
        [  382,    0,  277,  925,  658,  933,  517,  889, 1008,  329, 1080,  899, 1005,  552,    0,  841,  665, 1056,  809,  151,  765,  787,  936,  182,  911,  674, 1009,  680,  842,  719,  700,  345,  840, 1058,  770,  566,  953,  480,  904,  608,  376,  265,  750,  998, 1002,  366,  549,  339, 1110, 1081,  365,  851,  826, 1091,  792,  943,  921,  913,  612,  898, 1039,  344,  894,  929,  849,  403,  546,   67,  794,  158,  399, 1068,  732,  900,  925, 1140,  797,  848,  312,  980,  810, 1106,  711,  880,  871,  557, 1240,  554,  539,  723,  145,  465,  618,  751,  696,  449,  140,  761,  647,  543, 1161,  684,   75,  122,  748,  869,  895,  755,  809,  640, 1172,  599, 1274,   50,  721, 1125,  976, 1017,  910,  479,  867,  729,  132,  492,  813, 1142,  180,  926,  293,  909,  766,  570,  789,  456,  866,   48,  198,  613,  985,  757, 1101,  692,  847,  831,  383,  947,  743,  782,  904,  567,  807,  799,  872,  543,  294, 1107,  175,  684,  865,  745,  665,  781,  473,  981,  901,  794,  166,  607,  952,  996,  468,  393],
        [  461,    0,  581,  749,  486,  592,  498,  439,  363,  600,  266,  112,  536,  476,  841,    0,  488,  528,  845,  741,  791,  107,  794,  670,  576,  168,  470,  182,  513,  246,  142,  706,   25,  493,  336,  529,  130,  775,  333,  470,  767,  673,  767,  177,  203,  477,  382,  624,  301,  475,  793,  192,  863,  332,   64,  517,  785,  203,  280,  551,  199,  647,  744,  221,  466,  615,  376,  777,  343,  705,  446,  293,  799,  575,  315,  481,   46,  835,  774,  542,  578,  465,  164,  773,  179,  365,  496,  340,  488,  139,  697,  382,  358,  213,  291,  494,  747,  271,  752,  388,  395,  157,  831,  727,  610,  376,  912,  301,  766,  233,  455,  246,  515,  818,  191,  321,  423,  297,  742,  599,  604,  755,  762,  730,  807,  494,  735,  176,  548,  535,  279,  271,  396,  512,  622,  872,  723,  737,  156,   93,  399,  306,   98,  151,  512,  168,  157,  367,  769,  362,   94,  375,  247,  684,  659,  406,  712,  440,  535,  172,  488,  236,  370,  264,  515,  260,  676,  253,  656,  197,  536,  468],
        [  447,    0,  540, 1094,  765,  985,  678,  239,  837,  337,  741,  598,  971,  119,  665,  488,    0,  982, 1109,  518, 1050,  531, 1131,  495,  964,  426,  923,  481,  886,  599,  405,  755,  469,  955,  182,  743,  518,  890,  778,  719,  825,  667, 1026,  655,  688,  454,  193,  669,  775,  947,  839,  348, 1129,  818,  427,  934, 1118,  398,  524,  940,  633,  698, 1077,  403,  854,  709,  571,  627,  194,  611,  450,  778, 1039,  958,  337,  964,  474, 1120,  793,  966,  919,  945,  337, 1092,  374,  203,  981,  533,  686,  365,  563,  441,  622,  597,  623,  227,  528,  229,  963,  194,  879,  404,  615,  602,  911,  795, 1193,  201, 1054,  496,  942,  354,  998,  673,  300,  796,  874,  782, 1083,  747,  965, 1007,  539,  862, 1084,  976,  493,  433,  471,  244,  225,  395,  770,  214,  977,  712,  672,  934,  547,  410,  884,  182,  416,  364,  303,  467,  536,  744, 1099,  195,  397,  178,  697,  856,  673,  892,  640,   51,  913,  552,    0,  267,  421,  747,  914,  666,  540,  469, 1040,  513,  678,  334],
        [  728,    0,  790,  372,  406,  197,  542,  967,  178,  959,  420,  425,   69,  932, 1056,  528,  982,    0,  566, 1025,  539,  455,  416,  943,  205,  559,   60,  508,  234,  398,  578,  761,  552,   47,  857,  504,  591,  722,  205,  451,  784,  801,  524,  442,  396,  739,  824,  726,  412,   94,  812,  719,  575,  313,  575,  128,  417,  719,  503,  199,  529,  731,  390,  734,  211,  672,  526,  991,  867,  898,  711,  343,  571,  215,  837,  167,  523,  528,  829,  103,  306,  138,  649,  434,  703,  808,  321,  537,  520,  622,  927,  658,  450,  390,  394,  902, 1026,  791,  587,  828,  331,  579, 1083,  937,  386,  201,  585,  819,  479,  508,  254,  644,  361, 1014,  691,  402,  109,  271,  376,  605,  272,  528, 1039,  678,  521,  154, 1035,  683,  806, 1062,  799,  621,  269,  927,  289, 1065,  870,  597,  588,  582,  224,  807,  625,  678,  879,  659,  448,  281,  410,  810,  619,  899,  288,  606,  774,  222,  883,  940,  222,  432,  982,  759,  665,  285,  174,  322,  915,  544,  246,  657,  593,  816],
        [  681,    0,  646,  211,  366,  369,  432, 1210,  670,  905,  899,  797,  499, 1009,  809,  845, 1109,  566,    0,  863,   59,  739,  185,  797,  364,  750,  566,  700,  375,  601,  791,  468,  865,  602, 1069,  367,  963,  332,  592,  400,  436,  564,   84,  873,  839,  681,  916,  508,  907,  650,  452, 1006,   20,  823,  853,  451,  175, 1040,  614,  378,  961,  489,  183, 1060,  426,  444,  543,  764, 1090,  684,  673,  835,   79,  356, 1134,  728,  811,   51,  500,  465,  291,  695,  865,  141, 1005,  907,  881,  585,  424,  848,  741,  669,  512,  632,  557,  925,  858, 1013,  166,  916,  867,  779,  869,  726,  238,  526,   90, 1032,   90,  658,  809,  778,  922,  760,  907,  906,  576,  750,  201,  380,  300,  102,  866,  319,   46,  717,  888, 1020,  705, 1288, 1022,  728,  464,  950,  281,  793,  619,  201,  978,  835,  760,  987,  929,  963,  863, 1012,  692,  490,  171,  916,  900, 1116,  649,  280,  538,  761,  652, 1086,  369,  676, 1109,  998,  688,  737,  416,  595,  744,  668,  327, 1036,  440,  805],
        [  306,    0,  242,  948,  649,  927,  507,  745,  954,  183,  993,  812,  982,  406,  151,  741,  518, 1025,  863,    0,  812,  702,  967,   83,  904,  581,  974,  597,  830,  657,  600,  400,  738, 1020,  632,  567,  844,  550,  854,  595,  451,  300,  794,  908,  918,  292,  416,  359, 1025, 1038,  448,  728,  881, 1018,  687,  923,  952,  790,  545,  888,  938,  375,  920,  805,  827,  425,  500,  132,  656,  182,  324,  991,  784,  894,  791, 1089,  700,  895,  393,  960,  812, 1057,  598,  912,  749,  426, 1174,  496,  527,  614,  123,  387,  576,  685,  643,  308,   11,  629,  697,  409, 1089,  586,  100,  144,  761,  830,  952,  621,  848,  564, 1111,  496, 1206,  171,  601, 1042,  936,  949,  934,  499,  869,  773,   23,  548,  859, 1093,   33,  807,  221,  761,  633,  476,  757,  311,  872,  198,  254,  662,  877,  652, 1041,  558,  735,  712,  249,  831,  665,  745,  933,  436,  695,  658,  810,  585,  325, 1047,  217,  538,  855,  669,  518,  652,  389,  912,  884,  737,  122,  528,  956,  880,  466,  275],
        [  623,    0,  591,  208,  309,  343,  373, 1152,  631,  850,  854,  747,  471,  950,  765,  791, 1050,  539,   59,  812,    0,  685,  194,  744,  334,  693,  533,  643,  335,  547,  733,  421,  811,  572, 1010,  308,  910,  293,  548,  341,  394,  514,   26,  825,  793,  623,  857,  456,  864,  619,  413,  950,   79,  783,  797,  419,  181,  985,  556,  345,  912,  438,  175, 1004,  384,  391,  484,  717, 1031,  635,  615,  792,   41,  325, 1078,  697,  756,   84,  458,  436,  250,  663,  807,  140,  949,  848,  849,  526,  365,  791,  690,  610,  454,  579,  502,  867,  808,  955,  119,  857,  829,  722,  822,  677,  188,  482,  146,  974,   66,  600,  776,  720,  890,  716,  849,  864,  539,  707,  194,  325,  268,   44,  816,  274,   49,  687,  837,  965,  649, 1229,  964,  670,  415,  892,  251,  750,  572,  153,  926,  779,  724,  928,  874,  907,  806,  958,  637,  440,  171,  857,  844, 1058,  601,  228,  488,  725,  603, 1028,  331,  621, 1050,  940,  630,  693,  380,  544,  693,  610,  308,  983,  382,  747],
        [  405,    0,  517,  647,  380,  496,  401,  522,  308,  580,  294,  113,  453,  495,  787,  107,  531,  455,  739,  702,  685,    0,  691,  626,  479,  128,  396,  107,  412,  140,  131,  619,  127,  426,  403,  428,  230,  678,  252,  366,  677,  597,  661,  214,  217,  421,  391,  541,  325,  417,  704,  283,  757,  323,  128,  427,  682,  306,  192,  454,  270,  562,  641,  324,  367,  525,  285,  721,  415,  642,  389,  292,  693,  477,  411,  438,   77,  730,  689,  454,  474,  416,  195,  669,  276,  374,  486,  254,  390,  168,  643,  322,  257,  108,  186,  490,  706,  337,  648,  396,  392,  137,  785,  668,  504,  284,  806,  365,  660,  151,  432,  222,  512,  759,  236,  341,  347,  265,  640,  503,  503,  649,  721,  632,  701,  449,  700,  281,  495,  615,  346,  227,  294,  511,  520,  814,  652,  633,  252,  128,  367,  353,  195,  240,  492,  274,   55,  264,  665,  374,  175,  447,  168,  583,  579,  374,  645,  487,  435,   67,  531,  307,  316,  228,  419,  160,  623,  181,  559,  301,  442,  439],
        [  737,    0,  732,   48,  367,  231,  481, 1197,  550,  977,  794,  725,  353, 1043,  936,  794, 1131,  416,  185,  967,  194,  691,    0,  893,  236,  733,  430,  678,  283,  564,  770,  592,  816,  458, 1062,  413,  898,  479,  494,  417,  576,  676,  198,  785,  745,  741,  942,  610,  796,  507,  598,  972,  185,  704,  815,  321,   16,  996,  610,  258,  876,  597,   54, 1014,  333,  543,  563,  883, 1080,  796,  726,  723,  234,  233, 1101,  582,  767,  136,  638,  323,  219,  552,  848,   58,  966,  930,  736,  599,  466,  826,  847,  705,  510,  586,  526,  973,  963, 1000,  303,  942,  737,  762,  988,  839,  223,  433,  174, 1023,  133,  646,  668,  782,  776,  888,  892,  791,  452,  639,   52,  468,  191,  216,  973,  453,  151,  569,  988,  969,  782, 1282, 1009,  737,  398,  999,  173,  926,  739,  333,  908,  804,  628,  987,  886,  928,  921,  956,  653,  428,   34,  937,  863, 1109,  567,  394,  648,  628,  768, 1101,  264,  634, 1131,  979,  722,  635,  299,  534,  845,  666,  171,  972,  508,  858],
        [  226,    0,  163,  873,  568,  847,  427,  712,  873,  163,  918,  737,  900,  378,  182,  670,  495,  943,  797,   83,  744,  626,  893,    0,  824,  507,  892,  520,  749,  576,  529,  342,  668,  938,  589,  489,  778,  493,  772,  514,  399,  239,  725,  834,  842,  211,  368,  289,  950,  956,  402,  671,  815,  940,  618,  841,  878,  733,  465,  807,  868,  309,  845,  748,  745,  354,  418,  133,  614,  134,  243,  914,  718,  814,  744, 1008,  628,  827,  347,  878,  733,  976,  534,  839,  691,  375, 1095,  415,  447,  547,   74,  308,  494,  605,  562,  272,   84,  579,  631,  361, 1010,  514,  161,  111,  684,  748,  886,  574,  777,  485, 1031,  426, 1127,  180,  541,  966,  854,  870,  858,  426,  790,  704,   98,  487,  790, 1012,   97,  747,  139,  738,  584,  402,  675,  282,  793,  224,  207,  597,  810,  583,  960,  510,  670,  652,  203,  769,  587,  663,  859,  386,  630,  620,  730,  518,  262,  967,  170,  509,  774,  591,  495,  599,  311,  832,  802,  655,   58,  450,  877,  818,  389,  213],
        [  629,    0,  663,  189,  256,   24,  399,  998,  315,  872,  558,  498,  137,  892,  911,  576,  964,  205,  364,  904,  334,  479,  236,  824,    0,  545,  203,  489,   80,  369,  576,  592,  600,  239,  870,  346,  672,  532,  261,  310,  604,  648,  319,  551,  511,  637,  785,  573,  561,  287,  631,  762,  374,  470,  606,   89,  233,  779,  444,   26,  642,  572,  198,  797,  113,  512,  429,  850,  886,  756,  614,  488,  366,   12,  889,  365,  555,  330,  655,  103,  110,  331,  654,  240,  753,  771,  517,  454,  378,  630,  795,  574,  358,  382,  341,  840,  903,  806,  385,  787,  507,  571,  948,  798,  189,  204,  394,  832,  276,  468,  446,  611,  558,  866,  699,  556,  218,  403,  188,  438,   67,  323,  915,  490,  319,  354,  919,  749,  694, 1088,  815,  574,  195,  865,   84,  913,  717,  398,  679,  601,  399,  804,  672,  718,  801,  733,  449,  223,  221,  776,  654,  916,  339,  418,  619,  400,  736,  929,   53,  430,  964,  781,  587,  399,   64,  320,  787,  497,   81,  745,  445,  736],
        [  294,    0,  413,  692,  385,  565,  358,  465,  426,  453,  414,  234,  546,  376,  674,  168,  426,  559,  750,  581,  693,  128,  733,  507,  545,    0,  499,   56,  469,  176,   42,  548,  172,  535,  329,  403,  291,  631,  355,  354,  612,  508,  668,  328,  339,  310,  269,  463,  446,  532,  637,  262,  769,  450,  131,  509,  722,  307,  140,  520,  365,  487,  680,  327,  433,  461,  230,  610,  347,  537,  279,  418,  694,  540,  387,  561,  124,  749,  613,  541,  515,  536,  116,  702,  267,  252,  613,  189,  354,   99,  530,  214,  239,  171,  208,  364,  586,  268,  635,  274,  519,   30,  667,  559,  525,  369,  826,  291,  680,   93,  559,   95,  640,  651,  160,  463,  451,  392,  683,  456,  554,  653,  601,  588,  717,  570,  577,  299,  381,  550,  277,  105,  350,  385,  569,  705,  556,  614,  320,  100,  493,  260,  205,  222,  365,  307,  113,  322,  704,  254,  166,  376,  279,  552,  495,  500,  545,  387,  495,  128,  426,  249,  203,  354,  491,  240,  509,   95,  623,  348,  388,  313],
        [  674,    0,  741,  384,  368,  201,  499,  909,  131,  903,  379,  370,   82,  873, 1009,  470,  923,   60,  566,  974,  533,  396,  430,  892,  203,  499,    0,  449,  210,  340,  519,  724,  495,   49,  798,  466,  538,  695,  145,  409,  751,  758,  517,  393,  348,  686,  765,  684,  375,   88,  780,  661,  577,  278,  517,  115,  429,  664,  447,  189,  482,  690,  398,  679,  176,  632,  474,  944,  808,  852,  657,  303,  563,  210,  781,  166,  464,  532,  793,  108,  290,  130,  590,  441,  646,  749,  316,  483,  477,  563,  879,  603,  398,  331,  338,  844,  975,  731,  570,  769,  307,  519, 1034,  890,  368,  145,  594,  760,  478,  450,  244,  585,  357,  969,  632,  367,   49,  225,  386,  568,  267,  518,  989,  649,  521,  158,  983,  628,  754, 1004,  740,  563,  221,  868,  285, 1020,  827,  577,  537,  523,  199,  747,  567,  621,  823,  605,  388,  230,  420,  751,  560,  840,  229,  578,  731,  199,  838,  881,  205,  372,  923,  700,  609,  235,  155,  263,  866,  486,  260,  605,  551,  760],
        [  299,    0,  411,  637,  334,  509,  321,  519,  384,  483,  400,  219,  492,  425,  680,  182,  481,  508,  700,  597,  643,  107,  678,  520,  489,   56,  449,    0,  413,  121,   92,  525,  193,  486,  385,  360,  310,  597,  306,  306,  586,  495,  618,  319,  323,  315,  316,  443,  431,  486,  612,  308,  719,  423,  162,  454,  667,  348,  100,  464,  369,  466,  626,  368,  377,  434,  196,  615,  402,  536,  282,  395,  645,  484,  435,  520,  137,  697,  593,  486,  460,  493,  170,  648,  309,  301,  583,  159,  314,  150,  536,  216,  191,  119,  152,  403,  602,  323,  590,  321,  493,   84,  680,  562,  472,  316,  774,  346,  628,   52,  525,  137,  612,  653,  214,  446,  402,  358,  628,  421,  498,  603,  616,  553,  666,  528,  596,  334,  389,  605,  332,  127,  294,  426,  513,  707,  548,  570,  337,  138,  456,  316,  240,  266,  396,  337,   70,  266,  649,  303,  205,  432,  235,  512,  479,  463,  540,  442,  439,   81,  481,  302,  210,  320,  436,  188,  516,   75,  567,  374,  356,  339],
        [  550,    0,  589,  237,  185,  103,  327,  927,  297,  793,  526,  443,  172,  812,  842,  513,  886,  234,  375,  830,  335,  412,  283,  749,   80,  469,  210,  413,    0,  294,  502,  533,  536,  256,  797,  279,  616,  489,  219,  236,  552,  581,  315,  507,  470,  559,  706,  506,  533,  298,  580,  695,  389,  449,  538,  108,  276,  715,  365,   60,  597,  507,  236,  734,   52,  448,  350,  780,  813,  686,  535,  460,  360,   73,  823,  375,  488,  350,  599,  141,   86,  339,  580,  271,  687,  692,  521,  374,  306,  557,  723,  495,  278,  311,  264,  760,  829,  733,  360,  708,  495,  496,  877,  727,  159,  155,  421,  758,  287,  390,  447,  533,  562,  799,  625,  531,  207,  375,  232,  376,   92,  314,  841,  444,  331,  367,  844,  688,  617, 1016,  742,  495,  121,  786,  111,  847,  651,  367,  626,  530,  391,  728,  607,  651,  722,  674,  378,  150,  261,  697,  586,  843,  286,  372,  553,  393,  668,  851,   28,  359,  886,  709,  507,  364,   62,  253,  714,  418,  154,  689,  375,  657],
        [  351,    0,  443,  522,  241,  389,  275,  634,  298,  568,  386,  224,  377,  538,  719,  246,  599,  398,  601,  657,  547,  140,  564,  576,  369,  176,  340,  121,  294,    0,  209,  505,  265,  381,  503,  293,  369,  547,  203,  229,  557,  500,  522,  322,  308,  366,  429,  435,  410,  389,  585,  410,  620,  375,  254,  335,  554,  440,  113,  344,  395,  453,  512,  459,  257,  408,  178,  652,  519,  565,  334,  357,  554,  364,  539,  434,  210,  594,  577,  368,  346,  404,  287,  538,  406,  414,  522,  165,  260,  264,  578,  273,  127,   40,   47,  504,  660,  439,  509,  433,  444,  203,  730,  597,  367,  201,  670,  464,  524,  111,  456,  250,  556,  685,  331,  421,  295,  299,  513,  375,  381,  510,  674,  501,  564,  439,  662,  419,  438,  722,  449,  224,  175,  529,  397,  739,  561,  495,  389,  240,  385,  436,  329,  366,  485,  413,   92,  146,  537,  417,  302,  549,  155,  448,  478,  391,  561,  562,  320,   75,  599,  416,  276,  264,  316,   81,  561,  147,  447,  440,  322,  423],
        [  322,    0,  444,  728,  425,  596,  400,  428,  437,  463,  400,  224,  569,  365,  700,  142,  405,  578,  791,  600,  733,  131,  770,  529,  576,   42,  519,   92,  502,  209,    0,  587,  141,  552,  295,  445,  257,  672,  374,  395,  651,  544,  708,  312,  329,  338,  261,  500,  433,  546,  676,  221,  810,  447,   95,  536,  759,  266,  181,  551,  340,  526,  717,  286,  464,  501,  272,  637,  311,  567,  308,  412,  735,  572,  346,  569,  102,  789,  651,  567,  551,  546,   79,  740,  225,  244,  611,  230,  395,   58,  557,  246,  280,  197,  244,  365,  606,  232,  676,  266,  514,   17,  689,  587,  564,  395,  865,  256,  719,  135,  560,  104,  635,  678,  123,  452,  470,  394,  719,  498,  589,  693,  620,  630,  757,  579,  594,  259,  408,  514,  241,  132,  382,  384,  604,  732,  589,  656,  288,   61,  496,  231,  166,  180,  374,  268,  133,  354,  741,  244,  126,  341,  294,  593,  532,  503,  576,  363,  528,  150,  405,  211,  232,  357,  521,  265,  535,  136,  655,  311,  429,  328],
        [  315,    0,  219,  583,  356,  612,  238,  924,  755,  477,  890,  724,  703,  639,  345,  706,  755,  761,  468,  400,  421,  619,  592,  342,  592,  548,  724,  525,  533,  505,  587,    0,  716,  773,  783,  259,  834,  152,  648,  319,   71,  103,  406,  824,  813,  305,  576,   90,  914,  805,   91,  794,  485,  869,  678,  639,  577,  847,  429,  583,  889,   62,  551,  867,  551,   98,  335,  297,  807,  219,  318,  857,  390,  580,  903,  874,  661,  504,   73,  673,  485,  838,  634,  536,  805,  574,  997,  367,  257,  632,  278,  357,  380,  545,  467,  537,  394,  746,  303,  573,  935,  571,  402,  259,  415,  598,  555,  754,  465,  474,  924,  516, 1035,  296,  663,  924,  700,  789,  568,  157,  540,  385,  401,  150,  469,  872,  427,  845,  289,  978,  753,  467,  510,  558,  536,  335,  152,  269,  861,  647,  855,  693,  752,  759,  463,  854,  566,  513,  560,  585,  712,  825,  644,  199,   85,  860,  185,  750,  552,  559,  755,  748,  377,  758,  594,  562,  285,  456,  622,  895,  186,  422],
        [  463,    0,  584,  771,  505,  616,  511,  415,  387,  592,  280,  134,  560,  461,  840,   25,  469,  552,  865,  738,  811,  127,  816,  668,  600,  172,  495,  193,  536,  265,  141,  716,    0,  517,  314,  545,  119,  788,  358,  487,  777,  680,  786,  191,  220,  479,  369,  632,  314,  498,  803,  167,  884,  350,   52,  541,  807,  180,  292,  574,  201,  656,  766,  199,  489,  626,  388,  778,  320,  707,  449,  310,  818,  598,  291,  503,   57,  856,  782,  566,  600,  488,  151,  795,  155,  353,  513,  351,  503,  128,  698,  385,  374,  234,  310,  484,  744,  250,  770,  376,  412,  157,  828,  728,  630,  400,  933,  280,  787,  245,  475,  243,  532,  819,  174,  335,  447,  318,  765,  613,  627,  774,  759,  744,  828,  516,  730,  155,  549,  511,  257,  273,  419,  500,  644,  873,  728,  754,  148,   86,  420,  287,   74,  127,  505,  149,  175,  389,  791,  349,   73,  352,  271,  700,  666,  427,  716,  420,  558,  191,  469,  214,  373,  286,  538,  283,  675,  261,  680,  182,  548,  464],
        [  720,    0,  788,  413,  417,  234,  547,  931,  136,  947,  374,  388,  106,  910, 1058,  493,  955,   47,  602, 1020,  572,  426,  458,  938,  239,  535,   49,  486,  256,  381,  552,  773,  517,    0,  824,  515,  550,  742,  181,  458,  799,  807,  557,  399,  353,  732,  802,  733,  366,   50,  828,  682,  612,  266,  543,  155,  458,  681,  490,  229,  485,  739,  430,  695,  224,  681,  521,  992,  834,  900,  702,  297,  603,  248,  799,  126,  491,  566,  842,  138,  333,   95,  621,  473,  666,  786,  280,  528,  526,  593,  926,  647,  445,  368,  382,  884, 1022,  758,  614,  806,  285,  553, 1082,  938,  412,  191,  626,  788,  515,  491,  211,  622,  320, 1018,  661,  355,   87,  226,  416,  616,  305,  559, 1035,  697,  557,  115, 1029,  644,  801, 1027,  767,  603,  270,  908,  323, 1069,  876,  622,  546,  551,  178,  778,  588,  643,  865,  619,  423,  277,  451,  788,  585,  866,  258,  625,  780,  176,  887,  912,  248,  408,  955,  725,  653,  243,  198,  302,  913,  527,  287,  615,  600,  803],
        [  470,    0,  586, 1021,  708,  889,  651,  145,  698,  452,  572,  447,  856,  240,  770,  336,  182,  857, 1069,  632, 1010,  403, 1062,  589,  870,  329,  798,  385,  797,  503,  295,  783,  314,  824,    0,  708,  343,  899,  655,  670,  852,  710,  986,  489,  527,  481,  224,  693,  606,  810,  872,  171, 1088,  659,  282,  827, 1050,  217,  457,  845,  458,  722, 1009,  222,  758,  717,  529,  720,   26,  682,  465,  617, 1007,  866,  165,  816,  334, 1072,  833,  856,  844,  801,  217, 1030,  197,  219,  818,  486,  653,  241,  647,  431,  560,  490,  537,  325,  641,   67,  940,  230,  716,  301,  731,  685,  851,  684, 1148,   39, 1003,  417,  786,  292,  831,  767,  172,  628,  749,  632, 1012,  737,  883,  969,  654,  864, 1038,  830,  612,  254,  523,  221,   58,  344,  677,  326,  898,  813,  732,  914,  371,  276,  733,   90,  251,  195,  387,  288,  423,  648, 1032,  208,  243,   48,  569,  843,  709,  740,  705,  133,  822,  442,  182,  101,  410,  600,  814,  556,  623,  402,  949,  332,  666,  389],
