{
    "name": "random-70-8253",
    "comment": "size=70 seed=8253",
    "nodes": ["+0", "-0", "+1", "-1", "+2", "-2", "+3", "-3", "+4", "-4", "+5", "-5", "+6", "-6", "+7", "-7", "+8", "-8", "+9", "-9", "+10", "-10", "+11", "-11", "+12", "-12", "+13", "-13", "+14", "-14", "+15", "-15", "+16", "-16", "+17", "-17", "+18", "-18", "+19", "-19", "+20", "-20", "+21", "-21", "+22", "-22", "+23", "-23", "+24", "-24", "+25", "-25", "+26", "-26", "+27", "-27", "+28", "-28", "+29", "-29", "+30", "-30", "+31", "-31", "+32", "-32", "+33", "-33", "+34", "-34", "+35", "-35", "+36", "-36", "+37", "-37", "+38", "-38", "+39", "-39", "+40", "-40", "+41", "-41", "+42", "-42", "+43", "-43", "+44", "-44", "+45", "-45", "+46", "-46", "+47", "-47", "+48", "-48", "+49", "-49", "+50", "-50", "+51", "-51", "+52", "-52", "+53", "-53", "+54", "-54", "+55", "-55", "+56", "-56", "+57", "-57", "+58", "-58", "+59", "-59", "+60", "-60", "+61", "-61", "+62", "-62", "+63", "-63", "+64", "-64", "+65", "-65", "+66", "-66", "+67", "-67", "+68", "-68", "+69", "-69", "+70", "-70"],
    "precedence": {
        "+0": "-0",
        "+1": "-1",
        "+2": "-2",
        "+3": "-3",
        "+4": "-4",
        "+5": "-5",
        "+6": "-6",
        "+7": "-7",
        "+8": "-8",
        "+9": "-9",
        "+10": "-10",
        "+11": "-11",
        "+12": "-12",
        "+13": "-13",
        "+14": "-14",
        "+15": "-15",
        "+16": "-16",
        "+17": "-17",
        "+18": "-18",
        "+19": "-19",
        "+20": "-20",
        "+21": "-21",
        "+22": "-22",
        "+23": "-23",
        "+24": "-24",
        "+25": "-25",
        "+26": "-26",
        "+27": "-27",
        "+28": "-28",
        "+29": "-29",
        "+30": "-30",
        "+31": "-31",
        "+32": "-32",
        "+33": "-33",
        "+34": "-34",
        "+35": "-35",
        "+36": "-36",
        "+37": "-37",
        "+38": "-38",
        "+39": "-39",
        "+40": "-40",
        "+41": "-41",
        "+42": "-42",
        "+43": "-43",
        "+44": "-44",
        "+45": "-45",
        "+46": "-46",
        "+47": "-47",
        "+48": "-48",
        "+49": "-49",
        "+50": "-50",
        "+51": "-51",
        "+52": "-52",
        "+53": "-53",
        "+54": "-54",
        "+55": "-55",
        "+56": "-56",
        "+57": "-57",
        "+58": "-58",
        "+59": "-59",
        "+60": "-60",
        "+61": "-61",
        "+62": "-62",
        "+63": "-63",
        "+64": "-64",
        "+65": "-65",
        "+66": "-66",
        "+67": "-67",
        "+68": "-68",
        "+69": "-69",
        "+70": "-70"
    },
    "edges": [
        [    0,    0,  692,  767,  495,  805,  858,  307,  824,  415,  609,  788, 1026,  466,  246,  362,  574,  139,  543,  504,  175,  820,  967,  444,  499,  840,  693, 1100,  787,  771,   36,  533,  880,  332,  747,  844,  513,  990,  904, 1105,  827,  204,  210,  349, 1055,  756,  468,  490,  522,  515, 1173, 1095,  680,  488,  602,  221,  666,  676,  461,  730,  893, 1097, 1099,  929,  246,  844,  558,  973,  855,  296,  360,  910,  602,  894,  944,  579,  450,  736,  345,  715,  680, 1060,  789,  739,  643,  759,   59,  605,  822,  818,  411,  643,  824,  759,  971,  682,  210,  758,  807, 1002,  768,  524, 1086,  839,  347, 1194,  943,  764,  733,  550, 1075,  254,  421,  426,  588,  464,  300, 1045,  473,  779,  161,  938,  991,  668,  496, 1174,  951,  675,  482,  959,  266,  641,  588,  786,  322,  299,  780,  493,  683,  908,  561, 1184],
        [    0,    0,    0,    0,    0,    0,    0,    0,    0,    0,    0,    0,    0,    0,    0,    0,    0,    0,    0,    0,    0,    0,    0,    0,    0,    0,    0,    0,    0,    0,    0,    0,    0,    0,    0,    0,    0,    0,    0,    0,    0,    0,    0,    0,    0,    0,    0,    0,    0,    0,    0,    0,    0,    0,    0,    0,    0,    0,    0,    0,    0,    0,    0,    0,    0,    0,    0,    0,    0,    0,    0,    0,    0,    0,    0,    0,    0,    0,    0,    0,    0,    0,    0,    0,    0,    0,    0,    0,    0,    0,    0,    0,    0,    0,    0,    0,    0,    0,    0,    0,    0,    0,    0,    0,    0,    0,    0,    0,    0,    0,    0,    0,    0,    0,    0,    0,    0,    0,    0,    0,    0,    0,    0,    0,    0,    0,    0,    0,    0,    0,    0,    0,    0,    0,    0,    0,    0,    0,    0,    0,    0,    0],
        [  692,    0,    0,  521,  449,  488, 1026,  557,  568,  483,  821, 1083,  636,  784,  523,  394,  127,  615,  840,  904,  548,  648,  432,  604,  332, 1008,  681,  648,  594,  577,  656,  793,  703,  511,  420, 1033,  684,  316,  952,  739,  373,  544,  518,  523,  624,  684,  235,  226,  333,  200,  897,  898,  188,  354,   93,  472,  895,  710,  248, 1030,  471,  719,  875,  732,  457,  258,  443,  284,  532,  596,  495,  562,  394,  879,  945,  537,  249,  603,  393,  913,   79,  807,  774,  903,  708,   86,  661,  336,  192,  127,  544,  381,  919,   79,  315,  172,  502,  749,  120,  441,  913,  495,  832,  249,  492,  818,  443,  962,   48,  220,  821,  479,  278,  271,  768,  235,  587,  708,  726,  322,  537,  276,  339,  450,  824,  889,  324,  439,  480,  360,  446,  585,  760,  288,  422,  403,  155,  220,   55,  632,  900,  905],
        [  767,    0,  521,    0,  273,   71,  573,  469,   61,  353,  457,  688,  267,  519,  522,  433,  467,  786,  528,  637,  730,  129,  335,  372,  312,  557,  234,  356,   77,   63,  742,  479,  184,  436,  105,  589,  379,  559,  458,  338,  214,  754,  724,  423,  308,  196,  574,  433,  289,  435,  429,  392,  333,  310,  486,  630,  511,  280,  453,  651,  191,  332,  379,  217,  563,  368,  211,  674,   98,  494,  408,  152,  184,  374,  438,  208,  480,  115,  684,  503,  593,  320,  288,  477,  301,  487,  776,  220,  424,  565,  371,  162,  450,  499,  509,  350,  695,  273,  589,  382,  473,  247,  348,  373,  420,  427,  287,  539,  555,  363,  336,  525,  486,  493,  411,  476,  486,  278,  453,  230,  686,  506,  509,  106,  543,  426,  448,  105,  287,  411,  671,  180,  401,  273,  469,  631,  420,  593,  570,  147,  590,  439],
        [  495,    0,  449,  273,    0,  312,  591,  205,  331,   84,  373,  635,  533,  350,  250,  176,  341,  518,  396,  475,  466,  342,  514,  166,  119,  572,  274,  611,  301,  283,  470,  348,  406,  166,  261,  594,  236,  636,  548,  610,  366,  493,  464,  156,  565,  311,  386,  258,  116,  275,  690,  629,  309,   98,  373,  368,  447,  288,  261,  582,  411,  603,  625,  453,  299,  446,   64,  694,  361,  235,  137,  417,  121,  496,  560,  118,  284,  262,  451,  468,  497,  577,  381,  463,  275,  463,  504,  154,  461,  546,  124,  166,  496,  470,  598,  321,  435,  350,  556,  556,  477,   56,  605,  445,  149,  700,  479,  520,  495,  230,  593,  255,  276,  286,  321,  287,  227,  551,  286,  332,  419,  577,  609,  174,  387,  689,  554,  183,   34,  541,  420,  186,  313,  357,  205,  387,  433,  413,  481,  416,  459,  700],
        [  805,    0,  488,   71,  312,    0,  640,  514,   85,  395,  527,  758,  222,  584,  559,  458,  450,  813,  596,  704,  753,  183,  265,  430,  327,  625,  304,  301,  137,  129,  778,  547,  224,  478,   75,  657,  444,  497,  519,  307,  151,  775,  744,  466,  254,  264,  570,  431,  302,  429,  426,  411,  302,  329,  465,  653,  581,  350,  455,  721,  122,  297,  391,  246,  589,  310,  249,  618,   55,  542,  448,  107,  205,  432,  494,  267,  482,  184,  692,  573,  563,  326,  353,  547,  371,  445,  810,  223,  371,  519,  421,  170,  517,  457,  445,  317,  716,  341,  545,  312,  542,  297,  352,  316,  460,  397,  217,  608,  518,  356,  341,  557,  492,  497,  480,  475,  534,  254,  517,  177,  712,  444,  444,  139,  609,  421,  383,  130,  331,  343,  686,  247,  470,  221,  496,  645,  373,  585,  540,  147,  659,  435],
        [  858,    0, 1026,  573,  591,  640,    0,  614,  568,  595,  255,  181,  735,  392,  701,  730,  929,  959,  317,  393,  937,  469,  900,  480,  709,   20,  353,  837,  505,  512,  856,  327,  461,  630,  668,   29,  386, 1130,  167,  729,  787,  974,  953,  606,  794,  377,  970,  848,  700,  866,  645,  517,  857,  689,  960,  869,  192,  318,  850,  195,  751,  741,  550,  485,  804,  935,  585, 1233,  639,  598,  621,  666,  634,  252,  231,  490,  871,  460,  998,  144, 1083,  573,  288,  132,  320, 1021,  902,  693,  982, 1105,  545,  657,  125, 1031, 1081,  872,  929,  300, 1121,  946,  114,  538,  583,  939,  634,  779,  850,   94, 1070,  815,  579,  744,  857,  868,  292,  875,  600,  673,  395,  795,  886, 1075, 1082,  594,  365,  657, 1021,  608,  566,  983,  941,  445,  296,  837,  737,  924,  968,  999, 1065,  581,  317,  653],
        [  307,    0,  557,  469,  205,  514,  614,    0,  524,  121,  361,  597,  733,  258,   88,  166,  432,  364,  332,  361,  330,  514,  712,  147,  258,  595,  390,  815,  482,  467,  288,  298,  573,   49,  465,  607,  233,  801,  626,  806,  565,  366,  342,   49,  768,  451,  405,  332,  274,  358,  867,  790,  469,  238,  467,  256,  432,  379,  315,  538,  615,  800,  792,  623,  192,  624,  266,  831,  562,   39,   74,  617,  323,  601,  657,  274,  324,  430,  391,  472,  581,  754,  491,  484,  350,  597,  329,  344,  624,  675,  105,  367,  553,  602,  770,  477,  317,  460,  675,  753,  509,  223,  780,  622,   70,  894,  680,  525,  605,  353,  769,  132,  299,  310,  323,  335,   31,  744,  224,  527,  278,  744,  785,  376,  298,  868,  734,  386,  184,  729,  328,  335,  320,  545,  148,  316,  589,  436,  573,  606,  379,  878],
        [  824,    0,  568,   61,  331,   85,  568,  524,    0,  410,  479,  695,  220,  555,  580,  493,  522,  846,  556,  669,  790,  102,  333,  420,  373,  553,  249,  317,   68,   71,  800,  510,  140,  493,  149,  586,  416,  578,  440,  282,  234,  815,  785,  478,  268,  196,  633,  492,  349,  492,  368,  336,  381,  370,  539,  690,  526,  296,  512,  663,  184,  278,  320,  165,  624,  394,  270,  703,   72,  547,  465,  112,  245,  350,  411,  257,  540,  130,  744,  513,  642,  260,  280,  483,  322,  528,  835,  279,  456,  603,  424,  222,  443,  540,  526,  397,  756,  272,  628,  379,  475,  302,  288,  400,  478,  371,  283,  543,  599,  420,  276,  585,  546,  553,  436,  535,  540,  221,  490,  262,  746,  527,  523,  167,  576,  365,  463,  166,  343,  420,  731,  216,  426,  305,  529,  692,  457,  650,  619,   86,  617,  378],
        [  415,    0,  483,  353,   84,  395,  595,  121,  410,    0,  357,  615,  615,  302,  171,  136,  365,  448,  360,  423,  401,  411,  594,  126,  157,  576,  314,  695,  374,  358,  391,  316,  473,   84,  345,  594,  216,  699,  575,  691,  446,  431,  404,   72,  649,  364,  377,  270,  167,  292,  763,  694,  367,  135,  399,  308,  433,  316,  263,  559,  495,  684,  693,  522,  238,  515,  147,  744,  444,  153,   55,  499,  203,  536,  596,  172,  281,  328,  412,  462,  520,  650,  421,  465,  294,  510,  428,  228,  523,  591,   62,  248,  514,  516,  665,  378,  375,  389,  597,  636,  483,  112,  677,  513,   68,  780,  560,  515,  530,  266,  665,  186,  264,  275,  309,  288,  144,  630,  246,  410,  351,  641,  678,  257,  341,  763,  625,  266,   68,  616,  369,  240,  303,  431,  151,  342,  490,  407,  508,  494,  419,  773],
        [  609,    0,  821,  457,  373,  527,  255,  361,  479,  357,    0,  263,  689,  151,  448,  488,  712,  706,   96,  212,  683,  402,  788,  235,  491,  236,  231,  790,  412,  410,  605,   79,  431,  380,  527,  247,  142,  977,  306,  718,  653,  720,  700,  357,  742,  296,  734,  623,  488,  643,  699,  586,  669,  469,  745,  616,   76,  185,  619,  211,  648,  724,  606,  474,  552,  779,  386, 1056,  547,  344,  375,  590,  448,  324,  357,  299,  638,  350,  748,  112,  868,  599,  258,  130,  157,  830,  651,  503,  812,  915,  301,  482,  220,  838,  932,  684,  675,  240,  926,  835,  159,  327,  619,  781,  387,  791,  742,  165,  867,  602,  610,  492,  621,  632,   54,  644,  346,  655,  141,  644,  632,  918,  938,  434,  139,  706,  878,  449,  343,  851,  688,  284,   63,  681,  490,  674,  790,  764,  853,  528,  144,  710],
        [  788,    0, 1083,  688,  635,  758,  181,  597,  695,  615,  263,    0,  883,  343,  679,  741,  973,  906,  266,  287,  897,  603, 1022,  490,  753,  182,  455,  987,  628,  632,  794,  302,  609,  626,  771,  152,  402, 1229,  344,  889,  895,  935,  919,  604,  941,  500,  989,  883,  751,  904,  820,  693,  930,  731, 1007,  844,  190,  410,  878,   60,  876,  900,  724,  640,  787, 1032,  647, 1315,  767,  572,  625,  802,  707,  419,  408,  557,  895,  574,  987,  185, 1130,  741,  425,  213,  396, 1091,  839,  763, 1068, 1176,  556,  737,  280, 1100, 1183,  944,  897,  425, 1188, 1069,  226,  589,  754, 1034,  636,  946,  973,  155, 1129,  865,  748,  728,  876,  887,  315,  902,  576,  830,  377,  893,  848, 1172, 1187,  684,  305,  831, 1126,  699,  605, 1095,  920,  531,  324,  933,  738,  912, 1049, 1019, 1115,  724,  230,  829],
        [ 1026,    0,  636,  267,  533,  222,  735,  733,  220,  615,  689,  883,    0,  774,  780,  678,  632, 1033,  771,  886,  972,  288,  250,  638,  545,  723,  459,  104,  282,  289,  999,  726,  275,  698,  286,  757,  635,  528,  583,  104,  265,  992,  961,  686,   60,  395,  765,  634,  520,  626,  277,  329,  468,  549,  638,  871,  728,  504,  660,  858,  167,   85,  293,  253,  809,  397,  470,  680,  172,  759,  669,  117,  426,  490,  536,  474,  686,  346,  899,  707,  714,  224,  459,  672,  534,  571, 1031,  438,  471,  627,  637,  389,  612,  583,  475,  481,  934,  462,  658,  280,  658,  513,  239,  406,  681,  187,  212,  729,  654,  555,  232,  778,  700,  704,  649,  678,  752,   90,  709,  320,  932,  493,  462,  359,  793,  266,  413,  352,  550,  359,  901,  436,  640,  349,  716,  858,  491,  775,  690,  162,  830,  283],
        [  466,    0,  784,  519,  350,  584,  392,  258,  555,  302,  151,  343,  774,    0,  337,  412,  665,  572,   80,  126,  557,  498,  832,  185,  456,  375,  327,  871,  493,  485,  465,   73,  539,  292,  565,  378,  141,  984,  456,  819,  687,  595,  578,  272,  822,  398,  658,  568,  461,  592,  823,  718,  658,  433,  699,  502,  200,  288,  557,  284,  703,  820,  733,  586,  445,  791,  386, 1042,  616,  230,  297,  666,  454,  468,  505,  323,  571,  429,  645,  250,  820,  717,  386,  277,  253,  808,  511,  500,  810,  891,  240,  495,  371,  815,  944,  670,  555,  362,  898,  878,  308,  322,  740,  791,  305,  898,  789,  298,  832,  567,  730,  387,  549,  560,  150,  580,  235,  754,   68,  666,  507,  925,  954,  466,   41,  829,  897,  481,  317,  878,  577,  341,  155,  698,  403,  570,  782,  690,  808,  619,  122,  834],
        [  246,    0,  523,  522,  250,  559,  701,   88,  580,  171,  448,  679,  780,  337,    0,  137,  397,  283,  413,  430,  244,  581,  732,  232,  264,  682,  470,  855,  545,  528,  221,  383,  642,   91,  502,  694,  320,  790,  712,  859,  589,  279,  255,  112,  810,  527,  343,  298,  285,  325,  933,  862,  464,  250,  430,  169,  518,  462,  276,  620,  650,  852,  862,  691,  109,  626,  312,  803,  609,  108,  117,  665,  358,  685,  741,  341,  278,  497,  309,  559,  536,  820,  573,  572,  434,  573,  257,  365,  615,  645,  181,  400,  640,  576,  764,  469,  229,  541,  642,  770,  596,  282,  847,  622,  103,  949,  705,  612,  569,  337,  836,   52,  249,  259,  411,  290,  104,  799,  310,  544,  192,  734,  782,  422,  377,  933,  735,  429,  239,  736,  242,  406,  408,  556,  102,  234,  577,  375,  530,  664,  456,  944],
        [  362,    0,  394,  433,  176,  458,  730,  166,  493,  136,  488,  741,  678,  412,  137,    0,  268,  356,  480,  523,  297,  516,  605,  254,  138,  711,  442,  744,  471,  453,  331,  439,  580,  122,  393,  728,  347,  654,  709,  764,  465,  322,  292,  140,  701,  485,  248,  168,  162,  194,  859,  803,  328,  130,  303,  197,  563,  449,  150,  683,  535,  754,  797,  626,  132,  491,  228,  671,  511,  204,  116,  564,  254,  665,  727,  290,  160,  436,  279,  595,  416,  747,  550,  599,  429,  439,  357,  245,  479,  514,  188,  290,  649,  442,  628,  333,  263,  518,  513,  641,  618,  226,  775,  487,  107,  854,  581,  648,  441,  201,  763,  109,  137,  148,  442,  170,  195,  708,  365,  417,  255,  598,  645,  328,  453,  857,  600,  332,  184,  602,  245,  359,  436,  426,   41,  212,  440,  279,  407,  579,  533,  869],
        [  574,    0,  127,  467,  341,  450,  929,  432,  522,  365,  712,  973,  632,  665,  397,  268,    0,  508,  724,  783,  440,  589,  467,  488,  222,  910,  593,  664,  535,  516,  538,  679,  649,  386,  377,  933,  572,  418,  869,  733,  370,  442,  414,  400,  632,  607,  145,  101,  229,   75,  875,  857,  166,  244,   35,  357,  787,  617,  122,  919,  466,  716,  840,  683,  334,  305,  347,  408,  501,  471,  372,  541,  311,  803,  869,  441,  125,  531,  303,  809,  157,  776,  693,  803,  610,  186,  547,  257,  261,  250,  426,  311,  827,  186,  406,  156,  394,  665,  246,  488,  815,  392,  802,  298,  368,  818,  464,  860,  173,  116,  791,  354,  155,  149,  660,  111,  462,  692,  609,  313,  423,  370,  428,  380,  705,  868,  398,  372,  370,  420,  341,  496,  652,  292,  296,  295,  218,  147,  144,  596,  783,  883],
        [  139,    0,  615,  786,  518,  813,  959,  364,  846,  448,  706,  906, 1033,  572,  283,  356,  508,    0,  650,  626,   69,  858,  940,  511,  490,  941,  752, 1096,  818,  801,  118,  633,  921,  373,  748,  947,  592,  925,  987, 1119,  810,   78,   98,  394, 1055,  808,  382,  441,  514,  462, 1208, 1142,  639,  485,  532,  165,  769,  743,  410,  847,  887, 1109, 1141,  969,  224,  800,  578,  889,  866,  368,  397,  920,  609,  965, 1020,  620,  392,  775,  235,  815,  590, 1095,  855,  834,  714,  690,   81,  597,  767,  740,  463,  645,  911,  688,  913,  638,  115,  823,  724,  971,  861,  558, 1122,  794,  382, 1209,  923,  866,  652,  512, 1111,  264,  366,  368,  677,  406,  369, 1063,  565,  757,  102,  877,  935,  682,  605, 1207,  901,  686,  514,  917,  170,  686,  675,  756,  318,  214,  724,  401,  597,  932,  677, 1218],
        [  543,    0,  840,  528,  396,  596,  317,  332,  556,  360,   96,  266,  771,   80,  413,  480,  724,  650,    0,  118,  636,  487,  852,  237,  509,  300,  314,  871,  491,  486,  543,   51,  521,  362,  587,  301,  164, 1022,  395,  806,  712,  674,  656,  341,  822,  382,  727,  629,  511,  652,  794,  682,  703,  486,  758,  579,  126,  269,  621,  207,  717,  810,  701,  565,  521,  827,  423, 1090,  622,  306,  364,  668,  489,  419,  449,  347,  637,  427,  721,  178,  880,  692,  352,  209,  238,  859,  589,  540,  852,  942,  299,  528,  308,  866,  980,  716,  634,  333,  951,  899,  241,  360,  712,  827,  373,  881,  808,  223,  887,  621,  704,  462,  616,  627,  123,  645,  310,  742,  116,  696,  586,  963,  989,  490,   50,  801,  930,  505,  364,  907,  654,  350,  132,  731,  474,  646,  826,  758,  867,  612,   65,  804],
        [  504,    0,  904,  637,  475,  704,  393,  361,  669,  423,  212,  287,  886,  126,  430,  523,  783,  626,  118,    0,  624,  603,  955,  310,  579,  380,  430,  985,  605,  599,  511,  161,  638,  401,  689,  372,  262, 1109,  498,  923,  812,  662,  649,  385,  936,  499,  765,  684,  585,  709,  911,  798,  783,  556,  818,  585,  220,  387,  671,  231,  824,  927,  818,  683,  536,  917,  512, 1165,  733,  327,  411,  781,  580,  531,  556,  446,  683,  541,  734,  271,  936,  810,  470,  308,  354,  931,  556,  626,  935, 1013,  362,  621,  411,  938, 1070,  795,  630,  451, 1019, 1001,  340,  447,  830,  917,  417,  999,  912,  304,  952,  688,  822,  481,  659,  670,  240,  693,  334,  859,  193,  792,  578, 1050, 1080,  590,   95,  918, 1023,  605,  442, 1003,  660,  458,  248,  823,  508,  660,  907,  796,  925,  727,   79,  921],
        [  175,    0,  548,  730,  466,  753,  937,  330,  790,  401,  683,  897,  972,  557,  244,  297,  440,   69,  636,  624,    0,  807,  874,  475,  428,  918,  710, 1033,  765,  748,  143,  613,  870,  330,  687,  928,  562,  857,  955, 1060,  745,   39,   36,  353,  992,  763,  315,  373,  453,  394, 1154, 1093,  572,  425,  464,  101,  749,  705,  342,  837,  823, 1050, 1090,  918,  167,  733,  523,  823,  807,  340,  352,  860,  550,  927,  984,  572,  324,  725,  174,  794,  525, 1042,  815,  810,  677,  622,  125,  536,  699,  673,  423,  584,  882,  620,  845,  570,   47,  783,  657,  904,  836,  509, 1069,  726,  336, 1150,  857,  846,  585,  445, 1058,  215,  299,  300,  650,  337,  339, 1005,  543,  692,   52,  809,  867,  625,  593, 1153,  833,  628,  464,  849,  103,  640,  648,  690,  262,  146,  656,  336,  531,  876,  668, 1164],
        [  820,    0,  648,  129,  342,  183,  469,  514,  102,  411,  402,  603,  288,  498,  581,  516,  589,  858,  487,  603,  807,    0,  433,  389,  412,  454,  174,  390,   55,   73,  799,  444,   65,  491,  233,  488,  364,  678,  338,  321,  333,  835,  806,  472,  343,  108,  686,  544,  391,  549,  354,  288,  461,  404,  610,  710,  441,  219,  561,  574,  284,  324,  284,  112,  640,  492,  289,  800,  172,  530,  464,  200,  287,  250,  312,  241,  588,   84,  782,  422,  719,  241,  181,  390,  250,  616,  837,  334,  550,  694,  409,  279,  344,  627,  626,  478,  777,  178,  717,  479,  379,  300,  267,  497,  478,  401,  383,  449,  683,  480,  256,  594,  590,  598,  365,  586,  524,  257,  437,  356,  760,  627,  624,  211,  513,  355,  564,  218,  344,  522,  759,  181,  356,  400,  546,  723,  548,  707,  697,  126,  545,  365],
        [  967,    0,  432,  335,  514,  265,  900,  712,  333,  594,  788, 1022,  250,  832,  732,  605,  467,  940,  852,  955,  874,  433,    0,  662,  470,  885,  569,  225,  397,  392,  935,  803,  455,  668,  267,  918,  694,  279,  769,  345,  149,  885,  855,  664,  215,  526,  611,  504,  448,  487,  526,  571,  308,  483,  462,  777,  845,  614,  534,  985,  149,  322,  538,  455,  727,  175,  459,  431,  262,  746,  640,  246,  394,  677,  734,  510,  556,  449,  764,  838,  508,  467,  612,  811,  634,  355,  957,  370,  246,  394,  636,  349,  776,  366,  226,  313,  830,  603,  427,   47,  805,  520,  485,  184,  647,  408,   51,  872,  438,  429,  477,  713,  578,  578,  740,  544,  737,  338,  764,  189,  843,  245,  214,  366,  861,  514,  164,  352,  542,  110,  786,  505,  730,  184,  646,  740,  277,  613,  484,  339,  916,  531],
        [  444,    0,  604,  372,  166,  430,  480,  147,  420,  126,  235,  490,  638,  185,  232,  254,  488,  511,  237,  310,  475,  389,  662,    0,  274,  460,  249,  728,  367,  355,  429,  191,  445,  152,  398,  476,   95,  801,  480,  699,  515,  510,  486,  128,  679,  314,  500,  394,  277,  417,  740,  654,  474,  251,  522,  396,  309,  234,  388,  434,  544,  696,  660,  495,  328,  609,  207,  858,  470,  149,  142,  523,  275,  455,  510,  165,  405,  308,  519,  342,  644,  628,  346,  349,  204,  625,  472,  317,  626,  708,   67,  318,  409,  632,  762,  486,  459,  315,  716,  707,  371,  143,  653,  609,  155,  784,  623,  396,  651,  385,  643,  269,  387,  398,  189,  412,  146,  635,  123,  489,  424,  742,  773,  300,  222,  743,  717,  313,  133,  700,  465,  210,  184,  518,  258,  446,  598,  530,  631,  496,  297,  751],
        [  499,    0,  332,  312,  119,  327,  709,  258,  373,  157,  491,  753,  545,  456,  264,  138,  222,  490,  509,  579,  428,  412,  470,  274,    0,  689,  380,  608,  363,  344,  469,  462,  476,  210,  259,  712,  353,  545,  657,  634,  328,  448,  418,  213,  565,  406,  280,  144,   25,  158,  741,  697,  212,   23,  255,  327,  565,  400,  153,  699,  398,  623,  687,  519,  267,  367,  135,  587,  381,  296,  186,  433,  129,  599,  664,  225,  179,  341,  373,  587,  378,  632,  485,  581,  391,  353,  495,  108,  368,  436,  217,  157,  610,  360,  513,  222,  390,  455,  443,  507,  595,  171,  659,  365,  189,  724,  444,  638,  379,  113,  648,  245,  178,  187,  439,  179,  286,  580,  396,  281,  389,  487,  528,  208,  495,  738,  478,  208,  149,  475,  360,  286,  431,  293,  179,  320,  334,  305,  363,  458,  570,  751],
        [  840,    0, 1008,  557,  572,  625,   20,  595,  553,  576,  236,  182,  723,  375,  682,  711,  910,  941,  300,  380,  918,  454,  885,  460,  689,    0,  336,  826,  489,  496,  838,  309,  449,  610,  651,   35,  366, 1114,  163,  719,  771,  956,  935,  587,  782,  362,  951,  829,  681,  847,  640,  513,  838,  669,  941,  850,  175,  299,  830,  189,  737,  732,  544,  474,  785,  918,  566, 1216,  625,  579,  602,  653,  616,  243,  227,  471,  851,  444,  979,  126, 1064,  565,  274,  112,  301, 1002,  884,  675,  964, 1086,  525,  638,  112, 1012, 1064,  854,  910,  284, 1103,  931,   95,  519,  577,  922,  615,  772,  835,   78, 1051,  796,  572,  725,  838,  849,  273,  856,  581,  663,  376,  778,  867, 1058, 1065,  577,  349,  651, 1005,  591,  546,  967,  922,  427,  277,  820,  717,  905,  950,  980, 1046,  568,  303,  649],
        [  693,    0,  681,  234,  274,  304,  353,  390,  249,  314,  231,  455,  459,  327,  470,  442,  593,  752,  314,  430,  710,  174,  569,  249,  380,  336,    0,  560,  182,  181,  677,  271,  213,  381,  319,  365,  200,  781,  277,  494,  442,  743,  716,  358,  511,   72,  658,  523,  367,  537,  502,  408,  506,  364,  621,  621,  278,   47,  531,  417,  424,  497,  417,  261,  550,  585,  248,  881,  319,  397,  359,  360,  287,  224,  287,  158,  556,  122,  721,  270,  741,  393,  108,  245,   77,  670,  719,  346,  629,  753,  289,  305,  239,  680,  733,  522,  688,   77,  771,  616,  245,  219,  417,  588,  375,  572,  520,  308,  722,  477,  407,  496,  549,  559,  192,  557,  393,  430,  270,  445,  660,  725,  736,  242,  340,  507,  675,  256,  259,  641,  682,   97,  183,  486,  463,  653,  615,  684,  722,  299,  372,  513],
        [ 1100,    0,  648,  356,  611,  301,  837,  815,  317,  695,  790,  987,  104,  871,  855,  744,  664, 1096,  871,  985, 1033,  390,  225,  728,  608,  826,  560,    0,  381,  386, 1072,  825,  379,  777,  354,  860,  731,  489,  683,  145,  297, 1051, 1020,  767,   50,  497,  803,  680,  583,  669,  328,  407,  498,  615,  665,  933,  831,  606,  708,  961,  210,  122,  368,  354,  874,  395,  549,  647,  259,  843,  748,  206,  498,  591,  634,  564,  733,  445,  946,  810,  725,  305,  563,  776,  635,  575, 1101,  500,  468,  618,  722,  457,  715,  586,  439,  508,  993,  565,  651,  238,  762,  598,  314,  404,  758,  188,  205,  833,  659,  602,  309,  848,  750,  753,  750,  724,  835,  173,  806,  353,  996,  464,  422,  439,  892,  314,  382,  429,  632,  327,  956,  531,  740,  372,  784,  911,  496,  810,  701,  265,  931,  331],
        [  787,    0,  594,   77,  301,  137,  505,  482,   68,  374,  412,  628,  282,  493,  545,  471,  535,  818,  491,  605,  765,   55,  397,  367,  363,  489,  182,  381,    0,   19,  764,  445,  115,  456,  181,  522,  355,  633,  384,  332,  287,  792,  763,  439,  332,  130,  635,  493,  341,  497,  390,  335,  407,  356,  556,  667,  458,  228,  510,  595,  249,  331,  327,  157,  599,  443,  244,  750,  139,  502,  428,  179,  236,  298,  362,  209,  537,   65,  734,  445,  665,  277,  217,  416,  255,  563,  801,  281,  500,  642,  379,  225,  381,  574,  581,  424,  734,  206,  665,  443,  409,  263,  304,  448,  442,  417,  347,  477,  630,  427,  293,  555,  540,  548,  370,  534,  495,  268,  429,  306,  719,  580,  580,  159,  512,  389,  520,  164,  307,  480,  714,  159,  360,  349,  504,  677,  496,  654,  643,  129,  551,  400],
        [  771,    0,  577,   63,  283,  129,  512,  467,   71,  358,  410,  632,  289,  485,  528,  453,  516,  801,  486,  599,  748,   73,  392,  355,  344,  496,  181,  386,   19,    0,  748,  439,  134,  439,  167,  528,  346,  622,  395,  344,  277,  774,  745,  423,  338,  135,  616,  474,  322,  478,  407,  354,  391,  337,  538,  649,  459,  228,  491,  597,  244,  342,  345,  176,  581,  431,  226,  737,  138,  487,  412,  182,  217,  311,  376,  195,  518,   60,  715,  448,  648,  295,  226,  420,  253,  547,  785,  263,  486,  626,  364,  207,  389,  559,  571,  407,  716,  213,  649,  438,  414,  247,  322,  436,  425,  430,  342,  481,  613,  408,  311,  538,  521,  529,  366,  515,  481,  281,  421,  292,  701,  568,  571,  140,  506,  407,  510,  146,  290,  472,  695,  148,  356,  336,  486,  658,  481,  636,  626,  141,  547,  418],
        [   36,    0,  656,  742,  470,  778,  856,  288,  800,  391,  605,  794,  999,  465,  221,  331,  538,  118,  543,  511,  143,  799,  935,  429,  469,  838,  677, 1072,  764,  748,    0,  530,  860,  309,  718,  843,  503,  955,  896, 1080,  796,  176,  178,  327, 1027,  738,  432,  455,  492,  480, 1152, 1077,  646,  459,  567,  185,  665,  662,  426,  735,  864, 1072, 1079,  909,  212,  811,  533,  937,  829,  281,  337,  884,  575,  882,  933,  558,  415,  715,  311,  713,  645, 1039,  775,  734,  631,  724,   46,  575,  787,  783,  392,  615,  817,  723,  937,  648,  177,  744,  771,  970,  763,  502, 1066,  806,  323, 1169,  912,  762,  697,  516, 1054,  224,  386,  391,  581,  429,  284, 1020,  467,  748,  126,  903,  957,  642,  497, 1153,  917,  648,  459,  926,  232,  622,  581,  754,  291,  264,  745,  457,  647,  885,  565, 1163],
        [  533,    0,  793,  479,  348,  547,  327,  298,  510,  316,   79,  302,  726,   73,  383,  439,  679,  633,   51,  161,  613,  444,  803,  191,  462,  309,  271,  825,  445,  439,  530,    0,  480,  324,  537,  315,  114,  972,  384,  764,  661,  651,  632,  302,  776,  341,  687,  585,  463,  607,  759,  651,  654,  439,  712,  551,  137,  228,  578,  245,  668,  767,  668,  526,  490,  776,  373, 1040,  574,  277,  324,  621,  439,  397,  433,  297,  594,  381,  689,  183,  835,  655,  319,  207,  195,  810,  576,  490,  802,  894,  256,  477,  298,  817,  930,  667,  608,  297,  903,  849,  237,  310,  677,  777,  334,  841,  758,  234,  840,  574,  668,  430,  575,  586,   83,  602,  280,  700,   75,  646,  563,  913,  938,  439,   71,  766,  879,  454,  315,  856,  625,  301,   90,  680,  436,  614,  777,  718,  821,  567,  115,  770],
        [  880,    0,  703,  184,  406,  224,  461,  573,  140,  473,  431,  609,  275,  539,  642,  580,  649,  921,  521,  638,  870,   65,  455,  445,  476,  449,  213,  379,  115,  134,  860,  480,    0,  552,  285,  483,  411,  713,  316,  289,  372,  899,  870,  533,  334,  141,  749,  607,  455,  612,  296,  224,  516,  468,  668,  774,  461,  253,  625,  586,  309,  296,  221,   50,  704,  533,  353,  841,  199,  588,  526,  211,  350,  223,  279,  302,  652,  146,  847,  435,  776,  184,  186,  399,  287,  667,  899,  396,  595,  742,  469,  340,  338,  678,  660,  532,  841,  194,  767,  499,  384,  363,  209,  539,  541,  361,  405,  455,  737,  541,  198,  658,  654,  662,  399,  649,  583,  226,  482,  401,  823,  663,  655,  274,  550,  298,  596,  279,  407,  551,  823,  239,  391,  445,  610,  788,  596,  769,  753,  121,  575,  307],
        [  332,    0,  511,  436,  166,  478,  630,   49,  493,   84,  380,  626,  698,  292,   91,  122,  386,  373,  362,  401,  330,  491,  668,  152,  210,  610,  381,  777,  456,  439,  309,  324,  552,    0,  425,  625,  245,  753,  629,  774,  521,  364,  338,   25,  731,  436,  367,  286,  226,  312,  843,  771,  421,  191,  421,  246,  454,  375,  271,  567,  575,  767,  772,  601,  177,  577,  229,  783,  526,   88,   30,  582,  281,  598,  656,  250,  282,  407,  369,  490,  537,  730,  485,  499,  349,  549,  347,  298,  576,  627,   93,  325,  560,  554,  722,  429,  311,  453,  628,  708,  522,  193,  757,  574,   22,  863,  636,  544,  558,  304,  746,  118,  259,  270,  338,  292,   78,  713,  250,  481,  280,  695,  737,  340,  333,  844,  687,  348,  151,  682,  314,  315,  334,  499,  112,  295,  540,  398,  528,  577,  413,  854],
        [  747,    0,  420,  105,  261,   75,  668,  465,  149,  345,  527,  771,  286,  565,  502,  393,  377,  748,  587,  689,  687,  233,  267,  398,  259,  651,  319,  354,  181,  167,  718,  537,  285,  425,    0,  682,  428,  463,  560,  377,  126,  707,  676,  417,  309,  294,  496,  357,  234,  354,  501,  482,  233,  263,  392,  586,  588,  362,  381,  730,  150,  365,  464,  313,  524,  268,  201,  572,  128,  496,  396,  176,  145,  477,  542,  243,  408,  209,  619,  587,  494,  399,  387,  564,  376,  383,  748,  153,  320,  461,  379,  104,  547,  395,  414,  249,  648,  369,  484,  313,  563,  258,  426,  272,  406,  467,  225,  626,  452,  282,  414,  495,  419,  424,  477,  402,  487,  327,  497,  128,  647,  407,  417,  100,  594,  495,  356,   86,  286,  325,  616,  243,  467,  171,  432,  574,  316,  510,  471,  220,  651,  510],
        [  844,    0, 1033,  589,  594,  657,   29,  607,  586,  594,  247,  152,  757,  378,  694,  728,  933,  947,  301,  372,  928,  488,  918,  476,  712,   35,  365,  860,  522,  528,  843,  315,  483,  625,  682,    0,  382, 1144,  195,  753,  802,  965,  945,  601,  816,  394,  971,  851,  705,  869,  672,  545,  866,  692,  964,  862,  179,  327,  851,  167,  769,  766,  577,  508,  798,  949,  591, 1244,  658,  590,  617,  686,  642,  277,  259,  496,  872,  475,  993,  136, 1088,  599,  307,  131,  326, 1030,  889,  701,  993, 1114,  542,  666,  146, 1039, 1095,  881,  921,  316, 1130,  964,  121,  542,  610,  952,  630,  805,  868,   83, 1077,  820,  606,  738,  857,  868,  288,  877,  592,  698,  386,  808,  877, 1088, 1097,  605,  350,  684, 1036,  620,  568,  999,  934,  455,  293,  850,  733,  919,  979, 1000, 1070,  602,  297,  681],
        [  513,    0,  684,  379,  236,  444,  386,  233,  416,  216,  142,  402,  635,  141,  320,  347,  572,  592,  164,  262,  562,  364,  694,   95,  353,  366,  200,  731,  355,  346,  503,  114,  411,  245,  428,  382,    0,  858,  395,  683,  551,  598,  575,  221,  682,  271,  592,  482,  352,  503,  702,  605,  541,  330,  605,  486,  217,  170,  477,  348,  564,  684,  616,  459,  420,  663,  259,  927,  476,  225,  236,  526,  326,  381,  431,  186,  496,  291,  613,  248,  729,  592,  281,  255,  135,  698,  547,  377,  688,  782,  160,  364,  320,  705,  816,  554,  549,  252,  792,  740,  278,  196,  616,  663,  249,  765,  651,  302,  730,  465,  606,  360,  479,  490,   95,  502,  224,  619,   75,  534,  511,  799,  825,  329,  167,  706,  767,  344,  204,  745,  557,  201,   90,  567,  352,  539,  663,  622,  714,  482,  229,  712],
        [  990,    0,  316,  559,  636,  497, 1130,  801,  578,  699,  977, 1229,  528,  984,  790,  654,  418,  925, 1022, 1109,  857,  678,  279,  801,  545, 1114,  781,  489,  633,  622,  955,  972,  713,  753,  463, 1144,  858,    0, 1015,  620,  346,  856,  830,  758,  489,  755,  548,  501,  532,  476,  803,  848,  333,  566,  394,  774, 1043,  823,  530, 1185,  408,  597,  816,  721,  746,  198,  600,  162,  514,  840,  730,  513,  533,  928,  989,  679,  541,  671,  708, 1046,  366,  745,  847, 1025,  834,  235,  964,  484,  178,  207,  755,  496, 1009,  239,   54,  325,  811,  831,  236,  252, 1026,  664,  763,  196,  732,  676,  322, 1088,  290,  454,  755,  755,  570,  565,  924,  527,  830,  616,  918,  337,  841,   60,   68,  545, 1019,  791,  118,  530,  669,  170,  757,  699,  915,  297,  690,  712,  214,  535,  349,  605, 1086,  808],
        [  904,    0,  952,  458,  548,  519,  167,  626,  440,  575,  306,  344,  583,  456,  712,  709,  869,  987,  395,  498,  955,  338,  769,  480,  657,  163,  277,  683,  384,  395,  896,  384,  316,  629,  560,  195,  395, 1015,    0,  568,  670,  990,  966,  605,  642,  270,  933,  800,  644,  813,  478,  351,  771,  640,  896,  874,  278,  262,  807,  344,  620,  582,  383,  331,  805,  826,  524, 1132,  508,  620,  613,  527,  560,   94,   65,  433,  831,  354,  987,  229, 1015,  409,  178,  190,  282,  934,  941,  618,  880, 1015,  537,  572,   88,  944,  964,  788,  939,  204, 1036,  813,  159,  493,  418,  831,  628,  615,  718,  211,  992,  753,  414,  747,  823,  833,  317,  833,  619,  515,  433,  687,  903,  963,  962,  504,  442,  490,  902,  516,  530,  860,  940,  373,  317,  731,  725,  916,  873,  960,  995,  436,  420,  487],
        [ 1105,    0,  739,  338,  610,  307,  729,  806,  282,  691,  718,  889,  104,  819,  859,  764,  733, 1119,  806,  923, 1060,  321,  345,  699,  634,  719,  494,  145,  332,  344, 1080,  764,  289,  774,  377,  753,  683,  620,  568,    0,  368, 1082, 1051,  760,  132,  424,  864,  731,  609,  724,  186,  265,  570,  636,  740,  960,  748,  537,  756,  870,  269,   24,  226,  251,  895,  499,  548,  775,  254,  829,  745,  201,  511,  478,  513,  537,  783,  394,  995,  721,  817,  168,  472,  683,  570,  674, 1113,  529,  573,  728,  705,  477,  611,  686,  568,  583, 1023,  482,  760,  369,  665,  584,  172,  508,  758,   91,  311,  736,  757,  653,  170,  861,  795,  800,  684,  775,  822,   65,  757,  422, 1018,  589,  553,  439,  833,  172,  508,  434,  624,  453,  993,  490,  676,  452,  801,  950,  594,  875,  793,  204,  862,  189],
        [  827,    0,  373,  214,  366,  151,  787,  565,  234,  446,  653,  895,  265,  687,  589,  465,  370,  810,  712,  812,  745,  333,  149,  515,  328,  771,  442,  297,  287,  277,  796,  661,  372,  521,  126,  802,  551,  346,  670,  368,    0,  759,  729,  516,  263,  410,  508,  384,  305,  373,  525,  537,  205,  340,  374,  645,  713,  486,  413,  855,   99,  349,  511,  387,  591,  162,  311,  470,  176,  599,  493,  194,  246,  583,  644,  366,  438,  327,  650,  711,  452,  441,  502,  687,  502,  315,  821,  225,  228,  382,  488,  201,  664,  328,  295,  217,  703,  487,  410,  192,  685,  372,  464,  168,  501,  450,  116,  749,  395,  306,  454,  573,  456,  458,  602,  428,  590,  335,  619,   57,  710,  294,  295,  223,  717,  516,  235,  208,  394,  200,  663,  369,  593,   86,  506,  618,  238,  515,  427,  275,  776,  533],
        [  204,    0,  544,  754,  493,  775,  974,  366,  815,  431,  720,  935,  992,  595,  279,  322,  442,   78,  674,  662,   39,  835,  885,  510,  448,  956,  743, 1051,  792,  774,  176,  651,  899,  364,  707,  965,  598,  856,  990, 1082,  759,    0,   31,  387, 1010,  794,  310,  382,  473,  401, 1180, 1121,  581,  447,  463,  125,  787,  738,  352,  875,  841, 1070, 1117,  946,  195,  739,  549,  815,  829,  377,  384,  881,  573,  961, 1018,  602,  331,  754,  158,  831,  516, 1068,  848,  847,  711,  621,  150,  555,  702,  667,  456,  605,  918,  618,  847,  578,   59,  816,  651,  914,  872,  538, 1096,  733,  368, 1172,  871,  883,  579,  457, 1084,  247,  308,  308,  687,  344,  376, 1027,  580,  706,   89,  810,  869,  649,  631, 1178,  838,  652,  494,  856,  101,  670,  684,  701,  289,  148,  659,  328,  524,  900,  706, 1190],
        [  210,    0,  518,  724,  464,  744,  953,  342,  785,  404,  700,  919,  961,  578,  255,  292,  414,   98,  656,  649,   36,  806,  855,  486,  418,  935,  716, 1020,  763,  745,  178,  632,  870,  338,  676,  945,  575,  830,  966, 1051,  729,   31,    0,  362,  980,  767,  285,  352,  443,  372, 1150, 1092,  551,  416,  437,   96,  768,  713,  322,  859,  810, 1040, 1088,  917,  167,  710,  520,  792,  798,  356,  357,  851,  543,  935,  993,  574,  302,  725,  140,  810,  493, 1039,  822,  825,  686,  595,  160,  524,  674,  643,  431,  575,  894,  592,  819,  548,   29,  790,  627,  884,  850,  510, 1066,  704,  342, 1141,  840,  863,  555,  426, 1055,  221,  278,  279,  665,  315,  354,  997,  560,  675,   72,  783,  841,  619,  614, 1148,  809,  621,  465,  827,   73,  642,  662,  671,  260,  119,  631,  304,  500,  870,  691, 1160],
