{
    "name": "random-52-7364",
    "comment": "size=52 seed=7364",
    "nodes": ["+0", "-0", "+1", "-1", "+2", "-2", "+3", "-3", "+4", "-4", "+5", "-5", "+6", "-6", "+7", "-7", "+8", "-8", "+9", "-9", "+10", "-10", "+11", "-11", "+12", "-12", "+13", "-13", "+14", "-14", "+15", "-15", "+16", "-16", "+17", "-17", "+18", "-18", "+19", "-19", "+20", "-20", "+21", "-21", "+22", "-22", "+23", "-23", "+24", "-24", "+25", "-25", "+26", "-26", "+27", "-27", "+28", "-28", "+29", "-29", "+30", "-30", "+31", "-31", "+32", "-32", "+33", "-33", "+34", "-34", "+35", "-35", "+36", "-36", "+37", "-37", "+38", "-38", "+39", "-39", "+40", "-40", "+41", "-41", "+42", "-42", "+43", "-43", "+44", "-44", "+45", "-45", "+46", "-46", "+47", "-47", "+48", "-48", "+49", "-49", "+50", "-50", "+51", "-51", "+52", "-52"],
    "precedence": {
        "+0": "-0",
        "+1": "-1",
        "+2": "-2",
        "+3": "-3",
        "+4": "-4",
        "+5": "-5",
        "+6": "-6",
        "+7": "-7",
        "+8": "-8",
        "+9": "-9",
        "+10": "-10",
        "+11": "-11",
        "+12": "-12",
        "+13": "-13",
        "+14": "-14",
        "+15": "-15",
        "+16": "-16",
        "+17": "-17",
        "+18": "-18",
        "+19": "-19",
        "+20": "-20",
        "+21": "-21",
        "+22": "-22",
        "+23": "-23",
        "+24": "-24",
        "+25": "-25",
        "+26": "-26",
        "+27": "-27",
        "+28": "-28",
        "+29": "-29",
        "+30": "-30",
        "+31": "-31",
        "+32": "-32",
        "+33": "-33",
        "+34": "-34",
        "+35": "-35",
        "+36": "-36",
        "+37": "-37",
        "+38": "-38",
        "+39": "-39",
        "+40": "-40",
        "+41": "-41",
        "+42": "-42",
        "+43": "-43",
        "+44": "-44",
        "+45": "-45",
        "+46": "-46",
        "+47": "-47",
        "+48": "-48",
        "+49": "-49",
        "+50": "-50",
        "+51": "-51",
        "+52": "-52"
    },
    "edges": [
        [    0,    0,  505,  603,  441,  930,  894,  517,  291,  481,  447,  742,  376,  914,  505,  457,  387,  704,  159,  169,  691,  387,  333,  231,  369,  213,  382,  221,  373,  659,  774,  614,  640,  594,  176,  237,  559,  272,  354,  227,  306,  412,  266,  124,  539,  497,  379,  572,  531,  635,  267,  552,  685,  211,  714,  752,  413,  529,  314,  754,  623,  323,  451,  204,  395,  499,  248,  758,  752,  424,  539,  608,  516,  263,  868,  900,  586,  287,  214,  674,  301,  122,  822,  345,  785,  487,  362,   88,  428,  664,  367,  444,  339,  477,  232,  427,  635,  539,  754,  682,  435,  315,  332,  261,  610,  728],
        [    0,    0,    0,    0,    0,    0,    0,    0,    0,    0,    0,    0,    0,    0,    0,    0,    0,    0,    0,    0,    0,    0,    0,    0,    0,    0,    0,    0,    0,    0,    0,    0,    0,    0,    0,    0,    0,    0,    0,    0,    0,    0,    0,    0,    0,    0,    0,    0,    0,    0,    0,    0,    0,    0,    0,    0,    0,    0,    0,    0,    0,    0,    0,    0,    0,    0,    0,    0,    0,    0,    0,    0,    0,    0,    0,    0,    0,    0,    0,    0,    0,    0,    0,    0,    0,    0,    0,    0,    0,    0,    0,    0,    0,    0,    0,    0,    0,    0,    0,    0,    0,    0,    0,    0,    0,    0],
        [  505,    0,    0,  269,  806,  940,  939,  997,  230,  405,  598,  591,  213,  903,  442,  669,  342,  618,  497,  452,  574,  352,  543,  694,  138,  616,  131,  507,  676,  738,  800,  924,  386,  329,  345,  721,   83,  770,  532,  716,  410,  882,  586,  627,  144,  768,  634, 1041,  862,  851,  738,  890,  233,  660,  587,  316,  142,   54,  478,  818,  507,  826,  440,  670,  440,  570,  293,  675,  579,  751,  822,  505,   63,  284,  911,  874,  378,  743,  310,  262,  806,  436,  792,  171,  781,  296,  146,  573,  872,  939,  440,  881,  657,  953,  589,  234,  201,  593,  653,  235,  742,  371,  529,  245,  451,  711],
        [  603,    0,  269,    0,  750,  704,  714, 1009,  417,  241,  476,  334,  230,  663,  264,  558,  256,  378,  520,  477,  330,  263,  756,  720,  304,  623,  344,  691,  611,  548,  581,  820,  123,   78,  429,  839,  201,  823,  752,  829,  629,  892,  771,  706,  126,  667,  844, 1038,  777,  708,  765,  805,  157,  800,  338,  176,  389,  218,  694,  611,  276,  889,  296,  800,  332,  414,  478,  431,  317,  683,  717,  280,  207,  341,  688,  631,  141,  756,  393,  102,  885,  494,  553,  373,  553,  141,  337,  688,  860,  814,  350,  863,  605,  962,  580,  177,  120,  422,  405,  149,  664,  594,  460,  397,  214,  485],
        [  441,    0,  806,  750,    0,  665,  609,  320,  663,  519,  298,  680,  601,  671,  510,  224,  501,  601,  333,  370,  621,  493,  768,  240,  681,  230,  721,  657,  140,  424,  539,  182,  709,  696,  495,  509,  821,  322,  791,  493,  744,  233,  684,  380,  761,  146,  797,  318,   97,  273,  239,  113,  890,  560,  642,  925,  775,  802,  754,  493,  589,  372,  462,  532,  418,  383,  649,  628,  704,   71,  148,  572,  784,  526,  590,  674,  649,  201,  518,  849,  416,  410,  623,  698,  574,  610,  695,  472,  162,  245,  401,  152,  151,  279,  231,  610,  840,  405,  642,  884,   99,  748,  292,  614,  620,  551],
        [  930,    0,  940,  704,  665,    0,   66,  976,  962,  547,  483,  382,  766,   48,  509,  494,  640,  327,  771,  767,  375,  632, 1236,  847,  894,  769,  948, 1131,  608,  272,  158,  558,  585,  629,  843, 1106,  893,  958, 1247, 1090, 1148,  898, 1191,  946,  810,  522, 1300,  955,  599,  402,  869,  610,  847, 1124,  369,  819, 1010,  899, 1193,  180,  435, 1020,  534, 1105,  569,  438,  995,  275,  407,  615,  522,  436,  883,  796,   77,   83,  569,  835,  834,  783, 1055,  823,  151,  954,  161,  646,  927, 1004,  826,  493,  591,  813,  639,  939,  724,  718,  821,  399,  302,  839,  585, 1130,  598,  914,  495,  231],
        [  894,    0,  939,  714,  609,   66,    0,  916,  945,  539,  447,  404,  756,  101,  501,  449,  626,  338,  736,  735,  388,  618, 1207,  799,  884,  725,  937, 1100,  560,  236,  139,  495,  598,  637,  818, 1062,  897,  908, 1220, 1046, 1125,  841, 1158,  904,  813,  468, 1268,  894,  540,  342,  819,  549,  862, 1084,  385,  839, 1000,  901, 1166,  141,  440,  969,  519, 1064,  548,  412,  974,  293,  431,  561,  464,  438,  884,  777,   29,  130,  576,  784,  812,  798, 1005,  791,  172,  941,  162,  644,  915,  966,  769,  429,  567,  755,  592,  880,  682,  712,  833,  375,  322,  854,  532, 1108,  564,  896,  501,  230],
        [  517,    0,  997, 1009,  320,  976,  916,    0,  802,  798,  604,  990,  818,  985,  798,  538,  753,  915,  505,  551,  931,  747,  766,  304,  860,  389,  885,  674,  432,  743,  857,  432,  991,  968,  653,  425, 1033,  251,  795,  414,  797,  118,  662,  399,  989,  465,  758,   71,  377,  575,  259,  369, 1132,  508,  954, 1181,  924, 1007,  780,  808,  892,  231,  744,  477,  691,  690,  764,  946, 1013,  385,  455,  875,  992,  718,  899,  990,  930,  257,  687, 1101,  284,  561,  942,  852,  893,  869,  862,  490,  162,  505,  667,  169,  422,   48,  429,  846, 1079,  717,  958, 1127,  415,  817,  560,  765,  914,  870],
        [  291,    0,  230,  417,  663,  962,  945,  802,    0,  422,  532,  671,  214,  934,  460,  583,  323,  668,  331,  294,  636,  331,  339,  504,  115,  446,   99,  284,  551,  719,  809,  810,  501,  443,  169,  494,  300,  562,  336,  489,  214,  693,  364,  414,  312,  664,  428,  854,  736,  776,  546,  762,  445,  431,  655,  524,  123,  267,  278,  810,  562,  613,  428,  441,  399,  538,   66,  728,  669,  622,  716,  553,  260,  171,  917,  911,  466,  558,  152,  454,  587,  256,  827,   59,  803,  357,   89,  349,  696,  841,  383,  708,  524,  761,  433,  275,  402,  572,  713,  444,  620,  183,  431,   53,  522,  734],
        [  481,    0,  405,  241,  519,  547,  539,  798,  422,    0,  236,  265,  219,  515,   39,  318,  104,  247,  352,  320,  220,   99,  728,  531,  347,  430,  401,  637,  381,  334,  400,  579,  193,  179,  337,  709,  376,  644,  734,  696,  623,  684,  709,  555,  296,  427,  805,  820,  539,  472,  573,  567,  393,  692,  242,  413,  463,  373,  676,  414,  147,  713,   58,  683,  108,  177,  464,  307,  272,  450,  477,  135,  355,  268,  511,  491,  133,  556,  316,  342,  721,  360,  406,  409,  387,  117,  380,  568,  643,  575,  135,  643,  381,  751,  381,  174,  348,  192,  294,  386,  428,  599,  238,  378,  131,  317],
        [  447,    0,  598,  476,  298,  483,  447,  604,  532,  236,    0,  387,  387,  470,  219,   83,  257,  315,  289,  289,  328,  247,  762,  388,  501,  297,  552,  655,  173,  212,  329,  344,  417,  413,  384,  630,  589,  506,  777,  614,  689,  498,  711,  468,  515,  192,  821,  613,  305,  254,  421,  332,  627,  642,  351,  649,  614,  578,  725,  308,  292,  573,  180,  624,  159,   87,  548,  354,  410,  228,  241,  275,  560,  363,  421,  460,  360,  393,  385,  577,  598,  345,  387,  543,  345,  344,  526,  522,  442,  345,  160,  438,  189,  558,  248,  371,  580,  117,  362,  620,  202,  677,  117,  480,  324,  297],
        [  742,    0,  591,  334,  680,  382,  404,  990,  671,  265,  387,    0,  458,  337,  238,  456,  367,   89,  603,  577,   60,  364,  990,  759,  578,  660,  629,  901,  559,  315,  288,  672,  211,  263,  602,  964,  532,  877,  994,  950,  879,  884,  974,  806,  451,  550, 1068,  997,  664,  520,  797,  687,  468,  953,   38,  438,  686,  544,  935,  335,  119,  946,  293,  943,  350,  301,  719,  111,   31,  610,  584,  135,  530,  529,  381,  304,  214,  773,  579,  404,  961,  621,  233,  646,  248,  317,  613,  829,  829,  638,  380,  824,  573,  945,  609,  399,  447,  275,   82,  460,  581,  852,  456,  632,  150,  196],
        [  376,    0,  213,  230,  601,  766,  756,  818,  214,  219,  387,  458,    0,  733,  257,  456,  135,  459,  315,  269,  424,  145,  544,  519,  129,  430,  183,  469,  467,  541,  617,  712,  293,  237,  200,  612,  221,  611,  544,  602,  425,  702,  547,  484,  172,  556,  628,  856,  652,  640,  564,  680,  318,  571,  443,  379,  245,  202,  485,  627,  351,  675,  240,  571,  231,  365,  267,  519,  455,  543,  609,  343,  184,  114,  728,  708,  254,  562,  164,  299,  666,  273,  624,  192,  605,  144,  162,  459,  682,  726,  228,  689,  450,  772,  395,   63,  266,  393,  503,  314,  531,  396,  318,  179,  308,  535],
        [  914,    0,  903,  663,  671,   48,  101,  985,  934,  515,  470,  337,  733,    0,  477,  488,  611,  287,  756,  749,  334,  603, 1214,  842,  862,  760,  915, 1111,  604,  263,  142,  574,  542,  588,  820, 1097,  854,  956, 1225, 1081, 1123,  903, 1173,  936,  771,  526, 1280,  968,  610,  415,  867,  623,  804, 1111,  326,  774,  977,  861, 1169,  179,  397, 1019,  506, 1093,  544,  417,  968,  233,  362,  617,  531,  399,  845,  769,   99,   35,  529,  833,  809,  739, 1051,  804,  112,  923,  132,  610,  894,  990,  833,  512,  567,  820,  634,  947,  715,  684,  779,  378,  259,  796,  586, 1104,  583,  886,  455,  200],
        [  505,    0,  442,  264,  510,  509,  501,  798,  460,   39,  219,  238,  257,  477,    0,  301,  138,  212,  369,  341,  188,  133,  761,  540,  386,  439,  439,  668,  374,  299,  362,  559,  199,  196,  368,  729,  411,  655,  768,  716,  658,  686,  739,  573,  329,  410,  837,  816,  524,  445,  581,  551,  419,  716,  211,  433,  501,  409,  710,  376,  119,  724,   59,  706,  118,  151,  500,  271,  248,  441,  458,  104,  391,  302,  473,  453,  141,  562,  349,  365,  735,  384,  368,  447,  348,  151,  418,  592,  641,  551,  147,  640,  378,  752,  389,  212,  376,  160,  260,  412,  417,  635,  240,  414,  118,  278],
        [  457,    0,  669,  558,  224,  494,  449,  538,  583,  318,   83,  456,  456,  488,  301,    0,  332,  378,  302,  315,  397,  322,  784,  355,  564,  276,  613,  673,  118,  226,  348,  264,  499,  495,  425,  614,  665,  469,  801,  598,  722,  438,  723,  456,  593,  110,  836,  542,  223,  194,  381,  250,  708,  638,  419,  731,  674,  652,  752,  314,  368,  534,  262,  616,  235,  162,  591,  409,  480,  155,  160,  351,  634,  418,  424,  483,  442,  349,  433,  659,  564,  370,  420,  600,  373,  424,  587,  522,  377,  270,  230,  370,  146,  494,  235,  446,  660,  182,  420,  701,  126,  715,  153,  530,  404,  338],
        [  387,    0,  342,  256,  501,  640,  626,  753,  323,  104,  257,  367,  135,  611,  138,  332,    0,  349,  273,  235,  323,   11,  625,  468,  260,  369,  313,  534,  363,  407,  488,  593,  258,  221,  235,  620,  333,  576,  631,  608,  520,  636,  607,  472,  263,  437,  702,  782,  539,  510,  513,  568,  390,  597,  345,  430,  377,  321,  573,  495,  250,  643,  108,  590,   99,  231,  362,  409,  372,  437,  489,  238,  303,  164,  598,  588,  201,  502,  212,  351,  645,  267,  504,  315,  480,  117,  290,  475,  604,  601,  104,  608,  353,  706,  325,  115,  339,  259,  397,  384,  421,  497,  209,  277,  226,  412],
        [  704,    0,  618,  378,  601,  327,  338,  915,  668,  247,  315,   89,  459,  287,  212,  378,  349,    0,  556,  536,   51,  344,  972,  697,  585,  600,  638,  877,  486,  226,  211,  585,  261,  303,  578,  917,  568,  815,  979,  902,  869,  812,  947,  756,  484,  467, 1047,  919,  580,  432,  733,  602,  525,  913,   56,  504,  698,  575,  921,  253,  111,  884,  257,  900,  310,  232,  710,   61,  119,  532,  500,  117,  559,  513,  313,  257,  243,  707,  559,  461,  904,  584,  176,  650,  177,  327,  619,  788,  754,  550,  338,  748,  504,  871,  549,  405,  496,  200,   51,  517,  503,  845,  398,  624,  169,  115],
        [  159,    0,  497,  520,  333,  771,  736,  505,  331,  352,  289,  603,  315,  756,  369,  302,  273,  556,    0,   46,  548,  270,  482,  205,  363,  120,  396,  372,  233,  501,  616,  489,  530,  493,  164,  362,  529,  304,  499,  348,  428,  389,  424,  204,  486,  355,  535,  546,  411,  487,  250,  436,  630,  360,  572,  685,  446,  504,  453,  596,  485,  371,  312,  345,  253,  343,  318,  608,  616,  297,  403,  469,  488,  214,  709,  743,  471,  249,  191,  605,  373,   78,  666,  369,  628,  387,  371,  236,  376,  529,  224,  386,  201,  459,  103,  348,  578,  383,  606,  626,  301,  426,  173,  284,  482,  572],
        [  169,    0,  452,  477,  370,  767,  735,  551,  294,  320,  289,  577,  269,  749,  341,  315,  235,  536,   46,    0,  524,  233,  474,  250,  319,  166,  353,  366,  261,  499,  610,  520,  492,  453,  125,  389,  483,  347,  489,  376,  408,  435,  425,  237,  441,  379,  534,  592,  443,  505,  296,  469,  585,  378,  548,  641,  405,  458,  439,  595,  459,  413,  285,  366,  228,  333,  286,  590,  588,  329,  429,  443,  442,  168,  708,  734,  435,  295,  149,  561,  411,   57,  655,  328,  619,  346,  328,  253,  421,  555,  199,  430,  232,  505,  142,  304,  533,  372,  586,  581,  330,  402,  172,  244,  450,  560],
        [  691,    0,  574,  330,  621,  375,  388,  931,  636,  220,  328,   60,  424,  334,  188,  397,  323,   51,  548,  524,    0,  318,  947,  701,  549,  602,  601,  856,  500,  268,  261,  618,  211,  255,  556,  910,  521,  819,  953,  896,  840,  825,  927,  751,  439,  492, 1024,  938,  607,  469,  738,  631,  475,  901,   25,  454,  660,  530,  895,  301,   74,  888,  240,  890,  297,  242,  681,  102,   84,  551,  528,   85,  515,  486,  363,  303,  197,  714,  535,  411,  904,  570,  224,  615,  227,  288,  583,  776,  770,  587,  326,  765,  514,  886,  551,  368,  447,  216,   80,  467,  523,  815,  398,  594,  124,  164],
        [  387,    0,  352,  263,  493,  632,  618,  747,  331,   99,  247,  364,  145,  603,  133,  322,   11,  344,  270,  233,  318,    0,  630,  463,  269,  364,  322,  538,  354,  398,  480,  583,  260,  225,  238,  619,  343,  572,  636,  607,  526,  630,  611,  470,  273,  427,  706,  775,  530,  500,  508,  558,  398,  597,  341,  437,  386,  331,  578,  486,  246,  640,   99,  591,   89,  221,  368,  403,  370,  429,  480,  234,  313,  170,  590,  581,  202,  496,  217,  359,  643,  267,  497,  324,  473,  123,  299,  475,  598,  591,   94,  601,  345,  700,  319,  125,  348,  250,  392,  392,  412,  504,  201,  284,  224,  404],
        [  333,    0,  543,  756,  768, 1236, 1207,  766,  339,  728,  762,  990,  544, 1214,  761,  784,  625,  972,  482,  474,  947,  630,    0,  538,  453,  544,  423,  113,  706,  971, 1079,  945,  835,  779,  396,  349,  622,  522,   30,  356,  134,  687,  107,  397,  648,  829,   92,  833,  860,  967,  561,  880,  772,  262,  969,  854,  403,  590,   66, 1067,  874,  537,  718,  292,  672,  798,  279, 1031,  992,  756,  872,  863,  587,  462, 1179, 1196,  796,  591,  413,  789,  488,  418, 1114,  387, 1082,  686,  423,  299,  725,  996,  648,  743,  671,  738,  564,  606,  733,  837, 1021,  773,  768,  173,  646,  365,  843, 1019],
        [  231,    0,  694,  720,  240,  847,  799,  304,  504,  531,  388,  759,  519,  842,  540,  355,  468,  697,  205,  250,  701,  463,  538,    0,  557,  102,  583,  431,  239,  580,  702,  421,  719,  688,  350,  274,  731,  119,  563,  257,  534,  190,  448,  143,  690,  343,  560,  351,  336,  488,   46,  352,  834,  321,  724,  888,  625,  705,  533,  667,  648,  188,  482,  293,  424,  467,  472,  740,  777,  252,  371,  630,  689,  415,  776,  837,  659,   57,  384,  808,  211,  258,  771,  551,  726,  584,  560,  240,  197,  483,  396,  213,  209,  260,  152,  551,  782,  502,  745,  830,  275,  545,  304,  464,  656,  684],
        [  369,    0,  138,  304,  681,  894,  884,  860,  115,  347,  501,  578,  129,  862,  386,  564,  260,  585,  363,  319,  549,  269,  453,  557,    0,  483,   54,  398,  556,  667,  745,  810,  396,  337,  208,  591,  193,  632,  448,  584,  325,  746,  478,  490,  197,  657,  542,  906,  743,  754,  602,  771,  333,  534,  566,  410,  117,  161,  390,  754,  476,  689,  366,  542,  351,  489,  180,  646,  573,  631,  710,  469,  151,  155,  856,  836,  368,  607,  174,  340,  670,  300,  752,   70,  734,  262,   35,  440,  739,  832,  343,  749,  534,  816,  459,  181,  288,  518,  628,  332,  624,  291,  417,  113,  429,  663],
        [  213,    0,  616,  623,  230,  769,  725,  389,  446,  430,  297,  660,  430,  760,  439,  276,  369,  600,  120,  166,  602,  364,  544,  102,  483,    0,  515,  432,  172,  498,  619,  402,  618,  588,  281,  338,  647,  218,  566,  322,  514,  272,  467,  181,  601,  291,  581,  427,  318,  435,  144,  340,  743,  365,  626,  794,  563,  623,  526,  589,  547,  287,  381,  342,  323,  372,  425,  645,  677,  212,  330,  530,  606,  333,  700,  753,  558,  134,  311,  714,  304,  190,  683,  487,  640,  486,  490,  257,  256,  453,  295,  266,  137,  343,   52,  458,  691,  408,  649,  738,  227,  519,  205,  400,  556,  594],
        [  382,    0,  131,  344,  721,  948,  937,  885,   99,  401,  552,  629,  183,  915,  439,  613,  313,  638,  396,  353,  601,  322,  423,  583,   54,  515,    0,  379,  599,  720,  799,  855,  442,  383,  235,  592,  203,  650,  415,  587,  291,  773,  458,  504,  227,  703,  513,  933,  786,  803,  627,  813,  352,  529,  618,  432,   64,  170,  359,  807,  529,  704,  420,  540,  403,  542,  163,  698,  623,  672,  756,  522,  166,  198,  909,  890,  417,  635,  205,  367,  681,  327,  805,   41,  787,  314,   27,  445,  769,  879,  394,  780,  575,  842,  495,  233,  311,  572,  680,  352,  667,  255,  463,  121,  481,  717],
        [  221,    0,  507,  691,  657, 1131, 1100,  674,  284,  637,  655,  901,  469, 1111,  668,  673,  534,  877,  372,  366,  856,  538,  113,  431,  398,  432,  379,    0,  594,  865,  974,  833,  760,  705,  300,  273,  582,  425,  134,  276,  137,  587,   81,  292,  594,  717,  170,  738,  749,  855,  456,  769,  728,  189,  878,  807,  375,  548,  107,  960,  784,  449,  621,  213,  573,  695,  219,  935,  905,  644,  760,  771,  543,  375, 1073, 1094,  715,  484,  323,  737,  404,  310, 1013,  340,  980,  606,  372,  193,  621,  884,  547,  639,  559,  643,  452,  530,  685,  734,  927,  728,  656,  169,  538,  295,  757,  918],
        [  373,    0,  676,  611,  140,  608,  560,  432,  551,  381,  173,  559,  467,  604,  374,  118,  363,  486,  233,  261,  500,  354,  706,  239,  556,  172,  599,  594,    0,  343,  465,  260,  572,  558,  384,  505,  686,  352,  726,  489,  661,  326,  635,  351,  623,  124,  749,  444,  188,  264,  263,  215,  752,  536,  523,  786,  656,  668,  682,  428,  461,  416,  324,  513,  279,  259,  547,  522,  582,   77,  170,  444,  650,  402,  537,  601,  512,  231,  401,  710,  447,  310,  538,  579,  491,  471,  572,  428,  271,  296,  262,  268,   36,  386,  142,  473,  701,  287,  531,  745,   70,  659,  154,  500,  487,  455],
        [  659,    0,  738,  548,  424,  272,  236,  743,  719,  334,  212,  315,  541,  263,  299,  226,  407,  226,  501,  499,  268,  398,  971,  580,  667,  498,  720,  865,  343,    0,  122,  369,  449,  472,  585,  836,  709,  695,  985,  820,  891,  652,  923,  675,  627,  279, 1032,  734,  380,  210,  606,  398,  703,  853,  280,  700,  783,  707,  932,   96,  284,  759,  302,  833,  321,  181,  744,  228,  344,  363,  297,  274,  689,  548,  209,  258,  409,  573,  580,  643,  790,  555,  200,  720,  151,  449,  696,  733,  585,  327,  337,  575,  372,  702,  453,  506,  665,  149,  250,  696,  332,  876,  329,  668,  342,  137],
        [  774,    0,  800,  581,  539,  158,  139,  857,  809,  400,  329,  288,  617,  142,  362,  348,  488,  211,  616,  610,  261,  480, 1079,  702,  745,  619,  799,  974,  465,  122,    0,  463,  468,  504,  687,  956,  760,  816, 1090,  940,  992,  770, 1035,  795,  676,  394, 1143,  845,  487,  299,  728,  502,  731,  970,  263,  714,  862,  763, 1036,   58,  306,  880,  382,  952,  414,  281,  840,  179,  318,  482,  405,  303,  746,  641,  112,  137,  441,  694,  678,  668,  911,  666,   93,  803,   47,  505,  777,  849,  701,  409,  434,  690,  493,  817,  573,  573,  700,  242,  208,  723,  451,  974,  443,  760,  368,   97],
        [  614,    0,  924,  820,  182,  558,  495,  432,  810,  579,  344,  672,  712,  574,  559,  264,  593,  585,  489,  520,  618,  583,  945,  421,  810,  402,  855,  833,  260,  369,  463,    0,  753,  755,  643,  689,  925,  498,  967,  673,  912,  380,  863,  560,  855,  157,  977,  402,   86,  164,  418,   73,  970,  742,  635,  992,  913,  911,  928,  407,  607,  541,  524,  714,  498,  412,  805,  595,  700,  193,  104,  592,  893,  658,  482,  586,  699,  381,  660,  921,  590,  567,  554,  837,  505,  687,  829,  652,  306,   73,  490,  287,  289,  402,  391,  707,  923,  417,  616,  964,  191,  913,  396,  759,  652,  505],
        [  640,    0,  386,  123,  709,  585,  598,  991,  501,  193,  417,  211,  293,  542,  199,  499,  258,  261,  530,  492,  211,  260,  835,  719,  396,  618,  442,  760,  572,  449,  468,  753,    0,   60,  475,  875,  322,  830,  835,  863,  714,  877,  837,  728,  243,  607,  920, 1012,  722,  627,  762,  749,  265,  846,  217,  252,  494,  336,  776,  502,  167,  898,  249,  842,  301,  342,  558,  310,  195,  640,  653,  175,  324,  390,  573,  510,   61,  747,  443,  201,  902,  522,  434,  466,  437,  155,  430,  727,  835,  739,  326,  836,  573,  944,  571,  230,  238,  340,  284,  257,  616,  683,  431,  471,  107,  371],
        [  594,    0,  329,   78,  696,  629,  637,  968,  443,  179,  413,  263,  237,  588,  196,  495,  221,  303,  493,  453,  255,  225,  779,  688,  337,  588,  383,  705,  558,  472,  504,  755,   60,    0,  425,  830,  269,  796,  778,  819,  657,  852,  784,  688,  188,  604,  864,  993,  717,  637,  732,  744,  232,  798,  264,  238,  435,  281,  719,  534,  199,  863,  236,  796,  280,  346,  501,  356,  250,  628,  653,  203,  267,  339,  611,  557,   64,  719,  393,  172,  864,  478,  478,  407,  476,  108,  371,  681,  815,  746,  302,  817,  556,  921,  542,  176,  197,  350,  332,  224,  606,  625,  411,  415,  137,  408],
        [  176,    0,  345,  429,  495,  843,  818,  653,  169,  337,  384,  602,  200,  820,  368,  425,  235,  578,  164,  125,  556,  238,  396,  350,  208,  281,  235,  300,  384,  585,  687,  643,  475,  425,    0,  412,  389,  427,  406,  402,  307,  540,  373,  290,  364,  499,  470,  700,  567,  618,  394,  594,  510,  374,  578,  576,  283,  361,  350,  679,  484,  486,  322,  372,  276,  407,  167,  636,  607,  453,  550,  471,  347,   88,  790,  801,  425,  401,   38,  498,  471,   93,  719,  206,  688,  320,  210,  259,  535,  676,  253,  546,  355,  609,  265,  254,  460,  445,  627,  507,  453,  294,  274,  120,  460,  624],
        [  237,    0,  721,  839,  509, 1106, 1062,  425,  494,  709,  630,  964,  612, 1097,  729,  614,  620,  917,  362,  389,  910,  619,  349,  274,  591,  338,  592,  273,  505,  836,  956,  689,  875,  830,  412,    0,  783,  201,  378,   17,  408,  362,  243,  162,  771,  615,  334,  494,  605,  760,  271,  618,  916,   87,  934,  986,  609,  751,  374,  927,  846,  195,  672,   60,  614,  697,  436,  967,  976,  524,  644,  830,  741,  499, 1038, 1089,  820,  309,  448,  908,  141,  354, 1016,  552,  974,  723,  577,  153,  416,  753,  585,  437,  472,  402,  383,  664,  867,  736,  967,  914,  547,  437,  524,  479,  839,  924],
        [  559,    0,   83,  201,  821,  893,  897, 1033,  300,  376,  589,  532,  221,  854,  411,  665,  333,  568,  529,  483,  521,  343,  622,  731,  193,  647,  203,  582,  686,  709,  760,  925,  322,  269,  389,  783,    0,  815,  613,  776,  490,  917,  661,  677,   84,  769,  713, 1074,  868,  839,  776,  897,  151,  726,  532,  234,  223,   34,  558,  783,  459,  875,  419,  734,  431,  549,  364,  623,  517,  762,  822,  459,   43,  316,  870,  824,  325,  777,  352,  180,  858,  476,  743,  243,  737,  261,  211,  632,  900,  933,  436,  908,  670,  988,  614,  219,  119,  568,  599,  152,  749,  451,  535,  305,  399,  667],
        [  272,    0,  770,  823,  322,  958,  908,  251,  562,  644,  506,  877,  611,  956,  655,  469,  576,  815,  304,  347,  819,  572,  522,  119,  632,  218,  650,  425,  352,  695,  816,  498,  830,  796,  427,  201,  815,    0,  550,  187,  547,  166,  422,  151,  783,  445,  525,  314,  416,  587,   90,  426,  929,  272,  843,  987,  685,  787,  531,  779,  765,   70,  597,  241,  539,  585,  519,  859,  894,  351,  465,  747,  773,  502,  886,  952,  770,  126,  464,  907,   97,  340,  887,  615,  841,  690,  629,  240,  216,  565,  510,  236,  324,  218,  269,  650,  877,  621,  864,  925,  378,  567,  422,  529,  772,  801],
        [  354,    0,  532,  752,  791, 1247, 1220,  795,  336,  734,  777,  994,  544, 1225,  768,  801,  631,  979,  499,  489,  953,  636,   30,  563,  448,  566,  415,  134,  726,  985, 1090,  967,  835,  778,  406,  378,  613,  550,    0,  385,  124,  714,  136,  423,  642,  849,  107,  861,  883,  985,  587,  903,  763,  292,  974,  845,  391,  580,   60, 1080,  880,  566,  726,  321,  682,  810,  278, 1038,  995,  777,  892,  868,  578,  467, 1192, 1206,  797,  617,  420,  782,  517,  433, 1124,  381, 1093,  687,  417,  324,  751, 1017,  658,  770,  691,  766,  584,  606,  725,  849, 1027,  764,  788,  162,  661,  365,  846, 1029],
        [  227,    0,  716,  829,  493, 1090, 1046,  414,  489,  696,  614,  950,  602, 1081,  716,  598,  608,  902,  348,  376,  896,  607,  356,  257,  584,  322,  587,  276,  489,  820,  940,  673,  863,  819,  402,   17,  776,  187,  385,    0,  410,  349,  250,  147,  762,  599,  345,  483,  589,  744,  256,  602,  908,   94,  920,  977,  605,  745,  379,  911,  833,  184,  659,   65,  600,  682,  432,  953,  963,  508,  627,  816,  734,  489, 1022, 1073,  808,  293,  439,  899,  132,  342, 1001,  547,  959,  711,  571,  145,  402,  737,  571,  422,  455,  391,  367,  654,  859,  721,  952,  906,  531,  439,  509,  472,  826,  909],
        [  306,    0,  410,  629,  744, 1148, 1125,  797,  214,  623,  689,  879,  425, 1123,  658,  722,  520,  869,  428,  408,  840,  526,  134,  534,  325,  514,  291,  137,  661,  891,  992,  912,  714,  657,  307,  408,  490,  547,  124,  410,    0,  704,  197,  404,  518,  783,  224,  860,  831,  912,  565,  853,  640,  325,  861,  722,  270,  457,   69,  986,  767,  577,  619,  348,  579,  713,  160,  929,  879,  720,  830,  756,  455,  357, 1097, 1103,  678,  589,  315,  658,  535,  354, 1020,  257,  991,  569,  293,  308,  729,  956,  558,  746,  628,  763,  523,  487,  602,  750,  916,  641,  727,   40,  576,  248,  730,  925],
        [  412,    0,  882,  892,  233,  898,  841,  118,  693,  684,  498,  884,  702,  903,  686,  438,  636,  812,  389,  435,  825,  630,  687,  190,  746,  272,  773,  587,  326,  652,  770,  380,  877,  852,  540,  362,  917,  166,  714,  349,  704,    0,  587,  301,  873,  377,  690,  162,  310,  503,  147,  310, 1015,  437,  848, 1064,  814,  892,  693,  725,  782,  178,  630,  406,  576,  584,  658,  846,  906,  289,  378,  765,  876,  602,  822,  905,  816,  141,  573,  984,  233,  447,  851,  741,  802,  753,  749,  398,   75,  452,  552,   94,  312,   71,  313,  729,  962,  613,  856, 1010,  320,  720,  447,  653,  802,  775],
        [  266,    0,  586,  771,  684, 1191, 1158,  662,  364,  709,  711,  974,  547, 1173,  739,  723,  607,  947,  424,  425,  927,  611,  107,  448,  478,  467,  458,   81,  635,  923, 1035,  863,  837,  784,  373,  243,  661,  422,  136,  250,  197,  587,    0,  306,  674,  757,  115,  730,  778,  898,  466,  797,  808,  156,  950,  887,  452,  628,  143, 1018,  856,  432,  691,  186,  640,  757,  299, 1004,  979,  678,  797,  843,  622,  451, 1131, 1158,  792,  499,  398,  817,  382,  370, 1078,  419, 1043,  684,  452,  212,  628,  918,  613,  648,  600,  636,  494,  608,  765,  796,  997,  807,  693,  234,  595,  375,  831,  983],
        [  124,    0,  627,  706,  380,  946,  904,  399,  414,  555,  468,  806,  484,  936,  573,  456,  472,  756,  204,  237,  751,  470,  397,  143,  490,  181,  504,  292,  351,  675,  795,  560,  728,  688,  290,  162,  677,  151,  423,  147,  404,  301,  306,    0,  652,  468,  418,  458,  475,  612,  165,  492,  799,  186,  775,  862,  536,  648,  396,  767,  689,  200,  515,  162,  457,  535,  369,  806,  819,  381,  502,  672,  635,  371,  879,  927,  671,  194,  327,  783,  183,  212,  854,  468,  813,  580,  484,  100,  330,  619,  427,  348,  317,  362,  222,  530,  747,  574,  806,  795,  401,  420,  362,  384,  685,  763],
        [  539,    0,  144,  126,  761,  810,  813,  989,  312,  296,  515,  451,  172,  771,  329,  593,  263,  484,  486,  441,  439,  273,  648,  690,  197,  601,  227,  594,  623,  627,  676,  855,  243,  188,  364,  771,   84,  783,  642,  762,  518,  873,  674,  652,    0,  699,  738, 1026,  802,  763,  736,  831,  147,  721,  450,  217,  266,   93,  584,  700,  375,  845,  341,  726,  358,  471,  376,  540,  437,  699,  751,  375,   81,  281,  786,  741,  242,  733,  326,  144,  834,  443,  660,  261,  653,  179,  226,  618,  850,  860,  367,  857,  611,  943,  564,  151,   97,  488,  517,  144,  684,  481,  470,  303,  316,  584],
        [  497,    0,  768,  667,  146,  522,  468,  465,  664,  427,  192,  550,  556,  526,  410,  110,  437,  467,  355,  379,  492,  427,  829,  343,  657,  291,  703,  717,  124,  279,  394,  157,  607,  604,  499,  615,  769,  445,  849,  599,  783,  377,  757,  468,  699,    0,  871,  458,  116,  145,  357,  142,  816,  653,  513,  840,  762,  755,  805,  348,  471,  503,  371,  628,  342,  267,  664,  490,  576,   95,   54,  455,  736,  506,  447,  529,  551,  320,  513,  768,  542,  431,  478,  687,  429,  533,  677,  548,  308,  178,  333,  297,  158,  424,  265,  551,  768,  280,  505,  809,   69,  780,  241,  612,  510,  409],
        [  379,    0,  634,  844,  797, 1300, 1268,  758,  428,  805,  821, 1068,  628, 1280,  837,  836,  702, 1047,  535,  534, 1024,  706,   92,  560,  542,  581,  513,  170,  749, 1032, 1143,  977,  920,  864,  470,  334,  713,  525,  107,  345,  224,  690,  115,  418,  738,  871,    0,  827,  891, 1012,  576,  910,  863,  253, 1046,  945,  494,  681,  157, 1128,  952,  528,  791,  284,  742,  864,  366, 1105, 1072,  792,  911,  939,  678,  541, 1241, 1264,  879,  610,  490,  879,  474,  478, 1183,  477, 1150,  769,  513,  326,  736, 1032,  717,  755,  714,  735,  608,  690,  824,  903, 1096,  864,  807,  264,  705,  450,  923, 1088],
        [  572,    0, 1041, 1038,  318,  955,  894,   71,  854,  820,  613,  997,  856,  968,  816,  542,  782,  919,  546,  592,  938,  775,  833,  351,  906,  427,  933,  738,  444,  734,  845,  402, 1012,  993,  700,  494, 1074,  314,  861,  483,  860,  162,  730,  458, 1026,  458,  827,    0,  359,  554,  309,  346, 1166,  575,  960, 1211,  975, 1049,  844,  794,  904,  300,  764,  545,  714,  699,  818,  945, 1021,  387,  440,  887, 1033,  760,  879,  976,  952,  299,  733, 1132,  354,  607,  932,  902,  882,  897,  910,  552,  178,  473,  691,  177,  439,   97,  463,  880, 1114,  723,  959, 1161,  417,  878,  583,  814,  930,  866],
        [  531,    0,  862,  777,   97,  599,  540,  377,  736,  539,  305,  664,  652,  610,  524,  223,  539,  580,  411,  443,  607,  530,  860,  336,  743,  318,  786,  749,  188,  380,  487,   86,  722,  717,  567,  605,  868,  416,  883,  589,  831,  310,  778,  475,  802,  116,  891,  359,    0,  198,  335,   29,  924,  656,  627,  952,  842,  852,  844,  436,  587,  462,  482,  629,  448,  383,  728,  599,  691,  115,   83,  571,  834,  589,  523,  618,  665,  297,  587,  878,  509,  489,  575,  766,  526,  641,  760,  567,  235,  150,  436,  219,  213,  342,  310,  653,  875,  396,  616,  918,  121,  833,  335,  685,  626,  514],
        [  635,    0,  851,  708,  273,  402,  342,  575,  776,  472,  254,  520,  640,  415,  445,  194,  510,  432,  487,  505,  469,  500,  967,  488,  754,  435,  803,  855,  264,  210,  299,  164,  627,  637,  618,  760,  839,  587,  985,  744,  912,  503,  898,  612,  763,  145, 1012,  554,  198,    0,  500,  209,  863,  797,  485,  874,  865,  830,  939,  244,  470,  642,  422,  773,  412,  295,  784,  437,  550,  237,  125,  457,  812,  611,  325,  424,  577,  462,  626,  808,  683,  559,  390,  793,  342,  586,  777,  691,  429,  119,  413,  415,  299,  539,  405,  622,  819,  288,  459,  856,  213,  906,  346,  724,  521,  345],
        [  267,    0,  738,  765,  239,  869,  819,  259,  546,  573,  421,  797,  564,  867,  581,  381,  513,  733,  250,  296,  738,  508,  561,   46,  602,  144,  627,  456,  263,  606,  728,  418,  762,  732,  394,  271,  776,   90,  587,  256,  565,  147,  466,  165,  736,  357,  576,  309,  335,  500,    0,  347,  880,  329,  762,  934,  668,  750,  560,  690,  687,  154,  523,  300,  466,  502,  511,  774,  815,  263,  379,  670,  735,  461,  797,  864,  702,   39,  429,  854,  186,  303,  799,  594,  753,  629,  603,  264,  166,  483,  439,  184,  236,  216,  193,  597,  828,  536,  780,  876,  289,  579,  343,  507,  698,  714],
        [  552,    0,  890,  805,  113,  610,  549,  369,  762,  567,  332,  687,  680,  623,  551,  250,  568,  602,  436,  469,  631,  558,  880,  352,  771,  340,  813,  769,  215,  398,  502,   73,  749,  744,  594,  618,  897,  426,  903,  602,  853,  310,  797,  492,  831,  142,  910,  346,   29,  209,  347,    0,  952,  672,  650,  979,  869,  880,  866,  450,  612,  469,  510,  644,  476,  409,  753,  620,  714,  141,  103,  596,  862,  616,  533,  631,  692,  310,  614,  906,  518,  514,  592,  793,  542,  669,  787,  585,  235,  143,  465,  218,  239,  337,  335,  681,  903,  421,  638,  946,  149,  856,  363,  712,  652,  533],
        [  685,    0,  233,  157,  890,  847,  862, 1132,  445,  393,  627,  468,  318,  804,  419,  708,  390,  525,  630,  585,  475,  398,  772,  834,  333,  743,  352,  728,  752,  703,  731,  970,  265,  232,  510,  916,  151,  929,  763,  908,  640, 1015,  808,  799,  147,  816,  863, 1166,  924,  863,  880,  952,    0,  864,  479,   84,  374,  183,  708,  764,  427,  992,  447,  870,  477,  569,  510,  573,  447,  826,  867,  433,  187,  428,  837,  771,  295,  876,  473,   65,  981,  590,  697,  390,  701,  284,  356,  764,  989,  968,  491,  994,  742, 1085,  704,  286,   53,  578,  546,    8,  808,  602,  599,  443,  365,  635],
        [  211,    0,  660,  800,  560, 1124, 1084,  508,  431,  692,  642,  953,  571, 1111,  716,  638,  597,  913,  360,  378,  901,  597,  262,  321,  534,  365,  529,  189,  536,  853,  970,  742,  846,  798,  374,   87,  726,  272,  292,   94,  325,  437,  156,  186,  721,  653,  253,  575,  656,  797,  329,  672,  864,    0,  925,  938,  540,  694,  288,  946,  834,  277,  661,   32,  605,  702,  369,  966,  963,  566,  686,  819,  684,  461, 1059, 1100,  794,  365,  408,  862,  226,  333, 1025,  489,  985,  692,  516,  125,  485,  802,  576,  505,  501,  483,  403,  627,  817,  741,  963,  863,  586,  356,  530,  422,  820,  931],
        [  714,    0,  587,  338,  642,  369,  385,  954,  655,  242,  351,   38,  443,  326,  211,  419,  345,   56,  572,  548,   25,  341,  969,  724,  566,  626,  618,  878,  523,  280,  263,  635,  217,  264,  578,  934,  532,  843,  974,  920,  861,  848,  950,  775,  450,  513, 1046,  960,  627,  485,  762,  650,  479,  925,    0,  454,  677,  542,  916,  307,   95,  912,  264,  914,  321,  265,  701,   94,   65,  573,  547,  108,  527,  508,  361,  294,  209,  738,  557,  415,  928,  594,  218,  633,  226,  305,  601,  800,  792,  603,  350,  787,  537,  908,  575,  386,  454,  238,   68,  471,  544,  835,  422,  614,  139,  168],
        [  752,    0,  316,  176,  925,  819,  839, 1181,  524,  413,  649,  438,  379,  774,  433,  731,  430,  504,  685,  641,  454,  437,  854,  888,  410,  794,  432,  807,  786,  700,  714,  992,  252,  238,  576,  986,  234,  987,  845,  977,  722, 1064,  887,  862,  217,  840,  945, 1211,  952,  874,  934,  979,   84,  938,  454,    0,  457,  266,  790,  752,  418, 1052,  470,  942,  508,  583,  589,  546,  413,  859,  889,  427,  268,  492,  815,  740,  297,  927,  539,   81, 1044,  651,  670,  470,  680,  316,  436,  833, 1034,  983,  525, 1037,  780, 1134,  752,  338,  123,  586,  518,   82,  839,  684,  635,  518,  359,  617],
        [  413,    0,  142,  389,  775, 1010, 1000,  924,  123,  463,  614,  686,  245,  977,  501,  674,  377,  698,  446,  405,  660,  386,  403,  625,  117,  563,   64,  375,  656,  783,  862,  913,  494,  435,  283,  609,  223,  685,  391,  605,  270,  814,  452,  536,  266,  762,  494,  975,  842,  865,  668,  869,  374,  540,  677,  457,    0,  192,  338,  871,  588,  735,  483,  554,  466,  605,  174,  758,  678,  729,  815,  582,  193,  257,  972,  951,  473,  679,  257,  399,  707,  373,  867,   77,  849,  372,   88,  468,  815,  939,  457,  827,  631,  883,  546,  294,  340,  635,  740,  375,  724,  231,  524,  163,  539,  779],
        [  529,    0,   54,  218,  802,  899,  901, 1007,  267,  373,  578,  544,  202,  861,  409,  652,  321,  575,  504,  458,  530,  331,  590,  705,  161,  623,  170,  548,  668,  707,  763,  911,  336,  281,  361,  751,   34,  787,  580,  745,  457,  892,  628,  648,   93,  755,  681, 1049,  852,  830,  750,  880,  183,  694,  542,  266,  192,    0,  525,  783,  465,  846,  412,  702,  420,  543,  331,  632,  530,  744,  808,  464,   19,  291,  873,  832,  334,  752,  324,  209,  829,  449,  750,  210,  742,  259,  179,  601,  877,  922,  423,  885,  652,  962,  592,  208,  148,  564,  609,  184,  732,  419,  518,  273,  407,  672],
