{
    "name": "random-97-18908",
    "comment": "size=97 seed=18908",
    "nodes": ["+0", "-0", "+1", "-1", "+2", "-2", "+3", "-3", "+4", "-4", "+5", "-5", "+6", "-6", "+7", "-7", "+8", "-8", "+9", "-9", "+10", "-10", "+11", "-11", "+12", "-12", "+13", "-13", "+14", "-14", "+15", "-15", "+16", "-16", "+17", "-17", "+18", "-18", "+19", "-19", "+20", "-20", "+21", "-21", "+22", "-22", "+23", "-23", "+24", "-24", "+25", "-25", "+26", "-26", "+27", "-27", "+28", "-28", "+29", "-29", "+30", "-30", "+31", "-31", "+32", "-32", "+33", "-33", "+34", "-34", "+35", "-35", "+36", "-36", "+37", "-37", "+38", "-38", "+39", "-39", "+40", "-40", "+41", "-41", "+42", "-42", "+43", "-43", "+44", "-44", "+45", "-45", "+46", "-46", "+47", "-47", "+48", "-48", "+49", "-49", "+50", "-50", "+51", "-51", "+52", "-52", "+53", "-53", "+54", "-54", "+55", "-55", "+56", "-56", "+57", "-57", "+58", "-58", "+59", "-59", "+60", "-60", "+61", "-61", "+62", "-62", "+63", "-63", "+64", "-64", "+65", "-65", "+66", "-66", "+67", "-67", "+68", "-68", "+69", "-69", "+70", "-70", "+71", "-71", "+72", "-72", "+73", "-73", "+74", "-74", "+75", "-75", "+76", "-76", "+77", "-77", "+78", "-78", "+79", "-79", "+80", "-80", "+81", "-81", "+82", "-82", "+83", "-83", "+84", "-84", "+85", "-85", "+86", "-86", "+87", "-87", "+88", "-88", "+89", "-89", "+90", "-90", "+91", "-91", "+92", "-92", "+93", "-93", "+94", "-94", "+95", "-95", "+96", "-96", "+97", "-97"],
    "precedence": {
        "+0": "-0",
        "+1": "-1",
        "+2": "-2",
        "+3": "-3",
        "+4": "-4",
        "+5": "-5",
        "+6": "-6",
        "+7": "-7",
        "+8": "-8",
        "+9": "-9",
        "+10": "-10",
        "+11": "-11",
        "+12": "-12",
        "+13": "-13",
        "+14": "-14",
        "+15": "-15",
        "+16": "-16",
        "+17": "-17",
        "+18": "-18",
        "+19": "-19",
        "+20": "-20",
        "+21": "-21",
        "+22": "-22",
        "+23": "-23",
        "+24": "-24",
        "+25": "-25",
        "+26": "-26",
        "+27": "-27",
        "+28": "-28",
        "+29": "-29",
        "+30": "-30",
        "+31": "-31",
        "+32": "-32",
        "+33": "-33",
        "+34": "-34",
        "+35": "-35",
        "+36": "-36",
        "+37": "-37",
        "+38": "-38",
        "+39": "-39",
        "+40": "-40",
        "+41": "-41",
        "+42": "-42",
        "+43": "-43",
        "+44": "-44",
        "+45": "-45",
        "+46": "-46",
        "+47": "-47",
        "+48": "-48",
        "+49": "-49",
        "+50": "-50",
        "+51": "-51",
        "+52": "-52",
        "+53": "-53",
        "+54": "-54",
        "+55": "-55",
        "+56": "-56",
        "+57": "-57",
        "+58": "-58",
        "+59": "-59",
        "+60": "-60",
        "+61": "-61",
        "+62": "-62",
        "+63": "-63",
        "+64": "-64",
        "+65": "-65",
        "+66": "-66",
        "+67": "-67",
        "+68": "-68",
        "+69": "-69",
        "+70": "-70",
        "+71": "-71",
        "+72": "-72",
        "+73": "-73",
        "+74": "-74",
        "+75": "-75",
        "+76": "-76",
        "+77": "-77",
        "+78": "-78",
        "+79": "-79",
        "+80": "-80",
        "+81": "-81",
        "+82": "-82",
        "+83": "-83",
        "+84": "-84",
        "+85": "-85",
        "+86": "-86",
        "+87": "-87",
        "+88": "-88",
        "+89": "-89",
        "+90": "-90",
        "+91": "-91",
        "+92": "-92",
        "+93": "-93",
        "+94": "-94",
        "+95": "-95",
        "+96": "-96",
        "+97": "-97"
    },
    "edges": [
        [    0,    0,  674,  977,  814,  894,  644,   34,  294,  550,  432,  530,  637,  978,  545,  180,  284,  749, 1073,  816,  252,  564,  495,  643,  927,  277,  708,  657,  116,  142,  999,  291,  590,  923,  245,  667,  955, 1057,  624,  408,  976, 1160,  943,  874,  693, 1129,  797,  247,  705,  614,  858,  791,  613, 1007, 1130, 1130,  749,  714,  247,  934,  546,  708,  600,  601,  907,  611,  962,  620,  200,  994,  631,  526,  544,  954,  774,  764, 1135,  510,  574,  413,  283,  746,  532,  433,  620,  742,  459,  946, 1110,  537, 1047, 1073,  949, 1121,  748,  773,  506,  541,  936,  400,  928, 1015,  935,  258,  781,  598,  789,  753,  674,  649,  234,  502, 1022,  840,  154, 1010,  261,  756,  862,  541,  989,  415,  519,  459,  554, 1083,  899,  931,  353,  736, 1100,  853,  278,  563,  796,  147,  289,  687,  510,  456,  299,  493,  393,  435,  412,  831,  849,  268,  960,  476, 1017,  858,  937,  784,  335,  465,  308,  613,  712,  408,  578,  810,  423,  261,  440,  772,  605,  424,  816,  637,  315,  864,  745,  744,  737,  668,  577,  207,  683,  399,  209,  312, 1021,  976, 1006,  383,  782,  615,  462,  331,  787,  676,  997,  925,  261,  916],
        [    0,    0,    0,    0,    0,    0,    0,    0,    0,    0,    0,    0,    0,    0,    0,    0,    0,    0,    0,    0,    0,    0,    0,    0,    0,    0,    0,    0,    0,    0,    0,    0,    0,    0,    0,    0,    0,    0,    0,    0,    0,    0,    0,    0,    0,    0,    0,    0,    0,    0,    0,    0,    0,    0,    0,    0,    0,    0,    0,    0,    0,    0,    0,    0,    0,    0,    0,    0,    0,    0,    0,    0,    0,    0,    0,    0,    0,    0,    0,    0,    0,    0,    0,    0,    0,    0,    0,    0,    0,    0,    0,    0,    0,    0,    0,    0,    0,    0,    0,    0,    0,    0,    0,    0,    0,    0,    0,    0,    0,    0,    0,    0,    0,    0,    0,    0,    0,    0,    0,    0,    0,    0,    0,    0,    0,    0,    0,    0,    0,    0,    0,    0,    0,    0,    0,    0,    0,    0,    0,    0,    0,    0,    0,    0,    0,    0,    0,    0,    0,    0,    0,    0,    0,    0,    0,    0,    0,    0,    0,    0,    0,    0,    0,    0,    0,    0,    0,    0,    0,    0,    0,    0,    0,    0,    0,    0,    0,    0,    0,    0,    0,    0,    0,    0,    0,    0,    0,    0,    0,    0,    0,    0,    0,    0,    0,    0],
        [  674,    0,    0,  809,  201,  253,  568,  640,  394,  432,  280,  587,  305,  557,  156,  767,  420,   91,  504,  246,  715,  179,  434,  404,  364,  415,  491,  249,  704,  538,  739,  409,  348,  506,  595,  296,  916,  433,  616,  277,  675,  543,  430,  214,   85,  527,  164,  772,  232,  185,  188,  596,  109,  376,  500,  597,  331,  774,  857,  265,  220,  122,  792,  154,  715,  332,  738,   86,  518,  481,  265,  700,  133,  611,  807,  385,  547,  736,  662,  342,  646,  549,  144,  279,  125,  556,  322,  543,  542,  362,  497,  475,  662,  510,  317,  847,  439,  305,  872,  345,  276,  417,  851,  478,  511,  102,  151,  419,  375,  312,  866,  542,  382,  790,  564,  387,  435,  266,  193,  137,  900,  652,  315,  252,  340,  557,  337,  552,  334,   69,  484,  885,  436,  256,  865,  770,  397,  680,  354,  605,  464,  183,  344,  716,  313,  456,  755,  531,  343,  219,  361,  650,  839,  193,  413,  352,  524,  696,  556,  368,  556,  785,  526,  459,  576,  343,  284,  289,  455,  493,  448,  302,  721,  542,  420,   41,  314,  468,  539,  400,  722,  402,  683,  794,  583,  349,  610,   77,  641,  414,  142,  396,  917,  316,  454,  771],
        [  977,    0,  809,    0,  987,  733,  338,  961,  908,  470,  922,  448, 1087,  369,  879,  900,  947,  770,  610,  624,  780,  928,  516,  428,  592,  782,  333, 1042,  898,  877,  129,  938,  500,  377,  734,  515,  183,  723,  354,  873,  194,  741,  511,  779,  893,  692,  946,  835,  579,  966,  895,  222,  887,  728,  762,  559, 1137,  321,  949,  831,  960,  930,  474,  675,   94,  501,   89,  866,  989,  507, 1049,  488,  820,  262,  276,  428,  665,  530,  418,  657,  711,  274,  822,  922,  695,  271,  625,  350,  619,  525,  572,  669,  185,  711, 1124,  319,  503, 1042,  141,  671,  765,  657,  114,  745,  298,  865,  933, 1219, 1160,  505,  982,  476,  754,  172,  830,  711,  782,  557,  898,  829,  123,  583,  575,  915, 1081,  535,  593,  320,  892,  850,  716,  264,  752, 1007,  311,  940,  789,  298, 1070,  526,  703,  792,  969,  596,  947,  371,  136,  712,  689,  729,  804,  160,   94,  992,  997, 1039,  672,  390,  289, 1012,  401,  209,  556,  755,  538,  478,  547,  927,  365,  372,  693,  600,  247,  280, 1217,  769, 1070,  875,  317, 1039,  827,  737,  240,   21,  366,  690,  217,  849,  530,  995,  743, 1179,  140,  671,  971,   62],
        [  814,    0,  201,  987,    0,  311,  766,  780,  521,  632,  384,  788,  263,  695,  272,  931,  536,  218,  577,  377,  893,  252,  634,  599,  466,  581,  682,  206,  863,  688,  905,  527,  547,  653,  774,  486, 1106,  467,  816,  407,  837,  569,  549,  254,  134,  570,   42,  945,  411,  208,  128,  782,  205,  412,  517,  680,  216,  974, 1021,  254,  277,  108,  992,  354,  895,  530,  911,  205,  633,  591,  237,  899,  291,  767, 1005,  560,  599,  935,  862,  534,  829,  738,  300,  384,  325,  746,  518,  690,  609,  562,  583,  528,  827,  547,  201, 1046,  639,  324, 1061,  535,  308,  481, 1039,  653,  693,  225,   56,  311,  306,  505, 1024,  743,  405,  982,  727,  430,  602,  431,  129,  289, 1085,  847,  515,  356,  342,  650,  446,  705,  461,  142,  519, 1082,  609,  280, 1064,  927,  561,  878,  377,  804,  646,  350,  435,  911,  410,  622,  944,  712,  404,  405,  360,  831, 1025,   37,  505,  399,  710,  897,  749,  440,  756,  980,  723,  632,  774,  511,  482,  393,  625,  690,  632,  421,  917,  731,  321,  238,  309,  613,  734,  466,  894,  578,  835,  972,  719,  535,  798,  216,  839,  508,  250,  326, 1102,  392,  566,  955],
        [  894,    0,  253,  733,  311,    0,  597,  861,  631,  504,  529,  665,  531,  401,  408,  958,  662,  162,  269,  124,  884,  429,  533,  428,  160,  619,  480,  470,  903,  753,  632,  651,  410,  367,  766,  316,  879,  181,  658,  519,  560,  291,  247,   58,  298,  278,  276,  947,  235,  423,  188,  557,  357,  124,  248,  370,  518,  802, 1046,   99,  469,  321,  865,  296,  647,  384,  649,  336,  757,  283,  494,  786,  376,  488,  818,  329,  301,  832,  727,  506,  805,  525,  387,  529,  274,  536,  468,  402,  303,  453,  272,  228,  557,  259,  503,  866,  532,  551,  831,  516,   41,  174,  805,  666,  462,  354,  267,  614,  592,  342, 1060,  631,  132,  769,  765,  135,  638,  213,  189,  383,  844,  772,  429,  503,  582,  339,  146,  424,  574,  227,  232,  882,  630,  500,  879,  969,  605,  703,  602,  711,  640,  412,  594,  834,  563,  366,  722,  703,   97,  418,  127,  588,  789,  334,  662,  603,  684,  751,  551,  620,  613,  776,  646,  652,  688,  276,  352,  539,  374,  521,  622,  134,  726,  518,  621,  239,  554,  691,  546,  652,  901,  594,  547,  715,  421,  527,  578,  329,  746,  663,  113,  613,  862,   82,  697,  713],
        [  644,    0,  568,  338,  766,  597,    0,  627,  578,  151,  610,  129,  803,  415,  594,  587,  616,  563,  610,  474,  471,  644,  184,  173,  512,  446,  130,  769,  574,  539,  359,  607,  221,  375,  405,  290,  372,  671,   64,  559,  348,  736,  469,  623,  648,  690,  726,  532,  374,  691,  707,  155,  619,  649,  734,  616,  873,  210,  650,  688,  669,  685,  280,  416,  264,  237,  320,  603,  653,  500,  768,  226,  538,  348,  240,  280,  678,  278,  149,  332,  393,  125,  537,  611,  444,  117,  308,  379,  637,  219,  572,  645,  320,  697,  861,  281,  173,  743,  336,  345,  637,  605,  324,  408,  191,  595,  713,  943,  876,  268,  679,  143,  674,  240,  495,  639,  446,  385,  711,  546,  379,  280,  273,  609,  781,  574,  497,  352,  569,  626,  689,  320,  415,  716,  298,  623,  455,  112,  763,  212,  365,  497,  650,  317,  632,  293,  225,  377,  597,  428,  706,  218,  319,  761,  670,  728,  337,  160,   82,  694,   67,  226,  221,  417,  213,  328,  285,  614,  276,   78,  355,  481,  156,  128,  938,  530,  776,  539,   64,  718,  513,  402,  401,  335,  435,  362,  142,  585,  230,  667,  556,  892,  392,  567,  638,  279],
        [   34,    0,  640,  961,  780,  861,  627,    0,  260,  528,  398,  516,  605,  953,  511,  200,  251,  716, 1043,  785,  258,  530,  473,  619,  897,  247,  686,  624,  131,  110,  980,  258,  563,  897,  235,  639,  946, 1026,  610,  374,  955, 1129,  914,  841,  659, 1098,  763,  262,  674,  580,  824,  772,  579,  975, 1098, 1101,  717,  706,  273,  901,  512,  674,  597,  569,  890,  584,  945,  586,  170,  966,  598,  520,  510,  931,  765,  737, 1105,  507,  564,  385,  279,  726,  499,  399,  588,  723,  431,  921, 1081,  511, 1018, 1042,  929, 1090,  716,  767,  484,  509,  925,  371,  895,  984,  923,  233,  758,  564,  755,  723,  643,  621,  264,  486,  990,  829,  133,  979,  231,  726,  828,  507,  978,  408,  492,  426,  523, 1055,  869,  907,  320,  702, 1068,  846,  250,  530,  791,  172,  258,  675,  479,  445,  275,  459,  361,  433,  378,  805,  836,  251,  929,  443,  984,  840,  925,  750,  304,  434,  291,  604,  693,  376,  562,  799,  407,  234,  427,  744,  576,  391,  790,  616,  291,  833,  733,  724,  707,  635,  545,  173,  664,  369,  219,  283,  999,  960,  981,  354,  764,  581,  453,  300,  754,  646,  986,  894,  229,  901],
        [  294,    0,  394,  908,  521,  631,  578,  260,    0,  439,  139,  509,  360,  803,  254,  427,   41,  476,  845,  575,  424,  271,  394,  500,  695,  143,  587,  370,  355,  178,  892,   31,  429,  746,  325,  473,  942,  806,  588,  119,  850,  913,  731,  603,  403,  888,  505,  461,  482,  322,  571,  692,  322,  751,  877,  918,  469,  726,  514,  658,  254,  416,  665,  357,  822,  441,  868,  331,  126,  785,  346,  570,  261,  809,  779,  585,  901,  581,  579,  252,  389,  641,  250,  140,  368,  641,  289,  776,  883,  390,  825,  833,  827,  876,  466,  798,  406,  265,  910,  237,  662,  773,  900,  216,  649,  309,  498,  490,  409,  464,  512,  463,  762,  813,  234,  758,  154,  535,  576,  257,  956,  472,  348,  166,  288,  872,  667,  770,   62,  451,  852,  866,  182,  277,  821,  415,  128,  662,  249,  469,  242,  220,  115,  524,  124,  662,  802,  283,  710,  232,  749,  761,  896,  491,   96,  202,  307,  623,  620,  147,  525,  792,  396,  194,  441,  575,  413,  132,  651,  536,  242,  629,  720,  636,  476,  395,  303,  103,  592,  158,  408,  180,  883,  901,  832,  218,  693,  328,  495,   93,  520,  416,  968,  677,   72,  852],
        [  550,    0,  432,  470,  632,  504,  151,  528,  439,    0,  462,  164,  654,  436,  445,  534,  478,  440,  580,  386,  431,  495,   56,  103,  456,  317,  160,  621,  503,  429,  461,  469,   95,  384,  334,  190,  521,  612,  187,  410,  429,  695,  438,  519,  509,  653,  594,  496,  270,  543,  586,  256,  473,  579,  681,  612,  726,  346,  610,  587,  519,  545,  368,  278,  384,  121,  432,  458,  526,  481,  619,  284,  390,  404,  384,  239,  648,  328,  233,  188,  347,  205,  388,  462,  308,  205,  159,  402,  613,   72,  546,  602,  403,  654,  715,  420,   46,  593,  484,  202,  545,  553,  470,  297,  231,  449,  580,  794,  726,  164,  634,  127,  602,  390,  397,  573,  321,  298,  590,  397,  525,  277,  125,  459,  632,  566,  435,  384,  424,  493,  640,  467,  292,  566,  439,  561,  322,  256,  614,  210,  254,  347,  503,  334,  484,  291,  370,  287,  527,  278,  624,  325,  464,  623,  528,  579,  251,  266,  182,  547,  125,  376,  161,  300,  191,  269,  159,  465,  274,   98,  239,  410,  305,  202,  788,  395,  626,  414,  154,  572,  463,  272,  472,  463,  462,  221,  255,  441,  244,  526,  443,  742,  539,  493,  503,  415],
        [  432,    0,  280,  922,  384,  529,  610,  398,  139,  462,    0,  569,  233,  761,  126,  563,  152,  368,  765,  494,  549,  133,  430,  496,  617,  240,  590,  234,  492,  314,  887,  143,  423,  705,  441,  438,  982,  708,  635,   54,  836,  818,  666,  493,  273,  798,  371,  592,  423,  183,  445,  700,  192,  652,  777,  847,  337,  785,  651,  542,  116,  281,  748,  292,  831,  426,  870,  205,  250,  720,  213,  650,  155,  785,  833,  551,  815,  670,  644,  283,  503,  648,  145,    2,  291,  651,  303,  739,  803,  399,  750,  744,  815,  783,  333,  859,  441,  146,  945,  273,  555,  685,  931,  320,  640,  184,  365,  372,  293,  437,  651,  520,  660,  850,  365,  661,  258,  474,  449,  148,  985,  564,  347,   30,  179,  804,  589,  738,   84,  328,  758,  919,  278,  143,  881,  553,  219,  708,  154,  547,  332,  143,   66,  623,   35,  630,  831,  388,  615,  194,  640,  767,  924,  353,  134,  118,  402,  686,  636,  101,  569,  834,  466,  297,  516,  529,  387,   10,  622,  554,  326,  551,  762,  642,  360,  291,  184,  238,  610,  133,  539,  259,  860,  912,  790,  259,  705,  207,  577,  135,  417,  304, 1000,  585,  183,  871],
        [  530,    0,  587,  448,  788,  665,  129,  516,  509,  164,  569,    0,  782,  537,  579,  461,  544,  602,  716,  545,  344,  628,  155,  244,  605,  369,  243,  756,  452,  439,  484,  537,  258,  493,  287,  350,  440,  763,   94,  516,  476,  838,  574,  682,  661,  794,  751,  404,  432,  680,  748,  283,  617,  734,  830,  732,  864,  218,  521,  750,  646,  696,  206,  436,  383,  283,  442,  604,  565,  610,  750,  122,  528,  476,  271,  375,  785,  169,   77,  289,  268,  252,  525,  570,  466,  244,  282,  501,  746,  228,  680,  746,  448,  798,  854,  292,  149,  710,  413,  297,  706,  700,  409,  314,  313,  593,  738,  924,  851,  324,  552,   49,  758,  316,  387,  727,  363,  456,  752,  535,  464,  151,  273,  574,  746,  689,  586,  476,  513,  652,  787,  357,  332,  691,  314,  498,  382,  160,  722,   84,  276,  478,  597,  193,  584,  406,  320,  269,  682,  409,  783,  344,  410,  777,  605,  681,  230,  118,  210,  640,   68,  289,  117,  328,   91,  415,  322,  570,  388,  168,  270,  564,  220,  254,  916,  553,  746,  452,  187,  660,  387,  329,  529,  448,  558,  310,  268,  588,  103,  601,  606,  866,  474,  649,  561,  387],
        [  637,    0,  305, 1087,  263,  531,  803,  605,  360,  654,  233,  782,    0,  860,  211,  786,  356,  383,  796,  550,  780,  160,  634,  662,  663,  472,  756,   62,  713,  537, 1030,  352,  593,  808,  673,  574, 1171,  705,  837,  282,  970,  812,  734,  478,  236,  806,  277,  820,  527,  124,  376,  866,  205,  647,  762,  893,  112,  993,  871,  500,  137,  211,  970,  413,  993,  587, 1023,  228,  440,  783,   40,  873,  268,  909, 1036,  677,  831,  896,  858,  495,  735,  816,  268,  232,  396,  821,  502,  845,  832,  584,  793,  758,  954,  785,  113, 1068,  642,   97, 1130,  488,  540,  704, 1113,  552,  791,  224,  280,  143,   74,  582,  866,  733,  646, 1040,  592,  662,  490,  567,  379,  260, 1165,  793,  531,  217,   91,  856,  638,  853,  313,  305,  757, 1120,  510,   93, 1089,  770,  451,  908,  135,  770,  563,  307,  248,  852,  237,  752, 1013,  620,  627,  377,  608,  927, 1103,  228,  303,  174,  633,  899,  813,  230,  772, 1029,  688,  529,  739,  640,  541,  236,  749,  737,  555,  604,  959,  809,  135,  340,   62,  462,  790,  244,  767,  489,  982, 1074,  887,  478,  876,  244,  802,  307,  433,   94, 1181,  605,  377, 1042],
        [  978,    0,  557,  369,  695,  401,  415,  953,  803,  436,  761,  537,  860,    0,  676,  968,  843,  489,  242,  320,  862,  717,  491,  337,  244,  719,  295,  805,  938,  847,  248,  832,  390,   58,  770,  331,  542,  356,  474,  726,  177,  375,  156,  455,  634,  326,  655,  926,  342,  738,  583,  284,  657,  368,  394,  210,  881,  561, 1042,  493,  756,  668,  681,  471,  303,  371,  280,  634,  916,  140,  821,  640,  621,  108,  549,  220,  301,  691,  562,  575,  778,  292,  628,  761,  478,  302,  529,   36,  255,  442,  204,  301,  185,  343,  866,  602,  481,  845,  495,  589,  425,  292,  466,  721,  225,  641,  644,  973,  931,  341, 1068,  531,  393,  465,  826,  349,  729,  295,  584,  630,  490,  685,  467,  744,  883,  175,  255,   65,  765,  574,  348,  585,  706,  800,  606,  997,  716,  477,  886,  614,  680,  619,  822,  729,  794,  148,  411,  721,  336,  578,  446,  268,  446,  710,  873,  869,  686,  562,  334,  861,  469,  488,  591,  719,  606,  233,  391,  769,  163,  373,  663,  276,  468,  288,  975,  520,  862,  814,  352,  893,  897,  676,  149,  349,   30,  609,  307,  619,  638,  872,  448,  952,  508,  326,  874,  371],
        [  545,    0,  156,  879,  272,  408,  594,  511,  254,  445,  126,  579,  211,  676,    0,  660,  274,  246,  653,  386,  628,   51,  427,  453,  508,  313,  547,  178,  591,  417,  828,  264,  383,  621,  512,  371,  961,  588,  629,  137,  771,  698,  566,  370,  150,  681,  253,  678,  335,  102,  320,  658,   69,  531,  656,  741,  286,  786,  750,  417,   82,  164,  773,  210,  786,  379,  818,   80,  373,  619,  175,  676,   59,  713,  828,  479,  700,  704,  655,  296,  570,  607,   58,  126,  199,  612,  297,  657,  691,  375,  642,  628,  753,  665,  277,  861,  436,  170,  920,  292,  432,  569,  903,  389,  586,   58,  245,  350,  284,  376,  753,  530,  538,  830,  456,  542,  334,  382,  324,   50,  955,  606,  321,   98,  209,  700,  480,  660,  193,  203,  639,  912,  345,  129,  881,  656,  293,  700,  211,  575,  388,  101,  189,  669,  159,  556,  803,  452,  497,  170,  515,  720,  894,  244,  259,  201,  456,  695,  603,  213,  564,  819,  492,  367,  544,  447,  332,  136,  551,  527,  376,  444,  749,  600,  344,  174,  193,  342,  580,  245,  625,  316,  788,  867,  704,  286,  667,   81,  609,  261,  296,  302,  971,  468,  307,  834],
        [  180,    0,  767,  900,  931,  958,  587,  200,  427,  534,  563,  461,  786,  968,  660,    0,  431,  830, 1100,  863,  120,  689,  480,  635,  962,  353,  679,  796,   74,  250,  944,  435,  598,  917,  202,  689,  848, 1106,  552,  528,  934, 1202,  962,  948,  802, 1165,  908,   79,  744,  743,  955,  741,  726, 1061, 1179, 1142,  895,  607,   91, 1013,  678,  823,  472,  664,  843,  623,  901,  729,  364, 1009,  773,  419,  645,  925,  666,  768, 1166,  389,  483,  452,  195,  704,  635,  564,  688,  698,  493,  934, 1136,  543, 1070, 1111,  906, 1161,  893,  655,  489,  690,  837,  443,  995, 1056,  841,  293,  753,  707,  898,  910,  830,  666,  104,  448, 1080,  747,  205, 1061,  333,  790,  959,  645,  892,  318,  544,  588,  708, 1096,  936,  914,  480,  834, 1143,  738,  332,  703,  677,   47,  372,  602,  666,  378,  319,  588,  539,  314,  550,  824,  766,  259, 1011,  551, 1084,  804,  847,  904,  491,  620,  288,  515,  665,  562,  521,  713,  379,  310,  374,  788,  631,  558,  807,  602,  338,  904,  656,  704,  895,  752,  728,  326,  639,  558,   75,  368,  985,  902,  994,  432,  728,  720,  370,  487,  860,  834,  898,  976,  416,  839],
        [  284,    0,  420,  947,  536,  662,  616,  251,   41,  478,  152,  544,  356,  843,  274,  431,    0,  505,  881,  610,  438,  285,  433,  540,  731,  176,  628,  373,  358,  184,  932,   12,  469,  786,  347,  513,  979,  838,  625,  145,  890,  946,  768,  632,  423,  922,  523,  470,  519,  332,  594,  732,  342,  783,  909,  955,  467,  761,  515,  685,  263,  433,  695,  393,  862,  481,  908,  353,   99,  822,  347,  601,  289,  849,  815,  625,  935,  609,  613,  291,  410,  680,  278,  153,  402,  681,  329,  816,  919,  430,  862,  867,  867,  910,  466,  833,  445,  260,  948,  277,  691,  807,  938,  244,  689,  331,  517,  481,  400,  504,  510,  499,  794,  850,  247,  790,  185,  573,  598,  284,  994,  500,  388,  181,  278,  910,  702,  810,   88,  475,  885,  901,  214,  279,  855,  415,  163,  698,  237,  502,  274,  252,  110,  550,  128,  702,  841,  309,  742,  270,  779,  801,  934,  504,   67,  190,  336,  657,  659,  132,  563,  828,  430,  224,  474,  614,  453,  144,  691,  576,  276,  665,  757,  676,  466,  425,  298,  116,  631,  135,  418,  216,  923,  940,  872,  258,  732,  352,  526,   63,  550,  405, 1006,  710,   35,  891],
        [  749,    0,   91,  770,  218,  162,  563,  716,  476,  440,  368,  602,  383,  489,  246,  830,  505,    0,  417,  170,  768,  268,  454,  392,  280,  481,  469,  324,  770,  610,  690,  494,  348,  443,  648,  275,  892,  343,  617,  361,  622,  453,  353,  128,  149,  437,  176,  828,  196,  269,  147,  567,  197,  285,  410,  511,  392,  772,  919,  186,  309,  180,  807,  176,  678,  327,  694,  175,  602,  401,  345,  719,  217,  554,  799,  343,  458,  760,  672,  388,  694,  524,  228,  368,  147,  533,  359,  480,  453,  375,  411,  385,  612,  420,  377,  843,  456,  393,  846,  394,  187,  328,  823,  537,  476,  193,  163,  485,  450,  296,  930,  560,  292,  770,  630,  296,  501,  214,  151,  223,  869,  684,  336,  341,  426,  474,  255,  493,  418,   86,  393,  873,  498,  343,  859,  836,  465,  674,  443,  631,  518,  259,  433,  748,  402,  406,  730,  584,  253,  279,  274,  614,  809,  225,  501,  442,  571,  703,  538,  459,  561,  770,  556,  520,  604,  294,  282,  378,  408,  485,  501,  223,  709,  516,  489,   82,  400,  543,  524,  491,  779,  462,  623,  755,  515,  402,  583,  167,  667,  502,   52,  471,  886,  227,  539,  738],
        [ 1073,    0,  504,  610,  577,  269,  610, 1043,  845,  580,  765,  716,  796,  242,  653, 1100,  881,  417,    0,  272, 1007,  682,  627,  480,  150,  798,  480,  736, 1057,  934,  486,  869,  504,  251,  900,  412,  784,  135,  673,  744,  416,  134,  143,  325,  562,   85,  543, 1072,  370,  685,  451,  506,  612,  173,  154,  105,  786,  784, 1182,  332,  723,  587,  888,  488,  544,  478,  521,  590,  968,  113,  759,  831,  611,  350,  780,  343,   69,  882,  758,  661,  923,  499,  620,  765,  479,  510,  616,  267,   39,  558,   40,   67,  426,  101,  771,  832,  621,  809,  736,  674,  270,   97,  707,  823,  426,  605,  535,  882,  859,  434, 1203,  698,  191,  702,  929,  153,  812,  318,  450,  619,  731,  853,  559,  741,  842,   89,  179,  299,  794,  492,  110,  822,  796,  759,  838, 1121,  788,  692,  858,  784,  788,  631,  830,  906,  799,  317,  648,  842,  174,  615,  248,  504,  687,  602,  893,  853,  813,  767,  538,  862,  651,  722,  740,  815,  769,  314,  472,  774,  334,  549,  770,  216,  693,  493,  889,  480,  816,  883,  547,  895, 1034,  762,  379,  590,  245,  691,  530,  579,  814,  893,  366,  881,  749,  192,  915,  612],
        [  816,    0,  246,  624,  377,  124,  474,  785,  575,  386,  494,  545,  550,  320,  386,  863,  610,  170,  272,    0,  782,  420,  419,  306,  123,  539,  358,  492,  813,  675,  532,  598,  293,  276,  667,  197,  763,  244,  535,  472,  462,  345,  184,  158,  318,  315,  336,  845,  121,  431,  273,  438,  353,  200,  317,  355,  562,  679,  949,  218,  461,  350,  743,  219,  535,  266,  543,  330,  699,  235,  510,  666,  340,  392,  695,  209,  326,  713,  606,  412,  700,  404,  350,  494,  208,  414,  370,  313,  310,  339,  257,  259,  455,  306,  547,  744,  417,  548,  715,  423,  164,  200,  690,  575,  344,  342,  324,  655,  618,  222,  966,  513,  220,  649,  679,  199,  555,   90,  275,  349,  731,  658,  323,  471,  584,  314,   95,  329,  523,  255,  284,  761,  543,  500,  757,  878,  528,  579,  595,  595,  544,  360,  559,  718,  529,  254,  604,  605,  149,  347,  238,  474,  674,  390,  622,  586,  582,  628,  428,  592,  491,  655,  533,  563,  572,  155,  240,  503,  260,  398,  526,   58,  604,  397,  659,  216,  560,  620,  422,  625,  803,  507,  458,  607,  345,  438,  458,  317,  629,  622,  128,  639,  749,  113,  644,  599],
        [  252,    0,  715,  780,  893,  884,  471,  258,  424,  431,  549,  344,  780,  862,  628,  120,  438,  768, 1007,  782,    0,  664,  380,  533,  874,  316,  569,  781,  140,  257,  827,  439,  503,  812,  121,  598,  730, 1023,  433,  506,  819, 1114,  866,  881,  761, 1075,  866,   66,  661,  720,  902,  626,  690,  981, 1094, 1042,  885,  488,  181,  948,  660,  786,  358,  596,  724,  530,  783,  689,  395,  911,  762,  300,  603,  813,  547,  668, 1074,  272,  363,  381,   85,  591,  594,  550,  623,  584,  416,  827, 1041,  450,  974, 1022,  791, 1073,  881,  539,  388,  687,  718,  375,  923,  969,  721,  241,  643,  669,  855,  913,  832,  575,  209,  335, 1001,  627,  192,  979,  296,  704,  906,  605,  773,  198,  460,  570,  711,  996,  849,  805,  467,  784, 1057,  621,  284,  692,  561,  163,  337,  483,  672,  261,  252,  544,  538,  196,  543,  720,  647,  185,  930,  497, 1010,  687,  727,  869,  504,  625,  201,  395,  550,  568,  406,  594,  272,  262,  260,  693,  544,  545,  702,  492,  268,  819,  537,  591,  900,  695,  726,  323,  525,  572,   49,  316,  871,  783,  886,  368,  612,  678,  251,  500,  793,  840,  779,  894,  432,  719],
        [  564,    0,  179,  928,  252,  429,  644,  530,  271,  495,  133,  628,  160,  717,   51,  689,  285,  268,  682,  420,  664,    0,  477,  503,  540,  348,  597,  129,  619,  442,  875,  276,  433,  663,  549,  418, 1011,  609,  679,  161,  817,  719,  601,  385,  146,  705,  240,  711,  377,   57,  319,  707,   72,  551,  674,  773,  238,  836,  778,  426,   42,  149,  821,  257,  835,  428,  866,   93,  382,  654,  125,  724,  109,  758,  878,  524,  725,  750,  704,  343,  609,  656,  108,  133,  243,  662,  346,  699,  719,  425,  673,  653,  800,  687,  230,  911,  485,  129,  970,  338,  448,  595,  953,  426,  634,   78,  234,  300,  234,  424,  779,  579,  556,  880,  486,  563,  369,  422,  323,  100, 1005,  651,  371,  105,  166,  733,  513,  704,  212,  210,  660,  962,  382,   83,  931,  682,  328,  750,  176,  622,  428,  150,  187,  713,  160,  601,  853,  491,  521,  220,  529,  769,  944,  220,  258,  175,  498,  744,  653,  201,  614,  869,  539,  404,  591,  491,  382,  142,  596,  578,  418,  477,  799,  650,  294,  205,  147,  366,  630,  231,  658,  355,  832,  916,  745,  332,  717,  104,  655,  260,  319,  252, 1021,  494,  315,  883],
        [  495,    0,  434,  516,  634,  533,  184,  473,  394,   56,  430,  155,  634,  491,  427,  480,  433,  454,  627,  419,  380,  477,    0,  155,  499,  267,  214,  605,  448,  375,  514,  424,  128,  438,  280,  226,  554,  652,  206,  378,  484,  739,  486,  543,  507,  698,  597,  445,  300,  528,  600,  306,  463,  616,  723,  663,  712,  360,  558,  612,  498,  542,  358,  284,  433,  155,  483,  450,  476,  531,  601,  267,  375,  460,  405,  289,  695,  307,  231,  149,  296,  258,  372,  431,  314,  256,  132,  457,  661,   82,  595,  646,  458,  698,  702,  435,   13,  567,  519,  161,  574,  595,  507,  242,  286,  439,  585,  775,  704,  200,  582,  109,  638,  423,  342,  611,  269,  334,  604,  382,  563,  240,  120,  431,  604,  617,  476,  439,  385,  499,  683,  490,  240,  544,  456,  507,  274,  279,  584,  180,  199,  328,  467,  301,  450,  345,  409,  232,  564,  258,  656,  376,  503,  622,  486,  546,  196,  269,  230,  511,  140,  405,  116,  247,  155,  314,  182,  433,  328,  148,  185,  448,  333,  255,  768,  401,  601,  362,  201,  534,  411,  222,  527,  510,  517,  179,  303,  434,  215,  484,  462,  720,  576,  529,  456,  459],
        [  643,    0,  404,  428,  599,  428,  173,  619,  500,  103,  496,  244,  662,  337,  453,  635,  540,  392,  480,  306,  533,  503,  155,    0,  362,  394,   95,  621,  602,  516,  394,  529,   74,  283,  435,  118,  514,  520,  231,  449,  351,  598,  338,  452,  487,  555,  559,  598,  202,  544,  536,  206,  467,  491,  587,  510,  721,  382,  712,  518,  533,  524,  438,  257,  336,   76,  375,  449,  600,  380,  625,  364,  395,  316,  408,  138,  548,  413,  301,  253,  449,  154,  396,  497,  282,  159,  211,  304,  512,  113,  446,  505,  328,  557,  709,  452,  147,  615,  471,  268,  468,  458,  452,  387,  149,  445,  545,  798,  736,   96,  736,  219,  515,  386,  491,  483,  401,  216,  539,  404,  504,  374,  153,  488,  654,  464,  342,  288,  474,  458,  545,  483,  376,  581,  468,  662,  395,  283,  643,  305,  345,  365,  547,  428,  523,  190,  354,  385,  438,  303,  542,  271,  442,  596,  582,  614,  350,  324,  153,  590,  186,  382,  263,  387,  289,  172,  124,  502,  174,   95,  329,  321,  319,  148,  794,  365,  643,  491,  135,  618,  565,  350,  387,  417,  364,  288,  214,  431,  336,  580,  384,  754,  520,  406,  568,  381],
        [  927,    0,  364,  592,  466,  160,  512,  897,  695,  456,  617,  605,  663,  244,  508,  962,  731,  280,  150,  123,  874,  540,  499,  362,    0,  651,  385,  604,  916,  787,  483,  719,  372,  217,  763,  276,  749,  159,  576,  595,  410,  241,   88,  216,  428,  204,  428,  938,  223,  547,  346,  439,  472,  142,  226,  234,  665,  705, 1046,  250,  581,  458,  791,  339,  511,  345,  505,  449,  819,  126,  625,  724,  463,  337,  712,  233,  209,  773,  656,  518,  790,  418,  473,  617,  330,  429,  473,  249,  188,  424,  134,  149,  410,  200,  650,  763,  494,  668,  701,  530,  181,   97,  674,  680,  348,  462,  417,  760,  729,  300, 1066,  580,  168,  649,  786,  129,  666,  173,  347,  472,  708,  732,  419,  594,  703,  194,   29,  275,  645,  361,  185,  766,  652,  619,  773,  981,  641,  608,  715,  665,  647,  482,  682,  789,  651,  239,  598,  703,   97,  466,  213,  458,  656,  485,  744,  708,  677,  672,  451,  715,  544,  662,  613,  671,  647,  190,  332,  626,  253,  443,  628,   67,  621,  411,  765,  336,  677,  735,  453,  747,  899,  617,  392,  573,  263,  546,  462,  437,  697,  744,  231,  750,  726,   83,  765,  579],
        [  277,    0,  415,  782,  581,  619,  446,  247,  143,  317,  240,  369,  472,  719,  313,  353,  176,  481,  798,  539,  316,  348,  267,  394,  651,    0,  474,  468,  290,  137,  778,  170,  330,  662,  202,  397,  805,  781,  451,  193,  743,  883,  670,  604,  451,  852,  557,  365,  428,  405,  603,  572,  377,  731,  853,  858,  574,  585,  443,  666,  347,  474,  524,  325,  700,  348,  749,  378,  209,  722,  451,  428,  293,  709,  639,  500,  859,  440,  438,  145,  264,  522,  283,  241,  346,  521,  190,  689,  835,  282,  772,  796,  718,  844,  569,  657,  279,  384,  775,  130,  655,  738,  766,   81,  541,  357,  547,  611,  531,  381,  451,  325,  747,  677,  150,  734,   21,  480,  607,  293,  822,  332,  253,  257,  413,  811,  623,  677,  163,  481,  823,  725,   41,  382,  680,  356,   22,  524,  379,  327,  100,  235,  245,  387,  241,  573,  670,  149,  684,  203,  744,  642,  764,  556,  238,  334,  167,  481,  497,  284,  390,  654,  255,   58,  299,  502,  334,  237,  559,  414,  100,  587,  583,  519,  599,  402,  422,   98,  468,  299,  313,   46,  780,  776,  747,  111,  570,  368,  353,  235,  516,  541,  834,  649,  193,  724],
        [  708,    0,  491,  333,  682,  480,  130,  686,  587,  160,  590,  243,  756,  295,  547,  679,  628,  469,  480,  358,  569,  597,  214,   95,  385,  474,    0,  714,  655,  588,  305,  617,  168,  251,  484,  196,  426,  543,  194,  543,  270,  607,  340,  512,  574,  561,  640,  633,  273,  637,  608,  111,  559,  523,  605,  490,  812,  324,  749,  575,  627,  612,  409,  348,  242,  169,  282,  540,  682,  372,  719,  352,  489,  248,  338,  155,  549,  404,  278,  337,  487,   60,  490,  591,  371,   66,  300,  260,  508,  198,  443,  516,  245,  568,  800,  387,  203,  709,  382,  352,  519,  477,  361,  456,   75,  537,  627,  891,  830,  180,  777,  236,  549,  302,  555,  512,  479,  272,  611,  498,  411,  390,  245,  583,  749,  447,  372,  237,  566,  540,  560,  407,  451,  675,  400,  710,  477,  225,  737,  319,  413,  460,  639,  435,  617,  165,  264,  443,  473,  397,  584,  177,  350,  681,  673,  708,  405,  289,   71,  683,  176,  302,  301,  459,  312,  206,  216,  595,  147,   78,  398,  359,  247,   54,  888,  451,  738,  571,   69,  711,  606,  429,  313,  323,  319,  372,  121,  522,  344,  671,  454,  848,  428,  444,  654,  287],
        [  657,    0,  249, 1042,  206,  470,  769,  624,  370,  621,  234,  756,   62,  805,  178,  796,  373,  324,  736,  492,  781,  129,  605,  621,  604,  468,  714,    0,  724,  546,  981,  366,  554,  754,  670,  528, 1133,  644,  806,  276,  920,  751,  676,  417,  176,  745,  217,  825,  475,   79,  315,  824,  156,  586,  701,  833,  109,  963,  883,  439,  121,  150,  950,  368,  949,  546,  977,  177,  463,  725,   32,  852,  232,  857, 1005,  627,  770,  879,  833,  472,  731,  774,  233,  233,  348,  780,  475,  791,  771,  550,  733,  697,  905,  724,  102, 1038,  613,  126, 1092,  467,  479,  643, 1073,  547,  746,  178,  219,  177,  127,  538,  881,  708,  584, 1003,  598,  601,  487,  514,  318,  224, 1125,  778,  497,  212,  137,  797,  579,  800,  317,  244,  696, 1088,  504,   94, 1058,  784,  447,  876,  175,  750,  553,  278,  264,  840,  247,  701,  974,  614,  566,  348,  546,  883, 1063,  170,  327,  206,  623,  873,  773,  256,  741,  993,  668,  524,  719,  588,  499,  239,  699,  700,  543,  546,  924,  767,  175,  286,  104,  470,  752,  276,  772,  479,  930, 1029,  832,  460,  834,  194,  784,  331,  374,  148, 1141,  545,  397, 1000],
        [  116,    0,  704,  898,  863,  903,  574,  131,  355,  503,  492,  452,  713,  938,  591,   74,  358,  770, 1057,  813,  140,  619,  448,  602,  916,  290,  655,  724,    0,  178,  933,  362,  559,  885,  172,  646,  861, 1056,  546,  458,  917, 1155,  922,  891,  735, 1119,  841,  132,  696,  672,  891,  726,  658, 1010, 1129, 1105,  823,  619,  160,  954,  607,  755,  495,  608,  835,  583,  892,  662,  291,  970,  701,  430,  579,  902,  679,  732, 1122,  407,  486,  401,  189,  686,  569,  493,  631,  681,  444,  905, 1093,  504, 1028, 1065,  889, 1114,  820,  674,  458,  617,  846,  390,  940, 1008,  847,  239,  729,  640,  832,  837,  757,  625,  163,  432, 1027,  753,  140, 1011,  270,  744,  896,  578,  900,  321,  498,  517,  635, 1058,  890,  886,  409,  770, 1095,  755,  274,  631,  697,   67,  307,  603,  593,  373,  270,  523,  466,  332,  478,  792,  767,  218,  960,  491, 1029,  791,  852,  835,  417,  546,  253,  522,  648,  488,  508,  721,  357,  252,  363,  748,  586,  486,  776,  580,  289,  856,  660,  685,  822,  691,  655,  255,  621,  485,   94,  310,  965,  899,  965,  377,  715,  654,  372,  413,  802,  761,  907,  925,  343,  837],
        [  142,    0,  538,  877,  688,  753,  539,  110,  178,  429,  314,  439,  537,  847,  417,  250,  184,  610,  934,  675,  257,  442,  375,  516,  787,  137,  588,  546,  178,    0,  887,  187,  457,  791,  183,  530,  877,  916,  531,  282,  858, 1019,  805,  735,  563,  988,  668,  287,  565,  495,  723,  679,  484,  866,  989,  992,  646,  643,  337,  796,  429,  581,  552,  460,  801,  478,  854,  489,  144,  857,  523,  465,  409,  830,  701,  630,  995,  462,  496,  276,  243,  631,  398,  315,  479,  629,  322,  816,  971,  406,  908,  933,  832,  980,  643,  709,  386,  441,  852,  262,  788,  874,  847,  134,  659,  467,  659,  664,  583,  513,  338,  403,  881,  755,   69,  869,  122,  616,  728,  407,  903,  355,  384,  339,  461,  946,  759,  803,  232,  602,  959,  785,  142,  454,  733,  240,  148,  599,  420,  377,  177,  356,  290,  394,  301,  700,  756,  172,  819,  335,  877,  748,  848,  659,  248,  373,  210,  538,  601,  316,  477,  728,  324,  130,  354,  635,  467,  308,  686,  521,  190,  723,  659,  628,  649,  530,  479,   77,  572,  317,  235,  174,  899,  874,  875,  244,  673,  483,  392,  244,  647,  589,  913,  784,  176,  817],
