{
    "name": "random-21-28262",
    "comment": "size=21 seed=28262",
    "nodes": ["+0", "-0", "+1", "-1", "+2", "-2", "+3", "-3", "+4", "-4", "+5", "-5", "+6", "-6", "+7", "-7", "+8", "-8", "+9", "-9", "+10", "-10", "+11", "-11", "+12", "-12", "+13", "-13", "+14", "-14", "+15", "-15", "+16", "-16", "+17", "-17", "+18", "-18", "+19", "-19", "+20", "-20", "+21", "-21"],
    "precedence": {
        "+0": "-0",
        "+1": "-1",
        "+2": "-2",
        "+3": "-3",
        "+4": "-4",
        "+5": "-5",
        "+6": "-6",
        "+7": "-7",
        "+8": "-8",
        "+9": "-9",
        "+10": "-10",
        "+11": "-11",
        "+12": "-12",
        "+13": "-13",
        "+14": "-14",
        "+15": "-15",
        "+16": "-16",
        "+17": "-17",
        "+18": "-18",
        "+19": "-19",
        "+20": "-20",
        "+21": "-21"
    },
    "edges": [
        [    0,    0,  452,  424,  392,  671,  634,  238,  266,  304,  475,   71,   74,  295,  282,  392,   90,  254,  415,  496,  274,  442,  434,  635,  259,  791,  465,  420,  526,  257,  257,  598,  481,  792,  474,  435,  650,  410,  712,  355,  135,  564,  334,  366],
        [    0,    0,  452,  424,  392,  671,  634,  238,  266,  304,  475,   71,   74,  295,  282,  392,   90,  254,  415,  496,  274,  442,  434,  635,  259,  791,  465,  420,  526,  257,  257,  598,  481,  792,  474,  435,  650,  410,  712,  355,  135,  564,  334,  366],
        [  452,  452,    0,  134,   65,  746,  259,  460,  405,  755,  702,  494,  519,  397,  473,  776,  530,  369,  510,  327,  480,  513,  385,  698,  666,  354,  504,  848,  106,  241,  471,  445,  294,  376,  534,  873,  552,  406,  304,  792,  387,  168,  415,  407],
        [  424,  424,  134,    0,  104,  614,  212,  500,  303,  716,  587,  480,  480,  288,  524,  693,  487,  421,  588,  196,  527,  385,  483,  566,  667,  375,  374,  782,  236,  172,  373,  317,  412,  369,  622,  814,  421,  277,  289,  778,  400,  299,  299,  285],
        [  392,  392,   65,  104,    0,  699,  282,  422,  343,  694,  642,  437,  457,  336,  440,  711,  468,  335,  492,  297,  445,  460,  381,  652,  614,  404,  454,  784,  166,  176,  407,  420,  309,  417,  523,  810,  522,  356,  341,  737,  337,  224,  358,  353],
        [  671,  671,  746,  614,  699,    0,  663,  895,  427,  762,  263,  737,  653,  410,  937,  535,  642,  870, 1056,  438,  932,  251, 1014,   48,  889,  855,  248,  676,  849,  573,  415,  368,  988,  797, 1109,  731,  275,  345,  742,  904,  771,  912,  372,  360],
        [  634,  634,  259,  212,  282,  663,    0,  702,  475,  921,  715,  691,  688,  451,  721,  870,  694,  616,  767,  242,  726,  489,  642,  618,  878,  200,  464,  972,  305,  379,  545,  300,  543,  167,  792, 1008,  409,  389,   90,  988,  609,  355,  446,  418],
        [  238,  238,  460,  500,  422,  895,  702,    0,  473,  438,  712,  196,  291,  495,   44,  610,  309,   96,  179,  640,   37,  654,  242,  856,  252,  811,  671,  602,  489,  381,  483,  758,  337,  835,  239,  599,  832,  597,  761,  398,  126,  501,  536,  561],
        [  266,  266,  405,  303,  343,  427,  475,  473,    0,  478,  304,  337,  278,   31,  513,  396,  274,  443,  630,  270,  509,  182,  594,  386,  517,  664,  201,  500,  508,  173,   72,  348,  585,  641,  683,  540,  386,  148,  563,  582,  347,  565,   68,  103],
        [  304,  304,  755,  716,  694,  762,  921,  438,  478,    0,  506,  277,  238,  508,  473,  266,  229,  504,  599,  746,  460,  602,  678,  742,  225, 1088,  635,  184,  829,  545,  425,  822,  755, 1083,  657,  165,  841,  620, 1003,  152,  405,  865,  537,  574],
        [  475,  475,  702,  587,  642,  263,  715,  712,  304,  506,    0,  530,  437,  307,  756,  273,  422,  710,  886,  475,  748,  229,  878,  253,  655,  914,  259,  414,  807,  476,  252,  474,  883,  874,  944,  469,  433,  326,  803,  653,  597,  866,  289,  305],
        [   71,   71,  494,  480,  437,  737,  691,  196,  337,  277,  530,    0,   97,  365,  239,  415,  114,  237,  374,  564,  228,  512,  417,  702,  192,  840,  535,  419,  558,  318,  324,  668,  481,  846,  434,  425,  720,  480,  766,  300,  128,  590,  405,  437],
        [   74,   74,  519,  480,  457,  653,  688,  291,  278,  238,  437,   97,    0,  308,  335,  324,   18,  321,  470,  530,  324,  440,  502,  621,  242,  851,  467,  346,  597,  310,  249,  622,  554,  849,  529,  361,  663,  426,  768,  310,  204,  637,  345,  380],
        [  295,  295,  397,  288,  336,  410,  451,  495,   31,  508,  307,  365,  308,    0,  535,  419,  305,  461,  649,  241,  531,  161,  606,  367,  547,  643,  177,  527,  501,  174,   95,  317,  591,  618,  700,  568,  356,  118,  540,  613,  369,  559,   41,   73],
        [  282,  282,  473,  524,  440,  937,  721,   44,  513,  473,  756,  239,  335,  535,    0,  652,  352,  105,  136,  671,   14,  695,  215,  897,  276,  821,  711,  640,  493,  414,  525,  791,  321,  848,  196,  635,  867,  634,  776,  422,  166,  500,  575,  599],
        [  392,  392,  776,  693,  711,  535,  870,  610,  396,  266,  273,  415,  324,  419,  652,    0,  306,  644,  787,  651,  640,  442,  825,  525,  466, 1060,  476,  142,  870,  536,  326,  691,  870, 1036,  847,  196,  677,  502,  959,  418,  526,  919,  429,  462],
        [   90,   90,  530,  487,  468,  642,  694,  309,  274,  229,  422,  114,   18,  305,  352,  306,    0,  339,  487,  531,  342,  433,  520,  610,  250,  860,  460,  331,  610,  316,  241,  620,  571,  855,  547,  348,  658,  422,  775,  310,  221,  650,  340,  376],
        [  254,  254,  369,  421,  335,  870,  616,   96,  443,  504,  710,  237,  321,  461,  105,  644,  339,    0,  188,  575,  111,  622,  182,  828,  339,  718,  635,  655,  394,  323,  467,  697,  253,  744,  240,  659,  779,  552,  672,  483,  119,  406,  501,  521],
        [  415,  415,  510,  588,  492, 1056,  767,  179,  630,  599,  886,  374,  470,  649,  136,  787,  487,  188,    0,  756,  147,  810,  153, 1015,  388,  837,  823,  771,  501,  509,  649,  879,  279,  875,   60,  763,  964,  740,  810,  530,  290,  490,  688,  709],
        [  496,  496,  327,  196,  297,  438,  242,  640,  270,  746,  475,  564,  530,  241,  671,  651,  531,  575,  756,    0,  671,  248,  667,  391,  755,  441,  223,  766,  424,  260,  334,  125,  606,  399,  796,  808,  226,  153,  329,  839,  522,  486,  223,  190],
        [  274,  274,  480,  527,  445,  932,  726,   37,  509,  460,  748,  228,  324,  531,   14,  640,  342,  111,  147,  671,    0,  690,  229,  892,  263,  828,  707,  627,  502,  414,  519,  791,  333,  855,  207,  622,  866,  632,  782,  409,  162,  510,  571,  596],
        [  442,  442,  513,  385,  460,  251,  489,  654,  182,  602,  229,  512,  440,  161,  695,  442,  433,  622,  810,  248,  690,    0,  764,  207,  682,  689,   35,  573,  618,  323,  192,  253,  740,  646,  861,  622,  241,  109,  577,  727,  529,  680,  122,  111],
        [  434,  434,  385,  483,  381, 1014,  642,  242,  594,  678,  878,  417,  502,  606,  215,  825,  520,  182,  153,  667,  229,  764,    0,  970,  491,  693,  771,  835,  358,  445,  629,  792,  127,  737,  156,  836,  886,  680,  676,  637,  300,  342,  643,  656],
        [  635,  635,  698,  566,  652,   48,  618,  856,  386,  742,  253,  702,  621,  367,  897,  525,  610,  828, 1015,  391,  892,  207,  970,    0,  859,  810,  201,  666,  802,  527,  379,  324,  942,  754, 1067,  720,  237,  298,  697,  881,  731,  864,  329,  314],
        [  259,  259,  666,  667,  614,  889,  878,  252,  517,  225,  655,  192,  242,  547,  276,  466,  250,  339,  388,  755,  263,  682,  491,  859,    0, 1017,  709,  408,  717,  509,  491,  856,  588, 1029,  443,  389,  902,  664,  950,  147,  279,  739,  584,  619],
        [  791,  791,  354,  375,  404,  855,  200,  811,  664, 1088,  914,  840,  851,  643,  821, 1060,  860,  718,  837,  441,  828,  689,  693,  810, 1017,    0,  664, 1155,  336,  545,  735,  488,  575,   79,  848, 1188,  590,  588,  114, 1140,  739,  357,  642,  615],
        [  465,  465,  504,  374,  454,  248,  464,  671,  201,  635,  259,  535,  467,  177,  711,  476,  460,  635,  823,  223,  707,   35,  771,  201,  709,  664,    0,  608,  609,  327,  220,  219,  741,  619,  873,  657,  208,   99,  551,  758,  546,  671,  136,  115],
        [  420,  420,  848,  782,  784,  676,  972,  602,  500,  184,  414,  419,  346,  527,  640,  142,  331,  655,  771,  766,  627,  573,  835,  666,  408, 1155,  608,    0,  934,  616,  433,  818,  898, 1139,  830,   56,  812,  622, 1059,  322,  544,  978,  544,  579],
        [  526,  526,  106,  236,  166,  849,  305,  489,  508,  829,  807,  558,  597,  501,  493,  870,  610,  394,  501,  424,  502,  618,  358,  802,  717,  336,  609,  934,    0,  340,  572,  536,  245,  380,  513,  956,  646,  511,  322,  851,  441,   63,  521,  513],
        [  257,  257,  241,  172,  176,  573,  379,  381,  173,  545,  476,  318,  310,  174,  414,  536,  316,  323,  509,  260,  414,  323,  445,  527,  509,  545,  327,  616,  340,    0,  234,  378,  419,  539,  555,  646,  456,  236,  459,  611,  263,  395,  205,  213],
        [  257,  257,  471,  373,  407,  415,  545,  483,   72,  425,  252,  324,  249,   95,  525,  326,  241,  467,  649,  334,  519,  192,  629,  379,  491,  735,  220,  433,  572,  234,    0,  398,  632,  711,  705,  475,  421,  197,  634,  540,  360,  628,  114,  151],
        [  598,  598,  445,  317,  420,  368,  300,  758,  348,  822,  474,  668,  622,  317,  791,  691,  620,  697,  879,  125,  791,  253,  792,  324,  856,  488,  219,  818,  536,  378,  398,    0,  729,  430,  921,  864,  112,  202,  375,  929,  638,  597,  286,  249],
        [  481,  481,  294,  412,  309,  988,  543,  337,  585,  755,  883,  481,  554,  591,  321,  870,  571,  253,  279,  606,  333,  740,  127,  942,  588,  575,  741,  898,  245,  419,  632,  729,    0,  623,  278,  906,  830,  645,  567,  734,  354,  219,  623,  630],
        [  792,  792,  376,  369,  417,  797,  167,  835,  641, 1083,  874,  846,  849,  618,  848, 1036,  855,  744,  875,  399,  855,  646,  737,  754, 1029,   79,  619, 1139,  380,  539,  711,  430,  623,    0,  892, 1174,  528,  551,   81, 1145,  754,  409,  611,  582],
        [  474,  474,  534,  622,  523, 1109,  792,  239,  683,  657,  944,  434,  529,  700,  196,  847,  547,  240,   60,  796,  207,  861,  156, 1067,  443,  848,  873,  830,  513,  555,  705,  921,  278,  892,    0,  821, 1009,  788,  830,  583,  347,  496,  740,  759],
        [  435,  435,  873,  814,  810,  731, 1008,  599,  540,  165,  469,  425,  361,  568,  635,  196,  348,  659,  763,  808,  622,  622,  836,  720,  389, 1188,  657,   56,  956,  646,  475,  864,  906, 1174,  821,    0,  862,  667, 1095,  287,  552,  997,  587,  623],
        [  650,  650,  552,  421,  522,  275,  409,  832,  386,  841,  433,  720,  663,  356,  867,  677,  658,  779,  964,  226,  866,  241,  886,  237,  902,  590,  208,  812,  646,  456,  421,  112,  830,  528, 1009,  862,    0,  241,  479,  960,  708,  707,  319,  284],
        [  410,  410,  406,  277,  356,  345,  389,  597,  148,  620,  326,  480,  426,  118,  634,  502,  422,  552,  740,  153,  632,  109,  680,  298,  664,  588,   99,  622,  511,  236,  197,  202,  645,  551,  788,  667,  241,    0,  478,  729,  472,  573,   84,   47],
        [  712,  712,  304,  289,  341,  742,   90,  761,  563, 1003,  803,  766,  768,  540,  776,  959,  775,  672,  810,  329,  782,  577,  676,  697,  950,  114,  551, 1059,  322,  459,  634,  375,  567,   81,  830, 1095,  479,  478,    0, 1065,  677,  361,  535,  508],
        [  355,  355,  792,  778,  737,  904,  988,  398,  582,  152,  653,  300,  310,  613,  422,  418,  310,  483,  530,  839,  409,  727,  637,  881,  147, 1140,  758,  322,  851,  611,  540,  929,  734, 1145,  583,  287,  960,  729, 1065,    0,  411,  877,  646,  683],
        [  135,  135,  387,  400,  337,  771,  609,  126,  347,  405,  597,  128,  204,  369,  166,  526,  221,  119,  290,  522,  162,  529,  300,  731,  279,  739,  546,  544,  441,  263,  360,  638,  354,  754,  347,  552,  708,  472,  677,  411,    0,  468,  410,  435],
        [  564,  564,  168,  299,  224,  912,  355,  501,  565,  865,  866,  590,  637,  559,  500,  919,  650,  406,  490,  486,  510,  680,  342,  864,  739,  357,  671,  978,   63,  395,  628,  597,  219,  409,  496,  997,  707,  573,  361,  877,  468,    0,  580,  574],
        [  334,  334,  415,  299,  358,  372,  446,  536,   68,  537,  289,  405,  345,   41,  575,  429,  340,  501,  688,  223,  571,  122,  643,  329,  584,  642,  136,  544,  521,  205,  114,  286,  623,  611,  740,  587,  319,   84,  535,  646,  410,  580,    0,   38],
        [  366,  366,  407,  285,  353,  360,  418,  561,  103,  574,  305,  437,  380,   73,  599,  462,  376,  521,  709,  190,  596,  111,  656,  314,  619,  615,  115,  579,  513,  213,  151,  249,  630,  582,  759,  623,  284,   47,  508,  683,  435,  574,   38,    0]
    ]
}
