{
    "name": "random-47-22279",
    "comment": "size=47 seed=22279",
    "nodes": ["+0", "-0", "+1", "-1", "+2", "-2", "+3", "-3", "+4", "-4", "+5", "-5", "+6", "-6", "+7", "-7", "+8", "-8", "+9", "-9", "+10", "-10", "+11", "-11", "+12", "-12", "+13", "-13", "+14", "-14", "+15", "-15", "+16", "-16", "+17", "-17", "+18", "-18", "+19", "-19", "+20", "-20", "+21", "-21", "+22", "-22", "+23", "-23", "+24", "-24", "+25", "-25", "+26", "-26", "+27", "-27", "+28", "-28", "+29", "-29", "+30", "-30", "+31", "-31", "+32", "-32", "+33", "-33", "+34", "-34", "+35", "-35", "+36", "-36", "+37", "-37", "+38", "-38", "+39", "-39", "+40", "-40", "+41", "-41", "+42", "-42", "+43", "-43", "+44", "-44", "+45", "-45", "+46", "-46", "+47", "-47"],
    "precedence": {
        "+0": "-0",
        "+1": "-1",
        "+2": "-2",
        "+3": "-3",
        "+4": "-4",
        "+5": "-5",
        "+6": "-6",
        "+7": "-7",
        "+8": "-8",
        "+9": "-9",
        "+10": "-10",
        "+11": "-11",
        "+12": "-12",
        "+13": "-13",
        "+14": "-14",
        "+15": "-15",
        "+16": "-16",
        "+17": "-17",
        "+18": "-18",
        "+19": "-19",
        "+20": "-20",
        "+21": "-21",
        "+22": "-22",
        "+23": "-23",
        "+24": "-24",
        "+25": "-25",
        "+26": "-26",
        "+27": "-27",
        "+28": "-28",
        "+29": "-29",
        "+30": "-30",
        "+31": "-31",
        "+32": "-32",
        "+33": "-33",
        "+34": "-34",
        "+35": "-35",
        "+36": "-36",
        "+37": "-37",
        "+38": "-38",
        "+39": "-39",
        "+40": "-40",
        "+41": "-41",
        "+42": "-42",
        "+43": "-43",
        "+44": "-44",
        "+45": "-45",
        "+46": "-46",
        "+47": "-47"
    },
    "edges": [
        [    0,    0,   96,  568,  671,  667,  310,  930,  137,  665,  954,  724,  765,  808,  142,  104,  702,  685,  467,  692,  225,  838,  402,  753,  535,  106,  652,  671,  648,  633,  686,  370,  620,  634,  479,  710,  765,  332,  949,   70,  608,  671,  558,  218,  854,  588,  240,  344,  711,   92,  178,  724,  855,  496,  483,  450,   18,  704,  978,  816,  100,  363,  377,  554,  266,  316,  156,  504,  718,  863,  465,  422,  136,  566,  405,  350,  241,  171,   45,   93,  174,  599,  584,  402,  439,  422,  957,  149,  205,  461,  397,  717,  940,  653,  702,  695],
        [    0,    0,    0,    0,    0,    0,    0,    0,    0,    0,    0,    0,    0,    0,    0,    0,    0,    0,    0,    0,    0,    0,    0,    0,    0,    0,    0,    0,    0,    0,    0,    0,    0,    0,    0,    0,    0,    0,    0,    0,    0,    0,    0,    0,    0,    0,    0,    0,    0,    0,    0,    0,    0,    0,    0,    0,    0,    0,    0,    0,    0,    0,    0,    0,    0,    0,    0,    0,    0,    0,    0,    0,    0,    0,    0,    0,    0,    0,    0,    0,    0,    0,    0,    0,    0,    0,    0,    0,    0,    0,    0,    0,    0,    0,    0,    0],
        [   96,    0,    0,  501,  609,  580,  322,  928,   93,  648,  955,  744,  771,  829,  150,   81,  647,  616,  505,  725,  207,  791,  475,  828,  515,  197,  690,  581,  559,  689,  642,  386,  550,  648,  537,  648,  822,  311,  938,   45,  678,  740,  600,  275,  854,  636,  229,  253,  759,   30,  120,  747,  826,  459,  542,  514,   87,  755,  958,  780,  196,  449,  415,  571,  305,  229,  169,  584,  664,  853,  459,  346,  193,  477,  451,  279,  152,  106,  131,  150,   95,  632,  598,  455,  370,  328,  927,  153,  109,  403,  452,  715,  943,  578,  681,  741],
        [  568,    0,  501,    0,  112,  229,  418,  649,  432,  371,  687,  626,  566,  686,  456,  465,  170,  118,  569,  675,  376,  329,  715,  996,  291,  617,  682,  261,  248,  770,  216,  435,   56,  529,  682,  150,  880,  311,  614,  502,  841,  892,  643,  551,  605,  697,  379,  308,  787,  529,  568,  644,  434,  197,  692,  699,  551,  799,  591,  364,  650,  763,  529,  504,  504,  300,  665,  832,  186,  548,  356,  164,  692,  215,  581,  223,  364,  552,  571,  532,  523,  613,  497,  610,  132,  309,  517,  449,  439,  120,  614,  490,  686,  115,  368,  759],
        [  671,    0,  609,  112,    0,  270,  488,  594,  535,  345,  633,  618,  539,  668,  552,  567,   72,   63,  611,  681,  468,  227,  779, 1033,  306,  713,  697,  307,  301,  800,  151,  492,   84,  531,  730,   40,  899,  388,  547,  607,  884,  931,  673,  633,  561,  726,  467,  418,  803,  637,  679,  639,  355,  237,  741,  754,  654,  819,  511,  280,  749,  837,  586,  523,  579,  411,  774,  891,   85,  491,  392,  275,  798,  295,  634,  331,  474,  663,  670,  628,  634,  632,  508,  666,  241,  414,  427,  545,  549,  212,  671,  465,  636,  130,  328,  775],
        [  667,    0,  580,  229,  270,    0,  607,  862,  541,  596,  901,  855,  792,  914,  591,  574,  341,  213,  781,  902,  529,  481,  902, 1206,  519,  742,  906,   37,   40,  988,  418,  638,  201,  757,  886,  286, 1102,  499,  816,  598, 1048, 1103,  861,  715,  824,  915,  541,  331, 1010,  601,  604,  873,  623,  421,  897,  897,  652, 1021,  779,  548,  763,  933,  729,  729,  682,  352,  720, 1022,  351,  759,  576,  266,  767,  106,  782,  338,  428,  591,  684,  660,  564,  837,  724,  808,  278,  273,  688,  586,  485,  318,  811,  716,  902,  140,  587,  983],
        [  310,    0,  322,  418,  488,  607,    0,  621,  237,  368,  645,  423,  456,  507,  175,  242,  490,  526,  204,  409,  131,  591,  298,  607,  252,  286,  381,  627,  607,  412,  444,   65,  472,  327,  285,  521,  542,  109,  644,  286,  447,  506,  301,  158,  544,  347,  106,  393,  465,  347,  441,  426,  571,  258,  295,  291,  296,  466,  680,  547,  336,  350,  128,  250,   94,  351,  463,  417,  504,  558,  162,  350,  441,  533,  180,  290,  324,  426,  281,  223,  409,  317,  277,  203,  329,  471,  673,  171,  366,  300,  205,  408,  630,  530,  410,  442],
        [  930,    0,  928,  649,  594,  862,  621,    0,  836,  297,   40,  277,  175,  233,  791,  851,  526,  655,  530,  370,  721,  434,  738,  772,  427,  899,  427,  898,  889,  560,  445,  564,  663,  317,  621,  587,  570,  619,   88,  898,  689,  697,  495,  752,   80,  519,  700,  880,  493,  956, 1041,  296,  267,  516,  629,  671,  915,  519,  179,  337,  951,  841,  594,  396,  685,  850, 1081,  790,  520,  104,  469,  748, 1061,  863,  601,  749,  870, 1024,  901,  843, 1002,  419,  359,  628,  700,  922,  277,  785,  937,  631,  636,  214,   50,  723,  285,  474],
        [  137,    0,   93,  432,  535,  541,  237,  836,    0,  556,  864,  658,  680,  742,   79,   34,  568,  549,  429,  644,  115,  707,  431,  780,  423,  203,  612,  548,  525,  623,  557,  301,  484,  559,  476,  574,  756,  219,  846,   74,  625,  688,  526,  224,  763,  566,  138,  232,  688,  121,  207,  662,  736,  371,  482,  460,  120,  686,  867,  692,  224,  425,  341,  484,  236,  197,  257,  548,  585,  761,  368,  288,  265,  442,  382,  215,  131,  191,  144,  124,  173,  551,  509,  391,  303,  316,  837,   79,  139,  325,  389,  624,  851,  519,  589,  667],
        [  665,    0,  648,  371,  345,  596,  368,  297,  556,    0,  331,  278,  196,  323,  523,  576,  293,  408,  365,  352,  445,  293,  577,  744,  135,  653,  381,  630,  618,  505,  204,  326,  397,  205,  486,  353,  581,  338,  291,  623,  613,  647,  389,  519,  239,  437,  426,  584,  485,  677,  757,  300,  211,  220,  497,  526,  649,  505,  314,  211,  703,  665,  391,  233,  450,  554,  809,  665,  294,  208,  206,  453,  799,  582,  421,  453,  577,  740,  642,  585,  716,  327,  203,  454,  406,  627,  309,  517,  646,  337,  461,  121,  326,  463,   48,  457],
        [  954,    0,  955,  687,  633,  901,  645,   40,  864,  331,    0,  281,  192,  226,  816,  878,  566,  694,  543,  370,  749,  472,  748,  763,  459,  920,  429,  937,  928,  559,  484,  587,  702,  333,  629,  626,  559,  649,  119,  924,  687,  692,  502,  772,  102,  522,  727,  914,  487,  983, 1069,  298,  305,  550,  637,  680,  940,  513,  207,  376,  972,  852,  611,  414,  705,  883, 1107,  794,  559,  143,  496,  783, 1084,  901,  616,  782,  901, 1053,  924,  866, 1031,  427,  378,  641,  736,  957,  310,  811,  967,  667,  649,  241,   24,  762,  322,  469],
        [  724,    0,  744,  626,  618,  855,  423,  277,  658,  278,  281,    0,  124,   85,  596,  664,  570,  680,  275,   98,  546,  553,  470,  511,  338,  672,  152,  887,  872,  287,  482,  359,  661,  106,  350,  629,  322,  465,  346,  707,  414,  427,  222,  522,  204,  243,  522,  768,  232,  769,  863,   25,  421,  440,  357,  400,  712,  257,  424,  458,  724,  575,  355,  174,  461,  730,  879,  514,  572,  284,  315,  665,  845,  823,  348,  639,  727,  848,  688,  632,  830,  148,  153,  370,  623,  830,  487,  592,  781,  559,  378,  170,  260,  728,  309,  208],
        [  765,    0,  771,  566,  539,  792,  456,  175,  680,  196,  192,  124,    0,  134,  629,  692,  482,  602,  355,  221,  565,  443,  566,  635,  298,  728,  272,  826,  813,  407,  393,  396,  593,  143,  451,  543,  445,  469,  229,  738,  533,  550,  326,  580,   95,  357,  542,  753,  356,  798,  887,  148,  301,  399,  459,  500,  751,  380,  303,  345,  780,  667,  420,  222,  514,  719,  918,  623,  481,  161,  314,  633,  893,  774,  427,  621,  728,  871,  734,  676,  850,  251,  186,  454,  588,  805,  363,  624,  791,  520,  462,   76,  176,  659,  213,  332],
        [  808,    0,  829,  686,  668,  914,  507,  233,  742,  323,  226,   85,  134,    0,  681,  748,  613,  730,  356,  150,  630,  576,  543,  540,  405,  755,  209,  947,  934,  334,  524,  443,  717,  185,  421,  674,  338,  546,  313,  792,  463,  466,  294,  605,  175,  304,  605,  845,  262,  854,  947,   88,  428,  508,  427,  472,  796,  288,  400,  477,  807,  648,  439,  258,  545,  809,  963,  576,  613,  269,  394,  738,  929,  889,  429,  715,  808,  932,  773,  716,  914,  225,  234,  449,  694,  905,  478,  677,  864,  628,  457,  204,  203,  784,  345,  243],
        [  142,    0,  150,  456,  552,  591,  175,  791,   79,  523,  816,  596,  629,  681,    0,   71,  575,  573,  356,  575,   87,  703,  354,  702,  394,  162,  541,  602,  579,  545,  552,  238,  510,  501,  397,  590,  678,  192,  808,  111,  547,  609,  452,  146,  715,  490,   98,  301,  613,  174,  269,  599,  714,  360,  404,  381,  126,  610,  836,  678,  199,  354,  266,  424,  159,  263,  291,  471,  591,  722,  324,  329,  278,  498,  306,  255,  204,  255,  125,   77,  242,  482,  452,  312,  334,  385,  816,    8,  218,  341,  310,  578,  803,  553,  560,  593],
        [  104,    0,   81,  465,  567,  574,  242,  851,   34,  576,  878,  664,  692,  748,   71,    0,  598,  582,  426,  645,  131,  736,  412,  763,  444,  170,  611,  580,  558,  614,  585,  306,  517,  568,  464,  606,  747,  239,  864,   48,  610,  673,  522,  206,  777,  559,  151,  263,  682,  106,  200,  667,  760,  397,  470,  445,   87,  679,  888,  718,  190,  400,  336,  491,  228,  229,  234,  526,  615,  778,  382,  321,  236,  475,  375,  248,  159,  186,  111,   95,  171,  552,  518,  380,  336,  345,  861,   73,  155,  357,  378,  638,  865,  552,  610,  663],
        [  702,    0,  647,  170,   72,  341,  490,  526,  568,  293,  566,  570,  482,  613,  575,  598,    0,  130,  591,  639,  489,  160,  772, 1006,  279,  734,  660,  378,  372,  770,   90,  485,  154,  488,  713,   62,  862,  399,  476,  641,  861,  905,  645,  642,  497,  697,  485,  474,  766,  676,  725,  591,  283,  233,  724,  741,  685,  783,  439,  208,  774,  838,  576,  490,  583,  463,  815,  880,   18,  423,  374,  328,  832,  366,  622,  375,  521,  709,  697,  651,  680,  597,  471,  655,  288,  478,  355,  568,  597,  244,  660,  410,  569,  202,  269,  737],
        [  685,    0,  616,  118,   63,  213,  526,  655,  549,  408,  694,  680,  602,  730,  573,  582,  130,    0,  662,  741,  493,  271,  821, 1086,  362,  735,  755,  250,  247,  855,  213,  537,   66,  591,  779,   73,  957,  423,  605,  618,  935,  983,  727,  665,  623,  781,  495,  406,  861,  643,  676,  700,  411,  285,  790,  801,  668,  876,  566,  335,  767,  875,  631,  579,  615,  406,  778,  936,  139,  552,  444,  272,  807,  253,  681,  337,  474,  661,  688,  649,  632,  689,  566,  711,  247,  390,  476,  566,  547,  235,  716,  527,  697,   77,  391,  833],
        [  467,    0,  505,  569,  611,  781,  204,  530,  429,  365,  543,  275,  355,  356,  356,  426,  591,  662,    0,  227,  333,  647,  216,  427,  313,  402,  186,  806,  786,  211,  520,  151,  619,  214,  124,  637,  338,  295,  578,  463,  273,  324,   98,  254,  450,  143,  308,  596,  261,  526,  623,  269,  573,  378,  135,  161,  457,  262,  638,  575,  454,  314,   91,  142,  202,  554,  620,  300,  600,  498,  219,  538,  578,  719,   74,  486,  527,  610,  427,  374,  597,  135,  179,   99,  509,  672,  664,  354,  565,  464,  107,  341,  524,  684,  412,  240],
        [  692,    0,  725,  675,  681,  902,  409,  370,  644,  352,  370,   98,  221,  150,  575,  645,  639,  741,  227,    0,  538,  638,  397,  415,  385,  629,   60,  932,  916,  191,  553,  345,  715,  151,  273,  696,  231,  472,  442,  685,  319,  330,  149,  481,  300,  155,  513,  780,  138,  748,  844,   76,  513,  482,  279,  324,  682,  161,  521,  545,  680,  501,  316,  180,  427,  741,  847,  427,  642,  380,  337,  693,  805,  860,  296,  657,  727,  830,  654,  600,  815,   94,  179,  311,  654,  849,  582,  572,  774,  594,  318,  258,  348,  783,  389,  112],
        [  225,    0,  207,  376,  468,  529,  131,  721,  115,  445,  749,  546,  565,  630,   87,  131,  489,  493,  333,  538,    0,  617,  383,  717,  313,  246,  511,  544,  521,  537,  465,  193,  431,  446,  400,  506,  668,  108,  733,  179,  558,  619,  430,  187,  648,  474,   26,  272,  593,  235,  322,  552,  631,  274,  408,  395,  208,  594,  757,  593,  285,  405,  250,  373,  164,  231,  365,  504,  505,  648,  253,  264,  360,  442,  298,  193,  195,  306,  211,  162,  286,  447,  396,  314,  260,  354,  733,   80,  237,  259,  314,  509,  737,  478,  480,  571],
        [  838,    0,  791,  329,  227,  481,  591,  434,  707,  293,  472,  553,  443,  576,  703,  736,  160,  271,  647,  638,  617,    0,  848, 1036,  348,  858,  672,  518,  516,  797,  152,  571,  311,  496,  770,  199,  868,  516,  366,  780,  903,  938,  680,  748,  428,  728,  608,  633,  773,  820,  876,  577,  168,  345,  781,  806,  820,  794,  309,  101,  901,  926,  654,  523,  684,  619,  959,  946,  145,  336,  448,  485,  971,  520,  693,  527,  673,  860,  828,  777,  831,  619,  495,  726,  443,  638,  209,  696,  749,  392,  732,  384,  481,  347,  250,  746],
        [  402,    0,  475,  715,  779,  902,  298,  738,  431,  577,  748,  470,  566,  543,  354,  412,  772,  821,  216,  397,  383,  848,    0,  353,  503,  305,  340,  920,  898,  262,  712,  287,  769,  427,  124,  810,  382,  406,  792,  431,  208,  270,  250,  208,  660,  248,  366,  649,  354,  485,  579,  458,  786,  543,  119,   73,  400,  338,  853,  783,  345,  105,  197,  358,  221,  609,  535,  122,  783,  713,  402,  639,  472,  821,  157,  572,  557,  570,  358,  326,  567,  323,  395,  124,  624,  733,  879,  356,  566,  598,  117,  556,  728,  828,  624,  348],
        [  753,    0,  828,  996, 1033, 1206,  607,  772,  780,  744,  763,  511,  635,  540,  702,  763, 1006, 1086,  427,  415,  717, 1036,  353,    0,  729,  652,  369, 1229, 1209,  240,  929,  568, 1045,  542,  322, 1056,  207,  711,  850,  783,  160,  104,  362,  558,  708,  310,  696,  988,  281,  838,  931,  488,  924,  803,  312,  323,  752,  255,  933,  949,  687,  404,  480,  519,  554,  947,  878,  254, 1014,  794,  643,  955,  810, 1138,  427,  895,  902,  922,  709,  679,  920,  417,  543,  405,  930, 1070,  996,  703,  917,  889,  404,  667,  740, 1110,  787,  303],
        [  535,    0,  515,  291,  306,  519,  252,  427,  423,  135,  459,  338,  298,  405,  394,  444,  279,  362,  313,  385,  313,  348,  503,  729,    0,  532,  394,  550,  535,  494,  210,  225,  331,  239,  435,  328,  595,  205,  426,  491,  582,  627,  368,  408,  362,  421,  296,  457,  500,  544,  623,  355,  323,  103,  446,  466,  519,  515,  445,  296,  580,  579,  307,  218,  341,  425,  677,  606,  288,  342,  102,  336,  671,  485,  349,  325,  444,  606,  515,  459,  581,  328,  207,  382,  291,  507,  425,  387,  513,  224,  388,  227,  451,  399,  167,  472],
        [  106,    0,  197,  617,  713,  742,  286,  899,  203,  653,  920,  672,  728,  755,  162,  170,  734,  735,  402,  629,  246,  858,  305,  652,  532,    0,  583,  750,  727,  548,  706,  336,  671,  590,  393,  751,  678,  342,  927,  160,  512,  574,  487,  151,  820,  510,  251,  431,  631,  197,  282,  669,  854,  513,  396,  359,  111,  622,  965,  824,   53,  258,  317,  509,  215,  398,  232,  401,  750,  841,  448,  485,  178,  645,  334,  411,  327,  275,   67,   86,  279,  537,  543,  324,  493,  513,  956,  169,  304,  502,  319,  688,  903,  713,  694,  618],
        [  652,    0,  690,  682,  697,  906,  381,  427,  612,  381,  429,  152,  272,  209,  541,  611,  660,  755,  186,   60,  511,  672,  340,  369,  394,  583,    0,  935,  918,  136,  576,  320,  724,  177,  216,  715,  203,  455,  497,  649,  263,  279,   97,  437,  355,   96,  486,  763,  107,  711,  809,  132,  556,  486,  221,  267,  642,  124,  574,  582,  633,  444,  277,  178,  388,  723,  805,  367,  665,  432,  332,  685,  760,  858,  250,  644,  704,  795,  612,  560,  782,   70,  190,  261,  649,  835,  630,  539,  746,  593,  268,  299,  407,  792,  422,   79],
        [  671,    0,  581,  261,  307,   37,  627,  898,  548,  630,  937,  887,  826,  947,  602,  580,  378,  250,  806,  932,  544,  518,  920, 1229,  550,  750,  935,    0,   23, 1013,  454,  661,  236,  788,  908,  323, 1130,  520,  853,  602, 1071, 1126,  887,  730,  859,  941,  557,  330, 1038,  601,  598,  904,  660,  451,  919,  918,  656, 1049,  816,  584,  768,  948,  751,  757,  699,  355,  715, 1040,  388,  795,  604,  281,  766,  106,  804,  352,  431,  586,  690,  669,  559,  865,  754,  829,  299,  265,  725,  596,  483,  344,  832,  750,  938,  177,  623, 1011],
        [  648,    0,  559,  248,  301,   40,  607,  889,  525,  618,  928,  872,  813,  934,  579,  558,  372,  247,  786,  916,  521,  516,  898, 1209,  535,  727,  918,   23,    0,  994,  446,  641,  227,  773,  888,  320, 1112,  499,  846,  579, 1050, 1106,  869,  708,  849,  922,  535,  307, 1021,  579,  576,  889,  655,  435,  898,  897,  633, 1031,  811,  580,  745,  925,  731,  740,  678,  332,  693, 1019,  383,  786,  586,  260,  744,   83,  783,  329,  408,  564,  667,  646,  537,  848,  738,  809,  279,  244,  723,  574,  461,  326,  811,  738,  929,  171,  612,  993],
        [  633,    0,  689,  770,  800,  988,  412,  560,  623,  505,  559,  287,  407,  334,  545,  614,  770,  855,  211,  191,  537,  797,  262,  240,  494,  548,  136, 1013,  994,    0,  690,  361,  817,  304,  156,  821,  134,  506,  632,  645,  129,  144,  128,  417,  490,   74,  513,  804,   95,  705,  803,  266,  688,  575,  153,  194,  627,   77,  710,  711,  594,  359,  287,  280,  387,  763,  779,  252,  777,  568,  415,  748,  724,  928,  241,  697,  731,  791,  590,  545,  783,  178,  304,  235,  718,  882,  765,  545,  761,  670,  238,  432,  536,  884,  548,   97],
        [  686,    0,  642,  216,  151,  418,  444,  445,  557,  204,  484,  482,  393,  524,  552,  585,   90,  213,  520,  553,  465,  152,  712,  929,  210,  706,  576,  454,  446,  690,    0,  429,  220,  403,  643,  151,  778,  365,  401,  630,  787,  828,  567,  600,  411,  619,  456,  500,  682,  671,  731,  504,  219,  193,  654,  675,  669,  700,  376,  152,  749,  785,  516,  410,  537,  482,  810,  815,   90,  342,  310,  353,  820,  428,  558,  386,  530,  714,  676,  625,  687,  516,  389,  591,  308,  518,  307,  545,  606,  249,  597,  321,  486,  279,  180,  654],
        [  370,    0,  386,  435,  492,  638,   65,  564,  301,  326,  587,  359,  396,  443,  238,  306,  485,  537,  151,  345,  193,  571,  287,  568,  225,  336,  320,  661,  641,  361,  429,    0,  488,  265,  249,  523,  488,  145,  592,  349,  410,  466,  244,  195,  486,  293,  168,  447,  407,  411,  505,  362,  535,  257,  259,  265,  357,  411,  633,  517,  388,  356,   95,  186,  125,  406,  524,  400,  497,  506,  125,  389,  498,  571,  146,  336,  385,  490,  338,  280,  473,  254,  215,  175,  363,  522,  634,  234,  430,  323,  179,  353,  571,  549,  370,  383],
        [  620,    0,  550,   56,   84,  201,  472,  663,  484,  397,  702,  661,  593,  717,  510,  517,  154,   66,  619,  715,  431,  311,  769, 1045,  331,  671,  724,  236,  227,  817,  220,  488,    0,  567,  733,  117,  924,  366,  621,  553,  891,  942,  690,  607,  624,  744,  434,  344,  830,  577,  612,  680,  433,  243,  744,  752,  603,  843,  590,  360,  703,  818,  582,  547,  559,  341,  712,  885,  168,  560,  403,  207,  741,  212,  633,  272,  409,  596,  623,  585,  567,  657,  538,  662,  182,  333,  509,  503,  482,  175,  666,  517,  703,   68,  387,  802],
        [  634,    0,  648,  529,  531,  757,  327,  317,  559,  205,  333,  106,  143,  185,  501,  568,  488,  591,  214,  151,  446,  496,  427,  542,  239,  590,  177,  788,  773,  304,  403,  265,  567,    0,  316,  545,  376,  361,  365,  612,  419,  447,  199,  441,  237,  240,  422,  663,  280,  673,  766,  119,  387,  339,  326,  364,  621,  300,  429,  408,  643,  527,  279,   82,  376,  625,  788,  493,  492,  287,  210,  561,  759,  721,  285,  534,  623,  750,  600,  543,  731,  128,   51,  313,  519,  724,  469,  497,  679,  456,  320,  135,  315,  635,  246,  252],
        [  479,    0,  537,  682,  730,  886,  285,  621,  476,  486,  629,  350,  451,  421,  397,  464,  713,  779,  124,  273,  400,  770,  124,  322,  435,  393,  216,  908,  888,  156,  643,  249,  733,  316,    0,  757,  287,  390,  679,  493,  163,  221,  128,  264,  543,  126,  378,  671,  240,  553,  650,  336,  690,  495,   12,   52,  473,  229,  745,  696,  440,  229,  158,  256,  241,  630,  624,  180,  722,  603,  339,  633,  569,  817,  106,  574,  590,  639,  435,  392,  631,  203,  292,   87,  610,  752,  780,  397,  614,  571,   88,  449,  608,  796,  533,  230],
        [  710,    0,  648,  150,   40,  286,  521,  587,  574,  353,  626,  629,  543,  674,  590,  606,   62,   73,  637,  696,  506,  199,  810, 1056,  328,  751,  715,  323,  320,  821,  151,  523,  117,  545,  757,    0,  917,  423,  535,  646,  909,  954,  695,  668,  559,  748,  504,  456,  821,  676,  718,  650,  339,  267,  768,  783,  693,  837,  493,  263,  787,  870,  616,  542,  613,  450,  813,  921,   68,  484,  418,  314,  837,  322,  663,  371,  513,  702,  709,  666,  673,  651,  525,  695,  280,  449,  404,  583,  588,  250,  700,  471,  630,  149,  331,  793],
        [  765,    0,  822,  880,  899, 1102,  542,  570,  756,  581,  559,  322,  445,  338,  678,  747,  862,  957,  338,  231,  668,  868,  382,  207,  595,  678,  203, 1130, 1112,  134,  778,  488,  924,  376,  287,  917,    0,  631,  650,  778,  198,  163,  246,  549,  510,  196,  644,  934,   97,  838,  936,  298,  742,  684,  283,  320,  759,   81,  736,  776,  722,  471,  419,  378,  520,  892,  909,  342,  867,  600,  526,  871,  851, 1048,  374,  822,  862,  924,  721,  678,  916,  268,  392,  368,  838, 1010,  806,  678,  894,  786,  371,  488,  536,  992,  619,  125],
        [  332,    0,  311,  311,  388,  499,  109,  619,  219,  338,  649,  465,  469,  546,  192,  239,  399,  423,  295,  472,  108,  516,  406,  711,  205,  342,  455,  520,  499,  506,  365,  145,  366,  361,  390,  423,  631,    0,  627,  286,  552,  609,  386,  245,  548,  437,   94,  309,  548,  340,  422,  474,  524,  172,  400,  399,  315,  553,  650,  487,  386,  453,  232,  296,  194,  270,  472,  525,  414,  542,  156,  245,  468,  427,  285,  192,  263,  406,  315,  262,  383,  386,  313,  310,  221,  381,  626,  185,  322,  193,  312,  409,  637,  422,  372,  523],
        [  949,    0,  938,  614,  547,  816,  644,   88,  846,  291,  119,  346,  229,  313,  808,  864,  476,  605,  578,  442,  733,  366,  792,  850,  426,  927,  497,  853,  846,  632,  401,  592,  621,  365,  679,  535,  650,  627,    0,  911,  759,  771,  555,  784,  143,  585,  713,  867,  570,  967, 1047,  367,  200,  504,  687,  727,  934,  596,   91,  275,  978,  892,  633,  439,  715,  839, 1097,  852,  468,   87,  485,  728, 1082,  828,  647,  737,  867, 1031,  923,  865, 1007,  479,  401,  676,  680,  901,  192,  802,  937,  612,  684,  242,  136,  677,  266,  549],
        [   70,    0,   45,  502,  607,  598,  286,  898,   74,  623,  924,  707,  738,  792,  111,   48,  641,  618,  463,  685,  179,  780,  431,  783,  491,  160,  649,  602,  579,  645,  630,  349,  553,  612,  493,  646,  778,  286,  911,    0,  633,  696,  558,  230,  823,  593,  199,  276,  716,   63,  161,  709,  807,  443,  498,  470,   55,  712,  935,  764,  167,  407,  373,  534,  262,  248,  187,  541,  657,  826,  429,  353,  192,  497,  408,  282,  173,  148,   93,  105,  139,  591,  562,  411,  372,  356,  908,  116,  146,  398,  408,  685,  911,  585,  658,  698],
        [  608,    0,  678,  841,  884, 1048,  447,  689,  625,  613,  687,  414,  533,  463,  547,  610,  861,  935,  273,  319,  558,  903,  208,  160,  582,  512,  263, 1071, 1050,  129,  787,  410,  891,  419,  163,  909,  198,  552,  759,  633,    0,   63,  224,  405,  617,  180,  537,  830,  213,  690,  784,  393,  805,  651,  153,  166,  605,  188,  835,  822,  551,  281,  321,  381,  396,  789,  741,  145,  870,  693,  492,  796,  678,  979,  268,  736,  745,  775,  564,  529,  771,  292,  410,  246,  772,  911,  886,  548,  763,  732,  245,  552,  665,  955,  658,  223],
        [  671,    0,  740,  892,  931, 1103,  506,  697,  688,  647,  692,  427,  550,  466,  609,  673,  905,  983,  324,  330,  619,  938,  270,  104,  627,  574,  279, 1126, 1106,  144,  828,  466,  942,  447,  221,  954,  163,  609,  771,  696,   63,    0,  261,  468,  629,  211,  598,  891,  206,  752,  847,  405,  832,  700,  212,  228,  668,  180,  851,  854,  612,  338,  378,  419,  458,  849,  803,  194,  912,  710,  540,  853,  738, 1036,  326,  795,  807,  838,  626,  592,  834,  320,  445,  306,  828,  972,  908,  610,  826,  786,  306,  576,  669, 1007,  690,  224],
        [  558,    0,  600,  643,  673,  861,  301,  495,  526,  389,  502,  222,  326,  294,  452,  522,  645,  727,   98,  149,  430,  680,  250,  362,  368,  487,   97,  887,  869,  128,  567,  244,  690,  199,  128,  695,  246,  386,  555,  558,  224,  261,    0,  342,  418,   54,  405,  690,  164,  620,  718,  208,  583,  447,  136,  179,  549,  167,  625,  598,  537,  355,  186,  158,  296,  649,  710,  298,  652,  482,  287,  626,  664,  804,  154,  577,  624,  705,  517,  466,  693,   76,  186,  165,  594,  766,  667,  450,  662,  544,  171,  333,  481,  756,  434,  143],
        [  218,    0,  275,  551,  633,  715,  158,  752,  224,  519,  772,  522,  580,  605,  146,  206,  642,  665,  254,  481,  187,  748,  208,  558,  408,  151,  437,  730,  708,  417,  600,  195,  607,  441,  264,  668,  549,  245,  784,  230,  405,  468,  342,    0,  673,  371,  176,  444,  493,  290,  387,  519,  726,  411,  269,  241,  211,  487,  827,  704,  203,  218,  167,  360,   70,  404,  369,  326,  656,  699,  315,  450,  325,  628,  188,  379,  350,  376,  176,  129,  369,  388,  395,  184,  443,  528,  827,  148,  360,  432,  180,  544,  755,  658,  563,  477],
        [  854,    0,  854,  605,  561,  824,  544,   80,  763,  239,  102,  204,   95,  175,  715,  777,  497,  623,  450,  300,  648,  428,  660,  708,  362,  820,  355,  859,  849,  490,  411,  486,  624,  237,  543,  559,  510,  548,  143,  823,  617,  629,  418,  673,    0,  444,  626,  819,  428,  882,  969,  225,  267,  457,  552,  593,  839,  454,  226,  328,  872,  762,  514,  316,  606,  787, 1006,  714,  493,   98,  396,  691,  983,  817,  522,  686,  802,  952,  824,  766,  930,  342,  280,  549,  644,  865,  305,  710,  868,  575,  556,  140,   90,  687,  238,  407],
        [  588,    0,  636,  697,  726,  915,  347,  519,  566,  437,  522,  243,  357,  304,  490,  559,  697,  781,  143,  155,  474,  728,  248,  310,  421,  510,   96,  941,  922,   74,  619,  293,  744,  240,  126,  748,  196,  437,  585,  593,  180,  211,   54,  371,  444,    0,  450,  738,  124,  655,  753,  225,  626,  501,  129,  175,  580,  121,  659,  645,  559,  352,  226,  209,  332,  697,  738,  273,  704,  516,  341,  677,  687,  857,  186,  628,  668,  740,  546,  498,  730,  112,  234,  187,  646,  815,  707,  489,  703,  597,  192,  372,  500,  810,  481,  108],
        [  240,    0,  229,  379,  467,  541,  106,  700,  138,  426,  727,  522,  542,  605,   98,  151,  485,  495,  308,  513,   26,  608,  366,  696,  296,  251,  486,  557,  535,  513,  456,  168,  434,  422,  378,  504,  644,   94,  713,  199,  537,  598,  405,  176,  626,  450,    0,  294,  569,  256,  345,  527,  616,  264,  386,  375,  223,  570,  740,  580,  293,  393,  227,  348,  146,  253,  384,  487,  500,  628,  231,  276,  375,  457,  275,  207,  220,  329,  222,  169,  310,  422,  372,  292,  268,  375,  718,   92,  262,  260,  293,  487,  714,  484,  463,  546],
        [  344,    0,  253,  308,  418,  331,  393,  880,  232,  584,  914,  768,  753,  845,  301,  263,  474,  406,  596,  780,  272,  633,  649,  988,  457,  431,  763,  330,  307,  804,  500,  447,  344,  663,  671,  456,  934,  309,  867,  276,  830,  891,  690,  444,  819,  738,  294,    0,  854,  272,  278,  778,  713,  365,  680,  666,  331,  857,  863,  651,  443,  655,  519,  604,  435,   42,  391,  769,  491,  788,  453,  148,  437,  226,  569,  133,  105,  264,  367,  356,  236,  695,  616,  585,  193,   85,  806,  297,  155,  257,  586,  683,  907,  352,  602,  830],
        [  711,    0,  759,  787,  803, 1010,  465,  493,  688,  485,  487,  232,  356,  262,  613,  682,  766,  861,  261,  138,  593,  773,  354,  281,  500,  631,  107, 1038, 1021,   95,  682,  407,  830,  280,  240,  821,   97,  548,  570,  716,  213,  206,  164,  493,  428,  124,  569,  854,    0,  778,  876,  209,  650,  591,  240,  283,  703,   27,  653,  682,  679,  453,  348,  284,  455,  813,  860,  345,  771,  514,  435,  784,  808,  959,  309,  739,  788,  864,  668,  621,  853,  174,  296,  310,  750,  928,  718,  611,  825,  696,  314,  395,  464,  898,  524,   29],
        [   92,    0,   30,  529,  637,  601,  347,  956,  121,  677,  983,  769,  798,  854,  174,  106,  676,  643,  526,  748,  235,  820,  485,  838,  544,  197,  711,  601,  579,  705,  671,  411,  577,  673,  553,  676,  838,  340,  967,   63,  690,  752,  620,  290,  882,  655,  256,  272,  778,    0,   98,  772,  856,  489,  558,  528,   88,  773,  988,  810,  188,  453,  435,  596,  324,  251,  140,  592,  693,  881,  487,  372,  168,  497,  470,  306,  175,   86,  132,  162,   83,  654,  623,  472,  397,  344,  956,  177,  122,  432,  468,  743,  970,  603,  710,  760],
        [  178,    0,  120,  568,  679,  604,  441, 1041,  207,  757, 1069,  863,  887,  947,  269,  200,  725,  676,  623,  844,  322,  876,  579,  931,  623,  282,  809,  598,  576,  803,  731,  505,  612,  766,  650,  718,  936,  422, 1047,  161,  784,  847,  718,  387,  969,  753,  345,  278,  876,   98,    0,  866,  926,  558,  655,  624,  180,  871, 1063,  875,  260,  539,  533,  690,  422,  271,  121,  682,  742,  963,  574,  406,  188,  499,  568,  351,  206,   18,  222,  259,   46,  751,  716,  569,  439,  333, 1025,  272,  130,  485,  566,  829, 1058,  628,  787,  858],
        [  724,    0,  747,  644,  639,  873,  426,  296,  662,  300,  298,   25,  148,   88,  599,  667,  591,  700,  269,   76,  552,  577,  458,  488,  355,  669,  132,  904,  889,  266,  504,  362,  680,  119,  336,  650,  298,  474,  367,  709,  393,  405,  208,  519,  225,  225,  527,  778,  209,  772,  866,    0,  445,  456,  343,  387,  712,  233,  447,  482,  720,  563,  352,  179,  460,  740,  879,  497,  594,  306,  327,  679,  843,  839,  341,  651,  735,  852,  687,  631,  834,  138,  163,  362,  638,  842,  510,  595,  787,  574,  369,  194,  276,  748,  332,  185],
        [  855,    0,  826,  434,  355,  623,  571,  267,  736,  211,  305,  421,  301,  428,  714,  760,  283,  411,  573,  513,  631,  168,  786,  924,  323,  854,  556,  660,  655,  688,  219,  535,  433,  387,  690,  339,  742,  524,  200,  807,  805,  832,  583,  726,  267,  626,  616,  713,  650,  856,  926,  445,    0,  368,  701,  733,  838,  673,  158,   77,  903,  876,  601,  435,  658,  691,  992,  870,  273,  172,  412,  567,  991,  644,  631,  591,  731,  909,  837,  781,  882,  514,  400,  663,  521,  735,  102,  708,  805,  457,  670,  257,  315,  484,  165,  624],
        [  496,    0,  459,  197,  237,  421,  258,  516,  371,  220,  550,  440,  399,  508,  360,  397,  233,  285,  378,  482,  274,  345,  543,  803,  103,  513,  486,  451,  435,  575,  193,  257,  243,  339,  495,  267,  684,  172,  504,  443,  651,  700,  447,  411,  457,  501,  264,  365,  591,  489,  558,  456,  368,    0,  506,  518,  479,  603,  509,  322,  557,  606,  350,  308,  351,  336,  627,  655,  246,  424,  161,  236,  631,  383,  398,  234,  366,  541,  484,  433,  514,  417,  303,  430,  190,  409,  469,  353,  439,  122,  434,  325,  544,  309,  238,  563],
        [  483,    0,  542,  692,  741,  897,  295,  629,  482,  497,  637,  357,  459,  427,  404,  470,  724,  790,  135,  279,  408,  781,  119,  312,  446,  396,  221,  919,  898,  153,  654,  259,  744,  326,   12,  768,  283,  400,  687,  498,  153,  212,  136,  269,  552,  129,  386,  680,  240,  558,  655,  343,  701,  506,    0,   47,  477,  227,  754,  707,  442,  224,  168,  266,  249,  638,  627,  170,  733,  612,  350,  643,  571,  827,  116,  584,  598,  644,  439,  397,  636,  210,  302,   95,  620,  761,  790,  404,  621,  582,   95,  459,  616,  807,  543,  231],
        [  450,    0,  514,  699,  754,  897,  291,  671,  460,  526,  680,  400,  500,  472,  381,  445,  741,  801,  161,  324,  395,  806,   73,  323,  466,  359,  267,  918,  897,  194,  675,  265,  752,  364,   52,  783,  320,  399,  727,  470,  166,  228,  179,  241,  593,  175,  375,  666,  283,  528,  624,  387,  733,  518,   47,    0,  446,  269,  792,  735,  403,  178,  170,  300,  232,  625,  590,  141,  751,  650,  367,  640,  532,  823,  120,  577,  580,  614,  406,  367,  608,  253,  336,   90,  619,  748,  824,  382,  598,  586,   87,  496,  659,  813,  573,  276],
        [   18,    0,   87,  551,  654,  652,  296,  915,  120,  649,  940,  712,  751,  796,  126,   87,  685,  668,  457,  682,  208,  820,  400,  752,  519,  111,  642,  656,  633,  627,  669,  357,  603,  621,  473,  693,  759,  315,  934,   55,  605,  668,  549,  211,  839,  580,  223,  331,  703,   88,  180,  712,  838,  479,  477,  446,    0,  697,  962,  799,  113,  366,  367,  541,  255,  302,  168,  505,  701,  848,  449,  405,  153,  551,  396,  333,  227,  171,   45,   83,  170,  589,  571,  395,  422,  410,  940,  133,  195,  443,  391,  702,  926,  637,  685,  687],
        [  704,    0,  755,  799,  819, 1021,  466,  519,  686,  505,  513,  257,  380,  288,  610,  679,  783,  876,  262,  161,  594,  794,  338,  255,  515,  622,  124, 1049, 1031,   77,  700,  411,  843,  300,  229,  837,   81,  553,  596,  712,  188,  180,  167,  487,  454,  121,  570,  857,   27,  773,  871,  233,  673,  603,  227,  269,  697,    0,  678,  703,  668,  435,  346,  297,  452,  816,  851,  323,  788,  539,  445,  791,  797,  968,  305,  744,  789,  859,  661,  615,  849,  187,  312,  303,  758,  932,  742,  609,  823,  706,  307,  417,  490,  911,  544,   49],
        [  978,    0,  958,  591,  511,  779,  680,  179,  867,  314,  207,  424,  303,  400,  836,  888,  439,  566,  638,  521,  757,  309,  853,  933,  445,  965,  574,  816,  811,  710,  376,  633,  590,  429,  745,  493,  736,  650,   91,  935,  835,  851,  625,  827,  226,  659,  740,  863,  653,  988, 1063,  447,  158,  509,  754,  792,  962,  678,    0,  232, 1015,  951,  685,  497,  758,  839, 1122,  921,  428,  144,  518,  720, 1113,  801,  704,  738,  874, 1046,  955,  898, 1021,  550,  459,  735,  672,  890,  111,  830,  947,  607,  742,  298,  226,  640,  278,  630],
        [  816,    0,  780,  364,  280,  548,  547,  337,  692,  211,  376,  458,  345,  477,  678,  718,  208,  335,  575,  545,  593,  101,  783,  949,  296,  824,  582,  584,  580,  711,  152,  517,  360,  408,  696,  263,  776,  487,  275,  764,  822,  854,  598,  704,  328,  645,  580,  651,  682,  810,  875,  482,   77,  322,  707,  735,  799,  703,  232,    0,  871,  868,  593,  444,  637,  632,  948,  875,  197,  238,  393,  504,  952,  571,  627,  534,  677,  858,  801,  748,  831,  534,  412,  660,  458,  669,  155,  671,  752,  398,  667,  289,  384,  409,  165,  655],
        [  100,    0,  196,  650,  749,  763,  336,  951,  224,  703,  972,  724,  780,  807,  199,  190,  774,  767,  454,  680,  285,  901,  345,  687,  580,   53,  633,  768,  745,  594,  749,  388,  703,  643,  440,  787,  722,  386,  978,  167,  551,  612,  537,  203,  872,  559,  293,  443,  679,  188,  260,  720,  903,  557,  442,  403,  113,  668, 1015,  871,    0,  286,  369,  561,  267,  414,  192,  434,  790,  892,  498,  511,  130,  662,  385,  438,  339,  257,   81,  124,  266,  588,  595,  374,  523,  522, 1004,  206,  305,  538,  368,  740,  956,  741,  743,  666],
        [  363,    0,  449,  763,  837,  933,  350,  841,  425,  665,  852,  575,  667,  648,  354,  400,  838,  875,  314,  501,  405,  926,  105,  404,  579,  258,  444,  948,  925,  359,  785,  356,  818,  527,  229,  870,  471,  453,  892,  407,  281,  338,  355,  218,  762,  352,  393,  655,  453,  453,  539,  563,  876,  606,  224,  178,  366,  435,  951,  868,  286,    0,  276,  455,  260,  617,  476,  150,  851,  812,  479,  668,  407,  846,  247,  597,  555,  533,  321,  306,  536,  427,  493,  216,  660,  739,  971,  358,  550,  644,  209,  654,  831,  873,  712,  449],
        [  377,    0,  415,  529,  586,  729,  128,  594,  341,  391,  611,  355,  420,  439,  266,  336,  576,  631,   91,  316,  250,  654,  197,  480,  307,  317,  277,  751,  731,  287,  516,   95,  582,  279,  158,  616,  419,  232,  633,  373,  321,  378,  186,  167,  514,  226,  227,  519,  348,  435,  533,  352,  601,  350,  168,  170,  367,  346,  685,  593,  369,  276,    0,  198,  112,  477,  531,  306,  588,  550,  206,  476,  492,  659,   53,  417,  444,  520,  338,  284,  507,  223,  235,   81,  452,  598,  698,  265,  478,  416,   85,  392,  593,  643,  437,  327],
        [  554,    0,  571,  504,  523,  729,  250,  396,  484,  233,  414,  174,  222,  258,  424,  491,  490,  579,  142,  180,  373,  523,  358,  519,  218,  509,  178,  757,  740,  280,  410,  186,  547,   82,  256,  542,  378,  296,  439,  534,  381,  419,  158,  360,  316,  209,  348,  604,  284,  596,  690,  179,  435,  308,  266,  300,  541,  297,  497,  444,  561,  455,  198,    0,  295,  565,  709,  435,  497,  358,  157,  513,  678,  683,  209,  478,  556,  675,  520,  463,  657,  110,   38,  239,  475,  670,  525,  420,  609,  417,  246,  200,  396,  615,  279,  256],
        [  266,    0,  305,  504,  579,  682,   94,  685,  236,  450,  705,  461,  514,  545,  159,  228,  583,  615,  202,  427,  164,  684,  221,  554,  341,  215,  388,  699,  678,  387,  537,  125,  559,  376,  241,  613,  520,  194,  715,  262,  396,  458,  296,   70,  606,  332,  146,  435,  455,  324,  422,  460,  658,  351,  249,  232,  255,  452,  758,  637,  267,  260,  112,  295,    0,  394,  420,  342,  597,  630,  247,  419,  384,  601,  148,  352,  350,  409,  228,  173,  398,  334,  329,  156,  406,  517,  758,  158,  374,  385,  154,  475,  689,  614,  494,  437],
