{
    "name": "random-61-4233",
    "comment": "size=61 seed=4233",
    "nodes": ["+0", "-0", "+1", "-1", "+2", "-2", "+3", "-3", "+4", "-4", "+5", "-5", "+6", "-6", "+7", "-7", "+8", "-8", "+9", "-9", "+10", "-10", "+11", "-11", "+12", "-12", "+13", "-13", "+14", "-14", "+15", "-15", "+16", "-16", "+17", "-17", "+18", "-18", "+19", "-19", "+20", "-20", "+21", "-21", "+22", "-22", "+23", "-23", "+24", "-24", "+25", "-25", "+26", "-26", "+27", "-27", "+28", "-28", "+29", "-29", "+30", "-30", "+31", "-31", "+32", "-32", "+33", "-33", "+34", "-34", "+35", "-35", "+36", "-36", "+37", "-37", "+38", "-38", "+39", "-39", "+40", "-40", "+41", "-41", "+42", "-42", "+43", "-43", "+44", "-44", "+45", "-45", "+46", "-46", "+47", "-47", "+48", "-48", "+49", "-49", "+50", "-50", "+51", "-51", "+52", "-52", "+53", "-53", "+54", "-54", "+55", "-55", "+56", "-56", "+57", "-57", "+58", "-58", "+59", "-59", "+60", "-60", "+61", "-61"],
    "precedence": {
        "+0": "-0",
        "+1": "-1",
        "+2": "-2",
        "+3": "-3",
        "+4": "-4",
        "+5": "-5",
        "+6": "-6",
        "+7": "-7",
        "+8": "-8",
        "+9": "-9",
        "+10": "-10",
        "+11": "-11",
        "+12": "-12",
        "+13": "-13",
        "+14": "-14",
        "+15": "-15",
        "+16": "-16",
        "+17": "-17",
        "+18": "-18",
        "+19": "-19",
        "+20": "-20",
        "+21": "-21",
        "+22": "-22",
        "+23": "-23",
        "+24": "-24",
        "+25": "-25",
        "+26": "-26",
        "+27": "-27",
        "+28": "-28",
        "+29": "-29",
        "+30": "-30",
        "+31": "-31",
        "+32": "-32",
        "+33": "-33",
        "+34": "-34",
        "+35": "-35",
        "+36": "-36",
        "+37": "-37",
        "+38": "-38",
        "+39": "-39",
        "+40": "-40",
        "+41": "-41",
        "+42": "-42",
        "+43": "-43",
        "+44": "-44",
        "+45": "-45",
        "+46": "-46",
        "+47": "-47",
        "+48": "-48",
        "+49": "-49",
        "+50": "-50",
        "+51": "-51",
        "+52": "-52",
        "+53": "-53",
        "+54": "-54",
        "+55": "-55",
        "+56": "-56",
        "+57": "-57",
        "+58": "-58",
        "+59": "-59",
        "+60": "-60",
        "+61": "-61"
    },
    "edges": [
        [    0,    0,  675, 1071,  980,  412,  113,  795,  693,  293,  414,  455,  617,  691,  606,  681,  535,  599,  390,  756,  450,  518,  699,  861,  545,  359,  213,  434,  812,  937,  997,  239,  937,  343,  242,  489,  657,  941,  782,  805,  979,  199,  890,  676,  326,  230,  842,  790,  756,  471,  782,  832,  342,  284,  974,  631,  304,  352,  783,  661,  820,  721, 1118,  867,  506,  619,  649,  310,  513,  519,  890,  944,  832,  891,  716,  922,  414,  968,  839,  583,  962, 1059, 1028,  653,  779,  781,  279,  527,  373,  679,  766,  182,   95,  771,  610,  405,  351, 1037,  676,  416,  591,  411,  685,  606,  681,  532,  484,  910,  551,  677,  840,  600,  528,  196,  664,  892,  487,  900,  998,  611,  803,  809,  958,  455],
        [    0,    0,    0,    0,    0,    0,    0,    0,    0,    0,    0,    0,    0,    0,    0,    0,    0,    0,    0,    0,    0,    0,    0,    0,    0,    0,    0,    0,    0,    0,    0,    0,    0,    0,    0,    0,    0,    0,    0,    0,    0,    0,    0,    0,    0,    0,    0,    0,    0,    0,    0,    0,    0,    0,    0,    0,    0,    0,    0,    0,    0,    0,    0,    0,    0,    0,    0,    0,    0,    0,    0,    0,    0,    0,    0,    0,    0,    0,    0,    0,    0,    0,    0,    0,    0,    0,    0,    0,    0,    0,    0,    0,    0,    0,    0,    0,    0,    0,    0,    0,    0,    0,    0,    0,    0,    0,    0,    0,    0,    0,    0,    0,    0,    0,    0,    0,    0,    0,    0,    0,    0,    0,    0,    0],
        [  675,    0,    0,  571,  471,  280,  573,  374,  102,  434,  461,  652,  351,  702,  586,   19,  804,  671,  745,  227,  679,  504,  850,  582,  164,  377,  667,  659,  462,  529,  601,  496,  621,  689,  749,  398,  183,  272,  471,  405,  739,  512,  574,  657,  471,  502,  169,  771,  698,  265,  732,  215,  341,  746,  352,  589,  711,  499,  414,  686,  747,  425,  736,  533,  417,   92,  327,  628,  195,  171,  229,  416,  507,  217,  206,  588,  553,  745,  713,  109,  386,  745,  705,  619,  106,  607,  478,  160,  608,  720,  101,  691,  581,  108,   96,  279,  575,  658,  751,  302,  782,  308,  939,  116,  904,  252,  216,  271,  137,  693,  370,  896,  485,  486,  566,  218,  208,  595,  708,  275,  729,  235,  650,  510],
        [ 1071,    0,  571,    0,  102,  691,  959,  277,  657,  933,  678,  775,  457,  630,  592,  584,  876,  677,  914,  757,  804,  610,  802,  320,  718,  714,  951,  798,  282,  167,  164,  983,  271,  890, 1016,  591,  452,  437,  322,  270,  384,  873,  277,  595,  992,  985,  537,  621,  564,  811,  579,  677,  757,  986,  282,  571,  937,  745,  295,  640,  561,  368,  226,  264,  580,  546,  423,  858,  743,  619,  595,  156,  286,  520,  754,  250,  727,  405,  499,  666,  202,  306,  278,  578,  548,  439,  981,  698,  798,  660,  579,  991,  986,  584,  662,  708,  790,  195,  700,  669,  807,  673,  932,  685,  888,  816,  629,  350,  602,  631,  236,  942,  590,  931,  520,  518,  741,  286,  317,  845,  556,  731,  284,  667],
        [  980,    0,  471,  102,    0,  593,  867,  190,  559,  833,  596,  709,  372,  590,  535,  484,  822,  626,  847,  663,  739,  539,  766,  295,  617,  622,  870,  731,  221,  143,  183,  884,  270,  817,  938,  507,  351,  360,  263,  191,  399,  782,  256,  551,  892,  887,  448,  597,  533,  709,  553,  587,  660,  911,  211,  517,  862,  662,  221,  596,  542,  297,  292,  229,  499,  445,  335,  781,  641,  518,  511,   56,  240,  436,  657,  240,  653,  416,  482,  564,  122,  345,  310,  528,  453,  404,  881,  596,  724,  620,  484,  909,  893,  489,  561,  610,  712,  234,  660,  573,  758,  577,  892,  584,  848,  715,  530,  266,  500,  589,  141,  894,  517,  835,  467,  435,  639,  272,  339,  746,  533,  639,  291,  592],
        [  412,    0,  280,  691,  593,    0,  303,  422,  330,  250,  228,  415,  275,  542,  422,  290,  567,  481,  483,  433,  438,  316,  653,  558,  209,  107,  389,  416,  469,  583,  652,  294,  623,  424,  471,  213,  251,  533,  454,  441,  706,  234,  572,  504,  319,  296,  447,  633,  569,  216,  603,  473,   71,  470,  563,  436,  439,  241,  429,  518,  630,  389,  785,  538,  240,  210,  289,  360,  194,  111,  507,  550,  503,  494,  395,  598,  314,  704,  619,  216,  557,  755,  717,  467,  385,  525,  297,  174,  353,  550,  379,  412,  319,  385,  244,   23,  317,  701,  572,   48,  566,   51,  717,  252,  688,  272,   73,  498,  145,  530,  456,  659,  306,  243,  436,  494,  166,  588,  702,  356,  611,  471,  650,  291],
        [  113,    0,  573,  959,  867,  303,    0,  683,  599,  236,  310,  382,  506,  607,  513,  580,  488,  518,  350,  673,  384,  418,  639,  756,  454,  246,  176,  365,  702,  826,  887,  201,  831,  293,  240,  380,  546,  835,  673,  693,  879,   88,  783,  587,  291,  194,  741,  707,  667,  391,  695,  741,  235,  267,  863,  537,  269,  252,  672,  577,  732,  611, 1010,  759,  398,  512,  536,  244,  423,  412,  793,  831,  724,  789,  632,  814,  324,  869,  746,  486,  849,  954,  923,  561,  678,  681,  240,  431,  296,  599,  667,  168,   38,  672,  514,  298,  267,  928,  601,  304,  531,  298,  645,  512,  634,  456,  375,  800,  445,  594,  727,  564,  426,  123,  566,  790,  395,  794,  895,  540,  714,  724,  853,  357],
        [  795,    0,  374,  277,  190,  422,  683,    0,  474,  670,  407,  528,  182,  445,  367,  391,  651,  462,  663,  595,  559,  355,  619,  218,  490,  438,  681,  548,   95,  166,  238,  715,  248,  631,  749,  317,  208,  388,  122,   33,  370,  596,  203,  400,  734,  717,  421,  477,  404,  570,  432,  547,  486,  723,  290,  353,  675,  473,   55,  443,  433,  121,  375,  161,  310,  317,  147,  592,  507,  366,  498,  168,  140,  431,  578,  214,  466,  379,  383,  444,  222,  372,  332,  371,  400,  283,  717,  462,  537,  472,  425,  719,  710,  432,  449,  441,  524,  293,  511,  396,  594,  400,  739,  472,  696,  590,  366,  291,  357,  441,   58,  729,  332,  658,  308,  430,  499,  224,  335,  638,  419,  588,  277,  405],
        [  693,    0,  102,  657,  559,  330,  599,  474,    0,  426,  536,  728,  448,  796,  678,   84,  881,  759,  810,  126,  754,  591,  939,  683,  149,  435,  715,  733,  563,  627,  697,  490,  721,  752,  797,  481,  283,  303,  572,  506,  840,  550,  675,  751,  447,  497,  174,  868,  795,  239,  829,  144,  380,  799,  415,  683,  769,  565,  515,  779,  845,  526,  831,  633,  503,  184,  427,  689,  182,  234,  201,  503,  608,  223,  105,  688,  627,  846,  813,  116,  464,  845,  804,  712,  124,  707,  464,  169,  676,  812,   96,  734,  602,   96,   88,  322,  642,  755,  842,  362,  866,  368, 1021,   88,  988,  203,  279,  333,  205,  786,  467,  973,  572,  498,  662,  225,  207,  696,  808,  196,  828,  146,  750,  589],
        [  293,    0,  434,  933,  833,  250,  236,  670,  426,    0,  412,  557,  523,  743,  629,  435,  688,  666,  564,  470,  569,  522,  817,  804,  280,  285,  405,  547,  719,  832,  901,   64,  871,  503,  474,  438,  483,  705,  702,  690,  949,  246,  820,  712,   77,   72,  590,  841,  785,  189,  817,  555,  199,  498,  772,  648,  491,  385,  678,  715,  849,  638, 1035,  787,  464,  406,  538,  443,  246,  317,  626,  787,  752,  641,  431,  847,  471,  945,  847,  329,  783, 1003,  966,  678,  530,  761,   48,  275,  474,  744,  510,  403,  218,  513,  351,  230,  437,  951,  756,  286,  715,  285,  847,  341,  829,  244,  305,  697,  340,  730,  699,  773,  520,  114,  661,  642,  227,  836,  949,  320,  830,  526,  897,  476],
        [  414,    0,  461,  678,  596,  228,  310,  407,  536,  412,    0,  193,  226,  332,  219,  477,  346,  260,  290,  649,  219,  114,  427,  448,  433,  134,  274,  199,  406,  532,  587,  426,  524,  241,  344,   92,  341,  667,  373,  409,  570,  224,  477,  301,  488,  424,  614,  430,  376,  440,  407,  673,  228,  322,  644,  240,  277,   67,  383,  305,  441,  314,  705,  456,   98,  373,  265,  191,  421,  302,  685,  570,  422,  653,  613,  509,   92,  562,  446,  430,  607,  646,  614,  268,  558,  373,  448,  396,  151,  335,  561,  313,  344,  569,  455,  246,  125,  625,  351,  183,  339,  178,  491,  468,  461,  498,  258,  602,  331,  319,  460,  438,  118,  340,  260,  654,  393,  487,  586,  584,  422,  680,  545,   67],
        [  455,    0,  652,  775,  709,  415,  382,  528,  728,  557,  193,    0,  366,  242,  193,  668,  154,  149,  141,  841,   32,  176,  262,  488,  623,  313,  250,   26,  494,  613,  652,  554,  564,  134,  278,  259,  517,  840,  453,  520,  566,  321,  527,  238,  630,  549,  800,  339,  316,  621,  337,  864,  402,  235,  797,  218,  187,  180,  489,  213,  376,  413,  746,  521,  247,  562,  409,  145,  609,  495,  873,  695,  493,  836,  805,  561,  102,  550,  408,  622,  746,  664,  641,  228,  745,  379,  584,  587,   86,  227,  750,  291,  420,  758,  648,  432,  121,  675,  222,  373,  159,  368,  302,  660,  277,  682,  450,  767,  523,  230,  586,  246,  199,  462,  266,  836,  580,  530,  602,  769,  361,  873,  577,  144],
        [  617,    0,  351,  457,  372,  275,  506,  182,  448,  523,  226,  366,    0,  354,  245,  370,  504,  337,  494,  574,  397,  192,  513,  283,  408,  265,  499,  384,  200,  322,  386,  561,  349,  456,  569,  135,  176,  483,  180,  188,  435,  419,  297,  308,  594,  562,  465,  421,  347,  464,  381,  560,  328,  545,  432,  243,  498,  291,  167,  341,  398,  115,  516,  265,  131,  265,   43,  414,  414,  261,  543,  345,  230,  493,  547,  325,  291,  434,  371,  376,  385,  480,  443,  271,  421,  268,  569,  372,  362,  374,  436,  538,  535,  444,  392,  297,  346,  432,  409,  238,  462,  240,  616,  413,  577,  501,  241,  403,  269,  346,  235,  590,  169,  494,  216,  493,  396,  313,  427,  569,  380,  586,  375,  231],
        [  691,    0,  702,  630,  590,  542,  607,  445,  796,  743,  332,  242,  354,    0,  122,  721,  267,   94,  362,  920,  257,  227,  177,  312,  729,  464,  491,  267,  373,  464,  482,  754,  378,  373,  517,  332,  530,  819,  332,  423,  343,  533,  356,   47,  819,  751,  817,  101,   82,  758,   95,  913,  558,  472,  734,  114,  426,  366,  392,   31,  135,  327,  546,  367,  306,  613,  387,  385,  725,  582,  895,  595,  351,  841,  890,  387,  285,  325,  176,  710,  662,  451,  436,   84,  775,  192,  778,  691,  318,   31,  789,  532,  645,  797,  730,  564,  341,  489,   70,  495,  186,  492,  303,  748,  259,  809,  546,  728,  601,   14,  500,  317,  237,  665,  143,  841,  701,  351,  392,  889,  122,  937,  381,  267],
        [  606,    0,  586,  592,  535,  422,  513,  367,  678,  629,  219,  193,  245,  122,    0,  604,  287,   96,  333,  801,  220,  108,  269,  295,  608,  347,  423,  219,  315,  427,  461,  645,  371,  323,  465,  211,  419,  722,  273,  352,  380,  433,  335,   84,  706,  642,  709,  213,  157,  637,  188,  799,  440,  425,  652,   26,  375,  263,  320,  101,  222,  246,  553,  333,  185,  496,  281,  315,  604,  461,  787,  529,  307,  737,  771,  369,  193,  366,  234,  589,  588,  473,  449,   50,  664,  187,  667,  570,  246,  135,  676,  465,  550,  684,  611,  443,  258,  483,  166,  374,  228,  372,  376,  628,  335,  688,  425,  637,  481,  110,  425,  362,  116,  558,   74,  737,  579,  337,  411,  767,  204,  820,  384,  159],
        [  681,    0,   19,  584,  484,  290,  580,  391,   84,  435,  477,  668,  370,  721,  604,    0,  820,  688,  759,  208,  695,  522,  868,  600,  160,  389,  678,  675,  480,  546,  617,  497,  639,  703,  761,  415,  201,  271,  490,  423,  757,  521,  592,  675,  469,  503,  161,  790,  717,  261,  750,  198,  350,  758,  359,  607,  724,  513,  432,  705,  765,  443,  752,  550,  434,  109,  346,  642,  193,  183,  217,  429,  525,  211,  188,  605,  569,  763,  731,  107,  396,  762,  722,  637,   99,  626,  478,  161,  623,  738,   89,  701,  588,   95,   89,  288,  590,  674,  770,  315,  799,  321,  956,  108,  921,  244,  228,  277,  150,  711,  386,  912,  502,  491,  585,  212,  208,  613,  726,  262,  748,  217,  668,  526],
        [  535,    0,  804,  876,  822,  567,  488,  651,  881,  688,  346,  154,  504,  267,  287,  820,    0,  200,  147,  994,  129,  314,  177,  568,  775,  463,  324,  151,  601,  710,  738,  676,  638,  196,  310,  409,  664,  984,  559,  637,  609,  444,  611,  289,  759,  670,  949,  337,  348,  769,  354, 1017,  548,  262,  930,  306,  232,  328,  606,  247,  392,  531,  812,  614,  394,  714,  546,  248,  760,  648, 1024,  815,  591,  984,  958,  643,  255,  590,  441,  775,  872,  717,  702,  300,  896,  449,  710,  739,  220,  239,  902,  354,  524,  910,  801,  583,  258,  751,  210,  525,   85,  520,  160,  813,  147,  831,  603,  906,  677,  260,  709,   93,  337,  585,  357,  985,  730,  609,  658,  919,  383, 1026,  645,  295],
        [  599,    0,  671,  677,  626,  481,  518,  462,  759,  666,  260,  149,  337,   94,   96,  688,  200,    0,  274,  881,  166,  170,  180,  370,  678,  394,  398,  174,  405,  511,  539,  672,  441,  281,  425,  281,  509,  817,  363,  445,  425,  447,  412,   96,  741,  669,  799,  192,  169,  697,  188,  885,  488,  380,  747,  109,  333,  283,  414,   64,  227,  341,  618,  415,  257,  580,  375,  292,  671,  535,  876,  623,  392,  829,  848,  445,  199,  408,  262,  665,  683,  529,  510,  101,  752,  252,  699,  640,  226,   82,  763,  439,  556,  771,  687,  502,  251,  554,   92,  434,  133,  431,  281,  704,  241,  752,  496,  732,  558,   81,  519,  269,  187,  582,  159,  829,  644,  411,  468,  834,  213,  903,  450,  194],
        [  390,    0,  745,  914,  847,  483,  350,  663,  810,  564,  290,  141,  494,  362,  333,  759,  147,  274,    0,  915,  113,  309,  318,  628,  689,  377,  180,  117,  633,  753,  792,  545,  703,   63,  167,  373,  630,  955,  593,  657,  698,  319,  667,  368,  631,  539,  902,  450,  442,  668,  457,  951,  450,  118,  924,  357,   86,  246,  627,  335,  496,  551,  884,  662,  367,  658,  536,  127,  669,  579,  971,  831,  633,  942,  877,  701,  205,  682,  535,  698,  877,  799,  779,  364,  844,  516,  581,  655,  139,  341,  845,  208,  384,  853,  725,  495,  170,  815,  323,  448,  213,  442,  298,  734,  292,  732,  533,  888,  610,  352,  720,  214,  332,  456,  406,  942,  639,  670,  738,  821,  484,  953,  715,  264],
        [  756,    0,  227,  757,  663,  433,  673,  595,  126,  470,  649,  841,  574,  920,  801,  208,  994,  881,  915,    0,  866,  711, 1060,  806,  228,  539,  805,  845,  685,  742,  812,  532,  842,  855,  886,  601,  409,  359,  696,  627,  962,  636,  797,  876,  471,  540,  230,  993,  921,  285,  955,  111,  471,  893,  497,  807,  867,  673,  637,  902,  971,  651,  943,  755,  624,  309,  553,  791,  253,  349,  210,  607,  730,  267,   41,  808,  740,  969,  938,  220,  558,  963,  922,  837,  210,  833,  500,  260,  785,  936,  180,  820,  669,  174,  195,  421,  749,  869,  965,  470,  983,  476, 1138,  182, 1106,  226,  392,  416,  323,  910,  583, 1087,  694,  561,  787,  269,  283,  818,  929,  167,  953,   61,  871,  706],
        [  450,    0,  679,  804,  739,  438,  384,  559,  754,  569,  219,   32,  397,  257,  220,  695,  129,  166,  113,  866,    0,  207,  255,  515,  647,  334,  241,   23,  524,  642,  680,  562,  590,  117,  260,  289,  547,  871,  483,  550,  588,  329,  555,  258,  641,  557,  829,  351,  334,  641,  352,  891,  421,  215,  828,  244,  169,  200,  520,  229,  392,  444,  771,  550,  277,  590,  440,  142,  631,  521,  901,  726,  522,  865,  830,  588,  127,  572,  427,  647,  777,  687,  666,  251,  774,  404,  594,  610,   95,  239,  778,  280,  422,  786,  673,  454,  132,  702,  229,  397,  149,  392,  283,  685,  261,  703,  476,  797,  550,  246,  617,  221,  230,  470,  293,  866,  602,  557,  626,  790,  378,  899,  602,  174],
        [  518,    0,  504,  610,  539,  316,  418,  355,  591,  522,  114,  176,  192,  227,  108,  522,  314,  170,  309,  711,  207,    0,  349,  349,  509,  240,  353,  195,  330,  453,  501,  539,  427,  280,  410,  111,  352,  671,  292,  349,  461,  335,  383,  191,  598,  537,  640,  321,  263,  532,  295,  719,  332,  377,  622,  127,  327,  167,  319,  202,  328,  243,  610,  368,   88,  413,  234,  252,  503,  366,  716,  522,  336,  673,  679,  416,  119,  451,  332,  495,  570,  543,  514,  156,  590,  263,  560,  471,  188,  234,  599,  395,  454,  607,  518,  338,  185,  533,  258,  269,  280,  266,  436,  534,  400,  585,  326,  594,  388,  214,  412,  402,   24,  454,  148,  673,  477,  390,  482,  667,  309,  735,  445,   64],
        [  699,    0,  850,  802,  766,  653,  639,  619,  939,  817,  427,  262,  513,  177,  269,  868,  177,  180,  318, 1060,  255,  349,    0,  483,  854,  559,  487,  275,  549,  637,  649,  815,  542,  357,  484,  459,  687,  989,  509,  599,  483,  582,  527,  220,  891,  810,  977,  197,  240,  867,  230, 1064,  652,  436,  909,  273,  401,  435,  568,  177,  260,  500,  698,  541,  436,  760,  549,  396,  845,  713, 1054,  771,  526, 1005, 1027,  555,  349,  461,  320,  843,  838,  595,  589,  250,  931,  365,  845,  816,  347,  148,  943,  522,  676,  950,  866,  673,  382,  650,  109,  607,  109,  603,  132,  882,   89,  924,  673,  900,  737,  179,  675,  175,  367,  723,  314, 1005,  818,  519,  542, 1009,  258, 1083,  541,  363],
        [  861,    0,  582,  320,  295,  558,  756,  218,  683,  804,  448,  488,  283,  312,  295,  600,  568,  370,  628,  806,  515,  349,  483,    0,  676,  533,  702,  513,  123,  157,  171,  838,   78,  615,  753,  380,  403,  597,  113,  186,  158,  669,   44,  281,  876,  838,  639,  304,  244,  743,  261,  763,  607,  716,  476,  271,  666,  511,  170,  325,  247,  172,  261,   68,  359,  512,  279,  598,  687,  536,  715,  316,   78,  647,  787,   76,  466,  164,  187,  636,  391,  201,  167,  270,  616,  121,  849,  643,  531,  343,  640,  744,  789,  648,  646,  580,  533,  188,  382,  519,  494,  520,  613,  669,  569,  774,  521,  497,  536,  315,  252,  627,  335,  765,  222,  646,  672,   43,  145,  833,  239,  803,   97,  413],
        [  545,    0,  164,  718,  617,  209,  454,  490,  149,  280,  433,  623,  408,  729,  608,  160,  775,  678,  689,  228,  647,  509,  854,  676,    0,  315,  579,  625,  565,  654,  726,  344,  728,  629,  660,  399,  283,  429,  564,  518,  833,  410,  678,  687,  310,  350,  311,  812,  743,  102,  777,  288,  244,  666,  514,  617,  640,  450,  518,  708,  799,  507,  863,  638,  424,  175,  400,  565,   35,  149,  348,  564,  607,  361,  188,  697,  522,  835,  777,   56,  542,  858,  818,  649,  251,  675,  321,   38,  562,  741,  231,  594,  455,  234,   72,  195,  525,  782,  766,  251,  771,  256,  924,   62,  894,  101,  183,  434,  141,  718,  500,  867,  495,  350,  607,  362,   59,  697,  813,  162,  781,  273,  756,  494],
        [  359,    0,  377,  714,  622,  107,  246,  438,  435,  285,  134,  313,  265,  464,  347,  389,  463,  394,  377,  539,  334,  240,  559,  533,  315,    0,  294,  312,  465,  587,  651,  309,  605,  318,  375,  156,  307,  616,  440,  450,  671,  163,  555,  430,  360,  308,  541,  559,  502,  309,  534,  577,   95,  370,  625,  365,  336,  136,  431,  438,  565,  376,  778,  527,  181,  297,  293,  255,  298,  207,  605,  586,  491,  586,  501,  585,  214,  666,  563,  322,  606,  734,  699,  395,  481,  479,  325,  279,  248,  468,  477,  322,  272,  484,  349,  120,  211,  695,  485,   75,  467,   69,  615,  358,  588,  370,  162,  569,  240,  451,  482,  555,  236,  232,  377,  586,  268,  569,  677,  457,  546,  576,  629,  201],
        [  213,    0,  667,  951,  870,  389,  176,  681,  715,  405,  274,  250,  499,  491,  423,  678,  324,  398,  180,  805,  241,  353,  487,  702,  579,  294,    0,  227,  676,  802,  853,  377,  779,  131,   83,  364,  592,  908,  640,  683,  802,  172,  736,  483,  466,  369,  833,  589,  563,  536,  585,  858,  336,   94,  907,  448,   95,  208,  657,  462,  624,  586,  962,  720,  372,  590,  538,  109,  553,  497,  895,  843,  687,  878,  765,  769,  236,  788,  651,  599,  876,  891,  865,  466,  772,  606,  415,  549,  177,  477,  767,   43,  208,  773,  627,  393,  169,  886,  470,  368,  379,  362,  477,  631,  470,  602,  453,  856,  531,  479,  733,  393,  370,  292,  488,  879,  523,  743,  830,  690,  608,  850,  796,  291],
        [  434,    0,  659,  798,  731,  416,  365,  548,  733,  547,  199,   26,  384,  267,  219,  675,  151,  174,  117,  845,   23,  195,  275,  513,  625,  312,  227,    0,  517,  636,  677,  541,  589,  108,  252,  271,  530,  854,  476,  541,  591,  308,  552,  264,  619,  536,  810,  363,  341,  619,  361,  871,  398,  209,  815,  244,  161,  177,  511,  237,  401,  435,  771,  545,  261,  570,  426,  125,  609,  500,  882,  716,  516,  847,  808,  586,  107,  576,  433,  626,  765,  689,  667,  253,  755,  404,  572,  589,   73,  250,  759,  267,  402,  766,  652,  432,  110,  700,  243,  375,  170,  370,  306,  663,  283,  680,  455,  782,  529,  254,  606,  243,  218,  449,  291,  848,  580,  555,  628,  768,  386,  878,  602,  157],
        [  812,    0,  462,  282,  221,  469,  702,   95,  563,  719,  406,  494,  200,  373,  315,  480,  601,  405,  633,  685,  524,  330,  549,  123,  565,  465,  676,  517,    0,  127,  187,  759,  163,  609,  737,  323,  287,  480,   42,   64,  278,  614,  114,  332,  787,  760,  516,  393,  323,  638,  348,  641,  526,  706,  370,  296,  657,  472,   49,  376,  344,   92,  317,   73,  309,  397,  181,  579,  579,  431,  592,  223,   46,  526,  667,  133,  448,  286,  291,  522,  292,  293,  254,  308,  494,  197,  765,  534,  517,  402,  518,  716,  732,  525,  531,  490,  511,  233,  442,  436,  537,  438,  673,  554,  630,  664,  423,  381,  427,  371,  136,  673,  310,  694,  246,  525,  567,  134,  249,  719,  332,  681,  192,  388],
        [  937,    0,  529,  167,  143,  583,  826,  166,  627,  832,  532,  613,  322,  464,  427,  546,  710,  511,  753,  742,  642,  453,  637,  157,  654,  587,  802,  636,  127,    0,   73,  875,  128,  731,  862,  449,  372,  480,  162,  143,  259,  739,  115,  428,  898,  877,  547,  460,  400,  736,  418,  682,  643,  830,  342,  406,  780,  598,  157,  473,  403,  218,  210,   97,  435,  480,  297,  704,  672,  531,  617,  176,  121,  544,  730,   97,  572,  275,  342,  606,  253,  224,  185,  411,  538,  273,  879,  627,  641,  494,  566,  842,  856,  573,  610,  603,  636,  129,  534,  553,  640,  556,  766,  633,  722,  754,  530,  381,  522,  465,  160,  775,  434,  814,  355,  544,  664,  130,  204,  799,  395,  728,  152,  513],
        [  997,    0,  601,  164,  183,  652,  887,  238,  697,  901,  587,  652,  386,  482,  461,  617,  738,  539,  792,  812,  680,  501,  649,  171,  726,  651,  853,  677,  187,   73,    0,  943,  110,  776,  910,  508,  444,  537,  215,  213,  223,  800,  128,  451,  967,  944,  612,  463,  410,  807,  423,  748,  711,  876,  392,  438,  826,  653,  224,  495,  402,  277,  138,  133,  492,  552,  364,  752,  744,  602,  680,  228,  166,  606,  800,   96,  620,  243,  339,  678,  302,  163,  127,  439,  606,  291,  948,  699,  688,  512,  634,  894,  918,  641,  682,  672,  686,   58,  550,  620,  664,  623,  780,  705,  736,  826,  601,  439,  594,  485,  231,  797,  484,  879,  388,  605,  736,  131,  159,  871,  398,  796,  121,  563],
        [  239,    0,  496,  983,  884,  294,  201,  715,  490,   64,  426,  554,  561,  754,  645,  497,  676,  672,  545,  532,  562,  539,  815,  838,  344,  309,  377,  541,  759,  875,  943,    0,  908,  486,  440,  464,  536,  767,  740,  734,  979,  234,  857,  726,   91,    9,  653,  853,  802,  253,  833,  619,  233,  468,  831,  666,  467,  390,  720,  726,  866,  675, 1075,  826,  489,  464,  579,  429,  310,  372,  690,  839,  790,  704,  493,  885,  475,  974,  869,  392,  838, 1038, 1002,  694,  593,  787,   41,  337,  469,  752,  574,  368,  176,  577,  415,  275,  434,  991,  761,  324,  710,  321,  835,  404,  820,  307,  355,  757,  397,  741,  748,  757,  539,   93,  682,  705,  290,  872,  983,  379,  848,  589,  933,  488],
        [  937,    0,  621,  271,  270,  623,  831,  248,  721,  871,  524,  564,  349,  378,  371,  639,  638,  441,  703,  842,  590,  427,  542,   78,  728,  605,  779,  589,  163,  128,  110,  908,    0,  692,  831,  454,  449,  603,  170,  216,  132,  744,   52,  350,  942,  908,  660,  354,  304,  800,  314,  790,  676,  793,  469,  347,  743,  587,  211,  393,  292,  234,  184,   90,  434,  559,  338,  675,  741,  592,  733,  303,  122,  662,  825,   35,  544,  148,  229,  685,  380,  132,   95,  343,  644,  190,  917,  697,  608,  408,  670,  821,  864,  677,  692,  645,  611,  113,  445,  586,  562,  588,  673,  716,  629,  827,  582,  503,  590,  382,  266,  694,  412,  837,  298,  661,  729,   37,   88,  881,  289,  834,   30,  490],
        [  343,    0,  689,  890,  817,  424,  293,  631,  752,  503,  241,  134,  456,  373,  323,  703,  196,  281,   63,  855,  117,  280,  357,  615,  629,  318,  131,  108,  609,  731,  776,  486,  692,    0,  145,  329,  582,  907,  570,  627,  698,  257,  653,  371,  571,  479,  849,  467,  449,  606,  468,  894,  388,  102,  883,  348,   54,  191,  598,  344,  508,  523,  874,  643,  327,  604,  498,   65,  608,  522,  917,  798,  613,  890,  817,  686,  166,  683,  541,  639,  840,  795,  772,  360,  790,  509,  521,  595,   95,  355,  790,  166,  329,  797,  667,  435,  117,  802,  344,  391,  249,  385,  352,  675,  342,  670,  476,  843,  554,  361,  687,  272,  301,  396,  394,  890,  578,  657,  734,  759,  493,  894,  706,  227],
        [  242,    0,  749, 1016,  938,  471,  240,  749,  797,  474,  344,  278,  569,  517,  465,  761,  310,  425,  167,  886,  260,  410,  484,  753,  660,  375,   83,  252,  737,  862,  910,  440,  831,  145,    0,  435,  671,  989,  700,  749,  842,  251,  790,  516,  530,  432,  915,  610,  593,  615,  612,  940,  418,   49,  984,  490,   92,  281,  722,  488,  652,  649, 1014,  777,  440,  672,  609,  159,  634,  579,  977,  914,  746,  960,  846,  823,  291,  827,  685,  681,  950,  937,  913,  504,  854,  651,  479,  631,  223,  498,  849,   72,  265,  855,  710,  475,  227,  939,  485,  450,  379,  443,  451,  713,  452,  680,  535,  935,  613,  505,  803,  364,  428,  361,  535,  961,  604,  795,  876,  768,  637,  932,  846,  350],
        [  489,    0,  398,  591,  507,  213,  380,  317,  481,  438,   92,  259,  135,  332,  211,  415,  409,  281,  373,  601,  289,  111,  459,  380,  399,  156,  364,  271,  323,  449,  508,  464,  454,  329,  435,    0,  259,  584,  294,  322,  516,  293,  404,  293,  513,  463,  541,  421,  357,  427,  391,  612,  241,  413,  555,  224,  367,  157,  297,  310,  419,  232,  631,  379,   28,  307,  174,  282,  394,  255,  615,  479,  344,  577,  568,  436,  169,  510,  411,  385,  516,  580,  547,  255,  488,  324,  480,  361,  236,  343,  495,  403,  412,  503,  408,  235,  215,  549,  368,  166,  385,  164,  542,  424,  507,  477,  216,  515,  278,  320,  369,  500,   96,  387,  226,  577,  369,  417,  523,  557,  400,  626,  477,  115],
        [  657,    0,  183,  452,  351,  251,  546,  208,  283,  483,  341,  517,  176,  530,  419,  201,  664,  509,  630,  409,  547,  352,  687,  403,  283,  307,  592,  530,  287,  372,  444,  536,  449,  582,  671,  259,    0,  326,  292,  236,  561,  467,  400,  484,  541,  539,  291,  593,  519,  365,  553,  386,  321,  657,  319,  419,  615,  396,  238,  517,  566,  243,  581,  359,  271,  111,  147,  529,  301,  168,  368,  304,  330,  322,  386,  417,  427,  566,  531,  237,  307,  577,  537,  446,  245,  425,  531,  255,  492,  550,  260,  624,  565,  268,  244,  264,  466,  500,  584,  242,  630,  248,  786,  267,  748,  383,  182,  265,  152,  521,  223,  753,  330,  493,  390,  322,  294,  420,  535,  433,  549,  415,  478,  373],
        [  941,    0,  272,  437,  360,  533,  835,  388,  303,  705,  667,  840,  483,  819,  722,  271,  984,  817,  955,  359,  871,  671,  989,  597,  429,  616,  908,  854,  480,  480,  537,  767,  603,  907,  989,  584,  326,    0,  510,  418,  735,  767,  571,  774,  739,  773,  133,  862,  789,  529,  818,  258,  601,  978,  156,  716,  938,  719,  443,  813,  820,  495,  651,  532,  594,  324,  443,  852,  463,  424,  164,  310,  521,   93,  370,  569,  752,  748,  770,  378,  240,  700,  662,  739,  181,  671,  748,  431,  817,  844,  208,  937,  847,  208,  358,  538,  790,  592,  881,  543,  944,  550, 1097,  373, 1057,  503,  462,  101,  391,  813,  346, 1072,  648,  755,  677,   91,  478,  592,  684,  493,  806,  316,  630,  698],
        [  782,    0,  471,  322,  263,  454,  673,  122,  572,  702,  373,  453,  180,  332,  273,  490,  559,  363,  593,  696,  483,  292,  509,  113,  564,  440,  640,  476,   42,  162,  215,  740,  170,  570,  700,  294,  292,  510,    0,   95,  270,  586,  119,  291,  772,  740,  538,  356,  285,  632,  312,  658,  507,  668,  406,  254,  618,  439,   68,  335,  311,   65,  339,   87,  277,  401,  169,  542,  576,  425,  615,  264,   51,  551,  676,  146,  410,  275,  261,  524,  331,  302,  264,  266,  511,  161,  748,  532,  479,  361,  534,  681,  705,  542,  534,  475,  475,  256,  401,  417,  495,  419,  632,  557,  589,  662,  413,  413,  425,  330,  171,  631,  273,  671,  204,  550,  562,  136,  252,  721,  297,  696,  197,  351],
        [  805,    0,  405,  270,  191,  441,  693,   33,  506,  690,  409,  520,  188,  423,  352,  423,  637,  445,  657,  627,  550,  349,  599,  186,  518,  450,  683,  541,   64,  143,  213,  734,  216,  627,  749,  322,  236,  418,   95,    0,  338,  606,  171,  380,  755,  735,  453,  450,  379,  596,  406,  579,  503,  721,  313,  337,  672,  476,   32,  423,  404,  108,  350,  129,  312,  346,  158,  592,  534,  390,  530,  178,  108,  462,  610,  183,  463,  347,  353,  473,  240,  342,  302,  352,  432,  255,  737,  489,  534,  451,  457,  722,  721,  464,  479,  461,  523,  266,  490,  412,  578,  415,  720,  502,  677,  618,  388,  320,  383,  420,   78,  713,  327,  674,  289,  462,  525,  192,  303,  668,  391,  620,  245,  402],
        [  979,    0,  739,  384,  399,  706,  879,  370,  840,  949,  570,  566,  435,  343,  380,  757,  609,  425,  698,  962,  588,  461,  483,  158,  833,  671,  802,  591,  278,  259,  223,  979,  132,  698,  842,  516,  561,  735,  270,  338,    0,  794,  168,  331, 1022,  978,  788,  286,  262,  897,  258,  916,  751,  800,  600,  354,  751,  628,  326,  366,  224,  327,  220,  210,  492,  670,  435,  694,  843,  691,  862,  434,  233,  792,  944,  166,  569,   23,  168,  794,  511,  114,  115,  339,  769,  199,  993,  800,  625,  370,  794,  844,  914,  801,  804,  729,  636,  194,  402,  665,  527,  666,  613,  827,  571,  930,  675,  634,  693,  351,  395,  649,  453,  901,  316,  791,  828,  147,   69,  990,  229,  957,  108,  524],
        [  199,    0,  512,  873,  782,  234,   88,  596,  550,  246,  224,  321,  419,  533,  433,  521,  444,  447,  319,  636,  329,  335,  582,  669,  410,  163,  172,  308,  614,  739,  800,  234,  744,  257,  251,  293,  467,  767,  586,  606,  794,    0,  696,  511,  315,  229,  680,  634,  589,  365,  618,  694,  172,  264,  785,  457,  249,  171,  585,  504,  654,  524,  923,  671,  311,  443,  450,  197,  383,  345,  737,  747,  636,  727,  596,  727,  249,  785,  665,  435,  768,  868,  836,  482,  618,  596,  267,  383,  236,  528,  609,  185,  121,  615,  463,  234,  201,  841,  534,  227,  477,  221,  603,  465,  587,  431,  305,  726,  379,  520,  642,  527,  342,  142,  483,  728,  353,  707,  809,  519,  636,  682,  766,  276],
        [  890,    0,  574,  277,  256,  572,  783,  203,  675,  820,  477,  527,  297,  356,  335,  592,  611,  412,  667,  797,  555,  383,  527,   44,  678,  555,  736,  552,  114,  115,  128,  857,   52,  653,  790,  404,  400,  571,  119,  171,  168,  696,    0,  324,  890,  857,  620,  346,  288,  749,  304,  748,  624,  753,  444,  312,  703,  541,  162,  368,  288,  183,  229,   43,  385,  510,  287,  633,  691,  541,  695,  281,   71,  625,  779,   34,  501,  179,  227,  636,  357,  184,  146,  312,  602,  165,  866,  646,  567,  386,  627,  777,  815,  634,  644,  593,  568,  150,  425,  535,  537,  537,  657,  667,  612,  777,  531,  471,  539,  359,  228,  671,  367,  787,  262,  625,  678,   22,  136,  832,  281,  790,   80,  446],
        [  676,    0,  657,  595,  551,  504,  587,  400,  751,  712,  301,  238,  308,   47,   84,  675,  289,   96,  368,  876,  258,  191,  220,  281,  687,  430,  483,  264,  332,  428,  451,  726,  350,  371,  516,  293,  484,  774,  291,  380,  331,  511,  324,    0,  788,  723,  771,  130,   81,  719,  108,  868,  523,  472,  690,   70,  424,  341,  349,   46,  145,  282,  524,  331,  266,  568,  340,  375,  685,  540,  849,  554,  312,  795,  846,  356,  264,  314,  170,  667,  619,  434,  416,   39,  729,  161,  749,  650,  307,   72,  743,  525,  625,  752,  687,  526,  325,  462,  111,  457,  214,  455,  342,  705,  299,  769,  505,  683,  557,   41,  456,  348,  199,  638,   97,  795,  660,  321,  373,  848,  128,  892,  356,  238],
        [  326,    0,  471,  992,  892,  319,  291,  734,  447,   77,  488,  630,  594,  819,  706,  469,  759,  741,  631,  471,  641,  598,  891,  876,  310,  360,  466,  619,  787,  898,  967,   91,  942,  571,  530,  513,  541,  739,  772,  755, 1022,  315,  890,  788,    0,   99,  617,  917,  861,  210,  893,  566,  273,  558,  817,  725,  555,  460,  745,  791,  925,  708, 1102,  856,  539,  456,  607,  512,  277,  374,  645,  843,  822,  668,  434,  917,  546, 1019,  923,  363,  835, 1073, 1036,  754,  560,  835,   52,  313,  547,  820,  537,  459,  266,  539,  382,  298,  510, 1018,  832,  358,  788,  357,  918,  367,  901,  250,  368,  740,  393,  806,  761,  842,  595,  176,  736,  669,  265,  907, 1020,  310,  906,  530,  968,  552],
        [  230,    0,  502,  985,  887,  296,  194,  717,  497,   72,  424,  549,  562,  751,  642,  503,  670,  669,  539,  540,  557,  537,  810,  838,  350,  308,  369,  536,  760,  877,  944,    9,  908,  479,  432,  463,  539,  773,  740,  735,  978,  229,  857,  723,   99,    0,  660,  850,  799,  260,  830,  626,  234,  461,  835,  663,  460,  386,  721,  722,  864,  675, 1076,  826,  488,  469,  581,  423,  316,  376,  697,  842,  791,  710,  501,  886,  471,  973,  867,  398,  842, 1038, 1002,  691,  599,  786,   49,  343,  464,  749,  580,  361,  168,  584,  421,  278,  429,  992,  757,  325,  705,  322,  829,  411,  814,  315,  358,  762,  402,  737,  750,  751,  537,   88,  680,  711,  296,  872,  982,  387,  845,  597,  933,  485],
        [  842,    0,  169,  537,  448,  447,  741,  421,  174,  590,  614,  800,  465,  817,  709,  161,  949,  799,  902,  230,  829,  640,  977,  639,  311,  541,  833,  810,  516,  547,  612,  653,  660,  849,  915,  541,  291,  133,  538,  453,  788,  680,  620,  771,  617,  660,    0,  873,  799,  408,  831,  140,  509,  910,  268,  707,  874,  658,  472,  805,  839,  508,  736,  579,  556,  245,  431,  789,  345,  337,   79,  393,  561,   51,  239,  625,  704,  798,  796,  263,  336,  770,  731,  734,   63,  692,  631,  319,  764,  838,   81,  858,  748,   79,  239,  447,  733,  669,  873,  466,  919,  473, 1076,  251, 1038,  376,  381,  189,  303,  809,  394, 1040,  619,  651,  676,   52,  364,  641,  745,  362,  823,  195,  688,  656],
        [  790,    0,  771,  621,  597,  633,  707,  477,  868,  841,  430,  339,  421,  101,  213,  790,  337,  192,  450,  993,  351,  321,  197,  304,  812,  559,  589,  363,  393,  460,  463,  853,  354,  467,  610,  421,  593,  862,  356,  450,  286,  634,  346,  130,  917,  850,  873,    0,   75,  847,   45,  978,  652,  563,  762,  198,  519,  466,  422,  131,   64,  369,  503,  368,  394,  685,  447,  483,  811,  664,  952,  611,  361,  893,  965,  371,  385,  265,  126,  789,  683,  399,  393,  167,  836,  197,  877,  774,  418,  113,  853,  629,  745,  861,  808,  655,  441,  458,  129,  586,  253,  584,  328,  827,  285,  896,  631,  767,  679,  115,  527,  365,  328,  765,  207,  893,  787,  335,  346,  973,   66, 1006,  350,  366],
        [  756,    0,  698,  564,  533,  569,  667,  404,  795,  785,  376,  316,  347,   82,  157,  717,  348,  169,  442,  921,  334,  263,  240,  244,  743,  502,  563,  341,  323,  400,  410,  802,  304,  449,  593,  357,  519,  789,  285,  379,  262,  589,  288,   81,  861,  799,  799,   75,    0,  782,   35,  904,  593,  549,  691,  137,  502,  419,  350,  107,   66,  295,  467,  305,  330,  612,  373,  455,  743,  594,  877,  544,  294,  819,  893,  316,  344,  243,   95,  718,  614,  370,  357,  108,  762,  129,  823,  706,  387,  109,  779,  604,  704,  787,  736,  591,  406,  413,  144,  522,  266,  520,  370,  756,  326,  829,  563,  694,  609,   91,  456,  393,  267,  715,  136,  819,  720,  280,  312,  904,   48,  933,  305,  315],
