{
    "name": "random-16-526",
    "comment": "size=16 seed=526",
    "nodes": ["+0", "-0", "+1", "-1", "+2", "-2", "+3", "-3", "+4", "-4", "+5", "-5", "+6", "-6", "+7", "-7", "+8", "-8", "+9", "-9", "+10", "-10", "+11", "-11", "+12", "-12", "+13", "-13", "+14", "-14", "+15", "-15", "+16", "-16"],
    "precedence": {
        "+0": "-0",
        "+1": "-1",
        "+2": "-2",
        "+3": "-3",
        "+4": "-4",
        "+5": "-5",
        "+6": "-6",
        "+7": "-7",
        "+8": "-8",
        "+9": "-9",
        "+10": "-10",
        "+11": "-11",
        "+12": "-12",
        "+13": "-13",
        "+14": "-14",
        "+15": "-15",
        "+16": "-16"
    },
    "edges": [
        [    0,    0,  572,  536,   83,  194,  445,  580,  551,  318,  204,  490,  265,  465,  381,  441,  741,  392,  380,  292,  419,  423,  358,  481,  291,  393,   69,  278,  452,  591,  532,  249,  378,  505],
        [    0,    0,  572,  536,   83,  194,  445,  580,  551,  318,  204,  490,  265,  465,  381,  441,  741,  392,  380,  292,  419,  423,  358,  481,  291,  393,   69,  278,  452,  591,  532,  249,  378,  505],
        [  572,  572,    0,  624,  646,  631,  224,   52,  624,  871,  747,  469,  638,  361,  573,  737,  248,  652,  201,  450,  166,  851,  902,  665,  506,  964,  590,  745,  224,  556,  470,  428,  585, 1059],
        [  536,  536,  624,    0,  600,  726,  693,  587,   18,  609,  527,  888,  312,  808,  860,  223,  594,  184,  574,  272,  494,  406,  607,  972,  249,  787,  481,  415,  402,  125,  170,  328,  863,  740],
        [   83,   83,  646,  600,    0,  160,  503,  657,  616,  275,  181,  512,  309,  504,  378,  482,  822,  444,  451,  369,  498,  432,  319,  466,  363,  319,  120,  289,  535,  665,  609,  329,  372,  454],
        [  194,  194,  631,  726,  160,    0,  445,  653,  740,  415,  337,  385,  456,  404,  228,  632,  840,  586,  432,  469,  509,  592,  461,  308,  479,  400,  259,  448,  575,  772,  705,  419,  220,  578],
        [  445,  445,  224,  693,  503,  445,    0,  267,  699,  762,  644,  251,  600,  144,  353,  740,  469,  659,  120,  450,  215,  809,  800,  441,  501,  818,  486,  680,  325,  662,  573,  406,  364,  949],
        [  580,  580,   52,  587,  657,  653,  267,    0,  586,  870,  747,  515,  624,  406,  611,  711,  203,  627,  223,  431,  162,  834,  899,  706,  486,  972,  592,  734,  194,  513,  428,  415,  622, 1056],
        [  551,  551,  624,   18,  616,  740,  699,  586,    0,  627,  545,  898,  329,  815,  872,  240,  587,  202,  580,  284,  498,  422,  624,  984,  263,  805,  497,  433,  403,  112,  165,  340,  875,  758],
        [  318,  318,  871,  609,  275,  415,  762,  870,  627,    0,  124,  785,  310,  777,  642,  411, 1004,  425,  690,  482,  709,  266,   47,  717,  444,  187,  282,  194,  711,  712,  688,  471,  635,  189],
        [  204,  204,  747,  527,  181,  337,  644,  747,  545,  124,    0,  687,  216,  668,  558,  357,  883,  348,  568,  367,  585,  263,  158,  644,  334,  266,  160,  133,  590,  619,  585,  351,  552,  312],
        [  490,  490,  469,  888,  512,  385,  251,  515,  898,  785,  687,    0,  720,  109,  181,  885,  716,  814,  346,  622,  454,  908,  830,  220,  663,  783,  552,  764,  562,  880,  793,  569,  194,  958],
        [  265,  265,  638,  312,  309,  456,  600,  624,  329,  310,  216,  720,    0,  669,  638,  177,  724,  138,  496,  197,  473,  214,  319,  742,  146,  479,  198,  124,  442,  404,  379,  212,  637,  470],
        [  465,  465,  361,  808,  504,  404,  144,  406,  815,  777,  668,  109,  669,    0,  246,  826,  608,  750,  247,  549,  352,  868,  819,  315,  594,  800,  520,  729,  462,  790,  701,  498,  259,  958],
        [  381,  381,  573,  860,  378,  228,  353,  611,  872,  642,  558,  181,  638,  246,    0,  812,  813,  752,  402,  589,  507,  801,  688,  113,  617,  616,  448,  656,  602,  878,  797,  533,   14,  804],
        [  441,  441,  737,  223,  482,  632,  740,  711,  240,  411,  357,  885,  177,  826,  812,    0,  768,   86,  628,  295,  580,  184,  401,  918,  240,  596,  374,  227,  519,  345,  361,  335,  812,  523],
        [  741,  741,  248,  594,  822,  840,  469,  203,  587, 1004,  883,  716,  724,  608,  813,  768,    0,  689,  418,  529,  332,  919, 1027,  909,  578, 1127,  740,  845,  294,  489,  425,  533,  824, 1184],
        [  392,  392,  652,  184,  444,  586,  659,  627,  202,  425,  348,  814,  138,  750,  752,   86,  689,    0,  545,  211,  495,  240,  424,  860,  158,  604,  329,  232,  434,  293,  292,  255,  752,  561],
        [  380,  380,  201,  574,  451,  432,  120,  223,  580,  690,  568,  346,  496,  247,  402,  628,  418,  545,    0,  335,  109,  709,  724,  505,  388,  770,  408,  586,  217,  546,  456,  294,  412,  878],
        [  292,  292,  450,  272,  369,  469,  450,  431,  284,  482,  367,  622,  197,  549,  589,  295,  529,  211,  335,    0,  289,  404,  501,  701,   57,  628,  255,  316,  246,  303,  240,   56,  592,  657],
        [  419,  419,  166,  494,  498,  509,  215,  162,  498,  709,  585,  454,  473,  352,  507,  580,  332,  495,  109,  289,    0,  686,  738,  612,  345,  812,  430,  579,  110,  451,  361,  262,  516,  896],
        [  423,  423,  851,  406,  432,  592,  809,  834,  422,  266,  263,  908,  214,  868,  801,  184,  919,  240,  709,  404,  686,    0,  242,  896,  349,  449,  358,  146,  647,  526,  532,  425,  798,  344],
        [  358,  358,  902,  607,  319,  461,  800,  899,  624,   47,  158,  830,  319,  819,  688,  401, 1027,  424,  724,  501,  738,  242,    0,  763,  459,  210,  317,  197,  735,  714,  696,  494,  680,  158],
        [  481,  481,  665,  972,  466,  308,  441,  706,  984,  717,  644,  220,  742,  315,  113,  918,  909,  860,  505,  701,  612,  896,  763,    0,  728,  665,  549,  751,  711,  991,  910,  646,  110,  866],
        [  291,  291,  506,  249,  363,  479,  501,  486,  263,  444,  334,  663,  146,  594,  617,  240,  578,  158,  388,   57,  345,  349,  459,  728,    0,  599,  244,  269,  299,  303,  254,   97,  618,  613],
        [  393,  393,  964,  787,  319,  400,  818,  972,  805,  187,  266,  783,  479,  800,  616,  596, 1127,  604,  770,  628,  812,  449,  210,  665,  599,    0,  388,  374,  835,  883,  851,  605,  606,  219],
        [   69,   69,  590,  481,  120,  259,  486,  592,  497,  282,  160,  552,  198,  520,  448,  374,  740,  329,  408,  255,  430,  358,  317,  549,  244,  388,    0,  213,  447,  546,  493,  221,  446,  471],
        [  278,  278,  745,  415,  289,  448,  680,  734,  433,  194,  133,  764,  124,  729,  656,  227,  845,  232,  586,  316,  579,  146,  197,  751,  269,  374,  213,    0,  558,  519,  500,  321,  652,  346],
        [  452,  452,  224,  402,  535,  575,  325,  194,  403,  711,  590,  562,  442,  462,  602,  519,  294,  434,  217,  246,  110,  647,  735,  711,  299,  835,  447,  558,    0,  346,  256,  241,  610,  893],
        [  591,  591,  556,  125,  665,  772,  662,  513,  112,  712,  619,  880,  404,  790,  878,  345,  489,  293,  546,  303,  451,  526,  714,  991,  303,  883,  546,  519,  346,    0,   90,  355,  882,  854],
        [  532,  532,  470,  170,  609,  705,  573,  428,  165,  688,  585,  793,  379,  701,  797,  361,  425,  292,  456,  240,  361,  532,  696,  910,  254,  851,  493,  500,  256,   90,    0,  287,  802,  844],
        [  249,  249,  428,  328,  329,  419,  406,  415,  340,  471,  351,  569,  212,  498,  533,  335,  533,  255,  294,   56,  262,  425,  494,  646,   97,  605,  221,  321,  241,  355,  287,    0,  536,  652],
        [  378,  378,  585,  863,  372,  220,  364,  622,  875,  635,  552,  194,  637,  259,   14,  812,  824,  752,  412,  592,  516,  798,  680,  110,  618,  606,  446,  652,  610,  882,  802,  536,    0,  795],
        [  505,  505, 1059,  740,  454,  578,  949, 1056,  758,  189,  312,  958,  470,  958,  804,  523, 1184,  561,  878,  657,  896,  344,  158,  866,  613,  219,  471,  346,  893,  854,  844,  652,  795,    0]
    ]
}
