{
    "name": "random-32-22997",
    "comment": "size=32 seed=22997",
    "nodes": ["+0", "-0", "+1", "-1", "+2", "-2", "+3", "-3", "+4", "-4", "+5", "-5", "+6", "-6", "+7", "-7", "+8", "-8", "+9", "-9", "+10", "-10", "+11", "-11", "+12", "-12", "+13", "-13", "+14", "-14", "+15", "-15", "+16", "-16", "+17", "-17", "+18", "-18", "+19", "-19", "+20", "-20", "+21", "-21", "+22", "-22", "+23", "-23", "+24", "-24", "+25", "-25", "+26", "-26", "+27", "-27", "+28", "-28", "+29", "-29", "+30", "-30", "+31", "-31", "+32", "-32"],
    "precedence": {
        "+0": "-0",
        "+1": "-1",
        "+2": "-2",
        "+3": "-3",
        "+4": "-4",
        "+5": "-5",
        "+6": "-6",
        "+7": "-7",
        "+8": "-8",
        "+9": "-9",
        "+10": "-10",
        "+11": "-11",
        "+12": "-12",
        "+13": "-13",
        "+14": "-14",
        "+15": "-15",
        "+16": "-16",
        "+17": "-17",
        "+18": "-18",
        "+19": "-19",
        "+20": "-20",
        "+21": "-21",
        "+22": "-22",
        "+23": "-23",
        "+24": "-24",
        "+25": "-25",
        "+26": "-26",
        "+27": "-27",
        "+28": "-28",
        "+29": "-29",
        "+30": "-30",
        "+31": "-31",
        "+32": "-32"
    },
    "edges": [
        [    0,    0,  453,  777,  179,  669,  618,  453,  561,  302,  435,  331,  322,  394,  647,  247,  470,  286,  273,  776,  712,  440,  400,  222,  506,  281,  511,  567,  532,  298,  228,  198,  605,  610,  407,  268,  499,  146,  204,  414,  338,  533,  233,  440,  592,  666,  334,  542,  567,  383,  436,  670,  294,  844,   92,    8,  399,  261,   95,  656,  567,  802,  725,  454,  118,  592],
        [    0,    0,  453,  777,  179,  669,  618,  453,  561,  302,  435,  331,  322,  394,  647,  247,  470,  286,  273,  776,  712,  440,  400,  222,  506,  281,  511,  567,  532,  298,  228,  198,  605,  610,  407,  268,  499,  146,  204,  414,  338,  533,  233,  440,  592,  666,  334,  542,  567,  383,  436,  670,  294,  844,   92,    8,  399,  261,   95,  656,  567,  802,  725,  454,  118,  592],
        [  453,  453,    0,  934,  287,  767,  168,  727,  252,  739,  735,  751,  185,  781,  458,  442,  689,  636,  564,  451,  614,  239,   93,  476,  130,  173,  308,  489,  840,  177,  482,  357,  747,  483,  860,  391,  375,  489,  264,  363,  564,  559,  685,  810,  865,  381,  785,  390,  773,  660,   51,  869,  288,  472,  373,  460,  460,  196,  359,  207,  646,  535,  909,  373,  347,  642],
        [  777,  777,  934,    0,  762,  179, 1065,  346,  780,  681,  380,  624,  764,  532,  616, 1019,  308,  522, 1043,  830,  470,  708,  964,  563, 1059,  839, 1180,  494,  344,  915,  557,  656,  190,  539,  841,  582,  588,  631,  871,  574,  443,  385,  765,  486,  262,  748,  767, 1242,  213,  403,  962,  121,  663,  937,  827,  780,  477,  820,  784, 1024,  292,  741,   67, 1174,  837,  307],
        [  179,  179,  287,  762,    0,  622,  454,  487,  386,  453,  485,  466,  144,  502,  497,  300,  472,  363,  386,  605,  591,  271,  254,  220,  365,  117,  429,  443,  590,  168,  226,  107,  575,  475,  580,  182,  354,  208,  110,  280,  333,  446,  403,  537,  631,  498,  501,  483,  568,  415,  280,  672,  144,  668,  127,  186,  310,   93,   89,  483,  505,  641,  721,  412,  114,  519],
        [  669,  669,  767,  179,  622,    0,  891,  308,  602,  642,  348,  592,  603,  515,  439,  899,  235,  456,  941,  654,  304,  535,  803,  447,  894,  686, 1027,  315,  365,  764,  442,  519,   83,  361,  816,  440,  412,  526,  731,  405,  335,  210,  707,  483,  305,  570,  732, 1093,  181,  336,  798,  183,  508,  763,  704,  673,  319,  669,  657,  847,  122,  572,  184, 1031,  709,  130],
        [  618,  618,  168, 1065,  454,  891,    0,  884,  308,  907,  895,  919,  347,  947,  523,  571,  840,  801,  697,  440,  694,  358,  225,  641,  151,  340,  335,  591,  999,  327,  646,  522,  882,  570, 1024,  550,  482,  657,  421,  494,  721,  682,  849,  975, 1019,  411,  950,  415,  918,  819,  183, 1010,  446,  421,  534,  623,  602,  363,  524,   99,  773,  549, 1046,  435,  507,  763],
        [  453,  453,  727,  346,  487,  308,  884,    0,  662,  342,   41,  288,  543,  208,  589,  700,   85,  178,  708,  800,  530,  549,  728,  268,  835,  589,  915,  450,  117,  654,  262,  386,  225,  513,  511,  337,  483,  311,  588,  419,  164,  332,  419,  180,  145,  691,  430,  964,  140,   73,  740,  229,  440,  901,  518,  455,  308,  567,  482,  873,  279,  755,  285,  886,  534,  321],
        [  561,  561,  252,  780,  386,  602,  308,  662,    0,  789,  683,  781,  244,  779,  217,  641,  599,  632,  751,  223,  387,  128,  336,  474,  371,  324,  559,  291,  778,  379,  476,  387,  607,  263,  942,  367,  194,  527,  431,  243,  511,  398,  767,  792,  779,  132,  856,  641,  661,  609,  301,  742,  281,  284,  509,  568,  355,  332,  474,  247,  491,  288,  770,  620,  490,  473],
        [  302,  302,  739,  681,  453,  642,  907,  342,  789,    0,  304,   61,  579,  159,  805,  504,  408,  197,  458,  982,  807,  661,  697,  321,  805,  568,  809,  686,  352,  597,  320,  406,  562,  745,  179,  427,  664,  263,  504,  578,  350,  600,  108,  213,  434,  867,   91,  831,  481,  309,  729,  561,  510, 1067,  394,  299,  503,  545,  388,  932,  585,  975,  617,  740,  420,  623],
        [  435,  435,  735,  380,  485,  348,  895,   41,  683,  304,    0,  249,  550,  167,  620,  682,  124,  153,  684,  828,  568,  566,  730,  266,  839,  591,  910,  482,  106,  652,  260,  387,  266,  545,  471,  345,  508,  298,  582,  440,  176,  367,  385,  140,  158,  718,  392,  957,  178,   77,  745,  261,  449,  928,  506,  437,  331,  568,  472,  888,  318,  788,  317,  876,  523,  360],
        [  331,  331,  751,  624,  466,  592,  919,  288,  781,   61,  249,    0,  583,   99,  782,  548,  359,  163,  510,  966,  771,  654,  716,  308,  825,  582,  842,  658,  293,  619,  306,  406,  511,  717,  224,  415,  645,  265,  528,  560,  316,  564,  165,  153,  375,  851,  144,  868,  426,  262,  745,  504,  505, 1055,  421,  328,  477,  558,  410,  938,  542,  952,  559,  779,  446,  581],
        [  322,  322,  185,  764,  144,  603,  347,  543,  244,  579,  550,  583,    0,  604,  383,  410,  506,  457,  512,  465,  505,  140,  201,  295,  299,   99,  427,  362,  655,  176,  300,  179,  575,  378,  718,  206,  255,  319,  196,  208,  379,  403,  541,  629,  681,  362,  636,  498,  592,  475,  202,  691,  105,  524,  266,  329,  287,   97,  232,  355,  482,  511,  733,  448,  247,  484],
        [  394,  394,  781,  532,  502,  515,  947,  208,  779,  159,  167,   99,  604,    0,  753,  626,  288,  149,  599,  949,  722,  654,  756,  312,  866,  618,  902,  621,  195,  664,  308,  426,  433,  683,  310,  416,  625,  295,  579,  546,  282,  516,  261,   55,  278,  835,  238,  935,  342,  204,  781,  412,  515, 1043,  481,  393,  450,  594,  460,  957,  479,  923,  466,  848,  503,  520],
        [  647,  647,  458,  616,  497,  439,  523,  589,  217,  805,  620,  782,  383,  753,    0,  789,  511,  620,  883,  220,  175,  245,  533,  489,  583,  480,  764,  141,  697,  551,  489,  451,  467,   81,  976,  393,  150,  565,  576,  237,  472,  266,  813,  750,  676,  136,  886,  844,  545,  556,  505,  604,  357,  327,  623,  654,  306,  479,  578,  453,  350,  171,  620,  813,  611,  319],
        [  247,  247,  442, 1019,  300,  899,  571,  700,  641,  504,  682,  548,  410,  626,  789,    0,  713,  532,  127,  863,  891,  549,  355,  457,  426,  319,  339,  743,  777,  270,  463,  387,  841,  773,  541,  468,  650,  391,  214,  580,  577,  739,  405,  676,  839,  767,  499,  339,  811,  629,  402,  915,  444,  904,  195,  246,  602,  314,  243,  641,  789,  919,  969,  247,  193,  808],
        [  470,  470,  689,  308,  472,  235,  840,   85,  599,  408,  124,  359,  506,  288,  511,  713,    0,  224,  736,  725,  446,  493,  699,  261,  803,  564,  900,  371,  187,  635,  255,  367,  155,  433,  583,  304,  414,  324,  578,  359,  141,  250,  475,  264,  181,  618,  498,  955,   99,  103,  707,  203,  401,  828,  524,  473,  246,  543,  482,  820,  195,  676,  256,  881,  535,  237],
        [  286,  286,  636,  522,  363,  456,  801,  178,  632,  197,  153,  163,  457,  149,  620,  532,  224,    0,  532,  809,  611,  507,  616,  164,  726,  477,  777,  495,  246,  529,  160,  280,  378,  555,  376,  268,  486,  160,  449,  403,  154,  403,  252,  175,  309,  694,  287,  818,  311,  122,  638,  406,  367,  901,  363,  287,  315,  453,  334,  809,  389,  791,  462,  734,  382,  427],
        [  273,  273,  564, 1043,  386,  941,  697,  708,  751,  458,  684,  510,  512,  599,  883,  127,  736,  532,    0,  973,  970,  650,  480,  495,  552,  429,  454,  822,  770,  390,  500,  453,  876,  858,  455,  531,  739,  416,  321,  661,  609,  802,  351,  653,  840,  873,  432,  440,  832,  643,  526,  933,  528, 1021,  262,  269,  665,  420,  310,  766,  839, 1022,  988,  351,  272,  864],
        [  776,  776,  451,  830,  605,  654,  440,  800,  223,  982,  828,  966,  465,  949,  220,  863,  725,  809,  973,    0,  366,  337,  542,  661,  550,  546,  746,  358,  911,  598,  662,  592,  686,  300, 1144,  556,  324,  726,  653,  406,  669,  484,  972,  952,  894,  116, 1055,  830,  763,  760,  501,  823,  487,  109,  730,  784,  501,  554,  692,  346,  569,  122,  837,  822,  711,  538],
        [  712,  712,  614,  470,  591,  304,  694,  530,  387,  807,  568,  771,  505,  722,  175,  891,  446,  611,  970,  366,    0,  382,  680,  516,  743,  603,  914,  149,  624,  680,  513,  518,  355,  132,  984,  444,  251,  601,  686,  312,  457,  208,  836,  707,  584,  306,  894,  991,  450,  519,  658,  484,  448,  473,  709,  718,  319,  596,  661,  626,  255,  271,  487,  951,  702,  214],
        [  440,  440,  239,  708,  271,  535,  358,  549,  128,  661,  566,  654,  140,  654,  245,  549,  493,  507,  650,  337,  382,    0,  298,  347,  369,  236,  532,  251,  665,  306,  350,  260,  525,  252,  815,  240,  137,  399,  335,  138,  392,  326,  640,  669,  674,  228,  728,  609,  565,  491,  278,  654,  154,  410,  397,  447,  249,  236,  358,  328,  416,  373,  688,  571,  381,  408],
        [  400,  400,   93,  964,  254,  803,  225,  728,  336,  697,  730,  716,  201,  756,  533,  355,  699,  616,  480,  542,  680,  298,    0,  465,  111,  141,  235,  546,  836,  104,  471,  344,  775,  549,  804,  395,  433,  461,  199,  403,  566,  601,  632,  790,  870,  467,  734,  313,  789,  657,   47,  889,  302,  564,  314,  406,  488,  164,  310,  287,  682,  622,  932,  285,  287,  683],
        [  222,  222,  476,  563,  220,  447,  641,  268,  474,  321,  266,  308,  295,  312,  489,  457,  261,  164,  495,  661,  516,  347,  465,    0,  574,  325,  647,  380,  372,  387,    7,  122,  386,  434,  489,  108,  345,   87,  321,  257,  122,  322,  326,  335,  413,  546,  398,  698,  359,  195,  483,  464,  203,  748,  264,  227,  197,  302,  222,  645,  346,  657,  515,  622,  275,  373],
        [  506,  506,  130, 1059,  365,  894,  151,  835,  371,  805,  839,  825,  299,  866,  583,  426,  803,  726,  552,  550,  743,  369,  111,  574,    0,  250,  198,  618,  944,  209,  580,  453,  871,  612,  906,  500,  505,  572,  303,  490,  673,  687,  737,  900,  976,  495,  839,  281,  890,  765,   97,  989,  403,  551,  417,  511,  583,  274,  418,  239,  772,  646, 1031,  287,  390,  770],
        [  281,  281,  173,  839,  117,  686,  340,  589,  324,  568,  591,  582,   99,  618,  480,  319,  564,  477,  429,  546,  603,  236,  141,  325,  250,    0,  342,  459,  696,   80,  331,  204,  650,  476,  688,  261,  353,  324,  109,  301,  429,  492,  512,  651,  732,  449,  612,  408,  656,  518,  164,  758,  178,  594,  205,  288,  367,   25,  187,  375,  565,  602,  804,  353,  181,  572],
        [  511,  511,  308, 1180,  429, 1027,  335,  915,  559,  809,  910,  842,  427,  902,  764,  339,  900,  777,  454,  746,  914,  532,  235,  647,  198,  342,    0,  779, 1014,  266,  654,  534,  992,  783,  873,  600,  667,  618,  329,  633,  761,  829,  722,  944, 1059,  686,  822,   84,  994,  842,  260, 1097,  520,  748,  422,  514,  708,  361,  444,  430,  906,  840, 1144,  115,  399,  910],
        [  567,  567,  489,  494,  443,  315,  591,  450,  291,  686,  482,  658,  362,  621,  141,  743,  371,  495,  822,  358,  149,  251,  546,  380,  618,  459,  779,    0,  558,  537,  379,  372,  333,   63,  861,  300,  114,  463,  539,  164,  343,  126,  705,  615,  536,  261,  770,  855,  406,  421,  528,  471,  300,  464,  561,  573,  185,  451,  513,  537,  215,  306,  490,  809,  554,  188],
        [  532,  532,  840,  344,  590,  365,  999,  117,  778,  352,  106,  293,  655,  195,  697,  777,  187,  246,  770,  911,  624,  665,  836,  372,  944,  696, 1014,  558,    0,  758,  366,  492,  286,  619,  500,  450,  597,  399,  686,  535,  278,  435,  449,  145,   84,  804,  432, 1059,  185,  181,  851,  226,  553, 1014,  606,  532,  423,  673,  574,  989,  369,  861,  277,  977,  624,  410],
        [  298,  298,  177,  915,  168,  764,  327,  654,  379,  597,  652,  619,  176,  664,  551,  270,  635,  529,  390,  598,  680,  306,  104,  387,  209,   80,  266,  537,  758,    0,  393,  270,  726,  552,  701,  334,  430,  371,   96,  381,  497,  571,  529,  701,  798,  509,  632,  330,  728,  582,  145,  831,  257,  635,  210,  303,  445,   95,  210,  382,  643,  664,  878,  273,  183,  651],
        [  228,  228,  482,  557,  226,  442,  646,  262,  476,  320,  260,  306,  300,  308,  489,  463,  255,  160,  500,  662,  513,  350,  471,    7,  580,  331,  654,  379,  366,  393,    0,  128,  380,  433,  489,  110,  345,   91,  327,  258,  115,  318,  327,  331,  406,  547,  398,  704,  353,  189,  488,  457,  207,  750,  271,  232,  195,  308,  228,  650,  341,  657,  509,  628,  281,  369],
        [  198,  198,  357,  656,  107,  519,  522,  386,  387,  406,  387,  406,  179,  426,  451,  387,  367,  280,  453,  592,  518,  260,  344,  122,  453,  204,  534,  372,  492,  270,  128,    0,  470,  413,  556,   82,  302,  144,  215,  216,  228,  353,  381,  454,  529,  479,  470,  589,  462,  314,  361,  566,  107,  669,  195,  205,  216,  181,  146,  533,  405,  609,  615,  518,  194,  423],
        [  605,  605,  747,  190,  575,   83,  882,  225,  607,  562,  266,  511,  575,  433,  467,  841,  155,  378,  876,  686,  355,  525,  775,  386,  871,  650,  992,  333,  286,  726,  380,  470,    0,  387,  734,  395,  413,  460,  684,  388,  268,  211,  629,  400,  233,  593,  651, 1054,  102,  257,  774,  139,  474,  793,  648,  609,  288,  632,  602,  846,  119,  614,  164,  987,  655,  149],
        [  610,  610,  483,  539,  475,  361,  570,  513,  263,  745,  545,  717,  378,  683,   81,  773,  433,  555,  858,  300,  132,  252,  549,  434,  612,  476,  783,   63,  619,  552,  433,  413,  387,    0,  918,  347,  124,  515,  564,  198,  404,  186,  759,  677,  596,  210,  827,  861,  465,  483,  527,  525,  331,  407,  596,  617,  242,  471,  550,  508,  270,  243,  541,  821,  587,  240],
        [  407,  407,  860,  841,  580,  816, 1024,  511,  942,  179,  471,  224,  718,  310,  976,  541,  583,  376,  455, 1144,  984,  815,  804,  489,  906,  688,  873,  861,  500,  701,  489,  556,  734,  918,    0,  590,  833,  418,  605,  745,  528,  778,  178,  356,  583, 1029,   91,  879,  648,  485,  842,  721,  662, 1224,  491,  401,  677,  666,  502, 1061,  762, 1145,  775,  787,  518,  801],
        [  268,  268,  391,  582,  182,  440,  550,  337,  367,  427,  345,  415,  206,  416,  393,  468,  304,  268,  531,  556,  444,  240,  395,  108,  500,  261,  600,  300,  450,  334,  110,   82,  395,  347,  590,    0,  245,  174,  291,  157,  174,  273,  421,  434,  476,  441,  500,  660,  395,  270,  405,  498,  105,  641,  275,  275,  135,  241,  227,  547,  324,  558,  544,  593,  275,  341],
        [  499,  499,  375,  588,  354,  412,  482,  483,  194,  664,  508,  645,  255,  625,  150,  650,  414,  486,  739,  324,  251,  137,  433,  345,  505,  353,  667,  114,  597,  430,  345,  302,  413,  124,  833,  245,    0,  418,  441,   89,  345,  204,  666,  629,  591,  211,  742,  743,  470,  438,  415,  548,  211,  421,  478,  506,  178,  348,  432,  436,  298,  313,  576,  700,  467,  282],
        [  146,  146,  489,  631,  208,  526,  657,  311,  527,  263,  298,  265,  319,  295,  565,  391,  324,  160,  416,  726,  601,  399,  461,   87,  572,  324,  618,  463,  399,  371,   91,  144,  460,  515,  418,  174,  418,    0,  290,  330,  193,  408,  248,  331,  453,  611,  330,  661,  421,  240,  487,  525,  247,  807,  208,  150,  282,  300,  175,  674,  430,  731,  579,  579,  225,  459],
        [  204,  204,  264,  871,  110,  731,  421,  588,  431,  504,  582,  528,  196,  579,  576,  214,  578,  449,  321,  653,  686,  335,  199,  321,  303,  109,  329,  539,  686,   96,  327,  215,  684,  564,  605,  291,  441,  290,    0,  376,  438,  551,  434,  619,  732,  555,  537,  378,  675,  515,  238,  779,  241,  702,  115,  209,  417,  101,  120,  470,  613,  706,  829,  304,   88,  627],
        [  414,  414,  363,  574,  280,  405,  494,  419,  243,  578,  440,  560,  208,  546,  237,  580,  359,  403,  661,  406,  312,  138,  403,  257,  490,  301,  633,  164,  535,  381,  258,  216,  388,  198,  745,  157,   89,  330,  376,    0,  270,  199,  578,  554,  539,  291,  655,  705,  428,  367,  394,  517,  137,  498,  399,  421,  114,  291,  352,  465,  284,  402,  552,  653,  392,  281],
        [  338,  338,  564,  443,  333,  335,  721,  164,  511,  350,  176,  316,  379,  282,  472,  577,  141,  154,  609,  669,  457,  392,  566,  122,  673,  429,  761,  343,  278,  497,  115,  228,  268,  404,  528,  174,  345,  193,  438,  270,    0,  250,  389,  285,  304,  556,  438,  815,  238,  100,  578,  343,  277,  765,  385,  342,  169,  407,  343,  713,  247,  642,  394,  741,  396,  282],
        [  533,  533,  559,  385,  446,  210,  682,  332,  398,  600,  367,  564,  403,  516,  266,  739,  250,  403,  802,  484,  208,  326,  601,  322,  687,  492,  829,  126,  435,  571,  318,  353,  211,  186,  778,  273,  204,  408,  551,  199,  250,    0,  634,  504,  411,  385,  688,  899,  280,  313,  592,  348,  316,  590,  547,  539,  138,  478,  499,  640,   94,  426,  373,  843,  547,   83],
        [  233,  233,  685,  765,  403,  707,  849,  419,  767,  108,  385,  165,  541,  261,  813,  405,  475,  252,  351,  972,  836,  640,  632,  326,  737,  512,  722,  705,  449,  529,  327,  381,  629,  759,  178,  421,  666,  248,  434,  578,  389,  634,    0,  316,  528,  858,  103,  738,  557,  373,  668,  646,  487, 1050,  320,  227,  521,  490,  326,  885,  634,  979,  702,  646,  347,  670],
        [  440,  440,  810,  486,  537,  483,  975,  180,  792,  213,  140,  153,  629,   55,  750,  676,  264,  175,  653,  952,  707,  669,  790,  335,  900,  651,  944,  615,  145,  701,  331,  454,  400,  677,  356,  434,  629,  331,  619,  554,  285,  504,  316,    0,  228,  840,  289,  980,  305,  195,  812,  366,  536, 1050,  524,  439,  452,  627,  501,  979,  458,  920,  420,  894,  546,  500],
        [  592,  592,  865,  262,  631,  305, 1019,  145,  779,  434,  158,  375,  681,  278,  676,  839,  181,  309,  840,  894,  584,  674,  870,  413,  976,  732, 1059,  536,   84,  798,  406,  529,  233,  596,  583,  476,  591,  453,  732,  539,  304,  411,  528,  228,    0,  791,  515, 1109,  135,  218,  881,  147,  577,  999,  661,  594,  426,  710,  626, 1001,  333,  834,  196, 1030,  677,  372],
        [  666,  666,  381,  748,  498,  570,  411,  691,  132,  867,  718,  851,  362,  835,  136,  767,  618,  694,  873,  116,  306,  228,  467,  546,  495,  449,  686,  261,  804,  509,  547,  479,  593,  210, 1029,  441,  211,  611,  555,  291,  556,  385,  858,  840,  791,    0,  940,  769,  664,  648,  430,  731,  375,  211,  624,  674,  389,  455,  585,  331,  475,  156,  749,  751,  607,  447],
        [  334,  334,  785,  767,  501,  732,  950,  430,  856,   91,  392,  144,  636,  238,  886,  499,  498,  287,  432, 1055,  894,  728,  734,  398,  839,  612,  822,  770,  432,  632,  398,  470,  651,  827,   91,  500,  742,  330,  537,  655,  438,  688,  103,  289,  515,  940,    0,  835,  569,  399,  770,  647,  576, 1137,  422,  329,  586,  590,  427,  983,  674, 1054,  702,  743,  449,  713],
        [  542,  542,  390, 1242,  483, 1093,  415,  964,  641,  831,  957,  868,  498,  935,  844,  339,  955,  818,  440,  830,  991,  609,  313,  698,  281,  408,   84,  855, 1059,  330,  704,  589, 1054,  861,  879,  660,  743,  661,  378,  705,  815,  899,  738,  980, 1109,  769,  835,    0, 1051,  891,  341, 1155,  586,  830,  457,  543,  775,  424,  486,  511,  972,  923, 1203,   93,  437,  979],
        [  567,  567,  773,  213,  568,  181,  918,  140,  661,  481,  178,  426,  592,  342,  545,  811,   99,  311,  832,  763,  450,  565,  789,  359,  890,  656,  994,  406,  185,  728,  353,  462,  102,  465,  648,  395,  470,  421,  675,  428,  238,  280,  557,  305,  135,  664,  569, 1051,    0,  191,  794,  105,  488,  870,  622,  570,  317,  636,  580,  892,  199,  700,  158,  978,  633,  237],
        [  383,  383,  660,  403,  415,  336,  819,   73,  609,  309,   77,  262,  475,  204,  556,  629,  103,  122,  643,  760,  519,  491,  657,  195,  765,  518,  842,  421,  181,  582,  189,  314,  257,  483,  485,  270,  438,  240,  515,  367,  100,  313,  373,  195,  218,  648,  399,  891,  191,    0,  671,  290,  374,  859,  446,  385,  260,  495,  409,  812,  280,  725,  346,  813,  461,  320],
        [  436,  436,   51,  962,  280,  798,  183,  740,  301,  729,  745,  745,  202,  781,  505,  402,  707,  638,  526,  501,  658,  278,   47,  483,   97,  164,  260,  528,  851,  145,  488,  361,  774,  527,  842,  405,  415,  487,  238,  394,  578,  592,  668,  812,  881,  430,  770,  341,  794,  671,    0,  893,  306,  520,  352,  442,  486,  188,  344,  241,  676,  585,  934,  322,  325,  675],
        [  670,  670,  869,  121,  672,  183, 1010,  229,  742,  561,  261,  504,  691,  412,  604,  915,  203,  406,  933,  823,  484,  654,  889,  464,  989,  758, 1097,  471,  226,  831,  457,  566,  139,  525,  721,  498,  548,  525,  779,  517,  343,  348,  646,  366,  147,  731,  647, 1155,  105,  290,  893,    0,  588,  931,  726,  673,  410,  738,  685,  979,  257,  748,   57, 1082,  738,  286],
        [  294,  294,  288,  663,  144,  508,  446,  440,  281,  510,  449,  505,  105,  515,  357,  444,  401,  367,  528,  487,  448,  154,  302,  203,  403,  178,  520,  300,  553,  257,  207,  107,  474,  331,  662,  105,  211,  247,  241,  137,  277,  316,  487,  536,  577,  375,  576,  586,  488,  374,  306,  588,    0,  563,  267,  302,  189,  163,  222,  444,  387,  509,  631,  527,  257,  394],
        [  844,  844,  472,  937,  668,  763,  421,  901,  284, 1067,  928, 1055,  524, 1043,  327,  904,  828,  901, 1021,  109,  473,  410,  564,  748,  551,  594,  748,  464, 1014,  635,  750,  669,  793,  407, 1224,  641,  421,  807,  702,  498,  765,  590, 1050, 1050,  999,  211, 1137,  830,  870,  859,  520,  931,  563,    0,  789,  851,  599,  605,  755,  323,  676,  214,  945,  834,  768,  646],
        [   92,   92,  373,  827,  127,  704,  534,  518,  509,  394,  506,  421,  266,  481,  623,  195,  524,  363,  262,  730,  709,  397,  314,  264,  417,  205,  422,  561,  606,  210,  271,  195,  648,  596,  491,  275,  478,  208,  115,  399,  385,  547,  320,  524,  661,  624,  422,  457,  622,  446,  352,  726,  267,  789,    0,   96,  410,  188,   49,  579,  594,  768,  779,  372,   27,  614],
        [    8,    8,  460,  780,  186,  673,  623,  455,  568,  299,  437,  328,  329,  393,  654,  246,  473,  287,  269,  784,  718,  447,  406,  227,  511,  288,  514,  573,  532,  303,  232,  205,  609,  617,  401,  275,  506,  150,  209,  421,  342,  539,  227,  439,  594,  674,  329,  543,  570,  385,  442,  673,  302,  851,   96,    0,  405,  267,  102,  662,  572,  810,  727,  456,  122,  598],
        [  399,  399,  460,  477,  310,  319,  602,  308,  355,  503,  331,  477,  287,  450,  306,  602,  246,  315,  665,  501,  319,  249,  488,  197,  583,  367,  708,  185,  423,  445,  195,  216,  288,  242,  677,  135,  178,  282,  417,  114,  169,  138,  521,  452,  426,  389,  586,  775,  317,  260,  486,  410,  189,  599,  410,  405,    0,  351,  361,  577,  199,  476,  449,  713,  409,  210],
        [  261,  261,  196,  820,   93,  669,  363,  567,  332,  545,  568,  558,   97,  594,  479,  314,  543,  453,  420,  554,  596,  236,  164,  302,  274,   25,  361,  451,  673,   95,  308,  181,  632,  471,  666,  241,  348,  300,  101,  291,  407,  478,  490,  627,  710,  455,  590,  424,  636,  495,  188,  738,  163,  605,  188,  267,  351,    0,  166,  396,  549,  606,  784,  365,  165,  557],
        [   95,   95,  359,  784,   89,  657,  524,  482,  474,  388,  472,  410,  232,  460,  578,  243,  482,  334,  310,  692,  661,  358,  310,  222,  418,  187,  444,  513,  574,  210,  228,  146,  602,  550,  502,  227,  432,  175,  120,  352,  343,  499,  326,  501,  626,  585,  427,  486,  580,  409,  344,  685,  222,  755,   49,  102,  361,  166,    0,  561,  546,  726,  737,  405,   54,  566],
        [  656,  656,  207, 1024,  483,  847,   99,  873,  247,  932,  888,  938,  355,  957,  453,  641,  820,  809,  766,  346,  626,  328,  287,  645,  239,  375,  430,  537,  989,  382,  650,  533,  846,  508, 1061,  547,  436,  674,  470,  465,  713,  640,  885,  979, 1001,  331,  983,  511,  892,  812,  241,  979,  444,  323,  579,  662,  577,  396,  561,    0,  733,  460, 1010,  526,  553,  718],
        [  567,  567,  646,  292,  505,  122,  773,  279,  491,  585,  318,  542,  482,  479,  350,  789,  195,  389,  839,  569,  255,  416,  682,  346,  772,  565,  906,  215,  369,  643,  341,  405,  119,  270,  762,  324,  298,  430,  613,  284,  247,   94,  634,  458,  333,  475,  674,  972,  199,  280,  676,  257,  387,  676,  594,  572,  199,  549,  546,  733,    0,  502,  279,  911,  597,   42],
        [  802,  802,  535,  741,  641,  572,  549,  755,  288,  975,  788,  952,  511,  923,  171,  919,  676,  791, 1022,  122,  271,  373,  622,  657,  646,  602,  840,  306,  861,  664,  657,  609,  614,  243, 1145,  558,  313,  731,  706,  402,  642,  426,  979,  920,  834,  156, 1054,  923,  700,  725,  585,  748,  509,  214,  768,  810,  476,  606,  726,  460,  502,    0,  755,  906,  753,  466],
        [  725,  725,  909,   67,  721,  184, 1046,  285,  770,  617,  317,  559,  733,  466,  620,  969,  256,  462,  988,  837,  487,  688,  932,  515, 1031,  804, 1144,  490,  277,  878,  509,  615,  164,  541,  775,  544,  576,  579,  829,  552,  394,  373,  702,  420,  196,  749,  702, 1203,  158,  346,  934,   57,  631,  945,  779,  727,  449,  784,  737, 1010,  279,  755,    0, 1132,  790,  303],
        [  454,  454,  373, 1174,  412, 1031,  435,  886,  620,  740,  876,  779,  448,  848,  813,  247,  881,  734,  351,  822,  951,  571,  285,  622,  287,  353,  115,  809,  977,  273,  628,  518,  987,  821,  787,  593,  700,  579,  304,  653,  741,  843,  646,  894, 1030,  751,  743,   93,  978,  813,  322, 1082,  527,  834,  372,  456,  713,  365,  405,  526,  911,  906, 1132,    0,  354,  921],
        [  118,  118,  347,  837,  114,  709,  507,  534,  490,  420,  523,  446,  247,  503,  611,  193,  535,  382,  272,  711,  702,  381,  287,  275,  390,  181,  399,  554,  624,  183,  281,  194,  655,  587,  518,  275,  467,  225,   88,  392,  396,  547,  347,  546,  677,  607,  449,  437,  633,  461,  325,  738,  257,  768,   27,  122,  409,  165,   54,  553,  597,  753,  790,  354,    0,  616],
        [  592,  592,  642,  307,  519,  130,  763,  321,  473,  623,  360,  581,  484,  520,  319,  808,  237,  427,  864,  538,  214,  408,  683,  373,  770,  572,  910,  188,  410,  651,  369,  423,  149,  240,  801,  341,  282,  459,  627,  281,  282,   83,  670,  500,  372,  447,  713,  979,  237,  320,  675,  286,  394,  646,  614,  598,  210,  557,  566,  718,   42,  466,  303,  921,  616,    0]
    ]
}
