{
    "name": "random-19-9564",
    "comment": "size=19 seed=9564",
    "nodes": ["+0", "-0", "+1", "-1", "+2", "-2", "+3", "-3", "+4", "-4", "+5", "-5", "+6", "-6", "+7", "-7", "+8", "-8", "+9", "-9", "+10", "-10", "+11", "-11", "+12", "-12", "+13", "-13", "+14", "-14", "+15", "-15", "+16", "-16", "+17", "-17", "+18", "-18", "+19", "-19"],
    "precedence": {
        "+0": "-0",
        "+1": "-1",
        "+2": "-2",
        "+3": "-3",
        "+4": "-4",
        "+5": "-5",
        "+6": "-6",
        "+7": "-7",
        "+8": "-8",
        "+9": "-9",
        "+10": "-10",
        "+11": "-11",
        "+12": "-12",
        "+13": "-13",
        "+14": "-14",
        "+15": "-15",
        "+16": "-16",
        "+17": "-17",
        "+18": "-18",
        "+19": "-19"
    },
    "edges": [
        [    0,    0,  123,  395,  539,  474,  714,  490,  932,  745,  321,  825,  499,   62,  470,  862,  651,  630,  671,  165,  362,  370,   66,  724,  143,  374,  128,  541,  549,  201,  402,  251,  547,  437,  435,  355,  541,  260,  123,  452],
        [    0,    0,  123,  395,  539,  474,  714,  490,  932,  745,  321,  825,  499,   62,  470,  862,  651,  630,  671,  165,  362,  370,   66,  724,  143,  374,  128,  541,  549,  201,  402,  251,  547,  437,  435,  355,  541,  260,  123,  452],
        [  123,  123,    0,  380,  654,  585,  834,  401,  986,  816,  231,  919,  469,  153,  591,  919,  749,  753,  753,  287,  457,  333,   81,  847,  174,  442,  139,  657,  667,  219,  404,  346,  622,  558,  529,  320,  663,  207,  235,  550],
        [  395,  395,  380,    0,  630,  546,  833,  290,  672,  561,  250,  736,  112,  456,  725,  614,  611,  842,  545,  443,  733,   79,  422,  904,  528,  765,  501,  636,  830,  198,   55,  340,  413,  713,  802,   79,  725,  184,  496,  456],
        [  539,  539,  654,  630,    0,   84,  204,  889,  666,  440,  761,  371,  724,  549,  274,  601,  207,  270,  330,  380,  524,  677,  603,  291,  625,  637,  636,    8,  365,  527,  587,  329,  322,  306,  546,  664,  161,  659,  484,  182],
        [  474,  474,  585,  546,   84,    0,  288,  806,  634,  408,  680,  385,  641,  490,  296,  566,  206,  333,  300,  322,  510,  593,  539,  369,  572,  616,  579,   90,  399,  446,  503,  250,  261,  318,  543,  580,  214,  578,  433,  104],
        [  714,  714,  834,  833,  204,  288,    0, 1091,  775,  563,  958,  413,  926,  712,  322,  719,  320,  199,  461,  549,  606,  880,  774,  139,  777,  726,  795,  198,  359,  725,  789,  526,  498,  367,  604,  867,  191,  858,  637,  382],
        [  490,  490,  401,  290,  889,  806, 1091,    0,  934,  847,  171, 1025,  266,  541,  927,  882,  896, 1068,  834,  613,  850,  221,  477, 1144,  574,  842,  538,  894, 1021,  372,  344,  569,  702,  903,  923,  231,  958,  246,  613,  726],
        [  932,  932,  986,  672,  666,  634,  775,  934,    0,  227,  921,  384,  669,  980,  929,   72,  466,  926,  337,  854, 1121,  750,  989,  910, 1071, 1210, 1060,  672, 1028,  768,  623,  701,  406,  952, 1165,  750,  826,  839,  965,  562],
        [  745,  745,  816,  561,  440,  408,  563,  847,  227,    0,  795,  225,  595,  787,  703,  162,  246,  703,  111,  647,  901,  638,  806,  694,  878,  995,  871,  446,  801,  606,  507,  501,  200,  725,  942,  634,  600,  701,  762,  341],
        [  321,  321,  231,  250,  761,  680,  958,  171,  921,  795,    0,  946,  295,  371,  769,  861,  799,  917,  761,  453,  680,  175,  306,  999,  404,  672,  369,  765,  859,  235,  298,  433,  624,  743,  753,  172,  812,  104,  444,  613],
        [  825,  825,  919,  736,  371,  385,  413, 1025,  384,  225,  946,    0,  789,  854,  642,  343,  180,  590,  192,  692,  890,  807,  890,  551,  941,  999,  943,  374,  722,  730,  682,  576,  324,  676,  915,  800,  514,  846,  808,  375],
        [  499,  499,  469,  112,  724,  641,  926,  266,  669,  595,  295,  789,    0,  560,  834,  618,  682,  946,  597,  554,  843,  137,  520, 1004,  627,  871,  597,  730,  939,  307,  139,  448,  476,  822,  912,  150,  827,  263,  604,  545],
        [   62,   62,  153,  456,  549,  490,  712,  541,  980,  787,  371,  854,  560,    0,  448,  910,  677,  613,  708,  170,  310,  430,   73,  711,   91,  313,   90,  550,  518,  261,  463,  287,  588,  411,  382,  415,  533,  317,   85,  480],
        [  470,  470,  591,  725,  274,  296,  322,  927,  929,  703,  769,  642,  834,  448,    0,  862,  481,  169,  593,  317,  285,  746,  518,  274,  492,  405,  517,  270,  110,  560,  698,  386,  550,   46,  286,  730,  139,  681,  364,  383],
        [  862,  862,  919,  614,  601,  566,  719,  882,   72,  162,  861,  343,  618,  910,  862,    0,  405,  864,  272,  782, 1050,  692,  920,  852, 1001, 1139,  990,  607,  962,  701,  563,  630,  335,  883, 1095,  691,  761,  777,  894,  492],
        [  651,  651,  749,  611,  207,  206,  320,  896,  466,  246,  799,  180,  682,  677,  481,  405,    0,  460,  142,  513,  715,  675,  716,  449,  763,  822,  766,  213,  571,  573,  559,  404,  210,  510,  744,  666,  364,  696,  629,  200],
        [  630,  630,  753,  842,  270,  333,  199, 1068,  926,  703,  917,  590,  946,  613,  169,  864,  460,    0,  594,  470,  439,  874,  682,  108,  661,  558,  685,  263,  165,  696,  808,  506,  589,  212,  424,  859,  122,  824,  530,  436],
        [  671,  671,  753,  545,  330,  300,  461,  834,  337,  111,  761,  192,  597,  708,  593,  272,  142,  594,    0,  558,  800,  616,  734,  589,  798,  898,  794,  336,  691,  553,  490,  421,  137,  617,  838,  610,  490,  662,  674,  242],
        [  165,  165,  287,  443,  380,  322,  549,  613,  854,  647,  453,  692,  554,  170,  317,  782,  513,  470,  558,    0,  301,  447,  226,  561,  251,  364,  258,  381,  408,  256,  430,  156,  451,  291,  365,  431,  377,  368,  117,  322],
        [  362,  362,  457,  733,  524,  510,  606,  850, 1121,  901,  680,  890,  843,  310,  285, 1050,  715,  439,  800,  301,    0,  723,  378,  546,  300,  120,  335,  521,  289,  537,  726,  450,  717,  240,   73,  707,  419,  621,  243,  561],
        [  370,  370,  333,   79,  677,  593,  880,  221,  750,  638,  175,  807,  137,  430,  746,  692,  675,  874,  616,  447,  723,    0,  386,  942,  493,  743,  463,  682,  847,  192,  131,  368,  483,  729,  794,   17,  759,  127,  482,  509],
        [   66,   66,   81,  422,  603,  539,  774,  477,  989,  806,  306,  890,  520,   73,  518,  920,  716,  682,  734,  226,  378,  386,    0,  779,  108,  368,   80,  605,  591,  238,  437,  315,  608,  483,  450,  372,  598,  265,  157,  517],
        [  724,  724,  847,  904,  291,  369,  139, 1144,  910,  694,  999,  551, 1004,  711,  274,  852,  449,  108,  589,  561,  546,  942,  779,    0,  763,  665,  786,  284,  268,  772,  866,  576,  609,  318,  529,  928,  188,  903,  630,  471],
        [  143,  143,  174,  528,  625,  572,  777,  574, 1071,  878,  404,  941,  627,   91,  492, 1001,  763,  661,  798,  251,  300,  493,  108,  763,    0,  269,   37,  626,  548,  339,  540,  378,  679,  452,  370,  479,  592,  372,  142,  568],
        [  374,  374,  442,  765,  637,  616,  726,  842, 1210,  995,  672,  999,  871,  313,  405, 1139,  822,  558,  898,  364,  120,  743,  368,  665,  269,    0,  305,  635,  404,  567,  766,  520,  805,  360,  149,  728,  539,  629,  273,  656],
        [  128,  128,  139,  501,  636,  579,  795,  538, 1060,  871,  369,  943,  597,   90,  517,  990,  766,  685,  794,  258,  335,  463,   80,  786,   37,  305,    0,  637,  577,  317,  516,  374,  672,  478,  405,  449,  612,  340,  158,  569],
        [  541,  541,  657,  636,    8,   90,  198,  894,  672,  446,  765,  374,  730,  550,  270,  607,  213,  263,  336,  381,  521,  682,  605,  284,  626,  635,  637,    0,  359,  531,  593,  333,  329,  302,  542,  669,  154,  663,  485,  189],
        [  549,  549,  667,  830,  365,  399,  359, 1021, 1028,  801,  859,  722,  939,  518,  110,  962,  571,  165,  691,  408,  289,  847,  591,  268,  548,  404,  577,  359,    0,  659,  805,  493,  656,  119,  263,  831,  209,  776,  434,  490],
        [  201,  201,  219,  198,  527,  446,  725,  372,  768,  606,  235,  730,  307,  261,  560,  701,  573,  696,  553,  256,  537,  192,  238,  772,  339,  567,  317,  531,  659,    0,  202,  200,  418,  540,  607,  176,  586,  133,  298,  382],
        [  402,  402,  404,   55,  587,  503,  789,  344,  623,  507,  298,  682,  139,  463,  698,  563,  559,  808,  490,  430,  726,  131,  437,  866,  540,  766,  516,  593,  805,  202,    0,  312,  360,  688,  793,  129,  689,  221,  494,  410],
        [  251,  251,  346,  340,  329,  250,  526,  569,  701,  501,  433,  576,  448,  287,  386,  630,  404,  506,  421,  156,  450,  368,  315,  576,  378,  520,  374,  333,  493,  200,  312,    0,  303,  377,  509,  353,  391,  332,  264,  204],
        [  547,  547,  622,  413,  322,  261,  498,  702,  406,  200,  624,  324,  476,  588,  550,  335,  210,  589,  137,  451,  717,  483,  608,  609,  679,  805,  672,  329,  656,  418,  360,  303,    0,  564,  764,  476,  473,  525,  564,  167],
        [  437,  437,  558,  713,  306,  318,  367,  903,  952,  725,  743,  676,  822,  411,   46,  883,  510,  212,  617,  291,  240,  729,  483,  318,  452,  360,  478,  302,  119,  540,  688,  377,  564,    0,  245,  713,  181,  658,  327,  398],
        [  435,  435,  529,  802,  546,  543,  604,  923, 1165,  942,  753,  915,  912,  382,  286, 1095,  744,  424,  838,  365,   73,  794,  450,  529,  370,  149,  405,  542,  263,  607,  793,  509,  764,  245,    0,  778,  424,  693,  315,  603],
        [  355,  355,  320,   79,  664,  580,  867,  231,  750,  634,  172,  800,  150,  415,  730,  691,  666,  859,  610,  431,  707,   17,  372,  928,  479,  728,  449,  669,  831,  176,  129,  353,  476,  713,  778,    0,  744,  115,  466,  497],
        [  541,  541,  663,  725,  161,  214,  191,  958,  826,  600,  812,  514,  827,  533,  139,  761,  364,  122,  490,  377,  419,  759,  598,  188,  592,  539,  612,  154,  209,  586,  689,  391,  473,  181,  424,  744,    0,  716,  454,  316],
        [  260,  260,  207,  184,  659,  578,  858,  246,  839,  701,  104,  846,  263,  317,  681,  777,  696,  824,  662,  368,  621,  127,  265,  903,  372,  629,  340,  663,  776,  133,  221,  332,  525,  658,  693,  115,  716,    0,  379,  510],
        [  123,  123,  235,  496,  484,  433,  637,  613,  965,  762,  444,  808,  604,   85,  364,  894,  629,  530,  674,  117,  243,  482,  157,  630,  142,  273,  158,  485,  434,  298,  494,  264,  564,  327,  315,  466,  454,  379,    0,  438],
        [  452,  452,  550,  456,  182,  104,  382,  726,  562,  341,  613,  375,  545,  480,  383,  492,  200,  436,  242,  322,  561,  509,  517,  471,  568,  656,  569,  189,  490,  382,  410,  204,  167,  398,  603,  497,  316,  510,  438,    0]
    ]
}
