{
    "name": "random-23-20699",
    "comment": "size=23 seed=20699",
    "nodes": ["+0", "-0", "+1", "-1", "+2", "-2", "+3", "-3", "+4", "-4", "+5", "-5", "+6", "-6", "+7", "-7", "+8", "-8", "+9", "-9", "+10", "-10", "+11", "-11", "+12", "-12", "+13", "-13", "+14", "-14", "+15", "-15", "+16", "-16", "+17", "-17", "+18", "-18", "+19", "-19", "+20", "-20", "+21", "-21", "+22", "-22", "+23", "-23"],
    "precedence": {
        "+0": "-0",
        "+1": "-1",
        "+2": "-2",
        "+3": "-3",
        "+4": "-4",
        "+5": "-5",
        "+6": "-6",
        "+7": "-7",
        "+8": "-8",
        "+9": "-9",
        "+10": "-10",
        "+11": "-11",
        "+12": "-12",
        "+13": "-13",
        "+14": "-14",
        "+15": "-15",
        "+16": "-16",
        "+17": "-17",
        "+18": "-18",
        "+19": "-19",
        "+20": "-20",
        "+21": "-21",
        "+22": "-22",
        "+23": "-23"
    },
    "edges": [
        [    0,    0,  509,  661,  876,  753,  447,  240,  418,  481,  892,  752,  792, 1140,  909,  619,  702,  439,  456,  970,  764, 1071,  281,  437, 1114,  509,  499,  748,  341,  635,  511,  864,  977,  806,  108,  859,  866,  574,  635,  761,  796,  592,   58,  707,  709,  901,  465,  570],
        [    0,    0,  509,  661,  876,  753,  447,  240,  418,  481,  892,  752,  792, 1140,  909,  619,  702,  439,  456,  970,  764, 1071,  281,  437, 1114,  509,  499,  748,  341,  635,  511,  864,  977,  806,  108,  859,  866,  574,  635,  761,  796,  592,   58,  707,  709,  901,  465,  570],
        [  509,  509,    0,  235,  877,  492,  195,  273,  273,   72, 1044,  956,  288,  829,  680,  846,  681,  204,  228,  692,  323,  783,  460,  209,  806,  758,  777,  241,  281,  419,   12,  423,  661,  873,  436,  538,  888,  636,  582,  939,  543,  497,  456,  284,  293,  396,  148,  261],
        [  661,  661,  235,    0,  741,  292,  219,  427,  278,  306,  958,  902,  304,  597,  472,  815,  562,  229,  223,  468,  104,  555,  509,  232,  574,  750,  780,  251,  340,  265,  225,  205,  430,  767,  565,  311,  760,  567,  468,  874,  340,  387,  604,   51,   59,  380,  197,  137],
        [  876,  876,  877,  741,    0,  477,  688,  808,  623,  930,  293,  355, 1045,  611,  397,  395,  199,  682,  654,  489,  765,  536,  601,  678,  592,  455,  493,  992,  663,  478,  867,  782,  561,  119,  785,  554,   38,  303,  297,  306,  451,  380,  840,  732,  720, 1113,  732,  632],
        [  753,  753,  492,  292,  477,    0,  357,  567,  344,  560,  732,  713,  586,  388,  189,  660,  331,  358,  329,  221,  292,  321,  509,  356,  361,  631,  670,  537,  421,  119,  481,  307,  226,  529,  646,  122,  503,  400,  265,  675,   52,  220,  699,  268,  255,  643,  377,  237],
        [  447,  447,  195,  219,  688,  357,    0,  224,   81,  242,  849,  765,  441,  733,  540,  658,  490,   11,   35,  574,  321,  673,  301,   17,  707,  577,  600,  386,  123,  257,  187,  419,  562,  680,  348,  438,  697,  442,  392,  746,  407,  309,  389,  262,  263,  541,   49,  131],
        [  240,  240,  273,  427,  808,  567,  224,    0,  225,  257,  902,  786,  560,  951,  742,  661,  613,  218,  242,  787,  531,  888,  249,  218,  925,  558,  567,  513,  156,  456,  274,  632,  782,  768,  165,  658,  808,  517,  525,  781,  615,  458,  186,  475,  479,  668,  232,  354],
        [  418,  418,  273,  278,  623,  344,   81,  225,    0,  313,  772,  685,  520,  730,  518,  578,  425,   71,   58,  564,  374,  665,  232,   66,  704,  497,  521,  465,   79,  231,  265,  465,  563,  607,  313,  442,  630,  365,  328,  666,  391,  250,  362,  314,  312,  619,  130,  158],
        [  481,  481,   72,  306,  930,  560,  242,  257,  313,    0, 1083,  988,  315,  900,  748,  872,  732,  249,  276,  762,  392,  854,  473,  254,  877,  779,  795,  275,  304,  482,   82,  491,  732,  919,  420,  609,  939,  677,  634,  973,  611,  550,  432,  354,  364,  423,  199,  325],
        [  892,  892, 1044,  958,  293,  732,  849,  902,  772, 1083,    0,  155, 1257,  903,  684,  280,  404,  841,  818,  778, 1003,  829,  659,  835,  884,  386,  406, 1202,  785,  699, 1035, 1037,  848,  204,  826,  826,  257,  408,  491,  132,  716,  572,  873,  960,  950, 1338,  897,  832],
        [  752,  752,  956,  902,  355,  713,  765,  786,  685,  988,  155,    0, 1191,  947,  706,  133,  386,  755,  736,  802,  961,  868,  539,  750,  925,  243,  257, 1135,  685,  656,  949, 1009,  864,  238,  694,  820,  319,  336,  452,   49,  708,  522,  737,  912,  903, 1280,  814,  769],
        [  792,  792,  288,  304, 1045,  586,  441,  560,  520,  315, 1257, 1191,    0,  812,  751, 1093,  864,  451,  464,  724,  303,  793,  735,  457,  795, 1016, 1041,   56,  552,  568,  289,  352,  667, 1069,  723,  570, 1064,  858,  769, 1167,  629,  686,  742,  318,  331,  109,  394,  426],
        [ 1140, 1140,  829,  597,  611,  388,  733,  951,  730,  900,  903,  947,  812,    0,  258,  940,  585,  736,  709,  174,  531,   81,  888,  735,   27,  946,  987,  781,  807,  505,  819,  461,  171,  715, 1033,  296,  648,  709,  577,  900,  346,  574, 1086,  551,  540,  821,  744,  604],
        [  909,  909,  680,  472,  397,  189,  540,  742,  518,  748,  684,  706,  751,  258,    0,  687,  331,  541,  511,   97,  449,  178,  644,  539,  233,  689,  730,  706,  590,  287,  669,  429,  165,  485,  802,  187,  430,  451,  319,  661,  137,  325,  857,  440,  427,  793,  564,  425],
        [  619,  619,  846,  815,  395,  660,  658,  661,  578,  872,  280,  133, 1093,  940,  687,    0,  356,  648,  632,  782,  883,  859,  412,  643,  916,  111,  127, 1037,  569,  585,  839,  941,  837,  281,  562,  775,  365,  262,  396,  149,  664,  451,  605,  830,  823, 1186,  707,  679],
        [  702,  702,  681,  562,  199,  331,  490,  613,  425,  732,  404,  386,  864,  585,  331,  356,    0,  484,  456,  427,  600,  505,  422,  479,  561,  365,  407,  810,  466,  298,  671,  635,  483,  206,  605,  435,  208,  142,  100,  346,  323,  185,  661,  560,  549,  940,  535,  443],
        [  439,  439,  204,  229,  682,  358,   11,  218,   71,  249,  841,  755,  451,  736,  541,  648,  484,    0,   31,  576,  330,  676,  290,    6,  710,  567,  590,  396,  113,  256,  195,  427,  566,  672,  339,  442,  691,  433,  386,  736,  408,  304,  382,  271,  272,  551,   59,  136],
        [  456,  456,  228,  223,  654,  329,   35,  242,   58,  276,  818,  736,  464,  709,  511,  632,  456,   31,    0,  549,  321,  648,  288,   28,  684,  553,  578,  408,  120,  226,  219,  415,  540,  646,  354,  416,  663,  410,  358,  715,  379,  275,  399,  261,  261,  561,   81,  115],
        [  970,  970,  692,  468,  489,  221,  574,  787,  564,  762,  778,  802,  724,  174,   97,  782,  427,  576,  549,    0,  425,  102,  714,  575,  148,  780,  821,  684,  640,  336,  681,  384,   78,  580,  862,  158,  524,  542,  407,  757,  174,  400,  916,  429,  417,  754,  591,  450],
        [  764,  764,  323,  104,  765,  292,  321,  531,  374,  392, 1003,  961,  303,  531,  449,  883,  600,  330,  321,  425,    0,  500,  603,  333,  511,  827,  859,  260,  440,  306,  314,  103,  373,  805,  668,  269,  788,  627,  514,  929,  330,  439,  707,   61,   63,  351,  300,  221],
        [ 1071, 1071,  783,  555,  536,  321,  673,  888,  665,  854,  829,  868,  793,   81,  178,  859,  505,  676,  648,  102,  500,    0,  814,  675,   58,  865,  907,  757,  741,  437,  772,  443,  128,  638,  963,  245,  572,  628,  497,  821,  276,  498, 1017,  513,  500,  812,  688,  547],
        [  281,  281,  460,  509,  601,  509,  301,  249,  232,  473,  659,  539,  735,  888,  644,  412,  422,  290,  288,  714,  603,  814,    0,  285,  861,  311,  323,  681,  183,  392,  456,  690,  733,  542,  185,  625,  594,  299,  356,  535,  544,  321,  240,  543,  541,  838,  343,  384],
        [  437,  437,  209,  232,  678,  356,   17,  218,   66,  254,  835,  750,  457,  735,  539,  643,  479,    6,   28,  575,  333,  675,  285,    0,  710,  561,  584,  402,  109,  254,  201,  430,  565,  667,  337,  441,  686,  428,  381,  731,  406,  299,  379,  274,  275,  557,   65,  136],
        [ 1114, 1114,  806,  574,  592,  361,  707,  925,  704,  877,  884,  925,  795,   27,  233,  916,  561,  710,  684,  148,  511,   58,  861,  710,    0,  921,  962,  763,  781,  479,  796,  444,  147,  695, 1006,  272,  628,  683,  551,  878,  319,  548, 1059,  530,  518,  807,  719,  579],
        [  509,  509,  758,  750,  455,  631,  577,  558,  497,  779,  386,  243, 1016,  946,  689,  111,  365,  567,  553,  780,  827,  865,  311,  561,  921,    0,   42,  961,  478,  542,  752,  894,  827,  350,  453,  751,  430,  239,  377,  255,  644,  413,  495,  771,  765, 1113,  625,  614],
        [  499,  499,  777,  780,  493,  670,  600,  567,  521,  795,  406,  257, 1041,  987,  730,  127,  407,  590,  578,  821,  859,  907,  323,  584,  962,   42,    0,  985,  497,  578,  772,  928,  867,  386,  452,  790,  467,  280,  417,  275,  684,  451,  490,  803,  796, 1139,  648,  644],
        [  748,  748,  241,  251,  992,  537,  386,  513,  465,  275, 1202, 1135,   56,  781,  706, 1037,  810,  396,  408,  684,  260,  757,  681,  402,  763,  961,  985,    0,  498,  515,  240,  321,  630, 1014,  675,  529, 1011,  802,  715, 1111,  581,  631,  697,  269,  282,  158,  340,  370],
        [  341,  341,  281,  340,  663,  421,  123,  156,   79,  304,  785,  685,  552,  807,  590,  569,  466,  113,  120,  640,  440,  741,  183,  109,  781,  478,  497,  498,    0,  306,  276,  535,  641,  634,  236,  520,  666,  384,  374,  671,  467,  303,  284,  380,  380,  655,  161,  232],
        [  635,  635,  419,  265,  478,  119,  257,  456,  231,  482,  699,  656,  568,  505,  287,  585,  298,  256,  226,  336,  306,  437,  392,  254,  479,  542,  578,  515,  306,    0,  408,  357,  344,  504,  528,  233,  496,  325,  208,  623,  162,  135,  581,  262,  252,  642,  287,  161],
        [  511,  511,   12,  225,  867,  481,  187,  274,  265,   82, 1035,  949,  289,  819,  669,  839,  671,  195,  219,  681,  314,  772,  456,  201,  796,  752,  772,  240,  276,  408,    0,  414,  650,  864,  436,  527,  878,  628,  572,  931,  532,  488,  458,  274,  283,  397,  139,  250],
        [  864,  864,  423,  205,  782,  307,  419,  632,  465,  491, 1037, 1009,  352,  461,  429,  941,  635,  427,  415,  384,  103,  443,  690,  430,  444,  894,  928,  321,  535,  357,  414,    0,  320,  836,  766,  243,  808,  681,  558,  974,  333,  491,  807,  158,  156,  371,  401,  308],
        [  977,  977,  661,  430,  561,  226,  562,  782,  563,  732,  848,  864,  667,  171,  165,  837,  483,  566,  540,   78,  373,  128,  733,  565,  147,  827,  867,  630,  641,  344,  650,  320,    0,  648,  870,  126,  595,  588,  451,  821,  191,  431,  922,  386,  375,  690,  573,  434],
        [  806,  806,  873,  767,  119,  529,  680,  768,  607,  919,  204,  238, 1069,  715,  485,  281,  206,  672,  646,  580,  805,  638,  542,  667,  695,  350,  386, 1014,  634,  504,  864,  836,  648,    0,  723,  622,   86,  252,  300,  189,  513,  385,  776,  765,  754, 1145,  726,  646],
        [  108,  108,  436,  565,  785,  646,  348,  165,  313,  420,  826,  694,  723, 1033,  802,  562,  605,  339,  354,  862,  668,  963,  185,  337, 1006,  453,  452,  675,  236,  528,  436,  766,  870,  723,    0,  752,  778,  483,  533,  698,  688,  487,   57,  609,  611,  832,  372,  467],
        [  859,  859,  538,  311,  554,  122,  438,  658,  442,  609,  826,  820,  570,  296,  187,  775,  435,  442,  416,  158,  269,  245,  625,  441,  272,  751,  790,  529,  520,  233,  527,  243,  126,  622,  752,    0,  584,  517,  380,  780,  113,  341,  803,  271,  259,  608,  448,  309],
        [  866,  866,  888,  760,   38,  503,  697,  808,  630,  939,  257,  319, 1064,  648,  430,  365,  208,  691,  663,  524,  788,  572,  594,  686,  628,  430,  467, 1011,  666,  496,  878,  808,  595,   86,  778,  584,    0,  296,  307,  270,  478,  392,  832,  753,  741, 1135,  742,  648],
        [  574,  574,  636,  567,  303,  400,  442,  517,  365,  677,  408,  336,  858,  709,  451,  262,  142,  433,  410,  542,  627,  628,  299,  428,  683,  239,  280,  802,  384,  325,  628,  681,  588,  252,  483,  517,  296,    0,  139,  310,  408,  191,  537,  577,  568,  944,  490,  434],
        [  635,  635,  582,  468,  297,  265,  392,  525,  328,  634,  491,  452,  769,  577,  319,  396,  100,  386,  358,  407,  514,  497,  356,  381,  551,  377,  417,  715,  374,  208,  572,  558,  451,  300,  533,  380,  307,  139,    0,  417,  270,   86,  590,  470,  459,  848,  436,  346],
        [  761,  761,  939,  874,  306,  675,  746,  781,  666,  973,  132,   49, 1167,  900,  661,  149,  346,  736,  715,  757,  929,  821,  535,  731,  878,  255,  275, 1111,  671,  623,  931,  974,  821,  189,  698,  780,  270,  310,  417,    0,  668,  491,  743,  882,  872, 1253,  794,  743],
        [  796,  796,  543,  340,  451,   52,  407,  615,  391,  611,  716,  708,  629,  346,  137,  664,  323,  408,  379,  174,  330,  276,  544,  406,  319,  644,  684,  581,  467,  162,  532,  333,  191,  513,  688,  113,  478,  408,  270,  668,    0,  240,  742,  313,  300,  681,  429,  289],
        [  592,  592,  497,  387,  380,  220,  309,  458,  250,  550,  572,  522,  686,  574,  325,  451,  185,  304,  275,  400,  439,  498,  321,  299,  548,  413,  451,  631,  303,  135,  488,  491,  431,  385,  487,  341,  392,  191,   86,  491,  240,    0,  543,  391,  382,  766,  352,  262],
        [   58,   58,  456,  604,  840,  699,  389,  186,  362,  432,  873,  737,  742, 1086,  857,  605,  661,  382,  399,  916,  707, 1017,  240,  379, 1059,  495,  490,  697,  284,  581,  458,  807,  922,  776,   57,  803,  832,  537,  590,  743,  742,  543,    0,  649,  652,  851,  408,  513],
        [  707,  707,  284,   51,  732,  268,  262,  475,  314,  354,  960,  912,  318,  551,  440,  830,  560,  271,  261,  429,   61,  513,  543,  274,  530,  771,  803,  269,  380,  262,  274,  158,  386,  765,  609,  271,  753,  577,  470,  882,  313,  391,  649,    0,   14,  382,  244,  162],
        [  709,  709,  293,   59,  720,  255,  263,  479,  312,  364,  950,  903,  331,  540,  427,  823,  549,  272,  261,  417,   63,  500,  541,  275,  518,  765,  796,  282,  380,  252,  283,  156,  375,  754,  611,  259,  741,  568,  459,  872,  300,  382,  652,   14,    0,  394,  247,  158],
        [  901,  901,  396,  380, 1113,  643,  541,  668,  619,  423, 1338, 1280,  109,  821,  793, 1186,  940,  551,  561,  754,  351,  812,  838,  557,  807, 1113, 1139,  158,  655,  642,  397,  371,  690, 1145,  832,  608, 1135,  944,  848, 1253,  681,  766,  851,  382,  394,    0,  496,  511],
        [  465,  465,  148,  197,  732,  377,   49,  232,  130,  199,  897,  814,  394,  744,  564,  707,  535,   59,   81,  591,  300,  688,  343,   65,  719,  625,  648,  340,  161,  287,  139,  401,  573,  726,  372,  448,  742,  490,  436,  794,  429,  352,  408,  244,  247,  496,    0,  141],
        [  570,  570,  261,  137,  632,  237,  131,  354,  158,  325,  832,  769,  426,  604,  425,  679,  443,  136,  115,  450,  221,  547,  384,  136,  579,  614,  644,  370,  232,  161,  250,  308,  434,  646,  467,  309,  648,  434,  346,  743,  289,  262,  513,  162,  158,  511,  141,    0]
    ]
}
