{
    "name": "random-11-1816",
    "comment": "size=11 seed=1816",
    "nodes": ["+0", "-0", "+1", "-1", "+2", "-2", "+3", "-3", "+4", "-4", "+5", "-5", "+6", "-6", "+7", "-7", "+8", "-8", "+9", "-9", "+10", "-10", "+11", "-11"],
    "precedence": {
        "+0": "-0",
        "+1": "-1",
        "+2": "-2",
        "+3": "-3",
        "+4": "-4",
        "+5": "-5",
        "+6": "-6",
        "+7": "-7",
        "+8": "-8",
        "+9": "-9",
        "+10": "-10",
        "+11": "-11"
    },
    "edges": [
        [    0,    0,  300,  423,  399,  387,  366,  498,  375,  396,  327,  411,  690,  698,  550,  399,  310,  721,  408,  778,  311,  334,  157,  428],
        [    0,    0,  300,  423,  399,  387,  366,  498,  375,  396,  327,  411,  690,  698,  550,  399,  310,  721,  408,  778,  311,  334,  157,  428],
        [  300,  300,    0,  723,  526,  655,  105,  713,  662,  104,  592,  711,  706,  917,  652,  641,  605,  890,  202,  926,   19,  594,  146,  713],
        [  423,  423,  723,    0,  548,  252,  783,  436,  165,  817,  264,   18,  868,  544,  662,  335,  145,  666,  807,  747,  734,  278,  580,  173],
        [  399,  399,  526,  548,    0,  318,  505,  237,  392,  561,  636,  548,  327,  420,  152,  245,  538,  364,  454,  402,  522,  649,  426,  665],
        [  387,  387,  655,  252,  318,    0,  683,  188,   88,  729,  435,  257,  625,  341,  415,   84,  304,  429,  675,  506,  660,  450,  513,  405],
        [  366,  366,  105,  783,  505,  683,    0,  713,  702,   58,  676,  772,  639,  914,  613,  656,  675,  867,  104,  894,   87,  680,  211,  791],
        [  498,  498,  713,  436,  237,  188,  713,    0,  275,  767,  616,  443,  480,  206,  267,  117,  489,  244,  678,  319,  712,  631,  587,  593],
        [  375,  375,  662,  165,  392,   88,  702,  275,    0,  745,  360,  170,  707,  410,  499,  170,  226,  512,  707,  591,  669,  375,  517,  319],
        [  396,  396,  104,  817,  561,  729,   58,  767,  745,    0,  695,  805,  693,  968,  670,  707,  704,  923,  150,  951,   89,  697,  239,  814],
        [  327,  327,  592,  264,  636,  435,  676,  616,  360,  695,    0,  247,  959,  769,  779,  500,  136,  860,  732,  934,  607,   16,  468,  142],
        [  411,  411,  711,   18,  548,  257,  772,  443,  170,  805,  247,    0,  870,  556,  665,  339,  128,  675,  797,  755,  722,  261,  567,  160],
        [  690,  690,  706,  868,  327,  625,  639,  480,  707,  693,  959,  870,    0,  571,  214,  544,  864,  418,  547,  387,  694,  972,  662,  991],
        [  698,  698,  917,  544,  420,  341,  914,  206,  410,  968,  769,  556,  571,    0,  387,  301,  635,  177,  872,  253,  917,  785,  792,  715],
        [  550,  550,  652,  662,  152,  415,  613,  267,  499,  670,  779,  665,  214,  387,    0,  332,  672,  272,  544,  284,  644,  792,  567,  795],
        [  399,  399,  641,  335,  245,   84,  656,  117,  170,  707,  500,  339,  544,  301,  332,    0,  374,  361,  637,  434,  643,  515,  506,  483],
        [  310,  310,  605,  145,  538,  304,  675,  489,  226,  704,  136,  128,  864,  635,  672,  374,    0,  731,  713,  807,  618,  151,  466,  132],
        [  721,  721,  890,  666,  364,  429,  867,  244,  512,  923,  860,  675,  418,  177,  272,  361,  731,    0,  807,   83,  886,  875,  782,  830],
        [  408,  408,  202,  807,  454,  675,  104,  678,  707,  150,  732,  797,  547,  872,  544,  637,  713,  807,    0,  827,  185,  737,  267,  835],
        [  778,  778,  926,  747,  402,  506,  894,  319,  591,  951,  934,  755,  387,  253,  284,  434,  807,   83,  827,    0,  920,  949,  827,  909],
        [  311,  311,   19,  734,  522,  660,   87,  712,  669,   89,  607,  722,  694,  917,  644,  643,  618,  886,  185,  920,    0,  609,  155,  727],
        [  334,  334,  594,  278,  649,  450,  680,  631,  375,  697,   16,  261,  972,  785,  792,  515,  151,  875,  737,  949,  609,    0,  473,  149],
        [  157,  157,  146,  580,  426,  513,  211,  587,  517,  239,  468,  567,  662,  792,  567,  506,  466,  782,  267,  827,  155,  473,    0,  581],
        [  428,  428,  713,  173,  665,  405,  791,  593,  319,  814,  142,  160,  991,  715,  795,  483,  132,  830,  835,  909,  727,  149,  581,    0]
    ]
}
