{
    "name": "random-51-1913",
    "comment": "size=51 seed=1913",
    "nodes": ["+0", "-0", "+1", "-1", "+2", "-2", "+3", "-3", "+4", "-4", "+5", "-5", "+6", "-6", "+7", "-7", "+8", "-8", "+9", "-9", "+10", "-10", "+11", "-11", "+12", "-12", "+13", "-13", "+14", "-14", "+15", "-15", "+16", "-16", "+17", "-17", "+18", "-18", "+19", "-19", "+20", "-20", "+21", "-21", "+22", "-22", "+23", "-23", "+24", "-24", "+25", "-25", "+26", "-26", "+27", "-27", "+28", "-28", "+29", "-29", "+30", "-30", "+31", "-31", "+32", "-32", "+33", "-33", "+34", "-34", "+35", "-35", "+36", "-36", "+37", "-37", "+38", "-38", "+39", "-39", "+40", "-40", "+41", "-41", "+42", "-42", "+43", "-43", "+44", "-44", "+45", "-45", "+46", "-46", "+47", "-47", "+48", "-48", "+49", "-49", "+50", "-50", "+51", "-51"],
    "precedence": {
        "+0": "-0",
        "+1": "-1",
        "+2": "-2",
        "+3": "-3",
        "+4": "-4",
        "+5": "-5",
        "+6": "-6",
        "+7": "-7",
        "+8": "-8",
        "+9": "-9",
        "+10": "-10",
        "+11": "-11",
        "+12": "-12",
        "+13": "-13",
        "+14": "-14",
        "+15": "-15",
        "+16": "-16",
        "+17": "-17",
        "+18": "-18",
        "+19": "-19",
        "+20": "-20",
        "+21": "-21",
        "+22": "-22",
        "+23": "-23",
        "+24": "-24",
        "+25": "-25",
        "+26": "-26",
        "+27": "-27",
        "+28": "-28",
        "+29": "-29",
        "+30": "-30",
        "+31": "-31",
        "+32": "-32",
        "+33": "-33",
        "+34": "-34",
        "+35": "-35",
        "+36": "-36",
        "+37": "-37",
        "+38": "-38",
        "+39": "-39",
        "+40": "-40",
        "+41": "-41",
        "+42": "-42",
        "+43": "-43",
        "+44": "-44",
        "+45": "-45",
        "+46": "-46",
        "+47": "-47",
        "+48": "-48",
        "+49": "-49",
        "+50": "-50",
        "+51": "-51"
    },
    "edges": [
        [    0,    0,   51,  715,  713,  831,  740,  664,  542,  374,  484,  613,  459, 1079,  728,  670,  420,  721,  201,  231,  326,  518,  704,  616,  964,  382,  754,  507,  937,  907,  252,  713,  990,  385,  723,  213,   61,  544,  134,  267,  752,  631, 1193,  487,  461,  722,  405,  327,  294,  213,  160,  979,  267,  413,  630,  908,  427,  573,  586,  998,   75,  707,  205,  507,  403,  508,  623,  795,  858,  916,  313,  758,  391,  797, 1097,  697,  848,  684,  768,  720,  416,  116,  699,  744,  647,  312,  757, 1042, 1055,  889,  677,  868,  566,  424,  512,  848,  945,  356,  839,  593,  929,  521,  708,  476],
        [    0,    0,    0,    0,    0,    0,    0,    0,    0,    0,    0,    0,    0,    0,    0,    0,    0,    0,    0,    0,    0,    0,    0,    0,    0,    0,    0,    0,    0,    0,    0,    0,    0,    0,    0,    0,    0,    0,    0,    0,    0,    0,    0,    0,    0,    0,    0,    0,    0,    0,    0,    0,    0,    0,    0,    0,    0,    0,    0,    0,    0,    0,    0,    0,    0,    0,    0,    0,    0,    0,    0,    0,    0,    0,    0,    0,    0,    0,    0,    0,    0,    0,    0,    0,    0,    0,    0,    0,    0,    0,    0,    0,    0,    0,    0,    0,    0,    0,    0,    0,    0,    0,    0,    0],
        [   51,    0,    0,  713,  687,  788,  727,  663,  508,  329,  476,  563,  434, 1042,  680,  668,  375,  676,  172,  248,  318,  471,  657,  571,  939,  396,  706,  483,  892,  857,  204,  665,  946,  339,  706,  167,   54,  524,  123,  232,  702,  581, 1160,  437,  457,  721,  356,  332,  244,  174,  148,  954,  218,  391,  623,  858,  435,  529,  564,  957,   25,  711,  181,  476,  362,  459,  623,  745,  845,  893,  263,  766,  403,  747, 1067,  652,  798,  633,  735,  671,  374,  134,  664,  699,  597,  280,  712, 1004, 1027,  842,  647,  825,  541,  375,  473,  803,  906,  309,  796,  557,  907,  513,  667,  430],
        [  715,    0,  713,    0,  363,  740,  166,   52,  463,  621,  245,  854,  379,  748,  803,   46,  633,  719,  869,  500,  399,  675,  785,  672,  469,  365,  841,  358,  865, 1023,  794,  796,  856,  635,  216,  808,  764,  294,  836,  905,  939,  922,  767,  872,  258,    9,  876,  392,  798,  603,  860,  477,  785,  383,  110, 1149,  304,  644,  301,  795,  716,   73,  550,  437,  576,  745,   93,  961,  224,  397,  785,  144,  349, 1101,  635,  693, 1014,  925,  484, 1056,  587,  829,  493,  739,  873,  510,  743,  757,  574,  891,  407,  738,  341,  720,  542,  802,  706,  657,  732,  502,  400,  212,  638,  665],
        [  713,    0,  687,  363,    0,  380,  211,  364,  208,  437,  318,  570,  255,  426,  471,  350,  421,  380,  792,  580,  419,  411,  459,  364,  253,  524,  508,  207,  503,  679,  668,  468,  494,  442,  153,  705,  739,  188,  795,  800,  621,  644,  499,  644,  355,  363,  687,  484,  651,  521,  813,  268,  650,  304,  286,  826,  469,  353,  141,  438,  677,  430,  509,  222,  383,  491,  361,  635,  272,  215,  627,  507,  507,  802,  389,  358,  683,  627,  122,  773,  384,  820,  141,  395,  580,  409,  396,  418,  343,  535,   65,  375,  149,  504,  288,  445,  352,  478,  372,  203,  230,  297,  294,  422],
        [  831,    0,  788,  740,  380,    0,  590,  734,  346,  459,  627,  361,  481,  327,  183,  721,  415,  121,  817,  799,  650,  326,  191,  220,  466,  807,  199,  457,  130,  321,  668,  192,  160,  451,  533,  721,  830,  491,  857,  791,  326,  422,  485,  510,  659,  740,  600,  739,  630,  621,  865,  478,  644,  527,  651,  496,  768,  260,  460,  181,  768,  803,  654,  391,  429,  373,  723,  318,  633,  490,  600,  882,  792,  515,  469,  139,  349,  373,  267,  519,  416,  910,  248,  106,  347,  544,   93,  266,  472,  160,  333,   47,  432,  444,  331,   69,  175,  485,   17,  284,  504,  623,  131,  366],
        [  740,    0,  727,  166,  211,  590,    0,  186,  360,  559,  262,  752,  322,  583,  674,  170,  559,  585,  864,  554,  415,  579,  660,  554,  311,  448,  712,  283,  711,  888,  766,  670,  697,  570,   58,  790,  780,  222,  847,  889,  820,  824,  608,  797,  293,  163,  820,  444,  760,  587,  869,  321,  752,  348,  139, 1028,  385,  534,  202,  632,  724,  238,  550,  348,  508,  655,  202,  837,  118,  241,  742,  307,  430,  993,  478,  562,  887,  817,  327,  956,  515,  855,  349,  603,  766,  479,  604,  592,  419,  746,  265,  583,  243,  648,  445,  655,  543,  600,  581,  383,  246,  226,  501,  578],
        [  664,    0,  663,   52,  364,  734,  186,    0,  440,  585,  201,  827,  345,  765,  785,   17,  599,  705,  820,  448,  351,  647,  767,  651,  496,  313,  824,  329,  861, 1008,  750,  778,  857,  599,  227,  762,  714,  269,  786,  859,  917,  893,  793,  836,  210,   61,  836,  340,  755,  557,  810,  505,  741,  344,   85, 1127,  252,  621,  283,  800,  667,   73,  502,  411,  541,  715,   41,  941,  263,  425,  743,  153,  297, 1074,  663,  679,  996,  899,  486, 1027,  553,  778,  487,  726,  847,  468,  731,  770,  603,  882,  401,  735,  321,  685,  516,  795,  713,  619,  728,  484,  429,  171,  627,  634],
        [  542,    0,  508,  463,  208,  346,  360,  440,    0,  230,  292,  395,  135,  539,  350,  431,  214,  280,  594,  462,  307,  220,  330,  212,  451,  461,  388,  119,  473,  574,  465,  341,  499,  235,  309,  504,  558,  173,  607,  597,  477,  465,  652,  443,  320,  466,  480,  394,  445,  336,  622,  467,  445,  182,  357,  687,  424,  182,  164,  480,  495,  512,  343,   46,  176,  296,  418,  502,  455,  422,  421,  593,  447,  639,  563,  251,  557,  463,  228,  598,  177,  641,  157,  303,  412,  231,  311,  507,  528,  468,  151,  367,  123,  298,   86,  392,  414,  271,  347,   63,  437,  297,  218,  221],
        [  374,    0,  329,  621,  437,  459,  559,  585,  230,    0,  391,  289,  245,  729,  360,  581,   47,  347,  376,  395,  299,  147,  337,  242,  680,  469,  391,  277,  564,  560,  238,  346,  617,   17,  517,  282,  371,  341,  403,  371,  418,  338,  859,  253,  399,  626,  261,  384,  216,  169,  414,  696,  217,  242,  512,  609,  462,  200,  359,  630,  310,  652,  221,  220,   54,  165,  551,  457,  667,  651,  191,  728,  462,  525,  783,  323,  514,  368,  446,  463,   55,  452,  368,  370,  319,  143,  383,  685,  752,  519,  380,  497,  321,  105,  163,  475,  585,   42,  467,  258,  666,  416,  341,  107],
        [  484,    0,  476,  245,  318,  627,  262,  201,  292,  391,    0,  651,  168,  742,  639,  201,  411,  571,  626,  292,  159,  472,  618,  498,  534,  208,  677,  174,  757,  864,  550,  629,  771,  406,  258,  563,  528,  141,  598,  661,  755,  713,  811,  644,   38,  252,  637,  184,  554,  358,  621,  548,  540,  151,  148,  963,  152,  461,  183,  734,  476,  264,  306,  252,  352,  533,  164,  784,  378,  473,  543,  338,  190,  898,  691,  543,  841,  727,  424,  845,  366,  599,  393,  595,  675,  268,  602,  730,  638,  758,  321,  640,  199,  494,  351,  679,  653,  424,  625,  349,  483,   38,  504,  453],
        [  613,    0,  563,  854,  570,  361,  752,  827,  395,  289,  651,    0,  486,  686,  182,  820,  252,  251,  526,  681,  584,  180,  170,  210,  761,  755,  184,  498,  405,  297,  384,  171,  482,  272,  699,  439,  588,  561,  589,  481,  140,   74,  843,  165,  667,  858,  267,  671,  339,  439,  588,  776,  362,  504,  746,  321,  744,  219,  558,  536,  539,  898,  503,  418,  307,  125,  800,  183,  839,  758,  312,  978,  748,  248,  808,  252,  236,   80,  514,  205,  291,  655,  444,  258,   35,  430,  269,  627,  798,  325,  506,  408,  517,  197,  313,  332,  533,  280,  376,  372,  774,  668,  316,  200],
        [  459,    0,  434,  379,  255,  481,  322,  345,  135,  245,  168,  486,    0,  649,  474,  340,  255,  411,  552,  340,  179,  307,  453,  332,  506,  326,  512,   49,  608,  699,  445,  464,  633,  257,  286,  473,  487,  101,  546,  571,  588,  550,  745,  494,  190,  384,  503,  261,  439,  275,  565,  521,  431,   52,  269,  796,  290,  294,  133,  609,  426,  415,  255,   91,  198,  371,  315,  617,  435,  460,  421,  494,  312,  734,  642,  383,  674,  561,  326,  683,  209,  567,  271,  436,  509,  163,  444,  625,  597,  601,  225,  501,  108,  342,  184,  526,  537,  283,  481,  197,  473,  182,  353,  290],
        [ 1079,    0, 1042,  748,  426,  327,  583,  765,  539,  729,  742,  686,  649,    0,  509,  749,  692,  439, 1103,  988,  826,  621,  517,  519,  307,  948,  522,  607,  341,  596,  959,  518,  266,  725,  539, 1008, 1090,  607, 1131, 1088,  645,  749,  162,  830,  780,  745,  913,  901,  926,  869, 1142,  308,  936,  701,  698,  787,  894,  547,  562,  174, 1027,  820,  881,  578,  686,  683,  772,  629,  562,  370,  897,  886,  931,  828,  199,  446,  647,  698,  325,  840,  677, 1173,  383,  429,  673,  769,  417,   66,  239,  432,  429,  280,  557,  742,  571,  370,  154,  763,  311,  486,  376,  722,  399,  655],
        [  728,    0,  680,  803,  471,  183,  674,  785,  350,  360,  639,  182,  474,  509,    0,  775,  314,   95,  678,  744,  616,  214,   24,  143,  619,  786,   39,  468,  228,  226,  530,   15,  302,  347,  617,  585,  715,  520,  730,  642,  156,  240,  668,  341,  664,  805,  437,  707,  488,  529,  733,  633,  506,  508,  701,  356,  759,  184,  503,  355,  658,  857,  578,  387,  351,  228,  766,  164,  742,  630,  458,  938,  774,  346,  644,  114,  214,  192,  386,  340,  334,  790,  332,   89,  165,  480,   97,  448,  642,  162,  411,  229,  465,  310,  292,  151,  357,  373,  198,  302,  645,  646,  180,  255],
        [  670,    0,  668,   46,  350,  721,  170,   17,  431,  581,  201,  820,  340,  749,  775,    0,  594,  694,  824,  456,  354,  640,  757,  642,  480,  323,  814,  322,  848,  997,  750,  768,  843,  595,  211,  764,  719,  260,  791,  861,  908,  887,  777,  832,  213,   53,  834,  347,  754,  559,  815,  489,  741,  341,   75, 1118,  262,  612,  273,  786,  671,   83,  505,  403,  537,  709,   49,  932,  248,  409,  742,  164,  307, 1067,  646,  668,  986,  892,  472, 1020,  548,  784,  474,  715,  840,  467,  719,  754,  587,  870,  388,  722,  311,  681,  508,  782,  698,  616,  715,  474,  413,  169,  615,  628],
        [  420,    0,  375,  633,  421,  415,  559,  599,  214,   47,  411,  252,  255,  692,  314,  594,    0,  302,  412,  438,  332,  101,  290,  197,  658,  504,  345,  280,  518,  516,  269,  300,  572,   36,  513,  317,  415,  345,  444,  401,  376,  306,  826,  241,  423,  637,  267,  420,  241,  215,  454,  674,  247,  261,  523,  572,  493,  155,  357,  588,  354,  668,  266,  213,   59,  128,  568,  414,  662,  633,  214,  745,  497,  493,  754,  278,  472,  331,  418,  436,   46,  495,  340,  325,  281,  180,  338,  646,  725,  473,  361,  454,  317,   89,  136,  429,  546,   72,  424,  231,  649,  432,  299,   61],
        [  721,    0,  676,  719,  380,  121,  585,  705,  280,  347,  571,  251,  411,  439,   95,  694,  302,    0,  697,  708,  567,  208,   90,  105,  526,  733,  129,  398,  218,  304,  548,   96,  273,  337,  528,  602,  715,  445,  740,  670,  251,  318,  593,  392,  599,  721,  479,  658,  510,  513,  747,  540,  524,  451,  621,  449,  700,  149,  422,  302,  655,  777,  552,  321,  324,  252,  688,  258,  649,  535,  480,  857,  720,  439,  559,   29,  304,  279,  291,  429,  309,  794,  240,   26,  243,  446,   37,  382,  553,  191,  321,  167,  387,  324,  239,  129,  285,  369,  134,  225,  550,  574,   87,  249],
        [  201,    0,  172,  869,  792,  817,  864,  820,  594,  376,  626,  526,  552, 1103,  678,  824,  412,  697,    0,  419,  471,  491,  657,  597, 1042,  567,  695,  598,  903,  819,  149,  663,  968,  378,  836,   96,  141,  650,   85,   72,  660,  522, 1235,  372,  612,  876,  271,  499,  191,  279,   70, 1058,  173,  518,  772,  783,  602,  561,  684,  994,  160,  872,  320,  571,  424,  451,  781,  704,  981, 1005,  220,  931,  573,  662, 1155,  679,  750,  584,  818,  583,  430,  157,  742,  717,  559,  390,  731, 1057, 1121,  838,  743,  859,  654,  374,  538,  817,  957,  341,  827,  631, 1019,  662,  709,  453],
        [  231,    0,  248,  500,  580,  799,  554,  448,  462,  395,  292,  681,  340,  988,  744,  456,  438,  708,  419,    0,  163,  535,  720,  609,  817,  152,  777,  382,  920,  954,  411,  731,  957,  411,  549,  395,  289,  394,  363,  476,  812,  721, 1078,  601,  261,  507,  549,  111,  438,  248,  389,  832,  414,  288,  427,  999,  200,  564,  441,  942,  261,  483,  179,  419,  394,  559,  408,  851,  668,  760,  443,  530,  162,  905,  967,  680,  908,  759,  664,  835,  411,  340,  609,  733,  712,  265,  744,  964,  917,  894,  562,  826,  435,  486,  470,  833,  874,  402,  802,  523,  771,  328,  669,  498],
        [  326,    0,  318,  399,  419,  650,  415,  351,  307,  299,  159,  584,  179,  826,  616,  354,  332,  567,  471,  163,    0,  418,  592,  475,  660,  173,  652,  220,  775,  834,  408,  603,  805,  315,  401,  414,  370,  234,  440,  510,  705,  636,  916,  540,  142,  406,  514,   92,  419,  214,  463,  675,  402,  127,  306,  904,  165,  432,  281,  785,  318,  405,  153,  262,  278,  460,  311,  740,  533,  605,  413,  469,  165,  823,  807,  539,  798,  663,  502,  761,  295,  441,  449,  592,  612,  157,  602,  803,  758,  757,  399,  673,  273,  401,  329,  690,  715,  320,  651,  369,  617,  196,  520,  387],
        [  518,    0,  471,  675,  411,  326,  579,  647,  220,  147,  472,  180,  307,  621,  214,  640,  101,  208,  491,  535,  418,    0,  190,  106,  628,  590,  245,  318,  421,  420,  343,  200,  480,  134,  528,  396,  509,  381,  533,  469,  288,  248,  764,  236,  490,  679,  298,  508,  307,  315,  540,  644,  320,  327,  567,  492,  572,   75,  382,  503,  450,  718,  365,  239,  142,   80,  620,  323,  672,  614,  278,  798,  581,  428,  705,  188,  381,  255,  380,  381,  125,  588,  303,  229,  203,  272,  243,  571,  683,  373,  347,  368,  340,  122,  135,  333,  471,  163,  336,  209,  630,  488,  223,   42],
        [  704,    0,  657,  785,  459,  191,  660,  767,  330,  337,  618,  170,  453,  517,   24,  757,  290,   90,  657,  720,  592,  190,    0,  121,  615,  763,   60,  448,  248,  247,  508,   12,  319,  323,  603,  563,  692,  501,  708,  622,  164,  233,  674,  325,  642,  788,  419,  684,  467,  505,  711,  629,  484,  486,  683,  369,  737,  161,  485,  367,  635,  839,  554,  367,  327,  206,  747,  178,  730,  623,  437,  920,  752,  351,  647,  103,  230,  190,  378,  340,  310,  767,  321,   90,  157,  456,  100,  457,  642,  185,  397,  238,  447,  287,  270,  167,  364,  349,  206,  284,  638,  625,  172,  231],
        [  616,    0,  571,  672,  364,  220,  554,  651,  212,  242,  498,  210,  332,  519,  143,  642,  197,  105,  597,  609,  475,  106,  121,    0,  554,  644,  180,  328,  322,  367,  449,  132,  376,  233,  499,  502,  611,  384,  637,  575,  268,  283,  665,  319,  522,  674,  395,  567,  413,  408,  645,  569,  425,  366,  568,  478,  617,   46,  371,  398,  551,  723,  449,  247,  220,  166,  629,  291,  634,  549,  383,  804,  633,  440,  614,   82,  346,  265,  306,  410,  205,  691,  235,  129,  217,  346,  142,  467,  598,  286,  299,  262,  332,  227,  150,  233,  367,  265,  230,  172,  565,  506,  122,  146],
        [  964,    0,  939,  469,  253,  466,  311,  496,  451,  680,  534,  761,  506,  307,  619,  480,  658,  526, 1042,  817,  660,  628,  615,  554,    0,  738,  648,  457,  552,  786,  915,  622,  505,  683,  285,  954,  991,  426, 1047, 1048,  775,  833,  298,  863,  571,  464,  919,  714,  895,  773, 1064,   17,  896,  552,  446,  961,  677,  559,  381,  418,  929,  540,  760,  472,  627,  706,  513,  776,  261,   72,  870,  598,  720,  965,  167,  515,  813,  802,  249,  952,  626, 1072,  326,  532,  761,  661,  526,  339,  108,  620,  301,  436,  399,  735,  522,  533,  337,  721,  452,  428,   72,  505,  447,  647],
        [  382,    0,  396,  365,  524,  807,  448,  313,  461,  469,  208,  755,  326,  948,  786,  323,  504,  733,  567,  152,  173,  590,  763,  644,  738,    0,  822,  355,  934, 1006,  541,  774,  958,  486,  457,  533,  439,  341,  514,  620,  878,  806, 1018,  703,  170,  373,  666,   86,  562,  358,  540,  751,  540,  282,  312, 1076,   64,  602,  387,  929,  407,  339,  286,  416,  451,  631,  275,  913,  555,  674,  561,  380,   19,  993,  898,  704,  970,  835,  627,  929,  467,  491,  587,  757,  784,  327,  767,  933,  843,  923,  523,  826,  395,  570,  496,  851,  852,  487,  807,  523,  683,  235,  678,  560],
        [  754,    0,  706,  841,  508,  199,  712,  824,  388,  391,  677,  184,  512,  522,   39,  814,  345,  129,  695,  777,  652,  245,   60,  180,  648,  822,    0,  506,  221,  187,  548,   49,  300,  377,  654,  604,  739,  559,  750,  657,  129,  233,  682,  348,  702,  843,  447,  743,  505,  558,  753,  661,  525,  546,  740,  320,  797,  221,  541,  361,  683,  896,  609,  426,  384,  249,  804,  130,  777,  661,  476,  977,  811,  319,  666,  150,  177,  177,  419,  320,  367,  812,  368,  118,  161,  513,  123,  459,  666,  144,  448,  244,  504,  333,  330,  155,  373,  400,  215,  340,  676,  684,  215,  285],
        [  507,    0,  483,  358,  207,  457,  283,  329,  119,  277,  174,  498,   49,  607,  468,  322,  280,  398,  598,  382,  220,  318,  448,  328,  457,  355,  506,    0,  585,  693,  488,  459,  604,  288,  243,  517,  535,   65,  594,  615,  591,  565,  699,  520,  204,  362,  537,  297,  479,  322,  613,  473,  472,   98,  249,  800,  312,  294,   87,  575,  474,  401,  304,   83,  226,  388,  304,  617,  393,  411,  460,  481,  340,  745,  594,  369,  673,  571,  283,  699,  235,  616,  234,  421,  518,  209,  428,  585,  549,  585,  180,  473,   59,  369,  187,  506,  500,  317,  455,  175,  425,  178,  332,  308],
        [  937,    0,  892,  865,  503,  130,  711,  861,  473,  564,  757,  405,  608,  341,  228,  848,  518,  218,  903,  920,  775,  421,  248,  322,  552,  934,  221,  585,    0,  256,  754,  243,   83,  553,  654,  809,  930,  621,  951,  870,  324,  452,  502,  567,  788,  864,  665,  864,  713,  730,  956,  562,  730,  653,  779,  447,  896,  366,  588,  168,  871,  929,  769,  518,  541,  452,  851,  300,  745,  588,  683, 1007,  920,  496,  518,  244,  310,  391,  385,  519,  526, 1008,  375,  194,  382,  661,  181,  276,  536,   95,  460,  129,  561,  531,  451,   90,  221,  584,  134,  412,  600,  753,  256,  463],
        [  907,    0,  857, 1023,  679,  321,  888, 1008,  574,  560,  864,  297,  699,  596,  226,  997,  516,  304,  819,  954,  834,  420,  247,  367,  786, 1006,  187,  693,  256,    0,  680,  235,  334,  545,  830,  735,  884,  744,  884,  770,  160,  301,  757,  449,  888, 1024,  553,  925,  635,  724,  883,  797,  658,  731,  924,  192,  982,  406,  725,  423,  834, 1080,  781,  612,  562,  403,  989,  116,  945,  810,  608, 1160,  995,  263,  770,  330,   78,  237,  579,  310,  545,  951,  539,  285,  263,  691,  284,  531,  783,  169,  623,  351,  689,  486,  516,  254,  469,  562,  335,  525,  824,  870,  387,  456],
        [  252,    0,  204,  794,  668,  668,  766,  750,  465,  238,  550,  384,  445,  959,  530,  750,  269,  548,  149,  411,  408,  343,  508,  449,  915,  541,  548,  488,  754,  680,    0,  515,  819,  237,  731,   56,  213,  545,  205,  133,  521,  390, 1094,  241,  543,  801,  154,  461,   46,  194,  205,  931,   24,  421,  691,  661,  561,  414,  574,  846,  180,  809,  259,  448,  289,  303,  712,  565,  879,  883,   73,  876,  542,  547, 1020,  530,  614,  448,  683,  470,  292,  273,  605,  568,  418,  289,  582,  911,  989,  690,  615,  711,  540,  225,  400,  668,  811,  199,  679,  495,  898,  583,  563,  305],
        [  713,    0,  665,  796,  468,  192,  670,  778,  341,  346,  629,  171,  464,  518,   15,  768,  300,   96,  663,  731,  603,  200,   12,  132,  622,  774,   49,  459,  243,  235,  515,    0,  315,  333,  613,  570,  700,  512,  715,  628,  156,  231,  676,  327,  654,  798,  423,  695,  473,  514,  718,  636,  491,  497,  694,  359,  748,  173,  496,  366,  643,  850,  564,  378,  337,  213,  758,  168,  739,  630,  443,  931,  763,  344,  650,  111,  219,  185,  386,  335,  321,  775,  330,   94,  155,  466,  103,  458,  647,  177,  407,  239,  458,  295,  281,  164,  366,  358,  207,  295,  646,  636,  180,  240],
        [  990,    0,  946,  856,  494,  160,  697,  857,  499,  617,  771,  482,  633,  266,  302,  843,  572,  273,  968,  957,  805,  480,  319,  376,  505,  958,  300,  604,   83,  334,  819,  315,    0,  608,  642,  873,  987,  632, 1012,  938,  407,  532,  424,  642,  804,  855,  738,  892,  779,  780, 1018,  513,  795,  680,  777,  525,  915,  418,  595,   95,  926,  923,  813,  544,  589,  519,  851,  383,  718,  549,  749,  999,  943,  578,  452,  294,  391,  472,  372,  602,  575, 1066,  380,  251,  460,  703,  238,  202,  476,  178,  460,  133,  572,  595,  490,  153,  169,  641,  155,  437,  560,  763,  289,  521],
        [  385,    0,  339,  635,  442,  451,  570,  599,  235,   17,  406,  272,  257,  725,  347,  595,   36,  337,  378,  411,  315,  134,  323,  233,  683,  486,  377,  288,  553,  545,  237,  333,  608,    0,  526,  284,  379,  352,  409,  370,  402,  321,  858,  238,  415,  640,  251,  400,  212,  182,  419,  700,  216,  256,  525,  593,  478,  191,  369,  623,  319,  666,  236,  228,   63,  149,  566,  441,  676,  656,  187,  743,  479,  508,  783,  314,  498,  351,  447,  447,   59,  459,  369,  360,  303,  159,  373,  681,  754,  507,  385,  490,  330,   89,  164,  464,  580,   39,  459,  259,  672,  430,  335,   93],
        [  723,    0,  706,  216,  153,  533,   58,  227,  309,  517,  258,  699,  286,  539,  617,  211,  513,  528,  836,  549,  401,  528,  603,  499,  285,  457,  654,  243,  654,  830,  731,  613,  642,  526,    0,  758,  759,  187,  824,  856,  763,  770,  576,  750,  292,  215,  777,  441,  722,  558,  844,  297,  715,  319,  163,  971,  394,  480,  159,  579,  701,  286,  526,  301,  464,  605,  235,  780,  150,  219,  702,  359,  438,  938,  449,  504,  830,  762,  271,  903,  470,  836,  291,  545,  712,  447,  547,  544,  392,  688,  207,  527,  197,  601,  394,  598,  491,  558,  524,  328,  227,  225,  443,  529],
        [  213,    0,  167,  808,  705,  721,  790,  762,  504,  282,  563,  439,  473, 1008,  585,  764,  317,  602,   96,  395,  414,  396,  563,  502,  954,  533,  604,  517,  809,  735,   56,  570,  873,  284,  758,    0,  166,  572,  150,   99,  575,  442, 1141,  293,  553,  815,  199,  457,  100,  207,  150,  970,   79,  443,  708,  711,  560,  466,  603,  898,  145,  818,  262,  484,  331,  358,  723,  619,  906,  919,  128,  882,  537,  595, 1063,  583,  668,  501,  726,  517,  336,  220,  649,  622,  472,  312,  635,  962, 1031,  745,  654,  763,  571,  279,  444,  723,  861,  246,  731,  539,  934,  598,  613,  357],
        [   61,    0,   54,  764,  739,  830,  780,  714,  558,  371,  528,  588,  487, 1090,  715,  719,  415,  715,  141,  289,  370,  509,  692,  611,  991,  439,  739,  535,  930,  884,  213,  700,  987,  379,  759,  166,    0,  577,   75,  209,  726,  600, 1210,  453,  508,  771,  364,  380,  257,  223,  101, 1007,  231,  444,  675,  874,  481,  570,  617, 1000,   64,  759,  234,  527,  407,  490,  673,  770,  898,  946,  280,  813,  447,  759, 1118,  693,  821,  656,  785,  681,  418,   83,  714,  738,  622,  332,  751, 1051, 1079,  877,  698,  868,  593,  406,  520,  842,  952,  347,  838,  606,  960,  565,  711,  468],
        [  544,    0,  524,  294,  188,  491,  222,  269,  173,  341,  141,  561,  101,  607,  520,  260,  345,  445,  650,  394,  234,  381,  501,  384,  426,  341,  559,   65,  621,  744,  545,  512,  632,  352,  187,  572,  577,    0,  639,  670,  649,  628,  686,  585,  176,  298,  601,  297,  539,  372,  660,  441,  531,  134,  186,  859,  290,  353,   48,  594,  518,  341,  344,  143,  291,  452,  246,  674,  334,  373,  521,  421,  325,  807,  573,  417,  729,  632,  286,  762,  300,  656,  253,  467,  580,  261,  473,  592,  524,  628,  182,  502,   60,  434,  249,  546,  514,  380,  488,  221,  386,  133,  372,  372],
        [  134,    0,  123,  836,  795,  857,  847,  786,  607,  403,  598,  589,  546, 1131,  730,  791,  444,  740,   85,  363,  440,  533,  708,  637, 1047,  514,  750,  594,  951,  884,  205,  715, 1012,  409,  824,  150,   75,  639,    0,  156,  725,  592, 1256,  442,  579,  843,  345,  454,  250,  275,   26, 1063,  228,  506,  745,  858,  555,  598,  678, 1032,  123,  833,  298,  578,  446,  503,  746,  769,  965, 1005,  277,  887,  522,  739, 1169,  719,  818,  651,  834,  661,  454,   74,  759,  761,  622,  387,  775, 1088, 1131,  891,  751,  897,  652,  421,  560,  864,  988,  374,  867,  650, 1019,  635,  743,  492],
        [  267,    0,  232,  905,  800,  791,  889,  859,  597,  371,  661,  481,  571, 1088,  642,  861,  401,  670,   72,  476,  510,  469,  622,  575, 1048,  620,  657,  615,  870,  770,  133,  628,  938,  370,  856,   99,  209,  670,  156,    0,  611,  470, 1226,  321,  650,  912,  217,  547,  163,  305,  139, 1064,  155,  542,  806,  722,  651,  542,  701,  971,  216,  914,  358,  579,  422,  420,  819,  654, 1004, 1015,  192,  976,  624,  600, 1153,  654,  698,  533,  816,  521,  425,  228,  738,  689,  513,  410,  702, 1040, 1122,  800,  747,  835,  669,  348,  533,  786,  939,  332,  803,  628, 1030,  696,  691,  434],
        [  752,    0,  702,  939,  621,  326,  820,  917,  477,  418,  755,  140,  588,  645,  156,  908,  376,  251,  660,  812,  705,  288,  164,  268,  775,  878,  129,  591,  324,  160,  521,  156,  407,  402,  763,  575,  726,  649,  725,  611,    0,  145,  806,  291,  775,  941,  394,  794,  476,  575,  723,  789,  499,  613,  834,  211,  860,  297,  638,  479,  678,  989,  636,  509,  427,  255,  894,   44,  893,  785,  450, 1070,  869,  191,  794,  267,   98,   79,  541,  197,  411,  793,  484,  244,  106,  555,  250,  581,  794,  232,  559,  369,  598,  334,  405,  275,  499,  414,  342,  439,  801,  767,  335,  319],
        [  631,    0,  581,  922,  644,  422,  824,  893,  465,  338,  713,   74,  550,  749,  240,  887,  306,  318,  522,  721,  636,  248,  233,  283,  833,  806,  233,  565,  452,  301,  390,  231,  532,  321,  770,  442,  600,  628,  592,  470,  145,    0,  907,  151,  727,  926,  253,  721,  345,  475,  588,  848,  370,  564,  813,  280,  798,  292,  628,  593,  556,  964,  542,  486,  364,  181,  865,  187,  911,  832,  321, 1043,  799,  188,  877,  322,  229,   67,  587,  134,  349,  661,  518,  322,   76,  480,  333,  688,  869,  365,  579,  469,  587,  238,  382,  387,  596,  322,  438,  444,  847,  732,  388,  261],
        [ 1193,    0, 1160,  767,  499,  485,  608,  793,  652,  859,  811,  843,  745,  162,  668,  777,  826,  593, 1235, 1078,  916,  764,  674,  665,  298, 1018,  682,  699,  502,  757, 1094,  676,  424,  858,  576, 1141, 1210,  686, 1256, 1226,  806,  907,    0,  981,  848,  762, 1059,  983, 1064,  987, 1269,  291, 1072,  796,  739,  948,  959,  689,  639,  335, 1146,  838,  991,  686,  812,  830,  808,  791,  556,  370, 1036,  894, 1000,  990,  134,  597,  809,  858,  426, 1001,  806, 1293,  497,  586,  831,  882,  574,  227,  195,  593,  521,  439,  644,  884,  698,  532,  311,  896,  470,  606,  368,  785,  544,  795],
        [  487,    0,  437,  872,  644,  510,  797,  836,  443,  253,  644,  165,  494,  830,  341,  832,  241,  392,  372,  601,  540,  236,  325,  319,  863,  703,  348,  520,  567,  449,  241,  327,  642,  238,  750,  293,  453,  585,  442,  321,  291,  151,  981,    0,  651,  877,  104,  617,  196,  354,  437,  879,  222,  494,  762,  422,  705,  305,  596,  690,  413,  904,  425,  450,  296,  158,  804,  334,  897,  849,  175,  980,  699,  311,  933,  385,  379,  213,  614,  237,  286,  512,  538,  405,  194,  386,  418,  773,  915,  489,  581,  557,  555,  152,  358,  490,  676,  222,  524,  443,  865,  668,  439,  223],
        [  461,    0,  457,  258,  355,  659,  293,  210,  320,  399,   38,  667,  190,  780,  664,  213,  423,  599,  612,  261,  142,  490,  642,  522,  571,  170,  702,  204,  788,  888,  543,  654,  804,  415,  292,  553,  508,  176,  579,  650,  775,  727,  848,  651,    0,  265,  639,  151,  551,  350,  603,  584,  536,  164,  170,  982,  115,  484,  219,  769,  459,  266,  293,  278,  364,  547,  170,  806,  407,  509,  542,  335,  153,  913,  728,  570,  863,  744,  461,  858,  379,  576,  428,  623,  692,  269,  630,  767,  675,  787,  357,  673,  234,  503,  374,  709,  689,  429,  657,  378,  518,   68,  535,  468],
        [  722,    0,  721,    9,  363,  740,  163,   61,  466,  626,  252,  858,  384,  745,  805,   53,  637,  721,  876,  507,  406,  679,  788,  674,  464,  373,  843,  362,  864, 1024,  801,  798,  855,  640,  215,  815,  771,  298,  843,  912,  941,  926,  762,  877,  265,    0,  881,  399,  804,  610,  867,  472,  791,  389,  115, 1151,  312,  647,  304,  793,  723,   77,  557,  441,  581,  749,  100,  963,  217,  393,  791,  145,  357, 1104,  630,  695, 1017,  928,  483, 1059,  592,  837,  494,  740,  876,  516,  744,  755,  569,  892,  408,  737,  344,  725,  546,  803,  705,  663,  732,  504,  394,  219,  640,  669],
        [  405,    0,  356,  876,  687,  600,  820,  836,  480,  261,  637,  267,  503,  913,  437,  834,  267,  479,  271,  549,  514,  298,  419,  395,  919,  666,  447,  537,  665,  553,  154,  423,  738,  251,  777,  199,  364,  601,  345,  217,  394,  253, 1059,  104,  639,  881,    0,  582,  114,  309,  338,  935,  141,  493,  768,  514,  677,  372,  619,  780,  332,  901,  381,  478,  313,  230,  801,  438,  926,  898,  106,  973,  665,  396, 1002,  468,  482,  316,  674,  318,  308,  416,  596,  495,  297,  370,  508,  859,  980,  590,  626,  645,  580,  185,  400,  585,  760,  221,  613,  492,  914,  666,  516,  273],
        [  327,    0,  332,  392,  484,  739,  444,  340,  394,  384,  184,  671,  261,  901,  707,  347,  420,  658,  499,  111,   92,  508,  684,  567,  714,   86,  743,  297,  864,  925,  461,  695,  892,  400,  441,  457,  380,  297,  454,  547,  794,  721,  983,  617,  151,  399,  582,    0,  479,  274,  479,  728,  459,  213,  317,  992,  104,  523,  344,  869,  340,  381,  203,  349,  368,  547,  300,  830,  558,  655,  478,  434,   83,  907,  868,  630,  888,  750,  577,  843,  384,  440,  530,  683,  700,  242,  693,  882,  816,  848,  473,  761,  345,  484,  420,  780,  796,  401,  740,  456,  665,  219,  609,  476],
        [  294,    0,  244,  798,  651,  630,  760,  755,  445,  216,  554,  339,  439,  926,  488,  754,  241,  510,  191,  438,  419,  307,  467,  413,  895,  562,  505,  479,  713,  635,   46,  473,  779,  212,  722,  100,  257,  539,  250,  163,  476,  345, 1064,  196,  551,  804,  114,  479,    0,  207,  249,  911,   27,  419,  692,  617,  578,  380,  564,  809,  220,  816,  277,  432,  269,  262,  718,  520,  871,  866,   30,  886,  562,  504,  994,  493,  569,  402,  658,  427,  270,  318,  580,  529,  373,  288,  543,  877,  965,  648,  595,  674,  528,  187,  375,  628,  777,  175,  641,  471,  881,  586,  529,  271],
        [  213,    0,  174,  603,  521,  621,  587,  557,  336,  169,  358,  439,  275,  869,  529,  559,  215,  513,  279,  248,  214,  315,  505,  408,  773,  358,  558,  322,  730,  724,  194,  514,  780,  182,  558,  207,  223,  372,  275,  305,  575,  475,  987,  354,  350,  610,  309,  274,  207,    0,  292,  789,  188,  240,  502,  754,  371,  364,  407,  786,  160,  616,   73,  305,  192,  322,  519,  616,  703,  731,  205,  682,  356,  657,  897,  488,  672,  517,  563,  587,  205,  306,  491,  537,  472,  113,  549,  831,  858,  687,  477,  656,  379,  243,  300,  641,  733,  162,  628,  384,  746,  392,  497,  274],
        [  160,    0,  148,  860,  813,  865,  869,  810,  622,  414,  621,  588,  565, 1142,  733,  815,  454,  747,   70,  389,  463,  540,  711,  645, 1064,  540,  753,  613,  956,  883,  205,  718, 1018,  419,  844,  150,  101,  660,   26,  139,  723,  588, 1269,  437,  603,  867,  338,  479,  249,  292,    0, 1080,  228,  526,  768,  851,  581,  607,  697, 1040,  146,  858,  320,  595,  458,  506,  770,  767,  986, 1023,  278,  913,  548,  731, 1185,  727,  815,  648,  848,  652,  466,   90,  774,  767,  621,  405,  781, 1099, 1148,  894,  767,  906,  670,  425,  573,  869,  999,  383,  874,  664, 1037,  658,  753,  499],
        [  979,    0,  954,  477,  268,  478,  321,  505,  467,  696,  548,  776,  521,  308,  633,  489,  674,  540, 1058,  832,  675,  644,  629,  569,   17,  751,  661,  473,  562,  797,  931,  636,  513,  700,  297,  970, 1007,  441, 1063, 1064,  789,  848,  291,  879,  584,  472,  935,  728,  911,  789, 1080,    0,  912,  568,  457,  973,  690,  574,  396,  425,  945,  548,  776,  488,  643,  721,  523,  789,  266,   81,  886,  604,  733,  978,  159,  530,  825,  816,  265,  967,  642, 1088,  341,  545,  776,  677,  539,  343,   98,  631,  317,  447,  414,  751,  538,  544,  346,  737,  464,  444,   78,  518,  462,  663],
        [  267,    0,  218,  785,  650,  644,  752,  741,  445,  217,  540,  362,  431,  936,  506,  741,  247,  524,  173,  414,  402,  320,  484,  425,  896,  540,  525,  472,  730,  658,   24,  491,  795,  216,  715,   79,  231,  531,  228,  155,  499,  370, 1072,  222,  536,  791,  141,  459,   27,  188,  228,  912,    0,  408,  680,  643,  558,  391,  558,  822,  193,  801,  256,  429,  269,  279,  703,  543,  864,  864,   50,  869,  541,  530,  999,  506,  593,  427,  662,  453,  272,  294,  584,  544,  396,  276,  558,  888,  968,  667,  595,  687,  523,  201,  379,  644,  788,  178,  655,  474,  880,  573,  539,  282],
        [  413,    0,  391,  383,  304,  527,  348,  344,  182,  242,  151,  504,   52,  701,  508,  341,  261,  451,  518,  288,  127,  327,  486,  366,  552,  282,  546,   98,  653,  731,  421,  497,  680,  256,  319,  443,  444,  134,  506,  542,  613,  564,  796,  494,  164,  389,  493,  213,  419,  240,  526,  568,  408,    0,  275,  819,  252,  325,  174,  659,  384,  411,  211,  137,  202,  384,  310,  645,  464,  504,  404,  487,  269,  750,  691,  422,  702,  581,  378,  695,  216,  523,  322,  476,  529,  133,  485,  676,  646,  641,  277,  548,  155,  344,  217,  570,  588,  276,  528,  244,  517,  175,  397,  305],
        [  630,    0,  623,  110,  286,  651,  139,   85,  357,  512,  148,  746,  269,  698,  701,   75,  523,  621,  772,  427,  306,  567,  683,  568,  446,  312,  740,  249,  779,  924,  691,  694,  777,  525,  163,  708,  675,  186,  745,  806,  834,  813,  739,  762,  170,  115,  768,  317,  692,  502,  768,  457,  680,  275,    0, 1044,  248,  538,  199,  724,  623,  157,  453,  329,  466,  636,   75,  858,  244,  377,  679,  237,  294,  993,  611,  594,  912,  818,  408,  947,  477,  745,  404,  642,  766,  405,  646,  699,  553,  798,  319,  654,  237,  611,  434,  711,  637,  549,  645,  400,  383,  111,  543,  555],
        [  908,    0,  858, 1149,  826,  496, 1028, 1127,  687,  609,  963,  321,  796,  787,  356, 1118,  572,  449,  783,  999,  904,  492,  369,  478,  961, 1076,  320,  800,  447,  192,  661,  359,  525,  593,  971,  711,  874,  859,  858,  722,  211,  280,  948,  422,  982, 1151,  514,  992,  617,  754,  851,  973,  643,  819, 1044,    0, 1063,  507,  848,  614,  833, 1199,  820,  718,  627,  445, 1104,  192, 1097,  978,  596, 1280, 1068,  126,  957,  469,  148,  242,  738,  203,  611,  930,  687,  437,  292,  751,  439,  722,  966,  357,  765,  532,  808,  514,  614,  433,  655,  598,  512,  649,  993,  976,  535,  518],
        [  427,    0,  435,  304,  469,  768,  385,  252,  424,  462,  152,  744,  290,  894,  759,  262,  493,  700,  602,  200,  165,  572,  737,  617,  677,   64,  797,  312,  896,  982,  561,  748,  915,  478,  394,  560,  481,  290,  555,  651,  860,  798,  959,  705,  115,  312,  677,  104,  578,  371,  581,  690,  558,  252,  248, 1063,    0,  576,  334,  882,  443,  284,  302,  380,  437,  620,  213,  893,  492,  613,  574,  333,   47,  985,  838,  672,  951,  822,  575,  925,  453,  538,  541,  725,  771,  321,  733,  881,  783,  890,  472,  784,  347,  565,  468,  815,  803,  485,  767,  484,  621,  175,  641,  545],
        [  573,    0,  529,  644,  353,  260,  534,  621,  182,  200,  461,  219,  294,  547,  184,  612,  155,  149,  561,  564,  432,   75,  161,   46,  559,  602,  221,  294,  366,  406,  414,  173,  418,  191,  480,  466,  570,  353,  598,  542,  297,  292,  689,  305,  484,  647,  372,  523,  380,  364,  607,  574,  391,  325,  538,  507,  576,    0,  344,  434,  509,  693,  404,  212,  175,  148,  597,  324,  620,  549,  351,  774,  591,  459,  631,  124,  380,  283,  310,  423,  161,  650,  235,  173,  232,  301,  186,  498,  611,  331,  288,  300,  304,  196,  110,  277,  397,  225,  269,  153,  565,  471,  149,  109],
        [  586,    0,  564,  301,  141,  460,  202,  283,  164,  359,  183,  558,  133,  562,  503,  273,  357,  422,  684,  441,  281,  382,  485,  371,  381,  387,  541,   87,  588,  725,  574,  496,  595,  369,  159,  603,  617,   48,  678,  701,  638,  628,  639,  596,  219,  304,  619,  344,  564,  407,  697,  396,  558,  174,  199,  848,  334,  344,    0,  553,  557,  355,  384,  146,  307,  456,  267,  660,  309,  330,  544,  436,  370,  803,  527,  396,  714,  626,  242,  762,  314,  696,  216,  444,  575,  295,  449,  548,  478,  602,  140,  467,   42,  446,  247,  517,  472,  400,  455,  201,  344,  169,  346,  377],
