{
    "name": "random-63-27799",
    "comment": "size=63 seed=27799",
    "nodes": ["+0", "-0", "+1", "-1", "+2", "-2", "+3", "-3", "+4", "-4", "+5", "-5", "+6", "-6", "+7", "-7", "+8", "-8", "+9", "-9", "+10", "-10", "+11", "-11", "+12", "-12", "+13", "-13", "+14", "-14", "+15", "-15", "+16", "-16", "+17", "-17", "+18", "-18", "+19", "-19", "+20", "-20", "+21", "-21", "+22", "-22", "+23", "-23", "+24", "-24", "+25", "-25", "+26", "-26", "+27", "-27", "+28", "-28", "+29", "-29", "+30", "-30", "+31", "-31", "+32", "-32", "+33", "-33", "+34", "-34", "+35", "-35", "+36", "-36", "+37", "-37", "+38", "-38", "+39", "-39", "+40", "-40", "+41", "-41", "+42", "-42", "+43", "-43", "+44", "-44", "+45", "-45", "+46", "-46", "+47", "-47", "+48", "-48", "+49", "-49", "+50", "-50", "+51", "-51", "+52", "-52", "+53", "-53", "+54", "-54", "+55", "-55", "+56", "-56", "+57", "-57", "+58", "-58", "+59", "-59", "+60", "-60", "+61", "-61", "+62", "-62", "+63", "-63"],
    "precedence": {
        "+0": "-0",
        "+1": "-1",
        "+2": "-2",
        "+3": "-3",
        "+4": "-4",
        "+5": "-5",
        "+6": "-6",
        "+7": "-7",
        "+8": "-8",
        "+9": "-9",
        "+10": "-10",
        "+11": "-11",
        "+12": "-12",
        "+13": "-13",
        "+14": "-14",
        "+15": "-15",
        "+16": "-16",
        "+17": "-17",
        "+18": "-18",
        "+19": "-19",
        "+20": "-20",
        "+21": "-21",
        "+22": "-22",
        "+23": "-23",
        "+24": "-24",
        "+25": "-25",
        "+26": "-26",
        "+27": "-27",
        "+28": "-28",
        "+29": "-29",
        "+30": "-30",
        "+31": "-31",
        "+32": "-32",
        "+33": "-33",
        "+34": "-34",
        "+35": "-35",
        "+36": "-36",
        "+37": "-37",
        "+38": "-38",
        "+39": "-39",
        "+40": "-40",
        "+41": "-41",
        "+42": "-42",
        "+43": "-43",
        "+44": "-44",
        "+45": "-45",
        "+46": "-46",
        "+47": "-47",
        "+48": "-48",
        "+49": "-49",
        "+50": "-50",
        "+51": "-51",
        "+52": "-52",
        "+53": "-53",
        "+54": "-54",
        "+55": "-55",
        "+56": "-56",
        "+57": "-57",
        "+58": "-58",
        "+59": "-59",
        "+60": "-60",
        "+61": "-61",
        "+62": "-62",
        "+63": "-63"
    },
    "edges": [
        [    0,    0,  811,  897,  618,  380,  472,  692,  785,  497,  388,  270,  321,  609,  739,  327,  709,  518,  717,  603,  150,  599,  226,  807,  695,  759,  384,  727,  901,  260,  803,  130,  429,  725,  629,  464,  635,  589,  693,  618,  704,  747,  734,  624,   58,  624,  212,  499,  483,  462,  356,  528,   61,  439,  472,  302,  693,  313,  667,  298,  318,  114,  586,  141,  126,  459,  101,  101,  613,  646,  803,  818,  728,  186,  305,  216,  541,  612,  753,  494,  706,  166,  662,  542,  834,  234,  596,  266,  344,  214,  451,  754,  182,  157,  676,  460,  202,  558,  482,  630,  312,  631,  708,  576,  530,  656,  758,  350,  861,  603,  799,  521,  343,  806,  512,  619,  455,  566,  838,  417,  617,  452,  226,  455,  193,  839,  565,  217],
        [    0,    0,    0,    0,    0,    0,    0,    0,    0,    0,    0,    0,    0,    0,    0,    0,    0,    0,    0,    0,    0,    0,    0,    0,    0,    0,    0,    0,    0,    0,    0,    0,    0,    0,    0,    0,    0,    0,    0,    0,    0,    0,    0,    0,    0,    0,    0,    0,    0,    0,    0,    0,    0,    0,    0,    0,    0,    0,    0,    0,    0,    0,    0,    0,    0,    0,    0,    0,    0,    0,    0,    0,    0,    0,    0,    0,    0,    0,    0,    0,    0,    0,    0,    0,    0,    0,    0,    0,    0,    0,    0,    0,    0,    0,    0,    0,    0,    0,    0,    0,    0,    0,    0,    0,    0,    0,    0,    0,    0,    0,    0,    0,    0,    0,    0,    0,    0,    0,    0,    0,    0,    0,    0,    0,    0,    0,    0,    0],
        [  811,    0,    0,  301,  264,  553,  422,  219,  701,  469,  850,  814,  851,  458,  354,  627,  339,  313,  131,  764,  735,  522,  791,  665,  224,  623,  698,  513,  675,  553,  300,  914,  774,  444,  648,  738,  176,  501,  121,  485,  395,  716,  392,  756,  760,  711,  804,  348,  764,  749,  873,  406,  841,  616,  447,  673,  251,  979,  277,  846,  515,  917,  329,  706,  689,  815,  715,  762,  232,  225,  391,  491,  348,  887,  513, 1016,  756,  550,  320, 1134,  277,  754,  714, 1171,  315,  613,  519,  571,  471,  598,  365,  719,  951,  887,  499,  472,  836,  414,  350,  459,  743,  302,  739,  502,  450,  165,   95,  977,  544,  294,  476,  294,  532,  338,  518,  803,  868,  534,  147,  502,  482,  785,  742,  357,  684,  453,  447, 1011],
        [  897,    0,  301,    0,  517,  545,  428,  218,  987,  426, 1046,  805, 1030,  344,  646,  815,  202,  511,  407, 1017,  869,  398,  949,  955,  505,  910,  651,  800,  973,  648,   99,  969,  705,  733,  913,  962,  369,  387,  356,  753,  681,  996,  684, 1013,  840,  972,  957,  404,  673,  973, 1059,  645,  908,  838,  434,  854,  533,  972,  552,  828,  668,  985,  312,  765,  773, 1033,  796,  821,  470,  484,  690,  789,  639,  912,  646, 1113,  996,  816,  154, 1307,  564,  788,  981, 1349,   75,  667,  397,  715,  604,  695,  474, 1000,  993, 1012,  779,  692,  852,  664,  427,  331,  928,  267, 1012,  760,  394,  399,  242, 1144,  843,  546,  772,  420,  560,  637,  759, 1056,  793,  426,  154,  496,  750,  707,  755,  499,  827,  752,  367, 1113],
        [  618,    0,  264,  517,    0,  480,  381,  333,  478,  453,  591,  698,  599,  505,  180,  378,  453,  112,  134,  505,  514,  559,  551,  453,   78,  404,  630,  298,  494,  384,  473,  737,  716,  240,  397,  474,  157,  535,  164,  236,  188,  482,  204,  499,  576,  456,  566,  298,  725,  486,  618,  143,  661,  353,  413,  424,   80,  848,   66,  735,  302,  731,  359,  545,  509,  552,  535,  595,   52,   39,  248,  323,  168,  735,  317,  804,  493,  299,  463,  880,  105,  608,  464,  915,  500,  471,  555,  356,  284,  420,  248,  487,  782,  663,  268,  213,  697,  152,  277,  516,  491,  366,  495,  245,  453,  119,  279,  728,  381,   31,  302,  206,  431,  221,  254,  545,  805,  554,  378,  442,  233,  733,  617,  204,  459,  309,  470,  796],
        [  380,    0,  553,  545,  480,    0,  133,  370,  862,  122,  660,  268,  614,  231,  655,  465,  346,  373,  511,  765,  412,  221,  512,  860,  543,  806,  152,  727,  930,  207,  447,  429,  237,  690,  723,  650,  401,  210,  459,  623,  646,  843,  670,  776,  323,  753,  512,  208,  248,  656,  650,  485,  377,  554,  114,  481,  557,  436,  545,  297,  317,  450,  246,  240,  271,  691,  287,  289,  444,  485,  725,  784,  642,  367,  273,  591,  717,  656,  393,  853,  584,  246,  781,  900,  476,  154,  219,  325,  262,  233,  233,  850,  450,  522,  679,  464,  308,  522,  214,  251,  542,  289,  827,  597,  156,  444,  473,  695,  841,  484,  763,  286,   66,  701,  550,  796,  328,  190,  525,   52,  620,  254,  210,  279,  395,  781,  189,  595],
        [  472,    0,  422,  428,  381,  133,    0,  240,  807,   76,  686,  400,  653,  170,  560,  467,  238,  285,  390,  745,  465,  200,  558,  798,  435,  744,  277,  654,  858,  239,  332,  542,  357,  608,  682,  646,  278,  179,  334,  559,  560,  796,  581,  751,  414,  721,  562,   86,  354,  654,  686,  418,  481,  536,   33,  495,  452,  568,  445,  429,  307,  557,  118,  338,  350,  700,  372,  393,  338,  378,  628,  698,  547,  491,  270,  688,  704,  602,  282,  913,  482,  363,  745,  958,  363,  240,  196,  337,  240,  282,  147,  802,  569,  597,  610,  418,  434,  454,  104,  190,  565,  163,  788,  541,   90,  325,  340,  750,  756,  391,  677,  175,  133,  598,  505,  779,  450,  185,  395,   81,  556,  370,  337,  199,  434,  689,  122,  689],
        [  692,    0,  219,  218,  333,  370,  240,    0,  810,  267,  830,  637,  813,  240,  491,  598,  129,  302,  258,  814,  654,  304,  732,  785,  344,  736,  502,  629,  819,  437,  146,  775,  572,  567,  719,  750,  176,  284,  192,  565,  514,  813,  524,  812,  636,  773,  740,  194,  555,  760,  841,  443,  710,  627,  257,  637,  371,  806,  382,  666,  451,  787,  126,  567,  567,  819,  592,  624,  282,  306,  547,  639,  481,  729,  430,  907,  789,  624,  131, 1089,  404,  600,  787, 1132,  177,  468,  301,  498,  387,  485,  257,  817,  805,  799,  600,  482,  673,  468,  213,  240,  711,   88,  822,  565,  243,  220,  125,  927,  696,  358,  619,  203,  368,  501,  555,  852,  666,  318,  156,  318,  562,  581,  576,  282,  611,  612,  233,  906],
        [  785,    0,  701,  987,  478,  862,  807,  810,    0,  883,  489,  989,  549,  960,  349,  462,  928,  533,  581,  227,  636, 1004,  588,   55,  483,   78,  991,  189,  146,  681,  949,  911, 1074,  257,  156,  345,  634,  981,  633,  251,  307,   50,  310,  201,  776,  175,  607,  738, 1102,  353,  538,  390,  844,  348,  838,  483,  455, 1090,  435, 1026,  557,  886,  822,  798,  738,  398,  755,  824,  529,  507,  332,  239,  353,  962,  599,  873,  281,  207,  940,  742,  425,  871,  138,  755,  976,  776, 1000,  575,  602,  685,  661,   46,  965,  725,  211,  399,  952,  356,  711,  974,  489,  837,  107,  267,  893,  594,  746,  656,  219,  453,  245,  655,  798,  386,  313,  244, 1146,  992,  839,  842,  254, 1095,  908,  609,  595,  292,  918,  857],
        [  497,    0,  469,  426,  453,  122,   76,  267,  883,    0,  744,  381,  706,  115,  633,  532,  225,  360,  453,  816,  511,  129,  608,  873,  504,  819,  236,  729,  933,  289,  327,  551,  307,  683,  756,  713,  341,  110,  392,  635,  634,  871,  655,  823,  440,  794,  610,  156,  296,  721,  741,  494,  497,  606,   46,  556,  523,  549,  518,  405,  373,  571,  143,  358,  382,  763,  400,  409,  409,  449,  701,  772,  620,  488,  333,  710,  773,  677,  273,  958,  553,  368,  819, 1004,  355,  265,  125,  397,  307,  327,  222,  876,  571,  633,  686,  492,  427,  530,  178,  136,  623,  180,  862,  616,   34,  389,  381,  797,  831,  465,  751,  247,  158,  669,  579,  850,  401,  110,  420,   81,  632,  317,  331,  275,  485,  762,   68,  713],
        [  388,    0,  850, 1046,  591,  660,  686,  830,  489,  744,    0,  651,   73,  854,  616,  232,  901,  546,  724,  267,  264,  870,  165,  529,  654,  497,  729,  521,  630,  458,  970,  492,  792,  555,  354,  154,  696,  853,  735,  444,  564,  442,  591,  292,  411,  315,  177,  663,  839,  143,   50,  450,  445,  244,  704,  194,  637,  694,  605,  682,  386,  457,  767,  475,  416,   93,  417,  469,  618,  630,  656,  622,  609,  572,  418,  400,  209,  398,  934,  294,  630,  534,  352,  325, 1002,  515,  866,  350,  454,  427,  581,  448,  542,  269,  481,  379,  589,  455,  635,  874,  122,  804,  390,  403,  770,  687,  838,  169,  644,  563,  610,  627,  598,  685,  355,  265,  834,  843,  937,  671,  444,  816,  590,  549,  267,  663,  805,  383],
        [  270,    0,  814,  805,  698,  268,  400,  637,  989,  381,  651,    0,  586,  470,  857,  534,  604,  587,  757,  837,  391,  434,  486, 1000,  770,  948,  167,  891, 1085,  325,  707,  231,  174,  871,  836,  702,  652,  434,  712,  780,  836,  958,  864,  855,  241,  846,  475,  467,  231,  703,  623,  658,  225,  645,  382,  526,  778,  169,  759,   39,  444,  267,  513,  192,  255,  713,  243,  182,  673,  713,  927,  967,  845,  134,  407,  421,  778,  794,  651,  753,  800,  121,  881,  801,  733,  231,  433,  416,  425,  307,  465,  965,  224,  423,  840,  611,   78,  695,  466,  487,  559,  556,  928,  744,  412,  690,  738,  618, 1019,  694,  947,  531,  283,  914,  685,  859,  186,  399,  793,  320,  778,  193,   84,  498,  411,  976,  439,  432],
        [  321,    0,  851, 1030,  599,  614,  653,  813,  549,  706,   73,  586,    0,  818,  644,  225,  875,  541,  729,  332,  208,  829,  105,  587,  667,  551,  673,  564,  688,  418,  949,  421,  733,  591,  408,  206,  690,  813,  734,  477,  594,  503,  623,  357,  347,  375,  112,  637,  782,  197,   38,  463,  376,  269,  668,  180,  652,  624,  621,  616,  363,  385,  741,  417,  360,  161,  358,  406,  621,  637,  690,  665,  636,  503,  390,  331,  271,  439,  911,  283,  649,  472,  413,  322,  982,  465,  826,  320,  429,  383,  559,  510,  471,  197,  521,  388,  522,  474,  611,  839,  109,  780,  453,  434,  734,  687,  832,  131,  691,  573,  652,  611,  555,  714,  380,  334,  771,  801,  929,  630,  477,  756,  529,  532,  221,  703,  769,  314],
        [  609,    0,  458,  344,  505,  231,  170,  240,  960,  115,  854,  470,  818,    0,  682,  637,  147,  428,  474,  911,  625,   65,  721,  945,  543,  892,  309,  795,  997,  401,  248,  657,  362,  743,  842,  816,  368,   46,  408,  709,  692,  952,  708,  916,  552,  885,  723,  223,  332,  823,  852,  570,  607,  703,  151,  664,  565,  634,  566,  489,  477,  679,  148,  469,  496,  869,  514,  519,  456,  492,  746,  827,  670,  587,  439,  821,  872,  757,  193, 1072,  598,  473,  907, 1118,  270,  379,   62,  505,  409,  440,  305,  957,  673,  747,  756,  580,  525,  604,  251,   21,  733,  158,  948,  696,   85,  419,  364,  911,  886,  522,  806,  306,  272,  708,  665,  946,  451,   85,  375,  195,  706,  365,  431,  355,  598,  810,   50,  825],
        [  739,    0,  354,  646,  180,  655,  560,  491,  349,  633,  616,  857,  644,  682,    0,  446,  617,  282,  242,  451,  613,  737,  623,  311,  147,  271,  803,  162,  330,  534,  620,  865,  889,   93,  324,  473,  320,  713,  302,  176,   55,  369,   40,  437,  706,  390,  641,  477,  902,  485,  653,  212,  789,  375,  592,  490,  121,  998,  116,  895,  429,  853,  535,  690,  644,  553,  669,  735,  226,  191,   71,  148,   13,  879,  456,  902,  463,  235,  620,  909,   87,  758,  383,  937,  644,  627,  733,  476,  434,  562,  424,  371,  914,  752,  162,  283,  847,  184,  456,  692,  542,  537,  399,  214,  632,  272,  408,  773,  207,  171,  129,  386,  602,   71,  264,  489,  976,  733,  495,  619,  174,  907,  774,  376,  559,  129,  648,  891],
        [  327,    0,  627,  815,  378,  465,  467,  598,  462,  532,  232,  534,  225,  637,  446,    0,  672,  317,  505,  309,  182,  660,  179,  481,  448,  432,  564,  405,  574,  260,  739,  456,  641,  412,  306,  186,  467,  641,  510,  300,  401,  428,  432,  324,  315,  312,  196,  435,  678,  192,  248,  247,  386,  114,  489,   47,  435,  629,  404,  570,  161,  434,  540,  342,  280,  233,  295,  364,  396,  414,  501,  500,  436,  501,  199,  459,  255,  286,  704,  507,  436,  414,  347,  545,  771,  341,  656,  141,  229,  246,  352,  435,  509,  308,  355,  170,  492,  265,  407,  656,  117,  575,  395,  256,  555,  463,  609,  352,  539,  352,  483,  396,  400,  516,  192,  336,  702,  636,  707,  466,  299,  663,  457,  317,  135,  528,  588,  447],
        [  709,    0,  339,  202,  453,  346,  238,  129,  928,  225,  901,  604,  875,  147,  617,  672,    0,  405,  386,  915,  698,  208,  786,  906,  471,  855,  450,  751,  944,  472,  103,  773,  508,  691,  828,  838,  299,  193,  321,  680,  638,  928,  649,  915,  652,  879,  791,  239,  479,  847,  907,  551,  716,  717,  239,  707,  497,  771,  506,  627,  515,  791,  134,  574,  588,  901,  609,  628,  402,  430,  675,  765,  607,  713,  486,  925,  884,  736,   48, 1143,  530,  591,  895, 1188,  130,  476,  206,  556,  448,  517,  321,  933,  795,  834,  718,  579,  652,  579,  266,  139,  780,   99,  933,  676,  193,  346,  245,  980,  823,  476,  746,  289,  368,  630,  658,  952,  597,  231,  234,  299,  677,  511,  556,  360,  662,  740,  166,  926],
        [  518,    0,  313,  511,  112,  373,  285,  302,  533,  360,  546,  587,  541,  428,  282,  317,  405,    0,  202,  513,  426,  475,  478,  518,  185,  465,  522,  370,  574,  275,  448,  633,  608,  323,  424,  451,  150,  452,  194,  282,  276,  527,  299,  512,  473,  475,  491,  208,  620,  462,  565,  147,  557,  327,  317,  362,  192,  738,  174,  624,  207,  630,  290,  436,  404,  523,  430,  488,   96,  130,  352,  415,  269,  627,  214,  713,  487,  334,  425,  824,  215,  498,  491,  862,  479,  360,  471,  263,  177,  313,  143,  533,  677,  578,  329,  181,  587,  177,  183,  442,  434,  309,  529,  272,  365,  149,  293,  666,  473,  112,  394,  123,  322,  331,  254,  551,  696,  466,  392,  338,  279,  626,  505,   95,  374,  409,  387,  706],
        [  717,    0,  131,  407,  134,  511,  390,  258,  581,  453,  724,  757,  729,  474,  242,  505,  386,  202,    0,  634,  628,  535,  675,  549,   99,  504,  662,  394,  570,  467,  380,  829,  745,  327,  520,  608,  113,  512,   67,  356,  275,  593,  278,  626,  670,  582,  689,  306,  744,  620,  749,  277,  754,  487,  420,  552,  127,  917,  149,  792,  409,  828,  329,  626,  600,  686,  627,  680,  110,   95,  292,  387,  234,  813,  413,  914,  625,  421,  383, 1010,  157,  682,  586, 1046,  403,  540,  531,  464,  374,  509,  293,  596,  870,  779,  375,  345,  768,  283,  298,  480,  621,  319,  613,  372,  443,   68,  167,  857,  444,  164,  369,  227,  476,  245,  387,  673,  837,  539,  258,  465,  353,  759,  680,  268,  574,  356,  450,  908],
        [  603,    0,  764, 1017,  505,  765,  745,  814,  227,  816,  267,  837,  332,  911,  451,  309,  915,  513,  634,    0,  456,  944,  388,  273,  543,  252,  872,  312,  372,  564,  959,  724,  949,  368,  129,  140,  648,  923,  668,  284,  398,  178,  417,   26,  606,   66,  406,  692,  986,  143,  316,  373,  664,  212,  771,  312,  518,  916,  490,  873,  449,  693,  791,  647,  584,  175,  595,  661,  548,  543,  468,  405,  449,  788,  493,  662,   63,  219,  937,  518,  499,  717,   93,  533,  990,  649,  940,  446,  511,  554,  608,  184,  777,  519,  292,  336,  789,  355,  663,  929,  292,  817,  124,  262,  834,  622,  783,  431,  411,  475,  400,  626,  699,  511,  259,   40, 1010,  924,  882,  759,  286,  972,  763,  560,  427,  455,  864,  645],
        [  150,    0,  735,  869,  514,  412,  465,  654,  636,  511,  264,  391,  208,  625,  613,  182,  698,  426,  628,  456,    0,  630,  103,  659,  590,  611,  466,  586,  754,  227,  781,  277,  529,  589,  480,  317,  562,  615,  615,  479,  573,  598,  604,  476,  153,  475,  101,  466,  576,  316,  245,  404,  210,  291,  476,  153,  583,  460,  554,  425,  221,  253,  566,  211,  153,  322,  153,  210,  519,  546,  673,  679,  602,  332,  228,  292,  395,  467,  738,  448,  591,  272,  512,  494,  814,  260,  627,  165,  271,  185,  398,  605,  330,  152,  535,  331,  335,  430,  443,  646,  169,  608,  559,  435,  541,  573,  697,  287,  720,  494,  661,  462,  356,  682,  371,  474,  573,  600,  787,  433,  478,  552,  326,  386,   56,  705,  577,  283],
        [  599,    0,  522,  398,  559,  221,  200,  304, 1004,  129,  870,  434,  829,   65,  737,  660,  208,  475,  535,  944,  630,    0,  729,  992,  600,  939,  268,  845, 1047,  413,  304,  634,  310,  794,  881,  842,  428,   24,  470,  754,  744,  994,  762,  950,  543,  921,  730,  268,  276,  849,  864,  614,  590,  734,  174,  683,  622,  593,  621,  449,  501,  659,  207,  458,  492,  891,  507,  504,  511,  548,  803,  881,  725,  557,  461,  806,  901,  800,  250, 1074,  654,  453,  945, 1121,  324,  375,    5,  524,  435,  447,  344, 1000,  645,  743,  804,  617,  494,  649,  294,   70,  749,  222,  987,  738,  112,  478,  428,  915,  939,  574,  860,  356,  274,  766,  704,  978,  396,   35,  438,  199,  751,  310,  405,  396,  608,  865,   89,  811],
        [  226,    0,  791,  949,  551,  512,  558,  732,  588,  608,  165,  486,  105,  721,  623,  179,  786,  478,  675,  388,  103,  729,    0,  618,  623,  576,  568,  569,  717,  320,  865,  338,  629,  584,  436,  249,  623,  714,  671,  470,  578,  546,  608,  411,  246,  418,   20,  550,  678,  245,  142,  425,  284,  264,  571,  134,  612,  536,  582,  517,  284,  306,  652,  313,  255,  235,  254,  304,  565,  586,  677,  667,  613,  411,  303,  291,  325,  444,  823,  359,  615,  370,  457,  403,  897,  362,  726,  234,  345,  282,  476,  553,  390,  139,  521,  348,  424,  443,  525,  742,  100,  693,  501,  425,  636,  626,  762,  196,  701,  527,  651,  533,  455,  693,  364,  399,  670,  700,  856,  531,  469,  652,  426,  455,  124,  699,  672,  277],
        [  807,    0,  665,  955,  453,  860,  798,  785,   55,  873,  529, 1000,  587,  945,  311,  481,  906,  518,  549,  273,  659,  992,  618,    0,  451,   55,  993,  157,  102,  686,  922,  935, 1078,  222,  183,  381,  609,  969,  604,  240,  275,  102,  273,  248,  794,  215,  637,  725, 1103,  390,  578,  380,  866,  368,  829,  507,  423, 1108,  406, 1038,  562,  910,  805,  811,  752,  440,  771,  840,  505,  480,  287,  190,  317,  980,  604,  906,  323,  208,  915,  790,  392,  884,  181,  803,  948,  783,  988,  585,  602,  695,  652,   98,  988,  756,  190,  399,  967,  344,  699,  959,  519,  817,  157,  264,  882,  567,  714,  697,  165,  430,  199,  639,  798,  342,  317,  294, 1153,  981,  805,  838,  242, 1099,  919,  599,  615,  243,  905,  891],
        [  695,    0,  224,  505,   78,  543,  435,  344,  483,  504,  654,  770,  667,  543,  147,  448,  471,  185,   99,  543,  590,  600,  623,  451,    0,  406,  695,  296,  476,  460,  474,  814,  780,  229,  426,  529,  176,  577,  155,  262,  177,  495,  182,  534,  653,  489,  639,  350,  785,  541,  684,  205,  738,  412,  466,  495,   29,  922,   54,  807,  379,  808,  395,  621,  585,  608,  612,  672,   99,   58,  206,  295,  138,  811,  393,  880,  539,  328,  473,  945,   61,  683,  491,  979,  499,  544,  596,  433,  360,  496,  312,  499,  859,  738,  278,  280,  772,  202,  334,  552,  559,  394,  516,  282,  500,  126,  264,  796,  353,   97,  276,  260,  498,  166,  306,  582,  870,  600,  356,  502,  259,  796,  689,  273,  535,  270,  513,  872],
        [  759,    0,  623,  910,  404,  806,  744,  736,   78,  819,  497,  948,  551,  892,  271,  432,  855,  465,  504,  252,  611,  939,  576,   55,  406,    0,  939,  111,  143,  633,  874,  887, 1023,  180,  144,  346,  560,  915,  557,  185,  230,  105,  232,  228,  744,  189,  595,  671, 1049,  356,  545,  326,  817,  320,  774,  460,  378, 1058,  359,  986,  509,  864,  752,  759,  701,  410,  720,  789,  455,  431,  257,  169,  276,  930,  550,  865,  295,  155,  866,  767,  348,  832,  161,  783,  900,  729,  934,  533,  548,  642,  598,  105,  940,  714,  137,  345,  916,  290,  645,  906,  477,  765,  151,  209,  828,  518,  669,  666,  162,  379,  172,  586,  743,  310,  264,  279, 1099,  927,  761,  783,  188, 1044,  866,  545,  566,  222,  851,  850],
        [  384,    0,  698,  651,  630,  152,  277,  502,  991,  236,  729,  167,  673,  309,  803,  564,  450,  522,  662,  872,  466,  268,  568,  993,  695,  939,    0,  867, 1069,  312,  553,  385,   87,  834,  846,  747,  552,  271,  609,  760,  792,  968,  817,  886,  337,  868,  562,  357,  115,  750,  710,  625,  357,  666,  251,  570,  708,  325,  695,  181,  435,  416,  377,  258,  314,  775,  317,  284,  596,  637,  873,  929,  790,  297,  392,  569,  819,  786,  497,  878,  734,  219,  900,  926,  578,  224,  268,  427,  392,  319,  383,  975,  387,  540,  818,  595,  235,  663,  366,  326,  620,  416,  946,  730,  264,  595,  613,  730,  985,  633,  908,  438,  202,  851,  678,  900,  176,  235,  655,  198,  757,  106,  161,  428,  466,  929,  285,  577],
        [  727,    0,  513,  800,  298,  727,  654,  629,  189,  729,  521,  891,  564,  795,  162,  405,  751,  370,  394,  312,  586,  845,  569,  157,  296,  111,  867,    0,  205,  569,  766,  856,  952,   70,  184,  369,  453,  821,  448,  112,  120,  208,  123,  294,  705,  248,  588,  578,  973,  380,  565,  243,  783,  305,  685,  441,  268, 1014,  250,  930,  448,  837,  653,  708,  654,  444,  676,  745,  350,  324,  159,  102,  166,  888,  486,  858,  338,  126,  759,  806,  238,  780,  233,  829,  792,  666,  841,  481,  476,  585,  509,  210,  908,  706,   52,  281,  867,  205,  552,  808,  475,  663,  242,  152,  735,  410,  559,  688,  135,  276,   91,  490,  667,  207,  216,  347, 1032,  836,  651,  700,  114,  972,  808,  456,  536,  145,  757,  845],
        [  901,    0,  675,  973,  494,  930,  858,  819,  146,  933,  630, 1085,  688,  997,  330,  574,  944,  574,  570,  372,  754, 1047,  717,  102,  476,  143, 1069,  205,    0,  767,  949, 1030, 1154,  255,  282,  482,  645, 1024,  631,  309,  307,  196,  296,  347,  886,  316,  737,  781, 1176,  491,  679,  446,  959,  463,  889,  603,  449, 1199,  438, 1123,  644, 1007,  852,  898,  841,  541,  861,  930,  545,  514,  285,  185,  339, 1072,  683, 1006,  424,  293,  948,  888,  416,  971,  281,  901,  973,  863, 1043,  671,  677,  778,  713,  192, 1083,  856,  252,  477, 1056,  409,  756, 1009,  618,  860,  253,  342,  939,  599,  736,  798,  134,  475,  202,  692,  870,  339,  401,  390, 1232, 1039,  820,  904,  312, 1174, 1003,  661,  709,  226,  959,  991],
        [  260,    0,  553,  648,  384,  207,  239,  437,  681,  289,  458,  325,  418,  401,  534,  260,  472,  275,  467,  564,  227,  413,  320,  686,  460,  633,  312,  569,  767,    0,  558,  363,  394,  546,  534,  445,  378,  396,  437,  459,  511,  657,  540,  576,  208,  557,  323,  245,  425,  450,  453,  334,  289,  355,  251,  275,  464,  466,  442,  364,  125,  365,  341,  162,  136,  485,  163,  214,  369,  405,  603,  643,  522,  352,   84,  472,  513,  479,  513,  675,  482,  225,  588,  720,  590,   97,  409,  119,  102,   48,  191,  663,  404,  364,  518,  290,  314,  370,  225,  422,  338,  384,  635,  425,  317,  403,  498,  512,  695,  376,  622,  261,  142,  593,  370,  593,  467,  386,  580,  214,  457,  416,  242,  200,  197,  651,  352,  470],
        [  803,    0,  300,   99,  473,  447,  332,  146,  949,  327,  970,  707,  949,  248,  620,  739,  103,  448,  380,  959,  781,  304,  865,  922,  474,  874,  553,  766,  949,  558,    0,  872,  609,  702,  863,  895,  317,  292,  320,  707,  649,  954,  655,  958,  746,  918,  871,  316,  578,  905,  980,  588,  812,  772,  337,  776,  502,  874,  517,  729,  587,  889,  218,  670,  680,  962,  702,  725,  423,  443,  671,  767,  612,  814,  562, 1019,  934,  768,   56, 1223,  534,  690,  931, 1266,   33,  571,  303,  632,  521,  604,  391,  959,  896,  922,  739,  628,  754,  612,  340,  236,  850,  174,  965,  709,  295,  356,  218, 1060,  823,  500,  749,  344,  464,  621,  701,  998,  698,  331,  166,  399,  704,  612,  657,  422,  742,  735,  269, 1019],
        [  130,    0,  914,  969,  737,  429,  542,  775,  911,  551,  492,  231,  421,  657,  865,  456,  773,  633,  829,  724,  277,  634,  338,  935,  814,  887,  385,  856, 1030,  363,  872,    0,  404,  854,  756,  584,  739,  629,  799,  747,  831,  873,  862,  745,  161,  748,  322,  584,  462,  581,  453,  654,   77,  567,  536,  429,  814,  205,  789,  244,  439,   41,  660,  210,  230,  571,  203,  153,  728,  762,  930,  946,  853,  103,  421,  190,  661,  741,  820,  535,  828,  184,  786,  582,  902,  308,  632,  390,  456,  321,  549,  880,   54,  229,  805,  588,  154,  685,  573,  676,  432,  705,  832,  705,  584,  765,  853,  417,  990,  724,  928,  621,  410,  931,  641,  736,  403,  600,  926,  475,  746,  424,  230,  562,  322,  968,  617,  202],
        [  429,    0,  774,  705,  716,  237,  357,  572, 1074,  307,  792,  174,  733,  362,  889,  641,  508,  608,  745,  949,  529,  310,  629, 1078,  780, 1023,   87,  952, 1154,  394,  609,  404,    0,  920,  927,  821,  634,  319,  690,  845,  878, 1050,  903,  963,  389,  948,  622,  439,   58,  824,  770,  711,  392,  745,  329,  643,  793,  299,  781,  168,  518,  440,  449,  318,  378,  844,  376,  332,  681,  722,  960, 1015,  877,  306,  475,  593,  894,  870,  554,  921,  820,  265,  980,  968,  631,  302,  310,  506,  477,  396,  469, 1057,  395,  586,  903,  679,  251,  748,  449,  375,  689,  485, 1027,  815,  331,  678,  688,  779, 1071,  719,  994,  522,  288,  937,  762,  975,   94,  280,  723,  281,  843,   24,  206,  514,  535, 1015,  346,  604],
        [  725,    0,  444,  733,  240,  690,  608,  567,  257,  683,  555,  871,  591,  743,   93,  412,  691,  323,  327,  368,  589,  794,  584,  222,  229,  180,  834,   70,  255,  546,  702,  854,  920,    0,  240,  406,  392,  771,  383,  116,   54,  276,   54,  352,  698,  305,  603,  529,  937,  419,  596,  213,  779,  325,  640,  453,  201, 1001,  186,  909,  430,  837,  598,  693,  642,  485,  665,  733,  291,  261,  103,   97,   97,  878,  464,  871,  386,  160,  697,  846,  170,  764,  295,  871,  727,  642,  790,  469,  449,  567,  465,  279,  905,  719,   78,  267,  852,  176,  505,  755,  496,  605,  308,  160,  686,  347,  493,  719,  152,  221,   77,  439,  632,  144,  221,  404, 1003,  787,  583,  659,  116,  939,  787,  414,  537,  116,  706,  858],
        [  629,    0,  648,  913,  397,  723,  682,  719,  156,  756,  354,  836,  408,  842,  324,  306,  828,  424,  520,  129,  480,  881,  436,  183,  426,  144,  846,  184,  282,  534,  863,  756,  927,  240,    0,  203,  547,  859,  560,  164,  271,  124,  289,  113,  620,   66,  455,  619,  958,  213,  402,  278,  688,  192,  710,  328,  399,  935,  372,  873,  411,  731,  712,  644,  583,  270,  600,  669,  444,  432,  340,  280,  323,  806,  454,  724,  157,   99,  846,  630,  378,  717,   68,  649,  892,  627,  877,  424,  462,  535,  538,  131,  809,  574,  164,  265,  797,  252,  591,  858,  337,  733,  107,  154,  770,  515,  675,  523,  293,  368,  273,  544,  658,  383,  177,  165,  996,  865,  774,  708,  167,  949,  756,  487,  439,  328,  797,  709],
        [  464,    0,  738,  962,  474,  650,  646,  750,  345,  713,  154,  702,  206,  816,  473,  186,  838,  451,  608,  140,  317,  842,  249,  381,  529,  346,  747,  369,  482,  445,  895,  584,  821,  406,  203,    0,  598,  822,  629,  298,  419,  300,  445,  162,  468,  172,  268,  605,  861,   13,  200,  332,  524,  125,  670,  179,  508,  776,  477,  737,  341,  554,  708,  513,  450,   81,  459,  524,  509,  513,  508,  470,  467,  648,  382,  529,   78,  247,  866,  440,  497,  581,  210,  465,  926,  524,  838,  326,  408,  429,  520,  307,  637,  383,  331,  272,  651,  328,  576,  834,  153,  740,  253,  260,  735,  581,  739,  322,  491,  445,  459,  552,  585,  540,  223,  157,  877,  819,  840,  650,  299,  844,  629,  478,  291,  512,  767,  513],
        [  635,    0,  176,  369,  157,  401,  278,  176,  634,  341,  696,  652,  690,  368,  320,  467,  299,  150,  113,  648,  562,  428,  623,  609,  176,  560,  552,  453,  645,  378,  317,  739,  634,  392,  547,  598,    0,  404,   61,  390,  339,  638,  351,  645,  585,  604,  635,  195,  632,  609,  715,  276,  666,  474,  308,  511,  200,  814,  207,  686,  343,  742,  221,  533,  513,  672,  540,  588,  106,  132,  381,  468,  309,  716,  338,  840,  629,  451,  307,  972,  234,  583,  615, 1011,  346,  442,  424,  398,  296,  423,  193,  642,  778,  714,  424,  327,  668,  297,  188,  377,  583,  218,  648,  394,  332,   51,  143,  813,  526,  183,  448,  122,  370,  340,  391,  688,  726,  429,  243,  354,  387,  647,  577,  181,  512,  445,  341,  836],
        [  589,    0,  501,  387,  535,  210,  179,  284,  981,  110,  853,  434,  813,   46,  713,  641,  193,  452,  512,  923,  615,   24,  714,  969,  577,  915,  271,  821, 1024,  396,  292,  629,  319,  771,  859,  822,  404,    0,  447,  731,  720,  971,  738,  929,  533,  899,  715,  244,  287,  829,  848,  591,  583,  713,  153,  665,  598,  596,  597,  451,  482,  653,  184,  449,  480,  872,  497,  496,  487,  524,  779,  857,  701,  555,  442,  798,  881,  777,  237, 1061,  630,  447,  923, 1107,  313,  363,   20,  505,  415,  432,  321,  977,  643,  732,  780,  595,  493,  626,  271,   57,  732,  200,  965,  716,   90,  455,  408,  901,  916,  550,  836,  332,  260,  742,  682,  957,  407,   40,  420,  184,  728,  321,  401,  374,  592,  842,   65,  803],
        [  693,    0,  121,  356,  164,  459,  334,  192,  633,  392,  735,  712,  734,  408,  302,  510,  321,  194,   67,  668,  615,  470,  671,  604,  155,  557,  609,  448,  631,  437,  320,  799,  690,  383,  560,  629,   61,  447,    0,  398,  330,  641,  336,  663,  643,  620,  684,  252,  686,  641,  757,  300,  725,  506,  363,  555,  183,  875,  199,  746,  395,  801,  264,  593,  572,  705,  599,  648,  122,  129,  356,  449,  293,  777,  393,  896,  654,  462,  319, 1016,  215,  644,  628, 1054,  345,  502,  466,  451,  352,  481,  253,  645,  838,  767,  424,  360,  728,  314,  247,  415,  626,  253,  657,  408,  381,   49,  116,  859,  506,  194,  430,  183,  430,  310,  414,  708,  783,  475,  215,  411,  395,  703,  637,  239,  564,  420,  386,  891],
        [  618,    0,  485,  753,  236,  623,  559,  565,  251,  635,  444,  780,  477,  709,  176,  300,  680,  282,  356,  284,  479,  754,  470,  240,  262,  185,  760,  112,  309,  459,  707,  747,  845,  116,  164,  298,  390,  731,  398,    0,  122,  249,  148,  273,  594,  228,  488,  488,  868,  310,  483,  141,  673,  210,  590,  339,  236,  903,  209,  819,  337,  729,  571,  597,  543,  378,  564,  633,  285,  270,  213,  201,  171,  777,  375,  757,  289,   66,  694,  736,  216,  669,  231,  763,  735,  556,  750,  370,  369,  474,  413,  254,  799,  605,   60,  170,  756,  106,  461,  723,  381,  587,  260,   45,  643,  355,  513,  605,  244,  208,  184,  404,  562,  243,  108,  323,  923,  743,  611,  599,    4,  865,  697,  360,  427,  230,  668,  744],
        [  704,    0,  395,  681,  188,  646,  560,  514,  307,  634,  564,  836,  594,  692,   55,  401,  638,  276,  275,  398,  573,  744,  578,  275,  177,  230,  792,  120,  307,  511,  649,  831,  878,   54,  271,  419,  339,  720,  330,  122,    0,  323,   31,  384,  673,  337,  596,  480,  894,  432,  602,  180,  756,  325,  592,  445,  149,  971,  133,  874,  400,  817,  546,  663,  614,  499,  639,  705,  238,  208,  101,  139,   52,  850,  431,  859,  409,  181,  644,  857,  119,  732,  332,  884,  674,  606,  740,  443,  412,  536,  419,  326,  881,  709,  110,  245,  821,  147,  457,  703,  494,  553,  350,  162,  637,  294,  440,  723,  197,  170,  118,  389,  590,  122,  215,  436,  963,  738,  532,  614,  121,  897,  752,  368,  520,  141,  656,  848],
        [  747,    0,  716,  996,  482,  843,  796,  813,   50,  871,  442,  958,  503,  952,  369,  428,  928,  527,  593,  178,  598,  994,  546,  102,  495,  105,  968,  208,  196,  657,  954,  873, 1050,  276,  124,  300,  638,  971,  641,  249,  323,    0,  330,  152,  741,  129,  565,  729, 1080,  307,  491,  382,  807,  314,  825,  446,  467, 1055,  445,  996,  533,  846,  817,  767,  706,  350,  722,  791,  532,  514,  360,  274,  372,  926,  576,  829,  234,  195,  942,  692,  440,  840,   91,  705,  982,  750,  990,  547,  582,  658,  650,    8,  926,  682,  218,  381,  919,  351,  701,  967,  447,  835,   57,  257,  883,  600,  756,  607,  260,  455,  276,  649,  779,  412,  294,  194, 1120,  980,  851,  826,  252, 1072,  879,  598,  559,  327,  909,  813],
        [  734,    0,  392,  684,  204,  670,  581,  524,  310,  655,  591,  864,  623,  708,   40,  432,  649,  299,  278,  417,  604,  762,  608,  273,  182,  232,  817,  123,  296,  540,  655,  862,  903,   54,  289,  445,  351,  738,  336,  148,   31,  330,    0,  402,  703,  355,  626,  499,  918,  458,  630,  210,  786,  354,  613,  475,  154, 1001,  144,  902,  429,  848,  562,  692,  644,  525,  668,  735,  253,  220,   70,  119,   45,  880,  460,  890,  431,  203,  653,  883,  122,  761,  347,  910,  680,  634,  758,  473,  440,  565,  441,  332,  912,  739,  126,  275,  850,  177,  477,  720,  523,  567,  361,  189,  656,  304,  444,  752,  178,  190,   98,  408,  616,   96,  245,  454,  989,  757,  533,  637,  147,  922,  781,  392,  550,  113,  674,  878],
        [  624,    0,  756, 1013,  499,  776,  751,  812,  201,  823,  292,  855,  357,  916,  437,  324,  915,  512,  626,   26,  476,  950,  411,  248,  534,  228,  886,  294,  347,  576,  958,  745,  963,  352,  113,  162,  645,  929,  663,  273,  384,  152,  402,    0,  625,   47,  429,  696, 1000,  166,  342,  370,  684,  222,  777,  330,  508,  936,  480,  891,  459,  715,  793,  663,  601,  200,  613,  679,  544,  536,  451,  385,  435,  808,  503,  686,   87,  208,  937,  543,  488,  734,   68,  557,  988,  663,  946,  459,  519,  568,  612,  158,  798,  543,  276,  339,  807,  350,  667,  933,  314,  818,   98,  255,  840,  617,  777,  456,  388,  469,  380,  628,  710,  495,  258,   54, 1025,  931,  877,  767,  276,  986,  779,  563,  445,  435,  870,  669],
        [   58,    0,  760,  840,  576,  323,  414,  636,  776,  440,  411,  241,  347,  552,  706,  315,  652,  473,  670,  606,  153,  543,  246,  794,  653,  744,  337,  705,  886,  208,  746,  161,  389,  698,  620,  468,  585,  533,  643,  594,  673,  741,  703,  625,    0,  621,  236,  443,  440,  468,  384,  495,   85,  428,  415,  297,  653,  315,  628,  273,  279,  158,  529,   85,   72,  474,   45,   59,  568,  602,  771,  792,  694,  187,  260,  274,  545,  594,  696,  543,  667,  126,  658,  590,  777,  176,  540,  231,  297,  163,  398,  748,  209,  205,  653,  431,  184,  527,  427,  573,  321,  573,  705,  553,  472,  607,  704,  393,  838,  563,  773,  468,  285,  771,  490,  625,  424,  510,  783,  359,  593,  412,  184,  405,  182,  811,  508,  275],
        [  624,    0,  711,  972,  456,  753,  721,  773,  175,  794,  315,  846,  375,  885,  390,  312,  879,  475,  582,   66,  475,  921,  418,  215,  489,  189,  868,  248,  316,  557,  918,  748,  948,  305,   66,  172,  604,  899,  620,  228,  337,  129,  355,   47,  621,    0,  437,  664,  982,  179,  364,  331,  684,  203,  749,  325,  463,  934,  435,  882,  437,  720,  759,  654,  592,  225,  606,  673,  502,  493,  404,  340,  389,  806,  481,  701,  108,  162,  899,  578,  442,  726,   39,  595,  948,  647,  917,  442,  494,  552,  581,  136,  802,  554,  229,  306,  802,  308,  635,  902,  320,  782,   85,  212,  810,  574,  735,  483,  347,  427,  335,  592,  687,  448,  222,  100, 1013,  903,  834,  742,  230,  970,  768,  531,  440,  390,  839,  684],
        [  212,    0,  804,  957,  566,  512,  562,  740,  607,  610,  177,  475,  112,  723,  641,  196,  791,  491,  689,  406,  101,  730,   20,  637,  639,  595,  562,  588,  737,  323,  871,  322,  622,  603,  455,  268,  635,  715,  684,  488,  596,  565,  626,  429,  236,  437,    0,  556,  671,  263,  149,  441,  270,  283,  574,  152,  628,  521,  598,  506,  294,  289,  658,  306,  250,  250,  247,  295,  579,  601,  695,  686,  631,  397,  311,  272,  343,  463,  830,  353,  631,  360,  475,  397,  904,  360,  726,  242,  353,  284,  484,  572,  373,  120,  540,  365,  412,  460,  532,  744,  119,  699,  520,  444,  639,  639,  773,  190,  720,  543,  670,  543,  456,  711,  383,  416,  660,  700,  867,  532,  488,  645,  417,  465,  130,  718,  675,  258],
        [  499,    0,  348,  404,  298,  208,   86,  194,  738,  156,  663,  467,  637,  223,  477,  435,  239,  208,  306,  692,  466,  268,  550,  725,  350,  671,  357,  578,  781,  245,  316,  584,  439,  529,  619,  605,  195,  244,  252,  488,  480,  729,  499,  696,  443,  664,  556,    0,  439,  614,  669,  348,  517,  488,  117,  469,  368,  633,  362,  499,  278,  594,  105,  375,  373,  665,  398,  432,  254,  294,  545,  617,  465,  545,  248,  714,  657,  535,  274,  908,  398,  413,  685,  952,  348,  277,  264,  318,  210,  292,   86,  735,  617,  608,  536,  359,  492,  382,   30,  239,  542,  144,  726,  473,  158,  240,  274,  745,  676,  310,  596,   92,  186,  514,  444,  729,  532,  259,  343,  159,  485,  453,  397,  134,  427,  606,  180,  712],
