{
    "name": "random-86-14886",
    "comment": "size=86 seed=14886",
    "nodes": ["+0", "-0", "+1", "-1", "+2", "-2", "+3", "-3", "+4", "-4", "+5", "-5", "+6", "-6", "+7", "-7", "+8", "-8", "+9", "-9", "+10", "-10", "+11", "-11", "+12", "-12", "+13", "-13", "+14", "-14", "+15", "-15", "+16", "-16", "+17", "-17", "+18", "-18", "+19", "-19", "+20", "-20", "+21", "-21", "+22", "-22", "+23", "-23", "+24", "-24", "+25", "-25", "+26", "-26", "+27", "-27", "+28", "-28", "+29", "-29", "+30", "-30", "+31", "-31", "+32", "-32", "+33", "-33", "+34", "-34", "+35", "-35", "+36", "-36", "+37", "-37", "+38", "-38", "+39", "-39", "+40", "-40", "+41", "-41", "+42", "-42", "+43", "-43", "+44", "-44", "+45", "-45", "+46", "-46", "+47", "-47", "+48", "-48", "+49", "-49", "+50", "-50", "+51", "-51", "+52", "-52", "+53", "-53", "+54", "-54", "+55", "-55", "+56", "-56", "+57", "-57", "+58", "-58", "+59", "-59", "+60", "-60", "+61", "-61", "+62", "-62", "+63", "-63", "+64", "-64", "+65", "-65", "+66", "-66", "+67", "-67", "+68", "-68", "+69", "-69", "+70", "-70", "+71", "-71", "+72", "-72", "+73", "-73", "+74", "-74", "+75", "-75", "+76", "-76", "+77", "-77", "+78", "-78", "+79", "-79", "+80", "-80", "+81", "-81", "+82", "-82", "+83", "-83", "+84", "-84", "+85", "-85", "+86", "-86"],
    "precedence": {
        "+0": "-0",
        "+1": "-1",
        "+2": "-2",
        "+3": "-3",
        "+4": "-4",
        "+5": "-5",
        "+6": "-6",
        "+7": "-7",
        "+8": "-8",
        "+9": "-9",
        "+10": "-10",
        "+11": "-11",
        "+12": "-12",
        "+13": "-13",
        "+14": "-14",
        "+15": "-15",
        "+16": "-16",
        "+17": "-17",
        "+18": "-18",
        "+19": "-19",
        "+20": "-20",
        "+21": "-21",
        "+22": "-22",
        "+23": "-23",
        "+24": "-24",
        "+25": "-25",
        "+26": "-26",
        "+27": "-27",
        "+28": "-28",
        "+29": "-29",
        "+30": "-30",
        "+31": "-31",
        "+32": "-32",
        "+33": "-33",
        "+34": "-34",
        "+35": "-35",
        "+36": "-36",
        "+37": "-37",
        "+38": "-38",
        "+39": "-39",
        "+40": "-40",
        "+41": "-41",
        "+42": "-42",
        "+43": "-43",
        "+44": "-44",
        "+45": "-45",
        "+46": "-46",
        "+47": "-47",
        "+48": "-48",
        "+49": "-49",
        "+50": "-50",
        "+51": "-51",
        "+52": "-52",
        "+53": "-53",
        "+54": "-54",
        "+55": "-55",
        "+56": "-56",
        "+57": "-57",
        "+58": "-58",
        "+59": "-59",
        "+60": "-60",
        "+61": "-61",
        "+62": "-62",
        "+63": "-63",
        "+64": "-64",
        "+65": "-65",
        "+66": "-66",
        "+67": "-67",
        "+68": "-68",
        "+69": "-69",
        "+70": "-70",
        "+71": "-71",
        "+72": "-72",
        "+73": "-73",
        "+74": "-74",
        "+75": "-75",
        "+76": "-76",
        "+77": "-77",
        "+78": "-78",
        "+79": "-79",
        "+80": "-80",
        "+81": "-81",
        "+82": "-82",
        "+83": "-83",
        "+84": "-84",
        "+85": "-85",
        "+86": "-86"
    },
    "edges": [
        [    0,    0,  457,  203,  451,  789,  215,  735,  680,  871,  336, 1121,  791,  723, 1038,  481,  449,  517,  688,  890,  851,  691,  779, 1043,  814,  616,  558,  696,  451,  682,  708,  252,  464, 1136,  159,  950,  560,  847,  302,  809,  587,  699,  239,  575,  651,  960,  950,  318,  858,  652,  439,  842,   89,  374,  836,  588,  322,  899,  405,  621,  659, 1107,  382,  734,  617,  324,  376,  868, 1064,  781,  515,   80,  665,  287,  768,  366,  792,  960,  925,  414,  194, 1207,  991, 1078,  992,  309, 1215, 1002,   58,  528,  778,  494, 1153,  713,  380, 1121,  973,  352,  629, 1101,  750,  742,  755,  630,  508,  504,  133, 1052,  396, 1064,  659,  263,  817,  840,  418,  416,  758,  135,   74,  753,  609,   56, 1092,  764,  527,  610,  808, 1083, 1011, 1029,  538,  646,  477,  740, 1028, 1092,  827,  754,  325, 1005,  959,  672,  644,  742,  845,  663,  593,  490,  851,  338,  460,  192,  921,  673,  393,  650,  986,  934,  988, 1158,  217, 1059, 1052,  469,  801,  964,  297, 1105,  464,  799,  763,  700,  695,  533],
        [    0,    0,    0,    0,    0,    0,    0,    0,    0,    0,    0,    0,    0,    0,    0,    0,    0,    0,    0,    0,    0,    0,    0,    0,    0,    0,    0,    0,    0,    0,    0,    0,    0,    0,    0,    0,    0,    0,    0,    0,    0,    0,    0,    0,    0,    0,    0,    0,    0,    0,    0,    0,    0,    0,    0,    0,    0,    0,    0,    0,    0,    0,    0,    0,    0,    0,    0,    0,    0,    0,    0,    0,    0,    0,    0,    0,    0,    0,    0,    0,    0,    0,    0,    0,    0,    0,    0,    0,    0,    0,    0,    0,    0,    0,    0,    0,    0,    0,    0,    0,    0,    0,    0,    0,    0,    0,    0,    0,    0,    0,    0,    0,    0,    0,    0,    0,    0,    0,    0,    0,    0,    0,    0,    0,    0,    0,    0,    0,    0,    0,    0,    0,    0,    0,    0,    0,    0,    0,    0,    0,    0,    0,    0,    0,    0,    0,    0,    0,    0,    0,    0,    0,    0,    0,    0,    0,    0,    0,    0,    0,    0,    0,    0,    0,    0,    0,    0,    0,    0,    0,    0,    0,    0,    0],
        [  457,    0,    0,  585,   63,  522,  256,  388,  294,  544,  273,  708,  344,  349,  595,  582,  404,  276,  326,  438,  476,  235,  436,  659,  442,  473,  526,  621,   31,  361,  324,  248,   90,  699,  481,  697,  120,  531,  463,  706,  632,  333,  317,  362,  280,  573,  587,  390,  438,  238,   96,  514,  500,  217,  394,  447,  194,  604,   52,  221,  213,  666,  104,  288,  375,  190,  581,  591,  615,  463,  308,  523,  406,  554,  360,  438,  341,  519,  548,  133,  381,  779,  589,  632,  862,  265,  780,  639,  403,   98,  554,  574,  735,  257,   85,  692,  756,  355,  175,  672,  315,  686,  317,  357,  303,  256,  328,  730,  107,  613,  259,  531,  365,  754,  249,  318,  312,  322,  502,  536,  293,  426,  645,  533,  367,  554,  383,  668,  729,  633,  242,  486,  186,  284,  578,  692,  411,  394,  139,  699,  583,  453,  585,  404,  671,  538,  219,  194,  507,  509,  503,  309,  780,  346,  275,  241,  809,  611,  590,  753,  620,  634,  638,  345,  631,  822,  214,  669,  433,  391,  342,  312,  339,  356],
        [  203,    0,  585,    0,  560,  783,  331,  911,  844,  886,  527, 1176,  888,  776, 1123,  362,  414,  548,  738, 1021,  894,  808,  958, 1080,  857,  581,  485,  617,  570,  863,  874,  340,  617, 1212,  106,  924,  667,  858,  225,  728,  473,  751,  284,  580,  819, 1003,  978,  289,  929,  807,  594,  860,  115,  556,  926,  558,  497,  897,  534,  780,  797, 1187,  534,  872,  625,  411,  231,  859, 1156,  800,  532,  135,  672,  140,  835,  307,  925, 1045,  964,  578,  213, 1272, 1042, 1166,  908,  357, 1285, 1029,  219,  672,  754,  382, 1209,  837,  524, 1188,  929,  341,  743, 1169,  838,  648,  899,  817,  697,  542,  275, 1052,  498, 1161,  733,  130,  948,  749,  605,  422,  856,  289,  130,  729,  651,  188, 1180,  744,  521,  537,  885, 1139,  993, 1074,  716,  613,  542,  858, 1124, 1137,  896,  797,  447, 1000,  994,  660,  566,  775,  791,  610,  757,  552,  876,  231,  376,  277,  846,  709,  421,  806,  921,  942, 1036, 1204,   42, 1126, 1109,  465,  750,  887,  474, 1179,  417,  959,  917,  763,  868,  532],
        [  451,    0,   63,  560,    0,  467,  240,  446,  350,  498,  315,  686,  340,  309,  588,  528,  345,  214,  282,  464,  439,  249,  494,  627,  404,  411,  465,  559,   32,  422,  378,  220,  152,  688,  455,  643,  110,  482,  419,  644,  573,  290,  282,  300,  338,  541,  549,  343,  417,  289,  155,  468,  484,  264,  386,  384,  230,  554,   69,  277,  251,  658,  146,  323,  315,  152,  536,  538,  613,  414,  246,  511,  348,  517,  332,  387,  370,  511,  513,  187,  350,  764,  562,  628,  801,  222,  768,  601,  395,  154,  496,  518,  715,  278,  118,  677,  699,  304,  184,  657,  301,  624,  356,  419,  363,  194,  319,  686,   63,  614,  226,  494,  391,  692,  303,  260,  308,  317,  489,  477,  238,  414,  641,  475,  305,  492,  364,  647,  678,  605,  304,  425,  124,  299,  578,  665,  388,  351,  127,  652,  548,  393,  524,  358,  611,  476,  278,  133,  463,  464,  447,  285,  719,  295,  219,  294,  750,  566,  562,  729,  597,  617,  616,  284,  570,  762,  245,  658,  374,  439,  387,  275,  397,  294],
        [  789,    0,  522,  783,  467,    0,  599,  832,  728,  128,  776,  463,  428,  229,  516,  503,  370,  284,  223,  648,  218,  491,  873,  339,  204,  215,  345,  297,  496,  832,  749,  551,  608,  556,  697,  177,  436,   99,  560,  296,  448,  225,  551,  214,  734,  289,  233,  496,  338,  658,  617,  118,  771,  730,  417,  231,  688,  114,  532,  669,  579,  550,  611,  606,  174,  494,  611,   79,  567,   97,  276,  813,  128,  665,  293,  478,  607,  462,  249,  653,  606,  574,  344,  560,  382,  482,  601,  272,  734,  576,   73,  478,  497,  528,  581,  509,  237,  448,  465,  496,  374,  343,  647,  853,  822,  302,  674,  270,  474,  586,  308,  660,  605,  343,  769,  375,  421,  683,  787,   84,  230,  736,  571,   62,  266,  313,  343,  437,  224,  353,  750,  186,  357,  507,  556,  407,  317,  190,  546,  218,  264,  123,  312,  151,  196,  223,  692,  345,  151,  568,  436,  600,  306,  182,  397,  668,  304,  165,  331,  470,  824,  455,  415,  324,  176,  340,  698,  523,  371,  759,  702,  266,  788,  258],
        [  215,    0,  256,  331,  240,  599,    0,  594,  519,  669,  263,  908,  579,  512,  825,  423,  308,  318,  477,  694,  641,  486,  642,  833,  603,  456,  438,  568,  245,  550,  549,   51,  289,  922,  229,  769,  350,  647,  257,  675,  508,  488,  103,  389,  496,  749,  742,  213,  644,  478,  268,  640,  245,  263,  623,  426,  196,  705,  205,  452,  467,  893,  209,  543,  426,  112,  373,  678,  852,  579,  324,  271,  473,  322,  554,  273,  597,  747,  715,  258,  141,  993,  779,  866,  854,  127, 1000,  795,  157,  342,  601,  425,  939,  512,  195,  907,  804,  215,  422,  887,  537,  624,  569,  516,  410,  302,   83,  854,  182,  853,  445,  296,  620,  715,  318,  246,  547,   86,  249,  577,  402,  174,  879,  584,  352,  484,  594,  869,  822,  817,  404,  482,  267,  536,  817,  880,  613,  545,  118,  810,  749,  491,  520,  536,  686,  513,  433,  280,  645,  307,  366,   60,  776,  466,  209,  478,  830,  734,  776,  945,  365,  845,  838,  299,  642,  821,  183,  891,  333,  631,  587,  487,  548,  353],
        [  735,    0,  388,  911,  446,  832,  594,    0,  105,  804,  408,  813,  458,  610,  636,  969,  791,  646,  610,  336,  698,  350,   49,  827,  679,  842,  910,  995,  417,   60,   85,  607,  315,  739,  817,  992,  411,  803,  836, 1068, 1019,  609,  681,  725,  109,  754,  801,  770,  595,  176,  331,  779,  806,  361,  503,  819,  416,  881,  423,  173,  255,  700,  387,  248,  725,  567,  956,  884,  622,  748,  682,  813,  742,  915,  570,  821,  284,  587,  749,  336,  734,  837,  741,  649, 1205,  645,  819,  841,  698,  293,  883,  961,  828,  319,  407,  763, 1066,  740,  368,  745,  486, 1060,  216,  133,  247,  628,  637,  966,  494,  606,  525,  888,  307, 1117,  322,  705,  445,  623,  800,  872,  624,  727,  658,  863,  744,  934,  549,  780,  999,  788,  197,  850,  561,  352,  584,  829,  587,  656,  496,  954,  780,  799,  964,  687, 1011,  906,  170,  566,  758,  885,  890,  653, 1124,  654,  663,  166, 1136,  863,  750,  870,  939,  725,  755,  729,  976, 1163,  440,  724,  820,  137,  164,  570,   50,  730],
        [  680,    0,  294,  844,  350,  728,  519,  105,    0,  702,  371,  734,  366,  507,  564,  876,  694,  544,  506,  283,  599,  249,  149,  737,  578,  739,  810,  892,  322,  113,   31,  526,  232,  671,  746,  889,  307,  701,  752,  964,  921,  505,  599,  621,   34,  661,  704,  681,  502,   71,  252,  678,  744,  314,  413,  716,  358,  779,  334,   73,  152,  632,  311,  160,  621,  479,  871,  781,  558,  645,  580,  756,  638,  836,  470,  731,  209,  509,  654,  268,  657,  767,  653,  583, 1100,  557,  753,  746,  637,  197,  779,  867,  751,  222,  327,  689,  962,  649,  264,  670,  388,  957,  139,  168,  240,  526,  571,  868,  401,  544,  421,  811,  235, 1013,  288,  609,  349,  559,  740,  767,  519,  665,  594,  758,  642,  833,  454,  698,  898,  700,  160,  746,  460,  258,  519,  744,  491,  554,  413,  854,  685,  695,  862,  583,  907,  803,   88,  464,  657,  799,  796,  578, 1019,  549,  568,   61, 1031,  764,  660,  789,  875,  647,  672,  630,  871, 1059,  384,  652,  723,  122,  106,  466,   61,  629],
        [  871,    0,  544,  886,  498,  128,  669,  804,  702,    0,  812,  335,  363,  202,  401,  626,  478,  355,  218,  575,  119,  454,  839,  211,  127,  337,  470,  425,  522,  812,  719,  623,  623,  432,  795,  199,  439,   31,  667,  413,  575,  213,  636,  307,  714,  164,  105,  597,  247,  634,  637,   31,  863,  759,  338,  348,  727,   82,  566,  652,  552,  429,  642,  563,  262,  559,  728,  107,  454,   91,  360,  903,  215,  775,  235,  587,  551,  356,  126,  676,  697,  446,  219,  444,  464,  563,  474,  147,  814,  578,  196,  601,  370,  487,  615,  383,  283,  546,  446,  371,  321,  468,  602,  844,  832,  368,  748,  189,  520,  475,  295,  768,  544,  456,  791,  467,  366,  755,  877,  211,  270,  820,  453,  189,  367,  440,  270,  310,  196,  225,  751,  310,  408,  459,  448,  280,  236,  154,  597,  157,  136,  238,  440,  141,  299,  351,  681,  395,   47,  680,  555,  680,  398,  206,  480,  645,  370,   69,  205,  343,  927,  331,  289,  422,  291,  423,  740,  400,  484,  713,  659,  243,  763,  355],
        [  336,    0,  273,  527,  315,  776,  263,  408,  371,  812,    0,  973,  597,  620,  844,  686,  557,  502,  596,  625,  748,  471,  450,  930,  714,  680,  689,  811,  291,  352,  396,  303,  215,  951,  446,  952,  390,  797,  517,  911,  768,  603,  365,  587,  339,  845,  859,  476,  705,  365,  192,  782,  415,   65,  649,  651,   89,  867,  247,  329,  402,  916,  171,  469,  613,  313,  629,  849,  855,  728,  524,  415,  652,  564,  631,  535,  531,  772,  820,  150,  392, 1037,  859,  876, 1083,  372, 1034,  911,  309,  284,  796,  687,  999,  477,  198,  951, 1002,  471,  427,  931,  579,  871,  477,  296,  173,  482,  266, 1000,  304,  849,  531,  537,  558,  955,   87,  480,  567,  249,  405,  776,  550,  339,  888,  777,  570,  730,  650,  934,  991,  904,  215,  702,  420,  514,  816,  961,  680,  664,  240,  966,  856,  688,  765,  672,  902,  743,  291,  432,  777,  566,  626,  316, 1002,  609,  436,  359, 1044,  880,  861, 1021,  549,  896,  904,  527,  858, 1046,   86,  924,  584,  492,  469,  583,  373,  565],
        [ 1121,    0,  708, 1176,  686,  463,  908,  813,  734,  335,  973,    0,  383,  402,  192,  952,  788,  628,  439,  494,  284,  514,  833,  132,  321,  666,  799,  759,  699,  844,  737,  871,  760,  134, 1076,  469,  588,  365,  968,  737,  909,  427,  903,  610,  759,  180,  231,  891,  270,  681,  782,  350, 1132,  911,  331,  673,  901,  384,  748,  712,  607,  158,  811,  575,  567,  798, 1045,  426,  230,  399,  647, 1168,  526, 1079,  356,  894,  530,  227,  222,  824,  971,  111,  134,  205,  746,  827,  143,  203, 1063,  695,  530,  929,   35,  524,  792,   77,  550,  838,  548,   83,  395,  800,  599,  900,  933,  634,  990,  312,  732,  255,  464, 1068,  508,  776,  926,  756,  410,  992, 1143,  546,  525, 1076,  204,  524,  673,  773,  325,   40,  409,  112,  842,  641,  646,  484,  255,   64,  299,  380,  809,  351,  200,  565,  775,  406,  617,  685,  753,  634,  321,  989,  876,  935,  698,  468,  756,  693,  643,  320,  142,   58, 1217,   89,   71,  720,  618,  711,  922,  119,  799,  688,  650,  422,  788,  658],
        [  791,    0,  344,  888,  340,  428,  579,  458,  366,  363,  597,  383,    0,  206,  251,  764,  572,  385,  229,  221,  248,  131,  488,  372,  238,  529,  644,  673,  343,  478,  375,  553,  382,  356,  782,  561,  231,  371,  713,  711,  766,  220,  605,  422,  386,  297,  344,  632,  137,  305,  406,  344,  820,  534,   53,  518,  532,  445,  391,  334,  227,  322,  442,  211,  396,  480,  816,  458,  274,  332,  419,  849,  386,  822,  136,  656,  189,  176,  293,  448,  675,  441,  288,  289,  809,  532,  439,  383,  734,  315,  494,  746,  406,  146,  429,  355,  643,  581,  172,  335,   63,  733,  246,  526,  551,  379,  659,  510,  398,  275,  175,  804,  181,  760,  545,  507,   33,  656,  826,  492,  299,  753,  302,  476,  472,  643,   95,  345,  554,  336,  460,  521,  353,  108,  238,  384,  132,  239,  466,  504,  322,  448,  662,  280,  623,  580,  373,  345,  317,  748,  679,  619,  734,  285,  487,  318,  724,  416,  295,  435,  927,  301,  316,  495,  597,  767,  554,  328,  594,  354,  302,  180,  424,  455],
        [  723,    0,  349,  776,  309,  229,  512,  610,  507,  202,  620,  402,  206,    0,  365,  590,  407,  232,   39,  425,  132,  264,  648,  323,   96,  332,  455,  470,  330,  614,  525,  472,  424,  442,  676,  382,  239,  196,  575,  505,  576,   26,  502,  237,  517,  238,  241,  496,  162,  437,  439,  174,  731,  565,  207,  325,  538,  273,  377,  453,  356,  421,  450,  378,  202,  400,  663,  274,  408,  139,  256,  768,  183,  687,   79,  506,  378,  293,  206,  480,  570,  496,  269,  411,  611,  426,  510,  293,  665,  377,  291,  569,  434,  300,  425,  413,  457,  443,  246,  394,  147,  529,  419,  644,  631,  235,  594,  384,  343,  421,   94,  674,  377,  555,  594,  361,  194,  597,  742,  287,  128,  676,  424,  272,  296,  448,  138,  364,  395,  306,  550,  320,  246,  278,  385,  369,  130,   48,  422,  358,  241,  244,  463,   79,  421,  378,  481,  234,  161,  601,  507,  535,  533,   86,  356,  448,  532,  268,  265,  435,  817,  350,  334,  333,  393,  568,  554,  407,  424,  531,  474,   42,  567,  279],
        [ 1038,    0,  595, 1123,  588,  516,  825,  636,  564,  401,  844,  192,  251,  365,    0,  954,  771,  591,  402,  307,  300,  373,  651,  267,  322,  684,  814,  806,  593,  672,  564,  796,  630,  109, 1019,  580,  481,  425,  933,  810,  932,  390,  841,  600,  592,  247,  319,  853,  203,  520,  654,  401, 1063,  780,  203,  683,  781,  473,  642,  554,  453,   72,  693,  408,  563,  721, 1026,  506,   54,  427,  619, 1094,  534, 1044,  293,  868,  356,   78,  278,  695,  912,  203,  197,   47,  858,  766,  192,  322,  981,  560,  588,  933,  197,  372,  679,  129,  667,  800,  422,  113,  289,  857,  426,  732,  780,  591,  906,  457,  643,   77,  391, 1029,  331,  855,  786,  720,  284,  904, 1070,  597,  490,  998,   59,  576,  660,  800,  240,  168,  539,  224,  688,  666,  582,  333,   64,  230,  236,  366,  715,  479,  282,  587,  809,  406,  699,  720,  596,  572,  366,  963,  872,  862,  796,  449,  709,  531,  759,  417,  212,  249, 1163,  110,  157,  696,  688,  818,  805,   89,  789,  505,  473,  366,  615,  643],
        [  481,    0,  582,  362,  528,  503,  423,  969,  876,  626,  686,  952,  764,  590,  954,    0,  195,  380,  554,  955,  674,  737, 1017,  836,  642,  290,  159,  267,  555,  937,  905,  387,  656, 1022,  328,  607,  601,  595,  182,  373,  112,  567,  321,  355,  862,  773,  729,  211,  752,  816,  645,  606,  414,  680,  786,  280,  614,  610,  547,  803,  771, 1006,  596,  837,  393,  406,  135,  567,  998,  554,  346,  456,  428,  223,  666,  153,  873,  883,  731,  653,  310, 1059,  822, 1001,  549,  329, 1081,  773,  450,  680,  453,   26,  987,  776,  569,  984,  594,  230,  676,  968,  704,  289,  874,  917,  824,  389,  442,  760,  476, 1010,  590,  236,  887,  390,  735,  273,  739,  459,  436,  430,  470,  431, 1013,  450,  296,  201,  724,  921,  683,  842,  800,  318,  435,  781,  974,  902,  720,  590,  482,  703,  755,  389,  221,  555,  454,  290,  799,  437,  632,  144,   87,  374,  492,  506,  310,  821,  572,  667,  812,  967,  394,  924,  895,  271,  418,  531,  604,  988,  171,  966,  912,  596,  920,  313],
        [  449,    0,  404,  414,  345,  370,  308,  791,  694,  478,  557,  788,  572,  407,  771,  195,    0,  187,  369,  760,  504,  543,  839,  680,  470,  171,  133,  260,  374,  764,  723,  260,  485,  846,  334,  513,  409,  449,  191,  369,  229,  382,  222,  178,  683,  609,  575,  134,  568,  632,  477,  454,  413,  537,  595,  145,  475,  483,  376,  622,  582,  827,  436,  645,  222,  249,  258,  445,  813,  396,  154,  457,  266,  297,  479,  110,  679,  698,  569,  493,  256,  891,  655,  817,  551,  186,  910,  624,  400,  499,  342,  179,  822,  582,  407,  812,  528,   99,  483,  795,  512,  317,  683,  752,  672,  195,  360,  638,  301,  824,  398,  291,  693,  407,  590,   87,  546,  374,  431,  316,  282,  394,  830,  331,  116,  176,  537,  754,  581,  681,  635,  202,  243,  587,  787,  743,  536,  414,  327,  586,  596,  247,  212,  383,  397,  215,  622,  244,  474,  203,  108,  281,  476,  326,  131,  638,  538,  531,  647,  809,  455,  751,  726,   78,  353,  520,  471,  811,   30,  778,  723,  408,  742,  131],
        [  517,    0,  276,  548,  214,  284,  318,  646,  544,  355,  502,  628,  385,  232,  591,  380,  187,    0,  193,  577,  347,  364,  692,  535,  309,  199,  275,  350,  246,  629,  570,  270,  365,  672,  450,  457,  241,  331,  344,  431,  394,  206,  283,   87,  539,  456,  436,  265,  390,  476,  367,  326,  512,  463,  410,  174,  414,  388,  270,  473,  415,  650,  346,  472,  112,  211,  436,  362,  631,  265,   38,  551,  157,  456,  298,  277,  500,  516,  418,  396,  347,  726,  495,  637,  589,  209,  741,  489,  460,  357,  295,  363,  662,  404,  315,  643,  501,  212,  308,  625,  325,  415,  512,  631,  575,   21,  395,  537,  200,  640,  212,  443,  512,  479,  508,  130,  359,  402,  525,  274,  104,  466,  650,  276,  100,  291,  354,  592,  506,  527,  517,  211,   90,  404,  604,  590,  357,  250,  266,  493,  449,  187,  319,  230,  402,  264,  483,   83,  336,  372,  294,  325,  507,  162,  129,  484,  543,  419,  489,  657,  589,  581,  562,  110,  360,  551,  421,  638,  210,  613,  556,  225,  597,   86],
        [  688,    0,  326,  738,  282,  223,  477,  610,  506,  218,  596,  439,  229,   39,  402,  554,  369,  193,    0,  446,  165,  269,  650,  356,  127,  301,  421,  444,  306,  610,  526,  436,  405,  480,  638,  387,  223,  207,  536,  486,  543,   14,  465,  201,  513,  273,  270,  457,  200,  435,  419,  189,  694,  542,  238,  293,  512,  283,  350,  448,  356,  459,  426,  386,  170,  365,  625,  278,  445,  143,  218,  731,  157,  648,  112,  467,  392,  330,  239,  459,  533,  534,  306,  449,  601,  388,  549,  322,  630,  363,  279,  534,  472,  308,  399,  451,  457,  404,  243,  433,  168,  505,  427,  636,  616,  197,  559,  405,  312,  457,   86,  635,  394,  536,  574,  323,  213,  562,  705,  272,   89,  640,  461,  259,  259,  417,  171,  402,  407,  342,  538,  292,  211,  291,  421,  405,  167,   70,  390,  374,  274,  219,  434,   81,  409,  351,  473,  198,  182,  563,  470,  498,  522,   56,  318,  446,  527,  286,  302,  472,  779,  389,  372,  295,  378,  559,  527,  446,  387,  539,  481,   50,  566,  242],
        [  890,    0,  438, 1021,  464,  648,  694,  336,  283,  575,  625,  494,  221,  425,  307,  955,  760,  577,  446,    0,  457,  221,  347,  534,  453,  740,  847,  888,  452,  380,  274,  682,  430,  406,  916,  773,  364,  586,  876,  930,  968,  438,  746,  628,  316,  476,  537,  796,  332,  262,  456,  559,  937,  562,  237,  727,  585,  657,  490,  300,  232,  367,  510,  158,  607,  615,  988,  675,  288,  552,  614,  959,  602,  978,  355,  831,   98,  273,  485,  490,  814,  504,  448,  315, 1028,  682,  485,  565,  839,  362,  714,  939,  503,  186,  510,  435,  857,  751,  285,  419,  279,  950,  151,  447,  520,  567,  764,  701,  527,  270,  378,  957,   74,  980,  551,  686,  233,  757,  939,  712,  505,  862,  324,  696,  672,  852,  308,  464,  758,  491,  432,  735,  523,  175,  251,  520,  340,  459,  576,  704,  508,  664,  873,  500,  842,  795,  341,  519,  529,  917,  868,  745,  953,  501,  657,  271,  941,  621,  460,  551, 1057,  406,  444,  685,  817,  986,  611,  394,  786,  202,  180,  396,  323,  655],
        [  851,    0,  476,  894,  439,  218,  641,  698,  599,  119,  748,  284,  248,  132,  300,  674,  504,  347,  165,  457,    0,  350,  731,  192,   38,  393,  525,  507,  459,  710,  613,  600,  547,  351,  796,  317,  362,  134,  684,  513,  640,  154,  626,  327,  614,  110,  113,  608,  128,  532,  564,  107,  855,  691,  220,  396,  667,  200,  506,  554,  450,  339,  579,  453,  284,  529,  762,  222,  351,  129,  363,  893,  247,  795,  130,  610,  437,  245,   75,  605,  692,  387,  151,  345,  580,  549,  408,  163,  793,  494,  290,  651,  318,  380,  554,  311,  402,  555,  353,  295,  212,  558,  491,  748,  748,  354,  723,  270,  474,  369,  217,  785,  428,  559,  718,  473,  254,  726,  867,  298,  245,  803,  356,  277,  389,  506,  154,  250,  306,  181,  663,  372,  375,  348,  339,  244,  119,   98,  553,  257,  110,  293,  513,  122,  407,  423,  586,  362,   74,  705,  596,  661,  511,  185,  475,  544,  488,  168,  144,  311,  935,  251,  222,  436,  392,  539,  684,  317,  517,  601,  548,  165,  659,  375],
        [  691,    0,  235,  808,  249,  491,  486,  350,  249,  454,  471,  514,  131,  264,  373,  737,  543,  364,  269,  221,  350,    0,  386,  498,  330,  541,  637,  693,  242,  361,  265,  468,  257,  480,  703,  644,  144,  455,  657,  749,  757,  266,  529,  424,  265,  418,  457,  576,  260,  183,  282,  430,  730,  407,  184,  523,  411,  532,  286,  207,  101,  445,  325,  117,  411,  399,  768,  537,  386,  402,  401,  755,  416,  759,  221,  611,  137,  302,  407,  323,  598,  568,  416,  405,  870,  463,  564,  500,  637,  188,  547,  722,  536,   41,  316,  483,  720,  531,   66,  464,  140,  756,  159,  401,  421,  351,  561,  620,  311,  382,  187,  738,  151,  799,  415,  467,  107,  556,  734,  539,  305,  658,  418,  527,  461,  648,  208,  476,  650,  463,  330,  540,  304,   51,  348,  513,  245,  309,  369,  605,  440,  477,  672,  342,  677,  600,  244,  301,  409,  697,  651,  533,  791,  319,  437,  195,  794,  515,  421,  566,  845,  431,  447,  469,  646,  828,  435,  454,  569,  270,  212,  225,  310,  445],
        [  779,    0,  436,  958,  494,  873,  642,   49,  149,  839,  450,  833,  488,  648,  651, 1017,  839,  692,  650,  347,  731,  386,    0,  853,  713,  888,  957, 1041,  465,   98,  125,  656,  364,  752,  864, 1029,  456,  840,  885, 1112, 1067,  648,  729,  770,  157,  783,  832,  818,  624,  219,  379,  816,  851,  406,  530,  865,  462,  917,  471,  220,  294,  713,  436,  278,  769,  616, 1004,  922,  634,  787,  729,  858,  785,  963,  605,  870,  307,  607,  780,  384,  782,  850,  767,  661, 1247,  693,  831,  870,  743,  341,  925, 1009,  845,  352,  456,  779, 1105,  789,  409,  762,  520, 1106,  243,  163,  285,  674,  684,  997,  542,  616,  565,  937,  327, 1162,  364,  753,  477,  670,  845,  914,  667,  773,  670,  904,  790,  981,  581,  800, 1034,  813,  243,  895,  608,  383,  597,  851,  618,  694,  545,  987,  809,  843, 1010,  726, 1053,  952,  219,  612,  793,  934,  939,  701, 1167,  695,  711,  210, 1176,  898,  776,  890,  985,  745,  777,  777, 1018, 1205,  486,  738,  868,  146,  187,  608,   98,  777],
        [ 1043,    0,  659, 1080,  627,  339,  833,  827,  737,  211,  930,  132,  372,  323,  267,  836,  680,  535,  356,  534,  192,  498,  853,    0,  230,  547,  680,  632,  644,  850,  746,  792,  722,  253,  984,  338,  541,  242,  866,  606,  786,  345,  816,  504,  758,   86,  107,  792,  238,  677,  742,  230, 1046,  871,  325,  557,  852,  253,  693,  704,  597,  263,  762,  581,  459,  721,  935,  296,  318,  285,  548, 1083,  415,  976,  300,  788,  547,  264,  118,  784,  881,  242,   87,  298,  617,  740,  274,   72,  985,  664,  403,  811,  164,  517,  740,  196,  421,  739,  517,  191,  363,  670,  612,  897,  914,  544,  915,  192,  664,  343,  402,  967,  530,  645,  893,  658,  392,  918, 1058,  420,  436,  995,  302,  398,  566,  651,  291,  118,  283,   44,  825,  520,  567,  480,  329,   71,  256,  289,  743,  223,   86,  447,  650,  306,  485,  561,  741,  554,  207,  883,  763,  853,  567,  374,  664,  689,  515,  189,   78,  132, 1121,  164,  113,  617,  488,  581,  870,  227,  689,  712,  667,  352,  795,  553],
        [  814,    0,  442,  857,  404,  204,  603,  679,  578,  127,  714,  321,  238,   96,  322,  642,  470,  309,  127,  453,   38,  330,  713,  230,    0,  364,  496,  485,  425,  689,  594,  562,  515,  381,  758,  323,  330,  133,  648,  498,  612,  117,  588,  292,  592,  148,  146,  571,  135,  510,  532,  107,  818,  658,  218,  365,  633,  207,  472,  530,  428,  367,  544,  437,  251,  492,  727,  222,  371,  109,  327,  855,  216,  759,  109,  574,  425,  262,  112,  573,  655,  422,  187,  368,  576,  512,  441,  198,  756,  464,  275,  619,  354,  362,  520,  343,  405,  518,  326,  327,  194,  538,  476,  723,  719,  317,  685,  296,  437,  389,  184,  748,  419,  546,  686,  436,  239,  689,  830,  280,  208,  766,  380,  260,  355,  479,  146,  285,  321,  218,  635,  345,  337,  333,  357,  282,  116,   60,  516,  276,  147,  266,  488,   88,  397,  398,  561,  324,   80,  670,  563,  624,  505,  148,  438,  522,  488,  186,  180,  349,  898,  283,  257,  401,  379,  535,  649,  346,  483,  587,  533,  132,  639,  340],
        [  616,    0,  473,  581,  411,  215,  456,  842,  739,  337,  680,  666,  529,  332,  684,  290,  171,  199,  301,  740,  393,  541,  888,  547,  364,    0,  134,  154,  443,  826,  765,  405,  562,  743,  504,  344,  433,  306,  356,  235,  249,  312,  383,  119,  736,  487,  440,  304,  485,  671,  562,  318,  584,  649,  538,   31,  594,  325,  462,  670,  605,  730,  535,  655,  134,  370,  398,  284,  732,  268,  166,  627,  151,  456,  410,  274,  675,  618,  445,  588,  425,  774,  538,  731,  403,  330,  798,  484,  566,  555,  175,  265,  700,  582,  504,  702,  358,  265,  492,  687,  467,  219,  696,  829,  769,  218,  518,  479,  389,  747,  363,  454,  682,  282,  697,  211,  510,  530,  602,  149,  237,  561,  742,  166,  111,  117,  469,  635,  413,  555,  715,   32,  288,  574,  712,  614,  457,  319,  441,  424,  467,  101,  134,  279,  232,   66,  681,  281,  345,  358,  222,  439,  323,  247,  249,  679,  375,  380,  527,  678,  621,  643,  610,  158,  187,  368,  595,  709,  165,  802,  744,  349,  794,  119],
        [  558,    0,  526,  485,  465,  345,  438,  910,  810,  470,  689,  799,  644,  455,  814,  159,  133,  275,  421,  847,  525,  637,  957,  680,  496,  134,    0,  138,  495,  886,  838,  391,  610,  876,  424,  452,  514,  439,  267,  251,  123,  433,  346,  223,  802,  620,  573,  243,  613,  745,  604,  451,  510,  669,  658,  131,  607,  452,  502,  738,  688,  862,  566,  746,  253,  380,  279,  409,  860,  402,  237,  554,  281,  351,  532,  193,  774,  746,  579,  622,  367,  907,  671,  860,  435,  318,  931,  616,  515,  617,  295,  134,  834,  678,  536,  835,  446,  224,  582,  820,  582,  188,  786,  879,  802,  290,  483,  601,  426,  874,  471,  355,  784,  283,  721,  214,  621,  498,  530,  271,  346,  504,  872,  291,  176,   54,  592,  769,  527,  689,  761,  160,  351,  676,  839,  747,  583,  448,  458,  545,  600,  235,   86,  409,  307,  133,  743,  349,  479,  254,  109,  405,  366,  369,  259,  752,  438,  509,  661,  812,  522,  776,  744,  182,  268,  409,  603,  841,  106,  886,  829,  467,  861,  193],
        [  696,    0,  621,  617,  559,  297,  568,  995,  892,  425,  811,  759,  673,  470,  806,  267,  260,  350,  444,  888,  507,  693, 1041,  632,  485,  154,  138,    0,  591,  977,  918,  519,  709,  852,  561,  353,  586,  395,  404,  114,  174,  454,  480,  272,  888,  586,  528,  380,  615,  823,  707,  414,  647,  785,  677,  176,  726,  385,  606,  822,  758,  845,  676,  807,  283,  498,  399,  340,  856,  379,  314,  691,  288,  479,  547,  331,  826,  746,  546,  730,  504,  870,  640,  852,  297,  444,  898,  562,  652,  706,  230,  243,  793,  733,  645,  806,  329,  357,  645,  793,  612,   66,  849,  978,  911,  368,  618,  520,  530,  873,  512,  487,  832,  148,  835,  331,  656,  632,  667,  214,  388,  641,  862,  236,  255,   86,  605,  733,  433,  649,  862,  154,  437,  725,  841,  702,  588,  449,  574,  463,  560,  227,   53,  407,  190,   94,  832,  431,  446,  386,  243,  539,  230,  389,  375,  832,  307,  447,  628,  762,  653,  751,  712,  286,  161,  272,  725,  819,  238,  955,  897,  493,  946,  266],
        [  451,    0,   31,  570,   32,  496,  245,  417,  322,  522,  291,  699,  343,  330,  593,  555,  374,  246,  306,  452,  459,  242,  465,  644,  425,  443,  495,  591,    0,  391,  351,  231,  120,  695,  465,  672,  113,  508,  440,  676,  602,  313,  297,  332,  309,  559,  570,  365,  429,  263,  123,  492,  489,  238,  391,  416,  208,  580,   50,  249,  232,  663,  121,  306,  346,  168,  557,  566,  615,  440,  278,  514,  379,  534,  347,  411,  356,  516,  532,  158,  363,  773,  577,  631,  833,  242,  776,  622,  396,  125,  526,  545,  727,  268,   96,  686,  729,  329,  179,  666,  309,  655,  337,  388,  331,  226,  320,  710,   82,  615,  243,  511,  378,  724,  274,  288,  310,  316,  492,  508,  267,  417,  645,  506,  337,  523,  375,  659,  705,  621,  272,  456,  156,  292,  579,  681,  401,  374,  128,  677,  567,  424,  555,  382,  643,  508,  248,  165,  487,  485,  474,  294,  751,  322,  246,  268,  780,  590,  578,  743,  606,  627,  628,  314,  602,  793,  226,  665,  403,  416,  365,  294,  368,  326],
        [  682,    0,  361,  863,  422,  832,  550,   60,  113,  812,  352,  844,  478,  614,  672,  937,  764,  629,  610,  380,  710,  361,   98,  850,  689,  826,  886,  977,  391,    0,  109,  567,  281,  777,  770,  996,  401,  809,  798, 1055,  992,  611,  641,  710,   98,  774,  816,  734,  615,  179,  293,  786,  755,  309,  526,  802,  367,  887,  391,  163,  261,  738,  347,  271,  714,  532,  917,  887,  662,  751,  663,  761,  735,  872,  581,  787,  317,  619,  766,  293,  691,  874,  765,  688, 1199,  610,  858,  859,  647,  272,  879,  930,  861,  335,  370,  798, 1067,  708,  369,  780,  500, 1042,  247,   74,  189,  609,  589,  980,  464,  647,  526,  845,  341, 1104,  266,  678,  462,  575,  749,  866,  616,  677,  698,  858,  724,  913,  566,  810, 1007,  812,  148,  836,  541,  371,  623,  856,  604,  661,  459,  964,  798,  790,  944,  689, 1005,  891,  146,  547,  767,  847,  860,  610, 1117,  651,  634,  167, 1133,  874,  773,  900,  889,  757,  784,  705,  968, 1158,  390,  760,  793,  187,  201,  573,   58,  712],
        [  708,    0,  324,  874,  378,  749,  549,   85,   31,  719,  396,  737,  375,  525,  564,  905,  723,  570,  526,  274,  613,  265,  125,  746,  594,  765,  838,  918,  351,  109,    0,  556,  262,  669,  776,  907,  333,  719,  782,  988,  950,  525,  629,  647,   58,  672,  717,  711,  512,   95,  282,  695,  773,  341,  421,  743,  386,  796,  364,  103,  170,  630,  341,  166,  645,  509,  901,  799,  554,  664,  607,  784,  661,  866,  485,  760,  209,  511,  666,  297,  687,  766,  660,  580, 1123,  586,  751,  757,  666,  226,  800,  896,  753,  234,  357,  690,  982,  678,  285,  672,  402,  983,  139,  173,  258,  553,  600,  882,  431,  540,  441,  841,  233, 1038,  312,  637,  361,  588,  769,  790,  543,  694,  590,  780,  669,  860,  466,  702,  914,  707,  182,  771,  488,  268,  516,  749,  503,  572,  444,  869,  697,  719,  889,  603,  929,  829,  117,  491,  673,  829,  825,  608, 1042,  571,  597,   87, 1052,  779,  668,  793,  904,  649,  677,  658,  894, 1081,  412,  652,  752,   98,   95,  485,   52,  655],
        [  252,    0,  248,  340,  220,  551,   51,  607,  526,  623,  303,  871,  553,  472,  796,  387,  260,  270,  436,  682,  600,  468,  656,  792,  562,  405,  391,  519,  231,  567,  556,    0,  295,  891,  235,  720,  328,  600,  231,  626,  466,  448,   74,  339,  505,  709,  699,  176,  610,  479,  277,  594,  268,  294,  595,  375,  228,  658,  198,  457,  460,  863,  221,  535,  377,   75,  350,  629,  825,  533,  275,  300,  424,  311,  518,  235,  587,  718,  674,  275,  134,  959,  740,  837,  804,   77,  967,  752,  194,  340,  551,  386,  902,  497,  201,  873,  754,  170,  403,  853,  507,  577,  564,  538,  439,  256,  125,  807,  158,  828,  411,  286,  608,  666,  349,  195,  521,  133,  276,  527,  359,  206,  851,  534,  302,  436,  561,  832,  774,  778,  424,  432,  226,  518,  791,  841,  578,  503,  114,  763,  708,  441,  471,  492,  636,  462,  442,  239,  601,  281,  324,   67,  726,  423,  159,  481,  780,  688,  737,  907,  378,  811,  802,  248,  591,  771,  219,  858,  286,  633,  587,  450,  560,  303],
        [  464,    0,   90,  617,  152,  608,  289,  315,  232,  623,  215,  760,  382,  424,  630,  656,  485,  365,  405,  430,  547,  257,  364,  722,  515,  562,  610,  709,  120,  281,  262,  295,    0,  736,  517,  783,  186,  612,  523,  795,  713,  410,  368,  451,  211,  638,  659,  455,  493,  191,   27,  594,  521,  152,  434,  535,  157,  686,  110,  163,  199,  701,   84,  272,  464,  253,  642,  675,  642,  545,  397,  537,  495,  605,  424,  507,  332,  557,  616,   66,  426,  822,  648,  662,  952,  330,  819,  709,  417,   71,  642,  649,  785,  266,   96,  736,  843,  427,  212,  716,  366,  774,  291,  270,  215,  345,  346,  807,  185,  637,  331,  580,  359,  843,  172,  399,  352,  336,  519,  625,  380,  443,  675,  622,  455,  640,  438,  721,  811,  694,  153,  576,  276,  301,  604,  750,  469,  470,  183,  779,  651,  542,  672,  485,  761,  627,  147,  284,  584,  571,  580,  347,  869,  430,  355,  190,  898,  690,  651,  808,  649,  681,  690,  430,  720,  912,  183,  709,  514,  342,  301,  384,  267,  445],
        [ 1136,    0,  699, 1212,  688,  556,  922,  739,  671,  432,  951,  134,  356,  442,  109, 1022,  846,  672,  480,  406,  351,  480,  752,  253,  381,  743,  876,  852,  695,  777,  669,  891,  736,    0, 1110,  588,  582,  459, 1016,  843,  991,  467,  933,  670,  699,  269,  334,  936,  284,  627,  760,  439, 1157,  887,  306,  745,  887,  493,  744,  662,  561,   40,  798,  515,  630,  817, 1103,  532,  120,  477,  697, 1190,  596, 1127,  378,  947,  462,  180,  308,  802, 1003,   99,  214,   92,  868,  857,   84,  320, 1079,  667,  626, 1000,  121,  480,  783,   59,  673,  883,  527,   63,  388,  898,  532,  838,  888,  674, 1004,  442,  741,  141,  482, 1114,  436,  885,  894,  802,  387, 1003, 1166,  639,  569, 1095,   85,  617,  732,  856,  330,  135,  535,  218,  797,  722,  672,  441,  156,  193,  317,  433,  815,  475,  299,  643,  862,  468,  726,  772,  704,  661,  406, 1042,  942,  957,  814,  520,  795,  639,  766,  431,  227,  182, 1253,  102,  146,  773,  721,  831,  910,   35,  861,  607,  577,  450,  720,  716],
