{
    "name": "random-55-29964",
    "comment": "size=55 seed=29964",
    "nodes": ["+0", "-0", "+1", "-1", "+2", "-2", "+3", "-3", "+4", "-4", "+5", "-5", "+6", "-6", "+7", "-7", "+8", "-8", "+9", "-9", "+10", "-10", "+11", "-11", "+12", "-12", "+13", "-13", "+14", "-14", "+15", "-15", "+16", "-16", "+17", "-17", "+18", "-18", "+19", "-19", "+20", "-20", "+21", "-21", "+22", "-22", "+23", "-23", "+24", "-24", "+25", "-25", "+26", "-26", "+27", "-27", "+28", "-28", "+29", "-29", "+30", "-30", "+31", "-31", "+32", "-32", "+33", "-33", "+34", "-34", "+35", "-35", "+36", "-36", "+37", "-37", "+38", "-38", "+39", "-39", "+40", "-40", "+41", "-41", "+42", "-42", "+43", "-43", "+44", "-44", "+45", "-45", "+46", "-46", "+47", "-47", "+48", "-48", "+49", "-49", "+50", "-50", "+51", "-51", "+52", "-52", "+53", "-53", "+54", "-54", "+55", "-55"],
    "precedence": {
        "+0": "-0",
        "+1": "-1",
        "+2": "-2",
        "+3": "-3",
        "+4": "-4",
        "+5": "-5",
        "+6": "-6",
        "+7": "-7",
        "+8": "-8",
        "+9": "-9",
        "+10": "-10",
        "+11": "-11",
        "+12": "-12",
        "+13": "-13",
        "+14": "-14",
        "+15": "-15",
        "+16": "-16",
        "+17": "-17",
        "+18": "-18",
        "+19": "-19",
        "+20": "-20",
        "+21": "-21",
        "+22": "-22",
        "+23": "-23",
        "+24": "-24",
        "+25": "-25",
        "+26": "-26",
        "+27": "-27",
        "+28": "-28",
        "+29": "-29",
        "+30": "-30",
        "+31": "-31",
        "+32": "-32",
        "+33": "-33",
        "+34": "-34",
        "+35": "-35",
        "+36": "-36",
        "+37": "-37",
        "+38": "-38",
        "+39": "-39",
        "+40": "-40",
        "+41": "-41",
        "+42": "-42",
        "+43": "-43",
        "+44": "-44",
        "+45": "-45",
        "+46": "-46",
        "+47": "-47",
        "+48": "-48",
        "+49": "-49",
        "+50": "-50",
        "+51": "-51",
        "+52": "-52",
        "+53": "-53",
        "+54": "-54",
        "+55": "-55"
    },
    "edges": [
        [    0,    0,  837,  578,  769,  752,  708,  359, 1156, 1035,  763,  844,  395,  466,  317,  132,  415, 1028,  745,  697,  897,  589,  474,  338,  956,  646,  813,  273,  534,  673,  205,  842,  171,  632,  663,  798,  274,  934,  382,  550,  390, 1017, 1000,  551, 1128,  364,  651,  732,  602,  362,  561,  391,  442,  145,  882,  899,   70,  976,  514,  570,  134,  961,  101,  662, 1086,  593,  615,  881,  444,  424,  488,  717,  694,  243,  624,  830,  441, 1026,  386,  740,  651,  498,  620,  977,  573,  812,  431,  811,  303,  937,  856,  825,  670,  853,   48,  881,  983,  937,  846,  585,  495,  726, 1078,  791,  472,  645,  351,  790,  890,  342,  315,  273],
        [    0,    0,    0,    0,    0,    0,    0,    0,    0,    0,    0,    0,    0,    0,    0,    0,    0,    0,    0,    0,    0,    0,    0,    0,    0,    0,    0,    0,    0,    0,    0,    0,    0,    0,    0,    0,    0,    0,    0,    0,    0,    0,    0,    0,    0,    0,    0,    0,    0,    0,    0,    0,    0,    0,    0,    0,    0,    0,    0,    0,    0,    0,    0,    0,    0,    0,    0,    0,    0,    0,    0,    0,    0,    0,    0,    0,    0,    0,    0,    0,    0,    0,    0,    0,    0,    0,    0,    0,    0,    0,    0,    0,    0,    0,    0,    0,    0,    0,    0,    0,    0,    0,    0,    0,    0,    0,    0,    0,    0,    0,    0,    0],
        [  837,    0,    0,  356,  282,   93,  182,  558,  406,  485,  317,  349,  464,  537,  521,  941,  544,  219,  559,  157,  547,  722,  415,  531,  119,  573,  275,  678,  323,  246,  648,  528,  953,  227,  721,  217,  910,  948,  693,  439,  457,  491,  502,  627,  405,  516,  865,  464,  285,  648,  468,  626,  579,  791,  104,  717,  809,  622,  333,  272,  931,  576,  919,  627,  423,  331,  506,  753,  431,  720,  476,  366,  809,  604,  247,  798,  669,  372,  816,  195,  492,  839,  272,  469,  332,  596,  883,  892,  694,  526,  914,  129,  253,  229,  879,  382,  593,  224,  836,  378,  399,  137,  407,  234,  458,  475,  765,  118,  584,  520,  526,  591],
        [  578,    0,  356,    0,  192,  312,  177,  445,  757,  775,  187,  588,  190,  183,  296,  702,  473,  575,  687,  304,  755,  733,  105,  385,  465,  644,  517,  353,  287,  117,  441,  715,  729,  144,  768,  465,  742, 1051,  605,  463,  306,  771,  771,  637,  750,  390,  870,  607,   79,  551,  119,  546,  226,  588,  447,  875,  530,  844,  143,  164,  698,  805,  674,  696,  751,   26,  177,  893,  138,  651,  453,  154,  848,  338,  315,  901,  615,  693,  715,  400,  183,  782,  345,  739,  364,  748,  787,  959,  565,  760,  994,  283,  383,  511,  625,  632,  827,  553,  935,  429,  361,  220,  736,  219,  116,  165,  655,  388,  778,  369,  328,  305],
        [  769,    0,  282,  192,    0,  292,  144,  603,  677,  761,   36,  602,  378,  349,  479,  893,  619,  480,  762,  323,  792,  860,  295,  550,  357,  743,  525,  539,  398,  119,  624,  762,  918,  200,  881,  466,  923, 1146,  762,  571,  468,  764,  772,  761,  681,  549, 1002,  672,  185,  709,  252,  698,  391,  773,  386,  941,  721,  875,  292,  270,  888,  831,  865,  798,  704,  177,  258,  968,  327,  803,  579,   96,  966,  528,  381,  994,  761,  653,  878,  416,  234,  934,  416,  739,  458,  814,  951, 1068,  733,  782, 1099,  160,  433,  496,  816,  641,  851,  505, 1030,  522,  485,  184,  688,   52,  303,  220,  820,  367,  823,  535,  506,  496],
        [  752,    0,   93,  312,  292,    0,  159,  465,  450,  476,  324,  310,  390,  485,  436,  852,  452,  284,  492,   65,  503,  638,  352,  440,  206,  495,  234,  607,  232,  219,  559,  476,  864,  171,  642,  175,  818,  881,  601,  351,  368,  477,  482,  542,  440,  425,  781,  397,  235,  556,  430,  534,  525,  701,  141,  661,  727,  585,  258,  196,  842,  540,  831,  550,  440,  288,  478,  693,  362,  629,  385,  361,  729,  523,  156,  730,  579,  383,  725,  129,  471,  750,  183,  449,  242,  536,  792,  818,  602,  491,  843,  172,  170,  208,  793,  350,  560,  241,  768,  291,  306,  111,  425,  254,  401,  453,  673,   79,  536,  429,  439,  513],
        [  708,    0,  182,  177,  144,  159,    0,  489,  587,  634,  172,  465,  315,  359,  397,  823,  495,  400,  619,  180,  651,  724,  250,  444,  289,  602,  389,  515,  267,   65,  538,  620,  842,   79,  742,  331,  826, 1003,  643,  433,  361,  635,  640,  625,  583,  438,  867,  528,  114,  591,  287,  577,  402,  687,  278,  798,  670,  736,  196,  152,  815,  693,  797,  657,  592,  151,  326,  825,  273,  680,  448,  203,  828,  466,  239,  851,  635,  537,  763,  276,  316,  809,  273,  607,  318,  670,  834,  928,  624,  644,  957,  118,  289,  367,  753,  506,  713,  392,  888,  382,  354,   50,  577,  121,  285,  298,  706,  237,  681,  429,  414,  444],
        [  359,    0,  558,  445,  603,  465,  489,    0,  817,  677,  614,  490,  286,  459,  188,  420,   62,  714,  398,  402,  542,  318,  358,   68,  667,  307,  467,  396,  236,  486,  161,  488,  420,  413,  374,  462,  353,  669,  161,  193,  139,  659,  642,  240,  784,   56,  439,  375,  419,  106,  505,  103,  469,  257,  573,  570,  370,  625,  313,  339,  406,  606,  407,  338,  735,  445,  578,  564,  328,  207,  130,  596,  438,  249,  314,  536,  176,  677,  276,  414,  602,  338,  297,  619,  240,  468,  348,  559,  138,  580,  600,  591,  339,  514,  385,  525,  629,  604,  562,  233,  163,  485,  728,  603,  400,  588,  218,  479,  540,   83,  146,  284],
        [ 1156,    0,  406,  757,  677,  450,  587,  817,    0,  275,  712,  351,  831,  934,  856, 1235,  777,  199,  589,  482,  467,  831,  801,  820,  323,  664,  352, 1050,  627,  651,  952,  491, 1236,  619,  791,  359, 1150,  903,  900,  635,  769,  300,  328,  763,   50,  797,  949,  521,  683,  873,  872,  843,  975, 1073,  312,  650, 1145,  487,  703,  642, 1222,  446, 1220,  702,  137,  732,  911,  702,  810,  905,  695,  767,  867,  949,  537,  783,  854,  165, 1012,  418,  897,  990,  537,  316,  584,  578, 1063,  901,  935,  413,  904,  518,  486,  304, 1191,  336,  448,  222,  817,  585,  663,  539,  130,  626,  851,  879,  976,  385,  509,  815,  846,  948],
        [ 1035,    0,  485,  775,  761,  476,  634,  677,  275,    0,  795,  200,  785,  928,  773, 1090,  625,  374,  355,  471,  206,  604,  783,  702,  467,  448,  261,  993,  554,  694,  832,  244, 1081,  633,  552,  310,  971,  631,  719,  485,  676,   27,   57,  557,  226,  675,  705,  317,  697,  705,  892,  673,  963,  927,  385,  379, 1039,  213,  676,  624, 1074,  174, 1081,  473,  138,  752,  948,  432,  780,  710,  548,  836,  619,  867,  479,  517,  663,  137,  815,  376,  945,  772,  462,   61,  485,  325,  855,  637,  771,  148,  636,  614,  411,  268, 1062,  158,  174,  268,  550,  455,  553,  586,  148,  717,  840,  926,  791,  398,  245,  702,  750,  879],
        [  763,    0,  317,  187,   36,  324,  172,  614,  712,  795,    0,  633,  376,  331,  480,  888,  632,  515,  788,  352,  822,  878,  292,  558,  391,  766,  557,  526,  416,  136,  626,  791,  915,  220,  902,  498,  926, 1170,  773,  591,  476,  798,  805,  779,  716,  559, 1019,  699,  195,  719,  231,  710,  372,  773,  420,  969,  713,  906,  301,  286,  884,  863,  860,  820,  739,  176,  230,  995,  324,  816,  597,   66,  986,  524,  406, 1018,  775,  688,  888,  446,  203,  947,  440,  772,  479,  841,  960, 1090,  741,  814, 1121,  195,  460,  529,  810,  673,  882,  540, 1054,  544,  502,  215,  723,   87,  293,  190,  829,  400,  853,  543,  510,  490],
        [  844,    0,  349,  588,  602,  310,  465,  490,  351,  200,  633,    0,  585,  733,  574,  908,  442,  334,  255,  289,  199,  484,  587,  508,  377,  316,   77,  793,  354,  519,  640,  188,  903,  450,  451,  137,  806,  622,  554,  299,  477,  190,  185,  413,  310,  482,  609,  173,  512,  531,  704,  500,  767,  744,  268,  377,  845,  276,  480,  431,  893,  231,  896,  359,  249,  567,  764,  419,  583,  555,  361,  666,  533,  668,  283,  480,  505,  194,  663,  191,  764,  639,  263,  154,  285,  267,  713,  588,  595,  181,  602,  471,  214,  125,  874,   45,  250,  193,  517,  260,  355,  419,  243,  563,  645,  745,  629,  238,  238,  506,  552,  679],
        [  395,    0,  464,  190,  378,  390,  315,  286,  831,  785,  376,  585,    0,  179,  112,  516,  329,  673,  611,  350,  715,  598,   86,  220,  583,  544,  528,  219,  233,  278,  253,  666,  541,  244,  646,  491,  554,  939,  441,  371,  160,  775,  768,  509,  814,  233,  724,  549,  207,  387,  221,  389,  198,  399,  530,  799,  355,  805,  132,  194,  511,  773,  489,  589,  794,  201,  294,  806,   52,  490,  337,  340,  717,  153,  308,  796,  461,  733,  540,  424,  320,  619,  323,  738,  309,  678,  612,  835,  389,  734,  874,  433,  375,  545,  442,  629,  796,  612,  827,  360,  266,  340,  782,  397,  115,  306,  481,  447,  728,  204,  149,  129],
        [  466,    0,  537,  183,  349,  485,  359,  459,  934,  928,  331,  733,  179,    0,  274,  597,  506,  756,  784,  465,  879,  775,  146,  392,  647,  722,  668,  203,  392,  299,  390,  833,  631,  315,  824,  622,  681, 1117,  607,  546,  338,  921,  917,  687,  924,  409,  898,  718,  253,  555,  103,  561,   44,  517,  623,  974,  406,  969,  253,  305,  596,  935,  566,  767,  918,  208,  150,  982,  156,  658,  515,  273,  894,  258,  450,  974,  634,  858,  697,  554,  186,  784,  473,  886,  472,  851,  767, 1013,  547,  893, 1052,  463,  520,  672,  513,  777,  957,  724, 1005,  529,  439,  401,  904,  388,   89,  181,  638,  556,  895,  378,  316,  214],
        [  317,    0,  521,  296,  479,  436,  397,  188,  856,  773,  480,  574,  112,  274,    0,  427,  240,  715,  553,  385,  676,  505,  195,  121,  639,  474,  528,  229,  230,  371,  146,  624,  446,  320,  559,  502,  446,  854,  335,  316,   99,  760,  748,  423,  832,  142,  625,  506,  298,  282,  331,  288,  282,  295,  570,  736,  292,  764,  201,  254,  419,  737,  402,  513,  801,  304,  402,  737,  162,  385,  269,  449,  625,   96,  320,  717,  361,  740,  430,  439,  430,  512,  323,  721,  289,  622,  502,  745,  279,  702,  786,  513,  376,  557,  360,  615,  760,  635,  745,  324,  224,  411,  791,  492,  224,  417,  371,  480,  682,  108,   43,  111],
        [  132,    0,  941,  702,  893,  852,  823,  420, 1235, 1090,  888,  908,  516,  597,  427,    0,  467, 1120,  774,  794,  934,  583,  598,  419, 1057,  672,  886,  404,  626,  793,  293,  879,   47,  746,  660,  878,  198,  908,  390,  609,  485, 1070, 1051,  568, 1203,  440,  617,  777,  720,  390,  691,  421,  574,  164,  976,  909,  198, 1007,  627,  679,   19,  998,   33,  678, 1154,  716,  746,  884,  567,  421,  547,  845,  674,  365,  715,  821,  452, 1096,  353,  825,  782,  460,  705, 1031,  653,  838,  377,  784,  323,  979,  828,  939,  752,  932,   86,  941, 1019, 1020,  832,  653,  574,  837, 1147,  912,  600,  776,  337,  883,  922,  427,  415,  400],
        [  415,    0,  544,  473,  619,  452,  495,   62,  777,  625,  632,  442,  329,  506,  240,  467,    0,  685,  338,  388,  483,  270,  394,  120,  648,  246,  425,  454,  232,  500,  221,  429,  462,  422,  320,  427,  378,  615,  151,  144,  172,  606,  588,  184,  742,   98,  399,  318,  438,  105,  543,   84,  519,  304,  549,  510,  430,  565,  335,  350,  452,  548,  457,  278,  689,  470,  617,  504,  366,  186,   82,  621,  389,  308,  297,  479,  143,  632,  274,  385,  639,  316,  275,  566,  215,  407,  343,  508,  160,  523,  548,  591,  311,  477,  439,  475,  570,  569,  506,  193,  147,  485,  683,  613,  440,  623,  221,  456,  480,  132,  198,  341],
        [ 1028,    0,  219,  575,  480,  284,  400,  714,  199,  374,  515,  334,  673,  756,  715, 1120,  685,    0,  587,  331,  512,  802,  631,  702,  125,  636,  292,  890,  496,  464,  829,  516, 1127,  444,  779,  265, 1063,  951,  825,  554,  639,  390,  412,  718,  212,  683,  935,  500,  504,  788,  686,  761,  798,  963,  146,  700, 1007,  564,  541,  479, 1109,  517, 1102,  684,  264,  550,  720,  746,  644,  840,  607,  572,  864,  805,  406,  813,  788,  237,  945,  301,  704,  944,  418,  386,  474,  599, 1005,  922,  844,  471,  935,  321,  375,  227, 1067,  345,  527,  142,  850,  496,  552,  356,  247,  429,  676,  687,  900,  239,  555,  694,  713,  796],
        [  745,    0,  559,  687,  762,  492,  619,  398,  589,  355,  788,  255,  611,  784,  553,  774,  338,  587,    0,  444,  165,  250,  646,  447,  615,  103,  303,  779,  402,  657,  558,  114,  758,  575,  202,  350,  632,  390,  386,  241,  460,  330,  304,  212,  543,  420,  360,   96,  623,  387,  789,  356,  808,  618,  502,  190,  766,  233,  550,  526,  757,  226,  771,  118,  466,  672,  859,  207,  629,  368,  285,  804,  280,  636,  384,  239,  326,  425,  468,  367,  870,  417,  350,  296,  323,   71,  503,  338,  452,  218,  357,  664,  331,  366,  763,  256,  246,  446,  277,  259,  346,  584,  467,  735,  703,  851,  452,  442,  148,  454,  517,  662],
        [  697,    0,  157,  304,  323,   65,  180,  402,  482,  471,  352,  289,  350,  465,  385,  794,  388,  331,  444,    0,  472,  577,  324,  379,  266,  438,  215,  568,  170,  231,  502,  440,  804,  162,  584,  162,  755,  832,  537,  288,  310,  469,  470,  480,  466,  363,  721,  351,  226,  491,  422,  470,  503,  641,  186,  619,  676,  557,  222,  162,  783,  515,  774,  494,  454,  281,  478,  648,  329,  565,  321,  379,  671,  474,   91,  680,  515,  394,  660,   99,  476,  686,  119,  437,  178,  492,  727,  763,  538,  467,  790,  226,  114,  209,  737,  332,  535,  264,  717,  229,  242,  141,  440,  292,  378,  457,  608,   98,  501,  369,  383,  469],
        [  897,    0,  547,  755,  792,  503,  651,  542,  467,  206,  822,  199,  715,  879,  676,  934,  483,  512,  165,  472,    0,  408,  735,  582,  572,  266,  273,  904,  488,  701,  703,   56,  920,  625,  350,  333,  796,  442,  549,  362,  579,  179,  150,  376,  418,  555,  501,  171,  683,  545,  866,  513,  908,  775,  466,  189,  912,   91,  631,  592,  917,   65,  929,  279,  333,  736,  932,  238,  724,  532,  418,  850,  414,  765,  440,  317,  489,  307,  632,  377,  936,  577,  412,  153,  408,  121,  665,  435,  611,   59,  438,  668,  374,  323,  918,  172,   87,  377,  351,  356,  455,  608,  338,  756,  793,  917,  616,  435,   44,  586,  645,  786],
        [  589,    0,  722,  733,  860,  638,  724,  318,  831,  604,  878,  484,  598,  775,  505,  583,  270,  802,  250,  577,  408,    0,  661,  385,  804,  168,  510,  705,  462,  743,  445,  362,  557,  660,   77,  542,  413,  357,  209,  293,  440,  579,  552,  100,  787,  366,  144,  311,  689,  242,  811,  224,  786,  447,  692,  332,  628,  458,  592,  593,  565,  464,  588,  132,  712,  727,  884,  302,  634,  166,  283,  875,  120,  561,  493,  242,  155,  667,  241,  532,  905,  170,  461,  545,  408,  291,  260,  242,  289,  464,  284,  801,  470,  575,  594,  495,  481,  664,  259,  350,  377,  703,  712,  845,  709,  888,  247,  612,  381,  398,  463,  599],
        [  474,    0,  415,  105,  295,  352,  250,  358,  801,  783,  292,  587,   86,  146,  195,  598,  394,  631,  646,  324,  735,  661,    0,  294,  531,  590,  523,  266,  248,  204,  338,  690,  624,  189,  703,  478,  639,  993,  516,  411,  223,  776,  772,  568,  788,  303,  792,  576,  137,  462,  150,  461,  181,  484,  492,  836,  429,  825,  108,  162,  593,  790,  570,  639,  777,  119,  224,  848,   34,  564,  388,  255,  778,  233,  305,  846,  532,  717,  621,  411,  245,  694,  327,  740,  329,  712,  693,  894,  470,  747,  931,  366,  374,  530,  521,  631,  812,  586,  879,  389,  305,  283,  764,  318,   59,  230,  561,  419,  752,  278,  230,  202],
        [  338,    0,  531,  385,  550,  440,  444,   68,  820,  702,  558,  508,  220,  392,  121,  419,  120,  702,  447,  379,  582,  385,  294,    0,  645,  362,  475,  336,  210,  434,  133,  528,  426,  366,  439,  462,  384,  734,  223,  222,   84,  686,  671,  303,  791,   28,  506,  412,  365,  168,  440,  170,  402,  262,  559,  625,  338,  667,  259,  292,  407,  645,  402,  397,  748,  386,  513,  622,  263,  271,  165,  537,  504,  190,  297,  599,  243,  688,  331,  407,  537,  401,  287,  646,  236,  517,  403,  625,  183,  615,  665,  552,  335,  516,  372,  546,  668,  602,  626,  248,  158,  446,  740,  554,  334,  523,  271,  465,  584,   17,   79,  222],
        [  956,    0,  119,  465,  357,  206,  289,  667,  323,  467,  391,  377,  583,  647,  639, 1057,  648,  125,  615,  266,  572,  804,  531,  645,    0,  646,  314,  795,  436,  351,  765,  564, 1069,  343,  793,  267, 1020,  996,  795,  532,  573,  479,  496,  713,  334,  629,  943,  521,  398,  752,  572,  729,  690,  906,  114,  753,  928,  636,  452,  391, 1047,  588, 1036,  698,  374,  440,  601,  795,  548,  818,  576,  450,  880,  723,  354,  851,  766,  337,  918,  274,  583,  932,  374,  466,  434,  640,  982,  953,  802,  540,  971,  199,  344,  253,  997,  400,  602,  202,  889,  471,  506,  249,  358,  305,  572,  567,  868,  195,  612,  634,  643,  710],
        [  646,    0,  573,  644,  743,  495,  602,  307,  664,  448,  766,  316,  544,  722,  474,  672,  246,  636,  103,  438,  266,  168,  590,  362,  646,    0,  345,  697,  358,  631,  465,  213,  656,  547,  148,  381,  531,  408,  284,  182,  388,  424,  399,  111,  621,  336,  300,  144,  587,  286,  738,  255,  742,  517,  532,  264,  670,  335,  503,  489,  655,  328,  669,   56,  548,  633,  810,  263,  569,  267,  208,  773,  236,  552,  363,  258,  224,  502,  369,  379,  824,  327,  329,  387,  287,  167,  408,  327,  351,  317,  356,  664,  326,  410,  662,  329,  348,  498,  292,  222,  287,  573,  547,  721,  645,  807,  351,  459,  250,  371,  436,  581],
        [  813,    0,  275,  517,  525,  234,  389,  467,  352,  261,  557,   77,  528,  668,  528,  886,  425,  292,  303,  215,  273,  510,  523,  475,  314,  345,    0,  741,  301,  444,  608,  255,  885,  377,  489,   60,  800,  683,  552,  284,  434,  255,  255,  429,  318,  450,  644,  210,  440,  522,  634,  493,  703,  723,  202,  445,  808,  352,  416,  364,  872,  307,  872,  394,  275,  495,  692,  483,  521,  560,  344,  591,  574,  623,  221,  537,  509,  214,  667,  117,  691,  657,  207,  222,  242,  327,  722,  640,  584,  258,  657,  395,  155,   66,  846,  118,  326,  155,  575,  234,  318,  343,  266,  486,  580,  672,  628,  162,  310,  471,  511,  630],
        [  273,    0,  678,  353,  539,  607,  515,  396, 1050,  993,  526,  793,  219,  203,  229,  404,  454,  890,  779,  568,  904,  705,  266,  336,  795,  697,  741,    0,  441,  466,  266,  852,  443,  452,  768,  707,  518, 1061,  510,  544,  326,  982,  972,  634, 1032,  362,  808,  734,  402,  465,  304,  482,  173,  355,  748,  961,  208,  992,  349,  411,  406,  965,  372,  732, 1010,  375,  348,  958,  247,  562,  495,  471,  824,  147,  523,  931,  552,  949,  572,  641,  385,  673,  534,  943,  510,  849,  635,  946,  436,  929,  988,  630,  587,  762,  318,  836,  988,  830,  956,  551,  450,  548,  998,  572,  238,  382,  519,  666,  910,  327,  263,  119],
        [  534,    0,  323,  287,  398,  232,  267,  236,  627,  554,  416,  354,  233,  392,  230,  626,  232,  496,  402,  170,  488,  462,  248,  210,  436,  358,  301,  441,    0,  281,  334,  442,  635,  198,  488,  272,  588,  766,  382,  178,  144,  543,  536,  364,  603,  194,  604,  328,  230,  332,  388,  315,  421,  471,  351,  591,  518,  578,  149,  132,  615,  544,  606,  411,  573,  275,  457,  607,  236,  416,  182,  417,  571,  325,   91,  615,  370,  511,  504,  209,  469,  544,   94,  506,   81,  466,  574,  678,  373,  503,  711,  360,  147,  328,  572,  397,  567,  406,  650,  143,   88,  254,  562,  386,  306,  451,  449,  258,  504,  200,  220,  329],
        [  673,    0,  246,  117,  119,  219,   65,  486,  651,  694,  136,  519,  278,  299,  371,  793,  500,  464,  657,  231,  701,  743,  204,  434,  351,  631,  444,  466,  281,    0,  516,  666,  815,   84,  766,  388,  811, 1036,  644,  456,  352,  694,  697,  644,  648,  432,  884,  569,   73,  591,  223,  580,  342,  665,  343,  840,  631,  787,  176,  152,  787,  745,  766,  685,  656,   93,  262,  864,  231,  685,  462,  149,  851,  431,  274,  885,  643,  600,  761,  329,  253,  815,  307,  664,  344,  712,  833,  955,  617,  697,  987,  166,  332,  427,  719,  561,  766,  456,  920,  410,  367,  114,  641,  122,  230,  234,  703,  298,  729,  419,  394,  404],
        [  205,    0,  648,  441,  624,  559,  538,  161,  952,  832,  626,  640,  253,  390,  146,  293,  221,  829,  558,  502,  703,  445,  338,  133,  765,  465,  608,  266,  334,  516,    0,  648,  307,  460,  512,  594,  302,  801,  245,  349,  192,  815,  800,  384,  923,  159,  543,  535,  443,  203,  463,  224,  385,  150,  684,  726,  210,  786,  343,  391,  283,  767,  273,  490,  881,  450,  530,  716,  304,  296,  288,  592,  562,  135,  424,  678,  291,  821,  312,  537,  561,  409,  417,  775,  369,  628,  380,  684,  170,  740,  727,  652,  466,  649,  240,  677,  789,  733,  701,  380,  290,  549,  873,  637,  358,  550,  256,  591,  701,  138,  125,  179],
        [  842,    0,  528,  715,  762,  476,  620,  488,  491,  244,  791,  188,  666,  833,  624,  879,  429,  516,  114,  440,   56,  362,  690,  528,  564,  213,  255,  852,  442,  666,  648,    0,  865,  589,  308,  312,  743,  436,  495,  309,  527,  218,  191,  323,  444,  501,  463,  119,  644,  490,  824,  459,  861,  720,  454,  190,  858,  141,  587,  551,  863,  120,  874,  231,  362,  697,  891,  232,  677,  479,  364,  815,  378,  712,  400,  299,  436,  328,  581,  348,  897,  530,  370,  186,  361,   87,  616,  413,  556,  105,  421,  645,  336,  311,  863,  172,  142,  376,  335,  306,  404,  579,  365,  728,  748,  878,  563,  413,   64,  533,  592,  734],
        [  171,    0,  953,  729,  918,  864,  842,  420, 1236, 1081,  915,  903,  541,  631,  446,   47,  462, 1127,  758,  804,  920,  557,  624,  426, 1069,  656,  885,  443,  635,  815,  307,  865,    0,  765,  634,  881,  159,  875,  372,  605,  497, 1061, 1040,  549, 1203,  445,  583,  767,  743,  378,  724,  410,  610,  165,  984,  886,  239,  990,  647,  696,   38,  983,   77,  658, 1151,  742,  781,  859,  592,  398,  543,  874,  643,  392,  722,  793,  433, 1093,  322,  830,  816,  427,  711, 1021,  657,  820,  340,  751,  311,  966,  795,  957,  756,  933,  128,  935, 1003, 1022,  802,  652,  578,  855, 1144,  936,  630,  809,  313,  890,  905,  435,  431,  429],
        [  632,    0,  227,  144,  200,  171,   79,  413,  619,  633,  220,  450,  244,  315,  320,  746,  422,  444,  575,  162,  625,  660,  189,  366,  343,  547,  377,  452,  198,   84,  460,  589,  765,    0,  683,  324,  748,  953,  569,  372,  283,  631,  632,  561,  610,  361,  802,  488,   66,  516,  262,  503,  356,  609,  309,  759,  597,  713,  119,   75,  738,  672,  721,  602,  608,  120,  316,  782,  206,  607,  380,  230,  767,  392,  192,  801,  564,  550,  688,  260,  315,  737,  225,  599,  260,  631,  759,  871,  547,  625,  903,  194,  253,  368,  677,  493,  693,  411,  837,  326,  285,   97,  594,  191,  233,  296,  630,  245,  651,  351,  336,  372],
        [  663,    0,  721,  768,  881,  642,  742,  374,  791,  552,  902,  451,  646,  824,  559,  660,  320,  779,  202,  584,  350,   77,  703,  439,  793,  148,  489,  768,  488,  766,  512,  308,  634,  683,    0,  527,  489,  296,  282,  311,  486,  526,  498,  137,  745,  418,  158,  280,  717,  310,  852,  288,  838,  522,  679,  256,  700,  392,  625,  620,  642,  402,  664,   96,  667,  759,  926,  226,  678,  241,  316,  904,   89,  622,  505,  168,  225,  626,  317,  527,  944,  237,  471,  494,  424,  230,  331,  192,  362,  408,  229,  809,  472,  554,  669,  457,  417,  639,  190,  361,  407,  715,  668,  862,  754,  927,  324,  606,  319,  452,  518,  658],
        [  798,    0,  217,  465,  466,  175,  331,  462,  359,  310,  498,  137,  491,  622,  502,  878,  427,  265,  350,  162,  333,  542,  478,  462,  267,  381,   60,  707,  272,  388,  594,  312,  881,  324,  527,    0,  805,  735,  562,  292,  412,  308,  310,  456,  332,  439,  680,  255,  388,  528,  583,  500,  659,  717,  153,  501,  788,  412,  373,  317,  865,  367,  862,  432,  303,  443,  639,  538,  479,  577,  347,  533,  614,  596,  185,  588,  524,  242,  681,   68,  636,  680,  180,  277,  226,  381,  740,  687,  586,  318,  706,  336,  128,   56,  833,  176,  386,  142,  625,  235,  305,  284,  291,  427,  534,  617,  638,  102,  368,  456,  489,  599],
        [  274,    0,  910,  742,  923,  818,  826,  353, 1150,  971,  926,  806,  554,  681,  446,  198,  378, 1063,  632,  755,  796,  413,  639,  384, 1020,  531,  800,  518,  588,  811,  302,  743,  159,  748,  489,  805,    0,  718,  254,  516,  465,  949,  926,  421, 1113,  395,  426,  655,  739,  278,  762,  308,  669,  165,  925,  744,  340,  860,  635,  675,  181,  858,  217,  524, 1054,  750,  827,  713,  606,  265,  458,  894,  490,  424,  667,  642,  309,  999,  172,  763,  859,  271,  649,  911,  590,  689,  182,  594,  220,  847,  638,  935,  688,  854,  250,  833,  877,  946,  649,  571,  515,  829, 1049,  932,  659,  849,  181,  831,  777,  398,  418,  468],
        [  934,    0,  948, 1051, 1146,  881, 1003,  669,  903,  631, 1170,  622,  939, 1117,  854,  908,  615,  951,  390,  832,  442,  357,  993,  734,  996,  408,  683, 1061,  766, 1036,  801,  436,  875,  953,  296,  735,  718,    0,  562,  588,  780,  605,  576,  432,  854,  713,  293,  485,  994,  599, 1142,  580, 1133,  790,  884,  255,  979,  419,  909,  896,  890,  458,  919,  356,  767, 1040, 1214,  205,  969,  514,  605, 1180,  242,  916,  765,  153,  511,  747,  557,  756, 1230,  449,  731,  589,  694,  356,  537,  125,  642,  492,   80, 1053,  718,  743,  933,  607,  458,  812,  117,  628,  691,  970,  774, 1121, 1045, 1213,  584,  830,  399,  747,  813,  953],
        [  382,    0,  693,  605,  762,  601,  643,  161,  900,  719,  773,  554,  441,  607,  335,  390,  151,  825,  386,  537,  549,  209,  516,  223,  795,  284,  552,  510,  382,  644,  245,  495,  372,  569,  282,  562,  254,  562,    0,  271,  300,  697,  674,  178,  862,  216,  299,  402,  579,   55,  661,   68,  612,  242,  693,  522,  420,  618,  473,  495,  373,  612,  390,  288,  801,  605,  734,  501,  485,   53,  220,  757,  321,  371,  446,  449,   62,  747,  124,  527,  759,  179,  422,  658,  362,  448,  193,  442,   81,  597,  486,  741,  454,  609,  390,  580,  632,  701,  467,  330,  297,  635,  797,  759,  555,  745,   77,  601,  534,  239,  293,  412],
        [  550,    0,  439,  463,  571,  351,  433,  193,  635,  485,  591,  299,  371,  546,  316,  609,  144,  554,  241,  288,  362,  293,  411,  222,  532,  182,  284,  544,  178,  456,  349,  309,  605,  372,  311,  292,  516,  588,  271,    0,  221,  468,  451,  194,  600,  195,  436,  191,  408,  238,  557,  210,  569,  446,  425,  429,  557,  449,  322,  310,  595,  425,  598,  233,  546,  452,  629,  438,  391,  288,   63,  595,  396,  404,  201,  439,  236,  489,  391,  260,  643,  401,  170,  428,  116,  309,  452,  500,  300,  394,  533,  509,  189,  339,  578,  333,  447,  431,  473,   62,  107,  410,  540,  554,  466,  626,  347,  337,  367,  225,  284,  426],
        [  390,    0,  457,  306,  468,  368,  361,  139,  769,  676,  476,  477,  160,  338,   99,  485,  172,  639,  460,  310,  579,  440,  223,   84,  573,  388,  434,  326,  144,  352,  192,  527,  497,  283,  486,  412,  465,  780,  300,  221,    0,  662,  651,  350,  743,   84,  570,  409,  283,  245,  372,  240,  355,  335,  493,  646,  376,  667,  177,  210,  474,  640,  464,  431,  708,  306,  445,  650,  194,  345,  180,  458,  559,  192,  235,  638,  310,  647,  412,  351,  467,  476,  232,  623,  193,  529,  484,  676,  266,  605,  715,  471,  284,  467,  429,  518,  663,  548,  668,  226,  126,  365,  698,  471,  269,  452,  353,  401,  586,   69,   78,  208],
        [ 1017,    0,  491,  771,  764,  477,  635,  659,  300,   27,  798,  190,  775,  921,  760, 1070,  606,  390,  330,  469,  179,  579,  776,  686,  479,  424,  255,  982,  543,  694,  815,  218, 1061,  631,  526,  308,  949,  605,  697,  468,  662,    0,   30,  533,  251,  659,  679,  295,  694,  684,  889,  652,  956,  908,  392,  352, 1023,  188,  669,  618, 1054,  148, 1062,  448,  163,  749,  946,  405,  772,  687,  530,  837,  592,  854,  472,  491,  641,  156,  792,  372,  943,  747,  453,   40,  472,  298,  831,  610,  750,  121,  610,  620,  403,  269, 1044,  146,  149,  278,  523,  439,  538,  587,  172,  721,  833,  925,  768,  399,  218,  686,  736,  866],
        [ 1000,    0,  502,  771,  772,  482,  640,  642,  328,   57,  805,  185,  768,  917,  748, 1051,  588,  412,  304,  470,  150,  552,  772,  671,  496,  399,  255,  972,  536,  697,  800,  191, 1040,  632,  498,  310,  926,  576,  674,  451,  651,   30,    0,  509,  279,  644,  650,  274,  695,  663,  888,  631,  951,  889,  405,  323, 1008,  160,  665,  616, 1035,  119, 1043,  422,  192,  750,  947,  376,  767,  664,  513,  842,  563,  842,  467,  461,  618,  181,  768,  372,  945,  720,  447,   34,  463,  270,  806,  580,  729,   92,  580,  630,  398,  276, 1026,  141,  121,  294,  493,  426,  526,  592,  200,  729,  829,  927,  746,  405,  189,  672,  724,  856],
        [  551,    0,  627,  637,  761,  542,  625,  240,  763,  557,  779,  413,  509,  687,  423,  568,  184,  718,  212,  480,  376,  100,  568,  303,  713,  111,  429,  634,  364,  644,  384,  323,  549,  561,  137,  456,  421,  432,  178,  194,  350,  533,  509,    0,  721,  282,  243,  246,  591,  190,  718,  163,  702,  416,  602,  348,  582,  441,  495,  495,  551,  437,  567,  111,  652,  630,  792,  333,  543,  157,  185,  777,  211,  488,  395,  297,  117,  603,  259,  440,  811,  228,  363,  496,  309,  271,  302,  327,  250,  427,  365,  703,  375,  493,  564,  431,  457,  584,  323,  252,  279,  604,  650,  746,  618,  794,  241,  520,  358,  316,  382,  523],
        [ 1128,    0,  405,  750,  681,  440,  583,  784,   50,  226,  716,  310,  814,  924,  832, 1203,  742,  212,  543,  466,  418,  787,  788,  791,  334,  621,  318, 1032,  603,  648,  923,  444, 1203,  610,  745,  332, 1113,  854,  862,  600,  743,  251,  279,  721,    0,  767,  903,  478,  674,  836,  866,  806,  964, 1041,  305,  601, 1119,  438,  687,  627, 1190,  397, 1189,  657,   88,  725,  909,  653,  794,  865,  661,  770,  820,  927,  514,  734,  814,  120,  972,  395,  896,  947,  511,  267,  555,  530, 1022,  852,  899,  364,  855,  523,  459,  276, 1162,  292,  399,  202,  768,  551,  633,  535,   81,  631,  839,  879,  938,  370,  461,  786,  820,  927],
        [  364,    0,  516,  390,  549,  425,  438,   56,  797,  675,  559,  482,  233,  409,  142,  440,   98,  683,  420,  363,  555,  366,  303,   28,  629,  336,  450,  362,  194,  432,  159,  501,  445,  361,  418,  439,  395,  713,  216,  195,   84,  659,  644,  282,  767,    0,  492,  385,  365,  162,  451,  158,  421,  281,  540,  600,  365,  640,  259,  287,  428,  618,  424,  373,  723,  389,  524,  598,  274,  262,  138,  541,  486,  216,  278,  576,  230,  663,  330,  386,  548,  393,  266,  619,  213,  490,  402,  606,  187,  588,  646,  543,  313,  493,  396,  519,  641,  580,  604,  222,  134,  436,  715,  550,  346,  533,  271,  446,  556,   35,  101,  246],
        [  651,    0,  865,  870, 1002,  781,  867,  439,  949,  705, 1019,  609,  724,  898,  625,  617,  399,  935,  360,  721,  501,  144,  792,  506,  943,  300,  644,  808,  604,  884,  543,  463,  583,  802,  158,  680,  426,  293,  299,  436,  570,  679,  650,  243,  903,  492,    0,  437,  828,  347,  941,  338,  906,  507,  830,  375,  701,  531,  729,  734,  599,  548,  629,  251,  824,  865, 1015,  329,  764,  247,  423, 1014,   91,  669,  637,  240,  264,  784,  268,  673, 1037,  157,  604,  648,  551,  381,  246,  169,  374,  559,  213,  944,  613,  709,  646,  615,  561,  795,  236,  493,  518,  846,  825,  988,  838, 1022,  303,  753,  466,  521,  582,  710],
        [  732,    0,  464,  607,  672,  397,  528,  375,  521,  317,  699,  173,  549,  718,  506,  777,  318,  500,   96,  351,  171,  311,  576,  412,  521,  144,  210,  734,  328,  569,  535,  119,  767,  488,  280,  255,  655,  485,  402,  191,  409,  295,  274,  246,  478,  385,  437,    0,  539,  390,  714,  358,  745,  616,  408,  271,  744,  259,  475,  444,  761,  234,  770,  186,  407,  591,  782,  297,  562,  396,  248,  717,  365,  594,  297,  335,  348,  359,  502,  271,  790,  470,  265,  256,  247,  143,  547,  432,  456,  205,  452,  569,  240,  275,  755,  187,  257,  359,  373,  189,  286,  491,  405,  642,  634,  772,  475,  346,  179,  416,  474,  616],
        [  602,    0,  285,   79,  185,  235,  114,  419,  683,  697,  195,  512,  207,  253,  298,  720,  438,  504,  623,  226,  683,  689,  137,  365,  398,  587,  440,  402,  230,   73,  443,  644,  743,   66,  717,  388,  739,  994,  579,  408,  283,  694,  695,  591,  674,  365,  828,  539,    0,  525,  197,  516,  295,  593,  372,  809,  561,  771,  107,   99,  714,  731,  694,  640,  673,   56,  253,  829,  161,  621,  406,  188,  800,  359,  244,  843,  581,  615,  694,  323,  254,  752,  275,  662,  302,  681,  766,  908,  548,  685,  941,  229,  309,  433,  647,  555,  753,  476,  878,  368,  312,  150,  659,  194,  174,  235,  635,  310,  707,  350,  322,  334],
        [  362,    0,  648,  551,  709,  556,  591,  106,  873,  705,  719,  531,  387,  555,  282,  390,  105,  788,  387,  491,  545,  242,  462,  168,  752,  286,  522,  465,  332,  591,  203,  490,  378,  516,  310,  528,  278,  599,   55,  238,  245,  684,  663,  190,  836,  162,  347,  390,  525,    0,  607,   32,  561,  231,  653,  537,  393,  619,  419,  442,  373,  609,  385,  300,  779,  551,  680,  522,  431,  104,  182,  702,  359,  323,  401,  478,   88,  723,  173,  488,  705,  233,  379,  644,  319,  453,  244,  481,   67,  590,  524,  691,  414,  577,  377,  560,  630,  668,  499,  294,  250,  585,  774,  707,  501,  691,  118,  560,  534,  184,  240,  364],
        [  561,    0,  468,  119,  252,  430,  287,  505,  872,  892,  231,  704,  221,  103,  331,  691,  543,  686,  789,  422,  866,  811,  150,  440,  572,  738,  634,  304,  388,  223,  463,  824,  724,  262,  852,  583,  762, 1142,  661,  557,  372,  889,  888,  718,  866,  451,  941,  714,  197,  607,    0,  608,  141,  600,  562,  978,  503,  956,  239,  275,  690,  918,  660,  787,  869,  143,   74,  993,  178,  710,  538,  171,  928,  339,  428,  995,  680,  811,  760,  518,  100,  839,  455,  856,  467,  853,  832, 1044,  609,  873, 1081,  380,  496,  629,  608,  748,  940,  670, 1027,  530,  452,  333,  854,  295,  107,   88,  701,  506,  887,  424,  370,  297],
        [  391,    0,  626,  546,  698,  534,  577,  103,  843,  673,  710,  500,  389,  561,  288,  421,   84,  761,  356,  470,  513,  224,  461,  170,  729,  255,  493,  482,  315,  580,  224,  459,  410,  503,  288,  500,  308,  580,   68,  210,  240,  652,  631,  163,  806,  158,  338,  358,  516,   32,  608,    0,  569,  263,  628,  509,  420,  588,  411,  430,  405,  577,  416,  272,  748,  544,  681,  495,  431,  106,  155,  696,  343,  338,  379,  455,   74,  692,  191,  463,  705,  237,  356,  613,  295,  422,  260,  465,   99,  558,  507,  674,  389,  548,  407,  529,  598,  640,  478,  266,  230,  568,  743,  694,  503,  690,  140,  536,  503,  185,  245,  376],
        [  442,    0,  579,  226,  391,  525,  402,  469,  975,  963,  372,  767,  198,   44,  282,  574,  519,  798,  808,  503,  908,  786,  181,  402,  690,  742,  703,  173,  421,  342,  385,  861,  610,  356,  838,  659,  669, 1133,  612,  569,  355,  956,  951,  702,  964,  421,  906,  745,  295,  561,  141,  569,    0,  504,  664,  997,  380,  998,  288,  342,  575,  965,  542,  786,  956,  251,  176, 1003,  186,  663,  534,  312,  906,  251,  485,  992,  642,  896,  696,  591,  214,  787,  506,  920,  501,  876,  764, 1026,  548,  924, 1066,  506,  554,  710,  489,  811,  988,  763, 1022,  556,  463,  443,  943,  430,  126,  212,  638,  596,  923,  388,  324,  206],
        [  145,    0,  791,  588,  773,  701,  687,  257, 1073,  927,  773,  744,  399,  517,  295,  164,  304,  963,  618,  641,  775,  447,  484,  262,  906,  517,  723,  355,  471,  665,  150,  720,  165,  609,  522,  717,  165,  790,  242,  446,  335,  908,  889,  416, 1041,  281,  507,  616,  593,  231,  600,  263,  504,    0,  820,  763,  197,  850,  492,  539,  149,  839,  155,  527,  991,  598,  663,  743,  451,  282,  384,  738,  550,  261,  558,  688,  303,  933,  243,  666,  696,  354,  547,  868,  493,  683,  294,  667,  167,  819,  711,  801,  593,  770,  148,  778,  860,  859,  703,  490,  414,  697,  984,  786,  499,  687,  206,  726,  765,  272,  274,  304],
        [  882,    0,  104,  447,  386,  141,  278,  573,  312,  385,  420,  268,  530,  623,  570,  976,  549,  146,  502,  186,  466,  692,  492,  559,  114,  532,  202,  748,  351,  343,  684,  454,  984,  309,  679,  153,  925,  884,  693,  425,  493,  392,  405,  602,  305,  540,  830,  408,  372,  653,  562,  628,  664,  820,    0,  644,  861,  535,  399,  337,  965,  488,  957,  584,  319,  421,  604,  684,  503,  713,  473,  469,  766,  659,  263,  738,  661,  269,  815,  166,  593,  823,  277,  373,  335,  529,  877,  839,  706,  438,  857,  232,  240,  144,  921,  295,  503,  121,  776,  365,  411,  230,  303,  338,  540,  575,  767,   95,  505,  550,  568,  652],
