{
    "name": "random-54-25575",
    "comment": "size=54 seed=25575",
    "nodes": ["+0", "-0", "+1", "-1", "+2", "-2", "+3", "-3", "+4", "-4", "+5", "-5", "+6", "-6", "+7", "-7", "+8", "-8", "+9", "-9", "+10", "-10", "+11", "-11", "+12", "-12", "+13", "-13", "+14", "-14", "+15", "-15", "+16", "-16", "+17", "-17", "+18", "-18", "+19", "-19", "+20", "-20", "+21", "-21", "+22", "-22", "+23", "-23", "+24", "-24", "+25", "-25", "+26", "-26", "+27", "-27", "+28", "-28", "+29", "-29", "+30", "-30", "+31", "-31", "+32", "-32", "+33", "-33", "+34", "-34", "+35", "-35", "+36", "-36", "+37", "-37", "+38", "-38", "+39", "-39", "+40", "-40", "+41", "-41", "+42", "-42", "+43", "-43", "+44", "-44", "+45", "-45", "+46", "-46", "+47", "-47", "+48", "-48", "+49", "-49", "+50", "-50", "+51", "-51", "+52", "-52", "+53", "-53", "+54", "-54"],
    "precedence": {
        "+0": "-0",
        "+1": "-1",
        "+2": "-2",
        "+3": "-3",
        "+4": "-4",
        "+5": "-5",
        "+6": "-6",
        "+7": "-7",
        "+8": "-8",
        "+9": "-9",
        "+10": "-10",
        "+11": "-11",
        "+12": "-12",
        "+13": "-13",
        "+14": "-14",
        "+15": "-15",
        "+16": "-16",
        "+17": "-17",
        "+18": "-18",
        "+19": "-19",
        "+20": "-20",
        "+21": "-21",
        "+22": "-22",
        "+23": "-23",
        "+24": "-24",
        "+25": "-25",
        "+26": "-26",
        "+27": "-27",
        "+28": "-28",
        "+29": "-29",
        "+30": "-30",
        "+31": "-31",
        "+32": "-32",
        "+33": "-33",
        "+34": "-34",
        "+35": "-35",
        "+36": "-36",
        "+37": "-37",
        "+38": "-38",
        "+39": "-39",
        "+40": "-40",
        "+41": "-41",
        "+42": "-42",
        "+43": "-43",
        "+44": "-44",
        "+45": "-45",
        "+46": "-46",
        "+47": "-47",
        "+48": "-48",
        "+49": "-49",
        "+50": "-50",
        "+51": "-51",
        "+52": "-52",
        "+53": "-53",
        "+54": "-54"
    },
    "edges": [
        [    0,    0,  394,  580,  389,  576,  667,  355,  943,  510,  440,  922,  910,  619,  744,  994,  713, 1129,  225,  856,  268,  237,  680,  569,  658,  420,  724,  467,  335,  682,  140,  712,  840,  289,  620,  565,  741,  855,  644,   56,  474,  694,  661,  815,  515,  541,  235,  679,  590,  938,  632,  596,  396,  672,  848,  482,  995,  464,  570,  875, 1102,  355,  614,  263,  449,  182,  265,  250, 1021,  802,  950,  276,  447,  546,  768, 1092,  341, 1104,  981,  459,  236,  919,  869,  701, 1133,  709,  725,  756,  795,  477,  858,  305,  837,  440,  520,  615, 1132,  863,  973,  384,  189,  613,  199,  759,  377,  683,  671,  313,  618,  608],
        [    0,    0,    0,    0,    0,    0,    0,    0,    0,    0,    0,    0,    0,    0,    0,    0,    0,    0,    0,    0,    0,    0,    0,    0,    0,    0,    0,    0,    0,    0,    0,    0,    0,    0,    0,    0,    0,    0,    0,    0,    0,    0,    0,    0,    0,    0,    0,    0,    0,    0,    0,    0,    0,    0,    0,    0,    0,    0,    0,    0,    0,    0,    0,    0,    0,    0,    0,    0,    0,    0,    0,    0,    0,    0,    0,    0,    0,    0,    0,    0,    0,    0,    0,    0,    0,    0,    0,    0,    0,    0,    0,    0,    0,    0,    0,    0,    0,    0,    0,    0,    0,    0,    0,    0,    0,    0,    0,    0,    0,    0],
        [  394,    0,    0,  571,   63,  736,  658,  610,  727,  703,  605,  543,  645,  802,  453,  608,  385,  993,  468,  770,  280,  471,  627,  551,  740,  278,  557,   92,  330,  376,  258,  323,  456,  299,  621,  173,  770,  465,  833,  351,  138,  567,  499,  748,  573,  795,  250,  407,  288,  600,  283,  245,  144,  425,  480,  749,  611,  713,  835,  780,  980,  213,  354,  559,   56,  440,  304,  519,  826,  475,  892,  320,  343,  633,  540,  952,  300,  975,  819,  484,  341,  604,  736,  540,  986,  855,  450,  613,  819,   88,  474,  112,  686,  489,  788,  811, 1017,  491,  677,  325,  221,  793,  488,  809,   18,  769,  315,  201,  717,  331],
        [  580,    0,  571,    0,  509,  283,   93,  385,  465,  313,  254,  775,  511,  351,  458,  863,  513,  564,  390,  283,  351,  378,  108,   21,  196,  295,  258,  542,  273,  459,  522,  684,  738,  323,   51,  667,  200,  789,  378,  596,  486,  192,  231,  237,  102,  449,  401,  403,  434,  665,  526,  520,  429,  360,  687,  446,  855,  402,  488,  304,  531,  362,  371,  444,  581,  420,  745,  408,  507,  556,  370,  764,  230,  145,  367,  529,  290,  535,  442,  122,  749,  604,  321,  241,  572,  344,  424,  247,  249,  575,  749,  606,  312,  142,  466,  373,  558,  708,  607,  253,  597,  341,  439,  241,  565,  222,  554,  701,  197,  396],
        [  389,    0,   63,  509,    0,  682,  596,  569,  674,  652,  553,  535,  598,  749,  409,  606,  350,  933,  432,  708,  234,  433,  564,  489,  680,  215,  498,   80,  275,  334,  249,  325,  452,  249,  559,  201,  708,  469,  780,  352,   96,  505,  438,  685,  514,  750,  211,  357,  242,  572,  255,  217,   81,  372,  464,  706,  607,  669,  790,  718,  920,  153,  301,  526,   84,  408,  342,  484,  771,  441,  830,  359,  280,  575,  486,  893,  244,  916,  761,  424,  374,  568,  675,  480,  928,  798,  402,  552,  757,   98,  470,  148,  626,  431,  744,  759,  957,  478,  637,  265,  235,  740,  457,  747,   63,  709,  291,  248,  658,  281],
        [  576,    0,  736,  283,  682,    0,  289,  241,  733,   78,  142, 1044,  792,   73,  735, 1132,  779,  755,  352,  487,  461,  340,  359,  297,  150,  496,  538,  738,  407,  726,  586,  925,  998,  439,  266,  871,  263, 1044,  103,  615,  694,  471,  512,  436,  200,  186,  503,  676,  684,  946,  773,  759,  615,  635,  955,  209, 1125,  178,  218,  511,  713,  531,  635,  338,  764,  396,  811,  331,  755,  832,  512,  827,  444,  140,  649,  728,  439,  722,  677,  278,  797,  886,  561,  522,  771,  134,  701,  519,  302,  768, 1011,  731,  569,  261,  213,   91,  727,  977,  888,  426,  676,   62,  381,  248,  725,  156,  807,  805,  111,  655],
        [  667,    0,  658,   93,  596,  289,    0,  442,  445,  339,  305,  819,  515,  349,  496,  906,  563,  494,  469,  213,  443,  456,   75,  110,  162,  381,  268,  624,  365,  510,  614,  748,  791,  416,   48,  746,  119,  844,  371,  686,  567,  199,  262,  163,  163,  471,  493,  450,  499,  691,  590,  588,  516,  403,  732,  480,  897,  439,  506,  236,  458,  451,  429,  512,  666,  502,  837,  481,  467,  594,  284,  856,  316,  173,  385,  462,  382,  464,  393,  211,  840,  624,  274,  257,  506,  313,  462,  236,  163,  657,  800,  697,  281,  228,  493,  373,  481,  754,  614,  344,  689,  339,  517,  166,  653,  180,  615,  793,  183,  456],
        [  355,    0,  610,  385,  569,  241,  442,    0,  843,  166,  139, 1028,  865,  269,  756, 1112,  771,  936,  149,  655,  337,  143,  490,  387,  362,  443,  622,  640,  324,  723,  402,  865,  964,  327,  400,  769,  468, 1000,  292,  401,  612,  565,  575,  605,  285,  193,  361,  689,  655,  973,  733,  708,  522,  659,  941,  141, 1108,  112,  229,  678,  899,  440,  633,   99,  651,  189,  610,  108,  891,  843,  712,  624,  417,  274,  712,  904,  356,  905,  826,  297,  588,  927,  705,  601,  948,  369,  726,  626,  517,  665,  980,  572,  695,  268,  180,  262,  920,  961,  952,  368,  491,  264,  157,  469,  596,  380,  771,  627,  317,  644],
        [  943,    0,  727,  465,  674,  733,  445,  843,    0,  775,  718,  548,  141,  793,  299,  619,  395,  312,  811,  295,  676,  801,  374,  459,  602,  528,  226,  647,  612,  372,  835,  610,  569,  655,  469,  709,  516,  629,  814,  937,  590,  278,  284,  331,  566,  910,  713,  325,  445,  359,  491,  518,  608,  303,  486,  911,  605,  867,  947,  278,  323,  604,  374,  885,  700,  827, 1007,  844,  106,  350,  387, 1026,  496,  605,  189,  276,  603,  311,  150,  549, 1031,  283,  195,  249,  294,  747,  288,  219,  518,  672,  568,  819,  166,  578,  930,  817,  362,  503,  222,  561,  874,  784,  861,  561,  733,  615,  486,  921,  628,  397],
        [  510,    0,  703,  313,  652,   78,  339,  166,  775,    0,   99, 1048,  823,  110,  749, 1135,  784,  819,  288,  546,  423,  278,  403,  323,  219,  482,  570,  713,  380,  732,  533,  914,  997,  404,  308,  846,  332, 1039,  138,  552,  674,  505,  536,  495,  217,  136,  461,  686,  681,  964,  768,  750,  590,  649,  959,  142, 1130,  104,  176,  570,  778,  506,  640,  264,  735,  333,  753,  262,  806,  843,  581,  769,  436,  171,  676,  791,  413,  787,  731,  277,  736,  908,  613,  552,  834,  204,  716,  558,  374,  743, 1010,  687,  615,  254,  155,  111,  795,  981,  917,  408,  623,  103,  313,  322,  691,  230,  803,  755,  175,  657],
        [  440,    0,  605,  254,  553,  142,  305,  139,  718,   99,    0,  957,  752,  200,  664, 1043,  694,  798,  215,  517,  326,  203,  356,  259,  230,  385,  503,  614,  281,  642,  445,  817,  902,  306,  264,  747,  332,  944,  230,  476,  575,  442,  462,  467,  153,  218,  365,  600,  587,  880,  672,  653,  492,  565,  868,  200, 1038,  155,  261,  540,  760,  407,  550,  222,  637,  258,  670,  204,  760,  757,  573,  686,  342,  136,  602,  766,  314,  767,  691,  190,  657,  828,  571,  483,  810,  274,  632,  499,  382,  644,  916,  592,  565,  164,  227,  207,  781,  889,  844,  310,  534,  191,  250,  337,  593,  251,  708,  665,  187,  566],
        [  922,    0,  543,  775,  535, 1044,  819, 1028,  548, 1048,  957,    0,  408, 1116,  325,   88,  265,  856,  920,  784,  714,  917,  750,  757,  968,  585,  566,  459,  706,  319,  783,  228,   92,  713,  812,  401,  931,  121, 1145,  886,  450,  628,  558,  796,  845, 1175,  716,  373,  374,  197,  300,  331,  535,  417,   90, 1148,   82, 1104, 1217,  777,  870,  603,  410, 1016,  489,  909,  833,  970,  644,  228,  903,  846,  616,  907,  455,  821,  675,  857,  696,  772,  876,  268,  695,  569,  835, 1118,  358,  619,  958,  456,   74,  653,  640,  795, 1181, 1134,  909,   68,  349,  660,  763, 1105,  958,  981,  559,  993,  260,  722,  971,  392],
        [  910,    0,  645,  511,  598,  792,  515,  865,  141,  823,  752,  408,    0,  858,  194,  479,  280,  450,  810,  408,  647,  801,  440,  500,  676,  492,  254,  558,  595,  271,  790,  484,  432,  630,  528,  601,  605,  492,  882,  896,  507,  322,  291,  435,  607,  958,  676,  242,  358,  220,  384,  416,  544,  239,  348,  951,  466,  906,  998,  395,  463,  558,  304,  893,  610,  818,  939,  848,  239,  219,  515,  957,  477,  656,  153,  415,  578,  450,  290,  569,  968,  143,  310,  272,  431,  826,  197,  280,  617,  579,  431,  745,  263,  598,  974,  880,  502,  365,  100,  541,  816,  847,  858,  653,  654,  693,  371,  844,  694,  319],
        [  619,    0,  802,  351,  749,   73,  349,  269,  793,  110,  200, 1116,  858,    0,  806, 1204,  851,  795,  398,  536,  525,  387,  421,  366,  195,  567,  605,  807,  475,  798,  641,  997, 1070,  504,  330,  940,  303, 1116,   32,  661,  764,  537,  581,  486,  272,  154,  565,  747,  756, 1016,  845,  831,  684,  706, 1027,  196, 1197,  179,  176,  560,  751,  600,  707,  368,  832,  442,  862,  370,  810,  903,  547,  878,  516,  211,  717,  771,  507,  762,  729,  350,  846,  955,  616,  590,  813,  109,  772,  582,  334,  837, 1083,  792,  629,  332,  186,   26,  762, 1048,  955,  496,  731,   11,  420,  278,  791,  192,  879,  863,  166,  727],
        [  744,    0,  453,  458,  409,  735,  496,  756,  299,  749,  664,  325,  194,  806,    0,  411,   99,  602,  675,  471,  490,  668,  426,  441,  648,  337,  243,  365,  453,   78,  616,  317,  309,  478,  491,  413,  607,  367,  834,  724,  316,  303,  234,  478,  536,  880,  512,   68,  168,  218,  194,  224,  361,  100,  240,  861,  402,  817,  922,  468,  603,  390,  132,  766,  417,  676,  750,  719,  404,   99,  596,  768,  341,  596,  143,  562,  430,  594,  426,  474,  781,  178,  392,  245,  588,  799,   35,  300,  635,  386,  315,  556,  335,  501,  891,  825,  643,  262,  232,  400,  633,  795,  720,  656,  462,  671,  188,  653,  654,  137],
        [  994,    0,  608,  863,  606, 1132,  906, 1112,  619, 1135, 1043,   88,  479, 1204,  411,    0,  353,  923, 1002,  865,  795,  999,  836,  845, 1056,  670,  651,  528,  789,  406,  854,  286,  155,  795,  899,  455, 1018,  150, 1233,  955,  525,  713,  644,  880,  932, 1261,  794,  460,  459,  261,  381,  410,  613,  504,  177, 1233,   16, 1190, 1303,  857,  939,  683,  498, 1098,  553,  989,  888, 1052,  711,  314,  983,  900,  702,  994,  539,  890,  758,  926,  768,  859,  933,  336,  774,  655,  901, 1206,  445,  703, 1044,  521,  137,  715,  720,  882, 1266, 1222,  978,  156,  409,  745,  828, 1193, 1038, 1067,  624, 1080,  342,  777, 1059,  479],
        [  713,    0,  385,  513,  350,  779,  563,  771,  395,  784,  694,  265,  280,  851,   99,  353,    0,  700,  674,  561,  476,  669,  497,  494,  707,  333,  327,  294,  454,   55,  579,  219,  228,  470,  552,  322,  678,  283,  881,  687,  254,  381,  305,  564,  580,  912,  488,  115,  125,  226,  106,  143,  319,  162,  176,  887,  346,  843,  954,  560,  701,  367,  146,  768,  343,  669,  688,  722,  501,   92,  688,  704,  356,  642,  238,  661,  426,  692,  524,  508,  722,  219,  486,  325,  686,  856,  121,  387,  710,  310,  238,  493,  429,  532,  919,  869,  741,  198,  295,  405,  583,  841,  716,  727,  397,  732,   92,  585,  708,  129],
        [ 1129,    0,  993,  564,  933,  755,  494,  936,  312,  819,  798,  856,  450,  795,  602,  923,  700,    0,  953,  283,  874,  941,  457,  569,  606,  750,  437,  922,  798,  669, 1046,  917,  881,  848,  538, 1002,  493,  941,  806, 1136,  862,  443,  498,  332,  655,  939,  919,  613,  727,  663,  788,  810,  859,  580,  797,  960,  909,  922,  968,  261,   47,  831,  648, 1005,  975,  981, 1246,  971,  213,  661,  251, 1265,  700,  664,  470,   41,  801,   34,  178,  680, 1262,  588,  265,  456,   29,  713,  584,  387,  463,  951,  880, 1070,  309,  704,  967,  820,   66,  814,  515,  756, 1103,  788, 1002,  519,  995,  604,  788, 1173,  646,  676],
        [  225,    0,  468,  390,  432,  352,  469,  149,  811,  288,  215,  920,  810,  398,  675, 1002,  674,  953,    0,  672,  209,   13,  497,  384,  438,  343,  586,  507,  223,  630,  254,  741,  850,  207,  422,  633,  528,  881,  424,  264,  487,  541,  530,  626,  308,  341,  222,  607,  552,  888,  621,  592,  396,  585,  836,  288, 1000,  260,  377,  693,  920,  319,  545,   97,  513,   45,  466,   52,  875,  754,  752,  481,  337,  328,  658,  917,  249,  924,  821,  275,  448,  852,  702,  563,  960,  485,  649,  604,  581,  530,  867,  425,  681,  249,  328,  396,  947,  855,  888,  276,  343,  391,   51,  542,  453,  462,  660,  478,  397,  550],
        [  856,    0,  770,  283,  708,  487,  213,  655,  295,  546,  517,  784,  408,  536,  471,  865,  561,  283,  672,    0,  609,  660,  177,  290,  342,  505,  237,  714,  532,  516,  783,  774,  779,  583,  256,  817,  238,  838,  552,  867,  653,  205,  280,   52,  373,  672,  657,  452,  543,  619,  623,  634,  629,  407,  705,  687,  853,  648,  705,   25,  249,  585,  461,  723,  764,  702,  995,  689,  280,  559,  129, 1014,  447,  385,  331,  250,  539,  253,  195,  401, 1005,  543,  101,  246,  293,  471,  442,  176,  228,  746,  784,  832,  146,  424,  698,  561,  276,  726,  504,  496,  848,  528,  721,  277,  770,  347,  636,  934,  377,  492],
        [  268,    0,  280,  351,  234,  461,  443,  337,  676,  423,  326,  714,  647,  525,  490,  795,  476,  874,  209,  609,    0,  207,  438,  336,  486,  156,  458,  304,   79,  436,  174,  534,  643,   28,  399,  433,  540,  673,  555,  265,  279,  433,  395,  573,  319,  517,   50,  423,  351,  696,  415,  385,  188,  410,  632,  473,  793,  436,  557,  626,  849,  112,  358,  305,  317,  195,  394,  260,  755,  560,  715,  413,  181,  372,  502,  835,   74,  849,  719,  238,  399,  667,  610,  435,  875,  585,  468,  494,  593,  329,  659,  273,  574,  233,  511,  532,  881,  650,  715,  118,  246,  516,  244,  570,  268,  514,  454,  358,  456,  358],
        [  237,    0,  471,  378,  433,  340,  456,  143,  801,  278,  203,  917,  801,  387,  668,  999,  669,  941,   13,  660,  207,    0,  485,  372,  426,  338,  576,  507,  217,  625,  261,  740,  848,  204,  409,  634,  515,  879,  414,  275,  485,  530,  520,  614,  296,  335,  223,  601,  548,  882,  618,  590,  395,  578,  832,  283,  996,  253,  371,  681,  908,  317,  539,  100,  514,   56,  476,   54,  864,  748,  739,  491,  329,  316,  649,  906,  244,  912,  810,  263,  459,  845,  691,  553,  949,  474,  642,  593,  568,  531,  864,  430,  670,  238,  322,  386,  935,  851,  881,  269,  351,  380,   62,  529,  456,  449,  657,  486,  384,  545],
        [  680,    0,  627,  108,  564,  359,   75,  490,  374,  403,  356,  750,  440,  421,  426,  836,  497,  457,  497,  177,  438,  485,    0,  113,  236,  351,  194,  584,  360,  445,  612,  690,  725,  411,   96,  700,  182,  779,  444,  693,  525,  126,  193,  136,  205,  537,  487,  383,  443,  618,  532,  534,  483,  336,  664,  541,  827,  498,  574,  197,  425,  428,  368,  551,  629,  525,  829,  516,  405,  524,  277,  848,  288,  233,  311,  422,  371,  429,  336,  224,  836,  550,  215,  184,  465,  387,  392,  162,  215,  617,  734,  676,  213,  248,  558,  445,  453,  686,  539,  329,  681,  411,  546,  231,  624,  255,  554,  775,  256,  397],
        [  569,    0,  551,   21,  489,  297,  110,  387,  459,  323,  259,  757,  500,  366,  441,  845,  494,  569,  384,  290,  336,  372,  113,    0,  215,  275,  247,  522,  257,  440,  508,  664,  719,  308,   71,  647,  220,  769,  393,  584,  466,  184,  216,  246,  108,  459,  385,  386,  414,  650,  506,  500,  410,  343,  669,  454,  837,  409,  499,  310,  538,  343,  353,  441,  562,  412,  729,  405,  505,  539,  382,  748,  210,  158,  354,  534,  273,  541,  442,  112,  734,  590,  322,  229,  577,  362,  407,  241,  268,  554,  730,  588,  309,  135,  476,  387,  565,  690,  595,  235,  581,  356,  434,  261,  546,  242,  535,  684,  214,  377],
        [  658,    0,  740,  196,  680,  150,  162,  362,  602,  219,  230,  968,  676,  195,  648, 1056,  707,  606,  438,  342,  486,  426,  236,  215,    0,  473,  428,  722,  416,  653,  638,  878,  933,  459,  158,  852,  114,  984,  214,  689,  671,  359,  416,  291,  168,  334,  533,  597,  629,  849,  721,  713,  604,  552,  880,  357, 1048,  322,  365,  366,  564,  528,  567,  451,  758,  479,  867,  433,  615,  747,  364,  885,  411,  116,  544,  580,  442,  573,  534,  257,  862,  784,  422,  416,  622,  153,  614,  397,  157,  755,  944,  756,  437,  255,  362,  220,  578,  902,  775,  416,  723,  187,  478,  108,  732,   30,  750,  843,   45,  592],
        [  420,    0,  278,  295,  215,  496,  381,  443,  528,  482,  385,  585,  492,  567,  337,  670,  333,  750,  343,  505,  156,  338,  351,  275,  473,    0,  319,  250,  122,  288,  307,  433,  523,  142,  345,  380,  494,  561,  598,  409,  200,  309,  256,  477,  311,  599,  186,  269,  212,  547,  291,  270,  135,  255,  499,  566,  666,  524,  641,  517,  731,   82,  205,  436,  288,  340,  496,  390,  614,  412,  622,  515,   65,  375,  349,  710,   94,  729,  586,  222,  513,  514,  486,  298,  748,  601,  313,  364,  542,  283,  538,  328,  444,  236,  601,  580,  766,  518,  560,   76,  354,  557,  386,  534,  274,  501,  329,  430,  456,  208],
        [  724,    0,  557,  258,  498,  538,  268,  622,  226,  570,  503,  566,  254,  605,  243,  651,  327,  437,  586,  237,  458,  576,  194,  247,  428,  319,    0,  491,  390,  280,  623,  538,  550,  435,  276,  585,  371,  608,  630,  721,  431,   69,   64,  237,  355,  705,  498,  216,  309,  425,  386,  399,  422,  171,  482,  700,  640,  655,  745,  239,  423,  400,  227,  661,  543,  602,  813,  618,  298,  338,  365,  832,  278,  402,  118,  396,  384,  419,  268,  326,  831,  357,  180,   23,  433,  580,  211,   62,  394,  522,  557,  634,  129,  355,  722,  627,  460,  504,  351,  341,  672,  595,  636,  420,  560,  447,  400,  737,  443,  257],
        [  467,    0,   92,  542,   80,  738,  624,  640,  647,  713,  614,  459,  558,  807,  365,  528,  294,  922,  507,  714,  304,  507,  584,  522,  722,  250,  491,    0,  333,  288,  327,  246,  374,  315,  592,  134,  740,  390,  838,  428,   61,  510,  437,  696,  560,  817,  286,  323,  203,  508,  191,  153,  123,  347,  391,  776,  530,  737,  858,  722,  912,  208,  276,  602,   54,  484,  396,  558,  748,  383,  839,  412,  313,  623,  461,  881,  301,  907,  747,  470,  433,  512,  671,  476,  914,  848,  364,  549,  786,   34,  392,  203,  619,  481,  813,  818,  950,  403,  587,  313,  306,  797,  534,  782,  106,  751,  223,  292,  705,  250],
        [  335,    0,  330,  273,  275,  407,  365,  324,  612,  380,  281,  706,  595,  475,  453,  789,  454,  798,  223,  532,   79,  217,  360,  257,  416,  122,  390,  333,    0,  408,  253,  544,  641,   52,  321,  467,  464,  677,  506,  338,  296,  360,  329,  495,  249,  488,  128,  385,  333,  666,  409,  385,  211,  365,  619,  452,  786,  410,  530,  549,  773,  126,  323,  316,  357,  225,  472,  269,  687,  532,  636,  491,  119,  306,  445,  760,   34,  774,  647,  163,  478,  630,  536,  367,  801,  525,  427,  422,  517,  363,  656,  341,  502,  162,  487,  485,  804,  639,  669,   55,  324,  465,  268,  496,  320,  445,  448,  432,  390,  328],
        [  682,    0,  376,  459,  334,  726,  510,  723,  372,  732,  642,  319,  271,  798,   78,  406,   55,  669,  630,  516,  436,  625,  445,  440,  653,  288,  280,  288,  408,    0,  550,  259,  281,  428,  498,  338,  626,  335,  827,  658,  240,  330,  253,  516,  526,  860,  452,   65,   94,  260,  120,  147,  291,  111,  230,  836,  400,  792,  902,  515,  668,  330,   93,  723,  339,  627,  675,  677,  477,  124,  643,  692,  306,  589,  201,  629,  382,  659,  492,  455,  707,  239,  445,  276,  657,  802,   86,  341,  658,  309,  291,  480,  388,  479,  868,  816,  707,  251,  304,  358,  562,  787,  673,  674,  386,  678,  122,  577,  654,   80],
        [  140,    0,  258,  522,  249,  586,  614,  402,  835,  533,  445,  783,  790,  641,  616,  854,  579, 1046,  254,  783,  174,  261,  612,  508,  638,  307,  623,  327,  253,  550,    0,  573,  700,  202,  568,  430,  704,  716,  670,  109,  336,  604,  560,  747,  478,  595,  128,  553,  457,  804,  495,  458,  261,  551,  709,  540,  856,  513,  630,  800, 1022,  233,  489,  329,  311,  214,  229,  298,  920,  669,  888,  247,  348,  523,  653, 1006,  246, 1022,  888,  405,  227,  788,  782,  601, 1047,  718,  600,  663,  758,  339,  718,  182,  744,  394,  580,  643, 1055,  724,  847,  290,   91,  633,  256,  731,  241,  666,  533,  225,  604,  480],
        [  712,    0,  323,  684,  325,  925,  748,  865,  610,  914,  817,  228,  484,  997,  317,  286,  219,  917,  741,  774,  534,  740,  690,  664,  878,  433,  538,  246,  544,  259,  573,    0,  138,  539,  729,  174,  867,  144, 1027,  672,  255,  583,  505,  772,  731, 1030,  525,  323,  250,  345,  159,  166,  346,  368,  187,  995,  290,  953, 1072,  774,  919,  426,  323,  837,  267,  723,  606,  793,  715,  267,  901,  619,  481,  796,  456,  878,  511,  910,  742,  647,  649,  382,  703,  532,  902, 1019,  339,  599,  904,  236,  156,  429,  646,  665, 1031, 1011,  959,  190,  470,  508,  543,  986,  773,  914,  339,  905,  139,  495,  870,  294],
        [  840,    0,  456,  738,  452,  998,  791,  964,  569,  997,  902,   92,  432, 1070,  309,  155,  228,  881,  850,  779,  643,  848,  725,  719,  933,  523,  550,  374,  641,  281,  700,  138,    0,  644,  778,  310,  906,   61, 1100,  802,  371,  607,  532,  786,  799, 1119,  641,  342,  316,  247,  232,  258,  459,  389,   86, 1089,  156, 1046, 1162,  775,  890,  532,  367,  947,  401,  836,  743,  901,  671,  225,  903,  756,  561,  863,  449,  844,  610,  878,  713,  722,  786,  305,  696,  550,  862, 1080,  340,  608,  938,  369,   19,  565,  640,  744, 1123, 1087,  930,   74,  392,  599,  676, 1060,  886,  955,  472,  959,  195,  632,  932,  344],
        [  289,    0,  299,  323,  249,  439,  416,  327,  655,  404,  306,  713,  630,  504,  478,  795,  470,  848,  207,  583,   28,  204,  411,  308,  459,  142,  435,  315,   52,  428,  202,  539,  644,    0,  371,  447,  512,  676,  535,  289,  286,  408,  373,  546,  293,  503,   78,  411,  346,  687,  414,  386,  196,  396,  629,  461,  793,  422,  543,  599,  823,  114,  347,  303,  332,  200,  422,  257,  733,  552,  687,  441,  159,  347,  483,  809,   53,  823,  694,  211,  427,  656,  585,  413,  850,  561,  455,  469,  565,  342,  660,  298,  550,  206,  499,  512,  855,  648,  701,   95,  274,  495,  247,  543,  287,  488,  454,  385,  430,  349],
        [  620,    0,  621,   51,  559,  266,   48,  400,  469,  308,  264,  812,  528,  330,  491,  899,  552,  538,  422,  256,  399,  409,   96,   71,  158,  345,  276,  592,  321,  498,  568,  729,  778,  371,    0,  716,  149,  830,  355,  639,  536,  207,  259,  207,  117,  441,  448,  440,  479,  693,  570,  566,  480,  395,  724,  446,  891,  403,  479,  279,  503,  412,  413,  467,  632,  455,  792,  435,  500,  590,  331,  811,  280,  138,  390,  505,  340,  508,  429,  164,  795,  629,  309,  262,  549,  309,  457,  253,  199,  625,  788,  656,  308,  180,  462,  353,  527,  746,  626,  303,  644,  320,  470,  191,  616,  181,  597,  750,  168,  439],
        [  565,    0,  173,  667,  201,  871,  746,  769,  709,  846,  747,  401,  601,  940,  413,  455,  322, 1002,  633,  817,  433,  634,  700,  647,  852,  380,  585,  134,  467,  338,  430,  174,  310,  447,  716,    0,  863,  307,  971,  520,  182,  614,  537,  805,  691,  949,  411,  390,  278,  501,  220,  193,  257,  424,  355,  906,  460,  868,  989,  822,  997,  341,  360,  726,  121,  607,  434,  684,  814,  398,  944,  447,  441,  754,  533,  962,  434,  990,  825,  602,  479,  525,  763,  573,  991,  980,  422,  646,  908,  105,  328,  267,  708,  613,  944,  951, 1037,  360,  609,  445,  385,  930,  656,  906,  189,  880,  232,  323,  835,  330],
        [  741,    0,  770,  200,  708,  263,  119,  468,  516,  332,  332,  931,  605,  303,  607, 1018,  678,  493,  528,  238,  540,  515,  182,  220,  114,  494,  371,  740,  464,  626,  704,  867,  906,  512,  149,  863,    0,  960,  317,  766,  684,  305,  375,  190,  228,  446,  589,  564,  618,  795,  708,  707,  629,  518,  845,  470, 1008,  435,  476,  261,  451,  560,  546,  553,  780,  566,  931,  530,  516,  705,  250,  950,  429,  201,  487,  469,  485,  461,  433,  302,  930,  724,  327,  364,  511,  234,  573,  328,   55,  773,  915,  802,  351,  310,  475,  328,  465,  867,  705,  450,  784,  296,  572,   50,  764,  112,  733,  895,  157,  574],
        [  855,    0,  465,  789,  469, 1044,  844, 1000,  629, 1039,  944,  121,  492, 1116,  367,  150,  283,  941,  881,  838,  673,  879,  779,  769,  984,  561,  608,  390,  677,  335,  716,  144,   61,  676,  830,  307,  960,    0, 1146,  815,  396,  663,  587,  844,  846, 1159,  667,  397,  361,  301,  272,  293,  486,  444,  145, 1127,  157, 1085, 1202,  834,  950,  563,  418,  977,  410,  864,  740,  932,  730,  285,  962,  752,  603,  910,  508,  904,  645,  939,  773,  767,  785,  362,  756,  607,  922, 1130,  397,  666,  993,  379,   63,  570,  699,  787, 1162, 1132,  990,  130,  449,  637,  685, 1105,  914, 1009,  482, 1010,  238,  629,  981,  393],
        [  644,    0,  833,  378,  780,  103,  371,  292,  814,  138,  230, 1145,  882,   32,  834, 1233,  881,  806,  424,  552,  555,  414,  444,  393,  214,  598,  630,  838,  506,  827,  670, 1027, 1100,  535,  355,  971,  317, 1146,    0,  687,  795,  561,  608,  503,  301,  158,  595,  776,  786, 1043,  876,  861,  715,  734, 1056,  207, 1226,  196,  173,  576,  762,  631,  736,  390,  863,  468,  890,  395,  828,  931,  557,  905,  546,  239,  743,  783,  538,  773,  746,  381,  872,  981,  635,  615,  824,  104,  800,  605,  344,  868, 1113,  822,  649,  363,  191,   31,  771, 1078,  980,  527,  760,   42,  446,  288,  822,  206,  909,  892,  189,  757],
        [   56,    0,  351,  596,  352,  615,  686,  401,  937,  552,  476,  886,  896,  661,  724,  955,  687, 1136,  264,  867,  265,  275,  693,  584,  689,  409,  721,  428,  338,  658,  109,  672,  802,  289,  639,  520,  766,  815,  687,    0,  442,  697,  658,  828,  538,  590,  225,  661,  565,  912,  601,  564,  369,  657,  815,  531,  957,  512,  620,  885, 1110,  338,  596,  312,  406,  220,  212,  295, 1019,  777,  966,  224,  444,  574,  758, 1098,  339, 1111,  983,  476,  187,  896,  873,  699, 1138,  748,  707,  758,  820,  436,  820,  256,  839,  460,  570,  658, 1142,  829,  955,  383,  138,  654,  245,  787,  334,  714,  639,  259,  650,  588],
        [  474,    0,  138,  486,   96,  694,  567,  612,  590,  674,  575,  450,  507,  764,  316,  525,  254,  862,  487,  653,  279,  485,  525,  466,  671,  200,  431,   61,  296,  240,  336,  255,  371,  286,  536,  182,  684,  396,  795,  442,    0,  449,  376,  636,  510,  783,  271,  269,  150,  476,  161,  123,   91,  289,  374,  745,  525,  705,  825,  661,  852,  173,  218,  583,  113,  469,  436,  538,  691,  345,  779,  453,  260,  574,  404,  822,  263,  847,  687,  422,  469,  472,  610,  415,  855,  800,  312,  488,  729,   93,  388,  241,  558,  435,  782,  776,  890,  389,  543,  268,  330,  754,  518,  726,  147,  699,  198,  338,  655,  194],
        [  694,    0,  567,  192,  505,  471,  199,  565,  278,  505,  442,  628,  322,  537,  303,  713,  381,  443,  541,  205,  433,  530,  126,  184,  359,  309,   69,  510,  360,  330,  604,  583,  607,  408,  207,  614,  305,  663,  561,  697,  449,    0,   80,  191,  291,  640,  477,  267,  343,  493,  428,  436,  427,  220,  543,  637,  704,  593,  679,  213,  422,  391,  264,  610,  559,  561,  805,  570,  334,  400,  331,  824,  257,  336,  186,  403,  359,  421,  287,  272,  819,  425,  178,   59,  443,  511,  270,   64,  332,  542,  615,  634,  143,  301,  658,  559,  457,  564,  419,  315,  661,  526,  591,  354,  567,  379,  446,  737,  374,  294],
        [  661,    0,  499,  231,  438,  512,  262,  575,  284,  536,  462,  558,  291,  581,  234,  644,  305,  498,  530,  280,  395,  520,  193,  216,  416,  256,   64,  437,  329,  253,  560,  505,  532,  373,  259,  537,  375,  587,  608,  658,  376,   80,    0,  270,  320,  671,  435,  191,  265,  436,  349,  357,  362,  144,  471,  661,  635,  616,  712,  286,  482,  336,  185,  608,  487,  544,  750,  565,  361,  332,  408,  769,  215,  374,  140,  458,  321,  479,  331,  278,  768,  374,  238,   43,  495,  567,  200,  114,  406,  468,  541,  572,  190,  307,  686,  603,  519,  493,  383,  278,  609,  571,  579,  424,  500,  438,  367,  676,  424,  215],
        [  815,    0,  748,  237,  685,  436,  163,  605,  331,  495,  467,  796,  435,  486,  478,  880,  564,  332,  626,   52,  573,  614,  136,  246,  291,  477,  237,  696,  495,  516,  747,  772,  786,  546,  207,  805,  190,  844,  503,  828,  636,  191,  270,    0,  324,  621,  621,  451,  534,  639,  618,  626,  605,  406,  716,  636,  869,  597,  654,   76,  296,  556,  454,  674,  744,  657,  962,  642,  327,  570,  146,  981,  416,  334,  342,  300,  504,  301,  244,  357,  971,  565,  138,  241,  343,  424,  447,  179,  187,  729,  792,  804,  172,  379,  647,  511,  321,  737,  533,  462,  814,  478,  675,  232,  746,  298,  634,  905,  326,  484],
        [  515,    0,  573,  102,  514,  200,  163,  285,  566,  217,  153,  845,  607,  272,  536,  932,  580,  655,  308,  373,  319,  296,  205,  108,  168,  311,  355,  560,  249,  526,  478,  731,  799,  293,  117,  691,  228,  846,  301,  538,  510,  291,  320,  324,    0,  352,  368,  476,  486,  749,  577,  565,  440,  437,  755,  346,  925,  302,  393,  395,  619,  361,  435,  351,  593,  343,  707,  319,  608,  633,  444,  725,  253,   65,  459,  622,  275,  625,  541,   90,  704,  692,  420,  336,  665,  291,  503,  348,  282,  592,  812,  589,  413,   87,  368,  290,  643,  777,  701,  249,  561,  261,  355,  253,  565,  197,  609,  677,  146,  456],
        [  541,    0,  795,  449,  750,  186,  471,  193,  910,  136,  218, 1175,  958,  154,  880, 1261,  912,  939,  341,  672,  517,  335,  537,  459,  334,  599,  705,  817,  488,  860,  595, 1030, 1119,  503,  441,  949,  446, 1159,  158,  590,  783,  640,  671,  621,  352,    0,  546,  817,  804, 1096,  888,  868,  696,  781, 1086,   61, 1256,   83,   43,  696,  897,  611,  768,  279,  833,  382,  800,  299,  937,  974,  695,  813,  559,  306,  811,  913,  521,  906,  861,  407,  776, 1042,  744,  687,  956,  260,  848,  693,  482,  844, 1133,  763,  749,  381,   34,  132,  910, 1107, 1053,  523,  683,  158,  346,  427,  782,  337,  925,  819,  296,  784],
        [  235,    0,  250,  401,  211,  503,  493,  361,  713,  461,  365,  716,  676,  565,  512,  794,  488,  919,  222,  657,   50,  223,  487,  385,  533,  186,  498,  286,  128,  452,  128,  525,  641,   78,  448,  411,  589,  667,  595,  225,  271,  477,  435,  621,  368,  546,    0,  446,  363,  711,  418,  386,  182,  438,  636,  500,  794,  465,  586,  673,  895,  123,  381,  316,  292,  199,  345,  273,  795,  575,  763,  363,  221,  419,  535,  879,  119,  895,  761,  288,  350,  688,  655,  476,  920,  629,  492,  537,  642,  309,  658,  229,  617,  281,  539,  570,  928,  653,  740,  163,  197,  556,  249,  619,  236,  562,  458,  310,  503,  377],
        [  679,    0,  407,  403,  357,  676,  450,  689,  325,  686,  600,  373,  242,  747,   68,  460,  115,  613,  607,  452,  423,  601,  383,  386,  597,  269,  216,  323,  385,   65,  553,  323,  342,  411,  440,  390,  564,  397,  776,  661,  269,  267,  191,  451,  476,  817,  446,    0,  121,  284,  177,  198,  302,   47,  284,  797,  452,  752,  859,  452,  610,  325,   66,  698,  376,  608,  697,  651,  428,  158,  579,  715,  274,  537,  144,  573,  362,  602,  436,  411,  726,  246,  383,  212,  602,  746,   47,  276,  596,  348,  351,  504,  326,  437,  826,  766,  649,  306,  294,  332,  575,  737,  652,  613,  414,  621,  185,  604,  599,   77],
        [  590,    0,  288,  434,  242,  684,  499,  655,  445,  681,  587,  374,  358,  756,  168,  459,  125,  727,  552,  543,  351,  548,  443,  414,  629,  212,  309,  203,  333,   94,  457,  250,  316,  346,  479,  278,  618,  361,  786,  565,  150,  343,  265,  534,  486,  804,  363,  121,    0,  349,   92,   93,  198,  148,  287,  775,  455,  732,  846,  547,  721,  242,   83,  647,  256,  545,  583,  600,  547,  213,  671,  601,  245,  551,  261,  687,  304,  714,  551,  407,  614,  332,  486,  298,  718,  772,  163,  370,  656,  228,  330,  389,  431,  428,  808,  772,  760,  306,  397,  287,  468,  745,  592,  664,  296,  656,  123,  487,  623,   53],
        [  938,    0,  600,  665,  572,  946,  691,  973,  359,  964,  880,  197,  220, 1016,  218,  261,  226,  663,  888,  619,  696,  882,  618,  650,  849,  547,  425,  508,  666,  260,  804,  345,  247,  687,  693,  501,  795,  301, 1043,  912,  476,  493,  436,  639,  749, 1096,  711,  284,  349,    0,  318,  357,  544,  316,  165, 1078,  247, 1033, 1138,  608,  679,  590,  344,  980,  553,  886,  903,  934,  451,  137,  731,  919,  557,  807,  308,  630,  640,  666,  509,  691,  940,   78,  524,  435,  641, 1001,  249,  469,  814,  518,  239,  711,  473,  718, 1107, 1036,  718,  174,  152,  614,  805, 1005,  932,  844,  613,  870,  286,  797,  859,  339],
        [  632,    0,  283,  526,  255,  773,  590,  733,  491,  768,  672,  300,  384,  845,  194,  381,  106,  788,  621,  623,  415,  618,  532,  506,  721,  291,  386,  191,  409,  120,  495,  159,  232,  414,  570,  220,  708,  272,  876,  601,  161,  428,  349,  618,  577,  888,  418,  177,   92,  318,    0,   39,  239,  217,  218,  857,  379,  814,  931,  624,  785,  304,  165,  717,  238,  610,  587,  671,  596,  193,  751,  603,  332,  641,  318,  748,  378,  777,  611,  496,  623,  322,  558,  378,  776,  863,  205,  448,  746,  205,  248,  393,  502,  516,  891,  861,  825,  235,  400,  367,  489,  835,  658,  755,  296,  747,   40,  482,  714,  135],
        [  596,    0,  245,  520,  217,  759,  588,  708,  518,  750,  653,  331,  416,  831,  224,  410,  143,  810,  592,  634,  385,  590,  534,  500,  713,  270,  399,  153,  385,  147,  458,  166,  258,  386,  566,  193,  707,  293,  861,  564,  123,  436,  357,  626,  565,  868,  386,  198,   93,  357,   39,    0,  205,  234,  253,  835,  409,  793,  910,  638,  806,  274,  173,  689,  201,  579,  548,  643,  623,  231,  762,  564,  316,  630,  341,  770,  353,  799,  633,  481,  584,  360,  575,  389,  799,  853,  231,  461,  747,  167,  275,  355,  519,  500,  870,  846,  846,  269,  437,  345,  451,  820,  628,  753,  257,  741,   75,  444,  705,  143],
        [  396,    0,  144,  429,   81,  615,  516,  522,  608,  590,  492,  535,  544,  684,  361,  613,  319,  859,  396,  629,  188,  395,  483,  410,  604,  135,  422,  123,  211,  291,  261,  346,  459,  196,  480,  257,  629,  486,  715,  369,   91,  427,  362,  605,  440,  696,  182,  302,  198,  544,  239,  205,    0,  309,  457,  656,  612,  617,  737,  639,  844,   86,  241,  492,  154,  378,  399,  447,  703,  409,  750,  418,  200,  502,  421,  818,  178,  840,  688,  350,  425,  530,  599,  404,  854,  727,  348,  475,  677,  154,  476,  213,  551,  359,  693,  695,  880,  473,  592,  191,  273,  674,  428,  669,  142,  633,  278,  316,  585,  226],
        [  672,    0,  425,  360,  372,  635,  403,  659,  303,  649,  565,  417,  239,  706,  100,  504,  162,  580,  585,  407,  410,  578,  336,  343,  552,  255,  171,  347,  365,  111,  551,  368,  389,  396,  395,  424,  518,  444,  734,  657,  289,  220,  144,  406,  437,  781,  438,   47,  148,  316,  217,  234,  309,    0,  329,  763,  496,  718,  823,  408,  574,  319,   72,  674,  400,  589,  708,  628,  402,  197,  535,  726,  249,  496,  115,  539,  345,  567,  403,  375,  734,  269,  342,  165,  570,  702,   68,  232,  549,  374,  398,  518,  286,  402,  791,  726,  613,  351,  306,  311,  580,  696,  632,  567,  431,  576,  230,  619,  556,   97],
        [  848,    0,  480,  687,  464,  955,  732,  941,  486,  959,  868,   90,  348, 1027,  240,  177,  176,  797,  836,  705,  632,  832,  664,  669,  880,  499,  482,  391,  619,  230,  709,  187,   86,  629,  724,  355,  845,  145, 1056,  815,  374,  543,  471,  716,  755, 1086,  636,  284,  287,  165,  218,  253,  457,  329,    0, 1060,  171, 1016, 1128,  700,  807,  520,  321,  932,  427,  826,  777,  885,  586,  147,  827,  791,  528,  818,  375,  761,  590,  795,  631,  683,  818,  219,  620,  484,  778, 1030,  273,  538,  874,  393,   83,  591,  564,  707, 1092, 1045,  847,   22,  307,  573,  696, 1016,  875,  894,  495,  905,  179,  667,  882,  303],
        [  482,    0,  749,  446,  706,  209,  480,  141,  911,  142,  200, 1148,  951,  196,  861, 1233,  887,  960,  288,  687,  473,  283,  541,  454,  357,  566,  700,  776,  452,  836,  540,  995, 1089,  461,  446,  906,  470, 1127,  207,  531,  745,  637,  661,  636,  346,   61,  500,  797,  775, 1078,  857,  835,  656,  763, 1060,    0, 1229,   46,   90,  711,  919,  572,  744,  220,  789,  327,  742,  243,  945,  953,  720,  755,  532,  309,  801,  932,  484,  928,  872,  389,  717, 1027,  753,  681,  975,  305,  830,  692,  511,  802, 1104,  712,  753,  361,   40,  178,  935, 1080, 1043,  491,  628,  197,  289,  457,  735,  365,  894,  764,  315,  759],
