{
    "name": "random-78-14325",
    "comment": "size=78 seed=14325",
    "nodes": ["+0", "-0", "+1", "-1", "+2", "-2", "+3", "-3", "+4", "-4", "+5", "-5", "+6", "-6", "+7", "-7", "+8", "-8", "+9", "-9", "+10", "-10", "+11", "-11", "+12", "-12", "+13", "-13", "+14", "-14", "+15", "-15", "+16", "-16", "+17", "-17", "+18", "-18", "+19", "-19", "+20", "-20", "+21", "-21", "+22", "-22", "+23", "-23", "+24", "-24", "+25", "-25", "+26", "-26", "+27", "-27", "+28", "-28", "+29", "-29", "+30", "-30", "+31", "-31", "+32", "-32", "+33", "-33", "+34", "-34", "+35", "-35", "+36", "-36", "+37", "-37", "+38", "-38", "+39", "-39", "+40", "-40", "+41", "-41", "+42", "-42", "+43", "-43", "+44", "-44", "+45", "-45", "+46", "-46", "+47", "-47", "+48", "-48", "+49", "-49", "+50", "-50", "+51", "-51", "+52", "-52", "+53", "-53", "+54", "-54", "+55", "-55", "+56", "-56", "+57", "-57", "+58", "-58", "+59", "-59", "+60", "-60", "+61", "-61", "+62", "-62", "+63", "-63", "+64", "-64", "+65", "-65", "+66", "-66", "+67", "-67", "+68", "-68", "+69", "-69", "+70", "-70", "+71", "-71", "+72", "-72", "+73", "-73", "+74", "-74", "+75", "-75", "+76", "-76", "+77", "-77", "+78", "-78"],
    "precedence": {
        "+0": "-0",
        "+1": "-1",
        "+2": "-2",
        "+3": "-3",
        "+4": "-4",
        "+5": "-5",
        "+6": "-6",
        "+7": "-7",
        "+8": "-8",
        "+9": "-9",
        "+10": "-10",
        "+11": "-11",
        "+12": "-12",
        "+13": "-13",
        "+14": "-14",
        "+15": "-15",
        "+16": "-16",
        "+17": "-17",
        "+18": "-18",
        "+19": "-19",
        "+20": "-20",
        "+21": "-21",
        "+22": "-22",
        "+23": "-23",
        "+24": "-24",
        "+25": "-25",
        "+26": "-26",
        "+27": "-27",
        "+28": "-28",
        "+29": "-29",
        "+30": "-30",
        "+31": "-31",
        "+32": "-32",
        "+33": "-33",
        "+34": "-34",
        "+35": "-35",
        "+36": "-36",
        "+37": "-37",
        "+38": "-38",
        "+39": "-39",
        "+40": "-40",
        "+41": "-41",
        "+42": "-42",
        "+43": "-43",
        "+44": "-44",
        "+45": "-45",
        "+46": "-46",
        "+47": "-47",
        "+48": "-48",
        "+49": "-49",
        "+50": "-50",
        "+51": "-51",
        "+52": "-52",
        "+53": "-53",
        "+54": "-54",
        "+55": "-55",
        "+56": "-56",
        "+57": "-57",
        "+58": "-58",
        "+59": "-59",
        "+60": "-60",
        "+61": "-61",
        "+62": "-62",
        "+63": "-63",
        "+64": "-64",
        "+65": "-65",
        "+66": "-66",
        "+67": "-67",
        "+68": "-68",
        "+69": "-69",
        "+70": "-70",
        "+71": "-71",
        "+72": "-72",
        "+73": "-73",
        "+74": "-74",
        "+75": "-75",
        "+76": "-76",
        "+77": "-77",
        "+78": "-78"
    },
    "edges": [
        [    0,    0,  917,  109,  456,  249,  706,  618,  341,  476,  277,  445,  536,  214,  728,  601,  518,  800,  826,  908,  134,  898,  393,  865,  689,  674,  157,  899,  412,  635,  408, 1131,  925,  838,  154,  990,  159, 1008,  735,  978,  793,  911,  249,  880,  247,  160,  276,  374,  432, 1020,  689,  318,  616,  633,  902,  465,  194,  511,  893,  754,  631,  904,   74,  820,  932,  345,  885,  899,  784,  628,  838,  691,  418, 1063,  296,  377,  438,  781,  909,  122,  672,  314,  401,  974, 1032,  898,  669,   35,  267,  949,  367,  957,  562,  480,  635,  332,  737,  307,  174,  613,  351,  415,  291,  195,  665, 1102,  841,  908,  776,  831,  341,  430,  942,  607,  398,  696,  665,  890, 1060, 1027,  558,  887,  262,  626,  968,  420,  149,  223,  629,  180,  887,  770,  190,  829,   84,  328,  622,  949,  860,  893, 1052,  555,  654,  909,  856,  716,  910,  164,  954,  910,  426,  363,  822,  801,  456,  550,  929,  929],
        [    0,    0,    0,    0,    0,    0,    0,    0,    0,    0,    0,    0,    0,    0,    0,    0,    0,    0,    0,    0,    0,    0,    0,    0,    0,    0,    0,    0,    0,    0,    0,    0,    0,    0,    0,    0,    0,    0,    0,    0,    0,    0,    0,    0,    0,    0,    0,    0,    0,    0,    0,    0,    0,    0,    0,    0,    0,    0,    0,    0,    0,    0,    0,    0,    0,    0,    0,    0,    0,    0,    0,    0,    0,    0,    0,    0,    0,    0,    0,    0,    0,    0,    0,    0,    0,    0,    0,    0,    0,    0,    0,    0,    0,    0,    0,    0,    0,    0,    0,    0,    0,    0,    0,    0,    0,    0,    0,    0,    0,    0,    0,    0,    0,    0,    0,    0,    0,    0,    0,    0,    0,    0,    0,    0,    0,    0,    0,    0,    0,    0,    0,    0,    0,    0,    0,    0,    0,    0,    0,    0,    0,    0,    0,    0,    0,    0,    0,    0,    0,    0,    0,    0,    0,    0,    0,    0,    0,    0],
        [  917,    0,    0,  809,  469, 1104,  335,  328, 1036,  446,  667,  506,  383, 1042,  267,  361,  669,  748,  960,  714,  930,   20,  841,  986,  254,  736,  766,  436,  658,  296,  835,  420,  802,  872,  814,  570,  812,  463,  445,  480,  777,  529,  777,  156,  670, 1022, 1103,  768,  564,  286,  487,  723,  347,  593,  296,  543,  749,  424,  229,  394,  536,  158,  869,  756,  525,  669,  405,   46,  365,  837,  378,  234,  804,  262,  651,  729,  974,  175,  462,  882,  873,  612,  588,  108,  305,  325,  465,  911,  697,  673,  778,  100,  817,  438,  722,  586,  322, 1002,  775,  890,  982,  740,  681,  778,  781,  390,  943,  368,  513,   97,  879,  771,  522,  852,  520,  335,  871,  494,  217,  168,  663,   89,  893,  332,  233,  888, 1007,  720,  572,  740,  125,  148,  937,  220,  856,  631,  842,  795,  244,  304,  360,  369,  359,  181,  187,  375,  698,  755,  404,  550,  581, 1022,  809,  141,  987,  800,  360,  372],
        [  109,    0,  809,    0,  347,  341,  611,  510,  390,  367,  189,  337,  428,  294,  628,  501,  462,  750,  804,  849,  187,  790,  379,  844,  580,  627,   50,  813,  349,  531,  392, 1036,  875,  803,   93,  913,   97,  921,  651,  894,  747,  833,  211,  777,  139,  250,  361,  340,  347,  921,  609,  266,  507,  543,  806,  364,  121,  402,  793,  665,  556,  801,   91,  770,  853,  278,  797,  793,  693,  600,  748,  583,  393,  962,  192,  331,  455,  677,  825,  145,  648,  205,  300,  869,  935,  804,  569,  103,  193,  884,  335,  852,  534,  372,  587,  224,  642,  352,  114,  596,  382,  373,  216,  117,  626, 1006,  815,  817,  699,  722,  341,  397,  862,  584,  292,  600,  641,  809,  956,  923,  502,  781,  274,  518,  868,  416,  236,  123,  537,   84,  783,  662,  232,  729,   62,  225,  595,  897,  762,  798,  957,  446,  547,  807,  754,  625,  849,   55,  864,  834,  326,  404,  779,  696,  474,  520,  837,  838],
        [  456,    0,  469,  347,    0,  668,  358,  165,  649,   24,  251,   71,   88,  611,  341,  239,  439,  682,  826,  734,  495,  450,  512,  863,  233,  594,  301,  588,  351,  224,  514,  758,  793,  780,  346,  718,  344,  684,  453,  669,  696,  641,  380,  464,  211,  580,  677,  437,  258,  627,  439,  358,  169,  350,  532,  155,  314,   61,  499,  441,  422,  488,  418,  700,  655,  313,  563,  458,  454,  635,  510,  238,  493,  654,  184,  400,  640,  360,  607,  445,  685,  145,  157,  540,  644,  539,  299,  446,  291,  740,  442,  523,  583,   58,  559,  126,  385,  610,  339,  663,  610,  434,  286,  310,  619,  726,  824,  566,  528,  378,  521,  471,  661,  634,   95,  346,  680,  608,  637,  598,  463,  453,  501,  177,  568,  564,  564,  252,  331,  289,  463,  322,  516,  434,  390,  169,  635,  804,  474,  527,  678,  101,  224,  499,  449,  393,  726,  293,  618,  651,  166,  646,  733,  371,  657,  564,  580,  585],
        [  249,    0, 1104,  341,  668,    0,  843,  833,  191,  685,  438,  671,  738,   65,  882,  758,  568,  808,  766,  933,  175, 1086,  377,  802,  897,  684,  391,  998,  496,  810,  393, 1251,  926,  809,  402, 1061,  407, 1105,  836, 1070,  792,  987,  336, 1041,  461,   92,   44,  407,  560, 1159,  782,  404,  835,  880, 1034,  704,  358,  727, 1038,  868,  715, 1064,  255,  827, 1011,  453,  992, 1080,  903,  599,  951,  893,  419, 1211,  532,  433,  338,  951, 1002,  224,  631,  536,  641, 1146, 1168, 1022,  910,  278,  408,  989,  396, 1129,  542,  678,  650,  544,  873,  184,  332,  562,  245,  452,  426,  442,  658, 1226,  788, 1024,  856, 1026,  311,  447, 1021,  572,  592,  835,  624,  974, 1218, 1193,  604, 1060,  247,  844, 1115,  372,  106,  463,  875,  380, 1054,  962,  173,  980,  332,  566,  590,  954, 1004, 1023, 1178,  761,  881, 1064, 1012,  840,  940,  388, 1062,  981,  667,  227,  812,  976,  350,  538, 1046, 1044],
        [  706,    0,  335,  611,  358,  843,    0,  342,  741,  337,  430,  425,  290,  779,   72,  120,  341,  431,  633,  430,  679,  325,  530,  661,  321,  403,  582,  231,  357,  155,  521,  426,  509,  552,  651,  367,  651,  328,  129,  312,  457,  293,  508,  214,  485,  773,  834,  464,  285,  317,  156,  441,  372,  658,  197,  503,  515,  358,  196,   93,  201,  233,  643,  442,  304,  391,  206,  295,   97,  502,  152,  280,  489,  368,  516,  427,  658,  164,  252,  637,  538,  461,  514,  329,  328,  194,  558,  711,  447,  414,  474,  314,  484,  301,  388,  421,   32,  712,  539,  556,  681,  428,  425,  627,  447,  396,  618,  213,  210,  311,  578,  454,  308,  518,  341,   12,  536,  258,  380,  362,  331,  258,  609,  362,  272,  572,  759,  565,  636,  529,  236,  261,  671,  143,  669,  514,  508,  510,  161,  188,  347,  304,  432,  227,  179,   49,  418,  562,  263,  307,  522,  722,  492,  198,  669,  468,  230,  233],
        [  618,    0,  328,  510,  165,  833,  342,    0,  806,  149,  409,  182,  109,  775,  295,  253,  542,  740,  913,  764,  659,  309,  652,  947,   76,  674,  463,  562,  477,  188,  652,  678,  836,  852,  498,  703,  497,  641,  464,  636,  760,  633,  536,  366,  375,  745,  841,  575,  375,  539,  470,  504,   31,  321,  470,  216,  478,  108,  421,  435,  478,  389,  583,  756,  642,  454,  531,  328,  433,  738,  481,  100,  627,  549,  333,  536,  784,  270,  585,  609,  785,  305,  261,  415,  557,  486,  217,  607,  448,  755,  582,  400,  695,  166,  645,  290,  359,  768,  503,  776,  764,  564,  439,  460,  708,  645,  906,  521,  545,  232,  670,  600,  645,  742,  248,  331,  781,  597,  522,  477,  556,  336,  658,   22,  477,  704,  729,  407,  298,  454,  355,  189,  679,  361,  549,  309,  740,  841,  404,  468,  601,   80,   95,  405,  363,  388,  754,  456,  572,  648,  253,  801,  797,  266,  801,  676,  529,  537],
        [  341,    0, 1036,  390,  649,  191,  741,  806,    0,  660,  399,  672,  702,  158,  791,  677,  427,  635,  577,  764,  210, 1020,  223,  612,  861,  515,  432,  864,  386,  742,  237, 1126,  748,  625,  475,  909,  480,  968,  710,  930,  616,  840,  271,  950,  466,  211,  152,  279,  473, 1047,  653,  315,  816,  922,  920,  725,  344,  709,  936,  749,  584,  972,  303,  653,  864,  368,  862, 1006,  786,  419,  828,  848,  268, 1106,  558,  315,  149,  871,  864,  245,  447,  542,  667, 1062, 1054,  905,  926,  375,  359,  825,  268, 1046,  368,  642,  486,  535,  769,   40,  323,  377,   67,  318,  369,  506,  484, 1102,  600,  899,  715,  969,  165,  301,  875,  391,  559,  736,  440,  832, 1121, 1102,  458,  980,  149,  821, 1010,  201,  213,  504,  913,  389,  968,  904,  159,  883,  410,  592,  410,  778,  901,  909, 1056,  729,  872,  968,  918,  728,  773,  419,  932,  832,  694,   37,  633,  900,  160,  368,  923,  918],
        [  476,    0,  446,  367,   24,  685,  337,  149,  660,    0,  262,   89,   64,  627,  319,  220,  435,  671,  820,  719,  511,  427,  517,  856,  214,  586,  323,  568,  352,  201,  519,  735,  780,  772,  369,  699,  367,  663,  436,  648,  686,  622,  391,  440,  230,  598,  693,  441,  256,  604,  423,  364,  156,  358,  509,  170,  330,   52,  476,  422,  410,  465,  437,  689,  636,  318,  542,  434,  433,  631,  489,  216,  497,  630,  207,  404,  646,  336,  587,  462,  681,  167,  178,  516,  620,  517,  299,  467,  302,  724,  447,  500,  581,   42,  552,  145,  364,  622,  355,  662,  620,  436,  295,  334,  613,  703,  817,  544,  511,  356,  529,  473,  641,  631,  103,  325,  676,  589,  614,  575,  457,  430,  512,  162,  545,  569,  582,  275,  339,  307,  439,  299,  531,  410,  412,  193,  632,  790,  451,  504,  655,   79,  215,  475,  425,  373,  712,  313,  596,  632,  185,  657,  723,  347,  663,  562,  558,  563],
        [  277,    0,  667,  189,  251,  438,  430,  409,  399,  262,    0,  280,  307,  376,  456,  329,  291,  577,  662,  668,  264,  649,  280,  702,  467,  461,  176,  626,  175,  374,  286,  855,  701,  645,  255,  724,  257,  734,  463,  705,  579,  644,  130,  612,  113,  357,  440,  213,  159,  745,  420,  125,  417,  555,  626,  346,   86,  311,  619,  479,  368,  636,  214,  597,  665,  106,  610,  643,  508,  458,  562,  458,  273,  791,  209,  186,  398,  517,  636,  217,  508,  167,  299,  712,  758,  622,  537,  284,   42,  699,  214,  695,  395,  246,  421,  145,  462,  360,  111,  469,  360,  229,   46,  249,  468,  826,  668,  632,  510,  589,  276,  262,  674,  448,  161,  421,  502,  620,  791,  762,  328,  626,  251,  423,  695,  329,  341,  201,  541,  106,  622,  525,  274,  557,  250,  236,  455,  721,  586,  617,  776,  332,  474,  638,  585,  440,  666,  152,  678,  646,  325,  396,  613,  541,  416,  378,  653,  653],
        [  445,    0,  506,  337,   71,  671,  425,  182,  672,   89,  280,    0,  143,  617,  405,  308,  500,  750,  887,  803,  502,  486,  554,  925,  257,  658,  288,  656,  405,  286,  558,  818,  861,  845,  317,  788,  315,  751,  523,  736,  762,  711,  408,  518,  212,  581,  684,  481,  318,  685,  509,  398,  174,  289,  595,   86,  330,   83,  558,  511,  491,  542,  417,  768,  724,  358,  630,  500,  522,  693,  577,  272,  540,  707,  153,  447,  677,  414,  676,  453,  743,  136,   91,  585,  702,  604,  257,  430,  321,  810,  485,  569,  639,  128,  623,  138,  452,  632,  353,  718,  639,  484,  321,  278,  681,  786,  886,  632,  598,  412,  556,  520,  730,  690,  147,  413,  738,  677,  687,  645,  526,  501,  526,  186,  625,  605,  566,  227,  272,  293,  514,  361,  530,  493,  371,  127,  693,  873,  535,  590,  738,  144,  211,  554,  506,  462,  796,  285,  684,  721,   97,  673,  800,  421,  695,  620,  645,  650],
        [  536,    0,  383,  428,   88,  738,  290,  109,  702,   64,  307,  143,    0,  678,  263,  179,  439,  654,  816,  691,  564,  364,  544,  851,  161,  578,  384,  520,  369,  144,  544,  676,  757,  760,  432,  655,  431,  611,  398,  599,  671,  580,  432,  378,  289,  652,  743,  467,  267,  543,  393,  397,  127,  379,  453,  214,  381,   69,  416,  379,  390,  402,  493,  670,  592,  346,  492,  371,  386,  635,  440,  156,  519,  567,  271,  428,  676,  274,  541,  514,  683,  230,  234,  453,  560,  462,  299,  528,  344,  690,  474,  436,  590,   61,  547,  204,  314,  664,  406,  671,  657,  456,  334,  397,  609,  643,  810,  492,  477,  295,  563,  492,  597,  638,  147,  278,  679,  545,  550,  511,  455,  366,  553,  127,  483,  595,  636,  339,  358,  363,  376,  236,  579,  351,  474,  256,  637,  765,  392,  448,  596,   30,  194,  413,  364,  330,  682,  373,  544,  592,  237,  695,  709,  284,  692,  571,  504,  510],
        [  214,    0, 1042,  294,  611,   65,  779,  775,  158,  627,  376,  617,  678,    0,  818,  694,  506,  752,  722,  876,  116, 1024,  319,  758,  838,  627,  343,  935,  432,  747,  336, 1187,  871,  759,  364,  999,  369, 1042,  773, 1007,  737,  925,  272,  977,  406,   59,   68,  345,  496, 1094,  719,  340,  778,  837,  969,  655,  298,  670,  974,  804,  652, 1000,  205,  771,  948,  389,  928, 1017,  839,  547,  887,  832,  360, 1147,  483,  370,  296,  887,  938,  166,  582,  482,  593, 1082, 1104,  958,  860,  246,  345,  930,  334, 1066,  488,  618,  593,  487,  809,  140,  273,  513,  200,  390,  363,  402,  603, 1161,  743,  959,  793,  965,  253,  387,  959,  521,  532,  771,  575,  911, 1154, 1129,  543,  997,  184,  787, 1050,  319,   66,  416,  831,  325,  990,  901,  109,  916,  294,  517,  539,  900,  940,  959, 1114,  702,  826, 1000,  948,  775,  882,  338,  998,  919,  619,  191,  759,  913,  310,  483,  982,  980],
        [  728,    0,  267,  628,  341,  882,   72,  295,  791,  319,  456,  405,  263,  818,    0,  128,  404,  501,  704,  494,  714,  255,  586,  732,  263,  474,  594,  268,  406,  120,  577,  419,  575,  623,  658,  410,  658,  351,  197,  343,  528,  342,  547,  160,  496,  808,  875,  516,  323,  295,  228,  483,  325,  614,  191,  476,  542,  330,  166,  153,  271,  183,  669,  512,  349,  431,  237,  227,  142,  571,  187,  221,  546,  335,  513,  478,  716,   93,  291,  669,  608,  461,  495,  272,  310,  200,  507,  730,  478,  472,  526,  255,  551,  288,  458,  423,   72,  760,  566,  624,  733,  483,  458,  631,  518,  387,  690,  230,  276,  240,  630,  512,  352,  586,  344,   69,  607,  305,  337,  312,  397,  194,  654,  313,  241,  630,  793,  569,  592,  549,  178,  191,  710,  102,  684,  506,  577,  575,  136,  186,  339,  271,  380,  183,  130,  118,  481,  577,  282,  358,  500,  773,  562,  128,  727,  534,  242,  248],
        [  601,    0,  361,  501,  239,  758,  120,  253,  677,  220,  329,  308,  179,  694,  128,    0,  321,  488,  668,  515,  588,  346,  481,  701,  256,  430,  469,  350,  297,   81,  475,  539,  584,  602,  535,  480,  536,  448,  220,  431,  509,  403,  424,  284,  371,  682,  753,  407,  204,  420,  218,  365,  281,  556,  309,  388,  415,  246,  292,  203,  227,  307,  542,  503,  417,  311,  325,  330,  216,  508,  272,  221,  445,  462,  397,  368,  614,  195,  368,  543,  551,  342,  395,  389,  434,  310,  467,  603,  353,  511,  417,  372,  475,  182,  405,  303,  150,  644,  440,  554,  621,  380,  333,  510,  467,  508,  659,  332,  299,  306,  519,  412,  422,  517,  223,  108,  548,  370,  463,  435,  325,  305,  535,  274,  368,  528,  667,  448,  535,  422,  296,  243,  587,  229,  558,  394,  512,  591,  261,  302,  459,  198,  347,  310,  256,  154,  505,  451,  383,  414,  404,  661,  546,  224,  627,  457,  348,  352],
        [  518,    0,  669,  462,  439,  568,  341,  542,  427,  435,  291,  500,  439,  506,  404,  321,    0,  288,  388,  390,  436,  656,  205,  426,  566,  170,  462,  438,  116,  401,  192,  699,  413,  357,  541,  493,  544,  542,  285,  505,  288,  420,  271,  554,  401,  520,  547,  162,  182,  628,  228,  201,  564,  788,  501,  583,  342,  484,  525,  328,  159,  572,  445,  308,  443,  188,  436,  631,  366,  197,  404,  537,  160,  691,  488,  144,  323,  495,  438,  410,  246,  435,  554,  670,  633,  483,  732,  538,  273,  434,  172,  655,  155,  397,  131,  398,  364,  406,  353,  235,  362,  116,  252,  540,  184,  677,  389,  474,  290,  624,  265,  126,  454,  201,  354,  339,  242,  408,  713,  700,   41,  597,  322,  562,  596,  238,  509,  491,  770,  388,  577,  563,  405,  482,  521,  507,  199,  435,  491,  489,  632,  467,  632,  564,  519,  316,  392,  437,  506,  414,  576,  401,  322,  528,  331,  137,  498,  493],
        [  800,    0,  748,  750,  682,  808,  431,  740,  635,  671,  577,  750,  654,  752,  501,  488,  288,    0,  222,  132,  704,  741,  434,  241,  739,  128,  749,  357,  404,  561,  417,  602,  126,  125,  828,  320,  831,  425,  306,  382,   34,  283,  552,  599,  685,  779,  778,  428,  446,  590,  278,  486,  768, 1028,  485,  835,  629,  713,  540,  356,  265,  607,  727,   21,  303,  475,  378,  703,  384,  222,  381,  701,  395,  662,  765,  424,  494,  588,  341,  686,  214,  709,  817,  706,  586,  456,  951,  822,  560,  201,  436,  696,  268,  630,  166,  670,  433,  628,  639,  277,  571,  386,  539,  826,  152,  592,  199,  424,  236,  739,  500,  374,  314,  250,  612,  436,  218,  299,  705,  712,  249,  662,  575,  762,  587,  438,  769,  775, 1009,  675,  629,  691,  663,  529,  808,  781,  231,  150,  514,  474,  560,  678,  835,  590,  565,  383,  144,  724,  426,  264,  836,  602,   62,  622,  491,  270,  446,  435],
        [  826,    0,  960,  804,  826,  766,  633,  913,  577,  820,  662,  887,  816,  722,  704,  668,  388,  222,    0,  321,  707,  952,  434,   40,  924,  239,  817,  578,  493,  747,  418,  817,  248,  106,  892,  527,  896,  640,  516,  598,  189,  500,  594,  815,  775,  762,  728,  465,  570,  811,  477,  546,  938, 1175,  706,  970,  689,  867,  758,  567,  443,  825,  757,  221,  520,  558,  598,  916,  599,  206,  601,  888,  412,  883,  868,  480,  429,  795,  561,  705,  156,  818,  941,  925,  807,  677, 1113,  854,  634,  394,  469,  913,  271,  780,  269,  783,  640,  584,  691,  214,  523,  437,  618,  900,  208,  809,   32,  646,  453,  943,  489,  409,  530,  221,  742,  637,  163,  519,  926,  932,  363,  875,  570,  934,  808,  411,  756,  860, 1156,  743,  844,  890,  657,  743,  856,  890,  209,  279,  731,  694,  779,  843, 1005,  808,  780,  588,  338,  793,  646,  480,  963,  541,  165,  829,  418,  286,  667,  656],
        [  908,    0,  714,  849,  734,  933,  430,  764,  764,  719,  668,  803,  691,  876,  494,  515,  390,  132,  321,    0,  820,  710,  558,  327,  750,  251,  842,  287,  501,  578,  541,  502,   92,  215,  922,  208,  924,  327,  302,  286,  160,  197,  660,  559,  769,  899,  905,  542,  522,  514,  298,  590,  793, 1069,  428,  888,  729,  755,  491,  341,  315,  562,  835,  119,  211,  572,  315,  668,  358,  353,  337,  709,  516,  586,  840,  532,  625,  571,  265,  799,  344,  783,  879,  655,  507,  398,  980,  928,  657,   74,  552,  647,  397,  678,  284,  741,  422,  755,  741,  408,  699,  498,  634,  915,  282,  496,  292,  359,  221,  722,  624,  492,  220,  382,  675,  439,  349,  226,  635,  650,  350,  625,  695,  785,  524,  566,  889,  860, 1048,  770,  590,  682,  783,  496,  909,  852,  362,   82,  471,  418,  472,  712,  857,  542,  528,  381,   18,  818,  345,  175,  895,  731,  162,  602,  622,  397,  376,  364],
        [  134,    0,  930,  187,  495,  175,  679,  659,  210,  511,  264,  502,  564,  116,  714,  588,  436,  704,  707,  820,    0,  912,  278,  746,  723,  577,  233,  849,  345,  638,  295, 1095,  827,  729,  267,  925,  272,  958,  685,  924,  693,  848,  176,  872,  290,   95,  183,  279,  395,  996,  634,  249,  662,  728,  873,  542,  184,  554,  873,  712,  570,  895,   96,  723,  871,  292,  840,  907,  745,  515,  796,  718,  311, 1046,  370,  293,  306,  779,  855,   50,  557,  367,  480,  975, 1006,  864,  747,  168,  236,  868,  269,  958,  452,  504,  539,  371,  710,  174,  158,  494,  218,  323,  256,  300,  561, 1068,  724,  868,  714,  852,  219,  330,  881,  493,  417,  671,  550,  831, 1050, 1023,  475,  889,  138,  671,  950,  297,   80,  306,  721,  209,  884,  788,   57,  813,  201,  404,  509,  853,  839,  863, 1020,  587,  710,  896,  843,  680,  824,  225,  909,  845,  506,  230,  719,  804,  324,  443,  891,  889],
        [  898,    0,   20,  790,  450, 1086,  325,  309, 1020,  427,  649,  486,  364, 1024,  255,  346,  656,  741,  952,  710,  912,    0,  826,  978,  235,  726,  748,  436,  643,  279,  820,  431,  798,  866,  795,  571,  793,  467,  437,  482,  770,  528,  760,  155,  652, 1004, 1086,  753,  548,  295,  477,  706,  328,  576,  297,  524,  731,  405,  230,  386,  525,  161,  851,  750,  525,  652,  404,   46,  359,  826,  374,  215,  789,  275,  631,  713,  960,  163,  461,  864,  862,  593,  569,  122,  314,  326,  449,  892,  680,  672,  762,  112,  805,  419,  712,  567,  313,  986,  756,  878,  966,  725,  663,  759,  771,  400,  936,  369,  507,   78,  864,  756,  522,  840,  501,  324,  861,  492,  232,  183,  651,   88,  876,  313,  240,  873,  989,  701,  555,  721,  125,  129,  919,  215,  838,  611,  831,  792,  242,  304,  368,  350,  341,  183,  184,  365,  695,  736,  407,  548,  561, 1006,  803,  128,  972,  788,  362,  374],
        [  393,    0,  841,  379,  512,  377,  530,  652,  223,  517,  280,  554,  544,  319,  586,  481,  205,  434,  434,  558,  278,  826,    0,  473,  695,  308,  400,  642,  185,  553,   18,  904,  555,  452,  470,  690,  474,  746,  489,  708,  420,  619,  173,  742,  384,  346,  350,   78,  286,  829,  432,  157,  668,  834,  702,  625,  275,  569,  721,  530,  363,  762,  324,  453,  643,  200,  641,  808,  567,  238,  608,  675,   46,  890,  484,  118,  135,  670,  642,  272,  281,  446,  578,  856,  835,  685,  808,  421,  241,  613,   71,  840,  175,  489,  274,  423,  556,  203,  269,  221,  157,  103,  235,  485,  287,  881,  449,  678,  493,  783,   67,   80,  654,  216,  417,  526,  274,  610,  908,  892,  236,  778,  143,  670,  795,   52,  337,  455,  820,  330,  762,  719,  232,  673,  426,  513,  232,  582,  687,  690,  836,  573,  731,  757,  709,  512,  564,  378,  710,  612,  604,  196,  444,  702,  150,  167,  702,  697],
        [  865,    0,  986,  844,  863,  802,  661,  947,  612,  856,  702,  925,  851,  758,  732,  701,  426,  241,   40,  327,  746,  978,  473,    0,  956,  273,  857,  595,  532,  779,  457,  827,  248,  118,  932,  535,  936,  651,  542,  610,  210,  514,  634,  839,  815,  799,  763,  505,  608,  828,  505,  586,  972, 1212,  725, 1008,  729,  903,  780,  593,  475,  847,  796,  237,  532,  597,  617,  941,  623,  246,  622,  920,  451,  900,  907,  520,  465,  822,  577,  744,  196,  857,  979,  947,  823,  696, 1149,  893,  674,  399,  509,  936,  310,  817,  305,  822,  667,  620,  731,  253,  559,  477,  657,  940,  244,  821,   43,  663,  476,  972,  527,  449,  542,  261,  780,  666,  203,  535,  944,  952,  400,  900,  609,  968,  827,  450,  794,  900, 1194,  783,  868,  920,  695,  768,  895,  929,  249,  277,  754,  714,  793,  878, 1040,  830,  804,  616,  345,  833,  661,  493, 1001,  576,  181,  856,  453,  326,  684,  673],
        [  689,    0,  254,  580,  233,  897,  321,   76,  861,  214,  467,  257,  161,  838,  263,  256,  566,  739,  924,  750,  723,  235,  695,  956,    0,  685,  534,  526,  514,  179,  693,  619,  827,  856,  572,  670,  570,  597,  448,  596,  762,  604,  591,  306,  443,  811,  903,  618,  412,  479,  463,  553,   94,  369,  421,  290,  540,  180,  367,  412,  482,  327,  650,  753,  611,  501,  495,  256,  404,  759,  447,   43,  666,  483,  407,  578,  829,  217,  551,  673,  804,  376,  337,  344,  498,  440,  251,  678,  504,  734,  626,  330,  721,  221,  659,  358,  332,  824,  566,  801,  815,  602,  493,  534,  722,  586,  914,  479,  530,  158,  718,  637,  612,  766,  307,  312,  800,  567,  452,  407,  576,  268,  712,   79,  416,  746,  795,  480,  346,  520,  291,  120,  739,  312,  621,  384,  762,  829,  355,  422,  544,  137,  125,  345,  307,  370,  738,  526,  529,  621,  328,  853,  798,  206,  844,  702,  484,  493],
        [  674,    0,  736,  627,  594,  684,  403,  674,  515,  586,  461,  658,  578,  627,  474,  430,  170,  128,  239,  251,  577,  726,  308,  273,  685,    0,  629,  402,  286,  509,  291,  664,  252,  189,  709,  407,  711,  490,  298,  448,  121,  350,  426,  599,  571,  652,  655,  301,  344,  626,  250,  362,  699,  943,  508,  742,  507,  632,  551,  350,  207,  612,  601,  147,  373,  357,  414,  693,  385,  122,  401,  650,  268,  696,  657,  299,  379,  566,  393,  559,  142,  603,  718,  713,  626,  482,  877,  696,  440,  310,  309,  700,  149,  546,   41,  565,  414,  505,  515,  183,  450,  260,  420,  709,   49,  648,  232,  459,  254,  711,  374,  247,  385,  148,  515,  405,  142,  353,  730,  729,  136,  654,  448,  695,  610,  316,  642,  660,  924,  555,  626,  656,  536,  525,  685,  675,  130,  277,  520,  495,  610,  605,  767,  598,  563,  362,  258,  605,  474,  336,  739,  482,  153,  600,  378,  148,  483,  474],
        [  157,    0,  766,   50,  301,  391,  582,  463,  432,  323,  176,  288,  384,  343,  594,  469,  462,  749,  817,  842,  233,  748,  400,  857,  534,  629,    0,  791,  346,  493,  412, 1007,  873,  809,   80,  896,   83,  897,  630,  872,  749,  815,  228,  740,   99,  300,  410,  353,  330,  889,  591,  272,  459,  496,  776,  314,  128,  355,  760,  641,  542,  765,  139,  769,  835,  274,  773,  751,  667,  612,  723,  538,  409,  927,  142,  338,  487,  639,  803,  189,  661,  158,  251,  829,  903,  775,  519,  145,  189,  874,  350,  812,  547,  330,  589,  181,  613,  393,  131,  612,  419,  381,  211,   86,  632,  976,  826,  791,  683,  678,  369,  408,  844,  597,  253,  571,  654,  790,  919,  884,  500,  742,  308,  470,  834,  441,  285,   74,  489,   75,  745,  620,  275,  695,   91,  176,  608,  894,  729,  768,  927,  401,  498,  771,  718,  599,  841,   25,  839,  818,  277,  444,  782,  656,  506,  531,  810,  811],
        [  899,    0,  436,  813,  588,  998,  231,  562,  864,  568,  626,  656,  520,  935,  268,  350,  438,  357,  578,  287,  849,  436,  642,  595,  526,  402,  791,    0,  505,  381,  628,  266,  379,  478,  864,  144,  865,  109,  165,   82,  391,   94,  674,  281,  699,  940,  980,  593,  468,  234,  216,  601,  592,  882,  143,  733,  706,  588,  209,  151,  283,  280,  831,  359,   90,  560,   33,  392,  135,  523,   81,  484,  597,  306,  741,  566,  751,  319,   26,  813,  540,  684,  744,  370,  230,  113,  774,  909,  633,  239,  605,  363,  534,  531,  410,  643,  207,  842,  726,  584,  798,  550,  609,  845,  450,  247,  555,   72,  153,  461,  702,  563,   89,  547,  564,  243,  541,   62,  350,  364,  407,  349,  753,  580,  237,  671,  927,  783,  859,  730,  312,  434,  829,  229,  874,  741,  531,  366,  195,  134,  208,  533,  647,  259,  254,  198,  270,  769,   73,  115,  753,  837,  415,  344,  756,  524,   90,   79],
        [  412,    0,  658,  349,  351,  496,  357,  477,  386,  352,  175,  405,  369,  432,  406,  297,  116,  404,  493,  501,  345,  643,  185,  532,  514,  286,  346,  505,    0,  369,  181,  756,  528,  470,  425,  582,  428,  613,  342,  580,  404,  504,  171,  565,  286,  436,  481,  111,  103,  667,  289,   97,  495,  693,  541,  484,  228,  403,  552,  373,  225,  586,  339,  424,  527,   72,  497,  625,  409,  292,  456,  492,  153,  723,  376,   72,  319,  488,  511,  312,  343,  325,  450,  678,  675,  528,  649,  429,  158,  538,  121,  661,  235,  319,  246,  291,  385,  356,  242,  314,  327,   88,  136,  424,  294,  731,  497,  528,  370,  599,  224,  124,  537,  287,  259,  351,  337,  487,  736,  717,  155,  597,  254,  496,  627,  234,  422,  375,  676,  272,  583,  534,  325,  498,  409,  398,  291,  549,  517,  530,  683,  398,  560,  583,  533,  347,  501,  321,  567,  502,  473,  367,  438,  519,  333,  216,  551,  548],
        [  635,    0,  296,  531,  224,  810,  155,  188,  742,  201,  374,  286,  144,  747,  120,   81,  401,  561,  747,  578,  638,  279,  553,  779,  179,  509,  493,  381,  369,    0,  548,  535,  652,  678,  552,  520,  552,  469,  277,  458,  584,  447,  481,  248,  395,  731,  808,  478,  270,  405,  286,  428,  218,  504,  310,  357,  458,  211,  276,  247,  304,  272,  582,  576,  457,  374,  352,  270,  248,  588,  300,  142,  519,  436,  401,  438,  687,  146,  403,  591,  631,  351,  376,  340,  421,  319,  404,  634,  403,  567,  487,  323,  555,  173,  484,  316,  175,  707,  484,  634,  688,  454,  386,  522,  547,  502,  737,  349,  358,  231,  587,  487,  461,  597,  241,  144,  628,  412,  426,  392,  405,  253,  597,  209,  347,  602,  715,  461,  482,  456,  253,  166,  642,  210,  584,  391,  592,  656,  250,  305,  455,  153,  280,  280,  228,  201,  567,  478,  401,  461,  381,  729,  620,  167,  701,  537,  361,  367],
        [  408,    0,  835,  392,  514,  393,  521,  652,  237,  519,  286,  558,  544,  336,  577,  475,  192,  417,  418,  541,  295,  820,   18,  457,  693,  291,  412,  628,  181,  548,    0,  891,  537,  435,  483,  674,  487,  732,  477,  693,  403,  604,  184,  733,  392,  363,  366,   78,  283,  817,  419,  162,  668,  839,  690,  630,  286,  570,  711,  518,  350,  753,  340,  436,  628,  202,  627,  800,  556,  221,  595,  672,   33,  879,  492,  116,  140,  663,  628,  288,  265,  453,  585,  848,  823,  673,  811,  437,  248,  596,   73,  832,  158,  490,  258,  429,  546,  219,  281,  206,  171,   95,  241,  497,  270,  868,  433,  666,  479,  778,   84,   68,  639,  200,  420,  516,  258,  596,  898,  883,  222,  770,  160,  670,  784,   54,  354,  466,  825,  341,  754,  714,  249,  663,  440,  520,  215,  565,  676,  679,  823,  573,  732,  747,  699,  502,  547,  389,  697,  596,  611,  210,  427,  695,  153,  149,  690,  684],
        [ 1131,    0,  420, 1036,  758, 1251,  426,  678, 1126,  735,  855,  818,  676, 1187,  419,  539,  699,  602,  817,  502, 1095,  431,  904,  827,  619,  664, 1007,  266,  756,  535,  891,    0,  588,  713, 1074,  295, 1074,  178,  417,  221,  636,  321,  921,  314,  910, 1188, 1236,  851,  703,  141,  473,  849,  705,  986,  231,  882,  939,  739,  261,  384,  542,  293, 1066,  599,  300,  804,  264,  389,  350,  785,  301,  582,  859,  164,  932,  821, 1015,  410,  272, 1056,  799,  879,  909,  315,  122,  234,  863, 1137,  869,  433,  863,  321,  799,  706,  675,  841,  395, 1102,  961,  846, 1061,  809,  846, 1048,  711,   34,  791,  228,  418,  493,  962,  825,  289,  811,  761,  437,  801,  311,  222,  266,  671,  360, 1008,  691,  203,  935, 1174,  986,  963,  954,  330,  501, 1080,  325, 1094,  924,  794,  566,  285,  239,   81,  678,  742,  275,  316,  417,  484,  988,  195,  339,  911, 1100,  653,  414, 1021,  789,  206,  208],
        [  925,    0,  802,  875,  793,  926,  509,  836,  748,  780,  701,  861,  757,  871,  575,  584,  413,  126,  248,   92,  827,  798,  555,  248,  827,  252,  873,  379,  528,  652,  537,  588,    0,  147,  953,  293,  956,  416,  381,  376,  135,  288,  677,  648,  807,  900,  894,  552,  566,  605,  367,  611,  865, 1135,  519,  947,  754,  819,  581,  423,  371,  652,  852,  106,  302,  600,  406,  757,  444,  330,  426,  787,  517,  677,  885,  549,  603,  656,  357,  810,  308,  829,  933,  746,  598,  489, 1051,  947,  685,  156,  560,  738,  384,  738,  290,  788,  504,  743,  764,  377,  685,  511,  663,  950,  268,  585,  218,  450,  300,  808,  620,  498,  310,  358,  727,  517,  314,  317,  726,  742,  374,  714,  696,  858,  615,  554,  891,  898, 1114,  800,  679,  765,  785,  584,  933,  900,  338,   32,  560,  509,  561,  780,  930,  632,  616,  460,  110,  849,  437,  267,  950,  713,  116,  688,  598,  389,  467,  455],
        [  838,    0,  872,  803,  780,  809,  552,  852,  625,  772,  645,  845,  760,  759,  623,  602,  357,  125,  106,  215,  729,  866,  452,  118,  856,  189,  809,  478,  470,  678,  435,  713,  147,    0,  888,  422,  891,  536,  430,  494,   96,  397,  596,  724,  756,  794,  775,  466,  532,  711,  398,  539,  878, 1129,  609,  930,  684,  816,  664,  480,  375,  732,  767,  120,  416,  540,  500,  828,  509,  215,  506,  818,  421,  783,  844,  473,  477,  712,  460,  720,  179,  791,  907,  831,  706,  580, 1059,  864,  622,  289,  473,  820,  278,  731,  227,  753,  556,  625,  690,  249,  565,  431,  603,  890,  178,  705,   78,  546,  361,  862,  514,  409,  426,  239,  703,  558,  186,  418,  827,  836,  324,  786,  594,  873,  710,  441,  786,  845, 1110,  735,  754,  812,  683,  654,  858,  863,  222,  179,  638,  597,  676,  786,  946,  715,  690,  506,  232,  785,  544,  377,  927,  590,   64,  746,  470,  288,  567,  556],
        [  154,    0,  814,   93,  346,  402,  651,  498,  475,  369,  255,  317,  432,  364,  658,  535,  541,  828,  892,  922,  267,  795,  470,  932,  572,  709,   80,  864,  425,  552,  483, 1074,  953,  888,    0,  972,    5,  970,  705,  946,  828,  892,  300,  799,  167,  313,  428,  428,  408,  953,  668,  350,  491,  480,  844,  322,  204,  393,  824,  714,  620,  824,  173,  849,  911,  354,  846,  802,  738,  688,  795,  582,  483,  988,  166,  416,  547,  697,  878,  232,  737,  204,  259,  883,  967,  844,  522,  128,  269,  953,  424,  866,  622,  383,  668,  236,  682,  438,  203,  686,  472,  459,  290,   43,  710, 1043,  903,  862,  760,  723,  434,  484,  919,  672,  315,  640,  730,  866,  977,  940,  580,  796,  365,  503,  897,  509,  301,   94,  476,  154,  802,  667,  317,  758,   71,  192,  684,  974,  794,  836,  994,  445,  520,  832,  779,  671,  921,  105,  910,  895,  281,  492,  861,  712,  566,  607,  880,  882],
        [  990,    0,  570,  913,  718, 1061,  367,  703,  909,  699,  724,  788,  655,  999,  410,  480,  493,  320,  527,  208,  925,  571,  690,  535,  670,  407,  896,  144,  582,  520,  674,  295,  293,  422,  972,    0,  974,  127,  271,   94,  353,   81,  753,  417,  809, 1012, 1038,  654,  567,  328,  305,  679,  733, 1022,  275,  867,  799,  723,  342,  278,  360,  412,  919,  313,   64,  646,  176,  526,  272,  525,  223,  627,  645,  396,  861,  633,  781,  462,  119,  894,  529,  803,  873,  493,  317,  247,  916, 1004,  725,  138,  665,  488,  553,  661,  428,  761,  345,  893,  817,  585,  843,  609,  701,  956,  450,  293,  499,  204,  215,  602,  754,  615,   59,  553,  685,  378,  532,  111,  450,  475,  457,  484,  815,  722,  353,  710, 1000,  897, 1000,  830,  447,  577,  897,  371,  974,  864,  534,  272,  334,  269,  274,  670,  789,  390,  393,  327,  190,  873,  168,   81,  884,  879,  365,  486,  783,  548,  211,  198],
        [  159,    0,  812,   97,  344,  407,  651,  497,  480,  367,  257,  315,  431,  369,  658,  536,  544,  831,  896,  924,  272,  793,  474,  936,  570,  711,   83,  865,  428,  552,  487, 1074,  956,  891,    5,  974,    0,  971,  707,  947,  831,  893,  304,  799,  167,  317,  433,  431,  409,  953,  669,  353,  489,  476,  844,  319,  208,  392,  824,  715,  622,  824,  178,  851,  912,  356,  847,  801,  739,  691,  796,  580,  487,  987,  164,  419,  551,  696,  879,  237,  740,  203,  256,  882,  967,  845,  519,  132,  272,  955,  428,  865,  626,  382,  671,  236,  682,  442,  206,  690,  476,  462,  293,   40,  713, 1043,  906,  862,  762,  721,  438,  488,  921,  676,  314,  640,  733,  867,  976,  939,  582,  795,  370,  501,  897,  513,  305,   93,  472,  157,  801,  666,  322,  758,   76,  190,  687,  976,  794,  837,  994,  444,  518,  831,  779,  671,  923,  107,  911,  896,  278,  496,  864,  711,  570,  611,  880,  882],
        [ 1008,    0,  463,  921,  684, 1105,  328,  641,  968,  663,  734,  751,  611, 1042,  351,  448,  542,  425,  640,  327,  958,  467,  746,  651,  597,  490,  897,  109,  613,  469,  732,  178,  416,  536,  970,  127,  971,    0,  274,   43,  458,  143,  782,  317,  804, 1048, 1087,  700,  576,  204,  324,  709,  671,  961,  179,  825,  814,  678,  242,  257,  391,  307,  939,  421,  122,  669,  125,  422,  234,  611,  177,  556,  701,  271,  843,  673,  851,  381,  105,  922,  623,  786,  840,  377,  192,  157,  847, 1017,  741,  261,  711,  375,  629,  627,  503,  746,  300,  947,  835,  672,  902,  656,  718,  949,  537,  170,  614,  121,  254,  508,  807,  668,  111,  637,  667,  340,  625,  139,  326,  353,  510,  382,  860,  658,  236,  773, 1035,  888,  938,  838,  344,  493,  936,  287,  981,  841,  620,  396,  245,  177,  148,  621,  721,  284,  299,  301,  309,  876,   69,  161,  847,  940,  476,  400,  854,  621,  114,  105],
