{
    "name": "random-85-6283",
    "comment": "size=85 seed=6283",
    "nodes": ["+0", "-0", "+1", "-1", "+2", "-2", "+3", "-3", "+4", "-4", "+5", "-5", "+6", "-6", "+7", "-7", "+8", "-8", "+9", "-9", "+10", "-10", "+11", "-11", "+12", "-12", "+13", "-13", "+14", "-14", "+15", "-15", "+16", "-16", "+17", "-17", "+18", "-18", "+19", "-19", "+20", "-20", "+21", "-21", "+22", "-22", "+23", "-23", "+24", "-24", "+25", "-25", "+26", "-26", "+27", "-27", "+28", "-28", "+29", "-29", "+30", "-30", "+31", "-31", "+32", "-32", "+33", "-33", "+34", "-34", "+35", "-35", "+36", "-36", "+37", "-37", "+38", "-38", "+39", "-39", "+40", "-40", "+41", "-41", "+42", "-42", "+43", "-43", "+44", "-44", "+45", "-45", "+46", "-46", "+47", "-47", "+48", "-48", "+49", "-49", "+50", "-50", "+51", "-51", "+52", "-52", "+53", "-53", "+54", "-54", "+55", "-55", "+56", "-56", "+57", "-57", "+58", "-58", "+59", "-59", "+60", "-60", "+61", "-61", "+62", "-62", "+63", "-63", "+64", "-64", "+65", "-65", "+66", "-66", "+67", "-67", "+68", "-68", "+69", "-69", "+70", "-70", "+71", "-71", "+72", "-72", "+73", "-73", "+74", "-74", "+75", "-75", "+76", "-76", "+77", "-77", "+78", "-78", "+79", "-79", "+80", "-80", "+81", "-81", "+82", "-82", "+83", "-83", "+84", "-84", "+85", "-85"],
    "precedence": {
        "+0": "-0",
        "+1": "-1",
        "+2": "-2",
        "+3": "-3",
        "+4": "-4",
        "+5": "-5",
        "+6": "-6",
        "+7": "-7",
        "+8": "-8",
        "+9": "-9",
        "+10": "-10",
        "+11": "-11",
        "+12": "-12",
        "+13": "-13",
        "+14": "-14",
        "+15": "-15",
        "+16": "-16",
        "+17": "-17",
        "+18": "-18",
        "+19": "-19",
        "+20": "-20",
        "+21": "-21",
        "+22": "-22",
        "+23": "-23",
        "+24": "-24",
        "+25": "-25",
        "+26": "-26",
        "+27": "-27",
        "+28": "-28",
        "+29": "-29",
        "+30": "-30",
        "+31": "-31",
        "+32": "-32",
        "+33": "-33",
        "+34": "-34",
        "+35": "-35",
        "+36": "-36",
        "+37": "-37",
        "+38": "-38",
        "+39": "-39",
        "+40": "-40",
        "+41": "-41",
        "+42": "-42",
        "+43": "-43",
        "+44": "-44",
        "+45": "-45",
        "+46": "-46",
        "+47": "-47",
        "+48": "-48",
        "+49": "-49",
        "+50": "-50",
        "+51": "-51",
        "+52": "-52",
        "+53": "-53",
        "+54": "-54",
        "+55": "-55",
        "+56": "-56",
        "+57": "-57",
        "+58": "-58",
        "+59": "-59",
        "+60": "-60",
        "+61": "-61",
        "+62": "-62",
        "+63": "-63",
        "+64": "-64",
        "+65": "-65",
        "+66": "-66",
        "+67": "-67",
        "+68": "-68",
        "+69": "-69",
        "+70": "-70",
        "+71": "-71",
        "+72": "-72",
        "+73": "-73",
        "+74": "-74",
        "+75": "-75",
        "+76": "-76",
        "+77": "-77",
        "+78": "-78",
        "+79": "-79",
        "+80": "-80",
        "+81": "-81",
        "+82": "-82",
        "+83": "-83",
        "+84": "-84",
        "+85": "-85"
    },
    "edges": [
        [    0,    0,  429,  296,  602,  711,  679,  214,  458,  290,  687,  765,  552,  818,  728,  886,  756,  123,  763,  503,  242,  915,  815,  699,  598,  852,  739,  945,  480,  647,  101,  284,  900,  709,  444,  393,  583,  421,  619,  572,  387,  737,  602,  909,  780,  937,  642,  351,  658,  701,  353,  644,  893,  420,  161,  848,  921,  677,  499,  847,  564,  109,  971, 1032,  544,  184,  913,  408,  496,  281,  850,  403,  221,  947,  577,  327,  369,  492,  425,  537,  684,  661,  359,  888,  971,  710,  581,  110,  350,  621,  338,  809,  342,   69,  973,  775,  919,  571,  457,  866,  694,  741,  300,  276,  462,  728,  916,  815,  627,  838,  824,  964,  633,  310,  284,  291, 1039,  497,  388,  865,  707,  380,  809,  335,  547,  597,  162,  791,  942,  937,  459,  153,  194,  909,  254,  940,  433,  663,  713,  931,  652,  235,  831,  269,  523,  362,  763,  951,  527,  670,  362,  392,  285,  431,  382,  392,  995,   99,  585,  511,  345,  944,  707,  191, 1016,  299,  934,  614,  340,  584,  149,  319],
        [    0,    0,    0,    0,    0,    0,    0,    0,    0,    0,    0,    0,    0,    0,    0,    0,    0,    0,    0,    0,    0,    0,    0,    0,    0,    0,    0,    0,    0,    0,    0,    0,    0,    0,    0,    0,    0,    0,    0,    0,    0,    0,    0,    0,    0,    0,    0,    0,    0,    0,    0,    0,    0,    0,    0,    0,    0,    0,    0,    0,    0,    0,    0,    0,    0,    0,    0,    0,    0,    0,    0,    0,    0,    0,    0,    0,    0,    0,    0,    0,    0,    0,    0,    0,    0,    0,    0,    0,    0,    0,    0,    0,    0,    0,    0,    0,    0,    0,    0,    0,    0,    0,    0,    0,    0,    0,    0,    0,    0,    0,    0,    0,    0,    0,    0,    0,    0,    0,    0,    0,    0,    0,    0,    0,    0,    0,    0,    0,    0,    0,    0,    0,    0,    0,    0,    0,    0,    0,    0,    0,    0,    0,    0,    0,    0,    0,    0,    0,    0,    0,    0,    0,    0,    0,    0,    0,    0,    0,    0,    0,    0,    0,    0,    0,    0,    0,    0,    0,    0,    0,    0,    0],
        [  429,    0,    0,  681,  174,  284,  255,  242,  148,  635,  319,  371,  664,  448,  556,  711,  407,  372,  337,  136,  196,  512,  749,  589,  269,  423,  520,  564,  364,  491,  335,  555,  478,  325,  415,  174,  264,  121,  198,  670,  194,  315,  251,  692,  707,  713,  518,  178,  358,  589,  525,  503,  644,  137,  535,  788,  563,  573,  470,  423,  576,  321,  858,  635,  133,  246,  652,  113,   75,  617,  547,  451,  589,  605,  405,  643,  577,  466,  176,  217,  453,  378,  494,  462,  546,  286,  603,  462,  115,  654,  543,  381,  615,  445,  567,  430,  623,  266,  107,  610,  267,  328,  306,  514,  300,  497,  778,  752,  526,  630,  494,  816,  563,  510,  243,  636,  655,  422,  538,  529,  517,  156,  622,  609,  140,  233,  372,  369,  825,  739,  347,  555,  395,  682,  443,  712,  585,  418,  508,  638,  604,  623,  434,  488,  415,  523,  448,  724,  523,  304,  713,  699,  534,  594,   58,  595,  884,  332,  675,   93,  428,  611,  286,  554,  634,  215,  557,  188,  726,  424,  283,  599],
        [  296,    0,  681,    0,  852,  960,  935,  503,  740,   85,  872,  960,  454,  991,  786,  920,  921,  416,  997,  715,  486, 1112,  785,  722,  773, 1093,  824, 1119,  774,  712,  358,  195, 1122,  902,  501,  585,  870,  633,  850,  479,  570,  996,  885,  968,  762,  998,  687,  548,  806,  725,  308,  700,  976,  625,  148,  808, 1077,  700,  531, 1074,  540,  384,  953, 1216,  773,  447, 1001,  687,  754,  103,  973,  429,   94, 1088,  871,  130,  274,  525,  713,  720,  787,  798,  344, 1115, 1194,  940,  543,  221,  578,  563,  271, 1045,  193,  247, 1169,  935, 1030,  860,  732,  957,  929,  957,  594,  236,  591,  823,  920,  783,  661,  901,  968,  970,  646,  275,  578,   85, 1210,  560,  337, 1009,  780,  665,  861,  191,  773,  877,  452, 1049,  930,  980,  753,  143,  301,  974,  291, 1003,  353,  778,  793, 1038,  645,   62, 1025,  258,  816,  320,  905, 1012,  529,  952,   92,  167,  221,  343,  645,  286,  972,  366,  493,  771,  385, 1079,  932,  128, 1186,  590, 1104,  852,   46,  878,  429,  181],
        [  602,    0,  174,  852,    0,  110,   87,  407,  214,  802,  252,  262,  786,  355,  584,  721,  340,  538,  174,  179,  368,  375,  805,  642,  263,  251,  529,  448,  431,  537,  509,  716,  318,  237,  528,  299,  239,  239,   83,  787,  319,  149,  199,  682,  763,  696,  575,  321,  347,  641,  671,  554,  619,  253,  707,  843,  468,  631,  572,  261,  677,  494,  885,  500,  109,  419,  620,  227,  108,  783,  498,  579,  759,  520,  433,  807,  726,  569,  263,  247,  466,  374,  636,  297,  382,  133,  704,  634,  275,  754,  694,  214,  773,  618,  426,  364,  571,  253,  181,  584,  108,  194,  438,  672,  392,  502,  801,  809,  593,  630,  430,  830,  636,  663,  386,  803,  532,  517,  680,  457,  542,  276,  634,  768,  116,  175,  532,  201,  852,  734,  421,  728,  560,  667,  601,  693,  722,  431,  526,  587,  680,  794,  312,  645,  472,  668,  403,  704,  625,  213,  879,  859,  693,  733,  222,  743,  911,  505,  790,   99,  568,  533,  144,  724,  513,  359,  445,   54,  897,  453,  455,  759],
        [  711,    0,  284,  960,  110,    0,   48,  514,  303,  909,  266,  236,  872,  331,  627,  748,  339,  645,   91,  268,  478,  309,  857,  697,  314,  144,  563,  397,  501,  592,  619,  821,  227,  237,  614,  398,  284,  340,  133,  871,  417,   63,  236,  698,  816,  708,  634,  424,  382,  695,  770,  611,  628,  352,  816,  894,  434,  689,  653,  170,  755,  603,  919,  430,  199,  529,  624,  328,  216,  890,  496,  671,  868,  491,  483,  912,  826,  651,  353,  318,  506,  412,  734,  201,  284,   90,  782,  744,  383,  830,  795,  115,  876,  728,  351,  361,  563,  301,  279,  594,   70,  156,  535,  776,  474,  535,  833,  861,  655,  655,  423,  858,  701,  765,  488,  910,  470,  596,  776,  442,  585,  374,  666,  871,  203,  216,  637,  102,  887,  752,  495,  838,  667,  681,  705,  703,  817,  473,  566,  579,  746,  903,  266,  749,  535,  766,  412,  714,  705,  216,  986,  963,  797,  828,  331,  842,  944,  615,  873,  204,  665,  508,  113,  833,  455,  460,  398,  116, 1005,  503,  564,  863],
        [  679,    0,  255,  935,   87,   48,    0,  478,  260,  887,  292,  274,  869,  369,  645,  773,  371,  608,  138,  262,  450,  355,  872,  710,  327,  185,  584,  441,  454,  605,  589,  802,  274,  266,  611,  385,  237,  325,  138,  870,  405,   62,  190,  726,  830,  738,  645,  408,  402,  709,  758,  623,  658,  339,  790,  909,  475,  701,  653,  217,  757,  572,  942,  476,  191,  498,  656,  287,  184,  868,  529,  664,  843,  532,  437,  892,  812,  650,  309,  321,  525,  431,  722,  247,  329,  126,  784,  717,  360,  833,  780,  162,  859,  699,  398,  393,  599,  255,  238,  624,  101,  195,  492,  759,  473,  557,  856,  876,  665,  680,  458,  883,  709,  749,  447,  888,  516,  596,  766,  479,  603,  332,  689,  854,  197,  169,  599,  115,  909,  780,  448,  810,  646,  710,  687,  734,  808,  491,  586,  614,  754,  877,  309,  732,  488,  754,  442,  745,  705,  174,  965,  945,  780,  818,  298,  829,  967,  584,  872,  169,  654,  547,  147,  808,  500,  420,  442,  114,  980,  457,  531,  845],
        [  214,    0,  242,  503,  407,  514,  478,    0,  244,  480,  544,  608,  643,  677,  688,  851,  626,  131,  577,  351,  127,  752,  832,  689,  472,  657,  676,  798,  301,  610,  152,  436,  719,  557,  451,  285,  369,  284,  440,  658,  291,  533,  388,  854,  792,  878,  621,  251,  550,  690,  458,  615,  820,  290,  358,  869,  788,  668,  514,  663,  606,  121,  970,  874,  372,   90,  835,  197,  299,  467,  747,  446,  419,  824,  389,  506,  495,  507,  211,  411,  612,  562,  444,  702,  787,  527,  629,  288,  209,  677,  459,  619,  500,  256,  808,  648,  822,  358,  246,  789,  507,  569,  136,  408,  401,  659,  901,  833,  616,  785,  706,  945,  638,  425,   85,  481,  891,  487,  485,  745,  657,  166,  765,  493,  377,  384,  131,  586,  938,  892,  278,  363,  284,  848,  353,  879,  535,  583,  655,  836,  670,  441,  673,  389,  353,  462,  652,  891,  557,  457,  558,  569,  425,  539,  187,  518,  995,  140,  667,  311,  397,  827,  528,  384,  869,   90,  789,  429,  548,  400,   77,  479],
        [  458,    0,  148,  740,  214,  303,  260,  244,    0,  708,  436,  467,  792,  555,  702,  856,  526,  366,  383,  275,  273,  589,  896,  736,  405,  444,  664,  658,  228,  638,  383,  645,  527,  431,  552,  315,  137,  268,  281,  800,  334,  306,  146,  834,  853,  853,  665,  310,  496,  736,  635,  650,  781,  283,  593,  934,  670,  720,  610,  469,  715,  357, 1005,  714,  245,  295,  788,   56,  129,  692,  676,  579,  652,  719,  259,  726,  683,  605,   50,  360,  597,  518,  609,  503,  587,  346,  741,  520,  240,  793,  647,  417,  708,  493,  639,  550,  752,  132,   44,  747,  321,  406,  233,  609,  445,  640,  925,  899,  673,  773,  616,  962,  708,  613,  194,  709,  744,  564,  654,  648,  663,   80,  767,  702,  255,  140,  350,  356,  971,  881,  214,  603,  483,  823,  542,  851,  703,  562,  653,  767,  749,  679,  523,  585,  276,  635,  577,  863,  662,  214,  787,  786,  628,  710,  128,  704, 1031,  374,  807,  125,  548,  728,  356,  617,  725,  169,  654,  258,  786,  278,  312,  689],
        [  290,    0,  635,   85,  802,  909,  887,  480,  708,    0,  804,  894,  373,  919,  703,  835,  849,  413,  940,  656,  444, 1044,  701,  638,  704, 1039,  742, 1047,  767,  630,  330,  113, 1060,  836,  420,  524,  842,  575,  793,  398,  507,  948,  853,  885,  678,  914,  604,  490,  733,  640,  224,  618,  893,  566,  130,  725, 1003,  616,  448, 1014,  456,  360,  869, 1145,  717,  413,  919,  653,  709,   21,  895,  348,   72, 1012,  862,   52,  190,  442,  686,  654,  708,  723,  261, 1056, 1133,  883,  459,  194,  527,  479,  187,  988,  109,  229, 1101,  862,  950,  833,  696,  875,  874,  895,  586,  157,  518,  743,  835,  699,  577,  817,  893,  885,  561,  193,  561,    2, 1137,  479,  253,  933,  698,  637,  778,  107,  716,  843,  452, 1001,  846,  896,  745,  152,  243,  891,  219,  919,  268,  700,  712,  958,  560,   87,  958,  181,  812,  236,  830,  928,  445,  918,   79,  109,  140,  259,  604,  202,  888,  341,  412,  727,  306, 1002,  873,  100, 1113,  570, 1032,  798,  114,  870,  405,   97],
        [  687,    0,  319,  872,  252,  266,  292,  544,  436,  804,    0,   92,  671,  133,  366,  482,   91,  666,  216,  194,  451,  240,  600,  444,  101,  311,  298,  258,  663,  343,  587,  700,  277,   40,  428,  298,  490,  269,  170,  665,  308,  329,  451,  434,  560,  447,  389,  338,  124,  443,  620,  364,  368,  269,  743,  635,  245,  440,  447,  249,  538,  586,  654,  347,  192,  514,  368,  424,  307,  784,  246,  499,  782,  287,  679,  793,  676,  448,  479,  154,  245,  153,  578,  286,  347,  179,  563,  679,  344,  606,  652,  256,  743,  678,  297,  115,  320,  503,  394,  334,  197,  133,  624,  653,  295,  271,  568,  604,  415,  389,  182,  592,  462,  628,  560,  805,  352,  390,  614,  213,  325,  471,  401,  740,  183,  427,  674,  355,  622,  488,  649,  777,  574,  419,  586,  443,  645,  215,  305,  336,  507,  823,  154,  626,  709,  612,  152,  455,  494,  459,  874,  831,  673,  657,  375,  686,  678,  591,  663,  313,  514,  294,  156,  751,  329,  533,  248,  199,  913,  699,  561,  736],
        [  765,    0,  371,  960,  262,  236,  274,  608,  467,  894,   92,    0,  761,   96,  434,  531,  114,  734,  162,  264,  525,  153,  669,  520,  193,  240,  361,  193,  691,  422,  665,  790,  188,   58,  519,  380,  497,  344,  187,  754,  393,  294,  453,  471,  631,  479,  469,  420,  205,  518,  711,  444,  398,  347,  828,  703,  206,  518,  538,  168,  625,  661,  706,  268,  239,  587,  392,  466,  343,  874,  263,  591,  869,  260,  694,  883,  767,  538,  514,  241,  318,  232,  670,  201,  256,  148,  650,  764,  416,  692,  743,  189,  835,  760,  210,  131,  328,  512,  429,  366,  173,   81,  674,  743,  387,  334,  620,  674,  497,  437,  189,  639,  544,  719,  613,  895,  284,  481,  706,  206,  395,  515,  457,  831,  232,  430,  739,  308,  676,  527,  680,  861,  661,  453,  676,  474,  736,  292,  373,  344,  588,  910,   67,  717,  733,  704,  190,  484,  583,  448,  964,  922,  764,  749,  429,  778,  730,  667,  752,  343,  606,  275,  127,  838,  263,  585,  188,  212, 1002,  714,  633,  827],
        [  552,    0,  664,  454,  786,  872,  869,  643,  792,  373,  671,  761,    0,  747,  418,  509,  676,  650,  865,  608,  538,  891,  339,  327,  579,  968,  482,  858,  939,  371,  519,  291,  948,  710,  259,  495,  923,  554,  740,   26,  474,  927,  914,  576,  325,  605,  328,  487,  560,  330,  200,  351,  608,  539,  440,  358,  795,  310,  225,  917,  145,  551,  506,  963,  679,  554,  637,  738,  731,  360,  657,  214,  418,  784, 1018,  324,  195,  225,  793,  557,  478,  538,  202,  955, 1016,  812,  128,  449,  554,  120,  218,  912,  264,  486,  941,  679,  691,  922,  761,  601,  815,  795,  778,  280,  398,  494,  487,  336,  295,  520,  684,  535,  257,  243,  725,  373,  937,  282,  165,  717,  432,  748,  475,  268,  673,  896,  688,  973,  487,  572,  917,  484,  372,  588,  303,  612,  120,  488,  453,  694,  233,  453,  813,  284,  992,  192,  627,  618,  179,  966,  388,  305,  278,  124,  665,  176,  523,  534,   40,  750,  249,  767,  794,  418,  914,  719,  841,  758,  467, 1032,  579,  280],
        [  818,    0,  448,  991,  355,  331,  369,  677,  555,  919,  133,   96,  747,    0,  383,  458,   73,  798,  252,  327,  582,  147,  615,  476,  222,  316,  306,  129,  781,  388,  718,  811,  236,  125,  522,  426,  592,  401,  277,  737,  434,  387,  548,  391,  579,  395,  435,  467,  193,  474,  723,  410,  315,  400,  866,  646,  116,  478,  529,  236,  606,  718,  634,  227,  318,  646,  305,  549,  428,  899,  177,  597,  901,  166,  787,  904,  778,  531,  600,  281,  278,  211,  681,  259,  290,  243,  629,  805,  476,  666,  757,  271,  851,  805,  195,   69,  236,  606,  515,  284,  269,  175,  753,  765,  402,  282,  549,  620,  466,  365,  104,  563,  512,  737,  690,  920,  223,  476,  713,  112,  348,  597,  391,  848,  310,  525,  807,  397,  604,  446,  769,  901,  695,  371,  701,  389,  738,  260,  324,  251,  554,  944,   87,  739,  824,  714,  129,  399,  569,  543,  986,  937,  784,  751,  504,  785,  656,  721,  733,  431,  621,  179,  223,  872,  199,  662,  117,  303, 1030,  808,  693,  845],
        [  728,    0,  556,  786,  584,  627,  645,  688,  702,  703,  366,  434,  418,  383,    0,  164,  324,  768,  581,  432,  562,  527,  236,   99,  321,  672,   78,  469,  914,   82,  645,  592,  614,  402,  294,  412,  799,  441,  509,  401,  401,  689,  770,  185,  198,  214,  100,  440,  245,   97,  480,   87,  195,  427,  702,  270,  397,  110,  256,  601,  276,  662,  304,  571,  485,  616,  222,  666,  589,  684,  250,  359,  714,  375,  960,  669,  522,  262,  729,  348,  121,  216,  443,  632,  671,  543,  290,  666,  497,  312,  517,  618,  607,  686,  567,  316,  275,  807,  660,  184,  557,  497,  810,  553,  287,  102,  223,  241,  129,  115,  294,  262,  161,  512,  743,  703,  536,  236,  454,  320,   42,  700,   81,  606,  476,  746,  794,  720,  271,  209,  895,  747,  547,  189,  514,  218,  456,  155,   62,  277,  191,  758,  465,  534,  968,  468,  254,  228,  264,  796,  749,  680,  566,  469,  592,  520,  331,  656,  393,  603,  410,  355,  520,  695,  514,  723,  452,  536,  815,  979,  662,  611],
        [  886,    0,  711,  920,  721,  748,  773,  851,  856,  835,  482,  531,  509,  458,  164,    0,  417,  930,  690,  583,  725,  588,  211,  198,  461,  769,  194,  508, 1072,  243,  805,  727,  692,  513,  445,  573,  946,  600,  641,  487,  563,  810,  913,   88,  199,  109,  245,  603,  375,  196,  613,  243,  159,  587,  848,  227,  430,  220,  398,  692,  384,  824,  176,  599,  629,  779,  184,  823,  738,  817,  287,  502,  854,  387, 1114,  797,  648,  405,  886,  498,  261,  348,  580,  716,  739,  660,  388,  818,  659,  390,  649,  720,  733,  840,  616,  401,  265,  955,  814,  180,  678,  604,  973,  692,  450,  220,   92,  217,  265,   94,  356,  110,  274,  650,  905,  835,  550,  390,  583,  363,  197,  859,   90,  733,  619,  889,  956,  834,  148,   64, 1054,  894,  700,  108,  662,  117,  575,  296,  204,  258,  280,  897,  544,  677, 1125,  601,  342,  120,  391,  933,  873,  798,  703,  587,  750,  641,  199,  816,  476,  751,  558,  362,  637,  839,  533,  885,  491,  670,  944, 1133,  825,  740],
        [  756,    0,  407,  921,  340,  339,  371,  626,  526,  849,   91,  114,  676,   73,  324,  417,    0,  743,  274,  278,  525,  216,  559,  413,  159,  354,  249,  198,  753,  321,  657,  741,  291,  106,  450,  364,  579,  345,  258,  667,  371,  400,  538,  360,  521,  369,  369,  406,  120,  411,  651,  343,  289,  342,  798,  592,  165,  414,  458,  279,  536,  659,  592,  298,  282,  589,  285,  513,  398,  828,  159,  525,  833,  200,  769,  832,  706,  459,  569,  221,  212,  139,  609,  309,  351,  250,  559,  739,  421,  597,  685,  303,  779,  741,  266,   25,  232,  592,  484,  255,  271,  189,  711,  694,  332,  223,  507,  563,  399,  324,   91,  526,  445,  665,  646,  850,  290,  404,  641,  123,  287,  560,  343,  776,  273,  514,  754,  419,  562,  415,  740,  835,  627,  343,  631,  365,  666,  192,  264,  247,  488,  876,  143,  669,  800,  642,   76,  375,  498,  542,  915,  865,  713,  679,  461,  713,  616,  661,  663,  403,  549,  205,  227,  804,  266,  619,  184,  286,  960,  789,  637,  774],
        [  123,    0,  372,  416,  538,  645,  608,  131,  366,  413,  666,  734,  650,  798,  768,  930,  743,    0,  707,  473,  221,  880,  884,  754,  586,  788,  766,  922,  359,  687,  135,  399,  849,  681,  502,  388,  481,  399,  570,  668,  389,  662,  506,  943,  847,  969,  690,  349,  659,  755,  452,  688,  917,  402,  284,  919,  908,  732,  563,  794,  641,  109, 1033, 1001,  500,  158,  934,  324,  430,  404,  855,  478,  344,  940,  456,  449,  476,  556,  326,  524,  706,  667,  450,  833,  917,  657,  661,  227,  323,  705,  443,  750,  459,  187,  936,  765,  929,  467,  374,  887,  638,  698,  180,  384,  486,  752,  970,  884,  680,  872,  820, 1017,  694,  412,  177,  414, 1015,  548,  485,  859,  741,  286,  847,  453,  505,  504,   40,  715, 1002,  976,  338,  274,  279,  939,  347,  970,  533,  680,  743,  942,  720,  356,  799,  372,  401,  459,  763,  982,  599,  575,  485,  514,  395,  534,  318,  500, 1057,  121,  679,  441,  421,  941,  658,  314,  993,  198,  912,  560,  459,  463,  110,  437],
        [  763,    0,  337,  997,  174,   91,  138,  577,  383,  940,  216,  162,  865,  252,  581,  690,  274,  707,    0,  284,  524,  218,  816,  660,  289,  104,  512,  307,  589,  557,  667,  845,  145,  180,  611,  418,  374,  365,  148,  862,  436,  138,  327,  632,  776,  640,  602,  450,  340,  658,  783,  578,  560,  374,  855,  851,  348,  655,  642,   88,  740,  655,  864,  339,  224,  580,  553,  400,  280,  920,  425,  674,  904,  407,  574,  938,  840,  641,  433,  310,  461,  369,  745,  126,  210,   57,  766,  785,  421,  812,  811,   49,  897,  773,  262,  292,  487,  392,  354,  527,   70,   86,  611,  799,  471,  485,  778,  820,  626,  596,  350,  798,  673,  783,  559,  940,  379,  584,  785,  364,  541,  448,  612,  892,  224,  306,  704,  146,  833,  688,  582,  881,  698,  615,  728,  635,  822,  431,  520,  503,  718,  941,  180,  772,  624,  778,  349,  646,  692,  305, 1015,  985,  820,  834,  390,  853,  888,  666,  862,  272,  677,  425,   72,  870,  364,  532,  310,  150, 1041,  594,  619,  886],
        [  503,    0,  136,  715,  179,  268,  262,  351,  275,  656,  194,  264,  608,  327,  432,  583,  278,  473,  284,    0,  262,  413,  640,  478,  134,  385,  390,  450,  497,  375,  403,  561,  407,  209,  350,  134,  368,   84,  141,  609,  152,  321,  342,  560,  598,  579,  408,  168,  223,  477,  504,  390,  509,   91,  577,  679,  439,  464,  393,  359,  499,  398,  736,  531,   72,  324,  518,  248,  157,  637,  412,  404,  623,  477,  532,  654,  559,  391,  309,   86,  323,  244,  466,  400,  480,  227,  526,  509,  153,  576,  529,  333,  614,  501,  471,  301,  489,  375,  232,  475,  221,  243,  435,  515,  213,  366,  655,  644,  422,  499,  362,  690,  463,  500,  369,  657,  543,  338,  509,  399,  392,  291,  494,  609,   66,  319,  480,  369,  703,  607,  481,  606,  415,  549,  444,  578,  549,  288,  381,  504,  507,  662,  330,  488,  548,  499,  313,  590,  446,  377,  731,  701,  536,  560,  187,  575,  762,  404,  611,  172,  398,  481,  217,  590,  521,  343,  440,  152,  759,  552,  370,  602],
        [  242,    0,  196,  486,  368,  478,  450,  127,  273,  444,  451,  525,  538,  582,  562,  725,  525,  221,  524,  262,    0,  674,  707,  563,  367,  615,  553,  708,  403,  484,  144,  374,  659,  470,  329,  168,  409,  182,  378,  550,  170,  511,  413,  730,  667,  755,  494,  129,  438,  563,  367,  488,  700,  184,  340,  744,  690,  542,  391,  607,  487,  137,  843,  792,  303,   64,  716,  217,  269,  427,  635,  332,  395,  721,  480,  457,  412,  384,  262,  305,  490,  446,  345,  647,  730,  469,  511,  267,  109,  560,  377,  570,  436,  250,  731,  546,  709,  403,  254,  669,  454,  500,  258,  337,  276,  537,  774,  708,  490,  661,  600,  819,  513,  342,  195,  445,  802,  362,  389,  640,  532,  214,  640,  430,  306,  401,  238,  564,  811,  767,  381,  360,  212,  725,  270,  757,  439,  463,  531,  722,  546,  427,  591,  313,  457,  368,  542,  768,  437,  476,  523,  516,  356,  445,  161,  434,  869,  144,  558,  285,  290,  721,  465,  360,  779,  184,  698,  375,  532,  494,  113,  418],
        [  915,    0,  512, 1112,  375,  309,  355,  752,  589, 1044,  240,  153,  891,  147,  527,  588,  216,  880,  218,  413,  674,    0,  756,  621,  341,  232,  450,  103,  803,  534,  815,  939,  121,  210,  660,  533,  592,  495,  316,  882,  545,  349,  545,  513,  722,  511,  582,  572,  333,  619,  857,  556,  435,  498,  980,  787,  170,  624,  671,  154,  751,  811,  762,  126,  381,  736,  419,  596,  472, 1024,  301,  733, 1021,  229,  791, 1032,  912,  673,  638,  392,  424,  354,  815,  154,  152,  244,  774,  916,  566,  812,  889,  209,  982,  911,   58,  216,  339,  609,  554,  409,  270,  186,  807,  892,  533,  426,  680,  761,  612,  499,  237,  688,  659,  867,  750, 1045,  162,  617,  849,  225,  493,  645,  529,  979,  375,  523,  882,  338,  735,  567,  794, 1013,  812,  492,  826,  504,  877,  406,  469,  352,  701, 1062,   87,  866,  840,  849,  275,  512,  713,  521, 1114, 1069,  912,  890,  569,  921,  784,  817,  878,  468,  752,  252,  233,  990,  148,  722,  113,  334, 1153,  811,  781,  975],
        [  815,    0,  749,  785,  805,  857,  872,  832,  896,  701,  600,  669,  339,  615,  236,  211,  559,  884,  816,  640,  707,  756,    0,  163,  545,  907,  310,  690, 1092,  268,  751,  603,  848,  637,  383,  585, 1006,  629,  734,  315,  569,  919,  981,  297,   43,  320,  233,  602,  477,  164,  491,  252,  359,  613,  742,   39,  613,  177,  322,  837,  254,  776,  169,  788,  701,  748,  386,  853,  794,  685,  464,  412,  734,  580, 1150,  656,  512,  329,  916,  561,  355,  448,  468,  867,  904,  775,  245,  728,  669,  223,  523,  853,  593,  758,  793,  549,  463, 1011,  856,  369,  788,  731,  964,  577,  453,  336,  156,    6,  224,  271,  521,  201,  194,  534,  900,  701,  744,  346,  456,  539,  275,  880,  232,  595,  692,  959,  916,  952,  148,  270, 1072,  788,  621,  316,  567,  328,  433,  386,  297,  458,  164,  774,  698,  569, 1147,  479,  487,  330,  288, 1014,  724,  643,  583,  443,  775,  500,  188,  764,  301,  810,  470,  557,  753,  726,  725,  884,  672,  760,  801, 1168,  788,  605],
        [  699,    0,  589,  722,  642,  697,  710,  689,  736,  638,  444,  520,  327,  476,   99,  198,  413,  754,  660,  478,  563,  621,  163,    0,  384,  754,  175,  567,  938,  106,  624,  530,  703,  482,  256,  429,  844,  469,  572,  308,  415,  759,  819,  253,  121,  282,   72,  450,  321,    3,  415,   89,  282,  454,  653,  202,  496,   24,  203,  687,  191,  646,  281,  670,  538,  610,  311,  694,  632,  620,  348,  307,  657,  474,  992,  600,  452,  210,  758,  398,  202,  292,  383,  720,  763,  617,  201,  626,  514,  216,  452,  699,  536,  650,  663,  408,  371,  849,  696,  278,  629,  577,  818,  495,  297,  196,  217,  167,   74,  194,  392,  265,   77,  452,  752,  638,  634,  206,  386,  418,  129,  724,  149,  537,  529,  796,  783,  793,  250,  258,  918,  699,  510,  263,  467,  288,  380,  230,  152,  372,   95,  700,  555,  480,  992,  403,  347,  296,  194,  851,  678,  604,  506,  392,  618,  446,  307,  637,  299,  648,  363,  454,  595,  642,  613,  735,  549,  598,  748, 1010,  653,  543],
        [  598,    0,  269,  773,  263,  314,  327,  472,  405,  704,  101,  193,  579,  222,  321,  461,  159,  586,  289,  134,  367,  341,  545,  384,    0,  390,  267,  351,  630,  279,  498,  599,  373,  136,  331,  206,  486,  189,  190,  575,  213,  376,  453,  430,  503,  448,  320,  247,   91,  383,  519,  297,  377,  184,  645,  583,  324,  375,  355,  338,  451,  500,  622,  445,  169,  431,  384,  381,  281,  684,  280,  400,  682,  354,  660,  692,  576,  355,  442,   62,  203,  115,  478,  377,  444,  240,  477,  583,  265,  523,  551,  334,  643,  584,  397,  179,  356,  495,  362,  342,  248,  216,  566,  552,  195,  242,  538,  549,  342,  373,  235,  570,  388,  527,  499,  705,  444,  298,  515,  274,  279,  425,  373,  639,  159,  429,  599,  413,  589,  480,  614,  680,  475,  418,  486,  447,  547,  168,  264,  371,  433,  725,  255,  526,  680,  512,  182,  459,  404,  476,  773,  730,  572,  559,  319,  586,  648,  503,  575,  293,  414,  356,  220,  653,  421,  473,  338,  216,  813,  680,  479,  635],
        [  852,    0,  423, 1093,  251,  144,  185,  657,  444, 1039,  311,  240,  968,  316,  672,  769,  354,  788,  104,  385,  615,  232,  907,  754,  390,    0,  600,  334,  629,  654,  758,  945,  117,  272,  714,  518,  404,  464,  246,  965,  537,  146,  356,  706,  868,  710,  699,  550,  435,  752,  886,  674,  631,  474,  951,  942,  391,  750,  744,   82,  841,  744,  945,  333,  322,  669,  620,  470,  359, 1019,  493,  778, 1000,  452,  598, 1038,  942,  744,  493,  413,  554,  463,  847,   83,  152,  159,  867,  879,  516,  912,  913,   57,  998,  865,  256,  369,  548,  423,  421,  599,  165,  179,  676,  900,  574,  573,  859,  912,  725,  676,  419,  876,  772,  885,  630, 1039,  385,  687,  888,  424,  632,  516,  696,  994,  323,  340,  780,  115,  915,  761,  625,  975,  796,  687,  829,  705,  925,  525,  611,  562,  817, 1037,  232,  873,  657,  881,  429,  714,  794,  316, 1114, 1086,  921,  937,  473,  956,  968,  755,  964,  347,  779,  473,  175,  967,  375,  603,  341,  242, 1138,  617,  705,  987],
        [  739,    0,  520,  824,  529,  563,  584,  676,  664,  742,  298,  361,  482,  306,   78,  194,  249,  766,  512,  390,  553,  450,  310,  175,  267,  600,    0,  393,  882,  116,  649,  630,  538,  333,  324,  392,  752,  412,  450,  467,  385,  625,  720,  179,  274,  203,  155,  426,  183,  172,  522,  133,  156,  400,  729,  343,  322,  182,  298,  528,  338,  664,  358,  496,  435,  610,  179,  632,  545,  722,  177,  395,  746,  303,  921,  712,  568,  303,  695,  305,   68,  155,  482,  557,  595,  477,  355,  686,  476,  382,  559,  547,  651,  702,  490,  240,  213,  761,  621,  134,  493,  427,  791,  588,  281,   28,  273,  315,  187,  111,  218,  303,  227,  550,  723,  743,  462,  265,  500,  244,   51,  670,  106,  650,  426,  696,  789,  653,  326,  220,  865,  772,  566,  173,  542,  205,  508,  102,   31,  219,  263,  791,  389,  568,  934,  510,  178,  216,  318,  741,  794,  729,  604,  521,  561,  568,  383,  659,  460,  557,  441,  286,  454,  725,  440,  701,  375,  479,  855,  941,  658,  653],
        [  945,    0,  564, 1119,  448,  397,  441,  798,  658, 1047,  258,  193,  858,  129,  469,  508,  198,  922,  307,  450,  708,  103,  690,  567,  351,  334,  393,    0,  879,  491,  845,  938,  223,  242,  644,  554,  676,  526,  378,  847,  563,  443,  629,  428,  658,  423,  537,  595,  316,  565,  847,  512,  351,  526,  994,  717,   79,  573,  646,  254,  715,  844,  679,  105,  432,  772,  331,  658,  535, 1026,  226,  720, 1030,  131,  875, 1030,  901,  649,  706,  410,  381,  330,  805,  256,  246,  321,  736,  933,  601,  769,  882,  306,  976,  934,  110,  186,  249,  692,  621,  329,  348,  255,  867,  892,  529,  373,  599,  695,  569,  423,  177,  602,  614,  862,  806, 1047,   95,  595,  835,  151,  440,  708,  458,  973,  425,  607,  929,  437,  654,  480,  869, 1030,  824,  407,  829,  416,  858,  371,  417,  260,  653, 1073,  136,  866,  919,  838,  232,  423,  682,  612, 1112, 1061,  911,  871,  621,  908,  699,  849,  842,  535,  746,  156,  306, 1001,   71,  778,   18,  401, 1158,  895,  819,  971],
        [  480,    0,  364,  774,  431,  501,  454,  301,  228,  767,  663,  691,  939,  781,  914, 1072,  753,  359,  589,  497,  403,  803, 1092,  938,  630,  629,  882,  879,    0,  845,  447,  734,  727,  658,  726,  509,  227,  474,  505,  952,  524,  483,  274, 1056, 1051, 1076,  866,  491,  720,  938,  757,  854, 1006,  488,  639, 1131,  895,  919,  787,  671,  887,  414, 1213,  927,  472,  388, 1014,  251,  356,  755,  903,  734,  700,  945,  100,  798,  795,  781,  189,  581,  815,  741,  741,  699,  779,  560,  912,  575,  424,  962,  760,  615,  797,  538,  850,  778,  979,  208,  270,  971,  534,  624,  181,  708,  641,  860, 1136, 1094,  870,  993,  844, 1176,  900,  725,  217,  768,  961,  750,  784,  876,  877,  215,  983,  791,  482,  289,  324,  523, 1180, 1102,   23,  632,  585, 1045,  653, 1075,  834,  781,  869,  994,  937,  714,  743,  689,   55,  761,  804, 1087,  835,  327,  841,  862,  724,  839,  323,  818, 1239,  433,  960,  351,  691,  955,  574,  667,  943,  221,  876,  480,  817,  105,  374,  776],
        [  647,    0,  491,  712,  537,  592,  605,  610,  638,  630,  343,  422,  371,  388,   82,  243,  321,  687,  557,  375,  484,  534,  268,  106,  279,  654,  116,  491,  845,    0,  563,  518,  608,  382,  215,  338,  742,  373,  467,  357,  326,  654,  716,  265,  226,  293,   48,  364,  220,  104,  408,   22,  264,  358,  623,  306,  425,   98,  183,  589,  227,  581,  369,  595,  434,  536,  290,  598,  530,  610,  287,  283,  637,  414,  895,  599,  453,  189,  662,  293,  111,  192,  369,  623,  671,  513,  246,  586,  424,  279,  445,  598,  537,  605,  580,  319,  329,  748,  597,  247,  525,  476,  735,  477,  210,  124,  293,  272,   79,  194,  315,  336,  125,  438,  667,  630,  567,  156,  385,  347,   69,  631,  162,  536,  425,  693,  714,  689,  336,  291,  825,  668,  466,  267,  436,  297,  392,  131,   86,  334,  167,  681,  463,  458,  899,  396,  262,  308,  202,  747,  680,  613,  492,  406,  523,  453,  395,  574,  352,  546,  332,  398,  492,  618,  544,  648,  474,  493,  742,  913,  582,  539],
        [  101,    0,  335,  358,  509,  619,  589,  152,  383,  330,  587,  665,  519,  718,  645,  805,  657,  135,  667,  403,  144,  815,  751,  624,  498,  758,  649,  845,  447,  563,    0,  288,  802,  609,  371,  293,  514,  321,  522,  536,  288,  648,  528,  823,  714,  850,  563,  252,  561,  626,  324,  562,  803,  319,  211,  785,  821,  602,  430,  750,  507,   34,  901,  932,  446,   91,  822,  330,  406,  316,  753,  343,  270,  848,  538,  355,  354,  423,  357,  437,  593,  564,  318,  791,  873,  613,  527,  139,  251,  571,  319,  713,  351,  112,  873,  676,  824,  504,  375,  775,  598,  642,  271,  264,  370,  638,  841,  751,  551,  752,  726,  889,  563,  287,  234,  331,  939,  419,  356,  766,  621,  309,  725,  345,  449,  520,  170,  702,  871,  853,  425,  223,  148,  821,  218,  852,  405,  569,  624,  836,  587,  297,  731,  248,  496,  330,  666,  864,  465,  595,  408,  419,  279,  406,  292,  378,  926,   16,  547,  421,  287,  846,  609,  236,  916,  241,  834,  518,  404,  549,   76,  330],
        [  284,    0,  555,  195,  716,  821,  802,  436,  645,  113,  700,  790,  291,  811,  592,  727,  741,  399,  845,  561,  374,  939,  603,  530,  599,  945,  630,  938,  734,  518,  288,    0,  960,  732,  308,  428,  781,  483,  700,  314,  410,  864,  786,  774,  577,  804,  493,  397,  623,  532,  115,  506,  782,  472,  151,  629,  892,  508,  336,  916,  353,  321,  770, 1038,  625,  357,  807,  589,  630,   93,  783,  235,  131,  900,  825,   94,   96,  330,  630,  551,  596,  613,  150,  958, 1033,  788,  359,  175,  443,  385,   81,  894,   64,  215,  995,  753,  838,  774,  627,  763,  781,  795,  557,   47,  410,  630,  732,  601,  467,  707,  782,  782,  454,   81,  520,  113, 1028,  366,  148,  822,  586,  581,  667,   58,  624,  774,  439,  916,  745,  787,  712,  194,  163,  780,  117,  809,  175,  588,  600,  846,  456,  173,  853,   74,  784,  127,  719,  818,  337,  849,  175,  144,   28,  168,  531,  116,  790,  302,  328,  648,  194,  890,  777,  128, 1004,  524,  923,  707,  226,  836,  361,   45],
        [  900,    0,  478, 1122,  318,  227,  274,  719,  527, 1060,  277,  188,  948,  236,  614,  692,  291,  849,  145,  407,  659,  121,  848,  703,  373,  117,  538,  223,  727,  608,  802,  960,    0,  239,  703,  538,  507,  491,  282,  941,  553,  252,  459,  622,  811,  623,  655,  574,  393,  701,  889,  630,  545,  497,  984,  880,  289,  703,  724,   58,  813,  793,  868,  217,  357,  717,  531,  544,  424, 1040,  408,  772, 1029,  348,  704, 1054,  945,  724,  577,  411,  501,  419,  849,   35,   73,  193,  838,  915,  553,  880,  919,  113, 1009,  905,  139,  299,  454,  525,  498,  516,  212,  166,  755,  914,  567,  513,  784,  853,  684,  600,  337,  796,  731,  893,  704, 1061,  269,  667,  887,  334,  577,  593,  626, 1005,  354,  440,  847,  230,  839,  677,  721, 1012,  821,  602,  844,  616,  919,  478,  554,  467,  775, 1068,  150,  887,  759,  882,  361,  625,  770,  425, 1133, 1097,  935,  931,  532,  957,  890,  802,  939,  416,  782,  371,  194,  996,  260,  676,  233,  290, 1165,  723,  758, 1000],
        [  709,    0,  325,  902,  237,  237,  266,  557,  431,  836,   40,   58,  710,  125,  402,  513,  106,  681,  180,  209,  470,  210,  637,  482,  136,  272,  333,  242,  658,  382,  609,  732,  239,    0,  465,  323,  475,  289,  156,  704,  335,  298,  434,  462,  597,  472,  428,  363,  163,  481,  655,  403,  393,  290,  771,  672,  240,  478,  486,  210,  577,  606,  686,  323,  194,  533,  390,  424,  304,  816,  264,  535,  811,  288,  668,  826,  711,  486,  476,  183,  283,  191,  614,  246,  309,  147,  602,  706,  362,  645,  686,  217,  778,  703,  268,  129,  336,  489,  391,  358,  167,   95,  629,  686,  331,  306,  600,  641,  454,  420,  195,  623,  501,  662,  567,  837,  335,  429,  650,  221,  362,  473,  434,  774,  186,  410,  688,  321,  655,  516,  645,  803,  603,  445,  618,  468,  682,  253,  341,  352,  546,  852,  124,  659,  702,  648,  176,  479,  532,  437,  907,  865,  706,  694,  381,  722,  711,  611,  702,  307,  549,  298,  124,  780,  312,  539,  233,  183,  944,  688,  579,  770],
        [  444,    0,  415,  501,  528,  614,  611,  451,  552,  420,  428,  519,  259,  522,  294,  445,  450,  502,  611,  350,  329,  660,  383,  256,  331,  714,  324,  644,  726,  215,  371,  308,  703,  465,    0,  243,  678,  300,  482,  260,  222,  669,  665,  479,  345,  507,  201,  243,  330,  258,  205,  207,  478,  284,  408,  419,  592,  233,   63,  668,  163,  394,  531,  747,  421,  366,  502,  502,  478,  400,  476,   76,  423,  596,  794,  394,  258,   56,  562,  302,  288,  315,  164,  707,  773,  557,  190,  374,  313,  241,  242,  658,  336,  395,  713,  458,  530,  679,  518,  457,  558,  544,  585,  265,  141,  323,  473,  384,  183,  409,  480,  521,  193,  228,  523,  421,  731,   60,  192,  519,  282,  520,  373,  334,  415,  645,  534,  715,  501,  500,  704,  453,  255,  481,  221,  511,  218,  283,  294,  538,  220,  468,  577,  244,  780,  196,  418,  522,  111,  713,  477,  419,  281,  230,  425,  264,  556,  384,  263,  497,  118,  584,  540,  403,  707,  510,  628,  499,  534,  810,  406,  335],
