{
    "name": "random-23-14414",
    "comment": "size=23 seed=14414",
    "nodes": ["+0", "-0", "+1", "-1", "+2", "-2", "+3", "-3", "+4", "-4", "+5", "-5", "+6", "-6", "+7", "-7", "+8", "-8", "+9", "-9", "+10", "-10", "+11", "-11", "+12", "-12", "+13", "-13", "+14", "-14", "+15", "-15", "+16", "-16", "+17", "-17", "+18", "-18", "+19", "-19", "+20", "-20", "+21", "-21", "+22", "-22", "+23", "-23"],
    "precedence": {
        "+0": "-0",
        "+1": "-1",
        "+2": "-2",
        "+3": "-3",
        "+4": "-4",
        "+5": "-5",
        "+6": "-6",
        "+7": "-7",
        "+8": "-8",
        "+9": "-9",
        "+10": "-10",
        "+11": "-11",
        "+12": "-12",
        "+13": "-13",
        "+14": "-14",
        "+15": "-15",
        "+16": "-16",
        "+17": "-17",
        "+18": "-18",
        "+19": "-19",
        "+20": "-20",
        "+21": "-21",
        "+22": "-22",
        "+23": "-23"
    },
    "edges": [
        [    0,    0,  895,  733,  276,  853,  498,  501, 1049,  445,  452,   76,  285,  621,  326,  774,  973,  235,  865,  957,  382, 1059,  362,  110,  529,  272,  837,  291,  530,  746,  922,  862,  715,  554,  790, 1105,  792,  972,  825,  709,  920,  820,  915,  211,  232,  430, 1012,  901],
        [    0,    0,  895,  733,  276,  853,  498,  501, 1049,  445,  452,   76,  285,  621,  326,  774,  973,  235,  865,  957,  382, 1059,  362,  110,  529,  272,  837,  291,  530,  746,  922,  862,  715,  554,  790, 1105,  792,  972,  825,  709,  920,  820,  915,  211,  232,  430, 1012,  901],
        [  895,  895,    0,  176,  646,  551,  513,  395,  244,  457,  449,  820,  778,  560,  641,  675,  761,  692,  637,  346,  745,  341,  701,  814,  518,  674,  306,  695,  440,  223,   72,  694,  192,  412,  176,  267,  297,  536,  283,  236,  151,  480,  288,  715,  802,  513,  194,  288],
        [  733,  733,  176,    0,  500,  450,  416,  235,  399,  311,  304,  658,  603,  507,  509,  659,  665,  545,  651,  438,  570,  382,  583,  646,  433,  533,  352,  562,  340,   90,  190,  700,  123,  317,  200,  435,  198,  476,  326,   76,  199,  499,  265,  545,  628,  338,  350,  368],
        [  276,  276,  646,  500,    0,  743,  228,  269,  779,  190,  198,  212,  353,  367,   76,  540,  911,   47,  618,  682,  413,  861,  167,  242,  263,   44,  562,   92,  255,  535,  684,  625,  458,  280,  523,  837,  608,  840,  550,  496,  696,  553,  723,  209,  329,  287,  745,  626],
        [  853,  853,  551,  450,  743,    0,  784,  528,  791,  613,  610,  789,  594,  914,  792, 1086,  215,  774, 1093,  879,  505,  376,  889,  744,  814,  786,  802,  832,  720,  362,  501, 1137,  570,  706,  648,  801,  260,  133,  775,  380,  423,  945,  290,  646,  645,  458,  742,  812],
        [  498,  498,  513,  416,  228,  784,    0,  258,  591,  182,  182,  438,  554,  157,  174,  342,  981,  264,  402,  467,  591,  797,  195,  468,   40,  227,  352,  220,   77,  484,  568,  419,  326,  103,  356,  653,  583,  853,  345,  447,  607,  326,  676,  419,  541,  385,  565,  419],
        [  501,  501,  395,  235,  269,  528,  258,    0,  572,   91,   86,  426,  413,  399,  290,  581,  724,  313,  614,  532,  411,  594,  378,  420,  291,  306,  416,  340,  201,  268,  423,  646,  226,  195,  315,  622,  349,  604,  394,  228,  429,  491,  458,  325,  425,  165,  530,  464],
        [ 1049, 1049,  244,  399,  779,  791,  591,  572,    0,  607,  599,  977,  980,  571,  752,  619,  998,  824,  545,  198,  961,  524,  785,  984,  580,  797,  257,  805,  533,  463,  292,  607,  347,  505,  260,   65,  540,  763,  253,  470,  373,  408,  515,  895,  996,  717,   51,  193],
        [  445,  445,  457,  311,  190,  613,  182,   91,  607,    0,    8,  372,  411,  333,  201,  519,  804,  236,  565,  537,  429,  681,  287,  379,  219,  222,  416,  253,  143,  355,  494,  591,  272,  150,  347,  661,  439,  693,  399,  315,  509,  459,  547,  297,  412,  206,  569,  474],
        [  452,  452,  449,  304,  198,  610,  182,   86,  599,    8,    0,  380,  416,  333,  208,  518,  802,  244,  563,  531,  433,  674,  293,  386,  219,  230,  410,  260,  141,  348,  486,  589,  264,  147,  339,  654,  433,  689,  393,  308,  502,  455,  541,  304,  417,  207,  561,  467],
        [   76,   76,  820,  658,  212,  789,  438,  426,  977,  372,  380,    0,  245,  570,  271,  731,  919,  176,  818,  891,  338,  986,  323,   63,  472,  216,  771,  244,  465,  671,  847,  818,  642,  487,  718, 1033,  720,  906,  757,  634,  845,  763,  842,  144,  197,  358,  940,  833],
        [  285,  285,  778,  603,  353,  594,  554,  413,  980,  411,  416,  245,    0,  707,  428,  887,  694,  347,  955,  941,   98,  859,  513,  184,  593,  385,  822,  430,  546,  583,  785,  969,  634,  559,  727, 1026,  595,  722,  803,  554,  758,  865,  716,  145,   55,  266,  935,  875],
        [  621,  621,  560,  507,  367,  914,  157,  399,  571,  333,  333,  570,  707,    0,  300,  187, 1118,  395,  251,  406,  747,  876,  269,  608,  117,  354,  315,  330,  198,  587,  625,  263,  395,  208,  385,  635,  693,  970,  320,  554,  679,  214,  771,  569,  691,  538,  557,  380],
        [  326,  326,  641,  509,   76,  792,  174,  290,  752,  201,  208,  271,  428,  300,    0,  467,  968,   96,  549,  639,  487,  881,  100,  309,  204,   55,  522,   55,  220,  555,  685,  553,  449,  247,  503,  812,  638,  883,  513,  516,  707,  495,  748,  284,  404,  343,  722,  588],
        [  774,  774,  675,  659,  540, 1086,  342,  581,  619,  519,  518,  731,  887,  187,  467,    0, 1293,  561,  114,  426,  931, 1009,  412,  775,  303,  519,  382,  487,  381,  744,  745,   89,  539,  387,  501,  681,  853, 1132,  399,  715,  810,  212,  918,  746,  868,  724,  621,  432],
        [  973,  973,  761,  665,  911,  215,  981,  724,  998,  804,  802,  919,  694, 1118,  968, 1293,    0,  936, 1305, 1094,  597,  537, 1067,  865, 1013,  955, 1017, 1002,  921,  577,  707, 1348,  784,  910,  863, 1004,  474,  252,  990,  595,  626, 1158,  487,  779,  748,  626,  950, 1026],
        [  235,  235,  692,  545,   47,  774,  264,  313,  824,  236,  244,  176,  347,  395,   96,  561,  936,    0,  644,  723,  416,  904,  166,  215,  296,   42,  605,   83,  298,  578,  729,  647,  504,  323,  569,  883,  649,  875,  593,  539,  741,  588,  765,  203,  317,  317,  791,  669],
        [  865,  865,  637,  651,  618, 1093,  402,  614,  545,  565,  563,  818,  955,  251,  549,  114, 1305,  644,    0,  348,  990,  977,  506,  857,  363,  603,  332,  575,  423,  739,  708,   63,  529,  420,  472,  604,  848, 1127,  354,  715,  780,  158,  899,  818,  941,  768,  554,  369],
        [  957,  957,  346,  438,  682,  879,  467,  532,  198,  537,  531,  891,  941,  406,  639,  426, 1094,  723,  348,    0,  942,  677,  651,  909,  445,  690,  121,  687,  427,  522,  414,  410,  337,  404,  242,  257,  620,  878,  139,  513,  495,  217,  632,  834,  947,  694,  212,   72],
        [  382,  382,  745,  570,  413,  505,  591,  411,  961,  429,  433,  338,   98,  747,  487,  931,  597,  416,  990,  942,    0,  790,  579,  278,  630,  450,  826,  497,  571,  537,  743, 1009,  619,  579,  716, 1002,  533,  635,  804,  513,  708,  887,  651,  218,  152,  249,  914,  872],
        [ 1059, 1059,  341,  382,  861,  376,  797,  594,  524,  681,  674,  986,  859,  876,  881, 1009,  537,  904,  977,  677,  790,    0,  962,  959,  812,  899,  647,  933,  721,  327,  269, 1033,  483,  696,  509,  509,  268,  286,  624,  367,  200,  819,  145,  853,  900,  630,  484,  625],
        [  362,  362,  701,  583,  167,  889,  195,  378,  785,  287,  293,  323,  513,  269,  100,  412, 1067,  166,  506,  651,  579,  962,    0,  373,  208,  130,  541,   84,  263,  638,  751,  500,  510,  291,  549,  848,  726,  977,  536,  599,  780,  480,  832,  369,  483,  442,  760,  609],
        [  110,  110,  814,  646,  242,  744,  468,  420,  984,  379,  386,   63,  184,  608,  309,  775,  865,  215,  857,  909,  278,  959,  373,    0,  504,  256,  788,  291,  486,  652,  836,  861,  642,  506,  724, 1037,  691,  864,  773,  616,  827,  793,  815,  107,  134,  330,  944,  848],
        [  529,  529,  518,  433,  263,  814,   40,  291,  580,  219,  219,  472,  593,  117,  204,  303, 1013,  296,  363,  445,  630,  812,  208,  504,    0,  258,  334,  246,   97,  505,  577,  380,  335,  117,  354,  643,  607,  879,  329,  469,  620,  292,  696,  457,  579,  423,  557,  401],
        [  272,  272,  674,  533,   44,  786,  227,  306,  797,  222,  230,  216,  385,  354,   55,  519,  955,   42,  603,  690,  450,  899,  130,  256,  258,    0,  572,   49,  267,  573,  715,  606,  484,  293,  544,  856,  648,  883,  562,  533,  731,  549,  762,  240,  356,  331,  765,  637],
        [  837,  837,  306,  352,  562,  802,  352,  416,  257,  416,  410,  771,  822,  315,  522,  382, 1017,  605,  332,  121,  826,  647,  541,  788,  334,  572,    0,  571,  307,  441,  378,  390,  239,  284,  155,  321,  546,  817,   27,  425,  453,  176,  579,  713,  827,  579,  246,   69],
        [  291,  291,  695,  562,   92,  832,  220,  340,  805,  253,  260,  244,  430,  330,   55,  487, 1002,   83,  575,  687,  497,  933,   84,  291,  246,   49,  571,    0,  272,  607,  739,  574,  504,  300,  557,  865,  686,  926,  563,  567,  760,  533,  798,  285,  399,  377,  775,  638],
        [  530,  530,  440,  340,  255,  720,   77,  201,  533,  143,  141,  465,  546,  198,  220,  381,  921,  298,  423,  427,  571,  721,  263,  486,   97,  267,  307,  272,    0,  410,  493,  450,  251,   29,  288,  594,  511,  783,  296,  374,  531,  319,  602,  421,  541,  346,  504,  372],
        [  746,  746,  223,   90,  535,  362,  484,  268,  463,  355,  348,  671,  583,  587,  555,  744,  577,  578,  739,  522,  537,  327,  638,  652,  505,  573,  441,  607,  410,    0,  207,  787,  211,  389,  287,  490,  110,  389,  414,   40,  177,  588,  195,  547,  615,  327,  413,  453],
        [  922,  922,   72,  190,  684,  501,  568,  423,  292,  494,  486,  847,  785,  625,  685,  745,  707,  729,  708,  414,  743,  269,  751,  836,  577,  715,  378,  739,  493,  207,    0,  765,  243,  466,  245,  302,  257,  475,  355,  232,   84,  551,  225,  734,  813,  522,  243,  358],
        [  862,  862,  694,  700,  625, 1137,  419,  646,  607,  591,  589,  818,  969,  263,  553,   89, 1348,  647,   63,  410, 1009, 1033,  500,  861,  380,  606,  390,  574,  450,  787,  765,    0,  578,  451,  526,  666,  897, 1175,  411,  761,  836,  215,  952,  830,  952,  795,  616,  429],
        [  715,  715,  192,  123,  458,  570,  326,  226,  347,  272,  264,  642,  634,  395,  449,  539,  784,  504,  529,  337,  619,  483,  510,  642,  335,  484,  239,  504,  251,  211,  243,  578,    0,  223,   99,  397,  320,  599,  212,  190,  286,  377,  380,  550,  649,  372,  305,  266],
        [  554,  554,  412,  317,  280,  706,  103,  195,  505,  150,  147,  487,  559,  208,  247,  387,  910,  323,  420,  404,  579,  696,  291,  506,  117,  293,  284,  300,   29,  389,  466,  451,  223,    0,  259,  566,  492,  766,  271,  353,  505,  309,  579,  438,  556,  348,  475,  347],
        [  790,  790,  176,  200,  523,  648,  356,  315,  260,  347,  339,  718,  727,  385,  503,  501,  863,  569,  472,  242,  716,  509,  549,  724,  354,  544,  155,  557,  288,  287,  245,  526,   99,  259,    0,  315,  392,  663,  128,  274,  310,  315,  429,  636,  740,  468,  223,  170],
        [ 1105, 1105,  267,  435,  837,  801,  653,  622,   65,  661,  654, 1033, 1026,  635,  812,  681, 1004,  883,  604,  257, 1002,  509,  848, 1037,  643,  856,  321,  865,  594,  490,  302,  666,  397,  566,  315,    0,  557,  763,  317,  501,  379,  470,  518,  946, 1044,  761,   93,  257],
        [  792,  792,  297,  198,  608,  260,  583,  349,  540,  439,  433,  720,  595,  693,  638,  853,  474,  649,  848,  620,  533,  268,  726,  691,  607,  648,  546,  686,  511,  110,  257,  897,  320,  492,  392,  557,    0,  280,  519,  140,  192,  696,  124,  585,  634,  363,  489,  553],
        [  972,  972,  536,  476,  840,  133,  853,  604,  763,  693,  689,  906,  722,  970,  883, 1132,  252,  875, 1127,  878,  635,  286,  977,  864,  879,  883,  817,  926,  783,  389,  475, 1175,  599,  766,  663,  763,  280,    0,  790,  418,  391,  973,  250,  763,  772,  562,  716,  815],
        [  825,  825,  283,  326,  550,  775,  345,  394,  253,  399,  393,  757,  803,  320,  513,  399,  990,  593,  354,  139,  804,  624,  536,  773,  329,  562,   27,  563,  296,  414,  355,  411,  212,  271,  128,  317,  519,  790,    0,  399,  428,  197,  553,  696,  808,  556,  238,   77],
        [  709,  709,  236,   76,  496,  380,  447,  228,  470,  315,  308,  634,  554,  554,  516,  715,  595,  539,  715,  513,  513,  367,  599,  616,  469,  533,  425,  567,  374,   40,  232,  761,  190,  353,  274,  501,  140,  418,  399,    0,  212,  565,  234,  512,  584,  294,  420,  443],
        [  920,  920,  151,  199,  696,  423,  607,  429,  373,  509,  502,  845,  758,  679,  707,  810,  626,  741,  780,  495,  708,  200,  780,  827,  620,  731,  453,  760,  531,  177,   84,  836,  286,  505,  310,  379,  192,  391,  428,  212,    0,  623,  142,  723,  791,  504,  326,  438],
        [  820,  820,  480,  499,  553,  945,  326,  491,  408,  459,  455,  763,  865,  214,  495,  212, 1158,  588,  158,  217,  887,  819,  480,  793,  292,  549,  176,  533,  319,  588,  551,  215,  377,  309,  315,  470,  696,  973,  197,  565,  623,    0,  743,  738,  859,  652,  410,  221],
        [  915,  915,  288,  265,  723,  290,  676,  458,  515,  547,  541,  842,  716,  771,  748,  918,  487,  765,  899,  632,  651,  145,  832,  815,  696,  762,  579,  798,  602,  195,  225,  952,  380,  579,  429,  518,  124,  250,  553,  234,  142,  743,    0,  709,  757,  486,  467,  571],
        [  211,  211,  715,  545,  209,  646,  419,  325,  895,  297,  304,  144,  145,  569,  284,  746,  779,  203,  818,  834,  218,  853,  369,  107,  457,  240,  713,  285,  421,  547,  734,  830,  550,  438,  636,  946,  585,  763,  696,  512,  723,  738,  709,    0,  123,  224,  854,  770],
        [  232,  232,  802,  628,  329,  645,  541,  425,  996,  412,  417,  197,   55,  691,  404,  868,  748,  317,  941,  947,  152,  900,  483,  134,  579,  356,  827,  399,  541,  615,  813,  952,  649,  556,  740, 1044,  634,  772,  808,  584,  791,  859,  757,  123,    0,  291,  953,  882],
        [  430,  430,  513,  338,  287,  458,  385,  165,  717,  206,  207,  358,  266,  538,  343,  724,  626,  317,  768,  694,  249,  630,  442,  330,  423,  331,  579,  377,  346,  327,  522,  795,  372,  348,  468,  761,  363,  562,  556,  294,  504,  652,  486,  224,  291,    0,  671,  625],
        [ 1012, 1012,  194,  350,  745,  742,  565,  530,   51,  569,  561,  940,  935,  557,  722,  621,  950,  791,  554,  212,  914,  484,  760,  944,  557,  765,  246,  775,  504,  413,  243,  616,  305,  475,  223,   93,  489,  716,  238,  420,  326,  410,  467,  854,  953,  671,    0,  190],
        [  901,  901,  288,  368,  626,  812,  419,  464,  193,  474,  467,  833,  875,  380,  588,  432, 1026,  669,  369,   72,  872,  625,  609,  848,  401,  637,   69,  638,  372,  453,  358,  429,  266,  347,  170,  257,  553,  815,   77,  443,  438,  221,  571,  770,  882,  625,  190,    0]
    ]
}
