{
    "name": "random-75-20917",
    "comment": "size=75 seed=20917",
    "nodes": ["+0", "-0", "+1", "-1", "+2", "-2", "+3", "-3", "+4", "-4", "+5", "-5", "+6", "-6", "+7", "-7", "+8", "-8", "+9", "-9", "+10", "-10", "+11", "-11", "+12", "-12", "+13", "-13", "+14", "-14", "+15", "-15", "+16", "-16", "+17", "-17", "+18", "-18", "+19", "-19", "+20", "-20", "+21", "-21", "+22", "-22", "+23", "-23", "+24", "-24", "+25", "-25", "+26", "-26", "+27", "-27", "+28", "-28", "+29", "-29", "+30", "-30", "+31", "-31", "+32", "-32", "+33", "-33", "+34", "-34", "+35", "-35", "+36", "-36", "+37", "-37", "+38", "-38", "+39", "-39", "+40", "-40", "+41", "-41", "+42", "-42", "+43", "-43", "+44", "-44", "+45", "-45", "+46", "-46", "+47", "-47", "+48", "-48", "+49", "-49", "+50", "-50", "+51", "-51", "+52", "-52", "+53", "-53", "+54", "-54", "+55", "-55", "+56", "-56", "+57", "-57", "+58", "-58", "+59", "-59", "+60", "-60", "+61", "-61", "+62", "-62", "+63", "-63", "+64", "-64", "+65", "-65", "+66", "-66", "+67", "-67", "+68", "-68", "+69", "-69", "+70", "-70", "+71", "-71", "+72", "-72", "+73", "-73", "+74", "-74", "+75", "-75"],
    "precedence": {
        "+0": "-0",
        "+1": "-1",
        "+2": "-2",
        "+3": "-3",
        "+4": "-4",
        "+5": "-5",
        "+6": "-6",
        "+7": "-7",
        "+8": "-8",
        "+9": "-9",
        "+10": "-10",
        "+11": "-11",
        "+12": "-12",
        "+13": "-13",
        "+14": "-14",
        "+15": "-15",
        "+16": "-16",
        "+17": "-17",
        "+18": "-18",
        "+19": "-19",
        "+20": "-20",
        "+21": "-21",
        "+22": "-22",
        "+23": "-23",
        "+24": "-24",
        "+25": "-25",
        "+26": "-26",
        "+27": "-27",
        "+28": "-28",
        "+29": "-29",
        "+30": "-30",
        "+31": "-31",
        "+32": "-32",
        "+33": "-33",
        "+34": "-34",
        "+35": "-35",
        "+36": "-36",
        "+37": "-37",
        "+38": "-38",
        "+39": "-39",
        "+40": "-40",
        "+41": "-41",
        "+42": "-42",
        "+43": "-43",
        "+44": "-44",
        "+45": "-45",
        "+46": "-46",
        "+47": "-47",
        "+48": "-48",
        "+49": "-49",
        "+50": "-50",
        "+51": "-51",
        "+52": "-52",
        "+53": "-53",
        "+54": "-54",
        "+55": "-55",
        "+56": "-56",
        "+57": "-57",
        "+58": "-58",
        "+59": "-59",
        "+60": "-60",
        "+61": "-61",
        "+62": "-62",
        "+63": "-63",
        "+64": "-64",
        "+65": "-65",
        "+66": "-66",
        "+67": "-67",
        "+68": "-68",
        "+69": "-69",
        "+70": "-70",
        "+71": "-71",
        "+72": "-72",
        "+73": "-73",
        "+74": "-74",
        "+75": "-75"
    },
    "edges": [
        [    0,    0,  463,  192,  808,  885,  704,  774,  277, 1003,  445,  788,  593,  609,  721,  668,  434,  654,  621,  403,  760,  963,  295,  607,  409,  199,  688,  980,  848,  514,  719,  483,  362,  768, 1033,  541,  952,  429,  600,  320,  712,  644,  958,  152,  313,  959,  810,   98,  261,  483,  419,  554,  603,  873,  772,  698,  971,  648,  641,  726,  420,  668,  620,  410,  883,  165,  452,  253,  516,  837,  107,  928,  145,  865,  546,  564,  610,  370,  447,  726,  755,  258,  653,  838,  475,  876,  325,  505,  762,  872,  461,  310,  890,  709,  835,  551,  954,  685,  880,  395,  814,  908,  101,  808,  408,  528,  613,  302,  966,  596,  375,  435,  828,   85,  434,  951,  542,  231,  695,  279,  374,  383,  506,  971,  327,  169,   46,  632,  259,  364,  508,  152,  890,  672,  314,   98,  746,  922,  124,  470,  338,  316,  986,  538,  340,  819,  542,  709,  786,  680,  490,  133],
        [    0,    0,    0,    0,    0,    0,    0,    0,    0,    0,    0,    0,    0,    0,    0,    0,    0,    0,    0,    0,    0,    0,    0,    0,    0,    0,    0,    0,    0,    0,    0,    0,    0,    0,    0,    0,    0,    0,    0,    0,    0,    0,    0,    0,    0,    0,    0,    0,    0,    0,    0,    0,    0,    0,    0,    0,    0,    0,    0,    0,    0,    0,    0,    0,    0,    0,    0,    0,    0,    0,    0,    0,    0,    0,    0,    0,    0,    0,    0,    0,    0,    0,    0,    0,    0,    0,    0,    0,    0,    0,    0,    0,    0,    0,    0,    0,    0,    0,    0,    0,    0,    0,    0,    0,    0,    0,    0,    0,    0,    0,    0,    0,    0,    0,    0,    0,    0,    0,    0,    0,    0,    0,    0,    0,    0,    0,    0,    0,    0,    0,    0,    0,    0,    0,    0,    0,    0,    0,    0,    0,    0,    0,    0,    0,    0,    0,    0,    0,    0,    0,    0,    0],
        [  463,    0,    0,  447,  732,  794,  377,  807,  486,  708,   43,  484,  165,  634,  678,  206,  814,  270,  506,  682,  834,  837,  230,  288,  285,  343,  587,  785,  568,  311,  279,  303,  424,  420,  664,  133,  912,  366,  744,  509,  365,  398,  938,  316,  734,  772,  563,  502,  664,  219,  473,  191,  743,  449,  680,  237,  900,  626,  309,  365,  771,  788,  353,  467,  723,  602,  274,  271,  118,  713,  468,  556,  353,  756,  450,  639,  564,  135,  369,  311,  483,  313,  288,  724,  693,  615,  714,  553,  652,  935,  480,  646,  821,  582,  777,  453,  819,  529,  585,  191,  694,  929,  499,  596,  830,   67,  253,  268,  835,  162,  565,   94,  530,  429,  726,  542,  101,  320,  267,  601,  121,  268,  806,  601,  412,  425,  436,  328,  533,  248,  320,  499,  545,  226,  159,  376,  569,  661,  488,  269,  721,  168,  601,  781,  129,  443,  234,  375,  482,  399,   52,  337],
        [  192,    0,  447,    0,  619,  698,  582,  583,   87,  852,  448,  650,  605,  418,  532,  636,  367,  562,  446,  256,  571,  778,  374,  494,  277,  105,  506,  805,  698,  607,  654,  347,  180,  649,  908,  561,  760,  268,  417,  130,  597,  500,  766,  178,  301,  783,  653,  126,  227,  550,  232,  594,  420,  786,  586,  661,  781,  458,  529,  615,  326,  483,  486,  223,  704,  204,  543,  349,  537,  654,   92,  808,  273,  679,  374,  373,  424,  320,  287,  643,  609,  378,  552,  654,  305,  719,  270,  314,  580,  684,  276,  200,  700,  530,  645,  379,  770,  514,  733,  307,  632,  717,  119,  643,  393,  501,  515,  199,  781,  605,  191,  384,  685,  111,  297,  850,  544,  130,  623,  156,  404,  480,  377,  849,  148,   32,  151,  509,   95,  254,  369,   76,  761,  616,  343,  228,  576,  764,   89,  346,  276,  280,  870,  382,  358,  708,  438,  589,  648,  544,  455,  166],
        [  808,    0,  732,  619,    0,   79,  459,  185,  543,  431,  767,  403,  867,  218,   91,  773,  752,  565,  227,  563,  256,  164,  852,  483,  476,  627,  146,  252,  358, 1032,  686,  433,  447,  487,  599,  856,  182,  411,  359,  506,  490,  362,  213,  722,  804,  227,  300,  741,  746,  944,  389,  920,  351,  678,   53,  771,  173,  164,  487,  512,  686,  321,  406,  398,  151,  793,  982,  857,  847,   82,  711,  561,  840,   73,  294,  284,  200,  638,  397,  622,  352,  904,  533,   67,  475,  326,  736,  310,   86,  287,  347,  645,   91,  153,   49,  290,  163,  212,  389,  563,   78,  235,  736,  239,  849,  728,  537,  569,  170,  858,  475,  641,  392,  723,  583,  666,  811,  605,  649,  628,  797,  946,  608,  574,  482,  639,  764,  449,  590,  533,  413,  682,  493,  698,  770,  812,  200,  337,  704,  467,  728,  659,  616,  513,  758,  544,  510,  469,  404,  394,  692,  726],
        [  885,    0,  794,  698,   79,    0,  496,  226,  621,  412,  830,  427,  923,  294,  169,  820,  822,  610,  295,  636,  298,   91,  923,  533,  547,  704,  214,  208,  368, 1097,  726,  499,  525,  515,  593,  915,  140,  484,  424,  585,  527,  411,  181,  798,  879,  186,  316,  820,  823, 1008,  467,  980,  416,  700,  119,  816,  107,  242,  533,  547,  757,  378,  456,  476,  131,  871, 1049,  930,  907,   88,  789,  569,  915,   44,  366,  359,  277,  706,  470,  660,  381,  977,  577,   73,  546,  327,  811,  388,  142,  300,  425,  720,   47,  212,   71,  361,   96,  266,  394,  631,  103,  231,  814,  255,  921,  785,  586,  643,   99,  913,  552,  705,  407,  801,  654,  677,  869,  681,  691,  705,  864, 1015,  675,  576,  560,  717,  841,  497,  668,  604,  477,  761,  502,  742,  840,  888,  238,  327,  783,  532,  802,  729,  619,  578,  827,  567,  567,  506,  427,  436,  751,  803],
        [  704,    0,  377,  582,  459,  496,    0,  600,  560,  332,  419,  108,  459,  477,  446,  333,  897,  124,  288,  712,  654,  512,  582,  101,  306,  513,  339,  428,  194,  682,  230,  236,  437,   67,  330,  467,  633,  331,  646,  554,   32,  118,  669,  561,  873,  420,  203,  693,  799,  590,  437,  533,  640,  245,  408,  324,  601,  432,   70,   56,  836,  657,  103,  438,  392,  784,  650,  610,  468,  409,  653,  227,  653,  453,  293,  521,  378,  363,  315,  164,  122,  659,   94,  424,  671,  244,  826,  456,  373,  727,  407,  733,  535,  313,  507,  292,  491,  256,  209,  314,  395,  690,  687,  252,  955,  340,  124,  404,  507,  448,  577,  320,  154,  634,  752,  279,  418,  479,  196,  694,  485,  641,  817,  268,  455,  579,  663,   74,  624,  341,  217,  657,  187,  252,  494,  652,  261,  288,  662,  238,  826,  413,  288,  751,  469,  131,  168,   12,  106,   70,  326,  577],
        [  774,    0,  807,  583,  185,  226,  600,    0,  497,  615,  836,  565,  958,  180,  156,  887,  625,  691,  323,  454,   73,  312,  882,  600,  526,  621,  262,  430,  533, 1086,  817,  507,  440,  640,  780,  938,  199,  448,  219,  455,  632,  489,  190,  722,  702,  406,  471,  693,  656, 1004,  375,  997,  212,  835,  215,  891,  246,  183,  613,  655,  562,  160,  526,  385,  335,  723, 1030,  878,  924,  266,  669,  734,  837,  248,  361,  210,  246,  693,  441,  759,  510,  920,  660,  251,  358,  506,  632,  281,  248,  131,  347,  551,  193,  291,  157,  357,  321,  346,  566,  621,  261,  135,  688,  413,  730,  817,  655,  594,  321,  950,  405,  713,  561,  693,  462,  834,  897,  608,  778,  546,  849,  984,  468,  750,  471,  609,  734,  573,  528,  576,  494,  632,  665,  818,  810,  800,  359,  520,  658,  541,  621,  699,  791,  370,  804,  703,  610,  611,  565,  532,  775,  721],
        [  277,    0,  486,   87,  543,  621,  560,  497,    0,  806,  493,  616,  649,  336,  454,  660,  347,  559,  386,  197,  485,  704,  445,  481,  266,  163,  438,  741,  655,  676,  662,  326,  127,  626,  878,  608,  677,  231,  331,   43,  578,  466,  682,  254,  315,  718,  605,  200,  242,  613,  162,  648,  334,  779,  513,  681,  701,  380,  515,  599,  294,  396,  459,  154,  637,  256,  613,  425,  586,  583,  173,  783,  357,  606,  319,  288,  352,  352,  249,  642,  570,  458,  544,  581,  227,  671,  267,  235,  509,  597,  207,  177,  621,  466,  566,  323,  697,  457,  692,  321,  561,  631,  194,  588,  396,  533,  510,  220,  708,  647,  105,  411,  647,  197,  241,  836,  586,  172,  628,  135,  461,  553,  321,  821,  105,  116,  238,  489,   65,  261,  344,  140,  731,  630,  404,  314,  518,  714,  163,  334,  268,  322,  846,  309,  413,  689,  433,  568,  614,  514,  484,  246],
        [ 1003,    0,  708,  852,  431,  412,  332,  615,  806,    0,  750,  228,  772,  584,  483,  627, 1103,  443,  430,  907,  686,  366,  912,  429,  595,  805,  412,  223,  156, 1008,  505,  522,  680,  291,  193,  788,  539,  585,  759,  785,  344,  361,  583,  871, 1115,  237,  201,  973, 1045,  918,  651,  853,  751,  392,  406,  607,  481,  519,  402,  346, 1037,  737,  390,  657,  285, 1054,  980,  939,  792,  350,  935,  220,  972,  377,  488,  650,  499,  689,  566,  438,  250,  988,  420,  366,  839,  136, 1056,  623,  380,  710,  609,  959,  458,  375,  466,  484,  344,  358,  127,  631,  356,  642,  967,  230, 1183,  666,  455,  705,  356,  760,  785,  650,  183,  926,  940,  325,  740,  773,  485,  928,  817,  973,  986,  202,  708,  857,  959,  393,  868,  644,  496,  927,  183,  547,  824,  965,  304,  101,  939,  538, 1053,  735,  242,  900,  799,  293,  494,  334,  230,  330,  656,  884],
        [  445,    0,   43,  448,  767,  830,  419,  836,  493,  750,    0,  526,  158,  662,  711,  231,  813,  312,  541,  689,  861,  876,  195,  330,  312,  343,  622,  826,  610,  270,  315,  336,  441,  462,  705,  115,  947,  392,  765,  519,  407,  438,  972,  304,  727,  813,  604,  492,  658,  179,  494,  164,  764,  487,  716,  264,  936,  656,  351,  408,  773,  811,  394,  487,  762,  591,  232,  238,   94,  751,  461,  597,  327,  793,  482,  663,  595,  151,  397,  351,  525,  277,  331,  761,  706,  657,  711,  577,  689,  964,  504,  648,  857,  619,  812,  486,  858,  566,  628,  216,  731,  961,  489,  637,  824,  100,  296,  280,  874,  158,  578,  126,  572,  419,  733,  580,   99,  324,  306,  603,   85,  226,  813,  642,  427,  423,  422,  370,  537,  269,  355,  495,  587,  260,  134,  355,  608,  703,  482,  302,  719,  172,  641,  793,  106,  485,  274,  417,  525,  440,   94,  325],
        [  788,    0,  484,  650,  403,  427,  108,  565,  616,  228,  526,    0,  564,  470,  411,  431,  939,  228,  284,  747,  626,  428,  685,  202,  381,  592,  309,  329,   87,  789,  318,  307,  489,   92,  264,  574,  566,  386,  647,  603,  127,  151,  606,  650,  930,  324,  113,  767,  857,  698,  475,  640,  641,  275,  357,  417,  526,  415,  176,  138,  875,  646,  169,  479,  310,  854,  757,  712,  575,  340,  727,  181,  748,  383,  315,  525,  372,  462,  368,  248,   58,  761,  201,  357,  694,  139,  878,  473,  322,  685,  439,  782,  470,  276,  451,  313,  406,  228,  102,  406,  331,  638,  761,  172, 1007,  447,  231,  487,  422,  552,  616,  423,   46,  714,  785,  271,  525,  558,  289,  746,  591,  748,  843,  212,  513,  651,  745,  166,  680,  425,  283,  725,  119,  349,  597,  743,  208,  181,  734,  318,  876,  509,  245,  768,  572,  142,  268,  112,    2,  108,  433,  664],
        [  593,    0,  165,  605,  867,  923,  459,  958,  649,  772,  158,  564,    0,  789,  821,  156,  971,  337,  646,  845,  990,  956,  314,  393,  445,  500,  724,  885,  650,  258,  277,  451,  588,  483,  687,   53, 1048,  526,  907,  673,  437,  514, 1078,  458,  882,  876,  660,  646,  815,  183,  636,   90,  905,  442,  815,  186, 1029,  775,  401,  429,  931,  948,  468,  630,  838,  744,  257,  361,   78,  838,  616,  586,  464,  882,  598,  798,  713,  299,  526,  337,  578,  388,  366,  851,  857,  702,  868,  713,  784, 1087,  640,  805,  954,  714,  914,  601,  936,  657,  659,  353,  820, 1075,  644,  703,  979,  141,  344,  432,  953,   13,  730,  254,  607,  573,  889,  541,   65,  480,  288,  760,  219,  291,  969,  628,  577,  580,  574,  432,  694,  411,  464,  651,  594,  228,  280,  499,  689,  744,  637,  418,  876,  328,  616,  945,  257,  483,  357,  453,  562,  500,  185,  478],
        [  609,    0,  634,  418,  218,  294,  477,  180,  336,  584,  662,  470,  789,    0,  128,  731,  540,  548,  190,  348,  201,  382,  703,  455,  351,  446,  173,  452,  464,  908,  674,  340,  263,  528,  717,  766,  343,  271,  179,  297,  507,  359,  350,  546,  586,  426,  401,  535,  529,  826,  199,  824,  172,  720,  203,  739,  366,   66,  474,  531,  474,  180,  388,  208,  343,  580,  852,  699,  752,  277,  508,  650,  662,  287,  200,   70,  100,  516,  266,  624,  412,  742,  519,  270,  264,  454,  519,  106,  215,  303,  168,  427,  288,  210,  233,  198,  380,  244,  502,  446,  259,  312,  530,  356,  634,  650,  507,  415,  388,  782,  259,  540,  480,  526,  372,  738,  727,  430,  635,  412,  671,  805,  407,  675,  295,  441,  567,  435,  377,  399,  331,  475,  583,  668,  631,  628,  285,  484,  499,  373,  511,  521,  712,  317,  626,  595,  452,  488,  469,  409,  605,  546],
        [  721,    0,  678,  532,   91,  169,  446,  156,  454,  483,  711,  411,  821,  128,    0,  740,  665,  540,  176,  474,  216,  255,  780,  451,  409,  545,  107,  329,  384,  970,  665,  376,  363,  485,  635,  806,  243,  337,  282,  417,  477,  337,  263,  642,  714,  304,  321,  653,  656,  884,  302,  868,  274,  680,   81,  743,  252,   74,  462,  501,  599,  255,  376,  312,  222,  703,  918,  783,  795,  153,  622,  582,  759,  160,  230,  196,  121,  574,  326,  606,  355,  829,  508,  144,  388,  363,  647,  220,  104,  282,  262,  554,  170,  136,  115,  225,  252,  191,  419,  500,  137,  255,  647,  266,  761,  681,  506,  494,  260,  813,  384,  585,  409,  636,  497,  680,  763,  524,  627,  538,  733,  878,  526,  601,  397,  552,  677,  422,  500,  464,  359,  593,  514,  669,  702,  729,  206,  384,  616,  410,  639,  590,  642,  432,  692,  548,  467,  457,  411,  377,  641,  644],
        [  668,    0,  206,  636,  773,  820,  333,  887,  660,  627,  231,  431,  156,  731,  740,    0, 1000,  212,  566,  850,  928,  843,  423,  291,  416,  534,  637,  758,  517,  412,  124,  396,  573,  344,  533,  191,  952,  489,  871,  675,  306,  412,  986,  520,  930,  752,  535,  703,  858,  332,  609,  245,  868,  287,  721,   34,  926,  705,  288,  293,  952,  902,  368,  604,  723,  803,  405,  468,  207,  734,  668,  433,  557,  778,  532,  753,  644,  316,  484,  190,  454,  504,  244,  747,  846,  569,  905,  671,  688, 1017,  602,  829,  856,  621,  821,  534,  822,  561,  521,  340,  718,  994,  699,  584, 1025,  141,  236,  442,  838,  144,  724,  252,  471,  630,  895,  386,  154,  507,  143,  785,  314,  428,  972,  474,  571,  616,  640,  325,  714,  401,  401,  694,  446,   83,  363,  582,  583,  609,  686,  367,  911,  363,  462,  934,  334,  335,  280,  325,  429,  386,  183,  541],
        [  434,    0,  814,  367,  752,  822,  897,  625,  347, 1103,  813,  939,  971,  540,  665, 1000,    0,  904,  674,  197,  573,  913,  712,  824,  611,  472,  699,  991,  963,  941, 1008,  667,  461,  962, 1202,  925,  823,  567,  406,  344,  917,  793,  808,  523,  141,  966,  906,  345,  173,  898,  464,  953,  414, 1123,  742, 1024,  869,  604,  856,  939,   67,  468,  794,  461,  883,  276,  878,  676,  900,  816,  365, 1114,  574,  824,  626,  471,  608,  686,  583,  988,  887,  689,  888,  809,  278,  968,  109,  481,  753,  664,  501,  172,  804,  734,  754,  628,  914,  746, 1001,  664,  798,  732,  346,  875,  110,  868,  856,  559,  920,  970,  324,  749,  964,  411,  169, 1175,  910,  496,  974,  216,  763,  810,  165, 1149,  448,  391,  427,  829,  287,  606,  682,  323, 1057,  975,  701,  524,  801, 1006,  342,  678,   98,  646, 1178,  258,  719, 1027,  778,  905,  937,  843,  820,  505],
        [  654,    0,  270,  562,  565,  610,  124,  691,  559,  443,  312,  228,  337,  548,  540,  212,  904,    0,  370,  731,  738,  632,  489,   95,  294,  477,  434,  550,  315,  566,  127,  242,  447,  152,  399,  347,  743,  346,  705,  562,  102,  205,  778,  504,  862,  543,  326,  659,  787,  475,  464,  413,  700,  224,  513,  207,  716,  513,   79,   97,  848,  726,  165,  463,  512,  756,  539,  523,  350,  523,  620,  290,  581,  567,  351,  582,  454,  290,  334,   84,  244,  570,   33,  537,  706,  366,  823,  506,  480,  820,  445,  735,  647,  415,  614,  352,  611,  355,  325,  263,  507,  791,  654,  373,  950,  224,   49,  368,  627,  325,  597,  233,  272,  594,  774,  298,  299,  444,   88,  693,  386,  537,  846,  335,  457,  553,  617,  118,  621,  309,  235,  633,  276,  133,  405,  589,  372,  408,  633,  227,  825,  344,  340,  791,  377,  177,  127,  117,  226,  175,  219,  522],
        [  621,    0,  506,  446,  227,  295,  288,  323,  386,  430,  541,  284,  646,  190,  176,  566,  674,  370,    0,  479,  370,  356,  629,  278,  253,  428,   82,  361,  291,  805,  496,  207,  266,  338,  539,  632,  406,  197,  365,  360,  319,  172,  433,  516,  688,  339,  233,  570,  620,  717,  226,  695,  358,  531,  177,  569,  398,  145,  292,  343,  609,  370,  205,  232,  263,  641,  756,  638,  622,  226,  535,  464,  631,  263,   76,  242,   91,  412,  181,  440,  227,  686,  339,  232,  416,  295,  628,  196,  155,  452,  182,  531,  318,   90,  271,   71,  343,   73,  330,  337,  204,  431,  564,  205,  754,  506,  333,  353,  357,  638,  355,  415,  299,  537,  513,  549,  589,  401,  457,  501,  571,  721,  565,  493,  299,  458,  576,  252,  445,  311,  186,  517,  400,  496,  546,  609,  133,  334,  534,  240,  624,  435,  528,  487,  533,  405,  292,  299,  283,  219,  468,  523],
        [  403,    0,  682,  256,  563,  636,  712,  454,  197,  907,  689,  747,  845,  348,  474,  850,  197,  731,  479,    0,  414,  726,  630,  646,  443,  354,  503,  798,  769,  863,  843,  490,  285,  776, 1010,  804,  651,  387,  239,  176,  735,  604,  643,  434,  249,  773,  711,  306,  208,  804,  276,  843,  246,  945,  550,  871,  691,  410,  677,  757,  131,  308,  609,  274,  689,  294,  799,  604,  782,  624,  303,  924,  519,  634,  433,  279,  412,  548,  401,  815,  695,  629,  712,  617,   97,  772,  179,  285,  559,  517,  309,  106,  621,  538,  569,  435,  725,  550,  807,  511,  605,  574,  302,  679,  287,  727,  683,  415,  732,  843,  136,  604,  771,  345,   45,  990,  782,  367,  807,  124,  655,  735,  125,  959,  281,  287,  377,  647,  162,  450,  502,  254,  865,  815,  596,  470,  605,  809,  282,  506,  168,  518,  989,  136,  607,  842,  607,  721,  746,  655,  678,  420],
        [  760,    0,  834,  571,  256,  298,  654,   73,  485,  686,  861,  626,  990,  201,  216,  928,  573,  738,  370,  414,    0,  382,  891,  646,  550,  621,  319,  502,  599, 1103,  865,  540,  445,  698,  848,  966,  254,  470,  175,  442,  686,  540,  236,  722,  660,  478,  536,  674,  620, 1023,  382, 1024,  169,  893,  283,  934,  308,  226,  662,  709,  513,  107,  574,  391,  407,  695, 1046,  883,  951,  338,  654,  798,  834,  320,  397,  208,  285,  714,  466,  810,  570,  923,  708,  323,  318,  574,  590,  290,  314,  113,  361,  515,  263,  350,  229,  395,  392,  403,  633,  645,  331,  161,  669,  479,  680,  850,  699,  607,  392,  983,  386,  741,  625,  681,  417,  896,  928,  611,  826,  516,  867,  996,  412,  816,  474,  599,  722,  622,  507,  596,  530,  613,  730,  863,  824,  795,  422,  590,  640,  573,  578,  716,  857,  316,  821,  762,  649,  665,  626,  585,  806,  718],
        [  963,    0,  837,  778,  164,   91,  512,  312,  704,  366,  876,  428,  956,  382,  255,  843,  913,  632,  356,  726,  382,    0,  982,  564,  608,  777,  279,  145,  356, 1145,  741,  553,  602,  520,  555,  953,  177,  551,  514,  668,  541,  444,  221,  869,  967,  130,  316,  901,  910, 1055,  546, 1019,  506,  693,  192,  835,  116,  326,  558,  558,  847,  467,  490,  555,  121,  955, 1100,  993,  948,  130,  869,  547,  985,   99,  430,  448,  354,  760,  536,  672,  392, 1041,  600,  126,  636,  308,  900,  471,  203,  369,  503,  808,  120,  267,  161,  425,   24,  312,  375,  686,  153,  291,  895,  260, 1011,  823,  614,  709,   11,  946,  638,  752,  400,  878,  745,  658,  906,  752,  708,  792,  917, 1071,  765,  547,  636,  795,  919,  525,  752,  665,  529,  843,  484,  763,  897,  960,  269,  295,  864,  585,  891,  788,  590,  668,  882,  564,  606,  521,  429,  459,  793,  875],
        [  295,    0,  230,  374,  852,  923,  582,  882,  445,  912,  195,  685,  314,  703,  780,  423,  712,  489,  629,  630,  891,  982,    0,  484,  376,  284,  709,  956,  763,  234,  508,  431,  446,  634,  887,  262, 1023,  443,  763,  483,  576,  571, 1041,  197,  603,  939,  746,  368,  544,  188,  510,  262,  764,  679,  804,  457, 1024,  715,  512,  581,  685,  821,  531,  501,  878,  457,  170,   47,  237,  853,  348,  779,  155,  891,  558,  684,  660,  229,  455,  539,  672,   83,  502,  860,  672,  805,  604,  603,  783, 1001,  535,  562,  942,  716,  891,  563,  967,  672,  786,  299,  831, 1014,  368,  767,  699,  294,  463,  288,  982,  320,  547,  263,  730,  302,  669,  771,  276,  284,  496,  521,  111,  108,  749,  824,  419,  343,  288,  520,  468,  319,  456,  393,  761,  455,   89,  197,  724,  853,  371,  402,  615,  195,  827,  753,  114,  666,  418,  582,  683,  587,  276,  212],
        [  607,    0,  288,  494,  483,  533,  101,  600,  481,  429,  330,  202,  393,  455,  451,  291,  824,   95,  278,  646,  646,  564,  484,    0,  218,  419,  347,  499,  282,  598,  220,  157,  364,  162,  427,  392,  663,  259,  611,  480,  105,  123,  696,  462,  790,  488,  275,  600,  716,  506,  375,  458,  607,  300,  431,  292,  640,  421,   36,  121,  766,  632,   78,  374,  446,  694,  561,  511,  389,  448,  560,  321,  553,  492,  257,  488,  361,  263,  246,  174,  196,  560,   68,  461,  616,  328,  747,  413,  398,  730,  354,  656,  567,  330,  531,  258,  544,  271,  303,  214,  430,  704,  595,  313,  876,  262,   55,  309,  560,  383,  511,  222,  247,  539,  688,  357,  344,  385,  181,  615,  391,  548,  758,  365,  377,  488,  566,   41,  544,  247,  145,  567,  287,  219,  396,  553,  298,  374,  571,  149,  748,  312,  380,  700,  371,  215,   68,  104,  200,  111,  238,  478],
        [  409,    0,  285,  277,  476,  547,  306,  526,  266,  595,  312,  381,  445,  351,  409,  416,  611,  294,  253,  443,  550,  608,  376,  218,    0,  212,  334,  594,  440,  563,  400,   74,  160,  373,  634,  418,  650,   81,  463,  270,  320,  235,  672,  279,  572,  575,  404,  388,  498,  478,  195,  474,  461,  515,  429,  433,  649,  349,  253,  339,  556,  504,  213,  190,  507,  479,  509,  386,  402,  478,  348,  532,  388,  516,  183,  354,  290,  167,   86,  377,  347,  434,  280,  485,  431,  470,  530,  268,  408,  653,  196,  442,  567,  341,  517,  187,  594,  301,  472,   96,  456,  653,  382,  411,  659,  310,  245,  111,  608,  440,  312,  193,  420,  333,  487,  575,  382,  178,  365,  400,  325,  470,  562,  574,  164,  273,  365,  233,  328,   58,  100,  351,  488,  374,  295,  374,  357,  517,  357,   70,  532,  183,  594,  518,  284,  431,  168,  313,  379,  273,  262,  290],
        [  199,    0,  343,  105,  627,  704,  513,  621,  163,  805,  343,  592,  500,  446,  545,  534,  472,  477,  428,  354,  621,  777,  284,  419,  212,    0,  499,  786,  650,  514,  560,  286,  184,  578,  842,  456,  783,  233,  482,  199,  523,  446,  795,  101,  397,  765,  611,  183,  325,  451,  248,  491,  484,  701,  587,  560,  796,  473,  454,  539,  431,  543,  424,  238,  690,  280,  451,  267,  433,  649,  143,  738,  217,  680,  352,  415,  428,  218,  251,  555,  557,  304,  471,  651,  389,  677,  372,  341,  575,  733,  284,  305,  713,  517,  659,  357,  766,  490,  682,  216,  626,  756,  177,  611,  492,  398,  432,  110,  779,  500,  263,  284,  631,  122,  396,  771,  439,   35,  531,  260,  302,  391,  477,  781,  151,   83,  155,  440,  196,  173,  311,  161,  697,  520,  243,  185,  550,  724,  157,  276,  379,  175,  798,  471,  255,  633,  357,  519,  590,  484,  352,  101],
        [  688,    0,  587,  506,  146,  214,  339,  262,  438,  412,  622,  309,  724,  173,  107,  637,  699,  434,   82,  503,  319,  279,  709,  347,  334,  499,    0,  304,  293,  887,  558,  288,  328,  380,  547,  712,  326,  273,  350,  408,  371,  230,  354,  590,  727,  280,  230,  631,  663,  798,  277,  775,  343,  575,   96,  638,  317,  110,  356,  394,  632,  340,  270,  286,  199,  694,  837,  717,  702,  150,  597,  485,  706,  184,  153,  238,   92,  493,  258,  499,  252,  765,  402,  154,  429,  282,  664,  221,   76,  389,  232,  568,  236,   38,  191,  148,  268,   85,  331,  418,  128,  358,  625,  184,  786,  585,  401,  431,  281,  715,  391,  496,  313,  603,  533,  580,  667,  474,  520,  543,  652,  802,  575,  508,  362,  522,  643,  316,  493,  391,  267,  575,  418,  564,  627,  682,  113,  312,  594,  321,  658,  516,  546,  488,  614,  443,  368,  350,  309,  270,  547,  596],
        [  980,    0,  785,  805,  252,  208,  428,  430,  741,  223,  826,  329,  885,  452,  329,  758,  991,  550,  361,  798,  502,  145,  956,  499,  594,  786,  304,    0,  246, 1095,  646,  528,  626,  419,  415,  889,  321,  554,  609,  711,  452,  389,  366,  869, 1029,   26,  226,  930,  965, 1003,  579,  956,  601,  575,  250,  746,  261,  388,  485,  466,  925,  573,  433,  587,  109,  997, 1056,  973,  887,  177,  895,  418,  981,  183,  435,  521,  394,  728,  536,  576,  308, 1022,  520,  187,  715,  193,  964,  522,  239,  506,  534,  869,  251,  276,  273,  430,  125,  297,  254,  658,  194,  432,  924,  190, 1083,  759,  543,  702,  135,  874,  693,  708,  292,  897,  823,  528,  841,  757,  617,  846,  877, 1035,  854,  412,  659,  818,  935,  459,  797,  650,  502,  876,  360,  676,  868,  963,  237,  165,  894,  555,  957,  764,  455,  761,  848,  452,  552,  434,  330,  388,  736,  878],
        [  848,    0,  568,  698,  358,  368,  194,  533,  655,  156,  610,   87,  650,  464,  384,  517,  963,  315,  291,  769,  599,  356,  763,  282,  440,  650,  293,  246,    0,  875,  402,  366,  529,  175,  254,  660,  506,  431,  642,  637,  214,  205,  548,  715,  967,  244,   64,  819,  896,  783,  505,  726,  635,  338,  319,  502,  461,  403,  260,  224,  898,  632,  236,  509,  242,  901,  842,  788,  661,  286,  780,  204,  817,  325,  340,  526,  371,  538,  412,  332,   94,  837,  287,  303,  707,   54,  911,  487,  285,  645,  464,  814,  413,  257,  403,  337,  333,  223,   39,  477,  282,  590,  813,  121, 1038,  533,  316,  549,  349,  639,  642,  504,   47,  770,  804,  310,  611,  617,  374,  781,  673,  830,  856,  218,  556,  702,  804,  244,  718,  488,  340,  773,  136,  435,  675,  810,  181,   95,  785,  383,  908,  583,  259,  775,  651,  209,  346,  198,   89,  178,  517,  728],
        [  514,    0,  311,  607, 1032, 1097,  682, 1086,  676, 1008,  270,  789,  258,  908,  970,  412,  941,  566,  805,  863, 1103, 1145,  234,  598,  563,  514,  887, 1095,  875,    0,  530,  599,  663,  717,  940,  225, 1210,  639,  986,  712,  666,  708, 1233,  430,  826, 1082,  873,  596,  771,   92,  724,  168,  986,  698,  982,  443, 1202,  911,  616,  662,  917, 1041,  663,  715, 1032,  678,   64,  265,  217, 1020,  579,  836,  370, 1061,  741,  898,  852,  397,  648,  584,  792,  257,  590, 1029,  903,  923,  832,  814,  956, 1211,  743,  795, 1122,  886, 1075,  746, 1128,  835,  889,  471,  999, 1215,  596,  907,  921,  343,  559,  498, 1143,  269,  776,  394,  834,  533,  903,  797,  271,  510,  536,  754,  238,  132,  983,  879,  640,  576,  514,  638,  701,  511,  620,  625,  837,  478,  281,  418,  878,  968,  602,  566,  844,  388,  870,  985,  283,  729,  544,  678,  787,  708,  360,  445],
        [  719,    0,  279,  654,  686,  726,  230,  817,  662,  505,  315,  318,  277,  674,  665,  124, 1008,  127,  496,  843,  865,  741,  508,  220,  400,  560,  558,  646,  402,  530,    0,  360,  559,  228,  411,  306,  862,  461,  829,  670,  200,  329,  898,  568,  954,  642,  427,  739,  880,  446,  582,  364,  825,  173,  635,  103,  831,  639,  204,  183,  954,  852,  291,  580,  620,  838,  516,  549,  317,  639,  701,  310,  625,  683,  476,  707,  580,  351,  452,   71,  350,  591,  157,  653,  824,  455,  920,  629,  600,  946,  566,  837,  765,  537,  735,  477,  719,  478,  403,  348,  625,  915,  734,  481, 1046,  215,  170,  456,  735,  265,  710,  285,  356,  669,  886,  270,  262,  529,   40,  793,  398,  531,  960,  351,  564,  640,  686,  244,  721,  403,  356,  720,  324,   55,  435,  643,  490,  492,  717,  339,  924,  404,  341,  910,  405,  212,  238,  221,  317,  293,  237,  587],
        [  483,    0,  303,  347,  433,  499,  236,  507,  326,  522,  336,  307,  451,  340,  376,  396,  667,  242,  207,  490,  540,  553,  431,  157,   74,  286,  288,  528,  366,  599,  360,    0,  207,  303,  562,  432,  612,  104,  476,  323,  253,  162,  637,  351,  638,  511,  332,  461,  563,  511,  223,  493,  473,  457,  383,  407,  604,  325,  190,  273,  609,  507,  140,  221,  447,  550,  550,  445,  420,  425,  421,  462,  458,  465,  148,  358,  263,  207,   93,  326,  273,  494,  223,  433,  465,  397,  592,  276,  358,  637,  209,  501,  524,  289,  477,  152,  538,  242,  398,  133,  403,  627,  455,  342,  721,  311,  194,  184,  553,  444,  356,  210,  346,  407,  533,  510,  390,  252,  322,  460,  366,  518,  604,  502,  221,  345,  439,  165,  390,  125,   28,  422,  415,  342,  345,  446,  294,  445,  429,   35,  593,  237,  524,  551,  329,  364,  122,  244,  305,  200,  268,  363],
        [  362,    0,  424,  180,  447,  525,  437,  440,  127,  680,  441,  489,  588,  263,  363,  573,  461,  447,  266,  285,  445,  602,  446,  364,  160,  184,  328,  626,  529,  663,  559,  207,    0,  503,  752,  554,  600,  107,  326,  117,  457,  340,  611,  284,  441,  603,  480,  305,  369,  588,   65,  604,  325,  663,  411,  591,  614,  291,  396,  479,  402,  378,  336,   56,  524,  377,  604,  439,  535,  476,  270,  658,  400,  504,  196,  238,  249,  291,  124,  531,  443,  481,  429,  477,  274,  546,  390,  159,  402,  556,  101,  296,  532,  351,  477,  200,  593,  335,  565,  238,  454,  574,  299,  465,  520,  459,  399,  167,  605,  584,  152,  337,  521,  277,  328,  715,  524,  168,  522,  258,  431,  552,  402,  696,   35,  195,  317,  368,  191,  178,  222,  252,  605,  533,  383,  367,  397,  589,  269,  221,  390,  280,  722,  362,  383,  567,  323,  446,  488,  388,  410,  284],
        [  768,    0,  420,  649,  487,  515,   67,  640,  626,  291,  462,   92,  483,  528,  485,  344,  962,  152,  338,  776,  698,  520,  634,  162,  373,  578,  380,  419,  175,  717,  228,  303,  503,    0,  265,  497,  654,  397,  701,  619,   59,  176,  693,  624,  940,  415,  204,  758,  866,  627,  501,  562,  695,  196,  439,  328,  616,  479,  128,   56,  901,  707,  168,  502,  401,  851,  690,  665,  501,  428,  719,  161,  712,  472,  352,  577,  429,  421,  380,  158,  135,  712,  133,  444,  733,  228,  892,  515,  403,  763,  470,  799,  557,  350,  535,  351,  497,  296,  178,  376,  417,  721,  753,  262, 1022,  375,  171,  469,  513,  471,  641,  372,  129,  700,  816,  216,  449,  544,  201,  760,  534,  687,  879,  203,  522,  645,  727,  140,  691,  406,  283,  723,  128,  262,  547,  714,  288,  266,  729,  304,  892,  472,  222,  811,  521,   68,  229,   60,   91,  123,  369,  640],
        [ 1033,    0,  664,  908,  599,  593,  330,  780,  878,  193,  705,  264,  687,  717,  635,  533, 1202,  399,  539, 1010,  848,  555,  887,  427,  634,  842,  547,  415,  254,  940,  411,  562,  752,  265,    0,  715,  725,  648,  895,  866,  323,  413,  769,  888, 1193,  426,  317, 1021, 1120,  854,  739,  775,  888,  255,  566,  506,  670,  656,  393,  312, 1139,  885,  422,  742,  463, 1111,  922,  921,  725,  521,  981,  109,  975,  554,  578,  777,  622,  683,  630,  358,  316,  968,  389,  538,  954,  275, 1141,  733,  534,  885,  702, 1046,  639,  510,  640,  575,  533,  474,  217,  641,  522,  822, 1015,  369, 1270,  609,  430,  734,  545,  675,  879,  630,  241,  964, 1047,  163,  670,  808,  406, 1009,  782,  929, 1103,   64,  774,  907,  992,  403,  942,  671,  540,  983,  148,  463,  803,  978,  434,  267,  990,  567, 1140,  735,   74, 1025,  776,  223,  493,  325,  266,  366,  614,  905],
        [  541,    0,  133,  561,  856,  915,  467,  938,  608,  788,  115,  574,   53,  766,  806,  191,  925,  347,  632,  804,  966,  953,  262,  392,  418,  456,  712,  889,  660,  225,  306,  432,  554,  497,  715,    0, 1037,  499,  876,  634,  448,  510, 1065,  409,  834,  879,  664,  597,  767,  142,  605,   67,  875,  475,  804,  223, 1022,  756,  405,  443,  886,  920,  464,  598,  836,  694,  214,  308,   26,  832,  568,  611,  411,  876,  579,  771,  694,  263,  501,  360,  583,  336,  374,  844,  821,  710,  821,  685,  775, 1067,  613,  760,  945,  705,  902,  583,  934,  649,  672,  324,  814, 1059,  595,  704,  931,  131,  347,  394,  950,   60,  692,  226,  618,  524,  847,  574,   49,  438,  311,  716,  168,  242,  928,  654,  541,  535,  523,  432,  651,  379,  448,  604,  614,  253,  230,  447,  685,  754,  589,  398,  830,  286,  646,  908,  208,  505,  349,  462,  572,  502,  165,  429],
        [  952,    0,  912,  760,  182,  140,  633,  199,  677,  539,  947,  566, 1048,  343,  243,  952,  823,  743,  406,  651,  254,  177, 1023,  663,  650,  783,  326,  321,  506, 1210,  862,  612,  600,  654,  725, 1037,    0,  580,  418,  637,  664,  541,   45,  882,  899,  303,  455,  876,  852, 1122,  537, 1101,  410,  839,  234,  950,   66,  311,  666,  684,  760,  356,  586,  547,  266,  914, 1159, 1026, 1028,  226,  849,  706,  999,  183,  469,  393,  364,  814,  568,  796,  519, 1071,  711,  210,  556,  464,  830,  447,  266,  206,  500,  747,   98,  334,  136,  465,  196,  393,  531,  740,  238,  122,  871,  394,  928,  909,  717,  737,  187, 1039,  593,  821,  546,  868,  661,  815,  992,  764,  826,  740,  974, 1120,  664,  711,  634,  783,  909,  628,  714,  706,  592,  815,  640,  876,  944,  967,  373,  460,  840,  646,  819,  832,  754,  567,  934,  706,  691,  642,  566,  570,  872,  883],
        [  429,    0,  366,  268,  411,  484,  331,  448,  231,  585,  392,  386,  526,  271,  337,  489,  567,  346,  197,  387,  470,  551,  443,  259,   81,  233,  273,  554,  431,  639,  461,  104,  107,  397,  648,  499,  580,    0,  384,  224,  351,  236,  599,  319,  546,  533,  386,  389,  472,  556,  121,  555,  382,  558,  366,  504,  583,  274,  291,  372,  508,  423,  229,  119,  460,  471,  585,  447,  483,  422,  351,  552,  434,  456,  122,  273,  217,  246,   19,  429,  342,  494,  326,  426,  363,  453,  496,  188,  349,  574,  115,  403,  500,  287,  448,  127,  539,  258,  466,  176,  399,  576,  383,  380,  626,  389,  297,  159,  553,  520,  253,  273,  419,  347,  430,  608,  462,  204,  424,  364,  402,  542,  501,  591,  128,  273,  384,  262,  296,  129,  116,  343,  500,  441,  366,  412,  318,  498,  355,  124,  496,  254,  616,  450,  358,  460,  224,  339,  384,  283,  342,  326],
        [  600,    0,  744,  417,  359,  424,  646,  219,  331,  759,  765,  647,  907,  179,  282,  871,  406,  705,  365,  239,  175,  514,  763,  611,  463,  482,  350,  609,  642,  986,  829,  476,  326,  701,  895,  876,  418,  384,    0,  289,  675,  528,  406,  581,  486,  584,  580,  509,  446,  913,  272,  928,    9,  890,  362,  883,  463,  241,  634,  699,  343,   71,  551,  278,  503,  523,  926,  749,  858,  433,  493,  827,  687,  431,  357,  125,  276,  615,  387,  784,  590,  785,  678,  422,  143,  631,  416,  201,  383,  281,  270,  341,  401,  387,  353,  356,  518,  422,  680,  554,  419,  335,  505,  533,  511,  772,  660,  492,  522,  902,  227,  654,  658,  525,  244,  913,  843,  479,  790,  344,  756,  870,  252,  853,  347,  447,  564,  597,  342,  497,  475,  449,  761,  816,  706,  644,  463,  659,  477,  504,  405,  605,  890,  155,  708,  768,  596,  657,  646,  579,  724,  574],
        [  320,    0,  509,  130,  506,  585,  554,  455,   43,  785,  519,  603,  673,  297,  417,  675,  344,  562,  360,  176,  442,  668,  483,  480,  270,  199,  408,  711,  637,  712,  670,  323,  117,  619,  866,  634,  637,  224,  289,    0,  574,  454,  641,  294,  330,  687,  585,  240,  260,  646,  135,  676,  291,  779,  478,  695,  662,  344,  513,  595,  287,  354,  452,  129,  605,  288,  649,  464,  612,  549,  214,  774,  399,  571,  298,  246,  319,  375,  240,  645,  554,  498,  545,  547,  192,  650,  275,  198,  477,  554,  179,  180,  583,  437,  527,  302,  663,  432,  674,  335,  528,  589,  234,  564,  405,  552,  513,  242,  673,  670,   65,  429,  632,  240,  220,  831,  609,  204,  634,  144,  492,  590,  298,  811,  106,  159,  280,  485,   86,  275,  339,  179,  719,  641,  436,  356,  493,  692,  204,  335,  274,  349,  838,  276,  444,  683,  436,  562,  601,  503,  503,  286],
