{
    "name": "random-45-20078",
    "comment": "size=45 seed=20078",
    "nodes": ["+0", "-0", "+1", "-1", "+2", "-2", "+3", "-3", "+4", "-4", "+5", "-5", "+6", "-6", "+7", "-7", "+8", "-8", "+9", "-9", "+10", "-10", "+11", "-11", "+12", "-12", "+13", "-13", "+14", "-14", "+15", "-15", "+16", "-16", "+17", "-17", "+18", "-18", "+19", "-19", "+20", "-20", "+21", "-21", "+22", "-22", "+23", "-23", "+24", "-24", "+25", "-25", "+26", "-26", "+27", "-27", "+28", "-28", "+29", "-29", "+30", "-30", "+31", "-31", "+32", "-32", "+33", "-33", "+34", "-34", "+35", "-35", "+36", "-36", "+37", "-37", "+38", "-38", "+39", "-39", "+40", "-40", "+41", "-41", "+42", "-42", "+43", "-43", "+44", "-44", "+45", "-45"],
    "precedence": {
        "+0": "-0",
        "+1": "-1",
        "+2": "-2",
        "+3": "-3",
        "+4": "-4",
        "+5": "-5",
        "+6": "-6",
        "+7": "-7",
        "+8": "-8",
        "+9": "-9",
        "+10": "-10",
        "+11": "-11",
        "+12": "-12",
        "+13": "-13",
        "+14": "-14",
        "+15": "-15",
        "+16": "-16",
        "+17": "-17",
        "+18": "-18",
        "+19": "-19",
        "+20": "-20",
        "+21": "-21",
        "+22": "-22",
        "+23": "-23",
        "+24": "-24",
        "+25": "-25",
        "+26": "-26",
        "+27": "-27",
        "+28": "-28",
        "+29": "-29",
        "+30": "-30",
        "+31": "-31",
        "+32": "-32",
        "+33": "-33",
        "+34": "-34",
        "+35": "-35",
        "+36": "-36",
        "+37": "-37",
        "+38": "-38",
        "+39": "-39",
        "+40": "-40",
        "+41": "-41",
        "+42": "-42",
        "+43": "-43",
        "+44": "-44",
        "+45": "-45"
    },
    "edges": [
        [    0,    0,  997,  335,  739,  917,  453,  361,  899,  236,  467,  423,  555,  754,   53,  674,  195,  781,  781,  887,  911,  714,  765,  812,  196,  569,  521,  764,  335,  592,  229,  937,  898,  664, 1043,  160,  704,  480,  199,  828,  181,  775,  149,  111,  136,  557,  237,  900,  870,  457,  650,  714,  983,  757,  484,  588,  535,  634,  805,  474,  183,  472, 1050,  847,  477,  352,  280,  788,  580,  544,  859,  893,   29,   36,  931,  810,  529,  524,  377,  571,  853,  625,  526,  463,  281,  523,  629,  848,  808,  783,  932,  788],
        [    0,    0,    0,    0,    0,    0,    0,    0,    0,    0,    0,    0,    0,    0,    0,    0,    0,    0,    0,    0,    0,    0,    0,    0,    0,    0,    0,    0,    0,    0,    0,    0,    0,    0,    0,    0,    0,    0,    0,    0,    0,    0,    0,    0,    0,    0,    0,    0,    0,    0,    0,    0,    0,    0,    0,    0,    0,    0,    0,    0,    0,    0,    0,    0,    0,    0,    0,    0,    0,    0,    0,    0,    0,    0,    0,    0,    0,    0,    0,    0,    0,    0,    0,    0,    0,    0,    0,    0,    0,    0,    0,    0],
        [  997,    0,    0,  974,  697,  964,  652,  653,  225,  825,  740,  702,  591,  254,  945,  402, 1102,  643,  632,  298,   90,  345,  237,  436, 1011,  578,  863,  303,  681,  690,  791,  859,  610,  636,  295, 1118,  503,  780,  800,  972, 1025,  256,  975,  889,  969,  570,  881,  866,  218,  656,  663,  338,  353,  409,  516,  514,  722,  690,  786,  553,  824,  919,  183,  391,  528, 1054,  718,  789,  642,  646,  149,  273, 1015,  967,  720,  187,  491,  593,  827,  616,  916,  378,  714,  710,  795,  800,  938,  272,  740,  639,  552,  264],
        [  335,    0,  974,    0,  489,  603,  638,  494,  810,  482,  254,  273,  726,  721,  319,  582,  230,  548,  552,  772,  902,  636,  776,  655,  150,  416,  221,  685,  481,  364,  434,  646,  673,  448,  922,  290,  541,  729,  327,  507,  171,  720,  186,  348,  199,  417,  521,  605,  792,  646,  857,  641,  842,  870,  540,  469,  306,  850,  525,  586,  391,  153,  966,  703,  474,   81,  388,  508,  777,  741,  864,  787,  360,  310,  674,  801,  491,  690,  150,  393,  544,  609,  305,  681,  209,  253,  306,  752,  542,  551,  726,  720],
        [  739,    0,  697,  489,    0,  291,  762,  630,  477,  746,  273,  325,  799,  503,  697,  343,  709,   70,   79,  411,  661,  388,  603,  265,  614,  236,  276,  410,  640,  149,  682,  233,  190,  100,  521,  761,  205,  909,  596,  278,  637,  469,  619,  682,  625,  256,  810,  213,  480,  771,  943,  398,  428,  817,  552,  282,  205,  953,  105,  642,  671,  353,  608,  317,  459,  551,  580,  101,  871,  844,  655,  435,  767,  704,  193,  590,  411,  770,  371,  202,  230,  474,  214,  833,  461,  236,  280,  426,   78,   75,  254,  448],
        [  917,    0,  964,  603,  291,    0, 1032,  891,  739,  980,  486,  558, 1078,  790,  886,  633,  830,  326,  337,  667,  938,  675,  892,  529,  750,  515,  397,  693,  896,  397,  918,  127,  367,  385,  742,  892,  493, 1172,  818,  102,  773,  753,  776,  888,  786,  535, 1039,  102,  749, 1041, 1224,  686,  650, 1107,  831,  569,  428, 1231,  187,  919,  896,  452,  848,  574,  737,  634,  823,  191, 1149, 1120,  939,  693,  945,  885,  267,  875,  694, 1047,  545,  475,   69,  765,  442, 1100,  666,  404,  298,  694,  229,  331,  437,  729],
        [  453,    0,  652,  638,  762, 1032,    0,  150,  648,  222,  562,  486,  102,  470,  414,  498,  628,  766,  760,  673,  564,  503,  423,  676,  575,  527,  696,  537,  158,  636,  229,  995,  841,  663,  809,  609,  612,  156,  318,  975,  576,  513,  520,  351,  507,  507,  255,  972,  613,   10,  219,  497,  786,  318,  221,  492,  609,  215,  862,  131,  279,  696,  767,  684,  306,  700,  251,  851,  140,  103,  503,  667,  457,  438,  921,  481,  363,   74,  559,  562,  964,  369,  595,   75,  439,  655,  819,  619,  839,  764,  839,  540],
        [  361,    0,  653,  494,  630,  891,  150,    0,  598,  175,  415,  339,  232,  430,  313,  409,  512,  641,  636,  607,  565,  428,  417,  580,  447,  398,  546,  471,   28,  496,  139,  861,  728,  532,  755,  506,  500,  282,  188,  830,  451,  463,  394,  251,  383,  379,  238,  836,  564,  159,  367,  425,  716,  403,  144,  374,  465,  365,  726,  113,  179,  547,  735,  599,  193,  560,  108,  715,  287,  251,  509,  606,  374,  338,  799,  468,  257,  196,  409,  428,  822,  307,  451,  211,  291,  507,  670,  557,  708,  640,  736,  484],
        [  899,    0,  225,  810,  477,  739,  648,  598,    0,  771,  562,  541,  620,  180,  847,  233,  970,  421,  410,   74,  217,  186,  258,  214,  873,  396,  670,  135,  623,  490,  723,  634,  386,  426,  161,  997,  295,  798,  702,  751,  890,  137,  847,  799,  844,  394,  835,  641,   37,  655,  730,  185,  160,  505,  456,  342,  531,  752,  563,  525,  746,  733,  157,  166,  427,  890,  631,  567,  686,  678,  244,   48,  921,  865,  497,  205,  371,  609,  661,  427,  692,  292,  526,  719,  657,  608,  732,   59,  516,  416,  331,  114],
        [  236,    0,  825,  482,  746,  980,  222,  175,  771,    0,  495,  426,  323,  605,  203,  572,  421,  769,  766,  777,  737,  598,  589,  738,  386,  528,  601,  643,  149,  601,   64,  970,  869,  653,  927,  394,  647,  254,  167,  906,  381,  637,  329,  146,  314,  511,   68,  940,  738,  225,  415,  595,  885,  535,  319,  520,  557,  401,  833,  274,   93,  579,  910,  761,  354,  530,  168,  819,  345,  309,  679,  777,  237,  227,  927,  642,  418,  294,  449,  549,  912,  481,  544,  228,  321,  579,  724,  729,  822,  769,  885,  657],
        [  467,    0,  740,  254,  273,  486,  562,  415,  562,  495,    0,   77,  625,  493,  426,  340,  452,  318,  319,  520,  675,  396,  565,  401,  354,  166,  145,  442,  416,  127,  432,  481,  440,  205,  668,  498,  287,  694,  335,  417,  375,  484,  351,  415,  356,  171,  555,  448,  546,  571,  769,  402,  588,  712,  390,  226,   69,  772,  344,  465,  413,  182,  717,  449,  300,  331,  338,  329,  691,  658,  646,  536,  495,  432,  465,  579,  288,  591,  110,  139,  418,  400,   60,  626,  190,   94,  261,  503,  343,  320,  484,  479],
        [  423,    0,  702,  273,  325,  558,  486,  339,  541,  426,   77,    0,  549,  451,  378,  310,  440,  361,  360,  508,  632,  364,  513,  405,  341,  156,  216,  413,  341,  178,  363,  545,  475,  243,  661,  478,  291,  618,  272,  492,  360,  448,  326,  358,  327,  151,  488,  514,  521,  495,  694,  369,  588,  644,  318,  200,  132,  696,  408,  390,  347,  240,  697,  448,  231,  353,  265,  394,  615,  582,  598,  521,  451,  388,  514,  533,  229,  515,  126,  150,  489,  346,  119,  550,  143,  170,  336,  483,  400,  362,  511,  448],
        [  555,    0,  591,  726,  799, 1078,  102,  232,  620,  323,  625,  549,    0,  442,  515,  504,  728,  794,  787,  655,  505,  497,  375,  679,  672,  565,  764,  523,  247,  684,  330, 1030,  857,  700,  778,  711,  631,  190,  413, 1029,  673,  489,  617,  452,  604,  545,  352, 1011,  584,   99,  146,  489,  767,  225,  248,  520,  665,  155,  902,  161,  379,  772,  723,  680,  342,  791,  339,  893,   74,   59,  444,  644,  559,  540,  945,  434,  389,   36,  635,  604, 1011,  363,  650,  127,  522,  718,  885,  598,  875,  792,  846,  518],
        [  754,    0,  254,  721,  503,  790,  470,  430,  180,  605,  493,  451,  442,    0,  702,  167,  850,  465,  455,  217,  183,  116,  106,  284,  758,  338,  624,  103,  456,  462,  562,  704,  478,  423,  340,  868,  299,  619,  556,  778,  772,   50,  723,  649,  718,  327,  666,  700,  144,  477,  557,  106,  327,  351,  287,  272,  484,  578,  603,  348,  589,  675,  306,  263,  279,  801,  478,  602,  509,  499,  158,  204,  774,  723,  584,   90,  237,  430,  576,  380,  732,  130,  474,  540,  541,  562,  712,  160,  562,  461,  444,   82],
        [   53,    0,  945,  319,  697,  886,  414,  313,  847,  203,  426,  378,  515,  702,    0,  623,  219,  738,  737,  835,  860,  662,  714,  762,  194,  521,  491,  712,  288,  550,  186,  901,  853,  620,  992,  197,  655,  454,  146,  800,  185,  723,  140,   64,  126,  509,  218,  865,  818,  418,  617,  662,  932,  712,  433,  538,  494,  603,  767,  426,  137,  447,  998,  797,  424,  349,  228,  751,  544,  508,  808,  842,   76,   26,  889,  759,  477,  482,  343,  525,  821,  573,  484,  430,  238,  488,  603,  796,  768,  739,  885,  736],
        [  674,    0,  402,  582,  343,  633,  498,  409,  233,  572,  340,  310,  504,  167,  623,    0,  737,  314,  305,  213,  343,   57,  262,  178,  641,  177,  463,  104,  430,  296,  518,  557,  355,  258,  370,  766,  142,  654,  481,  614,  658,  147,  615,  579,  612,  170,  639,  548,  211,  507,  640,   64,  314,  480,  280,  114,  322,  655,  446,  368,  533,  518,  389,  191,  219,  662,  418,  443,  577,  557,  324,  220,  697,  640,  451,  256,  156,  482,  433,  217,  573,  145,  313,  573,  425,  400,  546,  177,  408,  311,  343,  140],
        [  195,    0, 1102,  230,  709,  830,  628,  512,  970,  421,  452,  440,  728,  850,  219,  737,    0,  765,  767,  944, 1021,  786,  881,  844,  100,  595,  450,  837,  490,  574,  399,  875,  889,  656, 1099,   67,  730,  671,  326,  732,   80,  861,  127,  279,  135,  590,  431,  834,  946,  633,  835,  789, 1027,  914,  610,  634,  514,  821,  753,  623,  349,  382, 1126,  887,  575,  204,  412,  735,  761,  724,  975,  955,  208,  195,  898,  918,  613,  694,  344,  583,  772,  725,  510,  648,  313,  475,  532,  914,  767,  767,  936,  868],
        [  781,    0,  643,  548,   70,  326,  766,  641,  421,  769,  318,  361,  794,  465,  738,  314,  765,    0,   12,  352,  613,  352,  568,  208,  668,  245,  341,  368,  654,  192,  707,  243,  126,  119,  455,  814,  173,  917,  628,  330,  690,  427,  669,  718,  673,  263,  835,  235,  426,  775,  937,  362,  361,  793,  550,  276,  252,  948,  143,  641,  700,  417,  545,  257,  461,  613,  602,  147,  867,  842,  613,  377,  809,  746,  159,  549,  406,  767,  422,  221,  273,  454,  259,  839,  501,  296,  349,  372,   98,    6,  185,  403],
        [  781,    0,  632,  552,   79,  337,  760,  636,  410,  766,  319,  360,  787,  455,  737,  305,  767,   12,    0,  341,  603,  342,  558,  197,  670,  240,  347,  357,  649,  194,  703,  253,  122,  118,  445,  816,  164,  911,  625,  342,  692,  417,  670,  716,  674,  258,  831,  246,  415,  769,  929,  352,  351,  784,  543,  269,  254,  941,  154,  634,  697,  423,  534,  246,  454,  618,  598,  158,  860,  835,  602,  366,  809,  746,  164,  538,  399,  760,  424,  218,  284,  445,  260,  833,  501,  300,  358,  361,  109,    7,  179,  393],
        [  887,    0,  298,  772,  411,  667,  673,  607,   74,  777,  520,  508,  655,  217,  835,  213,  944,  352,  341,    0,  289,  180,  310,  146,  846,  357,  619,  138,  631,  437,  725,  561,  312,  368,  157,  975,  241,  826,  694,  682,  864,  168,  824,  791,  822,  358,  842,  569,   95,  681,  773,  183,  113,  560,  468,  310,  483,  794,  493,  546,  743,  685,  203,   96,  425,  850,  628,  498,  724,  712,  310,   26,  910,  853,  423,  264,  365,  641,  624,  382,  621,  307,  479,  746,  633,  558,  673,   57,  446,  347,  259,  138],
        [  911,    0,   90,  902,  661,  938,  564,  565,  217,  737,  675,  632,  505,  183,  860,  343, 1021,  613,  603,  289,    0,  288,  148,  411,  932,  518,  805,  253,  593,  637,  703,  841,  597,  591,  331, 1035,  460,  694,  715,  938,  945,  198,  894,  802,  888,  508,  792,  843,  196,  568,  584,  279,  368,  333,  429,  452,  664,  610,  755,  464,  737,  857,  237,  373,  447,  982,  632,  757,  559,  561,   61,  264,  928,  882,  708,  103,  414,  506,  758,  559,  886,  298,  655,  623,  717,  742,  887,  248,  711,  609,  547,  214],
        [  714,    0,  345,  636,  388,  675,  503,  428,  186,  598,  396,  364,  497,  116,  662,   57,  786,  352,  342,  180,  288,    0,  217,  186,  690,  233,  519,   51,  452,  350,  546,  593,  376,  308,  333,  812,  183,  658,  518,  662,  707,   91,  662,  615,  659,  226,  663,  587,  160,  511,  627,   11,  289,  448,  292,  170,  378,  644,  489,  373,  565,  575,  340,  183,  246,  716,  450,  487,  569,  553,  272,  182,  736,  681,  478,  204,  187,  479,  487,  273,  617,  136,  370,  577,  474,  456,  600,  135,  448,  348,  353,   85],
        [  765,    0,  237,  776,  603,  892,  423,  417,  258,  589,  565,  513,  375,  106,  714,  262,  881,  568,  558,  310,  148,  217,    0,  388,  795,  421,  703,  208,  445,  550,  555,  808,  583,  519,  410,  892,  399,  561,  570,  876,  807,  152,  755,  656,  747,  408,  646,  803,  223,  428,  475,  207,  415,  251,  282,  355,  566,  498,  705,  318,  590,  747,  348,  366,  309,  856,  486,  703,  437,  433,   94,  293,  782,  737,  689,   60,  286,  371,  637,  465,  833,  168,  555,  486,  583,  642,  798,  254,  665,  564,  548,  182],
        [  812,    0,  436,  655,  265,  529,  676,  580,  214,  738,  401,  405,  679,  284,  762,  178,  844,  208,  197,  146,  411,  186,  388,    0,  744,  249,  484,  181,  600,  303,  680,  430,  195,  228,  273,  881,  115,  831,  628,  538,  764,  238,  730,  726,  730,  257,  805,  433,  220,  684,  812,  196,  188,  631,  457,  225,  355,  828,  350,  545,  689,  554,  345,   53,  388,  730,  577,  354,  752,  733,  418,  170,  837,  776,  302,  358,  324,  658,  509,  263,  480,  317,  353,  750,  541,  425,  530,  166,  304,  203,  168,  210],
        [  196,    0, 1011,  150,  614,  750,  575,  447,  873,  386,  354,  341,  672,  758,  194,  641,  100,  668,  670,  846,  932,  690,  795,  744,    0,  496,  362,  741,  427,  477,  351,  788,  791,  558, 1000,  148,  630,  639,  260,  656,   24,  767,   58,  241,   72,  491,  410,  748,  850,  581,  789,  693,  928,  845,  530,  536,  416,  778,  662,  553,  302,  299, 1029,  788,  487,  157,  341,  645,  712,  675,  887,  857,  219,  178,  804,  829,  521,  637,  246,  484,  690,  635,  411,  605,  218,  381,  455,  817,  674,  670,  837,  772],
        [  569,    0,  578,  416,  236,  515,  527,  398,  396,  528,  166,  156,  565,  338,  521,  177,  595,  245,  240,  357,  518,  233,  421,  249,  496,    0,  287,  278,  410,  132,  466,  469,  342,  137,  508,  633,  137,  675,  396,  476,  516,  323,  481,  491,  481,   20,  594,  448,  381,  536,  710,  241,  433,  603,  317,   68,  146,  718,  337,  407,  464,  342,  552,  292,  224,  495,  361,  329,  637,  609,  494,  372,  595,  533,  403,  427,  180,  535,  267,   45,  449,  266,  137,  599,  294,  224,  377,  338,  313,  244,  366,  316],
        [  521,    0,  863,  221,  276,  397,  696,  546,  670,  601,  145,  216,  764,  624,  491,  463,  450,  341,  347,  619,  805,  519,  703,  484,  362,  287,    0,  562,  544,  182,  541,  427,  465,  259,  756,  508,  379,  819,  435,  310,  385,  610,  382,  497,  391,  298,  656,  387,  660,  705,  907,  527,  669,  856,  533,  353,  142,  908,  304,  606,  513,   77,  820,  536,  444,  276,  459,  287,  828,  794,  780,  638,  549,  489,  455,  712,  431,  729,  154,  248,  333,  540,  151,  756,  281,   64,  124,  612,  323,  345,  525,  600],
        [  764,    0,  303,  685,  410,  693,  537,  471,  135,  643,  442,  413,  523,  103,  712,  104,  837,  368,  357,  138,  253,   51,  208,  181,  741,  278,  562,    0,  495,  388,  592,  604,  375,  339,  285,  863,  208,  690,  568,  687,  758,   60,  713,  665,  710,  272,  707,  602,  109,  545,  647,   50,  250,  452,  332,  217,  421,  666,  508,  409,  613,  620,  289,  163,  294,  765,  498,  508,  594,  580,  246,  135,  786,  731,  481,  182,  236,  507,  536,  315,  638,  170,  413,  610,  524,  499,  637,   87,  465,  363,  343,   40],
        [  335,    0,  681,  481,  640,  896,  158,   28,  623,  149,  416,  341,  247,  456,  288,  430,  490,  654,  649,  631,  593,  452,  445,  600,  427,  410,  544,  495,    0,  503,  112,  870,  744,  543,  780,  481,  517,  278,  167,  833,  430,  489,  373,  225,  361,  391,  212,  844,  590,  166,  377,  448,  740,  426,  170,  390,  469,  372,  734,  139,  153,  540,  761,  620,  213,  545,   93,  722,  297,  261,  537,  630,  347,  312,  812,  496,  277,  212,  403,  438,  827,  332,  455,  212,  282,  508,  668,  582,  717,  653,  754,  509],
        [  592,    0,  690,  364,  149,  397,  636,  496,  490,  601,  127,  178,  684,  462,  550,  296,  574,  192,  194,  437,  637,  350,  550,  303,  477,  132,  182,  388,  503,    0,  538,  370,  315,   84,  575,  623,  197,  778,  449,  348,  499,  440,  477,  534,  482,  149,  664,  341,  482,  645,  829,  359,  489,  734,  438,  197,   61,  836,  233,  523,  525,  252,  639,  355,  343,  435,  437,  220,  754,  724,  619,  457,  620,  557,  340,  551,  307,  652,  231,   87,  329,  397,   67,  705,  313,  122,  251,  433,  223,  194,  363,  428],
        [  229,    0,  791,  434,  682,  918,  229,  139,  723,   64,  432,  363,  330,  562,  186,  518,  399,  707,  703,  725,  703,  546,  555,  680,  351,  466,  541,  592,  112,  538,    0,  907,  807,  590,  877,  382,  587,  295,  110,  845,  349,  591,  294,  123,  281,  449,  129,  877,  691,  234,  439,  544,  831,  528,  277,  461,  494,  428,  769,  249,   51,  522,  865,  705,  301,  487,  106,  756,  364,  326,  647,  727,  238,  211,  865,  605,  363,  297,  390,  486,  849,  435,  481,  254,  261,  517,  664,  679,  759,  707,  825,  610],
        [  937,    0,  859,  646,  233,  127,  995,  861,  634,  970,  481,  545, 1030,  704,  901,  557,  875,  243,  253,  561,  841,  593,  808,  430,  788,  469,  427,  604,  870,  370,  907,    0,  252,  333,  624,  934,  416, 1142,  814,  201,  811,  663,  805,  894,  813,  488, 1032,   44,  647, 1004, 1174,  603,  533, 1036,  784,  511,  415, 1184,  138,  874,  891,  494,  733,  470,  691,  689,  806,  152, 1103, 1076,  847,  587,  966,  904,  146,  785,  642, 1002,  561,  434,  128,  696,  427, 1066,  670,  415,  357,  594,  156,  247,  319,  637],
        [  898,    0,  610,  673,  190,  367,  841,  728,  386,  869,  440,  475,  857,  478,  853,  355,  889,  126,  122,  312,  597,  376,  583,  195,  791,  342,  465,  375,  744,  315,  807,  252,    0,  236,  376,  937,  230,  995,  736,  402,  813,  432,  790,  829,  794,  358,  935,  266,  402,  850,  994,  386,  284,  824,  621,  354,  375, 1009,  218,  712,  805,  542,  482,  225,  539,  738,  702,  230,  930,  908,  609,  338,  925,  862,  112,  551,  479,  833,  546,  329,  332,  499,  381,  915,  617,  421,  463,  350,  173,  123,   74,  403],
        [  664,    0,  636,  448,  100,  385,  663,  532,  426,  653,  205,  243,  700,  423,  620,  258,  656,  119,  118,  368,  591,  308,  519,  228,  558,  137,  259,  339,  543,   84,  590,  333,  236,    0,  499,  703,  133,  811,  510,  358,  580,  395,  555,  599,  559,  156,  718,  312,  422,  672,  844,  318,  411,  723,  452,  184,  143,  853,  203,  542,  583,  332,  570,  280,  360,  518,  486,  196,  772,  744,  579,  389,  692,  629,  275,  512,  312,  670,  313,  105,  321,  381,  147,  734,  384,  203,  306,  370,  177,  120,  281,  378],
        [ 1043,    0,  295,  922,  521,  742,  809,  755,  161,  927,  668,  661,  778,  340,  992,  370, 1099,  455,  445,  157,  331,  333,  410,  273, 1000,  508,  756,  285,  780,  575,  877,  624,  376,  499,    0, 1131,  383,  958,  849,  774, 1019,  297,  980,  947,  978,  511,  992,  641,  197,  815,  884,  334,   94,  650,  614,  465,  626,  907,  585,  685,  897,  826,  121,  221,  578,  999,  782,  594,  844,  836,  375,  151, 1066, 1009,  479,  353,  519,  769,  774,  530,  707,  450,  623,  879,  789,  697,  796,  199,  538,  450,  306,  272],
        [  160,    0, 1118,  290,  761,  892,  609,  506,  997,  394,  498,  478,  711,  868,  197,  766,   67,  814,  816,  975, 1035,  812,  892,  881,  148,  633,  508,  863,  481,  623,  382,  934,  937,  703, 1131,    0,  768,  638,  325,  796,  125,  882,  152,  260,  154,  626,  394,  894,  971,  614,  809,  814, 1062,  907,  615,  667,  562,  793,  809,  618,  333,  442, 1152,  923,  590,  270,  412,  792,  739,  702,  986,  985,  165,  172,  951,  932,  633,  679,  392,  625,  834,  741,  557,  622,  343,  529,  595,  942,  822,  816,  981,  891],
        [  704,    0,  503,  541,  205,  493,  612,  500,  295,  647,  287,  291,  631,  299,  655,  142,  730,  173,  164,  241,  460,  183,  399,  115,  630,  137,  379,  208,  517,  197,  587,  416,  230,  133,  383,  768,    0,  766,  526,  480,  650,  266,  617,  622,  617,  147,  714,  406,  289,  620,  771,  194,  302,  621,  392,  127,  244,  784,  306,  483,  590,  446,  442,  162,  310,  617,  482,  304,  704,  681,  452,  261,  730,  668,  315,  385,  250,  605,  395,  149,  434,  282,  241,  686,  430,  317,  438,  238,  267,  170,  239,  246],
        [  480,    0,  780,  729,  909, 1172,  156,  282,  798,  254,  694,  618,  190,  619,  454,  654,  671,  917,  911,  826,  694,  658,  561,  831,  639,  675,  819,  690,  278,  778,  295, 1142,  995,  811,  958,  638,  766,    0,  403, 1110,  634,  663,  582,  399,  567,  656,  245, 1117,  762,  148,  192,  651,  939,  403,  376,  644,  746,  168, 1007,  287,  340,  809,  908,  839,  458,  781,  361,  996,  153,  136,  633,  818,  475,  476, 1073,  620,  517,  191,  673,  708, 1104,  523,  732,   82,  547,  785,  943,  771,  987,  916,  994,  691],
        [  199,    0,  800,  327,  596,  818,  318,  188,  702,  167,  335,  272,  413,  556,  146,  481,  326,  628,  625,  694,  715,  518,  570,  628,  260,  396,  435,  568,  167,  449,  110,  814,  736,  510,  849,  325,  526,  403,    0,  741,  264,  577,  207,   99,  195,  382,  222,  782,  673,  325,  535,  518,  793,  589,  291,  404,  400,  527,  678,  297,   78,  413,  852,  660,  279,  384,   87,  663,  457,  420,  664,  699,  219,  167,  784,  614,  332,  378,  283,  408,  750,  427,  388,  356,  155,  415,  558,  653,  671,  628,  761,  591],
        [  828,    0,  972,  507,  278,  102,  975,  830,  751,  906,  417,  492, 1029,  778,  800,  614,  732,  330,  342,  682,  938,  662,  876,  538,  656,  476,  310,  687,  833,  348,  845,  201,  402,  358,  774,  796,  480, 1110,  741,    0,  678,  746,  684,  806,  695,  494,  963,  162,  755,  984, 1175,  672,  681, 1077,  784,  536,  367, 1180,  191,  868,  819,  359,  872,  587,  689,  534,  754,  185, 1098, 1067,  932,  707,  856,  798,  320,  865,  654,  997,  463,  432,   76,  736,  381, 1041,  588,  329,  202,  701,  238,  336,  475,  725],
        [  181,    0, 1025,  171,  637,  773,  576,  451,  890,  381,  375,  360,  673,  772,  185,  658,   80,  690,  692,  864,  945,  707,  807,  764,   24,  516,  385,  758,  430,  499,  349,  811,  813,  580, 1019,  125,  650,  634,  264,  678,    0,  782,   57,  236,   70,  510,  402,  771,  867,  582,  788,  710,  947,  851,  539,  554,  439,  776,  685,  559,  300,  322, 1046,  807,  499,  173,  347,  668,  712,  675,  900,  875,  203,  167,  827,  842,  535,  639,  268,  505,  713,  648,  433,  602,  234,  404,  477,  835,  697,  692,  859,  789],
        [  775,    0,  256,  720,  469,  753,  513,  463,  137,  637,  484,  448,  489,   50,  723,  147,  861,  427,  417,  168,  198,   91,  152,  238,  767,  323,  610,   60,  489,  440,  591,  663,  432,  395,  297,  882,  266,  663,  577,  746,  782,    0,  735,  672,  731,  315,  700,  661,  102,  520,  606,   83,  279,  400,  320,  259,  468,  627,  567,  388,  616,  664,  276,  215,  299,  801,  502,  567,  557,  546,  187,  156,  796,  743,  540,  122,  250,  476,  573,  363,  697,  157,  460,  584,  549,  547,  690,  111,  525,  423,  397,   32],
        [  149,    0,  975,  186,  619,  776,  520,  394,  847,  329,  351,  326,  617,  723,  140,  615,  127,  669,  670,  824,  894,  662,  755,  730,   58,  481,  382,  713,  373,  477,  294,  805,  790,  555,  980,  152,  617,  582,  207,  684,   57,  735,    0,  184,   15,  474,  354,  766,  822,  526,  733,  665,  910,  795,  485,  515,  417,  722,  676,  502,  245,  327, 1002,  771,  448,  209,  291,  659,  657,  619,  848,  834,  175,  126,  811,  792,  487,  582,  249,  474,  714,  598,  411,  548,  191,  393,  484,  792,  684,  671,  833,  743],
        [  111,    0,  889,  348,  682,  888,  351,  251,  799,  146,  415,  358,  452,  649,   64,  579,  279,  718,  716,  791,  802,  615,  656,  726,  241,  491,  497,  665,  225,  534,  123,  894,  829,  599,  947,  260,  622,  399,   99,  806,  236,  672,  184,    0,  169,  477,  174,  860,  769,  356,  557,  615,  891,  648,  375,  502,  482,  543,  758,  363,   74,  462,  947,  758,  373,  388,  172,  743,  483,  446,  749,  796,  126,   89,  872,  702,  429,  419,  344,  501,  822,  520,  471,  370,  225,  486,  614,  750,  755,  718,  857,  687],
        [  136,    0,  969,  199,  625,  786,  507,  383,  844,  314,  356,  327,  604,  718,  126,  612,  135,  673,  674,  822,  888,  659,  747,  730,   72,  481,  391,  710,  361,  482,  281,  813,  794,  559,  978,  154,  617,  567,  195,  695,   70,  731,   15,  169,    0,  474,  339,  775,  819,  513,  719,  661,  910,  784,  476,  514,  422,  708,  683,  491,  231,  337,  999,  771,  442,  224,  280,  666,  643,  606,  841,  832,  163,  112,  817,  785,  482,  570,  256,  476,  723,  592,  415,  534,  190,  400,  495,  789,  690,  675,  835,  739],
        [  557,    0,  570,  417,  256,  535,  507,  379,  394,  511,  171,  151,  545,  327,  509,  170,  590,  263,  258,  358,  508,  226,  408,  257,  491,   20,  298,  272,  391,  149,  449,  488,  358,  156,  511,  626,  147,  656,  382,  494,  510,  315,  474,  477,  474,    0,  578,  467,  377,  516,  690,  233,  438,  585,  297,   57,  159,  699,  357,  387,  449,  350,  550,  298,  204,  496,  344,  348,  617,  589,  483,  372,  583,  522,  421,  415,  160,  515,  268,   63,  469,  250,  148,  579,  285,  235,  391,  336,  333,  262,  380,  309],
        [  237,    0,  881,  521,  810, 1039,  255,  238,  835,   68,  555,  488,  352,  666,  218,  639,  431,  835,  831,  842,  792,  663,  646,  805,  410,  594,  656,  707,  212,  664,  129, 1032,  935,  718,  992,  394,  714,  245,  222,  963,  402,  700,  354,  174,  339,  578,    0, 1001,  801,  255,  424,  660,  950,  572,  381,  587,  618,  405,  895,  329,  144,  628,  971,  828,  420,  561,  234,  881,  361,  328,  734,  842,  231,  238,  993,  700,  484,  328,  503,  614,  971,  544,  606,  241,  375,  636,  777,  794,  886,  835,  952,  721],
        [  900,    0,  866,  605,  213,  102,  972,  836,  641,  940,  448,  514, 1011,  700,  865,  548,  834,  235,  246,  569,  843,  587,  803,  433,  748,  448,  387,  602,  844,  341,  877,   44,  266,  312,  641,  894,  406, 1117,  782,  162,  771,  661,  766,  860,  775,  467, 1001,    0,  652,  981, 1156,  597,  549, 1026,  764,  494,  384, 1165,  111,  854,  860,  453,  747,  476,  671,  647,  777,  122, 1083, 1056,  846,  594,  929,  867,  167,  783,  623,  982,  524,  411,   87,  684,  396, 1043,  636,  378,  315,  598,  141,  239,  336,  636],
        [  870,    0,  218,  792,  480,  749,  613,  564,   37,  738,  546,  521,  584,  144,  818,  211,  946,  426,  415,   95,  196,  160,  223,  220,  850,  381,  660,  109,  590,  482,  691,  647,  402,  422,  197,  971,  289,  762,  673,  755,  867,  102,  822,  769,  819,  377,  801,  652,    0,  619,  694,  158,  193,  472,  422,  323,  520,  716,  569,  489,  714,  721,  181,  178,  396,  872,  600,  572,  650,  642,  216,   73,  892,  837,  513,  172,  342,  573,  643,  414,  699,  258,  513,  683,  633,  597,  727,   55,  523,  422,  352,   82],
        [  457,    0,  656,  646,  771, 1041,   10,  159,  655,  225,  571,  495,   99,  477,  418,  507,  633,  775,  769,  681,  568,  511,  428,  684,  581,  536,  705,  545,  166,  645,  234, 1004,  850,  672,  815,  614,  620,  148,  325,  984,  582,  520,  526,  356,  513,  516,  255,  981,  619,    0,  212,  505,  793,  318,  229,  501,  618,  207,  871,  140,  284,  705,  772,  692,  315,  708,  259,  861,  133,   96,  508,  674,  461,  443,  930,  487,  372,   73,  567,  571,  973,  377,  604,   67,  447,  664,  828,  626,  849,  773,  848,  547],
        [  650,    0,  663,  857,  943, 1224,  219,  367,  730,  415,  769,  694,  146,  557,  617,  640,  835,  937,  929,  773,  584,  627,  475,  812,  789,  710,  907,  647,  377,  829,  439, 1174,  994,  844,  884,  809,  771,  192,  535, 1175,  788,  606,  733,  557,  719,  690,  424, 1156,  694,  212,    0,  619,  884,  257,  393,  663,  810,   30, 1046,  307,  488,  912,  815,  808,  488,  918,  470, 1038,   80,  117,  526,  760,  649,  641, 1085,  532,  533,  179,  774,  749, 1157,  496,  796,  188,  657,  863, 1029,  716, 1019,  934,  979,  637],
        [  714,    0,  338,  641,  398,  686,  497,  425,  185,  595,  402,  369,  489,  106,  662,   64,  789,  362,  352,  183,  279,   11,  207,  196,  693,  241,  527,   50,  448,  359,  544,  603,  386,  318,  334,  814,  194,  651,  518,  672,  710,   83,  665,  615,  661,  233,  660,  597,  158,  505,  619,    0,  293,  438,  287,  177,  386,  636,  499,  367,  564,  582,  338,  191,  245,  721,  449,  497,  561,  545,  262,  183,  737,  681,  488,  195,  187,  471,  493,  280,  627,  129,  377,  570,  476,  464,  609,  136,  459,  358,  363,   80],
        [  983,    0,  353,  842,  428,  650,  786,  716,  160,  885,  588,  588,  767,  327,  932,  314, 1027,  361,  351,  113,  368,  289,  415,  188,  928,  433,  669,  250,  740,  489,  831,  533,  284,  411,   94, 1062,  302,  939,  793,  681,  947,  279,  910,  891,  910,  438,  950,  549,  193,  793,  884,  293,    0,  664,  579,  397,  542,  905,  491,  658,  846,  740,  201,  141,  531,  918,  732,  500,  836,  825,  401,  124, 1007,  948,  389,  364,  469,  753,  696,  450,  613,  419,  540,  858,  721,  611,  704,  169,  444,  356,  215,  250],
        [  757,    0,  409,  870,  817, 1107,  318,  403,  505,  535,  712,  644,  225,  351,  712,  480,  914,  793,  784,  560,  333,  448,  251,  631,  845,  603,  856,  452,  426,  734,  528, 1036,  824,  723,  650,  907,  621,  403,  589, 1077,  851,  400,  795,  648,  784,  585,  572, 1026,  472,  318,  257,  438,  664,    0,  332,  542,  733,  285,  921,  293,  575,  882,  569,  614,  413,  944,  505,  916,  252,  268,  279,  543,  765,  737,  926,  301,  430,  245,  753,  647, 1044,  343,  719,  350,  662,  800,  967,  505,  886,  790,  794,  431],
        [  484,    0,  516,  540,  552,  831,  221,  144,  456,  319,  390,  318,  248,  287,  433,  280,  610,  550,  543,  468,  429,  292,  282,  457,  530,  317,  533,  332,  170,  438,  277,  784,  621,  452,  614,  615,  392,  376,  291,  784,  539,  320,  485,  375,  476,  297,  381,  764,  422,  229,  393,  287,  579,  332,    0,  275,  422,  402,  654,   92,  309,  554,  592,  468,   95,  615,  205,  645,  320,  293,  375,  465,  500,  456,  703,  329,  144,  218,  422,  357,  764,  164,  408,  295,  334,  482,  650,  417,  628,  548,  619,  342],
        [  588,    0,  514,  469,  282,  569,  492,  374,  342,  520,  226,  200,  520,  272,  538,  114,  634,  276,  269,  310,  452,  170,  355,  225,  536,   68,  353,  217,  390,  197,  461,  511,  354,  184,  465,  667,  127,  644,  404,  536,  554,  259,  515,  502,  514,   57,  587,  494,  323,  501,  663,  177,  397,  542,  275,    0,  213,  674,  386,  366,  466,  406,  498,  259,  187,  549,  356,  379,  593,  567,  428,  322,  613,  553,  430,  360,  131,  492,  320,  111,  504,  202,  203,  565,  324,  291,  444,  284,  356,  274,  366,  254],
        [  535,    0,  722,  306,  205,  428,  609,  465,  531,  557,   69,  132,  665,  484,  494,  322,  514,  252,  254,  483,  664,  378,  566,  355,  416,  146,  142,  421,  469,   61,  494,  415,  375,  143,  626,  562,  244,  746,  400,  367,  439,  468,  417,  482,  422,  159,  618,  384,  520,  618,  810,  386,  542,  733,  422,  213,    0,  815,  278,  504,  477,  203,  683,  405,  329,  378,  396,  264,  733,  701,  640,  501,  563,  500,  397,  573,  304,  632,  171,  107,  359,  406,   15,  675,  258,   79,  235,  473,  275,  254,  423,  459],
        [  634,    0,  690,  850,  953, 1231,  215,  365,  752,  401,  772,  696,  155,  578,  603,  655,  821,  948,  941,  794,  610,  644,  498,  828,  778,  718,  908,  666,  372,  836,  428, 1184, 1009,  853,  907,  793,  784,  168,  527, 1180,  776,  627,  722,  543,  708,  699,  405, 1165,  716,  207,   30,  636,  905,  285,  402,  674,  815,    0, 1055,  313,  477,  911,  840,  826,  495,  910,  465, 1046,   83,  115,  552,  781,  632,  627, 1098,  556,  543,  184,  773,  757, 1164,  512,  800,  174,  653,  865, 1030,  737, 1029,  946,  996,  657],
        [  805,    0,  786,  525,  105,  187,  862,  726,  563,  833,  344,  408,  902,  603,  767,  446,  753,  143,  154,  493,  755,  489,  705,  350,  662,  337,  304,  508,  734,  233,  769,  138,  218,  203,  585,  809,  306, 1007,  678,  191,  685,  567,  676,  758,  683,  357,  895,  111,  569,  871, 1046,  499,  491,  921,  654,  386,  278, 1055,    0,  743,  754,  377,  682,  398,  561,  576,  669,   18,  973,  946,  753,  518,  833,  771,  161,  689,  514,  872,  429,  300,  131,  579,  290,  932,  534,  284,  263,  514,   48,  148,  291,  544],
        [  474,    0,  553,  586,  642,  919,  131,  113,  525,  274,  465,  390,  161,  348,  426,  368,  623,  641,  634,  546,  464,  373,  318,  545,  553,  407,  606,  409,  139,  523,  249,  874,  712,  542,  685,  618,  483,  287,  297,  868,  559,  388,  502,  363,  491,  387,  329,  854,  489,  140,  307,  367,  658,  293,   92,  366,  504,  313,  743,    0,  291,  618,  651,  553,  183,  657,  212,  734,  231,  203,  406,  540,  486,  451,  795,  373,  236,  129,  483,  445,  851,  240,  490,  206,  378,  559,  726,  492,  718,  639,  709,  414],
        [  183,    0,  824,  391,  671,  896,  279,  179,  746,   93,  413,  347,  379,  589,  137,  533,  349,  700,  697,  743,  737,  565,  590,  689,  302,  464,  513,  613,  153,  525,   51,  891,  805,  583,  897,  333,  590,  340,   78,  819,  300,  616,  245,   74,  231,  449,  144,  860,  714,  284,  488,  564,  846,  575,  309,  466,  477,  477,  754,  291,    0,  488,  891,  717,  320,  441,  115,  740,  414,  377,  683,  746,  195,  162,  857,  638,  379,  346,  360,  480,  828,  461,  465,  303,  232,  493,  634,  699,  747,  700,  828,  632],
        [  472,    0,  919,  153,  353,  452,  696,  547,  733,  579,  182,  240,  772,  675,  447,  518,  382,  417,  423,  685,  857,  575,  747,  554,  299,  342,   77,  620,  540,  252,  522,  494,  542,  332,  826,  442,  446,  809,  413,  359,  322,  664,  327,  462,  337,  350,  628,  453,  721,  705,  912,  582,  740,  882,  554,  406,  203,  911,  377,  618,  488,    0,  886,  606,  470,  200,  451,  359,  832,  797,  828,  704,  499,  442,  530,  761,  467,  737,  138,  307,  392,  581,  208,  751,  263,  130,  158,  675,  398,  421,  601,  658],
        [ 1050,    0,  183,  966,  608,  848,  767,  735,  157,  910,  717,  697,  723,  306,  998,  389, 1126,  545,  534,  203,  237,  340,  348,  345, 1029,  552,  820,  289,  761,  639,  865,  733,  482,  570,  121, 1152,  442,  908,  852,  872, 1046,  276, 1002,  947,  999,  550,  971,  747,  181,  772,  815,  338,  201,  569,  592,  498,  683,  840,  682,  651,  891,  886,    0,  293,  575, 1046,  778,  689,  783,  780,  291,  183, 1071, 1017,  589,  289,  522,  718,  817,  581,  808,  431,  678,  832,  813,  759,  874,  215,  635,  540,  415,  262],
        [  847,    0,  391,  703,  317,  574,  684,  599,  166,  761,  449,  448,  680,  263,  797,  191,  887,  257,  246,   96,  373,  183,  366,   53,  788,  292,  536,  163,  620,  355,  705,  470,  225,  280,  221,  923,  162,  839,  660,  587,  807,  215,  771,  758,  771,  298,  828,  476,  178,  692,  808,  191,  141,  614,  468,  259,  405,  826,  398,  553,  717,  606,  293,    0,  408,  779,  603,  403,  751,  735,  385,  121,  872,  812,  336,  330,  344,  661,  556,  310,  527,  318,  402,  758,  581,  477,  583,  125,  351,  252,  182,  184],
        [  477,    0,  528,  474,  459,  737,  306,  193,  427,  354,  300,  231,  342,  279,  424,  219,  575,  461,  454,  425,  447,  246,  309,  388,  487,  224,  444,  294,  213,  343,  301,  691,  539,  360,  578,  590,  310,  458,  279,  689,  499,  299,  448,  373,  442,  204,  420,  671,  396,  315,  488,  245,  531,  413,   95,  187,  329,  495,  561,  183,  320,  470,  575,  408,    0,  553,  205,  552,  413,  385,  401,  427,  497,  445,  616,  344,   65,  312,  345,  262,  669,  151,  315,  379,  276,  391,  559,  380,  536,  459,  544,  314],
        [  352,    0, 1054,   81,  551,  634,  700,  560,  890,  530,  331,  353,  791,  801,  349,  662,  204,  613,  618,  850,  982,  716,  856,  730,  157,  495,  276,  765,  545,  435,  487,  689,  738,  518,  999,  270,  617,  781,  384,  534,  173,  801,  209,  388,  224,  496,  561,  647,  872,  708,  918,  721,  918,  944,  615,  549,  378,  910,  576,  657,  441,  200, 1046,  779,  553,    0,  453,  559,  840,  803,  944,  866,  375,  334,  730,  881,  571,  756,  229,  470,  579,  689,  378,  739,  282,  318,  337,  831,  598,  616,  794,  800],
        [  280,    0,  718,  388,  580,  823,  251,  108,  631,  168,  338,  265,  339,  478,  228,  418,  412,  602,  598,  628,  632,  450,  486,  577,  341,  361,  459,  498,   93,  437,  106,  806,  702,  486,  782,  412,  482,  361,   87,  754,  347,  502,  291,  172,  280,  344,  234,  777,  600,  259,  470,  449,  732,  505,  205,  356,  396,  465,  669,  212,  115,  451,  778,  603,  205,  453,    0,  656,  390,  353,  580,  631,  297,  251,  760,  531,  264,  303,  314,  382,  754,  349,  383,  301,  190,  427,  583,  584,  657,  602,  720,  518],
