{
    "name": "random-87-30275",
    "comment": "size=87 seed=30275",
    "nodes": ["+0", "-0", "+1", "-1", "+2", "-2", "+3", "-3", "+4", "-4", "+5", "-5", "+6", "-6", "+7", "-7", "+8", "-8", "+9", "-9", "+10", "-10", "+11", "-11", "+12", "-12", "+13", "-13", "+14", "-14", "+15", "-15", "+16", "-16", "+17", "-17", "+18", "-18", "+19", "-19", "+20", "-20", "+21", "-21", "+22", "-22", "+23", "-23", "+24", "-24", "+25", "-25", "+26", "-26", "+27", "-27", "+28", "-28", "+29", "-29", "+30", "-30", "+31", "-31", "+32", "-32", "+33", "-33", "+34", "-34", "+35", "-35", "+36", "-36", "+37", "-37", "+38", "-38", "+39", "-39", "+40", "-40", "+41", "-41", "+42", "-42", "+43", "-43", "+44", "-44", "+45", "-45", "+46", "-46", "+47", "-47", "+48", "-48", "+49", "-49", "+50", "-50", "+51", "-51", "+52", "-52", "+53", "-53", "+54", "-54", "+55", "-55", "+56", "-56", "+57", "-57", "+58", "-58", "+59", "-59", "+60", "-60", "+61", "-61", "+62", "-62", "+63", "-63", "+64", "-64", "+65", "-65", "+66", "-66", "+67", "-67", "+68", "-68", "+69", "-69", "+70", "-70", "+71", "-71", "+72", "-72", "+73", "-73", "+74", "-74", "+75", "-75", "+76", "-76", "+77", "-77", "+78", "-78", "+79", "-79", "+80", "-80", "+81", "-81", "+82", "-82", "+83", "-83", "+84", "-84", "+85", "-85", "+86", "-86", "+87", "-87"],
    "precedence": {
        "+0": "-0",
        "+1": "-1",
        "+2": "-2",
        "+3": "-3",
        "+4": "-4",
        "+5": "-5",
        "+6": "-6",
        "+7": "-7",
        "+8": "-8",
        "+9": "-9",
        "+10": "-10",
        "+11": "-11",
        "+12": "-12",
        "+13": "-13",
        "+14": "-14",
        "+15": "-15",
        "+16": "-16",
        "+17": "-17",
        "+18": "-18",
        "+19": "-19",
        "+20": "-20",
        "+21": "-21",
        "+22": "-22",
        "+23": "-23",
        "+24": "-24",
        "+25": "-25",
        "+26": "-26",
        "+27": "-27",
        "+28": "-28",
        "+29": "-29",
        "+30": "-30",
        "+31": "-31",
        "+32": "-32",
        "+33": "-33",
        "+34": "-34",
        "+35": "-35",
        "+36": "-36",
        "+37": "-37",
        "+38": "-38",
        "+39": "-39",
        "+40": "-40",
        "+41": "-41",
        "+42": "-42",
        "+43": "-43",
        "+44": "-44",
        "+45": "-45",
        "+46": "-46",
        "+47": "-47",
        "+48": "-48",
        "+49": "-49",
        "+50": "-50",
        "+51": "-51",
        "+52": "-52",
        "+53": "-53",
        "+54": "-54",
        "+55": "-55",
        "+56": "-56",
        "+57": "-57",
        "+58": "-58",
        "+59": "-59",
        "+60": "-60",
        "+61": "-61",
        "+62": "-62",
        "+63": "-63",
        "+64": "-64",
        "+65": "-65",
        "+66": "-66",
        "+67": "-67",
        "+68": "-68",
        "+69": "-69",
        "+70": "-70",
        "+71": "-71",
        "+72": "-72",
        "+73": "-73",
        "+74": "-74",
        "+75": "-75",
        "+76": "-76",
        "+77": "-77",
        "+78": "-78",
        "+79": "-79",
        "+80": "-80",
        "+81": "-81",
        "+82": "-82",
        "+83": "-83",
        "+84": "-84",
        "+85": "-85",
        "+86": "-86",
        "+87": "-87"
    },
    "edges": [
        [    0,    0,  735,  679,  956,  622,  698,  358,  720,  719,   78,  705,  525,  673,  975, 1052,  581, 1168,  886, 1052,  914,  929,  355,  675,  235,  486,  362,  103,  497,  558,  857,  939,  785,  437,  692,  720,  391,  688,  544,  756,  552,  524,  859,  215,  835,  405,  700,  597,  680,  932,  295,   98,  819,  183,  806,  685,  399,  784,  816, 1194,  604,  902,  763,  900,  855, 1128, 1011,  173,  318,  157,  338,  917,  509,  787,  355,  685,  222,  390,  715,   60,  644, 1097,  260,  719,  840,  219,  238,  607,  507,  328,  188,  837,  100, 1178,  734,   77,  906,  705,  271,  302,  434,  675,  130,  583,  900,  519,  598,  328,  690,  789,  812, 1073, 1152,  387,  937,  746,  872,  507,  879,  984,  438,  778,  711,  482,  404,  693,  131,  947,  430,  534,  745,  720,  680,  918,   84,  447,  851,  869,  736,  482,  716, 1070,  366,  464,  442,  919,  810,  585,  992,  813,  824,  719,  163,  364,  905,   70,  295,   81,  428,  851,  649,  879, 1039,  283,  760,  923, 1148,  923,  480,  833,  855,  504, 1082,  635,  846,  283],
        [    0,    0,    0,    0,    0,    0,    0,    0,    0,    0,    0,    0,    0,    0,    0,    0,    0,    0,    0,    0,    0,    0,    0,    0,    0,    0,    0,    0,    0,    0,    0,    0,    0,    0,    0,    0,    0,    0,    0,    0,    0,    0,    0,    0,    0,    0,    0,    0,    0,    0,    0,    0,    0,    0,    0,    0,    0,    0,    0,    0,    0,    0,    0,    0,    0,    0,    0,    0,    0,    0,    0,    0,    0,    0,    0,    0,    0,    0,    0,    0,    0,    0,    0,    0,    0,    0,    0,    0,    0,    0,    0,    0,    0,    0,    0,    0,    0,    0,    0,    0,    0,    0,    0,    0,    0,    0,    0,    0,    0,    0,    0,    0,    0,    0,    0,    0,    0,    0,    0,    0,    0,    0,    0,    0,    0,    0,    0,    0,    0,    0,    0,    0,    0,    0,    0,    0,    0,    0,    0,    0,    0,    0,    0,    0,    0,    0,    0,    0,    0,    0,    0,    0,    0,    0,    0,    0,    0,    0,    0,    0,    0,    0,    0,    0,    0,    0,    0,    0,    0,    0,    0,    0,    0,    0,    0,    0],
        [  735,    0,    0,  179,  333,  189,  530,  538,  343,   67,  744,   32,  535,  756,  241,  318,  181,  453,  199,  472,  442,  351,  661,  562,  640,  355,  377,  693,  481,  179,  450,  398,  229,  512,   44,  547,  344,  102,  309,  760,  225,  500,  158,  624,  517,  377,  657,  492,  362,  477,  440,  643,  105,  558,  261,   98,  459,  148,  156,  513,  416,  173,  467,  168,  600,  482,  277,  706,  419,  582,  533,  415,  588,  285,  428,  297,  559,  346,  397,  776,   99,  375,  588,  221,  373,  643,  509,  128,  297,  440,  705,  667,  775,  474,  109,  682,  247,  380,  538,  475,  691,   69,  683,  588,  205,  222,  272,  477,  140,  738,  838,  407,  439,  442,  404,  116,  414,  475,  204,  253,  317,  344,  182,  370,  542,  221,  745,  225,  334,  282,   63,  583,   81,  198,  789,  469,  226,  156,  200,  489,  464,  447,  415,  664,  502,  516,  801,  382,  326,  791,  307,  362,  668,  415,  401,  769,  479,  744,  379,  501,  165,  197,  422,  482,  796,  205,  514,  189,  289,  650,  237,  680,  475,  396,  400,  513],
        [  679,    0,  179,    0,  511,   59,  659,  411,  493,  114,  671,  180,  621,  856,  358,  418,  117,  595,  371,  650,  310,  266,  696,  683,  535,  423,  325,  662,  324,  171,  616,  576,  401,  574,  175,  679,  318,   79,  399,  876,  299,  337,  202,  621,  349,  279,  774,  599,  500,  650,  403,  599,  185,  497,  434,   84,  503,  325,  147,  672,  530,  268,  615,  306,  753,  652,  392,  694,  391,  541,  413,  591,  667,  454,  333,  119,  549,  324,  541,  730,  198,  513,  483,  379,  542,  642,  442,  181,  364,  355,  697,  809,  698,  623,   86,  615,  423,  523,  440,  386,  744,  195,  601,  686,  375,  186,  384,  374,   40,  864,  956,  575,  583,  325,  581,  288,  273,  316,  379,  345,  244,  506,   33,  233,  403,  370,  721,  294,  249,  363,  240,  711,  220,  354,  717,  532,  172,  322,  364,  564,  286,  623,  320,  727,  564,  368,  923,  212,  498,  915,  178,  187,  653,  321,  577,  727,  392,  670,  423,  338,  295,  372,  598,  476,  909,  271,  686,  307,  200,  794,  416,  751,  651,  218,  253,  417],
        [  956,    0,  333,  511,    0,  520,  452,  842,  278,  398,  986,  341,  563,  708,  280,  330,  497,  269,  146,  140,  726,  605,  759,  498,  922,  478,  639,  886,  806,  470,  251,  112,  171,  595,  351,  455,  590,  434,  417,  670,  410,  828,  389,  788,  831,  674,  584,  483,  326,  220,  677,  858,  359,  802,  152,  430,  585,  199,  433,  246,  421,  327,  345,  254,  427,  173,  286,  873,  650,  801,  833,  155,  618,  181,  717,  626,  744,  587,  321,  983,  366,  244,  873,  237,  186,  801,  765,  409,  449,  721,  866,  516, 1019,  256,  431,  922,   90,  316,  820,  754,  752,  345,  940,  578,  149,  512,  361,  767,  472,  627,  736,  126,  252,  745,  121,  242,  708,  801,  134,  333,  606,  224,  508,  689,  855,  264,  925,  367,  628,  423,  278,  492,  326,  198, 1025,  560,  495,  202,  221,  552,  792,  121,  705,  712,  585,  810,  692,  714,   72,  679,  603,  688,  844,  704,  150,  970,  756,  987,  532,  810,  316,  143,   92,  674,  710,  369,  197,  286,  593,  499,  107,  709,  144,  728,  701,  794],
        [  622,    0,  189,   59,  520,    0,  626,  366,  470,  133,  615,  180,  576,  813,  397,  462,   65,  629,  388,  657,  357,  323,  642,  647,  484,  377,  267,  603,  293,  123,  601,  576,  394,  524,  172,  647,  260,   93,  359,  837,  259,  311,  249,  563,  377,  224,  736,  560,  472,  642,  345,  541,  223,  440,  428,   95,  451,  327,  198,  698,  493,  309,  590,  337,  728,  671,  432,  636,  333,  483,  365,  586,  620,  443,  278,  139,  491,  267,  515,  672,  178,  547,  432,  363,  531,  585,  385,  150,  320,  299,  639,  780,  642,  654,  124,  558,  435,  497,  387,  331,  692,  184,  546,  643,  394,  131,  350,  322,   73,  828,  917,  596,  616,  275,  580,  286,  319,  286,  393,  389,  186,  489,   91,  189,  362,  351,  663,  341,  192,  321,  243,  677,  208,  380,  662,  483,  230,  342,  352,  517,  297,  636,  265,  676,  515,  407,  886,  195,  515,  878,  231,  210,  595,  266,  571,  669,  336,  614,  372,  370,  272,  386,  610,  418,  869,  318,  703,  344,  142,  765,  420,  702,  663,  215,  296,  364],
        [  698,    0,  530,  659,  452,  626,    0,  769,  200,  582,  757,  508,  177,  257,  664,  738,  566,  721,  500,  468,  962,  880,  387,   47,  778,  286,  538,  602,  812,  508,  224,  367,  350,  262,  505,   25,  487,  593,  274,  234,  369,  845,  678,  487, 1002,  625,  136,  103,  169,  298,  518,  611,  626,  614,  338,  586,  313,  427,  685,  679,  138,  656,  111,  599,  158,  585,  687,  556,  494,  573,  749,  324,  213,  298,  639,  765,  483,  477,  144,  700,  465,  689,  746,  318,  268,  489,  609,  479,  324,  623,  544,  163,  788,  705,  627,  700,  472,  158,  699,  645,  346,  478,  743,  146,  516,  522,  276,  677,  631,  208,  310,  571,  704,  691,  360,  430,  929,  813,  483,  708,  568,  236,  679,  696,  804,  312,  615,  713,  590,  313,  479,   53,  455,  568,  781,  258,  756,  533,  346,  217,  915,  519,  632,  302,  257, 1026,  272,  781,  521,  261,  825,  835,  545,  630,  320,  682,  642,  759,  333,  995,  371,  490,  494,  449,  272,  701,  586,  638,  590,  152,  413,  284,  512,  821,  911,  677],
        [  358,    0,  538,  411,  842,  366,  769,    0,  693,  494,  314,  517,  638,  857,  761,  827,  358,  989,  729,  969,  577,  618,  576,  768,  141,  485,  234,  398,  143,  373,  842,  868,  686,  550,  505,  793,  288,  455,  516,  916,  458,  168,  612,  434,  481,  170,  831,  672,  671,  904,  258,  324,  588,  224,  716,  455,  474,  645,  558, 1048,  637,  674,  785,  699,  912, 1007,  797,  464,  278,  296,   24,  864,  655,  714,  135,  371,  372,  296,  716,  417,  478,  909,   99,  631,  793,  453,  188,  435,  463,  146,  475,  930,  331, 1011,  489,  281,  768,  700,   98,  127,  653,  502,  238,  712,  739,  331,  548,   92,  438,  930,  989,  937,  975,   98,  870,  601,  537,  153,  730,  754,  238,  736,  438,  179,   49,  608,  458,  705,  216,  484,  576,  810,  519,  735,  359,  530,  570,  693,  634,  575,  364,  963,  144,  661,  548,  571,  972,  249,  854,  969,  512,  385,  427,  146,  849,  424,  132,  312,  436,  501,  535,  726,  934,  350,  935,  681, 1036,  709,  252,  920,  736,  699,  984,  294,  511,  105],
        [  720,    0,  343,  493,  278,  470,  200,  693,    0,  402,  764,  326,  285,  451,  465,  540,  418,  542,  303,  339,  784,  692,  484,  240,  737,  237,  463,  639,  703,  366,  150,  225,  151,  323,  325,  212,  409,  419,  186,  433,  240,  733,  483,  532,  842,  531,  335,  207,   48,  217,  473,  624,  433,  592,  143,  413,  327,  229,  497,  520,  144,  458,  124,  399,  260,  436,  488,  614,  446,  572,  677,  198,  340,  104,  559,  606,  500,  401,   57,  739,  295,  501,  696,  124,  120,  542,  568,  322,  235,  552,  606,  324,  796,  533,  447,  700,  280,   43,  644,  581,  475,  300,  730,  305,  318,  393,  146,  605,  460,  403,  509,  403,  525,  603,  222,  236,  754,  701,  285,  508,  464,   60,  508,  581,  720,  124,  670,  514,  488,  211,  287,  250,  276,  369,  797,  293,  567,  334,  149,  278,  767,  371,  549,  435,  313,  854,  468,  647,  340,  457,  647,  677,  591,  548,  186,  723,  580,  765,  296,  830,  199,  292,  342,  440,  472,  503,  447,  438,  472,  307,  219,  432,  375,  680,  737,  619],
        [  719,    0,   67,  114,  398,  133,  582,  494,  402,    0,  722,   77,  571,  799,  268,  339,  143,  497,  259,  537,  383,  301,  679,  611,  606,  382,  358,  686,  425,  164,  515,  465,  295,  539,   78,  600,  334,   41,  344,  808,  249,  443,  142,  627,  451,  341,  706,  536,  417,  543,  428,  631,  100,  539,  327,   40,  478,  215,  115,  566,  462,  186,  526,  205,  661,  541,  305,  707,  410,  571,  492,  482,  622,  350,  395,  230,  559,  337,  454,  765,  124,  416,  553,  282,  438,  647,  487,  133,  322,  411,  707,  724,  751,  521,   45,  662,  310,  436,  505,  445,  716,  106,  658,  629,  264,  201,  314,  442,   75,  790,  888,  465,  483,  401,  471,  181,  352,  419,  266,  268,  288,  407,  115,  320,  494,  278,  742,  228,  302,  312,  130,  635,  128,  247,  768,  496,  179,  211,  263,  521,  397,  510,  381,  692,  529,  453,  852,  321,  386,  843,  246,  296,  668,  381,  468,  758,  449,  722,  397,  435,  212,  259,  485,  482,  843,  205,  575,  215,  253,  708,  304,  712,  539,  331,  337,  480],
        [   78,    0,  744,  671,  986,  615,  757,  314,  764,  722,    0,  717,  588,  745,  984, 1060,  581, 1187,  907, 1090,  885,  910,  428,  737,  179,  528,  368,  176,  456,  566,  904,  978,  816,  497,  703,  780,  406,  689,  583,  827,  578,  480,  859,  282,  795,  393,  767,  655,  725,  979,  312,  147,  822,  188,  839,  686,  450,  807,  812, 1220,  655,  907,  815,  911,  914, 1159, 1020,  249,  338,  192,  298,  959,  576,  823,  339,  663,  275,  407,  763,  126,  658, 1114,  216,  751,  882,  289,  236,  619,  541,  317,  265,  901,   33, 1199,  733,   65,  931,  752,  240,  286,  508,  689,   77,  649,  920,  524,  635,  303,  686,  859,  885, 1101, 1171,  361,  977,  767,  843,  466,  902,  989,  436,  820,  702,  459,  356,  725,  209,  949,  424,  568,  761,  783,  696,  934,   47,  502,  841,  886,  766,  540,  677, 1103,  352,  536,  501,  884,  882,  554, 1018,  884,  805,  690,  235,  350,  946,  142,  280,    3,  468,  814,  674,  901, 1073,  324,  833,  925, 1181,  932,  475,  896,  884,  577, 1117,  603,  818,  258],
        [  705,    0,   32,  180,  341,  180,  508,  517,  326,   77,  717,    0,  507,  730,  270,  349,  161,  477,  214,  478,  459,  373,  630,  539,  616,  324,  349,  662,  467,  153,  440,  398,  222,  482,   14,  526,  315,  101,  280,  736,  194,  488,  187,  593,  524,  354,  633,  466,  341,  471,  411,  613,  135,  530,  255,   96,  428,  148,  180,  532,  391,  204,  450,  195,  585,  496,  306,  675,  389,  552,  511,  412,  559,  276,  404,  298,  528,  316,  378,  746,   67,  400,  565,  206,  364,  612,  482,   99,  266,  415,  674,  648,  747,  496,  121,  654,  258,  360,  514,  450,  661,   38,  656,  562,  222,  196,  245,  453,  142,  716,  815,  423,  462,  420,  403,  109,  429,  462,  216,  284,  292,  331,  188,  353,  523,  202,  714,  257,  310,  252,   64,  561,   54,  222,  761,  439,  249,  177,  187,  460,  465,  458,  391,  634,  471,  529,  779,  374,  340,  769,  322,  366,  637,  391,  398,  738,  453,  716,  348,  510,  139,  211,  431,  451,  771,  236,  527,  219,  267,  632,  241,  651,  484,  391,  413,  488],
        [  525,    0,  535,  621,  563,  576,  177,  638,  285,  571,  588,  507,    0,  238,  720,  800,  512,  825,  569,  611,  931,  870,  214,  151,  626,  200,  420,  428,  705,  453,  375,  500,  421,   94,  499,  197,  377,  569,  228,  281,  325,  739,  692,  312,  942,  516,  194,   86,  238,  453,  381,  441,  639,  459,  422,  563,  165,  476,  684,  804,  143,  690,  264,  646,  332,  716,  748,  380,  361,  410,  617,  463,   57,  386,  517,  710,  316,  367,  248,  525,  448,  779,  600,  366,  393,  313,  464,  446,  257,  496,  368,  314,  618,  817,  612,  533,  557,  249,  558,  512,  191,  471,  580,   75,  585,  453,  266,  548,  601,  292,  357,  688,  808,  573,  495,  462,  893,  708,  554,  755,  471,  341,  647,  600,  679,  348,  439,  747,  490,  261,  499,  196,  454,  630,  609,  110,  750,  587,  395,   65,  842,  651,  514,  150,   93,  983,  335,  699,  623,  332,  798,  777,  370,  511,  455,  506,  507,  589,  219,  941,  373,  559,  623,  297,  305,  731,  724,  683,  503,  309,  495,  152,  651,  745,  872,  539],
        [  673,    0,  756,  856,  708,  813,  257,  857,  451,  799,  745,  730,  238,    0,  914,  990,  749,  977,  753,  713, 1166, 1099,  318,  212,  822,  437,  650,  571,  935,  690,  471,  618,  601,  312,  723,  254,  611,  800,  458,   94,  558,  970,  910,  466, 1180,  748,  127,  264,  412,  536,  601,  609,  857,  657,  591,  794,  392,  672,  909,  929,  340,  898,  364,  845,  334,  833,  938,  503,  586,  595,  834,  573,  205,  552,  743,  948,  501,  601,  397,  653,  675,  945,  805,  560,  523,  457,  673,  679,  493,  720,  488,  257,  772,  959,  841,  702,  727,  408,  769,  731,  240,  695,  757,  171,  768,  691,  485,  769,  834,  147,  140,  825,  959,  800,  611,  668, 1129,  939,  735,  955,  706,  491,  881,  834,  900,  548,  557,  955,  724,  494,  712,  219,  676,  819,  755,  342,  977,  781,  589,  301, 1080,  768,  741,  210,  317, 1220,  142,  935,  777,  148, 1031, 1015,  511,  739,  571,  633,  726,  748,  455, 1178,  591,  742,  745,  507,   88,  941,  831,  884,  740,  266,  667,  169,  758,  982, 1108,  754],
        [  975,    0,  241,  358,  280,  397,  664,  761,  465,  268,  984,  270,  720,  914,    0,   82,  410,  241,  166,  401,  477,  346,  876,  705,  873,  567,  617,  930,  681,  419,  506,  388,  314,  718,  283,  674,  584,  307,  511,  896,  447,  694,  166,  856,  607,  609,  799,  658,  502,  494,  680,  882,  175,  798,  329,  307,  677,  245,  225,  336,  583,   92,  572,   78,  682,  348,   37,  940,  659,  821,  759,  427,  776,  368,  662,  449,  795,  585,  520, 1016,  333,  158,  821,  357,  427,  874,  749,  368,  514,  677,  938,  765, 1014,  274,  274,  922,  209,  508,  772,  711,  894,  302,  922,  759,  153,  461,  460,  709,  326,  862,  970,  271,  231,  668,  397,  262,  468,  674,  184,   53,  553,  434,  340,  585,  758,  373,  982,   98,  568,  494,  239,  712,  302,   97, 1029,  676,  261,  134,  327,  686,  599,  347,  648,  862,  707,  564,  928,  566,  224,  916,  375,  495,  903,  649,  417, 1008,  715,  984,  602,  581,  362,  176,  335,  717,  935,  111,  385,   54,  521,  748,  257,  871,  381,  561,  468,  747],
        [ 1052,    0,  318,  418,  330,  462,  738,  827,  540,  339, 1060,  349,  800,  990,   82,    0,  482,  212,  238,  435,  488,  355,  957,  779,  944,  648,  693, 1010,  739,  495,  569,  441,  389,  799,  362,  746,  662,  376,  593,  969,  528,  749,  218,  937,  630,  680,  873,  736,  579,  549,  758,  961,  241,  874,  401,  377,  758,  325,  276,  325,  662,  155,  642,  160,  746,  360,   52, 1020,  737,  900,  826,  482,  856,  440,  733,  497,  875,  664,  594, 1094,  413,  138,  891,  435,  492,  955,  824,  446,  596,  749, 1018,  832, 1089,  252,  338,  998,  272,  582,  844,  783,  975,  381,  996,  837,  223,  536,  541,  780,  390,  933, 1041,  289,  207,  736,  450,  343,  486,  731,  255,   74,  626,  505,  396,  649,  821,  453, 1062,  129,  641,  576,  320,  785,  383,  172, 1104,  757,  295,  214,  406,  767,  637,  373,  720,  942,  788,  576,  998,  620,  264,  986,  405,  535,  984,  720,  475, 1087,  788, 1059,  684,  601,  443,  248,  367,  797, 1008,  150,  396,  130,  592,  814,  326,  951,  407,  609,  490,  819],
        [  581,    0,  181,  117,  497,   65,  566,  358,  418,  143,  581,  161,  512,  749,  410,  482,    0,  633,  374,  631,  421,  382,  580,  586,  464,  313,  220,  555,  310,   60,  555,  542,  358,  460,  149,  587,  205,  109,  297,  775,  198,  334,  279,  508,  437,  199,  674,  498,  416,  600,  295,  495,  243,  399,  391,  106,  388,  299,  237,  692,  432,  328,  536,  343,  674,  656,  447,  582,  280,  436,  353,  548,  556,  401,  252,  201,  436,  211,  460,  628,  137,  553,  411,  319,  489,  529,  346,   99,  256,  268,  584,  722,  609,  654,  154,  521,  417,  442,  362,  302,  629,  152,  515,  579,  383,   71,  292,  300,  113,  767,  855,  583,  619,  262,  546,  256,  383,  305,  377,  411,  146,  442,  147,  193,  363,  303,  612,  369,  159,  259,  222,  617,  174,  378,  626,  419,  280,  336,  311,  453,  351,  616,  239,  612,  451,  471,  824,  232,  501,  816,  293,  270,  542,  239,  533,  623,  306,  580,  308,  432,  223,  371,  588,  362,  806,  345,  686,  357,  111,  707,  393,  638,  641,  262,  360,  338],
        [ 1168,    0,  453,  595,  269,  629,  721,  989,  542,  497, 1187,  477,  825,  977,  241,  212,  633,    0,  283,  307,  699,  566, 1012,  767, 1093,  715,  822, 1111,  918,  629,  514,  365,  410,  849,  491,  723,  782,  537,  654,  936,  619,  932,  406, 1023,  839,  830,  852,  749,  589,  467,  876, 1072,  411,  999,  405,  536,  826,  387,  465,  124,  683,  332,  613,  292,  684,  193,  212, 1108,  852, 1012,  985,  412,  881,  440,  881,  689,  970,  781,  588, 1203,  530,   84, 1041,  474,  454, 1038,  955,  571,  674,  892, 1103,  776, 1219,   45,  510, 1123,  274,  582,  990,  926, 1013,  500, 1131,  845,  269,  673,  598,  930,  561,  891, 1000,  158,   18,  894,  374,  423,  696,  911,  291,  273,  768,  491,  579,  817,  990,  498, 1156,  329,  787,  650,  427,  760,  492,  256, 1230,  810,  498,  302,  449,  808,  838,  237,  867,  975,  838,  787,  955,  805,  203,  942,  611,  735, 1076,  867,  411, 1192,  930, 1187,  763,  811,  522,  291,  249,  895,  976,  347,  224,  289,  742,  759,  334,  974,  265,  801,  699,  964],
        [  886,    0,  199,  371,  146,  388,  500,  729,  303,  259,  907,  214,  569,  753,  166,  238,  374,  283,    0,  285,  582,  463,  741,  542,  822,  437,  545,  829,  679,  359,  343,  239,  152,  579,  226,  509,  503,  298,  378,  732,  336,  698,  245,  742,  686,  564,  636,  502,  343,  339,  596,  790,  213,  720,  164,  295,  549,  105,  288,  320,  429,  188,  406,  116,  517,  284,  187,  827,  571,  730,  722,  271,  626,  203,  612,  485,  688,  501,  357,  921,  255,  218,  771,  204,  263,  758,  677,  298,  393,  620,  823,  600,  939,  293,  290,  843,   57,  345,  719,  654,  751,  228,  853,  602,   17,  403,  322,  662,  333,  697,  805,  210,  266,  632,  247,  141,  563,  673,   19,  214,  499,  268,  367,  566,  737,  225,  874,  235,  519,  370,  154,  548,  215,   69,  949,  539,  350,   57,  176,  543,  650,  252,  599,  715,  568,  665,  762,  579,  128,  750,  458,  545,  794,  598,  260,  910,  657,  907,  482,  665,  240,   11,  229,  612,  771,  232,  316,  153,  478,  582,   92,  720,  282,  589,  555,  693],
        [ 1052,    0,  472,  650,  140,  657,  468,  969,  339,  537, 1090,  478,  611,  713,  401,  435,  631,  307,  285,    0,  862,  738,  819,  514, 1039,  567,  756,  975,  940,  599,  245,  115,  284,  661,  487,  463,  705,  573,  509,  658,  522,  963,  526,  870,  970,  799,  586,  526,  385,  178,  786,  955,  498,  910,  256,  569,  665,  332,  572,  224,  478,  460,  358,  388,  395,  126,  398,  953,  758,  900,  957,  148,  662,  267,  840,  766,  835,  700,  364, 1074,  497,  319,  993,  344,  221,  881,  878,  539,  549,  841,  945,  487, 1123,  274,  571, 1026,  230,  366,  939,  874,  800,  479, 1049,  609,  286,  640,  456,  890,  611,  608,  714,  155,  293,  872,  118,  375,  845,  936,  274,  453,  731,  280,  648,  821,  984,  369, 1008,  494,  754,  523,  414,  496,  458,  330, 1126,  631,  631,  341,  336,  614,  932,   70,  828,  757,  651,  946,  669,  851,  178,  655,  741,  828,  928,  827,  156, 1060,  875, 1090,  625,  949,  435,  282,   68,  770,  698,  499,  119,  416,  722,  471,  238,  746,   47,  867,  839,  913],
        [  914,    0,  442,  310,  726,  357,  962,  577,  784,  383,  885,  459,  931, 1166,  477,  488,  421,  699,  582,  862,    0,  134,  994,  989,  718,  732,  596,  920,  440,  479,  890,  817,  667,  881,  460,  981,  606,  370,  708, 1184,  608,  426,  337,  902,  161,  519, 1081,  908,  798,  908,  675,  850,  373,  740,  697,  377,  808,  581,  299,  808,  837,  403,  908,  474, 1042,  824,  495,  965,  670,  799,  590,  843,  976,  725,  563,  238,  828,  614,  836,  971,  498,  622,  672,  663,  810,  924,  685,  489,  674,  592,  971, 1106,  905,  739,  338,  840,  638,  818,  646,  614, 1048,  486,  809,  995,  578,  487,  689,  587,  334, 1169, 1264,  746,  694,  528,  824,  556,   43,  429,  596,  432,  514,  786,  286,  433,  544,  660,  982,  379,  509,  672,  503, 1015,  510,  532,  931,  840,  232,  525,  642,  873,  233,  816,  554, 1033,  872,   89, 1230,  331,  687, 1221,  138,  196,  924,  556,  830,  972,  621,  883,  729,  128,  592,  586,  799,  762, 1217,  368,  861,  449,  469, 1090,  655, 1059,  849,  284,   69,  632],
        [  929,    0,  351,  266,  605,  323,  880,  618,  692,  301,  910,  373,  870, 1099,  346,  355,  382,  566,  463,  738,  134,    0,  960,  911,  756,  677,  586,  921,  493,  432,  786,  701,  563,  832,  378,  897,  583,  302,  643, 1108,  546,  488,  220,  886,  283,  524, 1006,  837,  713,  797,  665,  855,  264,  749,  592,  308,  765,  476,  196,  676,  763,  279,  815,  351,  946,  694,  363,  957,  654,  799,  627,  730,  919,  623,  575,  249,  813,  589,  747,  982,  425,  489,  706,  569,  705,  907,  693,  425,  617,  601,  960, 1016,  934,  606,  259,  859,  519,  730,  672,  628, 1006,  406,  837,  930,  457,  452,  615,  608,  275, 1088, 1188,  616,  561,  551,  708,  458,  137,  482,  479,  300,  503,  686,  235,  452,  594,  571,  981,  249,  504,  610,  406,  933,  427,  408,  957,  789,  126,  407,  545,  818,  321,  689,  564,  986,  822,  222, 1151,  371,  561, 1141,  107,  243,  916,  565,  718,  981,  635,  909,  683,  252,  512,  469,  674,  741, 1144,  240,  731,  323,  457,  999,  542, 1007,  723,  336,  148,  653],
        [  355,    0,  661,  696,  759,  642,  387,  576,  484,  679,  428,  630,  214,  318,  876,  957,  580, 1012,  741,  819,  994,  960,    0,  353,  518,  310,  411,  253,  679,  529,  588,  706,  602,  164,  619,  405,  391,  665,  366,  402,  437,  713,  815,  153,  971,  506,  355,  300,  437,  666,  341,  295,  764,  359,  610,  659,  203,  640,  793, 1003,  342,  829,  478,  799,  537,  920,  908,  187,  336,  290,  552,  672,  175,  578,  484,  759,  204,  382,  456,  338,  564,  958,  509,  540,  599,  141,  388,  546,  365,  456,  173,  501,  454, 1009,  712,  387,  739,  453,  481,  457,   82,  593,  443,  249,  757,  511,  420,  496,  687,  438,  457,  884,  994,  540,  702,  615,  954,  684,  728,  903,  486,  543,  727,  599,  623,  517,  244,  884,  497,  383,  640,  394,  583,  794,  438,  203,  851,  747,  566,  207,  858,  855,  486,  110,  175, 1030,  456,  710,  813,  459,  872,  817,  194,  484,  663,  319,  451,  430,  283,  976,  515,  732,  826,  243,  406,  865,  930,  832,  530,  500,  679,  150,  857,  762,  929,  471],
        [  675,    0,  562,  683,  498,  647,   47,  768,  240,  611,  737,  539,  151,  212,  705,  779,  586,  767,  542,  514,  989,  911,  353,    0,  768,  292,  540,  578,  819,  526,  270,  413,  391,  241,  534,   55,  491,  619,  290,  198,  388,  852,  712,  462, 1022,  631,   96,   97,  205,  343,  513,  591,  659,  603,  380,  613,  302,  466,  717,  725,  154,  694,  158,  638,  185,  631,  728,  528,  491,  557,  747,  370,  178,  341,  640,  785,  465,  481,  186,  674,  491,  734,  739,  355,  314,  463,  602,  503,  337,  623,  515,  167,  768,  751,  655,  682,  516,  198,  693,  642,  307,  506,  727,  106,  558,  538,  300,  676,  656,  182,  277,  617,  749,  694,  406,  466,  955,  820,  525,  747,  576,  280,  705,  705,  805,  346,  587,  750,  598,  329,  513,   46,  485,  609,  759,  245,  787,  573,  384,  202,  931,  566,  635,  262,  238, 1050,  241,  795,  566,  233,  852,  855,  519,  632,  366,  655,  639,  739,  333, 1016,  400,  532,  540,  438,  235,  738,  632,  677,  601,  160,  456,  241,  558,  837,  935,  673],
        [  235,    0,  640,  535,  922,  484,  778,  141,  737,  606,  179,  616,  626,  822,  873,  944,  464, 1093,  822, 1039,  718,  756,  518,  768,    0,  510,  284,  299,  282,  465,  885,  933,  757,  533,  603,  802,  335,  568,  553,  893,  518,  304,  733,  367,  620,  265,  818,  676,  707,  953,  266,  232,  703,  168,  784,  567,  466,  730,  681, 1142,  656,  790,  813,  806,  929, 1092,  910,  372,  293,  229,  130,  922,  630,  776,  213,  508,  322,  341,  750,  294,  567, 1015,   53,  696,  847,  382,  171,  525,  503,  203,  386,  934,  192, 1111,  607,  161,  855,  736,  103,  169,  599,  595,  107,  696,  833,  421,  595,  165,  557,  915,  960, 1026, 1078,  211,  934,  687,  677,  292,  820,  871,  325,  787,  564,  308,  180,  672,  352,  825,  307,  528,  670,  813,  608,  837,  221,  524,  700,  792,  705,  568,  503, 1042,  226,  616,  534,  711,  949,  389,  942,  948,  649,  525,  342,  226,  908,  304,  167,  177,  453,  640,  607,  817, 1012,  331,  906,  801, 1118,  820,  353,  926,  816,  657, 1060,  435,  652,  130],
        [  486,    0,  355,  423,  478,  377,  286,  485,  237,  382,  528,  324,  200,  437,  567,  648,  313,  715,  437,  567,  732,  677,  310,  292,  510,    0,  253,  410,  527,  255,  380,  454,  310,  158,  314,  310,  201,  375,   62,  469,  133,  561,  511,  311,  745,  340,  371,  197,  200,  452,  244,  389,  459,  357,  326,  369,  112,  334,  496,  722,  152,  521,  305,  489,  427,  648,  599,  396,  218,  336,  467,  432,  244,  303,  354,  512,  268,  192,  241,  508,  260,  655,  472,  244,  355,  325,  339,  252,   61,  340,  390,  449,  560,  717,  420,  464,  443,  228,  422,  364,  337,  287,  495,  268,  453,  255,  119,  394,  405,  468,  548,  601,  698,  405,  452,  307,  695,  528,  426,  594,  284,  293,  450,  414,  519,  219,  447,  577,  306,   74,  331,  331,  276,  486,  562,  115,  559,  439,  267,  142,  647,  588,  347,  311,  148,  784,  520,  506,  523,  515,  600,  579,  367,  345,  420,  494,  362,  528,   60,  742,  206,  428,  558,  204,  497,  558,  666,  523,  311,  438,  386,  331,  598,  550,  673,  399],
        [  362,    0,  377,  325,  639,  267,  538,  234,  463,  358,  368,  349,  420,  650,  617,  693,  220,  822,  545,  756,  596,  586,  411,  540,  284,  253,    0,  337,  286,  199,  612,  650,  473,  339,  336,  562,   55,  327,  283,  700,  235,  320,  498,  306,  561,   99,  609,  444,  438,  676,   80,  276,  458,  182,  501,  324,  259,  449,  456,  863,  404,  541,  552,  544,  679,  809,  653,  372,   76,  217,  217,  641,  446,  494,  102,  358,  232,   63,  483,  409,  293,  747,  238,  413,  568,  328,  133,  252,  230,   90,  376,  700,  398,  837,  373,  306,  575,  467,  184,  120,  476,  323,  309,  494,  558,  158,  318,  144,  331,  708,  776,  746,  807,  155,  651,  407,  555,  289,  542,  624,   84,  509,  357,  190,  267,  389,  397,  585,   88,  252,  396,  581,  332,  568,  412,  311,  496,  520,  421,  356,  448,  759,   95,  473,  335,  624,  755,  300,  662,  751,  486,  410,  331,   93,  627,  404,  120,  368,  207,  567,  324,  540,  729,  170,  723,  562,  835,  564,  130,  689,  533,  507,  777,  351,  529,  158],
        [  103,    0,  693,  662,  886,  603,  602,  398,  639,  686,  176,  662,  428,  571,  930, 1010,  555, 1111,  829,  975,  920,  921,  253,  578,  299,  410,  337,    0,  529,  523,  770,  861,  717,  342,  649,  624,  353,  659,  470,  654,  493,  559,  828,  116,  858,  403,  599,  502,  596,  847,  260,   74,  784,  184,  735,  655,  313,  725,  790, 1128,  516,  863,  672,  854,  759, 1057,  966,   76,  277,  123,  376,  837,  409,  713,  359,  685,  143,  350,  629,  100,  598, 1044,  309,  650,  759,  117,  237,  565,  440,  330,   91,  738,  201, 1117,  707,  145,  844,  620,  302,  312,  333,  629,  205,  484,  843,  488,  526,  345,  667,  688,  710, 1007, 1094,  402,  859,  689,  878,  537,  820,  945,  419,  698,  694,  490,  446,  624,   63,  912,  418,  465,  695,  622,  630,  866,  186,  356,  832,  818,  670,  388,  739,  998,  368,  362,  348,  936,  708,  599,  927,  711,  820,  727,   61,  365,  825,   85,  305,  179,  355,  871,  589,  821,  967,  217,  658,  889, 1075,  880,  465,  734,  790,  402, 1007,  651,  852,  305],
        [  497,    0,  481,  324,  806,  293,  812,  143,  703,  425,  456,  467,  705,  935,  681,  739,  310,  918,  679,  940,  440,  493,  679,  819,  282,  527,  286,  529,    0,  347,  848,  850,  665,  624,  456,  835,  330,  385,  542,  985,  463,   35,  522,  548,  339,  189,  892,  723,  689,  901,  341,  455,  508,  347,  697,  387,  544,  609,  464,  991,  675,  591,  809,  627,  943,  962,  715,  589,  352,  417,  160,  853,  730,  704,  196,  253,  480,  340,  735,  557,  445,  836,  241,  620,  789,  569,  300,  404,  490,  223,  599,  974,  473,  945,  409,  421,  724,  718,  229,  225,  751,  462,  380,  779,  685,  312,  561,  187,  357,  991, 1061,  887,  906,  139,  853,  566,  400,   11,  683,  665,  245,  737,  344,  123,  105,  601,  590,  612,  222,  506,  530,  858,  483,  672,  501,  596,  462,  635,  616,  640,  222,  924,  196,  752,  620,  429, 1039,  124,  806, 1035,  388,  253,  550,  198,  838,  562,  232,  454,  489,  359,  522,  677,  897,  440, 1008,  590,  993,  630,  231,  962,  702,  788,  950,  159,  375,  225],
        [  558,    0,  179,  171,  470,  123,  508,  373,  366,  164,  566,  153,  453,  690,  419,  495,   60,  629,  359,  599,  479,  432,  529,  526,  465,  255,  199,  523,  347,    0,  506,  504,  319,  403,  139,  529,  170,  140,  238,  715,  139,  374,  306,  466,  496,  206,  614,  438,  361,  555,  266,  468,  262,  380,  352,  135,  334,  272,  272,  678,  373,  344,  481,  346,  618,  634,  455,  544,  247,  408,  365,  507,  498,  358,  254,  260,  397,  174,  405,  602,  105,  552,  414,  274,  443,  487,  331,   62,  197,  263,  545,  664,  596,  646,  188,  504,  395,  387,  362,  298,  575,  131,  505,  520,  369,   45,  235,  304,  158,  707,  795,  565,  614,  276,  507,  228,  441,  344,  358,  426,  141,  394,  199,  225,  386,  256,  578,  390,  161,  199,  205,  559,  146,  373,  610,  362,  323,  327,  270,  395,  408,  590,  241,  557,  394,  530,  765,  282,  481,  757,  348,  329,  505,  240,  492,  596,  301,  565,  253,  491,  176,  354,  562,  320,  746,  367,  663,  366,  123,  650,  364,  581,  613,  317,  419,  336],
        [  857,    0,  450,  616,  251,  601,  224,  842,  150,  515,  904,  440,  375,  471,  506,  569,  555,  514,  343,  245,  890,  786,  588,  270,  885,  380,  612,  770,  848,  506,    0,  150,  224,  438,  442,  219,  558,  539,  333,  424,  388,  877,  568,  659,  964,  679,  344,  289,  180,   79,  620,  762,  522,  737,  194,  533,  459,  310,  593,  459,  256,  525,  115,  456,  178,  364,  521,  738,  593,  713,  826,  104,  423,  165,  708,  733,  635,  550,  142,  870,  424,  495,  844,  239,   82,  666,  716,  456,  384,  701,  728,  266,  937,  493,  558,  842,  299,  153,  792,  730,  561,  422,  874,  366,  355,  537,  295,  754,  580,  378,  487,  359,  497,  751,  142,  335,  863,  846,  325,  556,  612,  113,  627,  726,  868,  252,  795,  576,  636,  360,  388,  253,  397,  411,  936,  415,  663,  390,  253,  390,  897,  298,  698,  517,  429,  965,  442,  786,  322,  429,  755,  803,  718,  696,  104,  854,  729,  905,  439,  949,  332,  334,  275,  581,  464,  570,  363,  494,  617,  249,  252,  504,  289,  815,  850,  767],
        [  939,    0,  398,  576,  112,  576,  367,  868,  225,  465,  978,  398,  500,  618,  388,  441,  542,  365,  239,  115,  817,  701,  706,  413,  933,  454,  650,  861,  850,  504,  150,    0,  186,  547,  405,  365,  598,  497,  396,  573,  416,  875,  482,  756,  911,  700,  492,  416,  271,  109,  676,  842,  445,  799,  154,  493,  551,  252,  520,  312,  364,  426,  256,  353,  320,  219,  396,  838,  649,  788,  856,   47,  552,  157,  738,  694,  720,  593,  252,  960,  406,  352,  887,  238,  108,  766,  769,  446,  438,  737,  830,  411, 1011,  344,  504,  914,  185,  253,  834,  769,  689,  393,  938,  503,  246,  543,  344,  787,  537,  527,  635,  210,  349,  772,    9,  290,  796,  846,  223,  440,  631,  165,  579,  729,  887,  262,  894,  471,  654,  412,  337,  400,  370,  300, 1013,  517,  585,  294,  235,  501,  861,  154,  726,  647,  537,  898,  590,  769,  181,  577,  689,  760,  814,  725,   47,  946,  769,  978,  512,  893,  334,  233,  128,  656,  613,  470,  225,  388,  626,  394,  164,  639,  152,  789,  786,  808],
        [  785,    0,  229,  401,  171,  394,  350,  686,  151,  295,  816,  222,  421,  601,  314,  389,  358,  410,  152,  284,  667,  563,  602,  391,  757,  310,  473,  717,  665,  319,  224,  186,    0,  439,  227,  361,  423,  322,  249,  583,  241,  690,  347,  621,  745,  516,  485,  351,  191,  250,  507,  687,  300,  632,   34,  317,  419,   88,  370,  412,  279,  312,  262,  250,  385,  343,  338,  706,  480,  630,  674,  192,  477,   61,  557,  519,  574,  419,  207,  813,  222,  359,  709,   67,  145,  635,  597,  261,  278,  558,  700,  461,  849,  408,  337,  752,  138,  194,  656,  591,  605,  211,  770,  451,  168,  358,  192,  606,  363,  551,  658,  291,  393,  589,  189,  114,  641,  661,  136,  358,  448,  126,  408,  544,  703,   93,  757,  367,  471,  252,  166,  399,  187,  218,  855,  401,  440,  184,   52,  399,  686,  288,  545,  568,  428,  743,  616,  586,  214,  605,  533,  587,  676,  544,  177,  800,  592,  817,  363,  729,  151,  142,  258,  503,  622,  358,  365,  289,  441,  444,   77,  571,  304,  609,  628,  630],
        [  437,    0,  512,  574,  595,  524,  262,  550,  323,  539,  497,  482,   94,  312,  718,  799,  460,  849,  579,  661,  881,  832,  164,  241,  533,  158,  339,  342,  624,  403,  438,  547,  439,    0,  472,  284,  301,  531,  208,  367,  290,  659,  669,  227,  879,  437,  285,  161,  276,  516,  293,  350,  616,  366,  447,  525,   81,  479,  654,  840,  184,  677,  334,  642,  419,  758,  749,  301,  275,  317,  528,  515,  107,  415,  433,  653,  224,  291,  300,  441,  418,  795,  509,  377,  440,  231,  372,  408,  218,  410,  291,  406,  528,  845,  576,  441,  576,  295,  467,  424,  179,  445,  487,  164,  595,  395,  259,  460,  558,  383,  440,  721,  831,  489,  543,  457,  842,  628,  566,  748,  398,  383,  602,  524,  592,  354,  360,  733,  415,  231,  486,  287,  433,  634,  520,   44,  716,  588,  403,   48,  774,  694,  430,  155,   12,  927,  422,  628,  650,  420,  751,  716,  286,  428,  506,  423,  419,  498,  153,  880,  359,  569,  665,  205,  387,  715,  770,  676,  435,  401,  515,  179,  698,  676,  819,  449],
