{
    "name": "random-3-31349",
    "comment": "size=3 seed=31349",
    "nodes": ["+0", "-0", "+1", "-1", "+2", "-2", "+3", "-3"],
    "precedence": {
        "+0": "-0",
        "+1": "-1",
        "+2": "-2",
        "+3": "-3"
    },
    "edges": [
        [    0,    0,  863,  551,  534,  357,  902,  229],
        [    0,    0,  863,  551,  534,  357,  902,  229],
        [  863,  863,    0,  343,  329,  531,   42, 1079],
        [  551,  551,  343,    0,  116,  198,  384,  753],
        [  534,  534,  329,  116,    0,  220,  368,  752],
        [  357,  357,  531,  198,  220,    0,  572,  556],
        [  902,  902,   42,  384,  368,  572,    0, 1119],
        [  229,  229, 1079,  753,  752,  556, 1119,    0]
    ]
}
