{
    "name": "random-84-31357",
    "comment": "size=84 seed=31357",
    "nodes": ["+0", "-0", "+1", "-1", "+2", "-2", "+3", "-3", "+4", "-4", "+5", "-5", "+6", "-6", "+7", "-7", "+8", "-8", "+9", "-9", "+10", "-10", "+11", "-11", "+12", "-12", "+13", "-13", "+14", "-14", "+15", "-15", "+16", "-16", "+17", "-17", "+18", "-18", "+19", "-19", "+20", "-20", "+21", "-21", "+22", "-22", "+23", "-23", "+24", "-24", "+25", "-25", "+26", "-26", "+27", "-27", "+28", "-28", "+29", "-29", "+30", "-30", "+31", "-31", "+32", "-32", "+33", "-33", "+34", "-34", "+35", "-35", "+36", "-36", "+37", "-37", "+38", "-38", "+39", "-39", "+40", "-40", "+41", "-41", "+42", "-42", "+43", "-43", "+44", "-44", "+45", "-45", "+46", "-46", "+47", "-47", "+48", "-48", "+49", "-49", "+50", "-50", "+51", "-51", "+52", "-52", "+53", "-53", "+54", "-54", "+55", "-55", "+56", "-56", "+57", "-57", "+58", "-58", "+59", "-59", "+60", "-60", "+61", "-61", "+62", "-62", "+63", "-63", "+64", "-64", "+65", "-65", "+66", "-66", "+67", "-67", "+68", "-68", "+69", "-69", "+70", "-70", "+71", "-71", "+72", "-72", "+73", "-73", "+74", "-74", "+75", "-75", "+76", "-76", "+77", "-77", "+78", "-78", "+79", "-79", "+80", "-80", "+81", "-81", "+82", "-82", "+83", "-83", "+84", "-84"],
    "precedence": {
        "+0": "-0",
        "+1": "-1",
        "+2": "-2",
        "+3": "-3",
        "+4": "-4",
        "+5": "-5",
        "+6": "-6",
        "+7": "-7",
        "+8": "-8",
        "+9": "-9",
        "+10": "-10",
        "+11": "-11",
        "+12": "-12",
        "+13": "-13",
        "+14": "-14",
        "+15": "-15",
        "+16": "-16",
        "+17": "-17",
        "+18": "-18",
        "+19": "-19",
        "+20": "-20",
        "+21": "-21",
        "+22": "-22",
        "+23": "-23",
        "+24": "-24",
        "+25": "-25",
        "+26": "-26",
        "+27": "-27",
        "+28": "-28",
        "+29": "-29",
        "+30": "-30",
        "+31": "-31",
        "+32": "-32",
        "+33": "-33",
        "+34": "-34",
        "+35": "-35",
        "+36": "-36",
        "+37": "-37",
        "+38": "-38",
        "+39": "-39",
        "+40": "-40",
        "+41": "-41",
        "+42": "-42",
        "+43": "-43",
        "+44": "-44",
        "+45": "-45",
        "+46": "-46",
        "+47": "-47",
        "+48": "-48",
        "+49": "-49",
        "+50": "-50",
        "+51": "-51",
        "+52": "-52",
        "+53": "-53",
        "+54": "-54",
        "+55": "-55",
        "+56": "-56",
        "+57": "-57",
        "+58": "-58",
        "+59": "-59",
        "+60": "-60",
        "+61": "-61",
        "+62": "-62",
        "+63": "-63",
        "+64": "-64",
        "+65": "-65",
        "+66": "-66",
        "+67": "-67",
        "+68": "-68",
        "+69": "-69",
        "+70": "-70",
        "+71": "-71",
        "+72": "-72",
        "+73": "-73",
        "+74": "-74",
        "+75": "-75",
        "+76": "-76",
        "+77": "-77",
        "+78": "-78",
        "+79": "-79",
        "+80": "-80",
        "+81": "-81",
        "+82": "-82",
        "+83": "-83",
        "+84": "-84"
    },
    "edges": [
        [    0,    0,  806,  790,  569,  923,  314,  896,  625,  847,  516,  270,  320,  511,  995,  569,  529,  901,  866,   92,  494,  234,  528, 1016,  703,  281,  340,  289,  271,  151,  489,  613,  528,  550,  460,  684,  488,  509,  104,  771,  906, 1076,  912,  404,   73,  244,  681,  613,  676,  433,  243,  448,  430,  241,  698,  428,  546,   78,  852,  584,  962,  368,  395,  648,  485,  200,  218,  153,  728, 1050,  477,  714,  894,  599,  272,  323,  523,  510,  606,  695,  557,  238,  733,  462,  382,  498,  681,  811,  669,  207,  232,  363,  191,  143,  913,  644, 1008,  658,  630,  294,  680,  342,  645,  780,  590,  174,  370,   48,  560,  537,  943,  511,  345,  346,  305,  554,  255,  196,  983,  654,   94,  268,  648,  375,  736,  673,  288,  134,  657,  655,  430,  526,  482,  164,  325,  257,  707,  812,  321,  460,  679,  209,  137,  613,  407,  338,  850,  854,  588,  716,  589,  749,  605,  718,  909,  859,  693,  665,  570,  712,  224,  222,  806,  683,  534,  125,  100,  466,  861,  238],
        [    0,    0,    0,    0,    0,    0,    0,    0,    0,    0,    0,    0,    0,    0,    0,    0,    0,    0,    0,    0,    0,    0,    0,    0,    0,    0,    0,    0,    0,    0,    0,    0,    0,    0,    0,    0,    0,    0,    0,    0,    0,    0,    0,    0,    0,    0,    0,    0,    0,    0,    0,    0,    0,    0,    0,    0,    0,    0,    0,    0,    0,    0,    0,    0,    0,    0,    0,    0,    0,    0,    0,    0,    0,    0,    0,    0,    0,    0,    0,    0,    0,    0,    0,    0,    0,    0,    0,    0,    0,    0,    0,    0,    0,    0,    0,    0,    0,    0,    0,    0,    0,    0,    0,    0,    0,    0,    0,    0,    0,    0,    0,    0,    0,    0,    0,    0,    0,    0,    0,    0,    0,    0,    0,    0,    0,    0,    0,    0,    0,    0,    0,    0,    0,    0,    0,    0,    0,    0,    0,    0,    0,    0,    0,    0,    0,    0,    0,    0,    0,    0,    0,    0,    0,    0,    0,    0,    0,    0,    0,    0,    0,    0,    0,    0,    0,    0,    0,    0,    0,    0],
        [  806,    0,    0,  309,  532,  235,  504,  150,  280,  488,  637,  673,  813,  883,  445,  252,  288,  408,  218,  745,  320,  598,  294,  391,  467,  529,  656,  987,  723,  690,  614,  243,  863,  577,  711,  522,  321,  403,  775,  381,  249,  400,  404,  403,  877,  624,  615,  661,  495,  807,  675,  843,  520,  854,  477,  669,  397,  874,  144,  223,  276,  647,  652,  160,  553,  661,  597,  818,  381,  367,  515,  607,   88,  702,  817,  729,  375,  337,  538,  441,  871,  574,  487,  706,  594,  481,  392,  221,  604,  938,  611,  772,  934,  806,  117,  508,  303,  779,  186,  673,  701,  467,  217,  540,  274,  891,  670,  844,  583,  530,  527,  300,  462,  557,  666,  269,  642,  715,  390,  341,  856,  661,  273,  435,  267,  262,  630,  687,  576,  513,  461,  663,  800,  735,  801,  622,  557,  499,  531,  347,  640,  907,  796,  807,  666,  479,  480,  272,  289,  510,  560,  506,  719,  547,  136,  475,  461,  480,  238,  641,  641,  795,  157,  761,  593,  681,  830,  641,  534,  580],
        [  790,    0,  309,    0,  738,  542,  484,  234,  503,  776,  819,  570,  912, 1033,  753,  283,  315,  711,  137,  707,  428,  648,  429,  698,  189,  560,  524,  882,  610,  645,  788,  217, 1022,  360,  869,  766,  412,  577,  799,  661,  557,  698,  136,  437,  861,  691,  850,  872,  228,  944,  750,  980,  668,  919,  730,  819,  249,  867,  452,  341,  580,  775,  790,  326,  727,  601,  576,  858,  649,  666,  352,  852,  336,  904,  899,  837,  268,  294,  299,  170, 1037,  605,  198,  864,  726,  319,  140,  521,  837,  858,  560,  618,  860,  736,  308,  255,  601,  988,  366,  559,  926,  474,  440,  809,  469,  814,  798,  836,  360,  725,  234,  344,  493,  458,  768,  418,  558,  636,  698,  583,  865,  747,  509,  442,  543,  511,  532,  656,  313,  749,  598,  449,  954,  781,  903,  547,  805,  192,  469,  405,  873,  819,  831, 1000,  808,  464,  769,   83,  487,  227,  326,  212,  921,  263,  430,  169,  189,  722,  318,  882,  701,  695,  459,  979,  382,  673,  776,  805,  226,  554],
        [  569,    0,  532,  738,    0,  495,  457,  679,  253,  291,  118,  641,  377,  371,  471,  465,  446,  377,  718,  572,  326,  353,  313,  520,  793,  375,  680,  849,  686,  556,  111,  530,  344,  769,  210,  116,  347,  166,  480,  254,  466,  596,  870,  385,  617,  328,  135,  134,  795,  316,  331,  348,  148,  461,  141,  190,  618,  598,  475,  398,  519,  219,  201,  420,   84,  568,  476,  481,  216,  580,  665,  158,  601,  171,  407,  302,  571,  505,  779,  770,  347,  383,  826,  204,  189,  651,  725,  385,  120,  770,  532,  783,  757,  663,  643,  783,  563,  252,  380,  659,  192,  414,  319,  213,  274,  730,  230,  580,  780,   32,  968,  419,  377,  589,  277,  321,  597,  624,  480,  199,  557,  306,  260,  419,  298,  273,  613,  529,  839,   89,  191,  815,  291,  416,  362,  576,  140,  881,  526,  375,  148,  762,  472,  276,  202,  449,  296,  750,  255,  831,  783,  849,  189,  858,  552,  891,  782,  108,  424,  171,  347,  708,  424,  242,  770,  487,  650,  146,  931,  481],
        [  923,    0,  235,  542,  495,    0,  655,  342,  302,  326,  612,  846,  847,  865,  219,  440,  465,  214,  436,  881,  438,  694,  401,  157,  700,  646,  843, 1145,  898,  834,  601,  455,  838,  797,  703,  435,  450,  435,  868,  259,   33,  173,  626,  543,  990,  703,  527,  599,  727,  808,  741,  841,  549,  911,  386,  673,  612,  980,   97,  377,   45,  675,  669,  321,  549,  816,  736,  898,  286,  141,  723,  506,  223,  647,  864,  763,  582,  530,  764,  675,  838,  686,  722,  697,  625,  692,  625,  117,  521, 1085,  766,  962, 1078,  955,  267,  738,   87,  708,  316,  851,  617,  609,  280,  410,  334, 1039,  694,  954,  804,  508,  752,  464,  591,  739,  712,  376,  809,  874,  160,  306,  953,  721,  281,  584,  205,  257,  804,  823,  806,  439,  512,  880,  785,  817,  833,  788,  459,  733,  699,  488,  554, 1060,  879,  753,  678,  632,  316,  497,  337,  744,  784,  741,  662,  781,  123,  707,  694,  406,  408,  542,  723,  960,  123,  680,  811,  804,  968,  634,  767,  725],
        [  314,    0,  504,  484,  457,  655,    0,  584,  384,  670,  473,  202,  456,  613,  773,  258,  219,  686,  553,  244,  220,  184,  258,  772,  433,  101,  226,  492,  253,  187,  438,  299,  612,  337,  478,  550,  206,  319,  315,  567,  643,  821,  612,  112,  386,  234,  591,  561,  416,  519,  292,  551,  318,  443,  542,  426,  253,  389,  572,  287,  697,  364,  389,  351,  395,  162,   97,  375,  529,  791,  235,  613,  590,  572,  432,  395,  220,  197,  368,  418,  635,  133,  466,  475,  333,  237,  392,  553,  576,  437,  112,  338,  432,  304,  605,  391,  741,  654,  342,  214,  631,   49,  380,  636,  337,  390,  383,  358,  349,  428,  663,  205,   82,  133,  330,  281,  160,  220,  746,  442,  382,  297,  407,   71,  496,  430,  165,  186,  429,  521,  267,  366,  547,  303,  450,  138,  585,  540,   70,  167,  601,  408,  349,  637,  408,   25,  669,  543,  343,  457,  363,  486,  585,  471,  618,  577,  422,  514,  266,  627,  236,  307,  533,  662,  332,  192,  327,  437,  592,   78],
        [  896,    0,  150,  234,  679,  342,  584,    0,  426,  630,  781,  725,  940, 1023,  561,  328,  368,  540,  102,  826,  436,  707,  417,  494,  420,  629,  695, 1044,  772,  767,  756,  289, 1004,  571,  852,  671,  431,  542,  879,  527,  365,  481,  288,  498,  968,  739,  764,  809,  456,  944,  793,  979,  655,  972,  627,  807,  414,  968,  269,  332,  374,  780,  788,  279,  694,  731,  680,  928,  530,  450,  533,  756,  120,  849,  940,  857,  408,  394,  517,  398, 1014,  676,  431,  846,  727,  498,  357,  361,  753, 1005,  683,  802, 1004,  875,   80,  478,  386,  928,  314,  720,  850,  555,  361,  687,  413,  959,  803,  938,  573,  675,  415,  389,  559,  607,  792,  394,  701,  779,  502,  490,  956,  782,  420,  522,  416,  411,  683,  769,  541,  662,  592,  661,  940,  845,  929,  685,  707,  419,  595,  447,  790,  970,  904,  954,  802,  560,  622,  166,  430,  459,  543,  446,  867,  496,  221,  381,  417,  630,  334,  790,  754,  851,  298,  910,  590,  772,  906,  782,  443,  661],
        [  625,    0,  280,  503,  253,  302,  384,  426,    0,  308,  358,  586,  556,  606,  389,  259,  258,  303,  468,  590,  169,  394,  133,  394,  592,  355,  599,  863,  637,  549,  336,  314,  585,  618,  435,  264,  189,  137,  567,  194,  282,  452,  630,  275,  691,  402,  349,  384,  603,  535,  440,  570,  256,  613,  228,  396,  440,  680,  248,  179,  339,  384,  385,  178,  276,  539,  452,  596,  165,  425,  522,  349,  353,  424,  569,  471,  397,  329,  608,  566,  592,  390,  622,  430,  333,  498,  517,  187,  337,  798,  491,  716,  789,  670,  393,  599,  386,  503,  138,  596,  430,  336,   67,  313,   51,  752,  406,  654,  627,  251,  736,  240,  310,  494,  415,  120,  544,  599,  365,   83,  652,  421,   24,  319,  114,   48,  547,  534,  663,  248,  212,  684,  523,  515,  543,  522,  303,  665,  442,  231,  373,  776,  577,  528,  396,  365,  305,  505,   42,  634,  620,  645,  441,  665,  321,  665,  582,  219,  214,  380,  421,  687,  197,  488,  625,  510,  677,  365,  712,  445],
        [  847,    0,  488,  776,  291,  326,  670,  630,  308,    0,  391,  870,  664,  620,  199,  564,  565,  124,  704,  837,  471,  619,  438,  272,  890,  614,  893, 1116,  919,  809,  397,  612,  588,  925,  486,  181,  492,  356,  764,  118,  294,  352,  888,  569,  900,  604,  246,  336,  905,  589,  617,  615,  418,  752,  151,  477,  747,  883,  365,  483,  326,  510,  492,  463,  373,  810,  718,  770,  145,  347,  829,  214,  519,  383,  697,  592,  704,  637,  915,  864,  580,  635,  919,  480,  476,  806,  814,  270,  247, 1042,  767, 1007, 1030,  925,  567,  904,  358,  422,  431,  884,  327,  621,  354,  104,  358,  999,  521,  863,  935,  319, 1006,  548,  589,  791,  566,  427,  826,  870,  231,  233,  844,  592,  292,  612,  234,  279,  835,  787,  969,  204,  426,  991,  551,  702,  650,  804,  180,  953,  734,  533,  270, 1028,  759,  478,  491,  654,   10,  756,  344,  933,  927,  941,  395,  966,  433,  944,  881,  185,  519,  247,  624,  957,  333,  387,  932,  751,  919,  431,  996,  717],
        [  516,    0,  637,  819,  118,  612,  473,  781,  358,  391,    0,  637,  276,  254,  580,  539,  513,  487,  813,  537,  394,  331,  391,  634,  853,  379,  685,  803,  676,  533,   36,  605,  229,  804,   96,  211,  412,  245,  418,  369,  583,  711,  954,  426,  553,  292,  172,   99,  850,  202,  274,  232,  162,  369,  249,   93,  671,  531,  589,  481,  636,  149,  122,  513,   93,  556,  469,  405,  333,  695,  699,  208,  710,   99,  314,  212,  625,  562,  823,  831,  234,  372,  887,   90,  149,  691,  790,  502,  162,  722,  528,  778,  707,  627,  751,  833,  680,  182,  474,  658,  169,  439,  421,  299,  369,  686,  149,  518,  815,  109, 1044,  485,  402,  605,  212,  405,  593,  606,  593,  313,  487,  249,  368,  452,  413,  384,  615,  503,  884,  191,  230,  838,  174,  354,  262,  575,  217,  947,  541,  431,  165,  719,  401,  181,  113,  472,  397,  840,  352,  888,  824,  909,  113,  911,  666,  964,  842,  219,  502,  199,  307,  683,  538,  190,  801,  456,  606,   51,  999,  479],
        [  270,    0,  673,  570,  641,  846,  202,  725,  586,  870,  637,    0,  538,  721,  974,  421,  388,  888,  671,  179,  419,  309,  457,  970,  451,  267,   70,  320,   52,  132,  603,  440,  729,  283,  618,  742,  403,  517,  335,  769,  838, 1015,  678,  311,  328,  355,  773,  732,  420,  631,  397,  656,  496,  487,  739,  572,  324,  344,  759,  471,  890,  504,  533,  531,  571,   88,  169,  400,  731,  985,  226,  799,  755,  734,  500,  505,  318,  338,  343,  447,  756,  266,  478,  617,  489,  255,  444,  749,  759,  288,  110,  142,  290,  170,  761,  385,  932,  810,  531,   25,  803,  251,  577,  832,  538,  245,  518,  317,  293,  611,  691,  384,  282,  119,  454,  479,   45,   77,  945,  644,  363,  413,  608,  268,  696,  630,   44,  162,  390,  713,  456,  257,  670,  361,  538,   67,  775,  557,  148,  361,  781,  249,  376,  781,  550,  221,  870,  645,  545,  457,  324,  491,  745,  455,  797,  609,  442,  709,  443,  809,  345,  127,  724,  824,  265,  210,  218,  593,  604,  161],
        [  320,    0,  813,  912,  377,  847,  456,  940,  556,  664,  276,  538,    0,  191,  847,  637,  601,  753,  944,  381,  507,  273,  524,  893,  887,  361,  603,  598,  559,  409,  268,  700,  210,  780,  187,  484,  515,  420,  219,  627,  821,  967, 1046,  475,  328,  224,  443,  357,  872,  118,  165,  129,  301,  102,  517,  188,  704,  302,  804,  610,  877,  173,  180,  662,  304,  451,  396,  172,  586,  948,  684,  481,  896,  326,   50,   86,  665,  621,  820,  871,  239,  323,  920,  192,  224,  691,  841,  731,  435,  515,  449,  661,  497,  459,  930,  845,  923,  363,  630,  562,  411,  447,  605,  574,  544,  491,  154,  301,  792,  354, 1111,  573,  422,  560,  149,  547,  504,  480,  854,  542,  255,  166,  574,  476,  643,  596,  535,  377,  879,  461,  353,  785,  172,  178,   15,  494,  492,  993,  506,  511,  432,  526,  183,  308,  175,  468,  670,  954,  533,  912,  812,  941,  325,  926,  876, 1026,  876,  485,  616,  466,  220,  533,  752,  395,  770,  329,  419,  233, 1046,  416],
        [  511,    0,  883, 1033,  371,  865,  613, 1023,  606,  620,  254,  721,  191,    0,  817,  751,  719,  729, 1044,  571,  608,  433,  615,  878, 1034,  513,  783,  786,  746,  594,  271,  817,   36,  947,  172,  448,  622,  481,  410,  618,  836,  957, 1169,  606,  515,  382,  376,  285, 1024,   94,  329,   66,  370,  280,  492,  217,  849,  488,  843,  706,  888,  260,  243,  748,  331,  633,  569,  361,  584,  943,  847,  411,  959,  239,  239,  220,  807,  753,  981, 1016,   59,  484, 1068,  178,  307,  849,  981,  756,  374,  703,  625,  848,  685,  649,  998, 1001,  932,  230,  710,  745,  310,  594,  666,  519,  610,  680,  238,  490,  959,  362, 1247,  690,  563,  730,  283,  634,  684,  667,  837,  567,  442,  318,  618,  618,  667,  636,  714,  562, 1041,  434,  439,  961,   84,  365,  188,  672,  440, 1137,  671,  630,  355,  715,  374,  164,  226,  621,  628, 1064,  595, 1064,  975, 1090,  229, 1081,  919, 1163, 1023,  466,  720,  384,  384,  723,  791,  269,  939,  513,  610,  242, 1189,  587],
        [  995,    0,  445,  753,  471,  219,  773,  561,  389,  199,  580,  974,  847,  817,    0,  605,  619,   96,  653,  971,  555,  761,  518,   89,  899,  738,  984, 1248, 1025,  934,  581,  636,  785,  974,  675,  371,  573,  487,  922,  227,  198,  163,  843,  663, 1055,  756,  444,  533,  922,  780,  779,  808,  576,  929,  332,  661,  788, 1040,  302,  529,  193,  684,  670,  487,  547,  927,  838,  937,  269,  168,  888,  412,  441,  580,  876,  770,  751,  690,  949,  873,  777,  768,  924,  670,  644,  860,  823,  245,  444, 1179,  879, 1102, 1169, 1054,  486,  929,  204,  620,  468,  983,  525,  724,  404,  302,  436, 1134,  698, 1017,  982,  495,  968,  610,  698,  878,  736,  499,  932,  987,   62,  343, 1005,  756,  366,  706,  278,  344,  934,  917,  997,  389,  566, 1050,  745,  863,  833,  910,  377,  942,  829,  615,  468, 1160,  923,  676,  672,  753,  190,  713,  430,  944,  967,  944,  592,  980,  341,  919,  892,  364,  564,  445,  777, 1075,  299,  585,  985,  888, 1057,  616,  978,  832],
        [  569,    0,  252,  283,  465,  440,  258,  328,  259,  564,  539,  421,  637,  751,  605,    0,   41,  535,  310,  501,  145,  386,  153,  581,  335,  303,  408,  735,  472,  443,  507,   67,  739,  370,  586,  511,  130,  300,  553,  447,  438,  613,  419,  172,  641,  423,  586,  597,  345,  663,  480,  698,  386,  656,  482,  536,  185,  641,  347,   82,  484,  493,  508,  121,  446,  411,  353,  605,  422,  581,  286,  594,  336,  627,  630,  559,  147,   90,  352,  310,  754,  350,  366,  581,  444,  256,  262,  362,  572,  688,  362,  525,  685,  556,  348,  341,  523,  712,  139,  422,  656,  227,  212,  571,  213,  641,  516,  610,  378,  449,  506,   65,  233,  307,  491,  149,  390,  464,  564,  341,  629,  474,  273,  194,  340,  286,  378,  443,  406,  490,  315,  446,  671,  524,  628,  371,  551,  416,  279,  127,  607,  656,  580,  719,  525,  233,  560,  317,  230,  376,  366,  389,  643,  407,  378,  427,  325,  468,   46,  620,  436,  543,  321,  706,  380,  444,  583,  523,  466,  335],
        [  529,    0,  288,  315,  446,  465,  219,  368,  258,  565,  513,  388,  601,  719,  619,   41,    0,  545,  349,  462,  121,  347,  137,  600,  348,  263,  380,  700,  439,  405,  480,  100,  708,  362,  556,  500,  102,  280,  513,  449,  460,  636,  451,  133,  601,  385,  571,  576,  353,  630,  443,  665,  357,  617,  474,  505,  183,  601,  374,   91,  509,  460,  476,  145,  421,  374,  314,  565,  422,  605,  270,  581,  373,  603,  592,  524,  140,   73,  351,  324,  724,  310,  381,  552,  412,  244,  279,  379,  556,  651,  325,  498,  648,  519,  387,  345,  548,  689,  153,  391,  637,  188,  219,  565,  209,  605,  483,  570,  371,  427,  532,   30,  193,  276,  455,  140,  355,  428,  581,  337,  589,  437,  274,  154,  348,  289,  345,  404,  408,  477,  286,  432,  640,  484,  591,  336,  540,  436,  244,   91,  590,  620,  540,  693,  494,  194,  562,  354,  224,  387,  363,  404,  620,  416,  410,  451,  337,  457,   57,  605,  397,  509,  343,  685,  370,  404,  544,  495,  487,  296],
        [  901,    0,  408,  711,  377,  214,  686,  540,  303,  124,  487,  888,  753,  729,   96,  535,  545,    0,  624,  879,  472,  667,  435,  152,  845,  646,  901, 1156,  939,  843,  487,  573,  697,  904,  583,  281,  491,  393,  827,  131,  184,  232,  812,  578,  960,  661,  361,  446,  864,  688,  683,  717,  480,  833,  239,  567,  720,  945,  272,  457,  207,  589,  575,  422,  451,  838,  748,  841,  174,  224,  815,  331,  424,  494,  781,  675,  681,  617,  885,  819,  691,  675,  871,  577,  548,  788,  768,  191,  359, 1086,  791, 1019, 1076,  963,  471,  868,  236,  540,  397,  898,  445,  637,  327,  223,  353, 1042,  603,  922,  913,  400,  935,  533,  609,  796,  640,  418,  845,  898,  111,  250,  910,  660,  281,  622,  198,  261,  849,  825,  935,  297,  472,  977,  655,  767,  738,  823,  292,  896,  744,  533,  386, 1068,  827,  594,  578,  668,  114,  680,  344,  889,  900,  892,  507,  924,  330,  879,  837,  270,  493,  365,  682,  986,  253,  506,  914,  795,  964,  522,  935,  743],
        [  866,    0,  218,  137,  718,  436,  553,  102,  468,  704,  813,  671,  944, 1044,  653,  310,  349,  624,    0,  789,  440,  696,  429,  590,  326,  612,  633,  989,  715,  728,  785,  255, 1028,  489,  875,  725,  430,  569,  860,  596,  455,  580,  191,  481,  938,  733,  815,  851,  363,  960,  790,  996,  674,  966,  683,  827,  350,  941,  354,  339,  470,  792,  804,  300,  722,  688,  649,  914,  592,  549,  465,  812,  217,  888,  939,  864,  355,  357,  431,  306, 1040,  658,  334,  869,  741,  430,  270,  438,  803,  957,  643,  735,  957,  829,  180,  389,  485,  970,  340,  663,  898,  531,  402,  752,  445,  912,  816,  910,  490,  710,  317,  375,  542,  554,  797,  411,  652,  731,  595,  541,  933,  782,  467,  497,  480,  463,  630,  735,  449,  713,  606,  579,  962,  833,  934,  638,  763,  318,  553,  437,  840,  919,  888,  990,  820,  530,  697,   65,  463,  363,  458,  347,  906,  400,  316,  279,  325,  682,  329,  844,  745,  798,  374,  955,  510,  744,  864,  807,  342,  628],
        [   92,    0,  745,  707,  572,  881,  244,  826,  590,  837,  537,  179,  381,  571,  971,  501,  462,  879,  789,    0,  444,  220,  481,  984,  613,  236,  249,  280,  184,   63,  507,  539,  584,  458,  496,  684,  435,  487,  166,  751,  866, 1040,  826,  345,  157,  248,  694,  635,  586,  486,  268,  506,  427,  317,  692,  457,  461,  168,  804,  526,  921,  391,  420,  590,  492,  110,  149,  228,  709, 1012,  387,  725,  832,  627,  338,  366,  441,  434,  514,  606,  612,  204,  643,  496,  393,  408,  594,  772,  681,  208,  148,  282,  199,   91,  848,  553,  967,  694,  577,  203,  705,  280,  602,  779,  550,  164,  399,  140,  468,  540,  854,  447,  291,  257,  331,  506,  163,  107,  953,  629,  184,  291,  614,  311,  703,  638,  196,   59,  565,  655,  411,  436,  532,  207,  384,  167,  711,  722,  239,  402,  696,  192,  206,  656,  435,  268,  839,  774,  551,  625,  498,  658,  635,  627,  856,  770,  603,  660,  508,  727,  231,  154,  761,  715,  442,   86,   88,  489,  770,  166],
        [  494,    0,  320,  428,  326,  438,  220,  436,  169,  471,  394,  419,  507,  608,  555,  145,  121,  472,  440,  444,    0,  279,   39,  552,  467,  214,  430,  708,  471,  396,  362,  212,  595,  461,  442,  386,   23,  160,  456,  360,  425,  602,  563,  109,  564,  306,  453,  456,  471,  522,  358,  558,  241,  537,  364,  392,  295,  558,  360,  104,  480,  353,  366,  162,  302,  380,  298,  499,  327,  573,  361,  464,  408,  483,  505,  425,  249,  181,  460,  444,  610,  258,  500,  437,  303,  341,  400,  334,  438,  648,  330,  548,  641,  517,  434,  460,  524,  569,  138,  428,  517,  173,  160,  458,  120,  601,  377,  529,  471,  307,  650,   94,  154,  325,  358,   63,  378,  439,  527,  239,  538,  347,  191,  152,  278,  212,  379,  386,  519,  362,  171,  521,  528,  415,  496,  357,  425,  556,  274,   63,  471,  623,  476,  575,  383,  199,  469,  456,  129,  506,  468,  523,  500,  533,  415,  570,  457,  344,  113,  488,  322,  526,  317,  564,  466,  371,  531,  378,  607,  287],
        [  234,    0,  598,  648,  353,  694,  184,  707,  394,  619,  331,  309,  273,  433,  761,  386,  347,  667,  696,  220,  279,    0,  309,  782,  615,   90,  362,  499,  346,  205,  297,  443,  435,  515,  311,  464,  279,  275,  178,  538,  675,  844,  781,  215,  298,   52,  478,  427,  599,  339,  109,  369,  207,  272,  473,  264,  432,  287,  627,  379,  732,  197,  225,  440,  275,  226,  143,  222,  496,  818,  416,  508,  686,  427,  253,  214,  394,  355,  551,  599,  459,   52,  648,  310,  183,  420,  570,  580,  464,  424,  202,  448,  412,  310,  711,  574,  778,  502,  416,  330,  498,  176,  419,  560,  361,  381,  212,  261,  527,  322,  840,  322,  156,  298,  152,  335,  266,  276,  749,  420,  261,  115,  416,  207,  503,  441,  292,  177,  610,  435,  196,  531,  371,  139,  267,  250,  492,  721,  239,  262,  482,  411,  198,  475,  243,  196,  621,  697,  357,  640,  544,  668,  437,  655,  689,  755,  603,  440,  374,  513,   54,  357,  580,  517,  507,  135,  301,  286,  773,  158],
        [  528,    0,  294,  429,  313,  401,  258,  417,  133,  438,  391,  457,  524,  615,  518,  153,  137,  435,  429,  481,   39,  309,    0,  514,  484,  249,  467,  746,  509,  434,  361,  217,  600,  490,  446,  363,   56,  149,  486,  326,  387,  564,  563,  147,  598,  331,  435,  446,  490,  532,  382,  568,  245,  561,  338,  398,  318,  591,  324,   92,  442,  365,  375,  139,  299,  418,  336,  527,  294,  535,  392,  444,  380,  476,  525,  441,  273,  204,  485,  460,  613,  291,  516,  441,  313,  370,  413,  295,  421,  685,  368,  585,  678,  555,  409,  482,  487,  561,  109,  466,  504,  211,  122,  430,   83,  639,  388,  562,  500,  297,  656,  114,  191,  362,  376,   27,  417,  477,  489,  206,  569,  369,  154,  190,  240,  175,  417,  423,  543,  341,  178,  553,  534,  443,  513,  395,  403,  568,  312,   98,  455,  660,  504,  571,  391,  238,  436,  451,   94,  524,  495,  539,  493,  553,  382,  578,  473,  320,  112,  469,  348,  564,  280,  554,  495,  407,  568,  380,  618,  325],
        [ 1016,    0,  391,  698,  520,  157,  772,  494,  394,  272,  634,  970,  893,  878,   89,  581,  600,  152,  590,  984,  552,  782,  514,    0,  855,  748,  974, 1256, 1022,  942,  631,  603,  847,  945,  729,  431,  568,  509,  949,  267,  147,   81,  780,  661, 1078,  782,  512,  596,  881,  835,  811,  864,  609,  969,  387,  709,  759, 1066,  250,  510,  120,  725,  714,  460,  590,  930,  845,  970,  307,   80,  866,  482,  374,  644,  918,  813,  726,  669,  915,  830,  842,  782,  877,  723,  681,  835,  780,  222,  510, 1191,  881, 1093, 1182, 1063,  417,  890,  119,  691,  448,  978,  596,  725,  394,  373,  437, 1145,  741, 1041,  952,  540,  906,  595,  701,  869,  772,  492,  930,  990,   42,  365, 1033,  789,  371,  703,  281,  346,  929,  928,  959,  445,  589, 1025,  803,  892,  879,  908,  443,  889,  823,  609,  537, 1170,  954,  745,  718,  751,  262,  652,  434,  899,  934,  897,  658,  936,  274,  863,  849,  415,  544,  516,  803, 1078,  261,  657,  958,  903, 1071,  665,  923,  837],
        [  703,    0,  467,  189,  793,  700,  433,  420,  592,  890,  853,  451,  887, 1034,  899,  335,  348,  845,  326,  613,  467,  615,  484,  855,    0,  527,  392,  742,  480,  553,  818,  279, 1029,  192,  883,  846,  447,  627,  735,  772,  710,  865,  243,  431,  769,  664,  918,  921,   41,  942,  723,  975,  692,  873,  816,  831,  186,  781,  606,  413,  742,  776,  798,  428,  762,  504,  508,  799,  752,  833,  228,  927,  511,  946,  864,  822,  230,  291,  124,   26, 1049,  565,   35,  879,  735,  207,   78,  657,  904,  731,  475,  464,  736,  621,  489,   75,  768, 1032,  460,  434,  984,  442,  538,  904,  547,  691,  798,  751,  188,  773,  241,  374,  472,  357,  755,  483,  452,  525,  849,  674,  789,  726,  604,  417,  659,  613,  421,  572,  125,  824,  623,  275,  962,  733,  881,  447,  885,  110,  392,  422,  937,  689,  773, 1031,  816,  419,  885,  270,  565,   45,  151,   57,  962,   81,  598,  159,   12,  802,  380,  953,  668,  566,  601, 1030,  214,  601,  668,  828,  161,  486],
        [  281,    0,  529,  560,  375,  646,  101,  629,  355,  614,  379,  267,  361,  513,  738,  303,  263,  646,  612,  236,  214,   90,  249,  748,  527,    0,  308,  511,  312,  198,  344,  358,  512,  437,  378,  477,  209,  259,  251,  521,  630,  804,  692,  132,  351,  137,  507,  470,  513,  420,  197,  451,  231,  360,  476,  327,  344,  346,  572,  306,  687,  264,  290,  369,  307,  198,  105,  303,  480,  777,  335,  533,  616,  478,  342,  297,  305,  266,  468,  511,  535,   48,  561,  376,  235,  336,  481,  537,  493,  444,  158,  409,  435,  317,  638,  489,  732,  558,  351,  285,  541,   87,  368,  568,  315,  398,  283,  316,  449,  345,  752,  241,   71,  228,  231,  275,  222,  257,  718,  397,  329,  199,  378,  119,  468,  402,  240,  180,  529,  448,  192,  462,  446,  223,  354,  202,  509,  633,  165,  184,  516,  423,  277,  539,  308,  109,  615,  611,  315,  554,  463,  581,  490,  570,  629,  666,  516,  446,  296,  543,  143,  344,  528,  568,  431,  159,  323,  340,  685,  107],
        [  340,    0,  656,  524,  680,  843,  226,  695,  599,  893,  685,   70,  603,  783,  984,  408,  380,  901,  633,  249,  430,  362,  467,  974,  392,  308,    0,  358,   89,  200,  650,  416,  790,  216,  673,  775,  411,  544,  403,  787,  837, 1014,  624,  325,  396,  410,  813,  777,  358,  692,  456,  718,  538,  555,  768,  625,  284,  413,  753,  467,  887,  558,  586,  524,  614,  153,  220,  469,  751,  983,  174,  837,  735,  783,  566,  565,  287,  320,  279,  391,  816,  315,  417,  671,  538,  206,  393,  752,  798,  340,  160,  120,  344,  233,  737,  323,  928,  861,  529,   47,  848,  273,  582,  862,  549,  300,  573,  386,  225,  650,  631,  380,  308,  106,  511,  486,   99,  145,  952,  663,  432,  471,  620,  282,  706,  641,   71,  229,  323,  747,  491,  188,  729,  427,  602,  113,  810,  496,  160,  369,  823,  299,  445,  836,  604,  239,  892,  602,  558,  394,  258,  429,  795,  390,  785,  550,  383,  740,  436,  849,  403,  175,  722,  874,  198,  275,  283,  643,  541,  206],
        [  289,    0,  987,  882,  849, 1145,  492, 1044,  863, 1116,  803,  320,  598,  786, 1248,  735,  700, 1156,  989,  280,  708,  499,  746, 1256,  742,  511,  358,    0,  274,  314,  775,  759,  807,  554,  749,  961,  696,  766,  392, 1029, 1133, 1309,  979,  602,  272,  522,  966,  901,  705,  715,  530,  726,  705,  507,  971,  717,  640,  299, 1063,  777, 1187,  655,  683,  839,  767,  330,  412,  427,  988, 1280,  531,  999, 1071,  887,  549,  611,  637,  655,  622,  744,  836,  482,  763,  750,  665,  564,  750, 1041,  953,   84,  380,  282,  102,  194, 1079,  669, 1231,  946,  833,  326,  969,  536,  868, 1057,  820,  119,  658,  298,  560,  817,  974,  692,  556,  438,  592,  770,  346,  273, 1228,  906,  345,  555,  887,  562,  976,  911,  362,  332,  652,  933,  691,  488,  766,  452,  606,  365,  988,  840,  457,  658,  966,   89,  419,  899,  695,  515, 1118,  959,  823,  737,  597,  772,  893,  724, 1107,  898,  734,  938,  753,  998,  503,  193, 1023,  971,  532,  365,  200,  754,  879,  421],
        [  271,    0,  723,  610,  686,  898,  253,  772,  637,  919,  676,   52,  559,  746, 1025,  472,  439,  939,  715,  184,  471,  346,  509, 1022,  480,  312,   89,  274,    0,  152,  642,  488,  756,  302,  651,  788,  454,  565,  348,  819,  889, 1067,  712,  363,  320,  389,  816,  771,  446,  657,  426,  680,  539,  500,  786,  606,  366,  339,  810,  522,  941,  539,  568,  583,  613,  120,  210,  411,  780, 1037,  260,  843,  804,  772,  518,  532,  364,  387,  366,  479,  783,  306,  505,  651,  528,  292,  480,  801,  802,  252,  154,  104,  256,  149,  810,  411,  983,  845,  582,   52,  842,  302,  628,  879,  589,  212,  551,  315,  310,  655,  718,  436,  331,  167,  486,  530,   94,   80,  997,  694,  364,  445,  659,  319,  748,  682,   95,  184,  408,  759,  503,  261,  699,  382,  560,  116,  821,  584,  199,  413,  823,  211,  389,  814,  585,  272,  919,  686,  596,  482,  344,  517,  782,  476,  848,  638,  471,  756,  494,  852,  377,   87,  776,  862,  282,  234,  202,  631,  628,  206],
        [  151,    0,  690,  645,  556,  834,  187,  767,  549,  809,  533,  132,  409,  594,  934,  443,  405,  843,  728,   63,  396,  205,  434,  942,  553,  198,  200,  314,  152,    0,  501,  479,  605,  402,  503,  664,  385,  455,  204,  718,  820,  996,  764,  293,  218,  243,  682,  630,  526,  506,  276,  529,  408,  356,  668,  460,  398,  229,  754,  472,  875,  392,  422,  536,  478,   50,   99,  270,  677,  968,  327,  711,  777,  627,  369,  381,  379,  374,  456,  545,  632,  175,  582,  502,  386,  347,  532,  727,  668,  252,   86,  255,  246,  122,  791,  493,  920,  699,  526,  156,  701,  227,  555,  758,  506,  206,  403,  199,  413,  524,  793,  391,  243,  196,  337,  459,  107,   75,  914,  594,  239,  296,  573,  256,  662,  597,  140,   33,  509,  635,  383,  387,  548,  232,  409,  107,  693,  661,  177,  350,  687,  228,  246,  665,  438,  211,  810,  712,  509,  565,  441,  598,  637,  569,  803,  709,  543,  636,  452,  717,  230,  153,  713,  717,  387,   83,  140,  487,  710,  111],
        [  489,    0,  614,  788,  111,  601,  438,  756,  336,  397,   36,  603,  268,  271,  581,  507,  480,  487,  785,  507,  362,  297,  361,  631,  818,  344,  650,  775,  642,  501,    0,  573,  249,  768,  103,  218,  379,  217,  393,  365,  572,  707,  923,  391,  529,  260,  193,  130,  815,  208,  247,  241,  127,  356,  250,   81,  636,  508,  573,  451,  626,  123,   99,  485,   63,  522,  435,  385,  326,  690,  663,  228,  689,  135,  301,  197,  590,  528,  787,  797,  258,  338,  852,   97,  115,  656,  756,  488,  182,  694,  494,  744,  680,  597,  729,  798,  671,  218,  446,  623,  201,  403,  398,  310,  344,  658,  128,  494,  780,   94, 1012,  451,  366,  570,  186,  375,  559,  573,  591,  298,  465,  222,  348,  416,  399,  365,  580,  471,  849,  194,  196,  803,  188,  329,  253,  540,  230,  914,  506,  397,  191,  691,  379,  214,   95,  436,  403,  810,  327,  853,  788,  875,  148,  876,  649,  931,  807,  218,  471,  224,  276,  652,  521,  225,  765,  425,  577,   35,  965,  445],
        [  613,    0,  243,  217,  530,  455,  299,  289,  314,  612,  605,  440,  700,  817,  636,   67,  100,  573,  255,  539,  212,  443,  217,  603,  279,  358,  416,  759,  488,  479,  573,    0,  805,  343,  653,  571,  196,  366,  605,  494,  458,  628,  353,  229,  685,  483,  649,  662,  294,  728,  541,  764,  452,  714,  540,  602,  158,  687,  360,  136,  499,  559,  574,  152,  513,  443,  396,  660,  473,  595,  273,  655,  319,  693,  690,  623,  133,  106,  314,  254,  821,  404,  309,  648,  510,  239,  204,  391,  635,  717,  395,  530,  716,  587,  322,  295,  534,  777,  182,  437,  720,  277,  259,  626,  271,  671,  582,  656,  350,  514,  440,  128,  288,  322,  554,  210,  414,  491,  590,  396,  678,  536,  325,  243,  383,  334,  397,  483,  363,  551,  381,  425,  738,  580,  691,  397,  611,  354,  307,  190,  670,  683,  634,  786,  591,  276,  607,  255,  289,  322,  332,  332,  709,  355,  377,  361,  270,  527,  106,  682,  494,  566,  342,  771,  356,  490,  618,  590,  403,  375],
        [  528,    0,  863, 1022,  344,  838,  612, 1004,  585,  588,  229,  729,  210,   36,  785,  739,  708,  697, 1028,  584,  595,  435,  600,  847, 1029,  512,  790,  807,  756,  605,  249,  805,    0,  948,  154,  417,  610,  463,  426,  589,  808,  926, 1157,  599,  536,  384,  342,  253, 1020,   99,  334,   82,  356,  303,  462,  204,  844,  510,  818,  692,  859,  253,  233,  730,  310,  642,  574,  381,  555,  913,  847,  377,  937,  206,  259,  225,  801,  745,  979, 1010,   30,  486, 1063,  160,  297,  847,  973,  729,  341,  724,  631,  859,  706,  665,  977,  998,  903,  195,  692,  753,  275,  591,  646,  486,  591,  700,  232,  510,  960,  337, 1238,  679,  558,  732,  284,  618,  691,  678,  806,  542,  463,  321,  596,  613,  641,  613,  720,  572, 1040,  405,  425,  965,   68,  377,  204,  678,  408, 1131,  673,  620,  321,  735,  392,  128,  215,  619,  596, 1050,  575, 1060,  975, 1085,  195, 1078,  895, 1155, 1018,  437,  707,  350,  388,  737,  766,  233,  941,  523,  628,  223, 1183,  591],
        [  550,    0,  577,  360,  769,  797,  337,  571,  618,  925,  804,  283,  780,  947,  974,  370,  362,  904,  489,  458,  461,  515,  490,  945,  192,  437,  216,  554,  302,  402,  768,  343,  948,    0,  814,  844,  439,  611,  600,  810,  800,  969,  434,  385,  610,  566,  902,  886,  153,  854,  621,  884,  644,  748,  825,  763,  187,  625,  702,  449,  841,  700,  726,  487,  720,  352,  385,  666,  781,  937,  105,  918,  641,  902,  750,  728,  224,  290,   69,  199,  971,  464,  210,  811,  668,  121,  221,  730,  887,  549,  337,  274,  555,  449,  630,  117,  875,  985,  508,  262,  954,  366,  579,  918,  568,  512,  719,  597,   12,  744,  421,  378,  403,  221,  665,  499,  296,  359,  931,  695,  641,  630,  635,  353,  708,  650,  263,  427,  108,  819,  582,   91,  883,  611,  776,  298,  882,  287,  276,  402,  917,  506,  641,  972,  744,  334,  922,  443,  582,  184,   44,  219,  916,  175,  713,  345,  186,  803,  412,  938,  565,  385,  684,  991,   23,  466,  499,  770,  328,  364],
        [  460,    0,  711,  869,  210,  703,  478,  852,  435,  486,   96,  618,  187,  172,  675,  586,  556,  583,  875,  496,  442,  311,  446,  729,  883,  378,  673,  749,  651,  503,  103,  653,  154,  814,    0,  306,  457,  310,  358,  464,  674,  805, 1004,  452,  488,  264,  257,  170,  876,  107,  229,  139,  202,  285,  344,   53,  698,  464,  674,  538,  727,  116,   89,  577,  160,  533,  454,  334,  426,  789,  711,  294,  788,  143,  230,  139,  654,  596,  840,  863,  169,  359,  917,    6,  149,  708,  825,  590,  250,  666,  513,  755,  650,  584,  827,  856,  772,  199,  539,  640,  228,  451,  495,  391,  439,  634,  101,  455,  826,  196, 1087,  527,  416,  604,  167,  464,  577,  577,  689,  400,  419,  208,  448,  470,  501,  466,  602,  471,  902,  286,  272,  839,   89,  298,  174,  561,  309,  983,  542,  469,  245,  668,  334,  164,   70,  481,  492,  896,  423,  915,  838,  939,  146,  936,  750, 1005,  872,  314,  553,  279,  274,  648,  622,  223,  809,  422,  556,   71, 1035,  468],
