{
    "name": "random-4-4994",
    "comment": "size=4 seed=4994",
    "nodes": ["+0", "-0", "+1", "-1", "+2", "-2", "+3", "-3", "+4", "-4"],
    "precedence": {
        "+0": "-0",
        "+1": "-1",
        "+2": "-2",
        "+3": "-3",
        "+4": "-4"
    },
    "edges": [
        [    0,    0,  272,  375,  692,  331,  624, 1011,  784,  918],
        [    0,    0,  272,  375,  692,  331,  624, 1011,  784,  918],
        [  272,  272,    0,  215,  438,  149,  363,  744,  564,  710],
        [  375,  375,  215,    0,  541,   66,  314,  691,  704,  544],
        [  692,  692,  438,  541,    0,  504,  330,  490,  188,  720],
        [  331,  331,  149,   66,  504,    0,  316,  703,  658,  592],
        [  624,  624,  363,  314,  330,  316,    0,  389,  518,  416],
        [ 1011, 1011,  744,  691,  490,  703,  389,    0,  628,  429],
        [  784,  784,  564,  704,  188,  658,  518,  628,    0,  904],
        [  918,  918,  710,  544,  720,  592,  416,  429,  904,    0]
    ]
}
