{
    "name": "random-13-19349",
    "comment": "size=13 seed=19349",
    "nodes": ["+0", "-0", "+1", "-1", "+2", "-2", "+3", "-3", "+4", "-4", "+5", "-5", "+6", "-6", "+7", "-7", "+8", "-8", "+9", "-9", "+10", "-10", "+11", "-11", "+12", "-12", "+13", "-13"],
    "precedence": {
        "+0": "-0",
        "+1": "-1",
        "+2": "-2",
        "+3": "-3",
        "+4": "-4",
        "+5": "-5",
        "+6": "-6",
        "+7": "-7",
        "+8": "-8",
        "+9": "-9",
        "+10": "-10",
        "+11": "-11",
        "+12": "-12",
        "+13": "-13"
    },
    "edges": [
        [    0,    0,  353,  595,  165,  185,  438,  239,  598,  279,  459,  702,  201,  151,  604,  789,  424,  751,  284,  320,  214,  346,  462,  140,  511,  324,  335,  326],
        [    0,    0,  353,  595,  165,  185,  438,  239,  598,  279,  459,  702,  201,  151,  604,  789,  424,  751,  284,  320,  214,  346,  462,  140,  511,  324,  335,  326],
        [  353,  353,    0,  262,  377,  527,  232,  270,  444,  474,  755,  620,  510,  251,  273,  731,   73,  611,  126,  627,  249,  622,  142,  341,  184,   76,  623,  582],
        [  595,  595,  262,    0,  638,  751,  416,  528,  596,  631, 1016,  789,  768,  464,   13,  902,  210,  744,  316,  887,  509,  883,  265,  602,  253,  272,  807,  751],
        [  165,  165,  377,  638,    0,  301,  365,  142,  479,  443,  379,  555,  151,  277,  649,  634,  438,  617,  362,  256,  141,  246,  441,   40,  488,  380,  479,  482],
        [  185,  185,  527,  751,  301,    0,  621,  412,  771,  243,  424,  855,  227,  288,  759,  932,  599,  916,  437,  300,  392,  358,  644,  295,  692,  485,  187,  213],
        [  438,  438,  232,  416,  365,  621,    0,  224,  212,  649,  710,  391,  515,  411,  428,  504,  226,  380,  341,  609,  234,  576,  152,  347,  175,  303,  763,  738],
        [  239,  239,  270,  528,  142,  412,  224,    0,  360,  495,  505,  472,  292,  276,  539,  567,  320,  514,  298,  392,   34,  369,  307,  124,  352,  297,  573,  561],
        [  598,  598,  444,  596,  479,  771,  212,  360,    0,  840,  748,  194,  614,  604,  608,  307,  430,  169,  551,  678,  385,  627,  343,  477,  344,  514,  932,  917],
        [  279,  279,  474,  631,  443,  243,  649,  495,  840,    0,  664,  966,  438,  239,  635, 1060,  539, 1002,  352,  533,  464,  582,  613,  417,  657,  408,  184,  122],
        [  459,  459,  755, 1016,  379,  424,  710,  505,  748,  664,    0,  730,  259,  609, 1026,  757,  816,  831,  727,  139,  515,  136,  812,  415,  857,  753,  584,  629],
        [  702,  702,  620,  789,  555,  855,  391,  472,  194,  966,  730,    0,  662,  742,  800,  114,  616,  118,  715,  695,  503,  631,  531,  566,  536,  685, 1031, 1027],
        [  201,  201,  510,  768,  151,  227,  515,  292,  614,  438,  259,  662,    0,  351,  778,  727,  576,  739,  470,  122,  289,  148,  588,  176,  635,  501,  413,  437],
        [  151,  151,  251,  464,  277,  288,  411,  276,  604,  239,  609,  742,  351,    0,  471,  841,  322,  769,  149,  470,  243,  492,  384,  240,  430,  200,  373,  336],
        [  604,  604,  273,   13,  649,  759,  428,  539,  608,  635, 1026,  800,  778,  471,    0,  914,  222,  755,  323,  897,  520,  894,  277,  612,  265,  281,  812,  756],
        [  789,  789,  731,  902,  634,  932,  504,  567,  307, 1060,  757,  114,  727,  841,  914,    0,  729,  193,  823,  743,  600,  674,  645,  650,  650,  795, 1112, 1114],
        [  424,  424,   73,  210,  438,  599,  226,  320,  430,  539,  816,  616,  576,  322,  222,  729,    0,  593,  188,  691,  303,  681,   95,  404,  125,  132,  693,  650],
        [  751,  751,  611,  744,  617,  916,  380,  514,  169, 1002,  831,  118,  739,  769,  755,  193,  593,    0,  719,  785,  541,  724,  502,  621,  496,  682, 1085, 1074],
        [  284,  284,  126,  316,  362,  437,  341,  298,  551,  352,  727,  715,  470,  149,  323,  823,  188,  719,    0,  591,  267,  600,  267,  323,  308,   56,  510,  464],
        [  320,  320,  627,  887,  256,  300,  609,  392,  678,  533,  139,  695,  122,  470,  897,  743,  691,  785,  591,    0,  396,   74,  696,  288,  742,  621,  473,  511],
        [  214,  214,  249,  509,  141,  392,  234,   34,  385,  464,  515,  503,  289,  243,  520,  600,  303,  541,  267,  396,    0,  380,  301,  116,  347,  270,  547,  533],
        [  346,  346,  622,  883,  246,  358,  576,  369,  627,  582,  136,  631,  148,  492,  894,  674,  681,  724,  600,   74,  380,    0,  676,  283,  721,  624,  537,  570],
        [  462,  462,  142,  265,  441,  644,  152,  307,  343,  613,  812,  531,  588,  384,  277,  645,   95,  502,  267,  696,  301,  676,    0,  412,   50,  215,  756,  718],
        [  140,  140,  341,  602,   40,  295,  347,  124,  477,  417,  415,  566,  176,  240,  612,  650,  404,  621,  323,  288,  116,  283,  412,    0,  460,  342,  466,  464],
        [  511,  511,  184,  253,  488,  692,  175,  352,  344,  657,  857,  536,  635,  430,  265,  650,  125,  496,  308,  742,  347,  721,   50,  460,    0,  254,  803,  764],
        [  324,  324,   76,  272,  380,  485,  303,  297,  514,  408,  753,  685,  501,  200,  281,  795,  132,  682,   56,  621,  270,  624,  215,  342,  254,    0,  565,  520],
        [  335,  335,  623,  807,  479,  187,  763,  573,  932,  184,  584, 1031,  413,  373,  812, 1112,  693, 1085,  510,  473,  547,  537,  756,  466,  803,  565,    0,   70],
        [  326,  326,  582,  751,  482,  213,  738,  561,  917,  122,  629, 1027,  437,  336,  756, 1114,  650, 1074,  464,  511,  533,  570,  718,  464,  764,  520,   70,    0]
    ]
}
