{
    "name": "random-9-24996",
    "comment": "size=9 seed=24996",
    "nodes": ["+0", "-0", "+1", "-1", "+2", "-2", "+3", "-3", "+4", "-4", "+5", "-5", "+6", "-6", "+7", "-7", "+8", "-8", "+9", "-9"],
    "precedence": {
        "+0": "-0",
        "+1": "-1",
        "+2": "-2",
        "+3": "-3",
        "+4": "-4",
        "+5": "-5",
        "+6": "-6",
        "+7": "-7",
        "+8": "-8",
        "+9": "-9"
    },
    "edges": [
        [    0,    0,  819,  213,  124,  675,  514,  409,  566,  419,  744,  775,  323,  359,  543,  385,  309,  234,  746,   76],
        [    0,    0,  819,  213,  124,  675,  514,  409,  566,  419,  744,  775,  323,  359,  543,  385,  309,  234,  746,   76],
        [  819,  819,    0,  806,  919,  549,  664,  510,  440,  859,  168,  803,  586,  652,  546,  621,  537,  586,  325,  876],
        [  213,  213,  806,    0,  317,  523,  678,  520,  669,  207,  774,  578,  453,  521,  397,  537,  400,  289,  651,  276],
        [  124,  124,  919,  317,    0,  798,  524,  469,  622,  516,  830,  891,  377,  383,  666,  415,  390,  339,  866,   49],
        [  675,  675,  549,  523,  798,    0,  889,  673,  738,  440,  633,  256,  679,  776,  133,  766,  591,  529,  238,  750],
        [  514,  514,  664,  678,  524,  889,    0,  216,  225,  863,  509, 1093,  234,  158,  782,  143,  315,  417,  809,  513],
        [  409,  409,  510,  520,  469,  673,  216,    0,  158,  683,  383,  881,   92,  143,  568,  115,  122,  235,  602,  438],
        [  566,  566,  440,  669,  622,  738,  225,  158,    0,  819,  284,  968,  247,  259,  652,  223,  271,  381,  617,  594],
        [  419,  419,  859,  207,  516,  440,  863,  683,  819,    0,  866,  411,  631,  709,  347,  720,  563,  451,  631,  479],
        [  744,  744,  168,  774,  830,  633,  509,  383,  284,  866,    0,  887,  469,  519,  595,  486,  441,  515,  440,  792],
        [  775,  775,  803,  578,  891,  256, 1093,  881,  968,  411,  887,    0,  868,  963,  317,  960,  781,  695,  484,  846],
        [  323,  323,  586,  453,  377,  679,  234,   92,  247,  631,  469,  868,    0,   98,  563,   94,   89,  183,  640,  348],
        [  359,  359,  652,  521,  383,  776,  158,  143,  259,  709,  519,  963,   98,    0,  660,   36,  186,  272,  732,  365],
        [  543,  543,  546,  397,  666,  133,  782,  568,  652,  347,  595,  317,  563,  660,    0,  653,  475,  403,  285,  618],
        [  385,  385,  621,  537,  415,  766,  143,  115,  223,  720,  486,  960,   94,   36,  653,    0,  180,  276,  712,  394],
        [  309,  309,  537,  400,  390,  591,  315,  122,  271,  563,  441,  781,   89,  186,  475,  180,    0,  113,  560,  352],
        [  234,  234,  586,  289,  339,  529,  417,  235,  381,  451,  515,  695,  183,  272,  403,  276,  113,    0,  543,  293],
        [  746,  746,  325,  651,  866,  238,  809,  602,  617,  631,  440,  484,  640,  732,  285,  712,  560,  543,    0,  818],
        [   76,   76,  876,  276,   49,  750,  513,  438,  594,  479,  792,  846,  348,  365,  618,  394,  352,  293,  818,    0]
    ]
}
