{
    "name": "random-11-13281",
    "comment": "size=11 seed=13281",
    "nodes": ["+0", "-0", "+1", "-1", "+2", "-2", "+3", "-3", "+4", "-4", "+5", "-5", "+6", "-6", "+7", "-7", "+8", "-8", "+9", "-9", "+10", "-10", "+11", "-11"],
    "precedence": {
        "+0": "-0",
        "+1": "-1",
        "+2": "-2",
        "+3": "-3",
        "+4": "-4",
        "+5": "-5",
        "+6": "-6",
        "+7": "-7",
        "+8": "-8",
        "+9": "-9",
        "+10": "-10",
        "+11": "-11"
    },
    "edges": [
        [    0,    0,  299,  634,  290,  303,  557,  214,  806,  337,  602,  409,  763,  271,  501,  164,  699,  652,  884,  279,  268,  607,  757,  989],
        [    0,    0,  299,  634,  290,  303,  557,  214,  806,  337,  602,  409,  763,  271,  501,  164,  699,  652,  884,  279,  268,  607,  757,  989],
        [  299,  299,    0,  710,  586,  416,  275,  311,  678,  595,  747,  620,  796,   43,  632,  451,  752,  621,  815,  310,  531,  760,  532,  855],
        [  634,  634,  710,    0,  729,  334,  946,  842,  491,  474,  169,  346,  154,  726,  163,  572,   78,  240,  410,  407,  492,  189,  695,  611],
        [  290,  290,  586,  729,    0,  459,  832,  384, 1030,  269,  629,  400,  879,  555,  568,  185,  805,  830, 1066,  503,  237,  624, 1029, 1207],
        [  303,  303,  416,  334,  459,    0,  680,  509,  577,  280,  334,  234,  461,  420,  220,  278,  397,  373,  610,  117,  251,  345,  632,  750],
        [  557,  557,  275,  946,  832,  680,    0,  485,  785,  869, 1005,  893, 1007,  289,  889,  717,  975,  809,  958,  568,  803, 1019,  544,  939],
        [  214,  214,  311,  842,  384,  509,  485,    0,  950,  531,  815,  618,  964,  268,  713,  349,  903,  833, 1055,  459,  464,  820,  839, 1132],
        [  806,  806,  678,  491, 1030,  577,  785,  950,    0,  844,  654,  750,  418,  716,  592,  846,  450,  256,  199,  534,  825,  675,  298,  184],
        [  337,  337,  595,  474,  269,  280,  869,  531,  844,    0,  362,  133,  627,  581,  312,  182,  552,  614,  844,  375,   69,  356,  911, 1009],
        [  602,  602,  747,  169,  629,  334, 1005,  815,  654,  362,    0,  230,  307,  754,  116,  500,  237,  399,  578,  439,  399,   22,  832,  780],
        [  409,  409,  620,  346,  400,  234,  893,  618,  750,  133,  230,    0,  499,  615,  184,  282,  424,  508,  730,  348,  173,  226,  854,  906],
        [  763,  763,  796,  154,  879,  461, 1007,  964,  418,  627,  307,  499,    0,  818,  316,  717,   76,  212,  288,  512,  643,  325,  671,  502],
        [  271,  271,   43,  726,  555,  420,  289,  268,  716,  581,  754,  615,  818,    0,  639,  429,  771,  648,  848,  321,  515,  765,  574,  894],
        [  501,  501,  632,  163,  568,  220,  889,  713,  592,  312,  116,  184,  316,  639,    0,  418,  241,  340,  550,  323,  332,  131,  740,  736],
        [  164,  164,  451,  572,  185,  278,  717,  349,  846,  182,  500,  282,  717,  429,  418,    0,  646,  650,  887,  319,  116,  501,  851, 1023],
        [  699,  699,  752,   78,  805,  397,  975,  903,  450,  552,  237,  424,   76,  771,  241,  646,    0,  213,  345,  457,  569,  256,  679,  553],
        [  652,  652,  621,  240,  830,  373,  809,  833,  256,  614,  399,  508,  212,  648,  340,  650,  213,    0,  237,  376,  607,  420,  467,  399],
        [  884,  884,  815,  410, 1066,  610,  958, 1055,  199,  844,  578,  730,  288,  848,  550,  887,  345,  237,    0,  605,  841,  598,  496,  216],
        [  279,  279,  310,  407,  503,  117,  568,  459,  534,  375,  439,  348,  512,  321,  323,  319,  457,  376,  605,    0,  330,  453,  541,  715],
        [  268,  268,  531,  492,  237,  251,  803,  464,  825,   69,  399,  173,  643,  515,  332,  116,  569,  607,  841,  330,    0,  397,  871,  996],
        [  607,  607,  760,  189,  624,  345, 1019,  820,  675,  356,   22,  226,  325,  765,  131,  501,  256,  420,  598,  453,  397,    0,  852,  800],
        [  757,  757,  532,  695, 1029,  632,  544,  839,  298,  911,  832,  854,  671,  574,  740,  851,  679,  467,  496,  541,  871,  852,    0,  410],
        [  989,  989,  855,  611, 1207,  750,  939, 1132,  184, 1009,  780,  906,  502,  894,  736, 1023,  553,  399,  216,  715,  996,  800,  410,    0]
    ]
}
