{
    "name": "random-34-25246",
    "comment": "size=34 seed=25246",
    "nodes": ["+0", "-0", "+1", "-1", "+2", "-2", "+3", "-3", "+4", "-4", "+5", "-5", "+6", "-6", "+7", "-7", "+8", "-8", "+9", "-9", "+10", "-10", "+11", "-11", "+12", "-12", "+13", "-13", "+14", "-14", "+15", "-15", "+16", "-16", "+17", "-17", "+18", "-18", "+19", "-19", "+20", "-20", "+21", "-21", "+22", "-22", "+23", "-23", "+24", "-24", "+25", "-25", "+26", "-26", "+27", "-27", "+28", "-28", "+29", "-29", "+30", "-30", "+31", "-31", "+32", "-32", "+33", "-33", "+34", "-34"],
    "precedence": {
        "+0": "-0",
        "+1": "-1",
        "+2": "-2",
        "+3": "-3",
        "+4": "-4",
        "+5": "-5",
        "+6": "-6",
        "+7": "-7",
        "+8": "-8",
        "+9": "-9",
        "+10": "-10",
        "+11": "-11",
        "+12": "-12",
        "+13": "-13",
        "+14": "-14",
        "+15": "-15",
        "+16": "-16",
        "+17": "-17",
        "+18": "-18",
        "+19": "-19",
        "+20": "-20",
        "+21": "-21",
        "+22": "-22",
        "+23": "-23",
        "+24": "-24",
        "+25": "-25",
        "+26": "-26",
        "+27": "-27",
        "+28": "-28",
        "+29": "-29",
        "+30": "-30",
        "+31": "-31",
        "+32": "-32",
        "+33": "-33",
        "+34": "-34"
    },
    "edges": [
        [    0,    0,  737,  580,  146,  288,  265,  504,  635,  247,  732,  352,   94,  519,  421,  549,  367,  655,  337,  606,  424,  325,  201,  655,  660,  664,  391,  485,  835,  713,  789,  885,  537,  644,  313,  586,  699,  294,  536,  463,  229,  447,   69,  680,  672,  264,  366,  293,  221,  299,  475,  681,  181,  300,  614,  329,  754,  191,  114,  304,  341,  785,  675,  396,  263,  517,  437,  390,  521,  424],
        [    0,    0,  737,  580,  146,  288,  265,  504,  635,  247,  732,  352,   94,  519,  421,  549,  367,  655,  337,  606,  424,  325,  201,  655,  660,  664,  391,  485,  835,  713,  789,  885,  537,  644,  313,  586,  699,  294,  536,  463,  229,  447,   69,  680,  672,  264,  366,  293,  221,  299,  475,  681,  181,  300,  614,  329,  754,  191,  114,  304,  341,  785,  675,  396,  263,  517,  437,  390,  521,  424],
        [  737,  737,    0,  317,  789,  465,  875,  963,  335,  931,  184,  841,  824,  234,  792,  574,  371,  631,  403,  553,  641,  608,  935,  676,  189,  208,  932,  951,  582,  173,  212,  575,  205,  523,  583,  460,  189,  796, 1088,  725,  928,  635,  746,   91,  254,  975,  924,  710,  939,  630,  413,  125,  787,  953,  751,  624,   20,  595,  828,  608,  941,   61,  138,  939,  735,  670,  436,  858,  305,  863],
        [  580,  580,  317,    0,  576,  301,  795,  669,  527,  817,  189,  810,  647,  169,  498,  685,  288,  777,  287,  695,  684,  340,  777,  812,  135,  123,  660,  943,  811,  180,  505,  823,  269,  687,  574,  608,  442,  534, 1051,  421,  715,  332,  560,  226,  103,  843,  873,  446,  800,  370,  500,  373,  696,  857,  852,  354,  335,  515,  638,  595,  685,  377,  380,  896,  691,  749,  160,  576,  418,  575],
        [  146,  146,  789,  576,    0,  325,  390,  359,  741,  341,  749,  492,  114,  558,  294,  685,  429,  792,  392,  739,  566,  260,  240,  795,  679,  678,  246,  619,  962,  733,  873, 1009,  600,  772,  448,  709,  782,  158,  651,  354,  141,  363,   80,  719,  676,  331,  493,  187,  287,  229,  589,  752,  318,  403,  758,  256,  807,  319,   84,  443,  201,  842,  749,  524,  408,  660,  419,  249,  617,  284],
        [  288,  288,  465,  301,  325,    0,  495,  561,  460,  517,  444,  521,  366,  236,  406,  499,  113,  607,   73,  534,  444,  212,  489,  629,  373,  377,  498,  658,  721,  426,  558,  756,  277,  549,  316,  472,  469,  358,  756,  384,  464,  316,  284,  398,  387,  546,  577,  285,  505,  217,  342,  432,  396,  556,  636,  229,  483,  224,  366,  330,  491,  518,  429,  601,  402,  527,  187,  441,  326,  459],
        [  265,  265,  875,  795,  390,  495,    0,  740,  671,  105,  916,  132,  282,  693,  680,  487,  530,  568,  515,  552,  338,  585,  225,  549,  847,  855,  617,  234,  785,  896,  864,  845,  673,  602,  308,  574,  781,  547,  273,  727,  394,  710,  328,  839,  873,  169,  104,  556,  173,  562,  509,  787,   99,   85,  471,  591,  888,  287,  317,  283,  551,  911,  778,  134,  153,  407,  672,  637,  596,  673],
        [  504,  504,  963,  669,  359,  561,  740,    0, 1020,  673,  857,  849,  459,  738,  172, 1018,  672, 1128,  633, 1066,  913,  363,  546, 1137,  801,  791,  126,  972, 1273,  848, 1104, 1312,  816, 1092,  788, 1019, 1018,  220,  987,  254,  364,  339,  435,  877,  767,  642,  842,  277,  605,  348,  891,  969,  676,  737, 1110,  345,  982,  656,  423,  787,  202, 1023,  970,  873,  766, 1007,  528,  124,  887,  104],
        [  635,  635,  335,  527,  741,  460,  671, 1020,    0,  754,  490,  597,  728,  362,  864,  256,  351,  298,  389,  223,  364,  667,  803,  344,  456,  476,  950,  679,  285,  472,  210,  305,  259,  189,  366,  134,  155,  813,  828,  830,  861,  749,  673,  372,  522,  810,  689,  744,  786,  676,  166,  211,  606,  755,  426,  685,  336,  448,  746,  389,  932,  331,  197,  695,  519,  363,  557,  899,  134,  918],
        [  247,  247,  931,  817,  341,  517,  105,  673,  754,    0,  954,  236,  228,  733,  634,  585,  571,  670,  550,  650,  437,  569,  133,  652,  883,  889,  548,  320,  884,  935,  940,  943,  727,  699,  389,  665,  854,  497,  315,  693,  314,  688,  296,  887,  903,   65,  184,  522,   74,  542,  589,  853,  149,   65,  576,  571,  946,  336,  260,  366,  477,  971,  844,  213,  243,  510,  681,  579,  668,  616],
        [  732,  732,  184,  189,  749,  444,  916,  857,  490,  954,    0,  908,  807,  224,  686,  703,  387,  776,  404,  695,  740,  526,  932,  818,   72,   71,  847, 1032,  756,   21,  395,  754,  274,  673,  654,  601,  361,  720, 1155,  607,  889,  519,  723,  118,   92,  988,  982,  632,  948,  554,  524,  290,  821,  987,  879,  540,  197,  629,  803,  678,  871,  233,  302, 1001,  793,  787,  344,  765,  421,  763],
        [  352,  352,  841,  810,  492,  521,  132,  849,  597,  236,  908,    0,  393,  686,  772,  384,  528,  452,  523,  448,  239,  651,  355,  428,  841,  852,  730,  139,  674,  887,  800,  737,  647,  500,  259,  485,  723,  645,  248,  807,  517,  778,  420,  819,  878,  299,   94,  641,  304,  632,  445,  741,  174,  198,  343,  660,  852,  298,  428,  233,  668,  869,  730,  100,  120,  291,  706,  740,  545,  774],
        [   94,   94,  824,  647,  114,  366,  282,  459,  728,  228,  807,  393,    0,  601,  407,  634,  454,  737,  422,  692,  502,  357,  136,  734,  736,  738,  338,  514,  923,  790,  882,  975,  625,  732,  399,  676,  791,  270,  539,  467,  142,  469,   87,  763,  742,  221,  384,  297,  176,  327,  567,  771,  222,  290,  685,  356,  841,  283,   36,  387,  277,  873,  766,  415,  324,  593,  496,  357,  614,  393],
        [  519,  519,  234,  169,  558,  236,  693,  738,  362,  733,  224,  686,  601,    0,  568,  520,  164,  610,  184,  527,  532,  378,  720,  645,  156,  167,  700,  812,  646,  204,  374,  662,  104,  519,  436,  440,  297,  563,  932,  510,  697,  422,  519,  163,  198,  770,  758,  478,  731,  399,  335,  237,  598,  764,  690,  395,  253,  406,  602,  459,  707,  292,  240,  778,  570,  591,  218,  628,  250,  636],
        [  421,  421,  792,  498,  294,  406,  680,  172,  864,  634,  686,  772,  407,  568,    0,  886,  513,  996,  475,  929,  797,  198,  525, 1010,  630,  620,  185,  905, 1126,  677,  937, 1161,  650,  950,  666,  874,  852,  139,  945,   96,  365,  171,  354,  705,  597,  620,  783,  138,  577,  190,  745,  801,  601,  696,  995,  180,  811,  537,  375,  670,  244,  852,  803,  813,  674,  889,  356,   95,  730,   80],
        [  549,  549,  574,  685,  685,  499,  487, 1018,  256,  585,  703,  384,  634,  520,  886,    0,  425,  111,  450,   65,  150,  705,  668,  131,  653,  671,  923,  439,  300,  683,  463,  358,  434,  117,  237,  123,  408,  799,  592,  879,  775,  814,  607,  590,  711,  648,  477,  751,  636,  702,  186,  453,  452,  569,  178,  720,  578,  367,  661,  247,  885,  580,  439,  475,  344,  110,  657,  895,  283,  922],
        [  367,  367,  371,  288,  429,  113,  530,  672,  351,  571,  387,  528,  454,  164,  513,  425,    0,  528,   40,  450,  400,  316,  565,  555,  318,  327,  610,  658,  620,  367,  448,  651,  173,  458,  287,  378,  358,  470,  773,  481,  564,  405,  378,  318,  350,  610,  597,  396,  572,  325,  251,  324,  435,  601,  579,  334,  388,  243,  460,  308,  602,  420,  321,  618,  410,  472,  233,  552,  218,  569],
        [  655,  655,  631,  777,  792,  607,  568, 1128,  298,  670,  776,  452,  737,  610,  996,  111,  528,    0,  555,   83,  239,  814,  762,   49,  732,  751, 1032,  478,  227,  757,  488,  291,  517,  110,  344,  175,  451,  908,  630,  988,  878,  922,  714,  660,  794,  734,  541,  861,  725,  812,  281,  507,  545,  646,  152,  830,  632,  475,  765,  351,  992,  628,  493,  534,  434,  161,  760, 1005,  363, 1032],
        [  337,  337,  403,  287,  392,   73,  515,  633,  389,  550,  404,  523,  422,  184,  475,  450,   40,  555,    0,  478,  413,  279,  537,  580,  334,  341,  570,  656,  655,  385,  487,  688,  208,  489,  293,  410,  397,  431,  765,  446,  528,  372,  344,  344,  359,  586,  588,  357,  547,  287,  282,  362,  418,  584,  598,  296,  420,  230,  426,  312,  563,  454,  359,  610,  404,  490,  211,  513,  256,  530],
        [  606,  606,  553,  695,  739,  534,  552, 1066,  223,  650,  695,  448,  692,  527,  929,   65,  450,   83,  478,    0,  214,  743,  731,  124,  650,  669,  974,  497,  236,  676,  423,  294,  434,   54,  295,   94,  378,  847,  650,  917,  833,  848,  661,  579,  712,  713,  540,  796,  699,  742,  200,  430,  515,  633,  206,  759,  556,  421,  719,  306,  939,  554,  416,  538,  408,  166,  681,  942,  280,  968],
        [  424,  424,  641,  684,  566,  444,  338,  913,  364,  437,  740,  239,  502,  532,  797,  150,  400,  239,  413,  214,    0,  631,  524,  232,  681,  696,  810,  317,  448,  720,  572,  508,  467,  265,  132,  246,  501,  695,  465,  804,  643,  750,  487,  637,  730,  500,  333,  659,  489,  622,  229,  530,  307,  420,  199,  644,  650,  260,  532,  127,  765,  661,  518,  335,  196,   95,  621,  793,  337,  822],
        [  325,  325,  608,  340,  260,  212,  585,  363,  667,  569,  526,  651,  357,  378,  198,  705,  316,  814,  279,  743,  631,    0,  491,  832,  462,  456,  326,  790,  932,  513,  742,  966,  454,  760,  499,  683,  656,  195,  857,  175,  388,  127,  276,  525,  443,  575,  683,  107,  530,   32,  553,  607,  493,  624,  829,   18,  627,  379,  337,  508,  346,  667,  608,  712,  540,  721,  183,  251,  533,  260],
        [  201,  201,  935,  777,  240,  489,  225,  546,  803,  133,  932,  355,  136,  720,  525,  668,  565,  762,  537,  731,  524,  491,    0,  751,  861,  864,  421,  451,  966,  914,  973, 1022,  733,  776,  447,  731,  884,  386,  442,  592,  184,  601,  221,  880,  871,   97,  316,  426,   60,  461,  637,  872,  218,  195,  684,  490,  952,  358,  157,  429,  348,  981,  865,  345,  329,  607,  629,  461,  700,  497],
        [  655,  655,  676,  812,  795,  629,  549, 1137,  344,  652,  818,  428,  734,  645, 1010,  131,  555,   49,  580,  124,  232,  832,  751,    0,  772,  791, 1038,  443,  263,  799,  536,  327,  555,  157,  350,  217,  497,  917,  594, 1007,  875,  944,  716,  702,  833,  717,  514,  874,  711,  828,  313,  552,  534,  624,  109,  847,  678,  482,  764,  353,  995,  674,  539,  505,  422,  144,  787, 1015,  401, 1042],
        [  660,  660,  189,  135,  679,  373,  847,  801,  456,  883,   72,  841,  736,  156,  630,  653,  318,  732,  334,  650,  681,  462,  861,  772,    0,   21,  786,  967,  731,   54,  391,  735,  220,  633,  590,  558,  342,  655, 1088,  554,  819,  465,  652,  102,   69,  917,  914,  568,  877,  489,  471,  270,  751,  917,  828,  477,  207,  560,  733,  614,  806,  247,  280,  933,  725,  733,  280,  705,  372,  705],
        [  664,  664,  208,  123,  678,  377,  855,  791,  476,  889,   71,  852,  738,  167,  620,  671,  327,  751,  341,  669,  696,  456,  864,  791,   21,    0,  778,  979,  751,   58,  412,  755,  237,  652,  602,  577,  363,  650, 1099,  543,  818,  454,  653,  122,   49,  922,  924,  562,  881,  484,  488,  291,  759,  924,  845,  470,  225,  568,  734,  626,  801,  265,  301,  944,  736,  749,  274,  697,  390,  696],
        [  391,  391,  932,  660,  246,  498,  617,  126,  950,  548,  847,  730,  338,  700,  185,  923,  610, 1032,  570,  974,  810,  326,  421, 1038,  786,  778,    0,  851, 1190,  836, 1054, 1233,  767, 1004,  689,  936,  965,  140,  862,  281,  239,  348,  325,  850,  761,  517,  719,  223,  480,  302,  810,  923,  558,  612, 1003,  310,  951,  557,  302,  685,   78,  990,  922,  750,  653,  904,  506,   91,  819,  113],
        [  485,  485,  951,  943,  619,  658,  234,  972,  679,  320, 1032,  139,  514,  812,  905,  439,  658,  478,  656,  497,  317,  790,  451,  443,  967,  979,  851,    0,  704, 1011,  888,  768,  765,  551,  378,  555,  818,  775,  154,  944,  627,  916,  552,  937, 1007,  375,  136,  776,  394,  770,  543,  844,  305,  263,  340,  798,  961,  435,  550,  354,  785,  974,  832,  107,  257,  332,  844,  867,  649,  903],
        [  835,  835,  582,  811,  962,  721,  785, 1273,  285,  884,  756,  674,  923,  646, 1126,  300,  620,  227,  655,  236,  448,  932,  966,  263,  731,  751, 1190,  704,    0,  740,  388,   65,  543,  192,  526,  255,  396, 1058,  855, 1101, 1063, 1024,  886,  639,  799,  947,  765,  998,  935,  937,  383,  467,  751,  865,  370,  949,  577,  646,  948,  540, 1160,  557,  455,  759,  643,  384,  837, 1150,  409, 1173],
        [  713,  713,  173,  180,  733,  426,  896,  848,  472,  935,   21,  887,  790,  204,  677,  683,  367,  757,  385,  676,  720,  513,  914,  799,   54,   58,  836, 1011,  740,    0,  383,  739,  254,  655,  633,  583,  346,  707, 1135,  599,  873,  511,  705,  102,   89,  969,  961,  619,  929,  541,  504,  274,  801,  967,  859,  527,  187,  609,  787,  658,  858,  225,  286,  980,  772,  767,  331,  754,  401,  753],
        [  789,  789,  212,  505,  873,  558,  864, 1104,  210,  940,  395,  800,  882,  374,  937,  463,  448,  488,  487,  423,  572,  742,  973,  536,  391,  412, 1054,  888,  388,  383,    0,  372,  288,  380,  557,  341,   92,  914, 1035,  883, 1004,  795,  815,  290,  459,  993,  891,  835,  964,  758,  358,  137,  791,  948,  628,  759,  201,  616,  894,  582, 1049,  174,  135,  899,  714,  571,  592,  990,  274, 1001],
        [  885,  885,  575,  823, 1009,  756,  845, 1312,  305,  943,  754,  737,  975,  662, 1161,  358,  651,  291,  688,  294,  508,  966, 1022,  327,  735,  755, 1233,  768,   65,  739,  372,    0,  559,  247,  579,  301,  394, 1099,  920, 1132, 1114, 1053,  935,  639,  803, 1006,  827, 1036,  992,  972,  423,  466,  808,  926,  434,  983,  568,  695,  999,  594, 1206,  544,  455,  822,  701,  447,  861, 1190,  436, 1211],
        [  537,  537,  205,  269,  600,  277,  673,  816,  259,  727,  274,  647,  625,  104,  650,  434,  173,  517,  208,  434,  467,  454,  733,  555,  220,  237,  767,  765,  543,  254,  288,  559,    0,  422,  389,  344,  204,  628,  895,  600,  736,  514,  550,  172,  278,  771,  727,  547,  736,  471,  252,  156,  584,  750,  609,  472,  220,  392,  632,  415,  766,  249,  155,  743,  537,  514,  313,  702,  154,  714],
        [  644,  644,  523,  687,  772,  549,  602, 1092,  189,  699,  673,  500,  732,  519,  950,  117,  458,  110,  489,   54,  265,  760,  776,  157,  633,  652, 1004,  551,  192,  655,  380,  247,  422,    0,  334,   82,  342,  874,  704,  933,  872,  861,  696,  556,  697,  761,  593,  819,  746,  762,  209,  399,  562,  684,  252,  777,  524,  455,  757,  348,  972,  519,  386,  591,  456,  219,  686,  968,  270,  992],
        [  313,  313,  583,  574,  448,  316,  308,  788,  366,  389,  654,  259,  399,  436,  666,  237,  287,  344,  293,  295,  132,  499,  447,  350,  590,  602,  689,  378,  526,  633,  557,  579,  389,  334,    0,  284,  475,  568,  507,  672,  539,  619,  370,  561,  631,  446,  343,  529,  424,  490,  201,  485,  242,  392,  331,  513,  594,  133,  425,   26,  648,  612,  475,  357,  158,  223,  497,  666,  291,  695],
        [  586,  586,  460,  608,  709,  472,  574, 1019,  134,  665,  601,  485,  676,  440,  874,  123,  378,  175,  410,   94,  246,  683,  731,  217,  558,  577,  936,  555,  255,  583,  341,  301,  344,   82,  284,    0,  288,  803,  706,  855,  815,  782,  634,  485,  620,  725,  578,  745,  707,  686,  130,  337,  522,  657,  293,  700,  463,  395,  699,  303,  907,  462,  324,  580,  423,  231,  605,  896,  191,  919],
        [  699,  699,  189,  442,  782,  469,  781, 1018,  155,  854,  361,  723,  791,  297,  852,  408,  358,  451,  397,  378,  501,  656,  884,  497,  342,  363,  965,  818,  396,  346,   92,  394,  204,  342,  475,  288,    0,  826,  963,  803,  913,  716,  724,  246,  411,  906,  813,  747,  876,  672,  279,   73,  705,  864,  581,  674,  186,  527,  803,  500,  959,  177,   63,  822,  632,  512,  513,  903,  186,  916],
        [  294,  294,  796,  534,  158,  358,  547,  220,  813,  497,  720,  645,  270,  563,  139,  799,  470,  908,  431,  847,  695,  195,  386,  917,  655,  650,  140,  775, 1058,  707,  914, 1099,  628,  874,  568,  803,  826,    0,  809,  213,  233,  249,  226,  715,  636,  482,  650,   89,  439,  167,  677,  784,  472,  559,  892,  181,  815,  436,  237,  568,  152,  854,  783,  681,  554,  788,  377,   99,  681,  130],
        [  536,  536, 1088, 1051,  651,  756,  273,  987,  828,  315, 1155,  248,  539,  932,  945,  592,  773,  630,  765,  650,  465,  857,  442,  594, 1088, 1099,  862,  154,  855, 1135, 1035,  920,  895,  704,  507,  706,  963,  809,    0,  996,  625,  982,  596, 1066, 1122,  349,  180,  825,  383,  834,  686,  985,  368,  251,  489,  863, 1099,  536,  573,  481,  789, 1114,  973,  156,  363,  485,  937,  893,  789,  930],
        [  463,  463,  725,  421,  354,  384,  727,  254,  830,  693,  607,  807,  467,  510,   96,  879,  481,  988,  446,  917,  804,  175,  592, 1007,  554,  543,  281,  944, 1101,  599,  883, 1132,  600,  933,  672,  855,  803,  213,  996,    0,  446,   90,  401,  636,  516,  685,  828,  172,  641,  183,  725,  746,  641,  753, 1002,  160,  744,  549,  437,  680,  337,  785,  749,  858,  702,  894,  293,  191,  697,  174],
        [  229,  229,  928,  715,  141,  464,  394,  364,  861,  314,  889,  517,  142,  697,  365,  775,  564,  878,  528,  833,  643,  388,  184,  875,  819,  818,  239,  627, 1063,  873, 1004, 1114,  736,  872,  539,  815,  913,  233,  625,  446,    0,  475,  190,  859,  815,  279,  492,  298,  243,  356,  702,  887,  354,  378,  823,  381,  946,  420,  116,  528,  165,  980,  883,  522,  461,  733,  556,  289,  742,  325],
        [  447,  447,  635,  332,  363,  316,  710,  339,  749,  688,  519,  778,  469,  422,  171,  814,  405,  922,  372,  848,  750,  127,  601,  944,  465,  454,  348,  916, 1024,  511,  795, 1053,  514,  861,  619,  782,  716,  249,  982,   90,  475,    0,  393,  546,  429,  689,  808,  179,  644,  149,  653,  658,  618,  745,  946,  119,  654,  503,  444,  629,  392,  696,  661,  837,  666,  838,  204,  258,  617,  250],
        [   69,   69,  746,  560,   80,  284,  328,  435,  673,  296,  723,  420,   87,  519,  354,  607,  378,  714,  344,  661,  487,  276,  221,  716,  652,  653,  325,  552,  886,  705,  815,  935,  550,  696,  370,  634,  724,  226,  596,  401,  190,  393,    0,  682,  656,  300,  430,  230,  255,  247,  518,  699,  248,  353,  679,  277,  763,  242,   83,  364,  279,  797,  695,  460,  331,  580,  409,  321,  553,  355],
        [  680,  680,   91,  226,  719,  398,  839,  877,  372,  887,  118,  819,  763,  163,  705,  590,  318,  660,  344,  579,  637,  525,  880,  702,  102,  122,  850,  937,  639,  102,  290,  639,  172,  556,  561,  485,  246,  715, 1066,  636,  859,  546,  682,    0,  169,  927,  897,  629,  889,  549,  415,  174,  747,  914,  767,  541,  110,  554,  764,  586,  863,  152,  185,  914,  707,  678,  349,  774,  309,  778],
        [  672,  672,  254,  103,  676,  387,  873,  767,  522,  903,   92,  878,  742,  198,  597,  711,  350,  794,  359,  712,  730,  443,  871,  833,   69,   49,  761, 1007,  799,   89,  459,  803,  278,  697,  631,  620,  411,  636, 1122,  516,  815,  429,  656,  169,    0,  932,  946,  548,  891,  472,  527,  339,  776,  940,  884,  456,  270,  589,  735,  654,  788,  310,  349,  967,  760,  786,  262,  677,  432,  674],
        [  264,  264,  975,  843,  331,  546,  169,  642,  810,   65,  988,  299,  221,  770,  620,  648,  610,  734,  586,  713,  500,  575,   97,  717,  917,  922,  517,  375,  947,  969,  993, 1006,  771,  761,  446,  725,  906,  482,  349,  685,  279,  689,  300,  927,  932,    0,  241,  517,   46,  546,  645,  901,  205,  112,  640,  575,  990,  383,  248,  425,  443, 1017,  893,  268,  306,  574,  701,  557,  720,  594],
        [  366,  366,  924,  873,  493,  577,  104,  842,  689,  184,  982,   94,  384,  758,  783,  477,  597,  541,  588,  540,  333,  683,  316,  514,  914,  924,  719,  136,  765,  961,  891,  827,  727,  593,  343,  578,  813,  650,  180,  828,  492,  808,  430,  897,  946,  241,    0,  658,  258,  660,  535,  828,  191,  130,  423,  689,  936,  358,  420,  317,  651,  955,  817,   32,  190,  381,  758,  740,  632,  776],
        [  293,  293,  710,  446,  187,  285,  556,  277,  744,  522,  632,  641,  297,  478,  138,  751,  396,  861,  357,  796,  659,  107,  426,  874,  568,  562,  223,  776,  998,  619,  835, 1036,  547,  819,  529,  745,  747,   89,  825,  172,  298,  179,  230,  629,  548,  517,  658,    0,  473,   80,  616,  702,  472,  581,  858,   93,  729,  400,  270,  533,  240,  768,  702,  688,  539,  752,  289,  157,  611,  175],
        [  221,  221,  939,  800,  287,  505,  173,  605,  786,   74,  948,  304,  176,  731,  577,  636,  572,  725,  547,  699,  489,  530,   60,  711,  877,  881,  480,  394,  935,  929,  964,  992,  736,  746,  424,  707,  876,  439,  383,  641,  243,  644,  255,  889,  891,   46,  258,  473,    0,  501,  620,  869,  185,  136,  639,  530,  955,  350,  204,  404,  407,  983,  861,  287,  293,  568,  657,  517,  691,  553],
        [  299,  299,  630,  370,  229,  217,  562,  348,  676,  542,  554,  632,  327,  399,  190,  702,  325,  812,  287,  742,  622,   32,  461,  828,  489,  484,  302,  770,  937,  541,  758,  972,  471,  762,  490,  686,  672,  167,  834,  183,  356,  149,  247,  549,  472,  546,  660,   80,  501,    0,  556,  625,  470,  598,  821,   30,  650,  367,  306,  497,  318,  689,  625,  689,  523,  713,  211,  232,  542,  245],
        [  475,  475,  413,  500,  589,  342,  509,  891,  166,  589,  524,  445,  567,  335,  745,  186,  251,  281,  282,  200,  229,  553,  637,  313,  471,  488,  810,  543,  383,  504,  358,  423,  252,  209,  201,  130,  279,  677,  686,  725,  702,  653,  518,  415,  527,  645,  535,  616,  620,  556,    0,  302,  441,  592,  358,  570,  422,  285,  587,  226,  785,  432,  290,  544,  357,  264,  481,  768,  109,  791],
        [  681,  681,  125,  373,  752,  432,  787,  969,  211,  853,  290,  741,  771,  237,  801,  453,  324,  507,  362,  430,  530,  607,  872,  552,  270,  291,  923,  844,  467,  274,  137,  466,  156,  399,  485,  337,   73,  784,  985,  746,  887,  658,  699,  174,  339,  901,  828,  702,  869,  625,  302,    0,  705,  868,  629,  625,  127,  519,  780,  511,  922,  131,   14,  840,  642,  552,  455,  856,  197,  867],
        [  181,  181,  787,  696,  318,  396,   99,  676,  606,  149,  821,  174,  222,  598,  601,  452,  435,  545,  418,  515,  307,  493,  218,  534,  751,  759,  558,  305,  751,  801,  791,  808,  584,  562,  242,  522,  705,  472,  368,  641,  354,  618,  248,  747,  776,  205,  191,  472,  185,  470,  441,  705,    0,  167,  472,  499,  801,  194,  257,  220,  498,  826,  697,  220,  113,  390,  573,  566,  519,  601],
        [  300,  300,  953,  857,  403,  556,   85,  737,  755,   65,  987,  198,  290,  764,  696,  569,  601,  646,  584,  633,  420,  624,  195,  624,  917,  924,  612,  263,  865,  967,  948,  926,  750,  684,  392,  657,  864,  559,  251,  753,  378,  745,  353,  914,  940,  112,  130,  581,  136,  598,  592,  868,  167,    0,  541,  627,  967,  361,  323,  367,  540,  990,  859,  156,  237,  485,  727,  643,  678,  679],
        [  614,  614,  751,  852,  758,  636,  471, 1110,  426,  576,  879,  343,  685,  690,  995,  178,  579,  152,  598,  206,  199,  829,  684,  109,  828,  845, 1003,  340,  370,  859,  628,  434,  609,  252,  331,  293,  581,  892,  489, 1002,  823,  946,  679,  767,  884,  640,  423,  858,  639,  821,  358,  629,  472,  541,    0,  843,  755,  459,  717,  326,  954,  755,  615,  410,  362,  109,  808,  990,  459, 1020],
        [  329,  329,  624,  354,  256,  229,  591,  345,  685,  571,  540,  660,  356,  395,  180,  720,  334,  830,  296,  759,  644,   18,  490,  847,  477,  470,  310,  798,  949,  527,  759,  983,  472,  777,  513,  700,  674,  181,  863,  160,  381,  119,  277,  541,  456,  575,  689,   93,  530,   30,  570,  625,  499,  627,  843,    0,  644,  391,  334,  521,  332,  684,  626,  718,  550,  734,  197,  234,  551,  243],
        [  754,  754,   20,  335,  807,  483,  888,  982,  336,  946,  197,  852,  841,  253,  811,  578,  388,  632,  420,  556,  650,  627,  952,  678,  207,  225,  951,  961,  577,  187,  201,  568,  220,  524,  594,  463,  186,  815, 1099,  744,  946,  654,  763,  110,  270,  990,  936,  729,  955,  650,  422,  127,  801,  967,  755,  644,    0,  610,  846,  620,  960,   42,  140,  950,  748,  677,  455,  877,  314,  883],
        [  191,  191,  595,  515,  319,  224,  287,  656,  448,  336,  629,  298,  283,  406,  537,  367,  243,  475,  230,  421,  260,  379,  358,  482,  560,  568,  557,  435,  646,  609,  616,  695,  392,  455,  133,  395,  527,  436,  536,  549,  420,  503,  242,  554,  589,  383,  358,  400,  350,  367,  285,  519,  194,  361,  459,  391,  610,    0,  305,  134,  519,  636,  512,  381,  179,  354,  409,  534,  343,  563],
        [  114,  114,  828,  638,   84,  366,  317,  423,  746,  260,  803,  428,   36,  602,  375,  661,  460,  765,  426,  719,  532,  337,  157,  764,  733,  734,  302,  550,  948,  787,  894,  999,  632,  757,  425,  699,  803,  237,  573,  437,  116,  444,   83,  764,  735,  248,  420,  270,  204,  306,  587,  780,  257,  323,  717,  334,  846,  305,    0,  415,  242,  879,  775,  451,  358,  624,  485,  322,  629,  358],
        [  304,  304,  608,  595,  443,  330,  283,  787,  389,  366,  678,  233,  387,  459,  670,  247,  308,  351,  312,  306,  127,  508,  429,  353,  614,  626,  685,  354,  540,  658,  582,  594,  415,  348,   26,  303,  500,  568,  481,  680,  528,  629,  364,  586,  654,  425,  317,  533,  404,  497,  226,  511,  220,  367,  326,  521,  620,  134,  415,    0,  642,  638,  501,  331,  133,  221,  514,  666,  317,  695],
        [  341,  341,  941,  685,  201,  491,  551,  202,  932,  477,  871,  668,  277,  707,  244,  885,  602,  992,  563,  939,  765,  346,  348,  995,  806,  801,   78,  785, 1160,  858, 1049, 1206,  766,  972,  648,  907,  959,  152,  789,  337,  165,  392,  279,  863,  788,  443,  651,  240,  407,  318,  785,  922,  498,  540,  954,  332,  960,  519,  242,  642,    0,  998,  920,  682,  598,  858,  528,  151,  804,  182],
        [  785,  785,   61,  377,  842,  518,  911, 1023,  331,  971,  233,  869,  873,  292,  852,  580,  420,  628,  454,  554,  661,  667,  981,  674,  247,  265,  990,  974,  557,  225,  174,  544,  249,  519,  612,  462,  177,  854, 1114,  785,  980,  696,  797,  152,  310, 1017,  955,  768,  983,  689,  432,  131,  826,  990,  755,  684,   42,  636,  879,  638,  998,    0,  144,  968,  768,  682,  496,  917,  326,  923],
        [  675,  675,  138,  380,  749,  429,  778,  970,  197,  844,  302,  730,  766,  240,  803,  439,  321,  493,  359,  416,  518,  608,  865,  539,  280,  301,  922,  832,  455,  286,  135,  455,  155,  386,  475,  324,   63,  783,  973,  749,  883,  661,  695,  185,  349,  893,  817,  702,  861,  625,  290,   14,  697,  859,  615,  626,  140,  512,  775,  501,  920,  144,    0,  829,  632,  539,  458,  857,  186,  868],
        [  396,  396,  939,  896,  524,  601,  134,  873,  695,  213, 1001,  100,  415,  778,  813,  475,  618,  534,  610,  538,  335,  712,  345,  505,  933,  944,  750,  107,  759,  980,  899,  822,  743,  591,  357,  580,  822,  681,  156,  858,  522,  837,  460,  914,  967,  268,   32,  688,  287,  689,  544,  840,  220,  156,  410,  718,  950,  381,  451,  331,  682,  968,  829,    0,  209,  376,  784,  771,  644,  807],
        [  263,  263,  735,  691,  408,  402,  153,  766,  519,  243,  793,  120,  324,  570,  674,  344,  410,  434,  404,  408,  196,  540,  329,  422,  725,  736,  653,  257,  643,  772,  714,  701,  537,  456,  158,  423,  632,  554,  363,  702,  461,  666,  331,  707,  760,  306,  190,  539,  293,  523,  357,  642,  113,  237,  362,  550,  748,  179,  358,  133,  598,  768,  632,  209,    0,  279,  587,  651,  448,  684],
        [  517,  517,  670,  749,  660,  527,  407, 1007,  363,  510,  787,  291,  593,  591,  889,  110,  472,  161,  490,  166,   95,  721,  607,  144,  733,  749,  904,  332,  384,  767,  571,  447,  514,  219,  223,  231,  512,  788,  485,  894,  733,  838,  580,  678,  786,  574,  381,  752,  568,  713,  264,  552,  390,  485,  109,  734,  677,  354,  624,  221,  858,  682,  539,  376,  279,    0,  700,  886,  370,  916],
        [  437,  437,  436,  160,  419,  187,  672,  528,  557,  681,  344,  706,  496,  218,  356,  657,  233,  760,  211,  681,  621,  183,  629,  787,  280,  274,  506,  844,  837,  331,  592,  861,  313,  686,  497,  605,  513,  377,  937,  293,  556,  204,  409,  349,  262,  701,  758,  289,  657,  211,  481,  455,  573,  727,  808,  197,  455,  409,  485,  514,  528,  496,  458,  784,  587,  700,    0,  426,  429,  429],
        [  390,  390,  858,  576,  249,  441,  637,  124,  899,  579,  765,  740,  357,  628,   95,  895,  552, 1005,  513,  942,  793,  251,  461, 1015,  705,  697,   91,  867, 1150,  754,  990, 1190,  702,  968,  666,  896,  903,   99,  893,  191,  289,  258,  321,  774,  677,  557,  740,  157,  517,  232,  768,  856,  566,  643,  990,  234,  877,  534,  322,  666,  151,  917,  857,  771,  651,  886,  426,    0,  767,   37],
        [  521,  521,  305,  418,  617,  326,  596,  887,  134,  668,  421,  545,  614,  250,  730,  283,  218,  363,  256,  280,  337,  533,  700,  401,  372,  390,  819,  649,  409,  401,  274,  436,  154,  270,  291,  191,  186,  681,  789,  697,  742,  617,  553,  309,  432,  720,  632,  611,  691,  542,  109,  197,  519,  678,  459,  551,  314,  343,  629,  317,  804,  326,  186,  644,  448,  370,  429,  767,    0,  785],
        [  424,  424,  863,  575,  284,  459,  673,  104,  918,  616,  763,  774,  393,  636,   80,  922,  569, 1032,  530,  968,  822,  260,  497, 1042,  705,  696,  113,  903, 1173,  753, 1001, 1211,  714,  992,  695,  919,  916,  130,  930,  174,  325,  250,  355,  778,  674,  594,  776,  175,  553,  245,  791,  867,  601,  679, 1020,  243,  883,  563,  358,  695,  182,  923,  868,  807,  684,  916,  429,   37,  785,    0]
    ]
}
