{
    "name": "random-89-10169",
    "comment": "size=89 seed=10169",
    "nodes": ["+0", "-0", "+1", "-1", "+2", "-2", "+3", "-3", "+4", "-4", "+5", "-5", "+6", "-6", "+7", "-7", "+8", "-8", "+9", "-9", "+10", "-10", "+11", "-11", "+12", "-12", "+13", "-13", "+14", "-14", "+15", "-15", "+16", "-16", "+17", "-17", "+18", "-18", "+19", "-19", "+20", "-20", "+21", "-21", "+22", "-22", "+23", "-23", "+24", "-24", "+25", "-25", "+26", "-26", "+27", "-27", "+28", "-28", "+29", "-29", "+30", "-30", "+31", "-31", "+32", "-32", "+33", "-33", "+34", "-34", "+35", "-35", "+36", "-36", "+37", "-37", "+38", "-38", "+39", "-39", "+40", "-40", "+41", "-41", "+42", "-42", "+43", "-43", "+44", "-44", "+45", "-45", "+46", "-46", "+47", "-47", "+48", "-48", "+49", "-49", "+50", "-50", "+51", "-51", "+52", "-52", "+53", "-53", "+54", "-54", "+55", "-55", "+56", "-56", "+57", "-57", "+58", "-58", "+59", "-59", "+60", "-60", "+61", "-61", "+62", "-62", "+63", "-63", "+64", "-64", "+65", "-65", "+66", "-66", "+67", "-67", "+68", "-68", "+69", "-69", "+70", "-70", "+71", "-71", "+72", "-72", "+73", "-73", "+74", "-74", "+75", "-75", "+76", "-76", "+77", "-77", "+78", "-78", "+79", "-79", "+80", "-80", "+81", "-81", "+82", "-82", "+83", "-83", "+84", "-84", "+85", "-85", "+86", "-86", "+87", "-87", "+88", "-88", "+89", "-89"],
    "precedence": {
        "+0": "-0",
        "+1": "-1",
        "+2": "-2",
        "+3": "-3",
        "+4": "-4",
        "+5": "-5",
        "+6": "-6",
        "+7": "-7",
        "+8": "-8",
        "+9": "-9",
        "+10": "-10",
        "+11": "-11",
        "+12": "-12",
        "+13": "-13",
        "+14": "-14",
        "+15": "-15",
        "+16": "-16",
        "+17": "-17",
        "+18": "-18",
        "+19": "-19",
        "+20": "-20",
        "+21": "-21",
        "+22": "-22",
        "+23": "-23",
        "+24": "-24",
        "+25": "-25",
        "+26": "-26",
        "+27": "-27",
        "+28": "-28",
        "+29": "-29",
        "+30": "-30",
        "+31": "-31",
        "+32": "-32",
        "+33": "-33",
        "+34": "-34",
        "+35": "-35",
        "+36": "-36",
        "+37": "-37",
        "+38": "-38",
        "+39": "-39",
        "+40": "-40",
        "+41": "-41",
        "+42": "-42",
        "+43": "-43",
        "+44": "-44",
        "+45": "-45",
        "+46": "-46",
        "+47": "-47",
        "+48": "-48",
        "+49": "-49",
        "+50": "-50",
        "+51": "-51",
        "+52": "-52",
        "+53": "-53",
        "+54": "-54",
        "+55": "-55",
        "+56": "-56",
        "+57": "-57",
        "+58": "-58",
        "+59": "-59",
        "+60": "-60",
        "+61": "-61",
        "+62": "-62",
        "+63": "-63",
        "+64": "-64",
        "+65": "-65",
        "+66": "-66",
        "+67": "-67",
        "+68": "-68",
        "+69": "-69",
        "+70": "-70",
        "+71": "-71",
        "+72": "-72",
        "+73": "-73",
        "+74": "-74",
        "+75": "-75",
        "+76": "-76",
        "+77": "-77",
        "+78": "-78",
        "+79": "-79",
        "+80": "-80",
        "+81": "-81",
        "+82": "-82",
        "+83": "-83",
        "+84": "-84",
        "+85": "-85",
        "+86": "-86",
        "+87": "-87",
        "+88": "-88",
        "+89": "-89"
    },
    "edges": [
        [    0,    0,  705,  304,  727,  326,  617,  244,  737,  576,  604,  599,  470,  405,  546,  405,  233,  942,  104,  366,  415,  733,  759, 1037,  616,  693,  488,  398,  299,  738,  419,  382,  434,  380,   34,  575,  406,  569,  320,  768,  830,  675,  597,   89,  773,  353,  371,  600,  616,  397,  303, 1051,  679,  743,  514,   72,  661,  714,  935,  808,  673,  611,  567,  567,  425,  524,  549,  241,  855,  390,  857,  593,  651,  394,  325,  516,  824,  525,  128,  860,  406,  430,  710,  407,  960,  722,  825,  135,  525,  422,  257,  520,  514, 1005,  592,  906,  132,  503,  364,  931,  235,  796,  257,  254,  367,  694,  797,  523,  690,  556,  241,  826,  283,  966,  230,  290,  751,  767,  391,  401,  207,  825,  748,  687,  265,  709,  289,  642,  363,  593,  695,  811,  557,  309,  474,  841,  482,  469,  845,  306,  371, 1116,  841,  958,  846,  670,  749,  568,  670,  734,  425,  577,  568,  235,  337,   31,  903,  163,  497,  419,  392,  537,  759,  339,  943,  316,  556,  699,  836,  482,  562,  645,  480,  149,  727,  260,  604,  513,  957,  148],
        [    0,    0,    0,    0,    0,    0,    0,    0,    0,    0,    0,    0,    0,    0,    0,    0,    0,    0,    0,    0,    0,    0,    0,    0,    0,    0,    0,    0,    0,    0,    0,    0,    0,    0,    0,    0,    0,    0,    0,    0,    0,    0,    0,    0,    0,    0,    0,    0,    0,    0,    0,    0,    0,    0,    0,    0,    0,    0,    0,    0,    0,    0,    0,    0,    0,    0,    0,    0,    0,    0,    0,    0,    0,    0,    0,    0,    0,    0,    0,    0,    0,    0,    0,    0,    0,    0,    0,    0,    0,    0,    0,    0,    0,    0,    0,    0,    0,    0,    0,    0,    0,    0,    0,    0,    0,    0,    0,    0,    0,    0,    0,    0,    0,    0,    0,    0,    0,    0,    0,    0,    0,    0,    0,    0,    0,    0,    0,    0,    0,    0,    0,    0,    0,    0,    0,    0,    0,    0,    0,    0,    0,    0,    0,    0,    0,    0,    0,    0,    0,    0,    0,    0,    0,    0,    0,    0,    0,    0,    0,    0,    0,    0,    0,    0,    0,    0,    0,    0,    0,    0,    0,    0,    0,    0,    0,    0,    0,    0,    0,    0],
        [  705,    0,    0,  675,  214,  748,  974,  494,  237,  860,  371,  743,  846,  786,  368,  478,  479,  337,  646,  691,  414,  112,  221,  529,  323,   82,  751,  309,  456,  320,  321,  654,  588,  331,  673,  180,  586,  529,  533,  268,  634,  250,  433,  746,  389,  805,  417,  839,  344,  377,  636,  614,  581,  335,  802,  733,  113,   95,  246,  474,  102,  824,  318,  356,  382,  858,  217,  477,  334,  437,  351,  752,  416,  408,  382,  472,  164,  287,  753,  185,  301,  376,  554,  443,  358,  279,  273,  655,  257,  345,  677,  502,  473,  401,  848,  542,  629,  575,  770,  306,  472,  289,  507,  676,  607,   80,  377,  448,  318,  853,  774,  248,  448,  289,  590,  484,   62,  652,  393,  655,  610,  296,   78,  370,  594,  396,  497,  153,  510,  140,  221,  384,  177,  478,  239,  144,  426,  530,  489,  701,  609,  652,  607,  394,  317,  283,  325,  751,  203,  360,  367,  391,  646,  522,  576,  720,  234,  549,  340,  297,  617,  872,   66,  579,  487,  582,  547,  306,  150,  321,  175,  220,  295,  578,  529,  590,  243,  542,  368,  681],
        [  304,    0,  675,    0,  783,   74,  357,  226,  800,  286,  420,  296,  204,  132,  682,  592,  362,  983,  372,  639,  569,  746,  637,  846,  454,  630,  186,  402,  455,  833,  506,  641,  666,  438,  285,  502,  140,  318,  533,  837,  566,  753,  756,  392,  583,  130,  519,  302,  737,  299,  563,  832,  415,  843,  219,  376,  590,  724,  921,  591,  604,  310,  680,  397,  561,  245,  608,  265,  927,  555,  695,  289,  445,  542,  388,  295,  829,  408,  214,  857,  445,  304,  457,  576,  822,  805,  881,  172,  603,  532,   48,  283,  293, 1050,  297,  681,  391,  235,  655,  808,  344,  649,  196,   51,  612,  631,  614,  693,  525,  268,  543,  871,  420,  964,  471,  203,  735,  492,  527,  104,  459,  680,  689,  500,  509,  512,  189,  557,  566,  538,  571,  628,  500,  203,  447,  819,  645,  225,  628,  586,  616,  900,  586, 1020,  914,  520,  582,  265,  729,  552,  552,  387,  278,  428,  105,  334,  905,  337,  358,  393,  111,  260,  710,  574,  745,   94,  298,  539,  768,  365,  502,  713,  572,  221,  483,  502,  483,  258,  813,  157],
        [  727,    0,  214,  783,    0,  855, 1115,  570,   24, 1008,  562,  910,  974,  907,  237,  392,  496,  215,  645,  603,  343,  108,  434,  732,  517,  294,  894,  382,  435,  108,  309,  560,  478,  360,  700,  351,  724,  706,  473,   60,  841,   69,  270,  744,  601,  911,  371,  995,  180,  499,  569,  823,  773,  123,  945,  735,  317,  120,  263,  686,  308,  983,  191,  538,  319,  996,  182,  539,  146,  371,  562,  917,  613,  352,  417,  640,  151,  453,  806,  188,  344,  514,  753,  366,  549,   69,  100,  717,  203,  308,  772,  670,  640,  279, 1002,  756,  622,  736,  687,  493,  499,  502,  593,  771,  519,  292,  590,  315,  525,  998,  728,  100,  445,  269,  553,  581,  181,  851,  347,  788,  578,  507,  284,  574,  544,  603,  595,  352,  436,  310,  431,  597,  332,  581,  346,  219,  315,  685,  702,  631,  520,  857,  816,  238,  131,  488,  538,  911,   58,  570,  312,  575,  815,  505,  696,  734,  211,  565,  500,  393,  750, 1011,  259,  503,  698,  696,  721,  514,  322,  472,  334,   84,  248,  632,  731,  543,  434,  707,  562,  747],
        [  326,    0,  748,   74,  855,    0,  302,  293,  872,  250,  483,  298,  148,   80,  748,  650,  421, 1056,  408,  679,  632,  819,  704,  901,  519,  702,  174,  474,  515,  903,  574,  685,  717,  507,  315,  574,  196,  366,  586,  909,  601,  824,  819,  411,  642,   57,  581,  277,  805,  372,  606,  880,  453,  913,  190,  396,  662,  797,  994,  643,  676,  291,  748,  462,  625,  199,  679,  331,  999,  616,  757,  288,  502,  604,  455,  354,  902,  478,  215,  930,  515,  376,  499,  636,  886,  875,  953,  207,  673,  598,   91,  338,  352, 1123,  267,  729,  430,  279,  688,  875,  405,  713,  265,   94,  660,  704,  674,  755,  588,  230,  567,  944,  481, 1037,  517,  275,  808,  522,  591,  138,  502,  744,  760,  561,  555,  570,  261,  628,  621,  610,  640,  687,  573,  276,  520,  891,  707,  280,  679,  623,  664,  948,  624, 1092,  985,  586,  645,  262,  801,  613,  617,  450,  304,  481,  175,  354,  978,  389,  428,  466,  162,  213,  782,  623,  799,  167,  344,  603,  839,  436,  575,  784,  640,  273,  528,  548,  553,  308,  876,  183],
        [  617,    0,  974,  357, 1115,  302,    0,  580, 1133,  123,  638,  272,  155,  226, 1036,  949,  718, 1302,  706,  977,  926, 1061,  873,  978,  686,  913,  224,  741,  812, 1176,  857,  985, 1018,  787,  610,  794,  392,  476,  887, 1171,  608, 1093, 1111,  696,  756,  265,  876,  162, 1088,  616,  906,  921,  502, 1187,  172,  683,  872, 1039, 1213,  722,  887,  189, 1031,  635,  916,  119,  948,  620, 1260,  912,  882,  258,  628,  898,  740,  511, 1136,  688,  494, 1159,  789,  604,  554,  933, 1021, 1144, 1209,  507,  948,  885,  390,  483,  510, 1368,  145,  781,  729,  407,  980, 1025,  700,  860,  548,  393,  961,  915,  790, 1050,  738,  124,  854, 1195,  776, 1260,  818,  548, 1036,  521,  883,  327,  802,  888,  968,  694,  856,  690,  534,  834,  921,  835,  816,  801,  802,  542,  770, 1111, 1001,  446,  751,  920,  964,  987,  644, 1347, 1245,  750,  783,  245, 1064,  741,  906,  608,  359,  781,  423,  642, 1207,  689,  635,  723,  366,  104,  994,  924,  878,  427,  453,  754, 1034,  655,  802, 1051,  921,  573,  592,  849,  745,  442, 1006,  481],
        [  244,    0,  494,  226,  570,  293,  580,    0,  585,  496,  363,  457,  428,  357,  457,  377,  151,  777,  243,  466,  347,  546,  519,  794,  372,  468,  383,  192,  239,  611,  282,  458,  465,  215,  211,  343,  235,  356,  332,  621,  613,  534,  531,  317,  530,  346,  298,  501,  512,  153,  387,  812,  469,  621,  427,  300,  432,  525,  737,  570,  445,  500,  456,  324,  337,  464,  390,   42,  711,  335,  613,  456,  413,  319,  163,  292,  634,  282,  261,  666,  226,  186,  491,  357,  719,  585,  669,  162,  381,  307,  206,  303,  290,  843,  500,  669,  247,  312,  506,  692,  129,  553,   35,  203,  421,  469,  553,  471,  446,  480,  426,  662,  202,  774,  294,   57,  548,  562,  303,  271,  291,  582,  526,  445,  327,  469,   65,  408,  357,  368,  454,  568,  329,   77,  256,  637,  422,  265,  606,  428,  425,  875,  618,  808,  699,  426,  505,  438,  514,  491,  327,  338,  394,  230,  172,  269,  713,  159,  253,  198,  241,  480,  541,  380,  701,  160,  350,  455,  612,  238,  334,  495,  348,   96,  501,  320,  362,  309,  715,  188],
        [  737,    0,  237,  800,   24,  872, 1133,  585,    0, 1028,  584,  930,  991,  925,  234,  392,  506,  207,  653,  600,  345,  130,  457,  753,  539,  317,  914,  398,  442,   87,  319,  557,  474,  373,  710,  373,  743,  728,  475,   39,  864,   67,  260,  751,  624,  927,  377, 1015,  173,  518,  569,  845,  796,  101,  965,  742,  340,  143,  272,  709,  332, 1004,  190,  560,  324, 1015,  195,  554,  128,  373,  584,  937,  636,  356,  430,  662,  165,  474,  818,  200,  359,  534,  776,  368,  569,   50,   89,  730,  213,  316,  788,  691,  662,  269, 1021,  779,  628,  756,  684,  513,  510,  524,  609,  786,  517,  315,  613,  309,  548, 1018,  730,   96,  454,  274,  557,  598,  202,  874,  353,  807,  583,  529,  306,  597,  546,  626,  612,  375,  437,  332,  454,  620,  353,  598,  365,  235,  313,  705,  725,  630,  518,  878,  839,  225,  115,  511,  561,  931,   72,  593,  318,  597,  836,  512,  714,  742,  218,  575,  521,  411,  768, 1030,  281,  503,  720,  713,  742,  537,  342,  493,  356,   93,  257,  645,  754,  546,  457,  728,  583,  760],
        [  576,    0,  860,  286, 1008,  250,  123,  496, 1028,    0,  517,  152,  121,  172,  945,  871,  641, 1190,  655,  923,  842,  950,  752,  859,  565,  796,  116,  641,  733, 1074,  764,  926,  950,  693,  563,  680,  286,  355,  817, 1066,  495,  990, 1023,  661,  634,  236,  793,   49,  993,  511,  848,  807,  382, 1086,   69,  646,  755,  927, 1095,  602,  770,   77,  936,  516,  830,   64,  847,  537, 1153,  830,  760,  138,  506,  814,  650,  393, 1023,  573,  463, 1044,  692,  495,  434,  852,  898, 1041, 1101,  453,  850,  795,  328,  364,  392, 1256,   30,  664,  675,  288,  936,  903,  621,  737,  462,  331,  897,  798,  668,  966,  616,   21,  817, 1085,  697, 1144,  756,  456,  921,  407,  797,  228,  744,  766,  850,  572,  794,  568,  443,  717,  848,  722,  696,  679,  689,  448,  663,  995,  917,  330,  632,  870,  901,  873,  530, 1237, 1138,  629,  660,  123,  959,  619,  818,  488,  236,  711,  329,  604, 1092,  622,  520,  620,  264,   59,  876,  859,  759,  337,  331,  632,  915,  542,  689,  948,  826,  506,  472,  787,  627,  323,  884,  431],
        [  604,    0,  371,  420,  562,  483,  638,  363,  584,  517,    0,  384,  534,  491,  601,  618,  463,  707,  602,  781,  560,  477,  236,  437,   51,  296,  422,  316,  512,  653,  443,  759,  732,  388,  571,  213,  289,  165,  619,  621,  301,  569,  684,  679,  171,  533,  528,  488,  619,  218,  704,  450,  212,  668,  470,  662,  259,  456,  589,  211,  272,  469,  569,   42,  532,  530,  451,  380,  698,  566,  275,  395,   62,  537,  391,  133,  533,  131,  585,  547,  364,  180,  195,  584,  404,  614,  639,  494,  474,  483,  445,  157,  135,  770,  500,  310,  600,  233,  838,  397,  443,  232,  347,  446,  713,  298,  198,  659,  106,  515,  779,  617,  480,  639,  620,  314,  431,  293,  515,  355,  627,  263,  343,   85,  645,  107,  316,  219,  623,  253,  180,  213,  237,  295,  271,  492,  616,  207,  245,  758,  717,  513,  290,  765,  681,  113,  163,  399,  526,  135,  514,   34,  287,  544,  319,  630,  594,  507,  120,  276,  323,  542,  372,  673,  341,  336,  188,  122,  400,  149,  233,  527,  477,  455,  182,  639,  129,  197,  394,  506],
        [  599,    0,  743,  296,  910,  298,  272,  457,  930,  152,  384,    0,  232,  241,  878,  828,  607, 1079,  659,  915,  789,  841,  615,  707,  434,  674,  128,  565,  693,  985,  697,  911,  921,  626,  578,  568,  223,  219,  788,  968,  346,  900,  960,  687,  486,  313,  743,  112,  918,  427,  836,  656,  230,  998,  143,  671,  635,  819,  971,  451,  649,   87,  861,  390,  772,  194,  761,  497, 1053,  783,  613,   16,  364,  762,  593,  272,  907,  461,  506,  925,  618,  402,  282,  804,  751,  950,  998,  465,  770,  732,  344,  242,  272, 1144,  128,  512,  674,  175,  941,  759,  585,  595,  423,  347,  876,  676,  521,  910,  477,  160,  835,  979,  655, 1021,  742,  406,  805,  259,  743,  200,  734,  622,  725,  430,  778,  423,  395,  595,  812,  610,  563,  530,  581,  392,  570,  872,  861,  228,  480,  868,  880,  723,  380, 1130, 1037,  495,  517,   40,  864,  475,  758,  358,   98,  685,  287,  629,  973,  604,  411,  537,  219,  199,  753,  835,  607,  304,  198,  493,  783,  438,  580,  857,  754,  495,  320,  771,  503,  204,  736,  452],
        [  470,    0,  846,  204,  974,  148,  155,  428,  991,  121,  534,  232,    0,   72,  884,  795,  564, 1167,  555,  826,  772,  927,  768,  917,  578,  790,  121,  595,  658, 1030,  707,  833,  864,  638,  460,  667,  261,  386,  732, 1029,  574,  948,  959,  552,  673,  120,  722,  162,  938,  477,  753,  877,  442, 1041,   90,  538,  749,  904, 1088,  656,  764,  185,  881,  524,  764,   59,  803,  468, 1119,  758,  796,  218,  537,  745,  589,  402, 1005,  563,  350, 1030,  642,  471,  494,  779,  932,  999, 1070,  355,  800,  734,  236,  378,  401, 1234,  146,  729,  577,  303,  833,  930,  547,  764,  397,  239,  807,  792,  707,  896,  639,  101,  709, 1057,  623, 1134,  665,  399,  907,  488,  730,  191,  649,  794,  847,  601,  702,  604,  385,  712,  767,  706,  707,  719,  671,  395,  630,  986,  848,  330,  689,  770,  811,  945,  605, 1208, 1104,  645,  690,  193,  921,  652,  754,  502,  285,  627,  278,  496, 1079,  535,  510,  581,  230,   70,  871,  770,  815,  280,  361,  655,  919,  526,  672,  907,  772,  419,  529,  696,  628,  339,  920,  329],
        [  405,    0,  786,  132,  907,   80,  226,  357,  925,  172,  491,  241,   72,    0,  813,  723,  493, 1103,  487,  757,  701,  864,  721,  891,  532,  734,  114,  528,  586,  961,  637,  763,  793,  568,  394,  608,  207,  354,  661,  962,  567,  880,  887,  489,  639,   72,  651,  202,  868,  414,  684,  860,  426,  972,  116,  475,  693,  841, 1030,  630,  708,  220,  811,  476,  693,  120,  735,  396, 1052,  686,  759,  229,  501,  673,  519,  358,  944,  507,  291,  970,  573,  410,  475,  707,  893,  931, 1004,  286,  731,  663,  165,  337,  356, 1170,  191,  710,  508,  268,  767,  887,  475,  722,  326,  168,  737,  735,  673,  825,  596,  152,  646,  992,  551, 1075,  594,  330,  847,  484,  659,  137,  580,  753,  791,  563,  632,  568,  316,  657,  695,  647,  658,  685,  610,  327,  566,  928,  776,  284,  665,  702,  741,  928,  594, 1143, 1038,  600,  650,  203,  854,  614,  683,  458,  270,  556,  213,  433, 1018,  464,  455,  515,  173,  134,  815,  700,  789,  212,  330,  612,  866,  468,  612,  839,  702,  348,  508,  626,  576,  301,  882,  262],
        [  546,    0,  368,  682,  237,  748, 1036,  457,  234,  945,  601,  878,  884,  813,    0,  163,  336,  434,  451,  367,  132,  309,  564,  887,  569,  423,  830,  315,  250,  201,  182,  324,  242,  253,  525,  405,  664,  706,  251,  253,  901,  169,   85,  543,  698,  799,  177,  943,   72,  453,  339,  960,  799,  204,  877,  538,  424,  305,  498,  776,  424,  938,   51,  565,  126,  918,  163,  418,  327,  158,  699,  881,  662,  153,  296,  633,  382,  471,  647,  421,  260,  484,  793,  145,  725,  200,  315,  572,  130,  151,  658,  659,  632,  488,  945,  863,  424,  708,  451,  673,  348,  630,  488,  656,  284,  422,  698,   82,  606,  931,  502,  328,  276,  506,  341,  489,  371,  889,  161,  717,  367,  646,  444,  644,  323,  675,  503,  443,  209,  378,  534,  709,  375,  497,  332,  438,   81,  653,  800,  399,  285, 1006,  886,  430,  322,  568,  639,  869,  195,  659,  132,  601,  794,  312,  617,  546,  447,  393,  502,  347,  682,  934,  431,  273,  832,  610,  714,  601,  511,  469,  381,  167,  127,  488,  782,  324,  494,  687,  734,  604],
        [  405,    0,  478,  592,  392,  650,  949,  377,  392,  871,  618,  828,  795,  723,  163,    0,  231,  595,  304,  217,   66,  445,  641,  966,  596,  514,  759,  303,  138,  363,  182,  177,  118,  230,  389,  455,  607,  688,   91,  414,  914,  326,  195,  390,  745,  697,   91,  877,  234,  427,  178, 1024,  792,  365,  803,  386,  503,  436,  646,  814,  507,  877,  203,  578,   98,  836,  262,  336,  489,   52,  772,  829,  679,   82,  241,  615,  528,  489,  517,  567,  255,  465,  798,   37,  823,  361,  476,  456,  223,  144,  560,  636,  613,  650,  876,  908,  276,  670,  299,  775,  250,  702,  411,  558,  131,  513,  753,  119,  649,  855,  340,  487,  175,  660,  184,  423,  497,  886,  103,  648,  211,  723,  549,  678,  162,  708,  435,  510,   47,  442,  597,  765,  425,  436,  355,  574,   84,  617,  844,  239,  133, 1076,  907,  593,  484,  614,  694,  812,  343,  704,  116,  609,  756,  176,  548,  400,  599,  268,  503,  343,  617,  852,  543,  112,  897,  536,  690,  649,  627,  471,  432,  313,  183,  379,  794,  164,  535,  656,  829,  487],
        [  233,    0,  479,  362,  496,  421,  718,  151,  506,  641,  463,  607,  564,  493,  336,  231,    0,  710,  169,  326,  212,  501,  566,  870,  459,  478,  531,  184,   94,  515,  188,  312,  315,  150,  205,  372,  385,  492,  182,  539,  740,  447,  402,  267,  619,  470,  162,  649,  400,  247,  247,  905,  603,  522,  573,  254,  450,  483,  704,  673,  460,  650,  347,  423,  211,  605,  317,  111,  628,  195,  680,  606,  521,  186,   99,  423,  592,  353,  315,  628,  178,  288,  619,  216,  766,  495,  594,  237,  294,  196,  331,  439,  421,  774,  647,  772,  155,  458,  375,  729,   23,  613,  185,  328,  272,  478,  636,  335,  526,  625,  323,  594,   61,  734,  158,  203,  523,  698,  175,  420,  164,  640,  530,  539,  186,  566,  213,  439,  208,  381,  507,  650,  348,  219,  263,  612,  287,  408,  707,  296,  276,  965,  740,  729,  617,  498,  581,  588,  439,  577,  206,  445,  542,   84,  321,  244,  670,   72,  345,  216,  391,  621,  537,  231,  786,  308,  490,  531,  617,  319,  355,  414,  251,  154,  623,  179,  422,  451,  766,  269],
        [  942,    0,  337,  983,  215, 1056, 1302,  777,  207, 1190,  707, 1079, 1167, 1103,  434,  595,  710,    0,  859,  797,  551,  241,  523,  757,  658,  412, 1079,  586,  649,  240,  523,  753,  667,  572,  914,  512,  910,  865,  680,  182,  953,  272,  439,  957,  699, 1112,  583, 1172,  365,  690,  772,  865,  914,  244, 1130,  949,  448,  264,  178,  784,  436, 1158,  394,  692,  531, 1184,  395,  749,  120,  579,  624, 1087,  749,  563,  629,  807,  175,  620, 1019,  170,  553,  698,  885,  572,  562,  235,  120,  928,  417,  522,  976,  837,  807,   68, 1180,  833,  835,  908,  881,  508,  712,  581,  798,  975,  716,  410,  679,  501,  644, 1182,  934,  117,  659,  140,  764,  783,  277,  981,  560,  978,  789,  575,  373,  697,  752,  721,  796,  488,  640,  470,  545,  682,  501,  781,  538,  232,  514,  861,  790,  832,  716,  883,  923,   73,  117,  612,  638, 1085,  272,  678,  525,  727,  982,  718,  890,  948,  135,  779,  671,  591,  939, 1199,  343,  706,  752,  893,  883,  630,  357,  648,  502,  298,  463,  844,  856,  751,  580,  876,  581,  958],
        [  104,    0,  646,  372,  645,  408,  706,  243,  653,  655,  602,  659,  555,  487,  451,  304,  169,  859,    0,  271,  320,  662,  729, 1024,  606,  645,  558,  350,  211,  647,  342,  282,  331,  316,   98,  536,  450,  595,  217,  682,  854,  589,  498,  101,  766,  442,  279,  674,  522,  385,  203, 1050,  708,  652,  589,   90,  617,  645,  867,  811,  628,  682,  476,  562,  333,  606,  472,  223,  767,  294,  838,  654,  655,  302,  267,  534,  752,  505,  228,  790,  346,  423,  733,  309,  929,  634,  741,  203,  444,  338,  328,  543,  532,  921,  668,  910,   29,  541,  284,  895,  180,  772,  268,  325,  265,  646,  786,  422,  677,  636,  184,  744,  204,  894,  127,  299,  688,  800,  302,  460,  104,  801,  698,  682,  161,  708,  302,  604,  261,  548,  668,  801,  514,  318,  429,  777,  383,  499,  846,  216,  268, 1113,  860,  871,  759,  652,  734,  632,  589,  725,  337,  579,  615,  142,  379,   96,  831,  102,  487,  379,  443,  621,  705,  235,  935,  360,  587,  684,  785,  466,  521,  562,  398,  168,  744,  156,  580,  544,  929,  226],
        [  366,    0,  691,  639,  603,  679,  977,  466,  600,  923,  781,  915,  826,  757,  367,  217,  326,  797,  271,    0,  278,  661,  841, 1162,  769,  722,  822,  473,  271,  559,  380,   45,  133,  406,  368,  648,  697,  817,  167,  618, 1064,  535,  365,  306,  925,  713,  279,  940,  433,  569,   80, 1210,  928,  558,  857,  312,  706,  652,  860,  987,  712,  946,  413,  740,  310,  876,  477,  431,  685,  255,  968,  912,  840,  285,  391,  748,  743,  660,  493,  782,  437,  610,  943,  250, 1029,  564,  680,  472,  438,  349,  596,  763,  746,  848,  935, 1085,  249,  778,   84,  984,  348,  898,  498,  593,   86,  721,  938,  297,  830,  904,  179,  695,  301,  872,  174,  522,  712, 1023,  302,  719,  181,  921,  761,  851,  140,  880,  531,  709,  182,  642,  791,  952,  619,  540,  540,  790,  288,  730, 1019,   65,   84, 1266, 1063,  786,  682,  798,  880,  891,  557,  884,  326,  765,  859,  242,  629,  346,  812,  311,  662,  512,  696,  891,  757,  115, 1086,  611,  814,  832,  841,  633,  627,  527,  397,  422,  946,  147,  719,  774, 1034,  497],
        [  415,    0,  414,  569,  343,  632,  926,  347,  345,  842,  560,  789,  772,  701,  132,   66,  212,  551,  320,  278,    0,  387,  576,  901,  536,  449,  729,  247,  121,  328,  119,  240,  182,  175,  395,  392,  570,  639,  131,  371,  858,  280,  190,  413,  682,  681,   51,  845,  202,  378,  230,  960,  740,  333,  774,  407,  438,  376,  590,  754,  442,  842,  159,  520,   33,  811,  200,  306,  451,   29,  708,  791,  621,   29,  197,  565,  472,  430,  518,  511,  196,  414,  743,   30,  758,  320,  432,  447,  161,   80,  541,  588,  564,  610,  845,  847,  294,  626,  359,  711,  227,  637,  380,  539,  194,  448,  689,  125,  587,  827,  386,  440,  152,  607,  214,  388,  435,  834,   48,  616,  239,  658,  485,  617,  202,  648,  401,  445,   98,  378,  533,  702,  361,  399,  294,  515,   76,  573,  782,  294,  196, 1012,  849,  555,  445,  552,  630,  776,  290,  642,   51,  553,  713,  181,  515,  415,  545,  264,  448,  286,  583,  826,  479,  168,  833,  505,  643,  586,  563,  415,  368,  261,  119,  365,  738,  201,  473,  611,  763,  479],
        [  733,    0,  112,  746,  108,  819, 1061,  546,  130,  950,  477,  841,  927,  864,  309,  445,  501,  241,  662,  661,  387,    0,  330,  624,  430,  193,  838,  354,  457,  216,  321,  621,  546,  354,  703,  274,  670,  630,  515,  158,  745,  159,  359,  762,  500,  875,  404,  933,  267,  450,  617,  716,  688,  230,  890,  751,  222,   23,  207,  585,  212,  919,  258,  458,  359,  944,  193,  522,  223,  414,  455,  849,  525,  389,  410,  569,   91,  381,  797,  129,  330,  458,  663,  414,  442,  176,  163,  702,  228,  333,  741,  599,  570,  308,  941,  652,  641,  669,  744,  387,  498,  396,  564,  740,  576,  191,  487,  390,  429,  942,  767,  140,  458,  234,  586,  547,   74,  761,  379,  737,  608,  400,  177,  480,  583,  507,  560,  260,  484,  232,  333,  494,  261,  544,  299,  130,  379,  621,  599,  681,  578,  749,  719,  290,  206,  394,  437,  846,  117,  471,  346,  494,  745,  527,  651,  744,  171,  572,  432,  354,  699,  958,  152,  554,  591,  654,  647,  417,  216,  408,  262,  144,  275,  621,  639,  581,  348,  638,  456,  731],
        [  759,    0,  221,  637,  434,  704,  873,  519,  457,  752,  236,  615,  768,  721,  564,  641,  566,  523,  729,  841,  576,  330,    0,  326,  190,  145,  657,  383,  578,  540,  462,  809,  758,  439,  726,  196,  515,  398,  674,  487,  432,  468,  638,  820,  177,  758,  563,  721,  553,  368,  774,  398,  413,  555,  706,  805,  141,  314,  377,  262,  140,  701,  518,  245,  543,  765,  402,  519,  545,  593,  136,  626,  253,  561,  471,  366,  352,  240,  771,  354,  407,  345,  375,  605,  202,  499,  485,  673,  438,  498,  654,  392,  368,  580,  734,  323,  719,  468,  912,  175,  551,   69,  517,  653,  761,  147,  159,  639,  139,  750,  886,  456,  557,  429,  707,  486,  262,  466,  542,  584,  722,   83,  155,  190,  722,  207,  494,  132,  662,  199,   67,  165,  223,  471,  307,  292,  607,  438,  272,  836,  764,  442,  401,  589,  528,  123,  117,  632,  421,  159,  525,  267,  519,  631,  532,  781,  395,  627,  282,  351,  549,  778,  185,  726,  270,  546,  421,  123,  178,  285,  216,  435,  464,  614,  342,  717,  159,  432,  200,  693],
        [ 1037,    0,  529,  846,  732,  901,  978,  794,  753,  859,  437,  707,  917,  891,  887,  966,  870,  757, 1024, 1162,  901,  624,  326,    0,  422,  465,  797,  694,  894,  839,  786, 1132, 1083,  757, 1004,  514,  708,  538,  995,  776,  385,  777,  959, 1109,  267,  946,  886,  816,  871,  642, 1092,  118,  478,  854,  835, 1092,  466,  615,  582,  262,  465,  789,  841,  472,  869,  894,  726,  804,  815,  917,  194,  722,  402,  886,  781,  552,  614,  520, 1022,  598,  725,  608,  426,  929,  196,  800,  758,  930,  763,  823,  877,  564,  554,  798,  833,  200, 1019,  625, 1230,  250,  852,  265,  782,  877, 1084,  466,  241,  963,  349,  865, 1193,  727,  870,  629, 1020,  748,  551,  465,  866,  765, 1031,  244,  452,  353, 1038,  336,  752,  456,  986,  524,  371,  226,  543,  730,  622,  540,  933,  622,  229, 1152, 1086,  127,  344,  829,  799,  373,  291,  739,  730,  304,  851,  468,  633,  943,  750, 1062,  624,  925,  541,  657,  740,  902,  474, 1048,  103,  769,  562,  341,  416,  559,  536,  749,  790,  888,  389, 1032,  449,  594,  177,  943],
        [  616,    0,  323,  454,  517,  519,  686,  372,  539,  565,   51,  434,  578,  532,  569,  596,  459,  658,  606,  769,  536,  430,  190,  422,    0,  246,  468,  298,  499,  610,  418,  745,  712,  369,  583,  171,  327,  215,  605,  575,  335,  527,  651,  688,  161,  571,  508,  537,  582,  221,  694,  447,  259,  625,  517,  671,  210,  409,  539,  219,  223,  518,  534,   58,  507,  577,  414,  384,  651,  545,  247,  445,   98,  515,  379,  177,  483,  110,  607,  497,  342,  187,  237,  562,  369,  570,  592,  513,  440,  459,  475,  203,  178,  721,  549,  316,  602,  280,  830,  356,  439,  196,  361,  476,  698,  248,  182,  630,   75,  562,  779,  569,  469,  589,  614,  328,  381,  336,  494,  395,  622,  227,  293,   82,  636,  112,  333,  170,  605,  209,  131,  196,  198,  311,  244,  442,  588,  249,  251,  750,  702,  508,  318,  716,  634,   68,  135,  448,  483,  120,  489,   78,  336,  537,  351,  641,  544,  508,  120,  258,  362,  589,  322,  659,  330,  366,  237,   87,  351,  141,  193,  486,  447,  467,  218,  630,   83,  244,  360,  528],
        [  693,    0,   82,  630,  294,  702,  913,  468,  317,  796,  296,  674,  790,  734,  423,  514,  478,  412,  645,  722,  449,  193,  145,  465,  246,    0,  690,  297,  470,  398,  343,  687,  629,  336,  660,  129,  530,  457,  558,  348,  552,  324,  495,  742,  308,  758,  443,  773,  409,  334,  661,  543,  503,  413,  741,  728,   41,  175,  300,  393,   27,  756,  376,  284,  416,  798,  263,  457,  415,  468,  279,  684,  337,  438,  379,  405,  238,  228,  728,  252,  304,  326,  474,  478,  309,  357,  355,  629,  301,  374,  636,  434,  406,  475,  783,  464,  631,  509,  797,  263,  467,  214,  475,  636,  639,    3,  297,  500,  237,  790,  787,  329,  456,  349,  604,  449,  136,  572,  420,  600,  621,  225,   59,  289,  613,  315,  460,   80,  540,  101,  140,  305,  139,  439,  219,  200,  472,  467,  409,  724,  642,  585,  526,  472,  398,  202,  245,  684,  276,  279,  399,  318,  576,  531,  527,  711,  299,  545,  280,  275,  562,  812,   82,  607,  415,  536,  477,  225,  145,  267,  134,  290,  332,  558,  448,  609,  171,  475,  316,  653],
        [  488,    0,  751,  186,  894,  174,  224,  383,  914,  116,  422,  128,  121,  114,  830,  759,  531, 1079,  558,  822,  729,  838,  657,  797,  468,  690,    0,  526,  622,  959,  649,  823,  842,  578,  471,  571,  171,  268,  708,  951,  458,  875,  908,  575,  555,  185,  680,  119,  878,  396,  746,  758,  323,  971,   52,  559,  649,  816,  990,  536,  664,  125,  820,  415,  715,  110,  731,  424, 1040,  718,  679,  116,  420,  700,  536,  292,  913,  464,  386,  935,  576,  382,  374,  739,  816,  926,  988,  358,  734,  680,  232,  265,  290, 1145,  117,  609,  575,  189,  841,  815,  510,  649,  349,  235,  791,  692,  589,  852,  525,  105,  727,  973,  585, 1037,  653,  342,  812,  374,  684,  113,  642,  678,  745,  485,  690,  486,  328,  611,  738,  612,  598,  601,  579,  333,  549,  888,  803,  223,  569,  771,  795,  826,  488, 1125, 1025,  534,  574,   90,  844,  535,  704,  390,  165,  603,  214,  517,  984,  516,  412,  505,  149,  123,  771,  752,  695,  224,  243,  541,  814,  432,  579,  833,  711,  402,  409,  683,  524,  225,  803,  340],
        [  398,    0,  309,  402,  382,  474,  741,  192,  398,  641,  316,  565,  595,  528,  315,  303,  184,  586,  350,  473,  247,  354,  383,  694,  298,  297,  526,    0,  203,  435,  137,  448,  417,   74,  366,  188,  357,  396,  307,  436,  612,  353,  398,  446,  453,  529,  213,  635,  354,  139,  400,  738,  494,  447,  576,  432,  267,  333,  547,  517,  278,  628,  297,  276,  222,  622,  208,  170,  526,  251,  502,  569,  377,  223,   88,  322,  443,  189,  446,  476,   55,  171,  497,  270,  582,  405,  480,  349,  209,  176,  391,  346,  321,  653,  639,  613,  338,  394,  537,  546,  171,  434,  212,  390,  401,  297,  466,  357,  358,  629,  504,  472,  176,  583,  326,  200,  360,  587,  202,  415,  339,  460,  351,  380,  344,  410,  214,  255,  308,  199,  326,  480,  165,  201,   79,  449,  310,  340,  548,  459,  404,  795,  604,  619,  512,  326,  409,  557,  327,  411,  205,  306,  480,  250,  318,  415,  522,  250,  201,   41,  378,  638,  362,  362,  614,  316,  402,  360,  439,  169,  171,  312,  189,  270,  492,  339,  247,  373,  583,  377],
        [  299,    0,  456,  455,  435,  515,  812,  239,  442,  733,  512,  693,  658,  586,  250,  138,   94,  649,  211,  271,  121,  457,  578,  894,  499,  470,  622,  203,    0,  439,  138,  248,  232,  139,  276,  383,  471,  563,  107,  472,  801,  379,  311,  310,  655,  563,   73,  739,  318,  306,  198,  940,  671,  445,  665,  301,  449,  442,  663,  717,  457,  739,  268,  471,  126,  699,  265,  198,  557,  102,  701,  693,  572,   97,  122,  491,  547,  390,  398,  585,  171,  346,  681,  122,  772,  424,  530,  326,  234,  127,  424,  510,  490,  710,  738,  814,  187,  538,  336,  731,  112,  632,  274,  422,  202,  470,  668,  242,  560,  717,  319,  534,   39,  687,  135,  287,  490,  766,   92,  510,  155,  656,  516,  581,  145,  610,  299,  446,  121,  382,  525,  682,  355,  302,  273,  577,  195,  486,  749,  259,  206,  997,  797,  661,  549,  528,  610,  676,  378,  613,  127,  498,  623,   71,  411,  302,  624,  143,  394,  242,  479,  714,  518,  162,  816,  398,  563,  562,  601,  364,  362,  351,  187,  245,  682,  140,  449,  527,  775,  358],
        [  738,    0,  320,  833,  108,  903, 1176,  611,   87, 1074,  653,  985, 1030,  961,  201,  363,  515,  240,  647,  559,  328,  216,  540,  839,  610,  398,  959,  435,  439,    0,  333,  515,  428,  397,  714,  441,  789,  789,  452,   74,  939,   86,  200,  741,  704,  957,  368, 1065,  130,  564,  538,  931,  864,   16, 1009,  734,  418,  227,  344,  789,  411, 1055,  171,  626,  314, 1057,  228,  577,  127,  356,  669,  991,  707,  345,  451,  720,  246,  537,  829,  279,  389,  585,  847,  345,  655,   42,  129,  746,  231,  319,  817,  750,  720,  290, 1070,  861,  621,  811,  642,  599,  522,  608,  638,  814,  480,  396,  694,  263,  625, 1063,  702,  153,  458,  337,  541,  632,  289,  945,  347,  850,  567,  614,  391,  673,  524,  702,  646,  451,  410,  402,  534,  702,  418,  635,  416,  319,  280,  759,  805,  596,  480,  965,  916,  230,  124,  587,  641,  983,  127,  672,  313,  663,  893,  505,  753,  740,  288,  579,  580,  454,  812, 1072,  367,  472,  805,  750,  802,  615,  428,  550,  422,  129,  267,  661,  827,  525,  528,  784,  669,  778],
        [  419,    0,  321,  506,  309,  574,  857,  282,  319,  764,  443,  697,  707,  637,  182,  182,  188,  523,  342,  380,  119,  321,  462,  786,  418,  343,  649,  137,  138,  333,    0,  347,  299,   71,  392,  274,  483,  532,  216,  352,  743,  261,  263,  442,  564,  627,  102,  761,  232,  274,  319,  843,  629,  342,  697,  432,  327,  305,  527,  635,  333,  756,  175,  404,   89,  739,  131,  245,  442,  132,  592,  700,  505,  100,  120,  458,  411,  313,  500,  449,   83,  307,  629,  146,  650,  311,  407,  414,  107,   41,  486,  482,  457,  587,  764,  728,  321,  528,  455,  605,  192,  522,  311,  484,  299,  342,  571,  221,  469,  750,  455,  407,  139,  552,  270,  310,  353,  722,   80,  536,  291,  544,  385,  499,  274,  530,  324,  331,  201,  264,  416,  584,  244,  317,  175,  440,  175,  474,  664,  383,  302,  895,  732,  543,  431,  433,  513,  687,  251,  523,   71,  437,  614,  207,  436,  428,  489,  257,  334,  173,  500,  755,  384,  266,  716,  430,  538,  468,  468,  301,  251,  227,   67,  329,  622,  270,  354,  509,  654,  445],
        [  382,    0,  654,  641,  560,  685,  985,  458,  557,  926,  759,  911,  833,  763,  324,  177,  312,  753,  282,   45,  240,  621,  809, 1132,  745,  687,  823,  448,  248,  515,  347,    0,   89,  379,  380,  618,  691,  803,  141,  574, 1047,  492,  321,  329,  900,  722,  247,  941,  389,  551,   80, 1183,  913,  514,  859,  333,  673,  612,  818,  964,  679,  946,  370,  718,  273,  882,  439,  421,  641,  219,  938,  909,  819,  250,  369,  733,  701,  636,  508,  740,  408,  591,  926,  211,  995,  521,  636,  479,  400,  314,  600,  750,  731,  804,  937, 1060,  258,  769,  128,  950,  335,  868,  491,  597,   49,  687,  911,  253,  804,  908,  215,  651,  281,  829,  171,  513,  673, 1008,  268,  717,  184,  890,  724,  827,  134,  856,  522,  677,  147,  610,  761,  924,  589,  530,  512,  750,  245,  720,  995,   98,   46, 1238, 1043,  742,  638,  771,  853,  889,  515,  858,  289,  745,  851,  229,  624,  364,  769,  308,  641,  488,  692,  897,  719,   86, 1058,  608,  801,  806,  803,  611,  596,  485,  359,  422,  928,  141,  691,  763, 1000,  506],
        [  434,    0,  588,  666,  478,  717, 1018,  465,  474,  950,  732,  921,  864,  793,  242,  118,  315,  667,  331,  133,  182,  546,  758, 1083,  712,  629,  842,  417,  232,  428,  299,   89,    0,  344,  426,  573,  699,  794,  134,  489, 1027,  410,  233,  394,  862,  759,  205,  961,  304,  535,  142, 1141,  901,  426,  882,  396,  619,  539,  739,  931,  623,  963,  291,  692,  215,  910,  372,  425,  553,  169,  889,  920,  793,  200,  348,  721,  623,  604,  557,  662,  371,  574,  909,  154,  937,  436,  551,  514,  332,  261,  629,  741,  720,  716,  958, 1025,  303,  769,  216,  889,  337,  819,  499,  626,   71,  628,  870,  167,  767,  933,  299,  567,  269,  747,  206,  516,  602,  995,  220,  732,  228,  840,  661,  794,  170,  824,  527,  627,  112,  560,  715,  883,  543,  531,  472,  675,  167,  717,  961,  182,   68, 1194, 1020,  654,  552,  731,  811,  902,  436,  821,  233,  722,  854,  240,  635,  421,  689,  330,  616,  457,  704,  925,  654,   97, 1014,  621,  795,  766,  737,  585,  550,  406,  297,  446,  907,  176,  652,  759,  944,  543],
