{
    "name": "random-92-14596",
    "comment": "size=92 seed=14596",
    "nodes": ["+0", "-0", "+1", "-1", "+2", "-2", "+3", "-3", "+4", "-4", "+5", "-5", "+6", "-6", "+7", "-7", "+8", "-8", "+9", "-9", "+10", "-10", "+11", "-11", "+12", "-12", "+13", "-13", "+14", "-14", "+15", "-15", "+16", "-16", "+17", "-17", "+18", "-18", "+19", "-19", "+20", "-20", "+21", "-21", "+22", "-22", "+23", "-23", "+24", "-24", "+25", "-25", "+26", "-26", "+27", "-27", "+28", "-28", "+29", "-29", "+30", "-30", "+31", "-31", "+32", "-32", "+33", "-33", "+34", "-34", "+35", "-35", "+36", "-36", "+37", "-37", "+38", "-38", "+39", "-39", "+40", "-40", "+41", "-41", "+42", "-42", "+43", "-43", "+44", "-44", "+45", "-45", "+46", "-46", "+47", "-47", "+48", "-48", "+49", "-49", "+50", "-50", "+51", "-51", "+52", "-52", "+53", "-53", "+54", "-54", "+55", "-55", "+56", "-56", "+57", "-57", "+58", "-58", "+59", "-59", "+60", "-60", "+61", "-61", "+62", "-62", "+63", "-63", "+64", "-64", "+65", "-65", "+66", "-66", "+67", "-67", "+68", "-68", "+69", "-69", "+70", "-70", "+71", "-71", "+72", "-72", "+73", "-73", "+74", "-74", "+75", "-75", "+76", "-76", "+77", "-77", "+78", "-78", "+79", "-79", "+80", "-80", "+81", "-81", "+82", "-82", "+83", "-83", "+84", "-84", "+85", "-85", "+86", "-86", "+87", "-87", "+88", "-88", "+89", "-89", "+90", "-90", "+91", "-91", "+92", "-92"],
    "precedence": {
        "+0": "-0",
        "+1": "-1",
        "+2": "-2",
        "+3": "-3",
        "+4": "-4",
        "+5": "-5",
        "+6": "-6",
        "+7": "-7",
        "+8": "-8",
        "+9": "-9",
        "+10": "-10",
        "+11": "-11",
        "+12": "-12",
        "+13": "-13",
        "+14": "-14",
        "+15": "-15",
        "+16": "-16",
        "+17": "-17",
        "+18": "-18",
        "+19": "-19",
        "+20": "-20",
        "+21": "-21",
        "+22": "-22",
        "+23": "-23",
        "+24": "-24",
        "+25": "-25",
        "+26": "-26",
        "+27": "-27",
        "+28": "-28",
        "+29": "-29",
        "+30": "-30",
        "+31": "-31",
        "+32": "-32",
        "+33": "-33",
        "+34": "-34",
        "+35": "-35",
        "+36": "-36",
        "+37": "-37",
        "+38": "-38",
        "+39": "-39",
        "+40": "-40",
        "+41": "-41",
        "+42": "-42",
        "+43": "-43",
        "+44": "-44",
        "+45": "-45",
        "+46": "-46",
        "+47": "-47",
        "+48": "-48",
        "+49": "-49",
        "+50": "-50",
        "+51": "-51",
        "+52": "-52",
        "+53": "-53",
        "+54": "-54",
        "+55": "-55",
        "+56": "-56",
        "+57": "-57",
        "+58": "-58",
        "+59": "-59",
        "+60": "-60",
        "+61": "-61",
        "+62": "-62",
        "+63": "-63",
        "+64": "-64",
        "+65": "-65",
        "+66": "-66",
        "+67": "-67",
        "+68": "-68",
        "+69": "-69",
        "+70": "-70",
        "+71": "-71",
        "+72": "-72",
        "+73": "-73",
        "+74": "-74",
        "+75": "-75",
        "+76": "-76",
        "+77": "-77",
        "+78": "-78",
        "+79": "-79",
        "+80": "-80",
        "+81": "-81",
        "+82": "-82",
        "+83": "-83",
        "+84": "-84",
        "+85": "-85",
        "+86": "-86",
        "+87": "-87",
        "+88": "-88",
        "+89": "-89",
        "+90": "-90",
        "+91": "-91",
        "+92": "-92"
    },
    "edges": [
        [    0,    0,  777,  591, 1069,  379,  572,  381,  797,  952,  829,  500,  687,  259,  794,  935,  923, 1151,  265,  801,  106,  728,  655,  828,  883,  625,  107,   68,  416,  786,  753,  916,  294,  684,   92,  676,  750,  681,  449,   79,  509,  609,  665,  617,  630,  707,  602,  450,  507,  981,  582,  200,  653,  500,  352, 1025,  787,  226,  501, 1031,  433,  893,  823,  415,  812,  978, 1001,  164, 1070,  851,  945, 1051,  581, 1043,  440,  539,  717,  763,  587,  848,  881,  687,  308,  566,  808,  644,  935,  888,  548, 1129,  919,  474,  691, 1052,  219,  395,  586,  274,  351,  867,  786,  657,  874,  443,  572,  549,  342,  910,  894,  857,  858, 1144,  167,  429,  912,  583,  629,  765,  268,  337,   78,  636,  892,  278,  268,  350,  178,  902, 1088,  910,  846,  617,  187,  123,  727,  407,  361,  843,  563,  951,  934,  749,  487,  859,  204,  715,  496,  571, 1191,  434,  275,  192,  154, 1249, 1056,  717,  355,  779,  589,  388, 1037,  593,  916,  885,  839,  383,  595,  918,  924,  864,  957, 1111,  781,  403,  498,  401,  217,  517, 1173,  825,   92,  735,  845,  432,  401,  591],
        [    0,    0,    0,    0,    0,    0,    0,    0,    0,    0,    0,    0,    0,    0,    0,    0,    0,    0,    0,    0,    0,    0,    0,    0,    0,    0,    0,    0,    0,    0,    0,    0,    0,    0,    0,    0,    0,    0,    0,    0,    0,    0,    0,    0,    0,    0,    0,    0,    0,    0,    0,    0,    0,    0,    0,    0,    0,    0,    0,    0,    0,    0,    0,    0,    0,    0,    0,    0,    0,    0,    0,    0,    0,    0,    0,    0,    0,    0,    0,    0,    0,    0,    0,    0,    0,    0,    0,    0,    0,    0,    0,    0,    0,    0,    0,    0,    0,    0,    0,    0,    0,    0,    0,    0,    0,    0,    0,    0,    0,    0,    0,    0,    0,    0,    0,    0,    0,    0,    0,    0,    0,    0,    0,    0,    0,    0,    0,    0,    0,    0,    0,    0,    0,    0,    0,    0,    0,    0,    0,    0,    0,    0,    0,    0,    0,    0,    0,    0,    0,    0,    0,    0,    0,    0,    0,    0,    0,    0,    0,    0,    0,    0,    0,    0,    0,    0,    0,    0,    0,    0,    0,    0,    0,    0,    0,    0,    0,    0,    0,    0,    0,    0,    0,    0,    0,    0],
        [  777,    0,    0,  221,  765,  929,  209,  402, 1145,  182,  780,  979,  112,  570,  712,  533,  544,  827,  526,  436,  692,  470,  916,  423,  985,  757,  676,  709,  371,   63,  532,  167,  857,  430,  731,  375, 1183, 1094,  630,  704,  399,  463,  390,  698,  321,  389,  197,  338,  723,  894,  930,  686,  548,  328,  426,  806,  295,  613,  279,  651,  736,  589, 1108,  417,  844,  921,  935,  668,  622,  240,  199,  792,  214,  781,  689,  902, 1011,   88, 1029,  344,  107,   91,  899,  609, 1079,  278,  554,  166,  231,  858,  472,  986,  813,  618,  580,  722,  322,  682,  728,  307,  231,  728,  878,  363,  249,  875,  459,  180,  176,  322, 1035,  775,  772,  880,  772, 1015,  610,  386,  550,  505,  799,  559,  131,  511,  509,  790,  730,  705,  923,  230,  513,  615,  843,  691, 1068,  370,  711,   77,  960,  913,  226,   40,  807, 1017,  647,  475,  395,  892,  866,  428,  654,  853,  765,  953,  710,   63,  464,  652,  540,  390,  865,  851,  759,  393,  888,  605,  577,  774,  662,  327,  758,  750,  596,  409,  282,  765,  607,  271,  938,  625,  728,  170,  873,  724,  380,  468],
        [  591,    0,  221,    0,  682,  709,  137,  211,  936,  373,  617,  759,  193,  360,  551,  470,  470,  757,  369,  337,  521,  328,  708,  343,  804,  556,  499,  526,  176,  207,  389,  329,  639,  275,  562,  224,  967,  878,  413,  514,  184,  276,  231,  499,  149,  253,  184,  142,  509,  751,  715,  542,  369,  108,  247,  696,  241,  469,  110,  590,  517,  488,  905,  200,  668,  772,  789,  511,  590,  272,  357,  695,   28,  684,  470,  686,  803,  178,  811,  310,  324,  138,  682,  407,  877,  119,  483,  298,   83,  770,  424,  766,  617,  579,  379,  502,  125,  465,  508,  307,  213,  534,  710,  259,   29,  659,  322,  321,  304,  306,  844,  720,  563,  660,  633,  797,  420,  282,  407,  290,  602,  374,  311,  314,  333,  570,  520,  578,  804,  322,  413,  422,  634,  524,  857,  207,  490,  297,  743,  759,  344,  183,  590,  828,  438,  326,  177,  678,  798,  208,  437,  644,  557,  880,  639,  182,  252,  497,  345,  211,  744,  641,  625,  359,  712,  385,  381,  637,  553,  313,  637,  689,  450,  197,  161,  545,  401,  179,  843,  489,  530,  148,  700,  505,  194,  276],
        [ 1069,    0,  765,  682,    0,  912,  817,  807,  796,  741,  315,  858,  828,  821,  305,  232,  222,   83,  968,  346, 1056,  371,  635,  348,  489,  517, 1025, 1028,  779,  703,  325,  684,  908,  425, 1093,  465,  899,  836,  629,  998,  608,  477,  464,  489,  541,  433,  858,  764,  612,  268,  722, 1127,  417,  679,  848,  105,  474, 1066,  775,  126,  690,  197,  717,  713,  395,  306,  301, 1079,  199,  533,  676,   57,  710,   52,  658,  733,  688,  679,  839,  422,  796,  753,  941,  508,  690,  564,  212,  647,  764,   94,  296,  893,  494,  187,  872,  717,  581,  807,  759,  464,  535,  464,  364,  928,  671,  694,  957,  653,  639,  446,  581,   98,  940,  812,  210,  824,  445,  402, 1018,  755, 1031,  433,  714,  846,  908,  801,  908,  176,  203,  580,  270,  457,  986, 1071,  755,  844,  742,  809,  775,  325,  611,  737,  691,  554,  866,  379,  626,  691,  124,  678,  798,  992,  946,  198,   66,  784,  760,  297,  480,  826,  170,  629,  193,  375,  414,  688,  475,  204,  146,  441,  142,   76,  289,  740,  837,  738,  859,  860,  177,  244,  978,  606,  391,  684,  804,  493],
        [  379,    0,  929,  709,  912,    0,  762,  557,  426, 1074,  612,  125,  873,  382,  607,  859,  840,  988,  551,  757,  460,  665,  338,  792,  581,  396,  440,  404,  576,  913,  658, 1022,   91,  646,  466,  669,  372,  306,  338,  375,  545,  565,  651,  425,  663,  688,  810,  605,  306,  742,  244,  569,  551,  602,  556,  838,  810,  569,  668,  919,  238,  782,  464,  513,  560,  726,  749,  521,  982,  903, 1044,  877,  715,  872,  283,  209,  370,  881,  212,  851, 1033,  841,   72,  437,  456,  698,  849,  983,  711,  945,  870,   96,  435,  961,  400,  228,  636,  251,  207,  889,  839,  448,  618,  696,  682,  238,  617, 1005,  985,  871,  531, 1003,  228,  102,  715,  211,  491,  744,  582,  429,  302,  530, 1012,  461,  510,  143,  249,  736,  863,  977,  767,  478,  193,  483,  363,  613,  226, 1005,  206,  696, 1010,  892,  221,  540,  318,  650,  544,  252, 1022,  502,  280,  189,  243, 1058,  922,  883,  473,  622,  501,  581,  825,  302,  727,  868,  571,  332,  482,  721,  783,  876,  776,  973,  653,  525,  701,  191,  361,  731,  965,  687,  322,  821,  585,  247,  578,  548],
        [  572,    0,  209,  137,  817,  762,    0,  210, 1034,  389,  749,  829,  116,  386,  683,  600,  602,  890,  318,  471,  485,  464,  811,  474,  927,  668,  470,  505,  187,  234,  525,  365,  683,  411,  524,  360, 1054,  966,  503,  502,  292,  405,  367,  615,  285,  389,   54,  159,  606,  885,  805,  479,  498,  196,  225,  832,  362,  406,   96,  721,  599,  623, 1011,  259,  795,  905,  923,  460,  716,  366,  396,  831,  109,  820,  557,  772,  905,  222,  891,  429,  310,  125,  724,  521,  984,  255,  615,  349,   66,  905,  550,  830,  734,  706,  387,  577,  256,  512,  573,  416,  319,  653,  840,  160,  154,  750,  251,  368,  357,  420,  961,  851,  584,  728,  769,  878,  543,  416,  342,  335,  600,  501,  334,  317,  305,  632,  544,  715,  940,  394,  548,  543,  655,  483,  954,  167,  558,  272,  827,  891,  405,  188,  677,  946,  460,  462,  279,  770,  932,  284,  483,  664,  575, 1014,  772,  147,  290,  630,  466,  191,  881,  741,  760,  480,  838,  460,  502,  772,  689,  427,  774,  821,  586,  240,   74,  619,  418,   65,  979,  625,  530,  243,  828,  588,  188,  402],
        [  381,    0,  402,  211,  807,  557,  210,    0,  861,  573,  659,  632,  325,  178,  601,  623,  618,  887,  169,  484,  310,  437,  648,  502,  803,  528,  288,  316,   37,  406,  484,  535,  475,  383,  352,  352,  867,  780,  338,  305,  201,  335,  348,  484,  286,  386,  254,   70,  442,  809,  626,  342,  417,  138,   43,  795,  429,  272,  124,  737,  417,  612,  848,  102,  684,  821,  842,  305,  755,  479,  564,  806,  201,  796,  381,  589,  739,  383,  700,  496,  507,  311,  516,  394,  824,  285,  631,  508,  171,  885,  591,  630,  599,  740,  179,  389,  240,  307,  377,  505,  416,  527,  738,  163,  196,  572,  152,  530,  514,  499,  820,  862,  375,  531,  706,  688,  436,  435,  216,  138,  399,  411,  513,  110,  123,  432,  335,  669,  888,  532,  547,  432,  446,  315,  781,   62,  365,  473,  640,  801,  555,  371,  497,  809,  251,  428,  183,  594,  929,  141,  278,  456,  366, 1003,  776,  346,   95,  561,  365,   29,  830,  575,  703,  540,  724,  278,  392,  712,  665,  506,  729,  830,  534,   72,  145,  428,  209,  175,  948,  579,  327,  358,  719,  407,   22,  323],
        [  797,    0, 1145,  936,  796,  426, 1034,  861,    0, 1245,  496,  301, 1126,  716,  539,  857,  834,  850,  916,  817,  866,  733,  230,  852,  317,  394,  841,  811,  865, 1109,  690, 1184,  503,  747,  878,  794,  120,  125,  532,  778,  753,  690,  776,  455,  829,  795, 1088,  883,  429,  544,  237,  975,  620,  842,  878,  695,  928,  960,  941,  860,  445,  758,   85,  780,  407,  511,  527,  924,  942, 1031, 1197,  744,  953,  746,  481,  277,  136, 1074,  214,  939, 1236, 1073,  497,  538,  108,  872,  838, 1140,  972,  786,  897,  335,  356,  922,  755,  476,  824,  589,  500,  990,  980,  436,  432, 1021,  908,  289,  967, 1159, 1138,  967,  225,  893,  634,  372,  591,  215,  549,  834,  958,  724,  721,  604, 1189,  796,  861,  466,  641,  651,  660, 1107,  784,  542,  615,  889,   81,  923,  506, 1220,  238,  484, 1145, 1106,  365,  250,  682,  721,  762,  267,  871,  751,  611,  613,  649,  872,  835, 1117,  767,  589,  610,  889,  650,  296,  611,  933,  383,  584,  574,  596,  720,  969,  658,  870,  648,  804,  993,  442,  716, 1026,  769,  656,  727,  995,  406,  455,  878,  682],
        [  952,    0,  182,  373,  741, 1074,  389,  573, 1245,    0,  829, 1110,  290,  732,  762,  515,  532,  790,  706,  462,  871,  525, 1016,  436, 1046,  851,  853,  885,  540,  167,  581,   64, 1008,  500,  910,  451, 1296, 1208,  756,  877,  530,  556,  470,  790,  423,  453,  378,  506,  839,  918, 1045,  867,  627,  478,  600,  803,  325,  794,  451,  618,  865,  595, 1198,  571,  904,  950,  961,  848,  567,  228,   67,  779,  375,  768,  815, 1022, 1109,  195, 1152,  341,  100,  267, 1051,  711, 1168,  384,  539,  108,  404,  833,  451, 1123,  897,  570,  748,  856,  441,  834,  869,  290,  267,  813,  927,  544,  398,  990,  640,   93,  112,  312, 1109,  729,  935, 1015,  797, 1137,  697,  425,  731,  662,  970,  642,   62,  681,  685,  933,  892,  724,  923,  164,  527,  704, 1006,  870, 1171,  547,  850,  141, 1080,  949,  131,  204,  930, 1087,  810,  534,  530, 1005,  824,  575,  807, 1016,  929,  912,  679,  244,  625,  701,  636,  564,  869,  958,  781,  376,  947,  744,  672,  798,  667,  314,  769,  710,  639,  569,  462,  900,  772,  452,  917,  657,  898,  257,  929,  853,  552,  567],
        [  829,    0,  780,  617,  315,  612,  749,  659,  496,  829,    0,  548,  803,  611,   69,  371,  348,  383,  794,  368,  840,  311,  321,  397,  223,  219,  809,  802,  642,  728,  250,  765,  622,  352,  873,  407,  591,  524,  383,  768,  471,  345,  395,  213,  473,  391,  800,  640,  331,  155,  409,  929,  252,  565,  695,  228,  506,  880,  676,  365,  410,  270,  424,  558,   90,  162,  184,  877,  447,  602,  770,  271,  643,  269,  392,  423,  378,  696,  525,  493,  847,  733,  651,  276,  394,  513,  350,  721,  685,  335,  420,  584,  182,  427,  664,  444,  494,  556,  489,  546,  568,  175,   99,  811,  596,  385,  807,  736,  717,  522,  301,  412,  680,  511,  106,  511,  224,  405,  846,  563,  778,  252,  782,  660,  730,  519,  655,  155,  261,  673,  313,  231,  714,  859,  446,  712,  475,  845,  463,  144,  710,  743,  393,  276,  634,  306,  488,  380,  414,  519,  556,  719,  689,  446,  344,  774,  584,  129,  295,  685,  216,  319,  123,  472,  125,  454,  268,  113,  224,  522,  173,  385,  190,  587,  740,  455,  640,  770,  356,  177,  737,  611,  104,  408,  665,  350],
        [  500,    0,  979,  759,  858,  125,  829,  632,  301, 1110,  548,    0,  935,  465,  556,  837,  816,  930,  651,  751,  576,  658,  243,  787,  481,  346,  553,  520,  646,  955,  639, 1055,  207,  650,  585,  682,  254,  182,  356,  489,  583,  573,  663,  389,  690,  696,  879,  671,  288,  663,  145,  685,  539,  654,  638,  775,  824,  679,  734,  882,  246,  751,  342,  572,  483,  643,  664,  636,  952,  923, 1074,  818,  769,  815,  296,  126,  254,  922,   88,  857, 1079,  895,  196,  427,  336,  728,  824, 1014,  773,  881,  857,   41,  366,  931,  493,  257,  670,  330,  257,  900,  862,  401,  537,  781,  731,  164,  712, 1035, 1015,  880,  421,  953,  342,  102,  653,   87,  471,  747,  687,  497,  423,  518, 1050,  547,  603,  201,  356,  686,  786,  999,  748,  459,  315,  599,  240,  692,  272, 1055,   95,  612, 1034,  940,  191,  432,  413,  644,  585,  169,  961,  554,  357,  313,  357,  989,  877,  938,  541,  582,  500,  658,  754,  230,  668,  867,  487,  375,  473,  660,  741,  884,  718,  924,  623,  589,  774,  214,  452,  806,  892,  651,  437,  854,  504,  258,  652,  558],
        [  687,    0,  112,  193,  828,  873,  116,  325, 1126,  290,  803,  935,    0,  500,  735,  600,  607,  896,  429,  486,  597,  501,  899,  480,  995,  749,  583,  619,  300,  159,  564,  278,  796,  453,  635,  398, 1153, 1064,  599,  617,  374,  466,  409,  692,  330,  421,   90,  269,  698,  929,  902,  583,  558,  286,  341,  857,  355,  511,  206,  721,  700,  641, 1097,  363,  858,  952,  969,  568,  702,  326,  310,  849,  174,  838,  655,  871,  994,  165,  993,  415,  202,   75,  837,  600, 1069,  291,  618,  274,  163,  919,  543,  938,  810,  696,  502,  680,  315,  623,  679,  388,  299,  727,  898,  259,  220,  846,  358,  289,  283,  399, 1037,  849,  699,  834,  809,  980,  612,  432,  448,  445,  716,  565,  242,  433,  420,  740,  659,  748,  971,  333,  565,  614,  770,  593, 1047,  282,  664,  161,  927,  942,  334,  110,  775, 1020,  575,  502,  365,  865,  936,  383,  594,  780,  690, 1021,  777,   54,  401,  678,  537,  307,  912,  831,  798,  467,  902,  562,  574,  812,  712,  405,  804,  822,  627,  348,  189,  723,  533,  171,  997,  662,  646,  223,  889,  688,  303,  467],
        [  259,    0,  570,  360,  821,  382,  386,  178,  716,  732,  611,  465,  500,    0,  566,  677,  666,  904,  205,  543,  235,  471,  521,  570,  711,  434,  204,  209,  201,  566,  501,  689,  298,  426,  272,  418,  709,  624,  236,  183,  252,  353,  406,  407,  375,  449,  431,  234,  327,  766,  480,  319,  405,  258,  175,  787,  533,  274,  296,  776,  278,  639,  716,  166,  613,  769,  792,  266,  812,  605,  716,  809,  359,  801,  256,  440,  604,  538,  539,  592,  676,  479,  339,  336,  694,  393,  678,  656,  341,  888,  661,  459,  506,  795,   54,  242,  333,  136,  218,  614,  539,  451,  672,  317,  337,  431,  252,  678,  660,  603,  710,  892,  203,  366,  681,  528,  394,  506,  252,   80,  249,  392,  671,   82,  146,  264,  161,  662,  862,  668,  589,  385,  274,  252,  637,  232,  211,  643,  486,  745,  696,  536,  355,  704,   78,  458,  239,  453,  945,  178,  109,  284,  197, 1008,  804,  517,  109,  541,  343,  200,  808,  449,  683,  627,  647,  162,  355,  687,  676,  609,  719,  859,  534,  164,  321,  275,   44,  351,  939,  580,  179,  496,  648,  270,  199,  335],
        [  794,    0,  712,  551,  305,  607,  683,  601,  539,  762,   69,  556,  735,  566,    0,  319,  296,  381,  742,  303,  798,  243,  344,  333,  286,  213,  767,  763,  582,  660,  183,  699,  607,  284,  832,  339,  626,  553,  346,  730,  409,  280,  327,  187,  405,  323,  734,  579,  311,  209,  424,  883,  188,  502,  638,  236,  438,  831,  612,  332,  390,  219,  472,  500,  146,  223,  243,  831,  410,  535,  705,  271,  577,  266,  364,  431,  414,  627,  544,  428,  779,  665,  639,  231,  442,  445,  300,  655,  619,  344,  363,  589,  199,  389,  618,  421,  428,  523,  464,  481,  500,  160,  167,  750,  530,  392,  751,  670,  651,  457,  358,  399,  652,  507,  118,  528,  172,  338,  794,  512,  748,  191,  714,  609,  678,  501,  624,  131,  297,  607,  253,  181,  692,  816,  482,  652,  448,  777,  477,  209,  645,  675,  386,  334,  595,  238,  426,  391,  417,  461,  520,  697,  660,  462,  322,  705,  531,   61,  237,  626,  244,  328,  125,  410,  187,  414,  214,  124,  189,  458,  170,  369,  123,  530,  677,  437,  597,  706,  380,  119,  702,  543,  168,  386,  606,  286],
        [  935,    0,  533,  470,  232,  859,  600,  623,  857,  515,  371,  837,  600,  677,  319,    0,   24,  296,  791,  140,  903,  209,  653,  127,  591,  498,  874,  885,  591,  471,  202,  456,  832,  252,  943,  272,  941,  864,  533,  859,  436,  327,  278,  448,  341,  238,  637,  570,  556,  418,  720,  960,  310,  488,  666,  289,  246,  893,  570,  122,  622,  102,  790,  542,  459,  454,  460,  916,  136,  302,  450,  265,  497,  254,  579,  717,  730,  448,  842,  190,  565,  526,  871,  423,  760,  354,   25,  417,  552,  325,   65,  864,  509,  119,  723,  638,  385,  697,  674,  233,  304,  445,  460,  724,  463,  679,  768,  425,  410,  214,  671,  251,  831,  767,  304,  826,  369,  191,  839,  602,  911,  330,  484,  683,  736,  728,  793,  230,  408,  352,   94,  382,  888,  915,  798,  650,  654,  577,  770,  459,  386,  506,  650,  646,  735,  222,  452,  683,  336,  512,  682,  896,  834,  421,  177,  554,  596,  270,  366,  639,  356,  622,  285,  144,  495,  574,  379,  303,  162,  210,  262,  223,  217,  564,  629,  670,  719,  648,  408,  201,  849,  377,  473,  613,  617,  345],
        [  923,    0,  544,  470,  222,  840,  602,  618,  834,  532,  348,  816,  607,  666,  296,   24,    0,  289,  785,  136,  894,  196,  631,  129,  568,  477,  864,  874,  587,  482,  184,  472,  815,  242,  933,  266,  918,  841,  517,  848,  428,  315,  271,  428,  338,  232,  641,  567,  537,  397,  699,  952,  292,  484,  661,  272,  253,  886,  569,  121,  604,   79,  767,  534,  436,  433,  439,  908,  148,  315,  467,  251,  498,  240,  562,  696,  707,  458,  820,  202,  578,  533,  854,  405,  737,  354,   13,  432,  553,  315,   83,  844,  486,  130,  712,  621,  381,  683,  657,  246,  314,  423,  437,  723,  463,  657,  764,  441,  425,  227,  648,  250,  817,  748,  283,  804,  350,  190,  834,  592,  898,  313,  499,  675,  729,  711,  779,  208,  392,  369,   78,  363,  873,  906,  776,  647,  637,  590,  749,  437,  403,  515,  630,  623,  723,  209,  444,  662,  330,  503,  667,  881,  820,  414,  171,  562,  587,  247,  350,  634,  338,  600,  264,  158,  472,  560,  361,  281,  141,  223,  242,  220,  195,  557,  629,  652,  708,  649,  396,  178,  837,  385,  450,  595,  612,  333],
        [ 1151,    0,  827,  757,   83,  988,  890,  887,  850,  790,  383,  930,  896,  904,  381,  296,  289,    0, 1049,  420, 1138,  451,  701,  418,  537,  592, 1107, 1111,  859,  765,  407,  735,  987,  505, 1176,  543,  957,  898,  710, 1081,  688,  559,  543,  567,  618,  510,  930,  843,  690,  309,  791, 1209,  500,  758,  929,  158,  541, 1147,  852,  176,  769,  276,  769,  795,  458,  345,  335, 1161,  227,  591,  724,  112,  784,  116,  738,  804,  749,  743,  907,  484,  850,  821, 1019,  590,  743,  639,  278,  700,  839,   72,  355,  965,  565,  221,  954,  797,  659,  888,  839,  522,  599,  540,  420, 1005,  747,  767, 1037,  704,  692,  506,  630,   70, 1021,  887,  277,  892,  526,  475, 1099,  837, 1113,  515,  767,  928,  989,  880,  989,  255,  215,  631,  346,  539, 1066, 1153,  814,  923,  822,  867,  845,  369,  660,  801,  767,  604,  948,  460,  707,  762,   43,  760,  880, 1072, 1027,  126,  119,  850,  841,  377,  563,  906,  203,  700,  263,  435,  471,  770,  557,  271,  228,  500,  213,   81,  371,  821,  913,  817,  942,  935,  144,  326, 1060,  673,  449,  764,  884,  575],
        [  265,    0,  526,  369,  968,  551,  318,  169,  916,  706,  794,  651,  429,  205,  742,  791,  785, 1049,    0,  651,  169,  600,  725,  670,  911,  633,  159,  198,  204,  545,  643,  677,  460,  547,  206,  520,  901,  819,  434,  206,  361,  492,  514,  600,  455,  554,  342,  232,  529,  948,  681,  174,  565,  307,  127,  949,  597,  103,  264,  903,  482,  775,  919,  255,  806,  955,  977,  144,  923,  640,  707,  964,  352,  954,  460,  640,  807,  526,  730,  664,  627,  440,  493,  520,  897,  454,  798,  654,  308, 1043,  760,  638,  705,  908,  161,  445,  409,  329,  417,  671,  580,  644,  864,  179,  358,  633,   78,  676,  662,  666,  914, 1027,  331,  556,  853,  721,  571,  604,   52,  232,  311,  556,  649,  136,   65,  455,  302,  822, 1035,  687,  713,  564,  393,  165,  838,  164,  413,  588,  682,  933,  706,  503,  558,  907,  238,  590,  344,  656, 1091,  290,  306,  402,  318, 1162,  940,  465,  213,  708,  507,  160,  978,  653,  852,  709,  843,  362,  529,  858,  824,  673,  882,  995,  688,  229,  245,  475,  202,  258, 1102,  734,  249,  516,  841,  474,  180,  477],
        [  801,    0,  436,  337,  346,  757,  471,  484,  817,  462,  368,  751,  486,  543,  303,  140,  136,  420,  651,    0,  766,   93,  597,   37,  588,  432,  737,  749,  452,  378,  127,  399,  721,  119,  806,  132,  886,  804,  422,  725,  298,  200,  140,  374,  202,   98,  513,  431,  464,  463,  649,  820,  213,  348,  526,  372,  144,  753,  434,  256,  520,  156,  759,  403,  447,  492,  504,  777,  273,  234,  403,  363,  365,  352,  474,  639,  683,  349,  768,  126,  488,  412,  762,  325,  729,  220,  149,  355,  419,  436,  120,  774,  461,  258,  587,  530,  246,  575,  562,  179,  209,  384,  466,  588,  328,  601,  628,  369,  350,  155,  656,  385,  707,  672,  340,  752,  283,   56,  699,  466,  782,  233,  417,  545,  597,  620,  667,  271,  488,  305,   79,  294,  767,  777,  749,  512,  542,  492,  695,  489,  343,  404,  560,  634,  605,  108,  314,  610,  462,  374,  556,  775,  708,  543,  303,  445,  458,  243,  256,  499,  430,  552,  325,  119,  489,  453,  279,  341,  227,  156,  323,  354,  180,  425,  494,  567,  585,  516,  512,  197,  718,  269,  470,  510,  477,  219],
        [  106,    0,  692,  521, 1056,  460,  485,  310,  866,  871,  840,  576,  597,  235,  798,  903,  894, 1138,  169,  766,    0,  700,  704,  789,  919,  650,   32,   56,  346,  708,  733,  839,  371,  652,   42,  636,  829,  756,  459,   89,  469,  584,  627,  632,  581,  669,  511,  379,  534,  995,  641,  110,  640,  441,  275, 1022,  733,  121,  423, 1006,  468,  871,  883,  366,  834,  996, 1018,   63, 1038,  789,  869, 1044,  508, 1035,  464,  598,  774,  687,  662,  798,  795,  604,  393,  568,  866,  589,  906,  814,  469, 1123,  881,  554,  719, 1021,  184,  429,  536,  301,  390,  811,  725,  674,  895,  346,  505,  601,  244,  836,  820,  804,  904, 1125,  235,  495,  914,  656,  628,  724,  164,  303,  172,  626,  813,  222,  189,  404,  226,  896, 1094,  842,  818,  618,  276,   24,  792,  325,  394,  756,  629,  970,  863,  667,  533,  903,  210,  688,  453,  624, 1179,  392,  292,  282,  220, 1243, 1037,  631,  309,  775,  578,  312, 1041,  637,  917,  838,  865,  387,  589,  920,  910,  811,  953, 1092,  768,  348,  411,  445,  201,  427, 1173,  814,  140,  668,  868,  464,  327,  567],
        [  728,    0,  470,  328,  371,  665,  464,  437,  733,  525,  311,  658,  501,  471,  243,  209,  196,  451,  600,   93,  700,    0,  510,  129,  523,  344,  670,  679,  408,  417,   64,  462,  631,   56,  739,  104,  799,  715,  332,  653,  239,  119,   98,  285,  179,   81,  511,  394,  371,  429,  559,  763,  121,  310,  478,  371,  200,  699,  409,  307,  428,  176,  679,  346,  381,  453,  469,  717,  343,  302,  471,  374,  355,  364,  382,  547,  598,  385,  677,  207,  537,  428,  672,  232,  649,  212,  208,  417,  405,  452,  207,  682,  378,  325,  518,  440,  214,  490,  472,  257,  260,  298,  409,  560,  312,  510,  586,  434,  414,  234,  585,  429,  624,  579,  309,  661,  192,  102,  650,  397,  703,  141,  474,  483,  541,  530,  585,  251,  477,  377,  119,  203,  682,  713,  664,  473,  452,  534,  604,  445,  415,  434,  468,  563,  527,   16,  257,  519,  493,  312,  474,  690,  626,  568,  341,  467,  396,  183,  165,  456,  417,  463,  298,  210,  424,  367,  186,  312,  232,  237,  310,  396,  127,  371,  473,  475,  512,  499,  520,  162,  641,  301,  408,  418,  434,  137],
        [  655,    0,  916,  708,  635,  338,  811,  648,  230, 1016,  321,  243,  899,  521,  344,  653,  631,  701,  725,  597,  704,  510,    0,  632,  244,  167,  675,  653,  648,  879,  472,  955,  383,  520,  725,  566,  290,  211,  312,  618,  525,  461,  547,  227,  599,  568,  864,  663,  207,  422,   99,  809,  394,  617,  669,  545,  702,  783,  719,  676,  244,  558,  201,  561,  246,  400,  422,  756,  753,  804,  969,  590,  726,  588,  269,  130,   96,  844,  206,  717, 1006,  844,  396,  308,  176,  642,  636,  911,  747,  648,  687,  283,  146,  732,  566,  281,  595,  407,  316,  766,  752,  214,  296,  810,  680,  108,  767,  931,  910,  743,  203,  732,  489,  245,  426,  192,  322,  609,  771,  515,  586,  376,  959,  596,  665,  305,  482,  470,  545,  881,  573,  314,  494,  726,  155,  710,  315,  990,  150,  370,  919,  876,  172,  207,  502,  497,  535,   89,  730,  529,  423,  495,  502,  751,  661,  888,  554,  384,  381,  676,  517,   73,  443,  714,  245,  372,  345,  432,  532,  746,  493,  705,  438,  586,  773,  259,  529,  806,  653,  455,  572,  766,  263,  252,  663,  452],
        [  828,    0,  423,  343,  348,  792,  474,  502,  852,  436,  397,  787,  480,  570,  333,  127,  129,  418,  670,   37,  789,  129,  632,    0,  619,  468,  761,  775,  469,  363,  162,  373,  755,  150,  830,  154,  922,  840,  456,  751,  322,  233,  164,  411,  217,  122,  513,  446,  500,  484,  686,  841,  249,  365,  544,  384,  129,  772,  444,  248,  556,  167,  793,  425,  478,  515,  526,  799,  254,  209,  375,  370,  370,  359,  509,  675,  718,  336,  805,   96,  468,  406,  796,  361,  763,  228,  141,  330,  426,  439,   92,  810,  496,  240,  613,  565,  262,  606,  596,  149,  193,  419,  495,  598,  337,  638,  644,  343,  325,  125,  689,  377,  738,  707,  362,  789,  319,   67,  717,  492,  811,  270,  394,  568,  617,  655,  698,  290,  501,  277,   93,  331,  799,  800,  785,  526,  576,  475,  731,  513,  314,  392,  597,  665,  633,  144,  337,  647,  459,  398,  587,  807,  738,  542,  299,  437,  481,  274,  292,  515,  444,  589,  346,   82,  519,  485,  315,  363,  240,  125,  339,  348,  211,  446,  503,  602,  613,  522,  518,  223,  746,  259,  500,  546,  494,  251],
        [  883,    0,  985,  804,  489,  581,  927,  803,  317, 1046,  223,  481,  995,  711,  286,  591,  568,  537,  911,  588,  919,  523,  244,  619,    0,  279,  889,  872,  794,  936,  466,  983,  623,  557,  944,  611,  430,  386,  478,  837,  637,  530,  596,  320,  668,  600,  980,  800,  387,  229,  340, 1020,  439,  735,  833,  385,  722,  983,  845,  568,  452,  490,  233,  705,  143,  195,  211,  966,  653,  820,  990,  435,  828,  438,  458,  373,  241,  903,  425,  714, 1059,  930,  639,  412,  210,  710,  569,  939,  862,  471,  642,  521,  207,  634,  762,  491,  681,  619,  533,  766,  783,  278,  132,  964,  780,  348,  940,  955,  935,  743,   94,  584,  719,  487,  296,  415,  385,  621,  961,  684,  818,  431,  997,  777,  848,  537,  706,  365,  344,  893,  536,  385,  731,  940,  295,  862,  527, 1053,  386,  168,  931,  947,  397,   68,  710,  516,  652,  331,  556,  668,  629,  733,  731,  556,  534,  972,  716,  346,  462,  831,  335,  293,  316,  694,  100,  550,  426,  299,  436,  743,  358,  564,  409,  734,  907,  482,  729,  938,  453,  400,  795,  819,  120,  456,  814,  529],
        [  625,    0,  757,  556,  517,  396,  668,  528,  394,  851,  219,  346,  749,  434,  213,  498,  477,  592,  633,  432,  650,  344,  167,  468,  279,    0,  619,  606,  521,  717,  309,  790,  404,  354,  678,  400,  455,  372,  200,  571,  377,  297,  382,   61,  438,  402,  722,  530,  118,  362,  222,  747,  227,  473,  556,  442,  535,  707,  581,  537,  196,  408,  352,  432,  187,  355,  378,  693,  608,  638,  803,  481,  576,  477,  187,  222,  259,  683,  344,  551,  844,  690,  433,  150,  323,  481,  484,  746,  603,  550,  527,  378,   73,  587,  486,  232,  438,  353,  277,  600,  586,   56,  249,  690,  529,  183,  662,  765,  744,  577,  295,  611,  469,  296,  319,  328,  156,  443,  683,  406,  568,  210,  795,  498,  570,  301,  449,  343,  477,  715,  414,  148,  498,  671,  322,  587,  266,  831,  273,  326,  753,  718,  176,  283,  440,  331,  390,  185,  626,  396,  359,  502,  479,  664,  532,  734,  439,  237,  218,  556,  434,  124,  331,  550,  216,  273,  182,  326,  396,  580,  380,  581,  282,  460,  639,  238,  455,  672,  574,  307,  535,  603,  220,  195,  540,  290],
        [  107,    0,  676,  499, 1025,  440,  470,  288,  841,  853,  809,  553,  583,  204,  767,  874,  864, 1107,  159,  737,   32,  670,  675,  761,  889,  619,    0,   42,  324,  689,  703,  820,  350,  623,   70,  608,  807,  732,  427,   66,  440,  553,  598,  601,  554,  640,  498,  357,  504,  963,  614,  135,  609,  416,  255,  991,  707,  132,  404,  977,  439,  841,  856,  338,  803,  964,  987,   84, 1009,  765,  850, 1013,  487, 1004,  433,  571,  747,  668,  639,  772,  780,  587,  374,  536,  839,  563,  877,  794,  450, 1092,  852,  533,  688,  992,  154,  399,  509,  271,  360,  786,  701,  643,  864,  337,  482,  573,  236,  816,  800,  778,  875, 1095,  213,  470,  883,  632,  596,  696,  164,  273,  161,  595,  795,  195,  169,  378,  201,  865, 1063,  820,  788,  586,  260,   52,  766,  307,  364,  741,  604,  939,  842,  650,  504,  873,  180,  658,  425,  596, 1149,  364,  261,  267,  198, 1212, 1007,  616,  281,  744,  547,  292, 1010,  608,  886,  811,  835,  355,  558,  889,  880,  785,  922, 1062,  737,  322,  396,  416,  170,  414, 1142,  783,  118,  645,  837,  434,  306,  537],
        [   68,    0,  709,  526, 1028,  404,  505,  316,  811,  885,  802,  520,  619,  209,  763,  885,  874, 1111,  198,  749,   56,  679,  653,  775,  872,  606,   42,    0,  351,  720,  709,  850,  315,  634,   73,  622,  773,  700,  420,   36,  454,  561,  611,  592,  572,  654,  535,  385,  489,  956,  588,  165,  611,  438,  285,  990,  727,  172,  434,  985,  420,  848,  830,  356,  792,  955,  978,  118, 1020,  789,  879, 1013,  516, 1005,  419,  544,  722,  697,  606,  790,  813,  620,  337,  533,  814,  584,  886,  823,  481, 1092,  866,  498,  674, 1003,  163,  381,  528,  254,  340,  807,  724,  633,  853,  376,  508,  549,  276,  845,  829,  798,  854, 1100,  179,  440,  879,  601,  594,  710,  206,  284,  120,  597,  826,  216,  200,  351,  173,  865, 1058,  846,  797,  583,  221,   79,  738,  340,  346,  776,  574,  929,  869,  682,  482,  853,  169,  667,  440,  572, 1151,  378,  248,  228,  164, 1213, 1012,  650,  297,  743,  548,  322, 1006,  587,  883,  828,  821,  349,  557,  886,  883,  805,  921, 1067,  740,  342,  431,  395,  170,  450, 1140,  785,   84,  671,  825,  417,  335,  544],
        [  416,    0,  371,  176,  779,  576,  187,   37,  865,  540,  642,  646,  300,  201,  582,  591,  587,  859,  204,  452,  346,  408,  648,  469,  794,  521,  324,  351,    0,  373,  458,  501,  497,  354,  388,  321,  876,  789,  337,  339,  176,  311,  317,  475,  252,  355,  235,   35,  441,  790,  632,  377,  396,  105,   77,  770,  394,  306,   95,  706,  423,  583,  849,   90,  671,  804,  824,  341,  722,  443,  530,  780,  166,  770,  384,  596,  740,  349,  710,  461,  477,  280,  538,  383,  823,  250,  599,  473,  141,  859,  558,  645,  591,  708,  209,  397,  207,  325,  389,  469,  380,  517,  723,  171,  160,  577,  179,  495,  479,  463,  815,  832,  402,  545,  685,  698,  421,  402,  249,  150,  431,  392,  479,  141,  159,  447,  361,  645,  865,  496,  517,  417,  473,  351,  785,   70,  376,  444,  649,  785,  519,  340,  502,  803,  277,  400,  158,  598,  901,  127,  296,  483,  394,  975,  747,  317,  105,  540,  347,   48,  807,  576,  681,  505,  712,  283,  377,  690,  638,  471,  705,  800,  510,   62,  130,  438,  236,  162,  923,  555,  359,  322,  706,  412,   26,  300],
        [  786,    0,   63,  207,  703,  913,  234,  406, 1109,  167,  728,  955,  159,  566,  660,  471,  482,  765,  545,  378,  708,  417,  879,  363,  936,  717,  689,  720,  373,    0,  479,  132,  844,  380,  748,  326, 1151, 1063,  602,  711,  373,  421,  342,  657,  280,  337,  236,  339,  691,  838,  899,  711,  502,  313,  435,  746,  235,  637,  286,  589,  710,  529, 1068,  406,  795,  865,  879,  688,  559,  177,  164,  731,  208,  720,  662,  873,  973,   35, 1002,  282,  128,  109,  887,  571, 1039,  237,  492,  117,  240,  796,  410,  965,  770,  555,  581,  699,  288,  670,  709,  245,  171,  685,  826,  393,  232,  843,  483,  136,  126,  260,  990,  713,  768,  858,  715,  987,  567,  329,  574,  496,  803,  514,  107,  514,  521,  772,  726,  647,  863,  174,  453,  572,  839,  708, 1032,  384,  691,  118,  931,  859,  176,   50,  779,  971,  643,  423,  371,  860,  803,  412,  642,  849,  762,  890,  647,  105,  458,  600,  500,  398,  806,  816,  701,  330,  839,  584,  536,  717,  602,  265,  700,  688,  541,  402,  303,  743,  605,  298,  877,  569,  731,  118,  823,  698,  386,  428],
        [  753,    0,  532,  389,  325,  658,  525,  484,  690,  581,  250,  639,  564,  501,  183,  202,  184,  407,  643,  127,  733,   64,  472,  162,  466,  309,  703,  709,  458,  479,    0,  518,  632,  114,  772,  167,  762,  681,  334,  680,  284,  153,  158,  254,  240,  145,  572,  446,  356,  366,  530,  802,  109,  363,  526,  314,  256,  741,  467,  279,  421,  140,  632,  389,  324,  390,  406,  755,  329,  355,  524,  322,  416,  313,  378,  523,  557,  447,  650,  252,  598,  491,  671,  222,  602,  275,  194,  473,  465,  401,  219,  666,  334,  310,  550,  438,  272,  504,  474,  304,  318,  259,  349,  615,  372,  484,  635,  489,  470,  281,  531,  392,  638,  567,  246,  634,  169,  156,  694,  431,  723,  130,  532,  522,  583,  527,  602,  191,  416,  429,  110,  182,  692,  748,  624,  525,  455,  596,  577,  382,  467,  496,  451,  509,  551,   63,  303,  491,  449,  354,  490,  700,  642,  519,  304,  530,  435,  122,  169,  505,  357,  432,  236,  243,  367,  381,  178,  249,  181,  282,  251,  359,   64,  417,  531,  469,  540,  557,  466,  101,  665,  363,  349,  412,  484,  168],
        [  916,    0,  167,  329,  684, 1022,  365,  535, 1184,   64,  765, 1055,  278,  689,  699,  456,  472,  735,  677,  399,  839,  462,  955,  373,  983,  790,  820,  850,  501,  132,  518,    0,  958,  438,  879,  390, 1236, 1149,  699,  840,  477,  496,  409,  729,  366,  391,  362,  467,  780,  856,  986,  842,  565,  432,  566,  743,  262,  769,  417,  562,  809,  533, 1136,  525,  841,  888,  898,  820,  515,  165,   32,  720,  335,  709,  759,  964, 1048,  153, 1094,  278,  124,  240, 1002,  651, 1106,  327,  479,   45,  371,  776,  391, 1068,  835,  516,  708,  802,  387,  785,  816,  228,  205,  751,  864,  523,  352,  932,  614,   32,   49,  250, 1046,  676,  890,  960,  734, 1079,  635,  362,  705,  616,  930,  581,   41,  641,  652,  880,  847,  662,  863,  105,  465,  643,  961,  839, 1110,  515,  797,  155, 1022,  886,   78,  178,  872, 1024,  766,  471,  478,  946,  770,  526,  758,  971,  885,  858,  623,  227,  580,  638,  576,  529,  809,  898,  718,  315,  884,  691,  611,  735,  606,  252,  707,  655,  576,  525,  435,  845,  729,  429,  860,  594,  858,  202,  866,  797,  515,  507],
