{
    "name": "random-37-29098",
    "comment": "size=37 seed=29098",
    "nodes": ["+0", "-0", "+1", "-1", "+2", "-2", "+3", "-3", "+4", "-4", "+5", "-5", "+6", "-6", "+7", "-7", "+8", "-8", "+9", "-9", "+10", "-10", "+11", "-11", "+12", "-12", "+13", "-13", "+14", "-14", "+15", "-15", "+16", "-16", "+17", "-17", "+18", "-18", "+19", "-19", "+20", "-20", "+21", "-21", "+22", "-22", "+23", "-23", "+24", "-24", "+25", "-25", "+26", "-26", "+27", "-27", "+28", "-28", "+29", "-29", "+30", "-30", "+31", "-31", "+32", "-32", "+33", "-33", "+34", "-34", "+35", "-35", "+36", "-36", "+37", "-37"],
    "precedence": {
        "+0": "-0",
        "+1": "-1",
        "+2": "-2",
        "+3": "-3",
        "+4": "-4",
        "+5": "-5",
        "+6": "-6",
        "+7": "-7",
        "+8": "-8",
        "+9": "-9",
        "+10": "-10",
        "+11": "-11",
        "+12": "-12",
        "+13": "-13",
        "+14": "-14",
        "+15": "-15",
        "+16": "-16",
        "+17": "-17",
        "+18": "-18",
        "+19": "-19",
        "+20": "-20",
        "+21": "-21",
        "+22": "-22",
        "+23": "-23",
        "+24": "-24",
        "+25": "-25",
        "+26": "-26",
        "+27": "-27",
        "+28": "-28",
        "+29": "-29",
        "+30": "-30",
        "+31": "-31",
        "+32": "-32",
        "+33": "-33",
        "+34": "-34",
        "+35": "-35",
        "+36": "-36",
        "+37": "-37"
    },
    "edges": [
        [    0,    0,  387,  537,  827,  318,  634,  609,  721,  327,  882,  210,  298,  995,  643,  819,  682,  861,  903,  529,  212,  295,  380,  144,   51,  288,  393,  289,  271,  836,  690,  840,  693,  642,  409,  288,  214,  835,  565,  460,  935,  296,  773,  420,  320,  444,  614,  620,  607,  493,  880,  342,  555,  221,  286,  667,  313,  279,  597,  831,  868,  848,  777,  654,  461,  813,  390,  919,  520,  700,  900,  579,  460,  484,  407,  386],
        [    0,    0,  387,  537,  827,  318,  634,  609,  721,  327,  882,  210,  298,  995,  643,  819,  682,  861,  903,  529,  212,  295,  380,  144,   51,  288,  393,  289,  271,  836,  690,  840,  693,  642,  409,  288,  214,  835,  565,  460,  935,  296,  773,  420,  320,  444,  614,  620,  607,  493,  880,  342,  555,  221,  286,  667,  313,  279,  597,  831,  868,  848,  777,  654,  461,  813,  390,  919,  520,  700,  900,  579,  460,  484,  407,  386],
        [  387,  387,    0,  268,  782,  569,  269,  612,  450,  414,  595,  488,  254,  650,  627,  455,  341,  732,  789,  270,  539,  652,   15,  474,  368,  641,  470,  316,  136,  579,  530,  683,  558,  287,   32,  286,  242,  696,  233,   83,  636,  227,  572,  133,  634,  332,  357,  302,  295,  375,  830,  116,  405,  505,  120,  400,  416,  605,  547,  792,  532,  714,  424,  279,   85,  667,  306,  858,  352,  432,  532,  644,  620,  237,  498,  388],
        [  537,  537,  268,    0, 1046,  795,  190,  880,  661,  668,  779,  699,  255,  765,  894,  559,  507,  982, 1041,   14,  733,  830,  283,  662,  496,  822,  729,  571,  286,  787,  781,  928,  813,  170,  285,  281,  325,  945,   99,  295,  805,  486,  808,  143,  838,  599,  588,  102,  501,  187, 1093,  382,  178,  715,  363,  619,  668,  802,  813, 1056,  672,  964,  555,  230,  298,  914,  206, 1119,  134,  646,  615,  909,  872,   54,  757,  653],
        [  827,  827,  782, 1046,    0,  607,  969,  220,  496,  500,  545,  670,  972,  763,  185,  764,  658,  181,  158, 1050,  730,  808,  768,  742,  863,  796,  436,  556,  835,  461,  296,  239,  253, 1001,  762,  991,  902,  201,  986,  756,  595,  605,  342,  915,  709,  455,  499, 1052,  601, 1146,   53,  678, 1184,  673,  721,  500,  514,  730,  244,   12,  681,  190,  710,  950,  752,  220, 1058,   94, 1131,  496,  816,  283,  449, 1018,  428,  451],
        [  318,  318,  569,  795,  607,    0,  837,  395,  704,  206,  855,  109,  592, 1023,  435,  893,  743,  699,  723,  791,  135,  203,  556,  181,  369,  191,  216,  277,  510,  784,  584,  701,  567,  856,  576,  591,  503,  683,  793,  613,  914,  359,  683,  658,  111,  401,  611,  859,  655,  794,  656,  469,  853,   99,  451,  659,  191,  125,  429,  607,  897,  691,  840,  845,  612,  671,  689,  700,  810,  686,  974,  326,  168,  746,  204,  287],
        [  634,  634,  269,  190,  969,  837,    0,  833,  529,  674,  624,  755,  399,  584,  840,  381,  359,  877,  938,  203,  803,  914,  281,  737,  604,  903,  723,  577,  363,  645,  684,  816,  722,   34,  264,  431,  443,  840,   95,  237,  642,  488,  689,  221,  901,  553,  478,  113,  379,  376, 1011,  374,  362,  772,  388,  497,  678,  871,  755,  980,  501,  858,  386,   42,  240,  808,  381, 1031,  322,  517,  430,  881,  880,  220,  752,  635],
        [  609,  609,  612,  880,  220,  395,  833,    0,  454,  283,  563,  451,  775,  770,   40,  711,  578,  310,  329,  882,  513,  598,  598,  523,  647,  586,  217,  349,  643,  479,  262,  327,  225,  863,  598,  790,  699,  302,  833,  603,  622,  410,  356,  741,  502,  284,  410,  902,  502,  959,  272,  500, 1002,  455,  533,  434,  296,  519,   92,  223,  662,  305,  654,  821,  600,  297,  865,  314,  951,  445,  779,   98,  251,  846,  209,  245],
        [  721,  721,  450,  661,  496,  704,  529,  454,    0,  500,  162,  689,  700,  326,  438,  269,  176,  363,  424,  670,  760,  877,  442,  725,  729,  864,  496,  461,  566,  130,  207,  298,  252,  563,  419,  730,  668,  327,  577,  383,  218,  426,  168,  565,  809,  307,  107,  632,  162,  813,  527,  405,  830,  702,  469,   55,  516,  803,  364,  508,  209,  345,  214,  499,  379,  297,  754,  535,  778,   21,  328,  542,  638,  653,  517,  417],
        [  327,  327,  414,  668,  500,  206,  674,  283,  500,    0,  654,  200,  515,  818,  316,  690,  540,  547,  583,  667,  271,  382,  399,  258,  365,  369,   71,   99,  398,  587,  400,  535,  391,  697,  412,  526,  433,  525,  646,  439,  713,  187,  496,  525,  309,  196,  406,  714,  452,  711,  553,  301,  762,  210,  305,  454,   18,  306,  275,  505,  692,  536,  636,  675,  437,  506,  610,  593,  713,  482,  770,  265,  207,  625,   93,   85],
        [  882,  882,  595,  779,  545,  855,  624,  563,  162,  654,    0,  846,  848,  218,  538,  278,  273,  378,  430,  790,  918, 1034,  589,  886,  890, 1020,  642,  621,  719,   87,  301,  311,  340,  657,  563,  879,  823,  348,  688,  521,   61,  588,  213,  700,  962,  464,  269,  734,  301,  944,  562,  562,  954,  859,  626,  216,  671,  959,  479,  557,  158,  363,  246,  589,  518,  326,  895,  558,  904,  183,  298,  658,  774,  779,  661,  570],
        [  210,  210,  488,  699,  670,  109,  755,  451,  689,  200,  846,    0,  487,  998,  489,  851,  702,  739,  771,  694,   73,  190,  476,   78,  260,  177,  243,  233,  414,  783,  599,  732,  589,  771,  499,  484,  398,  719,  704,  541,  904,  299,  695,  565,  146,  383,  589,  768,  616,  688,  721,  398,  748,   18,  369,  639,  182,  123,  465,  672,  870,  729,  800,  767,  540,  703,  583,  764,  707,  669,  932,  399,  259,  649,  244,  283],
        [  298,  298,  254,  255,  972,  592,  399,  775,  700,  515,  848,  487,    0,  896,  799,  694,  592,  952, 1006,  245,  506,  591,  260,  435,  252,  585,  584,  429,  142,  829,  755,  911,  775,  396,  286,   34,   90,  919,  312,  332,  889,  368,  810,  185,  614,  522,  603,  351,  547,  203, 1024,  311,  262,  501,  256,  648,  509,  574,  729,  980,  782,  936,  670,  431,  335,  891,   98, 1057,  223,  681,  766,  778,  701,  203,  608,  531],
        [  995,  995,  650,  765,  763, 1023,  584,  770,  326,  818,  218,  998,  896,    0,  748,  208,  316,  593,  644,  778, 1068, 1187,  649, 1025,  993, 1174,  819,  766,  785,  303,  509,  527,  551,  613,  619,  930,  892,  565,  668,  569,  173,  713,  428,  724, 1125,  623,  412,  696,  390,  947,  778,  655,  942, 1012,  716,  366,  833, 1116,  682,  775,  129,  579,  227,  544,  566,  543,  921,  772,  898,  341,  160,  862,  963,  780,  841,  737],
        [  643,  643,  627,  894,  185,  435,  840,   40,  438,  316,  538,  489,  799,  748,    0,  699,  571,  272,  290,  897,  552,  637,  612,  560,  679,  625,  252,  376,  665,  453,  239,  291,  199,  870,  611,  815,  725,  264,  844,  613,  596,  432,  328,  757,  541,  296,  403,  912,  497,  980,  237,  516, 1021,  493,  553,  421,  330,  558,   86,  189,  644,  267,  642,  826,  610,  261,  887,  278,  969,  430,  764,  133,  290,  862,  246,  271],
        [  819,  819,  455,  559,  764,  893,  381,  711,  269,  690,  278,  851,  694,  208,  699,    0,  151,  621,  679,  571,  917, 1037,  455,  867,  810, 1025,  706,  621,  591,  333,  475,  553,  520,  411,  425,  728,  696,  586,  461,  373,  277,  554,  428,  519,  987,  501,  305,  493,  238,  740,  792,  478,  736,  866,  534,  279,  703,  972,  620,  776,  129,  603,   58,  341,  371,  557,  715,  798,  691,  273,   83,  792,  862,  573,  732,  616],
        [  682,  682,  341,  507,  658,  743,  359,  578,  176,  540,  273,  702,  592,  316,  571,  151,    0,  537,  598,  517,  769,  889,  338,  721,  678,  877,  558,  472,  473,  287,  363,  472,  407,  392,  309,  625,  580,  501,  416,  261,  303,  408,  343,  432,  838,  352,  169,  466,   88,  673,  693,  341,  681,  718,  401,  159,  553,  823,  488,  670,  193,  519,   99,  327,  258,  470,  630,  705,  632,  169,  231,  654,  715,  507,  584,  467],
        [  861,  861,  732,  982,  181,  699,  877,  310,  363,  547,  378,  739,  952,  593,  272,  621,  537,    0,   62,  988,  807,  901,  720,  804,  889,  888,  497,  574,  811,  298,  202,   69,  178,  910,  706,  976,  894,   38,  910,  688,  422,  598,  196,  862,  808,  436,  400,  972,  498, 1106,  187,  643, 1136,  746,  697,  383,  564,  821,  275,  192,  523,   19,  571,  852,  684,   69, 1028,  181, 1082,  369,  663,  401,  561,  962,  499,  477],
        [  903,  903,  789, 1041,  158,  723,  938,  329,  424,  583,  430,  771, 1006,  644,  290,  679,  598,   62,    0, 1047,  837,  926,  776,  838,  933,  913,  529,  618,  865,  353,  260,  128,  232,  971,  764, 1028,  945,   99,  970,  747,  472,  647,  256,  920,  830,  486,  460, 1032,  559, 1162,  147,  698, 1193,  777,  750,  444,  600,  847,  309,  167,  579,   80,  631,  913,  743,  130, 1083,  130, 1140,  430,  719,  413,  577, 1020,  529,  518],
        [  529,  529,  270,   14, 1050,  791,  203,  882,  670,  667,  790,  694,  245,  778,  897,  571,  517,  988, 1047,    0,  726,  823,  285,  655,  488,  815,  728,  569,  281,  796,  787,  934,  819,  184,  289,  270,  317,  952,  112,  301,  816,  486,  815,  143,  832,  602,  596,  116,  509,  173, 1097,  383,  166,  710,  362,  627,  666,  796,  816, 1060,  684,  970,  567,  244,  304,  921,  193, 1124,  121,  655,  628,  910,  870,   46,  756,  653],
        [  212,  212,  539,  733,  730,  135,  803,  513,  760,  271,  918,   73,  506, 1068,  552,  917,  769,  807,  837,  726,    0,  121,  528,   72,  262,  108,  310,  302,  452,  855,  671,  801,  660,  817,  552,  498,  419,  787,  747,  597,  976,  364,  766,  604,  108,  455,  660,  808,  684,  704,  781,  456,  766,   62,  421,  710,  254,   70,  532,  732,  940,  797,  868,  817,  597,  772,  600,  824,  728,  741,  999,  454,  301,  681,  309,  355],
        [  295,  295,  652,  830,  808,  203,  914,  598,  877,  382, 1034,  190,  591, 1187,  637, 1037,  889,  901,  926,  823,  121,    0,  642,  179,  340,   14,  411,  422,  556,  969,  778,  901,  764,  926,  668,  579,  508,  885,  852,  714, 1092,  484,  875,  708,  102,  571,  778,  911,  805,  783,  856,  575,  846,  176,  536,  828,  365,   80,  629,  808, 1059,  893,  988,  930,  713,  871,  681,  900,  812,  858, 1119,  526,  362,  778,  403,  466],
        [  380,  380,   15,  283,  768,  556,  281,  598,  442,  399,  589,  476,  260,  649,  612,  455,  338,  720,  776,  285,  528,  642,    0,  464,  363,  631,  455,  301,  137,  571,  518,  671,  545,  301,   31,  291,  243,  684,  247,   84,  631,  213,  562,  147,  622,  317,  348,  316,  288,  387,  817,  101,  418,  494,  108,  391,  402,  594,  532,  778,  530,  702,  423,  291,   85,  655,  316,  845,  365,  423,  533,  629,  606,  251,  483,  373],
        [  144,  144,  474,  662,  742,  181,  737,  523,  725,  258,  886,   78,  435, 1025,  560,  867,  721,  804,  838,  655,   72,  179,  464,    0,  194,  168,  310,  266,  382,  827,  654,  792,  648,  749,  489,  428,  348,  782,  678,  536,  942,  314,  746,  534,  179,  424,  622,  738,  638,  634,  794,  398,  695,   83,  358,  674,  241,  141,  530,  745,  897,  793,  819,  752,  536,  764,  530,  836,  657,  706,  949,  475,  336,  610,  315,  336],
        [   51,   51,  368,  496,  863,  369,  604,  647,  729,  365,  890,  260,  252,  993,  679,  810,  678,  889,  933,  488,  262,  340,  363,  194,    0,  334,  432,  316,  243,  847,  712,  864,  718,  610,  393,  240,  172,  862,  531,  445,  941,  309,  792,  386,  370,  464,  622,  583,  607,  445,  916,  338,  507,  271,  278,  675,  352,  328,  629,  868,  867,  875,  771,  627,  446,  838,  342,  955,  473,  709,  890,  621,  507,  443,  448,  417],
        [  288,  288,  641,  822,  796,  191,  903,  586,  864,  369, 1020,  177,  585, 1174,  625, 1025,  877,  888,  913,  815,  108,   14,  631,  168,  334,    0,  398,  408,  546,  955,  764,  888,  750,  916,  656,  573,  501,  872,  843,  702, 1079,  471,  862,  698,   92,  558,  765,  902,  792,  777,  845,  563,  840,  162,  525,  815,  352,   67,  616,  796, 1046,  880,  975,  919,  702,  858,  675,  889,  806,  845, 1106,  514,  350,  770,  390,  453],
        [  393,  393,  470,  729,  436,  216,  723,  217,  496,   71,  642,  243,  584,  819,  252,  706,  558,  497,  529,  728,  310,  411,  455,  310,  432,  398,    0,  160,  464,  570,  369,  492,  353,  748,  464,  595,  502,  478,  702,  487,  702,  244,  468,  586,  326,  206,  411,  771,  470,  779,  489,  354,  828,  249,  367,  454,   81,  332,  223,  440,  696,  487,  651,  722,  485,  462,  679,  530,  779,  479,  785,  195,  161,  688,   30,   94],
        [  289,  289,  316,  571,  556,  277,  577,  349,  461,   99,  621,  233,  429,  766,  376,  621,  472,  574,  618,  569,  302,  422,  301,  266,  316,  408,  160,    0,  305,  563,  403,  551,  405,  600,  315,  443,  351,  547,  548,  344,  678,   90,  489,  428,  367,  161,  359,  616,  385,  621,  609,  204,  669,  248,  208,  410,  102,  353,  317,  563,  638,  561,  570,  580,  343,  525,  522,  646,  620,  441,  703,  350,  305,  528,  187,  106],
        [  271,  271,  136,  286,  835,  510,  363,  643,  566,  398,  719,  414,  142,  785,  665,  591,  473,  811,  865,  281,  452,  556,  137,  382,  243,  546,  464,  305,    0,  694,  613,  770,  634,  372,  167,  167,  107,  778,  297,  219,  762,  234,  670,  153,  555,  383,  466,  357,  419,  317,  886,  170,  365,  431,  115,  513,  395,  521,  592,  843,  665,  794,  559,  385,  221,  750,  223,  918,  316,  547,  668,  654,  596,  237,  490,  401],
        [  836,  836,  579,  787,  461,  784,  645,  479,  130,  587,   87,  783,  829,  303,  453,  333,  287,  298,  353,  796,  855,  969,  571,  827,  847,  955,  570,  563,  694,    0,  218,  230,  255,  679,  548,  859,  795,  267,  700,  512,  144,  540,  127,  694,  893,  404,  230,  752,  290,  941,  480,  530,  957,  795,  594,  182,  604,  892,  396,  473,  227,  282,  290,  613,  508,  242,  884,  478,  905,  149,  367,  575,  695,  781,  587,  503],
        [  690,  690,  530,  781,  296,  584,  684,  262,  207,  400,  301,  599,  755,  509,  239,  475,  363,  202,  260,  787,  671,  778,  518,  654,  712,  764,  369,  403,  613,  218,    0,  157,   46,  717,  505,  779,  700,  167,  711,  487,  360,  410,  101,  661,  695,  249,  207,  775,  309,  905,  332,  444,  934,  609,  501,  205,  418,  699,  179,  307,  407,  184,  419,  661,  484,  137,  828,  348,  881,  203,  533,  357,  481,  761,  382,  319],
        [  840,  840,  683,  928,  239,  701,  816,  327,  298,  535,  311,  732,  911,  527,  291,  553,  472,   69,  128,  934,  801,  901,  671,  792,  864,  888,  492,  551,  770,  230,  157,    0,  147,  850,  656,  936,  857,   39,  853,  635,  358,  565,  130,  812,  811,  403,  341,  913,  438, 1058,  251,  600, 1085,  740,  657,  320,  553,  822,  273,  250,  455,   53,  503,  790,  631,   31,  983,  249, 1032,  304,  595,  423,  574,  910,  498,  460],
        [  693,  693,  558,  813,  253,  567,  722,  225,  252,  391,  340,  589,  775,  551,  199,  520,  407,  178,  232,  819,  660,  764,  545,  648,  718,  750,  353,  405,  634,  255,   46,  147,    0,  754,  534,  798,  717,  146,  746,  519,  398,  421,  131,  689,  677,  259,  248,  810,  350,  931,  291,  466,  962,  598,  520,  249,  409,  684,  147,  264,  451,  162,  464,  701,  516,  121,  851,  310,  909,  248,  578,  321,  454,  791,  363,  314],
        [  642,  642,  287,  170, 1001,  856,   34,  863,  563,  697,  657,  771,  396,  613,  870,  411,  392,  910,  971,  184,  817,  926,  301,  749,  610,  916,  748,  600,  372,  679,  717,  850,  754,    0,  286,  427,  446,  873,   85,  264,  674,  511,  723,  225,  916,  581,  512,   83,  413,  356, 1044,  397,  337,  788,  405,  530,  701,  885,  785, 1012,  533,  892,  418,   71,  266,  842,  369, 1064,  300,  551,  457,  909,  903,  207,  777,  661],
        [  409,  409,   32,  285,  762,  576,  264,  598,  419,  412,  563,  499,  286,  619,  611,  425,  309,  706,  764,  289,  552,  668,   31,  489,  393,  656,  464,  315,  167,  548,  505,  656,  534,  286,    0,  318,  273,  671,  239,   53,  604,  226,  544,  156,  645,  315,  328,  309,  263,  402,  809,  112,  430,  516,  132,  369,  416,  618,  529,  771,  501,  689,  393,  270,   55,  641,  336,  836,  376,  401,  503,  633,  618,  258,  493,  380],
        [  288,  288,  286,  281,  991,  591,  431,  790,  730,  526,  879,  484,   34,  930,  815,  728,  625,  976, 1028,  270,  498,  579,  291,  428,  240,  573,  595,  443,  167,  859,  779,  936,  798,  427,  318,    0,   94,  943,  342,  364,  921,  387,  837,  218,  606,  544,  632,  379,  579,  207, 1043,  337,  268,  498,  279,  678,  519,  566,  748,  998,  815,  959,  704,  464,  367,  915,  103, 1077,  235,  711,  800,  790,  706,  230,  618,  546],
        [  214,  214,  242,  325,  902,  503,  443,  699,  668,  433,  823,  398,   90,  892,  725,  696,  580,  894,  945,  317,  419,  508,  243,  348,  172,  501,  502,  351,  107,  795,  700,  857,  717,  446,  273,   94,    0,  862,  364,  325,  868,  300,  764,  222,  526,  460,  566,  414,  524,  292,  954,  266,  350,  412,  203,  615,  426,  488,  660,  909,  772,  878,  666,  470,  327,  835,  187,  989,  310,  648,  773,  697,  614,  272,  525,  455],
        [  835,  835,  696,  945,  201,  683,  840,  302,  327,  525,  348,  719,  919,  565,  264,  586,  501,   38,   99,  952,  787,  885,  684,  782,  862,  872,  478,  547,  778,  267,  167,   39,  146,  873,  671,  943,  862,    0,  873,  652,  396,  567,  160,  827,  793,  405,  362,  934,  461, 1071,  214,  609, 1100,  726,  664,  346,  542,  805,  256,  212,  491,   19,  536,  814,  648,   32,  994,  213, 1047,  332,  630,  396,  551,  926,  482,  452],
        [  565,  565,  233,   99,  986,  793,   95,  833,  577,  646,  688,  704,  312,  668,  844,  461,  416,  910,  970,  112,  747,  852,  247,  678,  531,  843,  702,  548,  297,  700,  711,  853,  746,   85,  239,  342,  364,  873,    0,  232,  711,  460,  729,  146,  848,  550,  512,   70,  419,  284, 1031,  348,  275,  721,  346,  538,  648,  815,  761,  996,  576,  891,  459,  134,  235,  842,  287, 1055,  232,  563,  517,  872,  852,  125,  730,  618],
        [  460,  460,   83,  295,  756,  613,  237,  603,  383,  439,  521,  541,  332,  569,  613,  373,  261,  688,  747,  301,  597,  714,   84,  536,  445,  702,  487,  344,  219,  512,  487,  635,  519,  264,   53,  364,  325,  652,  232,    0,  559,  256,  518,  183,  686,  320,  298,  300,  223,  431,  801,  145,  452,  558,  179,  335,  445,  661,  529,  765,  451,  670,  342,  236,    4,  621,  374,  826,  399,  365,  450,  646,  644,  276,  516,  398],
        [  935,  935,  636,  805,  595,  914,  642,  622,  218,  713,   61,  904,  889,  173,  596,  277,  303,  422,  472,  816,  976, 1092,  631,  942,  941, 1079,  702,  678,  762,  144,  360,  358,  398,  674,  604,  921,  868,  396,  711,  559,    0,  642,  269,  734, 1021,  522,  323,  754,  344,  975,  608,  610,  981,  918,  674,  270,  729, 1017,  538,  606,  149,  409,  257,  605,  556,  375,  931,  601,  932,  238,  280,  717,  834,  809,  721,  629],
        [  296,  296,  227,  486,  605,  359,  488,  410,  426,  187,  588,  299,  368,  713,  432,  554,  408,  598,  647,  486,  364,  484,  213,  314,  309,  471,  244,   90,  234,  540,  410,  565,  421,  511,  226,  387,  300,  567,  460,  256,  642,    0,  484,  344,  441,  163,  320,  528,  325,  550,  656,  115,  595,  316,  126,  372,  191,  421,  362,  612,  585,  582,  506,  491,  255,  541,  456,  690,  544,  405,  636,  426,  394,  446,  272,  170],
        [  773,  773,  572,  808,  342,  683,  689,  356,  168,  496,  213,  695,  810,  428,  328,  428,  343,  196,  256,  815,  766,  875,  562,  746,  792,  862,  468,  489,  670,  127,  101,  130,  131,  723,  544,  837,  764,  160,  729,  518,  269,  484,    0,  698,  793,  330,  220,  788,  312,  945,  366,  501,  969,  705,  561,  193,  513,  797,  276,  354,  340,  178,  377,  662,  514,  130,  877,  371,  916,  175,  475,  452,  581,  793,  481,  413],
        [  420,  420,  133,  143,  915,  658,  221,  741,  565,  525,  700,  565,  185,  724,  757,  519,  432,  862,  920,  143,  604,  708,  147,  534,  386,  698,  586,  428,  153,  694,  661,  812,  689,  225,  156,  218,  222,  827,  146,  183,  734,  344,  698,    0,  706,  463,  480,  204,  405,  249,  963,  242,  274,  581,  221,  518,  525,  673,  678,  924,  616,  844,  501,  250,  186,  796,  199,  991,  221,  548,  587,  768,  730,  105,  614,  511],
        [  320,  320,  634,  838,  709,  111,  901,  502,  809,  309,  962,  146,  614, 1125,  541,  987,  838,  808,  830,  832,  108,  102,  622,  179,  370,   92,  326,  367,  555,  893,  695,  811,  677,  916,  645,  606,  526,  793,  848,  686, 1021,  441,  793,  706,    0,  504,  714,  910,  751,  812,  757,  543,  873,  129,  515,  762,  293,   44,  539,  709,  999,  800,  936,  912,  686,  781,  708,  801,  836,  791, 1069,  427,  261,  786,  315,  393],
        [  444,  444,  332,  599,  455,  401,  553,  284,  307,  196,  464,  383,  522,  623,  296,  501,  352,  436,  486,  602,  455,  571,  317,  424,  464,  558,  206,  161,  383,  404,  249,  403,  259,  581,  315,  544,  460,  405,  550,  320,  522,  163,  330,  463,  504,    0,  211,  619,  265,  691,  505,  223,  730,  396,  268,  259,  211,  497,  216,  464,  497,  420,  446,  544,  317,  379,  604,  536,  677,  288,  580,  330,  364,  567,  232,  116],
        [  614,  614,  357,  588,  499,  611,  478,  410,  107,  406,  269,  589,  603,  412,  403,  305,  169,  400,  460,  596,  660,  778,  348,  622,  622,  765,  411,  359,  466,  230,  207,  341,  248,  512,  328,  632,  566,  362,  512,  298,  323,  320,  220,  480,  714,  211,    0,  573,  102,  728,  538,  301,  750,  603,  365,   53,  421,  706,  320,  511,  287,  381,  248,  455,  295,  331,  663,  555,  697,   87,  379,  488,  562,  574,  435,  326],
        [  620,  620,  302,  102, 1052,  859,  113,  902,  632,  714,  734,  768,  351,  696,  912,  493,  466,  972, 1032,  116,  808,  911,  316,  738,  583,  902,  771,  616,  357,  752,  775,  913,  810,   83,  309,  379,  414,  934,   70,  300,  754,  528,  788,  204,  910,  619,  573,    0,  477,  280, 1097,  417,  256,  785,  413,  596,  716,  877,  829, 1063,  614,  953,  498,  153,  303,  903,  308, 1119,  223,  619,  540,  941,  921,  150,  799,  688],
        [  607,  607,  295,  501,  601,  655,  379,  502,  162,  452,  301,  616,  547,  390,  497,  238,   88,  498,  559,  509,  684,  805,  288,  638,  607,  792,  470,  385,  419,  290,  309,  438,  350,  413,  263,  579,  524,  461,  419,  223,  344,  325,  312,  405,  751,  265,  102,  477,    0,  652,  640,  270,  669,  632,  333,  120,  465,  737,  413,  612,  262,  480,  185,  354,  220,  430,  596,  656,  617,  146,  319,  573,  628,  492,  497,  379],
        [  493,  493,  375,  187, 1146,  794,  376,  959,  813,  711,  944,  688,  203,  947,  980,  740,  673, 1106, 1162,  173,  704,  783,  387,  634,  445,  777,  779,  621,  317,  941,  905, 1058,  931,  356,  402,  207,  292, 1071,  284,  431,  975,  550,  945,  249,  812,  691,  728,  280,  652,    0, 1196,  469,   64,  703,  427,  766,  706,  772,  905, 1155,  848, 1088,  731,  416,  435, 1041,  106, 1226,   59,  796,  799,  970,  902,  168,  804,  718],
        [  880,  880,  830, 1093,   53,  656, 1011,  272,  527,  553,  562,  721, 1024,  778,  237,  792,  693,  187,  147, 1097,  781,  856,  817,  794,  916,  845,  489,  609,  886,  480,  332,  251,  291, 1044,  809, 1043,  954,  214, 1031,  801,  608,  656,  366,  963,  757,  505,  538, 1097,  640, 1196,    0,  727, 1233,  724,  772,  535,  567,  780,  295,   50,  703,  200,  740,  991,  798,  239, 1108,   45, 1180,  528,  840,  331,  497, 1066,  480,  504],
        [  342,  342,  116,  382,  678,  469,  374,  500,  405,  301,  562,  398,  311,  655,  516,  478,  341,  643,  698,  383,  456,  575,  101,  398,  338,  563,  354,  204,  170,  530,  444,  600,  466,  397,  112,  337,  266,  609,  348,  145,  610,  115,  501,  242,  543,  223,  301,  417,  270,  469,  727,    0,  507,  415,   65,  351,  305,  519,  439,  687,  530,  626,  436,  378,  144,  581,  386,  758,  454,  385,  559,  528,  507,  347,  383,  272],
        [  555,  555,  405,  178, 1184,  853,  362, 1002,  830,  762,  954,  748,  262,  942, 1021,  736,  681, 1136, 1193,  166,  766,  846,  418,  695,  507,  840,  828,  669,  365,  957,  934, 1085,  962,  337,  430,  268,  350, 1100,  275,  452,  981,  595,  969,  274,  873,  730,  750,  256,  669,   64, 1233,  507,    0,  762,  470,  785,  758,  833,  945, 1193,  849, 1118,  732,  403,  456, 1070,  166, 1262,   54,  814,  790, 1018,  956,  177,  854,  764],
        [  221,  221,  505,  715,  673,   99,  772,  455,  702,  210,  859,   18,  501, 1012,  493,  866,  718,  746,  777,  710,   62,  176,  494,   83,  271,  162,  249,  248,  431,  795,  609,  740,  598,  788,  516,  498,  412,  726,  721,  558,  918,  316,  705,  581,  129,  396,  603,  785,  632,  703,  724,  415,  762,    0,  386,  653,  193,  106,  472,  675,  885,  736,  816,  784,  557,  711,  597,  766,  721,  683,  948,  400,  255,  665,  249,  294],
        [  286,  286,  120,  363,  721,  451,  388,  533,  469,  305,  626,  369,  256,  716,  553,  534,  401,  697,  750,  362,  421,  536,  108,  358,  278,  525,  367,  208,  115,  594,  501,  657,  520,  405,  132,  279,  203,  664,  346,  179,  674,  126,  561,  221,  515,  268,  365,  413,  333,  427,  772,   65,  470,  386,    0,  415,  306,  487,  479,  729,  591,  681,  494,  398,  179,  636,  337,  804,  419,  449,  614,  551,  510,  322,  394,  295],
        [  667,  667,  400,  619,  500,  659,  497,  434,   55,  454,  216,  639,  648,  366,  421,  279,  159,  383,  444,  627,  710,  828,  391,  674,  675,  815,  454,  410,  513,  182,  205,  320,  249,  530,  369,  678,  615,  346,  538,  335,  270,  372,  193,  518,  762,  259,   53,  596,  120,  766,  535,  351,  785,  653,  415,    0,  470,  755,  343,  512,  243,  365,  221,  470,  332,  315,  705,  548,  733,   35,  347,  517,  601,  608,  477,  372],
        [  313,  313,  416,  668,  514,  191,  678,  296,  516,   18,  671,  182,  509,  833,  330,  703,  553,  564,  600,  666,  254,  365,  402,  241,  352,  352,   81,  102,  395,  604,  418,  553,  409,  701,  416,  519,  426,  542,  648,  445,  729,  191,  513,  525,  293,  211,  421,  716,  465,  706,  567,  305,  758,  193,  306,  470,    0,  289,  291,  519,  707,  553,  649,  680,  443,  524,  605,  607,  710,  498,  783,  274,  205,  624,  100,  102],
        [  279,  279,  605,  802,  730,  125,  871,  519,  803,  306,  959,  123,  574, 1116,  558,  972,  823,  821,  847,  796,   70,   80,  594,  141,  328,   67,  332,  353,  521,  892,  699,  822,  684,  885,  618,  566,  488,  805,  815,  661, 1017,  421,  797,  673,   44,  497,  706,  877,  737,  772,  780,  519,  833,  106,  487,  755,  289,    0,  550,  731,  989,  813,  922,  884,  661,  792,  668,  823,  797,  785, 1054,  449,  287,  750,  324,  390],
        [  597,  597,  547,  813,  244,  429,  755,   92,  364,  275,  479,  465,  729,  682,   86,  620,  488,  275,  309,  816,  532,  629,  532,  530,  629,  616,  223,  317,  592,  396,  179,  273,  147,  785,  529,  748,  660,  256,  761,  529,  538,  362,  276,  678,  539,  216,  320,  829,  413,  905,  295,  439,  945,  472,  479,  343,  291,  550,    0,  251,  572,  265,  563,  741,  526,  243,  815,  330,  892,  354,  688,  181,  308,  783,  226,  213],
        [  831,  831,  792, 1056,   12,  607,  980,  223,  508,  505,  557,  672,  980,  775,  189,  776,  670,  192,  167, 1060,  732,  808,  778,  745,  868,  796,  440,  563,  843,  473,  307,  250,  264, 1012,  771,  998,  909,  212,  996,  765,  606,  612,  354,  924,  709,  464,  511, 1063,  612, 1155,   50,  687, 1193,  675,  729,  512,  519,  731,  251,    0,  693,  201,  722,  961,  762,  232, 1066,   93, 1140,  507,  828,  283,  449, 1028,  431,  457],
        [  868,  868,  532,  672,  681,  897,  501,  662,  209,  692,  158,  870,  782,  129,  644,  129,  193,  523,  579,  684,  940, 1059,  530,  897,  867, 1046,  696,  638,  665,  227,  407,  455,  451,  533,  501,  815,  772,  491,  576,  451,  149,  585,  340,  616,  999,  497,  287,  614,  262,  848,  703,  530,  849,  885,  591,  243,  707,  989,  572,  693,    0,  507,  118,  463,  449,  465,  814,  703,  802,  222,  142,  751,  843,  681,  719,  612],
        [  848,  848,  714,  964,  190,  691,  858,  305,  345,  536,  363,  729,  936,  579,  267,  603,  519,   19,   80,  970,  797,  893,  702,  793,  875,  880,  487,  561,  794,  282,  184,   53,  162,  892,  689,  959,  878,   19,  891,  670,  409,  582,  178,  844,  800,  420,  381,  953,  480, 1088,  200,  626, 1118,  736,  681,  365,  553,  813,  265,  201,  507,    0,  553,  833,  666,   50, 1011,  197, 1064,  350,  646,  398,  556,  944,  490,  464],
        [  777,  777,  424,  555,  710,  840,  386,  654,  214,  636,  246,  800,  670,  227,  642,   58,   99,  571,  631,  567,  868,  988,  423,  819,  771,  975,  651,  570,  559,  290,  419,  503,  464,  418,  393,  704,  666,  536,  459,  342,  257,  506,  377,  501,  936,  446,  248,  498,  185,  731,  740,  436,  732,  816,  494,  221,  649,  922,  563,  722,  118,  553,    0,  348,  340,  506,  699,  747,  685,  217,  135,  734,  806,  564,  676,  561],
        [  654,  654,  279,  230,  950,  845,   42,  821,  499,  675,  589,  767,  431,  544,  826,  341,  327,  852,  913,  244,  817,  930,  291,  752,  627,  919,  722,  580,  385,  613,  661,  790,  701,   71,  270,  464,  470,  814,  134,  236,  605,  491,  662,  250,  912,  544,  455,  153,  354,  416,  991,  378,  403,  784,  398,  470,  680,  884,  741,  961,  463,  833,  348,    0,  238,  783,  418, 1009,  363,  489,  389,  874,  879,  258,  751,  632],
        [  461,  461,   85,  298,  752,  612,  240,  600,  379,  437,  518,  540,  335,  566,  610,  371,  258,  684,  743,  304,  597,  713,   85,  536,  446,  702,  485,  343,  221,  508,  484,  631,  516,  266,   55,  367,  327,  648,  235,    4,  556,  255,  514,  186,  686,  317,  295,  303,  220,  435,  798,  144,  456,  557,  179,  332,  443,  661,  526,  762,  449,  666,  340,  238,    0,  617,  378,  822,  403,  362,  448,  644,  642,  280,  514,  396],
        [  813,  813,  667,  914,  220,  671,  808,  297,  297,  506,  326,  703,  891,  543,  261,  557,  470,   69,  130,  921,  772,  871,  655,  764,  838,  858,  462,  525,  750,  242,  137,   31,  121,  842,  641,  915,  835,   32,  842,  621,  375,  541,  130,  796,  781,  379,  331,  903,  430, 1041,  239,  581, 1070,  711,  636,  315,  524,  792,  243,  232,  465,   50,  506,  783,  617,    0,  965,  241, 1016,  301,  603,  393,  544,  896,  468,  432],
        [  390,  390,  306,  206, 1058,  689,  381,  865,  754,  610,  895,  583,   98,  921,  887,  715,  630, 1028, 1083,  193,  600,  681,  316,  530,  342,  675,  679,  522,  223,  884,  828,  983,  851,  369,  336,  103,  187,  994,  287,  374,  931,  456,  877,  199,  708,  604,  663,  308,  596,  106, 1108,  386,  166,  597,  337,  705,  605,  668,  815, 1066,  814, 1011,  699,  418,  378,  965,    0, 1140,  134,  736,  781,  872,  798,  163,  703,  622],
        [  919,  919,  858, 1119,   94,  700, 1031,  314,  535,  593,  558,  764, 1057,  772,  278,  798,  705,  181,  130, 1124,  824,  900,  845,  836,  955,  889,  530,  646,  918,  478,  348,  249,  310, 1064,  836, 1077,  989,  213, 1055,  826,  601,  690,  371,  991,  801,  536,  555, 1119,  656, 1226,   45,  758, 1262,  766,  804,  548,  607,  823,  330,   93,  703,  197,  747, 1009,  822,  241, 1140,    0, 1209,  538,  842,  375,  541, 1094,  522,  541],
        [  520,  520,  352,  134, 1131,  810,  322,  951,  778,  713,  904,  707,  223,  898,  969,  691,  632, 1082, 1140,  121,  728,  812,  365,  657,  473,  806,  779,  620,  316,  905,  881, 1032,  909,  300,  376,  235,  310, 1047,  232,  399,  932,  544,  916,  221,  836,  677,  697,  223,  617,   59, 1180,  454,   54,  721,  419,  733,  710,  797,  892, 1140,  802, 1064,  685,  363,  403, 1016,  134, 1209,    0,  762,  748,  968,  909,  126,  805,  713],
        [  700,  700,  432,  646,  496,  686,  517,  445,   21,  482,  183,  669,  681,  341,  430,  273,  169,  369,  430,  655,  741,  858,  423,  706,  709,  845,  479,  441,  547,  149,  203,  304,  248,  551,  401,  711,  648,  332,  563,  365,  238,  405,  175,  548,  791,  288,   87,  619,  146,  796,  528,  385,  814,  683,  449,   35,  498,  785,  354,  507,  222,  350,  217,  489,  362,  301,  736,  538,  762,    0,  335,  531,  623,  637,  501,  399],
        [  900,  900,  532,  615,  816,  974,  430,  779,  328,  770,  298,  932,  766,  160,  764,   83,  231,  663,  719,  628,  999, 1119,  533,  949,  890, 1106,  785,  703,  668,  367,  533,  595,  578,  457,  503,  800,  773,  630,  517,  450,  280,  636,  475,  587, 1069,  580,  379,  540,  319,  799,  840,  559,  790,  948,  614,  347,  783, 1054,  688,  828,  142,  646,  135,  389,  448,  603,  781,  842,  748,  335,    0,  863,  939,  633,  810,  695],
        [  579,  579,  644,  909,  283,  326,  881,   98,  542,  265,  658,  399,  778,  862,  133,  792,  654,  401,  413,  910,  454,  526,  629,  475,  621,  514,  195,  350,  654,  575,  357,  423,  321,  909,  633,  790,  697,  396,  872,  646,  717,  426,  452,  768,  427,  330,  488,  941,  573,  970,  331,  528, 1018,  400,  551,  517,  274,  449,  181,  283,  751,  398,  734,  874,  644,  393,  872,  375,  968,  531,  863,    0,  167,  871,  175,  257],
        [  460,  460,  620,  872,  449,  168,  880,  251,  638,  207,  774,  259,  701,  963,  290,  862,  715,  561,  577,  870,  301,  362,  606,  336,  507,  350,  161,  305,  596,  695,  481,  574,  454,  903,  618,  706,  614,  551,  852,  644,  834,  394,  581,  730,  261,  364,  562,  921,  628,  902,  497,  507,  956,  255,  510,  601,  205,  287,  308,  449,  843,  556,  806,  879,  642,  544,  798,  541,  909,  623,  939,  167,    0,  828,  133,  254],
        [  484,  484,  237,   54, 1018,  746,  220,  846,  653,  625,  779,  649,  203,  780,  862,  573,  507,  962, 1020,   46,  681,  778,  251,  610,  443,  770,  688,  528,  237,  781,  761,  910,  791,  207,  258,  230,  272,  926,  125,  276,  809,  446,  793,  105,  786,  567,  574,  150,  492,  168, 1066,  347,  177,  665,  322,  608,  624,  750,  783, 1028,  681,  944,  564,  258,  280,  896,  163, 1094,  126,  637,  633,  871,  828,    0,  715,  614],
        [  407,  407,  498,  757,  428,  204,  752,  209,  517,   93,  661,  244,  608,  841,  246,  732,  584,  499,  529,  756,  309,  403,  483,  315,  448,  390,   30,  187,  490,  587,  382,  498,  363,  777,  493,  618,  525,  482,  730,  516,  721,  272,  481,  614,  315,  232,  435,  799,  497,  804,  480,  383,  854,  249,  394,  477,  100,  324,  226,  431,  719,  490,  676,  751,  514,  468,  703,  522,  805,  501,  810,  175,  133,  715,    0,  122],
        [  386,  386,  388,  653,  451,  287,  635,  245,  417,   85,  570,  283,  531,  737,  271,  616,  467,  477,  518,  653,  355,  466,  373,  336,  417,  453,   94,  106,  401,  503,  319,  460,  314,  661,  380,  546,  455,  452,  618,  398,  629,  170,  413,  511,  393,  116,  326,  688,  379,  718,  504,  272,  764,  294,  295,  372,  102,  390,  213,  457,  612,  464,  561,  632,  396,  432,  622,  541,  713,  399,  695,  257,  254,  614,  122,    0]
    ]
}
