{
    "name": "random-79-1972",
    "comment": "size=79 seed=1972",
    "nodes": ["+0", "-0", "+1", "-1", "+2", "-2", "+3", "-3", "+4", "-4", "+5", "-5", "+6", "-6", "+7", "-7", "+8", "-8", "+9", "-9", "+10", "-10", "+11", "-11", "+12", "-12", "+13", "-13", "+14", "-14", "+15", "-15", "+16", "-16", "+17", "-17", "+18", "-18", "+19", "-19", "+20", "-20", "+21", "-21", "+22", "-22", "+23", "-23", "+24", "-24", "+25", "-25", "+26", "-26", "+27", "-27", "+28", "-28", "+29", "-29", "+30", "-30", "+31", "-31", "+32", "-32", "+33", "-33", "+34", "-34", "+35", "-35", "+36", "-36", "+37", "-37", "+38", "-38", "+39", "-39", "+40", "-40", "+41", "-41", "+42", "-42", "+43", "-43", "+44", "-44", "+45", "-45", "+46", "-46", "+47", "-47", "+48", "-48", "+49", "-49", "+50", "-50", "+51", "-51", "+52", "-52", "+53", "-53", "+54", "-54", "+55", "-55", "+56", "-56", "+57", "-57", "+58", "-58", "+59", "-59", "+60", "-60", "+61", "-61", "+62", "-62", "+63", "-63", "+64", "-64", "+65", "-65", "+66", "-66", "+67", "-67", "+68", "-68", "+69", "-69", "+70", "-70", "+71", "-71", "+72", "-72", "+73", "-73", "+74", "-74", "+75", "-75", "+76", "-76", "+77", "-77", "+78", "-78", "+79", "-79"],
    "precedence": {
        "+0": "-0",
        "+1": "-1",
        "+2": "-2",
        "+3": "-3",
        "+4": "-4",
        "+5": "-5",
        "+6": "-6",
        "+7": "-7",
        "+8": "-8",
        "+9": "-9",
        "+10": "-10",
        "+11": "-11",
        "+12": "-12",
        "+13": "-13",
        "+14": "-14",
        "+15": "-15",
        "+16": "-16",
        "+17": "-17",
        "+18": "-18",
        "+19": "-19",
        "+20": "-20",
        "+21": "-21",
        "+22": "-22",
        "+23": "-23",
        "+24": "-24",
        "+25": "-25",
        "+26": "-26",
        "+27": "-27",
        "+28": "-28",
        "+29": "-29",
        "+30": "-30",
        "+31": "-31",
        "+32": "-32",
        "+33": "-33",
        "+34": "-34",
        "+35": "-35",
        "+36": "-36",
        "+37": "-37",
        "+38": "-38",
        "+39": "-39",
        "+40": "-40",
        "+41": "-41",
        "+42": "-42",
        "+43": "-43",
        "+44": "-44",
        "+45": "-45",
        "+46": "-46",
        "+47": "-47",
        "+48": "-48",
        "+49": "-49",
        "+50": "-50",
        "+51": "-51",
        "+52": "-52",
        "+53": "-53",
        "+54": "-54",
        "+55": "-55",
        "+56": "-56",
        "+57": "-57",
        "+58": "-58",
        "+59": "-59",
        "+60": "-60",
        "+61": "-61",
        "+62": "-62",
        "+63": "-63",
        "+64": "-64",
        "+65": "-65",
        "+66": "-66",
        "+67": "-67",
        "+68": "-68",
        "+69": "-69",
        "+70": "-70",
        "+71": "-71",
        "+72": "-72",
        "+73": "-73",
        "+74": "-74",
        "+75": "-75",
        "+76": "-76",
        "+77": "-77",
        "+78": "-78",
        "+79": "-79"
    },
    "edges": [
        [    0,    0,  219,  319,  500,  423,  375,   26,  628,  353,  433,  732,  338,  360,  209,  516,  260,  244,  483,  319,  653,  514,  315,  480,  304,  219,  440,  433,  374,  427,  313,  585,  543,  217,  551,  450,  624,  269,  377,  643,  484,  543,  483,  143,  511,  477,  282,  546,  322,  442,  409,  265,  451,  384,  244,  348,  764,  341,  336,  301,  510,  458,  379,  351,  425,  390,  315,  472,  161,  326,  507,  182,  194,  453,  467,  459,  590,   82,  655,  369,  445,  612,  571,  396,  301,  374,  587,  427,  344,  378,   34,   88,  522,  437,  252,  631,  387,  188,  555,  389,  214,  420,  558,  545,  708,  519,  660,  298,  457,  389,  415,   26,  632,  334,  244,  455,  476,  176,  470,  247,  161,  422,  374,  150,  439,  319,  342,  500,  362,  423,  354,  339,  426,  327,  329,  391,  478,  589,  242,  459,  253,  622,  428,  427,  367,  344,  245,  484,  468,  439,  446,  212,  653,  251,  294,  220,  723,  361,  183,  172],
        [    0,    0,    0,    0,    0,    0,    0,    0,    0,    0,    0,    0,    0,    0,    0,    0,    0,    0,    0,    0,    0,    0,    0,    0,    0,    0,    0,    0,    0,    0,    0,    0,    0,    0,    0,    0,    0,    0,    0,    0,    0,    0,    0,    0,    0,    0,    0,    0,    0,    0,    0,    0,    0,    0,    0,    0,    0,    0,    0,    0,    0,    0,    0,    0,    0,    0,    0,    0,    0,    0,    0,    0,    0,    0,    0,    0,    0,    0,    0,    0,    0,    0,    0,    0,    0,    0,    0,    0,    0,    0,    0,    0,    0,    0,    0,    0,    0,    0,    0,    0,    0,    0,    0,    0,    0,    0,    0,    0,    0,    0,    0,    0,    0,    0,    0,    0,    0,    0,    0,    0,    0,    0,    0,    0,    0,    0,    0,    0,    0,    0,    0,    0,    0,    0,    0,    0,    0,    0,    0,    0,    0,    0,    0,    0,    0,    0,    0,    0,    0,    0,    0,    0,    0,    0,    0,    0,    0,    0,    0,    0],
        [  219,    0,    0,  419,  293,  331,  347,  198,  437,  496,  648,  640,  500,  571,   62,  324,  478,  165,  413,  361,  475,  648,  111,  675,  485,  383,  434,  606,  592,  234,  518,  406,  612,  118,  752,  589,  410,  441,  563,  531,  268,  544,  265,  351,  450,  286,  475,  602,  337,  625,  259,  278,  562,  325,  209,  323,  569,  506,  443,  481,  333,  562,  220,  406,  498,  606,  517,  263,  377,  305,  645,  389,  412,  353,  601,  377,  385,  290,  486,  585,  310,  394,  544,  336,  465,  260,  433,  211,  160,  403,  191,  248,  374,  549,  248,  428,  602,  175,  662,  210,  245,  636,  374,  736,  515,  302,  557,  368,  386,  172,  563,  195,  576,  535,  457,  550,  398,  299,  341,  464,  256,  610,  564,  140,  221,  118,  258,  297,  576,  223,  471,  336,  303,  545,  407,  201,  409,  447,  344,  461,  311,  414,  263,  645,  279,  357,  458,  266,  250,  347,  229,  315,  438,  252,  153,  435,  544,  318,  191,  375],
        [  319,    0,  419,    0,  580,  328,  218,  338,  638,  632,  542, 1034,  149,  512,  453,  739,  386,  287,  789,  637,  629,  233,  443,  662,  186,  501,  214,  667,  450,  493,  500,  824,  226,  491,  706,  179,  715,  532,  241,  934,  655,  278,  628,  253,  820,  521,  219,  233,  640,  659,  673,  167,  144,  266,  237,  661,  764,  159,   26,  546,  752,  146,  406,  667,  735,  411,  510,  561,  297,  640,  232,  251,  333,  355,  188,  760,  644,  267,  611,  486,  720,  749,  888,  702,  138,  658,  530,  552,  578,  696,  343,  402,  474,  130,  564,  670,  387,  247,  246,  443,  530,  517,  791,  731,  713,  637,  956,  614,  762,  561,  683,  331,  944,  272,  299,  138,  778,  144,  409,  331,  478,  633,  587,  281,  573,  535,  638,  566,  494,  501,  650,  174,  376,  422,  642,  462,  324,  513,   80,  777,  571,  682,  440,  502,  662,  662,  296,  633,  625,  735,  607,  112,  740,  189,  558,  394,  691,  236,  492,  235],
        [  500,    0,  293,  580,    0,  303,  399,  483,  162,  782,  932,  739,  705,  859,  336,  312,  757,  306,  578,  619,  219,  806,  186,  967,  709,  674,  474,  897,  869,   88,  808,  396,  699,  379, 1044,  757,  136,  732,  785,  619,  177,  560,  120,  613,  617,   73,  712,  675,  586,  917,  378,  414,  705,  349,  349,  549,  282,  713,  605,  773,  360,  697,  175,  665,  758,  872,  808,   30,  649,  539,  807,  648,  688,  297,  764,  538,   93,  558,  246,  868,  429,  186,  729,  531,  675,  428,  236,   94,  292,  647,  477,  540,  213,  695,  506,  138,  863,  366,  787,  138,  518,  918,  364, 1028,  230,   80,  653,  637,  558,  172,  849,  479,  728,  776,  721,  677,  559,  513,  240,  734,  544,  902,  856,  371,  102,  259,  458,   25,  861,   83,  750,  423,  240,  823,  677,  121,  374,  268,  527,  682,  584,  122,  152,  923,  467,  601,  720,  130,  143,  507,  148,  510,  163,  393,  354,  719,  278,  367,  469,  630],
        [  423,    0,  331,  328,  303,    0,  113,  422,  317,  772,  807,  951,  473,  752,  392,  562,  630,  187,  739,  681,  302,  530,  264,  889,  498,  640,  174,  854,  724,  229,  718,  653,  401,  448,  952,  492,  425,  691,  564,  835,  440,  259,  394,  471,  777,  231,  517,  374,  663,  861,  562,  192,  428,   63,  180,  653,  437,  483,  350,  722,  596,  416,  149,  724,  812,  705,  723,  296,  517,  635,  534,  494,  561,   32,  494,  701,  341,  438,  284,  743,  617,  488,  874,  665,  453,  581,  203,  321,  453,  729,  420,  500,  147,  420,  573,  358,  686,  235,  497,  190,  561,  786,  618,  957,  388,  377,  865,  679,  713,  371,  836,  414,  902,  579,  564,  394,  722,  330,   83,  587,  547,  839,  790,  278,  344,  403,  587,  282,  744,  246,  763,  154,   63,  685,  717,  216,   83,  189,  307,  791,  623,  378,  152,  780,  606,  683,  561,  402,  404,  670,  394,  306,  446,  189,  476,  612,  364,   93,  507,  473],
        [  375,    0,  347,  218,  399,  113,    0,  381,  429,  727,  722,  986,  365,  675,  402,  624,  548,  183,  759,  666,  414,  419,  314,  817,  394,  592,   88,  795,  635,  316,  647,  715,  302,  455,  874,  379,  528,  638,  457,  874,  515,  197,  474,  392,  795,  331,  418,  280,  655,  797,  600,  113,  316,   53,  147,  656,  550,  375,  238,  664,  651,  306,  228,  706,  789,  609,  654,  387,  439,  636,  422,  409,  483,  138,  382,  723,  448,  370,  395,  660,  653,  581,  884,  679,  348,  607,  313,  398,  492,  719,  382,  460,  260,  308,  567,  468,  588,  200,  390,  270,  546,  699,  680,  886,  500,  468,  902,  657,  732,  433,  788,  373,  922,  478,  475,  284,  744,  246,  195,  501,  519,  773,  725,  250,  421,  442,  603,  380,  663,  330,  727,   48,  169,  599,  693,  295,  115,  296,  209,  789,  604,  485,  248,  690,  624,  676,  472,  482,  480,  694,  466,  215,  550,  125,  499,  538,  474,   34,  495,  389],
        [   26,    0,  198,  338,  483,  422,  381,    0,  615,  351,  451,  708,  363,  376,  184,  491,  281,  239,  460,  302,  642,  537,  298,  490,  330,  219,  449,  438,  395,  413,  327,  560,  561,  191,  564,  474,  606,  272,  403,  618,  461,  554,  462,  169,  488,  463,  308,  562,  303,  450,  383,  272,  472,  386,  244,  325,  750,  366,  356,  306,  484,  479,  369,  336,  413,  413,  327,  455,  185,  304,  531,  208,  216,  451,  490,  435,  574,  108,  645,  387,  419,  591,  551,  372,  326,  348,  579,  408,  319,  361,    9,   80,  515,  458,  229,  615,  412,  188,  576,  376,  193,  439,  533,  555,  695,  500,  635,  284,  433,  367,  415,    8,  610,  360,  269,  475,  451,  194,  465,  270,  145,  431,  383,  145,  419,  295,  317,  484,  380,  407,  347,  346,  421,  348,  317,  377,  480,  583,  260,  440,  236,  605,  417,  447,  341,  324,  270,  463,  446,  414,  425,  229,  634,  257,  268,  238,  713,  364,  159,  198],
        [  628,    0,  437,  638,  162,  317,  429,  615,    0,  932, 1055,  885,  777,  987,  487,  456,  877,  403,  737,  777,   69,  847,  326, 1105,  793,  818,  484, 1042,  984,  205,  941,  532,  709,  534, 1178,  807,  171,  876,  865,  767,  325,  544,  271,  724,  776,  153,  804,  678,  745, 1059,  537,  482,  744,  377,  433,  710,  136,  787,  661,  914,  508,  733,  256,  824,  916,  979,  942,  189,  764,  699,  850,  756,  807,  297,  810,  698,   89,  675,  107,  990,  586,  273,  889,  692,  753,  589,  147,  255,  453,  807,  610,  680,  175,  737,  664,   63,  965,  467,  812,  240,  673, 1039,  503, 1168,   81,  216,  801,  793,  718,  334,  999,  609,  884,  868,  829,  710,  718,  604,  235,  846,  692, 1043,  995,  486,  263,  419,  619,  147,  986,  215,  904,  466,  263,  940,  833,  239,  362,  183,  602,  843,  739,  104,  210, 1040,  628,  761,  828,  280,  297,  666,  305,  592,  176,  468,  514,  845,  118,  404,  622,  736],
        [  353,    0,  496,  632,  782,  772,  727,  351,  932,    0,  337,  642,  581,  260,  446,  657,  307,  587,  434,  213,  970,  764,  606,  249,  525,  136,  788,  136,  364,  729,  209,  685,  853,  405,  332,  705,  881,  103,  564,  606,  696,  887,  720,  381,  435,  781,  483,  864,  255,  173,  513,  616,  736,  736,  595,  316, 1062,  578,  642,  109,  621,  749,  704,  187,  166,  430,  195,  752,  343,  308,  753,  394,  319,  801,  724,  440,  874,  370,  979,  310,  510,  833,  417,  379,  553,  445,  919,  692,  524,  241,  352,  272,  856,  723,  295,  919,  452,  539,  831,  702,  269,  349,  673,  284, 1008,  772,  604,  173,  421,  626,   68,  359,  506,  493,  385,  754,  441,  505,  811,  356,  240,  176,  157,  494,  694,  534,  396,  789,  290,  718,   62,  689,  767,  335,  147,  696,  830,  927,  569,  304,  210,  899,  751,  380,  408,  258,  389,  717,  696,  444,  677,  543,  908,  603,  452,  264, 1039,  713,  313,  405],
        [  433,    0,  648,  542,  932,  807,  722,  451, 1055,  337,    0,  973,  423,   87,  624,  907,  179,  656,  749,  519, 1073,  568,  747,  161,  367,  321,  749,  249,   95,  858,  149,  957,  719,  609,  170,  524, 1056,  279,  357,  925,  904,  819,  910,  337,  757,  906,  327,  743,  555,  212,  774,  617,  584,  753,  636,  613, 1191,  415,  538,  243,  885,  603,  801,  509,  502,  156,  158,  904,  293,  599,  555,  314,  250,  838,  542,  746, 1021,  381, 1070,   65,  789, 1037,  752,  679,  414,  716,  995,  858,  745,  563,  457,  409,  931,  575,  553, 1061,  187,  592,  654,  817,  511,   29,  937,  217, 1136,  950,  928,  475,  731,  814,  329,  455,  840,  290,  248,  617,  752,  479,  871,  221,  447,  189,  183,  569,  869,  734,  669,  931,   72,  854,  396,  675,  828,  123,  466,  821,  836,  991,  516,  636,  484, 1054,  849,   60,  688,  566,  251,  910,  892,  742,  871,  507, 1084,  618,  679,  213, 1143,  723,  528,  335],
        [  732,    0,  640, 1034,  739,  951,  986,  708,  885,  642,  973,    0, 1068,  890,  590,  430,  887,  805,  249,  462,  951, 1244,  687,  884, 1030,  670, 1073,  764,  979,  758,  830,  360, 1245,  545,  963, 1181,  737,  698, 1097,  120,  563, 1182,  619,  860,  226,  793, 1000, 1237,  435,  805,  390,  914, 1174,  959,  848,  390,  963, 1071, 1055,  731,  379, 1179,  809,  465,  483, 1033,  819,  721,  852,  411, 1238,  894,  857,  965, 1197,  274,  797,  807,  982,  935,  335,  635,  231,  336, 1032,  382,  971,  663,  499,  411,  701,  670,  933, 1160,  483,  835, 1046,  808, 1278,  775,  524,  980,  385,  903,  928,  671,   87,  505,  275,  591,  672,  713,  140, 1040,  930, 1171,  257,  894,  931,  914,  592,  814,  798,  763,  645,  549,  396,  761,  916,  739,  580,  975,  905,  939,  508,  751, 1033,  999,  954,  338,  515,  795,  831, 1008,  372,  418,  932,  610,  596,  299,  594,  923,  750,  889,  488,  831,  999,  955,  549,  891],
        [  338,    0,  500,  149,  705,  473,  365,  363,  777,  581,  423, 1068,    0,  411,  520,  823,  293,  400,  820,  636,  773,  186,  549,  560,   60,  463,  359,  587,  329,  618,  414,  902,  297,  545,  592,  124,  840,  479,   93,  980,  757,  407,  737,  216,  846,  652,  104,  320,  648,  571,  736,  296,  165,  411,  356,  681,  906,   11,  133,  482,  827,  182,  535,  657,  709,  278,  426,  683,  242,  660,  176,  192,  263,  502,  143,  796,  776,  262,  757,  375,  777,  864,  897,  733,   37,  708,  676,  665,  654,  696,  370,  403,  618,  154,  587,  805,  251,  347,  251,  568,  546,  396,  872,  627,  854,  754,  997,  605,  794,  660,  621,  358,  964,  135,  204,  195,  812,  203,  553,  237,  483,  544,  504,  364,  684,  617,  679,  693,  386,  624,  612,  320,  517,  311,  625,  585,  472,  660,  178,  779,  571,  813,  574,  375,  703,  669,  200,  742,  731,  776,  711,  197,  867,  314,  619,  321,  836,  381,  520,  186],
        [  360,    0,  571,  512,  859,  752,  675,  376,  987,  260,   87,  890,  411,    0,  544,  823,  128,  592,  664,  434, 1009,  573,  673,  151,  352,  235,  710,  196,  111,  787,   63,  872,  706,  526,  200,  523,  980,  194,  360,  840,  823,  789,  831,  284,  672,  836,  308,  727,  469,  169,  689,  566,  575,  701,  577,  527, 1123,  404,  512,  160,  800,  592,  735,  425,  425,  182,   72,  830,  237,  513,  561,  268,  192,  784,  542,  660,  949,  318, 1007,   53,  703,  957,  672,  593,  394,  630,  935,  782,  662,  480,  382,  328,  871,  564,  467,  990,  210,  530,  654,  748,  426,   91,  852,  220, 1067,  873,  843,  390,  645,  735,  264,  381,  758,  288,  214,  603,  666,  430,  813,  182,  362,  141,  116,  503,  792,  653,  583,  859,   33,  782,  317,  629,  769,  102,  383,  751,  789,  933,  475,  554,  398,  981,  783,  120,  602,  481,  218,  831,  813,  656,  792,  462, 1008,  564,  595,  143, 1079,  673,  444,  288],
        [  209,    0,   62,  453,  336,  392,  402,  184,  487,  446,  624,  590,  520,  544,    0,  309,  462,  220,  357,  301,  529,  678,  165,  639,  498,  341,  487,  562,  576,  286,  488,  384,  656,   57,  718,  616,  443,  399,  574,  485,  280,  598,  289,  350,  393,  338,  482,  648,  277,  584,  221,  324,  597,  383,  259,  262,  616,  525,  477,  441,  309,  599,  280,  347,  439,  597,  486,  306,  369,  244,  673,  389,  399,  414,  630,  322,  429,  288,  542,  562,  267,  414,  485,  278,  483,  209,  492,  248,  137,  342,  177,  217,  433,  583,  187,  473,  596,  218,  699,  267,  188,  615,  355,  697,  563,  334,  509,  310,  330,  192,  513,  184,  520,  539,  452,  588,  343,  323,  402,  454,  208,  571,  526,  175,  253,  112,  201,  344,  552,  274,  417,  387,  364,  529,  350,  256,  469,  506,  376,  400,  255,  455,  322,  626,  223,  296,  453,  288,  269,  294,  248,  345,  471,  300,  105,  414,  597,  374,  136,  377],
        [  516,    0,  324,  739,  312,  562,  624,  491,  456,  657,  907,  430,  823,  823,  309,    0,  759,  461,  314,  451,  521,  970,  311,  889,  805,  595,  711,  790,  871,  345,  762,   92,  916,  304,  973,  911,  314,  649,  882,  311,  136,  814,  192,  658,  348,  372,  791,  900,  409,  822,  145,  585,  881,  586,  511,  353,  540,  829,  764,  692,   56,  879,  413,  491,  572,  900,  757,  297,  675,  354,  967,  697,  701,  569,  923,  278,  368,  596,  553,  850,  166,  220,  461,  304,  788,  214,  547,  247,  173,  451,  483,  504,  516,  868,  367,  407,  901,  492,  978,  373,  402,  902,   57,  937,  502,  241,  346,  486,  302,  192,  717,  491,  438,  848,  759,  865,  294,  622,  524,  758,  461,  816,  778,  463,  226,  207,  262,  335,  837,  326,  607,  628,  507,  824,  519,  347,  643,  577,  666,  453,  449,  368,  423,  918,  254,  414,  760,  182,  170,  253,  173,  638,  331,  560,  230,  707,  570,  591,  379,  686],
        [  260,    0,  478,  386,  757,  630,  548,  281,  877,  307,  179,  887,  293,  128,  462,  759,    0,  477,  647,  426,  895,  467,  573,  277,  234,  221,  583,  295,  115,  681,  121,  818,  586,  455,  327,  412,  884,  211,  260,  822,  741,  662,  743,  159,  663,  728,  190,  604,  453,  279,  635,  441,  456,  577,  458,  504, 1013,  288,  386,  200,  743,  473,  622,  431,  458,  148,  133,  730,  114,  486,  456,  141,   71,  661,  431,  636,  846,  202,  891,  115,  658,  871,  684,  567,  273,  583,  817,  686,  590,  481,  288,  255,  752,  445,  427,  885,  160,  413,  542,  639,  382,  162,  794,  346,  958,  779,  830,  385,  625,  648,  336,  284,  764,  187,   91,  483,  646,  304,  693,   58,  312,  252,  211,  392,  699,  573,  541,  755,  115,  678,  351,  502,  649,   68,  391,  645,  663,  813,  347,  562,  374,  879,  670,  167,  562,  469,   95,  743,  726,  625,  705,  335,  912,  441,  530,   57,  964,  548,  386,  161],
        [  244,    0,  165,  287,  306,  187,  183,  239,  403,  587,  656,  805,  400,  592,  220,  461,  477,    0,  577,  496,  418,  519,  157,  720,  403,  458,  269,  675,  582,  221,  551,  550,  456,  274,  788,  465,  442,  510,  479,  695,  370,  379,  342,  322,  613,  261,  408,  442,  481,  685,  421,  125,  424,  166,   51,  477,  539,  409,  312,  543,  482,  421,  148,  539,  626,  576,  554,  284,  363,  458,  518,  353,  406,  215,  474,  541,  384,  276,  416,  591,  473,  465,  704,  497,  370,  425,  345,  267,  315,  546,  237,  316,  280,  412,  391,  419,  564,   65,  519,  173,  376,  638,  516,  787,  484,  355,  721,  493,  550,  277,  652,  231,  740,  472,  426,  405,  562,  207,  227,  444,  360,  665,  616,   95,  287,  267,  421,  297,  588,  225,  577,  172,  183,  539,  530,  186,  256,  346,  225,  613,  438,  420,  195,  638,  442,  502,  425,  347,  339,  512,  322,  204,  469,  100,  317,  449,  488,  154,  323,  334],
        [  483,    0,  413,  789,  578,  739,  759,  460,  737,  434,  749,  249,  820,  664,  357,  314,  647,  577,    0,  230,  796,  996,  481,  682,  782,  434,  844,  566,  744,  574,  602,  295, 1004,  307,  765,  933,  618,  470,  849,  177,  420,  954,  470,  611,   40,  618,  752,  999,  196,  605,  201,  678,  928,  738,  616,  144,  839,  822,  810,  508,  260,  933,  607,  247,  300,  794,  592,  554,  605,  163,  990,  646,  613,  757,  949,   40,  655,  559,  822,  705,  154,  532,  152,   88,  783,  159,  794,  490,  297,  193,  453,  421,  747,  914,  234,  698,  805,  571, 1032,  579,  276,  753,  299,  713,  795,  527,  184,  275,   28,  411,  479,  465,  164,  793,  684,  926,   20,  648,  732,  670,  345,  608,  584,  524,  477,  343,  156,  597,  687,  556,  374,  743,  700,  703,  289,  558,  819,  817,  710,  155,  273,  663,  637,  778,  135,  184,  687,  461,  443,   73,  433,  678,  638,  654,  263,  591,  854,  730,  301,  643],
        [  319,    0,  361,  637,  619,  681,  666,  302,  777,  213,  519,  462,  636,  434,  301,  451,  426,  496,  230,    0,  824,  819,  464,  458,  590,  208,  742,  348,  518,  582,  373,  474,  861,  247,  542,  756,  701,  241,  649,  407,  507,  850,  540,  420,  240,  633,  554,  864,   43,  384,  307,  565,  766,  660,  521,  104,  900,  636,  654,  278,  412,  774,  580,   47,  140,  571,  362,  590,  403,   98,  811,  449,  401,  706,  774,  230,  709,  379,  840,  476,  299,  641,  264,  167,  601,  238,  792,  526,  338,   61,  298,  237,  734,  752,  115,  754,  585,  466,  869,  567,  121,  524,  463,  496,  849,  595,  410,   45,  214,  451,  268,  309,  339,  587,  475,  772,  235,  494,  700,  456,  159,  384,  356,  416,  523,  361,  190,  631,  458,  568,  158,  638,  660,  477,   69,  555,  752,  807,  561,  144,   67,  729,  622,  549,  199,   48,  478,  535,  514,  232,  496,  530,  727,  546,  268,  370,  891,  644,  174,  451],
        [  653,    0,  475,  629,  219,  302,  414,  642,   69,  970, 1073,  951,  773, 1009,  529,  521,  895,  418,  796,  824,    0,  828,  365, 1132,  793,  852,  458, 1075,  999,  244,  965,  599,  679,  579, 1203,  792,  238,  908,  863,  832,  389,  507,  333,  739,  835,  192,  808,  647,  794, 1090,  597,  482,  726,  364,  442,  762,  136,  783,  651,  946,  573,  713,  275,  871,  964,  989,  967,  243,  781,  750,  832,  768,  824,  277,  794,  757,  156,  693,   41, 1009,  647,  341,  947,  748,  751,  646,  107,  309,  507,  857,  638,  711,  156,  719,  710,  129,  973,  482,  786,  269,  716, 1056,  569, 1197,   93,  281,  866,  838,  776,  389, 1037,  636,  946,  872,  841,  689,  777,  611,  221,  860,  730, 1072, 1024,  507,  320,  471,  673,  200, 1006,  257,  945,  456,  257,  956,  878,  274,  332,  137,  602,  897,  783,  171,  226, 1055,  683,  810,  839,  343,  359,  725,  366,  595,  241,  471,  565,  866,   71,  393,  664,  748],
        [  514,    0,  648,  233,  806,  530,  419,  537,  847,  764,  568, 1244,  186,  573,  678,  970,  467,  519,  996,  819,  828,    0,  675,  718,  239,  648,  372,  760,  477,  719,  586, 1054,  196,  710,  737,   64,  939,  662,  214, 1151,  888,  367,  859,  401, 1024,  743,  282,  232,  830,  740,  898,  397,  103,  471,  470,  861,  964,  187,  208,  662,  981,  116,  631,  842,  895,  412,  599,  789,  427,  840,   14,  377,  446,  552,   48,  971,  864,  443,  804,  530,  942,  979, 1080,  909,  219,  876,  723,  783,  807,  880,  544,  585,  675,  112,  765,  885,  382,  479,   92,  670,  726,  540, 1022,  782,  917,  866, 1171,  789,  970,  793,  801,  532, 1145,  286,  381,  140,  988,  356,  613,  412,  665,  712,  676,  509,  805,  765,  851,  790,  545,  729,  796,  386,  586,  471,  810,  691,  499,  700,  305,  963,  754,  902,  661,  513,  876,  851,  377,  865,  858,  949,  840,  334,  963,  421,  781,  501,  883,  446,  696,  371],
        [  315,    0,  111,  443,  186,  264,  314,  298,  326,  606,  747,  687,  549,  673,  165,  311,  573,  157,  481,  464,  365,  675,    0,  783,  545,  493,  402,  716,  685,  123,  623,  401,  606,  217,  859,  620,  312,  551,  622,  571,  213,  507,  189,  433,  519,  175,  542,  589,  437,  735,  298,  281,  581,  278,  207,  413,  459,  557,  468,  590,  338,  577,  127,  510,  603,  692,  623,  158,  466,  398,  674,  470,  505,  279,  630,  442,  277,  376,  378,  683,  353,  316,  623,  414,  517,  322,  329,  118,  189,  502,  292,  356,  274,  569,  350,  320,  684,  203,  674,  104,  352,  734,  367,  845,  404,  211,  601,  475,  456,  121,  674,  293,  642,  605,  541,  561,  463,  349,  252,  552,  367,  719,  672,  194,  136,  139,  335,  188,  676,  113,  581,  318,  221,  639,  514,   92,  347,  347,  377,  552,  419,  308,  162,  739,  351,  455,  541,  193,  183,  410,  165,  354,  340,  256,  221,  534,  434,  281,  300,  453],
        [  480,    0,  675,  662,  967,  889,  817,  490, 1105,  249,  161,  884,  560,  151,  639,  889,  277,  720,  682,  458, 1132,  718,  783,    0,  501,  300,  857,  121,  243,  901,  171,  925,  856,  610,   85,  670, 1081,  243,  505,  853,  909,  938,  926,  427,  682,  952,  458,  877,  499,   79,  747,  707,  724,  841,  711,  560, 1239,  553,  662,  200,  858,  741,  858,  435,  402,  312,  167,  938,  379,  550,  705,  415,  336,  920,  689,  687, 1059,  452, 1134,  188,  751, 1047,  656,  625,  544,  683, 1065,  884,  741,  489,  495,  428, 1000,  713,  523, 1102,  342,  660,  801,  866,  488,  187,  910,   70, 1184,  972,  851,  416,  668,  829,  213,  496,  746,  434,  364,  753,  689,  573,  945,  332,  437,   75,  113,  628,  891,  741,  634,  970,  174,  894,  309,  772,  901,  250,  394,  866,  930, 1065,  622,  549,  442, 1089,  906,  220,  648,  504,  368,  924,  904,  690,  884,  606, 1109,  703,  670,  280, 1202,  813,  520,  434],
        [  304,    0,  485,  186,  709,  498,  394,  330,  793,  525,  367, 1030,   60,  352,  498,  805,  234,  403,  782,  590,  793,  239,  545,  501,    0,  410,  399,  528,  273,  623,  355,  881,  356,  518,  535,  181,  844,  423,   79,  945,  748,  457,  732,  171,  806,  661,   45,  377,  605,  512,  710,  312,  224,  437,  363,  641,  924,   54,  176,  425,  806,  241,  544,  609,  657,  227,  367,  686,  190,  620,  229,  141,  207,  527,  199,  760,  785,  224,  780,  317,  748,  860,  852,  695,   50,  677,  700,  662,  634,  650,  338,  362,  640,  213,  548,  817,  201,  345,  309,  574,  506,  340,  852,  569,  871,  753,  961,  557,  756,  650,  564,  327,  922,   86,  145,  253,  775,  197,  575,  178,  440,  485,  445,  354,  680,  600,  645,  700,  328,  627,  558,  348,  537,  253,  575,  589,  505,  686,  192,  733,  526,  822,  586,  321,  670,  625,  141,  736,  724,  741,  704,  202,  871,  325,  593,  263,  859,  406,  484,  140],
        [  219,    0,  383,  501,  674,  640,  592,  219,  818,  136,  321,  670,  463,  235,  341,  595,  221,  458,  434,  208,  852,  648,  493,  300,  410,    0,  653,  224,  311,  614,  173,  639,  724,  311,  381,  587,  784,   59,  460,  610,  610,  752,  627,  254,  447,  666,  370,  734,  239,  243,  457,  481,  611,  603,  462,  295,  951,  461,  512,  100,  569,  623,  581,  211,  248,  364,  165,  645,  222,  279,  638,  272,  207,  670,  606,  428,  767,  236,  858,  272,  469,  747,  464,  360,  432,  397,  795,  589,  442,  261,  221,  143,  731,  598,  234,  811,  379,  406,  710,  584,  194,  322,  621,  356,  897,  674,  616,  166,  414,  530,  197,  227,  544,  392,  280,  626,  436,  371,  683,  256,  138,  230,  187,  363,  594,  442,  349,  680,  255,  605,  151,  554,  639,  270,  172,  580,  697,  801,  435,  342,  164,  795,  630,  345,  368,  253,  283,  625,  606,  422,  585,  409,  811,  469,  372,  166,  922,  579,  222,  281],
        [  440,    0,  434,  214,  474,  174,   88,  449,  484,  788,  749, 1073,  359,  710,  487,  711,  583,  269,  844,  742,  458,  372,  402,  857,  399,  653,    0,  846,  658,  395,  689,  802,  228,  539,  908,  344,  598,  695,  451,  962,  599,  111,  557,  433,  880,  404,  430,  201,  734,  844,  687,  178,  272,  128,  229,  738,  594,  370,  227,  718,  739,  257,  309,  781,  861,  623,  697,  465,  480,  718,  378,  443,  522,  188,  342,  809,  514,  422,  433,  690,  741,  659,  967,  763,  351,  693,  353,  481,  580,  797,  451,  527,  310,  267,  647,  529,  600,  278,  329,  352,  624,  725,  767,  927,  549,  546,  989,  730,  817,  519,  846,  441, 1007,  485,  502,  233,  830,  289,  251,  531,  591,  819,  772,  329,  504,  530,  688,  454,  695,  411,  793,  105,  236,  627,  765,  377,  128,  328,  236,  869,  679,  551,  322,  712,  710,  755,  499,  565,  564,  780,  551,  253,  619,  197,  586,  580,  511,  121,  574,  423],
        [  433,    0,  606,  667,  897,  854,  795,  438, 1042,  136,  249,  764,  587,  196,  562,  790,  295,  675,  566,  348, 1075,  760,  716,  121,  528,  224,  846,    0,  307,  837,  174,  820,  877,  526,  201,  706, 1003,  167,  549,  736,  822,  936,  844,  417,  565,  890,  484,  893,  390,   43,  646,  683,  750,  812,  674,  451, 1174,  582,  672,  133,  755,  765,  804,  320,  281,  378,  162,  867,  371,  443,  748,  417,  335,  884,  725,  574,  990,  426, 1081,  248,  645,  960,  535,  514,  565,  579, 1016,  809,  651,  374,  441,  365,  952,  738,  425, 1033,  406,  620,  837,  807,  395,  269,  807,  149, 1120,  893,  732,  307,  554,  748,   92,  445,  626,  476,  384,  774,  574,  557,  902,  351,  355,   61,   85,  581,  814,  657,  530,  902,  228,  828,  193,  753,  857,  295,  281,  804,  904, 1020,  615,  430,  342, 1016,  852,  303,  543,  392,  388,  841,  821,  579,  801,  594, 1030,  674,  579,  274, 1145,  786,  435,  433],
        [  374,    0,  592,  450,  869,  724,  635,  395,  984,  364,   95,  979,  329,  111,  576,  871,  115,  582,  744,  518,  999,  477,  685,  243,  273,  311,  658,  307,    0,  791,  156,  928,  625,  568,  264,  432,  996,  284,  265,  921,  855,  726,  856,  260,  757,  837,  233,  649,  549,  277,  745,  533,  490,  669,  558,  604, 1120,  320,  445,  258,  854,  509,  729,  516,  526,   72,  170,  841,  221,  587,  464,  232,  181,  756,  450,  736,  956,  311,  993,   60,  766,  985,  767,  668,  320,  692,  917,  800,  704,  569,  402,  368,  853,  481,  532,  994,  101,  518,  562,  748,  488,   68,  906,  305, 1065,  892,  927,  475,  724,  762,  373,  398,  851,  197,  161,  523,  745,  395,  792,  139,  420,  250,  227,  500,  812,  687,  648,  866,   79,  789,  417,  588,  749,   48,  474,  754,  750,  911,  428,  647,  473,  990,  776,   56,  668,  563,  164,  857,  840,  728,  819,  421, 1025,  537,  642,  165, 1068,  639,  496,  252],
        [  427,    0,  234,  493,   88,  229,  316,  413,  205,  729,  858,  758,  618,  787,  286,  345,  681,  221,  574,  582,  244,  719,  123,  901,  623,  614,  395,  837,  791,    0,  739,  435,  618,  336,  976,  670,  223,  671,  699,  639,  216,  487,  166,  533,  613,   53,  628,  595,  553,  855,  379,  327,  619,  268,  262,  524,  339,  627,  518,  710,  386,  612,   90,  628,  721,  791,  739,   71,  570,  511,  720,  567,  611,  229,  677,  534,  166,  480,  259,  793,  433,  265,  722,  516,  589,  418,  221,   98,  278,  617,  407,  476,  176,  609,  468,  204,  780,  282,  703,   51,  473,  843,  401,  964,  284,  152,  672,  595,  551,  168,  796,  407,  731,  692,  640,  592,  556,  427,  180,  654,  489,  839,  792,  291,  120,  235,  439,   77,  788,   20,  702,  338,  168,  746,  635,   37,  306,  244,  440,  661,  540,  201,   80,  846,  452,  570,  639,  175,  179,  502,  173,  423,  250,  306,  327,  646,  312,  284,  421,  549],
        [  313,    0,  518,  500,  808,  718,  647,  327,  941,  209,  149,  830,  414,   63,  488,  762,  121,  551,  602,  373,  965,  586,  623,  171,  355,  173,  689,  174,  156,  739,    0,  810,  705,  468,  238,  532,  927,  133,  376,  779,  766,  774,  776,  257,  612,  789,  310,  723,  408,  160,  627,  536,  577,  670,  541,  465, 1076,  408,  503,  103,  738,  593,  691,  366,  371,  222,   15,  779,  210,  451,  574,  250,  168,  749,  551,  598,  900,  281,  966,  105,  641,  901,  614,  531,  392,  568,  895,  729,  603,  420,  332,  272,  831,  565,  405,  941,  245,  490,  663,  701,  364,  151,  791,  240, 1021,  819,  782,  329,  584,  679,  224,  332,  700,  303,  211,  602,  605,  403,  775,  178,  302,  133,   90,  459,  738,  596,  521,  810,   86,  733,  262,  602,  731,  129,  323,  703,  760,  895,  455,  495,  336,  930,  739,  178,  540,  419,  215,  776,  757,  594,  736,  438,  955,  532,  536,  110, 1035,  642,  384,  268],
        [  585,    0,  406,  824,  396,  653,  715,  560,  532,  685,  957,  360,  902,  872,  384,   92,  818,  550,  295,  474,  599, 1054,  401,  925,  881,  639,  802,  820,  928,  435,  810,    0, 1005,  369, 1009,  994,  378,  690,  957,  245,  222,  905,  277,  728,  323,  459,  864,  990,  431,  854,  184,  673,  967,  677,  599,  371,  604,  908,  848,  732,   76,  966,  504,  508,  581,  962,  803,  383,  741,  377, 1051,  767,  764,  660, 1007,  268,  443,  667,  633,  902,  175,  276,  431,  312,  866,  244,  631,  337,  249,  462,  552,  564,  603,  954,  406,  479,  965,  577, 1065,  464,  447,  955,   35,  968,  570,  321,  280,  513,  292,  283,  741,  561,  391,  919,  825,  952,  278,  703,  614,  822,  511,  851,  817,  546,  316,  289,  292,  420,  888,  416,  631,  718,  598,  882,  541,  438,  734,  663,  750,  447,  484,  438,  513,  973,  278,  432,  827,  267,  258,  251,  263,  721,  391,  647,  292,  764,  643,  682,  433,  757],
        [  543,    0,  612,  226,  699,  401,  302,  561,  709,  853,  719, 1245,  297,  706,  656,  916,  586,  456, 1004,  861,  679,  196,  606,  856,  356,  724,  228,  877,  625,  618,  705, 1005,    0,  700,  888,  206,  825,  752,  368, 1140,  813,  183,  775,  473, 1036,  630,  399,   37,  863,  864,  871,  335,  136,  351,  407,  881,  813,  305,  213,  762,  937,  117,  530,  893,  960,  570,  716,  689,  512,  859,  207,  463,  544,  415,  193,  973,  741,  492,  649,  671,  921,  882, 1109,  918,  314,  864,  573,  698,  769,  921,  566,  627,  534,  145,  785,  755,  540,  439,  119,  572,  753,  692,  971,  924,  771,  769, 1164,  840,  976,  727,  901,  554, 1162,  429,  496,  104,  992,  368,  478,  529,  703,  837,  794,  483,  721,  721,  850,  680,  683,  632,  874,  289,  463,  608,  867,  596,  348,  544,  301, 1000,  795,  778,  548,  669,  873,  885,  492,  782,  779,  946,  765,  332,  847,  361,  760,  605,  726,  335,  711,  450],
        [  217,    0,  118,  491,  379,  448,  455,  191,  534,  405,  609,  545,  545,  526,   57,  304,  455,  274,  307,  247,  579,  710,  217,  610,  518,  311,  539,  526,  568,  336,  468,  369,  700,    0,  691,  648,  477,  368,  592,  444,  300,  649,  318,  360,  342,  388,  498,  694,  221,  551,  193,  372,  633,  438,  310,  206,  661,  549,  514,  411,  293,  637,  335,  294,  386,  596,  464,  349,  372,  188,  705,  399,  398,  470,  663,  274,  471,  299,  593,  549,  233,  437,  430,  225,  508,  167,  545,  288,  136,  287,  183,  202,  488,  620,  133,  516,  598,  265,  737,  320,  140,  602,  343,  665,  608,  367,  466,  260,  279,  222,  472,  193,  469,  551,  457,  628,  293,  355,  458,  454,  174,  540,  497,  219,  290,  132,  151,  389,  537,  322,  372,  437,  420,  521,  300,  308,  525,  561,  412,  344,  205,  495,  376,  616,  174,  240,  458,  315,  296,  247,  275,  381,  504,  348,   77,  404,  646,  428,   92,  389],
        [  551,    0,  752,  706, 1044,  952,  874,  564, 1178,  332,  170,  963,  592,  200,  718,  973,  327,  788,  765,  542, 1203,  737,  859,   85,  535,  381,  908,  201,  264,  976,  238, 1009,  888,  691,    0,  694, 1160,  325,  526,  935,  991,  983, 1006,  483,  764, 1026,  493,  911,  583,  160,  831,  765,  754,  901,  776,  644, 1313,  583,  703,  282,  942,  772,  928,  518,  481,  325,  237, 1014,  436,  635,  724,  467,  392,  983,  712,  771, 1135,  516, 1203,  220,  835, 1128,  734,  709,  581,  767, 1132,  962,  823,  572,  569,  505, 1067,  744,  607, 1178,  356,  727,  823,  939,  571,  198,  995,   74, 1258, 1051,  932,  500,  752,  909,  292,  569,  825,  460,  408,  786,  772,  629, 1011,  377,  519,  159,  196,  697,  970,  822,  718, 1046,  214,  969,  392,  828,  967,  284,  478,  940,  988, 1131,  673,  630,  526, 1165,  977,  225,  733,  588,  411, 1004,  985,  774,  964,  661, 1188,  764,  753,  341, 1273,  872,  602,  487],
        [  450,    0,  589,  179,  757,  492,  379,  474,  807,  705,  524, 1181,  124,  523,  616,  911,  412,  465,  933,  756,  792,   64,  620,  670,  181,  587,  344,  706,  432,  670,  532,  994,  206,  648,  694,    0,  892,  603,  168, 1088,  832,  357,  806,  338,  961,  697,  224,  237,  767,  688,  836,  345,   78,  430,  416,  797,  928,  127,  154,  605,  921,   97,  583,  779,  833,  371,  545,  739,  366,  776,   58,  315,  387,  516,   19,  908,  819,  379,  770,  483,  880,  927, 1016,  846,  156,  813,  689,  730,  747,  816,  481,  521,  638,   78,  701,  843,  341,  422,  131,  620,  662,  497,  963,  736,  879,  815, 1107,  726,  906,  737,  744,  469, 1081,  237,  324,  121,  925,  294,  574,  356,  601,  660,  622,  449,  751,  706,  788,  743,  497,  679,  736,  342,  545,  422,  747,  640,  469,  668,  246,  899,  691,  857,  615,  472,  812,  788,  320,  811,  803,  886,  785,  274,  917,  368,  719,  443,  850,  404,  632,  309],
        [  624,    0,  410,  715,  136,  425,  528,  606,  171,  881, 1056,  737,  840,  980,  443,  314,  884,  442,  618,  701,  238,  939,  312, 1081,  844,  784,  598, 1003,  996,  223,  927,  378,  825,  477, 1160,  892,    0,  842,  921,  621,  201,  676,  163,  744,  655,  197,  847,  799,  664, 1026,  424,  549,  838,  477,  485,  619,  227,  849,  740,  883,  369,  830,  310,  746,  837, 1003,  926,  159,  777,  613,  940,  780,  816,  414,  898,  580,   93,  687,  277,  992,  464,  107,  769,  588,  811,  485,  305,  199,  364,  720,  599,  656,  308,  828,  594,  109,  994,  501,  917,  273,  613, 1044,  352, 1139,  193,  110,  656,  726,  602,  256,  947,  602,  752,  911,  852,  809,  598,  648,  352,  863,  649, 1013,  969,  503,  190,  347,  524,  150,  985,  218,  844,  555,  363,  950,  764,  256,  489,  341,  663,  742,  676,   67,  280, 1050,  527,  676,  851,  167,  188,  550,  206,  645,   29,  529,  435,  843,  269,  497,  569,  762],
        [  269,    0,  441,  532,  732,  691,  638,  272,  876,  103,  279,  698,  479,  194,  399,  649,  211,  510,  470,  241,  908,  662,  551,  243,  423,   59,  695,  167,  284,  671,  133,  690,  752,  368,  325,  603,  842,    0,  464,  647,  667,  791,  685,  280,  479,  723,  381,  763,  277,  185,  509,  526,  633,  651,  512,  336, 1009,  476,  541,   43,  620,  647,  637,  234,  248,  344,  122,  703,  241,  322,  651,  291,  217,  721,  621,  468,  825,  274,  914,  237,  517,  805,  483,  402,  450,  447,  850,  647,  499,  287,  275,  198,  786,  620,  284,  869,  363,  457,  729,  640,  247,  284,  673,  298,  954,  732,  650,  197,  452,  588,  153,  279,  568,  393,  284,  652,  474,  409,  736,  256,  195,  172,  130,  416,  652,  500,  398,  737,  219,  663,  141,  598,  692,  248,  191,  637,  745,  855,  471,  364,  208,  853,  685,  311,  415,  287,  288,  683,  663,  465,  643,  447,  869,  515,  428,  164,  978,  627,  278,  303],
