{
    "name": "random-93-25442",
    "comment": "size=93 seed=25442",
    "nodes": ["+0", "-0", "+1", "-1", "+2", "-2", "+3", "-3", "+4", "-4", "+5", "-5", "+6", "-6", "+7", "-7", "+8", "-8", "+9", "-9", "+10", "-10", "+11", "-11", "+12", "-12", "+13", "-13", "+14", "-14", "+15", "-15", "+16", "-16", "+17", "-17", "+18", "-18", "+19", "-19", "+20", "-20", "+21", "-21", "+22", "-22", "+23", "-23", "+24", "-24", "+25", "-25", "+26", "-26", "+27", "-27", "+28", "-28", "+29", "-29", "+30", "-30", "+31", "-31", "+32", "-32", "+33", "-33", "+34", "-34", "+35", "-35", "+36", "-36", "+37", "-37", "+38", "-38", "+39", "-39", "+40", "-40", "+41", "-41", "+42", "-42", "+43", "-43", "+44", "-44", "+45", "-45", "+46", "-46", "+47", "-47", "+48", "-48", "+49", "-49", "+50", "-50", "+51", "-51", "+52", "-52", "+53", "-53", "+54", "-54", "+55", "-55", "+56", "-56", "+57", "-57", "+58", "-58", "+59", "-59", "+60", "-60", "+61", "-61", "+62", "-62", "+63", "-63", "+64", "-64", "+65", "-65", "+66", "-66", "+67", "-67", "+68", "-68", "+69", "-69", "+70", "-70", "+71", "-71", "+72", "-72", "+73", "-73", "+74", "-74", "+75", "-75", "+76", "-76", "+77", "-77", "+78", "-78", "+79", "-79", "+80", "-80", "+81", "-81", "+82", "-82", "+83", "-83", "+84", "-84", "+85", "-85", "+86", "-86", "+87", "-87", "+88", "-88", "+89", "-89", "+90", "-90", "+91", "-91", "+92", "-92", "+93", "-93"],
    "precedence": {
        "+0": "-0",
        "+1": "-1",
        "+2": "-2",
        "+3": "-3",
        "+4": "-4",
        "+5": "-5",
        "+6": "-6",
        "+7": "-7",
        "+8": "-8",
        "+9": "-9",
        "+10": "-10",
        "+11": "-11",
        "+12": "-12",
        "+13": "-13",
        "+14": "-14",
        "+15": "-15",
        "+16": "-16",
        "+17": "-17",
        "+18": "-18",
        "+19": "-19",
        "+20": "-20",
        "+21": "-21",
        "+22": "-22",
        "+23": "-23",
        "+24": "-24",
        "+25": "-25",
        "+26": "-26",
        "+27": "-27",
        "+28": "-28",
        "+29": "-29",
        "+30": "-30",
        "+31": "-31",
        "+32": "-32",
        "+33": "-33",
        "+34": "-34",
        "+35": "-35",
        "+36": "-36",
        "+37": "-37",
        "+38": "-38",
        "+39": "-39",
        "+40": "-40",
        "+41": "-41",
        "+42": "-42",
        "+43": "-43",
        "+44": "-44",
        "+45": "-45",
        "+46": "-46",
        "+47": "-47",
        "+48": "-48",
        "+49": "-49",
        "+50": "-50",
        "+51": "-51",
        "+52": "-52",
        "+53": "-53",
        "+54": "-54",
        "+55": "-55",
        "+56": "-56",
        "+57": "-57",
        "+58": "-58",
        "+59": "-59",
        "+60": "-60",
        "+61": "-61",
        "+62": "-62",
        "+63": "-63",
        "+64": "-64",
        "+65": "-65",
        "+66": "-66",
        "+67": "-67",
        "+68": "-68",
        "+69": "-69",
        "+70": "-70",
        "+71": "-71",
        "+72": "-72",
        "+73": "-73",
        "+74": "-74",
        "+75": "-75",
        "+76": "-76",
        "+77": "-77",
        "+78": "-78",
        "+79": "-79",
        "+80": "-80",
        "+81": "-81",
        "+82": "-82",
        "+83": "-83",
        "+84": "-84",
        "+85": "-85",
        "+86": "-86",
        "+87": "-87",
        "+88": "-88",
        "+89": "-89",
        "+90": "-90",
        "+91": "-91",
        "+92": "-92",
        "+93": "-93"
    },
    "edges": [
        [    0,    0,  249,  547,  553,  277,  799,  394,  700,  480,  568,  416,  550,  605,  227,  350,  424,  147,  909,  751,  686,  120,  865,  408,  174,  887,  466,  693,  318,  574,  295,  525,  647,  333,  420,  540,  524,  641,  439,  566,  339,  420,  685,  242,  836,  611,  230,  806,  394,  309,  468,  483,  116,  860,  119,  592,  176,  416,  687,  289,   89,  321,  488,  462,  763,  535,  647,  679,  561,  659,  578,  466,  454,  305,  724,  683,  749,  549,  628,  640,  685,  560,  173,  471,  812,  765,  666,  430,  344,  236,  946,  428,  134,  752,  532,  482,  682,  278,  286,  297,  550,  396,  568,  466,  497,  177,  471,  514,  855,  342,  325,  117,  331,  363,  308,  305,  706,  670,  311,  539,  410,  750,  702,   65,  718,  667,  482,  711,  887,  649,  687,  354,  415,  765,  573,  806,  696,  463,  277,  554,  639,  417,  151,  199,  361,  170,  870,  650,  691,  405,  592,  610,  494,  837,  476,  802,   81,  881,  337,  611,  558,  809,  406,  642,  120,  596,  596,  733,  365,  760,  629,  706,  834,  535,  721,  837,  141,  647,   79,  811,  608,  412,  149,  752,  474,  469,   87,  862],
        [    0,    0,    0,    0,    0,    0,    0,    0,    0,    0,    0,    0,    0,    0,    0,    0,    0,    0,    0,    0,    0,    0,    0,    0,    0,    0,    0,    0,    0,    0,    0,    0,    0,    0,    0,    0,    0,    0,    0,    0,    0,    0,    0,    0,    0,    0,    0,    0,    0,    0,    0,    0,    0,    0,    0,    0,    0,    0,    0,    0,    0,    0,    0,    0,    0,    0,    0,    0,    0,    0,    0,    0,    0,    0,    0,    0,    0,    0,    0,    0,    0,    0,    0,    0,    0,    0,    0,    0,    0,    0,    0,    0,    0,    0,    0,    0,    0,    0,    0,    0,    0,    0,    0,    0,    0,    0,    0,    0,    0,    0,    0,    0,    0,    0,    0,    0,    0,    0,    0,    0,    0,    0,    0,    0,    0,    0,    0,    0,    0,    0,    0,    0,    0,    0,    0,    0,    0,    0,    0,    0,    0,    0,    0,    0,    0,    0,    0,    0,    0,    0,    0,    0,    0,    0,    0,    0,    0,    0,    0,    0,    0,    0,    0,    0,    0,    0,    0,    0,    0,    0,    0,    0,    0,    0,    0,    0,    0,    0,    0,    0,    0,    0,    0,    0,    0,    0,    0,    0],
        [  249,    0,    0,  306,  305,   88,  568,  299,  722,  248,  498,  207,  391,  362,  249,  417,  486,  103,  668,  565,  615,  325,  619,  177,  370,  644,  494,  458,  268,  390,  157,  333,  629,  530,  186,  394,  404,  412,  205,  390,  310,  398,  509,  303,  587,  548,  169,  592,  316,  471,  364,  289,  232,  612,  138,  434,  424,  506,  448,  184,  230,  372,  258,  317,  555,  497,  509,  449,  398,  583,  349,  277,  537,  118,  510,  469,  518,  329,  381,  410,  596,  316,  110,  333,  601,  560,  459,  324,  140,  104,  732,  308,  244,  509,  285,  278,  512,  222,   51,   49,  304,  228,  500,  219,  262,  408,  230,  435,  644,  152,  252,  170,  549,  158,  533,   76,  477,  679,  388,  294,  456,  502,  609,  191,  516,  431,  261,  543,  651,  687,  503,  322,  290,  549,  333,  583,  448,  219,  420,  565,  529,  177,  231,  307,  178,  293,  660,  403,  528,  242,  621,  518,  294,  626,  400,  616,  319,  639,  385,  364,  404,  562,  162,  435,  307,  405,  391,  616,  411,  536,  415,  461,  597,  287,  479,  590,  354,  569,  209,  575,  575,  265,  197,  507,  274,  387,  280,  624],
        [  547,    0,  306,    0,  126,  275,  415,  490,  930,  237,  654,  160,  271,  212,  529,  685,  743,  404,  458,  535,  747,  630,  383,  245,  629,  423,  731,  155,  388,  221,  293,  372,  814,  770,  129,  487,  345,  123,  110,  237,  547,  618,  312,  586,  325,  703,  443,  488,  514,  691,  352,  348,  494,  365,  429,  494,  716,  776,  286,  422,  504,  639,   78,  272,  479,  684,  579,  154,  463,  715,  276,  180,  800,  333,  425,  203,  218,   99,  183,  119,  712,  182,  379,  460,  326,  299,  411,  334,  215,  379,  608,  468,  547,  206,  139,  146,  323,  474,  290,  265,   52,  229,  658,  100,  227,  713,  194,  597,  542,  328,  480,  475,  804,  200,  795,  242,  181,  880,  665,   37,  708,  230,  718,  484,  461,  294,  273,  555,  466,  911,  292,  424,  298,  450,   28,  458,  213,   89,  714,  780,  632,  213,  530,  531,  340,  532,  560,  193,  552,  384,  844,  646,  336,  525,  574,  576,  621,  423,  650,   88,  288,  269,  146,  394,  612,  210,  373,  692,  669,  243,  360,  163,  416,  130,  290,  352,  625,  703,  489,  399,  753,  261,  446,  209,  331,  394,  556,  431],
        [  553,    0,  305,  126,    0,  311,  306,  406,  834,  134,  550,  244,  393,   90,  483,  624,  673,  407,  376,  409,  635,  617,  317,  174,  665,  347,  651,  237,  465,  346,  353,  257,  713,  818,  186,  375,  462,  232,  176,  361,  477,  536,  436,  539,  283,  597,  401,  369,  431,  747,  460,  241,  526,  308,  442,  376,  729,  712,  174,  365,  529,  579,  181,  381,  355,  587,  459,  252,  348,  604,  150,  289,  732,  285,  301,  317,  300,  224,   81,  226,  597,   57,  402,  359,  428,  410,  285,  436,  270,  346,  496,  376,  523,  242,   26,  258,  448,  417,  270,  257,   75,  319,  554,  105,  119,  704,  104,  497,  423,  267,  411,  461,  845,  262,  831,  265,  274,  783,  609,   91,  637,  201,  602,  495,  335,  175,  167,  430,  371,  821,  416,  510,  397,  328,  137,  342,  144,  125,  673,  691,  517,  150,  503,  582,  269,  576,  442,  101,  428,  297,  755,  535,  227,  406,  479,  450,  620,  344,  587,   94,  410,  273,  164,  268,  595,  336,  250,  572,  603,  334,  234,  190,  318,   20,  191,  288,  654,  592,  510,  298,  652,  358,  483,  229,  226,  501,  581,  339],
        [  277,    0,   88,  275,  311,    0,  600,  386,  809,  291,  584,  142,  309,  383,  329,  498,  569,  145,  685,  625,  700,  374,  627,  228,  358,  657,  580,  417,  190,  315,   72,  397,  717,  508,  147,  472,  317,  365,  166,  313,  397,  485,  433,  381,  584,  635,  254,  636,  403,  438,  276,  355,  221,  615,  159,  507,  441,  586,  472,  272,  229,  454,  212,  231,  605,  585,  586,  403,  471,  668,  389,  202,  618,  201,  556,  410,  473,  274,  391,  364,  679,  336,  105,  413,  541,  496,  512,  236,   69,  191,  775,  392,  308,  481,  296,  210,  434,  309,  127,  103,  288,  144,  586,  210,  301,  449,  261,  521,  690,  230,  340,  229,  536,   88,  525,   49,  430,  766,  467,  274,  540,  493,  692,  213,  569,  461,  312,  611,  676,  774,  430,  244,  202,  593,  301,  623,  451,  199,  489,  652,  610,  217,  299,  272,  256,  266,  708,  411,  597,  321,  708,  602,  356,  672,  487,  675,  355,  654,  468,  348,  321,  542,  148,  488,  360,  333,  448,  695,  494,  485,  464,  437,  621,  295,  497,  597,  351,  654,  215,  600,  663,  178,  174,  484,  338,  300,  281,  645],
        [  799,    0,  568,  415,  306,  600,    0,  507,  830,  321,  546,  549,  684,  220,  658,  746,  768,  661,  140,  228,  576,  831,  174,  394,  937,  149,  722,  441,  768,  628,  652,  305,  700, 1097,  490,  381,  760,  475,  481,  646,  600,  616,  695,  703,  233,  575,  595,  105,  528, 1035,  763,  335,  800,  200,  702,  338,  973,  820,  132,  540,  797,  709,  483,  683,  138,  609,  385,  473,  339,  553,  222,  591,  825,  496,  118,  553,  481,  509,  233,  469,  528,  266,  676,  418,  618,  623,  178,  741,  570,  565,  195,  461,  729,  377,  312,  558,  709,  580,  521,  521,  367,  624,  550,  408,  306,  919,  341,  520,  145,  461,  551,  690, 1116,  565, 1098,  552,  481,  778,  747,  386,  732,  264,  523,  751,  167,  139,  318,  295,   95,  841,  670,  814,  703,   96,  412,   60,  218,  430,  835,  724,  459,  392,  705,  868,  446,  858,  161,  223,  310,  425,  785,  501,  319,  133,  524,  237,  851,  136,  711,  336,  700,  333,  460,  192,  806,  611,  231,  462,  715,  522,  185,  351,   56,  316,  127,  174,  920,  546,  775,   42,  645,  663,  762,  348,  337,  805,  846,   87],
        [  394,    0,  299,  490,  406,  386,  507,    0,  443,  273,  200,  472,  669,  394,  181,  240,  274,  318,  642,  385,  318,  370,  634,  245,  565,  636,  246,  635,  563,  653,  456,  204,  337,  726,  421,  157,  696,  612,  435,  659,   94,  131,  769,  209,  640,  250,  170,  474,   26,  696,  661,  184,  459,  642,  358,  213,  538,  320,  441,  122,  440,  203,  485,  607,  423,  203,  255,  642,  189,  286,  321,  547,  333,  188,  402,  690,  699,  558,  441,  608,  304,  371,  376,   94,  815,  786,  337,  621,  423,  205,  605,   47,  276,  647,  380,  536,  775,  116,  263,  293,  457,  516,  201,  393,  290,  450,  305,  137,  513,  172,   69,  282,  721,  436,  695,  358,  667,  395,  241,  460,  237,  586,  319,  377,  375,  409,  245,  331,  602,  421,  757,  617,  586,  440,  514,  490,  510,  412,  333,  291,  248,  277,  252,  552,  153,  529,  524,  461,  309,  109,  354,  226,  203,  497,  101,  433,  411,  625,  205,  498,  684,  668,  374,  318,  345,  660,  277,  342,  212,  729,  323,  595,  556,  389,  483,  613,  535,  273,  415,  534,  280,  557,  448,  632,  192,  686,  471,  588],
        [  700,    0,  722,  930,  834,  809,  830,  443,    0,  701,  292,  912, 1107,  801,  498,  351,  278,  702,  969,  619,  266,  605,  993,  686,  859,  978,  237, 1069,  964, 1095,  875,  588,  130,  989,  864,  473, 1126, 1052,  878, 1099,  413,  326, 1211,  463, 1023,  256,  558,  752,  421,  995, 1084,  594,  805, 1011,  729,  500,  759,  303,  819,  541,  779,  382,  927, 1038,  702,  248,  447, 1079,  512,  281,  717,  987,  266,  625,  713, 1132, 1133, 1001,  852, 1047,  313,  791,  768,  476, 1255, 1228,  660, 1043,  857,  619,  833,  462,  571, 1069,  810,  978, 1217,  501,  696,  727,  893,  948,  288,  834,  716,  634,  739,  339,  762,  614,  473,  630,  957,  872,  926,  790, 1104,   53,  390,  898,  291,  991,  325,  721,  664,  784,  668,  545,  916,   65, 1200, 1014, 1011,  739,  953,  789,  912,  855,  453,  158,  372,  718,  561,  896,  596,  868,  763,  869,  526,  546,  109,  330,  610,  755,  357,  641,  665,  965,  366,  927, 1122, 1076,  817,  654,  591, 1102,  634,  399,  337, 1166,  677, 1019,  886,  820,  860,  981,  822,  286,  759,  869,  188,  986,  815, 1050,  609, 1103,  786,  917],
        [  480,    0,  248,  237,  134,  291,  321,  273,  701,    0,  420,  289,  473,  135,  369,  497,  543,  340,  430,  341,  511,  523,  396,   73,  617,  412,  519,  368,  475,  438,  353,  138,  582,  778,  224,  251,  527,  356,  226,  449,  349,  403,  543,  422,  384,  467,  292,  346,  298,  718,  511,  112,  480,  396,  381,  262,  655,  584,  209,  247,  476,  453,  260,  438,  315,  454,  347,  380,  229,  479,  101,  355,  602,  181,  266,  439,  432,  324,  174,  351,  476,  101,  357,  226,  556,  534,  223,  479,  280,  251,  486,  242,  424,  374,  110,  331,  552,  297,  200,  202,  194,  357,  423,  156,   20,  611,   46,  364,  400,  152,  284,  374,  795,  281,  777,  243,  404,  650,  486,  202,  507,  318,  483,  430,  280,  187,   36,  341,  408,  687,  525,  526,  439,  303,  256,  336,  246,  183,  558,  557,  397,   75,  401,  552,  147,  540,  417,  196,  332,  164,  622,  409,  100,  382,  345,  389,  536,  404,  461,  227,  490,  398,  178,  200,  500,  436,  163,  462,  474,  465,  173,  323,  354,  119,  246,  370,  599,  467,  454,  331,  521,  401,  444,  359,   95,  547,  525,  383],
        [  568,    0,  498,  654,  550,  584,  546,  200,  292,  420,    0,  661,  859,  511,  341,  293,  272,  513,  686,  352,  121,  515,  704,  418,  741,  692,  207,  787,  762,  838,  655,  299,  165,  895,  606,  182,  891,  775,  617,  845,  230,  159,  950,  341,  732,   51,  362,  478,  186,  876,  858,  310,  647,  721,  550,  210,  687,  328,  527,  320,  627,  285,  663,  801,  425,   71,  174,  800,  220,   92,  427,  736,  317,  385,  429,  857,  849,  734,  562,  770,  120,  504,  573,  195,  976,  953,  372,  819,  618,  404,  579,  197,  438,  781,  527,  722,  958,  302,  460,  489,  614,  710,    5,  564,  433,  580,  461,   63,  497,  362,  258,  465,  881,  630,  854,  554,  823,  239,  320,  621,  246,  700,  139,  563,  383,  493,  385,  278,  635,  295,  936,  815,  783,  458,  675,  510,  621,  587,  419,  181,  111,  449,  418,  742,  340,  717,  502,  578,  256,  279,  240,   61,  324,  487,   99,  385,  566,  680,  276,  643,  875,  785,  557,  364,  493,  841,  342,  191,  259,  884,  386,  731,  602,  537,  569,  691,  707,   80,  602,  583,  104,  752,  642,  761,  326,  884,  651,  633],
        [  416,    0,  207,  160,  244,  142,  549,  472,  912,  289,  661,    0,  198,  331,  455,  622,  689,  286,  610,  626,  769,  514,  539,  253,  476,  577,  691,  284,  229,  186,  137,  421,  808,  612,   66,  519,  240,  227,   69,  188,  504,  587,  304,  509,  485,  712,  372,  607,  493,  532,  224,  385,  347,  523,  299,  543,  576,  712,  417,  374,  360,  576,   84,  150,  587,  675,  627,  265,  508,  736,  367,   76,  741,  287,  534,  269,  335,  134,  321,  227,  741,  288,  243,  473,  400,  356,  504,  196,   73,  306,  738,  465,  446,  356,  240,   72,  308,  419,  218,  187,  192,   76,  664,  145,  290,  590,  246,  599,  662,  301,  440,  368,  649,   54,  641,  131,  292,  865,  594,  174,  658,  390,  752,  352,  559,  416,  320,  629,  612,  882,  297,  269,  156,  565,  181,  584,  366,  120,  624,  755,  666,  226,  435,  374,  323,  377,  680,  336,  620,  384,  815,  667,  380,  644,  569,  672,  495,  576,  589,  246,  214,  425,  113,  482,  500,  199,  450,  741,  613,  345,  452,  318,  559,  235,  432,  509,  476,  723,  350,  541,  750,  116,  298,  364,  366,  262,  411,  578],
        [  550,    0,  391,  271,  393,  309,  684,  669, 1107,  473,  859,  198,    0,  481,  637,  806,  876,  447,  712,  799,  966,  663,  627,  447,  553,  672,  884,  293,  259,   64,  260,  610, 1006,  651,  256,  714,   88,  234,  249,   44,  697,  782,  137,  690,  556,  910,  559,  759,  690,  561,  128,  576,  453,  603,  446,  733,  682,  894,  556,  567,  474,  761,  217,   89,  747,  872,  818,  259,  699,  933,  536,  124,  926,  483,  693,  204,  310,  175,  453,  239,  937,  447,  389,  670,  299,  246,  674,  143,  252,  494,  877,  663,  612,  385,  400,  143,  133,  611,  412,  381,  321,  165,  862,  318,  471,  726,  428,  797,  812,  499,  635,  533,  702,  236,  703,  318,  274, 1062,  776,  303,  846,  465,  947,  490,  727,  564,  507,  811,  727, 1076,  146,  260,  140,  719,  272,  728,  473,  291,  793,  950,  861,  419,  606,  438,  520,  453,  831,  461,  804,  581, 1009,  864,  569,  795,  767,  842,  631,  675,  776,  349,   18,  464,  306,  655,  653,   93,  628,  932,  801,  295,  622,  371,  680,  392,  557,  598,  566,  920,  474,  665,  948,  139,  407,  406,  558,  166,  517,  692],
        [  605,    0,  362,  212,   90,  383,  220,  394,  801,  135,  511,  331,  481,    0,  503,  627,  667,  461,  306,  327,  584,  655,  263,  201,  730,  283,  637,  293,  548,  432,  432,  213,  676,  887,  270,  330,  551,  303,  263,  448,  477,  522,  516,  555,  251,  554,  426,  280,  419,  820,  549,  213,  591,  262,  499,  319,  780,  712,   90,  381,  591,  584,  270,  470,  268,  557,  399,  316,  296,  554,   86,  378,  727,  314,  214,  389,  351,  310,   52,  297,  542,   48,  466,  329,  487,  476,  204,  525,  351,  382,  407,  357,  556,  271,   92,  347,  529,  430,  320,  313,  161,  406,  515,  188,  116,  743,  134,  463,  334,  286,  415,  503,  910,  345,  894,  336,  334,  749,  617,  178,  631,  194,  545,  551,  251,   86,  152,  356,  293,  794,  494,  594,  485,  240,  217,  254,  116,  211,  691,  666,  462,  188,  534,  654,  280,  646,  353,   69,  356,  289,  731,  487,  195,  317,  452,  365,  665,  277,  590,  153,  498,  277,  241,  191,  632,  420,  183,  507,  602,  390,  157,  224,  239,   96,  117,  237,  716,  543,  570,  218,  615,  446,  550,  250,  203,  589,  642,  264],
        [  227,    0,  249,  529,  483,  329,  658,  181,  498,  369,  341,  455,  637,  503,    0,  170,  241,  206,  784,  562,  460,  190,  761,  310,  400,  772,  261,  683,  468,  639,  387,  356,  428,  555,  424,  336,  641,  646,  443,  638,  112,  194,  757,   57,  752,  384,   87,  640,  175,  535,  595,  323,  315,  763,  232,  392,  358,  258,  569,  123,  292,  125,  497,  559,  591,  310,  434,  681,  366,  433,  448,  525,  289,  200,  563,  711,  746,  571,  541,  643,  459,  467,  272,  270,  842,  804,  499,  554,  388,  152,  775,  223,   99,  718,  458,  526,  760,   78,  243,  272,  511,  473,  341,  431,  388,  271,  382,  289,  683,  219,  115,  134,  545,  406,  519,  324,  708,  461,  140,  508,  215,  682,  477,  230,  544,  541,  355,  510,  751,  454,  751,  517,  525,  603,  556,  650,  613,  441,  191,  343,  417,  335,   77,  410,  223,  383,  695,  563,  489,  234,  391,  385,  339,  667,  251,  611,  232,  763,  140,  565,  650,  756,  388,  477,  165,  653,  433,  511,  167,  769,  474,  666,  702,  464,  609,  737,  367,  421,  269,  679,  385,  506,  320,  709,  321,  610,  311,  733],
        [  350,    0,  417,  685,  624,  498,  746,  240,  351,  497,  293,  622,  806,  627,  170,    0,   76,  371,  881,  603,  392,  258,  873,  451,  510,  875,  122,  838,  630,  807,  555,  443,  313,  646,  588,  377,  810,  805,  606,  807,  151,  145,  926,  121,  875,  318,  251,  706,  219,  647,  762,  423,  457,  880,  390,  432,  421,   91,  680,  264,  431,   47,  660,  728,  654,  233,  441,  838,  417,  374,  559,  693,  120,  353,  638,  874,  902,  735,  670,  802,  409,  598,  436,  329, 1004,  968,  573,  721,  557,  317,  830,  285,  224,  864,  598,  693,  928,  212,  407,  438,  662,  642,  292,  586,  516,  302,  520,  268,  740,  360,  214,  290,  620,  574,  590,  492,  865,  324,   40,  661,   64,  815,  428,  375,  607,  648,  475,  537,  841,  299,  919,  677,  693,  675,  712,  726,  741,  599,  127,  211,  397,  480,  217,  547,  356,  518,  749,  692,  514,  339,  243,  352,  441,  726,  243,  646,  317,  865,   37,  711,  819,  894,  549,  555,  242,  820,  516,  484,   36,  927,  562,  812,  796,  606,  722,  852,  472,  366,  411,  774,  289,  675,  472,  852,  428,  775,  435,  828],
        [  424,    0,  486,  743,  673,  569,  768,  274,  278,  543,  272,  689,  876,  667,  241,   76,    0,  444,  906,  606,  354,  327,  904,  503,  581,  904,   69,  894,  704,  874,  628,  472,  255,  713,  652,  390,  882,  864,  669,  875,  197,  153,  993,  195,  913,  286,  318,  719,  250,  718,  835,  458,  532,  914,  465,  441,  485,   57,  713,  322,  506,  116,  722,  799,  666,  204,  436,  896,  432,  341,  594,  761,   60,  413,  656,  935,  958,  797,  714,  860,  379,  642,  510,  353, 1065, 1030,  592,  794,  625,  384,  835,  314,  299,  914,  647,  759,  996,  272,  472,  503,  716,  712,  269,  643,  561,  362,  570,  263,  748,  415,  264,  365,  684,  642,  654,  560,  923,  255,  114,  716,   37,  859,  398,  450,  620,  680,  517,  537,  862,  225,  985,  752,  765,  691,  768,  743,  783,  658,  181,  150,  382,  533,  292,  622,  407,  593,  756,  734,  514,  380,  171,  333,  476,  735,  247,  646,  387,  893,  101,  763,  889,  940,  610,  577,  314,  886,  541,  460,   76,  985,  588,  862,  820,  655,  756,  885,  544,  335,  486,  799,  242,  746,  547,  901,  466,  849,  509,  852],
        [  147,    0,  103,  404,  407,  145,  661,  318,  702,  340,  513,  286,  447,  461,  206,  371,  444,    0,  766,  636,  633,  230,  720,  268,  280,  743,  467,  553,  263,  459,  189,  404,  624,  443,  279,  443,  441,  504,  299,  455,  297,  387,  575,  251,  689,  561,  153,  677,  328,  394,  392,  360,  150,  714,   44,  490,  322,  455,  545,  198,  140,  329,  350,  364,  637,  498,  556,  542,  455,  603,  440,  346,  489,  177,  594,  554,  611,  416,  482,  502,  621,  415,   67,  375,  685,  641,  540,  351,  213,  119,  817,  340,  165,  608,  386,  355,  575,  213,  142,  151,  405,  284,  514,  320,  356,  310,  328,  453,  727,  215,  256,   87,  456,  233,  438,  164,  569,  664,  336,  395,  420,  604,  637,   90,  594,  526,  347,  605,  747,  660,  573,  313,  325,  634,  431,  672,  550,  318,  346,  546,  563,  274,  160,  239,  239,  219,  743,  504,  587,  294,  596,  543,  369,  709,  415,  687,  218,  738,  344,  465,  458,  663,  261,  515,  215,  478,  470,  655,  372,  626,  499,  561,  693,  389,  578,  692,  260,  590,  115,  671,  576,  310,  131,  608,  348,  405,  186,  721],
        [  909,    0,  668,  458,  376,  685,  140,  642,  969,  430,  686,  610,  712,  306,  784,  881,  906,  766,    0,  358,  712,  951,   93,  502, 1036,   43,  861,  436,  837,  651,  728,  439,  839, 1191,  558,  520,  794,  484,  546,  671,  734,  754,  695,  832,  174,  714,  716,  224,  663, 1122,  808,  464,  897,  124,  805,  478, 1084,  957,  222,  664,  897,  844,  534,  728,  270,  749,  523,  471,  478,  690,  338,  638,  964,  611,  258,  549,  458,  541,  295,  478,  664,  353,  772,  555,  585,  602,  317,  792,  645,  680,  233,  597,  850,  353,  390,  603,  711,  708,  625,  619,  419,  684,  690,  480,  413, 1039,  439,  660,  238,  579,  682,  804, 1215,  636, 1200,  639,  471,  917,  881,  438,  870,  250,  658,  856,  305,  246,  434,  429,   58,  980,  669,  879,  756,  231,  448,  182,  246,  498,  966,  863,  597,  493,  827,  957,  566,  950,  248,  277,  445,  554,  925,  640,  447,  235,  664,  355,  966,   37,  846,  371,  727,  287,  539,  331,  927,  629,  367,  593,  851,  497,  320,  346,   87,  391,  190,  117, 1022,  684,  876,  108,  784,  718,  855,  325,  464,  851,  948,   54],
        [  751,    0,  565,  535,  409,  625,  228,  385,  619,  341,  352,  626,  799,  327,  562,  603,  606,  636,  358,    0,  358,  749,  402,  397,  912,  375,  549,  612,  812,  754,  690,  233,  491, 1076,  561,  229,  861,  629,  560,  769,  475,  460,  843,  593,  454,  370,  524,  135,  398, 1029,  849,  277,  785,  426,  680,  173,  912,  662,  281,  464,  774,  575,  583,  774,   90,  421,  179,  638,  197,  339,  263,  687,  659,  459,  128,  714,  664,  632,  368,  622,  309,  354,  671,  292,  802,  797,  125,  819,  620,  521,  230,  340,  651,  568,  400,  659,  855,  488,  514,  527,  484,  697,  356,  485,  337,  832,  381,  344,  146,  421,  447,  635, 1082,  622, 1059,  579,  653,  569,  614,  499,  574,  462,  302,  717,   78,  256,  314,   76,  302,  638,  821,  864,  779,  133,  543,  176,  394,  512,  712,  532,  250,  413,  626,  869,  397,  852,  151,  372,   97,  347,  589,  298,  271,  137,  362,   52,  784,  362,  573,  478,  816,  541,  517,  145,  725,  745,  179,  236,  568,  704,  177,  531,  282,  408,  309,  399,  887,  334,  749,  270,  441,  740,  758,  541,  291,  887,  816,  309],
        [  686,    0,  615,  747,  635,  700,  576,  318,  266,  511,  121,  769,  966,  584,  460,  392,  354,  633,  712,  358,    0,  628,  745,  520,  859,  725,  285,  870,  880,  941,  771,  379,  144, 1012,  711,  261, 1003,  865,  721,  949,  349,  271, 1050,  455,  784,   77,  482,  492,  306,  994,  971,  400,  767,  765,  671,  266,  800,  407,  584,  438,  746,  393,  763,  912,  443,  160,  194,  887,  289,   33,  499,  843,  387,  499,  461,  949,  931,  832,  635,  860,   49,  584,  692,  296, 1062, 1043,  415,  933,  730,  522,  568,  309,  556,  854,  614,  826, 1059,  422,  574,  602,  704,  822,  120,  662,  521,  688,  555,  181,  498,  474,  378,  585,  996,  740,  968,  668,  908,  218,  423,  713,  336,  765,   60,  683,  410,  550,  475,  284,  657,  295, 1034,  933,  896,  482,  766,  530,  687,  686,  519,  223,  123,  550,  536,  862,  450,  837,  498,  648,  267,  387,  261,  103,  412,  492,  219,  376,  681,  712,  381,  726,  982,  849,  661,  414,  607,  942,  404,  134,  360,  968,  442,  807,  632,  624,  622,  736,  825,   46,  722,  616,  117,  864,  762,  832,  418,  999,  770,  661],
        [  120,    0,  325,  630,  617,  374,  831,  370,  605,  523,  515,  514,  663,  655,  190,  258,  327,  230,  951,  749,  628,    0,  917,  454,  255,  934,  379,  781,  437,  682,  404,  537,  567,  390,  507,  525,  641,  733,  527,  676,  293,  358,  796,  175,  897,  551,  236,  822,  363,  391,  586,  499,  235,  915,  219,  581,  173,  310,  730,  293,  208,  240,  579,  576,  775,  470,  622,  771,  554,  604,  613,  571,  349,  342,  743,  783,  840,  645,  685,  732,  634,  613,  276,  459,  914,  869,  681,  547,  442,  273,  960,  411,  102,  833,  593,  583,  794,  262,  348,  368,  626,  504,  514,  541,  541,   89,  524,  469,  867,  372,  304,  157,  369,  461,  340,  393,  798,  581,  219,  618,  321,  817,  653,  174,  728,  705,  517,  699,  922,  550,  796,  474,  530,  784,  657,  829,  756,  543,  163,  468,  601,  471,  126,  311,  386,  282,  880,  707,  678,  413,  498,  564,  514,  850,  433,  799,   60,  926,  254,  685,  671,  882,  486,  658,   25,  703,  612,  694,  280,  856,  651,  784,  871,  598,  768,  891,  217,  593,  198,  848,  537,  524,  268,  829,  495,  588,  193,  901],
        [  865,    0,  619,  383,  317,  627,  174,  634,  993,  396,  704,  539,  627,  263,  761,  873,  904,  720,   93,  402,  745,  917,    0,  463,  982,   51,  865,  346,  768,  565,  663,  433,  863, 1134,  492,  529,  711,  396,  478,  586,  723,  754,  605,  812,   82,  737,  687,  276,  657, 1061,  728,  451,  843,   32,  756,  495, 1041,  953,  194,  639,  846,  832,  460,  649,  312,  763,  551,  382,  488,  720,  315,  560,  963,  576,  285,  459,  366,  460,  238,  391,  697,  306,  719,  553,  493,  510,  334,  715,  581,  644,  316,  591,  819,  261,  335,  526,  621,  686,  580,  570,  348,  611,  708,  418,  377, 1005,  395,  671,  304,  547,  665,  766, 1161,  570, 1148,  582,  380,  940,  868,  366,  868,  163,  694,  809,  337,  226,  407,  467,  135,  999,  578,  806,  680,  269,  369,  230,  176,  433,  948,  877,  625,  449,  796,  897,  539,  892,  317,  217,  480,  537,  940,  664,  433,  297,  669,  409,  927,   59,  837,  295,  642,  195,  479,  341,  894,  543,  368,  634,  845,  405,  322,  258,  123,  334,  153,   31,  971,  712,  826,  132,  806,  643,  799,  234,  446,  771,  897,  106],
        [  408,    0,  177,  245,  174,  228,  394,  245,  686,   73,  418,  253,  447,  201,  310,  451,  503,  268,  502,  397,  520,  454,  463,    0,  544,  482,  487,  392,  416,  421,  294,  174,  573,  706,  192,  267,  491,  368,  201,  429,  307,  374,  533,  365,  446,  468,  229,  416,  270,  647,  468,  134,  408,  462,  309,  292,  583,  541,  281,  191,  404,  406,  245,  400,  381,  441,  375,  397,  257,  488,  173,  325,  562,  114,  334,  446,  456,  317,  233,  363,  490,  160,  286,  225,  570,  542,  286,  434,  229,  181,  556,  226,  356,  413,  149,  307,  540,  243,  128,  133,  214,  314,  421,  148,   90,  542,   73,  358,  468,   93,  240,  303,  722,  234,  705,  182,  423,  637,  436,  215,  468,  373,  500,  357,  343,  260,   86,  387,  480,  666,  518,  468,  394,  373,  269,  407,  305,  170,  500,  536,  414,   32,  335,  482,   97,  469,  485,  256,  375,  141,  599,  418,  132,  450,  332,  448,  465,  475,  415,  260,  464,  447,  142,  262,  432,  424,  220,  489,  432,  485,  239,  361,  427,  156,  316,  437,  526,  475,  381,  404,  513,  358,  373,  402,  116,  502,  452,  455],
        [  174,    0,  370,  629,  665,  358,  937,  565,  859,  617,  741,  476,  553,  730,  400,  510,  581,  280, 1036,  912,  859,  255,  982,  544,    0, 1010,  630,  759,  295,  594,  340,  682,  815,  164,  502,  708,  502,  700,  520,  581,  512,  592,  689,  411,  942,  783,  398,  956,  567,  138,  443,  638,  139,  972,  237,  759,  151,  564,  817,  456,  141,  487,  558,  467,  916,  707,  817,  738,  726,  833,  717,  503,  603,  456,  874,  723,  806,  604,  744,  700,  858,  683,  264,  639,  843,  792,  819,  413,  414,  392, 1097,  598,  305,  831,  648,  528,  683,  450,  417,  418,  645,  430,  741,  567,  631,  254,  599,  688, 1007,  494,  497,  285,  180,  430,  167,  401,  763,  833,  471,  631,  572,  850,  876,  195,  873,  801,  626,  877, 1021,  804,  698,  305,  415,  914,  652,  951,  807,  556,  415,  719,  812,  547,  324,  116,  516,  102, 1022,  765,  858,  567,  751,  783,  648,  989,  649,  964,  195, 1005,  502,  705,  556,  897,  505,  794,  269,  621,  749,  906,  530,  810,  778,  791,  966,  649,  846,  952,   39,  821,  165,  944,  779,  428,  184,  837,  627,  427,   97,  992],
        [  887,    0,  644,  423,  347,  657,  149,  636,  978,  412,  692,  577,  672,  283,  772,  875,  904,  743,   43,  375,  725,  934,   51,  482, 1010,    0,  861,  394,  805,  611,  697,  433,  848, 1164,  527,  522,  756,  443,  513,  631,  727,  752,  654,  821,  132,  723,  701,  245,  658, 1093,  771,  455,  871,   82,  781,  483, 1063,  954,  204,  650,  872,  836,  499,  691,  286,  753,  533,  430,  480,  702,  324,  602,  962,  593,  266,  508,  416,  503,  267,  438,  677,  329,  746,  552,  543,  560,  321,  756,  615,  662,  270,  592,  834,  311,  363,  567,  669,  696,  602,  595,  385,  649,  696,  450,  394, 1022,  416,  662,  266,  562,  672,  785, 1190,  604, 1175,  611,  429,  926,  873,  403,  868,  210,  672,  833,  316,  232,  419,  444,   89,  987,  627,  845,  720,  244,  411,  200,  212,  467,  956,  868,  608,  471,  811,  928,  552,  923,  278,  247,  459,  543,  930,  649,  438,  261,  664,  377,  947,   14,  840,  335,  687,  245,  510,  331,  910,  589,  364,  610,  846,  455,  317,  306,   94,  363,  167,   76,  997,  695,  852,  110,  792,  683,  828,  283,  453,  814,  923,   67],
        [  466,    0,  494,  731,  651,  580,  722,  246,  237,  519,  207,  691,  884,  637,  261,  122,   69,  467,  861,  549,  285,  379,  865,  487,  630,  861,    0,  878,  729,  877,  643,  434,  191,  768,  649,  342,  896,  853,  665,  879,  188,  116,  995,  227,  879,  218,  327,  667,  221,  767,  852,  425,  569,  876,  492,  388,  543,  123,  676,  319,  543,  146,  717,  811,  613,  137,  375,  884,  384,  273,  560,  765,  111,  408,  607,  928,  943,  792,  685,  849,  310,  616,  533,  313, 1056, 1024,  545,  811,  632,  390,  778,  280,  335,  892,  626,  760,  999,  274,  474,  505,  700,  722,  204,  632,  536,  422,  550,  206,  693,  404,  254,  393,  742,  648,  712,  566,  910,  205,  161,  702,   59,  830,  329,  484,  568,  642,  490,  478,  815,  194,  985,  778,  780,  641,  756,  693,  753,  649,  243,   90,  318,  519,  324,  661,  392,  633,  699,  705,  455,  355,  130,  268,  443,  681,  198,  587,  438,  849,  130,  743,  897,  912,  605,  531,  363,  887,  498,  393,  101,  972,  545,  841,  775,  635,  718,  847,  593,  267,  522,  754,  174,  758,  579,  877,  435,  869,  552,  807],
        [  693,    0,  458,  155,  237,  417,  441,  635, 1069,  368,  787,  284,  293,  293,  683,  838,  894,  553,  436,  612,  870,  781,  346,  392,  759,  394,  878,    0,  491,  230,  420,  492,  949,  889,  275,  611,  381,   63,  255,  250,  698,  764,  260,  740,  269,  833,  597,  534,  659,  804,  410,  478,  630,  319,  575,  608,  857,  928,  334,  575,  642,  792,  206,  338,  540,  822,  690,   36,  582,  839,  375,  265,  951,  486,  489,  115,   65,  157,  246,   61,  831,  286,  522,  594,  194,  186,  494,  407,  352,  534,  631,  609,  700,   92,  260,  234,  276,  627,  444,  419,  179,  334,  790,  253,  355,  862,  331,  732,  583,  479,  630,  627,  929,  333,  923,  390,   42, 1018,  818,  178,  859,  187,  835,  629,  535,  357,  402,  648,  462, 1054,  234,  516,  380,  503,  128,  495,  226,  244,  869,  923,  750,  361,  684,  654,  488,  659,  600,  241,  649,  527,  987,  771,  463,  568,  713,  644,  770,  400,  802,  145,  306,  171,  299,  483,  764,  203,  475,  800,  821,   98,  449,   92,  422,  250,  318,  319,  759,  827,  631,  413,  888,  350,  581,  115,  462,  452,  693,  426],
        [  318,    0,  268,  388,  465,  190,  768,  563,  964,  475,  762,  229,  259,  548,  468,  630,  704,  263,  837,  812,  880,  437,  768,  416,  295,  805,  729,  491,    0,  302,  122,  587,  883,  401,  280,  660,  212,  429,  292,  288,  557,  647,  395,  510,  713,  812,  410,  815,  577,  314,  154,  544,  207,  751,  240,  697,  428,  710,  637,  443,  232,  590,  311,  174,  788,  754,  775,  465,  661,  848,  568,  227,  745,  386,  737,  438,  530,  336,  545,  431,  862,  502,  197,  600,  552,  500,  697,  120,  199,  359,  951,  575,  412,  574,  457,  258,  389,  470,  314,  292,  420,  161,  764,  362,  482,  487,  440,  700,  870,  418,  508,  340,  448,  204,  447,  235,  488,  925,  593,  402,  681,  617,  876,  266,  754,  631,  499,  800,  836,  922,  404,   55,  122,  772,  406,  797,  593,  341,  586,  808,  796,  401,  414,  180,  444,  196,  888,  561,  787,  509,  858,  784,  546,  852,  663,  862,  394,  803,  605,  474,  261,  647,  309,  673,  433,  331,  634,  883,  634,  528,  647,  541,  783,  454,  655,  737,  309,  835,  239,  763,  833,  143,  169,  585,  527,  152,  267,  803],
        [  574,    0,  390,  221,  346,  315,  628,  653, 1095,  438,  838,  186,   64,  432,  639,  807,  874,  459,  651,  754,  941,  682,  565,  421,  594,  611,  877,  230,  302,    0,  279,  576,  989,  701,  233,  684,  152,  171,  221,   21,  689,  771,  119,  693,  493,  888,  557,  707,  675,  611,  187,  545,  484,  541,  464,  699,  716,  896,  503,  558,  503,  761,  179,  130,  699,  855,  785,  195,  667,  908,  493,  114,  926,  471,  645,  143,  248,  123,  401,  176,  909,  401,  406,  645,  250,  199,  630,  195,  252,  491,  822,  643,  623,  321,  355,  118,  123,  605,  404,  373,  272,  178,  841,  282,  433,  751,  393,  777,  760,  482,  625,  544,  749,  233,  748,  315,  210, 1048,  778,  255,  843,  403,  918,  511,  680,  514,  473,  771,  669, 1067,  115,  312,  181,  669,  217,  675,  415,  256,  803,  939,  831,  391,  614,  480,  502,  493,  778,  407,  765,  559,  999,  838,  537,  743,  748,  795,  655,  615,  774,  293,   77,  400,  282,  612,  670,   30,  588,  899,  799,  235,  578,  309,  622,  347,  502,  537,  603,  895,  500,  608,  930,  167,  436,  342,  527,  227,  549,  633],
        [  295,    0,  157,  293,  353,   72,  652,  456,  875,  353,  655,  137,  260,  432,  387,  555,  628,  189,  728,  690,  771,  404,  663,  294,  340,  697,  643,  420,  122,  279,    0,  466,  785,  477,  172,  543,  255,  362,  187,  273,  463,  552,  392,  436,  614,  705,  317,  695,  473,  399,  209,  423,  213,  649,  186,  578,  445,  641,  522,  340,  229,  512,  220,  176,  667,  653,  657,  400,  542,  739,  447,  173,  674,  272,  616,  393,  469,  266,  433,  362,  750,  386,  129,  484,  520,  472,  575,  169,   83,  258,  832,  463,  353,  493,  342,  193,  391,  374,  198,  174,  317,  102,  657,  249,  361,  472,  319,  592,  750,  302,  408,  274,  513,   95,  505,  113,  425,  833,  523,  300,  601,  520,  763,  232,  632,  514,  377,  679,  723,  837,  393,  175,  138,  652,  315,  678,  488,  231,  534,  718,  682,  279,  348,  239,  327,  241,  767,  452,  666,  393,  772,  673,  424,  731,  557,  740,  376,  695,  527,  375,  270,  560,  192,  552,  394,  302,  512,  766,  554,  475,  526,  454,  669,  340,  543,  633,  341,  725,  222,  649,  732,  123,  164,  500,  406,  230,  278,  691],
        [  525,    0,  333,  372,  257,  397,  305,  204,  588,  138,  299,  421,  610,  213,  356,  443,  472,  404,  439,  233,  379,  537,  433,  174,  682,  433,  434,  492,  587,  576,  466,    0,  463,  845,  357,  119,  660,  487,  362,  587,  296,  322,  680,  399,  446,  342,  303,  286,  226,  797,  640,   45,  553,  443,  448,  124,  691,  522,  242,  244,  543,  405,  397,  570,  240,  344,  210,  508,   92,  347,  130,  490,  531,  227,  207,  572,  554,  461,  264,  482,  341,  207,  439,  122,  684,  665,  144,  607,  402,  291,  424,  160,  436,  483,  236,  467,  689,  279,  282,  297,  326,  486,  302,  294,  145,  623,  183,  251,  332,  189,  247,  409,  853,  407,  832,  353,  530,  536,  443,  336,  436,  404,  347,  487,  194,  209,  103,  214,  400,  583,  662,  640,  567,  247,  389,  294,  326,  320,  531,  455,  261,  196,  411,  636,  166,  619,  346,  281,  202,  125,  520,  279,   43,  315,  242,  285,  565,  422,  408,  348,  626,  489,  309,  122,  512,  573,   77,  324,  414,  590,  120,  434,  353,  246,  285,  414,  658,  336,  518,  331,  402,  530,  525,  463,   60,  675,  586,  385],
