{
    "name": "random-28-26739",
    "comment": "size=28 seed=26739",
    "nodes": ["+0", "-0", "+1", "-1", "+2", "-2", "+3", "-3", "+4", "-4", "+5", "-5", "+6", "-6", "+7", "-7", "+8", "-8", "+9", "-9", "+10", "-10", "+11", "-11", "+12", "-12", "+13", "-13", "+14", "-14", "+15", "-15", "+16", "-16", "+17", "-17", "+18", "-18", "+19", "-19", "+20", "-20", "+21", "-21", "+22", "-22", "+23", "-23", "+24", "-24", "+25", "-25", "+26", "-26", "+27", "-27", "+28", "-28"],
    "precedence": {
        "+0": "-0",
        "+1": "-1",
        "+2": "-2",
        "+3": "-3",
        "+4": "-4",
        "+5": "-5",
        "+6": "-6",
        "+7": "-7",
        "+8": "-8",
        "+9": "-9",
        "+10": "-10",
        "+11": "-11",
        "+12": "-12",
        "+13": "-13",
        "+14": "-14",
        "+15": "-15",
        "+16": "-16",
        "+17": "-17",
        "+18": "-18",
        "+19": "-19",
        "+20": "-20",
        "+21": "-21",
        "+22": "-22",
        "+23": "-23",
        "+24": "-24",
        "+25": "-25",
        "+26": "-26",
        "+27": "-27",
        "+28": "-28"
    },
    "edges": [
        [    0,    0,  385,  365,  467,  464,  604,  524,  438,  553,  490,  765,  403,  230,  456,  320,  243,  207,  457,  465,  225,  281,  312,  312,  548,  245,  374,  251,   95,  323,  381,  593,  286,  691,  305,  217,  309,  480,  425,  657,  340,  281,  364,  171,  609,  687,  308,  643,  399,  418,  255,  485,  458,  433,  421,   67,  281,  678],
        [    0,    0,  385,  365,  467,  464,  604,  524,  438,  553,  490,  765,  403,  230,  456,  320,  243,  207,  457,  465,  225,  281,  312,  312,  548,  245,  374,  251,   95,  323,  381,  593,  286,  691,  305,  217,  309,  480,  425,  657,  340,  281,  364,  171,  609,  687,  308,  643,  399,  418,  255,  485,  458,  433,  421,   67,  281,  678],
        [  385,  385,    0,   34,  364,   98,  296,  227,  639,  393,  532,  543,  522,  594,  583,  705,  435,  486,  100,  809,  598,  440,   88,  566,  839,  335,  605,  270,  306,  466,  581,  377,  456,  464,  581,  589,  577,  729,  779,  411,  278,  327,  545,  377,  339,  515,  663,  364,  509,  308,  378,  661,  747,  514,  389,  326,  619,  461],
        [  365,  365,   34,    0,  385,  131,  329,  260,  641,  420,  546,  527,  489,  569,  550,  684,  433,  456,  100,  780,  574,  408,   90,  534,  808,  336,  604,  237,  282,  433,  583,  357,  423,  447,  576,  565,  546,  729,  752,  443,  245,  332,  548,  371,  371,  493,  650,  397,  475,  328,  380,  628,  742,  525,  357,  304,  591,  492],
        [  467,  467,  364,  385,    0,  330,  272,  233,  400,   94,  205,  905,  796,  687,  858,  721,  303,  661,  453,  925,  676,  683,  310,  764, 1014,  230,  405,  544,  459,  721,  362,  740,  695,  826,  436,  669,  766,  510,  880,  232,  596,  191,  327,  321,  227,  877,  589,  258,  786,   61,  243,  913,  565,  223,  714,  453,  746,  229],
        [  464,  464,   98,  131,  330,    0,  203,  144,  658,  338,  520,  585,  619,  681,  679,  782,  472,  580,  138,  901,  683,  538,  152,  662,  936,  365,  634,  368,  393,  563,  604,  431,  553,  508,  623,  674,  673,  757,  869,  329,  371,  347,  567,  426,  254,  572,  723,  275,  605,  283,  408,  758,  785,  514,  479,  409,  710,  383],
        [  604,  604,  296,  329,  272,  203,    0,   80,  667,  222,  475,  754,  817,  832,  878,  907,  530,  754,  333, 1062,  828,  728,  314,  844, 1115,  429,  664,  560,  553,  757,  624,  617,  743,  683,  679,  821,  853,  776, 1026,  142,  572,  396,  587,  513,   70,  758,  811,   77,  803,  262,  462,  954,  824,  494,  682,  562,  873,  202],
        [  524,  524,  227,  260,  233,  144,   80,    0,  614,  211,  437,  721,  744,  752,  806,  830,  462,  675,  281,  983,  749,  653,  237,  766, 1036,  358,  604,  486,  473,  682,  567,  572,  667,  646,  613,  741,  774,  721,  946,  186,  504,  328,  529,  439,  112,  714,  739,  138,  731,  207,  394,  879,  763,  448,  616,  482,  793,  240],
        [  438,  438,  639,  641,  400,  658,  667,  614,    0,  479,  228, 1147,  840,  554,  890,  493,  218,  627,  737,  757,  532,  718,  553,  725,  897,  305,   71,  660,  506,  760,   61,  970,  722, 1068,  156,  529,  715,  112,  705,  624,  744,  314,   94,  297,  626, 1087,  307,  657,  836,  408,  262,  908,  180,  181,  844,  480,  632,  604],
        [  553,  553,  393,  420,   94,  338,  222,  211,  479,    0,  265,  922,  863,  776,  925,  814,  397,  741,  471, 1014,  766,  754,  358,  843, 1098,  321,  491,  605,  537,  791,  446,  764,  767,  845,  527,  759,  846,  590,  970,  146,  648,  282,  412,  413,  162,  905,  682,  186,  851,  136,  336,  986,  649,  299,  766,  534,  833,  136],
        [  490,  490,  532,  546,  205,  520,  475,  437,  228,  265,    0, 1073,  875,  673,  933,  660,  256,  696,  629,  902,  656,  754,  460,  801, 1019,  260,  262,  647,  521,  795,  214,  901,  762,  993,  325,  651,  797,  337,  852,  408,  717,  238,  191,  319,  423, 1032,  493,  450,  867,  239,  237,  972,  407,   65,  830,  504,  745,  381],
        [  765,  765,  543,  527,  905,  585,  754,  721, 1147,  922, 1073,    0,  533,  865,  553, 1022,  930,  703,  453,  977,  883,  576,  614,  701,  907,  848, 1099,  516,  673,  559, 1086,  177,  587,   81, 1051,  876,  722, 1220,  976,  895,  426,  851, 1055,  855,  820,  109, 1071,  830,  521,  850,  889,  641, 1215, 1049,  378,  702,  836,  954],
        [  403,  403,  522,  489,  796,  619,  817,  744,  840,  863,  875,  533,    0,  378,   63,  539,  642,  229,  518,  445,  401,  123,  515,  179,  384,  616,  774,  261,  355,   81,  784,  419,  118,  487,  700,  397,  201,  873,  449,  921,  253,  643,  766,  564,  853,  427,  647,  881,   16,  737,  639,  143,  835,  824,  183,  373,  326,  962],
        [  230,  230,  594,  569,  687,  681,  832,  752,  554,  776,  673,  865,  378,    0,  406,  162,  419,  163,  651,  238,   26,  292,  532,  209,  348,  459,  484,  383,  289,  319,  511,  711,  284,  801,  399,   26,  191,  551,  196,  885,  459,  497,  509,  370,  838,  769,  291,  872,  383,  642,  456,  388,  494,  611,  488,  273,   80,  904],
        [  456,  456,  583,  550,  858,  679,  878,  806,  890,  925,  933,  553,   63,  406,    0,  563,  696,  270,  575,  438,  430,  180,  577,  198,  355,  674,  824,  323,  413,  139,  836,  454,  172,  514,  747,  427,  218,  919,  449,  983,  311,  702,  819,  620,  915,  445,  685,  943,   75,  799,  697,   94,  877,  881,  229,  430,  345, 1024],
        [  320,  320,  705,  684,  721,  782,  907,  830,  493,  814,  660, 1022,  539,  162,  563,    0,  423,  323,  774,  271,  141,  453,  631,  365,  428,  495,  427,  527,  405,  481,  465,  864,  445,  956,  345,  147,  346,  460,  218,  938,  608,  534,  475,  404,  902,  928,  190,  937,  544,  686,  478,  535,  388,  595,  647,  381,  220,  947],
        [  243,  243,  435,  433,  303,  472,  530,  462,  218,  397,  256,  930,  642,  419,  696,  423,    0,  447,  532,  650,  403,  519,  348,  551,  764,  107,  172,  445,  295,  561,  158,  753,  525,  851,  153,  397,  545,  296,  602,  530,  528,  135,  130,   81,  507,  869,  287,  542,  636,  279,   69,  727,  314,  195,  630,  272,  490,  532],
        [  207,  207,  486,  456,  661,  580,  754,  675,  627,  741,  696,  703,  229,  163,  270,  323,  447,    0,  525,  327,  183,  130,  441,  106,  363,  448,  559,  240,  207,  160,  575,  552,  123,  640,  480,  177,  106,  650,  305,  830,  305,  482,  562,  377,  772,  606,  418,  805,  231,  607,  461,  282,  608,  639,  326,  208,  145,  859],
        [  457,  457,  100,  100,  453,  138,  333,  281,  737,  471,  629,  453,  518,  651,  575,  774,  532,  525,    0,  851,  657,  456,  185,  592,  863,  433,  702,  290,  370,  474,  679,  294,  472,  375,  675,  649,  606,  827,  827,  465,  266,  426,  644,  471,  389,  435,  748,  408,  503,  400,  476,  660,  842,  613,  361,  394,  665,  520],
        [  465,  465,  809,  780,  925,  901, 1062,  983,  757, 1014,  902,  977,  445,  238,  438,  271,  650,  327,  851,    0,  250,  420,  755,  282,  169,  696,  689,  565,  512,  426,  723,  849,  406,  926,  604,  256,  262,  730,   53, 1121,  621,  735,  727,  607, 1072,  871,  459, 1106,  456,  880,  692,  371,  658,  838,  609,  501,  191, 1142],
        [  225,  225,  598,  574,  676,  683,  828,  749,  532,  766,  656,  883,  401,   26,  430,  141,  403,  183,  657,  250,    0,  312,  533,  234,  367,  448,  462,  395,  292,  341,  490,  727,  304,  818,  377,    9,  216,  527,  204,  878,  473,  486,  489,  358,  832,  788,  266,  867,  405,  633,  442,  413,  469,  593,  507,  274,  103,  896],
        [  281,  281,  440,  408,  683,  538,  728,  653,  718,  754,  754,  576,  123,  292,  180,  453,  519,  130,  456,  420,  312,    0,  418,  142,  408,  495,  653,  171,  234,   42,  662,  433,   17,  517,  580,  306,  160,  754,  410,  823,  204,  524,  644,  442,  758,  478,  539,  789,  118,  626,  518,  232,  721,  702,  199,  251,  261,  860],
        [  312,  312,   88,   90,  310,  152,  314,  237,  553,  358,  460,  614,  515,  532,  577,  631,  348,  441,  185,  755,  533,  418,    0,  530,  801,  248,  517,  255,  245,  449,  495,  441,  432,  534,  493,  524,  539,  642,  722,  407,  291,  243,  460,  290,  341,  574,  579,  371,  503,  251,  292,  647,  659,  436,  408,  259,  565,  448],
        [  312,  312,  566,  534,  764,  662,  844,  766,  725,  843,  801,  701,  179,  209,  198,  365,  551,  106,  592,  282,  234,  142,  530,    0,  274,  554,  656,  302,  307,  145,  674,  568,  126,  647,  575,  231,   22,  740,  276,  927,  345,  587,  664,  482,  867,  598,  494,  899,  187,  710,  566,  186,  692,  744,  328,  312,  149,  958],
        [  548,  548,  839,  808, 1014,  936, 1115, 1036,  897, 1098, 1019,  907,  384,  348,  355,  428,  764,  363,  863,  169,  367,  408,  801,  274,    0,  792,  827,  575,  568,  397,  857,  802,  392,  867,  742,  371,  264,  881,  216, 1192,  609,  828,  856,  708, 1135,  799,  611, 1168,  398,  963,  795,  268,  814,  957,  565,  566,  275, 1219],
        [  245,  245,  335,  336,  230,  365,  429,  358,  305,  321,  260,  848,  616,  459,  674,  495,  107,  448,  433,  696,  448,  495,  248,  554,  792,    0,  271,  390,  262,  536,  247,  671,  504,  768,  259,  441,  552,  396,  651,  444,  464,   39,  212,   93,  412,  794,  383,  447,  608,  191,   44,  717,  420,  215,  575,  247,  521,  453],
        [  374,  374,  605,  604,  405,  634,  664,  604,   71,  491,  262, 1099,  774,  484,  824,  427,  172,  559,  702,  689,  462,  653,  517,  656,  827,  271,    0,  603,  447,  694,   48,  922,  656, 1020,   86,  459,  646,  125,  636,  635,  690,  287,   79,  245,  629, 1035,  244,  661,  771,  403,  228,  840,  161,  204,  786,  420,  562,  622],
        [  251,  251,  270,  237,  544,  368,  560,  486,  660,  605,  647,  516,  261,  383,  323,  527,  445,  240,  290,  565,  395,  171,  255,  302,  575,  390,  603,    0,  160,  197,  600,  346,  187,  442,  545,  387,  316,  719,  544,  661,   90,  409,  574,  365,  594,  438,  556,  623,  248,  484,  422,  394,  705,  604,  187,  189,  383,  702],
        [   95,   95,  306,  282,  459,  393,  553,  473,  506,  537,  521,  673,  355,  289,  413,  405,  295,  207,  370,  512,  292,  234,  245,  307,  568,  262,  447,  160,    0,  275,  447,  500,  243,  598,  386,  284,  311,  560,  478,  624,  249,  291,  424,  215,  568,  597,  403,  601,  347,  403,  285,  458,  545,  470,  340,   30,  321,  653],
        [  323,  323,  466,  433,  721,  563,  757,  682,  760,  791,  795,  559,   81,  319,  139,  481,  561,  160,  474,  426,  341,   42,  449,  145,  397,  536,  694,  197,  275,    0,  703,  424,   40,  503,  621,  335,  165,  795,  420,  855,  214,  564,  685,  483,  789,  457,  576,  819,   77,  663,  559,  198,  759,  743,  184,  292,  279,  894],
        [  381,  381,  581,  583,  362,  604,  624,  567,   61,  446,  214, 1086,  784,  511,  836,  465,  158,  575,  679,  723,  490,  662,  495,  674,  857,  247,   48,  600,  447,  703,    0,  910,  666, 1007,  121,  487,  666,  155,  671,  591,  684,  258,   38,  236,  587, 1026,  286,  619,  779,  363,  203,  856,  204,  156,  785,  422,  588,  576],
        [  593,  593,  377,  357,  740,  431,  617,  572,  970,  764,  901,  177,  419,  711,  454,  864,  753,  552,  294,  849,  727,  433,  441,  568,  802,  671,  922,  346,  500,  424,  910,    0,  446,   99,  875,  720,  588, 1044,  841,  754,  258,  676,  878,  678,  678,  142,  901,  693,  405,  683,  712,  548, 1039,  874,  241,  529,  692,  810],
        [  286,  286,  456,  423,  695,  553,  743,  667,  722,  767,  762,  587,  118,  284,  172,  445,  525,  123,  472,  406,  304,   17,  432,  126,  392,  504,  656,  187,  243,   40,  666,  446,    0,  529,  582,  299,  145,  756,  396,  837,  220,  533,  649,  449,  773,  488,  537,  803,  115,  638,  526,  219,  720,  710,  210,  259,  249,  874],
        [  691,  691,  464,  447,  826,  508,  683,  646, 1068,  845,  993,   81,  487,  801,  514,  956,  851,  640,  375,  926,  818,  517,  534,  647,  867,  768, 1020,  442,  598,  503, 1007,   99,  529,    0,  974,  811,  667, 1142,  922,  822,  354,  771,  976,  776,  747,  101,  998,  759,  474,  771,  809,  605, 1138,  968,  319,  627,  777,  881],
        [  305,  305,  581,  576,  436,  623,  679,  613,  156,  527,  325, 1051,  700,  399,  747,  345,  153,  480,  675,  604,  377,  580,  493,  575,  742,  259,   86,  545,  386,  621,  121,  875,  582,  974,    0,  374,  564,  176,  552,  667,  634,  286,  134,  205,  651,  981,  169,  685,  697,  422,  220,  759,  168,  262,  724,  358,  477,  661],
        [  217,  217,  589,  565,  669,  674,  821,  741,  529,  759,  651,  876,  397,   26,  427,  147,  397,  177,  649,  256,    9,  306,  524,  231,  371,  441,  459,  387,  284,  335,  487,  720,  299,  811,  374,    0,  214,  526,  211,  871,  465,  479,  485,  351,  825,  782,  267,  860,  401,  626,  436,  411,  469,  588,  501,  266,  105,  888],
        [  309,  309,  577,  546,  766,  673,  853,  774,  715,  846,  797,  722,  201,  191,  218,  346,  545,  106,  606,  262,  216,  160,  539,   22,  264,  552,  646,  316,  311,  165,  666,  588,  145,  667,  564,  214,    0,  728,  255,  933,  362,  587,  656,  479,  874,  619,  478,  906,  209,  712,  563,  199,  678,  739,  349,  313,  128,  963],
        [  480,  480,  729,  729,  510,  757,  776,  721,  112,  590,  337, 1220,  873,  551,  919,  460,  296,  650,  827,  730,  527,  754,  642,  740,  881,  396,  125,  719,  560,  795,  155, 1044,  756, 1142,  176,  526,  728,    0,  678,  735,  807,  410,  192,  367,  736, 1153,  272,  767,  870,  516,  352,  925,   87,  292,  899,  532,  630,  714],
        [  425,  425,  779,  752,  880,  869, 1026,  946,  705,  970,  852,  976,  449,  196,  449,  218,  602,  305,  827,   53,  204,  410,  722,  276,  216,  651,  636,  544,  478,  420,  671,  841,  396,  922,  552,  211,  255,  678,    0, 1080,  605,  690,  676,  561, 1033,  873,  406, 1068,  459,  836,  645,  391,  606,  788,  603,  465,  162, 1099],
        [  657,  657,  411,  443,  232,  329,  142,  186,  624,  146,  408,  895,  921,  885,  983,  938,  530,  830,  465, 1121,  878,  823,  407,  927, 1192,  444,  635,  661,  624,  855,  591,  754,  837,  822,  667,  871,  933,  735, 1080,    0,  686,  406,  556,  535,   76,  895,  817,   69,  908,  254,  466, 1053,  794,  444,  800,  627,  935,   62],
        [  340,  340,  278,  245,  596,  371,  572,  504,  744,  648,  717,  426,  253,  459,  311,  608,  528,  305,  266,  621,  473,  204,  291,  345,  609,  464,  690,   90,  249,  214,  684,  258,  220,  354,  634,  465,  362,  807,  605,  686,    0,  480,  657,  448,  615,  348,  645,  641,  238,  536,  500,  395,  794,  678,  119,  279,  449,  732],
        [  281,  281,  327,  332,  191,  347,  396,  328,  314,  282,  238,  851,  643,  497,  702,  534,  135,  482,  426,  735,  486,  524,  243,  587,  828,   39,  287,  409,  291,  564,  258,  676,  533,  771,  286,  479,  587,  410,  690,  406,  480,    0,  221,  132,  376,  802,  417,  411,  634,  153,   67,  748,  441,  200,  593,  279,  558,  415],
        [  364,  364,  545,  548,  327,  567,  587,  529,   94,  412,  191, 1055,  766,  509,  819,  475,  130,  562,  644,  727,  489,  644,  460,  664,  856,  212,   79,  574,  424,  685,   38,  878,  649,  976,  134,  485,  656,  192,  676,  556,  657,  221,    0,  210,  551,  997,  302,  583,  761,  326,  169,  844,  239,  129,  760,  400,  585,  543],
        [  171,  171,  377,  371,  321,  426,  513,  439,  297,  413,  319,  855,  564,  370,  620,  404,   81,  377,  471,  607,  358,  442,  290,  482,  708,   93,  245,  365,  215,  483,  236,  678,  449,  776,  205,  351,  479,  367,  561,  535,  448,  132,  210,    0,  501,  791,  302,  536,  558,  283,   87,  654,  372,  263,  550,  193,  435,  546],
        [  609,  609,  339,  371,  227,  254,   70,  112,  626,  162,  423,  820,  853,  838,  915,  902,  507,  772,  389, 1072,  832,  758,  341,  867, 1135,  412,  629,  594,  568,  789,  587,  678,  773,  747,  651,  825,  874,  736, 1033,   76,  615,  376,  551,  501,    0,  819,  793,   36,  840,  230,  440,  987,  789,  449,  727,  573,  884,  135],
        [  687,  687,  515,  493,  877,  572,  758,  714, 1087,  905, 1032,  109,  427,  769,  445,  928,  869,  606,  435,  871,  788,  478,  574,  598,  799,  794, 1035,  438,  597,  457, 1026,  142,  488,  101,  981,  782,  619, 1153,  873,  895,  348,  802,  997,  791,  819,    0,  988,  834,  416,  820,  834,  532, 1142, 1002,  282,  626,  736,  952],
        [  308,  308,  663,  650,  589,  723,  811,  739,  307,  682,  493, 1071,  647,  291,  685,  190,  287,  418,  748,  459,  266,  539,  579,  494,  611,  383,  244,  556,  403,  576,  286,  901,  537,  998,  169,  267,  478,  272,  406,  817,  645,  417,  302,  302,  793,  988,    0,  828,  648,  566,  353,  677,  205,  430,  713,  374,  368,  817],
        [  643,  643,  364,  397,  258,  275,   77,  138,  657,  186,  450,  830,  881,  872,  943,  937,  542,  805,  408, 1106,  867,  789,  371,  899, 1168,  447,  661,  623,  601,  819,  619,  693,  803,  759,  685,  860,  906,  767, 1068,   69,  641,  411,  583,  536,   36,  834,  828,    0,  868,  264,  475, 1016,  821,  478,  752,  607,  918,  131],
        [  399,  399,  509,  475,  786,  605,  803,  731,  836,  851,  867,  521,   16,  383,   75,  544,  636,  231,  503,  456,  405,  118,  503,  187,  398,  608,  771,  248,  347,   77,  779,  405,  115,  474,  697,  401,  209,  870,  459,  908,  238,  634,  761,  558,  840,  416,  648,  868,    0,  727,  632,  158,  834,  817,  168,  366,  333,  950],
        [  418,  418,  308,  328,   61,  283,  262,  207,  408,  136,  239,  850,  737,  642,  799,  686,  279,  607,  400,  880,  633,  626,  251,  710,  963,  191,  403,  484,  403,  663,  363,  683,  638,  771,  422,  626,  712,  516,  836,  254,  536,  153,  326,  283,  230,  820,  566,  264,  727,    0,  214,  856,  563,  242,  654,  400,  698,  264],
        [  255,  255,  378,  380,  243,  408,  462,  394,  262,  336,  237,  889,  639,  456,  697,  478,   69,  461,  476,  692,  442,  518,  292,  566,  795,   44,  228,  422,  285,  559,  203,  712,  526,  809,  220,  436,  563,  352,  645,  466,  500,   67,  169,   87,  440,  834,  353,  475,  632,  214,    0,  735,  378,  185,  608,  268,  522,  471],
        [  485,  485,  661,  628,  913,  758,  954,  879,  908,  986,  972,  641,  143,  388,   94,  535,  727,  282,  660,  371,  413,  232,  647,  186,  268,  717,  840,  394,  458,  198,  856,  548,  219,  605,  759,  411,  199,  925,  391, 1053,  395,  748,  844,  654,  987,  532,  677, 1016,  158,  856,  735,    0,  876,  917,  321,  470,  316, 1091],
        [  458,  458,  747,  742,  565,  785,  824,  763,  180,  649,  407, 1215,  835,  494,  877,  388,  314,  608,  842,  658,  469,  721,  659,  692,  814,  420,  161,  705,  545,  759,  204, 1039,  720, 1138,  168,  469,  678,   87,  606,  794,  794,  441,  239,  372,  789, 1142,  205,  821,  834,  563,  378,  876,    0,  356,  878,  516,  572,  778],
        [  433,  433,  514,  525,  223,  514,  494,  448,  181,  299,   65, 1049,  824,  611,  881,  595,  195,  639,  613,  838,  593,  702,  436,  744,  957,  215,  204,  604,  470,  743,  156,  874,  710,  968,  262,  588,  739,  292,  788,  444,  678,  200,  129,  263,  449, 1002,  430,  478,  817,  242,  185,  917,  356,    0,  789,  452,  683,  424],
        [  421,  421,  389,  357,  714,  479,  682,  616,  844,  766,  830,  378,  183,  488,  229,  647,  630,  326,  361,  609,  507,  199,  408,  328,  565,  575,  786,  187,  340,  184,  785,  241,  210,  319,  724,  501,  349,  899,  603,  800,  119,  593,  760,  550,  727,  282,  713,  752,  168,  654,  608,  321,  878,  789,    0,  367,  459,  847],
        [   67,   67,  326,  304,  453,  409,  562,  482,  480,  534,  504,  702,  373,  273,  430,  381,  272,  208,  394,  501,  274,  251,  259,  312,  566,  247,  420,  189,   30,  292,  422,  529,  259,  627,  358,  266,  313,  532,  465,  627,  279,  279,  400,  193,  573,  626,  374,  607,  366,  400,  268,  470,  516,  452,  367,    0,  312,  653],
        [  281,  281,  619,  591,  746,  710,  873,  793,  632,  833,  745,  836,  326,   80,  345,  220,  490,  145,  665,  191,  103,  261,  565,  149,  275,  521,  562,  383,  321,  279,  588,  692,  249,  777,  477,  105,  128,  630,  162,  935,  449,  558,  585,  435,  884,  736,  368,  918,  333,  698,  522,  316,  572,  683,  459,  312,    0,  958],
        [  678,  678,  461,  492,  229,  383,  202,  240,  604,  136,  381,  954,  962,  904, 1024,  947,  532,  859,  520, 1142,  896,  860,  448,  958, 1219,  453,  622,  702,  653,  894,  576,  810,  874,  881,  661,  888,  963,  714, 1099,   62,  732,  415,  543,  546,  135,  952,  817,  131,  950,  264,  471, 1091,  778,  424,  847,  653,  958,    0]
    ]
}
