{
    "name": "random-95-8062",
    "comment": "size=95 seed=8062",
    "nodes": ["+0", "-0", "+1", "-1", "+2", "-2", "+3", "-3", "+4", "-4", "+5", "-5", "+6", "-6", "+7", "-7", "+8", "-8", "+9", "-9", "+10", "-10", "+11", "-11", "+12", "-12", "+13", "-13", "+14", "-14", "+15", "-15", "+16", "-16", "+17", "-17", "+18", "-18", "+19", "-19", "+20", "-20", "+21", "-21", "+22", "-22", "+23", "-23", "+24", "-24", "+25", "-25", "+26", "-26", "+27", "-27", "+28", "-28", "+29", "-29", "+30", "-30", "+31", "-31", "+32", "-32", "+33", "-33", "+34", "-34", "+35", "-35", "+36", "-36", "+37", "-37", "+38", "-38", "+39", "-39", "+40", "-40", "+41", "-41", "+42", "-42", "+43", "-43", "+44", "-44", "+45", "-45", "+46", "-46", "+47", "-47", "+48", "-48", "+49", "-49", "+50", "-50", "+51", "-51", "+52", "-52", "+53", "-53", "+54", "-54", "+55", "-55", "+56", "-56", "+57", "-57", "+58", "-58", "+59", "-59", "+60", "-60", "+61", "-61", "+62", "-62", "+63", "-63", "+64", "-64", "+65", "-65", "+66", "-66", "+67", "-67", "+68", "-68", "+69", "-69", "+70", "-70", "+71", "-71", "+72", "-72", "+73", "-73", "+74", "-74", "+75", "-75", "+76", "-76", "+77", "-77", "+78", "-78", "+79", "-79", "+80", "-80", "+81", "-81", "+82", "-82", "+83", "-83", "+84", "-84", "+85", "-85", "+86", "-86", "+87", "-87", "+88", "-88", "+89", "-89", "+90", "-90", "+91", "-91", "+92", "-92", "+93", "-93", "+94", "-94", "+95", "-95"],
    "precedence": {
        "+0": "-0",
        "+1": "-1",
        "+2": "-2",
        "+3": "-3",
        "+4": "-4",
        "+5": "-5",
        "+6": "-6",
        "+7": "-7",
        "+8": "-8",
        "+9": "-9",
        "+10": "-10",
        "+11": "-11",
        "+12": "-12",
        "+13": "-13",
        "+14": "-14",
        "+15": "-15",
        "+16": "-16",
        "+17": "-17",
        "+18": "-18",
        "+19": "-19",
        "+20": "-20",
        "+21": "-21",
        "+22": "-22",
        "+23": "-23",
        "+24": "-24",
        "+25": "-25",
        "+26": "-26",
        "+27": "-27",
        "+28": "-28",
        "+29": "-29",
        "+30": "-30",
        "+31": "-31",
        "+32": "-32",
        "+33": "-33",
        "+34": "-34",
        "+35": "-35",
        "+36": "-36",
        "+37": "-37",
        "+38": "-38",
        "+39": "-39",
        "+40": "-40",
        "+41": "-41",
        "+42": "-42",
        "+43": "-43",
        "+44": "-44",
        "+45": "-45",
        "+46": "-46",
        "+47": "-47",
        "+48": "-48",
        "+49": "-49",
        "+50": "-50",
        "+51": "-51",
        "+52": "-52",
        "+53": "-53",
        "+54": "-54",
        "+55": "-55",
        "+56": "-56",
        "+57": "-57",
        "+58": "-58",
        "+59": "-59",
        "+60": "-60",
        "+61": "-61",
        "+62": "-62",
        "+63": "-63",
        "+64": "-64",
        "+65": "-65",
        "+66": "-66",
        "+67": "-67",
        "+68": "-68",
        "+69": "-69",
        "+70": "-70",
        "+71": "-71",
        "+72": "-72",
        "+73": "-73",
        "+74": "-74",
        "+75": "-75",
        "+76": "-76",
        "+77": "-77",
        "+78": "-78",
        "+79": "-79",
        "+80": "-80",
        "+81": "-81",
        "+82": "-82",
        "+83": "-83",
        "+84": "-84",
        "+85": "-85",
        "+86": "-86",
        "+87": "-87",
        "+88": "-88",
        "+89": "-89",
        "+90": "-90",
        "+91": "-91",
        "+92": "-92",
        "+93": "-93",
        "+94": "-94",
        "+95": "-95"
    },
    "edges": [
        [    0,    0,  815,  527,  294,  528,  248,  327,  535,  294,  601,   45,  549,  734,  351,  865,  375,  949,  988,  133,  760,  911,   78,  692,  962,  346,  263,  844,  199,  486,  362,  287,  400,  777,   93,  176,  641, 1044,  741,  528,  715,  893,  670,  578,  605,  508,  940,  639,   37,  509,  999,  165,  852,  179,  944,  530,  438,  398,  651,  620,  842,  285,  752,   57,  295,  497,  917,  687,  971,  476,  820,  642,  636,  132,  136,  945,  718,  384,  387, 1075,  928,  347,  266,  509,  884,  251,  898,  500,  391,  403,  269,  766,  658,  553,  341,  984,  271,  593,  781,  452,  657,  861,  190,  684,  495,  536,  231,  838,  877,  749,  235,  213,  664,  302,  367,  127,  886,  240,  501,  468,  545,  535,  665,  945,  353,  921,  685,  736,  803,  886,  382,  543,  761,  887,  553,  560,  559,  894,  364,  597,  223,  331,  677,  670,  694,  262,  553,  399,  354,  561,  642,  535,  389,  901,  585,  555,  718,  979,  588,  600,  308,  120,  768,  507,  194,  854,  697,  375,  431,  709,  270,  699,  673,  182,  186,  694,  111,  350,  186,  730,  681,  963,  870, 1000,  574,  451,  560,  988,  534,  465, 1022,  974],
        [    0,    0,    0,    0,    0,    0,    0,    0,    0,    0,    0,    0,    0,    0,    0,    0,    0,    0,    0,    0,    0,    0,    0,    0,    0,    0,    0,    0,    0,    0,    0,    0,    0,    0,    0,    0,    0,    0,    0,    0,    0,    0,    0,    0,    0,    0,    0,    0,    0,    0,    0,    0,    0,    0,    0,    0,    0,    0,    0,    0,    0,    0,    0,    0,    0,    0,    0,    0,    0,    0,    0,    0,    0,    0,    0,    0,    0,    0,    0,    0,    0,    0,    0,    0,    0,    0,    0,    0,    0,    0,    0,    0,    0,    0,    0,    0,    0,    0,    0,    0,    0,    0,    0,    0,    0,    0,    0,    0,    0,    0,    0,    0,    0,    0,    0,    0,    0,    0,    0,    0,    0,    0,    0,    0,    0,    0,    0,    0,    0,    0,    0,    0,    0,    0,    0,    0,    0,    0,    0,    0,    0,    0,    0,    0,    0,    0,    0,    0,    0,    0,    0,    0,    0,    0,    0,    0,    0,    0,    0,    0,    0,    0,    0,    0,    0,    0,    0,    0,    0,    0,    0,    0,    0,    0,    0,    0,    0,    0,    0,    0,    0,    0,    0,    0,    0,    0,    0,    0,    0,    0,    0,    0],
        [  815,    0,    0,  577,  550,  775,  571,  617, 1143,  595,  277,  856,  582,   85,  595,  873,  684,  638,  218,  887,  134,  343,  799,  696,  150,  547,  567,  809,  783,  796,  603,  763,  529,  572,  832,  643,  580,  822,  420,  756,  560,  698,  357,  566, 1143,  881,  534,  379,  783,  309,  787,  675,  111,  734,  531,  372,  381,  453,  843,  391,  201,  633,   64,  832,  951,  450,  137,  974,  186,  784,  582, 1044,  877,  684,  843,  791,  842,  492,  712,  800,  127,  677,  569,  924,  445,  665,  783,  926,  856,  966,  670,  110,  609,  683,  524,  181,  898,  566,  576, 1036,  305,  387,  633,  160,  429,  810,  586,  378,  852,  153,  581,  804,  537,  965,  703,  893,  838,  754,  404,  775,  382,  329,  225,  268,  528,  884,  467,  739,   30,  763,  629,  538,  613,  303, 1009,  944,  271,  883, 1018, 1149,  596,  940,  692,  157,  207,  561,  292,  418, 1000,  384,  334,  996,  437,  406,  345,  660,  119,  166, 1086,  893,  959,  749,  533,  310,  889,  439,  568,  492,  445,  617,  701,  546,  742,  761,  784,  133,  706,  466,  893,  440,  241,  483,  140,  780,  364,  742,  293,  718,  800,  660,  902,  700],
        [  527,    0,  577,    0,  485,  199,  425,  200,  604,  551,  305,  545,   24,  532,  609,  398,  177,  425,  645,  507,  456,  472,  569,  194,  712,  553,  460,  354,  366,  227,  627,  292,  157,  253,  476,  451,  115,  524,  264,  180,  190,  369,  246,   52,  582,  312,  433,  213,  517,  368,  478,  372,  541,  354,  438,  219,  344,  250,  277,  196,  476,  242,  527,  502,  476,  615,  604,  401,  648,  217,  297,  468,  305,  438,  457,  431,  298,  214,  188,  550,  634,  677,  470,  358,  398,  585,  388,  362,  323,  440,  260,  475,  135,  108,  515,  678,  429,   67,  256,  504,  280,  397,  457,  547,  171,  234,  417,  378,  396,  436,  407,  372,  143,  490,  711,  519,  397,  318,  573,  210,  201,  529,  589,  552,  218,  440,  190,  246,  550,  373,  147,   42,  235,  465,  442,  371,  478,  421,  523,  591,  372,  444,  180,  434,  374,  340,  317,  352,  505,  195,  251,  431,  306,  433,  234,   88,  552,  697,  521,  317,  479,  556,  250,  383,  466,  369,  171,  518,  531,  185,  267,  177,  207,  616,  375,  528,  463,  382,  476,  244,  341,  473,  542,  478,  214,  183,  308,  462,  224,  101,  522,  448],
        [  294,    0,  550,  485,    0,  592,   76,  328,  771,   69,  398,  339,  507,  466,  125,  880,  422,  853,  745,  405,  525,  722,  257,  678,  691,   77,   39,  839,  367,  572,  144,  411,  329,  693,  348,  125,  585,  990,  604,  582,  637,  832,  512,  524,  817,  632,  808,  491,  258,  269,  944,  224,  608,  311,  811,  367,  211,  248,  713,  477,  622,  301,  489,  331,  532,  211,  668,  797,  722,  559,  732,  798,  719,  181,  378,  906,  761,  273,  450, 1004,  671,  195,   32,  654,  733,  126,  868,  649,  540,  606,  322,  524,  612,  563,   52,  727,  489,  537,  697,  671,  476,  695,  109,  404,  363,  615,   95,  673,  880,  518,  102,  392,  584,  544,  230,  405,  881,  371,  208,  547,  391,  244,  375,  728,  268,  925,  572,  730,  543,  852,  389,  478,  696,  690,  723,  697,  281,  905,  608,  814,  147,  548,  664,  423,  477,  157,  339,  175,  593,  410,  473,  705,  201,  735,  415,  553,  442,  715,  780,  701,  544,  204,  671,  259,  439,  707,  625,   83,  138,  657,  351,  619,  684,  213,  360,  421,  191,  120,  437,  602,  475,  809,  631,  942,  414,  517,  351,  910,  609,  480, 1004,  894],
        [  528,    0,  775,  199,  592,    0,  520,  264,  429,  649,  501,  530,  198,  727,  715,  341,  172,  521,  839,  460,  654,  650,  591,  210,  910,  667,  559,  330,  332,   54,  733,  243,  292,  370,  451,  518,  246,  556,  440,   20,  319,  427,  441,  222,  392,  122,  567,  410,  533,  544,  515,  412,  739,  353,  573,  410,  505,  400,  127,  393,  671,  294,  724,  486,  367,  759,  802,  215,  843,   57,  408,  270,  128,  485,  417,  451,  190,  355,  148,  600,  832,  768,  568,  170,  557,  665,  399,  177,  187,  289,  284,  674,  236,  103,  633,  875,  333,  229,  371,  340,  478,  569,  530,  735,  357,   36,  505,  553,  357,  635,  496,  325,  295,  377,  800,  473,  370,  289,  725,   63,  395,  693,  770,  739,  339,  400,  364,  234,  749,  393,  205,  240,  328,  649,  250,  174,  653,  371,  389,  403,  453,  322,  197,  629,  572,  435,  506,  501,  374,  392,  449,  241,  454,  600,  431,  126,  745,  895,  329,  123,  364,  596,  385,  557,  399,  530,  298,  645,  672,  275,  267,  316,  166,  665,  345,  719,  504,  514,  411,  417,  540,  623,  739,  519,  412,   80,  499,  530,   25,  125,  508,  521],
        [  248,    0,  571,  425,   76,  520,    0,  257,  700,  130,  384,  292,  448,  488,  195,  817,  350,  811,  753,  345,  528,  707,  230,  617,  717,  152,   39,  778,  295,  498,  214,  336,  270,  646,  287,   73,  530,  940,  570,  511,  588,  782,  483,  468,  743,  557,  775,  458,  214,  271,  893,  151,  616,  238,  778,  336,  203,  205,  643,  442,  619,  228,  508,  276,  462,  280,  679,  724,  734,  486,  687,  723,  647,  121,  313,  852,  693,  220,  377,  957,  687,  253,   49,  579,  705,  162,  812,  574,  465,  532,  247,  530,  556,  497,  125,  743,  418,  482,  651,  598,  454,  671,   63,  436,  321,  543,   22,  649,  818,  519,   27,  320,  535,  475,  287,  347,  821,  297,  269,  474,  357,  290,  418,  724,  208,  863,  531,  668,  560,  796,  320,  423,  645,  678,  648,  622,  311,  842,  538,  740,   72,  476,  603,  431,  471,   88,  328,  163,  523,  376,  447,  630,  170,  712,  388,  488,  470,  736,  706,  627,  474,  185,  627,  265,  372,  677,  575,  150,  199,  603,  276,  570,  619,  218,  288,  447,  139,  107,  371,  565,  464,  783,  637,  892,  383,  444,  338,  864,  537,  412,  946,  848],
        [  327,    0,  617,  200,  328,  264,  257,    0,  530,  387,  351,  348,  223,  550,  451,  569,   97,  623,  742,  323,  523,  617,  370,  378,  765,  403,  296,  536,  187,  247,  470,  146,   95,  451,  283,  264,  315,  722,  428,  254,  388,  569,  371,  251,  544,  316,  618,  337,  317,  331,  676,  173,  617,  160,  623,  258,  273,  172,  386,  317,  579,   43,  557,  306,  339,  503,  684,  472,  735,  234,  494,  487,  391,  243,  272,  626,  437,  128,  127,  750,  705,  507,  305,  347,  570,  407,  581,  344,  251,  352,   67,  536,  334,  246,  370,  757,  286,  266,  454,  423,  376,  555,  273,  534,  206,  288,  243,  533,  573,  506,  234,  201,  337,  353,  540,  334,  579,  146,  473,  222,  261,  455,  552,  672,   96,  619,  364,  426,  596,  568,   65,  217,  435,  599,  426,  383,  430,  595,  403,  547,  192,  324,  363,  461,  443,  172,  326,  257,  385,  271,  354,  410,  213,  594,  305,  242,  555,  765,  495,  375,  345,  360,  443,  340,  296,  540,  370,  384,  415,  384,   89,  373,  370,  423,  193,  528,  266,  257,  304,  413,  419,  648,  627,  677,  289,  190,  326,  662,  282,  158,  711,  648],
        [  535,    0, 1143,  604,  771,  429,  700,  530,    0,  800,  870,  504,  612, 1079,  865,  679,  461,  940, 1245,  404, 1039, 1073,  612,  628, 1289,  842,  733,  701,  405,  384,  880,  389,  615,  797,  448,  652,  673,  937,  863,  448,  748,  835,  847,  640,  105,  309,  994,  814,  565,  860,  903,  549, 1130,  463, 1000,  774,  798,  702,  467,  794, 1076,  524, 1085,  480,  244,  979, 1197,  385, 1243,  391,  834,  261,  421,  597,  407,  834,  535,  658,  435,  991, 1222,  878,  740,  262,  985,  775,  783,  254,  289,  179,  488, 1055,  665,  529,  822, 1271,  283,  650,  798,  108,  873,  994,  669, 1063,  718,  401,  678,  977,  708, 1021,  675,  381,  722,  234,  900,  412,  730,  412,  964,  397,  769,  966, 1076, 1155,  625,  739,  787,  636, 1121,  783,  515,  644,  753, 1068,  200,  280,  954,  706,  172,   87,  634,  224,  617,  988,  956,  645,  854,  774,  183,  772,  846,  199,  736, 1027,  812,  550, 1084, 1284,  146,  371,  231,  653,  814,  867,  345,  957,  727,  849,  896,  702,  455,  744,  573,  717,  412, 1058,  597,  756,  351,  840,  928, 1052, 1136,  909,  793,  422,  852,  935,  410,  504,  855,  930],
        [  294,    0,  595,  551,   69,  649,  130,  387,  800,    0,  462,  338,  573,  510,   69,  944,  478,  921,  796,  416,  580,  785,  241,  743,  731,   56,   92,  904,  402,  626,   86,  455,  394,  761,  362,  150,  652, 1058,  671,  640,  705,  900,  578,  591,  852,  682,  875,  558,  257,  328, 1012,  262,  660,  347,  877,  434,  276,  316,  772,  544,  680,  356,  536,  339,  557,  206,  718,  851,  772,  614,  800,  844,  775,  203,  397,  973,  822,  340,  505, 1072,  718,  127,   82,  700,  799,   71,  935,  695,  584,  641,  373,  577,  679,  625,   72,  774,  518,  604,  765,  703,  541,  760,  133,  443,  431,  671,  145,  738,  945,  575,  154,  425,  652,  568,  162,  414,  947,  413,  220,  602,  459,  274,  404,  786,  333,  990,  640,  795,  590,  919,  449,  545,  764,  752,  766,  746,  324,  969,  632,  848,  197,  578,  729,  476,  538,  217,  402,  241,  618,  478,  539,  749,  269,  799,  482,  616,  482,  759,  820,  755,  570,  185,  739,  317,  460,  773,  693,  103,  157,  724,  399,  686,  748,  172,  393,  464,  205,  187,  456,  669,  537,  875,  684, 1010,  481,  573,  414,  978,  665,  541, 1070,  962],
        [  601,    0,  277,  305,  398,  501,  384,  351,  870,  462,    0,  637,  312,  228,  493,  644,  409,  497,  395,  648,  173,  325,  606,  449,  420,  433,  398,  585,  528,  519,  508,  496,  259,  370,  597,  448,  330,  663,  237,  482,  335,  514,  140,  302,  867,  605,  428,  140,  575,  142,  620,  444,  267,  486,  429,   96,  187,  206,  577,  141,  241,  373,  224,  605,  688,  418,  334,  704,  386,  508,  397,  769,  608,  473,  600,  603,  586,  233,  436,  661,  355,  578,  404,  648,  345,  524,  580,  650,  582,  693,  409,  186,  362,  412,  398,  407,  636,  305,  375,  763,   87,  301,  443,  252,  153,  535,  392,  279,  630,  157,  383,  547,  297,  703,  610,  656,  621,  494,  366,  498,  106,  295,  307,  344,  270,  668,  243,  498,  253,  561,  355,  267,  397,  294,  733,  668,  223,  660,  752,  873,  381,  673,  442,  130,   95,  340,   61,  225,  734,  110,   99,  719,  217,  339,   74,  390,  251,  416,  809,  620,  695,  566,  337,  157,  637,  322,  336,  380,  359,  383,  438,  318,  487,  600,  531,  228,  499,  282,  643,  245,   81,  417,  278,  616,   92,  465,   48,  567,  525,  384,  713,  550],
        [   45,    0,  856,  545,  339,  530,  292,  348,  504,  338,  637,    0,  567,  775,  394,  870,  386,  969, 1026,  101,  798,  943,  111,  703, 1004,  391,  308,  851,  199,  485,  405,  288,  426,  797,   80,  220,  659, 1057,  769,  532,  734,  909,  700,  596,  578,  500,  964,  668,   82,  550, 1013,  196,  891,  192,  968,  563,  478,  433,  651,  649,  878,  307,  793,   45,  267,  542,  956,  678, 1010,  477,  840,  625,  633,  174,  120,  957,  719,  416,  395, 1090,  968,  386,  310,  496,  911,  293,  909,  487,  381,  381,  286,  805,  675,  563,  386, 1024,  250,  612,  800,  425,  689,  890,  234,  726,  526,  535,  274,  868,  883,  787,  277,  208,  684,  273,  404,   93,  894,  244,  546,  469,  577,  579,  709,  980,  383,  927,  709,  745,  843,  898,  398,  564,  778,  920,  535,  548,  602,  899,  333,  569,  262,  307,  688,  709,  731,  300,  591,  439,  324,  592,  674,  517,  427,  930,  617,  567,  760, 1020,  564,  594,  280,  160,  790,  547,  169,  881,  716,  420,  476,  726,  282,  720,  681,  216,  186,  737,  153,  392,  159,  756,  716,  990,  908, 1014,  606,  455,  597, 1005,  535,  477, 1030,  992],
        [  549,    0,  582,   24,  507,  198,  448,  223,  612,  573,  312,  567,    0,  540,  631,  377,  195,  404,  642,  528,  458,  462,  592,  172,  714,  575,  483,  332,  386,  231,  650,  310,  180,  232,  497,  474,   93,  500,  253,  178,  170,  346,  243,   33,  586,  315,  415,  212,  540,  383,  454,  395,  541,  376,  420,  231,  362,  271,  266,  196,  474,  265,  534,  524,  492,  634,  604,  393,  646,  222,  276,  467,  297,  462,  477,  407,  283,  236,  203,  527,  634,  700,  492,  362,  384,  609,  365,  367,  334,  450,  282,  478,  112,  101,  537,  678,  445,   47,  235,  513,  281,  385,  481,  557,  186,  233,  440,  367,  374,  439,  430,  391,  125,  505,  734,  540,  374,  338,  592,  216,  210,  546,  602,  545,  241,  418,  177,  224,  555,  350,  169,   46,  212,  457,  445,  371,  493,  400,  536,  596,  396,  458,  159,  441,  377,  363,  329,  371,  519,  203,  252,  435,  327,  420,  240,   78,  562,  697,  524,  312,  494,  579,  231,  398,  485,  355,  150,  540,  551,  162,  288,  157,  189,  640,  396,  537,  486,  403,  495,  232,  344,  458,  541,  455,  221,  191,  319,  439,  223,  114,  499,  426],
        [  734,    0,   85,  532,  466,  727,  488,  550, 1079,  510,  228,  775,  540,    0,  511,  856,  623,  651,  295,  809,  139,  379,  715,  669,  230,  463,  483,  794,  710,  743,  520,  695,  466,  563,  753,  560,  550,  832,  412,  708,  542,  698,  335,  528, 1085,  828,  554,  350,  701,  231,  794,  597,  170,  659,  553,  318,  302,  382,  804,  358,  237,  562,   32,  752,  880,  371,  215,  932,  266,  731,  579,  994,  836,  602,  766,  790,  810,  423,  652,  816,  210,  594,  485,  869,  464,  581,  776,  870,  795,  901,  600,  119,  581,  639,  439,  265,  827,  530,  567,  972,  277,  407,  549,   83,  373,  762,  504,  393,  838,  152,  499,  731,  511,  894,  621,  815,  826,  683,  323,  721,  332,  247,  155,  324,  458,  873,  447,  715,   84,  756,  568,  495,  599,  339,  954,  892,  186,  869,  949, 1090,  516,  872,  663,   99,  184,  482,  228,  338,  931,  338,  304,  940,  361,  432,  300,  617,   46,  250, 1029,  847,  888,  666,  525,  230,  814,  453,  546,  408,  361,  596,  631,  526,  711,  677,  710,   50,  624,  384,  817,  429,  216,  513,  199,  787,  319,  687,  232,  729,  752,  608,  901,  711],
        [  351,    0,  595,  609,  125,  715,  195,  451,  865,   69,  493,  394,  631,  511,    0, 1005,  544,  966,  803,  477,  595,  811,  290,  802,  724,   61,  157,  962,  469,  693,   19,  523,  453,  810,  424,  217,  707, 1109,  712,  705,  756,  951,  617,  647,  919,  750,  914,  600,  315,  354, 1063,  330,  669,  415,  916,  477,  312,  368,  837,  587,  699,  422,  539,  399,  622,  170,  723,  918,  776,  680,  848,  912,  841,  270,  461, 1027,  885,  396,  571, 1121,  720,   86,  147,  768,  835,  104,  990,  763,  652,  708,  440,  590,  735,  687,   99,  775,  584,  660,  815,  770,  576,  793,  201,  438,  480,  737,  211,  772, 1004,  593,  220,  493,  703,  633,  118,  474, 1005,  481,  198,  669,  502,  267,  390,  803,  393, 1049,  687,  854,  593,  974,  513,  600,  816,  777,  835,  814,  328, 1029,  697,  915,  264,  645,  788,  490,  561,  281,  433,  282,  683,  521,  577,  816,  316,  832,  521,  678,  479,  757,  887,  822,  635,  235,  786,  340,  524,  811,  745,  114,  151,  779,  467,  737,  809,  204,  460,  463,  269,  234,  519,  712,  565,  909,  695, 1061,  522,  639,  446, 1027,  731,  605, 1126, 1010],
        [  865,    0,  873,  398,  880,  341,  817,  569,  679,  944,  644,  870,  377,  856, 1005,    0,  494,  341,  850,  800,  740,  616,  924,  206,  975,  950,  853,   67,  672,  390, 1023,  582,  552,  306,  791,  832,  320,  265,  455,  338,  315,  224,  522,  367,  599,  410,  443,  509,  867,  746,  240,  735,  797,  688,  450,  586,  736,  647,  231,  505,  705,  607,  840,  825,  694, 1009,  844,  298,  868,  397,  309,  427,  268,  808,  758,  174,  157,  611,  479,  325,  882, 1070,  863,  443,  490,  973,  134,  454,  516,  594,  608,  764,  287,  323,  912,  908,  667,  357,  302,  623,  580,  533,  841,  895,  553,  343,  806,  530,   35,  721,  796,  665,  348,  702, 1103,  814,   61,  627,  965,  403,  561,  913,  950,  728,  612,   62,  410,  154,  844,  146,  505,  414,  261,  636,  481,  406,  853,   30,  699,  617,  757,  645,  219,  764,  674,  730,  679,  747,  688,  547,  555,  485,  703,  544,  574,  329,  889,  941,  539,  319,  689,  923,  343,  763,  738,  476,  311,  916,  927,  262,  598,  331,  199,  990,  684,  868,  829,  779,  750,  434,  641,  519,  784,  249,  559,  415,  667,  298,  341,  412,  178,  300],
        [  375,    0,  684,  177,  422,  172,  350,   97,  461,  478,  409,  386,  195,  623,  544,  494,    0,  595,  788,  336,  578,  638,  431,  318,  829,  498,  388,  469,  195,  151,  563,  116,  158,  425,  311,  347,  284,  672,  435,  165,  363,  525,  398,  227,  463,  222,  609,  364,  374,  414,  628,  243,  670,  197,  614,  314,  362,  258,  297,  344,  621,  123,  626,  341,  303,  599,  737,  376,  785,  138,  468,  394,  298,  317,  287,  572,  354,  211,   32,  707,  762,  596,  398,  255,  573,  494,  523,  254,  173,  285,  115,  594,  294,  178,  465,  811,  254,  241,  427,  355,  416,  568,  359,  615,  257,  194,  334,  547,  503,  561,  325,  198,  319,  317,  628,  349,  512,  147,  568,  126,  309,  547,  639,  707,  185,  548,  363,  361,  661,  512,   55,  208,  399,  626,  337,  289,  518,  522,  355,  467,  282,  276,  303,  529,  496,  266,  396,  349,  338,  314,  390,  322,  304,  605,  352,  182,  632,  823,  410,  279,  307,  430,  425,  424,  291,  543,  343,  480,  511,  345,  106,  351,  299,  498,  206,  606,  337,  353,  301,  417,  469,  649,  677,  630,  334,   95,  393,  624,  188,   92,  647,  611],
        [  949,    0,  638,  425,  853,  521,  811,  623,  940,  921,  497,  969,  404,  651,  966,  341,  595,    0,  554,  930,  514,  318,  986,  314,  704,  905,  838,  282,  788,  574,  983,  709,  557,  173,  900,  853,  312,  185,  261,  506,  235,  118,  358,  373,  882,  635,  117,  369,  937,  633,  155,  790,  540,  779,  122,  490,  657,  607,  479,  380,  443,  664,  626,  926,  877,  913,  570,  597,  580,  572,  129,  719,  527,  851,  880,  185,  423,  594,  598,  166,  609, 1046,  847,  680,  196,  970,  209,  689,  703,  810,  684,  537,  302,  437,  867,  622,  835,  358,  169,  859,  411,  253,  856,  713,  491,  544,  809,  261,  307,  500,  798,  792,  286,  889, 1080,  942,  283,  740,  862,  572,  464,  791,  782,  430,  614,  315,  281,  307,  611,  195,  572,  407,  198,  350,  745,  662,  718,  332,  908,  897,  773,  837,  326,  578,  477,  735,  552,  685,  893,  445,  400,  742,  653,  244,  449,  423,  693,  660,  817,  574,  877,  966,  185,  650,  884,  200,  254,  858,  848,  253,  691,  250,  367, 1020,  798,  679,  877,  734,  895,  256,  453,  192,  519,  147,  445,  562,  538,   80,  536,  506,  283,   64],
        [  988,    0,  218,  645,  745,  839,  753,  742, 1245,  796,  395, 1026,  642,  295,  803,  850,  788,  554,    0, 1042,  228,  238,  982,  709,  174,  752,  757,  784,  923,  871,  813,  885,  648,  548,  990,  824,  608,  735,  414,  819,  561,  643,  400,  618, 1227,  957,  437,  433,  959,  483,  709,  835,  138,  881,  433,  484,  553,  599,  878,  451,  169,  767,  265,  997, 1080,  666,   81, 1013,   38,  862,  542, 1104,  920,  857,  995,  730,  858,  628,  812,  699,   99,  887,  760, 1003,  365,  866,  737, 1007,  957, 1073,  803,  224,  631,  738,  725,   75, 1027,  612,  551, 1141,  373,  317,  815,  376,  537,  874,  766,  321,  822,  241,  759,  941,  558, 1094,  914, 1050,  803,  887,  618,  854,  483,  541,  442,  125,  665,  846,  484,  741,  212,  718,  737,  604,  598,  214, 1087, 1012,  475,  852, 1140, 1236,  766, 1060,  709,  323,  301,  727,  436,  593, 1122,  476,  399, 1076,  600,  313,  439,  715,  335,  119, 1165,  946, 1086,  937,  513,  490, 1032,  375,  576,  696,  652,  621,  830,  553,  764,  957,  926,  345,  881,  646, 1038,  438,  323,  368,  119,  700,  456,  825,  431,  631,  863,  742,  835,  616],
        [  133,    0,  887,  507,  405,  460,  345,  323,  404,  416,  648,  101,  528,  809,  477,  800,  336,  930, 1042,    0,  816,  936,  209,  647, 1037,  466,  369,  788,  142,  411,  490,  225,  412,  759,   58,  280,  618, 1003,  750,  465,  697,  860,  691,  559,  477,  414,  937,  658,  165,  580,  959,  213,  910,  165,  941,  565,  508,  444,  575,  637,  887,  287,  824,   79,  166,  614,  977,  590, 1030,  404,  802,  529,  553,  226,   52,  901,  646,  417,  337, 1040,  992,  479,  374,  406,  892,  380,  850,  396,  295,  282,  257,  825,  630,  507,  455, 1047,  154,  573,  762,  324,  689,  877,  297,  769,  520,  460,  324,  855,  816,  802,  325,  140,  650,  173,  499,   14,  829,  190,  611,  398,  574,  634,  760,  985,  381,  859,  684,  685,  871,  841,  361,  532,  734,  917,  438,  457,  646,  830,  232,  468,  297,  208,  632,  735,  743,  328,  608,  473,  223,  586,  670,  421,  451,  916,  617,  515,  800, 1047,  465,  510,  179,  252,  757,  580,   72,  862,  677,  487,  541,  680,  242,  684,  618,  314,  133,  775,  215,  433,   60,  735,  724,  970,  924,  962,  603,  390,  612,  959,  461,  427,  966,  947],
        [  760,    0,  134,  456,  525,  654,  528,  523, 1039,  580,  173,  798,  458,  139,  595,  740,  578,  514,  228,  816,    0,  243,  756,  564,  257,  540,  534,  675,  700,  679,  608,  668,  430,  439,  763,  597,  449,  697,  287,  635,  427,  568,  226,  440, 1031,  765,  416,  250,  731,  259,  660,  608,   95,  656,  414,  266,  326,  373,  715,  264,  107,  544,  113,  769,  860,  478,  162,  847,  215,  668,  450,  923,  751,  629,  769,  660,  711,  404,  604,  679,  184,  681,  538,  809,  325,  648,  651,  812,  750,  863,  581,   24,  478,  558,  510,  235,  808,  439,  443,  933,  177,  268,  590,  212,  322,  689,  540,  255,  719,   20,  532,  718,  405,  875,  711,  823,  705,  666,  426,  659,  270,  347,  287,  209,  441,  751,  334,  606,  105,  631,  525,  415,  479,  203,  894,  826,  273,  750,  924, 1038,  538,  845,  561,  106,   83,  499,  209,  366,  906,  268,  207,  882,  372,  294,  228,  535,  184,  245,  972,  770,  867,  712,  401,  267,  808,  315,  435,  484,  447,  484,  610,  413,  612,  736,  702,  176,  654,  421,  814,  307,  115,  375,  110,  653,  247,  627,  204,  593,  679,  544,  771,  575],
        [  911,    0,  343,  472,  722,  650,  707,  617, 1073,  785,  325,  943,  462,  379,  811,  616,  638,  318,  238,  936,  243,    0,  923,  492,  388,  753,  722,  551,  803,  690,  826,  747,  525,  321,  891,  768,  407,  502,  211,  631,  346,  406,  246,  433, 1042,  772,  204,  280,  888,  459,  473,  748,  235,  772,  200,  381,  512,  515,  668,  300,  144,  650,  349,  906,  940,  712,  254,  802,  262,  683,  309,  904,  713,  788,  886,  493,  639,  528,  656,  470,  292,  897,  728,  819,  128,  848,  500,  825,  795,  911,  682,  261,  424,  548,  719,  304,  890,  424,  323,  975,  255,   87,  765,  455,  418,  683,  713,   99,  588,  236,  704,  816,  356,  954,  929,  946,  568,  760,  659,  677,  367,  581,  529,  114,  561,  610,  288,  518,  318,  482,  593,  434,  372,   40,  899,  821,  504,  617,  992, 1053,  697,  912,  496,  339,  251,  655,  384,  550,  974,  352,  270,  891,  538,   76,  327,  526,  425,  343,  978,  746,  944,  887,  288,  472,  912,  141,  363,  698,  669,  404,  703,  342,  550,  924,  809,  419,  814,  607,  920,  234,  248,  142,  209,  465,  338,  653,  372,  397,  673,  573,  598,  381],
        [   78,    0,  799,  569,  257,  591,  230,  370,  612,  241,  606,  111,  592,  715,  290,  924,  431,  986,  982,  209,  756,  923,    0,  744,  943,  296,  233,  899,  268,  551,  299,  352,  431,  815,  170,  159,  683, 1091,  766,  589,  753,  938,  688,  619,  683,  579,  968,  659,   59,  499, 1045,  198,  845,  238,  972,  544,  430,  409,  715,  641,  844,  328,  737,  134,  372,  447,  908,  758,  963,  541,  858,  717,  703,  138,  213,  995,  779,  404,  446, 1118,  916,  276,  233,  582,  907,  187,  949,  574,  463,  480,  319,  759,  703,  606,  298,  972,  348,  634,  819,  529,  668,  879,  167,  659,  516,  601,  217,  857,  933,  746,  224,  285,  701,  380,  293,  202,  942,  304,  458,  532,  561,  501,  632,  949,  377,  978,  715,  789,  789,  936,  429,  581,  803,  897,  629,  633,  534,  952,  441,  675,  227,  408,  728,  660,  696,  269,  553,  390,  431,  578,  657,  611,  390,  920,  598,  606,  695,  964,  665,  669,  385,   56,  803,  494,  272,  878,  736,  333,  390,  753,  326,  737,  729,  106,  256,  673,  111,  336,  263,  757,  686,  986,  865, 1046,  590,  512,  562, 1030,  599,  517, 1076, 1015],
        [  692,    0,  696,  194,  678,  210,  617,  378,  628,  743,  449,  703,  172,  669,  802,  206,  318,  314,  709,  647,  564,  492,  744,    0,  812,  746,  652,  161,  509,  263,  821,  423,  349,  179,  628,  638,  120,  356,  296,  196,  149,  219,  339,  162,  575,  321,  372,  320,  689,  543,  313,  549,  634,  514,  378,  384,  530,  441,  179,  312,  549,  418,  657,  659,  573,  803,  688,  311,  721,  263,  210,  421,  226,  620,  600,  255,  150,  407,  311,  395,  723,  869,  662,  367,  381,  776,  206,  376,  394,  498,  426,  587,   88,  141,  708,  758,  535,  152,  178,  546,  393,  407,  646,  700,  348,  231,  608,  396,  202,  545,  598,  508,  160,  584,  903,  661,  204,  462,  759,  264,  359,  709,  752,  595,  411,  247,  232,   53,  667,  195,  315,  208,  130,  501,  435,  352,  650,  229,  598,  589,  561,  529,   16,  573,  491,  531,  479,  541,  583,  346,  366,  431,  497,  430,  377,  138,  698,  785,  509,  267,  571,  737,  206,  559,  593,  357,  134,  711,  721,   89,  422,  157,   59,  800,  521,  675,  643,  574,  605,  272,  457,  436,  626,  316,  361,  261,  467,  321,  223,  228,  334,  312],
        [  962,    0,  150,  712,  691,  910,  717,  765, 1289,  731,  420, 1004,  714,  230,  724,  975,  829,  704,  174, 1037,  257,  388,  943,  812,    0,  681,  711,  909,  932,  934,  731,  911,  676,  670,  981,  789,  700,  889,  522,  891,  669,  782,  478,  695, 1285, 1020,  591,  505,  930,  458,  859,  824,  179,  884,  587,  515,  530,  602,  969,  519,  271,  781,  213,  981, 1100,  569,  136, 1102,  138,  923,  672, 1179, 1006,  831,  993,  873,  961,  640,  856,  857,   97,  803,  712, 1064,  510,  802,  872, 1067, 1001, 1112,  819,  237,  728,  814,  661,  101, 1047,  693,  673, 1182,  433,  456,  778,  289,  572,  945,  733,  453,  950,  276,  728,  953,  654, 1114,  827, 1043,  934,  903,  528,  914,  523,  459,  338,  283,  676,  979,  581,  851,  170,  853,  774,  671,  715,  356, 1149, 1081,  410,  981, 1167, 1292,  744, 1088,  810,  306,  339,  710,  440,  566, 1149,  522,  462, 1137,  587,  462,  482,  791,  250,   58, 1227, 1026, 1108,  893,  632,  458, 1038,  513,  680,  628,  577,  729,  849,  657,  862,  901,  934,  271,  853,  613, 1043,  545,  371,  527,  191,  851,  502,  882,  440,  784,  935,  799,  981,  768],
        [  346,    0,  547,  553,   77,  667,  152,  403,  842,   56,  433,  391,  575,  463,   61,  950,  498,  905,  752,  466,  540,  753,  296,  746,  681,    0,  114,  906,  440,  647,   78,  486,  398,  751,  410,  191,  649, 1049,  651,  656,  697,  892,  557,  589,  890,  708,  854,  539,  310,  295, 1004,  297,  616,  384,  856,  416,  251,  309,  788,  527,  642,  377,  490,  389,  601,  152,  672,  873,  726,  635,  788,  874,  794,  247,  443,  969,  833,  339,  526, 1060,  672,  145,  105,  730,  775,  124,  932,  725,  615,  679,  398,  536,  677,  634,   39,  727,  560,  602,  755,  743,  516,  733,  174,  392,  420,  691,  171,  712,  948,  537,  178,  464,  644,  613,  178,  464,  948,  446,  165,  623,  442,  223,  351,  747,  339,  993,  626,  798,  544,  915,  463,  543,  757,  719,  799,  773,  278,  974,  676,  887,  223,  619,  733,  435,  503,  233,  373,  221,  662,  461,  516,  781,  257,  772,  461,  624,  433,  711,  855,  776,  613,  240,  726,  282,  505,  750,  686,   57,  105,  720,  427,  678,  754,  226,  432,  415,  252,  175,  502,  652,  506,  849,  642, 1002,  462,  592,  386,  966,  684,  554, 1068,  949],
        [  263,    0,  567,  460,   39,  559,   39,  296,  733,   92,  398,  308,  483,  483,  157,  853,  388,  838,  757,  369,  534,  722,  233,  652,  711,  114,    0,  813,  329,  537,  175,  373,  304,  676,  312,   90,  563,  971,  593,  549,  618,  813,  504,  501,  778,  596,  799,  481,  227,  276,  925,  186,  619,  273,  801,  357,  212,  232,  681,  466,  628,  266,  506,  297,  494,  248,  681,  762,  735,  525,  715,  761,  685,  144,  341,  885,  730,  251,  416,  987,  686,  217,   10,  617,  726,  133,  845,  612,  502,  567,  286,  534,  590,  534,   90,  742,  451,  515,  680,  633,  472,  690,   74,  426,  348,  581,   58,  668,  854,  526,   65,  354,  565,  506,  252,  370,  856,  333,  242,  513,  380,  272,  403,  733,  242,  899,  558,  704,  558,  830,  358,  455,  677,  691,  686,  661,  302,  878,  570,  775,  110,  510,  638,  434,  481,  125,  340,  173,  555,  399,  467,  668,  190,  730,  408,  525,  463,  733,  742,  666,  506,  183,  655,  268,  402,  699,  606,  119,  172,  636,  314,  600,  656,  204,  322,  441,  157,  116,  400,  590,  476,  803,  641,  924,  405,  483,  351,  894,  575,  450,  980,  877],
        [  844,    0,  809,  354,  839,  330,  778,  536,  701,  904,  585,  851,  332,  794,  962,   67,  469,  282,  784,  788,  675,  551,  899,  161,  909,  906,  813,    0,  655,  383,  981,  565,  510,  240,  774,  798,  266,  237,  390,  324,  253,  164,  460,  318,  628,  416,  380,  448,  842,  692,  203,  706,  732,  665,  387,  531,  685,  600,  238,  445,  639,  576,  777,  807,  694,  959,  778,  330,  802,  387,  243,  458,  282,  778,  743,  134,  167,  568,  457,  291,  816, 1030,  823,  454,  425,  937,   84,  464,  513,  601,  581,  699,  234,  293,  868,  842,  662,  307,  236,  637,  518,  467,  806,  834,  502,  339,  769,  464,   45,  657,  758,  650,  289,  703, 1064,  801,   44,  608,  913,  392,  505,  859,  891,  662,  572,   87,  348,  111,  779,   90,  473,  365,  197,  570,  502,  423,  797,   76,  705,  645,  722,  646,  176,  702,  611,  692,  622,  699,  693,  490,  493,  504,  656,  478,  516,  295,  827,  875,  565,  333,  690,  894,  278,  708,  728,  410,  250,  870,  879,  202,  574,  269,  171,  959,  667,  807,  800,  734,  741,  369,  579,  456,  718,  210,  502,  399,  610,  248,  335,  382,  179,  248],
        [  199,    0,  783,  366,  367,  332,  295,  187,  405,  402,  528,  199,  386,  710,  469,  672,  195,  788,  923,  142,  700,  803,  268,  509,  932,  440,  329,  655,    0,  288,  485,   90,  280,  617,  120,  252,  477,  865,  611,  334,  555,  720,  557,  417,  451,  312,  796,  524,  210,  481,  821,  144,  794,   58,  801,  440,  412,  331,  454,  503,  762,  157,  721,  154,  174,  574,  861,  491,  913,  279,  661,  456,  438,  201,   92,  763,  521,  296,  199,  901,  880,  496,  337,  317,  753,  389,  714,  309,  197,  240,  122,  711,  489,  369,  418,  933,  125,  432,  620,  304,  561,  740,  269,  680,  391,  338,  274,  719,  685,  684,  270,   25,  508,  188,  523,  155,  696,   49,  560,  271,  445,  566,  683,  858,  259,  729,  545,  549,  764,  704,  220,  391,  593,  786,  372,  367,  563,  701,  248,  447,  229,  182,  494,  627,  623,  244,  495,  383,  232,  456,  539,  354,  351,  779,  489,  375,  706,  938,  420,  402,  185,  287,  615,  485,  110,  723,  535,  445,  492,  539,  102,  542,  484,  358,   13,  681,  208,  356,  118,  596,  601,  831,  806,  823,  474,  257,  498,  818,  337,  286,  834,  806],
        [  486,    0,  796,  227,  572,   54,  498,  247,  384,  626,  519,  485,  231,  743,  693,  390,  151,  574,  871,  411,  679,  690,  551,  263,  934,  647,  537,  383,  288,    0,  711,  199,  292,  419,  405,  490,  290,  609,  480,   68,  366,  481,  472,  258,  356,   87,  616,  440,  493,  549,  568,  380,  766,  314,  621,  426,  504,  399,  167,  422,  703,  271,  742,  441,  313,  749,  830,  226,  874,   14,  458,  253,  154,  453,  370,  505,  236,  352,  122,  654,  859,  741,  547,  132,  602,  637,  453,  136,  133,  237,  255,  698,  284,  146,  615,  904,  280,  267,  420,  291,  505,  611,  503,  745,  371,   51,  482,  594,  408,  660,  473,  278,  338,  323,  772,  424,  422,  247,  717,   26,  414,  691,  776,  776,  331,  450,  403,  288,  770,  447,  195,  268,  379,  687,  216,  150,  657,  420,  336,  365,  429,  268,  250,  646,  596,  416,  518,  496,  321,  413,  477,  205,  449,  643,  453,  167,  758,  922,  295,  129,  311,  560,  433,  561,  348,  574,  345,  630,  661,  325,  234,  361,  219,  630,  301,  732,  470,  503,  360,  457,  565,  670,  768,  573,  433,   60,  513,  583,   50,  136,  560,  574],
        [  362,    0,  603,  627,  144,  733,  214,  470,  880,   86,  508,  405,  650,  520,   19, 1023,  563,  983,  813,  490,  608,  826,  299,  821,  731,   78,  175,  981,  485,  711,    0,  540,  472,  828,  438,  234,  725, 1127,  729,  724,  774,  969,  634,  665,  935,  767,  931,  617,  327,  369, 1081,  347,  680,  432,  933,  494,  329,  386,  856,  604,  711,  441,  549,  411,  637,  171,  733,  936,  786,  699,  865,  930,  860,  286,  475, 1046,  904,  414,  590, 1138,  729,   74,  165,  786,  851,  113, 1009,  780,  669,  724,  458,  602,  753,  706,  116,  784,  599,  678,  833,  785,  592,  809,  218,  446,  497,  756,  230,  787, 1023,  605,  238,  509,  722,  647,  104,  487, 1024,  498,  204,  687,  519,  275,  395,  816,  412, 1067,  704,  872,  603,  992,  532,  619,  834,  791,  852,  831,  339, 1048,  711,  930,  283,  660,  807,  502,  575,  299,  448,  299,  698,  539,  593,  834,  334,  847,  538,  696,  487,  764,  904,  840,  649,  245,  804,  355,  538,  827,  763,  129,  162,  797,  484,  755,  827,  209,  476,  472,  284,  252,  533,  729,  580,  925,  706, 1079,  539,  657,  461, 1044,  750,  624, 1144, 1027],
