{
    "name": "random-41-19119",
    "comment": "size=41 seed=19119",
    "nodes": ["+0", "-0", "+1", "-1", "+2", "-2", "+3", "-3", "+4", "-4", "+5", "-5", "+6", "-6", "+7", "-7", "+8", "-8", "+9", "-9", "+10", "-10", "+11", "-11", "+12", "-12", "+13", "-13", "+14", "-14", "+15", "-15", "+16", "-16", "+17", "-17", "+18", "-18", "+19", "-19", "+20", "-20", "+21", "-21", "+22", "-22", "+23", "-23", "+24", "-24", "+25", "-25", "+26", "-26", "+27", "-27", "+28", "-28", "+29", "-29", "+30", "-30", "+31", "-31", "+32", "-32", "+33", "-33", "+34", "-34", "+35", "-35", "+36", "-36", "+37", "-37", "+38", "-38", "+39", "-39", "+40", "-40", "+41", "-41"],
    "precedence": {
        "+0": "-0",
        "+1": "-1",
        "+2": "-2",
        "+3": "-3",
        "+4": "-4",
        "+5": "-5",
        "+6": "-6",
        "+7": "-7",
        "+8": "-8",
        "+9": "-9",
        "+10": "-10",
        "+11": "-11",
        "+12": "-12",
        "+13": "-13",
        "+14": "-14",
        "+15": "-15",
        "+16": "-16",
        "+17": "-17",
        "+18": "-18",
        "+19": "-19",
        "+20": "-20",
        "+21": "-21",
        "+22": "-22",
        "+23": "-23",
        "+24": "-24",
        "+25": "-25",
        "+26": "-26",
        "+27": "-27",
        "+28": "-28",
        "+29": "-29",
        "+30": "-30",
        "+31": "-31",
        "+32": "-32",
        "+33": "-33",
        "+34": "-34",
        "+35": "-35",
        "+36": "-36",
        "+37": "-37",
        "+38": "-38",
        "+39": "-39",
        "+40": "-40",
        "+41": "-41"
    },
    "edges": [
        [    0,    0,  944,   51,  462, 1000, 1101,  643,  612,  680,  326,  174,  117,  388,  493,  184, 1250,  353,  392,  161,  260,  801, 1110, 1009,  546,  952,  997, 1202,  438,  839,  943,  837,  940,  652,  824,  705,  827,  118, 1075,  985, 1074, 1068,  889, 1207,  776,  733,  876,  998,  141,  726,  856, 1258,  604,  998, 1084,  435,  591,  471,  929,  552,  782, 1004,  685,  857,  588,  893,  552,   70,  261,  953, 1017,  974,  708,  169,  425,  105,  650,  357,  656,  535,  291,  101,  781,  914],
        [    0,    0,  944,   51,  462, 1000, 1101,  643,  612,  680,  326,  174,  117,  388,  493,  184, 1250,  353,  392,  161,  260,  801, 1110, 1009,  546,  952,  997, 1202,  438,  839,  943,  837,  940,  652,  824,  705,  827,  118, 1075,  985, 1074, 1068,  889, 1207,  776,  733,  876,  998,  141,  726,  856, 1258,  604,  998, 1084,  435,  591,  471,  929,  552,  782, 1004,  685,  857,  588,  893,  552,   70,  261,  953, 1017,  974,  708,  169,  425,  105,  650,  357,  656,  535,  291,  101,  781,  914],
        [  944,  944,    0,  894,  858,  992, 1004, 1005,  947,  785,  626,  843,  863,  674,  488,  841,  920,  899, 1037,  784,  685,  270,  991,  446,  882,  131,  326,  887, 1081, 1107, 1076,  943,  214,  903,  877,  284,  969,  866,  580,  516, 1014,  797, 1101,  808,  271, 1213, 1286,  786,  849,  382,  738,  884,  758, 1101,  641, 1073,  604,  473,  108,  393,  228,  707, 1144, 1264,  781, 1148,  881,  981,  727,  865,  792,  457,  923,  851,  741,  845,  296,  599,  874, 1049,  882,  850,  621,  915],
        [   51,   51,  894,    0,  444,  978, 1077,  634,  599,  653,  276,  148,   89,  350,  445,  159, 1218,  342,  398,  111,  210,  753, 1085,  965,  530,  903,  950, 1170,  448,  831,  929,  817,  892,  634,  801,  656,  809,   92, 1034,  943, 1051, 1035,  878, 1171,  728,  737,  879,  966,  113,  680,  825, 1224,  577,  983, 1045,  444,  553,  421,  880,  502,  733,  969,  687,  860,  562,  885,  535,  106,  220,  925,  985,  931,  691,  145,  395,   58,  600,  308,  637,  535,  278,   55,  744,  890],
        [  462,  462,  858,  444,    0,  541,  645,  210,  162,  240,  491,  298,  356,  221,  399,  287,  824,  120,  213,  434,  411,  615,  656,  713,   86,  802,  754,  777,  241,  398,  485,  376,  751,  191,  369,  574,  365,  353,  730,  657,  616,  649,  439,  804,  602,  382,  497,  575,  333,  502,  436,  842,  179,  539,  717,  234,  275,  496,  793,  541,  635,  605,  315,  475,  153,  453,   91,  426,  294,  507,  594,  671,  247,  300,  127,  460,  600,  380,  196,  192,  173,  463,  407,  458],
        [ 1000, 1000,  992,  978,  541,    0,  116,  412,  413,  334,  947,  831,  890,  668,  744,  820,  374,  657,  695,  947,  892,  730,  136,  608,  460,  879,  720,  341,  687,  291,  151,  168,  796,  355,  180,  775,  190,  888,  521,  521,   78,  281,  234,  425,  739,  524,  479,  238,  866,  638,  257,  417,  411,  135,  464,  683,  512,  871,  890,  869,  787,  330,  493,  467,  420,  285,  453,  966,  792,  130,  243,  575,  301,  834,  592,  985,  867,  817,  346,  559,  714,  989,  384,   96],
        [ 1101, 1101, 1004, 1077,  645,  116,    0,  527,  525,  425, 1025,  930,  989,  754,  809,  919,  273,  763,  808, 1038,  977,  752,   25,  590,  567,  883,  710,  247,  801,  403,  256,  280,  798,  464,  278,  811,  304,  987,  484,  505,   44,  230,  343,  344,  764,  637,  582,  219,  964,  672,  298,  321,  502,  224,  420,  798,  582,  936,  898,  925,  812,  305,  608,  572,  515,  390,  560, 1070,  882,  165,  215,  563,  412,  933,  685, 1080,  911,  895,  452,  674,  818, 1084,  426,  188],
        [  643,  643, 1005,  634,  210,  412,  527,    0,   60,  245,  700,  493,  548,  423,  585,  483,  755,  293,  290,  638,  620,  744,  545,  773,  138,  930,  842,  713,  276,  197,  314,  251,  865,  114,  282,  728,  224,  545,  753,  700,  490,  603,  248,  765,  737,  209,  295,  530,  528,  628,  417,  785,  248,  369,  722,  272,  402,  693,  927,  729,  778,  589,  142,  273,  224,  251,  137,  595,  503,  428,  547,  730,  134,  493,  325,  657,  774,  586,  146,  147,  357,  660,  450,  354],
        [  612,  612,  947,  599,  162,  413,  525,   60,    0,  197,  648,  455,  512,  368,  527,  444,  738,  259,  283,  595,  571,  687,  540,  725,   83,  873,  790,  694,  281,  237,  333,  246,  810,   73,  263,  669,  226,  508,  712,  655,  490,  578,  280,  740,  680,  266,  354,  504,  490,  571,  382,  765,  192,  389,  685,  276,  344,  636,  870,  671,  720,  556,  198,  331,  167,  292,   80,  568,  455,  411,  521,  682,  114,  456,  270,  618,  715,  531,  102,  161,  322,  621,  402,  343],
        [  680,  680,  785,  653,  240,  334,  425,  245,  197,    0,  617,  507,  566,  335,  431,  497,  585,  358,  439,  615,  559,  517,  432,  529,  182,  698,  599,  538,  452,  325,  333,  195,  629,  131,  154,  521,  206,  564,  518,  458,  401,  410,  330,  567,  515,  450,  503,  336,  542,  403,  199,  603,   78,  378,  494,  446,  205,  556,  699,  569,  559,  372,  385,  482,   93,  370,  176,  653,  460,  274,  355,  486,  138,  511,  261,  655,  589,  487,  100,  351,  404,  660,  206,  241],
        [  326,  326,  626,  276,  491,  947, 1025,  700,  648,  617,    0,  282,  273,  288,  245,  286, 1107,  445,  560,  166,   93,  525, 1027,  771,  566,  650,  730, 1060,  613,  881,  940,  808,  653,  654,  770,  418,  811,  277,  864,  769, 1009,  927,  913, 1038,  497,  860,  985,  869,  270,  481,  738, 1101,  543,  989,  890,  607,  446,  163,  624,  241,  491,  846,  797,  963,  542,  936,  570,  374,  205,  862,  885,  743,  705,  288,  381,  222,  339,  131,  643,  652,  392,  227,  628,  852],
        [  174,  174,  843,  148,  298,  831,  930,  493,  455,  507,  282,    0,   60,  223,  363,   11, 1077,  203,  288,  155,  190,  666,  938,  854,  383,  832,  853, 1029,  341,  689,  782,  670,  808,  487,  654,  581,  662,   57,  911,  823,  903,  895,  734, 1036,  643,  615,  751,  825,   36,  579,  683, 1085,  431,  837,  917,  336,  422,  381,  812,  457,  657,  833,  558,  731,  416,  743,  389,  164,  117,  780,  843,  817,  544,    9,  252,  165,  548,  246,  489,  407,  138,  167,  610,  743],
        [  117,  117,  863,   89,  356,  890,  989,  548,  512,  566,  273,   60,    0,  273,  394,   70, 1134,  256,  327,  122,  188,  701,  997,  899,  441,  861,  893, 1086,  378,  744,  840,  729,  842,  546,  713,  611,  720,    5,  962,  872,  963,  952,  791, 1091,  677,  661,  800,  882,   25,  620,  740, 1141,  490,  895,  969,  374,  475,  394,  840,  473,  687,  888,  607,  780,  475,  799,  447,  121,  152,  839,  901,  863,  602,   57,  309,  113,  567,  265,  548,  455,  192,  115,  665,  802],
        [  388,  388,  674,  350,  221,  668,  754,  423,  368,  335,  288,  223,  273,    0,  190,  215,  872,  227,  365,  288,  225,  463,  759,  633,  286,  640,  639,  824,  412,  597,  653,  523,  605,  368,  489,  394,  525,  272,  690,  601,  734,  689,  626,  822,  443,  603,  715,  623,  249,  365,  483,  876,  259,  703,  697,  404,  204,  276,  625,  326,  465,  620,  535,  693,  256,  651,  288,  386,  134,  595,  641,  595,  418,  230,   98,  337,  395,  164,  356,  406,  211,  342,  396,  575],
        [  493,  493,  488,  445,  399,  744,  809,  585,  527,  431,  245,  363,  394,  190,    0,  360,  868,  417,  554,  348,  247,  308,  808,  532,  448,  469,  506,  821,  601,  737,  764,  625,  449,  507,  575,  219,  637,  396,  620,  526,  798,  690,  755,  795,  284,  778,  880,  636,  376,  242,  513,  859,  369,  807,  645,  594,  233,  128,  450,  145,  295,  606,  710,  857,  380,  788,  449,  515,  247,  645,  652,  502,  547,  371,  274,  409,  205,  140,  486,  590,  394,  415,  394,  649],
        [  184,  184,  841,  159,  287,  820,  919,  483,  444,  497,  286,   11,   70,  215,  360,    0, 1067,  193,  281,  164,  194,  661,  928,  847,  372,  828,  847, 1019,  334,  678,  772,  659,  804,  477,  643,  578,  651,   68,  903,  816,  893,  885,  723, 1026,  639,  605,  742,  815,   47,  573,  673, 1076,  421,  826,  908,  328,  414,  381,  809,  456,  653,  823,  549,  721,  405,  733,  378,  172,  115,  769,  834,  810,  533,   16,  242,  175,  546,  245,  478,  397,  129,  178,  601,  732],
        [ 1250, 1250,  920, 1218,  824,  374,  273,  755,  738,  585, 1107, 1077, 1134,  872,  868, 1067,    0,  942, 1014, 1158, 1080,  711,  248,  475,  758,  790,  597,   49, 1018,  664,  524,  508,  706,  669,  476,  798,  540, 1133,  342,  409,  315,  183,  607,  119,  731,  894,  852,  253, 1109,  669,  395,   56,  653,  495,  279, 1013,  673,  985,  813,  952,  774,  263,  857,  840,  675,  658,  752, 1232, 1005,  328,  234,  466,  626, 1082,  826, 1209,  911,  982,  647,  897,  987, 1213,  482,  404],
        [  353,  353,  899,  342,  120,  657,  763,  293,  259,  358,  445,  203,  256,  227,  417,  193,  942,    0,  138,  353,  355,  675,  775,  804,  198,  859,  833,  895,  185,  489,  592,  491,  816,  303,  487,  617,  477,  253,  834,  755,  733,  766,  537,  919,  658,  419,  551,  692,  236,  568,  552,  959,  293,  647,  825,  178,  356,  488,  846,  548,  685,  719,  359,  531,  268,  543,  204,  311,  240,  626,  711,  763,  359,  202,  168,  367,  621,  356,  312,  210,   65,  369,  512,  576],
        [  392,  392, 1037,  398,  213,  695,  808,  290,  283,  439,  560,  288,  327,  365,  554,  281, 1014,  138,    0,  442,  468,  810,  823,  925,  259,  994,  961,  969,   54,  476,  603,  529,  950,  348,  543,  755,  507,  322,  942,  869,  773,  846,  533, 1005,  794,  342,  485,  771,  315,  701,  638, 1037,  389,  658,  927,   48,  481,  621,  982,  683,  822,  810,  297,  468,  361,  526,  265,  331,  360,  689,  790,  883,  397,  284,  301,  438,  758,  486,  368,  154,  171,  439,  619,  626],
        [  161,  161,  784,  111,  434,  947, 1038,  638,  595,  615,  166,  155,  122,  288,  348,  164, 1158,  353,  442,    0,  103,  652, 1044,  876,  518,  796,  853, 1110,  495,  831,  914,  793,  789,  618,  768,  553,  789,  126,  953,  860, 1016,  975,  872, 1104,  626,  769,  904,  910,  128,  587,  771, 1160,  538,  967,  969,  489,  486,  312,  773,  393,  629,  903,  711,  883,  528,  886,  523,  209,  157,  881,  928,  843,  674,  158,  356,   63,  491,  208,  615,  560,  290,   68,  679,  855],
        [  260,  260,  685,  210,  411,  892,  977,  620,  571,  559,   93,  190,  188,  225,  247,  194, 1080,  355,  468,  103,    0,  550,  981,  778,  490,  694,  752, 1032,  521,  806,  874,  746,  687,  583,  713,  450,  746,  191,  860,  766,  958,  897,  841, 1019,  524,  773,  900,  835,  181,  488,  699, 1078,  483,  925,  879,  515,  408,  212,  671,  293,  526,  821,  711,  879,  478,  861,  494,  298,  118,  816,  852,  747,  635,  197,  310,  165,  391,  108,  574,  564,  301,  171,  598,  799],
        [  801,  801,  270,  753,  615,  730,  752,  744,  687,  517,  525,  666,  701,  463,  308,  661,  711,  675,  810,  652,  550,    0,  741,  271,  628,  188,  206,  671,  850,  838,  808,  674,  144,  639,  608,  111,  700,  702,  393,  306,  758,  563,  832,  611,   28,  953, 1020,  539,  682,  117,  474,  685,  497,  835,  442,  842,  347,  364,  183,  297,   64,  470,  885,  998,  521,  879,  625,  822,  551,  605,  548,  258,  655,  674,  510,  715,  220,  446,  609,  801,  671,  720,  353,  649],
        [ 1110, 1110,  991, 1085,  656,  136,   25,  545,  540,  432, 1027,  938,  997,  759,  808,  928,  248,  775,  823, 1044,  981,  741,    0,  573,  579,  869,  693,  223,  818,  425,  279,  296,  783,  478,  288,  803,  321,  995,  465,  488,   68,  210,  365,  319,  755,  659,  606,  205,  973,  664,  295,  296,  509,  248,  400,  814,  583,  934,  885,  921,  802,  289,  628,  595,  523,  413,  573, 1080,  888,  165,  199,  547,  427,  942,  691, 1086,  905,  897,  464,  690,  828, 1091,  421,  200],
        [ 1009, 1009,  446,  965,  713,  608,  590,  773,  725,  529,  771,  854,  899,  633,  532,  847,  475,  804,  925,  876,  778,  271,  573,    0,  692,  316,  124,  443,  952,  802,  726,  617,  233,  659,  549,  378,  650,  900,  135,   88,  610,  367,  776,  363,  297,  974, 1003,  376,  877,  291,  387,  439,  548,  735,  197,  945,  450,  618,  340,  560,  329,  286,  912,  983,  577,  829,  687, 1017,  749,  481,  377,   43,  653,  861,  642,  936,  490,  671,  628,  871,  820,  942,  323,  552],
        [  546,  546,  882,  530,   86,  460,  567,  138,   83,  182,  566,  383,  441,  286,  448,  372,  758,  198,  259,  518,  490,  628,  579,  692,    0,  815,  746,  712,  272,  317,  400,  293,  756,  106,  292,  601,  281,  438,  694,  628,  535,  588,  355,  746,  618,  334,  433,  513,  419,  512,  380,  779,  144,  454,  674,  265,  281,  555,  809,  593,  655,  553,  265,  411,  115,  372,    7,  508,  375,  435,  532,  649,  162,  385,  188,  545,  641,  449,  116,  180,  257,  548,  374,  380],
        [  952,  952,  131,  903,  802,  879,  883,  930,  873,  698,  650,  832,  861,  640,  469,  828,  790,  859,  994,  796,  694,  188,  869,  316,  815,    0,  196,  758, 1035, 1015,  972,  843,   87,  823,  775,  251,  871,  863,  450,  389,  896,  672, 1004,  678,  201, 1139, 1201,  665,  844,  304,  629,  754,  682,  993,  512, 1027,  535,  489,   32,  410,  176,  583, 1071, 1179,  708, 1052,  813,  981,  715,  750,  670,  330,  836,  840,  694,  859,  312,  597,  792,  988,  850,  864,  519,  806],
        [  997,  997,  326,  950,  754,  720,  710,  842,  790,  599,  730,  853,  893,  639,  506,  847,  597,  833,  961,  853,  752,  206,  693,  124,  746,  196,    0,  566,  994,  894,  829,  712,  117,  729,  643,  316,  743,  894,  256,  205,  727,  489,  873,  483,  234, 1048, 1090,  493,  872,  275,  485,  559,  604,  843,  319,  987,  481,  570,  222,  502,  251,  405,  983, 1070,  632,  925,  742, 1013,  742,  591,  495,  147,  731,  861,  666,  915,  419,  646,  698,  925,  840,  920,  398,  657],
        [ 1202, 1202,  887, 1170,  777,  341,  247,  713,  694,  538, 1060, 1029, 1086,  824,  821, 1019,   49,  895,  969, 1110, 1032,  671,  223,  443,  712,  758,  566,    0,  973,  628,  491,  468,  673,  624,  432,  757,  500, 1085,  313,  374,  288,  135,  574,  107,  691,  857,  819,  205, 1061,  626,  347,   76,  606,  467,  247,  968,  625,  940,  780,  908,  735,  217,  817,  807,  628,  625,  706, 1184,  957,  285,  186,  431,  582, 1034,  778, 1161,  868,  935,  602,  853,  939, 1165,  434,  363],
        [  438,  438, 1081,  448,  241,  687,  801,  276,  281,  452,  613,  341,  378,  412,  601,  334, 1018,  185,   54,  495,  521,  850,  818,  952,  272, 1035,  994,  973,    0,  451,  585,  522,  987,  350,  543,  798,  498,  374,  963,  894,  765,  854,  511, 1014,  834,  298,  443,  779,  367,  738,  649, 1043,  410,  640,  944,    8,  514,  671, 1024,  733,  864,  824,  260,  426,  381,  499,  277,  376,  413,  691,  797,  910,  394,  337,  342,  489,  806,  537,  373,  131,  224,  490,  641,  623],
        [  839,  839, 1107,  831,  398,  291,  403,  197,  237,  325,  881,  689,  744,  597,  737,  678,  664,  489,  476,  831,  806,  838,  425,  802,  317, 1015,  894,  628,  451,    0,  150,  188,  940,  232,  254,  845,  153,  741,  750,  720,  361,  546,   65,  703,  837,  235,  204,  483,  723,  726,  416,  704,  370,  199,  704,  450,  524,  855, 1017,  880,  882,  564,  214,  186,  358,   56,  313,  790,  691,  364,  496,  762,  192,  689,  501,  853,  910,  760,  251,  323,  553,  856,  500,  278],
        [  943,  943, 1076,  929,  485,  151,  256,  314,  333,  333,  940,  782,  840,  653,  764,  772,  524,  592,  603,  914,  874,  808,  279,  726,  400,  972,  829,  491,  585,  150,    0,  141,  892,  296,  202,  834,  130,  837,  653,  640,  213,  426,   87,  574,  812,  385,  329,  373,  818,  704,  345,  567,  401,   56,  600,  582,  536,  889,  979,  900,  859,  461,  363,  317,  399,  135,  394,  901,  764,  253,  382,  689,  241,  784,  564,  943,  914,  813,  301,  455,  653,  947,  456,  174],
        [  837,  837,  943,  817,  376,  168,  280,  251,  246,  195,  808,  670,  729,  523,  625,  659,  508,  491,  529,  793,  746,  674,  296,  617,  293,  843,  712,  468,  522,  188,  141,    0,  766,  188,   69,  696,   36,  726,  563,  533,  245,  370,  162,  530,  676,  396,  391,  302,  705,  567,  230,  542,  266,  184,  518,  518,  395,  750,  849,  760,  723,  378,  351,  373,  268,  214,  287,  800,  640,  187,  316,  577,  134,  672,  438,  827,  774,  679,  181,  396,  549,  831,  325,  105],
        [  940,  940,  214,  892,  751,  796,  798,  865,  810,  629,  653,  808,  842,  605,  449,  804,  706,  816,  950,  789,  687,  144,  783,  233,  756,   87,  117,  673,  987,  940,  892,  766,    0,  756,  697,  237,  795,  844,  367,  303,  811,  586,  927,  595,  166, 1074, 1130,  580,  824,  250,  548,  671,  619,  912,  428,  980,  478,  491,  108,  416,  163,  497, 1007, 1109,  646,  976,  753,  963,  693,  667,  585,  244,  766,  816,  649,  852,  325,  584,  725,  933,  814,  857,  442,  724],
        [  652,  652,  903,  634,  191,  355,  464,  114,   73,  131,  654,  487,  546,  368,  507,  477,  669,  303,  348,  618,  583,  639,  478,  659,  106,  823,  729,  624,  350,  232,  296,  188,  756,    0,  195,  630,  175,  543,  642,  587,  432,  507,  260,  668,  633,  320,  385,  432,  523,  523,  310,  694,  147,  350,  614,  344,  304,  624,  821,  650,  675,  484,  254,  363,  129,  285,  100,  613,  470,  342,  450,  617,   57,  489,  274,  648,  686,  531,   32,  233,  362,  651,  337,  279],
        [  824,  824,  877,  801,  369,  180,  278,  282,  263,  154,  770,  654,  713,  489,  575,  643,  476,  487,  543,  768,  713,  608,  288,  549,  292,  775,  643,  432,  543,  254,  202,   69,  697,  195,    0,  633,  102,  710,  499,  466,  250,  322,  230,  485,  611,  449,  456,  250,  689,  503,  162,  504,  231,  236,  458,  538,  343,  702,  781,  707,  658,  319,  399,  437,  240,  282,  286,  793,  612,  148,  266,  509,  151,  657,  412,  806,  715,  640,  177,  422,  541,  810,  257,   90],
        [  705,  705,  284,  656,  574,  775,  811,  728,  669,  521,  418,  581,  611,  394,  219,  578,  798,  617,  755,  553,  450,  111,  803,  378,  601,  251,  316,  757,  798,  845,  834,  696,  237,  630,  633,    0,  717,  613,  495,  404,  812,  639,  847,  704,   83,  934, 1015,  606,  594,  139,  519,  777,  484,  867,  538,  791,  327,  256,  233,  187,   77,  547,  865,  992,  505,  890,  600,  731,  465,  655,  617,  361,  656,  589,  458,  615,  115,  349,  603,  765,  604,  621,  391,  687],
        [  827,  827,  969,  809,  365,  190,  304,  224,  226,  206,  811,  662,  720,  525,  637,  651,  540,  477,  507,  789,  746,  700,  321,  650,  281,  871,  743,  500,  498,  153,  130,   36,  795,  175,  102,  717,    0,  717,  598,  567,  267,  405,  133,  565,  701,  361,  356,  337,  697,  591,  263,  575,  272,  179,  554,  494,  410,  761,  876,  774,  747,  413,  317,  338,  270,  182,  275,  788,  638,  222,  351,  610,  119,  664,  437,  821,  792,  684,  175,  370,  537,  825,  354,  138],
        [  118,  118,  866,   92,  353,  888,  987,  545,  508,  564,  277,   57,    5,  272,  396,   68, 1133,  253,  322,  126,  191,  702,  995,  900,  438,  863,  894, 1085,  374,  741,  837,  726,  844,  543,  710,  613,  717,    0,  961,  872,  960,  951,  787, 1090,  678,  657,  796,  881,   24,  620,  739, 1140,  488,  892,  969,  369,  474,  397,  842,  475,  689,  887,  603,  776,  473,  795,  444,  120,  153,  837,  899,  863,  599,   54,  308,  117,  570,  268,  545,  451,  188,  119,  664,  800],
        [ 1075, 1075,  580, 1034,  730,  521,  484,  753,  712,  518,  864,  911,  962,  690,  620,  903,  342,  834,  942,  953,  860,  393,  465,  135,  694,  450,  256,  313,  963,  750,  653,  563,  367,  642,  499,  495,  598,  961,    0,   95,  510,  255,  714,  229,  418,  943,  953,  284,  938,  387,  341,  305,  554,  654,   67,  957,  492,  719,  474,  669,  455,  193,  886,  935,  583,  769,  689, 1075,  815,  401,  279,  136,  625,  918,  680, 1011,  608,  754,  612,  868,  859, 1016,  324,  482],
        [  985,  985,  516,  943,  657,  521,  505,  700,  655,  458,  769,  823,  872,  601,  526,  816,  409,  755,  869,  860,  766,  306,  488,   88,  628,  389,  205,  374,  894,  720,  640,  533,  303,  587,  466,  404,  567,  872,   95,    0,  524,  285,  691,  305,  329,  898,  921,  290,  849,  292,  304,  380,  486,  648,  136,  887,  407,  625,  409,  575,  369,  201,  838,  902,  515,  745,  623,  987,  725,  394,  291,   60,  577,  830,  598,  919,  518,  660,  556,  805,  777,  924,  255,  466],
        [ 1074, 1074, 1014, 1051,  616,   78,   44,  490,  490,  401, 1009,  903,  963,  734,  798,  893,  315,  733,  773, 1016,  958,  758,   68,  610,  535,  896,  727,  288,  765,  361,  213,  245,  811,  432,  250,  812,  267,  960,  510,  524,    0,  258,  300,  382,  769,  595,  539,  235,  938,  673,  294,  362,  479,  181,  448,  761,  569,  925,  910,  918,  817,  325,  567,  529,  490,  347,  529, 1041,  860,  158,  234,  580,  378,  907,  661, 1056,  909,  878,  421,  636,  788, 1060,  423,  162],
        [ 1068, 1068,  797, 1035,  649,  281,  230,  603,  578,  410,  927,  895,  952,  689,  690,  885,  183,  766,  846,  975,  897,  563,  210,  367,  588,  672,  489,  135,  854,  546,  426,  370,  586,  507,  322,  639,  405,  951,  255,  285,  258,    0,  499,  163,  580,  764,  746,   75,  927,  505,  215,  193,  475,  416,  191,  849,  490,  810,  690,  782,  626,   94,  718,  731,  498,  554,  582, 1051,  822,  184,   57,  344,  470,  900,  645, 1026,  749,  801,  482,  739,  808, 1030,  300,  270],
        [  889,  889, 1101,  878,  439,  234,  343,  248,  280,  330,  913,  734,  791,  626,  755,  723,  607,  537,  533,  872,  841,  832,  365,  776,  355, 1004,  873,  574,  511,   65,   87,  162,  927,  260,  230,  847,  133,  787,  714,  691,  300,  499,    0,  652,  833,  298,  248,  440,  769,  723,  389,  650,  386,  135,  665,  510,  534,  876, 1008,  895,  879,  525,  279,  234,  378,   55,  350,  843,  728,  319,  451,  737,  210,  735,  533,  897,  919,  789,  273,  382,  601,  900,  486,  234],
        [ 1207, 1207,  808, 1171,  804,  425,  344,  765,  740,  567, 1038, 1036, 1091,  822,  795, 1026,  119,  919, 1005, 1104, 1019,  611,  319,  363,  746,  678,  483,  107, 1014,  703,  574,  530,  595,  668,  485,  704,  565, 1090,  229,  305,  382,  163,  652,    0,  633,  925,  900,  236, 1066,  582,  368,   77,  627,  556,  170, 1009,  619,  907,  702,  867,  674,  204,  880,  886,  652,  706,  740, 1195,  955,  344,  219,  358,  633, 1041,  788, 1157,  818,  917,  642,  900,  957, 1162,  427,  429],
        [  776,  776,  271,  728,  602,  739,  764,  737,  680,  515,  497,  643,  677,  443,  284,  639,  731,  658,  794,  626,  524,   28,  755,  297,  618,  201,  234,  691,  834,  837,  812,  676,  166,  633,  611,   83,  701,  678,  418,  329,  769,  580,  833,  633,    0,  946, 1016,  553,  658,  112,  482,  707,  490,  840,  464,  827,  337,  337,  192,  269,   49,  487,  877,  994,  514,  879,  616,  798,  528,  614,  563,  283,  652,  651,  494,  689,  194,  420,  604,  789,  652,  694,  358,  656],
        [  733,  733, 1213,  737,  382,  524,  637,  209,  266,  450,  860,  615,  661,  603,  778,  605,  894,  419,  342,  769,  773,  953,  659,  974,  334, 1139, 1048,  857,  298,  235,  385,  396, 1074,  320,  449,  934,  361,  657,  943,  898,  595,  764,  298,  925,  946,    0,  146,  696,  645,  837,  602,  932,  457,  430,  905,  300,  610,  878, 1136,  922,  985,  767,   70,  131,  433,  260,  335,  672,  656,  582,  711,  931,  321,  612,  508,  773,  974,  759,  351,  210,  479,  775,  653,  497],
        [  876,  876, 1286,  879,  497,  479,  582,  295,  354,  503,  985,  751,  800,  715,  880,  742,  852,  551,  485,  904,  900, 1020,  606, 1003,  433, 1201, 1090,  819,  443,  204,  329,  391, 1130,  385,  456, 1015,  356,  796,  953,  921,  539,  746,  248,  900, 1016,  146,    0,  685,  783,  905,  618,  895,  531,  361,  907,  445,  688,  988, 1201, 1024, 1059,  766,  193,   23,  511,  195,  432,  816,  783,  565,  697,  962,  365,  749,  618,  912, 1067,  876,  413,  345,  614,  914,  693,  479],
        [  998,  998,  786,  966,  575,  238,  219,  530,  504,  336,  869,  825,  882,  623,  636,  815,  253,  692,  771,  910,  835,  539,  205,  376,  513,  665,  493,  205,  779,  483,  373,  302,  580,  432,  250,  606,  337,  881,  284,  290,  235,   75,  440,  236,  553,  696,  685,    0,  858,  468,  143,  267,  402,  371,  228,  774,  427,  759,  681,  736,  600,   92,  648,  669,  425,  495,  507,  980,  756,  122,   19,  346,  397,  830,  574,  959,  711,  741,  407,  664,  735,  963,  242,  207],
        [  141,  141,  849,  113,  333,  866,  964,  528,  490,  542,  270,   36,   25,  249,  376,   47, 1109,  236,  315,  128,  181,  682,  973,  877,  419,  844,  872, 1061,  367,  723,  818,  705,  824,  523,  689,  594,  697,   24,  938,  849,  938,  927,  769, 1066,  658,  645,  783,  858,    0,  599,  715, 1117,  466,  872,  945,  362,  451,  382,  823,  460,  670,  863,  590,  763,  450,  778,  424,  141,  131,  814,  876,  841,  579,   35,  285,  131,  553,  251,  524,  438,  172,  133,  640,  778],
        [  726,  726,  382,  680,  502,  638,  672,  628,  571,  403,  481,  579,  620,  365,  242,  573,  669,  568,  701,  587,  488,  117,  664,  291,  512,  304,  275,  626,  738,  726,  704,  567,  250,  523,  503,  139,  591,  620,  387,  292,  673,  505,  723,  582,  112,  837,  905,  468,  599,    0,  382,  652,  380,  734,  420,  731,  231,  333,  300,  286,  157,  413,  768,  883,  405,  768,  509,  739,  468,  517,  480,  262,  541,  587,  401,  648,  244,  381,  493,  686,  569,  654,  255,  552],
        [  856,  856,  738,  825,  436,  257,  298,  417,  382,  199,  738,  683,  740,  483,  513,  673,  395,  552,  638,  771,  699,  474,  295,  387,  380,  629,  485,  347,  649,  416,  345,  230,  548,  310,  162,  519,  263,  739,  341,  304,  294,  215,  389,  368,  482,  602,  618,  143,  715,  382,    0,  407,  261,  365,  306,  643,  293,  639,  638,  627,  530,  175,  547,  599,  284,  442,  374,  837,  616,  137,  161,  348,  286,  688,  432,  818,  615,  608,  281,  541,  594,  823,  129,  177],
        [ 1258, 1258,  884, 1224,  842,  417,  321,  785,  765,  603, 1101, 1085, 1141,  876,  859, 1076,   56,  959, 1037, 1160, 1078,  685,  296,  439,  779,  754,  559,   76, 1043,  704,  567,  542,  671,  694,  504,  777,  575, 1140,  305,  380,  362,  193,  650,   77,  707,  932,  895,  267, 1117,  652,  407,    0,  668,  542,  246, 1038,  674,  974,  778,  937,  748,  257,  892,  883,  691,  701,  773, 1242, 1009,  358,  249,  434,  654, 1091,  836, 1212,  890,  978,  671,  925, 1001, 1217,  482,  438],
        [  604,  604,  758,  577,  179,  411,  502,  248,  192,   78,  543,  431,  490,  259,  369,  421,  653,  293,  389,  538,  483,  497,  509,  548,  144,  682,  604,  606,  410,  370,  401,  266,  619,  147,  231,  484,  272,  488,  554,  486,  479,  475,  386,  627,  490,  457,  531,  402,  466,  380,  261,  668,    0,  448,  539,  403,  158,  491,  679,  511,  531,  427,  389,  509,   30,  420,  140,  580,  382,  349,  421,  505,  179,  436,  183,  578,  541,  414,  121,  324,  334,  582,  232,  318],
        [  998,  998, 1101,  983,  539,  135,  224,  369,  389,  378,  989,  837,  895,  703,  807,  826,  495,  647,  658,  967,  925,  835,  248,  735,  454,  993,  843,  467,  640,  199,   56,  184,  912,  350,  236,  867,  179,  892,  654,  648,  181,  416,  135,  556,  840,  430,  361,  371,  872,  734,  365,  542,  448,    0,  598,  638,  577,  933, 1002,  941,  888,  462,  413,  351,  448,  173,  449,  956,  816,  256,  377,  700,  294,  838,  616,  997,  951,  861,  352,  510,  708, 1001,  483,  188],
        [ 1084, 1084,  641, 1045,  717,  464,  420,  722,  685,  494,  890,  917,  969,  697,  645,  908,  279,  825,  927,  969,  879,  442,  400,  197,  674,  512,  319,  247,  944,  704,  600,  518,  428,  614,  458,  538,  554,  969,   67,  136,  448,  191,  665,  170,  464,  905,  907,  228,  945,  420,  306,  246,  539,  598,    0,  938,  495,  751,  535,  706,  504,  141,  851,  890,  566,  720,  668, 1079,  826,  348,  221,  189,  591,  923,  678, 1025,  652,  774,  584,  843,  855, 1030,  314,  431],
        [  435,  435, 1073,  444,  234,  683,  798,  272,  276,  446,  607,  336,  374,  404,  594,  328, 1013,  178,   48,  489,  515,  842,  814,  945,  265, 1027,  987,  968,    8,  450,  582,  518,  980,  344,  538,  791,  494,  369,  957,  887,  761,  849,  510, 1009,  827,  300,  445,  774,  362,  731,  643, 1038,  403,  638,  938,    0,  507,  664, 1016,  725,  856,  818,  260,  428,  374,  498,  271,  373,  406,  686,  792,  903,  390,  332,  334,  484,  798,  530,  368,  128,  217,  485,  634,  618],
        [  591,  591,  604,  553,  275,  512,  582,  402,  344,  205,  446,  422,  475,  204,  233,  414,  673,  356,  481,  486,  408,  347,  583,  450,  281,  535,  481,  625,  514,  524,  536,  395,  478,  304,  343,  327,  410,  474,  492,  407,  569,  490,  534,  619,  337,  610,  688,  427,  451,  231,  293,  674,  158,  577,  495,  507,    0,  360,  529,  365,  376,  418,  541,  666,  179,  572,  279,  585,  336,  418,  444,  410,  333,  429,  193,  539,  386,  316,  277,  455,  372,  544,  193,  417],
        [  471,  471,  473,  421,  496,  871,  936,  693,  636,  556,  163,  381,  394,  276,  128,  381,  985,  488,  621,  312,  212,  364,  934,  618,  555,  489,  570,  940,  671,  855,  889,  750,  491,  624,  702,  256,  761,  397,  719,  625,  925,  810,  876,  907,  337,  878,  988,  759,  382,  333,  639,  974,  491,  933,  751,  664,  360,    0,  464,   82,  329,  724,  810,  965,  499,  907,  557,  509,  271,  772,  774,  593,  667,  389,  371,  373,  180,  138,  605,  680,  452,  378,  518,  776],
        [  929,  929,  108,  880,  793,  890,  898,  927,  870,  699,  624,  812,  840,  625,  450,  809,  813,  846,  982,  773,  671,  183,  885,  340,  809,   32,  222,  780, 1024, 1017,  979,  849,  108,  821,  781,  233,  876,  842,  474,  409,  910,  690, 1008,  702,  192, 1136, 1201,  681,  823,  300,  638,  778,  679, 1002,  535, 1016,  529,  464,    0,  384,  161,  600, 1067, 1180,  704, 1056,  807,  960,  696,  762,  687,  350,  837,  820,  683,  835,  286,  576,  791,  981,  835,  840,  525,  815],
        [  552,  552,  393,  502,  541,  869,  925,  729,  671,  569,  241,  457,  473,  326,  145,  456,  952,  548,  683,  393,  293,  297,  921,  560,  593,  410,  502,  908,  733,  880,  900,  760,  416,  650,  707,  187,  774,  475,  669,  575,  918,  782,  895,  867,  269,  922, 1024,  736,  460,  286,  627,  937,  511,  941,  706,  725,  365,   82,  384,    0,  255,  692,  853, 1002,  523,  930,  593,  589,  344,  762,  750,  539,  689,  464,  415,  454,   99,  211,  629,  730,  517,  459,  501,  776],
        [  782,  782,  228,  733,  635,  787,  812,  778,  720,  559,  491,  657,  687,  465,  295,  653,  774,  685,  822,  629,  526,   64,  802,  329,  655,  176,  251,  735,  864,  882,  859,  723,  163,  675,  658,   77,  747,  689,  455,  369,  817,  626,  879,  674,   49,  985, 1059,  600,  670,  157,  530,  748,  531,  888,  504,  856,  376,  329,  161,  255,    0,  532,  916, 1037,  554,  924,  654,  808,  541,  662,  610,  319,  696,  665,  523,  691,  168,  426,  646,  824,  675,  697,  406,  703],
        [ 1004, 1004,  707,  969,  605,  330,  305,  589,  556,  372,  846,  833,  888,  620,  606,  823,  263,  719,  810,  903,  821,  470,  289,  286,  553,  583,  405,  217,  824,  564,  461,  378,  497,  484,  319,  547,  413,  887,  193,  201,  325,   94,  525,  204,  487,  767,  766,   92,  863,  413,  175,  257,  427,  462,  141,  818,  418,  724,  600,  692,  532,    0,  715,  749,  453,  579,  547,  992,  753,  209,   91,  259,  457,  838,  585,  956,  657,  722,  456,  716,  756,  961,  225,  291],
        [  685,  685, 1144,  687,  315,  493,  608,  142,  198,  385,  797,  558,  607,  535,  710,  549,  857,  359,  297,  711,  711,  885,  628,  912,  265, 1071,  983,  817,  260,  214,  363,  351, 1007,  254,  399,  865,  317,  603,  886,  838,  567,  718,  279,  880,  877,   70,  193,  648,  590,  768,  547,  892,  389,  413,  851,  260,  541,  810, 1067,  853,  916,  715,    0,  174,  364,  252,  266,  627,  593,  537,  663,  869,  262,  557,  440,  719,  905,  693,  286,  153,  421,  721,  590,  455],
        [  857,  857, 1264,  860,  475,  467,  572,  273,  331,  482,  963,  731,  780,  693,  857,  721,  840,  531,  468,  883,  879,  998,  595,  983,  411, 1179, 1070,  807,  426,  186,  317,  373, 1109,  363,  437,  992,  338,  776,  935,  902,  529,  731,  234,  886,  994,  131,   23,  669,  763,  883,  599,  883,  509,  351,  890,  428,  666,  965, 1180, 1002, 1037,  749,  174,    0,  489,  183,  409,  798,  761,  549,  681,  942,  344,  729,  596,  892, 1045,  854,  391,  326,  594,  894,  673,  463],
        [  588,  588,  781,  562,  153,  420,  515,  224,  167,   93,  542,  416,  475,  256,  380,  405,  675,  268,  361,  528,  478,  521,  523,  577,  115,  708,  632,  628,  381,  358,  399,  268,  646,  129,  240,  505,  270,  473,  583,  515,  490,  498,  378,  652,  514,  433,  511,  425,  450,  405,  284,  691,   30,  448,  566,  374,  179,  499,  704,  523,  554,  453,  364,  489,    0,  409,  111,  561,  374,  366,  443,  534,  169,  420,  172,  566,  557,  415,  107,  295,  313,  570,  261,  329],
        [  893,  893, 1148,  885,  453,  285,  390,  251,  292,  370,  936,  743,  799,  651,  788,  733,  658,  543,  526,  886,  861,  879,  413,  829,  372, 1052,  925,  625,  499,   56,  135,  214,  976,  285,  282,  890,  182,  795,  769,  745,  347,  554,   55,  706,  879,  260,  195,  495,  778,  768,  442,  701,  420,  173,  720,  498,  572,  907, 1056,  930,  924,  579,  252,  183,  409,    0,  368,  843,  746,  374,  506,  790,  242,  744,  555,  908,  958,  814,  303,  373,  608,  910,  535,  289],
        [  552,  552,  881,  535,   91,  453,  560,  137,   80,  176,  570,  389,  447,  288,  449,  378,  752,  204,  265,  523,  494,  625,  573,  687,    7,  813,  742,  706,  277,  313,  394,  287,  753,  100,  286,  600,  275,  444,  689,  623,  529,  582,  350,  740,  616,  335,  432,  507,  424,  509,  374,  773,  140,  449,  668,  271,  279,  557,  807,  593,  654,  547,  266,  409,  111,  368,    0,  514,  379,  429,  525,  644,  157,  390,  191,  550,  641,  452,  109,  184,  262,  553,  369,  373],
        [   70,   70,  981,  106,  426,  966, 1070,  595,  568,  653,  374,  164,  121,  386,  515,  172, 1232,  311,  331,  209,  298,  822, 1080, 1017,  508,  981, 1013, 1184,  376,  790,  901,  800,  963,  613,  793,  731,  788,  120, 1075,  987, 1041, 1051,  843, 1195,  798,  672,  816,  980,  141,  739,  837, 1242,  580,  956, 1079,  373,  585,  509,  960,  589,  808,  992,  627,  798,  561,  843,  514,    0,  272,  926,  998,  980,  669,  157,  407,  163,  685,  385,  621,  479,  253,  161,  771,  882],
        [  261,  261,  727,  220,  294,  792,  882,  503,  455,  460,  205,  117,  152,  134,  247,  115, 1005,  240,  360,  157,  118,  551,  888,  749,  375,  715,  742,  957,  413,  691,  764,  640,  693,  470,  612,  465,  638,  153,  815,  725,  860,  822,  728,  955,  528,  656,  783,  756,  131,  468,  616, 1009,  382,  816,  826,  406,  336,  271,  696,  344,  541,  753,  593,  761,  374,  746,  379,  272,    0,  725,  774,  714,  524,  125,  202,  204,  433,  133,  464,  448,  190,  209,  528,  700],
        [  953,  953,  865,  925,  507,  130,  165,  428,  411,  274,  862,  780,  839,  595,  645,  769,  328,  626,  689,  881,  816,  605,  165,  481,  435,  750,  591,  285,  691,  364,  253,  187,  667,  342,  148,  655,  222,  837,  401,  394,  158,  184,  319,  344,  614,  582,  565,  122,  814,  517,  137,  358,  349,  256,  348,  686,  418,  772,  762,  762,  662,  209,  537,  549,  366,  374,  429,  926,  725,    0,  133,  447,  298,  784,  531,  925,  752,  732,  322,  569,  676,  929,  265,   87],
        [ 1017, 1017,  792,  985,  594,  243,  215,  547,  521,  355,  885,  843,  901,  641,  652,  834,  234,  711,  790,  928,  852,  548,  199,  377,  532,  670,  495,  186,  797,  496,  382,  316,  585,  450,  266,  617,  351,  899,  279,  291,  234,   57,  451,  219,  563,  711,  697,   19,  876,  480,  161,  249,  421,  377,  221,  792,  444,  774,  687,  750,  610,   91,  663,  681,  443,  506,  525,  998,  774,  133,    0,  349,  414,  849,  593,  977,  723,  758,  425,  682,  754,  982,  258,  219],
        [  974,  974,  457,  931,  671,  575,  563,  730,  682,  486,  743,  817,  863,  595,  502,  810,  466,  763,  883,  843,  747,  258,  547,   43,  649,  330,  147,  431,  910,  762,  689,  577,  244,  617,  509,  361,  610,  863,  136,   60,  580,  344,  737,  358,  283,  931,  962,  346,  841,  262,  348,  434,  505,  700,  189,  903,  410,  593,  350,  539,  319,  259,  869,  942,  534,  790,  644,  980,  714,  447,  349,    0,  611,  824,  602,  903,  474,  639,  585,  828,  780,  908,  280,  516],
        [  708,  708,  923,  691,  247,  301,  412,  134,  114,  138,  705,  544,  602,  418,  547,  533,  626,  359,  397,  674,  635,  655,  427,  653,  162,  836,  731,  582,  394,  192,  241,  134,  766,   57,  151,  656,  119,  599,  625,  577,  378,  470,  210,  633,  652,  321,  365,  397,  579,  541,  286,  654,  179,  294,  591,  390,  333,  667,  837,  689,  696,  457,  262,  344,  169,  242,  157,  669,  524,  298,  414,  611,    0,  546,  326,  704,  718,  579,   63,  271,  418,  707,  334,  229],
        [  169,  169,  851,  145,  300,  834,  933,  493,  456,  511,  288,    9,   57,  230,  371,   16, 1082,  202,  284,  158,  197,  674,  942,  861,  385,  840,  861, 1034,  337,  689,  784,  672,  816,  489,  657,  589,  664,   54,  918,  830,  907,  900,  735, 1041,  651,  612,  749,  830,   35,  587,  688, 1091,  436,  838,  923,  332,  429,  389,  820,  464,  665,  838,  557,  729,  420,  744,  390,  157,  125,  784,  849,  824,  546,    0,  256,  165,  556,  254,  492,  405,  138,  167,  616,  746],
