{
    "name": "random-90-10595",
    "comment": "size=90 seed=10595",
    "nodes": ["+0", "-0", "+1", "-1", "+2", "-2", "+3", "-3", "+4", "-4", "+5", "-5", "+6", "-6", "+7", "-7", "+8", "-8", "+9", "-9", "+10", "-10", "+11", "-11", "+12", "-12", "+13", "-13", "+14", "-14", "+15", "-15", "+16", "-16", "+17", "-17", "+18", "-18", "+19", "-19", "+20", "-20", "+21", "-21", "+22", "-22", "+23", "-23", "+24", "-24", "+25", "-25", "+26", "-26", "+27", "-27", "+28", "-28", "+29", "-29", "+30", "-30", "+31", "-31", "+32", "-32", "+33", "-33", "+34", "-34", "+35", "-35", "+36", "-36", "+37", "-37", "+38", "-38", "+39", "-39", "+40", "-40", "+41", "-41", "+42", "-42", "+43", "-43", "+44", "-44", "+45", "-45", "+46", "-46", "+47", "-47", "+48", "-48", "+49", "-49", "+50", "-50", "+51", "-51", "+52", "-52", "+53", "-53", "+54", "-54", "+55", "-55", "+56", "-56", "+57", "-57", "+58", "-58", "+59", "-59", "+60", "-60", "+61", "-61", "+62", "-62", "+63", "-63", "+64", "-64", "+65", "-65", "+66", "-66", "+67", "-67", "+68", "-68", "+69", "-69", "+70", "-70", "+71", "-71", "+72", "-72", "+73", "-73", "+74", "-74", "+75", "-75", "+76", "-76", "+77", "-77", "+78", "-78", "+79", "-79", "+80", "-80", "+81", "-81", "+82", "-82", "+83", "-83", "+84", "-84", "+85", "-85", "+86", "-86", "+87", "-87", "+88", "-88", "+89", "-89", "+90", "-90"],
    "precedence": {
        "+0": "-0",
        "+1": "-1",
        "+2": "-2",
        "+3": "-3",
        "+4": "-4",
        "+5": "-5",
        "+6": "-6",
        "+7": "-7",
        "+8": "-8",
        "+9": "-9",
        "+10": "-10",
        "+11": "-11",
        "+12": "-12",
        "+13": "-13",
        "+14": "-14",
        "+15": "-15",
        "+16": "-16",
        "+17": "-17",
        "+18": "-18",
        "+19": "-19",
        "+20": "-20",
        "+21": "-21",
        "+22": "-22",
        "+23": "-23",
        "+24": "-24",
        "+25": "-25",
        "+26": "-26",
        "+27": "-27",
        "+28": "-28",
        "+29": "-29",
        "+30": "-30",
        "+31": "-31",
        "+32": "-32",
        "+33": "-33",
        "+34": "-34",
        "+35": "-35",
        "+36": "-36",
        "+37": "-37",
        "+38": "-38",
        "+39": "-39",
        "+40": "-40",
        "+41": "-41",
        "+42": "-42",
        "+43": "-43",
        "+44": "-44",
        "+45": "-45",
        "+46": "-46",
        "+47": "-47",
        "+48": "-48",
        "+49": "-49",
        "+50": "-50",
        "+51": "-51",
        "+52": "-52",
        "+53": "-53",
        "+54": "-54",
        "+55": "-55",
        "+56": "-56",
        "+57": "-57",
        "+58": "-58",
        "+59": "-59",
        "+60": "-60",
        "+61": "-61",
        "+62": "-62",
        "+63": "-63",
        "+64": "-64",
        "+65": "-65",
        "+66": "-66",
        "+67": "-67",
        "+68": "-68",
        "+69": "-69",
        "+70": "-70",
        "+71": "-71",
        "+72": "-72",
        "+73": "-73",
        "+74": "-74",
        "+75": "-75",
        "+76": "-76",
        "+77": "-77",
        "+78": "-78",
        "+79": "-79",
        "+80": "-80",
        "+81": "-81",
        "+82": "-82",
        "+83": "-83",
        "+84": "-84",
        "+85": "-85",
        "+86": "-86",
        "+87": "-87",
        "+88": "-88",
        "+89": "-89",
        "+90": "-90"
    },
    "edges": [
        [    0,    0,  677,  764,  623,  196,  797,  573,  584,  972,  451,  414,  745,  573,  125,  133, 1152,  992,  323,  322,  315,  712, 1143,  775,  557,  347,  404, 1036,  236,  713, 1011,  613,  354,  280,   65,  950, 1041,  964,  952,  795,  184,  395,  780,  997,  443,  642,  495,  781,  794,  855,  405,  483,  112,  120,  928,  893,  499,  695, 1015,  755, 1018,  834,  381, 1003,  754,  502,  602,  625,  525,  622,  406,  829,  356,  236,  540,  618,  629, 1104,  517,  614,  683,  802,  822,  988,  664,  673,  473,  864,  497,  375,  205,  726,   94,  561,  625,  846,  975,  741,  735,  757,  686,  761,  283,  611,  592,  709,  411,  514,  376,  866,  772,  708,  223,  162,  813,  266,  133,  361,  107,  897,  154,   83,  255,  633,  850,  165,  853,  974,  826,  654,  671,  550, 1035,  865,  643,  903, 1086,  494,  677,  920,  738,  894,  770,  256,  545,  291,  725,  164,  736,  346,  730,  531,  696,  234,  666,  138,  732,  631,  157,  485,  589,  725,   97,  561,  124,  217,  551,  785,  495,  850,  977,  253,   98, 1073,   42,  604,  923, 1078,  269,  830,  427,  669],
        [    0,    0,    0,    0,    0,    0,    0,    0,    0,    0,    0,    0,    0,    0,    0,    0,    0,    0,    0,    0,    0,    0,    0,    0,    0,    0,    0,    0,    0,    0,    0,    0,    0,    0,    0,    0,    0,    0,    0,    0,    0,    0,    0,    0,    0,    0,    0,    0,    0,    0,    0,    0,    0,    0,    0,    0,    0,    0,    0,    0,    0,    0,    0,    0,    0,    0,    0,    0,    0,    0,    0,    0,    0,    0,    0,    0,    0,    0,    0,    0,    0,    0,    0,    0,    0,    0,    0,    0,    0,    0,    0,    0,    0,    0,    0,    0,    0,    0,    0,    0,    0,    0,    0,    0,    0,    0,    0,    0,    0,    0,    0,    0,    0,    0,    0,    0,    0,    0,    0,    0,    0,    0,    0,    0,    0,    0,    0,    0,    0,    0,    0,    0,    0,    0,    0,    0,    0,    0,    0,    0,    0,    0,    0,    0,    0,    0,    0,    0,    0,    0,    0,    0,    0,    0,    0,    0,    0,    0,    0,    0,    0,    0,    0,    0,    0,    0,    0,    0,    0,    0,    0,    0,    0,    0,    0,    0,    0,    0,    0,    0,    0,    0],
        [  677,    0,    0,  334,  173,  705,  290,  632,  304,  384,  542,  501,  212,  549,  584,  807,  480,  433,  401,  696,  531,  365,  470,  447,  450,  394,  274,  361,  577,  162,  397,  121,  382,  605,  669,  400,  376,  359,  459,  216,  521,  448,  201,  326,  421,  240,  403,  359,  194,  218,  324,  260,  586,  605,  380,  493,  536,   25,  390,  269,  347,  483,  412,  338,  495,  258,  455,  633,  382,  460,  680,  446,  616,  726,  505,  110,  322,  428,  454,  382,  250,  338,  353,  363,  547,  211,  206,  291,  304,  560,  511,  691,  765,  520,  579,  625,  345,   78,  323,  241,   64,  417,  484,   67,   96,  377,  560,  545,  430,  267,  473,  206,  455,  598,  722,  461,  545,  332,  738,  342,  691,  657,  431,  151,  638,  513,  208,  310,  514,  365,   19,  352,  359,  262,  337,  306,  426,  556,  120,  256,  624,  246,  423,  568,  222,  435,  550,  674,  472,  565,  508,  307,   76,  605,   21,  649,  176,  102,  553,  193,  422,  100,  583,  313,  800,  545,  536,  157,  391,  693,  300,  438,  613,  396,  673,  389,  419,  436,  409,  262,  593,  644],
        [  764,    0,  334,    0,  497,  700,   79,  433,  181,  245,  808,  757,  542,  847,  642,  871,  519,  241,  443,  629,  493,   76,  517,  780,  271,  417,  431,  508,  571,  494,  299,  252,  599,  809,  727,  200,  411,  256,  189,  535,  580,  697,  522,  402,  341,  568,  291,  692,  508,  250,  365,  296,  653,  655,  182,  166,  381,  318,  316,  602,  529,  149,  388,  540,  826,  537,  766,  406,  256,  232,  570,  779,  535,  703,  328,  428,  645,  505,  744,  178,  582,   43,   60,  296,  293,  543,  381,  165,  587,  800,  560,  425,  831,  817,  347,  303,  294,  292,  657,  572,  398,   95,  685,  336,  310,  708,  812,  828,  398,  196,  806,  129,  576,  627,  426,  499,  650,  424,  781,  165,  839,  709,  584,  477,  318,  627,  483,  365,  184,  132,  352,  656,  464,  202,  129,  210,  431,  402,  453,  486,  342,  508,   98,  552,  242,  473,  875,  829,  169,  795,  213,  603,  408,  592,  318,  677,  507,  255,  609,  391,  732,  425,  689,  620,  870,  722,  830,  465,  677,  380,  431,  518,  673,  520,  742,  191,  161,  388,  528,  149,  475,  396],
        [  623,    0,  173,  497,    0,  698,  461,  725,  425,  552,  389,  356,  124,  381,  556,  756,  600,  604,  416,  722,  562,  515,  588,  290,  555,  421,  260,  450,  586,   93,  560,  253,  280,  486,  631,  572,  510,  525,  632,  173,  502,  312,  158,  455,  492,   72,  492,  222,  174,  382,  364,  332,  552,  579,  553,  660,  620,  196,  549,  152,  418,  643,  459,  397,  330,  128,  283,  738,  481,  582,  728,  305,  657,  727,  602,   70,  150,  540,  290,  507,   97,  505,  522,  523,  670,   63,  219,  463,  158,  421,  498,  810,  716,  352,  689,  773,  505,  245,  176,  142,  123,  572,  379,  163,  196,  214,  414,  382,  477,  437,  313,  370,  409,  585,  854,  465,  495,  339,  703,  515,  600,  623,  369,   24,  786,  462,  244,  449,  671,  503,  154,  185,  470,  432,  474,  475,  563,  637,   74,  318,  754,  282,  579,  582,  325,  444,  379,  580,  617,  432,  648,  147,  121,  613,  184,  631,  110,  245,  530,  195,  250,  134,  527,  145,  746,  449,  369,  176,  234,  834,  412,  421,  580,  491,  629,  512,  591,  585,  375,  435,  654,  757],
        [  196,    0,  705,  700,  698,    0,  750,  414,  526,  932,  618,  573,  821,  736,  155,  212, 1152,  939,  305,  134,  208,  636, 1144,  901,  451,  317,  444, 1061,  133,  781,  978,  613,  468,  463,  133,  898, 1037,  931,  882,  864,  198,  540,  847, 1001,  360,  734,  410,  888,  856,  845,  387,  463,  166,  133,  878,  802,  366,  717,  987,  844, 1051,  738,  321, 1042,  892,  594,  745,  470,  445,  514,  226,  948,  198,   41,  417,  673,  742, 1112,  664,  530,  775,  742,  759,  961,  534,  756,  504,  829,  605,  548,  200,  567,  185,  720,  484,  715,  952,  754,  839,  839,  730,  674,  431,  639,  610,  828,  583,  679,  307,  839,  904,  677,  301,  114,  657,  244,  240,  374,  119,  852,  350,  121,  352,  701,  717,  265,  902,  973,  720,  574,  703,  673, 1048,  840,  572,  872, 1076,  354,  736,  960,  595,  943,  682,  150,  522,  271,  876,  359,  632,  520,  616,  641,  742,  109,  689,   77,  800,  634,  172,  523,  726,  773,  234,  673,  220,  381,  713,  838,  627,  705,  993,  277,  145, 1092,  156,  518,  860, 1056,  325,  797,  275,  515],
        [  797,    0,  290,   79,  461,  750,    0,  507,  225,  183,  797,  749,  491,  825,  679,  910,  444,  196,  475,  688,  544,  152,  442,  735,  339,  452,  437,  430,  618,  445,  232,  233,  598,  816,  765,  153,  334,  187,  179,  477,  615,  690,  466,  324,  393,  530,  346,  642,  450,  173,  393,  317,  688,  694,  132,  207,  449,  271,  246,  551,  453,  211,  432,  465,  785,  518,  738,  483,  311,  305,  635,  728,  594,  756,  397,  393,  610,  428,  724,  244,  539,   54,   65,  224,  370,  500,  379,   89,  568,  797,  596,  503,  869,  795,  424,  374,  220,  235,  610,  520,  351,  172,  691,  307,  288,  667,  806,  812,  443,  118,  762,  103,  597,  669,  503,  535,  677,  445,  823,  103,  860,  748,  598,  439,  389,  651,  417,  287,  251,  200,  309,  630,  386,  124,  189,  136,  357,  470,  409,  414,  420,  439,  172,  601,  256,  508,  839,  848,  247,  794,  291,  580,  360,  641,  277,  720,  456,  229,  645,  385,  704,  373,  717,  592,  908,  734,  809,  406,  658,  453,  354,  546,  709,  442,  778,  257,  141,  319,  548,   71,  539,  474],
        [  573,    0,  632,  433,  725,  414,  507,    0,  334,  674,  855,  801,  825,  946,  460,  625,  951,  657,  372,  290,  270,  357,  948, 1003,  185,  348,  501,  919,  339,  774,  730,  512,  640,  762,  512,  621,  840,  688,  572,  844,  429,  746,  828,  824,  239,  789,  235,  947,  824,  662,  376,  394,  477,  457,  607,  462,  109,  631,  748,  871,  930,  395,  293,  934, 1023,  683,  907,   57,  251,  202,  199, 1028,  220,  394,  128,  668,  838,  932,  847,  272,  821,  473,  483,  728,  157,  787,  512,  596,  721,  809,  408,  154,  595,  920,   95,  317,  727,  638,  900,  852,  686,  361,  670,  588,  549,  923,  837,  903,  280,  622, 1019,  487,  506,  412,  244,  374,  524,  429,  530,  596,  709,  493,  550,  715,  315,  522,  834,  788,  362,  310,  642,  803,  884,  627,  329,  642,  863,   97,  723,  864,  189,  869,  367,  319,  412,  370, 1041,  709,  292,  790,  257,  753,  700,  340,  612,  439,  792,  532,  439,  536,  877,  729,  549,  782,  632,  662,  923,  789,  787,  293,  842,  434,  479,  938,  535,  260,  564,  821,  484,  574,  146,  102],
        [  584,    0,  304,  181,  425,  526,  225,  334,    0,  407,  669,  615,  507,  727,  462,  692,  648,  416,  263,  468,  319,  136,  643,  715,  149,  237,  278,  593,  394,  456,  455,  185,  450,  646,  547,  374,  533,  408,  369,  519,  400,  554,  504,  507,  169,  495,  127,  643,  498,  344,  190,  133,  473,  475,  353,  321,  248,  300,  466,  560,  600,  272,  209,  602,  748,  423,  661,  330,   94,  159,  422,  728,  375,  532,  208,  360,  559,  619,  622,   83,  520,  220,  239,  441,  247,  483,  247,  306,  471,  650,  379,  390,  651,  698,  275,  360,  434,  305,  600,  536,  362,  193,  525,  270,  232,  636,  667,  699,  220,  321,  736,  165,  401,  447,  429,  319,  472,  254,  602,  327,  664,  529,  416,  410,  372,  450,  502,  474,  282,   90,  316,  549,  564,  324,   67,  351,  565,  270,  406,  531,  329,  536,  202,  377,  103,  293,  783,  654,  206,  641,  229,  495,  376,  417,  284,  498,  473,  203,  429,  265,  627,  403,  511,  518,  690,  554,  707,  460,  555,  413,  517,  340,  492,  616,  561,   87,  341,  537,  355,  276,  327,  340],
        [  972,    0,  384,  245,  552,  932,  183,  674,  407,    0,  923,  880,  541,  931,  856, 1089,  295,   64,  652,  870,  726,  320,  296,  791,  516,  630,  594,  342,  800,  507,   57,  377,  743,  966,  944,   66,  205,   37,  154,  510,  792,  823,  503,  225,  575,  612,  529,  689,  481,  173,  568,  490,  865,  872,   71,  268,  626,  360,   81,  600,  382,  314,  613,  404,  851,  638,  834,  643,  493,  475,  814,  769,  776,  938,  572,  493,  696,  299,  837,  422,  610,  203,  192,   74,  526,  574,  530,  109,  686,  934,  773,  645, 1047,  902,  585,  478,   86,  308,  668,  567,  430,  316,  841,  426,  421,  735,  938,  928,  625,  119,  821,  265,  765,  849,  625,  713,  848,  615, 1003,   82, 1025,  927,  760,  529,  492,  821,  422,  192,  359,  376,  402,  735,  284,  123,  369,   79,  205,  647,  486,  386,  558,  427,  313,  783,  428,  686,  916, 1012,  392,  936,  434,  690,  434,  823,  379,  900,  511,  365,  822,  530,  801,  434,  888,  695, 1086,  891,  919,  440,  774,  561,  280,  720,  887,  338,  955,  435,  131,  150,  715,  144,  718,  627],
        [  451,    0,  542,  808,  389,  618,  797,  855,  669,  923,    0,   56,  469,  124,  469,  559,  987,  968,  485,  709,  603,  796,  974,  373,  741,  510,  392,  831,  570,  468,  939,  565,  223,  183,  496,  932,  899,  900,  975,  526,  457,  116,  517,  843,  632,  355,  663,  423,  541,  759,  505,  538,  454,  488,  911,  972,  751,  566,  931,  444,  793,  935,  567,  768,  330,  286,  185,  891,  674,  794,  762,  437,  691,  658,  762,  436,  290,  926,  114,  741,  383,  830,  850,  904,  871,  399,  429,  824,  239,   79,  472,  986,  532,  118,  862, 1023,  886,  620,  391,  464,  507,  856,  194,  499,  511,  334,   45,   64,  578,  805,  360,  696,  357,  522, 1055,  487,  381,  439,  557,  873,  338,  502,  308,  411, 1033,  364,  620,  837,  950,  759,  525,  213,  856,  801,  734,  845,  952,  759,  462,  695,  959,  653,  865,  580,  575,  487,  284,  318,  874,  108,  890,  242,  508,  589,  545,  542,  478,  570,  467,  417,  192,  522,  384,  250,  543,  238,  104,  557,  156, 1062,  799,  425,  474,  872,  481,  739,  937,  972,  372,  792,  731,  925],
        [  414,    0,  501,  757,  356,  573,  749,  801,  615,  880,   56,    0,  447,  163,  422,  529,  956,  923,  430,  660,  549,  744,  943,  382,  686,  455,  338,  803,  519,  440,  897,  517,  168,  164,  456,  886,  864,  857,  927,  504,  407,   62,  494,  809,  577,  330,  608,  419,  516,  718,  450,  484,  408,  442,  864,  920,  696,  525,  890,  428,  768,  883,  512,  744,  348,  244,  196,  836,  619,  739,  711,  443,  639,  613,  707,  397,  275,  895,  112,  687,  362,  780,  800,  863,  815,  374,  378,  779,  200,   69,  420,  931,  499,  148,  807,  968,  846,  579,  381,  445,  470,  804,  145,  454,  464,  332,   59,  108,  523,  761,  373,  647,  304,  474, 1000,  433,  335,  384,  519,  827,  315,  460,  255,  377,  978,  315,  593,  801,  896,  705,  485,  192,  825,  757,  680,  801,  916,  704,  429,  669,  904,  628,  812,  529,  522,  432,  312,  294,  820,   90,  836,  211,  473,  539,  502,  497,  451,  523,  418,  367,  193,  489,  341,  225,  514,  198,  140,  529,  129, 1007,  767,  371,  429,  844,  441,  684,  889,  934,  318,  746,  677,  870],
        [  745,    0,  212,  542,  124,  821,  491,  825,  507,  541,  469,  447,    0,  430,  679,  878,  528,  600,  535,  841,  680,  576,  515,  251,  648,  538,  380,  365,  707,   52,  536,  323,  397,  591,  754,  575,  455,  509,  647,   58,  625,  412,   50,  398,  598,  117,  591,  152,   74,  371,  477,  434,  676,  702,  558,  697,  722,  225,  521,   61,  325,  691,  572,  299,  310,  245,  323,  832,  575,  665,  842,  238,  773,  849,  699,  159,  184,  464,  359,  587,   88,  541,  555,  498,  753,   76,  333,  471,  263,  514,  621,  896,  838,  404,  780,  835,  478,  256,  128,   30,  148,  628,  492,  239,  277,  197,  501,  447,  590,  438,  281,  416,  532,  708,  931,  586,  617,  458,  827,  522,  714,  747,  491,  121,  849,  585,  155,  402,  724,  575,  196,  257,  397,  431,  546,  470,  508,  741,  102,  229,  833,  184,  633,  702,  414,  564,  379,  694,  682,  530,  718,  240,  136,  734,  230,  754,   36,  309,  654,  310,  296,  118,  649,  223,  867,  564,  425,  105,  318,  903,  344,  544,  703,  406,  752,  594,  607,  543,  498,  449,  765,  846],
        [  573,    0,  549,  847,  381,  736,  825,  946,  727,  931,  124,  163,  430,    0,  585,  682,  958,  982,  576,  821,  704,  846,  944,  276,  817,  598,  459,  793,  679,  442,  940,  597,  307,  306,  617,  948,  880,  905, 1002,  484,  567,  205,  479,  823,  715,  327,  740,  348,  504,  762,  581,  600,  571,  605,  928, 1013,  839,  573,  928,  391,  751,  983,  654,  723,  222,  311,  108,  977,  745,  864,  868,  342,  796,  775,  844,  440,  247,  894,  105,  804,  344,  864,  883,  903,  945,  370,  481,  839,  260,  202,  579, 1068,  655,   30,  943, 1086,  884,  624,  327,  418,  502,  906,  307,  519,  539,  259,  167,   61,  667,  816,  257,  727,  462,  636, 1132,  587,  497,  520,  679,  890,  461,  622,  410,  404, 1097,  477,  584,  822, 1002,  815,  531,  197,  827,  810,  789,  854,  933,  849,  450,  658, 1034,  612,  914,  687,  627,  582,  164,  441,  932,  231,  954,  246,  501,  700,  556,  660,  447,  597,  579,  464,  135,  508,  504,  237,  667,  359,   24,  529,  172, 1132,  772,  524,  592,  835,  602,  803,  962,  961,  469,  809,  829, 1009],
        [  125,    0,  584,  642,  556,  155,  679,  460,  462,  856,  469,  422,  679,  585,    0,  233, 1049,  873,  205,  244,  194,  589, 1041,  747,  432,  227,  313,  944,  123,  642,  897,  507,  314,  327,   88,  831,  937,  850,  830,  725,   66,  386,  709,  895,  319,  587,  370,  737,  720,  748,  289,  369,   18,   24,  810,  769,  379,  600,  903,  698,  929,  709,  257,  917,  737,  445,  590,  510,  401,  498,  312,  796,  251,  193,  418,  539,  590, 1005,  510,  490,  628,  681,  700,  876,  542,  611,  379,  749,  453,  402,   84,  611,  191,  567,  506,  723,  864,  642,  689,  695,  601,  636,  278,  517,  493,  675,  437,  529,  252,  753,  750,  593,  149,   56,  697,  144,   88,  255,  155,  780,  249,   74,  199,  561,  728,  110,  772,  871,  701,  530,  579,  519,  938,  753,  520,  790,  980,  376,  600,  834,  618,  813,  645,  141,  431,  171,  722,  251,  612,  376,  606,  489,  612,  131,  570,   80,  661,  527,   34,  394,  571,  642,   95,  521,  230,  236,  561,  706,  472,  730,  881,  147,   31,  978,  100,  480,  802,  967,  182,  715,  315,  553],
        [  133,    0,  807,  871,  756,  212,  910,  625,  692, 1089,  559,  529,  878,  682,  233,    0, 1279, 1105,  437,  343,  394,  814, 1270,  899,  643,  459,  534, 1167,  310,  846, 1130,  738,  485,  379,  146, 1063, 1167, 1083, 1058,  928,  298,  517,  913, 1124,  538,  774,  590,  911,  927,  980,  522,  601,  226,  217, 1042,  990,  569,  825, 1135,  886, 1149,  928,  484, 1135,  874,  634,  721,  680,  623,  709,  436,  955,  406,  239,  617,  750,  758, 1232,  636,  712,  815,  911,  930, 1108,  737,  805,  602,  982,  628,  481,  316,  778,   43,  674,  691,  920, 1096,  869,  865,  890,  818,  858,  407,  741,  720,  836,  517,  622,  475,  986,  895,  826,  354,  246,  868,  376,  265,  485,   97, 1012,  227,  163,  388,  765,  922,  297,  986, 1101,  915,  754,  801,  678, 1164,  986,  747, 1022, 1211,  560,  809, 1052,  803, 1026,  867,  331,  664,  404,  840,  245,  826,  452,  814,  661,  828,  297,  795,  199,  865,  757,  267,  616,  711,  857,  230,  690,   17,  337,  662,  918,  620,  914, 1107,  376,  203, 1203,  136,  701, 1032, 1200,  399,  948,  483,  725],
        [ 1152,    0,  480,  519,  600, 1152,  444,  951,  648,  295,  987,  956,  528,  958, 1049, 1279,    0,  341,  852, 1112,  955,  595,   15,  745,  779,  836,  749,  172, 1019,  520,  239,  543,  858, 1078, 1136,  359,  116,  270,  443,  475,  985,  910,  479,  155,  813,  635,  774,  641,  454,  308,  767,  689, 1054, 1069,  365,  561,  888,  460,  215,  572,  222,  608,  835,  253,  814,  719,  851,  925,  741,  749, 1069,  702, 1021, 1165,  839,  567,  711,   66,  882,  685,  615,  482,  475,  227,  811,  591,  680,  356,  757, 1020,  971,  936, 1237,  932,  866,  772,  226,  412,  642,  542,  492,  603,  961,  545,  561,  715, 1013,  972,  850,  330,  777,  484,  931, 1054,  919,  915, 1020,  795, 1203,  363, 1171, 1123,  911,  580,  786,  989,  374,  180,  653,  643,  491,  777,  132,  326,  628,  310,   91,  910,  527,  302,  849,  350,  600, 1005,  630,  887,  891, 1154,  680, 1030,  723,  746,  486, 1045,  489, 1107,  512,  523, 1017,  670,  823,  467, 1059,  738, 1273, 1024,  952,  431,  832,  855,  189,  904, 1079,  133, 1143,  698,  425,  151,  883,  378,  973,  913],
        [  992,    0,  433,  241,  604,  939,  196,  657,  416,   64,  968,  923,  600,  982,  873, 1105,  341,    0,  670,  870,  732,  312,  344,  850,  509,  647,  626,  404,  809,  564,  106,  412,  781, 1002,  960,   43,  262,  100,  103,  570,  810,  866,  563,  287,  580,  667,  531,  749,  542,  230,  588,  511,  883,  888,   64,  224,  618,  410,  133,  660,  445,  278,  624,  468,  909,  684,  887,  621,  496,  462,  808,  830,  775,  943,  563,  542,  750,  354,  885,  418,  667,  199,  182,  134,  504,  630,  564,  145,  733,  976,  790,  614, 1063,  953,  565,  436,  149,  360,  727,  627,  484,  296,  877,  470,  461,  792,  981,  976,  635,  167,  880,  291,  791,  862,  586,  730,  871,  639, 1016,   98, 1053,  942,  790,  581,  450,  846,  484,  255,  322,  372,  452,  785,  344,  173,  369,  131,  254,  638,  540,  450,  526,  490,  291,  791,  450,  702,  972, 1041,  368,  976,  408,  738,  488,  831,  427,  913,  569,  403,  839,  567,  853,  491,  912,  746, 1103,  924,  969,  500,  822,  519,  343,  741,  904,  396,  973,  431,   94,  191,  741,  178,  713,  601],
        [  323,    0,  401,  443,  416,  305,  475,  372,  263,  652,  485,  430,  535,  576,  205,  437,  852,  670,    0,  307,  148,  395,  844,  662,  271,   30,  158,  756,  178,  490,  693,  310,  269,  412,  292,  628,  738,  646,  631,  572,  140,  375,  555,  699,  154,  465,  196,  626,  561,  547,   86,  165,  213,  221,  607,  579,  266,  413,  699,  567,  747,  524,   85,  738,  671,  336,  544,  406,  219,  333,  317,  698,  244,  326,  281,  380,  495,  810,  479,  304,  504,  480,  500,  672,  397,  478,  205,  545,  365,  443,  122,  503,  395,  551,  381,  567,  661,  450,  577,  557,  430,  448,  306,  336,  306,  583,  469,  532,   93,  549,  673,  389,  151,  203,  576,   64,  210,   78,  354,  576,  405,  276,  184,  415,  574,  191,  601,  673,  523,  339,  400,  445,  744,  550,  325,  586,  779,  275,  443,  656,  484,  642,  457,  170,  227,   36,  679,  397,  436,  426,  439,  400,  443,  205,  384,  256,  510,  331,  171,  227,  516,  474,  248,  432,  434,  312,  553,  539,  422,  592,  689,   81,  235,  788,  303,  297,  602,  765,  116,  511,  258,  442],
        [  322,    0,  696,  629,  722,  134,  688,  290,  468,  870,  709,  660,  841,  821,  244,  343, 1112,  870,  307,    0,  165,  559, 1106,  955,  364,  306,  463, 1039,  145,  796,  920,  590,  531,  570,  258,  829,  997,  874,  802,  877,  255,  618,  860,  967,  300,  768,  343,  927,  866,  806,  373,  439,  260,  229,  811,  711,  263,  704,  932,  872, 1036,  644,  285, 1031,  955,  634,  815,  347,  378,  421,   95,  996,   95,  106,  318,  685,  790, 1079,  738,  453,  807,  672,  688,  908,  424,  783,  510,  773,  654,  645,  245,  440,  319,  801,  369,  601,  901,  733,  878,  863,  731,  588,  516,  634,  600,  877,  678,  767,  268,  788,  962,  629,  363,  189,  531,  259,  330,  384,  253,  789,  474,  241,  416,  721,  601,  345,  901,  936,  621,  499,  698,  730, 1019,  791,  502,  818, 1032,  247,  748,  951,  477,  941,  596,  143,  490,  279,  949,  480,  537,  619,  514,  691,  745,  122,  677,  186,  816,  612,  243,  533,  791,  776,  337,  723,  352,  479,  797,  841,  693,  583,  967,  314,  248, 1067,  281,  440,  784, 1003,  370,  743,  165,  392],
        [  315,    0,  531,  493,  562,  208,  544,  270,  319,  726,  603,  549,  680,  704,  194,  394,  955,  732,  148,  165,    0,  429,  949,  808,  250,  143,  305,  876,   84,  634,  773,  427,  401,  495,  261,  691,  840,  727,  675,  714,  160,  499,  697,  807,  153,  613,  203,  773,  702,  648,  208,  275,  211,  196,  671,  599,  185,  540,  783,  713,  872,  535,  122,  866,  815,  483,  682,  318,  238,  315,  171,  845,   97,  213,  227,  523,  641,  919,  612,  323,  651,  535,  552,  758,  350,  624,  348,  624,  510,  549,  139,  419,  357,  681,  312,  532,  750,  569,  724,  702,  567,  468,  412,  469,  435,  729,  579,  655,  106,  636,  818,  475,  247,  154,  503,  118,  254,  225,  298,  646,  441,  241,  295,  560,  536,  254,  736,  777,  521,  367,  533,  589,  858,  638,  365,  669,  877,  182,  585,  786,  425,  776,  477,   63,  328,  127,  818,  440,  432,  527,  421,  545,  581,  100,  513,  195,  654,  449,  170,  371,  656,  612,  280,  577,  396,  395,  681,  677,  559,  537,  805,  180,  218,  905,  280,  311,  652,  853,  236,  593,  131,  360],
        [  712,    0,  365,   76,  515,  636,  152,  357,  136,  320,  796,  744,  576,  846,  589,  814,  595,  312,  395,  559,  429,    0,  593,  804,  198,  368,  409,  576,  510,  526,  375,  263,  580,  781,  672,  272,  485,  332,  247,  575,  529,  683,  561,  473,  278,  587,  227,  721,  550,  317,  325,  265,  601,  600,  255,  185,  307,  352,  392,  633,  595,  140,  332,  604,  845,  537,  772,  332,  192,  156,  497,  808,  464,  637,  253,  446,  659,  579,  742,  108,  606,  118,  131,  372,  220,  567,  368,  239,  587,  781,  507,  356,  775,  817,  273,  260,  370,  336,  683,  605,  428,   61,  659,  353,  321,  729,  796,  822,  340,  268,  828,  166,  536,  569,  367,  447,  605,  389,  722,  240,  798,  653,  551,  497,  274,  584,  534,  437,  158,   62,  381,  660,  535,  274,   71,  285,  506,  328,  481,  545,  277,  562,   69,  490,  222,  423,  888,  789,  109,  773,  150,  607,  440,  529,  346,  617,  540,  272,  556,  383,  738,  461,  643,  627,  814,  689,  827,  508,  674,  330,  499,  474,  619,  591,  688,  120,  226,  464,  490,  221,  402,  324],
        [ 1143,    0,  470,  517,  588, 1144,  442,  948,  643,  296,  974,  943,  515,  944, 1041, 1270,   15,  344,  844, 1106,  949,  593,    0,  731,  776,  829,  740,  158, 1012,  507,  241,  535,  847, 1067, 1128,  361,  110,  271,  446,  462,  976,  898,  466,  146,  808,  622,  769,  627,  441,  301,  759,  682, 1045, 1060,  366,  563,  884,  450,  216,  558,  208,  609,  828,  239,  800,  707,  838,  923,  736,  747, 1065,  688, 1015, 1159,  835,  555,  698,   52,  869,  681,  601,  480,  475,  228,  809,  578,  670,  354,  745, 1008,  962,  935, 1228,  918,  864,  774,  225,  402,  628,  529,  480,  602,  950,  535,  551,  701, 1001,  959,  843,  327,  763,  479,  921, 1047,  920,  907, 1011,  787, 1195,  362, 1160, 1114,  901,  568,  788,  980,  360,  172,  654,  640,  480,  764,  119,  323,  624,  308,   92,  906,  515,  288,  849,  336,  600,  998,  623,  879,  878, 1143,  679, 1018,  723,  734,  475, 1038,  479, 1099,  500,  515, 1008,  660,  810,  455, 1050,  726, 1264, 1013,  938,  418,  819,  857,  177,  895, 1071,  119, 1134,  694,  427,  155,  874,  375,  969,  912],
        [  775,    0,  447,  780,  290,  901,  735, 1003,  715,  791,  373,  382,  251,  276,  747,  899,  745,  850,  662,  955,  808,  804,  731,    0,  840,  675,  510,  574,  811,  291,  784,  542,  434,  545,  804,  825,  689,  759,  896,  285,  709,  383,  289,  632,  766,  220,  772,  106,  313,  621,  630,  613,  738,  770,  808,  939,  895,  465,  767,  191,  525,  928,  722,  495,   71,  326,  188, 1020,  765,  870,  979,   66,  905,  936,  883,  358,  168,  680,  270,  797,  199,  783,  799,  745,  958,  238,  492,  720,  301,  444,  713, 1097,  865,  264,  974, 1062,  726,  503,  125,  224,  384,  859,  493,  452,  486,   81,  416,  323,  739,  688,   32,  652,  601,  790, 1143,  697,  668,  588,  873,  771,  695,  803,  550,  308, 1076,  639,  384,  642,  957,  793,  429,  229,  620,  681,  764,  720,  740,  911,  328,  448, 1043,  399,  866,  813,  613,  682,  152,  674,  906,  470,  938,  265,  375,  837,  463,  826,  283,  532,  731,  468,  190,  365,  688,  232,  885,  562,  285,  352,  280, 1124,  574,  641,  764,  614,  794,  801,  856,  782,  586,  697,  916, 1042],
        [  557,    0,  450,  271,  555,  451,  339,  185,  149,  516,  741,  686,  648,  817,  432,  643,  779,  509,  271,  364,  250,  198,  776,  840,    0,  242,  358,  737,  333,  596,  569,  330,  519,  682,  507,  470,  666,  525,  439,  664,  381,  627,  648,  646,  119,  622,   79,  776,  643,  483,  238,  228,  447,  439,  452,  352,  111,  447,  584,  697,  747,  287,  189,  750,  867,  530,  764,  185,   76,   66,  300,  860,  270,  447,   61,  494,  678,  756,  714,   95,  652,  314,  328,  562,  130,  616,  352,  427,  573,  708,  358,  258,  606,  789,  135,  297,  558,  454,  731,  676,  506,  225,  573,  409,  371,  760,  730,  780,  187,  449,  859,  306,  422,  401,  316,  304,  469,  302,  548,  435,  666,  488,  452,  543,  304,  456,  650,  611,  272,  140,  461,  655,  704,  453,  152,  473,  693,  132,  546,  679,  218,  684,  233,  313,  234,  287,  893,  661,  183,  693,  174,  602,  520,  349,  429,  445,  614,  349,  402,  375,  732,  548,  504,  629,  646,  583,  795,  607,  649,  323,  661,  349,  460,  758,  526,   82,  422,  657,  385,  401,  204,  202],
        [  347,    0,  394,  417,  421,  317,  452,  348,  237,  630,  510,  455,  538,  598,  227,  459,  836,  647,   30,  306,  143,  368,  829,  675,  242,    0,  167,  746,  186,  492,  672,  297,  292,  441,  314,  605,  722,  626,  606,  572,  164,  399,  555,  685,  125,  474,  167,  634,  561,  531,   71,  148,  237,  242,  584,  551,  242,  404,  679,  572,  738,  496,   58,  731,  687,  349,  563,  381,  190,  304,  308,  709,  236,  334,  254,  381,  507,  796,  500,  276,  511,  455,  475,  653,  369,  483,  206,  524,  381,  470,  144,  476,  417,  573,  354,  538,  642,  438,  586,  560,  426,  419,  333,  330,  298,  595,  495,  555,   69,  530,  687,  368,  180,  220,  549,   83,  238,   87,  373,  554,  433,  297,  212,  418,  545,  220,  597,  657,  494,  311,  394,  462,  732,  530,  298,  565,  763,  252,  443,  649,  456,  637,  428,  175,  209,   56,  697,  426,  407,  454,  410,  415,  440,  213,  376,  273,  512,  318,  193,  229,  534,  471,  276,  446,  457,  341,  575,  536,  441,  564,  677,  110,  258,  777,  326,  268,  577,  746,  144,  490,  242,  416],
        [  404,    0,  274,  431,  260,  444,  437,  501,  278,  594,  392,  338,  380,  459,  313,  534,  749,  626,  158,  463,  305,  409,  740,  510,  358,  167,    0,  634,  327,  338,  625,  220,  173,  380,  396,  585,  640,  580,  611,  420,  252,  277,  404,  594,  263,  308,  282,  469,  412,  459,  125,  146,  314,  335,  564,  589,  392,  292,  626,  410,  617,  548,  213,  605,  524,  184,  409,  525,  286,  406,  473,  542,  401,  471,  389,  230,  342,  700,  356,  349,  346,  459,  479,  598,  486,  321,   70,  487,  220,  373,  245,  613,  492,  432,  487,  632,  583,  338,  420,  401,  289,  468,  255,  207,  189,  429,  389,  426,  230,  480,  523,  337,  182,  333,  674,  207,  272,   81,  467,  528,  433,  385,  167,  260,  642,  241,  460,  573,  559,  367,  268,  303,  631,  478,  343,  520,  686,  406,  292,  522,  575,  501,  477,  323,  190,  185,  541,  418,  482,  366,  499,  253,  300,  355,  262,  382,  357,  235,  283,   82,  378,  331,  311,  283,  527,  298,  438,  395,  292,  674,  573,  169,  341,  669,  400,  347,  575,  684,  136,  452,  407,  553],
        [ 1036,    0,  361,  508,  450, 1061,  430,  919,  593,  342,  831,  803,  365,  793,  944, 1167,  172,  404,  756, 1039,  876,  576,  158,  574,  737,  746,  634,    0,  931,  364,  302,  450,  721,  935, 1029,  404,  151,  308,  494,  310,  881,  761,  316,  118,  747,  476,  715,  470,  291,  260,  675,  602,  946,  965,  400,  597,  841,  345,  275,  405,   52,  628,  755,   83,  643,  574,  686,  903,  685,  721, 1009,  531,  952, 1079,  797,  428,  549,  107,  722,  648,  452,  479,  480,  270,  795,  432,  566,  352,  607,  869,  869,  931, 1125,  768,  844,  796,  257,  308,  473,  376,  355,  601,  823,  427,  452,  546,  860,  812,  771,  315,  606,  432,  814,  956,  931,  818,  904,  691, 1098,  382, 1039, 1017,  787,  432,  810,  872,  211,  154,  672,  612,  366,  619,   63,  309,  591,  316,  188,  863,  380,  136,  849,  182,  601,  919,  550,  791,  721, 1021,  676,  881,  720,  593,  346,  958,  374, 1008,  353,  429,  913,  552,  660,  322,  941,  581, 1159,  890,  789,  275,  677,  877,   78,  798,  973,   42, 1033,  659,  465,  250,  769,  360,  916,  899],
        [  236,    0,  577,  571,  586,  133,  618,  339,  394,  800,  570,  519,  707,  679,  123,  310, 1019,  809,  178,  145,   84,  510, 1012,  811,  333,  186,  327,  931,    0,  664,  846,  482,  387,  443,  179,  767,  904,  799,  755,  746,  113,  475,  730,  869,  232,  629,  284,  787,  737,  712,  256,  331,  141,  118,  747,  681,  265,  589,  854,  735,  923,  618,  188,  915,  810,  492,  671,  390,  318,  399,  195,  853,  130,  149,  309,  555,  647,  980,  595,  405,  669,  612,  630,  829,  432,  646,  381,  696,  511,  509,  101,  491,  273,  659,  391,  614,  819,  623,  737,  727,  606,  551,  377,  513,  482,  734,  542,  627,  175,  706,  818,  544,  219,   74,  578,  121,  199,  251,  215,  721,  371,  159,  272,  586,  618,  208,  778,  840,  605,  448,  577,  586,  916,  707,  444,  740,  943,  259,  618,  833,  504,  819,  559,   22,  390,  145,  805,  373,  516,  485,  504,  547,  619,   28,  561,  112,  684,  503,  109,  402,  647,  651,  216,  580,  313,  347,  656,  716,  548,  616,  862,  171,  141,  962,  200,  393,  731,  923,  226,  664,  194,  434],
        [  713,    0,  162,  494,   93,  781,  445,  774,  456,  507,  468,  440,   52,  442,  642,  846,  520,  564,  490,  796,  634,  526,  507,  291,  596,  492,  338,  364,  664,    0,  507,  272,  372,  576,  719,  537,  438,  477,  606,   84,  586,  400,   68,  381,  548,  116,  540,  198,   82,  335,  429,  384,  640,  665,  519,  651,  672,  177,  493,  108,  329,  643,  524,  307,  346,  220,  338,  780,  524,  614,  795,  285,  726,  808,  648,  112,  196,  458,  362,  536,  104,  495,  510,  469,  702,   73,  287,  431,  246,  506,  581,  845,  806,  415,  728,  786,  449,  213,  166,   81,   98,  578,  471,  187,  226,  228,  496,  453,  542,  399,  319,  367,  497,  668,  880,  543,  584,  414,  791,  482,  692,  711,  459,   82,  799,  551,  155,  381,  675,  524,  145,  257,  389,  393,  495,  433,  491,  691,   51,  229,  781,  191,  584,  658,  363,  520,  409,  672,  632,  519,  668,  229,   87,  691,  180,  716,   21,  258,  615,  264,  308,   75,  617,  219,  836,  541,  434,   90,  314,  853,  333,  504,  667,  405,  718,  542,  565,  521,  460,  407,  716,  795],
        [ 1011,    0,  397,  299,  560,  978,  232,  730,  455,   57,  939,  897,  536,  940,  897, 1130,  239,  106,  693,  920,  773,  375,  241,  784,  569,  672,  625,  302,  846,  507,    0,  406,  767,  992,  985,  121,  157,   47,  206,  500,  832,  843,  495,  186,  623,  616,  578,  680,  472,  180,  608,  529,  905,  914,  128,  323,  679,  373,   27,  594,  345,  370,  658,  370,  846,  654,  840,  699,  543,  530,  866,  758,  826,  986,  626,  504,  700,  248,  848,  474,  610,  257,  247,   39,  583,  576,  559,  150,  701,  954,  814,  702, 1088,  911,  641,  534,   59,  319,  663,  561,  438,  372,  867,  446,  445,  732,  956,  940,  671,  146,  815,  305,  800,  892,  681,  755,  885,  651, 1045,  135, 1057,  968,  792,  537,  548,  857,  406,  158,  415,  429,  414,  744,  241,  148,  420,  108,  150,  700,  491,  362,  614,  406,  369,  829,  467,  727,  914, 1043,  448,  957,  491,  701,  440,  869,  396,  944,  508,  392,  863,  557,  808,  436,  925,  704, 1126,  920,  928,  433,  787,  617,  246,  758,  928,  292,  995,  487,  187,   93,  750,  183,  770,  683],
        [  613,    0,  121,  252,  253,  613,  233,  512,  185,  377,  565,  517,  323,  597,  507,  738,  543,  412,  310,  590,  427,  263,  535,  542,  330,  297,  220,  450,  482,  272,  406,    0,  370,  591,  595,  373,  430,  361,  411,  335,  442,  458,  319,  390,  305,  324,  284,  463,  314,  243,  227,  153,  512,  526,  351,  417,  417,  121,  407,  377,  446,  394,  305,  442,  582,  287,  515,  513,  262,  343,  567,  549,  506,  630,  385,  184,  397,  500,  494,  265,  344,  268,  287,  379,  430,  305,  154,  270,  338,  566,  428,  574,  696,  567,  459,  521,  365,  143,  422,  353,  178,  321,  466,   90,   59,  466,  574,  581,  322,  261,  565,  131,  396,  513,  609,  373,  484,  254,  661,  314,  652,  580,  386,  235,  534,  454,  325,  364,  419,  253,  131,  405,  435,  259,  224,  301,  474,  437,  224,  364,  510,  362,  328,  470,  105,  345,  626,  637,  365,  565,  398,  352,  191,  509,  100,  565,  289,   22,  474,  155,  481,  219,  524,  369,  733,  515,  580,  277,  428,  584,  381,  363,  537,  480,  602,  271,  373,  466,  347,  236,  478,  525],
        [  354,    0,  382,  599,  280,  468,  598,  640,  450,  743,  223,  168,  397,  307,  314,  485,  858,  781,  269,  531,  401,  580,  847,  434,  519,  292,  173,  721,  387,  372,  767,  370,    0,  225,  374,  742,  757,  725,  775,  451,  278,  109,  437,  705,  411,  290,  441,  429,  454,  592,  282,  318,  306,  337,  720,  760,  533,  404,  764,  402,  693,  720,  349,  675,  426,  153,  285,  672,  451,  571,  568,  483,  495,  504,  541,  293,  278,  802,  212,  519,  330,  626,  646,  736,  648,  323,  221,  638,  144,  202,  286,  766,  447,  282,  641,  801,  720,  457,  382,  407,  368,  640,  104,  324,  323,  362,  217,  264,  361,  626,  437,  497,  170,  358,  833,  284,  236,  217,  445,  683,  320,  371,  117,  294,  811,  207,  521,  691,  731,  539,  369,  205,  732,  622,  516,  666,  807,  543,  343,  593,  737,  560,  649,  392,  360,  277,  420,  302,  653,  197,  668,  178,  375,  410,  377,  393,  389,  379,  299,  215,  261,  399,  261,  209,  473,  170,  284,  453,  162,  839,  672,  222,  332,  760,  367,  517,  738,  815,  165,  604,  524,  705],
