{
    "name": "random-73-7346",
    "comment": "size=73 seed=7346",
    "nodes": ["+0", "-0", "+1", "-1", "+2", "-2", "+3", "-3", "+4", "-4", "+5", "-5", "+6", "-6", "+7", "-7", "+8", "-8", "+9", "-9", "+10", "-10", "+11", "-11", "+12", "-12", "+13", "-13", "+14", "-14", "+15", "-15", "+16", "-16", "+17", "-17", "+18", "-18", "+19", "-19", "+20", "-20", "+21", "-21", "+22", "-22", "+23", "-23", "+24", "-24", "+25", "-25", "+26", "-26", "+27", "-27", "+28", "-28", "+29", "-29", "+30", "-30", "+31", "-31", "+32", "-32", "+33", "-33", "+34", "-34", "+35", "-35", "+36", "-36", "+37", "-37", "+38", "-38", "+39", "-39", "+40", "-40", "+41", "-41", "+42", "-42", "+43", "-43", "+44", "-44", "+45", "-45", "+46", "-46", "+47", "-47", "+48", "-48", "+49", "-49", "+50", "-50", "+51", "-51", "+52", "-52", "+53", "-53", "+54", "-54", "+55", "-55", "+56", "-56", "+57", "-57", "+58", "-58", "+59", "-59", "+60", "-60", "+61", "-61", "+62", "-62", "+63", "-63", "+64", "-64", "+65", "-65", "+66", "-66", "+67", "-67", "+68", "-68", "+69", "-69", "+70", "-70", "+71", "-71", "+72", "-72", "+73", "-73"],
    "precedence": {
        "+0": "-0",
        "+1": "-1",
        "+2": "-2",
        "+3": "-3",
        "+4": "-4",
        "+5": "-5",
        "+6": "-6",
        "+7": "-7",
        "+8": "-8",
        "+9": "-9",
        "+10": "-10",
        "+11": "-11",
        "+12": "-12",
        "+13": "-13",
        "+14": "-14",
        "+15": "-15",
        "+16": "-16",
        "+17": "-17",
        "+18": "-18",
        "+19": "-19",
        "+20": "-20",
        "+21": "-21",
        "+22": "-22",
        "+23": "-23",
        "+24": "-24",
        "+25": "-25",
        "+26": "-26",
        "+27": "-27",
        "+28": "-28",
        "+29": "-29",
        "+30": "-30",
        "+31": "-31",
        "+32": "-32",
        "+33": "-33",
        "+34": "-34",
        "+35": "-35",
        "+36": "-36",
        "+37": "-37",
        "+38": "-38",
        "+39": "-39",
        "+40": "-40",
        "+41": "-41",
        "+42": "-42",
        "+43": "-43",
        "+44": "-44",
        "+45": "-45",
        "+46": "-46",
        "+47": "-47",
        "+48": "-48",
        "+49": "-49",
        "+50": "-50",
        "+51": "-51",
        "+52": "-52",
        "+53": "-53",
        "+54": "-54",
        "+55": "-55",
        "+56": "-56",
        "+57": "-57",
        "+58": "-58",
        "+59": "-59",
        "+60": "-60",
        "+61": "-61",
        "+62": "-62",
        "+63": "-63",
        "+64": "-64",
        "+65": "-65",
        "+66": "-66",
        "+67": "-67",
        "+68": "-68",
        "+69": "-69",
        "+70": "-70",
        "+71": "-71",
        "+72": "-72",
        "+73": "-73"
    },
    "edges": [
        [    0,    0,  604,  726,  622,  760,  999,  774,  259,  473,  225,  597,  889,  583,  884,  175,  178,  711,  677,   50,  704,  774,  769,  535,  737,  692,  198,  485,  350,  157,  573,  386,  680,  132,  687,  237,  700,  825,  533,  565,  209,  479,  598,  437,  551,  835,  992,  732,  346,  878,  628,  746,  718,  876,  382,  207,  327,  802,  289,  576,  788,  798,  319,  726,  647,  506,  428,  619,  512,  440,  750,  648,  642,  789,  660,  131,  188,  864,  564, 1061,  217,  425,  623,  162,  628,  446,  715,  111,   62,  157,  612,  499,  715,  892,  277,  622,  273,  126,  405,  180, 1010,  852,  521,  257,  707,  431,  601,  934,  781,  566,  345,  317,  385,  310,  801,  773,  543,  738,  614,  309,  870,  488, 1041,  526,  788,  746,  748,  759,  738,  708,  731,  146,  373,  741,  615,  510,  689,  959,  205,  467,  715,  163,  744,  588,  257,  274,  800,  281],
        [    0,    0,    0,    0,    0,    0,    0,    0,    0,    0,    0,    0,    0,    0,    0,    0,    0,    0,    0,    0,    0,    0,    0,    0,    0,    0,    0,    0,    0,    0,    0,    0,    0,    0,    0,    0,    0,    0,    0,    0,    0,    0,    0,    0,    0,    0,    0,    0,    0,    0,    0,    0,    0,    0,    0,    0,    0,    0,    0,    0,    0,    0,    0,    0,    0,    0,    0,    0,    0,    0,    0,    0,    0,    0,    0,    0,    0,    0,    0,    0,    0,    0,    0,    0,    0,    0,    0,    0,    0,    0,    0,    0,    0,    0,    0,    0,    0,    0,    0,    0,    0,    0,    0,    0,    0,    0,    0,    0,    0,    0,    0,    0,    0,    0,    0,    0,    0,    0,    0,    0,    0,    0,    0,    0,    0,    0,    0,    0,    0,    0,    0,    0,    0,    0,    0,    0,    0,    0,    0,    0,    0,    0,    0,    0,    0,    0,    0,    0],
        [  604,    0,    0,  126, 1049,  575,  882,  828,  819,  906,  383,  324,  617,  469,  694,  494,  599, 1071,  103,  581, 1058,  634,  271,  400,  190,  678,  470,  788,  260,  567,  436,  581,  282,  479,  409,  622,   99,  745,  987,  746,  551,  580,  248,  331,  923,  672,  738,  922,  312,  719,  580,  793, 1069,  757,  817,  723,  692,  967,  325,  110,  696,  306,  302,  924, 1049,  875,  180,  786,  278,  775,  147,  289, 1046,  869,  605,  701,  607,  801,  217,  884,  516,  539,  762,  534,  449,  162,  512,  544,  557,  708,  293,  648,  955,  731,  401,  492,  383,  539,  294,  671,  895,  586,  916,  349,  347,  769,  278,  889,  875,  387,  292,  684,  222,  814,  480,  726,  856, 1013,  565,  452,  894,  140,  891,  528,  848,  390, 1131,  610,  776,  631,  128,  657,  505,  869,   33,  537,  819,  750,  680,  725,  321,  609, 1021,  452,  398,  413,  200,  508],
        [  726,    0,  126,    0, 1169,  635,  936,  915,  945, 1028,  504,  402,  652,  557,  743,  607,  725, 1186,  119,  701, 1173,  699,  270,  495,  179,  763,  595,  903,  385,  679,  525,  698,  329,  599,  469,  746,   58,  813, 1109,  853,  676,  688,  325,  444, 1041,  729,  768, 1023,  436,  774,  667,  881, 1183,  818,  940,  835,  814, 1064,  450,  208,  765,  299,  427, 1026, 1167,  994,  299,  890,  379,  894,   48,  350, 1165,  958,  689,  826,  732,  869,  306,  925,  624,  652,  863,  646,  526,  287,  575,  669,  677,  833,  366,  757, 1061,  784,  508,  574,  492,  655,  413,  783,  949,  625, 1035,  472,  393,  887,  354,  956,  965,  475,  417,  807,  342,  939,  515,  802,  971, 1120,  654,  573,  973,  247,  937,  628,  934,  428, 1247,  675,  863,  709,   40,  771,  621,  964,  112,  639,  917,  791,  805,  839,  360,  720, 1129,  538,  523,  537,  103,  631],
        [  622,    0, 1049, 1169,    0,  796,  838,  552,  397,  154,  775,  835,  933,  702,  852,  790,  494,  137, 1073,  672,  140,  757, 1066,  725, 1088,  610,  612,  281,  816,  778,  723,  476,  948,  718,  856,  448, 1122,  716,   95,  395,  522,  518,  892,  731,  139,  802,  973,  377,  741,  817,  641,  554,  152,  777,  250,  761,  362,  429,  760,  966,  714, 1079,  769,  365,   49,  180,  923,  401,  809,  278, 1171,  909,   44,  526,  649,  498,  483,  714,  887,  937,  838,  532,  435,  783,  761,  902,  799,  584,  678,  469,  872,  456,  306,  827,  873,  718,  860,  746,  757,  765,  842,  909,  135,  761,  928,  284,  874,  727,  508,  759,  767,  371,  885,  316,  935,  663,  229,  265,  641,  599,  622,  991,  897,  602,  550,  940,  137,  761,  562,  677, 1155,  736,  551,  457, 1074,  582,  446,  909,  428,  348,  957,  776,  263,  722,  670,  645, 1202,  544],
        [  760,    0,  575,  635,  796,    0,  309,  327,  811,  712,  661,  257,  144,  178,  134,  786,  616,  743,  518,  777,  730,   67,  397,  241,  470,  195,  565,  529,  549,  842,  195,  418,  307,  710,  168,  582,  579,  182,  784,  401,  564,  324,  328,  360,  660,   99,  233,  493,  474,  148,  163,  299,  734,  184,  670,  961,  566,  504,  560,  467,  138,  387,  534,  501,  769,  631,  602,  402,  336,  557,  607,  289,  770,  373,  148,  761,  612,  237,  365,  328,  840,  356,  367,  817,  148,  543,   64,  650,  757,  744,  283,  360,  557,  161,  766,  138,  739,  794,  418,  922,  322,  115,  678,  600,  246,  557,  299,  322,  387,  223,  500,  567,  602,  740,  163,  188,  568,  625,  169,  451,  355,  637,  325,  246,  343,  221,  810,   46,  283,  123,  601,  892,  395,  409,  606,  267,  384,  206,  663,  470,  281,  877,  633,  177,  525,  496,  602,  484],
        [  999,    0,  882,  936,  838,  309,    0,  288,  983,  808,  941,  565,  302,  459,  194, 1057,  833,  741,  820, 1025,  729,  256,  681,  532,  763,  308,  817,  634,  844, 1105,  485,  618,  608,  975,  473,  784,  880,  174,  861,  494,  791,  521,  636,  651,  723,  210,  229,  464,  761,  163,  377,  294,  727,  132,  801, 1205,  734,  430,  845,  775,  216,  663,  822,  476,  798,  715,  906,  460,  640,  677,  903,  594,  800,  312,  344,  968,  826,  139,  673,  104, 1114,  574,  434, 1083,  449,  848,  372,  889, 1009,  944,  591,  516,  539,  153, 1053,  421, 1027, 1056,  711, 1172,   14,  319,  754,  883,  544,  681,  607,  115,  331,  523,  790,  739,  903,  895,  427,  226,  639,  597,  393,  704,  222,  944,   60,  479,  288,  509,  801,  279,  293,  298,  900, 1140,  628,  381,  913,  492,  399,  168,  858,  598,  577, 1135,  603,  466,  795,  761,  890,  719],
        [  774,    0,  828,  915,  552,  327,  288,    0,  716,  522,  770,  513,  430,  360,  325,  866,  598,  464,  797,  808,  451,  265,  708,  430,  768,  152,  617,  354,  708,  901,  393,  391,  601,  780,  465,  543,  858,  179,  573,  222,  568,  311,  591,  525,  436,  285,  437,  188,  615,  283,  249,   36,  451,  234,  523,  978,  475,  180,  688,  720,  199,  704,  674,  199,  514,  429,  795,  178,  553,  400,  895,  572,  516,   47,  227,  720,  589,  164,  613,  386,  925,  371,  159,  885,  390,  744,  366,  671,  796,  693,  550,  276,  262,  291,  888,  341,  863,  853,  583,  952,  294,  419,  467,  719,  551,  406,  562,  184,   61,  442,  648,  482,  778,  622,  489,  143,  352,  326,  264,  515,   98,  847,  347,  316,   20,  538,  527,  281,   53,  215,  886,  919,  429,   99,  860,  316,  112,  369,  606,  329,  587,  925,  333,  378,  617,  580,  901,  510],
        [  259,    0,  819,  945,  397,  811,  983,  716,    0,  267,  464,  724,  953,  653,  916,  433,  230,  509,  876,  306,  505,  803,  932,  632,  920,  685,  353,  368,  560,  402,  656,  394,  826,  382,  791,  238,  910,  820,  303,  495,  287,  489,  750,  572,  367,  862, 1035,  615,  520,  897,  654,  698,  520,  879,  206,  365,  251,  686,  496,  768,  794,  956,  518,  605,  431,  335,  656,  539,  657,  319,  961,  788,  426,  715,  680,  129,  227,  844,  726, 1064,  470,  457,  557,  415,  709,  658,  783,  277,  320,  113,  750,  472,  574,  911,  534,  686,  528,  381,  565,  373,  993,  919,  330,  477,  834,  312,  743,  896,  702,  669,  533,  248,  612,  100,  898,  763,  399,  576,  645,  415,  810,  721, 1035,  566,  725,  865,  531,  796,  695,  725,  943,  345,  430,  654,  836,  545,  611,  988,  157,  388,  852,  392,  579,  666,  426,  422, 1005,  359],
        [  473,    0,  906, 1028,  154,  712,  808,  522,  267,    0,  621,  714,  854,  594,  788,  638,  341,  245,  936,  522,  240,  684,  943,  605,  957,  543,  460,  185,  667,  629,  610,  347,  826,  565,  748,  296,  982,  664,   83,  324,  370,  407,  764,  596,  106,  735,  911,  381,  595,  758,  551,  514,  255,  726,   96,  623,  215,  447,  609,  827,  653,  959,  620,  370,  175,   94,  773,  349,  677,  158, 1033,  786,  170,  509,  566,  353,  330,  674,  755,  901,  687,  408,  378,  633,  655,  755,  705,  431,  527,  322,  749,  355,  326,  771,  720,  616,  706,  596,  616,  624,  815,  826,   67,  609,  813,  160,  748,  706,  492,  641,  620,  223,  735,  174,  837,  608,  171,  316,  548,  455,  607,  841,  865,  494,  526,  831,  276,  684,  518,  602, 1016,  593,  417,  441,  930,  472,  411,  852,  275,  243,  840,  630,  318,  613,  520,  498, 1066,  399],
        [  225,    0,  383,  504,  775,  661,  941,  770,  464,  621,    0,  446,  771,  488,  794,  133,  281,  836,  464,  198,  826,  693,  576,  421,  531,  653,  173,  568,  144,  202,  467,  395,  505,   96,  549,  329,  481,  771,  694,  598,  259,  459,  424,  303,  673,  751,  885,  783,  189,  798,  567,  737,  840,  811,  526,  352,  424,  846,  104,  370,  726,  608,  134,  780,  788,  624,  205,  651,  353,  536,  530,  479,  785,  796,  600,  337,  292,  819,  383,  985,  181,  400,  642,  170,  515,  231,  605,  196,  174,  352,  450,  507,  786,  813,  119,  528,   97,  163,  250,  302,  954,  733,  653,   62,  545,  527,  436,  900,  793,  442,  169,  414,  162,  487,  660,  728,  637,  826,  550,  256,  860,  264,  973,  469,  787,  590,  885,  674,  724,  645,  511,  282,  342,  766,  392,  461,  710,  867,  353,  525,  544,  243,  833,  485,  153,  190,  582,  275],
        [  597,    0,  324,  402,  835,  257,  565,  513,  724,  714,  446,    0,  333,  158,  384,  578,  499,  824,  285,  601,  811,  312,  232,  111,  266,  361,  403,  556,  315,  643,  127,  368,  113,  515,  106,  488,  346,  422,  795,  474,  441,  320,   79,  161,  698,  356,  453,  630,  261,  404,  266,  479,  819,  437,  643,  781,  517,  666,  343,  215,  373,  246,  312,  634,  823,  656,  351,  503,   94,  561,  384,   74,  822,  556,  287,  639,  500,  478,  109,  580,  626,  306,  473,  614,  126,  291,  193,  496,  577,  631,   40,  387,  676,  416,  537,  172,  510,  598,  199,  735,  578,  297,  702,  385,  112,  557,   49,  566,  564,   80,  278,  513,  357,  680,  215,  404,  616,  739,  253,  311,  573,  381,  580,  243,  532,  149,  889,  289,  461,  309,  374,  709,  305,  566,  356,  260,  521,  450,  568,  488,  130,  682,  747,  137,  341,  325,  395,  365],
        [  889,    0,  617,  652,  933,  144,  302,  430,  953,  854,  771,  333,    0,  308,  118,  899,  753,  872,  541,  902,  859,  177,  388,  357,  474,  324,  692,  671,  646,  960,  317,  560,  336,  829,  228,  722,  598,  256,  925,  539,  700,  467,  387,  470,  798,  146,  122,  610,  582,  163,  306,  409,  862,  220,  813, 1087,  709,  609,  667,  519,  233,  366,  638,  620,  904,  772,  681,  534,  425,  700,  615,  334,  905,  474,  289,  899,  750,  296,  430,  274,  951,  497,  499,  933,  262,  621,  175,  780,  881,  883,  345,  503,  679,  164,  867,  271,  841,  913,  522, 1045,  314,   38,  818,  709,  271,  700,  362,  363,  491,  330,  604,  710,  690,  884,  139,  289,  706,  746,  312,  581,  430,  704,  291,  388,  443,  228,  939,  172,  395,  256,  614, 1016,  532,  522,  647,  409,  506,  142,  804,  613,  298,  997,  754,  302,  646,  620,  597,  619],
        [  583,    0,  469,  557,  702,  178,  459,  360,  653,  594,  488,  158,  308,    0,  308,  610,  446,  679,  441,  599,  665,  206,  377,   76,  422,  210,  387,  423,  386,  665,   33,  265,  260,  533,  155,  418,  501,  296,  673,  324,  392,  188,  234,  193,  564,  264,  410,  473,  303,  311,  111,  325,  672,  327,  536,  784,  419,  509,  388,  360,  247,  384,  364,  478,  685,  526,  455,  349,  197,  437,  540,  225,  684,  402,  138,  592,  443,  349,  254,  497,  665,  199,  318,  640,   61,  399,  134,  473,  579,  577,  197,  247,  521,  326,  596,   41,  570,  617,  253,  744,  472,  272,  573,  428,  228,  435,  206,  436,  408,   83,  332,  418,  447,  592,  249,  265,  477,  586,   97,  274,  427,  500,  487,  101,  379,  238,  745,  186,  308,  171,  530,  714,  225,  409,  501,  123,  364,  382,  500,  356,  260,  699,  594,   22,  348,  319,  552,  311],
        [  884,    0,  694,  743,  852,  134,  194,  325,  916,  788,  794,  384,  118,  308,    0,  917,  734,  781,  628,  904,  767,  114,  487,  374,  569,  246,  692,  604,  683,  972,  328,  526,  416,  841,  286,  694,  687,  147,  854,  466,  684,  428,  451,  493,  722,   54,  123,  511,  607,   46,  263,  310,  769,  103,  758, 1088,  666,  503,  693,  589,  138,  470,  667,  521,  820,  701,  733,  452,  468,  639,  710,  405,  821,  367,  236,  877,  728,  181,  490,  196,  972,  470,  418,  947,  281,  673,  194,  774,  885,  857,  406,  449,  583,   47,  899,  268,  873,  924,  551, 1050,  207,  127,  746,  733,  351,  640,  423,  246,  385,  356,  633,  668,  735,  838,  233,  191,  631,  648,  275,  577,  315,  765,  198,  361,  337,  316,  846,  126,  297,  192,  707, 1019,  514,  422,  725,  380,  413,   76,  774,  552,  384, 1006,  656,  309,  656,  626,  697,  606],
        [  175,    0,  494,  607,  790,  786, 1057,  866,  433,  638,  133,  578,  899,  610,  917,    0,  311,  870,  582,  128,  861,  813,  704,  546,  654,  761,  250,  623,  274,   74,  591,  478,  637,   88,  680,  370,  592,  885,  702,  677,  313,  557,  556,  430,  707,  872, 1012,  856,  319,  919,  681,  835,  876,  928,  544,  230,  467,  923,  235,  495,  842,  737,  266,  851,  811,  660,  315,  731,  484,  583,  638,  611,  807,  888,  714,  306,  323,  931,  515, 1106,   59,  497,  728,   41,  641,  352,  732,  218,  115,  330,  582,  594,  850,  934,  111,  650,  117,   56,  380,  178, 1069,  862,  681,  193,  677,  574,  568, 1008,  883,  570,  300,  457,  276,  481,  792,  839,  687,  882,  665,  356,  960,  361, 1092,  580,  882,  722,  911,  795,  824,  760,  619,  165,  439,  851,  497,  569,  796,  991,  364,  591,  676,  116,  888,  609,  263,  297,  693,  357],
        [  178,    0,  599,  725,  494,  616,  833,  598,  230,  341,  281,  499,  753,  446,  734,  311,    0,  563,  650,  218,  553,  621,  703,  414,  691,  526,  131,  314,  344,  321,  443,  216,  598,  230,  573,   61,  687,  661,  414,  388,   58,  313,  521,  344,  399,  682,  847,  557,  293,  722,  472,  572,  567,  715,  245,  380,  157,  626,  281,  541,  627,  727,  299,  551,  510,  351,  447,  442,  428,  273,  738,  561,  506,  612,  502,  146,   13,  696,  496,  901,  366,  265,  446,  315,  499,  440,  580,   94,  213,  133,  523,  325,  543,  737,  382,  483,  367,  279,  336,  356,  844,  718,  375,  273,  610,  264,  516,  762,  604,  450,  309,  147,  405,  216,  684,  607,  377,  572,  459,  189,  695,  514,  878,  373,  612,  643,  607,  609,  564,  549,  720,  323,  222,  564,  618,  354,  512,  808,   81,  291,  626,  337,  578,  456,  202,  193,  780,  137],
        [  711,    0, 1071, 1186,  137,  743,  741,  464,  509,  245,  836,  824,  872,  679,  781,  870,  563,    0, 1082,  760,   14,  696, 1053,  714, 1086,  550,  666,  285,  856,  867,  703,  491,  935,  792,  828,  509, 1135,  638,  219,  356,  578,  506,  889,  743,  164,  734,  897,  278,  773,  742,  600,  473,   17,  696,  330,  868,  413,  316,  805,  979,  645, 1062,  810,  266,   89,  213,  962,  343,  813,  305, 1183,  897,   94,  431,  601,  596,  551,  627,  890,  843,  922,  535,  378,  869,  734,  934,  757,  656,  763,  565,  863,  438,  203,  750,  943,  686,  927,  831,  778,  867,  744,  853,  191,  813,  906,  313,  867,  627,  412,  746,  802,  423,  928,  418,  894,  590,  216,  146,  603,  630,  520, 1029,  801,  583,  458,  912,   68,  705,  484,  621, 1168,  836,  567,  365, 1098,  565,  368,  831,  509,  347,  938,  871,  142,  700,  715,  685, 1207,  582],
        [  677,    0,  103,  119, 1073,  518,  820,  797,  876,  936,  464,  285,  541,  441,  628,  582,  650, 1082,    0,  659, 1069,  581,  173,  381,   88,  646,  524,  802,  328,  655,  409,  598,  212,  557,  351,  664,   62,  695, 1018,  743,  597,  579,  208,  342,  941,  613,  659,  909,  357,  658,  550,  763, 1079,  700,  852,  811,  724,  948,  390,  110,  647,  208,  363,  913, 1068,  895,  269,  778,  270,  796,  102,  231, 1066,  841,  571,  764,  656,  751,  194,  813,  609,  547,  750,  622,  408,  234,  457,  606,  634,  768,  248,  649,  950,  668,  495,  457,  475,  624,  322,  759,  833,  512,  938,  421,  277,  790,  236,  838,  848,  359,  344,  717,  306,  861,  403,  684,  868, 1011,  537,  484,  855,  240,  823,  515,  817,  315, 1145,  557,  745,  591,   90,  743,  523,  849,  122,  528,  802,  679,  730,  736,  245,  697, 1019,  421,  450,  458,  131,  543],
        [   50,    0,  581,  701,  672,  777, 1025,  808,  306,  522,  198,  601,  902,  599,  904,  128,  218,  760,  659,    0,  752,  794,  760,  546,  723,  720,  213,  530,  334,  108,  587,  418,  677,  103,  695,  279,  678,  851,  582,  604,  241,  508,  595,  442,  599,  855, 1008,  774,  343,  899,  652,  780,  767,  901,  431,  185,  371,  844,  277,  562,  813,  791,  308,  768,  696,  554,  403,  658,  512,  486,  728,  647,  692,  825,  684,  180,  230,  892,  558, 1084,  167,  452,  660,  112,  641,  426,  729,  138,   26,  206,  613,  533,  759,  914,  234,  639,  233,   77,  404,  148, 1037,  865,  570,  241,  708,  477,  601,  964,  818,  576,  337,  361,  360,  359,  809,  801,  589,  785,  637,  327,  904,  459, 1066,  549,  823,  749,  797,  779,  770,  732,  708,  116,  398,  780,  590,  535,  727,  979,  253,  508,  713,  119,  790,  603,  260,  283,  779,  307],
        [  704,    0, 1058, 1173,  140,  730,  729,  451,  505,  240,  826,  811,  859,  665,  767,  861,  553,   14, 1069,  752,    0,  683, 1040,  701, 1072,  537,  656,  272,  844,  859,  690,  478,  921,  783,  814,  499, 1122,  624,  218,  342,  568,  493,  875,  730,  155,  720,  884,  266,  760,  728,  586,  460,   16,  683,  323,  862,  403,  306,  794,  966,  631, 1048,  798,  254,   92,  203,  951,  329,  800,  293, 1169,  883,   97,  419,  587,  589,  541,  614,  877,  831,  913,  522,  364,  860,  720,  922,  743,  647,  754,  558,  849,  424,  191,  737,  933,  673,  917,  823,  766,  861,  732,  839,  184,  803,  892,  302,  853,  615,  400,  732,  790,  412,  916,  412,  880,  577,  203,  136,  589,  618,  508, 1017,  789,  569,  445,  898,   81,  691,  471,  608, 1155,  829,  554,  353, 1086,  551,  355,  818,  501,  334,  925,  864,  132,  686,  703,  674, 1194,  571],
        [  774,    0,  634,  699,  757,   67,  256,  265,  803,  684,  693,  312,  177,  206,  114,  813,  621,  696,  581,  794,  683,    0,  463,  277,  535,  147,  583,  500,  590,  866,  230,  413,  371,  735,  231,  581,  642,  116,  752,  365,  572,  315,  387,  397,  623,   62,  233,  438,  509,  106,  150,  240,  686,  126,  649,  978,  554,  444,  594,  525,   72,  454,  570,  447,  728,  599,  650,  358,  385,  532,  672,  351,  729,  310,  124,  764,  616,  171,  421,  293,  869,  357,  323,  842,  194,  592,  124,  663,  776,  744,  342,  339,  505,  121,  802,  167,  776,  818,  457,  941,  270,  158,  645,  633,  311,  532,  357,  257,  325,  267,  537,  556,  647,  727,  228,  124,  532,  572,  162,  468,  289,  689,  282,  249,  281,  288,  763,   24,  224,   83,  666,  910,  402,  352,  666,  267,  331,  188,  661,  445,  347,  899,  580,  212,  551,  519,  667,  494],
        [  769,    0,  271,  270, 1066,  397,  681,  708,  932,  943,  576,  232,  388,  377,  487,  704,  703, 1053,  173,  760, 1040,  463,    0,  342,   91,  559,  590,  787,  432,  776,  351,  597,  120,  663,  243,  702,  221,  578, 1025,  700,  646,  551,  184,  362,  929,  482,  500,  846,  425,  523,  474,  676, 1048,  572,  869,  927,  742,  874,  484,  213,  534,   36,  453,  852, 1054,  887,  407,  725,  276,  792,  230,  158, 1052,  753,  487,  834,  706,  632,  208,  661,  740,  536,  694,  744,  327,  356,  345,  681,  736,  831,  195,  617,  897,  531,  632,  378,  609,  738,  371,  877,  694,  364,  933,  522,  158,  787,  196,  716,  764,  309,  425,  737,  435,  898,  255,  579,  847,  962,  464,  519,  750,  397,  677,  471,  726,  177, 1119,  441,  658,  494,  231,  857,  530,  774,  294,  489,  735,  529,  778,  719,  121,  818,  971,  356,  519,  514,  210,  577],
        [  535,    0,  400,  495,  725,  241,  532,  430,  632,  605,  421,  111,  357,   76,  374,  546,  414,  714,  381,  546,  701,  277,  342,    0,  373,  282,  337,  445,  313,  605,   47,  262,  223,  473,  160,  395,  439,  371,  686,  366,  357,  210,  177,  121,  587,  332,  467,  529,  234,  381,  183,  394,  709,  401,  537,  731,  413,  570,  320,  293,  322,  355,  294,  532,  712,  546,  379,  398,  124,  451,  482,  184,  711,  470,  212,  558,  413,  424,  189,  566,  600,  197,  370,  578,   96,  324,  186,  428,  525,  547,  149,  277,  571,  395,  526,  111,  500,  557,  180,  689,  545,  319,  592,  360,  210,  447,  153,  511,  475,   38,  261,  410,  372,  581,  271,  340,  505,  633,  167,  230,  501,  425,  558,  136,  449,  234,  779,  256,  377,  246,  470,  660,  204,  471,  431,  150,  423,  446,  476,  377,  235,  641,  641,   66,  289,  263,  499,  277],
        [  737,    0,  190,  179, 1088,  470,  763,  768,  920,  957,  531,  266,  474,  422,  569,  654,  691, 1086,   88,  723, 1072,  535,   91,  373,    0,  617,  570,  811,  390,  727,  392,  612,  168,  622,  307,  698,  130,  650, 1039,  738,  636,  580,  197,  362,  953,  560,  589,  895,  401,  602,  526,  735, 1081,  649,  877,  881,  749,  928,  448,  162,  604,  123,  418,  899, 1079,  909,  345,  768,  280,  810,  142,  198, 1077,  813,  543,  814,  696,  706,  203,  748,  685,  556,  738,  694,  380,  302,  413,  657,  698,  815,  226,  648,  941,  611,  573,  430,  551,  693,  356,  830,  776,  449,  953,  483,  225,  805,  220,  791,  822,  345,  395,  743,  379,  896,  339,  646,  874, 1004,  515,  515,  817,  324,  762,  507,  787,  254, 1150,  512,  717,  556,  141,  812,  540,  828,  209,  523,  785,  614,  769,  744,  189,  769, 1012,  401,  497,  498,  133,  574],
        [  692,    0,  678,  763,  610,  195,  308,  152,  685,  543,  653,  361,  324,  210,  246,  761,  526,  550,  646,  720,  537,  147,  559,  282,  617,    0,  516,  359,  576,  804,  243,  311,  450,  677,  316,  478,  706,  136,  609,  221,  484,  214,  439,  385,  478,  194,  369,  299,  485,  217,  100,  119,  540,  195,  516,  899,  434,  317,  563,  569,  112,  557,  545,  307,  581,  456,  655,  211,  405,  395,  743,  420,  582,  196,   75,  662,  519,  172,  463,  381,  819,  269,  176,  784,  239,  602,  222,  584,  705,  639,  398,  213,  363,  230,  769,  190,  743,  755,  445,  867,  319,  303,  501,  598,  401,  397,  410,  248,  206,  292,  516,  438,  642,  601,  354,   82,  386,  430,  116,  405,  220,  705,  354,  185,  172,  392,  617,  155,  101,   73,  734,  835,  325,  219,  710,  192,  189,  311,  553,  309,  438,  833,  438,  227,  502,  466,  749,  414],
        [  198,    0,  470,  595,  612,  565,  817,  617,  353,  460,  173,  403,  692,  387,  692,  250,  131,  666,  524,  213,  656,  583,  590,  337,  570,  516,    0,  396,  214,  289,  376,  230,  492,  163,  490,  165,  558,  644,  537,  431,   91,  308,  412,  242,  505,  643,  796,  614,  169,  688,  442,  586,  669,  691,  366,  397,  255,  679,  152,  416,  603,  617,  169,  611,  623,  455,  317,  485,  322,  364,  610,  458,  619,  640,  475,  245,  139,  687,  382,  873,  308,  249,  480,  270,  430,  310,  518,   94,  194,  245,  421,  346,  615,  703,  288,  427,  268,  240,  220,  359,  829,  655,  486,  149,  513,  355,  411,  762,  635,  369,  181,  245,  277,  347,  604,  595,  465,  654,  427,  115,  711,  385,  856,  339,  633,  551,  717,  567,  575,  522,  591,  328,  192,  603,  488,  326,  548,  767,  211,  354,  524,  319,  661,  391,   74,   79,  653,  108],
        [  485,    0,  788,  903,  281,  529,  634,  354,  368,  185,  568,  556,  671,  423,  604,  623,  314,  285,  802,  530,  272,  500,  787,  445,  811,  359,  396,    0,  575,  635,  442,  207,  668,  539,  577,  254,  853,  483,  256,  141,  314,  237,  614,  461,  143,  551,  727,  253,  489,  575,  369,  340,  284,  545,  170,  674,  159,  324,  527,  697,  470,  799,  528,  245,  268,  105,  680,  176,  534,   50,  902,  629,  267,  349,  383,  398,  302,  497,  612,  723,  678,  255,  200,  629,  482,  650,  525,  406,  526,  368,  593,  177,  230,  588,  681,  440,  662,  593,  494,  659,  641,  644,  152,  539,  647,   58,  595,  537,  335,  479,  519,  169,  647,  271,  660,  427,   71,  260,  367,  347,  445,  747,  689,  322,  361,  660,  344,  500,  341,  418,  886,  626,  283,  286,  814,  302,  245,  669,  288,   68,  677,  648,  266,  442,  436,  405,  929,  303],
        [  350,    0,  260,  385,  816,  549,  844,  708,  560,  667,  144,  315,  646,  386,  683,  274,  344,  856,  328,  334,  844,  590,  432,  313,  390,  576,  214,  575,    0,  345,  360,  376,  364,  233,  421,  374,  353,  680,  746,  569,  300,  411,  283,  195,  699,  644,  764,  755,   95,  693,  481,  674,  857,  713,  574,  496,  455,  812,   65,  229,  633,  464,   48,  754,  822,  649,  107,  618,  222,  552,  404,  340,  819,  741,  514,  442,  352,  732,  242,  877,  316,  356,  602,  313,  402,   99,  490,  285,  309,  449,  313,  471,  773,  707,  222,  424,  196,  307,  134,  446,  857,  609,  686,   94,  407,  545,  298,  817,  742,  327,   62,  446,   74,  560,  528,  644,  645,  821,  464,  229,  792,  175,  870,  394,  727,  453,  911,  569,  659,  554,  385,  426,  305,  722,  276,  393,  668,  753,  424,  519,  404,  387,  829,  379,  147,  172,  452,  275],
        [  157,    0,  567,  679,  778,  842, 1105,  901,  402,  629,  202,  643,  960,  665,  972,   74,  321,  867,  655,  108,  859,  866,  776,  605,  727,  804,  289,  635,  345,    0,  648,  510,  706,  132,  743,  382,  665,  932,  687,  703,  336,  595,  624,  491,  706,  926, 1071,  877,  382,  972,  729,  871,  874,  978,  538,  157,  476,  945,  302,  567,  890,  809,  333,  871,  803,  661,  388,  757,  550,  591,  711,  680,  798,  920,  762,  282,  333,  975,  584, 1158,   73,  537,  757,   34,  700,  425,  790,  234,  109,  310,  649,  626,  864,  986,  176,  705,  187,   49,  444,  105, 1117,  922,  677,  260,  745,  582,  635, 1050,  914,  630,  367,  466,  349,  464,  856,  883,  695,  891,  713,  401,  996,  433, 1142,  627,  916,  788,  904,  848,  861,  809,  692,   95,  480,  878,  569,  614,  824, 1046,  360,  610,  745,   43,  896,  665,  317,  347,  766,  393],
        [  573,    0,  436,  525,  723,  195,  485,  393,  656,  610,  467,  127,  317,   33,  328,  591,  443,  703,  409,  587,  690,  230,  351,   47,  392,  243,  376,  442,  360,  648,    0,  274,  232,  516,  139,  419,  468,  325,  690,  350,  388,  206,  202,  167,  584,  286,  423,  504,  280,  334,  144,  358,  698,  354,  548,  771,  428,  540,  366,  328,  276,  359,  341,  508,  707,  545,  425,  377,  165,  454,  509,  196,  706,  434,  170,  589,  441,  379,  221,  519,  645,  207,  347,  622,   56,  368,  143,  464,  566,  575,  166,  269,  550,  348,  573,   64,  547,  600,  227,  730,  498,  280,  592,  406,  205,  451,  174,  466,  441,   50,  307,  426,  419,  599,  243,  296,  499,  614,  130,  265,  460,  469,  511,  122,  412,  221,  769,  209,  340,  202,  498,  701,  226,  441,  468,  141,  395,  401,  502,  375,  236,  684,  622,   19,  332,  304,  521,  307],
        [  386,    0,  581,  698,  476,  418,  618,  391,  394,  347,  395,  368,  560,  265,  526,  478,  216,  491,  598,  418,  478,  413,  597,  262,  612,  311,  230,  207,  376,  510,  274,    0,  480,  391,  412,  169,  648,  446,  428,  203,  178,   99,  418,  256,  344,  473,  644,  389,  286,  511,  263,  363,  489,  501,  276,  592,  155,  451,  334,  492,  413,  613,  331,  386,  471,  298,  479,  256,  333,  199,  697,  441,  469,  411,  291,  354,  208,  481,  411,  688,  537,   67,  250,  495,  324,  446,  392,  280,  405,  332,  403,  117,  399,  526,  513,  295,  491,  463,  288,  563,  629,  526,  342,  354,  471,  193,  402,  549,  406,  298,  317,  154,  449,  328,  513,  392,  276,  446,  253,  149,  487,  544,  664,  173,  407,  493,  551,  404,  353,  338,  681,  530,   77,  373,  608,  151,  318,  600,  248,  146,  496,  534,  454,  280,  248,  213,  726,  123],
        [  680,    0,  282,  329,  948,  307,  608,  601,  826,  826,  505,  113,  336,  260,  416,  637,  598,  935,  212,  677,  921,  371,  120,  223,  168,  450,  492,  668,  364,  706,  232,  480,    0,  585,  141,  593,  273,  486,  907,  582,  540,  432,   83,  255,  810,  401,  456,  732,  335,  446,  361,  568,  929,  489,  754,  852,  627,  763,  406,  186,  439,  134,  374,  737,  935,  769,  367,  608,  172,  673,  301,   40,  934,  646,  376,  735,  600,  541,  123,  604,  679,  418,  577,  675,  214,  309,  248,  585,  653,  729,   78,  498,  781,  456,  579,  265,  554,  665,  276,  804,  621,  304,  815,  447,   66,  669,   83,  628,  656,  190,  342,  623,  386,  787,  198,  479,  728,  845,  350,  411,  651,  377,  613,  353,  620,  109, 1000,  347,  550,  389,  295,  781,  414,  663,  312,  370,  621,  470,  670,  600,   43,  747,  854,  239,  425,  415,  301,  468],
        [  132,    0,  479,  599,  718,  710,  975,  780,  382,  565,   96,  515,  829,  533,  841,   88,  230,  792,  557,  103,  783,  735,  663,  473,  622,  677,  163,  539,  233,  132,  516,  391,  585,    0,  614,  287,  576,  802,  633,  590,  227,  471,  502,  361,  628,  794,  939,  770,  255,  840,  599,  749,  797,  847,  470,  268,  384,  837,  180,  461,  760,  694,  212,  765,  737,  580,  301,  644,  424,  500,  625,  556,  732,  802,  632,  253,  242,  847,  464, 1027,  146,  411,  640,  109,  568,  324,  659,  136,   78,  272,  524,  507,  764,  855,  157,  573,  148,   85,  317,  221,  987,  791,  604,  141,  620,  491,  511,  924,  796,  500,  243,  374,  257,  416,  727,  755,  604,  798,  583,  272,  873,  358, 1012,  497,  796,  662,  835,  717,  737,  679,  606,  196,  354,  764,  488,  486,  709,  915,  290,  505,  622,  169,  804,  534,  185,  216,  677,  270],
        [  687,    0,  409,  469,  856,  168,  473,  465,  791,  748,  549,  106,  228,  155,  286,  680,  573,  828,  351,  695,  814,  231,  243,  160,  307,  316,  490,  577,  421,  743,  139,  412,  141,  614,    0,  553,  412,  345,  826,  473,  516,  342,  166,  254,  717,  264,  348,  607,  362,  311,  235,  433,  821,  351,  687,  877,  566,  632,  445,  304,  298,  242,  415,  613,  838,  680,  455,  492,  199,  591,  442,  122,  837,  511,  245,  717,  572,  401,  206,  479,  729,  346,  459,  714,   95,  395,  107,  582,  672,  706,  121,  401,  662,  322,  642,  142,  616,  698,  300,  833,  486,  191,  727,  488,   86,  588,  138,  488,  522,  124,  381,  564,  463,  737,  115,  339,  630,  727,  228,  388,  511,  482,  483,  256,  484,   85,  895,  207,  415,  251,  435,  806,  362,  533,  441,  277,  495,  347,  635,  510,  122,  782,  736,  136,  435,  414,  440,  436],
        [  237,    0,  622,  746,  448,  582,  784,  543,  238,  296,  329,  488,  722,  418,  694,  370,   61,  509,  664,  279,  499,  581,  702,  395,  698,  478,  165,  254,  374,  382,  419,  169,  593,  287,  553,    0,  705,  614,  373,  330,   75,  268,  519,  341,  345,  641,  810,  496,  311,  680,  431,  517,  513,  669,  202,  437,   98,  566,  314,  554,  582,  725,  327,  490,  460,  296,  479,  383,  427,  214,  756,  555,  456,  555,  460,  185,   50,  647,  499,  856,  425,  226,  388,  375,  473,  466,  550,  152,  273,  164,  516,  271,  483,  694,  435,  452,  419,  339,  344,  415,  795,  687,  324,  313,  598,  205,  511,  710,  546,  432,  331,   88,  440,  198,  661,  559,  318,  513,  420,  185,  640,  547,  831,  336,  556,  628,  556,  571,  510,  506,  738,  381,  194,  505,  643,  316,  453,  768,   83,  231,  617,  397,  518,  430,  227,  210,  795,  126],
        [  700,    0,   99,   58, 1122,  579,  880,  858,  910,  982,  481,  346,  598,  501,  687,  592,  687, 1135,   62,  678, 1122,  642,  221,  439,  130,  706,  558,  853,  353,  665,  468,  648,  273,  576,  412,  705,    0,  756, 1064,  799,  636,  635,  268,  393,  992,  673,  715,  968,  395,  718,  610,  824, 1132,  761,  896,  821,  769, 1008,  417,  157,  708,  252,  393,  971, 1118,  945,  278,  835,  325,  846,   52,  292, 1116,  901,  632,  794,  693,  812,  251,  870,  613,  600,  808,  632,  469,  255,  518,  637,  654,  800,  309,  704, 1007,  728,  498,  517,  480,  637,  367,  768,  893,  570,  987,  444,  337,  839,  297,  899,  909,  419,  378,  762,  320,  900,  461,  745,  921, 1067,  597,  529,  916,  236,  882,  573,  877,  373, 1197,  618,  806,  652,   34,  755,  573,  908,  100,  585,  861,  737,  767,  789,  304,  707, 1075,  481,  485,  496,  102,  587],
        [  825,    0,  745,  813,  716,  182,  174,  179,  820,  664,  771,  422,  256,  296,  147,  885,  661,  638,  695,  851,  624,  116,  578,  371,  650,  136,  644,  483,  680,  932,  325,  446,  486,  802,  345,  614,  756,    0,  725,  342,  618,  348,  498,  486,  590,  112,  260,  365,  594,  105,  205,  165,  625,   62,  646, 1032,  569,  356,  676,  636,   50,  568,  655,  376,  681,  574,  749,  319,  486,  523,  787,  464,  683,  221,  171,  798,  654,   57,  530,  245,  942,  401,  287,  911,  298,  692,  239,  716,  835,  775,  453,  349,  438,  113,  884,  262,  858,  883,  547,  999,  186,  251,  617,  713,  426,  526,  468,  144,  238,  368,  624,  573,  742,  734,  337,   58,  500,  503,  221,  531,  178,  792,  218,  306,  190,  402,  702,  139,  155,  127,  780,  966,  454,  276,  777,  318,  272,  194,  689,  439,  462,  962,  510,  306,  623,  589,  783,  546],
        [  533,    0,  987, 1109,   95,  784,  861,  573,  303,   83,  694,  795,  925,  673,  854,  702,  414,  219, 1018,  582,  218,  752, 1025,  686, 1039,  609,  537,  256,  746,  687,  690,  428,  907,  633,  826,  373, 1064,  725,    0,  389,  448,  485,  846,  678,  138,  802,  976,  415,  676,  822,  624,  569,  232,  787,  172,  667,  296,  475,  687,  909,  717, 1040,  699,  403,  133,  154,  852,  407,  759,  236, 1114,  868,  128,  554,  637,  407,  404,  730,  837,  956,  748,  489,  438,  694,  733,  836,  780,  501,  590,  378,  830,  430,  350,  834,  789,  693,  777,  657,  698,  672,  867,  898,  109,  685,  893,  239,  830,  754,  537,  722,  700,  303,  813,  224,  914,  670,  225,  325,  622,  537,  652,  920,  919,  572,  574,  910,  230,  754,  574,  671, 1098,  643,  499,  485, 1011,  550,  463,  916,  344,  318,  920,  684,  324,  691,  599,  578, 1148,  480],
        [  565,    0,  746,  853,  395,  401,  494,  222,  495,  324,  598,  474,  539,  324,  466,  677,  388,  356,  743,  604,  342,  365,  700,  366,  738,  221,  431,  141,  569,  703,  350,  203,  582,  590,  473,  330,  799,  342,  389,    0,  367,  167,  542,  416,  260,  414,  588,  187,  476,  435,  248,  204,  349,  404,  307,  766,  255,  249,  533,  646,  330,  708,  527,  186,  370,  236,  668,   55,  475,  183,  844,  545,  371,  227,  254,  502,  378,  357,  549,  582,  735,  214,   63,  691,  379,  628,  406,  469,  595,  474,  513,   99,  210,  448,  716,  332,  694,  656,  463,  744,  503,  515,  281,  556,  551,  187,  518,  402,  217,  394,  509,  262,  642,  402,  543,  286,  168,  268,  250,  348,  317,  730,  549,  231,  232,  557,  422,  367,  202,  284,  831,  710,  265,  177,  776,  216,  124,  529,  388,  108,  584,  723,  277,  345,  450,  414,  863,  324],
        [  209,    0,  551,  676,  522,  564,  791,  568,  287,  370,  259,  441,  700,  392,  684,  313,   58,  578,  597,  241,  568,  572,  646,  357,  636,  484,   91,  314,  300,  336,  388,  178,  540,  227,  516,   75,  636,  618,  448,  367,    0,  271,  463,  286,  416,  633,  796,  544,  241,  674,  424,  540,  582,  670,  276,  415,  166,  611,  240,  488,  582,  670,  254,  539,  533,  366,  405,  421,  371,  278,  687,  503,  529,  585,  455,  202,   61,  656,  440,  856,  371,  218,  421,  325,  443,  394,  525,  104,  230,  191,  465,  292,  538,  689,  369,  429,  351,  290,  280,  386,  802,  664,  396,  239,  552,  269,  458,  726,  578,  392,  260,  156,  366,  264,  627,  566,  380,  573,  411,  131,  664,  473,  834,  323,  583,  585,  628,  559,  530,  503,  669,  353,  170,  542,  571,  306,  488,  759,  134,  278,  568,  358,  579,  401,  154,  140,  728,   81],
