{
    "name": "random-8-7022",
    "comment": "size=8 seed=7022",
    "nodes": ["+0", "-0", "+1", "-1", "+2", "-2", "+3", "-3", "+4", "-4", "+5", "-5", "+6", "-6", "+7", "-7", "+8", "-8"],
    "precedence": {
        "+0": "-0",
        "+1": "-1",
        "+2": "-2",
        "+3": "-3",
        "+4": "-4",
        "+5": "-5",
        "+6": "-6",
        "+7": "-7",
        "+8": "-8"
    },
    "edges": [
        [    0,    0,  763,  512,  640,  343,  183,  880,  299,  277,  737,  588,  420,  456,  698,  277,  293,  633],
        [    0,    0,  763,  512,  640,  343,  183,  880,  299,  277,  737,  588,  420,  456,  698,  277,  293,  633],
        [  763,  763,    0,  458,  224, 1062,  580,  333,  668,  893,  438,  228,  468,  853,  358,  492,  474,  321],
        [  512,  512,  458,    0,  510,  854,  384,  402,  619,  755,  227,  234,   95,  406,  656,  291,  293,  582],
        [  640,  640,  224,  510,    0,  898,  464,  537,  478,  714,  581,  300,  476,  849,  157,  405,  384,  100],
        [  343,  343, 1062,  854,  898,    0,  501, 1216,  434,  200, 1079,  913,  762,  724,  907,  604,  616,  860],
        [  183,  183,  580,  384,  464,  501,    0,  717,  255,  374,  599,  413,  290,  482,  539,  105,  116,  469],
        [  880,  880,  333,  402,  537, 1216,  717,    0,  890, 1083,  221,  316,  474,  786,  685,  613,  603,  636],
        [  299,  299,  668,  619,  478,  434,  255,  890,    0,  240,  815,  575,  528,  721,  474,  329,  326,  429],
        [  277,  277,  893,  755,  714,  200,  374, 1083,  240,    0,  972,  770,  660,  726,  712,  476,  483,  669],
        [  737,  737,  438,  227,  581, 1079,  599,  221,  815,  972,    0,  287,  317,  573,  737,  499,  496,  672],
        [  588,  588,  228,  234,  300,  913,  413,  316,  575,  770,  287,    0,  242,  625,  455,  311,  298,  388],
        [  420,  420,  468,   95,  476,  762,  290,  474,  528,  660,  317,  242,    0,  387,  612,  199,  204,  536],
        [  456,  456,  853,  406,  849,  724,  482,  786,  721,  726,  573,  625,  387,    0,  970,  471,  489,  893],
        [  698,  698,  358,  656,  157,  907,  539,  685,  474,  712,  737,  455,  612,  970,    0,  506,  486,   77],
        [  277,  277,  492,  291,  405,  604,  105,  613,  329,  476,  499,  311,  199,  471,  506,    0,   21,  431],
        [  293,  293,  474,  293,  384,  616,  116,  603,  326,  483,  496,  298,  204,  489,  486,   21,    0,  411],
        [  633,  633,  321,  582,  100,  860,  469,  636,  429,  669,  672,  388,  536,  893,   77,  431,  411,    0]
    ]
}
