{
    "name": "random-8-24237",
    "comment": "size=8 seed=24237",
    "nodes": ["+0", "-0", "+1", "-1", "+2", "-2", "+3", "-3", "+4", "-4", "+5", "-5", "+6", "-6", "+7", "-7", "+8", "-8"],
    "precedence": {
        "+0": "-0",
        "+1": "-1",
        "+2": "-2",
        "+3": "-3",
        "+4": "-4",
        "+5": "-5",
        "+6": "-6",
        "+7": "-7",
        "+8": "-8"
    },
    "edges": [
        [    0,    0,  137,  625,  591,  406,  239,  408,  149,  537,  416,  153,  235,  719,  128,  356,  539,  334],
        [    0,    0,  137,  625,  591,  406,  239,  408,  149,  537,  416,  153,  235,  719,  128,  356,  539,  334],
        [  137,  137,    0,  514,  458,  541,  329,  543,   73,  463,  283,  268,  362,  610,  206,  276,  500,  375],
        [  625,  625,  514,    0,  220, 1015,  665, 1014,  567,  213,  283,  680,  774,  728,  719,  290,  878,  871],
        [  591,  591,  458,  220,    0,  997,  707,  999,  487,  388,  176,  691,  789,  511,  652,  356,  706,  761],
        [  406,  406,  541, 1015,  997,    0,  395,    9,  529,  887,  822,  341,  263, 1048,  376,  729,  745,  443],
        [  239,  239,  329,  665,  707,  395,    0,  392,  374,  507,  547,  101,  133,  939,  343,  377,  776,  544],
        [  408,  408,  543, 1014,  999,    9,  392,    0,  532,  885,  823,  339,  260, 1054,  380,  728,  752,  450],
        [  149,  149,   73,  567,  487,  529,  374,  532,    0,  531,  315,  298,  383,  571,  165,  345,  431,  310],
        [  537,  537,  463,  213,  388,  887,  507,  885,  531,    0,  351,  548,  631,  854,  653,  188,  918,  838],
        [  416,  416,  283,  283,  176,  822,  547,  823,  315,  351,    0,  521,  620,  507,  479,  238,  598,  603],
        [  153,  153,  268,  680,  691,  341,  101,  339,  298,  548,  521,    0,   99,  869,  245,  391,  682,  443],
        [  235,  235,  362,  774,  789,  263,  133,  260,  383,  631,  620,   99,    0,  952,  295,  484,  736,  470],
        [  719,  719,  610,  728,  511, 1048,  939, 1054,  571,  854,  507,  869,  952,    0,  682,  735,  393,  640],
        [  128,  128,  206,  719,  652,  376,  343,  380,  165,  653,  479,  245,  295,  682,    0,  468,  442,  208],
        [  356,  356,  276,  290,  356,  729,  377,  728,  345,  188,  238,  391,  484,  735,  468,    0,  744,  651],
        [  539,  539,  500,  878,  706,  745,  776,  752,  431,  918,  598,  682,  736,  393,  442,  744,    0,  302],
        [  334,  334,  375,  871,  761,  443,  544,  450,  310,  838,  603,  443,  470,  640,  208,  651,  302,    0]
    ]
}
