{
    "name": "random-85-20396",
    "comment": "size=85 seed=20396",
    "nodes": ["+0", "-0", "+1", "-1", "+2", "-2", "+3", "-3", "+4", "-4", "+5", "-5", "+6", "-6", "+7", "-7", "+8", "-8", "+9", "-9", "+10", "-10", "+11", "-11", "+12", "-12", "+13", "-13", "+14", "-14", "+15", "-15", "+16", "-16", "+17", "-17", "+18", "-18", "+19", "-19", "+20", "-20", "+21", "-21", "+22", "-22", "+23", "-23", "+24", "-24", "+25", "-25", "+26", "-26", "+27", "-27", "+28", "-28", "+29", "-29", "+30", "-30", "+31", "-31", "+32", "-32", "+33", "-33", "+34", "-34", "+35", "-35", "+36", "-36", "+37", "-37", "+38", "-38", "+39", "-39", "+40", "-40", "+41", "-41", "+42", "-42", "+43", "-43", "+44", "-44", "+45", "-45", "+46", "-46", "+47", "-47", "+48", "-48", "+49", "-49", "+50", "-50", "+51", "-51", "+52", "-52", "+53", "-53", "+54", "-54", "+55", "-55", "+56", "-56", "+57", "-57", "+58", "-58", "+59", "-59", "+60", "-60", "+61", "-61", "+62", "-62", "+63", "-63", "+64", "-64", "+65", "-65", "+66", "-66", "+67", "-67", "+68", "-68", "+69", "-69", "+70", "-70", "+71", "-71", "+72", "-72", "+73", "-73", "+74", "-74", "+75", "-75", "+76", "-76", "+77", "-77", "+78", "-78", "+79", "-79", "+80", "-80", "+81", "-81", "+82", "-82", "+83", "-83", "+84", "-84", "+85", "-85"],
    "precedence": {
        "+0": "-0",
        "+1": "-1",
        "+2": "-2",
        "+3": "-3",
        "+4": "-4",
        "+5": "-5",
        "+6": "-6",
        "+7": "-7",
        "+8": "-8",
        "+9": "-9",
        "+10": "-10",
        "+11": "-11",
        "+12": "-12",
        "+13": "-13",
        "+14": "-14",
        "+15": "-15",
        "+16": "-16",
        "+17": "-17",
        "+18": "-18",
        "+19": "-19",
        "+20": "-20",
        "+21": "-21",
        "+22": "-22",
        "+23": "-23",
        "+24": "-24",
        "+25": "-25",
        "+26": "-26",
        "+27": "-27",
        "+28": "-28",
        "+29": "-29",
        "+30": "-30",
        "+31": "-31",
        "+32": "-32",
        "+33": "-33",
        "+34": "-34",
        "+35": "-35",
        "+36": "-36",
        "+37": "-37",
        "+38": "-38",
        "+39": "-39",
        "+40": "-40",
        "+41": "-41",
        "+42": "-42",
        "+43": "-43",
        "+44": "-44",
        "+45": "-45",
        "+46": "-46",
        "+47": "-47",
        "+48": "-48",
        "+49": "-49",
        "+50": "-50",
        "+51": "-51",
        "+52": "-52",
        "+53": "-53",
        "+54": "-54",
        "+55": "-55",
        "+56": "-56",
        "+57": "-57",
        "+58": "-58",
        "+59": "-59",
        "+60": "-60",
        "+61": "-61",
        "+62": "-62",
        "+63": "-63",
        "+64": "-64",
        "+65": "-65",
        "+66": "-66",
        "+67": "-67",
        "+68": "-68",
        "+69": "-69",
        "+70": "-70",
        "+71": "-71",
        "+72": "-72",
        "+73": "-73",
        "+74": "-74",
        "+75": "-75",
        "+76": "-76",
        "+77": "-77",
        "+78": "-78",
        "+79": "-79",
        "+80": "-80",
        "+81": "-81",
        "+82": "-82",
        "+83": "-83",
        "+84": "-84",
        "+85": "-85"
    },
    "edges": [
        [    0,    0,  650,  380,  529,  614,  176,  302,  327,  493,  216,  645,  325,  578,  701,  385,  571,  374,  407,  104,  255,  557,  239,  227,  370,  585,  641,  616,  352,  391,  519,  241,   98,  485,  209,  594,  310,  649,  354,  227,  144,  700,  399,  437,  431,  606,  482,  449,  769,  534,  542,  422,  339,  425,  737,  645,  252,  487,  417,  604,  205,  366,  463,  375,  631,  494,  385,  302,  479,  434,  510,  681,  503,  516,  217,  137,  276,  542,  158,  363,  236,  314,  617,  173,  265,  218,  822,  516,  143,  736,   73,  350,  448,  425,  219,  601,   93,  273,  574,  358,  431,  308,  262,  406,  619,  448,  593,  600,  406,  469,  160,  100,  685,  455,  363,  288,  509,  402,  173,  317,  611,  598,  518,  206,  389,  320,  298,  117,  485,  363,  382,  571,  536,  257,  320,  666,  332,   74,  159,  388,  393,  411,  350,  253,  335,  359,  404,  458,  330,  478,   28,  124,  447,  496,  335,   19,  178,  329,  502,  211,  525,  540,  311,  118,  587,  212,  277,  422,  360,  560,  309,  510],
        [    0,    0,    0,    0,    0,    0,    0,    0,    0,    0,    0,    0,    0,    0,    0,    0,    0,    0,    0,    0,    0,    0,    0,    0,    0,    0,    0,    0,    0,    0,    0,    0,    0,    0,    0,    0,    0,    0,    0,    0,    0,    0,    0,    0,    0,    0,    0,    0,    0,    0,    0,    0,    0,    0,    0,    0,    0,    0,    0,    0,    0,    0,    0,    0,    0,    0,    0,    0,    0,    0,    0,    0,    0,    0,    0,    0,    0,    0,    0,    0,    0,    0,    0,    0,    0,    0,    0,    0,    0,    0,    0,    0,    0,    0,    0,    0,    0,    0,    0,    0,    0,    0,    0,    0,    0,    0,    0,    0,    0,    0,    0,    0,    0,    0,    0,    0,    0,    0,    0,    0,    0,    0,    0,    0,    0,    0,    0,    0,    0,    0,    0,    0,    0,    0,    0,    0,    0,    0,    0,    0,    0,    0,    0,    0,    0,    0,    0,    0,    0,    0,    0,    0,    0,    0,    0,    0,    0,    0,    0,    0,    0,    0,    0,    0,    0,    0,    0,    0,    0,    0,    0,    0],
        [  650,    0,    0,  532,  855, 1247,  618,  414,  976,  952,  502, 1267,  713, 1209,   57,  856, 1058,  663,  549,  738,  889,  486,  737,  450,  882,  134,  921,   35,  520,  321, 1145,  881,  697,  240,  518,  136,  870,  635,  317,  697,  532,  876,  343,  787,  935,  664,  951,  423,  841,  882,  410,  552,  468,  725,  858,  618,  631,  984,  698, 1211,  526,  293,  187, 1020,  405, 1128,  274,  535,  729,  768,  224,  664,  630,  665,  576,  609,  437,  825,  519,  317,  434,  781,  697,  579,  830,  630,  950,  258,  512,  809,  602,  717, 1079,  484,  836,  283,  736,  914,  735,  297,  372,  553,  447,  330,  584,  312,  104,  497,  852,  440,  614,  627,  141,  212,  339,  816,  573,  729,  772,  633,  115,  549,  869,  533,  263,  559,  659,  674, 1113,  488,  552,  840,  649,  604,  969,  222,  517,  615,  794,  788,  516,  683,  542,  844,  812,  328,  407,  283,  785,  365,  623,  587,  287,  160,  859,  633,  814,  342, 1016,  442,  444, 1158,  959,  703,  926,  692,  455,  428,  771,  666,  489,  655],
        [  380,    0,  532,    0,  324,  949,  505,  460,  635,  867,  182,  990,  204,  915,  589,  758,  950,  684,  653,  479,  613,  734,  278,  399,  748,  552,  979,  503,   32,  221,  865,  501,  342,  294,  182,  563,  689,  873,  412,  243,  396, 1007,  509,  781,  810,  856,  858,  613, 1043,  885,  682,  666,   82,  193, 1028,  863,  166,  866,  732,  962,  182,  391,  393,  701,  746,  832,  398,  559,  203,  772,  312,  908,  766,  791,  166,  248,  171,  873,  399,  429,  236,  287,  878,  475,  645,  191, 1121,  566,  353, 1007,  309,  199,  794,   66,  591,  657,  412,  618,  864,  376,  163,   75,  176,  505,  828,  222,  539,  772,  335,  641,  230,  447,  638,  337,  216,  666,  744,  733,  374,  626,  565,  796,  869,  179,  336,  588,  160,  486,  831,   49,   20,  900,  799,  144,  629,  672,   52,  307,  432,  742,   21,  721,  604,  412,  315,  439,  563,  524,  285,  603,  366,  257,  515,  390,  375,  364,  541,  406,  881,  338,  688,  891,  599,  332,  939,  249,  472,  110,  715,  824,  533,  783],
        [  529,    0,  855,  324,    0,  918,  699,  733,  623,  998,  435,  972,  207,  893,  911,  898, 1055,  897,  902,  589,  665, 1016,  296,  658,  870,  873, 1169,  826,  341,  544,  862,  491,  441,  616,  424,  885,  793, 1140,  710,  302,  619, 1226,  802,  965,  925, 1110,  985,  895, 1286, 1060,  974,  917,  398,  136, 1259, 1132,  299,  977,  942,  970,  418,  696,  714,  694, 1048,  820,  706,  799,  129,  962,  632, 1174, 1010, 1029,  363,  410,  465, 1070,  627,  727,  515,  227, 1126,  684,  756,  328, 1347,  877,  584, 1251,  482,  185,  799,  372,  675,  969,  498,  651, 1094,  681,  484,  325,  463,  800, 1100,  544,  862, 1057,  161,  921,  386,  625,  962,  660,  535,  794, 1002,  930,  405,  838,  888, 1073, 1044,  410,  652,  824,  250,  644,  830,  370,  304, 1099, 1045,  313,  619,  992,  350,  469,  471,  914,  340,  935,  848,  376,  221,  734,  844,  829,  210,  897,  532,  438,  819,  713,  269,  521,  619,  699,  980,  600,  973,  894,  577,  420, 1111,  317,  732,  428,  886, 1069,  786, 1022],
        [  614,    0, 1247,  949,  918,    0,  637,  846,  315,  472,  820,   62,  793,   38, 1292,  486,  417,  695,  813,  515,  361,  984,  687,  798,  433, 1159,  721, 1213,  927, 1005,  105,  453,  612, 1099,  809, 1166,  400,  985,  933,  713,  716,  849,  938,  623,  416,  916,  458,  927,  974,  623, 1012,  823,  932,  892,  916,  992,  785,  410,  697,  119,  803,  954, 1063,  248, 1100,  121,  974,  757,  950,  642, 1124, 1002,  835,  819,  790,  714,  886,  698,  728,  935,  850,  720,  902,  673,  430,  758,  951, 1059,  739,  957,  680,  817,  169, 1007,  411, 1124,  548,  342,  822,  950, 1037,  875,  872,  950,  986, 1060, 1174, 1020,  758,  933,  726,  620, 1252, 1064,  977,  461,  883,  652,  577,  682, 1186,  987,  619,  801,  993,  748,  808,  573,  134,  948,  942,  716,  853,  805,  321, 1209,  910,  673,  517,  575,  966,  705,  779,  560,  711,  926,  905, 1006,  734,  981,  640,  718,  997, 1101,  653,  633,  439,  907,  376,  808,  979,  104,  354,  619,  638,  704,  807, 1019,  570,  865,  796,  821],
        [  176,    0,  618,  505,  699,  637,    0,  210,  410,  377,  324,  651,  493,  599,  660,  267,  472,  199,  241,  179,  296,  405,  414,  174,  276,  523,  479,  586,  474,  439,  533,  376,  273,  515,  324,  530,  253,  480,  302,  399,  117,  527,  303,  277,  336,  433,  370,  313,  593,  380,  406,  256,  443,  587,  562,  478,  410,  390,  244,  593,  325,  328,  443,  433,  497,  521,  347,  144,  638,  270,  537,  511,  329,  340,  360,  293,  358,  376,  121,  303,  295,  489,  442,   41,  212,  377,  649,  424,  159,  560,  219,  517,  471,  535,  234,  496,  245,  329,  399,  328,  505,  441,  347,  314,  454,  501,  539,  448,  582,  327,  317,   77,  616,  459,  412,  202,  342,  234,  343,  141,  551,  437,  364,  330,  383,  153,  459,   87,  503,  476,  512,  403,  362,  407,  404,  576,  453,  230,  309,  238,  513,  236,  187,  419,  510,  292,  279,  370,  505,  358,  168,  268,  361,  485,  509,  180,  234,  278,  416,  209,  381,  544,  413,  294,  434,  384,  171,  515,  211,  386,  169,  335],
        [  302,    0,  414,  460,  733,  846,  210,    0,  604,  545,  300,  861,  533,  808,  453,  445,  650,  274,  200,  361,  499,  284,  492,   80,  469,  314,  566,  383,  430,  309,  742,  541,  385,  356,  310,  321,  459,  414,  105,  463,  158,  565,  100,  395,  523,  397,  543,  164,  586,  499,  250,  212,  381,  602,  576,  405,  436,  573,  317,  801,  315,  137,  250,  635,  335,  730,  152,  134,  639,  379,  374,  449,  312,  341,  371,  343,  290,  460,  144,   99,  226,  562,  421,  173,  421,  412,  671,  220,  169,  550,  291,  551,  679,  464,  440,  301,  393,  529,  417,  143,  393,  420,  286,  108,  371,  367,  331,  326,  653,  189,  363,  239,  407,  284,  289,  403,  284,  338,  467,  230,  341,  341,  484,  323,  210,  163,  484,  280,  712,  417,  474,  482,  344,  421,  598,  373,  412,  307,  460,  384,  459,  304,  162,  548,  589,   86,  113,  164,  574,  180,  278,  313,  154,  296,  610,  291,  430,   86,  604,  133,  243,  753,  598,  401,  549,  450,   41,  424,  364,  368,   90,  332],
        [  327,    0,  976,  635,  623,  315,  410,  604,    0,  464,  517,  360,  482,  283, 1026,  404,  481,  546,  636,  244,  128,  809,  374,  541,  352,  906,  701,  942,  614,  708,  242,  140,  304,  805,  504,  915,  274,  856,  674,  399,  454,  805,  703,  530,  384,  796,  447,  723,  911,  584,  815,  650,  623,  582,  862,  858,  471,  419,  569,  349,  497,  689,  790,   72,  907,  202,  709,  552,  641,  541,  830,  881,  697,  694,  479,  406,  584,  634,  468,  680,  557,  412,  793,  437,  268,  445,  925,  824,  466,  884,  383,  506,  176,  695,  190,  902,  246,   91,  725,  683,  732,  562,  571,  712,  841,  760,  916,  850,  463,  736,  416,  366, 1004,  780,  680,  318,  728,  531,  263,  509,  932,  831,  572,  495,  715,  554,  494,  328,  209,  637,  629,  660,  724,  492,    8,  976,  598,  374,  205,  470,  653,  571,  589,  252,  408,  674,  688,  767,  428,  767,  354,  415,  757,  823,  355,  344,  177,  649,  407,  535,  789,  273,   46,  308,  622,  390,  570,  709,  451,  743,  579,  692],
        [  493,    0,  952,  867,  998,  472,  377,  545,  464,    0,  690,  450,  806,  443,  984,  111,  108,  296,  421,  411,  358,  570,  704,  540,  129,  835,  254,  923,  837,  814,  386,  540,  564,  886,  688,  839,  208,  533,  649,  706,  493,  379,  610,  182,   80,  462,   17,  554,  503,  151,  618,  425,  813,  910,  445,  543,  743,   62,  274,  371,  686,  680,  795,  425,  695,  408,  697,  417,  967,  203,  907,  544,  399,  375,  709,  630,  732,  230,  497,  644,  671,  772,  443,  415,  242,  709,  486,  714,  534,  486,  561,  833,  371,  904,  328,  753,  501,  387,  361,  684,  881,  797,  720,  623,  544,  876,  858,  598,  852,  548,  652,  422,  912,  823,  788,  207,  458,  233,  595,  319,  862,  554,  149,  689,  746,  394,  788,  382,  379,  843,  871,  245,  409,  749,  462,  847,  816,  566,  531,  165,  877,  287,  413,  641,  782,  630,  552,  674,  789,  615,  503,  614,  668,  840,  753,  507,  383,  628,   98,  584,  579,  371,  500,  583,  170,  691,  506,  889,  182,  414,  464,  380],
        [  216,    0,  502,  182,  435,  820,  324,  300,  517,  690,    0,  855,  242,  785,  558,  580,  777,  504,  481,  320,  467,  583,  237,  229,  574,  477,  798,  468,  151,  197,  728,  398,  214,  295,   16,  487,  522,  711,  281,  199,  215,  829,  368,  599,  636,  688,  681,  461,  871,  704,  540,  496,  124,  304,  852,  703,  146,  692,  552,  818,   25,  272,  325,  575,  616,  700,  286,  383,  341,  590,  320,  746,  593,  617,   81,  114,   70,  692,  218,  297,   84,  291,  708,  294,  476,  133,  945,  453,  172,  836,  145,  257,  657,  215,  434,  546,  273,  479,  688,  258,  218,  125,   58,  368,  669,  244,  474,  623,  375,  487,  114,  269,  574,  291,  171,  492,  577,  552,  278,  445,  497,  640,  687,   32,  249,  411,  189,  311,  694,  153,  191,  719,  627,  125,  510,  584,  130,  149,  315,  561,  189,  541,  430,  344,  321,  302,  410,  401,  298,  463,  197,  103,  391,  343,  361,  198,  390,  267,  711,  168,  539,  751,  489,  214,  757,  192,  303,  206,  534,  652,  362,  608],
        [  645,    0, 1267,  990,  972,   62,  651,  861,  360,  450,  855,    0,  841,   80, 1310,  477,  384,  692,  814,  543,  390,  982,  733,  817,  428, 1174,  693, 1234,  967, 1036,  127,  499,  650, 1128,  844, 1181,  406,  973,  951,  758,  738,  823,  950,  611,  403,  904,  437,  933,  950,  600, 1014,  822,  970,  941,  891,  982,  828,  389,  690,   80,  839,  974, 1085,  291, 1101,  159,  993,  764,  999,  631, 1153,  988,  827,  809,  829,  751,  919,  678,  749,  953,  880,  770,  888,  690,  441,  800,  920, 1070,  763,  934,  713,  865,  198, 1047,  435, 1131,  584,  376,  806,  971, 1072,  916,  905,  962,  978, 1092, 1190, 1017,  812,  936,  764,  642, 1266, 1090, 1007,  466,  878,  645,  621,  685, 1201,  981,  598,  837, 1017,  753,  853,  594,  161,  987,  985,  694,  843,  847,  366, 1218,  950,  707,  559,  567, 1007,  699,  784,  609,  763,  943,  913, 1018,  785,  988,  669,  754, 1010, 1125,  706,  664,  468,  926,  352,  832,  980,  109,  402,  659,  611,  748,  821, 1056,  565,  853,  805,  812],
        [  325,    0,  713,  204,  207,  793,  493,  533,  482,  806,  242,  841,    0,  763,  770,  703,  872,  691,  697,  395,  494,  816,  111,  456,  679,  709,  966,  681,  202,  392,  721,  343,  243,  481,  228,  720,  607,  935,  522,  101,  412, 1020,  608,  761,  737,  904,  794,  696, 1079,  858,  779,  712,  248,  106, 1052,  928,   98,  790,  736,  826,  222,  512,  551,  552,  856,  683,  525,  592,  165,  758,  502,  970,  804,  822,  164,  203,  288,  866,  421,  538,  325,   86,  920,  477,  567,  122, 1140,  694,  378, 1044,  275,   27,  653,  270,  492,  787,  307,  488,  887,  498,  359,  161,  282,  608,  897,  412,  702,  858,  139,  721,  179,  420,  803,  506,  376,  600,  797,  725,  229,  631,  726,  870,  842,  213,  481,  617,   56,  441,  688,  235,  188,  894,  838,  118,  476,  821,  200,  263,  297,  712,  225,  728,  641,  235,  111,  544,  645,  643,   81,  703,  326,  231,  632,  560,  174,  316,  436,  508,  798,  401,  775,  751,  440,  224,  910,  116,  529,  311,  684,  863,  582,  815],
        [  578,    0, 1209,  915,  893,   38,  599,  808,  283,  443,  785,   80,  763,    0, 1255,  452,  394,  659,  777,  478,  324,  949,  656,  760,  399, 1121,  694, 1176,  893,  969,   68,  422,  578, 1063,  774, 1129,  364,  952,  895,  682,  678,  821,  901,  590,  385,  883,  428,  891,  945,  593,  975,  787,  898,  863,  888,  958,  752,  382,  663,  109,  768,  917, 1026,  215, 1064,   85,  936,  720,  921,  608, 1087,  969,  800,  785,  756,  679,  850,  667,  691,  898,  813,  692,  870,  636,  393,  725,  925, 1022,  702,  927,  644,  787,  132,  973,  374, 1086,  513,  307,  790,  913, 1002,  841,  837,  912,  952, 1024, 1136,  985,  733,  896,  691,  583, 1215, 1027,  940,  425,  848,  618,  545,  646, 1149,  953,  589,  766,  956,  711,  776,  536,   97,  914,  910,  686,  819,  772,  289, 1172,  876,  637,  484,  541,  933,  670,  743,  531,  684,  889,  867,  968,  706,  944,  603,  683,  959, 1064,  627,  597,  402,  870,  349,  771,  942,   73,  324,  585,  611,  672,  769,  984,  536,  831,  759,  787],
        [  701,    0,   57,  589,  911, 1292,  660,  453, 1026,  984,  558, 1310,  770, 1255,    0,  890, 1090,  692,  574,  787,  936,  494,  793,  495,  919,  151,  939,   90,  577,  378, 1189,  933,  750,  296,  573,  149,  911,  638,  360,  753,  578,  887,  375,  815,  971,  673,  984,  444,  844,  907,  419,  575,  525,  781,  865,  621,  688, 1018,  724, 1253,  582,  339,  239, 1069,  401, 1174,  320,  569,  785,  795,  280,  665,  647,  682,  632,  663,  494,  846,  566,  358,  488,  838,  707,  621,  872,  686,  955,  277,  561,  814,  654,  774, 1124,  540,  882,  282,  788,  962,  750,  344,  428,  610,  503,  362,  588,  368,  126,  500,  909,  459,  669,  673,  116,  268,  396,  856,  588,  758,  826,  666,  125,  554,  894,  589,  316,  591,  716,  720, 1158,  545,  609,  860,  664,  661, 1019,  207,  574,  667,  847,  820,  572,  710,  572,  898,  868,  369,  434,  311,  842,  384,  673,  641,  316,  215,  915,  684,  862,  385, 1051,  492,  455, 1202, 1010,  757,  949,  748,  494,  484,  804,  679,  523,  673],
        [  385,    0,  856,  758,  898,  486,  267,  445,  404,  111,  580,  477,  703,  452,  890,    0,  207,  219,  345,  309,  284,  508,  603,  433,   56,  744,  299,  826,  727,  705,  387,  458,  460,  779,  577,  749,  131,  500,  548,  603,  383,  403,  516,  140,   83,  432,  104,  473,  514,  181,  546,  352,  703,  806,  463,  507,  637,  129,  213,  403,  576,  578,  693,  380,  630,  398,  595,  322,  862,  157,  800,  518,  350,  334,  600,  522,  621,  234,  387,  543,  561,  673,  420,  306,  150,  602,  522,  627,  424,  491,  452,  729,  353,  794,  241,  674,  401,  318,  342,  580,  771,  688,  610,  530,  501,  767,  765,  541,  757,  471,  545,  311,  826,  718,  678,  105,  402,  168,  498,  227,  771,  505,  169,  579,  641,  302,  682,  273,  371,  733,  762,  258,  368,  642,  401,  766,  707,  457,  437,   90,  767,  223,  326,  551,  686,  530,  464,  582,  690,  533,  394,  505,  576,  738,  661,  399,  292,  525,  161,  475,  510,  382,  433,  480,  225,  587,  404,  778,   92,  380,  368,  336],
        [  571,    0, 1058,  950, 1055,  417,  472,  650,  481,  108,  777,  384,  872,  394, 1090,  207,    0,  403,  528,  480,  395,  674,  766,  640,  203,  942,  312, 1029,  921,  911,  347,  579,  632,  985,  773,  946,  266,  627,  753,  772,  587,  444,  716,  287,  141,  557,  107,  661,  573,  235,  724,  532,  900,  977,  513,  638,  817,   85,  380,  305,  770,  784,  899,  429,  799,  379,  801,  523, 1035,  309, 1007,  635,  501,  475,  788,  707,  823,  317,  593,  748,  764,  829,  534,  512,  308,  783,  537,  821,  627,  561,  641,  898,  353,  990,  381,  859,  565,  417,  452,  787,  974,  878,  811,  730,  643,  973,  965,  700,  904,  655,  729,  510, 1020,  925,  884,  285,  561,  339,  652,  426,  969,  655,  238,  773,  848,  500,  859,  466,  350,  929,  952,  327,  508,  825,  481,  954,  900,  645,  585,  272,  961,  393,  520,  687,  836,  735,  659,  780,  846,  722,  584,  694,  775,  944,  801,  587,  437,  732,   76,  681,  685,  325,  522,  650,  233,  758,  610,  979,  287,  512,  570,  481],
        [  374,    0,  663,  684,  897,  695,  199,  274,  546,  296,  504,  692,  691,  659,  692,  219,  403,    0,  127,  354,  419,  291,  613,  297,  265,  542,  299,  636,  653,  574,  593,  548,  470,  628,  507,  545,  301,  311,  376,  598,  290,  330,  320,  125,  301,  252,  299,  258,  396,  226,  327,  133,  614,  783,  364,  313,  605,  339,   48,  620,  509,  409,  519,  545,  411,  596,  423,  141,  831,  107,  647,  336,  152,  151,  551,  489,  523,  192,  286,  367,  456,  688,  254,  216,  285,  573,  450,  420,  332,  364,  416,  715,  547,  704,  357,  458,  435,  456,  201,  416,  652,  626,  514,  334,  299,  634,  567,  326,  780,  254,  513,  275,  617,  557,  551,  241,  190,   67,  536,   60,  569,  295,  211,  515,  483,  112,  655,  270,  571,  649,  694,  217,  180,  600,  541,  552,  632,  428,  494,  134,  688,   38,  121,  608,  708,  352,  258,  381,  703,  319,  367,  463,  377,  565,  704,  378,  384,  358,  375,  355,  291,  592,  561,  491,  276,  582,  240,  674,  128,  200,  185,  148],
        [  407,    0,  549,  653,  902,  813,  241,  200,  636,  421,  481,  814,  697,  777,  574,  345,  528,  127,    0,  418,  513,  174,  635,  254,  388,  424,  379,  525,  622,  507,  710,  616,  503,  546,  489,  426,  415,  243,  289,  613,  286,  366,  214,  245,  427,  208,  425,  133,  391,  333,  202,   16,  576,  778,  377,  239,  604,  466,  152,  743,  492,  322,  422,  646,  288,  710,  332,  106,  821,  224,  562,  276,  114,  142,  543,  496,  484,  278,  276,  276,  417,  709,  227,  235,  392,  575,  472,  299,  319,  355,  429,  718,  659,  661,  449,  332,  484,  549,  217,  332,  592,  605,  478,  227,  214,  564,  450,  215,  803,  128,  519,  311,  494,  469,  488,  353,  103,  190,  578,  133,  450,  198,  321,  500,  400,   88,  654,  326,  686,  612,  665,  296,  147,  593,  631,  426,  603,  443,  549,  261,  653,  138,   57,  656,  734,  261,  144,  267,  723,  195,  391,  467,  264,  468,  740,  405,  464,  278,  502,  316,  166,  712,  645,  523,  377,  598,  181,  623,  254,  171,  120,  132],
        [  104,    0,  738,  479,  589,  515,  179,  361,  244,  411,  320,  543,  395,  478,  787,  309,  480,  354,  418,    0,  154,  583,  294,  297,  284,  663,  588,  704,  451,  493,  417,  199,  153,  586,  312,  671,  215,  653,  431,  295,  210,  663,  460,  388,  343,  601,  399,  487,  747,  475,  581,  432,  441,  500,  708,  652,  337,  397,  390,  501,  307,  448,  553,  282,  672,  394,  468,  322,  557,  390,  610,  682,  498,  504,  314,  232,  379,  497,  224,  437,  337,  365,  606,  198,  173,  304,  787,  580,  227,  716,  176,  422,  347,  526,  115,  659,   92,  177,  552,  443,  534,  405,  366,  469,  630,  551,  674,  626,  450,  503,  251,  123,  761,  550,  465,  206,  517,  365,  193,  304,  689,  615,  460,  308,  481,  331,  379,   92,  384,  464,  479,  525,  529,  347,  238,  733,  431,  174,  141,  332,  492,  387,  365,  257,  379,  431,  449,  523,  382,  527,  127,  224,  513,  589,  361,  123,   77,  406,  408,  297,  558,  437,  239,  172,  525,  280,  328,  525,  305,  551,  343,  500],
        [  255,    0,  889,  613,  665,  361,  296,  499,  128,  358,  467,  390,  494,  324,  936,  284,  395,  419,  513,  154,    0,  686,  384,  443,  237,  808,  583,  855,  588,  646,  264,  185,  271,  739,  457,  816,  155,  729,  578,  399,  358,  682,  596,  405,  278,  668,  342,  606,  785,  465,  697,  525,  585,  600,  738,  731,  458,  323,  441,  352,  452,  598,  705,  138,  788,  240,  617,  433,  659,  415,  764,  754,  570,  566,  448,  368,  530,  511,  371,  583,  490,  441,  666,  327,  142,  427,  803,  717,  379,  758,  324,  520,  194,  666,   64,  791,  202,   38,  598,  593,  683,  538,  516,  606,  715,  703,  821,  727,  511,  617,  383,  264,  905,  704,  618,  192,  602,  404,  266,  384,  835,  706,  453,  451,  634,  433,  492,  220,  230,  605,  610,  537,  597,  473,  123,  870,  569,  319,  198,  345,  628,  443,  467,  293,  445,  575,  574,  662,  458,  653,  280,  367,  652,  742,  406,  274,   79,  553,  319,  449,  669,  285,  151,  284,  507,  386,  462,  670,  325,  615,  464,  565],
        [  557,    0,  486,  734, 1016,  984,  405,  284,  809,  570,  583,  982,  816,  949,  494,  508,  674,  291,  174,  583,  686,    0,  770,  361,  555,  352,  459,  470,  706,  550,  882,  780,  650,  559,  593,  350,  587,  155,  326,  743,  421,  394,  228,  389,  588,  180,  576,  122,  359,  454,   76,  163,  653,  886,  373,  140,  720,  620,  298,  910,  599,  353,  416,  820,  126,  883,  353,  262,  921,  367,  567,  188,  176,  208,  655,  624,  566,  380,  408,  310,  506,  842,  214,  390,  565,  696,  466,  234,  444,  326,  565,  835,  833,  728,  622,  215,  641,  722,  264,  367,  639,  701,  563,  235,  104,  597,  383,   44,  935,   96,  644,  469,  392,  477,  539,  526,  114,  343,  729,  306,  373,   68,  446,  607,  427,  255,  768,  491,  859,  689,  750,  387,  181,  704,  803,  307,  689,  580,  708,  420,  730,  287,  221,  809,  869,  298,  174,  238,  855,  142,  538,  593,  243,  456,  884,  552,  635,  329,  658,  417,   49,  882,  815,  668,  486,  730,  290,  681,  418,  191,  248,  199],
        [  239,    0,  737,  278,  296,  687,  414,  492,  374,  704,  237,  733,  111,  656,  793,  603,  766,  613,  635,  294,  384,  770,    0,  412,  576,  712,  876,  703,  265,  422,  612,  235,  146,  518,  221,  723,  501,  877,  504,   40,  352,  939,  579,  672,  633,  839,  691,  653, 1007,  765,  742,  650,  294,  216,  976,  872,  117,  685,  656,  716,  213,  501,  561,  443,  825,  575,  517,  530,  275,  671,  541,  911,  737,  752,  162,  150,  300,  779,  364,  518,  315,   76,  852,  405,  463,  108, 1061,  678,  326,  973,  208,  136,  544,  343,  385,  770,  204,  378,  813,  488,  410,  213,  290,  581,  843,  455,  710,  813,  169,  677,  134,  338,  810,  526,  400,  500,  738,  640,  118,  555,  733,  819,  750,  205,  485,  551,  123,  351,  579,  294,  267,  807,  771,  144,  368,  815,  254,  193,  187,  620,  298,  650,  579,  135,   99,  520,  604,  623,   91,  669,  247,  180,  612,  578,  125,  235,  329,  485,  691,  366,  732,  642,  333,  125,  816,   46,  480,  372,  592,  795,  526,  746],
        [  227,    0,  450,  399,  658,  798,  174,   80,  541,  540,  229,  817,  456,  760,  495,  433,  640,  297,  254,  297,  443,  361,  412,    0,  448,  366,  596,  417,  369,  280,  695,  468,  306,  346,  237,  375,  425,  483,  136,  383,   87,  611,  174,  410,  507,  460,  535,  242,  645,  516,  330,  268,  324,  530,  629,  475,  360,  560,  344,  763,  242,  157,  270,  577,  415,  679,  177,  162,  570,  396,  367,  518,  367,  392,  296,  264,  231,  489,   73,  141,  164,  483,  480,  133,  383,  335,  723,  289,   90,  609,  212,  475,  630,  411,  387,  375,  319,  471,  465,  155,  356,  352,  225,  180,  443,  341,  378,  403,  574,  267,  284,  179,  464,  286,  255,  375,  349,  355,  388,  244,  393,  415,  500,  250,  210,  192,  409,  225,  664,  359,  412,  513,  401,  346,  534,  440,  349,  228,  385,  387,  400,  332,  205,  469,  510,  134,  192,  231,  495,  259,  202,  234,  221,  312,  530,  215,  370,  110,  587,   62,  321,  709,  531,  322,  568,  370,   75,  379,  363,  425,  134,  384],
        [  370,    0,  882,  748,  870,  433,  276,  469,  352,  129,  574,  428,  679,  399,  919,   56,  203,  265,  388,  284,  237,  555,  576,  448,    0,  774,  349,  851,  719,  712,  333,  416,  437,  790,  570,  780,   83,  554,  569,  579,  388,  457,  547,  195,   63,  486,  115,  512,  570,  232,  589,  396,  698,  784,  518,  561,  619,  119,  265,  356,  568,  598,  714,  325,  675,  343,  616,  353,  840,  212,  813,  573,  402,  387,  587,  507,  621,  289,  395,  567,  563,  644,  475,  317,  114,  584,  575,  661,  427,  546,  440,  705,  297,  788,  200,  713,  373,  269,  398,  599,  773,  677,  609,  559,  554,  774,  795,  590,  724,  513,  529,  308,  859,  734,  685,   83,  451,  220,  466,  264,  802,  555,  221,  571,  657,  336,  662,  264,  316,  727,  751,  313,  421,  626,  350,  803,  698,  444,  403,  143,  759,  273,  363,  514,  654,  554,  499,  614,  661,  570,  382,  492,  606,  757,  626,  385,  255,  546,  140,  484,  554,  330,  384,  456,  271,  564,  428,  777,  138,  434,  398,  389],
        [  585,    0,  134,  552,  873, 1159,  523,  314,  906,  835,  477, 1174,  709, 1121,  151,  744,  942,  542,  424,  663,  808,  352,  712,  366,  774,    0,  790,  121,  533,  331, 1055,  824,  647,  282,  492,   12,  771,  502,  233,  674,  453,  743,  228,  665,  825,  530,  836,  294,  708,  756,  277,  425,  477,  739,  725,  486,  618,  871,  574, 1114,  500,  221,  160,  943,  277, 1042,  202,  423,  754,  645,  278,  532,  499,  534,  556,  571,  422,  696,  439,  226,  398,  766,  564,  486,  734,  609,  817,  127,  443,  676,  549,  718,  992,  516,  751,  154,  676,  836,  603,  230,  405,  554,  428,  215,  451,  346,   32,  365,  846,  310,  581,  545,  101,  217,  339,  714,  441,  608,  727,  518,   28,  416,  744,  508,  229,  443,  654,  589, 1025,  504,  571,  711,  517,  593,  899,  124,  525,  563,  738,  671,  539,  560,  423,  804,  797,  234,  284,  162,  773,  234,  558,  546,  169,  168,  836,  570,  736,  258,  904,  376,  311, 1066,  894,  657,  799,  666,  354,  460,  656,  533,  377,  524],
        [  641,    0,  921,  979, 1169,  721,  479,  566,  701,  254,  798,  693,  966,  694,  939,  299,  312,  299,  379,  588,  583,  459,  876,  596,  349,  790,    0,  899,  948,  871,  638,  754,  730,  920,  800,  791,  429,  361,  664,  868,  584,  133,  592,  205,  326,  297,  270,  499,  263,  118,  527,  373,  911, 1064,  202,  376,  887,  314,  252,  613,  801,  697,  800,  671,  580,  662,  708,  437, 1115,  210,  937,  358,  293,  257,  838,  770,  821,  107,  582,  652,  754,  949,  265,  505,  447,  854,  232,  664,  626,  255,  696,  991,  624, 1002,  537,  671,  679,  616,  196,  705,  951,  918,  812,  605,  393,  930,  819,  470, 1037,  481,  794,  548,  846,  845,  848,  398,  353,  247,  781,  355,  815,  416,  131,  807,  773,  406,  936,  526,  632,  945,  988,   84,  279,  886,  698,  765,  927,  706,  725,  257,  984,  264,  405,  841,  965,  637,  521,  641,  966,  557,  641,  746,  639,  846,  948,  650,  585,  649,  346,  653,  488,  622,  732,  751,   84,  852,  535,  973,  284,  269,  476,  267],
        [  616,    0,   35,  503,  826, 1213,  586,  383,  942,  923,  468, 1234,  681, 1176,   90,  826, 1029,  636,  525,  704,  855,  470,  703,  417,  851,  121,  899,    0,  490,  289, 1111,  846,  662,  211,  484,  126,  838,  622,  284,  664,  498,  857,  316,  761,  905,  647,  922,  401,  828,  856,  395,  528,  437,  695,  842,  606,  598,  954,  672, 1178,  492,  260,  153,  986,  397, 1094,  241,  507,  700,  741,  198,  652,  609,  644,  542,  574,  404,  801,  486,  285,  399,  748,  681,  546,  798,  596,  936,  239,  478,  795,  567,  686, 1045,  456,  802,  274,  702,  880,  716,  263,  343,  521,  413,  302,  570,  283,   90,  485,  820,  420,  580,  593,  153,  178,  306,  784,  554,  703,  737,  604,  108,  535,  843,  499,  229,  531,  627,  641, 1080,  458,  523,  817,  630,  571,  935,  225,  486,  580,  760,  760,  487,  658,  515,  809,  779,  297,  382,  259,  752,  345,  588,  553,  262,  126,  826,  599,  780,  309,  986,  408,  427, 1125,  925,  669,  901,  658,  424,  399,  742,  647,  460,  634],
        [  352,    0,  520,   32,  341,  927,  474,  430,  614,  837,  151,  967,  202,  893,  577,  727,  921,  653,  622,  451,  588,  706,  265,  369,  719,  533,  948,  490,    0,  204,  842,  482,  318,  284,  151,  544,  661,  843,  385,  228,  365,  976,  481,  749,  780,  826,  828,  585, 1013,  854,  655,  636,   58,  207,  997,  833,  150,  836,  701,  938,  152,  365,  374,  679,  721,  809,  373,  528,  224,  740,  303,  879,  735,  760,  140,  221,  142,  842,  367,  402,  206,  282,  848,  444,  616,  171, 1090,  543,  322,  977,  280,  201,  771,   81,  564,  633,  386,  594,  833,  351,  157,   53,  146,  478,  799,  213,  522,  744,  338,  612,  205,  417,  622,  320,  195,  636,  714,  702,  354,  594,  547,  768,  838,  148,  313,  557,  153,  456,  807,   33,   45,  869,  768,  125,  608,  652,   21,  279,  410,  711,   42,  690,  573,  397,  311,  412,  534,  499,  281,  576,  337,  229,  490,  374,  369,  335,  515,  378,  852,  307,  660,  868,  579,  309,  907,  232,  442,  110,  684,  793,  502,  752],
        [  391,    0,  321,  221,  544, 1005,  439,  309,  708,  814,  197, 1036,  392,  969,  378,  705,  911,  574,  507,  493,  646,  550,  422,  280,  712,  331,  871,  289,  204,    0,  909,  594,  409,   99,  212,  342,  674,  699,  227,  382,  325,  873,  324,  689,  773,  695,  808,  435,  886,  794,  488,  518,  149,  410,  881,  686,  312,  828,  620,  993,  220,  198,  173,  763,  542,  884,  198,  434,  423,  675,  124,  734,  618,  648,  261,  310,  128,  764,  319,  243,  157,  462,  722,  400,  629,  314,  977,  356,  287,  851,  327,  397,  839,  189,  605,  443,  463,  663,  724,  184,   89,  232,  140,  316,  650,   63,  319,  583,  531,  463,  309,  411,  419,  117,   29,  633,  583,  634,  474,  522,  344,  616,  779,  225,  126,  465,  338,  459,  876,  174,  241,  787,  649,  285,  701,  452,  198,  335,  510,  665,  208,  607,  469,  538,  492,  256,  389,  322,  465,  411,  367,  296,  314,  171,  542,  373,  568,  232,  852,  231,  502,  930,  683,  410,  846,  379,  336,  136,  641,  672,  396,  639],
        [  519,    0, 1145,  865,  862,  105,  533,  742,  242,  386,  728,  127,  721,   68, 1189,  387,  347,  593,  710,  417,  264,  882,  612,  695,  333, 1055,  638, 1111,  842,  909,    0,  380,  525, 1002,  718, 1062,  296,  887,  830,  636,  614,  764,  834,  526,  323,  819,  371,  823,  886,  535,  908,  720,  844,  823,  830,  893,  704,  325,  597,  110,  712,  852,  962,  171,  997,   45,  871,  652,  882,  544, 1027,  905,  734,  720,  703,  625,  792,  607,  626,  832,  753,  654,  806,  570,  326,  675,  870,  955,  639,  867,  586,  746,   72,  921,  310, 1019,  458,  250,  727,  849,  945,  790,  779,  845,  886,  966, 1070,  918,  702,  829,  638,  519, 1148,  965,  881,  357,  782,  552,  498,  579, 1083,  886,  529,  711,  893,  644,  731,  471,   35,  861,  860,  626,  754,  723,  247, 1104,  824,  580,  435,  476,  882,  604,  675,  493,  648,  823,  800,  902,  669,  877,  543,  627,  893, 1001,  594,  537,  342,  804,  295,  708,  875,   35,  286,  533,  555,  625,  703,  930,  470,  767,  691,  722],
        [  241,    0,  881,  501,  491,  453,  376,  541,  140,  540,  398,  499,  343,  422,  933,  458,  579,  548,  616,  199,  185,  780,  235,  468,  416,  824,  754,  846,  482,  594,  380,    0,  186,  692,  384,  834,  334,  850,  594,  262,  383,  844,  639,  564,  462,  798,  525,  680,  936,  637,  773,  630,  496,  444,  894,  850,  335,  507,  581,  486,  377,  604,  694,  210,  864,  341,  623,  519,  503,  570,  717,  880,  694,  699,  351,  285,  467,  673,  398,  603,  450,  275,  801,  391,  309,  311,  967,  756,  384,  906,  279,  367,  313,  562,  218,  841,  150,  164,  743,  595,  608,  429,  454,  647,  828,  641,  830,  823,  333,  697,  290,  312,  924,  677,  567,  357,  715,  551,  128,  500,  849,  813,  624,  373,  618,  529,  356,  290,  347,  506,  493,  701,  725,  358,  134,  907,  467,  267,   87,  505,  519,  579,  562,  116,  273,  600,  638,  699,  291,  715,  268,  299,  688,  723,  226,  255,  171,  570,  503,  449,  753,  411,   99,  184,  682,  254,  513,  581,  481,  747,  536,  695],
        [   98,    0,  697,  342,  441,  612,  273,  385,  304,  564,  214,  650,  243,  578,  750,  460,  632,  470,  503,  153,  271,  650,  146,  306,  437,  647,  730,  662,  318,  409,  525,  186,    0,  507,  201,  657,  366,  745,  421,  143,  231,  794,  479,  526,  495,  703,  551,  538,  865,  620,  630,  518,  321,  347,  833,  742,  189,  550,  512,  620,  194,  427,  511,  365,  718,  493,  445,  398,  404,  525,  532,  778,  600,  613,  179,  103,  283,  633,  244,  432,  265,  220,  714,  269,  325,  156,  917,  590,  217,  832,   99,  269,  453,  397,  256,  679,   71,  276,  671,  417,  428,  267,  270,  485,  714,  458,  651,  693,  311,  560,  114,  197,  747,  491,  382,  358,  606,  495,   83,  413,  671,  693,  604,  191,  434,  416,  228,  206,  490,  337,  339,  662,  633,  203,  297,  737,  300,   84,  102,  474,  358,  506,  446,  164,  239,  431,  491,  533,  237,  564,  113,  114,  522,  539,  238,   99,  203,  398,  559,  275,  616,  550,  275,   22,  671,  128,  365,  407,  446,  657,  402,  607],
        [  485,    0,  240,  294,  616, 1099,  515,  356,  805,  886,  295, 1128,  481, 1063,  296,  779,  985,  628,  546,  586,  739,  559,  518,  346,  790,  282,  920,  211,  284,   99, 1002,  692,  507,    0,  310,  292,  758,  712,  258,  478,  405,  909,  343,  749,  850,  718,  881,  454,  909,  853,  490,  555,  234,  486,  910,  698,  406,  904,  673, 1083,  318,  224,  145,  859,  528,  978,  216,  488,  490,  733,   25,  746,  652,  684,  358,  408,  226,  815,  397,  270,  250,  554,  747,  475,  714,  410, 1006,  341,  371,  874,  423,  483,  932,  245,  696,  416,  560,  758,  760,  215,  133,  320,  239,  332,  661,   73,  262,  587,  619,  480,  408,  495,  355,   82,  126,  714,  609,  692,  572,  582,  288,  626,  838,  323,  147,  517,  428,  544,  969,  251,  314,  836,  680,  379,  798,  405,  282,  432,  608,  731,  277,  659,  516,  636,  584,  285,  414,  321,  556,  417,  460,  394,  316,  116,  636,  467,  661,  271,  930,  308,  510, 1022,  781,  508,  903,  476,  390,  189,  708,  702,  445,  674],
        [  209,    0,  518,  182,  424,  809,  324,  310,  504,  688,   16,  844,  228,  774,  573,  577,  773,  507,  489,  312,  457,  593,  221,  237,  570,  492,  800,  484,  151,  212,  718,  384,  201,  310,    0,  503,  516,  720,  295,  183,  218,  834,  381,  600,  632,  695,  678,  472,  878,  704,  552,  503,  130,  293,  858,  712,  132,  688,  555,  809,    9,  286,  341,  563,  628,  689,  301,  389,  333,  592,  335,  755,  600,  623,   66,  100,   85,  695,  222,  310,   98,  276,  715,  296,  471,  118,  951,  467,  176,  843,  136,  244,  647,  219,  426,  560,  262,  469,  693,  273,  229,  119,   73,  380,  679,  257,  489,  634,  360,  498,   98,  267,  590,  307,  186,  488,  585,  554,  263,  448,  512,  650,  688,   17,  265,  417,  177,  307,  684,  157,  189,  722,  634,  113,  497,  599,  130,  139,  302,  561,  190,  545,  436,  329,  306,  316,  420,  415,  284,  475,  191,   91,  405,  359,  345,  191,  381,  280,  706,  178,  550,  741,  476,  200,  758,  176,  312,  214,  534,  659,  370,  615],
