{
    "name": "random-53-26871",
    "comment": "size=53 seed=26871",
    "nodes": ["+0", "-0", "+1", "-1", "+2", "-2", "+3", "-3", "+4", "-4", "+5", "-5", "+6", "-6", "+7", "-7", "+8", "-8", "+9", "-9", "+10", "-10", "+11", "-11", "+12", "-12", "+13", "-13", "+14", "-14", "+15", "-15", "+16", "-16", "+17", "-17", "+18", "-18", "+19", "-19", "+20", "-20", "+21", "-21", "+22", "-22", "+23", "-23", "+24", "-24", "+25", "-25", "+26", "-26", "+27", "-27", "+28", "-28", "+29", "-29", "+30", "-30", "+31", "-31", "+32", "-32", "+33", "-33", "+34", "-34", "+35", "-35", "+36", "-36", "+37", "-37", "+38", "-38", "+39", "-39", "+40", "-40", "+41", "-41", "+42", "-42", "+43", "-43", "+44", "-44", "+45", "-45", "+46", "-46", "+47", "-47", "+48", "-48", "+49", "-49", "+50", "-50", "+51", "-51", "+52", "-52", "+53", "-53"],
    "precedence": {
        "+0": "-0",
        "+1": "-1",
        "+2": "-2",
        "+3": "-3",
        "+4": "-4",
        "+5": "-5",
        "+6": "-6",
        "+7": "-7",
        "+8": "-8",
        "+9": "-9",
        "+10": "-10",
        "+11": "-11",
        "+12": "-12",
        "+13": "-13",
        "+14": "-14",
        "+15": "-15",
        "+16": "-16",
        "+17": "-17",
        "+18": "-18",
        "+19": "-19",
        "+20": "-20",
        "+21": "-21",
        "+22": "-22",
        "+23": "-23",
        "+24": "-24",
        "+25": "-25",
        "+26": "-26",
        "+27": "-27",
        "+28": "-28",
        "+29": "-29",
        "+30": "-30",
        "+31": "-31",
        "+32": "-32",
        "+33": "-33",
        "+34": "-34",
        "+35": "-35",
        "+36": "-36",
        "+37": "-37",
        "+38": "-38",
        "+39": "-39",
        "+40": "-40",
        "+41": "-41",
        "+42": "-42",
        "+43": "-43",
        "+44": "-44",
        "+45": "-45",
        "+46": "-46",
        "+47": "-47",
        "+48": "-48",
        "+49": "-49",
        "+50": "-50",
        "+51": "-51",
        "+52": "-52",
        "+53": "-53"
    },
    "edges": [
        [    0,    0,  711,  981,  664,  156,  620,  313,  307,  735,   86,  830,  390,  517,  429,  692,  641,  406,  555,  227,  457,   68,  848,  441,  517,  725,  463,  622,  330,  480,  451,  703,  493,  869,  720,  276,  741,  882,  494,  637,  720,  675,  213,  185,  416,  388,  688,  207,  525,  247,  318,  158,  855,  710,  400,  839,  605,  166,  793,  849,  405,  338,  517,  356,  330,  448,  831,  392,  473,  828,  915,  892,  492,  570,  947,  218,  895,  508,  629,  543,  472,   47,  614,  922,  565,  875,  727,  901,  943,  735,  410,  936,  811,  782,  752,  486,  816,   93,  243,  588,  286,  581,  708,  135,  572,  636,  678,  651],
        [    0,    0,    0,    0,    0,    0,    0,    0,    0,    0,    0,    0,    0,    0,    0,    0,    0,    0,    0,    0,    0,    0,    0,    0,    0,    0,    0,    0,    0,    0,    0,    0,    0,    0,    0,    0,    0,    0,    0,    0,    0,    0,    0,    0,    0,    0,    0,    0,    0,    0,    0,    0,    0,    0,    0,    0,    0,    0,    0,    0,    0,    0,    0,    0,    0,    0,    0,    0,    0,    0,    0,    0,    0,    0,    0,    0,    0,    0,    0,    0,    0,    0,    0,    0,    0,    0,    0,    0,    0,    0,    0,    0,    0,    0,    0,    0,    0,    0,    0,    0,    0,    0,    0,    0,    0,    0,    0,    0],
        [  711,    0,    0,  290,  126,  685,  455,  438,  598,  572,  660,  523,  714,  282,  349,  373,   86,  317,  170,  489,  464,  657,  352,  507,  426,  119,  793,  512,  766,  596,  374,  243,  334,  374,  390,  774,  378,  274,  255,  227,  182,   94,  709,  632,  784,  426,  226,  520,  187,  582,  411,  555,  288,  361,  318,  370,  152,  734,  353,  176,  322,  392,  744,  741,  588,  694,  209,  385,  264,  360,  618,  197,  591,  146,  238,  592,  307,  557,  516,  515,  579,  665,  260,  494,  674,  263,  440,  391,  297,  183,  769,  262,  136,  464,  211,  508,  108,  627,  554,  436,  469,  673,  525,  702,  551,  654,  355,  537],
        [  981,    0,  290,    0,  396,  931,  712,  725,  815,  805,  921,  719,  906,  489,  575,  608,  343,  602,  459,  754,  748,  922,  509,  689,  704,  259,  970,  770, 1056,  758,  580,  333,  619,  307,  442, 1063,  594,  378,  493,  490,  283,  368,  996,  875,  974,  645,  336,  800,  462,  816,  667,  829,  220,  590,  601,  329,  437,  979,  543,  133,  577,  648,  900, 1030,  799,  869,  174,  615,  553,  531,  796,  225,  871,  415,  108,  832,  412,  835,  772,  787,  745,  934,  527,  640,  808,  166,  666,  521,  106,  401, 1056,   59,  170,  671,  416,  788,  185,  902,  842,  562,  755,  800,  763,  986,  678,  759,  438,  628],
        [  664,    0,  126,  396,    0,  665,  330,  366,  608,  448,  626,  407,  736,  330,  370,  249,  160,  258,  116,  458,  354,  618,  264,  546,  309,  238,  821,  387,  672,  640,  409,  350,  227,  496,  491,  687,  260,  232,  282,  102,  297,   32,  629,  617,  805,  447,  330,  462,  180,  578,  397,  506,  412,  240,  266,  489,   60,  715,  248,  296,  318,  380,  785,  643,  603,  727,  334,  399,  192,  263,  505,  235,  476,  169,  320,  582,  255,  440,  391,  394,  623,  620,  136,  398,  729,  388,  318,  311,  418,   91,  665,  378,  259,  346,  120,  393,  212,  575,  477,  509,  396,  730,  401,  634,  615,  722,  450,  616],
        [  156,    0,  685,  931,  665,    0,  696,  365,  166,  825,   85,  901,  235,  445,  357,  747,  605,  417,  550,  211,  539,  112,  884,  314,  589,  673,  310,  709,  479,  336,  362,  626,  539,  776,  615,  428,  794,  894,  440,  662,  655,  669,  360,   57,  264,  295,  613,  264,  501,  124,  274,  206,  778,  761,  405,  745,  607,   50,  836,  799,  363,  293,  362,  500,  190,  293,  769,  317,  485,  868,  994,  877,  602,  539,  914,  101,  913,  611,  717,  636,  330,  142,  647,  976,  414,  806,  793,  937,  878,  747,  556,  881,  765,  848,  769,  579,  783,  191,  340,  472,  347,  431,  791,  284,  436,  488,  578,  519],
        [  620,    0,  455,  712,  330,  696,    0,  333,  718,  145,  626,  210,  855,  564,  554,  121,  467,  337,  341,  503,  164,  605,  298,  724,  107,  561,  947,   58,  466,  818,  605,  655,  190,  818,  780,  507,  163,  402,  502,  228,  613,  361,  482,  667,  916,  608,  633,  433,  407,  662,  502,  492,  739,  144,  356,  807,  315,  739,  234,  624,  474,  498,  943,  425,  724,  873,  663,  561,  301,  269,  298,  509,  202,  434,  621,  652,  391,  162,   61,  104,  801,  590,  195,  317,  919,  717,  116,  339,  746,  312,  423,  702,  588,  168,  303,  148,  535,  532,  378,  752,  349,  927,  101,  527,  833,  940,  733,  862],
        [  313,    0,  438,  725,  366,  365,  333,    0,  393,  468,  299,  537,  529,  352,  297,  386,  387,  125,  270,  173,  184,  282,  536,  432,  227,  488,  620,  353,  343,  518,  346,  516,  181,  696,  593,  340,  434,  573,  299,  325,  506,  382,  272,  335,  586,  320,  495,  108,  270,  333,  200,  165,  651,  401,  130,  673,  308,  409,  482,  600,  223,  205,  627,  328,  403,  554,  603,  284,  177,  516,  630,  599,  286,  318,  672,  320,  584,  278,  360,  286,  502,  275,  302,  616,  621,  654,  429,  589,  711,  428,  369,  690,  560,  484,  443,  234,  546,  221,  117,  511,   31,  631,  431,  269,  560,  659,  543,  611],
        [  307,    0,  598,  815,  608,  166,  718,  393,    0,  857,  222,  909,  139,  328,  250,  743,  513,  394,  495,  221,  577,  245,  852,  153,  613,  562,  230,  743,  603,  174,  235,  493,  538,  629,  460,  561,  784,  839,  343,  629,  532,  604,  485,  123,  202,  174,  484,  322,  430,   69,  223,  277,  642,  752,  377,  596,  555,  196,  814,  685,  291,  235,  239,  616,   25,  165,  646,  214,  455,  842, 1008,  795,  669,  457,  813,   95,  862,  667,  751,  679,  166,  277,  623,  963,  263,  676,  799,  905,  750,  696,  670,  761,  655,  850,  722,  626,  686,  304,  417,  314,  388,  278,  817,  416,  271,  330,  428,  354],
        [  735,    0,  572,  805,  448,  825,  145,  468,  857,    0,  751,  143,  995,  706,  698,  201,  596,  481,  477,  640,  287,  728,  328,  868,  244,  685, 1086,  117,  529,  962,  749,  787,  334,  943,  917,  580,  213,  456,  645,  348,  740,  479,  572,  801, 1053,  752,  766,  562,  547,  800,  645,  620,  859,  216,  500,  934,  444,  866,  273,  732,  619,  641, 1085,  484,  865, 1014,  779,  706,  444,  298,  190,  589,  261,  570,  706,  788,  435,  233,  109,  193,  945,  710,  321,  280, 1063,  832,  140,  351,  853,  408,  466,  803,  699,  150,  390,  250,  639,  652,  495,  895,  480, 1071,   48,  629,  977, 1084,  871, 1005],
        [   86,    0,  660,  921,  626,   85,  626,  299,  222,  751,    0,  833,  314,  446,  357,  685,  585,  371,  513,  171,  465,   28,  830,  356,  519,  663,  393,  635,  397,  395,  374,  632,  478,  793,  640,  348,  732,  851,  429,  611,  653,  633,  277,  100,  348,  309,  617,  193,  474,  162,  254,  135,  784,  700,  361,  762,  567,  116,  779,  788,  344,  274,  439,  417,  245,  368,  766,  318,  439,  812,  923,  847,  522,  516,  894,  133,  867,  532,  643,  560,  387,   60,  593,  914,  482,  807,  727,  883,  877,  703,  472,  874,  752,  781,  723,  503,  762,  107,  260,  505,  278,  498,  719,  202,  486,  551,  599,  566],
        [  830,    0,  523,  719,  407,  901,  210,  537,  909,  143,  833,    0, 1047,  709,  719,  174,  566,  517,  470,  702,  374,  813,  214,  897,  314,  640, 1138,  221,  657,  992,  768,  757,  372,  896,  896,  704,  148,  349,  651,  322,  702,  435,  687,  869, 1110,  783,  737,  640,  546,  858,  688,  699,  805,  173,  535,  892,  423,  945,  178,  665,  644,  680, 1126,  613,  913, 1058,  720,  734,  465,  189,  102,  495,  386,  557,  614,  850,  321,  352,  215,  299,  975,  799,  308,  138, 1091,  770,  111,  224,  780,  343,  600,  726,  636,   63,  318,  352,  570,  741,  588,  898,  555, 1096,  138,  736,  992, 1101,  854, 1008],
        [  390,    0,  714,  906,  736,  235,  855,  529,  139,  995,  314, 1047,    0,  435,  369,  880,  629,  532,  625,  356,  713,  342,  986,  218,  751,  664,   92,  880,  710,  166,  341,  576,  676,  685,  510,  661,  921,  965,  462,  764,  625,  729,  591,  221,   70,  291,  571,  452,  556,  198,  360,  402,  716,  889,  514,  652,  685,  237,  949,  782,  421,  370,  128,  728,  136,   69,  734,  338,  591,  976, 1146,  910,  800,  578,  917,  215,  990,  801,  888,  815,  173,  373,  759, 1099,  201,  757,  936, 1038,  832,  826,  783,  850,  755,  988,  853,  761,  794,  413,  543,  362,  522,  219,  955,  516,  275,  286,  489,  360],
        [  517,    0,  282,  489,  330,  445,  564,  352,  328,  706,  446,  709,  435,    0,   90,  537,  197,  252,  240,  295,  484,  452,  592,  226,  484,  235,  511,  610,  686,  316,   95,  187,  379,  359,  241,  670,  564,  545,   62,  390,  210,  314,  593,  389,  505,  157,  172,  376,  164,  327,  202,  383,  339,  537,  236,  331,  293,  492,  571,  358,  132,  184,  463,  676,  315,  413,  325,  129,  265,  590,  811,  476,  613,  161,  486,  345,  575,  592,  616,  574,  299,  471,  402,  723,  400,  362,  604,  640,  434,  420,  720,  437,  327,  646,  449,  539,  360,  453,  453,  190,  373,  401,  659,  557,  287,  395,  192,  301],
        [  429,    0,  349,  575,  370,  357,  554,  297,  250,  698,  357,  719,  369,   90,    0,  546,  264,  221,  264,  211,  452,  364,  627,  180,  464,  318,  452,  594,  617,  276,   52,  275,  365,  442,  308,  596,  580,  597,   94,  412,  299,  362,  518,  301,  439,   79,  260,  302,  191,  241,  120,  301,  427,  551,  203,  413,  323,  404,  597,  443,   81,  104,  417,  612,  240,  358,  413,   41,  257,  621,  821,  545,  574,  210,  565,  258,  623,  558,  601,  548,  258,  384,  415,  750,  372,  451,  611,  678,  523,  461,  658,  524,  411,  657,  489,  507,  437,  369,  386,  215,  312,  377,  653,  476,  280,  387,  260,  318],
        [  692,    0,  373,  608,  249,  747,  121,  386,  743,  201,  685,  174,  880,  537,  546,    0,  403,  349,  298,  542,  252,  667,  180,  724,  186,  487,  970,  173,  577,  820,  595,  595,  209,  745,  731,  613,   51,  282,  478,  154,  545,  280,  579,  711,  944,  611,  575,  493,  374,  694,  520,  550,  660,   24,  366,  738,  255,  793,  116,  532,  472,  511,  955,  537,  745,  888,  578,  562,  293,  152,  275,  397,  320,  388,  512,  689,  271,  280,  173,  222,  803,  657,  136,  230,  918,  631,   70,  226,  652,  208,  540,  604,  498,  111,  192,  255,  439,  601,  457,  726,  409,  923,  156,  615,  819,  928,  687,  836],
        [  641,    0,   86,  343,  160,  605,  467,  387,  513,  596,  585,  566,  629,  197,  264,  403,    0,  263,  137,  416,  445,  584,  416,  422,  419,  105,  707,  521,  725,  512,  288,  193,  316,  353,  332,  727,  418,  352,  171,  250,  147,  135,  658,  551,  699,  341,  172,  458,  120,  499,  333,  488,  282,  397,  260,  341,  153,  655,  406,  214,  243,  314,  659,  704,  503,  609,  220,  301,  224,  419,  664,  282,  577,   72,  310,  511,  384,  546,  526,  511,  495,  594,  276,  554,  591,  273,  473,  459,  325,  241,  737,  304,  175,  504,  270,  494,  178,  560,  503,  359,  417,  591,  548,  644,  471,  576,  291,  463],
        [  406,    0,  317,  602,  258,  417,  337,  125,  394,  481,  371,  517,  532,  252,  221,  349,  263,    0,  151,  207,  234,  361,  468,  388,  244,  363,  622,  374,  465,  482,  272,  399,  149,  579,  490,  464,  390,  481,  192,  245,  385,  269,  396,  374,  596,  271,  378,  206,  146,  348,  172,  249,  529,  358,   19,  558,  199,  467,  423,  476,  140,  164,  610,  447,  397,  541,  479,  225,   69,  454,  617,  487,  362,  194,  552,  346,  497,  342,  382,  328,  464,  363,  233,  570,  583,  531,  407,  521,  587,  333,  484,  566,  436,  457,  353,  290,  424,  318,  241,  429,  154,  590,  437,  386,  500,  605,  440,  537],
        [  555,    0,  170,  459,  116,  550,  341,  270,  495,  477,  513,  470,  625,  240,  264,  298,  137,  151,    0,  344,  309,  506,  364,  443,  284,  241,  711,  393,  598,  539,  307,  317,  180,  486,  440,  605,  325,  347,  184,  151,  281,  120,  540,  502,  693,  338,  295,  357,   77,  463,  281,  398,  418,  298,  156,  472,   61,  600,  334,  339,  205,  265,  681,  574,  491,  620,  354,  289,   95,  357,  571,  337,  440,   94,  403,  467,  369,  410,  398,  376,  521,  511,  163,  487,  631,  409,  367,  414,  456,  202,  604,  428,  298,  407,  228,  358,  277,  468,  385,  428,  301,  635,  430,  536,  525,  634,  394,  538],
        [  227,    0,  489,  754,  458,  211,  503,  173,  221,  640,  171,  702,  356,  295,  211,  542,  416,  207,  344,    0,  357,  168,  673,  286,  398,  498,  447,  525,  423,  360,  243,  481,  333,  652,  515,  395,  587,  685,  267,  451,  494,  463,  315,  170,  413,  192,  464,  111,  303,  160,   93,   92,  631,  555,  194,  623,  399,  260,  627,  622,  178,  112,  458,  426,  233,  384,  605,  179,  275,  658,  798,  676,  449,  346,  724,  149,  703,  447,  533,  459,  346,  181,  437,  769,  462,  649,  592,  727,  716,  537,  477,  709,  585,  646,  559,  405,  593,  159,  207,  401,  167,  474,  602,  267,  421,  510,  469,  485],
        [  457,    0,  464,  748,  354,  539,  164,  184,  577,  287,  465,  374,  713,  484,  452,  252,  445,  234,  309,  357,    0,  443,  427,  606,   67,  549,  804,  171,  334,  696,  503,  615,  131,  790,  719,  364,  302,  503,  424,  270,  587,  381,  327,  514,  769,  491,  593,  275,  352,  516,  375,  333,  726,  274,  251,  773,  313,  580,  365,  639,  371,  375,  810,  299,  586,  737,  662,  449,  230,  402,  460,  576,  133,  392,  672,  503,  503,  109,  179,  103,  679,  428,  234,  474,  799,  716,  274,  476,  760,  378,  314,  726,  599,  329,  381,   56,  564,  369,  215,  663,  194,  808,  254,  366,  727,  830,  670,  769],
        [   68,    0,  657,  922,  618,  112,  605,  282,  245,  728,   28,  813,  342,  452,  364,  667,  584,  361,  506,  168,  443,    0,  815,  375,  499,  665,  420,  613,  369,  418,  384,  639,  462,  803,  653,  321,  715,  841,  432,  598,  657,  626,  250,  126,  376,  321,  623,  175,  470,  183,  256,  118,  790,  683,  352,  773,  558,  141,  763,  789,  345,  276,  466,  389,  268,  394,  770,  326,  429,  797,  902,  841,  496,  513,  892,  154,  855,  507,  620,  537,  409,   33,  579,  897,  506,  812,  707,  869,  881,  693,  444,  876,  752,  762,  712,  479,  760,   81,  236,  521,  259,  522,  697,  175,  507,  574,  611,  585],
        [  848,    0,  352,  509,  264,  884,  298,  536,  852,  328,  830,  214,  986,  592,  627,  180,  416,  468,  364,  673,  427,  815,    0,  805,  361,  468, 1073,  343,  756,  900,  669,  595,  356,  712,  741,  790,  135,  135,  543,  224,  534,  283,  753,  841, 1053,  701,  577,  643,  438,  813,  632,  698,  617,  157,  483,  713,  305,  932,   64,  469,  565,  619, 1043,  717,  850,  983,  530,  652,  402,   30,  288,  284,  498,  431,  403,  813,  109,  459,  341,  400,  883,  810,  238,  143,  991,  577,  199,   54,  577,  176,  719,  521,  445,  179,  146,  434,  374,  756,  622,  771,  562,  993,  296,  783,  878,  986,  704,  878],
        [  441,    0,  507,  689,  546,  314,  724,  432,  153,  868,  356,  897,  218,  226,  180,  724,  422,  388,  443,  286,  606,  375,  805,    0,  628,  449,  287,  760,  705,   97,  138,  359,  536,  480,  310,  671,  759,  768,  264,  591,  408,  535,  592,  264,  286,  117,  354,  396,  368,  196,  233,  368,  502,  729,  369,  447,  501,  348,  776,  565,  253,  232,  240,  710,  130,  188,  517,  164,  432,  800,  998,  701,  718,  380,  701,  225,  796,  708,  767,  707,   79,  404,  594,  929,  196,  541,  787,  855,  616,  637,  762,  633,  539,  835,  665,  660,  581,  416,  491,  162,  438,  203,  824,  532,  137,  227,  280,  211],
        [  517,    0,  426,  704,  309,  589,  107,  227,  613,  244,  519,  314,  751,  484,  464,  186,  419,  244,  284,  398,   67,  499,  361,  628,    0,  520,  842,  132,  398,  721,  515,  598,  108,  769,  712,  429,  236,  441,  423,  217,  564,  338,  394,  561,  810,  512,  576,  327,  338,  556,  402,  385,  699,  207,  262,  755,  276,  632,  299,  601,  383,  399,  842,  361,  621,  771,  630,  467,  221,  336,  405,  522,  168,  373,  623,  546,  439,  132,  140,   93,  704,  485,  180,  409,  823,  685,  211,  410,  723,  322,  371,  685,  562,  266,  322,   85,  521,  427,  277,  669,  243,  831,  205,  431,  743,  848,  664,  778],
        [  725,    0,  119,  259,  238,  673,  561,  488,  562,  685,  663,  640,  664,  235,  318,  487,  105,  363,  241,  498,  549,  665,  468,  449,  520,    0,  735,  617,  828,  528,  328,  131,  420,  259,  279,  827,  495,  378,  235,  338,   67,  208,  756,  618,  733,  390,  119,  551,  218,  559,  410,  576,  179,  477,  358,  252,  248,  721,  471,  126,  320,  390,  675,  807,  548,  634,  116,  358,  328,  477,  736,  267,  680,  170,  253,  575,  413,  649,  622,  611,  513,  678,  367,  610,  595,  169,  556,  505,  225,  301,  840,  212,   93,  581,  329,  597,  137,  649,  603,  349,  516,  591,  638,  738,  467,  564,  249,  440],
        [  463,    0,  793,  970,  821,  310,  947,  620,  230, 1086,  393, 1138,   92,  511,  452,  970,  707,  622,  711,  447,  804,  420, 1073,  287,  842,  735,    0,  971,  789,  213,  420,  638,  767,  730,  556,  737, 1011, 1048,  543,  852,  691,  813,  669,  305,   50,  375,  636,  541,  641,  288,  450,  489,  771,  979,  604,  697,  771,  301, 1037,  848,  509,  460,   97,  809,  226,  102,  797,  423,  680, 1064, 1237,  987,  889,  660,  987,  304, 1075,  891,  979,  905,  226,  451,  848, 1188,  201,  815, 1027, 1125,  890,  911,  864,  913,  825, 1079,  938,  851,  868,  495,  631,  413,  613,  218, 1046,  593,  309,  286,  541,  387],
        [  622,    0,  512,  770,  387,  709,   58,  353,  743,  117,  635,  221,  880,  610,  594,  173,  521,  374,  393,  525,  171,  613,  343,  760,  132,  617,  971,    0,  438,  853,  646,  709,  231,  873,  831,  484,  210,  454,  548,  286,  668,  419,  468,  685,  938,  644,  687,  446,  457,  685,  534,  504,  796,  196,  393,  861,  370,  750,  280,  682,  514,  531,  973,  395,  751,  902,  720,  598,  345,  314,  295,  566,  167,  486,  678,  672,  442,  132,    8,   80,  836,  596,  252,  343,  955,  775,  149,  381,  804,  370,  387,  760,  645,  193,  360,  136,  593,  537,  380,  797,  364,  963,   87,  520,  873,  979,  783,  906],
        [  330,    0,  766, 1056,  672,  479,  466,  343,  603,  529,  397,  657,  710,  686,  617,  577,  725,  465,  598,  423,  334,  369,  756,  705,  398,  828,  789,  438,    0,  768,  659,  857,  447, 1037,  923,   63,  625,  837,  638,  600,  849,  695,  120,  491,  743,  614,  837,  317,  611,  536,  501,  337,  993,  600,  473, 1013,  622,  495,  692,  935,  555,  514,  833,   45,  623,  761,  943,  593,  504,  729,  718,  902,  272,  658,  991,  509,  836,  307,  444,  364,  757,  338,  565,  779,  864,  995,  580,  802, 1050,  709,   87, 1025,  895,  629,  714,  322,  872,  300,  234,  821,  317,  879,  520,  196,  841,  924,  875,  908],
        [  480,    0,  596,  758,  640,  336,  818,  518,  174,  962,  395,  992,  166,  316,  276,  820,  512,  482,  539,  360,  696,  418,  900,   97,  721,  528,  213,  853,  768,    0,  232,  426,  630,  522,  347,  729,  855,  861,  359,  687,  481,  628,  652,  296,  224,  211,  425,  470,  464,  237,  321,  435,  559,  825,  463,  489,  597,  358,  872,  639,  349,  322,  148,  778,  150,  113,  585,  259,  528,  895, 1094,  787,  803,  474,  779,  265,  889,  795,  860,  797,   18,  449,  690, 1025,  104,  603,  883,  950,  677,  731,  831,  701,  616,  931,  760,  749,  663,  472,  566,  201,  521,  115,  918,  586,  111,  157,  329,  197],
        [  451,    0,  374,  580,  409,  362,  605,  346,  235,  749,  374,  768,  341,   95,   52,  595,  288,  272,  307,  243,  503,  384,  669,  138,  515,  328,  420,  646,  659,  232,    0,  264,  416,  419,  273,  635,  627,  632,  127,  457,  298,  397,  556,  306,  411,   68,  253,  342,  232,  241,  158,  335,  416,  598,  254,  389,  365,  407,  641,  450,  133,  146,  377,  655,  221,  322,  412,   66,  307,  664,  869,  569,  624,  243,  580,  262,  659,  609,  652,  600,  215,  407,  462,  794,  325,  446,  660,  718,  519,  500,  703,  527,  420,  705,  528,  558,  454,  399,  430,  166,  360,  329,  704,  510,  229,  336,  228,  267],
        [  703,    0,  243,  333,  350,  626,  655,  516,  493,  787,  632,  757,  576,  187,  275,  595,  193,  399,  317,  481,  615,  639,  595,  359,  598,  131,  638,  709,  857,  426,  264,    0,  492,  180,  148,  847,  609,  509,  222,  442,   67,  322,  772,  569,  642,  331,   23,  557,  264,  504,  388,  568,  153,  588,  389,  159,  344,  671,  593,  216,  310,  370,  569,  844,  474,  537,  160,  314,  385,  602,  854,  395,  748,  226,  361,  525,  544,  721,  714,  691,  413,  658,  467,  736,  480,  184,  665,  633,  258,  423,  883,  276,  201,  696,  452,  667,  262,  639,  625,  232,  541,  475,  740,  740,  351,  441,  120,  314],
        [  493,    0,  334,  619,  227,  539,  190,  181,  538,  334,  478,  372,  676,  379,  365,  209,  316,  149,  180,  333,  131,  462,  356,  536,  108,  420,  767,  231,  447,  630,  416,  492,    0,  665,  605,  466,  255,  404,  318,  157,  460,  252,  415,  502,  739,  419,  470,  289,  232,  487,  318,  345,  598,  223,  168,  649,  183,  585,  302,  508,  285,  311,  758,  417,  542,  689,  531,  372,  115,  336,  471,  456,  261,  267,  547,  480,  410,  231,  238,  200,  613,  455,  126,  438,  731,  586,  261,  409,  629,  265,  439,  595,  469,  314,  275,  179,  434,  401,  271,  566,  207,  738,  289,  433,  644,  751,  557,  675],
        [  869,    0,  374,  307,  496,  776,  818,  696,  629,  943,  793,  896,  685,  359,  442,  745,  353,  579,  486,  652,  790,  803,  712,  480,  769,  259,  730,  873, 1037,  522,  419,  180,  665,    0,  176, 1026,  751,  604,  400,  596,  206,  466,  949,  721,  746,  485,  202,  733,  441,  653,  560,  741,  100,  735,  568,   34,  503,  818,  723,  254,  487,  542,  647, 1023,  607,  634,  185,  478,  562,  725,  989,  463,  923,  399,  383,  677,  641,  895,  878,  862,  513,  824,  625,  854,  545,  151,  813,  742,  202,  554, 1062,  253,  269,  837,  580,  842,  342,  810,  804,  324,  720,  534,  896,  915,  422,  482,  201,  354],
        [  720,    0,  390,  442,  491,  615,  780,  593,  460,  917,  640,  896,  510,  241,  308,  731,  332,  490,  440,  515,  719,  653,  741,  310,  712,  279,  556,  831,  923,  347,  273,  148,  605,  176,    0,  904,  749,  656,  298,  578,  213,  465,  825,  561,  571,  333,  164,  609,  375,  491,  427,  607,  226,  726,  475,  142,  477,  653,  737,  345,  371,  412,  474,  916,  438,  458,  278,  337,  493,  747,  995,  538,  850,  347,  491,  517,  691,  827,  837,  804,  338,  677,  599,  882,  375,  277,  801,  780,  347,  568,  960,  383,  339,  835,  597,  774,  406,  671,  691,  150,  613,  365,  869,  782,  249,  319,   50,  188],
        [  276,    0,  774, 1063,  687,  428,  507,  340,  561,  580,  348,  704,  661,  670,  596,  613,  727,  464,  605,  395,  364,  321,  790,  671,  429,  827,  737,  484,   63,  729,  635,  847,  466, 1026,  904,    0,  662,  864,  626,  621,  843,  708,   80,  445,  691,  586,  827,  295,  610,  494,  478,  305,  987,  635,  469, 1000,  634,  441,  727,  939,  540,  493,  786,  104,  582,  714,  942,  569,  510,  764,  769,  920,  320,  658, 1003,  467,  865,  353,  490,  407,  718,  289,  588,  822,  823,  993,  622,  838, 1051,  730,  149, 1029,  899,  673,  738,  360,  881,  258,  225,  795,  311,  838,  567,  146,  807,  885,  856,  877],
        [  741,    0,  378,  594,  260,  794,  163,  434,  784,  213,  732,  148,  921,  564,  580,   51,  418,  390,  325,  587,  302,  715,  135,  759,  236,  495, 1011,  210,  625,  855,  627,  609,  255,  751,  749,  662,    0,  249,  508,  175,  555,  288,  629,  757,  986,  647,  589,  541,  402,  737,  561,  598,  662,   33,  407,  746,  276,  840,   71,  527,  509,  551,  992,  585,  785,  927,  579,  598,  331,  106,  248,  377,  364,  411,  494,  733,  233,  325,  208,  266,  838,  706,  166,  183,  952,  631,   73,  178,  646,  202,  585,  594,  497,   87,  180,  303,  433,  650,  507,  752,  457,  956,  173,  665,  849,  958,  706,  862],
        [  882,    0,  274,  378,  232,  894,  402,  573,  839,  456,  851,  349,  965,  545,  597,  282,  352,  481,  347,  685,  503,  841,  135,  768,  441,  378, 1048,  454,  837,  861,  632,  509,  404,  604,  656,  864,  249,    0,  506,  249,  444,  236,  817,  847, 1034,  674,  495,  677,  409,  809,  627,  726,  506,  259,  492,  609,  288,  944,  183,  353,  549,  611, 1007,  801,  832,  953,  419,  628,  413,  161,  420,  154,  596,  389,  271,  813,   37,  556,  454,  499,  843,  840,  278,  263,  943,  461,  321,  144,  453,  149,  811,  394,  336,  310,  131,  522,  263,  791,  674,  709,  603,  943,  421,  835,  823,  927,  625,  810],
        [  494,    0,  255,  493,  282,  440,  502,  299,  343,  645,  429,  651,  462,   62,   94,  478,  171,  192,  184,  267,  424,  432,  543,  264,  423,  235,  543,  548,  638,  359,  127,  222,  318,  400,  298,  626,  508,  506,    0,  335,  228,  271,  550,  385,  532,  172,  202,  336,  107,  330,  176,  351,  367,  479,  178,  375,  240,  489,  517,  360,   90,  157,  504,  626,  333,  447,  338,  131,  204,  539,  753,  452,  553,  118,  476,  343,  533,  532,  554,  513,  341,  447,  344,  670,  449,  382,  545,  592,  450,  373,  668,  445,  325,  588,  402,  479,  346,  423,  405,  251,  322,  452,  598,  520,  342,  451,  248,  361],
        [  637,    0,  227,  490,  102,  662,  228,  325,  629,  348,  611,  322,  764,  390,  412,  154,  250,  245,  151,  451,  270,  598,  224,  591,  217,  338,  852,  286,  600,  687,  457,  442,  157,  596,  578,  621,  175,  249,  335,    0,  393,  134,  571,  618,  831,  482,  421,  431,  228,  589,  408,  482,  513,  150,  259,  587,  102,  710,  187,  396,  344,  395,  827,  567,  628,  764,  436,  433,  178,  213,  423,  306,  384,  236,  407,  589,  259,  346,  289,  297,  669,  596,   38,  339,  781,  490,  224,  278,  519,  110,  584,  476,  360,  259,  119,  302,  310,  545,  425,  578,  355,  785,  301,  587,  676,  784,  534,  688],
        [  720,    0,  182,  283,  297,  655,  613,  506,  532,  740,  653,  702,  625,  210,  299,  545,  147,  385,  281,  494,  587,  657,  534,  408,  564,   67,  691,  668,  849,  481,  298,   67,  460,  206,  213,  843,  555,  444,  228,  393,    0,  267,  770,  599,  693,  364,   58,  559,  241,  537,  402,  577,  145,  536,  377,  195,  299,  702,  535,  158,  317,  383,  626,  832,  516,  590,  115,  339,  360,  542,  798,  329,  719,  197,  300,  555,  479,  690,  672,  656,  467,  674,  421,  675,  541,  155,  614,  570,  225,  364,  868,  229,  138,  642,  393,  638,  197,  650,  620,  293,  533,  536,  693,  745,  412,  505,  186,  379],
        [  675,    0,   94,  368,   32,  669,  361,  382,  604,  479,  633,  435,  729,  314,  362,  280,  135,  269,  120,  463,  381,  626,  283,  535,  338,  208,  813,  419,  695,  628,  397,  322,  252,  466,  465,  708,  288,  236,  271,  134,  267,    0,  648,  619,  799,  439,  303,  474,  174,  577,  397,  517,  381,  270,  275,  459,   75,  719,  272,  265,  315,  380,  774,  667,  597,  718,  302,  393,  206,  285,  533,  219,  505,  155,  296,  583,  263,  469,  422,  424,  611,  630,  167,  420,  714,  357,  348,  328,  388,  107,  691,  348,  228,  375,  137,  421,  183,  586,  495,  489,  413,  715,  432,  650,  598,  704,  425,  596],
        [  213,    0,  709,  996,  629,  360,  482,  272,  485,  572,  277,  687,  591,  593,  518,  579,  658,  396,  540,  315,  327,  250,  753,  592,  394,  756,  669,  468,  120,  652,  556,  772,  415,  949,  825,   80,  629,  817,  550,  571,  770,  648,    0,  372,  624,  507,  752,  217,  540,  418,  399,  225,  913,  600,  399,  923,  574,  378,  692,  871,  463,  414,  714,  143,  506,  641,  871,  490,  446,  728,  760,  863,  313,  588,  941,  391,  821,  340,  474,  388,  641,  219,  539,  798,  747,  921,  597,  803,  981,  679,  197,  961,  831,  650,  689,  336,  817,  182,  155,  715,  242,  762,  554,   79,  728,  808,  778,  798],
        [  185,    0,  632,  875,  617,   57,  667,  335,  123,  801,  100,  869,  221,  389,  301,  711,  551,  374,  502,  170,  514,  126,  841,  264,  561,  618,  305,  685,  491,  296,  306,  569,  502,  721,  561,  445,  757,  847,  385,  618,  599,  619,  372,    0,  264,  239,  557,  242,  450,   70,  223,  187,  722,  724,  360,  689,  559,  104,  796,  743,  310,  241,  342,  508,  147,  270,  713,  261,  441,  827,  964,  825,  589,  486,  860,   45,  866,  593,  692,  614,  288,  158,  605,  939,  382,  750,  760,  895,  822,  700,  563,  825,  709,  814,  723,  558,  729,  193,  328,  420,  321,  398,  765,  299,  391,  451,  523,  472],
        [  416,    0,  784,  974,  805,  264,  916,  586,  202, 1053,  348, 1110,   70,  505,  439,  944,  699,  596,  693,  413,  769,  376, 1053,  286,  810,  733,   50,  938,  743,  224,  411,  642,  739,  746,  571,  691,  986, 1034,  532,  831,  693,  799,  624,  264,    0,  361,  639,  503,  626,  254,  425,  450,  781,  954,  579,  712,  753,  253, 1015,  850,  490,  436,  136,  764,  204,  114,  801,  407,  657, 1043, 1208,  980,  851,  648,  986,  267, 1059,  854,  946,  871,  234,  406,  825, 1165,  234,  823,  999, 1106,  897,  895,  819,  917,  824, 1052,  921,  816,  863,  452,  591,  424,  577,  251, 1015,  547,  329,  320,  552,  411],
        [  388,    0,  426,  645,  447,  295,  608,  320,  174,  752,  309,  783,  291,  157,   79,  611,  341,  271,  338,  192,  491,  321,  701,  117,  512,  390,  375,  644,  614,  211,   68,  331,  419,  485,  333,  586,  647,  674,  172,  482,  364,  439,  507,  239,  361,    0,  320,  298,  267,  174,  121,  282,  484,  617,  252,  454,  397,  340,  668,  514,  139,  117,  346,  614,  162,  283,  478,   50,  318,  693,  884,  623,  605,  288,  640,  194,  700,  594,  651,  591,  194,  345,  482,  820,  312,  513,  673,  752,  586,  537,  664,  592,  483,  721,  564,  545,  513,  342,  391,  209,  329,  320,  708,  455,  240,  340,  291,  296],
        [  688,    0,  226,  336,  330,  613,  633,  495,  484,  766,  617,  737,  571,  172,  260,  575,  172,  378,  295,  464,  593,  623,  577,  354,  576,  119,  636,  687,  837,  425,  253,   23,  470,  202,  164,  827,  589,  495,  202,  421,   58,  303,  752,  557,  639,  320,    0,  538,  242,  493,  371,  551,  168,  568,  367,  181,  322,  659,  574,  214,  292,  353,  569,  823,  466,  534,  163,  300,  363,  584,  835,  385,  725,  203,  357,  513,  529,  698,  692,  668,  411,  642,  446,  718,  484,  194,  644,  617,  267,  405,  861,  280,  195,  675,  434,  645,  253,  622,  605,  235,  520,  479,  718,  722,  354,  448,  131,  323],
        [  207,    0,  520,  800,  462,  264,  433,  108,  322,  562,  193,  640,  452,  376,  302,  493,  458,  206,  357,  111,  275,  175,  643,  396,  327,  551,  541,  446,  317,  470,  342,  557,  289,  733,  609,  295,  541,  677,  336,  431,  559,  474,  217,  242,  503,  298,  538,    0,  339,  256,  184,   59,  701,  509,  203,  707,  403,  306,  590,  671,  247,  198,  561,  317,  337,  486,  664,  276,  270,  624,  731,  693,  349,  386,  757,  237,  689,  352,  454,  373,  456,  167,  408,  723,  571,  712,  534,  696,  775,  530,  367,  760,  632,  589,  547,  317,  627,  115,   97,  504,   85,  583,  528,  187,  531,  620,  561,  593],
        [  525,    0,  187,  462,  180,  501,  407,  270,  430,  547,  474,  546,  556,  164,  191,  374,  120,  146,   77,  303,  352,  470,  438,  368,  338,  218,  641,  457,  611,  464,  232,  264,  232,  441,  375,  610,  402,  409,  107,  228,  241,  174,  540,  450,  626,  267,  242,  339,    0,  404,  228,  370,  385,  374,  141,  422,  134,  551,  411,  333,  142,  210,  607,  592,  424,  548,  333,  219,  122,  433,  647,  376,  484,   49,  423,  412,  434,  458,  462,  431,  446,  479,  239,  563,  555,  385,  442,  488,  442,  271,  627,  423,  294,  483,  298,  405,  291,  443,  386,  353,  299,  558,  500,  525,  449,  557,  327,  463],
        [  247,    0,  582,  816,  578,  124,  662,  333,   69,  800,  162,  858,  198,  327,  241,  694,  499,  348,  463,  160,  516,  183,  813,  196,  556,  559,  288,  685,  536,  237,  241,  504,  487,  653,  491,  494,  737,  809,  330,  589,  537,  577,  418,   70,  254,  174,  493,  256,  404,    0,  183,  210,  656,  705,  332,  621,  522,  167,  771,  684,  263,  198,  306,  548,   88,  232,  651,  202,  412,  801,  955,  777,  604,  437,  805,   29,  831,  604,  692,  618,  227,  213,  580,  918,  330,  686,  747,  866,  759,  664,  602,  764,  651,  800,  688,  564,  675,  237,  349,  350,  325,  345,  761,  350,  325,  393,  454,  405],
        [  318,    0,  411,  667,  397,  274,  502,  200,  223,  645,  254,  688,  360,  202,  120,  520,  333,  172,  281,   93,  375,  256,  632,  233,  402,  410,  450,  534,  501,  321,  158,  388,  318,  560,  427,  478,  561,  627,  176,  408,  402,  397,  399,  223,  425,  121,  371,  184,  228,  183,    0,  183,  538,  529,  155,  531,  340,  324,  592,  535,   91,   20,  441,  498,  225,  371,  514,   93,  232,  620,  788,  603,  485,  266,  643,  186,  649,  476,  541,  476,  305,  272,  401,  740,  424,  557,  578,  685,  625,  482,  546,  620,  498,  629,  506,  428,  511,  252,  273,  322,  208,  434,  603,  357,  361,  459,  380,  416],
        [  158,    0,  555,  829,  506,  206,  492,  165,  277,  620,  135,  699,  402,  383,  301,  550,  488,  249,  398,   92,  333,  118,  698,  368,  385,  576,  489,  504,  337,  435,  335,  568,  345,  741,  607,  305,  598,  726,  351,  482,  577,  517,  225,  187,  450,  282,  551,   59,  370,  210,  183,    0,  717,  566,  242,  713,  447,  247,  646,  698,  261,  200,  515,  344,  295,  441,  686,  270,  315,  679,  790,  734,  402,  416,  792,  188,  740,  408,  512,  430,  422,  115,  462,  780,  533,  732,  592,  751,  797,  578,  397,  787,  660,  647,  597,  374,  661,   74,  142,  491,  144,  547,  586,  176,  505,  589,  561,  573],
        [  855,    0,  288,  220,  412,  778,  739,  651,  642,  859,  784,  805,  716,  339,  427,  660,  282,  529,  418,  631,  726,  790,  617,  502,  699,  179,  771,  796,  993,  559,  416,  153,  598,  100,  226,  987,  662,  506,  367,  513,  145,  381,  913,  722,  781,  484,  168,  701,  385,  656,  538,  717,    0,  648,  521,  113,  427,  823,  630,  155,  457,  519,  695,  976,  623,  671,   87,  466,  502,  631,  896,  363,  858,  339,  286,  677,  543,  828,  800,  790,  547,  809,  545,  758,  598,   55,  727,  645,  122,  462, 1011,  162,  172,  748,  488,  776,  244,  788,  764,  358,  677,  589,  812,  887,  470,  544,  231,  413],
        [  710,    0,  361,  590,  240,  761,  144,  401,  752,  216,  700,  173,  889,  537,  551,   24,  397,  358,  298,  555,  274,  683,  157,  729,  207,  477,  979,  196,  600,  825,  598,  588,  223,  735,  726,  635,   33,  259,  479,  150,  536,  270,  600,  724,  954,  617,  568,  509,  374,  705,  529,  566,  648,    0,  375,  729,  251,  808,   93,  517,  478,  520,  961,  560,  754,  895,  566,  568,  300,  130,  274,  377,  343,  385,  493,  700,  248,  303,  195,  245,  807,  674,  137,  216,  922,  618,   80,  203,  637,  192,  563,  587,  485,  110,  174,  278,  424,  618,  476,  725,  425,  927,  173,  635,  821,  930,  683,  836],
        [  400,    0,  318,  601,  266,  405,  356,  130,  377,  500,  361,  535,  514,  236,  203,  366,  260,   19,  156,  194,  251,  352,  483,  369,  262,  358,  604,  393,  473,  463,  254,  389,  168,  568,  475,  469,  407,  492,  178,  259,  377,  275,  399,  360,  579,  252,  367,  203,  141,  332,  155,  242,  521,  375,    0,  546,  207,  454,  439,  473,  122,  146,  591,  456,  379,  523,  473,  206,   82,  469,  635,  493,  378,  189,  554,  331,  509,  359,  400,  346,  445,  355,  248,  587,  564,  524,  425,  536,  582,  344,  495,  563,  433,  475,  365,  307,  425,  312,  245,  412,  158,  571,  456,  386,  481,  587,  426,  519],
        [  839,    0,  370,  329,  489,  745,  807,  673,  596,  934,  762,  892,  652,  331,  413,  738,  341,  558,  472,  623,  773,  773,  713,  447,  755,  252,  697,  861, 1013,  489,  389,  159,  649,   34,  142, 1000,  746,  609,  375,  587,  195,  459,  923,  689,  712,  454,  181,  707,  422,  621,  531,  713,  113,  729,  546,    0,  493,  786,  721,  264,  461,  514,  614, 1000,  574,  600,  193,  448,  544,  725,  986,  472,  906,  383,  399,  645,  646,  878,  866,  847,  479,  795,  615,  856,  513,  168,  807,  745,  226,  551, 1040,  273,  274,  833,  578,  825,  347,  782,  780,  290,  697,  502,  887,  888,  389,  450,  169,  322],
        [  605,    0,  152,  437,   60,  607,  315,  308,  555,  444,  567,  423,  685,  293,  323,  255,  153,  199,   61,  399,  313,  558,  305,  501,  276,  248,  771,  370,  622,  597,  365,  344,  183,  503,  477,  634,  276,  288,  240,  102,  299,   75,  574,  559,  753,  397,  322,  403,  134,  522,  340,  447,  427,  251,  207,  493,    0,  657,  279,  327,  265,  325,  739,  595,  551,  679,  355,  349,  133,  300,  523,  292,  440,  135,  370,  526,  309,  406,  375,  365,  579,  561,  124,  431,  688,  410,  324,  355,  449,  143,  620,  413,  288,  360,  168,  356,  253,  516,  420,  478,  339,  691,  396,  576,  579,  687,  433,  588],
