{
    "name": "random-95-310",
    "comment": "size=95 seed=310",
    "nodes": ["+0", "-0", "+1", "-1", "+2", "-2", "+3", "-3", "+4", "-4", "+5", "-5", "+6", "-6", "+7", "-7", "+8", "-8", "+9", "-9", "+10", "-10", "+11", "-11", "+12", "-12", "+13", "-13", "+14", "-14", "+15", "-15", "+16", "-16", "+17", "-17", "+18", "-18", "+19", "-19", "+20", "-20", "+21", "-21", "+22", "-22", "+23", "-23", "+24", "-24", "+25", "-25", "+26", "-26", "+27", "-27", "+28", "-28", "+29", "-29", "+30", "-30", "+31", "-31", "+32", "-32", "+33", "-33", "+34", "-34", "+35", "-35", "+36", "-36", "+37", "-37", "+38", "-38", "+39", "-39", "+40", "-40", "+41", "-41", "+42", "-42", "+43", "-43", "+44", "-44", "+45", "-45", "+46", "-46", "+47", "-47", "+48", "-48", "+49", "-49", "+50", "-50", "+51", "-51", "+52", "-52", "+53", "-53", "+54", "-54", "+55", "-55", "+56", "-56", "+57", "-57", "+58", "-58", "+59", "-59", "+60", "-60", "+61", "-61", "+62", "-62", "+63", "-63", "+64", "-64", "+65", "-65", "+66", "-66", "+67", "-67", "+68", "-68", "+69", "-69", "+70", "-70", "+71", "-71", "+72", "-72", "+73", "-73", "+74", "-74", "+75", "-75", "+76", "-76", "+77", "-77", "+78", "-78", "+79", "-79", "+80", "-80", "+81", "-81", "+82", "-82", "+83", "-83", "+84", "-84", "+85", "-85", "+86", "-86", "+87", "-87", "+88", "-88", "+89", "-89", "+90", "-90", "+91", "-91", "+92", "-92", "+93", "-93", "+94", "-94", "+95", "-95"],
    "precedence": {
        "+0": "-0",
        "+1": "-1",
        "+2": "-2",
        "+3": "-3",
        "+4": "-4",
        "+5": "-5",
        "+6": "-6",
        "+7": "-7",
        "+8": "-8",
        "+9": "-9",
        "+10": "-10",
        "+11": "-11",
        "+12": "-12",
        "+13": "-13",
        "+14": "-14",
        "+15": "-15",
        "+16": "-16",
        "+17": "-17",
        "+18": "-18",
        "+19": "-19",
        "+20": "-20",
        "+21": "-21",
        "+22": "-22",
        "+23": "-23",
        "+24": "-24",
        "+25": "-25",
        "+26": "-26",
        "+27": "-27",
        "+28": "-28",
        "+29": "-29",
        "+30": "-30",
        "+31": "-31",
        "+32": "-32",
        "+33": "-33",
        "+34": "-34",
        "+35": "-35",
        "+36": "-36",
        "+37": "-37",
        "+38": "-38",
        "+39": "-39",
        "+40": "-40",
        "+41": "-41",
        "+42": "-42",
        "+43": "-43",
        "+44": "-44",
        "+45": "-45",
        "+46": "-46",
        "+47": "-47",
        "+48": "-48",
        "+49": "-49",
        "+50": "-50",
        "+51": "-51",
        "+52": "-52",
        "+53": "-53",
        "+54": "-54",
        "+55": "-55",
        "+56": "-56",
        "+57": "-57",
        "+58": "-58",
        "+59": "-59",
        "+60": "-60",
        "+61": "-61",
        "+62": "-62",
        "+63": "-63",
        "+64": "-64",
        "+65": "-65",
        "+66": "-66",
        "+67": "-67",
        "+68": "-68",
        "+69": "-69",
        "+70": "-70",
        "+71": "-71",
        "+72": "-72",
        "+73": "-73",
        "+74": "-74",
        "+75": "-75",
        "+76": "-76",
        "+77": "-77",
        "+78": "-78",
        "+79": "-79",
        "+80": "-80",
        "+81": "-81",
        "+82": "-82",
        "+83": "-83",
        "+84": "-84",
        "+85": "-85",
        "+86": "-86",
        "+87": "-87",
        "+88": "-88",
        "+89": "-89",
        "+90": "-90",
        "+91": "-91",
        "+92": "-92",
        "+93": "-93",
        "+94": "-94",
        "+95": "-95"
    },
    "edges": [
        [    0,    0,  760,  412,  506,  683,  251,  681,  734,  485,  309,  137,  467,  441,  144,  450,  427,  707,  701,  697,  536,  739,  428,  712,  623,  880,  345,  601,  625,  325,  537,  572,  816,  649,  689,  208,  924,  525,  168,  147,  288,  300,   63,  137,  732,  527,  557,  841,  624,  522,  741,  336,  187,  379,  363,  191,  395,  835,  357,  536,  482,  356,  443,  256,  682,  591,  570,  826,  707,  494,  214,  408,  123,  412,  260,  636,  123,  676,  307,  333,  904,  667,  538,  642,  722,  553,  272,  534,  473,  388,  487,  598,  783,  757,  255,  163,  732,  344,  695,  372,  709,  725,  308,  640,  520,  122,  818,  114,  198,  613,  405,  820,  619,  535,  766,  838,  289,  303,  303,  230,  253,  740,  357,  525,  313,  665,  702,  479,  494,  819,  310,  346,  668,  603,  126,  270,  398,  276,  559,  242,  739,  404,  715,  596,  801,  625,  415,  840,  554,  289,  410,  394,  658,  678,  226,  497,  515,  250,  253,   83,  688,  175,  675,   53,  114,  867,  766,  703,  249,  751,  240,  376,  903,  476,  794,  522,  527,  560,  732,  934,  290,  287,  475,  347,  270,  530,  160,  307,  646,  823,  543,  294],
        [    0,    0,    0,    0,    0,    0,    0,    0,    0,    0,    0,    0,    0,    0,    0,    0,    0,    0,    0,    0,    0,    0,    0,    0,    0,    0,    0,    0,    0,    0,    0,    0,    0,    0,    0,    0,    0,    0,    0,    0,    0,    0,    0,    0,    0,    0,    0,    0,    0,    0,    0,    0,    0,    0,    0,    0,    0,    0,    0,    0,    0,    0,    0,    0,    0,    0,    0,    0,    0,    0,    0,    0,    0,    0,    0,    0,    0,    0,    0,    0,    0,    0,    0,    0,    0,    0,    0,    0,    0,    0,    0,    0,    0,    0,    0,    0,    0,    0,    0,    0,    0,    0,    0,    0,    0,    0,    0,    0,    0,    0,    0,    0,    0,    0,    0,    0,    0,    0,    0,    0,    0,    0,    0,    0,    0,    0,    0,    0,    0,    0,    0,    0,    0,    0,    0,    0,    0,    0,    0,    0,    0,    0,    0,    0,    0,    0,    0,    0,    0,    0,    0,    0,    0,    0,    0,    0,    0,    0,    0,    0,    0,    0,    0,    0,    0,    0,    0,    0,    0,    0,    0,    0,    0,    0,    0,    0,    0,    0,    0,    0,    0,    0,    0,    0,    0,    0,    0,    0,    0,    0,    0,    0],
        [  760,    0,    0,  663,  329,  492,  520,  166,  371,  527,  750,  816,  502,  486,  657,  608,  348,   97,  224,  654,  344,  666,  352,   50,  692,  520,  441,  291,  174,  689,  458,  946,  685,  665,  437,  966,  313,  526,  593,  748,  673,  494,  757,  834,  620,  677,  444,  176,  762,  489,  803,  884,  704,  394,  403,  861,  374,  631,  407,  471,  303,  509,  357,  568,  178,  552,  385,  254,  454,  338,  960,  419,  653,  707,  824,  792,  639,  212,  459,  428,  468,  159,  350,  838,  692,  381,  557,  230,  552,  629,  290,  219,  463,  550,  904,  902,   39,  972,  453,  838,  963,   93,  923,  668,  731,  790,  233,  661,  950,  499,  706,  521,  626,  886,  538,  481,  759,  562,  612,  657,  988,  925,  426,  905, 1073,  214,  564,  282,  267,  367,  496,  623,  248,  513,  707,  805,  363,  853,  310,  776,  274,  590,  262,  434,  366,  389,  368,  965,  968,  582,  358,  367,  545,  138,  946,  276,  538,  979,  974,  843,  841,  707,  248,  782,  871,  302,   42,  693, 1004,  934,  950,  467,  363,  460,  307,  269,  365,  208,  283,  419,  984,  478,  950,  682,  947,  269,  617,  461,  379,  913,  564,  535],
        [  412,    0,  663,    0,  593,  856,  417,  514,  441,  707,  143,  547,  676,  177,  461,   68,  484,  574,  492,  293,  323,  335,  493,  626,  211,  533,  473,  674,  615,   93,  232,  290,  414,  241,  834,  524,  677,  743,  360,  533,  615,  262,  356,  549,  338,  115,  255,  651,  218,  720,  331,  266,  543,  336,  353,  343,  456,  446,  420,  722,  378,  567,  529,  214,  507,  217,  303,  593,  375,  586,  485,  260,  318,   46,  247,  235,  383,  701,  332,  390,  580,  658,  318,  255,  314,  683,  207,  511,  711,   43,  396,  445,  448,  387,  345,  436,  654,  371,  363,  195,  358,  586,  330,  231,  119,  328,  595,  421,  574,  264,   46,  466,  218,  230,  401,  501,  166,  553,  127,  552,  484,  361,  303,  246,  623,  474,  324,  454,  463,  530,  494,  639,  714,  802,  288,  221,  414,  267,  357,  217,  495,   74,  481,  288,  511,  755,  335,  450,  307,  163,  458,  399,  861,  657,  435,  511,  740,  468,  455,  458,  292,  534,  459,  465,  499,  615,  645,  294,  540,  373,  428,  552,  627,  658,  532,  402,  302,  538,  485,  637,  433,  407,  291,   69,  392,  398,  424,  419,  767,  423,  777,  208],
        [  506,    0,  329,  593,    0,  271,  258,  359,  546,  208,  617,  524,  179,  450,  375,  566,  109,  333,  419,  727,  381,  756,  101,  284,  718,  724,  163,   97,  157,  573,  488,  876,  805,  711,  242,  710,  608,  219,  353,  451,  351,  340,  524,  545,  720,  660,  489,  480,  770,  182,  852,  732,  400,  259,  241,  655,  140,  777,  182,  171,  260,  187,   69,  410,  369,  597,  448,  521,  588,   12,  719,  346,  430,  629,  656,  797,  387,  175,  272,  214,  701,  186,  389,  831,  766,   98,  408,  148,  231,  551,  244,  315,  637,  684,  711,  665,  291,  794,  581,  713,  947,  350,  747,  710,  699,  575,  504,  393,  673,  568,  625,  695,  668,  818,  679,  677,  617,  246,  490,  347,  755,  935,  290,  827,  809,  381,  665,  165,  168,  591,  200,  296,  163,  240,  499,  645,  179,  684,  369,  611,  481,  525,  457,  506,  581,  163,  268, 1005,  883,  449,  135,  194,  294,  204,  721,  106,  228,  750,  750,  584,  854,  405,  416,  512,  603,  574,  355,  758,  753,  946,  731,  148,  631,  137,  538,  271,  395,  146,  483,  682,  776,  231,  836,  577,  745,  285,  347,  211,  175,  962,  260,  396],
        [  683,    0,  492,  856,  271,    0,  472,  587,  794,  204,  863,  650,  217,  720,  540,  834,  375,  540,  653,  997,  648, 1025,  366,  464,  989,  968,  391,  224,  348,  826,  758, 1132, 1070,  982,   57,  867,  803,  165,  565,  580,  431,  597,  720,  672,  987,  929,  758,  667, 1040,  161, 1123,  964,  523,  526,  505,  860,  401, 1038,  437,  149,  529,  331,  328,  660,  599,  867,  714,  732,  848,  276,  890,  616,  644,  890,  884, 1066,  584,  281,  527,  467,  934,  339,  656, 1100, 1036,  175,  660,  402,  221,  814,  513,  565,  888,  945,  922,  845,  455, 1010,  842,  958, 1213,  552,  966,  980,  965,  779,  712,  574,  807,  837,  885,  948,  938, 1076,  939,  923,  858,  381,  745,  467,  933, 1204,  555, 1083,  951,  621,  932,  434,  434,  824,  393,  360,  245,   87,  715,  878,  446,  911,  632,  842,  716,  791,  694,  773,  818,  115,  538, 1275, 1135,  704,  400,  462,   66,  359,  909,  372,  179,  932,  935,  749, 1124,  533,  659,  671,  755,  784,  530, 1028,  913, 1215,  922,  323,  845,  213,  767,  535,  663,  388,  720,  900,  972,  463, 1081,  833,  947,  548,  533,  446,  117, 1233,  167,  652],
        [  251,    0,  520,  417,  258,  472,    0,  465,  572,  297,  396,  298,  269,  340,  139,  417,  178,  479,  500,  639,  367,  676,  178,  471,  596,  741,   96,  354,  375,  367,  420,  672,  743,  605,  466,  457,  722,  335,   96,  235,  224,  169,  266,  316,  653,  514,  434,  621,  627,  319,  730,  492,  201,  181,  154,  399,  147,  739,  115,  326,  274,  153,  193,  205,  469,  510,  421,  625,  574,  247,  462,  256,  175,  443,  413,  648,  130,  426,  117,  101,  745,  417,  372,  672,  673,  318,  211,  291,  298,  377,  272,  388,  643,  650,  458,  407,  489,  543,  564,  489,  772,  497,  498,  599,  535,  318,  613,  143,  432,  508,  437,  692,  565,  619,  653,  695,  389,  137,  294,  174,  498,  778,  179,  622,  561,  461,  609,  241,  257,  646,   81,  227,  419,  403,  246,  406,  162,  440,  378,  371,  550,  367,  524,  466,  631,  393,  218,  864,  670,  255,  163,  163,  463,  429,  464,  249,  330,  493,  492,  332,  707,  201,  480,  265,  355,  672,  530,  659,  499,  790,  474,  150,  717,  260,  608,  311,  367,  315,  546,  757,  519,   44,  611,  379,  489,  323,   98,   60,  412,  832,  366,  213],
        [  681,    0,  166,  514,  359,  587,  465,    0,  217,  566,  615,  760,  535,  339,  602,  455,  325,   70,   68,  488,  192,  502,  333,  151,  527,  383,  410,  365,  240,  553,  297,  790,  524,  499,  538,  878,  261,  577,  518,  699,  658,  389,  665,  776,  456,  516,  281,  160,  598,  540,  637,  752,  664,  302,  321,  751,  338,  476,  355,  526,  199,  504,  354,  456,   13,  387,  223,  167,  292,  363,  865,  294,  563,  559,  700,  628,  566,  318,  375,  365,  348,  257,  196,  674,  527,  440,  442,  215,  587,  483,  196,   84,  312,  390,  787,  805,  176,  846,  290,  698,  800,   76,  799,  503,  573,  688,  151,  595,  877,  334,  558,  371,  460,  731,  379,  340,  628,  545,  482,  627,  887,  760,  326,  752,  988,   48,  400,  235,  221,  238,  468,  623,  351,  585,  606,  678,  306,  728,  158,  653,  130,  443,  110,  268,  231,  474,  267,  799,  815,  458,  322,  303,  630,  242,  841,  266,  586,  876,  869,  762,  676,  665,   84,  712,  794,  218,  137,  527,  913,  769,  843,  462,  274,  494,  181,  160,  212,  214,  135,  324,  872,  422,  804,  542,  832,  152,  557,  409,  471,  747,  618,  419],
        [  734,    0,  371,  441,  546,  794,  572,  217,    0,  745,  573,  841,  712,  305,  695,  374,  482,  282,  151,  305,  207,  307,  492,  366,  372,  179,  548,  570,  450,  511,  215,  674,  315,  333,  748,  908,  241,  762,  593,  792,  789,  439,  701,  852,  259,  397,  192,  262,  447,  727,  456,  705,  770,  392,  420,  750,  482,  261,  481,  716,  311,  655,  522,  480,  204,  246,  165,  175,   93,  548,  882,  330,  612,  482,  673,  476,  639,  533,  460,  477,  173,  472,  203,  525,  339,  637,  464,  399,  763,  426,  321,  232,   96,  181,  769,  825,  389,  809,   99,  635,  646,  280,  765,  340,  456,  704,  186,  675,  929,  188,  484,  155,  304,  619,  167,  132,  592,  683,  466,  745,  894,  593,  398,  645, 1016,  176,  208,  392,  384,   90,  603,  771,  565,  783,  631,  648,  436,  697,  197,  632,  100,  388,  110,  155,   72,  680,  355,  614,  707,  459,  470,  426,  832,  458,  845,  443,  769,  880,  869,  807,  513,  768,  137,  776,  845,  180,  334,  345,  935,  601,  842,  618,  187,  674,  101,  285,  210,  408,   90,  204,  858,  533,  718,  493,  817,  270,  647,  527,  679,  559,  804,  442],
        [  485,    0,  527,  707,  208,  204,  297,  566,  745,    0,  692,  447,   34,  598,  342,  697,  268,  540,  625,  893,  564,  926,  258,  486,  867,  924,  238,  243,  355,  663,  657,  968,  983,  869,  223,  665,  815,   41,  382,  377,  229,  448,  525,  469,  895,  795,  663,  686,  908,   51, 1003,  780,  320,  403,  376,  666,  279,  963,  301,   72,  443,  145,  224,  498,  576,  761,  630,  729,  778,  203,  689,  496,  458,  736,  700,  932,  393,  336,  379,  324,  905,  372,  571,  960,  930,  151,  503,  353,   27,  666,  430,  517,  833,  869,  729,  645,  489,  818,  770,  784, 1064,  557,  776,  865,  823,  586,  711,  378,  604,  742,  730,  890,  826,  915,  867,  877,  684,  184,  587,  264,  732, 1066,  424,  918,  748,  586,  843,  354,  362,  796,  217,  158,  307,  120,  529,  696,  330,  725,  558,  661,  687,  650,  662,  686,  785,  186,  427, 1147,  966,  547,  286,  344,  174,  392,  709,  305,   34,  732,  736,  548,  990,  330,  620,  469,  553,  782,  557,  919,  710, 1077,  724,  156,  839,   73,  744,  463,  574,  354,  688,  889,  774,  301,  905,  674,  752,  478,  340,  289,  209, 1110,   70,  500],
        [  309,    0,  750,  143,  617,  863,  396,  615,  573,  692,    0,  445,  664,  282,  394,  206,  510,  668,  605,  431,  427,  472,  517,  708,  340,  675,  473,  708,  673,   64,  359,  280,  551,  376,  850,  388,  803,  730,  314,  447,  557,  281,  248,  442,  479,  245,  382,  763,  325,  713,  442,  137,  470,  378,  385,  203,  478,  587,  436,  719,  450,  547,  550,  208,  610,  359,  423,  715,  513,  608,  346,  331,  248,  119,  105,  333,  319,  751,  346,  404,  719,  718,  424,  334,  447,  698,  211,  567,  690,  148,  465,  538,  588,  529,  202,  300,  735,  237,  501,   97,  403,  682,  193,  366,  221,  204,  714,  351,  446,  403,  113,  608,  358,  233,  543,  641,   25,  519,  139,  492,  343,  431,  343,  231,  483,  581,  466,  505,  517,  663,  476,  594,  759,  798,  192,   78,  447,  126,  460,   79,  617,  186,  600,  419,  644,  773,  392,  532,  275,  174,  485,  433,  857,  721,  294,  554,  725,  326,  313,  338,  382,  459,  572,  361,  378,  742,  738,  426,  400,  443,  286,  543,  759,  654,  659,  481,  408,  596,  608,  773,  291,  401,  220,   81,  250,  481,  369,  417,  789,  517,  759,  227],
        [  137,    0,  816,  547,  524,  650,  298,  760,  841,  447,  445,    0,  438,  560,  160,  581,  469,  776,  789,  828,  637,  870,  467,  767,  757,  995,  377,  613,  663,  460,  654,  702,  945,  781,  667,  225, 1013,  486,  249,   74,  221,  402,  198,   23,  860,  661,  673,  918,  760,  492,  876,  459,  130,  463,  441,  303,  442,  960,  412,  510,  564,  346,  471,  375,  763,  717,  678,  915,  822,  512,  261,  511,  241,  548,  388,  772,  202,  698,  389,  397, 1012,  701,  640,  778,  854,  548,  390,  587,  430,  521,  565,  680,  897,  880,  363,  235,  784,  447,  811,  504,  842,  795,  420,  773,  655,  250,  905,  167,  158,  734,  541,  938,  750,  668,  887,  952,  424,  286,  434,  187,  307,  876,  448,  657,  302,  751,  827,  539,  555,  922,  327,  292,  684,  565,  261,  401,  459,  400,  655,  375,  833,  534,  809,  711,  905,  613,  500,  976,  682,  414,  458,  460,  613,  716,  301,  542,  473,  312,  321,  135,  824,  122,  766,   84,  119,  960,  827,  836,  270,  887,  319,  379, 1001,  458,  891,  602,  631,  609,  828, 1035,  371,  341,  599,  483,  364,  613,  204,  357,  635,  959,  493,  409],
        [  467,    0,  502,  676,  179,  217,  269,  535,  712,   34,  664,  438,    0,  565,  324,  665,  235,  511,  593,  859,  531,  892,  224,  459,  835,  891,  205,  223,  329,  634,  623,  939,  949,  835,  229,  653,  786,   67,  356,  367,  226,  416,  505,  460,  861,  763,  629,  658,  876,   56,  970,  756,  310,  369,  343,  646,  245,  929,  268,   72,  409,  119,  191,  468,  544,  727,  596,  699,  745,  173,  674,  463,  433,  706,  676,  900,  370,  317,  347,  292,  873,  349,  538,  928,  897,  133,  472,  321,   53,  635,  396,  485,  800,  836,  708,  628,  463,  796,  737,  757, 1034,  528,  754,  832,  791,  565,  681,  358,  596,  709,  700,  857,  792,  886,  834,  844,  657,  164,  557,  253,  716, 1034,  391,  890,  739,  555,  809,  321,  329,  764,  188,  156,  289,  138,  505,  671,  296,  701,  525,  636,  655,  618,  630,  652,  753,  181,  393, 1114,  938,  517,  253,  310,  196,  369,  692,  272,   65,  716,  719,  533,  958,  319,  588,  455,  541,  752,  531,  886,  698, 1045,  706,  124,  808,   43,  712,  429,  540,  323,  656,  858,  756,  270,  878,  644,  732,  444,  319,  258,  203, 1077,  102,  469],
        [  441,    0,  486,  177,  450,  720,  340,  339,  305,  598,  282,  560,  565,    0,  432,  126,  346,  398,  324,  300,  148,  337,  356,  450,  272,  440,  362,  521,  448,  218,   96,  463,  404,  272,  691,  605,  525,  628,  323,  523,  561,  173,  402,  568,  315,  213,  118,  483,  321,  600,  407,  418,  514,  197,  222,  446,  325,  406,  298,  598,  210,  470,  394,  186,  333,  171,  145,  435,  267,  445,  578,  105,  321,  222,  375,  348,  363,  536,  228,  275,  467,  489,  145,  385,  336,  545,  170,  347,  607,  145,  228,  269,  343,  322,  469,  521,  478,  518,  255,  360,  505,  410,  471,  268,  258,  401,  434,  402,  631,  176,  221,  380,  229,  402,  328,  398,  297,  474,  162,  504,  590,  487,  174,  420,  712,  302,  274,  295,  301,  394,  400,  565,  553,  677,  330,  351,  276,  401,  182,  331,  337,  105,  319,  156,  375,  612,  182,  556,  482,  157,  322,  260,  735,  487,  541,  357,  629,  576,  566,  509,  405,  509,  291,  487,  549,  464,  469,  323,  631,  498,  539,  445,  486,  538,  382,  229,  129,  373,  328,  508,  558,  313,  465,  205,  517,  223,  386,  318,  621,  516,  666,  151],
        [  144,    0,  657,  461,  375,  540,  139,  602,  695,  342,  394,  160,  324,  432,    0,  480,  311,  617,  634,  719,  489,  760,  310,  608,  661,  857,  221,  468,  507,  387,  522,  672,  832,  678,  547,  338,  857,  382,  110,   99,  163,  263,  186,  178,  744,  570,  539,  759,  678,  379,  789,  455,   84,  309,  285,  327,  284,  838,  253,  393,  408,  214,  317,  258,  606,  599,  537,  760,  686,  363,  354,  368,  148,  474,  375,  695,   79,  548,  237,  238,  868,  547,  493,  710,  750,  413,  271,  428,  331,  426,  408,  523,  759,  752,  391,  305,  625,  480,  675,  475,  794,  636,  441,  671,  577,  249,  748,   44,  300,  607,  467,  803,  642,  627,  758,  812,  380,  160,  336,   99,  394,  813,  298,  623,  435,  596,  705,  380,  395,  773,  176,  210,  537,  460,  207,  377,  300,  397,  505,  344,  681,  429,  656,  575,  757,  484,  347,  908,  661,  306,  300,  301,  515,  561,  369,  384,  372,  393,  396,  214,  751,   78,  613,  138,  229,  805,  668,  733,  382,  825,  383,  237,  848,  333,  739,  446,  486,  451,  676,  886,  433,  182,  589,  406,  411,  457,   49,  198,  505,  883,  401,  285],
        [  450,    0,  608,   68,  566,  834,  417,  455,  374,  697,  206,  581,  665,  126,  480,    0,  459,  516,  429,  247,  265,  289,  469,  573,  182,  469,  460,  641,  573,  149,  166,  339,  366,  201,  808,  579,  610,  730,  374,  560,  627,  251,  398,  585,  285,   98,  189,  588,  212,  705,  314,  333,  563,  308,  329,  401,  434,  391,  401,  705,  335,  561,  506,  223,  447,  154,  239,  528,  308,  560,  543,  223,  345,  110,  310,  235,  403,  661,  319,  374,  514,  615,  260,  267,  274,  659,  212,  471,  704,   66,  352,  389,  383,  326,  408,  491,  601,  438,  296,  262,  382,  528,  396,  193,  134,  378,  530,  443,  623,  197,  112,  402,  169,  279,  339,  435,  228,  554,  149,  566,  544,  371,  279,  298,  680,  413,  264,  417,  424,  463,  488,  643,  677,  785,  327,  284,  388,  331,  299,  276,  430,   51,  416,  221,  444,  729,  301,  450,  361,  174,  434,  373,  844,  612,  495,  477,  730,  529,  517,  504,  294,  556,  396,  501,  545,  548,  587,  256,  597,  382,  489,  542,  560,  643,  465,  354,  244,  498,  420,  570,  497,  400,  353,  127,  456,  348,  439,  410,  740,  415,  767,  205],
        [  427,    0,  348,  484,  109,  375,  178,  325,  482,  268,  510,  469,  235,  346,  311,  459,    0,  321,  374,  632,  297,  663,   11,  299,  616,  660,   93,  198,  198,  465,  393,  767,  717,  612,  350,  634,  584,  292,  264,  400,  335,  231,  436,  488,  629,  554,  397,  469,  665,  260,  751,  628,  356,  151,  132,  561,   34,  696,   78,  255,  175,  180,   49,  303,  332,  500,  362,  491,  511,  102,  637,  242,  337,  521,  554,  691,  305,  254,  165,  109,  647,  240,  304,  725,  670,  201,  300,  121,  284,  442,  163,  261,  567,  602,  615,  580,  315,  695,  503,  606,  839,  339,  647,  610,  591,  482,  475,  320,  609,  477,  516,  623,  569,  709,  600,  613,  511,  222,  381,  311,  670,  829,  182,  719,  738,  334,  577,   93,  104,  539,  150,  299,  254,  332,  403,  541,   71,  583,  291,  507,  433,  417,  407,  419,  527,  271,  166,  901,  774,  341,   26,   87,  390,  252,  633,   73,  296,  664,  662,  509,  749,  359,  364,  442,  532,  542,  363,  660,  676,  840,  642,  139,  594,  201,  492,  198,  307,  141,  432,  641,  683,  141,  729,  469,  650,  213,  274,  121,  284,  861,  332,  288],
        [  707,    0,   97,  574,  333,  540,  479,   70,  282,  540,  668,  776,  511,  398,  617,  516,  321,    0,  131,  558,  252,  571,  327,   85,  596,  440,  411,  322,  195,  606,  364,  854,  592,  569,  489,  909,  275,  546,  542,  712,  655,  425,  697,  793,  525,  582,  348,  149,  666,  509,  707,  804,  673,  331,  345,  792,  340,  542,  365,  493,  231,  496,  342,  497,   82,  456,  290,  194,  360,  340,  899,  340,  594,  619,  748,  697,  589,  264,  401,  381,  397,  202,  257,  742,  596,  405,  484,  202,  563,  541,  223,  130,  375,  458,  832,  840,  108,  895,  359,  753,  868,   19,  847,  572,  638,  725,  175,  615,  902,  403,  618,  434,  529,  794,  446,  399,  679,  542,  532,  631,  924,  829,  359,  814, 1018,  118,  469,  239,  223,  290,  470,  614,  298,  547,  642,  727,  317,  776,  218,  700,  188,  502,  172,  337,  286,  430,  299,  869,  877,  505,  324,  318,  587,  185,  880,  254,  557,  914,  908,  789,  745,  674,  153,  734,  820,  247,   72,  597,  946,  838,  883,  453,  307,  469,  231,  193,  273,  191,  195,  361,  914,  435,  862,  597,  876,  190,  573,  420,  424,  817,  586,  462],
        [  701,    0,  224,  492,  419,  653,  500,   68,  151,  625,  605,  789,  593,  324,  634,  429,  374,  131,    0,  434,  179,  444,  383,  215,  481,  316,  454,  430,  306,  541,  265,  759,  462,  450,  605,  892,  224,  637,  543,  732,  702,  403,  679,  804,  397,  481,  246,  160,  554,  600,  585,  741,  701,  327,  350,  754,  383,  411,  394,  587,  227,  554,  408,  463,   55,  343,  191,  127,  231,  423,  875,  299,  580,  537,  695,  584,  591,  386,  401,  400,  283,  324,  181,  632,  471,  503,  449,  273,  645,  466,  229,  115,  245,  328,  786,  816,  239,  839,  231,  682,  757,  131,  793,  455,  539,  696,  118,  623,  898,  286,  537,  305,  413,  700,  315,  273,  619,  591,  477,  667,  894,  712,  345,  723, 1002,   40,  342,  282,  271,  173,  512,  673,  418,  649,  616,  672,  345,  722,  149,  649,   64,  425,   43,  225,  165,  540,  290,  746,  786,  458,  368,  340,  695,  309,  847,  321,  646,  882,  874,  780,  629,  700,   34,  735,  815,  172,  188,  474,  925,  721,  847,  513,  221,  553,  120,  190,  197,  275,   68,  267,  872,  457,  782,  528,  832,  178,  587,  446,  537,  693,  678,  425],
        [  697,    0,  654,  293,  727,  997,  639,  488,  305,  893,  431,  828,  859,  300,  719,  247,  632,  558,  434,    0,  352,   43,  642,  636,  102,  297,  660,  783,  684,  386,  239,  412,  121,   58,  961,  817,  531,  921,  611,  804,  858,  470,  645,  832,   62,  187,  239,  566,  165,  891,  152,  530,  803,  491,  518,  633,  615,  165,  593,  886,  468,  769,  679,  462,  476,  132,  288,  479,  212,  724,  776,  397,  590,  313,  533,  189,  645,  774,  528,  573,  366,  717,  344,  237,   40,  824,  449,  600,  904,  311,  485,  460,  250,  147,  627,  728,  662,  636,  208,  449,  350,  562,  602,   68,  228,  620,  490,  685,  866,  163,  319,  232,   79,  368,  167,  284,  455,  773,  395,  799,  772,  290,  473,  398,  913,  441,   98,  563,  564,  369,  700,  865,  799,  963,  573,  507,  565,  548,  374,  508,  399,  295,  401,  231,  354,  884,  468,  313,  453,  417,  610,  550, 1019,  708,  724,  625,  923,  755,  742,  749,  214,  796,  407,  748,  790,  475,  621,   41,  831,  297,  714,  742,  458,  830,  403,  466,  335,  620,  389,  445,  712,  613,  491,  362,  673,  454,  676,  617,  890,  259,  960,  436],
        [  536,    0,  344,  323,  381,  648,  367,  192,  207,  564,  427,  637,  531,  148,  489,  265,  297,  252,  179,  352,    0,  378,  307,  312,  364,  376,  350,  431,  335,  364,  122,  603,  424,  346,  610,  720,  393,  587,  388,  587,  586,  237,  508,  649,  339,  335,  115,  337,  428,  554,  489,  564,  564,  187,  216,  577,  289,  400,  282,  547,  122,  460,  342,  289,  185,  228,   67,  298,  216,  380,  700,  128,  414,  368,  516,  458,  435,  425,  254,  274,  380,  371,    8,  501,  391,  478,  274,  249,  580,  293,  137,  126,  279,  306,  607,  641,  340,  661,  207,  507,  626,  264,  614,  347,  389,  521,  294,  471,  733,  190,  367,  332,  303,  543,  304,  329,  441,  482,  298,  540,  717,  595,  192,  563,  829,  154,  285,  217,  215,  286,  402,  572,  449,  620,  443,  493,  240,  543,   35,  470,  205,  252,  183,  126,  269,  534,  151,  649,  626,  280,  279,  228,  675,  365,  670,  277,  592,  705,  696,  612,  511,  562,  148,  575,  649,  334,  323,  386,  751,  605,  670,  425,  368,  496,  258,  115,   22,  269,  198,  400,  694,  328,  613,  352,  653,  102,  441,  323,  539,  601,  628,  250],
        [  739,    0,  666,  335,  756, 1025,  676,  502,  307,  926,  472,  870,  892,  337,  760,  289,  663,  571,  444,   43,  378,    0,  674,  651,  139,  274,  695,  808,  706,  428,  270,  441,   79,   98,  987,  859,  523,  953,  651,  845,  896,  509,  687,  874,   49,  228,  267,  568,  194,  922,  155,  570,  843,  525,  552,  675,  648,  130,  628,  917,  496,  804,  710,  503,  489,  167,  312,  478,  216,  754,  818,  432,  631,  354,  574,  215,  686,  795,  564,  609,  347,  737,  370,  260,   41,  853,  489,  625,  938,  353,  513,  479,  241,  135,  668,  770,  677,  675,  214,  489,  366,  574,  642,  108,  266,  662,  491,  726,  909,  188,  360,  213,  121,  400,  154,  267,  496,  810,  437,  838,  813,  300,  508,  430,  955,  455,  103,  591,  591,  362,  736,  902,  821,  993,  616,  548,  597,  589,  397,  549,  404,  337,  409,  254,  349,  911,  500,  308,  483,  458,  642,  583, 1049,  727,  765,  653,  956,  797,  783,  791,  230,  837,  419,  790,  832,  469,  632,   58,  872,  306,  755,  776,  448,  862,  401,  492,  362,  644,  394,  429,  753,  650,  526,  404,  714,  479,  716,  653,  916,  253,  993,  476],
        [  428,    0,  352,  493,  101,  366,  178,  333,  492,  258,  517,  467,  224,  356,  310,  469,   11,  327,  383,  642,  307,  674,    0,  303,  627,  670,   90,  192,  199,  472,  404,  775,  727,  623,  341,  635,  592,  281,  266,  397,  328,  239,  438,  486,  640,  564,  408,  476,  675,  249,  761,  634,  352,  161,  141,  564,   40,  706,   83,  244,  186,  172,   38,  310,  340,  511,  373,  499,  521,   93,  638,  252,  340,  529,  559,  701,  306,  251,  172,  115,  656,  240,  314,  735,  681,  191,  307,  127,  274,  451,  173,  270,  578,  612,  619,  582,  318,  699,  513,  613,  848,  346,  652,  620,  601,  485,  483,  319,  607,  488,  525,  634,  579,  718,  610,  623,  517,  216,  389,  306,  672,  839,  191,  727,  738,  344,  588,  102,  113,  549,  145,  291,  250,  322,  407,  547,   81,  588,  302,  513,  442,  426,  416,  429,  537,  262,  176,  912,  782,  349,   35,   97,  380,  252,  636,   77,  285,  666,  664,  509,  759,  355,  373,  441,  532,  550,  368,  671,  676,  850,  644,  130,  603,  190,  501,  208,  317,  145,  442,  650,  686,  142,  736,  477,  654,  223,  273,  122,  275,  871,  322,  295],
        [  712,    0,   50,  626,  284,  464,  471,  151,  366,  486,  708,  767,  459,  450,  608,  573,  299,   85,  215,  636,  312,  651,  303,    0,  668,  524,  392,  254,  131,  649,  430,  912,  675,  643,  412,  917,  341,  487,  545,  699,  625,  448,  709,  785,  605,  646,  417,  205,  736,  450,  783,  842,  655,  348,  355,  815,  325,  626,  357,  432,  259,  461,  309,  523,  164,  528,  359,  270,  442,  293,  912,  378,  605,  671,  781,  766,  590,  184,  411,  379,  479,  126,  318,  811,  675,  343,  513,  180,  510,  591,  246,  187,  460,  541,  859,  854,   28,  928,  441,  798,  936,   91,  879,  646,  700,  743,  249,  612,  901,  478,  669,  519,  602,  852,  529,  484,  717,  514,  570,  608,  940,  901,  380,  870, 1024,  197,  549,  234,  218,  373,  447,  577,  220,  479,  660,  761,  314,  810,  280,  732,  273,  553,  257,  411,  370,  358,  323,  945,  932,  539,  309,  319,  515,  106,  899,  227,  499,  932,  927,  794,  817,  658,  235,  733,  822,  321,   72,  674,  956,  910,  904,  419,  382,  417,  314,  228,  333,  159,  280,  437,  938,  429,  911,  643,  901,  230,  568,  411,  349,  894,  526,  491],
        [  623,    0,  692,  211,  718,  989,  596,  527,  372,  867,  340,  757,  835,  272,  661,  182,  616,  596,  481,  102,  364,  139,  627,  668,    0,  393,  631,  784,  697,  302,  243,  316,  216,   46,  958,  728,  608,  899,  555,  739,  808,  428,  567,  759,  162,   97,  252,  626,   76,  871,  136,  432,  744,  468,  493,  543,  596,  266,  568,  869,  467,  735,  664,  404,  516,  141,  309,  546,  281,  714,  685,  375,  523,  222,  439,  105,  584,  787,  492,  544,  458,  734,  356,  154,  108,  815,  393,  604,  876,  237,  485,  484,  334,  240,  532,  640,  695,  536,  274,  351,  277,  603,  505,   36,  128,  536,  555,  623,  783,  196,  228,  326,   69,  268,  258,  375,  364,  732,  327,  747,  678,  234,  444,  298,  821,  480,  179,  559,  563,  446,  664,  822,  809,  948,  498,  414,  547,  453,  392,  418,  457,  233,  454,  259,  430,  880,  452,  288,  355,  355,  593,  531, 1006,  728,  631,  621,  899,  662,  647,  668,  150,  736,  451,  675,  709,  549,  663,   87,  739,  243,  620,  713,  540,  809,  472,  474,  344,  627,  446,  533,  616,  576,  390,  279,  577,  463,  620,  583,  888,  245,  936,  385],
        [  880,    0,  520,  533,  724,  968,  741,  383,  179,  924,  675,  995,  891,  440,  857,  469,  660,  440,  316,  297,  376,  274,  670,  524,  393,    0,  723,  745,  622,  617,  344,  708,  236,  347,  921, 1039,  281,  941,  751,  953,  961,  596,  840, 1005,  235,  455,  324,  371,  461,  905,  424,  795,  935,  562,  591,  868,  659,  162,  656,  894,  488,  832,  701,  625,  371,  317,  321,  276,  174,  726, 1007,  490,  760,  567,  779,  485,  795,  701,  626,  649,   79,  639,  370,  532,  314,  814,  609,  577,  942,  531,  498,  409,   99,  155,  876,  952,  544,  902,  186,  718,  639,  434,  862,  357,  508,  834,  295,  833, 1070,  275,  571,   69,  339,  660,  137,   48,  697,  857,  591,  914, 1012,  571,  563,  690, 1143,  348,  218,  570,  562,  154,  777,  946,  734,  960,  768,  752,  612,  800,  372,  743,  254,  499,  275,  286,  155,  854,  527,  562,  747,  595,  647,  601, 1008,  623,  963,  621,  948,  996,  985,  948,  504,  932,  310,  926,  988,  244,  479,  330, 1061,  576,  957,  795,  200,  853,  213,  463,  375,  585,  249,  165,  965,  703,  778,  596,  924,  447,  809,  699,  852,  506,  982,  588],
        [  345,    0,  441,  473,  163,  391,   96,  410,  548,  238,  473,  377,  205,  362,  221,  460,   93,  411,  454,  660,  350,  695,   90,  392,  631,  723,    0,  259,  287,  436,  428,  742,  755,  633,  378,  550,  670,  271,  191,  308,  249,  212,  361,  397,  666,  558,  437,  559,  671,  247,  766,  579,  264,  172,  143,  493,   73,  742,   69,  250,  237,  111,   99,  270,  415,  528,  412,  574,  565,  152,  557,  263,  268,  504,  501,  695,  225,  332,  142,   88,  717,  327,  356,  724,  697,  228,  272,  214,  246,  431,  230,  340,  628,  650,  551,  503,  408,  635,  555,  568,  831,  430,  589,  629,  587,  413,  560,  234,  520,  515,  498,  681,  591,  688,  650,  676,  469,  138,  357,  220,  593,  829,  188,  693,  652,  414,  617,  176,  190,  613,   59,  223,  324,  330,  339,  492,  112,  529,  352,  457,  509,  413,  483,  464,  599,  303,  201,  909,  745,  316,   88,  123,  390,  340,  559,  166,  270,  588,  587,  425,  754,  267,  440,  355,  446,  624,  456,  685,  593,  841,  569,   83,  674,  185,  569,  268,  355,  233,  508,  718,  614,   73,  691,  445,  583,  283,  187,   56,  321,  873,  307,  266],
        [  601,    0,  291,  674,   97,  224,  354,  365,  570,  243,  708,  613,  223,  521,  468,  641,  198,  322,  430,  783,  431,  808,  192,  254,  784,  745,  259,    0,  128,  661,  547,  960,  850,  773,  180,  804,  593,  237,  449,  540,  427,  428,  620,  634,  769,  733,  544,  459,  840,  201,  915,  825,  486,  339,  325,  751,  231,  816,  274,  182,  318,  269,  164,  501,  376,  656,  497,  516,  625,  108,  814,  419,  526,  712,  750,  868,  483,   95,  363,  306,  712,  133,  439,  905,  822,   93,  497,  183,  269,  633,  300,  342,  664,  724,  807,  760,  252,  889,  620,  804, 1023,  336,  842,  772,  775,  671,  496,  488,  765,  621,  708,  724,  729,  902,  717,  700,  708,  330,  577,  432,  851, 1006,  373,  913,  902,  397,  713,  226,  222,  602,  293,  365,   72,  226,  594,  738,  263,  779,  412,  704,  493,  604,  471,  555,  595,  110,  341, 1071,  969,  537,  223,  277,  266,  153,  817,  165,  250,  846,  846,  679,  925,  493,  435,  605,  696,  568,  325,  816,  848, 1017,  827,  235,  628,  183,  545,  317,  448,  166,  497,  682,  872,  327,  926,  664,  841,  330,  442,  307,  110, 1027,  274,  484],
        [  625,    0,  174,  615,  157,  348,  375,  240,  450,  355,  673,  663,  329,  448,  507,  573,  198,  195,  306,  684,  335,  706,  199,  131,  697,  622,  287,  128,    0,  619,  455,  905,  742,  680,  299,  832,  467,  356,  460,  592,  504,  396,  631,  683,  664,  658,  449,  334,  759,  319,  823,  800,  544,  295,  293,  750,  230,  702,  270,  302,  239,  340,  193,  473,  252,  562,  396,  388,  512,  167,  833,  356,  530,  657,  732,  788,  502,   91,  343,  297,  586,   46,  343,  829,  723,  213,  465,  107,  380,  576,  221,  229,  545,  611,  800,  776,  135,  876,  508,  767,  951,  209,  828,  681,  706,  673,  369,  517,  806,  521,  654,  605,  637,  845,  603,  578,  678,  396,  536,  494,  865,  926,  331,  860,  936,  275,  607,  168,  156,  477,  337,  452,  117,  353,  592,  716,  237,  761,  310,  684,  369,  542,  348,  454,  470,  236,  284,  983,  919,  500,  216,  247,  393,   54,  827,  130,  368,  858,  855,  706,  843,  549,  314,  639,  730,  441,  203,  719,  873,  937,  834,  299,  501,  287,  419,  224,  354,   78,  373,  555,  874,  338,  887,  618,  839,  234,  472,  318,  232,  935,  396,  447],
        [  325,    0,  689,   93,  573,  826,  367,  553,  511,  663,   64,  460,  634,  218,  387,  149,  465,  606,  541,  386,  364,  428,  472,  649,  302,  617,  436,  661,  619,    0,  296,  307,  507,  333,  809,  432,  740,  700,  295,  452,  547,  234,  267,  460,  430,  205,  320,  700,  300,  681,  417,  201,  467,  326,  336,  252,  434,  538,  393,  685,  392,  519,  506,  167,  547,  303,  360,  652,  453,  565,  394,  272,  241,   89,  163,  313,  310,  700,  302,  361,  660,  664,  361,  324,  406,  658,  167,  513,  664,   87,  407,  477,  529,  475,  261,  344,  676,  301,  441,  150,  409,  620,  256,  324,  196,  235,  651,  346,  482,  344,   82,  551,  310,  253,  488,  582,   82,  497,   84,  483,  396,  427,  291,  258,  532,  518,  413,  452,  463,  601,  447,  578,  709,  765,  200,  138,  398,  187,  397,  127,  554,  123,  537,  356,  582,  732,  337,  522,  310,  124,  439,  384,  825,  666,  346,  504,  696,  380,  368,  366,  367,  458,  508,  377,  407,  678,  677,  386,  449,  438,  340,  511,  696,  620,  596,  422,  345,  542,  544,  711,  350,  366,  268,   24,  309,  421,  356,  381,  747,  501,  732,  178],
        [  537,    0,  458,  232,  488,  758,  420,  297,  215,  657,  359,  654,  623,   96,  522,  166,  393,  364,  265,  239,  122,  270,  404,  430,  243,  344,  428,  547,  455,  296,    0,  495,  328,  227,  723,  699,  446,  684,  414,  615,  643,  260,  497,  663,  239,  219,   24,  423,  308,  653,  369,  492,  603,  257,  285,  536,  379,  320,  360,  648,  230,  538,  441,  281,  288,  110,   76,  362,  171,  485,  671,  167,  416,  276,  458,  338,  456,  546,  305,  343,  373,  492,  114,  382,  278,  585,  265,  365,  669,  213,  247,  244,  248,  231,  554,  614,  458,  595,  159,  426,  507,  373,  551,  227,  276,  494,  364,  495,  727,   88,  277,  285,  183,  436,  236,  303,  378,  549,  253,  590,  680,  474,  244,  458,  806,  253,  190,  325,  326,  305,  472,  641,  568,  724,  426,  433,  328,  483,  151,  417,  264,  174,  251,   62,  287,  646,  230,  528,  521,  252,  372,  313,  780,  486,  631,  387,  686,  666,  655,  605,  390,  598,  232,  582,  644,  384,  433,  270,  724,  484,  628,  508,  401,  592,  301,  233,  102,  387,  254,  417,  643,  389,  519,  279,  602,  222,  475,  390,  653,  481,  723,  246],
