{
    "name": "random-42-18093",
    "comment": "size=42 seed=18093",
    "nodes": ["+0", "-0", "+1", "-1", "+2", "-2", "+3", "-3", "+4", "-4", "+5", "-5", "+6", "-6", "+7", "-7", "+8", "-8", "+9", "-9", "+10", "-10", "+11", "-11", "+12", "-12", "+13", "-13", "+14", "-14", "+15", "-15", "+16", "-16", "+17", "-17", "+18", "-18", "+19", "-19", "+20", "-20", "+21", "-21", "+22", "-22", "+23", "-23", "+24", "-24", "+25", "-25", "+26", "-26", "+27", "-27", "+28", "-28", "+29", "-29", "+30", "-30", "+31", "-31", "+32", "-32", "+33", "-33", "+34", "-34", "+35", "-35", "+36", "-36", "+37", "-37", "+38", "-38", "+39", "-39", "+40", "-40", "+41", "-41", "+42", "-42"],
    "precedence": {
        "+0": "-0",
        "+1": "-1",
        "+2": "-2",
        "+3": "-3",
        "+4": "-4",
        "+5": "-5",
        "+6": "-6",
        "+7": "-7",
        "+8": "-8",
        "+9": "-9",
        "+10": "-10",
        "+11": "-11",
        "+12": "-12",
        "+13": "-13",
        "+14": "-14",
        "+15": "-15",
        "+16": "-16",
        "+17": "-17",
        "+18": "-18",
        "+19": "-19",
        "+20": "-20",
        "+21": "-21",
        "+22": "-22",
        "+23": "-23",
        "+24": "-24",
        "+25": "-25",
        "+26": "-26",
        "+27": "-27",
        "+28": "-28",
        "+29": "-29",
        "+30": "-30",
        "+31": "-31",
        "+32": "-32",
        "+33": "-33",
        "+34": "-34",
        "+35": "-35",
        "+36": "-36",
        "+37": "-37",
        "+38": "-38",
        "+39": "-39",
        "+40": "-40",
        "+41": "-41",
        "+42": "-42"
    },
    "edges": [
        [    0,    0,  416, 1202,  453,  459,  819,  378,  843,  868,  393, 1045,  110,  773,  815,  917,  655,  185,  518,  275,  468,  308,  982,  238, 1065,  861,  792,  590,  871,  440, 1046,  427, 1202,  886,  277,  609,  834,  547,  692,  681,  796,  849,  338,  903,  446,  762,  466,  363,  235,  907,   61,  215, 1001, 1302,  478,  580,  759,  724,  354, 1092,  470,  530,  735,  817,  719,  826,  786,  369,  574,  663,  834,  764,  114,  925,  589,  934,  822,  316, 1250,  577,  242,  818,  734,  616,  119, 1046],
        [    0,    0,  416, 1202,  453,  459,  819,  378,  843,  868,  393, 1045,  110,  773,  815,  917,  655,  185,  518,  275,  468,  308,  982,  238, 1065,  861,  792,  590,  871,  440, 1046,  427, 1202,  886,  277,  609,  834,  547,  692,  681,  796,  849,  338,  903,  446,  762,  466,  363,  235,  907,   61,  215, 1001, 1302,  478,  580,  759,  724,  354, 1092,  470,  530,  735,  817,  719,  826,  786,  369,  574,  663,  834,  764,  114,  925,  589,  934,  822,  316, 1250,  577,  242,  818,  734,  616,  119, 1046],
        [  416,  416,    0,  995,  153,   49,  702,   99,  898,  841,  394,  691,  402,  383,  553,  889,  629,  487,  449,  174,  498,  114,  861,  467,  792,  545,  476,  632,  625,   85,  759,  433,  947,  589,  147,  488,  612,  692,  642,  277,  551,  752,  409,  694,  186,  772,  646,  249,  279,  601,  394,  287,  634, 1041,  508,  228,  383,  678,  422,  780,  163,  253,  366,  555,  523,  550,  742,  245,  165,  326,  527,  500,  390,  950,  205,  781,  630,  148, 1003,  309,  454,  734,  342,  235,  465,  755],
        [ 1202, 1202,  995,    0,  849, 1003,  408,  934,  673,  507,  814,  529, 1104,  750,  444,  493,  607, 1094,  689,  985,  769, 1066,  291, 1020,  260,  499,  549,  711,  372,  911,  309,  788,  148,  440, 1016,  594,  385,  859,  561,  840,  444,  407,  879,  306,  828,  601,  920,  856,  974,  446, 1144,  993,  590,  188,  763,  779,  709,  544,  865,  364,  835,  746,  704,  443,  491,  454,  512,  852,  904,  688,  499,  496, 1095,  608,  826,  284,  383,  955,  129,  689, 1006,  443,  773,  801, 1141,  320],
        [  453,  453,  153,  849,    0,  179,  550,   89,  763,  694,  286,  596,  402,  326,  413,  742,  488,  464,  311,  179,  380,  220,  709,  422,  659,  425,  354,  505,  482,   70,  630,  318,  811,  461,  190,  338,  465,  588,  497,  253,  407,  601,  322,  546,   40,  632,  556,  150,  247,  477,  413,  263,  549,  907,  389,  128,  308,  533,  330,  662,   18,  104,  283,  415,  372,  414,  596,  143,  179,  213,  402,  359,  389,  809,  150,  629,  480,  138,  865,  161,  407,  584,  290,  172,  464,  628],
        [  459,  459,   49, 1003,  179,    0,  726,  142,  936,  872,  437,  675,  450,  359,  560,  920,  664,  535,  485,  223,  540,  153,  883,  515,  792,  541,  473,  672,  632,  110,  757,  475,  949,  588,  195,  517,  624,  737,  675,  248,  560,  778,  455,  706,  216,  807,  693,  292,  328,  597,  439,  336,  615, 1041,  550,  227,  365,  710,  467,  773,  185,  271,  351,  561,  542,  554,  774,  288,  136,  323,  525,  508,  437,  985,  192,  799,  646,  197, 1006,  324,  503,  762,  318,  222,  512,  752],
        [  819,  819,  702,  408,  550,  726,    0,  618,  359,  204,  426,  586,  715,  612,  291,  234,  200,  695,  303,  640,  366,  742,  167,  620,  396,  416,  410,  306,  260,  619,  414,  394,  463,  374,  678,  224,  208,  460,  154,  653,  260,   59,  485,  190,  517,  237,  515,  503,  603,  402,  759,  621,  606,  555,  359,  534,  563,  144,  470,  497,  541,  457,  544,  293,  201,  322,  139,  501,  669,  477,  390,  305,  708,  346,  592,  124,  148,  619,  493,  410,  607,   68,  614,  580,  746,  424],
        [  378,  378,   99,  934,   89,  142,  618,    0,  801,  748,  296,  680,  341,  395,  501,  797,  534,  415,  354,  106,  400,  133,  781,  385,  747,  513,  442,  534,  569,   65,  719,  335,  899,  550,  105,  400,  549,  595,  550,  307,  493,  667,  314,  629,  107,  676,  552,  151,  198,  566,  343,  210,  630,  995,  410,  207,  384,  586,  326,  750,  106,  190,  362,  502,  451,  502,  651,  147,  208,  299,  491,  447,  328,  855,  212,  705,  560,   67,  953,  247,  372,  647,  357,  239,  404,  716],
        [  843,  843,  898,  673,  763,  936,  359,  801,    0,  172,  517,  944,  735,  928,  640,  181,  280,  670,  453,  775,  412,  896,  385,  607,  743,  765,  747,  273,  617,  828,  767,  475,  775,  729,  819,  449,  563,  309,  286,  941,  606,  314,  536,  546,  724,  141,  394,  654,  694,  758,  786,  704,  960,  853,  401,  799,  881,  259,  518,  851,  762,  702,  857,  642,  521,  671,  223,  656,  924,  773,  737,  641,  734,   95,  858,  438,  504,  773,  788,  673,  602,  292,  920,  855,  736,  777],
        [  868,  868,  841,  507,  694,  872,  204,  748,  172,    0,  496,  786,  759,  806,  494,   51,  222,  712,  398,  745,  402,  859,  216,  641,  574,  619,  611,  281,  462,  763,  600,  455,  604,  577,  787,  358,  411,  391,  199,  836,  462,  151,  535,  383,  657,  116,  468,  612,  682,  605,  808,  696,  808,  683,  392,  705,  758,  163,  518,  685,  690,  616,  737,  496,  391,  525,   99,  612,  837,  662,  593,  505,  754,  142,  764,  267,  351,  733,  619,  577,  632,  139,  804,  756,  773,  611],
        [  393,  393,  394,  814,  286,  437,  426,  296,  517,  496,    0,  749,  291,  564,  465,  546,  275,  288,  126,  258,  106,  379,  590,  217,  703,  546,  485,  245,  507,  337,  693,   43,  827,  552,  302,  221,  462,  303,  306,  523,  439,  458,   70,  522,  248,  404,  274,  146,  187,  579,  333,  202,  724,  927,  118,  375,  529,  340,   64,  753,  292,  277,  502,  468,  346,  484,  406,  151,  464,  408,  513,  423,  282,  581,  421,  542,  440,  258,  872,  289,  201,  428,  537,  433,  328,  696],
        [ 1045, 1045,  691,  529,  596,  675,  586,  680,  944,  786,  749,    0,  979,  324,  316,  807,  719, 1018,  660,  774,  775,  797,  630,  956,  274,  206,  264,  812,  327,  628,  226,  749,  401,  220,  784,  582,  382,  963,  687,  439,  351,  635,  816,  406,  600,  814,  982,  694,  821,  190, 1000,  840,   74,  458,  777,  474,  310,  700,  812,  167,  579,  517,  326,  314,  454,  287,  722,  687,  543,  384,  239,  339,  967,  927,  487,  539,  441,  733,  455,  476,  940,  653,  363,  456, 1036,  214],
        [  110,  110,  402, 1104,  402,  450,  715,  341,  735,  759,  291,  979,    0,  727,  731,  808,  547,   99,  417,  236,  360,  310,  877,  132,  978,  788,  720,  481,  783,  405,  962,  322, 1110,  807,  255,  510,  743,  443,  585,  647,  710,  743,  231,  808,  386,  653,  365,  286,  159,  830,   52,  141,  940, 1210,  370,  528,  708,  616,  247, 1013,  418,  463,  682,  733,  627,  745,  678,  294,  548,  602,  759,  682,   14,  816,  547,  832,  727,  275, 1157,  504,  134,  711,  691,  572,   64,  963],
        [  773,  773,  383,  750,  326,  359,  612,  395,  928,  806,  564,  324,  727,    0,  341,  843,  656,  787,  523,  499,  629,  494,  728,  739,  502,  252,  214,  717,  406,  335,  458,  581,  659,  311,  498,  486,  430,  841,  642,  115,  363,  670,  619,  502,  346,  788,  832,  460,  571,  305,  736,  588,  259,  739,  635,  201,   49,  669,  621,  449,  310,  288,   71,  340,  415,  317,  716,  452,  224,  162,  256,  310,  714,  943,  185,  631,  479,  458,  717,  281,  723,  671,   42,  157,  789,  449],
        [  815,  815,  553,  444,  413,  560,  291,  501,  640,  494,  465,  316,  731,  341,    0,  524,  404,  750,  359,  567,  471,  632,  388,  681,  252,  126,  128,  497,   73,  472,  232,  456,  399,   97,  592,  272,   91,  649,  373,  410,   35,  347,  535,  162,  397,  505,  673,  453,  581,  128,  761,  601,  322,  496,  471,  335,  294,  388,  527,  289,  398,  311,  281,    4,  139,   32,  417,  447,  462,  246,  100,   54,  719,  636,  383,  291,  146,  532,  453,  254,  665,  356,  353,  360,  780,  233],
        [  917,  917,  889,  493,  742,  920,  234,  797,  181,   51,  546,  807,  808,  843,  524,    0,  272,  760,  447,  795,  452,  909,  209,  689,  583,  648,  644,  329,  486,  810,  613,  505,  600,  603,  837,  404,  438,  432,  248,  877,  493,  177,  585,  401,  705,  160,  511,  661,  733,  630,  857,  746,  833,  674,  442,  748,  795,  212,  567,  697,  737,  661,  774,  526,  429,  554,  147,  662,  882,  702,  623,  538,  803,  124,  808,  276,  379,  783,  610,  621,  681,  173,  843,  799,  822,  624],
        [  655,  655,  629,  607,  488,  664,  200,  534,  280,  222,  275,  719,  547,  656,  404,  272,    0,  512,  181,  524,  187,  640,  341,  437,  576,  524,  492,  108,  405,  554,  585,  234,  659,  499,  567,  171,  348,  264,   46,  663,  369,  207,  319,  367,  449,  145,  315,  393,  462,  530,  594,  476,  722,  754,  178,  520,  610,   70,  301,  663,  486,  422,  585,  407,  269,  434,  132,  394,  645,  498,  492,  390,  541,  322,  578,  323,  297,  514,  692,  394,  427,  172,  645,  576,  568,  592],
        [  185,  185,  487, 1094,  464,  535,  695,  415,  670,  712,  288, 1018,   99,  787,  750,  760,  512,    0,  410,  315,  330,  403,  850,   76,  991,  820,  755,  432,  795,  478,  980,  308, 1114,  833,  341,  507,  750,  367,  553,  715,  725,  715,  219,  808,  442,  601,  285,  330,  219,  858,  141,  205,  985, 1214,  337,  587,  763,  582,  231, 1037,  479,  510,  736,  752,  633,  767,  639,  338,  623,  650,  789,  705,  107,  755,  613,  816,  726,  349, 1157,  543,   89,  682,  753,  635,   68,  982],
        [  518,  518,  449,  689,  311,  485,  303,  354,  453,  398,  126,  660,  417,  523,  359,  447,  181,  410,    0,  349,  116,  462,  468,  336,  587,  455,  403,  201,  393,  376,  581,  103,  705,  451,  391,   97,  344,  320,  200,  509,  329,  339,  192,  399,  272,  323,  324,  215,  301,  480,  458,  318,  645,  804,  118,  360,  482,  236,  180,  646,  310,  258,  455,  362,  230,  382,  302,  215,  476,  361,  422,  323,  408,  502,  416,  417,  317,  336,  748,  244,  322,  312,  505,  418,  453,  585],
        [  275,  275,  174,  985,  179,  223,  640,  106,  775,  745,  258,  774,  236,  499,  567,  795,  524,  315,  349,    0,  364,  122,  806,  293,  818,  597,  526,  503,  631,  170,  793,  301,  964,  627,   44,  417,  603,  538,  548,  412,  554,  683,  253,  679,  176,  660,  484,  137,  107,  646,  239,  113,  727, 1062,  375,  305,  484,  584,  268,  831,  196,  264,  461,  569,  495,  573,  650,  139,  312,  390,  571,  514,  223,  838,  316,  739,  604,   42, 1016,  317,  281,  658,  461,  342,  300,  792],
        [  468,  468,  498,  769,  380,  540,  366,  400,  412,  402,  106,  775,  360,  629,  471,  452,  187,  330,  116,  364,    0,  485,  521,  255,  691,  570,  518,  140,  500,  437,  688,   65,  800,  565,  408,  202,  448,  214,  226,  603,  440,  387,  133,  494,  341,  304,  209,  249,  286,  594,  408,  298,  759,  898,   12,  453,  590,  256,  116,  756,  384,  351,  562,  474,  338,  495,  318,  253,  555,  468,  537,  438,  354,  478,  505,  488,  413,  364,  839,  349,  243,  353,  607,  512,  383,  693],
        [  308,  308,  114, 1066,  220,  153,  742,  133,  896,  859,  379,  797,  310,  494,  632,  909,  640,  403,  462,  122,  485,    0,  906,  397,  878,  640,  569,  624,  701,  170,  849,  421, 1030,  679,   79,  520,  681,  658,  661,  391,  625,  788,  374,  761,  239,  778,  601,  248,  221,  693,  293,  221,  742, 1127,  496,  325,  492,  697,  390,  877,  236,  322,  473,  634,  581,  633,  763,  248,  278,  422,  619,  579,  299,  957,  313,  834,  691,  127, 1085,  380,  387,  766,  454,  343,  371,  846],
        [  982,  982,  861,  291,  709,  883,  167,  781,  385,  216,  590,  630,  877,  728,  388,  209,  341,  850,  468,  806,  521,  906,    0,  775,  385,  500,  515,  438,  331,  777,  420,  555,  391,  446,  843,  389,  299,  578,  298,  786,  366,  136,  646,  235,  677,  312,  645,  669,  769,  469,  922,  786,  667,  468,  514,  680,  680,  273,  630,  503,  699,  613,  665,  390,  344,  415,  228,  667,  816,  611,  482,  420,  870,  331,  736,   99,  252,  784,  403,  561,  764,  170,  737,  721,  904,  432],
        [  238,  238,  467, 1020,  422,  515,  620,  385,  607,  641,  217,  956,  132,  739,  681,  689,  437,   76,  336,  293,  255,  397,  775,    0,  920,  756,  693,  360,  724,  446,  910,  235, 1041,  766,  327,  433,  678,  311,  479,  675,  655,  640,  147,  735,  395,  531,  233,  279,  189,  792,  183,  181,  926, 1140,  262,  539,  712,  507,  157,  969,  435,  456,  685,  684,  562,  699,  566,  287,  590,  595,  725,  637,  134,  689,  571,  741,  653,  322, 1084,  484,   17,  607,  706,  591,  133,  912],
        [ 1065, 1065,  792,  260,  659,  792,  396,  747,  743,  574,  703,  274,  978,  502,  252,  583,  576,  991,  587,  818,  691,  878,  385,  920,    0,  258,  320,  681,  197,  713,   50,  688,  159,  205,  842,  491,  244,  838,  534,  601,  269,  430,  773,  209,  646,  631,  879,  703,  831,  201, 1011,  851,  331,  250,  689,  566,  466,  534,  763,  121,  643,  558,  466,  249,  358,  246,  533,  698,  679,  469,  268,  304,  967,  707,  605,  308,  282,  782,  217,  503,  904,  458,  530,  577, 1025,   62],
        [  861,  861,  545,  499,  425,  541,  416,  513,  765,  619,  546,  206,  788,  252,  126,  648,  524,  820,  455,  597,  570,  640,  500,  756,  258,    0,   71,  612,  169,  471,  218,  545,  417,   60,  614,  378,  211,  760,  495,  345,  160,  471,  613,  266,  421,  630,  777,  502,  631,   58,  812,  651,  199,  504,  572,  318,  211,  513,  609,  237,  408,  333,  209,  124,  255,   95,  543,  495,  423,  220,   34,  135,  776,  761,  350,  402,  269,  558,  474,  285,  740,  482,  275,  322,  842,  212],
        [  792,  792,  476,  549,  354,  473,  410,  442,  747,  611,  485,  264,  720,  214,  128,  644,  492,  755,  403,  526,  518,  569,  515,  693,  320,   71,    0,  573,  193,  401,  284,  488,  478,  115,  543,  335,  217,  716,  468,  292,  152,  468,  552,  288,  350,  609,  726,  434,  563,  125,  743,  582,  242,  569,  521,  249,  168,  490,  549,  308,  337,  263,  158,  126,  227,  104,  528,  427,  360,  151,   52,  107,  708,  751,  285,  418,  270,  487,  535,  216,  676,  473,  229,  258,  775,  279],
        [  590,  590,  632,  711,  505,  672,  306,  534,  273,  281,  245,  812,  481,  717,  497,  329,  108,  432,  201,  503,  140,  624,  438,  360,  681,  612,  573,    0,  506,  566,  688,  203,  766,  593,  546,  238,  449,  158,  153,  709,  463,  307,  267,  473,  465,  172,  209,  384,  423,  624,  531,  434,  809,  861,  128,  560,  674,  168,  249,  765,  506,  458,  648,  500,  359,  526,  214,  387,  674,  556,  579,  477,  477,  342,  616,  429,  401,  501,  798,  442,  352,  271,  702,  618,  493,  695],
        [  871,  871,  625,  372,  482,  632,  260,  569,  617,  462,  507,  327,  783,  406,   73,  486,  405,  795,  393,  631,  500,  701,  331,  724,  197,  169,  193,  506,    0,  542,  189,  494,  334,  118,  658,  299,   58,  662,  368,  480,   77,  311,  577,   98,  464,  489,  694,  511,  637,  145,  816,  657,  348,  433,  498,  408,  360,  378,  568,  260,  467,  379,  349,   73,  164,   90,  395,  506,  535,  319,  153,  125,  772,  603,  456,  233,  115,  597,  386,  322,  708,  327,  421,  433,  829,  194],
        [  440,  440,   85,  911,   70,  110,  619,   65,  828,  763,  337,  628,  405,  335,  472,  810,  554,  478,  376,  170,  437,  170,  777,  446,  713,  471,  401,  566,  542,    0,  682,  373,  867,  512,  164,  407,  528,  640,  565,  243,  468,  670,  364,  610,  106,  698,  602,  194,  260,  525,  407,  273,  575,  962,  447,  156,  327,  601,  374,  707,   79,  168,  306,  473,  439,  470,  664,  188,  145,  252,  451,  418,  392,  876,  150,  696,  546,  131,  923,  224,  432,  653,  295,  179,  468,  678],
        [ 1046, 1046,  759,  309,  630,  757,  414,  719,  767,  600,  693,  226,  962,  458,  232,  613,  585,  980,  581,  793,  688,  849,  420,  910,   50,  218,  284,  688,  189,  682,    0,  681,  202,  171,  815,  487,  242,  845,  545,  559,  255,  453,  763,  224,  620,  650,  882,  684,  812,  161,  993,  832,  283,  286,  687,  532,  423,  548,  754,   85,  614,  531,  424,  230,  352,  221,  553,  677,  641,  434,  232,  282,  951,  736,  568,  337,  288,  757,  260,  477,  894,  478,  487,  540, 1011,   13],
        [  427,  427,  433,  788,  318,  475,  394,  335,  475,  455,   43,  749,  322,  581,  456,  505,  234,  308,  103,  301,   65,  421,  555,  235,  688,  545,  488,  203,  494,  373,  681,    0,  807,  546,  344,  199,  445,  271,  267,  548,  428,  422,   92,  501,  279,  362,  251,  184,  228,  574,  367,  242,  729,  906,   76,  399,  545,  301,   78,  744,  323,  298,  517,  459,  331,  478,  366,  188,  495,  423,  512,  417,  315,  539,  448,  512,  419,  299,  850,  303,  220,  391,  557,  457,  354,  685],
        [ 1202, 1202,  947,  148,  811,  949,  463,  899,  775,  604,  827,  401, 1110,  659,  399,  600,  659, 1114,  705,  964,  800, 1030,  391, 1041,  159,  417,  478,  766,  334,  867,  202,  807,    0,  363,  990,  608,  368,  921,  614,  760,  410,  480,  895,  307,  795,  684,  972,  844,  969,  360, 1146,  988,  468,  100,  796,  723,  624,  606,  884,  234,  795,  709,  624,  397,  484,  398,  588,  838,  838,  627,  426,  453, 1100,  721,  763,  348,  389,  930,   59,  652, 1026,  513,  688,  736, 1154,  211],
        [  886,  886,  589,  440,  461,  588,  374,  550,  729,  577,  552,  220,  807,  311,   97,  603,  499,  833,  451,  627,  565,  679,  446,  766,  205,   60,  115,  593,  118,  512,  171,  546,  363,    0,  648,  367,  167,  746,  467,  401,  131,  427,  621,  212,  452,  597,  769,  524,  653,   31,  834,  673,  232,  454,  565,  362,  270,  481,  614,  207,  445,  364,  266,   94,  235,   70,  506,  517,  475,  265,   63,  130,  795,  718,  400,  349,  226,  590,  421,  311,  750,  441,  334,  373,  859,  167],
        [  277,  277,  147, 1016,  190,  195,  678,  105,  819,  787,  302,  784,  255,  498,  592,  837,  567,  341,  391,   44,  408,   79,  843,  327,  842,  614,  543,  546,  658,  164,  815,  344,  990,  648,    0,  455,  632,  580,  590,  405,  581,  722,  296,  710,  196,  703,  524,  177,  144,  665,  249,  147,  734, 1088,  419,  311,  488,  626,  311,  850,  207,  284,  466,  594,  528,  597,  692,  178,  299,  402,  590,  539,  243,  881,  314,  775,  637,   62, 1043,  339,  316,  698,  459,  342,  318,  813],
        [  609,  609,  488,  594,  338,  517,  224,  400,  449,  358,  221,  582,  510,  486,  272,  404,  171,  507,   97,  417,  202,  520,  389,  433,  491,  378,  335,  238,  299,  407,  487,  199,  608,  367,  455,    0,  248,  383,  166,  493,  240,  268,  288,  302,  302,  310,  402,  280,  385,  397,  550,  403,  574,  708,  201,  353,  441,  199,  276,  555,  333,  259,  416,  275,  137,  298,  260,  278,  482,  328,  345,  243,  501,  480,  412,  328,  220,  396,  651,  225,  419,  248,  475,  407,  549,  492],
        [  834,  834,  612,  385,  465,  624,  208,  549,  563,  411,  462,  382,  743,  430,   91,  438,  348,  750,  344,  603,  448,  681,  299,  678,  244,  211,  217,  449,   58,  528,  242,  445,  368,  167,  632,  248,    0,  605,  311,  493,   70,  261,  531,   83,  443,  433,  640,  478,  601,  196,  778,  621,  398,  468,  446,  404,  382,  321,  521,  316,  451,  361,  368,   92,  117,  119,  341,  473,  537,  323,  188,  126,  732,  552,  457,  201,   60,  571,  417,  304,  662,  274,  440,  437,  787,  248],
        [  547,  547,  692,  859,  588,  737,  460,  595,  309,  391,  303,  963,  443,  841,  649,  432,  264,  367,  320,  538,  214,  658,  578,  311,  838,  760,  716,  158,  662,  640,  845,  271,  921,  746,  580,  383,  605,    0,  308,  817,  616,  453,  286,  631,  550,  276,   86,  447,  440,  776,  493,  444,  956, 1014,  207,  667,  801,  317,  272,  921,  593,  565,  774,  652,  511,  677,  350,  452,  765,  680,  727,  625,  443,  399,  718,  580,  558,  548,  952,  561,  310,  417,  821,  726,  434,  852],
        [  692,  692,  642,  561,  497,  675,  154,  550,  286,  199,  306,  687,  585,  642,  373,  248,   46,  553,  200,  548,  226,  661,  298,  479,  534,  495,  468,  153,  368,  565,  545,  267,  614,  467,  590,  166,  311,  308,    0,  657,  338,  163,  355,  325,  460,  146,  361,  414,  492,  498,  631,  507,  693,  708,  217,  518,  595,   37,  338,  624,  494,  424,  571,  376,  242,  403,  103,  414,  647,  488,  464,  365,  578,  315,  577,  278,  258,  535,  646,  391,  467,  129,  634,  572,  608,  553],
        [  681,  681,  277,  840,  253,  248,  653,  307,  941,  836,  523,  439,  647,  115,  410,  877,  663,  715,  509,  412,  603,  391,  786,  675,  601,  345,  292,  709,  480,  243,  559,  548,  760,  401,  405,  493,  493,  817,  657,    0,  424,  711,  569,  571,  283,  802,  797,  400,  496,  401,  650,  512,  374,  844,  611,  151,  138,  688,  575,  558,  241,  253,  136,  409,  452,  392,  742,  393,  114,  177,  341,  368,  634,  968,  105,  691,  534,  373,  818,  269,  660,  706,   77,   92,  710,  552],
        [  796,  796,  551,  444,  407,  560,  260,  493,  606,  462,  439,  351,  710,  363,   35,  493,  369,  725,  329,  554,  440,  625,  366,  655,  269,  160,  152,  463,   77,  468,  255,  428,  410,  131,  581,  240,   70,  616,  338,  424,    0,  317,  509,  150,  388,  471,  641,  435,  562,  162,  742,  582,  356,  509,  440,  338,  315,  354,  500,  317,  392,  303,  299,   38,  106,   66,  384,  430,  469,  255,  131,   57,  699,  604,  389,  269,  118,  520,  462,  246,  640,  324,  372,  369,  757,  258],
        [  849,  849,  752,  407,  601,  778,   59,  667,  314,  151,  458,  635,  743,  670,  347,  177,  207,  715,  339,  683,  387,  788,  136,  640,  430,  471,  468,  307,  311,  670,  453,  422,  480,  427,  722,  268,  261,  453,  163,  711,  317,    0,  512,  233,  567,  205,  515,  546,  639,  455,  789,  656,  658,  568,  379,  590,  622,  140,  496,  537,  593,  511,  602,  349,  259,  378,  109,  545,  725,  534,  446,  363,  736,  292,  649,  133,  202,  664,  504,  465,  629,   37,  672,  637,  769,  464],
        [  338,  338,  409,  879,  322,  455,  485,  314,  536,  535,   70,  816,  231,  619,  535,  585,  319,  219,  192,  253,  133,  374,  646,  147,  773,  613,  552,  267,  577,  364,  763,   92,  895,  621,  296,  288,  531,  286,  355,  569,  509,  512,    0,  590,  288,  435,  239,  173,  160,  648,  277,  169,  789,  995,  144,  425,  587,  387,   19,  823,  332,  331,  559,  537,  415,  554,  450,  180,  500,  467,  582,  492,  224,  608,  466,  603,  508,  264,  939,  351,  132,  481,  590,  481,  262,  766],
        [  903,  903,  694,  306,  546,  706,  190,  629,  546,  383,  522,  406,  808,  502,  162,  401,  367,  808,  399,  679,  494,  761,  235,  735,  209,  266,  288,  473,   98,  610,  224,  501,  307,  212,  710,  302,   83,  631,  325,  571,  150,  233,  590,    0,  523,  427,  674,  551,  672,  236,  845,  691,  436,  406,  491,  486,  455,  326,  578,  307,  532,  443,  443,  163,  186,  185,  329,  547,  618,  404,  250,  206,  798,  522,  538,  138,   83,  649,  350,  386,  720,  255,  515,  518,  849,  234],
        [  446,  446,  186,  828,   40,  216,  517,  107,  724,  657,  248,  600,  386,  346,  397,  705,  449,  442,  272,  176,  341,  239,  677,  395,  646,  421,  350,  465,  464,  106,  620,  279,  795,  452,  196,  302,  443,  550,  460,  283,  388,  567,  288,  523,    0,  593,  520,  118,  228,  470,  401,  246,  557,  893,  350,  146,  323,  495,  295,  656,   45,   89,  297,  399,  345,  401,  559,  110,  216,  218,  396,  344,  373,  771,  179,  600,  453,  138,  849,  144,  380,  549,  312,  196,  446,  618],
        [  762,  762,  772,  601,  632,  807,  237,  676,  141,  116,  404,  814,  653,  788,  505,  160,  145,  601,  323,  660,  304,  778,  312,  531,  631,  630,  609,  172,  489,  698,  650,  362,  684,  597,  703,  310,  433,  276,  146,  802,  471,  205,  435,  427,  593,    0,  353,  532,  589,  627,  703,  601,  827,  770,  293,  661,  741,  120,  417,  733,  630,  565,  717,  508,  382,  537,   99,  534,  788,  633,  601,  504,  649,  179,  720,  337,  375,  653,  705,  535,  523,  175,  780,  717,  664,  660],
        [  466,  466,  646,  920,  556,  693,  515,  552,  394,  468,  274,  982,  365,  832,  673,  511,  315,  285,  324,  484,  209,  601,  645,  233,  879,  777,  726,  209,  694,  602,  882,  251,  972,  769,  524,  402,  640,   86,  361,  797,  641,  515,  239,  674,  520,  353,    0,  409,  381,  798,  415,  382,  968, 1068,  206,  648,  795,  376,  228,  954,  564,  548,  767,  676,  537,  699,  418,  416,  735,  673,  744,  644,  366,  484,  694,  637,  597,  499, 1006,  553,  234,  479,  808,  706,  352,  887],
        [  363,  363,  249,  856,  150,  292,  503,  151,  654,  612,  146,  694,  286,  460,  453,  661,  393,  330,  215,  137,  249,  248,  669,  279,  703,  502,  434,  384,  511,  194,  684,  184,  844,  524,  177,  280,  478,  447,  414,  400,  435,  546,  173,  551,  118,  532,  409,    0,  130,  546,  311,  150,  657,  943,  260,  261,  434,  450,  182,  730,  161,  181,  407,  455,  366,  464,  516,    8,  327,  321,  474,  402,  274,  711,  296,  604,  474,  122,  894,  219,  263,  522,  428,  314,  343,  684],
        [  235,  235,  279,  974,  247,  328,  603,  198,  694,  682,  187,  821,  159,  571,  581,  733,  462,  219,  301,  107,  286,  221,  769,  189,  831,  631,  563,  423,  637,  260,  812,  228,  969,  653,  144,  385,  601,  440,  492,  496,  562,  639,  160,  672,  228,  589,  381,  130,    0,  676,  182,   20,  781, 1068,  297,  372,  550,  527,  178,  860,  262,  305,  524,  583,  487,  593,  592,  137,  405,  443,  603,  531,  147,  764,  395,  712,  592,  134, 1018,  347,  176,  611,  536,  418,  219,  813],
        [  907,  907,  601,  446,  477,  597,  402,  566,  758,  605,  579,  190,  830,  305,  128,  630,  530,  858,  480,  646,  594,  693,  469,  792,  201,   58,  125,  624,  145,  525,  161,  574,  360,   31,  665,  397,  196,  776,  498,  401,  162,  455,  648,  236,  470,  627,  798,  546,  676,    0,  857,  695,  204,  447,  595,  373,  266,  512,  642,  186,  460,  382,  265,  125,  266,  100,  535,  539,  480,  275,   75,  157,  819,  747,  407,  373,  255,  608,  418,  331,  776,  469,  330,  379,  883,  156],
        [   61,   61,  394, 1144,  413,  439,  759,  343,  786,  808,  333, 1000,   52,  736,  761,  857,  594,  141,  458,  239,  408,  293,  922,  183, 1011,  812,  743,  531,  816,  407,  993,  367, 1146,  834,  249,  550,  778,  493,  631,  650,  742,  789,  277,  845,  401,  703,  415,  311,  182,  857,    0,  162,  957, 1245,  418,  540,  720,  663,  294, 1041,  429,  483,  695,  764,  662,  774,  726,  318,  547,  618,  784,  711,   54,  867,  554,  874,  765,  279, 1193,  528,  186,  757,  698,  580,   85,  993],
        [  215,  215,  287,  993,  263,  336,  621,  210,  704,  696,  202,  840,  141,  588,  601,  746,  476,  205,  318,  113,  298,  221,  786,  181,  851,  651,  582,  434,  657,  273,  832,  242,  988,  673,  147,  403,  621,  444,  507,  512,  582,  656,  169,  691,  246,  601,  382,  150,   20,  695,  162,    0,  800, 1088,  309,  389,  568,  541,  187,  880,  279,  324,  542,  603,  507,  613,  607,  157,  418,  462,  623,  551,  128,  775,  411,  730,  612,  144, 1037,  367,  169,  627,  552,  434,  201,  833],
        [ 1001, 1001,  634,  590,  549,  615,  606,  630,  960,  808,  724,   74,  940,  259,  322,  833,  722,  985,  645,  727,  759,  742,  667,  926,  331,  199,  242,  809,  348,  575,  283,  729,  468,  232,  734,  574,  398,  956,  693,  374,  356,  658,  789,  436,  557,  827,  968,  657,  781,  204,  957,  800,    0,  529,  762,  424,  251,  710,  787,  235,  531,  478,  270,  319,  454,  291,  737,  649,  481,  340,  231,  333,  928,  950,  430,  572,  458,  686,  523,  442,  910,  672,  299,  400,  999,  270],
        [ 1302, 1302, 1041,  188,  907, 1041,  555,  995,  853,  683,  927,  458, 1210,  739,  496,  674,  754, 1214,  804, 1062,  898, 1127,  468, 1140,  250,  504,  569,  861,  433,  962,  286,  906,  100,  454, 1088,  708,  468, 1014,  708,  844,  509,  568,  995,  406,  893,  770, 1068,  943, 1068,  447, 1245, 1088,  529,    0,  894,  816,  707,  698,  983,  297,  891,  806,  710,  494,  584,  494,  676,  938,  927,  718,  517,  550, 1200,  793,  853,  437,  488, 1028,   65,  749, 1126,  602,  770,  825, 1253,  293],
        [  478,  478,  508,  763,  389,  550,  359,  410,  401,  392,  118,  777,  370,  635,  471,  442,  178,  337,  118,  375,   12,  496,  514,  262,  689,  572,  521,  128,  498,  447,  687,   76,  796,  565,  419,  201,  446,  207,  217,  611,  440,  379,  144,  491,  350,  293,  206,  260,  297,  595,  418,  309,  762,  894,    0,  461,  596,  247,  126,  755,  393,  358,  568,  474,  337,  496,  309,  263,  564,  474,  539,  439,  364,  467,  513,  481,  410,  375,  835,  355,  251,  345,  614,  520,  392,  692],
        [  580,  580,  228,  779,  128,  227,  534,  207,  799,  705,  375,  474,  528,  201,  335,  748,  520,  587,  360,  305,  453,  325,  680,  539,  566,  318,  249,  560,  408,  156,  532,  399,  723,  362,  311,  353,  404,  667,  518,  151,  338,  590,  425,  486,  146,  661,  648,  261,  372,  373,  540,  389,  424,  816,  461,    0,  180,  550,  429,  554,  111,  103,  156,  336,  337,  328,  608,  253,  137,   99,  300,  284,  515,  832,   60,  590,  434,  264,  779,  128,  524,  580,  168,   59,  590,  528],
        [  759,  759,  383,  709,  308,  365,  563,  384,  881,  758,  529,  310,  708,   49,  294,  795,  610,  763,  482,  484,  590,  492,  680,  712,  466,  211,  168,  674,  360,  327,  423,  545,  624,  270,  488,  441,  382,  801,  595,  138,  315,  622,  587,  455,  323,  741,  795,  434,  550,  266,  720,  568,  251,  707,  596,  180,    0,  622,  588,  421,  291,  257,   28,  293,  367,  271,  668,  426,  234,  123,  212,  262,  695,  895,  179,  583,  431,  443,  682,  243,  696,  622,   65,  149,  768,  415],
        [  724,  724,  678,  544,  533,  710,  144,  586,  259,  163,  340,  700,  616,  669,  388,  212,   70,  582,  236,  584,  256,  697,  273,  507,  534,  513,  490,  168,  378,  601,  548,  301,  606,  481,  626,  199,  321,  317,   37,  688,  354,  140,  387,  326,  495,  120,  376,  450,  527,  512,  663,  541,  710,  698,  247,  550,  622,    0,  370,  629,  529,  458,  599,  391,  263,  420,   67,  450,  680,  517,  483,  385,  610,  282,  610,  263,  264,  571,  635,  423,  497,  104,  663,  604,  638,  556],
        [  354,  354,  422,  865,  330,  467,  470,  326,  518,  518,   64,  812,  247,  621,  527,  567,  301,  231,  180,  268,  116,  390,  630,  157,  763,  609,  549,  249,  568,  374,  754,   78,  884,  614,  311,  276,  521,  272,  338,  575,  500,  496,   19,  578,  295,  417,  228,  182,  178,  642,  294,  187,  787,  983,  126,  429,  588,  370,    0,  815,  339,  333,  561,  530,  405,  547,  433,  189,  508,  468,  577,  485,  241,  590,  472,  589,  496,  277,  927,  350,  143,  464,  594,  486,  277,  757],
        [ 1092, 1092,  780,  364,  662,  773,  497,  750,  851,  685,  753,  167, 1013,  449,  289,  697,  663, 1037,  646,  831,  756,  877,  503,  969,  121,  237,  308,  765,  260,  707,   85,  744,  234,  207,  850,  555,  316,  921,  624,  558,  317,  537,  823,  307,  656,  733,  954,  730,  860,  186, 1041,  880,  235,  297,  755,  554,  421,  629,  815,    0,  645,  568,  428,  286,  419,  270,  636,  724,  650,  456,  261,  333, 1002,  821,  582,  422,  367,  793,  289,  517,  953,  562,  483,  552, 1065,   74],
        [  470,  470,  163,  835,   18,  185,  541,  106,  762,  690,  292,  579,  418,  310,  398,  737,  486,  479,  310,  196,  384,  236,  699,  435,  643,  408,  337,  506,  467,   79,  614,  323,  795,  445,  207,  333,  451,  593,  494,  241,  392,  593,  332,  532,   45,  630,  564,  161,  262,  460,  429,  279,  531,  891,  393,  111,  291,  529,  339,  645,    0,   90,  266,  399,  361,  398,  591,  153,  172,  196,  385,  344,  405,  806,  137,  618,  467,  155,  850,  147,  420,  577,  275,  157,  480,  611],
        [  530,  530,  253,  746,  104,  271,  457,  190,  702,  616,  277,  517,  463,  288,  311,  661,  422,  510,  258,  264,  351,  322,  613,  456,  558,  333,  263,  458,  379,  168,  531,  298,  709,  364,  284,  259,  361,  565,  424,  253,  303,  511,  331,  443,   89,  565,  548,  181,  305,  382,  483,  324,  478,  806,  358,  103,  257,  458,  333,  568,   90,    0,  230,  312,  272,  313,  518,  173,  223,  141,  308,  257,  451,  738,  158,  530,  378,  226,  763,   58,  440,  497,  261,  162,  522,  530],
        [  735,  735,  366,  704,  283,  351,  544,  362,  857,  737,  502,  326,  682,   71,  281,  774,  585,  736,  455,  461,  562,  473,  665,  685,  466,  209,  158,  648,  349,  306,  424,  517,  624,  266,  466,  416,  368,  774,  571,  136,  299,  602,  559,  443,  297,  717,  767,  407,  524,  265,  695,  542,  270,  710,  568,  156,   28,  599,  561,  428,  266,  230,    0,  280,  346,  260,  646,  399,  223,   95,  206,  245,  669,  873,  161,  568,  414,  420,  682,  215,  669,  602,   73,  131,  743,  417],
        [  817,  817,  555,  443,  415,  561,  293,  502,  642,  496,  468,  314,  733,  340,    4,  526,  407,  752,  362,  569,  474,  634,  390,  684,  249,  124,  126,  500,   73,  473,  230,  459,  397,   94,  594,  275,   92,  652,  376,  409,   38,  349,  537,  163,  399,  508,  676,  455,  583,  125,  764,  603,  319,  494,  474,  336,  293,  391,  530,  286,  399,  312,  280,    0,  142,   29,  420,  449,  463,  246,   97,   56,  722,  638,  384,  292,  148,  534,  451,  256,  668,  359,  352,  361,  783,  231],
        [  719,  719,  523,  491,  372,  542,  201,  451,  521,  391,  346,  454,  627,  415,  139,  429,  269,  633,  230,  495,  338,  581,  344,  562,  358,  255,  227,  359,  164,  439,  352,  331,  484,  235,  528,  137,  117,  511,  242,  452,  106,  259,  415,  186,  345,  382,  537,  366,  487,  266,  662,  507,  454,  584,  337,  337,  367,  263,  405,  419,  361,  272,  346,  142,    0,  167,  303,  362,  473,  276,  224,  123,  616,  529,  395,  258,  110,  466,  532,  219,  547,  256,  415,  380,  671,  356],
        [  826,  826,  550,  454,  414,  554,  322,  502,  671,  525,  484,  287,  745,  317,   32,  554,  434,  767,  382,  573,  495,  633,  415,  699,  246,   95,  104,  526,   90,  470,  221,  478,  398,   70,  597,  298,  119,  677,  403,  392,   66,  378,  554,  185,  401,  537,  699,  464,  593,  100,  774,  613,  291,  494,  496,  328,  271,  420,  547,  270,  398,  313,  260,   29,  167,    0,  449,  458,  451,  235,   69,   63,  733,  667,  373,  317,  176,  537,  454,  258,  684,  387,  332,  348,  795,  220],
        [  786,  786,  742,  512,  596,  774,  139,  651,  223,   99,  406,  722,  678,  716,  417,  147,  132,  639,  302,  650,  318,  763,  228,  566,  533,  543,  528,  214,  395,  664,  553,  366,  588,  506,  692,  260,  341,  350,  103,  742,  384,  109,  450,  329,  559,   99,  418,  516,  592,  535,  726,  607,  737,  676,  309,  608,  668,   67,  433,  636,  591,  518,  646,  420,  303,  449,    0,  516,  739,  568,  515,  421,  672,  228,  667,  241,  281,  637,  612,  480,  556,   77,  713,  660,  697,  562],
        [  369,  369,  245,  852,  143,  288,  501,  147,  656,  612,  151,  687,  294,  452,  447,  662,  394,  338,  215,  139,  253,  248,  667,  287,  698,  495,  427,  387,  506,  188,  677,  188,  838,  517,  178,  278,  473,  452,  414,  393,  430,  545,  180,  547,  110,  534,  416,    8,  137,  539,  318,  157,  649,  938,  263,  253,  426,  450,  189,  724,  153,  173,  399,  449,  362,  458,  516,    0,  320,  313,  467,  396,  281,  712,  289,  601,  470,  122,  889,  211,  271,  521,  420,  306,  350,  677],
        [  574,  574,  165,  904,  179,  136,  669,  208,  924,  837,  464,  543,  548,  224,  462,  882,  645,  623,  476,  312,  555,  278,  816,  590,  679,  423,  360,  674,  535,  145,  641,  495,  838,  475,  299,  482,  537,  765,  647,  114,  469,  725,  500,  618,  216,  788,  735,  327,  405,  480,  547,  418,  481,  927,  564,  137,  234,  680,  508,  650,  172,  223,  223,  463,  473,  451,  739,  320,    0,  217,  412,  414,  535,  961,   81,  726,  569,  275,  895,  262,  575,  715,  183,  103,  611,  635],
        [  663,  663,  326,  688,  213,  323,  477,  299,  773,  662,  408,  384,  602,  162,  246,  702,  498,  650,  361,  390,  468,  422,  611,  595,  469,  220,  151,  556,  319,  252,  434,  423,  627,  265,  402,  328,  323,  680,  488,  177,  255,  534,  467,  404,  218,  633,  673,  321,  443,  275,  618,  462,  340,  718,  474,   99,  123,  517,  468,  456,  196,  141,   95,  246,  276,  235,  568,  313,  217,    0,  202,  199,  589,  795,  138,  518,  360,  350,  683,  120,  579,  530,  148,  115,  661,  430],
        [  834,  834,  527,  499,  402,  525,  390,  491,  737,  593,  513,  239,  759,  256,  100,  623,  492,  789,  422,  571,  537,  619,  482,  725,  268,   34,   52,  579,  153,  451,  232,  512,  426,   63,  590,  345,  188,  727,  464,  341,  131,  446,  582,  250,  396,  601,  744,  474,  603,   75,  784,  623,  231,  517,  539,  300,  212,  483,  577,  261,  385,  308,  206,   97,  224,   69,  515,  467,  412,  202,    0,  103,  746,  734,  337,  384,  245,  533,  483,  257,  708,  455,  276,  310,  812,  228],
        [  764,  764,  500,  496,  359,  508,  305,  447,  641,  505,  423,  339,  682,  310,   54,  538,  390,  705,  323,  514,  438,  579,  420,  637,  304,  135,  107,  477,  125,  418,  282,  417,  453,  130,  539,  243,  126,  625,  365,  368,   57,  363,  492,  206,  344,  504,  644,  402,  531,  157,  711,  551,  333,  550,  439,  284,  262,  385,  485,  333,  344,  257,  245,   56,  123,   63,  421,  396,  414,  199,  103,    0,  671,  645,  334,  324,  170,  479,  507,  200,  621,  367,  317,  313,  733,  282],
