{
    "name": "random-46-27948",
    "comment": "size=46 seed=27948",
    "nodes": ["+0", "-0", "+1", "-1", "+2", "-2", "+3", "-3", "+4", "-4", "+5", "-5", "+6", "-6", "+7", "-7", "+8", "-8", "+9", "-9", "+10", "-10", "+11", "-11", "+12", "-12", "+13", "-13", "+14", "-14", "+15", "-15", "+16", "-16", "+17", "-17", "+18", "-18", "+19", "-19", "+20", "-20", "+21", "-21", "+22", "-22", "+23", "-23", "+24", "-24", "+25", "-25", "+26", "-26", "+27", "-27", "+28", "-28", "+29", "-29", "+30", "-30", "+31", "-31", "+32", "-32", "+33", "-33", "+34", "-34", "+35", "-35", "+36", "-36", "+37", "-37", "+38", "-38", "+39", "-39", "+40", "-40", "+41", "-41", "+42", "-42", "+43", "-43", "+44", "-44", "+45", "-45", "+46", "-46"],
    "precedence": {
        "+0": "-0",
        "+1": "-1",
        "+2": "-2",
        "+3": "-3",
        "+4": "-4",
        "+5": "-5",
        "+6": "-6",
        "+7": "-7",
        "+8": "-8",
        "+9": "-9",
        "+10": "-10",
        "+11": "-11",
        "+12": "-12",
        "+13": "-13",
        "+14": "-14",
        "+15": "-15",
        "+16": "-16",
        "+17": "-17",
        "+18": "-18",
        "+19": "-19",
        "+20": "-20",
        "+21": "-21",
        "+22": "-22",
        "+23": "-23",
        "+24": "-24",
        "+25": "-25",
        "+26": "-26",
        "+27": "-27",
        "+28": "-28",
        "+29": "-29",
        "+30": "-30",
        "+31": "-31",
        "+32": "-32",
        "+33": "-33",
        "+34": "-34",
        "+35": "-35",
        "+36": "-36",
        "+37": "-37",
        "+38": "-38",
        "+39": "-39",
        "+40": "-40",
        "+41": "-41",
        "+42": "-42",
        "+43": "-43",
        "+44": "-44",
        "+45": "-45",
        "+46": "-46"
    },
    "edges": [
        [    0,    0,  460,  563,  579,  550,  167,   33,  357,  687,  742,  523,  594,   67,  586,  704,  769,  925,   97,  930,  829,  722,  506,  554,  106,  589, 1069,  739,  304,  385,  320, 1032,  943,  776,  761,  117,  241,  164,  931,  435,  640,  636,  641,  892,  524,  691,  644,  441,  948,  887,  578,  333,  402,  934,   96,  566,  421,  384,  742,  615,  819,  381,  565,  998,  194,  501,  672,  293,  871,  913, 1056,  349,  731,  648,  920,  232,  341,  923,  942,  761,  491,  755,  609, 1063,  704,  424,  427,  267,  781,  765,   66,  533, 1039,  731],
        [    0,    0,    0,    0,    0,    0,    0,    0,    0,    0,    0,    0,    0,    0,    0,    0,    0,    0,    0,    0,    0,    0,    0,    0,    0,    0,    0,    0,    0,    0,    0,    0,    0,    0,    0,    0,    0,    0,    0,    0,    0,    0,    0,    0,    0,    0,    0,    0,    0,    0,    0,    0,    0,    0,    0,    0,    0,    0,    0,    0,    0,    0,    0,    0,    0,    0,    0,    0,    0,    0,    0,    0,    0,    0,    0,    0,    0,    0,    0,    0,    0,    0,    0,    0,    0,    0,    0,    0,    0,    0,    0,    0,    0,    0],
        [  460,    0,    0,  415,  673,  318,  326,  450,  271,  383,  574,   64,  196,  465,  138,  588,  692,  787,  377,  639,  566,  402,  707,  689,  410,  134,  947,  838,  382,  615,  221,  877,  516,  419,  848,  430,  337,  371,  475,  327,  291,  290,  381,  649,  322,  351,  364,  317,  704,  582,  355,  233,  106,  779,  407,  587,  385,  214,  306,  603,  362,  250,  400,  752,  509,  146,  413,  536,  617,  727,  824,  436,  408,  413,  758,  482,  132,  723,  651,  700,   33,  868,  514,  862,  782,  153,   91,  503,  413,  594,  437,  478,  795,  281],
        [  563,    0,  415,    0,  329,  110,  549,  534,  626,  201,  185,  438,  311,  518,  509,  176,  277,  391,  473,  380,  276,  237,  435,  369,  460,  488,  549,  464,  268,  409,  288,  492,  544,  313,  467,  620,  323,  400,  631,  133,  244,  239,  135,  330,   94,  247,  159,  132,  385,  350,   88,  577,  491,  391,  468,  220,  149,  236,  431,  211,  559,  214,   21,  435,  453,  280,  149,  395,  311,  357,  494,  252,  246,  114,  373,  395,  459,  363,  392,  286,  430,  498,  102,  506,  405,  549,  330,  385,  330,  209,  502,  105,  476,  464],
        [  579,    0,  673,  329,    0,  430,  655,  547,  802,  525,  368,  715,  625,  514,  794,  292,  276,  443,  525,  625,  529,  558,  153,   57,  485,  777,  547,  172,  328,  223,  471,  542,  867,  633,  189,  680,  405,  448,  959,  351,  571,  566,  460,  538,  402,  574,  486,  364,  576,  619,  416,  755,  715,  466,  497,  110,  289,  460,  757,  145,  884,  424,  349,  614,  393,  570,  465,  292,  540,  485,  642,  264,  566,  430,  463,  347,  661,  507,  635,  254,  697,  199,  255,  612,  127,  771,  583,  314,  652,  382,  516,  226,  641,  787],
        [  550,    0,  318,  110,  430,    0,  504,  524,  551,  142,  258,  333,  201,  515,  401,  273,  379,  471,  455,  382,  287,  180,  520,  465,  453,  380,  631,  572,  286,  475,  241,  565,  464,  247,  576,  588,  316,  392,  533,  132,  145,  140,   91,  360,   34,  167,   96,  120,  417,  338,   39,  503,  404,  465,  459,  324,  188,  177,  328,  320,  454,  171,   91,  468,  477,  176,  124,  440,  333,  418,  534,  294,  189,  108,  445,  423,  382,  418,  395,  390,  329,  606,  211,  561,  513,  461,  239,  421,  259,  279,  495,  205,  511,  358],
        [  167,    0,  326,  549,  655,  504,    0,  176,  192,  626,  734,  386,  492,  209,  439,  713,  794,  935,  143,  883,  790,  657,  615,  643,  191,  447, 1088,  824,  335,  496,  265, 1039,  836,  698,  843,  104,  256,  209,  800,  417,  559,  556,  593,  862,  486,  616,  589,  418,  919,  834,  538,  166,  250,  938,  180,  614,  430,  327,  627,  655,  687,  339,  545,  970,  318,  406,  627,  399,  836,  906, 1035,  396,  665,  610,  921,  331,  197,  910,  896,  792,  354,  846,  618, 1053,  781,  262,  320,  366,  699,  757,  186,  550, 1013,  607],
        [   33,    0,  450,  534,  547,  524,  176,    0,  368,  662,  711,  514,  576,   38,  580,  673,  737,  894,   76,  902,  801,  698,  476,  523,   75,  582, 1037,  707,  273,  355,  298, 1000,  925,  753,  729,  143,  212,  135,  918,  406,  618,  614,  614,  863,  497,  668,  619,  413,  918,  861,  552,  340,  399,  902,   66,  533,  390,  362,  726,  583,  807,  356,  536,  968,  165,  483,  646,  262,  842,  883, 1026,  317,  706,  621,  888,  200,  336,  892,  915,  729,  481,  724,  578, 1032,  672,  425,  412,  235,  759,  735,   33,  501, 1009,  717],
        [  357,    0,  271,  626,  802,  551,  192,  368,    0,  644,  804,  310,  466,  400,  330,  801,  895, 1016,  327,  903,  823,  667,  785,  799,  375,  347, 1174,  973,  475,  669,  348, 1113,  774,  688,  989,  266,  399,  377,  702,  505,  557,  555,  629,  904,  544,  617,  618,  501,  960,  847,  589,   50,  166, 1013,  366,  742,  540,  391,  565,  775,  590,  417,  616, 1009,  503,  402,  663,  574,  873,  969, 1079,  538,  673,  656,  993,  507,  169,  968,  915,  898,  285,  998,  713, 1110,  924,  131,  318,  540,  683,  827,  376,  657, 1053,  530],
        [  687,    0,  383,  201,  525,  142,  626,  662,  644,    0,  240,  375,  204,  655,  424,  292,  396,  435,  591,  261,  184,   39,  636,  568,  592,  399,  590,  643,  427,  604,  371,  511,  343,  112,  642,  716,  457,  531,  445,  273,  100,   99,   67,  268,  174,   58,   47,  262,  321,  208,  127,  599,  484,  419,  598,  415,  324,  305,  262,  393,  389,  307,  184,  369,  618,  242,   64,  577,  234,  358,  441,  431,   48,   96,  397,  564,  479,  349,  273,  414,  383,  678,  275,  483,  585,  536,  327,  561,  129,  252,  634,  305,  413,  307],
        [  742,    0,  574,  185,  368,  258,  734,  711,  804,  240,    0,  584,  427,  692,  645,   78,  161,  214,  654,  258,  164,  256,  511,  422,  637,  621,  374,  441,  440,  526,  472,  310,  543,  320,  433,  804,  503,  578,  673,  317,  331,  328,  204,  175,  261,  298,  229,  316,  222,  255,  220,  756,  661,  209,  646,  271,  321,  417,  501,  224,  627,  397,  191,  268,  613,  430,  182,  539,  172,  173,  318,  409,  260,  166,  190,  554,  636,  182,  267,  183,  583,  476,  144,  322,  386,  718,  496,  537,  342,   24,  679,  220,  305,  547],
        [  523,    0,   64,  438,  715,  333,  386,  514,  310,  375,  584,    0,  174,  528,   81,  606,  712,  795,  441,  622,  558,  389,  758,  734,  473,   72,  954,  876,  436,  670,  277,  880,  467,  393,  885,  490,  396,  433,  414,  365,  278,  278,  384,  642,  344,  335,  364,  353,  695,  563,  368,  278,  149,  784,  471,  624,  427,  260,  256,  635,  301,  295,  421,  741,  570,  158,  413,  594,  609,  729,  814,  487,  393,  419,  763,  542,  190,  722,  634,  722,   33,  908,  538,  857,  819,  182,  136,  562,  385,  603,  501,  511,  785,  226],
        [  594,    0,  196,  311,  625,  201,  492,  576,  466,  204,  427,  174,    0,  580,  221,  462,  569,  633,  501,  448,  385,  215,  700,  655,  518,  196,  790,  772,  411,  634,  285,  714,  350,  223,  776,  592,  404,  464,  364,  287,  105,  106,  224,  470,  224,  161,  200,  273,  522,  390,  227,  426,  301,  620,  520,  522,  355,  233,  157,  520,  268,  258,  291,  568,  585,   94,  249,  578,  436,  561,  641,  444,  219,  262,  598,  541,  314,  553,  460,  583,  187,  806,  410,  686,  713,  347,  173,  551,  218,  444,  555,  403,  611,  168],
        [   67,    0,  465,  518,  514,  515,  209,   38,  400,  655,  692,  528,  580,    0,  597,  651,  711,  870,   88,  890,  788,  691,  440,  488,   64,  598, 1011,  673,  252,  318,  298,  977,  928,  749,  695,  180,  199,  124,  928,  393,  616,  611,  604,  847,  487,  664,  611,  401,  902,  850,  541,  370,  421,  880,   61,  504,  372,  359,  733,  555,  818,  350,  521,  952,  128,  487,  635,  227,  827,  862, 1008,  291,  700,  609,  866,  167,  357,  873,  903,  702,  497,  689,  556, 1011,  638,  450,  420,  201,  756,  715,   28,  479,  992,  726],
        [  586,    0,  138,  509,  794,  401,  439,  580,  330,  424,  645,   81,  221,  597,    0,  673,  779,  853,  509,  657,  603,  431,  838,  814,  544,   26, 1011,  953,  516,  750,  356,  934,  453,  422,  961,  542,  474,  508,  373,  443,  324,  326,  442,  688,  416,  377,  419,  431,  738,  597,  434,  309,  191,  840,  541,  701,  506,  340,  252,  710,  261,  376,  491,  782,  646,  230,  469,  673,  653,  781,  856,  567,  434,  479,  818,  620,  246,  772,  668,  791,  107,  985,  610,  904,  896,  200,  217,  641,  410,  662,  569,  586,  825,  208],
        [  704,    0,  588,  176,  292,  273,  713,  673,  801,  292,   78,  606,  462,  651,  673,    0,  108,  224,  621,  334,  241,  315,  437,  347,  599,  650,  377,  367,  401,  460,  459,  329,  612,  384,  360,  775,  471,  543,  734,  299,  373,  370,  244,  247,  266,  350,  271,  301,  289,  332,  239,  752,  666,  230,  609,  199,  287,  410,  553,  149,  681,  385,  189,  332,  562,  449,  230,  481,  248,  217,  372,  361,  320,  205,  216,  504,  635,  233,  343,  123,  601,  402,   96,  363,  311,  725,  505,  483,  405,   91,  640,  172,  364,  595],
        [  769,    0,  692,  277,  276,  379,  794,  737,  895,  396,  161,  712,  569,  711,  779,  108,    0,  171,  692,  389,  313,  415,  428,  332,  665,  757,  301,  298,  469,  478,  549,  275,  703,  480,  285,  849,  545,  612,  833,  390,  480,  476,  350,  290,  370,  453,  377,  394,  316,  401,  345,  846,  767,  191,  675,  216,  365,  506,  657,  160,  784,  478,  293,  348,  610,  554,  334,  519,  304,  213,  369,  420,  419,  311,  188,  554,  731,  237,  395,   27,  705,  331,  183,  337,  250,  825,  607,  528,  502,  159,  704,  245,  370,  701],
        [  925,    0,  787,  391,  443,  471,  935,  894, 1016,  435,  214,  795,  633,  870,  853,  224,  171,    0,  843,  317,  285,  440,  595,  498,  820,  829,  160,  431,  623,  648,  679,  108,  679,  487,  412,  998,  693,  765,  832,  520,  532,  530,  412,  221,  473,  490,  434,  521,  214,  353,  433,  967,  874,   34,  831,  385,  510,  627,  685,  329,  806,  604,  400,  224,  775,  643,  385,  687,  250,  101,  219,  579,  441,  376,   50,  717,  848,  126,  318,  189,  795,  459,  319,  172,  395,  931,  710,  693,  508,  193,  861,  393,  231,  736],
        [   97,    0,  377,  473,  525,  455,  143,   76,  327,  591,  654,  441,  501,   88,  509,  621,  692,  843,    0,  835,  735,  626,  475,  508,   49,  510,  990,  691,  223,  355,  224,  949,  850,  679,  711,  159,  151,   81,  843,  342,  544,  540,  545,  800,  429,  595,  548,  348,  856,  792,  484,  292,  334,  850,   39,  497,  335,  288,  651,  543,  733,  285,  473,  906,  177,  407,  577,  258,  778,  826,  966,  276,  635,  554,  835,  191,  269,  834,  848,  686,  409,  711,  525,  975,  651,  366,  336,  226,  685,  677,   60,  451,  948,  642],
        [  930,    0,  639,  380,  625,  382,  883,  902,  903,  261,  258,  622,  448,  890,  657,  334,  389,  317,  835,    0,  106,  237,  766,  679,  830,  631,  432,  685,  646,  773,  623,  341,  373,  236,  673,  969,  692,  768,  538,  497,  348,  349,  292,  101,  406,  288,  294,  490,  110,   60,  352,  859,  741,  286,  837,  527,  528,  558,  435,  481,  536,  553,  373,  136,  833,  501,  259,  772,   87,  217,  207,  631,  231,  282,  268,  775,  739,  192,   14,  415,  634,  719,  389,  272,  634,  791,  587,  764,  251,  245,  872,  456,  174,  489],
        [  829,    0,  566,  276,  529,  287,  790,  801,  823,  184,  164,  558,  385,  788,  603,  241,  313,  285,  735,  106,    0,  172,  667,  582,  728,  577,  427,  603,  542,  669,  527,  342,  400,  204,  594,  873,  590,  667,  547,  396,  281,  281,  198,   86,  308,  226,  206,  389,  138,   92,  254,  778,  665,  262,  736,  427,  424,  464,  407,  385,  523,  455,  269,  186,  728,  423,  164,  667,   51,  193,  258,  526,  170,  182,  240,  670,  656,  177,  118,  337,  566,  637,  286,  302,  549,  718,  505,  659,  225,  157,  771,  352,  230,  460],
        [  722,    0,  402,  237,  558,  180,  657,  698,  667,   39,  256,  389,  215,  691,  431,  315,  415,  440,  626,  237,  172,    0,  671,  602,  628,  405,  591,  671,  465,  642,  405,  509,  310,   76,  669,  748,  494,  568,  420,  311,  112,  113,  103,  257,  212,   55,   85,  300,  308,  181,  165,  623,  505,  421,  634,  448,  362,  339,  248,  424,  372,  343,  220,  353,  656,  265,   93,  616,  222,  357,  426,  469,   10,  128,  399,  602,  504,  345,  249,  435,  399,  707,  305,  473,  613,  555,  352,  599,   95,  265,  670,  340,  397,  297],
        [  506,    0,  707,  435,  153,  520,  615,  476,  785,  636,  511,  758,  700,  440,  838,  437,  428,  595,  475,  766,  667,  671,    0,   97,  429,  826,  693,  251,  329,  122,  489,  693,  977,  747,  277,  618,  392,  410, 1052,  413,  664,  660,  570,  683,  488,  679,  592,  427,  724,  755,  515,  741,  727,  618,  441,  240,  346,  499,  844,  288,  966,  464,  453,  763,  312,  629,  581,  218,  682,  636,  793,  272,  680,  546,  615,  285,  667,  657,  776,  406,  735,  259,  383,  764,  237,  779,  622,  250,  764,  527,  450,  332,  792,  867],
        [  554,    0,  689,  369,   57,  465,  643,  523,  799,  568,  422,  734,  655,  488,  814,  347,  332,  498,  508,  679,  582,  602,   97,    0,  466,  798,  598,  185,  327,  182,  479,  597,  911,  678,  207,  660,  401,  435,  997,  374,  608,  603,  503,  593,  435,  615,  527,  387,  632,  671,  454,  753,  722,  522,  478,  157,  309,  476,  792,  199,  918,  440,  388,  670,  364,  594,  510,  263,  594,  541,  698,  264,  610,  475,  519,  323,  666,  563,  689,  310,  714,  204,  303,  668,  155,  777,  600,  289,  696,  437,  493,  264,  697,  820],
        [  106,    0,  410,  460,  485,  453,  191,   75,  375,  592,  637,  473,  518,   64,  544,  599,  665,  820,   49,  830,  728,  628,  429,  466,    0,  543,  965,  649,  199,  308,  235,  927,  866,  686,  670,  196,  139,   62,  868,  333,  553,  548,  543,  789,  425,  601,  548,  340,  844,  789,  479,  339,  375,  829,   13,  464,  316,  296,  671,  512,  759,  287,  462,  894,  128,  424,  574,  212,  768,  808,  952,  245,  637,  548,  814,  145,  309,  818,  842,  657,  442,  669,  504,  958,  611,  409,  360,  180,  692,  661,   43,  428,  935,  666],
        [  589,    0,  134,  488,  777,  380,  447,  582,  347,  399,  621,   72,  196,  598,   26,  650,  757,  829,  510,  631,  577,  405,  826,  798,  543,    0,  986,  935,  505,  739,  347,  909,  432,  397,  943,  550,  467,  504,  359,  426,  299,  300,  418,  662,  395,  351,  395,  414,  712,  572,  412,  323,  201,  815,  541,  683,  490,  327,  229,  691,  246,  362,  470,  756,  642,  210,  444,  665,  627,  756,  830,  555,  408,  455,  793,  613,  252,  747,  642,  769,  102,  968,  589,  878,  878,  217,  206,  633,  384,  638,  570,  567,  799,  187],
        [ 1069,    0,  947,  549,  547,  631, 1088, 1037, 1174,  590,  374,  954,  790, 1011, 1011,  377,  301,  160,  990,  432,  427,  591,  693,  598,  965,  986,    0,  486,  769,  765,  835,   92,  805,  631,  462, 1147,  842,  911,  966,  675,  688,  687,  571,  351,  632,  643,  592,  677,  323,  480,  593, 1125, 1033,  171,  975,  512,  660,  785,  834,  458,  950,  761,  559,  308,  908,  802,  542,  815,  385,  236,  263,  720,  591,  535,  193,  853, 1007,  252,  429,  311,  955,  506,  471,  186,  467, 1091,  869,  826,  652,  353, 1004,  541,  292,  885],
        [  739,    0,  838,  464,  172,  572,  824,  707,  973,  643,  441,  876,  772,  673,  953,  367,  298,  431,  691,  685,  603,  671,  251,  185,  649,  935,  486,    0,  499,  362,  640,  510,  976,  745,   27,  844,  576,  617, 1087,  512,  705,  701,  584,  587,  548,  698,  611,  523,  612,  693,  551,  926,  884,  461,  662,  253,  454,  625,  892,  254, 1021,  590,  484,  639,  547,  726,  580,  447,  599,  503,  648,  435,  678,  548,  466,  508,  832,  529,  692,  271,  860,   36,  371,  600,   60,  940,  748,  473,  765,  447,  678,  370,  656,  927],
        [  304,    0,  382,  268,  328,  286,  335,  273,  475,  427,  440,  436,  411,  252,  516,  401,  469,  623,  223,  646,  542,  465,  329,  327,  199,  505,  769,  499,    0,  234,  162,  729,  737,  531,  516,  380,   80,  143,  774,  155,  412,  407,  369,  597,  254,  448,  381,  166,  652,  610,  304,  428,  400,  631,  209,  280,  120,  184,  566,  323,  676,  155,  274,  701,  192,  326,  397,  167,  579,  611,  756,   64,  474,  367,  616,  138,  341,  621,  658,  464,  411,  524,  306,  760,  451,  453,  300,  142,  542,  464,  240,  230,  741,  577],
        [  385,    0,  615,  409,  223,  475,  496,  355,  669,  604,  526,  670,  634,  318,  750,  460,  478,  648,  355,  773,  669,  642,  122,  182,  308,  739,  765,  362,  234,    0,  395,  752,  938,  716,  386,  496,  286,  293,  995,  352,  616,  611,  539,  700,  441,  640,  559,  366,  747,  752,  479,  627,  623,  667,  319,  266,  288,  416,  786,  322,  901,  384,  424,  791,  191,  555,  557,   97,  693,  673,  830,  191,  651,  523,  660,  165,  561,  691,  784,  461,  644,  375,  385,  812,  336,  672,  534,  130,  731,  546,  328,  317,  824,  802],
        [  320,    0,  221,  288,  471,  241,  265,  298,  348,  371,  472,  277,  285,  298,  356,  459,  549,  679,  224,  623,  527,  405,  489,  479,  235,  347,  835,  640,  162,  395,    0,  780,  631,  456,  654,  347,  124,  179,  642,  160,  321,  316,  331,  598,  222,  372,  331,  158,  655,  576,  275,  299,  245,  679,  238,  399,  194,   66,  440,  428,  537,   76,  282,  706,  304,  192,  365,  318,  573,  643,  771,  219,  414,  346,  661,  269,  193,  647,  636,  551,  250,  669,  367,  790,  588,  301,  143,  286,  462,  496,  273,  309,  749,  440],
        [ 1032,    0,  877,  492,  542,  565, 1039, 1000, 1113,  511,  310,  880,  714,  977,  934,  329,  275,  108,  949,  341,  342,  509,  693,  597,  927,  909,   92,  510,  729,  752,  780,    0,  714,  545,  489, 1104,  799,  871,  876,  623,  610,  609,  498,  262,  570,  562,  517,  623,  232,  390,  527, 1065,  967,  102,  937,  491,  616,  726,  749,  434,  863,  705,  500,  217,  882,  732,  467,  793,  297,  153,  178,  686,  509,  465,  121,  824,  945,  165,  338,  292,  883,  535,  425,  105,  482, 1024,  803,  800,  565,  287,  968,  500,  204,  801],
        [  943,    0,  516,  544,  867,  464,  836,  925,  774,  343,  543,  467,  350,  928,  453,  612,  703,  679,  850,  373,  400,  310,  977,  911,  866,  432,  805,  976,  737,  938,  631,  714,    0,  234,  972,  938,  744,  810,  174,  591,  326,  331,  409,  460,  498,  300,  385,  577,  483,  328,  463,  744,  615,  652,  868,  757,  652,  573,  211,  732,  222,  591,  525,  505,  922,  443,  402,  899,  429,  581,  569,  755,  302,  437,  631,  873,  646,  559,  377,  726,  494, 1011,  614,  641,  919,  644,  520,  877,  215,  545,  903,  648,  535,  246],
        [  776,    0,  419,  313,  633,  247,  698,  753,  688,  112,  320,  393,  223,  749,  422,  384,  480,  487,  679,  236,  204,   76,  747,  678,  686,  397,  631,  745,  531,  716,  456,  545,  234,    0,  741,  793,  554,  626,  353,  379,  139,  142,  178,  284,  280,   86,  157,  366,  327,  176,  238,  647,  523,  465,  691,  524,  433,  392,  204,  498,  320,  400,  295,  367,  721,  295,  169,  686,  249,  396,  440,  540,   68,  204,  443,  669,  532,  381,  247,  502,  409,  780,  381,  496,  687,  569,  383,  668,   22,  326,  727,  416,  407,  258],
        [  761,    0,  848,  467,  189,  576,  843,  729,  989,  642,  433,  885,  776,  695,  961,  360,  285,  412,  711,  673,  594,  669,  277,  207,  670,  943,  462,   27,  516,  386,  654,  489,  972,  741,    0,  865,  594,  636, 1086,  522,  707,  703,  583,  575,  553,  697,  611,  533,  597,  684,  553,  942,  897,  443,  682,  262,  466,  637,  893,  257, 1022,  602,  487,  623,  570,  733,  578,  469,  588,  487,  630,  452,  675,  547,  448,  529,  845,  513,  680,  259,  870,   48,  372,  580,   66,  954,  758,  495,  762,  438,  699,  376,  639,  930],
        [  117,    0,  430,  620,  680,  588,  104,  143,  266,  716,  804,  490,  592,  180,  542,  775,  849,  998,  159,  969,  873,  748,  618,  660,  196,  550, 1147,  844,  380,  496,  347, 1104,  938,  793,  865,    0,  306,  239,  903,  488,  655,  651,  678,  942,  566,  711,  677,  491,  999,  922,  620,  254,  351, 1004,  184,  655,  489,  412,  730,  702,  790,  418,  619, 1050,  307,  504,  711,  402,  918,  977, 1112,  435,  757,  692,  988,  337,  300,  983,  982,  844,  458,  863,  680, 1125,  806,  358,  420,  373,  795,  828,  168,  607, 1092,  710],
        [  241,    0,  337,  323,  405,  316,  256,  212,  399,  457,  503,  396,  404,  199,  474,  471,  545,  693,  151,  692,  590,  494,  392,  401,  139,  467,  842,  576,   80,  286,  124,  799,  744,  554,  594,  306,    0,   77,  763,  195,  424,  420,  405,  651,  288,  469,  412,  202,  707,  652,  342,  353,  338,  700,  146,  359,  184,  172,  560,  401,  659,  155,  325,  758,  182,  312,  436,  201,  631,  676,  816,  142,  503,  410,  684,  146,  276,  684,  704,  540,  368,  601,  375,  825,  530,  387,  266,  167,  562,  527,  181,  302,  799,  562],
        [  164,    0,  371,  400,  448,  392,  209,  135,  377,  531,  578,  433,  464,  124,  508,  543,  612,  765,   81,  768,  667,  568,  410,  435,   62,  504,  911,  617,  143,  293,  179,  871,  810,  626,  636,  239,   77,    0,  818,  272,  494,  490,  482,  728,  364,  541,  487,  279,  784,  728,  418,  336,  350,  772,   69,  417,  258,  238,  619,  463,  711,  227,  402,  834,  141,  371,  512,  198,  708,  750,  892,  196,  577,  487,  757,  131,  284,  759,  781,  606,  403,  638,  447,  899,  575,  391,  312,  163,  633,  602,  104,  372,  875,  617],
        [  931,    0,  475,  631,  959,  533,  800,  918,  702,  445,  673,  414,  364,  928,  373,  734,  833,  832,  843,  538,  547,  420, 1052,  997,  868,  359,  966, 1087,  774,  995,  642,  876,  174,  353, 1086,  903,  763,  818,    0,  644,  390,  395,  504,  617,  564,  390,  477,  630,  646,  487,  544,  680,  558,  806,  868,  851,  711,  594,  210,  835,  114,  621,  611,  672,  945,  452,  508,  941,  584,  736,  739,  805,  414,  539,  785,  904,  604,  716,  543,  853,  446, 1122,  717,  808, 1028,  573,  508,  914,  332,  679,  901,  735,  704,  202],
        [  435,    0,  327,  133,  351,  132,  417,  406,  505,  273,  317,  365,  287,  393,  443,  299,  390,  520,  342,  497,  396,  311,  413,  374,  333,  426,  675,  512,  155,  352,  160,  623,  591,  379,  522,  488,  195,  272,  644,    0,  266,  261,  216,  458,  100,  297,  227,   15,  514,  459,  150,  456,  384,  522,  341,  261,   68,  120,  436,  279,  554,   89,  132,  564,  346,  220,  244,  309,  436,  490,  625,  165,  320,  216,  504,  291,  343,  496,  510,  393,  348,  544,  208,  638,  456,  443,  237,  290,  390,  341,  376,  155,  606,  455],
        [  640,    0,  291,  244,  571,  145,  559,  618,  557,  100,  331,  278,  105,  616,  324,  373,  480,  532,  544,  348,  281,  112,  664,  608,  553,  299,  688,  705,  412,  616,  321,  610,  326,  139,  707,  655,  424,  494,  390,  266,    0,    6,  130,  366,  177,   61,  104,  252,  418,  291,  156,  514,  394,  518,  557,  463,  328,  257,  187,  452,  316,  270,  224,  464,  598,  158,  150,  573,  332,  458,  537,  430,  117,  169,  496,  548,  396,  449,  360,  496,  287,  740,  336,  581,  646,  444,  246,  552,  142,  346,  593,  346,  508,  224],
        [  636,    0,  290,  239,  566,  140,  556,  614,  555,   99,  328,  278,  106,  611,  326,  370,  476,  530,  540,  349,  281,  113,  660,  603,  548,  300,  687,  701,  407,  611,  316,  609,  331,  142,  703,  651,  420,  490,  395,  261,    6,    0,  127,  365,  172,   63,  101,  247,  418,  293,  151,  513,  393,  516,  552,  459,  323,  253,  192,  448,  320,  265,  219,  464,  593,  156,  148,  568,  331,  456,  537,  425,  118,  166,  494,  544,  394,  447,  361,  492,  287,  736,  331,  581,  642,  443,  243,  547,  146,  343,  588,  341,  508,  228],
        [  641,    0,  381,  135,  460,   91,  593,  614,  629,   67,  204,  384,  224,  604,  442,  244,  350,  412,  545,  292,  198,  103,  570,  503,  543,  418,  571,  584,  369,  539,  331,  498,  409,  178,  583,  678,  405,  482,  504,  216,  130,  127,    0,  275,  118,  115,   28,  206,  332,  247,   66,  583,  475,  401,  549,  351,  261,  267,  312,  332,  441,  262,  118,  382,  560,  235,   35,  515,  246,  347,  451,  369,  112,   40,  380,  505,  461,  343,  305,  366,  386,  619,  213,  483,  525,  530,  312,  500,  195,  221,  585,  239,  426,  353],
        [  892,    0,  649,  330,  538,  360,  862,  863,  904,  268,  175,  642,  470,  847,  688,  247,  290,  221,  800,  101,   86,  257,  683,  593,  789,  662,  351,  587,  597,  700,  598,  262,  460,  284,  575,  942,  651,  728,  617,  458,  366,  365,  275,    0,  377,  311,  287,  453,   58,  133,  324,  857,  747,  192,  797,  445,  477,  536,  488,  395,  601,  525,  327,  108,  778,  506,  241,  709,   36,  121,  176,  573,  255,  253,  172,  719,  736,  100,  106,  316,  650,  620,  316,  217,  538,  801,  586,  704,  304,  157,  831,  389,  151,  542],
        [  524,    0,  322,   94,  402,   34,  486,  497,  544,  174,  261,  344,  224,  487,  416,  266,  370,  473,  429,  406,  308,  212,  488,  435,  425,  395,  632,  548,  254,  441,  222,  570,  498,  280,  553,  566,  288,  364,  564,  100,  177,  172,  118,  377,    0,  200,  127,   89,  434,  364,   55,  496,  402,  469,  432,  298,  155,  161,  358,  298,  483,  149,   78,  485,  445,  187,  149,  406,  352,  427,  550,  260,  221,  126,  450,  391,  375,  429,  419,  379,  336,  582,  195,  572,  490,  460,  239,  388,  293,  283,  468,  179,  528,  385],
        [  691,    0,  351,  247,  574,  167,  616,  668,  617,   58,  298,  335,  161,  664,  377,  350,  453,  490,  595,  288,  226,   55,  679,  615,  601,  351,  643,  698,  448,  640,  372,  562,  300,   86,  697,  711,  469,  541,  390,  297,   61,   63,  115,  311,  200,    0,   89,  284,  362,  231,  164,  575,  454,  472,  606,  465,  354,  307,  204,  446,  332,  315,  227,  407,  638,  218,  121,  605,  277,  409,  480,  460,   58,  150,  450,  586,  457,  398,  301,  472,  346,  733,  327,  527,  639,  504,  306,  586,   94,  310,  642,  351,  450,  250],
        [  644,    0,  364,  159,  486,   96,  589,  619,  618,   47,  229,  364,  200,  611,  419,  271,  377,  434,  548,  294,  206,   85,  592,  527,  548,  395,  592,  611,  381,  559,  331,  517,  385,  157,  611,  677,  412,  487,  477,  227,  104,  101,   28,  287,  127,   89,    0,  216,  343,  246,   81,  572,  461,  422,  555,  376,  277,  266,  284,  358,  414,  264,  140,  392,  572,  220,   50,  531,  256,  365,  462,  384,   95,   66,  400,  517,  450,  360,  307,  393,  367,  646,  240,  498,  552,  515,  300,  514,  173,  245,  590,  264,  436,  325],
        [  441,    0,  317,  132,  364,  120,  418,  413,  501,  262,  316,  353,  273,  401,  431,  301,  394,  521,  348,  490,  389,  300,  427,  387,  340,  414,  677,  523,  166,  366,  158,  623,  577,  366,  533,  491,  202,  279,  630,   15,  252,  247,  206,  453,   89,  284,  216,    0,  509,  450,  141,  452,  377,  522,  348,  272,   82,  113,  421,  288,  540,   85,  128,  560,  357,  207,  235,  322,  430,  488,  621,  179,  309,  208,  504,  303,  338,  493,  503,  398,  338,  555,  212,  636,  467,  436,  227,  303,  378,  340,  383,  163,  602,  441],
        [  948,    0,  704,  385,  576,  417,  919,  918,  960,  321,  222,  695,  522,  902,  738,  289,  316,  214,  856,  110,  138,  308,  724,  632,  844,  712,  323,  612,  652,  747,  655,  232,  483,  327,  597,  999,  707,  784,  646,  514,  418,  418,  332,   58,  434,  362,  343,  509,    0,  160,  382,  914,  803,  182,  853,  487,  532,  593,  531,  436,  638,  582,  383,   51,  831,  561,  298,  759,   88,  117,  120,  626,  305,  310,  166,  772,  792,   90,  108,  342,  703,  644,  365,  169,  565,  856,  642,  756,  345,  202,  887,  440,   94,  585],
        [  887,    0,  582,  350,  619,  338,  834,  861,  847,  208,  255,  563,  390,  850,  597,  332,  401,  353,  792,   60,   92,  181,  755,  671,  789,  572,  480,  693,  610,  752,  576,  390,  328,  176,  684,  922,  652,  728,  487,  459,  291,  293,  247,  133,  364,  231,  246,  450,  160,    0,  310,  804,  685,  325,  796,  516,  496,  511,  376,  475,  479,  508,  340,  193,  800,  446,  216,  744,  104,  254,  266,  600,  175,  244,  304,  743,  685,  232,   71,  426,  576,  728,  373,  327,  640,  734,  533,  734,  192,  247,  832,  435,  233,  430],
        [  578,    0,  355,   88,  416,   39,  538,  552,  589,  127,  220,  368,  227,  541,  434,  239,  345,  433,  484,  352,  254,  165,  515,  454,  479,  412,  593,  551,  304,  479,  275,  527,  463,  238,  553,  620,  342,  418,  544,  150,  156,  151,   66,  324,   55,  164,   81,  141,  382,  310,    0,  541,  441,  427,  486,  308,  197,  212,  343,  298,  471,  202,   68,  432,  495,  212,   95,  451,  299,  381,  498,  304,  174,   72,  407,  440,  420,  380,  365,  358,  365,  585,  184,  523,  492,  499,  277,  435,  253,  241,  522,  191,  475,  377],
        [  333,    0,  233,  577,  755,  503,  166,  340,   50,  599,  756,  278,  426,  370,  309,  752,  846,  967,  292,  859,  778,  623,  741,  753,  339,  323, 1125,  926,  428,  627,  299, 1065,  744,  647,  942,  254,  353,  336,  680,  456,  514,  513,  583,  857,  496,  575,  572,  452,  914,  804,  541,    0,  129,  964,  331,  694,  491,  342,  533,  726,  568,  368,  567,  963,  466,  358,  617,  533,  827,  921, 1033,  492,  630,  609,  945,  466,  122,  921,  871,  848,  251,  952,  664, 1063,  877,  110,  273,  498,  643,  778,  344,  607, 1007,  502],
        [  402,    0,  106,  491,  715,  404,  250,  399,  166,  484,  661,  149,  301,  421,  191,  666,  767,  874,  334,  741,  665,  505,  727,  722,  375,  201, 1033,  884,  400,  623,  245,  967,  615,  523,  897,  351,  338,  350,  558,  384,  394,  393,  475,  747,  402,  454,  461,  377,  803,  685,  441,  129,    0,  868,  370,  639,  433,  265,  405,  663,  445,  298,  478,  851,  490,  242,  508,  536,  716,  820,  922,  461,  510,  505,  847,  475,   67,  817,  753,  772,  122,  912,  585,  957,  831,   59,  165,  502,  518,  682,  394,  539,  895,  374],
        [  934,    0,  779,  391,  466,  465,  938,  902, 1013,  419,  209,  784,  620,  880,  840,  230,  191,   34,  850,  286,  262,  421,  618,  522,  829,  815,  171,  461,  631,  667,  679,  102,  652,  465,  443, 1004,  700,  772,  806,  522,  518,  516,  401,  192,  469,  472,  422,  522,  182,  325,  427,  964,  868,    0,  839,  403,  516,  625,  665,  346,  784,  604,  398,  191,  788,  634,  372,  702,  224,   72,  188,  590,  422,  366,   23,  730,  844,   95,  287,  213,  785,  490,  326,  147,  424,  925,  703,  707,  486,  187,  870,  402,  199,  716],
        [   96,    0,  407,  468,  497,  459,  180,   66,  366,  598,  646,  471,  520,   61,  541,  609,  675,  831,   39,  837,  736,  634,  441,  478,   13,  541,  975,  662,  209,  319,  238,  937,  868,  691,  682,  184,  146,   69,  868,  341,  557,  552,  549,  797,  432,  606,  555,  348,  853,  796,  486,  331,  370,  839,    0,  475,  326,  300,  673,  524,  759,  292,  470,  903,  139,  426,  581,  223,  777,  818,  961,  256,  643,  555,  825,  157,  304,  827,  850,  668,  439,  681,  514,  967,  623,  403,  360,  192,  697,  670,   37,  438,  944,  667],
        [  566,    0,  587,  220,  110,  324,  614,  533,  742,  415,  271,  624,  522,  504,  701,  199,  216,  385,  497,  527,  427,  448,  240,  157,  464,  683,  512,  253,  280,  266,  399,  491,  757,  524,  262,  655,  359,  417,  851,  261,  463,  459,  351,  445,  298,  465,  376,  272,  487,  516,  308,  694,  639,  403,  475,    0,  207,  377,  650,   57,  777,  342,  240,  529,  397,  473,  356,  304,  443,  408,  566,  221,  456,  321,  395,  342,  591,  427,  537,  202,  609,  286,  147,  546,  196,  697,  497,  314,  543,  288,  500,  120,  561,  682],
        [  421,    0,  385,  149,  289,  188,  430,  390,  540,  324,  321,  427,  355,  372,  506,  287,  365,  510,  335,  528,  424,  362,  346,  309,  316,  490,  660,  454,  120,  288,  194,  616,  652,  433,  466,  489,  184,  258,  711,   68,  328,  323,  261,  477,  155,  354,  277,   82,  532,  496,  197,  491,  433,  516,  326,  207,    0,  172,  502,  235,  622,  137,  157,  581,  305,  287,  285,  254,  460,  493,  637,  108,  371,  253,  501,  248,  385,  502,  541,  364,  408,  484,  191,  642,  400,  490,  295,  240,  447,  345,  358,  121,  621,  522],
        [  384,    0,  214,  236,  460,  177,  327,  362,  391,  305,  417,  260,  233,  359,  340,  410,  506,  627,  288,  558,  464,  339,  499,  476,  296,  327,  785,  625,  184,  416,   66,  726,  573,  392,  637,  412,  172,  238,  594,  120,  257,  253,  267,  536,  161,  307,  266,  113,  593,  511,  212,  342,  265,  625,  300,  377,  172,    0,  389,  398,  493,   36,  227,  644,  352,  143,  301,  350,  510,  586,  709,  229,  348,  284,  606,  310,  226,  588,  571,  510,  239,  656,  324,  732,  571,  324,  125,  322,  398,  440,  336,  274,  687,  395],
        [  742,    0,  306,  431,  757,  328,  627,  726,  565,  262,  501,  256,  157,  733,  252,  553,  657,  685,  651,  435,  407,  248,  844,  792,  671,  229,  834,  892,  566,  786,  440,  749,  211,  204,  893,  730,  560,  619,  210,  436,  187,  192,  312,  488,  358,  204,  284,  421,  531,  376,  343,  533,  405,  665,  673,  650,  502,  389,    0,  639,  130,  413,  410,  569,  741,  249,  324,  733,  453,  598,  641,  596,  246,  350,  643,  698,  436,  584,  444,  675,  283,  927,  522,  700,  833,  436,  316,  707,  186,  512,  707,  532,  608,   55],
        [  615,    0,  603,  211,  145,  320,  655,  583,  775,  393,  224,  635,  520,  555,  710,  149,  160,  329,  543,  481,  385,  424,  288,  199,  512,  691,  458,  254,  323,  322,  428,  434,  732,  498,  257,  702,  401,  463,  835,  279,  452,  448,  332,  395,  298,  446,  358,  288,  436,  475,  298,  726,  663,  346,  524,   57,  235,  398,  639,    0,  767,  365,  231,  477,  451,  481,  331,  360,  396,  353,  511,  268,  431,  298,  339,  395,  619,  373,  491,  148,  623,  289,  119,  490,  195,  721,  514,  369,  518,  239,  550,  126,  507,  674],
        [  819,    0,  362,  559,  884,  454,  687,  807,  590,  389,  627,  301,  268,  818,  261,  681,  784,  806,  733,  536,  523,  372,  966,  918,  759,  246,  950, 1021,  676,  901,  537,  863,  222,  320, 1022,  790,  659,  711,  114,  554,  316,  320,  441,  601,  483,  332,  414,  540,  638,  479,  471,  568,  445,  784,  759,  777,  622,  493,  130,  767,    0,  522,  539,  671,  841,  350,  452,  842,  566,  715,  742,  711,  369,  479,  762,  802,  491,  698,  544,  803,  333, 1056,  651,  806,  962,  461,  400,  814,  299,  637,  791,  659,  708,  100],
        [  381,    0,  250,  214,  424,  171,  339,  356,  417,  307,  397,  295,  258,  350,  376,  385,  478,  604,  285,  553,  455,  343,  464,  440,  287,  362,  761,  590,  155,  384,   76,  705,  591,  400,  602,  418,  155,  227,  621,   89,  270,  265,  262,  525,  149,  315,  264,   85,  582,  508,  202,  368,  298,  604,  292,  342,  137,   36,  413,  365,  522,    0,  207,  632,  331,  172,  295,  321,  500,  568,  696,  195,  351,  274,  586,  285,  255,  572,  566,  481,  275,  620,  296,  715,  536,  356,  161,  294,  408,  421,  328,  243,  675,  423],
        [  565,    0,  400,   21,  349,   91,  545,  536,  616,  184,  191,  421,  291,  521,  491,  189,  293,  400,  473,  373,  269,  220,  453,  388,  462,  470,  559,  484,  274,  424,  282,  500,  525,  295,  487,  619,  325,  402,  611,  132,  224,  219,  118,  327,   78,  227,  140,  128,  383,  340,   68,  567,  478,  398,  470,  240,  157,  227,  410,  231,  539,  207,    0,  434,  461,  263,  134,  406,  307,  362,  494,  261,  229,  100,  380,  404,  448,  366,  385,  302,  414,  518,  120,  509,  425,  536,  316,  394,  312,  214,  505,  124,  475,  444],
        [  998,    0,  752,  435,  614,  468,  970,  968, 1009,  369,  268,  741,  568,  952,  782,  332,  348,  224,  906,  136,  186,  353,  763,  670,  894,  756,  308,  639,  701,  791,  706,  217,  505,  367,  623, 1050,  758,  834,  672,  564,  464,  464,  382,  108,  485,  407,  392,  560,   51,  193,  432,  963,  851,  191,  903,  529,  581,  644,  569,  477,  671,  632,  434,    0,  879,  609,  348,  806,  137,  137,   74,  675,  350,  361,  179,  820,  842,  111,  129,  373,  751,  670,  411,  137,  595,  904,  691,  804,  384,  247,  937,  487,   44,  623],
        [  194,    0,  509,  453,  393,  477,  318,  165,  503,  618,  613,  570,  585,  128,  646,  562,  610,  775,  177,  833,  728,  656,  312,  364,  128,  642,  908,  547,  192,  191,  304,  882,  922,  721,  570,  307,  182,  141,  945,  346,  598,  593,  560,  778,  445,  638,  572,  357,  831,  800,  495,  466,  490,  788,  139,  397,  305,  352,  741,  451,  841,  331,  461,  879,    0,  493,  587,  102,  762,  778,  930,  205,  665,  557,  776,   59,  424,  792,  845,  598,  541,  563,  471,  925,  516,  530,  445,   83,  732,  636,  140,  394,  917,  744],
        [  501,    0,  146,  280,  570,  176,  406,  483,  402,  242,  430,  158,   94,  487,  230,  449,  554,  643,  407,  501,  423,  265,  629,  594,  424,  210,  802,  726,  326,  555,  192,  732,  443,  295,  733,  504,  312,  371,  452,  220,  158,  156,  235,  506,  187,  218,  220,  207,  561,  446,  212,  358,  242,  634,  426,  473,  287,  143,  249,  481,  350,  172,  263,  609,  493,    0,  268,  492,  474,  582,  680,  365,  272,  268,  613,  452,  239,  578,  514,  565,  153,  759,  381,  717,  668,  296,   88,  464,  294,  450,  461,  357,  653,  252],
