{
    "name": "random-41-24755",
    "comment": "size=41 seed=24755",
    "nodes": ["+0", "-0", "+1", "-1", "+2", "-2", "+3", "-3", "+4", "-4", "+5", "-5", "+6", "-6", "+7", "-7", "+8", "-8", "+9", "-9", "+10", "-10", "+11", "-11", "+12", "-12", "+13", "-13", "+14", "-14", "+15", "-15", "+16", "-16", "+17", "-17", "+18", "-18", "+19", "-19", "+20", "-20", "+21", "-21", "+22", "-22", "+23", "-23", "+24", "-24", "+25", "-25", "+26", "-26", "+27", "-27", "+28", "-28", "+29", "-29", "+30", "-30", "+31", "-31", "+32", "-32", "+33", "-33", "+34", "-34", "+35", "-35", "+36", "-36", "+37", "-37", "+38", "-38", "+39", "-39", "+40", "-40", "+41", "-41"],
    "precedence": {
        "+0": "-0",
        "+1": "-1",
        "+2": "-2",
        "+3": "-3",
        "+4": "-4",
        "+5": "-5",
        "+6": "-6",
        "+7": "-7",
        "+8": "-8",
        "+9": "-9",
        "+10": "-10",
        "+11": "-11",
        "+12": "-12",
        "+13": "-13",
        "+14": "-14",
        "+15": "-15",
        "+16": "-16",
        "+17": "-17",
        "+18": "-18",
        "+19": "-19",
        "+20": "-20",
        "+21": "-21",
        "+22": "-22",
        "+23": "-23",
        "+24": "-24",
        "+25": "-25",
        "+26": "-26",
        "+27": "-27",
        "+28": "-28",
        "+29": "-29",
        "+30": "-30",
        "+31": "-31",
        "+32": "-32",
        "+33": "-33",
        "+34": "-34",
        "+35": "-35",
        "+36": "-36",
        "+37": "-37",
        "+38": "-38",
        "+39": "-39",
        "+40": "-40",
        "+41": "-41"
    },
    "edges": [
        [    0,    0,  345,  450,  449,  103,  418,  103,  357,  608,  699,  531,  740,  550,  584,  560,  456,  427,  337,  330,  396,  483,  176,  366,  635,  398,  523,  414,  814,  573,  126,  679,  197,  523,  650,  144,  497,  765,  777,   31,  219,  283,   81,  634,  299,  179,  314,  499,  484,  565,  354,  219,  391,  127,  216,  696,  448,  657,  224,  248,  514,  435,  687,  639,  528,  255,  611,  589,  536,  208,  262,  668,  193,  637,  714,  509,  531,  401,  171,  410,  241,  398,  605,  558],
        [    0,    0,  345,  450,  449,  103,  418,  103,  357,  608,  699,  531,  740,  550,  584,  560,  456,  427,  337,  330,  396,  483,  176,  366,  635,  398,  523,  414,  814,  573,  126,  679,  197,  523,  650,  144,  497,  765,  777,   31,  219,  283,   81,  634,  299,  179,  314,  499,  484,  565,  354,  219,  391,  127,  216,  696,  448,  657,  224,  248,  514,  435,  687,  639,  528,  255,  611,  589,  536,  208,  262,  668,  193,  637,  714,  509,  531,  401,  171,  410,  241,  398,  605,  558],
        [  345,  345,    0,  574,  613,  333,  183,  445,  192,  303,  362,  524,  397,  442,  405,  627,  800,  583,  677,  626,  293,  159,  184,  254,  476,  531,  342,   70,  470,  490,  366,  351,  150,  408,  360,  302,  608,  758,  748,  328,  292,  592,  286,  289,  439,  315,  493,  386,  160,  275,  688,  549,   91,  274,  560,  706,  165,  324,  514,  406,  364,  571,  506,  537,  368,  555,  351,  432,  199,  373,  603,  448,  175,  473,  550,  482,  586,  575,  329,  314,  309,  365,  311,  640],
        [  450,  450,  574,    0,   70,  550,  474,  477,  411,  872,  895,  968,  901,  954,  953,  127,  613,   52,  488,  319,  332,  727,  532,  352, 1018,   52,  888,  610,  957,  988,  575,  741,  482,  921,  641,  335,   49,  355,  383,  476,  296,  342,  407,  791,  748,  300,  141,  897,  728,  591,  458,  577,  539,  551,  471,  282,  737,  868,  301,  697,  895,   20,  500,  369,  905,  651,  923,  971,  666,  249,  560,  543,  433, 1017,  492,  225,  122,   84,  615,  807,  273,  247,  883,  117],
        [  449,  449,  613,   70,    0,  551,  528,  461,  461,  914,  946,  976,  955,  973,  980,  179,  560,   32,  439,  268,  389,  769,  551,  406, 1043,   86,  915,  655, 1013, 1005,  573,  801,  508,  942,  705,  351,   94,  405,  436,  477,  326,  298,  417,  844,  746,  320,  138,  917,  770,  652,  406,  551,  586,  559,  438,  333,  773,  916,  271,  696,  919,   57,  569,  438,  930,  629,  959,  995,  719,  262,  526,  611,  461, 1042,  561,  294,  185,   49,  618,  826,  306,  307,  924,  162],
        [  103,  103,  333,  550,  551,    0,  448,  151,  399,  557,  664,  429,  713,  456,  500,  656,  498,  529,  396,  421,  457,  447,  150,  422,  546,  498,  442,  402,  788,  476,   38,  682,  205,  431,  672,  229,  597,  856,  865,   75,  298,  371,  154,  613,  199,  266,  415,  408,  448,  585,  422,  223,  398,   61,  271,  788,  399,  620,  321,  148,  428,  536,  743,  712,  443,  223,  545,  501,  532,  305,  287,  713,  225,  549,  775,  592,  626,  503,   70,  322,  322,  474,  551,  657],
        [  418,  418,  183,  474,  528,  448,    0,  518,   74,  424,  424,  705,  428,  624,  578,  496,  847,  497,  712,  619,  147,  288,  312,  122,  650,  442,  518,  172,  486,  672,  485,  288,  245,  589,  234,  312,  498,  593,  578,  414,  259,  597,  340,  318,  595,  303,  436,  568,  288,  151,  712,  637,   98,  398,  612,  548,  328,  400,  515,  555,  543,  477,  324,  359,  546,  664,  499,  608,  192,  346,  676,  274,  228,  646,  368,  328,  453,  500,  468,  496,  261,  233,  441,  513],
        [  103,  103,  445,  477,  461,  151,  518,    0,  454,  699,  796,  557,  839,  601,  649,  597,  358,  444,  247,  282,  483,  579,  270,  457,  694,  428,  592,  515,  913,  617,  147,  781,  299,  578,  750,  224,  525,  814,  830,  119,  299,  230,  178,  734,  305,  253,  336,  556,  580,  665,  272,  124,  493,  201,  123,  742,  539,  753,  200,  259,  578,  460,  773,  713,  593,  180,  693,  649,  638,  261,  160,  760,  294,  697,  797,  574,  574,  414,  213,  471,  317,  473,  694,  591],
        [  357,  357,  192,  411,  461,  399,   74,  454,    0,  469,  485,  697,  495,  630,  597,  445,  776,  430,  641,  545,  102,  327,  274,   64,  668,  376,  534,  207,  556,  676,  436,  362,  203,  595,  302,  242,  438,  566,  557,  357,  186,  524,  278,  384,  561,  231,  364,  573,  327,  223,  640,  575,  131,  354,  544,  515,  353,  458,  442,  518,  554,  412,  349,  353,  559,  608,  534,  623,  259,  272,  610,  315,  175,  664,  386,  291,  402,  431,  427,  494,  187,  179,  484,  460],
        [  608,  608,  303,  872,  914,  557,  424,  699,  469,    0,  147,  497,  217,  351,  251,  914, 1054,  883,  944,  918,  566,  146,  433,  532,  312,  831,  229,  264,  285,  403,  579,  352,  434,  327,  450,  599,  904, 1013,  994,  583,  594,  878,  568,  195,  563,  615,  795,  321,  145,  403,  962,  778,  338,  500,  820,  971,  161,  106,  804,  556,  271,  870,  685,  767,  261,  757,  107,  290,  264,  674,  844,  605,  471,  303,  737,  752,  871,  877,  520,  323,  611,  648,   29,  929],
        [  699,  699,  362,  895,  946,  664,  424,  796,  485,  147,    0,  643,   72,  497,  394,  917, 1153,  914, 1035,  988,  570,  218,  526,  544,  450,  860,  375,  302,  140,  548,  691,  252,  510,  474,  371,  662,  921,  983,  959,  678,  641,  954,  647,  112,  696,  672,  839,  468,  217,  351, 1048,  887,  362,  605,  915,  952,  271,   47,  875,  684,  418,  897,  624,  728,  408,  875,  245,  433,  233,  728,  949,  538,  536,  440,  676,  743,  874,  913,  637,  464,  653,  656,  172,  935],
        [  531,  531,  524,  968,  976,  429,  705,  557,  697,  497,  643,    0,  713,  155,  266, 1063,  825,  952,  770,  839,  788,  500,  448,  747,  247,  916,  269,  560,  781,  119,  415,  804,  514,  171,  860,  634, 1013, 1240, 1239,  501,  685,  787,  561,  666,  257,  670,  839,  176,  501,  783,  806,  552,  614,  418,  657, 1178,  428,  601,  747,  299,  226,  956, 1029, 1048,  237,  484,  409,  233,  664,  720,  625,  970,  561,  257, 1073,  962, 1027,  928,  360,  213,  711,  837,  472, 1067],
        [  740,  740,  397,  901,  955,  713,  428,  839,  495,  217,   72,  713,    0,  567,  465,  914, 1195,  924, 1073, 1016,  571,  268,  570,  550,  521,  870,  445,  331,   77,  618,  741,  210,  546,  544,  336,  691,  924,  963,  936,  721,  662,  984,  682,  113,  757,  696,  856,  537,  266,  332, 1084,  935,  380,  652,  955,  936,  328,  112,  904,  742,  488,  904,  592,  706,  478,  927,  316,  504,  237,  750,  994,  504,  567,  511,  643,  735,  871,  925,  689,  530,  672,  657,  243,  933],
        [  550,  550,  442,  954,  973,  456,  624,  601,  630,  351,  497,  155,  567,    0,  111, 1035,  911,  946,  836,  876,  728,  380,  423,  687,  105,  904,  127,  463,  633,   54,  455,  677,  476,   35,  748,  623,  996, 1191, 1185,  519,  660,  826,  558,  531,  337,  655,  837,   58,  381,  677,  868,  626,  527,  425,  715, 1135,  313,  457,  774,  362,   87,  945,  940,  979,   92,  571,  257,   79,  548,  711,  701,  873,  525,  112,  988,  912,  996,  927,  390,  147,  684,  790,  325, 1042],
        [  584,  584,  405,  953,  980,  500,  578,  649,  597,  251,  394,  266,  465,  111,    0, 1023,  978,  951,  892,  913,  698,  309,  433,  658,   73,  906,   66,  409,  528,  157,  506,  591,  473,  102,  673,  633,  993, 1163, 1152,  554,  658,  866,  577,  439,  417,  661,  847,  112,  309,  610,  920,  692,  481,  458,  768, 1110,  252,  356,  805,  432,   73,  947,  883,  937,   57,  646,  150,   40,  474,  720,  765,  811,  521,   68,  933,  886,  983,  936,  439,  180,  681,  767,  223, 1033],
        [  560,  560,  627,  127,  179,  656,  496,  597,  445,  914,  917, 1063,  914, 1035, 1023,    0,  737,  175,  613,  444,  350,  771,  618,  382, 1091,  171,  958,  652,  962, 1073,  684,  734,  559, 1001,  622,  432,   86,  229,  258,  583,  378,  469,  507,  808,  855,  395,  263,  977,  772,  588,  582,  701,  576,  650,  597,  156,  792,  895,  427,  804,  970,  147,  437,  292,  978,  773,  976, 1044,  684,  352,  686,  496,  510, 1089,  417,  183,   44,  209,  718,  889,  353,  267,  928,   25],
        [  456,  456,  800,  613,  560,  498,  847,  358,  776, 1054, 1153,  825, 1195,  911,  978,  737,    0,  563,  138,  295,  775,  936,  628,  760, 1012,  583,  927,  868, 1269,  913,  480, 1125,  651,  894, 1078,  535,  652,  964,  994,  476,  595,  280,  519, 1089,  577,  548,  506,  875,  937,  997,  157,  287,  838,  554,  241,  892,  895, 1110,  352,  550,  906,  593, 1047,  951,  922,  343, 1041,  971,  988,  520,  214, 1056,  638, 1017, 1058,  798,  735,  530,  545,  800,  602,  734, 1048,  721],
        [  427,  427,  583,   52,   32,  529,  497,  444,  430,  883,  914,  952,  924,  946,  951,  175,  563,    0,  439,  270,  359,  738,  524,  375, 1014,   55,  886,  624,  982,  978,  551,  771,  479,  914,  676,  323,   90,  403,  432,  454,  296,  295,  392,  813,  725,  292,  114,  890,  739,  622,  409,  539,  555,  534,  429,  330,  743,  885,  260,  674,  891,   33,  546,  419,  902,  615,  929,  967,  688,  235,  518,  585,  432, 1014,  540,  271,  174,   35,  595,  799,  276,  278,  893,  160],
        [  337,  337,  677,  488,  439,  396,  712,  247,  641,  944, 1035,  770, 1073,  836,  892,  613,  138,  439,    0,  173,  637,  819,  512,  623,  932,  453,  837,  744, 1146,  846,  386,  993,  528,  815,  943,  401,  529,  841,  870,  361,  459,  147,  392,  965,  514,  412,  373,  794,  820,  863,   45,  220,  709,  448,  126,  769,  783,  993,  214,  478,  820,  468,  910,  816,  835,  297,  940,  889,  860,  383,  150,  918,  510,  936,  921,  663,  608,  405,  453,  713,  465,  596,  940,  599],
        [  330,  330,  626,  319,  268,  421,  619,  282,  545,  918,  988,  839, 1016,  876,  913,  444,  295,  270,  173,    0,  518,  781,  493,  513,  963,  290,  852,  687, 1084,  895,  426,  907,  484,  850,  839,  326,  359,  671,  701,  360,  361,   53,  351,  904,  586,  321,  220,  827,  782,  766,  140,  327,  638,  456,  204,  599,  760,  950,  114,  541,  843,  299,  771,  664,  857,  410,  933,  917,  788,  274,  281,  790,  452,  966,  776,  510,  441,  236,  488,  739,  359,  462,  919,  428],
        [  396,  396,  293,  332,  389,  457,  147,  483,  102,  566,  570,  788,  571,  728,  698,  350,  775,  359,  637,  518,    0,  425,  352,   42,  769,  304,  635,  305,  626,  773,  493,  413,  281,  694,  325,  260,  353,  465,  457,  403,  186,  507,  317,  463,  635,  235,  314,  671,  426,  264,  629,  606,  229,  421,  555,  414,  454,  546,  427,  588,  654,  336,  291,  263,  659,  650,  634,  724,  338,  255,  630,  283,  241,  765,  319,  190,  307,  366,  496,  590,  174,   87,  581,  367],
        [  483,  483,  159,  727,  769,  447,  288,  579,  327,  146,  218,  500,  268,  380,  309,  771,  936,  738,  819,  781,  425,    0,  309,  390,  381,  686,  258,  120,  344,  433,  474,  304,  298,  348,  368,  458,  759,  880,  864,  461,  450,  744,  434,  180,  496,  473,  651,  333,    2,  301,  834,  669,  197,  387,  698,  835,   74,  175,  667,  477,  294,  725,  576,  641,  291,  660,  212,  344,  168,  531,  731,  502,  330,  374,  627,  613,  729,  732,  422,  294,  466,  505,  158,  786],
        [  176,  176,  184,  532,  551,  150,  312,  270,  274,  433,  526,  448,  570,  423,  433,  618,  628,  524,  512,  493,  352,  309,    0,  312,  493,  482,  369,  253,  645,  457,  184,  533,   72,  391,  528,  202,  575,  792,  794,  153,  240,  450,  146,  467,  287,  233,  416,  367,  310,  440,  529,  367,  252,   92,  390,  730,  273,  483,  381,  244,  369,  522,  623,  614,  381,  372,  441,  445,  382,  290,  425,  584,  115,  493,  660,  516,  581,  506,  157,  276,  265,  392,  431,  623],
        [  366,  366,  254,  352,  406,  422,  122,  457,   64,  532,  544,  747,  550,  687,  658,  382,  760,  375,  623,  513,   42,  390,  312,    0,  729,  320,  595,  270,  608,  732,  458,  403,  241,  653,  326,  235,  378,  506,  498,  371,  166,  498,  286,  440,  596,  214,  318,  630,  391,  256,  618,  580,  195,  384,  535,  453,  416,  518,  416,  550,  613,  355,  323,  303,  619,  620,  598,  684,  314,  244,  607,  304,  202,  725,  354,  229,  339,  379,  458,  549,  159,  116,  547,  397],
        [  635,  635,  476, 1018, 1043,  546,  650,  694,  668,  312,  450,  247,  521,  105,   73, 1091, 1012, 1014,  932,  963,  769,  381,  493,  729,    0,  970,  135,  482,  580,  129,  548,  658,  537,  118,  743,  694, 1059, 1233, 1224,  604,  722,  915,  634,  504,  440,  723,  908,  139,  381,  681,  963,  726,  553,  508,  810, 1181,  325,  416,  858,  462,  124, 1011,  955, 1009,  113,  674,  207,   48,  545,  781,  800,  882,  586,   11, 1005,  956, 1051,  998,  482,  225,  746,  837,  284, 1100],
        [  398,  398,  531,   52,   86,  498,  442,  428,  376,  831,  860,  916,  870,  904,  906,  171,  583,   55,  453,  290,  304,  686,  482,  320,  970,    0,  840,  571,  927,  938,  524,  717,  433,  872,  622,  284,  100,  396,  420,  424,  248,  307,  356,  759,  696,  250,   92,  848,  687,  567,  427,  530,  501,  499,  428,  323,  693,  831,  257,  645,  847,   41,  501,  380,  857,  603,  879,  922,  633,  197,  516,  536,  385,  969,  498,  229,  156,   68,  563,  757,  227,  224,  841,  164],
        [  523,  523,  342,  888,  915,  442,  518,  592,  534,  229,  375,  269,  445,  127,   66,  958,  927,  886,  837,  852,  635,  258,  369,  595,  135,  840,    0,  351,  513,  180,  451,  552,  407,  100,  626,  568,  928, 1099, 1090,  493,  592,  805,  513,  405,  378,  596,  782,   94,  259,  558,  863,  641,  421,  397,  712, 1047,  195,  334,  743,  387,   43,  881,  827,  877,   35,  600,  145,   90,  426,  655,  714,  757,  456,  132,  876,  822,  918,  871,  384,  130,  615,  703,  204,  968],
        [  414,  414,   70,  610,  655,  402,  172,  515,  207,  264,  302,  560,  331,  463,  409,  652,  868,  624,  744,  687,  305,  120,  253,  270,  482,  571,  351,    0,  403,  513,  435,  284,  217,  428,  305,  361,  641,  763,  749,  397,  341,  654,  352,  222,  499,  370,  541,  409,  121,  224,  754,  619,   77,  343,  628,  716,  157,  266,  575,  469,  379,  609,  478,  529,  381,  624,  330,  440,  131,  427,  673,  412,  237,  476,  526,  494,  609,  619,  396,  347,  355,  386,  277,  666],
        [  814,  814,  470,  957, 1013,  788,  486,  913,  556,  285,  140,  781,   77,  633,  528,  962, 1269,  982, 1146, 1084,  626,  344,  645,  608,  580,  927,  513,  403,    0,  683,  817,  235,  619,  611,  361,  760,  977,  996,  966,  795,  728, 1054,  755,  182,  832,  764,  918,  606,  343,  375, 1156, 1010,  447,  728, 1029,  974,  404,  185,  974,  818,  556,  961,  615,  739,  545, 1003,  378,  566,  299,  816, 1069,  527,  638,  570,  665,  781,  919,  985,  766,  603,  736,  711,  310,  982],
        [  573,  573,  490,  988, 1005,  476,  672,  617,  676,  403,  548,  119,  618,   54,  157, 1073,  913,  978,  846,  895,  773,  433,  457,  732,  129,  938,  180,  513,  683,    0,  471,  730,  515,   86,  800,  655, 1032, 1234, 1229,  543,  696,  845,  588,  584,  337,  689,  868,  105,  434,  729,  879,  632,  576,  450,  727, 1177,  365,  509,  796,  369,  140,  978,  990, 1026,  145,  572,  306,  120,  600,  743,  706,  925,  564,  139, 1037,  955, 1035,  958,  408,  185,  721,  832,  376, 1080],
        [  126,  126,  366,  575,  573,   38,  485,  147,  436,  579,  691,  415,  741,  455,  506,  684,  480,  551,  386,  426,  493,  474,  184,  458,  548,  524,  451,  435,  817,  471,    0,  716,  241,  432,  708,  260,  623,  887,  897,  102,  331,  375,  186,  643,  174,  297,  438,  410,  476,  621,  415,  199,  434,   93,  262,  818,  423,  646,  332,  124,  434,  561,  780,  747,  449,  190,  561,  504,  565,  333,  267,  751,  262,  552,  811,  625,  655,  524,   67,  327,  355,  508,  571,  683],
        [  679,  679,  351,  741,  801,  682,  288,  781,  362,  352,  252,  804,  210,  677,  591,  734, 1125,  771,  993,  907,  413,  304,  533,  403,  658,  717,  552,  284,  235,  730,  716,    0,  485,  647,  127,  594,  756,  762,  732,  668,  547,  884,  608,  157,  779,  589,  720,  634,  303,  150,  996,  893,  289,  624,  887,  740,  377,  262,  802,  752,  591,  747,  383,  504,  586,  904,  457,  629,  154,  634,  941,  295,  489,  650,  434,  552,  692,  778,  679,  597,  549,  495,  379,  755],
        [  197,  197,  150,  482,  508,  205,  245,  299,  203,  434,  510,  514,  546,  476,  473,  559,  651,  479,  528,  484,  281,  298,   72,  241,  537,  433,  407,  217,  619,  515,  241,  485,    0,  443,  468,  168,  522,  726,  726,  183,  186,  447,  138,  438,  358,  191,  377,  419,  299,  381,  539,  408,  197,  154,  411,  665,  278,  469,  371,  315,  414,  474,  552,  543,  424,  424,  460,  490,  340,  251,  458,  515,   50,  536,  588,  448,  521,  465,  225,  330,  209,  324,  437,  567],
        [  523,  523,  408,  921,  942,  431,  589,  578,  595,  327,  474,  171,  544,   35,  102, 1001,  894,  914,  815,  850,  694,  348,  391,  653,  118,  872,  100,  428,  611,   86,  432,  647,  443,    0,  715,  591,  964, 1157, 1151,  492,  627,  801,  528,  503,  324,  623,  806,   25,  349,  644,  846,  608,  492,  397,  693, 1100,  280,  433,  746,  345,   58,  913,  906,  944,   67,  556,  238,   80,  516,  680,  682,  840,  492,  123,  953,  878,  963,  896,  366,  116,  651,  755,  302, 1009],
        [  650,  650,  360,  641,  705,  672,  234,  750,  302,  450,  371,  860,  336,  748,  673,  622, 1078,  676,  943,  839,  325,  368,  528,  326,  743,  622,  626,  305,  361,  800,  708,  127,  468,  715,    0,  544,  651,  636,  606,  645,  485,  822,  573,  266,  798,  532,  639,  699,  367,   88,  940,  869,  278,  618,  845,  617,  436,  373,  740,  764,  661,  649,  257,  379,  659,  892,  552,  709,  201,  568,  909,  169,  459,  736,  308,  440,  581,  687,  682,  648,  482,  400,  476,  644],
        [  144,  144,  302,  335,  351,  229,  312,  224,  242,  599,  662,  634,  691,  623,  633,  432,  535,  323,  401,  326,  260,  458,  202,  235,  694,  284,  568,  361,  760,  655,  260,  594,  168,  591,  544,    0,  380,  628,  637,  160,   77,  295,   76,  579,  426,   38,  215,  567,  459,  463,  403,  347,  315,  218,  303,  560,  445,  625,  214,  375,  570,  324,  550,  496,  581,  395,  627,  646,  466,   89,  373,  539,  129,  694,  574,  366,  400,  305,  287,  476,   98,  255,  603,  434],
        [  497,  497,  608,   49,   94,  597,  498,  525,  438,  904,  921, 1013,  924,  996,  993,   86,  652,   90,  529,  359,  353,  759,  575,  378, 1059,  100,  928,  641,  977, 1032,  623,  756,  522,  964,  651,  380,    0,  313,  343,  523,  337,  385,  453,  815,  795,  345,  189,  940,  760,  607,  498,  625,  568,  597,  518,  241,  772,  895,  347,  745,  936,   66,  492,  355,  946,  699,  958, 1012,  689,  295,  606,  542,  473, 1057,  479,  220,   94,  125,  661,  850,  314,  267,  916,   71],
        [  765,  765,  758,  355,  405,  856,  593,  814,  566, 1013,  983, 1240,  963, 1191, 1163,  229,  964,  403,  841,  671,  465,  880,  792,  506, 1233,  396, 1099,  763,  996, 1234,  887,  762,  726, 1157,  636,  628,  313,    0,   47,  786,  562,  697,  703,  871, 1052,  590,  487, 1134,  880,  633,  810,  923,  687,  840,  824,   74,  916,  971,  653, 1002, 1118,  375,  393,  258, 1124,  992, 1091, 1188,  758,  559,  912,  476,  679, 1230,  350,  280,  242,  437,  912, 1050,  537,  404, 1032,  244],
        [  777,  777,  748,  383,  436,  865,  578,  830,  557,  994,  959, 1239,  936, 1185, 1152,  258,  994,  432,  870,  701,  457,  864,  794,  498, 1224,  420, 1090,  749,  966, 1229,  897,  732,  726, 1151,  606,  637,  343,   47,    0,  796,  568,  724,  712,  847, 1059,  600,  509, 1128,  865,  608,  840,  942,  674,  845,  846,  105,  904,  949,  676, 1009, 1110,  403,  357,  231, 1116, 1009, 1076, 1179,  736,  572,  934,  443,  679, 1220,  313,  279,  264,  466,  919, 1046,  544,  403, 1014,  275],
        [   31,   31,  328,  476,  477,   75,  414,  119,  357,  583,  678,  501,  721,  519,  554,  583,  476,  454,  361,  360,  403,  461,  153,  371,  604,  424,  493,  397,  795,  543,  102,  668,  183,  492,  645,  160,  523,  786,  796,    0,  233,  313,   88,  616,  273,  196,  341,  469,  462,  558,  380,  226,  380,   97,  238,  717,  423,  635,  255,  222,  484,  462,  693,  651,  498,  252,  584,  558,  522,  231,  276,  670,  187,  606,  721,  525,  554,  429,  142,  380,  256,  411,  580,  583],
        [  219,  219,  292,  296,  326,  298,  259,  299,  186,  594,  641,  685,  662,  660,  658,  378,  595,  296,  459,  361,  186,  450,  240,  166,  722,  248,  592,  341,  728,  696,  331,  547,  186,  627,  485,   77,  337,  562,  568,  233,    0,  339,  146,  550,  491,   49,  202,  603,  451,  409,  455,  422,  282,  278,  370,  496,  448,  607,  257,  441,  600,  289,  475,  421,  610,  471,  634,  675,  430,   89,  444,  468,  137,  721,  498,  294,  342,  285,  351,  513,   26,  179,  602,  384],
        [  283,  283,  592,  342,  298,  371,  597,  230,  524,  878,  954,  787,  984,  826,  866,  469,  280,  295,  147,   53,  507,  744,  450,  498,  915,  307,  805,  654, 1054,  845,  375,  884,  447,  801,  822,  295,  385,  697,  724,  313,  339,    0,  311,  873,  534,  296,  226,  778,  745,  747,  126,  276,  609,  409,  154,  624,  720,  915,   83,  489,  796,  323,  770,  671,  810,  360,  891,  869,  760,  255,  235,  783,  418,  917,  779,  518,  462,  261,  438,  690,  340,  458,  879,  455],
        [   81,   81,  286,  407,  417,  154,  340,  178,  278,  568,  647,  561,  682,  558,  577,  507,  519,  392,  392,  351,  317,  434,  146,  286,  634,  356,  513,  352,  755,  588,  186,  608,  138,  528,  573,   76,  453,  703,  712,   88,  146,  311,    0,  573,  350,  114,  280,  504,  436,  489,  402,  298,  320,  144,  279,  636,  410,  607,  238,  299,  511,  395,  607,  564,  523,  335,  584,  587,  469,  159,  336,  588,  120,  635,  635,  439,  475,  370,  211,  413,  170,  324,  569,  509],
        [  634,  634,  289,  791,  844,  613,  318,  734,  384,  195,  112,  666,  113,  531,  439,  808, 1089,  813,  965,  904,  463,  180,  467,  440,  504,  759,  405,  222,  182,  584,  643,  157,  438,  503,  266,  579,  815,  871,  847,  616,  550,  873,  573,    0,  676,  584,  743,  492,  179,  239,  974,  834,  268,  553,  849,  840,  250,  108,  793,  656,  446,  794,  515,  617,  439,  832,  301,  478,  126,  637,  891,  430,  457,  496,  567,  633,  765,  814,  596,  467,  559,  549,  223,  827],
        [  299,  299,  439,  748,  746,  199,  595,  305,  561,  563,  696,  257,  757,  337,  417,  855,  577,  725,  514,  586,  635,  496,  287,  596,  440,  696,  378,  499,  832,  337,  174,  779,  358,  324,  798,  426,  795, 1052, 1059,  273,  491,  534,  350,  676,    0,  463,  612,  308,  498,  712,  550,  297,  523,  216,  400,  985,  429,  650,  501,   51,  348,  734,  910,  895,  364,  235,  514,  403,  626,  503,  371,  868,  395,  446,  946,  784,  824,  698,  141,  251,  516,  663,  547,  855],
        [  179,  179,  315,  300,  320,  266,  303,  253,  231,  615,  672,  670,  696,  655,  661,  395,  548,  292,  412,  321,  235,  473,  233,  214,  723,  250,  596,  370,  764,  689,  297,  589,  191,  623,  532,   38,  345,  590,  600,  196,   49,  296,  114,  584,  463,    0,  187,  599,  474,  453,  410,  376,  317,  255,  321,  522,  465,  636,  214,  413,  600,  290,  523,  463,  611,  427,  648,  676,  467,   61,  396,  516,  147,  723,  545,  330,  362,  275,  324,  508,   65,  221,  621,  398],
        [  314,  314,  493,  141,  138,  415,  436,  336,  364,  795,  839,  839,  856,  837,  847,  263,  506,  114,  373,  220,  314,  651,  416,  318,  908,   92,  782,  541,  918,  868,  438,  720,  377,  806,  639,  215,  189,  487,  509,  341,  202,  226,  280,  743,  612,  187,    0,  782,  652,  574,  350,  438,  478,  422,  338,  414,  648,  806,  168,  561,  785,  124,  552,  446,  796,  511,  833,  861,  620,  128,  426,  575,  332,  908,  557,  292,  246,   90,  482,  691,  187,  248,  803,  256],
        [  499,  499,  386,  897,  917,  408,  568,  556,  573,  321,  468,  176,  537,   58,  112,  977,  875,  890,  794,  827,  671,  333,  367,  630,  139,  848,   94,  409,  606,  105,  410,  634,  419,   25,  699,  567,  940, 1134, 1128,  469,  603,  778,  504,  492,  308,  599,  782,    0,  334,  626,  824,  588,  472,  373,  671, 1077,  263,  426,  723,  326,   52,  888,  886,  923,   65,  539,  238,   97,  500,  656,  662,  821,  468,  143,  933,  854,  939,  871,  344,   92,  627,  732,  297,  985],
        [  484,  484,  160,  728,  770,  448,  288,  580,  327,  145,  217,  501,  266,  381,  309,  772,  937,  739,  820,  782,  426,    2,  310,  391,  381,  687,  259,  121,  343,  434,  476,  303,  299,  349,  367,  459,  760,  880,  865,  462,  451,  745,  436,  179,  498,  474,  652,  334,    0,  301,  835,  671,  197,  389,  699,  836,   75,  174,  669,  479,  294,  726,  576,  642,  292,  661,  211,  344,  167,  533,  732,  502,  331,  374,  626,  614,  729,  733,  424,  295,  467,  506,  157,  786],
        [  565,  565,  275,  591,  652,  585,  151,  665,  223,  403,  351,  783,  332,  677,  610,  588,  997,  622,  863,  766,  264,  301,  440,  256,  681,  567,  558,  224,  375,  729,  621,  150,  381,  644,   88,  463,  607,  633,  608,  558,  409,  747,  489,  239,  712,  453,  574,  626,  301,    0,  862,  783,  190,  531,  763,  605,  365,  343,  665,  677,  591,  598,  283,  378,  590,  805,  499,  644,  140,  493,  824,  203,  373,  674,  335,  407,  545,  629,  595,  570,  408,  345,  427,  608],
        [  354,  354,  688,  458,  406,  422,  712,  272,  640,  962, 1048,  806, 1084,  868,  920,  582,  157,  409,   45,  140,  629,  834,  529,  618,  963,  427,  863,  754, 1156,  879,  415,  996,  539,  846,  940,  403,  498,  810,  840,  380,  455,  126,  402,  974,  550,  410,  350,  824,  835,  862,    0,  259,  715,  471,  154,  738,  801, 1007,  202,  512,  849,  438,  895,  795,  863,  338,  963,  919,  866,  375,  192,  907,  518,  966,  904,  642,  579,  375,  482,  741,  459,  582,  959,  567],
        [  219,  219,  549,  577,  551,  223,  637,  124,  575,  778,  887,  552,  935,  626,  692,  701,  287,  539,  220,  327,  606,  669,  367,  580,  726,  530,  641,  619, 1010,  632,  199,  893,  408,  608,  869,  347,  625,  923,  942,  226,  422,  276,  298,  834,  297,  376,  438,  588,  671,  783,  259,    0,  605,  283,  123,  851,  621,  842,  280,  265,  619,  559,  897,  835,  635,   84,  758,  685,  746,  380,   75,  883,  411,  731,  920,  693,  682,  506,  261,  513,  440,  595,  769,  693],
        [  391,  391,   91,  539,  586,  398,   98,  493,  131,  338,  362,  614,  380,  527,  481,  576,  838,  555,  709,  638,  229,  197,  252,  195,  553,  501,  421,   77,  447,  576,  434,  289,  197,  492,  278,  315,  568,  687,  674,  380,  282,  609,  320,  268,  523,  317,  478,  472,  197,  190,  715,  605,    0,  343,  599,  640,  231,  331,  528,  487,  446,  539,  416,  457,  449,  620,  406,  510,  152,  370,  652,  358,  201,  548,  462,  417,  533,  552,  405,  403,  293,  310,  353,  591],
        [  127,  127,  274,  551,  559,   61,  398,  201,  354,  500,  605,  418,  652,  425,  458,  650,  554,  534,  448,  456,  421,  387,   92,  384,  508,  499,  397,  343,  728,  450,   93,  624,  154,  397,  618,  218,  597,  840,  845,   97,  278,  409,  144,  553,  216,  255,  422,  373,  389,  531,  471,  283,  343,    0,  323,  774,  341,  560,  350,  168,  388,  539,  702,  681,  402,  281,  493,  462,  473,  303,  345,  668,  182,  510,  736,  569,  617,  512,   75,  284,  304,  448,  494,  652],
        [  216,  216,  560,  471,  438,  271,  612,  123,  544,  820,  915,  657,  955,  715,  768,  597,  241,  429,  126,  204,  555,  698,  390,  535,  810,  428,  712,  628, 1029,  727,  262,  887,  411,  693,  845,  303,  518,  824,  846,  238,  370,  154,  279,  849,  400,  321,  338,  671,  699,  763,  154,  123,  599,  323,    0,  750,  660,  872,  171,  360,  696,  452,  839,  760,  711,  207,  815,  766,  748,  307,   89,  837,  399,  814,  856,  612,  583,  396,  329,  589,  382,  527,  816,  587],
        [  696,  696,  706,  282,  333,  788,  548,  742,  515,  971,  952, 1178,  936, 1135, 1110,  156,  892,  330,  769,  599,  414,  835,  730,  453, 1181,  323, 1047,  716,  974, 1177,  818,  740,  665, 1100,  617,  560,  241,   74,  105,  717,  496,  624,  636,  840,  985,  522,  414, 1077,  836,  605,  738,  851,  640,  774,  750,    0,  867,  936,  580,  935, 1064,  302,  387,  242, 1070,  920, 1046, 1135,  722,  489,  839,  465,  617, 1177,  352,  225,  169,  364,  845,  992,  471,  345,  989,  172],
        [  448,  448,  165,  737,  773,  399,  328,  539,  353,  161,  271,  428,  328,  313,  252,  792,  895,  743,  783,  760,  454,   74,  273,  416,  325,  693,  195,  157,  404,  365,  423,  377,  278,  280,  436,  445,  772,  916,  904,  423,  448,  720,  410,  250,  429,  465,  648,  263,   75,  365,  801,  621,  231,  341,  660,  867,    0,  225,  647,  414,  227,  733,  633,  686,  227,  605,  187,  284,  237,  525,  686,  563,  319,  319,  681,  643,  750,  733,  367,  221,  468,  529,  160,  804],
        [  657,  657,  324,  868,  916,  620,  400,  753,  458,  106,   47,  601,  112,  457,  356,  895, 1110,  885,  993,  950,  546,  175,  483,  518,  416,  831,  334,  266,  185,  509,  646,  262,  469,  433,  373,  625,  895,  971,  949,  635,  607,  915,  607,  108,  650,  636,  806,  426,  174,  343, 1007,  842,  331,  560,  872,  936,  225,    0,  837,  638,  376,  868,  622,  718,  367,  829,  210,  395,  215,  692,  905,  537,  498,  406,  674,  724,  852,  882,  591,  419,  620,  631,  134,  912],
        [  224,  224,  514,  301,  271,  321,  515,  200,  442,  804,  875,  747,  904,  774,  805,  427,  352,  260,  214,  114,  427,  667,  381,  416,  858,  257,  743,  575,  974,  796,  332,  802,  371,  746,  740,  214,  347,  653,  676,  255,  257,   83,  238,  793,  501,  214,  168,  723,  669,  665,  202,  280,  528,  350,  171,  580,  647,  837,    0,  453,  737,  282,  696,  604,  750,  359,  821,  812,  679,  173,  260,  706,  340,  860,  707,  452,  413,  226,  390,  633,  259,  382,  806,  417],
        [  248,  248,  406,  697,  696,  148,  555,  259,  518,  556,  684,  299,  742,  362,  432,  804,  550,  674,  478,  541,  588,  477,  244,  550,  462,  645,  387,  469,  818,  369,  124,  752,  315,  345,  764,  375,  745, 1002, 1009,  222,  441,  489,  299,  656,   51,  413,  561,  326,  479,  677,  512,  265,  487,  168,  360,  935,  414,  638,  453,    0,  361,  683,  866,  848,  377,  214,  516,  423,  598,  452,  339,  828,  349,  468,  902,  734,  774,  647,   93,  258,  466,  614,  542,  804],
        [  514,  514,  364,  895,  919,  428,  543,  578,  554,  271,  418,  226,  488,   87,   73,  970,  906,  891,  820,  843,  654,  294,  369,  613,  124,  847,   43,  379,  556,  140,  434,  591,  414,   58,  661,  570,  936, 1118, 1110,  484,  600,  796,  511,  446,  348,  600,  785,   52,  294,  591,  849,  619,  446,  388,  696, 1064,  227,  376,  737,  361,    0,  888,  857,  901,   17,  574,  187,   76,  461,  658,  693,  789,  464,  124,  905,  840,  931,  874,  367,  108,  623,  719,  246,  979],
        [  435,  435,  571,   20,   57,  536,  477,  460,  412,  870,  897,  956,  904,  945,  947,  147,  593,   33,  468,  299,  336,  725,  522,  355, 1011,   41,  881,  609,  961,  978,  561,  747,  474,  913,  649,  324,   66,  375,  403,  462,  289,  323,  395,  794,  734,  290,  124,  888,  726,  598,  438,  559,  539,  539,  452,  302,  733,  868,  282,  683,  888,    0,  514,  386,  898,  633,  919,  963,  668,  237,  541,  555,  426, 1010,  508,  239,  142,   64,  601,  798,  267,  253,  881,  136],
        [  687,  687,  506,  500,  569,  743,  324,  773,  349,  685,  624, 1029,  592,  940,  883,  437, 1047,  546,  910,  771,  291,  576,  623,  323,  955,  501,  827,  478,  615,  990,  780,  383,  552,  906,  257,  550,  492,  393,  357,  693,  475,  770,  607,  515,  910,  523,  552,  886,  576,  283,  895,  897,  416,  702,  839,  387,  633,  622,  696,  866,  857,  514,    0,  150,  858,  941,  780,  916,  422,  533,  917,   88,  520,  949,   53,  276,  404,  568,  775,  818,  460,  314,  709,  462],
        [  639,  639,  537,  369,  438,  712,  359,  713,  353,  767,  728, 1048,  706,  979,  937,  292,  951,  419,  816,  664,  263,  641,  614,  303, 1009,  380,  877,  529,  739, 1026,  747,  504,  543,  944,  379,  496,  355,  258,  231,  651,  421,  671,  564,  617,  895,  463,  446,  923,  642,  378,  795,  835,  457,  681,  760,  242,  686,  718,  604,  848,  901,  386,  150,    0,  904,  889,  852,  966,  507,  457,  844,  224,  502, 1004,  126,  154,  263,  445,  756,  846,  399,  242,  788,  317],
        [  528,  528,  368,  905,  930,  443,  546,  593,  559,  261,  408,  237,  478,   92,   57,  978,  922,  902,  835,  857,  659,  291,  381,  619,  113,  857,   35,  381,  545,  145,  449,  586,  424,   67,  659,  581,  946, 1124, 1116,  498,  610,  810,  523,  439,  364,  611,  796,   65,  292,  590,  863,  635,  449,  402,  711, 1070,  227,  367,  750,  377,   17,  898,  858,  904,    0,  590,  173,   66,  459,  669,  708,  789,  473,  113,  906,  846,  939,  885,  382,  123,  633,  726,  236,  988],
        [  255,  255,  555,  651,  629,  223,  664,  180,  608,  757,  875,  484,  927,  571,  646,  773,  343,  615,  297,  410,  650,  660,  372,  620,  674,  603,  600,  624, 1003,  572,  190,  904,  424,  556,  892,  395,  699,  992, 1009,  252,  471,  360,  335,  832,  235,  427,  511,  539,  661,  805,  338,   84,  620,  281,  207,  920,  605,  829,  359,  214,  574,  633,  941,  889,  590,    0,  726,  635,  754,  440,  147,  921,  436,  679,  968,  753,  752,  583,  239,  471,  491,  648,  745,  767],
        [  611,  611,  351,  923,  959,  545,  499,  693,  534,  107,  245,  409,  316,  257,  150,  976, 1041,  929,  940,  933,  634,  212,  441,  598,  207,  879,  145,  330,  378,  306,  561,  457,  460,  238,  552,  627,  958, 1091, 1076,  584,  634,  891,  584,  301,  514,  648,  833,  238,  211,  499,  963,  758,  406,  493,  815, 1046,  187,  210,  821,  516,  187,  919,  780,  852,  173,  726,    0,  189,  359,  708,  828,  701,  502,  197,  831,  823,  934,  919,  497,  264,  654,  712,   79,  989],
        [  589,  589,  432,  971,  995,  501,  608,  649,  623,  290,  433,  233,  504,   79,   40, 1044,  971,  967,  889,  917,  724,  344,  445,  684,   48,  922,   90,  440,  566,  120,  504,  629,  490,   80,  709,  646, 1012, 1188, 1179,  558,  675,  869,  587,  478,  403,  676,  861,   97,  344,  644,  919,  685,  510,  462,  766, 1135,  284,  395,  812,  423,   76,  963,  916,  966,   66,  635,  189,    0,  510,  734,  759,  845,  539,   49,  965,  911, 1004,  950,  438,  180,  698,  791,  262, 1053],
        [  536,  536,  199,  666,  719,  532,  192,  638,  259,  264,  233,  664,  237,  548,  474,  684,  988,  688,  860,  788,  338,  168,  382,  314,  545,  633,  426,  131,  299,  600,  565,  154,  340,  516,  201,  466,  689,  758,  736,  522,  430,  760,  469,  126,  626,  467,  620,  500,  167,  140,  866,  746,  152,  473,  748,  722,  237,  215,  679,  598,  461,  668,  422,  507,  459,  754,  359,  510,    0,  518,  797,  342,  350,  538,  473,  510,  641,  689,  526,  453,  438,  424,  288,  702],
        [  208,  208,  373,  249,  262,  305,  346,  261,  272,  674,  728,  720,  750,  711,  720,  352,  520,  235,  383,  274,  255,  531,  290,  244,  781,  197,  655,  427,  816,  743,  333,  634,  251,  680,  568,   89,  295,  559,  572,  231,   89,  255,  159,  637,  503,   61,  128,  656,  533,  493,  375,  380,  370,  303,  307,  489,  525,  692,  173,  452,  658,  237,  533,  457,  669,  440,  708,  734,  518,    0,  389,  536,  207,  781,  549,  314,  323,  217,  368,  565,   86,  221,  680,  352],
        [  262,  262,  603,  560,  526,  287,  676,  160,  610,  844,  949,  625,  994,  701,  765,  686,  214,  518,  150,  281,  630,  731,  425,  607,  800,  516,  714,  673, 1069,  706,  267,  941,  458,  682,  909,  373,  606,  912,  934,  276,  444,  235,  336,  891,  371,  396,  426,  662,  732,  824,  192,   75,  652,  345,   89,  839,  686,  905,  260,  339,  693,  541,  917,  844,  708,  147,  828,  759,  797,  389,    0,  911,  454,  805,  937,  698,  671,  483,  332,  586,  458,  608,  837,  676],
        [  668,  668,  448,  543,  611,  713,  274,  760,  315,  605,  538,  970,  504,  873,  811,  496, 1056,  585,  918,  790,  283,  502,  584,  304,  882,  536,  757,  412,  527,  925,  751,  295,  515,  840,  169,  539,  542,  476,  443,  670,  468,  783,  588,  430,  868,  516,  575,  821,  502,  203,  907,  883,  358,  668,  837,  465,  563,  537,  706,  828,  789,  555,   88,  224,  789,  921,  701,  845,  342,  536,  911,    0,  489,  876,  140,  322,  460,  603,  739,  758,  456,  328,  629,  520],
        [  193,  193,  175,  433,  461,  225,  228,  294,  175,  471,  536,  561,  567,  525,  521,  510,  638,  432,  510,  452,  241,  330,  115,  202,  586,  385,  456,  237,  638,  564,  262,  489,   50,  492,  459,  129,  473,  679,  679,  187,  137,  418,  120,  457,  395,  147,  332,  468,  331,  373,  518,  411,  201,  182,  399,  617,  319,  498,  340,  349,  464,  426,  520,  502,  473,  436,  502,  539,  350,  207,  454,  489,    0,  585,  554,  401,  472,  418,  257,  380,  160,  277,  475,  517],
        [  637,  637,  473, 1017, 1042,  549,  646,  697,  664,  303,  440,  257,  511,  112,   68, 1089, 1017, 1014,  936,  966,  765,  374,  493,  725,   11,  969,  132,  476,  570,  139,  552,  650,  536,  123,  736,  694, 1057, 1230, 1220,  606,  721,  917,  635,  496,  446,  723,  908,  143,  374,  674,  966,  731,  548,  510,  814, 1177,  319,  406,  860,  468,  124, 1010,  949, 1004,  113,  679,  197,   49,  538,  781,  805,  876,  585,    0,  999,  953, 1049,  997,  485,  228,  744,  834,  275, 1098],
