{
    "name": "random-51-31955",
    "comment": "size=51 seed=31955",
    "nodes": ["+0", "-0", "+1", "-1", "+2", "-2", "+3", "-3", "+4", "-4", "+5", "-5", "+6", "-6", "+7", "-7", "+8", "-8", "+9", "-9", "+10", "-10", "+11", "-11", "+12", "-12", "+13", "-13", "+14", "-14", "+15", "-15", "+16", "-16", "+17", "-17", "+18", "-18", "+19", "-19", "+20", "-20", "+21", "-21", "+22", "-22", "+23", "-23", "+24", "-24", "+25", "-25", "+26", "-26", "+27", "-27", "+28", "-28", "+29", "-29", "+30", "-30", "+31", "-31", "+32", "-32", "+33", "-33", "+34", "-34", "+35", "-35", "+36", "-36", "+37", "-37", "+38", "-38", "+39", "-39", "+40", "-40", "+41", "-41", "+42", "-42", "+43", "-43", "+44", "-44", "+45", "-45", "+46", "-46", "+47", "-47", "+48", "-48", "+49", "-49", "+50", "-50", "+51", "-51"],
    "precedence": {
        "+0": "-0",
        "+1": "-1",
        "+2": "-2",
        "+3": "-3",
        "+4": "-4",
        "+5": "-5",
        "+6": "-6",
        "+7": "-7",
        "+8": "-8",
        "+9": "-9",
        "+10": "-10",
        "+11": "-11",
        "+12": "-12",
        "+13": "-13",
        "+14": "-14",
        "+15": "-15",
        "+16": "-16",
        "+17": "-17",
        "+18": "-18",
        "+19": "-19",
        "+20": "-20",
        "+21": "-21",
        "+22": "-22",
        "+23": "-23",
        "+24": "-24",
        "+25": "-25",
        "+26": "-26",
        "+27": "-27",
        "+28": "-28",
        "+29": "-29",
        "+30": "-30",
        "+31": "-31",
        "+32": "-32",
        "+33": "-33",
        "+34": "-34",
        "+35": "-35",
        "+36": "-36",
        "+37": "-37",
        "+38": "-38",
        "+39": "-39",
        "+40": "-40",
        "+41": "-41",
        "+42": "-42",
        "+43": "-43",
        "+44": "-44",
        "+45": "-45",
        "+46": "-46",
        "+47": "-47",
        "+48": "-48",
        "+49": "-49",
        "+50": "-50",
        "+51": "-51"
    },
    "edges": [
        [    0,    0,  124,  693,   46,  225,  718,  275,  230,  629,  606,  179,  394,   39,  213,  635,  567,  394,  257,  527,  763,  222,  511,  421,  379,  364,  487,  549,  557,  178,  743,  599,  437,  594,  410,  486,  220,  213,  279,  155,  530,  353,  327,  285,  310,  185,  440,  402,  751,  646,  621,  512,  325,  524,  590,  397,  323,  321,  286,  434,  367,  234,  645,  415,  649,  230,  291,  425,  463,  545,  251,  281,  240,   43,  395,  185,  580,  400,  481,  606,  241,  283,  579,  491,  407,  295,  440,  365,  302,  292,  470,  509,  321,  361,  545,  344,  674,  357,  519,  360,  239,  697,  630,  388],
        [    0,    0,    0,    0,    0,    0,    0,    0,    0,    0,    0,    0,    0,    0,    0,    0,    0,    0,    0,    0,    0,    0,    0,    0,    0,    0,    0,    0,    0,    0,    0,    0,    0,    0,    0,    0,    0,    0,    0,    0,    0,    0,    0,    0,    0,    0,    0,    0,    0,    0,    0,    0,    0,    0,    0,    0,    0,    0,    0,    0,    0,    0,    0,    0,    0,    0,    0,    0,    0,    0,    0,    0,    0,    0,    0,    0,    0,    0,    0,    0,    0,    0,    0,    0,    0,    0,    0,    0,    0,    0,    0,    0,    0,    0,    0,    0,    0,    0,    0,    0,    0,    0,    0,    0],
        [  124,    0,    0,  590,  163,  243,  729,  155,  348,  522,  675,   70,  485,   86,  137,  590,  458,  460,  379,  642,  784,  346,  399,  313,  355,  478,  396,  612,  545,  248,  640,  536,  468,  717,  435,  583,  266,  112,  347,  278,  592,  250,  311,  332,  360,  306,  525,  394,  639,  682,  615,  399,  256,  648,  641,  392,  425,  441,  395,  374,  244,  357,  548,  314,  561,  342,  227,  354,  382,  507,  348,  382,  272,  103,  297,  239,  617,  278,  505,  487,  255,  401,  518,  608,  389,  179,  375,  293,  399,  237,  355,  584,  341,  409,  487,  279,  719,  234,  560,  484,  348,  743,  650,  265],
        [  693,    0,  590,    0,  714,  808,  704,  448,  855,   78,  914,  522,  862,  656,  643,  380,  140,  764,  933, 1089,  783,  888,  205,  278,  464, 1055,  218,  847,  520,  837,   51,  284,  655, 1228,  624,  959,  846,  594,  715,  836,  827,  588,  499,  907,  675,  838,  867,  901,  115,  781,  573,  208,  693, 1176,  817,  903, 1013,  948,  861,  341,  394,  902,   70,  278,  130,  831,  693,  317,  713,  402,  789,  969,  843,  653,  617,  650,  747,  446,  648,  215,  814,  898,  289, 1078,  880,  530,  320,  357,  821,  714,  255,  875,  588,  684,  312,  382,  845,  453,  731, 1016,  822,  867,  697,  396],
        [   46,    0,  163,  714,    0,  256,  694,  310,  186,  653,  566,  212,  350,   78,  258,  632,  592,  357,  224,  483,  736,  185,  538,  447,  372,  342,  504,  511,  542,  193,  764,  602,  409,  555,  385,  441,  243,  258,  243,  123,  493,  398,  318,  304,  278,  144,  398,  435,  777,  615,  603,  540,  369,  488,  555,  430,  312,  279,  241,  438,  403,  198,  663,  438,  663,  185,  335,  434,  507,  540,  207,  273,  266,   65,  440,  158,  549,  441,  455,  638,  274,  239,  583,  447,  442,  338,  447,  376,  259,  335,  500,  468,  300,  330,  548,  353,  640,  397,  487,  323,  194,  662,  604,  425],
        [  225,    0,  243,  808,  256,    0,  941,  361,  390,  735,  818,  308,  592,  231,  170,  831,  670,  612,  343,  671,  988,  341,  606,  533,  587,  365,  630,  765,  772,  105,  857,  778,  661,  677,  635,  672,   58,  216,  499,  276,  748,  291,  538,  102,  533,  335,  644,  179,  838,  870,  839,  605,  198,  595,  811,  174,  279,  454,  463,  616,  423,  343,  774,  542,  795,  406,  169,  596,  325,  746,  451,  240,   37,  256,  307,  409,  804,  408,  705,  667,   18,  435,  760,  623,  190,  295,  617,  535,  500,  153,  558,  718,  544,  585,  730,  521,  896,  379,  743,  454,  424,  918,  854,  431],
        [  718,    0,  729,  704,  694,  941,    0,  728,  670,  713,  354,  691,  499,  712,  864,  325,  705,  397,  789,  698,   80,  743,  714,  665,  388,  930,  575,  324,  210,  887,  727,  421,  289,  894,  310,  533,  936,  827,  475,  749,  319,  936,  421,  998,  425,  702,  456, 1113,  818,  155,  138,  722,  979,  890,  249, 1110,  955,  710,  612,  451,  778,  755,  637,  629,  575,  636,  953,  493, 1087,  317,  564,  929,  957,  686,  985,  537,  189,  863,  242,  830,  957,  673,  418,  724, 1113,  845,  470,  521,  545,  965,  728,  398,  397,  377,  405,  513,  206,  830,  242,  792,  613,  216,   98,  803],
        [  275,    0,  155,  448,  310,  361,  728,    0,  487,  376,  748,  100,  589,  236,  200,  524,  312,  538,  531,  773,  793,  495,  249,  173,  340,  633,  277,  680,  524,  393,  498,  450,  507,  864,  470,  692,  399,  150,  438,  430,  658,  212,  317,  460,  432,  452,  621,  473,  488,  713,  599,  249,  282,  797,  693,  474,  577,  583,  524,  306,   95,  507,  414,  185,  440,  476,  269,  273,  365,  456,  465,  533,  396,  245,  260,  332,  653,  155,  534,  332,  368,  539,  433,  744,  458,  122,  298,  221,  513,  288,  203,  668,  381,  472,  411,  220,  761,  113,  603,  632,  477,  786,  663,  120],
        [  230,    0,  348,  855,  186,  390,  670,  487,    0,  801,  452,  388,  216,  263,  438,  696,  745,  279,  120,  299,  693,   75,  697,  604,  442,  262,  637,  413,  568,  294,  904,  693,  387,  381,  379,  284,  353,  442,  202,  116,  401,  581,  388,  395,  258,   55,  272,  562,  930,  556,  612,  700,  542,  322,  476,  555,  290,   97,   77,  541,  581,   87,  796,  588,  783,   35,  507,  549,  681,  603,  107,  271,  384,  246,  621,  209,  495,  624,  434,  806,  407,   54,  674,  262,  578,  524,  556,  500,  133,  503,  664,  351,  327,  297,  636,  475,  563,  580,  434,  163,   57,  581,  572,  605],
        [  629,    0,  522,   78,  653,  735,  713,  376,  801,    0,  895,  454,  824,  591,  568,  397,   65,  732,  874, 1047,  792,  830,  129,  209,  435,  992,  176,  826,  518,  767,  124,  295,  633, 1178,  599,  924,  774,  520,  674,  775,  806,  511,  462,  834,  638,  781,  834,  824,  132,  776,  578,  132,  616, 1123,  803,  827,  946,  896,  812,  312,  318,  844,   92,  216,  159,  779,  617,  281,  637,  401,  742,  902,  770,  590,  540,  601,  736,  368,  630,  149,  741,  847,  295, 1033,  803,  454,  290,  311,  777,  638,  179,  849,  553,  652,  310,  336,  839,  376,  714,  961,  772,  862,  696,  319],
        [  606,    0,  675,  914,  566,  818,  354,  748,  452,  895,    0,  671,  237,  619,  806,  586,  864,  216,  558,  365,  328,  524,  846,  767,  466,  680,  724,   71,  416,  734,  952,  650,  265,  563,  300,  212,  792,  787,  330,  562,   93,  922,  455,  841,  319,  502,  181,  997, 1021,  200,  398,  852,  924,  576,  112,  990,  733,  449,  378,  584,  828,  532,  844,  735,  797,  426,  891,  619, 1056,  524,  369,  721,  821,  592,  971,  437,  188,  902,  267,  972,  835,  429,  638,  402, 1007,  840,  607,  611,  324,  895,  838,  102,  372,  277,  608,  591,  158,  860,  184,  519,  404,  164,  278,  856],
        [  179,    0,   70,  522,  212,  308,  691,  100,  388,  454,  671,    0,  499,  141,  178,  530,  391,  458,  434,  675,  751,  397,  333,  246,  308,  541,  327,  605,  499,  317,  572,  472,  445,  765,  410,  601,  335,  137,  351,  333,  584,  255,  271,  400,  353,  353,  533,  449,  573,  658,  571,  334,  288,  698,  626,  448,  492,  484,  426,  312,  194,  409,  479,  245,  493,  377,  265,  289,  400,  451,  370,  449,  339,  147,  305,  243,  594,  245,  478,  427,  319,  440,  454,  646,  441,  169,  311,  229,  419,  279,  292,  586,  317,  397,  425,  217,  700,  200,  540,  534,  379,  725,  618,  218],
        [  394,    0,  485,  862,  350,  592,  499,  589,  216,  824,  237,  499,    0,  415,  603,  613,  779,  116,  323,  235,  506,  288,  745,  655,  401,  450,  649,  204,  454,  503,  907,  641,  253,  412,  266,  104,  562,  594,  156,  328,  196,  734,  364,  608,  187,  267,   56,  769,  956,  364,  476,  750,  718,  395,  274,  762,  498,  220,  141,  523,  679,  296,  796,  630,  765,  191,  684,  546,  855,  527,  144,  485,  592,  389,  780,  258,  312,  742,  293,  867,  609,  194,  625,  242,  781,  661,  543,  515,   93,  685,  725,  136,  274,  185,  588,  491,  359,  697,  258,  299,  171,  375,  402,  707],
        [   39,    0,   86,  656,   78,  231,  712,  236,  263,  591,  619,  141,  415,    0,  189,  612,  529,  405,  296,  560,  760,  260,  473,  383,  360,  402,  452,  560,  543,  201,  707,  571,  436,  632,  407,  510,  236,  182,  290,  194,  541,  324,  309,  302,  314,  221,  459,  403,  713,  648,  609,  474,  306,  563,  597,  399,  358,  356,  315,  406,  328,  272,  609,  379,  616,  260,  273,  394,  441,  523,  274,  315,  251,   29,  367,  188,  582,  363,  478,  567,  246,  317,  552,  525,  405,  261,  411,  334,  326,  277,  432,  524,  315,  365,  519,  314,  678,  319,  522,  398,  268,  702,  626,  350],
        [  213,    0,  137,  643,  258,  170,  864,  200,  438,  568,  806,  178,  603,  189,    0,  705,  504,  590,  436,  736,  920,  415,  440,  372,  485,  500,  476,  744,  675,  233,  691,  641,  604,  782,  572,  698,  218,   50,  476,  342,  724,  148,  444,  271,  494,  388,  648,  276,  669,  818,  747,  437,  120,  705,  776,  276,  426,  523,  498,  486,  254,  423,  613,  385,  640,  441,   90,  459,  252,  628,  462,  383,  207,  216,  184,  369,  753,  242,  642,  497,  174,  490,  623,  696,  265,  127,  482,  401,  514,  102,  390,  712,  477,  543,  597,  392,  854,  210,  695,  547,  451,  879,  786,  262],
        [  635,    0,  590,  380,  632,  831,  325,  524,  696,  397,  586,  530,  613,  612,  705,    0,  401,  498,  805,  846,  404,  755,  425,  404,  261,  946,  291,  527,  171,  811,  403,  103,  363, 1020,  347,  690,  846,  659,  505,  730,  511,  731,  317,  912,  450,  704,  596,  979,  495,  421,  203,  433,  803,  990,  478,  978,  939,  771,  668,  220,  541,  769,  316,  371,  251,  664,  786,  251,  883,   94,  600,  902,  857,  594,  777,  498,  402,  624,  334,  528,  844,  722,  108,  853,  970,  644,  227,  306,  609,  803,  452,  577,  370,  431,  116,  314,  486,  603,  407,  852,  646,  506,  333,  561],
        [  567,    0,  458,  140,  592,  670,  705,  312,  745,   65,  864,  391,  779,  529,  504,  401,    0,  691,  814,  998,  783,  772,   65,  147,  399,  930,  140,  794,  503,  703,  188,  299,  600, 1123,  565,  880,  710,  455,  626,  715,  773,  450,  421,  770,  594,  723,  792,  761,  186,  757,  568,   69,  554, 1066,  776,  763,  883,  841,  760,  281,  255,  785,  131,  158,  188,  725,  553,  245,  580,  390,  690,  839,  705,  530,  481,  548,  713,  309,  602,  127,  676,  792,  295,  981,  741,  390,  258,  264,  727,  575,  115,  812,  512,  612,  302,  289,  818,  314,  686,  903,  718,  842,  679,  257],
        [  394,    0,  460,  764,  357,  612,  397,  538,  279,  732,  216,  458,  116,  405,  590,  498,  691,    0,  396,  348,  415,  353,  664,  578,  300,  535,  557,  156,  339,  535,  807,  532,  138,  527,  153,  198,  591,  571,  116,  373,  137,  707,  271,  645,  108,  318,  104,  791,  862,  278,  362,  669,  709,  508,  203,  785,  568,  314,  216,  424,  623,  365,  696,  549,  661,  246,  677,  451,  840,  415,  177,  547,  618,  377,  755,  222,  217,  693,  178,  788,  629,  277,  515,  357,  799,  626,  445,  429,  149,  681,  649,  130,  180,   81,  480,  405,  290,  650,  157,  397,  223,  311,  299,  651],
        [  257,    0,  379,  933,  224,  343,  789,  531,  120,  874,  558,  434,  323,  296,  436,  805,  814,  396,    0,  332,  811,   50,  761,  669,  546,  145,  719,  525,  683,  239,  983,  794,  505,  346,  496,  370,  294,  453,  319,  102,  514,  583,  492,  319,  375,  102,  378,  499,  999,  673,  729,  763,  522,  271,  590,  491,  176,  122,  184,  636,  623,   36,  879,  659,  873,  154,  488,  639,  659,  711,  226,  166,  327,  288,  616,  308,  613,  652,  553,  861,  358,  129,  775,  282,  519,  542,  649,  585,  249,  479,  723,  458,  439,  415,  738,  561,  677,  610,  552,  113,  176,  695,  691,  644],
        [  527,    0,  642, 1089,  483,  671,  698,  773,  299, 1047,  365,  675,  235,  560,  736,  846,  998,  348,  332,    0,  687,  331,  958,  866,  633,  395,  874,  376,  685,  568, 1135,  876,  484,  199,  500,  166,  625,  740,  374,  400,  379,  879,  592,  650,  417,  349,  254,  830, 1178,  549,  699,  962,  837,  219,  451,  822,  478,  218,  250,  752,  866,  328, 1024,  844,  997,  301,  802,  773,  976,  762,  311,  485,  657,  540,  919,  454,  511,  917,  520, 1076,  687,  246,  859,   56,  851,  820,  772,  736,  271,  797,  932,  301,  505,  420,  822,  711,  520,  872,  469,  236,  297,  528,  607,  892],
        [  763,    0,  784,  783,  736,  988,   80,  793,  693,  792,  328,  751,  506,  760,  920,  404,  783,  415,  811,  687,    0,  767,  790,  738,  453,  949,  651,  314,  284,  927,  806,  500,  327,  885,  354,  524,  979,  886,  506,  781,  315,  999,  481, 1039,  461,  729,  458, 1162,  897,  142,  215,  798, 1036,  889,  238, 1158,  981,  723,  630,  525,  847,  779,  716,  703,  654,  660, 1010,  567, 1149,  394,  589,  958, 1001,  733, 1049,  579,  198,  932,  283,  908, 1004,  690,  497,  718, 1164,  909,  544,  591,  563, 1020,  803,  391,  446,  410,  483,  582,  171,  898,  259,  803,  637,  172,  135,  873],
        [  222,    0,  346,  888,  185,  341,  743,  495,   75,  830,  524,  397,  288,  260,  415,  755,  772,  353,   50,  331,  767,    0,  720,  627,  497,  194,  673,  487,  634,  239,  938,  745,  458,  373,  448,  346,  297,  427,  271,   73,  475,  562,  442,  332,  326,   52,  343,  506,  957,  631,  681,  722,  509,  303,  550,  498,  215,  114,  147,  588,  587,   15,  833,  615,  826,  108,  474,  591,  648,  661,  180,  197,  330,  250,  598,  259,  570,  621,  506,  822,  357,  101,  725,  286,  524,  514,  601,  538,  208,  468,  683,  423,  390,  368,  688,  514,  637,  578,  508,  138,  131,  656,  646,  610],
        [  511,    0,  399,  205,  538,  606,  714,  249,  697,  129,  846,  333,  745,  473,  440,  425,   65,  664,  761,  958,  790,  720,    0,   94,  381,  874,  140,  776,  507,  641,  253,  325,  582, 1077,  546,  847,  647,  391,  591,  661,  754,  386,  395,  706,  562,  672,  762,  697,  241,  752,  576,    9,  490, 1017,  764,  699,  824,  793,  716,  272,  190,  733,  189,  116,  238,  678,  489,  232,  519,  399,  648,  780,  642,  474,  419,  506,  704,  247,  590,  126,  612,  745,  318,  939,  677,  326,  251,  236,  688,  510,   51,  787,  484,  585,  317,  259,  811,  250,  672,  853,  673,  836,  679,  193],
        [  421,    0,  313,  278,  447,  533,  665,  173,  604,  209,  767,  246,  655,  383,  372,  404,  147,  578,  669,  866,  738,  627,   94,    0,  307,  784,  120,  697,  455,  559,  328,  313,  506,  983,  469,  758,  569,  322,  500,  569,  675,  346,  313,  631,  475,  579,  674,  640,  331,  687,  528,   97,  439,  924,  690,  641,  737,  700,  623,  214,  145,  641,  242,   36,  272,  585,  432,  172,  492,  358,  556,  694,  568,  384,  387,  413,  635,  224,  518,  212,  541,  652,  300,  846,  623,  271,  196,  158,  596,  453,   72,  703,  400,  500,  288,  177,  744,  209,  598,  760,  580,  768,  620,  161],
        [  379,    0,  355,  464,  372,  587,  388,  340,  442,  435,  466,  308,  401,  360,  485,  261,  399,  300,  546,  633,  453,  497,  381,  307,    0,  687,  260,  396,  191,  557,  508,  253,  202,  789,  167,  496,  595,  445,  265,  469,  375,  548,   56,  661,  217,  445,  403,  748,  564,  384,  264,  387,  596,  749,  385,  746,  678,  523,  424,  124,  397,  511,  397,  273,  365,  411,  573,  155,  700,  169,  353,  642,  610,  339,  598,  238,  329,  480,  211,  507,  601,  474,  234,  628,  743,  458,  145,  150,  373,  586,  377,  415,  129,  221,  197,  134,  438,  445,  293,  602,  396,  463,  325,  424],
        [  364,    0,  478, 1055,  342,  365,  930,  633,  262,  992,  680,  541,  450,  402,  500,  946,  930,  535,  145,  395,  949,  194,  874,  784,  687,    0,  845,  654,  827,  271, 1105,  932,  648,  330,  640,  478,  308,  529,  463,  223,  645,  643,  632,  302,  519,  243,  504,  482, 1114,  810,  873,  875,  562,  245,  723,  473,   97,  232,  319,  772,  719,  180, 1004,  778, 1003,  296,  530,  771,  689,  853,  368,  127,  337,  402,  667,  449,  751,  734,  696,  964,  376,  260,  913,  340,  508,  619,  783,  715,  386,  516,  832,  583,  583,  558,  876,  692,  808,  695,  691,  166,  318,  825,  832,  737],
        [  487,    0,  396,  218,  504,  630,  575,  277,  637,  176,  724,  327,  649,  452,  476,  291,  140,  557,  719,  874,  651,  673,  140,  120,  260,  845,    0,  655,  368,  643,  267,  195,  461, 1010,  426,  749,  661,  426,  500,  624,  634,  465,  287,  725,  463,  622,  658,  749,  307,  618,  437,  148,  553,  959,  636,  750,  809,  730,  643,  141,  264,  687,  161,   95,  166,  614,  544,  106,  611,  260,  572,  767,  663,  446,  506,  433,  573,  343,  462,  259,  639,  681,  184,  861,  734,  386,  119,  139,  604,  564,  162,  674,  378,  477,  179,  165,  679,  328,  546,  799,  604,  703,  543,  280],
        [  549,    0,  612,  847,  511,  765,  324,  680,  413,  826,   71,  605,  204,  560,  744,  527,  794,  156,  525,  376,  314,  487,  776,  697,  396,  654,  655,    0,  356,  686,  885,  586,  195,  573,  230,  211,  743,  724,  271,  518,   23,  858,  385,  795,  254,  460,  151,  944,  953,  174,  347,  782,  863,  576,   77,  939,  700,  424,  341,  515,  759,  497,  777,  665,  731,  384,  831,  550,  994,  461,  321,  684,  770,  532,  906,  375,  141,  834,  201,  902,  783,  398,  573,  405,  953,  774,  537,  541,  281,  836,  768,   78,  302,  209,  542,  521,  156,  792,  121,  500,  362,  171,  237,  787],
        [  557,    0,  545,  520,  542,  772,  210,  524,  568,  518,  416,  499,  454,  543,  675,  171,  503,  339,  683,  685,  284,  634,  507,  455,  191,  827,  368,  356,    0,  733,  551,  241,  202,  866,  194,  525,  776,  635,  368,  622,  340,  735,  235,  841,  311,  586,  432,  936,  632,  262,   75,  515,  786,  842,  309,  934,  833,  632,  528,  241,  569,  648,  450,  419,  394,  534,  763,  283,  887,  118,  465,  801,  793,  519,  784,  391,  234,  655,  167,  626,  787,  586,  232,  696,  933,  644,  260,  312,  465,  776,  519,  407,  248,  281,  209,  307,  327,  624,  236,  715,  514,  348,  179,  595],
        [  178,    0,  248,  837,  193,  105,  887,  393,  294,  767,  734,  317,  503,  201,  233,  811,  703,  535,  239,  568,  927,  239,  641,  559,  557,  271,  643,  686,  733,    0,  887,  771,  601,  574,  578,  577,   60,  268,  426,  179,  669,  372,  504,  112,  467,  240,  557,  269,  880,  803,  795,  641,  293,  493,  737,  262,  194,  351,  369,  606,  469,  241,  796,  562,  808,  314,  261,  592,  426,  722,  366,  151,   91,  218,  397,  351,  738,  472,  647,  717,  119,  336,  752,  520,  285,  356,  610,  532,  412,  248,  595,  633,  493,  518,  719,  513,  823,  436,  675,  350,  333,  845,  796,  483],
        [  743,    0,  640,   51,  764,  857,  727,  498,  904,  124,  952,  572,  907,  707,  691,  403,  188,  807,  983, 1135,  806,  938,  253,  328,  508, 1105,  267,  885,  551,  887,    0,  311,  695, 1276,  665, 1003,  896,  643,  762,  886,  865,  633,  544,  957,  720,  888,  910,  947,  104,  812,  601,  255,  739, 1225,  852,  950, 1063,  997,  908,  385,  442,  952,  112,  329,  157,  880,  740,  363,  754,  434,  837, 1020,  892,  704,  660,  699,  781,  490,  685,  247,  863,  947,  319, 1125,  926,  577,  365,  405,  868,  761,  302,  916,  633,  728,  346,  431,  877,  499,  768, 1065,  871,  898,  727,  442],
        [  599,    0,  536,  284,  602,  778,  421,  450,  693,  295,  650,  472,  641,  571,  641,  103,  299,  532,  794,  876,  500,  745,  325,  313,  253,  932,  195,  586,  241,  771,  311,    0,  405, 1039,  381,  728,  799,  592,  515,  711,  567,  651,  305,  866,  464,  693,  634,  916,  398,  502,  290,  333,  731, 1001,  547,  916,  914,  776,  676,  166,  454,  760,  217,  282,  156,  663,  717,  183,  801,  126,  605,  875,  807,  556,  695,  487,  473,  536,  386,  426,  790,  726,   20,  876,  904,  567,  162,  243,  623,  735,  355,  626,  377,  457,   57,  259,  566,  518,  466,  853,  648,  588,  416,  472],
        [  437,    0,  468,  655,  409,  661,  289,  507,  387,  633,  265,  445,  253,  436,  604,  363,  600,  138,  505,  484,  327,  458,  582,  506,  202,  648,  461,  195,  202,  601,  695,  405,    0,  665,   38,  328,  652,  575,  188,  461,  174,  700,  197,  712,  136,  415,  234,  837,  760,  214,  229,  589,  723,  643,  188,  833,  668,  439,  337,  321,  579,  471,  586,  473,  544,  352,  694,  355,  844,  283,  281,  641,  675,  408,  749,  253,  150,  658,   49,  708,  678,  397,  390,  494,  840,  612,  343,  349,  271,  703,  577,  222,  129,   90,  357,  330,  255,  618,   97,  523,  331,  280,  196,  607],
        [  594,    0,  717, 1228,  555,  677,  894,  864,  381, 1178,  563,  765,  412,  632,  782, 1020, 1123,  527,  346,  199,  885,  373, 1077,  983,  789,  330, 1010,  573,  866,  574, 1276, 1039,  665,    0,  675,  362,  622,  798,  525,  443,  575,  929,  741,  628,  575,  413,  442,  809, 1308,  746,  886, 1080,  865,   85,  649,  800,  425,  284,  369,  902,  957,  363, 1167,  966, 1147,  399,  831,  916,  999,  932,  440,  451,  654,  619,  962,  578,  706,  994,  704, 1186,  690,  332, 1021,  172,  835,  886,  919,  872,  416,  821, 1044,  497,  662,  590,  984,  846,  718,  950,  661,  236,  407,  726,  801,  980],
        [  410,    0,  435,  624,  385,  635,  310,  470,  379,  599,  300,  410,  266,  407,  572,  347,  565,  153,  496,  500,  354,  448,  546,  469,  167,  640,  426,  230,  194,  578,  665,  381,   38,  675,    0,  348,  627,  541,  178,  445,  209,  664,  159,  689,  122,  402,  254,  809,  727,  248,  234,  553,  690,  649,  225,  805,  654,  439,  335,  287,  541,  461,  555,  436,  515,  344,  661,  321,  810,  262,  274,  626,  649,  380,  714,  228,  184,  621,   71,  672,  651,  394,  365,  506,  811,  576,  309,  312,  271,  671,  540,  252,   95,   87,  330,  293,  291,  581,  134,  522,  324,  316,  220,  569],
        [  486,    0,  583,  959,  441,  672,  533,  692,  284,  924,  212,  601,  104,  510,  698,  690,  880,  198,  370,  166,  524,  346,  847,  758,  496,  478,  749,  211,  525,  577, 1003,  728,  328,  362,  348,    0,  636,  691,  260,  399,  214,  832,  462,  676,  287,  338,   95,  845, 1055,  385,  535,  853,  810,  366,  288,  838,  541,  252,  210,  619,  783,  350,  892,  732,  858,  267,  775,  644,  948,  610,  237,  535,  667,  485,  877,  360,  345,  844,  359,  970,  689,  246,  712,  195,  860,  761,  639,  616,  185,  775,  828,  135,  371,  276,  677,  592,  361,  800,  304,  314,  251,  371,  441,  810],
        [  220,    0,  266,  846,  243,   58,  936,  399,  353,  774,  792,  335,  562,  236,  218,  846,  710,  591,  294,  625,  979,  297,  647,  569,  595,  308,  661,  743,  776,   60,  896,  799,  652,  622,  627,  636,    0,  261,  481,  238,  726,  346,  544,   67,  520,  299,  615,  210,  882,  856,  840,  645,  255,  540,  792,  203,  221,  409,  428,  635,  467,  298,  809,  575,  826,  373,  226,  619,  381,  758,  424,  182,   33,  257,  365,  400,  791,  459,  697,  713,   68,  395,  780,  576,  227,  344,  638,  558,  470,  210,  599,  691,  540,  571,  749,  541,  878,  427,  729,  402,  392,  900,  846,  478],
        [  213,    0,  112,  594,  258,  216,  827,  150,  442,  520,  787,  137,  594,  182,   50,  659,  455,  571,  453,  740,  886,  427,  391,  322,  445,  529,  426,  724,  635,  268,  643,  592,  575,  798,  541,  691,  261,    0,  458,  356,  703,  142,  407,  317,  471,  396,  635,  325,  623,  788,  708,  389,  152,  724,  751,  325,  460,  532,  497,  439,  207,  437,  563,  335,  590,  442,  129,  411,  271,  583,  454,  416,  252,  206,  187,  350,  724,  206,  610,  453,  222,  495,  575,  703,  313,   91,  435,  354,  506,  145,  342,  696,  447,  519,  549,  346,  827,  169,  668,  563,  450,  852,  752,  218],
        [  279,    0,  347,  715,  243,  499,  475,  438,  202,  674,  330,  351,  156,  290,  476,  505,  626,  116,  319,  374,  506,  271,  591,  500,  265,  463,  500,  271,  368,  426,  762,  515,  188,  525,  178,  260,  481,  458,    0,  275,  252,  596,  219,  537,   57,  227,  184,  677,  805,  378,  411,  595,  594,  488,  313,  672,  481,  267,  164,  380,  526,  285,  651,  475,  626,  168,  562,  399,  727,  413,   98,  455,  506,  262,  644,  110,  313,  592,  236,  712,  516,  220,  497,  365,  684,  517,  399,  363,  109,  566,  569,  238,  138,   98,  460,  338,  398,  548,  250,  349,  147,  421,  379,  554],
        [  155,    0,  278,  836,  123,  276,  749,  430,  116,  775,  562,  333,  328,  194,  342,  730,  715,  373,  102,  400,  781,   73,  661,  569,  469,  223,  624,  518,  622,  179,  886,  711,  461,  443,  445,  399,  238,  356,  275,    0,  503,  489,  414,  281,  325,   62,  382,  447,  900,  649,  675,  662,  438,  371,  575,  440,  212,  184,  191,  550,  521,   81,  784,  560,  781,  138,  403,  549,  577,  637,  198,  181,  269,  187,  525,  234,  585,  552,  509,  759,  292,  160,  691,  357,  462,  443,  560,  493,  239,  397,  622,  460,  375,  373,  655,  469,  662,  509,  523,  208,  158,  682,  654,  542],
        [  530,    0,  592,  827,  493,  748,  319,  658,  401,  806,   93,  584,  196,  541,  724,  511,  773,  137,  514,  379,  315,  475,  754,  675,  375,  645,  634,   23,  340,  669,  865,  567,  174,  575,  209,  214,  726,  703,  252,  503,    0,  837,  363,  779,  233,  446,  145,  927,  932,  174,  334,  760,  843,  575,   79,  921,  689,  415,  330,  494,  737,  485,  757,  643,  712,  370,  811,  529,  973,  442,  306,  672,  753,  513,  885,  355,  133,  812,  182,  880,  765,  387,  554,  406,  935,  753,  516,  519,  268,  816,  746,   79,  280,  188,  523,  499,  164,  770,  105,  493,  348,  181,  229,  765],
        [  353,    0,  250,  588,  398,  291,  936,  212,  581,  511,  922,  255,  734,  324,  148,  731,  450,  707,  583,  879,  999,  562,  386,  346,  548,  643,  465,  858,  735,  372,  633,  651,  700,  929,  664,  832,  346,  142,  596,  489,  837,    0,  519,  386,  605,  533,  775,  321,  591,  911,  809,  382,  113,  852,  880,  325,  564,  669,  638,  516,  203,  570,  574,  371,  614,  582,  127,  481,  154,  666,  595,  522,  327,  347,   50,  487,  848,  144,  731,  409,  288,  634,  636,  841,  297,   91,  506,  432,  647,  148,  337,  833,  571,  651,  616,  431,  954,  139,  795,  695,  591,  979,  867,  194],
        [  327,    0,  311,  499,  318,  538,  421,  317,  388,  462,  455,  271,  364,  309,  444,  317,  421,  271,  492,  592,  481,  442,  395,  313,   56,  632,  287,  385,  235,  504,  544,  305,  197,  741,  159,  462,  544,  407,  219,  414,  363,  519,    0,  610,  177,  390,  372,  702,  593,  397,  304,  401,  559,  699,  384,  700,  623,  472,  375,  162,  384,  457,  433,  282,  407,  359,  534,  183,  669,  224,  303,  587,  560,  287,  569,  184,  337,  465,  218,  520,  553,  422,  286,  584,  699,  429,  181,  159,  327,  546,  384,  393,   91,  192,  248,  137,  446,  426,  292,  549,  344,  471,  348,  412],
        [  285,    0,  332,  907,  304,  102,  998,  460,  395,  834,  841,  400,  608,  302,  271,  912,  770,  645,  319,  650, 1039,  332,  706,  631,  661,  302,  725,  795,  841,  112,  957,  866,  712,  628,  689,  676,   67,  317,  537,  281,  779,  386,  610,    0,  579,  342,  662,  183,  939,  914,  904,  705,  285,  544,  847,  174,  207,  439,  471,  701,  524,  330,  872,  638,  891,  418,  261,  685,  397,  824,  474,  178,   65,  323,  397,  462,  849,  509,  758,  768,  100,  432,  847,  599,  208,  396,  704,  624,  518,  242,  658,  740,  603,  630,  815,  607,  934,  480,  786,  420,  438,  955,  907,  532],
        [  310,    0,  360,  675,  278,  533,  425,  432,  258,  638,  319,  353,  187,  314,  494,  450,  594,  108,  375,  417,  461,  326,  562,  475,  217,  519,  463,  254,  311,  467,  720,  464,  136,  575,  122,  287,  520,  471,   57,  325,  233,  605,  177,  579,    0,  281,  200,  711,  769,  338,  355,  568,  613,  541,  283,  706,  534,  323,  220,  337,  516,  340,  610,  447,  581,  224,  582,  359,  741,  359,  154,  506,  544,  286,  653,  127,  272,  586,  184,  686,  550,  276,  447,  413,  716,  522,  357,  330,  161,  588,  545,  237,   89,   52,  409,  306,  365,  543,  210,  405,  203,  389,  331,  544],
        [  185,    0,  306,  838,  144,  335,  702,  452,   55,  781,  502,  353,  267,  221,  388,  704,  723,  318,  102,  349,  729,   52,  672,  579,  445,  243,  622,  460,  586,  240,  888,  693,  415,  413,  402,  338,  299,  396,  227,   62,  446,  533,  390,  342,  281,    0,  322,  508,  908,  595,  635,  674,  489,  347,  519,  501,  254,  137,  130,  536,  545,   67,  782,  566,  774,   77,  454,  540,  629,  610,  142,  230,  330,  207,  572,  207,  533,  584,  463,  777,  352,  104,  674,  308,  523,  480,  549,  487,  179,  450,  636,  400,  340,  325,  636,  463,  606,  540,  471,  182,   98,  625,  605,  568],
        [  440,    0,  525,  867,  398,  644,  456,  621,  272,  834,  181,  533,   56,  459,  648,  596,  792,  104,  378,  254,  458,  343,  762,  674,  403,  504,  658,  151,  432,  557,  910,  634,  234,  442,  254,   95,  615,  635,  184,  382,  145,  775,  372,  662,  200,  322,    0,  821,  964,  317,  446,  767,  764,  434,  223,  815,  553,  273,  197,  526,  708,  352,  799,  647,  764,  245,  730,  553,  900,  515,  194,  540,  644,  433,  821,  291,  268,  774,  267,  885,  661,  250,  618,  271,  833,  698,  547,  528,  145,  732,  744,   80,  281,  183,  582,  504,  306,  731,  220,  349,  225,  321,  361,  736],
        [  402,    0,  394,  901,  435,  179, 1113,  473,  562,  824,  997,  449,  769,  403,  276,  979,  761,  791,  499,  830, 1162,  506,  697,  640,  748,  482,  749,  944,  936,  269,  947,  916,  837,  809,  809,  845,  210,  325,  677,  447,  927,  321,  702,  183,  711,  508,  821,    0,  910, 1047, 1006,  693,  210,  725,  990,   10,  386,  616,  637,  760,  507,  506,  879,  656,  910,  581,  209,  734,  264,  899,  629,  359,  179,  429,  308,  586,  981,  463,  880,  729,  162,  604,  899,  780,   33,  372,  757,  676,  677,  188,  646,  896,  717,  762,  872,  665, 1074,  449,  920,  602,  599, 1097, 1028,  506],
        [  751,    0,  639,  115,  777,  838,  818,  488,  930,  132, 1021,  573,  956,  713,  669,  495,  186,  862,  999, 1178,  897,  957,  241,  331,  564, 1114,  307,  953,  632,  880,  104,  398,  760, 1308,  727, 1055,  882,  623,  805,  900,  932,  591,  593,  939,  769,  908,  964,  910,    0,  893,  687,  240,  701, 1252,  926,  914, 1063, 1025,  943,  441,  416,  971,  182,  343,  244,  909,  707,  411,  699,  514,  873, 1019,  875,  714,  612,  731,  857,  447,  755,  184,  843,  976,  402, 1164,  887,  548,  419,  442,  908,  728,  285,  978,  684,  782,  423,  468,  957,  465,  839, 1089,  902,  979,  810,  410],
        [  646,    0,  682,  781,  615,  870,  155,  713,  556,  776,  200,  658,  364,  648,  818,  421,  757,  278,  673,  549,  142,  631,  752,  687,  384,  810,  618,  174,  262,  803,  812,  502,  214,  746,  248,  385,  856,  788,  378,  649,  174,  911,  397,  914,  338,  595,  317, 1047,  893,    0,  221,  760,  937,  748,   98, 1043,  846,  583,  491,  481,  778,  642,  712,  652,  656,  524,  908,  521, 1057,  380,  454,  824,  881,  620,  961,  462,   66,  860,  180,  875,  887,  550,  494,  578, 1051,  822,  502,  532,  425,  916,  756,  250,  342,  286,  470,  518,   65,  823,  128,  662,  501,   87,   90,  806],
        [  621,    0,  615,  573,  603,  839,  138,  599,  612,  578,  398,  571,  476,  609,  747,  203,  568,  362,  729,  699,  215,  681,  576,  528,  264,  873,  437,  347,   75,  795,  601,  290,  229,  886,  234,  535,  840,  708,  411,  675,  334,  809,  304,  904,  355,  635,  446, 1006,  687,  221,    0,  584,  859,  870,  287, 1003,  886,  668,  566,  314,  644,  694,  506,  492,  445,  578,  835,  356,  962,  179,  507,  855,  858,  584,  858,  448,  211,  729,  185,  693,  854,  625,  286,  715, 1003,  718,  333,  387,  500,  848,  590,  408,  304,  317,  269,  382,  285,  698,  233,  752,  557,  304,  131,  669],
        [  512,    0,  399,  208,  540,  605,  722,  249,  700,  132,  852,  334,  750,  474,  437,  433,   69,  669,  763,  962,  798,  722,    9,   97,  387,  875,  148,  782,  515,  641,  255,  333,  589, 1080,  553,  853,  645,  389,  595,  662,  760,  382,  401,  705,  568,  674,  767,  693,  240,  760,  584,    0,  486, 1020,  771,  696,  824,  796,  720,  279,  187,  735,  195,  121,  245,  682,  485,  239,  514,  407,  652,  780,  640,  476,  414,  510,  711,  242,  597,  120,  610,  748,  326,  943,  673,  323,  258,  243,  692,  507,   48,  793,  490,  591,  325,  265,  818,  246,  679,  856,  677,  843,  687,  189],
        [  325,    0,  256,  693,  369,  198,  979,  282,  542,  616,  924,  288,  718,  306,  120,  803,  554,  709,  522,  837, 1036,  509,  490,  439,  596,  562,  553,  863,  786,  293,  739,  731,  723,  865,  690,  810,  255,  152,  594,  438,  843,  113,  559,  285,  613,  489,  764,  210,  701,  937,  859,  486,    0,  784,  895,  214,  476,  621,  606,  584,  301,  515,  674,  459,  710,  549,   36,  553,  140,  731,  575,  436,  231,  333,  113,  489,  872,  254,  760,  520,  191,  593,  714,  794,  188,  168,  578,  498,  627,   46,  440,  829,  595,  662,  691,  493,  974,  241,  815,  635,  561,  998,  902,  298],
        [  524,    0,  648, 1176,  488,  595,  890,  797,  322, 1123,  576,  698,  395,  563,  705,  990, 1066,  508,  271,  219,  889,  303, 1017,  924,  749,  245,  959,  576,  842,  493, 1225, 1001,  643,   85,  649,  366,  540,  724,  488,  371,  575,  852,  699,  544,  541,  347,  434,  725, 1252,  748,  870, 1020,  784,    0,  652,  716,  341,  229,  325,  857,  890,  291, 1117,  909, 1102,  346,  751,  868,  918,  900,  397,  367,  571,  552,  883,  528,  702,  922,  686, 1123,  607,  279,  983,  174,  751,  812,  873,  821,  381,  740,  982,  499,  625,  563,  945,  795,  727,  880,  652,  165,  357,  737,  795,  912],
        [  590,    0,  641,  817,  555,  811,  249,  693,  476,  803,  112,  626,  274,  597,  776,  478,  776,  203,  590,  451,  238,  550,  764,  690,  385,  723,  636,   77,  309,  737,  852,  547,  188,  649,  225,  288,  792,  751,  313,  575,   79,  880,  384,  847,  283,  519,  223,  990,  926,   98,  287,  771,  895,  652,    0,  985,  764,  494,  407,  496,  766,  560,  747,  657,  697,  444,  864,  534, 1021,  421,  378,  746,  819,  569,  930,  409,   77,  844,  175,  889,  828,  465,  536,  481,  996,  794,  518,  533,  343,  871,  761,  154,  312,  233,  507,  515,   88,  804,   93,  572,  422,  108,  167,  794],
        [  397,    0,  392,  903,  430,  174, 1110,  474,  555,  827,  990,  448,  762,  399,  276,  978,  763,  785,  491,  822, 1158,  498,  699,  641,  746,  473,  750,  939,  934,  262,  950,  916,  833,  800,  805,  838,  203,  325,  672,  440,  921,  325,  700,  174,  706,  501,  815,   10,  914, 1043, 1003,  696,  214,  716,  985,    0,  377,  608,  630,  759,  509,  498,  881,  657,  911,  574,  211,  734,  271,  897,  623,  350,  172,  425,  314,  581,  977,  467,  876,  733,  157,  597,  898,  772,   41,  374,  757,  675,  671,  190,  649,  890,  713,  757,  871,  664, 1069,  452,  915,  594,  593, 1092, 1024,  509],
        [  323,    0,  425, 1013,  312,  279,  955,  577,  290,  946,  733,  492,  498,  358,  426,  939,  883,  568,  176,  478,  981,  215,  824,  737,  678,   97,  809,  700,  833,  194, 1063,  914,  668,  425,  654,  541,  221,  460,  481,  212,  689,  564,  623,  207,  534,  254,  553,  386, 1063,  846,  886,  824,  476,  341,  764,  377,    0,  290,  359,  750,  658,  204,  967,  735,  971,  322,  446,  745,  599,  846,  393,   45,  248,  364,  584,  445,  784,  665,  716,  906,  287,  304,  895,  423,  413,  549,  759,  686,  422,  431,  779,  633,  586,  578,  859,  664,  851,  629,  722,  243,  345,  869,  859,  674],
        [  321,    0,  441,  948,  279,  454,  710,  583,   97,  896,  449,  484,  220,  356,  523,  771,  841,  314,  122,  218,  723,  114,  793,  700,  523,  232,  730,  424,  632,  351,  997,  776,  439,  284,  439,  252,  409,  532,  267,  184,  415,  669,  472,  439,  323,  137,  273,  616, 1025,  583,  668,  796,  621,  229,  494,  608,  290,    0,  104,  629,  677,  111,  889,  684,  873,  117,  586,  640,  760,  679,  172,  286,  441,  341,  706,  299,  527,  719,  485,  903,  469,   51,  757,  174,  635,  615,  645,  592,  169,  580,  761,  352,  402,  353,  719,  567,  578,  675,  469,   84,  129,  594,  612,  701],
        [  286,    0,  395,  861,  241,  463,  612,  524,   77,  812,  378,  426,  141,  315,  498,  668,  760,  216,  184,  250,  630,  147,  716,  623,  424,  319,  643,  341,  528,  369,  908,  676,  337,  369,  335,  210,  428,  497,  164,  191,  330,  638,  375,  471,  220,  130,  197,  637,  943,  491,  566,  720,  606,  325,  407,  630,  359,  104,    0,  534,  617,  156,  799,  603,  780,   58,  571,  548,  745,  577,   73,  344,  459,  293,  680,  212,  432,  668,  384,  831,  480,   61,  658,  224,  651,  574,  551,  504,   68,  569,  687,  276,  301,  250,  620,  479,  493,  623,  373,  187,   48,  511,  514,  643],
