{
    "name": "random-58-21187",
    "comment": "size=58 seed=21187",
    "nodes": ["+0", "-0", "+1", "-1", "+2", "-2", "+3", "-3", "+4", "-4", "+5", "-5", "+6", "-6", "+7", "-7", "+8", "-8", "+9", "-9", "+10", "-10", "+11", "-11", "+12", "-12", "+13", "-13", "+14", "-14", "+15", "-15", "+16", "-16", "+17", "-17", "+18", "-18", "+19", "-19", "+20", "-20", "+21", "-21", "+22", "-22", "+23", "-23", "+24", "-24", "+25", "-25", "+26", "-26", "+27", "-27", "+28", "-28", "+29", "-29", "+30", "-30", "+31", "-31", "+32", "-32", "+33", "-33", "+34", "-34", "+35", "-35", "+36", "-36", "+37", "-37", "+38", "-38", "+39", "-39", "+40", "-40", "+41", "-41", "+42", "-42", "+43", "-43", "+44", "-44", "+45", "-45", "+46", "-46", "+47", "-47", "+48", "-48", "+49", "-49", "+50", "-50", "+51", "-51", "+52", "-52", "+53", "-53", "+54", "-54", "+55", "-55", "+56", "-56", "+57", "-57", "+58", "-58"],
    "precedence": {
        "+0": "-0",
        "+1": "-1",
        "+2": "-2",
        "+3": "-3",
        "+4": "-4",
        "+5": "-5",
        "+6": "-6",
        "+7": "-7",
        "+8": "-8",
        "+9": "-9",
        "+10": "-10",
        "+11": "-11",
        "+12": "-12",
        "+13": "-13",
        "+14": "-14",
        "+15": "-15",
        "+16": "-16",
        "+17": "-17",
        "+18": "-18",
        "+19": "-19",
        "+20": "-20",
        "+21": "-21",
        "+22": "-22",
        "+23": "-23",
        "+24": "-24",
        "+25": "-25",
        "+26": "-26",
        "+27": "-27",
        "+28": "-28",
        "+29": "-29",
        "+30": "-30",
        "+31": "-31",
        "+32": "-32",
        "+33": "-33",
        "+34": "-34",
        "+35": "-35",
        "+36": "-36",
        "+37": "-37",
        "+38": "-38",
        "+39": "-39",
        "+40": "-40",
        "+41": "-41",
        "+42": "-42",
        "+43": "-43",
        "+44": "-44",
        "+45": "-45",
        "+46": "-46",
        "+47": "-47",
        "+48": "-48",
        "+49": "-49",
        "+50": "-50",
        "+51": "-51",
        "+52": "-52",
        "+53": "-53",
        "+54": "-54",
        "+55": "-55",
        "+56": "-56",
        "+57": "-57",
        "+58": "-58"
    },
    "edges": [
        [    0,    0,  801,  696,   72,  561,  410,  848,  956,  492,  733,  593,  345,  865,  858, 1063,  830,  420,  578, 1006,  481,  637,  941,  760,  674,  467,  590,  712,  351,  741,  796,  416,  732,  742,  837,  577,  845,  839, 1036,  361,  506,  857, 1099,  805,  846,  953,  714,  924,  715,  843,   25,  450,  134,  871,  107,  640,  557,  271,  981,  849,  543,  961,  450,  317,  513,  947,  900,   76,  454,  475,  885,  615,  960, 1048, 1104,  808,  826, 1105,  895,  822,  841,  335,  950,  634,  580,  747,  894,  973,  627,  445,   52,  640,  685,  692, 1236, 1020,  501,  772,   14,  213,  905,  305,  934,  599,  828,  994,  616,  628,  747,  729,  831,  988, 1193,  730,  963,  870,  360, 1065],
        [    0,    0,    0,    0,    0,    0,    0,    0,    0,    0,    0,    0,    0,    0,    0,    0,    0,    0,    0,    0,    0,    0,    0,    0,    0,    0,    0,    0,    0,    0,    0,    0,    0,    0,    0,    0,    0,    0,    0,    0,    0,    0,    0,    0,    0,    0,    0,    0,    0,    0,    0,    0,    0,    0,    0,    0,    0,    0,    0,    0,    0,    0,    0,    0,    0,    0,    0,    0,    0,    0,    0,    0,    0,    0,    0,    0,    0,    0,    0,    0,    0,    0,    0,    0,    0,    0,    0,    0,    0,    0,    0,    0,    0,    0,    0,    0,    0,    0,    0,    0,    0,    0,    0,    0,    0,    0,    0,    0,    0,    0,    0,    0,    0,    0,    0,    0,    0,    0],
        [  801,    0,    0,  106,  851,  247,  393,   57,  491,  311,  794,  395,  734,   67,  525,  302,  333,  412,  406,  317,  422,  370,  166,  341,  377,  350,  239,  443,  544,  799,  511,  557,  396,  768,  782,  300,  768,  398,  336,  561,  348,  115,  365,  631,  168,  929,  125,  232,  426,  142,  778,  663,  824,  153,  852,  770,  504,  569,  192,   93,  644,  360,  502,  529,  605,  727,  613,  727,  349,  579,  503,  193,  280,  278,  316,  339,  130,  467,  471,   77,  535,  552,  670,  665,  348,   68,  864,  175,  417,  398,  844,  747,  544,  217,  507,  397,  385,  695,  812,  617,  349,  533,  743,  365,  445,  445,  435,  803,  209,  140,   78,  205,  437,  819,  166,  777,  539,  351],
        [  696,    0,  106,    0,  745,  148,  287,  157,  498,  206,  730,  338,  636,  172,  504,  389,  328,  316,  345,  377,  341,  323,  256,  312,  323,  246,  142,  396,  451,  736,  477,  462,  356,  707,  733,  227,  722,  387,  401,  462,  261,  182,  443,  590,  220,  883,   76,  286,  380,  201,  673,  573,  719,  222,  746,  697,  426,  465,  290,  175,  563,  393,  409,  431,  522,  701,  591,  622,  243,  491,  491,   90,  334,  369,  414,  344,  170,  519,  465,  139,  509,  458,  650,  596,  269,   69,  816,  278,  368,  305,  738,  674,  487,  183,  587,  440,  291,  643,  707,  514,  365,  434,  712,  292,  426,  470,  383,  727,  186,  108,  156,  300,  524,  753,  268,  733,  447,  422],
        [   72,    0,  851,  745,    0,  615,  458,  899,  972,  540,  712,  661,  323,  916,  867, 1103,  855,  481,  646, 1039,  547,  704,  985,  784,  695,  509,  632,  726,  420,  719,  805,  424,  751,  723,  822,  639,  832,  859, 1070,  374,  568,  900, 1135,  803,  904,  930,  758,  961,  731,  900,   93,  439,   88,  927,   44,  618,  566,  299, 1026,  902,  534,  988,  465,  384,  509,  941,  903,  129,  503,  476,  897,  661,  994, 1090, 1148,  873,  866, 1131,  911,  866,  849,  404,  950,  624,  608,  799,  873, 1020,  695,  508,   25,  620,  689,  752, 1270, 1047,  529,  762,   59,  281,  931,  370,  927,  624,  844, 1016,  685,  602,  782,  770,  884, 1032, 1231,  706, 1010,  856,  429, 1100],
        [  561,    0,  247,  148,  615,    0,  165,  289,  598,   98,  728,  237,  555,  308,  574,  537,  428,  168,  238,  517,  204,  241,  403,  390,  365,  160,  143,  440,  304,  735,  534,  401,  414,  710,  755,  120,  748,  477,  543,  383,  122,  328,  589,  629,  296,  907,  199,  427,  428,  288,  538,  519,  599,  315,  621,  677,  412,  355,  436,  288,  534,  518,  357,  284,  487,  757,  656,  488,  125,  448,  572,  106,  473,  516,  561,  336,  311,  653,  555,  286,  573,  310,  717,  587,  272,  187,  838,  422,  277,  158,  606,  657,  508,  167,  733,  570,  251,  664,  573,  370,  481,  287,  763,  304,  503,  587,  287,  700,  290,  228,  270,  447,  672,  746,  412,  764,  300,  566],
        [  410,    0,  393,  287,  458,  165,    0,  442,  623,   82,  629,  323,  399,  458,  564,  657,  468,  134,  316,  611,  231,  349,  532,  409,  348,   76,  188,  413,  245,  637,  511,  266,  407,  617,  681,  237,  678,  498,  641,  234,  183,  449,  698,  578,  461,  828,  306,  525,  407,  452,  388,  383,  436,  479,  461,  564,  325,  191,  571,  448,  420,  585,  237,  196,  371,  719,  633,  336,   45,  326,  574,  206,  565,  641,  695,  483,  420,  728,  569,  412,  556,  243,  693,  490,  238,  342,  760,  563,  368,  154,  452,  547,  447,  325,  839,  642,  172,  592,  421,  246,  535,  190,  718,  269,  507,  636,  370,  580,  356,  324,  429,  578,  789,  643,  553,  697,  246,  668],
        [  848,    0,   57,  157,  899,  289,  442,    0,  524,  361,  847,  409,  789,   23,  568,  288,  372,  450,  421,  324,  450,  379,  156,  388,  430,  403,  294,  494,  577,  852,  557,  613,  445,  820,  831,  325,  817,  439,  339,  616,  379,  136,  356,  679,  134,  977,  181,  247,  476,  108,  825,  719,  875,  110,  902,  825,  559,  621,  168,   50,  699,  382,  558,  568,  661,  770,  655,  774,  397,  635,  543,  246,  294,  261,  286,  321,  165,  476,  509,  112,  579,  587,  711,  720,  404,  102,  913,  143,  425,  433,  891,  801,  597,  227,  495,  413,  441,  745,  859,  658,  379,  573,  787,  420,  488,  470,  444,  858,  258,  194,   46,  186,  418,  872,  136,  825,  572,  350],
        [  956,    0,  491,  498,  972,  598,  623,  524,    0,  572,  502,  826,  703,  511,  135,  392,  172,  731,  831,  268,  798,  818,  412,  215,  285,  547,  463,  247,  863,  504,  187,  551,  225,  468,  421,  709,  400,  126,  285,  599,  717,  389,  352,  279,  656,  532,  422,  293,  242,  629,  939,  579,  906,  634,  951,  540,  411,  687,  447,  573,  498,  163,  508,  818,  495,  288,  184,  886,  598,  511,   90,  492,  264,  409,  478,  828,  362,  222,   62,  416,  159,  863,  217,  445,  391,  534,  484,  479,  861,  736,  978,  517,  314,  680,  411,  181,  469,  369,  961,  857,  146,  812,  314,  365,  128,   92,  875,  582,  314,  390,  564,  429,  435,  533,  474,  394,  863,  311],
        [  492,    0,  311,  206,  540,   98,   82,  361,  572,    0,  643,  305,  458,  376,  528,  578,  409,  160,  302,  537,  237,  320,  451,  358,  311,   64,  116,  383,  293,  650,  481,  304,  368,  627,  680,  199,  674,  447,  566,  286,  167,  369,  621,  563,  388,  830,  227,  450,  374,  377,  469,  423,  515,  403,  541,  587,  328,  265,  490,  369,  443,  519,  263,  255,  396,  698,  604,  417,   38,  354,  533,  125,  492,  561,  613,  432,  341,  660,  523,  331,  523,  294,  665,  502,  206,  262,  761,  482,  349,  167,  533,  568,  436,  265,  763,  575,  165,  589,  502,  321,  473,  252,  701,  239,  464,  576,  355,  608,  287,  247,  350,  497,  711,  660,  472,  692,  292,  593],
        [  733,    0,  794,  730,  712,  728,  629,  847,  502,  643,    0,  945,  391,  846,  370,  851,  526,  761,  941,  733,  860,  962,  811,  476,  418,  582,  604,  359,  842,    8,  335,  378,  412,   35,  126,  841,  144,  473,  758,  431,  804,  745,  833,  224,  948,  221,  673,  709,  377,  926,  728,  291,  626,  943,  674,   95,  316,  541,  857,  886,  216,  630,  394,  781,  262,  293,  332,  691,  639,  310,  416,  662,  707,  858,  932, 1056,  702,  724,  456,  744,  346,  833,  341,  141,  466,  796,  162,  877,  990,  783,  729,   95,  252,  883,  912,  670,  479,  134,  732,  756,  578,  767,  266,  440,  421,  590,  994,  121,  592,  654,  869,  847,  925,   31,  868,  167,  847,  789],
        [  593,    0,  395,  338,  661,  237,  323,  409,  826,  305,  945,    0,  708,  431,  810,  694,  655,  207,   17,  707,  116,   47,  559,  624,  600,  364,  379,  675,  246,  953,  770,  589,  650,  931,  984,  118,  978,  708,  729,  555,  142,  505,  759,  862,  328, 1135,  409,  618,  664,  341,  570,  706,  675,  364,  681,  885,  632,  485,  577,  378,  740,  730,  557,  278,  692,  993,  892,  535,  307,  648,  806,  337,  667,  669,  692,  220,  503,  853,  787,  462,  809,  262,  953,  805,  504,  330, 1066,  550,   45,  179,  644,  867,  739,  183,  901,  776,  469,  893,  606,  381,  700,  292,  998,  537,  738,  806,   51,  903,  513,  441,  369,  594,  826,  961,  543,  995,  237,  746],
        [  345,    0,  734,  636,  323,  555,  399,  789,  703,  458,  391,  708,    0,  799,  583,  921,  623,  502,  698,  832,  600,  740,  827,  550,  457,  399,  496,  462,  531,  398,  522,  182,  500,  401,  500,  635,  511,  607,  862,  175,  575,  743,  935,  495,  842,  609,  616,  769,  472,  828,  342,  128,  237,  853,  286,  297,  299,  225,  874,  810,  221,  758,  239,  471,  210,  628,  603,  311,  433,  195,  620,  547,  791,  915,  983,  881,  702,  892,  642,  720,  562,  518,  645,  307,  407,  703,  552,  879,  752,  530,  339,  298,  397,  721, 1055,  814,  351,  445,  343,  411,  697,  455,  611,  407,  579,  764,  750,  284,  596,  615,  791,  873, 1034,  385,  868,  535,  538,  895],
        [  865,    0,   67,  172,  916,  308,  458,   23,  511,  376,  846,  431,  799,    0,  560,  265,  364,  470,  444,  305,  471,  401,  135,  383,  429,  416,  304,  491,  598,  852,  552,  621,  442,  819,  828,  346,  813,  430,  319,  627,  400,  123,  334,  675,  151,  972,  187,  230,  474,  125,  842,  726,  890,  124,  917,  827,  563,  635,  146,   67,  703,  366,  566,  588,  666,  762,  647,  791,  413,  641,  534,  260,  276,  239,  264,  340,  156,  457,  499,  105,  572,  607,  701,  721,  409,  121,  909,  121,  448,  454,  908,  803,  596,  249,  472,  395,  450,  742,  876,  677,  366,  592,  779,  424,  481,  455,  466,  861,  256,  196,   67,  164,  396,  872,  113,  821,  593,  329],
        [  858,    0,  525,  504,  867,  574,  564,  568,  135,  528,  370,  810,  583,  560,    0,  496,  198,  685,  812,  373,  763,  809,  486,  192,  218,  490,  432,  154,  808,  372,   63,  444,  161,  336,  299,  692,  279,  131,  395,  497,  687,  441,  469,  149,  693,  426,  430,  371,  158,  667,  843,  457,  796,  677,  842,  406,  302,  595,  528,  615,  371,  267,  409,  758,  373,  203,   88,  792,  547,  396,   47,  474,  356,  508,  581,  847,  405,  355,   87,  457,   25,  806,  147,  312,  327,  554,  371,  555,  849,  694,  875,  382,  187,  685,  542,  302,  396,  238,  862,  782,  223,  749,  220,  296,   80,  220,  860,  448,  322,  401,  602,  513,  558,  401,  548,  279,  809,  425],
        [ 1063,    0,  302,  389, 1103,  537,  657,  288,  392,  578,  851,  694,  921,  265,  496,    0,  328,  704,  706,  124,  723,  665,  137,  390,  475,  596,  473,  505,  839,  854,  518,  740,  452,  818,  794,  601,  775,  379,  110,  765,  646,  210,   75,  640,  403,  919,  351,  153,  488,  379, 1041,  820, 1061,  368, 1096,  861,  637,  807,  123,  327,  769,  232,  684,  819,  744,  679,  569,  988,  615,  735,  455,  454,  145,   30,   87,  595,  238,  237,  413,  251,  517,  846,  608,  753,  516,  369,  866,  157,  712,  693, 1100,  836,  611,  513,  207,  218,  584,  725, 1072,  897,  275,  820,  703,  514,  432,  306,  731,  901,  328,  334,  331,  103,  136,  880,  160,  774,  835,   93],
        [  830,    0,  333,  328,  855,  428,  468,  372,  172,  409,  526,  655,  623,  364,  198,  328,    0,  567,  660,  217,  630,  647,  293,   74,  167,  393,  296,  179,  702,  530,  199,  450,  128,  494,  481,  539,  464,   67,  246,  489,  549,  244,  322,  325,  500,  618,  252,  184,  163,  474,  811,  510,  798,  482,  840,  534,  327,  560,  337,  420,  448,  136,  399,  661,  429,  399,  284,  757,  438,  430,  171,  322,  184,  333,  407,  663,  208,  277,  140,  262,  211,  703,  339,  427,  250,  369,  559,  361,  690,  570,  858,  509,  284,  511,  433,  194,  331,  404,  837,  709,   76,  656,  417,  232,  119,  169,  704,  574,  143,  221,  409,  324,  420,  555,  354,  468,  701,  279],
        [  420,    0,  412,  316,  481,  168,  134,  450,  731,  160,  761,  207,  502,  470,  685,  704,  567,    0,  196,  680,  101,  241,  570,  517,  468,  198,  272,  537,  139,  769,  636,  392,  525,  750,  814,  158,  811,  606,  707,  353,   87,  495,  756,  709,  429,  962,  362,  590,  529,  429,  396,  506,  483,  456,  495,  693,  458,  279,  603,  441,  550,  671,  368,  118,  502,  848,  758,  352,  139,  456,  691,  260,  635,  684,  727,  399,  476,  810,  682,  454,  679,  144,  819,  623,  359,  349,  893,  587,  250,   29,  468,  678,  579,  272,  899,  726,  303,  725,  432,  214,  628,  124,  848,  392,  623,  733,  248,  708,  439,  387,  425,  614,  839,  774,  578,  830,  136,  731],
        [  578,    0,  406,  345,  646,  238,  316,  421,  831,  302,  941,   17,  698,  444,  812,  706,  660,  196,    0,  716,  102,   63,  570,  627,  601,  360,  381,  676,  230,  948,  771,  582,  652,  926,  981,  122,  976,  712,  738,  546,  137,  515,  770,  861,  343, 1132,  416,  627,  664,  355,  555,  698,  661,  379,  667,  879,  629,  474,  589,  392,  734,  737,  551,  263,  686,  993,  893,  520,  302,  641,  809,  340,  676,  680,  705,  236,  512,  862,  790,  472,  811,  246,  954,  800,  503,  340, 1063,  563,   54,  169,  629,  862,  737,  195,  912,  784,  466,  890,  591,  366,  706,  278,  998,  536,  740,  812,   54,  896,  519,  447,  382,  606,  838,  956,  556,  993,  221,  756],
        [ 1006,    0,  317,  377, 1039,  517,  611,  324,  268,  537,  733,  707,  832,  305,  373,  124,  217,  680,  716,    0,  716,  685,  176,  286,  377,  543,  424,  395,  818,  736,  399,  654,  345,  700,  672,  602,  652,  261,   31,  685,  636,  203,  105,  519,  455,  795,  319,   91,  380,  429,  985,  724,  990,  424, 1028,  748,  539,  741,  196,  372,  664,  108,  599,  789,  644,  555,  446,  931,  573,  641,  331,  420,   46,  141,  210,  644,  208,  152,  289,  245,  395,  823,  484,  642,  437,  379,  743,  232,  732,  674, 1039,  723,  499,  532,  231,  101,  512,  605, 1014,  857,  156,  788,  579,  428,  313,  184,  749,  788,  259,  293,  369,  175,  204,  762,  229,  651,  815,   64],
        [  481,    0,  422,  341,  547,  204,  231,  450,  798,  237,  860,  116,  600,  471,  763,  723,  630,  101,  102,  716,    0,  158,  587,  587,  548,  287,  337,  620,  141,  867,  718,  493,  603,  848,  909,  126,  905,  675,  741,  453,   82,  520,  782,  798,  399, 1058,  401,  625,  610,  405,  457,  607,  560,  431,  567,  793,  553,  375,  613,  430,  650,  722,  467,  164,  602,  935,  841,  421,  227,  555,  766,  310,  673,  700,  735,  328,  509,  855,  752,  477,  759,  155,  902,  721,  443,  356,  989,  592,  155,   78,  531,  778,  670,  239,  926,  773,  394,  819,  493,  268,  684,  178,  937,  476,  697,  790,  151,  808,  493,  430,  417,  627,  858,  874,  584,  924,  134,  762],
        [  637,    0,  370,  323,  704,  241,  349,  379,  818,  320,  962,   47,  740,  401,  809,  665,  647,  241,   63,  685,  158,    0,  531,  620,  604,  382,  382,  679,  292,  969,  772,  613,  651,  946,  995,  123,  988,  703,  706,  582,  167,  482,  732,  869,  289, 1147,  398,  597,  667,  303,  614,  731,  716,  326,  724,  905,  647,  518,  546,  345,  761,  714,  578,  321,  713,  996,  893,  578,  327,  669,  803,  335,  646,  639,  659,  174,  485,  833,  781,  440,  810,  307,  954,  822,  513,  307, 1078,  518,   47,  213,  688,  887,  749,  154,  872,  759,  484,  904,  650,  424,  688,  334, 1003,  544,  735,  793,   66,  925,  505,  429,  337,  564,  796,  979,  512, 1004,  283,  721],
        [  941,    0,  166,  256,  985,  403,  532,  156,  412,  451,  811,  559,  827,  135,  486,  137,  293,  570,  570,  176,  587,  531,    0,  335,  406,  476,  354,  452,  705,  815,  492,  645,  399,  781,  773,  465,  756,  356,  187,  663,  511,   86,  202,  617,  282,  910,  228,  120,  435,  256,  919,  737,  949,  250,  981,  806,  560,  693,   49,  200,  698,  255,  588,  686,  667,  684,  569,  866,  489,  651,  452,  327,  155,  114,  164,  473,  126,  326,  413,  120,  502,  712,  618,  698,  421,  233,  851,   69,  578,  558,  980,  781,  561,  378,  342,  272,  480,  694,  951,  768,  271,  689,  705,  426,  411,  343,  596,  844,  236,  217,  201,   48,  272,  839,   62,  760,  700,  195],
        [  760,    0,  341,  312,  784,  390,  409,  388,  215,  358,  476,  624,  550,  383,  192,  390,   74,  517,  627,  286,  587,  620,  335,    0,   93,  333,  251,  118,  648,  481,  171,  377,   65,  446,  446,  506,  431,   90,  316,  416,  507,  272,  391,  293,  506,  590,  238,  240,  101,  481,  741,  439,  725,  493,  767,  475,  255,  490,  382,  432,  380,  209,  325,  604,  359,  391,  279,  688,  383,  357,  183,  287,  249,  392,  465,  655,  230,  349,  166,  278,  198,  648,  339,  367,  182,  364,  527,  402,  661,  523,  787,  450,  227,  494,  505,  267,  262,  363,  766,  646,  149,  598,  404,  161,  115,  235,  673,  514,  133,  210,  418,  372,  489,  504,  393,  438,  648,  349],
        [  674,    0,  377,  323,  695,  365,  348,  430,  285,  311,  418,  600,  457,  429,  218,  475,  167,  468,  601,  377,  548,  604,  406,   93,    0,  274,  222,   76,  592,  423,  171,  284,   61,  391,  410,  484,  399,  165,  407,  325,  473,  333,  481,  269,  535,  561,  258,  323,   64,  512,  657,  348,  635,  528,  677,  402,  163,  404,  454,  469,  295,  302,  234,  543,  269,  393,  294,  604,  330,  265,  228,  272,  338,  474,  547,  663,  289,  441,  227,  328,  212,  590,  355,  295,  111,  385,  494,  469,  641,  478,  699,  378,  168,  494,  598,  360,  185,  321,  680,  574,  242,  535,  399,   81,  162,  321,  651,  439,  176,  238,  453,  447,  580,  444,  459,  411,  593,  440],
        [  467,    0,  350,  246,  509,  160,   76,  403,  547,   64,  582,  364,  399,  416,  490,  596,  393,  198,  360,  543,  287,  382,  476,  333,  274,    0,  124,  340,  319,  589,  439,  241,  333,  567,  623,  262,  619,  422,  573,  226,  224,  392,  633,  512,  443,  773,  249,  459,  334,  431,  445,  360,  475,  456,  506,  524,  269,  220,  518,  417,  380,  512,  199,  271,  332,  651,  562,  392,   61,  290,  500,  157,  497,  582,  640,  495,  359,  655,  494,  358,  483,  317,  622,  441,  164,  309,  704,  514,  409,  212,  505,  506,  383,  327,  772,  570,  107,  533,  477,  318,  461,  265,  652,  196,  432,  561,  414,  545,  286,  262,  398,  523,  726,  598,  504,  637,  320,  601],
        [  590,    0,  239,  142,  632,  143,  188,  294,  463,  116,  604,  379,  496,  304,  432,  473,  296,  272,  381,  424,  337,  382,  354,  251,  222,  124,    0,  298,  407,  610,  392,  321,  272,  583,  621,  262,  612,  339,  453,  323,  257,  269,  512,  488,  359,  772,  128,  338,  285,  341,  568,  431,  596,  364,  628,  563,  292,  339,  397,  316,  426,  403,  267,  371,  383,  615,  513,  515,  150,  350,  431,   59,  378,  459,  517,  454,  236,  544,  416,  237,  430,  410,  574,  466,  138,  211,  704,  394,  419,  274,  628,  541,  372,  280,  652,  459,  150,  529,  600,  433,  358,  368,  621,  167,  362,  462,  430,  591,  171,  139,  297,  401,  604,  625,  384,  626,  406,  481],
        [  712,    0,  443,  396,  726,  440,  413,  494,  247,  383,  359,  675,  462,  491,  154,  505,  179,  537,  676,  395,  620,  679,  452,  118,   76,  340,  298,    0,  657,  364,   99,  304,   54,  330,  340,  559,  327,  147,  423,  353,  546,  386,  500,  194,  604,  489,  328,  356,   18,  581,  696,  342,  659,  595,  704,  358,  165,  445,  499,  535,  272,  305,  262,  606,  258,  318,  222,  644,  399,  267,  174,  348,  362,  508,  582,  738,  343,  433,  186,  388,  144,  654,  283,  250,  178,  456,  423,  519,  716,  548,  732,  333,  109,  569,  604,  358,  244,  252,  716,  629,  246,  597,  324,  146,  120,  303,  726,  397,  236,  305,  520,  490,  597,  387,  509,  338,  658,  456],
        [  351,    0,  544,  451,  420,  304,  245,  577,  863,  293,  842,  246,  531,  598,  808,  839,  702,  139,  230,  818,  141,  292,  705,  648,  592,  319,  407,  657,    0,  849,  755,  464,  651,  835,  909,  261,  908,  737,  845,  414,  198,  631,  892,  817,  538, 1052,  500,  728,  651,  542,  328,  566,  446,  568,  445,  765,  557,  313,  735,  563,  627,  809,  455,   62,  581,  960,  877,  299,  265,  533,  818,  399,  773,  818,  859,  465,  613,  948,  811,  589,  800,   17,  937,  708,  482,  479,  984,  717,  277,  147,  402,  753,  686,  377, 1036,  864,  415,  823,  364,  143,  765,   77,  958,  513,  750,  868,  266,  772,  576,  525,  548,  747,  975,  851,  708,  929,   10,  869],
        [  741,    0,  799,  736,  719,  735,  637,  852,  504,  650,    8,  953,  398,  852,  372,  854,  530,  769,  948,  736,  867,  969,  815,  481,  423,  589,  610,  364,  849,    0,  338,  386,  417,   37,  122,  848,  141,  476,  761,  439,  812,  750,  836,  225,  954,  213,  678,  713,  382,  932,  735,  298,  633,  949,  681,  102,  323,  548,  862,  891,  223,  633,  401,  789,  270,  290,  333,  698,  647,  317,  418,  668,  710,  862,  936, 1063,  707,  726,  458,  750,  348,  840,  340,  148,  472,  802,  155,  882,  997,  790,  736,  102,  257,  889,  913,  672,  486,  135,  739,  763,  581,  775,  264,  446,  424,  592, 1002,  126,  597,  660,  874,  851,  927,   30,  873,  163,  854,  792],
        [  796,    0,  511,  477,  805,  534,  511,  557,  187,  481,  335,  770,  522,  552,   63,  518,  199,  636,  771,  399,  718,  772,  492,  171,  171,  439,  392,   99,  755,  338,    0,  382,  123,  302,  282,  653,  265,  140,  424,  435,  643,  437,  499,  126,  677,  422,  406,  382,  108,  652,  781,  396,  734,  664,  780,  359,  240,  534,  536,  602,  312,  296,  347,  704,  312,  225,  124,  731,  497,  334,  100,  439,  375,  527,  601,  821,  398,  400,  130,  447,   46,  752,  185,  260,  277,  533,  361,  560,  810,  647,  813,  335,  127,  655,  584,  339,  342,  207,  800,  725,  244,  695,  235,  244,   87,  264,  821,  401,  303,  379,  588,  523,  592,  365,  552,  270,  757,  455],
        [  416,    0,  557,  462,  424,  401,  266,  613,  551,  304,  378,  589,  182,  621,  444,  740,  450,  392,  582,  654,  493,  613,  645,  377,  284,  241,  321,  304,  464,  386,  382,    0,  334,  373,  453,  497,  456,  443,  685,   58,  448,  562,  757,  393,  675,  591,  436,  588,  311,  659,  403,  119,  355,  683,  400,  303,  142,  170,  692,  636,  163,  586,   58,  403,  118,  538,  485,  354,  288,   70,  474,  375,  612,  734,  802,  736,  520,  724,  489,  540,  426,  455,  536,  248,  225,  530,  525,  698,  634,  416,  431,  290,  270,  568,  880,  644,  173,  375,  419,  384,  526,  389,  528,  227,  423,  601,  635,  316,  414,  435,  617,  691,  856,  388,  687,  479,  469,  717],
        [  732,    0,  396,  356,  751,  414,  407,  445,  225,  368,  412,  650,  500,  442,  161,  452,  128,  525,  652,  345,  603,  651,  399,   65,   61,  333,  272,   54,  651,  417,  123,  334,    0,  383,  387,  533,  373,  110,  374,  378,  526,  334,  450,  236,  559,  534,  285,  304,   36,  535,  715,  385,  688,  548,  731,  411,  202,  463,  446,  488,  320,  260,  287,  602,  302,  347,  242,  662,  388,  306,  168,  317,  310,  455,  529,  700,  292,  392,  167,  338,  159,  649,  303,  303,  170,  413,  469,  466,  690,  534,  755,  386,  163,  533,  558,  315,  246,  302,  738,  635,  199,  595,  357,  142,  102,  267,  700,  450,  187,  260,  473,  436,  548,  440,  457,  382,  652,  407],
        [  742,    0,  768,  707,  723,  710,  617,  820,  468,  627,   35,  931,  401,  819,  336,  818,  494,  750,  926,  700,  848,  946,  781,  446,  391,  567,  583,  330,  835,   37,  302,  373,  383,    0,  102,  824,  118,  440,  725,  428,  790,  716,  800,  189,  923,  219,  647,  678,  348,  901,  735,  294,  638,  918,  687,  112,  299,  539,  827,  860,  212,  597,  384,  775,  256,  263,  298,  696,  625,  304,  382,  640,  675,  826,  900, 1036,  673,  690,  422,  717,  312,  827,  309,  128,  445,  772,  154,  847,  975,  771,  739,  104,  224,  862,  878,  636,  462,  100,  741,  754,  545,  761,  237,  417,  388,  556,  980,  145,  564,  628,  843,  816,  891,   65,  839,  142,  840,  756],
        [  837,    0,  782,  733,  822,  755,  681,  831,  421,  680,  126,  984,  500,  828,  299,  794,  481,  814,  981,  672,  909,  995,  773,  446,  410,  623,  621,  340,  909,  122,  282,  453,  387,  102,    0,  873,   23,  420,  694,  510,  846,  717,  766,  156,  944,  152,  668,  663,  357,  920,  830,  388,  737,  934,  786,  214,  357,  623,  817,  874,  299,  565,  454,  850,  338,  174,  239,  789,  683,  384,  342,  676,  652,  805,  878, 1071,  676,  641,  384,  724,  278,  901,  232,  207,  484,  794,   84,  842, 1027,  832,  837,  205,  249,  899,  830,  597,  516,   92,  837,  837,  520,  837,  145,  454,  365,  512, 1034,  245,  574,  644,  859,  804,  853,  149,  833,   42,  913,  723],
        [  577,    0,  300,  227,  639,  120,  237,  325,  709,  199,  841,  118,  635,  346,  692,  601,  539,  158,  122,  602,  126,  123,  465,  506,  484,  262,  262,  559,  261,  848,  653,  497,  533,  824,  873,    0,  866,  591,  626,  470,   71,  403,  662,  748,  278, 1024,  296,  512,  547,  282,  553,  616,  638,  308,  652,  785,  525,  418,  489,  305,  641,  617,  460,  266,  593,  876,  774,  510,  210,  551,  688,  220,  560,  577,  610,  248,  396,  745,  669,  359,  692,  273,  836,  700,  390,  233,  955,  467,  158,  132,  625,  766,  626,  118,  805,  666,  363,  782,  589,  368,  586,  276,  882,  422,  620,  692,  168,  806,  397,  327,  291,  504,  736,  858,  459,  882,  254,  645],
        [  845,    0,  768,  722,  832,  748,  678,  817,  400,  674,  144,  978,  511,  813,  279,  775,  464,  811,  976,  652,  905,  988,  756,  431,  399,  619,  612,  327,  908,  141,  265,  456,  373,  118,   23,  866,    0,  402,  674,  513,  841,  701,  746,  140,  931,  162,  655,  645,  344,  907,  837,  395,  747,  921,  796,  229,  354,  626,  800,  861,  305,  545,  454,  850,  342,  152,  217,  796,  679,  387,  322,  667,  634,  786,  859, 1061,  661,  619,  364,  709,  259,  901,  210,  213,  477,  782,   97,  825, 1021,  829,  846,  218,  241,  890,  809,  577,  512,   86,  845,  840,  501,  837,  124,  446,  347,  491, 1028,  262,  560,  632,  845,  786,  833,  169,  817,   25,  912,  703],
        [  839,    0,  398,  387,  859,  477,  498,  439,  126,  447,  473,  708,  607,  430,  131,  379,   67,  606,  712,  261,  675,  703,  356,   90,  165,  422,  339,  147,  737,  476,  140,  443,  110,  440,  420,  591,  402,    0,  287,  487,  595,  311,  363,  264,  566,  554,  311,  244,  136,  540,  821,  489,  797,  548,  840,  489,  309,  569,  399,  487,  417,  162,  396,  693,  405,  333,  218,  768,  473,  413,  106,  372,  235,  387,  461,  726,  275,  286,   79,  328,  146,  737,  272,  384,  267,  432,  496,  425,  744,  612,  863,  464,  242,  570,  459,  212,  346,  347,  845,  733,  106,  687,  351,  243,   55,  158,  757,  530,  202,  281,  475,  385,  458,  503,  418,  404,  737,  319],
        [ 1036,    0,  336,  401, 1070,  543,  641,  339,  285,  566,  758,  729,  862,  319,  395,  110,  246,  707,  738,   31,  741,  706,  187,  316,  407,  573,  453,  423,  845,  761,  424,  685,  374,  725,  694,  626,  674,  287,    0,  716,  661,  224,   77,  542,  468,  814,  346,  118,  408,  442, 1015,  754, 1021,  436, 1059,  775,  569,  771,  200,  385,  694,  129,  630,  817,  674,  572,  465,  961,  602,  671,  352,  448,   76,  131,  195,  659,  233,  141,  310,  267,  417,  850,  501,  669,  467,  400,  763,  236,  752,  700, 1069,  750,  526,  552,  201,  108,  542,  629, 1044,  886,  182,  816,  597,  459,  338,  197,  770,  816,  289,  321,  385,  178,  174,  788,  235,  672,  842,   33],
        [  361,    0,  561,  462,  374,  383,  234,  616,  599,  286,  431,  555,  175,  627,  497,  765,  489,  353,  546,  685,  453,  582,  663,  416,  325,  226,  323,  353,  414,  439,  435,   58,  378,  428,  510,  470,  513,  487,  716,    0,  416,  578,  786,  451,  668,  646,  446,  615,  357,  654,  347,  155,  310,  679,  353,  352,  196,  113,  709,  636,  217,  623,   92,  353,  173,  595,  540,  298,  264,  127,  525,  373,  642,  757,  822,  714,  538,  764,  538,  552,  480,  404,  592,  304,  250,  529,  580,  711,  599,  379,  380,  340,  326,  550,  914,  682,  183,  432,  366,  327,  564,  338,  586,  259,  471,  645,  599,  360,  437,  448,  617,  709,  884,  438,  701,  536,  419,  748],
        [  506,    0,  348,  261,  568,  122,  183,  379,  717,  167,  804,  142,  575,  400,  687,  646,  549,   87,  137,  636,   82,  167,  511,  507,  473,  224,  257,  546,  198,  812,  643,  448,  526,  790,  846,   71,  841,  595,  661,  416,    0,  442,  703,  729,  346,  996,  320,  545,  536,  347,  482,  566,  569,  374,  582,  743,  492,  355,  539,  365,  599,  640,  416,  197,  551,  863,  766,  439,  166,  506,  688,  228,  592,  624,  662,  314,  428,  773,  673,  399,  684,  209,  827,  664,  371,  282,  927,  520,  187,   62,  555,  726,  603,  187,  847,  692,  330,  755,  519,  298,  603,  206,  866,  404,  619,  709,  190,  761,  412,  349,  350,  552,  782,  820,  511,  858,  193,  682],
        [  857,    0,  115,  182,  900,  328,  449,  136,  389,  369,  745,  505,  743,  123,  441,  210,  244,  495,  515,  203,  520,  482,   86,  272,  333,  392,  269,  386,  631,  750,  437,  562,  334,  716,  717,  403,  701,  311,  224,  578,  442,    0,  262,  562,  269,  859,  144,  117,  369,  242,  835,  656,  863,  245,  896,  734,  482,  607,  131,  185,  621,  248,  505,  610,  588,  643,  528,  782,  407,  570,  413,  245,  166,  192,  248,  451,   45,  353,  377,   44,  455,  638,  581,  627,  339,  176,  797,  139,  529,  486,  896,  710,  494,  330,  406,  283,  395,  635,  867,  688,  244,  611,  661,  346,  363,  335,  546,  771,  158,  132,  178,  133,  345,  772,  129,  707,  628,  243],
        [ 1099,    0,  365,  443, 1135,  589,  698,  356,  352,  621,  833,  759,  935,  334,  469,   75,  322,  756,  770,  105,  782,  732,  202,  391,  481,  633,  512,  500,  892,  836,  499,  757,  450,  800,  766,  662,  746,  363,   77,  786,  703,  262,    0,  616,  476,  884,  396,  175,  484,  452, 1078,  828, 1089,  441, 1126,  851,  644,  837,  196,  397,  769,  204,  702,  868,  749,  640,  535, 1024,  658,  745,  425,  500,  145,  105,  144,  668,  281,  171,  383,  305,  491,  899,  568,  745,  537,  431,  834,  230,  779,  747, 1134,  826,  603,  579,  145,  172,  610,  704, 1108,  942,  258,  869,  666,  530,  413,  262,  797,  892,  354,  375,  400,  175,   99,  863,  233,  744,  889,   45],
        [  805,    0,  631,  590,  803,  629,  578,  679,  279,  563,  224,  862,  495,  675,  149,  640,  325,  709,  861,  519,  798,  869,  617,  293,  269,  512,  488,  194,  817,  225,  126,  393,  236,  189,  156,  748,  140,  264,  542,  451,  729,  562,  616,    0,  795,  298,  521,  507,  210,  771,  793,  369,  724,  784,  773,  270,  265,  560,  662,  723,  274,  413,  376,  762,  294,  146,  117,  747,  573,  331,  194,  540,  498,  650,  724,  932,  522,  501,  235,  570,  126,  812,  150,  194,  359,  648,  235,  686,  904,  724,  814,  249,  132,  762,  689,  450,  407,   90,  807,  766,  365,  750,  141,  326,  210,  368,  913,  312,  423,  496,  709,  648,  706,  254,  678,  146,  820,  572],
        [  846,    0,  168,  220,  904,  296,  461,  134,  656,  388,  948,  328,  842,  151,  693,  403,  500,  429,  343,  455,  399,  289,  282,  506,  535,  443,  359,  604,  538,  954,  677,  675,  559,  923,  944,  278,  931,  566,  468,  668,  346,  269,  476,  795,    0, 1092,  277,  381,  588,   27,  822,  788,  893,   38,  913,  916,  646,  650,  281,   85,  783,  516,  623,  543,  740,  895,  780,  776,  419,  708,  671,  302,  427,  374,  380,  193,  295,  607,  638,  241,  702,  550,  837,  815,  488,  153, 1027,  247,  333,  406,  893,  894,  702,  161,  607,  546,  507,  855,  858,  642,  512,  551,  909,  511,  613,  604,  352,  946,  374,  300,   93,  302,  524,  971,  244,  941,  531,  475],
        [  953,    0,  929,  883,  930,  907,  828,  977,  532,  830,  221, 1135,  609,  972,  426,  919,  618,  962, 1132,  795, 1058, 1147,  910,  590,  561,  773,  772,  489, 1052,  213,  422,  591,  534,  219,  152, 1024,  162,  554,  814,  646,  996,  859,  884,  298, 1092,    0,  817,  796,  505, 1068,  948,  510,  843, 1081,  891,  313,  505,  757,  953, 1021,  430,  687,  598,  992,  474,  247,  350,  911,  833,  521,  465,  827,  780,  932, 1004, 1222,  819,  743,  506,  868,  408, 1044,  319,  344,  636,  944,   70,  979, 1178,  981,  947,  315,  400, 1051,  931,  712,  666,  244,  951,  972,  648,  978,  219,  605,  500,  623, 1185,  329,  720,  793, 1006,  938,  964,  224,  971,  152, 1056,  841],
        [  714,    0,  125,   76,  758,  199,  306,  181,  422,  227,  673,  409,  616,  187,  430,  351,  252,  362,  416,  319,  401,  398,  228,  238,  258,  249,  128,  328,  500,  678,  406,  436,  285,  647,  668,  296,  655,  311,  346,  446,  320,  144,  396,  521,  277,  817,    0,  229,  312,  254,  692,  540,  723,  271,  754,  646,  379,  466,  270,  214,  519,  323,  380,  473,  480,  628,  517,  639,  264,  455,  415,  104,  274,  335,  391,  418,  116,  454,  389,  110,  436,  505,  576,  542,  224,  128,  751,  268,  442,  356,  753,  623,  425,  259,  539,  373,  265,  579,  724,  547,  292,  473,  640,  241,  351,  397,  456,  679,  110,   32,  197,  275,  485,  697,  257,  666,  497,  370],
        [  924,    0,  232,  286,  961,  427,  525,  247,  293,  450,  709,  618,  769,  230,  371,  153,  184,  590,  627,   91,  625,  597,  120,  240,  323,  459,  338,  356,  728,  713,  382,  588,  304,  678,  663,  512,  645,  244,  118,  615,  545,  117,  175,  507,  381,  796,  229,    0,  340,  354,  903,  667,  915,  353,  952,  714,  485,  663,  158,  296,  617,  138,  532,  700,  591,  567,  453,  849,  486,  583,  335,  331,   50,  152,  226,  566,  117,  237,  295,  158,  389,  733,  500,  606,  366,  292,  739,  187,  644,  584,  959,  689,  465,  446,  314,  167,  436,  588,  933,  770,  152,  699,  588,  362,  299,  227,  660,  753,  180,  204,  291,  142,  271,  739,  181,  648,  725,  144],
        [  715,    0,  426,  380,  731,  428,  407,  476,  242,  374,  377,  664,  472,  474,  158,  488,  163,  529,  664,  380,  610,  667,  435,  101,   64,  334,  285,   18,  651,  382,  108,  311,   36,  348,  357,  547,  344,  136,  408,  357,  536,  369,  484,  210,  588,  505,  312,  340,    0,  564,  698,  353,  665,  578,  710,  375,  174,  447,  482,  518,  286,  292,  266,  601,  270,  330,  231,  646,  391,  277,  174,  334,  346,  491,  565,  723,  326,  421,  181,  370,  150,  649,  292,  267,  170,  439,  439,  501,  704,  540,  736,  350,  127,  554,  591,  346,  240,  270,  720,  627,  232,  592,  337,  139,  114,  293,  714,  414,  219,  288,  503,  472,  582,  405,  492,  354,  652,  441],
        [  843,    0,  142,  201,  900,  288,  452,  108,  629,  377,  926,  341,  828,  125,  667,  379,  474,  429,  355,  429,  405,  303,  256,  481,  512,  431,  341,  581,  542,  932,  652,  659,  535,  901,  920,  282,  907,  540,  442,  654,  347,  242,  452,  771,   27, 1068,  254,  354,  564,    0,  819,  772,  886,   28,  908,  896,  626,  641,  257,   58,  764,  489,  607,  544,  722,  869,  755,  772,  410,  691,  645,  285,  400,  351,  360,  217,  268,  581,  612,  214,  676,  553,  811,  794,  468,  132, 1003,  225,  348,  407,  890,  873,  679,  166,  584,  520,  490,  832,  855,  642,  485,  551,  884,  490,  587,  577,  367,  927,  349,  276,   66,  278,  503,  950,  221,  917,  535,  450],
        [   25,    0,  778,  673,   93,  538,  388,  825,  939,  469,  728,  570,  342,  842,  843, 1041,  811,  396,  555,  985,  457,  614,  919,  741,  657,  445,  568,  696,  328,  735,  781,  403,  715,  735,  830,  553,  837,  821, 1015,  347,  482,  835, 1078,  793,  822,  948,  692,  903,  698,  819,    0,  443,  143,  847,  124,  635,  542,  253,  958,  825,  534,  941,  435,  294,  502,  936,  887,   54,  431,  463,  869,  592,  939, 1026, 1081,  784,  803, 1085,  878,  799,  826,  312,  937,  626,  561,  724,  888,  950,  604,  421,   75,  634,  672,  668, 1215, 1000,  481,  763,   37,  190,  885,  281,  923,  581,  812,  975,  593,  625,  726,  707,  807,  965, 1171,  725,  940,  861,  337, 1044],
        [  450,    0,  663,  573,  439,  519,  383,  719,  579,  423,  291,  706,  128,  726,  457,  820,  510,  506,  698,  724,  607,  731,  737,  439,  348,  360,  431,  342,  566,  298,  396,  119,  385,  294,  388,  616,  395,  489,  754,  155,  566,  656,  828,  369,  788,  510,  540,  667,  353,  772,  443,    0,  357,  794,  406,  203,  185,  256,  785,  746,   96,  644,  165,  505,   85,  504,  476,  403,  407,   86,  495,  487,  685,  817,  888,  854,  613,  774,  518,  638,  435,  555,  518,  186,  319,  641,  448,  794,  750,  531,  452,  197,  270,  685,  942,  698,  282,  324,  450,  469,  583,  489,  488,  311,  457,  643,  751,  207,  502,  534,  727,  781,  927,  293,  783,  420,  572,  787],
