{
    "name": "random-79-27471",
    "comment": "size=79 seed=27471",
    "nodes": ["+0", "-0", "+1", "-1", "+2", "-2", "+3", "-3", "+4", "-4", "+5", "-5", "+6", "-6", "+7", "-7", "+8", "-8", "+9", "-9", "+10", "-10", "+11", "-11", "+12", "-12", "+13", "-13", "+14", "-14", "+15", "-15", "+16", "-16", "+17", "-17", "+18", "-18", "+19", "-19", "+20", "-20", "+21", "-21", "+22", "-22", "+23", "-23", "+24", "-24", "+25", "-25", "+26", "-26", "+27", "-27", "+28", "-28", "+29", "-29", "+30", "-30", "+31", "-31", "+32", "-32", "+33", "-33", "+34", "-34", "+35", "-35", "+36", "-36", "+37", "-37", "+38", "-38", "+39", "-39", "+40", "-40", "+41", "-41", "+42", "-42", "+43", "-43", "+44", "-44", "+45", "-45", "+46", "-46", "+47", "-47", "+48", "-48", "+49", "-49", "+50", "-50", "+51", "-51", "+52", "-52", "+53", "-53", "+54", "-54", "+55", "-55", "+56", "-56", "+57", "-57", "+58", "-58", "+59", "-59", "+60", "-60", "+61", "-61", "+62", "-62", "+63", "-63", "+64", "-64", "+65", "-65", "+66", "-66", "+67", "-67", "+68", "-68", "+69", "-69", "+70", "-70", "+71", "-71", "+72", "-72", "+73", "-73", "+74", "-74", "+75", "-75", "+76", "-76", "+77", "-77", "+78", "-78", "+79", "-79"],
    "precedence": {
        "+0": "-0",
        "+1": "-1",
        "+2": "-2",
        "+3": "-3",
        "+4": "-4",
        "+5": "-5",
        "+6": "-6",
        "+7": "-7",
        "+8": "-8",
        "+9": "-9",
        "+10": "-10",
        "+11": "-11",
        "+12": "-12",
        "+13": "-13",
        "+14": "-14",
        "+15": "-15",
        "+16": "-16",
        "+17": "-17",
        "+18": "-18",
        "+19": "-19",
        "+20": "-20",
        "+21": "-21",
        "+22": "-22",
        "+23": "-23",
        "+24": "-24",
        "+25": "-25",
        "+26": "-26",
        "+27": "-27",
        "+28": "-28",
        "+29": "-29",
        "+30": "-30",
        "+31": "-31",
        "+32": "-32",
        "+33": "-33",
        "+34": "-34",
        "+35": "-35",
        "+36": "-36",
        "+37": "-37",
        "+38": "-38",
        "+39": "-39",
        "+40": "-40",
        "+41": "-41",
        "+42": "-42",
        "+43": "-43",
        "+44": "-44",
        "+45": "-45",
        "+46": "-46",
        "+47": "-47",
        "+48": "-48",
        "+49": "-49",
        "+50": "-50",
        "+51": "-51",
        "+52": "-52",
        "+53": "-53",
        "+54": "-54",
        "+55": "-55",
        "+56": "-56",
        "+57": "-57",
        "+58": "-58",
        "+59": "-59",
        "+60": "-60",
        "+61": "-61",
        "+62": "-62",
        "+63": "-63",
        "+64": "-64",
        "+65": "-65",
        "+66": "-66",
        "+67": "-67",
        "+68": "-68",
        "+69": "-69",
        "+70": "-70",
        "+71": "-71",
        "+72": "-72",
        "+73": "-73",
        "+74": "-74",
        "+75": "-75",
        "+76": "-76",
        "+77": "-77",
        "+78": "-78",
        "+79": "-79"
    },
    "edges": [
        [    0,    0,  276,  206,  625,  350,  577,  253,  252,  459,  901,   51,  570,  297,  399,  512,  834,  144,  944,  735,  884,  766,  187,  247,  648,  235,  978,  386,  315,  322,  443,  338,  938,  871,  401,  486,  697,  347,  318,  527,  289,  756,  815,  457,  300,  972,  388,  306,  648,  735,  321,  445,  804,  185,  812, 1060,  509,  243,  774,  328,  820,  745,  752,  851,  860,  805,  282,  308,  236,  855,  436,  543,  378,  279,  570,  728,  893,  636,  710,  212,  285,  833,   65,  286,  521,  213,  812,  489,  687, 1021,  586,  399,  297,  689,  806,  773,  345,  663,  341,  730,  789,  522,  900,  530,  876,  628,  752,  661,  283,  779,  744,  352,  353,   82,  675,  418,  771,  518,  741,  448,  483,  285,  514,  887,  189,  312,  620,  639,  561,  292,  829,  971,  886,  999,  995,  341,  759,  617,  489,  525,  426,  833,  878,  388,  214,  930,  727,  671,  527,  289,  449,   83,  547,  526,  867,  565,  574,  787,  115,  692],
        [    0,    0,    0,    0,    0,    0,    0,    0,    0,    0,    0,    0,    0,    0,    0,    0,    0,    0,    0,    0,    0,    0,    0,    0,    0,    0,    0,    0,    0,    0,    0,    0,    0,    0,    0,    0,    0,    0,    0,    0,    0,    0,    0,    0,    0,    0,    0,    0,    0,    0,    0,    0,    0,    0,    0,    0,    0,    0,    0,    0,    0,    0,    0,    0,    0,    0,    0,    0,    0,    0,    0,    0,    0,    0,    0,    0,    0,    0,    0,    0,    0,    0,    0,    0,    0,    0,    0,    0,    0,    0,    0,    0,    0,    0,    0,    0,    0,    0,    0,    0,    0,    0,    0,    0,    0,    0,    0,    0,    0,    0,    0,    0,    0,    0,    0,    0,    0,    0,    0,    0,    0,    0,    0,    0,    0,    0,    0,    0,    0,    0,    0,    0,    0,    0,    0,    0,    0,    0,    0,    0,    0,    0,    0,    0,    0,    0,    0,    0,    0,    0,    0,    0,    0,    0,    0,    0,    0,    0,    0,    0],
        [  276,    0,    0,  256,  552,  126,  606,  105,  445,  256,  741,  228,  296,  486,  181,  249,  806,  385,  751,  597,  734,  699,  133,  427,  719,   93,  779,  201,  540,   62,  579,  590,  979,  882,  166,  602,  588,  568,  463,  613,  318,  804,  758,  359,  387,  758,  433,  547,  380,  787,  547,  618,  799,  105,  683,  856,  655,  243,  802,  213,  569,  555,  501,  881,  704,  825,   30,  188,  334,  871,  236,  281,  553,  319,  579,  468,  692,  743,  466,  483,   33,  723,  340,  250,  246,  327,  616,  439,  735,  798,  350,  327,  299,  603,  729,  592,  586,  729,  368,  745,  624,  400,  699,  282,  826,  690,  523,  411,  538,  624,  621,  100,  532,  341,  494,  151,  843,  386,  473,  582,  216,  110,  333,  690,  148,  564,  529,  560,  525,  147,  592,  808,  885,  811,  788,  496,  493,  417,  513,  552,  305,  871,  719,  170,  127,  776,  472,  557,  459,  565,  606,  196,  674,  397,  843,  487,  683,  540,  179,  764],
        [  206,    0,  256,    0,  419,  377,  391,  310,  209,  307,  704,  175,  520,  243,  433,  496,  635,  204,  759,  536,  685,  561,  271,  186,  484,  165,  795,  239,  313,  317,  324,  382,  763,  683,  420,  350,  493,  335,  209,  370,   87,  582,  611,  257,  134,  797,  201,  332,  616,  563,  318,  365,  610,  164,  609,  878,  400,   46,  591,  158,  683,  563,  617,  670,  663,  619,  281,  150,   79,  669,  485,  439,  301,   81,  376,  607,  713,  496,  568,  327,  284,  628,  236,   90,  459,   77,  631,  283,  512,  851,  445,  197,   91,  483,  601,  586,  368,  496,  143,  542,  596,  325,  720,  535,  673,  459,  594,  662,  341,  583,  541,  271,  282,  283,  492,  400,  610,  324,  634,  327,  461,  183,  341,  705,  110,  359,  415,  433,  358,  161,  676,  775,  694,  812,  816,  242,  649,  446,  298,  337,  237,  655,  682,  265,  294,  732,  597,  467,  321,  422,  351,  201,  421,  331,  669,  359,  434,  644,  231,  529],
        [  625,    0,  552,  419,    0,  666,  218,  650,  515,  346,  339,  591,  649,  511,  711,  689,  263,  588,  441,  182,  308,  148,  643,  493,  345,  482,  483,  363,  598,  596,  426,  686,  488,  365,  686,  391,  102,  597,  433,  333,  340,  355,  206,  194,  365,  516,  280,  638,  747,  350,  600,  514,  277,  524,  218,  561,  468,  385,  323,  344,  552,  307,  516,  390,  300,  330,  581,  370,  410,  362,  767,  494,  496,  352,  174,  546,  424,  430,  464,  704,  584,  216,  650,  346,  591,  433,  359,  137,  308,  583,  404,  236,  328,   67,  184,  297,  656,  342,  297,  260,  268,  166,  430,  748,  274,  311,  426,  838,  673,  239,  157,  482,  501,  701,  260,  626,  426,  185,  604,  422,  656,  444,  278,  411,  475,  675,   43,   18,   89,  409,  499,  404,  358,  476,  517,  451,  605,  303,  213,  211,  249,  393,  320,  409,  655,  354,  516,   98,  100,  794,  475,  608,  438,  175,  301,   66,  403,  510,  630,  371],
        [  350,    0,  126,  377,  666,    0,  731,   99,  555,  344,  823,  310,  251,  597,   56,  172,  924,  478,  816,  691,  821,  811,  166,  538,  845,  218,  839,  305,  643,   72,  700,  683, 1103, 1004,   52,  726,  693,  673,  582,  738,  443,  929,  872,  475,  510,  809,  559,  644,  309,  912,  650,  735,  921,  216,  778,  911,  776,  368,  927,  335,  590,  628,  525, 1005,  789,  949,   98,  311,  454,  994,  110,  307,  669,  444,  703,  482,  753,  868,  502,  561,   95,  824,  413,  376,  226,  445,  683,  560,  860,  840,  403,  448,  425,  713,  838,  669,  684,  855,  493,  869,  708,  508,  760,  181,  940,  815,  571,  312,  628,  712,  721,  188,  646,  396,  575,   98,  969,  492,  469,  704,  151,  232,  425,  753,  268,  656,  640,  673,  646,  270,  628,  887, 1006,  876,  843,  614,  491,  492,  639,  678,  419,  996,  802,  264,  140,  860,  494,  662,  577,  632,  725,  268,  797,  503,  962,  602,  807,  569,  236,  889],
        [  577,    0,  606,  391,  218,  731,    0,  686,  391,  477,  545,  559,  783,  370,  784,  799,  274,  494,  656,  398,  511,  272,  658,  375,  137,  518,  698,  461,  446,  662,  240,  532,  375,  295,  764,  192,  316,  436,  298,  125,  306,  198,  291,  297,  278,  733,  191,  490,  885,  182,  446,  324,  231,  542,  420,  774,  263,  378,  201,  401,  756,  522,  712,  280,  509,  229,  635,  423,  342,  279,  840,  642,  327,  311,   46,  733,  642,  213,  658,  589,  639,  394,  580,  358,  719,  365,  576,  200,  130,  800,  575,  294,  314,  265,  318,  514,  497,  139,  250,  153,  485,  321,  647,  853,  333,  102,  632,  962,  534,  456,  367,  566,  340,  640,  469,  719,  246,  340,  786,  234,  764,  500,  433,  628,  485,  527,  255,  234,  144,  463,  710,  604,  310,  687,  733,  301,  791,  493,   95,   55,  349,  267,  529,  510,  678,  554,  707,  316,  215,  669,  284,  590,  225,  334,  302,  228,  186,  713,  622,  174],
        [  253,    0,  105,  310,  650,   99,  686,    0,  470,  360,  845,  216,  341,  514,  146,  268,  900,  386,  853,  701,  838,  798,   68,  456,  791,  172,  879,  305,  554,  101,  629,  589, 1061,  969,  149,  659,  691,  584,  506,  679,  386,  883,  856,  457,  444,  856,  504,  552,  405,  865,  560,  656,  889,  147,  787,  956,  703,  311,  886,  308,  655,  658,  588,  965,  808,  910,   82,  282,  384,  957,  188,  366,  589,  384,  663,  550,  793,  805,  558,  464,   81,  826,  316,  330,  305,  371,  718,  532,  813,  893,  447,  420,  373,  703,  829,  696,  592,  802,  440,  830,  729,  501,  800,  278,  923,  764,  620,  409,  534,  729,  725,  202,  565,  298,  598,  183,  916,  489,  546,  633,  243,  207,  438,  791,  204,  562,  629,  659,  617,  242,  684,  912,  975,  913,  887,  537,  567,  520,  593,  632,  405,  953,  823,  274,   43,  880,  558,  660,  555,  534,  649,  172,  729,  499,  937,  585,  743,  630,  139,  836],
        [  252,    0,  445,  209,  515,  555,  391,  470,    0,  508,  840,  264,  725,   46,  609,  693,  664,  120,  916,  671,  815,  633,  412,   26,  425,  363,  955,  444,  106,  505,  201,  184,  718,  673,  603,  251,  609,  127,   93,  306,  218,  540,  668,  412,  155,  967,  236,  133,  819,  519,  111,  194,  619,  342,  729, 1039,  260,  247,  569,  358,  880,  731,  817,  640,  799,  603,  465,  356,  144,  654,  656,  646,  127,  204,  401,  810,  879,  396,  766,  199,  468,  730,  223,  280,  666,  134,  798,  389,  476, 1026,  646,  354,  246,  581,  678,  746,  164,  441,  232,  537,  744,  479,  885,  726,  719,  413,  783,  856,  160,  724,  663,  477,  102,  285,  660,  595,  541,  486,  841,  207,  659,  390,  527,  869,  301,  167,  527,  532,  432,  369,  867,  909,  693,  964,  981,  100,  855,  630,  323,  349,  413,  618,  819,  472,  440,  862,  798,  590,  433,  283,  199,  309,  302,  489,  692,  471,  336,  840,  348,  466],
        [  459,    0,  256,  307,  346,  344,  477,  360,  508,    0,  486,  410,  309,  533,  380,  343,  609,  507,  500,  348,  480,  482,  381,  483,  610,  232,  530,   73,  613,  279,  554,  687,  822,  707,  353,  554,  354,  630,  476,  534,  298,  665,  545,  180,  378,  516,  365,  637,  410,  653,  618,  623,  619,  287,  435,  610,  625,  264,  648,  151,  376,  301,  311,  722,  449,  662,  279,  159,  365,  701,  434,  167,  571,  310,  437,  304,  443,  665,  261,  628,  281,  482,  511,  228,  248,  375,  365,  279,  603,  563,  139,  196,  268,  382,  504,  337,  670,  615,  315,  585,  369,  181,  450,  403,  613,  576,  294,  495,  648,  371,  378,  161,  559,  538,  239,  286,  722,  162,  340,  555,  311,  179,   81,  439,  270,  665,  313,  349,  354,  167,  374,  553,  702,  558,  543,  509,  352,  165,  401,  432,  130,  720,  464,   86,  381,  521,  291,  323,  276,  721,  597,  400,  624,  172,  646,  287,  613,  338,  402,  650],
        [  901,    0,  741,  704,  339,  823,  545,  845,  840,  486,    0,  858,  696,  842,  851,  772,  420,  896,  133,  170,   39,  300,  862,  816,  653,  703,  171,  545,  930,  761,  765, 1018,  680,  548,  822,  728,  238,  932,  765,  667,  641,  619,  331,  447,  687,  228,  609,  968,  770,  623,  933,  852,  481,  755,  127,  235,  804,  662,  569,  577,  412,  201,  422,  604,   42,  556,  765,  600,  718,  559,  899,  546,  834,  655,  505,  476,  162,  746,  396, 1017,  766,  173,  939,  617,  659,  739,  171,  452,  598,  293,  434,  508,  621,  282,  268,  157,  989,  644,  611,  521,  117,  380,  163,  833,  364,  624,  316,  877,  999,  122,  183,  645,  836,  981,  249,  749,  696,  383,  537,  760,  750,  652,  408,  148,  722, 1004,  317,  321,  428,  628,  335,   71,  521,  145,  210,  786,  525,  332,  551,  547,  475,  621,   23,  571,  864,   39,  442,  252,  408, 1111,  813,  861,  770,  375,  442,  370,  730,  386,  872,  666],
        [   51,    0,  228,  175,  591,  310,  559,  216,  264,  410,  858,    0,  523,  309,  361,  469,  808,  170,  898,  694,  842,  734,  153,  254,  638,  184,  931,  337,  340,  277,  444,  373,  925,  853,  361,  484,  659,  371,  319,  519,  261,  743,  784,  417,  285,  924,  368,  336,  604,  723,  346,  456,  782,  134,  772, 1013,  514,  206,  758,  283,  770,  698,  702,  835,  817,  787,  237,  262,  219,  837,  403,  493,  388,  252,  548,  678,  846,  634,  660,  256,  240,  795,  112,  248,  473,  198,  765,  455,  674,  972,  536,  361,  265,  653,  773,  727,  376,  652,  315,  711,  745,  480,  853,  489,  847,  617,  702,  621,  319,  736,  705,  302,  364,  129,  629,  373,  763,  476,  691,  449,  438,  236,  466,  840,  141,  347,  583,  604,  532,  243,  780,  928,  865,  954,  948,  345,  709,  569,  468,  505,  383,  819,  835,  338,  181,  888,  677,  632,  492,  337,  456,   46,  548,  484,  843,  529,  571,  737,   85,  683],
        [  570,    0,  296,  520,  649,  251,  783,  341,  725,  309,  696,  523,    0,  762,  235,   97,  909,  678,  653,  606,  705,  776,  403,  704,  913,  365,  667,  326,  826,  250,  825,  881, 1130, 1012,  212,  836,  638,  851,  724,  827,  554,  973,  838,  487,  634,  623,  649,  836,  103,  961,  832,  880,  925,  397,  689,  728,  900,  491,  956,  403,  374,  497,  317, 1030,  670,  970,  289,  391,  596, 1007,  256,  160,  819,  561,  744,  264,  588,  960,  315,  779,  286,  748,  634,  476,   65,  597,  533,  586,  910,  640,  269,  492,  527,  676,  790,  541,  875,  919,  589,  893,  591,  486,  594,  147,  905,  880,  396,  191,  831,  606,  647,  250,  802,  630,  466,  158, 1028,  466,  234,  827,  102,  338,  372,  592,  427,  856,  612,  649,  662,  364,  429,  750, 1006,  713,  661,  759,  256,  384,  701,  735,  434, 1028,  678,  280,  382,  735,  287,  608,  584,  859,  861,  489,  908,  475,  946,  593,  905,  365,  465,  954],
        [  297,    0,  486,  243,  511,  597,  370,  514,   46,  533,  842,  309,  762,    0,  652,  733,  643,  162,  924,  674,  815,  622,  457,   60,  392,  401,  963,  472,   88,  546,  163,  176,  683,  644,  645,  216,  608,   98,   79,  276,  238,  508,  653,  424,  164,  978,  234,  127,  857,  486,   92,  148,  595,  384,  728, 1046,  218,  277,  540,  386,  903,  742,  841,  609,  801,  574,  507,  386,  171,  625,  700,  677,   83,  225,  385,  837,  889,  356,  789,  225,  510,  724,  266,  307,  701,  167,  809,  391,  447, 1039,  670,  369,  267,  576,  668,  755,  148,  409,  242,  511,  749,  490,  895,  767,  701,  382,  802,  896,  166,  728,  662,  512,   57,  327,  672,  635,  505,  498,  870,  169,  698,  425,  547,  878,  340,  164,  527,  529,  425,  403,  886,  910,  666,  969,  991,   70,  883,  648,  310,  333,  432,  586,  822,  504,  485,  862,  823,  591,  435,  300,  156,  354,  262,  501,  670,  472,  298,  862,  393,  432],
        [  399,    0,  181,  433,  711,   56,  784,  146,  609,  380,  851,  361,  235,  652,    0,  144,  971,  531,  836,  726,  851,  855,  213,  593,  899,  273,  857,  348,  697,  122,  756,  734, 1155, 1053,   30,  781,  733,  727,  637,  793,  498,  982,  916,  521,  565,  823,  613,  697,  276,  965,  703,  790,  969,  272,  813,  927,  831,  422,  978,  385,  593,  654,  530, 1056,  818,  999,  153,  362,  510, 1043,   57,  320,  724,  499,  755,  483,  773,  923,  512,  609,  150,  862,  461,  430,  224,  501,  705,  609,  913,  850,  423,  498,  479,  756,  880,  696,  736,  908,  548,  919,  737,  550,  779,  137,  984,  869,  586,  264,  679,  743,  758,  230,  702,  440,  604,  104, 1022,  534,  464,  760,  134,  284,  461,  773,  323,  707,  683,  717,  694,  322,  637,  914, 1055,  897,  858,  670,  486,  520,  692,  730,  464, 1048,  830,  304,  186,  888,  499,  701,  624,  677,  781,  318,  853,  544, 1008,  647,  862,  576,  284,  943],
        [  512,    0,  249,  496,  689,  172,  799,  268,  693,  343,  772,  469,   97,  733,  144,    0,  951,  632,  739,  668,  777,  823,  334,  674,  925,  333,  754,  340,  789,  192,  814,  837, 1159, 1047,  125,  831,  690,  816,  704,  830,  543,  995,  886,  513,  620,  714,  649,  795,  138,  980,  795,  861,  960,  353,  753,  819,  890,  474,  983,  403,  469,  572,  410, 1059,  743, 1000,  234,  386,  575, 1040,  160,  226,  797,  548,  764,  359,  674,  963,  403,  723,  231,  809,  576,  467,  114,  571,  614,  609,  928,  733,  338,  506,  519,  723,  842,  615,  834,  933,  585,  921,  663,  523,  680,   62,  954,  893,  482,  167,  785,  675,  706,  238,  777,  565,  533,   98, 1044,  504,  330,  816,   37,  319,  417,  677,  393,  811,  655,  691,  690,  352,  521,  829, 1044,  799,  751,  738,  353,  449,  713,  749,  456, 1054,  753,  291,  310,  810,  380,  660,  614,  798,  845,  430,  903,  514,  989,  629,  905,  458,  401,  968],
        [  834,    0,  806,  635,  263,  924,  274,  900,  664,  609,  420,  808,  909,  643,  971,  951,    0,  763,  551,  350,  382,  144,  885,  647,  304,  729,  590,  624,  717,  853,  505,  802,  263,  130,  946,  452,  285,  705,  571,  381,  548,  223,   92,  450,  541,  645,  449,  761, 1006,  236,  717,  583,   71,  765,  310,  649,  508,  610,  168,  594,  762,  501,  741,  185,  398,  144,  836,  620,  601,  140, 1027,  752,  596,  557,  267,  779,  565,  397,  694,  862,  839,  249,  845,  578,  852,  625,  528,  369,  236,  711,  655,  481,  547,  236,  156,  472,  767,  289,  494,  148,  421,  428,  568, 1011,   74,  290,  638, 1099,  806,  389,  302,  741,  611,  903,  482,  887,  297,  447,  841,  498,  919,  697,  538,  550,  712,  799,  297,  261,  284,  660,  696,  454,  108,  559,  629,  574,  838,  545,  349,  317,  507,  205,  413,  670,  900,  409,  747,  310,  348,  943,  544,  834,  458,  437,   38,  325,  409,  724,  861,  295],
        [  144,    0,  385,  204,  588,  478,  494,  386,  120,  507,  896,  170,  678,  162,  531,  632,  763,    0,  958,  726,  874,  718,  323,  125,  541,  317,  995,  436,  172,  440,  320,  206,  834,  782,  529,  369,  674,  204,  204,  421,  256,  655,  758,  452,  227,  999,  319,  166,  764,  633,  178,  308,  724,  281,  793, 1079,  379,  249,  680,  359,  882,  764,  815,  753,  854,  713,  399,  348,  180,  764,  573,  624,  244,  242,  497,  800,  914,  515,  767,  124,  402,  803,  105,  292,  623,  157,  833,  454,  589, 1054,  644,  391,  277,  654,  761,  786,  206,  557,  292,  644,  792,  520,  921,  656,  814,  527,  796,  788,  154,  776,  726,  439,  218,  165,  693,  534,  659,  523,  822,  326,  600,  357,  544,  906,  257,  180,  593,  604,  512,  348,  878,  966,  801, 1010, 1018,  218,  839,  649,  416,  447,  438,  732,  874,  454,  351,  921,  793,  651,  496,  219,  318,  215,  422,  528,  793,  536,  455,  844,  253,  583],
        [  944,    0,  751,  759,  441,  816,  656,  853,  916,  500,  133,  898,  653,  924,  836,  739,  551,  958,    0,  260,  171,  427,  880,  891,  772,  730,   42,  568, 1012,  762,  863, 1098,  812,  681,  807,  831,  341, 1017,  848,  774,  706,  746,  462,  508,  763,   96,  694, 1047,  714,  749, 1015,  950,  612,  784,  249,  123,  909,  714,  697,  617,  322,  201,  350,  735,  156,  686,  772,  637,  785,  690,  880,  519,  924,  721,  614,  407,   66,  863,  339, 1082,  773,  304,  989,  670,  627,  804,  136,  536,  721,  160,  414,  569,  683,  393,  398,  173, 1072,  764,  685,  647,  177,  440,   60,  797,  496,  741,  258,  823, 1074,  203,  290,  652,  924, 1025,  270,  732,  823,  436,  463,  859,  722,  676,  433,   63,  758, 1082,  411,  425,  528,  659,  245,  130,  654,   61,   79,  872,  447,  336,  649,  651,  523,  752,  140,  584,  878,  154,  375,  346,  493, 1177,  912,  895,  879,  431,  574,  459,  842,  306,  900,  788],
        [  735,    0,  597,  536,  182,  691,  398,  701,  671,  348,  170,  694,  606,  674,  726,  668,  350,  726,  260,    0,  149,  208,  710,  647,  519,  549,  302,  397,  761,  625,  604,  849,  609,  477,  698,  572,   85,  765,  597,  515,  471,  510,  262,  280,  517,  335,  441,  799,  693,  509,  764,  691,  395,  599,   88,  381,  649,  495,  467,  416,  412,  151,  393,  519,  129,  463,  623,  441,  548,  481,  778,  447,  668,  485,  355,  436,  245,  608,  349,  848,  625,  143,  772,  450,  558,  570,  187,  283,  474,  403,  338,  339,  452,  141,  202,  126,  821,  514,  441,  410,   87,  215,  250,  729,  321,  487,  289,  795,  830,   58,   49,  507,  670,  816,  143,  628,  585,  220,  498,  600,  641,  500,  267,  231,  562,  835,  152,  165,  268,  473,  347,  240,  457,  298,  335,  619,  493,  222,  390,  391,  313,  530,  149,  430,  716,  196,  402,   86,  240,  941,  653,  701,  619,  211,  383,  203,  584,  374,  715,  541],
        [  884,    0,  734,  685,  308,  821,  511,  838,  815,  480,   39,  842,  705,  815,  851,  777,  382,  874,  171,  149,    0,  263,  852,  791,  616,  692,  209,  536,  902,  758,  733,  990,  642,  511,  822,  696,  208,  904,  737,  633,  619,  581,  293,  428,  661,  265,  582,  941,  782,  586,  905,  821,  443,  744,   92,  272,  771,  643,  531,  563,  437,  209,  441,  566,   35,  518,  759,  586,  695,  521,  901,  552,  804,  632,  472,  494,  195,  710,  411,  995,  760,  135,  920,  599,  665,  717,  191,  426,  561,  330,  440,  488,  600,  249,  230,  165,  961,  608,  587,  483,  115,  363,  196,  839,  327,  588,  334,  889,  974,  110,  153,  640,  807,  964,  248,  750,  659,  367,  556,  729,  754,  642,  401,  180,  708,  978,  289,  290,  397,  617,  361,   96,  484,  182,  248,  757,  545,  332,  520,  515,  460,  583,   36,  565,  856,   48,  460,  225,  382, 1088,  782,  848,  736,  359,  404,  344,  696,  408,  860,  629],
        [  766,    0,  699,  561,  148,  811,  272,  798,  633,  482,  300,  734,  776,  622,  855,  823,  144,  718,  427,  208,  263,    0,  791,  613,  359,  630,  467,  507,  705,  741,  509,  793,  402,  269,  829,  464,  142,  699,  545,  396,  479,  320,   63,  341,  492,  517,  401,  747,  870,  324,  706,  595,  190,  671,  179,  534,  533,  530,  271,  491,  619,  359,  597,  315,  272,  261,  728,  518,  543,  274,  910,  617,  592,  490,  243,  636,  432,  455,  551,  828,  731,  131,  787,  492,  720,  567,  389,  280,  301,  584,  517,  384,  471,  101,   46,  331,  760,  349,  431,  221,  282,  306,  436,  884,  131,  333,  495,  966,  787,  250,  160,  625,  601,  841,  339,  766,  397,  323,  698,  504,  792,  592,  407,  417,  622,  785,  172,  140,  207,  557,  554,  348,  250,  444,  506,  557,  695,  405,  313,  293,  395,  328,  289,  551,  803,  299,  604,  170,  246,  916,  555,  754,  492,  312,  178,  214,  448,  581,  776,  368],
        [  187,    0,  133,  271,  643,  166,  658,   68,  412,  381,  862,  153,  403,  457,  213,  334,  885,  323,  880,  710,  852,  791,    0,  400,  755,  164,  908,  318,  492,  155,  580,  524, 1031,  946,  216,  614,  693,  523,  456,  639,  353,  852,  847,  453,  402,  890,  471,  488,  471,  833,  498,  602,  869,  121,  795,  987,  653,  281,  858,  302,  701,  682,  633,  937,  824,  885,  123,  276,  339,  933,  251,  412,  534,  350,  639,  599,  822,  763,  599,  397,  124,  830,  249,  307,  363,  324,  744,  517,  781,  930,  483,  408,  345,  700,  824,  717,  528,  767,  409,  806,  746,  504,  829,  345,  913,  729,  656,  476,  468,  743,  731,  232,  510,  232,  618,  245,  880,  493,  599,  585,  308,  211,  454,  819,  175,  497,  626,  653,  601,  240,  725,  930,  954,  939,  919,  486,  620,  545,  564,  603,  405,  924,  840,  297,   29,  896,  604,  663,  545,  467,  598,  108,  682,  503,  921,  578,  700,  673,   72,  800],
        [  247,    0,  427,  186,  493,  538,  375,  456,   26,  483,  816,  254,  704,   60,  593,  674,  647,  125,  891,  647,  791,  613,  400,    0,  417,  342,  930,  419,  130,  487,  198,  210,  709,  660,  586,  245,  585,  150,   80,  296,  192,  531,  649,  386,  130,  942,  214,  158,  798,  509,  136,  202,  604,  325,  706, 1014,  263,  223,  557,  334,  855,  705,  792,  630,  775,  590,  447,  332,  119,  641,  642,  623,  135,  179,  383,  786,  853,  393,  741,  217,  451,  708,  225,  255,  644,  110,  773,  365,  465, 1001,  621,  328,  220,  558,  657,  721,  189,  433,  207,  523,  719,  454,  860,  708,  701,  403,  757,  837,  184,  700,  639,  455,  110,  287,  635,  576,  535,  460,  817,  204,  639,  368,  502,  844,  281,  192,  504,  510,  410,  346,  841,  885,  680,  939,  956,   96,  831,  604,  303,  331,  388,  608,  795,  449,  427,  838,  773,  566,  409,  303,  203,  299,  301,  464,  676,  448,  332,  815,  338,  459],
        [  648,    0,  719,  484,  345,  845,  137,  791,  425,  610,  653,  638,  913,  392,  899,  925,  304,  541,  772,  519,  616,  359,  755,  417,    0,  628,  813,  589,  450,  777,  233,  526,  293,  262,  881,  178,  435,  430,  337,  122,  405,  118,  356,  431,  355,  853,  288,  493, 1016,   96,  448,  295,  238,  644,  527,  886,  213,  481,  158,  523,  890,  651,  848,  219,  619,  193,  747,  542,  421,  241,  954,  776,  326,  407,  182,  869,  763,   96,  794,  615,  751,  489,  638,  469,  850,  441,  702,  335,   69,  921,  711,  422,  421,  380,  401,  640,  490,   18,  352,  156,  606,  457,  768,  976,  376,   35,  766, 1089,  543,  575,  483,  689,  347,  700,  601,  840,  126,  476,  922,  226,  889,  617,  569,  749,  587,  529,  385,  359,  278,  580,  842,  706,  290,  797,  849,  326,  927,  628,  213,  179,  481,  195,  638,  637,  777,  656,  843,  440,  351,  683,  260,  675,  160,  471,  317,  363,  110,  847,  710,   46],
        [  235,    0,   93,  165,  482,  218,  518,  172,  363,  232,  703,  184,  365,  401,  273,  333,  729,  317,  730,  549,  692,  630,  164,  342,  628,    0,  761,  162,  462,  154,  487,  518,  892,  798,  258,  510,  530,  488,  373,  521,  225,  716,  687,  290,  295,  748,  341,  473,  457,  698,  468,  529,  718,   55,  632,  841,  563,  150,  716,  139,  586,  530,  518,  795,  664,  740,  120,  113,  244,  787,  328,  312,  465,  227,  493,  495,  674,  651,  476,  427,  124,  667,  293,  161,  307,  239,  595,  361,  646,  794,  353,  249,  208,  538,  663,  563,  511,  639,  276,  660,  588,  341,  682,  371,  754,  599,  522,  498,  470,  583,  568,  122,  445,  311,  463,  236,  753,  331,  510,  490,  297,   54,  299,  670,   62,  493,  464,  492,  446,   77,  597,  773,  804,  787,  774,  407,  528,  396,  425,  464,  242,  784,  681,  155,  173,  736,  493,  500,  386,  515,  516,  169,  582,  340,  766,  416,  590,  553,  171,  673],
        [  978,    0,  779,  795,  483,  839,  698,  879,  955,  530,  171,  931,  667,  963,  857,  754,  590,  995,   42,  302,  209,  467,  908,  930,  813,  761,    0,  599, 1051,  786,  904, 1137,  850,  719,  828,  873,  383, 1057,  888,  816,  744,  787,  501,  546,  802,   69,  735, 1086,  722,  790, 1055,  991,  651,  815,  290,   84,  950,  750,  737,  651,  321,  234,  356,  774,  197,  725,  798,  670,  823,  729,  899,  538,  965,  759,  655,  413,   87,  905,  353, 1119,  799,  343, 1024,  706,  643,  842,  167,  576,  762,  125,  436,  607,  721,  435,  438,  211, 1111,  806,  724,  688,  218,  478,   80,  812,  533,  783,  273,  831, 1113,  244,  332,  679,  965, 1059,  305,  753,  864,  474,  467,  901,  739,  707,  465,   91,  791, 1122,  453,  466,  569,  691,  247,  155,  691,   55,   40,  913,  450,  365,  691,  693,  559,  791,  179,  612,  905,  187,  384,  387,  534, 1214,  953,  927,  920,  469,  612,  500,  884,  311,  931,  830],
        [  386,    0,  201,  239,  363,  305,  461,  305,  444,   73,  545,  337,  326,  472,  348,  340,  624,  436,  568,  397,  536,  507,  318,  419,  589,  162,  599,    0,  549,  235,  508,  620,  820,  712,  323,  514,  390,  568,  420,  502,  242,  656,  568,  176,  324,  588,  325,  570,  428,  641,  554,  571,  626,  217,  483,  680,  581,  197,  644,   87,  446,  368,  380,  721,  507,  662,  227,   89,  302,  704,  404,  209,  516,  252,  425,  368,  513,  635,  332,  557,  230,  524,  438,  166,  262,  310,  433,  270,  590,  636,  208,  168,  213,  409,  534,  402,  605,  596,  268,  583,  429,  203,  520,  395,  636,  556,  367,  501,  580,  426,  422,  119,  502,  466,  302,  266,  706,  188,  398,  509,  305,  110,  137,  508,  197,  598,  336,  369,  353,   95,  446,  613,  711,  625,  613,  454,  412,  234,  377,  412,  119,  715,  523,   49,  321,  579,  358,  359,  279,  649,  547,  329,  585,  198,  661,  299,  580,  409,  333,  631],
        [  315,    0,  540,  313,  598,  643,  446,  554,  106,  613,  930,  340,  826,   88,  697,  789,  717,  172, 1012,  761,  902,  705,  492,  130,  450,  462, 1051,  549,    0,  598,  219,   89,  735,  708,  693,  274,  695,   34,  165,  341,  321,  567,  733,  511,  251, 1065,  321,   45,  917,  545,    7,  167,  666,  436,  815, 1134,  252,  352,  603,  464,  985,  829,  922,  668,  889,  638,  558,  461,  249,  688,  741,  751,  125,  308,  465,  915,  976,  398,  871,  178,  561,  810,  269,  385,  767,  239,  897,  479,  509, 1126,  751,  454,  349,  662,  750,  843,   61,  467,  329,  581,  837,  577,  983,  818,  778,  445,  886,  949,   94,  816,  750,  578,  107,  323,  759,  691,  553,  585,  946,  226,  755,  492,  631,  966,  400,   82,  614,  615,  511,  473,  970,  998,  733, 1057, 1078,  149,  960,  733,  393,  413,  516,  643,  909,  577,  520,  949,  903,  679,  522,  235,  193,  385,  303,  588,  742,  560,  347,  945,  423,  486],
        [  322,    0,   62,  317,  596,   72,  662,  101,  505,  279,  761,  277,  250,  546,  122,  192,  853,  440,  762,  625,  758,  741,  155,  487,  777,  154,  786,  235,  598,    0,  640,  645, 1033,  933,  105,  663,  624,  627,  524,  672,  378,  860,  801,  404,  448,  761,  492,  603,  327,  843,  605,  679,  850,  163,  712,  861,  716,  303,  856,  264,  555,  570,  488,  935,  726,  878,   42,  240,  395,  923,  179,  266,  614,  380,  633,  450,  700,  803,  459,  533,   39,  757,  386,  308,  208,  388,  627,  489,  791,  796,  352,  377,  358,  643,  768,  609,  643,  787,  427,  798,  646,  438,  707,  221,  869,  747,  523,  351,  593,  649,  654,  119,  593,  381,  513,   96,  901,  423,  447,  643,  161,  162,  359,  699,  209,  619,  570,  602,  575,  200,  586,  827,  935,  822,  793,  558,  467,  433,  570,  608,  348,  926,  740,  196,  138,  798,  458,  593,  506,  610,  668,  240,  735,  433,  891,  531,  743,  530,  216,  821],
        [  443,    0,  579,  324,  426,  700,  240,  629,  201,  554,  765,  444,  825,  163,  756,  814,  505,  320,  863,  604,  733,  509,  580,  198,  233,  487,  904,  508,  219,  640,    0,  299,  522,  490,  744,   56,  527,  202,  126,  124,  273,  350,  529,  403,  194,  930,  192,  263,  925,  328,  218,   88,  450,  486,  642,  985,   77,  340,  385,  425,  899,  701,  844,  451,  725,  420,  604,  435,  247,  470,  808,  715,   95,  266,  268,  850,  838,  196,  789,  384,  607,  626,  422,  350,  762,  258,  764,  336,  291,  994,  682,  363,  299,  485,  555,  704,  264,  250,  241,  364,  687,  458,  844,  856,  569,  227,  785,  981,  311,  661,  582,  579,  115,  484,  636,  720,  343,  472,  893,    8,  778,  495,  544,  826,  433,  299,  452,  444,  338,  463,  868,  828,  515,  901,  936,  102,  903,  632,  215,  220,  432,  427,  746,  549,  606,  778,  831,  518,  374,  452,   50,  486,  105,  471,  527,  406,  136,  856,  524,  271],
        [  338,    0,  590,  382,  686,  683,  532,  589,  184,  687, 1018,  373,  881,  176,  734,  837,  802,  206, 1098,  849,  990,  793,  524,  210,  526,  518, 1137,  620,   89,  645,  299,    0,  806,  787,  733,  354,  783,   98,  254,  423,  401,  643,  820,  595,  336, 1150,  409,   52,  969,  621,   87,  234,  748,  486,  903, 1220,  320,  424,  682,  537, 1061,  914,  997,  744,  977,  717,  604,  531,  326,  767,  774,  818,  206,  387,  552,  988, 1061,  467,  947,  151,  607,  898,  281,  461,  825,  313,  982,  566,  589, 1210,  825,  537,  429,  751,  838,  928,   37,  544,  414,  663,  924,  662, 1068,  861,  864,  525,  966,  993,   57,  904,  838,  638,  193,  325,  843,  740,  623,  669, 1015,  306,  805,  554,  710, 1051,  457,   27,  702,  704,  600,  539, 1050, 1086,  813, 1144, 1164,  237, 1030,  813,  482,  501,  597,  718,  997,  644,  552, 1038,  977,  767,  610,  171,  267,  417,  373,  673,  826,  648,  420, 1022,  452,  560],
        [  938,    0,  979,  763,  488, 1103,  375, 1061,  718,  822,  680,  925, 1130,  683, 1155, 1159,  263,  834,  812,  609,  642,  402, 1031,  709,  293,  892,  850,  820,  735, 1033,  522,  806,    0,  134, 1134,  468,  537,  713,  630,  414,  679,  182,  354,  647,  640,  906,  562,  778, 1230,  203,  733,  573,  216,  916,  572,  905,  487,  752,  177,  770, 1019,  760,  994,  100,  660,  160, 1008,  794,  706,  129, 1211,  978,  613,  683,  400, 1028,  828,  340,  944,  905, 1012,  510,  931,  732, 1069,  727,  790,  551,  252,  972,  892,  659,  689,  483,  419,  733,  770,  277,  623,  238,  683,  646,  830, 1215,  318,  310,  894, 1316,  828,  651,  561,  932,  635,  992,  733, 1084,  184,  666, 1088,  515, 1124,  872,  762,  812,  859,  812,  529,  493,  469,  834,  956,  709,  159,  816,  889,  618, 1087,  788,  469,  429,  703,  108,  674,  869, 1051,  666,  997,  557,  547,  969,  543,  959,  434,  657,  239,  538,  389,  980,  992,  252],
        [  871,    0,  882,  683,  365, 1004,  295,  969,  673,  707,  548,  853, 1012,  644, 1053, 1047,  130,  782,  681,  477,  511,  269,  946,  660,  262,  798,  719,  712,  708,  933,  490,  787,  134,    0, 1031,  435,  406,  691,  581,  370,  597,  150,  221,  536,  572,  774,  485,  752, 1112,  171,  707,  557,   88,  828,  439,  776,  474,  666,  106,  670,  888,  627,  863,   67,  528,   71,  911,  694,  636,   22, 1110,  858,  584,  603,  308,  900,  695,  340,  815,  868,  914,  378,  873,  641,  953,  659,  657,  445,  199,  840,  767,  556,  602,  353,  286,  600,  751,  245,  541,  142,  550,  527,  698, 1105,  190,  264,  763, 1201,  801,  518,  429,  827,  603,  933,  603,  977,  205,  547,  960,  483, 1013,  773,  642,  679,  772,  789,  404,  368,  360,  735,  823,  580,   36,  687,  758,  576,  958,  661,  386,  348,  594,   94,  542,  760,  964,  537,  868,  428,  434,  941,  522,  883,  421,  538,  109,  420,  372,  848,  914,  236],
        [  401,    0,  166,  420,  686,   52,  764,  149,  603,  353,  822,  361,  212,  645,   30,  125,  946,  529,  807,  698,  822,  829,  216,  586,  881,  258,  828,  323,  693,  105,  744,  733, 1134, 1031,    0,  767,  706,  722,  627,  777,  482,  962,  890,  497,  552,  794,  596,  694,  260,  945,  699,  781,  946,  262,  785,  898,  819,  407,  957,  364,  566,  625,  502, 1035,  789,  978,  140,  341,  498, 1021,   82,  291,  715,  484,  734,  456,  743,  908,  484,  612,  137,  834,  464,  412,  197,  490,  676,  586,  893,  822,  394,  476,  462,  730,  854,  667,  734,  890,  531,  898,  708,  524,  750,  130,  959,  851,  557,  261,  679,  715,  730,  205,  693,  447,  575,   75, 1004,  507,  438,  747,  110,  264,  433,  744,  311,  707,  658,  691,  671,  302,  609,  885, 1032,  868,  829,  659,  460,  491,  672,  711,  440, 1027,  801,  278,  191,  859,  472,  674,  600,  682,  770,  319,  839,  518,  984,  622,  847,  548,  287,  925],
        [  486,    0,  602,  350,  391,  726,  192,  659,  251,  554,  728,  484,  836,  216,  781,  831,  452,  369,  831,  572,  696,  464,  614,  245,  178,  510,  873,  514,  274,  663,   56,  354,  468,  435,  767,    0,  493,  257,  169,   71,  288,  294,  481,  393,  217,  902,  190,  318,  937,  272,  273,  133,  396,  514,  604,  952,   79,  361,  330,  434,  886,  677,  833,  396,  690,  365,  629,  447,  276,  415,  835,  718,  150,  284,  226,  844,  810,  150,  778,  438,  632,  584,  470,  364,  772,  291,  738,  315,  236,  967,  676,  359,  312,  447,  509,  677,  318,  195,  248,  310,  656,  441,  816,  876,  518,  172,  769,  997,  366,  629,  547,  594,  170,  532,  615,  739,  291,  457,  889,   49,  794,  512,  536,  797,  460,  354,  421,  409,  304,  479,  851,  790,  460,  867,  905,  151,  898,  618,  185,  181,  427,  372,  710,  557,  639,  740,  823,  486,  350,  507,   93,  524,   73,  455,  473,  378,   88,  843,  561,  217],
        [  697,    0,  588,  493,  102,  693,  316,  691,  609,  354,  238,  659,  638,  608,  733,  690,  285,  674,  341,   85,  208,  142,  693,  585,  435,  530,  383,  390,  695,  624,  527,  783,  537,  406,  706,  493,    0,  696,  530,  433,  420,  428,  203,  244,  456,  419,  375,  734,  731,  426,  697,  615,  321,  576,  121,  461,  569,  454,  387,  392,  484,  227,  458,  444,  198,  386,  616,  418,  494,  408,  787,  479,  596,  433,  273,  495,  329,  524,  410,  792,  618,  138,  727,  412,  584,  517,  270,  221,  391,  486,  376,  299,  404,   58,  153,  208,  754,  430,  383,  329,  171,  190,  334,  751,  269,  403,  359,  829,  767,  141,   56,  506,  599,  775,  198,  639,  503,  203,  557,  523,  661,  485,  275,  315,  533,  771,   82,   84,  190,  454,  424,  304,  390,  375,  418,  549,  554,  263,  314,  312,  288,  453,  219,  430,  701,  255,  463,   32,  178,  884,  576,  671,  538,  192,  320,  139,  501,  444,  688,  457],
        [  347,    0,  568,  335,  597,  673,  436,  584,  127,  630,  932,  371,  851,   98,  727,  816,  705,  204, 1017,  765,  904,  699,  523,  150,  430,  488, 1057,  568,   34,  627,  202,   98,  713,  691,  722,  257,  696,    0,  170,  326,  335,  547,  725,  521,  262, 1074,  324,   67,  943,  525,   28,  141,  651,  464,  815, 1140,  227,  372,  585,  482, 1001,  838,  939,  648,  891,  621,  586,  481,  267,  670,  772,  772,  110,  323,  458,  934,  984,  374,  887,  209,  590,  807,  302,  403,  792,  260,  905,  483,  492, 1135,  768,  466,  365,  661,  745,  850,   62,  448,  338,  566,  842,  586,  990,  847,  768,  428,  899,  978,  118,  820,  751,  603,   98,  356,  769,  719,  530,  595,  966,  209,  782,  516,  645,  973,  426,  100,  616,  615,  510,  495,  984,  999,  716, 1061, 1085,  147,  979,  745,  390,  406,  530,  623,  912,  598,  551,  950,  921,  681,  526,  258,  171,  417,  280,  597,  728,  563,  325,  960,  455,  465],
