{
    "name": "random-26-13792",
    "comment": "size=26 seed=13792",
    "nodes": ["+0", "-0", "+1", "-1", "+2", "-2", "+3", "-3", "+4", "-4", "+5", "-5", "+6", "-6", "+7", "-7", "+8", "-8", "+9", "-9", "+10", "-10", "+11", "-11", "+12", "-12", "+13", "-13", "+14", "-14", "+15", "-15", "+16", "-16", "+17", "-17", "+18", "-18", "+19", "-19", "+20", "-20", "+21", "-21", "+22", "-22", "+23", "-23", "+24", "-24", "+25", "-25", "+26", "-26"],
    "precedence": {
        "+0": "-0",
        "+1": "-1",
        "+2": "-2",
        "+3": "-3",
        "+4": "-4",
        "+5": "-5",
        "+6": "-6",
        "+7": "-7",
        "+8": "-8",
        "+9": "-9",
        "+10": "-10",
        "+11": "-11",
        "+12": "-12",
        "+13": "-13",
        "+14": "-14",
        "+15": "-15",
        "+16": "-16",
        "+17": "-17",
        "+18": "-18",
        "+19": "-19",
        "+20": "-20",
        "+21": "-21",
        "+22": "-22",
        "+23": "-23",
        "+24": "-24",
        "+25": "-25",
        "+26": "-26"
    },
    "edges": [
        [    0,    0,  430,  593,  923,  484,  277,  883,  315,  844,  443,  952,  381,  134,  403,  705,  261,  186,  156,  248,  430,  257,  709,  670,  473,  284,  331,  675,  717,  399,  715,  343,  620,  242,  629,  527,  710,  113,  788,  676,  273,   32,  391,  415,  954,   62,  700,  198,  274,  811,  436,  266,  722,  613],
        [    0,    0,  430,  593,  923,  484,  277,  883,  315,  844,  443,  952,  381,  134,  403,  705,  261,  186,  156,  248,  430,  257,  709,  670,  473,  284,  331,  675,  717,  399,  715,  343,  620,  242,  629,  527,  710,  113,  788,  676,  273,   32,  391,  415,  954,   62,  700,  198,  274,  811,  436,  266,  722,  613],
        [  430,  430,    0,  542,  873,  455,  162,  819,  721, 1127,  148,  901,   60,  401,  797, 1053,  200,  268,  445,  607,  768,  682,  989,  519,  233,  681,  760,  883,  824,  801,  953,  141,  618,  655,  998,  431,  683,  525,  728,  807,  694,  403,  242,  533,  899,  369,  838,  622,  702,  923,  513,  673,  933,  441],
        [  593,  593,  542,    0,  347,  111,  564,  299,  669,  744,  399,  376,  563,  687,  687,  780,  604,  464,  455,  532,  568,  707,  629,  141,  318,  625,  800,  465,  324,  955,  550,  427,   87,  650,  777,  113,  142,  697,  202,  331,  697,  596,  307,  229,  376,  555,  362,  663,  783,  412,  185,  830,  506,  166],
        [  923,  923,  873,  347,    0,  456,  909,   56,  929,  767,  726,   30,  901, 1027,  919,  896,  950,  809,  774,  809,  778,  989,  702,  362,  641,  892, 1077,  527,  332, 1254,  599,  769,  304,  931,  930,  450,  214, 1019,  147,  381,  974,  930,  649,  517,   32,  891,  390,  957, 1075,  335,  488, 1139,  540,  439],
        [  484,  484,  455,  111,  456,    0,  459,  409,  586,  747,  319,  485,  469,  577,  615,  750,  498,  354,  351,  445,  510,  614,  621,  204,  248,  541,  708,  475,  374,  854,  556,  330,  167,  559,  732,   75,  245,  590,  312,  366,  606,  486,  214,  163,  485,  444,  398,  566,  686,  472,  117,  727,  521,  181],
        [  277,  277,  162,  564,  909,  459,    0,  859,  583, 1042,  238,  938,  106,  241,  664,  943,   48,  152,  328,  483,  656,  534,  904,  581,  307,  546,  607,  822,  799,  640,  883,  150,  625,  513,  878,  461,  703,  366,  763,  772,  548,  248,  265,  487,  938,  221,  802,  474,  546,  899,  480,  512,  872,  506],
        [  883,  883,  819,  299,   56,  409,  859,    0,  905,  781,  672,   83,  848,  984,  900,  896,  901,  763,  736,  781,  762,  961,  707,  307,  587,  866, 1050,  530,  333, 1223,  606,  717,  265,  902,  925,  399,  175,  982,   98,  378,  946,  888,  597,  483,   80,  849,  392,  926, 1045,  352,  451, 1105,  548,  384],
        [  315,  315,  721,  669,  929,  586,  583,  905,    0,  593,  693,  955,  681,  426,   93,  413,  573,  455,  289,  142,  193,   99,  475,  789,  692,   47,  155,  515,  639,  356,  520,  607,  653,   75,  325,  653,  738,  287,  823,  587,   72,  347,  604,  441,  960,  364,  598,  129,  185,  711,  484,  288,  549,  759],
        [  844,  844, 1127,  744,  767,  747, 1042,  781,  593,    0, 1028,  778, 1111,  976,  512,  234, 1055,  891,  723,  598,  419,  691,  139,  881,  979,  595,  724,  280,  458,  925,  195,  987,  668,  655,  328,  816,  695,  862,  754,  426,  664,  872,  912,  608,  786,  866,  402,  711,  774,  433,  643,  880,  243,  905],
        [  443,  443,  148,  399,  726,  319,  238,  672,  693, 1028,    0,  754,  184,  459,  757,  981,  285,  257,  405,  563,  703,  674,  894,  373,   86,  649,  761,  772,  693,  838,  846,  102,  477,  636,  937,  287,  538,  551,  581,  681,  680,  423,  117,  422,  752,  381,  712,  614,  712,  791,  394,  705,  821,  294],
        [  952,  952,  901,  376,   30,  485,  938,   83,  955,  778,  754,    0,  929, 1056,  943,  913,  979,  838,  802,  836,  802, 1016,  717,  389,  669,  917, 1103,  544,  350, 1281,  614,  797,  333,  957,  949,  478,  243, 1048,  176,  400, 1000,  959,  677,  545,   10,  920,  408,  984, 1102,  346,  517, 1167,  555,  466],
        [  381,  381,   60,  563,  901,  469,  106,  848,  681, 1111,  184,  929,    0,  344,  759, 1026,  141,  232,  412,  573,  740,  636,  972,  554,  267,  642,  711,  876,  829,  745,  942,  140,  634,  612,  967,  453,  704,  471,  755,  809,  649,  353,  257,  529,  928,  322,  840,  576,  651,  930,  514,  617,  926,  476],
        [  134,  134,  401,  687, 1027,  577,  241,  984,  426,  976,  459, 1056,  344,    0,  517,  829,  205,  232,  283,  379,  559,  350,  842,  745,  509,  403,  402,  807,  841,  402,  848,  358,  725,  352,  748,  607,  813,  151,  887,  803,  371,  111,  440,  532, 1058,  139,  827,  299,  333,  938,  547,  279,  854,  680],
        [  403,  403,  797,  687,  919,  615,  664,  900,   93,  512,  757,  943,  759,  517,    0,  322,  658,  530,  355,  194,  145,  186,  401,  815,  748,  120,  214,  466,  612,  419,  458,  677,  660,  167,  233,  686,  739,  379,  824,  559,  159,  435,  661,  459,  949,  448,  565,  221,  263,  674,  505,  369,  495,  793],
        [  705,  705, 1053,  780,  896,  750,  943,  896,  413,  234,  981,  913, 1026,  829,  322,    0,  945,  795,  616,  463,  287,  507,  202,  921,  948,  428,  520,  369,  565,  713,  304,  919,  721,  484,  101,  824,  774,  698,  847,  519,  480,  736,  870,  590,  921,  741,  506,  540,  578,  579,  634,  686,  363,  926],
        [  261,  261,  200,  604,  950,  498,   48,  901,  573, 1055,  285,  979,  141,  205,  658,  945,    0,  171,  334,  483,  660,  517,  916,  626,  354,  539,  585,  843,  829,  606,  900,  197,  662,  501,  877,  504,  742,  339,  804,  800,  533,  230,  309,  514,  979,  210,  829,  459,  522,  929,  512,  481,  893,  552],
        [  186,  186,  268,  464,  809,  354,  152,  763,  455,  891,  257,  838,  232,  232,  530,  795,  171,    0,  181,  341,  509,  423,  752,  514,  289,  414,  507,  673,  663,  584,  732,  160,  512,  391,  735,  377,  596,  297,  666,  632,  431,  169,  212,  347,  839,  126,  661,  362,  456,  763,  348,  450,  723,  449],
        [  156,  156,  445,  455,  774,  351,  328,  736,  289,  723,  405,  802,  412,  283,  355,  616,  334,  181,    0,  163,  330,  281,  585,  548,  407,  245,  374,  529,  561,  504,  577,  322,  472,  236,  555,  405,  562,  246,  643,  521,  282,  173,  319,  261,  805,  150,  545,  226,  341,  656,  286,  377,  578,  502],
        [  248,  248,  607,  532,  809,  445,  483,  781,  142,  598,  563,  836,  573,  379,  194,  463,  483,  341,  163,    0,  183,  181,  464,  649,  556,   96,  270,  453,  541,  448,  480,  484,  523,  122,  395,  512,  610,  275,  695,  493,  167,  277,  468,  306,  840,  278,  509,  153,  268,  624,  348,  345,  496,  617],
        [  430,  430,  768,  568,  778,  510,  656,  762,  193,  419,  703,  802,  740,  559,  145,  287,  660,  509,  330,  183,    0,  287,  291,  703,  679,  181,  344,  325,  467,  548,  328,  636,  531,  242,  235,  584,  606,  444,  689,  415,  261,  459,  596,  348,  808,  459,  421,  296,  377,  529,  395,  477,  358,  691],
        [  257,  257,  682,  707,  989,  614,  534,  961,   99,  691,  674, 1016,  636,  350,  186,  507,  517,  423,  281,  181,  287,    0,  573,  817,  685,  110,   95,  604,  714,  272,  614,  581,  702,   59,  416,  676,  790,  203,  874,  664,   28,  288,  597,  484, 1020,  314,  678,   61,   93,  791,  523,  191,  641,  778],
        [  709,  709,  989,  629,  702,  621,  904,  707,  475,  139,  894,  717,  972,  842,  401,  202,  916,  752,  585,  464,  291,  573,    0,  769,  847,  471,  615,  179,  375,  820,  104,  850,  559,  532,  267,  692,  599,  733,  666,  333,  546,  737,  778,  476,  725,  729,  316,  586,  659,  379,  513,  763,  163,  786],
        [  670,  670,  519,  141,  362,  204,  581,  307,  789,  881,  373,  389,  554,  745,  815,  921,  626,  514,  548,  649,  703,  817,  769,    0,  288,  744,  911,  602,  446, 1051,  687,  432,  214,  762,  916,  144,  218,  780,  226,  461,  810,  666,  317,  357,  386,  622,  490,  768,  887,  523,  311,  922,  641,   79],
        [  473,  473,  233,  318,  641,  248,  307,  587,  692,  979,   86,  669,  267,  509,  748,  948,  354,  289,  407,  556,  679,  685,  847,  288,    0,  647,  776,  714,  621,  871,  792,  158,  399,  642,  913,  206,  456,  585,  497,  613,  688,  458,   89,  371,  667,  414,  645,  627,  733,  717,  337,  738,  762,  210],
        [  284,  284,  681,  625,  892,  541,  546,  866,   47,  595,  649,  917,  642,  403,  120,  428,  539,  414,  245,   96,  181,  110,  471,  744,  647,    0,  186,  494,  608,  380,  506,  564,  612,   62,  346,  608,  697,  272,  782,  557,   87,  316,  559,  397,  922,  329,  570,  117,  202,  683,  440,  297,  532,  713],
        [  331,  331,  760,  800, 1077,  708,  607, 1050,  155,  724,  761, 1103,  711,  402,  214,  520,  585,  507,  374,  270,  344,   95,  615,  911,  776,  186,    0,  668,  792,  205,  669,  666,  793,  150,  422,  770,  880,  252,  965,  741,  104,  359,  688,  575, 1107,  392,  753,  149,   72,  865,  616,  173,  701,  872],
        [  675,  675,  883,  465,  527,  475,  822,  530,  515,  280,  772,  544,  876,  807,  466,  369,  843,  673,  529,  453,  325,  604,  179,  602,  714,  494,  668,    0,  198,  871,   86,  744,  389,  552,  411,  541,  422,  726,  488,  155,  580,  698,  655,  351,  552,  679,  138,  599,  696,  219,  378,  789,   51,  627],
        [  717,  717,  824,  324,  332,  374,  799,  333,  639,  458,  693,  350,  829,  841,  612,  565,  829,  663,  561,  541,  467,  714,  375,  446,  621,  608,  792,  198,    0,  985,  275,  690,  238,  657,  600,  423,  242,  792,  297,   53,  694,  733,  583,  317,  358,  704,   60,  694,  805,  101,  319,  886,  218,  488],
        [  399,  399,  801,  955, 1254,  854,  640, 1223,  356,  925,  838, 1281,  745,  402,  419,  713,  606,  584,  504,  448,  548,  272,  820, 1051,  871,  380,  205,  871,  985,    0,  873,  737,  960,  329,  613,  907, 1050,  287, 1133,  935,  293,  416,  789,  741, 1285,  459,  949,  298,  181, 1063,  777,  134,  905, 1002],
        [  715,  715,  953,  550,  599,  556,  883,  606,  520,  195,  846,  614,  942,  848,  458,  304,  900,  732,  577,  480,  328,  614,  104,  687,  792,  506,  669,   86,  275,  873,    0,  813,  474,  566,  361,  623,  506,  755,  569,  237,  588,  740,  730,  424,  622,  726,  216,  617,  704,  275,  455,  803,   60,  711],
        [  343,  343,  141,  427,  769,  330,  150,  717,  607,  987,  102,  797,  140,  358,  677,  919,  197,  160,  322,  484,  636,  581,  850,  432,  158,  564,  666,  744,  690,  737,  813,    0,  496,  546,  868,  320,  568,  451,  622,  671,  588,  323,  121,  394,  796,  282,  702,  521,  615,  791,  376,  604,  793,  357],
        [  620,  620,  618,   87,  304,  167,  625,  265,  653,  668,  477,  333,  634,  725,  660,  721,  662,  512,  472,  523,  531,  702,  559,  214,  399,  612,  793,  389,  238,  960,  474,  496,    0,  644,  726,  194,   91,  717,  173,  248,  689,  627,  378,  220,  335,  588,  278,  664,  784,  325,  186,  841,  427,  251],
        [  242,  242,  655,  650,  931,  559,  513,  902,   75,  655,  636,  957,  612,  352,  167,  484,  501,  391,  236,  122,  242,   59,  532,  762,  642,   62,  150,  552,  657,  329,  566,  546,  644,    0,  398,  622,  731,  215,  816,  607,   48,  273,  554,  426,  962,  293,  621,   57,  149,  735,  466,  238,  590,  725],
        [  629,  629,  998,  777,  930,  732,  878,  925,  325,  328,  937,  949,  967,  748,  233,  101,  877,  735,  555,  395,  235,  416,  267,  916,  913,  346,  422,  411,  600,  613,  361,  868,  726,  398,    0,  807,  788,  612,  867,  550,  389,  660,  830,  570,  956,  669,  542,  453,  482,  628,  616,  590,  416,  912],
        [  527,  527,  431,  113,  450,   75,  461,  399,  653,  816,  287,  478,  453,  607,  686,  824,  504,  377,  405,  512,  584,  676,  692,  144,  206,  608,  770,  541,  423,  907,  623,  320,  194,  622,  807,    0,  253,  636,  303,  422,  670,  524,  200,  238,  478,  481,  453,  626,  744,  516,  192,  778,  585,  108],
        [  710,  710,  683,  142,  214,  245,  703,  175,  738,  695,  538,  243,  704,  813,  739,  774,  742,  596,  562,  610,  606,  790,  599,  218,  456,  697,  880,  422,  242, 1050,  506,  568,   91,  731,  788,  253,    0,  807,   86,  270,  776,  716,  449,  309,  245,  677,  294,  753,  873,  309,  277,  931,  453,  277],
        [  113,  113,  525,  697, 1019,  590,  366,  982,  287,  862,  551, 1048,  471,  151,  379,  698,  339,  297,  246,  275,  444,  203,  733,  780,  585,  272,  252,  726,  792,  287,  755,  451,  717,  215,  612,  636,  807,    0,  888,  748,  226,  129,  504,  505, 1051,  172,  768,  159,  185,  882,  532,  154,  769,  725],
        [  788,  788,  728,  202,  147,  312,  763,   98,  823,  754,  581,  176,  755,  887,  824,  847,  804,  666,  643,  695,  689,  874,  666,  226,  497,  782,  965,  488,  297, 1133,  569,  622,  173,  816,  867,  303,   86,  888,    0,  334,  861,  792,  502,  393,  175,  753,  354,  837,  957,  344,  358, 1014,  514,  299],
        [  676,  676,  807,  331,  381,  366,  772,  378,  587,  426,  681,  400,  809,  803,  559,  519,  800,  632,  521,  493,  415,  664,  333,  461,  613,  557,  741,  155,   53,  935,  237,  671,  248,  607,  550,  422,  270,  748,  334,    0,  643,  694,  568,  287,  408,  667,   32,  645,  755,  136,  296,  837,  184,  496],
        [  273,  273,  694,  697,  974,  606,  548,  946,   72,  664,  680, 1000,  649,  371,  159,  480,  533,  431,  282,  167,  261,   28,  546,  810,  688,   87,  104,  580,  694,  293,  588,  588,  689,   48,  389,  670,  776,  226,  861,  643,    0,  304,  600,  472, 1005,  328,  656,   75,  117,  770,  513,  217,  616,  773],
        [   32,   32,  403,  596,  930,  486,  248,  888,  347,  872,  423,  959,  353,  111,  435,  736,  230,  169,  173,  277,  459,  288,  737,  666,  458,  316,  359,  698,  733,  416,  740,  323,  627,  273,  660,  524,  716,  129,  792,  694,  304,    0,  379,  427,  961,   45,  718,  229,  300,  829,  445,  282,  745,  607],
        [  391,  391,  242,  307,  649,  214,  265,  597,  604,  912,  117,  677,  257,  440,  661,  870,  309,  212,  319,  468,  596,  597,  778,  317,   89,  559,  688,  655,  583,  789,  730,  121,  378,  554,  830,  200,  449,  504,  502,  568,  600,  379,    0,  306,  677,  334,  600,  539,  647,  682,  279,  656,  705,  246],
        [  415,  415,  533,  229,  517,  163,  487,  483,  441,  608,  422,  545,  529,  532,  459,  590,  514,  347,  261,  306,  348,  484,  476,  357,  371,  397,  575,  351,  317,  741,  424,  394,  220,  426,  570,  238,  309,  505,  393,  287,  472,  427,  306,    0,  548,  394,  316,  445,  565,  417,   48,  623,  401,  344],
        [  954,  954,  899,  376,   32,  485,  938,   80,  960,  786,  752,   10,  928, 1058,  949,  921,  979,  839,  805,  840,  808, 1020,  725,  386,  667,  922, 1107,  552,  358, 1285,  622,  796,  335,  962,  956,  478,  245, 1051,  175,  408, 1005,  961,  677,  548,    0,  922,  416,  988, 1106,  355,  519, 1170,  563,  463],
        [   62,   62,  369,  555,  891,  444,  221,  849,  364,  866,  381,  920,  322,  139,  448,  741,  210,  126,  150,  278,  459,  314,  729,  622,  414,  329,  392,  679,  704,  459,  726,  282,  588,  293,  669,  481,  677,  172,  753,  667,  328,   45,  334,  394,  922,    0,  692,  254,  336,  801,  409,  325,  727,  563],
        [  700,  700,  838,  362,  390,  398,  802,  392,  598,  402,  712,  408,  840,  827,  565,  506,  829,  661,  545,  509,  421,  678,  316,  490,  645,  570,  753,  138,   60,  949,  216,  702,  278,  621,  542,  453,  294,  768,  354,   32,  656,  718,  600,  316,  416,  692,    0,  661,  769,  115,  327,  854,  161,  527],
        [  198,  198,  622,  663,  957,  566,  474,  926,  129,  711,  614,  984,  576,  299,  221,  540,  459,  362,  226,  153,  296,   61,  586,  768,  627,  117,  149,  599,  694,  298,  617,  521,  664,   57,  453,  626,  753,  159,  837,  645,   75,  229,  539,  445,  988,  254,  661,    0,  121,  776,  482,  193,  639,  726],
        [  274,  274,  702,  783, 1075,  686,  546, 1045,  185,  774,  712, 1102,  651,  333,  263,  578,  522,  456,  341,  268,  377,   93,  659,  887,  733,  202,   72,  696,  805,  181,  704,  615,  784,  149,  482,  744,  873,  185,  957,  755,  117,  300,  647,  565, 1106,  336,  769,  121,    0,  883,  602,  108,  732,  843],
        [  811,  811,  923,  412,  335,  472,  899,  352,  711,  433,  791,  346,  930,  938,  674,  579,  929,  763,  656,  624,  529,  791,  379,  523,  717,  683,  865,  219,  101, 1063,  275,  791,  325,  735,  628,  516,  309,  882,  344,  136,  770,  829,  682,  417,  355,  801,  115,  776,  883,    0,  420,  968,  217,  573],
        [  436,  436,  513,  185,  488,  117,  480,  451,  484,  643,  394,  517,  514,  547,  505,  634,  512,  348,  286,  348,  395,  523,  513,  311,  337,  440,  616,  378,  319,  777,  455,  376,  186,  466,  616,  192,  277,  532,  358,  296,  513,  445,  279,   48,  519,  409,  327,  482,  602,  420,    0,  656,  427,  297],
        [  266,  266,  673,  830, 1139,  727,  512, 1105,  288,  880,  705, 1167,  617,  279,  369,  686,  481,  450,  377,  345,  477,  191,  763,  922,  738,  297,  173,  789,  886,  134,  803,  604,  841,  238,  590,  778,  931,  154, 1014,  837,  217,  282,  656,  623, 1170,  325,  854,  193,  108,  968,  656,    0,  828,  871],
        [  722,  722,  933,  506,  540,  521,  872,  548,  549,  243,  821,  555,  926,  854,  495,  363,  893,  723,  578,  496,  358,  641,  163,  641,  762,  532,  701,   51,  218,  905,   60,  793,  427,  590,  416,  585,  453,  769,  514,  184,  616,  745,  705,  401,  563,  727,  161,  639,  732,  217,  427,  828,    0,  669],
        [  613,  613,  441,  166,  439,  181,  506,  384,  759,  905,  294,  466,  476,  680,  793,  926,  552,  449,  502,  617,  691,  778,  786,   79,  210,  713,  872,  627,  488, 1002,  711,  357,  251,  725,  912,  108,  277,  725,  299,  496,  773,  607,  246,  344,  463,  563,  527,  726,  843,  573,  297,  871,  669,    0]
    ]
}
