{
    "name": "random-48-20319",
    "comment": "size=48 seed=20319",
    "nodes": ["+0", "-0", "+1", "-1", "+2", "-2", "+3", "-3", "+4", "-4", "+5", "-5", "+6", "-6", "+7", "-7", "+8", "-8", "+9", "-9", "+10", "-10", "+11", "-11", "+12", "-12", "+13", "-13", "+14", "-14", "+15", "-15", "+16", "-16", "+17", "-17", "+18", "-18", "+19", "-19", "+20", "-20", "+21", "-21", "+22", "-22", "+23", "-23", "+24", "-24", "+25", "-25", "+26", "-26", "+27", "-27", "+28", "-28", "+29", "-29", "+30", "-30", "+31", "-31", "+32", "-32", "+33", "-33", "+34", "-34", "+35", "-35", "+36", "-36", "+37", "-37", "+38", "-38", "+39", "-39", "+40", "-40", "+41", "-41", "+42", "-42", "+43", "-43", "+44", "-44", "+45", "-45", "+46", "-46", "+47", "-47", "+48", "-48"],
    "precedence": {
        "+0": "-0",
        "+1": "-1",
        "+2": "-2",
        "+3": "-3",
        "+4": "-4",
        "+5": "-5",
        "+6": "-6",
        "+7": "-7",
        "+8": "-8",
        "+9": "-9",
        "+10": "-10",
        "+11": "-11",
        "+12": "-12",
        "+13": "-13",
        "+14": "-14",
        "+15": "-15",
        "+16": "-16",
        "+17": "-17",
        "+18": "-18",
        "+19": "-19",
        "+20": "-20",
        "+21": "-21",
        "+22": "-22",
        "+23": "-23",
        "+24": "-24",
        "+25": "-25",
        "+26": "-26",
        "+27": "-27",
        "+28": "-28",
        "+29": "-29",
        "+30": "-30",
        "+31": "-31",
        "+32": "-32",
        "+33": "-33",
        "+34": "-34",
        "+35": "-35",
        "+36": "-36",
        "+37": "-37",
        "+38": "-38",
        "+39": "-39",
        "+40": "-40",
        "+41": "-41",
        "+42": "-42",
        "+43": "-43",
        "+44": "-44",
        "+45": "-45",
        "+46": "-46",
        "+47": "-47",
        "+48": "-48"
    },
    "edges": [
        [    0,    0,  600,  673,  320,  675,  620,  302,  261,  400,  371,  134,  390,  553,  730,  470,  204,  706,  359,  511,  254,   98,  299,  313,  514,  575,  239,  248,  582,  403,  701,  367,  578,  130,  227,  622,  628,  322,  472,  178,  639,  133,  323,  423,  558,  343,  298,  377,  658,  403,  541,  621,  469,  370,  429,   96,  287,  210,  423,  441,  596,  590,  330,  271,  324,  358,  226,  448,  685,  424,  276,  130,  344,  420,  519,  282,  689,   72,  492,  653,  251,  502,  394,  156,  349,  490,  202,  217,  219,  245,  356,  482,  182,  129,  426,  479,  392,   84],
        [    0,    0,    0,    0,    0,    0,    0,    0,    0,    0,    0,    0,    0,    0,    0,    0,    0,    0,    0,    0,    0,    0,    0,    0,    0,    0,    0,    0,    0,    0,    0,    0,    0,    0,    0,    0,    0,    0,    0,    0,    0,    0,    0,    0,    0,    0,    0,    0,    0,    0,    0,    0,    0,    0,    0,    0,    0,    0,    0,    0,    0,    0,    0,    0,    0,    0,    0,    0,    0,    0,    0,    0,    0,    0,    0,    0,    0,    0,    0,    0,    0,    0,    0,    0,    0,    0,    0,    0,    0,    0,    0,    0,    0,    0,    0,    0,    0,    0],
        [  600,    0,    0,  353,  362,   80,  898,  707,  804,  344,  419,  469,  594,  386,  212,  876,  422,  185,  540,  192,  817,  518,  450,  816,  670,  123,  795,  354,  630,  504,  225,  959,  791,  730,  469,  781,   69,  908, 1070,  427,  774,  660,  718,  996,  671,  412,  568,  478,  839,  558,  405,  362,  774,  270,  931,  695,  655,  699, 1021, 1038,  642,  279,  516,  798,  726,  635,  815,  571,  851,  209,  338,  728,  903,  746,  529,  835,   95,  609,  109,  828,  358,  333,  646,  723,  540,  659,  406,  385,  804,  485,  428,  222,  441,  515,  216,  368,  682,  677],
        [  673,    0,  353,    0,  353,  341,  680,  617,  773,  618,  680,  553,  843,  713,  214,  735,  472,  220,  786,  215,  802,  575,  677,  752,  947,  468,  778,  499,  934,  351,  167,  964,  564,  787,  456,  529,  419,  991, 1118,  509,  511,  663,  618,  966,  427,  341,  786,  350,  585,  398,  167,   62,  602,  511,  842,  752,  566,  662, 1069, 1051,  372,   97,  753,  756,  627,  503,  830,  844,  587,  304,  515,  776,  869,  595,  830,  808,  403,  643,  364,  573,  447,  173,  494,  733,  418,  930,  548,  520,  817,  686,  337,  222,  493,  548,  294,  674,  913,  756],
        [  320,    0,  362,  353,    0,  421,  562,  346,  459,  384,  417,  203,  547,  531,  431,  516,  120,  411,  493,  211,  480,  222,  385,  460,  667,  400,  456,  189,  687,  182,  395,  635,  469,  438,  117,  479,  415,  640,  775,  162,  481,  327,  357,  655,  377,   69,  472,  147,  533,  225,  235,  303,  424,  282,  572,  402,  293,  348,  726,  720,  380,  271,  458,  448,  365,  280,  494,  570,  552,  154,  225,  428,  559,  391,  591,  493,  456,  295,  271,  523,  118,  184,  297,  396,  191,  646,  222,  196,  481,  373,   93,  177,  141,  197,  147,  466,  599,  403],
        [  675,    0,   80,  341,  421,    0,  937,  766,  872,  419,  495,  543,  670,  446,  161,  929,  492,  138,  616,  228,  887,  591,  529,  880,  742,  182,  864,  431,  695,  547,  188, 1032,  827,  805,  533,  811,  103,  986, 1146,  501,  801,  730,  776, 1065,  700,  464,  647,  524,  869,  601,  425,  363,  821,  349,  992,  770,  713,  764, 1097, 1112,  665,  285,  594,  864,  784,  686,  887,  644,  879,  270,  417,  803,  971,  796,  596,  904,   63,  681,  186,  858,  430,  361,  694,  794,  590,  731,  484,  462,  877,  565,  478,  263,  512,  585,  275,  436,  758,  754],
        [  620,    0,  898,  680,  562,  937,    0,  319,  451,  921,  930,  626, 1002, 1078,  873,  204,  586,  867,  961,  710,  491,  584,  873,  378, 1128,  957,  479,  709, 1182,  395,  825,  607,  116,  624,  503,  165,  960,  774,  788,  624,  193,  495,  298,  540,  253,  498,  910,  424,  130,  342,  528,  624,  154,  832,  357,  611,  337,  420,  756,  677,  315,  674,  927,  423,  298,  294,  561, 1050,  151,  701,  752,  603,  480,  202, 1102,  468,  986,  549,  824,  139,  643,  579,  268,  518,  372, 1104,  708,  696,  550,  834,  477,  677,  585,  548,  691, 1007, 1011,  653],
        [  302,    0,  707,  617,  346,  766,  319,    0,  180,  640,  636,  329,  688,  799,  756,  184,  314,  740,  651,  547,  220,  279,  571,  138,  814,  733,  199,  434,  874,  267,  714,  376,  293,  314,  243,  349,  758,  489,  553,  340,  372,  176,   22,  355,  321,  306,  596,  270,  373,  227,  452,  556,  171,  568,  230,  295,   54,  105,  510,  462,  381,  567,  619,  156,   24,  124,  278,  741,  401,  499,  477,  292,  262,  123,  801,  212,  802,  231,  612,  371,  382,  459,  150,  210,  200,  790,  418,  414,  264,  527,  298,  512,  305,  249,  493,  726,  693,  335],
        [  261,    0,  804,  773,  459,  872,  451,  180,    0,  657,  632,  356,  637,  812,  888,  258,  383,  869,  613,  669,   42,  299,  559,   74,  754,  804,   31,  478,  833,  432,  850,  198,  456,  196,  343,  517,  845,  324,  373,  387,  543,  148,  193,  197,  500,  440,  547,  426,  532,  399,  613,  713,  327,  612,  172,  198,  218,  113,  331,  284,  560,  711,  586,   28,  186,  301,  111,  700,  561,  603,  515,  176,  101,  285,  777,   35,  898,  212,  699,  532,  450,  606,  329,  107,  362,  731,  444,  451,  100,  505,  439,  635,  365,  292,  600,  738,  617,  245],
        [  400,    0,  344,  618,  384,  419,  921,  640,  657,    0,   76,  313,  251,  160,  547,  823,  336,  519,  198,  403,  653,  368,  130,  698,  334,  250,  637,  213,  318,  564,  546,  756,  841,  513,  419,  859,  329,  645,  821,  302,  864,  514,  658,  821,  760,  452,  238,  529,  910,  602,  579,  596,  771,  111,  819,  487,  600,  581,  776,  820,  763,  523,  179,  663,  663,  628,  622,  232,  931,  322,  169,  520,  743,  728,  216,  680,  399,  447,  267,  902,  281,  504,  655,  554,  558,  320,  222,  228,  616,  183,  476,  402,  339,  391,  334,   87,  341,  451],
        [  371,    0,  419,  680,  417,  495,  930,  636,  632,   76,    0,  308,  176,  185,  620,  818,  349,  592,  122,  465,  624,  358,   75,  679,  267,  326,  609,  232,  270,  592,  617,  714,  858,  473,  432,  881,  405,  587,  766,  308,  888,  495,  655,  785,  787,  483,  166,  557,  930,  625,  627,  654,  778,  170,  799,  450,  601,  567,  722,  773,  796,  584,  105,  641,  659,  638,  585,  165,  953,  378,  193,  483,  713,  733,  175,  652,  475,  427,  338,  922,  305,  555,  668,  526,  577,  251,  223,  237,  581,  133,  507,  460,  347,  387,  389,  116,  265,  410],
        [  134,    0,  469,  553,  203,  543,  626,  329,  356,  313,  308,    0,  387,  473,  597,  512,   84,  573,  341,  380,  360,   57,  248,  389,  513,  453,  340,  124,  558,  328,  570,  492,  561,  263,  145,  592,  500,  453,  605,   46,  604,  208,  348,  537,  510,  242,  300,  296,  637,  346,  435,  504,  473,  257,  510,  228,  293,  270,  556,  570,  534,  465,  305,  357,  352,  337,  348,  428,  661,  291,  160,  260,  450,  427,  477,  383,  559,  146,  361,  630,  118,  385,  369,  262,  293,  490,   92,   95,  339,  212,  261,  353,   65,   80,  294,  398,  419,  215],
        [  390,    0,  594,  843,  547,  670, 1002,  688,  637,  251,  176,  387,    0,  298,  795,  860,  453,  767,   58,  630,  618,  420,  167,  698,  127,  498,  610,  361,  198,  707,  790,  670,  945,  450,  529,  978,  578,  502,  680,  406,  990,  523,  709,  754,  895,  607,   93,  673, 1022,  730,  773,  811,  848,  340,  808,  440,  665,  600,  642,  712,  915,  747,   91,  653,  711,  720,  564,   73, 1047,  539,  333,  467,  699,  800,  171,  649,  648,  460,  511, 1016,  430,  705,  754,  532,  678,  104,  328,  352,  564,  178,  629,  622,  443,  458,  549,  256,   96,  393],
        [  553,    0,  386,  713,  531,  446, 1078,  799,  812,  160,  185,  473,  298,    0,  598,  983,  494,  571,  267,  505,  806,  526,  260,  856,  320,  266,  791,  370,  253,  712,  609,  899,  995,  658,  576, 1009,  344,  767,  947,  461, 1012,  671,  817,  969,  907,  599,  333,  677, 1062,  753,  703,  702,  929,  250,  976,  634,  759,  739,  903,  958,  904,  623,  270,  819,  823,  785,  770,  242, 1082,  440,  326,  668,  895,  887,  162,  834,  406,  603,  350, 1053,  435,  625,  811,  708,  711,  317,  382,  387,  765,  317,  623,  513,  498,  551,  453,   75,  392,  595],
        [  730,    0,  212,  214,  431,  161,  873,  756,  888,  547,  620,  597,  795,  598,    0,  900,  530,   29,  739,  222,  910,  636,  641,  883,  879,  333,  886,  505,  842,  506,   50, 1065,  759,  856,  547,  731,  260, 1050, 1198,  552,  716,  757,  762, 1084,  624,  452,  759,  492,  789,  560,  345,  257,  777,  458,  986,  820,  703,  776, 1149, 1149,  577,  201,  712,  876,  771,  657,  923,  778,  794,  307,  503,  850,  988,  761,  740,  922,  219,  720,  284,  776,  480,  304,  657,  826,  563,  866,  559,  533,  911,  667,  459,  254,  551,  620,  304,  579,  878,  812],
        [  470,    0,  876,  735,  516,  929,  204,  184,  258,  823,  818,  512,  860,  983,  900,    0,  497,  888,  827,  704,  296,  461,  752,  184,  983,  911,  288,  617, 1050,  395,  855,  404,  250,  446,  423,  318,  931,  576,  585,  524,  348,  337,  167,  339,  351,  466,  767,  410,  311,  342,  570,  674,  142,  751,  157,  439,  229,  260,  553,  474,  420,  702,  795,  232,  161,  245,  368,  916,  338,  668,  661,  424,  277,  141,  980,  270,  970,  401,  786,  315,  564,  596,  244,  342,  341,  959,  602,  598,  358,  705,  452,  669,  489,  433,  660,  909,  855,  484],
        [  204,    0,  422,  472,  120,  492,  586,  314,  383,  336,  349,   84,  453,  494,  530,  497,    0,  507,  402,  309,  396,  108,  300,  401,  577,  426,  374,  124,  611,  255,  499,  541,  510,  327,   84,  534,  463,  526,  669,   48,  543,  239,  331,  574,  444,  161,  370,  222,  583,  280,  352,  422,  436,  255,  520,  291,  269,  281,  619,  623,  463,  387,  366,  378,  337,  293,  397,  486,  605,  228,  168,  320,  482,  394,  523,  414,  516,  192,  317,  575,   69,  303,  321,  303,  230,  555,  129,  112,  386,  275,  181,  280,   22,   94,  227,  422,  494,  288],
        [  706,    0,  185,  220,  411,  138,  867,  740,  869,  519,  592,  573,  767,  571,   29,  888,  507,    0,  711,  201,  890,  613,  613,  865,  851,  306,  866,  479,  814,  494,   55, 1044,  753,  833,  527,  728,  235, 1026, 1175,  528,  714,  736,  747, 1065,  620,  435,  731,  479,  786,  548,  340,  257,  767,  431,  970,  797,  687,  758, 1126, 1128,  575,  194,  684,  857,  756,  644,  901,  750,  792,  283,  476,  827,  969,  749,  712,  903,  198,  697,  256,  774,  456,  294,  645,  805,  549,  838,  533,  508,  889,  640,  443,  234,  529,  598,  281,  551,  850,  788],
        [  359,    0,  540,  786,  493,  616,  961,  651,  613,  198,  122,  341,   58,  267,  739,  827,  402,  711,    0,  573,  597,  378,  111,  671,  175,  447,  587,  306,  224,  656,  733,  663,  901,  433,  481,  932,  527,  509,  688,  356,  943,  491,  672,  743,  846,  554,   73,  622,  977,  681,  717,  754,  808,  283,  784,  419,  625,  568,  647,  711,  864,  689,   37,  627,  675,  676,  548,   90, 1001,  482,  276,  448,  682,  760,  169,  628,  596,  426,  455,  970,  376,  649,  709,  507,  630,  154,  276,  299,  547,  129,  577,  564,  394,  415,  492,  216,  143,  373],
        [  511,    0,  192,  215,  211,  228,  710,  547,  669,  403,  465,  380,  630,  505,  222,  704,  309,  201,  573,    0,  690,  416,  466,  668,  732,  282,  666,  300,  719,  319,  191,  844,  602,  636,  327,  590,  259,  832,  977,  334,  582,  536,  555,  865,  479,  241,  578,  296,  648,  373,  216,  198,  593,  296,  776,  600,  493,  558,  928,  928,  451,  120,  542,  658,  564,  460,  701,  629,  660,   96,  309,  629,  769,  569,  616,  703,  277,  498,  158,  637,  264,  142,  467,  604,  364,  715,  353,  325,  689,  480,  253,   36,  331,  399,   89,  461,  704,  594],
        [  254,    0,  817,  802,  480,  887,  491,  220,   42,  653,  624,  360,  618,  806,  910,  296,  396,  890,  597,  690,    0,  305,  550,  113,  733,  812,   25,  484,  815,  465,  873,  163,  497,  170,  363,  559,  856,  284,  334,  395,  585,  158,  233,  179,  540,  466,  529,  457,  574,  434,  644,  743,  368,  615,  195,  179,  254,  142,  291,  250,  600,  737,  572,   70,  227,  339,   73,  683,  602,  620,  518,  152,   91,  327,  763,   32,  911,  215,  712,  573,  461,  633,  368,  100,  395,  709,  446,  455,   63,  495,  467,  656,  377,  303,  617,  732,  593,  225],
        [   98,    0,  518,  575,  222,  591,  584,  279,  299,  368,  358,   57,  420,  526,  636,  461,  108,  613,  378,  416,  305,    0,  293,  333,  546,  507,  285,  180,  599,  317,  606,  441,  526,  220,  135,  562,  553,  419,  563,   92,  576,  152,  299,  483,  487,  247,  329,  289,  604,  326,  445,  523,  430,  313,  454,  185,  248,  214,  513,  521,  519,  492,  344,  301,  303,  301,  297,  467,  629,  332,  217,  214,  394,  383,  522,  327,  610,   92,  411,  598,  162,  404,  335,  207,  271,  523,  148,  152,  287,  251,  263,  387,   86,   41,  333,  452,  441,  182],
        [  299,    0,  450,  677,  385,  529,  873,  571,  559,  130,   75,  248,  167,  260,  641,  752,  300,  613,  111,  466,  550,  293,    0,  609,  283,  372,  536,  196,  312,  552,  632,  640,  806,  398,  381,  833,  447,  517,  695,  255,  842,  424,  591,  710,  743,  447,  119,  517,  880,  579,  607,  645,  720,  183,  727,  376,  540,  498,  650,  699,  758,  581,   77,  569,  595,  583,  511,  187,  903,  373,  166,  409,  639,  673,  230,  579,  516,  357,  358,  873,  267,  538,  614,  453,  529,  263,  172,  192,  507,   58,  470,  456,  294,  326,  383,  190,  239,  336],
        [  313,    0,  816,  752,  460,  880,  378,  138,   74,  698,  679,  389,  698,  856,  883,  184,  401,  865,  671,  668,  113,  333,  609,    0,  818,  827,  104,  508,  892,  404,  842,  248,  390,  266,  347,  454,  861,  396,  430,  413,  481,  185,  144,  218,  446,  431,  606,  404,  465,  364,  588,  691,  261,  644,  122,  263,  187,  121,  391,  330,  510,  698,  642,   49,  135,  260,  185,  759,  493,  610,  547,  245,  126,  223,  831,   91,  910,  253,  715,  465,  470,  591,  283,  167,  336,  794,  480,  482,  174,  557,  426,  633,  386,  317,  605,  781,  684,  310],
        [  514,    0,  670,  947,  667,  742, 1128,  814,  754,  334,  267,  513,  127,  320,  879,  983,  577,  851,  175,  732,  733,  546,  283,  818,    0,  563,  726,  479,  111,  831,  879,  770, 1072,  563,  655, 1105,  644,  586,  757,  530, 1116,  646,  835,  859, 1020,  728,  219,  797, 1149,  856,  888,  920,  975,  437,  925,  557,  791,  724,  724,  803, 1038,  851,  211,  772,  837,  847,  674,  103, 1173,  645,  447,  581,  811,  926,  160,  764,  711,  584,  600, 1142,  550,  818,  880,  651,  804,   24,  451,  473,  676,  303,  751,  727,  568,  585,  656,  307,  148,  510],
        [  575,    0,  123,  468,  400,  182,  957,  733,  804,  250,  326,  453,  498,  266,  333,  911,  426,  306,  447,  282,  812,  507,  372,  827,  563,    0,  792,  330,  514,  565,  347,  941,  858,  703,  490,  856,   82,  864, 1034,  418,  852,  657,  747,  989,  746,  461,  487,  534,  913,  616,  497,  470,  823,  210,  946,  670,  684,  707,  986, 1015,  726,  387,  429,  803,  755,  679,  799,  467,  928,  258,  300,  704,  901,  790,  415,  834,  150,  598,  135,  902,  358,  421,  696,  714,  589,  553,  374,  360,  790,  416,  481,  304,  441,  513,  269,  256,  590,  645],
        [  239,    0,  795,  778,  456,  864,  479,  199,   31,  637,  609,  340,  610,  791,  886,  288,  374,  866,  587,  666,   25,  285,  536,  104,  726,  792,    0,  464,  806,  441,  849,  187,  481,  166,  340,  541,  834,  297,  356,  374,  567,  136,  214,  201,  519,  442,  520,  433,  558,  411,  620,  718,  352,  596,  200,  170,  232,  118,  312,  274,  578,  713,  561,   56,  208,  317,   83,  673,  587,  597,  499,  146,  110,  309,  752,   44,  889,  195,  690,  557,  439,  609,  347,   84,  372,  703,  427,  435,   71,  482,  443,  633,  355,  281,  594,  717,  588,  217],
        [  248,    0,  354,  499,  189,  431,  709,  434,  478,  213,  232,  124,  361,  370,  505,  617,  124,  479,  306,  300,  484,  180,  196,  508,  479,  330,  464,    0,  500,  361,  484,  613,  630,  378,  206,  650,  380,  555,  717,   96,  657,  331,  451,  660,  555,  252,  291,  325,  701,  394,  413,  460,  559,  137,  629,  344,  391,  388,  667,  689,  565,  404,  270,  479,  457,  415,  470,  382,  722,  205,   45,  377,  573,  517,  407,  506,  442,  270,  246,  692,   73,  348,  443,  385,  347,  458,   55,   32,  461,  191,  276,  281,  129,  192,  211,  299,  419,  324],
        [  582,    0,  630,  934,  687,  695, 1182,  874,  833,  318,  270,  558,  198,  253,  842, 1050,  611,  814,  224,  719,  815,  599,  312,  892,  111,  514,  806,  500,    0,  860,  848,  865, 1117,  648,  693, 1144,  594,  688,  863,  567, 1153,  714,  895,  951, 1053,  752,  287,  825, 1192,  890,  894,  913, 1028,  428, 1005,  637,  846,  791,  827,  904, 1065,  839,  256,  848,  898,  894,  761,  135, 1215,  639,  462,  664,  897,  981,  104,  846,  657,  649,  575, 1184,  572,  820,  926,  728,  841,  126,  483,  501,  761,  348,  776,  719,  606,  634,  651,  264,  251,  590],
        [  403,    0,  504,  351,  182,  547,  395,  267,  432,  564,  592,  328,  707,  712,  506,  395,  255,  494,  656,  319,  465,  317,  552,  404,  831,  565,  441,  361,  860,    0,  461,  627,  293,  488,  185,  298,  566,  691,  793,  303,  300,  345,  267,  619,  196,  113,  625,   36,  353,   55,  185,  289,  275,  463,  492,  456,  218,  324,  746,  714,  208,  309,  620,  412,  277,  154,  504,  738,  371,  307,  401,  472,  524,  255,  767,  466,  594,  349,  431,  343,  288,  202,  152,  411,   70,  809,  381,  360,  490,  530,   89,  285,  267,  278,  297,  647,  747,  476],
        [  701,    0,  225,  167,  395,  188,  825,  714,  850,  546,  617,  570,  790,  609,   50,  855,  499,   55,  733,  191,  873,  606,  632,  842,  879,  347,  849,  484,  848,  461,    0, 1030,  710,  826,  511,  682,  281, 1023, 1167,  525,  667,  722,  719, 1046,  575,  412,  748,  448,  740,  514,  297,  208,  730,  451,  944,  790,  661,  738, 1118, 1115,  528,  154,  705,  837,  728,  613,  889,  777,  745,  282,  486,  819,  949,  715,  745,  884,  249,  687,  280,  727,  454,  259,  611,  791,  519,  865,  538,  512,  876,  654,  417,  221,  521,  588,  278,  584,  870,  784],
        [  367,    0,  959,  964,  635, 1032,  607,  376,  198,  756,  714,  492,  670,  899, 1065,  404,  541, 1044,  663,  844,  163,  441,  640,  248,  770,  941,  187,  613,  865,  627, 1030,    0,  635,  244,  519,  699,  992,  214,  184,  532,  727,  308,  386,   99,  693,  626,  591,  619,  706,  596,  806,  904,  506,  737,  258,  273,  415,  304,  150,   88,  755,  897,  644,  221,  379,  498,  145,  740,  734,  768,  642,  239,  128,  470,  831,  165, 1051,  351,  851,  708,  602,  794,  525,  240,  558,  748,  568,  583,  156,  582,  628,  811,  521,  448,  767,  828,  623,  306],
        [  578,    0,  791,  564,  469,  827,  116,  293,  456,  841,  858,  561,  945,  995,  759,  250,  510,  753,  901,  602,  497,  526,  806,  390, 1072,  858,  481,  630, 1117,  293,  710,  635,    0,  606,  427,   68,  855,  777,  818,  552,   98,  464,  274,  582,  138,  402,  855,  325,   81,  245,  414,  508,  130,  746,  404,  587,  292,  398,  780,  712,  200,  560,  866,  428,  278,  225,  563,  988,  108,  600,  673,  585,  508,  173, 1032,  480,  878,  508,  723,   78,  561,  468,  192,  502,  284, 1049,  636,  621,  550,  772,  380,  570,  513,  488,  589,  926,  965,  624],
        [  130,    0,  730,  787,  438,  805,  624,  314,  196,  513,  473,  263,  450,  658,  856,  446,  327,  833,  433,  636,  170,  220,  398,  266,  563,  703,  166,  378,  648,  488,  826,  244,  606,    0,  333,  660,  758,  205,  343,  307,  681,  149,  333,  313,  615,  449,  363,  468,  686,  476,  645,  732,  484,  496,  364,   37,  321,  209,  294,  313,  663,  708,  410,  217,  331,  406,  115,  517,  714,  552,  403,   22,  250,  436,  601,  201,  819,  145,  621,  684,  379,  615,  441,  106,  425,  540,  329,  347,  114,  341,  459,  606,  306,  241,  553,  586,  424,   63],
        [  227,    0,  469,  456,  117,  533,  503,  243,  343,  419,  432,  145,  529,  576,  547,  423,   84,  527,  481,  327,  363,  135,  381,  347,  655,  490,  340,  206,  693,  185,  511,  519,  427,  333,    0,  452,  517,  537,  664,  126,  462,  212,  258,  539,  366,  117,  444,  155,  500,  202,  315,  400,  354,  334,  462,  297,  195,  233,  615,  605,  390,  381,  445,  333,  265,  209,  380,  566,  523,  263,  250,  321,  443,  313,  606,  376,  564,  188,  370,  492,  143,  283,  237,  282,  150,  632,  210,  195,  367,  353,  129,  293,   88,   99,  259,  505,  564,  307],
        [  622,    0,  781,  529,  479,  811,  165,  349,  517,  859,  881,  592,  978, 1009,  731,  318,  534,  728,  932,  590,  559,  562,  833,  454, 1105,  856,  541,  650, 1144,  298,  682,  699,   68,  660,  452,    0,  847,  836,  882,  578,   31,  514,  331,  649,  111,  410,  890,  333,   59,  257,  390,  476,  194,  760,  472,  638,  341,  452,  844,  778,  157,  536,  896,  490,  336,  264,  623, 1017,   73,  599,  692,  639,  573,  233, 1056,  543,  864,  553,  721,   47,  579,  451,  229,  557,  304, 1082,  662,  645,  609,  803,  387,  560,  539,  523,  587,  942, 1003,  673],
        [  628,    0,   69,  419,  415,  103,  960,  758,  845,  329,  405,  500,  578,  344,  260,  931,  463,  235,  527,  259,  856,  553,  447,  861,  644,   82,  834,  380,  594,  566,  281,  992,  855,  758,  517,  847,    0,  928, 1094,  462,  840,  699,  771, 1034,  736,  470,  563,  538,  905,  619,  473,  430,  834,  276,  978,  724,  707,  743, 1045, 1069,  709,  347,  507,  841,  778,  692,  848,  548,  918,  264,  357,  757,  943,  803,  495,  876,   70,  644,  147,  894,  396,  401,  706,  759,  599,  634,  430,  412,  839,  488,  488,  287,  480,  554,  273,  337,  669,  702],
        [  322,    0,  908,  991,  640,  986,  774,  489,  324,  645,  587,  453,  502,  767, 1050,  576,  526, 1026,  509,  832,  284,  419,  517,  396,  586,  864,  297,  555,  688,  691, 1023,  214,  777,  205,  537,  836,  928,    0,  180,  499,  860,  347,  506,  313,  804,  654,  438,  672,  854,  675,  850,  937,  649,  655,  451,  240,  509,  389,  140,  222,  858,  910,  499,  352,  501,  596,  214,  574,  883,  744,  572,  220,  312,  605,  671,  307,  993,  350,  800,  854,  570,  819,  629,  287,  626,  566,  502,  525,  227,  462,  664,  804,  504,  444,  747,  702,  439,  239],
        [  472,    0, 1070, 1118,  775, 1146,  788,  553,  373,  821,  766,  605,  680,  947, 1198,  585,  669, 1175,  688,  977,  334,  563,  695,  430,  757, 1034,  356,  717,  863,  793, 1167,  184,  818,  343,  664,  882, 1094,  180,    0,  649,  909,  455,  565,  256,  872,  777,  617,  780,  889,  766,  966, 1060,  689,  825,  435,  379,  587,  471,   50,  117,  933, 1044,  679,  399,  558,  673,  290,  752,  917,  894,  738,  349,  311,  652,  850,  343, 1158,  481,  962,  891,  722,  945,  702,  386,  724,  738,  666,  685,  304,  639,  782,  947,  647,  580,  895,  881,  612,  393],
        [  178,    0,  427,  509,  162,  501,  624,  340,  387,  302,  308,   46,  406,  461,  552,  524,   48,  528,  356,  334,  395,   92,  255,  413,  530,  418,  374,   96,  567,  303,  525,  532,  552,  307,  126,  578,  462,  499,  649,    0,  588,  240,  358,  573,  490,  208,  323,  269,  626,  326,  395,  461,  472,  232,  534,  271,  299,  293,  600,  611,  510,  421,  320,  386,  363,  331,  388,  440,  649,  246,  138,  303,  483,  428,  481,  416,  519,  183,  320,  618,   73,  343,  361,  298,  275,  508,   85,   75,  378,  229,  229,  307,   40,   97,  248,  388,  446,  261],
        [  639,    0,  774,  511,  481,  801,  193,  372,  543,  864,  888,  604,  990, 1012,  716,  348,  543,  714,  943,  582,  585,  576,  842,  481, 1116,  852,  567,  657, 1153,  300,  667,  727,   98,  681,  462,   31,  840,  860,  909,  588,    0,  535,  355,  678,  106,  413,  903,  335,   75,  264,  377,  460,  222,  763,  501,  659,  361,  475,  871,  806,  140,  522,  907,  516,  360,  282,  648, 1027,   79,  596,  698,  661,  601,  259, 1063,  570,  855,  571,  717,   63,  585,  442,  246,  580,  313, 1093,  671,  653,  634,  814,  389,  553,  549,  536,  584,  946, 1017,  693],
        [  133,    0,  660,  663,  327,  730,  495,  176,  148,  514,  495,  208,  523,  671,  757,  337,  239,  736,  491,  536,  158,  152,  424,  185,  646,  657,  136,  331,  714,  345,  722,  308,  464,  149,  212,  514,  699,  347,  455,  240,  535,    0,  197,  336,  466,  322,  430,  328,  544,  328,  512,  605,  347,  465,  305,  124,  174,   78,  407,  393,  515,  592,  461,  150,  197,  257,  168,  580,  572,  463,  368,  131,  245,  298,  649,  177,  754,   69,  555,  541,  304,  491,  292,   70,  279,  622,  298,  303,  155,  374,  327,  503,  220,  146,  461,  597,  520,  160],
        [  323,    0,  718,  618,  357,  776,  298,   22,  193,  658,  655,  348,  709,  817,  762,  167,  331,  747,  672,  555,  233,  299,  591,  144,  835,  747,  214,  451,  895,  267,  719,  386,  274,  333,  258,  331,  771,  506,  565,  358,  355,  197,    0,  360,  308,  314,  617,  272,  354,  224,  452,  556,  151,  585,  226,  316,   64,  125,  523,  471,  369,  570,  639,  167,   10,  118,  293,  761,  382,  510,  494,  312,  269,  103,  821,  223,  813,  252,  624,  352,  397,  462,  140,  229,  202,  811,  437,  432,  280,  548,  304,  519,  322,  268,  503,  744,  714,  356],
        [  423,    0,  996,  966,  655, 1065,  540,  355,  197,  821,  785,  537,  754,  969, 1084,  339,  574, 1065,  743,  865,  179,  483,  710,  218,  859,  989,  201,  660,  951,  619, 1046,   99,  582,  313,  539,  649, 1034,  313,  256,  573,  678,  336,  360,    0,  657,  636,  672,  617,  649,  581,  803,  905,  458,  790,  184,  335,  402,  309,  234,  140,  723,  906,  722,  211,  352,  477,  200,  823,  676,  797,  694,  302,   97,  429,  911,  163, 1089,  392,  890,  652,  640,  800,  500,  276,  550,  837,  620,  631,  205,  653,  634,  831,  556,  482,  795,  896,  713,  375],
        [  558,    0,  671,  427,  377,  700,  253,  321,  500,  760,  787,  510,  895,  907,  624,  351,  444,  620,  846,  479,  540,  487,  743,  446, 1020,  746,  519,  555, 1053,  196,  575,  693,  138,  615,  366,  111,  736,  804,  872,  490,  106,  466,  308,  657,    0,  308,  809,  231,  170,  165,  281,  372,  210,  658,  492,  589,  296,  416,  830,  776,   70,  427,  810,  474,  315,  210,  597,  929,  182,  490,  596,  595,  571,  229,  962,  530,  754,  493,  611,  158,  483,  340,  176,  519,  218,  998,  572,  552,  583,  718,  284,  449,  452,  447,  478,  842,  927,  619],
        [  343,    0,  412,  341,   69,  464,  498,  306,  440,  452,  483,  242,  607,  599,  452,  466,  161,  435,  554,  241,  466,  247,  447,  431,  728,  461,  442,  252,  752,  113,  412,  626,  402,  449,  117,  410,  470,  654,  777,  208,  413,  322,  314,  636,  308,    0,  528,   78,  465,  158,  198,  284,  365,  350,  536,  414,  253,  328,  728,  713,  313,  272,  518,  426,  323,  224,  490,  633,  483,  207,  291,  437,  539,  335,  657,  475,  505,  304,  329,  455,  180,  169,  237,  392,  130,  707,  279,  256,  477,  430,   25,  206,  178,  214,  198,  534,  653,  423],
        [  298,    0,  568,  786,  472,  647,  910,  596,  547,  238,  166,  300,   93,  333,  759,  767,  370,  731,   73,  578,  529,  329,  119,  606,  219,  487,  520,  291,  287,  625,  748,  591,  855,  363,  444,  890,  563,  438,  617,  323,  903,  430,  617,  672,  809,  528,    0,  591,  933,  645,  703,  750,  757,  301,  718,  350,  573,  508,  576,  639,  832,  690,   64,  562,  619,  630,  477,  154,  958,  484,  271,  379,  612,  708,  241,  560,  633,  367,  475,  926,  356,  639,  664,  441,  592,  195,  251,  277,  477,  101,  550,  565,  359,  368,  493,  274,  128,  304],
        [  377,    0,  478,  350,  147,  524,  424,  270,  426,  529,  557,  296,  673,  677,  492,  410,  222,  479,  622,  296,  457,  289,  517,  404,  797,  534,  433,  325,  825,   36,  448,  619,  325,  468,  155,  333,  538,  672,  780,  269,  335,  328,  272,  617,  231,   78,  591,    0,  387,   82,  188,  289,  298,  428,  498,  435,  218,  315,  733,  706,  242,  298,  586,  407,  282,  166,  491,  703,  405,  278,  365,  453,  520,  273,  732,  460,  569,  326,  401,  377,  253,  190,  171,  396,   71,  775,  347,  325,  477,  496,   55,  262,  234,  250,  267,  612,  714,  452],
        [  658,    0,  839,  585,  533,  869,  130,  373,  532,  910,  930,  637, 1022, 1062,  789,  311,  583,  786,  977,  648,  574,  604,  880,  465, 1149,  913,  558,  701, 1192,  353,  740,  706,   81,  686,  500,   59,  905,  854,  889,  626,   75,  544,  354,  649,  170,  465,  933,  387,    0,  310,  448,  533,  206,  813,  467,  667,  372,  478,  853,  782,  213,  594,  942,  505,  357,  303,  641, 1064,   29,  656,  743,  665,  579,  252, 1105,  555,  923,  588,  778,   13,  630,  509,  269,  582,  354, 1126,  710,  694,  628,  848,  441,  618,  586,  565,  644,  995, 1043,  704],
        [  403,    0,  558,  398,  225,  601,  342,  227,  399,  602,  625,  346,  730,  753,  560,  342,  280,  548,  681,  373,  434,  326,  579,  364,  856,  616,  411,  394,  890,   55,  514,  596,  245,  476,  202,  257,  619,  675,  766,  326,  264,  328,  224,  581,  165,  158,  645,   82,  310,    0,  231,  336,  220,  504,  446,  446,  182,  296,  720,  683,  194,  361,  646,  377,  233,  107,  479,  765,  330,  359,  436,  458,  487,  202,  800,  433,  648,  343,  482,  300,  323,  256,   98,  390,   55,  833,  408,  389,  465,  554,  136,  339,  288,  286,  349,  686,  763,  470],
        [  541,    0,  405,  167,  235,  425,  528,  452,  613,  579,  627,  435,  773,  703,  345,  570,  352,  340,  717,  216,  644,  445,  607,  588,  888,  497,  620,  413,  894,  185,  297,  806,  414,  645,  315,  390,  473,  850,  966,  395,  377,  512,  452,  803,  281,  198,  703,  188,  448,  231,    0,  106,  439,  468,  676,  611,  402,  502,  918,  893,  241,  147,  682,  594,  461,  337,  677,  787,  456,  263,  442,  631,  707,  429,  793,  647,  481,  500,  368,  436,  348,   78,  328,  580,  253,  868,  453,  426,  663,  602,  187,  196,  371,  412,  250,  650,  830,  621],
        [  621,    0,  362,   62,  303,  363,  624,  556,  713,  596,  654,  504,  811,  702,  257,  674,  422,  257,  754,  198,  743,  523,  645,  691,  920,  470,  718,  460,  913,  289,  208,  904,  508,  732,  400,  476,  430,  937, 1060,  461,  460,  605,  556,  905,  372,  284,  750,  289,  533,  336,  106,    0,  542,  487,  780,  697,  505,  602, 1011,  991,  321,   83,  721,  695,  565,  442,  772,  817,  538,  276,  481,  720,  808,  533,  810,  748,  424,  587,  354,  521,  404,  120,  433,  675,  356,  902,  507,  479,  758,  649,  278,  194,  443,  494,  265,  658,  877,  703],
        [  469,    0,  774,  602,  424,  821,  154,  171,  327,  771,  778,  473,  848,  929,  777,  142,  436,  767,  808,  593,  368,  430,  720,  261,  975,  823,  352,  559, 1028,  275,  730,  506,  130,  484,  354,  194,  834,  649,  689,  472,  222,  347,  151,  458,  210,  365,  757,  298,  206,  220,  439,  542,    0,  686,  285,  466,  184,  276,  651,  585,  279,  577,  774,  299,  153,  147,  435,  897,  235,  571,  603,  462,  380,   50,  949,  351,  866,  397,  693,  206,  496,  474,  129,  378,  236,  951,  556,  545,  422,  681,  347,  558,  434,  395,  562,  858,  859,  506],
        [  370,    0,  270,  511,  282,  349,  832,  568,  612,  111,  170,  257,  340,  250,  458,  751,  255,  431,  283,  296,  615,  313,  183,  644,  437,  210,  596,  137,  428,  463,  451,  737,  746,  496,  334,  760,  276,  655,  825,  232,  763,  465,  585,  790,  658,  350,  301,  428,  813,  504,  468,  487,  686,    0,  764,  464,  524,  524,  777,  808,  657,  415,  255,  614,  591,  540,  595,  334,  833,  212,   97,  499,  705,  646,  326,  639,  343,  402,  175,  804,  191,  393,  565,  516,  463,  420,  170,  162,  588,  216,  374,  293,  263,  328,  223,  186,  420,  437],
        [  429,    0,  931,  842,  572,  992,  357,  230,  172,  819,  799,  510,  808,  976,  986,  157,  520,  970,  784,  776,  195,  454,  727,  122,  925,  946,  200,  629, 1005,  492,  944,  258,  404,  364,  462,  472,  978,  451,  435,  534,  501,  305,  226,  184,  492,  536,  718,  498,  467,  446,  676,  780,  285,  764,    0,  370,  284,  241,  407,  322,  560,  796,  757,  159,  217,  340,  262,  871,  494,  723,  668,  345,  139,  266,  947,  164, 1025,  373,  831,  471,  589,  688,  353,  278,  428,  902,  601,  603,  256,  674,  528,  741,  506,  437,  718,  901,  787,  416],
        [   96,    0,  695,  752,  402,  770,  611,  295,  198,  487,  450,  228,  440,  634,  820,  439,  291,  797,  419,  600,  179,  185,  376,  263,  557,  670,  170,  344,  637,  456,  790,  273,  587,   37,  297,  638,  724,  240,  379,  271,  659,  124,  316,  335,  589,  414,  350,  435,  667,  446,  611,  697,  466,  464,  370,    0,  298,  191,  329,  345,  635,  672,  394,  216,  314,  380,  136,  504,  695,  516,  371,   35,  265,  418,  585,  210,  785,  111,  587,  664,  344,  579,  416,   97,  395,  533,  297,  313,  132,  320,  424,  570,  270,  205,  517,  562,  421,   47],
        [  287,    0,  655,  566,  293,  713,  337,   54,  218,  600,  601,  293,  665,  759,  703,  229,  269,  687,  625,  493,  254,  248,  540,  187,  791,  684,  232,  391,  846,  218,  661,  415,  292,  321,  195,  341,  707,  509,  587,  299,  361,  174,   64,  402,  296,  253,  573,  218,  372,  182,  402,  505,  184,  524,  284,  298,    0,  121,  543,  502,  350,  514,  591,  196,   72,   88,  304,  714,  400,  447,  435,  301,  307,  136,  769,  251,  749,  216,  561,  368,  335,  406,  121,  223,  149,  768,  380,  373,  290,  499,  245,  458,  263,  214,  440,  686,  677,  333],
        [  210,    0,  699,  662,  348,  764,  420,  105,  113,  581,  567,  270,  600,  739,  776,  260,  281,  758,  568,  558,  142,  214,  498,  121,  724,  707,  118,  388,  791,  324,  738,  304,  398,  209,  233,  452,  743,  389,  471,  293,  475,   78,  125,  309,  416,  328,  508,  315,  478,  296,  502,  602,  276,  524,  241,  191,  121,    0,  425,  392,  471,  599,  537,  101,  123,  208,  184,  657,  506,  495,  428,  188,  212,  228,  724,  148,  793,  143,  596,  475,  350,  494,  241,  106,  255,  700,  361,  363,  170,  449,  327,  524,  266,  197,  491,  665,  598,  233],
        [  423,    0, 1021, 1069,  726, 1097,  756,  510,  331,  776,  722,  556,  642,  903, 1149,  553,  619, 1126,  647,  928,  291,  513,  650,  391,  724,  986,  312,  667,  827,  746, 1118,  150,  780,  294,  615,  844, 1045,  140,   50,  600,  871,  407,  523,  234,  830,  728,  576,  733,  853,  720,  918, 1011,  651,  777,  407,  329,  543,  425,    0,  105,  890,  995,  636,  357,  516,  629,  243,  714,  881,  845,  689,  299,  276,  613,  810,  302, 1109,  431,  912,  854,  672,  897,  658,  338,  678,  704,  617,  636,  257,  593,  734,  897,  598,  530,  845,  837,  577,  344],
        [  441,    0, 1038, 1051,  720, 1112,  677,  462,  284,  820,  773,  570,  712,  958, 1149,  474,  623, 1128,  711,  928,  250,  521,  699,  330,  803, 1015,  274,  689,  904,  714, 1115,   88,  712,  313,  605,  778, 1069,  222,  117,  611,  806,  393,  471,  140,  776,  713,  639,  706,  782,  683,  893,  991,  585,  808,  322,  345,  502,  392,  105,    0,  840,  983,  696,  307,  463,  584,  227,  784,  810,  850,  716,  312,  206,  552,  878,  251, 1129,  432,  930,  784,  682,  881,  611,  324,  645,  783,  642,  658,  239,  642,  715,  895,  602,  531,  850,  888,  656,  373],
        [  596,    0,  642,  372,  380,  665,  315,  381,  560,  763,  796,  534,  915,  904,  577,  420,  463,  575,  864,  451,  600,  519,  758,  510, 1038,  726,  578,  565, 1065,  208,  528,  755,  200,  663,  390,  157,  709,  858,  933,  510,  140,  515,  369,  723,   70,  313,  832,  242,  213,  194,  241,  321,  279,  657,  560,  635,  350,  471,  890,  840,    0,  384,  828,  535,  377,  263,  654,  945,  218,  475,  604,  645,  636,  296,  970,  591,  721,  535,  593,  201,  493,  309,  232,  572,  248, 1016,  588,  566,  639,  738,  290,  424,  474,  479,  463,  843,  953,  662],
        [  590,    0,  279,   97,  271,  285,  674,  567,  711,  523,  584,  465,  747,  623,  201,  702,  387,  194,  689,  120,  737,  492,  581,  698,  851,  387,  713,  404,  839,  309,  154,  897,  560,  708,  381,  536,  347,  910, 1044,  421,  522,  592,  570,  906,  427,  272,  690,  298,  594,  361,  147,   83,  577,  415,  796,  672,  514,  599,  995,  983,  384,    0,  657,  696,  579,  462,  759,  748,  601,  208,  420,  698,  809,  562,  736,  746,  345,  565,  273,  582,  356,  108,  459,  661,  369,  834,  455,  427,  746,  591,  273,  126,  408,  468,  198,  581,  817,  673],
        [  330,    0,  516,  753,  458,  594,  927,  619,  586,  179,  105,  305,   91,  270,  712,  795,  366,  684,   37,  542,  572,  344,   77,  642,  211,  429,  561,  270,  256,  620,  705,  644,  866,  410,  445,  896,  507,  499,  679,  320,  907,  461,  639,  722,  810,  518,   64,  586,  942,  646,  682,  721,  774,  255,  757,  394,  591,  537,  636,  696,  828,  657,    0,  599,  642,  642,  525,  123,  966,  449,  242,  424,  658,  726,  192,  602,  577,  395,  428,  935,  340,  614,  674,  480,  594,  190,  240,  263,  523,   94,  541,  532,  358,  380,  459,  210,  166,  349],
