{
    "name": "random-3-22982",
    "comment": "size=3 seed=22982",
    "nodes": ["+0", "-0", "+1", "-1", "+2", "-2", "+3", "-3"],
    "precedence": {
        "+0": "-0",
        "+1": "-1",
        "+2": "-2",
        "+3": "-3"
    },
    "edges": [
        [    0,    0,  251,  436,  729,  434,  143,  669],
        [    0,    0,  251,  436,  729,  434,  143,  669],
        [  251,  251,    0,  413,  491,  508,  127,  505],
        [  436,  436,  413,    0,  799,  856,  453,  345],
        [  729,  729,  491,  799,    0,  760,  588,  650],
        [  434,  434,  508,  856,  760,    0,  413, 1012],
        [  143,  143,  127,  453,  588,  413,    0,  610],
        [  669,  669,  505,  345,  650, 1012,  610,    0]
    ]
}
