{
    "name": "random-38-30915",
    "comment": "size=38 seed=30915",
    "nodes": ["+0", "-0", "+1", "-1", "+2", "-2", "+3", "-3", "+4", "-4", "+5", "-5", "+6", "-6", "+7", "-7", "+8", "-8", "+9", "-9", "+10", "-10", "+11", "-11", "+12", "-12", "+13", "-13", "+14", "-14", "+15", "-15", "+16", "-16", "+17", "-17", "+18", "-18", "+19", "-19", "+20", "-20", "+21", "-21", "+22", "-22", "+23", "-23", "+24", "-24", "+25", "-25", "+26", "-26", "+27", "-27", "+28", "-28", "+29", "-29", "+30", "-30", "+31", "-31", "+32", "-32", "+33", "-33", "+34", "-34", "+35", "-35", "+36", "-36", "+37", "-37", "+38", "-38"],
    "precedence": {
        "+0": "-0",
        "+1": "-1",
        "+2": "-2",
        "+3": "-3",
        "+4": "-4",
        "+5": "-5",
        "+6": "-6",
        "+7": "-7",
        "+8": "-8",
        "+9": "-9",
        "+10": "-10",
        "+11": "-11",
        "+12": "-12",
        "+13": "-13",
        "+14": "-14",
        "+15": "-15",
        "+16": "-16",
        "+17": "-17",
        "+18": "-18",
        "+19": "-19",
        "+20": "-20",
        "+21": "-21",
        "+22": "-22",
        "+23": "-23",
        "+24": "-24",
        "+25": "-25",
        "+26": "-26",
        "+27": "-27",
        "+28": "-28",
        "+29": "-29",
        "+30": "-30",
        "+31": "-31",
        "+32": "-32",
        "+33": "-33",
        "+34": "-34",
        "+35": "-35",
        "+36": "-36",
        "+37": "-37",
        "+38": "-38"
    },
    "edges": [
        [    0,    0,  499,  753,  179,   39,  302,  508,  585,  337,  345,  327,  140,  275,  417,  620,   43,  265,  833,  897,  289,  650,  747,  691,  852,  376,  423,  257,  356,  339,  577,  199,  286,  476,  126,  502,   67,  160,  752,  216,  873,  207,  646,  108,  515,  394,   90,  863,  653,  509,  839,  596,  769,  540,  768,  379,  563,  709,  634,  208,  797,  584,  820,  703,  158,  632,  687,  395,   32,  735,  494,  763,  639,  643,  542,  272,  561,  855],
        [    0,    0,  499,  753,  179,   39,  302,  508,  585,  337,  345,  327,  140,  275,  417,  620,   43,  265,  833,  897,  289,  650,  747,  691,  852,  376,  423,  257,  356,  339,  577,  199,  286,  476,  126,  502,   67,  160,  752,  216,  873,  207,  646,  108,  515,  394,   90,  863,  653,  509,  839,  596,  769,  540,  768,  379,  563,  709,  634,  208,  797,  584,  820,  703,  158,  632,  687,  395,   32,  735,  494,  763,  639,  643,  542,  272,  561,  855],
        [  499,  499,    0,  949,  445,  507,  474,  663,  709,  163,  813,  702,  430,  700,  662,  194,  524,  318,  560,  694,  211,  162,  615,  738,  852,  282,  536,  242,  300,  834,  239,  306,  761,  789,  374,  185,  435,  341,  706,  713,  549,  356,  187,  587,  316,  244,  460,  565,  909,  470,  575,  713,  452,  510,  805,  126,  497,  284,  632,  609,  667,  193,  760,  516,  399,  520,  652,  827,  473,  553,  331,  724,  817,  807,  168,  770,  724,  928],
        [  753,  753,  949,    0,  921,  790,  511,  289,  243,  852,  605,  456,  877,  536,  339,  896,  715,  947,  745,  661,  832, 1000,  533,  279,  341,  668,  416,  820,  653,  722, 1159,  765,  631,  303,  779,  791,  778,  801,  407,  739,  833,  672,  946,  815,  668, 1031,  836,  789,  132,  496,  733,  242,  790,  465,  277,  854,  495,  920,  376,  557,  533, 1131,  429,  609,  671,  522,  401,  509,  739,  602,  642,  394,  133,  142,  836,  789,  227,  226],
        [  179,  179,  445,  921,    0,  150,  437,  662,  736,  304,  507,  504,   46,  452,  583,  608,  221,  136,  891,  980,  262,  607,  844,  830,  986,  433,  560,  238,  422,  473,  450,  225,  445,  652,  161,  513,  144,  162,  871,  347,  914,  294,  621,  191,  569,  265,   89,  913,  827,  613,  900,  746,  809,  650,  908,  349,  665,  703,  758,  385,  897,  472,  939,  780,  267,  727,  806,  568,  185,  816,  557,  885,  802,  804,  541,  381,  719, 1005],
        [   39,   39,  507,  790,  150,    0,  339,  547,  623,  346,  362,  359,  117,  303,  455,  637,   76,  251,  863,  931,  298,  661,  782,  729,  890,  403,  461,  266,  385,  343,  568,  215,  301,  510,  136,  522,   74,  167,  788,  217,  901,  236,  660,   84,  543,  383,   65,  892,  689,  543,  870,  635,  796,  575,  807,  389,  598,  727,  671,  241,  832,  579,  856,  735,  190,  666,  724,  419,   65,  768,  523,  800,  677,  681,  561,  266,  600,  894],
        [  302,  302,  474,  511,  437,  339,    0,  231,  301,  349,  421,  254,  392,  288,  192,  494,  280,  440,  580,  616,  324,  572,  458,  394,  553,  207,  124,  309,  184,  494,  658,  255,  391,  316,  281,  365,  299,  297,  451,  418,  638,  162,  537,  399,  300,  520,  363,  617,  446,  222,  582,  311,  544,  247,  472,  361,  275,  559,  332,  213,  505,  638,  519,  433,  171,  348,  386,  396,  276,  460,  271,  462,  382,  380,  415,  487,  292,  569],
        [  508,  508,  663,  289,  662,  547,  231,    0,   77,  564,  485,  292,  616,  369,  122,  627,  477,  670,  566,  539,  546,  726,  379,  199,  361,  382,  128,  535,  365,  590,  871,  484,  483,  222,  509,  513,  519,  527,  306,  559,  645,  392,  676,  590,  401,  746,  582,  609,  256,  235,  560,   90,  575,  218,  271,  566,  255,  666,  200,  345,  407,  843,  366,  410,  399,  311,  256,  414,  488,  420,  371,  308,  157,  151,  560,  622,   63,  347],
        [  585,  585,  709,  243,  736,  623,  301,   77,    0,  622,  551,  361,  690,  440,  193,  654,  554,  739,  545,  499,  607,  758,  344,  129,  287,  430,  187,  599,  417,  659,  925,  552,  554,  267,  582,  549,  594,  597,  251,  633,  629,  460,  704,  667,  427,  809,  657,  590,  247,  254,  537,   14,  570,  226,  196,  620,  259,  683,  164,  421,  364,  894,  306,  395,  471,  299,  212,  474,  564,  398,  400,  250,  116,  101,  593,  696,   51,  271],
        [  337,  337,  163,  852,  304,  346,  349,  564,  622,    0,  654,  555,  281,  546,  540,  305,  362,  197,  612,  722,   49,  315,  610,  677,  811,  204,  438,   81,  210,  672,  310,  145,  601,  657,  212,  218,  274,  180,  674,  551,  623,  208,  320,  428,  307,  197,  304,  628,  795,  415,  624,  629,  519,  456,  750,   46,  456,  400,  580,  455,  664,  291,  736,  526,  244,  500,  613,  674,  311,  564,  306,  691,  720,  714,  240,  609,  627,  867],
        [  345,  345,  813,  605,  507,  362,  421,  485,  551,  654,    0,  195,  478,  134,  364,  891,  307,  609,  994, 1006,  608,  948,  842,  679,  835,  606,  486,  579,  581,  118,  920,  510,   62,  308,  458,  761,  409,  494,  789,  179, 1057,  463,  927,  324,  719,  738,  427, 1033,  476,  628,  994,  564,  964,  639,  744,  688,  675,  967,  677,  216,  880,  924,  851,  841,  416,  746,  735,   99,  360,  862,  691,  792,  538,  554,  810,  200,  505,  783],
        [  327,  327,  702,  456,  504,  359,  254,  292,  361,  555,  195,    0,  464,   83,  171,  745,  284,  570,  808,  813,  516,  817,  649,  489,  647,  457,  296,  491,  432,  299,  850,  422,  193,  157,  397,  615,  371,  430,  595,  286,  875,  348,  787,  366,  552,  684,  416,  848,  339,  442,  806,  374,  787,  450,  556,  579,  486,  812,  482,  120,  686,  842,  657,  653,  315,  556,  540,  144,  323,  673,  522,  599,  365,  378,  665,  342,  318,  608],
        [  140,  140,  430,  877,   46,  117,  392,  616,  690,  281,  478,  464,    0,  415,  538,  584,  183,  140,  855,  940,  236,  591,  802,  785,  941,  395,  514,  209,  382,  454,  459,  186,  417,  610,  118,  484,   99,  123,  827,  326,  881,  250,  600,  175,  532,  273,   52,  879,  783,  569,  863,  701,  775,  606,  863,  326,  622,  678,  713,  345,  855,  476,  895,  741,  222,  685,  762,  534,  142,  776,  519,  840,  757,  759,  514,  367,  673,  960],
        [  275,  275,  700,  536,  452,  303,  288,  369,  440,  546,  134,   83,  415,    0,  248,  765,  233,  533,  861,  877,  503,  827,  714,  567,  726,  478,  355,  475,  453,  223,  828,  405,  116,  234,  366,  635,  329,  401,  668,  204,  924,  345,  803,  297,  587,  654,  364,  900,  416,  495,  861,  453,  831,  508,  635,  576,  544,  838,  553,   92,  753,  826,  732,  708,  303,  615,  611,  129,  279,  731,  558,  673,  448,  460,  684,  260,  399,  690],
        [  417,  417,  662,  339,  583,  455,  192,  122,  193,  540,  364,  171,  538,  248,    0,  662,  381,  612,  661,  651,  512,  750,  488,  319,  479,  387,  158,  495,  366,  469,  849,  435,  362,  136,  442,  538,  440,  466,  426,  442,  734,  344,  709,  488,  446,  705,  498,  703,  258,  303,  657,  206,  654,  301,  389,  552,  339,  715,  315,  233,  521,  829,  487,  504,  336,  405,  372,  297,  401,  519,  415,  429,  223,  229,  588,  504,  155,  452],
        [  620,  620,  194,  896,  608,  637,  494,  627,  654,  305,  891,  745,  584,  765,  662,    0,  634,  493,  379,  524,  349,  113,  474,  650,  735,  289,  512,  377,  314,  933,  411,  422,  846,  797,  501,  130,  563,  474,  586,  824,  358,  434,   51,  720,  228,  436,  603,  379,  883,  400,  396,  655,  267,  432,  705,  259,  406,   96,  539,  676,  521,  354,  630,  368,  486,  404,  544,  883,  589,  402,  256,  606,  769,  755,   82,  887,  681,  831],
        [   43,   43,  524,  715,  221,   76,  280,  477,  554,  362,  307,  284,  183,  233,  381,  634,    0,  305,  829,  886,  314,  671,  733,  663,  825,  378,  399,  283,  357,  310,  613,  219,  249,  434,  154,  512,  102,  190,  730,  192,  873,  209,  663,  119,  514,  432,  133,  860,  613,  494,  834,  566,  770,  523,  740,  401,  548,  721,  611,  166,  782,  618,  798,  694,  156,  619,  666,  353,   54,  725,  492,  740,  603,  609,  555,  254,  528,  824],
        [  265,  265,  318,  947,  136,  251,  440,  670,  739,  197,  609,  570,  140,  533,  612,  493,  305,    0,  807,  912,  170,  480,  789,  817,  964,  372,  554,  158,  367,  592,  320,  188,  549,  704,  174,  415,  204,  147,  837,  465,  820,  279,  500,  314,  495,  133,  188,  825,  867,  573,  818,  748,  716,  613,  894,  240,  621,  589,  731,  452,  843,  338,  902,  713,  277,  675,  773,  657,  255,  751,  489,  852,  821,  819,  434,  507,  731, 1001],
        [  833,  833,  560,  745,  891,  863,  580,  566,  545,  612,  994,  808,  855,  861,  661,  379,  829,  807,    0,  158,  639,  479,  213,  467,  468,  463,  513,  658,  479, 1074,  788,  669,  969,  784,  745,  398,  797,  732,  345,  994,   90,  627,  413,  941,  323,  786,  854,   45,  789,  367,   20,  538,  114,  361,  484,  574,  323,  321,  382,  793,  226,  733,  351,  157,  676,  257,  345,  949,  802,  148,  340,  361,  650,  629,  394, 1063,  592,  596],
        [  897,  897,  694,  661,  980,  931,  616,  539,  499,  722, 1006,  813,  940,  877,  651,  524,  886,  912,  158,    0,  743,  629,  164,  393,  347,  547,  522,  757,  558, 1097,  929,  756,  990,  759,  825,  520,  870,  818,  258, 1033,  231,  698,  562, 1003,  418,  908,  932,  185,  728,  395,  139,  489,  268,  372,  386,  690,  341,  476,  340,  821,  135,  875,  236,  200,  742,  269,  287,  947,  867,  164,  425,  268,  587,  565,  527, 1102,  549,  481],
        [  289,  289,  211,  832,  262,  298,  324,  546,  607,   49,  608,  516,  236,  503,  512,  349,  314,  170,  639,  743,    0,  364,  623,  671,  811,  207,  421,   32,  207,  623,  339,   99,  554,  624,  164,  253,  225,  131,  678,  503,  656,  172,  367,  380,  326,  202,  257,  659,  769,  415,  650,  615,  551,  456,  746,   93,  460,  443,  578,  412,  677,  327,  741,  545,  202,  510,  615,  631,  262,  582,  321,  694,  701,  696,  280,  560,  608,  859],
        [  650,  650,  162, 1000,  607,  661,  572,  726,  758,  315,  948,  817,  591,  827,  750,  113,  671,  480,  479,  629,  364,    0,  587,  760,  848,  366,  606,  395,  389,  978,  327,  453,  899,  883,  526,  214,  588,  495,  699,  862,  445,  485,   68,  743,  333,  395,  618,  473,  981,  505,  496,  760,  365,  539,  817,  272,  515,  162,  650,  736,  633,  267,  743,  481,  533,  516,  656,  950,  622,  514,  359,  719,  872,  859,  166,  921,  782,  943],
        [  747,  747,  615,  533,  844,  782,  458,  379,  344,  610,  842,  649,  802,  714,  488,  474,  733,  789,  213,  164,  623,  587,    0,  256,  273,  418,  360,  632,  425,  935,  854,  621,  827,  599,  685,  431,  726,  683,  135,  873,  301,  554,  521,  851,  307,  804,  789,  257,  583,  239,  200,  336,  275,  212,  274,  584,  185,  455,  182,  659,   55,  805,  159,  107,  594,  118,  136,  784,  718,   80,  304,  152,  443,  421,  452,  942,  394,  392],
        [  691,  691,  738,  279,  830,  729,  394,  199,  129,  677,  679,  489,  785,  567,  319,  650,  663,  817,  467,  393,  671,  760,  256,    0,  164,  475,  271,  668,  467,  787,  967,  630,  681,  393,  671,  563,  692,  682,  136,  757,  555,  543,  700,  780,  431,  871,  756,  511,  335,  269,  456,  116,  514,  229,   79,  667,  246,  660,  111,  541,  260,  929,  181,  333,  563,  254,  124,  603,  667,  324,  411,  129,  195,  173,  601,  820,  177,  192],
        [  852,  852,  852,  341,  986,  890,  553,  361,  287,  811,  835,  647,  941,  726,  479,  735,  825,  964,  468,  347,  811,  848,  273,  164,    0,  608,  430,  811,  604,  945, 1087,  780,  840,  538,  826,  669,  851,  835,  149,  919,  556,  695,  783,  942,  536, 1008,  915,  509,  440,  397,  452,  274,  546,  356,   92,  795,  358,  725,  234,  704,  244, 1045,  118,  376,  720,  334,  200,  753,  828,  352,  522,  130,  315,  294,  700,  982,  330,  136],
        [  376,  376,  282,  668,  433,  403,  207,  382,  430,  204,  606,  457,  395,  478,  387,  289,  378,  372,  463,  547,  207,  366,  418,  475,  608,    0,  255,  214,   25,  658,  496,  209,  565,  519,  283,  159,  335,  273,  472,  559,  498,  170,  331,  483,  140,  401,  392,  490,  629,  211,  470,  436,  394,  253,  547,  193,  253,  361,  376,  390,  472,  464,  535,  348,  222,  304,  410,  595,  344,  384,  124,  488,  536,  527,  209,  626,  442,  665],
        [  423,  423,  536,  416,  560,  461,  124,  128,  187,  438,  486,  296,  514,  355,  158,  512,  399,  554,  513,  522,  421,  606,  360,  271,  430,  255,    0,  413,  238,  576,  744,  367,  468,  293,  402,  393,  422,  415,  334,  518,  582,  276,  560,  517,  291,  622,  486,  553,  376,  148,  511,  195,  499,  154,  349,  439,  191,  560,  214,  301,  401,  716,  401,  357,  293,  261,  270,  437,  398,  377,  260,  343,  284,  277,  441,  586,  190,  449],
        [  257,  257,  242,  820,  238,  266,  309,  535,  599,   81,  579,  491,  209,  475,  495,  377,  283,  158,  658,  757,   32,  395,  632,  668,  811,  214,  413,    0,  211,  593,  361,   71,  524,  604,  132,  276,  194,  100,  681,  472,  678,  152,  397,  349,  340,  212,  227,  679,  752,  418,  668,  607,  572,  458,  744,  124,  464,  471,  578,  385,  686,  352,  746,  558,  176,  517,  618,  603,  231,  595,  333,  697,  690,  686,  306,  529,  597,  855],
        [  356,  356,  300,  653,  422,  385,  184,  365,  417,  210,  581,  432,  382,  453,  366,  314,  357,  367,  479,  558,  207,  389,  425,  467,  604,   25,  238,  211,    0,  635,  509,  198,  541,  496,  268,  184,  318,  261,  471,  536,  517,  150,  355,  464,  159,  405,  377,  508,  610,  209,  486,  423,  414,  250,  541,  204,  254,  386,  372,  366,  479,  478,  536,  359,  201,  309,  409,  570,  325,  395,  139,  487,  521,  513,  234,  603,  427,  658],
        [  339,  339,  834,  722,  473,  343,  494,  590,  659,  672,  118,  299,  454,  223,  469,  933,  310,  592, 1074, 1097,  623,  978,  935,  787,  945,  658,  576,  593,  635,    0,  910,  528,  108,  425,  463,  807,  405,  498,  891,  128, 1131,  500,  966,  282,  783,  725,  405, 1111,  593,  711, 1075,  673, 1034,  727,  854,  710,  761, 1016,  776,  282,  975,  922,  955,  924,  449,  833,  834,  216,  362,  948,  756,  896,  653,  668,  853,  107,  615,  898],
        [  577,  577,  239, 1159,  450,  568,  658,  871,  925,  310,  920,  850,  459,  828,  849,  411,  613,  320,  788,  929,  339,  327,  854,  967, 1087,  496,  744,  361,  509,  910,    0,  429,  861,  963,  464,  424,  512,  429,  943,  783,  766,  510,  384,  633,  553,  187,  506,  789, 1104,  699,  805,  931,  677,  740, 1036,  306,  730,  486,  863,  741,  905,   61,  998,  754,  536,  758,  888,  956,  560,  791,  566,  961, 1027, 1020,  405,  826,  933, 1158],
        [  199,  199,  306,  765,  225,  215,  255,  484,  552,  145,  510,  422,  186,  405,  435,  422,  219,  188,  669,  756,   99,  453,  621,  630,  780,  209,  367,   71,  198,  528,  429,    0,  456,  539,   80,  309,  141,   64,  657,  410,  698,   93,  448,  298,  347,  271,  188,  694,  692,  394,  678,  561,  593,  433,  708,  183,  445,  513,  548,  315,  674,  422,  723,  556,  107,  504,  592,  533,  170,  592,  333,  671,  637,  634,  346,  470,  546,  814],
        [  286,  286,  761,  631,  445,  301,  391,  483,  554,  601,   62,  193,  417,  116,  362,  846,  249,  549,  969,  990,  554,  899,  827,  681,  840,  565,  468,  524,  541,  108,  861,  456,    0,  329,  400,  718,  350,  436,  784,  123, 1029,  415,  881,  263,  684,  679,  366, 1007,  506,  605,  970,  567,  933,  620,  749,  636,  655,  925,  668,  179,  867,  866,  847,  818,  366,  727,  726,  144,  302,  842,  656,  788,  554,  567,  765,  159,  511,  798],
        [  476,  476,  789,  303,  652,  510,  316,  222,  267,  657,  308,  157,  610,  234,  136,  797,  434,  704,  784,  759,  624,  883,  599,  393,  538,  519,  293,  604,  496,  425,  963,  539,  329,    0,  530,  672,  513,  559,  518,  436,  861,  453,  843,  522,  581,  808,  563,  828,  183,  435,  779,  279,  786,  429,  448,  674,  467,  850,  420,  269,  626,  947,  572,  628,  433,  528,  474,  218,  468,  640,  551,  516,  232,  248,  722,  486,  217,  476],
        [  126,  126,  374,  779,  161,  136,  281,  509,  582,  212,  458,  397,  118,  366,  442,  501,  154,  174,  745,  825,  164,  526,  685,  671,  826,  283,  402,  132,  268,  463,  464,   80,  400,  530,    0,  389,   63,   37,  710,  340,  776,  133,  525,  220,  422,  289,  110,  771,  695,  452,  753,  592,  671,  489,  749,  254,  505,  593,  597,  282,  738,  467,  778,  626,  111,  568,  645,  493,  101,  661,  406,  724,  655,  656,  426,  397,  569,  849],
        [  502,  502,  185,  791,  513,  522,  365,  513,  549,  218,  761,  615,  484,  635,  538,  130,  512,  415,  398,  520,  253,  214,  431,  563,  669,  159,  393,  276,  184,  807,  424,  309,  718,  672,  389,    0,  449,  367,  522,  700,  406,  308,  173,  605,  134,  391,  496,  412,  767,  299,  411,  551,  301,  336,  626,  178,  318,  210,  454,  546,  483,  377,  575,  334,  361,  336,  471,  753,  471,  371,  153,  541,  662,  649,   51,  765,  570,  751],
        [   67,   67,  435,  778,  144,   74,  299,  519,  594,  274,  409,  371,   99,  329,  440,  563,  102,  204,  797,  870,  225,  588,  726,  692,  851,  335,  422,  194,  318,  405,  512,  141,  350,  513,   63,  449,    0,   95,  742,  281,  831,  173,  587,  158,  475,  330,   65,  824,  686,  489,  804,  605,  727,  524,  770,  316,  543,  654,  626,  252,  777,  519,  809,  673,  134,  609,  676,  453,   51,  707,  457,  754,  659,  661,  487,  336,  576,  864],
        [  160,  160,  341,  801,  162,  167,  297,  527,  597,  180,  494,  430,  123,  401,  466,  474,  190,  147,  732,  818,  131,  495,  683,  682,  835,  273,  415,  100,  261,  498,  429,   64,  436,  559,   37,  367,   95,    0,  715,  375,  760,  140,  496,  249,  410,  255,  130,  757,  721,  454,  741,  607,  654,  492,  760,  223,  505,  567,  604,  315,  736,  431,  781,  619,  131,  566,  650,  528,  137,  655,  396,  729,  676,  675,  401,  430,  587,  863],
        [  752,  752,  706,  407,  871,  788,  451,  306,  251,  674,  789,  595,  827,  668,  426,  586,  730,  837,  345,  258,  678,  699,  135,  136,  149,  472,  334,  681,  471,  891,  943,  657,  784,  518,  710,  522,  742,  715,    0,  847,  434,  578,  635,  849,  390,  871,  806,  388,  471,  264,  331,  240,  408,  224,  140,  655,  219,  579,  120,  629,  126,  898,   68,  232,  609,  187,   66,  720,  725,  212,  378,   20,  330,  308,  552,  913,  302,  258],
        [  216,  216,  713,  739,  347,  217,  418,  559,  633,  551,  179,  286,  326,  204,  442,  824,  192,  465,  994, 1033,  503,  862,  873,  757,  919,  559,  518,  472,  536,  128,  783,  410,  123,  436,  340,  700,  281,  375,  847,    0, 1045,  393,  853,  157,  690,  598,  278, 1028,  617,  640,  997,  647,  945,  662,  829,  592,  693,  909,  728,  218,  918,  796,  913,  850,  340,  765,  786,  266,  241,  878,  665,  854,  650,  661,  744,   70,  596,  890],
        [  873,  873,  549,  833,  914,  901,  638,  645,  629,  623, 1057,  875,  881,  924,  734,  358,  873,  820,   90,  231,  656,  445,  301,  555,  556,  498,  582,  678,  517, 1131,  766,  698, 1029,  861,  776,  406,  831,  760,  434, 1045,    0,  667,  383,  981,  359,  785,  886,   49,  874,  434,  105,  622,  106,  434,  573,  582,  395,  283,  467,  851,  314,  708,  439,  235,  718,  334,  433, 1017,  841,  233,  382,  450,  735,  715,  392, 1114,  674,  685],
        [  207,  207,  356,  672,  294,  236,  162,  392,  460,  208,  463,  348,  250,  345,  344,  434,  209,  279,  627,  698,  172,  485,  554,  543,  695,  170,  276,  152,  150,  500,  510,   93,  415,  453,  133,  308,  173,  140,  578,  393,  667,    0,  467,  315,  308,  361,  235,  657,  601,  320,  634,  470,  563,  356,  620,  232,  373,  517,  465,  253,  606,  497,  645,  500,   54,  437,  512,  471,  175,  534,  288,  591,  544,  542,  353,  459,  453,  724],
        [  646,  646,  187,  946,  621,  660,  537,  676,  704,  320,  927,  787,  600,  803,  709,   51,  663,  500,  413,  562,  367,   68,  521,  700,  783,  331,  560,  397,  355,  966,  384,  448,  881,  843,  525,  173,  587,  496,  635,  853,  383,  467,    0,  744,  278,  430,  623,  408,  932,  450,  430,  705,  299,  482,  755,  275,  456,  103,  590,  713,  566,  326,  677,  414,  518,  453,  594,  924,  616,  447,  306,  654,  819,  805,  122,  915,  731,  881],
        [  108,  108,  587,  815,  191,   84,  399,  590,  667,  428,  324,  366,  175,  297,  488,  720,  119,  314,  941, 1003,  380,  743,  851,  780,  942,  483,  517,  349,  464,  282,  633,  298,  263,  522,  220,  605,  158,  249,  849,  157,  981,  315,  744,    0,  622,  447,  131,  971,  705,  612,  947,  679,  877,  641,  856,  472,  666,  811,  730,  259,  900,  650,  916,  809,  265,  736,  784,  397,  140,  841,  602,  859,  709,  716,  644,  193,  639,  936],
        [  515,  515,  316,  668,  569,  543,  300,  401,  427,  307,  719,  552,  532,  587,  446,  228,  514,  495,  323,  418,  326,  333,  307,  431,  536,  140,  291,  340,  159,  783,  553,  347,  684,  581,  422,  134,  475,  410,  390,  690,  359,  308,  278,  622,    0,  498,  531,  350,  656,  173,  332,  427,  257,  206,  493,  278,  186,  270,  322,  506,  361,  509,  445,  220,  359,  205,  338,  695,  483,  258,   31,  409,  542,  528,  171,  758,  454,  619],
        [  394,  394,  244, 1031,  265,  383,  520,  746,  809,  197,  738,  684,  273,  654,  705,  436,  432,  133,  786,  908,  202,  395,  804,  871, 1008,  401,  622,  212,  405,  725,  187,  271,  679,  808,  289,  391,  330,  255,  871,  598,  785,  361,  430,  447,  498,    0,  320,  798,  962,  611,  800,  816,  685,  653,  945,  221,  653,  528,  776,  570,  858,  209,  932,  716,  375,  696,  810,  780,  380,  754,  501,  888,  901,  897,  395,  640,  808, 1060],
        [   90,   90,  460,  836,   89,   65,  363,  582,  657,  304,  427,  416,   52,  364,  498,  603,  133,  188,  854,  932,  257,  618,  789,  756,  915,  392,  486,  227,  377,  405,  506,  188,  366,  563,  110,  496,   65,  130,  806,  278,  886,  235,  623,  131,  531,  320,    0,  880,  739,  553,  862,  668,  780,  588,  834,  349,  606,  696,  690,  297,  841,  520,  874,  733,  198,  672,  741,  482,   97,  768,  515,  818,  718,  721,  530,  322,  637,  927],
        [  863,  863,  565,  789,  913,  892,  617,  609,  590,  628, 1033,  848,  879,  900,  703,  379,  860,  825,   45,  185,  659,  473,  257,  511,  509,  490,  553,  679,  508, 1111,  789,  694, 1007,  828,  771,  412,  824,  757,  388, 1028,   49,  657,  408,  971,  350,  798,  880,    0,  834,  407,   58,  582,  114,  402,  527,  589,  364,  312,  427,  830,  267,  732,  391,  200,  707,  300,  390,  990,  831,  192,  370,  404,  694,  674,  404, 1097,  636,  638],
        [  653,  653,  909,  132,  827,  689,  446,  256,  247,  795,  476,  339,  783,  416,  258,  883,  613,  867,  789,  728,  769,  981,  583,  335,  440,  629,  376,  752,  610,  593, 1104,  692,  506,  183,  695,  767,  686,  721,  471,  617,  874,  601,  932,  705,  656,  962,  739,  834,    0,  489,  780,  253,  816,  467,  361,  804,  502,  920,  407,  449,  594, 1082,  508,  641,  591,  546,  448,  379,  643,  642,  627,  463,  141,  163,  815,  664,  207,  344],
        [  509,  509,  470,  496,  613,  543,  222,  235,  254,  415,  628,  442,  569,  495,  303,  400,  494,  573,  367,  395,  415,  505,  239,  269,  397,  211,  148,  418,  209,  711,  699,  394,  605,  435,  452,  299,  489,  454,  264,  640,  434,  320,  450,  612,  173,  611,  553,  407,  489,    0,  366,  255,  352,   42,  338,  401,   55,  432,  166,  431,  289,  661,  329,  214,  357,  126,  201,  584,  479,  239,  147,  280,  370,  355,  341,  709,  284,  459],
        [  839,  839,  575,  733,  900,  870,  582,  560,  537,  624,  994,  806,  863,  861,  657,  396,  834,  818,   20,  139,  650,  496,  200,  456,  452,  470,  511,  668,  486, 1075,  805,  678,  970,  779,  753,  411,  804,  741,  331,  997,  105,  634,  430,  947,  332,  800,  862,   58,  780,  366,    0,  529,  132,  358,  470,  587,  321,  340,  373,  794,  210,  749,  335,  154,  682,  253,  334,  947,  808,  141,  347,  347,  640,  619,  409, 1066,  584,  581],
        [  596,  596,  713,  242,  746,  635,  311,   90,   14,  629,  564,  374,  701,  453,  206,  655,  566,  748,  538,  489,  615,  760,  336,  116,  274,  436,  195,  607,  423,  673,  931,  561,  567,  279,  592,  551,  605,  607,  240,  647,  622,  470,  705,  679,  427,  816,  668,  582,  253,  255,  529,    0,  565,  225,  183,  626,  257,  681,  156,  434,  354,  899,  293,  389,  482,  294,  202,  487,  575,  390,  401,  238,  119,  102,  595,  709,   63,  260],
        [  769,  769,  452,  790,  809,  796,  544,  575,  570,  519,  964,  787,  775,  831,  654,  267,  770,  716,  114,  268,  551,  365,  275,  514,  546,  394,  499,  572,  414, 1034,  677,  593,  933,  786,  671,  301,  727,  654,  408,  945,  106,  563,  299,  877,  257,  685,  780,  114,  816,  352,  132,  565,    0,  359,  546,  478,  321,  208,  415,  755,  306,  621,  430,  182,  615,  271,  392,  930,  738,  197,  281,  427,  682,  662,  291, 1013,  612,  666],
        [  540,  540,  510,  465,  650,  575,  247,  218,  226,  456,  639,  450,  606,  508,  301,  432,  523,  613,  361,  372,  456,  539,  212,  229,  356,  253,  154,  458,  250,  727,  740,  433,  620,  429,  489,  336,  524,  492,  224,  662,  434,  356,  482,  641,  206,  653,  588,  402,  467,   42,  358,  225,  359,    0,  297,  442,   39,  457,  125,  449,  259,  701,  290,  204,  391,  108,  160,  590,  511,  224,  183,  239,  342,  326,  376,  731,  261,  419],
        [  768,  768,  805,  277,  908,  807,  472,  271,  196,  750,  744,  556,  863,  635,  389,  705,  740,  894,  484,  386,  746,  817,  274,   79,   92,  547,  349,  744,  541,  854, 1036,  708,  749,  448,  749,  626,  770,  760,  140,  829,  573,  620,  755,  856,  493,  945,  834,  527,  361,  338,  470,  183,  546,  297,    0,  738,  309,  707,  174,  615,  262,  997,  153,  366,  641,  302,  162,  663,  745,  350,  475,  124,  229,  208,  662,  891,  239,  127],
        [  379,  379,  126,  854,  349,  389,  361,  566,  620,   46,  688,  579,  326,  576,  552,  259,  401,  240,  574,  690,   93,  272,  584,  667,  795,  193,  439,  124,  204,  710,  306,  183,  636,  674,  254,  178,  316,  223,  655,  592,  582,  232,  275,  472,  278,  221,  349,  589,  804,  401,  587,  626,  478,  442,  738,    0,  438,  354,  566,  484,  638,  278,  715,  496,  274,  477,  596,  703,  351,  534,  281,  673,  722,  715,  195,  650,  628,  858],
        [  563,  563,  497,  495,  665,  598,  275,  255,  259,  456,  675,  486,  622,  544,  339,  406,  548,  621,  323,  341,  460,  515,  185,  246,  358,  253,  191,  464,  254,  761,  730,  445,  655,  467,  505,  318,  543,  505,  219,  693,  395,  373,  456,  666,  186,  653,  606,  364,  502,   55,  321,  257,  321,   39,  309,  438,    0,  426,  137,  482,  235,  689,  282,  167,  411,   73,  159,  627,  533,  188,  167,  236,  374,  358,  356,  762,  296,  433],
        [  709,  709,  284,  920,  703,  727,  559,  666,  683,  400,  967,  812,  678,  838,  715,   96,  721,  589,  321,  476,  443,  162,  455,  660,  725,  361,  560,  471,  386, 1016,  486,  513,  925,  850,  593,  210,  654,  567,  579,  909,  283,  517,  103,  811,  270,  528,  696,  312,  920,  432,  340,  681,  208,  457,  707,  354,  426,    0,  551,  751,  496,  427,  614,  350,  570,  407,  546,  953,  678,  378,  300,  598,  799,  782,  167,  974,  715,  833],
        [  634,  634,  632,  376,  758,  671,  332,  200,  164,  580,  677,  482,  713,  553,  315,  539,  611,  731,  382,  340,  578,  650,  182,  111,  234,  376,  214,  578,  372,  776,  863,  548,  668,  420,  597,  454,  626,  604,  120,  728,  467,  465,  590,  730,  322,  776,  690,  427,  407,  166,  373,  156,  415,  125,  174,  566,  137,  551,    0,  511,  207,  824,  187,  236,  493,  147,   59,  612,  607,  235,  302,  130,  269,  249,  491,  795,  213,  298],
        [  208,  208,  609,  557,  385,  241,  213,  345,  421,  455,  216,  120,  345,   92,  233,  676,  166,  452,  793,  821,  412,  736,  659,  541,  704,  390,  301,  385,  366,  282,  741,  315,  179,  269,  282,  546,  252,  315,  629,  218,  851,  253,  713,  259,  506,  570,  297,  830,  449,  431,  794,  434,  755,  449,  615,  484,  482,  751,  511,    0,  702,  736,  695,  643,  212,  554,  568,  220,  204,  669,  478,  636,  452,  460,  595,  285,  387,  684],
        [  797,  797,  667,  533,  897,  832,  505,  407,  364,  664,  880,  686,  855,  753,  521,  521,  782,  843,  226,  135,  677,  633,   55,  260,  244,  472,  401,  686,  479,  975,  905,  674,  867,  626,  738,  483,  777,  736,  126,  918,  314,  606,  566,  900,  361,  858,  841,  267,  594,  289,  210,  354,  306,  259,  262,  638,  235,  496,  207,  702,    0,  856,  126,  154,  645,  171,  153,  817,  768,  120,  359,  140,  453,  431,  503,  986,  415,  371],
        [  584,  584,  193, 1131,  472,  579,  638,  843,  894,  291,  924,  842,  476,  826,  829,  354,  618,  338,  733,  875,  327,  267,  805,  929, 1045,  464,  716,  352,  478,  922,   61,  422,  866,  947,  467,  377,  519,  431,  898,  796,  708,  497,  326,  650,  509,  209,  520,  732, 1082,  661,  749,  899,  621,  701,  997,  278,  689,  427,  824,  736,  856,    0,  952,  704,  528,  713,  845,  954,  565,  741,  523,  917,  999,  990,  354,  842,  905, 1120],
        [  820,  820,  760,  429,  939,  856,  519,  366,  306,  736,  851,  657,  895,  732,  487,  630,  798,  902,  351,  236,  741,  743,  159,  181,  118,  535,  401,  746,  536,  955,  998,  723,  847,  572,  778,  575,  809,  781,   68,  913,  439,  645,  677,  916,  445,  932,  874,  391,  508,  329,  335,  293,  430,  290,  153,  715,  282,  614,  187,  695,  126,  952,    0,  265,  676,  240,  134,  778,  793,  237,  436,   60,  371,  349,  602,  979,  356,  249],
        [  703,  703,  516,  609,  780,  735,  433,  410,  395,  526,  841,  653,  741,  708,  504,  368,  694,  713,  157,  200,  545,  481,  107,  333,  376,  348,  357,  558,  359,  924,  754,  556,  818,  628,  626,  334,  673,  619,  232,  850,  235,  500,  414,  809,  220,  716,  733,  200,  641,  214,  154,  389,  182,  204,  366,  496,  167,  350,  236,  643,  154,  704,  265,    0,  546,  100,  211,  793,  672,   39,  226,  251,  504,  484,  351,  919,  440,  489],
        [  158,  158,  399,  671,  267,  190,  171,  399,  471,  244,  416,  315,  222,  303,  336,  486,  156,  277,  676,  742,  202,  533,  594,  563,  720,  222,  293,  176,  201,  449,  536,  107,  366,  433,  111,  361,  134,  131,  609,  340,  718,   54,  518,  265,  359,  375,  198,  707,  591,  357,  682,  482,  615,  391,  641,  274,  411,  570,  493,  212,  645,  528,  676,  546,    0,  478,  543,  431,  126,  579,  338,  621,  546,  546,  405,  406,  459,  740],
        [  632,  632,  520,  522,  727,  666,  348,  311,  299,  500,  746,  556,  685,  615,  405,  404,  619,  675,  257,  269,  510,  516,  118,  254,  334,  304,  261,  517,  309,  833,  758,  504,  727,  528,  568,  336,  609,  566,  187,  765,  334,  437,  453,  736,  205,  696,  672,  300,  546,  126,  253,  294,  271,  108,  302,  477,   73,  407,  147,  554,  171,  713,  240,  100,  478,    0,  141,  696,  602,  117,  196,  206,  411,  392,  366,  834,  342,  429],
        [  687,  687,  652,  401,  806,  724,  386,  256,  212,  613,  735,  540,  762,  611,  372,  544,  666,  773,  345,  287,  615,  656,  136,  124,  200,  410,  270,  618,  409,  834,  888,  592,  726,  474,  645,  471,  676,  650,   66,  786,  433,  512,  594,  784,  338,  810,  741,  390,  448,  201,  334,  202,  392,  160,  162,  596,  159,  546,   59,  568,  153,  845,  134,  211,  543,  141,    0,  669,  660,  201,  323,   80,  307,  286,  504,  853,  262,  288],
        [  395,  395,  827,  509,  568,  419,  396,  414,  474,  674,   99,  144,  534,  129,  297,  883,  353,  657,  949,  947,  631,  950,  784,  603,  753,  595,  437,  603,  570,  216,  956,  533,  144,  218,  493,  753,  453,  528,  720,  266, 1017,  471,  924,  397,  695,  780,  482,  990,  379,  584,  947,  487,  930,  590,  663,  703,  627,  953,  612,  220,  817,  954,  778,  793,  431,  696,  669,    0,  403,  812,  665,  721,  449,  466,  803,  297,  426,  694],
        [   32,   32,  473,  739,  185,   65,  276,  488,  564,  311,  360,  323,  142,  279,  401,  589,   54,  255,  802,  867,  262,  622,  718,  667,  828,  344,  398,  231,  325,  362,  560,  170,  302,  468,  101,  471,   51,  137,  725,  241,  841,  175,  616,  140,  483,  380,   97,  831,  643,  479,  808,  575,  738,  511,  745,  351,  533,  678,  607,  204,  768,  565,  793,  672,  126,  602,  660,  403,    0,  704,  462,  736,  622,  626,  512,  300,  542,  834],
        [  735,  735,  553,  602,  816,  768,  460,  420,  398,  564,  862,  673,  776,  731,  519,  402,  725,  751,  148,  164,  582,  514,   80,  324,  352,  384,  377,  595,  395,  948,  791,  592,  842,  640,  661,  371,  707,  655,  212,  878,  233,  534,  447,  841,  258,  754,  768,  192,  642,  239,  141,  390,  197,  224,  350,  534,  188,  378,  235,  669,  120,  741,  237,   39,  579,  117,  201,  812,  704,    0,  263,  230,  503,  482,  387,  947,  444,  470],
        [  494,  494,  331,  642,  557,  523,  271,  371,  400,  306,  691,  522,  519,  558,  415,  256,  492,  489,  340,  425,  321,  359,  304,  411,  522,  124,  260,  333,  139,  756,  566,  333,  656,  551,  406,  153,  457,  396,  378,  665,  382,  288,  306,  602,   31,  501,  515,  370,  627,  147,  347,  401,  281,  183,  475,  281,  167,  300,  302,  478,  359,  523,  436,  226,  338,  196,  323,  665,  462,  263,    0,  396,  514,  501,  194,  733,  426,  599],
        [  763,  763,  724,  394,  885,  800,  462,  308,  250,  691,  792,  599,  840,  673,  429,  606,  740,  852,  361,  268,  694,  719,  152,  129,  130,  488,  343,  697,  487,  896,  961,  671,  788,  516,  724,  541,  754,  729,   20,  854,  450,  591,  654,  859,  409,  888,  818,  404,  463,  280,  347,  238,  427,  239,  124,  673,  236,  598,  130,  636,  140,  917,   60,  251,  621,  206,   80,  721,  736,  230,  396,    0,  323,  301,  571,  920,  300,  240],
        [  639,  639,  817,  133,  802,  677,  382,  157,  116,  720,  538,  365,  757,  448,  223,  769,  603,  821,  650,  587,  701,  872,  443,  195,  315,  536,  284,  690,  521,  653, 1027,  637,  554,  232,  655,  662,  659,  676,  330,  650,  735,  544,  819,  709,  542,  901,  718,  694,  141,  370,  640,  119,  682,  342,  229,  722,  374,  799,  269,  452,  453,  999,  371,  504,  546,  411,  307,  449,  622,  503,  514,  323,    0,   23,  707,  706,   95,  246],
        [  643,  643,  807,  142,  804,  681,  380,  151,  101,  714,  554,  378,  759,  460,  229,  755,  609,  819,  629,  565,  696,  859,  421,  173,  294,  527,  277,  686,  513,  668, 1020,  634,  567,  248,  656,  649,  661,  675,  308,  661,  715,  542,  805,  716,  528,  897,  721,  674,  163,  355,  619,  102,  662,  326,  208,  715,  358,  782,  249,  460,  431,  990,  349,  484,  546,  392,  286,  466,  626,  482,  501,  301,   23,    0,  694,  719,   89,  231],
        [  542,  542,  168,  836,  541,  561,  415,  560,  593,  240,  810,  665,  514,  684,  588,   82,  555,  434,  394,  527,  280,  166,  452,  601,  700,  209,  441,  306,  234,  853,  405,  346,  765,  722,  426,   51,  487,  401,  552,  744,  392,  353,  122,  644,  171,  395,  530,  404,  815,  341,  409,  595,  291,  376,  662,  195,  356,  167,  491,  595,  503,  354,  602,  351,  405,  366,  504,  803,  512,  387,  194,  571,  707,  694,    0,  808,  617,  787],
        [  272,  272,  770,  789,  381,  266,  487,  622,  696,  609,  200,  342,  367,  260,  504,  887,  254,  507, 1063, 1102,  560,  921,  942,  820,  982,  626,  586,  529,  603,  107,  826,  470,  159,  486,  397,  765,  336,  430,  913,   70, 1114,  459,  915,  193,  758,  640,  322, 1097,  664,  709, 1066,  709, 1013,  731,  891,  650,  762,  974,  795,  285,  986,  842,  979,  919,  406,  834,  853,  297,  300,  947,  733,  920,  706,  719,  808,    0,  656,  949],
        [  561,  561,  724,  227,  719,  600,  292,   63,   51,  627,  505,  318,  673,  399,  155,  681,  528,  731,  592,  549,  608,  782,  394,  177,  330,  442,  190,  597,  427,  615,  933,  546,  511,  217,  569,  570,  576,  587,  302,  596,  674,  453,  731,  639,  454,  808,  637,  636,  207,  284,  584,   63,  612,  261,  239,  628,  296,  715,  213,  387,  415,  905,  356,  440,  459,  342,  262,  426,  542,  444,  426,  300,   95,   89,  617,  656,    0,  298],
        [  855,  855,  928,  226, 1005,  894,  569,  347,  271,  867,  783,  608,  960,  690,  452,  831,  824, 1001,  596,  481,  859,  943,  392,  192,  136,  665,  449,  855,  658,  898, 1158,  814,  798,  476,  849,  751,  864,  863,  258,  890,  685,  724,  881,  936,  619, 1060,  927,  638,  344,  459,  581,  260,  666,  419,  127,  858,  433,  833,  298,  684,  371, 1120,  249,  489,  740,  429,  288,  694,  834,  470,  599,  240,  246,  231,  787,  949,  298,    0]
    ]
}
