{
    "name": "random-86-31241",
    "comment": "size=86 seed=31241",
    "nodes": ["+0", "-0", "+1", "-1", "+2", "-2", "+3", "-3", "+4", "-4", "+5", "-5", "+6", "-6", "+7", "-7", "+8", "-8", "+9", "-9", "+10", "-10", "+11", "-11", "+12", "-12", "+13", "-13", "+14", "-14", "+15", "-15", "+16", "-16", "+17", "-17", "+18", "-18", "+19", "-19", "+20", "-20", "+21", "-21", "+22", "-22", "+23", "-23", "+24", "-24", "+25", "-25", "+26", "-26", "+27", "-27", "+28", "-28", "+29", "-29", "+30", "-30", "+31", "-31", "+32", "-32", "+33", "-33", "+34", "-34", "+35", "-35", "+36", "-36", "+37", "-37", "+38", "-38", "+39", "-39", "+40", "-40", "+41", "-41", "+42", "-42", "+43", "-43", "+44", "-44", "+45", "-45", "+46", "-46", "+47", "-47", "+48", "-48", "+49", "-49", "+50", "-50", "+51", "-51", "+52", "-52", "+53", "-53", "+54", "-54", "+55", "-55", "+56", "-56", "+57", "-57", "+58", "-58", "+59", "-59", "+60", "-60", "+61", "-61", "+62", "-62", "+63", "-63", "+64", "-64", "+65", "-65", "+66", "-66", "+67", "-67", "+68", "-68", "+69", "-69", "+70", "-70", "+71", "-71", "+72", "-72", "+73", "-73", "+74", "-74", "+75", "-75", "+76", "-76", "+77", "-77", "+78", "-78", "+79", "-79", "+80", "-80", "+81", "-81", "+82", "-82", "+83", "-83", "+84", "-84", "+85", "-85", "+86", "-86"],
    "precedence": {
        "+0": "-0",
        "+1": "-1",
        "+2": "-2",
        "+3": "-3",
        "+4": "-4",
        "+5": "-5",
        "+6": "-6",
        "+7": "-7",
        "+8": "-8",
        "+9": "-9",
        "+10": "-10",
        "+11": "-11",
        "+12": "-12",
        "+13": "-13",
        "+14": "-14",
        "+15": "-15",
        "+16": "-16",
        "+17": "-17",
        "+18": "-18",
        "+19": "-19",
        "+20": "-20",
        "+21": "-21",
        "+22": "-22",
        "+23": "-23",
        "+24": "-24",
        "+25": "-25",
        "+26": "-26",
        "+27": "-27",
        "+28": "-28",
        "+29": "-29",
        "+30": "-30",
        "+31": "-31",
        "+32": "-32",
        "+33": "-33",
        "+34": "-34",
        "+35": "-35",
        "+36": "-36",
        "+37": "-37",
        "+38": "-38",
        "+39": "-39",
        "+40": "-40",
        "+41": "-41",
        "+42": "-42",
        "+43": "-43",
        "+44": "-44",
        "+45": "-45",
        "+46": "-46",
        "+47": "-47",
        "+48": "-48",
        "+49": "-49",
        "+50": "-50",
        "+51": "-51",
        "+52": "-52",
        "+53": "-53",
        "+54": "-54",
        "+55": "-55",
        "+56": "-56",
        "+57": "-57",
        "+58": "-58",
        "+59": "-59",
        "+60": "-60",
        "+61": "-61",
        "+62": "-62",
        "+63": "-63",
        "+64": "-64",
        "+65": "-65",
        "+66": "-66",
        "+67": "-67",
        "+68": "-68",
        "+69": "-69",
        "+70": "-70",
        "+71": "-71",
        "+72": "-72",
        "+73": "-73",
        "+74": "-74",
        "+75": "-75",
        "+76": "-76",
        "+77": "-77",
        "+78": "-78",
        "+79": "-79",
        "+80": "-80",
        "+81": "-81",
        "+82": "-82",
        "+83": "-83",
        "+84": "-84",
        "+85": "-85",
        "+86": "-86"
    },
    "edges": [
        [    0,    0,  415,  496,   36,  642,  129,  212,  338,  200,  389,  419,  104,  462,  376,  199,  153,  275,  220,  178,  394,  564,  516,  144,  474,  538,  475,  495,  364,  146,  348,  466,  424,  309,  547,   78,  148,  429,  273,  337,  511,  452,  125,  473,  379,  427,  483,  432,  347,  172,  392,  594,  365,  519,  358,  278,  438,  367,  529,  422,  454,  498,  442,  355,  265,  188,  453,  113,   94,  610,  342,  399,  364,  646,  486,  154,  204,  614,  569,  135,  519,  464,  411,  199,  483,  507,  284,  650,  683,  243,  421,  188,  434,  471,  317,  331,  485,  669,  171,  180,  470,  183,  345,  491,  305,  239,  185,  406,  511,  549,  385,  440,  389,  345,  451,  491,  587,  257,  388,  505,  474,  490,  293,  450,  531,  336,  443,  282,  311,  236,  398,  138,  204,  435,  261,  519,  117,  528,  443,   44,  608,  369,  400,  338,  549,  248,  237,  432,  365,  526,  455,  331,  458,  421,  265,  613,  418,  211,  280,  298,  445,  251,  197,  498,  492,  346,  343,  374,  351,  538,  404,  120,  388,  374],
        [    0,    0,    0,    0,    0,    0,    0,    0,    0,    0,    0,    0,    0,    0,    0,    0,    0,    0,    0,    0,    0,    0,    0,    0,    0,    0,    0,    0,    0,    0,    0,    0,    0,    0,    0,    0,    0,    0,    0,    0,    0,    0,    0,    0,    0,    0,    0,    0,    0,    0,    0,    0,    0,    0,    0,    0,    0,    0,    0,    0,    0,    0,    0,    0,    0,    0,    0,    0,    0,    0,    0,    0,    0,    0,    0,    0,    0,    0,    0,    0,    0,    0,    0,    0,    0,    0,    0,    0,    0,    0,    0,    0,    0,    0,    0,    0,    0,    0,    0,    0,    0,    0,    0,    0,    0,    0,    0,    0,    0,    0,    0,    0,    0,    0,    0,    0,    0,    0,    0,    0,    0,    0,    0,    0,    0,    0,    0,    0,    0,    0,    0,    0,    0,    0,    0,    0,    0,    0,    0,    0,    0,    0,    0,    0,    0,    0,    0,    0,    0,    0,    0,    0,    0,    0,    0,    0,    0,    0,    0,    0,    0,    0,    0,    0,    0,    0,    0,    0,    0,    0,    0,    0,    0,    0],
        [  415,    0,    0,  206,  398,  974,  291,  602,  454,  529,  474,  573,  517,  566,  253,  302,  457,  145,  605,  580,  381,  868,  873,  443,  649,  285,  251,  247,  477,  444,   72,  808,   99,  678,  873,  350,  525,  805,  240,  710,  199,  139,  386,  159,  738,  622,  879,  817,  309,  526,  464,  437,  550,  915,  101,  683,  195,  776,  436,  519,  469,  647,  101,  513,  572,  538,  866,  339,  502,  971,  341,  545,  237,  435,  713,  391,  562,  425,  945,  371,  933,  776,  421,  250,  592,  796,  535,  991, 1012,  290,  294,  267,  524,  753,  731,  742,  620,  452,  373,  272,  845,  441,  758,  128,  437,  360,  239,  814,  483,  308,  739,  738,  804,   84,  138,  312,  958,  620,  448,  850,  808,  697,  609,  742,  825,  368,  264,  269,  324,  200,  661,  530,  505,  609,  172,  277,  362,  268,  857,  421,  929,  252,  776,  358,  835,  295,  387,  107,  338,  323,  451,  412,  843,  805,  154,  980,   88,  621,  359,  533,  530,  183,  360,  347,  315,  196,   78,  154,  494,  469,  501,  512,  192,  104],
        [  496,    0,  206,    0,  492,  931,  400,  705,  635,  535,  373,  754,  583,  756,  454,  456,  472,  290,  631,  674,  578, 1020,  854,  572,  553,  483,   69,   51,  660,  574,  209,  783,  112,  796,  833,  455,  559,  921,  418,  826,   24,  340,  515,  358,  731,  541,  896,  824,  222,  645,  361,  641,  724, 1015,  163,  773,  400,  817,  641,  708,  336,  539,  302,  690,  712,  554,  940,  390,  563, 1098,  255,  456,  436,  632,  634,  530,  578,  223,  938,  505,  981,  922,  617,  396,  782,  951,  500, 1128, 1155,  278,  498,  310,  413,  909,  800,  790,  807,  648,  381,  318,  842,  584,  834,  314,  374,  527,  318,  852,  686,  104,  728,  889,  866,  195,   69,  517, 1078,  739,  344,  984,  946,  610,  592,  894,  979,  285,  469,  238,  511,  351,  608,  574,  642,  788,  328,   75,  489,  466,  925,  518, 1075,  159,  780,  274,  992,  466,  551,  102,  237,  127,  314,  596,  850,  915,  260,  963,  124,  704,  536,  490,  722,  337,  357,  552,  133,  393,  210,  356,  672,  674,  689,  558,  396,  305],
        [   36,    0,  398,  492,    0,  676,  108,  214,  304,  235,  413,  388,  132,  430,  343,  165,  185,  255,  254,  185,  358,  551,  550,  116,  506,  507,  476,  495,  330,  118,  332,  501,  414,  305,  582,   50,  183,  429,  241,  335,  505,  426,   90,  446,  413,  459,  512,  464,  358,  160,  414,  559,  335,  526,  347,  288,  408,  393,  493,  388,  474,  528,  417,  324,  247,  223,  469,  124,  126,  607,  356,  427,  332,  612,  519,  119,  239,  622,  602,  100,  541,  450,  375,  170,  451,  491,  317,  644,  675,  252,  387,  189,  459,  453,  335,  356,  454,  635,  192,  181,  503,  152,  361,  466,  329,  204,  176,  432,  476,  551,  420,  425,  409,  332,  444,  458,  587,  250,  410,  498,  465,  523,  328,  433,  516,  352,  410,  289,  276,  211,  432,  172,  181,  406,  237,  520,   82,  497,  460,   26,  598,  374,  433,  354,  534,  214,  202,  423,  378,  530,  474,  296,  490,  423,  251,  646,  407,  224,  244,  330,  412,  227,  216,  464,  498,  316,  327,  346,  318,  503,  371,  154,  358,  350],
        [  642,    0,  974,  931,  676,    0,  751,  646,  956,  458,  568,  999,  559, 1058, 1013,  839,  528,  867,  426,  613, 1032,  942,  140,  751,  411, 1169,  871,  896,  976,  752,  903,  176,  928,  701,  101,  717,  494,  720,  909,  698,  954, 1059,  759, 1083,  265,  402,  278,  256,  710,  706,  581, 1235,  942,  677,  880,  591, 1063,  390, 1168, 1029,  633,  443, 1038,  951,  788,  459,  532,  655,  556,  843,  677,  486, 1000, 1286,  318,  785,  440,  885,  165,  772,  424,  871, 1044,  829, 1073,  931,  441,  920,  969,  687, 1061,  711,  545,  919,  504,  420, 1059, 1309,  603,  708,  208,  791,  531, 1084,  558,  876,  753,  371, 1142,  910,  258,  880,  470,  890,  930, 1130,  803,  705,  597,  829,  837,  351,  368,  893,  937,  647, 1079,  716,  951,  854,  324,  506,  771,  999,  871,  900,  757, 1157,  504,  672,  938,  775,  263,  658,  961,  889,  868,  931,  695,  866,  655,  960,  243,  688,  831,  125,  930,  573,  917,  446, 1052,  864,  614, 1139,  834,  975,  898,  992,  955, 1175, 1015,  523, 1016,  977],
        [  129,    0,  291,  400,  108,  751,    0,  315,  298,  295,  398,  404,  233,  431,  264,  109,  229,  148,  341,  290,  314,  624,  632,  174,  524,  419,  393,  409,  326,  176,  226,  576,  313,  399,  653,   60,  263,  525,  159,  430,  410,  324,  119,  345,  494,  482,  610,  556,  302,  247,  396,  494,  359,  628,  247,  393,  315,  496,  440,  384,  444,  539,  313,  336,  315,  293,  576,  110,  222,  700,  310,  433,  249,  537,  556,  139,  313,  553,  692,  111,  647,  525,  340,   79,  455,  558,  351,  729,  757,  200,  314,  125,  450,  518,  442,  460,  467,  560,  188,  119,  591,  192,  468,  362,  321,  179,   87,  534,  439,  469,  498,  494,  516,  228,  346,  380,  682,  342,  387,  584,  547,  553,  389,  501,  585,  315,  328,  227,  224,  108,  478,  260,  244,  430,  132,  436,   92,  407,  567,  131,  677,  301,  521,  314,  600,  155,  192,  322,  328,  454,  439,  275,  582,  522,  147,  733,  305,  331,  212,  359,  405,  123,  200,  393,  425,  225,  222,  247,  324,  456,  364,  241,  266,  246],
        [  212,    0,  602,  705,  214,  646,  315,    0,  339,  318,  572,  357,  161,  420,  486,  320,  315,  458,  255,   46,  444,  374,  507,  173,  612,  653,  687,  706,  353,  172,  540,  483,  626,  101,  567,  255,  244,  217,  403,  126,  719,  605,  222,  622,  394,  562,  411,  395,  556,   88,  577,  657,  302,  314,  559,   91,  572,  276,  576,  397,  645,  643,  605,  317,  144,  290,  280,  324,  183,  399,  548,  560,  481,  726,  593,  228,  288,  824,  526,  238,  383,  277,  442,  356,  431,  330,  424,  442,  478,  453,  515,  399,  609,  303,  173,  238,  415,  748,  370,  391,  442,  197,  180,  652,  489,  306,  389,  311,  530,  760,  405,  267,  247,  542,  657,  586,  376,   66,  578,  299,  275,  609,  382,  278,  348,  537,  551,  494,  390,  405,  499,  216,  147,  354,  433,  730,  242,  647,  280,  188,  408,  581,  383,  541,  370,  355,  285,  635,  572,  737,  651,  358,  415,  210,  461,  578,  619,   73,  342,  442,  420,  422,  399,  580,  704,  482,  536,  522,  326,  571,  386,  216,  522,  539],
        [  338,    0,  454,  635,  304,  956,  298,  339,    0,  537,  695,  120,  399,  133,  227,  196,  489,  347,  532,  356,  123,  438,  821,  207,  807,  365,  651,  660,   28,  205,  427,  783,  527,  351,  867,  287,  476,  455,  218,  379,  637,  382,  215,  388,  693,  761,  746,  719,  594,  259,  693,  326,  103,  584,  473,  424,  324,  611,  241,   87,  741,  827,  402,   62,  214,  522,  604,  399,  406,  581,  606,  723,  234,  401,  823,  186,  534,  825,  855,  209,  719,  361,  107,  254,  157,  363,  621,  578,  588,  496,  225,  421,  745,  321,  512,  573,  174,  421,  478,  415,  763,  166,  514,  437,  615,  120,  374,  648,  192,  724,  701,  318,  584,  441,  569,  285,  580,  306,  685,  455,  408,  827,  628,  318,  393,  612,  271,  519,  131,  289,  736,  457,  194,  155,  309,  690,  230,  365,  610,  298,  506,  580,  697,  611,  398,  171,  108,  538,  621,  721,  736,   44,  741,  470,  386,  905,  516,  404,  100,  633,  109,  301,  494,  266,  697,  265,  426,  313,   41,  233,   68,  444,  288,  355],
        [  200,    0,  529,  535,  235,  458,  295,  318,  537,    0,  275,  609,  162,  658,  559,  390,   73,  411,  106,  272,  591,  691,  346,  336,  296,  712,  490,  515,  562,  337,  457,  285,  501,  414,  359,  267,   75,  507,  454,  432,  555,  603,  325,  627,  209,  246,  363,  293,  327,  329,  284,  786,  554,  555,  444,  332,  605,  291,  725,  619,  356,  326,  584,  549,  428,   30,  442,  199,  144,  686,  303,  247,  544,  832,  290,  353,   47,  579,  417,  334,  455,  594,  610,  373,  677,  647,  107,  743,  784,  260,  608,  262,  302,  618,  311,  271,  675,  855,  159,  257,  317,  376,  351,  631,  203,  438,  298,  323,  710,  551,  211,  582,  358,  447,  513,  675,  654,  381,  289,  606,  588,  300,   95,  593,  666,  280,  623,  298,  506,  396,  200,  102,  382,  621,  413,  529,  316,  699,  421,  239,  720,  379,  250,  289,  687,  440,  436,  506,  328,  515,  367,  530,  319,  487,  379,  452,  499,  267,  478,  126,  643,  406,  180,  687,  479,  518,  451,  535,  547,  736,  602,  106,  559,  521],
        [  389,    0,  474,  373,  413,  568,  398,  572,  695,  275,    0,  794,  413,  827,  622,  506,  258,  425,  378,  528,  704,  944,  512,  528,  181,  734,  309,  333,  722,  531,  416,  439,  399,  672,  475,  413,  339,  776,  531,  695,  397,  595,  491,  619,  411,  169,  592,  513,  166,  557,   14,  855,  744,  830,  373,  602,  627,  554,  818,  781,   82,  174,  563,  727,  654,  304,  715,  298,  390,  957,  133,   84,  604,  878,  262,  519,  320,  329,  602,  492,  712,  844,  734,  459,  850,  892,  183, 1010, 1049,  213,  676,  283,   54,  857,  586,  540,  859,  898,  222,  286,  518,  562,  626,  599,   85,  577,  336,  580,  830,  342,  404,  825,  629,  397,  388,  728,  927,  630,   30,  870,  846,  238,  279,  835,  914,  107,  672,  213,  615,  450,  249,  366,  592,  815,  450,  334,  470,  718,  692,  432,  980,  230,  468,  116,  934,  547,  588,  399,  141,  299,   98,  672,  536,  758,  375,  618,  405,  534,  609,  166,  802,  449,  201,  752,  267,  564,  411,  556,  718,  840,  761,  361,  593,  520],
        [  419,    0,  573,  754,  388,  999,  404,  357,  120,  609,  794,    0,  457,   68,  338,  309,  571,  465,  586,  386,  216,  345,  861,  276,  893,  457,  769,  778,   96,  274,  546,  831,  646,  334,  916,  381,  542,  412,  337,  356,  756,  494,  303,  498,  741,  845,  766,  751,  704,  295,  793,  380,   57,  541,  592,  429,  432,  631,  292,   75,  846,  915,  517,   69,  214,  590,  589,  496,  470,  507,  713,  814,  348,  460,  899,  275,  598,  941,  882,  302,  715,  284,  184,  368,   75,  271,  702,  492,  494,  603,  326,  528,  843,  233,  522,  594,   66,  478,  573,  522,  798,  237,  515,  549,  712,  233,  484,  664,  220,  842,  750,  241,  587,  559,  688,  374,  513,  306,  786,  385,  338,  906,  696,  237,  299,  718,  372,  629,  249,  406,  808,  519,  232,   39,  427,  808,  324,  460,  601,  376,  414,  695,  736,  717,  300,  289,  213,  657,  730,  837,  842,  161,  771,  434,  503,  934,  635,  428,  219,  716,   86,  419,  593,  347,  813,  381,  545,  429,   83,  270,   83,  508,  401,  473],
        [  104,    0,  517,  583,  132,  559,  233,  161,  399,  162,  413,  457,    0,  510,  472,  293,  156,  378,  134,  116,  474,  534,  428,  193,  458,  637,  555,  576,  421,  194,  448,  385,  519,  260,  469,  180,   89,  367,  371,  282,  599,  555,  203,  576,  295,  408,  381,  336,  410,  169,  418,  682,  401,  439,  454,  199,  539,  263,  611,  476,  487,  487,  545,  401,  267,  138,  357,  194,   24,  549,  398,  401,  461,  738,  449,  226,  142,  678,  474,  217,  416,  436,  485,  301,  528,  487,  267,  599,  636,  314,  514,  275,  449,  457,  219,  227,  522,  761,  220,  267,  376,  234,  251,  594,  330,  318,  283,  302,  584,  625,  303,  422,  289,  445,  544,  585,  522,  221,  419,  457,  434,  460,  240,  432,  507,  384,  539,  356,  397,  340,  356,   64,  226,  466,  365,  598,  205,  628,  344,  118,  568,  444,  307,  390,  528,  341,  309,  527,  422,  598,  494,  401,  361,  352,  365,  520,  515,  128,  360,  284,  499,  355,  249,  589,  563,  447,  443,  476,  402,  616,  460,   57,  489,  478],
        [  462,    0,  566,  756,  430, 1058,  431,  420,  133,  658,  827,   68,  510,    0,  320,  328,  614,  472,  641,  447,  191,  397,  921,  323,  935,  419,  777,  785,  105,  321,  548,  889,  646,  401,  974,  417,  593,  478,  340,  423,  757,  474,  342,  475,  798,  888,  830,  812,  726,  353,  825,  325,  119,  607,  597,  495,  409,  695,  239,   49,  874,  956,  500,  110,  278,  640,  656,  530,  521,  566,  738,  853,  333,  406,  947,  313,  650,  952,  945,  338,  781,  345,  153,  385,   26,  325,  746,  546,  545,  628,  298,  553,  877,  290,  587,  657,   59,  422,  608,  548,  859,  282,  581,  528,  747,  253,  506,  728,  163,  849,  808,  303,  653,  563,  689,  336,  575,  371,  817,  446,  400,  952,  746,  298,  352,  745,  344,  651,  246,  416,  857,  572,  288,   92,  434,  815,  360,  424,  668,  420,  467,  711,  796,  743,  350,  299,  239,  657,  753,  848,  868,  164,  833,  501,  514,  997,  635,  490,  228,  759,   38,  427,  626,  305,  825,  371,  547,  416,  112,  213,   69,  560,  384,  464],
        [  376,    0,  253,  454,  343, 1013,  264,  486,  227,  559,  622,  338,  472,  320,    0,  180,  492,  202,  596,  483,  130,  663,  891,  315,  772,  169,  487,  489,  243,  315,  252,  838,  343,  533,  916,  299,  521,  652,  105,  565,  450,  157,  276,  162,  753,  734,  852,  807,  483,  399,  617,  235,  329,  776,  306,  576,   98,  727,  200,  275,  646,  782,  181,  288,  403,  555,  766,  369,  468,  796,  505,  674,   20,  274,  813,  262,  574,  665,  944,  260,  862,  581,  170,  186,  344,  588,  611,  800,  812,  410,   54,  345,  676,  546,  649,  689,  376,  296,  441,  344,  845,  291,  664,  212,  558,  182,  292,  766,  233,  553,  759,  540,  725,  271,  385,  117,  791,  478,  604,  670,  624,  807,  652,  541,  618,  522,   68,  415,  105,  176,  739,  513,  351,  375,  173,  520,  268,  162,  765,  354,  730,  447,  775,  517,  624,  134,  207,  353,  513,  560,  634,  183,  832,  661,  252,  988,  331,  532,  155,  616,  283,  174,  445,  132,  544,   64,  254,  100,  267,  228,  259,  495,   65,  150],
        [  199,    0,  302,  456,  165,  839,  109,  320,  196,  390,  506,  309,  293,  328,  180,    0,  329,  168,  418,  311,  206,  570,  714,  150,  633,  346,  464,  475,  223,  151,  255,  663,  354,  384,  743,  124,  346,  509,   84,  416,  462,  285,  101,  302,  577,  589,  672,  627,  398,  237,  503,  397,  271,  626,  294,  408,  255,  548,  336,  280,  548,  648,  287,  241,  271,  383,  598,  218,  289,  671,  411,  541,  170,  448,  661,   95,  400,  634,  765,   84,  687,  475,  232,   61,  353,  498,  456,  690,  711,  302,  223,  227,  558,  456,  475,  510,  369,  471,  296,  222,  667,  141,  493,  334,  430,   77,  178,  587,  330,  538,  583,  439,  551,  265,  394,  294,  659,  326,  494,  549,  507,  660,  484,  444,  527,  419,  247,  323,  118,  106,  580,  336,  205,  339,  133,  504,   89,  338,  595,  175,  629,  386,  597,  416,  539,   51,   97,  365,  426,  531,  542,  168,  653,  513,  198,  810,  344,  358,  104,  464,  300,  123,  309,  300,  505,  163,  253,  202,  227,  350,  260,  318,  204,  223],
        [  153,    0,  457,  472,  185,  528,  229,  315,  489,   73,  258,  571,  156,  614,  492,  329,    0,  339,  160,  271,  533,  687,  418,  296,  323,  643,  432,  456,  514,  298,  385,  356,  432,  415,  429,  208,   92,  520,  388,  437,  492,  532,  275,  555,  281,  275,  429,  362,  273,  307,  263,  722,  517,  584,  373,  348,  535,  346,  664,  573,  333,  347,  512,  507,  405,   84,  483,  127,  133,  702,  255,  252,  477,  766,  336,  304,  108,  535,  489,  282,  510,  588,  554,  307,  635,  637,  132,  753,  791,  195,  542,  190,  296,  605,  346,  321,  637,  788,   92,  185,  388,  335,  384,  559,  176,  383,  226,  381,  655,  497,  283,  571,  402,  375,  446,  609,  674,  374,  265,  612,  589,  339,  162,  582,  658,  237,  556,  235,  446,  326,  252,  114,  351,  586,  343,  472,  261,  630,  464,  196,  723,  320,  321,  243,  679,  378,  385,  437,  280,  464,  340,  478,  389,  504,  307,  524,  430,  278,  422,  146,  596,  336,  116,  621,  428,  449,  380,  464,  503,  678,  555,  105,  489,  450],
        [  275,    0,  145,  290,  255,  867,  148,  458,  347,  411,  425,  465,  378,  472,  202,  168,  339,    0,  475,  436,  306,  737,  756,  301,  583,  316,  305,  314,  373,  303,   88,  695,  186,  536,  767,  207,  395,  662,  133,  568,  295,  193,  244,  217,  619,  548,  748,  690,  281,  383,  418,  431,  434,  771,  128,  539,  207,  639,  401,  423,  445,  589,  174,  400,  434,  416,  723,  214,  365,  831,  304,  482,  183,  455,  634,  252,  439,  481,  823,  230,  793,  642,  343,  111,  498,  666,  439,  854,  877,  214,  255,  160,  478,  624,  589,  605,  520,  476,  267,  162,  722,  304,  615,  222,  366,  237,  114,  678,  426,  378,  621,  606,  663,   97,  226,  304,  817,  477,  405,  712,  671,  624,  499,  611,  695,  322,  248,  214,  228,   63,  569,  397,  366,  498,   39,  344,  219,  301,  714,  278,  796,  248,  652,  316,  707,  177,  262,  197,  311,  376,  433,  309,  717,  662,   51,  861,  177,  478,  247,  441,  439,   47,  263,  329,  355,  141,   85,  134,  383,  428,  404,  379,  169,  111],
        [  220,    0,  605,  631,  254,  426,  341,  255,  532,  106,  378,  586,  134,  641,  596,  418,  160,  475,    0,  213,  606,  617,  297,  326,  370,  757,  590,  614,  554,  328,  533,  252,  588,  342,  335,  298,   81,  420,  492,  354,  651,  663,  334,  685,  162,  321,  275,  216,  429,  292,  387,  811,  529,  456,  527,  246,  655,  188,  742,  608,  459,  404,  648,  532,  386,   80,  338,  266,  130,  594,  407,  340,  583,  865,  340,  359,   59,  684,  351,  347,  352,  525,  618,  416,  658,  581,  200,  655,  698,  354,  640,  341,  400,  557,  210,  166,  650,  888,  251,  335,  251,  367,  251,  697,  308,  450,  367,  222,  717,  653,  170,  520,  253,  525,  604,  711,  560,  320,  393,  524,  512,  359,  132,  531,  597,  385,  662,  394,  527,  449,  247,   83,  354,  592,  470,  630,  333,  746,  316,  247,  639,  478,  180,  393,  620,  467,  442,  594,  432,  619,  471,  534,  242,  397,  451,  394,  585,  191,  491,  219,  632,  461,  275,  717,  583,  564,  527,  588,  534,  749,  593,  101,  606,  582],
        [  178,    0,  580,  674,  185,  613,  290,   46,  356,  272,  528,  386,  116,  447,  483,  311,  271,  436,  213,    0,  454,  420,  475,  170,  567,  651,  652,  672,  372,  170,  516,  447,  598,  145,  532,  231,  198,  256,  394,  168,  688,  593,  211,  611,  357,  517,  390,  367,  517,   98,  534,  667,  330,  342,  532,  103,  565,  257,  588,  420,  602,  598,  590,  341,  177,  245,  289,  288,  139,  438,  507,  515,  477,  732,  549,  222,  243,  785,  501,  227,  379,  323,  455,  340,  460,  375,  379,  485,  522,  416,  516,  365,  565,  348,  166,  218,  447,  755,  329,  357,  413,  202,  183,  638,  446,  308,  360,  293,  547,  725,  368,  311,  243,  516,  628,  588,  413,  110,  534,  342,  319,  564,  338,  323,  394,  496,  550,  457,  392,  387,  455,  171,  163,  387,  415,  695,  227,  644,  285,  160,  453,  545,  350,  500,  416,  350,  290,  607,  531,  700,  608,  370,  388,  245,  435,  552,  592,   50,  346,  397,  443,  404,  358,  584,  666,  473,  512,  511,  348,  586,  408,  170,  514,  523],
        [  394,    0,  381,  578,  358, 1032,  314,  444,  123,  591,  704,  216,  474,  191,  130,  206,  533,  306,  606,  454,    0,  555,  901,  288,  838,  244,  606,  610,  130,  288,  371,  856,  467,  469,  938,  325,  540,  576,  178,  498,  576,  284,  273,  285,  767,  795,  840,  805,  580,  359,  700,  214,  220,  705,  424,  533,  219,  708,  137,  149,  739,  852,  310,  179,  331,  581,  717,  423,  476,  703,  598,  745,  145,  283,  866,  248,  597,  784,  943,  260,  827,  481,   40,  246,  215,  480,  661,  698,  705,  494,  110,  422,  757,  439,  616,  669,  248,  305,  501,  418,  848,  252,  623,  337,  631,  157,  369,  746,  126,  675,  775,  439,  691,  389,  510,  163,  702,  420,  689,  577,  530,  865,  685,  438,  509,  611,  156,  507,   90,  261,  784,  526,  298,  255,  270,  641,  277,  246,  721,  361,  623,  553,  780,  607,  512,  159,  167,  477,  609,  678,  729,   89,  829,  591,  354,  991,  455,  503,  115,  670,  154,  267,  512,  144,  659,  186,  372,  229,  159,  145,  134,  510,  194,  278],
        [  564,    0,  868, 1020,  551,  942,  624,  374,  438,  691,  944,  345,  534,  397,  663,  570,  687,  737,  617,  420,  555,    0,  807,  451,  983,  799, 1017, 1032,  426,  449,  824,  807,  922,  278,  885,  575,  617,  222,  631,  264, 1028,  817,  506,  825,  728,  933,  668,  690,  908,  393,  948,  721,  337,  303,  860,  375,  761,  555,  635,  419, 1014, 1015,  833,  378,  310,  663,  423,  674,  556,  189,  906,  934,  669,  802,  956,  490,  658, 1172,  791,  516,  554,  101,  526,  627,  385,   76,  797,  150,  151,  802,  662,  737,  982,  118,  445,  530,  346,  818,  733,  729,  736,  437,  414,  871,  860,  509,  710,  571,  559, 1092,  740,  132,  472,  833,  961,  716,  212,  314,  947,  116,  108,  975,  748,  127,   46,  899,  708,  839,  562,  675,  863,  590,  380,  309,  702, 1060,  533,  801,  448,  527,   71,  921,  696,  902,   50,  575,  482,  933,  928, 1076, 1018,  481,  699,  254,  760,  844,  913,  428,  518,  816,  427,  692,  760,  691, 1046,  694,  822,  742,  399,  609,  426,  590,  722,  778],
        [  516,    0,  873,  854,  550,  140,  632,  507,  821,  346,  512,  861,  428,  921,  891,  714,  418,  756,  297,  475,  901,  807,    0,  617,  387, 1050,  799,  824,  841,  618,  801,   74,  837,  563,   90,  593,  370,  586,  787,  560,  876,  948,  630,  971,  139,  362,  157,  118,  633,  569,  525, 1108,  805,  552,  784,  452,  946,  253, 1038,  892,  586,  424,  929,  814,  650,  342,  406,  543,  427,  717,  602,  436,  878, 1162,  300,  654,  320,  839,   94,  643,  313,  734,  912,  709,  935,  793,  355,  793,  842,  593,  936,  607,  501,  780,  366,  282,  921, 1184,  501,  602,   72,  657,  394,  977,  482,  745,  643,  238, 1009,  847,  135,  742,  337,  790,  844, 1006,  678,  566,  539,  696,  702,  334,  266,  754,  800,  573,  957,  627,  823,  737,  265,  379,  634,  860,  756,  832,  630, 1039,  377,  543,  806,  695,  125,  584,  825,  763,  736,  841,  623,  805,  606,  827,  109,  555,  725,  110,  837,  434,  787,  365,  916,  749,  516, 1013,  771,  856,  796,  877,  819, 1043,  879,  397,  898,  866],
        [  144,    0,  443,  572,  116,  751,  174,  173,  207,  336,  528,  276,  193,  323,  315,  150,  296,  301,  326,  170,  288,  451,  617,    0,  618,  483,  566,  583,  229,    3,  387,  577,  481,  237,  661,  127,  271,  363,  231,  269,  582,  434,   58,  450,  487,  570,  552,  518,  464,   88,  530,  501,  222,  477,  416,  262,  399,  422,  425,  285,  588,  641,  436,  214,  141,  318,  452,  235,  201,  531,  466,  542,  309,  564,  625,   56,  328,  723,  656,   72,  549,  351,  295,  193,  342,  386,  427,  557,  583,  358,  347,  288,  575,  346,  336,  383,  342,  586,  307,  281,  562,   42,  349,  483,  445,  139,  260,  459,  393,  642,  495,  321,  412,  392,  516,  419,  516,  178,  525,  413,  375,  631,  424,  328,  412,  464,  381,  392,  223,  243,  535,  252,   71,  292,  271,  610,   84,  476,  451,  101,  504,  472,  494,  465,  428,  183,  123,  491,  486,  626,  587,  210,  542,  365,  315,  704,  472,  219,  178,  441,  309,  260,  330,  416,  596,  310,  384,  351,  212,  427,  269,  238,  350,  371],
        [  474,    0,  649,  553,  506,  411,  524,  612,  807,  296,  181,  893,  458,  935,  772,  633,  323,  583,  370,  567,  838,  983,  387,  618,    0,  898,  487,  511,  834,  620,  587,  318,  579,  706,  328,  522,  370,  789,  674,  721,  577,  764,  594,  788,  327,   50,  503,  426,  346,  622,  194, 1007,  839,  815,  548,  615,  789,  507,  961,  892,  228,   39,  734,  829,  722,  322,  682,  415,  438,  961,  312,  104,  755, 1037,   94,  623,  326,  476,  480,  599,  645,  888,  863,  596,  956,  942,  193, 1024, 1067,  371,  826,  428,  143,  913,  572,  506,  959, 1059,  337,  429,  414,  657,  613,  773,  218,  696,  481,  522,  962,  513,  316,  877,  595,  569,  569,  884,  926,  676,  211,  893,  879,   62,  240,  888,  960,  283,  828,  382,  748,  597,  140,  397,  671,  908,  603,  509,  578,  883,  655,  518, 1008,  411,  385,  293,  982,  679,  701,  579,  322,  468,  251,  792,  442,  766,  536,  483,  584,  556,  732,  178,  915,  600,  329,  904,  439,  718,  582,  717,  824,  979,  874,  401,  751,  686],
        [  538,    0,  285,  483,  507, 1169,  419,  653,  365,  712,  734,  457,  637,  419,  169,  346,  643,  316,  757,  651,  244,  799, 1050,  483,  898,    0,  534,  529,  374,  483,  323,  995,  382,  696, 1070,  461,  681,  811,  266,  727,  471,  147,  444,  127,  912,  864, 1018,  970,  578,  566,  726,  166,  464,  937,  374,  743,  110,  894,  203,  385,  743,  903,  184,  423,  562,  711,  933,  516,  632,  945,  607,  796,  177,  150,  949,  430,  732,  705, 1107,  428, 1030,  725,  274,  342,  439,  723,  752,  942,  949,  528,  143,  475,  787,  683,  817,  856,  477,  168,  580,  476, 1008,  457,  831,  172,  681,  348,  426,  933,  277,  586,  917,  682,  894,  344,  420,   84,  944,  642,  712,  819,  772,  939,  804,  682,  753,  629,  103,  521,  266,  317,  882,  675,  515,  495,  303,  557,  435,   18,  933,  520,  867,  529,  937,  621,  755,  302,  371,  390,  608,  606,  727,  326,  996,  822,  363, 1150,  372,  700,  316,  755,  383,  308,  578,  116,  599,  195,  328,  182,  402,  241,  374,  657,  154,  215],
        [  475,    0,  251,   69,  476,  871,  393,  687,  651,  490,  309,  769,  555,  777,  487,  464,  432,  305,  590,  652,  606, 1017,  799,  566,  487,  534,    0,   26,  677,  569,  235,  727,  153,  781,  774,  444,  521,  904,  437,  810,   92,  389,  511,  408,  679,  477,  850,  776,  167,  633,  296,  687,  734,  992,  183,  749,  444,  777,  680,  728,  268,  472,  351,  703,  707,  511,  908,  365,  533, 1083,  197,  391,  469,  684,  570,  529,  534,  179,  884,  502,  941,  917,  644,  403,  802,  950,  445, 1118, 1148,  242,  534,  288,  346,  909,  769,  752,  825,  701,  343,  296,  791,  582,  804,  368,  317,  538,  307,  811,  719,   76,  676,  886,  831,  218,  116,  560, 1062,  726,  279,  973,  938,  545,  540,  893,  977,  226,  510,  200,  532,  363,  548,  538,  637,  800,  343,   44,  484,  517,  892,  502, 1069,  113,  731,  216,  992,  481,  560,  145,  177,   74,  245,  614,  801,  896,  267,  908,  164,  679,  552,  435,  743,  351,  316,  594,   68,  424,  234,  392,  686,  712,  708,  524,  433,  342],
        [  495,    0,  247,   51,  495,  896,  409,  706,  660,  515,  333,  778,  576,  785,  489,  475,  456,  314,  614,  672,  610, 1032,  824,  583,  511,  529,   26,    0,  686,  585,  240,  752,  150,  800,  800,  461,  545,  923,  445,  829,   72,  384,  526,  403,  705,  502,  875,  801,  192,  651,  320,  684,  745, 1012,  188,  770,  442,  801,  680,  736,  290,  496,  346,  713,  723,  535,  931,  385,  555, 1102,  223,  416,  471,  678,  594,  543,  559,  178,  910,  517,  965,  933,  649,  415,  810,  965,  471, 1136, 1165,  265,  535,  308,  370,  924,  791,  776,  833,  694,  367,  316,  816,  597,  826,  361,  343,  549,  324,  835,  722,   65,  702,  902,  854,  223,  110,  559, 1081,  744,  303,  991,  955,  570,  565,  908,  992,  252,  509,  223,  539,  373,  573,  562,  653,  811,  352,   31,  500,  512,  915,  521, 1085,  137,  756,  241, 1007,  490,  572,  141,  202,   78,  268,  622,  826,  916,  278,  934,  161,  700,  561,  460,  751,  360,  340,  593,   83,  427,  239,  393,  696,  713,  717,  547,  434,  342],
        [  364,    0,  477,  660,  330,  976,  326,  353,   28,  562,  722,   96,  421,  105,  243,  223,  514,  373,  554,  372,  130,  426,  841,  229,  834,  374,  677,  686,    0,  228,  452,  804,  552,  358,  888,  314,  500,  456,  243,  384,  662,  400,  241,  405,  713,  787,  762,  737,  621,  275,  720,  322,   91,  586,  499,  436,  339,  627,  235,   60,  769,  853,  422,   51,  222,  546,  612,  426,  429,  575,  633,  750,  253,  399,  849,  211,  557,  851,  872,  235,  730,  353,  106,  281,  130,  351,  646,  568,  576,  524,  237,  448,  773,  310,  525,  588,  148,  418,  505,  443,  782,  188,  526,  455,  643,  148,  401,  663,  179,  750,  722,  310,  596,  466,  594,  291,  576,  316,  712,  449,  402,  853,  652,  309,  380,  640,  283,  546,  153,  315,  760,  480,  209,  133,  335,  716,  257,  375,  620,  323,  494,  608,  717,  638,  384,  197,  135,  562,  649,  747,  764,   66,  759,  473,  413,  923,  541,  419,  126,  659,   82,  327,  522,  270,  724,  285,  451,  333,   32,  223,   41,  467,  306,  377],
        [  146,    0,  444,  574,  118,  752,  176,  172,  205,  337,  531,  274,  194,  321,  315,  151,  298,  303,  328,  170,  288,  449,  618,    3,  620,  483,  569,  585,  228,    0,  389,  579,  483,  235,  662,  129,  273,  361,  232,  268,  584,  435,   60,  451,  488,  572,  553,  519,  466,   87,  532,  500,  220,  476,  418,  262,  400,  422,  424,  284,  590,  643,  437,  212,  139,  320,  452,  238,  202,  529,  468,  544,  310,  564,  627,   57,  330,  725,  656,   73,  549,  349,  294,  194,  340,  383,  429,  555,  581,  360,  347,  291,  577,  344,  336,  383,  340,  586,  309,  283,  562,   40,  349,  484,  447,  138,  262,  460,  391,  644,  497,  319,  412,  394,  518,  419,  515,  177,  527,  411,  373,  633,  426,  326,  410,  466,  381,  394,  222,  244,  537,  253,   69,  289,  273,  612,   86,  476,  451,  103,  502,  474,  495,  468,  426,  184,  122,  492,  489,  628,  590,  209,  543,  364,  317,  705,  474,  219,  177,  443,  307,  262,  332,  415,  598,  310,  386,  352,  211,  426,  267,  240,  351,  372],
        [  348,    0,   72,  209,  332,  903,  226,  540,  427,  457,  416,  546,  448,  548,  252,  255,  385,   88,  533,  516,  371,  824,  801,  387,  587,  323,  235,  240,  452,  389,    0,  736,  101,  621,  803,  286,  453,  748,  209,  653,  211,  180,  330,  204,  666,  558,  808,  745,  256,  468,  407,  462,  517,  854,   55,  619,  221,  706,  447,  499,  420,  587,  148,  482,  522,  466,  799,  267,  433,  918,  285,  483,  234,  471,  648,  339,  490,  414,  873,  316,  863,  729,  410,  198,  573,  753,  466,  941,  965,  222,  300,  196,  468,  711,  664,  673,  598,  491,  302,  201,  773,  391,  691,  187,  372,  322,  168,  744,  484,  304,  667,  693,  736,   21,  143,  334,  903,  563,  391,  799,  759,  634,  538,  698,  782,  309,  281,  205,  302,  149,  593,  459,  453,  580,  123,  270,  305,  307,  790,  356,  883,  206,  705,  301,  794,  259,  348,  112,  286,  309,  404,  387,  772,  746,   84,  909,   90,  555,  328,  464,  513,  133,  290,  365,  293,  189,    6,  160,  465,  478,  480,  441,  201,  113],
        [  466,    0,  808,  783,  501,  176,  576,  483,  783,  285,  439,  831,  385,  889,  838,  663,  356,  695,  252,  447,  856,  807,   74,  577,  318,  995,  727,  752,  804,  579,  736,    0,  769,  550,   85,  541,  318,  589,  733,  552,  805,  887,  584,  911,   91,  290,  197,  132,  562,  537,  452, 1059,  775,  571,  717,  441,  889,  257,  992,  858,  513,  356,  867,  781,  624,  284,  426,  483,  381,  733,  530,  363,  824, 1110,  235,  610,  264,  766,  165,  597,  352,  728,  869,  654,  904,  787,  284,  807,  855,  525,  885,  542,  429,  770,  362,  278,  893, 1133,  435,  538,  102,  618,  395,  914,  410,  700,  581,  253,  968,  774,   82,  732,  348,  724,  774,  954,  695,  546,  466,  699,  700,  269,  199,  744,  797,  501,  903,  558,  775,  680,  192,  331,  601,  834,  697,  760,  581,  982,  396,  496,  812,  624,  112,  512,  821,  713,  693,  772,  551,  732,  533,  785,  138,  559,  661,  182,  769,  411,  742,  293,  881,  690,  449,  963,  698,  800,  731,  819,  784, 1000,  843,  347,  841,  805],
        [  424,    0,   99,  112,  414,  928,  313,  626,  527,  501,  399,  646,  519,  646,  343,  354,  432,  186,  588,  598,  467,  922,  837,  481,  579,  382,  153,  150,  552,  483,  101,  769,    0,  711,  828,  371,  510,  837,  309,  742,  111,  237,  423,  256,  706,  558,  860,  793,  234,  559,  388,  535,  618,  939,   67,  700,  293,  768,  531,  598,  384,  572,  199,  583,  618,  515,  875,  329,  501, 1011,  268,  476,  325,  532,  651,  434,  539,  328,  915,  411,  930,  826,  506,  296,  672,  852,  488, 1037, 1061,  244,  387,  249,  447,  810,  737,  738,  698,  549,  342,  256,  817,  488,  768,  219,  376,  422,  240,  805,  575,  212,  706,  791,  807,   90,   43,  409,  994,  653,  372,  893,  854,  631,  571,  796,  880,  296,  360,  212,  401,  248,  608,  521,  548,  680,  223,  180,  397,  365,  863,  439,  980,  170,  750,  286,  893,  360,  448,   11,  259,  225,  365,  487,  819,  834,  167,  946,   12,  634,  428,  483,  611,  233,  323,  443,  217,  281,  102,  245,  565,  564,  579,  504,  285,  194],
        [  309,    0,  678,  796,  305,  701,  399,  101,  351,  414,  672,  334,  260,  401,  533,  384,  415,  536,  342,  145,  469,  278,  563,  237,  706,  696,  781,  800,  358,  235,  621,  550,  711,    0,  632,  342,  341,  127,  463,   33,  808,  666,  293,  681,  465,  656,  446,  446,  654,  153,  678,  677,  286,  244,  645,  111,  625,  315,  591,  390,  746,  738,  670,  313,  138,  386,  257,  421,  283,  303,  647,  659,  532,  750,  681,  290,  381,  922,  567,  308,  381,  184,  458,  429,  407,  241,  521,  343,  378,  551,  554,  493,  709,  221,  200,  282,  383,  771,  470,  485,  494,  247,  184,  716,  590,  352,  479,  342,  534,  855,  477,  183,  257,  625,  744,  622,  283,   59,  678,  199,  175,  699,  472,  195,  256,  637,  595,  590,  431,  479,  588,  313,  184,  321,  507,  824,  317,  692,  267,  279,  308,  677,  443,  641,  279,  411,  327,  721,  671,  833,  751,  380,  462,  130,  545,  620,  703,  151,  381,  539,  410,  496,  498,  610,  800,  540,  617,  583,  327,  580,  384,  314,  578,  606],
