{
    "name": "random-22-7153",
    "comment": "size=22 seed=7153",
    "nodes": ["+0", "-0", "+1", "-1", "+2", "-2", "+3", "-3", "+4", "-4", "+5", "-5", "+6", "-6", "+7", "-7", "+8", "-8", "+9", "-9", "+10", "-10", "+11", "-11", "+12", "-12", "+13", "-13", "+14", "-14", "+15", "-15", "+16", "-16", "+17", "-17", "+18", "-18", "+19", "-19", "+20", "-20", "+21", "-21", "+22", "-22"],
    "precedence": {
        "+0": "-0",
        "+1": "-1",
        "+2": "-2",
        "+3": "-3",
        "+4": "-4",
        "+5": "-5",
        "+6": "-6",
        "+7": "-7",
        "+8": "-8",
        "+9": "-9",
        "+10": "-10",
        "+11": "-11",
        "+12": "-12",
        "+13": "-13",
        "+14": "-14",
        "+15": "-15",
        "+16": "-16",
        "+17": "-17",
        "+18": "-18",
        "+19": "-19",
        "+20": "-20",
        "+21": "-21",
        "+22": "-22"
    },
    "edges": [
        [    0,    0,  563,  853,  636,  306,  436,  883,   54,  548,  136,  700,  834,  570,  580,  248,  599,  578,  531,  933,  317,  630,  780,  340,  730,  352,  490,  666,  672,  927,  407,  716,  330,  459,  423,  254,  721,  810,  554,  949,  343,  358,  576,  890,  130,  682],
        [    0,    0,  563,  853,  636,  306,  436,  883,   54,  548,  136,  700,  834,  570,  580,  248,  599,  578,  531,  933,  317,  630,  780,  340,  730,  352,  490,  666,  672,  927,  407,  716,  330,  459,  423,  254,  721,  810,  554,  949,  343,  358,  576,  890,  130,  682],
        [  563,  563,    0,  675,  262,  442,  214,  701,  578,  231,  428,  201,  278,  183,  240,  521,  705,  266,  157,  597,  561,  568,  225,  596,  205,  212,  205,  161,  254,  591,  190,  451,  516,  109,  747,  596,  315,  675,  114,  707,  552,  422,   23,  781,  625,  389],
        [  853,  853,  675,    0,  416,  547,  830,   32,  902,  452,  771,  535,  807,  855,  911,  998,  377,  412,  821,  240,  569,  230,  657,  568,  829,  711,  503,  817,  440,  238,  596,  225,  536,  706,  632,  654,  395,   63,  562,  118,  538,  984,  657,  126,  797,  288],
        [  636,  636,  262,  416,    0,  390,  444,  441,  671,   88,  512,  141,  417,  445,  501,  689,  527,   65,  415,  348,  491,  352,  277,  516,  418,  360,  150,  401,   49,  342,  250,  192,  440,  316,  655,  557,   86,  423,  154,  446,  469,  631,  243,  528,  646,  129],
        [  306,  306,  442,  547,  390,    0,  445,  578,  355,  311,  238,  495,  711,  546,  583,  477,  341,  325,  500,  641,  120,  327,  610,  155,  645,  302,  274,  592,  435,  634,  253,  423,   78,  379,  306,  169,  469,  506,  374,  644,  114,  508,  443,  590,  270,  400],
        [  436,  436,  214,  830,  444,  445,    0,  859,  435,  382,  316,  413,  428,  135,  149,  325,  769,  424,  100,  791,  554,  677,  427,  590,  309,  145,  328,  243,  450,  785,  241,  618,  521,  129,  735,  558,  513,  817,  293,  882,  556,  211,  236,  921,  533,  558],
        [  883,  883,  701,   32,  441,  578,  859,    0,  933,  480,  802,  556,  826,  882,  937, 1029,  400,  440,  848,  239,  598,  259,  676,  597,  852,  741,  531,  841,  463,  238,  625,  250,  566,  735,  658,  683,  416,   86,  589,   98,  567, 1014,  683,  119,  827,  313],
        [   54,   54,  578,  902,  671,  355,  435,  933,    0,  583,  160,  726,  845,  569,  573,  208,  652,  614,  532,  976,  371,  681,  799,  393,  736,  367,  523,  671,  705,  969,  434,  760,  382,  472,  473,  307,  756,  860,  580,  996,  396,  331,  593,  941,  175,  724],
        [  548,  548,  231,  452,   88,  311,  382,  480,  583,    0,  424,  189,  442,  405,  460,  607,  494,   42,  370,  422,  418,  341,  316,  446,  416,  282,   64,  386,  127,  416,  168,  236,  368,  256,  591,  480,  174,  447,  118,  500,  399,  557,  217,  553,  561,  177],
        [  136,  136,  428,  771,  512,  238,  316,  802,  160,  424,    0,  567,  700,  447,  463,  240,  571,  457,  405,  825,  300,  560,  645,  333,  600,  218,  364,  536,  546,  819,  275,  612,  291,  325,  455,  271,  597,  736,  421,  858,  316,  293,  441,  824,  217,  572],
        [  700,  700,  201,  535,  141,  495,  413,  556,  726,  189,  567,    0,  279,  372,  428,  704,  667,  193,  354,  412,  606,  493,  136,  635,  298,  375,  224,  297,  100,  407,  293,  314,  556,  295,  780,  664,  141,  550,  147,  543,  587,  618,  179,  653,  732,  256],
        [  834,  834,  278,  807,  417,  711,  428,  826,  845,  442,  700,  279,    0,  311,  345,  752,  935,  459,  330,  648,  830,  769,  150,  863,  129,  483,  449,  189,  379,  645,  465,  591,  782,  376, 1014,  871,  413,  827,  342,  799,  817,  626,  271,  928,  902,  534],
        [  570,  570,  183,  855,  445,  546,  135,  882,  569,  405,  447,  372,  311,    0,   58,  448,  850,  444,   46,  777,  661,  733,  344,  697,  185,  250,  367,  123,  436,  772,  309,  633,  623,  173,  846,  675,  496,  852,  293,  890,  659,  316,  204,  958,  663,  570],
        [  580,  580,  240,  911,  501,  583,  149,  937,  573,  460,  463,  428,  345,   58,    0,  434,  895,  499,   92,  834,  696,  784,  393,  733,  217,  283,  419,  162,  493,  829,  355,  689,  660,  219,  879,  705,  553,  907,  350,  947,  696,  294,  260, 1012,  680,  627],
        [  248,  248,  521,  998,  689,  477,  325, 1029,  208,  607,  240,  704,  752,  448,  434,    0,  809,  645,  423, 1026,  533,  795,  744,  562,  630,  333,  543,  566,  712, 1019,  440,  822,  528,  414,  666,  487,  771,  967,  562, 1078,  552,  147,  541, 1059,  377,  773],
        [  599,  599,  705,  377,  527,  341,  769,  400,  652,  494,  571,  667,  935,  850,  895,  809,    0,  477,  806,  581,  282,  197,  802,  261,  904,  625,  501,  866,  573,  577,  542,  418,  281,  678,  267,  352,  569,  315,  604,  495,  259,  849,  698,  346,  504,  445],
        [  578,  578,  266,  412,   65,  325,  424,  440,  614,   42,  457,  193,  459,  444,  499,  645,  477,    0,  409,  382,  426,  313,  326,  452,  444,  323,  104,  418,  112,  375,  208,  195,  376,  297,  592,  493,  146,  409,  152,  459,  404,  598,  250,  515,  583,  136],
        [  531,  531,  157,  821,  415,  500,  100,  848,  532,  370,  405,  354,  330,   46,   92,  423,  806,  409,    0,  753,  615,  692,  343,  652,  209,  205,  327,  144,  410,  747,  265,  600,  578,  129,  801,  630,  471,  816,  261,  860,  613,  299,  179,  921,  620,  538],
        [  933,  933,  597,  240,  348,  641,  791,  239,  976,  422,  825,  412,  648,  777,  834, 1026,  581,  382,  753,    0,  700,  394,  504,  711,  703,  703,  485,  708,  343,    7,  589,  218,  657,  663,  809,  783,  282,  295,  499,  169,  671,  977,  575,  358,  909,  254],
        [  317,  317,  561,  569,  491,  120,  554,  598,  371,  418,  300,  606,  830,  661,  696,  533,  282,  426,  615,  700,    0,  339,  725,   37,  764,  413,  388,  711,  538,  695,  372,  488,   51,  496,  187,   86,  564,  518,  491,  676,   31,  590,  562,  586,  233,  478],
        [  630,  630,  568,  230,  352,  327,  677,  259,  681,  341,  560,  493,  769,  733,  784,  795,  197,  313,  692,  394,  339,    0,  628,  339,  755,  543,  367,  726,  395,  389,  437,  223,  308,  566,  417,  424,  381,  181,  458,  340,  309,  801,  556,  265,  569,  254],
        [  780,  780,  225,  657,  277,  610,  427,  676,  799,  316,  645,  136,  150,  344,  393,  744,  802,  326,  343,  504,  725,  628,    0,  756,  209,  434,  338,  237,  234,  500,  382,  442,  676,  334,  904,  777,  264,  678,  239,  651,  709,  636,  208,  779,  829,  387],
        [  340,  340,  596,  568,  516,  155,  590,  597,  393,  446,  333,  635,  863,  697,  733,  562,  261,  452,  652,  711,   37,  339,  756,    0,  799,  450,  419,  747,  563,  705,  407,  502,   81,  532,  152,   93,  587,  515,  523,  678,   48,  624,  596,  577,  245,  496],
        [  730,  730,  205,  829,  418,  645,  309,  852,  736,  416,  600,  298,  129,  185,  217,  630,  904,  444,  209,  703,  764,  755,  209,  799,    0,  385,  404,   66,  390,  698,  393,  606,  720,  280,  951,  795,  438,  840,  301,  840,  755,  500,  208,  945,  809,  544],
        [  352,  352,  212,  711,  360,  302,  145,  741,  367,  282,  218,  375,  483,  250,  283,  333,  625,  323,  205,  703,  413,  543,  434,  450,  385,    0,  220,  323,  380,  697,  117,  511,  379,  107,  597,  426,  440,  692,  230,  774,  414,  276,  227,  794,  425,  456],
        [  490,  490,  205,  503,  150,  274,  328,  531,  523,   64,  364,  224,  449,  367,  419,  543,  501,  104,  327,  485,  388,  367,  338,  419,  404,  220,    0,  365,  183,  479,  104,  293,  339,  206,  568,  442,  235,  492,  107,  558,  372,  495,  197,  596,  511,  237],
        [  666,  666,  161,  817,  401,  592,  243,  841,  671,  386,  536,  297,  189,  123,  162,  566,  866,  418,  144,  708,  711,  726,  237,  747,   66,  323,  365,    0,  380,  703,  341,  592,  668,  221,  898,  739,  434,  823,  269,  837,  704,  437,  171,  928,  747,  530],
        [  672,  672,  254,  440,   49,  435,  450,  463,  705,  127,  546,  100,  379,  436,  493,  712,  573,  112,  410,  343,  538,  395,  234,  563,  390,  380,  183,  380,    0,  338,  277,  217,  487,  323,  703,  603,   63,  452,  158,  458,  516,  644,  233,  556,  688,  157],
        [  927,  927,  591,  238,  342,  634,  785,  238,  969,  416,  819,  407,  645,  772,  829, 1019,  577,  375,  747,    7,  695,  389,  500,  705,  698,  697,  479,  703,  338,    0,  583,  212,  651,  657,  804,  777,  276,  293,  493,  170,  665,  971,  569,  357,  903,  248],
        [  407,  407,  190,  596,  250,  253,  241,  625,  434,  168,  275,  293,  465,  309,  355,  440,  542,  208,  265,  589,  372,  437,  382,  407,  393,  117,  104,  341,  277,  583,    0,  394,  328,  137,  559,  407,  333,  579,  148,  658,  364,  393,  194,  682,  448,  340],
        [  716,  716,  451,  225,  192,  423,  618,  250,  760,  236,  612,  314,  591,  633,  689,  822,  418,  195,  600,  218,  488,  223,  442,  502,  606,  511,  293,  592,  217,  212,  394,    0,  443,  491,  614,  570,  180,  237,  340,  265,  460,  787,  433,  340,  692,   63],
        [  330,  330,  516,  536,  440,   78,  521,  566,  382,  368,  291,  556,  782,  623,  660,  528,  281,  376,  578,  657,   51,  308,  676,   81,  720,  379,  339,  668,  487,  651,  328,  443,    0,  456,  232,  127,  514,  488,  442,  640,   37,  573,  516,  563,  262,  430],
        [  459,  459,  109,  706,  316,  379,  129,  735,  472,  256,  325,  295,  376,  173,  219,  414,  678,  297,  129,  663,  496,  566,  334,  532,  280,  107,  206,  221,  323,  657,  137,  491,  456,    0,  683,  519,  386,  697,  166,  755,  492,  325,  128,  802,  530,  431],
        [  423,  423,  747,  632,  655,  306,  735,  658,  473,  591,  455,  780, 1014,  846,  879,  666,  267,  592,  801,  809,  187,  417,  904,  152,  951,  597,  568,  898,  703,  804,  559,  614,  232,  683,    0,  185,  721,  573,  673,  749,  197,  747,  748,  611,  301,  618],
        [  254,  254,  596,  654,  557,  169,  558,  683,  307,  480,  271,  664,  871,  675,  705,  487,  352,  493,  630,  783,   86,  424,  777,   93,  795,  426,  442,  739,  603,  777,  407,  570,  127,  519,  185,    0,  634,  602,  539,  762,  116,  563,  601,  668,  153,  555],
        [  721,  721,  315,  395,   86,  469,  513,  416,  756,  174,  597,  141,  413,  496,  553,  771,  569,  146,  471,  282,  564,  381,  264,  587,  438,  440,  235,  434,   63,  276,  333,  180,  514,  386,  721,  634,    0,  415,  220,  403,  540,  706,  294,  516,  729,  129],
        [  810,  810,  675,   63,  423,  506,  817,   86,  860,  447,  736,  550,  827,  852,  907,  967,  315,  409,  816,  295,  518,  181,  678,  515,  840,  692,  492,  823,  452,  293,  579,  237,  488,  697,  573,  602,  415,    0,  561,  180,  487,  961,  658,  106,  749,  296],
        [  554,  554,  114,  562,  154,  374,  293,  589,  580,  118,  421,  147,  342,  293,  350,  562,  604,  152,  261,  499,  491,  458,  239,  523,  301,  230,  107,  269,  158,  493,  148,  340,  442,  166,  673,  539,  220,  561,    0,  599,  477,  488,   99,  667,  593,  277],
        [  949,  949,  707,  118,  446,  644,  882,   98,  996,  500,  858,  543,  799,  890,  947, 1078,  495,  459,  860,  169,  676,  340,  651,  678,  840,  774,  558,  837,  458,  170,  658,  265,  640,  755,  749,  762,  403,  180,  599,    0,  646, 1050,  687,  205,  902,  324],
        [  343,  343,  552,  538,  469,  114,  556,  567,  396,  399,  316,  587,  817,  659,  696,  552,  259,  404,  613,  671,   31,  309,  709,   48,  755,  414,  372,  704,  516,  665,  364,  460,   37,  492,  197,  116,  540,  487,  477,  646,    0,  603,  552,  556,  263,  451],
        [  358,  358,  422,  984,  631,  508,  211, 1014,  331,  557,  293,  618,  626,  316,  294,  147,  849,  598,  299,  977,  590,  801,  636,  624,  500,  276,  495,  437,  644,  971,  393,  787,  573,  325,  747,  563,  706,  961,  488, 1050,  603,    0,  444, 1060,  482,  732],
        [  576,  576,   23,  657,  243,  443,  236,  683,  593,  217,  441,  179,  271,  204,  260,  541,  698,  250,  179,  575,  562,  556,  208,  596,  208,  227,  197,  171,  233,  569,  194,  433,  516,  128,  748,  601,  294,  658,   99,  687,  552,  444,    0,  764,  634,  370],
        [  890,  890,  781,  126,  528,  590,  921,  119,  941,  553,  824,  653,  928,  958, 1012, 1059,  346,  515,  921,  358,  586,  265,  779,  577,  945,  794,  596,  928,  556,  357,  682,  340,  563,  802,  611,  668,  516,  106,  667,  205,  556, 1060,  764,    0,  818,  401],
        [  130,  130,  625,  797,  646,  270,  533,  827,  175,  561,  217,  732,  902,  663,  680,  377,  504,  583,  620,  909,  233,  569,  829,  245,  809,  425,  511,  747,  688,  903,  448,  692,  262,  530,  301,  153,  729,  749,  593,  902,  263,  482,  634,  818,    0,  668],
        [  682,  682,  389,  288,  129,  400,  558,  313,  724,  177,  572,  256,  534,  570,  627,  773,  445,  136,  538,  254,  478,  254,  387,  496,  544,  456,  237,  530,  157,  248,  340,   63,  430,  431,  618,  555,  129,  296,  277,  324,  451,  732,  370,  401,  668,    0]
    ]
}
