{
    "name": "random-47-6743",
    "comment": "size=47 seed=6743",
    "nodes": ["+0", "-0", "+1", "-1", "+2", "-2", "+3", "-3", "+4", "-4", "+5", "-5", "+6", "-6", "+7", "-7", "+8", "-8", "+9", "-9", "+10", "-10", "+11", "-11", "+12", "-12", "+13", "-13", "+14", "-14", "+15", "-15", "+16", "-16", "+17", "-17", "+18", "-18", "+19", "-19", "+20", "-20", "+21", "-21", "+22", "-22", "+23", "-23", "+24", "-24", "+25", "-25", "+26", "-26", "+27", "-27", "+28", "-28", "+29", "-29", "+30", "-30", "+31", "-31", "+32", "-32", "+33", "-33", "+34", "-34", "+35", "-35", "+36", "-36", "+37", "-37", "+38", "-38", "+39", "-39", "+40", "-40", "+41", "-41", "+42", "-42", "+43", "-43", "+44", "-44", "+45", "-45", "+46", "-46", "+47", "-47"],
    "precedence": {
        "+0": "-0",
        "+1": "-1",
        "+2": "-2",
        "+3": "-3",
        "+4": "-4",
        "+5": "-5",
        "+6": "-6",
        "+7": "-7",
        "+8": "-8",
        "+9": "-9",
        "+10": "-10",
        "+11": "-11",
        "+12": "-12",
        "+13": "-13",
        "+14": "-14",
        "+15": "-15",
        "+16": "-16",
        "+17": "-17",
        "+18": "-18",
        "+19": "-19",
        "+20": "-20",
        "+21": "-21",
        "+22": "-22",
        "+23": "-23",
        "+24": "-24",
        "+25": "-25",
        "+26": "-26",
        "+27": "-27",
        "+28": "-28",
        "+29": "-29",
        "+30": "-30",
        "+31": "-31",
        "+32": "-32",
        "+33": "-33",
        "+34": "-34",
        "+35": "-35",
        "+36": "-36",
        "+37": "-37",
        "+38": "-38",
        "+39": "-39",
        "+40": "-40",
        "+41": "-41",
        "+42": "-42",
        "+43": "-43",
        "+44": "-44",
        "+45": "-45",
        "+46": "-46",
        "+47": "-47"
    },
    "edges": [
        [    0,    0,  738,  890,  379,  180,  362,  507,  336,  201,  295,  747,  482,  248,  194,  186,  504,  308,  832,  471,  407,  315,  579,  557,  356,  559,  402,  702,  431,  204,  402,  638,  581,  413,  538,  766,  478,  721,  557,  774,  642,  195,  396,  303,  639,  432,  731,  733,  453,  121,  727,  259,  326,  560,  725,  506,  654,  540,  137,  452,  513,  227,  238,  322,  280,  328,   99,  568,  140,  538,  470,  531,  529,  792,  795,  557,  689,  480,  417,  694,  351,   95,  346,  305,  676,  452,  683,  425,  271,  453,  267,  781,  508,  374,  565,  476],
        [    0,    0,    0,    0,    0,    0,    0,    0,    0,    0,    0,    0,    0,    0,    0,    0,    0,    0,    0,    0,    0,    0,    0,    0,    0,    0,    0,    0,    0,    0,    0,    0,    0,    0,    0,    0,    0,    0,    0,    0,    0,    0,    0,    0,    0,    0,    0,    0,    0,    0,    0,    0,    0,    0,    0,    0,    0,    0,    0,    0,    0,    0,    0,    0,    0,    0,    0,    0,    0,    0,    0,    0,    0,    0,    0,    0,    0,    0,    0,    0,    0,    0,    0,    0,    0,    0,    0,    0,    0,    0,    0,    0,    0,    0,    0,    0],
        [  738,    0,    0,  878,  514,  867,  643,  571,  860,  559,  846,  429,  305,  977,  922,  686,  237,  432,  120,  319, 1088,  438,  961,  191,  654, 1081,  383,  677,  861,  877,  346,  267,  683, 1045, 1041,  825,  842,  364,  382,  892,  429,  772,  447,  872,  114,  422,  557,  531,  393,  788,  807,  560,  573,  756,  666,  898,  565,  273,  604,  694,  418,  938,  811,  789,  462,  868,  746, 1120,  840, 1176,  336, 1025, 1140,   55,  968,  601,  685,  345,  970,  129,  980,  660,  933, 1011,   74,  382,   59, 1044,  605,  315,  472,  617,  387,  616, 1185,  526],
        [  890,    0,  878,    0,  565,  835,  530,  417,  645,  752, 1177,  458,  939,  953,  927, 1021,  838,  826,  850,  943,  896,  879,  471,  771, 1139,  659,  935,  222, 1294, 1090,  744,  616,  312,  799,  626,  128,  472,  519,  531,  162,  455, 1072,  602,  694,  891,  589,  321,  349,  598,  810,  167,  667,  585,  337,  220,  488,  328,  971,  862,  439,  524,  894,  707,  605,  840, 1211,  803,  713, 1023,  862,  963,  611,  804,  896,  224,  362,  224,  986,  675,  750,  776,  905,  714,  911,  819,  996,  839,  779, 1035,  702,  800,  266,  557, 1128,  839,  468],
        [  379,    0,  514,  565,    0,  422,  130,  148,  354,  198,  637,  374,  418,  550,  502,  469,  348,  267,  566,  417,  609,  320,  459,  331,  575,  568,  390,  351,  739,  581,  218,  310,  262,  549,  528,  456,  335,  358,  196,  494,  267,  532,   69,  375,  459,   93,  354,  355,  123,  356,  422,  122,   70,  294,  368,  390,  281,  466,  310,  199,  145,  497,  327,  281,  278,  670,  326,  608,  518,  675,  434,  512,  634,  559,  546,  204,  344,  456,  461,  417,  488,  362,  433,  556,  440,  456,  456,  544,  472,  210,  237,  408,  154,  564,  680,  103],
        [  180,    0,  867,  835,  422,    0,  347,  510,  206,  309,  429,  791,  640,  131,   93,  361,  643,  452,  948,  631,  233,  473,  452,  679,  532,  394,  565,  679,  577,  297,  521,  721,  547,  234,  379,  708,  378,  779,  616,  698,  684,  347,  463,  159,  778,  499,  743,  752,  527,   80,  669,  322,  353,  500,  707,  388,  659,  699,  299,  409,  566,   76,  128,  231,  430,  459,  123,  395,  238,  358,  633,  375,  349,  920,  701,  549,  662,  646,  256,  803,  174,  272,  183,  144,  800,  621,  809,  247,  451,  560,  405,  781,  572,  553,  385,  497],
        [  362,    0,  643,  530,  130,  347,    0,  164,  234,  238,  648,  456,  531,  477,  436,  496,  472,  358,  692,  529,  503,  408,  335,  461,  630,  438,  491,  343,  769,  565,  338,  429,  220,  434,  398,  408,  210,  455,  305,  426,  351,  543,  198,  264,  587,  222,  397,  406,  252,  298,  370,  157,   85,  211,  369,  263,  313,  583,  340,   99,  254,  419,  230,  160,  360,  682,  282,  479,  498,  554,  543,  382,  511,  689,  463,  205,  329,  564,  336,  544,  377,  378,  317,  465,  570,  558,  586,  426,  525,  338,  317,  436,  273,  628,  557,  159],
        [  507,    0,  571,  417,  148,  510,  164,    0,  383,  342,  778,  302,  542,  640,  598,  613,  455,  410,  594,  544,  659,  463,  399,  412,  723,  548,  526,  204,  885,  710,  340,  321,  125,  582,  506,  312,  292,  312,  192,  358,  203,  672,  189,  419,  542,  184,  234,  243,  203,  458,  280,  260,  182,  186,  223,  346,  151,  583,  454,  143,  153,  582,  393,  313,  424,  812,  437,  596,  646,  694,  562,  489,  645,  608,  420,   56,  196,  585,  472,  454,  530,  503,  467,  627,  499,  589,  518,  571,  619,  311,  384,  277,  186,  712,  691,   55],
        [  336,    0,  860,  645,  354,  206,  234,  383,    0,  350,  620,  684,  696,  311,  292,  517,  664,  504,  919,  690,  278,  542,  249,  672,  682,  243,  635,  515,  763,  498,  528,  661,  382,  200,  213,  518,  176,  687,  538,  500,  581,  527,  416,   50,  791,  446,  605,  620,  476,  218,  481,  309,  289,  317,  546,  183,  521,  753,  402,  252,  487,  252,   98,   75,  492,  652,  239,  270,  434,  321,  698,  203,  281,  909,  498,  408,  496,  716,  111,  771,  148,  405,   85,  268,  788,  700,  802,  192,  587,  546,  454,  632,  505,  694,  327,  391],
        [  201,    0,  559,  752,  198,  309,  238,  342,  350,    0,  439,  552,  349,  421,  366,  272,  335,  156,  643,  342,  535,  193,  545,  371,  393,  592,  286,  546,  544,  391,  213,  438,  442,  505,  559,  636,  423,  522,  359,  662,  448,  334,  199,  344,  470,  234,  550,  548,  254,  230,  599,   86,  168,  448,  564,  468,  479,  407,  112,  337,  317,  380,  273,  296,  143,  472,  188,  618,  333,  638,  349,  547,  611,  612,  701,  397,  536,  367,  458,  501,  438,  165,  403,  453,  492,  351,  501,  508,  288,  257,  106,  606,  309,  390,  655,  301],
        [  295,    0,  846, 1177,  637,  429,  648,  778,  620,  439,    0,  977,  543,  408,  378,  177,  618,  453,  958,  529,  600,  423,  868,  700,  224,  821,  463,  980,  151,  145,  572,  832,  866,  645,  807, 1055,  772,  937,  783, 1067,  878,  106,  631,  580,  733,  663,  988,  985,  675,  403, 1017,  519,  598,  852, 1000,  797,  917,  588,  328,  742,  748,  431,  524,  615,  423,   35,  391,  818,  192,  747,  516,  804,  756,  899, 1089,  832,  968,  513,  684,  845,  595,  276,  612,  491,  801,  475,  801,  662,  242,  634,  441, 1044,  734,  265,  782,  739],
        [  747,    0,  429,  458,  374,  791,  456,  302,  684,  552,  977,    0,  568,  921,  875,  801,  456,  535,  393,  577,  958,  580,  673,  369,  860,  840,  597,  285, 1053,  943,  420,  190,  354,  883,  798,  430,  583,   66,  195,  505,  108,  876,  353,  718,  464,  318,  143,  114,  302,  729,  423,  491,  439,  443,  264,  633,  193,  582,  654,  442,  235,  866,  684,  612,  562, 1008,  699,  890,  883,  995,  599,  780,  945,  442,  588,  290,  301,  620,  773,  303,  830,  713,  768,  919,  379,  642,  399,  872,  769,  359,  537,  193,  244,  835,  990,  298],
        [  482,    0,  305,  939,  418,  640,  531,  542,  696,  349,  543,  568,    0,  730,  675,  392,  113,  194,  422,   15,  872,  169,  865,  205,  350,  937,   85,  718,  557,  589,  203,  382,  666,  852,  902,  849,  739,  509,  414,  899,  507,  477,  357,  692,  192,  358,  648,  630,  343,  562,  820,  393,  447,  710,  721,  791,  614,   60,  347,  615,  415,  703,  622,  636,  212,  564,  519,  965,  560,  984,   34,  888,  960,  357,  959,  592,  718,   52,  805,  333,  784,  392,  751,  780,  272,   81,  266,  856,  302,  237,  244,  714,  382,  313, 1002,  488],
        [  248,    0,  977,  953,  550,  131,  477,  640,  311,  421,  408,  921,  730,    0,   56,  396,  746,  551, 1063,  719,  192,  562,  541,  791,  561,  441,  649,  806,  558,  264,  633,  845,  673,  247,  438,  826,  486,  907,  744,  810,  814,  354,  588,  261,  882,  625,  873,  882,  652,  198,  788,  445,  483,  620,  835,  487,  789,  788,  384,  535,  694,   60,  253,  351,  525,  433,  235,  426,  228,  339,  718,  439,  352, 1030,  805,  679,  788,  728,  323,  920,  215,  341,  258,   84,  911,  699,  920,  268,  498,  677,  507,  910,  699,  590,  375,  627],
        [  194,    0,  922,  927,  502,   93,  436,  598,  292,  366,  378,  875,  675,   56,    0,  348,  691,  495, 1009,  664,  230,  507,  533,  736,  516,  452,  595,  771,  528,  236,  578,  794,  639,  268,  443,  800,  466,  859,  695,  789,  767,  313,  538,  243,  826,  575,  831,  840,  601,  147,  761,  395,  436,  592,  799,  473,  748,  733,  329,  502,  646,   54,  221,  323,  469,  405,  182,  444,  190,  374,  663,  443,  379,  975,  789,  640,  754,  673,  323,  867,  223,  287,  254,  121,  857,  645,  865,  286,  449,  623,  451,  872,  649,  543,  407,  583],
        [  186,    0,  686, 1021,  469,  361,  496,  613,  517,  272,  177,  801,  392,  396,  348,    0,  453,  278,  794,  378,  576,  252,  755,  530,  172,  744,  308,  817,  274,  199,  396,  656,  709,  594,  722,  902,  647,  761,  607,  921,  703,   87,  458,  487,  576,  488,  816,  812,  500,  306,  865,  355,  436,  705,  835,  680,  748,  443,  160,  594,  574,  393,  420,  494,  247,  208,  279,  753,  183,  714,  369,  715,  709,  740,  952,  668,  807,  372,  602,  675,  534,  121,  531,  468,  636,  336,  637,  607,  106,  458,  265,  874,  558,  195,  744,  571],
        [  504,    0,  237,  838,  348,  643,  472,  455,  664,  335,  618,  456,  113,  746,  691,  453,    0,  197,  342,  123,  869,  203,  806,   94,  444,  898,  163,  618,  651,  642,  137,  270,  579,  836,  861,  755,  681,  396,  309,  810,  398,  539,  282,  668,  136,  274,  540,  521,  253,  563,  728,  355,  392,  633,  619,  735,  511,  133,  369,  546,  317,  711,  602,  597,  226,  643,  520,  932,  604,  968,  145,  846,  938,  291,  874,  501,  620,  165,  774,  231,  769,  424,  729,  786,  184,  191,  185,  838,  380,  145,  240,  606,  283,  411,  982,  402],
        [  308,    0,  432,  826,  267,  452,  358,  410,  504,  156,  453,  535,  194,  551,  495,  278,  197,    0,  531,  187,  683,   54,  686,  258,  328,  746,  135,  607,  518,  454,  120,  380,  528,  659,  712,  721,  561,  490,  347,  760,  446,  362,  224,  499,  332,  243,  574,  564,  245,  373,  688,  209,  275,  556,  618,  610,  518,  252,  172,  451,  324,  518,  428,  446,   32,  482,  330,  773,  411,  791,  195,  699,  766,  487,  810,  465,  602,  213,  612,  401,  591,  229,  558,  594,  373,  202,  378,  663,  234,  182,   51,  636,  301,  309,  809,  358],
        [  832,    0,  120,  850,  566,  948,  692,  594,  919,  643,  958,  393,  422, 1063, 1009,  794,  342,  531,    0,  436, 1162,  544,  993,  275,  771, 1128,  496,  665,  978,  982,  432,  274,  695, 1111, 1087,  814,  879,  334,  403,  886,  422,  880,  504,  937,  231,  474,  532,  503,  443,  870,  801,  632,  631,  775,  649,  935,  557,  392,  701,  729,  448, 1021,  880,  846,  561,  981,  830, 1171,  941, 1239,  453, 1070, 1199,   82,  966,  614,  677,  463, 1026,  149, 1047,  759,  996, 1091,  159,  499,  158, 1107,  717,  388,  566,  585,  422,  733, 1245,  557],
        [  471,    0,  319,  943,  417,  631,  529,  544,  690,  342,  529,  577,   15,  719,  664,  378,  123,  187,  436,    0,  863,  159,  862,  216,  336,  931,   72,  722,  543,  575,  204,  392,  667,  844,  896,  852,  736,  518,  420,  901,  514,  463,  358,  685,  206,  360,  654,  637,  346,  552,  822,  389,  445,  710,  726,  787,  619,   70,  336,  614,  419,  692,  614,  630,  203,  550,  510,  959,  547,  976,   23,  883,  952,  371,  960,  594,  721,   44,  798,  346,  776,  380,  744,  770,  285,   69,  280,  848,  288,  242,  237,  720,  387,  299,  994,  490],
        [  407,    0, 1088,  896,  609,  233,  503,  659,  278,  535,  600,  958,  872,  192,  230,  576,  869,  683, 1162,  863,    0,  705,  440,  898,  745,  291,  797,  788,  749,  456,  743,  918,  657,  100,  303,  773,  430,  957,  802,  741,  854,  542,  663,  241, 1004,  697,  883,  898,  726,  311,  738,  531,  540,  585,  820,  409,  798,  931,  531,  529,  751,  183,  284,  347,  661,  624,  354,  261,  417,  149,  865,  311,  170, 1140,  716,  685,  769,  878,  222, 1014,  130,  501,  195,  110, 1018,  853, 1030,  122,  673,  776,  634,  908,  763,  770,  186,  662],
        [  315,    0,  438,  879,  320,  473,  408,  463,  542,  193,  423,  580,  169,  562,  507,  252,  203,   54,  544,  159,  705,    0,  732,  278,  281,  784,   95,  660,  476,  440,  160,  417,  581,  688,  752,  774,  608,  531,  394,  813,  494,  338,  277,  533,  332,  295,  624,  613,  295,  394,  741,  256,  326,  608,  671,  656,  570,  228,  179,  502,  374,  534,  462,  488,   51,  450,  352,  809,  403,  819,  162,  740,  797,  493,  863,  518,  655,  177,  649,  423,  620,  227,  591,  611,  385,  158,  388,  693,  193,  222,   93,  687,  349,  259,  839,  412],
        [  579,    0,  961,  471,  459,  452,  335,  399,  249,  545,  868,  673,  865,  541,  533,  755,  806,  686,  993,  862,  440,  732,    0,  787,  914,  191,  820,  423, 1009,  746,  672,  719,  320,  340,  156,  357,  126,  700,  590,  310,  591,  773,  527,  293,  917,  544,  555,  579,  572,  465,  329,  478,  418,  230,  456,   78,  482,  917,  623,  268,  547,  487,  344,  262,  682,  900,  481,  246,  683,  392,  875,  140,  334, 1002,  277,  389,  403,  895,  225,  850,  335,  638,  284,  480,  888,  886,  906,  319,  813,  669,  640,  555,  575,  921,  369,  437],
        [  557,    0,  191,  771,  331,  679,  461,  412,  672,  371,  700,  369,  205,  791,  736,  530,   94,  258,  275,  216,  898,  278,  787,    0,  534,  897,  254,  555,  740,  712,  158,  180,  533,  855,  858,  697,  665,  307,  243,  757,  321,  615,  264,  683,  131,  244,  463,  442,  217,  600,  673,  370,  387,  596,  552,  720,  445,  213,  427,  521,  263,  750,  621,  601,  289,  726,  559,  935,  668,  986,  238,  842,  951,  242,  827,  452,  559,  257,  782,  146,  790,  485,  743,  822,  122,  284,  132,  854,  464,  126,  291,  529,  228,  502,  996,  362],
        [  356,    0,  654, 1139,  575,  532,  630,  723,  682,  393,  224,  860,  350,  561,  516,  172,  444,  328,  771,  336,  745,  281,  914,  534,    0,  913,  282,  925,  208,  328,  440,  692,  831,  765,  890, 1026,  800,  810,  674, 1054,  773,  213,  546,  655,  541,  569,  901,  891,  572,  476,  990,  477,  559,  840,  939,  838,  842,  384,  294,  729,  651,  563,  586,  653,  306,  234,  445,  923,  337,  885,  319,  882,  881,  704, 1093,  779,  918,  310,  771,  675,  705,  278,  701,  636,  620,  273,  615,  778,  105,  501,  342,  963,  628,   43,  914,  674],
        [  559,    0, 1081,  659,  568,  394,  438,  548,  243,  592,  821,  840,  937,  441,  452,  744,  898,  746, 1128,  931,  291,  784,  191,  897,  913,    0,  878,  607,  970,  685,  762,  859,  493,  199,   42,  548,  258,  859,  730,  497,  749,  740,  634,  261, 1021,  659,  732,  754,  689,  439,  519,  546,  510,  405,  640,  208,  654,  993,  641,  406,  682,  399,  332,  302,  735,  851,  469,   55,  630,  207,  940,   60,  150, 1126,  454,  551,  587,  958,  143,  981,  229,  638,  214,  364, 1008,  942, 1023,  177,  822,  772,  696,  738,  706,  929,  180,  575],
        [  402,    0,  383,  935,  390,  565,  491,  526,  635,  286,  463,  597,   85,  649,  595,  308,  163,  135,  496,   72,  797,   95,  820,  254,  282,  878,    0,  714,  488,  505,  192,  419,  648,  782,  845,  837,  695,  542,  426,  881,  523,  394,  337,  627,  271,  346,  660,  646,  339,  487,  806,  343,  407,  683,  721,  744,  616,  140,  268,  581,  416,  625,  556,  580,  144,  486,  445,  903,  476,  913,   69,  832,  892,  436,  936,  579,  711,   82,  743,  394,  714,  310,  686,  702,  342,   68,  339,  787,  222,  244,  183,  725,  387,  249,  933,  472],
        [  702,    0,  677,  222,  351,  679,  343,  204,  515,  546,  980,  285,  718,  806,  771,  817,  618,  607,  665,  722,  788,  660,  423,  555,  925,  607,  714,    0, 1089,  906,  523,  411,  134,  698,  567,  149,  366,  334,  313,  222,  249,  874,  383,  560,  678,  368,  146,  174,  377,  639,  138,  462,  383,  207,   33,  404,  113,  751,  657,  271,  303,  746,  554,  457,  623, 1014,  624,  661,  840,  789,  742,  550,  734,  701,  304,  149,   21,  764,  576,  549,  660,  705,  594,  779,  613,  774,  633,  683,  822,  481,  585,  132,  336,  912,  776,  251],
        [  431,    0,  861, 1294,  739,  577,  769,  885,  763,  544,  151, 1053,  557,  558,  528,  274,  651,  518,  978,  543,  749,  476, 1009,  740,  208,  970,  488, 1089,    0,  294,  635,  892,  982,  795,  955, 1175,  908, 1007,  863, 1193,  961,  237,  722,  726,  748,  749, 1081, 1075,  757,  546, 1138,  628,  709,  977, 1106,  937, 1016,  590,  433,  866,  834,  581,  667,  752,  491,  127,  529,  968,  342,  897,  526,  951,  906,  911, 1221,  940, 1079,  517,  832,  882,  745,  391,  760,  641,  827,  480,  823,  813,  284,  697,  520, 1141,  815,  246,  932,  842],
        [  204,    0,  877, 1090,  581,  297,  565,  710,  498,  391,  145,  943,  589,  264,  236,  199,  642,  454,  982,  575,  456,  440,  746,  712,  328,  685,  505,  906,  294,    0,  566,  819,  783,  504,  674,  965,  660,  911,  749,  968,  839,  120,  590,  454,  769,  625,  934,  935,  643,  288,  926,  459,  529,  757,  929,  678,  857,  641,  295,  652,  708,  290,  406,  503,  423,  169,  288,  679,   67,  603,  567,  671,  613,  932,  982,  761,  892,  570,  551,  855,  457,  234,  479,  348,  824,  534,  827,  522,  300,  624,  428,  985,  700,  364,  639,  679],
        [  402,    0,  346,  744,  218,  521,  338,  340,  528,  213,  572,  420,  203,  633,  578,  396,  137,  120,  432,  204,  743,  160,  672,  158,  440,  762,  192,  523,  635,  566,    0,  261,  464,  705,  724,  650,  547,  372,  238,  697,  337,  479,  155,  534,  264,  157,  471,  458,  147,  442,  619,  220,  256,  508,  529,  600,  425,  249,  275,  416,  224,  593,  470,  461,  150,  601,  401,  796,  518,  836,  222,  710,  804,  399,  757,  391,  521,  245,  639,  293,  638,  335,  595,  665,  279,  252,  289,  705,  351,   63,  139,  535,  196,  417,  849,  286],
        [  638,    0,  267,  616,  310,  721,  429,  321,  661,  438,  832,  190,  382,  845,  794,  656,  270,  380,  274,  392,  918,  417,  719,  180,  692,  859,  419,  411,  892,  819,  261,    0,  423,  858,  818,  559,  608,  127,  130,  626,  163,  737,  259,  685,  280,  223,  297,  273,  195,  648,  541,  400,  379,  502,  401,  663,  299,  393,  525,  457,  177,  796,  635,  587,  410,  861,  612,  904,  766,  982,  414,  800,  939,  295,  703,  342,  419,  434,  765,  140,  797,  586,  742,  860,  204,  459,  224,  852,  609,  199,  394,  360,  157,  664,  985,  285],
        [  581,    0,  683,  312,  262,  547,  220,  125,  382,  442,  866,  354,  666,  673,  639,  709,  579,  528,  695,  667,  657,  581,  320,  533,  831,  493,  648,  134,  982,  783,  464,  423,    0,  568,  452,  196,  241,  385,  302,  234,  279,  760,  311,  427,  662,  308,  239,  262,  326,  510,  161,  356,  274,   90,  165,  286,  163,  707,  551,  138,  271,  613,  421,  324,  539,  900,  499,  545,  717,  665,  685,  434,  611,  717,  296,   83,  116,  708,  448,  562,  528,  593,  462,  646,  613,  712,  632,  554,  727,  435,  497,  253,  305,  823,  654,  179],
        [  413,    0, 1045,  799,  549,  234,  434,  582,  200,  505,  645,  883,  852,  247,  268,  594,  836,  659, 1111,  844,  100,  688,  340,  855,  765,  199,  782,  698,  795,  504,  705,  858,  568,    0,  206,  676,  336,  887,  737,  642,  781,  574,  608,  175,  968,  640,  799,  816,  670,  301,  642,  486,  481,  493,  731,  311,  716,  911,  522,  446,  686,  215,  236,  274,  641,  672,  340,  179,  455,  133,  849,  213,  116, 1096,  617,  603,  678,  864,  125,  963,   68,  503,  118,  167,  974,  842,  987,   23,  684,  731,  609,  821,  702,  786,  153,  591],
        [  538,    0, 1041,  626,  528,  379,  398,  506,  213,  559,  807,  798,  902,  438,  443,  722,  861,  712, 1087,  896,  303,  752,  156,  858,  890,   42,  845,  567,  955,  674,  724,  818,  452,  206,    0,  512,  216,  817,  689,  465,  707,  722,  595,  236,  982,  619,  691,  712,  649,  417,  483,  510,  472,  364,  600,  167,  613,  958,  614,  364,  641,  392,  305,  267,  702,  837,  445,   94,  616,  237,  906,   19,  179, 1086,  426,  509,  547,  925,  123,  940,  223,  613,  196,  364,  968,  910,  983,  183,  797,  733,  663,  698,  665,  904,  214,  533],
        [  766,    0,  825,  128,  456,  708,  408,  312,  518,  636, 1055,  430,  849,  826,  800,  902,  755,  721,  814,  852,  773,  774,  357,  697, 1026,  548,  837,  149, 1175,  965,  650,  559,  196,  676,  512,    0,  346,  482,  456,   78,  397,  950,  501,  567,  823,  493,  287,  317,  506,  683,   39,  551,  469,  209,  167,  366,  261,  886,  744,  314,  439,  766,  580,  478,  733, 1089,  678,  602,  898,  746,  871,  496,  688,  850,  163,  259,  141,  894,  553,  698,  651,  785,  588,  785,  761,  900,  781,  658,  922,  614,  692,  253,  473, 1018,  726,  366],
        [  478,    0,  842,  472,  335,  378,  210,  292,  176,  423,  772,  583,  739,  486,  466,  647,  681,  561,  879,  736,  430,  608,  126,  665,  800,  258,  695,  366,  908,  660,  547,  608,  241,  336,  216,  346,    0,  602,  478,  325,  492,  672,  403,  226,  794,  422,  479,  500,  451,  373,  310,  353,  293,  159,  398,   56,  399,  791,  507,  152,  432,  428,  255,  158,  558,  805,  381,  308,  594,  425,  749,  198,  370,  885,  325,  294,  345,  770,  212,  735,  306,  527,  242,  440,  769,  762,  786,  319,  698,  545,  516,  493,  459,  804,  414,  323],
        [  721,    0,  364,  519,  358,  779,  455,  312,  687,  522,  937,   66,  509,  907,  859,  761,  396,  490,  334,  518,  957,  531,  700,  307,  810,  859,  542,  334, 1007,  911,  372,  127,  385,  887,  817,  482,  602,    0,  165,  555,  110,  839,  326,  718,  399,  290,  199,  171,  269,  712,  471,  468,  426,  472,  316,  654,  231,  519,  619,  455,  214,  854,  679,  614,  518,  967,  680,  908,  854, 1004,  540,  799,  956,  379,  637,  312,  347,  561,  782,  237,  831,  679,  771,  911,  313,  584,  333,  878,  723,  310,  496,  254,  214,  784, 1002,  297],
        [  557,    0,  382,  531,  196,  616,  305,  192,  538,  359,  783,  195,  414,  744,  695,  607,  309,  347,  403,  420,  802,  394,  590,  243,  674,  730,  426,  313,  863,  749,  238,  130,  302,  737,  689,  456,  478,  165,    0,  518,  100,  682,  162,  565,  368,  126,  236,  221,  108,  548,  433,  303,  265,  376,  311,  533,  204,  442,  460,  327,   52,  692,  520,  464,  372,  814,  516,  776,  691,  859,  441,  671,  814,  417,  590,  219,  317,  464,  639,  263,  678,  519,  620,  751,  312,  479,  332,  730,  580,  182,  345,  301,   50,  653,  860,  156],
        [  774,    0,  892,  162,  494,  698,  426,  358,  500,  662, 1067,  505,  899,  810,  789,  921,  810,  760,  886,  901,  741,  813,  310,  757, 1054,  497,  881,  222, 1193,  968,  697,  626,  234,  642,  465,   78,  325,  555,  518,    0,  467,  963,  545,  550,  884,  541,  363,  393,  558,  683,   86,  577,  496,  217,  242,  333,  330,  939,  766,  328,  496,  751,  572,  470,  769, 1101,  682,  551,  902,  701,  919,  450,  643,  920,   85,  309,  210,  942,  520,  766,  624,  802,  563,  763,  826,  945,  846,  622,  949,  666,  727,  330,  530, 1049,  677,  412],
        [  642,    0,  429,  455,  267,  684,  351,  203,  581,  448,  878,  108,  507,  814,  767,  703,  398,  446,  422,  514,  854,  494,  591,  321,  773,  749,  523,  249,  961,  839,  337,  163,  279,  781,  707,  397,  492,  110,  100,  467,    0,  776,  250,  614,  437,  217,  143,  124,  205,  621,  381,  384,  332,  364,  239,  544,  137,  529,  553,  346,  131,  759,  578,  509,  471,  910,  592,  798,  778,  896,  535,  689,  847,  454,  545,  203,  258,  557,  674,  301,  726,  611,  665,  812,  366,  575,  386,  771,  679,  280,  442,  208,  147,  752,  893,  192],
        [  195,    0,  772, 1072,  532,  347,  543,  672,  527,  334,  106,  876,  477,  354,  313,   87,  539,  362,  880,  463,  542,  338,  773,  615,  213,  740,  394,  874,  237,  120,  479,  737,  760,  574,  722,  950,  672,  839,  682,  963,  776,    0,  528,  490,  662,  560,  884,  881,  575,  309,  912,  413,  492,  747,  894,  700,  812,  527,  225,  637,  646,  364,  430,  516,  330,  140,  293,  742,  127,  686,  453,  717,  688,  826,  987,  726,  863,  455,  600,  760,  519,  170,  527,  433,  723,  418,  724,  590,  182,  540,  344,  939,  633,  247,  719,  634],
        [  396,    0,  447,  602,   69,  463,  198,  189,  416,  199,  631,  353,  357,  588,  538,  458,  282,  224,  504,  358,  663,  277,  527,  264,  546,  634,  337,  383,  722,  590,  155,  259,  311,  608,  595,  501,  403,  326,  162,  545,  250,  528,    0,  433,  391,   37,  360,  355,   64,  392,  469,  144,  128,  354,  395,  458,  297,  402,  304,  265,  119,  539,  379,  343,  242,  664,  357,  674,  531,  735,  375,  579,  696,  494,  603,  243,  379,  398,  524,  356,  545,  362,  492,  602,  374,  401,  389,  604,  446,  142,  205,  420,  113,  531,  742,  136],
        [  303,    0,  872,  694,  375,  159,  264,  419,   50,  344,  580,  718,  692,  261,  243,  487,  668,  499,  937,  685,  241,  533,  293,  683,  655,  261,  627,  560,  726,  454,  534,  685,  427,  175,  236,  567,  226,  718,  565,  550,  614,  490,  433,    0,  798,  465,  645,  659,  496,  183,  530,  315,  307,  365,  591,  231,  561,  750,  382,  293,  513,  202,   73,  107,  484,  612,  210,  278,  392,  304,  692,  229,  270,  922,  547,  448,  541,  709,  119,  788,  114,  378,   61,  220,  801,  690,  814,  172,  562,  558,  449,  674,  528,  669,  315,  423],
        [  639,    0,  114,  891,  459,  778,  587,  542,  791,  470,  733,  464,  192,  882,  826,  576,  136,  332,  231,  206, 1004,  332,  917,  131,  541, 1021,  271,  678,  748,  769,  264,  280,  662,  968,  982,  823,  794,  399,  368,  884,  437,  662,  391,  798,    0,  373,  576,  552,  347,  698,  800,  484,  511,  726,  673,  848,  566,  162,  503,  651,  392,  847,  733,  722,  360,  755,  656, 1057,  734, 1100,  223,  967, 1068,  166,  956,  581,  683,  232,  901,  174,  901,  557,  859,  921,   97,  269,   84,  969,  492,  250,  376,  639,  358,  503, 1113,  493],
        [  432,    0,  422,  589,   93,  499,  222,  184,  446,  234,  663,  318,  358,  625,  575,  488,  274,  243,  474,  360,  697,  295,  544,  244,  569,  659,  346,  368,  749,  625,  157,  223,  308,  640,  619,  493,  422,  290,  126,  541,  217,  560,   37,  465,  373,    0,  333,  326,   31,  428,  463,  181,  159,  360,  377,  477,  276,  399,  337,  278,   86,  575,  413,  373,  264,  695,  394,  700,  566,  766,  379,  603,  726,  468,  603,  235,  365,  402,  553,  325,  577,  396,  524,  637,  349,  408,  365,  635,  470,  130,  230,  395,   77,  552,  772,  130],
        [  731,    0,  557,  321,  354,  743,  397,  234,  605,  550,  988,  143,  648,  873,  831,  816,  540,  574,  532,  654,  883,  624,  555,  463,  901,  732,  660,  146, 1081,  934,  471,  297,  239,  799,  691,  287,  479,  199,  236,  363,  143,  884,  360,  645,  576,  333,    0,   30,  329,  690,  282,  475,  407,  327,  122,  525,   85,  672,  660,  354,  250,  815,  624,  539,  596, 1021,  667,  784,  870,  901,  676,  673,  848,  576,  447,  198,  163,  698,  682,  429,  753,  715,  688,  858,  500,  714,  520,  786,  803,  417,  563,   66,  276,  882,  892,  256],
        [  733,    0,  531,  349,  355,  752,  406,  243,  620,  548,  985,  114,  630,  882,  840,  812,  521,  564,  503,  637,  898,  613,  579,  442,  891,  754,  646,  174, 1075,  935,  458,  273,  262,  816,  712,  317,  500,  171,  221,  393,  124,  881,  355,  659,  552,  326,   30,    0,  320,  697,  311,  476,  411,  350,  151,  546,  101,  652,  657,  370,  241,  824,  636,  553,  587, 1018,  673,  806,  872,  920,  659,  694,  868,  548,  476,  213,  191,  681,  700,  402,  768,  713,  704,  870,  474,  698,  495,  803,  795,  403,  555,   88,  264,  872,  912,  259],
        [  453,    0,  393,  598,  123,  527,  252,  203,  476,  254,  675,  302,  343,  652,  601,  500,  253,  245,  443,  346,  726,  295,  572,  217,  572,  689,  339,  377,  757,  643,  147,  195,  326,  670,  649,  506,  451,  269,  108,  558,  205,  575,   64,  496,  347,   31,  329,  320,    0,  455,  478,  207,  189,  382,  383,  506,  279,  381,  353,  305,   80,  602,  443,  403,  268,  707,  419,  730,  586,  797,  366,  633,  757,  438,  622,  250,  375,  389,  583,  295,  607,  412,  554,  666,  320,  398,  336,  666,  476,  109,  238,  393,   59,  553,  802,  150],
        [  121,    0,  788,  810,  356,   80,  298,  458,  218,  230,  403,  729,  562,  198,  147,  306,  563,  373,  870,  552,  311,  394,  465,  600,  476,  439,  487,  639,  546,  288,  442,  648,  510,  301,  417,  683,  373,  712,  548,  683,  621,  309,  392,  183,  698,  428,  690,  697,  455,    0,  645,  248,  290,  474,  666,  394,  608,  621,  223,  374,  499,  151,  122,  216,  351,  435,   43,  448,  222,  430,  555,  411,  415,  841,  695,  502,  623,  569,  296,  726,  236,  204,  226,  224,  721,  544,  730,  310,  387,  483,  325,  733,  502,  493,  454,  439],
        [  727,    0,  807,  167,  422,  669,  370,  280,  481,  599, 1017,  423,  820,  788,  761,  865,  728,  688,  801,  822,  738,  741,  329,  673,  990,  519,  806,  138, 1138,  926,  619,  541,  161,  642,  483,   39,  310,  471,  433,   86,  381,  912,  469,  530,  800,  463,  282,  311,  478,  645,    0,  514,  432,  171,  161,  333,  244,  858,  707,  276,  413,  728,  541,  439,  699, 1051,  639,  574,  859,  715,  841,  466,  658,  834,  167,  229,  124,  864,  518,  680,  615,  747,  552,  748,  741,  869,  761,  624,  886,  586,  658,  255,  447,  983,  696,  334],
        [  259,    0,  560,  667,  122,  322,  157,  260,  309,   86,  519,  491,  393,  445,  395,  355,  355,  209,  632,  389,  531,  256,  478,  370,  477,  546,  343,  462,  628,  459,  220,  400,  356,  486,  510,  551,  353,  468,  303,  577,  384,  413,  144,  315,  484,  181,  475,  476,  207,  248,  514,    0,   83,  364,  482,  402,  400,  449,  196,  254,  257,  397,  252,  244,  207,  553,  214,  578,  397,  617,  400,  496,  584,  611,  619,  314,  452,  420,  420,  485,  420,  244,  375,  463,  489,  410,  501,  486,  372,  246,  163,  528,  256,  473,  629,  222],
        [  326,    0,  573,  585,   70,  353,   85,  182,  289,  168,  598,  439,  447,  483,  436,  436,  392,  275,  631,  445,  540,  326,  418,  387,  559,  510,  407,  383,  709,  529,  256,  379,  274,  481,  472,  469,  293,  426,  265,  496,  332,  492,  128,  307,  511,  159,  407,  411,  189,  290,  432,   83,    0,  285,  403,  345,  328,  499,  277,  177,  214,  429,  257,  216,  279,  631,  263,  548,  465,  608,  459,  457,  569,  621,  540,  235,  372,  480,  397,  483,  419,  323,  365,  486,  501,  474,  515,  477,  454,  262,  236,  456,  224,  553,  615,  152],
        [  560,    0,  756,  337,  294,  500,  211,  186,  317,  448,  852,  443,  710,  620,  592,  705,  633,  556,  775,  710,  585,  608,  230,  596,  840,  405,  683,  207,  977,  757,  508,  502,   90,  493,  364,  209,  159,  472,  376,  217,  364,  747,  354,  365,  726,  360,  327,  350,  382,  474,  171,  364,  285,    0,  240,  199,  253,  756,  551,  112,  339,  560,  372,  270,  562,  886,  470,  458,  690,  582,  727,  346,  527,  792,  256,  162,  187,  749,  370,  638,  458,  586,  393,  584,  685,  749,  703,  477,  735,  489,  519,  336,  371,  836,  570,  234],
        [  725,    0,  666,  220,  368,  707,  369,  223,  546,  564, 1000,  264,  721,  835,  799,  835,  619,  618,  649,  726,  820,  671,  456,  552,  939,  640,  721,   33, 1106,  929,  529,  401,  165,  731,  600,  167,  398,  316,  311,  242,  239,  894,  395,  591,  673,  377,  122,  151,  383,  666,  161,  482,  403,  240,    0,  437,  108,  752,  676,  300,  307,  775,  583,  487,  636, 1034,  650,  694,  864,  822,  746,  582,  767,  688,  326,  169,   54,  769,  609,  538,  691,  725,  626,  809,  604,  780,  624,  715,  837,  485,  598,  100,  339,  925,  808,  266],
        [  506,    0,  898,  488,  390,  388,  263,  346,  183,  468,  797,  633,  791,  487,  473,  680,  735,  610,  935,  787,  409,  656,   78,  720,  838,  208,  744,  404,  937,  678,  600,  663,  286,  311,  167,  366,   56,  654,  533,  333,  544,  700,  458,  231,  848,  477,  525,  546,  506,  394,  333,  402,  345,  199,  437,    0,  447,  844,  546,  207,  487,  430,  273,  186,  606,  829,  408,  260,  614,  387,  800,  149,  331,  940,  319,  344,  383,  820,  188,  790,  291,  562,  233,  433,  824,  811,  841,  292,  737,  599,  564,  534,  514,  844,  372,  378],
        [  654,    0,  565,  328,  281,  659,  313,  151,  521,  479,  917,  193,  614,  789,  748,  748,  511,  518,  557,  619,  798,  570,  482,  445,  842,  654,  616,  113, 1016,  857,  425,  299,  163,  716,  613,  261,  399,  231,  204,  330,  137,  812,  297,  561,  566,  276,   85,  101,  279,  608,  244,  400,  328,  253,  108,  447,    0,  644,  590,  270,  201,  730,  540,  454,  538,  951,  586,  706,  793,  819,  639,  595,  767,  591,  409,  114,  121,  662,  600,  438,  669,  643,  604,  773,  501,  674,  521,  703,  742,  378,  502,  128,  232,  827,  811,  179],
        [  540,    0,  273,  971,  466,  699,  583,  583,  753,  407,  588,  582,   60,  788,  733,  443,  133,  252,  392,   70,  931,  228,  917,  213,  384,  993,  140,  751,  590,  641,  249,  393,  707,  911,  958,  886,  791,  519,  442,  939,  529,  527,  402,  750,  162,  399,  672,  652,  381,  621,  858,  449,  499,  756,  752,  844,  644,    0,  405,  664,  448,  761,  680,  692,  271,  607,  578, 1022,  614, 1043,   74,  944, 1018,  322, 1002,  630,  752,   75,  862,  323,  843,  450,  810,  839,  253,  113,  243,  915,  349,  273,  302,  737,  415,  345, 1061,  529],
        [  137,    0,  604,  862,  310,  299,  340,  454,  402,  112,  328,  654,  347,  384,  329,  160,  369,  172,  701,  336,  531,  179,  623,  427,  294,  641,  268,  657,  433,  295,  275,  525,  551,  522,  614,  744,  507,  619,  460,  766,  553,  225,  304,  382,  503,  337,  660,  657,  353,  223,  707,  196,  277,  551,  676,  546,  590,  405,    0,  439,  422,  357,  310,  363,  144,  361,  182,  659,  244,  652,  337,  604,  635,  658,  801,  509,  647,  349,  500,  567,  456,   62,  436,  435,  544,  323,  549,  530,  192,  331,  136,  717,  410,  298,  675,  412],
        [  452,    0,  694,  439,  199,  409,   99,  143,  252,  337,  742,  442,  615,  535,  502,  594,  546,  451,  729,  614,  529,  502,  268,  521,  729,  406,  581,  271,  866,  652,  416,  457,  138,  446,  364,  314,  152,  455,  327,  328,  346,  637,  265,  293,  651,  278,  354,  370,  305,  374,  276,  254,  177,  112,  300,  207,  270,  664,  439,    0,  281,  476,  283,  188,  455,  776,  365,  453,  585,  554,  629,  346,  504,  735,  365,  157,  253,  651,  332,  585,  399,  475,  335,  511,  621,  648,  638,  434,  624,  405,  412,  381,  309,  726,  549,  172],
        [  513,    0,  418,  524,  145,  566,  254,  153,  487,  317,  748,  235,  415,  694,  646,  574,  317,  324,  448,  419,  751,  374,  547,  263,  651,  682,  416,  303,  834,  708,  224,  177,  271,  686,  641,  439,  432,  214,   52,  496,  131,  646,  119,  513,  392,   86,  250,  241,   80,  499,  413,  257,  214,  339,  307,  487,  201,  448,  422,  281,    0,  642,  469,  413,  346,  780,  468,  727,  649,  808,  439,  623,  763,  457,  565,  190,  304,  462,  589,  304,  627,  480,  569,  700,  347,  474,  365,  679,  554,  178,  315,  313,   35,  632,  809,  110],
        [  227,    0,  938,  894,  497,   76,  419,  582,  252,  380,  431,  866,  703,   60,   54,  393,  711,  518, 1021,  692,  183,  534,  487,  750,  563,  399,  625,  746,  581,  290,  593,  796,  613,  215,  392,  766,  428,  854,  692,  751,  759,  364,  539,  202,  847,  575,  815,  824,  602,  151,  728,  397,  429,  560,  775,  430,  730,  761,  357,  476,  642,    0,  193,  291,  494,  458,  192,  390,  242,  323,  693,  392,  326,  991,  748,  620,  728,  705,  273,  877,  170,  321,  205,   79,  871,  677,  881,  233,  491,  634,  472,  852,  648,  588,  356,  571],
        [  238,    0,  811,  707,  327,  128,  230,  393,   98,  273,  524,  684,  622,  253,  221,  420,  602,  428,  880,  614,  284,  462,  344,  621,  586,  332,  556,  554,  667,  406,  470,  635,  421,  236,  305,  580,  255,  679,  520,  572,  578,  430,  379,   73,  733,  413,  624,  636,  443,  122,  541,  252,  257,  372,  583,  273,  540,  680,  310,  283,  469,  193,    0,  103,  413,  557,  142,  350,  342,  367,  621,  297,  339,  862,  579,  429,  536,  638,  191,  732,  169,  309,  130,  235,  740,  618,  752,  237,  492,  497,  378,  660,  481,  599,  382,  387],
        [  322,    0,  789,  605,  281,  231,  160,  313,   75,  296,  615,  612,  636,  351,  323,  494,  597,  446,  846,  630,  347,  488,  262,  601,  653,  302,  580,  457,  752,  503,  461,  587,  324,  274,  267,  478,  158,  614,  464,  470,  509,  516,  343,  107,  722,  373,  539,  553,  403,  216,  439,  244,  216,  270,  487,  186,  454,  692,  363,  188,  413,  291,  103,    0,  438,  648,  224,  335,  438,  396,  640,  253,  354,  837,  480,  341,  439,  659,  181,  697,  218,  376,  157,  323,  716,  645,  730,  266,  553,  476,  398,  569,  430,  660,  400,  318],
        [  280,    0,  462,  840,  278,  430,  360,  424,  492,  143,  423,  562,  212,  525,  469,  247,  226,   32,  561,  203,  661,   51,  682,  289,  306,  735,  144,  623,  491,  423,  150,  410,  539,  641,  702,  733,  558,  518,  372,  769,  471,  330,  242,  484,  360,  264,  596,  587,  268,  351,  699,  207,  279,  562,  636,  606,  538,  271,  144,  455,  346,  494,  413,  438,    0,  452,  308,  760,  380,  773,  208,  690,  750,  516,  817,  480,  618,  225,  599,  433,  573,  199,  543,  570,  404,  208,  408,  646,  209,  212,   44,  658,  325,  290,  792,  373],
