{
    "name": "random-77-1295",
    "comment": "size=77 seed=1295",
    "nodes": ["+0", "-0", "+1", "-1", "+2", "-2", "+3", "-3", "+4", "-4", "+5", "-5", "+6", "-6", "+7", "-7", "+8", "-8", "+9", "-9", "+10", "-10", "+11", "-11", "+12", "-12", "+13", "-13", "+14", "-14", "+15", "-15", "+16", "-16", "+17", "-17", "+18", "-18", "+19", "-19", "+20", "-20", "+21", "-21", "+22", "-22", "+23", "-23", "+24", "-24", "+25", "-25", "+26", "-26", "+27", "-27", "+28", "-28", "+29", "-29", "+30", "-30", "+31", "-31", "+32", "-32", "+33", "-33", "+34", "-34", "+35", "-35", "+36", "-36", "+37", "-37", "+38", "-38", "+39", "-39", "+40", "-40", "+41", "-41", "+42", "-42", "+43", "-43", "+44", "-44", "+45", "-45", "+46", "-46", "+47", "-47", "+48", "-48", "+49", "-49", "+50", "-50", "+51", "-51", "+52", "-52", "+53", "-53", "+54", "-54", "+55", "-55", "+56", "-56", "+57", "-57", "+58", "-58", "+59", "-59", "+60", "-60", "+61", "-61", "+62", "-62", "+63", "-63", "+64", "-64", "+65", "-65", "+66", "-66", "+67", "-67", "+68", "-68", "+69", "-69", "+70", "-70", "+71", "-71", "+72", "-72", "+73", "-73", "+74", "-74", "+75", "-75", "+76", "-76", "+77", "-77"],
    "precedence": {
        "+0": "-0",
        "+1": "-1",
        "+2": "-2",
        "+3": "-3",
        "+4": "-4",
        "+5": "-5",
        "+6": "-6",
        "+7": "-7",
        "+8": "-8",
        "+9": "-9",
        "+10": "-10",
        "+11": "-11",
        "+12": "-12",
        "+13": "-13",
        "+14": "-14",
        "+15": "-15",
        "+16": "-16",
        "+17": "-17",
        "+18": "-18",
        "+19": "-19",
        "+20": "-20",
        "+21": "-21",
        "+22": "-22",
        "+23": "-23",
        "+24": "-24",
        "+25": "-25",
        "+26": "-26",
        "+27": "-27",
        "+28": "-28",
        "+29": "-29",
        "+30": "-30",
        "+31": "-31",
        "+32": "-32",
        "+33": "-33",
        "+34": "-34",
        "+35": "-35",
        "+36": "-36",
        "+37": "-37",
        "+38": "-38",
        "+39": "-39",
        "+40": "-40",
        "+41": "-41",
        "+42": "-42",
        "+43": "-43",
        "+44": "-44",
        "+45": "-45",
        "+46": "-46",
        "+47": "-47",
        "+48": "-48",
        "+49": "-49",
        "+50": "-50",
        "+51": "-51",
        "+52": "-52",
        "+53": "-53",
        "+54": "-54",
        "+55": "-55",
        "+56": "-56",
        "+57": "-57",
        "+58": "-58",
        "+59": "-59",
        "+60": "-60",
        "+61": "-61",
        "+62": "-62",
        "+63": "-63",
        "+64": "-64",
        "+65": "-65",
        "+66": "-66",
        "+67": "-67",
        "+68": "-68",
        "+69": "-69",
        "+70": "-70",
        "+71": "-71",
        "+72": "-72",
        "+73": "-73",
        "+74": "-74",
        "+75": "-75",
        "+76": "-76",
        "+77": "-77"
    },
    "edges": [
        [    0,    0,  599,  619,  539,  927, 1013,  534,  281,  930,  216,  158,  846,  235,  581,  544,  664,  417,  851,  707,  834,  941,  768,  738,  829,  443,  358,  142, 1015,  891,  590,  804,  264,  615,  447,  697,  635,  324,  535,  405,  529,  570,  331,  368,  859,  758,  209,  821,  477,  425,  293,  844,  700, 1034,  117,  364,  236,  865,  628,  380,  177,  247,  683,  871,  511,  158,  646,  353,  352,  210,  759,  837,  323,  354,  930,  637,  576,  737,  325,  478,  311,  861,  880,  701,  852,  401,  376,  594,  632,  687,   86,  809,  451,  900,  807,  807,   78,  567,  249,  745,  904,  490,   83,  717,  279,  604,  182,  490,  393,  492,  710,  282,  490,  767,  343,  971,  397,  667,  606, 1019,  492,  800,  637,  836,  456,  921,  672,  863,  548,  131,  599,  722,  109,  447,  145,  837,  854,  636,  553,  462,  459,  910,  491,  882,  431,  399,  705,  436,  405,  311,  658,  837,  752,  517,  484,  178],
        [    0,    0,    0,    0,    0,    0,    0,    0,    0,    0,    0,    0,    0,    0,    0,    0,    0,    0,    0,    0,    0,    0,    0,    0,    0,    0,    0,    0,    0,    0,    0,    0,    0,    0,    0,    0,    0,    0,    0,    0,    0,    0,    0,    0,    0,    0,    0,    0,    0,    0,    0,    0,    0,    0,    0,    0,    0,    0,    0,    0,    0,    0,    0,    0,    0,    0,    0,    0,    0,    0,    0,    0,    0,    0,    0,    0,    0,    0,    0,    0,    0,    0,    0,    0,    0,    0,    0,    0,    0,    0,    0,    0,    0,    0,    0,    0,    0,    0,    0,    0,    0,    0,    0,    0,    0,    0,    0,    0,    0,    0,    0,    0,    0,    0,    0,    0,    0,    0,    0,    0,    0,    0,    0,    0,    0,    0,    0,    0,    0,    0,    0,    0,    0,    0,    0,    0,    0,    0,    0,    0,    0,    0,    0,    0,    0,    0,    0,    0,    0,    0,    0,    0,    0,    0,    0,    0],
        [  599,    0,    0,  184,  147,  818,  880,   69,  358,  825,  775,  466,  859,  621,  221,  132,  212,  655,  531,  140,  327,  451,  823,  144,  678,  179,  337,  475,  425,  824,  867,  755,  496,  529,  656,  703,  324,  275,  574,  207,  810,  186,  292,  540,  767,  161,  553,  485,  721,  523,  439,  462,  698,  904,  605,  259,  600,  637,  643,  855,  750,  512,  829,  713,  760,  638,  557,  305,  358,  392,  690,  319,  806,  269,  801,  101,   41,  153,  766,  906,  663,  869,  646,  479,  854,  674,  847,  164,  220,  215,  580,  641,  584,  574,  238,  681,  530,  487,  353,  428,  816,  648,  522,  704,  321,  152,  519,  153,  875,  734,  626,  497,  948,  328,  818,  815,  755,  811,   37,  904,  203,  700,  347,  677,  210,  592,  209,  275,  500,  476,  272,  157,  522,  210,  482,  238,  412,  537,  885,  231,  346,  534,  859,  860,  434,  502,  119,  195,  721,  540,  168,  443,  212,  373,  428,  652],
        [  619,    0,  184,    0,   89,  637,  697,  175,  443,  643,  755,  520,  689,  570,   59,  302,   48,  553,  352,  141,  216,  331,  661,  268,  497,  190,  455,  479,  426,  646,  748,  581,  592,  365,  545,  540,  143,  328,  433,  228,  697,   50,  381,  446,  588,  231,  511,  307,  610,  658,  543,  292,  534,  721,  658,  357,  548,  454,  486,  794,  739,  460,  684,  530,  644,  611,  390,  269,  296,  437,  516,  219,  753,  266,  619,  282,  153,  180,  704,  825,  592,  698,  463,  298,  682,  577,  786,  345,   37,   69,  575,  460,  466,  397,  212,  501,  564,  331,  379,  245,  636,  525,  536,  537,  357,  335,  490,  301,  815,  620,  454,  434,  874,  169,  762,  632,  670,  666,  220,  721,  359,  522,  168,  495,  163,  417,   54,  283,  350,  489,   98,  146,  522,  347,  535,  310,  261,  370,  779,  378,  231,  366,  765,  686,  576,  633,  266,  190,  629,  648,   51,  276,  145,  229,  296,  620],
        [  539,    0,  147,   89,    0,  684,  751,  108,  354,  690,  687,  434,  715,  512,   90,  239,  136,  521,  427,  180,  302,  419,  677,  271,  545,  102,  368,  401,  487,  685,  728,  614,  503,  384,  518,  558,  196,  240,  429,  140,  672,   55,  293,  408,  630,  255,  448,  383,  584,  573,  455,  375,  553,  774,  572,  270,  490,  515,  497,  742,  668,  401,  684,  582,  622,  544,  414,  198,  237,  350,  549,  302,  697,  185,  669,  246,  107,  216,  652,  783,  543,  726,  526,  347,  711,  542,  734,  291,  117,  156,  500,  509,  443,  474,  273,  545,  480,  342,  294,  315,  680,  507,  456,  559,  271,  283,  423,  226,  763,  596,  484,  379,  829,  257,  708,  687,  629,  665,  181,  773,  285,  562,  217,  545,   88,  494,  142,  336,  354,  409,  140,  192,  446,  266,  448,  339,  350,  393,  751,  300,  204,  449,  730,  719,  493,  547,  256,  104,  592,  559,  120,  360,  214,  227,  284,  555],
        [  927,    0,  818,  637,  684,    0,   86,  791,  937,    8,  910,  937,  178,  719,  599,  922,  621,  545,  350,  750,  636,  605,  244,  891,  140,  733,  992,  816,  889,   64,  543,  131, 1065,  334,  512,  241,  495,  824,  393,  750,  548,  635,  901,  560,   69,  837,  721,  387,  523, 1191, 1040,  442,  235,  107, 1027,  896,  708,  212,  302,  805,  925,  681,  369,  112,  517,  806,  298,  684,  638,  869,  169,  654,  806,  731,   30,  918,  783,  783,  750,  750,  666,  172,  213,  339,  163,  575,  798,  974,  601,  630,  844,  178,  480,  343,  754,  140,  924,  387,  809,  408,   34,  459,  865,  216,  815,  965,  747,  902,  821,  515,  225,  648,  807,  551,  799,   74,  650,  369,  854,   95,  960,  133,  471,  143,  674,  341,  628,  818,  396,  838,  548,  745,  826,  930,  944,  894,  528,  315,  616,  966,  549,  416,  662,  128, 1129, 1161,  898,  717,  608, 1131,  667,  462,  700,  490,  478,  797],
        [ 1013,    0,  880,  697,  751,   86,    0,  858, 1017,   84,  995, 1019,  241,  805,  664,  989,  677,  631,  385,  803,  673,  628,  316,  944,  208,  805, 1069,  900,  917,  138,  618,  216, 1147,  414,  597,  326,  558,  901,  478,  824,  628,  700,  979,  646,  155,  887,  807,  426,  606, 1270, 1120,  476,  320,   24, 1112,  972,  794,  251,  387,  887, 1011,  766,  444,  169,  599,  892,  379,  762,  718,  951,  255,  691,  890,  809,   86,  979,  846,  834,  834,  829,  752,  231,  247,  404,  226,  660,  880, 1039,  661,  684,  929,  242,  566,  367,  798,  216, 1009,  467,  889,  460,  114,  545,  950,  302,  895, 1029,  832,  972,  903,  598,  307,  733,  885,  597,  882,   68,  734,  445,  916,   33, 1030,  215,  535,  206,  746,  360,  684,  858,  478,  922,  612,  797,  911, 1002, 1027,  939,  561,  395,  693, 1038,  626,  439,  741,  187, 1206, 1240,  954,  790,  692, 1212,  724,  497,  747,  566,  559,  883],
        [  534,    0,   69,  175,  108,  791,  858,    0,  303,  798,  707,  405,  820,  554,  195,  132,  215,  593,  526,  184,  357,  480,  779,  212,  653,  112,  295,  407,  485,  792,  807,  720,  447,  488,  595,  660,  302,  211,  523,  139,  749,  159,  237,  478,  737,  224,  485,  481,  660,  492,  393,  466,  656,  881,  545,  207,  532,  621,  597,  787,  682,  445,  778,  689,  700,  570,  519,  238,  293,  329,  655,  352,  738,  201,  776,  150,   44,  207,  699,  840,  597,  831,  631,  454,  815,  611,  780,  184,  210,  225,  512,  617,  525,  571,  287,  653,  466,  443,  287,  416,  787,  591,  456,  663,  256,  177,  451,  127,  807,  674,  590,  430,  881,  338,  751,  794,  690,  759,   90,  880,  185,  669,  324,  652,  151,  591,  215,  333,  453,  410,  246,  201,  455,  176,  421,  305,  428,  498,  823,  205,  293,  540,  795,  825,  406,  468,  186,  129,  657,  496,  179,  449,  248,  327,  377,  584],
        [  281,    0,  358,  443,  354,  937, 1017,  303,    0,  942,  491,  125,  908,  417,  429,  273,  490,  546,  757,  487,  651,  771,  844,  484,  813,  256,   85,  214,  782,  919,  759,  834,  150,  604,  564,  743,  519,  123,  576,  221,  695,  403,   67,  446,  873,  517,  351,  718,  618,  255,  106,  720,  743, 1040,  254,   99,  403,  815,  671,  628,  456,  343,  796,  855,  659,  386,  640,  255,  302,   99,  775,  649,  571,  212,  931,  371,  347,  508,  553,  710,  487,  922,  829,  637,  909,  547,  622,  317,  469,  508,  303,  783,  527,  806,  589,  801,  204,  551,  136,  642,  923,  587,  229,  756,  123,  329,  304,  222,  644,  634,  714,  356,  736,  611,  589,  962,  589,  778,  354, 1032,  213,  805,  531,  816,  301,  828,  495,  632,  544,  200,  467,  504,  253,  172,  140,  588,  703,  623,  746,  182,  392,  794,  697,  931,  206,  224,  447,  261,  575,  208,  467,  708,  548,  454,  460,  406],
        [  930,    0,  825,  643,  690,    8,   84,  798,  942,    0,  912,  941,  175,  721,  605,  928,  627,  547,  357,  757,  643,  612,  242,  898,  147,  739,  998,  820,  896,   61,  542,  133, 1070,  339,  514,  243,  502,  829,  396,  755,  548,  642,  907,  564,   72,  844,  724,  394,  524, 1196, 1045,  449,  237,  104, 1031,  901,  710,  219,  304,  805,  927,  684,  368,  119,  517,  809,  303,  689,  642,  874,  173,  661,  807,  736,   36,  925,  789,  790,  751,  750,  668,  168,  220,  346,  159,  576,  799,  980,  608,  637,  847,  185,  483,  350,  761,  146,  928,  392,  813,  415,   33,  461,  869,  218,  820,  972,  750,  908,  822,  516,  229,  651,  806,  558,  800,   78,  651,  368,  861,   90,  965,  138,  478,  150,  679,  348,  635,  825,  401,  841,  554,  752,  830,  935,  948,  901,  535,  320,  615,  972,  554,  423,  661,  124, 1135, 1166,  905,  723,  609, 1136,  674,  469,  707,  496,  483,  800],
        [  216,    0,  775,  755,  687,  910,  995,  707,  491,  912,    0,  371,  793,  209,  708,  740,  796,  365,  917,  865,  962, 1055,  709,  918,  839,  604,  571,  303, 1173,  863,  465,  780,  476,  643,  399,  670,  734,  509,  536,  570,  416,  706,  533,  380,  844,  928,  249,  896,  398,  633,  508,  930,  676, 1014,  308,  564,  228,  898,  613,  190,   43,  303,  600,  879,  419,  145,  668,  489,  462,  407,  750,  968,  143,  511,  919,  827,  746,  899,  178,  298,  245,  807,  914,  757,  802,  337,  190,  794,  759,  821,  198,  828,  441,  963,  959,  812,  292,  606,  426,  825,  882,  451,  266,  694,  460,  803,  266,  686,  196,  410,  715,  336,  293,  881,  161,  966,  280,  588,  788,  995,  696,  796,  728,  848,  600,  982,  806, 1022,  580,  306,  711,  878,  255,  649,  360, 1010,  958,  664,  408,  668,  552,  988,  340,  838,  646,  609,  888,  592,  311,  516,  801,  929,  897,  597,  544,  139],
        [  158,    0,  466,  520,  434,  937, 1019,  405,  125,  941,  371,    0,  884,  329,  494,  395,  567,  485,  801,  587,  735,  850,  813,  599,  822,  333,  201,  135,  889,  910,  686,  823,  141,  607,  509,  723,  569,  197,  554,  294,  623,  475,  182,  402,  869,  626,  273,  765,  555,  299,  148,  777,  725, 1042,  141,  216,  320,  839,  651,  521,  334,  283,  748,  865,  593,  281,  641,  281,  307,   85,  769,  735,  463,  259,  934,  491,  449,  612,  453,  611,  405,  898,  854,  665,  887,  479,  516,  441,  540,  588,  194,  796,  488,  851,  689,  806,   81,  555,  148,  688,  918,  541,  121,  740,  164,  453,  228,  342,  536,  571,  713,  307,  630,  682,  482,  970,  504,  730,  467, 1031,  338,  805,  576,  827,  363,  872,  574,  738,  542,  114,  523,  603,  157,  295,   16,  701,  772,  627,  663,  307,  413,  848,  608,  913,  286,  270,  564,  331,  498,  205,  552,  767,  641,  476,  464,  302],
        [  846,    0,  859,  689,  715,  178,  241,  820,  908,  175,  793,  884,    0,  621,  641,  945,  684,  437,  474,  818,  738,  732,   85,  954,  245,  741,  974,  754, 1003,  115,  383,  115, 1021,  332,  404,  167,  549,  806,  333,  749,  400,  674,  884,  485,  153,  909,  639,  500,  396, 1161, 1004,  559,  168,  251,  955,  885,  614,  345,  238,  665,  814,  608,  209,  247,  379,  708,  302,  664,  609,  827,  176,  756,  675,  717,  204,  960,  821,  855,  622,  597,  557,   15,  352,  403,   16,  461,  659, 1002,  657,  700,  760,  276,  399,  481,  842,  220,  857,  379,  773,  496,  145,  357,  796,  158,  787,  997,  673,  916,  679,  385,  235,  580,  652,  643,  665,  252,  519,  214,  894,  226,  970,  188,  524,  255,  683,  485,  694,  912,  375,  776,  592,  817,  754,  933,  888,  976,  642,  323,  458,  970,  543,  552,  510,   55, 1110, 1130,  954,  723,  483, 1086,  728,  576,  780,  496,  460,  696],
        [  235,    0,  621,  570,  512,  719,  805,  554,  417,  721,  209,  329,  621,    0,  518,  615,  607,  185,  708,  691,  768,  855,  540,  764,  637,  443,  501,  204,  994,  676,  360,  590,  467,  436,  217,  481,  532,  385,  334,  416,  298,  521,  435,  173,  651,  763,   71,  689,  242,  628,  476,  724,  486,  824,  351,  458,   23,  691,  418,  234,  212,  112,  449,  678,  277,   89,  462,  318,  276,  319,  554,  776,  186,  354,  725,  690,  587,  727,  147,  298,   78,  635,  707,  549,  627,  167,  227,  675,  569,  632,  152,  624,  240,  754,  779,  612,  271,  398,  306,  618,  693,  265,  212,  504,  338,  681,  115,  563,  254,  258,  514,  137,  332,  682,  198,  770,  175,  433,  640,  807,  589,  599,  525,  646,  425,  773,  617,  846,  373,  221,  515,  702,  173,  541,  326,  847,  756,  457,  334,  568,  353,  780,  281,  660,  610,  598,  739,  428,  173,  525,  618,  723,  714,  392,  337,   79],
        [  581,    0,  221,   59,   90,  599,  664,  195,  429,  605,  708,  494,  641,  518,    0,  326,   90,  495,  339,  198,  256,  361,  609,  321,  460,  174,  451,  440,  481,  604,  690,  535,  578,  313,  487,  488,  108,  309,  376,  208,  639,   37,  371,  389,  547,  288,  461,  296,  551,  657,  532,  293,  482,  687,  629,  351,  496,  426,  432,  740,  693,  409,  628,  495,  586,  563,  340,  229,  247,  410,  470,  261,  700,  236,  583,  322,  184,  238,  650,  768,  537,  650,  437,  261,  635,  520,  732,  375,   52,  115,  532,  423,  408,  387,  268,  461,  531,  277,  349,  226,  596,  467,  498,  487,  332,  367,  443,  315,  761,  562,  407,  382,  818,  189,  708,  600,  613,  610,  257,  686,  374,  480,  129,  459,  132,  407,  100,  340,  294,  452,   52,  204,  481,  354,  508,  367,  279,  319,  721,  388,  174,  366,  708,  640,  579,  630,  316,  169,  572,  636,  109,  280,  200,  172,  238,  571],
        [  544,    0,  132,  302,  239,  922,  989,  132,  273,  928,  740,  395,  945,  615,  326,    0,  338,  685,  654,  269,  458,  582,  900,  219,  784,  210,  229,  439,  527,  921,  904,  847,  393,  613,  692,  783,  433,  233,  638,  216,  842,  290,  214,  570,  866,  265,  545,  609,  756,  398,  335,  589,  779, 1012,  527,  180,  596,  752,  717,  846,  709,  513,  890,  820,  796,  614,  645,  323,  384,  335,  782,  450,  793,  272,  907,  100,  152,  274,  761,  911,  669,  956,  762,  586,  941,  698,  839,   63,  339,  344,  543,  748,  629,  698,  361,  783,  468,  567,  317,  546,  917,  695,  476,  787,  283,   66,  504,   55,  865,  770,  718,  507,  947,  457,  808,  925,  768,  871,  106, 1011,   77,  798,  455,  783,  264,  718,  336,  386,  574,  434,  377,  285,  486,  103,  410,  324,  543,  625,  911,  109,  408,  662,  876,  952,  308,  379,  180,  229,  740,  428,  296,  572,  343,  450,  494,  631],
        [  664,    0,  212,   48,  136,  621,  677,  215,  490,  627,  796,  567,  684,  607,   90,  338,    0,  579,  319,  135,  171,  284,  662,  272,  481,  237,  500,  524,  393,  634,  768,  574,  639,  368,  569,  541,  137,  375,  447,  275,  719,   95,  428,  476,  575,  226,  550,  274,  632,  702,  589,  253,  534,  700,  705,  403,  585,  429,  493,  828,  781,  498,  693,  512,  666,  652,  390,  313,  335,  484,  510,  174,  789,  313,  601,  306,  187,  172,  739,  855,  625,  693,  438,  286,  677,  605,  820,  376,   39,   26,  618,  443,  488,  362,  184,  488,  610,  341,  425,  219,  623,  545,  581,  536,  404,  364,  531,  341,  850,  642,  450,  471,  905,  124,  797,  610,  700,  676,  247,  702,  398,  511,  162,  478,  209,  381,   12,  257,  362,  534,  108,  134,  566,  389,  582,  298,  216,  371,  802,  419,  261,  326,  792,  677,  619,  677,  278,  237,  657,  694,   48,  235,  115,  249,  317,  660],
        [  417,    0,  655,  553,  521,  545,  631,  593,  546,  547,  365,  485,  437,  185,  495,  685,  579,    0,  595,  689,  720,  784,  355,  791,  480,  485,  626,  351,  971,  499,  220,  415,  626,  305,   34,  305,  472,  478,  187,  470,  158,  511,  545,  116,  479,  773,  216,  585,   73,  782,  624,  631,  311,  649,  530,  560,  182,  549,  250,  287,  381,  205,  267,  519,  114,  273,  322,  363,  303,  451,  386,  731,  272,  414,  555,  741,  617,  729,  213,  282,  122,  451,  565,  437,  444,   33,  279,  748,  540,  604,  332,  474,  100,  635,  762,  452,  441,  285,  415,  525,  517,   87,  379,  330,  441,  749,  259,  640,  307,   89,  358,  192,  337,  623,  269,  602,  132,  251,  682,  631,  679,  434,  456,  491,  445,  652,  590,  834,  256,  372,  474,  697,  337,  633,  486,  856,  681,  323,  230,  666,  323,  675,  214,  478,  750,  751,  773,  466,   84,  688,  603,  635,  693,  333,  264,  260],
        [  851,    0,  531,  352,  427,  350,  385,  526,  757,  357,  917,  801,  474,  708,  339,  654,  319,  595,    0,  432,  289,  260,  489,  571,  230,  509,  787,  714,  540,  386,  710,  362,  903,  291,  569,  392,  239,  635,  410,  539,  683,  373,  704,  539,  330,  510,  677,   46,  616,  994,  862,   93,  382,  406,  924,  687,  690,  139,  387,  881,  916,  624,  574,  241,  634,  781,  280,  520,  503,  719,  314,  307,  859,  549,  325,  624,  503,  458,  801,  868,  690,  477,  140,  161,  462,  628,  873,  694,  316,  320,  782,  199,  497,   50,  415,  255,  819,  314,  655,  115,  365,  523,  772,  373,  647,  683,  681,  651,  901,  618,  284,  588,  925,  218,  860,  317,  726,  562,  566,  414,  709,  288,  227,  222,  457,   72,  323,  474,  342,  731,  294,  423,  743,  692,  813,  557,  178,  274,  768,  726,  394,   85,  786,  446,  917,  966,  585,  500,  678,  965,  365,  113,  369,  335,  375,  781],
        [  707,    0,  140,  141,  180,  750,  803,  184,  487,  757,  865,  587,  818,  691,  198,  269,  135,  689,  432,    0,  192,  315,  795,  141,  612,  265,  474,  573,  310,  766,  888,  708,  630,  501,  683,  674,  271,  390,  573,  302,  836,  178,  421,  580,  707,   92,  627,  387,  748,  662,  575,  352,  668,  826,  727,  390,  669,  553,  624,  920,  844,  580,  823,  640,  783,  722,  523,  377,  416,  507,  644,  182,  876,  357,  730,  205,  141,   40,  830,  957,  720,  827,  560,  419,  811,  713,  912,  288,  165,  121,  675,  574,  604,  469,  103,  621,  643,  470,  459,  344,  754,  665,  626,  670,  431,  273,  601,  292,  941,  759,  584,  557, 1005,  216,  886,  736,  803,  805,  163,  830,  342,  644,  296,  608,  267,  486,  125,  158,  489,  579,  235,   18,  619,  348,  602,  170,  289,  504,  917,  370,  366,  419,  901,  811,  574,  641,  154,  274,  764,  677,   93,  332,   76,  369,  435,  734],
        [  834,    0,  327,  216,  302,  636,  673,  357,  651,  643,  962,  735,  738,  768,  256,  458,  171,  720,  289,  192,    0,  125,  735,  310,  506,  403,  651,  694,  269,  665,  890,  624,  798,  464,  704,  620,  249,  540,  565,  441,  848,  265,  587,  626,  606,  243,  714,  250,  765,  846,  746,  198,  612,  694,  873,  559,  746,  426,  587,  983,  948,  662,  791,  525,  795,  818,  475,  483,  501,  652,  566,   19,  947,  482,  611,  395,  318,  201,  894, 1000,  779,  744,  428,  344,  728,  748,  975,  479,  204,  148,  787,  469,  624,  313,  133,  523,  780,  453,  594,  244,  647,  673,  751,  609,  572,  464,  699,  476, 1004,  773,  516,  632, 1053,  102,  953,  606,  846,  775,  354,  703,  529,  553,  266,  499,  379,  326,  163,  185,  479,  704,  254,  177,  735,  530,  750,  273,  116,  458,  933,  555,  416,  250,  931,  719,  759,  823,  335,  405,  801,  850,  185,  177,  117,  389,  456,  825],
        [  941,    0,  451,  331,  419,  605,  628,  480,  771,  612, 1055,  850,  732,  855,  361,  582,  284,  784,  260,  315,  125,    0,  743,  423,  489,  520,  774,  800,  290,  644,  935,  619,  919,  502,  765,  637,  323,  658,  615,  558,  899,  376,  707,  701,  589,  355,  806,  235,  821,  970,  868,  176,  628,  647,  987,  681,  834,  395,  618, 1059, 1045,  753,  817,  498,  847,  912,  504,  588,  599,  766,  569,  133, 1027,  594,  578,  517,  442,  319,  973, 1066,  857,  736,  393,  368,  720,  815, 1051,  602,  311,  264,  888,  457,  686,  263,  241,  513,  891,  504,  707,  267,  622,  727,  858,  621,  687,  586,  796,  601, 1080,  827,  529,  721, 1121,  176, 1032,  563,  914,  803,  478,  659,  653,  546,  333,  481,  489,  269,  278,  270,  532,  812,  346,  299,  839,  654,  864,  367,  105,  492,  985,  680,  504,  190,  991,  705,  884,  947,  452,  520,  868,  972,  305,  162,  240,  465,  528,  917],
        [  768,    0,  823,  661,  677,  244,  316,  779,  844,  242,  709,  813,   85,  540,  609,  900,  662,  355,  489,  795,  735,  743,    0,  928,  271,  693,  913,  681, 1003,  182,  302,  138,  951,  297,  323,  122,  525,  747,  271,  697,  316,  641,  824,  412,  199,  886,  561,  508,  312, 1096,  938,  568,  128,  329,  878,  828,  534,  372,  183,  581,  731,  534,  128,  285,  295,  627,  272,  607,  549,  760,  175,  751,  591,  661,  266,  923,  784,  833,  538,  515,  474,   99,  382,  392,   96,  378,  575,  959,  631,  679,  682,  294,  325,  505,  829,  240,  783,  337,  709,  492,  210,  278,  720,  127,  725,  955,  597,  868,  595,  300,  219,  507,  571,  636,  581,  316,  435,  131,  858,  306,  920,  207,  501,  282,  637,  512,  672,  901,  327,  703,  564,  795,  679,  881,  817,  958,  647,  292,  377,  918,  493,  572,  427,  135, 1048, 1064,  924,  675,  399, 1016,  703,  583,  764,  453,  408,  614],
        [  738,    0,  144,  268,  271,  891,  944,  212,  484,  898,  918,  599,  954,  764,  321,  219,  272,  791,  571,  141,  310,  423,  928,    0,  752,  322,  446,  617,  310,  906,  998,  845,  610,  632,  788,  807,  406,  415,  693,  351,  943,  292,  420,  677,  847,   68,  697,  526,  854,  608,  552,  488,  801,  966,  736,  386,  743,  694,  752,  998,  892,  655,  947,  781,  892,  782,  657,  447,  498,  530,  781,  295,  949,  413,  871,  122,  178,  114,  909, 1046,  804,  963,  700,  558,  948,  811,  990,  206,  298,  261,  722,  714,  713,  606,  182,  760,  667,  597,  495,  485,  894,  776,  663,  804,  462,  189,  663,  263, 1018,  866,  720,  638, 1090,  353,  962,  877,  895,  929,  133,  970,  293,  783,  431,  749,  348,  622,  264,  179,  613,  618,  365,  148,  665,  319,  615,  106,  418,  637, 1020,  327,  473,  552,  997,  949,  518,  592,   40,  337,  859,  646,  227,  467,  204,  488,  550,  796],
        [  829,    0,  678,  497,  545,  140,  208,  653,  813,  147,  839,  822,  245,  637,  460,  784,  481,  480,  230,  612,  506,  489,  271,  752,    0,  598,  863,  708,  766,  160,  534,  136,  946,  217,  449,  201,  355,  696,  304,  617,  522,  496,  773,  469,  101,  699,  628,  260,  476, 1065,  917,  318,  191,  231,  922,  765,  623,  102,  232,  759,  849,  583,  375,   43,  481,  722,  183,  558,  517,  750,  108,  523,  751,  603,  124,  778,  643,  645,  693,  722,  596,  247,  112,  200,  232,  513,  752,  835,  461,  491,  748,   38,  399,  238,  619,   33,  818,  268,  688,  271,  144,  396,  761,  175,  691,  826,  648,  766,  778,  473,  124,  548,  780,  417,  747,  150,  601,  367,  715,  228,  823,   65,  332,   12,  539,  243,  489,  686,  283,  729,  408,  607,  724,  795,  830,  758,  403,  196,  601,  831,  421,  308,  634,  217, 1000, 1035,  758,  583,  554, 1011,  528,  336,  563,  361,  359,  716],
        [  443,    0,  179,  190,  102,  733,  805,  112,  256,  739,  604,  333,  741,  443,  174,  210,  237,  485,  509,  265,  403,  520,  693,  322,  598,    0,  279,  309,  574,  726,  701,  648,  405,  412,  488,  577,  271,  139,  429,   39,  641,  147,  197,  369,  673,  325,  375,  467,  553,  486,  358,  466,  574,  829,  472,  178,  422,  582,  510,  677,  581,  334,  681,  638,  593,  464,  445,  127,  183,  250,  584,  403,  628,   94,  721,  257,  145,  297,  588,  728,  485,  753,  595,  407,  738,  501,  669,  271,  214,  257,  412,  564,  421,  558,  365,  593,  382,  363,  196,  394,  724,  487,  362,  583,  171,  270,  343,  176,  697,  567,  520,  319,  770,  356,  640,  745,  579,  662,  201,  825,  230,  605,  287,  600,   60,  579,  243,  422,  367,  314,  216,  280,  355,  197,  347,  408,  448,  426,  713,  234,  200,  540,  684,  752,  410,  458,  297,   20,  546,  463,  220,  453,  311,  247,  285,  477],
        [  358,    0,  337,  455,  368,  992, 1069,  295,   85,  998,  571,  201,  974,  501,  451,  229,  500,  626,  787,  474,  651,  774,  913,  446,  863,  279,    0,  299,  753,  977,  840,  894,  165,  661,  643,  808,  549,  170,  643,  251,  776,  420,   92,  522,  929,  488,  435,  746,  698,  207,  106,  742,  807, 1093,  313,  101,  487,  857,  736,  712,  535,  424,  871,  904,  739,  470,  696,  312,  366,  183,  834,  646,  655,  262,  984,  327,  335,  489,  637,  795,  571,  987,  870,  680,  974,  628,  706,  260,  485,  514,  386,  832,  601,  836,  574,  854,  281,  608,  212,  673,  980,  663,  311,  820,  190,  274,  388,  186,  728,  714,  771,  435,  820,  623,  673, 1012,  673,  852,  324, 1086,  157,  861,  564,  866,  333,  857,  502,  608,  604,  284,  494,  491,  338,  129,  214,  552,  715,  678,  829,  123,  444,  816,  781,  993,  138,  180,  408,  289,  658,  204,  470,  727,  541,  503,  519,  490],
        [  142,    0,  475,  479,  401,  816,  900,  407,  214,  820,  303,  135,  754,  204,  440,  439,  524,  351,  714,  573,  694,  800,  681,  617,  708,  309,  299,    0,  883,  786,  555,  698,  276,  492,  375,  596,  495,  207,  428,  273,  491,  430,  240,  270,  748,  630,  141,  683,  421,  432,  276,  704,  598,  922,  215,  268,  191,  736,  525,  417,  276,  149,  614,  751,  460,  177,  526,  212,  212,  117,  648,  697,  362,  217,  816,  525,  447,  605,  339,  497,  276,  768,  752,  568,  758,  346,  411,  495,  491,  547,  106,  685,  357,  764,  672,  690,  110,  442,  124,  606,  796,  408,   60,  614,  158,  503,   94,  385,  435,  437,  594,  175,  524,  626,  378,  854,  377,  596,  486,  910,  400,  686,  497,  715,  317,  784,  532,  730,  426,   22,  457,  588,   49,  352,  136,  711,  712,  514,  536,  376,  321,  770,  484,  785,  408,  402,  586,  300,  368,  339,  520,  697,  615,  380,  355,  196],
        [ 1015,    0,  425,  426,  487,  889,  917,  485,  782,  896, 1173,  889, 1003,  994,  481,  527,  393,  971,  540,  310,  269,  290, 1003,  310,  766,  574,  753,  883,    0,  924, 1153,  889,  916,  731,  959,  889,  507,  695,  828,  611, 1107,  473,  716,  869,  866,  266,  933,  507, 1022,  917,  858,  449,  880,  936, 1029,  683,  972,  678,  855, 1219, 1153,  883, 1059,  780, 1054, 1030,  743,  684,  719,  813,  832,  253, 1178,  666,  863,  432,  442,  279, 1130, 1248, 1017, 1008,  678,  612,  993,  998, 1211,  515,  432,  368,  984,  731,  879,  551,  215,  786,  950,  716,  767,  512,  904,  932,  935,  877,  738,  498,  909,  568, 1241, 1031,  784,  859, 1298,  369, 1187,  851, 1093, 1043,  430,  948,  602,  817,  527,  758,  574,  558,  382,  153,  741,  888,  498,  296,  929,  625,  905,  206,  363,  726, 1191,  636,  653,  479, 1184,  982,  827,  902,  350,  584, 1050,  955,  377,  430,  281,  639,  708, 1041],
        [  891,    0,  824,  646,  685,   64,  138,  792,  919,   61,  863,  910,  115,  676,  604,  921,  634,  499,  386,  766,  665,  644,  182,  906,  160,  726,  977,  786,  924,    0,  482,   88, 1042,  317,  465,  196,  503,  808,  358,  740,  491,  639,  886,  524,   60,  855,  683,  418,  471, 1173, 1019,  476,  192,  153,  994,  883,  667,  250,  263,  750,  879,  646,  308,  147,  462,  764,  283,  667,  617,  846,  144,  683,  754,  717,   90,  925,  787,  800,  699,  692,  620,  110,  254,  349,  100,  527,  744,  976,  611,  646,  806,  196,  441,  386,  778,  146,  893,  370,  787,  429,   31,  413,  832,  174,  796,  968,  712,  899,  766,  462,  207,  614,  748,  576,  746,  138,  598,  309,  860,  133,  955,  124,  479,  166,  667,  386,  642,  845,  375,  807,  553,  762,  792,  922,  916,  916,  561,  301,  556,  959,  535,  458,  604,   67, 1115, 1142,  910,  710,  557, 1108,  680,  494,  720,  480,  459,  754],
        [  590,    0,  867,  748,  728,  543,  618,  807,  759,  542,  465,  686,  383,  360,  690,  904,  768,  220,  710,  888,  890,  935,  302,  998,  534,  701,  840,  555, 1153,  482,    0,  421,  825,  434,  213,  334,  646,  697,  326,  688,   65,  712,  762,  334,  489,  975,  414,  713,  148,  985,  830,  767,  344,  631,  706,  778,  367,  626,  324,  301,  496,  416,  175,  561,  108,  432,  434,  582,  520,  662,  426,  904,  327,  633,  562,  956,  828,  928,  288,  218,  283,  395,  639,  568,  396,  213,  296,  966,  730,  792,  510,  543,  285,  740,  951,  501,  631,  438,  631,  668,  509,  224,  571,  359,  658,  967,  461,  859,  311,  134,  431,  408,  271,  790,  312,  613,  194,  174,  896,  607,  898,  472,  626,  545,  658,  753,  780, 1025,  412,  574,  661,  894,  531,  852,  684, 1057,  832,  445,   76,  885,  526,  795,  136,  436,  961,  955,  983,  682,  188,  884,  798,  776,  882,  520,  453,  413],
        [  804,    0,  755,  581,  614,  131,  216,  720,  834,  133,  780,  823,  115,  590,  535,  847,  574,  415,  362,  708,  624,  619,  138,  845,  136,  648,  894,  698,  889,   88,  421,    0,  955,  237,  382,  111,  440,  725,  271,  660,  421,  570,  803,  436,   69,  798,  596,  386,  392, 1088,  933,  445,  105,  235,  907,  801,  580,  238,  176,  675,  795,  559,  252,  148,  388,  678,  203,  583,  532,  759,   66,  641,  675,  634,  145,  856,  718,  744,  619,  623,  536,  121,  247,  291,  105,  444,  668,  903,  548,  588,  719,  163,  354,  372,  729,  107,  805,  288,  701,  382,  103,  329,  745,   87,  711,  896,  624,  822,  692,  385,  130,  526,  681,  529,  668,  195,  520,  248,  791,  217,  877,   74,  415,  147,  589,  378,  583,  798,  290,  720,  486,  706,  705,  843,  829,  864,  528,  223,  493,  880,  454,  441,  535,  106, 1031, 1057,  847,  631,  477, 1021,  619,  462,  668,  401,  376,  668],
        [  264,    0,  496,  592,  503, 1065, 1147,  447,  150, 1070,  476,  141, 1021,  467,  578,  393,  639,  626,  903,  630,  798,  919,  951,  610,  946,  405,  165,  276,  916, 1042,  825,  955,    0,  733,  650,  858,  665,  270,  689,  370,  762,  552,  212,  542,  999,  650,  413,  864,  695,  163,   59,  869,  859, 1170,  178,  240,  459,  955,  786,  643,  435,  424,  889,  988,  734,  410,  768,  391,  429,  197,  900,  795,  586,  355, 1061,  491,  489,  648,  582,  738,  543, 1035,  969,  778, 1023,  620,  639,  422,  618,  656,  323,  918,  627,  953,  731,  932,  200,  680,  259,  788, 1049,  681,  255,  874,  259,  437,  368,  349,  656,  711,  841,  446,  753,  760,  605, 1095,  640,  871,  486, 1160,  321,  933,  676,  950,  449,  974,  643,  769,  670,  255,  614,  647,  295,  292,  142,  716,  852,  753,  799,  286,  528,  942,  742, 1048,  174,  136,  572,  409,  637,   66,  615,  856,  694,  591,  589,  431],
        [  615,    0,  529,  365,  384,  334,  414,  488,  604,  339,  643,  607,  332,  436,  313,  613,  368,  305,  291,  501,  464,  502,  297,  632,  217,  412,  661,  492,  731,  317,  434,  237,  733,    0,  279,  176,  233,  492,  120,  424,  399,  345,  570,  264,  269,  592,  418,  285,  327,  858,  707,  336,  170,  437,  707,  566,  419,  256,  126,  592,  647,  370,  329,  259,  348,  516,   36,  351,  305,  537,  174,  479,  573,  400,  328,  629,  490,  539,  514,  578,  407,  343,  272,  137,  328,  338,  584,  670,  336,  388,  535,  195,  209,  331,  543,  199,  602,   54,  476,  235,  320,  233,  545,  176,  482,  665,  434,  586,  612,  330,  111,  335,  635,  363,  572,  363,  436,  313,  564,  428,  641,  201,  210,  223,  353,  348,  379,  616,   68,  513,  268,  502,  509,  607,  615,  666,  399,   22,  485,  644,  218,  372,  497,  340,  798,  828,  628,  395,  387,  799,  409,  344,  475,  165,  145,  513],
        [  447,    0,  656,  545,  518,  512,  597,  595,  564,  514,  399,  509,  404,  217,  487,  692,  569,   34,  569,  683,  704,  765,  323,  788,  449,  488,  643,  375,  959,  465,  213,  382,  650,  279,    0,  272,  456,  491,  159,  476,  155,  505,  560,  124,  446,  768,  244,  561,   66,  804,  646,  609,  278,  616,  559,  573,  212,  519,  218,  315,  415,  227,  240,  487,  105,  305,  294,  370,  309,  471,  353,  716,  303,  423,  521,  744,  616,  722,  245,  302,  155,  418,  535,  412,  411,   65,  308,  754,  530,  593,  361,  443,   81,  608,  752,  420,  468,  263,  431,  503,  484,   54,  406,  296,  456,  755,  284,  648,  335,   79,  326,  209,  358,  607,  300,  569,  158,  223,  684,  597,  689,  401,  440,  459,  446,  625,  580,  825,  234,  396,  462,  690,  364,  643,  510,  851,  661,  296,  235,  677,  317,  650,  228,  445,  769,  773,  772,  469,  110,  713,  595,  613,  683,  321,  252,  292],
        [  697,    0,  703,  540,  558,  241,  326,  660,  743,  243,  670,  723,  167,  481,  488,  783,  541,  305,  392,  674,  620,  637,  122,  807,  201,  577,  808,  596,  889,  196,  334,  111,  858,  176,  272,    0,  405,  640,  170,  584,  324,  520,  718,  330,  175,  766,  489,  404,  286,  997,  840,  463,   10,  345,  802,  719,  471,  293,   73,  570,  685,  453,  183,  230,  285,  569,  152,  498,  443,  664,   93,  636,  568,  551,  251,  803,  664,  712,  511,  524,  426,  180,  307,  277,  167,  334,  563,  841,  510,  559,  612,  210,  246,  415,  711,  168,  701,  217,  609,  379,  213,  219,  640,   27,  622,  836,  519,  752,  587,  280,  109,  422,  583,  520,  561,  300,  413,  172,  738,  327,  805,  141,  380,  212,  520,  426,  552,  782,  211,  618,  443,  675,  600,  768,  728,  838,  538,  171,  401,  805,  378,  476,  436,  190,  944,  966,  803,  559,  369,  924,  582,  476,  645,  334,  294,  559],
        [  635,    0,  324,  143,  196,  495,  558,  302,  519,  502,  734,  569,  549,  532,  108,  433,  137,  472,  239,  271,  249,  323,  525,  406,  355,  271,  549,  495,  507,  503,  646,  440,  665,  233,  456,  405,    0,  396,  321,  300,  601,  144,  465,  381,  445,  362,  486,  200,  518,  756,  624,  210,  398,  581,  697,  448,  511,  319,  358,  739,  725,  432,  561,  390,  548,  591,  254,  289,  285,  486,  375,  261,  705,  313,  478,  424,  289,  308,  651,  752,  536,  558,  331,  156,  542,  500,  731,  481,  109,  155,  575,  318,  376,  289,  311,  359,  595,  211,  422,  124,  494,  426,  554,  400,  411,  472,  478,  422,  760,  525,  314,  399,  806,  153,  711,  493,  599,  543,  360,  581,  480,  380,   26,  354,  218,  310,  147,  384,  235,  510,   57,  270,  530,  459,  581,  433,  225,  235,  686,  494,  183,  280,  683,  544,  680,  728,  408,  261,  554,  726,  180,  203,  243,  143,  209,  596],
        [  324,    0,  275,  328,  240,  824,  901,  211,  123,  829,  509,  197,  806,  385,  309,  233,  375,  478,  635,  390,  540,  658,  747,  415,  696,  139,  170,  207,  695,  808,  697,  725,  270,  492,  491,  640,  396,    0,  476,  101,  634,  285,   79,  368,  760,  435,  315,  595,  551,  370,  228,  599,  639,  925,  338,   83,  367,  694,  569,  614,  481,  289,  711,  737,  592,  381,  527,  143,  199,  118,  664,  539,  560,   93,  816,  318,  254,  417,  530,  682,  444,  819,  708,  517,  806,  486,  607,  292,  351,  395,  312,  665,  441,  684,  492,  686,  255,  439,   84,  520,  811,  505,  249,  651,   50,  298,  272,  180,  633,  566,  602,  290,  716,  493,  576,  845,  545,  692,  282,  917,  205,  692,  408,  699,  179,  705,  381,  543,  435,  205,  345,  406,  255,  158,  213,  513,  585,  509,  695,  189,  276,  672,  654,  825,  307,  340,  382,  141,  523,  331,  357,  587,  444,  336,  350,  398],
        [  535,    0,  574,  433,  429,  393,  478,  523,  576,  396,  536,  554,  333,  334,  376,  638,  447,  187,  410,  573,  565,  615,  271,  693,  304,  429,  643,  428,  828,  358,  326,  271,  689,  120,  159,  170,  321,  476,    0,  430,  285,  402,  553,  169,  324,  663,  329,  404,  209,  828,  672,  453,  171,  499,  637,  557,  320,  365,   97,  473,  545,  289,  256,  345,  232,  419,  136,  336,  278,  495,  224,  579,  457,  390,  396,  671,  534,  613,  398,  459,  295,  347,  381,  255,  335,  220,  465,  698,  411,  470,  451,  293,   96,  449,  629,  279,  535,  113,  441,  349,  370,  114,  474,  186,  455,  696,  355,  602,  493,  213,  181,  256,  516,  465,  455,  439,  317,  237,  607,  485,  652,  267,  301,  313,  375,  466,  459,  702,   87,  450,  340,  577,  435,  612,  560,  741,  511,  137,  371,  648,  231,  492,  379,  359,  778,  797,  684,  410,  268,  755,  481,  459,  560,  205,  147,  412],
