{
    "name": "random-94-30485",
    "comment": "size=94 seed=30485",
    "nodes": ["+0", "-0", "+1", "-1", "+2", "-2", "+3", "-3", "+4", "-4", "+5", "-5", "+6", "-6", "+7", "-7", "+8", "-8", "+9", "-9", "+10", "-10", "+11", "-11", "+12", "-12", "+13", "-13", "+14", "-14", "+15", "-15", "+16", "-16", "+17", "-17", "+18", "-18", "+19", "-19", "+20", "-20", "+21", "-21", "+22", "-22", "+23", "-23", "+24", "-24", "+25", "-25", "+26", "-26", "+27", "-27", "+28", "-28", "+29", "-29", "+30", "-30", "+31", "-31", "+32", "-32", "+33", "-33", "+34", "-34", "+35", "-35", "+36", "-36", "+37", "-37", "+38", "-38", "+39", "-39", "+40", "-40", "+41", "-41", "+42", "-42", "+43", "-43", "+44", "-44", "+45", "-45", "+46", "-46", "+47", "-47", "+48", "-48", "+49", "-49", "+50", "-50", "+51", "-51", "+52", "-52", "+53", "-53", "+54", "-54", "+55", "-55", "+56", "-56", "+57", "-57", "+58", "-58", "+59", "-59", "+60", "-60", "+61", "-61", "+62", "-62", "+63", "-63", "+64", "-64", "+65", "-65", "+66", "-66", "+67", "-67", "+68", "-68", "+69", "-69", "+70", "-70", "+71", "-71", "+72", "-72", "+73", "-73", "+74", "-74", "+75", "-75", "+76", "-76", "+77", "-77", "+78", "-78", "+79", "-79", "+80", "-80", "+81", "-81", "+82", "-82", "+83", "-83", "+84", "-84", "+85", "-85", "+86", "-86", "+87", "-87", "+88", "-88", "+89", "-89", "+90", "-90", "+91", "-91", "+92", "-92", "+93", "-93", "+94", "-94"],
    "precedence": {
        "+0": "-0",
        "+1": "-1",
        "+2": "-2",
        "+3": "-3",
        "+4": "-4",
        "+5": "-5",
        "+6": "-6",
        "+7": "-7",
        "+8": "-8",
        "+9": "-9",
        "+10": "-10",
        "+11": "-11",
        "+12": "-12",
        "+13": "-13",
        "+14": "-14",
        "+15": "-15",
        "+16": "-16",
        "+17": "-17",
        "+18": "-18",
        "+19": "-19",
        "+20": "-20",
        "+21": "-21",
        "+22": "-22",
        "+23": "-23",
        "+24": "-24",
        "+25": "-25",
        "+26": "-26",
        "+27": "-27",
        "+28": "-28",
        "+29": "-29",
        "+30": "-30",
        "+31": "-31",
        "+32": "-32",
        "+33": "-33",
        "+34": "-34",
        "+35": "-35",
        "+36": "-36",
        "+37": "-37",
        "+38": "-38",
        "+39": "-39",
        "+40": "-40",
        "+41": "-41",
        "+42": "-42",
        "+43": "-43",
        "+44": "-44",
        "+45": "-45",
        "+46": "-46",
        "+47": "-47",
        "+48": "-48",
        "+49": "-49",
        "+50": "-50",
        "+51": "-51",
        "+52": "-52",
        "+53": "-53",
        "+54": "-54",
        "+55": "-55",
        "+56": "-56",
        "+57": "-57",
        "+58": "-58",
        "+59": "-59",
        "+60": "-60",
        "+61": "-61",
        "+62": "-62",
        "+63": "-63",
        "+64": "-64",
        "+65": "-65",
        "+66": "-66",
        "+67": "-67",
        "+68": "-68",
        "+69": "-69",
        "+70": "-70",
        "+71": "-71",
        "+72": "-72",
        "+73": "-73",
        "+74": "-74",
        "+75": "-75",
        "+76": "-76",
        "+77": "-77",
        "+78": "-78",
        "+79": "-79",
        "+80": "-80",
        "+81": "-81",
        "+82": "-82",
        "+83": "-83",
        "+84": "-84",
        "+85": "-85",
        "+86": "-86",
        "+87": "-87",
        "+88": "-88",
        "+89": "-89",
        "+90": "-90",
        "+91": "-91",
        "+92": "-92",
        "+93": "-93",
        "+94": "-94"
    },
    "edges": [
        [    0,    0,  290,  854,  719,  521,  866,  351,  808,  145,  601,  384,  255,  418,  259,  451,   76,  922,  851,  408,  687,  201,  760,  445,  519,  289,  531,  893,   96,  426,  815,  460,  810,  340,  896,  621,  118,  467,  307,  476,  623,  572,  557,  766,  646,   95,  865,  993,  252,  177,  800,  718,  957,  944,  415,  676,  749,  583,  626,  604,  604,  184,  380,  405,  335,  243,  930,  691,  336,  725,  793,  333,  123,   41,  285,  303,  816,  269,  240,  127,  587,  438,  583,  578,  650,  575,  816,  694,  434,  283,  763,  801,  315,  837,  603,  867,  351,  854,  671,  855,  550,  384,  803,  479,  201,  788,  285,  587,  230,  527,  675,  178,  666,  949,  570,  810,  991,  832,  950,  778,  375,  353,  343,  828,  891,  449,  822,   81,  236,  385,  553,  450,  541,  166,  597, 1054,  790,  462,  427,  292,  736,  972,   42,  516,  605,  170,  532,  123,  686,  164,  972,  116,  377,  644,  724,  383,  439,  273,  241,  439,  511,  991,  839,  844,  732,  728,  968,  471,  498,  430,  937,  689,  400,  863,  668,  937,  278,   88,  642,  986,  870,  938,  565,  341,   94,  872,  699,  932,  718,  958],
        [    0,    0,    0,    0,    0,    0,    0,    0,    0,    0,    0,    0,    0,    0,    0,    0,    0,    0,    0,    0,    0,    0,    0,    0,    0,    0,    0,    0,    0,    0,    0,    0,    0,    0,    0,    0,    0,    0,    0,    0,    0,    0,    0,    0,    0,    0,    0,    0,    0,    0,    0,    0,    0,    0,    0,    0,    0,    0,    0,    0,    0,    0,    0,    0,    0,    0,    0,    0,    0,    0,    0,    0,    0,    0,    0,    0,    0,    0,    0,    0,    0,    0,    0,    0,    0,    0,    0,    0,    0,    0,    0,    0,    0,    0,    0,    0,    0,    0,    0,    0,    0,    0,    0,    0,    0,    0,    0,    0,    0,    0,    0,    0,    0,    0,    0,    0,    0,    0,    0,    0,    0,    0,    0,    0,    0,    0,    0,    0,    0,    0,    0,    0,    0,    0,    0,    0,    0,    0,    0,    0,    0,    0,    0,    0,    0,    0,    0,    0,    0,    0,    0,    0,    0,    0,    0,    0,    0,    0,    0,    0,    0,    0,    0,    0,    0,    0,    0,    0,    0,    0,    0,    0,    0,    0,    0,    0,    0,    0,    0,    0,    0,    0,    0,    0,    0,    0,    0,    0,    0,    0],
        [  290,    0,    0,  682,  750,  461,  836,  610,  840,  147,  660,  545,  149,  469,   32,  279,  218, 1000,  807,  344,  515,  137,  623,  558,  597,  570,  813,  723,  366,  251,  697,  278,  857,  617,  861,  736,  291,  279,  313,  617,  441,  628,  841,  685,  853,  222,  689, 1047,  535,  439,  888,  900,  963,  944,  584,  525,  606,  811,  866,  522,  851,  118,  579,  430,  326,  528,  818,  747,  560,  577,  698,  572,  171,  325,  514,  497,  732,  472,  354,  164,  642,  621,  736,  372,  687,  478,  850,  880,  673,  562,  925,  936,   86,  878,  751,  696,  398,  871,  493,  904,  528,  502,  964,  717,  361,  704,  211,  469,  158,  700,  466,  235,  470, 1033,  837,  872,  828,  698,  957,  669,  533,  534,  288,  826,  846,  618,  935,  304,  498,  291,  786,  628,  817,  282,  714, 1140,  616,  718,  150,  565,  791,  999,  291,  786,  689,  205,  569,  413,  802,  404, 1028,  186,  198,  524,  786,  135,  528,  506,  124,  478,  704, 1078,  764,  870,  915,  859,  982,  577,  611,  455, 1035,  745,  113,  857,  491, 1023,  410,  339,  820,  815,  866,  905,  842,  109,  378,  963,  766, 1012,  898,  828],
        [  854,    0,  682,    0,  544,  385,  430,  970,  581,  750,  583,  752,  611,  567,  694,  414,  817,  777,  385,  460,  170,  808,  129,  671,  612, 1009, 1201,   41,  862,  442,  163,  410,  625, 1028,  430,  725,  758,  407,  570,  736,  242,  571, 1232,  263,  995,  846,   18,  751,  994,  883,  734,  964,  583,  557,  778,  181,  125, 1021, 1090,  310, 1099,  772,  831,  538,  543,  993,  221,  600,  871,  138,  226,  904,  759,  894,  858,  794,  262,  802,  681,  774,  571,  818,  807,  313,  541,  307,  591,  961,  963,  999,  931,  873,  602,  620,  803,   14,  582,  559,  191,  650,  424,  673,  954,  986,  734,  257,  570,  280,  632,  832,  230,  679,  216,  812, 1154,  667,  147,  119,  583,  189,  746,  783,  517,  494,  400,  789,  819,  800,  914,  471, 1017,  811, 1177,  708,  719,  892,   67, 1032,  564,  979,  614,  657,  823, 1127,  643,  684,  531,  947,  755,  834,  745,  811,  498,  233,  629,  755,  627,  864,  634,  546,  877,  851,  290,  581,  975,  818,  617,  662,  681,  529,  846,  598,  666,  496,  193,  810,  696,  830,  906,  134,  507,  458, 1198,  576,  894,  785,  629,  790,  956,  188],
        [  719,    0,  750,  544,    0,  313,  205,  619,   91,  708,  127,  393,  605,  304,  739,  536,  734,  269,  223,  411,  501,  809,  422,  299,  210,  705,  811,  557,  665,  551,  388,  549,  111,  696,  234,  221,  603,  557,  449,  318,  520,  150,  838,  283,  501,  773,  561,  298,  711,  633,  194,  443,  241,  232,  391,  448,  437,  557,  621,  306,  641,  764,  459,  329,  429,  715,  423,   67,  524,  445,  324,  558,  700,  746,  542,  478,  301,  508,  480,  724,  136,  413,  321,  575,   70,  350,  101,  446,  564,  695,  396,  330,  674,  128,  307,  550,  377,  136,  514,  155,  232,  349,  414,  565,  522,  294,  541,  387,  605,  376,  593,  574,  557,  306,  725,  139,  589,  433,  233,  356,  395,  437,  463,  130,  249,  379,  277,  639,  628,  467,  566,  399,  772,  561,  228,  407,  528,  629,  733,  665,   71,  255,  678,  719,  158,  601,  190,  746,  225,  600,  281,  755,  580,  378,   87,  879,  287,  556,  634,  286,  430,  351,  291,  126,  452,  282,  249,  273,  264,  303,  325,   66,  814,  164,  510,  299,  446,  647,  403,  610,  167,  262,  786,  666,  698,  255,   92,  283,  434,  484],
        [  521,    0,  461,  385,  313,    0,  376,  586,  397,  458,  269,  370,  329,  184,  456,  223,  507,  581,  349,  122,  258,  547,  265,  297,  258,  630,  817,  417,  505,  240,  302,  236,  424,  646,  401,  400,  410,  244,  215,  367,  242,  243,  848,  246,  639,  543,  400,  608,  619,  511,  488,  630,  504,  484,  398,  216,  262,  651,  720,   86,  725,  503,  448,  154,  186,  618,  412,  334,  487,  248,  273,  520,  458,  557,  475,  410,  296,  420,  310,  479,  252,  440,  459,  275,  265,   79,  408,  621,  581,  620,  618,  587,  379,  438,  460,  397,  201,  418,  259,  467,   84,  290,  649,  606,  364,  268,  267,  115,  339,  468,  320,  345,  288,  617,  772,  449,  499,  327,  499,  263,  363,  399,  189,  368,  389,  413,  558,  452,  536,  171,  643,  435,  793,  358,  386,  720,  335,  649,  423,  598,  371,  547,  483,  743,  323,  363,  184,  592,  451,  464,  591,  515,  275,  152,  374,  582,  251,  482,  359,  164,  507,  662,  322,  422,  644,  516,  526,  293,  319,  145,  631,  332,  510,  397,  254,  609,  315,  475,  561,  503,  407,  445,  814,  365,  538,  559,  360,  594,  624,  445],
        [  866,    0,  836,  430,  205,  376,    0,  813,  182,  827,  319,  582,  704,  454,  831,  580,  866,  357,   45,  496,  454,  919,  337,  485,  396,  893, 1013,  430,  827,  602,  269,  589,  227,  889,   31,  425,  749,  593,  569,  516,  500,  333, 1040,  190,  702,  905,  446,  322,  894,  806,  348,  636,  157,  132,  586,  405,  357,  760,  824,  320,  845,  875,  653,  462,  543,  898,  252,  270,  715,  378,  213,  750,  823,  898,  728,  661,  171,  687,  631,  846,  322,  611,  525,  572,  256,  369,  189,  643,  765,  883,  581,  500,  752,  211,  511,  432,  516,  140,  474,  237,  321,  525,  591,  768,  680,  185,  640,  392,  711,  579,  555,  702,  520,  391,  929,  272,  432,  312,  156,  255,  582,  625,  560,   86,   47,  578,  433,  789,  810,  546,  770,  598,  975,  702,  432,  463,  439,  831,  783,  854,  255,  228,  825,  922,  361,  725,  346,  912,  421,  768,  316,  881,  645,  354,  276,  953,  462,  740,  733,  431,  633,  427,  141,  166,  643,  469,  190,  462,  459,  437,  430,  270,  877,   70,  471,  390,  609,  804,  603,  459,   80,   72,  990,  737,  861,  378,  290,  370,  627,  315],
        [  351,    0,  610,  970,  619,  586,  813,    0,  688,  470,  496,  234,  508,  407,  580,  649,  422,  728,  817,  528,  829,  549,  850,  331,  419,  110,  235, 1003,  256,  634,  874,  663,  671,   80,  844,  432,  320,  673,  427,  302,  786,  481,  265,  790,  327,  446,  985,  821,  139,  176,  611,  420,  848,  845,  228,  796,  848,  246,  279,  666,  254,  524,  161,  433,  448,  148,  966,  564,  102,  833,  829,   67,  446,  339,  116,  177,  835,  173,  313,  461,  492,  210,  348,  773,  559,  663,  692,  394,   98,  105,  484,  552,  599,  701,  371,  982,  391,  746,  822,  708,  563,  305,  522,  140,  273,  811,  492,  693,  483,  278,  858,  393,  836,  745,  228,  651, 1081,  906,  840,  833,  237,  195,  493,  747,  852,  242,  598,  308,  116,  544,  213,  224,  221,  343,  413,  839,  917,  112,  716,   75,  600,  834,  330,  180,  464,  415,  481,  266,  481,  207,  799,  462,  606,  737,  581,  723,  363,  115,  513,  430,  234,  779,  845,  726,  432,  494,  846,  353,  356,  443,  718,  564,  722,  783,  817,  733,  281,  276,  359, 1088,  785,  878,  244,  617,  262,  669,  558,  735,  423, 1012],
        [  808,    0,  840,  581,   91,  397,  182,  688,    0,  799,  210,  471,  695,  394,  829,  619,  824,  200,  216,  499,  561,  899,  468,  379,  294,  780,  868,  588,  751,  636,  419,  632,   46,  767,  204,  268,  692,  639,  539,  388,  589,  237,  894,  319,  532,  863,  598,  212,  788,  715,  166,  459,  161,  158,  464,  508,  485,  599,  659,  378,  683,  855,  531,  420,  519,  793,  429,  126,  597,  497,  356,  630,  791,  834,  620,  558,  323,  589,  569,  814,  222,  479,  368,  648,  159,  425,   12,  468,  626,  770,  400,  318,  763,   43,  350,  585,  467,   60,  577,   75,  318,  433,  410,  622,  610,  325,  631,  460,  696,  430,  657,  664,  621,  237,  775,   91,  605,  464,  152,  393,  474,  514,  553,   98,  229,  447,  252,  728,  707,  555,  613,  465,  826,  651,  281,  331,  574,  688,  819,  739,   90,  164,  766,  774,  225,  692,  281,  830,  249,  684,  195,  846,  667,  442,  111,  968,  373,  634,  724,  377,  484,  280,  304,   39,  465,  290,  162,  353,  339,  394,  266,  127,  902,  119,  573,  233,  533,  734,  434,  629,  115,  219,  839,  754,  784,  205,  132,  214,  450,  492],
        [  145,    0,  147,  750,  708,  458,  827,  470,  799,    0,  602,  438,  141,  408,  116,  337,   77,  939,  805,  337,  581,  104,  670,  472,  529,  424,  668,  790,  221,  310,  734,  343,  809,  473,  854,  654,  159,  348,  262,  521,  512,  571,  695,  701,  734,   97,  759,  998,  389,  297,  821,  791,  937,  921,  475,  578,  656,  684,  734,  534,  717,   63,  458,  380,  285,  382,  853,  693,  431,  629,  722,  437,   25,  182,  382,  376,  750,  347,  255,   25,  586,  508,  637,  456,  641,  498,  808,  769,  540,  417,  825,  848,  175,  833,  655,  764,  334,  838,  562,  856,  507,  411,  865,  585,  244,  721,  194,  501,  123,  592,  554,  138,  550,  969,  696,  817,  892,  744,  930,  700,  427,  419,  270,  802,  845,  510,  857,  162,  357,  298,  656,  517,  673,  169,  631, 1077,  684,  580,  283,  421,  738,  963,  145,  644,  620,  109,  519,  267,  721,  265,  978,   62,  256,  558,  730,  254,  452,  372,  116,  423,  589, 1013,  778,  833,  806,  771,  952,  495,  527,  406,  965,  691,  259,  836,  559,  959,  308,  196,  712,  884,  844,  898,  698,  202,  232,  896,  707,  951,  790,  873],
        [  601,    0,  660,  583,  127,  269,  319,  496,  210,  602,    0,  268,  511,  195,  645,  479,  620,  341,  327,  336,  503,  704,  455,  173,   85,  580,  695,  604,  542,  488,  443,  493,  210,  572,  350,  143,  485,  502,  349,  197,  504,   32,  723,  341,  417,  660,  600,  397,  585,  507,  231,  382,  366,  358,  268,  453,  464,  458,  526,  297,  541,  660,  336,  230,  334,  589,  505,   92,  399,  464,  384,  434,  591,  625,  416,  352,  374,  382,  363,  615,   19,  293,  229,  544,   64,  330,  216,  379,  447,  570,  356,  319,  590,  237,  222,  591,  269,  261,  511,  256,  189,  224,  385,  453,  401,  358,  449,  370,  508,  269,  582,  465,  548,  374,  617,  215,  655,  485,  358,  405,  269,  311,  376,  253,  360,  259,  292,  520,  502,  392,  463,  280,  659,  447,  137,  481,  553,  514,  664,  539,  137,  372,  559,  606,   60,  494,   94,  621,  184,  475,  377,  645,  508,  379,  129,  792,  164,  429,  539,  183,  321,  419,  374,  247,  394,  250,  371,  147,  140,  206,  378,   90,  735,  289,  506,  364,  325,  525,  325,  670,  292,  383,  675,  585,  575,  306,  107,  353,  374,  561],
        [  384,    0,  545,  752,  393,  370,  582,  234,  471,  438,  268,    0,  407,  186,  520,  485,  427,  548,  583,  342,  624,  539,  628,   98,  187,  313,  454,  782,  305,  479,  646,  501,  460,  308,  613,  242,  286,  511,  268,   94,  593,  250,  484,  558,  315,  464,  768,  629,  318,  252,  426,  356,  630,  623,   41,  585,  628,  297,  363,  444,  362,  500,   80,  222,  277,  323,  734,  346,  134,  617,  598,  170,  419,  397,  150,   90,  602,  124,  191,  442,  262,   83,  201,  596,  330,  449,  476,  336,  212,  303,  388,  418,  502,  490,  220,  763,  198,  525,  621,  502,  334,   80,  428,  237,  196,  579,  364,  483,  390,  156,  669,  311,  642,  573,  403,  449,  856,  680,  622,  604,   12,   44,  330,  520,  619,   74,  440,  307,  237,  375,  282,   86,  426,  270,  219,  676,  704,  281,  608,  273,  386,  626,  345,  375,  247,  342,  247,  372,  306,  231,  607,  461,  468,  521,  369,  676,  131,  164,  425,  207,  165,  612,  611,  509,  371,  345,  632,  121,  133,  225,  557,  345,  646,  556,  616,  561,  135,  298,  276,  864,  559,  648,  447,  511,  333,  495,  345,  558,  354,  781],
        [  255,    0,  149,  611,  605,  329,  704,  508,  695,  141,  511,  407,    0,  320,  135,  200,  208,  852,  678,  208,  442,  218,  530,  412,  449,  491,  729,  651,  296,  173,  595,  207,  711,  531,  730,  588,  196,  213,  164,  473,  374,  479,  758,  567,  720,  236,  620,  901,  462,  352,  739,  760,  823,  805,  447,  438,  516,  687,  746,  400,  735,  175,  450,  282,  178,  456,  715,  599,  443,  489,  585,  460,  149,  296,  401,  371,  616,  352,  219,  164,  494,  486,  593,  324,  541,  361,  705,  741,  558,  482,  781,  789,   97,  732,  607,  624,  250,  728,  424,  757,  388,  357,  820,  600,  240,  587,   65,  362,   27,  561,  421,  116,  414,  884,  734,  724,  752,  604,  817,  563,  395,  402,  145,  687,  718,  479,  786,  227,  407,  162,  664,  492,  725,  166,  566,  992,  545,  610,  210,  477,  644,  856,  234,  687,  540,   98,  421,  367,  654,  308,  882,  202,  122,  419,  638,  283,  380,  396,   30,  329,  570,  930,  645,  727,  775,  711,  841,  430,  464,  307,  886,  597,  240,  719,  421,  874,  274,  264,  680,  744,  728,  774,  749,  110,  320,  815,  617,  864,  757,  734],
        [  418,    0,  469,  567,  304,  184,  454,  407,  394,  408,  195,  186,  320,    0,  452,  328,  430,  534,  444,  177,  439,  510,  445,  122,  130,  462,  635,  598,  374,  329,  468,  344,  402,  472,  484,  275,  301,  354,  156,  195,  412,  164,  666,  390,  470,  469,  583,  591,  456,  358,  420,  479,  540,  527,  215,  400,  444,  472,  540,  260,  543,  466,  264,   47,  145,  458,  565,  286,  307,  431,  426,  341,  398,  447,  300,  233,  436,  249,  179,  422,  179,  258,  303,  425,  236,  263,  403,  465,  397,  452,  482,  476,  404,  427,  311,  579,   74,  437,  437,  449,  158,  106,  519,  422,  226,  411,  260,  298,  315,  297,  490,  271,  461,  566,  588,  410,  675,  499,  533,  427,  179,  216,  195,  411,  483,  233,  468,  339,  371,  225,  462,  254,  610,  257,  254,  674,  519,  466,  489,  427,  331,  558,  377,  560,  221,  300,  115,  459,  339,  317,  571,  452,  335,  335,  323,  602,   76,  309,  346,   25,  329,  611,  452,  429,  493,  399,  551,  128,  161,   40,  566,  284,  551,  446,  432,  556,  157,  351,  403,  682,  453,  525,  631,  403,  408,  495,  301,  547,  473,  608],
        [  259,    0,   32,  694,  739,  456,  831,  580,  829,  116,  645,  520,  135,  452,    0,  286,  187,  985,  804,  337,  526,  116,  631,  538,  580,  539,  782,  735,  335,  258,  702,  286,  845,  586,  857,  717,  262,  288,  297,  595,  453,  613,  810,  685,  827,  193,  701, 1035,  504,  409,  872,  876,  955,  937,  559,  533,  614,  784,  838,  521,  822,   90,  552,  416,  312,  497,  823,  733,  532,  585,  700,  543,  139,  294,  485,  470,  734,  444,  330,  134,  627,  596,  714,  387,  675,  478,  839,  856,  645,  531,  903,  916,   93,  866,  729,  708,  381,  861,  504,  891,  520,  480,  942,  689,  334,  705,  199,  472,  139,  676,  482,  210,  484, 1018,  807,  858,  840,  706,  949,  673,  509,  508,  277,  819,  844,  593,  917,  273,  468,  286,  758,  603,  787,  255,  694, 1125,  628,  688,  177,  534,  777,  989,  260,  755,  672,  179,  555,  382,  783,  374, 1016,  156,  203,  528,  772,  157,  509,  477,  107,  463,  679, 1063,  764,  860,  891,  839,  974,  558,  591,  440, 1018,  731,  144,  850,  503, 1008,  386,  308,  796,  827,  859,  901,  811,  120,  347,  947,  751,  998,  874,  836],
        [  451,    0,  279,  414,  536,  223,  580,  649,  619,  337,  479,  485,  200,  328,  286,    0,  407,  802,  546,  152,  245,  396,  346,  448,  445,  656,  881,  455,  478,   29,  419,   16,  647,  688,  601,  594,  372,   27,  225,  520,  175,  450,  911,  414,  792,  434,  423,  830,  632,  519,  705,  806,  720,  698,  522,  248,  329,  781,  847,  260,  843,  358,  550,  282,  209,  628,  540,  553,  565,  300,  423,  590,  348,  492,  533,  484,  460,  478,  336,  362,  460,  566,  631,  130,  485,  212,  630,  792,  676,  646,  808,  791,  194,  661,  638,  428,  288,  638,  225,  690,  305,  413,  843,  711,  379,  431,  172,  195,  223,  621,  225,  287,  215,  838,  865,  671,  558,  421,  715,  392,  474,  497,  158,  585,  584,  548,  770,  410,  564,  110,  765,  566,  868,  328,  576,  942,  348,  738,  204,  634,  591,  767,  426,  825,  525,  284,  386,  557,  652,  470,  814,  398,   84,  247,  593,  379,  404,  534,  221,  322,  646,  884,  492,  644,  821,  717,  744,  456,  488,  295,  851,  550,  299,  611,  223,  830,  375,  445,  730,  548,  621,  645,  892,  171,  506,  778,  577,  816,  801,  551],
        [   76,    0,  218,  817,  734,  507,  866,  422,  824,   77,  620,  427,  208,  430,  187,  407,    0,  951,  847,  388,  649,  128,  732,  476,  542,  364,  606,  857,  166,  380,  792,  414,  830,  415,  895,  656,  142,  419,  298,  516,  581,  590,  633,  752,  706,   40,  827, 1017,  327,  246,  830,  772,  968,  953,  462,  642,  719,  648,  694,  586,  673,  109,  434,  409,  325,  319,  909,  712,  397,  693,  775,  398,   60,  108,  346,  354,  802,  321,  260,   55,  606,  489,  628,  529,  665,  553,  832,  749,  500,  358,  812,  844,  252,  855,  647,  831,  358,  866,  631,  876,  546,  414,  853,  546,  234,  773,  251,  560,  186,  576,  627,  165,  621,  980,  643,  833,  958,  805,  961,  757,  417,  401,  320,  835,  888,  496,  859,  125,  306,  355,  619,  499,  616,  174,  633, 1086,  752,  533,  359,  366,  757,  988,   93,  589,  631,  145,  544,  197,  723,  225,  996,   41,  327,  617,  747,  308,  463,  335,  187,  449,  566, 1023,  828,  859,  787,  769,  981,  501,  530,  435,  971,  710,  326,  870,  628,  968,  307,  149,  694,  951,  877,  938,  640,  278,  169,  904,  723,  962,  772,  933],
        [  922,    0, 1000,  777,  269,  581,  357,  728,  200,  939,  341,  548,  852,  534,  985,  802,  951,    0,  399,  670,  761, 1042,  667,  477,  411,  832,  864,  782,  851,  816,  614,  816,  162,  807,  369,  308,  811,  824,  689,  455,  786,  373,  885,  517,  487,  990,  793,  103,  849,  799,  123,  389,  243,  262,  528,  708,  684,  574,  619,  573,  651,  998,  587,  570,  674,  856,  609,  254,  654,  697,  552,  682,  926,  941,  689,  638,  517,  672,  691,  950,  358,  527,  381,  843,  319,  618,  190,  407,  647,  824,  312,  215,  929,  159,  358,  780,  608,  220,  776,  128,  498,  538,  301,  629,  722,  521,  789,  654,  848,  451,  856,  801,  820,   38,  755,  132,  788,  659,  238,  590,  555,  588,  715,  284,  399,  501,  144,  841,  776,  727,  597,  512,  817,  778,  330,  142,  773,  697,  996,  792,  212,  175,  881,  769,  320,  831,  432,  920,  249,  778,   85,  978,  841,  641,  214, 1132,  489,  704,  879,  523,  498,   82,  493,  197,  388,  241,  214,  452,  425,  546,   74,  256, 1073,  287,  772,   34,  646,  840,  400,  815,  278,  364,  825,  923,  880,   62,  235,   14,  379,  671],
        [  851,    0,  807,  385,  223,  349,   45,  817,  216,  805,  327,  583,  678,  444,  804,  546,  847,  399,    0,  471,  411,  895,  292,  486,  399,  892, 1022,  386,  816,  569,  224,  554,  261,  891,   57,  443,  735,  559,  550,  523,  459,  337, 1050,  147,  723,  885,  401,  366,  892,  800,  381,  662,  202,  176,  590,  363,  313,  777,  842,  287,  861,  851,  657,  448,  523,  894,  214,  289,  717,  334,  168,  752,  802,  884,  726,  659,  126,  683,  618,  824,  327,  618,  542,  532,  264,  335,  224,  667,  773,  882,  610,  532,  723,  248,  529,  387,  503,  180,  432,  276,  302,  522,  622,  779,  669,  141,  616,  355,  687,  593,  513,  683,  478,  433,  942,  307,  391,  267,  201,  211,  582,  625,  537,  119,   41,  585,  467,  776,  807,  519,  785,  606,  985,  686,  448,  507,  394,  840,  749,  853,  280,  273,  811,  932,  374,  704,  342,  902,  445,  760,  360,  860,  614,  315,  301,  922,  459,  738,  708,  420,  646,  470,   97,  205,  670,  496,  235,  464,  465,  424,  470,  288,  844,  113,  428,  432,  600,  791,  625,  417,  123,   99, 1001,  707,  850,  417,  312,  411,  653,  276],
        [  408,    0,  344,  460,  411,  122,  496,  528,  499,  337,  336,  342,  208,  177,  337,  152,  388,  670,  471,    0,  305,  425,  355,  298,  295,  554,  762,  496,  404,  155,  408,  168,  520,  578,  522,  444,  303,  177,  111,  370,  259,  306,  793,  365,  643,  424,  472,  709,  537,  424,  566,  655,  619,  600,  378,  280,  346,  637,  704,  199,  703,  381,  412,  131,   84,  535,  523,  417,  436,  324,  388,  466,  338,  446,  413,  355,  415,  356,  224,  358,  318,  422,  480,  255,  352,  168,  509,  641,  543,  544,  657,  643,  265,  538,  487,  473,  145,  527,  295,  566,  184,  266,  692,  574,  276,  386,  146,  183,  217,  471,  332,  231,  308,  705,  734,  540,  589,  425,  613,  371,  332,  359,   68,  482,  511,  401,  626,  346,  459,   57,  624,  421,  745,  252,  426,  811,  400,  607,  328,  526,  458,  656,  373,  698,  379,  245,  243,  491,  504,  376,  691,  395,  172,  237,  457,  470,  253,  416,  238,  172,  499,  751,  441,  528,  670,  568,  639,  305,  337,  144,  713,  415,  404,  513,  291,  696,  248,  373,  579,  588,  522,  566,  767,  255,  437,  641,  439,  683,  650,  550],
        [  687,    0,  515,  170,  501,  258,  454,  829,  561,  581,  503,  624,  442,  439,  526,  245,  649,  761,  411,  305,    0,  639,  132,  554,  511,  858, 1062,  210,  701,  273,  215,  241,  601,  882,  465,  643,  596,  238,  414,  624,   75,  484, 1093,  264,  895,  677,  179,  758,  840,  727,  694,  880,  610,  584,  654,   54,  109,  908,  977,  207,  982,  602,  700,  403,  388,  838,  327,  545,  733,   81,  249,  765,  591,  728,  714,  654,  293,  657,  528,  605,  488,  697,  712,  152,  478,  181,  572,  873,  833,  848,  859,  816,  433,  604,  712,  184,  439,  557,   25,  635,  321,  544,  887,  860,  580,  272,  403,  143,  464,  725,  102,  514,   69,  798, 1025,  638,  314,  199,  607,  207,  616,  650,  356,  493,  439,  670,  773,  637,  763,  308,  900,  692, 1042,  546,  632,  890,  104,  901,  404,  830,  570,  675,  658,  993,  562,  518,  432,  784,  686,  679,  747,  642,  328,  126,  581,  595,  508,  719,  465,  421,  764,  841,  328,  573,  893,  751,  641,  550,  575,  400,  823,  543,  507,  507,   25,  793,  549,  668,  814,  304,  519,  503, 1064,  408,  732,  756,  574,  775,  873,  322],
        [  201,    0,  137,  808,  809,  547,  919,  549,  899,  104,  704,  539,  218,  510,  116,  396,  128, 1042,  895,  425,  639,    0,  739,  575,  632,  489,  730,  849,  293,  368,  809,  399,  911,  541,  946,  757,  255,  401,  361,  623,  567,  673,  756,  784,  829,  110,  815, 1100,  452,  374,  924,  890, 1034, 1017,  576,  643,  723,  774,  821,  618,  801,   45,  554,  480,  382,  443,  929,  795,  521,  695,  802,  524,  120,  225,  471,  473,  833,  442,  358,   98,  688,  606,  739,  502,  742,  578,  909,  868,  627,  483,  926,  951,  208,  934,  757,  822,  436,  937,  618,  957,  601,  515,  966,  672,  344,  804,  280,  576,  209,  692,  598,  241,  599, 1072,  770,  919,  953,  814, 1028,  777,  528,  518,  360,  899,  935,  610,  960,  248,  434,  379,  745,  616,  741,  272,  734, 1180,  741,  660,  286,  493,  840, 1062,  220,  716,  723,  211,  620,  315,  824,  351, 1080,   87,  312,  633,  832,  187,  555,  460,  189,  524,  686, 1117,  862,  933,  905,  874, 1051,  598,  630,  506, 1068,  793,  225,  932,  616, 1062,  411,  275,  811,  941,  940,  990,  765,  235,  294,  999,  809, 1054,  889,  944],
        [  760,    0,  623,  129,  422,  265,  337,  850,  468,  670,  455,  628,  530,  445,  631,  346,  732,  667,  292,  355,  132,  739,    0,  545,  484,  895, 1080,  155,  759,  374,   84,  346,  510,  911,  344,  597,  658,  346,  465,  608,  198,  443, 1110,  151,  866,  764,  146,  652,  882,  772,  615,  837,  493,  467,  652,  101,   23,  893,  963,  185,  972,  700,  707,  418,  436,  881,  199,  476,  750,   52,  125,  784,  676,  799,  739,  674,  168,  685,  571,  693,  443,  692,  678,  278,  415,  192,  478,  833,  839,  884,  805,  749,  539,  508,  674,  138,  465,  453,  156,  539,  297,  550,  829,  860,  624,  152,  481,  174,  549,  704,  231,  583,  200,  703, 1028,  551,  236,   76,  492,   82,  622,  660,  419,  388,  316,  662,  699,  700,  800,  377,  890,  685, 1054,  607,  591,  789,  107,  908,  525,  863,  493,  563,  727, 1003,  515,  592,  403,  845,  629,  725,  643,  731,  429,  119,  507,  714,  502,  746,  557,  422,  749,  744,  203,  472,  848,  692,  526,  535,  554,  407,  733,  474,  628,  396,  154,  699,  580,  728,  778,  239,  408,  379, 1074,  515,  792,  669,  505,  680,  828,  206],
        [  445,    0,  558,  671,  299,  297,  485,  331,  379,  472,  173,   98,  412,  122,  538,  448,  476,  477,  486,  298,  554,  575,  545,    0,   90,  409,  546,  700,  378,  447,  556,  464,  373,  405,  516,  182,  335,  474,  253,   73,  532,  153,  575,  466,  348,  515,  688,  551,  413,  336,  356,  360,  538,  530,  110,  512,  547,  354,  423,  363,  429,  534,  173,  168,  252,  417,  640,  256,  232,  538,  506,  267,  457,  465,  244,  180,  507,  210,  219,  481,  165,  148,  186,  547,  234,  375,  385,  345,  299,  399,  371,  379,  503,  402,  197,  682,  169,  433,  554,  417,  249,   62,  409,  316,  245,  486,  358,  412,  401,  175,  610,  336,  580,  505,  485,  367,  768,  592,  530,  515,   98,  140,  305,  424,  522,  118,  386,  365,  329,  342,  347,  140,  515,  306,  159,  611,  628,  368,  598,  369,  298,  538,  404,  463,  162,  367,  152,  453,  249,  307,  529,  506,  448,  443,  284,  692,   47,  258,  435,  135,  210,  547,  516,  417,  375,  302,  541,   27,   55,  160,  496,  254,  650,  460,  549,  494,  169,  364,  283,  778,  464,  551,  534,  506,  409,  429,  259,  488,  356,  689],
        [  519,    0,  597,  612,  210,  258,  396,  419,  294,  529,   85,  187,  449,  130,  580,  445,  542,  411,  399,  295,  511,  632,  484,   90,    0,  498,  627,  637,  459,  450,  485,  460,  292,  494,  427,  150,  405,  470,  285,  130,  499,   63,  656,  389,  386,  582,  629,  475,  502,  423,  293,  373,  450,  442,  192,  464,  489,  411,  480,  308,  491,  588,  259,  172,  274,  506,  561,  173,  320,  484,  431,  355,  516,  543,  334,  269,  428,  298,  283,  540,   76,  223,  201,  527,  145,  331,  300,  364,  378,  488,  365,  349,  533,  319,  203,  622,  200,  345,  514,  337,  192,  140,  399,  390,  319,  409,  389,  370,  442,  221,  578,  391,  546,  441,  557,  292,  698,  524,  442,  445,  187,  229,  322,  335,  434,  190,  339,  438,  419,  348,  410,  213,  593,  369,  132,  549,  574,  447,  616,  459,  217,  455,  478,  541,   92,  421,   81,  537,  211,  391,  454,  569,  461,  392,  205,  731,   81,  347,  474,  126,  268,  486,  434,  331,  386,  273,  455,   66,   72,  153,  439,  171,  680,  370,  509,  431,  242,  442,  304,  711,  374,  462,  611,  531,  491,  369,  181,  422,  366,  613],
        [  289,    0,  570, 1009,  705,  630,  893,  110,  780,  424,  580,  313,  491,  462,  539,  656,  364,  832,  892,  554,  858,  489,  895,  409,  498,    0,  244, 1044,  204,  638,  928,  669,  766,   55,  924,  531,  295,  678,  445,  393,  808,  561,  272,  852,  434,  380, 1023,  923,   39,  140,  713,  529,  940,  934,  317,  831,  890,  349,  373,  714,  343,  471,  251,  479,  471,   49, 1027,  655,  184,  872,  888,  152,  400,  266,  166,  234,  898,  214,  331,  411,  574,  308,  453,  785,  642,  704,  784,  503,  207,   11,  594,  660,  574,  796,  476, 1022,  430,  836,  848,  805,  620,  371,  632,  246,  280,  873,  489,  730,  465,  383,  875,  378,  857,  850,  288,  749, 1129,  956,  932,  887,  312,  270,  508,  832,  929,  337,  705,  270,   95,  559,  315,  323,  253,  332,  511,  945,  953,  201,  692,   42,  693,  931,  280,  232,  555,  394,  552,  181,  584,  187,  900,  404,  601,  779,  675,  671,  433,  155,  490,  487,  342,  885,  912,  818,  541,  601,  940,  433,  442,  495,  825,  654,  682,  868,  844,  838,  316,  233,  468, 1133,  871,  960,  277,  596,  196,  774,  651,  839,  533, 1069],
        [  531,    0,  813, 1201,  811,  817, 1013,  235,  868,  668,  695,  454,  729,  635,  782,  881,  606,  864, 1022,  762, 1062,  730, 1080,  546,  627,  244,    0, 1233,  448,  865, 1099,  895,  842,  198, 1043,  601,  534,  904,  660,  500, 1020,  687,   31, 1011,  387,  621, 1217,  964,  280,  378,  759,  493, 1024, 1025,  437, 1029, 1078,  294,  266,  895,  230,  714,  375,  664,  682,  288, 1185,  749,  331, 1065, 1051,  298,  644,  506,  350,  410, 1053,  407,  546,  654,  695,  404,  502, 1006,  759,  895,  869,  470,  249,  252,  572,  660,  815,  872,  522, 1213,  624,  927, 1056,  872,  788,  531,  600,  247,  502, 1031,  719,  926,  703,  438, 1092,  614, 1070,  872,  122,  814, 1309, 1133, 1016, 1058,  459,  420,  726,  939, 1054,  438,  723,  512,  323,  777,  268,  416,   51,  565,  588,  951, 1150,  182,  933,  253,  779,  997,  523,   96,  653,  633,  698,  417,  633,  421,  943,  646,  834,  969,  757,  914,  584,  348,  730,  658,  384,  897, 1060,  904,  500,  624, 1016,  563,  558,  673,  836,  749,  926,  973, 1051,  861,  515,  476,  465, 1317,  974, 1072,   58,  836,  438,  803,  737,  868,  501, 1234],
        [  893,    0,  723,   41,  557,  417,  430, 1003,  588,  790,  604,  782,  651,  598,  735,  455,  857,  782,  386,  496,  210,  849,  155,  700,  637, 1044, 1233,    0,  900,  482,  170,  451,  633, 1062,  427,  745,  796,  448,  607,  762,  282,  594, 1264,  274, 1018,  886,   38,  751, 1030,  919,  745,  984,  579,  553,  807,  218,  155, 1047, 1116,  339, 1126,  812,  861,  571,  579, 1028,  204,  616,  903,  173,  234,  937,  799,  933,  891,  827,  266,  836,  717,  814,  593,  847,  830,  353,  559,  341,  598,  982,  994, 1033,  948,  886,  642,  626,  824,   28,  616,  563,  231,  656,  452,  704,  969, 1015,  770,  265,  609,  316,  672,  858,  269,  717,  256,  817, 1183,  676,  106,  125,  580,  203,  776,  814,  555,  499,  396,  817,  831,  838,  949,  510, 1045,  839, 1208,  746,  740,  893,  108, 1063,  604, 1013,  627,  655,  862, 1157,  663,  723,  556,  985,  772,  871,  745,  851,  538,  266,  643,  795,  656,  898,  675,  576,  903,  854,  290,  586,  995,  834,  614,  689,  707,  561,  852,  614,  706,  498,  233,  815,  730,  868,  928,   94,  508,  452, 1229,  616,  932,  793,  644,  795,  975,  163],
        [   96,    0,  366,  862,  665,  505,  827,  256,  751,  221,  542,  305,  296,  374,  335,  478,  166,  851,  816,  404,  701,  293,  759,  378,  459,  204,  448,  900,    0,  456,  805,  489,  749,  252,  857,  546,  106,  497,  294,  399,  642,  516,  476,  745,  552,  191,  874,  927,  171,   82,  728,  627,  905,  895,  332,  682,  750,  488,  531,  590,  509,  271,  291,  371,  323,  164,  915,  630,  242,  728,  776,  238,  197,   95,  192,  219,  795,  183,  199,  209,  531,  350,  499,  607,  597,  568,  758,  602,  338,  197,  675,  718,  374,  777,  520,  875,  315,  801,  687,  793,  519,  320,  715,  384,  148,  767,  307,  586,  270,  440,  702,  191,  688,  876,  478,  744,  993,  827,  898,  766,  297,  270,  345,  781,  855,  365,  744,   70,  141,  394,  457,  363,  453,  155,  522,  980,  801,  368,  491,  202,  674,  913,   77,  425,  539,  200,  484,   88,  610,   75,  906,  206,  413,  641,  660,  471,  379,  179,  291,  397,  420,  916,  815,  789,  641,  647,  913,  404,  427,  393,  861,  629,  478,  817,  683,  864,  220,   34,  552,  991,  823,  898,  477,  396,   35,  799,  636,  861,  628,  949],
        [  426,    0,  251,  442,  551,  240,  602,  634,  636,  310,  488,  479,  173,  329,  258,   29,  380,  816,  569,  155,  273,  368,  374,  447,  450,  638,  865,  482,  456,    0,  447,   34,  661,  671,  624,  599,  351,   42,  214,  518,  202,  458,  895,  439,  789,  406,  450,  847,  613,  500,  716,  806,  740,  718,  517,  276,  357,  774,  839,  283,  834,  330,  541,  283,  202,  609,  567,  565,  553,  328,  449,  577,  321,  467,  520,  473,  485,  464,  322,  334,  470,  560,  631,  152,  497,  235,  646,  792,  665,  628,  811,  797,  166,  677,  640,  456,  284,  656,  253,  705,  319,  409,  846,  702,  363,  457,  150,  221,  197,  618,  249,  265,  241,  851,  853,  685,  586,  449,  735,  419,  468,  488,  149,  604,  607,  544,  779,  388,  547,  106,  757,  561,  854,  308,  580,  956,  376,  726,  184,  617,  604,  785,  402,  811,  532,  260,  395,  534,  659,  452,  830,  371,   56,  274,  605,  355,  404,  520,  194,  326,  641,  897,  518,  661,  821,  722,  763,  457,  489,  298,  862,  562,  276,  632,  250,  843,  364,  423,  729,  576,  642,  668,  878,  144,  483,  790,  588,  829,  802,  579],
        [  815,    0,  697,  163,  388,  302,  269,  874,  419,  734,  443,  646,  595,  468,  702,  419,  792,  614,  224,  408,  215,  809,   84,  556,  485,  928, 1099,  170,  805,  447,    0,  422,  463,  939,  272,  582,  708,  423,  513,  614,  281,  437, 1129,  105,  859,  826,  180,  589,  918,  812,  575,  819,  424,  398,  665,  181,  107,  895,  963,  217,  976,  768,  725,  449,  484,  918,  121,  448,  773,  135,   64,  808,  738,  853,  768,  701,   99,  715,  612,  757,  434,  703,  671,  361,  394,  240,  429,  818,  854,  917,  781,  717,  612,  458,  664,  167,  501,  396,  240,  488,  312,  570,  801,  871,  666,   95,  542,  234,  612,  704,  314,  638,  284,  650, 1040,  507,  214,   46,  423,   42,  641,  681,  474,  331,  242,  671,  661,  751,  835,  438,  895,  694, 1070,  657,  579,  729,  173,  924,  605,  893,  457,  497,  779, 1018,  501,  650,  407,  893,  606,  766,  582,  794,  500,  177,  474,  793,  516,  776,  623,  444,  752,  689,  129,  418,  830,  666,  458,  543,  557,  434,  684,  446,  707,  334,  238,  647,  614,  776,  767,  228,  345,  304, 1090,  590,  839,  623,  476,  627,  811,  144],
