{
    "name": "random-88-30700",
    "comment": "size=88 seed=30700",
    "nodes": ["+0", "-0", "+1", "-1", "+2", "-2", "+3", "-3", "+4", "-4", "+5", "-5", "+6", "-6", "+7", "-7", "+8", "-8", "+9", "-9", "+10", "-10", "+11", "-11", "+12", "-12", "+13", "-13", "+14", "-14", "+15", "-15", "+16", "-16", "+17", "-17", "+18", "-18", "+19", "-19", "+20", "-20", "+21", "-21", "+22", "-22", "+23", "-23", "+24", "-24", "+25", "-25", "+26", "-26", "+27", "-27", "+28", "-28", "+29", "-29", "+30", "-30", "+31", "-31", "+32", "-32", "+33", "-33", "+34", "-34", "+35", "-35", "+36", "-36", "+37", "-37", "+38", "-38", "+39", "-39", "+40", "-40", "+41", "-41", "+42", "-42", "+43", "-43", "+44", "-44", "+45", "-45", "+46", "-46", "+47", "-47", "+48", "-48", "+49", "-49", "+50", "-50", "+51", "-51", "+52", "-52", "+53", "-53", "+54", "-54", "+55", "-55", "+56", "-56", "+57", "-57", "+58", "-58", "+59", "-59", "+60", "-60", "+61", "-61", "+62", "-62", "+63", "-63", "+64", "-64", "+65", "-65", "+66", "-66", "+67", "-67", "+68", "-68", "+69", "-69", "+70", "-70", "+71", "-71", "+72", "-72", "+73", "-73", "+74", "-74", "+75", "-75", "+76", "-76", "+77", "-77", "+78", "-78", "+79", "-79", "+80", "-80", "+81", "-81", "+82", "-82", "+83", "-83", "+84", "-84", "+85", "-85", "+86", "-86", "+87", "-87", "+88", "-88"],
    "precedence": {
        "+0": "-0",
        "+1": "-1",
        "+2": "-2",
        "+3": "-3",
        "+4": "-4",
        "+5": "-5",
        "+6": "-6",
        "+7": "-7",
        "+8": "-8",
        "+9": "-9",
        "+10": "-10",
        "+11": "-11",
        "+12": "-12",
        "+13": "-13",
        "+14": "-14",
        "+15": "-15",
        "+16": "-16",
        "+17": "-17",
        "+18": "-18",
        "+19": "-19",
        "+20": "-20",
        "+21": "-21",
        "+22": "-22",
        "+23": "-23",
        "+24": "-24",
        "+25": "-25",
        "+26": "-26",
        "+27": "-27",
        "+28": "-28",
        "+29": "-29",
        "+30": "-30",
        "+31": "-31",
        "+32": "-32",
        "+33": "-33",
        "+34": "-34",
        "+35": "-35",
        "+36": "-36",
        "+37": "-37",
        "+38": "-38",
        "+39": "-39",
        "+40": "-40",
        "+41": "-41",
        "+42": "-42",
        "+43": "-43",
        "+44": "-44",
        "+45": "-45",
        "+46": "-46",
        "+47": "-47",
        "+48": "-48",
        "+49": "-49",
        "+50": "-50",
        "+51": "-51",
        "+52": "-52",
        "+53": "-53",
        "+54": "-54",
        "+55": "-55",
        "+56": "-56",
        "+57": "-57",
        "+58": "-58",
        "+59": "-59",
        "+60": "-60",
        "+61": "-61",
        "+62": "-62",
        "+63": "-63",
        "+64": "-64",
        "+65": "-65",
        "+66": "-66",
        "+67": "-67",
        "+68": "-68",
        "+69": "-69",
        "+70": "-70",
        "+71": "-71",
        "+72": "-72",
        "+73": "-73",
        "+74": "-74",
        "+75": "-75",
        "+76": "-76",
        "+77": "-77",
        "+78": "-78",
        "+79": "-79",
        "+80": "-80",
        "+81": "-81",
        "+82": "-82",
        "+83": "-83",
        "+84": "-84",
        "+85": "-85",
        "+86": "-86",
        "+87": "-87",
        "+88": "-88"
    },
    "edges": [
        [    0,    0,  737,  440,  348,  278,  519,  872,  796,  100,  761,  279,  487,  645,  759,  670,  622,  267,  751,  140,  948,  595,  673,  602, 1034,  917,  755,  535,  878,  389,  251,  838,  412,   14,  590,  348,  958,  584,  340,  274,  836,  777,  797, 1079,  636,  174,  482,  658,  482,  834,  467,  826,  372,  566,  432,  475,  718,  167,  390,  161,  379,  909,  207,  881,  561,  341,  735,  264,  888,  488,  178,  648,  694,  748,  601,  152,  669,  788,  469,  993,  565,  361,  986,  181,  527,  260,  552,  275,  953,   72,  820,  135,  636,  460,  784,  404,  284,  419,  783,  692,  994,  884,  567,  797,  846,  588,  855,  695,  889,  529,  485,  366,  606,  667,  635,  698,  650,  310,  556,  525,   69,  811,  729,  560,  302,  749,  994,  742,  775,  583,  601,  198,  385,  686,  762,  501,  377,  204,  684,  844,  188,  815,  483,  765,  632,  832,  950,  783,  362, 1080,  841,  347,  509,  878, 1011,  739,  563,  426,   79,  120,  680,  632,  760,  666,  736,  702,  464,  109,  516,  529,  435,  622,  178,  440,  172,  574,  431,  586],
        [    0,    0,    0,    0,    0,    0,    0,    0,    0,    0,    0,    0,    0,    0,    0,    0,    0,    0,    0,    0,    0,    0,    0,    0,    0,    0,    0,    0,    0,    0,    0,    0,    0,    0,    0,    0,    0,    0,    0,    0,    0,    0,    0,    0,    0,    0,    0,    0,    0,    0,    0,    0,    0,    0,    0,    0,    0,    0,    0,    0,    0,    0,    0,    0,    0,    0,    0,    0,    0,    0,    0,    0,    0,    0,    0,    0,    0,    0,    0,    0,    0,    0,    0,    0,    0,    0,    0,    0,    0,    0,    0,    0,    0,    0,    0,    0,    0,    0,    0,    0,    0,    0,    0,    0,    0,    0,    0,    0,    0,    0,    0,    0,    0,    0,    0,    0,    0,    0,    0,    0,    0,    0,    0,    0,    0,    0,    0,    0,    0,    0,    0,    0,    0,    0,    0,    0,    0,    0,    0,    0,    0,    0,    0,    0,    0,    0,    0,    0,    0,    0,    0,    0,    0,    0,    0,    0,    0,    0,    0,    0,    0,    0,    0,    0,    0,    0,    0,    0,    0,    0,    0,    0,    0,    0,    0,    0,    0,    0],
        [  737,    0,    0,  300,  445,  581,  677,  146,  398,  697,  373,  928,  568,  539,  101,  568,  211,  788,   68,  735,  265,  149,  583,  320,  301,  185,  529,  529,  142,  624,  633,  188,  410,  740,  175,  440,  223,  609,  555,  949,  125,  137,  371,  347,  517,  608,  373,  698,  337,  112,  494,  691,  414,  578,  518,  564,   22,  578,  517,  713,  619,  216,  692,  646,  202,  650,  245,  552,  157,  565,  691,   95,  542,  380,  424,  827,  633,  145,  306,  262,  419,  499,  263,  801,  602,  486,  430,  734,  224,  800,  131,  728,  378,  525,  218,  361,  705,  636,  500,  402,  257,  174,  581,  298,  357,  665,  139,  289,  338,  216,  650,  386,  565,  553,  392,  586,  252,  814,  512,  439,  687,  660,  184,  736,  624,  537,  270,  123,  682,  652,  338,  568,  363,  653,  660,  664,  409,  584,  128,  493,  900,   80,  698,   48,  519,  344,  244,   53,  416,  344,  233,  447,  388,  739,  282,  162,  356,  646,  714,  844,  384,  317,  100,   72,  489,  684,  531,  827,  649,  284,  605,  494,  573,  597,  710,  494,  399,  163],
        [  440,    0,  300,    0,  165,  339,  472,  432,  442,  397,  405,  633,  427,  491,  340,  525,  253,  501,  311,  457,  513,  156,  537,  307,  600,  477,  485,  421,  441,  430,  385,  432,  225,  444,  187,  160,  518,  446,  290,  651,  410,  343,  431,  640,  470,  309,  181,  547,  208,  394,  289,  623,  191,  412,  293,  356,  280,  278,  271,  416,  420,  492,  400,  626,  127,  386,  374,  301,  455,  425,  422,  208,  457,  454,  382,  528,  505,  353,   84,  560,  352,  291,  547,  504,  475,  204,  352,  452,  513,  501,  382,  429,  374,  375,  402,  142,  465,  398,  485,  369,  555,  459,  416,  446,  461,  553,  415,  364,  487,  118,  436,   90,  423,  449,  383,  553,  305,  533,  355,  276,  395,  596,  306,  535,  350,  486,  565,  332,  592,  541,  319,  269,   66,  528,  570,  453,  191,  287,  249,  521,  600,  380,  476,  333,  470,  446,  529,  344,  134,  643,  418,  168,  220,  679,  571,  311,  301,  465,  425,  544,  409,  330,  341,  229,  449,  557,  383,  527,  447,  144,  433,  446,  273,  370,  439,  352,  228,  146],
        [  348,    0,  445,  165,    0,  365,  326,  560,  451,  276,  416,  487,  518,  617,  499,  650,  417,  344,  438,  412,  615,  297,  660,  460,  743,  606,  436,  530,  582,  485,  394,  593,  329,  355,  351,    7,  649,  327,  127,  511,  562,  450,  451,  765,  598,  183,  135,  426,  345,  522,  169,  544,  279,  298,  154,  220,  423,  185,  120,  276,  473,  648,  249,  573,  245,  221,  539,  323,  601,  517,  397,  350,  387,  611,  519,  397,  402,  459,  141,  705,  485,  361,  667,  363,  568,  207,  481,  292,  638,  393,  498,  295,  522,  468,  566,  256,  473,  241,  454,  352,  690,  612,  300,  610,  499,  647,  539,  526,  542,  282,  288,   83,  322,  368,  528,  679,  467,  372,  257,  198,  325,  521,  391,  389,  186,  433,  714,  493,  502,  636,  469,  150,  104,  423,  483,  307,  282,  154,  360,  508,  475,  524,  322,  483,  596,  485,  683,  480,   31,  780,  502,    4,  167,  600,  694,  406,  445,  525,  362,  429,  561,  485,  499,  375,  409,  449,  475,  411,  306,  188,  504,  575,  171,  221,  409,  265,  340,  282],
        [  278,    0,  581,  339,  365,    0,  662,  726,  776,  324,  739,  555,  211,  367,  569,  393,  411,  507,  616,  188,  830,  468,  396,  357,  852,  765,  794,  258,  712,  130,   54,  630,  179,  271,  409,  361,  801,  687,  445,  551,  651,  664,  767,  924,  358,  309,  478,  781,  258,  690,  532,  908,  168,  659,  512,  575,  566,  246,  470,  387,  118,  707,  412,  934,  461,  501,  504,   43,  710,  212,  132,  509,  750,  488,  333,  428,  765,  675,  410,  810,  298,   97,  843,  444,  254,  160,  284,  490,  804,  348,  692,  375,  375,  182,  561,  223,  128,  561,  804,  693,  830,  693,  661,  555,  800,  323,  715,  453,  824,  368,  623,  319,  687,  732,  371,  420,  420,  551,  622,  559,  210,  886,  640,  718,  453,  792,  804,  545,  866,  316,  351,  290,  321,  786,  848,  642,  172,  320,  574,  850,  463,  649,  642,  594,  355,  784,  750,  632,  356,  907,  749,  367,  517,  965,  862,  640,  312,  172,  209,  394,  418,  385,  570,  517,  763,  810,  186,  385,  648,  476,  166,  346,  261,  560,  151,  630,  195,  466],
        [  519,    0,  677,  472,  326,  662,    0,  746,  455,  420,  438,  467,  837,  943,  758,  976,  718,  312,  642,  639,  745,  550,  986,  778,  946,  790,  329,  854,  791,  790,  676,  855,  655,  532,  644,  332,  832,  109,  219,  507,  802,  619,  475,  926,  923,  371,  313,  143,  669,  714,  189,  330,  604,  122,  179,  118,  657,  425,  207,  364,  778,  893,  315,  411,  490,  179,  835,  622,  822,  837,  649,  593,  258,  925,  844,  461,  177,  624,  406,  915,  811,  678,  827,  403,  887,  514,  807,  266,  811,  519,  673,  394,  843,  789,  850,  581,  747,  104,  375,  355,  876,  850,  119,  907,  538,  965,  720,  833,  602,  581,   40,  406,  162,  224,  850, 1005,  773,  298,  178,  240,  539,  324,  543,   64,  221,  317,  933,  762,  275,  955,  789,  377,  424,  186,  268,   21,  607,  350,  558,  448,  534,  747,   48,  723,  922,  531,  919,  694,  352,  964,  620,  324,  290,  374,  856,  567,  767,  831,  575,  529,  880,  801,  759,  622,  334,  193,  796,  514,   29,  399,  816,  901,  408,  107,  654,  202,  665,  533],
        [  872,    0,  146,  432,  560,  726,  746,    0,  380,  825,  367, 1047,  709,  666,  198,  691,  349,  898,  123,  878,  135,  277,  707,  454,  201,   47,  535,  666,   69,  769,  779,  233,  556,  876,  321,  556,   90,  663,  658, 1070,  147,  128,  350,  208,  643,  733,  465,  740,  482,   39,  576,  693,  559,  634,  605,  640,  161,  709,  613,  834,  764,  207,  808,  629,  317,  749,  349,  697,  110,  706,  835,  226,  566,  483,  555,  953,  669,  124,  420,  173,  554,  645,  118,  922,  740,  627,  566,  842,   81,  932,   74,  851,  504,  667,  301,  506,  851,  722,  496,  423,  133,  162,  638,  381,  313,  799,   27,  405,  269,  360,  725,  512,  612,  585,  518,  707,  380,  920,  571,  510,  825,  663,  205,  800,  730,  546,  196,  230,  697,  787,  470,  694,  491,  686,  676,  736,  555,  707,  202,  468, 1028,   96,  774,  145,  647,  305,  209,   94,  534,  223,  170,  562,  469,  735,  139,  180,  493,  790,  853,  974,  502,  446,  197,  211,  499,  715,  673,  957,  718,  380,  748,  622,  703,  679,  854,  549,  544,  287],
        [  796,    0,  398,  442,  451,  776,  455,  380,    0,  714,   38,  871,  858,  886,  498,  918,  564,  706,  333,  861,  322,  369,  932,  667,  568,  412,  163,  841,  445,  871,  817,  578,  660,  804,  492,  452,  447,  350,  478,  905,  497,  272,   31,  510,  863,  624,  317,  398,  619,  364,  351,  315,  632,  334,  390,  386,  387,  636,  423,  692,  861,  578,  650,  252,  340,  538,  636,  736,  485,  856,  839,  369,  214,  766,  767,  815,  323,  269,  367,  548,  748,  732,  418,  767,  903,  626,  754,  649,  418,  833,  313,  718,  735,  807,  616,  580,  899,  479,  118,  110,  488,  531,  336,  694,   87,  978,  356,  669,  153,  471,  450,  464,  295,  244,  748,  942,  619,  712,  290,  280,  775,  285,  215,  493,  544,  176,  575,  520,  325,  966,  684,  598,  457,  335,  305,  453,  631,  594,  285,   96,  896,  431,  497,  440,  864,   85,  587,  380,  444,  565,  214,  451,  287,  355,  448,  237,  686,  905,  812,  863,  754,  676,  498,  389,  134,  360,  815,  845,  431,  301,  872,  838,  622,  434,  853,  264,  659,  359],
        [  100,    0,  697,  397,  276,  324,  420,  825,  714,    0,  681,  251,  533,  682,  731,  710,  609,  186,  702,  229,  889,  550,  715,  606,  997,  870,  664,  574,  838,  448,  311,  817,  422,  113,  565,  278,  912,  486,  247,  261,  804,  721,  718, 1032,  670,   94,  406,  559,  482,  786,  376,  729,  374,  469,  340,  378,  677,  124,  299,   68,  436,  883,  109,  787,  509,  241,  727,  298,  852,  534,  254,  604,  601,  758,  622,  133,  571,  731,  409,  957,  585,  390,  936,  126,  577,  252,  574,  182,  905,  119,  767,   51,  649,  498,  771,  394,  361,  320,  693,  608,  951,  853,  470,  793,  769,  645,  805,  694,  816,  499,  386,  313,  510,  572,  650,  738,  644,  230,  463,  438,  133,  715,  666,  461,  204,  657,  961,  718,  677,  639,  608,  131,  335,  587,  664,  401,  380,  124,  630,  757,  204,  776,  384,  729,  667,  756,  921,  739,  297, 1039,  777,  275,  429,  780,  962,  679,  572,  487,  163,  153,  693,  635,  732,  626,  646,  603,  504,  136,  416,  464,  489,  653,  126,  342,  253,  483,  440,  539],
        [  761,    0,  373,  405,  416,  739,  438,  367,   38,  681,    0,  843,  822,  852,  473,  884,  532,  679,  310,  825,  322,  336,  898,  634,  559,  402,  169,  805,  430,  834,  780,  556,  624,  770,  459,  417,  439,  335,  447,  876,  477,  253,   40,  510,  829,  590,  281,  392,  584,  348,  323,  327,  595,  316,  361,  362,  361,  601,  392,  661,  824,  560,  619,  274,  304,  511,  607,  699,  469,  820,  802,  338,  208,  736,  733,  784,  317,  251,  330,  538,  714,  695,  415,  737,  867,  589,  719,  621,  411,  800,  297,  686,  703,  771,  590,  543,  862,  454,  130,   84,  481,  513,  319,  667,  101,  943,  342,  639,  165,  435,  430,  427,  280,  235,  715,  908,  587,  686,  268,  250,  740,  296,  189,  479,  514,  180,  563,  493,  331,  930,  651,  564,  420,  331,  310,  434,  594,  560,  256,  126,  865,  411,  477,  416,  830,   94,  571,  358,  408,  561,  206,  416,  253,  371,  445,  213,  652,  868,  777,  831,  722,  643,  473,  359,  134,  358,  778,  813,  412,  263,  835,  804,  587,  409,  817,  241,  622,  325],
        [  279,    0,  928,  633,  487,  555,  467, 1047,  871,  251,  843,    0,  765,  920,  972,  947,  857,  165,  925,  405, 1095,  780,  950,  856, 1229, 1093,  780,  811, 1067,  667,  529, 1060,  671,  288,  809,  491, 1136,  567,  402,   42, 1042,  934,  882, 1251,  910,  326,  595,  603,  732, 1009,  521,  796,  624,  565,  483,  489,  907,  373,  456,  217,  656, 1123,  239,  877,  732,  333,  976,  537, 1085,  766,  453,  834,  710, 1007,  869,  128,  644,  942,  628, 1190,  832,  632, 1153,  129,  805,  502,  820,  223, 1125,  214,  983,  208,  898,  735, 1018,  644,  555,  401,  820,  762, 1176, 1091,  564, 1043,  940,  866, 1025,  944,  995,  741,  450,  544,  609,  676,  899,  975,  893,  170,  587,  594,  346,  791,  870,  478,  331,  770, 1197,  960,  740,  861,  858,  367,  568,  653,  734,  457,  630,  346,  846,  891,  123, 1008,  420,  965,  907,  929, 1161,  966,  514, 1266,  976,  485,  607,  837, 1180,  887,  822,  703,  355,  177,  942,  886,  972,  858,  774,  657,  740,  178,  479,  671,  713,  896,  371,  442,  443,  612,  689,  767],
        [  487,    0,  568,  427,  518,  211,  837,  709,  858,  533,  822,  765,    0,  166,  521,  187,  361,  714,  621,  379,  832,  501,  188,  263,  788,  739,  911,   63,  676,  114,  239,  551,  202,  478,  399,  512,  766,  844,  621,  759,  598,  682,  843,  883,  164,  508,  600,  943,  243,  678,  683, 1045,  243,  813,  671,  737,  559,  444,  634,  594,  120,  630,  616, 1052,  520,  691,  407,  237,  662,    4,  323,  525,  880,  339,  184,  638,  915,  693,  510,  748,  165,  160,  819,  655,   50,  326,  150,  693,  778,  555,  696,  584,  240,   53,  470,  285,  248,  741,  911,  794,  786,  630,  816,  436,  861,  130,  705,  344,  870,  394,  798,  449,  833,  868,  230,  212,  340,  758,  765,  692,  420, 1019,  682,  897,  643,  912,  734,  491, 1009,  119,  249,  482,  440,  937,  989,  817,  242,  514,  607,  943,  668,  618,  824,  565,  159,  846,  673,  619,  499,  850,  778,  520,  640, 1101,  832,  675,  218,  103,  414,  600,  273,  281,  522,  522,  876,  964,   45,  593,  819,  569,   65,  160,  457,  732,  338,  767,  201,  507],
        [  645,    0,  539,  491,  617,  367,  943,  666,  886,  682,  852,  920,  166,    0,  468,   34,  332,  857,  603,  543,  798,  517,   47,  223,  704,  688,  965,  110,  619,  278,  401,  470,  289,  637,  396,  611,  707,  933,  732,  918,  535,  670,  866,  814,   24,  644,  672, 1034,  284,  642,  773, 1111,  341,  900,  768,  834,  537,  580,  736,  739,  285,  544,  754, 1104,  552,  812,  326,  385,  597,  164,  486,  525,  944,  216,  119,  793,  995,  679,  573,  668,  141,  293,  766,  806,  146,  451,  139,  830,  725,  715,  670,  732,  162,  186,  386,  363,  412,  853,  956,  840,  718,  555,  903,  329,  873,  157,  668,  264,  869,  420,  904,  539,  913,  939,  149,   63,  288,  899,  845,  767,  576, 1083,  688, 1005,  766,  968,  648,  436, 1082,  147,  205,  613,  524, 1018, 1060,  923,  338,  644,  611,  977,  829,  571,  936,  523,   22,  858,  584,  586,  593,  769,  767,  619,  710, 1167,  773,  675,  201,  260,  574,  760,  169,  223,  469,  512,  927, 1047,  181,  752,  921,  621,  229,   48,  591,  837,  502,  842,  278,  527],
        [  759,    0,  101,  340,  499,  569,  758,  198,  498,  731,  473,  972,  521,  468,    0,  493,  164,  840,  167,  739,  332,  211,  509,  261,  283,  221,  628,  475,  156,  593,  623,   97,  392,  760,  170,  494,  246,  697,  617,  989,   82,  234,  471,  364,  446,  647,  448,  789,  313,  178,  572,  789,  408,  665,  591,  643,  114,  608,  585,  756,  588,  152,  740,  746,  270,  714,  153,  547,  144,  518,  690,  167,  638,  290,  359,  863,  726,  240,  367,  241,  362,  479,  301,  843,  549,  501,  375,  790,  260,  825,  215,  767,  307,  483,  118,  362,  688,  708,  600,  500,  267,  126,  669,  199,  455,  604,  203,  207,  431,  233,  729,  430,  655,  648,  321,  509,  185,  870,  599,  523,  703,  758,  285,  819,  684,  636,  237,   32,  780,  592,  277,  606,  406,  747,  757,  744,  403,  626,  224,  594,  932,  103,  776,   62,  449,  443,  191,  130,  469,  339,  325,  502,  469,  838,  312,  262,  304,  608,  726,  871,  304,  250,    2,  138,  588,  778,  488,  856,  731,  360,  566,  425,  606,  672,  709,  583,  377,  227],
        [  670,    0,  568,  525,  650,  393,  976,  691,  918,  710,  884,  947,  187,   34,  493,    0,  362,  887,  631,  565,  824,  549,   16,  253,  723,  712,  998,  137,  643,  297,  425,  490,  322,  662,  428,  644,  730,  966,  765,  943,  558,  699,  898,  835,   56,  675,  706, 1067,  317,  668,  806, 1145,  374,  934,  802,  868,  566,  610,  769,  768,  304,  563,  785, 1137,  585,  845,  348,  413,  619,  185,  509,  556,  978,  230,  151,  820, 1029,  709,  607,  687,  174,  322,  789,  834,  159,  483,  173,  861,  748,  740,  698,  760,  190,  213,  406,  396,  431,  886,  989,  873,  739,  576,  937,  345,  904,  152,  695,  288,  898,  453,  937,  572,  947,  972,  176,   30,  316,  929,  879,  800,  602, 1117,  719, 1038,  798, 1002,  666,  462, 1115,  145,  236,  644,  558, 1052, 1094,  956,  371,  675,  642, 1010,  854,  596,  969,  549,   56,  889,  602,  614,  626,  788,  797,  653,  744, 1200,  795,  705,  233,  275,  599,  785,  191,  251,  494,  542,  960, 1081,  208,  777,  955,  654,  247,   81,  622,  870,  524,  876,  311,  560],
        [  622,    0,  211,  253,  417,  411,  718,  349,  564,  609,  532,  857,  361,  332,  164,  362,    0,  741,  272,  586,  475,  201,  377,  110,  444,  379,  662,  319,  317,  429,  464,  221,  232,  621,   79,  411,  408,  678,  542,  869,  245,  338,  541,  527,  309,  533,  411,  777,  153,  319,  532,  818,  257,  645,  541,  601,  207,  485,  523,  643,  425,  297,  636,  795,  250,  637,  123,  392,  307,  358,  535,  196,  655,  214,  215,  740,  725,  348,  313,  402,  208,  318,  459,  728,  392,  363,  219,  696,  419,  692,  342,  649,  174,  321,  163,  219,  527,  650,  646,  533,  430,  284,  649,  194,  543,  454,  347,  118,  537,  138,  684,  336,  646,  656,  187,  383,   59,  776,  582,  501,  561,  788,  358,  782,  600,  668,  394,  137,  797,  441,  128,  493,  313,  747,  775,  701,  251,  517,  282,  657,  803,  258,  726,  205,  311,  529,  340,  261,  386,  502,  436,  420,  443,  871,  473,  344,  146,  445,  580,  739,  191,  113,  165,  181,  622,  778,  326,  724,  693,  336,  403,  286,  486,  620,  555,  572,  216,  215],
        [  267,    0,  788,  501,  344,  507,  312,  898,  706,  186,  679,  165,  714,  857,  840,  887,  741,    0,  778,  406,  938,  640,  893,  758, 1086,  944,  616,  752,  924,  632,  496,  932,  584,  280,  685,  348,  988,  406,  244,  202,  905,  781,  718, 1100,  843,  217,  439,  452,  633,  861,  357,  641,  533,  402,  319,  324,  766,  279,  295,  121,  621,  991,  107,  717,  587,  169,  863,  478,  944,  715,  438,  693,  546,  912,  788,  158,  486,  789,  483, 1048,  751,  565, 1000,  101,  760,  412,  742,   59,  975,  237,  832,  137,  808,  677,  899,  540,  545,  237,  656,  597, 1029,  956,  401,  933,  776,  829,  876,  839,  833,  616,  290,  412,  446,  513,  811,  916,  784,   45,  422,  431,  317,  634,  715,  332,  171,  606, 1057,  832,  586,  822,  762,  254,  436,  497,  578,  299,  538,  226,  697,  726,  225,  867,  266,  827,  841,  766, 1026,  822,  373, 1120,  817,  341,  447,  685, 1029,  733,  729,  672,  342,  231,  851,  786,  841,  719,  609,  504,  682,  219,  320,  519,  673,  825,  270,  277,  435,  447,  600,  626],
        [  751,    0,   68,  311,  438,  616,  642,  123,  333,  702,  310,  925,  621,  603,  167,  631,  272,  778,    0,  761,  216,  157,  647,  381,  311,  169,  470,  586,  151,  671,  668,  246,  453,  754,  223,  434,  212,  566,  539,  948,  171,   70,  306,  330,  579,  610,  349,  651,  385,   85,  464,  631,  449,  536,  491,  532,   66,  587,  496,  712,  664,  260,  687,  583,  194,  631,  313,  585,  181,  619,  720,  108,  488,  448,  486,  830,  584,   78,  298,  276,  478,  540,  236,  800,  658,  508,  488,  722,  203,  810,   77,  729,  442,  576,  285,  394,  743,  609,  438,  346,  252,  214,  540,  365,  290,  723,  105,  356,  271,  249,  618,  389,  519,  502,  455,  651,  316,  801,  471,  403,  705,  600,  122,  699,  610,  479,  292,  191,  626,  710,  399,  572,  368,  603,  604,  630,  446,  584,   85,  428,  905,  109,  666,  107,  582,  277,  280,   54,  411,  343,  166,  440,  357,  679,  261,   97,  414,  695,  734,  852,  449,  381,  166,  102,  431,  633,  582,  835,  614,  261,  654,  556,  580,  568,  738,  451,  443,  165],
        [  140,    0,  735,  457,  412,  188,  639,  878,  861,  229,  825,  405,  379,  543,  739,  565,  586,  406,  761,    0,  969,  605,  565,  543, 1020,  920,  843,  434,  873,  271,  143,  807,  358,  127,  572,  411,  958,  692,  441,  392,  819,  798,  858, 1081,  537,  272,  545,  775,  436,  840,  558,  931,  331,  671,  528,  579,  718,  233,  484,  295,  262,  882,  337,  976,  583,  462,  687,  196,  876,  380,   58,  654,  788,  675,  520,  284,  776,  809,  507,  979,  486,  284,  994,  319,  412,  254,  471,  410,  958,  192,  835,  271,  563,  362,  743,  378,  150,  536,  864,  764,  990,  864,  672,  741,  900,  466,  864,  638,  935,  520,  603,  403,  707,  764,  559,  590,  602,  449,  650,  606,  101,  913,  761,  685,  419,  839,  975,  717,  882,  462,  538,  279,  415,  795,  867,  620,  337,  297,  705,  920,  297,  809,  608,  756,  533,  885,  925,  785,  418, 1072,  874,  413,  579,  985, 1016,  767,  498,  303,   66,  231,  606,  571,  739,  667,  819,  814,  364,  227,  632,  573,  320,  527,  250,  551,   42,  665,  375,  600],
        [  948,    0,  265,  513,  615,  830,  745,  135,  322,  889,  322, 1095,  832,  798,  332,  824,  475,  938,  216,  969,    0,  365,  839,  582,  260,  131,  485,  793,  196,  885,  881,  365,  668,  953,  436,  613,  146,  649,  695, 1122,  280,  172,  293,  188,  775,  796,  500,  713,  599,  157,  594,  632,  664,  626,  628,  651,  274,  781,  645,  889,  879,  327,  858,  554,  389,  779,  483,  798,  234,  829,  931,  322,  530,  618,  685, 1012,  638,  161,  481,  251,  682,  755,  100,  975,  866,  716,  694,  881,  114, 1002,  139,  910,  636,  788,  435,  608,  957,  739,  439,  396,  179,  287,  629,  515,  240,  928,  130,  538,  179,  463,  730,  582,  595,  556,  650,  840,  511,  955,  568,  521,  907,  603,  225,  792,  768,  497,  283,  363,  646,  915,  599,  759,  564,  653,  627,  738,  660,  767,  265,  395, 1090,  230,  779,  275,  778,  238,  317,  214,  593,  246,  125,  617,  493,  667,  128,  210,  620,  909,  938, 1042,  635,  577,  331,  316,  454,  679,  794, 1024,  717,  427,  868,  753,  772,  694,  949,  543,  658,  370],
        [  595,    0,  149,  156,  297,  468,  550,  277,  369,  550,  336,  780,  501,  517,  211,  549,  201,  640,  157,  605,  365,    0,  564,  299,  449,  322,  462,  477,  288,  535,  518,  307,  315,  599,  124,  292,  363,  495,  410,  801,  267,  197,  349,  485,  494,  460,  239,  591,  259,  239,  363,  618,  303,  462,  381,  434,  128,  433,  375,  565,  527,  355,  544,  595,   61,  506,  297,  434,  306,  499,  566,   54,  457,  413,  398,  680,  533,  208,  159,  410,  380,  399,  392,  653,  543,  353,  387,  587,  358,  656,  230,  580,  368,  452,  302,  247,  595,  498,  446,  333,  401,  317,  466,  366,  361,  615,  261,  314,  370,  109,  520,  238,  457,  461,  380,  573,  258,  667,  397,  318,  549,  588,  181,  612,  478,  468,  418,  213,  600,  603,  316,  421,  216,  555,  577,  535,  300,  436,  109,  461,  754,  228,  566,  188,  495,  346,  388,  189,  268,  489,  284,  299,  262,  672,  416,  177,  317,  563,  578,  699,  390,  310,  211,   79,  422,  586,  459,  682,  523,  152,  525,  469,  427,  461,  584,  383,  308,   18],
        [  673,    0,  583,  537,  660,  396,  986,  707,  932,  715,  898,  950,  188,   47,  509,   16,  377,  893,  647,  565,  839,  564,    0,  268,  738,  727, 1012,  141,  659,  296,  426,  505,  332,  665,  442,  654,  745,  978,  774,  946,  573,  714,  912,  850,   70,  681,  718, 1079,  330,  684,  818, 1157,  383,  945,  812,  878,  581,  617,  779,  774,  304,  578,  791, 1150,  599,  853,  363,  417,  635,  186,  509,  570,  991,  245,  166,  823, 1041,  724,  619,  702,  187,  328,  805,  838,  157,  490,  185,  867,  764,  742,  713,  765,  205,  217,  422,  407,  429,  895, 1003,  887,  755,  591,  949,  360,  918,  142,  710,  303,  914,  466,  947,  583,  959,  985,  192,   26,  331,  935,  891,  812,  605, 1129,  733, 1048,  806, 1015,  681,  477, 1128,  136,  251,  651,  569, 1064, 1106,  966,  380,  683,  657, 1024,  855,  611,  978,  565,   69,  904,  617,  629,  637,  803,  812,  663,  756, 1213,  811,  720,  247,  272,  601,  787,  206,  266,  510,  557,  973, 1092,  212,  779,  965,  667,  247,   95,  628,  880,  524,  888,  321,  574],
        [  602,    0,  320,  307,  460,  357,  778,  454,  667,  606,  634,  856,  263,  223,  261,  253,  110,  758,  381,  543,  582,  299,  268,    0,  526,  481,  756,  215,  416,  346,  409,  291,  190,  599,  176,  453,  506,  750,  584,  863,  336,  448,  646,  621,  200,  543,  483,  851,  125,  426,  596,  908,  233,  717,  599,  663,  316,  486,  574,  650,  344,  370,  652,  892,  340,  675,  151,  349,  400,  260,  488,  303,  742,  155,  105,  734,  805,  458,  382,  486,  102,  260,  561,  730,  289,  354,  115,  719,  520,  674,  451,  652,   70,  230,  212,  218,  459,  699,  744,  629,  524,  367,  721,  199,  651,  346,  453,   96,  646,  211,  741,  377,  724,  741,   82,  276,   77,  796,  657,  576,  536,  879,  466,  841,  634,  760,  473,  230,  883,  334,   18,  504,  357,  827,  861,  759,  227,  533,  389,  760,  788,  360,  779,  309,  202,  636,  413,  369,  431,  588,  546,  463,  518,  963,  572,  452,   48,  356,  549,  721,  102,   30,  262,  290,  717,  857,  235,  709,  754,  418,  313,  176,  492,  675,  507,  650,  172,  311],
        [ 1034,    0,  301,  600,  743,  852,  946,  201,  568,  997,  559, 1229,  788,  704,  283,  723,  444, 1086,  311, 1020,  260,  449,  738,  526,    0,  160,  727,  735,  162,  869,  905,  238,  674, 1036,  449,  739,  122,  863,  848, 1250,  202,  329,  538,  130,  685,  908,  659,  939,  595,  233,  773,  882,  690,  835,  801,  839,  322,  877,  806, 1013,  866,  161,  992,  809,  499,  942,  384,  830,  146,  785,  972,  395,  762,  494,  613, 1128,  867,  325,  603,   42,  624,  761,  161, 1102,  809,  778,  638, 1031,  151, 1098,  275, 1028,  556,  756,  321,  643,  970,  919,  685,  621,   82,  161,  839,  379,  491,  854,  227,  448,  435,  506,  924,  686,  812,  784,  568,  731,  450, 1110,  771,  709,  980,  852,  405, 1001,  920,  738,   58,  308,  889,  843,  540,  868,  663,  884,  869,  936,  685,  884,  395,  648, 1200,  221,  974,  269,  689,  486,  122,  264,  715,   66,  355,  746,  666,  919,  140,  380,  573,  881, 1005, 1142,  537,  508,  282,  372,  692,  913,  760, 1126,  918,  572,  838,  668,  872,  877,  991,  749,  659,  462],
        [  917,    0,  185,  477,  606,  765,  790,   47,  412,  870,  402, 1093,  739,  688,  221,  712,  379,  944,  169,  920,  131,  322,  727,  481,  160,    0,  570,  695,   70,  804,  818,  238,  593,  920,  358,  602,   44,  704,  704, 1116,  156,  172,  382,  163,  666,  778,  511,  780,  518,   85,  621,  726,  599,  677,  650,  685,  202,  754,  659,  880,  799,  197,  855,  657,  363,  794,  366,  737,  104,  736,  876,  270,  603,  497,  580,  998,  708,  167,  466,  137,  582,  682,   81,  968,  769,  669,  595,  888,   40,  977,  117,  897,  528,  699,  313,  546,  889,  767,  528,  462,   87,  157,  680,  390,  339,  825,   70,  425,  289,  401,  769,  557,  653,  624,  541,  726,  406,  967,  614,  554,  869,  695,  247,  843,  776,  581,  164,  253,  732,  813,  497,  740,  536,  725,  711,  780,  594,  753,  248,  496, 1073,  122,  818,  176,  669,  333,  189,  136,  580,  177,  199,  608,  514,  765,   97,  223,  523,  823,  897, 1019,  522,  471,  220,  253,  534,  754,  705, 1002,  761,  426,  781,  645,  748,  724,  895,  591,  580,  332],
        [  755,    0,  529,  485,  436,  794,  329,  535,  163,  664,  169,  780,  911,  965,  628,  998,  662,  616,  470,  843,  485,  462, 1012,  756,  727,  570,    0,  904,  597,  904,  827,  715,  710,  766,  585,  439,  606,  220,  418,  817,  639,  417,  192,  672,  943,  583,  317,  244,  686,  515,  289,  162,  672,  216,  325,  295,  514,  611,  366,  628,  893,  725,  581,  142,  416,  452,  752,  752,  635,  909,  832,  478,   71,  874,  849,  745,  170,  417,  402,  706,  825,  769,  581,  692,  959,  636,  828,  561,  578,  780,  464,  657,  826,  859,  741,  626,  908,  380,   52,  130,  648,  678,  217,  816,  248, 1037,  509,  775,  314,  547,  335,  476,  172,  106,  838, 1024,  720,  613,  202,  239,  749,  131,  349,  353,  471,   14,  731,  645,  163, 1025,  772,  567,  478,  178,  143,  332,  672,  554,  404,  122,  825,  575,  375,  574,  943,  248,  738,  521,  439,  727,  373,  435,  278,  212,  610,  374,  766,  942,  787,  803,  851,  770,  628,  503,   41,  200,  867,  785,  309,  346,  913,  918,  594,  340,  844,  182,  712,  448],
        [  535,    0,  529,  421,  530,  258,  854,  666,  841,  574,  805,  811,   63,  110,  475,  137,  319,  752,  586,  434,  793,  477,  141,  215,  735,  695,  904,    0,  630,  175,  292,  498,  202,  528,  366,  524,  720,  852,  640,  808,  550,  650,  823,  835,  104,  541,  600,  953,  222,  638,  691, 1043,  251,  821,  683,  749,  523,  476,  648,  633,  180,  576,  650, 1045,  502,  716,  352,  277,  613,   61,  377,  495,  877,  277,  125,  684,  920,  660,  505,  696,  114,  188,  775,  698,   75,  351,  101,  727,  734,  605,  659,  624,  182,   77,  415,  283,  309,  760,  901,  784,  737,  578,  824,  376,  838,  139,  665,  289,  842,  371,  815,  456,  838,  868,  172,  165,  291,  794,  769,  693,  467, 1017,  655,  915,  668,  906,  680,  444, 1011,  126,  199,  512,  444,  942,  990,  834,  248,  543,  580,  929,  719,  574,  844,  522,  100,  822,  618,  580,  508,  798,  746,  532,  639, 1100,  786,  646,  174,  166,  465,  651,  212,  228,  476,  489,  868,  970,   72,  642,  834,  559,  128,   97,  488,  748,  393,  769,  195,  484],
        [  878,    0,  142,  441,  582,  712,  791,   69,  445,  838,  430, 1067,  676,  619,  156,  643,  317,  924,  151,  873,  196,  288,  659,  416,  162,   70,  597,  630,    0,  744,  766,  170,  537,  881,  304,  578,   91,  713,  687, 1089,   87,  182,  415,  212,  598,  748,  499,  794,  461,   83,  615,  756,  547,  683,  642,  682,  162,  719,  646,  853,  740,  138,  830,  695,  337,  780,  297,  687,   42,  673,  827,  235,  624,  428,  514,  968,  724,  181,  442,  126,  517,  626,  147,  941,  704,  626,  530,  869,  106,  941,  133,  868,  460,  637,  244,  496,  834,  760,  559,  481,  118,   94,  687,  321,  381,  759,   91,  356,  338,  354,  768,  526,  664,  641,  474,  657,  340,  949,  619,  553,  827,  725,  256,  847,  758,  607,  142,  187,  757,  747,  432,  708,  503,  742,  736,  780,  542,  724,  236,  534, 1041,   65,  817,  118,  601,  372,  142,  103,  554,  202,  238,  584,  508,  799,  157,  231,  458,  762,  853,  985,  453,  404,  155,  213,  559,  772,  643,  968,  763,  411,  719,  578,  714,  719,  846,  598,  524,  301],
        [  389,    0,  624,  430,  485,  130,  790,  769,  871,  448,  834,  667,  114,  278,  593,  297,  429,  632,  671,  271,  885,  535,  296,  346,  869,  804,  904,  175,  744,    0,  139,  636,  220,  379,  450,  480,  835,  810,  572,  659,  673,  726,  859,  955,  277,  439,  587,  906,  288,  736,  653, 1026,  240,  781,  635,  699,  613,  375,  594,  512,   13,  715,  540, 1045,  540,  631,  496,  169,  735,  116,  217,  568,  865,  445,  286,  541,  886,  737,  508,  828,  260,  139,  884,  564,  142,  280,  244,  618,  844,  455,  747,  498,  339,  119,  558,  294,  135,  689,  910,  796,  859,  709,  784,  534,  885,  200,  763,  436,  902,  428,  751,  429,  807,  849,  331,  321,  420,  676,  740,  673,  324, 1002,  714,  847,  583,  903,  817,  564,  986,  194,  335,  419,  427,  908,  967,  769,  241,  449,  643,  950,  565,  683,  771,  629,  272,  870,  758,  677,  472,  929,  817,  487,  627, 1083,  899,  711,  299,   42,  313,  498,  376,  369,  594,  570,  871,  933,  117,  492,  775,  573,   50,  272,  391,  687,  230,  746,  229,  537],
        [  251,    0,  633,  385,  394,   54,  676,  779,  817,  311,  780,  529,  239,  401,  623,  425,  464,  496,  668,  143,  881,  518,  426,  409,  905,  818,  827,  292,  766,  139,    0,  683,  232,  242,  462,  390,  854,  708,  461,  522,  704,  714,  810,  977,  395,  312,  513,  800,  312,  742,  558,  935,  220,  682,  534,  595,  618,  252,  491,  377,  128,  761,  407,  966,  508,  509,  556,   85,  764,  241,   86,  561,  780,  535,  378,  403,  788,  725,  451,  864,  345,  149,  896,  426,  277,  193,  330,  486,  857,  318,  744,  361,  423,  219,  614,  274,   82,  573,  840,  731,  883,  746,  684,  607,  844,  338,  767,  504,  871,  420,  637,  356,  712,  761,  419,  451,  473,  540,  649,  590,  186,  914,  687,  730,  461,  825,  857,  599,  891,  333,  402,  300,  361,  809,  874,  655,  224,  328,  624,  888,  430,  702,  652,  648,  391,  829,  804,  685,  388,  961,  797,  395,  551,  991,  915,  689,  363,  177,  176,  362,  465,  436,  624,  569,  798,  832,  222,  355,  663,  518,  185,  385,  269,  576,  103,  658,  248,  515],
        [  838,    0,  188,  432,  593,  630,  855,  233,  578,  817,  556, 1060,  551,  470,   97,  490,  221,  932,  246,  807,  365,  307,  505,  291,  238,  238,  715,  498,  170,  636,  683,    0,  452,  838,  252,  588,  246,  793,  712, 1076,   87,  307,  549,  346,  450,  735,  545,  883,  373,  228,  669,  877,  477,  761,  688,  740,  205,  693,  681,  844,  633,   80,  831,  828,  367,  809,  147,  612,  136,  548,  756,  263,  729,  265,  375,  949,  820,  311,  463,  200,  387,  536,  308,  931,  571,  579,  401,  883,  270,  906,  275,  854,  318,  521,   85,  435,  742,  805,  684,  589,  251,   87,  765,  154,  526,  617,  248,  210,  493,  320,  826,  521,  750,  741,  331,  500,  216,  964,  695,  619,  779,  846,  368,  916,  778,  724,  183,  101,  869,  606,  303,  694,  497,  840,  847,  841,  471,  715,  315,  672, 1015,  151,  873,  141,  454,  515,  123,  199,  562,  302,  388,  596,  565,  924,  310,  343,  338,  646,  800,  953,  302,  271,   97,  234,  675,  871,  525,  938,  828,  457,  603,  432,  692,  768,  775,  678,  435,  324],
        [  412,    0,  410,  225,  329,  179,  655,  556,  660,  422,  624,  671,  202,  289,  392,  322,  232,  584,  453,  358,  668,  315,  332,  190,  674,  593,  710,  202,  537,  220,  232,  452,    0,  409,  236,  324,  627,  651,  444,  676,  473,  507,  646,  749,  271,  368,  400,  751,   80,  521,  490,  845,   53,  619,  482,  548,  397,  307,  448,  471,  213,  529,  479,  851,  324,  525,  330,  162,  534,  200,  305,  349,  679,  337,  205,  547,  718,  518,  309,  632,  168,   89,  672,  547,  250,  173,  160,  551,  633,  484,  529,  469,  228,  150,  385,   84,  298,  564,  710,  593,  654,  515,  622,  387,  669,  329,  547,  284,  683,  208,  616,  254,  636,  669,  229,  351,  245,  625,  568,  493,  347,  818,  495,  717,  479,  711,  626,  367,  810,  317,  189,  333,  243,  741,  790,  635,   49,  363,  423,  743,  599,  475,  647,  420,  270,  653,  572,  462,  307,  730,  598,  332,  440,  901,  689,  491,  152,  249,  359,  532,  272,  220,  393,  352,  674,  768,  158,  519,  634,  368,  213,  250,  315,  549,  324,  569,   19,  317],
        [   14,    0,  740,  444,  355,  271,  532,  876,  804,  113,  770,  288,  478,  637,  760,  662,  621,  280,  754,  127,  953,  599,  665,  599, 1036,  920,  766,  528,  881,  379,  242,  838,  409,    0,  591,  356,  961,  596,  351,  282,  837,  782,  806, 1083,  628,  184,  490,  671,  480,  837,  477,  838,  369,  578,  443,  486,  721,  173,  400,  174,  369,  909,  220,  893,  565,  353,  733,  259,  890,  480,  167,  651,  706,  743,  596,  162,  681,  793,  474,  994,  559,  355,  990,  193,  518,  260,  547,  289,  956,   78,  824,  148,  631,  452,  783,  404,  272,  431,  793,  701,  997,  885,  579,  794,  854,  578,  859,  692,  896,  530,  498,  371,  617,  678,  630,  689,  648,  323,  567,  535,   63,  823,  734,  573,  315,  760,  995,  742,  787,  573,  598,  206,  390,  698,  774,  513,  375,  214,  689,  854,  194,  817,  496,  767,  625,  840,  950,  786,  369, 1083,  847,  355,  518,  890, 1014,  745,  559,  416,   68,  125,  675,  628,  761,  669,  746,  714,  456,  115,  528,  535,  426,  615,  185,  452,  160,  585,  427,  590],
