{
    "name": "random-12-10587",
    "comment": "size=12 seed=10587",
    "nodes": ["+0", "-0", "+1", "-1", "+2", "-2", "+3", "-3", "+4", "-4", "+5", "-5", "+6", "-6", "+7", "-7", "+8", "-8", "+9", "-9", "+10", "-10", "+11", "-11", "+12", "-12"],
    "precedence": {
        "+0": "-0",
        "+1": "-1",
        "+2": "-2",
        "+3": "-3",
        "+4": "-4",
        "+5": "-5",
        "+6": "-6",
        "+7": "-7",
        "+8": "-8",
        "+9": "-9",
        "+10": "-10",
        "+11": "-11",
        "+12": "-12"
    },
    "edges": [
        [    0,    0,  398,  604,  643,  592,  646,  106,  696,  340,   65,  660,  249,  549,  438,  333,  663,  725,  253,  468,  170,  584,  440,  370,  305,  411],
        [    0,    0,  398,  604,  643,  592,  646,  106,  696,  340,   65,  660,  249,  549,  438,  333,  663,  725,  253,  468,  170,  584,  440,  370,  305,  411],
        [  398,  398,    0,  880, 1004,  988,  689,  387,  910,  129,  410,  991,  223,  947,  231,  700,  653, 1033,  642,  288,  559,  858,  516,  571,  524,   15],
        [  604,  604,  880,    0,  298,  520,  456,  706,  161,  890,  657,  189,  832,  605,  745,  701,  541,  170,  603,  722,  603,   22,  432,  314,  868,  887],
        [  643,  643, 1004,  298,    0,  263,  739,  721,  451,  976,  673,  126,  891,  376,  928,  585,  819,  220,  519,  920,  560,  301,  664,  512,  823, 1015],
        [  592,  592,  988,  520,  263,    0,  907,  638,  681,  928,  597,  383,  827,  123,  973,  404,  975,  481,  382,  981,  453,  516,  780,  624,  674, 1001],
        [  646,  646,  689,  456,  739,  907,    0,  742,  361,  763,  710,  644,  764,  954,  473,  911,   90,  615,  802,  424,  754,  446,  208,  312,  949,  689],
        [  106,  106,  387,  706,  721,  638,  742,    0,  801,  298,   50,  750,  191,  576,  481,  314,  753,  820,  265,  519,  186,  685,  535,  475,  209,  401],
        [  696,  696,  910,  161,  451,  681,  361,  801,    0,  942,  755,  332,  901,  765,  741,  841,  450,  272,  737,  707,  725,  168,  412,  348,  980,  916],
        [  340,  340,  129,  890,  976,  928,  763,  298,  942,    0,  333,  980,  111,  873,  338,  606,  739, 1033,  563,  394,  482,  868,  573,  595,  405,  141],
        [   65,   65,  410,  657,  673,  597,  710,   50,  755,  333,    0,  700,  230,  541,  480,  296,  726,  770,  233,  514,  150,  636,  504,  434,  241,  424],
        [  660,  660,  991,  189,  126,  383,  644,  750,  332,  980,  700,    0,  905,  489,  888,  663,  728,  100,  582,  872,  608,  199,  597,  457,  877, 1001],
        [  249,  249,  223,  832,  891,  827,  764,  191,  901,  111,  230,  905,    0,  767,  389,  496,  753,  965,  456,  440,  376,  810,  563,  555,  302,  237],
        [  549,  549,  947,  605,  376,  123,  954,  576,  765,  873,  541,  489,  767,    0,  960,  306, 1014,  588,  312,  974,  392,  597,  806,  654,  581,  960],
        [  438,  438,  231,  745,  928,  973,  473,  481,  741,  338,  480,  888,  389,  960,    0,  771,  427,  910,  686,   57,  606,  725,  330,  434,  668,  228],
        [  333,  333,  700,  701,  585,  404,  911,  314,  841,  606,  296,  663,  496,  306,  771,    0,  949,  755,  110,  800,  170,  686,  722,  602,  276,  714],
        [  663,  663,  653,  541,  819,  975,   90,  753,  450,  739,  726,  728,  753, 1014,  427,  949,    0,  702,  841,  374,  786,  530,  228,  362,  962,  652],
        [  725,  725, 1033,  170,  220,  481,  615,  820,  272, 1033,  770,  100,  965,  588,  910,  755,  702,    0,  670,  889,  690,  187,  601,  477,  959, 1042],
        [  253,  253,  642,  603,  519,  382,  802,  265,  737,  563,  233,  582,  456,  312,  686,  110,  841,  670,    0,  711,   84,  586,  615,  493,  306,  656],
        [  468,  468,  288,  722,  920,  981,  424,  519,  707,  394,  514,  872,  440,  974,   57,  800,  374,  889,  711,    0,  633,  702,  297,  416,  712,  284],
        [  170,  170,  559,  603,  560,  453,  754,  186,  725,  482,  150,  608,  376,  392,  606,  170,  786,  690,   84,  633,    0,  585,  559,  450,  270,  572],
        [  584,  584,  858,   22,  301,  516,  446,  685,  168,  868,  636,  199,  810,  597,  725,  686,  530,  187,  586,  702,  585,    0,  414,  293,  849,  866],
        [  440,  440,  516,  432,  664,  780,  208,  535,  412,  573,  504,  597,  563,  806,  330,  722,  228,  601,  615,  297,  559,  414,    0,  158,  743,  519],
        [  370,  370,  571,  314,  512,  624,  312,  475,  348,  595,  434,  457,  555,  654,  434,  602,  362,  477,  493,  416,  450,  293,  158,    0,  672,  577],
        [  305,  305,  524,  868,  823,  674,  949,  209,  980,  405,  241,  877,  302,  581,  668,  276,  962,  959,  306,  712,  270,  849,  743,  672,    0,  538],
        [  411,  411,   15,  887, 1015, 1001,  689,  401,  916,  141,  424, 1001,  237,  960,  228,  714,  652, 1042,  656,  284,  572,  866,  519,  577,  538,    0]
    ]
}
