{
    "name": "random-95-8971",
    "comment": "size=95 seed=8971",
    "nodes": ["+0", "-0", "+1", "-1", "+2", "-2", "+3", "-3", "+4", "-4", "+5", "-5", "+6", "-6", "+7", "-7", "+8", "-8", "+9", "-9", "+10", "-10", "+11", "-11", "+12", "-12", "+13", "-13", "+14", "-14", "+15", "-15", "+16", "-16", "+17", "-17", "+18", "-18", "+19", "-19", "+20", "-20", "+21", "-21", "+22", "-22", "+23", "-23", "+24", "-24", "+25", "-25", "+26", "-26", "+27", "-27", "+28", "-28", "+29", "-29", "+30", "-30", "+31", "-31", "+32", "-32", "+33", "-33", "+34", "-34", "+35", "-35", "+36", "-36", "+37", "-37", "+38", "-38", "+39", "-39", "+40", "-40", "+41", "-41", "+42", "-42", "+43", "-43", "+44", "-44", "+45", "-45", "+46", "-46", "+47", "-47", "+48", "-48", "+49", "-49", "+50", "-50", "+51", "-51", "+52", "-52", "+53", "-53", "+54", "-54", "+55", "-55", "+56", "-56", "+57", "-57", "+58", "-58", "+59", "-59", "+60", "-60", "+61", "-61", "+62", "-62", "+63", "-63", "+64", "-64", "+65", "-65", "+66", "-66", "+67", "-67", "+68", "-68", "+69", "-69", "+70", "-70", "+71", "-71", "+72", "-72", "+73", "-73", "+74", "-74", "+75", "-75", "+76", "-76", "+77", "-77", "+78", "-78", "+79", "-79", "+80", "-80", "+81", "-81", "+82", "-82", "+83", "-83", "+84", "-84", "+85", "-85", "+86", "-86", "+87", "-87", "+88", "-88", "+89", "-89", "+90", "-90", "+91", "-91", "+92", "-92", "+93", "-93", "+94", "-94", "+95", "-95"],
    "precedence": {
        "+0": "-0",
        "+1": "-1",
        "+2": "-2",
        "+3": "-3",
        "+4": "-4",
        "+5": "-5",
        "+6": "-6",
        "+7": "-7",
        "+8": "-8",
        "+9": "-9",
        "+10": "-10",
        "+11": "-11",
        "+12": "-12",
        "+13": "-13",
        "+14": "-14",
        "+15": "-15",
        "+16": "-16",
        "+17": "-17",
        "+18": "-18",
        "+19": "-19",
        "+20": "-20",
        "+21": "-21",
        "+22": "-22",
        "+23": "-23",
        "+24": "-24",
        "+25": "-25",
        "+26": "-26",
        "+27": "-27",
        "+28": "-28",
        "+29": "-29",
        "+30": "-30",
        "+31": "-31",
        "+32": "-32",
        "+33": "-33",
        "+34": "-34",
        "+35": "-35",
        "+36": "-36",
        "+37": "-37",
        "+38": "-38",
        "+39": "-39",
        "+40": "-40",
        "+41": "-41",
        "+42": "-42",
        "+43": "-43",
        "+44": "-44",
        "+45": "-45",
        "+46": "-46",
        "+47": "-47",
        "+48": "-48",
        "+49": "-49",
        "+50": "-50",
        "+51": "-51",
        "+52": "-52",
        "+53": "-53",
        "+54": "-54",
        "+55": "-55",
        "+56": "-56",
        "+57": "-57",
        "+58": "-58",
        "+59": "-59",
        "+60": "-60",
        "+61": "-61",
        "+62": "-62",
        "+63": "-63",
        "+64": "-64",
        "+65": "-65",
        "+66": "-66",
        "+67": "-67",
        "+68": "-68",
        "+69": "-69",
        "+70": "-70",
        "+71": "-71",
        "+72": "-72",
        "+73": "-73",
        "+74": "-74",
        "+75": "-75",
        "+76": "-76",
        "+77": "-77",
        "+78": "-78",
        "+79": "-79",
        "+80": "-80",
        "+81": "-81",
        "+82": "-82",
        "+83": "-83",
        "+84": "-84",
        "+85": "-85",
        "+86": "-86",
        "+87": "-87",
        "+88": "-88",
        "+89": "-89",
        "+90": "-90",
        "+91": "-91",
        "+92": "-92",
        "+93": "-93",
        "+94": "-94",
        "+95": "-95"
    },
    "edges": [
        [    0,    0,  587,  408,  536,  525,  412,  238,  105,  381,  732,  372,  622,  400,  401,  266,  485,  601,  547,  689,  664,  534,  356,  464,  389,  426,  267,  639,  463,  201,   76,  353,  432,  358,   44,  676,  248,  710,  682,  600,  618,  402,  424,  435,  379,  175,  316,  273,  441,  501,  395,  541,  530,  677,  316,  322,   81,  512,  649,  640,   95,  406,  162,   92,  242,  228,  526,  616,  259,  204,  348,  203,  417,  657,  396,  405,  463,  160,  137,  516,  522,  515,  165,  406,  244,  162,  557,  411,  255,  207,  521,  486,  514,   97,  385,  634,  350,  467,  314,  260,  687,  771,  177,  701,  314,  727,  402,  205,  435,  177,  395,  506,  416,  317,  688,  247,  314,  771,  602,  530,  318,  328,  508,  683,  309,  720,  374,  298,  689,  207,  409,  556,  742,  175,  367,  189,  252,  258,  652,  228,  501,  504,  552,  420,  600,  675,  351,  662,  450,  356,  494,  314,  580,  748,  356,  668,  430,   64,  102,  451,  584,  421,  170,  422,  109,  678,  429,   39,  715,  585,  390,   67,  497,   30,  627,  413,  589,  296,  375,  544,   50,  214,  468,  394,  478,  589,  457,  361,  448,  442,  149,  362],
        [    0,    0,    0,    0,    0,    0,    0,    0,    0,    0,    0,    0,    0,    0,    0,    0,    0,    0,    0,    0,    0,    0,    0,    0,    0,    0,    0,    0,    0,    0,    0,    0,    0,    0,    0,    0,    0,    0,    0,    0,    0,    0,    0,    0,    0,    0,    0,    0,    0,    0,    0,    0,    0,    0,    0,    0,    0,    0,    0,    0,    0,    0,    0,    0,    0,    0,    0,    0,    0,    0,    0,    0,    0,    0,    0,    0,    0,    0,    0,    0,    0,    0,    0,    0,    0,    0,    0,    0,    0,    0,    0,    0,    0,    0,    0,    0,    0,    0,    0,    0,    0,    0,    0,    0,    0,    0,    0,    0,    0,    0,    0,    0,    0,    0,    0,    0,    0,    0,    0,    0,    0,    0,    0,    0,    0,    0,    0,    0,    0,    0,    0,    0,    0,    0,    0,    0,    0,    0,    0,    0,    0,    0,    0,    0,    0,    0,    0,    0,    0,    0,    0,    0,    0,    0,    0,    0,    0,    0,    0,    0,    0,    0,    0,    0,    0,    0,    0,    0,    0,    0,    0,    0,    0,    0,    0,    0,    0,    0,    0,    0,    0,    0,    0,    0,    0,    0,    0,    0,    0,    0,    0,    0],
        [  587,    0,    0,  198,   76,  698,  996,  461,  591,  660,  559,  369,  171,  410,  441,  775,  156,  589,  947,  674,  488,  847,  863,  595,  830,  299,  490, 1062,  919,  687,  642,  827,  158,  360,  592,  885,  810,  687,  995,   73,  359,  890,  607,  212,  946,  659,  626,  788,  984,  329,  923,   61,  891,  938,  821,  581,  554,  211,  901,  343,  505,  942,  606,  509,  378,  567,  618,  704,  329,  776,  421,  703,  943,  709,  483,  982,  143,  493,  648,   81,  381,  231,  746,  241,  538,  609,  195,  455,  387,  772,  636,  884,  299,  491,  751, 1036,  927,  404,  284,  564,  739,  504,  424,  386,  823,  373,  426,  547,  152,  455,  960,  313,  949,  831,  936,  534,  673,  626,  738,  127,  569,  709,  347,  631,  424,  628,  466,  815,  490,  522,  646,  142,  542,  474,  248,  774,  708,  488,  537,  632,  949,   96,  178,  455,  189,  356,  236,  800,  362,  918,  968,  875,   83, 1112,  704,  655,  968,  650,  557,  170,  587,  216,  649,  537,  488,  821,  961,  571, 1046,   87,  367,  619,  529,  582,  368,  453,    6,  529,  586,  278,  626,  421,  237,  527,  808,  330,  846,  928,  522,  166,  722,  947],
        [  408,    0,  198,    0,  133,  650,  810,  345,  398,  572,  625,  315,  311,  367,  396,  628,   81,  595,  842,  691,  547,  765,  720,  548,  707,  141,  294,  953,  795,  541,  471,  693,  100,  175,  406,  840,  618,  708,  920,  241,  301,  754,  543,   58,  753,  510,  524,  639,  788,  211,  773,  176,  796,  879,  624,  487,  390,  263,  842,  305,  319,  790,  461,  323,  245,  370,  589,  687,  167,  606,  236,  554,  794,  705,  430,  811,   58,  297,  454,  119,  263,  150,  571,   63,  423,  412,  169,  413,  190,  581,  601,  777,  196,  317,  645,  933,  756,  258,   95,  367,  737,  602,  267,  491,  678,  494,  383,  349,   77,  260,  767,  341,  798,  634,  880,  337,  478,  687,  707,  213,  377,  595,  229,  658,  232,  669,  286,  618,  559,  324,  570,  246,  617,  333,  166,  591,  510,  292,  577,  434,  828,  104,  268,  416,  308,  459,   82,  773,  350,  755,  839,  682,  173, 1025,  600,  669,  771,  470,  365,   45,  587,   47,  501,  486,  303,  794,  764,  386,  968,  178,  193,  450,  509,  408,  312,  284,  203,  336,  510,  202,  452,  286,  252,  348,  718,  265,  740,  762,  483,  144,  534,  769],
        [  536,    0,   76,  133,    0,  705,  942,  438,  531,  651,  604,  367,  233,  413,  445,  742,   81,  614,  933,  704,  530,  842,  832,  601,  808,  224,  419, 1047,  897,  653,  596,  799,  129,  286,  537,  894,  750,  718,  993,  140,  299,  862,  606,  138,  886,  624,  611,  753,  920,  257,  889,   92,  881,  942,  755,  569,  511,  240,  905,  287,  450,  907,  573,  454,  346,  499,  631,  722,  284,  731,  347,  668,  909,  732,  485,  937,   76,  430,  587,   26,  310,  160,  699,  168,  516,  545,  132,  460,  321,  714,  647,  869,  228,  442,  735, 1023,  882,  330,  225,  493,  763,  559,  383,  442,  790,  434,  430,  480,  112,  393,  900,  340,  914,  766,  941,  464,  602,  671,  751,  161,  496,  690,  275,  664,  352,  665,  391,  750,  535,  455,  642,  187,  590,  441,  228,  722,  641,  418,  574,  564,  928,   33,  220,  462,  244,  411,  189,  816,  376,  877,  943,  815,   50, 1105,  689,  684,  903,  599,  498,   99,  610,  144,  615,  540,  434,  836,  896,  517, 1043,   56,  292,  574,  544,  535,  309,  378,   81,  457,  581,  211,  578,  389,  254,  452,  799,  268,  831,  885,  530,  157,  666,  897],
        [  525,    0,  698,  650,  705,    0,  766,  340,  627,  151,  374,  340,  594,  292,  261,  404,  716,  194,  330,  223,  356,  190,  424,  104,  322,  765,  735,  435,  377,  377,  488,  364,  583,  741,  568,  191,  716,  242,  307,  655,  950,  406,  112,  707,  806,  382,  212,  415,  896,  848,  487,  638,  258,  242,  819,  206,  448,  494,  204,  954,  559,  510,  368,  559,  431,  733,   96,  109,  519,  521,  770,  391,  492,  158,  222,  644,  670,  631,  660,  680,  893,  800,  543,  698,  290,  684,  810,  245,  649,  683,   72,  291,  841,  502,  218,  396,  611,  863,  601,  761,  179,  471,  458,  490,  414,  533,  275,  704,  606,  616,  825,  398,  507,  815,  238,  737,  835,  368,   78,  575,  813,  244,  864,  250,  736,  300,  817,  798,  382,  695,  117,  571,  401,  394,  488,  609,  776,  725,  298,  750,  382,  680,  539,  244,  561,  487,  571,  139,  338,  555,  427,  767,  752,  435,  207,  212,  893,  548,  612,  686,  178,  693,  381,  166,  554,  157,  898,  556,  361,  758,  776,  474,  179,  496,  960,  844,  697,  778,  158,  852,  505,  406,  462,  861,  187,  914,  264,  575,  177,  549,  630,  668],
        [  412,    0,  996,  810,  942,  766,    0,  611,  418,  623, 1074,  755, 1030,  768,  758,  362,  883,  912,  583,  978, 1018,  665,  363,  754,  467,  797,  584,  608,  471,  408,  370,  416,  843,  719,  406,  838,  210,  999,  756, 1012,  966,  403,  704,  829,  118,  418,  579,  351,  201,  856,  323,  952,  617,  798,  290,  616,  462,  916,  787,  995,  492,  307,  462,  488,  646,  502,  812,  874,  670,  261,  683,  390,  333,  922,  738,  160,  867,  522,  368,  923,  858,  896,  266,  797,  575,  424,  944,  763,  635,  238,  796,  555,  877,  508,  552,  632,  164,  796,  717,  528,  944, 1135,  586, 1084,  357, 1116,  765,  504,  845,  555,  126,  895,  318,  273,  817,  541,  479, 1097,  837,  941,  571,  522,  856,  989,  652, 1035,  683,  274, 1045,  524,  664,  965, 1091,  562,  777,  224,  381,  579,  989,  444,  500,  911,  959,  771, 1006, 1061,  761,  877,  829,  230,  457,  167,  983,  751,  559,  962,  214,  348,  449,  852,  892,  816,  424,  738,  509,  885,  229,  426,  760,  987,  741,  394,  821,  421,  973,  725,  999,  580,  665,  912,  378,  612,  871,  667,  622,  943,  553,  210,  772,  853,  277,  101],
        [  238,    0,  461,  345,  438,  340,  611,    0,  321,  233,  494,  144,  438,  163,  163,  322,  422,  372,  499,  464,  426,  425,  405,  254,  371,  438,  397,  611,  460,  236,  246,  366,  311,  405,  273,  521,  480,  486,  581,  448,  631,  430,  229,  396,  603,  211,  180,  335,  674,  523,  468,  404,  452,  547,  553,  148,  161,  319,  513,  642,  235,  488,  159,  235,  101,  406,  313,  410,  189,  357,  431,  254,  486,  445,  163,  554,  381,  299,  369,  413,  563,  491,  346,  380,   79,  374,  513,  174,  310,  440,  314,  434,  520,  177,  301,  590,  502,  527,  275,  431,  476,  536,  119,  474,  367,  505,  165,  377,  327,  280,  621,  284,  494,  554,  552,  405,  518,  535,  411,  366,  480,  253,  537,  452,  396,  486,  477,  536,  452,  364,  239,  382,  505,   66,  214,  398,  479,  388,  415,  436,  490,  407,  366,  183,  410,  451,  264,  477,  219,  478,  507,  544,  487,  681,  256,  443,  665,  289,  297,  387,  356,  381,  203,  200,  225,  496,  665,  255,  626,  493,  440,  223,  267,  214,  642,  504,  462,  443,  184,  537,  247,   67,  272,  522,  375,  596,  397,  491,  219,  296,  381,  537],
        [  105,    0,  591,  398,  531,  627,  418,  321,    0,  484,  811,  440,  654,  476,  482,  358,  468,  692,  646,  782,  739,  638,  444,  561,  487,  382,  186,  734,  557,  302,  169,  448,  446,  305,   63,  780,  220,  803,  785,  617,  561,  492,  523,  412,  355,  278,  419,  363,  397,  446,  472,  554,  633,  781,  247,  422,  180,  553,  753,  587,   99,  481,  267,   96,  296,  128,  622,  715,  280,  269,  279,  302,  494,  754,  483,  449,  456,  105,   59,  515,  458,  479,  220,  381,  341,   58,  527,  494,  218,  184,  619,  586,  465,  148,  490,  732,  396,  398,  308,  162,  785,  840,  230,  760,  403,  782,  481,  111,  442,  139,  370,  565,  492,  253,  793,  155,  209,  854,  703,  557,  219,  433,  450,  772,  243,  807,  294,  235,  763,  121,  512,  585,  818,  256,  402,  212,  159,  178,  734,  124,  596,  501,  588,  503,  636,  732,  360,  765,  517,  418,  584,  284,  569,  847,  461,  761,  383,  121,   35,  438,  675,  400,  273,  514,  115,  781,  378,   72,  817,  574,  331,  169,  586,  134,  569,  336,  595,  203,  474,  498,  143,  281,  513,  303,  582,  535,  559,  418,  538,  465,  143,  392],
        [  381,    0,  660,  572,  651,  151,  623,  233,  484,    0,  471,  293,  591,  261,  233,  262,  646,  297,  290,  356,  431,  194,  300,  140,  213,  670,  608,  406,  291,  227,  339,  242,  523,  635,  424,  300,  566,  377,  349,  630,  863,  296,   91,  626,  657,  232,   66,  274,  746,  755,  367,  600,  232,  317,  669,   85,  307,  476,  283,  873,  425,  391,  221,  424,  333,  597,  192,  255,  421,  373,  655,  241,  377,  302,  191,  511,  603,  500,  514,  626,  795,  720,  393,  611,  163,  542,  739,  224,  535,  532,  175,  231,  752,  370,  106,  377,  473,  757,  507,  626,  327,  553,  343,  540,  281,  581,  247,  569,  543,  491,  676,  398,  390,  665,  323,  605,  693,  483,  228,  546,  681,  104,  769,  370,  619,  418,  698,  648,  460,  562,   42,  551,  494,  272,  424,  458,  629,  598,  387,  608,  310,  623,  525,  228,  558,  528,  491,  284,  325,  422,  343,  617,  700,  455,   71,  340,  743,  399,  472,  613,  277,  611,  231,  154,  422,  298,  748,  414,  396,  706,  670,  327,  225,  352,  874,  729,  660,  649,   78,  768,  357,  298,  435,  737,  149,  828,  194,  441,  187,  498,  480,  527],
        [  732,    0,  559,  625,  604,  374, 1074,  494,  811,  471,    0,  375,  396,  335,  331,  725,  656,  181,  702,  186,   79,  561,  770,  331,  680,  765,  840,  804,  745,  667,  731,  712,  527,  780,  767,  487,  970,  184,  649,  491,  900,  764,  381,  678, 1086,  657,  500,  738, 1163,  832,  837,  514,  630,  565, 1047,  459,  654,  369,  534,  890,  717,  862,  618,  719,  524,  875,  288,  293,  580,  814,  830,  685,  847,  260,  341,  978,  611,  766,  861,  586,  886,  750,  818,  686,  506,  860,  734,  322,  726,  931,  310,  663,  811,  663,  570,  763,  936,  881,  629,  893,  273,  110,  585,  193,  750,  228,  330,  846,  552,  735, 1104,  285,  861, 1048,  552,  862,  993,   68,  349,  444,  931,  573,  851,  139,  808,   99,  883, 1030,   69,  827,  431,  420,   32,  559,  477,  878,  969,  832,   85,  917,  754,  595,  385,  313,  372,  213,  571,  378,  302,  890,  796, 1031,  637,  781,  542,  181, 1155,  780,  783,  640,  199,  670,  652,  336,  704,  393, 1156,  748,  702,  642,  807,  709,  254,  707,  910,  894,  555,  889,  413,  805,  736,  531,  374,  942,  559,  866,  634,  908,  302,  482,  872,  985],
        [  372,    0,  369,  315,  367,  340,  755,  144,  440,  293,  375,    0,  309,   54,   82,  454,  377,  292,  582,  390,  301,  479,  531,  237,  478,  440,  470,  697,  565,  372,  389,  485,  243,  433,  402,  530,  618,  409,  628,  339,  615,  548,  240,  372,  744,  351,  266,  468,  812,  520,  596,  308,  524,  576,  682,  218,  300,  189,  539,  617,  344,  618,  300,  346,  150,  501,  275,  373,  215,  500,  475,  391,  613,  394,  119,  694,  330,  392,  493,  342,  569,  463,  489,  367,  198,  488,  470,   99,  361,  578,  287,  520,  509,  293,  388,  669,  644,  548,  282,  520,  427,  401,  212,  332,  496,  361,   69,  472,  267,  362,  762,  140,  622,  685,  575,  490,  619,  425,  393,  254,  560,  353,  537,  365,  448,  388,  527,  666,  323,  453,  278,  262,  380,  199,  150,  540,  597,  462,  304,  543,  591,  341,  239,  103,  278,  307,  239,  460,   78,  616,  616,  683,  415,  743,  342,  368,  802,  427,  411,  348,  281,  359,  343,  175,  331,  480,  800,  381,  679,  421,  464,  365,  197,  351,  626,  545,  368,  519,  218,  516,  387,  160,  145,  581,  440,  579,  483,  630,  169,  211,  518,  680],
        [  622,    0,  171,  311,  233,  594, 1030,  438,  654,  591,  396,  309,    0,  330,  359,  758,  304,  454,  880,  530,  331,  764,  838,  496,  785,  440,  596,  995,  872,  674,  662,  793,  222,  486,  638,  773,  864,  540,  900,   99,  529,  856,  520,  348,  998,  649,  573,  772, 1050,  487,  903,  145,  817,  834,  898,  523,  569,  121,  797,  513,  559,  924,  596,  562,  384,  662,  505,  579,  374,  788,  546,  691,  920,  575,  401,  990,  271,  569,  713,  223,  540,  392,  768,  369,  504,  685,  362,  369,  481,  824,  526,  821,  459,  527,  692,  964,  937,  554,  368,  666,  603,  334,  446,  216,  802,  203,  345,  637,  237,  531, 1014,  198,  929,  905,  829,  634,  777,  464,  621,  102,  683,  660,  505,  484,  540,  473,  596,  888,  328,  612,  568,   70,  377,  474,  256,  808,  792,  591,  386,  721,  896,  236,   73,  366,   34,  188,  304,  678,  267,  915,  923,  930,  253, 1025,  647,  513, 1036,  685,  620,  303,  457,  346,  640,  447,  541,  698, 1032,  616,  954,  257,  501,  638,  416,  610,  538,  592,  166,  641,  513,  443,  652,  421,  167,  658,  733,  498,  784,  928,  424,  191,  768,  966],
        [  400,    0,  410,  367,  413,  292,  768,  163,  476,  261,  335,   54,  330,    0,   32,  450,  428,  240,  551,  337,  265,  441,  520,  188,  459,  494,  518,  666,  544,  373,  408,  471,  293,  485,  433,  482,  643,  357,  586,  373,  667,  533,  198,  425,  765,  355,  246,  464,  837,  574,  588,  349,  490,  530,  714,  196,  324,  216,  493,  669,  383,  610,  308,  385,  194,  545,  223,  320,  266,  510,  527,  392,  603,  340,   74,  697,  381,  435,  527,  389,  622,  515,  504,  421,  197,  526,  521,   47,  412,  603,  236,  491,  562,  329,  362,  636,  648,  601,  335,  565,  373,  373,  252,  318,  488,  352,   17,  515,  317,  408,  783,  142,  613,  716,  529,  536,  662,  381,  342,  290,  607,  334,  591,  314,  499,  340,  578,  697,  290,  498,  240,  292,  343,  226,  202,  559,  634,  510,  260,  584,  567,  389,  265,   50,  298,  297,  292,  408,   68,  615,  595,  706,  460,  705,  318,  315,  828,  451,  449,  399,  228,  412,  348,  128,  370,  428,  827,  414,  638,  467,  517,  385,  144,  377,  678,  597,  408,  567,  184,  569,  409,  197,  176,  632,  405,  632,  454,  631,  118,  257,  544,  689],
        [  401,    0,  441,  396,  445,  261,  758,  163,  482,  233,  331,   82,  359,   32,    0,  433,  458,  221,  522,  318,  265,  410,  499,  157,  434,  520,  535,  637,  518,  359,  403,  448,  323,  509,  436,  451,  641,  338,  554,  403,  696,  510,  167,  453,  760,  342,  222,  446,  834,  601,  567,  381,  460,  499,  716,  171,  323,  246,  462,  698,  391,  590,  297,  393,  210,  557,  194,  292,  287,  499,  548,  378,  582,  315,   43,  682,  411,  447,  531,  420,  649,  544,  496,  448,  185,  533,  551,   18,  431,  601,  206,  463,  590,  336,  335,  606,  634,  625,  359,  579,  348,  378,  263,  332,  469,  368,   15,  528,  347,  422,  778,  167,  593,  717,  497,  550,  673,  373,  312,  321,  623,  309,  617,  298,  518,  327,  599,  699,  291,  511,  210,  322,  342,  228,  231,  553,  641,  526,  253,  593,  540,  420,  294,   24,  326,  314,  319,  378,   93,  598,  570,  703,  492,  674,  292,  296,  826,  450,  456,  429,  208,  440,  336,   97,  380,  399,  826,  417,  606,  498,  541,  381,  120,  376,  707,  619,  440,  583,  155,  597,  407,  206,  207,  651,  376,  660,  426,  614,   88,  288,  542,  677],
        [  266,    0,  775,  628,  742,  404,  362,  322,  358,  262,  725,  454,  758,  450,  433,    0,  708,  556,  295,  618,  676,  326,   94,  398,  138,  677,  533,  376,  199,   89,  192,   91,  620,  617,  300,  494,  344,  638,  451,  768,  874,  136,  348,  668,  409,  118,  226,   14,  503,  757,  148,  720,  297,  469,  461,  270,  243,  638,  450,  893,  355,  168,  170,  352,  398,  486,  453,  512,  462,  132,  612,   74,  168,  560,  403,  253,  675,  426,  358,  718,  782,  757,  171,  643,  257,  407,  791,  433,  511,  320,  436,  241,  766,  325,  194,  376,  212,  730,  539,  519,  582,  797,  362,  764,   51,  800,  443,  467,  631,  438,  428,  590,  174,  453,  485,  510,  547,  743,  476,  687,  577,  161,  766,  631,  573,  678,  640,  438,  705,  472,  304,  703,  745,  302,  530,  233,  460,  524,  640,  468,  238,  710,  687,  440,  729,  746,  555,  519,  517,  167,  228,  381,  789,  495,  198,  602,  504,  239,  366,  673,  536,  653,  128,  391,  363,  529,  511,  305,  473,  795,  650,  201,  473,  247,  884,  679,  777,  559,  313,  792,  219,  355,  592,  658,  274,  843,  223,  184,  426,  612,  283,  266],
        [  485,    0,  156,   81,   81,  716,  883,  422,  468,  646,  656,  377,  304,  428,  458,  708,    0,  646,  920,  740,  580,  839,  800,  613,  786,  143,  343, 1031,  874,  621,  550,  773,  138,  207,  481,  907,  687,  756,  994,  217,  247,  834,  612,   60,  821,  591,  600,  719,  851,  183,  854,  160,  873,  949,  684,  562,  470,  288,  912,  243,  395,  871,  542,  399,  323,  425,  650,  745,  247,  685,  267,  635,  875,  760,  495,  889,   48,  365,  522,   83,  238,   95,  649,   92,  500,  477,   94,  475,  253,  651,  663,  855,  158,  395,  722, 1011,  834,  252,  173,  417,  792,  621,  347,  505,  758,  501,  445,  408,  113,  329,  834,  380,  878,  696,  950,  389,  525,  721,  769,  219,  417,  673,  202,  703,  274,  709,  310,  680,  588,  383,  642,  249,  645,  413,  229,  667,  568,  343,  617,  491,  907,   69,  279,  478,  310,  474,  158,  835,  402,  834,  919,  750,  104, 1100,  677,  719,  833,  546,  436,   36,  640,   69,  581,  551,  379,  856,  825,  462, 1042,  108,  211,  530,  566,  487,  257,  297,  162,  379,  581,  150,  530,  365,  289,  371,  793,  212,  818,  841,  546,  181,  606,  845],
        [  601,    0,  589,  595,  614,  194,  912,  372,  692,  297,  181,  292,  454,  240,  221,  556,  646,    0,  523,   98,  166,  383,  595,  158,  501,  728,  755,  628,  565,  505,  587,  536,  508,  724,  640,  333,  827,  118,  484,  532,  891,  586,  209,  653,  934,  500,  334,  568, 1016,  805,  661,  533,  451,  405,  914,  299,  521,  378,  371,  889,  606,  685,  468,  607,  430,  775,  108,  131,  505,  655,  766,  523,  670,  122,  209,  807,  598,  666,  736,  591,  855,  738,  665,  652,  361,  745,  735,  205,  651,  789,  130,  483,  790,  548,  392,  587,  767,  838,  573,  798,  151,  278,  481,  309,  577,  352,  228,  745,  534,  641,  953,  276,  684,  914,  395,  769,  889,  187,  183,  463,  843,  400,  823,   82,  738,  124,  817,  895,  191,  730,  255,  449,  207,  437,  431,  728,  849,  746,  105,  807,  573,  596,  414,  198,  422,  312,  525,  229,  246,  718,  616,  885,  655,  616,  366,   76, 1011,  641,  668,  622,   20,  641,  496,  182,  595,  248, 1013,  624,  538,  662,  756,  568,  106,  574,  902,  836,  586,  803,  248,  793,  597,  424,  361,  871,  379,  856,  454,  737,  154,  466,  731,  819],
        [  547,    0,  947,  842,  933,  330,  583,  499,  646,  290,  702,  582,  880,  551,  522,  295,  920,  523,    0,  539,  683,  143,  234,  399,  160,  922,  811,  116,  113,  347,  478,  204,  805,  872,  585,  289,  628,  554,  174,  920, 1119,  186,  364,  892,  664,  374,  323,  294,  762, 1005,  261,  887,   73,  228,  749,  366,  500,  766,  228, 1133,  625,  277,  405,  622,  597,  773,  421,  419,  680,  419,  879,  345,  252,  463,  480,  429,  879,  700,  651,  908, 1039,  986,  463,  872,  420,  698, 1010,  512,  767,  609,  397,   66, 1008,  582,  198,   92,  422,  992,  766,  806,  469,  800,  588,  811,  261,  853,  536,  751,  823,  704,  681,  685,  268,  738,  248,  793,  841,  692,  364,  835,  864,  248, 1017,  574,  841,  624,  914,  725,  710,  753,  314,  841,  730,  515,  706,  520,  754,  801,  627,  761,   86,  903,  815,  516,  847,  803,  762,  369,  614,  355,  135,  653,  982,  202,  244,  533,  767,  531,  649,  885,  507,  876,  381,  436,  629,  367,  777,  586,  183,  988,  907,  480,  490,  523, 1130,  950,  947,  842,  368, 1029,  504,  557,  724,  939,  151, 1085,  103,  374,  465,  783,  576,  484],
        [  689,    0,  674,  691,  704,  223,  978,  464,  782,  356,  186,  390,  530,  337,  318,  618,  740,   98,  539,    0,  211,  397,  645,  230,  545,  824,  851,  634,  598,  577,  669,  585,  602,  822,  729,  303,  907,   22,  468,  614,  986,  629,  277,  748, 1008,  575,  404,  629, 1094,  901,  709,  621,  468,  383,  999,  376,  608,  466,  353,  982,  699,  733,  548,  699,  527,  869,  169,  121,  603,  726,  864,  593,  715,   78,  303,  863,  692,  760,  825,  682,  952,  832,  740,  749,  446,  837,  827,  302,  748,  870,  182,  509,  886,  641,  439,  591,  828,  935,  670,  892,   88,  295,  576,  358,  633,  399,  325,  840,  628,  737, 1027,  365,  730,  998,  368,  865,  982,  156,  176,  549,  938,  458,  919,   50,  835,   91,  915,  980,  227,  825,  315,  533,  217,  529,  528,  805,  939,  843,  147,  899,  600,  687,  498,  295,  500,  369,  622,  194,  341,  774,  647,  963,  744,  600,  422,   23, 1089,  725,  760,  716,  111,  737,  572,  268,  689,  208, 1093,  713,  521,  750,  853,  651,  200,  661,  996,  934,  671,  899,  323,  887,  681,  518,  452,  968,  406,  950,  485,  794,  245,  560,  814,  883],
        [  664,    0,  488,  547,  530,  356, 1018,  426,  739,  431,   79,  301,  331,  265,  265,  676,  580,  166,  683,  211,    0,  545,  729,  294,  643,  687,  763,  790,  715,  612,  667,  672,  450,  701,  697,  495,  905,  216,  649,  422,  825,  727,  341,  601, 1024,  600,  452,  690, 1099,  755,  796,  441,  612,  570,  978,  407,  587,  293,  536,  816,  644,  820,  558,  646,  449,  800,  263,  294,  503,  758,  752,  631,  808,  273,  281,  929,  534,  691,  791,  511,  808,  674,  758,  609,  445,  787,  660,  257,  648,  865,  287,  638,  734,  592,  535,  751,  885,  803,  551,  817,  294,  122,  512,  149,  705,  190,  262,  771,  475,  660, 1042,  207,  821,  980,  558,  786,  918,  142,  347,  370,  854,  530,  774,  162,  730,  143,  805,  961,   29,  751,  393,  348,   80,  490,  399,  817,  897,  755,   66,  843,  727,  520,  312,  249,  304,  159,  492,  389,  226,  842,  767,  967,  564,  781,  502,  198, 1090,  714,  711,  563,  180,  592,  594,  286,  631,  406, 1090,  678,  703,  570,  728,  645,  207,  640,  835,  816,  484,  812,  366,  729,  671,  459,  296,  864,  535,  791,  607,  860,  251,  405,  806,  932],
        [  534,    0,  847,  765,  842,  190,  665,  425,  638,  194,  561,  479,  764,  441,  410,  326,  839,  383,  143,  397,  545,    0,  303,  270,  199,  861,  782,  246,  216,  342,  475,  251,  715,  822,  576,  173,  668,  412,  157,  813, 1056,  269,  244,  819,  730,  362,  247,  331,  825,  946,  353,  787,   71,  146,  784,  278,  471,  655,  125, 1066,  595,  374,  375,  594,  525,  759,  284,  276,  613,  457,  838,  348,  352,  321,  367,  523,  795,  672,  656,  817,  984,  913,  493,  803,  351,  694,  932,  398,  720,  642,  260,  121,  944,  545,  149,  207,  503,  944,  699,  791,  328,  660,  530,  677,  312,  720,  425,  734,  736,  668,  748,  567,  368,  776,  161,  773,  844,  550,  222,  729,  848,  206,  959,  431,  801,  481,  878,  761,  572,  731,  202,  731,  589,  457,  616,  556,  767,  773,  487,  760,  209,  814,  702,  400,  730,  672,  684,  233,  499,  438,  258,  705,  891,  265,  182,  390,  827,  534,  633,  806,  367,  804,  366,  317,  596,  234,  835,  571,  203,  897,  857,  471,  359,  506, 1066,  912,  847,  820,  262,  961,  499,  489,  616,  913,   57, 1020,  113,  459,  341,  688,  598,  565],
        [  356,    0,  863,  720,  832,  424,  363,  405,  444,  300,  770,  531,  838,  520,  499,   94,  800,  595,  234,  645,  729,  303,    0,  439,  107,  771,  622,  297,  125,  180,  282,   60,  709,  709,  388,  476,  395,  664,  403,  853,  967,   52,  390,  761,  434,  210,  281,   85,  531,  850,   69,  807,  257,  438,  517,  330,  336,  718,  425,  986,  447,   92,  260,  444,  487,  571,  488,  532,  554,  191,  703,  167,   83,  580,  466,  223,  767,  516,  437,  808,  875,  850,  239,  736,  335,  490,  884,  497,  603,  379,  468,  195,  859,  418,  206,  305,  200,  822,  632,  604,  598,  850,  453,  827,   44,  865,  511,  553,  721,  530,  451,  662,   94,  506,  456,  597,  624,  781,  488,  770,  662,  199,  858,  665,  665,  714,  730,  493,  757,  560,  341,  785,  793,  391,  616,  290,  531,  613,  687,  548,  162,  800,  767,  504,  807,  811,  646,  521,  588,  136,  141,  420,  880,  426,  229,  632,  535,  323,  454,  765,  575,  745,  219,  445,  456,  527,  544,  394,  417,  886,  742,  292,  522,  339,  977,  769,  864,  646,  364,  885,  308,  444,  672,  746,  262,  936,  191,  157,  480,  699,  352,  262],
        [  464,    0,  595,  548,  601,  104,  754,  254,  561,  140,  331,  237,  496,  188,  157,  398,  613,  158,  399,  230,  294,  270,  439,    0,  350,  667,  651,  511,  422,  349,  440,  381,  479,  647,  505,  294,  678,  251,  405,  553,  848,  434,   51,  605,  780,  346,  177,  410,  865,  749,  507,  535,  330,  344,  771,  147,  384,  393,  307,  852,  484,  531,  319,  484,  337,  658,   63,  157,  423,  499,  679,  366,  517,  194,  119,  649,  566,  552,  600,  576,  795,  698,  511,  598,  221,  617,  706,  141,  559,  641,   60,  348,  740,  426,  241,  475,  609,  767,  503,  684,  225,  415,  372,  413,  420,  455,  171,  629,  503,  533,  799,  299,  530,  769,  342,  658,  765,  345,  161,  472,  733,  243,  765,  235,  647,  281,  728,  751,  322,  617,  100,  470,  354,  315,  385,  575,  716,  642,  248,  681,  435,  576,  439,  140,  463,  405,  470,  228,  236,  560,  474,  733,  648,  529,  211,  211,  860,  497,  542,  583,  139,  592,  343,   63,  477,  248,  863,  491,  458,  654,  681,  423,   92,  436,  859,  752,  593,  697,   94,  750,  453,  317,  359,  775,  249,  813,  315,  579,   74,  445,  585,  662],
        [  389,    0,  830,  707,  808,  322,  467,  371,  487,  213,  680,  478,  785,  459,  434,  138,  786,  501,  160,  545,  643,  199,  107,  350,    0,  775,  654,  254,   90,  189,  319,   53,  681,  722,  427,  371,  479,  564,  313,  812,  973,   85,  303,  753,  532,  218,  214,  140,  629,  858,  165,  772,  161,  337,  598,  264,  346,  667,  322,  989,  469,  189,  254,  466,  464,  614,  393,  429,  541,  267,  725,  186,  171,  478,  396,  329,  748,  543,  493,  783,  888,  845,  309,  731,  293,  539,  874,  428,  615,  457,  372,  104,  863,  429,  110,  246,  305,  840,  625,  647,  494,  765,  444,  752,  115,  792,  447,  593,  696,  550,  550,  600,  186,  589,  355,  635,  682,  685,  384,  728,  705,  126,  868,  568,  686,  617,  758,  575,  672,  595,  251,  738,  704,  375,  584,  369,  597,  644,  597,  602,  122,  777,  716,  434,  754,  739,  628,  415,  526,  243,  139,  512,  857,  361,  145,  533,  631,  372,  490,  751,  482,  737,  225,  366,  474,  421,  640,  427,  336,  863,  756,  322,  438,  365,  984,  795,  831,  684,  286,  886,  345,  421,  622,  782,  156,  940,   89,  263,  400,  665,  420,  367],
        [  426,    0,  299,  141,  224,  765,  797,  438,  382,  670,  765,  440,  440,  494,  520,  677,  143,  728,  922,  824,  687,  861,  771,  667,  775,    0,  223, 1028,  861,  595,  499,  753,  240,   80,  410,  953,  592,  842, 1018,  358,  199,  811,  655,   93,  722,  565,  615,  687,  740,   85,  816,  297,  884,  984,  570,  586,  435,  402,  949,  216,  331,  830,  522,  335,  339,  310,  712,  812,  250,  629,  133,  606,  838,  833,  550,  825,  170,  279,  429,  223,  129,  103,  587,   79,  511,  376,  155,  537,  171,  560,  722,  856,   89,  353,  730, 1013,  771,  118,  165,  295,  866,  742,  335,  630,  727,  631,  509,  299,  216,  251,  733,  481,  839,  584,  988,  270,  396,  827,  827,  347,  285,  675,  100,  793,  152,  807,  170,  570,  699,  276,  675,  380,  757,  408,  297,  591,  453,  226,  716,  376,  896,  208,  405,  542,  442,  598,  203,  894,  485,  782,  900,  650,  238, 1113,  687,  803,  721,  480,  353,  138,  719,   97,  556,  604,  319,  914,  712,  395, 1062,  239,   72,  483,  636,  436,  209,  155,  304,  250,  616,  118,  475,  373,  392,  230,  810,  166,  821,  785,  606,  284,  524,  772],
        [  267,    0,  490,  294,  419,  735,  584,  397,  186,  608,  840,  470,  596,  518,  535,  533,  343,  755,  811,  851,  763,  782,  622,  651,  654,  223,    0,  905,  730,  465,  341,  619,  374,  144,  235,  907,  376,  872,  936,  534,  382,  669,  624,  284,  503,  437,  544,  539,  517,  272,  656,  469,  788,  920,  348,  532,  313,  519,  889,  411,  188,  665,  410,  190,  325,   87,  708,  807,  260,  453,   99,  469,  678,  839,  551,  633,  348,  112,  220,  409,  276,  325,  406,  252,  448,  162,  378,  550,  118,  348,  710,  748,  296,  239,  637,  899,  581,  214,  230,   75,  872,  845,  279,  747,  580,  759,  529,   82,  360,  119,  513,  565,  676,  361,  929,   48,  184,  893,  807,  494,   92,  579,  272,  832,   72,  857,  109,  347,  782,   65,  626,  527,  840,  341,  373,  394,  230,   10,  774,  153,  768,  394,  541,  558,  586,  716,  295,  872,  538,  604,  761,  432,  447, 1011,  601,  829,  498,  303,  169,  321,  741,  276,  430,  595,  187,  890,  489,  229,  972,  450,  160,  334,  652,  289,  390,  150,  494,   50,  577,  332,  315,  336,  490,  131,  727,  359,  717,  603,  610,  408,  321,  572],
        [  639,    0, 1062,  953, 1047,  435,  608,  611,  734,  406,  804,  697,  995,  666,  637,  376, 1031,  628,  116,  634,  790,  246,  297,  511,  254, 1028,  905,    0,  177,  442,  567,  287,  919,  976,  675,  357,  687,  647,  200, 1035, 1226,  246,  478, 1002,  703,  471,  437,  372,  799, 1111,  298, 1002,  181,  281,  808,  481,  600,  881,  296, 1241,  722,  306,  507,  719,  709,  861,  529,  516,  790,  487,  979,  436,  282,  557,  595,  449,  991,  796,  732, 1022, 1142, 1095,  535,  981,  532,  783, 1121,  627,  869,  673,  505,  179, 1115,  683,  312,   46,  455, 1094,  875,  895,  558,  905,  695,  921,  334,  963,  651,  842,  936,  803,  717,  800,  295,  796,  302,  885,  920,  789,  459,  951,  953,  359, 1122,  672,  940,  721, 1010,  785,  817,  845,  429,  957,  833,  624,  820,  585,  828,  896,  732,  843,  139, 1017,  930,  630,  962,  915,  873,  452,  729,  391,  160,  703, 1096,  144,  358,  630,  807,  615,  740,  996,  612,  986,  479,  550,  728,  446,  818,  678,  176, 1102, 1010,  572,  601,  617, 1236, 1048, 1062,  934,  483, 1137,  593,  667,  840, 1032,  264, 1193,  216,  408,  578,  897,  648,  515],
        [  463,    0,  919,  795,  897,  377,  471,  460,  557,  291,  745,  565,  872,  544,  518,  199,  874,  565,  113,  598,  715,  216,  125,  422,   90,  861,  730,  177,    0,  268,  390,  111,  770,  805,  499,  384,  519,  615,  286,  900, 1059,   74,  378,  840,  552,  298,  300,  196,  649,  943,  149,  861,  154,  332,  641,  349,  428,  754,  326, 1075,  548,  166,  339,  545,  553,  685,  458,  479,  629,  314,  805,  261,  142,  526,  478,  318,  837,  621,  556,  872,  972,  932,  361,  818,  382,  606,  962,  512,  698,  503,  435,   95,  948,  512,  185,  180,  309,  921,  712,  718,  538,  836,  531,  830,  158,  871,  531,  665,  785,  630,  568,  684,  158,  630,  352,  708,  744,  745,  428,  816,  776,  213,  953,  626,  766,  676,  836,  618,  743,  669,  325,  826,  771,  463,  673,  414,  653,  720,  665,  666,   39,  866,  803,  517,  840,  819,  717,  448,  610,  243,   53,  543,  946,  302,  227,  588,  655,  438,  564,  839,  547,  825,  306,  445,  554,  450,  665,  502,  295,  952,  839,  397,  512,  442, 1069,  874,  920,  757,  367,  972,  417,  510,  710,  856,  193, 1026,  114,  262,  477,  754,  474,  372],
        [  201,    0,  687,  541,  653,  377,  408,  236,  302,  227,  667,  372,  674,  373,  359,   89,  621,  505,  347,  577,  612,  342,  180,  349,  189,  595,  465,  442,  268,    0,  135,  159,  532,  538,  240,  498,  341,  598,  485,  681,  793,  216,  300,  582,  432,   31,  174,  101,  520,  676,  236,  632,  331,  488,  449,  208,  161,  554,  463,  811,  281,  256,   82,  278,  310,  428,  409,  481,  375,  150,  538,   19,  256,  527,  333,  324,  588,  355,  315,  630,  704,  672,  167,  558,  177,  356,  705,  361,  431,  309,  396,  286,  683,  245,  195,  435,  276,  654,  453,  460,  553,  731,  274,  690,  138,  725,  367,  405,  543,  363,  451,  510,  262,  444,  501,  447,  504,  690,  453,  600,  518,  143,  686,  584,  499,  629,  569,  427,  640,  407,  265,  617,  684,  214,  442,  232,  425,  456,  582,  420,  305,  622,  601,  369,  645,  670,  467,  505,  439,  244,  305,  390,  701,  548,  178,  559,  517,  193,  303,  586,  486,  567,   40,  331,  287,  517,  522,  240,  515,  707,  572,  134,  414,  177,  803,  607,  689,  496,  258,  709,  159,  267,  507,  593,  287,  761,  258,  258,  365,  524,  260,  320],
        [   76,    0,  642,  471,  596,  488,  370,  246,  169,  339,  731,  389,  662,  408,  403,  192,  550,  587,  478,  669,  667,  475,  282,  440,  319,  499,  341,  567,  390,  135,    0,  280,  485,  432,  109,  626,  241,  691,  619,  649,  692,  328,  396,  502,  358,  114,  277,  198,  433,  575,  320,  593,  466,  620,  333,  294,   93,  547,  594,  714,  169,  332,  122,  165,  278,  296,  502,  586,  314,  136,  423,  134,  342,  629,  390,  342,  524,  235,  181,  575,  596,  585,  107,  474,  227,  222,  625,  411,  328,  203,  494,  418,  586,  155,  327,  564,  287,  542,  378,  329,  657,  780,  220,  720,  240,  749,  407,  276,  491,  251,  376,  528,  342,  330,  633,  319,  369,  764,  566,  575,  387,  272,  582,  668,  384,  709,  448,  312,  694,  280,  372,  598,  744,  192,  411,  152,  294,  332,  649,  286,  429,  564,  590,  419,  637,  695,  408,  622,  465,  286,  420,  301,  641,  679,  304,  650,  426,   61,  174,  515,  568,  488,  112,  406,  180,  637,  427,  113,  649,  646,  464,   25,  486,   64,  701,  488,  644,  367,  348,  616,   27,  242,  501,  466,  420,  662,  392,  292,  436,  489,  145,  307],
