{
    "name": "random-87-13920",
    "comment": "size=87 seed=13920",
    "nodes": ["+0", "-0", "+1", "-1", "+2", "-2", "+3", "-3", "+4", "-4", "+5", "-5", "+6", "-6", "+7", "-7", "+8", "-8", "+9", "-9", "+10", "-10", "+11", "-11", "+12", "-12", "+13", "-13", "+14", "-14", "+15", "-15", "+16", "-16", "+17", "-17", "+18", "-18", "+19", "-19", "+20", "-20", "+21", "-21", "+22", "-22", "+23", "-23", "+24", "-24", "+25", "-25", "+26", "-26", "+27", "-27", "+28", "-28", "+29", "-29", "+30", "-30", "+31", "-31", "+32", "-32", "+33", "-33", "+34", "-34", "+35", "-35", "+36", "-36", "+37", "-37", "+38", "-38", "+39", "-39", "+40", "-40", "+41", "-41", "+42", "-42", "+43", "-43", "+44", "-44", "+45", "-45", "+46", "-46", "+47", "-47", "+48", "-48", "+49", "-49", "+50", "-50", "+51", "-51", "+52", "-52", "+53", "-53", "+54", "-54", "+55", "-55", "+56", "-56", "+57", "-57", "+58", "-58", "+59", "-59", "+60", "-60", "+61", "-61", "+62", "-62", "+63", "-63", "+64", "-64", "+65", "-65", "+66", "-66", "+67", "-67", "+68", "-68", "+69", "-69", "+70", "-70", "+71", "-71", "+72", "-72", "+73", "-73", "+74", "-74", "+75", "-75", "+76", "-76", "+77", "-77", "+78", "-78", "+79", "-79", "+80", "-80", "+81", "-81", "+82", "-82", "+83", "-83", "+84", "-84", "+85", "-85", "+86", "-86", "+87", "-87"],
    "precedence": {
        "+0": "-0",
        "+1": "-1",
        "+2": "-2",
        "+3": "-3",
        "+4": "-4",
        "+5": "-5",
        "+6": "-6",
        "+7": "-7",
        "+8": "-8",
        "+9": "-9",
        "+10": "-10",
        "+11": "-11",
        "+12": "-12",
        "+13": "-13",
        "+14": "-14",
        "+15": "-15",
        "+16": "-16",
        "+17": "-17",
        "+18": "-18",
        "+19": "-19",
        "+20": "-20",
        "+21": "-21",
        "+22": "-22",
        "+23": "-23",
        "+24": "-24",
        "+25": "-25",
        "+26": "-26",
        "+27": "-27",
        "+28": "-28",
        "+29": "-29",
        "+30": "-30",
        "+31": "-31",
        "+32": "-32",
        "+33": "-33",
        "+34": "-34",
        "+35": "-35",
        "+36": "-36",
        "+37": "-37",
        "+38": "-38",
        "+39": "-39",
        "+40": "-40",
        "+41": "-41",
        "+42": "-42",
        "+43": "-43",
        "+44": "-44",
        "+45": "-45",
        "+46": "-46",
        "+47": "-47",
        "+48": "-48",
        "+49": "-49",
        "+50": "-50",
        "+51": "-51",
        "+52": "-52",
        "+53": "-53",
        "+54": "-54",
        "+55": "-55",
        "+56": "-56",
        "+57": "-57",
        "+58": "-58",
        "+59": "-59",
        "+60": "-60",
        "+61": "-61",
        "+62": "-62",
        "+63": "-63",
        "+64": "-64",
        "+65": "-65",
        "+66": "-66",
        "+67": "-67",
        "+68": "-68",
        "+69": "-69",
        "+70": "-70",
        "+71": "-71",
        "+72": "-72",
        "+73": "-73",
        "+74": "-74",
        "+75": "-75",
        "+76": "-76",
        "+77": "-77",
        "+78": "-78",
        "+79": "-79",
        "+80": "-80",
        "+81": "-81",
        "+82": "-82",
        "+83": "-83",
        "+84": "-84",
        "+85": "-85",
        "+86": "-86",
        "+87": "-87"
    },
    "edges": [
        [    0,    0,  409,  193,  512,  655,  352,  233,  130,  335,  553,  387,  426,  590,  161,  582,  226,  452,  463,  159,  275,  261,  183,  503,  142,  421,  366,  303,  400,  285,  233,  299,  703,  241,  150,  469,  312,  552,  286,  675,   47,  313,  642,  580,  550,  679,  172,  254,  319,  449,  444,  516,  412,  206,  372,   65,  484,  320,  137,  392,  388,  613,  224,  170,  140,  396,  547,  194,  539,  312,  370,  135,  216,  210,  662,  244,  416,  508,  356,  469,  270,  576,  688,  555,  161,  170,  493,  414,  527,  318,  314,  450,  628,  115,  514,  369,  562,  477,  569,  531,  369,  589,  139,  503,  157,  275,  635,  123,  493,  133,  595,  565,  491,  639,  557,  518,  551,  448,  200,  209,  714,  641,  395,  494,  649,  265,  413,  507,  192,  408,  620,  664,   87,  256,  467,  325,  221,  332,  333,  278,  422,  252,  419,  305,  579,  116,  394,  434,  613,  266,  262,  382,  592,   95,  559,  108,  582,  419,  185,  325,  280,  243,  498,  594,  648,  393,  321,  205,  402,  335,   72,  171,  601,  209,  448,  450],
        [    0,    0,    0,    0,    0,    0,    0,    0,    0,    0,    0,    0,    0,    0,    0,    0,    0,    0,    0,    0,    0,    0,    0,    0,    0,    0,    0,    0,    0,    0,    0,    0,    0,    0,    0,    0,    0,    0,    0,    0,    0,    0,    0,    0,    0,    0,    0,    0,    0,    0,    0,    0,    0,    0,    0,    0,    0,    0,    0,    0,    0,    0,    0,    0,    0,    0,    0,    0,    0,    0,    0,    0,    0,    0,    0,    0,    0,    0,    0,    0,    0,    0,    0,    0,    0,    0,    0,    0,    0,    0,    0,    0,    0,    0,    0,    0,    0,    0,    0,    0,    0,    0,    0,    0,    0,    0,    0,    0,    0,    0,    0,    0,    0,    0,    0,    0,    0,    0,    0,    0,    0,    0,    0,    0,    0,    0,    0,    0,    0,    0,    0,    0,    0,    0,    0,    0,    0,    0,    0,    0,    0,    0,    0,    0,    0,    0,    0,    0,    0,    0,    0,    0,    0,    0,    0,    0,    0,    0,    0,    0,    0,    0,    0,    0,    0,    0,    0,    0,    0,    0,    0,    0,    0,    0,    0,    0],
        [  409,    0,    0,  584,  328,  370,  526,  461,  398,  591,  406,  741,  688,  477,  379,  352,  234,  739,  251,  524,  641,  165,  559,  140,  270,  724,  774,  172,  790,  567,  416,  520,  455,  640,  306,  852,  716,  889,  679,  388,  368,  156,  558,  318,  869,  389,  567,  222,  130,  539,  669,  202,  735,  217,   38,  464,  242,  261,  526,  263,  417,  511,  632,  569,  537,  388,  489,  420,  428,  117,  772,  513,  510,  541,  439,  299,  115,  840,  724,  348,  606,  898,  434,  899,  569,  570,  438,  152,  203,  673,  710,  495,  504,  486,  665,  572,  252,  582,  163,  198,  368,  329,  513,  289,  253,  658,  354,  491,  742,  290,  318,  866,  648,  421,  354,  592,  888,  825,  608,  499,  480,  955,  783,  837,  447,  652,  821,  645,  391,  521,  437,  402,  334,  569,  225,  186,  624,  297,  642,  630,  566,  505,  691,  708,  839,  326,  247,  467,  280,  673,  390,  750,  353,  379,  203,  465,  381,  125,  497,  216,  689,  631,  846,  370,  451,  724,  577,  384,  405,  142,  446,  418,  368,  201,  221,  469],
        [  193,    0,  584,    0,  703,  768,  483,  373,  297,  426,  627,  204,  493,  771,  334,  684,  418,  307,  579,   74,   96,  424,  217,  659,  331,  270,  221,  495,  325,  193,  262,  422,  798,   59,  342,  276,  140,  534,  233,  867,  222,  463,  815,  693,  550,  871,   22,  392,  508,  432,  343,  655,  247,  395,  548,  173,  606,  429,   59,  498,  426,  791,   99,   35,   54,  573,  721,  224,  721,  476,  190,  204,  159,  287,  852,  346,  605,  331,  167,  549,  316,  570,  786,  529,   96,  157,  669,  605,  668,  141,  241,  459,  808,  100,  628,  483,  694,  614,  739,  674,  548,  700,   75,  611,  339,   82,  750,   97,  557,  325,  788,  580,  605,  829,  748,  661,  369,  255,  104,  322,  904,  635,  203,  311,  731,   72,  253,  627,  247,  391,  808,  856,  280,  147,  591,  462,   59,  519,  194,  300,  382,  208,  480,  211,  623,  260,  506,  598,  748,  157,  431,  192,  696,  276,  707,  122,  673,  569,  138,  451,  151,   50,  313,  691,  728,  407,  417,  375,  576,  486,  209,  328,  701,  386,  572,  616],
        [  512,    0,  328,  703,    0,  686,  378,  395,  416,  481,  733,  898,  552,  152,  379,  678,  296,  946,  578,  669,  787,  410,  571,  452,  395,  921,  825,  242,  776,  769,  647,  412,  774,  744,  363,  975,  802,  787,  686,  185,  496,  445,  235,  641,  751,  191,  681,  480,  260,  822,  907,  523,  918,  337,  329,  535,  570,  552,  649,  576,  708,  186,  705,  675,  649,  183,  184,  631,  112,  395,  860,  542,  700,  515,  151,  553,  214, 1018,  867,  669,  560,  779,  754,  803,  644,  613,  154,  179,  521,  829,  720,  789,  177,  624,  448,  426,  570,  356,  400,  514,  190,  653,  650,  616,  402,  785,  671,  631,  582,  388,  124,  730,  441,  127,   46,  341, 1062,  957,  675,  458,  202,  820,  901, 1005,  774,  774,  880,  425,  607,  795,  118,  161,  428,  753,  552,  483,  719,  186,  832,  595,  832,  716,  562,  735,  670,  502,  563,  238,  584,  722,  305,  893,  678,  429,  506,  611,  708,  452,  676,  512,  747,  752, 1009,  696,  778,  643,  471,  347,  194,  443,  502,  401,  694,  384,  548,  227],
        [  655,    0,  370,  768,  686,    0,  877,  792,  704,  925,  197,  850, 1024,  837,  698,   94,  572,  777,  193,  695,  782,  415,  835,  235,  556,  781,  987,  532, 1052,  654,  515,  859,   93,  827,  619,  985,  907, 1197,  939,  687,  608,  353,  919,   76, 1187,  685,  759,  402,  490,  477,  670,  170,  810,  533,  387,  719,  171,  342,  720,  271,  385,  871,  848,  769,  738,  757,  856,  547,  792,  379,  951,  786,  631,  842,  767,  425,  480,  905,  852,  237,  908, 1215,   73, 1203,  796,  822,  807,  518,  168,  796,  964,  417,  861,  676, 1027,  920,  119,  947,  306,  173,  735,   68,  696,  157,  529,  817,   20,  676, 1084,  584,  638, 1193, 1009,  754,  702,  960,  952,  952,  833,  813,  797, 1277,  930,  917,  135,  817, 1021, 1008,  522,  490,  782,  715,  614,  681,  190,  332,  823,  663,  728,  924,  538,  597, 1024,  950, 1180,  540,  264,  836,  109,  902,  739,  874,   80,  672,  182,  653,  126,  268,  638,  330,  908,  803,  930,   97,  143, 1032,  910,  718,  773,  335,  716,  736,   84,  483,  208,  838],
        [  352,    0,  526,  483,  378,  877,    0,  120,  226,  108,  837,  682,  177,  358,  207,  830,  306,  784,  707,  489,  578,  473,  278,  663,  348,  749,  516,  354,  426,  631,  578,   63,  949,  498,  276,  713,  527,  410,  361,  561,  374,  535,  370,  811,  375,  567,  462,  515,  396,  793,  791,  711,  729,  349,  499,  324,  716,  601,  449,  661,  715,  364,  437,  448,  438,  196,  288,  542,  326,  500,  580,  280,  564,  204,  495,  549,  450,  810,  641,  754,  217,  404,  930,  426,  393,  339,  258,  420,  717,  623,  392,  786,  389,  451,  166,   50,  763,  132,  671,  715,  194,  822,  466,  751,  374,  555,  859,  459,  219,  320,  500,  359,  144,  475,  415,  179,  845,  705,  409,  162,  541,  450,  643,  787,  916,  542,  572,  156,  534,  754,  433,  530,  316,  595,  696,  566,  469,  242,  665,  253,  772,  603,  186,  419,  315,  429,  656,  158,  800,  427,  139,  663,  837,  266,  727,  453,  845,  610,  532,  582,  456,  522,  786,  846,  917,  270,  102,  171,  184,  549,  292,  183,  849,  407,  682,  177],
        [  233,    0,  461,  373,  395,  792,  120,    0,  109,  134,  734,  575,  233,  419,   97,  737,  228,  669,  613,  372,  467,  379,  186,  591,  244,  635,  440,  295,  382,  512,  460,   73,  858,  395,  175,  618,  434,  431,  293,  579,  256,  441,  450,  722,  409,  584,  352,  412,  333,  676,  673,  630,  618,  260,  429,  208,  626,  496,  334,  560,  601,  433,  340,  339,  325,  226,  359,  424,  376,  414,  490,  174,  445,  121,  533,  438,  407,  702,  535,  651,  167,  438,  839,  443,  288,  240,  314,  384,  638,  513,  327,  671,  455,  334,  283,  142,  682,  247,  617,  637,  209,  733,  350,  657,  271,  449,  773,  341,  294,  215,  508,  407,  260,  510,  438,  291,  740,  607,  310,   65,  582,  495,  546,  681,  819,  436,  496,  275,  417,  636,  476,  555,  203,  478,  606,  469,  367,  221,  549,  201,  653,  483,  233,  346,  389,  315,  556,  230,  724,  341,   92,  558,  745,  149,  655,  334,  748,  528,  414,  482,  369,  415,  681,  752,  819,  269,  119,   77,  223,  458,  174,   66,  756,  311,  590,  249],
        [  130,    0,  398,  297,  416,  704,  226,  109,    0,  230,  633,  499,  328,  474,   38,  643,  170,  578,  520,  281,  388,  290,  169,  518,  149,  546,  414,  251,  398,  414,  352,  180,  765,  331,   93,  562,  386,  498,  291,  591,  148,  351,  520,  632,  484,  596,  275,  313,  281,  567,  573,  548,  533,  183,  364,  124,  535,  394,  249,  461,  494,  494,  290,  266,  245,  277,  425,  317,  425,  331,  445,  130,  345,  144,  563,  332,  370,  625,  463,  549,  209,  512,  747,  505,  229,  199,  373,  356,  557,  433,  324,  562,  511,  239,  391,  250,  599,  349,  560,  558,  252,  643,  259,  563,  175,  378,  685,  247,  393,  120,  514,  490,  368,  540,  461,  389,  665,  546,  260,  110,  615,  573,  488,  607,  721,  366,  468,  382,  309,  528,  515,  574,   97,  383,  515,  375,  305,  230,  458,  233,  547,  380,  325,  331,  485,  207,  459,  307,  644,  310,  136,  488,  652,   41,  580,  236,  651,  446,  314,  385,  333,  344,  609,  657,  721,  331,  215,   79,  280,  370,   89,   44,  662,  223,  499,  324],
        [  335,    0,  591,  426,  481,  925,  108,  134,  230,    0,  863,  617,  100,  465,  228,  869,  360,  732,  745,  447,  519,  511,  210,  724,  374,  695,  424,  422,  321,  594,  567,   74,  990,  430,  307,  631,  446,  312,  268,  665,  368,  574,  473,  855,  283,  671,  408,  541,  463,  782,  755,  763,  671,  393,  561,  290,  758,  623,  403,  689,  719,  470,  364,  392,  389,  299,  394,  528,  433,  547,  495,  229,  532,  140,  602,  561,  529,  743,  573,  778,  124,  312,  972,  326,  331,  272,  365,  503,  771,  563,  296,  784,  496,  415,  205,   73,  815,  215,  745,  770,  293,  866,  425,  789,  401,  490,  906,  422,  163,  345,  602,  275,  183,  581,  519,  266,  774,  627,  339,  127,  648,  365,  565,  718,  949,  477,  478,  207,  526,  742,  540,  635,  327,  554,  738,  601,  402,  329,  616,  157,  753,  576,  100,  326,  257,  433,  687,  266,  857,  343,  206,  593,  877,  269,  787,  422,  879,  661,  500,  613,  372,  458,  715,  883,  950,  163,   15,  209,  289,  591,  265,  192,  888,  443,  722,  284],
        [  553,    0,  406,  627,  733,  197,  837,  734,  633,  863,    0,  677,  961,  878,  638,  109,  540,  591,  156,  554,  623,  368,  735,  313,  491,  598,  847,  528,  934,  485,  365,  806,  183,  683,  562,  815,  760, 1104,  824,  780,  509,  310,  958,  153, 1102,  780,  621,  323,  492,  284,  480,  240,  630,  492,  405,  616,  169,  240,  587,  177,  209,  912,  716,  634,  606,  757,  881,  404,  828,  355,  799,  687,  476,  758,  842,  310,  520,  721,  685,   85,  821, 1128,  177, 1107,  672,  709,  826,  555,  250,  630,  845,  225,  908,  544,  998,  873,  223,  929,  419,  262,  731,  149,  560,  122,  464,  663,  187,  543, 1025,  520,  717, 1115,  977,  825,  760,  952,  766,  781,  706,  741,  881, 1193,  767,  735,  106,  665,  874,  982,  385,  302,  843,  800,  537,  518,  184,  275,  684,  659,  555,  830,  347,  435,  957,  825, 1118,  439,  184,  832,  260,  773,  702,  706,  122,  595,  295,  523,   71,  282,  490,  255,  774,  654,  749,  101,  103,  945,  848,  668,  772,  303,  622,  672,  113,  431,  186,  838],
        [  387,    0,  741,  204,  898,  850,  682,  575,  499,  617,  677,    0,  671,  972,  536,  758,  607,  155,  675,  231,  112,  576,  408,  789,  512,  118,  277,  679,  432,  197,  346,  620,  859,  187,  536,  139,  196,  659,  381, 1056,  405,  600, 1017,  779,  687, 1060,  225,  527,  685,  420,  250,  768,   78,  577,  706,  376,  705,  535,  252,  593,  470,  993,  255,  237,  255,  775,  924,  327,  922,  626,  185,  403,  235,  482, 1048,  461,  781,  128,   46,  615,  498,  702,  851,  649,  290,  346,  872,  786,  783,   70,  372,  468, 1010,  275,  820,  679,  799,  814,  883,  791,  750,  784,  249,  698,  515,  128,  833,  268,  731,  513,  976,  725,  798, 1025,  943,  861,  167,  105,  279,  522, 1100,  763,  111,  108,  782,  141,  266,  821,  357,  387, 1006, 1048,  471,  177,  695,  589,  216,  718,  123,  475,  354,  256,  656,  334,  785,  421,  606,  801,  854,  291,  634,   40,  772,  476,  828,  290,  737,  699,  244,  569,  266,  161,  112,  761,  778,  566,  609,  578,  779,  622,  411,  531,  772,  554,  677,  819],
        [  426,    0,  688,  493,  552, 1024,  177,  233,  328,  100,  961,  671,    0,  512,  328,  969,  458,  798,  845,  523,  582,  611,  278,  822,  474,  759,  447,  518,  316,  671,  658,  169, 1090,  487,  407,  667,  488,  238,  298,  732,  462,  673,  505,  955,  200,  738,  477,  640,  559,  871,  830,  863,  732,  492,  658,  376,  858,  722,  478,  788,  813,  511,  417,  460,  462,  371,  438,  617,  489,  646,  530,  308,  613,  220,  660,  658,  621,  795,  627,  877,  178,  228, 1072,  256,  398,  337,  420,  593,  870,  624,  319,  876,  539,  496,  182,  127,  915,  234,  839,  869,  370,  965,  502,  888,  501,  548, 1005,  503,   68,  444,  675,  183,  167,  641,  586,  280,  822,  667,  396,  222,  703,  274,  606,  767, 1048,  535,  497,  196,  618,  830,  596,  700,  425,  629,  838,  701,  459,  416,  686,  197,  838,  659,   18,  355,  157,  529,  786,  321,  955,  385,  299,  643,  977,  366,  885,  506,  978,  760,  582,  712,  412,  519,  762,  983, 1049,  133,  115,  308,  358,  691,  355,  291,  988,  543,  822,  337],
        [  590,    0,  477,  771,  152,  837,  358,  419,  474,  465,  878,  972,  512,    0,  437,  828,  399, 1039,  724,  749,  861,  541,  605,  603,  496, 1010,  858,  366,  782,  865,  758,  409,  926,  803,  447, 1032,  850,  748,  708,  257,  585,  582,   83,  792,  705,  264,  749,  608,  394,  947, 1013,  674, 1002,  448,  474,  598,  718,  686,  722,  717,  838,   34,  754,  739,  718,  199,   75,  737,   55,  533,  908,  586,  795,  538,  160,  676,  363, 1097,  937,  812,  568,  731,  905,  767,  698,  656,  105,  326,  672,  906,  741,  919,   38,  705,  369,  397,  721,  285,  550,  665,  223,  803,  728,  764,  509,  851,  822,  713,  525,  482,  238,  676,  369,  148,  144,  251, 1138, 1018,  724,  483,  195,  763,  959, 1080,  923,  840,  914,  345,  716,  917,   97,  216,  513,  843,  700,  620,  776,  266,  921,  604,  951,  818,  526,  762,  602,  605,  705,  200,  735,  760,  342,  962,  828,  498,  657,  696,  857,  599,  768,  649,  787,  817, 1083,  846,  927,  624,  459,  397,  198,  583,  563,  447,  844,  503,  694,  181],
        [  161,    0,  379,  334,  379,  698,  207,   97,   38,  228,  638,  536,  328,  437,    0,  642,  146,  612,  517,  316,  425,  284,  200,  504,  147,  580,  449,  224,  426,  445,  375,  169,  763,  369,   80,  600,  423,  511,  322,  555,  172,  346,  484,  628,  494,  560,  312,  315,  257,  588,  603,  539,  569,  169,  346,  162,  531,  399,  286,  463,  508,  458,  327,  303,  282,  240,  389,  341,  387,  321,  482,  165,  376,  165,  526,  343,  342,  661,  500,  554,  228,  523,  744,  520,  266,  235,  336,  326,  547,  470,  355,  580,  474,  273,  372,  237,  590,  324,  539,  547,  214,  638,  294,  561,  174,  415,  679,  281,  390,  118,  479,  496,  350,  503,  424,  361,  702,  584,  297,  120,  577,  582,  526,  644,  722,  404,  504,  361,  331,  550,  477,  537,  110,  416,  511,  373,  343,  193,  492,  254,  571,  409,  326,  364,  484,  223,  460,  273,  633,  345,  102,  525,  649,   66,  567,  268,  652,  436,  346,  386,  369,  381,  646,  656,  723,  345,  213,   45,  244,  364,  126,   39,  661,  216,  495,  290],
        [  582,    0,  352,  684,  678,   94,  830,  737,  643,  869,  109,  758,  969,  828,  642,    0,  526,  684,  125,  611,  693,  359,  764,  234,  496,  688,  904,  498,  976,  562,  427,  807,  122,  742,  563,  894,  821, 1131,  864,  704,  536,  297,  909,   48, 1123,  703,  676,  333,  458,  384,  577,  159,  717,  482,  360,  647,  116,  264,  638,  191,  292,  862,  767,  687,  656,  727,  839,  461,  780,  332,  864,  715,  543,  777,  775,  345,  466,  812,  761,  144,  842, 1151,  106, 1135,  717,  747,  787,  503,  165,  705,  887,  324,  854,  594,  986,  870,  126,  911,  330,  175,  704,   42,  613,   81,  469,  729,   81,  594, 1031,  525,  647, 1132,  966,  760,  700,  928,  859,  860,  753,  753,  810, 1214,  840,  824,   96,  730,  936,  968,  438,  396,  783,  728,  550,  591,  136,  269,  740,  630,  636,  856,  444,  507,  967,  871, 1125,  467,  188,  805,  155,  822,  692,  783,   15,  609,  201,  571,   42,  233,  551,  261,  826,  717,  837,   19,  101,  967,  854,  666,  743,  282,  647,  678,   20,  427,  149,  809],
        [  226,    0,  234,  418,  296,  572,  306,  228,  170,  360,  540,  607,  458,  399,  146,  526,    0,  651,  403,  377,  497,  173,  338,  364,  100,  626,  574,   82,  567,  474,  359,  291,  643,  465,   84,  694,  532,  655,  460,  450,  203,  232,  465,  505,  636,  454,  397,  227,  112,  554,  616,  406,  623,   52,  202,  263,  411,  313,  362,  364,  452,  427,  439,  394,  365,  230,  374,  339,  345,  195,  591,  295,  405,  310,  445,  284,  201,  725,  579,  460,  373,  665,  624,  665,  375,  360,  316,  192,  413,  538,  493,  531,  435,  333,  461,  349,  459,  390,  394,  412,  202,  516,  359,  447,  110,  499,  553,  340,  515,   95,  370,  634,  441,  422,  340,  414,  769,  673,  411,  265,  496,  722,  621,  713,  613,  490,  625,  444,  318,  521,  410,  441,  139,  457,  391,  266,  444,  137,  537,  400,  553,  423,  460,  496,  612,  208,  357,  297,  498,  469,  168,  605,  531,  161,  428,  318,  542,  305,  380,  287,  490,  468,  718,  541,  615,  490,  345,  151,  243,  244,  236,  185,  544,  114,  377,  306],
        [  452,    0,  739,  307,  946,  777,  784,  669,  578,  732,  591,  155,  798, 1039,  612,  684,  651,    0,  621,  298,  217,  579,  524,  759,  552,   40,  430,  712,  582,  179,  323,  724,  772,  315,  593,  273,  344,  808,  520, 1088,  455,  586, 1093,  712,  833, 1091,  325,  518,  709,  311,  117,  725,   78,  611,  708,  462,  653,  500,  336,  544,  394, 1063,  385,  341,  347,  847,  999,  324,  986,  622,  339,  507,  247,  593, 1095,  442,  799,  132,  195,  542,  621,  849,  767,  798,  402,  463,  944,  812,  740,  176,  515,  368, 1077,  339,  933,  788,  746,  915,  863,  749,  820,  715,  320,  635,  547,  255,  762,  332,  861,  561, 1008,  869,  911, 1072,  990,  960,  177,  241,  403,  624, 1146,  912,  265,  153,  691,  267,  421,  931,  352,  290, 1060, 1086,  526,  197,  647,  566,  341,  776,  121,  603,  245,  237,  784,  478,  922,  447,  560,  884,  800,  430,  713,  195,  698,  547,  788,  345,  656,  672,  273,  540,  409,  281,  168,  683,  685,  703,  723,  656,  853,  605,  496,  616,  695,  575,  630,  901],
        [  463,    0,  251,  579,  578,  193,  707,  613,  520,  745,  156,  675,  845,  724,  517,  125,  403,  621,    0,  506,  599,  235,  644,  170,  372,  619,  796,  381,  860,  479,  332,  683,  246,  637,  439,  807,  718, 1009,  747,  628,  416,  173,  804,  118, 1000,  627,  569,  211,  342,  350,  525,  110,  643,  359,  251,  528,   32,  151,  530,   83,  234,  758,  657,  578,  547,  611,  729,  360,  674,  210,  764,  595,  449,  655,  687,  234,  365,  744,  673,  110,  720, 1028,  228, 1014,  604,  630,  675,  400,  124,  617,  772,  294,  753,  485,  863,  747,  126,  790,  282,  135,  586,  127,  506,   45,  345,  631,  174,  486,  906,  401,  563, 1008,  844,  670,  604,  809,  792,  775,  641,  629,  727, 1090,  748,  751,  211,  630,  832,  846,  334,  349,  688,  647,  427,  502,   33,  145,  633,  513,  557,  735,  399,  420,  843,  757, 1001,  348,   73,  687,  180,  710,  569,  697,  133,  485,  174,  462,  140,  127,  452,  139,  717,  615,  763,  140,  213,  845,  730,  542,  626,  159,  526,  554,  144,  303,   30,  692],
        [  159,    0,  524,   74,  669,  695,  489,  372,  281,  447,  554,  231,  523,  749,  316,  611,  377,  298,  506,    0,  121,  361,  246,  591,  283,  265,  294,  449,  390,  148,  190,  430,  725,  132,  307,  329,  212,  590,  290,  826,  175,  395,  799,  621,  601,  830,   69,  324,  457,  371,  309,  584,  253,  347,  488,  165,  534,  356,   46,  425,  356,  772,  165,   84,   65,  554,  705,  151,  697,  412,  260,  219,   96,  308,  819,  274,  554,  350,  204,  476,  348,  623,  713,  587,  137,  193,  651,  557,  598,  161,  303,  393,  786,   45,  643,  496,  623,  619,  675,  604,  527,  627,   23,  538,  287,  135,  677,   38,  589,  283,  746,  628,  620,  796,  714,  663,  394,  304,  161,  331,  871,  689,  260,  337,  659,  130,  326,  639,  173,  329,  778,  818,  242,  108,  520,  393,  131,  490,  178,  339,  325,  145,  512,  277,  663,  198,  434,  588,  677,  224,  417,  231,  623,  252,  638,   61,  600,  501,   69,  380,  221,  112,  342,  618,  656,  452,  436,  360,  559,  418,  199,  318,  628,  330,  500,  605],
        [  275,    0,  641,   96,  787,  782,  578,  467,  388,  519,  623,  112,  582,  861,  425,  693,  497,  217,  599,  121,    0,  476,  310,  699,  403,  178,  246,  570,  381,  147,  268,  517,  802,  101,  425,  214,  153,  601,  306,  946,  295,  506,  907,  709,  623,  950,  116,  433,  578,  395,  270,  686,  153,  468,  605,  265,  628,  453,  140,  517,  416,  882,  170,  130,  144,  664,  813,  241,  810,  527,  178,  299,  151,  381,  937,  374,  674,  237,   84,  553,  406,  641,  791,  594,  188,  248,  761,  678,  700,   46,  306,  432,  898,  164,  722,  578,  720,  709,  788,  707,  638,  715,  138,  627,  407,   47,  764,  158,  645,  403,  866,  657,  699,  913,  832,  756,  278,  185,  187,  417,  989,  705,  150,  220,  729,   56,  258,  721,  269,  356,  894,  937,  360,  106,  616,  499,  125,  606,  114,  387,  336,  189,  568,  271,  707,  317,  528,  691,  775,  219,  523,  111,  706,  364,  743,  181,  677,  609,  150,  482,  202,   65,  223,  698,  725,  488,  511,  467,  668,  528,  301,  421,  709,  449,  597,  709],
        [  261,    0,  165,  424,  410,  415,  473,  379,  290,  511,  368,  576,  611,  541,  284,  359,  173,  579,  235,  361,  476,    0,  431,  243,  142,  562,  623,  175,  658,  404,  258,  448,  479,  481,  205,  689,  559,  785,  544,  520,  216,   63,  615,  344,  773,  522,  408,   70,  150,  413,  516,  261,  571,  125,  131,  322,  247,  147,  367,  192,  298,  572,  480,  412,  379,  395,  530,  257,  487,   53,  613,  382,  346,  430,  547,  147,  226,  676,  559,  289,  496,  801,  461,  792,  419,  429,  473,  246,  271,  508,  573,  379,  574,  325,  632,  512,  311,  562,  315,  274,  368,  355,  351,  279,  116,  495,  396,  329,  672,  170,  442,  778,  611,  526,  448,  585,  724,  661,  458,  399,  595,  862,  620,  673,  443,  490,  667,  615,  228,  387,  528,  524,  203,  404,  228,   94,  468,  297,  479,  514,  427,  343,  610,  565,  767,  164,  185,  466,  358,  525,  336,  586,  366,  259,  300,  303,  372,  160,  333,  115,  538,  470,  681,  374,  445,  619,  496,  307,  409,   81,  312,  322,  378,   68,  212,  474],
        [  183,    0,  559,  217,  571,  835,  278,  186,  169,  210,  735,  408,  278,  605,  200,  764,  338,  524,  644,  246,  310,  431,    0,  670,  293,  486,  256,  419,  232,  394,  397,  216,  886,  222,  256,  436,  250,  370,  123,  751,  229,  488,  635,  761,  371,  756,  200,  434,  447,  605,  552,  690,  462,  343,  523,  119,  664,  502,  201,  574,  562,  619,  159,  183,  184,  410,  545,  355,  561,  478,  305,   50,  338,   75,  713,  426,  538,  536,  366,  651,  102,  396,  870,  373,  122,   62,  500,  524,  701,  354,  156,  616,  640,  223,  413,  271,  738,  408,  722,  704,  391,  770,  226,  685,  316,  281,  815,  229,  344,  270,  676,  391,  391,  691,  615,  457,  569,  427,  132,  124,  764,  462,  366,  511,  832,  268,  311,  414,  362,  563,  659,  731,  229,  351,  646,  504,  193,  387,  409,   98,  566,  385,  267,  165,  418,  298,  576,  414,  787,  156,  269,  386,  774,  181,  729,  236,  765,  590,  307,  506,  183,  249,  509,  776,  830,  215,  202,  224,  408,  509,  119,  172,  783,  369,  628,  433],
        [  503,    0,  140,  659,  452,  235,  663,  591,  518,  724,  313,  789,  822,  603,  504,  234,  364,  759,  170,  591,  699,  243,  670,    0,  377,  752,  863,  310,  899,  600,  446,  654,  323,  717,  427,  912,  796, 1015,  785,  471,  458,  197,  685,  193,  998,  470,  644,  268,  268,  512,  673,   76,  769,  337,  165,  565,  146,  260,  603,  224,  391,  637,  721,  650,  617,  528,  622,  463,  558,  193,  849,  622,  556,  662,  542,  329,  246,  874,  779,  279,  727, 1027,  302, 1023,  660,  671,  573,  284,   71,  725,  815,  458,  627,  560,  805,  709,  118,  722,  113,   63,  508,  204,  585,  192,  354,  724,  220,  563,  877,  402,  414,  997,  788,  527,  470,  731,  922,  882,  699,  624,  576, 1085,  847,  876,  329,  720,  906,  785,  433,  505,  552,  495,  441,  613,  138,  201,  706,  437,  679,  749,  554,  538,  824,  808,  974,  402,  207,  607,  140,  767,  526,  805,  232,  493,   64,  537,  270,   91,  550,  222,  779,  702,  887,  252,  334,  848,  709,  515,  544,  174,  552,  543,  248,  302,  146,  608],
        [  142,    0,  270,  331,  395,  556,  348,  244,  149,  374,  491,  512,  474,  496,  147,  496,  100,  552,  372,  283,  403,  142,  293,  377,    0,  527,  505,  167,  523,  374,  264,  315,  617,  382,   73,  606,  454,  644,  411,  545,  109,  203,  559,  484,  632,  548,  311,  168,  178,  466,  517,  402,  525,   65,  233,  195,  387,  253,  272,  316,  373,  524,  365,  310,  279,  317,  467,  241,  442,  186,  511,  245,  306,  288,  544,  204,  275,  627,  486,  408,  354,  660,  599,  651,  301,  300,  409,  276,  412,  442,  441,  449,  533,  239,  512,  382,  452,  453,  432,  413,  289,  494,  266,  415,   28,  410,  537,  246,  537,   30,  464,  638,  491,  521,  439,  484,  673,  583,  340,  258,  595,  721,  533,  617,  576,  402,  554,  499,  221,  431,  509,  538,   65,  358,  367,  228,  363,  232,  438,  374,  460,  323,  472,  438,  631,  109,  313,  376,  499,  404,  220,  513,  504,  117,  437,  223,  505,  300,  281,  239,  420,  379,  623,  510,  576,  478,  359,  178,  328,  223,  177,  183,  515,   77,  351,  388],
        [  421,    0,  724,  270,  921,  781,  749,  635,  546,  695,  598,  118,  759, 1010,  580,  688,  626,   40,  619,  265,  178,  562,  486,  752,  527,    0,  391,  689,  542,  158,  310,  688,  780,  276,  565,  244,  305,  768,  480, 1066,  427,  573, 1063,  715,  793, 1069,  288,  503,  688,  325,  139,  720,   42,  587,  692,  428,  651,  492,  301,  541,  397, 1034,  346,  304,  311,  817,  968,  305,  958,  607,  302,  471,  223,  556, 1070,  429,  780,  125,  157,  545,  583,  809,  774,  759,  364,  425,  913,  791,  735,  137,  476,  379, 1048,  307,  897,  751,  745,  880,  853,  744,  790,  718,  287,  636,  523,  215,  766,  300,  822,  534,  986,  829,  874, 1047,  965,  925,  173,  210,  364,  588, 1121,  872,  229,  137,  701,  228,  384,  895,  334,  299, 1034, 1063,  498,  169,  644,  555,  302,  748,   90,  564,  258,  220,  746,  439,  883,  423,  555,  852,  799,  391,  681,  158,  702,  516,  783,  315,  663,  663,  246,  531,  370,  242,  151,  689,  695,  664,  686,  624,  822,  593,  463,  582,  701,  554,  626,  869],
        [  366,    0,  774,  221,  825,  987,  516,  440,  414,  424,  847,  277,  447,  858,  449,  904,  574,  430,  796,  294,  246,  623,  256,  863,  505,  391,    0,  655,  160,  390,  482,  456, 1019,  165,  491,  225,   93,  387,  156, 1003,  408,  669,  883,  912,  420, 1008,  229,  601,  678,  638,  509,  867,  353,  566,  737,  313,  822,  646,  267,  716,  645,  870,  143,  219,  251,  665,  795,  445,  815,  674,   96,  285,  374,  320,  968,  563,  773,  380,  235,  770,  301,  431, 1006,  375,  206,  215,  753,  764,  879,  266,  129,  672,  893,  312,  619,  495,  909,  638,  934,  884,  646,  919,  291,  830,  522,  199,  968,  311,  497,  491,  928,  462,  599,  945,  869,  688,  395,  234,  167,  375, 1019,  490,  179,  347,  952,  192,   57,  626,  466,  598,  914,  985,  444,  345,  807,  673,  164,  640,  354,  267,  580,  421,  430,   98,  533,  462,  724,  663,  962,  105,  524,  239,  916,  413,  916,  335,  893,  776,  358,  665,   86,  197,  339,  911,  949,  322,  422,  478,  662,  692,  338,  425,  921,  574,  788,  683],
        [  303,    0,  172,  495,  242,  532,  354,  295,  251,  422,  528,  679,  518,  366,  224,  498,   82,  712,  381,  449,  570,  175,  419,  310,  167,  689,  655,    0,  648,  534,  406,  350,  610,  544,  165,  771,  612,  725,  541,  378,  275,  221,  440,  471,  703,  382,  475,  242,   43,  583,  667,  363,  690,  103,  147,  344,  383,  321,  437,  358,  472,  398,  520,  472,  443,  230,  357,  393,  312,  174,  671,  376,  467,  387,  386,  312,  120,  793,  653,  455,  449,  732,  590,  737,  455,  442,  300,  111,  367,  609,  574,  553,  400,  406,  496,  401,  415,  416,  323,  364,  206,  483,  433,  424,  167,  575,  514,  412,  571,  171,  298,  697,  479,  363,  282,  431,  839,  749,  492,  340,  436,  787,  698,  784,  590,  567,  707,  477,  368,  555,  359,  374,  217,  522,  363,  259,  523,  133,  601,  477,  591,  479,  522,  578,  667,  266,  348,  308,  448,  551,  219,  679,  502,  243,  374,  389,  519,  267,  445,  286,  571,  544,  789,  515,  592,  562,  408,  220,  246,  226,  318,  260,  516,  143,  352,  312],
        [  400,    0,  790,  325,  776, 1052,  426,  382,  398,  321,  934,  432,  316,  782,  426,  976,  567,  582,  860,  390,  381,  658,  232,  899,  523,  542,  160,  648,    0,  514,  575,  374, 1096,  284,  487,  382,  238,  228,  115,  960,  447,  712,  794,  977,  261,  966,  323,  653,  678,  757,  650,  915,  505,  574,  754,  336,  883,  713,  351,  785,  743,  789,  227,  307,  331,  602,  713,  534,  746,  707,  255,  279,  483,  266,  910,  632,  766,  538,  388,  852,  217,  272, 1081,  218,  262,  231,  680,  751,  926,  410,   90,  783,  815,  391,  496,  393,  962,  532,  953,  930,  588,  986,  379,  898,  545,  335, 1033,  393,  356,  501,  890,  304,  479,  888,  819,  582,  554,  393,  230,  321,  958,  332,  338,  506, 1036,  325,  196,  508,  549,  716,  851,  936,  459,  468,  866,  725,  269,  601,  494,  182,  705,  532,  298,  114,  379,  513,  790,  583, 1012,  169,  474,  395,  987,  412,  957,  412,  972,  817,  459,  723,  180,  321,  498,  986, 1034,  183,  324,  441,  595,  734,  347,  392,  995,  598,  847,  602],
        [  285,    0,  567,  193,  769,  654,  631,  512,  414,  594,  485,  197,  671,  865,  445,  562,  474,  179,  479,  148,  147,  404,  394,  600,  374,  158,  390,  534,  514,    0,  155,  574,  666,  232,  419,  332,  297,  726,  426,  910,  281,  418,  922,  583,  741,  913,  202,  347,  531,  249,  162,  575,  170,  433,  534,  308,  510,  342,  193,  398,  277,  890,  290,  220,  210,  675,  828,  147,  812,  450,  323,  366,   71,  455,  917,  274,  622,  275,  201,  420,  495,  762,  657,  721,  280,  339,  772,  634,  590,  146,  433,  287,  902,  180,  788,  641,  604,  759,  699,  598,  648,  588,  170,  502,  369,  191,  637,  173,  737,  384,  830,  771,  765,  894,  812,  802,  324,  299,  296,  476,  968,  827,  283,  276,  591,  198,  404,  783,  176,  210,  883,  907,  353,   47,  501,  402,  246,  601,   79,  485,  192,   63,  660,  401,  809,  268,  411,  718,  659,  347,  546,  222,  576,  380,  636,  179,  542,  511,  100,  379,  336,  196,  287,  566,  586,  596,  583,  490,  683,  438,  339,  454,  577,  397,  482,  734],
        [  233,    0,  416,  262,  647,  515,  578,  460,  352,  567,  365,  346,  658,  758,  375,  427,  359,  323,  332,  190,  268,  258,  397,  446,  264,  310,  482,  406,  575,  155,    0,  530,  539,  318,  325,  476,  397,  762,  469,  774,  205,  264,  822,  441,  767,  776,  257,  195,  396,  216,  262,  423,  324,  312,  386,  284,  362,  189,  225,  250,  169,  786,  353,  271,  245,  580,  730,   43,  704,  300,  438,  356,  117,  440,  791,  120,  481,  429,  342,  289,  495,  791,  527,  761,  314,  359,  672,  497,  437,  286,  487,  220,  794,  185,  743,  600,  455,  698,  545,  445,  552,  447,  197,  359,  250,  303,  497,  182,  725,  283,  695,  788,  720,  769,  688,  734,  478,  444,  345,  441,  841,  857,  417,  431,  470,  304,  511,  733,   45,  177,  764,  775,  267,  171,  351,  247,  320,  494,  233,  495,  198,   92,  650,  463,  809,  157,  262,  635,  510,  411,  469,  366,  440,  313,  483,  166,  413,  356,  126,  224,  410,  291,  441,  433,  467,  612,  554,  417,  590,  284,  303,  396,  443,  264,  332,  648],
        [  299,    0,  520,  422,  412,  859,   63,   73,  180,   74,  806,  620,  169,  409,  169,  807,  291,  724,  683,  430,  517,  448,  216,  654,  315,  688,  456,  350,  374,  574,  530,    0,  927,  436,  245,  651,  465,  385,  302,  597,  326,  511,  428,  791,  357,  602,  401,  483,  391,  745,  735,  696,  668,  327,  490,  266,  695,  568,  389,  631,  673,  418,  374,  387,  378,  232,  342,  492,  373,  481,  518,  218,  508,  142,  539,  510,  456,  748,  579,  722,  160,  386,  908,  399,  331,  276,  306,  429,  703,  562,  334,  742,  443,  394,  216,   71,  748,  194,  672,  702,  223,  802,  407,  727,  342,  493,  840,  401,  225,  286,  532,  348,  193,  518,  452,  242,  783,  643,  347,  100,  586,  438,  581,  725,  889,  480,  512,  210,  487,  706,  478,  569,  275,  537,  675,  540,  407,  256,  605,  196,  721,  549,  172,  359,  322,  386,  627,  211,  788,  365,  133,  600,  814,  220,  717,  397,  818,  594,  476,  553,  394,  460,  724,  822,  890,  232,   62,  142,  224,  527,  236,  137,  826,  381,  659,  230],
        [  703,    0,  455,  798,  774,   93,  949,  858,  765,  990,  183,  859, 1090,  926,  763,  122,  643,  772,  246,  725,  802,  479,  886,  323,  617,  780, 1019,  610, 1096,  666,  539,  927,    0,  856,  684,  997,  935, 1252,  984,  779,  657,  417, 1008,  140, 1245,  777,  791,  455,  569,  463,  660,  253,  812,  601,  468,  768,  233,  384,  755,  312,  390,  959,  884,  803,  773,  838,  942,  575,  880,  449,  976,  837,  653,  899,  858,  464,  566,  902,  866,  250,  964, 1273,   21, 1257,  836,  867,  892,  604,  254,  810, 1007,  405,  950,  711, 1102,  990,  205, 1025,  398,  261,  815,  128,  729,  203,  590,  840,  104,  711, 1151,  646,  730, 1254, 1083,  845,  792, 1040,  948,  963,  871,  874,  889, 1335,  947,  917,   83,  841, 1049, 1084,  553,  483,  873,  807,  672,  698,  253,  390,  855,  742,  737,  978,  528,  614, 1088,  990, 1246,  588,  310,  916,  201,  940,  810,  887,  114,  730,  273,  688,  126,  344,  664,  382,  943,  829,  931,  110,   90, 1089,  975,  785,  854,  401,  769,  799,  103,  547,  268,  919],
        [  241,    0,  640,   59,  744,  827,  498,  395,  331,  430,  683,  187,  487,  803,  369,  742,  465,  315,  637,  132,  101,  481,  222,  717,  382,  276,  165,  544,  284,  232,  318,  436,  856,    0,  386,  232,   81,  502,  206,  912,  275,  521,  842,  752,  522,  916,   74,  450,  559,  478,  369,  713,  246,  446,  603,  209,  665,  487,  115,  557,  480,  821,   71,   72,  104,  605,  750,  282,  755,  533,  133,  222,  210,  296,  892,  405,  656,  314,  144,  606,  312,  540,  844,  495,  107,  160,  700,  654,  727,  140,  206,  509,  840,  158,  634,  492,  753,  629,  795,  733,  581,  759,  133,  670,  392,   62,  808,  155,  548,  374,  833,  556,  612,  869,  789,  677,  348,  216,   92,  338,  944,  605,  158,  290,  788,   49,  195,  635,  305,  438,  845,  899,  327,  186,  650,  521,   29,  559,  213,  290,  423,  257,  472,  172,  607,  317,  565,  623,  807,  119,  462,  165,  754,  316,  766,  181,  730,  627,  193,  509,  105,   38,  289,  749,  784,  389,  423,  407,  607,  544,  243,  357,  759,  441,  631,  642],
