{
    "name": "random-85-10343",
    "comment": "size=85 seed=10343",
    "nodes": ["+0", "-0", "+1", "-1", "+2", "-2", "+3", "-3", "+4", "-4", "+5", "-5", "+6", "-6", "+7", "-7", "+8", "-8", "+9", "-9", "+10", "-10", "+11", "-11", "+12", "-12", "+13", "-13", "+14", "-14", "+15", "-15", "+16", "-16", "+17", "-17", "+18", "-18", "+19", "-19", "+20", "-20", "+21", "-21", "+22", "-22", "+23", "-23", "+24", "-24", "+25", "-25", "+26", "-26", "+27", "-27", "+28", "-28", "+29", "-29", "+30", "-30", "+31", "-31", "+32", "-32", "+33", "-33", "+34", "-34", "+35", "-35", "+36", "-36", "+37", "-37", "+38", "-38", "+39", "-39", "+40", "-40", "+41", "-41", "+42", "-42", "+43", "-43", "+44", "-44", "+45", "-45", "+46", "-46", "+47", "-47", "+48", "-48", "+49", "-49", "+50", "-50", "+51", "-51", "+52", "-52", "+53", "-53", "+54", "-54", "+55", "-55", "+56", "-56", "+57", "-57", "+58", "-58", "+59", "-59", "+60", "-60", "+61", "-61", "+62", "-62", "+63", "-63", "+64", "-64", "+65", "-65", "+66", "-66", "+67", "-67", "+68", "-68", "+69", "-69", "+70", "-70", "+71", "-71", "+72", "-72", "+73", "-73", "+74", "-74", "+75", "-75", "+76", "-76", "+77", "-77", "+78", "-78", "+79", "-79", "+80", "-80", "+81", "-81", "+82", "-82", "+83", "-83", "+84", "-84", "+85", "-85"],
    "precedence": {
        "+0": "-0",
        "+1": "-1",
        "+2": "-2",
        "+3": "-3",
        "+4": "-4",
        "+5": "-5",
        "+6": "-6",
        "+7": "-7",
        "+8": "-8",
        "+9": "-9",
        "+10": "-10",
        "+11": "-11",
        "+12": "-12",
        "+13": "-13",
        "+14": "-14",
        "+15": "-15",
        "+16": "-16",
        "+17": "-17",
        "+18": "-18",
        "+19": "-19",
        "+20": "-20",
        "+21": "-21",
        "+22": "-22",
        "+23": "-23",
        "+24": "-24",
        "+25": "-25",
        "+26": "-26",
        "+27": "-27",
        "+28": "-28",
        "+29": "-29",
        "+30": "-30",
        "+31": "-31",
        "+32": "-32",
        "+33": "-33",
        "+34": "-34",
        "+35": "-35",
        "+36": "-36",
        "+37": "-37",
        "+38": "-38",
        "+39": "-39",
        "+40": "-40",
        "+41": "-41",
        "+42": "-42",
        "+43": "-43",
        "+44": "-44",
        "+45": "-45",
        "+46": "-46",
        "+47": "-47",
        "+48": "-48",
        "+49": "-49",
        "+50": "-50",
        "+51": "-51",
        "+52": "-52",
        "+53": "-53",
        "+54": "-54",
        "+55": "-55",
        "+56": "-56",
        "+57": "-57",
        "+58": "-58",
        "+59": "-59",
        "+60": "-60",
        "+61": "-61",
        "+62": "-62",
        "+63": "-63",
        "+64": "-64",
        "+65": "-65",
        "+66": "-66",
        "+67": "-67",
        "+68": "-68",
        "+69": "-69",
        "+70": "-70",
        "+71": "-71",
        "+72": "-72",
        "+73": "-73",
        "+74": "-74",
        "+75": "-75",
        "+76": "-76",
        "+77": "-77",
        "+78": "-78",
        "+79": "-79",
        "+80": "-80",
        "+81": "-81",
        "+82": "-82",
        "+83": "-83",
        "+84": "-84",
        "+85": "-85"
    },
    "edges": [
        [    0,    0,  782,  656,  416,  440,  368,  462,  647,  354,  639,  567,  727,  250,  484,  472,  157,  649,  354,  255,  283,  681,  166,  865,  801,  281,  136,  531,   28,  784,  497,  557,  434,  489,  689,  886,  675,  176,  825,  799,  245,  327,  574,  295,  251,  235,  308,   54,  774,  607,  487,  781,  266,  546,  309,  395,  592,   91,   68,  402,  456,  181,  543,  113,  389,  437,  359,  434,  125,  475,  467,  254,  635,  864,  630,  362,  344,  370,  429,  257,  328,  850,  757,  333,  503,  630,  390,  505,  399,  433,  708,  324,  407,  512,  347,  243,  336,   30,  392,  447,  658,  219,  675,  226,  232,  465,  489,  513,  504,  438,  327,  402,  356,  565,  245,  592,  582,   93,  367,  305,  261,  796,  635,  403,  486,  513,  441,  410,  346,  276,  150,  492,  842,  805,  241,  727,  120,  227,  305,  108,  156,  627,   83,  487,  138,  505,  255,  693,  707,  545,  687,  700,  271,  415,  307,  561,  527,  556,  478,  252,  834,  265,  378,  494,  811,  894,  399,  542,  428,  324,  560,  357],
        [    0,    0,    0,    0,    0,    0,    0,    0,    0,    0,    0,    0,    0,    0,    0,    0,    0,    0,    0,    0,    0,    0,    0,    0,    0,    0,    0,    0,    0,    0,    0,    0,    0,    0,    0,    0,    0,    0,    0,    0,    0,    0,    0,    0,    0,    0,    0,    0,    0,    0,    0,    0,    0,    0,    0,    0,    0,    0,    0,    0,    0,    0,    0,    0,    0,    0,    0,    0,    0,    0,    0,    0,    0,    0,    0,    0,    0,    0,    0,    0,    0,    0,    0,    0,    0,    0,    0,    0,    0,    0,    0,    0,    0,    0,    0,    0,    0,    0,    0,    0,    0,    0,    0,    0,    0,    0,    0,    0,    0,    0,    0,    0,    0,    0,    0,    0,    0,    0,    0,    0,    0,    0,    0,    0,    0,    0,    0,    0,    0,    0,    0,    0,    0,    0,    0,    0,    0,    0,    0,    0,    0,    0,    0,    0,    0,    0,    0,    0,    0,    0,    0,    0,    0,    0,    0,    0,    0,    0,    0,    0,    0,    0,    0,    0,    0,    0,    0,    0,    0,    0,    0,    0],
        [  782,    0,    0,  153,  422,  993,  423,  440,  546,  824,  230,  405,  415,  673,  604,  883,  642,  350,  477,  865,  608,  103,  863,  326,   56,  578,  860,  671,  809,  221,  310,  424,  853,  696,  564,  465,  218,  782,  215,   29,  847,  682,  334,  793,  667,  548,  632,  807,  268,  506,  566,  471,  921,  245,  904,  944,  494,  872,  843,  381,  344,  680,  263,  845,  570,  611,  750,  639,  672, 1013,  847,  588,  477,  366,  173,  427,  572, 1009,  643,  870,  957,  373,  174,  563,  725,  214,  973, 1046,  472, 1045,  306,  486,  665,  437,  941,  920,  922,  757,  638,  677,  237,  712,  277,  892,  836, 1045,  587,  677,  372,  966,  844,  931,  538,  251,  948,  196,  201,  867,  421,  783,  522,  150,  364,  415,  308,  759,  488,  617,  437,  545,  899, 1056,  386,  117,  602,   57,  879,  561,  648,  888,  876,  581,  828,  779,  887,  960,  643,  321,   91,  672,  192,  509,  997,  397,  487,  323,  493,  583,  654,  876,  231,  603,  873,  290,  165,  413,  384,  241,  676,  764,  342,  821],
        [  656,    0,  153,    0,  274,  842,  321,  392,  411,  673,  244,  259,  304,  526,  453,  826,  509,  373,  332,  772,  461,  101,  723,  431,  151,  433,  748,  522,  684,  173,  240,  277,  792,  659,  585,  399,   96,  639,  199,  179,  701,  610,  323,  643,  579,  424,  555,  676,  199,  366,  415,  370,  776,  111,  756,  867,  352,  745,  721,  256,  204,  578,  206,  710,  510,  459,  598,  591,  540,  942,  793,  492,  489,  464,  156,  322,  421,  861,  594,  777,  810,  465,  262,  414,  574,   66,  892,  976,  321,  962,  198,  390,  513,  286,  792,  819,  773,  630,  486,  525,  106,  619,  156,  792,  691,  894,  554,  528,  220,  815,  764,  857,  388,  101,  806,  137,  113,  738,  290,  634,  396,  148,  381,  271,  171,  722,  438,  563,  314,  404,  784,  982,  321,  150,  505,  119,  747,  431,  571,  760,  738,  584,  711,  627,  772,  808,  554,  364,   62,  648,   79,  538,  890,  253,  353,  303,  471,  437,  616,  782,  213,  514,  722,  166,  167,  512,  266,  139,  524,  613,  325,  749],
        [  416,    0,  422,  274,    0,  574,  213,  376,  307,  405,  389,  169,  327,  253,  237,  714,  260,  479,   64,  591,  188,  338,  456,  631,  424,  161,  530,  316,  444,  372,  266,  166,  675,  600,  642,  483,  266,  369,  414,  446,  428,  490,  397,  371,  428,  211,  433,  424,  358,  254,  207,  390,  503,  183,  483,  712,  235,  500,  484,  126,   91,  397,  283,  449,  434,  221,  333,  524,  292,  794,  689,  341,  550,  650,  327,  207,  152,  588,  523,  595,  536,  644,  474,  142,  348,  229,  727,  829,   55,  789,  293,  266,  262,  127,  519,  620,  500,  387,  231,  286,  247,  453,  260,  594,  418,  624,  521,  313,   89,  548,  612,  708,  118,  173,  535,  281,  251,  486,  107,  362,  182,  395,  476,   31,  126,  657,  402,  490,  145,  142,  559,  827,  431,  411,  348,  377,  489,  197,  446,  511,  473,  612,  484,  389,  546,  552,  407,  499,  334,  618,  283,  617,  675,   44,  121,  373,  478,  264,  563,  597,  422,  370,  454,  161,  408,  694,  154,  219,  279,  344,  389,  613],
        [  440,    0,  993,  842,  574,    0,  682,  832,  585,  170,  940,  625,  737,  338,  427,  907,  445,  997,  526,  678,  396,  911,  278, 1185,  989,  431,  543,  400,  441,  893,  797,  606,  871,  923, 1092,  871,  808,  285,  937, 1018,  201,  761,  913,  209,  681,  546,  732,  388,  860,  580,  460,  756,  182,  756,  132,  812,  578,  421,  458,  654,  660,  609,  831,  334,  799,  399,  245,  861,  436,  884,  905,  653, 1021, 1197,  894,  674,  423,  114,  856,  679,  123, 1187, 1040,  433,  335,  787,  796,  908,  522,  817,  782,  676,  340,  575,   94,  639,  105,  433,  361,  345,  786,  656,  774,  633,  216,   54,  905,  383,  625,   33,  760,  823,  456,  742,  230,  847,  821,  390,  611,  215,  552,  939,  987,  586,  696,  952,  828,  832,  619,  478,  524,  888,  866,  964,  645,  950,  352,  509,  732,  408,  296, 1038,  500,  274,  518,  113,  678, 1030,  903,  974,  831, 1090,  614,  606,  547,  892,  919,  488,  906,  671,  939,  675,  121,  727,  948, 1236,  669,  785,  337,  231,  901,  794],
        [  368,    0,  423,  321,  213,  682,    0,  170,  518,  526,  275,  367,  511,  347,  438,  526,  253,  315,  203,  451,  300,  321,  480,  512,  451,  263,  437,  516,  394,  480,  129,  370,  488,  391,  441,  655,  372,  417,  513,  437,  497,  301,  231,  475,  260,  145,  244,  402,  487,  464,  412,  579,  560,  215,  565,  550,  445,  458,  426,   95,  168,  260,  175,  449,  225,  410,  472,  315,  276,  628,  496,  172,  355,  519,  263,    9,  307,  662,  316,  456,  610,  508,  390,  289,  535,  319,  573,  662,  252,  642,  445,   70,  433,  337,  606,  501,  589,  347,  402,  467,  363,  299,  400,  473,  483,  726,  309,  509,  275,  664,  447,  541,  282,  255,  570,  228,  225,  459,  108,  472,  132,  468,  306,  183,  175,  451,  190,  282,   76,  212,  477,  666,  589,  468,  185,  367,  477,  176,  259,  476,  487,  405,  407,  563,  466,  691,  235,  350,  360,  406,  375,  425,  575,  174,  145,  211,  271,  475,  353,  462,  526,  195,  572,  159,  487,  556,   68,  187,  455,  466,  219,  437],
        [  462,    0,  440,  392,  376,  832,  170,    0,  674,  684,  224,  515,  643,  505,  606,  444,  389,  189,  372,  451,  464,  346,  603,  410,  483,  428,  487,  684,  483,  565,  154,  521,  414,  267,  273,  773,  470,  554,  589,  443,  638,  250,  127,  629,  258,  287,  209,  508,  585,  620,  579,  713,  693,  314,  708,  510,  601,  545,  504,  251,  312,  301,  188,  562,  132,  580,  635,  202,  404,  576,  408,  211,  190,  405,  268,  178,  476,  798,  205,  456,  748,  389,  339,  457,  704,  417,  542,  608,  419,  615,  560,  156,  602,  494,  750,  518,  734,  449,  570,  636,  467,  309,  513,  491,  624,  872,  164,  678,  424,  816,  413,  496,  451,  365,  693,  261,  280,  554,  275,  628,  286,  532,  174,  346,  302,  330,   49,  178,  245,  376,  531,  619,  700,  520,  225,  386,  581,  325,  223,  565,  604,  237,  473,  731,  522,  851,  239,  236,  408,  261,  464,  260,  604,  334,  312,  125,  103,  639,  224,  465,  604,  209,  728,  270,  551,  432,  223,  260,  624,  625,  114,  386],
        [  647,    0,  546,  411,  307,  585,  518,  674,    0,  442,  627,  166,  165,  406,  176, 1014,  502,  742,  340,  866,  364,  510,  612,  841,  516,  371,  779,  186,  671,  365,  543,  156,  974,  907,  930,  287,  329,  525,  403,  575,  538,  793,  669,  451,  725,  499,  736,  633,  319,   55,  162,  172,  610,  398,  559,  997,   74,  712,  712,  427,  364,  683,  542,  632,  741,  222,  370,  830,  530, 1081,  991,  641,  834,  871,  544,  512,  304,  653,  830,  870,  612,  871,  672,  317,  252,  346, 1006, 1114,  282, 1063,  250,  572,  274,  182,  578,  880,  562,  619,  272,  250,  310,  742,  271,  858,  536,  638,  826,  203,  253,  553,  902,  996,  298,  350,  663,  505,  470,  689,  414,  436,  473,  433,  744,  337,  380,  964,  705,  796,  451,  395,  796, 1109,  288,  466,  646,  528,  676,  471,  748,  717,  637,  907,  727,  314,  784,  508,  705,  749,  463,  923,  355,  896,  917,  345,  414,  645,  775,  103,  870,  870,  398,  672,  479,  418,  432,  918,  455,  458,  264,  407,  664,  908],
        [  354,    0,  824,  673,  405,  170,  526,  684,  442,    0,  776,  461,  583,  180,  272,  823,  308,  840,  360,  608,  231,  742,  227, 1021,  820,  268,  480,  265,  365,  729,  635,  443,  784,  806,  951,  726,  640,  179,  773,  849,  128,  649,  756,   62,  566,  399,  611,  310,  697,  428,  302,  610,  180,  587,  120,  748,  423,  371,  395,  490,  492,  497,  667,  273,  668,  238,   78,  738,  308,  827,  814,  523,  874, 1035,  727,  518,  254,  212,  735,  610,  171, 1027,  874,  265,  207,  619,  740,  855,  353,  775,  620,  529,  178,  409,  137,  586,  120,  338,  195,  193,  619,  552,  609,  574,  136,  221,  774,  245,  456,  144,  679,  756,  288,  573,  240,  680,  654,  339,  448,   58,  399,  772,  832,  418,  528,  843,  686,  707,  459,  317,  475,  839,  713,  796,  517,  781,  309,  359,  614,  364,  253,  901,  430,  162,  466,  168,  559,  871,  734,  851,  663,  944,  585,  438,  387,  734,  776,  340,  784,  604,  775,  549,   49,  560,  781, 1075,  507,  618,  180,   63,  744,  707],
        [  639,    0,  230,  244,  389,  940,  275,  224,  627,  776,    0,  462,  544,  602,  619,  660,  526,  131,  420,  670,  546,  158,  754,  246,  281,  510,  690,  697,  664,  404,  147,  476,  633,  469,  346,  641,  338,  687,  417,  228,  764,  473,  106,  731,  473,  419,  429,  676,  438,  576,  585,  611,  830,  231,  830,  733,  559,  727,  692,  287,  299,  503,  110,  724,  355,  609,  712,  416,  550,  797,  623,  408,  253,  262,   89,  282,  531,  930,  420,  676,  878,  256,  121,  517,  735,  297,  765,  830,  443,  838,  441,  317,  649,  467,  871,  733,  852,  619,  618,  674,  346,  523,  396,  706,  751,  987,  360,  697,  388,  918,  636,  718,  499,  277,  844,  123,  158,  731,  330,  726,  403,  352,  140,  367,  267,  531,  271,  397,  324,  463,  733,  841,  562,  331,  423,  185,  751,  447,  444,  746,  761,  354,  668,  777,  723,  933,  451,  123,  230,  442,  322,  296,  817,  348,  394,  100,  264,  627,  427,  684,  433,  416,  824,  229,  371,  306,  272,  175,  667,  714,  115,  609],
        [  567,    0,  405,  259,  169,  625,  367,  515,  166,  461,  462,    0,  162,  359,  206,  881,  412,  577,  220,  757,  300,  354,  575,  682,  385,  290,  689,  267,  594,  269,  379,   20,  842,  757,  766,  320,  194,  485,  313,  433,  523,  656,  504,  448,  596,  378,  598,  567,  237,  114,  169,  222,  600,  232,  564,  880,   97,  645,  635,  273,  204,  564,  376,  580,  591,  226,  383,  682,  443,  962,  854,  508,  670,  710,  381,  362,  241,  667,  682,  761,  619,  709,  514,  245,  324,  194,  894,  997,  169,  956,  161,  427,  286,   58,  593,  783,  574,  538,  266,  286,  172,  621,  151,  758,  517,  678,  671,  275,   93,  595,  780,  876,  218,  186,  643,  340,  305,  627,  269,  435,  349,  320,  578,  195,  216,  817,  549,  648,  307,  293,  714,  994,  277,  348,  515,  378,  623,  360,  611,  654,  596,  745,  641,  382,  702,  572,  574,  584,  316,  769,  219,  731,  833,  197,  288,  480,  614,  179,  719,  763,  315,  537,  506,  254,  326,  757,  300,  292,  290,  409,  499,  780],
        [  727,    0,  415,  304,  327,  737,  511,  643,  165,  583,  544,  162,    0,  509,  312, 1033,  572,  669,  381,  917,  454,  403,  724,  730,  376,  448,  850,  343,  754,  211,  495,  170,  995,  898,  874,  159,  210,  635,  245,  443,  663,  808,  608,  582,  752,  538,  750,  724,  162,  157,  283,   70,  739,  334,  695, 1038,  161,  803,  795,  417,  344,  723,  480,  735,  734,  348,  507,  823,  604, 1120, 1005,  662,  777,  765,  456,  507,  393,  794,  824,  922,  750,  768,  562,  400,  409,  248, 1053, 1155,  330, 1116,  110,  576,  407,  215,  719,  944,  702,  698,  396,  394,  199,  779,  149,  919,  659,  790,  805,  358,  243,  705,  938, 1033,  374,  282,  787,  425,  392,  784,  422,  568,  508,  284,  675,  351,  343,  959,  682,  791,  460,  454,  875, 1153,  131,  320,  671,  409,  778,  520,  763,  811,  747,  863,  801,  471,  862,  667,  729,  666,  343,  902,  232,  832,  994,  350,  447,  585,  738,  251,  857,  923,  238,  691,  625,  374,  280,  813,  443,  394,  404,  539,  606,  936],
        [  250,    0,  673,  526,  253,  338,  347,  505,  406,  180,  602,  359,  509,    0,  237,  685,  143,  661,  196,  493,   65,  583,  217,  847,  676,   96,  385,  281,  272,  612,  459,  344,  645,  642,  772,  665,  511,  127,  656,  696,  175,  491,  577,  129,  410,  221,  447,  229,  589,  372,  244,  554,  251,  429,  233,  633,  359,  307,  311,  317,  331,  345,  493,  228,  495,  189,  137,  571,  155,  715,  671,  354,  694,  859,  559,  338,  119,  338,  568,  496,  285,  850,  704,  118,  260,  480,  633,  747,  210,  680,  516,  350,  158,  302,  272,  491,  253,  224,  142,  199,  491,  405,  493,  473,  166,  385,  601,  264,  324,  318,  550,  636,  146,  425,  288,  513,  490,  283,  274,  126,  220,  643,  652,  258,  367,  684,  508,  539,  281,  140,  397,  736,  633,  662,  350,  625,  271,  181,  452,  312,  239,  724,  332,  257,  385,  347,  398,  693,  585,  682,  531,  764,  517,  277,  210,  556,  598,  310,  617,  493,  661,  382,  226,  394,  655,  898,  331,  452,  180,  121,  565,  569],
        [  484,    0,  604,  453,  237,  427,  438,  606,  176,  272,  619,  206,  312,  237,    0,  887,  351,  716,  236,  717,  207,  540,  437,  856,  588,  224,  619,   80,  507,  471,  503,  187,  847,  807,  876,  456,  398,  351,  515,  631,  362,  674,  634,  276,  599,  376,  622,  465,  435,  157,   38,  340,  435,  396,  387,  854,  152,  543,  547,  361,  323,  547,  517,  459,  644,   49,  197,  731,  375,  937,  868,  523,  785,  879,  549,  431,  155,  484,  729,  721,  440,  874,  692,  173,  122,  390,  859,  970,  188,  910,  358,  476,   99,  167,  409,  723,  391,  457,   97,   83,  376,  608,  355,  703,  361,  481,  741,   78,  239,  396,  763,  854,  165,  363,  487,  504,  471,  518,  332,  262,  356,  525,  713,  265,  353,  858,  627,  696,  363,  263,  632,  962,  442,  553,  525,  570,  503,  340,  631,  546,  462,  842,  566,  177,  621,  368,  582,  733,  513,  834,  423,  853,  753,  281,  306,  610,  708,   75,  774,  719,  515,  554,  314,  392,  530,  924,  387,  445,   93,  232,  626,  776],
        [  472,    0,  883,  826,  714,  907,  526,  444, 1014,  823,  660,  881, 1033,  685,  887,    0,  545,  578,  675,  235,  687,  789,  630,  780,  926,  664,  370,  952,  468,  996,  588,  880,   41,  204,  457, 1179,  892,  645, 1024,  885,  716,  226,  556,  762,  290,  516,  284,  522, 1009,  963,  875, 1100,  728,  732,  778,  142,  945,  491,  451,  617,  692,  342,  629,  574,  317,  845,  814,  245,  530,  157,   39,  374,  476,  756,  712,  528,  733,  823,  241,  236,  789,  736,  766,  715,  942,  839,  181,  182,  733,  238,  969,  458,  836,  840,  814,  296,  805,  486,  812,  877,  885,  281,  924,  289,  703,  926,  307,  938,  792,  907,  148,  120,  726,  777,  691,  701,  716,  521,  613,  770,  542,  971,  559,  687,  699,  157,  395,  267,  574,  626,  400,  203, 1114,  962,  369,  830,  559,  548,  270,  508,  612,  393,  408,  940,  401,  976,  310,  626,  849,  258,  891,  505,  369,  685,  601,  562,  405,  946,  240,  246, 1039,  344,  848,  679,  990,  761,  593,  688,  860,  784,  546,  117],
        [  157,    0,  642,  509,  260,  445,  253,  389,  502,  308,  526,  412,  572,  143,  351,  545,    0,  562,  197,  367,  145,  543,  229,  764,  657,  132,  279,  410,  185,  629,  379,  402,  505,  502,  648,  731,  520,  166,  671,  661,  249,  349,  480,  248,  268,  108,  306,  168,  617,  459,  347,  628,  308,  401,  320,  503,  442,  241,  225,  261,  306,  204,  422,  204,  361,  306,  278,  432,   33,  586,  530,  216,  577,  770,  502,  245,  200,  412,  429,  370,  360,  759,  639,  186,  397,  478,  508,  619,  243,  562,  552,  234,  291,  358,  362,  378,  345,  128,  268,  333,  503,  265,  519,  356,  235,  484,  467,  395,  347,  431,  415,  504,  206,  414,  318,  460,  444,  230,  221,  251,  125,  644,  551,  248,  339,  543,  384,  400,  209,  119,  303,  611,  685,  656,  210,  588,  239,   82,  311,  254,  238,  596,  230,  399,  291,  475,  257,  600,  563,  544,  534,  646,  422,  261,  157,  462,  475,  418,  478,  369,  679,  242,  347,  352,  659,  806,  264,  404,  315,  255,  467,  431],
        [  649,    0,  350,  373,  479,  997,  315,  189,  742,  840,  131,  577,  669,  661,  716,  578,  562,    0,  497,  630,  612,  288,  784,  223,  403,  574,  674,  794,  670,  534,  214,  589,  556,  377,  217,  771,  467,  728,  545,  342,  809,  421,   85,  789,  443,  455,  390,  692,  568,  690,  683,  738,  869,  346,  879,  669,  672,  732,  693,  361,  394,  489,  202,  746,  303,  699,  783,  339,  581,  724,  540,  399,  128,  216,  218,  324,  609,  973,  345,  634,  922,  201,  197,  592,  826,  423,  705,  755,  531,  777,  569,  331,  732,  573,  920,  699,  903,  634,  701,  761,  473,  494,  523,  673,  796, 1040,  272,  792,  496,  978,  580,  652,  579,  395,  874,  245,  279,  741,  399,  787,  446,  480,   19,  453,  369,  435,  222,  329,  382,  524,  719,  770,  692,  457,  414,  310,  767,  490,  403,  752,  787,  233,  662,  862,  710, 1003,  425,   51,  359,  338,  451,  166,  787,  435,  454,  108,  174,  732,  339,  644,  562,  397,  887,  329,  499,  246,  339,  285,  752,  779,   97,  546],
        [  354,    0,  477,  332,   64,  526,  203,  372,  340,  360,  420,  220,  381,  196,  236,  675,  197,  497,    0,  538,  133,  388,  394,  665,  482,  102,  471,  313,  382,  435,  285,  214,  635,  576,  643,  539,  328,  308,  478,  500,  370,  454,  413,  320,  386,  162,  398,  361,  421,  289,  213,  441,  445,  233,  429,  664,  271,  437,  422,  137,  135,  348,  311,  386,  411,  208,  293,  499,  230,  747,  652,  302,  555,  681,  368,  195,  113,  533,  498,  542,  481,  673,  515,   97,  334,  291,  676,  781,   58,  737,  355,  242,  236,  171,  466,  563,  447,  325,  204,  267,  310,  406,  323,  538,  360,  576,  506,  306,  150,  503,  566,  660,   82,  232,  475,  321,  296,  423,  100,  313,  134,  457,  492,   62,  172,  630,  391,  465,  128,   79,  498,  777,  490,  472,  307,  429,  426,  140,  409,  448,  411,  607,  424,  366,  486,  514,  366,  522,  391,  599,  345,  623,  615,   81,   75,  390,  474,  279,  541,  544,  485,  333,  408,  201,  470,  723,  159,  260,  256,  297,  403,  569],
        [  255,    0,  865,  772,  591,  678,  451,  451,  866,  608,  670,  757,  917,  493,  717,  235,  367,  630,  538,    0,  511,  763,  402,  851,  898,  497,  137,  773,  244,  927,  556,  752,  204,  333,  585, 1073,  817,  429,  962,  875,  494,  211,  577,  549,  199,  380,  243,  299,  928,  820,  713,  978,  497,  665,  551,  141,  803,  258,  221,  526,  597,  197,  603,  347,  327,  671,  612,  314,  343,  223,  242,  280,  566,  837,  694,  450,  566,  591,  308,    6,  558,  819,  789,  551,  752,  765,  142,  254,  593,  199,  875,  383,  650,  708,  585,   77,  578,  275,  631,  692,  805,  153,  834,   58,  481,  694,  387,  756,  677,  681,   91,  148,  569,  699,  458,  670,  673,  289,  506,  559,  410,  919,  612,  568,  616,  328,  410,  310,  472,  472,  165,  245, 1017,  919,  267,  808,  327,  399,  229,  274,  382,  518,  181,  740,  167,  754,  222,  679,  810,  398,  823,  617,  166,  573,  470,  574,  466,  784,  343,   16,  975,  262,  629,  608,  937,  855,  509,  637,  673,  577,  565,  136],
        [  283,    0,  608,  461,  188,  396,  300,  464,  364,  231,  546,  300,  454,   65,  207,  687,  145,  612,  133,  511,    0,  520,  277,  791,  611,   38,  416,  266,  308,  548,  405,  286,  646,  625,  735,  611,  447,  188,  592,  632,  240,  481,  527,  188,  403,  192,  433,  273,  527,  325,  205,  503,  316,  366,  297,  648,  310,  352,  349,  259,  268,  345,  437,  282,  471,  161,  172,  551,  169,  731,  670,  336,  653,  805,  499,  292,   62,  402,  549,  515,  349,  796,  645,   55,  260,  415,  653,  764,  146,  704,  454,  315,  152,  243,  334,  519,  315,  255,  126,  193,  427,  406,  430,  498,  231,  444,  574,  252,  260,  373,  559,  649,   83,  360,  352,  453,  428,  331,  217,  181,  182,  578,  604,  194,  304,  672,  473,  518,  230,   89,  433,  756,  576,  597,  335,  561,  324,  151,  440,  359,  298,  691,  363,  272,  421,  392,  388,  641,  521,  660,  466,  723,  554,  214,  158,  505,  561,  275,  596,  513,  598,  366,  279,  332,  590,  845,  276,  391,  176,  169,  516,  573],
        [  681,    0,  103,  101,  338,  911,  321,  346,  510,  742,  158,  354,  403,  583,  540,  789,  543,  288,  388,  763,  520,    0,  767,  331,  138,  488,  757,  613,  708,  247,  209,  371,  758,  608,  503,  487,  194,  688,  259,  119,  756,  584,  253,  707,  565,  447,  533,  707,  283,  464,  503,  467,  829,  156,  816,  845,  449,  771,  742,  283,  253,  578,  163,  747,  474,  541,  670,  547,  573,  916,  754,  486,  411,  363,   80,  325,  489,  920,  551,  768,  868,  365,  162,  479,  661,  165,  873,  949,  390,  945,  296,  383,  591,  375,  854,  818,  835,  656,  563,  608,  206,  611,  255,  790,  745,  961,  500,  616,  302,  886,  744,  833,  455,  177,  853,   94,  100,  767,  324,  699,  422,  195,  298,  327,  217,  672,  395,  523,  337,  452,  797,  958,  407,  177,  500,   47,  781,  463,  548,  787,  779,  511,  726,  711,  785,  886,  542,  272,   72,  589,  173,  453,  894,  307,  391,  237,  410,  531,  566,  775,  276,  502,  791,  193,  214,  411,  283,  140,  605,  681,  258,  723],
        [  166,    0,  863,  723,  456,  278,  480,  603,  612,  227,  754,  575,  724,  217,  437,  630,  229,  784,  394,  402,  277,  767,    0,  991,  873,  296,  268,  460,  164,  823,  608,  561,  594,  654,  845,  879,  720,   90,  867,  884,  100,  493,  704,  180,  415,  336,  470,  113,  803,  583,  452,  767,  100,  619,  150,  539,  572,  149,  182,  486,  521,  343,  650,   56,  546,  390,  262,  597,  205,  613,  628,  404,  784,  995,  729,  473,  334,  205,  592,  403,  163,  983,  867,  332,  416,  684,  526,  639,  420,  554,  731,  453,  343,  518,  184,  368,  176,  165,  340,  376,  700,  385,  706,  360,   91,  299,  649,  441,  534,  279,  483,  549,  360,  624,   91,  686,  669,  117,  444,  194,  353,  850,  771,  453,  556,  679,  589,  572,  436,  319,  254,  621,  849,  865,  393,  811,   83,  309,  468,  140,   28,  786,  223,  383,  247,  354,  416,  824,  780,  709,  738,  852,  360,  470,  377,  687,  678,  511,  642,  396,  873,  421,  235,  574,  863, 1029,  491,  629,  358,  222,  691,  517],
        [  865,    0,  326,  431,  631, 1185,  512,  410,  841, 1021,  246,  682,  730,  847,  856,  780,  764,  223,  665,  851,  791,  331,  991,    0,  378,  755,  896,  932,  887,  547,  389,  698,  763,  577,  348,  791,  522,  928,  540,  303, 1007,  641,  291,  976,  666,  657,  612,  905,  592,  794,  820,  790, 1071,  461, 1074,  883,  778,  950,  911,  532,  540,  710,  355,  957,  524,  849,  957,  552,  786,  932,  742,  619,  305,   44,  307,  520,  776, 1172,  558,  856, 1120,   60,  170,  761,  974,  496,  920,  961,  685,  992,  621,  542,  892,  696, 1114,  921, 1096,  847,  861,  915,  536,  716,  583,  895,  993, 1231,  480,  933,  619, 1163,  798,  865,  743,  498, 1081,  353,  386,  957,  575,  971,  643,  475,  240,  610,  507,  629,  445,  547,  568,  708,  941,  978,  711,  442,  633,  321,  981,  687,  625,  969,  996,  398,  882, 1019,  932, 1178,  647,  174,  388,  527,  498,  290, 1009,  591,  638,  305,  389,  855,  544,  865,  556,  618, 1069,  470,  490,   88,  516,  413,  909,  959,  305,  761],
        [  801,    0,   56,  151,  424,  989,  451,  483,  516,  820,  281,  385,  376,  676,  588,  926,  657,  403,  482,  898,  611,  138,  873,  378,    0,  583,  886,  652,  829,  174,  346,  404,  896,  743,  618,  415,  192,  790,  163,   76,  851,  721,  383,  792,  701,  567,  670,  824,  222,  479,  550,  428,  926,  257,  906,  983,  469,  891,  864,  399,  353,  710,  301,  859,  611,  600,  744,  684,  688, 1053,  891,  619,  530,  418,  215,  454,  570, 1011,  688,  903,  959,  426,  229,  564,  708,  202, 1010, 1087,  470, 1082,  270,  516,  656,  422,  941,  951,  922,  775,  630,  664,  214,  745,  246,  923,  841, 1041,  635,  659,  364,  961,  881,  970,  537,  252,  956,  230,  227,  885,  437,  782,  540,   99,  416,  421,  319,  806,  531,  660,  456,  554,  924, 1095,  336,   65,  633,   98,  895,  578,  685,  906,  888,  633,  851,  764,  912,  950,  677,  376,   95,  721,  166,  563, 1025,  403,  501,  370,  541,  561,  701,  909,  179,  637,  868,  307,  113,  465,  405,  265,  665,  761,  390,  861],
        [  281,    0,  578,  433,  161,  431,  263,  428,  371,  268,  510,  290,  448,   96,  224,  664,  132,  574,  102,  497,   38,  488,  296,  755,  583,    0,  409,  290,  307,  528,  368,  278,  623,  595,  699,  606,  425,  209,  572,  601,  269,  454,  490,  223,  377,  160,  404,  277,  510,  328,  217,  500,  343,  334,  329,  632,  312,  356,  348,  223,  236,  323,  400,  294,  438,  181,  209,  520,  160,  715,  645,  306,  617,  768,  464,  255,   70,  433,  518,  501,  380,  759,  610,   54,  290,  390,  638,  748,  126,  693,  439,  279,  182,  234,  367,  510,  348,  252,  154,  222,  405,  384,  412,  487,  259,  479,  540,  277,  239,  409,  540,  632,   75,  332,  375,  418,  395,  338,  181,  217,  147,  555,  567,  164,  272,  643,  437,  486,  193,   52,  430,  741,  566,  572,  306,  530,  335,  121,  412,  365,  314,  656,  358,  306,  418,  429,  361,  604,  492,  628,  443,  687,  550,  182,  120,  468,  526,  288,  565,  500,  578,  336,  316,  299,  568,  808,  240,  357,  206,  206,  479,  552],
        [  136,    0,  860,  748,  530,  543,  437,  487,  779,  480,  690,  689,  850,  385,  619,  370,  279,  674,  471,  137,  416,  757,  268,  896,  886,  409,    0,  666,  118,  889,  558,  680,  336,  437,  670, 1008,  778,  304,  928,  874,  362,  287,  609,  423,  234,  328,  293,  171,  883,  737,  620,  906,  361,  637,  417,  272,  721,  122,   87,  492,  556,  188,  606,  213,  382,  571,  492,  399,  250,  347,  374,  283,  634,  889,  697,  433,  475,  455,  393,  137,  422,  873,  810,  462,  638,  730,  261,  375,  521,  298,  822,  378,  542,  636,  449,  108,  443,  162,  527,  583,  763,  186,  786,   94,  350,  558,  466,  649,  618,  546,  223,  282,  484,  663,  322,  665,  660,  153,  463,  434,  358,  892,  658,  513,  581,  445,  454,  384,  435,  396,   46,  360,  960,  897,  267,  803,  191,  334,  283,  138,  247,  604,   54,  620,   39,  620,  250,  722,  793,  499,  788,  693,  145,  522,  413,  601,  527,  689,  437,  129,  938,  279,  498,  582,  909,  913,  482,  622,  564,  455,  596,  263],
        [  531,    0,  671,  522,  316,  400,  516,  684,  186,  265,  697,  267,  343,  281,   80,  952,  410,  794,  313,  773,  266,  613,  460,  932,  652,  290,  666,    0,  551,  523,  582,  249,  912,  880,  955,  472,  460,  381,  565,  699,  374,  743,  713,  286,  666,  446,  692,  505,  483,  189,  113,  356,  441,  471,  385,  911,  192,  581,  590,  440,  401,  611,  596,  491,  719,  110,  202,  804,  431,  994,  934,  594,  864,  955,  625,  508,  223,  473,  802,  776,  435,  952,  767,  242,   67,  458,  913, 1026,  267,  961,  407,  552,  124,  238,  399,  772,  384,  505,  142,   85,  439,  672,  412,  754,  376,  453,  817,   20,  313,  368,  824,  913,  239,  437,  498,  580,  547,  553,  411,  271,  428,  582,  791,  344,  430,  930,  704,  770,  441,  333,  675, 1016,  471,  612,  595,  641,  533,  409,  701,  581,  487,  920,  613,  129,  664,  324,  651,  812,  581,  909,  486,  932,  795,  360,  381,  689,  786,   95,  848,  773,  563,  625,  297,  470,  586, 1001,  466,  522,  104,  241,  705,  839],
        [   28,    0,  809,  684,  444,  441,  394,  483,  671,  365,  664,  594,  754,  272,  507,  468,  185,  670,  382,  244,  308,  708,  164,  887,  829,  307,  118,  551,    0,  812,  522,  584,  431,  497,  703,  912,  703,  187,  853,  826,  251,  336,  596,  307,  263,  262,  321,   56,  801,  632,  511,  807,  263,  574,  311,  384,  617,   64,   42,  430,  484,  194,  569,  108,  404,  459,  375,  445,  152,  462,  465,  273,  652,  886,  656,  388,  369,  365,  439,  246,  325,  871,  782,  358,  522,  658,  376,  491,  426,  415,  736,  348,  427,  539,  347,  225,  338,   57,  414,  467,  686,  227,  703,  210,  238,  462,  502,  534,  531,  440,  321,  392,  382,  593,  236,  618,  609,   73,  394,  318,  289,  824,  656,  431,  514,  518,  460,  422,  373,  303,  126,  477,  869,  833,  260,  754,  105,  255,  316,   83,  149,  641,   66,  503,  114,  511,  269,  715,  735,  554,  715,  717,  247,  443,  335,  584,  544,  579,  487,  240,  862,  282,  385,  522,  839,  915,  426,  569,  448,  338,  583,  354],
        [  784,    0,  221,  173,  372,  893,  480,  565,  365,  729,  404,  269,  211,  612,  471,  996,  629,  534,  435,  927,  548,  247,  823,  547,  174,  528,  889,  523,  812,    0,  412,  288,  961,  831,  749,  246,  111,  735,   45,  247,  783,  776,  492,  712,  739,  561,  720,  795,   50,  338,  436,  256,  860,  266,  828, 1030,  332,  870,  851,  402,  334,  730,  379,  820,  680,  494,  651,  763,  662, 1106,  963,  650,  656,  585,  320,  480,  496,  933,  766,  931,  883,  592,  388,  495,  585,  162, 1052, 1141,  404, 1121,  117,  550,  554,  320,  859,  968,  840,  756,  534,  553,  127,  776,  120,  941,  776,  947,  727,  534,  290,  863,  927, 1020,  467,  228,  899,  309,  286,  857,  426,  700,  531,   76,  544,  382,  311,  894,  611,  734,  457,  514,  922, 1145,  166,  113,  662,  234,  860,  559,  735,  882,  842,  753,  847,  646,  909,  839,  715,  518,  176,  821,  105,  700, 1033,  370,  478,  474,  643,  429,  789,  936,   51,  674,  775,  322,   70,  633,  418,  308,  558,  675,  495,  914],
        [  497,    0,  310,  240,  266,  797,  129,  154,  543,  635,  147,  379,  495,  459,  503,  588,  379,  214,  285,  556,  405,  209,  608,  389,  346,  368,  558,  582,  522,  412,    0,  388,  555,  420,  388,  620,  316,  540,  438,  320,  618,  376,  132,  588,  357,  273,  324,  531,  432,  489,  471,  565,  684,  162,  685,  637,  470,  586,  552,  149,  184,  374,   49,  578,  271,  485,  574,  352,  404,  709,  554,  280,  292,  400,  140,  136,  397,  784,  354,  561,  732,  392,  262,  381,  613,  264,  665,  743,  318,  737,  408,  181,  520,  367,  726,  612,  708,  475,  488,  548,  314,  403,  360,  585,  605,  843,  317,  579,  291,  776,  536,  625,  367,  214,  697,  116,  129,  587,  189,  584,  256,  383,  210,  240,  164,  483,  199,  324,  179,  320,  600,  750,  547,  375,  295,  254,  606,  300,  340,  604,  615,  369,  531,  649,  589,  796,  334,  238,  263,  413,  311,  355,  691,  222,  250,  107,  243,  523,  377,  567,  453,  294,  683,  126,  403,  440,  129,  106,  539,  573,  124,  516],
        [  557,    0,  424,  277,  166,  606,  370,  521,  156,  443,  476,   20,  170,  344,  187,  880,  402,  589,  214,  752,  286,  371,  561,  698,  404,  278,  680,  249,  584,  288,  388,    0,  841,  760,  775,  329,  213,  471,  332,  452,  507,  656,  515,  431,  594,  374,  598,  555,  255,  102,  150,  228,  584,  245,  547,  876,   84,  634,  625,  276,  210,  560,  387,  567,  594,  207,  365,  684,  434,  959,  854,  506,  679,  726,  396,  364,  227,  649,  684,  756,  602,  724,  530,  232,  305,  212,  889,  993,  160,  950,  178,  428,  267,   45,  575,  775,  557,  528,  248,  267,  191,  617,  170,  751,  501,  660,  676,  256,   98,  576,  777,  872,  205,  201,  628,  354,  319,  615,  269,  418,  345,  339,  589,  194,  225,  819,  554,  651,  308,  285,  705,  990,  290,  367,  513,  395,  610,  353,  611,  642,  583,  753,  632,  363,  692,  553,  572,  597,  334,  773,  238,  741,  824,  198,  284,  490,  622,  161,  722,  757,  333,  536,  488,  263,  345,  772,  304,  304,  271,  391,  509,  778],
        [  434,    0,  853,  792,  675,  871,  488,  414,  974,  784,  633,  842,  995,  645,  847,   41,  505,  556,  635,  204,  646,  758,  594,  763,  896,  623,  336,  912,  431,  961,  555,  841,    0,  189,  448, 1142,  857,  606,  990,  857,  679,  188,  529,  723,  250,  476,  246,  485,  973,  924,  835, 1061,  692,  697,  741,  133,  905,  456,  416,  579,  654,  302,  597,  538,  285,  804,  774,  219,  490,  170,   40,  335,  460,  741,  681,  491,  692,  789,  214,  205,  754,  721,  741,  675,  902,  803,  174,  199,  693,  238,  933,  420,  795,  801,  777,  270,  768,  447,  771,  837,  849,  241,  888,  260,  665,  890,  285,  898,  753,  870,  114,  112,  686,  741,  656,  669,  683,  486,  574,  731,  502,  937,  537,  648,  662,  152,  366,  237,  536,  586,  368,  216, 1077,  929,  329,  799,  524,  508,  232,  474,  577,  383,  372,  900,  369,  938,  270,  605,  817,  248,  856,  494,  348,  646,  561,  534,  382,  905,  220,  215, 1005,  305,  810,  643,  957,  748,  555,  654,  819,  744,  519,   78],
        [  489,    0,  696,  659,  600,  923,  391,  267,  907,  806,  469,  757,  898,  642,  807,  204,  502,  377,  576,  333,  625,  608,  654,  577,  743,  595,  437,  880,  497,  831,  420,  760,  189,    0,  263, 1034,  734,  641,  855,  696,  722,  162,  363,  745,  243,  436,  196,  543,  850,  854,  787,  967,  754,  576,  791,  316,  834,  541,  497,  485,  556,  315,  454,  601,  167,  770,  779,   77,  499,  357,  166,  290,  273,  553,  529,  396,  658,  859,   78,  337,  816,  534,  569,  639,  884,  681,  356,  384,  631,  424,  821,  336,  776,  726,  831,  409,  819,  491,  748,  816,  731,  271,  774,  389,  708,  952,  110,  869,  666,  916,  253,  296,  643,  626,  732,  526,  546,  564,  494,  750,  452,  797,  359,  571,  555,   64,  221,  112,  456,  548,  479,  403,  963,  784,  293,  645,  601,  475,  193,  561,  644,  196,  454,  895,  475,  971,  247,  424,  673,   66,  730,  306,  497,  564,  503,  374,  207,  854,   43,  348,  871,  261,  841,  528,  817,  560,  458,  525,  800,  757,  355,  208],
        [  689,    0,  564,  585,  642, 1092,  441,  273,  930,  951,  346,  766,  874,  772,  876,  457,  648,  217,  643,  585,  735,  503,  845,  348,  618,  699,  670,  955,  703,  749,  388,  775,  448,  263,    0,  983,  677,  809,  761,  554,  893,  384,  266,  893,  443,  552,  384,  740,  782,  876,  848,  943,  940,  542,  964,  578,  857,  758,  714,  516,  568,  509,  395,  798,  300,  851,  905,  273,  657,  613,  420,  442,   97,  315,  431,  450,  748, 1047,  280,  590,  999,  295,  401,  730,  976,  630,  618,  638,  688,  686,  777,  423,  874,  753, 1006,  661,  990,  682,  843,  908,  681,  487,  730,  639,  879, 1128,  205,  949,  678, 1078,  512,  558,  723,  594,  931,  452,  483,  775,  545,  894,  555,  696,  206,  613,  551,  301,  265,  287,  517,  647,  715,  659,  905,  673,  453,  526,  808,  592,  391,  779,  841,   69,  675, 1003,  709, 1118,  435,  244,  575,  201,  663,   60,  751,  598,  584,  290,  175,  905,  243,  601,  778,  425,  993,  513,  715,  311,  489,  481,  896,  893,  269,  468],
