{
    "name": "random-62-2841",
    "comment": "size=62 seed=2841",
    "nodes": ["+0", "-0", "+1", "-1", "+2", "-2", "+3", "-3", "+4", "-4", "+5", "-5", "+6", "-6", "+7", "-7", "+8", "-8", "+9", "-9", "+10", "-10", "+11", "-11", "+12", "-12", "+13", "-13", "+14", "-14", "+15", "-15", "+16", "-16", "+17", "-17", "+18", "-18", "+19", "-19", "+20", "-20", "+21", "-21", "+22", "-22", "+23", "-23", "+24", "-24", "+25", "-25", "+26", "-26", "+27", "-27", "+28", "-28", "+29", "-29", "+30", "-30", "+31", "-31", "+32", "-32", "+33", "-33", "+34", "-34", "+35", "-35", "+36", "-36", "+37", "-37", "+38", "-38", "+39", "-39", "+40", "-40", "+41", "-41", "+42", "-42", "+43", "-43", "+44", "-44", "+45", "-45", "+46", "-46", "+47", "-47", "+48", "-48", "+49", "-49", "+50", "-50", "+51", "-51", "+52", "-52", "+53", "-53", "+54", "-54", "+55", "-55", "+56", "-56", "+57", "-57", "+58", "-58", "+59", "-59", "+60", "-60", "+61", "-61", "+62", "-62"],
    "precedence": {
        "+0": "-0",
        "+1": "-1",
        "+2": "-2",
        "+3": "-3",
        "+4": "-4",
        "+5": "-5",
        "+6": "-6",
        "+7": "-7",
        "+8": "-8",
        "+9": "-9",
        "+10": "-10",
        "+11": "-11",
        "+12": "-12",
        "+13": "-13",
        "+14": "-14",
        "+15": "-15",
        "+16": "-16",
        "+17": "-17",
        "+18": "-18",
        "+19": "-19",
        "+20": "-20",
        "+21": "-21",
        "+22": "-22",
        "+23": "-23",
        "+24": "-24",
        "+25": "-25",
        "+26": "-26",
        "+27": "-27",
        "+28": "-28",
        "+29": "-29",
        "+30": "-30",
        "+31": "-31",
        "+32": "-32",
        "+33": "-33",
        "+34": "-34",
        "+35": "-35",
        "+36": "-36",
        "+37": "-37",
        "+38": "-38",
        "+39": "-39",
        "+40": "-40",
        "+41": "-41",
        "+42": "-42",
        "+43": "-43",
        "+44": "-44",
        "+45": "-45",
        "+46": "-46",
        "+47": "-47",
        "+48": "-48",
        "+49": "-49",
        "+50": "-50",
        "+51": "-51",
        "+52": "-52",
        "+53": "-53",
        "+54": "-54",
        "+55": "-55",
        "+56": "-56",
        "+57": "-57",
        "+58": "-58",
        "+59": "-59",
        "+60": "-60",
        "+61": "-61",
        "+62": "-62"
    },
    "edges": [
        [    0,    0,  526,  934,  650,  429,  855,  914,  446,  373,  782,  164,  469,  381,  992,  871,  779,  446,  476,  448,  298, 1030,  310,  852,  612,  717,  520,  163, 1066,  170,  920,  486,  808,  788,  751,  123,  291,  112,  835,  957,  648,  422,  401,  904,  561,  487,  361,  598,  522,  634,  798, 1010,  625,  716,  580,  573,  251,  920,  780,   26,  701,  336,  935,  266,  665,  693,  510,  251,  684,  807,  846,  313,  332,  568,  614,   36,  547,  282,  160,  202,  279,  564,  290,  185,  265,  523,  274,  187, 1083, 1029,  725,  367,  680,  704,  255,  382,  695,  534,  760,  492, 1117,   87,  221,  708,  634, 1003,  683,  389,  628,  615,  508,  911,  637,  369,  402,  407,  935,  470,  869,  743,  486,  245,  940,  749,  400,  562],
        [    0,    0,    0,    0,    0,    0,    0,    0,    0,    0,    0,    0,    0,    0,    0,    0,    0,    0,    0,    0,    0,    0,    0,    0,    0,    0,    0,    0,    0,    0,    0,    0,    0,    0,    0,    0,    0,    0,    0,    0,    0,    0,    0,    0,    0,    0,    0,    0,    0,    0,    0,    0,    0,    0,    0,    0,    0,    0,    0,    0,    0,    0,    0,    0,    0,    0,    0,    0,    0,    0,    0,    0,    0,    0,    0,    0,    0,    0,    0,    0,    0,    0,    0,    0,    0,    0,    0,    0,    0,    0,    0,    0,    0,    0,    0,    0,    0,    0,    0,    0,    0,    0,    0,    0,    0,    0,    0,    0,    0,    0,    0,    0,    0,    0,    0,    0,    0,    0,    0,    0,    0,    0,    0,    0,    0,    0],
        [  526,    0,    0,  705,  171,  268,  871,  636,  634,  645,  577,  689,  224,  174,  598,  632,  641,  119,  518,  463,  485,  679,  719,  357,  327,  390,  559,  681,  674,  358,  666,  317,  336,  613,  225,  405,  628,  530,  673, 1006,  568,  670,  177,  660,  363,  622,  444,  114,  238,  375,  281,  649,  100,  408,  235,   79,  306,  781,  467,  508,  690,  193,  462,  284,  155,  455,  546,  745,  423,  346,  845,  217,  772,  100,  430,  531,  123,  415,  568,  326,  754,   96,  293,  382,  511,  246,  343,  543,  638,  576,  859,  728,  175,  462,  355,  202,  259,  399,  289,  436,  687,  610,  320,  201,  352,  683,  157,  233,  213,  665,   19,  616,  199,  213,  179,  163,  697,  276,  558,  627,  619,  622,  984,  433,  442,   83],
        [  934,    0,  705,    0,  568,  543,  405,   96,  608,  702,  153, 1040,  919,  666,  313,   74,  182,  645,  486,  495,  656,  232,  866,  557,  386,  317,  460, 1004,  324,  847,   50, 1011,  498,  152,  700,  849,  770,  848,  128,  512,  308,  674,  839,   46,  393,  549,  580,  791,  940,  342,  639,  248,  713,  297,  936,  635,  721,  158,  244,  909,  348,  777,  496,  860,  622,  263,  463,  993,  288,  476,  372,  787,  927,  793,  327,  910,  582,  654,  837,  825,  968,  791,  897,  921,  700,  486,  945,  792,  454,  456,  559,  812,  608,  253,  688,  634,  921,  404,  508,  444,  429, 1008,  758,  604, 1054,  167,  712,  896,  498,  435,  706,  126,  519,  861,  632,  643,   15,  504,  175,  224,  548,  811,  492,  276,  539,  777],
        [  650,    0,  171,  568,    0,  281,  799,  490,  646,  682,  461,  808,  392,  269,  429,  498,  540,  205,  505,  456,  532,  514,  787,  203,  230,  254,  536,  792,  505,  491,  526,  483,  169,  503,  166,  529,  686,  628,  560,  935,  499,  695,  345,  523,  298,  618,  469,  228,  398,  275,  164,  483,  145,  277,  379,   94,  405,  668,  325,  628,  627,  339,  297,  437,   58,  344,  524,  841,  310,  176,  769,  361,  847,  236,  349,  647,  105,  471,  656,  459,  842,  235,  453,  531,  568,  203,  505,  623,  469,  407,  825,  780,   53,  349,  432,  274,  353,  351,  120,  410,  517,  736,  431,   72,  495,  525,  149,  403,   83,  626,  182,  467,   56,  380,  251,  244,  559,  263,  408,  536,  616,  694,  912,  294,  453,  222],
        [  429,    0,  268,  543,  281,    0,  619,  503,  374,  402,  393,  571,  420,  138,  563,  472,  427,  154,  250,  196,  252,  604,  510,  464,  183,  288,  292,  546,  637,  310,  517,  505,  406,  415,  434,  323,  407,  377,  472,  751,  325,  418,  325,  505,  151,  356,  190,  381,  458,  212,  445,  583,  344,  290,  479,  250,  186,  575,  355,  404,  437,  245,  526,  319,  323,  283,  279,  579,  265,  400,  596,  251,  571,  364,  219,  416,  189,  195,  394,  285,  574,  360,  358,  380,  291,   98,  405,  355,  659,  607,  592,  500,  329,  293,  178,  100,  526,  155,  363,  173,  690,  513,  223,  352,  591,  583,  387,  375,  225,  401,  256,  495,  245,  337,  108,  124,  540,   42,  447,  402,  354,  419,  729,  323,  179,  348],
        [  855,    0,  871,  405,  799,  619,    0,  483,  415,  508,  381,  901, 1038,  754,  704,  418,  284,  769,  402,  451,  562,  636,  659,  874,  570,  575,  353,  858,  726,  842,  442, 1119,  804,  334,  961,  818,  596,  746,  301,  136,  304,  461,  940,  425,  512,  368,  523,  981, 1077,  525,  925,  648,  922,  550, 1096,  826,  731,  255,  541,  833,  183,  852,  849,  901,  857,  466,  366,  807,  500,  785,   35,  851,  706,  970,  451,  822,  760,  604,  711,  834,  768,  967,  946,  922,  590,  627,  981,  672,  849,  840,  200,  587,  850,  465,  672,  715, 1126,  474,  794,  448,  830,  903,  762,  859, 1209,  571,  945,  986,  717,  243,  864,  510,  744,  947,  726,  743,  418,  600,  532,  271,  369,  648,  114,  553,  494,  953],
        [  914,    0,  636,   96,  490,  503,  483,    0,  629,  717,  152, 1032,  855,  617,  223,   70,  225,  588,  492,  491,  650,  161,  878,  464,  332,  246,  475,  998,  246,  812,   47,  948,  406,  178,  613,  820,  777,  836,  185,  597,  327,  696,  780,   59,  357,  571,  571,  716,  873,  293,  549,  167,  635,  231,  864,  562,  687,  248,  169,  889,  397,  727,  401,  814,  541,  222,  475,  997,  239,  385,  449,  739,  941,  720,  301,  893,  516,  638,  831,  788,  976,  719,  849,  883,  696,  434,  899,  786,  367,  364,  620,  831,  526,  212,  662,  588,  840,  382,  420,  434,  348,  992,  725,  520,  981,  104,  630,  839,  425,  473,  639,   31,  444,  805,  583,  592,   82,  462,   84,  261,  570,  815,  576,  203,  531,  704],
        [  446,    0,  634,  608,  646,  374,  415,  629,    0,   99,  477,  487,  731,  471,  791,  566,  427,  516,  154,  193,  179,  780,  264,  804,  461,  539,  155,  444,  847,  469,  614,  795,  737,  459,  805,  432,  183,  335,  485,  511,  303,   68,  632,  595,  378,   60,  191,  745,  779,  446,  807,  774,  717,  523,  817,  624,  387,  537,  563,  427,  290,  535,  836,  552,  693,  453,  158,  404,  467,  725,  412,  525,  322,  724,  376,  412,  561,  244,  297,  471,  371,  720,  596,  545,  190,  444,  619,  261,  921,  884,  282,  205,  696,  461,  320,  435,  886,  320,  703,  249,  931,  489,  406,  717,  914,  732,  761,  663,  576,  193,  620,  639,  601,  625,  457,  474,  614,  384,  621,  385,   60,  234,  495,  548,  196,  710],
        [  373,    0,  645,  702,  682,  402,  508,  717,   99,    0,  566,  394,  712,  474,  868,  656,  522,  528,  229,  250,  161,  865,  166,  854,  520,  607,  244,  351,  929,  425,  705,  767,  790,  552,  834,  381,   89,  261,  580,  594,  394,   50,  616,  686,  439,  158,  213,  752,  763,  512,  845,  857,  735,  593,  806,  647,  367,  636,  639,  356,  389,  520,  896,  519,  724,  530,  243,  306,  540,  780,  506,  506,  226,  729,  449,  337,  589,  232,  215,  434,  273,  724,  561,  496,  146,  485,  577,  187,  994,  954,  356,  115,  730,  539,  303,  444,  887,  383,  752,  312, 1008,  405,  378,  752,  896,  819,  783,  638,  619,  291,  629,  726,  641,  603,  467,  483,  707,  421,  703,  480,  158,  142,  580,  621,  235,  715],
        [  782,    0,  577,  153,  461,  393,  381,  152,  477,  566,    0,  891,  784,  521,  342,   92,   98,  506,  343,  346,  507,  307,  728,  499,  252,  211,  324,  856,  384,  695,  142,  875,  431,   48,  609,  696,  628,  697,  100,  510,  176,  544,  699,  124,  244,  420,  430,  673,  809,  204,  561,  306,  600,  187,  811,  513,  569,  208,  162,  757,  259,  632,  468,  712,  517,  123,  324,  850,  155,  411,  347,  641,  791,  671,  176,  759,  455,  502,  689,  674,  827,  669,  750,  770,  552,  345,  797,  644,  485,  467,  488,  680,  506,  116,  535,  488,  810,  252,  427,  293,  479,  857,  606,  509,  929,  255,  609,  755,  382,  326,  576,  165,  407,  718,  487,  499,  153,  356,  162,  122,  419,  668,  487,  179,  389,  654],
        [  164,    0,  689, 1040,  808,  571,  901, 1032,  487,  394,  891,    0,  624,  540, 1130,  982,  873,  605,  560,  546,  385, 1158,  266, 1009,  748,  853,  597,   45, 1201,  333, 1032,  632,  962,  890,  914,  285,  306,  198,  932,  986,  740,  442,  562, 1015,  689,  539,  462,  761,  676,  764,  959, 1142,  788,  849,  737,  734,  404, 1005,  910,  182,  769,  499, 1088,  427,  826,  816,  590,  138,  811,  960,  898,  476,  254,  731,  733,  161,  704,  396,  204,  365,  182,  727,  446,  339,  341,  667,  423,  249, 1229, 1176,  744,  339,  840,  826,  393,  536,  855,  653,  915,  599, 1259,   89,  378,  868,  781, 1126,  845,  546,  780,  675,  671, 1032,  792,  529,  558,  565, 1043,  610,  994,  834,  538,  254,  972,  882,  503,  725],
        [  469,    0,  224,  919,  392,  420, 1038,  855,  731,  712,  784,  624,    0,  284,  820,  846,  836,  280,  651,  597,  558,  903,  736,  559,  534,  609,  699,  630,  897,  314,  883,   93,  552,  815,  389,  369,  667,  519,  874, 1168,  745,  749,  101,  876,  551,  736,  548,  199,   54,  580,  466,  873,  273,  625,  113,  303,  347,  982,  687,  460,  856,  197,  672,  209,  364,  662,  684,  717,  633,  563, 1015,  207,  777,  174,  622,  488,  340,  489,  569,  292,  739,  172,  180,  286,  566,  440,  205,  561,  852,  789,  990,  767,  385,  670,  413,  324,  236,  573,  507,  590,  905,  537,  335,  408,  184,  906,  320,   81,  436,  811,  218,  837,  423,  110,  313,  297,  912,  445,  779,  816,  734,  645, 1147,  652,  562,  181],
        [  381,    0,  174,  666,  269,  138,  754,  617,  471,  474,  521,  540,  284,    0,  640,  594,  562,   67,  372,  316,  314,  699,  546,  471,  286,  382,  418,  525,  717,  227,  637,  368,  429,  547,  385,  260,  455,  366,  605,  885,  463,  502,  188,  627,  279,  466,  280,  279,  324,  326,  421,  674,  269,  390,  352,  197,  139,  710,  457,  360,  572,  111,  557,  199,  288,  404,  404,  581,  381,  430,  731,  123,  601,  256,  351,  379,  166,  243,  400,  195,  587,  251,  233,  280,  338,  184,  283,  372,  714,  657,  714,  555,  302,  414,  182,   40,  416,  292,  380,  306,  754,  468,  162,  329,  459,  687,  323,  238,  253,  529,  157,  604,  259,  200,   35,   29,  662,  168,  552,  539,  463,  450,  863,  422,  286,  242],
        [  992,    0,  598,  313,  429,  563,  704,  223,  791,  868,  342, 1130,  820,  640,    0,  286,  433,  592,  641,  622,  769,  113, 1019,  315,  382,  278,  637, 1103,   78,  861,  267,  911,  284,  382,  497,  882,  914,  933,  404,  820,  506,  856,  767,  281,  446,  738,  688,  647,  825,  369,  418,   80,  562,  283,  801,  519,  745,  469,  230,  967,  601,  739,  216,  835,  464,  339,  634, 1120,  331,  267,  670,  757, 1083,  661,  420,  978,  496,  738,  941,  832, 1106,  661,  861,  919,  815,  471,  913,  898,  146,  145,  829,  983,  444,  331,  740,  624,  746,  493,  320,  560,  141, 1076,  781,  427,  911,  163,  538,  825,  397,  663,  607,  195,  403,  798,  610,  612,  298,  522,  180,  463,  737,  943,  799,  252,  652,  648],
        [  871,    0,  632,   74,  498,  472,  418,   70,  566,  656,   92,  982,  846,  594,  286,    0,  155,  572,  434,  437,  598,  230,  819,  499,  313,  245,  413,  947,  315,  778,   50,  938,  436,  110,  633,  782,  720,  788,  118,  536,  264,  633,  765,   34,  322,  507,  520,  720,  867,  269,  576,  236,  641,  225,  864,  562,  652,  194,  175,  845,  328,  705,  448,  789,  552,  191,  415,  941,  215,  415,  384,  715,  881,  721,  259,  848,  509,  591,  780,  756,  918,  719,  825,  851,  644,  413,  874,  735,  432,  424,  551,  769,  538,  181,  622,  563,  850,  338,  443,  383,  416,  946,  690,  536,  982,  172,  643,  823,  426,  405,  633,   93,  448,  788,  560,  570,   69,  433,  121,  192,  507,  759,  514,  205,  480,  705],
        [  779,    0,  641,  182,  540,  427,  284,  225,  427,  522,   98,  873,  836,  562,  433,  155,    0,  557,  314,  332,  490,  385,  687,  594,  317,  299,  282,  836,  468,  712,  197,  925,  525,   52,  694,  706,  593,  686,   59,  413,  134,  493,  746,  177,  286,  368,  419,  743,  866,  269,  651,  390,  674,  274,  874,  583,  587,  149,  259,  754,  173,  671,  566,  742,  597,  196,  287,  818,  231,  505,  250,  677,  748,  738,  214,  753,  521,  499,  670,  694,  791,  735,  783,  790,  533,  399,  827,  625,  578,  563,  397,  632,  588,  192,  545,  525,  883,  273,  518,  292,  567,  848,  624,  593,  991,  326,  688,  799,  459,  254,  637,  245,  485,  761,  529,  543,  190,  394,  255,   42,  367,  637,  391,  272,  380,  721],
        [  446,    0,  119,  645,  205,  154,  769,  588,  516,  528,  506,  605,  280,   67,  592,  572,  557,    0,  403,  348,  368,  657,  609,  407,  259,  346,  446,  592,  669,  288,  612,  370,  367,  536,  320,  325,  514,  432,  595,  902,  470,  552,  194,  603,  272,  505,  325,  230,  311,  304,  355,  630,  209,  358,  327,  131,  206,  702,  423,  425,  587,  148,  496,  245,  222,  385,  432,  647,  357,  370,  744,  166,  665,  212,  343,  445,  104,  300,  465,  255,  652,  207,  270,  333,  397,  161,  322,  436,  658,  599,  745,  614,  236,  394,  244,   86,  373,  298,  318,  326,  700,  532,  228,  263,  441,  650,  260,  252,  198,  555,  105,  573,  199,  218,   62,   47,  639,  170,  518,  538,  502,  513,  880,  388,  325,  196],
        [  476,    0,  518,  486,  505,  250,  402,  492,  154,  229,  343,  560,  651,  372,  641,  434,  314,  403,    0,   56,  180,  638,  387,  654,  309,  385,   50,  522,  700,  441,  484,  727,  586,  335,  668,  421,  286,  376,  372,  524,  181,  217,  551,  466,  226,  114,  122,  631,  694,  292,  663,  629,  591,  370,  723,  495,  330,  447,  412,  452,  231,  458,  683,  500,  556,  303,   37,  508,  315,  573,  386,  455,  450,  614,  223,  446,  430,  205,  357,  432,  484,  610,  545,  521,  220,  303,  579,  312,  769,  731,  343,  343,  557,  311,  271,  333,  776,  167,  554,   98,  781,  539,  360,  575,  829,  593,  630,  592,  431,  163,  506,  499,  457,  553,  349,  367,  490,  250,  475,  274,  113,  326,  504,  395,   93,  598],
        [  448,    0,  463,  495,  456,  196,  451,  491,  193,  250,  346,  546,  597,  316,  622,  437,  332,  348,   56,    0,  162,  629,  398,  612,  271,  357,  102,  511,  686,  398,  487,  673,  546,  345,  617,  382,  293,  355,  389,  576,  201,  249,  497,  470,  189,  163,   87,  576,  639,  262,  616,  617,  538,  344,  667,  442,  282,  473,  393,  423,  274,  405,  648,  451,  505,  286,   88,  508,  292,  534,  433,  402,  462,  559,  203,  421,  377,  169,  343,  386,  488,  554,  495,  478,  207,  253,  531,  298,  745,  704,  399,  363,  507,  295,  226,  277,  720,  133,  511,   63,  761,  517,  314,  527,  774,  589,  578,  539,  385,  216,  451,  494,  410,  500,  294,  311,  497,  197,  464,  295,  161,  326,  555,  372,   49,  543],
        [  298,    0,  485,  656,  532,  252,  562,  650,  179,  161,  507,  385,  558,  314,  769,  598,  490,  368,  180,  162,    0,  784,  261,  714,  397,  495,  223,  349,  836,  292,  648,  619,  653,  506,  679,  259,  156,  197,  548,  673,  357,  192,  460,  631,  324,  202,   82,  592,  607,  401,  696,  771,  576,  487,  648,  490,  211,  626,  542,  274,  404,  363,  768,  374,  570,  440,  213,  352,  441,  646,  551,  351,  324,  568,  356,  268,  435,   72,  182,  293,  337,  563,  418,  369,   47,  343,  441,  137,  883,  838,  457,  249,  578,  450,  146,  284,  727,  278,  612,  218,  905,  360,  228,  602,  741,  747,  626,  487,  476,  321,  469,  653,  496,  450,  307,  323,  658,  279,  620,  452,  200,  175,  655,  517,  121,  555],
        [ 1030,    0,  679,  232,  514,  604,  636,  161,  780,  865,  307, 1158,  903,  699,  113,  230,  385,  657,  638,  629,  784,    0, 1023,  423,  422,  319,  625, 1127,   93,  911,  195,  995,  384,  337,  600,  926,  920,  961,  344,  743,  482,  847,  841,  213,  470,  724,  703,  739,  911,  396,  524,   34,  654,  315,  892,  601,  790,  389,  251, 1004,  557,  803,  328,  897,  555,  345,  624, 1135,  348,  366,  602,  819, 1087,  749,  428, 1012,  568,  762,  962,  883, 1116,  749,  926,  975,  830,  520,  978,  918,  232,  250,  780,  980,  536,  335,  776,  677,  845,  507,  415,  568,  198, 1111,  826,  523, 1005,   66,  635,  900,  469,  631,  686,  143,  481,  870,  666,  671,  218,  562,  165,  421,  723,  954,  723,  282,  664,  735],
        [  310,    0,  719,  866,  787,  510,  659,  878,  264,  166,  728,  266,  736,  546, 1019,  819,  687,  609,  387,  398,  261, 1023,    0,  973,  655,  750,  407,  222, 1083,  425,  868,  774,  913,  716,  927,  371,  107,  221,  745,  731,  558,  203,  649,  850,  579,  323,  337,  817,  789,  655,  950, 1013,  815,  739,  841,  737,  416,  800,  790,  304,  552,  560, 1028,  529,  822,  683,  405,  150,  689,  906,  661,  542,   65,  790,  600,  277,  687,  317,  168,  445,  110,  785,  566,  477,  220,  603,  566,  179, 1139, 1095,  487,   75,  831,  692,  365,  525,  939,  528,  872,  460, 1157,  307,  411,  856,  915,  980,  868,  657,  735,  455,  701,  886,  754,  627,  549,  562,  872,  539,  860,  646,  323,   97,  720,  768,  370,  779],
        [  852,    0,  357,  557,  203,  464,  874,  464,  804,  854,  499, 1009,  559,  471,  315,  499,  594,  407,  654,  612,  714,  423,  973,    0,  347,  302,  674,  992,  380,  694,  509,  643,   72,  546,  191,  731,  870,  827,  594, 1006,  597,  860,  532,  514,  430,  767,  643,  366,  551,  374,  107,  389,  287,  326,  514,  288,  606,  691,  337,  830,  722,  539,  117,  635,  202,  412,  664, 1037,  381,   90,  841,  561, 1035,  387,  455,  849,  306,  659,  852,  661, 1036,  389,  648,  731,  754,  372,  699,  816,  300,  237,  940,  959,  182,  412,  628,  474,  441,  488,  102,  557,  358,  938,  633,  156,  616,  457,  246,  586,  239,  746,  372,  435,  222,  569,  452,  445,  545,  436,  383,  604,  766,  882,  984,  322,  620,  378],
        [  612,    0,  327,  386,  230,  183,  570,  332,  461,  520,  252,  748,  534,  286,  382,  313,  317,  259,  309,  271,  397,  422,  655,  347,    0,  105,  328,  721,  455,  490,  353,  626,  278,  287,  393,  505,  549,  552,  347,  706,  270,  520,  453,  344,   84,  422,  318,  426,  559,   49,  369,  400,  358,  107,  561,  266,  369,  455,  173,  586,  398,  396,  377,  484,  288,  129,  318,  744,   99,  265,  540,  408,  719,  422,  120,  596,  205,  358,  562,  463,  733,  419,  518,  556,  442,  103,  568,  520,  487,  441,  603,  630,  282,  137,  359,  259,  566,  142,  249,  213,  513,  695,  405,  292,  679,  403,  376,  510,  148,  405,  325,  319,  175,  476,  252,  261,  381,  142,  268,  309,  420,  572,  683,  140,  288,  405],
        [  717,    0,  390,  317,  254,  288,  575,  246,  539,  607,  211,  853,  609,  382,  278,  245,  299,  346,  385,  357,  495,  319,  750,  302,  105,    0,  394,  825,  350,  593,  277,  702,  231,  256,  399,  610,  644,  656,  311,  709,  298,  602,  536,  272,  172,  493,  415,  475,  627,   96,  353,  296,  397,   26,  621,  319,  473,  416,   78,  691,  421,  489,  302,  581,  310,  111,  387,  844,   81,  213,  543,  503,  814,  477,  166,  701,  270,  461,  664,  565,  832,  475,  612,  657,  541,  202,  663,  621,  389,  348,  642,  719,  297,  111,  463,  359,  606,  224,  220,  295,  411,  800,  509,  298,  738,  306,  401,  595,  181,  451,  393,  228,  203,  562,  349,  355,  309,  247,  173,  305,  491,  670,  686,   43,  381,  461],
        [  520,    0,  559,  460,  536,  292,  353,  475,  155,  244,  324,  597,  699,  418,  637,  413,  282,  446,   50,  102,  223,  625,  407,  674,  328,  394,    0,  558,  693,  490,  462,  775,  605,  309,  700,  469,  311,  417,  341,  475,  152,  222,  599,  443,  246,  102,  171,  672,  741,  304,  690,  620,  629,  376,  768,  532,  380,  408,  411,  496,  183,  507,  695,  550,  588,  301,   15,  536,  318,  591,  337,  504,  469,  656,  229,  490,  466,  254,  394,  482,  509,  652,  595,  571,  260,  335,  629,  351,  770,  736,  300,  356,  588,  308,  320,  378,  817,  188,  576,  127,  778,  580,  410,  605,  876,  578,  665,  641,  459,  114,  548,  485,  485,  602,  394,  412,  465,  287,  466,  241,  100,  356,  455,  399,  143,  640],
        [  163,    0,  681, 1004,  792,  546,  858,  998,  444,  351,  856,   45,  630,  525, 1103,  947,  836,  592,  522,  511,  349, 1127,  222,  992,  721,  825,  558,    0, 1173,  329,  997,  644,  943,  854,  904,  278,  263,  170,  894,  942,  702,  398,  562,  980,  659,  497,  428,  758,  683,  736,  946, 1112,  780,  821,  742,  721,  388,  965,  880,  176,  727,  494, 1068,  428,  813,  784,  551,  103,  781,  940,  855,  471,  214,  728,  701,  151,  688,  366,  168,  360,  144,  723,  451,  346,  305,  643,  433,  213, 1205, 1153,  700,  295,  827,  794,  369,  519,  857,  621,  896,  566, 1233,  106,  364,  854,  792, 1093,  837,  551,  760,  633,  662, 1000,  773,  532,  541,  549, 1007,  585,  963,  796,  497,  211,  928,  853,  468,  721],
        [ 1066,    0,  674,  324,  505,  637,  726,  246,  847,  929,  384, 1201,  897,  717,   78,  315,  468,  669,  700,  686,  836,   93, 1083,  380,  455,  350,  693, 1173,    0,  937,  284,  988,  356,  419,  567,  957,  978, 1005,  431,  835,  555,  914,  844,  301,  515,  793,  755,  722,  900,  438,  485,   79,  637,  353,  875,  596,  820,  481,  295, 1041,  640,  816,  272,  913,  539,  400,  691, 1187,  396,  340,  692,  834, 1146,  736,  483, 1051,  574,  808, 1010,  908, 1171,  736,  939,  996,  882,  546,  991,  967,  144,  174,  865, 1043,  518,  391,  813,  700,  816,  559,  395,  624,  106, 1149,  856,  501,  984,  158,  610,  902,  474,  709,  684,  223,  480,  876,  686,  689,  310,  596,  228,  502,  792, 1009,  815,  321,  718,  723],
        [  170,    0,  358,  847,  491,  310,  842,  812,  469,  425,  695,  333,  314,  227,  861,  778,  712,  288,  441,  398,  292,  911,  425,  694,  490,  593,  490,  329,  937,    0,  825,  350,  654,  711,  583,   56,  366,  206,  764,  959,  590,  469,  235,  812,  457,  492,  320,  429,  367,  521,  634,  888,  456,  597,  422,  409,  127,  859,  663,  154,  671,  167,  783,  106,  501,  591,  478,  407,  575,  656,  827,  144,  464,  400,  521,  180,  391,  239,  258,   33,  427,  395,  141,   81,  283,  392,  152,  255,  940,  883,  748,  462,  518,  601,  172,  238,  531,  445,  605,  423,  978,  252,   90,  545,  490,  892,  514,  234,  479,  600,  340,  804,  485,  208,  254,  255,  845,  351,  756,  680,  490,  337,  940,  630,  351,  393],
        [  920,    0,  666,   50,  526,  517,  442,   47,  614,  705,  142, 1032,  883,  637,  267,   50,  197,  612,  484,  487,  648,  195,  868,  509,  353,  277,  462,  997,  284,  825,    0,  975,  450,  155,  653,  830,  769,  837,  150,  554,  312,  681,  805,   20,  368,  555,  570,  750,  903,  312,  591,  207,  670,  259,  897,  595,  699,  202,  202,  894,  368,  747,  447,  833,  578,  235,  464,  991,  257,  428,  409,  759,  930,  753,  307,  897,  545,  641,  830,  802,  967,  751,  869,  897,  693,  454,  918,  784,  410,  410,  587,  817,  563,  225,  670,  607,  877,  387,  461,  433,  388,  996,  736,  559, 1014,  132,  668,  863,  457,  449,  668,   77,  478,  828,  603,  612,   37,  477,  126,  236,  554,  809,  533,  234,  529,  737],
        [  486,    0,  317, 1011,  483,  505, 1119,  948,  795,  767,  875,  632,   93,  368,  911,  938,  925,  370,  727,  673,  619,  995,  774,  643,  626,  702,  775,  644,  988,  350,  975,    0,  640,  905,  466,  403,  715,  553,  964, 1248,  830,  807,  180,  968,  640,  806,  618,  278,   95,  672,  546,  965,  358,  718,  148,  395,  409, 1071,  779,  482,  938,  269,  757,  250,  452,  753,  761,  737,  724,  652, 1097,  273,  809,  257,  711,  511,  433,  552,  606,  336,  764,  256,  210,  303,  622,  530,  213,  604,  939,  876, 1062,  812,  473,  762,  476,  407,  274,  659,  596,  672,  992,  544,  391,  494,  150,  999,  400,  135,  528,  888,  311,  930,  515,  174,  398,  383, 1005,  532,  872,  904,  803,  687, 1227,  745,  636,  267],
        [  808,    0,  336,  498,  169,  406,  804,  406,  737,  790,  431,  962,  552,  429,  284,  436,  525,  367,  586,  546,  653,  384,  913,   72,  278,  231,  605,  943,  356,  654,  450,  640,    0,  478,  216,  688,  809,  775,  527,  937,  526,  794,  512,  453,  361,  699,  581,  368,  549,  304,  144,  351,  284,  255,  521,  261,  558,  626,  270,  785,  651,  507,  130,  604,  188,  341,  595,  983,  310,   22,  772,  528,  975,  384,  384,  802,  264,  601,  797,  622,  980,  385,  622,  698,  694,  311,  673,  760,  302,  240,  869,  896,  167,  341,  576,  426,  462,  419,   49,  489,  354,  894,  588,  147,  629,  411,  255,  569,  183,  675,  349,  378,  171,  548,  406,  401,  486,  375,  324,  534,  697,  824,  914,  253,  555,  373],
        [  788,    0,  613,  152,  503,  415,  334,  178,  459,  552,   48,  890,  815,  547,  382,  110,   52,  536,  335,  345,  506,  337,  716,  546,  287,  256,  309,  854,  419,  711,  155,  905,  478,    0,  654,  708,  618,  699,   60,  463,  158,  526,  728,  136,  268,  400,  431,  712,  843,  239,  607,  340,  640,  231,  847,  552,  585,  169,  210,  763,  222,  657,  515,  733,  560,  160,  312,  842,  194,  458,  300,  665,  777,  708,  197,  763,  492,  507,  687,  691,  817,  706,  773,  787,  550,  376,  819,  642,  526,  511,  448,  663,  549,  155,  547,  512,  850,  267,  473,  297,  517,  860,  622,  553,  965,  281,  651,  783,  423,  296,  611,  196,  449,  746,  514,  526,  156,  380,  203,   84,  400,  660,  440,  226,  390,  692],
        [  751,    0,  225,  700,  166,  434,  961,  613,  805,  834,  609,  914,  389,  385,  497,  633,  694,  320,  668,  617,  679,  600,  927,  191,  393,  399,  700,  904,  567,  583,  653,  466,  216,  654,    0,  629,  830,  749,  709, 1096,  662,  851,  384,  654,  463,  780,  623,  191,  372,  436,   85,  567,  129,  423,  329,  191,  523,  814,  459,  732,  791,  418,  307,  506,  113,  499,  688,  965,  464,  236,  930,  441,  984,  217,  513,  755,  246,  613,  784,  551,  971,  220,  508,  604,  711,  366,  555,  755,  489,  427,  990,  927,  113,  503,  564,  403,  251,  516,  193,  574,  548,  835,  542,  102,  427,  626,   73,  430,  247,  791,  244,  586,  219,  422,  378,  366,  689,  421,  529,  694,  778,  831, 1073,  433,  610,  213],
        [  123,    0,  405,  849,  529,  323,  818,  820,  432,  381,  696,  285,  369,  260,  882,  782,  706,  325,  421,  382,  259,  926,  371,  731,  505,  610,  469,  278,  957,   56,  830,  403,  688,  708,  629,    0,  317,  151,  759,  931,  579,  426,  290,  816,  464,  460,  299,  481,  422,  532,  676,  905,  504,  612,  478,  451,  137,  851,  677,  103,  651,  217,  816,  161,  543,  598,  457,  353,  585,  688,  804,  194,  409,  451,  523,  128,  426,  216,  204,   83,  372,  447,  195,  115,  244,  412,  199,  204,  968,  912,  713,  411,  558,  608,  162,  264,  586,  445,  640,  415, 1004,  208,  103,  586,  545,  904,  561,  289,  509,  575,  386,  814,  517,  263,  283,  287,  848,  364,  768,  672,  458,  284,  913,  645,  334,  444],
        [  291,    0,  628,  770,  686,  407,  596,  777,  183,   89,  628,  306,  667,  455,  914,  720,  593,  514,  286,  293,  156,  920,  107,  870,  549,  644,  311,  263,  978,  366,  769,  715,  809,  618,  830,  317,    0,  182,  652,  683,  462,  138,  575,  751,  473,  238,  231,  730,  720,  549,  850,  909,  722,  633,  768,  640,  331,  714,  684,  277,  470,  482,  922,  466,  723,  578,  307,  226,  584,  801,  593,  465,  171,  704,  495,  255,  588,  217,  132,  380,  199,  699,  506,  430,  119,  499,  515,  114, 1033,  989,  444,  102,  731,  587,  274,  429,  858,  422,  768,  355, 1051,  317,  334,  756,  849,  878,  774,  590,  631,  374,  611,  783,  651,  558,  454,  468,  774,  434,  756,  552,  238,   53,  669,  663,  264,  692],
        [  112,    0,  530,  848,  628,  377,  746,  836,  335,  261,  697,  198,  519,  366,  933,  788,  686,  432,  376,  355,  197,  961,  221,  827,  552,  656,  417,  170, 1005,  206,  837,  553,  775,  699,  749,  151,  182,    0,  743,  846,  553,  311,  436,  821,  492,  378,  269,  617,  572,  567,  786,  944,  629,  652,  626,  562,  227,  822,  713,   95,  597,  354,  899,  311,  653,  619,  408,  216,  614,  772,  738,  333,  259,  589,  537,   77,  524,  199,   55,  229,  227,  584,  346,  256,  159,  474,  346,   76, 1035,  984,  614,  267,  666,  629,  201,  355,  730,  456,  729,  405, 1064,  164,  210,  692,  695,  929,  685,  439,  593,  508,  511,  836,  607,  411,  378,  388,  850,  415,  797,  647,  377,  141,  830,  685,  309,  579],
        [  835,    0,  673,  128,  560,  472,  301,  185,  485,  580,  100,  932,  874,  605,  404,  118,   59,  595,  372,  389,  548,  344,  745,  594,  347,  311,  341,  894,  431,  764,  150,  964,  527,   60,  709,  759,  652,  743,    0,  422,  192,  551,  787,  131,  326,  425,  476,  771,  902,  298,  660,  352,  698,  286,  907,  611,  638,  109,  257,  810,  221,  715,  555,  790,  617,  219,  346,  877,  253,  506,  267,  722,  806,  768,  255,  809,  551,  554,  728,  745,  849,  765,  830,  841,  591,  435,  875,  683,  549,  539,  437,  689,  606,  213,  598,  570,  909,  322,  526,  346,  533,  905,  675,  608, 1025,  282,  708,  841,  481,  308,  671,  210,  506,  804,  572,  585,  137,  438,  232,  100,  425,  696,  401,  278,  436,  751],
        [  957,    0, 1006,  512,  935,  751,  136,  597,  511,  594,  510,  986, 1168,  885,  820,  536,  413,  902,  524,  576,  673,  743,  731, 1006,  706,  709,  475,  942,  835,  959,  554, 1248,  937,  463, 1096,  931,  683,  846,  422,    0,  440,  545, 1070,  539,  647,  472,  642, 1116, 1208,  661, 1060,  759, 1058,  684, 1229,  961,  853,  355,  671,  936,  316,  979,  976, 1024,  993,  601,  489,  880,  635,  917,  167,  977,  771, 1105,  587,  922,  895,  721,  806,  953,  839, 1101, 1069, 1038,  695,  762, 1102,  771,  963,  959,  245,  657,  986,  599,  792,  845, 1261,  608,  928,  579,  940,  998,  882,  995, 1341,  678, 1081, 1114,  853,  362,  998,  626,  880, 1075,  858,  874,  526,  733,  654,  405,  474,  735,   23,  685,  617, 1088],
        [  648,    0,  568,  308,  499,  325,  304,  327,  303,  394,  176,  740,  745,  463,  506,  264,  134,  470,  181,  201,  357,  482,  558,  597,  270,  298,  152,  702,  555,  590,  312,  830,  526,  158,  662,  579,  462,  553,  192,  440,    0,  370,  650,  293,  208,  245,  288,  677,  780,  229,  635,  479,  618,  275,  796,  522,  468,  273,  292,  623,  129,  567,  596,  630,  556,  190,  155,  686,  218,  509,  277,  570,  620,  667,  150,  621,  456,  369,  536,  575,  660,  664,  673,  669,  399,  323,  714,  492,  645,  618,  345,  506,  551,  193,  420,  424,  822,  173,  507,  168,  646,  716,  503,  562,  910,  431,  643,  700,  417,  158,  562,  340,  444,  661,  432,  448,  314,  301,  329,   95,  244,  505,  417,  289,  249,  650],
        [  422,    0,  670,  674,  695,  418,  461,  696,   68,   50,  544,  442,  749,  502,  856,  633,  493,  552,  217,  249,  192,  847,  203,  860,  520,  602,  222,  398,  914,  469,  681,  807,  794,  526,  851,  426,  138,  311,  551,  545,  370,    0,  651,  662,  438,  126,  229,  779,  799,  508,  857,  841,  757,  587,  840,  666,  403,  600,  628,  405,  351,  555,  896,  560,  740,  518,  224,  348,  531,  783,  461,  542,  259,  757,  440,  387,  606,  263,  265,  476,  312,  752,  603,  541,  187,  495,  621,  237,  986,  948,  306,  140,  745,  526,  337,  469,  917,  380,  759,  309,  997,  455,  417,  766,  933,  799,  803,  677,  629,  253,  655,  706,  652,  641,  491,  508,  681,  433,  687,  452,  127,  191,  531,  612,  243,  743],
        [  401,    0,  177,  839,  345,  325,  940,  780,  632,  616,  699,  562,  101,  188,  767,  765,  746,  194,  551,  497,  460,  841,  649,  532,  453,  536,  599,  562,  844,  235,  805,  180,  512,  728,  384,  290,  575,  436,  787, 1070,  650,  651,    0,  797,  461,  636,  448,  206,  148,  497,  450,  812,  256,  550,  193,  252,  249,  893,  614,  388,  759,   97,  638,  135,  331,  578,  585,  642,  551,  521,  918,  110,  693,  176,  533,  415,  273,  390,  484,  208,  661,  171,  126,  230,  470,  354,  172,  472,  813,  752,  890,  675,  351,  587,  315,  227,  296,  479,  465,  493,  862,  477,  242,  377,  283,  839,  312,   60,  372,  712,  164,  764,  364,   39,  218,  204,  833,  353,  708,  724,  634,  556, 1049,  579,  462,  174],
        [  904,    0,  660,   46,  523,  505,  425,   59,  595,  686,  124, 1015,  876,  627,  281,   34,  177,  603,  466,  470,  631,  213,  850,  514,  344,  272,  443,  980,  301,  812,   20,  968,  453,  136,  654,  816,  751,  821,  131,  539,  293,  662,  797,    0,  356,  536,  553,  747,  897,  302,  594,  224,  667,  253,  892,  590,  686,  189,  199,  879,  349,  737,  456,  822,  577,  224,  445,  973,  247,  432,  392,  748,  912,  749,  293,  882,  539,  625,  813,  789,  949,  747,  858,  885,  676,  445,  907,  768,  425,  423,  568,  798,  562,  214,  656,  596,  875,  372,  463,  416,  405,  980,  723,  559, 1010,  151,  667,  854,  453,  430,  662,   89,  474,  819,  592,  602,   37,  466,  131,  216,  535,  791,  518,  230,  513,  733],
        [  561,    0,  363,  393,  298,  151,  512,  357,  378,  439,  244,  689,  551,  279,  446,  322,  286,  272,  226,  189,  324,  470,  579,  430,   84,  172,  246,  659,  515,  457,  368,  640,  361,  268,  463,  464,  473,  492,  326,  647,  208,  438,  461,  356,    0,  339,  244,  470,  582,   78,  446,  453,  411,  163,  593,  315,  331,  432,  222,  536,  334,  390,  459,  469,  353,  135,  236,  674,  123,  348,  484,  398,  643,  461,   72,  543,  248,  294,  496,  434,  661,  458,  507,  529,  370,  117,  554,  453,  561,  517,  528,  550,  350,  145,  308,  245,  615,   59,  331,  130,  581,  642,  369,  365,  709,  442,  438,  516,  218,  329,  357,  351,  245,  478,  246,  259,  390,  113,  308,  267,  337,  499,  625,  195,  210,  444],
        [  487,    0,  622,  549,  618,  356,  368,  571,   60,  158,  420,  539,  736,  466,  738,  507,  368,  505,  114,  163,  202,  724,  323,  767,  422,  493,  102,  497,  793,  492,  555,  806,  699,  400,  780,  460,  238,  378,  425,  472,  245,  126,  636,  536,  339,    0,  189,  734,  783,  402,  776,  719,  700,  476,  816,  604,  398,  478,  512,  466,  232,  540,  793,  567,  668,  402,  107,  462,  419,  686,  361,  533,  382,  715,  328,  454,  540,  257,  344,  490,  430,  711,  612,  570,  224,  416,  639,  305,  871,  836,  258,  265,  670,  409,  333,  428,  877,  280,  668,  212,  879,  536,  422,  689,  918,  674,  740,  671,  545,  136,  609,  583,  571,  633,  448,  465,  555,  360,  566,  326,    3,  288,  455,  499,  181,  700],
        [  361,    0,  444,  580,  469,  190,  523,  571,  191,  213,  430,  462,  548,  280,  688,  520,  419,  325,  122,   87,   82,  703,  337,  643,  318,  415,  171,  428,  755,  320,  570,  618,  581,  431,  623,  299,  231,  269,  476,  642,  288,  229,  448,  553,  244,  189,    0,  555,  594,  320,  632,  689,  529,  406,  629,  437,  213,  560,  460,  336,  353,  352,  692,  384,  512,  359,  159,  433,  359,  572,  508,  345,  401,  534,  275,  334,  378,   84,  261,  312,  418,  529,  429,  400,  128,  273,  460,  216,  803,  758,  445,  316,  517,  369,  150,  245,  695,  197,  541,  138,  824,  430,  241,  540,  730,  667,  574,  484,  407,  281,  429,  572,  429,  445,  266,  283,  582,  209,  538,  382,  187,  256,  623,  436,   41,  519],
        [  598,    0,  114,  791,  228,  381,  981,  716,  745,  752,  673,  761,  199,  279,  647,  720,  743,  230,  631,  576,  592,  739,  817,  366,  426,  475,  672,  758,  722,  429,  750,  278,  368,  712,  191,  481,  730,  617,  771, 1116,  677,  779,  206,  747,  470,  734,  555,    0,  185,  474,  269,  707,   86,  496,  154,  161,  402,  879,  549,  583,  801,  265,  481,  338,  184,  552,  659,  830,  519,  383,  954,  288,  868,   31,  535,  608,  223,  521,  660,  399,  844,   35,  331,  434,  615,  355,  374,  639,  664,  601,  972,  831,  204,  559,  456,  311,  146,  509,  328,  549,  719,  678,  409,  222,  268,  752,  123,  245,  294,  778,  126,  694,  273,  243,  289,  272,  783,  388,  635,  732,  732,  721, 1094,  517,  554,   39],
        [  522,    0,  238,  940,  398,  458, 1077,  873,  779,  763,  809,  676,   54,  324,  825,  867,  866,  311,  694,  639,  607,  911,  789,  551,  559,  627,  741,  683,  900,  367,  903,   95,  549,  843,  372,  422,  720,  572,  902, 1208,  780,  799,  148,  897,  582,  783,  594,  185,    0,  606,  452,  880,  267,  645,   64,  313,  397, 1010,  704,  513,  894,  245,  665,  262,  363,  687,  727,  770,  656,  563, 1053,  257,  831,  166,  653,  541,  359,  538,  623,  345,  792,  165,  232,  338,  617,  468,  255,  614,  847,  784, 1035,  820,  383,  695,  462,  364,  191,  608,  507,  630,  902,  588,  387,  404,  136,  919,  306,  134,  449,  853,  235,  853,  434,  163,  351,  334,  933,  480,  795,  849,  780,  698, 1186,  670,  606,  178],
