{
    "name": "random-21-19981",
    "comment": "size=21 seed=19981",
    "nodes": ["+0", "-0", "+1", "-1", "+2", "-2", "+3", "-3", "+4", "-4", "+5", "-5", "+6", "-6", "+7", "-7", "+8", "-8", "+9", "-9", "+10", "-10", "+11", "-11", "+12", "-12", "+13", "-13", "+14", "-14", "+15", "-15", "+16", "-16", "+17", "-17", "+18", "-18", "+19", "-19", "+20", "-20", "+21", "-21"],
    "precedence": {
        "+0": "-0",
        "+1": "-1",
        "+2": "-2",
        "+3": "-3",
        "+4": "-4",
        "+5": "-5",
        "+6": "-6",
        "+7": "-7",
        "+8": "-8",
        "+9": "-9",
        "+10": "-10",
        "+11": "-11",
        "+12": "-12",
        "+13": "-13",
        "+14": "-14",
        "+15": "-15",
        "+16": "-16",
        "+17": "-17",
        "+18": "-18",
        "+19": "-19",
        "+20": "-20",
        "+21": "-21"
    },
    "edges": [
        [    0,    0,  991,  763,  799,  738,  239,  824,  810,  439,  303,  315,  326,  303,  789,  837,  464,  487,  961,   86,  889,  169,  565,  715,  941,  684,  427,  557,  577,  141,  378,  673,  164,  337,  750,  328,  539,  582,  177,  380,  859,  668,  899,  250],
        [    0,    0,  991,  763,  799,  738,  239,  824,  810,  439,  303,  315,  326,  303,  789,  837,  464,  487,  961,   86,  889,  169,  565,  715,  941,  684,  427,  557,  577,  141,  378,  673,  164,  337,  750,  328,  539,  582,  177,  380,  859,  668,  899,  250],
        [  991,  991,    0,  234,  719,  325,  752,  239,  505,  552,  750,  755,  685,  727,  619,  862,  533,  759,  339, 1046,  123,  906,  796,  515,  817,  316,  604,  576,  498,  922,  834,  374, 1067,  751,  416,  852,  634,  722,  815,  899,  428,  946,  123,  796],
        [  763,  763,  234,    0,  653,  225,  525,  207,  461,  326,  544,  553,  471,  516,  558,  790,  317,  540,  400,  822,  127,  673,  656,  428,  782,   82,  370,  359,  276,  689,  651,  157,  850,  518,  343,  659,  418,  588,  588,  717,  417,  822,  137,  585],
        [  799,  799,  719,  653,    0,  431,  654,  489,  216,  592,  512,  494,  539,  529,  101,  143,  529,  964,  425,  792,  718,  848,  250,  226,  155,  643,  727,  850,  780,  842,  430,  739,  752,  827,  315,  480,  893,  218,  683,  458,  299,  291,  732,  558],
        [  738,  738,  325,  225,  431,    0,  508,   95,  238,  332,  460,  459,  413,  444,  335,  570,  283,  665,  242,  777,  293,  696,  472,  208,  558,  234,  442,  504,  421,  704,  518,  340,  783,  586,  118,  542,  559,  399,  566,  582,  205,  626,  307,  512],
        [  239,  239,  752,  525,  654,  508,    0,  591,  615,  201,  158,  180,  117,  130,  619,  727,  228,  374,  740,  299,  651,  201,  462,  521,  806,  446,  216,  370,  365,  202,  309,  445,  339,  207,  537,  275,  373,  449,   63,  351,  651,  610,  661,  141],
        [  824,  824,  239,  207,  489,   95,  591,    0,  279,  404,  552,  552,  501,  535,  389,  631,  363,  709,  197,  866,  233,  772,  559,  278,  601,  248,  501,  538,  452,  782,  612,  351,  875,  648,  178,  636,  595,  485,  651,  676,  218,  708,  246,  603],
        [  810,  810,  505,  461,  216,  238,  615,  279,    0,  491,  507,  496,  500,  509,  116,  358,  429,  858,  222,  825,  512,  815,  363,   95,  324,  468,  622,  717,  638,  816,  491,  572,  806,  748,  122,  532,  767,  295,  660,  541,   89,  474,  525,  561],
        [  439,  439,  552,  326,  592,  332,  201,  404,  491,    0,  245,  261,  161,  211,  530,  697,   65,  374,  572,  497,  452,  368,  471,  406,  746,  248,  136,  271,  224,  380,  387,  264,  528,  260,  390,  378,  305,  428,  264,  448,  505,  641,  462,  274],
        [  303,  303,  750,  544,  512,  460,  158,  552,  507,  245,    0,   23,   86,   37,  491,  574,  229,  524,  667,  324,  667,  338,  306,  413,  661,  475,  330,  488,  460,  330,  157,  507,  324,  361,  454,  136,  504,  299,  172,  210,  560,  453,  679,   55],
        [  315,  315,  755,  553,  494,  459,  180,  552,  496,  261,   23,    0,  104,   58,  476,  553,  240,  547,  662,  331,  675,  358,  284,  402,  642,  485,  350,  508,  479,  350,  136,  522,  325,  383,  448,  118,  525,  279,  193,  191,  551,  431,  687,   67],
        [  326,  326,  685,  471,  539,  413,  117,  501,  500,  161,   86,  104,    0,   50,  503,  618,  154,  455,  636,  366,  596,  317,  362,  406,  693,  398,  248,  405,  375,  317,  237,  424,  382,  298,  428,  221,  424,  339,  161,  294,  540,  521,  607,  115],
        [  303,  303,  727,  516,  529,  444,  130,  535,  509,  211,   37,   58,   50,    0,  501,  598,  199,  490,  659,  333,  640,  320,  334,  415,  680,  445,  293,  451,  424,  315,  194,  474,  342,  328,  448,  173,  467,  320,  155,  247,  557,  486,  652,   70],
        [  789,  789,  619,  558,  101,  335,  619,  389,  116,  530,  491,  476,  503,  501,    0,  243,  466,  903,  331,  793,  619,  818,  282,  136,  228,  554,  665,  777,  704,  815,  440,  653,  763,  777,  218,  486,  824,  226,  656,  480,  201,  368,  633,  542],
        [  837,  837,  862,  790,  143,  570,  727,  631,  358,  697,  574,  553,  618,  598,  243,    0,  636, 1062,  562,  815,  860,  910,  273,  363,  135,  775,  830,  963,  899,  900,  459,  868,  762,  915,  456,  509, 1002,  280,  745,  467,  440,  220,  874,  612],
        [  464,  464,  533,  317,  529,  283,  228,  363,  429,   65,  229,  240,  154,  199,  466,  636,    0,  438,  520,  514,  442,  413,  419,  343,  682,  247,  200,  328,  272,  421,  354,  288,  535,  320,  330,  353,  366,  370,  289,  418,  447,  590,  454,  268],
        [  487,  487,  759,  540,  964,  665,  374,  709,  858,  374,  524,  547,  455,  490,  903, 1062,  438,    0,  900,  572,  636,  320,  815,  777, 1118,  470,  238,  184,  265,  348,  680,  387,  644,  170,  748,  649,  126,  785,  398,  725,  860,  975,  639,  515],
        [  961,  961,  339,  400,  425,  242,  740,  197,  222,  572,  667,  662,  636,  659,  331,  562,  520,  900,    0,  990,  392,  932,  580,  286,  494,  444,  683,  732,  647,  939,  687,  547,  984,  827,  215,  722,  789,  509,  795,  743,  135,  695,  403,  721],
        [   86,   86, 1046,  822,  792,  777,  299,  866,  825,  497,  324,  331,  366,  333,  793,  815,  514,  572,  990,    0,  948,  254,  549,  732,  926,  744,  500,  637,  651,  226,  363,  742,   85,  419,  777,  313,  621,  576,  237,  349,  882,  631,  958,  269],
        [  889,  889,  123,  127,  718,  293,  651,  233,  512,  452,  667,  675,  596,  640,  619,  860,  442,  636,  392,  948,    0,  795,  755,  499,  834,  206,  489,  453,  377,  812,  767,  252,  976,  634,  404,  779,  511,  684,  714,  833,  449,  916,   15,  710],
        [  169,  169,  906,  673,  848,  696,  201,  772,  815,  368,  338,  358,  317,  320,  818,  910,  413,  320,  932,  254,  795,    0,  639,  721,  998,  591,  308,  413,  448,   29,  464,  559,  331,  185,  734,  419,  386,  637,  166,  487,  849,  769,  802,  299],
        [  565,  565,  796,  656,  250,  472,  462,  559,  363,  471,  306,  284,  362,  334,  282,  273,  419,  815,  580,  549,  755,  639,    0,  298,  378,  615,  595,  742,  690,  628,  188,  690,  504,  659,  391,  238,  772,   75,  475,  208,  446,  173,  769,  341],
        [  715,  715,  515,  428,  226,  208,  521,  278,   95,  406,  413,  402,  406,  415,  136,  363,  343,  777,  286,  732,  499,  721,  298,    0,  364,  419,  540,  645,  570,  722,  405,  518,  715,  660,  100,  444,  692,  225,  565,  459,  157,  434,  513,  467],
        [  941,  941,  817,  782,  155,  558,  806,  601,  324,  746,  661,  642,  693,  680,  228,  135,  682, 1118,  494,  926,  834,  998,  378,  364,    0,  781,  881, 1001,  930,  991,  565,  881,  880,  982,  440,  616, 1045,  363,  833,  583,  390,  354,  847,  705],
        [  684,  684,  316,   82,  643,  234,  446,  248,  468,  248,  475,  485,  398,  445,  554,  775,  247,  470,  444,  744,  206,  591,  615,  419,  781,    0,  290,  292,  207,  608,  591,  106,  775,  438,  346,  596,  351,  551,  509,  657,  438,  785,  216,  513],
        [  427,  427,  604,  370,  727,  442,  216,  501,  622,  136,  330,  350,  248,  293,  665,  830,  200,  238,  683,  500,  489,  308,  595,  540,  881,  290,    0,  159,  152,  328,  485,  252,  550,  150,  515,  464,  178,  557,  269,  539,  630,  761,  496,  339],
        [  557,  557,  576,  359,  850,  504,  370,  538,  717,  271,  488,  508,  405,  451,  777,  963,  328,  184,  732,  637,  453,  413,  742,  645, 1001,  292,  159,    0,   86,  438,  642,  204,  695,  228,  600,  623,   60,  698,  417,  698,  706,  911,  456,  497],
        [  577,  577,  498,  276,  780,  421,  365,  452,  638,  224,  460,  479,  375,  424,  704,  899,  272,  265,  647,  651,  377,  448,  690,  570,  930,  207,  152,   86,    0,  471,  608,  125,  702,  270,  519,  595,  144,  641,  421,  668,  624,  861,  381,  479],
        [  141,  141,  922,  689,  842,  704,  202,  782,  816,  380,  330,  350,  317,  315,  815,  900,  421,  348,  939,  226,  812,   29,  628,  722,  991,  608,  328,  438,  471,    0,  450,  579,  304,  210,  738,  404,  412,  629,  160,  469,  853,  754,  820,  288],
        [  378,  378,  834,  651,  430,  518,  309,  612,  491,  387,  157,  136,  237,  194,  440,  459,  354,  680,  687,  363,  767,  464,  188,  405,  565,  591,  485,  642,  608,  450,    0,  641,  324,  515,  476,   51,  660,  216,  306,   67,  562,  306,  780,  172],
        [  673,  673,  374,  157,  739,  340,  445,  351,  572,  264,  507,  522,  424,  474,  653,  868,  288,  387,  547,  742,  252,  559,  690,  518,  881,  106,  252,  204,  125,  579,  641,    0,  783,  388,  450,  637,  263,  630,  506,  705,  543,  861,  256,  537],
        [  164,  164, 1067,  850,  752,  783,  339,  875,  806,  528,  324,  325,  382,  342,  763,  762,  535,  644,  984,   85,  976,  331,  504,  715,  880,  775,  550,  695,  702,  304,  324,  783,    0,  486,  770,  277,  685,  540,  281,  298,  869,  569,  987,  273],
        [  337,  337,  751,  518,  827,  586,  207,  648,  748,  260,  361,  383,  298,  328,  777,  915,  320,  170,  827,  419,  634,  185,  659,  660,  982,  438,  150,  228,  270,  210,  515,  388,  486,    0,  649,  481,  204,  636,  229,  557,  765,  813,  640,  347],
        [  750,  750,  416,  343,  315,  118,  537,  178,  122,  390,  454,  448,  428,  448,  218,  456,  330,  748,  215,  777,  404,  734,  391,  100,  440,  346,  515,  600,  519,  738,  476,  450,  770,  649,    0,  509,  652,  317,  588,  535,  117,  532,  418,  508],
        [  328,  328,  852,  659,  480,  542,  275,  636,  532,  378,  136,  118,  221,  173,  486,  509,  353,  649,  722,  313,  779,  419,  238,  444,  616,  596,  464,  623,  595,  404,   51,  637,  277,  481,  509,    0,  637,  265,  265,   77,  600,  350,  792,  135],
        [  539,  539,  634,  418,  893,  559,  373,  595,  767,  305,  504,  525,  424,  467,  824, 1002,  366,  126,  789,  621,  511,  386,  772,  692, 1045,  351,  178,   60,  144,  412,  660,  263,  685,  204,  652,  637,    0,  732,  414,  713,  760,  938,  513,  507],
        [  582,  582,  722,  588,  218,  399,  449,  485,  295,  428,  299,  279,  339,  320,  226,  280,  370,  785,  509,  576,  684,  637,   75,  225,  363,  551,  557,  698,  641,  629,  216,  630,  540,  636,  317,  265,  732,    0,  471,  254,  376,  235,  698,  342],
        [  177,  177,  815,  588,  683,  566,   63,  651,  660,  264,  172,  193,  161,  155,  656,  745,  289,  398,  795,  237,  714,  166,  475,  565,  833,  509,  269,  417,  421,  160,  306,  506,  281,  229,  588,  265,  414,  471,    0,  338,  701,  612,  724,  136],
        [  380,  380,  899,  717,  458,  582,  351,  676,  541,  448,  210,  191,  294,  247,  480,  467,  418,  725,  743,  349,  833,  487,  208,  459,  583,  657,  539,  698,  668,  469,   67,  705,  298,  557,  535,   77,  713,  254,  338,    0,  616,  289,  846,  211],
        [  859,  859,  428,  417,  299,  205,  651,  218,   89,  505,  560,  551,  540,  557,  201,  440,  447,  860,  135,  882,  449,  849,  446,  157,  390,  438,  630,  706,  624,  853,  562,  543,  869,  765,  117,  600,  760,  376,  701,  616,    0,  562,  462,  614],
        [  668,  668,  946,  822,  291,  626,  610,  708,  474,  641,  453,  431,  521,  486,  368,  220,  590,  975,  695,  631,  916,  769,  173,  434,  354,  785,  761,  911,  861,  754,  306,  861,  569,  813,  532,  350,  938,  235,  612,  289,  562,    0,  930,  477],
        [  899,  899,  123,  137,  732,  307,  661,  246,  525,  462,  679,  687,  607,  652,  633,  874,  454,  639,  403,  958,   15,  802,  769,  513,  847,  216,  496,  456,  381,  820,  780,  256,  987,  640,  418,  792,  513,  698,  724,  846,  462,  930,    0,  721],
        [  250,  250,  796,  585,  558,  512,  141,  603,  561,  274,   55,   67,  115,   70,  542,  612,  268,  515,  721,  269,  710,  299,  341,  467,  705,  513,  339,  497,  479,  288,  172,  537,  273,  347,  508,  135,  507,  342,  136,  211,  614,  477,  721,    0]
    ]
}
