{
    "name": "random-21-5387",
    "comment": "size=21 seed=5387",
    "nodes": ["+0", "-0", "+1", "-1", "+2", "-2", "+3", "-3", "+4", "-4", "+5", "-5", "+6", "-6", "+7", "-7", "+8", "-8", "+9", "-9", "+10", "-10", "+11", "-11", "+12", "-12", "+13", "-13", "+14", "-14", "+15", "-15", "+16", "-16", "+17", "-17", "+18", "-18", "+19", "-19", "+20", "-20", "+21", "-21"],
    "precedence": {
        "+0": "-0",
        "+1": "-1",
        "+2": "-2",
        "+3": "-3",
        "+4": "-4",
        "+5": "-5",
        "+6": "-6",
        "+7": "-7",
        "+8": "-8",
        "+9": "-9",
        "+10": "-10",
        "+11": "-11",
        "+12": "-12",
        "+13": "-13",
        "+14": "-14",
        "+15": "-15",
        "+16": "-16",
        "+17": "-17",
        "+18": "-18",
        "+19": "-19",
        "+20": "-20",
        "+21": "-21"
    },
    "edges": [
        [    0,    0,  333,  675,  688,  276,  637,  484,  456,  698,  515,  739,  712,  623,  671,  441,  627,  288,  771,  164,  436,  694,   82,  169,  534,  645,  714,  684,  627,  509,  620,  481,  202,  652,   76,  289,  238,  806,  441,  274,  429,  538,  321,  399],
        [    0,    0,  333,  675,  688,  276,  637,  484,  456,  698,  515,  739,  712,  623,  671,  441,  627,  288,  771,  164,  436,  694,   82,  169,  534,  645,  714,  684,  627,  509,  620,  481,  202,  652,   76,  289,  238,  806,  441,  274,  429,  538,  321,  399],
        [  333,  333,    0,  857,  858,  228,  619,  412,  641,  474,  841,  550,  802,  402,  684,  392,  920,  388,  939,  368,  766,  949,  370,  225,  667,  905,  876,  723,  843,  737,  687,  322,  163,  973,  369,  566,  404,  943,  721,  464,  551,  545,   55,  617],
        [  675,  675,  857,    0,   33,  633,  454,  561,  223,  841,  558,  793,  229,  803,  392,  540,  376,  960,   99,  528,  580,  240,  594,  826,  203,  244,   62,  340,  101,  189,  289,  682,  706,  559,  730,  846,  466,  167,  334,  412,  310,  423,  808,  278],
        [  688,  688,  858,   33,    0,  632,  433,  549,  233,  825,  589,  773,  199,  789,  368,  531,  408,  974,   84,  538,  608,  271,  607,  835,  196,  276,   32,  314,  133,  214,  267,  673,  710,  591,  745,  867,  474,  138,  361,  421,  308,  407,  808,  294],
        [  276,  276,  228,  633,  632,    0,  418,  228,  422,  426,  704,  464,  577,  351,  474,  193,  738,  487,  713,  201,  642,  744,  258,  299,  441,  703,  650,  506,  626,  527,  464,  205,  114,  822,  346,  564,  203,  716,  538,  261,  325,  332,  176,  410],
        [  637,  637,  619,  454,  433,  418,    0,  209,  381,  408,  849,  344,  264,  389,   82,  229,  758,  896,  483,  484,  824,  672,  578,  712,  288,  655,  429,  140,  516,  491,  167,  325,  531,  913,  713,  911,  416,  434,  606,  415,  278,  102,  565,  442],
        [  484,  484,  412,  561,  549,  228,  209,    0,  404,  298,  813,  289,  430,  247,  280,   47,  780,  715,  618,  356,  768,  736,  442,  527,  361,  707,  557,  327,  591,  525,  312,  128,  341,  905,  559,  771,  308,  593,  596,  337,  278,  154,  358,  434],
        [  456,  456,  641,  223,  233,  422,  381,  404,    0,  701,  475,  676,  294,  649,  356,  370,  384,  743,  316,  306,  463,  336,  375,  603,  114,  304,  258,  331,  205,  122,  255,  510,  487,  532,  515,  654,  244,  353,  228,  190,  126,  305,  594,   78],
        [  698,  698,  474,  841,  825,  426,  408,  298,  701,    0, 1099,  103,  671,   76,  488,  337, 1078,  854,  884,  612, 1048, 1031,  682,  673,  647, 1003,  826,  547,  882,  822,  564,  225,  506, 1199,  764,  982,  583,  841,  892,  623,  575,  419,  438,  731],
        [  515,  515,  841,  558,  589,  704,  849,  813,  475, 1099,    0, 1102,  744, 1033,  830,  769,  233,  695,  642,  504,   87,  392,  473,  673,  585,  351,  619,  803,  460,  393,  728,  879,  689,  144,  508,  462,  518,  724,  249,  477,  573,  761,  819,  408],
        [  739,  739,  550,  793,  773,  464,  344,  289,  676,  103, 1102,    0,  606,  152,  419,  334, 1058,  921,  826,  634, 1057,  997,  712,  735,  608,  973,  772,  479,  844,  796,  508,  260,  558, 1191,  809, 1027,  594,  775,  881,  626,  552,  377,  509,  716],
        [  712,  712,  802,  229,  199,  577,  264,  430,  294,  671,  744,  606,    0,  647,  187,  427,  592,  996,  227,  549,  746,  468,  635,  833,  186,  466,  184,  128,  318,  351,  119,  557,  676,  769,  780,  940,  475,  171,  498,  440,  283,  277,  749,  372],
        [  623,  623,  402,  803,  789,  351,  389,  247,  649,   76, 1033,  152,  647,    0,  470,  280, 1021,  780,  852,  541,  979,  982,  608,  598,  605,  952,  793,  528,  837,  770,  536,  155,  430, 1136,  689,  907,  515,  817,  831,  559,  524,  383,  365,  674],
        [  671,  671,  684,  392,  368,  474,   82,  280,  356,  488,  830,  419,  187,  470,    0,  293,  719,  940,  411,  511,  813,  620,  605,  761,  250,  608,  361,   60,  464,  455,  110,  401,  585,  882,  745,  934,  439,  357,  583,  428,  274,  143,  630,  425],
        [  441,  441,  392,  540,  531,  193,  229,   47,  370,  337,  769,  334,  427,  280,  293,    0,  742,  678,  602,  310,  723,  705,  396,  491,  338,  673,  540,  334,  563,  491,  308,  143,  306,  863,  516,  727,  261,  585,  555,  292,  246,  155,  338,  395],
        [  627,  627,  920,  376,  408,  738,  758,  780,  384, 1078,  233, 1058,  592, 1021,  719,  742,    0,  862,  443,  553,  296,  166,  562,  796,  472,  137,  435,  679,  277,  267,  610,  874,  758,  185,  646,  661,  535,  532,  201,  479,  507,  688,  885,  348],
        [  288,  288,  388,  960,  974,  487,  896,  715,  743,  854,  695,  921,  996,  780,  940,  678,  862,    0, 1057,  449,  608,  955,  368,  189,  820,  905, 1001,  959,  906,  788,  900,  669,  376,  838,  232,  262,  522, 1093,  698,  561,  713,  800,  417,  683],
        [  771,  771,  939,   99,   84,  713,  483,  618,  316,  884,  642,  826,  227,  852,  411,  602,  443, 1057,    0,  621,  670,  288,  690,  919,  273,  307,   64,  353,  185,  287,  320,  743,  793,  628,  827,  944,  557,   93,  427,  505,  389,  470,  889,  375],
        [  164,  164,  368,  528,  538,  201,  484,  356,  306,  612,  504,  634,  549,  541,  511,  310,  553,  449,  621,    0,  442,  585,   95,  298,  373,  540,  562,  521,  494,  380,  457,  388,  206,  624,  236,  428,   75,  649,  354,  117,  266,  383,  332,  262],
        [  436,  436,  766,  580,  608,  642,  824,  768,  463, 1048,   87, 1057,  746,  979,  813,  723,  296,  608,  670,  442,    0,  443,  400,  590,  576,  398,  639,  792,  485,  401,  717,  825,  618,  230,  425,  378,  466,  746,  250,  432,  547,  732,  746,  389],
        [  694,  694,  949,  240,  271,  744,  672,  736,  336, 1031,  392,  997,  468,  982,  620,  705,  166,  955,  288,  585,  443,    0,  619,  861,  390,   51,  293,  572,  157,  219,  511,  845,  788,  347,  729,  783,  547,  380,  258,  487,  460,  620,  908,  335],
        [   82,   82,  370,  594,  607,  258,  578,  442,  375,  682,  473,  712,  635,  608,  605,  396,  562,  368,  690,   95,  400,  619,    0,  243,  455,  570,  633,  614,  547,  430,  548,  459,  218,  603,  145,  335,  167,  726,  370,  196,  354,  477,  347,  318],
        [  169,  169,  225,  826,  835,  299,  712,  527,  603,  673,  673,  735,  833,  598,  761,  491,  796,  189,  919,  298,  590,  861,  243,    0,  666,  812,  859,  784,  786,  670,  730,  481,  187,  813,  167,  343,  365,  945,  610,  415,  553,  620,  241,  555],
        [  534,  534,  667,  203,  196,  441,  288,  361,  114,  647,  585,  608,  186,  605,  250,  338,  472,  820,  273,  373,  576,  390,  455,  666,    0,  369,  210,  219,  237,  206,  144,  481,  525,  632,  599,  755,  302,  281,  337,  260,  118,  231,  617,  191],
        [  645,  645,  905,  244,  276,  703,  655,  707,  304, 1003,  351,  973,  466,  952,  608,  673,  137,  905,  307,  540,  398,   51,  570,  812,  369,    0,  302,  563,  149,  183,  499,  812,  743,  321,  679,  733,  504,  396,  208,  444,  429,  597,  865,  294],
        [  714,  714,  876,   62,   32,  650,  429,  557,  258,  826,  619,  772,  184,  793,  361,  540,  435, 1001,   64,  562,  639,  293,  633,  859,  210,  302,    0,  305,  162,  245,  264,  681,  730,  619,  772,  897,  496,  107,  392,  445,  326,  411,  825,  322],
        [  684,  684,  723,  340,  314,  506,  140,  327,  331,  547,  803,  479,  128,  528,   60,  334,  679,  959,  353,  521,  792,  572,  614,  784,  219,  563,  305,    0,  417,  420,   76,  451,  614,  847,  756,  937,  447,  297,  555,  428,  268,  179,  668,  404],
        [  627,  627,  843,  101,  133,  626,  516,  591,  205,  882,  460,  844,  318,  837,  464,  563,  277,  906,  185,  494,  485,  157,  547,  786,  237,  149,  162,  417,    0,  119,  355,  706,  686,  459,  675,  772,  441,  265,  245,  383,  320,  467,  797,  233],
        [  509,  509,  737,  189,  214,  527,  491,  525,  122,  822,  393,  796,  351,  770,  455,  491,  267,  788,  287,  380,  401,  219,  430,  670,  206,  183,  245,  420,  119,    0,  348,  629,  577,  428,  557,  659,  333,  351,  151,  273,  247,  423,  693,  120],
        [  620,  620,  687,  289,  267,  464,  167,  312,  255,  564,  728,  508,  119,  536,  110,  308,  610,  900,  320,  457,  717,  511,  548,  730,  144,  499,  264,   76,  355,  348,    0,  439,  566,  775,  692,  867,  383,  283,  480,  358,  197,  159,  633,  328],
        [  481,  481,  322,  682,  673,  205,  325,  128,  510,  225,  879,  260,  557,  155,  401,  143,  874,  669,  743,  388,  825,  845,  459,  481,  481,  812,  681,  451,  706,  629,  439,    0,  300,  983,  550,  768,  361,  720,  681,  406,  387,  281,  272,  527],
        [  202,  202,  163,  706,  710,  114,  531,  341,  487,  506,  689,  558,  676,  430,  585,  306,  758,  376,  793,  206,  618,  788,  218,  187,  525,  743,  730,  614,  686,  577,  566,  300,    0,  817,  261,  478,  245,  805,  559,  305,  408,  442,  130,  458],
        [  652,  652,  973,  559,  591,  822,  913,  905,  532, 1199,  144, 1191,  769, 1136,  882,  863,  185,  838,  628,  624,  230,  347,  603,  813,  632,  321,  619,  847,  459,  428,  775,  983,  817,    0,  650,  602,  626,  716,  311,  578,  646,  834,  947,  478],
        [   76,   76,  369,  730,  745,  346,  713,  559,  515,  764,  508,  809,  780,  689,  745,  516,  646,  232,  827,  236,  425,  729,  145,  167,  599,  679,  772,  756,  675,  557,  692,  550,  261,  650,    0,  219,  310,  867,  472,  340,  498,  613,  367,  453],
        [  289,  289,  566,  846,  867,  564,  911,  771,  654,  982,  462, 1027,  940,  907,  934,  727,  661,  262,  944,  428,  378,  783,  335,  343,  755,  733,  897,  937,  772,  659,  867,  768,  478,  602,  219,    0,  496, 1000,  535,  509,  670,  810,  574,  580],
        [  238,  238,  404,  466,  474,  203,  416,  308,  244,  583,  518,  594,  475,  515,  439,  261,  535,  522,  557,   75,  466,  547,  167,  365,  302,  504,  496,  447,  441,  333,  383,  361,  245,  626,  310,  496,    0,  580,  335,   61,  192,  315,  362,  214],
        [  806,  806,  943,  167,  138,  716,  434,  593,  353,  841,  724,  775,  171,  817,  357,  585,  532, 1093,   93,  649,  746,  380,  726,  945,  281,  396,  107,  297,  265,  351,  283,  720,  805,  716,  867, 1000,  580,    0,  499,  534,  398,  441,  891,  422],
        [  441,  441,  721,  334,  361,  538,  606,  596,  228,  892,  249,  881,  498,  831,  583,  555,  201,  698,  427,  354,  250,  258,  370,  610,  337,  208,  392,  555,  245,  151,  480,  681,  559,  311,  472,  535,  335,  499,    0,  280,  335,  524,  686,  168],
        [  274,  274,  464,  412,  421,  261,  415,  337,  190,  623,  477,  626,  440,  559,  428,  292,  479,  561,  505,  117,  432,  487,  196,  415,  260,  444,  445,  428,  383,  273,  358,  406,  305,  578,  340,  509,   61,  534,  280,    0,  162,  316,  422,  154],
        [  429,  429,  551,  310,  308,  325,  278,  278,  126,  575,  573,  552,  283,  524,  274,  246,  507,  713,  389,  266,  547,  460,  354,  553,  118,  429,  326,  268,  320,  247,  197,  387,  408,  646,  498,  670,  192,  398,  335,  162,    0,  190,  501,  168],
        [  538,  538,  545,  423,  407,  332,  102,  154,  305,  419,  761,  377,  277,  383,  143,  155,  688,  800,  470,  383,  732,  620,  477,  620,  231,  597,  411,  179,  467,  423,  159,  281,  442,  834,  613,  810,  315,  441,  524,  316,  190,    0,  490,  357],
        [  321,  321,   55,  808,  808,  176,  565,  358,  594,  438,  819,  509,  749,  365,  630,  338,  885,  417,  889,  332,  746,  908,  347,  241,  617,  865,  825,  668,  797,  693,  633,  272,  130,  947,  367,  574,  362,  891,  686,  422,  501,  490,    0,  574],
        [  399,  399,  617,  278,  294,  410,  442,  434,   78,  731,  408,  716,  372,  674,  425,  395,  348,  683,  375,  262,  389,  335,  318,  555,  191,  294,  322,  404,  233,  120,  328,  527,  458,  478,  453,  580,  214,  422,  168,  154,  168,  357,  574,    0]
    ]
}
