{
    "name": "random-78-23895",
    "comment": "size=78 seed=23895",
    "nodes": ["+0", "-0", "+1", "-1", "+2", "-2", "+3", "-3", "+4", "-4", "+5", "-5", "+6", "-6", "+7", "-7", "+8", "-8", "+9", "-9", "+10", "-10", "+11", "-11", "+12", "-12", "+13", "-13", "+14", "-14", "+15", "-15", "+16", "-16", "+17", "-17", "+18", "-18", "+19", "-19", "+20", "-20", "+21", "-21", "+22", "-22", "+23", "-23", "+24", "-24", "+25", "-25", "+26", "-26", "+27", "-27", "+28", "-28", "+29", "-29", "+30", "-30", "+31", "-31", "+32", "-32", "+33", "-33", "+34", "-34", "+35", "-35", "+36", "-36", "+37", "-37", "+38", "-38", "+39", "-39", "+40", "-40", "+41", "-41", "+42", "-42", "+43", "-43", "+44", "-44", "+45", "-45", "+46", "-46", "+47", "-47", "+48", "-48", "+49", "-49", "+50", "-50", "+51", "-51", "+52", "-52", "+53", "-53", "+54", "-54", "+55", "-55", "+56", "-56", "+57", "-57", "+58", "-58", "+59", "-59", "+60", "-60", "+61", "-61", "+62", "-62", "+63", "-63", "+64", "-64", "+65", "-65", "+66", "-66", "+67", "-67", "+68", "-68", "+69", "-69", "+70", "-70", "+71", "-71", "+72", "-72", "+73", "-73", "+74", "-74", "+75", "-75", "+76", "-76", "+77", "-77", "+78", "-78"],
    "precedence": {
        "+0": "-0",
        "+1": "-1",
        "+2": "-2",
        "+3": "-3",
        "+4": "-4",
        "+5": "-5",
        "+6": "-6",
        "+7": "-7",
        "+8": "-8",
        "+9": "-9",
        "+10": "-10",
        "+11": "-11",
        "+12": "-12",
        "+13": "-13",
        "+14": "-14",
        "+15": "-15",
        "+16": "-16",
        "+17": "-17",
        "+18": "-18",
        "+19": "-19",
        "+20": "-20",
        "+21": "-21",
        "+22": "-22",
        "+23": "-23",
        "+24": "-24",
        "+25": "-25",
        "+26": "-26",
        "+27": "-27",
        "+28": "-28",
        "+29": "-29",
        "+30": "-30",
        "+31": "-31",
        "+32": "-32",
        "+33": "-33",
        "+34": "-34",
        "+35": "-35",
        "+36": "-36",
        "+37": "-37",
        "+38": "-38",
        "+39": "-39",
        "+40": "-40",
        "+41": "-41",
        "+42": "-42",
        "+43": "-43",
        "+44": "-44",
        "+45": "-45",
        "+46": "-46",
        "+47": "-47",
        "+48": "-48",
        "+49": "-49",
        "+50": "-50",
        "+51": "-51",
        "+52": "-52",
        "+53": "-53",
        "+54": "-54",
        "+55": "-55",
        "+56": "-56",
        "+57": "-57",
        "+58": "-58",
        "+59": "-59",
        "+60": "-60",
        "+61": "-61",
        "+62": "-62",
        "+63": "-63",
        "+64": "-64",
        "+65": "-65",
        "+66": "-66",
        "+67": "-67",
        "+68": "-68",
        "+69": "-69",
        "+70": "-70",
        "+71": "-71",
        "+72": "-72",
        "+73": "-73",
        "+74": "-74",
        "+75": "-75",
        "+76": "-76",
        "+77": "-77",
        "+78": "-78"
    },
    "edges": [
        [    0,    0,  226,  624,  384,  431,  200,  258,  540,  397,  658,   98,  244,  157,  665,  229,  642,  333,  182,  203,  627,  767,  401,  597,  578,  200,  218,  517,  675,  643,  403,  702,  825,  179,  355,  304,   98,  475,  575,  300,   32,  486,  213,  716,  776,  369,  406,  591,  200,  309,   60,  584,  308,  545,  751,   90,  555,  439,  237,  449,  258,  462,  283,  415,  265,  318,  111,  827,  241,  446,   98,  400,  489,  526,  606,  262,  645,  255,  129,  238,  300,   29,  198,  233,  466,  572,   90,  512,  507,  519,  327,  639,  459,  697,  271,  594,  829,  562,  888,  142,  641,  258,  588,  619,  325,  185,  566,  432,  455,   50,  564,  377,  391,  769,  655,  348,  467,  276,   52,  556,  591,  414,  546,  181,  762,  106,  233,  404,  423,  271,  212,  279,  477,  658,  308,  584,  291,  302,  616,  230,  290,  515,  204,   75,  481,  754,  604,  109,  455,  454,  679,  163,  605,  778,  133,  542,  525,  631],
        [    0,    0,    0,    0,    0,    0,    0,    0,    0,    0,    0,    0,    0,    0,    0,    0,    0,    0,    0,    0,    0,    0,    0,    0,    0,    0,    0,    0,    0,    0,    0,    0,    0,    0,    0,    0,    0,    0,    0,    0,    0,    0,    0,    0,    0,    0,    0,    0,    0,    0,    0,    0,    0,    0,    0,    0,    0,    0,    0,    0,    0,    0,    0,    0,    0,    0,    0,    0,    0,    0,    0,    0,    0,    0,    0,    0,    0,    0,    0,    0,    0,    0,    0,    0,    0,    0,    0,    0,    0,    0,    0,    0,    0,    0,    0,    0,    0,    0,    0,    0,    0,    0,    0,    0,    0,    0,    0,    0,    0,    0,    0,    0,    0,    0,    0,    0,    0,    0,    0,    0,    0,    0,    0,    0,    0,    0,    0,    0,    0,    0,    0,    0,    0,    0,    0,    0,    0,    0,    0,    0,    0,    0,    0,    0,    0,    0,    0,    0,    0,    0,    0,    0,    0,    0,    0,    0,    0,    0],
        [  226,    0,    0,  783,  601,  518,  204,  254,  742,  611,  724,  294,  469,  146,  659,  326,  866,  524,  181,  290,  847,  982,  593,  726,  784,  107,   50,  449,  811,  682,  617,  926, 1001,  164,  321,  159,  155,  598,  605,  524,  227,  708,   20,  935,  989,  382,  599,  804,  421,  530,  171,  804,  332,  666,  958,  303,  638,  634,  457,  613,  228,  676,  280,  447,  136,  538,  329,  980,  279,  435,  314,  572,  594,  743,  656,   41,  869,   51,  179,  158,  519,  202,  353,  363,  607,  717,  159,  736,  638,  567,  505,  773,  653,  915,  238,  761, 1025,  704, 1078,  132,  844,  376,  772,  826,  210,  300,  787,  643,  431,  275,  576,  582,  333,  985,  828,  240,  424,  412,  176,  766,  812,  605,  771,  224,  933,  296,  313,  613,  541,  405,  435,  475,  607,  852,  192,  801,  321,  211,  790,  424,  402,  691,  405,  213,  705,  970,  824,  119,  504,  679,  904,  153,  823,  951,  182,  746,  646,  855],
        [  624,    0,  783,    0,  367,  320,  823,  878,  773,  343,  334,  527,  538,  638,  538,  812,  611,  723,  608,  802,  685,  822,  251,  124,  258,  686,  743,  642,  106,  407,  339,  526,  230,  624,  975,  913,  637,  210,  424,  465,  600,  585,  763,  756,  403,  494,  250,  729,  479,  427,  645,  655,  915,  169,  330,  539,  280,  754,  449,  175,  598,  319,  552,  441,  876,  416,  528,  204,  523,  521,  535,  226,  245,  343,  374,  800,  517,  830,  752,  660,  414,  652,  436,  787,  182,   81,  636,  453,  168,  380,  758,  102,  770,  408,  894,   47,  314,   98,  336,  759,  829,  408,  125,  270,  693,  772,  634,  679,  547,  588,  470,  685, 1013,  812,   76,  969,  585,  804,  647,  737,  655,  240,  497,  801,  158,  519,  827,  676,  260,  378,  481,  358,  192,  195,  925,  696,  502,  923,   71,  684,  841,  129,  659,  695,  450,  425,  407,  685,  393,  485,  596,  785,  689,  179,  756,  241,  183,  477],
        [  384,    0,  601,  367,    0,  418,  555,  597,  415,   25,  593,  308,  195,  483,  721,  501,  335,  362,  476,  503,  374,  525,  136,  419,  207,  539,  580,  698,  461,  628,   30,  340,  500,  487,  687,  684,  449,  362,  597,  112,  375,  241,  585,  461,  393,  510,  132,  392,  185,   82,  432,  334,  612,  402,  374,  298,  489,  388,  147,  247,  515,   83,  497,  502,  645,   70,  274,  550,  444,  579,  288,  205,  409,  143,  585,  633,  293,  636,  496,  545,   85,  412,  290,  463,  317,  364,  443,  162,  361,  531,  401,  437,  404,  315,  621,  322,  466,  366,  534,  522,  485,  333,  271,  245,  617,  468,  311,  314,  602,  335,  619,  319,  730,  520,  358,  715,  634,  468,  428,  387,  336,  141,  211,  525,  453,  308,  521,  310,  351,  302,  175,  155,  346,  307,  681,  363,  462,  669,  321,  343,  510,  241,  325,  434,  137,  371,  226,  483,  495,  146,  351,  537,  366,  462,  498,  179,  394,  267],
        [  431,    0,  518,  320,  418,    0,  619,  680,  804,  404,  228,  348,  484,  377,  304,  656,  748,  668,  337,  634,  790,  943,  298,  225,  467,  412,  471,  329,  310,  228,  405,  720,  549,  354,  776,  668,  399,  111,  182,  451,  400,  653,  498,  878,  670,  176,  304,  801,  391,  420,  424,  750,  738,  163,  609,  374,  126,  742,  386,  214,  302,  434,  251,  122,  635,  415,  379,  490,  240,  205,  377,  225,   82,  498,  186,  525,  687,  568,  547,  373,  398,  451,  244,  650,  152,  241,  402,  572,  153,  115,  687,  273,  762,  638,  687,  322,  625,  224,  654,  536,  888,  174,  377,  502,  386,  612,  727,  689,  231,  416,  202,  666,  806,  938,  388,  738,  268,  684,  431,  789,  753,  300,  622,  607,  476,  336,  663,  673,   76,  171,  403,  288,  132,  471,  690,  776,  203,  697,  361,  590,  709,  297,  559,  504,  552,  676,  590,  448,   84,  563,  757,  568,  782,  498,  552,  430,  144,  653],
        [  200,    0,  204,  823,  555,  619,    0,   63,  583,  572,  843,  296,  378,  268,  820,  132,  755,  364,  310,   97,  717,  837,  594,  795,  758,  270,  239,  633,  874,  817,  578,  841, 1019,  297,  158,  154,  225,  671,  745,  454,  226,  593,  210,  797,  944,  525,  598,  660,  374,  474,  195,  677,  135,  742,  929,  285,  744,  471,  411,  648,  382,  636,  426,  582,  124,  485,  300, 1026,  400,  593,  290,  598,  682,  694,  784,  241,  781,  189,   73,  327,  471,  173,  396,  179,  665,  771,  220,  657,  705,  695,  334,  838,  487,  859,   72,  792, 1014,  761, 1077,   91,  683,  449,  781,  798,  401,  122,  664,  499,  595,  237,  725,  434,  192,  842,  852,  162,  596,  224,  188,  617,  685,  607,  681,   35,  958,  305,  114,  469,  618,  467,  381,  473,  675,  846,  134,  664,  450,  116,  812,  278,  205,  711,  271,  129,  627,  917,  761,  182,  629,  590,  800,   59,  690,  973,   68,  725,  722,  776],
        [  258,    0,  254,  878,  597,  680,   63,    0,  583,  615,  905,  354,  413,  330,  882,  126,  774,  369,  372,  103,  729,  841,  645,  854,  802,  329,  294,  692,  932,  880,  622,  868, 1071,  359,   98,  163,  287,  731,  808,  492,  286,  612,  263,  806,  982,  587,  649,  667,  420,  515,  257,  691,   79,  801,  970,  340,  806,  471,  456,  704,  443,  679,  488,  645,  146,  527,  352, 1081,  462,  655,  344,  652,  743,  733,  847,  287,  808,  229,  134,  387,  514,  233,  455,  178,  724,  828,  283,  689,  764,  757,  333,  896,  485,  895,   34,  846, 1060,  819, 1124,  152,  680,  510,  832,  841,  457,  137,  680,  509,  657,  291,  788,  444,  137,  847,  904,  137,  657,  215,  250,  622,  699,  657,  709,   78, 1011,  363,  102,  479,  679,  527,  425,  525,  734,  893,  130,  674,  513,  102,  865,  295,  185,  764,  295,  184,  659,  953,  796,  244,  692,  620,  821,  120,  701, 1025,  129,  770,  782,  806],
        [  540,    0,  742,  773,  415,  804,  583,  583,    0,  438, 1001,  538,  334,  694, 1102,  458,  277,  221,  713,  488,  189,  261,  550,  833,  548,  739,  750, 1022,  872, 1027,  440,  419,  853,  714,  629,  736,  637,  769,  985,  353,  557,  192,  736,  238,  613,  843,  547,  104,  427,  387,  599,  175,  543,  815,  646,  510,  894,  113,  422,  661,  781,  455,  789,  859,  706,  393,  486,  935,  735,  921,  499,  615,  812,  447,  984,  783,  369,  752,  569,  775,  408,  553,  599,  407,  728,  778,  630,  337,  773,  918,  251,  851,   98,  519,  616,  727,  764,  780,  840,  615,  103,  668,  661,  565,  862,  462,  182,  117,  939,  504,  996,  164,  672,  268,  748,  718,  962,  369,  589,   59,  182,  556,  310,  550,  826,  548,  482,  140,  748,  650,  412,  517,  755,  658,  709,  132,  774,  683,  717,  319,  405,  651,  339,  530,  330,  568,  435,  641,  869,  290,  331,  607,  160,  828,  568,  545,  805,  394],
        [  397,    0,  611,  343,   25,  404,  572,  615,  438,    0,  574,  317,  217,  490,  707,  522,  345,  386,  481,  522,  389,  540,  116,  397,  187,  546,  589,  691,  437,  611,    7,  341,  477,  492,  706,  699,  458,  344,  583,  134,  386,  260,  595,  475,  380,  504,  112,  411,  200,  102,  443,  350,  632,  382,  357,  310,  472,  412,  162,  227,  516,   66,  495,  493,  660,   90,  286,  525,  444,  571,  300,  187,  392,  133,  569,  642,  296,  647,  512,  550,  102,  425,  291,  485,  298,  341,  453,  170,  341,  517,  425,  414,  428,  305,  639,  298,  446,  343,  513,  536,  505,  329,  247,  227,  619,  488,  327,  337,  595,  348,  606,  343,  749,  534,  333,  732,  627,  491,  440,  408,  352,  120,  220,  543,  429,  317,  541,  334,  336,  297,  192,  154,  327,  285,  697,  381,  459,  686,  297,  366,  532,  217,  347,  449,  148,  360,  221,  494,  483,  163,  358,  552,  383,  438,  514,  158,  374,  268],
        [  658,    0,  724,  334,  593,  228,  843,  905, 1001,  574,    0,  576,  696,  591,  221,  884,  901,  885,  549,  861,  959, 1107,  458,  214,  569,  618,  675,  402,  255,   86,  573,  841,  519,  565,  999,  880,  621,  232,  146,  651,  628,  833,  705, 1041,  737,  346,  463,  984,  607,  616,  648,  922,  965,  197,  664,  601,  110,  950,  596,  348,  498,  583,  445,  279,  849,  609,  606,  413,  451,  319,  604,  388,  191,  632,   79,  724,  821,  774,  772,  570,  595,  678,  471,  877,  276,  272,  624,  728,  235,  159,  907,  237,  969,  734,  910,  366,  637,  259,  640,  758, 1076,  402,  446,  592,  559,  840,  899,  890,  337,  644,  196,  875, 1028, 1099,  408,  954,  368,  911,  656,  978,  924,  455,  777,  833,  454,  564,  891,  878,  259,  398,  618,  492,  247,  527,  906,  955,  405,  915,  402,  813,  936,  395,  782,  731,  714,  756,  713,  668,  221,  736,  898,  791,  955,  475,  777,  541,  201,  782],
        [   98,    0,  294,  527,  308,  348,  296,  354,  538,  317,  576,    0,  212,  180,  605,  310,  597,  353,  184,  290,  597,  744,  308,  502,  492,  235,  273,  487,  579,  568,  323,  640,  729,  190,  451,  396,  141,  382,  505,  244,   75,  450,  278,  688,  695,  318,  313,  573,  137,  242,  128,  552,  400,  451,  666,   31,  470,  449,  168,  352,  245,  382,  252,  352,  357,  249,   53,  730,  199,  397,   39,  303,  399,  449,  529,  325,  586,  332,  226,  252,  228,  125,  106,  303,  371,  475,  136,  451,  413,  444,  360,  543,  469,  622,  368,  497,  738,  466,  796,  235,  636,  175,  494,  533,  334,  266,  533,  424,  411,   69,  500,  378,  488,  743,  559,  444,  430,  338,  127,  544,  559,  321,  490,  277,  666,   13,  319,  399,  332,  181,  152,  186,  383,  566,  402,  560,  243,  398,  520,  259,  362,  419,  228,  170,  420,  677,  533,  178,  383,  400,  629,  259,  577,  682,  230,  455,  432,  568],
        [  244,    0,  469,  538,  195,  484,  378,  413,  334,  217,  696,  212,    0,  384,  775,  309,  398,  192,  394,  314,  387,  533,  288,  561,  400,  436,  461,  689,  620,  710,  223,  466,  692,  399,  498,  520,  334,  470,  661,   84,  250,  243,  457,  478,  570,  510,  289,  361,   95,  116,  303,  343,  420,  528,  562,  187,  587,  259,  101,  385,  456,  275,  458,  528,  483,  128,  160,  732,  404,  588,  175,  331,  506,  323,  668,  506,  407,  494,  329,  461,  126,  267,  266,  269,  438,  516,  326,  280,  485,  595,  221,  591,  279,  483,  440,  497,  659,  513,  728,  365,  429,  337,  458,  437,  545,  280,  324,  217,  606,  197,  669,  183,  543,  533,  542,  539,  629,  275,  295,  334,  350,  299,  307,  346,  642,  220,  330,  196,  438,  321,   81,  206,  461,  501,  510,  349,  441,  494,  504,  150,  316,  411,  130,  271,  249,  541,  384,  352,  543,  215,  437,  372,  367,  653,  331,  374,  514,  399],
        [  157,    0,  146,  638,  483,  377,  268,  330,  694,  490,  591,  180,  384,    0,  553,  352,  776,  489,   43,  319,  771,  915,  458,  581,  653,   57,  107,  374,  666,  557,  495,  818,  858,   30,  417,  292,   60,  453,  482,  423,  139,  626,  126,  862,  863,  259,  464,  741,  316,  421,  102,  727,  400,  522,  827,  200,  500,  595,  347,  470,  116,  552,  159,  320,  259,  427,  227,  835,  141,  326,  211,  431,  451,  622,  527,  163,  765,  194,  206,   81,  406,  151,  214,  371,  462,  572,   68,  630,  493,  437,  482,  628,  615,  794,  327,  618,  887,  559,  938,  178,  795,  231,  632,  695,  169,  313,  708,  585,  329,  192,  459,  531,  441,  916,  685,  364,  332,  418,  113,  708,  734,  470,  670,  269,  789,  177,  348,  557,  396,  261,  331,  345,  462,  715,  316,  731,  188,  325,  647,  386,  424,  550,  360,  196,  600,  848,  708,   87,  372,  580,  808,  211,  750,  808,  211,  615,  501,  746],
        [  665,    0,  659,  538,  721,  304,  820,  882, 1102,  707,  221,  605,  775,  553,    0,  891, 1050,  950,  511,  862, 1094, 1246,  597,  415,  747,  560,  610,  240,  471,  136,  708, 1012,  736,  524,  967,  817,  599,  378,  126,  751,  635,  956,  642, 1181,  933,  298,  603, 1104,  680,  721,  636, 1053,  952,  378,  864,  635,  263, 1033,  681,  501,  440,  733,  395,  254,  793,  717,  648,  632,  426,  228,  641,  524,  327,  793,  165,  647,  983,  706,  756,  504,  699,  677,  515,  897,  428,  465,  605,  873,  401,  191,  963,  448, 1053,  917,  878,  561,  849,  450,  857,  730, 1189,  441,  635,  776,  460,  848, 1030,  986,  229,  668,  107,  958,  987, 1241,  613,  899,  240,  938,  646, 1090, 1056,  598,  924,  819,  670,  593,  892,  969,  372,  455,  694,  588,  399,  724,  851, 1079,  376,  867,  600,  862,  955,  569,  831,  730,  854,  947,  881,  639,  233,  866, 1055,  763, 1085,  691,  761,  714,  372,  947],
        [  229,    0,  326,  812,  501,  656,  132,  126,  458,  522,  884,  310,  309,  352,  891,    0,  653,  244,  390,   37,  604,  716,  568,  804,  708,  372,  354,  726,  878,  871,  528,  752,  990,  381,  193,  280,  297,  689,  803,  392,  260,  492,  328,  681,  877,  594,  571,  542,  337,  420,  257,  567,  112,  757,  871,  288,  779,  346,  371,  642,  467,  583,  502,  643,  254,  432,  291, 1014,  465,  668,  288,  588,  709,  631,  834,  366,  692,  318,  153,  425,  423,  215,  416,   53,  673,  772,  291,  577,  717,  747,  208,  843,  361,  787,  159,  776,  966,  764, 1034,  197,  557,  482,  752,  745,  506,   45,  557,  384,  675,  241,  791,  319,  238,  722,  830,  262,  682,   93,  247,  497,  576,  581,  593,  105,  935,  322,   25,  355,  641,  490,  339,  455,  688,  805,  252,  549,  516,  225,  790,  176,   76,  691,  182,  162,  548,  845,  687,  268,  683,  506,  701,  175,  576,  947,  149,  679,  739,  691],
        [  642,    0,  866,  611,  335,  748,  755,  774,  277,  345,  901,  597,  398,  776, 1050,  653,    0,  419,  779,  672,   99,  212,  453,  702,  355,  830,  859, 1031,  716,  948,  344,  145,  628,  787,  842,  906,  729,  679,  925,  355,  646,  163,  855,  147,  351,  843,  447,  180,  461,  366,  700,  104,  755,  704,  398,  577,  805,  349,  435,  556,  831,  319,  820,  836,  870,  363,  549,  732,  766,  913,  565,  527,  729,  271,  905,  904,  108,  890,  718,  849,  385,  664,  612,  602,  630,  642,  722,  177,  667,  859,  462,  705,  348,  264,  806,  565,  517,  650,  591,  758,  269,  664,  486,  355,  928,  639,  103,  279,  936,  594,  950,  340,  887,  202,  564,  909,  967,  578,  693,  219,   96,  453,  126,  721,  618,  602,  677,  305,  678,  634,  446,  486,  660,  450,  889,  147,  790,  868,  543,  480,  621,  510,  484,  664,  198,  304,  210,  750,  827,  201,   54,  761,  121,  615,  719,  370,  700,  145],
        [  333,    0,  524,  723,  362,  668,  364,  369,  221,  386,  885,  353,  192,  489,  950,  244,  419,    0,  512,  270,  363,  474,  474,  752,  553,  529,  535,  838,  809,  895,  392,  532,  858,  511,  427,  517,  430,  661,  841,  258,  354,  263,  519,  438,  686,  670,  474,  299,  278,  296,  389,  327,  339,  719,  695,  323,  776,  111,  291,  575,  585,  432,  602,  698,  486,  307,  305,  911,  551,  749,  315,  522,  696,  460,  854,  565,  473,  532,  349,  570,  311,  341,  436,  192,  629,  705,  422,  378,  676,  777,   46,  780,  129,  591,  402,  679,  804,  703,  877,  396,  322,  510,  633,  583,  657,  242,  319,  143,  764,  305,  844,   79,  472,  479,  719,  505,  782,  161,  379,  254,  336,  484,  380,  330,  814,  364,  268,  115,  626,  500,  268,  397,  652,  661,  492,  306,  595,  468,  682,  103,  203,  595,  130,  313,  354,  648,  492,  427,  720,  307,  469,  387,  334,  822,  348,  534,  705,  480],
        [  182,    0,  181,  608,  476,  337,  310,  372,  713,  481,  549,  184,  394,   43,  511,  390,  779,  512,    0,  358,  780,  926,  439,  546,  637,   79,  137,  338,  631,  514,  486,  814,  830,   18,  460,  332,   93,  418,  440,  425,  159,  634,  161,  871,  848,  217,  446,  754,  319,  419,  135,  736,  442,  486,  809,  208,  459,  616,  346,  442,   78,  541,  117,  277,  300,  424,  235,  803,   99,  284,  219,  407,  413,  612,  484,  193,  762,  231,  247,   70,  402,  182,  195,  406,  429,  539,  100,  628,  458,  395,  509,  593,  637,  783,  370,  590,  865,  526,  914,  220,  813,  200,  609,  679,  151,  350,  716,  601,  288,  210,  417,  550,  483,  926,  657,  406,  293,  452,  145,  723,  742,  450,  669,  310,  761,  178,  387,  574,  361,  233,  335,  331,  428,  693,  357,  742,  146,  367,  620,  411,  460,  525,  383,  231,  598,  836,  701,  129,  330,  581,  809,  253,  760,  779,  252,  598,  465,  741],
        [  203,    0,  290,  802,  503,  634,   97,  103,  488,  522,  861,  290,  314,  319,  862,   37,  672,  270,  358,    0,  628,  744,  562,  789,  709,  336,  317,  693,  864,  845,  529,  767,  986,  348,  185,  249,  265,  671,  777,  396,  234,  510,  292,  707,  884,  565,  565,  568,  332,  421,  226,  590,  113,  740,  875,  270,  757,  376,  367,  630,  434,  585,  471,  615,  221,  433,  276, 1005,  436,  638,  272,  577,  689,  636,  809,  329,  706,  282,  117,  390,  422,  187,  396,   82,  658,  759,  259,  588,  701,  721,  238,  829,  391,  796,  134,  767,  968,  751, 1034,  161,  587,  460,  747,  747,  471,   35,  578,  409,  644,  222,  763,  344,  229,  749,  823,  238,  650,  127,  217,  524,  598,  574,  607,   68,  929,  302,   31,  379,  622,  470,  335,  446,  671,  804,  223,  574,  487,  199,  784,  193,  113,  684,  193,  133,  558,  854,  696,  234,  657,  518,  719,  138,  600,  942,  113,  679,  722,  704],
        [  627,    0,  847,  685,  374,  790,  717,  729,  189,  389,  959,  597,  387,  771, 1094,  604,   99,  363,  780,  628,    0,  154,  503,  768,  436,  822,  845, 1054,  790, 1000,  389,  244,  721,  785,  788,  870,  720,  732,  970,  364,  636,  148,  837,   92,  449,  867,  498,   86,  465,  384,  687,   45,  701,  764,  494,  573,  859,  277,  445,  611,  838,  378,  834,  869,  836,  385,  546,  820,  779,  941,  561,  576,  780,  343,  957,  886,  204,  866,  688,  847,  405,  647,  628,  552,  684,  709,  712,  235,  725,  904,  403,  775,  272,  361,  761,  639,  613,  715,  688,  730,  171,  687,  563,  441,  930,  597,   66,  220,  962,  583,  991,  285,  833,  150,  645,  865,  991,  523,  679,  130,   39,  505,  189,  683,  706,  603,  629,  250,  724,  660,  449,  514,  714,  536,  849,   60,  808,  826,  621,  440,  563,  577,  450,  638,  246,  402,  297,  735,  866,  228,  148,  729,   30,  704,  688,  445,  758,  238],
        [  767,    0,  982,  822,  525,  943,  837,  841,  261,  540, 1107,  744,  533,  915, 1246,  716,  212,  474,  926,  744,  154,    0,  653,  911,  566,  965,  984, 1206,  927, 1150,  540,  327,  830,  931,  890,  991,  862,  881, 1122,  516,  778,  299,  974,   67,  534, 1020,  648,  179,  614,  537,  827,  197,  803,  910,  592,  719, 1009,  372,  596,  760,  986,  524,  984, 1022,  959,  537,  692,  939,  929, 1094,  708,  726,  930,  481, 1107, 1022,  311,  997,  816,  993,  558,  785,  780,  664,  833,  851,  855,  379,  873, 1056,  509,  915,  359,  459,  874,  776,  708,  859,  780,  861,  178,  840,  697,  564, 1077,  716,  219,  341, 1115,  725, 1144,  404,  933,   15,  774,  977, 1144,  629,  818,  221,  192,  655,  330,  803,  825,  751,  740,  371,  876,  813,  598,  667,  863,  658,  966,  184,  960,  941,  754,  564,  665,  719,  579,  771,  394,  487,  419,  873, 1019,  381,  234,  856,  168,  820,  815,  581,  906,  352],
        [  401,    0,  593,  251,  136,  298,  594,  645,  550,  116,  458,  308,  288,  458,  597,  568,  453,  474,  439,  562,  503,  653,    0,  286,  200,  513,  563,  602,  336,  497,  115,  426,  426,  453,  740,  703,  439,  229,  472,  217,  383,  376,  575,  587,  413,  418,    8,  526,  232,  179,  435,  465,  674,  267,  370,  312,  357,  515,  200,  112,  459,  138,  429,  397,  664,  169,  295,  448,  382,  478,  305,   74,  278,  204,  455,  619,  390,  636,  527,  505,  164,  430,  245,  539,  183,  234,  436,  277,  226,  407,  508,  309,  532,  360,  664,  211,  432,  234,  488,  542,  620,  259,  188,  241,  563,  530,  442,  445,  503,  358,  499,  443,  781,  647,  262,  748,  538,  554,  435,  523,  467,   13,  327,  569,  368,  303,  585,  438,  226,  223,  232,  123,  212,  260,  708,  497,  386,  702,  223,  433,  592,  125,  409,  466,  259,  406,  297,  482,  379,  278,  460,  564,  498,  381,  530,  160,  259,  357],
        [  597,    0,  726,  124,  419,  225,  795,  854,  833,  397,  214,  502,  561,  581,  415,  804,  702,  752,  546,  789,  768,  911,  286,    0,  360,  624,  682,  531,   87,  284,  394,  633,  336,  563,  951,  867,  591,  129,  303,  499,  569,  654,  706,  845,  524,  400,  288,  802,  486,  461,  606,  734,  900,   62,  452,  519,  159,  799,  464,  178,  522,  391,  472,  340,  832,  452,  514,  266,  452,  415,  518,  231,  144,  432,  251,  737,  617,  775,  723,  590,  444,  622,  400,  786,  132,   61,  592,  534,   90,  263,  782,   49,  817,  521,  866,  153,  436,   54,  451,  722,  899,  354,  233,  380,  610,  762,  712,  730,  440,  568,  350,  726,  986,  903,  199,  931,  478,  810,  611,  803,  735,  278,  582,  777,  265,  492,  816,  723,  185,  330,  492,  361,  121,  315,  885,  771,  423,  887,  189,  697,  843,  193,  669,  670,  525,  543,  507,  640,  286,  553,  694,  751,  768,  287,  727,  335,   82,  577],
        [  578,    0,  784,  258,  207,  467,  758,  802,  548,  187,  569,  492,  400,  653,  747,  708,  355,  553,  637,  709,  436,  566,  200,  360,    0,  709,  757,  789,  363,  629,  181,  273,  310,  651,  893,  881,  629,  372,  624,  317,  564,  356,  767,  501,  214,  610,  193,  489,  385,  289,  620,  410,  818,  376,  175,  489,  488,  554,  347,  254,  658,  126,  628,  579,  843,  277,  467,  389,  581,  663,  480,  254,  422,  101,  590,  812,  260,  824,  697,  703,  288,  607,  443,  669,  322,  300,  625,  213,  347,  564,  595,  355,  566,  171,  826,  214,  259,  311,  328,  719,  589,  458,  133,   42,  762,  675,  390,  471,  689,  530,  659,  496,  936,  556,  210,  917,  725,  672,  618,  504,  408,  191,  250,  729,  278,  489,  728,  477,  392,  422,  378,  310,  350,  111,  881,  453,  584,  871,  189,  547,  714,  179,  530,  634,  219,  210,  150,  669,  551,  263,  339,  737,  442,  281,  699,   41,  378,  220],
        [  200,    0,  107,  686,  539,  412,  270,  329,  739,  546,  618,  235,  436,   57,  560,  372,  830,  529,   79,  336,  822,  965,  513,  624,  709,    0,   60,  363,  709,  577,  551,  874,  908,   63,  410,  264,  104,  496,  501,  478,  187,  678,   88,  913,  919,  276,  519,  789,  371,  476,  141,  778,  405,  563,  882,  254,  532,  637,  402,  520,  123,  608,  175,  341,  236,  483,  281,  881,  173,  334,  265,  483,  489,  678,  550,  115,  820,  157,  220,   58,  462,  189,  268,  397,  508,  618,  111,  686,  536,  461,  519,  671,  657,  850,  321,  668,  941,  604,  991,  181,  841,  279,  685,  751,  135,  336,  760,  632,  332,  241,  473,  576,  428,  966,  735,  342,  329,  445,  151,  755,  785,  524,  725,  279,  839,  233,  364,  604,  439,  311,  386,  400,  506,  769,  293,  781,  214,  308,  698,  427,  446,  602,  402,  224,  655,  904,  765,  106,  397,  634,  863,  212,  801,  858,  224,  670,  543,  802],
        [  218,    0,   50,  743,  580,  471,  239,  294,  750,  589,  675,  273,  461,  107,  610,  354,  859,  535,  137,  317,  845,  984,  563,  682,  757,   60,    0,  403,  768,  633,  594,  911,  964,  120,  366,  209,  133,  554,  556,  511,  213,  703,   34,  934,  964,  332,  569,  807,  406,  513,  159,  802,  371,  622,  930,  287,  591,  644,  439,  575,  178,  652,  231,  398,  184,  520,  314,  939,  232,  385,  298,  537,  548,  721,  607,   57,  856,  100,  202,  108,  500,  200,  320,  386,  565,  676,  139,  722,  595,  518,  520,  730,  663,  893,  281,  724,  993,  662, 1044,  157,  852,  336,  738,  798,  164,  323,  784,  646,  382,  265,  526,  588,  381,  986,  791,  290,  375,  435,  167,  770,  809,  575,  758,  254,  895,  272,  343,  617,  498,  367,  420,  447,  565,  820,  241,  801,  273,  259,  753,  433,  429,  656,  411,  223,  691,  948,  805,  111,  455,  667,  894,  184,  822,  913,  206,  718,  602,  839],
        [  517,    0,  449,  642,  698,  329,  633,  692, 1022,  691,  402,  487,  689,  374,  240,  726, 1031,  838,  338,  693, 1054, 1206,  602,  531,  789,  363,  403,    0,  608,  326,  694, 1026,  866,  346,  768,  603,  431,  438,  257,  692,  490,  908,  435, 1145,  996,  189,  609, 1045,  598,  671,  473, 1010,  767,  475,  936,  516,  378,  935,  612,  538,  261,  736,  237,  210,  584,  671,  538,  787,  288,  126,  526,  537,  397,  805,  325,  430,  986,  492,  578,  306,  650,  520,  428,  744,  480,  561,  438,  860,  477,  271,  840,  576,  956,  957,  682,  649,  952,  544,  977,  543, 1117,  368,  705,  825,  241,  687,  989,  906,  100,  535,  207,  864,  782, 1204,  713,  687,   65,  789,  483, 1022, 1015,  608,  908,  640,  794,  476,  722,  882,  401,  397,  614,  545,  459,  799,  640, 1027,  249,  659,  688,  739,  797,  624,  710,  568,  834,  998,  898,  459,  250,  833, 1048,  575, 1039,  816,  583,  750,  460,  955],
        [  675,    0,  811,  106,  461,  310,  874,  932,  872,  437,  255,  579,  620,  666,  471,  878,  716,  809,  631,  864,  790,  927,  336,   87,  363,  709,  768,  608,    0,  336,  434,  630,  266,  648, 1030,  951,  674,  214,  369,  552,  649,  686,  791,  861,  496,  485,  336,  832,  551,  514,  688,  759,  976,  148,  421,  595,  231,  848,  526,  238,  608,  420,  558,  424,  915,  504,  588,  182,  539,  496,  593,  293,  229,  448,  309,  823,  622,  860,  803,  676,  498,  701,  480,  856,  210,  107,  675,  557,  174,  338,  841,   39,  864,  509,  946,  151,  384,  114,  387,  804,  930,  437,  230,  373,  696,  835,  738,  774,  520,  644,  418,  777, 1066,  917,  167, 1013,  558,  878,  692,  837,  759,  326,  602,  856,  200,  570,  891,  770,  271,  413,  556,  427,  205,  293,  967,  798,  509,  969,  175,  761,  913,  222,  734,  749,  552,  522,  512,  723,  368,  586,  701,  832,  792,  221,  807,  346,  169,  582],
        [  643,    0,  682,  407,  628,  228,  817,  880, 1027,  611,   86,  568,  710,  557,  136,  871,  948,  895,  514,  845, 1000, 1150,  497,  284,  629,  577,  633,  326,  336,    0,  611,  898,  601,  529,  972,  840,  593,  269,   78,  674,  612,  868,  664, 1084,  806,  301,  502, 1018,  618,  641,  625,  961,  944,  254,  735,  595,  143,  968,  612,  393,  455,  629,  403,  237,  812,  635,  603,  498,  419,  258,  599,  425,  220,  684,   44,  678,  874,  732,  749,  525,  619,  659,  467,  869,  318,  338,  597,  772,  284,  125,  913,  314,  988,  797,  882,  434,  716,  323,  722,  730, 1107,  394,  511,  655,  503,  826,  938,  913,  272,  635,  121,  892,  997, 1143,  482,  918,  299,  905,  633, 1009,  963,  496,  822,  811,  535,  555,  875,  899,  280,  397,  630,  511,  289,  597,  869,  991,  369,  881,  472,  816,  928,  451,  785,  713,  756,  823,  769,  638,  189,  773,  949,  763,  994,  557,  754,  598,  252,  836],
        [  403,    0,  617,  339,   30,  405,  578,  622,  440,    7,  573,  323,  223,  495,  708,  528,  344,  392,  486,  529,  389,  540,  115,  394,  181,  551,  594,  694,  434,  611,    0,  337,  471,  497,  712,  705,  463,  343,  583,  140,  392,  262,  601,  475,  374,  507,  111,  412,  206,  109,  449,  351,  638,  380,  351,  316,  471,  416,  168,  225,  520,   60,  499,  495,  666,   97,  292,  520,  448,  574,  306,  187,  391,  127,  568,  648,  292,  653,  518,  555,  108,  431,  296,  491,  297,  338,  459,  168,  339,  517,  430,  411,  432,  300,  646,  293,  439,  341,  506,  542,  507,  333,  241,  220,  623,  494,  328,  341,  597,  354,  607,  348,  756,  534,  328,  738,  630,  497,  446,  410,  353,  119,  218,  549,  424,  323,  548,  338,  337,  300,  198,  158,  326,  279,  703,  383,  462,  692,  292,  372,  538,  213,  353,  456,  147,  354,  216,  499,  484,  163,  356,  559,  384,  433,  520,  151,  373,  264],
        [  702,    0,  926,  526,  340,  720,  841,  868,  419,  341,  841,  640,  466,  818, 1012,  752,  145,  532,  814,  767,  244,  327,  426,  633,  273,  874,  911, 1026,  630,  898,  337,    0,  504,  824,  944,  986,  779,  635,  887,  402,  699,  270,  912,  271,  209,  840,  420,  325,  506,  399,  756,  245,  860,  646,  266,  625,  756,  479,  473,  512,  855,  291,  835,  822,  948,  392,  598,  619,  783,  904,  614,  496,  686,  223,  858,  961,   61,  955,  795,  884,  413,  727,  630,  703,  585,  572,  773,  190,  615,  825,  578,  626,  481,  134,  898,  485,  382,  583,  454,  830,  413,  669,  403,  257,  957,  732,  239,  401,  928,  652,  919,  456,  990,  315,  468, 1000,  962,  687,  750,  361,  238,  422,  161,  808,  505,  642,  776,  423,  646,  635,  492,  494,  614,  345,  974,  290,  799,  956,  456,  576,  730,  448,  574,  736,  221,  162,  131,  807,  803,  252,   99,  838,  266,  498,  796,  301,  647,   73],
        [  825,    0, 1001,  230,  500,  549, 1019, 1071,  853,  477,  519,  729,  692,  858,  736,  990,  628,  858,  830,  986,  721,  830,  426,  336,  310,  908,  964,  866,  266,  601,  471,  504,    0,  846, 1166, 1123,  851,  439,  634,  610,  804,  662,  981,  770,  313,  723,  422,  785,  655,  577,  853,  703, 1098,  391,  242,  736,  493,  863,  620,  389,  825,  426,  780,  669, 1085,  565,  720,  136,  749,  748,  730,  430,  472,  409,  575, 1021,  522, 1046,  952,  886,  570,  853,  649,  957,  410,  309,  849,  517,  397,  598,  899,  294,  875,  371, 1090,  241,  148,  325,  124,  964,  884,  630,  239,  288,  922,  953,  686,  780,  773,  783,  683,  805, 1207,  818,  174, 1172,  811,  966,  855,  805,  699,  414,  546,  994,   73,  723, 1008,  786,  489,  598,  652,  547,  421,  199, 1131,  748,  731, 1126,  212,  842, 1007,  312,  821,  891,  527,  354,  425,  897,  619,  572,  596,  988,  733,   52,  955,  325,  408,  484],
        [  179,    0,  164,  624,  487,  354,  297,  359,  714,  492,  565,  190,  399,   30,  524,  381,  787,  511,   18,  348,  785,  931,  453,  563,  651,   63,  120,  346,  648,  529,  497,  824,  846,    0,  446,  315,   86,  435,  455,  433,  158,  639,  144,  876,  861,  231,  460,  757,  326,  428,  128,  741,  430,  503,  823,  213,  476,  616,  355,  458,   87,  553,  130,  293,  284,  433,  240,  819,  116,  297,  224,  422,  430,  623,  500,  176,  772,  214,  236,   63,  412,  177,  209,  399,  446,  556,   93,  637,  475,  410,  506,  610,  636,  795,  356,  606,  880,  543,  929,  207,  815,  217,  624,  692,  148,  342,  721,  603,  299,  211,  431,  551,  468,  931,  673,  390,  303,  445,  139,  726,  747,  465,  678,  298,  777,  185,  377,  576,  378,  249,  342,  343,  445,  708,  341,  747,  161,  352,  636,  409,  452,  540,  382,  223,  607,  848,  712,  117,  346,  589,  818,  240,  765,  796,  241,  611,  482,  751],
        [  355,    0,  321,  975,  687,  776,  158,   98,  629,  706,  999,  451,  498,  417,  967,  193,  842,  427,  460,  185,  788,  890,  740,  951,  893,  410,  366,  768, 1030,  972,  712,  944, 1166,  446,    0,  188,  380,  829,  898,  580,  383,  682,  334,  860, 1068,  676,  744,  720,  513,  605,  352,  753,   88,  899, 1059,  437,  901,  520,  549,  801,  528,  769,  575,  735,  191,  617,  449, 1178,  554,  740,  441,  750,  840,  820,  940,  347,  884,  285,  230,  467,  605,  330,  552,  242,  821,  926,  376,  769,  862,  850,  386,  994,  532,  979,   91,  943, 1151,  917, 1217,  242,  722,  607,  927,  931,  530,  220,  744,  569,  741,  388,  876,  505,   46,  897, 1001,  117,  738,  266,  346,  674,  762,  753,  786,  175, 1107,  461,  170,  541,  776,  624,  518,  621,  831,  986,  145,  732,  603,  117,  961,  369,  226,  860,  374,  282,  740, 1037,  879,  334,  785,  699,  891,  210,  760, 1121,  225,  862,  879,  884],
        [  304,    0,  159,  913,  684,  668,  154,  163,  736,  699,  880,  396,  520,  292,  817,  280,  906,  517,  332,  249,  870,  991,  703,  867,  881,  264,  209,  603,  951,  840,  705,  986, 1123,  315,  188,    0,  278,  740,  764,  591,  321,  743,  177,  951, 1077,  539,  708,  814,  500,  606,  270,  830,  233,  810, 1055,  394,  791,  624,  538,  740,  386,  764,  438,  604,   39,  616,  415, 1114,  431,  594,  402,  694,  741,  826,  813,  174,  927,  112,  191,  316,  600,  275,  478,  330,  743,  853,  278,  799,  778,  724,  486,  913,  639,  995,  133,  888, 1132,  841, 1191,  163,  835,  514,  889,  922,  363,  275,  816,  653,  589,  352,  734,  588,  187,  995,  952,   85,  581,  372,  269,  770,  838,  716,  826,  188, 1058,  401,  258,  622,  684,  540,  510,  581,  747,  961,   43,  817,  475,   72,  912,  431,  347,  812,  422,  252,  768, 1052,  899,  229,  660,  734,  949,  149,  843, 1075,  190,  846,  789,  919],
        [   98,    0,  155,  637,  449,  399,  225,  287,  637,  458,  621,  141,  334,   60,  599,  297,  729,  430,   93,  265,  720,  862,  439,  591,  629,  104,  133,  431,  674,  593,  463,  779,  851,   86,  380,  278,    0,  464,  521,  379,   84,  576,  138,  810,  835,  303,  445,  686,  274,  381,   43,  676,  354,  534,  803,  155,  524,  537,  307,  465,  171,  522,  206,  358,  241,  388,  182,  838,  176,  374,  166,  421,  468,  590,  561,  185,  724,  197,  158,  141,  368,   92,  203,  314,  466,  576,    8,  590,  502,  471,  423,  637,  557,  762,  290,  613,  871,  564,  925,  138,  739,  238,  620,  671,  228,  257,  657,  529,  379,  138,  503,  474,  407,  863,  678,  341,  386,  360,   54,  653,  683,  451,  627,  221,  784,  141,  295,  501,  408,  263,  288,  320,  471,  698,  294,  678,  227,  298,  640,  327,  367,  540,  301,  138,  559,  817,  673,   50,  406,  536,  763,  171,  698,  802,  163,  591,  514,  707],
        [  475,    0,  598,  210,  362,  111,  671,  731,  769,  344,  232,  382,  470,  453,  378,  689,  679,  661,  418,  671,  732,  881,  229,  129,  372,  496,  554,  438,  214,  269,  343,  635,  439,  435,  829,  740,  464,    0,  253,  420,  446,  603,  578,  815,  567,  285,  234,  753,  386,  384,  481,  693,  781,   71,  503,  402,  128,  721,  370,  124,  396,  360,  348,  233,  704,  377,  400,  389,  325,  315,  402,  157,   51,  417,  227,  610,  607,  647,  599,  463,  364,  499,  277,  674,   51,  131,  465,  504,   43,  193,  686,  176,  740,  543,  742,  212,  515,  115,  544,  596,  845,  226,  271,  403,  488,  645,  671,  659,  341,  449,  288,  646,  862,  875,  277,  804,  379,  702,  486,  747,  695,  227,  554,  655,  367,  371,  699,  647,   57,  205,  394,  265,   23,  364,  758,  725,  298,  761,  251,  596,  733,  195,  566,  549,  487,  576,  504,  513,  189,  506,  681,  626,  726,  388,  604,  337,   51,  571],
