{
    "name": "random-46-28620",
    "comment": "size=46 seed=28620",
    "nodes": ["+0", "-0", "+1", "-1", "+2", "-2", "+3", "-3", "+4", "-4", "+5", "-5", "+6", "-6", "+7", "-7", "+8", "-8", "+9", "-9", "+10", "-10", "+11", "-11", "+12", "-12", "+13", "-13", "+14", "-14", "+15", "-15", "+16", "-16", "+17", "-17", "+18", "-18", "+19", "-19", "+20", "-20", "+21", "-21", "+22", "-22", "+23", "-23", "+24", "-24", "+25", "-25", "+26", "-26", "+27", "-27", "+28", "-28", "+29", "-29", "+30", "-30", "+31", "-31", "+32", "-32", "+33", "-33", "+34", "-34", "+35", "-35", "+36", "-36", "+37", "-37", "+38", "-38", "+39", "-39", "+40", "-40", "+41", "-41", "+42", "-42", "+43", "-43", "+44", "-44", "+45", "-45", "+46", "-46"],
    "precedence": {
        "+0": "-0",
        "+1": "-1",
        "+2": "-2",
        "+3": "-3",
        "+4": "-4",
        "+5": "-5",
        "+6": "-6",
        "+7": "-7",
        "+8": "-8",
        "+9": "-9",
        "+10": "-10",
        "+11": "-11",
        "+12": "-12",
        "+13": "-13",
        "+14": "-14",
        "+15": "-15",
        "+16": "-16",
        "+17": "-17",
        "+18": "-18",
        "+19": "-19",
        "+20": "-20",
        "+21": "-21",
        "+22": "-22",
        "+23": "-23",
        "+24": "-24",
        "+25": "-25",
        "+26": "-26",
        "+27": "-27",
        "+28": "-28",
        "+29": "-29",
        "+30": "-30",
        "+31": "-31",
        "+32": "-32",
        "+33": "-33",
        "+34": "-34",
        "+35": "-35",
        "+36": "-36",
        "+37": "-37",
        "+38": "-38",
        "+39": "-39",
        "+40": "-40",
        "+41": "-41",
        "+42": "-42",
        "+43": "-43",
        "+44": "-44",
        "+45": "-45",
        "+46": "-46"
    },
    "edges": [
        [    0,    0,  649,  730,  647,  856,  268,  410,  595,  661,  938,  510,  780,  697,  634,  642,  971,  496,   78,  605,  116,  289,  404,  368,  344,   42,  337,  856,  289,  629,  834,  699,  161,  342,  262,   95,  651,  715,   98,  992,  481,  714,  836,  472,  686,  603,   16,  687,  728,  704,  373,  731,  449,  722,  316,   35,  391,  638,  720,  769,  160,  413,  284,  233,  160,  826,  677,  837,  753,  215,  240,  569,  319,  862,  262,  337,  827,  394,  388,   50,  842,  746,  400,  831,  311,  702,  132,  912,  224,  720,  816,  784,  273,  390],
        [    0,    0,    0,    0,    0,    0,    0,    0,    0,    0,    0,    0,    0,    0,    0,    0,    0,    0,    0,    0,    0,    0,    0,    0,    0,    0,    0,    0,    0,    0,    0,    0,    0,    0,    0,    0,    0,    0,    0,    0,    0,    0,    0,    0,    0,    0,    0,    0,    0,    0,    0,    0,    0,    0,    0,    0,    0,    0,    0,    0,    0,    0,    0,    0,    0,    0,    0,    0,    0,    0,    0,    0,    0,    0,    0,    0,    0,    0,    0,    0,    0,    0,    0,    0,    0,    0,    0,    0,    0,    0,    0,    0,    0,    0],
        [  649,    0,    0,  455,  252,  213,  802,  787,  636,  556,  540,  167,  163,  383,  439,   96,  378,  294,  571,  679,  763,  428,  402,  296,  736,  618,  698,  319,  865,  782,  719,  536,  601,  315,  394,  695,  510,  694,  576,  422,  221,  600,  663,  426,   43,  332,  661,  202,   80,  692,  386,  213,  499,  782,  409,  676,  370,  427,  190,  475,  499,  510,  472,  560,  706,  181,  400,  564,  392,  685,  579,  493,  821,  650,  561,  350,  709,  320,  646,  629,  779,  660,  603,  752,  598,  560,  626,  269,  449,  767,  237,  156,  411,  814],
        [  730,    0,  455,    0,  696,  578,  721,  600,  299,  164,  216,  535,  396,   72,   99,  546,  422,  268,  674,  341,  815,  445,  731,  435,  587,  722,  551,  292,  797,  447,  271,  114,  593,  466,  512,  716,  926,  288,  632,  399,  345,  177,  209,  789,  483,  154,  745,  655,  478,  292,  695,  274,  843,  393,  420,  738,  689,   92,  644,   40,  584,  343,  447,  517,  682,  552,   64,  123,   89,  623,  522,  886,  709,  197,  804,  424,  261,  367,  463,  685,  339,  233,  417,  310,  481,  139,  628,  512,  520,  376,  342,  572,  641,  648],
        [  647,    0,  252,  696,    0,  318,  865,  904,  830,  775,  792,  191,  393,  625,  664,  157,  595,  484,  574,  870,  759,  528,  273,  396,  842,  608,  809,  563,  914,  962,  951,  765,  662,  393,  450,  721,  268,  907,  605,  647,  392,  825,  901,  250,  243,  558,  655,   74,  276,  903,  286,  465,  325,  984,  521,  680,  267,  654,  117,  720,  534,  666,  577,  648,  754,  304,  637,  810,  640,  757,  670,  272,  898,  892,  464,  456,  941,  458,  780,  646, 1005,  884,  746,  979,  713,  787,  675,  439,  510,  971,  476,  243,  375,  917],
        [  856,    0,  213,  578,  318,    0, 1015,  994,  812,  711,  587,  352,  183,  511,  593,  223,  309,  488,  778,  857,  971,  640,  558,  509,  945,  823,  907,  336, 1078,  963,  848,  679,  814,  526,  606,  906,  577,  850,  786,  369,  428,  746,  782,  558,  172,  494,  867,  245,  137,  850,  555,  305,  634,  947,  621,  884,  536,  580,  202,  586,  710,  710,  683,  772,  919,   33,  538,  664,  496,  898,  791,  589, 1033,  758,  738,  563,  838,  530,  850,  838,  916,  805,  805,  887,  807,  705,  838,  132,  661,  930,  251,   80,  604, 1023],
        [  268,    0,  802,  721,  865, 1015,    0,  192,  490,  601,  937,  698,  898,  714,  624,  822, 1057,  564,  314,  480,  228,  376,  653,  507,  154,  306,  179,  927,   76,  458,  735,  652,  206,  494,  421,  173,  909,  601,  265, 1062,  594,  642,  760,  726,  844,  639,  272,  890,  879,  589,  616,  818,  711,  571,  397,  238,  631,  633,  917,  758,  331,  381,  336,  245,  116,  983,  686,  802,  774,  118,  228,  828,   55,  797,  529,  452,  729,  490,  267,  241,  719,  652,  309,  716,  243,  645,  191, 1042,  361,  575,  912,  953,  505,  149],
        [  410,    0,  787,  600,  904,  994,  192,    0,  329,  457,  809,  719,  851,  610,  509,  829,  979,  510,  427,  309,  405,  377,  736,  513,   69,  440,   96,  844,  251,  270,  563,  513,  278,  512,  458,  325,  998,  429,  363,  974,  567,  488,  598,  813,  830,  553,  419,  914,  857,  417,  694,  753,  815,  386,  387,  388,  706,  521,  932,  633,  403,  292,  328,  260,  255,  961,  578,  660,  667,  197,  238,  922,  147,  640,  653,  452,  560,  469,  148,  368,  539,  487,  197,  540,  192,  500,  289,  996,  401,  391,  848,  943,  583,   53],
        [  595,    0,  636,  299,  830,  812,  490,  329,    0,  138,  492,  641,  640,  333,  231,  708,  714,  349,  567,   46,  646,  376,  762,  458,  338,  605,  312,  580,  562,  155,  248,  194,  436,  477,  475,  545, 1005,  121,  507,  696,  439,  160,  272,  834,  675,  319,  609,  813,  687,  110,  719,  523,  865,  158,  363,  590,  722,  245,  816,  325,  493,  200,  345,  364,  491,  782,  300,  336,  381,  421,  356,  944,  462,  312,  761,  411,  242,  383,  227,  545,  247,  163,  198,  237,  287,  177,  468,  776,  447,  147,  610,  782,  627,  381],
        [  661,    0,  556,  164,  775,  711,  601,  457,  138,    0,  355,  595,  533,  209,  119,  639,  585,  296,  619,  178,  730,  401,  753,  443,  455,  663,  424,  453,  675,  283,  191,   57,  509,  469,  490,  628,  978,  139,  566,  563,  389,   57,  175,  820,  591,  225,  676,  747,  596,  139,  713,  412,  863,  238,  381,  663,  712,  132,  744,  187,  535,  249,  385,  432,  582,  683,  178,  204,  250,  516,  431,  926,  580,  203,  787,  410,  181,  366,  334,  613,  232,  110,  294,  208,  374,   44,  544,  662,  478,  221,  492,  693,  636,  508],
        [  938,    0,  540,  216,  792,  587,  937,  809,  492,  355,    0,  665,  419,  242,  315,  635,  330,  454,  878,  528, 1027,  650,  887,  617,  800,  928,  765,  252, 1012,  625,  358,  299,  806,  649,  706,  929, 1046,  442,  841,  281,  510,  340,  284,  934,  553,  338,  953,  736,  531,  450,  856,  328,  997,  544,  624,  948,  846,  307,  713,  179,  787,  559,  657,  731,  897,  571,  262,  164,  190,  839,  737, 1019,  923,  239,  987,  618,  352,  559,  677,  895,  433,  373,  631,  406,  697,  316,  842,  482,  722,  527,  339,  610,  820,  858],
        [  510,    0,  167,  535,  191,  352,  698,  719,  641,  595,  665,    0,  328,  466,  489,  133,  543,  300,  432,  680,  625,  343,  238,  208,  660,  475,  625,  470,  753,  771,  777,  590,  493,  210,  278,  569,  392,  723,  450,  583,  207,  647,  732,  272,  193,  387,  521,  195,  238,  718,  220,  349,  340,  797,  334,  540,  204,  481,  219,  563,  374,  475,  392,  469,  592,  324,  473,  655,  493,  585,  491,  356,  726,  730,  395,  269,  767,  267,  592,  498,  827,  705,  557,  802,  528,  611,  512,  431,  337,  784,  396,  276,  253,  737],
        [  780,    0,  163,  396,  393,  183,  898,  851,  640,  533,  419,  328,    0,  330,  417,  243,  216,  342,  703,  686,  891,  526,  564,  413,  810,  753,  771,  174,  966,  794,  665,  498,  707,  438,  518,  814,  659,  671,  697,  260,  308,  565,  599,  588,  154,  322,  793,  329,  119,  672,  547,  123,  661,  770,  503,  803,  531,  403,  300,  403,  623,  561,  563,  654,  814,  159,  358,  483,  314,  781,  671,  649,  909,  576,  718,  455,  656,  409,  704,  753,  734,  624,  657,  705,  673,  524,  737,  145,  565,  753,   84,  192,  562,  886],
        [  697,    0,  383,   72,  625,  511,  714,  610,  333,  209,  242,  466,  330,    0,  105,  475,  382,  215,  636,  377,  789,  409,  669,  381,  588,  686,  551,  247,  789,  486,  340,  169,  569,  413,  466,  692,  858,  344,  600,  368,  283,  236,  281,  724,  411,   98,  712,  584,  408,  346,  634,  208,  780,  446,  382,  708,  627,   91,  572,   98,  545,  335,  418,  495,  664,  485,   34,  189,   60,  610,  503,  819,  707,  268,  752,  378,  331,  319,  467,  655,  406,  294,  418,  377,  472,  195,  604,  454,  480,  428,  284,  502,  587,  655],
        [  634,    0,  439,   99,  664,  593,  624,  509,  231,  119,  315,  489,  417,  105,    0,  524,  486,  198,  581,  275,  717,  352,  666,  360,  492,  629,  455,  351,  699,  384,  288,  102,  495,  389,  426,  617,  878,  258,  537,  472,  287,  162,  247,  728,  473,  108,  649,  633,  478,  258,  627,  296,  777,  354,  328,  641,  624,   15,  628,  138,  491,  245,  351,  418,  583,  565,   71,  205,  159,  524,  423,  830,  613,  253,  723,  340,  278,  287,  369,  589,  342,  222,  321,  316,  382,  123,  530,  548,  428,  338,  381,  574,  563,  555],
        [  642,    0,   96,  546,  157,  223,  822,  829,  708,  639,  635,  133,  243,  475,  524,    0,  453,  361,  564,  751,  757,  457,  341,  319,  773,  607,  736,  409,  880,  849,  807,  623,  618,  329,  403,  699,  418,  775,  579,  502,  275,  685,  754,  352,   90,  417,  653,  110,  130,  772,  334,  308,  427,  859,  443,  671,  316,  513,  109,  568,  503,  565,  504,  587,  719,  197,  490,  658,  486,  707,  608,  407,  847,  743,  516,  379,  798,  362,  693,  628,  865,  745,  654,  839,  637,  646,  638,  317,  462,  844,  323,  145,  383,  850],
        [  971,    0,  378,  422,  595,  309, 1057,  979,  714,  585,  330,  543,  216,  382,  486,  453,    0,  494,  898,  758, 1079,  700,  779,  604,  949,  948,  910,  136, 1129,  866,  661,  535,  880,  633,  710,  994,  862,  708,  883,   61,  490,  597,  587,  802,  365,  427,  985,  525,  324,  713,  761,  242,  875,  814,  674,  992,  746,  472,  489,  409,  812,  691,  728,  818,  985,  307,  416,  458,  335,  943,  832,  859, 1060,  550,  930,  637,  653,  583,  833,  940,  736,  647,  784,  707,  819,  560,  912,  181,  750,  796,  156,  363,  771, 1020],
        [  496,    0,  294,  268,  484,  488,  564,  510,  349,  296,  454,  300,  342,  215,  198,  361,  494,    0,  430,  391,  597,  211,  469,  168,  468,  481,  429,  368,  635,  490,  481,  297,  388,  199,  253,  506,  683,  424,  402,  505,   94,  349,  444,  531,  335,  118,  511,  465,  355,  419,  430,  254,  580,  501,  184,  512,  427,  193,  469,  304,  340,  222,  235,  324,  492,  457,  205,  390,  265,  450,  338,  633,  571,  449,  538,  165,  472,  106,  364,  458,  528,  406,  318,  504,  332,  315,  421,  487,  274,  487,  348,  447,  374,  544],
        [   78,    0,  571,  674,  574,  778,  314,  427,  567,  619,  878,  432,  703,  636,  581,  564,  898,  430,    0,  583,  194,  230,  341,  294,  359,   51,  343,  785,  348,  620,  799,  653,  152,  266,  188,  150,  595,  686,   66,  920,  408,  674,  794,  413,  609,  541,   90,  611,  650,  676,  306,  659,  398,  704,  255,  108,  323,  584,  644,  713,   92,  375,  235,  207,  199,  748,  618,  785,  691,  234,  221,  514,  359,  817,  227,  267,  791,  326,  377,   76,  813,  710,  380,  799,  295,  658,  139,  835,  157,  700,  742,  706,  200,  416],
        [  605,    0,  679,  341,  870,  857,  480,  309,   46,  178,  528,  680,  686,  377,  275,  751,  758,  391,  583,    0,  649,  403,  793,  494,  327,  618,  305,  624,  550,  110,  256,  233,  445,  511,  503,  549, 1039,  122,  521,  738,  480,  190,  291,  867,  719,  364,  619,  855,  732,  110,  750,  568,  895,  126,  393,  598,  754,  290,  859,  364,  513,  227,  368,  377,  491,  827,  344,  369,  424,  421,  366,  977,  448,  335,  784,  444,  252,  419,  225,  555,  242,  180,  206,  238,  295,  213,  476,  821,  471,  119,  655,  827,  655,  361],
        [  116,    0,  763,  815,  759,  971,  228,  405,  646,  730, 1027,  625,  891,  789,  717,  757, 1079,  597,  194,  649,    0,  386,  508,  479,  348,  152,  354,  961,  218,  654,  892,  773,  224,  454,  374,  102,  744,  766,  197, 1097,  590,  780,  902,  572,  801,  698,  105,  800,  843,  754,  480,  838,  539,  758,  413,   89,  499,  723,  835,  854,  269,  483,  371,  301,  159,  941,  766,  916,  846,  230,  300,  661,  282,  932,  346,  443,  885,  498,  425,  140,  890,  804,  449,  882,  361,  772,  188, 1026,  330,  758,  925,  899,  385,  372],
        [  289,    0,  428,  445,  528,  640,  376,  377,  376,  401,  650,  343,  526,  409,  352,  457,  700,  211,  230,  403,  386,    0,  395,  138,  317,  279,  282,  577,  442,  470,  587,  429,  182,  136,  102,  296,  650,  487,  193,  714,  219,  457,  574,  470,  470,  315,  304,  538,  504,  479,  351,  458,  494,  528,   27,  303,  357,  355,  558,  484,  140,  177,   50,  133,  288,  608,  390,  557,  464,  258,  152,  582,  394,  593,  390,   79,  578,  118,  256,  249,  611,  500,  230,  594,  186,  437,  213,  668,   78,  520,  548,  580,  253,  395],
        [  404,    0,  402,  731,  273,  558,  653,  736,  762,  753,  887,  238,  564,  669,  666,  341,  779,  469,  341,  793,  508,  395,    0,  311,  668,  363,  643,  706,  688,  864,  943,  763,  465,  287,  295,  490,  262,  864,  390,  821,  387,  809,  912,   77,  421,  578,  409,  333,  466,  857,   44,  582,  112,  917,  402,  438,   43,  661,  375,  765,  335,  568,  438,  479,  538,  535,  668,  854,  706,  559,  500,  188,  695,  918,  192,  352,  934,  389,  642,  416,  981,  862,  622,  960,  562,  779,  467,  657,  342,  908,  633,  479,  154,  737],
        [  368,    0,  296,  435,  396,  509,  507,  513,  458,  443,  617,  208,  413,  381,  360,  319,  604,  168,  294,  494,  479,  138,  311,    0,  455,  344,  419,  494,  569,  576,  633,  455,  305,   32,  106,  403,  547,  555,  285,  628,  117,  499,  604,  380,  338,  285,  382,  401,  374,  549,  270,  367,  420,  615,  127,  391,  269,  357,  420,  472,  211,  276,  186,  268,  410,  477,  373,  557,  428,  391,  289,  487,  529,  613,  371,   62,  623,   78,  385,  341,  671,  551,  352,  649,  321,  470,  331,  549,  154,  604,  449,  446,  206,  532],
        [  344,    0,  736,  587,  842,  945,  154,   69,  338,  455,  800,  660,  810,  588,  492,  773,  949,  468,  359,  327,  348,  317,  668,  455,    0,  372,   40,  815,  224,  310,  582,  509,  209,  451,  394,  262,  930,  448,  295,  948,  517,  493,  609,  745,  778,  523,  353,  855,  808,  436,  627,  717,  746,  420,  331,  324,  639,  502,  875,  621,  335,  258,  269,  195,  193,  913,  557,  658,  647,  130,  173,  854,  125,  648,  585,  394,  577,  416,  124,  300,  566,  500,  171,  563,  138,  499,  221,  955,  336,  423,  812,  891,  515,   78],
        [   42,    0,  618,  722,  608,  823,  306,  440,  605,  663,  928,  475,  753,  686,  629,  607,  948,  481,   51,  618,  152,  279,  363,  344,  372,    0,  362,  835,  330,  648,  840,  698,  177,  316,  238,  134,  610,  724,   99,  970,  459,  717,  838,  431,  655,  591,   48,  649,  697,  714,  332,  710,  408,  737,  304,   76,  350,  632,  683,  762,  142,  417,  281,  242,  196,  793,  668,  833,  741,  244,  252,  528,  356,  862,  224,  318,  832,  377,  405,   73,  851,  751,  413,  839,  326,  703,  154,  883,  207,  734,  793,  750,  234,  422],
        [  337,    0,  698,  551,  809,  907,  179,   96,  312,  424,  765,  625,  771,  551,  455,  736,  910,  429,  343,  305,  354,  282,  643,  419,   40,  362,    0,  776,  252,  300,  558,  476,  191,  417,  363,  261,  904,  426,  278,  909,  479,  464,  581,  719,  741,  485,  348,  820,  770,  414,  600,  678,  724,  405,  294,  320,  611,  466,  839,  586,  310,  220,  234,  165,  196,  874,  520,  626,  609,  127,  143,  829,  159,  619,  568,  359,  552,  379,   90,  291,  546,  474,  135,  542,  100,  468,  208,  916,  306,  407,  773,  853,  489,  116],
        [  856,    0,  319,  292,  563,  336,  927,  844,  580,  453,  252,  470,  174,  247,  351,  409,  136,  368,  785,  624,  961,  577,  706,  494,  815,  835,  776,    0,  999,  733,  545,  406,  755,  524,  598,  872,  827,  580,  765,  138,  378,  469,  473,  740,  321,  292,  870,  501,  291,  584,  683,  129,  810,  685,  551,  874,  670,  337,  473,  285,  697,  557,  602,  690,  859,  320,  281,  346,  204,  814,  703,  811,  928,  441,  840,  519,  537,  463,  698,  821,  618,  522,  649,  589,  687,  431,  788,  236,  633,  667,   91,  362,  676,  886],
        [  289,    0,  865,  797,  914, 1078,   76,  251,  562,  675, 1012,  753,  966,  789,  699,  880, 1129,  635,  348,  550,  218,  442,  688,  569,  224,  330,  252,  999,    0,  521,  805,  727,  264,  553,  477,  199,  939,  671,  309, 1135,  660,  715,  832,  759,  906,  713,  288,  943,  942,  659,  654,  889,  737,  636,  464,  255,  670,  708,  971,  833,  381,  456,  405,  314,  162, 1046,  761,  877,  848,  186,  298,  857,  105,  870,  549,  516,  800,  558,  341,  273,  786,  724,  384,  785,  318,  719,  242, 1109,  419,  641,  983, 1014,  546,  203],
        [  629,    0,  782,  447,  962,  963,  458,  270,  155,  283,  625,  771,  794,  486,  384,  849,  866,  490,  620,  110,  654,  470,  864,  576,  310,  648,  300,  733,  521,    0,  316,  337,  472,  589,  570,  560, 1117,  190,  555,  845,  576,  286,  369,  939,  822,  472,  641,  951,  837,  180,  820,  677,  961,  118,  464,  616,  826,  399,  958,  468,  562,  301,  428,  414,  496,  933,  453,  463,  531,  426,  399, 1050,  417,  415,  834,  522,  315,  506,  244,  580,  277,  259,  246,  284,  326,  315,  498,  930,  530,  127,  764,  931,  720,  321],
        [  834,    0,  719,  271,  951,  848,  735,  563,  248,  191,  358,  777,  665,  340,  288,  807,  661,  481,  799,  256,  892,  587,  943,  633,  582,  840,  558,  545,  805,  316,    0,  187,  677,  659,  679,  790, 1164,  135,  742,  624,  573,  134,   76, 1009,  750,  393,  849,  917,  747,  147,  903,  544, 1053,  209,  568,  832,  901,  297,  909,  264,  718,  424,  567,  602,  737,  823,  319,  205,  353,  668,  597, 1114,  703,  120,  975,  600,   10,  556,  474,  785,   75,   90,  444,   48,  532,  167,  710,  776,  664,  195,  607,  842,  826,  616],
        [  699,    0,  536,  114,  765,  679,  652,  513,  194,   57,  299,  590,  498,  169,  102,  623,  535,  297,  653,  233,  773,  429,  763,  455,  509,  698,  476,  406,  727,  337,  187,    0,  550,  483,  512,  671,  979,  176,  603,  511,  387,   67,  150,  827,  569,  207,  714,  732,  570,  179,  724,  376,  874,  280,  407,  703,  721,  111,  726,  132,  566,  290,  418,  473,  629,  652,  142,  150,  202,  564,  474,  930,  633,  165,  810,  429,  177,  379,  387,  652,  243,  126,  344,  216,  421,   27,  585,  622,  506,  263,  452,  666,  654,  563],
        [  161,    0,  601,  593,  662,  814,  206,  278,  436,  509,  806,  493,  707,  569,  495,  618,  880,  388,  152,  445,  224,  182,  465,  305,  209,  177,  191,  755,  264,  472,  677,  550,    0,  290,  216,  123,  726,  556,   87,  892,  400,  560,  682,  540,  642,  482,  174,  685,  679,  545,  424,  639,  538,  563,  207,  156,  438,  501,  711,  631,  132,  261,  155,   78,  107,  782,  545,  693,  627,   97,   80,  648,  237,  711,  377,  254,  670,  300,  229,  111,  682,  588,  240,  672,  151,  551,   36,  849,  156,  560,  730,  750,  312,  273],
        [  342,    0,  315,  466,  393,  526,  494,  512,  477,  469,  649,  210,  438,  413,  389,  329,  633,  199,  266,  511,  454,  136,  287,   32,  451,  316,  417,  524,  553,  589,  659,  483,  290,    0,   81,  382,  529,  577,  262,  657,  148,  525,  632,  358,  355,  316,  355,  404,  393,  571,  245,  397,  395,  634,  130,  366,  246,  387,  426,  503,  187,  289,  185,  260,  393,  495,  404,  587,  460,  379,  282,  467,  519,  642,  340,   68,  649,  104,  389,  317,  695,  576,  359,  674,  321,  496,  313,  572,  135,  623,  477,  461,  176,  528],
        [  262,    0,  394,  512,  450,  606,  421,  458,  475,  490,  706,  278,  518,  466,  426,  403,  710,  253,  188,  503,  374,  102,  295,  106,  394,  238,  363,  598,  477,  570,  679,  512,  216,   81,    0,  301,  552,  585,  182,  732,  221,  547,  660,  371,  434,  369,  276,  470,  473,  576,  251,  472,  393,  629,  113,  286,  258,  426,  496,  550,  106,  277,  144,  200,  317,  574,  452,  630,  517,  309,  222,  482,  450,  675,  299,   89,  670,  148,  350,  236,  707,  593,  328,  689,  273,  523,  236,  653,   61,  620,  555,  538,  153,  469],
        [   95,    0,  695,  716,  721,  906,  173,  325,  545,  628,  929,  569,  814,  692,  617,  699,  994,  506,  150,  549,  102,  296,  490,  403,  262,  134,  261,  872,  199,  560,  790,  671,  123,  382,  301,    0,  741,  665,  121, 1009,  508,  678,  800,  561,  735,  603,   99,  754,  774,  653,  456,  753,  541,  661,  322,   66,  472,  624,  785,  754,  197,  381,  275,  200,   70,  875,  668,  815,  750,  135,  198,  660,  224,  830,  357,  360,  783,  411,  326,   75,  790,  702,  348,  782,  259,  670,   88,  952,  249,  660,  842,  838,  349,  299],
        [  651,    0,  510,  926,  268,  577,  909,  998, 1005,  978, 1046,  392,  659,  858,  878,  418,  862,  683,  595, 1039,  744,  650,  262,  547,  930,  610,  904,  827,  939, 1117, 1164,  979,  726,  529,  552,  741,    0, 1099,  648,  914,  592, 1032, 1123,  186,  507,  778,  653,  338,  542, 1093,  304,  721,  206, 1162,  653,  685,  295,  870,  377,  955,  596,  817,  695,  741,  794,  566,  864, 1046,  882,  820,  762,   83,  953, 1121,  399,  597, 1154,  623,  901,  669, 1209, 1088,  879, 1186,  822,  998,  726,  702,  602, 1150,  740,  506,  416,  998],
        [  715,    0,  694,  288,  907,  850,  601,  429,  121,  139,  442,  723,  671,  344,  258,  775,  708,  424,  686,  122,  766,  487,  864,  555,  448,  724,  426,  580,  671,  190,  135,  176,  556,  577,  585,  665, 1099,    0,  626,  681,  517,  112,  179,  934,  729,  363,  729,  882,  735,   13,  822,  549,  970,  106,  472,  710,  823,  271,  881,  300,  610,  315,  460,  483,  609,  822,  314,  279,  377,  539,  476, 1042,  569,  225,  875,  514,  131,  478,  343,  665,  127,   70,  318,  117,  407,  150,  588,  797,  561,   88,  627,  831,  736,  482],
        [   98,    0,  576,  632,  605,  786,  265,  363,  507,  566,  841,  450,  697,  600,  537,  579,  883,  402,   66,  521,  197,  193,  390,  285,  295,   99,  278,  765,  309,  555,  742,  603,   87,  262,  182,  121,  648,  626,    0,  901,  394,  620,  741,  464,  615,  507,  113,  636,  655,  616,  352,  642,  456,  641,  219,  111,  367,  541,  666,  671,   77,  319,  187,  145,  151,  755,  580,  740,  656,  173,  156,  569,  306,  766,  291,  247,  735,  302,  312,   57,  753,  653,  317,  741,  230,  606,   78,  834,  133,  637,  729,  717,  241,  354],
        [  992,    0,  422,  399,  647,  369, 1062,  974,  696,  563,  281,  583,  260,  368,  472,  502,   61,  505,  920,  738, 1097,  714,  821,  628,  948,  970,  909,  138, 1135,  845,  624,  511,  892,  657,  732, 1009,  914,  681,  901,    0,  512,  570,  549,  847,  413,  425, 1006,  579,  374,  686,  801,  261,  920,  786,  688, 1011,  786,  459,  544,  381,  832,  690,  739,  827,  996,  365,  402,  420,  316,  951,  840,  908, 1062,  509,  965,  655,  616,  600,  829,  958,  699,  617,  780,  670,  822,  535,  925,  242,  769,  768,  189,  420,  803, 1017],
        [  481,    0,  221,  345,  392,  428,  594,  567,  439,  389,  510,  207,  308,  283,  287,  275,  490,   94,  408,  480,  590,  219,  387,  117,  517,  459,  479,  378,  660,  576,  573,  387,  400,  148,  221,  508,  592,  517,  394,  512,    0,  442,  532,  445,  263,  192,  495,  376,  292,  512,  352,  251,  498,  593,  197,  502,  345,  280,  383,  378,  322,  292,  258,  349,  507,  396,  281,  467,  323,  476,  367,  545,  608,  534,  479,  149,  563,  104,  426,  450,  621,  499,  383,  596,  379,  406,  430,  449,  261,  579,  336,  376,  312,  595],
        [  714,    0,  600,  177,  825,  746,  642,  488,  160,   57,  340,  647,  565,  236,  162,  685,  597,  349,  674,  190,  780,  457,  809,  499,  493,  717,  464,  469,  715,  286,  134,   67,  560,  525,  547,  678, 1032,  112,  620,  570,  442,    0,  123,  876,  633,  269,  729,  794,  636,  117,  769,  443,  919,  217,  437,  714,  767,  173,  789,  189,  591,  302,  440,  484,  630,  719,  208,  179,  266,  562,  481,  981,  617,  156,  844,  467,  125,  422,  375,  665,  181,   61,  338,  156,  421,   41,  594,  688,  534,  200,  518,  731,  693,  540],
        [  836,    0,  663,  209,  901,  782,  760,  598,  272,  175,  284,  732,  599,  281,  247,  754,  587,  444,  794,  291,  902,  574,  912,  604,  609,  838,  581,  473,  832,  369,   76,  150,  682,  632,  660,  800, 1123,  179,  741,  549,  532,  123,    0,  975,  691,  346,  851,  863,  686,  190,  872,  479, 1022,  271,  553,  836,  869,  253,  852,  197,  709,  423,  560,  605,  751,  758,  264,  130,  286,  683,  603, 1076,  733,   48,  958,  577,   69,  528,  494,  787,  151,  113,  458,  123,  543,  138,  716,  705,  652,  255,  538,  779,  803,  651],
        [  472,    0,  426,  789,  250,  558,  726,  813,  834,  820,  934,  272,  588,  724,  728,  352,  802,  531,  413,  867,  572,  470,   77,  380,  745,  431,  719,  740,  759,  939, 1009,  827,  540,  358,  371,  561,  186,  934,  464,  847,  445,  876,  975,    0,  438,  637,  476,  319,  481,  927,  120,  620,   77,  990,  476,  507,  114,  723,  362,  821,  411,  642,  514,  556,  611,  538,  726,  911,  757,  635,  577,  112,  769,  978,  238,  424, 1000,  457,  719,  488, 1050,  929,  699, 1028,  639,  844,  541,  666,  418,  980,  661,  478,  230,  813],
        [  686,    0,   43,  483,  243,  172,  844,  830,  675,  591,  553,  193,  154,  411,  473,   90,  365,  335,  609,  719,  801,  470,  421,  338,  778,  655,  741,  321,  906,  822,  750,  569,  642,  355,  434,  735,  507,  729,  615,  413,  263,  633,  691,  438,    0,  367,  698,  184,   46,  728,  409,  228,  512,  819,  452,  714,  392,  461,  164,  500,  538,  552,  514,  602,  747,  141,  431,  588,  415,  727,  621,  496,  863,  676,  587,  392,  740,  363,  688,  667,  811,  694,  645,  784,  641,  593,  667,  239,  489,  804,  234,  114,  443,  856],
        [  603,    0,  332,  154,  558,  494,  639,  553,  319,  225,  338,  387,  322,   98,  108,  417,  427,  118,  541,  364,  698,  315,  578,  285,  523,  591,  485,  292,  713,  472,  393,  207,  482,  316,  369,  603,  778,  363,  507,  425,  192,  269,  346,  637,  367,    0,  619,  526,  373,  362,  542,  208,  690,  455,  288,  616,  536,   97,  521,  188,  450,  265,  328,  410,  580,  464,   90,  276,  150,  530,  421,  735,  637,  344,  655,  281,  383,  222,  406,  562,  449,  329,  357,  423,  397,  230,  516,  461,  385,  439,  300,  469,  491,  594],
        [   16,    0,  661,  745,  655,  867,  272,  419,  609,  676,  953,  521,  793,  712,  649,  653,  985,  511,   90,  619,  105,  304,  409,  382,  353,   48,  348,  870,  288,  641,  849,  714,  174,  355,  276,   99,  653,  729,  113, 1006,  495,  729,  851,  476,  698,  619,    0,  696,  740,  718,  379,  746,  450,  735,  331,   34,  397,  653,  730,  784,  174,  428,  299,  247,  167,  837,  692,  852,  768,  224,  254,  571,  323,  877,  261,  352,  841,  409,  400,   64,  856,  760,  414,  845,  324,  717,  145,  925,  238,  733,  830,  795,  281,  397],
        [  687,    0,  202,  655,   74,  245,  890,  914,  813,  747,  736,  195,  329,  584,  633,  110,  525,  465,  611,  855,  800,  538,  333,  401,  855,  649,  820,  501,  943,  951,  917,  732,  685,  404,  470,  754,  338,  882,  636,  579,  376,  794,  863,  319,  184,  526,  696,    0,  211,  879,  340,  410,  395,  965,  527,  718,  320,  622,   44,  676,  562,  661,  586,  664,  782,  231,  599,  766,  593,  778,  685,  345,  920,  851,  522,  462,  907,  455,  784,  681,  975,  854,  747,  948,  722,  755,  702,  366,  530,  951,  412,  170,  416,  932],
        [  728,    0,   80,  478,  276,  137,  879,  857,  687,  596,  531,  238,  119,  408,  478,  130,  324,  355,  650,  732,  843,  504,  466,  374,  808,  697,  770,  291,  942,  837,  747,  570,  679,  393,  473,  774,  542,  735,  655,  374,  292,  636,  686,  481,   46,  373,  740,  211,    0,  734,  454,  212,  556,  828,  484,  755,  437,  465,  183,  492,  578,  575,  547,  636,  784,  105,  430,  578,  405,  762,  655,  536,  897,  668,  633,  427,  738,  393,  714,  708,  811,  696,  670,  783,  670,  595,  704,  194,  527,  812,  202,   97,  487,  886],
        [  704,    0,  692,  292,  903,  850,  589,  417,  110,  139,  450,  718,  672,  346,  258,  772,  713,  419,  676,  110,  754,  479,  857,  549,  436,  714,  414,  584,  659,  180,  147,  179,  545,  571,  576,  653, 1093,   13,  616,  686,  512,  117,  190,  927,  728,  362,  718,  879,  734,    0,  814,  550,  963,  101,  464,  699,  816,  271,  878,  306,  600,  305,  450,  473,  598,  822,  316,  287,  381,  527,  465, 1036,  557,  236,  866,  506,  143,  471,  332,  654,  138,   80,  306,  129,  396,  154,  577,  799,  552,   84,  629,  831,  728,  470],
        [  373,    0,  386,  695,  286,  555,  616,  694,  719,  713,  856,  220,  547,  634,  627,  334,  761,  430,  306,  750,  480,  351,   44,  270,  627,  332,  600,  683,  654,  820,  903,  724,  424,  245,  251,  456,  304,  822,  352,  801,  352,  769,  872,  120,  409,  542,  379,  340,  454,  814,    0,  557,  151,  874,  358,  407,   20,  623,  380,  729,  294,  524,  394,  437,  501,  530,  631,  817,  672,  520,  458,  232,  656,  879,  184,  309,  893,  348,  599,  381,  939,  820,  579,  918,  519,  739,  428,  647,  299,  865,  612,  476,  113,  696],
        [  731,    0,  213,  274,  465,  305,  818,  753,  523,  412,  328,  349,  123,  208,  296,  308,  242,  254,  659,  568,  838,  458,  582,  367,  717,  710,  678,  129,  889,  677,  544,  376,  639,  397,  472,  753,  721,  549,  642,  261,  251,  443,  479,  620,  228,  208,  746,  410,  212,  550,  557,    0,  688,  649,  432,  751,  545,  282,  390,  284,  572,  462,  487,  577,  744,  279,  235,  367,  195,  703,  592,  698,  824,  459,  712,  396,  535,  342,  605,  699,  612,  501,  557,  583,  584,  402,  671,  254,  509,  632,   96,  302,  547,  791],
        [  449,    0,  499,  843,  325,  634,  711,  815,  865,  863,  997,  340,  661,  780,  777,  427,  875,  580,  398,  895,  539,  494,  112,  420,  746,  408,  724,  810,  737,  961, 1053,  874,  538,  395,  393,  541,  206,  970,  456,  920,  498,  919, 1022,   77,  512,  690,  450,  395,  556,  963,  151,  688,    0, 1020,  503,  482,  154,  772,  438,  876,  414,  669,  534,  564,  597,  614,  779,  965,  816,  629,  584,  123,  757, 1029,  194,  457, 1043,  498,  732,  471, 1089,  970,  717, 1068,  650,  889,  534,  742,  433, 1011,  733,  555,  242,  810],
        [  722,    0,  782,  393,  984,  947,  571,  386,  158,  238,  544,  797,  770,  446,  354,  859,  814,  501,  704,  126,  758,  528,  917,  615,  420,  737,  405,  685,  636,  118,  209,  280,  563,  634,  629,  661, 1162,  106,  641,  786,  593,  217,  271,  990,  819,  455,  735,  965,  828,  101,  874,  649, 1020,    0,  517,  712,  878,  368,  966,  406,  637,  352,  493,  497,  599,  918,  415,  381,  481,  528,  486, 1100,  532,  318,  908,  567,  209,  540,  336,  673,  161,  172,  325,  171,  412,  255,  591,  899,  596,   18,  729,  924,  780,  437],
        [  316,    0,  409,  420,  521,  621,  397,  387,  363,  381,  624,  334,  503,  382,  328,  443,  674,  184,  255,  393,  413,   27,  402,  127,  331,  304,  294,  551,  464,  464,  568,  407,  207,  130,  113,  322,  653,  472,  219,  688,  197,  437,  553,  476,  452,  288,  331,  527,  484,  464,  358,  432,  503,  517,    0,  329,  363,  330,  546,  459,  165,  166,   63,  152,  312,  589,  364,  533,  438,  280,  171,  587,  413,  571,  407,   66,  560,   94,  260,  275,  595,  482,  230,  577,  195,  415,  239,  646,  101,  508,  524,  563,  265,  408],
        [   35,    0,  676,  738,  680,  884,  238,  388,  590,  663,  948,  540,  803,  708,  641,  671,  992,  512,  108,  598,   89,  303,  438,  391,  324,   76,  320,  874,  255,  616,  832,  703,  156,  366,  286,   66,  685,  710,  111, 1011,  502,  714,  836,  507,  714,  616,   34,  718,  755,  699,  407,  751,  482,  712,  329,    0,  424,  646,  751,  777,  181,  414,  292,  231,  134,  853,  687,  843,  765,  195,  235,  603,  289,  864,  295,  356,  825,  412,  377,   54,  836,  743,  393,  826,  304,  704,  123,  938,  242,  711,  838,  813,  306,  364],
        [  391,    0,  370,  689,  267,  536,  631,  706,  722,  712,  846,  204,  531,  627,  624,  316,  746,  427,  323,  754,  499,  357,   43,  269,  639,  350,  611,  670,  670,  826,  901,  721,  438,  246,  258,  472,  295,  823,  367,  786,  345,  767,  869,  114,  392,  536,  397,  320,  437,  816,   20,  545,  154,  878,  363,  424,    0,  619,  360,  723,  307,  529,  402,  447,  516,  512,  626,  812,  665,  533,  469,  225,  671,  875,  204,  311,  892,  347,  607,  398,  940,  820,  586,  918,  528,  737,  443,  630,  308,  868,  598,  457,  127,  709],
        [  638,    0,  427,   92,  654,  580,  633,  521,  245,  132,  307,  481,  403,   91,   15,  513,  472,  193,  584,  290,  723,  355,  661,  357,  502,  632,  466,  337,  708,  399,  297,  111,  501,  387,  426,  624,  870,  271,  541,  459,  280,  173,  253,  723,  461,   97,  653,  622,  465,  271,  623,  282,  772,  368,  330,  646,  619,    0,  616,  132,  494,  254,  355,  425,  591,  551,   58,  204,  146,  532,  430,  824,  623,  257,  722,  339,  287,  285,  380,  593,  353,  233,  332,  326,  391,  134,  536,  534,  430,  351,  366,  561,  561,  567],
        [  720,    0,  190,  644,  117,  202,  917,  932,  816,  744,  713,  219,  300,  572,  628,  109,  489,  469,  644,  859,  835,  558,  375,  420,  875,  683,  839,  473,  971,  958,  909,  726,  711,  426,  496,  785,  377,  881,  666,  544,  383,  789,  852,  362,  164,  521,  730,   44,  183,  878,  380,  390,  438,  966,  546,  751,  360,  616,    0,  663,  591,  673,  606,  686,  810,  190,  590,  751,  578,  803,  708,  387,  944,  839,  563,  481,  899,  469,  799,  712,  969,  849,  761,  941,  740,  750,  730,  326,  556,  952,  383,  129,  452,  952],
        [  769,    0,  475,   40,  720,  586,  758,  633,  325,  187,  179,  563,  403,   98,  138,  568,  409,  304,  713,  364,  854,  484,  765,  472,  621,  762,  586,  285,  833,  468,  264,  132,  631,  503,  550,  754,  955,  300,  671,  381,  378,  189,  197,  821,  500,  188,  784,  676,  492,  306,  729,  284,  876,  406,  459,  777,  723,  132,  663,    0,  623,  381,  486,  555,  720,  562,   99,   92,   90,  661,  560,  916,  745,  176,  841,  462,  256,  405,  498,  724,  336,  239,  452,  307,  518,  155,  667,  512,  559,  388,  344,  585,  678,  681],
        [  160,    0,  499,  584,  534,  710,  331,  403,  493,  535,  787,  374,  623,  545,  491,  503,  812,  340,   92,  513,  269,  140,  335,  211,  335,  142,  310,  697,  381,  562,  718,  566,  132,  187,  106,  197,  596,  610,   77,  832,  322,  591,  709,  411,  538,  450,  174,  562,  578,  600,  294,  572,  414,  637,  165,  181,  307,  494,  591,  623,    0,  296,  152,  152,  221,  678,  528,  696,  600,  228,  171,  520,  367,  731,  272,  178,  710,  236,  324,  131,  736,  630,  317,  721,  240,  572,  141,  758,   66,  631,  658,  641,  182,  403],
        [  413,    0,  510,  343,  666,  710,  381,  292,  200,  249,  559,  475,  561,  335,  245,  565,  691,  222,  375,  227,  483,  177,  568,  276,  258,  417,  220,  557,  456,  301,  424,  290,  261,  289,  277,  381,  817,  315,  319,  690,  292,  302,  423,  642,  552,  265,  428,  661,  575,  305,  524,  462,  669,  352,  166,  414,  529,  254,  673,  381,  296,    0,  146,  184,  341,  678,  305,  435,  394,  280,  184,  752,  374,  451,  562,  221,  416,  208,  144,  364,  441,  335,   97,  426,  138,  291,  296,  706,  248,  344,  557,  665,  429,  330],
        [  284,    0,  472,  447,  577,  683,  336,  328,  345,  385,  657,  392,  563,  418,  351,  504,  728,  235,  235,  368,  371,   50,  438,  186,  269,  281,  234,  602,  405,  428,  567,  418,  155,  185,  144,  275,  695,  460,  187,  739,  258,  440,  560,  514,  514,  328,  299,  586,  547,  450,  394,  487,  534,  493,   63,  292,  402,  355,  606,  486,  152,  146,    0,   92,  257,  651,  396,  554,  475,  219,  109,  626,  351,  582,  417,  126,  558,  155,  208,  239,  585,  478,  185,  570,  137,  423,  189,  706,  104,  486,  580,  625,  292,  347],
        [  233,    0,  560,  517,  648,  772,  245,  260,  364,  432,  731,  469,  654,  495,  418,  587,  818,  324,  207,  377,  301,  133,  479,  268,  195,  242,  165,  690,  314,  414,  602,  473,   78,  260,  200,  200,  741,  483,  145,  827,  349,  484,  605,  556,  602,  410,  247,  664,  636,  473,  437,  577,  564,  497,  152,  231,  447,  425,  686,  555,  152,  184,   92,    0,  170,  740,  471,  616,  554,  128,   23,  666,  262,  634,  421,  210,  595,  246,  173,  183,  610,  513,  173,  599,   90,  474,  113,  797,  142,  493,  670,  712,  327,  270],
        [  160,    0,  706,  682,  754,  919,  116,  255,  491,  582,  897,  592,  814,  664,  583,  719,  985,  492,  199,  491,  159,  288,  538,  410,  193,  196,  196,  859,  162,  496,  737,  629,  107,  393,  317,   70,  794,  609,  151,  996,  507,  630,  751,  611,  747,  580,  167,  782,  784,  598,  501,  744,  597,  599,  312,  134,  516,  591,  810,  720,  221,  341,  257,  170,    0,  887,  638,  775,  723,   71,  161,  713,  161,  784,  418,  360,  731,  406,  267,  127,  733,  651,  295,  726,  209,  626,   81,  955,  259,  599,  835,  854,  391,  230],
        [  826,    0,  181,  552,  304,   33,  983,  961,  782,  683,  571,  324,  159,  485,  565,  197,  307,  457,  748,  827,  941,  608,  535,  477,  913,  793,  874,  320, 1046,  933,  823,  652,  782,  495,  574,  875,  566,  822,  755,  365,  396,  719,  758,  538,  141,  464,  837,  231,  105,  822,  530,  279,  614,  918,  589,  853,  512,  551,  190,  562,  678,  678,  651,  740,  887,    0,  511,  641,  472,  865,  759,  575, 1001,  735,  712,  531,  813,  498,  817,  807,  890,  778,  773,  861,  775,  678,  807,  136,  629,  902,  233,   62,  576,  990],
