{
    "name": "random-80-19236",
    "comment": "size=80 seed=19236",
    "nodes": ["+0", "-0", "+1", "-1", "+2", "-2", "+3", "-3", "+4", "-4", "+5", "-5", "+6", "-6", "+7", "-7", "+8", "-8", "+9", "-9", "+10", "-10", "+11", "-11", "+12", "-12", "+13", "-13", "+14", "-14", "+15", "-15", "+16", "-16", "+17", "-17", "+18", "-18", "+19", "-19", "+20", "-20", "+21", "-21", "+22", "-22", "+23", "-23", "+24", "-24", "+25", "-25", "+26", "-26", "+27", "-27", "+28", "-28", "+29", "-29", "+30", "-30", "+31", "-31", "+32", "-32", "+33", "-33", "+34", "-34", "+35", "-35", "+36", "-36", "+37", "-37", "+38", "-38", "+39", "-39", "+40", "-40", "+41", "-41", "+42", "-42", "+43", "-43", "+44", "-44", "+45", "-45", "+46", "-46", "+47", "-47", "+48", "-48", "+49", "-49", "+50", "-50", "+51", "-51", "+52", "-52", "+53", "-53", "+54", "-54", "+55", "-55", "+56", "-56", "+57", "-57", "+58", "-58", "+59", "-59", "+60", "-60", "+61", "-61", "+62", "-62", "+63", "-63", "+64", "-64", "+65", "-65", "+66", "-66", "+67", "-67", "+68", "-68", "+69", "-69", "+70", "-70", "+71", "-71", "+72", "-72", "+73", "-73", "+74", "-74", "+75", "-75", "+76", "-76", "+77", "-77", "+78", "-78", "+79", "-79", "+80", "-80"],
    "precedence": {
        "+0": "-0",
        "+1": "-1",
        "+2": "-2",
        "+3": "-3",
        "+4": "-4",
        "+5": "-5",
        "+6": "-6",
        "+7": "-7",
        "+8": "-8",
        "+9": "-9",
        "+10": "-10",
        "+11": "-11",
        "+12": "-12",
        "+13": "-13",
        "+14": "-14",
        "+15": "-15",
        "+16": "-16",
        "+17": "-17",
        "+18": "-18",
        "+19": "-19",
        "+20": "-20",
        "+21": "-21",
        "+22": "-22",
        "+23": "-23",
        "+24": "-24",
        "+25": "-25",
        "+26": "-26",
        "+27": "-27",
        "+28": "-28",
        "+29": "-29",
        "+30": "-30",
        "+31": "-31",
        "+32": "-32",
        "+33": "-33",
        "+34": "-34",
        "+35": "-35",
        "+36": "-36",
        "+37": "-37",
        "+38": "-38",
        "+39": "-39",
        "+40": "-40",
        "+41": "-41",
        "+42": "-42",
        "+43": "-43",
        "+44": "-44",
        "+45": "-45",
        "+46": "-46",
        "+47": "-47",
        "+48": "-48",
        "+49": "-49",
        "+50": "-50",
        "+51": "-51",
        "+52": "-52",
        "+53": "-53",
        "+54": "-54",
        "+55": "-55",
        "+56": "-56",
        "+57": "-57",
        "+58": "-58",
        "+59": "-59",
        "+60": "-60",
        "+61": "-61",
        "+62": "-62",
        "+63": "-63",
        "+64": "-64",
        "+65": "-65",
        "+66": "-66",
        "+67": "-67",
        "+68": "-68",
        "+69": "-69",
        "+70": "-70",
        "+71": "-71",
        "+72": "-72",
        "+73": "-73",
        "+74": "-74",
        "+75": "-75",
        "+76": "-76",
        "+77": "-77",
        "+78": "-78",
        "+79": "-79",
        "+80": "-80"
    },
    "edges": [
        [    0,    0,  464,  178,  331,  478,  198,  563,  569,  834,  912,  162,  672,  426,  557,  751,  641,  167,  595,  713,  603,  421,  575,  307,  552,  418,  417,  436,  394,  558,  951,  306,  381,  595,  151,  382,  929,  247,  507,  493,  776,  907,  358,  908,  413,  131,  564,  382,  509,  607,  167,  661,  853,  126,  235,  437,  311,  116,  274,  301,  401,  173,  551,  313,  700,  257,  559,  458,  364,  675,  434,  714,  889,  437,  426,  836,  498,  694,  464,  331,  637,  411,  259,  790,  353,  529,  337,  109,  464,  806,  658,  682,  651,  144,  431,  478,  666,  440,  376,  496,  514,  762,  245,  407,  470,  837,  237,  723,  629,  895,  464,  310,  361,  830,  837,  347,  672,  820,  228,  137,  942,  324,  476,  720,  756,  746,  873,  286,  420,  526,  784,  626,  623,  746,  243,  479,  614,  720,  397,  744,   76,  695,  960,  423,  212,  590,  136,  492,  374,  819,  654,  551,  110,   67,  646,  126,  534,  816,  248,  142,  199,  861],
        [    0,    0,    0,    0,    0,    0,    0,    0,    0,    0,    0,    0,    0,    0,    0,    0,    0,    0,    0,    0,    0,    0,    0,    0,    0,    0,    0,    0,    0,    0,    0,    0,    0,    0,    0,    0,    0,    0,    0,    0,    0,    0,    0,    0,    0,    0,    0,    0,    0,    0,    0,    0,    0,    0,    0,    0,    0,    0,    0,    0,    0,    0,    0,    0,    0,    0,    0,    0,    0,    0,    0,    0,    0,    0,    0,    0,    0,    0,    0,    0,    0,    0,    0,    0,    0,    0,    0,    0,    0,    0,    0,    0,    0,    0,    0,    0,    0,    0,    0,    0,    0,    0,    0,    0,    0,    0,    0,    0,    0,    0,    0,    0,    0,    0,    0,    0,    0,    0,    0,    0,    0,    0,    0,    0,    0,    0,    0,    0,    0,    0,    0,    0,    0,    0,    0,    0,    0,    0,    0,    0,    0,    0,    0,    0,    0,    0,    0,    0,    0,    0,    0,    0,    0,    0,    0,    0,    0,    0,    0,    0,    0,    0],
        [  464,    0,    0,  473,  258,  902,  441,  831,  541,  870,  666,  438,  740,  798,  436,  986,  840,  332,  768,  943,  750,  780,  430,  751,  420,  858,  404,  896,  637,  747, 1119,  184,  621,  686,  334,  165, 1130,  228,  280,   99, 1021,  666,  476, 1101,  847,  595,  708,  277,  841,  912,  468,  694,  981,  349,  308,  785,  258,  577,  260,  483,   92,  390,  502,  188,  707,  226,  871,  650,  426,  680,  173,  753,  597,  268,  743,  682,  179,  954,  525,  406,  840,  134,  533, 1013,  809,  932,  534,  371,  829,  853,  368,  921,  414,  450,  367,  921,  513,  754,  838,  179,  874,  929,  673,  815,  310,  722,  472,  867,  716, 1033,  318,  743,  233,  988,  544,  371,  762,  994,  330,  332, 1114,  306,  744,  923, 1004,  462, 1054,  681,   77,  938,  706,  899,  934,  817,  238,   18,  534,  985,  784,  601,  389,  983, 1115,  779,  292,  230,  599,  585,  114, 1036,  915,  685,  390,  527,  898,  368,  714,  727,  335,  544,  339,  714],
        [  178,    0,  473,    0,  436,  433,   41,  411,  406,  656,  778,   37,  495,  328,  418,  594,  473,  286,  422,  553,  427,  312,  440,  301,  416,  399,  273,  465,  226,  386,  783,  290,  211,  418,  157,  452,  767,  312,  411,  464,  622,  772,  188,  744,  385,  235,  388,  491,  385,  471,   12,  486,  678,  237,  354,  321,  239,  201,  220,  127,  388,  326,  394,  382,  527,  328,  425,  284,  209,  502,  377,  538,  770,  539,  290,  682,  440,  543,  293,  182,  470,  374,   88,  631,  375,  460,  160,  145,  361,  629,  558,  525,  533,   39,  300,  463,  522,  303,  421,  437,  408,  591,  218,  344,  580,  676,   62,  548,  451,  723,  352,  285,  289,  658,  721,  212,  494,  651,  357,  233,  774,  222,  320,  555,  603,  634,  706,  211,  407,  466,  618,  478,  491,  568,  239,  490,  457,  571,  312,  593,  192,  554,  790,  312,  317,  526,  255,  316,  418,  659,  503,  374,  117,  176,  491,  130,  360,  651,  152,  315,  330,  705],
        [  331,    0,  258,  436,    0,  809,  423,  844,  682, 1002,  898,  400,  852,  746,  608, 1023,  892,  165,  829,  982,  823,  736,  611,  638,  595,  747,  518,  753,  653,  799, 1195,  253,  637,  783,  282,   96, 1189,  135,  478,  342, 1053,  897,  536, 1164,  743,  448,  780,   56,  816,  906,  426,  819, 1074,  211,   99,  748,  342,  443,  313,  510,  267,  183,  648,   91,  844,  117,  860,  694,  505,  817,  362,  878,  839,  107,  724,  884,  403,  976,  621,  473,  889,  315,  519, 1058,  676,  858,  562,  292,  782,  979,  601,  954,  632,  400,  500,  806,  706,  738,  688,  402,  832, 1001,  575,  736,  145,  911,  467,  948,  817, 1123,  483,  641,  358, 1066,  785,  456,  864, 1064,  113,  208, 1188,  393,  753,  976, 1034,  698, 1122,  609,  275,  856,  880,  912,  925,  931,  244,  262,  697, 1005,  720,  795,  265,  990, 1198,  737,  123,  476,  442,  673,  147, 1084,  936,  761,  320,  396,  923,  306,  768,  906,  366,  348,  138,  915],
        [  478,    0,  902,  433,  809,    0,  470,  354,  704,  788, 1113,  466,  658,  157,  776,  495,  485,  645,  501,  478,  535,  188,  803,  177,  781,   82,  647,  188,  382,  468,  723,  720,  389,  598,  571,  853,  666,  713,  822,  897,  498, 1105,  528,  659,   73,  376,  526,  859,  230,  310,  436,  689,  698,  600,  712,  202,  670,  370,  652,  477,  820,  643,  715,  783,  738,  726,  277,  446,  579,  724,  807,  712, 1133,  915,  264,  974,  867,  424,  589,  572,  477,  807,  397,  537,  183,   79,  451,  540,  162,  760,  956,  449,  913,  452,  687,   82,  860,  266,  225,  865,  175,  591,  236,   94,  947,  942,  452,  596,  616,  716,  754,  169,  717,  645, 1092,  612,  633,  619,  704,  608,  710,  644,  340,  519,  480, 1015,  649,  223,  839,   58,  870,  370,  306,  695,  665,  918,  770,  433,  143,  902,  547,  385,  744,  192,  689,  950,  390,  563,  834,  564,  402,  533,  517,  414,  413,  538,  472,  901,  583,  514,  676,  987],
        [  198,    0,  441,   41,  423,  470,    0,  422,  375,  639,  740,   37,  478,  358,  380,  601,  474,  283,  417,  559,  419,  340,  402,  342,  378,  438,  235,  505,  230,  384,  782,  258,  214,  401,  142,  431,  770,  295,  370,  428,  631,  734,  161,  746,  424,  270,  378,  479,  407,  489,   45,  464,  672,  235,  348,  347,  201,  236,  184,  105,  355,  329,  361,  363,  503,  312,  444,  279,  173,  477,  339,  518,  731,  525,  310,  648,  400,  553,  267,  145,  471,  338,   98,  636,  416,  493,  149,  141,  389,  612,  517,  532,  493,   56,  260,  502,  486,  323,  461,  398,  435,  589,  258,  379,  567,  645,   46,  542,  435,  717,  312,  325,  250,  655,  682,  173,  480,  650,  353,  228,  774,  181,  331,  557,  612,  594,  706,  247,  373,  501,  589,  490,  509,  553,  212,  458,  424,  582,  344,  558,  196,  569,  787,  339,  309,  487,  289,  296,  393,  663,  513,  362,  115,  207,  500,  122,  355,  621,  114,  339,  328,  672],
        [  563,    0,  831,  411,  844,  354,  422,    0,  437,  437,  828,  445,  324,  218,  544,  189,  131,  696,  160,  154,  199,  195,  571,  410,  555,  404,  460,  525,  196,  140,  406,  658,  213,  282,  563,  850,  371,  716,  649,  788,  214,  818,  359,  353,  382,  538,  208,  900,  124,   97,  421,  367,  350,  646,  765,  174,  574,  510,  577,  350,  740,  730,  463,  784,  413,  733,   88,  192,  413,  407,  685,  376,  870,  946,  145,  669,  729,  133,  353,  428,  123,  706,  326,  230,  476,  302,  298,  556,  197,  410,  746,  122,  685,  449,  506,  434,  597,  132,  535,  728,  183,  243,  383,  299,  989,  625,  379,  242,  288,  376,  578,  378,  603,  304,  839,  466,  293,  283,  767,  644,  394,  526,   92,  178,  194,  778,  326,  315,  755,  330,  552,   69,  121,  347,  625,  848,  501,  161,  254,  614,  598,  152,  420,  190,  728,  791,  560,  301,  806,  259,   93,  225,  528,  524,   84,  540,  161,  580,  503,  671,  739,  676],
        [  569,    0,  541,  406,  682,  704,  375,  437,    0,  330,  410,  410,  208,  549,  126,  521,  375,  601,  301,  482,  267,  519,  149,  649,  141,  712,  167,  813,  322,  303,  597,  431,  317,  178,  457,  638,  624,  553,  277,  462,  558,  401,  219,  593,  691,  640,  237,  731,  519,  533,  414,  155,  451,  565,  646,  509,  341,  604,  373,  283,  462,  665,   41,  595,  167,  569,  515,  265,  206,  140,  369,  212,  438,  756,  446,  282,  382,  518,  121,  240,  378,  411,  362,  534,  731,  685,  276,  484,  558,  312,  324,  471,  256,  430,  184,  767,  162,  448,  787,  381,  577,  424,  573,  616,  804,  271,  345,  356,  198,  505,  225,  621,  329,  471,  404,  236,  237,  485,  660,  550,  595,  292,  387,  443,  547,  343,  543,  526,  469,  707,  216,  489,  557,  280,  443,  556,   67,  546,  563,  201,  546,  567,  589,  515,  604,  408,  659,  143,  575,  550,  488,  216,  468,  580,  465,  461,  277,  247,  342,  710,  643,  303],
        [  834,    0,  870,  656, 1002,  788,  639,  437,  330,    0,  518,  674,  162,  640,  440,  385,  310,  902,  291,  367,  261,  611,  454,  806,  456,  828,  486,  947,  471,  327,  331,  755,  478,  239,  753,  965,  388,  870,  599,  788,  414,  507,  484,  358,  806,  869,  285, 1053,  560,  510,  667,  184,  190,  860,  955,  593,  662,  834,  690,  534,  791,  960,  369,  918,  164,  887,  523,  394,  501,  191,  698,  124,  599, 1081,  540,  346,  706,  428,  385,  535,  317,  740,  583,  370,  883,  738,  498,  771,  628,   30,  603,  381,  528,  690,  511,  866,  402,  533,  943,  705,  620,  246,  752,  722, 1129,  279,  597,  204,  207,  233,  553,  774,  657,  244,  593,  547,  169,  275,  967,  849,  334,  610,  457,  313,  415,  577,  311,  688,  798,  767,  226,  446,  528,   96,  759,  884,  343,  443,  670,  350,  831,  488,  312,  606,  914,  718,  891,  344,  902,  368,  423,  292,  749,  825,  403,  748,  334,  235,  644,  970,  946,  334],
        [  912,    0,  666,  778,  898, 1113,  740,  828,  410,  518,    0,  770,  523,  958,  361,  863,  737,  884,  674,  832,  635,  928,  340, 1050,  363, 1119,  506, 1216,  732,  689,  848,  667,  726,  547,  771,  820,  904,  800,  427,  568,  898,   12,  607,  873, 1099, 1009,  620,  932,  923,  922,  784,  468,  705,  864,  903,  918,  613,  976,  653,  671,  632,  954,  401,  810,  430,  812,  912,  672,  572,  428,  538,  484,  104,  931,  854,  174,  497,  882,  527,  596,  742,  584,  755,  861, 1132, 1093,  676,  809,  966,  525,  299,  832,  271,  792,  483, 1175,  259,  856, 1185,  498,  983,  734,  971, 1025,  975,  240,  724,  672,  546,  750,  451, 1024,  571,  753,  137,  570,  559,  780,  924,  846,  851,  590,  791,  782,  892,  205,  825,  930,  626, 1115,  300,  869,  945,  548,  712,  671,  344,  906,  972,  215,  866,  938,  829,  924,  868,  438, 1026,  551,  756,  867,  860,  605,  803,  941,  837,  788,  670,  285,  664, 1047,  916,  186],
        [  162,    0,  438,   37,  400,  466,   37,  445,  410,  674,  770,    0,  513,  364,  411,  627,  503,  254,  449,  586,  452,  348,  431,  328,  408,  428,  267,  488,  257,  414,  813,  255,  242,  437,  121,  415,  798,  276,  391,  433,  656,  764,  197,  775,  416,  239,  412,  456,  421,  507,   31,  500,  704,  205,  320,  357,  211,  206,  188,  141,  355,  297,  395,  346,  539,  292,  462,  310,  207,  513,  349,  554,  758,  503,  326,  682,  412,  577,  303,  177,  500,  343,  120,  663,  399,  495,  182,  112,  398,  647,  540,  558,  519,   22,  289,  492,  517,  340,  441,  410,  444,  620,  245,  378,  545,  680,   79,  575,  471,  750,  336,  314,  262,  687,  708,  201,  515,  680,  324,  200,  804,  200,  354,  585,  636,  619,  736,  244,  373,  500,  624,  512,  527,  588,  203,  455,  458,  606,  347,  592,  163,  590,  819,  349,  283,  501,  256,  332,  381,  691,  537,  396,   84,  173,  525,   95,  387,  656,  126,  303,  298,  706],
        [  672,    0,  740,  495,  852,  658,  478,  324,  208,  162,  523,  513,    0,  504,  332,  342,  216,  745,  164,  309,  125,  474,  353,  657,  348,  689,  342,  805,  315,  192,  390,  610,  320,   78,  596,  821,  420,  718,  484,  666,  378,  513,  326,  389,  667,  709,  134,  904,  438,  412,  506,   61,  244,  702,  800,  457,  516,  674,  540,  373,  656,  801,  248,  770,   94,  736,  411,  237,  347,   99,  569,   54,  582,  936,  399,  355,  588,  360,  231,  381,  222,  608,  422,  346,  736,  618,  336,  611,  498,  134,  523,  309,  449,  529,  374,  733,  332,  395,  796,  586,  500,  225,  598,  583,  983,  304,  436,  158,   47,  297,  427,  626,  517,  266,  562,  397,   37,  283,  811,  691,  387,  462,  319,  261,  371,  522,  338,  536,  666,  644,  232,  353,  433,   80,  608,  755,  247,  383,  530,  317,  671,  417,  382,  469,  759,  616,  731,  184,  761,  357,  340,  135,  589,  664,  317,  589,  188,  259,  490,  809,  790,  358],
        [  426,    0,  798,  328,  746,  157,  358,  218,  549,  640,  958,  364,  504,    0,  626,  387,  344,  584,  350,  361,  382,   31,  654,  199,  633,  189,  503,  310,  228,  315,  614,  615,  236,  442,  481,  774,  568,  633,  686,  780,  400,  949,  385,  556,  167,  361,  371,  799,  105,  208,  334,  532,  567,  535,  654,   47,  552,  341,  541,  341,  712,  599,  562,  704,  581,  648,  162,  289,  439,  567,  685,  557,  981,  852,  107,  817,  741,  317,  436,  436,  337,  691,  270,  430,  259,  144,  307,  458,   39,  611,  813,  329,  766,  356,  547,  230,  706,  110,  318,  739,   89,  460,  196,   83,  889,  785,  330,  455,  460,  592,  616,  170,  595,  520,  942,  477,  480,  498,  650,  539,  602,  518,  185,  393,  380,  867,  536,  141,  730,  160,  713,  253,  215,  545,  566,  815,  616,  336,   39,  746,  482,  297,  631,   36,  624,  819,  382,  407,  744,  459,  287,  377,  432,  371,  290,  450,  317,  745,  467,  503,  622,  830],
        [  557,    0,  436,  418,  608,  776,  380,  544,  126,  440,  361,  411,  332,  626,    0,  643,  495,  554,  420,  603,  388,  597,   28,  695,   17,  771,  145,  862,  401,  417,  721,  356,  391,  302,  424,  552,  749,  488,  160,  349,  680,  355,  252,  718,  753,  649,  355,  653,  613,  640,  424,  277,  575,  525,  587,  591,  279,  616,  317,  313,  365,  622,   88,  518,  278,  503,  616,  360,  212,  254,  266,  331,  361,  670,  530,  286,  266,  636,  195,  236,  498,  312,  399,  658,  776,  768,  327,  459,  641,  426,  204,  591,  142,  433,  127,  831,  109,  534,  828,  266,  667,  549,  614,  684,  718,  305,  364,  481,  323,  628,  126,  671,  251,  596,  317,  211,  362,  611,  605,  509,  719,  242,  483,  566,  668,  241,  668,  578,  368,  786,  275,  601,  664,  401,  384,  449,   99,  665,  634,  194,  519,  682,  713,  594,  548,  284,  667,  243,  486,  674,  604,  333,  449,  582,  581,  437,  388,  299,  311,  695,  592,  315],
        [  751,    0,  986,  594, 1023,  495,  601,  189,  521,  385,  863,  627,  342,  387,  643,    0,  150,  880,  226,   43,  256,  371,  668,  585,  657,  559,  593,  679,  371,  241,  230,  821,  387,  344,  742, 1021,  184,  892,  773,  932,   38,  852,  511,  169,  539,  725,  291, 1079,  283,  186,  604,  401,  229,  830,  947,  350,  732,  698,  741,  517,  895,  916,  556,  957,  434,  910,  226,  338,  560,  440,  829,  380,  924, 1123,  332,  692,  865,   72,  474,  582,  149,  856,  507,   44,  643,  425,  465,  738,  357,  364,  845,   70,  776,  632,  637,  576,  667,  319,  699,  863,  324,  140,  567,  462, 1166,  634,  556,  193,  330,  231,  705,  555,  754,  167,  903,  616,  306,  135,  950,  826,  217,  681,  276,   82,   31,  857,  155,  501,  909,  454,  566,  135,  190,  321,  795, 1003,  576,   67,  425,  659,  783,  119,  250,  366,  909,  914,  747,  413,  973,   73,  102,  314,  710,  713,  105,  721,  273,  587,  671,  859,  923,  690],
        [  641,    0,  840,  473,  892,  485,  474,  131,  375,  310,  737,  503,  216,  344,  495,  150,    0,  756,   77,  108,  109,  319,  521,  530,  509,  533,  445,  654,  248,   95,  311,  680,  263,  199,  613,  884,  298,  759,  623,  784,  187,  726,  368,  273,  511,  637,  142,  947,  255,  203,  484,  269,  227,  707,  821,  299,  588,  606,  600,  382,  750,  798,  409,  822,  310,  777,  214,  199,  415,  310,  681,  263,  790,  989,  257,  570,  716,  147,  324,  438,    8,  709,  386,  173,  600,  431,  330,  614,  326,  283,  698,   98,  630,  512,  488,  565,  526,  247,  659,  714,  313,  124,  493,  427, 1034,  519,  428,  112,  192,  260,  556,  498,  608,  191,  765,  471,  181,  179,  827,  702,  301,  536,  179,   85,  173,  715,  233,  425,  763,  459,  447,  140,  222,  223,  658,  857,  433,  173,  379,  527,  664,  202,  319,  314,  782,  764,  660,  264,  833,  197,  125,  165,  587,  613,  102,  595,  127,  473,  532,  762,  801,  573],
        [  167,    0,  332,  286,  165,  645,  283,  696,  601,  902,  884,  254,  745,  584,  554,  880,  756,    0,  699,  839,  699,  576,  564,  474,  544,  584,  435,  596,  511,  666, 1064,  221,  495,  671,  150,  221, 1052,  105,  458,  385,  908,  881,  420, 1028,  579,  288,  657,  216,  659,  752,  276,  721,  952,   50,   71,  589,  276,  281,  238,  381,  292,   71,  573,  157,  753,  107,  704,  561,  403,  726,  358,  779,  843,  271,  569,  839,  416,  828,  518,  369,  753,  321,  373,  916,  515,  694,  430,  143,  621,  877,  603,  810,  614,  248,  431,  643,  660,  583,  532,  414,  671,  871,  411,  572,  306,  854,  328,  823,  706,  998,  438,  476,  314,  937,  789,  365,  752,  932,   71,   55, 1056,  314,  605,  839,  889,  697,  989,  445,  308,  691,  811,  762,  770,  823,  173,  344,  630,  856,  557,  747,  102,  837, 1070,  577,   47,  504,  285,  562,  227,  944,  788,  640,  170,  232,  777,  162,  637,  841,  261,  212,   45,  868],
        [  595,    0,  768,  422,  829,  501,  417,  160,  301,  291,  674,  449,  164,  350,  420,  226,   77,  699,    0,  184,   40,  321,  446,  520,  433,  538,  370,  657,  204,   40,  367,  611,  215,  129,  553,  817,  365,  696,  547,  709,  263,  664,  299,  337,  516,  604,   66,  884,  276,  250,  433,  209,  258,  652,  762,  303,  518,  571,  532,  320,  678,  745,  334,  757,  254,  713,  248,  139,  343,  249,  606,  216,  723,  924,  250,  512,  640,  218,  249,  368,   79,  636,  337,  247,  595,  456,  270,  558,  339,  261,  623,  172,  556,  460,  413,  577,  455,  243,  655,  639,  338,  172,  472,  432,  969,  465,  372,  128,  129,  301,  480,  488,  535,  239,  696,  399,  135,  235,  769,  645,  359,  465,  167,  156,  249,  642,  293,  406,  691,  483,  392,  196,  273,  196,  592,  784,  360,  246,  380,  461,  611,  269,  371,  316,  722,  688,  627,  188,  764,  269,  190,   89,  532,  573,  167,  538,   63,  420,  466,  722,  744,  517],
        [  713,    0,  943,  553,  982,  478,  559,  154,  482,  367,  832,  586,  309,  361,  603,   43,  108,  839,  184,    0,  216,  342,  628,  558,  616,  539,  551,  660,  330,  198,  254,  778,  346,  305,  701,  979,  218,  850,  731,  889,   79,  821,  468,  200,  518,  691,  250, 1037,  258,  169,  564,  366,  227,  790,  906,  321,  689,  663,  698,  475,  852,  876,  516,  915,  402,  868,  204,  295,  517,  407,  786,  350,  890, 1081,  298,  662,  822,   63,  431,  539,  107,  813,  466,   78,  619,  412,  422,  697,  333,  344,  805,   32,  737,  592,  594,  559,  630,  285,  676,  821,  305,  126,  536,  439, 1125,  606,  515,  167,  293,  239,  663,  527,  711,  169,  867,  573,  273,  142,  910,  786,  242,  638,  238,   55,   66,  820,  176,  468,  866,  441,  536,  110,  178,  295,  753,  960,  538,   77,  399,  625,  744,  123,  271,  338,  868,  872,  713,  371,  930,  107,   77,  273,  669,  677,   72,  680,  230,  559,  628,  824,  883,  661],
        [  603,    0,  750,  427,  823,  535,  419,  199,  267,  261,  635,  452,  125,  382,  388,  256,  109,  699,   40,  216,    0,  354,  413,  546,  402,  570,  348,  687,  218,   68,  374,  598,  227,   92,  551,  806,  380,  689,  521,  687,  293,  624,  289,  352,  548,  620,   44,  878,  313,  290,  438,  169,  254,  652,  760,  336,  504,  586,  521,  318,  661,  748,  301,  748,  214,  707,  287,  145,  328,  209,  585,  179,  685,  916,  280,  472,  616,  254,  226,  356,  113,  617,  344,  272,  623,  493,  270,  558,  374,  232,  590,  206,  522,  464,  390,  611,  418,  274,  683,  615,  375,  181,  494,  463,  962,  426,  374,  125,   90,  301,  455,  514,  518,  244,  658,  384,   98,  246,  768,  644,  368,  451,  198,  180,  281,  606,  305,  429,  673,  519,  353,  235,  312,  165,  583,  766,  324,  281,  411,  422,  614,  307,  375,  349,  719,  661,  642,  166,  751,  291,  228,   65,  533,  584,  204,  538,   75,  381,  458,  733,  744,  478],
        [  421,    0,  780,  312,  736,  188,  340,  195,  519,  611,  928,  348,  474,   31,  597,  371,  319,  576,  321,  342,  354,    0,  625,  216,  604,  217,  476,  336,  198,  286,  596,  597,  207,  412,  467,  761,  553,  620,  660,  759,  386,  919,  358,  539,  195,  365,  341,  790,   93,  197,  319,  502,  544,  526,  646,   22,  531,  343,  521,  316,  692,  594,  532,  691,  551,  636,  149,  259,  412,  537,  662,  528,  952,  842,   77,  787,  718,  303,  407,  411,  312,  670,  249,  414,  282,  171,  280,  446,   51,  582,  785,  311,  737,  342,  520,  259,  676,   80,  341,  716,   97,  437,  202,  111,  880,  754,  310,  429,  431,  570,  590,  185,  573,  498,  912,  452,  451,  477,  643,  529,  584,  496,  156,  372,  366,  838,  517,  141,  710,  189,  683,  236,  208,  517,  550,  797,  586,  323,   60,  716,  474,  287,  612,    6,  614,  795,  387,  377,  729,  443,  270,  346,  419,  370,  271,  437,  287,  714,  447,  506,  615,  800],
        [  575,    0,  430,  440,  611,  803,  402,  571,  149,  454,  340,  431,  353,  654,   28,  668,  521,  564,  446,  628,  413,  625,    0,  720,   24,  798,  168,  887,  428,  443,  742,  362,  418,  326,  439,  551,  771,  495,  150,  340,  705,  334,  278,  740,  779,  670,  381,  655,  641,  667,  446,  296,  594,  538,  595,  619,  289,  637,  327,  339,  362,  633,  113,  521,  294,  509,  644,  387,  236,  271,  262,  348,  335,  670,  557,  276,  256,  662,  223,  258,  524,  309,  424,  682,  801,  795,  354,  475,  669,  441,  178,  617,  115,  453,  144,  857,   97,  562,  852,  256,  695,  572,  639,  711,  717,  301,  388,  504,  346,  647,  130,  696,  257,  618,  291,  231,  383,  633,  614,  521,  740,  256,  511,  591,  693,  213,  690,  604,  365,  814,  277,  628,  692,  420,  394,  442,  112,  691,  661,  185,  534,  709,  732,  622,  557,  266,  687,  271,  486,  698,  630,  359,  466,  603,  608,  453,  415,  300,  328,  712,  602,  306],
        [  307,    0,  751,  301,  638,  177,  342,  410,  649,  806, 1050,  328,  657,  199,  695,  585,  530,  474,  520,  558,  546,  216,  720,    0,  697,  111,  554,  167,  345,  481,  811,  574,  344,  586,  417,  688,  767,  549,  711,  757,  598, 1042,  444,  754,  107,  200,  524,  686,  303,  405,  301,  673,  756,  432,  540,  237,  538,  195,  514,  382,  674,  468,  650,  618,  721,  561,  360,  422,  486,  702,  676,  709, 1055,  743,  274,  930,  739,  516,  528,  469,  523,  668,  297,  628,   83,  241,  375,  381,  232,  777,  855,  526,  823,  310,  589,  172,  791,  284,  140,  737,  275,  650,   85,  134,  773,  909,  339,  637,  611,  785,  649,   33,  589,  713, 1009,  505,  640,  692,  530,  442,  799,  522,  355,  587,  579,  925,  733,  124,  693,  230,  841,  451,  411,  711,  514,  767,  711,  534,  160,  848,  380,  493,  828,  221,  519,  827,  214,  521,  673,  657,  484,  523,  361,  242,  487,  383,  473,  874,  452,  339,  503,  948],
        [  552,    0,  420,  416,  595,  781,  378,  555,  141,  456,  363,  408,  348,  633,   17,  657,  509,  544,  433,  616,  402,  604,   24,  697,    0,  775,  145,  864,  408,  429,  737,  344,  398,  316,  417,  537,  765,  476,  143,  333,  694,  357,  255,  734,  756,  646,  368,  639,  622,  651,  422,  293,  591,  517,  576,  598,  269,  613,  307,  315,  350,  613,  102,  505,  295,  491,  626,  369,  212,  270,  251,  347,  358,  656,  537,  296,  250,  649,  205,  234,  511,  297,  401,  672,  777,  774,  331,  452,  648,  442,  192,  604,  134,  430,  121,  835,  117,  542,  828,  249,  675,  564,  615,  689,  704,  317,  364,  497,  338,  644,  113,  673,  239,  612,  313,  208,  377,  626,  594,  500,  735,  234,  492,  581,  681,  234,  684,  581,  353,  792,  289,  613,  675,  417,  374,  433,  115,  678,  639,  204,  511,  694,  729,  601,  537,  268,  663,  255,  472,  689,  616,  346,  443,  579,  594,  430,  400,  313,  305,  689,  582,  325],
        [  418,    0,  858,  399,  747,   82,  438,  404,  712,  828, 1119,  428,  689,  189,  771,  559,  533,  584,  538,  539,  570,  217,  798,  111,  775,    0,  636,  122,  393,  503,  788,  679,  396,  624,  524,  798,  735,  659,  802,  860,  566, 1111,  520,  726,   23,  306,  555,  796,  283,  374,  400,  714,  753,  542,  650,  236,  638,  305,  616,  463,  780,  576,  718,  728,  763,  671,  336,  464,  567,  747,  776,  743, 1131,  853,  291,  988,  838,  488,  593,  554,  525,  771,  379,  602,  101,  159,  445,  489,  208,  799,  942,  509,  904,  412,  674,   64,  862,  296,  146,  836,  236,  645,  186,  107,  882,  961,  428,  643,  645,  775,  737,  116,  687,  703, 1088,  593,  667,  679,  640,  552,  776,  617,  372,  576,  547, 1007,  712,  197,  798,  139,  890,  430,  373,  733,  621,  874,  776,  501,  160,  911,  490,  454,  808,  222,  629,  924,  318,  575,  783,  630,  463,  559,  469,  352,  471,  491,  502,  923,  551,  440,  612, 1004],
        [  417,    0,  404,  273,  518,  647,  235,  460,  167,  486,  506,  267,  342,  503,  145,  593,  445,  435,  370,  551,  348,  476,  168,  554,  145,  636,    0,  721,  288,  354,  716,  270,  275,  283,  295,  480,  728,  388,  190,  340,  629,  499,  119,  699,  618,  505,  307,  569,  506,  552,  279,  303,  579,  401,  479,  473,  177,  471,  207,  173,  316,  500,  139,  432,  327,  404,  520,  269,   69,  299,  238,  363,  502,  596,  415,  419,  273,  571,  123,   91,  445,  270,  259,  617,  634,  646,  197,  324,  523,  464,  310,  532,  269,  288,   47,  696,  251,  422,  685,  271,  555,  527,  472,  554,  644,  424,  220,  464,  315,  631,  119,  531,  175,  585,  455,   73,  361,  592,  494,  386,  711,  126,  385,  525,  614,  372,  651,  440,  327,  662,  377,  524,  576,  421,  277,  419,  199,  601,  506,  327,  386,  608,  713,  474,  438,  332,  523,  183,  419,  638,  534,  284,  311,  439,  514,  302,  321,  407,  179,  558,  477,  445],
        [  436,    0,  896,  465,  753,  188,  505,  525,  813,  947, 1216,  488,  805,  310,  862,  679,  654,  596,  657,  660,  687,  336,  887,  167,  864,  122,  721,    0,  501,  621,  908,  725,  502,  737,  566,  815,  853,  683,  875,  912,  684, 1208,  611,  845,  144,  308,  671,  797,  404,  493,  463,  826,  874,  560,  656,  356,  698,  321,  671,  549,  825,  574,  816,  748,  875,  692,  457,  575,  653,  858,  835,  858, 1222,  855,  408, 1092,  899,  608,  692,  635,  646,  824,  464,  722,   90,  266,  540,  526,  330,  918, 1020,  630,  989,  469,  756,  115,  957,  415,   68,  897,  356,  766,  250,  227,  878, 1069,  505,  764,  760,  896,  814,  192,  749,  824, 1176,  671,  784,  800,  642,  573,  895,  686,  490,  697,  666, 1092,  832,  287,  844,  240, 1000,  550,  491,  852,  664,  912,  876,  619,  278, 1013,  512,  572,  928,  342,  642,  988,  312,  681,  810,  749,  584,  673,  511,  372,  592,  533,  618, 1032,  614,  418,  616, 1110],
        [  394,    0,  637,  226,  653,  382,  230,  196,  322,  471,  732,  257,  315,  228,  401,  371,  248,  511,  204,  330,  218,  198,  428,  345,  408,  393,  288,  501,    0,  165,  559,  462,   17,  242,  371,  655,  542,  523,  476,  599,  401,  723,  174,  519,  372,  403,  187,  708,  219,  276,  237,  328,  461,  461,  577,  191,  380,  369,  381,  155,  546,  551,  335,  589,  377,  540,  238,   79,  230,  358,  497,  366,  754,  753,  130,  596,  547,  326,  209,  238,  244,  514,  139,  406,  426,  368,  104,  368,  241,  442,  593,  302,  541,  264,  333,  446,  479,  136,  485,  545,  269,  368,  283,  294,  796,  569,  186,  331,  269,  502,  405,  315,  412,  436,  715,  279,  303,  427,  581,  457,  549,  334,  107,  329,  382,  641,  481,  222,  562,  387,  499,  265,  299,  377,  429,  654,  389,  355,  241,  521,  417,  347,  566,  195,  538,  616,  425,  183,  610,  434,  286,  181,  341,  370,  271,  351,  144,  532,  308,  519,  555,  611],
        [  558,    0,  747,  386,  799,  468,  384,  140,  303,  327,  689,  414,  192,  315,  417,  241,   95,  666,   40,  198,   68,  286,  443,  481,  429,  503,  354,  621,  165,    0,  399,  585,  178,  143,  521,  789,  392,  666,  536,  692,  276,  679,  274,  366,  480,  565,   69,  854,  247,  234,  397,  230,  296,  618,  730,  268,  494,  533,  506,  289,  656,  711,  332,  728,  277,  683,  225,  106,  321,  269,  588,  245,  733,  895,  213,  531,  626,  221,  236,  344,   94,  616,  300,  267,  557,  427,  238,  524,  307,  298,  620,  179,  555,  424,  398,  544,  461,  207,  617,  624,  309,  206,  433,  396,  940,  488,  338,  167,  152,  338,  467,  449,  514,  273,  703,  377,  166,  267,  736,  611,  391,  442,  131,  179,  261,  645,  324,  367,  670,  453,  415,  187,  258,  232,  564,  763,  365,  250,  344,  475,  576,  266,  405,  281,  690,  678,  588,  177,  738,  291,  188,   87,  497,  534,  166,  504,   33,  444,  438,  684,  711,  538],
        [  951,    0, 1119,  783, 1195,  723,  782,  406,  597,  331,  848,  813,  390,  614,  721,  230,  311, 1064,  367,  254,  374,  596,  742,  811,  737,  788,  716,  908,  559,  399,    0,  971,  573,  434,  919, 1180,   81, 1061,  872, 1050,  227,  837,  663,   69,  768,  940,  417, 1250,  511,  415,  794,  446,  150, 1016, 1128,  575,  877,  911,  895,  686, 1031, 1108,  637, 1121,  457, 1079,  455,  504,  702,  476,  950,  398,  928, 1289,  550,  676,  974,  301,  595,  730,  315,  985,  696,  187,  871,  652,  636,  922,  585,  326,  908,  286,  834,  821,  753,  804,  711,  537,  928,  973,  553,  195,  788,  691, 1335,  609,  736,  252,  405,   99,  812,  781,  889,  131,  920,  757,  362,  133, 1135, 1010,   14,  824,  481,  233,  244,  896,   80,  720, 1042,  681,  554,  362,  418,  325,  957, 1134,  634,  291,  652,  674,  974,  341,   29,  592, 1088, 1005,  963,  535, 1125,  160,  328,  439,  896,  921,  325,  903,  428,  565,  831, 1069, 1109,  663],
        [  306,    0,  184,  290,  253,  720,  258,  658,  431,  755,  667,  255,  610,  615,  356,  821,  680,  221,  611,  778,  598,  597,  362,  574,  344,  679,  270,  725,  462,  585,  971,    0,  445,  546,  161,  211,  975,  135,  241,  188,  855,  665,  312,  947,  668,  434,  555,  301,  660,  735,  285,  573,  841,  213,  237,  603,   95,  411,   81,  308,  101,  291,  397,  164,  595,  148,  693,  483,  270,  568,  138,  633,  623,  327,  562,  637,  199,  784,  382,  243,  678,  107,  351,  851,  637,  749,  361,  202,  647,  734,  383,  754,  397,  269,  248,  743,  457,  574,  670,  197,  691,  778,  494,  633,  374,  660,  290,  720,  579,  892,  233,  564,  106,  841,  569,  216,  626,  843,  257,  194,  965,  149,  568,  764,  837,  478,  902,  499,  120,  755,  627,  726,  756,  689,   63,  201,  445,  814,  601,  546,  236,  809,  971,  596,  201,  290,  441,  438,  154,  876,  745,  533,  215,  362,  728,  193,  553,  654,  155,  413,  250,  667],
        [  381,    0,  621,  211,  637,  389,  214,  213,  317,  478,  726,  242,  320,  236,  391,  387,  263,  495,  215,  346,  227,  207,  418,  344,  398,  396,  275,  502,   17,  178,  573,  445,    0,  245,  355,  638,  557,  506,  462,  583,  418,  717,  159,  534,  376,  394,  194,  692,  233,  292,  222,  330,  473,  446,  561,  201,  363,  360,  365,  138,  530,  536,  327,  573,  378,  524,  254,   85,  216,  359,  482,  371,  746,  737,  141,  592,  532,  342,  201,  223,  259,  498,  124,  422,  426,  377,   88,  353,  251,  449,  581,  318,  531,  250,  320,  451,  471,  148,  484,  530,  281,  382,  279,  300,  780,  567,  170,  343,  274,  515,  391,  314,  396,  449,  706,  264,  310,  441,  566,  441,  564,  318,  124,  344,  399,  631,  496,  221,  546,  396,  498,  281,  315,  384,  413,  638,  382,  372,  247,  516,  402,  364,  580,  204,  523,  601,  416,  179,  593,  450,  302,  187,  325,  358,  288,  335,  155,  531,  291,  507,  539,  608],
        [  595,    0,  686,  418,  783,  598,  401,  282,  178,  239,  547,  437,   78,  442,  302,  344,  199,  671,  129,  305,   92,  412,  326,  586,  316,  624,  283,  737,  242,  143,  434,  546,  245,    0,  522,  757,  452,  649,  442,  617,  381,  537,  252,  422,  602,  632,   75,  836,  386,  376,  429,   91,  297,  627,  728,  396,  451,  597,  473,  297,  599,  726,  215,  703,  140,  666,  368,  164,  279,  128,  517,  126,  594,  870,  336,  388,  542,  345,  165,  311,  204,  553,  344,  356,  666,  563,  259,  536,  440,  212,  502,  297,  433,  452,  320,  670,  327,  333,  725,  541,  447,  250,  524,  519,  917,  347,  359,  184,   35,  349,  380,  555,  457,  304,  567,  331,   81,  314,  739,  617,  430,  397,  260,  266,  370,  516,  373,  463,  610,  589,  274,  324,  399,  152,  540,  701,  234,  372,  465,  333,  595,  397,  430,  407,  687,  580,  654,  111,  698,  373,  319,   66,  513,  587,  295,  514,  129,  305,  419,  732,  716,  396],
        [  151,    0,  334,  157,  282,  571,  142,  563,  457,  753,  771,  121,  596,  481,  424,  742,  613,  150,  553,  701,  551,  467,  439,  417,  417,  524,  295,  566,  371,  521,  919,  161,  355,  522,    0,  295,  910,  155,  358,  348,  772,  767,  271,  885,  514,  275,  509,  338,  541,  628,  149,  573,  804,  108,  210,  477,  162,  251,  124,  234,  260,  209,  433,  225,  606,  172,  582,  416,  256,  579,  284,  630,  742,  384,  447,  708,  348,  695,  370,  221,  610,  263,  239,  777,  477,  607,  284,   43,  516,  728,  509,  673,  506,  125,  298,  587,  533,  460,  510,  346,  563,  725,  339,  487,  426,  718,  186,  675,  556,  851,  321,  409,  211,  791,  690,  223,  602,  787,  218,   96,  911,  183,  472,  696,  753,  598,  845,  353,  279,  610,  671,  631,  647,  673,   99,  350,  493,  724,  461,  616,   96,  709,  923,  467,  169,  440,  284,  412,  265,  804,  655,  491,   56,  203,  642,   34,  492,  701,  117,  277,  195,  736],
        [  382,    0,  165,  452,   96,  853,  431,  850,  638,  965,  820,  415,  821,  774,  552, 1021,  884,  221,  817,  979,  806,  761,  551,  688,  537,  798,  480,  815,  655,  789, 1180,  211,  638,  757,  295,    0, 1180,  142,  410,  256, 1054,  819,  518, 1154,  791,  507,  763,  113,  835,  919,  444,  783, 1051,  257,  171,  771,  306,  498,  286,  504,  193,  260,  602,   71,  804,  128,  875,  686,  480,  776,  293,  842,  756,  119,  740,  819,  324,  980,  593,  451,  882,  244,  529, 1053,  734,  896,  557,  318,  810,  944,  522,  953,  559,  419,  455,  859,  643,  753,  752,  323,  857,  986,  618,  774,  167,  851,  472,  929,  790, 1102,  426,  686,  309, 1049,  703,  427,  837, 1051,  191,  247, 1174,  360,  759,  968, 1035,  618, 1109,  643,  196,  897,  826,  918,  940,  900,  227,  168,  646, 1009,  753,  732,  308,  999, 1180,  762,  174,  390,  505,  648,   67, 1079,  940,  742,  343,  448,  925,  325,  758,  850,  352,  425,  209,  850],
        [  929,    0, 1130,  767, 1189,  666,  770,  371,  624,  388,  904,  798,  420,  568,  749,  184,  298, 1052,  365,  218,  380,  553,  771,  767,  765,  735,  728,  853,  542,  392,   81,  975,  557,  452,  910, 1180,    0, 1056,  894, 1066,  170,  893,  663,   32,  716,  908,  423, 1245,  464,  364,  778,  479,  199, 1002, 1117,  532,  882,  880,  896,  680, 1041, 1091,  663, 1119,  497, 1074,  407,  496,  707,  513,  965,  438,  980, 1286,  515,  730,  993,  252,  606,  733,  300,  997,  680,  141,  822,  592,  627,  909,  537,  379,  942,  249,  869,  805,  768,  746,  750,  501,  877,  992,  500,  202,  751,  642, 1331,  665,  725,  269,  427,  159,  831,  737,  898,  156,  968,  762,  388,  139, 1122,  997,   69,  829,  454,  214,  189,  937,   83,  684, 1053,  621,  606,  318,  362,  366,  955, 1146,  667,  235,  607,  720,  958,  282,  109,  549, 1078, 1031,  930,  545, 1128,  112,  285,  445,  882,  894,  287,  891,  423,  619,  829, 1041, 1096,  720],
