{
    "name": "random-76-26794",
    "comment": "size=76 seed=26794",
    "nodes": ["+0", "-0", "+1", "-1", "+2", "-2", "+3", "-3", "+4", "-4", "+5", "-5", "+6", "-6", "+7", "-7", "+8", "-8", "+9", "-9", "+10", "-10", "+11", "-11", "+12", "-12", "+13", "-13", "+14", "-14", "+15", "-15", "+16", "-16", "+17", "-17", "+18", "-18", "+19", "-19", "+20", "-20", "+21", "-21", "+22", "-22", "+23", "-23", "+24", "-24", "+25", "-25", "+26", "-26", "+27", "-27", "+28", "-28", "+29", "-29", "+30", "-30", "+31", "-31", "+32", "-32", "+33", "-33", "+34", "-34", "+35", "-35", "+36", "-36", "+37", "-37", "+38", "-38", "+39", "-39", "+40", "-40", "+41", "-41", "+42", "-42", "+43", "-43", "+44", "-44", "+45", "-45", "+46", "-46", "+47", "-47", "+48", "-48", "+49", "-49", "+50", "-50", "+51", "-51", "+52", "-52", "+53", "-53", "+54", "-54", "+55", "-55", "+56", "-56", "+57", "-57", "+58", "-58", "+59", "-59", "+60", "-60", "+61", "-61", "+62", "-62", "+63", "-63", "+64", "-64", "+65", "-65", "+66", "-66", "+67", "-67", "+68", "-68", "+69", "-69", "+70", "-70", "+71", "-71", "+72", "-72", "+73", "-73", "+74", "-74", "+75", "-75", "+76", "-76"],
    "precedence": {
        "+0": "-0",
        "+1": "-1",
        "+2": "-2",
        "+3": "-3",
        "+4": "-4",
        "+5": "-5",
        "+6": "-6",
        "+7": "-7",
        "+8": "-8",
        "+9": "-9",
        "+10": "-10",
        "+11": "-11",
        "+12": "-12",
        "+13": "-13",
        "+14": "-14",
        "+15": "-15",
        "+16": "-16",
        "+17": "-17",
        "+18": "-18",
        "+19": "-19",
        "+20": "-20",
        "+21": "-21",
        "+22": "-22",
        "+23": "-23",
        "+24": "-24",
        "+25": "-25",
        "+26": "-26",
        "+27": "-27",
        "+28": "-28",
        "+29": "-29",
        "+30": "-30",
        "+31": "-31",
        "+32": "-32",
        "+33": "-33",
        "+34": "-34",
        "+35": "-35",
        "+36": "-36",
        "+37": "-37",
        "+38": "-38",
        "+39": "-39",
        "+40": "-40",
        "+41": "-41",
        "+42": "-42",
        "+43": "-43",
        "+44": "-44",
        "+45": "-45",
        "+46": "-46",
        "+47": "-47",
        "+48": "-48",
        "+49": "-49",
        "+50": "-50",
        "+51": "-51",
        "+52": "-52",
        "+53": "-53",
        "+54": "-54",
        "+55": "-55",
        "+56": "-56",
        "+57": "-57",
        "+58": "-58",
        "+59": "-59",
        "+60": "-60",
        "+61": "-61",
        "+62": "-62",
        "+63": "-63",
        "+64": "-64",
        "+65": "-65",
        "+66": "-66",
        "+67": "-67",
        "+68": "-68",
        "+69": "-69",
        "+70": "-70",
        "+71": "-71",
        "+72": "-72",
        "+73": "-73",
        "+74": "-74",
        "+75": "-75",
        "+76": "-76"
    },
    "edges": [
        [    0,    0,  617,  177,  208,  325,  460,  782,  493,  446,  522,  296,  243,  362,  340,  730,   69,  780,  147,  665,  455,  594,  715,  561,  920,  452,  298,  405,   74,  522,  125,  266,  464,  625,  733,  722,  515,  784,  297,  697,  329,  542,  468,  111,  696,   80,  197,  229,  220,  866,  203,  631,  349,   92,  432,  473,   31,  643,  285,  594,  404,  121,  270,  270,  636,  732,  293,  257,  392,  369,  418,  818,  631,  561,  558,  276,  616,   82,  296,  635,  220,  233,  514,  513,  186,  541,   82,  513,  918,  523,  354,  263,  352,  636,  691,  204,  353,  596,  693,  480,  651,  410,  473,   96,  752,  232,  182,  493,   76,  358,  580,  618,  251,  143,  157,  216,  503,  113,  564,  755,  491,  545,  746,  389,  458,  328,  723,  205,  906,  480,  369,  559,  307,  611,  450,  352,  259,  648,  552,  463,  652,  467,  388,  677,  331,  578,  235,  650,  125,  255,  611,   83,  495,  417],
        [    0,    0,    0,    0,    0,    0,    0,    0,    0,    0,    0,    0,    0,    0,    0,    0,    0,    0,    0,    0,    0,    0,    0,    0,    0,    0,    0,    0,    0,    0,    0,    0,    0,    0,    0,    0,    0,    0,    0,    0,    0,    0,    0,    0,    0,    0,    0,    0,    0,    0,    0,    0,    0,    0,    0,    0,    0,    0,    0,    0,    0,    0,    0,    0,    0,    0,    0,    0,    0,    0,    0,    0,    0,    0,    0,    0,    0,    0,    0,    0,    0,    0,    0,    0,    0,    0,    0,    0,    0,    0,    0,    0,    0,    0,    0,    0,    0,    0,    0,    0,    0,    0,    0,    0,    0,    0,    0,    0,    0,    0,    0,    0,    0,    0,    0,    0,    0,    0,    0,    0,    0,    0,    0,    0,    0,    0,    0,    0,    0,    0,    0,    0,    0,    0,    0,    0,    0,    0,    0,    0,    0,    0,    0,    0,    0,    0,    0,    0,    0,    0,    0,    0,    0,    0],
        [  617,    0,    0,  603,  699,  297,  826,  510,  188,  229,  123,  572,  745,  257,  329,  176,  683,  257,  546, 1012,  165,  897,  177,  118,  586,  304,  683,  261,  671,  163,  494,  830,  873, 1015,  338,  326,  873,  636,  773,   85,  771,  533,  291,  507,  181,  678,  800,  784,  836,  457,  455,  974,  320,  545,  338,  152,  616,   34,  507,  163,  680,  735,  706,  527,  577,  628,  866,  835,  456,  483,  725,  370,  365,  133,  606,  537,  126,  544,  806,  122,  463,  561,  147,  454,  734,  171,  644,  115,  570,  722,  487,  786,  422,  383,  243,  560,  864,  244,  552,  173,   98,  908,  698,  563,  653,  539,  782,  358,  674,  264,  189,  187,  494,  645,  461,  827,  121,  639,  471,  578,  452,  917,  669,  522,  893,  291,  230,  646,  651,  776,  524,  359,  442,  296,  553,  328,  773,  324,   67,  201,  673,  903,  369,  694,  406,  544,  851,  530,  567,  801,  418,  548,  314,  710],
        [  177,    0,  603,    0,  384,  314,  636,  879,  529,  391,  489,  126,  418,  378,  279,  677,  217,  711,  295,  841,  459,  769,  659,  519, 1010,  363,  471,  351,  242,  553,  208,  423,  640,  800,  795,  626,  691,  907,  179,  673,  505,  672,  381,  179,  636,  154,  235,  187,  318,  935,  152,  807,  289,  229,  517,  451,  206,  634,  141,  627,  571,  254,  123,  118,  765,  860,  443,  244,  513,  224,  589,  874,  714,  514,  701,  119,  637,  210,  205,  654,  140,  388,  472,  628,  356,  577,  112,  520, 1005,  687,  209,  183,  463,  723,  736,   51,  265,  513,  811,  507,  661,  578,  638,  249,  882,   83,  326,  381,  242,  381,  621,  657,  125,  319,  209,  334,  507,   79,  679,  870,  607,  721,  880,  528,  633,  326,  652,   48, 1013,  652,  509,  444,  424,  514,  592,  285,  431,  719,  536,  415,  797,  641,  481,  823,  227,  707,  328,  768,   67,  201,  709,  133,  574,  587],
        [  208,    0,  699,  384,    0,  446,  254,  717,  536,  582,  632,  502,   47,  450,  494,  843,  184,  906,  160,  457,  537,  390,  832,  676,  856,  613,  111,  546,  150,  567,  255,  142,  257,  418,  717,  874,  308,  678,  481,  784,  121,  440,  626,  266,  817,  256,  311,  387,  251,  834,  381,  423,  501,  195,  421,  578,  180,  719,  485,  627,  230,  185,  469,  472,  527,  620,  179,  388,  329,  566,  229,  807,  596,  680,  430,  480,  661,  210,  467,  681,  405,  151,  632,  442,   67,  578,  282,  586,  860,  349,  551,  434,  320,  595,  703,  410,  515,  742,  600,  536,  706,  223,  302,  168,  635,  436,  158,  667,  151,  441,  606,  644,  448,   72,  290,  217,  579,  316,  487,  663,  421,  337,  623,  293,  253,  440,  852,  410,  818,  285,  273,  730,  280,  767,  336,  508,   75,  628,  642,  591,  512,  262,  373,  535,  511,  475,  263,  559,  331,  414,  556,  274,  483,  233],
        [  325,    0,  297,  314,  446,    0,  632,  612,  226,  138,  198,  313,  493,   76,   91,  407,  393,  463,  287,  839,  146,  736,  393,  238,  732,  189,  465,  105,  386,  245,  207,  562,  666,  824,  499,  431,  687,  679,  490,  374,  542,  480,  197,  215,  376,  382,  503,  489,  544,  639,  162,  801,   90,  266,  270,  148,  329,  326,  248,  318,  508,  445,  426,  262,  560,  645,  595,  540,  334,  266,  546,  571,  440,  239,  535,  274,  325,  260,  518,  341,  177,  337,  191,  411,  466,  270,  348,  207,  723,  591,  261,  495,  278,  453,  430,  276,  577,  298,  580,  199,  348,  667,  552,  288,  670,  262,  499,  260,  388,   85,  316,  349,  222,  381,  172,  539,  194,  343,  455,  631,  396,  727,  675,  383,  677,   21,  408,  359,  756,  607,  374,  313,  266,  329,  440,  104,  519,  432,  230,  146,  626,  686,  259,  652,  172,  508,  559,  542,  272,  508,  455,  253,  308,  535],
        [  460,    0,  826,  636,  254,  632,    0,  670,  641,  768,  790,  750,  231,  610,  700,  990,  436, 1063,  370,  211,  681,  138,  983,  835,  799,  816,  174,  737,  403,  670,  479,  298,   63,  193,  734, 1059,   57,  577,  732,  908,  138,  390,  826,  497,  974,  508,  547,  633,  464,  820,  611,  175,  705,  427,  495,  736,  431,  837,  726,  711,  149,  428,  722,  716,  445,  518,  316,  624,  375,  802,  104,  820,  605,  842,  339,  725,  752,  444,  714,  772,  638,  297,  797,  436,  300,  672,  535,  714,  809,  190,  788,  681,  404,  597,  752,  658,  757,  927,  529,  653,  803,  188,  169,  400,  523,  681,  379,  879,  403,  598,  684,  716,  687,  318,  508,  425,  711,  569,  462,  585,  423,   96,  503,  311,  100,  620, 1016,  663,  731,   84,  305,  939,  388,  961,  305,  715,  232,  651,  781,  769,  382,  106,  458,  397,  736,  413,  472,  498,  579,  658,  546,  518,  541,  120],
        [  782,    0,  510,  879,  717,  612,  670,    0,  402,  659,  585,  917,  745,  537,  697,  666,  822,  746,  642,  771,  506,  658,  674,  609,  140,  747,  629,  665,  792,  398,  681,  853,  733,  810,  183,  835,  689,  162, 1052,  548,  707,  287,  742,  709,  685,  862,  973, 1008,  952,  169,  744,  741,  692,  691,  363,  565,  762,  491,  855,  353,  541,  859, 1001,  866,  229,  192,  888, 1039,  397,  877,  579,  217,  173,  624,  332,  878,  385,  704, 1066,  389,  769,  580,  611,  277,  780,  374,  852,  472,  144,  488,  873, 1035,  431,  160,  274,  858, 1126,  744,  145,  434,  419,  836,  502,  689,  208,  855,  866,  818,  795,  528,  334,  325,  823,  709,  671,  925,  483,  868,  230,  110,  299,  728,  233,  425,  768,  592,  733,  926,  147,  589,  444,  841,  476,  796,  389,  706,  770,  192,  526,  637,  320,  775,  400,  322,  783,  259,  967,  173,  817, 1034,  172,  761,  309,  562],
        [  493,    0,  188,  529,  536,  226,  641,  402,    0,  258,  200,  538,  579,  153,  302,  361,  553,  440,  393,  825,  105,  710,  358,  236,  512,  346,  506,  264,  534,   32,  370,  673,  691,  830,  274,  480,  687,  497,  708,  268,  595,  354,  342,  390,  356,  565,  688,  692,  705,  414,  380,  787,  296,  409,  151,  168,  485,  197,  473,  101,  495,  602,  647,  488,  410,  476,  710,  737,  269,  482,  540,  346,  232,  250,  425,  499,  127,  413,  732,  147,  399,  390,  222,  275,  579,   49,  539,   88,  502,  535,  480,  706,  238,  248,  207,  497,  792,  366,  403,   33,  171,  734,  511,  421,  502,  486,  639,  418,  537,  149,   92,  129,  447,  490,  344,  690,   93,  543,  300,  442,  270,  731,  513,  335,  712,  208,  403,  576,  548,  589,  338,  447,  264,  416,  366,  309,  608,  213,  159,  238,  500,  722,  184,  522,  389,  370,  720,  373,  478,  714,  267,  440,  135,  524],
        [  446,    0,  229,  391,  582,  138,  768,  659,  258,    0,  107,  345,  629,  168,  114,  289,  514,  335,  423,  973,  154,  867,  272,  130,  763,   88,  602,   42,  512,  262,  337,  694,  802,  959,  516,  294,  821,  751,  553,  287,  679,  579,   84,  339,  251,  492,  607,  576,  661,  651,  254,  934,  104,  397,  361,   97,  454,  263,  281,  321,  639,  567,  485,  303,  651,  726,  726,  632,  448,  255,  679,  571,  490,  124,  642,  311,  308,  389,  589,  318,  254,  474,   85,  504,  599,  287,  452,  192,  750,  715,  258,  572,  395,  506,  431,  344,  644,  161,  656,  226,  311,  804,  679,  421,  752,  319,  625,  160,  514,  181,  331,  353,  273,  516,  300,  661,  180,  440,  541,  698,  492,  863,  761,  505,  814,  148,  278,  430,  805,  739,  498,  195,  392,  194,  557,  107,  655,  468,  169,   29,  728,  823,  364,  753,  179,  603,  675,  622,  368,  591,  521,  367,  379,  667],
        [  522,    0,  123,  489,  632,  198,  790,  585,  200,  107,    0,  451,  678,  184,  212,  212,  590,  276,  473,  988,  114,  877,  200,   46,  679,  184,  633,  141,  582,  192,  404,  754,  831,  982,  428,  285,  841,  693,  656,  184,  717,  550,  172,  412,  187,  577,  696,  673,  741,  559,  345,  949,  202,  460,  334,   55,  525,  156,  386,  235,  652,  642,  588,  407,  609,  675,  789,  726,  441,  361,  694,  476,  424,   54,  618,  417,  214,  456,  691,  220,  350,  506,   27,  471,  658,  214,  540,  116,  664,  712,  364,  671,  395,  441,  338,  444,  747,  166,  602,  171,  209,  849,  681,  482,  701,  421,  695,  244,  585,  195,  251,  266,  376,  571,  368,  736,  108,  531,  500,  637,  463,  884,  713,  503,  847,  197,  226,  530,  730,  751,  500,  257,  403,  216,  546,  208,  706,  393,   66,   79,  697,  857,  351,  720,  285,  568,  755,  572,  459,  689,  465,  448,  334,  681],
        [  296,    0,  572,  126,  502,  313,  750,  917,  538,  345,  451,    0,  538,  388,  246,  614,  342,  637,  393,  957,  451,  880,  595,  472, 1041,  292,  581,  311,  365,  556,  291,  549,  759,  920,  811,  534,  806,  965,  220,  631,  622,  741,  310,  265,  570,  279,  349,  279,  439,  952,  179,  923,  255,  329,  560,  425,  323,  605,   67,  628,  672,  380,  152,   52,  831,  923,  569,  339,  581,  117,  695,  882,  747,  464,  779,   40,  630,  310,  263,  643,  151,  484,  429,  686,  479,  582,  237,  508, 1034,  784,  105,  255,  527,  758,  741,   93,  311,  436,  867,  511,  645,  702,  736,  353,  947,   73,  451,  289,  365,  394,  628,  660,   95,  434,  277,  457,  495,  204,  736,  923,  667,  838,  947,  607,  753,  331,  578,  130, 1058,  759,  591,  347,  493,  427,  672,  245,  553,  743,  508,  373,  875,  762,  533,  902,  166,  774,  449,  826,  172,  284,  753,  233,  609,  691],
        [  243,    0,  745,  418,   47,  493,  231,  745,  579,  629,  678,  538,    0,  496,  539,  889,  208,  952,  207,  426,  583,  369,  878,  722,  883,  658,  121,  592,  177,  610,  300,  109,  224,  383,  753,  920,  283,  697,  502,  829,   94,  463,  671,  309,  864,  280,  318,  402,  245,  868,  424,  394,  546,  240,  461,  624,  217,  764,  524,  670,  236,  198,  495,  511,  547,  638,  144,  396,  364,  606,  226,  843,  630,  726,  446,  518,  704,  253,  484,  724,  447,  192,  678,  472,   70,  621,  311,  631,  888,  351,  591,  451,  359,  628,  742,  447,  528,  788,  623,  580,  750,  177,  305,  213,  652,  474,  154,  711,  178,  487,  647,  685,  488,  116,  335,  208,  624,  346,  515,  685,  452,  307,  638,  322,  216,  486,  899,  439,  841,  274,  303,  775,  321,  813,  359,  554,   30,  664,  688,  638,  524,  224,  414,  546,  555,  497,  256,  583,  367,  427,  587,  314,  522,  233],
        [  362,    0,  257,  378,  450,   76,  610,  537,  153,  168,  184,  388,  496,    0,  163,  394,  427,  460,  292,  811,   94,  703,  383,  229,  656,  241,  450,  151,  414,  175,  238,  576,  649,  802,  425,  452,  662,  607,  556,  340,  533,  417,  244,  254,  371,  428,  551,  546,  580,  565,  228,  773,  159,  288,  202,  130,  360,  282,  323,  249,  476,  479,  495,  336,  494,  575,  611,  594,  281,  341,  517,  499,  365,  235,  477,  348,  262,  288,  582,  279,  247,  323,  188,  345,  480,  199,  398,  152,  648,  548,  337,  557,  228,  378,  359,  345,  642,  320,  509,  130,  292,  666,  512,  307,  601,  334,  525,  315,  417,   14,  244,  279,  295,  391,  207,  571,  141,  398,  386,  558,  331,  704,  607,  337,  664,   57,  409,  425,  680,  576,  331,  361,  227,  360,  389,  173,  524,  357,  195,  163,  565,  674,  198,  590,  247,  443,  595,  471,  330,  567,  381,  299,  234,  504],
        [  340,    0,  329,  279,  494,   91,  700,  697,  302,  114,  212,  246,  539,  163,    0,  402,  407,  444,  339,  909,  207,  810,  385,  241,  813,  119,  529,   73,  408,  316,  241,  595,  728,  889,  574,  385,  755,  768,  445,  395,  599,  570,  133,  237,  363,  381,  495,  464,  552,  714,  142,  871,   11,  302,  360,  180,  351,  362,  180,  386,  583,  459,  378,  199,  651,  735,  626,  519,  422,  181,  619,  641,  525,  236,  624,  209,  385,  291,  479,  398,  141,  404,  194,  501,  503,  342,  340,  263,  803,  673,  178,  460,  365,  539,  499,  233,  536,  257,  670,  273,  399,  716,  632,  328,  760,  210,  521,  180,  411,  173,  389,  418,  165,  425,  205,  553,  250,  327,  545,  720,  486,  795,  766,  468,  735,  111,  386,  319,  842,  682,  457,  240,  348,  275,  527,   16,  564,  514,  264,  137,  716,  745,  349,  741,   88,  598,  565,  632,  255,  479,  543,  259,  396,  609],
        [  730,    0,  176,  677,  843,  407,  990,  666,  361,  289,  212,  614,  889,  394,  402,    0,  798,   82,  684, 1182,  311, 1068,   21,  169,  724,  323,  839,  330,  792,  338,  614,  966, 1035, 1182,  486,  192, 1039,  803,  831,  118,  925,  709,  305,  620,   48,  779,  896,  863,  947,  585,  542, 1144,  392,  671,  510,  266,  735,  182,  556,  335,  848,  850,  762,  579,  751,  798, 1000,  919,  627,  506,  892,  496,  534,  169,  782,  586,  293,  666,  870,  283,  542,  714,  217,  630,  870,  347,  740,  279,  705,  895,  515,  855,  588,  552,  393,  628,  922,  189,  723,  341,  250, 1059,  869,  693,  823,  601,  905,  343,  795,  403,  362,  354,  555,  782,  578,  945,  281,  728,  647,  743,  627, 1083,  840,  692, 1052,  408,   76,  713,  801,  945,  692,  312,  603,  224,  726,  394,  917,  489,  210,  268,  849, 1062,  538,  869,  455,  720,  961,  703,  656,  876,  591,  653,  490,  877],
        [   69,    0,  683,  217,  184,  393,  436,  822,  553,  514,  590,  342,  208,  427,  407,  798,    0,  848,  181,  633,  520,  573,  783,  629,  961,  519,  287,  473,   37,  583,  190,  208,  432,  588,  784,  789,  489,  812,  298,  763,  300,  569,  535,  178,  764,   73,  152,  210,  154,  915,  270,  602,  416,  145,  480,  540,   69,  709,  341,  653,  402,   53,  288,  323,  662,  758,  231,  223,  427,  426,  409,  871,  677,  629,  577,  328,  677,  141,  287,  696,  284,  253,  582,  548,  142,  601,  107,  578,  961,  523,  411,  253,  394,  681,  748,  254,  338,  663,  725,  542,  714,  361,  474,  137,  777,  285,  116,  558,   35,  422,  638,  677,  309,  136,  223,  148,  567,  141,  599,  788,  526,  514,  768,  415,  420,  395,  791,  234,  941,  467,  394,  623,  348,  678,  472,  419,  217,  698,  618,  531,  667,  428,  435,  692,  395,  605,  169,  681,  179,  236,  652,  150,  545,  410],
        [  780,    0,  257,  711,  906,  463, 1063,  746,  440,  335,  276,  637,  952,  460,  444,   82,  848,    0,  746, 1257,  383, 1144,   82,  231,  799,  350,  909,  376,  846,  418,  669, 1024, 1106, 1255,  565,  147, 1113,  884,  856,  199,  992,  790,  332,  673,   90,  824,  937,  897,  995,  659,  586, 1219,  435,  728,  588,  330,  788,  264,  583,  417,  922,  901,  787,  607,  833,  880, 1058,  955,  703,  523,  966,  570,  616,  226,  863,  612,  375,  721,  897,  364,  581,  781,  275,  710,  929,  428,  784,  356,  779,  973,  534,  885,  663,  634,  472,  662,  947,  201,  805,  419,  331, 1124,  946,  751,  905,  633,  959,  353,  848,  470,  444,  435,  588,  843,  632,  995,  356,  768,  728,  825,  708, 1156,  922,  768, 1122,  467,   60,  745,  879, 1020,  768,  308,  675,  219,  804,  434,  979,  571,  285,  319,  930, 1132,  614,  950,  486,  801, 1009,  785,  697,  909,  673,  701,  570,  951],
        [  147,    0,  546,  295,  160,  287,  370,  642,  393,  423,  473,  393,  207,  292,  339,  684,  181,  746,    0,  581,  382,  493,  673,  517,  780,  457,  196,  387,  153,  424,  110,  285,  392,  554,  607,  716,  426,  638,  440,  630,  261,  396,  469,  131,  658,  225,  332,  375,  322,  735,  242,  544,  345,   67,  302,  419,  122,  567,  360,  490,  280,  222,  406,  353,  489,  586,  321,  399,  247,  433,  304,  695,  497,  520,  414,  363,  519,   86,  442,  539,  269,   93,  472,  369,  189,  439,  225,  434,  780,  393,  420,  409,  213,  500,  577,  304,  499,  583,  548,  388,  561,  381,  345,   51,  606,  322,  248,  515,  156,  284,  471,  510,  320,  100,  139,  302,  425,  251,  420,  610,  347,  463,  600,  243,  398,  280,  693,  334,  762,  368,  223,  577,  167,  610,  305,  354,  234,  519,  486,  432,  508,  407,  256,  534,  367,  432,  337,  504,  230,  401,  471,  164,  367,  299],
        [  665,    0, 1012,  841,  457,  839,  211,  771,  825,  973,  988,  957,  426,  811,  909, 1182,  633, 1257,  581,    0,  876,  119, 1176, 1032,  883, 1025,  385,  944,  602,  852,  689,  463,  202,   74,  872, 1262,  155,  644,  923, 1093,  336,  522, 1034,  707, 1169,  706,  726,  818,  633,  935,  821,   39,  914,  637,  675,  935,  636, 1020,  935,  883,  336,  617,  920,  925,  546,  591,  469,  801,  556, 1012,  295,  952,  747, 1041,  454,  933,  927,  654,  900,  945,  848,  506,  997,  587,  493,  851,  736,  903,  898,  303,  998,  869,  595,  735,  907,  865,  938, 1130,  626,  841,  978,  307,  316,  610,  587,  890,  559, 1089,  603,  799,  855,  883,  896,  524,  718,  594,  902,  771,  598,  670,  580,  120,  562,  491,  218,  825, 1213,  865,  796,  238,  490, 1148,  586, 1166,  465,  924,  419,  797,  972,  973,  453,  213,  644,  456,  946,  534,  637,  607,  786,  842,  682,  726,  711,  308],
        [  455,    0,  165,  459,  537,  146,  681,  506,  105,  154,  114,  451,  583,   94,  207,  311,  520,  383,  382,  876,    0,  765,  303,  157,  613,  242,  529,  161,  507,  111,  331,  667,  724,  873,  370,  397,  731,  599,  635,  248,  615,  439,  238,  346,  294,  519,  641,  633,  673,  508,  308,  838,  200,  381,  222,   68,  453,  190,  385,  179,  540,  572,  571,  402,  504,  575,  702,  682,  327,  384,  584,  434,  336,  167,  507,  412,  181,  381,  664,  196,  322,  403,  129,  361,  570,  137,  487,   62,  602,  599,  383,  640,  282,  352,  292,  421,  723,  274,  504,   72,  203,  750,  568,  399,  601,  405,  618,  314,  510,   99,  183,  212,  363,  481,  299,  664,   49,  485,  394,  545,  352,  774,  611,  390,  741,  134,  337,  504,  652,  639,  388,  345,  293,  321,  433,  212,  612,  316,  105,  135,  588,  751,  238,  611,  294,  459,  688,  471,  416,  653,  369,  390,  229,  570],
        [  594,    0,  897,  769,  390,  736,  138,  658,  710,  867,  877,  880,  369,  703,  810, 1068,  573, 1144,  493,  119,  765,    0, 1063,  921,  775,  924,  300,  840,  539,  736,  601,  431,  166,  154,  754, 1154,   92,  538,  869,  977,  275,  404,  932,  622, 1057,  645,  684,  770,  599,  820,  733,   85,  814,  553,  560,  825,  564,  904,  852,  766,  229,  566,  858,  844,  431,  483,  446,  761,  442,  925,  192,  835,  629,  930,  336,  853,  809,  572,  852,  828,  761,  410,  887,  468,  438,  734,  670,  790,  789,  184,  912,  819,  483,  617,  789,  788,  895, 1023,  513,  727,  861,  299,  200,  528,  481,  810,  516,  990,  540,  691,  737,  765,  812,  451,  628,  560,  788,  704,  480,  560,  461,   98,  457,  377,  199,  722, 1101,  797,  692,  129,  378, 1047,  477, 1061,  347,  826,  369,  679,  859,  866,  344,  198,  530,  350,  854,  417,  606,  491,  710,  795,  564,  647,  593,  202],
        [  715,    0,  177,  659,  832,  393,  983,  674,  358,  272,  200,  595,  878,  383,  385,   21,  783,   82,  673, 1176,  303, 1063,    0,  157,  735,  304,  831,  314,  778,  336,  600,  953, 1027, 1175,  495,  176, 1033,  808,  812,  128,  915,  709,  286,  606,   28,  764,  879,  845,  932,  597,  526, 1138,  375,  658,  507,  255,  721,  186,  537,  338,  841,  836,  743,  561,  753,  802,  987,  902,  622,  486,  885,  508,  538,  155,  781,  567,  297,  653,  851,  288,  525,  704,  203,  629,  857,  347,  724,  274,  716,  892,  495,  837,  582,  556,  401,  611,  904,  169,  727,  337,  256, 1048,  865,  680,  827,  583,  891,  323,  781,  393,  365,  358,  537,  770,  564,  930,  275,  711,  647,  749,  626, 1076,  844,  687, 1044,  396,   62,  695,  810,  939,  687,  292,  596,  204,  723,  377,  906,  495,  204,  253,  850, 1054,  533,  870,  437,  720,  946,  706,  639,  858,  594,  638,  488,  871],
        [  561,    0,  118,  519,  676,  238,  835,  609,  236,  130,   46,  472,  722,  229,  241,  169,  629,  231,  517, 1032,  157,  921,  157,    0,  696,  191,  678,  169,  623,  224,  445,  797,  876, 1027,  446,  245,  886,  724,  682,  160,  762,  589,  176,  452,  142,  613,  732,  704,  780,  571,  379,  994,  231,  502,  375,  100,  566,  150,  409,  257,  696,  682,  614,  431,  646,  708,  831,  759,  484,  375,  739,  486,  452,   16,  658,  440,  229,  497,  718,  231,  381,  551,   49,  509,  701,  243,  576,  149,  681,  756,  380,  700,  439,  470,  353,  473,  773,  136,  634,  209,  214,  894,  725,  524,  734,  448,  736,  241,  626,  240,  277,  286,  402,  614,  409,  776,  144,  565,  536,  667,  503,  929,  747,  546,  892,  240,  182,  559,  753,  795,  544,  242,  448,  188,  589,  235,  750,  419,   85,  104,  735,  902,  394,  758,  307,  605,  794,  606,  493,  719,  497,  486,  371,  725],
        [  920,    0,  586, 1010,  856,  732,  799,  140,  512,  763,  679, 1041,  883,  656,  813,  724,  961,  799,  780,  883,  613,  775,  735,  696,    0,  851,  767,  774,  930,  503,  815,  992,  862,  928,  251,  905,  813,  242, 1185,  608,  843,  423,  843,  843,  750,  999, 1112, 1145, 1092,  144,  871,  856,  808,  828,  495,  667,  900,  562,  978,  445,  675,  998, 1132,  990,  355,  293, 1027, 1177,  536,  993,  711,  230,  297,  711,  461, 1002,  467,  841, 1200,  466,  895,  719,  705,  417,  920,  477,  988,  571,   24,  612,  990, 1170,  568,  288,  344,  987, 1261,  829,  270,  543,  489,  969,  631,  827,  298,  982, 1005,  919,  933,  649,  433,  413,  948,  848,  804, 1064,  583, 1003,  370,  216,  438,  850,  324,  564,  898,  713,  796, 1057,  112,  716,  583,  935,  614,  881,  526,  821,  909,  300,  615,  738,  432,  904,  535,  427,  900,  392, 1106,  305,  950, 1170,  310,  896,  437,  695],
        [  452,    0,  304,  363,  613,  189,  816,  747,  346,   88,  184,  292,  658,  241,  119,  323,  519,  350,  457, 1025,  242,  924,  304,  191,  851,    0,  646,   91,  523,  350,  359,  712,  846, 1006,  603,  271,  871,  837,  509,  349,  718,  658,   19,  354,  278,  485,  592,  548,  658,  737,  250,  987,  113,  420,  440,  185,  466,  337,  235,  408,  696,  570,  440,  258,  732,  810,  742,  606,  519,  187,  733,  657,  578,  180,  717,  265,  393,  409,  549,  401,  239,  520,  158,  584,  621,  375,  443,  280,  838,  780,  194,  536,  464,  593,  517,  313,  601,  151,  740,  314,  392,  835,  741,  446,  836,  284,  634,   75,  525,  254,  418,  440,  239,  543,  323,  663,  268,  424,  623,  784,  571,  911,  844,  571,  854,  206,  290,  396,  893,  795,  562,  124,  454,  159,  627,  105,  682,  556,  249,  113,  806,  864,  438,  831,  137,  682,  671,  706,  355,  560,  607,  370,  463,  722],
        [  298,    0,  683,  471,  111,  465,  174,  629,  506,  602,  633,  581,  121,  450,  529,  839,  287,  909,  196,  385,  529,  300,  831,  678,  767,  646,    0,  569,  251,  536,  305,  227,  201,  361,  651,  895,  230,  577,  584,  767,   90,  345,  657,  324,  820,  357,  421,  495,  360,  759,  437,  348,  534,  254,  372,  579,  268,  698,  554,  588,  119,  295,  566,  545,  427,  518,  261,  498,  263,  629,  122,  740,  525,  685,  326,  554,  626,  273,  574,  646,  465,  129,  638,  361,  176,  543,  377,  569,  773,  239,  615,  540,  271,  521,  649,  489,  623,  762,  504,  512,  674,  231,  191,  229,  532,  511,  267,  707,  253,  439,  563,  599,  514,  156,  334,  324,  564,  410,  401,  566,  342,  268,  518,  211,  214,  454,  859,  502,  722,  183,  195,  768,  242,  793,  242,  544,  143,  562,  632,  606,  404,  224,  328,  427,  562,  379,  371,  465,  411,  521,  477,  348,  428,  124],
        [  405,    0,  261,  351,  546,  105,  737,  665,  264,   42,  141,  311,  592,  151,   73,  330,  473,  376,  387,  944,  161,  840,  314,  169,  774,   91,  569,    0,  472,  272,  298,  655,  770,  928,  530,  329,  791,  750,  515,  324,  645,  567,   94,  299,  293,  451,  566,  536,  620,  667,  213,  906,   63,  358,  350,  117,  414,  294,  246,  336,  612,  526,  448,  267,  642,  721,  687,  591,  430,  228,  650,  590,  494,  164,  627,  276,  329,  350,  551,  340,  213,  442,  122,  494,  561,  298,  411,  209,  763,  693,  230,  532,  375,  509,  448,  305,  606,  197,  653,  232,  337,  768,  654,  383,  747,  281,  585,  165,  474,  164,  343,  369,  235,  478,  261,  620,  196,  399,  534,  698,  481,  832,  755,  483,  780,  119,  318,  391,  811,  712,  475,  211,  367,  225,  537,   68,  618,  477,  198,   65,  716,  790,  348,  741,  146,  592,  634,  617,  327,  551,  521,  326,  375,  639],
        [   74,    0,  671,  242,  150,  386,  403,  792,  534,  512,  582,  365,  177,  414,  408,  792,   37,  846,  153,  602,  507,  539,  778,  623,  930,  523,  251,  472,    0,  564,  179,  193,  401,  559,  758,  793,  456,  778,  334,  752,  267,  535,  538,  173,  760,  107,  185,  246,  172,  887,  275,  570,  417,  127,  454,  531,   58,  696,  358,  633,  365,   70,  320,  342,  627,  724,  220,  258,  395,  442,  373,  846,  649,  624,  541,  348,  659,  127,  323,  678,  293,  219,  576,  517,  115,  581,  134,  564,  931,  486,  427,  290,  365,  652,  725,  274,  374,  665,  691,  525,  698,  338,  437,  114,  742,  304,  114,  566,    4,  409,  617,  656,  324,   99,  215,  158,  554,  169,  567,  754,  495,  483,  733,  381,  392,  386,  789,  263,  908,  431,  360,  631,  319,  682,  437,  421,  190,  671,  607,  527,  631,  400,  408,  656,  404,  571,  187,  648,  197,  273,  622,  156,  519,  374],
        [  522,    0,  163,  553,  567,  245,  670,  398,   32,  262,  192,  556,  610,  175,  316,  338,  583,  418,  424,  852,  111,  736,  336,  224,  503,  350,  536,  272,  564,    0,  398,  704,  720,  858,  259,  466,  715,  502,  731,  241,  626,  373,  344,  418,  336,  593,  716,  718,  735,  398,  402,  815,  310,  439,  177,  167,  514,  168,  491,   75,  523,  632,  669,  506,  424,  485,  741,  764,  297,  495,  568,  326,  233,  238,  446,  517,   96,  443,  756,  116,  420,  421,  216,  294,  610,   27,  567,   77,  491,  560,  493,  731,  268,  250,  185,  519,  816,  357,  411,   46,  140,  765,  537,  452,  511,  506,  669,  420,  567,  173,   73,  105,  466,  521,  372,  720,   86,  570,  315,  446,  290,  759,  524,  362,  742,  229,  384,  599,  544,  617,  366,  444,  295,  407,  391,  322,  640,  207,  142,  239,  517,  752,  213,  538,  403,  386,  750,  383,  503,  740,  274,  467,  153,  553],
        [  125,    0,  494,  208,  255,  207,  479,  681,  370,  337,  404,  291,  300,  238,  241,  614,  190,  669,  110,  689,  331,  601,  600,  445,  815,  359,  305,  298,  179,  398,    0,  357,  499,  661,  616,  624,  535,  700,  374,  575,  366,  465,  373,   30,  582,  196,  319,  332,  343,  752,  133,  653,  248,   62,  321,  353,  123,  520,  253,  470,  385,  242,  328,  248,  558,  653,  390,  371,  306,  324,  412,  700,  521,  446,  495,  258,  491,   53,  386,  510,  161,  196,  398,  422,  264,  418,  175,  389,  812,  494,  311,  356,  257,  528,  570,  205,  446,  494,  605,  356,  527,  476,  447,   88,  675,  219,  292,  412,  182,  234,  458,  496,  213,  185,   37,  335,  378,  188,  473,  665,  401,  571,  672,  322,  502,  207,  613,  252,  811,  476,  304,  476,  217,  515,  386,  255,  324,  534,  429,  350,  591,  512,  281,  617,  259,  499,  358,  562,  142,  356,  509,   81,  383,  406],
        [  266,    0,  830,  423,  142,  562,  298,  853,  673,  694,  754,  549,  109,  576,  595,  966,  208, 1024,  285,  463,  667,  431,  953,  797,  992,  712,  227,  655,  193,  704,  357,    0,  269,  406,  859,  980,  340,  803,  468,  914,  173,  571,  727,  358,  937,  272,  265,  359,  171,  975,  466,  437,  603,  297,  562,  701,  248,  852,  548,  767,  337,  172,  476,  530,  654,  744,   38,  339,  470,  633,  320,  949,  737,  800,  552,  536,  799,  306,  441,  819,  485,  293,  751,  580,   97,  717,  312,  718,  997,  446,  618,  411,  461,  736,  844,  462,  476,  850,  731,  671,  843,  164,  404,  274,  757,  492,  103,  757,  191,  568,  746,  784,  515,  186,  394,  132,  710,  346,  624,  793,  560,  352,  742,  430,  245,  558,  969,  434,  948,  359,  411,  823,  421,  870,  467,  609,   85,  770,  770,  706,  626,  251,  515,  647,  596,  605,  176,  691,  386,  382,  695,  347,  625,  330],
        [  464,    0,  873,  640,  257,  666,   63,  733,  691,  802,  831,  759,  224,  649,  728, 1035,  432, 1106,  392,  202,  724,  166, 1027,  876,  862,  846,  201,  770,  401,  720,  499,  269,    0,  163,  794, 1096,   75,  639,  722,  957,  137,  452,  857,  515, 1017,  504,  529,  618,  439,  883,  630,  172,  734,  443,  547,  777,  436,  886,  740,  764,  206,  416,  718,  728,  508,  580,  281,  604,  429,  819,  161,  881,  665,  883,  401,  736,  805,  460,  701,  824,  656,  329,  837,  496,  291,  724,  535,  760,  872,  252,  804,  669,  453,  657,  810,  666,  740,  962,  592,  701,  855,  135,  232,  416,  585,  692,  360,  906,  401,  638,  737,  771,  701,  326,  531,  400,  757,  570,  523,  648,  482,   85,  564,  365,   39,  655, 1057,  663,  794,  147,  357,  968,  432,  994,  365,  743,  217,  710,  826,  806,  444,   44,  508,  458,  758,  476,  445,  561,  587,  643,  607,  529,  595,  178],
        [  625,    0, 1015,  800,  418,  824,  193,  810,  830,  959,  982,  920,  383,  802,  889, 1182,  588, 1255,  554,   74,  873,  154, 1175, 1027,  928, 1006,  361,  928,  559,  858,  661,  406,  163,    0,  899, 1251,  143,  691,  871, 1097,  299,  548, 1017,  677, 1166,  659,  671,  765,  575,  970,  792,   78,  894,  606,  682,  928,  597, 1026,  902,  895,  336,  567,  873,  890,  582,  636,  409,  744,  562,  981,  291,  981,  772, 1035,  484,  898,  937,  622,  846,  956,  818,  487,  989,  607,  447,  859,  693,  904,  942,  328,  967,  816,  595,  761,  927,  827,  881, 1119,  665,  843,  988,  246,  331,  579,  634,  854,  505, 1067,  559,  790,  867,  897,  864,  488,  693,  537,  902,  727,  624,  713,  597,   99,  610,  496,  168,  811, 1208,  821,  845,  244,  492, 1128,  580, 1152,  479,  904,  371,  821,  972,  961,  497,  160,  647,  503,  920,  564,  578,  642,  748,  787,  709,  691,  723,  306],
        [  733,    0,  338,  795,  717,  499,  734,  183,  274,  516,  428,  811,  753,  425,  574,  486,  784,  565,  607,  872,  370,  754,  495,  446,  251,  603,  651,  530,  758,  259,  616,  859,  794,  899,    0,  661,  765,  334,  973,  368,  737,  351,  595,  641,  508,  810,  929,  947,  928,  141,  649,  838,  568,  642,  305,  419,  718,  316,  746,  196,  590,  828,  915,  760,  339,  347,  895,  986,  390,  753,  633,   91,  129,  461,  419,  772,  217,  651,  994,  217,  670,  568,  455,  299,  774,  233,  791,  324,  236,  572,  752,  966,  400,  138,   96,  766, 1055,  579,  277,  302,  243,  876,  571,  647,  368,  757,  849,  670,  761,  419,  187,  163,  719,  691,  598,  906,  336,  800,  276,  275,  314,  807,  391,  441,  825,  481,  555,  843,  316,  661,  456,  685,  444,  631,  430,  581,  781,   89,  365,  490,  444,  833,  352,  455,  662,  339,  943,  278,  740,  971,  191,  694,  240,  616],
        [  722,    0,  326,  626,  874,  431, 1059,  835,  480,  294,  285,  534,  920,  452,  385,  192,  789,  147,  716, 1262,  397, 1154,  176,  245,  905,  271,  895,  329,  793,  466,  624,  980, 1096, 1251,  661,    0, 1112,  960,  752,  300,  973,  833,  255,  622,  157,  755,  859,  807,  928,  769,  520, 1224,  377,  685,  618,  333,  735,  346,  489,  487,  927,  841,  685,  513,  889,  948, 1011,  866,  723,  417,  968,  680,  688,  232,  902,  516,  451,  675,  796,  447,  509,  767,  270,  754,  887,  483,  712,  393,  887,  994,  430,  788,  675,  706,  566,  575,  842,  134,  873,  453,  419, 1096,  961,  711,  974,  544,  904,  247,  795,  464,  511,  513,  502,  807,  588,  933,  388,  691,  780,  902,  747, 1154,  988,  784, 1107,  441,  116,  653,  975, 1027,  780,  188,  678,  113,  829,  372,  946,  649,  324,  290,  979, 1117,  634, 1002,  402,  850,  941,  848,  624,  815,  737,  640,  615,  955],
        [  515,    0,  873,  691,  308,  687,   57,  689,  687,  821,  841,  806,  283,  662,  755, 1039,  489, 1113,  426,  155,  731,   92, 1033,  886,  813,  871,  230,  791,  456,  715,  535,  340,   75,  143,  765, 1112,    0,  584,  784,  955,  190,  416,  881,  554, 1024,  561,  595,  683,  509,  844,  667,  118,  760,  483,  539,  787,  486,  883,  782,  753,  193,  479,  776,  772,  461,  526,  354,  672,  419,  858,  148,  849,  637,  894,  358,  781,  795,  501,  764,  814,  694,  352,  848,  469,  352,  716,  589,  762,  825,  202,  844,  732,  452,  627,  789,  714,  806,  980,  545,  700,  846,  210,  194,  457,  529,  737,  426,  935,  457,  650,  725,  756,  743,  373,  564,  470,  759,  624,  490,  598,  458,   45,  507,  354,  110,  674, 1067,  717,  740,  105,  349,  994,  438, 1014,  340,  770,  280,  684,  829,  822,  387,  112,  504,  399,  792,  436,  515,  518,  635,  707,  575,  574,  581,  163],
        [  784,    0,  636,  907,  678,  679,  577,  162,  497,  751,  693,  965,  697,  607,  768,  803,  812,  884,  638,  644,  599,  538,  808,  724,  242,  837,  577,  750,  778,  502,  700,  803,  639,  691,  334,  960,  584,    0, 1071,  686,  641,  244,  835,  729,  816,  863,  963, 1012,  925,  326,  787,  618,  765,  697,  410,  664,  760,  623,  908,  474,  470,  841, 1027,  914,  152,   60,  835, 1034,  396,  943,  499,  378,  273,  738,  252,  926,  512,  713, 1078,  521,  815,  560,  717,  280,  744,  481,  861,  578,  259,  388,  937, 1046,  444,  255,  417,  895, 1136,  858,   99,  529,  553,  756,  415,  688,   58,  898,  834,  910,  781,  596,  450,  451,  872,  686,  699,  893,  586,  882,  230,   60,  301,  618,   83,  398,  676,  658,  865,  952,  156,  493,  419,  943,  485,  909,  344,  780,  719,  314,  640,  733,  197,  682,  433,  189,  849,  207,  938,  140,  842, 1039,  231,  780,  375,  485],
        [  297,    0,  773,  179,  481,  490,  732, 1052,  708,  553,  656,  220,  502,  556,  445,  831,  298,  856,  440,  923,  635,  869,  812,  682, 1185,  509,  584,  515,  334,  731,  374,  468,  722,  871,  973,  752,  784, 1071,    0,  839,  595,  832,  527,  345,  787,  228,  208,  112,  312, 1113,  329,  893,  455,  377,  691,  622,  326,  805,  275,  805,  696,  306,   69,  252,  926, 1022,  474,  157,  676,  336,  706, 1052,  890,  675,  853,  245,  814,  360,   48,  830,  314,  529,  637,  794,  433,  755,  216,  695, 1181,  817,  324,   62,  630,  898,  914,  215,   92,  655,  977,  685,  836,  631,  767,  390, 1043,  235,  367,  508,  332,  559,  799,  835,  281,  430,  382,  345,  682,  190,  846, 1038,  773,  806, 1038,  682,  706,  504,  797,  132, 1184,  765,  662,  564,  588,  646,  744,  448,  505,  896,  707,  579,  947,  713,  653,  973,  377,  868,  315,  934,  236,   97,  881,  293,  749,  707],
