{
    "name": "random-2-4009",
    "comment": "size=2 seed=4009",
    "nodes": ["+0", "-0", "+1", "-1", "+2", "-2"],
    "precedence": {
        "+0": "-0",
        "+1": "-1",
        "+2": "-2"
    },
    "edges": [
        [    0,    0,  341,  144,  331,  304],
        [    0,    0,  341,  144,  331,  304],
        [  341,  341,    0,  452,  503,  639],
        [  144,  144,  452,    0,  435,  262],
        [  331,  331,  503,  435,    0,  360],
        [  304,  304,  639,  262,  360,    0]
    ]
}
