{
    "name": "random-14-17448",
    "comment": "size=14 seed=17448",
    "nodes": ["+0", "-0", "+1", "-1", "+2", "-2", "+3", "-3", "+4", "-4", "+5", "-5", "+6", "-6", "+7", "-7", "+8", "-8", "+9", "-9", "+10", "-10", "+11", "-11", "+12", "-12", "+13", "-13", "+14", "-14"],
    "precedence": {
        "+0": "-0",
        "+1": "-1",
        "+2": "-2",
        "+3": "-3",
        "+4": "-4",
        "+5": "-5",
        "+6": "-6",
        "+7": "-7",
        "+8": "-8",
        "+9": "-9",
        "+10": "-10",
        "+11": "-11",
        "+12": "-12",
        "+13": "-13",
        "+14": "-14"
    },
    "edges": [
        [    0,    0,  442,  550,  431,  508,  327,  374,  460,   88,  566,  539,  656,  236,  107,  586,  312,  479,  661,  445,  188,  361,  438,  333,   51,  434,  239,  447,  341,  592],
        [    0,    0,  442,  550,  431,  508,  327,  374,  460,   88,  566,  539,  656,  236,  107,  586,  312,  479,  661,  445,  188,  361,  438,  333,   51,  434,  239,  447,  341,  592],
        [  442,  442,    0,  605,  517,  881,  670,  755,  870,  517,  225,  948,  592,  641,  390,  625,  585,  332,  770,  837,  255,   98,   74,  676,  464,  817,  680,  676,  183,  697],
        [  550,  550,  605,    0,  119,  546,  401,  494,  620,  618,  829,  672,  170,  755,  622,   39,  860,  294,  167,  557,  541,  523,  665,  402,  511,  526,  675,  994,  680,  100],
        [  431,  431,  517,  119,    0,  500,  323,  424,  555,  502,  737,  616,  247,  642,  503,  155,  741,  244,  262,  496,  426,  429,  572,  325,  394,  466,  570,  875,  573,  187],
        [  508,  508,  881,  546,  500,    0,  213,  134,  121,  496, 1054,  134,  716,  534,  612,  576,  727,  723,  515,   76,  662,  785,  904,  207,  462,   75,  397,  845,  834,  496],
        [  327,  327,  670,  401,  323,  213,    0,  103,  235,  342,  848,  303,  563,  432,  433,  437,  598,  524,  434,  182,  458,  573,  695,    7,  277,  156,  314,  728,  633,  386],
        [  374,  374,  755,  494,  424,  134,  103,    0,  133,  366,  922,  202,  659,  421,  479,  529,  606,  625,  506,   83,  530,  660,  775,  100,  328,   63,  288,  729,  701,  468],
        [  460,  460,  870,  620,  555,  121,  235,  133,    0,  429, 1022,   80,  787,  439,  558,  653,  638,  757,  613,   65,  632,  776,  883,  232,  420,   96,  303,  748,  798,  584],
        [   88,   88,  517,  618,  502,  496,  342,  366,  429,    0,  620,  505,  734,  150,  140,  655,  259,  565,  717,  426,  263,  441,  505,  348,  109,  421,  167,  393,  396,  651],
        [  566,  566,  225,  829,  737, 1054,  848,  922, 1022,  620,    0, 1102,  815,  710,  480,  849,  590,  556,  993, 1000,  393,  309,  166,  854,  603,  984,  786,  640,  226,  919],
        [  539,  539,  948,  672,  616,  134,  303,  202,   80,  505, 1102,    0,  841,  505,  636,  703,  705,  826,  648,  122,  712,  854,  962,  299,  500,  151,  370,  810,  877,  627],
        [  656,  656,  592,  170,  247,  716,  563,  659,  787,  734,  815,  841,    0,  879,  710,  145,  957,  261,  279,  725,  601,  531,  662,  564,  625,  694,  815, 1088,  709,  244],
        [  236,  236,  641,  755,  642,  534,  432,  421,  439,  150,  710,  505,  879,    0,  252,  793,  201,  714,  841,  459,  395,  575,  618,  436,  256,  464,  138,  311,  496,  779],
        [  107,  107,  390,  622,  503,  612,  433,  479,  558,  140,  480,  636,  710,  252,    0,  657,  250,  502,  746,  548,  148,  326,  370,  439,  157,  538,  306,  379,  257,  674],
        [  586,  586,  625,   39,  155,  576,  437,  529,  653,  655,  849,  703,  145,  793,  657,    0,  896,  306,  158,  590,  572,  546,  687,  437,  548,  559,  713, 1030,  708,  104],
        [  312,  312,  585,  860,  741,  727,  598,  606,  638,  259,  590,  705,  957,  201,  250,  896,    0,  750,  971,  652,  384,  546,  541,  603,  355,  654,  336,  136,  410,  902],
        [  479,  479,  332,  294,  244,  723,  524,  625,  757,  565,  556,  826,  261,  714,  502,  306,  750,    0,  460,  705,  371,  272,  401,  527,  464,  677,  686,  872,  454,  393],
        [  661,  661,  770,  167,  262,  515,  434,  506,  613,  717,  993,  648,  279,  841,  746,  158,  971,  460,    0,  548,  685,  686,  829,  432,  616,  519,  740, 1106,  835,   76],
        [  445,  445,  837,  557,  496,   76,  182,   83,   65,  426, 1000,  122,  725,  459,  548,  590,  652,  705,  548,    0,  608,  742,  855,  178,  401,   32,  321,  769,  778,  520],
        [  188,  188,  255,  541,  426,  662,  458,  530,  632,  263,  393,  712,  601,  395,  148,  572,  384,  371,  685,  608,    0,  180,  252,  464,  215,  592,  426,  502,  175,  610],
        [  361,  361,   98,  523,  429,  785,  573,  660,  776,  441,  309,  854,  531,  575,  326,  546,  546,  272,  686,  742,  180,    0,  144,  579,  377,  721,  600,  651,  186,  611],
        [  438,  438,   74,  665,  572,  904,  695,  775,  883,  505,  166,  962,  662,  618,  370,  687,  541,  401,  829,  855,  252,  144,    0,  701,  467,  837,  671,  623,  131,  754],
        [  333,  333,  676,  402,  325,  207,    7,  100,  232,  348,  854,  299,  564,  436,  439,  437,  603,  527,  432,  178,  464,  579,  701,    0,  283,  151,  317,  733,  639,  385],
        [   51,   51,  464,  511,  394,  462,  277,  328,  420,  109,  603,  500,  625,  256,  157,  548,  355,  464,  616,  401,  215,  377,  467,  283,    0,  389,  230,  491,  378,  548],
        [  434,  434,  817,  526,  466,   75,  156,   63,   96,  421,  984,  151,  694,  464,  538,  559,  654,  677,  519,   32,  592,  721,  837,  151,  389,    0,  327,  774,  763,  489],
        [  239,  239,  680,  675,  570,  397,  314,  288,  303,  167,  786,  370,  815,  138,  306,  713,  336,  686,  740,  321,  426,  600,  671,  317,  230,  327,    0,  449,  562,  684],
        [  447,  447,  676,  994,  875,  845,  728,  729,  748,  393,  640,  810, 1088,  311,  379, 1030,  136,  872, 1106,  769,  502,  651,  623,  733,  491,  774,  449,    0,  494, 1038],
        [  341,  341,  183,  680,  573,  834,  633,  701,  798,  396,  226,  877,  709,  496,  257,  708,  410,  454,  835,  778,  175,  186,  131,  639,  378,  763,  562,  494,    0,  760],
        [  592,  592,  697,  100,  187,  496,  386,  468,  584,  651,  919,  627,  244,  779,  674,  104,  902,  393,   76,  520,  610,  611,  754,  385,  548,  489,  684, 1038,  760,    0]
    ]
}
