{
    "name": "random-45-27896",
    "comment": "size=45 seed=27896",
    "nodes": ["+0", "-0", "+1", "-1", "+2", "-2", "+3", "-3", "+4", "-4", "+5", "-5", "+6", "-6", "+7", "-7", "+8", "-8", "+9", "-9", "+10", "-10", "+11", "-11", "+12", "-12", "+13", "-13", "+14", "-14", "+15", "-15", "+16", "-16", "+17", "-17", "+18", "-18", "+19", "-19", "+20", "-20", "+21", "-21", "+22", "-22", "+23", "-23", "+24", "-24", "+25", "-25", "+26", "-26", "+27", "-27", "+28", "-28", "+29", "-29", "+30", "-30", "+31", "-31", "+32", "-32", "+33", "-33", "+34", "-34", "+35", "-35", "+36", "-36", "+37", "-37", "+38", "-38", "+39", "-39", "+40", "-40", "+41", "-41", "+42", "-42", "+43", "-43", "+44", "-44", "+45", "-45"],
    "precedence": {
        "+0": "-0",
        "+1": "-1",
        "+2": "-2",
        "+3": "-3",
        "+4": "-4",
        "+5": "-5",
        "+6": "-6",
        "+7": "-7",
        "+8": "-8",
        "+9": "-9",
        "+10": "-10",
        "+11": "-11",
        "+12": "-12",
        "+13": "-13",
        "+14": "-14",
        "+15": "-15",
        "+16": "-16",
        "+17": "-17",
        "+18": "-18",
        "+19": "-19",
        "+20": "-20",
        "+21": "-21",
        "+22": "-22",
        "+23": "-23",
        "+24": "-24",
        "+25": "-25",
        "+26": "-26",
        "+27": "-27",
        "+28": "-28",
        "+29": "-29",
        "+30": "-30",
        "+31": "-31",
        "+32": "-32",
        "+33": "-33",
        "+34": "-34",
        "+35": "-35",
        "+36": "-36",
        "+37": "-37",
        "+38": "-38",
        "+39": "-39",
        "+40": "-40",
        "+41": "-41",
        "+42": "-42",
        "+43": "-43",
        "+44": "-44",
        "+45": "-45"
    },
    "edges": [
        [    0,    0,  759,  523,  142,  596,  728,  700,  914,  907,  459,  527, 1009,  127,  642,  977,  344,  838, 1014,  455,  912,  204,  934,   85,   41,  677,  537,  249,  620,   69,  616,  945,  244,  251,  848,  545,  745,  605,  306,  627,  601,  538,  957,  570,  868,  722,  685,  467,  200,  115,  610,  734,  563,  724,  297,  241,  377,  770,  140,  107,  914,  695,  305,  723,  783,  551,  585,  155,  549,  663,  559,  740,  815, 1089,  862,  483,  970,  208,  750,  571,  645,  190,  400,  717,  642,   55,  741,  823,  863, 1047,  639,  482],
        [    0,    0,    0,    0,    0,    0,    0,    0,    0,    0,    0,    0,    0,    0,    0,    0,    0,    0,    0,    0,    0,    0,    0,    0,    0,    0,    0,    0,    0,    0,    0,    0,    0,    0,    0,    0,    0,    0,    0,    0,    0,    0,    0,    0,    0,    0,    0,    0,    0,    0,    0,    0,    0,    0,    0,    0,    0,    0,    0,    0,    0,    0,    0,    0,    0,    0,    0,    0,    0,    0,    0,    0,    0,    0,    0,    0,    0,    0,    0,    0,    0,    0,    0,    0,    0,    0,    0,    0,    0,    0,    0,    0],
        [  759,    0,    0,  388,  720,  386,  214,  246,  313,  640,  640,  515,  424,  794,  219,  498,  553,  692,  364,  803,  522,  577,  889,  742,  719,  693,  232,  538,  754,  763,  347,  245,  615,  966,  820,  236,  301,  247,  492,  208,  179,  577,  337,  550,  171,  285,  339,  298,  635,  713,  426,  153,  199,  696,  470,  565,  706,  280,  729,  670,  338,   64,  796,  716,   50,  267,  328,  630,  291,  212,  220,  209,  184,  364,  276,  434,  362,  564,  142,  315,  114,  931,  611,  427,  492,  742,  663,  831,  105,  309,  620,  778],
        [  523,    0,  388,    0,  559,   75,  511,  203,  407,  429,  254,  609,  491,  502,  445,  454,  519,  409,  512,  420,  398,  321,  581,  470,  491,  337,  204,  277,  376,  560,  532,  474,  301,  662,  497,  341,  585,  435,  222,  182,  221,  195,  451,  177,  410,  211,  163,  202,  338,  433,  104,  277,  295,  357,  260,  449,  332,  259,  435,  479,  402,  343,  441,  371,  381,  397,   74,  369,  101,  459,  340,  255,  341,  617,  359,  507,  460,  321,  476,  468,  304,  650,  234,  202,  661,  484,  340,  496,  477,  590,  263,  392],
        [  142,    0,  720,  559,    0,  633,  652,  709,  919,  971,  554,  404, 1022,  268,  570, 1009,  227,  917, 1014,  580,  956,  253, 1033,  217,  129,  770,  519,  290,  726,   83,  519,  930,  330,  380,  945,  490,  654,  531,  341,  624,  583,  618,  960,  643,  850,  738,  712,  450,  289,  235,  656,  724,  521,  814,  303,  157,  490,  783,  266,   87,  924,  657,  437,  816,  752,  481,  609,  226,  559,  590,  506,  741,  806, 1069,  866,  379,  977,  245,  686,  485,  610,  310,  491,  760,  522,  187,  823,  924,  821, 1022,  722,  601],
        [  596,    0,  386,   75,  633,    0,  536,  165,  351,  360,  281,  668,  426,  569,  479,  382,  588,  353,  455,  450,  323,  394,  535,  540,  564,  311,  242,  351,  370,  634,  577,  432,  368,  724,  456,  384,  615,  474,  296,  181,  240,  198,  393,  166,  377,  158,   98,  258,  407,  502,   45,  254,  331,  321,  334,  522,  374,  205,  502,  553,  341,  351,  492,  338,  370,  441,   63,  441,  131,  490,  380,  219,  304,  572,  306,  565,  399,  395,  492,  514,  320,  716,  278,  128,  712,  555,  296,  460,  465,  551,  237,  415],
        [  728,    0,  214,  511,  652,  536,    0,  433,  525,  837,  743,  347,  636,  795,   88,  710,  444,  873,  569,  891,  728,  585, 1066,  736,  689,  844,  310,  558,  886,  713,  166,  445,  652,  964,  990,  201,   89,  124,  528,  361,  297,  705,  548,  687,  379,  476,  518,  344,  658,  715,  580,  353,  223,  856,  481,  499,  783,  482,  739,  626,  551,  203,  845,  873,  262,  178,  474,  633,  413,   66,  193,  409,  397,  538,  488,  295,  574,  568,   76,  171,  218,  915,  699,  608,  294,  727,  830,  995,  256,  476,  770,  874],
        [  700,    0,  246,  203,  709,  165,  433,    0,  214,  405,  444,  645,  314,  696,  397,  321,  611,  447,  316,  613,  308,  497,  644,  658,  664,  455,  212,  453,  528,  726,  516,  272,  496,  860,  574,  334,  519,  405,  397,   97,  167,  361,  257,  326,  212,   45,   95,  269,  530,  622,  196,   97,  275,  454,  410,  574,  532,   76,  628,  638,  216,  231,  644,  474,  219,  391,  130,  550,  152,  402,  324,   55,  140,  414,  162,  545,  271,  492,  374,  462,  221,  843,  434,  181,  662,  667,  419,  587,  309,  389,  385,  580],
        [  914,    0,  313,  407,  919,  351,  525,  214,    0,  400,  624,  807,  115,  907,  523,  199,  803,  493,  105,  790,  257,  711,  687,  871,  877,  572,  407,  666,  666,  939,  652,  134,  706, 1069,  639,  500,  613,  544,  610,  296,  348,  528,   44,  486,  154,  197,  254,  472,  741,  834,  364,  207,  443,  553,  623,  779,  723,  148,  839,  850,   32,  341,  842,  575,  264,  548,  336,  763,  365,  520,  486,  178,  134,  238,   53,  715,   59,  706,  452,  610,  362, 1054,  627,  286,  799,  881,  509,  664,  303,  240,  515,  751],
        [  907,    0,  640,  429,  971,  360,  837,  405,  400,    0,  473, 1023,  372,  847,  800,  239,  947,  127,  463,  591,  147,  721,  294,  836,  882,  294,  585,  682,  400,  957,  914,  534,  664,  970,  266,  724,  924,  805,  633,  488,  561,  375,  418,  339,  532,  362,  328,  615,  708,  799,  325,  489,  666,  248,  683,  875,  581,  360,  788,  887,  370,  635,  709,  266,  603,  782,  410,  758,  481,  806,  717,  432,  473,  618,  400,  920,  401,  727,  776,  856,  625,  984,  517,  243, 1056,  859,  206,  300,  674,  635,  288,  545],
        [  459,    0,  640,  254,  554,  281,  743,  444,  624,  473,    0,  755,  683,  379,  667,  606,  615,  385,  728,  169,  519,  312,  480,  379,  442,  219,  435,  290,  179,  519,  728,  713,  225,  499,  392,  552,  807,  648,  270,  435,  468,  106,  665,  149,  656,  438,  373,  403,  267,  344,  261,  528,  520,  266,  338,  510,  111,  483,  327,  469,  611,  592,  240,  265,  635,  599,  321,  329,  350,  684,  556,  498,  584,  851,  583,  662,  668,  327,  718,  663,  549,  513,   66,  350,  834,  406,  286,  370,  731,  832,  188,  138],
        [  527,    0,  515,  609,  404,  668,  347,  645,  807, 1023,  755,    0,  921,  634,  299,  963,  184, 1018,  875,  856,  950,  481, 1185,  572,  495,  927,  440,  480,  929,  484,  181,  759,  575,  777, 1099,  312,  305,  269,  487,  549,  478,  766,  839,  768,  683,  687,  700,  410,  558,  568,  708,  603,  371,  957,  419,  296,  745,  715,  600,  423,  825,  470,  754,  968,  562,  259,  614,  504,  543,  311,  324,  648,  674,  871,  760,  103,  863,  461,  412,  200,  445,  711,  694,  781,  118,  550,  946, 1091,  589,  812,  859,  858],
        [ 1009,    0,  424,  491, 1022,  426,  636,  314,  115,  372,  683,  921,    0,  993,  637,  135,  914,  484,  100,  843,  227,  805,  665,  960,  973,  596,  516,  760,  697, 1038,  766,  212,  791, 1149,  630,  614,  722,  659,  704,  403,  459,  581,   89,  538,  258,  287,  329,  579,  829,  923,  429,  321,  557,  567,  722,  886,  788,  240,  925,  950,  100,  456,  912,  589,  375,  663,  424,  856,  464,  633,  600,  286,  248,  252,  164,  829,   63,  802,  562,  725,  477, 1140,  696,  334,  913,  972,  521,  660,  402,  280,  549,  801],
        [  127,    0,  794,  502,  268,  569,  795,  696,  907,  847,  379,  634,  993,    0,  708,  945,  451,  764, 1011,  343,  871,  218,  841,   63,  144,  594,  564,  257,  523,  194,  701,  956,  202,  173,  757,  601,  824,  674,  307,  636,  624,  472,  951,  510,  882,  711,  664,  496,  167,   82,  574,  745,  607,  643,  326,  339,  282,  760,   69,  214,  903,  731,  187,  639,  812,  618,  572,  166,  550,  730,  614,  742,  822, 1101,  857,  578,  961,  232,  807,  650,  681,  148,  330,  680,  745,   86,  665,  728,  898, 1065,  566,  375],
        [  642,    0,  219,  445,  570,  479,   88,  397,  523,  800,  667,  299,  637,  708,    0,  696,  369,  825,  582,  811,  702,  498, 1013,  649,  602,  781,  242,  472,  816,  629,  130,  463,  566,  877,  934,  117,  141,   39,  444,  313,  243,  636,  551,  622,  389,  441,  474,  265,  572,  627,  523,  331,  151,  797,  394,  415,  701,  456,  652,  541,  545,  183,  760,  813,  267,   91,  416,  545,  351,   22,  111,  383,  390,  573,  480,  229,  576,  481,  122,  103,  177,  828,  620,  564,  277,  639,  774,  937,  291,  514,  707,  796],
        [  977,    0,  498,  454, 1009,  382,  710,  321,  199,  239,  606,  963,  135,  945,  696,    0,  930,  357,  232,  756,  101,  775,  532,  920,  945,  487,  532,  731,  592, 1014,  822,  326,  746, 1092,  502,  651,  799,  712,  675,  418,  486,  501,  200,  457,  351,  282,  297,  586,  786,  882,  371,  366,  592,  453,  706,  884,  715,  248,  879,  931,  168,  515,  843,  474,  452,  706,  400,  822,  456,  696,  639,  316,  315,  386,  224,  865,  177,  775,  640,  773,  524, 1091,  629,  265,  970,  936,  406,  534,  500,  411,  450,  712],
        [  344,    0,  553,  519,  227,  588,  444,  611,  803,  947,  615,  184,  914,  451,  369,  930,    0,  921,  886,  695,  898,  317, 1071,  390,  312,  807,  400,  326,  793,  303,  298,  785,  414,  594,  983,  318,  435,  330,  349,  515,  456,  644,  841,  656,  705,  649,  643,  345,  390,  388,  623,  597,  366,  842,  283,  117,  588,  686,  421,  240,  815,  494,  581,  850,  593,  290,  545,  331,  479,  388,  334,  629,  677,  915,  752,  156,  861,  298,  490,  274,  455,  529,  550,  712,  299,  367,  840,  970,  646,  861,  745,  703],
        [  838,    0,  692,  409,  917,  353,  873,  447,  493,  127,  385, 1018,  484,  764,  825,  357,  921,    0,  569,  483,  258,  665,  199,  762,  817,  182,  594,  630,  284,  893,  929,  623,  596,  875,  148,  736,  957,  824,  587,  514,  582,  301,  518,  274,  609,  408,  356,  609,  640,  726,  311,  540,  682,  132,  645,  838,  488,  421,  710,  831,  465,  675,  612,  146,  660,  794,  413,  696,  483,  834,  731,  485,  542,  723,  482,  916,  505,  674,  819,  867,  656,  896,  439,  266, 1065,  787,  100,  178,  741,  732,  200,  436],
        [ 1014,    0,  364,  512, 1014,  455,  569,  316,  105,  463,  728,  875,  100, 1011,  582,  232,  886,  569,    0,  893,  317,  812,  755,  973,  977,  665,  497,  768,  762, 1037,  711,  128,  810, 1173,  716,  575,  653,  608,  712,  391,  435,  630,   63,  587,  193,  302,  358,  565,  845,  937,  468,  292,  522,  641,  721,  870,  827,  253,  943,  947,  119,  406,  947,  664,  315,  619,  440,  865,  466,  575,  560,  275,  211,  156,  154,  787,   66,  806,  494,  676,  435, 1157,  732,  386,  855,  982,  596,  744,  323,  181,  612,  853],
        [  455,    0,  803,  420,  580,  450,  891,  613,  790,  591,  169,  856,  843,  343,  811,  756,  695,  483,  893,    0,  663,  379,  514,  370,  453,  302,  590,  377,  205,  523,  857,  881,  282,  406,  436,  694,  948,  788,  379,  601,  628,  263,  830,  306,  825,  606,  541,  548,  308,  346,  428,  696,  670,  351,  444,  581,  113,  650,  317,  502,  775,  752,  158,  339,  801,  736,  490,  371,  513,  829,  700,  667,  753, 1019,  750,  771,  831,  398,  873,  793,  708,  443,  195,  510,  948,  402,  387,  402,  897, 1000,  310,   47],
        [  912,    0,  522,  398,  956,  323,  728,  308,  257,  147,  519,  950,  227,  871,  702,  101,  898,  258,  317,  663,    0,  714,  439,  850,  882,  387,  511,  672,  493,  954,  823,  390,  675, 1012,  404,  641,  816,  712,  617,  402,  473,  414,  272,  371,  397,  264,  255,  555,  717,  812,  303,  376,  582,  352,  656,  842,  629,  247,  807,  875,  226,  526,  758,  373,  480,  698,  355,  759,  420,  705,  631,  320,  345,  472,  263,  849,  255,  716,  662,  769,  526, 1015,  548,  197,  969,  868,  306,  435,  543,  489,  355,  618],
        [  204,    0,  577,  321,  253,  394,  585,  497,  711,  721,  312,  481,  805,  218,  498,  775,  317,  665,  812,  379,  714,    0,  787,  167,  170,  521,  348,   45,  489,  241,  509,  748,   97,  390,  699,  388,  622,  466,  102,  427,  409,  367,  754,  391,  672,  519,  481,  279,   79,  137,  412,  536,  390,  564,  109,  204,  272,  566,  156,  167,  711,  514,  278,  567,  596,  410,  381,   55,  346,  519,  399,  539,  615,  892,  659,  403,  767,   20,  592,  452,  464,  356,  247,  517,  579,  172,  572,  680,  681,  853,  471,  387],
        [  934,    0,  889,  581, 1033,  535, 1066,  644,  687,  294,  480, 1185,  665,  841, 1013,  532, 1071,  199,  755,  514,  439,  787,    0,  852,  920,  267,  776,  760,  318,  996, 1110,  819,  704,  919,   89,  918, 1148, 1008,  725,  705,  771,  428,  708,  418,  807,  606,  551,  782,  746,  819,  491,  738,  866,  230,  789,  977,  560,  620,  798,  947,  657,  870,  666,  222,  858,  975,  597,  808,  665, 1023,  914,  683,  741,  911,  679, 1084,  693,  800, 1014, 1047,  848,  955,  543,  463, 1241,  880,  241,  113,  940,  925,  328,  473],
        [   85,    0,  742,  470,  217,  540,  736,  658,  871,  836,  379,  572,  960,   63,  649,  920,  390,  762,  973,  370,  850,  167,  852,    0,   89,  597,  514,  209,  537,  153,  640,  913,  175,  229,  766,  544,  763,  614,  263,  593,  576,  464,  914,  498,  838,  676,  633,  445,  134,   38,  549,  701,  553,  645,  273,  278,  293,  724,   55,  155,  869,  679,  221,  643,  763,  559,  537,  113,  509,  671,  557,  702,  780, 1058,  820,  516,  925,  179,  750,  589,  629,  189,  324,  657,  683,   32,  664,  740,  847, 1019,  563,  397],
        [   41,    0,  719,  491,  129,  564,  689,  664,  877,  882,  442,  495,  973,  144,  602,  945,  312,  817,  977,  453,  882,  170,  920,   89,    0,  660,  498,  214,  608,   77,  578,  907,  221,  285,  833,  505,  707,  566,  271,  589,  562,  517,  920,  547,  829,  687,  651,  427,  178,  107,  580,  696,  523,  706,  258,  205,  368,  734,  138,   73,  878,  655,  308,  706,  744,  511,  551,  125,  512,  624,  519,  703,  777, 1050,  825,  447,  934,  172,  710,  533,  605,  228,  381,  686,  609,   60,  720,  809,  823, 1008,  619,  476],
        [  677,    0,  693,  337,  770,  311,  844,  455,  572,  294,  219,  927,  596,  594,  781,  487,  807,  182,  665,  302,  387,  521,  267,  597,  660,    0,  540,  494,  108,  737,  867,  689,  441,  696,  178,  677,  920,  772,  460,  491,  548,  163,  606,  162,  654,  428,  363,  534,  484,  563,  268,  552,  631,   51,  524,  711,  313,  460,  544,  683,  550,  661,  434,   47,  673,  732,  372,  544,  432,  795,  676,  505,  581,  810,  546,  828,  600,  534,  802,  803,  630,  720,  280,  292,  991,  624,   88,  165,  764,  806,   75,  255],
        [  537,    0,  232,  204,  519,  242,  310,  212,  407,  585,  435,  440,  516,  564,  242,  532,  400,  594,  497,  590,  511,  348,  776,  514,  498,  540,    0,  308,  576,  550,  336,  412,  384,  736,  695,  143,  382,  234,  260,  116,   64,  395,  446,  380,  333,  252,  260,   72,  404,  483,  286,  206,   92,  557,  243,  374,  486,  287,  498,  458,  417,  172,  567,  572,  249,  201,  181,  402,  112,  256,  139,  230,  288,  554,  354,  339,  465,  336,  284,  274,  123,  703,  396,  343,  473,  516,  536,  696,  336,  510,  466,  569],
        [  249,    0,  538,  277,  290,  351,  558,  453,  666,  682,  290,  480,  760,  257,  472,  731,  326,  630,  768,  377,  672,   45,  760,  209,  214,  494,  308,    0,  469,  284,  492,  705,  100,  429,  671,  358,  600,  441,   57,  384,  368,  335,  710,  357,  629,  474,  438,  241,  101,  176,  370,  493,  356,  534,   78,  220,  266,  522,  191,  206,  666,  476,  292,  539,  556,  386,  337,   98,  302,  492,  369,  495,  572,  849,  615,  396,  722,   46,  561,  432,  426,  398,  226,  475,  572,  215,  539,  654,  643,  811,  439,  379],
        [  620,    0,  754,  376,  726,  370,  886,  528,  666,  400,  179,  929,  697,  523,  816,  592,  793,  284,  762,  205,  493,  489,  318,  537,  608,  108,  576,  469,    0,  684,  890,  776,  399,  609,  236,  706,  957,  802,  446,  548,  596,  182,  702,  205,  734,  507,  439,  558,  438,  505,  333,  622,  667,  153,  514,  688,  244,  543,  482,  641,  645,  715,  351,  138,  739,  757,  427,  501,  476,  832,  708,  580,  660,  902,  635,  834,  697,  504,  852,  825,  679,  640,  244,  380, 1004,  566,  195,  205,  833,  895,  151,  160],
        [   69,    0,  763,  560,   83,  634,  713,  726,  939,  957,  519,  484, 1038,  194,  629, 1014,  303,  893, 1037,  523,  954,  241,  996,  153,   77,  737,  550,  284,  684,    0,  589,  962,  298,  298,  910,  540,  722,  591,  339,  647,  614,  593,  982,  623,  883,  752,  719,  479,  254,  180,  652,  752,  565,  783,  317,  216,  442,  798,  207,   93,  942,  699,  373,  783,  791,  539,  618,  200,  575,  650,  555,  763,  834, 1104,  887,  451,  997,  240,  742,  550,  651,  229,  458,  758,  601,  122,  797,  885,  866, 1059,  695,  549],
        [  616,    0,  347,  532,  519,  577,  166,  516,  652,  914,  728,  181,  766,  701,  130,  822,  298,  929,  711,  857,  823,  509, 1110,  640,  578,  867,  336,  492,  890,  589,    0,  591,  591,  862, 1028,  194,  137,  111,  478,  426,  354,  714,  681,  706,  518,  560,  587,  334,  587,  625,  621,  457,  249,  888,  417,  376,  745,  579,  653,  510,  674,  311,  784,  903,  396,  136,  517,  548,  447,  137,  199,  507,  519,  696,  609,  143,  705,  489,  233,   66,  299,  805,  674,  674,  148,  624,  870, 1027,  412,  636,  795,  849],
        [  945,    0,  245,  474,  930,  432,  445,  272,  134,  534,  713,  759,  212,  956,  463,  326,  785,  623,  128,  881,  390,  748,  819,  913,  907,  689,  412,  705,  776,  962,  591,    0,  760, 1124,  768,  469,  527,  491,  650,  321,  348,  623,  128,  584,   81,  276,  343,  483,  790,  879,  456,  212,  420,  674,  649,  781,  803,  234,  888,  869,  165,  294,  915,  696,  198,  508,  400,  802,  407,  455,  453,  219,  135,  146,  145,  676,  153,  739,  369,  560,  331, 1101,  705,  398,  733,  919,  632,  791,  196,  120,  627,  846],
        [  244,    0,  615,  301,  330,  368,  652,  496,  706,  664,  225,  575,  791,  202,  566,  746,  414,  596,  810,  282,  675,   97,  704,  175,  221,  441,  384,  100,  399,  298,  591,  760,    0,  365,  616,  452,  697,  538,  126,  442,  439,  296,  750,  327,  688,  510,  463,  323,   45,  137,  375,  551,  443,  486,  175,  301,  175,  559,  135,  244,  702,  555,  195,  487,  627,  483,  371,  104,  354,  587,  461,  544,  626,  905,  657,  494,  760,  116,  650,  531,  505,  349,  162,  482,  670,  195,  500,  595,  718,  871,  398,  290],
        [  251,    0,  966,  662,  380,  724,  964,  860, 1069,  970,  499,  777, 1149,  173,  877, 1092,  594,  875, 1173,  406, 1012,  390,  919,  229,  285,  696,  736,  429,  609,  298,  862, 1124,  365,    0,  842,  772,  988,  842,  478,  805,  795,  601, 1112,  642, 1051,  872,  821,  668,  335,  255,  724,  914,  780,  746,  499,  490,  390,  921,  238,  356, 1063,  904,  263,  738,  984,  786,  734,  338,  717,  898,  785,  908,  990, 1269, 1020,  732, 1121,  404,  978,  814,  854,   76,  464,  828,  892,  239,  776,  808, 1071, 1234,  684,  449],
        [  848,    0,  820,  497,  945,  456,  990,  574,  639,  266,  392, 1099,  630,  757,  934,  502,  983,  148,  716,  436,  404,  699,   89,  766,  833,  178,  695,  671,  236,  910, 1028,  768,  616,  842,    0,  836, 1070,  928,  637,  630,  694,  339,  665,  331,  749,  539,  481,  698,  658,  733,  411,  670,  786,  143,  701,  888,  476,  558,  712,  859,  611,  797,  586,  134,  792,  892,  518,  720,  584,  945,  833,  617,  681,  870,  625,  998,  652,  711,  941,  965,  772,  875,  455,  395, 1157,  794,  160,   42,  877,  878,  240,  393],
        [  545,    0,  236,  341,  490,  384,  201,  334,  500,  724,  552,  312,  614,  601,  117,  651,  318,  736,  575,  694,  641,  388,  918,  544,  505,  677,  143,  358,  706,  540,  194,  469,  452,  772,  836,    0,  255,   96,  328,  240,  168,  527,  534,  516,  389,  378,  397,  150,  459,  520,  428,  294,   60,  697,  282,  334,  585,  404,  542,  449,  516,  177,  645,  712,  275,   59,  324,  437,  254,  137,   17,  336,  368,  597,  451,  216,  557,  371,  207,  132,  140,  727,  504,  483,  332,  537,  677,  836,  333,  544,  604,  680],
        [  745,    0,  301,  585,  654,  615,   89,  519,  613,  924,  807,  305,  722,  824,  141,  799,  435,  957,  653,  948,  816,  622, 1148,  763,  707,  920,  382,  600,  957,  722,  137,  527,  697,  988, 1070,  255,    0,  161,  577,  444,  377,  776,  634,  762,  465,  563,  603,  404,  698,  745,  659,  441,  291,  935,  523,  508,  838,  571,  772,  640,  638,  291,  891,  951,  349,  215,  553,  665,  489,  126,  251,  497,  485,  612,  577,  279,  660,  603,  161,  175,  302,  934,  759,  693,  229,  750,  911, 1074,  334,  550,  846,  935],
        [  605,    0,  247,  435,  531,  474,  124,  405,  544,  805,  648,  269,  659,  674,   39,  712,  330,  824,  608,  788,  712,  466, 1008,  614,  566,  772,  234,  441,  802,  591,  111,  491,  538,  842,  928,   96,  161,    0,  416,  317,  245,  623,  575,  611,  416,  450,  478,  246,  541,  594,  518,  347,  143,  790,  364,  377,  677,  468,  618,  503,  565,  204,  732,  805,  294,   56,  412,  512,  344,   60,   96,  397,  411,  605,  500,  192,  599,  448,  160,   69,  188,  792,  599,  566,  259,  604,  769,  929,  325,  547,  698,  775],
        [  306,    0,  492,  222,  341,  296,  528,  397,  610,  633,  270,  487,  704,  307,  444,  675,  349,  587,  712,  379,  617,  102,  725,  263,  271,  460,  260,   57,  446,  339,  478,  650,  126,  478,  637,  328,  577,  416,    0,  330,  318,  298,  653,  315,  576,  417,  381,  197,  144,  229,  316,  439,  318,  497,   69,  253,  267,  465,  240,  258,  610,  431,  318,  504,  507,  362,  280,  154,  247,  464,  337,  439,  517,  795,  559,  396,  666,  100,  524,  416,  381,  451,  207,  421,  571,  271,  499,  623,  596,  758,  401,  375],
        [  627,    0,  208,  182,  624,  181,  361,   97,  296,  488,  435,  549,  403,  636,  313,  418,  515,  514,  391,  601,  402,  427,  705,  593,  589,  491,  116,  384,  548,  647,  426,  321,  442,  805,  630,  240,  444,  317,  330,    0,   73,  370,  337,  343,  247,  139,  162,  177,  470,  558,  224,  110,  181,  499,  332,  484,  508,  172,  568,  557,  304,  170,  608,  517,  201,  297,  122,  482,   91,  322,  231,  118,  188,  466,  243,  449,  354,  420,  312,  370,  143,  780,  411,  251,  570,  599,  471,  637,  296,  430,  418,  573],
        [  601,    0,  179,  221,  583,  240,  297,  167,  348,  561,  468,  478,  459,  624,  243,  486,  456,  582,  435,  628,  473,  409,  771,  576,  562,  548,   64,  368,  596,  614,  354,  348,  439,  795,  694,  168,  377,  245,  318,   73,    0,  415,  387,  394,  269,  210,  234,  135,  462,  544,  284,  144,  109,  560,  305,  436,  529,  238,  558,  522,  360,  125,  617,  577,  189,  225,  177,  463,  121,  253,  158,  175,  226,  490,  296,  380,  406,  398,  256,  297,   84,  765,  435,  322,  498,  578,  534,  699,  280,  446,  474,  605],
        [  538,    0,  577,  195,  618,  198,  705,  361,  528,  375,  106,  766,  581,  472,  636,  501,  644,  301,  630,  263,  414,  367,  428,  464,  517,  163,  395,  335,  182,  593,  714,  623,  296,  601,  339,  527,  776,  623,  298,  370,  415,    0,  568,   44,  573,  348,  281,  380,  340,  427,  168,  451,  486,  200,  362,  550,  215,  390,  414,  532,  512,  536,  344,  206,  566,  580,  250,  396,  295,  651,  528,  415,  499,  759,  489,  667,  568,  378,  671,  649,  498,  611,  142,  248,  833,  488,  206,  327,  661,  743,  104,  224],
        [  957,    0,  337,  451,  960,  393,  548,  257,   44,  418,  665,  839,   89,  951,  551,  200,  841,  518,   63,  830,  272,  754,  708,  914,  920,  606,  446,  710,  702,  982,  681,  128,  750, 1112,  665,  534,  634,  575,  653,  337,  387,  568,    0,  525,  170,  241,  296,  513,  785,  878,  406,  244,  479,  584,  665,  819,  765,  192,  883,  892,   57,  371,  885,  607,  288,  582,  380,  807,  408,  547,  520,  220,  167,  206,   95,  749,   27,  749,  474,  641,  396, 1098,  670,  324,  827,  924,  540,  691,  314,  217,  551,  791],
        [  570,    0,  550,  177,  643,  166,  687,  326,  486,  339,  149,  768,  538,  510,  622,  457,  656,  274,  587,  306,  371,  391,  418,  498,  547,  162,  380,  357,  205,  623,  706,  584,  327,  642,  331,  516,  762,  611,  315,  343,  394,   44,  525,    0,  536,  310,  243,  373,  371,  461,  131,  419,  472,  189,  375,  566,  258,  351,  450,  557,  469,  511,  387,  200,  535,  571,  222,  424,  275,  636,  516,  380,  462,  718,  448,  668,  526,  400,  649,  641,  477,  650,  180,  205,  830,  521,  185,  324,  630,  704,   91,  266],
        [  868,    0,  171,  410,  850,  377,  379,  212,  154,  532,  656,  683,  258,  882,  389,  351,  705,  609,  193,  825,  397,  672,  807,  838,  829,  654,  333,  629,  734,  883,  518,   81,  688, 1051,  749,  389,  465,  416,  576,  247,  269,  573,  170,  536,    0,  228,  295,  404,  717,  804,  406,  138,  340,  644,  572,  700,  742,  195,  815,  790,  183,  216,  849,  665,  123,  430,  338,  726,  336,  383,  374,  158,   74,  222,  134,  598,  196,  663,  305,  484,  250, 1026,  644,  363,  663,  842,  604,  768,  150,  183,  587,  791],
        [  722,    0,  285,  211,  738,  158,  476,   45,  197,  362,  438,  687,  287,  711,  441,  282,  649,  408,  302,  606,  264,  519,  606,  676,  687,  428,  252,  474,  507,  752,  560,  276,  510,  872,  539,  378,  563,  450,  417,  139,  210,  348,  241,  310,  228,    0,   68,  305,  546,  639,  180,  132,  318,  423,  437,  607,  531,   49,  643,  665,  193,  273,  648,  444,  254,  435,  140,  570,  180,  446,  368,   79,  154,  414,  150,  588,  250,  515,  416,  506,  265,  858,  434,  145,  706,  687,  386,  553,  340,  396,  361,  570],
        [  685,    0,  339,  163,  712,   98,  518,   95,  254,  328,  373,  700,  329,  664,  474,  297,  643,  356,  358,  541,  255,  481,  551,  633,  651,  363,  260,  438,  439,  719,  587,  343,  463,  821,  481,  397,  603,  478,  381,  162,  234,  281,  296,  243,  295,   68,    0,  300,  501,  596,  114,  191,  339,  359,  410,  590,  470,  110,  597,  635,  244,  319,  590,  380,  313,  456,  104,  531,  165,  482,  390,  143,  222,  479,  210,  598,  302,  481,  463,  528,  302,  811,  374,   91,  729,  646,  325,  493,  403,  462,  294,  504],
        [  467,    0,  298,  202,  450,  258,  344,  269,  472,  615,  403,  410,  579,  496,  265,  586,  345,  609,  565,  548,  555,  279,  782,  445,  427,  534,   72,  241,  558,  479,  334,  483,  323,  668,  698,  150,  404,  246,  197,  177,  135,  380,  513,  373,  404,  305,  300,    0,  339,  415,  299,  275,  124,  557,  173,  308,  440,  344,  432,  387,  480,  236,  511,  571,  318,  200,  206,  333,  136,  283,  154,  294,  357,  625,  419,  308,  530,  267,  331,  269,  186,  634,  356,  374,  459,  446,  542,  695,  403,  581,  462,  532],
        [  200,    0,  635,  338,  289,  407,  658,  530,  741,  708,  267,  558,  829,  167,  572,  786,  390,  640,  845,  308,  717,   79,  746,  134,  178,  484,  404,  101,  438,  254,  587,  790,   45,  335,  658,  459,  698,  541,  144,  470,  462,  340,  785,  371,  717,  546,  501,  339,    0,   96,  416,  580,  456,  529,  178,  274,  206,  594,   99,  204,  738,  574,  199,  530,  650,  485,  406,   65,  384,  593,  470,  576,  656,  935,  691,  482,  795,   99,  661,  529,  524,  313,  205,  524,  657,  152,  543,  636,  739,  899,  441,  321],
        [  115,    0,  713,  433,  235,  502,  715,  622,  834,  799,  344,  568,  923,   82,  627,  882,  388,  726,  937,  346,  812,  137,  819,   38,  107,  563,  483,  176,  505,  180,  625,  879,  137,  255,  733,  520,  745,  594,  229,  558,  544,  427,  878,  461,  804,  639,  596,  415,   96,    0,  512,  667,  526,  610,  244,  273,  263,  688,   34,  162,  832,  650,  204,  609,  731,  538,  500,   84,  474,  649,  532,  666,  745, 1024,  784,  505,  889,  150,  725,  572,  600,  223,  288,  619,  676,   62,  628,  708,  817,  986,  527,  370],
        [  610,    0,  426,  104,  656,   45,  580,  196,  364,  325,  261,  708,  429,  574,  523,  371,  623,  311,  468,  428,  303,  412,  491,  549,  580,  268,  286,  370,  333,  652,  621,  456,  375,  724,  411,  428,  659,  518,  316,  224,  284,  168,  406,  131,  406,  180,  114,  299,  416,  512,    0,  290,  376,  277,  361,  552,  361,  223,  508,  574,  351,  393,  483,  294,  408,  485,  107,  456,  174,  534,  424,  249,  332,  592,  323,  606,  409,  415,  535,  558,  364,  720,  267,  108,  755,  567,  252,  416,  502,  575,  195,  390],
        [  734,    0,  153,  277,  724,  254,  353,   97,  207,  489,  528,  603,  321,  745,  331,  366,  597,  540,  292,  696,  376,  536,  738,  701,  696,  552,  206,  493,  622,  752,  457,  212,  551,  914,  670,  294,  441,  347,  439,  110,  144,  451,  244,  419,  138,  132,  191,  275,  580,  667,  290,    0,  237,  550,  438,  579,  608,  130,  677,  660,  223,  152,  713,  571,  123,  345,  207,  590,  198,  332,  280,   57,   83,  357,  158,  509,  265,  528,  288,  410,  160,  889,  511,  276,  605,  707,  516,  683,  213,  321,  481,  665],
        [  563,    0,  199,  295,  521,  331,  223,  275,  443,  666,  520,  371,  557,  607,  151,  592,  366,  682,  522,  670,  582,  390,  866,  553,  523,  631,   92,  356,  667,  565,  249,  420,  443,  780,  786,   60,  291,  143,  318,  181,  109,  486,  479,  472,  340,  318,  339,  124,  456,  526,  376,  237,    0,  648,  282,  367,  563,  344,  545,  472,  459,  136,  633,  664,  232,  117,  270,  442,  202,  166,   51,  277,  313,  553,  394,  274,  501,  376,  208,  190,   91,  740,  477,  426,  390,  549,  627,  788,  302,  502,  557,  652],
        [  724,    0,  696,  357,  814,  321,  856,  454,  553,  248,  266,  957,  567,  643,  797,  453,  842,  132,  641,  351,  352,  564,  230,  645,  706,   51,  557,  534,  153,  783,  888,  674,  486,  746,  143,  697,  935,  790,  497,  499,  560,  200,  584,  189,  644,  423,  359,  557,  529,  610,  277,  550,  648,    0,  560,  749,  363,  449,  592,  727,  528,  668,  484,   23,  672,  753,  383,  589,  447,  809,  695,  501,  572,  789,  530,  856,  576,  576,  811,  824,  640,  770,  325,  281, 1016,  672,   47,  140,  761,  789,   98,  305],
        [  297,    0,  470,  260,  303,  334,  481,  410,  623,  683,  338,  419,  722,  326,  394,  706,  283,  645,  721,  444,  656,  109,  789,  273,  258,  524,  243,   78,  514,  317,  417,  649,  175,  499,  701,  282,  523,  364,   69,  332,  305,  362,  665,  375,  572,  437,  410,  173,  178,  244,  361,  438,  282,  560,    0,  194,  332,  483,  264,  228,  626,  407,  369,  568,  490,  309,  307,  162,  259,  415,  293,  447,  519,  793,  570,  329,  680,   95,  485,  357,  356,  462,  275,  461,  505,  274,  560,  688,  574,  751,  463,  441],
        [  241,    0,  565,  449,  157,  522,  499,  574,  779,  875,  510,  296,  886,  339,  415,  884,  117,  838,  870,  581,  842,  204,  977,  278,  205,  711,  374,  220,  688,  216,  376,  781,  301,  490,  888,  334,  508,  377,  253,  484,  436,  550,  819,  566,  700,  607,  590,  308,  274,  273,  552,  579,  367,  749,  194,    0,  475,  649,  305,  135,  787,  502,  464,  755,  598,  326,  488,  214,  429,  436,  350,  601,  661,  918,  726,  242,  837,  187,  530,  335,  457,  430,  445,  649,  406,  257,  751,  873,  665,  869,  653,  590],
        [  377,    0,  706,  332,  490,  374,  783,  532,  723,  581,  111,  745,  788,  282,  701,  715,  588,  488,  827,  113,  629,  272,  560,  293,  368,  313,  486,  266,  244,  442,  745,  803,  175,  390,  476,  585,  838,  677,  267,  508,  529,  215,  765,  258,  742,  531,  470,  440,  206,  263,  361,  608,  563,  363,  332,  475,    0,  578,  239,  407,  711,  652,  130,  358,  707,  625,  404,  270,  418,  720,  591,  585,  671,  944,  679,  660,  769,  290,  768,  682,  606,  408,   98,  456,  836,  323,  389,  448,  802,  921,  294,  116],
        [  770,    0,  280,  259,  783,  205,  482,   76,  148,  360,  483,  715,  240,  760,  456,  248,  686,  421,  253,  650,  247,  566,  620,  724,  734,  460,  287,  522,  543,  798,  579,  234,  559,  921,  558,  404,  571,  468,  465,  172,  238,  390,  192,  351,  195,   49,  110,  344,  594,  688,  223,  130,  344,  449,  483,  649,  578,    0,  692,  710,  145,  281,  696,  471,  243,  459,  189,  618,  225,  459,  392,   74,  124,  369,  102,  617,  202,  563,  418,  528,  281,  907,  482,  169,  726,  735,  410,  575,  321,  354,  395,  613],
        [  140,    0,  729,  435,  266,  502,  739,  628,  839,  788,  327,  600,  925,   69,  652,  879,  421,  710,  943,  317,  807,  156,  798,   55,  138,  544,  498,  191,  482,  207,  653,  888,  135,  238,  712,  542,  772,  618,  240,  568,  558,  414,  883,  450,  815,  643,  597,  432,   99,   34,  508,  677,  545,  592,  264,  305,  239,  692,    0,  195,  836,  667,  172,  590,  746,  563,  504,  107,  482,  673,  554,  674,  754, 1033,  789,  535,  893,  172,  747,  599,  617,  216,  273,  615,  707,   86,  612,  686,  833,  997,  511,  343],
        [  107,    0,  670,  479,   87,  553,  626,  638,  850,  887,  469,  423,  950,  214,  541,  931,  240,  831,  947,  502,  875,  167,  947,  155,   73,  683,  458,  206,  641,   93,  510,  869,  244,  356,  859,  449,  640,  503,  258,  557,  522,  532,  892,  557,  790,  665,  635,  387,  204,  162,  574,  660,  472,  727,  228,  135,  407,  710,  195,    0,  853,  607,  365,  729,  699,  450,  532,  141,  486,  562,  464,  673,  742, 1011,  797,  377,  907,  161,  652,  466,  558,  296,  405,  679,  537,  129,  737,  838,  773,  966,  636,  520],
        [  914,    0,  338,  402,  924,  341,  551,  216,   32,  370,  611,  825,  100,  903,  545,  168,  815,  465,  119,  775,  226,  711,  657,  869,  878,  550,  417,  666,  645,  942,  674,  165,  702, 1063,  611,  516,  638,  565,  610,  304,  360,  512,   57,  469,  183,  193,  244,  480,  738,  832,  351,  223,  459,  528,  626,  787,  711,  145,  836,  853,    0,  363,  832,  550,  290,  566,  333,  763,  367,  543,  503,  187,  156,  262,   66,  732,   58,  707,  478,  630,  380, 1051,  617,  268,  821,  880,  484,  637,  333,  268,  495,  735],
        [  695,    0,   64,  343,  657,  351,  203,  231,  341,  635,  592,  470,  456,  731,  183,  515,  494,  675,  406,  752,  526,  514,  870,  679,  655,  661,  172,  476,  715,  699,  311,  294,  555,  904,  797,  177,  291,  204,  431,  170,  125,  536,  371,  511,  216,  273,  319,  236,  574,  650,  393,  152,  136,  668,  407,  502,  652,  281,  667,  607,  363,    0,  738,  686,   99,  215,  290,  568,  243,  182,  161,  207,  208,  421,  298,  383,  396,  501,  145,  271,   51,  868,  559,  409,  459,  678,  638,  805,  169,  368,  587,  729],
        [  305,    0,  796,  441,  437,  492,  845,  644,  842,  709,  240,  754,  912,  187,  760,  843,  581,  612,  947,  158,  758,  278,  666,  221,  308,  434,  567,  292,  351,  373,  784,  915,  195,  263,  586,  645,  891,  732,  318,  608,  617,  344,  885,  387,  849,  648,  590,  511,  199,  204,  483,  713,  633,  484,  369,  464,  130,  696,  172,  365,  832,  738,    0,  476,  803,  677,  515,  251,  517,  780,  654,  696,  781, 1058,  797,  680,  890,  297,  840,  724,  689,  290,  217,  582,  855,  253,  514,  554,  896, 1031,  422,  195],
        [  723,    0,  716,  371,  816,  338,  873,  474,  575,  266,  265,  968,  589,  639,  813,  474,  850,  146,  664,  339,  373,  567,  222,  643,  706,   47,  572,  539,  138,  783,  903,  696,  487,  738,  134,  712,  951,  805,  504,  517,  577,  206,  607,  200,  665,  444,  380,  571,  530,  609,  294,  571,  664,   23,  568,  755,  358,  471,  590,  729,  550,  686,  476,    0,  692,  767,  400,  590,  463,  826,  710,  522,  594,  812,  552,  868,  598,  579,  829,  839,  658,  764,  326,  303, 1029,  670,   69,  125,  782,  812,  109,  293],
        [  783,    0,   50,  381,  752,  370,  262,  219,  264,  603,  635,  562,  375,  812,  267,  452,  593,  660,  315,  801,  480,  596,  858,  763,  744,  673,  249,  556,  739,  791,  396,  198,  627,  984,  792,  275,  349,  294,  507,  201,  189,  566,  288,  535,  123,  254,  313,  318,  650,  731,  408,  123,  232,  672,  490,  598,  707,  243,  746,  699,  290,   99,  803,  692,    0,  311,  317,  650,  289,  261,  259,  176,  138,  323,  229,  479,  314,  585,  189,  362,  142,  951,  610,  398,  541,  763,  638,  805,   96,  271,  601,  773],
        [  551,    0,  267,  397,  481,  441,  178,  391,  548,  782,  599,  259,  663,  618,   91,  706,  290,  794,  619,  736,  698,  410,  975,  559,  511,  732,  201,  386,  757,  539,  136,  508,  483,  786,  892,   59,  215,   56,  362,  297,  225,  580,  582,  571,  430,  435,  456,  200,  485,  538,  485,  345,  117,  753,  309,  326,  625,  459,  563,  450,  566,  215,  677,  767,  311,    0,  381,  456,  311,  113,   67,  390,  416,  630,  501,  169,  605,  392,  205,   74,  187,  737,  548,  541,  274,  549,  734,  892,  357,  575,  659,  724],
        [  585,    0,  328,   74,  609,   63,  474,  130,  336,  410,  321,  614,  424,  572,  416,  400,  545,  413,  440,  490,  355,  381,  597,  537,  551,  372,  181,  337,  427,  618,  517,  400,  371,  734,  518,  324,  553,  412,  280,  122,  177,  250,  380,  222,  338,  140,  104,  206,  406,  500,  107,  207,  270,  383,  307,  488,  404,  189,  504,  532,  333,  290,  515,  400,  317,  381,    0,  432,   72,  428,  319,  182,  268,  544,  287,  511,  390,  379,  430,  455,  258,  719,  306,  169,  653,  549,  359,  522,  412,  517,  298,  459],
