{
    "name": "random-25-17937",
    "comment": "size=25 seed=17937",
    "nodes": ["+0", "-0", "+1", "-1", "+2", "-2", "+3", "-3", "+4", "-4", "+5", "-5", "+6", "-6", "+7", "-7", "+8", "-8", "+9", "-9", "+10", "-10", "+11", "-11", "+12", "-12", "+13", "-13", "+14", "-14", "+15", "-15", "+16", "-16", "+17", "-17", "+18", "-18", "+19", "-19", "+20", "-20", "+21", "-21", "+22", "-22", "+23", "-23", "+24", "-24", "+25", "-25"],
    "precedence": {
        "+0": "-0",
        "+1": "-1",
        "+2": "-2",
        "+3": "-3",
        "+4": "-4",
        "+5": "-5",
        "+6": "-6",
        "+7": "-7",
        "+8": "-8",
        "+9": "-9",
        "+10": "-10",
        "+11": "-11",
        "+12": "-12",
        "+13": "-13",
        "+14": "-14",
        "+15": "-15",
        "+16": "-16",
        "+17": "-17",
        "+18": "-18",
        "+19": "-19",
        "+20": "-20",
        "+21": "-21",
        "+22": "-22",
        "+23": "-23",
        "+24": "-24",
        "+25": "-25"
    },
    "edges": [
        [    0,    0,  522,  789,  728,  126,  356,  844,  993,  584,  568,  391,  387, 1051,  562,  939,  565,  508,  977,  534,  899,  852,  445,  881,  425,  842,  449,  511,  406,  464,  328,  316,  904,  609,  973,  487,  296,  577,  828,  860,  586,  525,  925,  709,  725,  641,  527,  725, 1184,  776,  226,  742],
        [    0,    0,  522,  789,  728,  126,  356,  844,  993,  584,  568,  391,  387, 1051,  562,  939,  565,  508,  977,  534,  899,  852,  445,  881,  425,  842,  449,  511,  406,  464,  328,  316,  904,  609,  973,  487,  296,  577,  828,  860,  586,  525,  925,  709,  725,  641,  527,  725, 1184,  776,  226,  742],
        [  522,  522,    0,  810,  310,  468,  241,  323,  706,  244,  718,  343,  580,  751,  597,  731,  608,  146,  683,  453,  957,  496,  104,  584,  512,  328,  118,   98,  299,  509,  457,  550,  753,  643,  794,  316,  294,  118,  316,  486,  783,  194,  697,  344,  283,  605,   58,  865,  889,  739,  400,  682],
        [  789,  789,  810,    0,  661,  668,  622,  946,  507,  594,  246,  503,  405,  554,  239,  367,  233,  666,  510,  359,  149,  576,  844,  488,  375,  900,  702,  713,  534,  347,  476,  474,  273,  188,  338,  495,  618,  729,  883,  607,  284,  621,  392,  586,  697,  205,  757,  184,  624,   97,  597,  149],
        [  728,  728,  310,  661,    0,  631,  373,  287,  410,  148,  669,  382,  604,  449,  518,  466,  529,  228,  387,  369,  806,  192,  407,  295,  506,  240,  299,  246,  345,  478,  513,  611,  515,  546,  536,  285,  435,  194,  223,  177,  746,  203,  427,   75,   41,  476,  261,  776,  584,  571,  530,  513],
        [  126,  126,  468,  668,  631,    0,  263,  780,  873,  484,  456,  273,  272,  931,  438,  814,  441,  423,  857,  409,  784,  741,  410,  763,  300,  770,  375,  436,  295,  339,  202,  203,  779,  486,  847,  373,  198,  501,  755,  751,  483,  431,  801,  604,  633,  516,  460,  617, 1063,  651,  107,  617],
        [  356,  356,  241,  622,  373,  263,    0,  527,  669,  229,  491,  121,  341,  724,  390,  645,  399,  162,  650,  273,  764,  504,  233,  549,  282,  513,  127,  181,   92,  289,  217,  310,  637,  440,  694,  161,   65,  243,  497,  509,  551,  170,  621,  356,  372,  425,  214,  647,  862,  569,  172,  518],
        [  844,  844,  323,  946,  287,  780,  527,    0,  649,  375,  931,  591,  834,  673,  785,  735,  797,  371,  627,  631, 1092,  437,  415,  553,  746,   56,  406,  346,  546,  727,  723,  823,  795,  819,  807,  516,  590,  286,   69,  410, 1005,  387,  693,  362,  249,  755,  321, 1052,  791,  857,  698,  799],
        [  993,  993,  706,  507,  410,  873,  669,  649,    0,  475,  663,  603,  712,   60,  532,  146,  539,  585,   24,  471,  610,  220,  792,  123,  619,  594,  656,  622,  594,  575,  688,  757,  242,  521,  204,  513,  712,  588,  582,  243,  733,  540,  116,  362,  448,  439,  651,  684,  194,  418,  768,  388],
        [  584,  584,  244,  594,  148,  484,  229,  375,  475,    0,  556,  237,  468,  525,  412,  488,  424,  111,  453,  257,  742,  284,  320,  352,  375,  342,  183,  151,  198,  353,  370,  469,  510,  449,  550,  145,  289,  140,  324,  284,  630,   68,  455,  129,  158,  393,  187,  681,  664,  514,  383,  456],
        [  568,  568,  718,  246,  669,  456,  491,  931,  663,  556,    0,  377,  185,  719,  154,  544,  143,  589,  659,  302,  333,  654,  724,  602,  210,  895,  601,  632,  420,  211,  293,  254,  467,  145,  540,  420,  465,  669,  878,  680,   78,  556,  555,  602,  697,  229,  675,  164,  817,  280,  408,  284],
        [  391,  391,  343,  503,  382,  273,  121,  591,  603,  237,  377,    0,  245,  661,  270,  558,  279,  225,  586,  163,  643,  470,  351,  491,  169,  567,  225,  263,   47,  170,  134,  234,  538,  320,  600,  103,  124,  310,  550,  482,  441,  206,  540,  342,  394,  308,  303,  529,  795,  453,  167,  405],
        [  387,  387,  580,  405,  604,  272,  341,  834,  712,  468,  185,  245,    0,  771,  197,  620,  195,  470,  701,  258,  513,  643,  568,  624,  102,  807,  463,  506,  291,  141,  125,   71,  563,  235,  636,  324,  301,  554,  790,  663,  223,  448,  618,  550,  623,  290,  545,  348,  888,  405,  228,  383],
        [ 1051, 1051,  751,  554,  449,  931,  724,  673,   60,  525,  719,  661,  771,    0,  590,  188,  596,  635,   75,  530,  648,  258,  840,  176,  678,  617,  707,  670,  651,  635,  747,  816,  283,  577,  233,  570,  769,  633,  607,  276,  788,  591,  166,  408,  485,  496,  697,  733,  140,  467,  826,  440],
        [  562,  562,  597,  239,  518,  438,  390,  785,  532,  412,  154,  270,  197,  590,    0,  428,   12,  460,  524,  155,  375,  503,  619,  458,  139,  748,  483,  505,  306,  108,  240,  259,  367,   52,  440,  286,  381,  534,  730,  528,  231,  421,  431,  450,  547,   96,  549,  271,  700,  215,  360,  187],
        [  939,  939,  731,  367,  466,  814,  645,  735,  146,  488,  544,  558,  620,  188,  428,    0,  433,  595,  154,  406,  465,  300,  805,  184,  536,  681,  660,  638,  560,  492,  618,  673,   97,  407,   73,  484,  677,  619,  667,  330,  609,  547,   43,  402,  507,  333,  674,  547,  273,  281,  714,  261],
        [  565,  565,  608,  233,  529,  441,  399,  797,  539,  424,  143,  279,  195,  596,   12,  433,    0,  471,  532,  167,  367,  513,  628,  467,  143,  759,  494,  516,  316,  115,  245,  259,  370,   46,  443,  297,  389,  545,  742,  539,  220,  433,  437,  461,  559,  101,  560,  260,  705,  213,  365,  188],
        [  508,  508,  146,  666,  228,  423,  162,  371,  585,  111,  589,  225,  470,  635,  460,  595,  471,    0,  564,  311,  814,  390,  210,  463,  389,  353,   74,   48,  179,  379,  354,  453,  612,  503,  656,  175,  226,   86,  337,  387,  659,   50,  564,  233,  218,  461,   92,  730,  774,  594,  332,  537],
        [  977,  977,  683,  510,  387,  857,  650,  627,   24,  453,  659,  586,  701,   75,  524,  154,  532,  564,    0,  458,  617,  197,  770,  102,  607,  571,  635,  600,  577,  564,  674,  745,  249,  515,  217,  495,  694,  566,  559,  220,  729,  519,  120,  340,  425,  433,  629,  684,  213,  419,  752,  386],
        [  534,  534,  453,  359,  369,  409,  273,  631,  471,  257,  302,  163,  258,  530,  155,  406,  167,  311,  458,    0,  505,  385,  487,  372,  157,  594,  344,  358,  182,  119,  217,  290,  378,  194,  442,  138,  286,  381,  577,  406,  378,  269,  393,  305,  395,  155,  402,  425,  657,  298,  309,  245],
        [  899,  899,  957,  149,  806,  784,  764, 1092,  610,  742,  333,  643,  513,  648,  375,  465,  367,  814,  617,  505,    0,  709,  989,  612,  503, 1045,  849,  861,  677,  481,  602,  583,  369,  324,  417,  642,  755,  877, 1028,  740,  338,  770,  498,  731,  843,  353,  905,  196,  694,  236,  723,  293],
        [  852,  852,  496,  576,  192,  741,  504,  437,  220,  284,  654,  470,  643,  258,  503,  300,  513,  390,  197,  385,  709,    0,  589,  117,  542,  383,  464,  421,  447,  503,  582,  670,  370,  513,  372,  368,  558,  379,  369,   33,  730,  351,  258,  158,  229,  430,  444,  725,  393,  480,  635,  429],
        [  445,  445,  104,  844,  407,  410,  233,  415,  792,  320,  724,  351,  568,  840,  619,  805,  628,  210,  770,  487,  989,  589,    0,  669,  515,  425,  148,  171,  313,  520,  443,  527,  818,  667,  864,  354,  268,  214,  415,  581,  783,  258,  773,  433,  383,  642,  146,  879,  979,  782,  362,  727],
        [  881,  881,  584,  488,  295,  763,  549,  553,  123,  352,  602,  491,  624,  176,  458,  184,  467,  463,  102,  372,  612,  117,  669,    0,  526,  499,  534,  499,  478,  484,  585,  661,  259,  458,  256,  397,  595,  468,  485,  147,  676,  418,  142,  242,  335,  373,  529,  650,  314,  392,  657,  349],
        [  425,  425,  512,  375,  506,  300,  282,  746,  619,  375,  210,  169,  102,  678,  139,  536,  143,  389,  607,  157,  503,  542,  515,  526,    0,  716,  394,  429,  214,   44,  102,  139,  488,  188,  559,  230,  258,  472,  698,  562,  272,  361,  530,  450,  527,  218,  471,  367,  799,  352,  223,  318],
        [  842,  842,  328,  900,  240,  770,  513,   56,  594,  342,  895,  567,  807,  617,  748,  681,  759,  353,  571,  594, 1045,  383,  425,  499,  716,    0,  396,  335,  523,  694,  700,  800,  742,  780,  753,  486,  577,  271,   18,  355,  971,  362,  640,  315,  204,  713,  315, 1012,  736,  810,  684,  753],
        [  449,  449,  118,  702,  299,  375,  127,  406,  656,  183,  601,  225,  463,  707,  483,  660,  494,   74,  635,  344,  849,  464,  148,  534,  394,  396,    0,   63,  182,  392,  341,  436,  671,  530,  718,  208,  186,  129,  381,  461,  666,  117,  630,  307,  286,  499,   88,  750,  846,  637,  294,  581],
        [  511,  511,   98,  713,  246,  436,  181,  346,  622,  151,  632,  263,  506,  670,  505,  638,  516,   48,  600,  358,  861,  421,  171,  499,  429,  335,   63,    0,  217,  422,  387,  485,  657,  550,  700,  221,  244,   67,  320,  414,  700,   96,  606,  264,  229,  509,   44,  775,  809,  642,  352,  585],
        [  406,  406,  299,  534,  345,  295,   92,  546,  594,  198,  420,   47,  291,  651,  306,  560,  316,  179,  577,  182,  677,  447,  313,  478,  214,  523,  182,  217,    0,  211,  178,  278,  548,  355,  607,   82,  118,  264,  506,  457,  485,  161,  539,  311,  354,  335,  258,  569,  787,  479,  190,  427],
        [  464,  464,  509,  347,  478,  339,  289,  727,  575,  353,  211,  170,  141,  635,  108,  492,  115,  379,  564,  119,  481,  503,  520,  484,   44,  694,  392,  422,  211,    0,  137,  182,  445,  159,  516,  212,  275,  459,  677,  524,  281,  347,  486,  418,  501,  178,  465,  359,  755,  316,  254,  279],
        [  328,  328,  457,  476,  513,  202,  217,  723,  688,  370,  293,  134,  125,  747,  240,  618,  245,  354,  674,  217,  602,  582,  443,  585,  102,  700,  341,  387,  178,  137,    0,  101,  578,  290,  648,  229,  177,  440,  683,  598,  343,  339,  608,  468,  527,  314,  425,  455,  874,  452,  122,  415],
        [  316,  316,  550,  474,  611,  203,  310,  823,  757,  469,  254,  234,   71,  816,  259,  673,  259,  453,  745,  290,  583,  670,  527,  661,  139,  800,  436,  485,  278,  182,  101,    0,  621,  301,  694,  327,  260,  539,  783,  687,  285,  439,  668,  563,  626,  349,  521,  415,  937,  471,  172,  445],
        [  904,  904,  753,  273,  515,  779,  637,  795,  242,  510,  467,  538,  563,  283,  367,   97,  370,  612,  249,  378,  369,  370,  818,  259,  488,  742,  671,  657,  548,  445,  578,  621,    0,  337,   75,  478,  661,  647,  727,  402,  527,  562,  130,  445,  556,  273,  696,  455,  355,  193,  684,  186],
        [  609,  609,  643,  188,  546,  486,  440,  819,  521,  449,  145,  320,  235,  577,   52,  407,   46,  503,  515,  194,  324,  513,  667,  458,  188,  780,  530,  550,  355,  159,  290,  301,  337,    0,  411,  329,  432,  575,  762,  540,  220,  463,  414,  475,  577,   85,  594,  233,  680,  170,  410,  153],
        [  973,  973,  794,  338,  536,  847,  694,  807,  204,  550,  540,  600,  636,  233,  440,   73,  443,  656,  217,  442,  417,  372,  864,  256,  559,  753,  718,  700,  607,  516,  648,  694,   75,  411,    0,  534,  722,  684,  739,  402,  599,  607,  115,  471,  577,  346,  736,  521,  287,  264,  750,  260],
        [  487,  487,  316,  495,  285,  373,  161,  516,  513,  145,  420,  103,  324,  570,  286,  484,  297,  175,  495,  138,  642,  368,  354,  397,  230,  486,  208,  221,   82,  212,  229,  327,  478,  329,  534,    0,  199,  250,  468,  380,  492,  137,  461,  240,  301,  291,  265,  556,  706,  430,  267,  374],
        [  296,  296,  294,  618,  435,  198,   65,  590,  712,  289,  465,  124,  301,  769,  381,  677,  389,  226,  694,  286,  755,  558,  268,  595,  258,  577,  186,  244,  118,  275,  177,  260,  661,  432,  722,  199,    0,  307,  561,  565,  519,  234,  657,  413,  435,  430,  273,  624,  905,  575,  108,  527],
        [  577,  577,  118,  729,  194,  501,  243,  286,  588,  140,  669,  310,  554,  633,  534,  619,  545,   86,  566,  381,  877,  379,  214,  468,  472,  271,  129,   67,  264,  459,  440,  539,  647,  575,  684,  250,  307,    0,  255,  369,  739,  113,  584,  227,  170,  526,   68,  805,  771,  652,  414,  593],
        [  828,  828,  316,  883,  223,  755,  497,   69,  582,  324,  878,  550,  790,  607,  730,  667,  742,  337,  559,  577, 1028,  369,  415,  485,  698,   18,  381,  320,  506,  677,  683,  783,  727,  762,  739,  468,  561,  255,    0,  342,  953,  345,  625,  298,  187,  695,  302,  994,  727,  793,  668,  736],
        [  860,  860,  486,  607,  177,  751,  509,  410,  243,  284,  680,  482,  663,  276,  528,  330,  539,  387,  220,  406,  740,   33,  581,  147,  562,  355,  461,  414,  457,  524,  598,  687,  402,  540,  402,  380,  565,  369,  342,    0,  757,  351,  288,  156,  211,  458,  435,  754,  408,  511,  645,  460],
        [  586,  586,  783,  284,  746,  483,  551, 1005,  733,  630,   78,  441,  223,  788,  231,  609,  220,  659,  729,  378,  338,  730,  783,  676,  272,  971,  666,  700,  485,  281,  343,  285,  527,  220,  599,  492,  519,  739,  953,  757,    0,  627,  623,  679,  773,  304,  742,  146,  880,  336,  451,  349],
        [  525,  525,  194,  621,  203,  431,  170,  387,  540,   68,  556,  206,  448,  591,  421,  547,  433,   50,  519,  269,  770,  351,  258,  418,  361,  362,  117,   96,  161,  347,  339,  439,  562,  463,  607,  137,  234,  113,  345,  351,  627,    0,  516,  196,  202,  417,  138,  692,  731,  548,  334,  490],
        [  925,  925,  697,  392,  427,  801,  621,  693,  116,  455,  555,  540,  618,  166,  431,   43,  437,  564,  120,  393,  498,  258,  773,  142,  530,  640,  630,  606,  539,  486,  608,  668,  130,  414,  115,  461,  657,  584,  625,  288,  623,  516,    0,  364,  467,  336,  640,  569,  270,  303,  699,  275],
        [  709,  709,  344,  586,   75,  604,  356,  362,  362,  129,  602,  342,  550,  408,  450,  402,  461,  233,  340,  305,  731,  158,  433,  242,  450,  315,  307,  264,  311,  418,  468,  563,  445,  475,  471,  240,  413,  227,  298,  156,  679,  196,  364,    0,  114,  403,  290,  704,  546,  496,  500,  438],
        [  725,  725,  283,  697,   41,  633,  372,  249,  448,  158,  697,  394,  623,  485,  547,  507,  559,  218,  425,  395,  843,  229,  383,  335,  527,  204,  286,  229,  354,  501,  527,  626,  556,  577,  577,  301,  435,  170,  187,  211,  773,  202,  467,  114,    0,  509,  238,  809,  619,  609,  535,  551],
        [  641,  641,  605,  205,  476,  516,  425,  755,  439,  393,  229,  308,  290,  496,   96,  333,  101,  461,  433,  155,  353,  430,  642,  373,  218,  713,  499,  509,  335,  178,  314,  349,  273,   85,  346,  291,  430,  526,  695,  458,  304,  417,  336,  403,  509,    0,  553,  302,  604,  146,  428,  101],
        [  527,  527,   58,  757,  261,  460,  214,  321,  651,  187,  675,  303,  545,  697,  549,  674,  560,   92,  629,  402,  905,  444,  146,  529,  471,  315,   88,   44,  258,  465,  425,  521,  696,  594,  736,  265,  273,   68,  302,  435,  742,  138,  640,  290,  238,  553,    0,  819,  835,  685,  381,  628],
        [  725,  725,  865,  184,  776,  617,  647, 1052,  684,  681,  164,  529,  348,  733,  271,  547,  260,  730,  684,  425,  196,  725,  879,  650,  367, 1012,  750,  775,  569,  359,  455,  415,  455,  233,  521,  556,  624,  805,  994,  754,  146,  692,  569,  704,  809,  302,  819,    0,  807,  267,  572,  302],
        [ 1184, 1184,  889,  624,  584, 1063,  862,  791,  194,  664,  817,  795,  888,  140,  700,  273,  705,  774,  213,  657,  694,  393,  979,  314,  799,  736,  846,  809,  787,  755,  874,  937,  355,  680,  287,  706,  905,  771,  727,  408,  880,  731,  270,  546,  619,  604,  835,  807,    0,  548,  959,  533],
        [  776,  776,  739,   97,  571,  651,  569,  857,  418,  514,  280,  453,  405,  467,  215,  281,  213,  594,  419,  298,  236,  480,  782,  392,  352,  810,  637,  642,  479,  316,  452,  471,  193,  170,  264,  430,  575,  652,  793,  511,  336,  548,  303,  496,  609,  146,  685,  267,  548,    0,  569,   59],
        [  226,  226,  400,  597,  530,  107,  172,  698,  768,  383,  408,  167,  228,  826,  360,  714,  365,  332,  752,  309,  723,  635,  362,  657,  223,  684,  294,  352,  190,  254,  122,  172,  684,  410,  750,  267,  108,  414,  668,  645,  451,  334,  699,  500,  535,  428,  381,  572,  959,  569,    0,  529],
        [  742,  742,  682,  149,  513,  617,  518,  799,  388,  456,  284,  405,  383,  440,  187,  261,  188,  537,  386,  245,  293,  429,  727,  349,  318,  753,  581,  585,  427,  279,  415,  445,  186,  153,  260,  374,  527,  593,  736,  460,  349,  490,  275,  438,  551,  101,  628,  302,  533,   59,  529,    0]
    ]
}
