{
    "name": "random-61-13802",
    "comment": "size=61 seed=13802",
    "nodes": ["+0", "-0", "+1", "-1", "+2", "-2", "+3", "-3", "+4", "-4", "+5", "-5", "+6", "-6", "+7", "-7", "+8", "-8", "+9", "-9", "+10", "-10", "+11", "-11", "+12", "-12", "+13", "-13", "+14", "-14", "+15", "-15", "+16", "-16", "+17", "-17", "+18", "-18", "+19", "-19", "+20", "-20", "+21", "-21", "+22", "-22", "+23", "-23", "+24", "-24", "+25", "-25", "+26", "-26", "+27", "-27", "+28", "-28", "+29", "-29", "+30", "-30", "+31", "-31", "+32", "-32", "+33", "-33", "+34", "-34", "+35", "-35", "+36", "-36", "+37", "-37", "+38", "-38", "+39", "-39", "+40", "-40", "+41", "-41", "+42", "-42", "+43", "-43", "+44", "-44", "+45", "-45", "+46", "-46", "+47", "-47", "+48", "-48", "+49", "-49", "+50", "-50", "+51", "-51", "+52", "-52", "+53", "-53", "+54", "-54", "+55", "-55", "+56", "-56", "+57", "-57", "+58", "-58", "+59", "-59", "+60", "-60", "+61", "-61"],
    "precedence": {
        "+0": "-0",
        "+1": "-1",
        "+2": "-2",
        "+3": "-3",
        "+4": "-4",
        "+5": "-5",
        "+6": "-6",
        "+7": "-7",
        "+8": "-8",
        "+9": "-9",
        "+10": "-10",
        "+11": "-11",
        "+12": "-12",
        "+13": "-13",
        "+14": "-14",
        "+15": "-15",
        "+16": "-16",
        "+17": "-17",
        "+18": "-18",
        "+19": "-19",
        "+20": "-20",
        "+21": "-21",
        "+22": "-22",
        "+23": "-23",
        "+24": "-24",
        "+25": "-25",
        "+26": "-26",
        "+27": "-27",
        "+28": "-28",
        "+29": "-29",
        "+30": "-30",
        "+31": "-31",
        "+32": "-32",
        "+33": "-33",
        "+34": "-34",
        "+35": "-35",
        "+36": "-36",
        "+37": "-37",
        "+38": "-38",
        "+39": "-39",
        "+40": "-40",
        "+41": "-41",
        "+42": "-42",
        "+43": "-43",
        "+44": "-44",
        "+45": "-45",
        "+46": "-46",
        "+47": "-47",
        "+48": "-48",
        "+49": "-49",
        "+50": "-50",
        "+51": "-51",
        "+52": "-52",
        "+53": "-53",
        "+54": "-54",
        "+55": "-55",
        "+56": "-56",
        "+57": "-57",
        "+58": "-58",
        "+59": "-59",
        "+60": "-60",
        "+61": "-61"
    },
    "edges": [
        [    0,    0,  577,  173,  414,  260,  662,  684,  340,  216,  788,  399,  265,  413,  333,  723,   51,  645,   74,  495,  910,  302,  171,  795,  715,  359,  207,  730,  300,  638,  505,  239,  115,  240,  267,  379,  100,  342,  828,  855,  318,  673,  442,  227,  797,  644,  820,  685,  650,  226,  336,  736,  657,  142,  396,  591,  410,  377,   38,  446,  360,  804,  199,  786,  687,  697,  694,  647,  386,  699,  340,  160,  598,  191,  644,  259,  370,  334,  618,  312,  797,  574,  738,  376,  507,  316,  503,  726,  575,  354,  434,  298,  792,  549,  441,  195,  399,  631,  402,  684,  193,  127,  288,  855,   70,  210,  224,  770,  206,  827,  372,  338,  621,  645,  235,  481,  184,  630,  296,  663,  755,  372,  401,  740],
        [    0,    0,    0,    0,    0,    0,    0,    0,    0,    0,    0,    0,    0,    0,    0,    0,    0,    0,    0,    0,    0,    0,    0,    0,    0,    0,    0,    0,    0,    0,    0,    0,    0,    0,    0,    0,    0,    0,    0,    0,    0,    0,    0,    0,    0,    0,    0,    0,    0,    0,    0,    0,    0,    0,    0,    0,    0,    0,    0,    0,    0,    0,    0,    0,    0,    0,    0,    0,    0,    0,    0,    0,    0,    0,    0,    0,    0,    0,    0,    0,    0,    0,    0,    0,    0,    0,    0,    0,    0,    0,    0,    0,    0,    0,    0,    0,    0,    0,    0,    0,    0,    0,    0,    0,    0,    0,    0,    0,    0,    0,    0,    0,    0,    0,    0,    0,    0,    0,    0,    0,    0,    0,    0,    0],
        [  577,    0,    0,  505,  612,  320,  904,  277,  915,  624,  825,  338,  629,  173,  532,  487,  627,  318,  520,  680,  448,  549,  485,  936,  662,  919,  710,  859,  402,   62,  850,  406,  483,  816,  644,  928,  555,  355,  482,  412,  860,  950,  677,  791,  887,  293, 1012,  539,  936,  680,  860,  385,  121,  675,  267,  335,  176,  705,  550,  166,  683,  395,  591,  395,  691,  692,  543,  687,  473,  887,  913,  737,  139,  518,  336,  831,  946,  263,  719,  342,  454,  306,  900,  306,  651,  352,  328,  973,  505,  296,  483,  763,  889,  155,  278,  580,  186,  899,  355,  365,  411,  624,  757,  534,  515,  760,  430,  411,  639,  969,  292,  450,  845,  758,  809,  584,  639,  105,  845,  881,  808,  252,  975,  211],
        [  173,    0,  505,    0,  255,  234,  533,  550,  446,  125,  624,  440,  149,  370,  449,  559,  206,  499,  192,  340,  772,  427,  275,  647,  543,  426,  379,  577,  143,  561,  406,  102,  205,  356,  160,  429,  248,  194,  672,  715,  360,  556,  295,  382,  640,  502,  685,  515,  535,  177,  357,  586,  558,  314,  270,  439,  368,  258,  137,  415,  236,  660,   91,  640,  517,  527,  523,  479,  477,  558,  475,  288,  488,  314,  494,  356,  483,  242,  456,  347,  642,  426,  592,  402,  345,  358,  536,  602,  403,  371,  262,  262,  636,  435,  459,   80,  319,  509,  247,  533,  102,  131,  255,  695,  119,  374,   78,  619,  369,  681,  242,  424,  485,  486,  375,  312,  135,  581,  349,  528,  592,  368,  497,  631],
        [  414,    0,  612,  255,    0,  445,  304,  531,  581,  220,  374,  662,  171,  534,  701,  432,  433,  456,  445,   87,  720,  681,  529,  395,  327,  517,  615,  323,  232,  654,  248,  274,  459,  519,  180,  498,  501,  264,  573,  663,  438,  342,   66,  583,  386,  472,  441,  354,  326,  258,  410,  517,  616,  547,  347,  389,  534,  135,  383,  585,  123,  602,  222,  577,  284,  295,  361,  240,  721,  312,  641,  476,  536,  568,  442,  498,  621,  386,  204,  574,  549,  395,  342,  618,   93,  587,  747,  375,  247,  585,  144,  286,  381,  486,  664,  222,  455,  292,  258,  467,  322,  314,  288,  576,  372,  589,  261,  543,  618,  429,  324,  669,  248,  232,  559,   91,  265,  709,  444,  289,  341,  568,  611,  660],
        [  260,    0,  320,  234,  445,    0,  744,  472,  599,  357,  774,  218,  381,  155,  305,  578,  309,  455,  201,  530,  693,  302,  184,  833,  650,  611,  400,  757,  220,  381,  635,  171,  166,  499,  393,  625,  240,  218,  649,  643,  559,  775,  500,  473,  810,  445,  885,  574,  756,  403,  567,  548,  409,  359,  208,  419,  152,  485,  236,  191,  463,  601,  324,  588,  648,  654,  582,  622,  295,  755,  594,  419,  361,  226,  460,  517,  628,  119,  622,  133,  617,  393,  783,  175,  520,  147,  306,  815,  484,  142,  376,  489,  807,  318,  226,  313,  153,  726,  273,  502,  134,  327,  481,  687,  202,  443,  187,  582,  340,  867,  199,  246,  691,  658,  490,  466,  357,  372,  541,  733,  746,  135,  660,  497],
        [  662,    0,  904,  533,  304,  744,    0,  773,  696,  446,  291,  961,  399,  837,  979,  603,  663,  693,  711,  225,  921,  954,  805,  176,  394,  600,  837,  164,  535,  940,  187,  574,  734,  674,  395,  565,  759,  565,  746,  868,  534,   62,  245,  767,  232,  715,  162,  504,   67,  446,  492,  726,  891,  772,  644,  632,  837,  286,  638,  888,  303,  809,  467,  782,  325,  336,  508,  289, 1009,   82,  778,  663,  812,  839,  674,  637,  732,  689,  222,  871,  732,  647,  124,  918,  254,  883, 1048,   72,  446,  885,  422,  409,  221,  767,  967,  473,  756,   44,  550,  686,  617,  539,  418,  728,  638,  788,  558,  743,  864,  197,  623,  957,   60,  194,  728,  322,  481, 1004,  553,   38,  265,  870,  698,  919],
        [  684,    0,  277,  550,  531,  472,  773,    0,  995,  640,  620,  583,  622,  384,  754,  233,  731,   81,  651,  570,  226,  761,  656,  758,  447,  970,  863,  685,  409,  263,  777,  454,  626,  904,  637,  966,  702,  356,  207,  172,  898,  829,  591,  911,  695,   60,  846,  311,  821,  698,  885,  110,  177,  812,  289,  144,  388,  657,  649,  408,  638,  131,  612,  124,  495,  492,  312,  507,  712,  734, 1018,  831,  142,  698,  101,  905, 1032,  361,  559,  554,  178,  137,  735,  542,  530,  568,  596,  836,  329,  520,  388,  767,  699,  160,  534,  603,  326,  782,  311,  107,  492,  680,  764,  258,  615,  891,  474,  135,  811,  788,  314,  678,  715,  595,  914,  466,  671,  366,  891,  743,  612,  475, 1046,  155],
        [  340,    0,  915,  446,  581,  599,  696,  995,    0,  377,  921,  714,  416,  753,  582,  985,  290,  944,  404,  630, 1217,  544,  476,  865,  908,  105,  306,  823,  588,  976,  510,  543,  445,  101,  405,  147,  390,  640, 1109, 1160,  163,  676,  569,  176,  899,  948,  852,  923,  653,  327,  205, 1029,  990,  287,  712,  882,  750,  469,  366,  785,  469, 1105,  395, 1084,  859,  871,  931,  812,  659,  762,   93,  180,  926,  471,  938,   91,   40,  665,  759,  637, 1081,  871,  808,  700,  662,  638,  816,  739,  810,  683,  670,  306,  890,  874,  765,  402,  734,  654,  691,  975,  515,  317,  300, 1127,  401,  221,  522, 1061,  389,  891,  685,  624,  681,  771,  131,  670,  336,  969,  145,  715,  886,  707,   66, 1069],
        [  216,    0,  624,  125,  220,  357,  446,  640,  377,    0,  590,  556,   52,  494,  538,  608,  222,  580,  268,  290,  855,  511,  365,  582,  544,  333,  403,  521,  236,  679,  296,  218,  296,  304,   52,  328,  313,  290,  735,  797,  259,  459,  233,  363,  590,  587,  605,  547,  437,   60,  247,  660,  669,  335,  376,  515,  492,  161,  193,  540,  145,  740,   35,  717,  504,  515,  555,  460,  578,  485,  427,  256,  595,  396,  571,  289,  417,  362,  420,  463,  708,  508,  525,  521,  311,  472,  655,  512,  434,  491,  294,  139,  584,  542,  580,   46,  440,  416,  329,  606,  227,   97,  133,  751,  199,  371,  194,  691,  419,  614,  347,  527,  406,  442,  340,  303,   45,  704,  255,  448,  556,  491,  418,  736],
        [  788,    0,  825,  624,  374,  774,  291,  620,  921,  590,    0,  983,  539,  816, 1058,  402,  806,  543,  815,  301,  710, 1042,  891,  164,  174,  838,  988,  128,  556,  845,  439,  616,  824,  875,  544,  808,  871,  558,  526,  666,  763,  349,  360,  950,   85,  569,  261,  310,  358,  616,  725,  541,  776,  921,  607,  500,  817,  455,  755,  864,  459,  613,  595,  587,  135,  134,  310,  152, 1066,  212,  992,  842,  704,  933,  522,  847,  959,  682,  171,  905,  523,  526,  179,  937,  282,  920, 1051,  313,  322,  904,  398,  615,   94,  672,  969,  596,  726,  329,  514,  517,  672,  685,  622,  495,  742,  960,  611,  546,  991,  184,  598, 1015,  267,  151,  921,  315,  634,  930,  776,  255,   35,  876,  937,  775],
        [  399,    0,  338,  440,  662,  218,  961,  583,  714,  556,  983,    0,  587,  201,  203,  743,  440,  593,  326,  747,  780,  228,  239, 1049,  850,  753,  442,  973,  436,  390,  845,  388,  285,  616,  598,  776,  326,  425,  783,  739,  717,  990,  716,  555, 1023,  576, 1102,  758,  970,  594,  733,  680,  457,  433,  387,  576,  198,  696,  393,  177,  674,  711,  524,  706,  854,  860,  765,  832,  136,  972,  683,  542,  445,  247,  604,  647,  735,  304,  836,   94,  752,  547, 1000,   48,  737,   85,  104, 1031,  680,   80,  587,  677, 1022,  425,   66,  515,  280,  941,  472,  644,  346,  503,  668,  829,  370,  514,  403,  711,  357, 1083,  390,  121,  908,  873,  588,  681,  546,  324,  694,  950,  957,  115,  779,  548],
        [  265,    0,  629,  149,  171,  381,  399,  622,  416,   52,  539,  587,    0,  509,  582,  574,  273,  558,  313,  239,  832,  556,  408,  531,  497,  363,  454,  469,  230,  681,  258,  228,  338,  349,   16,  352,  361,  283,  705,  774,  285,  415,  182,  413,  539,  567,  556,  508,  393,   90,  266,  634,  665,  387,  372,  492,  508,  115,  240,  557,   96,  716,   69,  692,  455,  466,  516,  410,  618,  435,  471,  306,  589,  441,  548,  330,  456,  371,  369,  495,  678,  487,  474,  550,  261,  505,  684,  465,  395,  519,  259,  146,  532,  535,  606,   76,  448,  370,  313,  581,  248,  149,  144,  718,  241,  422,  205,  664,  469,  564,  344,  566,  356,  391,  388,  257,   96,  713,  286,  399,  505,  515,  452,  727],
        [  413,    0,  173,  370,  534,  155,  837,  384,  753,  494,  816,  201,  509,    0,  374,  545,  463,  393,  352,  614,  590,  386,  313,  900,  670,  765,  538,  823,  304,  234,  752,  283,  314,  652,  523,  777,  384,  274,  583,  546,  711,  876,  596,  622,  865,  376,  965,  568,  858,  545,  716,  480,  278,  504,  209,  379,    4,  602,  390,   51,  579,  514,  460,  507,  683,  687,  575,  667,  328,  835,  745,  573,  251,  347,  405,  671,  782,  149,  682,  176,  552,  349,  857,  158,  595,  189,  240,  908,  501,  137,  431,  630,  865,  225,  162,  449,   90,  825,  304,  444,  269,  476,  623,  629,  356,  589,  305,  511,  467,  935,  221,  295,  780,  721,  641,  532,  501,  218,  694,  820,  793,   92,  814,  370],
        [  333,    0,  532,  449,  701,  305,  979,  754,  582,  538, 1058,  203,  582,  374,    0,  882,  355,  750,  271,  787,  963,   39,  175, 1094,  948,  643,  282, 1024,  506,  588,  833,  443,  245,  494,  588,  674,  234,  517,  944,  918,  626,  996,  743,  409, 1083,  736, 1132,  878,  974,  557,  653,  841,  647,  298,  512,  720,  370,  696,  346,  367,  677,  884,  513,  875,  939,  946,  886,  908,   86, 1006,  532,  431,  624,  143,  758,  532,  595,  422,  896,  200,  912,  693, 1040,  226,  788,  186,  276, 1046,  784,  238,  666,  630, 1080,  594,  269,  506,  431,  951,  575,  799,  386,  458,  620,  985,  341,  365,  447,  874,  195, 1128,  503,   83,  932,  929,  452,  744,  513,  527,  600,  975, 1028,  284,  647,  740],
        [  723,    0,  487,  559,  432,  578,  603,  233,  985,  608,  402,  743,  574,  545,  882,    0,  762,  170,  712,  437,  319,  880,  749,  552,  230,  936,  924,  486,  424,  487,  653,  488,  700,  906,  588,  923,  770,  387,  146,  270,  858,  663,  478,  940,  482,  196,  646,  100,  659,  662,  835,  141,  406,  863,  371,  167,  548,  567,  686,  582,  554,  213,  591,  187,  290,  284,   96,  316,  859,  548, 1027,  844,  350,  794,  152,  896, 1024,  461,  381,  691,  130,  197,  540,  697,  393,  706,  780,  656,  186,  669,  315,  710,  488,  339,  706,  585,  464,  621,  325,  128,  542,  677,  711,  145,  657,  931,  500,  146,  891,  579,  381,  815,  549,  411,  931,  346,  649,  586,  859,  568,  399,  629, 1025,  385],
        [   51,    0,  627,  206,  433,  309,  663,  731,  290,  222,  806,  440,  273,  463,  355,  762,    0,  690,  117,  509,  957,  321,  205,  803,  742,  315,  183,  741,  340,  688,  498,  282,  159,  190,  272,  336,  123,  385,  871,  901,  279,  669,  454,  181,  811,  690,  823,  720,  646,  218,  301,  780,  707,  115,  443,  635,  460,  379,   83,  495,  365,  850,  212,  831,  711,  721,  729,  670,  415,  706,  291,  111,  647,  217,  688,  211,  320,  384,  636,  356,  840,  618,  746,  420,  525,  359,  544,  725,  608,  399,  466,  281,  804,  598,  485,  211,  449,  629,  444,  728,  240,  125,  270,  896,  118,  169,  266,  814,  203,  835,  418,  370,  625,  661,  185,  505,  183,  679,  256,  667,  773,  419,  352,  790],
        [  645,    0,  318,  499,  456,  455,  693,   81,  944,  580,  543,  593,  558,  393,  750,  170,  690,    0,  619,  492,  276,  753,  636,  678,  370,  912,  833,  605,  357,  318,  701,  409,  599,  855,  573,  906,  673,  307,  194,  218,  838,  749,  515,  871,  616,   28,  766,  236,  741,  638,  823,   94,  239,  779,  256,   68,  396,  585,  609,  425,  567,  162,  555,  142,  416,  413,  238,  426,  717,  653,  972,  785,  181,  680,   21,  853,  981,  338,  478,  553,  162,   73,  654,  550,  451,  568,  620,  755,  248,  525,  315,  703,  620,  175,  551,  546,  321,  702,  254,   51,  453,  628,  701,  237,  576,  854,  427,  128,  788,  708,  276,  678,  635,  515,  870,  388,  614,  417,  834,  662,  533,  482,  992,  234],
        [   74,    0,  520,  192,  445,  201,  711,  651,  404,  268,  815,  326,  313,  352,  271,  712,  117,  619,    0,  530,  876,  244,  101,  835,  727,  431,  215,  767,  293,  582,  563,  226,   43,  304,  318,  451,   60,  326,  807,  822,  391,  726,  481,  272,  831,  615,  867,  684,  704,  289,  409,  712,  607,  162,  365,  570,  349,  427,   77,  381,  408,  775,  244,  758,  706,  715,  692,  669,  317,  743,  394,  225,  553,  129,  620,  328,  431,  292,  647,  240,  776,  550,  779,  304,  536,  243,  430,  778,  577,  282,  442,  366,  826,  507,  369,  238,  349,  683,  388,  661,  171,  190,  356,  838,   74,  245,  219,  746,  183,  868,  344,  268,  667,  677,  290,  502,  243,  567,  369,  709,  783,  304,  467,  693],
        [  495,    0,  680,  340,   87,  530,  225,  570,  630,  290,  301,  747,  239,  614,  787,  437,  509,  492,  530,    0,  743,  767,  615,  308,  288,  555,  691,  238,  315,  719,  217,  360,  545,  578,  244,  531,  584,  341,  582,  687,  477,  271,   61,  650,  303,  511,  355,  347,  258,  317,  443,  541,  674,  624,  419,  427,  614,  162,  464,  665,  162,  626,  298,  599,  232,  244,  354,  184,  808,  225,  696,  542,  593,  654,  475,  551,  669,  467,  131,  660,  562,  438,  255,  703,   45,  673,  831,  296,  257,  670,  199,  325,  298,  546,  748,  300,  532,  220,  326,  494,  409,  387,  330,  577,  456,  660,  348,  563,  700,  342,  399,  756,  167,  152,  622,  105,  334,  780,  487,  207,  267,  652,  652,  709],
        [  910,    0,  448,  772,  720,  693,  921,  226, 1217,  855,  710,  780,  832,  590,  963,  319,  957,  276,  876,  743,    0,  974,  877,  867,  545, 1187, 1088,  804,  630,  408,  958,  678,  850, 1127,  848, 1181,  926,  578,  184,   58, 1113,  980,  775, 1137,  793,  270,  962,  419,  976,  913, 1097,  204,  327, 1038,  515,  341,  594,  853,  875,  603,  836,  119,  830,  145,  608,  601,  415,  635,  914,  867, 1243, 1055,  340,  918,  285, 1127, 1254,  585,  699,  765,  191,  348,  858,  744,  699,  778,  774,  975,  487,  726,  583,  977,  800,  376,  724,  821,  543,  937,  528,  255,  717,  901,  975,  223,  840, 1117,  698,  180, 1033,  891,  539,  884,  867,  730, 1139,  643,  889,  507, 1109,  887,  712,  681, 1266,  243],
        [  302,    0,  549,  427,  681,  302,  954,  761,  544,  511, 1042,  228,  556,  386,   39,  880,  321,  753,  244,  767,  974,    0,  153, 1074,  937,  606,  244, 1004,  494,  606,  805,  429,  222,  456,  561,  637,  202,  508,  947,  928,  590,  970,  721,  371, 1065,  741, 1109,  872,  947,  527,  617,  845,  662,  261,  510,  720,  382,  670,  318,  384,  651,  891,  488,  881,  925,  933,  880,  893,  122,  984,  494,  394,  635,  115,  760,  495,  557,  420,  878,  210,  915,  694, 1019,  246,  769,  198,  308, 1021,  775,  253,  653,  599, 1061,  602,  294,  481,  436,  926,  568,  801,  371,  428,  588,  987,  316,  326,  432,  878,  157, 1107,  500,  108,  909,  911,  414,  728,  484,  550,  564,  952, 1012,  298,  608,  755],
        [  171,    0,  485,  275,  529,  184,  805,  656,  476,  365,  891,  239,  408,  313,  175,  749,  205,  636,  101,  615,  877,  153,    0,  922,  790,  516,  226,  852,  347,  546,  661,  281,   71,  378,  414,  540,   88,  368,  829,  827,  484,  823,  570,  322,  913,  627,  958,  733,  801,  389,  505,  729,  585,  200,  384,  595,  309,  522,  177,  330,  503,  784,  340,  771,  775,  784,  741,  742,  217,  833,  450,  304,  543,   46,  640,  409,  499,  298,  727,  164,  797,  571,  867,  226,  617,  163,  342,  872,  632,  212,  504,  466,  909,  502,  290,  333,  335,  778,  429,  682,  222,  291,  456,  865,  168,  285,  281,  763,  157,  956,  369,  168,  758,  759,  352,  576,  343,  515,  460,  801,  860,  244,  541,  676],
        [  795,    0,  936,  647,  395,  833,  176,  758,  865,  582,  164, 1049,  531,  900, 1094,  552,  803,  678,  835,  308,  867, 1074,  922,    0,  323,  772,  983,   78,  613,  963,  358,  665,  852,  837,  532,  738,  887,  630,  684,  820,  703,  219,  354,  924,   81,  703,   98,  455,  235,  594,  662,  689,  901,  916,  695,  627,  901,  427,  767,  951,  439,  765,  596,  738,  265,  270,  457,  253, 1115,  104,  946,  818,  825,  960,  658,  802,  902,  757,  219,  964,  677,  649,   59, 1004,  313,  978, 1127,  167,  438,  970,  470,  570,   71,  787, 1044,  600,  813,  219,  598,  658,  716,  678,  578,  655,  761,  941,  654,  698, 1000,   35,  680, 1062,  186,  180,  888,  370,  622, 1040,  722,  151,  156,  948,  870,  911],
        [  715,    0,  662,  543,  327,  650,  394,  447,  908,  544,  174,  850,  497,  670,  948,  230,  742,  370,  727,  288,  545,  937,  790,  323,    0,  839,  921,  260,  444,  677,  487,  510,  728,  846,  507,  817,  786,  433,  363,  498,  761,  455,  345,  904,  252,  397,  418,  137,  456,  584,  729,  368,  605,  854,  464,  331,  672,  446,  679,  716,  441,  442,  539,  416,   69,   59,  137,  112,  945,  330,  968,  799,  536,  834,  350,  825,  947,  547,  183,  779,  355,  358,  315,  803,  249,  794,  909,  439,  170,  771,  287,  607,  258,  508,  829,  537,  581,  420,  380,  343,  568,  632,  611,  338,  659,  906,  511,  376,  909,  349,  461,  896,  348,  201,  883,  241,  588,  766,  768,  357,  169,  738,  935,  602],
        [  359,    0,  919,  426,  517,  611,  600,  970,  105,  333,  838,  753,  363,  765,  643,  936,  315,  912,  431,  555, 1187,  606,  516,  772,  839,    0,  381,  735,  562,  979,  415,  527,  473,  153,  349,   43,  430,  616, 1067, 1130,   79,  577,  496,  255,  810,  919,  754,  867,  555,  276,  113,  993,  983,  346,  695,  848,  762,  394,  376,  802,  398, 1072,  358, 1050,  786,  799,  875,  739,  715,  670,  197,  215,  914,  519,  904,  112,  135,  661,  681,  670, 1040,  840,  716,  734,  591,  673,  857,  640,  756,  712,  622,  232,  801,  861,  799,  367,  735,  558,  660,  939,  510,  298,  229, 1080,  409,  298,  504, 1024,  455,  796,  667,  675,  590,  689,  206,  608,  300,  983,   79,  622,  804,  731,   99, 1057],
        [  207,    0,  710,  379,  615,  400,  837,  863,  306,  403,  988,  442,  454,  538,  282,  924,  183,  833,  215,  691, 1088,  244,  226,  983,  921,  381,    0,  923,  501,  771,  665,  437,  238,  229,  452,  417,  162,  538, 1021, 1035,  382,  839,  635,  131,  992,  828,  998,  890,  815,  392,  418,  926,  807,   68,  579,  784,  534,  557,  243,  555,  545,  988,  394,  972,  892,  902,  898,  851,  363,  884,  251,  189,  760,  199,  834,  273,  315,  503,  818,  384,  990,  764,  925,  441,  707,  379,  537,  897,  780,  433,  640,  439,  986,  716,  502,  393,  552,  802,  600,  875,  384,  306,  428, 1052,  269,   86,  426,  960,   88, 1014,  558,  335,  803,  843,  178,  686,  362,  739,  355,  844,  955,  468,  369,  897],
        [  730,    0,  859,  577,  323,  757,  164,  685,  823,  521,  128,  973,  469,  823, 1024,  486,  741,  605,  767,  238,  804, 1004,  852,   78,  260,  735,  923,    0,  538,  886,  325,  590,  782,  788,  471,  703,  821,  553,  622,  755,  662,  221,  289,  870,   76,  630,  162,  388,  230,  537,  623,  620,  825,  855,  617,  552,  824,  370,  701,  873,  380,  698,  532,  672,  197,  204,  390,  179, 1042,   84,  900,  763,  749,  891,  585,  755,  861,  680,  141,  889,  614,  573,   56,  928,  238,  903, 1050,  187,  362,  894,  392,  522,   67,  710,  968,  535,  736,  203,  521,  587,  642,  617,  530,  597,  693,  885,  581,  631,  935,  113,  602,  989,  148,  103,  837,  294,  562,  963,  679,  129,  105,  872,  834,  838],
        [  300,    0,  402,  143,  232,  220,  535,  409,  588,  236,  556,  436,  230,  304,  506,  424,  340,  357,  293,  315,  630,  494,  347,  613,  444,  562,  501,  538,    0,  453,  453,   68,  288,  499,  246,  561,  352,   55,  531,  573,  491,  572,  293,  520,  590,  360,  669,  392,  555,  295,  482,  444,  435,  440,  142,  297,  304,  305,  263,  355,  282,  518,  206,  497,  433,  441,  400,  404,  511,  539,  617,  430,  360,  391,  352,  497,  625,  156,  402,  352,  501,  284,  565,  391,  301,  367,  517,  607,  287,  358,  160,  372,  587,  307,  434,  196,  229,  522,  105,  391,  126,  272,  367,  556,  233,  508,   76,  477,  474,  648,  114,  460,  479,  438,  516,  246,  263,  492,  484,  520,  527,  338,  637,  501],
        [  638,    0,   62,  561,  654,  381,  940,  263,  976,  679,  845,  390,  681,  234,  588,  487,  688,  318,  582,  719,  408,  606,  546,  963,  677,  979,  771,  886,  453,    0,  896,  462,  545,  877,  697,  987,  617,  404,  464,  378,  918,  989,  719,  853,  910,  292, 1042,  549,  975,  736,  917,  373,   88,  737,  314,  347,  238,  753,  611,  224,  731,  369,  646,  374,  712,  712,  552,  711,  526,  919,  975,  798,  142,  579,  338,  891, 1007,  320,  748,  401,  439,  320,  930,  362,  687,  411,  369, 1009,  527,  354,  520,  818,  913,  176,  329,  635,  245,  938,  397,  362,  470,  682,  812,  518,  576,  822,  486,  395,  700,  995,  341,  506,  881,  787,  870,  619,  696,  105,  904,  916,  830,  311, 1036,  166],
        [  505,    0,  850,  406,  248,  635,  187,  777,  510,  296,  439,  845,  258,  752,  833,  653,  498,  701,  563,  217,  958,  805,  661,  358,  487,  415,  665,  325,  453,  896,    0,  472,  592,  490,  249,  381,  604,  496,  798,  901,  348,  175,  186,  586,  400,  718,  345,  562,  152,  280,  306,  755,  863,  602,  584,  634,  751,  151,  487,  802,  174,  840,  324,  814,  423,  435,  569,  376,  874,  256,  593,  484,  783,  691,  685,  452,  546,  607,  307,  752,  778,  641,  302,  806,  261,  763,  940,  236,  473,  775,  392,  228,  390,  732,  861,  333,  681,  145,  501,  707,  502,  378,  238,  793,  495,  609,  451,  778,  700,  382,  559,  822,  178,  301,  545,  315,  322,  943,  367,  207,  407,  768,  513,  908],
        [  239,    0,  406,  102,  274,  171,  574,  454,  543,  218,  616,  388,  228,  283,  443,  488,  282,  409,  226,  360,  678,  429,  281,  665,  510,  527,  437,  590,   68,  462,  472,    0,  220,  450,  242,  530,  285,  104,  590,  622,  461,  605,  329,  463,  646,  409,  715,  459,  587,  274,  457,  499,  457,  377,  169,  353,  282,  321,  202,  331,  298,  569,  185,  550,  497,  505,  467,  466,  452,  585,  565,  377,  387,  325,  407,  454,  579,  145,  458,  300,  559,  337,  614,  345,  353,  314,  476,  645,  354,  312,  224,  357,  643,  334,  394,  174,  223,  556,  165,  447,   59,  230,  351,  617,  170,  448,   25,  532,  408,  699,  142,  401,  520,  492,  462,  303,  235,  487,  450,  562,  587,  299,  596,  530],
        [  115,    0,  483,  205,  459,  166,  734,  626,  445,  296,  824,  285,  338,  314,  245,  700,  159,  599,   43,  545,  850,  222,   71,  852,  728,  473,  238,  782,  288,  545,  592,  220,    0,  345,  344,  493,   76,  315,  789,  798,  433,  752,  499,  308,  844,  593,  888,  678,  730,  322,  449,  692,  574,  193,  344,  553,  311,  452,  111,  341,  432,  752,  269,  737,  711,  719,  686,  676,  284,  762,  432,  267,  523,  110,  601,  370,  472,  266,  658,  198,  757,  531,  797,  262,  548,  202,  388,  802,  574,  240,  442,  401,  840,  478,  327,  262,  317,  707,  377,  642,  163,  226,  391,  822,   97,  278,  218,  726,  191,  885,  325,  233,  688,  690,  329,  510,  275,  527,  411,  731,  793,  262,  509,  662],
        [  240,    0,  816,  356,  519,  499,  674,  904,  101,  304,  875,  616,  349,  652,  494,  906,  190,  855,  304,  578, 1127,  456,  378,  837,  846,  153,  229,  788,  499,  877,  490,  450,  345,    0,  340,  188,  291,  549, 1026, 1070,  163,  663,  517,  108,  862,  858,  834,  849,  640,  263,  203,  942,  892,  196,  618,  795,  649,  421,  266,  684,  417, 1016,  316,  996,  802,  814,  858,  757,  568,  734,  123,   80,  829,  375,  850,   46,  131,  567,  708,  538,  996,  782,  778,  601,  606,  539,  719,  725,  736,  583,  594,  267,  854,  778,  666,  322,  636,  634,  603,  888,  419,  230,  259, 1046,  302,  147,  430,  975,  304,  864,  591,  530,  651,  725,   60,  606,  260,  869,  136,  689,  841,  607,  164,  972],
        [  267,    0,  644,  160,  180,  393,  395,  637,  405,   52,  544,  598,   16,  523,  588,  588,  272,  573,  318,  244,  848,  561,  414,  532,  507,  349,  452,  471,  246,  697,  249,  242,  344,  340,    0,  337,  364,  298,  719,  790,  271,  409,  185,  407,  541,  583,  554,  520,  387,   78,  251,  649,  681,  385,  387,  507,  522,  110,  244,  570,   94,  731,   76,  707,  463,  474,  528,  418,  626,  434,  462,  299,  604,  447,  563,  319,  444,  385,  374,  505,  693,  503,  474,  561,  268,  515,  695,  461,  408,  530,  273,  130,  535,  551,  618,   84,  463,  365,  329,  596,  260,  147,  128,  731,  247,  417,  219,  679,  471,  563,  359,  574,  355,  395,  381,  267,   92,  728,  272,  397,  510,  527,  439,  743],
        [  379,    0,  928,  429,  498,  625,  565,  966,  147,  328,  808,  776,  352,  777,  674,  923,  336,  906,  451,  531, 1181,  637,  540,  738,  817,   43,  417,  703,  561,  987,  381,  530,  493,  188,  337,    0,  455,  615, 1056, 1124,   70,  540,  472,  294,  778,  914,  717,  850,  518,  269,   89,  985,  987,  379,  697,  841,  775,  371,  392,  816,  378, 1066,  355, 1042,  762,  774,  858,  714,  744,  636,  239,  243,  916,  546,  898,  145,  175,  667,  654,  690, 1029,  835,  682,  754,  568,  694,  880,  603,  740,  732,  610,  213,  768,  863,  819,  365,  743,  522,  656,  931,  518,  305,  212, 1067,  424,  335,  507, 1015,  489,  761,  668,  702,  557,  661,  244,  589,  298,  995,   84,  587,  775,  748,  134, 1059],
        [  100,    0,  555,  248,  501,  240,  759,  702,  390,  313,  871,  326,  361,  384,  234,  770,  123,  673,   60,  584,  926,  202,   88,  887,  786,  430,  162,  821,  352,  617,  604,  285,   76,  291,  364,  455,    0,  384,  862,  873,  401,  771,  534,  240,  886,  668,  916,  743,  749,  326,  424,  766,  648,  120,  418,  626,  381,  474,  121,  407,  456,  827,  293,  812,  764,  773,  751,  727,  292,  794,  366,  217,  599,   94,  675,  322,  412,  342,  703,  249,  831,  605,  831,  312,  592,  249,  428,  824,  636,  296,  501,  397,  881,  554,  376,  288,  392,  729,  446,  716,  229,  227,  386,  895,  130,  206,  278,  800,  124,  921,  399,  248,  716,  733,  266,  560,  283,  593,  376,  759,  839,  324,  454,  737],
        [  342,    0,  355,  194,  264,  218,  565,  356,  640,  290,  558,  425,  283,  274,  517,  387,  385,  307,  326,  341,  578,  508,  368,  630,  433,  616,  538,  553,   55,  404,  496,  104,  315,  549,  298,  615,  384,    0,  486,  522,  545,  605,  327,  566,  599,  309,  692,  366,  589,  349,  536,  396,  383,  479,   91,  250,  274,  351,  305,  325,  328,  468,  260,  448,  431,  437,  374,  407,  513,  562,  666,  478,  307,  413,  304,  549,  676,  128,  413,  349,  455,  234,  584,  379,  321,  363,  498,  636,  268,  346,  163,  425,  598,  253,  416,  250,  191,  555,   63,  343,  155,  324,  421,  514,  273,  551,  121,  429,  505,  664,   64,  463,  508,  451,  564,  260,  317,  449,  537,  547,  532,  320,  690,  447],
        [  828,    0,  482,  672,  573,  649,  746,  207, 1109,  735,  526,  783,  705,  583,  944,  146,  871,  194,  807,  582,  184,  947,  829,  684,  363, 1067, 1021,  622,  531,  464,  798,  590,  789, 1026,  719, 1056,  862,  486,    0,  145,  990,  806,  621, 1051,  609,  208,  780,  243,  803,  791,  969,  104,  377,  964,  446,  238,  586,  707,  791,  610,  693,  107,  715,   93,  427,  419,  238,  457,  909,  689, 1146,  959,  347,  873,  189, 1019, 1148,  531,  524,  746,   33,  259,  677,  740,  537,  761,  801,  797,  328,  716,  447,  845,  617,  359,  736,  708,  514,  765,  427,  148,  638,  796,  845,   55,  759, 1037,  605,   73,  979,  708,  464,  871,  693,  553, 1046,  488,  774,  568,  989,  711,  529,  672, 1152,  324],
        [  855,    0,  412,  715,  663,  643,  868,  172, 1160,  797,  666,  739,  774,  546,  918,  270,  901,  218,  822,  687,   58,  928,  827,  820,  498, 1130, 1035,  755,  573,  378,  901,  622,  798, 1070,  790, 1124,  873,  522,  145,    0, 1056,  928,  718, 1081,  748,  213,  915,  369,  923,  855, 1039,  147,  294,  984,  460,  283,  549,  795,  819,  562,  778,   62,  772,   88,  559,  552,  366,  584,  872,  817, 1186,  999,  295,  868,  227, 1070, 1197,  532,  647,  719,  144,  290,  809,  701,  644,  733,  739,  924,  431,  682,  526,  919,  755,  327,  685,  763,  494,  884,  471,  197,  662,  844,  917,  192,  785, 1062,  641,  126,  982,  846,  484,  840,  814,  679, 1083,  587,  831,  480, 1051,  835,  666,  637, 1209,  217],
        [  318,    0,  860,  360,  438,  559,  534,  898,  163,  259,  763,  717,  285,  711,  626,  858,  279,  838,  391,  477, 1113,  590,  484,  703,  761,   79,  382,  662,  491,  918,  348,  461,  433,  163,  271,   70,  401,  545,  990, 1056,    0,  515,  417,  270,  738,  846,  690,  788,  492,  201,   44,  917,  918,  336,  627,  773,  708,  316,  329,  750,  320,  998,  286,  975,  709,  721,  796,  661,  692,  600,  247,  198,  847,  493,  830,  118,  199,  598,  604,  629,  963,  766,  646,  693,  513,  634,  820,  578,  677,  669,  544,  154,  729,  794,  757,  296,  674,  492,  588,  864,  449,  237,  150, 1002,  359,  306,  437,  948,  447,  729,  599,  648,  519,  613,  222,  529,  229,  928,   28,  553,  728,  684,  176,  989],
        [  673,    0,  950,  556,  342,  775,   62,  829,  676,  459,  349,  990,  415,  876,  996,  663,  669,  749,  726,  271,  980,  970,  823,  219,  455,  577,  839,  221,  572,  989,  175,  605,  752,  663,  409,  540,  771,  605,  806,  928,  515,    0,  280,  760,  284,  770,  178,  564,   24,  451,  472,  785,  942,  775,  687,  687,  875,  301,  652,  926,  321,  868,  483,  841,  387,  397,  569,  350, 1031,  137,  762,  659,  862,  855,  731,  624,  710,  727,  282,  899,  792,  701,  175,  949,  304,  911, 1080,   64,  503,  916,  469,  403,  273,  816,  999,  491,  796,   51,  595,  743,  645,  547,  413,  789,  656,  784,  588,  802,  871,  233,  666,  979,  115,  256,  719,  371,  490, 1049,  537,   99,  324,  904,  673,  973],
        [  442,    0,  677,  295,   66,  500,  245,  591,  569,  233,  360,  716,  182,  596,  743,  478,  454,  515,  481,   61,  775,  721,  570,  354,  345,  496,  635,  289,  293,  719,  186,  329,  499,  517,  185,  472,  534,  327,  621,  718,  417,  280,    0,  591,  358,  532,  391,  392,  263,  257,  385,  572,  681,  568,  412,  449,  596,  102,  413,  647,  101,  657,  244,  631,  292,  304,  400,  244,  769,  263,  636,  483,  601,  607,  500,  491,  609,  448,  192,  627,  599,  456,  298,  674,   96,  640,  804,  316,  294,  641,  207,  265,  351,  551,  722,  247,  518,  229,  323,  523,  373,  330,  270,  621,  407,  601,  314,  597,  647,  387,  389,  717,  192,  211,  562,  133,  276,  774,  427,  235,  326,  626,  593,  723],
        [  227,    0,  791,  382,  583,  473,  767,  911,  176,  363,  950,  555,  413,  622,  409,  940,  181,  871,  272,  650, 1137,  371,  322,  924,  904,  255,  131,  870,  520,  853,  586,  463,  308,  108,  407,  294,  240,  566, 1051, 1081,  270,  760,  591,    0,  943,  870,  928,  893,  737,  335,  310,  961,  878,  123,  623,  815,  618,  501,  263,  647,  493, 1031,  366, 1012,  867,  878,  902,  823,  489,  822,  128,  109,  822,  308,  869,  153,  186,  559,  781,  486, 1020,  799,  865,  547,  673,  484,  654,  821,  780,  534,  637,  359,  936,  774,  611,  369,  620,  728,  624,  909,  420,  273,  349, 1076,  297,   46,  446,  995,  215,  953,  598,  456,  740,  801,   50,  664,  319,  832,  243,  779,  916,  564,  239,  964],
        [  797,    0,  887,  640,  386,  810,  232,  695,  899,  590,   85, 1023,  539,  865, 1083,  482,  811,  616,  831,  303,  793, 1065,  913,   81,  252,  810,  992,   76,  590,  910,  400,  646,  844,  862,  541,  778,  886,  599,  609,  748,  738,  284,  358,  943,    0,  642,  178,  387,  297,  609,  698,  620,  845,  925,  657,  569,  866,  443,  767,  914,  452,  694,  600,  668,  201,  203,  388,  201, 1098,  151,  975,  836,  771,  953,  596,  830,  936,  726,  189,  942,  605,  593,  109,  977,  296,  956, 1097,  240,  384,  944,  437,  597,   12,  736, 1014,  603,  776,  273,  562,  593,  700,  687,  604,  579,  757,  957,  638,  627, 1002,  100,  645, 1046,  223,  155,  911,  344,  632,  992,  754,  200,   84,  919,  909,  849],
        [  644,    0,  293,  502,  472,  445,  715,   60,  948,  587,  569,  576,  567,  376,  736,  196,  690,   28,  615,  511,  270,  741,  627,  703,  397,  919,  828,  630,  360,  292,  718,  409,  593,  858,  583,  914,  668,  309,  208,  213,  846,  770,  532,  870,  642,    0,  790,  263,  762,  646,  831,  105,  212,  775,  250,   85,  379,  599,  608,  405,  580,  161,  561,  145,  442,  439,  265,  451,  701,  677,  974,  786,  155,  671,   48,  857,  985,  330,  502,  538,  177,   81,  679,  533,  471,  553,  599,  778,  271,  508,  329,  712,  646,  154,  531,  552,  306,  723,  259,   73,  451,  631,  710,  254,  574,  852,  428,  138,  780,  734,  273,  663,  657,  539,  871,  407,  620,  391,  840,  685,  559,  465,  997,  209],
        [  820,    0, 1012,  685,  441,  885,  162,  846,  852,  605,  261, 1102,  556,  965, 1132,  646,  823,  766,  867,  355,  962, 1109,  958,   98,  418,  754,  998,  162,  669, 1042,  345,  715,  888,  834,  554,  717,  916,  692,  780,  915,  690,  178,  391,  928,  178,  790,    0,  548,  200,  607,  648,  781,  984,  933,  763,  712,  965,  445,  796, 1015,  461,  858,  624,  832,  357,  363,  550,  340, 1159,  131,  936,  824,  907,  995,  746,  796,  887,  819,  294, 1015,  772,  732,  113, 1058,  371, 1028, 1185,  115,  522, 1025,  536,  570,  168,  866, 1103,  629,  879,  200,  666,  749,  762,  699,  579,  752,  794,  949,  702,  791, 1023,   84,  746, 1107,  201,  256,  889,  434,  641, 1115,  711,  158,  252, 1006,  850,  999],
        [  685,    0,  539,  515,  354,  574,  504,  311,  923,  547,  310,  758,  508,  568,  878,  100,  720,  236,  684,  347,  419,  872,  733,  455,  137,  867,  890,  388,  392,  549,  562,  459,  678,  849,  520,  850,  743,  366,  243,  369,  788,  564,  392,  893,  387,  263,  548,    0,  561,  597,  762,  234,  474,  827,  373,  205,  570,  486,  648,  611,  476,  311,  534,  284,  192,  186,    9,  216,  865,  449,  972,  792,  408,  778,  216,  835,  962,  462,  282,  697,  229,  234,  441,  712,  303,  712,  807,  557,  114,  681,  257,  637,  393,  385,  730,  529,  481,  522,  305,  207,  516,  624,  639,  232,  622,  888,  466,  244,  866,  483,  376,  818,  451,  311,  879,  264,  590,  642,  791,  469,  304,  645,  958,  466],
        [  650,    0,  936,  535,  326,  756,   67,  821,  653,  437,  358,  970,  393,  858,  974,  659,  646,  741,  704,  258,  976,  947,  801,  235,  456,  555,  815,  230,  555,  975,  152,  587,  730,  640,  387,  518,  749,  589,  803,  923,  492,   24,  263,  737,  297,  762,  200,  561,    0,  428,  450,  779,  931,  752,  672,  678,  858,  279,  630,  909,  300,  863,  461,  835,  388,  398,  566,  349, 1010,  147,  739,  636,  850,  833,  723,  601,  688,  710,  280,  879,  789,  691,  188,  929,  293,  891, 1061,   86,  496,  897,  456,  380,  285,  803,  980,  469,  780,   40,  581,  736,  625,  524,  390,  788,  634,  761,  569,  797,  848,  251,  650,  958,  110,  256,  696,  360,  467, 1034,  514,  104,  331,  885,  651,  963],
