{
    "name": "random-49-24895",
    "comment": "size=49 seed=24895",
    "nodes": ["+0", "-0", "+1", "-1", "+2", "-2", "+3", "-3", "+4", "-4", "+5", "-5", "+6", "-6", "+7", "-7", "+8", "-8", "+9", "-9", "+10", "-10", "+11", "-11", "+12", "-12", "+13", "-13", "+14", "-14", "+15", "-15", "+16", "-16", "+17", "-17", "+18", "-18", "+19", "-19", "+20", "-20", "+21", "-21", "+22", "-22", "+23", "-23", "+24", "-24", "+25", "-25", "+26", "-26", "+27", "-27", "+28", "-28", "+29", "-29", "+30", "-30", "+31", "-31", "+32", "-32", "+33", "-33", "+34", "-34", "+35", "-35", "+36", "-36", "+37", "-37", "+38", "-38", "+39", "-39", "+40", "-40", "+41", "-41", "+42", "-42", "+43", "-43", "+44", "-44", "+45", "-45", "+46", "-46", "+47", "-47", "+48", "-48", "+49", "-49"],
    "precedence": {
        "+0": "-0",
        "+1": "-1",
        "+2": "-2",
        "+3": "-3",
        "+4": "-4",
        "+5": "-5",
        "+6": "-6",
        "+7": "-7",
        "+8": "-8",
        "+9": "-9",
        "+10": "-10",
        "+11": "-11",
        "+12": "-12",
        "+13": "-13",
        "+14": "-14",
        "+15": "-15",
        "+16": "-16",
        "+17": "-17",
        "+18": "-18",
        "+19": "-19",
        "+20": "-20",
        "+21": "-21",
        "+22": "-22",
        "+23": "-23",
        "+24": "-24",
        "+25": "-25",
        "+26": "-26",
        "+27": "-27",
        "+28": "-28",
        "+29": "-29",
        "+30": "-30",
        "+31": "-31",
        "+32": "-32",
        "+33": "-33",
        "+34": "-34",
        "+35": "-35",
        "+36": "-36",
        "+37": "-37",
        "+38": "-38",
        "+39": "-39",
        "+40": "-40",
        "+41": "-41",
        "+42": "-42",
        "+43": "-43",
        "+44": "-44",
        "+45": "-45",
        "+46": "-46",
        "+47": "-47",
        "+48": "-48",
        "+49": "-49"
    },
    "edges": [
        [    0,    0,  297,   71,  409,  737,  469,  648,  443,  453,  655,  524,  270,  454,  755,  540,  308,  327,  410,  316,  286,  311,  254,  501,  138,  470,  231,  500,  350,  436,  238,  605,  302,  411,  523,  611,  888,  436,  147,  406,  298,  170,  570,  523,  404,  209,  243,  243,  630,  414,  144,  597,  383,  339,  544,  241,  531,  283,  707,  672,  308,  493,  510,  723,  676,  544,  454,  557,  450,  687,  364,  611,  424,  725,  375,  532,  129,  434,  596,  534,  213,  496,  346,  555,  527,  551,  403,  573,  549,  423,  481,  330,  408,  730,  543,  183,  500,  361,  355,  491],
        [    0,    0,    0,    0,    0,    0,    0,    0,    0,    0,    0,    0,    0,    0,    0,    0,    0,    0,    0,    0,    0,    0,    0,    0,    0,    0,    0,    0,    0,    0,    0,    0,    0,    0,    0,    0,    0,    0,    0,    0,    0,    0,    0,    0,    0,    0,    0,    0,    0,    0,    0,    0,    0,    0,    0,    0,    0,    0,    0,    0,    0,    0,    0,    0,    0,    0,    0,    0,    0,    0,    0,    0,    0,    0,    0,    0,    0,    0,    0,    0,    0,    0,    0,    0,    0,    0,    0,    0,    0,    0,    0,    0,    0,    0,    0,    0,    0,    0,    0,    0],
        [  297,    0,    0,  227,  528,  974,  332,  866,  712,  159,  754,  242,   64,  434,  945,  370,  603,  623,  417,  128,  577,  593,  203,  768,  222,  325,  209,  708,  622,  140,  468,  396,   94,  160,  746,  801,  819,  718,  348,  114,  412,  265,  768,  582,  469,  482,  485,  522,  776,  336,  277,  404,  664,  445,  629,  300,  265,   52,  839,  801,   60,  668,  762,  810,  759,  804,  208,  822,  536,  566,  479,  846,  246,  959,  109,  677,  386,  434,  307,  802,  186,  780,  633,  515,  620,  688,  555,  712,  628,  516,  724,  599,  703,  794,  303,  137,  624,  655,  148,  320],
        [   71,    0,  227,    0,  426,  792,  426,  697,  506,  383,  672,  457,  200,  435,  797,  492,  378,  396,  396,  252,  355,  374,  211,  564,   97,  424,  184,  545,  409,  366,  278,  551,  238,  343,  573,  652,  867,  503,  174,  337,  307,  155,  613,  527,  405,  271,  295,  308,  659,  380,  130,  545,  446,  349,  555,  227,  466,  215,  733,  697,  241,  528,  568,  738,  689,  605,  391,  619,  459,  652,  378,  664,  371,  780,  308,  559,  182,  419,  526,  597,  160,  564,  412,  535,  540,  576,  429,  599,  558,  433,  531,  388,  478,  739,  483,  120,  521,  431,  290,  441],
        [  409,    0,  528,  426,    0,  505,  382,  381,  375,  615,  247,  627,  552,  220,  426,  452,  445,  519,  180,  627,  399,  593,  328,  407,  522,  392,  604,  235,  644,  627,  614,  546,  454,  687,  288,  291,  565,  425,  263,  579,  122,  283,  270,  139,   94,  314,  240,  334,  248,  298,  548,  515,  649,   84,  139,  230,  598,  480,  314,  277,  488,  161,  359,  315,  268,  413,  523,  440,   64,  469,   51,  389,  424,  486,  518,  149,  303,  188,  807,  435,  577,  478,  601,  279,  120,  160,   60,  185,  146,   46,  802,  637,  498,  324,  560,  410,   98,  460,  661,  433],
        [  737,    0,  974,  792,  505,    0,  887,  128,  315, 1092,  470, 1120,  976,  721,  198,  957,  514,  573,  685, 1040,  498,  692,  797,  264,  874,  897,  967,  276,  730, 1096,  817, 1050,  921, 1122,  230,  234,  937,  356,  631, 1051,  586,  710,  239,  574,  599,  532,  499,  505,  354,  802,  869, 1019,  699,  570,  517,  692, 1096,  934,  381,  390,  949,  346,  230,  507,  512,  213, 1018,  215,  545,  940,  541,  129,  924,   22,  994,  389,  612,  691, 1276,  242,  949,  334,  665,  755,  506,  399,  454,  384,  530,  544,  864,  742,  461,  566, 1063,  839,  450,  473, 1078,  937],
        [  469,    0,  332,  426,  382,  887,    0,  762,  714,  316,  529,  282,  391,  178,  793,   79,  697,  749,  204,  459,  656,  770,  216,  759,  487,   12,  519,  615,  814,  347,  702,  168,  242,  463,  667,  668,  488,  748,  398,  303,  325,  312,  651,  353,  290,  545,  502,  584,  594,   87,  541,  144,  841,  325,  414,  263,  240,  288,  635,  599,  273,  543,  724,  565,  517,  777,  188,  802,  349,  237,  350,  769,   92,  868,  248,  514,  465,  202,  500,  791,  491,  810,  799,  214,  414,  514,  436,  536,  406,  345,  950,  796,  782,  532,  186,  317,  451,  735,  475,   52],
        [  648,    0,  866,  697,  381,  128,  762,    0,  269,  977,  352, 1000,  873,  594,  143,  831,  467,  536,  559,  940,  441,  652,  682,  235,  784,  772,  877,  159,  696,  983,  758,  924,  807, 1018,  125,  110,  819,  325,  529,  937,  468,  602,  112,  447,  473,  451,  405,  431,  235,  678,  786,  892,  672,  449,  391,  577,  975,  824,  276,  278,  837,  220,  176,  397,  395,  191,  898,  209,  418,  814,  419,   70,  802,  107,  879,  262,  519,  564, 1164,  230,  856,  326,  632,  628,  379,  272,  331,  259,  404,  418,  841,  703,  438,  453,  940,  733,  323,  436,  978,  813],
        [  443,    0,  712,  506,  375,  315,  714,  269,    0,  849,  502,  895,  701,  582,  408,  791,  201,  268,  534,  757,  184,  385,  566,   59,  578,  722,  670,  208,  428,  844,  503,  881,  677,  847,  177,  303,  927,   63,  367,  804,  391,  462,  261,  501,  458,  235,  230,  201,  405,  629,  565,  857,  404,  398,  469,  469,  883,  679,  477,  459,  699,  282,   94,  568,  543,  105,  801,  115,  436,  841,  383,  207,  724,  309,  755,  357,  328,  549, 1018,   92,  654,  104,  364,  653,  450,  379,  317,  384,  482,  420,  574,  436,  174,  610,  866,  576,  386,  168,  796,  759],
        [  453,    0,  159,  383,  615, 1092,  316,  977,  849,    0,  815,   97,  208,  468, 1041,  319,  755,  779,  469,  230,  726,  751,  296,  904,  377,  305,  348,  819,  780,   41,  624,  307,  174,  178,  863,  901,  788,  861,  482,   47,  511,  389,  873,  637,  539,  626,  619,  667,  857,  359,  432,  328,  822,  535,  692,  401,  138,  173,  912,  874,  151,  768,  890,  862,  812,  936,  132,  956,  607,  522,  568,  965,  227, 1076,   99,  763,  529,  479,  194,  938,  331,  924,  791,  527,  687,  770,  652,  794,  687,  592,  878,  756,  854,  836,  200,  279,  705,  805,  222,  282],
        [  655,    0,  754,  672,  247,  470,  529,  352,  502,  815,    0,  806,  786,  354,  307,  578,  638,  716,  347,  863,  595,  808,  552,  507,  768,  541,  848,  297,  859,  835,  850,  666,  671,  913,  341,  246,  467,  564,  508,  786,  366,  526,  267,  179,  286,  534,  460,  543,  118,  462,  794,  629,  854,  325,  126,  465,  767,  704,  113,   85,  707,  223,  441,   72,   44,  487,  704,  514,  220,  500,  295,  402,  599,  449,  724,  150,  543,  337, 1009,  522,  821,  599,  807,  337,  136,  127,  259,  118,  129,  243, 1017,  855,  663,  109,  714,  646,  156,  637,  894,  579],
        [  524,    0,  242,  457,  627, 1120,  282, 1000,  895,   97,  806,    0,  298,  452, 1051,  263,  818,  848,  464,  326,  786,  829,  330,  948,  463,  271,  441,  844,  861,  136,  710,  229,  226,  270,  891,  917,  726,  913,  532,  131,  534,  435,  893,  627,  543,  682,  665,  723,  859,  345,  519,  256,  901,  552,  686,  432,   53,  243,  908,  871,  217,  785,  928,  846,  797,  976,  104,  998,  609,  459,  584,  994,  208, 1102,  150,  771,  586,  470,  225,  982,  423,  976,  868,  495,  683,  775,  670,  799,  680,  598,  965,  838,  915,  814,  123,  343,  710,  867,  318,  238],
        [  270,    0,   64,  200,  552,  976,  391,  873,  701,  208,  786,  298,    0,  479,  959,  432,  577,  590,  458,   78,  555,  550,  238,  759,  172,  384,  146,  716,  576,  181,  417,  459,  149,  147,  751,  814,  876,  702,  346,  167,  433,  276,  779,  619,  501,  468,  481,  506,  799,  387,  225,  467,  619,  469,  662,  323,  325,  104,  866,  828,  120,  683,  758,  845,  793,  797,  271,  814,  566,  626,  502,  847,  306,  962,  172,  699,  374,  477,  327,  792,  125,  763,  591,  566,  651,  712,  573,  736,  661,  545,  670,  552,  677,  832,  366,  144,  649,  630,  109,  382],
        [  454,    0,  434,  435,  220,  721,  178,  594,  582,  468,  354,  452,  479,    0,  617,  239,  608,  672,   52,  555,  563,  719,  247,  621,  520,  189,  579,  454,  767,  491,  689,  332,  342,  586,  508,  496,  435,  625,  337,  443,  207,  285,  483,  176,  128,  458,  397,  491,  417,  110,  564,  299,  784,  187,  236,  214,  414,  383,  458,  422,  378,  376,  577,  395,  346,  630,  351,  657,  177,  264,  201,  608,  246,  701,  381,  340,  401,   34,  659,  650,  549,  684,  738,  101,  237,  338,  278,  360,  229,  178,  917,  754,  680,  369,  363,  360,  276,  636,  581,  229],
        [  755,    0,  945,  797,  426,  198,  793,  143,  408, 1041,  307, 1051,  959,  617,    0,  854,  603,  675,  592, 1030,  574,  789,  750,  377,  889,  804,  980,  256,  834, 1052,  887,  946,  876, 1101,  247,  146,  762,  466,  624, 1004,  534,  684,  186,  449,  510,  570,  514,  555,  204,  714,  897,  911,  811,  506,  388,  647, 1020,  899,  201,  222,  909,  277,  316,  328,  344,  332,  947,  349,  445,  802,  473,  212,  847,  181,  943,  281,  627,  591, 1232,  372,  957,  468,  771,  628,  382,  280,  391,  258,  398,  454,  982,  840,  579,  388,  977,  816,  344,  576, 1067,  844],
        [  540,    0,  370,  492,  452,  957,   79,  831,  791,  319,  578,  263,  432,  239,  854,    0,  775,  826,  273,  495,  734,  844,  286,  836,  546,   74,  569,  686,  887,  355,  770,   94,  287,  483,  739,  734,  469,  825,  475,  317,  401,  387,  719,  408,  359,  623,  580,  662,  652,  163,  601,   66,  915,  400,  469,  341,  213,  332,  687,  653,  312,  611,  799,  607,  562,  852,  189,  877,  414,  204,  423,  841,  128,  937,  272,  578,  542,  267,  488,  867,  542,  887,  873,  246,  473,  576,  507,  597,  460,  413, 1020,  868,  860,  568,  147,  378,  514,  813,  505,   52],
        [  308,    0,  603,  378,  445,  514,  697,  467,  201,  755,  638,  818,  577,  608,  603,  775,    0,   79,  556,  618,   47,  186,  507,  251,  427,  702,  513,  371,  233,  741,  306,  856,  592,  715,  360,  483, 1008,  161,  301,  708,  402,  397,  437,  584,  502,  153,  213,  118,  562,  620,  401,  838,  218,  428,  571,  434,  817,  582,  640,  615,  606,  419,  294,  709,  674,  302,  736,  303,  508,  871,  429,  407,  681,  509,  669,  489,  238,  577,  903,  276,  503,  207,  173,  697,  551,  512,  400,  525,  582,  484,  387,  237,  101,  740,  816,  477,  495,   55,  657,  733],
        [  327,    0,  623,  396,  519,  573,  749,  536,  268,  779,  716,  848,  590,  672,  675,  826,   79,    0,  620,  623,  122,  119,  550,  311,  429,  753,  508,  448,  160,  762,  265,  904,  624,  722,  434,  558, 1080,  218,  352,  732,  467,  442,  513,  658,  571,  215,  282,  187,  640,  676,  394,  889,  141,  496,  647,  488,  852,  608,  718,  693,  633,  497,  362,  787,  752,  362,  773,  359,  581,  933,  500,  474,  726,  570,  699,  567,  285,  642,  915,  332,  503,  249,   97,  764,  627,  590,  476,  603,  658,  556,  310,  169,  121,  817,  856,  506,  572,  102,  660,  782],
        [  410,    0,  417,  396,  180,  685,  204,  559,  534,  469,  347,  464,  458,   52,  592,  273,  556,  620,    0,  535,  511,  668,  221,  573,  483,  214,  548,  414,  717,  489,  643,  367,  329,  573,  467,  465,  481,  575,  287,  440,  155,  243,  448,  169,   86,  406,  346,  439,  396,  122,  525,  336,  733,  137,  224,  171,  430,  366,  445,  408,  365,  339,  532,  396,  346,  585,  361,  611,  147,  316,  154,  568,  257,  665,  377,  311,  351,   25,  662,  603,  518,  634,  687,  148,  220,  313,  236,  336,  219,  142,  868,  704,  628,  377,  386,  330,  249,  585,  562,  255],
        [  316,    0,  128,  252,  627, 1040,  459,  940,  757,  230,  863,  326,   78,  555, 1030,  495,  618,  623,  535,    0,  601,  569,  315,  815,  194,  452,  130,  784,  589,  194,  422,  512,  220,  100,  817,  885,  947,  752,  412,  200,  507,  349,  849,  696,  578,  522,  542,  558,  873,  461,  236,  524,  636,  544,  739,  399,  362,  176,  941,  903,  187,  755,  818,  922,  871,  856,  322,  870,  643,  693,  577,  912,  372, 1027,  225,  773,  432,  554,  299,  848,  124,  812,  613,  641,  728,  786,  646,  811,  738,  621,  667,  564,  718,  910,  412,  218,  725,  673,   39,  446],
        [  286,    0,  577,  355,  399,  498,  656,  441,  184,  726,  595,  786,  555,  563,  574,  734,   47,  122,  511,  601,    0,  219,  470,  238,  413,  661,  502,  335,  268,  715,  320,  816,  561,  696,  329,  449,  962,  157,  263,  680,  357,  359,  403,  538,  456,  111,  167,   73,  523,  578,  392,  798,  259,  382,  526,  393,  783,  553,  601,  575,  576,  378,  272,  666,  631,  288,  702,  293,  462,  826,  383,  385,  643,  491,  638,  447,  202,  532,  880,  267,  490,  213,  213,  652,  506,  470,  355,  484,  537,  438,  425,  270,  130,  696,  779,  448,  451,   82,  640,  692],
        [  311,    0,  593,  374,  593,  692,  770,  652,  385,  751,  808,  829,  550,  719,  789,  844,  186,  119,  668,  569,  219,    0,  559,  429,  380,  772,  445,  554,   52,  728,  167,  914,  611,  669,  545,  667, 1141,  336,  384,  706,  522,  459,  622,  730,  632,  280,  354,  266,  741,  705,  334,  903,   73,  556,  728,  517,  840,  588,  819,  792,  614,  595,  478,  879,  841,  480,  765,  478,  652,  972,  567,  591,  733,  688,  681,  661,  318,  692,  867,  450,  446,  366,   46,  816,  708,  684,  557,  699,  737,  626,  210,   52,  236,  905,  854,  493,  658,  219,  604,  797],
        [  254,    0,  203,  211,  328,  797,  216,  682,  566,  296,  552,  330,  238,  247,  750,  286,  507,  550,  221,  315,  470,  559,    0,  618,  282,  216,  333,  524,  601,  303,  487,  356,  127,  362,  567,  608,  666,  586,  208,  256,  217,  111,  579,  381,  266,  361,  337,  402,  575,  172,  332,  345,  631,  245,  427,  106,  318,  153,  637,  599,  160,  475,  599,  608,  557,  647,  236,  668,  333,  442,  279,  670,  176,  781,  198,  477,  270,  241,  483,  652,  304,  650,  590,  340,  417,  487,  360,  512,  426,  313,  735,  582,  600,  595,  310,  115,  423,  551,  344,  238],
        [  501,    0,  768,  564,  407,  264,  759,  235,   59,  904,  507,  948,  759,  621,  377,  836,  251,  311,  573,  815,  238,  429,  618,    0,  636,  767,  728,  212,  470,  900,  555,  927,  731,  904,  169,  289,  946,   94,  423,  859,  435,  516,  251,  526,  495,  293,  285,  259,  403,  674,  623,  901,  441,  439,  489,  520,  934,  735,  469,  456,  754,  294,   69,  570,  550,   52,  852,   57,  466,  875,  421,  168,  773,  260,  809,  368,  385,  588, 1075,   35,  712,   96,  405,  686,  470,  389,  348,  391,  501,  452,  610,  479,  204,  615,  915,  632,  405,  210,  853,  805],
        [  138,    0,  222,   97,  522,  874,  487,  784,  578,  377,  768,  463,  172,  520,  889,  546,  427,  429,  483,  194,  413,  380,  282,  636,    0,  484,   94,  635,  405,  352,  247,  593,  268,  294,  659,  744,  947,  567,  268,  334,  403,  248,  704,  621,  499,  345,  380,  377,  755,  453,   58,  593,  449,  444,  650,  317,  483,  231,  829,  793,  257,  622,  647,  834,  784,  680,  417,  692,  554,  720,  474,  748,  420,  862,  322,  655,  265,  506,  489,  668,   78,  625,  422,  618,  635,  672,  524,  695,  654,  528,  503,  381,  526,  834,  512,  171,  617,  482,  232,  494],
        [  470,    0,  325,  424,  392,  897,   12,  772,  722,  305,  541,  271,  384,  189,  804,   74,  702,  753,  214,  452,  661,  772,  216,  767,  484,    0,  515,  624,  815,  337,  702,  160,  236,  454,  676,  678,  496,  754,  402,  293,  332,  314,  661,  364,  300,  550,  508,  589,  605,   96,  538,  138,  843,  334,  425,  268,  228,  281,  647,  610,  266,  553,  733,  577,  529,  785,  177,  810,  360,  243,  359,  779,   83,  878,  239,  525,  469,  213,  489,  799,  487,  817,  801,  225,  426,  525,  445,  547,  417,  356,  950,  797,  788,  543,  174,  314,  462,  740,  467,   41],
        [  231,    0,  209,  184,  604,  967,  519,  877,  670,  348,  848,  441,  146,  579,  980,  569,  513,  508,  548,  130,  502,  445,  333,  728,   94,  515,    0,  727,  463,  315,  294,  603,  282,  227,  752,  835,  996,  657,  358,  311,  483,  324,  795,  694,  573,  438,  473,  470,  842,  500,  115,  609,  510,  524,  729,  389,  470,  238,  914,  878,  260,  711,  740,  913,  863,  772,  416,  784,  632,  756,  555,  841,  442,  956,  317,  741,  358,  569,  426,  760,   30,  714,  490,  673,  715,  757,  611,  781,  731,  607,  538,  437,  611,  909,  511,  219,  701,  568,  160,  518],
        [  500,    0,  708,  545,  235,  276,  615,  159,  208,  819,  297,  844,  716,  454,  256,  686,  371,  448,  414,  784,  335,  554,  524,  212,  635,  624,  727,    0,  603,  825,  637,  780,  649,  861,   56,  117,  739,  270,  374,  779,  311,  444,   72,  329,  328,  315,  259,  305,  198,  529,  641,  749,  588,  295,  284,  419,  820,  665,  273,  252,  679,   87,  147,  361,  339,  198,  742,  225,  282,  692,  267,  155,  649,  258,  721,  158,  371,  422, 1005,  230,  705,  303,  544,  502,  267,  179,  180,  180,  297,  277,  758,  605,  376,  405,  788,  575,  203,  357,  822,  664],
        [  350,    0,  622,  409,  644,  730,  814,  696,  428,  780,  859,  861,  576,  767,  834,  887,  233,  160,  717,  589,  268,   52,  601,  470,  405,  815,  463,  603,    0,  756,  172,  954,  646,  689,  592,  715, 1191,  377,  431,  735,  572,  504,  669,  781,  682,  331,  405,  317,  790,  750,  355,  945,   52,  606,  779,  564,  874,  620,  869,  842,  647,  645,  521,  930,  892,  521,  800,  516,  703, 1019,  617,  633,  773,  728,  714,  711,  366,  740,  888,  489,  466,  401,   66,  864,  759,  734,  608,  749,  788,  677,  160,   26,  271,  956,  891,  529,  709,  261,  622,  838],
        [  436,    0,  140,  366,  627, 1096,  347,  983,  844,   41,  835,  136,  181,  491, 1052,  355,  741,  762,  489,  194,  715,  728,  303,  900,  352,  337,  315,  825,  756,    0,  597,  347,  177,  137,  867,  911,  824,  853,  478,   49,  519,  388,  881,  657,  555,  618,  616,  658,  871,  383,  405,  367,  799,  546,  710,  408,  179,  166,  929,  891,  148,  777,  890,  884,  833,  934,  167,  953,  623,  559,  580,  968,  256, 1080,  112,  776,  521,  501,  181,  934,  300,  916,  769,  555,  704,  784,  662,  809,  707,  607,  849,  732,  841,  860,  240,  270,  719,  793,  183,  316],
        [  238,    0,  468,  278,  614,  817,  702,  758,  503,  624,  850,  710,  417,  689,  887,  770,  306,  265,  643,  422,  320,  167,  487,  555,  247,  702,  294,  637,  172,  597,    0,  827,  507,  520,  641,  753, 1123,  467,  363,  581,  517,  407,  708,  741,  628,  325,  395,  332,  803,  651,  193,  823,  223,  557,  752,  476,  729,  475,  883,  851,  501,  657,  592,  921,  878,  606,  660,  609,  664,  924,  576,  704,  648,  811,  568,  712,  312,  667,  720,  582,  301,  509,  212,  790,  733,  734,  592,  753,  759,  637,  257,  147,  384,  937,  754,  395,  695,  354,  454,  719],
        [  605,    0,  396,  551,  546, 1050,  168,  924,  881,  307,  666,  229,  459,  332,  946,   94,  856,  904,  367,  512,  816,  914,  356,  927,  593,  160,  603,  780,  954,  347,  827,    0,  327,  482,  832,  827,  503,  914,  555,  318,  492,  462,  813,  498,  452,  706,  666,  745,  744,  254,  650,   38,  986,  492,  560,  424,  176,  367,  776,  742,  344,  705,  892,  691,  647,  944,  191,  969,  508,  239,  516,  934,  182, 1031,  289,  671,  620,  361,  449,  959,  578,  976,  945,  330,  564,  668,  601,  689,  551,  507, 1081,  934,  944,  649,  108,  433,  607,  896,  515,  125],
        [  302,    0,   94,  238,  454,  921,  242,  807,  677,  174,  671,  226,  149,  342,  876,  287,  592,  624,  329,  220,  561,  611,  127,  731,  268,  236,  282,  649,  646,  177,  507,  327,    0,  245,  691,  735,  728,  691,  311,  131,  343,  216,  705,  496,  387,  458,  447,  499,  700,  243,  325,  329,  683,  371,  545,  231,  230,   46,  760,  722,   37,  601,  717,  724,  673,  763,  155,  783,  455,  478,  405,  793,  160,  904,   79,  603,  361,  345,  357,  765,  255,  754,  648,  422,  538,  612,  486,  637,  543,  437,  763,  625,  690,  706,  248,  120,  547,  641,  241,  236],
        [  411,    0,  160,  343,  687, 1122,  463, 1018,  847,  178,  913,  270,  147,  586, 1101,  483,  715,  722,  573,  100,  696,  669,  362,  904,  294,  454,  227,  861,  689,  137,  520,  482,  245,    0,  896,  957,  948,  846,  492,  167,  570,  418,  922,  740,  628,  613,  627,  650,  934,  483,  336,  500,  736,  603,  788,  458,  315,  210,  998,  960,  209,  825,  904,  968,  917,  944,  297,  960,  695,  686,  637,  994,  372, 1108,  216,  835,  520,  589,  200,  938,  223,  906,  713,  662,  779,  847,  712,  871,  786,  675,  762,  663,  815,  950,  376,  286,  783,  770,   68,  439],
        [  523,    0,  746,  573,  288,  230,  667,  125,  177,  863,  341,  891,  751,  508,  247,  739,  360,  434,  467,  817,  329,  545,  567,  169,  659,  676,  752,   56,  592,  867,  641,  832,  691,  896,    0,  127,  791,  239,  406,  821,  357,  482,   84,  384,  382,  327,  280,  310,  235,  581,  661,  802,  573,  345,  338,  462,  869,  705,  303,  288,  720,  142,  100,  402,  384,  147,  789,  174,  337,  747,  318,  104,  698,  214,  764,  210,  395,  476, 1047,  182,  731,  263,  531,  557,  321,  229,  232,  226,  351,  331,  743,  596,  350,  449,  838,  611,  257,  338,  854,  716],
        [  611,    0,  801,  652,  291,  234,  668,  110,  303,  901,  246,  917,  814,  496,  146,  734,  483,  558,  465,  885,  449,  667,  608,  289,  744,  678,  835,  117,  715,  911,  753,  827,  735,  957,  127,    0,  711,  365,  479,  863,  392,  539,   46,  341,  380,  431,  372,  421,  129,  586,  753,  794,  698,  367,  284,  504,  888,  756,  183,  176,  767,  134,  221,  296,  289,  257,  813,  281,  320,  707,  334,  157,  715,  213,  803,  158,  483,  467, 1091,  295,  812,  384,  655,  523,  273,  165,  249,  151,  296,  324,  868,  718,  476,  349,  849,  671,  221,  464,  922,  719],
        [  888,    0,  819,  867,  565,  937,  488,  819,  927,  788,  467,  726,  876,  435,  762,  469, 1008, 1080,  481,  947,  962, 1141,  666,  946,  947,  496,  996,  739, 1191,  824, 1123,  503,  728,  948,  791,  711,    0,  982,  766,  784,  620,  719,  726,  429,  511,  868,  798,  894,  585,  496,  995,  472, 1203,  586,  459,  648,  674,  773,  562,  547,  760,  654,  885,  435,  425,  936,  657,  964,  502,  268,  580,  865,  578,  916,  734,  582,  827,  456,  950,  968,  967, 1030, 1156,  334,  478,  563,  617,  568,  446,  525, 1345, 1180, 1062,  375,  604,  780,  542, 1025,  963,  510],
        [  436,    0,  718,  503,  425,  356,  748,  325,   63,  861,  564,  913,  702,  625,  466,  825,  161,  218,  575,  752,  157,  336,  586,   94,  567,  754,  657,  270,  377,  853,  467,  914,  691,  846,  239,  365,  982,    0,  381,  815,  427,  478,  323,  555,  503,  236,  251,  196,  468,  664,  549,  891,  348,  438,  526,  495,  904,  689,  540,  522,  710,  342,  151,  630,  604,  145,  821,  143,  487,  886,  427,  259,  750,  353,  769,  417,  333,  592, 1024,  115,  644,   64,  312,  701,  506,  440,  368,  446,  538,  469,  518,  387,  113,  671,  891,  584,  443,  117,  791,  790],
        [  147,    0,  348,  174,  263,  631,  398,  529,  367,  482,  508,  532,  346,  337,  624,  475,  301,  352,  287,  412,  263,  384,  208,  423,  268,  402,  358,  374,  431,  478,  363,  555,  311,  492,  406,  479,  766,  381,    0,  437,  155,   99,  440,  381,  265,  153,  138,  194,  488,  325,  288,  538,  451,  196,  399,  137,  525,  313,  563,  527,  332,  354,  414,  577,  530,  457,  443,  476,  306,  589,  219,  502,  381,  616,  389,  388,   68,  311,  654,  457,  334,  445,  407,  435,  381,  406,  258,  428,  404,  279,  581,  417,  392,  585,  518,  212,  354,  344,  449,  432],
        [  406,    0,  114,  337,  579, 1051,  303,  937,  804,   47,  786,  131,  167,  443, 1004,  317,  708,  732,  440,  200,  680,  706,  256,  859,  334,  293,  311,  779,  735,   49,  581,  318,  131,  167,  821,  863,  784,  815,  437,    0,  472,  345,  834,  609,  506,  581,  575,  621,  823,  335,  389,  335,  777,  498,  662,  361,  163,  127,  880,  842,  106,  730,  847,  835,  784,  892,  131,  912,  575,  521,  532,  923,  212, 1035,   63,  728,  483,  452,  228,  894,  292,  879,  745,  509,  656,  736,  615,  760,  658,  559,  836,  712,  807,  812,  215,  233,  671,  759,  198,  275],
        [  298,    0,  412,  307,  122,  586,  325,  468,  391,  511,  366,  534,  433,  207,  534,  401,  402,  467,  155,  507,  357,  522,  217,  435,  403,  332,  483,  311,  572,  519,  517,  492,  343,  570,  357,  392,  620,  427,  155,  472,    0,  162,  363,  226,  112,  253,  191,  284,  366,  239,  432,  467,  585,   42,  249,  113,  512,  365,  435,  397,  376,  258,  403,  431,  382,  455,  433,  479,  153,  470,   72,  461,  343,  568,  413,  266,  210,  176,  700,  468,  456,  488,  538,  297,  233,  279,  144,  304,  253,  127,  726,  561,  474,  434,  485,  290,  219,  430,  542,  370],
        [  170,    0,  265,  155,  283,  710,  312,  602,  462,  389,  526,  435,  276,  285,  684,  387,  397,  442,  243,  349,  359,  459,  111,  516,  248,  314,  324,  444,  504,  388,  407,  462,  216,  418,  482,  539,  719,  478,   99,  345,  162,    0,  505,  374,  252,  251,  232,  292,  526,  248,  285,  448,  530,  201,  406,   73,  427,  224,  596,  559,  241,  408,  502,  590,  540,  548,  345,  568,  309,  520,  233,  582,  285,  695,  294,  426,  160,  267,  567,  550,  296,  542,  487,  386,  392,  440,  298,  464,  408,  284,  645,  487,  489,  587,  420,  133,  380,  441,  384,  341],
        [  570,    0,  768,  613,  270,  239,  651,  112,  261,  873,  267,  893,  779,  483,  186,  719,  437,  513,  448,  849,  403,  622,  579,  251,  704,  661,  795,   72,  669,  881,  708,  813,  705,  922,   84,   46,  726,  323,  440,  834,  363,  505,    0,  338,  362,  387,  329,  376,  154,  567,  711,  781,  653,  341,  285,  474,  866,  724,  219,  207,  736,  109,  182,  323,  310,  223,  789,  249,  307,  705,  310,  139,  693,  219,  775,  154,  441,  453, 1062,  261,  772,  346,  610,  518,  271,  168,  223,  159,  298,  307,  823,  673,  433,  373,  829,  637,  213,  419,  886,  702],
        [  523,    0,  582,  527,  139,  574,  353,  447,  501,  637,  179,  627,  619,  176,  449,  408,  584,  658,  169,  696,  538,  730,  381,  526,  621,  364,  694,  329,  781,  657,  741,  498,  496,  740,  384,  341,  429,  555,  381,  609,  226,  374,  338,    0,  123,  451,  378,  472,  246,  283,  654,  463,  787,  185,   62,  306,  589,  531,  283,  247,  532,  243,  470,  228,  177,  523,  525,  551,   79,  367,  166,  474,  420,  553,  546,  185,  431,  159,  830,  550,  666,  605,  740,  182,   69,  177,  189,  195,   54,  105,  939,  773,  634,  216,  538,  484,  128,  598,  725,  404],
        [  404,    0,  469,  405,   94,  599,  290,  473,  458,  539,  286,  543,  501,  128,  510,  359,  502,  571,   86,  578,  456,  632,  266,  495,  499,  300,  573,  328,  682,  555,  628,  452,  387,  628,  382,  380,  511,  503,  265,  506,  112,  252,  362,  123,    0,  358,  290,  385,  319,  206,  533,  422,  693,   76,  161,  185,  511,  418,  374,  336,  422,  254,  450,  344,  293,  504,  439,  530,   69,  383,   77,  483,  337,  579,  444,  229,  321,   95,  732,  524,  544,  560,  646,  199,  152,  233,  151,  257,  161,   57,  837,  671,  566,  337,  470,  364,  168,  525,  609,  340],
        [  209,    0,  482,  271,  314,  532,  545,  451,  235,  626,  534,  682,  468,  458,  570,  623,  153,  215,  406,  522,  111,  280,  361,  293,  345,  550,  438,  315,  331,  618,  325,  706,  458,  613,  327,  431,  868,  236,  153,  581,  253,  251,  387,  451,  358,    0,   75,   42,  480,  468,  338,  687,  336,  283,  449,  283,  677,  454,  559,  528,  476,  333,  303,  606,  565,  336,  595,  349,  373,  720,  289,  407,  533,  521,  536,  391,   98,  428,  788,  327,  421,  299,  289,  550,  429,  414,  280,  431,  458,  348,  489,  324,  240,  628,  670,  349,  382,  192,  561,  582],
        [  243,    0,  485,  295,  240,  499,  502,  405,  230,  619,  460,  665,  481,  397,  514,  580,  213,  282,  346,  542,  167,  354,  337,  285,  380,  508,  473,  259,  405,  616,  395,  666,  447,  627,  280,  372,  798,  251,  138,  575,  191,  232,  329,  378,  290,   75,    0,   96,  410,  420,  383,  645,  409,  216,  374,  245,  655,  451,  489,  457,  470,  264,  278,  532,  491,  319,  572,  338,  300,  661,  218,  370,  500,  486,  525,  319,  115,  366,  792,  319,  452,  314,  362,  485,  354,  341,  205,  359,  383,  275,  564,  399,  284,  553,  641,  349,  307,  240,  581,  542],
        [  243,    0,  522,  308,  334,  505,  584,  431,  201,  667,  543,  723,  506,  491,  555,  662,  118,  187,  439,  558,   73,  266,  402,  259,  377,  589,  470,  305,  317,  658,  332,  745,  499,  650,  310,  421,  894,  196,  194,  621,  284,  292,  376,  472,  385,   42,   96,    0,  480,  505,  366,  726,  316,  311,  465,  322,  718,  495,  559,  530,  517,  333,  275,  614,  576,  303,  636,  315,  395,  753,  314,  383,  573,  495,  577,  396,  138,  460,  828,  291,  454,  259,  269,  580,  444,  419,  294,  435,  475,  370,  476,  313,  200,  640,  711,  389,  393,  152,  597,  621],
        [  630,    0,  776,  659,  248,  354,  594,  235,  405,  857,  118,  859,  799,  417,  204,  652,  562,  640,  396,  873,  523,  741,  575,  403,  755,  605,  842,  198,  790,  871,  803,  744,  700,  934,  235,  129,  585,  468,  488,  823,  366,  526,  154,  246,  319,  480,  410,  480,    0,  517,  773,  709,  780,  332,  184,  477,  825,  727,   80,   55,  734,  147,  334,  169,  161,  377,  756,  403,  251,  600,  298,  285,  653,  333,  761,  101,  509,  393, 1050,  414,  816,  497,  735,  424,  180,   88,  231,   64,  194,  265,  947,  790,  573,  221,  779,  655,  153,  553,  907,  645],
        [  414,    0,  336,  380,  298,  802,   87,  678,  629,  359,  462,  345,  387,  110,  714,  163,  620,  676,  122,  461,  578,  705,  172,  674,  453,   96,  500,  529,  750,  383,  651,  254,  243,  483,  581,  586,  496,  664,  325,  335,  239,  248,  567,  283,  206,  468,  420,  505,  517,    0,  503,  228,  774,  238,  341,  189,  309,  286,  564,  527,  278,  458,  638,  505,  455,  691,  243,  716,  269,  274,  263,  683,  138,  783,  274,  433,  393,  126,  550,  705,  471,  725,  730,  180,  340,  435,  350,  458,  335,  262,  892,  734,  702,  478,  264,  285,  371,  656,  483,  136],
        [  144,    0,  277,  130,  548,  869,  541,  786,  565,  432,  794,  519,  225,  564,  897,  601,  401,  394,  525,  236,  392,  334,  332,  623,   58,  538,  115,  641,  355,  405,  193,  650,  325,  336,  661,  753,  995,  549,  288,  389,  432,  285,  711,  654,  533,  338,  383,  366,  773,  503,    0,  650,  401,  474,  680,  356,  540,  288,  849,  814,  314,  636,  640,  862,  813,  669,  475,  679,  585,  772,  501,  745,  476,  859,  379,  674,  271,  549,  534,  654,  113,  604,  377,  663,  664,  693,  545,  715,  684,  558,  447,  330,  497,  865,  570,  225,  641,  455,  271,  550],
        [  597,    0,  404,  545,  515, 1019,  144,  892,  857,  328,  629,  256,  467,  299,  911,   66,  838,  889,  336,  524,  798,  903,  345,  901,  593,  138,  609,  749,  945,  367,  823,   38,  329,  500,  802,  794,  472,  891,  538,  335,  467,  448,  781,  463,  422,  687,  645,  726,  709,  228,  650,    0,  975,  464,  525,  405,  203,  371,  740,  706,  349,  674,  864,  654,  610,  917,  205,  942,  475,  205,  487,  904,  175,  999,  300,  637,  604,  329,  479,  932,  583,  953,  934,  293,  529,  634,  571,  655,  515,  475, 1075,  926,  925,  611,  133,  429,  574,  877,  530,  108],
        [  383,    0,  664,  446,  649,  699,  841,  672,  404,  822,  854,  901,  619,  784,  811,  915,  218,  141,  733,  636,  259,   73,  631,  441,  449,  843,  510,  588,   52,  799,  223,  986,  683,  736,  573,  698, 1203,  348,  451,  777,  585,  530,  653,  787,  693,  336,  409,  316,  780,  774,  401,  975,    0,  617,  781,  586,  912,  659,  858,  833,  685,  637,  496,  925,  889,  491,  837,  485,  709, 1040,  625,  607,  805,  698,  753,  705,  385,  756,  934,  458,  513,  366,   48,  880,  760,  729,  609,  742,  790,  684,  171,   77,  239,  954,  926,  565,  708,  236,  670,  868],
        [  339,    0,  445,  349,   84,  570,  325,  449,  398,  535,  325,  552,  469,  187,  506,  400,  428,  496,  137,  544,  382,  556,  245,  439,  444,  334,  524,  295,  606,  546,  557,  492,  371,  603,  345,  367,  586,  438,  196,  498,   42,  201,  341,  185,   76,  283,  216,  311,  332,  238,  474,  464,  617,    0,  207,  146,  526,  396,  398,  360,  405,  234,  400,  390,  340,  453,  449,  478,  111,  450,   34,  448,  354,  552,  437,  233,  248,  155,  726,  469,  496,  498,  570,  270,  192,  244,  119,  269,  211,   85,  762,  596,  495,  392,  494,  326,  181,  452,  577,  373],
        [  544,    0,  629,  555,  139,  517,  414,  391,  469,  692,  126,  686,  662,  236,  388,  469,  571,  647,  224,  739,  526,  728,  427,  489,  650,  425,  729,  284,  779,  710,  752,  560,  545,  788,  338,  284,  459,  526,  399,  662,  249,  406,  285,   62,  161,  449,  374,  465,  184,  341,  680,  525,  781,  207,    0,  343,  649,  578,  223,  186,  581,  197,  429,  185,  135,  481,  583,  508,   98,  424,  180,  422,  478,  497,  599,  132,  441,  216,  885,  511,  701,  572,  733,  242,   21,  119,  172,  135,   14,  123,  937,  772,  613,  187,  599,  523,   84,  580,  769,  464],
        [  241,    0,  300,  227,  230,  692,  263,  577,  469,  401,  465,  432,  323,  214,  647,  341,  434,  488,  171,  399,  393,  517,  106,  520,  317,  268,  389,  419,  564,  408,  476,  424,  231,  458,  462,  504,  648,  495,  137,  361,  113,   73,  474,  306,  185,  283,  245,  322,  477,  189,  356,  405,  586,  146,  343,    0,  415,  252,  543,  505,  263,  371,  497,  527,  476,  546,  333,  568,  246,  456,  180,  565,  256,  675,  303,  378,  204,  195,  588,  553,  360,  558,  542,  315,  330,  390,  256,  414,  344,  223,  709,  548,  521,  521,  397,  182,  327,  474,  432,  300],
        [  531,    0,  265,  466,  598, 1096,  240,  975,  883,  138,  767,   53,  325,  414, 1020,  213,  817,  852,  430,  362,  783,  840,  318,  934,  483,  228,  470,  820,  874,  179,  729,  176,  230,  315,  869,  888,  674,  904,  525,  163,  512,  427,  866,  589,  511,  677,  655,  718,  825,  309,  540,  203,  912,  526,  649,  415,    0,  255,  871,  834,  229,  758,  911,  804,  756,  960,   83,  983,  576,  407,  557,  972,  174, 1078,  162,  739,  582,  434,  277,  968,  450,  968,  877,  450,  648,  742,  644,  766,  642,  567,  985,  852,  913,  770,   71,  349,  677,  864,  358,  192],
        [  283,    0,   52,  215,  480,  934,  288,  824,  679,  173,  704,  243,  104,  383,  899,  332,  582,  608,  366,  176,  553,  588,  153,  735,  231,  281,  238,  665,  620,  166,  475,  367,   46,  210,  705,  756,  773,  689,  313,  127,  365,  224,  724,  531,  418,  454,  451,  495,  727,  286,  288,  371,  659,  396,  578,  252,  255,    0,  790,  751,   27,  622,  725,  759,  708,  769,  187,  788,  486,  524,  430,  805,  205,  918,   94,  629,  357,  383,  343,  769,  212,  752,  626,  466,  569,  639,  508,  664,  577,  466,  731,  598,  681,  743,  282,  106,  575,  633,  199,  281],
        [  707,    0,  839,  733,  314,  381,  635,  276,  477,  912,  113,  908,  866,  458,  201,  687,  640,  718,  445,  941,  601,  819,  637,  469,  829,  647,  914,  273,  869,  929,  883,  776,  760,  998,  303,  183,  562,  540,  563,  880,  435,  596,  219,  283,  374,  559,  489,  559,   80,  564,  849,  740,  858,  398,  223,  543,  871,  790,    0,   39,  795,  227,  401,  128,  145,  439,  805,  464,  306,  612,  364,  336,  701,  361,  818,  176,  586,  438, 1105,  478,  888,  564,  813,  449,  226,  158,  305,  135,  230,  324, 1026,  869,  647,  188,  820,  723,  217,  629,  974,  686],
        [  672,    0,  801,  697,  277,  390,  599,  278,  459,  874,   85,  871,  828,  422,  222,  653,  615,  693,  408,  903,  575,  792,  599,  456,  793,  610,  878,  252,  842,  891,  851,  742,  722,  960,  288,  176,  547,  522,  527,  842,  397,  559,  207,  247,  336,  528,  457,  530,   55,  527,  814,  706,  833,  360,  186,  505,  834,  751,   39,    0,  757,  198,  388,  120,  124,  429,  768,  455,  268,  584,  327,  333,  664,  369,  780,  141,  552,  401, 1067,  467,  851,  550,  787,  416,  188,  122,  270,  100,  194,  286, 1000,  841,  627,  177,  784,  685,  179,  607,  936,  650],
        [  308,    0,   60,  241,  488,  949,  273,  837,  699,  151,  707,  217,  120,  378,  909,  312,  606,  633,  365,  187,  576,  614,  160,  754,  257,  266,  260,  679,  647,  148,  501,  344,   37,  209,  720,  767,  760,  710,  332,  106,  376,  241,  736,  532,  422,  476,  470,  517,  734,  278,  314,  349,  685,  405,  581,  263,  229,   27,  795,  757,    0,  634,  743,  760,  709,  788,  161,  807,  490,  507,  439,  821,  187,  933,   68,  637,  379,  381,  327,  789,  235,  774,  652,  458,  573,  646,  519,  671,  579,  472,  757,  624,  705,  742,  256,  129,  582,  656,  206,  262],
        [  493,    0,  668,  528,  161,  346,  543,  220,  282,  768,  223,  785,  683,  376,  277,  611,  419,  497,  339,  755,  378,  595,  475,  294,  622,  553,  711,   87,  645,  777,  657,  705,  601,  825,  142,  134,  654,  342,  354,  730,  258,  408,  109,  243,  254,  333,  264,  333,  147,  458,  636,  674,  637,  234,  197,  371,  758,  622,  227,  198,  634,    0,  232,  292,  263,  284,  681,  312,  201,  607,  202,  234,  584,  326,  670,   76,  368,  345,  958,  315,  687,  382,  591,  418,  180,   98,  116,  107,  210,  199,  803,  644,  440,  330,  721,  540,  116,  415,  791,  593],
