{
    "name": "random-26-11536",
    "comment": "size=26 seed=11536",
    "nodes": ["+0", "-0", "+1", "-1", "+2", "-2", "+3", "-3", "+4", "-4", "+5", "-5", "+6", "-6", "+7", "-7", "+8", "-8", "+9", "-9", "+10", "-10", "+11", "-11", "+12", "-12", "+13", "-13", "+14", "-14", "+15", "-15", "+16", "-16", "+17", "-17", "+18", "-18", "+19", "-19", "+20", "-20", "+21", "-21", "+22", "-22", "+23", "-23", "+24", "-24", "+25", "-25", "+26", "-26"],
    "precedence": {
        "+0": "-0",
        "+1": "-1",
        "+2": "-2",
        "+3": "-3",
        "+4": "-4",
        "+5": "-5",
        "+6": "-6",
        "+7": "-7",
        "+8": "-8",
        "+9": "-9",
        "+10": "-10",
        "+11": "-11",
        "+12": "-12",
        "+13": "-13",
        "+14": "-14",
        "+15": "-15",
        "+16": "-16",
        "+17": "-17",
        "+18": "-18",
        "+19": "-19",
        "+20": "-20",
        "+21": "-21",
        "+22": "-22",
        "+23": "-23",
        "+24": "-24",
        "+25": "-25",
        "+26": "-26"
    },
    "edges": [
        [    0,    0, 1003,  359,  939,  704,  960,  532,  388,  771,  921,  255,  420,  415,  591,  716,  866,  230,  425,  467, 1027,  421,  856,  910,  722,  612,  634,  654,  597,  601,  634,  184,  457,  175,  828,  105,   25,  696,   34,   24,  184,  923,  982,  572,   81,  914,  437,  760,  763,  668,  127,  211,  469,  749],
        [    0,    0, 1003,  359,  939,  704,  960,  532,  388,  771,  921,  255,  420,  415,  591,  716,  866,  230,  425,  467, 1027,  421,  856,  910,  722,  612,  634,  654,  597,  601,  634,  184,  457,  175,  828,  105,   25,  696,   34,   24,  184,  923,  982,  572,   81,  914,  437,  760,  763,  668,  127,  211,  469,  749],
        [ 1003, 1003,    0, 1222,  820,  516,  564,  563,  715,  547,  444,  836,  926,  614,  510,  850,  949,  783, 1140,  953,   25,  599,  738,  150,  282,  793,  458,  908,  545,  434,  938,  866,  945,  888,  540, 1057,  980,  832, 1029, 1023,  821,  728,  751,  441,  974,  323, 1217,  247,  574,  336,  915,  876,  535,  279],
        [  359,  359, 1222,    0,  885,  795, 1005,  670,  727,  834, 1009,  607,  350,  717,  902,  643,  750,  474,  165,  360, 1244,  714,  832, 1100,  952,  580,  782,  552,  711,  789,  516,  534,  359,  529,  887,  255,  363,  633,  329,  361,  491,  905,  957,  784,  438, 1045,  110,  977,  816,  906,  481,  566,  719,  945],
        [  939,  939,  820,  885,    0,  378,  274,  513,  976,  304,  381,  986,  554,  856,  946,  243,  184,  763,  727,  529,  828,  832,  104,  674,  725,  330,  505,  333,  452,  594,  372,  952,  533,  969,  288,  908,  918,  256,  942,  962,  852,   94,  100,  649,  978,  499,  808,  698,  285,  733,  954,  990,  733,  634],
        [  704,  704,  516,  795,  378,    0,  264,  178,  629,   83,  221,  671,  456,  502,  571,  337,  455,  484,  677,  469,  531,  478,  276,  367,  355,  281,  130,  393,  109,  219,  425,  655,  465,  676,  133,  711,  679,  318,  718,  728,  565,  307,  358,  275,  717,  255,  761,  336,   95,  357,  675,  687,  373,  273],
        [  960,  960,  564, 1005,  274,  264,    0,  442,  885,  190,  123,  934,  656,  756,  795,  412,  440,  746,  866,  651,  568,  731,  225,  426,  531,  431,  375,  502,  372,  456,  543,  919,  650,  940,  133,  957,  936,  408,  972,  984,  827,  182,  190,  514,  977,  243,  951,  492,  198,  556,  938,  951,  625,  433],
        [  532,  532,  563,  670,  513,  178,  442,    0,  466,  256,  389,  495,  364,  344,  451,  387,  538,  309,  578,  394,  584,  320,  410,  433,  323,  286,  113,  402,   70,  141,  421,  477,  386,  498,  310,  550,  508,  362,  549,  556,  387,  459,  515,  172,  541,  388,  656,  330,  258,  296,  498,  510,  223,  285],
        [  388,  388,  715,  727,  976,  629,  885,  466,    0,  712,  801,  143,  624,  130,  225,  816,  976,  292,  741,  676,  739,  154,  875,  668,  455,  702,  510,  795,  532,  432,  795,  205,  664,  219,  761,  483,  375,  790,  421,  398,  240,  924,  980,  377,  324,  745,  782,  506,  719,  402,  264,  191,  260,  525],
        [  771,  771,  547,  834,  304,   83,  190,  256,  712,    0,  178,  750,  487,  585,  651,  310,  405,  557,  705,  492,  560,  561,  206,  397,  422,  283,  211,  381,  186,  299,  418,  732,  489,  753,   58,  771,  747,  295,  783,  795,  639,  228,  276,  356,  788,  251,  790,  396,   28,  430,  750,  765,  456,  332],
        [  921,  921,  444, 1009,  381,  221,  123,  389,  801,  178,    0,  865,  664,  672,  692,  470,  530,  697,  883,  670,  450,  648,  311,  304,  419,  459,  300,  550,  325,  370,  589,  858,  667,  880,  134,  931,  896,  459,  936,  944,  773,  288,  308,  425,  929,  122,  968,  376,  201,  448,  884,  886,  543,  320],
        [  255,  255,  836,  607,  986,  671,  934,  495,  143,  750,  865,    0,  562,  223,  364,  799,  959,  236,  642,  614,  860,  241,  889,  773,  564,  685,  565,  762,  565,  501,  755,   74,  603,   81,  804,  355,  246,  774,  288,  262,  153,  946, 1004,  454,  184,  825,  672,  612,  752,  509,  129,   49,  332,  620],
        [  420,  420,  926,  350,  554,  456,  656,  364,  624,  487,  664,  562,    0,  553,  724,  315,  453,  334,  222,   53,  946,  539,  490,  791,  680,  234,  469,  239,  386,  501,  215,  501,   42,  512,  539,  364,  403,  299,  413,  440,  409,  563,  617,  515,  479,  710,  305,  692,  468,  644,  479,  544,  495,  648],
        [  415,  415,  614,  717,  856,  502,  756,  344,  130,  585,  672,  223,  553,    0,  186,  709,  867,  247,  702,  603,  638,   25,  753,  552,  342,  597,  381,  698,  407,  303,  703,  256,  592,  276,  632,  494,  397,  683,  447,  432,  236,  800,  855,  248,  371,  618,  755,  390,  593,  286,  309,  263,  131,  403],
        [  591,  591,  510,  902,  946,  571,  795,  451,  225,  651,  692,  364,  724,  186,    0,  836,  988,  431,  884,  771,  534,  191,  843,  493,  288,  731,  442,  841,  499,  353,  852,  417,  760,  435,  689,  675,  574,  811,  623,  605,  418,  877,  927,  297,  537,  610,  939,  340,  666,  247,  475,  411,  238,  380],
        [  716,  716,  850,  643,  243,  337,  412,  387,  816,  310,  470,  799,  315,  709,  836,    0,  161,  566,  486,  287,  864,  688,  200,  701,  678,  115,  433,   95,  351,  510,  136,  754,  291,  770,  337,  675,  696,   26,  715,  738,  654,  271,  318,  553,  763,  559,  569,  667,  282,  666,  747,  795,  603,  606],
        [  866,  866,  949,  750,  184,  455,  440,  538,  976,  405,  530,  959,  453,  867,  988,  161,    0,  725,  587,  414,  961,  846,  220,  800,  809,  276,  568,  214,  493,  651,  242,  913,  421,  928,  412,  816,  847,  186,  863,  887,  813,  262,  283,  699,  917,  638,  663,  791,  378,  804,  904,  954,  757,  728],
        [  230,  230,  783,  474,  763,  484,  746,  309,  292,  557,  697,  236,  334,  247,  431,  566,  725,    0,  458,  387,  807,  241,  670,  684,  503,  452,  405,  527,  376,  372,  520,  190,  375,  207,  613,  275,  206,  542,  252,  253,   89,  732,  791,  346,  233,  685,  509,  538,  553,  451,  195,  230,  254,  522],
        [  425,  425, 1140,  165,  727,  677,  866,  578,  741,  705,  883,  642,  222,  702,  884,  486,  587,  458,    0,  215, 1161,  694,  681, 1008,  884,  436,  686,  394,  606,  709,  356,  571,  217,  573,  755,  330,  419,  479,  402,  435,  503,  753,  803,  716,  502,  932,   86,  902,  685,  844,  529,  610,  674,  861],
        [  467,  467,  953,  360,  529,  469,  651,  394,  676,  492,  670,  614,   53,  603,  771,  287,  414,  387,  215,    0,  972,  588,  472,  815,  714,  222,  495,  202,  409,  534,  173,  554,   12,  564,  541,  406,  451,  274,  458,  486,  462,  545,  598,  552,  529,  724,  301,  724,  471,  682,  530,  596,  540,  677],
        [ 1027, 1027,   25, 1244,  828,  531,  568,  584,  739,  560,  450,  860,  946,  638,  534,  864,  961,  807, 1161,  972,    0,  624,  748,  164,  306,  810,  478,  924,  564,  456,  955,  891,  965,  912,  550, 1081, 1004,  847, 1054, 1047,  845,  735,  757,  465,  999,  330, 1238,  270,  587,  360,  939,  901,  559,  300],
        [  421,  421,  599,  714,  832,  478,  731,  320,  154,  561,  648,  241,  539,   25,  191,  688,  846,  241,  694,  588,  624,    0,  730,  533,  324,  576,  356,  679,  383,  279,  684,  268,  577,  289,  608,  496,  402,  662,  452,  439,  239,  776,  831,  225,  381,  595,  748,  372,  568,  269,  319,  278,  107,  382],
        [  856,  856,  738,  832,  104,  276,  225,  410,  875,  206,  311,  889,  490,  753,  843,  200,  220,  670,  681,  472,  748,  730,    0,  590,  626,  258,  403,  294,  349,  491,  336,  857,  474,  876,  199,  831,  834,  203,  861,  879,  758,   73,  129,  546,  890,  421,  764,  601,  184,  632,  863,  895,  630,  537],
        [  910,  910,  150, 1100,  674,  367,  426,  433,  668,  397,  304,  773,  791,  552,  493,  701,  800,  684, 1008,  815,  164,  533,  590,    0,  214,  647,  323,  760,  406,  316,  792,  793,  808,  815,  392,  954,  887,  683,  935,  932,  733,  583,  610,  339,  892,  184, 1088,  163,  424,  267,  835,  809,  450,  162],
        [  722,  722,  282,  952,  725,  355,  531,  323,  455,  422,  419,  564,  680,  342,  288,  678,  809,  503,  884,  714,  306,  324,  626,  214,    0,  595,  246,  713,  332,  182,  736,  589,  706,  611,  445,  777,  699,  655,  749,  742,  540,  645,  686,  169,  695,  325,  957,   52,  443,   56,  636,  602,  254,  100],
        [  612,  612,  793,  580,  330,  281,  431,  286,  702,  283,  459,  685,  234,  597,  731,  115,  276,  452,  436,  222,  810,  576,  258,  647,  595,    0,  351,  119,  263,  419,  146,  641,  222,  657,  326,  578,  591,   90,  613,  634,  540,  330,  386,  457,  655,  528,  521,  590,  259,  577,  636,  681,  495,  533],
        [  634,  634,  458,  782,  505,  130,  375,  113,  510,  211,  300,  565,  469,  381,  442,  433,  568,  405,  686,  495,  478,  356,  403,  323,  246,  351,    0,  470,   90,   90,  495,  559,  488,  580,  254,  659,  609,  410,  653,  657,  476,  436,  486,  146,  634,  281,  766,  240,  224,  236,  587,  587,  250,  185],
        [  654,  654,  908,  552,  333,  393,  502,  402,  795,  381,  550,  762,  239,  698,  841,   95,  214,  527,  394,  202,  924,  679,  294,  760,  713,  119,  470,    0,  382,  537,   42,  711,  209,  725,  416,  603,  635,   95,  649,  675,  612,  365,  412,  574,  707,  631,  476,  708,  355,  695,  698,  753,  604,  651],
        [  597,  597,  545,  711,  452,  109,  372,   70,  532,  186,  325,  565,  386,  407,  499,  351,  493,  376,  606,  409,  564,  383,  349,  406,  332,  263,   90,  382,    0,  160,  406,  547,  402,  568,  240,  609,  573,  327,  612,  621,  456,  394,  449,  206,  608,  336,  687,  329,  189,  317,  567,  580,  282,  274],
        [  601,  601,  434,  789,  594,  219,  456,  141,  432,  299,  370,  501,  501,  303,  353,  510,  651,  372,  709,  534,  456,  279,  491,  316,  182,  419,   90,  537,  160,    0,  558,  504,  525,  526,  340,  639,  577,  486,  623,  623,  431,  525,  575,   58,  591,  326,  785,  193,  313,  159,  538,  528,  174,  157],
        [  634,  634,  938,  516,  372,  425,  543,  421,  795,  418,  589,  755,  215,  703,  852,  136,  242,  520,  356,  173,  955,  684,  336,  792,  736,  146,  495,   42,  406,  558,    0,  701,  181,  714,  455,  578,  616,  136,  628,  654,  603,  406,  453,  592,  690,  667,  436,  734,  392,  715,  685,  743,  614,  678],
        [  184,  184,  866,  534,  952,  655,  919,  477,  205,  732,  858,   74,  501,  256,  417,  754,  913,  190,  571,  554,  891,  268,  857,  793,  589,  641,  559,  711,  547,  504,  701,    0,  542,   23,  787,  283,  174,  730,  217,  193,  101,  918,  976,  462,  120,  829,  600,  634,  731,  534,   59,   43,  343,  635],
        [  457,  457,  945,  359,  533,  465,  650,  386,  664,  489,  667,  603,   42,  592,  760,  291,  421,  375,  217,   12,  965,  577,  474,  808,  706,  222,  488,  209,  402,  525,  181,  542,    0,  553,  538,  397,  441,  278,  449,  476,  450,  547,  600,  543,  518,  719,  302,  716,  468,  672,  519,  585,  529,  669],
        [  175,  175,  888,  529,  969,  676,  940,  498,  219,  753,  880,   81,  512,  276,  435,  770,  928,  207,  573,  564,  912,  289,  876,  815,  611,  657,  580,  725,  568,  526,  714,   23,  553,    0,  808,  276,  167,  746,  208,  182,  118,  937,  995,  484,  105,  851,  599,  656,  751,  555,   49,   38,  366,  657],
        [  828,  828,  540,  887,  288,  133,  133,  310,  761,   58,  134,  804,  539,  632,  689,  337,  412,  613,  755,  541,  550,  608,  199,  392,  445,  326,  254,  416,  240,  340,  455,  787,  538,  808,    0,  827,  804,  326,  840,  852,  695,  201,  243,  397,  845,  228,  840,  413,   71,  459,  806,  819,  503,  350],
        [  105,  105, 1057,  255,  908,  711,  957,  550,  483,  771,  931,  355,  364,  494,  675,  675,  816,  275,  330,  406, 1081,  496,  831,  954,  777,  578,  659,  603,  609,  639,  578,  283,  397,  276,  827,    0,  110,  656,   76,  109,  259,  902,  959,  618,  184,  938,  335,  812,  760,  725,  228,  313,  527,  793],
        [   25,   25,  980,  363,  918,  679,  936,  508,  375,  747,  896,  246,  403,  397,  574,  696,  847,  206,  419,  451, 1004,  402,  834,  887,  699,  591,  609,  635,  573,  577,  616,  174,  441,  167,  804,  110,    0,  675,   51,   49,  163,  901,  959,  548,   84,  890,  436,  738,  739,  646,  119,  204,  446,  725],
        [  696,  696,  832,  633,  256,  318,  408,  362,  790,  295,  459,  774,  299,  683,  811,   26,  186,  542,  479,  274,  847,  662,  203,  683,  655,   90,  410,   95,  327,  486,  136,  730,  278,  746,  326,  656,  675,    0,  695,  718,  630,  275,  326,  529,  741,  545,  562,  645,  268,  643,  724,  771,  577,  585],
        [   34,   34, 1029,  329,  942,  718,  972,  549,  421,  783,  936,  288,  413,  447,  623,  715,  863,  252,  402,  458, 1054,  452,  861,  935,  749,  613,  653,  649,  612,  623,  628,  217,  449,  208,  840,   76,   51,  695,    0,   34,  213,  929,  988,  596,  111,  933,  410,  786,  775,  695,  160,  243,  496,  773],
        [   24,   24, 1023,  361,  962,  728,  984,  556,  398,  795,  944,  262,  440,  432,  605,  738,  887,  253,  435,  486, 1047,  439,  879,  932,  742,  634,  657,  675,  621,  623,  654,  193,  476,  182,  852,  109,   49,  718,   34,    0,  203,  947, 1005,  594,   80,  937,  443,  781,  787,  688,  135,  216,  489,  771],
        [  184,  184,  821,  491,  852,  565,  827,  387,  240,  639,  773,  153,  409,  236,  418,  654,  813,   89,  503,  462,  845,  239,  758,  733,  540,  540,  476,  612,  456,  431,  603,  101,  450,  118,  695,  259,  163,  630,  213,  203,    0,  820,  878,  396,  161,  752,  542,  580,  637,  486,  112,  142,  287,  572],
        [  923,  923,  728,  905,   94,  307,  182,  459,  924,  228,  288,  946,  563,  800,  877,  271,  262,  732,  753,  545,  735,  776,   73,  583,  645,  330,  436,  365,  394,  525,  406,  918,  547,  937,  201,  902,  901,  275,  929,  947,  820,    0,   59,  581,  955,  406,  837,  614,  212,  656,  926,  954,  674,  551],
        [  982,  982,  751,  957,  100,  358,  190,  515,  980,  276,  308, 1004,  617,  855,  927,  318,  283,  791,  803,  598,  757,  831,  129,  610,  686,  386,  486,  412,  449,  575,  453,  976,  600,  995,  243,  959,  959,  326,  988, 1005,  878,   59,    0,  632, 1014,  428,  886,  653,  264,  701,  984, 1013,  728,  591],
        [  572,  572,  441,  784,  649,  275,  514,  172,  377,  356,  425,  454,  515,  248,  297,  553,  699,  346,  716,  552,  465,  225,  546,  339,  169,  457,  146,  574,  206,   58,  592,  462,  543,  484,  397,  618,  548,  529,  596,  594,  396,  581,  632,    0,  555,  373,  788,  195,  370,  130,  500,  483,  123,  178],
        [   81,   81,  974,  438,  978,  717,  977,  541,  324,  788,  929,  184,  479,  371,  537,  763,  917,  233,  502,  529,  999,  381,  890,  892,  695,  655,  634,  707,  608,  591,  690,  120,  518,  105,  845,  184,   84,  741,  111,   80,  161,  955, 1014,  555,    0,  912,  517,  737,  784,  640,   63,  138,  443,  732],
        [  914,  914,  323, 1045,  499,  255,  243,  388,  745,  251,  122,  825,  710,  618,  610,  559,  638,  685,  932,  724,  330,  595,  421,  184,  325,  528,  281,  631,  336,  326,  667,  829,  719,  851,  228,  938,  890,  545,  933,  937,  752,  406,  428,  373,  912,    0, 1015,  277,  278,  364,  861,  853,  495,  230],
        [  437,  437, 1217,  110,  808,  761,  951,  656,  782,  790,  968,  672,  305,  755,  939,  569,  663,  509,   86,  301, 1238,  748,  764, 1088,  957,  521,  766,  476,  687,  785,  436,  600,  302,  599,  840,  335,  436,  562,  410,  443,  542,  837,  886,  788,  517, 1015,    0,  977,  770,  915,  552,  636,  738,  938],
        [  760,  760,  247,  977,  698,  336,  492,  330,  506,  396,  376,  612,  692,  390,  340,  667,  791,  538,  902,  724,  270,  372,  601,  163,   52,  590,  240,  708,  329,  193,  734,  634,  716,  656,  413,  812,  738,  645,  786,  781,  580,  614,  653,  195,  737,  277,  977,    0,  419,  105,  679,  648,  294,   64],
        [  763,  763,  574,  816,  285,   95,  198,  258,  719,   28,  201,  752,  468,  593,  666,  282,  378,  553,  685,  471,  587,  568,  184,  424,  443,  259,  224,  355,  189,  313,  392,  731,  468,  751,   71,  760,  739,  268,  775,  787,  637,  212,  264,  370,  784,  278,  770,  419,    0,  449,  747,  765,  465,  355],
        [  668,  668,  336,  906,  733,  357,  556,  296,  402,  430,  448,  509,  644,  286,  247,  666,  804,  451,  844,  682,  360,  269,  632,  267,   56,  577,  236,  695,  317,  159,  715,  534,  672,  555,  459,  725,  646,  643,  695,  688,  486,  656,  701,  130,  640,  364,  915,  105,  449,    0,  580,  546,  200,  134],
        [  127,  127,  915,  481,  954,  675,  938,  498,  264,  750,  884,  129,  479,  309,  475,  747,  904,  195,  529,  530,  939,  319,  863,  835,  636,  636,  587,  698,  567,  538,  685,   59,  519,   49,  806,  228,  119,  724,  160,  135,  112,  926,  984,  500,   63,  861,  552,  679,  747,  580,    0,   86,  386,  676],
        [  211,  211,  876,  566,  990,  687,  951,  510,  191,  765,  886,   49,  544,  263,  411,  795,  954,  230,  610,  596,  901,  278,  895,  809,  602,  681,  587,  753,  580,  528,  743,   43,  585,   38,  819,  313,  204,  771,  243,  216,  142,  954, 1013,  483,  138,  853,  636,  648,  765,  546,   86,    0,  362,  653],
        [  469,  469,  535,  719,  733,  373,  625,  223,  260,  456,  543,  332,  495,  131,  238,  603,  757,  254,  674,  540,  559,  107,  630,  450,  254,  495,  250,  604,  282,  174,  614,  343,  529,  366,  503,  527,  446,  577,  496,  489,  287,  674,  728,  123,  443,  495,  738,  294,  465,  200,  386,  362,    0,  292],
        [  749,  749,  279,  945,  634,  273,  433,  285,  525,  332,  320,  620,  648,  403,  380,  606,  728,  522,  861,  677,  300,  382,  537,  162,  100,  533,  185,  651,  274,  157,  678,  635,  669,  657,  350,  793,  725,  585,  773,  771,  572,  551,  591,  178,  732,  230,  938,   64,  355,  134,  676,  653,  292,    0]
    ]
}
