{
    "name": "random-4-28879",
    "comment": "size=4 seed=28879",
    "nodes": ["+0", "-0", "+1", "-1", "+2", "-2", "+3", "-3", "+4", "-4"],
    "precedence": {
        "+0": "-0",
        "+1": "-1",
        "+2": "-2",
        "+3": "-3",
        "+4": "-4"
    },
    "edges": [
        [    0,    0,  459,  454,  295,  543,  358,  426,  415,  535],
        [    0,    0,  459,  454,  295,  543,  358,  426,  415,  535],
        [  459,  459,    0,  885,  381,  158,  111,  880,  109,  422],
        [  454,  454,  885,    0,  729,  991,  775,  299,  861,  770],
        [  295,  295,  381,  729,    0,  371,  340,  607,  281,  675],
        [  543,  543,  158,  991,  371,    0,  249,  944,  130,  578],
        [  358,  358,  111,  775,  340,  249,    0,  782,  142,  368],
        [  426,  426,  880,  299,  607,  944,  782,    0,  822,  907],
        [  415,  415,  109,  861,  281,  130,  142,  822,    0,  504],
        [  535,  535,  422,  770,  675,  578,  368,  907,  504,    0]
    ]
}
