{
    "name": "random-11-16062",
    "comment": "size=11 seed=16062",
    "nodes": ["+0", "-0", "+1", "-1", "+2", "-2", "+3", "-3", "+4", "-4", "+5", "-5", "+6", "-6", "+7", "-7", "+8", "-8", "+9", "-9", "+10", "-10", "+11", "-11"],
    "precedence": {
        "+0": "-0",
        "+1": "-1",
        "+2": "-2",
        "+3": "-3",
        "+4": "-4",
        "+5": "-5",
        "+6": "-6",
        "+7": "-7",
        "+8": "-8",
        "+9": "-9",
        "+10": "-10",
        "+11": "-11"
    },
    "edges": [
        [    0,    0,  994,  807,  601,  374,  760,  466,  682,  861, 1097,  305,  756,  517, 1192,  388,  745,  795,  517, 1136,  674, 1036, 1175,  351],
        [    0,    0,  994,  807,  601,  374,  760,  466,  682,  861, 1097,  305,  756,  517, 1192,  388,  745,  795,  517, 1136,  674, 1036, 1175,  351],
        [  994,  994,    0,  187,  563,  953,  623,  542,  691,  906,  375,  956,  280,  819,  746,  629,  638,  272,  861,  733,  346,  376,  596,  762],
        [  807,  807,  187,    0,  412,  779,  514,  361,  562,  802,  428,  777,  135,  661,  745,  444,  526,  158,  702,  718,  174,  400,  622,  583],
        [  601,  601,  563,  412,    0,  412,  189,  390,  173,  432,  518,  436,  286,  256,  604,  247,  184,  294,  298,  552,  243,  453,  575,  263],
        [  374,  374,  953,  779,  412,    0,  497,  561,  398,  509,  921,   70,  675,  197,  908,  366,  477,  695,  174,  849,  608,  856,  934,  204],
        [  760,  760,  623,  514,  189,  497,    0,  575,  102,  288,  452,  541,  380,  303,  433,  432,   22,  363,  335,  377,  374,  388,  438,  409],
        [  466,  466,  542,  361,  390,  561,  575,    0,  557,  812,  732,  530,  356,  534,  952,  205,  572,  404,  566,  908,  283,  684,  876,  365],
        [  682,  682,  691,  562,  173,  398,  102,  557,    0,  259,  551,  445,  429,  202,  518,  388,   81,  422,  234,  460,  404,  486,  537,  332],
        [  861,  861,  906,  802,  432,  509,  288,  812,  259,    0,  677,  575,  667,  345,  476,  632,  276,  650,  346,  419,  655,  621,  573,  537],
        [ 1097, 1097,  375,  428,  518,  921,  452,  732,  551,  677,    0,  951,  377,  739,  384,  711,  473,  329,  777,  384,  451,   66,  224,  778],
        [  305,  305,  956,  777,  436,   70,  541,  530,  445,  575,  951,    0,  682,  250,  961,  347,  522,  706,  234,  902,  610,  886,  978,  195],
        [  756,  756,  280,  135,  286,  675,  380,  356,  429,  667,  377,  682,    0,  540,  643,  372,  391,   49,  582,  610,   82,  332,  539,  488],
        [  517,  517,  819,  661,  256,  197,  303,  534,  202,  345,  739,  250,  540,    0,  713,  332,  282,  550,   42,  654,  488,  674,  739,  200],
        [ 1192, 1192,  746,  745,  604,  908,  433,  952,  518,  476,  384,  961,  643,  713,    0,  849,  448,  600,  736,   60,  688,  370,  169,  841],
        [  388,  388,  629,  444,  247,  366,  432,  205,  388,  632,  711,  347,  372,  332,  849,    0,  424,  409,  363,  798,  292,  652,  807,  164],
        [  745,  745,  638,  526,  184,  477,   22,  572,   81,  276,  473,  522,  391,  282,  448,  424,    0,  376,  315,  391,  381,  409,  458,  394],
        [  795,  795,  272,  158,  294,  695,  363,  404,  422,  650,  329,  706,   49,  550,  600,  409,  376,    0,  592,  568,  125,  283,  492,  515],
        [  517,  517,  861,  702,  298,  174,  335,  566,  234,  346,  777,  234,  582,   42,  736,  363,  315,  592,    0,  677,  529,  711,  769,  220],
        [ 1136, 1136,  733,  718,  552,  849,  377,  908,  460,  419,  384,  902,  610,  654,   60,  798,  391,  568,  677,    0,  650,  360,  188,  785],
        [  674,  674,  346,  174,  243,  608,  374,  283,  404,  655,  451,  610,   82,  488,  688,  292,  381,  125,  529,  650,    0,  402,  598,  416],
        [ 1036, 1036,  376,  400,  453,  856,  388,  684,  486,  621,   66,  886,  332,  674,  370,  652,  409,  283,  711,  360,  402,    0,  226,  714],
        [ 1175, 1175,  596,  622,  575,  934,  438,  876,  537,  573,  224,  978,  539,  739,  169,  807,  458,  492,  769,  188,  598,  226,    0,  832],
        [  351,  351,  762,  583,  263,  204,  409,  365,  332,  537,  778,  195,  488,  200,  841,  164,  394,  515,  220,  785,  416,  714,  832,    0]
    ]
}
