{
    "name": "random-69-21207",
    "comment": "size=69 seed=21207",
    "nodes": ["+0", "-0", "+1", "-1", "+2", "-2", "+3", "-3", "+4", "-4", "+5", "-5", "+6", "-6", "+7", "-7", "+8", "-8", "+9", "-9", "+10", "-10", "+11", "-11", "+12", "-12", "+13", "-13", "+14", "-14", "+15", "-15", "+16", "-16", "+17", "-17", "+18", "-18", "+19", "-19", "+20", "-20", "+21", "-21", "+22", "-22", "+23", "-23", "+24", "-24", "+25", "-25", "+26", "-26", "+27", "-27", "+28", "-28", "+29", "-29", "+30", "-30", "+31", "-31", "+32", "-32", "+33", "-33", "+34", "-34", "+35", "-35", "+36", "-36", "+37", "-37", "+38", "-38", "+39", "-39", "+40", "-40", "+41", "-41", "+42", "-42", "+43", "-43", "+44", "-44", "+45", "-45", "+46", "-46", "+47", "-47", "+48", "-48", "+49", "-49", "+50", "-50", "+51", "-51", "+52", "-52", "+53", "-53", "+54", "-54", "+55", "-55", "+56", "-56", "+57", "-57", "+58", "-58", "+59", "-59", "+60", "-60", "+61", "-61", "+62", "-62", "+63", "-63", "+64", "-64", "+65", "-65", "+66", "-66", "+67", "-67", "+68", "-68", "+69", "-69"],
    "precedence": {
        "+0": "-0",
        "+1": "-1",
        "+2": "-2",
        "+3": "-3",
        "+4": "-4",
        "+5": "-5",
        "+6": "-6",
        "+7": "-7",
        "+8": "-8",
        "+9": "-9",
        "+10": "-10",
        "+11": "-11",
        "+12": "-12",
        "+13": "-13",
        "+14": "-14",
        "+15": "-15",
        "+16": "-16",
        "+17": "-17",
        "+18": "-18",
        "+19": "-19",
        "+20": "-20",
        "+21": "-21",
        "+22": "-22",
        "+23": "-23",
        "+24": "-24",
        "+25": "-25",
        "+26": "-26",
        "+27": "-27",
        "+28": "-28",
        "+29": "-29",
        "+30": "-30",
        "+31": "-31",
        "+32": "-32",
        "+33": "-33",
        "+34": "-34",
        "+35": "-35",
        "+36": "-36",
        "+37": "-37",
        "+38": "-38",
        "+39": "-39",
        "+40": "-40",
        "+41": "-41",
        "+42": "-42",
        "+43": "-43",
        "+44": "-44",
        "+45": "-45",
        "+46": "-46",
        "+47": "-47",
        "+48": "-48",
        "+49": "-49",
        "+50": "-50",
        "+51": "-51",
        "+52": "-52",
        "+53": "-53",
        "+54": "-54",
        "+55": "-55",
        "+56": "-56",
        "+57": "-57",
        "+58": "-58",
        "+59": "-59",
        "+60": "-60",
        "+61": "-61",
        "+62": "-62",
        "+63": "-63",
        "+64": "-64",
        "+65": "-65",
        "+66": "-66",
        "+67": "-67",
        "+68": "-68",
        "+69": "-69"
    },
    "edges": [
        [    0,    0,  692,  689,  870,  739,  527,  374,  968,  829,  782,  837,  504,  959,  397,  834,  502,  853,  520,  734,  203,   34,  415,  712,  714,  872,  334,  898,  565,  862,  655,  593,  607,  772,  816,  961,  752,  623,  786,  524,  950,  884,  947,  771,  250,  666, 1034, 1035,  678,  683,  860,   35,  872,  324,  951,  946,  800,  148,  967,  478, 1038,  717,  574,  395,  349, 1172,  852,  664, 1043,  600,  531,  513,  351,  906, 1008,  987,  879,  912,  614,  811,  429,  975,  387,  532, 1078,  803, 1088,  988,  199,  567,  489,   93,  751,  219,  335,  916,  823,  812,  878,   57,  547,  633,  628,  688,  727,  619,  576,  769,  149, 1235,  589,  442,  267,  250,  624,  452,  424,  677,  828,  801, 1097,  587,  575,  248,  197,  965,  408,  985, 1206,  125,  687,  582,  561,  145,  398,  869,  638,  639,  716,  329],
        [    0,    0,    0,    0,    0,    0,    0,    0,    0,    0,    0,    0,    0,    0,    0,    0,    0,    0,    0,    0,    0,    0,    0,    0,    0,    0,    0,    0,    0,    0,    0,    0,    0,    0,    0,    0,    0,    0,    0,    0,    0,    0,    0,    0,    0,    0,    0,    0,    0,    0,    0,    0,    0,    0,    0,    0,    0,    0,    0,    0,    0,    0,    0,    0,    0,    0,    0,    0,    0,    0,    0,    0,    0,    0,    0,    0,    0,    0,    0,    0,    0,    0,    0,    0,    0,    0,    0,    0,    0,    0,    0,    0,    0,    0,    0,    0,    0,    0,    0,    0,    0,    0,    0,    0,    0,    0,    0,    0,    0,    0,    0,    0,    0,    0,    0,    0,    0,    0,    0,    0,    0,    0,    0,    0,    0,    0,    0,    0,    0,    0,    0,    0,    0,    0,    0,    0,    0,    0,    0,    0],
        [  692,    0,    0,  296,  937,  170,  335,  455,  283,  837,  244,  261,  615,  344,  650,  242,  295,  944,  206,  409,  526,  660,  278,  201,  315,  795,  401,  651,  136,  228,  442,  278,   87,  370,  812,  350,  198,  100,  780,  284,  450,  249,  680,  796,  513,  335,  403,  724,  241,  116,  232,  666,  256,  418,  412,  323,  281,  661,  775,  265,  538,  697,  215,  515,  358,  598,  685,   52,  383,  334,  188,  717,  439,  286,  721,  497,  187,  322,  490,  408,  292,  539,  307,  704,  717,  129,  493,  539,  657,  126,  629,  699,  688,  597,  432,  431,  466,  373,  597,  636,  597,  791,  130,  602,  254,  144,  163,  702,  564,  722,  597,  550,  427,  660,   70,  444,  406,  429,  554,  685,  629,  146,  185,  458,  554,  277,  340,  370,  603,  577,  239,  285,  239,  676,  339,  652,   55,  748,  440,  403],
        [  689,    0,  296,    0,  656,  153,  167,  335,  400,  552,  539,  185,  398,  301,  478,  196,  190,  666,  224,  115,  488,  656,  362,  105,   29,  502,  517,  360,  255,  506,  162,  529,  299,   97,  528,  300,  137,  356,  497,  503,  262,  264,  393,  517,  448,   51,  377,  450,  521,  180,  243,  657,  238,  366,  264,  297,  576,  599,  482,  231,  353,  419,  455,  360,  359,  484,  390,  249,  412,  101,  385,  503,  345,  563,  440,  302,  385,  247,  226,  142,  440,  307,  386,  481,  459,  398,  407,  316,  572,  293,  419,  657,  403,  514,  357,  228,  186,  127,  308,  638,  363,  545,  182,  323,   65,  404,  396,  415,  609,  552,  347,  364,  472,  552,  274,  275,  276,  141,  262,  393,  423,  383,  422,  523,  502,  412,  492,  323,  522,  606,  522,  531,  474,  613,  298,  358,  284,  495,  146,  515],
        [  870,    0,  937,  656,    0,  808,  620,  606, 1034,  107, 1173,  806,  397,  882,  477,  826,  676,   32,  776,  558,  734,  851,  851,  760,  647,  197,  953,  408,  847, 1158,  497, 1103,  910,  623,  132,  877,  789,  968,  159, 1051,  722,  892,  430,  142,  685,  609,  939,  496, 1129,  828,  877,  842,  861,  701,  772,  891, 1210,  723,  336,  732,  740,  240, 1034,  540,  766,  903,  320,  886, 1001,  604,  952,  358,  643, 1216,  459,  714, 1038,  833,  449,  612,  943,  643,  854,  342,  569, 1051,  899,  662,  672,  885,  401,  783,  254,  665,  669,  699,  557,  652,  454,  852,  379,  238,  809,  336,  716, 1009,  983,  244,  908,  841,  358,  480,  847,  621,  895,  554,  610,  516,  459,  281,  717,  976, 1005,  894,  714, 1050,  978,  892,  971,  883, 1132, 1100, 1044,  726,  716,  376,  909,  238,  516,  948],
        [  739,    0,  170,  153,  808,    0,  267,  426,  263,  704,  406,  109,  535,  223,  599,   99,  255,  819,  221,  257,  548,  705,  351,   50,  163,  650,  501,  490,  201,  359,  314,  439,  211,  207,  679,  226,   29,  256,  649,  431,  286,  147,  515,  669,  519,  202,  297,  555,  410,   71,  123,  708,  134,  425,  256,  209,  443,  674,  615,  262,  377,  572,  369,  469,  390,  462,  533,  138,  307,  230,  318,  640,  425,  415,  554,  333,  233,  182,  375,  242,  403,  371,  380,  621,  548,  251,  363,  372,  657,  226,  553,  724,  555,  596,  428,  264,  301,  205,  434,  684,  505,  692,  118,  475,   95,  305,  311,  566,  633,  569,  494,  487,  490,  647,  181,  387,  368,  293,  395,  542,  465,  295,  336,  533,  569,  270,  456,  250,  480,  638,  408,  444,  392,  689,  345,  495,  183,  644,  294,  501],
        [  527,    0,  335,  167,  620,  267,    0,  169,  529,  528,  559,  338,  281,  460,  333,  343,   60,  623,  157,  216,  324,  494,  258,  223,  189,  508,  399,  431,  228,  563,  167,  488,  293,  246,  504,  460,  266,  351,  470,  442,  424,  407,  475,  479,  282,  140,  537,  550,  509,  246,  383,  493,  385,  206,  429,  453,  594,  433,  536,  119,  511,  383,  417,  204,  216,  649,  425,  284,  564,   74,  335,  385,  180,  621,  532,  460,  482,  407,  178,  286,  349,  452,  273,  369,  578,  460,  572,  464,  407,  266,  297,  491,  386,  349,  193,  389,  306,  285,  393,  476,  263,  456,  208,  297,  216,  389,  364,  402,  459,  709,  267,  223,  330,  389,  282,  121,  111,  175,  340,  402,  573,  357,  387,  384,  336,  535,  395,  484,  688,  452,  513,  486,  429,  447,  150,  415,  298,  416,  210,  396],
        [  374,    0,  455,  335,  606,  426,  169,    0,  684,  533,  644,  506,  212,  628,  200,  509,  172,  600,  249,  362,  175,  343,  260,  387,  355,  546,  348,  532,  324,  675,  282,  523,  389,  406,  514,  628,  429,  436,  479,  462,  587,  570,  580,  477,  125,  302,  705,  666,  571,  392,  547,  340,  551,   96,  596,  620,  676,  266,  615,  191,  671,  396,  463,   72,  163,  815,  498,  409,  729,  237,  384,  292,   38,  731,  640,  621,  624,  576,  246,  443,  347,  603,  256,  289,  705,  583,  741,  617,  238,  351,  214,  327,  418,  181,   64,  552,  450,  448,  507,  329,  229,  396,  343,  339,  385,  462,  425,  436,  338,  865,  259,  128,  245,  222,  390,   79,   59,  304,  456,  456,  726,  425,  441,  296,  178,  688,  376,  652,  856,  323,  577,  517,  466,  280,  129,  506,  406,  373,  342,  343],
        [  968,    0,  283,  400, 1034,  263,  529,  684,    0,  928,  383,  229,  794,  182,  861,  210,  512, 1049,  455,  479,  790,  935,  557,  309,  400,  858,  684,  667,  403,  272,  558,  523,  369,  412,  903,  191,  268,  375,  877,  550,  363,  143,  677,  901,  767,  450,  186,  684,  451,  295,  160,  940,  174,  672,  307,  163,  410,  921,  789,  507,  418,  807,  477,  731,  624,  398,  732,  305,  128,  489,  469,  900,  679,  303,  697,  400,  116,  213,  626,  425,  575,  470,  586,  879,  650,  221,  294,  460,  909,  405,  814,  966,  783,  848,  679,  368,  485,  384,  610,  912,  762,  944,  348,  712,  335,  406,  437,  791,  845,  551,  746,  749,  705,  903,  347,  648,  628,  533,  586,  757,  508,  420,  454,  739,  814,   23,  621,  192,  375,  856,  445,  533,  502,  936,  590,  684,  336,  894,  522,  685],
        [  829,    0,  837,  552,  107,  704,  528,  533,  928,    0, 1076,  700,  334,  776,  433,  720,  585,  126,  684,  452,  676,  807,  767,  656,  542,  104,  880,  308,  752, 1057,  396, 1014,  814,  517,   26,  770,  685,  873,   58,  964,  617,  786,  334,   59,  624,  506,  833,  408, 1035,  726,  771,  798,  755,  628,  666,  785, 1112,  683,  253,  643,  638,  145,  943,  472,  688,  803,  217,  786,  895,  505,  862,  322,  570, 1114,  370,  611,  934,  727,  353,  506,  860,  540,  773,  299,  480,  949,  795,  560,  632,  791,  344,  746,  150,  616,  597,  593,  450,  546,  351,  805,  305,  216,  710,  236,  611,  915,  891,  139,  851,  748,  276,  413,  777,  582,  798,  474,  530,  412,  353,  174,  620,  883,  914,  827,  659,  944,  899,  786,  870,  828, 1038, 1012,  955,  687,  634,  274,  812,  192,  411,  874],
        [  782,    0,  244,  539, 1173,  406,  559,  644,  383, 1076,    0,  477,  830,  523,  843,  455,  509, 1179,  408,  653,  662,  755,  404,  443,  558, 1037,  450,  893,  332,  123,  682,  200,  267,  611, 1051,  531,  433,  211, 1019,  262,  667,  433,  920, 1032,  666,  577,  558,  959,  109,  359,  425,  764,  453,  581,  620,  500,   38,  794, 1018,  463,  747,  934,  209,  712,  507,  770,  928,  292,  510,  571,  269,  927,  619,  138,  959,  712,  271,  520,  725,  647,  355,  765,  423,  917,  947,  177,  663,  762,  804,  298,  841,  815,  928,  748,  604,  654,  706,  610,  838,  730,  820, 1012,  367,  840,  495,  184,  224,  942,  636,  913,  826,  757,  527,  820,  279,  653,  606,  670,  796,  927,  840,  221,  215,  535,  694,  364,  375,  543,  756,  658,  100,  213,  222,  808,  516,  895,  264,  974,  683,  454],
        [  837,    0,  261,  185,  806,  109,  338,  506,  229,  700,  477,    0,  582,  123,  661,   24,  342,  821,  324,  252,  642,  804,  458,  125,  178,  633,  609,  449,  310,  407,  334,  538,  315,  184,  676,  125,   88,  356,  649,  535,  191,   86,  466,  673,  608,  233,  200,  490,  499,  179,   72,  806,   56,  518,  152,  115,  514,  763,  574,  360,  278,  580,  471,  539,  491,  354,  508,  240,  228,  283,  424,  686,  510,  458,  495,  238,  250,   76,  404,  201,  511,  288,  487,  663,  471,  307,  256,  285,  742,  333,  602,  816,  555,  682,  517,  177,  262,  159,  392,  783,  544,  721,  226,  485,  124,  403,  414,  563,  737,  464,  525,  547,  594,  727,  286,  455,  447,  308,  363,  530,  369,  397,  438,  639,  661,  244,  564,  149,  374,  740,  496,  544,  494,  778,  440,  463,  286,  670,  295,  609],
        [  504,    0,  615,  398,  397,  535,  281,  212,  794,  334,  830,  582,    0,  693,  123,  593,  323,  389,  422,  360,  343,  480,  467,  487,  406,  368,  558,  424,  499,  842,  261,  728,  565,  426,  318,  690,  527,  620,  286,  670,  596,  661,  473,  276,  291,  350,  766,  565,  768,  525,  640,  472,  635,  306,  624,  692,  864,  362,  471,  369,  661,  213,  664,  144,  374,  824,  360,  564,  808,  306,  583,  106,  248,  900,  532,  616,  760,  638,  189,  446,  557,  574,  467,   89,  621,  741,  773,  592,  313,  532,   24,  428,  249,  287,  274,  562,  423,  469,  422,  475,   53,  187,  488,  200,  462,  652,  620,  266,  517,  834,   96,   85,  451,  267,  558,  178,  229,  290,  382,  304,  690,  617,  639,  498,  327,  804,  587,  712,  878,  495,  772,  723,  670,  369,  332,  390,  575,  162,  321,  552],
        [  959,    0,  344,  301,  882,  223,  460,  628,  182,  776,  523,  123,  693,    0,  779,  125,  465,  900,  443,  345,  765,  925,  573,  248,  289,  698,  720,  497,  420,  429,  438,  619,  413,  274,  752,    9,  208,  443,  729,  627,  183,   96,  502,  755,  731,  346,   77,  504,  566,  288,  113,  928,   92,  641,  126,   24,  556,  886,  616,  481,  238,  667,  558,  659,  612,  256,  570,  337,  120,  402,  523,  796,  633,  470,  518,  218,  259,   56,  510,  273,  618,  290,  602,  772,  468,  347,  149,  278,  865,  438,  715,  939,  637,  805,  640,  193,  326,  236,  442,  904,  653,  821,  340,  576,  244,  487,  505,  642,  856,  391,  629,  664,  712,  849,  385,  575,  569,  409,  425,  602,  329,  488,  528,  755,  783,  204,  670,   27,  262,  860,  561,  627,  583,  901,  562,  518,  381,  768,  389,  720],
        [  397,    0,  650,  478,  477,  599,  333,  200,  861,  433,  843,  661,  123,  779,    0,  670,  358,  463,  446,  461,  265,  376,  453,  554,  491,  482,  511,  547,  522,  872,  363,  715,  587,  523,  421,  777,  596,  635,  391,  651,  700,  735,  595,  375,  222,  434,  854,  688,  768,  576,  713,  367,  712,  274,  722,  775,  874,  250,  592,  388,  770,  329,  658,  135,  350,  930,  483,  602,  889,  379,  581,  121,  226,  929,  655,  723,  812,  724,  296,  548,  533,  687,  444,  137,  742,  778,  871,  704,  200,  550,  102,  314,  368,  188,  245,  665,  533,  567,  543,  375,  175,  243,  531,  323,  538,  660,  623,  385,  434,  950,  219,  115,  398,  150,  586,  213,  244,  392,  501,  425,  805,  624,  638,  437,  241,  867,  554,  800,  980,  408,  774,  709,  660,  256,  328,  512,  603,  244,  426,  505],
        [  834,    0,  242,  196,  826,   99,  343,  509,  210,  720,  455,   24,  593,  125,  670,    0,  343,  841,  318,  270,  641,  801,  449,  124,  192,  654,  599,  472,  298,  383,  350,  519,  300,  204,  695,  128,   84,  338,  669,  519,  213,   69,  489,  692,  609,  245,  200,  513,  478,  166,   51,  804,   43,  518,  171,  113,  491,  764,  597,  357,  298,  598,  453,  546,  487,  366,  530,  224,  221,  292,  409,  698,  512,  434,  519,  259,  227,   85,  419,  223,  499,  311,  478,  676,  495,  283,  266,  307,  745,  320,  614,  816,  574,  684,  517,  200,  284,  181,  415,  780,  558,  737,  217,  503,  133,  385,  397,  582,  731,  482,  540,  556,  588,  731,  270,  461,  451,  324,  385,  550,  390,  380,  421,  631,  661,  225,  552,  152,  382,  735,  475,  525,  477,  779,  438,  485,  269,  686,  313,  598],
        [  502,    0,  295,  190,  676,  255,   60,  172,  512,  585,  509,  342,  323,  465,  358,  343,    0,  678,  102,  262,  302,  468,  200,  219,  217,  567,  346,  487,  177,  521,  224,  430,  243,  280,  562,  466,  261,  299,  528,  383,  452,  401,  529,  536,  267,  178,  541,  602,  454,  221,  377,  469,  383,  179,  450,  455,  543,  422,  594,   60,  542,  441,  359,  224,  171,  671,  483,  245,  561,  119,  277,  424,  170,  578,  585,  491,  455,  414,  236,  324,  290,  491,  217,  412,  626,  422,  587,  501,  403,  212,  336,  476,  445,  342,  175,  418,  351,  316,  446,  449,  312,  504,  174,  355,  226,  335,  308,  461,  420,  742,  321,  256,  285,  392,  235,  150,  117,  230,  394,  461,  610,  302,  330,  338,  320,  517,  338,  490,  705,  417,  458,  428,  370,  437,  108,  472,  252,  466,  262,  342],
        [  853,    0,  944,  666,   32,  819,  623,  600, 1049,  126, 1179,  821,  389,  900,  463,  841,  678,    0,  778,  571,  723,  835,  848,  770,  658,  223,  947,  432,  850, 1167,  507, 1103,  914,  638,  149,  894,  801,  972,  173, 1049,  742,  907,  456,  150,  674,  619,  958,  524, 1131,  836,  891,  825,  876,  695,  792,  908, 1215,  706,  364,  733,  763,  248, 1035,  533,  761,  927,  342,  893, 1019,  610,  953,  343,  637, 1225,  487,  736, 1050,  850,  455,  629,  940,  666,  851,  328,  597, 1059,  921,  685,  655,  888,  392,  765,  267,  651,  662,  718,  575,  668,  476,  837,  376,  221,  815,  345,  727, 1012,  985,  259,  895,  868,  358,  473,  839,  604,  900,  552,  607,  526,  478,  299,  743,  979, 1006,  885,  701, 1065,  974,  910,  995,  870, 1135, 1100, 1044,  708,  713,  399,  915,  229,  529,  941],
        [  520,    0,  206,  224,  776,  221,  157,  249,  455,  684,  408,  324,  422,  443,  446,  318,  102,  778,    0,  322,  335,  487,  141,  202,  252,  660,  296,  562,   77,  427,  309,  334,  144,  320,  660,  446,  237,  198,  626,  293,  471,  365,  601,  636,  314,  234,  517,  667,  354,  164,  341,  490,  354,  218,  456,  429,  443,  466,  676,   59,  564,  539,  261,  312,  171,  673,  569,  162,  523,  194,  181,  521,  234,  484,  654,  514,  381,  399,  333,  365,  217,  529,  167,  510,  681,  334,  580,  536,  457,  111,  434,  511,  541,  396,  229,  440,  405,  347,  516,  464,  413,  605,  109,  451,  232,  234,  208,  557,  413,  763,  422,  351,  270,  457,  141,  246,  203,  308,  465,  553,  642,  201,  231,  315,  360,  456,  269,  470,  698,  417,  357,  333,  275,  482,  136,  552,  158,  567,  334,  295],
        [  734,    0,  409,  115,  558,  257,  216,  362,  479,  452,  653,  252,  360,  345,  461,  270,  262,  571,  322,    0,  532,  702,  454,  213,   96,  393,  605,  246,  365,  615,  100,  641,  412,   71,  427,  341,  235,  470,  399,  611,  239,  337,  281,  422,  485,   90,  414,  345,  636,  294,  321,  700,  307,  418,  265,  348,  690,  626,  368,  315,  313,  328,  567,  365,  430,  469,  277,  363,  464,  144,  494,  458,  384,  672,  332,  264,  483,  291,  171,   87,  538,  242,  475,  432,  365,  507,  414,  256,  592,  403,  383,  689,  305,  539,  402,  204,   91,  112,  196,  686,  315,  477,  296,  234,  163,  518,  507,  314,  674,  504,  287,  350,  545,  563,  388,  288,  311,   70,  148,  285,  364,  495,  533,  598,  539,  494,  589,  361,  520,  666,  636,  642,  585,  639,  364,  244,  399,  424,   44,  602],
        [  203,    0,  526,  488,  734,  548,  324,  175,  790,  676,  662,  642,  343,  765,  265,  641,  302,  723,  335,  532,    0,  170,  262,  517,  512,  704,  260,  706,  392,  722,  456,  499,  445,  569,  660,  766,  558,  475,  627,  429,  748,  694,  754,  618,   54,  464,  841,  841,  569,  498,  671,  170,  680,  124,  750,  753,  687,  136,  784,  287,  835,  550,  458,  211,  169,  971,  668,  490,  854,  397,  394,  385,  149,  772,  815,  784,  710,  715,  420,  609,  314,  773,  240,  395,  880,  647,  889,  786,  143,  404,  335,  177,  578,   95,  132,  713,  621,  609,  682,  155,  377,  505,  443,  506,  528,  483,  441,  596,  175, 1032,  415,  267,  148,  169,  457,  254,  222,  477,  631,  622,  895,  448,  447,  177,   34,  789,  317,  790, 1007,  154,  577,  490,  451,  151,  204,  679,  472,  497,  515,  254],
        [   34,    0,  660,  656,  851,  705,  494,  343,  935,  807,  755,  804,  480,  925,  376,  801,  468,  835,  487,  702,  170,    0,  383,  679,  681,  847,  308,  869,  533,  833,  624,  568,  575,  739,  793,  927,  718,  593,  763,  499,  917,  851,  917,  749,  219,  633, 1001, 1005,  651,  650,  827,   13,  838,  291,  918,  913,  773,  131,  940,  445, 1005,  692,  547,  366,  316, 1139,  824,  631, 1009,  567,  501,  493,  319,  878,  978,  954,  847,  878,  584,  779,  401,  943,  355,  512, 1047,  772, 1054,  956,  181,  535,  466,   88,  725,  193,  302,  882,  791,  779,  848,   26,  521,  614,  595,  660,  693,  589,  546,  743,  128, 1202,  563,  415,  236,  232,  592,  421,  392,  646,  798,  775, 1065,  557,  546,  221,  166,  933,  382,  952, 1172,  100,  660,  557,  534,  132,  365,  840,  606,  619,  684,  303],
        [  415,    0,  278,  362,  851,  351,  258,  260,  557,  767,  404,  458,  467,  573,  453,  449,  200,  848,  141,  454,  262,  383,    0,  339,  391,  759,  156,  686,  157,  461,  423,  264,  192,  459,  746,  576,  371,  215,  711,  203,  611,  488,  728,  715,  263,  366,  644,  798,  318,  286,  465,  389,  481,  181,  595,  556,  431,  396,  793,  142,  704,  624,  207,  331,  105,  810,  682,  253,  641,  316,  135,  551,  228,  511,  783,  655,  464,  533,  430,  504,   94,  668,   30,  548,  817,  391,  714,  676,  402,  153,  472,  426,  634,  345,  209,  581,  540,  487,  644,  359,  473,  653,  233,  546,  372,  223,  181,  651,  289,  904,  493,  385,  149,  416,  211,  297,  242,  429,  592,  657,  782,  187,  190,  185,  293,  553,  138,  599,  831,  300,  325,  258,  208,  411,  136,  671,  224,  625,  460,  154],
        [  712,    0,  201,  105,  760,   50,  223,  387,  309,  656,  443,  125,  487,  248,  554,  124,  219,  770,  202,  213,  517,  679,  339,    0,  118,  604,  493,  451,  200,  403,  265,  458,  225,  170,  631,  249,   43,  277,  601,  442,  277,  184,  479,  621,  485,  153,  324,  525,  437,   87,  161,  681,  165,  394,  256,  237,  480,  640,  575,  235,  371,  523,  386,  426,  366,  472,  489,  161,  343,  182,  326,  592,  388,  460,  521,  323,  282,  200,  326,  209,  401,  352,  367,  572,  523,  295,  379,  355,  621,  231,  506,  693,  507,  560,  393,  251,  265,  176,  396,  658,  456,  643,  115,  426,   53,  326,  326,  518,  614,  568,  444,  442,  471,  608,  197,  343,  328,  245,  354,  496,  454,  311,  352,  517,  537,  317,  455,  273,  497,  616,  436,  462,  407,  655,  315,  454,  202,  595,  248,  492],
        [  714,    0,  315,   29,  647,  163,  189,  355,  400,  542,  558,  178,  406,  289,  491,  192,  217,  658,  252,   96,  512,  681,  391,  118,    0,  487,  545,  337,  282,  520,  159,  555,  323,   69,  517,  287,  143,  380,  488,  530,  237,  260,  369,  509,  470,   58,  363,  423,  544,  199,  241,  681,  232,  391,  242,  287,  596,  620,  461,  259,  326,  412,  481,  377,  386,  461,  372,  270,  403,  120,  412,  510,  368,  577,  415,  275,  392,  234,  227,  114,  468,  279,  414,  486,  432,  412,  387,  288,  593,  319,  427,  679,  393,  536,  381,  202,  159,  100,  284,  663,  367,  545,  206,  316,   70,  428,  421,  404,  636,  526,  348,  377,  499,  571,  298,  293,  298,  134,  240,  379,  396,  408,  447,  550,  525,  412,  520,  310,  501,  633,  544,  557,  500,  635,  324,  338,  307,  495,  132,  543],
        [  872,    0,  795,  502,  197,  650,  508,  546,  858,  104, 1037,  633,  368,  698,  482,  654,  567,  223,  660,  393,  704,  847,  759,  604,  487,    0,  884,  213,  723, 1007,  357,  994,  781,  452,   91,  691,  628,  841,  101,  949,  531,  716,  234,  132,  650,  460,  750,  305, 1006,  680,  704,  840,  686,  639,  583,  708, 1074,  729,  150,  626,  544,  156,  921,  494,  690,  706,  128,  745,  815,  472,  841,  384,  582, 1064,  267,  520,  874,  651,  331,  433,  852,  447,  769,  357,  377,  899,  705,  467,  679,  763,  383,  794,  128,  655,  609,  510,  374,  475,  261,  842,  328,  295,  671,  214,  556,  885,  865,  110,  877,  647,  290,  438,  789,  631,  762,  477,  531,  367,  273,  110,  521,  856,  890,  841,  691,  875,  895,  705,  775,  857, 1008,  992,  934,  735,  631,  183,  775,  258,  357,  879],
        [  334,    0,  401,  517,  953,  501,  399,  348,  684,  880,  450,  609,  558,  720,  511,  599,  346,  947,  296,  605,  260,  308,  156,  493,  545,  884,    0,  830,  301,  537,  565,  260,  317,  613,  859,  724,  522,  314,  825,  191,  766,  631,  874,  824,  291,  518,  788,  947,  345,  433,  609,  319,  628,  253,  749,  702,  467,  372,  932,  291,  860,  740,  244,  415,  194,  962,  818,  388,  779,  464,  218,  624,  311,  577,  930,  810,  581,  683,  561,  658,  110,  824,  132,  628,  969,  492,  864,  831,  397,  285,  557,  378,  757,  355,  285,  736,  693,  642,  791,  284,  576,  738,  384,  672,  527,  297,  257,  774,  187, 1059,  604,  474,  115,  429,  342,  408,  353,  574,  739,  786,  937,  271,  250,   92,  293,  676,   75,  747,  980,  210,  354,  249,  228,  384,  256,  813,  351,  719,  607,    7],
        [  898,    0,  651,  360,  408,  490,  431,  532,  667,  308,  893,  449,  424,  497,  547,  472,  487,  432,  562,  246,  706,  869,  686,  451,  337,  213,  830,    0,  610,  845,  266,  886,  657,  283,  288,  490,  464,  715,  277,  853,  323,  529,   49,  310,  653,  332,  544,  141,  881,  535,  520,  864,  498,  611,  377,  510,  931,  768,  126,  545,  332,  259,  812,  504,  643,  496,   93,  607,  611,  371,  737,  487,  563,  900,  110,  309,  698,  455,  287,  252,  774,  236,  703,  456,  200,  739,  494,  255,  724,  648,  447,  835,  213,  684,  587,  306,  190,  293,   58,  858,  372,  441,  541,  225,  399,  763,  752,  206,  868,  449,  329,  463,  754,  683,  634,  454,  496,  258,   99,  152,  315,  740,  778,  808,  703,  686,  823,  502,  564,  854,  881,  887,  829,  778,  577,   39,  644,  390,  228,  826],
        [  565,    0,  136,  255,  847,  201,  228,  324,  403,  752,  332,  310,  499,  420,  522,  298,  177,  850,   77,  365,  392,  533,  157,  200,  282,  723,  301,  610,    0,  351,  368,  277,   67,  349,  728,  424,  224,  123,  695,  249,  477,  332,  646,  706,  378,  278,  489,  704,  284,  133,  310,  538,  328,  283,  454,  402,  367,  527,  728,  135,  570,  609,  203,  388,  224,  663,  626,   99,  485,  252,  131,  598,  306,  407,  695,  523,  318,  383,  400,  393,  202,  548,  186,  587,  712,  261,  563,  553,  522,   40,  511,  566,  607,  462,  298,  450,  440,  367,  561,  509,  488,  681,   86,  518,  243,  163,  144,  622,  445,  767,  495,  428,  303,  525,   67,  323,  280,  362,  511,  615,  654,  134,  169,  341,  420,  401,  256,  446,  680,  454,  287,  278,  220,  542,  204,  603,   83,  642,  384,  301],
        [  862,    0,  228,  506, 1158,  359,  563,  675,  272, 1057,  123,  407,  842,  429,  872,  383,  521, 1167,  427,  615,  722,  833,  461,  403,  520, 1007,  537,  845,  351,    0,  662,  308,  287,  564, 1032,  437,  383,  247, 1001,  360,  589,  347,  867, 1018,  717,  551,  454,  896,  220,  331,  345,  841,  371,  626,  538,  406,  143,  856,  971,  485,  662,  919,  295,  738,  557,  667,  891,  279,  399,  559,  332,  944,  656,   59,  901,  632,  170,  436,  714,  594,  434,  692,  485,  931,  876,  109,  560,  686,  860,  326,  856,  885,  907,  801,  645,  581,  656,  554,  789,  808,  825, 1018,  357,  823,  453,  244,  287,  919,  720,  815,  824,  776,  599,  869,  287,  670,  629,  645,  752,  898,  755,  277,  289,  615,  752,  251,  464,  446,  646,  739,  210,  321,  314,  871,  552,  853,  270,  975,  651,  541],
        [  655,    0,  442,  162,  497,  314,  167,  282,  558,  396,  682,  334,  261,  438,  363,  350,  224,  507,  309,  100,  456,  624,  423,  265,  159,  357,  565,  266,  368,  662,    0,  641,  425,  167,  371,  435,  298,  485,  340,  601,  338,  418,  310,  357,  406,  113,  509,  390,  650,  331,  399,  621,  390,  351,  364,  439,  719,  539,  371,  283,  409,  259,  567,  274,  378,  567,  262,  392,  555,  116,  489,  360,  308,  720,  369,  361,  546,  383,   73,  186,  513,  330,  439,  335,  425,  554,  513,  346,  502,  407,  284,  603,  247,  452,  330,  303,  175,  209,  231,  610,  217,  388,  316,  162,  225,  529,  511,  260,  609,  594,  192,  253,  490,  470,  406,  204,  238,   30,  179,  248,  452,  501,  535,  544,  459,  571,  561,  456,  619,  598,  652,  640,  582,  551,  312,  249,  420,  337,   65,  561],
        [  593,    0,  278,  529, 1103,  439,  488,  523,  523, 1014,  200,  538,  728,  619,  715,  519,  430, 1103,  334,  641,  499,  568,  264,  458,  555,  994,  260,  886,  277,  308,  641,    0,  234,  619,  991,  625,  467,  183,  957,   71,  724,  523,  921,  964,  515,  554,  672,  977,   92,  373,  508,  579,  533,  443,  689,  597,  211,  623, 1004,  372,  814,  870,   75,  595,  366,  874,  901,  301,  641,  525,  153,  815,  492,  336,  969,  771,  408,  599,  665,  662,  187,  808,  272,  811,  980,  304,  767,  809,  641,  238,  735,  636,  874,  591,  471,  702,  713,  632,  836,  544,  730,  915,  350,  784,  507,  135,  134,  890,  445, 1000,  746,  648,  354,  665,  262,  554,  500,  637,  788,  886,  903,  148,  108,  350,  532,  509,  188,  644,  874,  470,  101,   13,   60,  637,  397,  879,  257,  884,  660,  266],
        [  607,    0,   87,  299,  910,  211,  293,  389,  369,  814,  267,  315,  565,  413,  587,  300,  243,  914,  144,  412,  445,  575,  192,  225,  323,  781,  317,  657,   67,  287,  425,  234,    0,  386,  790,  418,  237,   60,  756,  221,  496,  320,  691,  768,  435,  328,  477,  744,  226,  141,  301,  581,  322,  341,  465,  394,  302,  580,  778,  201,  587,  671,  162,  454,  277,  664,  680,   77,  464,  310,  111,  664,  369,  342,  738,  542,  273,  383,  462,  429,  209,  575,  221,  653,  746,  203,  561,  578,  579,   42,  577,  616,  667,  519,  359,  472,  481,  399,  606,  551,  554,  747,  117,  579,  274,  106,  102,  682,  478,  779,  560,  494,  341,  585,   30,  389,  345,  417,  559,  672,  675,   87,  128,  371,  474,  363,  259,  440,  674,  491,  227,  238,  183,  595,  266,  654,   34,  708,  435,  318],
        [  772,    0,  370,   97,  623,  207,  246,  406,  412,  517,  611,  184,  426,  274,  523,  204,  280,  638,  320,   71,  569,  739,  459,  170,   69,  452,  613,  283,  349,  564,  167,  619,  386,    0,  492,  270,  182,  442,  466,  597,  182,  269,  310,  490,  525,  106,  344,  358,  605,  256,  254,  738,  239,  450,  200,  278,  649,  672,  409,  325,  266,  397,  546,  418,  451,  412,  330,  328,  393,  172,  479,  526,  423,  619,  353,  215,  423,  220,  239,   46,  536,  212,  482,  501,  364,  457,  349,  222,  641,  385,  449,  733,  371,  586,  438,  147,   96,   45,  228,  722,  383,  547,  270,  304,  117,  491,  486,  379,  700,  464,  357,  410,  565,  616,  360,  337,  351,  137,  189,  347,  330,  472,  512,  616,  580,  428,  589,  291,  459,  695,  604,  622,  566,  685,  387,  289,  368,  494,  115,  611],
        [  816,    0,  812,  528,  132,  679,  504,  514,  903,   26, 1051,  676,  318,  752,  421,  695,  562,  149,  660,  427,  660,  793,  746,  631,  517,   91,  859,  288,  728, 1032,  371,  991,  790,  492,    0,  746,  660,  849,   35,  942,  594,  761,  316,   48,  607,  481,  809,  393, 1012,  701,  746,  785,  730,  609,  643,  761, 1088,  670,  240,  620,  617,  122,  920,  454,  667,  782,  196,  762,  871,  481,  839,  313,  551, 1089,  355,  589,  909,  702,  329,  481,  839,  519,  752,  288,  465,  924,  773,  539,  620,  767,  329,  734,  125,  602,  577,  570,  426,  521,  329,  791,  287,  212,  685,  211,  586,  891,  867,  114,  834,  731,  256,  395,  758,  570,  773,  453,  509,  388,  329,  150,  601,  860,  890,  808,  644,  919,  877,  762,  849,  812, 1014,  989,  932,  676,  613,  253,  787,  183,  386,  854],
        [  961,    0,  350,  300,  877,  226,  460,  628,  191,  770,  531,  125,  690,    9,  777,  128,  466,  894,  446,  341,  766,  927,  576,  249,  287,  691,  724,  490,  424,  437,  435,  625,  418,  270,  746,    0,  210,  449,  723,  633,  175,  103,  495,  750,  732,  344,   77,  496,  573,  292,  119,  930,   97,  642,  118,   32,  564,  887,  609,  483,  229,  662,  564,  659,  614,  249,  564,  342,  125,  401,  529,  793,  633,  479,  510,  210,  268,   54,  507,  268,  622,  282,  605,  769,  460,  355,  143,  270,  865,  442,  712,  941,  631,  806,  641,  185,  320,  232,  435,  906,  650,  817,  343,  572,  244,  493,  511,  637,  859,  383,  626,  663,  715,  849,  390,  574,  569,  406,  419,  597,  321,  494,  534,  759,  785,  213,  675,   25,  257,  862,  568,  633,  589,  902,  564,  512,  386,  764,  385,  724],
        [  752,    0,  198,  137,  789,   29,  266,  429,  268,  685,  433,   88,  527,  208,  596,   84,  261,  801,  237,  235,  558,  718,  371,   43,  143,  628,  522,  464,  224,  383,  298,  467,  237,  182,  660,  210,    0,  284,  630,  458,  259,  142,  489,  651,  527,  187,  283,  528,  438,   97,  118,  721,  123,  435,  231,  196,  470,  682,  590,  274,  351,  554,  397,  469,  404,  440,  509,  166,  300,  222,  344,  633,  430,  438,  527,  306,  250,  163,  362,  215,  426,  343,  399,  612,  520,  275,  344,  344,  663,  250,  546,  733,  536,  603,  435,  236,  275,  177,  408,  697,  495,  680,  139,  458,   74,  333,  338,  546,  649,  544,  482,  484,  506,  651,  208,  385,  371,  276,  370,  520,  438,  322,  363,  551,  578,  278,  479,  234,  462,  653,  436,  472,  419,  697,  355,  471,  211,  631,  274,  522],
        [  623,    0,  100,  356,  968,  256,  351,  436,  375,  873,  211,  356,  620,  443,  635,  338,  299,  972,  198,  470,  475,  593,  215,  277,  380,  841,  314,  715,  123,  247,  485,  183,   60,  442,  849,  449,  284,    0,  816,  184,  541,  348,  748,  827,  471,  387,  502,  800,  167,  191,  331,  600,  355,  380,  507,  423,  245,  610,  837,  252,  631,  730,  116,  503,  310,  698,  739,  119,  480,  370,   97,  717,  414,  300,  794,  588,  268,  420,  521,  484,  204,  626,  240,  707,  799,  180,  592,  627,  613,   88,  631,  640,  727,  555,  401,  520,  537,  452,  664,  568,  610,  802,  175,  638,  328,   50,   64,  742,  488,  819,  617,  547,  357,  623,   83,  443,  396,  476,  617,  732,  721,   47,   85,  380,  506,  365,  248,  469,  703,  503,  168,  189,  140,  625,  310,  712,   75,  764,  494,  316],
        [  786,    0,  780,  497,  159,  649,  470,  479,  877,   58, 1019,  649,  286,  729,  391,  669,  528,  173,  626,  399,  627,  763,  711,  601,  488,  101,  825,  277,  695, 1001,  340,  957,  756,  466,   35,  723,  630,  816,    0,  908,  574,  734,  309,   34,  575,  451,  788,  391,  978,  670,  719,  755,  704,  575,  622,  736, 1055,  641,  245,  585,  602,   88,  886,  421,  633,  769,  184,  730,  848,  448,  804,  288,  517, 1058,  353,  572,  879,  678,  295,  457,  804,  504,  717,  261,  462,  893,  755,  524,  590,  733,  298,  705,   95,  571,  543,  549,  403,  496,  314,  759,  253,  195,  653,  179,  557,  857,  833,   87,  801,  724,  222,  362,  724,  541,  740,  419,  474,  357,  309,  131,  591,  826,  856,  774,  612,  893,  843,  739,  835,  780,  981,  954,  897,  646,  578,  240,  755,  159,  358,  820],
        [  524,    0,  284,  503, 1051,  431,  442,  462,  550,  964,  262,  535,  670,  627,  651,  519,  383, 1049,  293,  611,  429,  499,  203,  442,  530,  949,  191,  853,  249,  360,  601,   71,  221,  597,  942,  633,  458,  184,  908,    0,  716,  532,  891,  913,  446,  522,  686,  952,  155,  362,  515,  509,  538,  378,  686,  606,  277,  553,  968,  324,  808,  820,   73,  533,  302,  881,  862,  296,  662,  486,  118,  753,  429,  395,  942,  763,  437,  602,  619,  641,  119,  793,  207,  750,  960,  337,  776,  797,  571,  213,  675,  565,  827,  522,  407,  692,  688,  614,  806,  474,  675,  856,  330,  738,  489,  145,  123,  843,  377,  999,  693,  588,  284,  596,  251,  498,  443,  600,  756,  843,  895,  140,  100,  280,  463,  538,  118,  653,  886,  400,  164,   61,   49,  566,  339,  844,  250,  827,  626,  196],
        [  950,    0,  450,  262,  722,  286,  424,  587,  363,  617,  667,  191,  596,  183,  700,  213,  452,  742,  471,  239,  748,  917,  611,  277,  237,  531,  766,  323,  477,  589,  338,  724,  496,  182,  594,  175,  259,  541,  574,  716,    0,  243,  323,  604,  705,  286,  222,  321,  689,  355,  244,  917,  218,  627,   58,  201,  702,  853,  437,  489,   94,  524,  655,  600,  619,  231,  404,  423,  290,  352,  601,  691,  603,  636,  336,   48,  423,  155,  407,  152,  677,  108,  637,  664,  290,  493,  184,   98,  823,  507,  619,  914,  488,  767,  617,   36,  180,  140,  270,  899,  549,  694,  391,  443,  239,  589,  596,  490,  870,  293,  517,  588,  731,  797,  466,  519,  531,  308,  266,  444,  180,  580,  622,  781,  760,  385,  731,  182,  282,  868,  686,  729,  678,  867,  559,  349,  469,  639,  276,  765],
        [  884,    0,  249,  264,  892,  147,  407,  570,  143,  786,  433,   86,  661,   96,  735,   69,  401,  907,  365,  337,  694,  851,  488,  184,  260,  716,  631,  529,  332,  347,  418,  523,  320,  269,  761,  103,  142,  348,  734,  532,  243,    0,  542,  758,  665,  313,  158,  558,  471,  203,   24,  854,   31,  572,  191,   75,  467,  820,  653,  408,  316,  665,  463,  610,  535,  351,  591,  245,  161,  359,  430,  766,  570,  393,  567,  286,  181,   90,  487,  284,  527,  348,  517,  744,  532,  257,  245,  341,  803,  347,  681,  870,  640,  742,  574,  239,  344,  242,  472,  828,  626,  805,  258,  570,  200,  391,  411,  648,  774,  483,  608,  622,  631,  792,  293,  526,  512,  392,  445,  614,  409,  393,  433,  671,  716,  159,  578,  121,  355,  780,  467,  531,  487,  835,  491,  544,  287,  754,  380,  631],
        [  947,    0,  680,  393,  430,  515,  475,  580,  677,  334,  920,  466,  473,  502,  595,  489,  529,  456,  601,  281,  754,  917,  728,  479,  369,  234,  874,   49,  646,  867,  310,  921,  691,  310,  316,  495,  489,  748,  309,  891,  323,  542,    0,  343,  702,  369,  543,   93,  913,  565,  535,  913,  512,  658,  379,  517,  958,  817,  115,  587,  318,  301,  847,  553,  688,  476,  129,  637,  612,  413,  774,  533,  611,  921,   61,  302,  715,  464,  335,  274,  815,  226,  745,  502,  156,  762,  484,  243,  773,  684,  495,  884,  254,  733,  634,  310,  215,  314,   86,  907,  421,  482,  574,  273,  426,  797,  788,  246,  915,  416,  377,  512,  800,  732,  666,  501,  543,  300,  137,  192,  288,  775,  813,  853,  752,  696,  865,  504,  545,  902,  913,  923,  865,  827,  622,   84,  676,  432,  269,  870],
