{
    "name": "random-17-10703",
    "comment": "size=17 seed=10703",
    "nodes": ["+0", "-0", "+1", "-1", "+2", "-2", "+3", "-3", "+4", "-4", "+5", "-5", "+6", "-6", "+7", "-7", "+8", "-8", "+9", "-9", "+10", "-10", "+11", "-11", "+12", "-12", "+13", "-13", "+14", "-14", "+15", "-15", "+16", "-16", "+17", "-17"],
    "precedence": {
        "+0": "-0",
        "+1": "-1",
        "+2": "-2",
        "+3": "-3",
        "+4": "-4",
        "+5": "-5",
        "+6": "-6",
        "+7": "-7",
        "+8": "-8",
        "+9": "-9",
        "+10": "-10",
        "+11": "-11",
        "+12": "-12",
        "+13": "-13",
        "+14": "-14",
        "+15": "-15",
        "+16": "-16",
        "+17": "-17"
    },
    "edges": [
        [    0,    0,  505,  673,  187,  491,  621,  459,  327,  565,  377,  185,  283,  629,  323,  637,  720,  632,  444,  326,  244,  278,  710,  308,  264,  274,  710,  603,  664,  353,  674,  706,  527,  197,  536,  148],
        [    0,    0,  505,  673,  187,  491,  621,  459,  327,  565,  377,  185,  283,  629,  323,  637,  720,  632,  444,  326,  244,  278,  710,  308,  264,  274,  710,  603,  664,  353,  674,  706,  527,  197,  536,  148],
        [  505,  505,    0,  625,  686,  565,  517,  505,  181,  440,  388,  327,  227,  559,  411,  234,  283,  311,  197,  305,  536,  264,  328,  238,  246,  280,  211,  368,  425,  261,  379,  429,  701,  513,  207,  651],
        [  673,  673,  625,    0,  815, 1063, 1095,  215,  618,  186,  886,  649,  627,   67,  867,  857,  893,  934,  773,  785,  885,  695,  951,  495,  630,  711,  664,  283, 1039,  424, 1000, 1050,  283,  839,  429,  772],
        [  187,  187,  686,  815,    0,  538,  707,  603,  506,  731,  484,  360,  460,  778,  423,  796,  880,  774,  600,  465,  279,  441,  859,  494,  441,  432,  893,  781,  783,  537,  806,  831,  619,  253,  722,   44],
        [  491,  491,  565, 1063,  538,    0,  200,  868,  462,  902,  185,  419,  441, 1003,  197,  492,  566,  407,  371,  285,  263,  371,  498,  572,  435,  354,  743,  879,  338,  644,  394,  391,  992,  302,  738,  539],
        [  621,  621,  517, 1095,  707,  200,    0,  922,  479,  919,  246,  497,  476, 1031,  298,  367,  423,  264,  330,  328,  429,  416,  341,  605,  479,  405,  652,  872,  159,  673,  227,  207, 1075,  457,  716,  700],
        [  459,  459,  505,  215,  603,  868,  922,    0,  447,  170,  697,  450,  446,  177,  671,  735,  787,  794,  614,  600,  675,  509,  829,  318,  445,  523,  609,  274,  887,  258,  858,  906,  205,  629,  351,  560],
        [  327,  327,  181,  618,  506,  462,  479,  447,    0,  446,  278,  147,   46,  555,  277,  335,  410,  364,  171,  177,  371,  100,  421,  129,   66,  119,  390,  418,  443,  195,  423,  468,  617,  342,  284,  471],
        [  565,  565,  440,  186,  731,  902,  919,  170,  446,    0,  721,  501,  462,  120,  709,  672,  708,  749,  593,  619,  750,  531,  766,  331,  468,  549,  489,  116,  856,  259,  816,  866,  353,  706,  245,  687],
        [  377,  377,  388,  886,  484,  185,  246,  697,  278,  721,    0,  256,  260,  825,   61,  365,  448,  309,  202,  102,  222,  191,  402,  392,  256,  175,  579,  695,  300,  464,  328,  349,  838,  234,  554,  470],
        [  185,  185,  327,  649,  360,  419,  497,  450,  147,  501,  256,    0,  101,  592,  223,  454,  536,  458,  264,  171,  254,   99,  531,  179,   82,  100,  536,  504,  507,  248,  506,  544,  582,  216,  399,  326],
        [  283,  283,  227,  627,  460,  441,  476,  446,   46,  462,  260,  101,    0,  566,  249,  368,  446,  388,  191,  158,  330,   70,  451,  133,   20,   88,  436,  444,  456,  205,  443,  486,  606,  299,  319,  426],
        [  629,  629,  559,   67,  778, 1003, 1031,  177,  555,  120,  825,  592,  566,    0,  808,  791,  828,  868,  708,  724,  833,  634,  885,  433,  570,  651,  602,  221,  973,  362,  934,  984,  294,  787,  364,  735],
        [  323,  323,  411,  867,  423,  197,  298,  671,  277,  709,   61,  223,  249,  808,    0,  415,  500,  366,  238,  107,  164,  180,  458,  378,  241,  162,  610,  693,  361,  451,  388,  409,  801,  173,  560,  410],
        [  637,  637,  234,  857,  796,  492,  367,  735,  335,  672,  365,  454,  368,  791,  415,    0,   86,  107,  196,  336,  575,  360,   95,  442,  384,  366,  293,  592,  231,  483,  167,  216,  926,  571,  432,  769],
        [  720,  720,  283,  893,  880,  566,  423,  787,  410,  708,  448,  536,  446,  828,  500,   86,    0,  162,  281,  422,  660,  443,   90,  508,  463,  450,  278,  619,  273,  542,  202,  242,  983,  656,  465,  853],
        [  632,  632,  311,  934,  774,  407,  264,  794,  364,  749,  309,  458,  388,  868,  366,  107,  162,    0,  198,  311,  530,  360,   94,  486,  400,  361,  399,  678,  125,  538,   68,  119,  977,  534,  517,  752],
        [  444,  444,  197,  773,  600,  371,  330,  614,  171,  593,  202,  264,  191,  708,  238,  196,  281,  198,    0,  145,  389,  167,  268,  298,  203,  171,  377,  543,  273,  358,  253,  297,  788,  380,  387,  573],
        [  326,  326,  305,  785,  465,  285,  328,  600,  177,  619,  102,  171,  158,  724,  107,  336,  422,  311,  145,    0,  245,   91,  395,  291,  156,   78,  506,  594,  341,  363,  349,  381,  748,  236,  456,  442],
        [  244,  244,  536,  885,  279,  263,  429,  675,  371,  750,  222,  254,  330,  833,  164,  575,  660,  530,  389,  245,    0,  275,  621,  433,  315,  257,  744,  758,  517,  501,  550,  568,  767,   48,  648,  277],
        [  278,  278,  264,  695,  441,  371,  416,  509,  100,  531,  191,   99,   70,  634,  180,  360,  443,  360,  167,   91,  275,    0,  434,  201,   65,   20,  474,  513,  412,  274,  408,  447,  660,  250,  384,  412],
        [  710,  710,  328,  951,  859,  498,  341,  829,  421,  766,  402,  531,  451,  885,  458,   95,   90,   94,  268,  395,  621,  434,    0,  533,  466,  437,  362,  683,  187,  577,  116,  153, 1020,  623,  525,  836],
        [  308,  308,  238,  495,  494,  572,  605,  318,  129,  331,  392,  179,  133,  433,  378,  442,  508,  486,  298,  291,  433,  201,  533,    0,  138,  219,  419,  326,  570,   73,  547,  593,  492,  394,  230,  454],
        [  264,  264,  246,  630,  441,  435,  479,  445,   66,  468,  256,   82,   20,  570,  241,  384,  463,  400,  203,  156,  315,   65,  466,  138,    0,   82,  455,  455,  465,  210,  454,  495,  600,  282,  334,  407],
        [  274,  274,  280,  711,  432,  354,  405,  523,  119,  549,  175,  100,   88,  651,  162,  366,  450,  361,  171,   78,  257,   20,  437,  219,   82,    0,  490,  532,  407,  291,  407,  444,  671,  234,  403,  404],
        [  710,  710,  211,  664,  893,  743,  652,  609,  390,  489,  579,  536,  436,  602,  610,  293,  278,  399,  377,  506,  744,  474,  362,  419,  455,  490,    0,  382,  523,  414,  459,  505,  813,  723,  259,  856],
        [  603,  603,  368,  283,  781,  879,  872,  274,  418,  116,  695,  504,  444,  221,  693,  592,  619,  678,  543,  594,  758,  513,  683,  326,  455,  532,  382,    0,  792,  259,  745,  796,  467,  718,  161,  737],
        [  664,  664,  425, 1039,  783,  338,  159,  887,  443,  856,  300,  507,  456,  973,  361,  231,  273,  125,  273,  341,  517,  412,  187,  570,  465,  407,  523,  792,    0,  630,   71,   54, 1060,  533,  631,  768],
        [  353,  353,  261,  424,  537,  644,  673,  258,  195,  259,  464,  248,  205,  362,  451,  483,  542,  538,  358,  363,  501,  274,  577,   73,  210,  291,  414,  259,  630,    0,  601,  649,  444,  460,  189,  495],
        [  674,  674,  379, 1000,  806,  394,  227,  858,  423,  816,  328,  506,  443,  934,  388,  167,  202,   68,  253,  349,  550,  408,  116,  547,  454,  407,  459,  745,   71,  601,    0,   51, 1039,  560,  584,  787],
        [  706,  706,  429, 1050,  831,  391,  207,  906,  468,  866,  349,  544,  486,  984,  409,  216,  242,  119,  297,  381,  568,  447,  153,  593,  495,  444,  505,  796,   54,  649,   51,    0, 1085,  582,  635,  814],
        [  527,  527,  701,  283,  619,  992, 1075,  205,  617,  353,  838,  582,  606,  294,  801,  926,  983,  977,  788,  748,  767,  660, 1020,  492,  600,  671,  813,  467, 1060,  444, 1039, 1085,    0,  719,  555,  581],
        [  197,  197,  513,  839,  253,  302,  457,  629,  342,  706,  234,  216,  299,  787,  173,  571,  656,  534,  380,  236,   48,  250,  623,  394,  282,  234,  723,  718,  533,  460,  560,  582,  719,    0,  613,  244],
        [  536,  536,  207,  429,  722,  738,  716,  351,  284,  245,  554,  399,  319,  364,  560,  432,  465,  517,  387,  456,  648,  384,  525,  230,  334,  403,  259,  161,  631,  189,  584,  635,  555,  613,    0,  680],
        [  148,  148,  651,  772,   44,  539,  700,  560,  471,  687,  470,  326,  426,  735,  410,  769,  853,  752,  573,  442,  277,  412,  836,  454,  407,  404,  856,  737,  768,  495,  787,  814,  581,  244,  680,    0]
    ]
}
