{
    "name": "random-82-30081",
    "comment": "size=82 seed=30081",
    "nodes": ["+0", "-0", "+1", "-1", "+2", "-2", "+3", "-3", "+4", "-4", "+5", "-5", "+6", "-6", "+7", "-7", "+8", "-8", "+9", "-9", "+10", "-10", "+11", "-11", "+12", "-12", "+13", "-13", "+14", "-14", "+15", "-15", "+16", "-16", "+17", "-17", "+18", "-18", "+19", "-19", "+20", "-20", "+21", "-21", "+22", "-22", "+23", "-23", "+24", "-24", "+25", "-25", "+26", "-26", "+27", "-27", "+28", "-28", "+29", "-29", "+30", "-30", "+31", "-31", "+32", "-32", "+33", "-33", "+34", "-34", "+35", "-35", "+36", "-36", "+37", "-37", "+38", "-38", "+39", "-39", "+40", "-40", "+41", "-41", "+42", "-42", "+43", "-43", "+44", "-44", "+45", "-45", "+46", "-46", "+47", "-47", "+48", "-48", "+49", "-49", "+50", "-50", "+51", "-51", "+52", "-52", "+53", "-53", "+54", "-54", "+55", "-55", "+56", "-56", "+57", "-57", "+58", "-58", "+59", "-59", "+60", "-60", "+61", "-61", "+62", "-62", "+63", "-63", "+64", "-64", "+65", "-65", "+66", "-66", "+67", "-67", "+68", "-68", "+69", "-69", "+70", "-70", "+71", "-71", "+72", "-72", "+73", "-73", "+74", "-74", "+75", "-75", "+76", "-76", "+77", "-77", "+78", "-78", "+79", "-79", "+80", "-80", "+81", "-81", "+82", "-82"],
    "precedence": {
        "+0": "-0",
        "+1": "-1",
        "+2": "-2",
        "+3": "-3",
        "+4": "-4",
        "+5": "-5",
        "+6": "-6",
        "+7": "-7",
        "+8": "-8",
        "+9": "-9",
        "+10": "-10",
        "+11": "-11",
        "+12": "-12",
        "+13": "-13",
        "+14": "-14",
        "+15": "-15",
        "+16": "-16",
        "+17": "-17",
        "+18": "-18",
        "+19": "-19",
        "+20": "-20",
        "+21": "-21",
        "+22": "-22",
        "+23": "-23",
        "+24": "-24",
        "+25": "-25",
        "+26": "-26",
        "+27": "-27",
        "+28": "-28",
        "+29": "-29",
        "+30": "-30",
        "+31": "-31",
        "+32": "-32",
        "+33": "-33",
        "+34": "-34",
        "+35": "-35",
        "+36": "-36",
        "+37": "-37",
        "+38": "-38",
        "+39": "-39",
        "+40": "-40",
        "+41": "-41",
        "+42": "-42",
        "+43": "-43",
        "+44": "-44",
        "+45": "-45",
        "+46": "-46",
        "+47": "-47",
        "+48": "-48",
        "+49": "-49",
        "+50": "-50",
        "+51": "-51",
        "+52": "-52",
        "+53": "-53",
        "+54": "-54",
        "+55": "-55",
        "+56": "-56",
        "+57": "-57",
        "+58": "-58",
        "+59": "-59",
        "+60": "-60",
        "+61": "-61",
        "+62": "-62",
        "+63": "-63",
        "+64": "-64",
        "+65": "-65",
        "+66": "-66",
        "+67": "-67",
        "+68": "-68",
        "+69": "-69",
        "+70": "-70",
        "+71": "-71",
        "+72": "-72",
        "+73": "-73",
        "+74": "-74",
        "+75": "-75",
        "+76": "-76",
        "+77": "-77",
        "+78": "-78",
        "+79": "-79",
        "+80": "-80",
        "+81": "-81",
        "+82": "-82"
    },
    "edges": [
        [    0,    0,  290,  323,  358,  482,  474,  582,  487,  564,  359,  226,   99,  612,  184,  589,  420,  418,  575,  186,  121,   91,  635,  252,  112,  797,  423,  625,  483,  400,  566,  361,  376,  592,  248,  401,  322,  384,  725,  271,  141,  225,  206,  340,  293,  238,  561,  238,  163,  336,  645,  261,  197,  684,  598,  538,  330,  367,  559,  485,  174,  527,  151,  774,  297,  466,  553,  340,  372,  104,  699,  258,  586,  593,  201,  715,  552,  691,  378,  316,  286,  396,  605,  273,  368,  467,  795,  449,  275,  252,  560,  264,  196,  603,  326,  433,  398,  279,  213,  696,  457,  312,  190,  617,  219,  349,  247,  718,  487,  395,  259,  549,  526,  332,  376,  557,   85,  535,  583,  628,  376,  477,  190,  452,  493,  220,   97,  668,  233,   70,  407,  483,  701,  566,  204,  804,  557,  281,  228,  586,  262,  403,  531,  170,  223,  616,  134,  350,   92,  330,  442,  280,  222,  645,  124,  416,  642,  682,  436,  381,  453,  557,  661,  466,  323,  217],
        [    0,    0,    0,    0,    0,    0,    0,    0,    0,    0,    0,    0,    0,    0,    0,    0,    0,    0,    0,    0,    0,    0,    0,    0,    0,    0,    0,    0,    0,    0,    0,    0,    0,    0,    0,    0,    0,    0,    0,    0,    0,    0,    0,    0,    0,    0,    0,    0,    0,    0,    0,    0,    0,    0,    0,    0,    0,    0,    0,    0,    0,    0,    0,    0,    0,    0,    0,    0,    0,    0,    0,    0,    0,    0,    0,    0,    0,    0,    0,    0,    0,    0,    0,    0,    0,    0,    0,    0,    0,    0,    0,    0,    0,    0,    0,    0,    0,    0,    0,    0,    0,    0,    0,    0,    0,    0,    0,    0,    0,    0,    0,    0,    0,    0,    0,    0,    0,    0,    0,    0,    0,    0,    0,    0,    0,    0,    0,    0,    0,    0,    0,    0,    0,    0,    0,    0,    0,    0,    0,    0,    0,    0,    0,    0,    0,    0,    0,    0,    0,    0,    0,    0,    0,    0,    0,    0,    0,    0,    0,    0,    0,    0,    0,    0,    0,    0],
        [  290,    0,    0,  515,  524,  424,  725,  801,  455,  851,   74,  410,  359,  867,  427,  879,  700,  503,  382,  425,  194,  378,  897,  485,  196,  951,  689,  603,  458,  387,  838,  561,  574,  641,  514,  540,  598,  670,  895,  407,  180,  181,  470,  584,  567,  513,  608,  271,  130,  620,  802,  511,  151,  872,  796,  604,  602,  621,  742,  701,  450,  408,  367,  860,  582,  613,  425,  396,   94,  374,  810,  498,  590,  752,  232,  825,  469,  899,  194,  527,   93,  632,  866,  513,   91,  751,  922,  218,  427,  501,  758,  413,  384,  887,   98,  334,  492,  530,  354,  806,  604,  601,  198,  376,  491,  133,  415,  848,  302,  649,  218,  816,  761,   93,  336,  363,  206,  519,  829,  918,  296,  713,  468,  420,  552,  147,  298,  774,  417,  287,  554,  655,  812,  627,  206,  920,  647,  502,  493,  830,  501,  177,  817,  230,  473,  819,  407,  615,  346,  609,  731,  450,   81,  924,  413,  563,  781,  847,  661,   92,  519,  761,  951,  257,  413,  381],
        [  323,    0,  515,    0,   54,  389,  241,  287,  363,  462,  587,  108,  380,  378,  441,  558,  506,  189,  600,  447,  335,  273,  416,   96,  415,  475,  557,  442,  353,  722,  388,   46,   59,  344,  440,  113,  231,  441,  403,  121,  443,  532,  421,  540,  447,  410,  322,  264,  428,  429,  323,  478,  494,  367,  285,  285,  475,  171,  238,  188,  377,  483,  445,  475,  403,  154,  508,  210,  556,  232,  390,  490,  385,  271,  520,  406,  459,  386,  472,  565,  452,  142,  386,  103,  605,  369,  478,  555,   97,  124,  246,  109,  137,  480,  591,  410,  170,  127,  163,  388,  145,  320,  502,  691,  192,  487,  542,  400,  530,  189,  573,  354,  254,  592,  328,  588,  373,  373,  329,  569,  693,  211,  216,  347,  261,  516,  415,  365,  100,  268,  107,  161,  392,  312,  519,  490,  277,   63,  171,  329,  102,  523,  436,  490,  454,  306,  371,  196,  232,  449,  411,  568,  483,  485,  304,  114,  323,  360,  153,  585,  230,  248,  613,  543,  167,  521],
        [  358,    0,  524,   54,    0,  352,  270,  288,  322,  505,  594,  133,  423,  400,  487,  606,  559,  141,  573,  493,  353,  316,  441,  148,  442,  443,  610,  392,  312,  756,  423,   70,   73,  291,  491,   60,  282,  494,  377,  118,  469,  558,  470,  592,  499,  461,  269,  261,  448,  482,  290,  527,  517,  349,  273,  232,  528,  215,  219,  195,  426,  449,  487,  427,  456,  109,  474,  182,  557,  274,  345,  539,  334,  239,  551,  361,  419,  378,  461,  614,  454,  175,  412,  156,  614,  415,  438,  542,   98,  176,  236,  112,  164,  520,  605,  383,  123,  180,  173,  343,  100,  373,  530,  670,  244,  482,  586,  360,  508,  229,  601,  386,  269,  606,  303,  562,  399,  326,  347,  614,  720,  232,  267,  310,  210,  539,  452,  318,  126,  298,   56,  133,  347,  259,  547,  448,  224,  116,  223,  345,  155,  514,  481,  520,  503,  297,  417,  244,  270,  502,  461,  613,  500,  519,  351,   63,  284,  332,  172,  587,  181,  242,  659,  526,  141,  563],
        [  482,    0,  424,  389,  352,    0,  621,  612,   46,  849,  465,  355,  580,  747,  664,  937,  842,  225,  245,  667,  384,  509,  789,  445,  488,  635,  872,  180,   56,  789,  774,  421,  423,  258,  712,  316,  603,  785,  609,  291,  500,  564,  675,  812,  743,  691,  231,  244,  443,  756,  512,  735,  518,  617,  570,  250,  779,  559,  505,  534,  634,  104,  630,  481,  721,  364,  126,  184,  393,  470,  462,  735,  179,  475,  591,  473,   75,  673,  249,  797,  332,  526,  760,  468,  490,  754,  577,  297,  311,  477,  543,  308,  360,  868,  522,   97,  235,  496,  308,  457,  361,  672,  557,  359,  524,  306,  720,  516,  214,  577,  610,  737,  612,  516,  107,  241,  455,  106,  690,  953,  712,  580,  528,   42,  209,  531,  564,  425,  355,  416,  334,  427,  463,  259,  572,  563,  308,  430,  509,  687,  461,  298,  823,  570,  699,  598,  604,  580,  443,  765,  784,  755,  458,  870,  559,  338,  473,  560,  521,  431,  203,  555,  996,  258,  226,  687],
        [  474,    0,  725,  241,  270,  621,    0,  152,  590,  260,  798,  325,  486,  143,  511,  386,  430,  403,  840,  518,  532,  392,  177,  240,  583,  442,  504,  640,  580,  847,  155,  202,  198,  510,  464,  311,  181,  365,  355,  360,  613,  698,  468,  542,  441,  432,  501,  497,  618,  386,  330,  507,  668,  289,  212,  459,  453,  108,  228,  118,  435,  719,  543,  550,  381,  290,  744,  449,  779,  371,  454,  528,  580,  299,  670,  467,  688,  257,  708,  601,  675,  100,  146,  212,  814,  197,  491,  792,  336,  227,  189,  346,  346,  263,  787,  650,  389,  198,  389,  455,  289,  272,  663,  931,  260,  717,  625,  429,  770,   80,  731,  116,   78,  791,  568,  828,  548,  587,  110,  377,  845,   55,  292,  580,  457,  692,  544,  447,  319,  446,  294,  237,  456,  479,  677,  518,  423,  228,  247,  114,  224,  757,  246,  640,  502,  210,  453,  132,  390,  417,  278,  639,  678,  250,  392,  293,  364,  337,  104,  803,  438,  174,  423,  782,  406,  616],
        [  582,    0,  801,  287,  288,  612,  152,    0,  574,  383,  873,  392,  611,  167,  647,  517,  582,  387,  848,  655,  617,  509,  212,  332,  686,  292,  656,  587,  562,  972,  254,  241,  229,  443,  609,  302,  325,  517,  206,  402,  715,  804,  609,  691,  590,  576,  442,  547,  708,  537,  201,  652,  769,  138,   73,  402,  604,  236,  122,  101,  572,  715,  672,  427,  530,  249,  737,  465,  842,  480,  334,  672,  528,  187,  783,  344,  669,  111,  748,  746,  738,  189,  194,  310,  891,  341,  350,  830,  380,  332,   76,  393,  420,  371,  874,  662,  381,  307,  449,  336,  252,  422,  771,  951,  383,  769,  760,  297,  790,  214,  841,  216,   75,  876,  584,  840,  647,  554,  109,  498,  958,  116,  417,  573,  418,  792,  663,  336,  384,  540,  283,  186,  335,  415,  786,  380,  353,  307,  366,  102,  321,  802,  377,  752,  643,   61,  585,  271,  493,  568,  426,  778,  766,  330,  519,  277,  244,  196,  147,  871,  411,   59,  542,  812,  427,  748],
        [  487,    0,  455,  363,  322,   46,  590,  574,    0,  824,  500,  340,  583,  712,  667,  916,  831,  190,  289,  670,  397,  506,  755,  426,  503,  590,  865,  150,   12,  811,  744,  391,  393,  214,  709,  282,  583,  772,  565,  274,  518,  585,  674,  810,  738,  687,  186,  251,  463,  746,  468,  734,  539,  574,  530,  205,  772,  533,  465,  499,  632,  146,  637,  437,  712,  325,  166,  168,  429,  465,  417,  737,  139,  433,  609,  428,   98,  631,  287,  800,  362,  497,  727,  448,  524,  730,  532,  340,  292,  459,  503,  291,  349,  841,  553,  137,  201,  476,  300,  412,  322,  657,  576,  404,  510,  342,  729,  471,  258,  549,  632,  706,  577,  547,  124,  285,  468,   66,  655,  930,  738,  547,  517,   37,  166,  554,  573,  380,  340,  419,  299,  388,  418,  214,  592,  518,  263,  409,  494,  652,  441,  338,  798,  587,  700,  557,  605,  557,  440,  757,  765,  763,  483,  840,  556,  303,  428,  516,  489,  468,  163,  516,  974,  301,  206,  697],
        [  564,    0,  851,  462,  505,  849,  260,  383,  824,    0,  922,  510,  528,  240,  510,  138,  290,  645, 1046,  517,  661,  475,  215,  414,  672,  668,  369,  891,  814,  857,  133,  436,  438,  768,  428,  555,  262,  252,  583,  565,  699,  770,  455,  459,  379,  404,  756,  678,  726,  303,  579,  464,  753,  513,  454,  714,  369,  292,  483,  377,  444,  940,  563,  804,  325,  546,  966,  667,  924,  479,  709,  489,  831,  554,  726,  721,  920,  456,  885,  543,  825,  334,  210,  387,  932,  102,  731,  968,  543,  384,  440,  548,  519,   46,  888,  860,  628,  360,  572,  710,  544,  257,  732, 1123,  367,  879,  614,  678,  967,  277,  789,  168,  320,  895,  779, 1031,  649,  831,  280,  117,  885,  315,  384,  808,  707,  775,  598,  704,  507,  568,  541,  496,  710,  736,  742,  762,  682,  421,  370,  288,  396,  927,   34,  700,  479,  442,  480,  271,  509,  334,  141,  613,  786,  120,  446,  541,  618,  578,  358,  939,  683,  423,  163,  968,  625,  620],
        [  359,    0,   74,  587,  594,  465,  798,  873,  500,  922,    0,  483,  421,  941,  484,  946,  762,  566,  382,  481,  268,  448,  970,  559,  259, 1016,  747,  645,  504,  391,  912,  633,  646,  695,  574,  607,  671,  736,  963,  477,  239,  215,  530,  638,  628,  575,  662,  338,  197,  684,  868,  568,  197,  942,  867,  661,  662,  695,  811,  773,  514,  433,  423,  916,  647,  680,  447,  458,   80,  446,  871,  552,  638,  819,  271,  886,  501,  970,  220,  574,  148,  705,  940,  587,   25,  823,  984,  216,  497,  574,  829,  484,  457,  959,   83,  371,  556,  603,  425,  867,  672,  670,  241,  354,  563,  160,  459,  911,  312,  723,  240,  889,  834,   72,  386,  364,  275,  565,  902,  987,  290,  786,  540,  466,  610,  186,  357,  835,  490,  359,  622,  724,  873,  683,  244,  980,  707,  575,  566,  904,  575,  185,  888,  276,  530,  890,  471,  688,  419,  672,  801,  492,  140,  997,  482,  631,  846,  914,  734,   49,  579,  833, 1019,  261,  478,  426],
        [  226,    0,  410,  108,  133,  355,  325,  392,  340,  510,  483,    0,  298,  467,  369,  586,  492,  210,  536,  374,  228,  196,  502,   97,  310,  575,  530,  451,  332,  623,  459,  152,  166,  385,  388,  176,  254,  433,  507,   68,  338,  427,  360,  491,  408,  361,  357,  174,  321,  408,  422,  420,  388,  473,  392,  327,  440,  233,  344,  292,  316,  436,  361,  550,  376,  240,  463,  173,  457,  151,  473,  428,  401,  370,  418,  490,  429,  492,  385,  500,  352,  227,  471,  125,  500,  411,  570,  469,   57,  127,  353,   52,   32,  536,  484,  352,  189,  151,   65,  471,  231,  317,  399,  616,  170,  392,  460,  492,  458,  257,  469,  429,  352,  486,  272,  522,  268,  369,  423,  606,  589,  306,  179,  315,  289,  410,  322,  444,    8,  165,  182,  263,  476,  355,  415,  578,  337,   98,  155,  424,  115,  433,  481,  388,  391,  413,  300,  242,  141,  421,  432,  489,  376,  553,  238,  191,  417,  462,  252,  483,  251,  355,  648,  463,  136,  436],
        [   99,    0,  359,  380,  423,  580,  486,  611,  583,  528,  421,  298,    0,  614,   85,  531,  342,  501,  671,   88,  216,  108,  630,  294,  163,  849,  334,  719,  579,  363,  552,  411,  426,  677,  157,  472,  314,  317,  772,  352,  184,  243,  114,  242,  208,  155,  647,  337,  230,  264,  700,  164,  233,  725,  638,  621,  244,  381,  607,  519,   93,  625,   65,  847,  227,  531,  651,  432,  447,  150,  767,  159,  677,  649,  199,  783,  651,  722,  471,  218,  372,  423,  602,  308,  425,  437,  857,  538,  352,  284,  600,  342,  271,  569,  372,  532,  481,  305,  299,  765,  522,  272,  206,  706,  229,  437,  164,  780,  582,  407,  262,  542,  548,  380,  474,  653,  161,  630,  594,  576,  366,  499,  195,  550,  578,  253,   71,  739,  304,  165,  476,  539,  769,  649,  215,  869,  634,  327,  246,  599,  299,  491,  494,  173,  126,  652,   51,  355,  158,  251,  395,  192,  282,  622,   94,  484,  703,  734,  468,  451,  539,  595,  604,  558,  411,  142],
        [  612,    0,  867,  378,  400,  747,  143,  167,  712,  240,  941,  467,  614,    0,  628,  378,  491,  523,  973,  636,  675,  526,   46,  383,  722,  433,  571,  743,  701,  973,  110,  336,  329,  603,  569,  431,  300,  434,  352,  499,  751,  835,  580,  632,  536,  538,  599,  638,  759,  469,  366,  611,  807,  282,  239,  558,  539,  248,  286,  214,  552,  847,  667,  592,  474,  394,  871,  582,  922,  509,  500,  634,  683,  354,  804,  509,  809,  218,  848,  702,  818,  241,   31,  355,  956,  235,  504,  932,  475,  368,  239,  485,  489,  218,  928,  783,  512,  339,  531,  502,  395,  371,  799, 1068,  394,  859,  742,  459,  906,  220,  866,   87,  137,  932,  702,  962,  688,  701,   61,  348,  977,  169,  425,  706,  566,  830,  676,  503,  461,  587,  414,  333,  501,  574,  812,  536,  513,  370,  384,   66,  367,  898,  245,  774,  612,  220,  576,  262,  531,  502,  325,  752,  819,  166,  520,  410,  411,  354,  229,  946,  554,  222,  390,  920,  540,  737],
        [  184,    0,  427,  441,  487,  664,  511,  647,  667,  510,  484,  369,   85,  628,    0,  492,  285,  577,  753,    8,  299,  174,  639,  349,  233,  901,  263,  800,  662,  350,  554,  467,  482,  752,   94,  540,  331,  275,  821,  428,  248,  287,   56,  161,  150,  108,  723,  421,  302,  219,  754,   85,  289,  769,  682,  695,  181,  412,  657,  560,   77,  710,   63,  914,  188,  594,  736,  512,  519,  219,  830,   75,  757,  705,  234,  847,  735,  758,  553,  134,  450,  462,  613,  357,  485,  429,  915,  616,  425,  332,  645,  416,  345,  554,  426,  616,  556,  349,  378,  829,  586,  264,  252,  785,  269,  516,  115,  839,  664,  436,  293,  550,  579,  436,  559,  735,  239,  712,  616,  541,  378,  532,  236,  634,  655,  305,  130,  804,  374,  249,  542,  596,  833,  724,  256,  929,  705,  383,  288,  622,  350,  570,  477,  216,   46,  693,   71,  380,  235,  198,  371,  131,  348,  613,  138,  550,  761,  785,  510,  518,  616,  638,  564,  639,  489,  112],
        [  589,    0,  879,  558,  606,  937,  386,  517,  916,  138,  946,  586,  531,  378,  492,    0,  222,  746, 1115,  498,  699,  505,  350,  493,  689,  805,  289,  998,  907,  823,  270,  540,  544,  882,  401,  660,  334,  217,  720,  647,  712,  772,  437,  401,  345,  386,  867,  743,  750,  273,  712,  428,  764,  650,  587,  827,  322,  393,  612,  502,  440, 1021,  552,  934,  306,  662, 1048,  753,  960,  521,  839,  452,  939,  684,  722,  851, 1010,  594,  941,  491,  867,  445,  347,  469,  953,  195,  866, 1021,  627,  461,  572,  630,  589,  167,  902,  936,  728,  442,  643,  840,  658,  284,  735, 1183,  424,  926,  582,  811, 1033,  385,  784,  304,  452,  910,  857, 1100,  673,  930,  417,   58,  867,  440,  432,  896,  814,  783,  601,  832,  585,  608,  648,  617,  840,  850,  742,  896,  799,  508,  434,  425,  477,  977,  142,  700,  453,  577,  481,  362,  552,  296,  156,  573,  807,  240,  466,  650,  748,  712,  477,  970,  786,  555,   73, 1027,  712,  595],
        [  420,    0,  700,  506,  559,  842,  430,  582,  831,  290,  762,  492,  342,  491,  285,  222,    0,  688,  984,  290,  539,  350,  482,  417,  504,  871,   81,  939,  824,  603,  388,  506,  516,  849,  192,  618,  286,   68,  785,  559,  524,  572,  234,  180,  136,  188,  827,  618,  571,   88,  748,  212,  570,  719,  640,  790,  106,  379,  643,  529,  250,  912,  348,  953,  125,  644,  939,  664,  787,  381,  859,  236,  885,  709,  519,  873,  917,  681,  794,  270,  705,  441,  466,  404,  765,  256,  914,  867,  544,  385,  613,  542,  483,  335,  709,  820,  667,  380,  534,  859,  637,  187,  536, 1035,  324,  769,  364,  846,  897,  387,  577,  405,  508,  718,  748,  967,  498,  859,  507,  277,  652,  476,  315,  804,  764,  588,  407,  843,  493,  458,  611,  616,  861,  817,  541,  937,  778,  445,  343,  515,  406,  822,  265,  500,  242,  640,  293,  339,  411,   91,  167,  353,  623,  409,  302,  616,  773,  763,  487,  792,  730,  599,  290,  882,  628,  381],
        [  418,    0,  503,  189,  141,  225,  403,  387,  190,  645,  566,  210,  501,  523,  577,  746,  688,    0,  463,  582,  371,  404,  566,  271,  475,  454,  733,  254,  179,  797,  557,  209,  208,  176,  598,   93,  419,  624,  410,  150,  498,  582,  570,  700,  614,  570,  147,  235,  460,  607,  312,  630,  537,  405,  349,  120,  646,  355,  285,  310,  526,  328,  563,  366,  578,  142,  351,  108,  512,  359,  308,  638,  198,  268,  588,  323,  287,  454,  391,  709,  419,  313,  538,  286,  588,  555,  420,  466,  153,  303,  320,  161,  233,  658,  595,  279,   22,  313,  205,  304,  137,  504,  561,  569,  365,  428,  662,  346,  411,  368,  628,  519,  388,  593,  209,  455,  433,  187,  466,  754,  745,  359,  382,  186,   79,  556,  514,  272,  206,  349,  110,  203,  310,  149,  578,  418,  147,  245,  346,  463,  283,  447,  621,  560,  600,  377,  508,  384,  344,  624,  599,  693,  501,  653,  447,  114,  284,  360,  301,  548,   43,  331,  799,  439,   99,  634],
        [  575,    0,  382,  600,  573,  245,  840,  848,  289, 1046,  382,  536,  671,  973,  753, 1115,  984,  463,    0,  754,  456,  635, 1013,  632,  533,  876,  997,  375,  300,  766,  987,  638,  644,  494,  823,  548,  788,  937,  853,  484,  531,  560,  781,  913,  866,  810,  470,  373,  468,  897,  756,  835,  522,  861,  811,  493,  903,  763,  746,  764,  747,  145,  704,  708,  860,  604,  133,  392,  304,  605,  701,  828,  403,  720,  605,  711,  217,  915,  203,  874,  315,  741,  983,  660,  404,  946,  814,  167,  508,  662,  782,  501,  529, 1070,  461,  190,  468,  686,  475,  696,  599,  835,  569,  119,  692,  253,  774,  757,   89,  784,  599,  953,  840,  451,  272,   20,  516,  337,  919, 1140,  670,  804,  686,  280,  454,  525,  631,  665,  539,  527,  566,  665,  702,  500,  580,  797,  552,  627,  682,  917,  650,  206, 1016,  596,  796,  839,  709,  776,  574,  898,  960,  811,  450, 1082,  683,  572,  717,  804,  745,  335,  446,  793, 1180,  126,  434,  739],
        [  186,    0,  425,  447,  493,  667,  518,  655,  670,  517,  481,  374,   88,  636,    8,  498,  290,  582,  754,    0,  300,  179,  646,  356,  232,  908,  266,  804,  665,  343,  561,  474,  488,  757,   99,  546,  339,  281,  828,  433,  245,  282,   63,  161,  155,  114,  728,  424,  301,  225,  761,   87,  285,  776,  689,  700,  185,  420,  663,  567,   84,  712,   60,  920,  195,  600,  738,  516,  517,  224,  837,   75,  761,  711,  229,  853,  738,  766,  553,  131,  449,  469,  620,  364,  482,  436,  922,  616,  430,  339,  652,  421,  350,  561,  422,  618,  561,  356,  383,  835,  592,  272,  248,  784,  276,  515,  107,  845,  665,  443,  288,  557,  587,  432,  561,  735,  239,  716,  624,  547,  371,  540,  243,  637,  660,  301,  128,  810,  380,  252,  548,  602,  839,  729,  251,  936,  711,  390,  295,  629,  357,  569,  484,  212,   50,  700,   77,  388,  239,  204,  378,  124,  346,  621,  145,  556,  768,  792,  517,  515,  621,  645,  570,  639,  494,  105],
        [  121,    0,  194,  335,  353,  384,  532,  617,  397,  661,  268,  228,  216,  675,  299,  699,  539,  371,  456,  300,    0,  195,  703,  294,  109,  794,  544,  542,  395,  429,  645,  379,  393,  535,  369,  382,  406,  500,  730,  243,  128,  212,  326,  458,  414,  358,  502,  149,   95,  454,  641,  379,  168,  700,  619,  487,  451,  428,  570,  517,  294,  416,  254,  737,  416,  453,  441,  274,  263,  183,  672,  374,  511,  590,  220,  688,  450,  719,  258,  425,  169,  442,  673,  321,  282,  561,  778,  329,  257,  307,  580,  243,  198,  696,  258,  323,  355,  337,  182,  669,  444,  417,  191,  497,  298,  230,  338,  701,  367,  456,  257,  622,  572,  261,  277,  438,   72,  452,  638,  734,  375,  523,  278,  360,  437,  189,  184,  639,  235,   94,  393,  486,  674,  513,  208,  781,  517,  313,  300,  640,  309,  283,  628,  194,  341,  640,  255,  421,  154,  450,  548,  374,  149,  731,  239,  402,  629,  684,  473,  279,  399,  582,  770,  345,  273,  304],
        [   91,    0,  378,  273,  316,  509,  392,  509,  506,  475,  448,  196,  108,  526,  174,  505,  350,  404,  635,  179,  195,    0,  547,  187,  201,  742,  367,  633,  501,  463,  476,  304,  319,  579,  204,  368,  233,  306,  666,  256,  229,  310,  170,  305,  236,  183,  551,  273,  252,  263,  592,  230,  285,  620,  533,  522,  273,  285,  500,  415,  127,  568,  173,  742,  226,  424,  595,  346,  455,   45,  661,  235,  588,  542,  279,  677,  583,  620,  445,  306,  363,  321,  518,  202,  458,  377,  750,  521,  252,  179,  495,  243,  172,  512,  416,  475,  383,  203,  210,  659,  415,  224,  274,  687,  133,  424,  270,  673,  547,  312,  340,  461,  449,  422,  408,  617,  175,  547,  501,  541,  453,  400,  102,  475,  482,  308,  155,  633,  201,  108,  370,  431,  663,  550,  287,  762,  532,  220,  146,  505,  193,  476,  441,  249,  198,  547,  105,  264,   67,  264,  355,  297,  312,  555,   51,  379,  595,  626,  365,  468,  443,  490,  576,  533,  319,  249],
        [  635,    0,  897,  416,  441,  789,  177,  212,  755,  215,  970,  502,  630,   46,  639,  350,  482,  566, 1013,  646,  703,  547,    0,  414,  746,  470,  562,  789,  744,  986,   94,  376,  370,  648,  574,  474,  317,  429,  391,  536,  775,  857,  589,  631,  537,  544,  645,  674,  785,  468,  409,  616,  831,  322,  283,  603,  538,  276,  331,  258,  564,  889,  681,  635,  476,  439,  913,  622,  954,  534,  543,  640,  728,  399,  824,  553,  853,  255,  885,  705,  850,  277,   32,  385,  985,  229,  544,  968,  512,  397,  285,  522,  522,  186,  954,  824,  555,  367,  566,  546,  440,  377,  820, 1107,  417,  894,  752,  502,  945,  249,  886,   90,  181,  959,  742, 1002,  713,  745,  106,  316,  995,  210,  446,  748,  611,  854,  695,  548,  496,  614,  457,  378,  545,  619,  833,  577,  558,  404,  409,  112,  397,  934,  225,  794,  620,  263,  590,  286,  557,  501,  316,  760,  846,  126,  537,  453,  455,  396,  269,  977,  597,  267,  356,  958,  580,  749],
        [  252,    0,  485,   96,  148,  445,  240,  332,  426,  414,  559,   97,  294,  383,  349,  493,  417,  271,  632,  356,  294,  187,  414,    0,  354,  556,  465,  523,  417,  647,  366,  118,  133,  435,  345,  206,  159,  354,  479,  155,  384,  472,  327,  445,  352,  314,  412,  268,  381,  338,  407,  382,  438,  434,  348,  376,  381,  140,  313,  233,  283,  530,  358,  570,  310,  249,  557,  261,  541,  151,  483,  396,  468,  356,  452,  499,  518,  440,  479,  471,  437,  149,  383,   30,  574,  314,  567,  563,  135,   34,  310,  137,  110,  439,  549,  448,  250,   54,  160,  482,  240,  235,  439,  712,   97,  482,  454,  490,  555,  166,  509,  338,  280,  553,  367,  618,  316,  446,  345,  511,  627,  231,  121,  404,  347,  461,  337,  459,   94,  210,  202,  247,  486,  403,  455,  581,  372,   35,   77,  347,   19,  525,  384,  421,  360,  365,  280,  146,  161,  356,  340,  478,  440,  459,  212,  209,  413,  440,  186,  564,  313,  306,  554,  558,  220,  435],
        [  112,    0,  196,  415,  442,  488,  583,  686,  503,  672,  259,  310,  163,  722,  233,  689,  504,  475,  533,  232,  109,  201,  746,  354,    0,  885,  494,  650,  502,  323,  677,  456,  471,  642,  318,  477,  433,  477,  816,  339,   30,  119,  274,  392,  371,  317,  610,  258,   70,  425,  732,  317,   86,  780,  697,  593,  406,  476,  653,  586,  255,  512,  176,  840,  388,  547,  536,  381,  286,  213,  772,  306,  619,  680,  113,  788,  552,  792,  330,  344,  221,  502,  716,  378,  265,  576,  875,  387,  350,  359,  658,  337,  279,  711,  217,  421,  458,  387,  278,  769,  537,  417,   89,  555,  330,  286,  243,  797,  444,  504,  159,  660,  633,  224,  382,  514,   43,  560,  692,  731,  279,  583,  301,  467,  544,  109,  104,  740,  318,  147,  486,  572,  774,  620,  106,  880,  621,  380,  338,  695,  367,  340,  638,   86,  279,  715,  212,  461,  195,  414,  546,  279,  120,  756,  227,  496,  723,  772,  540,  288,  505,  657,  761,  413,  377,  208],
        [  797,    0,  951,  475,  443,  635,  442,  292,  590,  668, 1016,  575,  849,  433,  901,  805,  871,  454,  876,  908,  794,  742,  470,  556,  885,    0,  943,  528,  580, 1196,  536,  439,  424,  386,  878,  414,  601,  805,   87,  552,  912, 1001,  870,  967,  866,  845,  408,  680,  888,  820,  153,  920,  959,  156,  232,  386,  884,  506,  245,  349,  829,  732,  914,  225,  809,  341,  747,  560,  966,  704,  181,  937,  482,  205,  993,  175,  664,  217,  842, 1013,  870,  447,  463,  544, 1038,  633,   94,  913,  537,  569,  262,  551,  606,  650, 1039,  715,  461,  553,  612,  186,  350,  703,  973,  993,  633,  881, 1009,  121,  845,  491, 1043,  501,  365, 1038,  656,  874,  842,  541,  388,  780, 1163,  396,  665,  606,  430,  981,  889,  214,  568,  740,  402,  314,  180,  377,  990,  130,  328,  523,  613,  380,  552,  898,  666,  963,  905,  233,  833,  545,  706,  850,  718, 1031,  937,  596,  765,  392,  171,  116,  398, 1001,  450,  274,  822,  882,  539,  991],
        [  423,    0,  689,  557,  610,  872,  504,  656,  865,  369,  747,  530,  334,  571,  263,  289,   81,  733,  997,  266,  544,  367,  562,  465,  494,  943,    0,  980,  858,  549,  468,  563,  573,  899,  177,  669,  349,  140,  857,  597,  510,  546,  221,  123,  131,  187,  876,  639,  562,  129,  816,  180,  551,  793,  712,  840,   95,  444,  711,  598,  250,  935,  325, 1015,  156,  701,  961,  699,  779,  403,  922,  199,  928,  775,  490,  937,  946,  757,  801,  212,  705,  506,  546,  455,  747,  336,  982,  870,  585,  434,  683,  581,  517,  414,  687,  842,  712,  433,  565,  922,  694,  246,  512, 1039,  369,  770,  320,  913,  908,  455,  545,  484,  582,  697,  773,  979,  494,  898,  585,  347,  608,  547,  353,  836,  811,  566,  392,  905,  532,  471,  663,  678,  924,  868,  514, 1005,  832,  495,  389,  593,  455,  824,  346,  476,  217,  713,  290,  404,  432,  110,  247,  302,  610,  488,  316,  669,  839,  834,  554,  780,  775,  670,  353,  888,  665,  342],
        [  625,    0,  603,  442,  392,  180,  640,  587,  150,  891,  645,  451,  719,  743,  800,  998,  939,  254,  375,  804,  542,  633,  789,  523,  650,  528,  980,    0,  150,  960,  795,  458,  455,  151,  835,  338,  672,  876,  525,  384,  666,  735,  803,  937,  857,  810,  146,  394,  612,  856,  437,  863,  689,  552,  530,  186,  890,  606,  468,  534,  759,  240,  775,  337,  825,  352,  244,  289,  572,  590,  347,  867,   61,  416,  758,  354,  162,  620,  427,  934,  510,  558,  763,  539,  669,  805,  453,  468,  396,  555,  513,  400,  467,  901,  701,  275,  274,  566,  424,  342,  353,  757,  725,  494,  615,  486,  870,  408,  375,  616,  782,  755,  609,  695,  274,  379,  613,   91,  684, 1003,  888,  591,  628,  187,  185,  703,  715,  315,  448,  556,  352,  411,  348,  174,  741,  431,  237,  498,  596,  679,  536,  474,  870,  735,  830,  557,  735,  636,  568,  871,  852,  904,  633,  888,  681,  351,  390,  480,  538,  610,  212,  529, 1049,  425,  317,  838],
        [  483,    0,  458,  353,  312,   56,  580,  562,   12,  814,  504,  332,  579,  701,  662,  907,  824,  179,  300,  665,  395,  501,  744,  417,  502,  580,  858,  150,    0,  811,  733,  381,  383,  205,  704,  271,  574,  765,  554,  266,  517,  586,  669,  805,  731,  681,  177,  248,  463,  739,  457,  729,  540,  563,  518,  195,  766,  523,  453,  488,  627,  157,  633,  429,  705,  314,  177,  160,  434,  459,  407,  732,  134,  422,  608,  419,  109,  620,  292,  796,  365,  486,  716,  439,  529,  721,  523,  347,  283,  450,  492,  283,  342,  831,  556,  144,  191,  467,  294,  402,  311,  648,  576,  414,  502,  347,  725,  461,  268,  539,  632,  696,  566,  550,  125,  295,  466,   62,  644,  920,  739,  536,  509,   39,  155,  554,  570,  370,  332,  415,  288,  377,  408,  205,  591,  509,  253,  399,  486,  641,  433,  344,  789,  586,  695,  546,  600,  547,  434,  750,  756,  760,  484,  829,  550,  292,  418,  505,  478,  473,  152,  505,  964,  310,  198,  694],
        [  400,    0,  387,  722,  756,  789,  847,  972,  811,  857,  391,  623,  363,  973,  350,  823,  603,  797,  766,  343,  429,  463,  986,  647,  323, 1196,  549,  960,  811,    0,  903,  759,  774,  963,  430,  796,  673,  613, 1123,  660,  301,  226,  404,  428,  482,  454,  930,  575,  349,  558, 1044,  397,  272, 1081,  994,  914,  501,  743,  957,  877,  423,  789,  307, 1162,  532,  863,  809,  702,  465,  496, 1092,  372,  935,  992,  210, 1109,  844, 1082,  579,  338,  469,  783,  959,  664,  373,  778, 1193,  601,  668,  641,  956,  655,  593,  902,  309,  708,  780,  665,  598, 1089,  854,  614,  238,  744,  591,  520,  244, 1115,  688,  769,  180,  897,  910,  320,  687,  748,  365,  871,  956,  876,  106,  861,  557,  774,  865,  259,  310, 1061,  631,  459,  803,  883, 1094,  941,  222, 1200,  943,  678,  607,  960,  654,  562,  824,  238,  378, 1010,  397,  717,  491,  530,  717,  250,  333,  963,  456,  813, 1039, 1082,  827,  439,  827,  952,  893,  642,  699,  239],
        [  566,    0,  838,  388,  423,  774,  155,  254,  744,  133,  912,  459,  552,  110,  554,  270,  388,  557,  987,  561,  645,  476,   94,  366,  677,  536,  468,  795,  733,  903,    0,  354,  351,  662,  485,  465,  244,  335,  452,  503,  705,  785,  502,  539,  446,  456,  654,  632,  721,  375,  453,  526,  761,  382,  326,  612,  446,  227,  361,  265,  480,  870,  599,  680,  386,  444,  896,  598,  902,  468,  585,  550,  734,  432,  748,  596,  841,  324,  844,  614,  799,  248,   81,  337,  924,  136,  602,  928,  479,  343,  317,  488,  475,  118,  889,  798,  543,  314,  524,  587,  442,  290,  748, 1074,  350,  847,  666,  551,  914,  203,  811,   41,  198,  895,  716,  974,  647,  742,  149,  245,  917,  205,  376,  732,  612,  784,  618,  584,  455,  553,  449,  388,  587,  631,  760,  633,  574,  363,  346,  157,  348,  890,  136,  720,  532,  313,  509,  225,  494,  409,  222,  672,  782,   97,  461,  448,  494,  449,  258,  922,  593,  299,  289,  922,  555,  665],
        [  361,    0,  561,   46,   70,  421,  202,  241,  391,  436,  633,  152,  411,  336,  467,  540,  506,  209,  638,  474,  379,  304,  376,  118,  456,  439,  563,  458,  381,  759,  354,    0,   16,  348,  458,  121,  223,  440,  364,  166,  485,  574,  442,  556,  459,  426,  330,  309,  472,  434,  289,  497,  536,  325,  241,  290,  485,  148,  199,  142,  399,  517,  476,  457,  411,  139,  543,  247,  602,  265,  368,  512,  399,  239,  560,  384,  489,  341,  516,  587,  498,  106,  345,  113,  651,  347,  449,  599,  142,  138,  202,  154,  181,  451,  636,  449,  193,  131,  209,  367,  132,  320,  543,  732,  207,  532,  572,  372,  571,  160,  614,  317,  209,  638,  367,  627,  415,  395,  285,  546,  733,  168,  235,  379,  274,  559,  451,  346,  145,  309,  109,  129,  371,  315,  560,  464,  273,   85,  185,  285,  118,  567,  413,  529,  477,  261,  398,  180,  270,  457,  398,  596,  528,  450,  330,  112,  295,  324,  109,  631,  248,  203,  591,  586,  205,  553],
        [  376,    0,  574,   59,   73,  423,  198,  229,  393,  438,  646,  166,  426,  329,  482,  544,  516,  208,  644,  488,  393,  319,  370,  133,  471,  424,  573,  455,  383,  774,  351,   16,    0,  341,  471,  118,  232,  449,  349,  176,  499,  589,  456,  569,  472,  439,  324,  320,  486,  445,  274,  510,  551,  310,  227,  284,  497,  152,  184,  130,  414,  521,  491,  445,  423,  128,  546,  253,  614,  280,  355,  525,  395,  224,  575,  371,  491,  327,  525,  601,  510,  105,  340,  127,  664,  351,  434,  608,  153,  151,  188,  165,  195,  451,  649,  455,  193,  143,  221,  354,  122,  330,  558,  740,  220,  543,  587,  358,  578,  162,  629,  314,  200,  651,  374,  633,  430,  394,  277,  549,  748,  161,  249,  382,  270,  574,  466,  334,  158,  324,  104,  115,  357,  308,  574,  450,  264,  100,  199,  276,  132,  577,  415,  544,  491,  247,  412,  186,  285,  468,  404,  611,  542,  447,  344,  106,  281,  309,  101,  643,  246,  189,  594,  594,  211,  568],
        [  592,    0,  641,  344,  291,  258,  510,  443,  214,  768,  695,  385,  677,  603,  752,  882,  849,  176,  494,  757,  535,  579,  648,  435,  642,  386,  899,  151,  205,  963,  662,  348,  341,    0,  771,  232,  570,  784,  376,  325,  663,  743,  744,  873,  785,  742,   34,  390,  619,  772,  287,  804,  697,  402,  382,   60,  815,  492,  322,  398,  700,  350,  738,  225,  745,  222,  363,  262,  631,  534,  208,  813,   98,  267,  754,  218,  279,  470,  493,  884,  550,  438,  624,  446,  719,  688,  321,  552,  328,  466,  367,  336,  408,  773,  737,  348,  197,  470,  380,  203,  225,  663,  725,  611,  532,  543,  837,  266,  471,  498,  789,  622,  471,  734,  310,  493,  601,  158,  543,  882,  904,  458,  551,  239,  100,  715,  687,  172,  380,  522,  240,  275,  209,   33,  742,  305,   90,  406,  511,  537,  445,  546,  749,  728,  775,  408,  683,  527,  519,  791,  745,  868,  652,  753,  622,  236,  240,  331,  410,  669,  139,  384,  928,  514,  269,  809],
        [  248,    0,  514,  440,  491,  712,  464,  609,  709,  428,  574,  388,  157,  569,   94,  401,  192,  598,  823,   99,  369,  204,  574,  345,  318,  878,  177,  835,  704,  430,  485,  458,  471,  771,    0,  548,  285,  185,  795,  453,  336,  380,   44,  103,   57,   34,  744,  473,  386,  129,  737,   43,  380,  738,  652,  712,   89,  376,  635,  531,   78,  768,  156,  914,  103,  593,  795,  548,  604,  246,  826,   66,  787,  690,  327,  842,  785,  719,  626,  137,  528,  432,  551,  345,  575,  355,  902,  694,  445,  321,  617,  439,  369,  473,  517,  674,  577,  330,  412,  825,  585,  199,  344,  863,  252,  593,  187,  827,  734,  396,  386,  487,  538,  527,  610,  805,  317,  749,  565,  451,  467,  494,  225,  678,  676,  396,  217,  803,  392,  301,  546,  584,  828,  740,  349,  919,  714,  379,  273,  571,  341,  648,  396,  308,   53,  659,  115,  339,  270,  105,  288,  188,  436,  537,  155,  553,  751,  763,  481,  605,  639,  608,  473,  713,  519,  196],
        [  401,    0,  540,  113,   60,  316,  311,  302,  282,  555,  607,  176,  472,  431,  540,  660,  618,   93,  548,  546,  382,  368,  474,  206,  477,  414,  669,  338,  271,  796,  465,  121,  118,  232,  548,    0,  340,  552,  356,  139,  503,  591,  525,  649,  557,  518,  211,  270,  476,  541,  263,  583,  548,  339,  272,  173,  586,  268,  211,  219,  481,  417,  536,  375,  515,   74,  441,  166,  563,  324,  298,  594,  279,  212,  588,  314,  379,  378,  455,  668,  463,  222,  446,  215,  629,  467,  398,  534,  128,  235,  239,  141,  206,  567,  626,  360,   81,  239,  201,  295,   65,  432,  565,  650,  303,  484,  635,  321,  490,  279,  635,  427,  296,  625,  284,  539,  435,  278,  375,  666,  754,  266,  325,  275,  154,  570,  497,  268,  170,  337,   19,  123,  300,  200,  582,  404,  167,  175,  282,  372,  214,  510,  532,  559,  558,  298,  470,  300,  316,  561,  517,  664,  524,  561,  405,   26,  248,  308,  208,  596,  129,  248,  711,  513,  133,  611],
