{
    "name": "random-40-16957",
    "comment": "size=40 seed=16957",
    "nodes": ["+0", "-0", "+1", "-1", "+2", "-2", "+3", "-3", "+4", "-4", "+5", "-5", "+6", "-6", "+7", "-7", "+8", "-8", "+9", "-9", "+10", "-10", "+11", "-11", "+12", "-12", "+13", "-13", "+14", "-14", "+15", "-15", "+16", "-16", "+17", "-17", "+18", "-18", "+19", "-19", "+20", "-20", "+21", "-21", "+22", "-22", "+23", "-23", "+24", "-24", "+25", "-25", "+26", "-26", "+27", "-27", "+28", "-28", "+29", "-29", "+30", "-30", "+31", "-31", "+32", "-32", "+33", "-33", "+34", "-34", "+35", "-35", "+36", "-36", "+37", "-37", "+38", "-38", "+39", "-39", "+40", "-40"],
    "precedence": {
        "+0": "-0",
        "+1": "-1",
        "+2": "-2",
        "+3": "-3",
        "+4": "-4",
        "+5": "-5",
        "+6": "-6",
        "+7": "-7",
        "+8": "-8",
        "+9": "-9",
        "+10": "-10",
        "+11": "-11",
        "+12": "-12",
        "+13": "-13",
        "+14": "-14",
        "+15": "-15",
        "+16": "-16",
        "+17": "-17",
        "+18": "-18",
        "+19": "-19",
        "+20": "-20",
        "+21": "-21",
        "+22": "-22",
        "+23": "-23",
        "+24": "-24",
        "+25": "-25",
        "+26": "-26",
        "+27": "-27",
        "+28": "-28",
        "+29": "-29",
        "+30": "-30",
        "+31": "-31",
        "+32": "-32",
        "+33": "-33",
        "+34": "-34",
        "+35": "-35",
        "+36": "-36",
        "+37": "-37",
        "+38": "-38",
        "+39": "-39",
        "+40": "-40"
    },
    "edges": [
        [    0,    0,  328,  667,  305,  449,  534,  473,  229,  460,  563,  627,  650,  438,  732,  471,  557,  713,  391,   58,  170,  548,  578,  529,  730,  645,  327,  455,  285,  175,  706,  291,  438,  249,  355,  447,  372,  419,  490,  369,  440,  620,  528,   59,  696,  478,  254,  486,  325,  835,  491,  360,  369,  127,  209,  463,  407,  461,  391,  297,  204,  192,  519,  659,  312,  518,   95,  171,  283,  329,  591,  314,  290,  411,  404,  341,  412,  440,  519,  261,  407,  188],
        [    0,    0,  328,  667,  305,  449,  534,  473,  229,  460,  563,  627,  650,  438,  732,  471,  557,  713,  391,   58,  170,  548,  578,  529,  730,  645,  327,  455,  285,  175,  706,  291,  438,  249,  355,  447,  372,  419,  490,  369,  440,  620,  528,   59,  696,  478,  254,  486,  325,  835,  491,  360,  369,  127,  209,  463,  407,  461,  391,  297,  204,  192,  519,  659,  312,  518,   95,  171,  283,  329,  591,  314,  290,  411,  404,  341,  412,  440,  519,  261,  407,  188],
        [  328,  328,    0,  938,  457,  642,  842,  723,  118,  722,  875,  919,  809,  534,  971,  726,  879, 1038,  702,  278,  238,  763,  757,  839,  942,  890,  498,  765,  556,  494, 1029,  618,  637,  278,  566,  303,  471,  498,  748,  688,  567,  936,  672,  344,  908,  803,  524,  795,  636, 1014,  809,  658,  406,  297,  237,  496,  725,  787,  550,  393,  136,  186,  832,  985,  593,  827,  268,  463,  586,  607,  771,  358,   77,  213,  659,  597,  367,  380,  818,  262,  137,  362],
        [  667,  667,  938,    0,  889,  344,  668,  838,  875,  217,  230,  103,  359, 1021,  139,  214,  320,  404,  619,  688,  836,  236,  315,  226,  221,  106,  464,  267,  387,  607,  353,  486,  911,  909,  851,  840,  973,  555,  192,  360,  996,  254,  409,  621,  215,  514,  726,  247,  365,  359,  587,  314, 1003,  643,  708,  616,  578,  379,  934,  583,  804,  854,  632,  418,  711,  650,  681,  679,  645,  339,  312,  957,  870,  882,  280,  342,  724,  742,  186,  925,  944,  813],
        [  305,  305,  457,  889,    0,  739,  476,  287,  344,  709,  724,  824,  942,  138,  982,  725,  680,  799,  372,  339,  229,  823,  866,  700,  997,  894,  628,  634,  549,  283,  812,  413,  181,  183,  123,  697,   84,  723,  739,  536,  137,  764,  827,  362,  965,  514,  178,  662,  525, 1115,  482,  579,  141,  424,  481,  763,  413,  576,   97,  599,  408,  277,  482,  736,  230,  470,  379,  211,  274,  577,  879,  133,  471,  632,  664,  609,  693,  719,  714,  204,  586,  122],
        [  449,  449,  642,  344,  739,    0,  725,  803,  607,  172,  420,  377,  204,  876,  336,  157,  486,  639,  615,  445,  607,  125,  129,  385,  301,  265,  145,  346,  205,  485,  602,  440,  826,  693,  749,  501,  814,  212,  175,  364,  869,  481,  115,  391,  267,  585,  620,  360,  311,  388,  646,  262,  817,  372,  406,  275,  593,  465,  811,  257,  519,  608,  693,  620,  640,  704,  421,  544,  576,  207,  142,  763,  568,  551,  139,  153,  382,  400,  330,  702,  622,  632],
        [  534,  534,  842,  668,  476,  725,    0,  240,  727,  594,  440,  570,  897,  548,  799,  615,  356,  390,  144,  592,  614,  738,  819,  443,  858,  727,  699,  421,  536,  360,  425,  299,  368,  624,  364,  970,  540,  838,  615,  365,  499,  442,  839,  551,  835,  155,  328,  430,  415,  999,   84,  465,  615,  637,  733,  902,  140,  293,  448,  752,  734,  664,   36,  329,  259,   22,  624,  380,  257,  520,  826,  605,  819,  943,  592,  576,  908,  936,  491,  648,  939,  503],
        [  473,  473,  723,  838,  287,  803,  240,    0,  605,  712,  627,  750,  998,  321,  958,  732,  555,  623,  220,  527,  485,  850,  918,  617, 1000,  876,  735,  573,  599,  334,  652,  374,  134,  463,  165,  917,  329,  860,  739,  488,  270,  645,  911,  513,  972,  349,  219,  592,  512, 1134,  287,  572,  413,  597,  681,  915,  263,  466,  228,  751,  643,  537,  262,  559,  170,  244,  567,  304,  229,  603,  928,  419,  720,  869,  690,  653,  883,  911,  653,  486,  841,  361],
        [  229,  229,  118,  875,  344,  607,  727,  605,    0,  661,  789,  846,  790,  434,  923,  668,  785,  940,  588,  190,  121,  722,  730,  755,  905,  839,  465,  680,  488,  385,  934,  516,  522,  174,  450,  372,  368,  498,  689,  597,  462,  848,  656,  259,  871,  694,  406,  711,  550,  991,  697,  579,  313,  238,  218,  512,  613,  689,  439,  378,  100,   69,  718,  885,  476,  713,  195,  348,  471,  537,  744,  260,  131,  295,  600,  536,  403,  423,  740,  162,  242,  244],
        [  460,  460,  722,  217,  709,  172,  594,  712,  661,    0,  249,  218,  305,  845,  275,   22,  319,  468,  504,  476,  629,  145,  229,  215,  293,  188,  258,  185,  175,  430,  430,  339,  760,  706,  691,  639,  790,  371,   31,  232,  827,  310,  276,  410,  263,  444,  561,  193,  200,  423,  511,  141,  811,  427,  492,  438,  473,  314,  765,  375,  588,  644,  559,  452,  562,  573,  466,  500,  495,  134,  235,  762,  654,  673,   64,  126,  527,  548,  159,  720,  731,  620],
        [  563,  563,  875,  230,  724,  420,  440,  627,  789,  249,    0,  130,  527,  847,  366,  266,   91,  219,  408,  601,  723,  369,  460,   39,  437,  306,  483,  111,  338,  453,  183,  312,  714,  782,  665,  855,  807,  611,  252,  198,  815,   66,  523,  533,  421,  289,  550,   81,  240,  579,  361,  224,  851,  584,  670,  680,  364,  162,  752,  590,  740,  753,  405,  209,  520,  423,  608,  523,  459,  288,  463,  813,  818,  874,  292,  326,  752,  777,   91,  801,  915,  671],
        [  627,  627,  919,  103,  824,  377,  570,  750,  846,  218,  130,    0,  437,  952,  241,  225,  219,  307,  531,  657,  794,  293,  381,  134,  320,  193,  475,  191,  364,  544,  258,  413,  831,  861,  776,  856,  907,  585,  204,  288,  924,  152,  462,  588,  309,  418,  655,  164,  308,  459,  490,  268,  945,  623,  698,  650,  488,  286,  861,  591,  783,  818,  535,  317,  633,  553,  655,  617,  569,  312,  381,  902,  856,  887,  278,  331,  744,  765,  112,  879,  940,  758],
        [  650,  650,  809,  359,  942,  204,  897,  998,  790,  305,  527,  437,    0, 1079,  271,  284,  610,  738,  799,  640,  803,  163,   81,  500,  188,  254,  330,  488,  404,  685,  692,  627, 1027,  890,  951,  609, 1017,  320,  288,  534, 1072,  576,  137,  591,  167,  748,  821,  490,  491,  207,  815,  435, 1018,  562,  578,  352,  772,  617, 1014,  417,  696,  799,  863,  735,  837,  876,  613,  746,  772,  395,   71,  962,  732,  680,  310,  347,  490,  498,  441,  897,  764,  834],
        [  438,  438,  534, 1021,  138,  876,  548,  321,  434,  845,  847,  952, 1079,    0, 1117,  861,  796,  901,  468,  467,  334,  960, 1004,  825, 1134, 1030,  764,  762,  687,  417,  920,  539,  188,  261,  191,  801,   69,  853,  875,  665,   54,  883,  964,  496, 1102,  614,  298,  789,  658, 1253,  571,  714,  133,  553,  600,  890,  513,  693,  102,  728,  513,  373,  561,  837,  332,  546,  505,  346,  389,  714, 1017,  176,  564,  728,  802,  747,  811,  835,  843,  274,  669,  251],
        [  732,  732,  971,  139,  982,  336,  799,  958,  923,  275,  366,  241,  271, 1117,    0,  262,  457,  540,  740,  744,  900,  212,  257,  358,   95,   88,  476,  387,  447,  701,  488,  594, 1021,  980,  956,  831, 1064,  535,  245,  472, 1097,  392,  362,  680,  105,  645,  827,  371,  462,  223,  717,  404, 1086,  686,  735,  586,  702,  508, 1034,  592,  842,  912,  763,  556,  821,  781,  729,  772,  754,  409,  248, 1036,  898,  885,  329,  392,  710,  725,  309,  993,  958,  895],
        [  471,  471,  726,  214,  725,  157,  615,  732,  668,   22,  266,  225,  284,  861,  262,    0,  338,  485,  524,  485,  639,  123,  208,  232,  275,  175,  254,  206,  186,  447,  446,  359,  779,  718,  709,  634,  806,  361,   23,  253,  844,  325,  258,  420,  244,  465,  578,  213,  220,  404,  532,  161,  825,  433,  494,  427,  494,  335,  783,  372,  593,  653,  580,  470,  581,  594,  473,  516,  514,  148,  214,  775,  657,  671,   69,  132,  520,  541,  175,  732,  731,  634],
        [  557,  557,  879,  320,  680,  486,  356,  555,  785,  319,   91,  219,  610,  796,  457,  338,    0,  167,  340,  601,  707,  449,  539,  110,  527,  396,  530,  144,  370,  424,  151,  280,  652,  758,  609,  889,  761,  664,  327,  192,  760,   90,  594,  535,  511,  209,  503,  127,  251,  669,  279,  256,  813,  596,  688,  733,  295,  105,  698,  628,  746,  742,  321,  135,  465,  340,  613,  490,  408,  325,  543,  780,  828,  899,  351,  373,  793,  819,  169,  778,  931,  641],
        [  713,  713, 1038,  404,  799,  639,  390,  623,  940,  468,  219,  307,  738,  901,  540,  485,  167,    0,  433,  760,  854,  584,  675,  255,  624,  500,  694,  308,  536,  566,   53,  426,  738,  897,  711, 1056,  876,  826,  470,  356,  859,  162,  741,  696,  615,  287,  623,  286,  417,  762,  337,  421,  937,  760,  853,  895,  388,  252,  800,  794,  906,  893,  363,   65,  572,  382,  775,  625,  527,  491,  677,  909,  989, 1064,  509,  536,  959,  984,  310,  919, 1095,  776],
        [  391,  391,  702,  619,  372,  615,  144,  220,  588,  504,  408,  531,  799,  468,  740,  524,  340,  433,    0,  449,  479,  646,  719,  398,  786,  660,  572,  354,  416,  217,  453,  176,  312,  498,  278,  827,  446,  707,  529,  274,  428,  430,  727,  408,  759,  146,  203,  372,  309,  923,  114,  366,  512,  494,  590,  770,   46,  247,  368,  615,  592,  527,  130,  369,  142,  127,  481,  241,  118,  409,  729,  492,  677,  800,  490,  462,  768,  797,  434,  522,  796,  375],
        [   58,   58,  278,  688,  339,  445,  592,  527,  190,  476,  601,  657,  640,  467,  744,  485,  601,  760,  449,    0,  163,  551,  573,  566,  734,  658,  312,  492,  302,  233,  751,  343,  484,  250,  402,  391,  399,  388,  505,  411,  475,  660,  513,   70,  700,  532,  308,  522,  362,  832,  547,  390,  383,   87,  154,  425,  464,  509,  430,  262,  149,  168,  576,  708,  368,  575,   42,  227,  340,  350,  586,  326,  235,  353,  417,  354,  363,  390,  550,  258,  351,  218],
        [  170,  170,  238,  836,  229,  607,  614,  485,  121,  629,  723,  794,  803,  334,  900,  639,  707,  854,  479,  163,    0,  712,  735,  691,  895,  814,  474,  617,  454,  289,  854,  429,  404,   89,  330,  470,  266,  538,  659,  526,  355,  777,  674,  221,  861,  595,  290,  648,  488,  995,  590,  527,  230,  243,  270,  567,  507,  606,  325,  413,  181,   53,  608,  796,  360,  601,  192,  241,  362,  498,  748,  172,  243,  403,  572,  509,  478,  502,  684,   95,  360,  124],
        [  548,  548,  763,  236,  823,  125,  738,  850,  722,  145,  369,  293,  163,  960,  212,  123,  449,  584,  646,  551,  712,    0,   92,  340,  184,  146,  267,  326,  274,  552,  540,  477,  890,  796,  817,  622,  902,  328,  126,  376,  947,  422,  173,  492,  149,  588,  687,  328,  339,  293,  655,  280,  913,  485,  527,  384,  616,  456,  887,  381,  637,  718,  703,  577,  695,  717,  532,  618,  629,  252,   95,  860,  690,  674,  163,  214,  502,  518,  281,  807,  747,  723],
        [  578,  578,  757,  315,  866,  129,  819,  918,  730,  229,  460,  381,   81, 1004,  257,  208,  539,  675,  719,  573,  735,   92,    0,  431,  195,  215,  266,  413,  325,  607,  631,  547,  948,  822,  873,  582,  943,  286,  214,  455,  995,  513,  106,  520,  164,  671,  742,  417,  411,  261,  737,  355,  946,  498,  523,  331,  693,  542,  937,  366,  639,  735,  785,  668,  758,  798,  547,  669,  692,  315,   14,  892,  682,  645,  230,  267,  462,  473,  371,  830,  725,  761],
        [  529,  529,  839,  226,  700,  385,  443,  617,  755,  215,   39,  134,  500,  825,  358,  232,  110,  255,  398,  566,  691,  340,  431,    0,  423,  291,  445,   75,  299,  425,  221,  288,  699,  752,  646,  817,  783,  573,  220,  168,  795,  104,  489,  497,  404,  288,  528,   44,  205,  565,  361,  185,  825,  546,  632,  642,  355,  154,  732,  551,  703,  720,  407,  238,  503,  424,  571,  496,  439,  249,  435,  786,  781,  835,  255,  288,  714,  738,   60,  771,  877,  642],
        [  730,  730,  942,  221,  997,  301,  858, 1000,  905,  293,  437,  320,  188, 1134,   95,  275,  527,  624,  786,  734,  895,  184,  195,  423,    0,  132,  445,  438,  451,  721,  574,  629, 1052,  978,  983,  777, 1078,  480,  264,  513, 1118,  471,  298,  675,   35,  703,  853,  429,  491,  143,  775,  432, 1092,  668,  706,  524,  751,  566, 1057,  554,  818,  901,  822,  636,  854,  838,  715,  790,  786,  421,  183, 1041,  868,  839,  333,  392,  656,  667,  368,  989,  916,  902],
        [  645,  645,  890,  106,  894,  265,  727,  876,  839,  188,  306,  193,  254, 1030,   88,  175,  396,  500,  660,  658,  814,  146,  215,  291,  132,    0,  400,  309,  360,  613,  451,  509,  936,  892,  870,  765,  976,  473,  157,  389, 1010,  343,  313,  594,  116,  572,  741,  298,  376,  275,  644,  318,  998,  602,  656,  529,  624,  435,  948,  518,  760,  826,  692,  508,  736,  708,  645,  684,  669,  321,  210,  949,  819,  815,  242,  305,  646,  662,  237,  906,  883,  807],
        [  327,  327,  498,  464,  628,  145,  699,  735,  465,  258,  483,  475,  330,  764,  476,  254,  530,  694,  572,  312,  474,  267,  266,  445,  445,  400,    0,  387,  170,  402,  665,  400,  737,  562,  656,  381,  699,  141,  276,  366,  762,  548,  202,  268,  411,  577,  533,  409,  302,  527,  627,  276,  692,  233,  262,  209,  560,  481,  708,  119,  375,  470,  670,  663,  566,  678,  284,  450,  508,  206,  280,  636,  424,  419,  199,  158,  271,  294,  400,  569,  484,  514],
        [  455,  455,  765,  267,  634,  346,  421,  573,  680,  185,  111,  191,  488,  762,  387,  206,  144,  308,  354,  492,  617,  326,  413,   75,  438,  309,  387,    0,  232,  356,  281,  223,  645,  679,  587,  752,  718,  520,  201,   98,  734,  173,  457,  423,  415,  267,  465,   32,  131,  579,  338,  116,  756,  473,  560,  590,  316,  131,  671,  488,  629,  645,  385,  278,  446,  401,  497,  428,  380,  184,  419,  716,  708,  766,  209,  229,  652,  677,   83,  698,  805,  571],
        [  285,  285,  556,  387,  549,  205,  536,  599,  488,  175,  338,  364,  404,  687,  447,  186,  370,  536,  416,  302,  454,  274,  325,  299,  451,  360,  170,  232,    0,  282,  513,  241,  624,  533,  548,  520,  628,  310,  205,  197,  674,  402,  313,  236,  418,  408,  418,  259,  133,  567,  461,  116,  642,  260,  336,  378,  399,  313,  615,  258,  421,  469,  506,  500,  435,  515,  295,  346,  371,   52,  337,  591,  492,  536,  120,   61,  424,  450,  267,  546,  581,  452],
        [  175,  175,  494,  607,  283,  485,  360,  334,  385,  430,  453,  544,  685,  417,  701,  447,  424,  566,  217,  233,  289,  552,  607,  425,  721,  613,  402,  356,  282,    0,  568,  145,  342,  334,  266,  613,  366,  526,  460,  259,  398,  500,  586,  194,  690,  310,  136,  385,  243,  845,  317,  297,  401,  281,  375,  583,  232,  321,  336,  419,  377,  331,  344,  508,  164,  343,  265,   73,  115,  302,  618,  361,  463,  584,  391,  341,  562,  590,  433,  355,  582,  219],
        [  706,  706, 1029,  353,  812,  602,  425,  652,  934,  430,  183,  258,  692,  920,  488,  446,  151,   53,  453,  751,  854,  540,  631,  221,  574,  451,  665,  281,  513,  568,    0,  425,  762,  901,  730, 1032,  891,  793,  430,  342,  880,  121,  701,  685,  566,  308,  635,  256,  399,  711,  365,  397,  948,  746,  836,  862,  408,  248,  820,  768,  896,  890,  395,   98,  589,  414,  763,  631,  539,  465,  632,  919,  977, 1045,  475,  507,  932,  957,  272,  923, 1080,  782],
        [  291,  291,  618,  486,  413,  440,  299,  374,  516,  339,  312,  413,  627,  539,  594,  359,  280,  426,  176,  343,  429,  477,  547,  288,  629,  509,  400,  223,  241,  145,  425,    0,  428,  478,  366,  689,  496,  539,  367,  126,  512,  357,  551,  285,  600,  196,  242,  250,  139,  762,  231,  199,  540,  363,  461,  603,  160,  177,  449,  456,  492,  468,  272,  370,  227,  279,  365,  212,  160,  234,  557,  503,  577,  676,  318,  287,  616,  644,  304,  499,  690,  362],
        [  438,  438,  637,  911,  181,  826,  368,  134,  522,  760,  714,  831, 1027,  188, 1021,  779,  652,  738,  312,  484,  404,  890,  948,  699, 1052,  936,  737,  645,  624,  342,  762,  428,    0,  363,   83,  862,  203,  849,  789,  552,  136,  741,  927,  488, 1023,  455,  207,  668,  562, 1181,  402,  621,  289,  564,  636,  898,  358,  554,  101,  731,  577,  454,  385,  674,  201,  368,  525,  288,  268,  639,  960,  304,  646,  804,  728,  682,  846,  873,  727,  384,  763,  284],
        [  249,  249,  278,  909,  183,  693,  624,  463,  174,  706,  782,  861,  890,  261,  980,  718,  758,  897,  498,  250,   89,  796,  822,  752,  978,  892,  562,  679,  533,  334,  901,  478,  363,    0,  300,  542,  195,  627,  736,  585,  290,  833,  763,  304,  944,  626,  297,  710,  554, 1080,  611,  597,  145,  332,  356,  654,  532,  654,  273,  501,  257,  115,  622,  837,  365,  613,  281,  272,  383,  574,  835,   88,  304,  468,  652,  590,  561,  583,  751,   24,  411,  124],
        [  355,  355,  566,  851,  123,  749,  364,  165,  450,  691,  665,  776,  951,  191,  956,  709,  609,  711,  278,  402,  330,  817,  873,  646,  983,  870,  656,  587,  548,  266,  730,  366,   83,  300,    0,  782,  176,  767,  720,  492,  151,  697,  848,  405,  953,  424,  131,  612,  495, 1109,  382,  554,  255,  481,  554,  815,  323,  508,   90,  648,  499,  382,  374,  647,  145,  360,  443,  207,  208,  566,  884,  255,  571,  726,  655,  607,  764,  791,  669,  323,  689,  208],
        [  447,  447,  303,  840,  697,  501,  970,  917,  372,  639,  855,  856,  609,  801,  831,  634,  889, 1056,  827,  391,  470,  622,  582,  817,  777,  765,  381,  752,  520,  613, 1032,  689,  862,  542,  782,    0,  734,  297,  656,  706,  824,  920,  480,  420,  746,  884,  698,  778,  642,  813,  914,  636,  684,  334,  239,  259,  834,  821,  793,  267,  290,  428,  949, 1017,  759,  951,  353,  617,  726,  569,  594,  630,  245,   95,  579,  532,  121,  113,  777,  533,  191,  580],
        [  372,  372,  471,  973,   84,  814,  540,  329,  368,  790,  807,  907, 1017,   69, 1064,  806,  761,  876,  446,  399,  266,  902,  943,  783, 1078,  976,  699,  718,  628,  366,  891,  496,  203,  195,  176,  734,    0,  786,  821,  620,   97,  846,  899,  431, 1045,  590,  259,  746,  608, 1194,  553,  662,   86,  485,  532,  822,  489,  657,  103,  661,  445,  306,  549,  812,  305,  536,  437,  294,  354,  658,  955,  114,  498,  662,  745,  688,  742,  766,  797,  210,  605,  185],
        [  419,  419,  498,  555,  723,  212,  838,  860,  498,  371,  611,  585,  320,  853,  535,  361,  664,  826,  707,  388,  538,  328,  286,  573,  480,  473,  141,  520,  310,  526,  793,  539,  849,  627,  767,  297,  786,    0,  381,  506,  859,  675,  185,  364,  449,  717,  650,  541,  442,  526,  766,  414,  767,  301,  281,   70,  698,  620,  810,  126,  399,  521,  810,  798,  690,  817,  350,  565,  637,  344,  298,  709,  421,  361,  320,  292,  177,  191,  524,  629,  445,  603],
        [  490,  490,  748,  192,  739,  175,  615,  739,  689,   31,  252,  204,  288,  875,  245,   23,  327,  470,  529,  505,  659,  126,  214,  220,  264,  157,  276,  201,  205,  460,  430,  367,  789,  736,  720,  656,  821,  381,    0,  256,  857,  310,  272,  440,  234,  464,  590,  204,  229,  396,  532,  169,  841,  454,  517,  447,  497,  331,  795,  395,  614,  673,  580,  458,  591,  594,  494,  530,  523,  164,  219,  792,  679,  693,   90,  153,  542,  563,  161,  750,  753,  650],
        [  369,  369,  688,  360,  536,  364,  365,  488,  597,  232,  198,  288,  534,  665,  472,  253,  192,  356,  274,  411,  526,  376,  455,  168,  513,  389,  366,   98,  197,  259,  342,  126,  552,  585,  492,  706,  620,  506,  256,    0,  638,  252,  478,  344,  486,  221,  368,  127,   66,  650,  283,  103,  659,  405,  498,  575,  242,  116,  575,  451,  554,  558,  331,  312,  352,  344,  422,  330,  285,  165,  463,  619,  636,  710,  229,  221,  617,  643,  179,  604,  740,  475],
        [  440,  440,  567,  996,  137,  869,  499,  270,  462,  827,  815,  924, 1072,   54, 1097,  844,  760,  859,  428,  475,  355,  947,  995,  795, 1118, 1010,  762,  734,  674,  398,  880,  512,  136,  290,  151,  824,   97,  859,  857,  638,    0,  848,  960,  497, 1087,  573,  271,  760,  636, 1240,  527,  693,  177,  560,  615,  899,  473,  659,   64,  735,  535,  399,  515,  795,  296,  499,  514,  329,  357,  698, 1008,  211,  592,  755,  787,  734,  827,  852,  816,  306,  701,  258],
        [  620,  620,  936,  254,  764,  481,  442,  645,  848,  310,   66,  152,  576,  883,  392,  325,   90,  162,  430,  660,  777,  422,  513,  104,  471,  343,  548,  173,  402,  500,  121,  357,  741,  833,  697,  920,  846,  675,  310,  252,  848,    0,  581,  593,  459,  298,  588,  145,  300,  611,  367,  288,  895,  646,  733,  743,  385,  190,  786,  655,  801,  809,  407,  166,  552,  426,  668,  569,  494,  352,  515,  860,  880,  938,  356,  391,  817,  841,  152,  853,  978,  718],
        [  528,  528,  672,  409,  827,  115,  839,  911,  656,  276,  523,  462,  137,  964,  362,  258,  594,  741,  727,  513,  674,  173,  106,  489,  298,  313,  202,  457,  313,  586,  701,  551,  927,  763,  848,  480,  899,  185,  272,  478,  960,  581,    0,  469,  269,  699,  720,  468,  425,  344,  760,  376,  894,  432,  442,  226,  706,  578,  905,  281,  561,  668,  807,  727,  745,  818,  483,  641,  683,  320,  116,  838,  595,  546,  252,  265,  360,  370,  432,  769,  629,  715],
        [   59,   59,  344,  621,  362,  391,  551,  513,  259,  410,  533,  588,  591,  496,  680,  420,  535,  696,  408,   70,  221,  492,  520,  497,  675,  594,  268,  423,  236,  194,  685,  285,  488,  304,  405,  420,  431,  364,  440,  344,  497,  593,  469,    0,  641,  479,  296,  454,  293,  778,  500,  321,  427,   87,  182,  411,  417,  445,  447,  244,  211,  234,  532,  645,  347,  533,   80,  210,  308,  282,  533,  372,  295,  395,  352,  289,  372,  400,  481,  315,  405,  246],
        [  696,  696,  908,  215,  965,  267,  835,  972,  871,  263,  421,  309,  167, 1102,  105,  244,  511,  615,  759,  700,  861,  149,  164,  404,   35,  116,  411,  415,  418,  690,  566,  600, 1023,  944,  953,  746, 1045,  449,  234,  486, 1087,  459,  269,  641,    0,  681,  822,  407,  462,  164,  752,  403, 1059,  634,  672,  495,  725,  544, 1026,  520,  784,  867,  800,  624,  824,  816,  681,  758,  757,  389,  153, 1007,  834,  806,  301,  359,  625,  637,  348,  955,  884,  869],
        [  478,  478,  803,  514,  514,  585,  155,  349,  694,  444,  289,  418,  748,  614,  645,  465,  209,  287,  146,  532,  595,  588,  671,  288,  703,  572,  577,  267,  408,  310,  308,  196,  455,  626,  424,  884,  590,  717,  464,  221,  573,  298,  699,  479,  681,    0,  340,  275,  279,  844,   73,  323,  653,  558,  656,  785,  102,  138,  514,  646,  681,  639,  120,  223,  286,  136,  557,  357,  245,  384,  678,  629,  767,  871,  449,  440,  809,  837,  337,  649,  882,  503],
        [  254,  254,  524,  726,  178,  620,  328,  219,  406,  561,  550,  655,  821,  298,  827,  578,  503,  623,  203,  308,  290,  687,  742,  528,  853,  741,  533,  465,  418,  136,  635,  242,  207,  297,  131,  698,  259,  650,  590,  368,  271,  588,  720,  296,  822,  340,    0,  492,  366,  979,  316,  424,  315,  378,  462,  702,  241,  399,  208,  536,  431,  341,  326,  560,   71,  317,  348,   87,   97,  436,  754,  290,  512,  654,  525,  476,  665,  692,  546,  321,  633,  176],
        [  486,  486,  795,  247,  662,  360,  430,  592,  711,  193,   81,  164,  490,  789,  371,  213,  127,  286,  372,  522,  648,  328,  417,   44,  429,  298,  409,   32,  259,  385,  256,  250,  668,  710,  612,  778,  746,  541,  204,  127,  760,  145,  468,  454,  407,  275,  492,    0,  162,  570,  347,  144,  786,  503,  589,  610,  332,  138,  697,  513,  660,  676,  394,  261,  470,  411,  528,  457,  405,  209,  422,  745,  738,  794,  225,  252,  676,  701,   63,  728,  834,  601],
        [  325,  325,  636,  365,  525,  311,  415,  512,  550,  200,  240,  308,  491,  658,  462,  220,  251,  417,  309,  362,  488,  339,  411,  205,  491,  376,  302,  131,  133,  243,  399,  139,  562,  554,  495,  642,  608,  442,  229,   66,  636,  300,  425,  293,  462,  279,  366,  162,    0,  623,  336,   60,  640,  347,  438,  511,  283,  182,  573,  385,  501,  516,  383,  375,  363,  394,  368,  315,  296,  106,  421,  596,  581,  648,  182,  162,  551,  578,  197,  572,  681,  451],
        [  835,  835, 1014,  359, 1115,  388,  999, 1134,  991,  423,  579,  459,  207, 1253,  223,  404,  669,  762,  923,  832,  995,  293,  261,  565,  143,  275,  527,  579,  567,  845,  711,  762, 1181, 1080, 1109,  813, 1194,  526,  396,  650, 1240,  611,  344,  778,  164,  844,  979,  570,  623,    0,  916,  564, 1202,  758,  782,  554,  889,  707, 1180,  622,  898,  995,  963,  776,  984,  979,  808,  911,  917,  544,  248, 1148,  938,  885,  455,  507,  695,  701,  510, 1089,  971, 1014],
        [  491,  491,  809,  587,  482,  646,   84,  287,  697,  511,  361,  490,  815,  571,  717,  532,  279,  337,  114,  547,  590,  655,  737,  361,  775,  644,  627,  338,  461,  317,  365,  231,  402,  611,  382,  914,  553,  766,  532,  283,  527,  367,  760,  500,  752,   73,  316,  347,  336,  916,    0,  385,  622,  583,  681,  832,   85,  210,  470,  686,  693,  637,   49,  273,  254,   64,  576,  350,  230,  441,  744,  604,  779,  894,  511,  498,  846,  874,  409,  635,  897,  488],
        [  360,  360,  658,  314,  579,  262,  465,  572,  579,  141,  224,  268,  435,  714,  404,  161,  256,  421,  366,  390,  527,  280,  355,  185,  432,  318,  276,  116,  116,  297,  397,  199,  621,  597,  554,  636,  662,  414,  169,  103,  693,  288,  376,  321,  403,  323,  424,  144,   60,  564,  385,    0,  690,  363,  447,  483,  338,  209,  631,  373,  522,  551,  432,  387,  422,  445,  391,  369,  355,   70,  364,  644,  598,  651,  127,  123,  538,  563,  161,  614,  692,  500],
        [  369,  369,  406, 1003,  141,  817,  615,  413,  313,  811,  851,  945, 1018,  133, 1086,  825,  813,  937,  512,  383,  230,  913,  946,  825, 1092,  998,  692,  756,  642,  401,  948,  540,  289,  145,  255,  684,   86,  767,  841,  659,  177,  895,  894,  427, 1059,  653,  315,  786,  640, 1202,  622,  690,    0,  468,  499,  796,  553,  709,  189,  641,  401,  259,  622,  874,  370,  609,  417,  329,  411,  678,  959,   58,  442,  606,  761,  701,  705,  727,  833,  152,  542,  192],
        [  127,  127,  297,  643,  424,  372,  637,  597,  238,  427,  584,  623,  562,  553,  686,  433,  596,  760,  494,   87,  243,  485,  498,  546,  668,  602,  233,  473,  260,  281,  746,  363,  564,  332,  481,  334,  485,  301,  454,  405,  560,  646,  432,   87,  634,  558,  378,  503,  347,  758,  583,  363,  468,    0,   98,  339,  501,  513,  514,  176,  162,  237,  617,  713,  432,  618,   51,  293,  395,  311,  511,  410,  235,  314,  365,  302,  287,  315,  522,  337,  335,  303],
        [  209,  209,  237,  708,  481,  406,  733,  681,  218,  492,  670,  698,  578,  600,  735,  494,  688,  853,  590,  154,  270,  527,  523,  632,  706,  656,  262,  560,  336,  375,  836,  461,  636,  356,  554,  239,  532,  281,  517,  498,  615,  733,  442,  182,  672,  656,  462,  589,  438,  782,  681,  447,  499,   98,    0,  300,  599,  608,  575,  162,  119,  245,  714,  807,  520,  715,  115,  379,  487,  388,  537,  442,  164,  216,  429,  369,  213,  239,  603,  354,  245,  360],
        [  463,  463,  496,  616,  763,  275,  902,  915,  512,  438,  680,  650,  352,  890,  586,  427,  733,  895,  770,  425,  567,  384,  331,  642,  524,  529,  209,  590,  378,  583,  862,  603,  898,  654,  815,  259,  822,   70,  447,  575,  899,  743,  226,  411,  495,  785,  702,  610,  511,  554,  832,  483,  796,  339,  300,    0,  762,  689,  853,  167,  413,  544,  875,  867,  746,  882,  386,  616,  695,  413,  342,  739,  421,  335,  388,  362,  142,  147,  592,  653,  426,  642],
        [  407,  407,  725,  578,  413,  593,  140,  263,  613,  473,  364,  488,  772,  513,  702,  494,  295,  388,   46,  464,  507,  616,  693,  355,  751,  624,  560,  316,  399,  232,  408,  160,  358,  532,  323,  834,  489,  698,  497,  242,  473,  385,  706,  417,  725,  102,  241,  332,  283,  889,   85,  338,  553,  501,  599,  762,    0,  203,  413,  612,  609,  554,  116,  325,  185,  120,  493,  267,  149,  386,  702,  531,  695,  812,  464,  442,  769,  797,  394,  555,  813,  409],
        [  461,  461,  787,  379,  576,  465,  293,  466,  689,  314,  162,  286,  617,  693,  508,  335,  105,  252,  247,  509,  606,  456,  542,  154,  566,  435,  481,  131,  313,  321,  248,  177,  554,  654,  508,  821,  657,  620,  331,  116,  659,  190,  578,  445,  544,  138,  399,  138,  182,  707,  210,  209,  709,  513,  608,  689,  203,    0,  596,  566,  656,  643,  257,  201,  363,  273,  525,  386,  305,  277,  548,  675,  739,  822,  327,  331,  732,  759,  200,  675,  847,  537],
        [  391,  391,  550,  934,   97,  811,  448,  228,  439,  765,  752,  861, 1014,  102, 1034,  783,  698,  800,  368,  430,  325,  887,  937,  732, 1057,  948,  708,  671,  615,  336,  820,  449,  101,  273,   90,  793,  103,  810,  795,  575,   64,  786,  905,  447, 1026,  514,  208,  697,  573, 1180,  470,  631,  189,  514,  575,  853,  413,  596,    0,  687,  504,  373,  460,  736,  234,  445,  470,  269,  294,  638,  949,  207,  567,  728,  726,  674,  788,  813,  753,  292,  680,  216],
        [  297,  297,  393,  583,  599,  257,  752,  751,  378,  375,  590,  591,  417,  728,  592,  372,  628,  794,  615,  262,  413,  381,  366,  551,  554,  518,  119,  488,  258,  419,  768,  456,  731,  501,  648,  267,  661,  126,  395,  451,  735,  655,  281,  244,  520,  646,  536,  513,  385,  622,  686,  373,  641,  176,  162,  167,  612,  566,  687,    0,  281,  397,  727,  758,  582,  732,  225,  450,  533,  304,  379,  583,  317,  300,  314,  266,  167,  193,  511,  504,  367,  478],
        [  204,  204,  136,  804,  408,  519,  734,  643,  100,  588,  740,  783,  696,  513,  842,  593,  746,  906,  592,  149,  181,  637,  639,  703,  818,  760,  375,  629,  421,  377,  896,  492,  577,  257,  499,  290,  445,  399,  614,  554,  535,  801,  561,  211,  784,  681,  431,  660,  501,  898,  693,  522,  401,  162,  119,  413,  609,  656,  504,  281,    0,  142,  720,  855,  497,  718,  133,  359,  479,  472,  652,  344,   86,  227,  525,  463,  306,  328,  682,  250,  205,  293],
        [  192,  192,  186,  854,  277,  608,  664,  537,   69,  644,  753,  818,  799,  373,  912,  653,  742,  893,  527,  168,   53,  718,  735,  720,  901,  826,  470,  645,  469,  331,  890,  468,  454,  115,  382,  428,  306,  521,  673,  558,  399,  809,  668,  234,  867,  639,  341,  676,  516,  995,  637,  551,  259,  237,  245,  544,  554,  643,  373,  397,  142,    0,  656,  836,  411,  650,  188,  288,  410,  515,  748,  203,  194,  357,  585,  521,  446,  468,  710,  111,  309,  176],
        [  519,  519,  832,  632,  482,  693,   36,  262,  718,  559,  405,  535,  863,  561,  763,  580,  321,  363,  130,  576,  608,  703,  785,  407,  822,  692,  670,  385,  506,  344,  395,  272,  385,  622,  374,  949,  549,  810,  580,  331,  515,  407,  807,  532,  800,  120,  326,  394,  383,  963,   49,  432,  622,  617,  714,  875,  116,  257,  460,  727,  720,  656,    0,  300,  259,   20,  607,  370,  247,  488,  792,  609,  806,  926,  559,  544,  884,  913,  456,  646,  925,  500],
        [  659,  659,  985,  418,  736,  620,  329,  559,  885,  452,  209,  317,  735,  837,  556,  470,  135,   65,  369,  708,  796,  577,  668,  238,  636,  508,  663,  278,  500,  508,   98,  370,  674,  837,  647, 1017,  812,  798,  458,  312,  795,  166,  727,  645,  624,  223,  560,  261,  375,  776,  273,  387,  874,  713,  807,  867,  325,  201,  736,  758,  855,  836,  300,    0,  508,  319,  725,  565,  464,  457,  671,  847,  939, 1021,  486,  506,  923,  949,  297,  859, 1047,  716],
        [  312,  312,  593,  711,  230,  640,  259,  170,  476,  562,  520,  633,  837,  332,  821,  581,  465,  572,  142,  368,  360,  695,  758,  503,  854,  736,  566,  446,  435,  164,  589,  227,  201,  365,  145,  759,  305,  690,  591,  352,  296,  552,  745,  347,  824,  286,   71,  470,  363,  984,  254,  422,  370,  432,  520,  746,  185,  363,  234,  582,  497,  411,  259,  508,    0,  249,  406,  142,   68,  445,  768,  352,  579,  718,  533,  491,  718,  746,  528,  389,  700,  245],
        [  518,  518,  827,  650,  470,  704,   22,  244,  713,  573,  423,  553,  876,  546,  781,  594,  340,  382,  127,  575,  601,  717,  798,  424,  838,  708,  678,  401,  515,  343,  414,  279,  368,  613,  360,  951,  536,  817,  594,  344,  499,  426,  818,  533,  816,  136,  317,  411,  394,  979,   64,  445,  609,  618,  715,  882,  120,  273,  445,  732,  718,  650,   20,  319,  249,    0,  607,  365,  242,  499,  806,  597,  803,  926,  571,  555,  888,  917,  472,  637,  923,  492],
        [   95,   95,  268,  681,  379,  421,  624,  567,  195,  466,  608,  655,  613,  505,  729,  473,  613,  775,  481,   42,  192,  532,  547,  571,  715,  645,  284,  497,  295,  265,  763,  365,  525,  281,  443,  353,  437,  350,  494,  422,  514,  668,  483,   80,  681,  557,  348,  528,  368,  808,  576,  391,  417,   51,  115,  386,  493,  525,  470,  225,  133,  188,  607,  725,  406,  607,    0,  265,  375,  345,  561,  360,  215,  319,  405,  342,  322,  349,  551,  286,  326,  257],
        [  171,  171,  463,  679,  211,  544,  380,  304,  348,  500,  523,  617,  746,  346,  772,  516,  490,  625,  241,  227,  241,  618,  669,  496,  790,  684,  450,  428,  346,   73,  631,  212,  288,  272,  207,  617,  294,  565,  530,  330,  329,  569,  641,  210,  758,  357,   87,  457,  315,  911,  350,  369,  329,  293,  379,  616,  267,  386,  269,  450,  359,  288,  370,  565,  142,  365,  265,    0,  124,  370,  681,  291,  442,  577,  458,  406,  580,  608,  506,  295,  563,  152],
        [  283,  283,  586,  645,  274,  576,  257,  229,  471,  495,  459,  569,  772,  389,  754,  514,  408,  527,  118,  340,  362,  629,  692,  439,  786,  669,  508,  380,  371,  115,  539,  160,  268,  383,  208,  726,  354,  637,  523,  285,  357,  494,  683,  308,  757,  245,   97,  405,  296,  917,  230,  355,  411,  395,  487,  695,  149,  305,  294,  533,  479,  410,  247,  464,   68,  242,  375,  124,    0,  379,  703,  385,  563,  693,  467,  426,  677,  705,  462,  407,  684,  260],
        [  329,  329,  607,  339,  577,  207,  520,  603,  537,  134,  288,  312,  395,  714,  409,  148,  325,  491,  409,  350,  498,  252,  315,  249,  421,  321,  206,  184,   52,  302,  465,  234,  639,  574,  566,  569,  658,  344,  164,  165,  698,  352,  320,  282,  389,  384,  436,  209,  106,  544,  441,   70,  678,  311,  388,  413,  386,  277,  638,  304,  472,  515,  488,  457,  445,  499,  345,  370,  379,    0,  325,  628,  544,  587,   90,   57,  469,  494,  215,  588,  633,  487],
        [  591,  591,  771,  312,  879,  142,  826,  928,  744,  235,  463,  381,   71, 1017,  248,  214,  543,  677,  729,  586,  748,   95,   14,  435,  183,  210,  280,  419,  337,  618,  632,  557,  960,  835,  884,  594,  955,  298,  219,  463, 1008,  515,  116,  533,  153,  678,  754,  422,  421,  248,  744,  364,  959,  511,  537,  342,  702,  548,  949,  379,  652,  748,  792,  671,  768,  806,  561,  681,  703,  325,    0,  905,  695,  657,  240,  278,  473,  485,  375,  843,  737,  773],
        [  314,  314,  358,  957,  133,  763,  605,  419,  260,  762,  813,  902,  962,  176, 1036,  775,  780,  909,  492,  326,  172,  860,  892,  786, 1041,  949,  636,  716,  591,  361,  919,  503,  304,   88,  255,  630,  114,  709,  792,  619,  211,  860,  838,  372, 1007,  629,  290,  745,  596, 1148,  604,  644,   58,  410,  442,  739,  531,  675,  207,  583,  344,  203,  609,  847,  352,  597,  360,  291,  385,  628,  905,    0,  389,  554,  710,  650,  648,  671,  791,   99,  493,  145],
        [  290,  290,   77,  870,  471,  568,  819,  720,  131,  654,  818,  856,  732,  564,  898,  657,  828,  989,  677,  235,  243,  690,  682,  781,  868,  819,  424,  708,  492,  463,  977,  577,  646,  304,  571,  245,  498,  421,  679,  636,  592,  880,  595,  295,  834,  767,  512,  738,  581,  938,  779,  598,  442,  235,  164,  421,  695,  739,  567,  317,   86,  194,  806,  939,  579,  803,  215,  442,  563,  544,  695,  389,    0,  165,  590,  530,  295,  310,  757,  291,  122,  364],
        [  411,  411,  213,  882,  632,  551,  943,  869,  295,  673,  874,  887,  680,  728,  885,  671,  899, 1064,  800,  353,  403,  674,  645,  835,  839,  815,  419,  766,  536,  584, 1045,  676,  804,  468,  726,   95,  662,  361,  693,  710,  755,  938,  546,  395,  806,  871,  654,  794,  648,  885,  894,  651,  606,  314,  216,  335,  812,  822,  728,  300,  227,  357,  926, 1021,  718,  926,  319,  577,  693,  587,  657,  554,  165,    0,  611,  558,  193,  195,  800,  456,   97,  520],
        [  404,  404,  659,  280,  664,  139,  592,  690,  600,   64,  292,  278,  310,  802,  329,   69,  351,  509,  490,  417,  572,  163,  230,  255,  333,  242,  199,  209,  120,  391,  475,  318,  728,  652,  655,  579,  745,  320,   90,  229,  787,  356,  252,  352,  301,  449,  525,  225,  182,  455,  511,  127,  761,  365,  429,  388,  464,  327,  726,  314,  525,  585,  559,  486,  533,  571,  405,  458,  467,   90,  240,  710,  590,  611,    0,   64,  469,  491,  205,  665,  667,  570],
        [  341,  341,  597,  342,  609,  153,  576,  653,  536,  126,  326,  331,  347,  747,  392,  132,  373,  536,  462,  354,  509,  214,  267,  288,  392,  305,  158,  229,   61,  341,  507,  287,  682,  590,  607,  532,  688,  292,  153,  221,  734,  391,  265,  289,  359,  440,  476,  252,  162,  507,  498,  123,  701,  302,  369,  362,  442,  331,  674,  266,  463,  521,  544,  506,  491,  555,  342,  406,  426,   57,  278,  650,  530,  558,   64,    0,  427,  451,  246,  602,  610,  511],
