{
    "name": "random-3-4673",
    "comment": "size=3 seed=4673",
    "nodes": ["+0", "-0", "+1", "-1", "+2", "-2", "+3", "-3"],
    "precedence": {
        "+0": "-0",
        "+1": "-1",
        "+2": "-2",
        "+3": "-3"
    },
    "edges": [
        [    0,    0,  422,  424,  626,  743,  738,  131],
        [    0,    0,  422,  424,  626,  743,  738,  131],
        [  422,  422,    0,  444,  542,  631,  318,  360],
        [  424,  424,  444,    0,  207,  323,  647,  497],
        [  626,  626,  542,  207,    0,  117,  646,  686],
        [  743,  743,  631,  323,  117,    0,  688,  800],
        [  738,  738,  318,  647,  646,  688,    0,  674],
        [  131,  131,  360,  497,  686,  800,  674,    0]
    ]
}
