{
    "name": "random-11-8201",
    "comment": "size=11 seed=8201",
    "nodes": ["+0", "-0", "+1", "-1", "+2", "-2", "+3", "-3", "+4", "-4", "+5", "-5", "+6", "-6", "+7", "-7", "+8", "-8", "+9", "-9", "+10", "-10", "+11", "-11"],
    "precedence": {
        "+0": "-0",
        "+1": "-1",
        "+2": "-2",
        "+3": "-3",
        "+4": "-4",
        "+5": "-5",
        "+6": "-6",
        "+7": "-7",
        "+8": "-8",
        "+9": "-9",
        "+10": "-10",
        "+11": "-11"
    },
    "edges": [
        [    0,    0,  277,   63,  621,  419,  244,  212,  470,  483,  519,  467,  319,  167,  510,  533,  540,  529,   69,   27,  391,  698,  575,  321],
        [    0,    0,  277,   63,  621,  419,  244,  212,  470,  483,  519,  467,  319,  167,  510,  533,  540,  529,   69,   27,  391,  698,  575,  321],
        [  277,  277,    0,  328,  549,  523,   59,  295,  646,  508,  245,  712,  563,  379,  239,  457,  777,  364,  305,  303,  115,  687,  416,  182],
        [   63,   63,  328,    0,  613,  378,  289,  266,  415,  458,  565,  405,  311,  192,  565,  529,  478,  545,  109,   44,  440,  674,  588,  345],
        [  621,  621,  549,  613,    0,  355,  507,  785,  523,  212,  545,  732,  922,  788,  657,   94,  749,  237,  689,  633,  545,  181,  208,  369],
        [  419,  419,  523,  378,  355,    0,  465,  627,  177,  144,  664,  377,  650,  569,  731,  317,  397,  449,  483,  416,  589,  332,  464,  385],
        [  244,  244,   59,  289,  507,  465,    0,  304,  589,  453,  277,  662,  546,  367,  290,  414,  725,  339,  283,  270,  154,  638,  391,  139],
        [  212,  212,  295,  266,  785,  627,  304,    0,  680,  676,  520,  647,  313,  143,  461,  692,  724,  642,  160,  222,  392,  886,  692,  433],
        [  470,  470,  646,  415,  523,  177,  589,  680,    0,  314,  818,  228,  617,  588,  871,  493,  228,  624,  522,  458,  729,  461,  640,  536],
        [  483,  483,  508,  458,  212,  144,  453,  676,  314,    0,  597,  521,  754,  646,  683,  183,  539,  338,  551,  487,  548,  217,  341,  339],
        [  519,  519,  245,  565,  545,  664,  277,  520,  818,  597,    0,  925,  805,  621,  125,  471,  982,  310,  549,  545,  132,  718,  349,  282],
        [  467,  467,  712,  405,  732,  377,  662,  647,  228,  521,  925,    0,  483,  522,  951,  687,   79,  792,  492,  445,  815,  687,  817,  655],
        [  319,  319,  563,  311,  922,  650,  546,  313,  617,  754,  805,  483,    0,  186,  765,  839,  559,  847,  265,  300,  674,  969,  893,  639],
        [  167,  167,  379,  192,  788,  569,  367,  143,  588,  646,  621,  522,  186,    0,  581,  699,  600,  684,  100,  159,  489,  862,  732,  472],
        [  510,  510,  239,  565,  657,  731,  290,  461,  871,  683,  125,  951,  765,  581,    0,  576, 1014,  425,  525,  536,  143,  823,  468,  349],
        [  533,  533,  457,  529,   94,  317,  414,  692,  493,  183,  471,  687,  839,  699,  576,    0,  712,  173,  600,  546,  458,  248,  163,  276],
        [  540,  540,  777,  478,  749,  397,  725,  724,  228,  539,  982,   79,  559,  600, 1014,  712,    0,  830,  568,  519,  876,  685,  852,  707],
        [  529,  529,  364,  545,  237,  449,  339,  642,  624,  338,  310,  792,  847,  684,  425,  173,  830,    0,  588,  548,  329,  413,   52,  213],
        [   69,   69,  305,  109,  689,  483,  283,  160,  522,  551,  549,  492,  265,  100,  525,  600,  568,  588,    0,   68,  418,  766,  635,  377],
        [   27,   27,  303,   44,  633,  416,  270,  222,  458,  487,  545,  445,  300,  159,  536,  546,  519,  548,   68,    0,  417,  703,  594,  342],
        [  391,  391,  115,  440,  545,  589,  154,  392,  729,  548,  132,  815,  674,  489,  143,  458,  876,  329,  418,  417,    0,  702,  377,  210],
        [  698,  698,  687,  674,  181,  332,  638,  886,  461,  217,  718,  687,  969,  862,  823,  248,  685,  413,  766,  703,  702,    0,  388,  508],
        [  575,  575,  416,  588,  208,  464,  391,  692,  640,  341,  349,  817,  893,  732,  468,  163,  852,   52,  635,  594,  377,  388,    0,  262],
        [  321,  321,  182,  345,  369,  385,  139,  433,  536,  339,  282,  655,  639,  472,  349,  276,  707,  213,  377,  342,  210,  508,  262,    0]
    ]
}
