{
    "name": "random-50-21722",
    "comment": "size=50 seed=21722",
    "nodes": ["+0", "-0", "+1", "-1", "+2", "-2", "+3", "-3", "+4", "-4", "+5", "-5", "+6", "-6", "+7", "-7", "+8", "-8", "+9", "-9", "+10", "-10", "+11", "-11", "+12", "-12", "+13", "-13", "+14", "-14", "+15", "-15", "+16", "-16", "+17", "-17", "+18", "-18", "+19", "-19", "+20", "-20", "+21", "-21", "+22", "-22", "+23", "-23", "+24", "-24", "+25", "-25", "+26", "-26", "+27", "-27", "+28", "-28", "+29", "-29", "+30", "-30", "+31", "-31", "+32", "-32", "+33", "-33", "+34", "-34", "+35", "-35", "+36", "-36", "+37", "-37", "+38", "-38", "+39", "-39", "+40", "-40", "+41", "-41", "+42", "-42", "+43", "-43", "+44", "-44", "+45", "-45", "+46", "-46", "+47", "-47", "+48", "-48", "+49", "-49", "+50", "-50"],
    "precedence": {
        "+0": "-0",
        "+1": "-1",
        "+2": "-2",
        "+3": "-3",
        "+4": "-4",
        "+5": "-5",
        "+6": "-6",
        "+7": "-7",
        "+8": "-8",
        "+9": "-9",
        "+10": "-10",
        "+11": "-11",
        "+12": "-12",
        "+13": "-13",
        "+14": "-14",
        "+15": "-15",
        "+16": "-16",
        "+17": "-17",
        "+18": "-18",
        "+19": "-19",
        "+20": "-20",
        "+21": "-21",
        "+22": "-22",
        "+23": "-23",
        "+24": "-24",
        "+25": "-25",
        "+26": "-26",
        "+27": "-27",
        "+28": "-28",
        "+29": "-29",
        "+30": "-30",
        "+31": "-31",
        "+32": "-32",
        "+33": "-33",
        "+34": "-34",
        "+35": "-35",
        "+36": "-36",
        "+37": "-37",
        "+38": "-38",
        "+39": "-39",
        "+40": "-40",
        "+41": "-41",
        "+42": "-42",
        "+43": "-43",
        "+44": "-44",
        "+45": "-45",
        "+46": "-46",
        "+47": "-47",
        "+48": "-48",
        "+49": "-49",
        "+50": "-50"
    },
    "edges": [
        [    0,    0,  282,  476,  619,  614,  315,  528,  527,  454,  255,  254,  456,  490,  236,  423,  681,  388,  130,  782,  673,  253,  649,  123,  590,  298,  587,  124,  623,  613,  114,  416,  320,  891,  511,  496,  275,  498,  452,  443,  394,  204,  459,  695,  417,   32,  250,  207,  503,  425,  238,  722,  385,  608,  520,  521,  537,  352,  221,  303,  432,  202,  368,  429,  397,  305,  263,  502,  229,  228,  499,  609,  408,  417,  375,  686,  693,  537,  542,  514,  689,  330,  566,  682,  361,  283,  209,  662,  508,  607,  383,  597,  608,  559,  689,  384,  573,  399,  647,  278,  488,  657],
        [    0,    0,    0,    0,    0,    0,    0,    0,    0,    0,    0,    0,    0,    0,    0,    0,    0,    0,    0,    0,    0,    0,    0,    0,    0,    0,    0,    0,    0,    0,    0,    0,    0,    0,    0,    0,    0,    0,    0,    0,    0,    0,    0,    0,    0,    0,    0,    0,    0,    0,    0,    0,    0,    0,    0,    0,    0,    0,    0,    0,    0,    0,    0,    0,    0,    0,    0,    0,    0,    0,    0,    0,    0,    0,    0,    0,    0,    0,    0,    0,    0,    0,    0,    0,    0,    0,    0,    0,    0,    0,    0,    0,    0,    0,    0,    0,    0,    0,    0,    0,    0,    0],
        [  282,    0,    0,  196,  815,  472,  529,  537,  251,  217,  434,  508,  467,  478,  511,  655,  533,  642,  405,  644,  659,  445,  809,  404,  780,  533,  318,  380,  349,  332,  380,  656,  317,  789,  694,  463,  479,  535,  458,  639,  174,  303,  664,  897,  201,  312,  528,  156,  616,  188,  345,  888,  472,  505,  390,  294,  255,  275,   70,  557,  233,  470,  645,  163,  117,  171,  474,  719,  289,  306,  648,  333,  428,  302,  574,  790,  824,  570,  263,  746,  464,  607,  483,  415,  235,  545,  463,  395,  312,  724,  642,  805,  328,  279,  787,  152,  384,  597,  445,  558,  216,  745],
        [  476,    0,  196,    0,  955,  423,  716,  594,   64,  205,  617,  686,  536,  531,  698,  819,  468,  817,  595,  575,  684,  630,  931,  598,  919,  703,  137,  575,  158,  156,  567,  824,  415,  739,  833,  503,  666,  609,  525,  787,  220,  452,  815, 1038,  171,  504,  717,  310,  724,  198,  488, 1009,  583,  484,  371,  192,   81,  341,  256,  735,  204,  655,  832,  134,  101,  257,  638,  873,  460,  479,  771,  180,  510,  326,  756,  880,  927,  637,   68,  908,  327,  794,  484,  278,  283,  725,  644,  257,  247,  825,  819,  952,  133,   84,  873,  147,  306,  749,  340,  748,   48,  829],
        [  619,    0,  815,  955,    0,  773,  785,  480,  976, 1028,  800,  385,  484,  519,  449,  218,  817,  295,  514,  853,  552,  785,  117,  573,   38,  327, 1003,  651, 1046, 1110,  514,  240,  547,  844,  123,  556,  781,  429,  493,  179,  975,  513,  160,   84,  806,  593,  458,  661,  272,  999,  472,  136,  385,  701,  717,  872, 1034,  630,  747,  349,  789,  448,  413,  977,  923,  699,  358,  130,  843,  839,  199, 1130,  482,  676,  843,  281,  213,  434, 1006,  161,  973,  424,  651, 1222,  687,  379,  423, 1200,  816,  237,  313,   47, 1066, 1024,  297,  811,  834,  223,  898,  472,  939,  315],
        [  614,    0,  472,  423,  773,    0,  927,  298,  390,  617,  852,  685,  293,  255,  739,  734,   68,  776,  670,  174,  310,  856,  702,  712,  736,  662,  360,  737,  395,  528,  638,  753,  319,  321,  666,  218,  883,  345,  285,  654,  609,  444,  685,  849,  280,  626,  764,  418,  501,  601,  442,  771,  412,   85,   95,  233,  484,  263,  467,  717,  243,  691,  850,  540,  482,  327,  594,  746,  742,  755,  576,  576,  310,  198,  984,  589,  659,  347,  422,  800,  221,  821,  125,  671,  260,  726,  661,  653,  177,  567,  787,  791,  448,  434,  577,  328,  123,  635,  144,  802,  378,  532],
        [  315,    0,  529,  716,  785,  927,    0,  829,  777,  611,  105,  413,  760,  797,  340,  567,  994,  494,  314, 1096,  976,   88,  852,  250,  768,  477,  846,  195,  874,  822,  336,  546,  633, 1205,  707,  807,   51,  792,  757,  637,  552,  511,  639,  843,  707,  309,  328,  512,  760,  589,  537,  912,  671,  923,  833,  810,  756,  666,  491,  440,  729,  355,  394,  623,  620,  609,  487,  656,  270,  251,  731,  799,  713,  730,   64,  933,  920,  831,  782,  638,  981,  370,  880,  844,  670,  409,  390,  828,  808,  851,  478,  749,  843,  796,  939,  666,  877,  599,  948,  315,  743,  917],
        [  528,    0,  537,  594,  480,  298,  829,    0,  589,  740,  782,  485,   75,   63,  556,  479,  337,  538,  524,  380,  147,  779,  405,  583,  444,  442,  591,  636,  634,  736,  497,  502,  229,  413,  381,   95,  796,   56,   82,  384,  708,  325,  414,  554,  423,  525,  580,  405,  209,  716,  293,  474,  172,  222,  261,  449,  671,  266,  494,  501,  393,  515,  637,  670,  606,  370,  386,  471,  726,  733,  288,  772,  122,  269,  892,  301,  365,   51,  623,  529,  511,  616,  174,  870,  317,  519,  477,  850,  385,  271,  553,  502,  671,  639,  291,  452,  380,  376,  433,  616,  561,  245],
        [  527,    0,  251,   64,  976,  390,  777,  589,    0,  261,  678,  726,  537,  527,  743,  851,  429,  855,  641,  532,  668,  691,  944,  649,  939,  738,   74,  630,   98,  147,  613,  858,  430,  699,  854,  497,  726,  611,  527,  812,  281,  484,  841, 1059,  173,  554,  763,  349,  735,  257,  515, 1022,  597,  458,  351,  158,   96,  351,  307,  774,  198,  698,  876,  194,  165,  281,  672,  901,  523,  541,  787,  189,  516,  323,  818,  882,  935,  635,   35,  938,  270,  839,  465,  286,  292,  766,  685,  267,  220,  833,  858,  976,   91,   50,  875,  167,  269,  775,  292,  795,   40,  830],
        [  454,    0,  217,  205, 1028,  617,  611,  740,  261,    0,  507,  701,  674,  679,  690,  859,  667,  837,  584,  775,  850,  524, 1025,  564,  994,  734,  329,  517,  334,  228,  565,  857,  529,  936,  908,  659,  561,  744,  664,  851,   63,  518,  875, 1110,  343,  486,  703,  372,  832,   30,  561, 1104,  688,  669,  553,  393,  187,  475,  282,  751,  380,  655,  820,   77,  139,  372,  681,  928,  342,  361,  864,  193,  638,  485,  637, 1004, 1040,  777,  243,  951,  530,  782,  660,  237,  425,  734,  656,  220,  440,  939,  834, 1016,  280,  247, 1000,  300,  505,  808,  544,  727,  252,  958],
        [  255,    0,  434,  617,  800,  852,  105,  782,  678,  507,    0,  416,  711,  745,  353,  584,  918,  519,  297, 1023,  928,   21,  854,  232,  778,  478,  749,  157,  775,  719,  310,  567,  573, 1142,  710,  750,   56,  750,  707,  639,  448,  458,  646,  865,  618,  259,  348,  435,  739,  485,  491,  920,  634,  855,  759,  720,  654,  595,  402,  452,  643,  354,  437,  520,  519,  528,  473,  672,  166,  147,  720,  695,  663,  656,  141,  918,  914,  790,  682,  663,  892,  407,  815,  740,  592,  422,  384,  724,  723,  836,  506,  768,  742,  695,  923,  575,  793,  597,  863,  347,  646,  896],
        [  254,    0,  508,  686,  385,  685,  413,  485,  726,  701,  416,    0,  432,  476,   79,  174,  748,  136,  133,  828,  624,  402,  441,  189,  363,   64,  775,  266,  815,  836,  141,  164,  370,  895,  296,  500,  402,  435,  434,  225,  642,  258,  230,  454,  580,  224,  100,  378,  361,  672,  246,  504,  313,  647,  598,  675,  757,  443,  438,   51,  581,   63,  166,  666,  624,  457,   99,  260,  465,  459,  321,  840,  394,  512,  475,  524,  507,  469,  748,  262,  824,  137,  595,  921,  482,   43,   46,  901,  640,  443,  135,  356,  814,  766,  532,  564,  688,  186,  764,  134,  687,  514],
        [  456,    0,  467,  536,  484,  293,  760,   75,  537,  674,  711,  432,    0,   45,  499,  449,  344,  500,  459,  406,  218,  708,  424,  517,  447,  395,  546,  566,  590,  682,  431,  470,  156,  464,  374,   77,  726,   74,   11,  364,  639,  253,  395,  563,  367,  454,  524,  332,  215,  648,  224,  499,  126,  231,  234,  407,  615,  200,  421,  454,  340,  456,  590,  604,  541,  302,  334,  455,  652,  659,  286,  715,   48,  215,  823,  346,  400,  104,  571,  510,  491,  566,  177,  813,  255,  469,  420,  793,  345,  300,  514,  499,  622,  587,  338,  392,  353,  347,  415,  561,  507,  293],
        [  490,    0,  478,  531,  519,  255,  797,   63,  527,  679,  745,  476,   45,    0,  542,  492,  303,  544,  499,  362,  188,  742,  452,  556,  482,  440,  530,  603,  573,  673,  471,  513,  179,  421,  412,   38,  762,   94,   43,  405,  649,  287,  436,  596,  361,  490,  567,  351,  248,  655,  262,  525,  170,  189,  206,  389,  609,  205,  438,  498,  330,  499,  635,  608,  545,  310,  378,  496,  679,  687,  322,  709,   86,  206,  859,  360,  420,  109,  561,  551,  460,  610,  136,  807,  255,  513,  463,  787,  325,  323,  558,  536,  609,  577,  351,  390,  325,  390,  383,  605,  499,  305],
        [  236,    0,  511,  698,  449,  739,  340,  556,  743,  690,  353,   79,  499,  542,    0,  232,  803,  169,  107,  889,  697,  338,  513,  139,  429,  141,  797,  213,  835,  842,  131,  214,  421,  963,  368,  564,  332,  508,  500,  298,  629,  299,  300,  512,  609,  205,   26,  398,  439,  661,  298,  573,  385,  707,  649,  707,  765,  488,  444,  101,  613,   49,  135,  663,  627,  486,  172,  320,  423,  414,  399,  842,  458,  557,  400,  602,  583,  543,  762,  311,  863,   97,  656,  917,  520,   70,   80,  897,  678,  520,  159,  416,  829,  780,  610,  586,  732,  262,  808,   64,  704,  592],
        [  423,    0,  655,  819,  218,  734,  567,  479,  851,  859,  584,  174,  449,  492,  232,    0,  790,   85,  306,  853,  596,  568,  295,  361,  202,  126,  891,  438,  933,  973,  311,   28,  446,  887,  159,  525,  563,  424,  455,  105,  802,  368,   88,  282,  691,  394,  240,  511,  296,  829,  338,  347,  325,  679,  659,  775,  895,  530,  585,  132,  684,  235,  209,  817,  769,  572,  182,   89,  638,  632,  227,  984,  425,  591,  626,  415,  378,  447,  877,   92,  905,  212,  625, 1070,  580,  162,  216, 1049,  729,  340,  104,  185,  941,  895,  427,  685,  765,  103,  837,  255,  813,  423],
        [  681,    0,  533,  468,  817,   68,  994,  337,  429,  667,  918,  748,  344,  303,  803,  790,    0,  835,  736,  111,  320,  922,  739,  779,  780,  723,  390,  804,  420,  560,  704,  810,  384,  271,  713,  268,  950,  388,  337,  707,  663,  510,  738,  890,  337,  693,  828,  484,  545,  653,  506,  805,  466,  116,  162,  276,  524,  330,  532,  779,  302,  756,  912,  591,  535,  392,  656,  798,  806,  820,  622,  611,  366,  265, 1051,  615,  689,  385,  460,  853,  219,  884,  168,  703,  326,  788,  725,  686,  229,  602,  847,  837,  477,  469,  602,  386,  163,  689,  151,  866,  421,  559],
        [  388,    0,  642,  817,  295,  776,  494,  538,  855,  837,  519,  136,  500,  544,  169,   85,  835,    0,  261,  905,  664,  502,  378,  306,  283,  120,  900,  382,  941,  968,  274,   58,  473,  950,  243,  574,  494,  484,  504,  185,  777,  376,  171,  350,  703,  357,  172,  508,  370,  807,  354,  427,  374,  727,  695,  792,  890,  553,  572,   86,  699,  188,  125,  801,  758,  580,  189,  167,  590,  582,  306,  974,  470,  618,  550,  498,  462,  511,  878,  145,  933,  130,  674, 1056,  598,  106,  181, 1035,  752,  422,   20,  257,  944,  896,  510,  690,  795,  170,  869,  179,  815,  503],
        [  130,    0,  405,  595,  514,  670,  314,  524,  641,  584,  297,  133,  459,  499,  107,  306,  736,  261,    0,  828,  669,  285,  560,   67,  489,  188,  697,  141,  735,  737,   32,  295,  354,  917,  416,  514,  292,  483,  458,  346,  523,  227,  356,  585,  514,   99,  123,  301,  447,  555,  239,  628,  360,  648,  577,  615,  660,  410,  339,  179,  522,   74,  240,  557,  522,  393,  177,  390,  333,  327,  425,  736,  414,  480,  378,  623,  618,  521,  660,  394,  776,  202,  599,  811,  435,  155,   92,  791,  591,  542,  255,  487,  726,  677,  629,  489,  650,  303,  725,  155,  602,  604],
        [  782,    0,  644,  575,  853,  174, 1096,  380,  532,  775, 1023,  828,  406,  362,  889,  853,  111,  905,  828,    0,  317, 1027,  765,  875,  819,  798,  487,  905,  513,  657,  797,  874,  475,  170,  759,  332, 1053,  435,  401,  762,  773,  602,  792,  922,  448,  792,  914,  590,  587,  762,  593,  825,  531,  182,  265,  383,  626,  431,  641,  855,  412,  842,  991,  700,  644,  500,  733,  850,  915,  929,  666,  710,  437,  368, 1154,  625,  703,  422,  561,  908,  296,  964,  234,  798,  433,  868,  809,  783,  339,  627,  918,  879,  573,  569,  611,  497,  271,  750,  244,  952,  528,  570],
        [  673,    0,  659,  684,  552,  310,  976,  147,  668,  850,  928,  624,  218,  188,  697,  596,  320,  664,  669,  317,    0,  925,  455,  730,  520,  576,  654,  783,  694,  813,  643,  621,  367,  295,  474,  197,  943,  189,  223,  495,  825,  470,  522,  615,  516,  671,  721,  538,  304,  828,  440,  510,  314,  225,  318,  515,  757,  385,  623,  636,  481,  658,  770,  776,  713,  489,  526,  572,  866,  875,  382,  855,  266,  366, 1039,  309,  387,  155,  702,  632,  530,  752,  204,  953,  427,  656,  620,  934,  450,  318,  680,  583,  740,  716,  294,  553,  421,  496,  453,  757,  645,  255],
        [  253,    0,  445,  630,  785,  856,   88,  779,  691,  524,   21,  402,  708,  742,  338,  568,  922,  502,  285, 1027,  925,    0,  841,  220,  764,  465,  761,  148,  787,  735,  300,  551,  572, 1142,  697,  748,   38,  746,  704,  626,  465,  456,  632,  849,  626,  255,  331,  439,  730,  502,  486,  906,  628,  857,  762,  729,  669,  597,  410,  437,  650,  340,  419,  536,  532,  533,  462,  657,  183,  164,  709,  712,  660,  659,  131,  908,  902,  785,  696,  647,  900,  389,  816,  758,  597,  407,  372,  742,  730,  826,  489,  753,  756,  709,  913,  584,  800,  585,  870,  329,  658,  887],
        [  649,    0,  809,  931,  117,  702,  852,  405,  944, 1025,  854,  441,  424,  452,  513,  295,  739,  378,  560,  765,  455,  841,    0,  624,  104,  378,  963,  700, 1007, 1084,  553,  321,  516,  742,  146,  490,  842,  359,  434,  217,  977,  510,  214,  161,  772,  627,  526,  654,  211,  997,  466,   79,  348,  625,  657,  826, 1011,  594,  745,  414,  751,  502,  502,  968,  910,  675,  388,  215,  877,  875,  162, 1109,  432,  631,  912,  167,   97,  355,  975,  263,  912,  506,  578, 1204,  652,  445,  471, 1183,  767,  139,  397,  161, 1032,  993,  183,  784,  776,  257,  834,  546,  909,  207],
        [  123,    0,  404,  598,  573,  712,  250,  583,  649,  564,  232,  189,  517,  556,  139,  361,  779,  306,   67,  875,  730,  220,  624,    0,  550,  248,  709,   78,  745,  733,   87,  347,  401,  971,  479,  568,  226,  544,  515,  408,  502,  275,  417,  642,  535,   96,  145,  322,  513,  536,  294,  690,  422,  696,  618,  638,  658,  450,  343,  230,  548,  126,  259,  546,  517,  419,  243,  447,  285,  276,  490,  727,  470,  518,  313,  690,  683,  583,  664,  446,  804,  222,  649,  797,  468,  202,  153,  777,  621,  608,  297,  544,  730,  681,  695,  504,  683,  367,  758,  164,  611,  670],
        [  590,    0,  780,  919,   38,  736,  768,  444,  939,  994,  778,  363,  447,  482,  429,  202,  780,  283,  489,  819,  520,  764,  104,  550,    0,  302,  965,  628, 1009, 1073,  487,  226,  510,  814,   87,  519,  761,  393,  456,  148,  942,  478,  134,  121,  769,  565,  441,  626,  236,  965,  437,  145,  348,  665,  680,  834,  998,  592,  713,  329,  752,  425,  405,  942,  887,  662,  328,  117,  816,  812,  161, 1094,  444,  639,  827,  260,  199,  399,  969,  160,  936,  412,  614, 1186,  650,  360,  398, 1165,  778,  208,  301,   64, 1029,  987,  275,  774,  797,  192,  861,  456,  903,  289],
        [  298,    0,  533,  703,  327,  662,  477,  442,  738,  734,  478,   64,  395,  440,  141,  126,  723,  120,  188,  798,  576,  465,  378,  248,  302,    0,  782,  326,  824,  855,  189,  124,  355,  854,  233,  466,  465,  390,  398,  162,  677,  257,  169,  399,  584,  270,  160,  393,  303,  705,  235,  442,  272,  618,  579,  673,  776,  434,  463,   60,  580,  125,  196,  694,  648,  462,   71,  205,  518,  513,  259,  864,  361,  500,  538,  462,  444,  422,  762,  218,  815,  176,  565,  948,  479,   83,   96,  927,  633,  380,  128,  301,  828,  781,  470,  573,  677,  122,  751,  189,  699,  454],
        [  587,    0,  318,  137, 1003,  360,  846,  591,   74,  329,  749,  775,  546,  530,  797,  891,  390,  900,  697,  487,  654,  761,  963,  709,  965,  782,    0,  695,   44,  171,  668,  900,  457,  656,  882,  497,  796,  619,  536,  844,  353,  525,  874, 1085,  200,  614,  818,  400,  752,  328,  553, 1040,  619,  436,  339,  143,  150,  374,  369,  821,  214,  751,  929,  266,  238,  321,  714,  935,  595,  613,  810,  224,  531,  333,  889,  889,  946,  639,   87,  976,  208,  893,  451,  314,  317,  816,  735,  297,  208,  845,  904, 1006,   89,   88,  881,  211,  239,  810,  244,  851,  104,  835],
        [  124,    0,  380,  575,  651,  737,  195,  636,  630,  517,  157,  266,  566,  603,  213,  438,  804,  382,  141,  905,  783,  148,  700,   78,  628,  326,  695,    0,  728,  702,  153,  424,  438, 1011,  556,  612,  161,  601,  563,  485,  455,  316,  495,  720,  535,  115,  215,  329,  582,  490,  344,  767,  482,  730,  643,  639,  628,  475,  328,  307,  552,  204,  323,  508,  487,  427,  317,  525,  214,  203,  564,  690,  519,  541,  257,  761,  758,  640,  642,  522,  809,  288,  686,  753,  484,  279,  230,  734,  629,  680,  371,  622,  707,  658,  766,  499,  695,  443,  769,  227,  594,  740],
        [  623,    0,  349,  158, 1046,  395,  874,  634,   98,  334,  775,  815,  590,  573,  835,  933,  420,  941,  735,  513,  694,  787, 1007,  745, 1009,  824,   44,  728,    0,  148,  706,  942,  500,  683,  926,  539,  823,  662,  579,  888,  365,  567,  917, 1129,  243,  650,  856,  439,  796,  336,  596, 1084,  663,  473,  379,  185,  148,  417,  403,  862,  258,  790,  968,  277,  258,  363,  756,  978,  618,  637,  854,  203,  575,  377,  914,  932,  989,  682,   96, 1019,  225,  931,  490,  286,  361,  856,  775,  272,  249,  889,  945, 1049,   64,   88,  923,  252,  275,  853,  271,  889,  135,  878],
        [  613,    0,  332,  156, 1110,  528,  822,  736,  147,  228,  719,  836,  682,  673,  842,  973,  560,  968,  737,  657,  813,  735, 1084,  733, 1073,  855,  171,  702,  148,    0,  712,  977,  568,  826,  988,  643,  771,  756,  672,  942,  277,  607,  969, 1193,  316,  643,  860,  463,  876,  241,  642, 1162,  736,  600,  496,  300,   79,  492,  399,  885,  344,  801,  976,  199,  217,  412,  791, 1028,  555,  574,  925,   57,  659,  468,  854, 1027, 1078,  781,  113, 1062,  372,  938,  609,  144,  433,  874,  792,  127,  364,  976,  969, 1107,   85,   98, 1020,  300,  406,  903,  414,  889,  176,  975],
        [  114,    0,  380,  567,  514,  638,  336,  497,  613,  565,  310,  141,  431,  471,  131,  311,  704,  274,   32,  797,  643,  300,  553,   87,  487,  189,  668,  153,  706,  712,    0,  303,  323,  888,  411,  485,  310,  457,  429,  341,  505,  195,  354,  587,  483,   84,  150,  271,  430,  535,  210,  623,  335,  617,  545,  584,  634,  378,  313,  190,  491,   91,  265,  534,  497,  362,  166,  393,  330,  326,  412,  712,  385,  448,  400,  609,  607,  496,  632,  402,  745,  228,  569,  789,  403,  170,   96,  769,  560,  527,  270,  489,  698,  650,  614,  459,  618,  298,  694,  184,  574,  587],
        [  416,    0,  656,  824,  240,  753,  546,  502,  858,  857,  567,  164,  470,  513,  214,   28,  810,   58,  295,  874,  621,  551,  321,  347,  226,  124,  900,  424,  942,  977,  303,    0,  460,  911,  186,  545,  544,  447,  475,  133,  799,  375,  115,  299,  700,  386,  221,  515,  323,  827,  348,  370,  345,  699,  676,  786,  899,  542,  586,  118,  694,  223,  182,  818,  771,  580,  187,  111,  627,  621,  255,  987,  444,  605,  604,  443,  405,  471,  883,   99,  920,  187,  646, 1071,  591,  146,  208, 1050,  742,  368,   77,  203,  948,  902,  455,  692,  780,  127,  853,  233,  819,  450],
        [  320,    0,  317,  415,  547,  319,  633,  229,  430,  529,  573,  370,  156,  179,  421,  446,  384,  473,  354,  475,  367,  572,  516,  401,  510,  355,  457,  438,  500,  568,  323,  460,    0,  573,  426,  178,  594,  219,  148,  389,  491,  128,  420,  630,  259,  324,  445,  177,  311,  502,  124,  595,  168,  295,  229,  331,  495,   85,  267,  406,  244,  373,  535,  464,  403,  162,  285,  481,  500,  509,  358,  594,  112,  146,  693,  475,  516,  256,  461,  526,  461,  504,  249,  690,  140,  411,  343,  668,  283,  414,  482,  550,  520,  479,  472,  268,  323,  358,  397,  483,  395,  429],
        [  891,    0,  789,  739,  844,  321, 1205,  413,  699,  936, 1142,  895,  464,  421,  963,  887,  271,  950,  917,  170,  295, 1142,  742,  971,  814,  854,  656, 1011,  683,  826,  888,  911,  573,    0,  769,  403, 1166,  467,  463,  787,  930,  697,  815,  903,  601,  897,  988,  714,  598,  921,  678,  790,  583,  290,  400,  547,  794,  549,  777,  914,  564,  919, 1050,  860,  802,  634,  796,  867, 1048, 1060,  676,  879,  506,  497, 1266,  585,  665,  440,  729,  926,  465, 1028,  327,  968,  565,  931,  883,  952,  497,  608,  966,  877,  742,  738,  569,  649,  433,  785,  413, 1025,  692,  536],
        [  511,    0,  694,  833,  123,  666,  707,  381,  854,  908,  710,  296,  374,  412,  368,  159,  713,  243,  416,  759,  474,  697,  146,  479,   87,  233,  882,  556,  926,  988,  411,  186,  426,  769,    0,  448,  697,  327,  382,   72,  857,  392,   73,  206,  684,  487,  382,  540,  174,  879,  351,  212,  267,  598,  604,  752,  912,  509,  627,  270,  668,  357,  367,  856,  801,  576,  248,  101,  738,  735,   94, 1008,  366,  558,  768,  258,  220,  339,  884,  161,  860,  367,  546, 1100,  566,  300,  326, 1078,  698,  187,  262,  127,  944,  902,  270,  689,  720,  114,  786,  404,  817,  271],
        [  496,    0,  463,  503,  556,  218,  807,   95,  497,  659,  750,  500,   77,   38,  564,  525,  268,  574,  514,  332,  197,  748,  490,  568,  519,  466,  497,  612,  539,  643,  485,  545,  178,  403,  448,    0,  770,  131,   70,  440,  630,  296,  471,  633,  333,  498,  589,  344,  285,  635,  276,  562,  201,  155,  169,  355,  580,  189,  426,  525,  301,  519,  661,  586,  522,  293,  403,  531,  676,  685,  359,  680,  106,  178,  868,  395,  457,  144,  530,  586,  422,  635,  101,  779,  234,  538,  484,  759,  291,  360,  587,  573,  577,  546,  385,  365,  288,  423,  345,  626,  469,  339],
        [  275,    0,  479,  666,  781,  883,   51,  796,  726,  561,   56,  402,  726,  762,  332,  563,  950,  494,  292, 1053,  943,   38,  842,  226,  761,  465,  796,  161,  823,  771,  310,  544,  594, 1166,  697,  770,    0,  761,  723,  626,  502,  475,  630,  842,  659,  273,  324,  467,  738,  539,  504,  904,  642,  882,  790,  762,  705,  623,  442,  433,  681,  341,  403,  573,  569,  563,  468,  652,  220,  201,  714,  749,  679,  686,  101,  914,  905,  801,  732,  638,  933,  376,  840,  795,  625,  402,  374,  779,  761,  833,  479,  747,  792,  745,  920,  617,  830,  586,  901,  317,  693,  896],
        [  498,    0,  535,  609,  429,  345,  792,   56,  611,  744,  750,  435,   74,   94,  508,  424,  388,  484,  483,  435,  189,  746,  359,  544,  393,  390,  619,  601,  662,  756,  457,  447,  219,  467,  327,  131,  761,    0,   85,  329,  708,  297,  359,  504,  441,  492,  532,  394,  157,  718,  260,  432,  125,  273,  299,  478,  688,  272,  486,  450,  413,  469,  585,  676,  613,  372,  337,  416,  704,  710,  234,  789,  108,  288,  855,  272,  329,   40,  644,  473,  553,  565,  222,  887,  328,  469,  431,  866,  415,  230,  500,  449,  695,  661,  265,  465,  418,  321,  476,  568,  580,  220],
        [  452,    0,  458,  525,  493,  285,  757,   82,  527,  664,  707,  434,   11,   43,  500,  455,  337,  504,  458,  401,  223,  704,  434,  515,  456,  398,  536,  563,  579,  672,  429,  475,  148,  463,  382,   70,  723,   85,    0,  371,  630,  249,  402,  572,  357,  451,  525,  324,  225,  639,  221,  509,  131,  225,  225,  396,  604,  190,  413,  457,  329,  457,  593,  594,  531,  292,  337,  462,  646,  653,  295,  705,   45,  205,  820,  356,  411,  114,  560,  517,  481,  569,  171,  803,  245,  472,  421,  782,  334,  310,  518,  508,  611,  577,  349,  381,  343,  353,  406,  562,  496,  304],
        [  443,    0,  639,  787,  179,  654,  637,  384,  812,  851,  639,  225,  364,  405,  298,  105,  707,  185,  346,  762,  495,  626,  217,  408,  148,  162,  844,  485,  888,  942,  341,  133,  389,  787,   72,  440,  626,  329,  371,    0,  798,  338,   32,  259,  645,  418,  313,  487,  193,  821,  300,  283,  244,  593,  585,  720,  865,  474,  571,  201,  632,  286,  307,  802,  749,  532,  180,   94,  669,  666,  122,  959,  347,  528,  698,  316,  287,  349,  840,  147,  838,  303,  540, 1049,  528,  231,  255, 1028,  669,  238,  204,  167,  902,  859,  326,  646,  697,   45,  766,  336,  774,  319],
        [  394,    0,  174,  220,  975,  609,  552,  708,  281,   63,  448,  642,  639,  649,  629,  802,  663,  777,  523,  773,  825,  465,  977,  502,  942,  677,  353,  455,  365,  277,  505,  799,  491,  930,  857,  630,  502,  708,  630,  798,    0,  468,  821, 1057,  330,  425,  642,  326,  788,   38,  512, 1055,  644,  655,  538,  395,  223,  444,  233,  692,  367,  595,  759,   89,  130,  340,  625,  872,  283,  302,  816,  248,  601,  462,  580,  963,  995,  743,  271,  894,  545,  721,  641,  299,  398,  674,  597,  281,  435,  896,  774,  962,  317,  278,  960,  283,  504,  755,  550,  666,  264,  919],
        [  204,    0,  303,  452,  513,  444,  511,  325,  484,  518,  458,  258,  253,  287,  299,  368,  510,  376,  227,  602,  470,  456,  510,  275,  478,  257,  525,  316,  567,  607,  195,  375,  128,  697,  392,  296,  475,  297,  249,  338,  468,    0,  365,  595,  327,  203,  323,  149,  329,  489,   45,  588,  194,  422,  352,  418,  529,  189,  237,  300,  325,  251,  421,  465,  411,  205,  189,  422,  410,  415,  349,  621,  205,  259,  573,  511,  533,  336,  509,  456,  567,  388,  375,  711,  226,  300,  224,  690,  383,  437,  382,  505,  574,  528,  511,  317,  434,  298,  510,  361,  445,  474],
        [  459,    0,  664,  815,  160,  685,  639,  414,  841,  875,  646,  230,  395,  436,  300,   88,  738,  171,  356,  792,  522,  632,  214,  417,  134,  169,  874,  495,  917,  969,  354,  115,  420,  815,   73,  471,  630,  359,  402,   32,  821,  365,    0,  238,  674,  434,  313,  513,  218,  845,  328,  274,  276,  624,  617,  750,  892,  504,  595,  200,  662,  292,  295,  827,  775,  560,  199,   63,  684,  680,  144,  985,  378,  559,  699,  328,  292,  377,  869,  116,  869,  295,  571, 1075,  558,  231,  265, 1054,  699,  254,  190,  142,  931,  887,  340,  674,  728,   67,  798,  333,  803,  336],
        [  695,    0,  897, 1038,   84,  849,  843,  554, 1059, 1110,  865,  454,  563,  596,  512,  282,  890,  350,  585,  922,  615,  849,  161,  642,  121,  399, 1085,  720, 1129, 1193,  587,  299,  630,  903,  206,  633,  842,  504,  572,  259, 1057,  595,  238,    0,  889,  668,  519,  744,  349, 1080,  555,  134,  467,  775,  796,  954, 1117,  712,  829,  414,  872,  516,  460, 1059, 1005,  782,  436,  195,  916,  912,  279, 1213,  562,  758,  899,  324,  247,  506, 1089,  206, 1053,  476,  726, 1305,  770,  443,  494, 1283,  897,  298,  366,   99, 1149, 1107,  341,  894,  914,  303,  977,  528, 1023,  367],
        [  417,    0,  201,  171,  806,  280,  707,  423,  173,  343,  618,  580,  367,  361,  609,  691,  337,  703,  514,  448,  516,  626,  772,  535,  769,  584,  200,  535,  243,  316,  483,  700,  259,  601,  684,  333,  659,  441,  357,  645,  330,  327,  674,  889,    0,  440,  631,  214,  563,  324,  353,  850,  425,  327,  211,  105,  249,  178,  217,  625,   38,  562,  739,  267,  205,  124,  516,  735,  486,  502,  616,  349,  344,  155,  757,  712,  763,  467,  205,  776,  275,  703,  319,  447,  120,  622,  542,  427,  112,  661,  708,  807,  261,  223,  705,   50,  184,  610,  247,  666,  140,  660],
        [   32,    0,  312,  504,  593,  626,  309,  525,  554,  486,  259,  224,  454,  490,  205,  394,  693,  357,   99,  792,  671,  255,  627,   96,  565,  270,  614,  115,  650,  643,   84,  386,  324,  897,  487,  498,  273,  492,  451,  418,  425,  203,  434,  668,  440,    0,  219,  227,  487,  457,  232,  698,  376,  616,  532,  543,  567,  363,  249,  273,  453,  171,  337,  460,  427,  325,  239,  475,  251,  249,  479,  640,  406,  430,  371,  670,  674,  531,  570,  485,  710,  299,  572,  713,  377,  252,  179,  694,  527,  590,  352,  570,  636,  587,  673,  409,  590,  374,  665,  247,  516,  643],
        [  250,    0,  528,  717,  458,  764,  328,  580,  763,  703,  348,  100,  524,  567,   26,  240,  828,  172,  123,  914,  721,  331,  526,  145,  441,  160,  818,  215,  856,  860,  150,  221,  445,  988,  382,  589,  324,  532,  525,  313,  642,  323,  313,  519,  631,  219,    0,  419,  460,  674,  323,  585,  409,  732,  674,  730,  782,  512,  462,  113,  636,   73,  118,  679,  644,  508,  196,  329,  428,  418,  418,  858,  483,  581,  387,  621,  599,  567,  782,  316,  887,   80,  681,  932,  544,   83,  105,  912,  702,  539,  159,  424,  848,  799,  629,  608,  756,  279,  832,   39,  724,  612],
        [  207,    0,  156,  310,  661,  418,  512,  405,  349,  372,  435,  378,  332,  351,  398,  511,  484,  508,  301,  590,  538,  439,  654,  322,  626,  393,  400,  329,  439,  463,  271,  515,  177,  714,  540,  344,  467,  394,  324,  487,  326,  149,  513,  744,  214,  227,  419,    0,  463,  343,  190,  732,  320,  425,  325,  317,  385,  166,   94,  426,  226,  352,  530,  316,  263,   99,  329,  569,  336,  347,  492,  474,  288,  222,  568,  639,  670,  431,  371,  601,  483,  494,  391,  563,  159,  418,  337,  542,  301,  571,  510,  653,  437,  389,  637,  189,  367,  446,  441,  454,  309,  597],
        [  503,    0,  616,  724,  272,  501,  760,  209,  735,  832,  739,  361,  215,  248,  439,  296,  545,  370,  447,  587,  304,  730,  211,  513,  236,  303,  752,  582,  796,  876,  430,  323,  311,  598,  174,  285,  738,  157,  225,  193,  788,  329,  218,  349,  563,  487,  460,  463,    0,  804,  284,  288,  145,  430,  449,  616,  804,  385,  556,  359,  541,  410,  485,  771,  711,  472,  274,  270,  727,  729,   80,  904,  222,  420,  823,  184,  208,  166,  767,  329,  705,  473,  379, 1000,  444,  385,  373,  978,  556,  109,  387,  293,  823,  785,  186,  577,  568,  200,  629,  491,  701,  158],
        [  425,    0,  188,  198,  999,  601,  589,  716,  257,   30,  485,  672,  648,  655,  661,  829,  653,  807,  555,  762,  828,  502,  997,  536,  965,  705,  328,  490,  336,  241,  535,  827,  502,  921,  879,  635,  539,  718,  639,  821,   38,  489,  845, 1080,  324,  457,  674,  343,  804,    0,  532, 1075,  660,  651,  534,  381,  191,  451,  253,  722,  362,  626,  792,   65,  120,  347,  651,  898,  320,  339,  835,  212,  612,  463,  617,  977, 1012,  752,  243,  921,  524,  754,  640,  263,  402,  705,  626,  245,  425,  911,  804,  987,  285,  249,  973,  280,  492,  779,  534,  699,  244,  931],
        [  238,    0,  345,  488,  472,  442,  537,  293,  515,  561,  491,  246,  224,  262,  298,  338,  506,  354,  239,  593,  440,  486,  466,  294,  437,  235,  553,  344,  596,  642,  210,  348,  124,  678,  351,  276,  504,  260,  221,  300,  512,   45,  328,  555,  353,  232,  323,  190,  284,  532,    0,  544,  152,  412,  353,  439,  565,  200,  280,  284,  347,  251,  412,  506,  451,  235,  165,  387,  451,  455,  305,  659,  177,  266,  600,  467,  489,  300,  542,  424,  581,  381,  362,  750,  244,  288,  219,  729,  398,  393,  362,  466,  606,  561,  467,  348,  444,  262,  519,  361,  477,  431],
        [  722,    0,  888, 1009,  136,  771,  912,  474, 1022, 1104,  920,  504,  499,  525,  573,  347,  805,  427,  628,  825,  510,  906,   79,  690,  145,  442, 1040,  767, 1084, 1162,  623,  370,  595,  790,  212,  562,  904,  432,  509,  283, 1055,  588,  274,  134,  850,  698,  585,  732,  288, 1075,  544,    0,  427,  692,  730,  903, 1089,  672,  823,  473,  828,  566,  547, 1047,  989,  754,  459,  260,  949,  947,  241, 1188,  509,  708,  971,  206,  126,  424, 1054,  296,  984,  556,  647, 1283,  731,  504,  537, 1261,  842,  204,  445,  181, 1110, 1071,  222,  863,  849,  326,  906,  601,  988,  256],
        [  385,    0,  472,  583,  385,  412,  671,  172,  597,  688,  634,  313,  126,  170,  385,  325,  466,  374,  360,  531,  314,  628,  348,  422,  348,  272,  619,  482,  663,  736,  335,  345,  168,  583,  267,  201,  642,  125,  131,  244,  644,  194,  276,  467,  425,  376,  409,  320,  145,  660,  152,  427,    0,  355,  341,  487,  663,  247,  414,  331,  406,  345,  467,  626,  566,  328,  215,  337,  602,  606,  191,  761,  103,  292,  734,  320,  352,  162,  628,  389,  595,  445,  302,  857,  305,  348,  307,  836,  432,  252,  388,  393,  686,  646,  319,  436,  455,  224,  523,  445,  562,  282],
        [  608,    0,  505,  484,  701,   85,  923,  222,  458,  669,  855,  647,  231,  189,  707,  679,  116,  727,  648,  182,  225,  857,  625,  696,  665,  618,  436,  730,  473,  600,  617,  699,  295,  290,  598,  155,  882,  273,  225,  593,  655,  422,  624,  775,  327,  616,  732,  425,  430,  651,  412,  692,  355,    0,  117,  302,  551,  261,  489,  675,  290,  661,  810,  593,  532,  345,  553,  684,  758,  770,  507,  646,  258,  208,  982,  506,  577,  270,  492,  739,  306,  783,   54,  743,  276,  687,  627,  724,  239,  489,  740,  721,  523,  504,  494,  372,  199,  577,  229,  770,  441,  449],
        [  520,    0,  390,  371,  717,   95,  833,  261,  351,  553,  759,  598,  234,  206,  649,  659,  162,  695,  577,  265,  318,  762,  657,  618,  680,  579,  339,  643,  379,  496,  545,  676,  229,  400,  604,  169,  790,  299,  225,  585,  538,  352,  617,  796,  211,  532,  674,  325,  449,  534,  353,  730,  341,  117,    0,  198,  441,  169,  379,  632,  174,  601,  763,  477,  415,  237,  510,  678,  652,  665,  519,  539,  239,  104,  890,  561,  625,  311,  385,  729,  257,  733,  114,  636,  169,  639,  572,  617,  132,  528,  705,  730,  423,  399,  551,  255,  120,  562,  182,  712,  330,  506],
        [  521,    0,  294,  192,  872,  233,  810,  449,  158,  393,  720,  675,  407,  389,  707,  775,  276,  792,  615,  383,  515,  729,  826,  638,  834,  673,  143,  639,  185,  300,  584,  786,  331,  547,  752,  355,  762,  478,  396,  720,  395,  418,  750,  954,  105,  543,  730,  317,  616,  381,  439,  903,  487,  302,  198,    0,  252,  247,  320,  718,   95,  660,  836,  318,  266,  223,  604,  812,  583,  599,  676,  345,  395,  196,  859,  748,  806,  497,  191,  856,  172,  801,  311,  442,  196,  717,  639,  423,   66,  706,  799,  878,  226,  203,  739,  145,  114,  688,  156,  766,  146,  693],
        [  537,    0,  255,   81, 1034,  484,  756,  671,   96,  187,  654,  757,  615,  609,  765,  895,  524,  890,  660,  626,  757,  669, 1011,  658,  998,  776,  150,  628,  148,   79,  634,  899,  495,  794,  912,  580,  705,  688,  604,  865,  223,  529,  892, 1117,  249,  567,  782,  385,  804,  191,  565, 1089,  663,  551,  441,  252,    0,  421,  322,  806,  280,  723,  899,  137,  142,  337,  713,  951,  492,  511,  851,  101,  590,  403,  791,  959, 1007,  715,   66,  984,  357,  861,  555,  199,  363,  796,  714,  179,  312,  905,  891, 1031,   95,   63,  953,  227,  364,  826,  385,  813,  112,  908],
        [  352,    0,  275,  341,  630,  263,  666,  266,  351,  475,  595,  443,  200,  205,  488,  530,  330,  553,  410,  431,  385,  597,  594,  450,  592,  434,  374,  475,  417,  492,  378,  542,   85,  549,  509,  189,  623,  272,  190,  474,  444,  189,  504,  712,  178,  363,  512,  166,  385,  451,  200,  672,  247,  261,  169,  247,  421,    0,  240,  483,  160,  440,  608,  405,  342,  105,  364,  566,  501,  512,  438,  521,  169,   70,  724,  540,  587,  303,  382,  610,  382,  576,  225,  618,   59,  486,  413,  597,  200,  485,  561,  633,  439,  400,  534,  195,  245,  442,  321,  550,  317,  490],
        [  221,    0,   70,  256,  747,  467,  491,  494,  307,  282,  402,  438,  421,  438,  444,  585,  532,  572,  339,  641,  623,  410,  745,  343,  713,  463,  369,  328,  403,  399,  313,  586,  267,  777,  627,  426,  442,  486,  413,  571,  233,  237,  595,  829,  217,  249,  462,   94,  556,  253,  280,  823,  414,  489,  379,  320,  322,  240,    0,  488,  243,  402,  578,  233,  187,  144,  405,  650,  275,  290,  584,  403,  379,  282,  540,  733,  763,  523,  322,  676,  491,  540,  461,  485,  213,  476,  394,  465,  323,  664,  572,  737,  388,  339,  731,  175,  395,  529,  462,  493,  269,  691],
        [  303,    0,  557,  735,  349,  717,  440,  501,  774,  751,  452,   51,  454,  498,  101,  132,  779,   86,  179,  855,  636,  437,  414,  230,  329,   60,  821,  307,  862,  885,  190,  118,  406,  914,  270,  525,  433,  450,  457,  201,  692,  300,  200,  414,  625,  273,  113,  426,  359,  722,  284,  473,  331,  675,  632,  718,  806,  483,  488,    0,  624,  106,  137,  717,  674,  502,  123,  220,  511,  504,  309,  890,  419,  550,  499,  511,  487,  481,  796,  217,  864,  117,  622,  971,  524,   32,   96,  951,  681,  431,   85,  317,  862,  814,  520,  610,  727,  168,  802,  137,  734,  506],
        [  432,    0,  233,  204,  789,  243,  729,  393,  198,  380,  643,  581,  340,  330,  613,  684,  302,  699,  522,  412,  481,  650,  751,  548,  752,  580,  214,  552,  258,  344,  491,  694,  244,  564,  668,  301,  681,  413,  329,  632,  367,  325,  662,  872,   38,  453,  636,  226,  541,  362,  347,  828,  406,  290,  174,   95,  280,  160,  243,  624,    0,  566,  742,  304,  242,  130,  511,  724,  515,  530,  597,  380,  320,  125,  780,  685,  738,  438,  231,  766,  257,  707,  283,  478,  105,  623,  545,  458,   81,  636,  706,  793,  283,  248,  678,   85,  153,  599,  221,  672,  169,  632],
