{
    "name": "random-31-11945",
    "comment": "size=31 seed=11945",
    "nodes": ["+0", "-0", "+1", "-1", "+2", "-2", "+3", "-3", "+4", "-4", "+5", "-5", "+6", "-6", "+7", "-7", "+8", "-8", "+9", "-9", "+10", "-10", "+11", "-11", "+12", "-12", "+13", "-13", "+14", "-14", "+15", "-15", "+16", "-16", "+17", "-17", "+18", "-18", "+19", "-19", "+20", "-20", "+21", "-21", "+22", "-22", "+23", "-23", "+24", "-24", "+25", "-25", "+26", "-26", "+27", "-27", "+28", "-28", "+29", "-29", "+30", "-30", "+31", "-31"],
    "precedence": {
        "+0": "-0",
        "+1": "-1",
        "+2": "-2",
        "+3": "-3",
        "+4": "-4",
        "+5": "-5",
        "+6": "-6",
        "+7": "-7",
        "+8": "-8",
        "+9": "-9",
        "+10": "-10",
        "+11": "-11",
        "+12": "-12",
        "+13": "-13",
        "+14": "-14",
        "+15": "-15",
        "+16": "-16",
        "+17": "-17",
        "+18": "-18",
        "+19": "-19",
        "+20": "-20",
        "+21": "-21",
        "+22": "-22",
        "+23": "-23",
        "+24": "-24",
        "+25": "-25",
        "+26": "-26",
        "+27": "-27",
        "+28": "-28",
        "+29": "-29",
        "+30": "-30",
        "+31": "-31"
    },
    "edges": [
        [    0,    0,  823,  847,  142,  102,  758,  331,  842,  938,  551,  365,  537,  483,  446,  626,  765,  595,  734,  117,  451,  145,  503,  733,  874,   80,  117,  372,  797,  365,  374,  295,  572,  164,  566,  268,  749,  598,  441,  120,  764,  860,  396,  360,  333,  151,  629,  216,  664,  719,  479,  585,  278,  652,  859,  460,  327,  791,  846,  309,  558,  668,  375,  695],
        [    0,    0,  823,  847,  142,  102,  758,  331,  842,  938,  551,  365,  537,  483,  446,  626,  765,  595,  734,  117,  451,  145,  503,  733,  874,   80,  117,  372,  797,  365,  374,  295,  572,  164,  566,  268,  749,  598,  441,  120,  764,  860,  396,  360,  333,  151,  629,  216,  664,  719,  479,  585,  278,  652,  859,  460,  327,  791,  846,  309,  558,  668,  375,  695],
        [  823,  823,    0,  878,  919,  920,  525,  634,  344,  809,  639,  787,  333, 1201, 1151,  214,  495, 1259,  567,  928, 1090,  849,  685,  498,  941,  745,  938,  680,  529,  699,  451,  530, 1143,  902,  288,  647,  850,  229,  877,  822,  861,  868,  578,  621, 1100,  761, 1155,  818,  963,  850,  448,  239,  620,  583,  615,  486, 1064,  478,  296, 1063, 1176,  312,  539,  549],
        [  847,  847,  878,    0,  798,  864,  358, 1001,  573,  170,  332,  488,  903,  807,  766,  728,  390,  763,  312,  943,  664,  728,  354,  382,   64,  824,  920, 1073,  365,  485,  784,  770,  602,  753,  675,  608,  101,  755,  450,  737,   88,   25,  510,  520,  836,  939,  558, 1030,  283,  134,  971,  790,  615,  310,  306,  525,  778,  415,  622,  802,  668,  573,  566,  332],
        [  142,  142,  919,  798,    0,   75,  772,  471,  889,  911,  540,  313,  655,  342,  305,  712,  785,  454,  739,  164,  316,   84,  480,  752,  817,  206,  132,  513,  812,  347,  482,  401,  442,   46,  645,  298,  698,  690,  360,   99,  712,  815,  419,  374,  197,  291,  504,  346,  581,  666,  610,  683,  318,  653,  861,  501,  186,  814,  901,  169,  422,  724,  419,  703],
        [  102,  102,  920,  864,   75,    0,  815,  425,  918,  970,  592,  376,  638,  395,  364,  718,  826,  515,  786,   90,  386,  137,  536,  793,  884,  180,   58,  460,  855,  399,  473,  392,  514,  118,  655,  329,  764,  693,  431,  135,  778,  879,  456,  414,  240,  238,  577,  281,  653,  732,  581,  681,  345,  701,  909,  531,  244,  854,  926,  221,  490,  748,  446,  749],
        [  758,  758,  525,  358,  772,  815,    0,  791,  221,  293,  249,  493,  611,  923,  873,  401,   33,  930,   55,  872,  782,  689,  318,   34,  421,  705,  861,  862,   41,  430,  544,  565,  779,  734,  367,  491,  349,  437,  532,  681,  357,  346,  362,  402,  887,  795,  765,  884,  511,  360,  703,  476,  481,  131,  119,  309,  834,   65,  268,  848,  833,  234,  389,   73],
        [  331,  331,  634, 1001,  471,  425,  791,    0,  785, 1043,  670,  591,  302,  813,  775,  494,  785,  921,  790,  382,  769,  451,  652,  759, 1045,  272,  409,   73,  825,  543,  250,  233,  880,  486,  468,  411,  917,  451,  691,  418,  933, 1007,  492,  486,  663,  191,  929,  202,  895,  895,  197,  419,  396,  730,  908,  494,  657,  799,  769,  639,  876,  613,  437,  750],
        [  842,  842,  344,  573,  889,  918,  221,  785,    0,  477,  432,  654,  537, 1094, 1043,  307,  189, 1117,  274,  958,  960,  807,  497,  208,  636,  776,  955,  849,  209,  576,  540,  590,  975,  858,  317,  592,  570,  351,  715,  792,  578,  558,  474,  521, 1034,  841,  968,  921,  726,  580,  648,  392,  574,  330,  282,  389,  985,  160,   52,  994, 1023,  178,  472,  276],
        [  938,  938,  809,  170,  911,  970,  293, 1043,  477,    0,  390,  599,  896,  960,  917,  693,  318,  926,  268, 1043,  815,  834,  436,  325,  216,  903, 1024, 1115,  281,  574,  807,  810,  764,  867,  655,  680,  249,  728,  584,  838,  242,  146,  564,  587,  973, 1010,  724, 1102,  446,  281,  980,  767,  681,  314,  196,  550,  915,  331,  528,  937,  829,  527,  611,  304],
        [  551,  551,  639,  332,  540,  592,  249,  670,  432,  390,    0,  246,  588,  675,  625,  449,  271,  688,  207,  659,  536,  459,   69,  240,  379,  514,  643,  743,  287,  194,  454,  439,  544,  499,  382,  291,  256,  465,  286,  458,  271,  337,  180,  198,  641,  622,  539,  714,  325,  241,  645,  493,  293,  120,  323,  201,  586,  306,  465,  602,  592,  333,  235,  177],
        [  365,  365,  787,  488,  313,  376,  493,  591,  654,  599,  246,    0,  627,  440,  389,  575,  513,  476,  452,  456,  311,  240,  179,  480,  511,  359,  433,  657,  532,   88,  452,  397,  358,  269,  501,  191,  388,  573,  106,  251,  403,  503,  210,  169,  396,  479,  381,  565,  308,  357,  640,  585,  214,  365,  566,  302,  341,  546,  679,  357,  389,  518,  255,  421],
        [  537,  537,  333,  903,  655,  638,  611,  302,  537,  896,  588,  627,    0,  976,  930,  231,  594, 1060,  629,  628,  892,  601,  602,  577,  958,  458,  645,  348,  636,  548,  183,  259,  975,  651,  244,  445,  841,  186,  731,  570,  855,  902,  444,  468,  850,  446, 1006,  492,  886,  828,  119,  146,  418,  597,  727,  388,  825,  597,  509,  817,  991,  389,  384,  594],
        [  483,  483, 1201,  807,  342,  395,  923,  813, 1094,  960,  675,  440,  976,    0,   52,  988,  946,  133,  877,  468,  146,  378,  607,  914,  799,  546,  432,  853,  960,  522,  796,  718,  231,  332,  915,  556,  714,  976,  394,  410,  723,  830,  637,  590,  161,  630,  300,  674,  529,  681,  945,  978,  583,  793,  980,  731,  157,  980, 1119,  175,  168,  954,  665,  851],
        [  446,  446, 1151,  766,  305,  364,  873,  775, 1043,  917,  625,  389,  930,   52,    0,  937,  896,  152,  828,  441,  103,  334,  556,  864,  760,  505,  405,  818,  911,  470,  749,  672,  209,  290,  864,  506,  671,  926,  345,  366,  681,  788,  586,  539,  141,  595,  280,  644,  491,  638,  901,  929,  533,  743,  931,  680,  121,  930, 1067,  145,  155,  903,  614,  801],
        [  626,  626,  214,  728,  712,  718,  401,  494,  307,  693,  449,  575,  231,  988,  937,    0,  379, 1046,  429,  736,  877,  639,  486,  369,  788,  550,  742,  553,  420,  488,  268,  338,  932,  692,   75,  434,  683,   45,  668,  614,  696,  722,  366,  408,  889,  585,  948,  654,  771,  677,  343,   86,  407,  419,  512,  277,  851,  377,  281,  852,  963,  169,  325,  400],
        [  765,  765,  495,  390,  785,  826,   33,  785,  189,  318,  271,  513,  594,  946,  896,  379,    0,  956,   86,  880,  806,  702,  340,   34,  453,  710,  871,  855,   42,  446,  536,  562,  806,  748,  350,  500,  382,  417,  556,  693,  390,  377,  371,  413,  906,  797,  793,  884,  542,  392,  689,  457,  488,  156,  134,  311,  853,   35,  235,  866,  859,  211,  393,   97],
        [  595,  595, 1259,  763,  454,  515,  930,  921, 1117,  926,  688,  476, 1060,  133,  152, 1046,  956,    0,  880,  592,  170,  474,  621,  925,  745,  650,  556,  966,  964,  563,  878,  804,  162,  435,  971,  623,  677, 1039,  403,  507,  684,  787,  683,  639,  289,  744,  214,  795,  481,  646, 1039, 1045,  650,  801,  971,  777,  272,  990, 1147,  296,   99,  992,  721,  859],
        [  734,  734,  567,  312,  739,  786,   55,  790,  274,  268,  207,  452,  629,  877,  828,  429,   86,  880,    0,  847,  735,  657,  274,   71,  375,  686,  834,  861,   85,  395,  547,  560,  728,  700,  387,  467,  297,  462,  485,  652,  305,  302,  339,  375,  847,  781,  712,  871,  457,  306,  715,  500,  460,   88,  125,  299,  793,  119,  320,  808,  783,  266,  373,   41],
        [  117,  117,  928,  943,  164,   90,  872,  382,  958, 1043,  659,  456,  628,  468,  441,  736,  880,  592,  847,    0,  472,  218,  607,  848,  966,  187,   37,  405,  911,  469,  477,  400,  600,  207,  678,  381,  844,  706,  517,  207,  858,  958,  510,  472,  308,  193,  665,  210,  740,  813,  556,  689,  393,  764,  971,  576,  322,  906,  962,  296,  574,  784,  491,  808],
        [  451,  451, 1090,  664,  316,  386,  782,  769,  960,  815,  536,  311,  892,  146,  103,  877,  806,  170,  735,  472,    0,  318,  467,  775,  657,  498,  436,  819,  819,  396,  710,  638,  132,  288,  802,  454,  569,  870,  251,  351,  578,  686,  516,  471,  209,  601,  201,  661,  389,  536,  876,  876,  481,  652,  835,  610,  163,  840,  987,  193,  108,  828,  552,  711],
        [  145,  145,  849,  728,   84,  137,  689,  451,  807,  834,  459,  240,  601,  378,  334,  639,  702,  474,  657,  218,  318,    0,  401,  669,  749,  180,  193,  502,  729,  265,  422,  343,  432,   54,  570,  217,  628,  620,  302,   34,  642,  743,  336,  291,  253,  289,  487,  360,  526,  597,  568,  616,  239,  571,  779,  419,  225,  731,  820,  218,  425,  644,  338,  621],
        [  503,  503,  685,  354,  480,  536,  318,  652,  497,  436,   69,  179,  602,  607,  556,  486,  340,  621,  274,  607,  467,  401,    0,  308,  393,  473,  589,  724,  356,  139,  453,  426,  480,  438,  416,  254,  265,  497,  219,  402,  281,  364,  166,  167,  574,  586,  479,  677,  288,  243,  647,  521,  261,  188,  388,  218,  519,  374,  528,  535,  527,  387,  227,  246],
        [  733,  733,  498,  382,  752,  793,   34,  759,  208,  325,  240,  480,  577,  914,  864,  369,   34,  925,   71,  848,  775,  669,  308,    0,  445,  679,  838,  830,   67,  413,  512,  534,  777,  715,  334,  467,  366,  404,  525,  660,  375,  371,  338,  380,  873,  767,  766,  855,  519,  374,  669,  443,  456,  126,  152,  280,  820,   66,  252,  833,  829,  202,  361,   69],
        [  874,  874,  941,   64,  817,  884,  421, 1045,  636,  216,  379,  511,  958,  799,  760,  788,  453,  745,  375,  966,  657,  749,  393,  445,    0,  857,  941, 1116,  428,  518,  833,  816,  585,  771,  733,  645,  129,  814,  461,  761,  113,   81,  554,  560,  839,  973,  535, 1064,  270,  155, 1022,  848,  654,  369,  368,  576,  781,  478,  686,  807,  652,  635,  612,  394],
        [   80,   80,  745,  824,  206,  180,  705,  272,  776,  903,  514,  359,  458,  546,  505,  550,  710,  650,  686,  187,  498,  180,  473,  679,  857,    0,  194,  324,  744,  339,  295,  216,  611,  216,  492,  224,  730,  521,  447,  148,  745,  836,  348,  318,  403,  121,  663,  208,  665,  702,  405,  506,  227,  607,  811,  401,  389,  734,  777,  375,  604,  600,  318,  646],
        [  117,  117,  938,  920,  132,   58,  861,  409,  955, 1024,  643,  433,  645,  432,  405,  742,  871,  556,  834,   37,  436,  193,  589,  838,  941,  194,    0,  436,  901,  451,  488,  409,  565,  176,  682,  372,  820,  714,  489,  187,  835,  935,  500,  460,  272,  219,  630,  244,  711,  789,  578,  700,  386,  750,  958,  571,  286,  898,  961,  260,  538,  783,  486,  796],
        [  372,  372,  680, 1073,  513,  460,  862,   73,  849, 1115,  743,  657,  348,  853,  818,  553,  855,  966,  861,  405,  819,  502,  724,  830, 1116,  324,  436,    0,  895,  612,  319,  306,  934,  533,  533,  480,  988,  510,  755,  471, 1004, 1079,  564,  557,  699,  224,  986,  204,  962,  966,  233,  475,  466,  802,  979,  566,  698,  868,  831,  679,  926,  679,  509,  821],
        [  797,  797,  529,  365,  812,  855,   41,  825,  209,  281,  287,  532,  636,  960,  911,  420,   42,  964,   85,  911,  819,  729,  356,   67,  428,  744,  901,  895,    0,  470,  577,  601,  812,  774,  392,  531,  367,  458,  568,  721,  374,  350,  402,  442,  926,  833,  796,  922,  537,  381,  731,  498,  520,  168,   93,  347,  872,   52,  258,  887,  867,  252,  427,  111],
        [  365,  365,  699,  485,  347,  399,  430,  543,  576,  574,  194,   88,  548,  522,  470,  488,  446,  563,  395,  469,  396,  265,  139,  413,  518,  339,  451,  612,  470,    0,  379,  331,  445,  306,  413,  133,  391,  486,  186,  265,  406,  497,  122,   83,  462,  456,  465,  546,  355,  364,  570,  499,  149,  308,  515,  215,  411,  478,  598,  422,  477,  434,  170,  360],
        [  374,  374,  451,  784,  482,  473,  544,  250,  540,  807,  454,  452,  183,  796,  749,  268,  536,  878,  547,  477,  710,  422,  453,  512,  833,  295,  488,  319,  577,  379,    0,   81,  795,  473,  226,  266,  709,  233,  557,  392,  725,  787,  288,  302,  673,  317,  828,  388,  727,  692,  195,  213,  240,  494,  662,  261,  646,  550,  529,  639,  810,  366,  227,  508],
        [  295,  295,  530,  770,  401,  392,  565,  233,  590,  810,  439,  397,  259,  718,  672,  338,  562,  804,  560,  400,  638,  343,  426,  534,  816,  216,  409,  306,  601,  331,   81,    0,  728,  393,  286,  207,  689,  306,  502,  312,  704,  776,  262,  264,  593,  253,  765,  332,  685,  668,  245,  291,  184,  497,  681,  262,  567,  579,  584,  559,  739,  413,  205,  520],
        [  572,  572, 1143,  602,  442,  514,  779,  880,  975,  764,  544,  358,  975,  231,  209,  932,  806,  162,  728,  600,  132,  432,  480,  777,  585,  611,  565,  934,  812,  445,  795,  728,    0,  409,  857,  531,  516,  931,  267,  464,  522,  626,  566,  526,  336,  720,   72,  785,  320,  485,  971,  942,  557,  652,  814,  657,  293,  841, 1007,  324,   68,  861,  612,  710],
        [  164,  164,  902,  753,   46,  118,  734,  486,  858,  867,  499,  269,  651,  332,  290,  692,  748,  435,  700,  207,  288,   54,  438,  715,  771,  216,  176,  533,  774,  306,  473,  393,  409,    0,  624,  269,  653,  673,  315,   82,  667,  770,  385,  339,  201,  314,  469,  376,  536,  621,  614,  669,  292,  614,  820,  471,  176,  778,  872,  167,  395,  696,  390,  665],
        [  566,  566,  288,  675,  645,  655,  367,  468,  317,  655,  382,  501,  244,  915,  864,   75,  350,  971,  387,  678,  802,  570,  416,  334,  733,  492,  682,  533,  392,  413,  226,  286,  857,  624,    0,  362,  623,   84,  594,  546,  637,  671,  291,  333,  819,  538,  874,  612,  702,  616,  343,  115,  336,  365,  483,  204,  780,  354,  303,  781,  889,  150,  251,  354],
        [  268,  268,  647,  608,  298,  329,  491,  411,  592,  680,  291,  191,  445,  556,  506,  434,  500,  623,  467,  381,  454,  217,  254,  467,  645,  224,  372,  480,  531,  133,  266,  207,  531,  269,  362,    0,  517,  421,  296,  200,  533,  618,  129,   95,  459,  333,  563,  424,  485,  492,  450,  424,   28,  386,  592,  204,  419,  527,  604,  420,  549,  427,  122,  428],
        [  749,  749,  850,  101,  698,  764,  349,  917,  570,  249,  256,  388,  841,  714,  671,  683,  382,  677,  297,  844,  569,  628,  265,  366,  129,  730,  820,  988,  367,  391,  709,  689,  516,  653,  623,  517,    0,  706,  350,  638,   16,  120,  427,  432,  736,  846,  478,  936,  200,   34,  900,  737,  526,  268,  331,  455,  678,  412,  616,  702,  580,  539,  486,  305],
        [  598,  598,  229,  755,  690,  693,  437,  451,  351,  728,  465,  573,  186,  976,  926,   45,  417, 1039,  462,  706,  870,  620,  497,  404,  814,  521,  714,  510,  458,  486,  233,  306,  931,  673,   84,  421,  706,    0,  669,  594,  719,  751,  366,  405,  872,  549,  950,  616,  784,  699,  298,   42,  394,  446,  551,  283,  836,  417,  326,  835,  959,  208,  319,  431],
        [  441,  441,  877,  450,  360,  431,  532,  691,  715,  584,  286,  106,  731,  394,  345,  668,  556,  403,  485,  517,  251,  302,  219,  525,  461,  447,  489,  755,  568,  186,  557,  502,  267,  315,  594,  296,  350,  669,    0,  322,  363,  470,  304,  268,  389,  568,  281,  650,  224,  317,  745,  684,  319,  402,  586,  392,  331,  590,  745,  354,  309,  595,  354,  460],
        [  120,  120,  822,  737,   99,  135,  681,  418,  792,  838,  458,  251,  570,  410,  366,  614,  693,  507,  652,  207,  351,   34,  402,  660,  761,  148,  187,  471,  721,  265,  392,  312,  464,   82,  546,  200,  638,  594,  322,    0,  652,  751,  324,  281,  282,  259,  518,  334,  544,  607,  535,  588,  220,  567,  775,  404,  256,  722,  803,  248,  458,  626,  320,  614],
        [  764,  764,  861,   88,  712,  778,  357,  933,  578,  242,  271,  403,  855,  723,  681,  696,  390,  684,  305,  858,  578,  642,  281,  375,  113,  745,  835, 1004,  374,  406,  725,  704,  522,  667,  637,  533,   16,  719,  363,  652,    0,  109,  443,  448,  748,  861,  483,  952,  205,   47,  915,  751,  542,  280,  334,  470,  690,  420,  625,  714,  587,  551,  502,  315],
        [  860,  860,  868,   25,  815,  879,  346, 1007,  558,  146,  337,  503,  902,  830,  788,  722,  377,  787,  302,  958,  686,  743,  364,  371,   81,  836,  935, 1079,  350,  497,  787,  776,  626,  770,  671,  618,  120,  751,  470,  751,  109,    0,  516,  528,  856,  950,  582, 1041,  307,  154,  972,  786,  624,  307,  288,  527,  798,  401,  608,  822,  691,  565,  572,  324],
        [  396,  396,  578,  510,  419,  456,  362,  492,  474,  564,  180,  210,  444,  637,  586,  366,  371,  683,  339,  510,  516,  336,  166,  338,  554,  348,  500,  564,  402,  122,  288,  262,  566,  385,  291,  129,  427,  366,  304,  324,  443,  516,    0,   48,  562,  448,  584,  539,  443,  407,  482,  381,  121,  260,  464,   95,  515,  399,  491,  522,  599,  320,   62,  300],
        [  360,  360,  621,  520,  374,  414,  402,  486,  521,  587,  198,  169,  468,  590,  539,  408,  413,  639,  375,  472,  471,  291,  167,  380,  560,  318,  460,  557,  442,   83,  302,  264,  526,  339,  333,   95,  432,  405,  268,  281,  448,  528,   48,    0,  514,  425,  548,  516,  425,  409,  496,  417,   96,  293,  499,  142,  467,  442,  539,  475,  556,  368,   87,  336],
        [  333,  333, 1100,  836,  197,  240,  887,  663, 1034,  973,  641,  396,  850,  161,  141,  889,  906,  289,  847,  308,  209,  253,  574,  873,  839,  403,  272,  699,  926,  462,  673,  593,  336,  201,  819,  459,  736,  872,  389,  282,  748,  856,  562,  514,    0,  477,  407,  515,  576,  703,  807,  868,  484,  760,  960,  653,   59,  938, 1053,   40,  291,  880,  577,  816],
        [  151,  151,  761,  939,  291,  238,  795,  191,  841, 1010,  622,  479,  446,  630,  595,  585,  797,  744,  781,  193,  601,  289,  586,  767,  973,  121,  219,  224,  833,  456,  317,  253,  720,  314,  538,  333,  846,  549,  568,  259,  861,  950,  448,  425,  477,    0,  775,   92,  786,  819,  365,  526,  330,  707,  906,  487,  475,  818,  836,  455,  708,  663,  409,  741],
        [  629,  629, 1155,  558,  504,  577,  765,  929,  968,  724,  539,  381, 1006,  300,  280,  948,  793,  214,  712,  665,  201,  487,  479,  766,  535,  663,  630,  986,  796,  465,  828,  765,   72,  469,  874,  563,  478,  950,  281,  518,  483,  582,  584,  548,  407,  775,    0,  844,  279,  449, 1010,  964,  589,  640,  790,  671,  363,  828, 1003,  393,  132,  865,  634,  697],
        [  216,  216,  818, 1030,  346,  281,  884,  202,  921, 1102,  714,  565,  492,  674,  644,  654,  884,  795,  871,  210,  661,  360,  677,  855, 1064,  208,  244,  204,  922,  546,  388,  332,  785,  376,  612,  424,  936,  616,  650,  334,  952, 1041,  539,  516,  515,   92,  844,    0,  870,  909,  396,  589,  422,  798,  995,  575,  524,  905,  914,  500,  767,  744,  499,  831],
        [  664,  664,  963,  283,  581,  653,  511,  895,  726,  446,  325,  308,  886,  529,  491,  771,  542,  481,  457,  740,  389,  526,  288,  519,  270,  665,  711,  962,  537,  355,  727,  685,  320,  536,  702,  485,  200,  784,  224,  544,  205,  307,  443,  425,  576,  786,  279,  870,    0,  171,  921,  808,  504,  398,  519,  506,  519,  576,  767,  547,  386,  655,  503,  451],
        [  719,  719,  850,  134,  666,  732,  360,  895,  580,  281,  241,  357,  828,  681,  638,  677,  392,  646,  306,  813,  536,  597,  243,  374,  155,  702,  789,  966,  381,  364,  692,  668,  485,  621,  616,  492,   34,  699,  317,  607,   47,  154,  407,  409,  703,  819,  449,  909,  171,    0,  883,  728,  502,  268,  352,  441,  645,  424,  625,  669,  549,  539,  467,  310],
        [  479,  479,  448,  971,  610,  581,  703,  197,  648,  980,  645,  640,  119,  945,  901,  343,  689, 1039,  715,  556,  876,  568,  647,  669, 1022,  405,  578,  233,  731,  570,  195,  245,  971,  614,  343,  450,  900,  298,  745,  535,  915,  972,  482,  496,  807,  365, 1010,  396,  921,  883,    0,  259,  427,  672,  820,  446,  789,  696,  624,  777,  979,  492,  421,  677],
        [  585,  585,  239,  790,  683,  681,  476,  419,  392,  767,  493,  585,  146,  978,  929,   86,  457, 1045,  500,  689,  876,  616,  521,  443,  848,  506,  700,  475,  498,  499,  213,  291,  942,  669,  115,  424,  737,   42,  684,  588,  751,  786,  381,  417,  868,  526,  964,  589,  808,  728,  259,    0,  397,  480,  590,  303,  835,  457,  365,  832,  968,  248,  331,  468],
        [  278,  278,  620,  615,  318,  345,  481,  396,  574,  681,  293,  214,  418,  583,  533,  407,  488,  650,  460,  393,  481,  239,  261,  456,  654,  227,  386,  466,  520,  149,  240,  184,  557,  292,  336,   28,  526,  394,  319,  220,  542,  624,  121,   96,  484,  330,  589,  422,  504,  502,  427,  397,    0,  381,  585,  186,  445,  514,  584,  446,  577,  406,  102,  420],
        [  652,  652,  583,  310,  653,  701,  131,  730,  330,  314,  120,  365,  597,  793,  743,  419,  156,  801,   88,  764,  652,  571,  188,  126,  369,  607,  750,  802,  168,  308,  494,  497,  652,  614,  365,  386,  268,  446,  402,  567,  280,  307,  260,  293,  760,  707,  640,  798,  398,  268,  672,  480,  381,    0,  208,  236,  706,  190,  370,  721,  704,  272,  301,   59],
        [  859,  859,  615,  306,  861,  909,  119,  908,  282,  196,  323,  566,  727,  980,  931,  512,  134,  971,  125,  971,  835,  779,  388,  152,  368,  811,  958,  979,   93,  515,  662,  681,  814,  820,  483,  592,  331,  551,  586,  775,  334,  288,  464,  499,  960,  906,  790,  995,  519,  352,  820,  590,  585,  208,    0,  421,  905,  139,  333,  922,  873,  344,  497,  166],
        [  460,  460,  486,  525,  501,  531,  309,  494,  389,  550,  201,  302,  388,  731,  680,  277,  311,  777,  299,  576,  610,  419,  218,  280,  576,  401,  571,  566,  347,  215,  261,  262,  657,  471,  204,  204,  455,  283,  392,  404,  470,  527,   95,  142,  653,  487,  671,  575,  506,  441,  446,  303,  186,  236,  421,    0,  608,  334,  402,  614,  691,  227,   86,  258],
        [  327,  327, 1064,  778,  186,  244,  834,  657,  985,  915,  586,  341,  825,  157,  121,  851,  853,  272,  793,  322,  163,  225,  519,  820,  781,  389,  286,  698,  872,  411,  646,  567,  293,  176,  780,  419,  678,  836,  331,  256,  690,  798,  515,  467,   59,  475,  363,  524,  519,  645,  789,  835,  445,  706,  905,  608,    0,  886, 1005,   31,  256,  834,  535,  762],
        [  791,  791,  478,  415,  814,  854,   65,  799,  160,  331,  306,  546,  597,  980,  930,  377,   35,  990,  119,  906,  840,  731,  374,   66,  478,  734,  898,  868,   52,  478,  550,  579,  841,  778,  354,  527,  412,  417,  590,  722,  420,  401,  399,  442,  938,  818,  828,  905,  576,  424,  696,  457,  514,  190,  139,  334,  886,    0,  208,  898,  894,  209,  417,  132],
        [  846,  846,  296,  622,  901,  926,  268,  769,   52,  528,  465,  679,  509, 1119, 1067,  281,  235, 1147,  320,  962,  987,  820,  528,  252,  686,  777,  961,  831,  258,  598,  529,  584, 1007,  872,  303,  604,  616,  326,  745,  803,  625,  608,  491,  539, 1053,  836, 1003,  914,  767,  625,  624,  365,  584,  370,  333,  402, 1005,  208,    0, 1013, 1054,  179,  483,  318],
        [  309,  309, 1063,  802,  169,  221,  848,  639,  994,  937,  602,  357,  817,  175,  145,  852,  866,  296,  808,  296,  193,  218,  535,  833,  807,  375,  260,  679,  887,  422,  639,  559,  324,  167,  781,  420,  702,  835,  354,  248,  714,  822,  522,  475,   40,  455,  393,  500,  547,  669,  777,  832,  446,  721,  922,  614,   31,  898, 1013,    0,  285,  840,  538,  776],
        [  558,  558, 1176,  668,  422,  490,  833,  876, 1023,  829,  592,  389,  991,  168,  155,  963,  859,   99,  783,  574,  108,  425,  527,  829,  652,  604,  538,  926,  867,  477,  810,  739,   68,  395,  889,  549,  580,  959,  309,  458,  587,  691,  599,  556,  291,  708,  132,  767,  386,  549,  979,  968,  577,  704,  873,  691,  256,  894, 1054,  285,    0,  902,  640,  763],
        [  668,  668,  312,  573,  724,  748,  234,  613,  178,  527,  333,  518,  389,  954,  903,  169,  211,  992,  266,  784,  828,  644,  387,  202,  635,  600,  783,  679,  252,  434,  366,  413,  861,  696,  150,  427,  539,  208,  595,  626,  551,  565,  320,  368,  880,  663,  865,  744,  655,  539,  492,  248,  406,  272,  344,  227,  834,  209,  179,  840,  902,    0,  306,  242],
        [  375,  375,  539,  566,  419,  446,  389,  437,  472,  611,  235,  255,  384,  665,  614,  325,  393,  721,  373,  491,  552,  338,  227,  361,  612,  318,  486,  509,  427,  170,  227,  205,  612,  390,  251,  122,  486,  319,  354,  320,  502,  572,   62,   87,  577,  409,  634,  499,  503,  467,  421,  331,  102,  301,  497,   86,  535,  417,  483,  538,  640,  306,    0,  332],
        [  695,  695,  549,  332,  703,  749,   73,  750,  276,  304,  177,  421,  594,  851,  801,  400,   97,  859,   41,  808,  711,  621,  246,   69,  394,  646,  796,  821,  111,  360,  508,  520,  710,  665,  354,  428,  305,  431,  460,  614,  315,  324,  300,  336,  816,  741,  697,  831,  451,  310,  677,  468,  420,   59,  166,  258,  762,  132,  318,  776,  763,  242,  332,    0]
    ]
}
