{
    "name": "random-88-21131",
    "comment": "size=88 seed=21131",
    "nodes": ["+0", "-0", "+1", "-1", "+2", "-2", "+3", "-3", "+4", "-4", "+5", "-5", "+6", "-6", "+7", "-7", "+8", "-8", "+9", "-9", "+10", "-10", "+11", "-11", "+12", "-12", "+13", "-13", "+14", "-14", "+15", "-15", "+16", "-16", "+17", "-17", "+18", "-18", "+19", "-19", "+20", "-20", "+21", "-21", "+22", "-22", "+23", "-23", "+24", "-24", "+25", "-25", "+26", "-26", "+27", "-27", "+28", "-28", "+29", "-29", "+30", "-30", "+31", "-31", "+32", "-32", "+33", "-33", "+34", "-34", "+35", "-35", "+36", "-36", "+37", "-37", "+38", "-38", "+39", "-39", "+40", "-40", "+41", "-41", "+42", "-42", "+43", "-43", "+44", "-44", "+45", "-45", "+46", "-46", "+47", "-47", "+48", "-48", "+49", "-49", "+50", "-50", "+51", "-51", "+52", "-52", "+53", "-53", "+54", "-54", "+55", "-55", "+56", "-56", "+57", "-57", "+58", "-58", "+59", "-59", "+60", "-60", "+61", "-61", "+62", "-62", "+63", "-63", "+64", "-64", "+65", "-65", "+66", "-66", "+67", "-67", "+68", "-68", "+69", "-69", "+70", "-70", "+71", "-71", "+72", "-72", "+73", "-73", "+74", "-74", "+75", "-75", "+76", "-76", "+77", "-77", "+78", "-78", "+79", "-79", "+80", "-80", "+81", "-81", "+82", "-82", "+83", "-83", "+84", "-84", "+85", "-85", "+86", "-86", "+87", "-87", "+88", "-88"],
    "precedence": {
        "+0": "-0",
        "+1": "-1",
        "+2": "-2",
        "+3": "-3",
        "+4": "-4",
        "+5": "-5",
        "+6": "-6",
        "+7": "-7",
        "+8": "-8",
        "+9": "-9",
        "+10": "-10",
        "+11": "-11",
        "+12": "-12",
        "+13": "-13",
        "+14": "-14",
        "+15": "-15",
        "+16": "-16",
        "+17": "-17",
        "+18": "-18",
        "+19": "-19",
        "+20": "-20",
        "+21": "-21",
        "+22": "-22",
        "+23": "-23",
        "+24": "-24",
        "+25": "-25",
        "+26": "-26",
        "+27": "-27",
        "+28": "-28",
        "+29": "-29",
        "+30": "-30",
        "+31": "-31",
        "+32": "-32",
        "+33": "-33",
        "+34": "-34",
        "+35": "-35",
        "+36": "-36",
        "+37": "-37",
        "+38": "-38",
        "+39": "-39",
        "+40": "-40",
        "+41": "-41",
        "+42": "-42",
        "+43": "-43",
        "+44": "-44",
        "+45": "-45",
        "+46": "-46",
        "+47": "-47",
        "+48": "-48",
        "+49": "-49",
        "+50": "-50",
        "+51": "-51",
        "+52": "-52",
        "+53": "-53",
        "+54": "-54",
        "+55": "-55",
        "+56": "-56",
        "+57": "-57",
        "+58": "-58",
        "+59": "-59",
        "+60": "-60",
        "+61": "-61",
        "+62": "-62",
        "+63": "-63",
        "+64": "-64",
        "+65": "-65",
        "+66": "-66",
        "+67": "-67",
        "+68": "-68",
        "+69": "-69",
        "+70": "-70",
        "+71": "-71",
        "+72": "-72",
        "+73": "-73",
        "+74": "-74",
        "+75": "-75",
        "+76": "-76",
        "+77": "-77",
        "+78": "-78",
        "+79": "-79",
        "+80": "-80",
        "+81": "-81",
        "+82": "-82",
        "+83": "-83",
        "+84": "-84",
        "+85": "-85",
        "+86": "-86",
        "+87": "-87",
        "+88": "-88"
    },
    "edges": [
        [    0,    0,  167,  605,  160,  337,  419,  596,  639,   25,  342,  384,  722,  251,  331,   58,  272,  375,  571,  738,  701,  199,  459,  466,  362,  551,  617,  812,  673,  484,  189,  137,  508,  495,  519,  215,  738,  379,  250,  136,  197,  133,  479,  356,  725,  188,  424,  331,  422,  516,  478,  262,  289,  463,  229,  301,  844,  383,  716,  254,  567,  774,  235,  242,  387,  420,  213,  589,   34,  544,  403,  258,  464,  382,  430,  225,  305,  561,  431,  509,  336,  439,  591,  731,  386,  598,  235,  591,  361,  741,  674,  550,  290,  663,  718,  691,  433,  127,  574,  343,  266,  399,  305,  287,  600,  693,  478,  136,  303,  657,   77,  519,  347,  216,  639,  273,  530,  791,  165,  572,  414,  609,  341,  626,  489,  337,  560,  274,  591,  247,  323,  716,  473,  284,  171,  183,  252,  153,  489,  426,  378,  512,  469,  304,  469,  272,  139,  318,   56,  330,  440,  385,  752,  531,  490,  537,  534,  500,  425,  751,  361,  285,  510,   69,  389,  277,  573,  574,  516,  327,   42,  484,  707,  861,  151,  845,  719,  372],
        [    0,    0,    0,    0,    0,    0,    0,    0,    0,    0,    0,    0,    0,    0,    0,    0,    0,    0,    0,    0,    0,    0,    0,    0,    0,    0,    0,    0,    0,    0,    0,    0,    0,    0,    0,    0,    0,    0,    0,    0,    0,    0,    0,    0,    0,    0,    0,    0,    0,    0,    0,    0,    0,    0,    0,    0,    0,    0,    0,    0,    0,    0,    0,    0,    0,    0,    0,    0,    0,    0,    0,    0,    0,    0,    0,    0,    0,    0,    0,    0,    0,    0,    0,    0,    0,    0,    0,    0,    0,    0,    0,    0,    0,    0,    0,    0,    0,    0,    0,    0,    0,    0,    0,    0,    0,    0,    0,    0,    0,    0,    0,    0,    0,    0,    0,    0,    0,    0,    0,    0,    0,    0,    0,    0,    0,    0,    0,    0,    0,    0,    0,    0,    0,    0,    0,    0,    0,    0,    0,    0,    0,    0,    0,    0,    0,    0,    0,    0,    0,    0,    0,    0,    0,    0,    0,    0,    0,    0,    0,    0,    0,    0,    0,    0,    0,    0,    0,    0,    0,    0,    0,    0,    0,    0,    0,    0,    0,    0],
        [  167,    0,    0,  449,  325,  483,  477,  653,  474,  143,  269,  505,  558,  364,  389,  112,  120,  388,  409,  586,  630,  306,  310,  351,  228,  450,  496,  705,  521,  332,   38,  268,  375,  582,  441,  304,  577,  441,  409,  269,  276,  153,  557,  201,  585,  331,  292,  246,  295,  612,  312,  101,  186,  326,  394,  374,  723,  462,  646,  350,  538,  639,  379,  178,  508,  276,  350,  424,  178,  529,  486,  342,  341,  282,  284,   73,  204,  615,  508,  345,  396,  274,  592,  583,  242,  432,  356,  531,  320,  600,  601,  499,  377,  497,  618,  528,  348,  129,  640,  437,  416,  274,  142,  188,  684,  549,  325,  123,  292,  558,  213,  360,  477,  199,  474,  317,  553,  660,  330,  406,  315,  510,  456,  460,  348,  408,  417,  408,  452,  149,  408,  588,  439,  421,  334,  344,  375,  315,  391,  532,  290,  384,  401,  335,  311,  420,  181,  461,  221,  274,  275,  274,  646,  477,  342,  375,  488,  383,  380,  602,  338,  211,  485,  185,  238,  319,  427,  587,  408,  421,  169,  369,  602,  755,  317,  720,  556,  387],
        [  605,    0,  449,    0,  750,  854,  880, 1041,  134,  581,  368,  824,  315,  703,  634,  547,  334,  555,  286,  462,  808,  751,  380,  236,  256,  604,  567,  760,  428,  123,  445,  656,  465, 1003,  657,  633,  148,  674,  814,  659,  713,  515,  971,  249,  174,  717,  212,  545,  225, 1038,  208,  389,  346,  432,  830,  651,  719,  718,  820,  670,  823,  601,  827,  412,  951,  399,  726,  124,  624,  838,  909,  776,  489,  528,  391,  426,  339, 1003,  924,  249,  643,  203,  916,  146,  401,  149,  802,  757,  647,  541,  780,  753,  673,  175,  717,  130,  328,  502, 1038,  870,  864,  241,  309,  505, 1097,  129,  128,  490,  666,  679,  661,   96,  924,  473,  131,  579,  911,  633,  752,  190,  544,  649,  897,  179,  143,  667,   97,  768,  115,  379,  692,  593,  740,  783,  755,  786,  821,  757,  286,  966,  555,  488,  652,  736,  140,  868,  620,  910,  652,  601,  265,  280,  720,  731,  390,   93,  753,  524,  430,  160,  470,  547,  787,  634,  216,  576,   71,  928,  564,  715,  590,  524,  689,  801,  748,  703,  333,  763],
        [  160,    0,  325,  750,    0,  204,  448,  609,  794,  184,  444,  286,  882,  192,  323,  214,  422,  404,  731,  896,  815,  222,  616,  585,  499,  688,  762,  947,  830,  628,  349,  119,  659,  482,  643,  208,  888,  356,   99,  115,  256,  240,  479,  506,  857,  102,  556,  469,  551,  490,  636,  421,  415,  617,   89,  282,  986,  340,  830,  220,  657,  923,  176,  356,  339,  576,  125,  744,  161,  626,  405,  288,  612,  524,  587,  384,  428,  579,  438,  669,  325,  595,  656,  869,  542,  754,  223,  702,  476,  894,  790,  657,  258,  820,  850,  844,  533,  249,  579,  341,  182,  529,  460,  433,  583,  828,  623,  261,  406,  790,  155,  669,  288,  308,  794,  294,  581,  939,    9,  730,  554,  742,  312,  784,  625,  313,  695,  173,  723,  376,  283,  863,  573,  176,   17,   89,  230,   71,  595,  397,  515,  661,  591,  376,  619,  192,  256,  239,  105,  455,  599,  506,  887,  641,  647,  688,  639,  645,  497,  890,  423,  424,  601,  179,  535,  299,  712,  630,  656,  274,  162,  628,  842,  995,   27,  989,  879,  446],
        [  337,    0,  483,  854,  204,    0,  638,  786,  922,  357,  501,  116, 1034,  154,  274,  376,  553,  378,  889, 1069, 1017,  421,  790,  650,  600,  885,  954, 1145, 1003,  734,  515,  216,  844,  648,  844,  223, 1000,  275,  111,  215,  459,  352,  653,  629,  928,  153,  645,  664,  634,  648,  779,  584,  509,  799,  225,  235, 1180,  236, 1033,  192,  859, 1110,  351,  443,  494,  753,  135,  873,  350,  827,  586,  485,  801,  717,  763,  552,  516,  760,  618,  822,  269,  732,  854,  952,  719,  888,  412,  905,  678, 1076,  993,  860,  206,  953, 1049,  963,  576,  371,  752,  523,  337,  616,  599,  623,  742,  908,  731,  383,  609,  989,  355,  786,  441,  382,  921,  293,  775, 1128,  195,  871,  748,  940,  482,  921,  716,  245,  782,   87,  801,  479,  207, 1053,  776,   72,  188,  274,  414,  268,  640,  559,  711,  849,  793,  578,  737,  348,  455,  384,  286,  655,  752,  582, 1085,  844,  822,  808,  842,  836,  507,  975,  434,  618,  804,  376,  649,  298,  803,  826,  851,  184,  318,  820, 1040, 1193,  229, 1182, 1035,  648],
        [  419,    0,  477,  880,  448,  638,    0,  179,  853,  425,  736,  732,  848,  631,  742,  448,  588,  794,  706,  775,  476,  232,  557,  826,  700,  462,  562,  665,  720,  781,  461,  526,  531,  135,  381,  621,  977,  785,  528,  523,  223,  545,   96,  655, 1038,  543,  763,  349,  768,  176,  688,  498,  660,  521,  415,  706,  737,  778,  487,  649,  280,  727,  288,  636,  204,  520,  569,  810,  385,  235,   76,  166,  477,  388,  532,  466,  678,  142,   62,  680,  746,  678,  229, 1024,  501,  805,  227,  375,  258,  727,  463,  327,  688,  858,  571,  917,  820,  533,  164,  120,  311,  748,  588,  378,  218,  998,  771,  538,  217,  523,  347,  785,  236,  627,  854,  689,  142,  727,  457,  761,  393,  488,  177,  817,  810,  741,  874,  620,  912,  620,  718,  660,  249,  623,  463,  366,  224,  378,  867,  156,  361,  517,  336,  145,  745,  302,  303,  286,  427,  293,  630,  750,  613,  325,  572,  791,  307,  478,  835, 1039,  776,  335,  242,  351,  695,  693,  878,  194,  459,  714,  460,  464,  577,  703,  422,  750,  833,  129],
        [  596,    0,  653, 1041,  609,  786,  179,    0, 1002,  603,  914,  888,  974,  798,  914,  627,  761,  970,  843,  879,  498,  404,  696, 1001,  874,  554,  652,  704,  832,  948,  635,  697,  652,  146,  469,  792, 1127,  955,  679,  693,  400,  723,  133,  825, 1204,  708,  937,  498,  942,  168,  842,  667,  837,  654,  562,  877,  789,  946,  505,  819,  313,  804,  438,  814,  302,  663,  732,  962,  562,  269,  204,  340,  602,  527,  674,  637,  855,   39,  172,  826,  917,  839,  210, 1186,  649,  954,  388,  424,  398,  816,  495,  386,  858, 1002,  620, 1066,  998,  711,   40,  269,  450,  922,  758,  537,  114, 1162,  938,  716,  378,  585,  522,  946,  351,  805, 1004,  864,  149,  797,  617,  908,  523,  563,  305,  962,  980,  911, 1042,  780, 1081,  798,  887,  739,  339,  780,  623,  522,  379,  539, 1044,  234,  498,  634,  439,  319,  909,  439,  482,  408,  600,  442,  783,  927,  661,  395,  705,  950,  371,  592, 1013, 1200,  954,  495,  306,  529,  865,  869, 1044,  169,  564,  881,  637,  581,  635,  733,  583,  805,  957,  279],
        [  639,    0,  474,  134,  794,  922,  853, 1002,    0,  615,  464,  907,  181,  777,  727,  583,  375,  658,  182,  333,  714,  757,  311,  352,  331,  518,  465,  643,  306,  207,  460,  714,  381,  983,  582,  707,  127,  772,  870,  716,  713,  573,  947,  294,  282,  778,  308,  506,  324, 1020,  171,  392,  421,  359,  868,  739,  595,  812,  725,  748,  756,  476,  845,  485,  951,  341,  790,   51,  652,  777,  892,  772,  416,  477,  330,  432,  418,  965,  903,  177,  736,  201,  856,  234,  354,   49,  810,  677,  605,  416,  687,  680,  757,   42,  611,   65,  442,  556, 1004,  861,  885,  334,  335,  478, 1070,  239,  205,  544,  638,  579,  685,  142,  931,  547,    4,  666,  864,  509,  798,   95,  485,  555,  897,   53,  251,  759,  227,  838,  249,  445,  779,  476,  682,  853,  802,  817,  829,  789,  410,  957,  505,  404,  587,  715,  188,  888,  625,  925,  692,  563,  226,  377,  609,  660,  310,  118,  684,  444,  544,  236,  574,  519,  727,  655,  275,  663,  202,  874,  483,  801,  634,  447,  582,  682,  789,  579,  200,  729],
        [   25,    0,  143,  581,  184,  357,  425,  603,  615,    0,  326,  399,  698,  262,  334,   35,  248,  371,  548,  717,  690,  211,  437,  446,  340,  536,  599,  797,  651,  461,  166,  150,  488,  507,  506,  222,  715,  383,  272,  150,  203,  121,  489,  333,  703,  206,  402,  316,  401,  529,  454,  238,  269,  443,  253,  305,  826,  390,  705,  262,  561,  754,  255,  225,  404,  399,  229,  565,   48,  540,  413,  266,  445,  366,  409,  202,  286,  567,  441,  486,  339,  415,  589,  708,  364,  574,  250,  581,  352,  721,  662,  541,  297,  639,  703,  667,  416,  112,  582,  354,  287,  378,  281,  269,  611,  671,  454,  120,  297,  643,   92,  496,  365,  204,  615,  272,  532,  772,  189,  548,  398,  594,  357,  602,  466,  342,  537,  291,  569,  227,  330,  698,  466,  301,  194,  206,  268,  176,  472,  441,  363,  493,  458,  305,  446,  293,  135,  338,   79,  318,  416,  365,  737,  522,  468,  513,  526,  482,  414,  728,  352,  271,  504,   76,  366,  275,  551,  574,  499,  336,   45,  466,  691,  846,  175,  827,  696,  371],
        [  342,    0,  269,  368,  444,  501,  736,  914,  464,  326,    0,  459,  616,  347,  267,  296,  199,  196,  503,  709,  874,  536,  479,  150,  143,  677,  696,  912,  651,  259,  297,  331,  568,  829,  687,  280,  515,  309,  483,  334,  521,  213,  809,  212,  428,  383,  158,  502,  144,  854,  370,  307,   92,  517,  532,  285,  908,  351,  889,  310,  803,  805,  574,  102,  729,  462,  384,  421,  374,  796,  735,  587,  553,  524,  464,  314,   77,  877,  760,  431,  276,  317,  861,  452,  437,  443,  576,  784,  586,  754,  844,  757,  309,  502,  837,  490,   91,  216,  898,  678,  600,  131,  239,  443,  934,  408,  260,  207,  561,  781,  418,  323,  688,  137,  462,  215,  821,  833,  443,  445,  556,  736,  683,  480,  225,  300,  286,  415,  302,  121,  325,  769,  704,  430,  443,  507,  594,  476,  152,  766,  539,  585,  654,  600,  282,  608,  433,  655,  370,  538,  378,   89,  858,  734,  508,  347,  748,  598,  118,  475,  113,  474,  751,  400,  205,  211,  309,  856,  632,  350,  310,  588,  815,  961,  452,  900,  625,  655],
        [  384,    0,  505,  824,  286,  116,  732,  888,  907,  399,  459,    0, 1035,  142,  201,  410,  552,  303,  897, 1087, 1083,  507,  814,  606,  577,  934,  994, 1195, 1023,  709,  540,  249,  878,  754,  902,  206,  972,  184,  211,  250,  538,  358,  756,  619,  879,  201,  613,  714,  601,  756,  777,  604,  487,  830,  328,  175, 1222,  138, 1098,  162,  936, 1143,  451,  423,  602,  780,  175,  860,  406,  908,  686,  574,  839,  763,  788,  577,  490,  860,  718,  826,  194,  727,  941,  909,  746,  877,  506,  972,  742, 1105, 1057,  929,  152,  941, 1102,  942,  523,  380,  856,  621,  442,  584,  601,  667,  850,  864,  708,  390,  678, 1041,  421,  767,  549,  362,  906,  245,  866, 1164,  277,  867,  796,  992,  585,  912,  683,  168,  744,  115,  759,  465,  136, 1090,  848,  111,  270,  368,  511,  355,  585,  665,  761,  885,  853,  658,  720,  453,  517,  493,  342,  713,  759,  546, 1135,  911,  846,  790,  912,  878,  441,  932,  373,  669,  880,  436,  633,  249,  767,  915,  897,  111,  355,  862, 1090, 1244,  312, 1221, 1038,  728],
        [  722,    0,  558,  315,  882, 1034,  848,  974,  181,  698,  616, 1035,    0,  898,  868,  670,  484,  811,  154,  169,  609,  800,  296,  522,  475,  438,  360,  499,  168,  369,  533,  819,  323,  981,  517,  830,  256,  916,  967,  821,  750,  684,  943,  419,  450,  883,  467,  506,  484, 1022,  258,  461,  556,  327,  945,  874,  437,  953,  617,  873,  694,  320,  899,  616,  979,  337,  900,  205,  727,  724,  899,  799,  374,  460,  325,  499,  558,  939,  904,  214,  877,  309,  802,  396,  365,  180,  852,  598,  590,  262,  586,  614,  888,  140,  487,  210,  608,  663,  983,  880,  941,  490,  436,  498, 1057,  411,  364,  652,  641,  470,  752,  302,  968,  676,  184,  802,  828,  353,  887,  171,  456,  459,  925,  142,  420,  898,  405,  953,  429,  571,  914,  337,  638,  967,  891,  888,  871,  863,  582,  972,  487,  341,  538,  722,  336,  942,  673,  973,  777,  559,  284,  533,  475,  597,  277,  278,  623,  384,  707,  392,  728,  533,  678,  722,  413,  801,  382,  827,  416,  934,  726,  394,  458,  531,  871,  418,   25,  719],
        [  251,    0,  364,  703,  192,  154,  631,  798,  777,  262,  347,  142,  898,    0,  141,  270,  414,  238,  758,  946,  951,  400,  673,  497,  450,  796,  854, 1056,  882,  584,  399,  115,  737,  673,  768,   71,  849,  166,  166,  117,  422,  217,  669,  485,  775,   91,  493,  577,  482,  682,  641,  462,  359,  688,  264,   98, 1081,  149,  966,   40,  813, 1002,  368,  293,  531,  639,   70,  729,  276,  787,  595,  467,  699,  625,  647,  436,  365,  766,  627,  688,  140,  592,  827,  799,  605,  745,  411,  841,  611,  963,  924,  799,   69,  810,  964,  815,  423,  239,  769,  530,  372,  464,  463,  528,  774,  755,  582,  249,  551,  903,  299,  639,  479,  232,  776,  141,  758, 1022,  185,  732,  658,  854,  503,  779,  564,  123,  629,   69,  648,  333,   92,  949,  721,   84,  180,  281,  420,  260,  487,  589,  624,  744,  719,  540,  590,  382,  387,  428,  216,  579,  620,  429,  996,  781,  705,  661,  784,  738,  358,  821,  284,  532,  756,  309,  503,  147,  650,  805,  758,   84,  218,  722,  951, 1105,  216, 1081,  901,  611],
        [  331,    0,  389,  634,  323,  274,  742,  914,  727,  334,  267,  201,  868,  141,    0,  327,  398,  105,  741,  941, 1011,  511,  681,  409,  397,  838,  882, 1093,  879,  523,  426,  219,  757,  797,  823,  122,  782,   54,  307,  222,  523,  239,  789,  451,  679,  225,  424,  628,  410,  809,  614,  475,  313,  706,  402,   44, 1106,   86, 1027,  105,  893, 1016,  496,  255,  661,  653,  208,  682,  363,  873,  713,  577,  728,  668,  659,  459,  311,  881,  744,  668,    9,  561,  921,  711,  621,  702,  530,  906,  681,  971,  983,  869,   73,  764, 1006,  756,  324,  262,  888,  649,  505,  396,  448,  572,  900,  666,  524,  266,  630,  946,  397,  585,  611,  201,  725,   72,  859, 1040,  317,  698,  702,  898,  629,  738,  492,   35,  550,  201,  561,  302,   68,  969,  797,  213,  313,  411,  542,  386,  385,  716,  673,  769,  779,  634,  541,  515,  468,  562,  316,  642,  606,  355, 1034,  848,  713,  609,  855,  771,  240,  734,  173,  587,  837,  398,  457,   72,  574,  904,  797,   94,  291,  756,  990, 1142,  345, 1103,  875,  703],
        [   58,    0,  112,  547,  214,  376,  448,  627,  583,   35,  296,  410,  670,  270,  327,    0,  214,  355,  520,  694,  688,  240,  415,  412,  305,  527,  585,  787,  628,  426,  140,  164,  471,  535,  502,  221,  681,  378,  298,  164,  228,   99,  515,  299,  669,  224,  368,  309,  366,  558,  423,  211,  235,  424,  286,  302,  813,  389,  704,  265,  568,  737,  289,  194,  436,  378,  245,  532,   82,  550,  440,  293,  430,  356,  387,  177,  252,  590,  467,  457,  333,  383,  603,  674,  343,  541,  282,  582,  355,  701,  660,  543,  297,  607,  695,  634,  385,   85,  607,  383,  322,  344,  248,  258,  639,  636,  420,   91,  305,  634,  125,  462,  398,  179,  582,  261,  549,  756,  218,  517,  389,  585,  388,  571,  432,  338,  503,  305,  534,  193,  330,  682,  471,  317,  222,  240,  300,  210,  440,  471,  356,  477,  456,  321,  411,  328,  150,  373,  110,  317,  387,  332,  727,  523,  446,  479,  529,  469,  388,  694,  329,  265,  512,  105,  331,  264,  516,  590,  489,  338,   58,  453,  682,  836,  206,  813,  668,  386],
        [  272,    0,  120,  334,  422,  553,  588,  761,  375,  248,  199,  552,  484,  414,  398,  214,    0,  366,  346,  544,  676,  425,  290,  241,  113,  479,  502,  718,  481,  215,  128,  341,  374,  698,  490,  346,  468,  449,  496,  343,  394,  201,  671,   85,  466,  405,  176,  311,  181,  729,  227,  112,  108,  322,  499,  396,  719,  481,  691,  390,  614,  623,  495,  145,  627,  268,  419,  325,  290,  612,  602,  460,  356,  328,  271,  128,  123,  723,  622,  275,  407,  179,  682,  465,  240,  337,  475,  588,  401,  575,  646,  564,  408,  403,  640,  422,  258,  183,  751,  555,  531,  161,   51,  253,  798,  430,  208,  171,  390,  584,  329,  248,  596,  198,  374,  328,  652,  648,  425,  319,  358,  538,  575,  369,  229,  424,  298,  471,  333,   98,  435,  580,  517,  485,  428,  453,  494,  424,  290,  650,  345,  390,  460,  444,  198,  536,  299,  578,  321,  352,  209,  172,  662,  541,  320,  267,  556,  401,  316,  484,  296,  288,  565,  302,  120,  327,  308,  681,  434,  454,  261,  390,  619,  767,  418,  714,  487,  488],
        [  375,    0,  388,  555,  404,  378,  794,  970,  658,  371,  196,  303,  811,  238,  105,  355,  366,    0,  694,  899, 1017,  569,  655,  322,  337,  832,  865, 1080,  839,  452,  424,  289,  738,  862,  828,  197,  701,  126,  402,  293,  572,  257,  850,  401,  585,  312,  351,  634,  335,  878,  563,  459,  265,  686,  488,  144, 1084,  173, 1033,  199,  917,  987,  569,  223,  735,  632,  300,  616,  409,  902,  774,  631,  715,  668,  636,  452,  258,  935,  803,  622,  110,  510,  957,  620,  602,  638,  595,  918,  700,  938,  988,  884,  174,  697,  998,  681,  233,  276,  947,  711,  584,  325,  413,  575,  967,  574,  454,  275,  658,  940,  449,  517,  686,  189,  656,  111,  902, 1013,  399,  640,  701,  892,  698,  675,  414,  137,  466,  302,  473,  268,  172,  945,  819,  315,  396,  488,  609,  460,  290,  785,  677,  752,  788,  675,  477,  594,  504,  641,  374,  657,  564,  282, 1023,  862,  685,  542,  872,  759,  140,  643,   85,  597,  862,  443,  399,  106,  491,  944,  789,  198,  334,  746,  979, 1129,  422, 1079,  820,  740],
        [  571,    0,  409,  286,  731,  889,  706,  843,  182,  548,  503,  897,  154,  758,  741,  520,  346,  694,    0,  207,  533,  648,  150,  437,  361,  337,  285,  475,  155,  286,  382,  674,  203,  839,  405,  691,  304,  791,  818,  675,  598,  541,  802,  293,  453,  737,  370,  360,  387,  879,  133,  310,  431,  190,  792,  742,  440,  825,  544,  736,  581,  324,  746,  486,  829,  189,  755,  164,  575,  605,  754,  649,  244,  319,  176,  347,  437,  806,  760,   73,  750,  186,  684,  411,  213,  142,  700,  497,  450,  266,  506,  504,  754,  167,  433,  243,  513,  520,  849,  732,  788,  387,  297,  347,  919,  409,  278,  510,  495,  399,  599,  228,  817,  543,  184,  672,  700,  356,  736,   97,  321,  374,  775,  131,  342,  769,  353,  810,  387,  440,  781,  309,  513,  824,  741,  735,  718,  711,  501,  825,  347,  225,  415,  576,  240,  789,  520,  820,  627,  415,  138,  428,  435,  484,  138,  211,  509,  266,  606,  415,  614,  383,  556,  569,  299,  671,  336,  705,  304,  800,  577,  272,  405,  517,  720,  426,  148,  578],
        [  738,    0,  586,  462,  896, 1069,  775,  879,  333,  717,  709, 1087,  169,  946,  941,  694,  544,  899,  207,    0,  464,  774,  280,  641,  567,  326,  230,  333,   66,  488,  554,  854,  254,  909,  410,  882,  423,  992,  988,  854,  721,  730,  869,  498,  612,  916,  576,  461,  593,  951,  340,  486,  635,  284,  946,  939,  269, 1024,  470,  928,  580,  152,  880,  686,  932,  320,  936,  341,  736,  616,  836,  760,  309,  407,  309,  517,  641,  847,  835,  279,  950,  392,  690,  561,  354,  315,  824,  474,  524,   95,  445,  500,  949,  297,  333,  374,  719,  708,  894,  829,  922,  594,  493,  473,  972,  571,  481,  698,  587,  327,  751,  426,  931,  741,  336,  871,  731,  184,  902,  285,  391,  329,  880,  284,  543,  967,  544,  994,  574,  640,  977,  177,  542, 1007,  907,  885,  841,  864,  705,  915,  429,  263,  444,  668,  445,  921,  660,  945,  793,  505,  336,  635,  315,  487,  249,  405,  512,  299,  812,  558,  820,  498,  574,  722,  505,  870,  523,  721,  318,  995,  751,  314,  304,  363,  881,  250,  144,  649],
        [  701,    0,  630,  808,  815, 1017,  476,  498,  714,  690,  874, 1083,  609,  951, 1011,  688,  676, 1017,  533,  464,    0,  610,  436,  886,  765,  208,  252,  208,  442,  766,  594,  837,  345,  584,  190,  909,  834, 1063,  911,  835,  564,  773,  545,  692,  981,  883,  810,  385,  823,  625,  608,  568,  783,  385,  822,  989,  298, 1076,   16,  951,  197,  343,  710,  800,  677,  432,  908,  693,  678,  244,  551,  559,  334,  352,  435,  568,  798,  477,  533,  560, 1018,  637,  289,  942,  447,  674,  641,  113,  341,  377,   31,  161,  985,  695,  140,  774,  929,  751,  526,  579,  746,  811,  641,  442,  608,  936,  756,  748,  409,  140,  664,  730,  700,  829,  717,  942,  364,  326,  823,  626,  319,  160,  640,  663,  817, 1025,  854,  969,  893,  761, 1017,  291,  248,  978,  830,  759,  649,  755,  947,  630,  341,  322,  233,  452,  716,  739,  567,  740,  741,  372,  560,  838,  175,  174,  421,  721,  180,  291,  991,  948,  962,  425,  237,  647,  723,  944,  844,  330,  252, 1025,  734,  297,  164,  236,  791,  317,  586,  391],
        [  199,    0,  306,  751,  222,  421,  232,  404,  757,  211,  536,  507,  800,  400,  511,  240,  425,  569,  648,  774,  610,    0,  508,  648,  531,  514,  602,  763,  711,  637,  306,  295,  523,  297,  455,  390,  870,  554,  311,  292,   54,  330,  282,  506,  890,  314,  596,  315,  597,  319,  587,  367,  472,  492,  213,  475,  815,  547,  625,  418,  441,  771,  108,  434,  202,  466,  339,  709,  165,  407,  206,   68,  469,  371,  478,  328,  490,  370,  235,  600,  515,  561,  434,  888,  436,  711,   53,  498,  285,  752,  589,  450,  457,  773,  665,  816,  625,  322,  379,  144,  150,  575,  443,  305,  402,  854,  629,  330,  210,  607,  122,  658,  175,  413,  757,  461,  360,  780,  231,  675,  394,  561,  150,  732,  653,  510,  723,  393,  758,  430,  487,  706,  363,  397,  238,  151,   72,  154,  679,  231,  354,  518,  401,  160,  611,  148,  133,  173,  197,  281,  536,  568,  704,  437,  534,  671,  431,  491,  623,  906,  559,  276,  386,  136,  544,  466,  732,  409,  491,  483,  238,  474,  662,  809,  196,  822,  791,  228],
        [  459,    0,  310,  380,  616,  790,  557,  696,  311,  437,  479,  814,  296,  673,  681,  415,  290,  655,  150,  280,  436,  508,    0,  459,  350,  228,  220,  435,  214,  331,  277,  576,   94,  690,  278,  611,  437,  734,  708,  577,  457,  458,  652,  274,  553,  638,  384,  211,  399,  729,  175,  211,  393,   52,  669,  674,  431,  761,  449,  657,  447,  335,  611,  433,  683,   43,  658,  277,  456,  467,  605,  504,  109,  170,   31,  239,  404,  659,  611,  137,  690,  203,  546,  521,   75,  264,  560,  377,  301,  292,  406,  374,  681,  307,  367,  375,  515,  435,  700,  585,  653,  390,  242,  204,  770,  508,  321,  427,  346,  318,  474,  296,  674,  481,  313,  610,  555,  359,  622,  216,  175,  280,  629,  267,  384,  705,  420,  717,  459,  387,  711,  291,  371,  730,  628,  608,  578,  587,  523,  677,  199,  116,  277,  427,  281,  653,  386,  681,  514,  265,  125,  424,  383,  352,   33,  290,  376,  146,  593,  530,  584,  237,  417,  444,  298,  610,  410,  563,  186,  726,  473,  144,  343,  483,  602,  425,  285,  429],
        [  466,    0,  351,  236,  585,  650,  826, 1001,  352,  446,  150,  606,  522,  497,  409,  412,  241,  322,  437,  641,  886,  648,  459,    0,  130,  680,  677,  889,  591,  155,  367,  475,  553,  932,  708,  429,  380,  445,  631,  478,  623,  347,  907,  196,  279,  530,   77,  544,   64,  960,  309,  346,  178,  506,  671,  432,  870,  490,  900,  460,  847,  758,  700,  230,  847,  456,  533,  318,  493,  849,  836,  691,  553,  551,  454,  368,  161,  963,  858,  372,  417,  263,  920,  304,  440,  343,  693,  809,  639,  702,  856,  790,  456,  393,  826,  365,   92,  343,  989,  785,  730,   81,  256,  488, 1034,  259,  161,  332,  631,  776,  537,  220,  810,  280,  350,  362,  893,  788,  585,  360,  578,  736,  797,  380,  102,  442,  144,  565,  154,  220,  471,  733,  751,  579,  585,  641,  711,  609,   65,  877,  572,  574,  685,  683,  197,  737,  530,  783,  501,  590,  339,   81,  840,  767,  483,  244,  785,  597,  195,  327,  239,  526,  800,  515,  164,  358,  169,  921,  635,  496,  439,  590,  801,  936,  590,  858,  535,  729],
        [  362,    0,  228,  256,  499,  600,  700,  874,  331,  340,  143,  577,  475,  450,  397,  305,  113,  337,  361,  567,  765,  531,  350,  130,    0,  561,  569,  784,  510,  134,  240,  401,  442,  809,  584,  380,  400,  443,  560,  404,  503,  261,  783,   76,  364,  462,   65,  415,   69,  839,  228,  216,   92,  392,  582,  408,  774,  482,  780,  419,  719,  668,  593,  158,  733,  339,  471,  286,  386,  719,  713,  570,  435,  424,  339,  239,   87,  835,  734,  289,  406,  175,  790,  371,  319,  305,  579,  684,  509,  615,  735,  663,  426,  367,  714,  366,  166,  250,  863,  664,  627,   50,  128,  359,  910,  332,  132,  238,  502,  661,  427,  190,  699,  219,  330,  335,  763,  696,  500,  304,  453,  619,  681,  342,  127,  428,  198,  514,  229,  125,  448,  635,  622,  529,  503,  543,  598,  512,  184,  759,  444,  461,  558,  556,  144,  633,  409,  677,  405,  460,  239,   75,  732,  640,  377,  214,  657,  480,  248,  392,  255,  396,  671,  403,   63,  333,  213,  792,  517,  471,  342,  471,  691,  832,  500,  765,  483,  600],
        [  551,    0,  450,  604,  688,  885,  462,  554,  518,  536,  677,  934,  438,  796,  838,  527,  479,  832,  337,  326,  208,  514,  228,  680,  561,    0,  101,  261,  282,  558,  413,  686,  140,  592,   85,  746,  641,  891,  786,  685,  462,  600,  551,  487,  777,  739,  604,  221,  617,  635,  401,  374,  586,  177,  715,  821,  302,  909,  222,  790,  257,  267,  622,  611,  638,  225,  764,  492,  535,  291,  528,  481,  127,  172,  228,  382,  601,  522,  522,  356,  845,  429,  367,  741,  243,  474,  557,  162,  232,  266,  179,  177,  821,  503,  169,  579,  726,  577,  570,  533,  662,  606,  440,  269,  649,  732,  548,  572,  306,  109,  533,  523,  646,  646,  520,  767,  406,  271,  696,  426,  139,   61,  590,  467,  609,  856,  647,  825,  686,  569,  853,  200,  219,  835,  703,  650,  570,  639,  741,  610,  174,  116,  127,  377,  508,  658,  432,  672,  599,  236,  352,  635,  201,  162,  215,  515,  188,   84,  794,  747,  771,  267,  249,  510,  517,  768,  637,  396,   45,  863,  579,   90,  156,  310,  667,  308,  418,  341],
        [  617,    0,  496,  567,  762,  954,  562,  652,  465,  599,  696,  994,  360,  854,  882,  585,  502,  865,  285,  230,  252,  602,  220,  677,  569,  101,    0,  217,  195,  541,  459,  748,  129,  693,  185,  799,  583,  935,  859,  747,  549,  648,  652,  493,  737,  805,  602,  294,  617,  735,  378,  408,  608,  180,  796,  870,  228,  958,  262,  844,  350,  170,  710,  642,  735,  235,  828,  448,  605,  387,  628,  573,  156,  239,  232,  424,  621,  621,  622,  323,  890,  416,  460,  696,  263,  427,  647,  245,  325,  166,  228,  270,  872,  444,  152,  523,  734,  625,  669,  630,  751,  609,  458,  331,  749,  693,  532,  619,  397,  115,  608,  497,  741,  684,  468,  810,  504,  179,  769,  381,  210,  101,  686,  413,  596,  903,  624,  889,  661,  598,  904,  105,  319,  900,  776,  732,  661,  717,  741,  709,  251,  114,  226,  472,  492,  748,  509,  764,  668,  322,  339,  643,  164,  258,  195,  484,  283,  118,  811,  700,  798,  339,  347,  583,  517,  811,  610,  492,  111,  916,  641,  134,  125,  265,  742,  229,  337,  440],
        [  812,    0,  705,  760,  947, 1145,  665,  704,  643,  797,  912, 1195,  499, 1056, 1093,  787,  718, 1080,  475,  333,  208,  763,  435,  889,  784,  261,  217,    0,  340,  749,  668,  947,  345,  783,  309, 1005,  748, 1146, 1045,  946,  712,  857,  742,  708,  924, 1000,  815,  482,  831,  824,  585,  622,  824,  396,  970, 1078,   95, 1167,  203, 1049,  397,  184,  869,  857,  860,  451, 1025,  637,  796,  443,  739,  722,  366,  432,  448,  635,  837,  682,  725,  525, 1101,  627,  495,  877,  478,  613,  801,  291,  479,  238,  210,  339, 1079,  614,   99,  694,  949,  834,  731,  759,  908,  824,  674,  529,  814,  880,  739,  828,  554,  158,  793,  699,  877,  897,  646, 1022,  566,  155,  955,  571,  399,  206,  818,  591,  804, 1112,  825, 1086,  861,  813, 1111,  168,  420, 1096,  962,  905,  813,  895,  953,  820,  435,  329,  362,  614,  699,  903,  691,  910,  860,  493,  551,  858,   61,  342,  408,  683,  358,  323, 1027,  877, 1014,  528,  425,  770,  731, 1022,  809,  536,  299, 1123,  840,  337,  106,   50,  925,  117,  474,  563],
        [  673,    0,  521,  428,  830, 1003,  720,  832,  306,  651,  651, 1023,  168,  882,  879,  628,  481,  839,  155,   66,  442,  711,  214,  591,  510,  282,  195,  340,    0,  440,  489,  788,  193,  854,  365,  818,  409,  930,  922,  789,  658,  665,  814,  440,  587,  850,  524,  399,  541,  896,  285,  421,  575,  220,  881,  876,  292,  961,  450,  863,  539,  173,  816,  625,  872,  254,  871,  304,  670,  572,  779,  698,  248,  345,  243,  452,  582,  798,  779,  223,  887,  336,  649,  538,  288,  279,  761,  438,  466,  114,  420,  458,  885,  275,  320,  355,  666,  643,  844,  770,  858,  539,  431,  409,  921,  544,  432,  634,  527,  303,  686,  381,  869,  678,  308,  808,  683,  206,  836,  243,  332,  295,  820,  254,  496,  905,  504,  928,  536,  578,  914,  173,  494,  941,  842,  819,  778,  799,  656,  857,  369,  205,  394,  608,  395,  857,  595,  882,  728,  444,  276,  580,  310,  443,  184,  362,  469,  243,  757,  538,  762,  435,  529,  657,  449,  808,  484,  677,  268,  931,  686,  257,  291,  377,  815,  276,  144,  593],
        [  484,    0,  332,  123,  628,  734,  781,  948,  207,  461,  259,  709,  369,  584,  523,  426,  215,  452,  286,  488,  766,  637,  331,  155,  134,  558,  541,  749,  440,    0,  332,  534,  424,  899,  598,  513,  266,  567,  692,  537,  602,  393,  869,  132,  258,  596,  102,  460,  118,  932,  165,  284,  226,  381,  708,  537,  723,  608,  779,  552,  754,  609,  709,  292,  838,  337,  605,  167,  504,  763,  804,  667,  434,  453,  332,  318,  220,  909,  822,  225,  532,  129,  838,  251,  330,  191,  687,  700,  562,  552,  736,  689,  557,  246,  692,  234,  239,  380,  941,  761,  745,  128,  196,  413,  996,  219,   11,  368,  570,  647,  543,   67,  809,  353,  204,  465,  825,  640,  630,  205,  475,  610,  785,  228,   57,  556,   96,  648,  136,  258,  578,  588,  664,  663,  633,  666,  706,  636,  218,  857,  478,  446,  585,  636,   51,  750,  508,  792,  531,  513,  207,  171,  702,  666,  350,   92,  686,  475,  340,  270,  368,  455,  712,  516,   95,  462,   97,  846,  515,  601,  469,  471,  666,  794,  627,  710,  382,  669],
        [  189,    0,   38,  445,  349,  515,  461,  635,  460,  166,  297,  540,  533,  399,  426,  140,  128,  424,  382,  554,  594,  306,  277,  367,  240,  413,  459,  668,  489,  332,    0,  300,  339,  572,  404,  341,  567,  479,  437,  301,  270,  190,  544,  201,  588,  362,  303,  211,  308,  603,  293,   73,  210,  290,  414,  411,  686,  500,  609,  386,  507,  604,  387,  210,  507,  241,  382,  410,  196,  499,  476,  336,  304,  245,  249,   38,  228,  596,  496,  321,  434,  260,  565,  583,  207,  416,  358,  496,  289,  565,  564,  465,  414,  480,  581,  515,  372,  166,  624,  430,  426,  288,  137,  152,  671,  550,  324,  160,  267,  521,  225,  353,  480,  236,  460,  355,  529,  624,  354,  386,  278,  473,  454,  442,  353,  445,  421,  441,  457,  178,  445,  551,  408,  454,  359,  360,  377,  333,  412,  526,  253,  348,  366,  317,  306,  429,  176,  468,  245,  242,  252,  294,  609,  442,  308,  366,  454,  346,  411,  600,  372,  178,  454,  196,  241,  356,  428,  561,  371,  458,  198,  331,  564,  717,  338,  684,  530,  364],
        [  137,    0,  268,  656,  119,  216,  526,  697,  714,  150,  331,  249,  819,  115,  219,  164,  341,  289,  674,  854,  837,  295,  576,  475,  401,  686,  748,  947,  788,  534,  300,    0,  634,  579,  655,   97,  799,  260,  159,    4,  311,  143,  571,  421,  751,   65,  454,  466,  447,  592,  565,  368,  313,  587,  206,  181,  975,  255,  852,  125,  699,  900,  281,  250,  447,  540,   83,  665,  161,  674,  495,  361,  593,  515,  549,  337,  324,  664,  526,  606,  222,  520,  715,  767,  505,  677,  312,  727,  497,  864,  810,  685,  163,  743,  853,  759,  418,  159,  670,  431,  295,  426,  386,  419,  683,  725,  530,  171,  436,  792,  186,  582,  397,  196,  713,  179,  648,  919,  116,  659,  548,  744,  412,  709,  525,  216,  594,  142,  619,  277,  194,  845,  607,  154,  115,  199,  324,  171,  481,  499,  513,  640,  606,  428,  532,  305,  273,  353,  103,  466,  537,  399,  887,  667,  608,  603,  669,  631,  379,  789,  305,  421,  642,  195,  445,  184,  612,  695,  649,  194,  108,  615,  841,  995,  134,  975,  819,  498],
        [  508,    0,  375,  465,  659,  844,  531,  652,  381,  488,  568,  878,  323,  737,  757,  471,  374,  738,  203,  254,  345,  523,   94,  553,  442,  140,  129,  345,  193,  424,  339,  634,    0,  665,  203,  679,  505,  810,  755,  634,  470,  527,  625,  366,  638,  693,  477,  208,  492,  706,  264,  283,  480,   52,  703,  747,  350,  835,  358,  724,  380,  267,  629,  515,  680,  107,  715,  353,  500,  405,  588,  506,   56,  154,  104,  303,  492,  617,  589,  217,  766,  296,  484,  602,  137,  336,  572,  297,  275,  235,  316,  302,  751,  369,  274,  443,  607,  503,  662,  577,  671,  483,  329,  228,  736,  593,  414,  496,  335,  224,  509,  385,  678,  558,  383,  686,  506,  286,  666,  288,  140,  187,  628,  332,  477,  779,  510,  776,  549,  470,  782,  213,  316,  787,  672,  640,  588,  622,  616,  665,  176,   24,  216,  416,  374,  670,  414,  692,  561,  252,  218,  516,  291,  282,   76,  376,  307,   64,  683,  609,  669,  248,  357,  482,  391,  686,  499,  507,  103,  796,  527,   72,  250,  394,  642,  346,  306,  402],
        [  495,    0,  582, 1003,  482,  648,  135,  146,  983,  507,  829,  754,  981,  673,  797,  535,  698,  862,  839,  909,  584,  297,  690,  932,  809,  592,  693,  783,  854,  899,  572,  579,  665,    0,  510,  676, 1105,  835,  543,  576,  310,  626,   42,  771, 1157,  582,  874,  481,  877,   43,  815,  617,  760,  655,  426,  757,  859,  821,  594,  698,  388,  856,  307,  728,  157,  652,  606,  938,  462,  341,   97,  243,  611,  522,  664,  582,  778,  134,   80,  810,  799,  803,  308, 1146,  632,  934,  268,  492,  392,  858,  575,  446,  736,  989,  691, 1046,  917,  618,  108,  153,  312,  856,  704,  505,  106, 1117,  890,  625,  346,  647,  418,  908,  209,  710,  983,  753,  222,  854,  489,  891,  527,  615,  171,  948,  924,  791,  991,  649, 1028,  719,  763,  789,  376,  648,  495,  393,  256,  414,  968,   90,  494,  651,  468,  269,  866,  301,  402,  266,  489,  425,  758,  854,  733,  449,  705,  916,  428,  612,  920, 1162,  855,  464,  360,  431,  811,  758,  996,  266,  592,  755,  534,  598,  700,  817,  457,  873,  967,  263],
