{
    "name": "random-27-22905",
    "comment": "size=27 seed=22905",
    "nodes": ["+0", "-0", "+1", "-1", "+2", "-2", "+3", "-3", "+4", "-4", "+5", "-5", "+6", "-6", "+7", "-7", "+8", "-8", "+9", "-9", "+10", "-10", "+11", "-11", "+12", "-12", "+13", "-13", "+14", "-14", "+15", "-15", "+16", "-16", "+17", "-17", "+18", "-18", "+19", "-19", "+20", "-20", "+21", "-21", "+22", "-22", "+23", "-23", "+24", "-24", "+25", "-25", "+26", "-26", "+27", "-27"],
    "precedence": {
        "+0": "-0",
        "+1": "-1",
        "+2": "-2",
        "+3": "-3",
        "+4": "-4",
        "+5": "-5",
        "+6": "-6",
        "+7": "-7",
        "+8": "-8",
        "+9": "-9",
        "+10": "-10",
        "+11": "-11",
        "+12": "-12",
        "+13": "-13",
        "+14": "-14",
        "+15": "-15",
        "+16": "-16",
        "+17": "-17",
        "+18": "-18",
        "+19": "-19",
        "+20": "-20",
        "+21": "-21",
        "+22": "-22",
        "+23": "-23",
        "+24": "-24",
        "+25": "-25",
        "+26": "-26",
        "+27": "-27"
    },
    "edges": [
        [    0,    0,  129,  256,  638,  728,  672,  232,  304,  292,  272,  401,  148,  404,  576,  627,  253,  150,  631,  523,  173,  521,  411,  148,  118,  441,  277,  342,  636,  593,  721,  558,  227,  326,   72,  565,  711,  534,  406,  345,   56,  286,  691,  356,  476,  422,  538,  562,  289,  403,  318,  414,  318,  642,  324,  485],
        [    0,    0,  129,  256,  638,  728,  672,  232,  304,  292,  272,  401,  148,  404,  576,  627,  253,  150,  631,  523,  173,  521,  411,  148,  118,  441,  277,  342,  636,  593,  721,  558,  227,  326,   72,  565,  711,  534,  406,  345,   56,  286,  691,  356,  476,  422,  538,  562,  289,  403,  318,  414,  318,  642,  324,  485],
        [  129,  129,    0,  204,  547,  822,  640,  357,  423,  165,  344,  515,  268,  474,  564,  583,  128,  266,  667,  628,  105,  418,  465,  150,  240,  553,  377,  286,  556,  677,  820,  436,  355,  397,  135,  587,  644,  633,  523,  432,   79,  414,  691,  441,  565,  548,  412,  538,  381,  493,  446,  538,  434,  665,  214,  380],
        [  256,  256,  204,    0,  392,  734,  437,  467,  547,  269,  268,  495,  395,  656,  365,  381,  262,  401,  499,  575,  100,  293,  335,  349,  301,  688,  531,  480,  383,  577,  743,  523,  446,  578,  307,  409,  456,  568,  647,  364,  243,  490,  496,  367,  731,  577,  472,  335,  334,  422,  506,  642,  435,  486,  365,  266],
        [  638,  638,  547,  392,    0,  994,  341,  858,  937,  486,  615,  847,  783, 1020,  401,  266,  514,  787,  637,  893,  466,  142,  604,  693,  692, 1077,  913,  746,   69,  838, 1016,  577,  837,  944,  676,  540,  175,  873, 1037,  697,  611,  879,  505,  694, 1108,  950,  501,  344,  687,  742,  892, 1033,  803,  586,  582,  182],
        [  728,  728,  822,  734,  994,    0,  735,  664,  708,  969,  483,  351,  703,  950,  618,  771,  942,  719,  397,  218,  767,  972,  407,  869,  618,  780,  790, 1068,  941,  160,   44, 1243,  621,  900,  788,  471,  922,  196,  729,  391,  777,  578,  586,  383,  922,  440, 1200,  667,  442,  329,  536,  664,  433,  461, 1035,  962],
        [  672,  672,  640,  437,  341,  735,    0,  835,  918,  667,  507,  700,  787, 1074,  131,   80,  676,  798,  342,  697,  536,  412,  418,  784,  667, 1057,  931,  909,  273,  594,  766,  851,  800,  996,  734,  267,  203,  665, 1007,  550,  672,  820,  173,  541, 1132,  831,  780,  114,  570,  572,  815,  981,  690,  281,  772,  433],
        [  232,  232,  357,  467,  858,  664,  835,    0,   84,  512,  343,  314,   91,  295,  720,  805,  470,   97,  701,  446,  400,  748,  479,  289,  172,  225,  130,  468,  848,  569,  644,  759,   46,  237,  234,  665,  910,  473,  181,  357,  279,   93,  812,  370,  308,  257,  751,  722,  306,  391,  139,  182,  239,  732,  517,  714],
        [  304,  304,  423,  547,  937,  708,  918,   84,    0,  571,  424,  365,  157,  243,  803,  889,  528,  157,  776,  493,  476,  824,  556,  332,  255,  142,   98,  490,  929,  626,  684,  803,  121,  204,  292,  744,  993,  524,  102,  429,  345,  134,  893,  443,  232,  278,  803,  805,  382,  457,  173,  125,  299,  810,  563,  789],
        [  292,  292,  165,  269,  486,  969,  667,  512,  571,    0,  487,  675,  422,  571,  621,  598,   44,  418,  767,  784,  204,  345,  589,  251,  404,  692,  510,  261,  515,  819,  971,  276,  516,  502,  280,  677,  619,  786,  669,  580,  239,  576,  755,  587,  678,  712,  247,  582,  534,  642,  610,  691,  597,  754,  105,  305],
        [  272,  272,  344,  268,  615,  483,  507,  343,  424,  487,    0,  234,  321,  618,  385,  491,  461,  335,  370,  309,  285,  546,  145,  420,  197,  557,  458,  610,  584,  335,  486,  761,  303,  546,  342,  324,  618,  304,  506,   97,  311,  315,  470,  102,  650,  340,  720,  396,   73,  158,  308,  475,  193,  393,  556,  525],
        [  401,  401,  515,  495,  847,  351,  700,  314,  365,  675,  234,    0,  354,  604,  571,  700,  641,  370,  460,  134,  489,  779,  283,  532,  285,  459,  442,  731,  813,  264,  335,  950,  270,  551,  453,  463,  837,  160,  405,  155,  455,  232,  618,  161,  590,  140,  920,  596,  163,  133,  193,  349,   86,  509,  723,  757],
        [  148,  148,  268,  395,  783,  703,  787,   91,  157,  422,  321,  354,    0,  298,  679,  750,  380,   17,  689,  487,  319,  668,  464,  203,  126,  295,  144,  391,  777,  592,  688,  670,  104,  227,  143,  642,  846,  508,  259,  359,  190,  167,  781,  372,  345,  327,  661,  674,  302,  403,  210,  271,  271,  713,  429,  632],
        [  404,  404,  474,  656, 1020,  950, 1074,  295,  243,  571,  618,  604,  298,    0,  972, 1030,  531,  285,  986,  734,  563,  889,  760,  330,  423,  232,  166,  386, 1027,  863,  927,  736,  340,   79,  349,  940, 1110,  764,  258,  647,  415,  373, 1078,  661,  124,  519,  758,  963,  593,  684,  415,  324,  533, 1011,  520,  850],
        [  576,  576,  564,  365,  401,  618,  131,  720,  803,  621,  385,  571,  679,  972,    0,  154,  622,  691,  238,  568,  461,  431,  289,  700,  556,  940,  823,  845,  339,  472,  646,  837,  683,  896,  642,  148,  305,  537,  889,  421,  584,  699,  135,  412, 1022,  703,  771,   58,  444,  442,  691,  859,  564,  186,  722,  440],
        [  627,  627,  583,  381,  266,  771,   80,  805,  889,  598,  491,  700,  750, 1030,  154,    0,  609,  760,  389,  712,  480,  333,  423,  730,  635, 1029,  893,  845,  199,  624,  799,  774,  773,  952,  685,  301,  151,  683,  981,  546,  622,  798,  241,  539, 1095,  825,  702,  108,  558,  576,  797,  959,  680,  332,  702,  354],
        [  253,  253,  128,  262,  514,  942,  676,  470,  528,   44,  461,  641,  380,  531,  622,  609,    0,  375,  756,  753,  184,  375,  570,  208,  367,  649,  467,  238,  539,  794,  943,  309,  474,  461,  237,  669,  640,  756,  626,  553,  198,  535,  754,  560,  637,  674,  286,  586,  504,  614,  570,  648,  562,  747,  104,  335],
        [  150,  150,  266,  401,  787,  719,  798,   97,  157,  418,  335,  370,   17,  285,  691,  760,  375,    0,  704,  503,  323,  671,  479,  193,  139,  292,  134,  378,  783,  608,  704,  662,  116,  212,  138,  656,  854,  524,  258,  375,  189,  179,  795,  388,  335,  340,  655,  685,  318,  420,  222,  274,  287,  727,  420,  635],
        [  631,  631,  667,  499,  637,  397,  342,  701,  776,  767,  370,  460,  689,  986,  238,  389,  756,  704,    0,  406,  575,  651,  226,  775,  567,  897,  823,  951,  576,  272,  431, 1016,  658,  916,  702,  101,  537,  368,  843,  348,  659,  651,  191,  335, 1007,  599,  957,  294,  396,  333,  628,  797,  489,   65,  859,  653],
        [  523,  523,  628,  575,  893,  218,  697,  446,  493,  784,  309,  134,  487,  734,  568,  712,  753,  503,  406,    0,  588,  844,  293,  660,  409,  575,  573,  859,  851,  157,  202, 1059,  404,  683,  580,  438,  857,   41,  522,  212,  575,  362,  586,  210,  712,  236, 1024,  605,  251,  155,  320,  461,  217,  465,  840,  827],
        [  173,  173,  105,  100,  466,  767,  536,  400,  476,  204,  285,  489,  319,  563,  461,  480,  184,  323,  575,  588,    0,  349,  387,  250,  249,  614,  448,  386,  467,  615,  770,  476,  387,  485,  214,  491,  548,  587,  577,  381,  148,  438,  589,  387,  644,  548,  437,  434,  338,  442,  462,  580,  417,  569,  286,  314],
        [  521,  521,  418,  293,  142,  972,  412,  748,  824,  345,  546,  779,  668,  889,  431,  333,  375,  671,  651,  844,  349,    0,  568,  560,  589,  962,  792,  605,  182,  813,  989,  452,  732,  814,  551,  550,  295,  829,  925,  637,  488,  780,  555,  637,  982,  869,  377,  375,  617,  690,  798,  927,  725,  611,  441,   41],
        [  411,  411,  465,  335,  604,  407,  418,  479,  556,  589,  145,  283,  464,  760,  289,  423,  570,  479,  226,  293,  387,  568,    0,  558,  341,  683,  598,  742,  559,  247,  421,  855,  436,  690,  482,  191,  567,  269,  630,  138,  445,  436,  345,  127,  786,  417,  806,  318,  175,  154,  419,  590,  284,  254,  670,  556],
        [  148,  148,  150,  349,  693,  869,  784,  289,  332,  251,  420,  532,  203,  330,  700,  730,  208,  193,  775,  660,  250,  560,  558,    0,  251,  445,  262,  199,  704,  739,  860,  472,  306,  256,   81,  705,  794,  674,  426,  491,  118,  370,  822,  502,  430,  527,  472,  679,  434,  548,  411,  456,  447,  783,  232,  521],
        [  118,  118,  240,  301,  692,  618,  667,  172,  255,  404,  197,  285,  126,  423,  556,  635,  367,  139,  567,  409,  249,  589,  341,  251,    0,  396,  267,  450,  679,  492,  609,  674,  146,  350,  171,  517,  739,  423,  351,  248,  173,  191,  657,  260,  466,  309,  651,  554,  190,  300,  214,  341,  201,  589,  441,  558],
        [  441,  441,  553,  688, 1077,  780, 1057,  225,  142,  692,  557,  459,  295,  232,  940, 1029,  649,  292,  897,  575,  614,  962,  683,  445,  396,    0,  184,  572, 1070,  722,  751,  906,  257,  239,  420,  873, 1134,  611,   55,  551,  478,  248, 1024,  564,  149,  342,  914,  944,  508,  570,  272,  117,  410,  935,  671,  926],
        [  277,  277,  377,  531,  913,  790,  931,  130,   98,  510,  458,  442,  144,  166,  823,  893,  467,  134,  823,  573,  448,  792,  598,  262,  267,  184,    0,  400,  912,  698,  769,  726,  175,  111,  242,  780,  986,  601,  170,  482,  305,  213,  923,  495,  202,  370,  731,  818,  429,  519,  258,  215,  368,  850,  489,  755],
        [  342,  342,  286,  480,  746, 1068,  909,  468,  490,  261,  610,  731,  391,  386,  845,  845,  238,  378,  951,  859,  386,  605,  742,  199,  450,  572,  400,    0,  775,  935, 1059,  352,  493,  339,  280,  873,  878,  873,  569,  687,  300,  556,  974,  697,  508,  717,  381,  814,  630,  744,  600,  614,  645,  951,  168,  565],
        [  636,  636,  556,  383,   69,  941,  273,  848,  929,  515,  584,  813,  777, 1027,  339,  199,  539,  783,  576,  851,  467,  182,  559,  704,  679, 1070,  912,  775,    0,  786,  965,  630,  824,  950,  680,  481,  115,  828, 1028,  660,  614,  862,  439,  656, 1110,  922,  555,  282,  656,  703,  871, 1019,  775,  523,  615,  218],
        [  593,  593,  677,  577,  838,  160,  594,  569,  626,  819,  335,  264,  592,  863,  472,  624,  794,  608,  272,  157,  615,  813,  247,  739,  492,  722,  698,  935,  786,    0,  179, 1091,  524,  804,  658,  328,  774,  117,  667,  249,  639,  493,  461,  239,  853,  388, 1046,  518,  306,  192,  456,  610,  331,  335,  890,  802],
        [  721,  721,  820,  743, 1016,   44,  766,  644,  684,  971,  486,  335,  688,  927,  646,  799,  943,  704,  431,  202,  770,  989,  421,  860,  609,  751,  769, 1059,  965,  179,    0, 1246,  603,  880,  780,  500,  950,  188,  700,  391,  772,  556,  621,  384,  894,  412, 1205,  694,  440,  329,  513,  635,  419,  495, 1033,  977],
        [  558,  558,  436,  523,  577, 1243,  851,  759,  803,  276,  761,  950,  670,  736,  837,  774,  309,  662, 1016, 1059,  476,  452,  855,  472,  674,  906,  726,  352,  630, 1091, 1246,    0,  770,  684,  528,  920,  744, 1061,  894,  855,  503,  833,  971,  862,  856,  979,   77,  789,  809,  917,  870,  928,  870,  993,  242,  423],
        [  227,  227,  355,  446,  837,  621,  800,   46,  121,  516,  303,  270,  104,  340,  683,  773,  474,  116,  658,  404,  387,  732,  436,  306,  146,  257,  175,  493,  824,  524,  603,  770,    0,  281,  242,  624,  883,  429,  209,  312,  278,   64,  772,  326,  350,  225,  758,  687,  262,  345,  107,  196,  194,  690,  530,  699],
        [  326,  326,  397,  578,  944,  900,  996,  237,  204,  502,  546,  551,  227,   79,  896,  952,  461,  212,  916,  683,  485,  814,  690,  256,  350,  239,  111,  339,  950,  804,  880,  684,  281,    0,  271,  866, 1032,  710,  249,  581,  337,  324, 1003,  594,  178,  479,  700,  885,  526,  622,  368,  307,  475,  939,  459,  775],
        [   72,   72,  135,  307,  676,  788,  734,  234,  292,  280,  342,  453,  143,  349,  642,  685,  237,  138,  702,  580,  214,  551,  482,   81,  171,  420,  242,  280,  680,  658,  780,  528,  242,  271,    0,  636,  762,  593,  392,  411,   66,  305,  759,  422,  433,  456,  518,  625,  353,  467,  344,  411,  368,  713,  288,  513],
        [  565,  565,  587,  409,  540,  471,  267,  665,  744,  677,  324,  463,  642,  940,  148,  301,  669,  656,  101,  438,  491,  550,  191,  705,  517,  873,  780,  873,  481,  328,  500,  920,  624,  866,  636,    0,  452,  404,  820,  328,  587,  626,  156,  316,  972,  601,  860,  200,  366,  331,  610,  781,  474,   79,  772,  552],
        [  711,  711,  644,  456,  175,  922,  203,  910,  993,  619,  618,  837,  846, 1110,  305,  151,  640,  854,  537,  857,  548,  295,  567,  794,  739, 1134,  986,  878,  115,  774,  950,  744,  883, 1032,  762,  452,    0,  830, 1090,  683,  696,  914,  375,  677, 1186,  957,  669,  257,  688,  717,  918, 1074,  810,  479,  721,  329],
        [  534,  534,  633,  568,  873,  196,  665,  473,  524,  786,  304,  160,  508,  764,  537,  683,  756,  524,  368,   41,  587,  829,  269,  674,  423,  611,  601,  873,  828,  117,  188, 1061,  429,  710,  593,  404,  830,    0,  557,  207,  584,  391,  549,  202,  746,  273, 1023,  576,  253,  146,  352,  497,  239,  427,  846,  813],
        [  406,  406,  523,  647, 1037,  729, 1007,  181,  102,  669,  506,  405,  259,  258,  889,  981,  626,  258,  843,  522,  577,  925,  630,  426,  351,   55,  170,  569, 1028,  667,  700,  894,  209,  249,  392,  820, 1090,  557,    0,  497,  446,  194,  972,  510,  195,  290,  897,  894,  455,  515,  217,   69,  356,  881,  656,  890],
        [  345,  345,  432,  364,  697,  391,  550,  357,  429,  580,   97,  155,  359,  647,  421,  546,  553,  375,  348,  212,  381,  637,  138,  491,  248,  551,  482,  687,  660,  249,  391,  855,  312,  581,  411,  328,  683,  207,  497,    0,  390,  304,  482,   14,  661,  282,  816,  444,   59,   62,  284,  455,  147,  385,  645,  618],
        [   56,   56,   79,  243,  611,  777,  672,  279,  345,  239,  311,  455,  190,  415,  584,  622,  198,  189,  659,  575,  148,  488,  445,  118,  173,  478,  305,  300,  614,  639,  772,  503,  278,  337,   66,  587,  696,  584,  446,  390,    0,  338,  705,  400,  498,  477,  484,  565,  335,  449,  372,  460,  372,  665,  269,  450],
        [  286,  286,  414,  490,  879,  578,  820,   93,  134,  576,  315,  232,  167,  373,  699,  798,  535,  179,  651,  362,  438,  780,  436,  370,  191,  248,  213,  556,  862,  493,  556,  833,   64,  324,  305,  626,  914,  391,  194,  304,  338,    0,  778,  317,  363,  164,  820,  708,  262,  326,   46,  162,  167,  688,  593,  748],
        [  691,  691,  691,  496,  505,  586,  173,  812,  893,  755,  470,  618,  781, 1078,  135,  241,  754,  795,  191,  586,  589,  555,  345,  822,  657, 1024,  923,  974,  439,  461,  621,  971,  772, 1003,  759,  156,  375,  549,  972,  482,  705,  778,    0,  471, 1118,  756,  904,  184,  517,  486,  764,  934,  628,  127,  856,  569],
        [  356,  356,  441,  367,  694,  383,  541,  370,  443,  587,  102,  161,  372,  661,  412,  539,  560,  388,  335,  210,  387,  637,  127,  502,  260,  564,  495,  697,  656,  239,  384,  862,  326,  594,  422,  316,  677,  202,  510,   14,  400,  317,  471,    0,  674,  291,  822,  436,   71,   56,  296,  467,  159,  373,  654,  618],
        [  476,  476,  565,  731, 1108,  922, 1132,  308,  232,  678,  650,  590,  345,  124, 1022, 1095,  637,  335, 1007,  712,  644,  982,  786,  430,  466,  149,  202,  508, 1110,  853,  894,  856,  350,  178,  433,  972, 1186,  746,  195,  661,  498,  363, 1118,  674,    0,  483,  876, 1019,  612,  689,  397,  263,  530, 1039,  635,  944],
        [  422,  422,  548,  577,  950,  440,  831,  257,  278,  712,  340,  140,  327,  519,  703,  825,  674,  340,  599,  236,  548,  869,  417,  527,  309,  342,  370,  717,  922,  388,  412,  979,  225,  479,  456,  601,  957,  273,  290,  282,  477,  164,  756,  291,  483,    0,  959,  724,  269,  271,  119,  226,  148,  648,  741,  842],
        [  538,  538,  412,  472,  501, 1200,  780,  751,  803,  247,  720,  920,  661,  758,  771,  702,  286,  655,  957, 1024,  437,  377,  806,  472,  651,  914,  731,  381,  555, 1046, 1205,   77,  758,  700,  518,  860,  669, 1023,  897,  816,  484,  820,  904,  822,  876,  959,    0,  721,  773,  878,  855,  926,  843,  932,  244,  349],
        [  562,  562,  538,  335,  344,  667,  114,  722,  805,  582,  396,  596,  674,  963,   58,  108,  586,  685,  294,  605,  434,  375,  318,  679,  554,  944,  818,  814,  282,  518,  694,  789,  687,  885,  625,  200,  257,  576,  894,  444,  565,  708,  184,  436, 1019,  724,  721,    0,  460,  471,  703,  868,  582,  244,  685,  386],
        [  289,  289,  381,  334,  687,  442,  570,  306,  382,  534,   73,  163,  302,  593,  444,  558,  504,  318,  396,  251,  338,  617,  175,  434,  190,  508,  429,  630,  656,  306,  440,  809,  262,  526,  353,  366,  688,  253,  455,   59,  335,  262,  517,   71,  612,  269,  773,  460,    0,  115,  248,  418,  123,  429,  594,  594],
        [  403,  403,  493,  422,  742,  329,  572,  391,  457,  642,  158,  133,  403,  684,  442,  576,  614,  420,  333,  155,  442,  690,  154,  548,  300,  570,  519,  744,  703,  192,  329,  917,  345,  622,  467,  331,  717,  146,  515,   62,  449,  326,  486,   56,  689,  271,  878,  471,  115,    0,  299,  466,  160,  378,  706,  672],
        [  318,  318,  446,  506,  892,  536,  815,  139,  173,  610,  308,  193,  210,  415,  691,  797,  570,  222,  628,  320,  462,  798,  419,  411,  214,  272,  258,  600,  871,  456,  513,  870,  107,  368,  344,  610,  918,  352,  217,  284,  372,   46,  764,  296,  397,  119,  855,  703,  248,  299,    0,  171,  140,  668,  631,  768],
        [  414,  414,  538,  642, 1033,  664,  981,  182,  125,  691,  475,  349,  271,  324,  859,  959,  648,  274,  797,  461,  580,  927,  590,  456,  341,  117,  215,  614, 1019,  610,  635,  928,  196,  307,  411,  781, 1074,  497,   69,  455,  460,  162,  934,  467,  263,  226,  926,  868,  418,  466,  171,    0,  309,  839,  687,  894],
        [  318,  318,  434,  435,  803,  433,  690,  239,  299,  597,  193,   86,  271,  533,  564,  680,  562,  287,  489,  217,  417,  725,  284,  447,  201,  410,  368,  645,  775,  331,  419,  870,  194,  475,  368,  474,  810,  239,  356,  147,  372,  167,  628,  159,  530,  148,  843,  582,  123,  160,  140,  309,    0,  530,  641,  700],
        [  642,  642,  665,  486,  586,  461,  281,  732,  810,  754,  393,  509,  713, 1011,  186,  332,  747,  727,   65,  465,  569,  611,  254,  783,  589,  935,  850,  951,  523,  335,  495,  993,  690,  939,  713,   79,  479,  427,  881,  385,  665,  688,  127,  373, 1039,  648,  932,  244,  429,  378,  668,  839,  530,    0,  850,  616],
        [  324,  324,  214,  365,  582, 1035,  772,  517,  563,  105,  556,  723,  429,  520,  722,  702,  104,  420,  859,  840,  286,  441,  670,  232,  441,  671,  489,  168,  615,  890, 1033,  242,  530,  459,  288,  772,  721,  846,  656,  645,  269,  593,  856,  654,  635,  741,  244,  685,  594,  706,  631,  687,  641,  850,    0,  401],
        [  485,  485,  380,  266,  182,  962,  433,  714,  789,  305,  525,  757,  632,  850,  440,  354,  335,  635,  653,  827,  314,   41,  556,  521,  558,  926,  755,  565,  218,  802,  977,  423,  699,  775,  513,  552,  329,  813,  890,  618,  450,  748,  569,  618,  944,  842,  349,  386,  594,  672,  768,  894,  700,  616,  401,    0]
    ]
}
