{
    "name": "random-8-21716",
    "comment": "size=8 seed=21716",
    "nodes": ["+0", "-0", "+1", "-1", "+2", "-2", "+3", "-3", "+4", "-4", "+5", "-5", "+6", "-6", "+7", "-7", "+8", "-8"],
    "precedence": {
        "+0": "-0",
        "+1": "-1",
        "+2": "-2",
        "+3": "-3",
        "+4": "-4",
        "+5": "-5",
        "+6": "-6",
        "+7": "-7",
        "+8": "-8"
    },
    "edges": [
        [    0,    0,  469,  161,  163,  176,  753,  648,  467,  300,  588,  441,  622,  197,  547,  533,  566,  636],
        [    0,    0,  469,  161,  163,  176,  753,  648,  467,  300,  588,  441,  622,  197,  547,  533,  566,  636],
        [  469,  469,    0,  385,  489,  300,  588,  796,   18,  564,  792,  262,  950,  281,  185,  182,  427,  955],
        [  161,  161,  385,    0,  105,  108,  800,  777,  378,  438,  728,  452,  781,  119,  418,  500,  608,  795],
        [  163,  163,  489,  105,    0,  205,  882,  810,  482,  462,  750,  543,  769,  219,  511,  601,  691,  785],
        [  176,  176,  300,  108,  205,    0,  695,  707,  297,  385,  668,  345,  754,   22,  373,  397,  504,  765],
        [  753,  753,  588,  800,  882,  695,    0,  469,  605,  560,  537,  360,  789,  691,  767,  411,  192,  779],
        [  648,  648,  796,  777,  810,  707,  469,    0,  809,  349,   96,  544,  342,  717,  972,  684,  441,  327],
        [  467,  467,   18,  378,  482,  297,  605,  809,    0,  572,  804,  277,  958,  277,  170,  199,  443,  964],
        [  300,  300,  564,  438,  462,  385,  560,  349,  572,    0,  291,  383,  388,  398,  711,  526,  409,  395],
        [  588,  588,  792,  728,  750,  668,  537,   96,  804,  291,    0,  554,  256,  680,  960,  699,  479,  244],
        [  441,  441,  262,  452,  543,  345,  360,  544,  277,  383,  554,    0,  745,  337,  446,  149,  176,  746],
        [  622,  622,  950,  781,  769,  754,  789,  342,  958,  388,  256,  745,    0,  771, 1097,  893,  709,   24],
        [  197,  197,  281,  119,  219,   22,  691,  717,  277,  398,  680,  337,  771,    0,  353,  382,  500,  782],
        [  547,  547,  185,  418,  511,  373,  767,  972,  170,  711,  960,  446, 1097,  353,    0,  357,  611, 1105],
        [  533,  533,  182,  500,  601,  397,  411,  684,  199,  526,  699,  149,  893,  382,  357,    0,  268,  894],
        [  566,  566,  427,  608,  691,  504,  192,  441,  443,  409,  479,  176,  709,  500,  611,  268,    0,  704],
        [  636,  636,  955,  795,  785,  765,  779,  327,  964,  395,  244,  746,   24,  782, 1105,  894,  704,    0]
    ]
}
