{
    "name": "random-34-17679",
    "comment": "size=34 seed=17679",
    "nodes": ["+0", "-0", "+1", "-1", "+2", "-2", "+3", "-3", "+4", "-4", "+5", "-5", "+6", "-6", "+7", "-7", "+8", "-8", "+9", "-9", "+10", "-10", "+11", "-11", "+12", "-12", "+13", "-13", "+14", "-14", "+15", "-15", "+16", "-16", "+17", "-17", "+18", "-18", "+19", "-19", "+20", "-20", "+21", "-21", "+22", "-22", "+23", "-23", "+24", "-24", "+25", "-25", "+26", "-26", "+27", "-27", "+28", "-28", "+29", "-29", "+30", "-30", "+31", "-31", "+32", "-32", "+33", "-33", "+34", "-34"],
    "precedence": {
        "+0": "-0",
        "+1": "-1",
        "+2": "-2",
        "+3": "-3",
        "+4": "-4",
        "+5": "-5",
        "+6": "-6",
        "+7": "-7",
        "+8": "-8",
        "+9": "-9",
        "+10": "-10",
        "+11": "-11",
        "+12": "-12",
        "+13": "-13",
        "+14": "-14",
        "+15": "-15",
        "+16": "-16",
        "+17": "-17",
        "+18": "-18",
        "+19": "-19",
        "+20": "-20",
        "+21": "-21",
        "+22": "-22",
        "+23": "-23",
        "+24": "-24",
        "+25": "-25",
        "+26": "-26",
        "+27": "-27",
        "+28": "-28",
        "+29": "-29",
        "+30": "-30",
        "+31": "-31",
        "+32": "-32",
        "+33": "-33",
        "+34": "-34"
    },
    "edges": [
        [    0,    0,  930,  366,  418,  555,  674,  792,  610,  358,  283,  705,  209,  370, 1075,  673,  811,  392,  404,  710,  816,  664,  853,  550,  415,  216,  612,  521,  606,  319,  256,  678,  148,  896,  708,  978,  834,  775,  448,  308,  726,  255,  728,  709,  594,  819, 1056,  496,  434,  920,  718,  371,  881,  473,  390,  635,  401,  888,  706,  651,  800,  919,  109,  199,  210,  945,  537,  712,  971,  426],
        [    0,    0,  930,  366,  418,  555,  674,  792,  610,  358,  283,  705,  209,  370, 1075,  673,  811,  392,  404,  710,  816,  664,  853,  550,  415,  216,  612,  521,  606,  319,  256,  678,  148,  896,  708,  978,  834,  775,  448,  308,  726,  255,  728,  709,  594,  819, 1056,  496,  434,  920,  718,  371,  881,  473,  390,  635,  401,  888,  706,  651,  800,  919,  109,  199,  210,  945,  537,  712,  971,  426],
        [  930,  930,    0,  751,  964,  889,  857, 1064,  408, 1034,  896, 1080,  750,  896,  546,  913,  389,  567,  738,  949,  157,  565,  368,  397,  516,  824,  440,  498,  328,  617,  764,  821,  892,  598,  450,  482,  290,  161, 1013,  645, 1127,  943,  260,  833,  404, 1049,  833,  435,  843,   59, 1191,  571,  315,  472,  823,  324,  703,  795,  361,  558,  194,   13,  860,  810,  968,   70,  704,  260,  780,  817],
        [  366,  366,  751,    0,  220,  236,  325,  488,  593,  285,  159,  435,  194,  147,  741,  341,  507,  422,   39,  383,  691,  320,  553,  365,  336,  471,  331,  255,  494,  342,  117,  322,  461,  544,  396,  651,  561,  628,  271,  193,  472,  214,  642,  352,  349,  504,  690,  374,  122,  764,  505,  376,  596,  306,   82,  427,   53,  522,  431,  310,  575,  743,  258,  440,  260,  791,  172,  619,  605,   97],
        [  418,  418,  964,  220,    0,  179,  315,  380,  804,  116,  143,  287,  344,   77,  878,  290,  684,  617,  227,  316,  910,  473,  730,  584,  547,  593,  532,  467,  712,  530,  270,  337,  554,  661,  574,  799,  753,  846,   51,  393,  310,  164,  861,  362,  561,  411,  741,  592,  127,  981,  315,  573,  779,  525,  142,  643,  264,  567,  628,  468,  783,  957,  334,  565,  218, 1007,  296,  837,  665,  151],
        [  555,  555,  889,  236,  179,    0,  136,  253,  808,  295,  276,  207,  422,  190,  722,  119,  562,  654,  213,  155,  863,  346,  606,  545,  558,  696,  450,  411,  688,  577,  341,  159,  674,  501,  459,  651,  644,  794,  198,  427,  250,  320,  834,  183,  495,  271,  563,  579,  125,  915,  304,  608,  661,  506,  173,  583,  249,  389,  533,  347,  699,  884,  455,  667,  378,  941,  186,  809,  488,  143],
        [  674,  674,  857,  325,  315,  136,    0,  210,  840,  430,  402,  233,  518,  319,  615,   60,  496,  715,  292,   93,  855,  293,  536,  557,  606,  795,  433,  421,  703,  647,  440,   40,  782,  393,  409,  554,  588,  783,  330,  499,  280,  450,  842,   50,  489,  206,  429,  609,  242,  890,  357,  669,  595,  536,  284,  576,  317,  256,  496,  300,  664,  853,  570,  764,  508,  914,  196,  817,  356,  249],
        [  792,  792, 1064,  488,  380,  253,  210,    0, 1042,  475,  510,  114,  674,  423,  766,  162,  694,  902,  463,  119, 1065,  500,  730,  764,  800,  946,  643,  628,  910,  827,  593,  244,  919,  554,  614,  723,  789,  993,  365,  677,  137,  542, 1050,  232,  698,   44,  499,  811,  376, 1098,  221,  856,  790,  738,  424,  786,  496,  363,  704,  507,  871, 1060,  698,  917,  597, 1122,  398, 1026,  454,  395],
        [  610,  610,  408,  593,  804,  808,  840, 1042,    0,  832,  689, 1014,  490,  728,  825,  881,  564,  219,  602,  925,  255,  603,  579,  292,  258,  452,  444,  422,  161,  303,  543,  815,  531,  767,  536,  733,  507,  257,  855,  413, 1056,  718,  150,  839,  381, 1044, 1006,  232,  712,  373, 1096,  250,  560,  305,  673,  317,  563,  900,  454,  589,  397,  395,  577,  446,  720,  391,  646,  148,  930,  686],
        [  358,  358, 1034,  285,  116,  295,  430,  475,  832,    0,  144,  372,  346,  149,  987,  402,  780,  629,  305,  426,  966,  574,  826,  643,  579,  557,  614,  540,  759,  540,  290,  452,  503,  772,  668,  904,  842,  905,  111,  422,  383,  120,  906,  477,  634,  511,  857,  636,  229, 1045,  363,  588,  872,  576,  225,  710,  336,  683,  714,  568,  860, 1026,  298,  532,  149, 1071,  398,  883,  780,  246],
        [  283,  283,  896,  159,  143,  276,  402,  510,  689,  144,    0,  426,  210,   88,  894,  395,  666,  491,  188,  429,  823,  473,  711,  503,  436,  451,  488,  408,  616,  402,  147,  413,  413,  689,  554,  805,  719,  764,  184,  278,  451,   57,  762,  442,  501,  537,  810,  493,  162,  905,  456,  449,  754,  434,  129,  573,  211,  636,  588,  464,  727,  888,  193,  423,  111,  932,  308,  740,  728,  164],
        [  705,  705, 1080,  435,  287,  207,  233,  114, 1014,  372,  426,    0,  608,  343,  836,  173,  728,  857,  417,  150, 1064,  520,  768,  750,  763,  873,  645,  615,  893,  776,  528,  272,  839,  617,  636,  782,  818,  994,  264,  628,   48,  450, 1038,  272,  695,  157,  596,  786,  314, 1109,  128,  810,  827,  713,  361,  783,  454,  444,  719,  524,  887, 1075,  617,  844,  502, 1134,  384, 1014,  541,  338],
        [  209,  209,  750,  194,  344,  422,  518,  674,  490,  346,  210,  608,    0,  272,  867,  532,  603,  283,  228,  573,  654,  460,  646,  358,  248,  278,  404,  314,  441,  194,   82,  514,  272,  693,  500,  770,  629,  603,  390,  107,  640,  230,  580,  544,  390,  692,  866,  320,  299,  748,  657,  243,  674,  280,  251,  440,  212,  704,  500,  447,  605,  740,  114,  247,  232,  774,  352,  559,  781,  280],
        [  370,  370,  896,  147,   77,  190,  319,  423,  728,  149,   88,  343,  272,    0,  842,  308,  632,  542,  160,  342,  838,  427,  678,  512,  471,  531,  470,  400,  638,  455,  196,  333,  498,  630,  520,  758,  695,  774,  127,  317,  371,  132,  786,  361,  493,  449,  735,  516,   86,  911,  385,  498,  725,  451,   77,  573,  194,  560,  568,  421,  718,  889,  277,  502,  190,  937,  252,  763,  654,   99],
        [ 1075, 1075,  546,  741,  878,  722,  615,  766,  825,  987,  894,  836,  867,  842,    0,  671,  281,  862,  707,  686,  656,  422,  252,  597,  749, 1078,  475,  561,  671,  854,  828,  578, 1114,  223,  369,  100,  319,  603,  912,  776,  880,  951,  722,  568,  514,  733,  345,  683,  759,  603,  963,  835,  266,  654,  771,  528,  693,  407,  401,  432,  435,  552,  972, 1052, 1000,  614,  590,  706,  335,  743],
        [  673,  673,  913,  341,  290,  119,   60,  162,  881,  402,  395,  173,  532,  308,  671,    0,  556,  746,  312,   44,  907,  350,  596,  604,  641,  808,  485,  467,  749,  674,  452,   99,  790,  450,  467,  612,  647,  836,  296,  524,  221,  438,  890,  103,  539,  167,  467,  650,  241,  945,  298,  700,  654,  577,  287,  627,  341,  299,  552,  356,  720,  909,  572,  778,  496,  970,  237,  865,  399,  254],
        [  811,  811,  389,  507,  684,  562,  496,  694,  564,  780,  666,  728,  603,  632,  281,  556,    0,  582,  479,  586,  444,  217,   46,  317,  469,  800,  201,  291,  404,  575,  576,  458,  839,  219,  113,  181,  100,  378,  726,  507,  775,  721,  483,  464,  234,  674,  463,  404,  557,  435,  849,  555,  100,  374,  556,  253,  456,  407,  121,  218,  212,  389,  713,  775,  764,  455,  390,  463,  399,  536],
        [  392,  392,  567,  422,  617,  654,  715,  902,  219,  629,  491,  857,  283,  542,  862,  746,  582,    0,  441,  790,  436,  539,  611,  265,  122,  257,  404,  341,  242,   90,  348,  698,  327,  747,  514,  762,  561,  407,  666,  230,  894,  512,  341,  726,  352,  912,  968,  179,  544,  548,  923,   47,  615,  218,  500,  339,  407,  832,  461,  523,  484,  555,  360,  243,  508,  570,  521,  327,  884,  519],
        [  404,  404,  738,   39,  227,  213,  292,  463,  602,  305,  188,  417,  228,  160,  707,  312,  479,  441,    0,  355,  686,  286,  525,  360,  348,  504,  310,  241,  494,  365,  154,  286,  497,  508,  367,  618,  537,  621,  276,  215,  457,  245,  643,  317,  335,  476,  652,  378,  113,  754,  495,  395,  570,  307,   85,  416,   39,  484,  409,  277,  559,  731,  296,  474,  293,  781,  133,  619,  567,   86],
        [  710,  710,  949,  383,  316,  155,   93,  119,  925,  426,  429,  150,  573,  342,  686,   44,  586,  790,  355,    0,  947,  385,  625,  646,  685,  849,  525,  509,  791,  717,  493,  130,  829,  467,  501,  632,  680,  876,  317,  568,  196,  470,  932,  124,  580,  123,  461,  694,  280,  983,  278,  744,  684,  620,  327,  668,  385,  300,  589,  392,  756,  946,  610,  819,  527, 1007,  280,  907,  399,  294],
        [  816,  816,  157,  691,  910,  863,  855, 1065,  255,  966,  823, 1064,  654,  838,  656,  907,  444,  436,  686,  947,    0,  573,  439,  327,  408,  689,  422,  453,  213,  498,  682,  822,  762,  663,  470,  578,  357,   72,  961,  554, 1110,  864,  106,  839,  370, 1056,  906,  335,  797,  118, 1166,  448,  399,  390,  769,  281,  648,  839,  374,  562,  234,  144,  759,  678,  881,  137,  680,  112,  842,  770],
        [  664,  664,  565,  320,  473,  346,  293,  500,  603,  574,  473,  520,  460,  427,  422,  350,  217,  539,  286,  385,  573,    0,  261,  312,  417,  704,  162,  199,  449,  499,  411,  256,  724,  233,  117,  333,  300,  501,  513,  385,  567,  529,  574,  269,  224,  487,  430,  386,  348,  599,  637,  500,  315,  324,  353,  303,  272,  299,  205,   16,  372,  561,  558,  675,  578,  623,  178,  550,  346,  328],
        [  853,  853,  368,  553,  730,  606,  536,  730,  579,  826,  711,  768,  646,  678,  252,  596,   46,  611,  525,  625,  439,  261,    0,  347,  502,  836,  242,  333,  422,  609,  620,  498,  877,  230,  159,  156,   83,  377,  772,  547,  816,  767,  488,  502,  270,  709,  469,  433,  603,  418,  890,  587,   61,  409,  602,  277,  502,  430,  154,  263,  206,  370,  756,  811,  810,  436,  436,  469,  412,  582],
        [  550,  550,  397,  365,  584,  545,  557,  764,  292,  643,  503,  750,  358,  512,  597,  604,  317,  265,  360,  646,  327,  312,  347,    0,  157,  495,  155,  137,  146,  268,  368,  530,  545,  493,  257,  498,  302,  263,  635,  252,  795,  548,  289,  552,   94,  763,  725,   88,  472,  403,  845,  241,  355,   79,  443,   86,  322,  610,  197,  297,  250,  387,  471,  473,  572,  429,  369,  264,  646,  444],
        [  415,  415,  516,  336,  547,  558,  606,  800,  258,  579,  436,  763,  248,  471,  749,  641,  469,  122,  348,  685,  408,  417,  502,  157,    0,  339,  284,  219,  195,  112,  289,  586,  392,  626,  394,  649,  459,  362,  597,  158,  804,  469,  332,  613,  236,  807,  846,   83,  457,  508,  840,   87,  511,   98,  417,  239,  310,  712,  349,  401,  398,  505,  351,  317,  479,  533,  410,  312,  763,  430],
        [  216,  216,  824,  471,  593,  696,  795,  946,  452,  557,  451,  873,  278,  531, 1078,  808,  800,  257,  504,  849,  689,  704,  836,  495,  339,    0,  605,  522,  498,  228,  357,  790,   85,  932,  713,  979,  797,  664,  632,  321,  900,  442,  590,  820,  567,  967, 1127,  417,  572,  803,  905,  261,  849,  428,  524,  577,  484,  971,  683,  689,  733,  812,  262,   31,  410,  825,  624,  579, 1041,  555],
        [  612,  612,  440,  331,  532,  450,  433,  643,  444,  614,  488,  645,  404,  470,  475,  485,  201,  404,  310,  525,  422,  162,  242,  155,  284,  605,    0,   91,  289,  383,  382,  401,  640,  344,  111,  375,  233,  351,  580,  306,  692,  541,  415,  419,   64,  635,  572,  236,  408,  465,  753,  371,  273,  187,  394,  145,  279,  457,  102,  148,  252,  434,  515,  578,  578,  491,  265,  391,  492,  382],
        [  521,  521,  498,  255,  467,  411,  421,  628,  422,  540,  408,  615,  314,  400,  561,  467,  291,  341,  241,  509,  453,  199,  333,  137,  219,  522,   91,    0,  282,  306,  294,  395,  553,  413,  193,  462,  320,  385,  517,  217,  660,  459,  425,  418,   94,  627,  628,  194,  348,  515,  713,  302,  363,  127,  326,  177,  206,  495,  189,  183,  321,  490,  425,  495,  494,  541,  232,  400,  544,  321],
        [  606,  606,  328,  494,  712,  688,  703,  910,  161,  759,  616,  893,  441,  638,  671,  749,  404,  242,  494,  791,  213,  449,  422,  146,  195,  498,  289,  282,    0,  291,  473,  675,  565,  606,  376,  577,  355,  170,  763,  343,  937,  655,  149,  697,  226,  908,  846,  124,  607,  315,  985,  243,  409,  188,  574,  157,  455,  743,  294,  436,  256,  317,  546,  482,  670,  339,  514,  125,  771,  579],
        [  319,  319,  617,  342,  530,  577,  647,  827,  303,  540,  402,  776,  194,  455,  854,  674,  575,   90,  365,  717,  498,  499,  609,  268,  112,  228,  383,  306,  291,    0,  260,  633,  281,  719,  493,  754,  569,  460,  578,  150,  812,  423,  411,  661,  341,  839,  928,  193,  462,  605,  838,   54,  621,  201,  417,  351,  333,  784,  456,  484,  509,  606,  275,  205,  420,  629,  456,  394,  844,  439],
        [  256,  256,  764,  117,  270,  341,  440,  593,  543,  290,  147,  528,   82,  196,  828,  452,  576,  348,  154,  493,  682,  411,  620,  368,  289,  357,  382,  294,  473,  260,    0,  438,  344,  642,  467,  733,  614,  626,  319,  132,  561,  183,  618,  468,  382,  611,  802,  349,  218,  769,  580,  304,  655,  295,  170,  444,  146,  636,  482,  399,  605,  755,  148,  327,  204,  795,  284,  596,  717,  199],
        [  678,  678,  821,  322,  337,  159,   40,  244,  815,  452,  413,  272,  514,  333,  578,   99,  458,  698,  286,  130,  822,  256,  498,  530,  586,  790,  401,  395,  675,  633,  438,    0,  782,  356,  372,  516,  551,  750,  356,  487,  319,  464,  812,   31,  458,  235,  405,  585,  252,  855,  396,  653,  557,  512,  290,  545,  307,  231,  460,  264,  628,  817,  573,  759,  522,  879,  178,  787,  329,  254],
        [  148,  148,  892,  461,  554,  674,  782,  919,  531,  503,  413,  839,  272,  498, 1114,  790,  839,  327,  497,  829,  762,  724,  877,  545,  392,   85,  640,  553,  565,  281,  344,  782,    0,  955,  745, 1015,  844,  732,  588,  341,  863,  395,  666,  812,  609,  943, 1137,  473,  550,  874,  860,  323,  895,  472,  503,  629,  483,  976,  724,  709,  790,  880,  222,   86,  355,  897,  624,  653, 1051,  537],
        [  896,  896,  598,  544,  661,  501,  393,  554,  767,  772,  689,  617,  693,  630,  223,  450,  219,  747,  508,  467,  663,  233,  230,  493,  626,  932,  344,  413,  606,  719,  642,  356,  955,    0,  236,  170,  312,  596,  693,  615,  662,  746,  699,  347,  400,  525,  245,  578,  546,  648,  744,  712,  285,  529,  562,  450,  500,  212,  313,  247,  430,  600,  789,  904,  798,  666,  382,  678,  182,  533],
        [  708,  708,  450,  396,  574,  459,  409,  614,  536,  668,  554,  636,  500,  520,  369,  467,  113,  514,  367,  501,  470,  117,  159,  257,  394,  713,  111,  193,  376,  493,  467,  372,  745,  236,    0,  271,  185,  399,  617,  408,  684,  609,  484,  383,  164,  600,  471,  343,  447,  487,  754,  481,  206,  297,  444,  221,  344,  374,   96,  114,  258,  447,  607,  686,  653,  510,  282,  461,  395,  425],
        [  978,  978,  482,  651,  799,  651,  554,  723,  733,  904,  805,  782,  770,  758,  100,  612,  181,  762,  618,  632,  578,  333,  156,  498,  649,  979,  375,  462,  577,  754,  733,  516, 1015,  170,  271,    0,  229,  521,  835,  678,  828,  862,  637,  510,  414,  694,  361,  585,  676,  537,  909,  735,  180,  554,  685,  431,  602,  378,  302,  342,  350,  487,  876,  953,  910,  551,  507,  619,  326,  659],
        [  834,  834,  290,  561,  753,  644,  588,  789,  507,  842,  719,  818,  629,  695,  319,  647,  100,  561,  537,  680,  357,  300,   83,  302,  459,  797,  233,  320,  355,  569,  614,  551,  844,  312,  185,  229,    0,  295,  797,  526,  866,  772,  409,  558,  240,  771,  552,  384,  626,  337,  937,  541,   55,  372,  618,  223,  509,  505,  132,  298,  124,  290,  742,  774,  811,  357,  465,  391,  493,  602],
        [  775,  775,  161,  628,  846,  794,  783,  993,  257,  905,  764,  994,  603,  774,  603,  836,  378,  407,  621,  876,   72,  501,  377,  263,  362,  664,  351,  385,  170,  460,  626,  750,  732,  596,  399,  521,  295,    0,  896,  501, 1040,  807,  122,  767,  300,  985,  840,  284,  731,  147, 1097,  412,  341,  331,  704,  211,  583,  770,  303,  490,  172,  149,  711,  649,  827,  172,  610,  113,  775,  704],
        [  448,  448, 1013,  271,   51,  198,  330,  365,  855,  111,  184,  264,  390,  127,  912,  296,  726,  666,  276,  317,  961,  513,  772,  635,  597,  632,  580,  517,  763,  578,  319,  356,  588,  693,  617,  835,  797,  896,    0,  443,  279,  194,  912,  379,  610,  400,  758,  643,  173, 1030,  274,  622,  822,  576,  192,  692,  314,  585,  674,  510,  831, 1006,  371,  605,  241, 1057,  336,  888,  684,  198],
        [  308,  308,  645,  193,  393,  427,  499,  677,  413,  422,  278,  628,  107,  317,  776,  524,  507,  230,  215,  568,  554,  385,  547,  252,  158,  321,  306,  217,  343,  150,  132,  487,  341,  615,  408,  678,  526,  501,  443,    0,  665,  313,  487,  516,  287,  690,  806,  220,  315,  646,  695,  184,  573,  174,  270,  334,  184,  653,  399,  370,  499,  635,  220,  292,  327,  672,  313,  465,  721,  290],
        [  726,  726, 1127,  472,  310,  250,  280,  137, 1056,  383,  451,   48,  640,  371,  880,  221,  775,  894,  457,  196, 1110,  567,  816,  795,  804,  900,  692,  660,  937,  812,  561,  319,  863,  662,  684,  828,  866, 1040,  279,  665,    0,  471, 1083,  319,  741,  181,  632,  828,  351, 1156,   87,  848,  874,  756,  396,  829,  494,  485,  767,  572,  934, 1122,  643,  872,  520, 1181,  430, 1059,  581,  376],
        [  255,  255,  943,  214,  164,  320,  450,  542,  718,  120,   57,  450,  230,  132,  951,  438,  721,  512,  245,  470,  864,  529,  767,  548,  469,  442,  541,  459,  655,  423,  183,  464,  395,  746,  609,  862,  772,  807,  194,  313,  471,    0,  799,  492,  551,  572,  863,  531,  213,  950,  465,  472,  809,  476,  185,  620,  266,  689,  642,  521,  777,  934,  182,  417,   59,  976,  364,  777,  782,  218],
        [  728,  728,  260,  642,  861,  834,  842, 1050,  150,  906,  762, 1038,  580,  786,  722,  890,  483,  341,  643,  932,  106,  574,  488,  289,  332,  590,  415,  425,  149,  411,  618,  812,  666,  699,  484,  637,  409,  122,  912,  487, 1083,  799,    0,  832,  355, 1046,  943,  271,  755,  223, 1133,  358,  457,  337,  722,  271,  604,  858,  392,  562,  288,  248,  679,  581,  810,  242,  656,   25,  873,  727],
        [  709,  709,  833,  352,  362,  183,   50,  232,  839,  477,  442,  272,  544,  361,  568,  103,  464,  726,  317,  124,  839,  269,  502,  552,  613,  820,  419,  418,  697,  661,  468,   31,  812,  347,  383,  510,  558,  767,  379,  516,  319,  492,  832,    0,  477,  218,  380,  609,  281,  868,  399,  680,  561,  537,  320,  563,  337,  207,  474,  278,  640,  830,  603,  790,  550,  892,  206,  807,  306,  284],
        [  594,  594,  404,  349,  561,  495,  489,  698,  381,  634,  501,  695,  390,  493,  514,  539,  234,  352,  335,  580,  370,  224,  270,   94,  236,  567,   64,   94,  226,  341,  382,  458,  609,  400,  164,  414,  240,  300,  610,  287,  741,  551,  355,  477,    0,  692,  632,  179,  440,  423,  798,  322,  288,  141,  419,   89,  300,  520,  116,  211,  227,  397,  504,  542,  583,  450,  311,  330,  553,  413],
        [  819,  819, 1049,  504,  411,  271,  206,   44, 1044,  511,  537,  157,  692,  449,  733,  167,  674,  912,  476,  123, 1056,  487,  709,  763,  807,  967,  635,  627,  908,  839,  611,  235,  943,  525,  600,  694,  771,  985,  400,  690,  181,  572, 1046,  218,  692,    0,  459,  813,  396, 1085,  264,  866,  769,  740,  444,  779,  507,  328,  691,  496,  857, 1046,  723,  937,  627, 1109,  400, 1022,  416,  413],
        [ 1056, 1056,  833,  690,  741,  563,  429,  499, 1006,  857,  810,  596,  866,  735,  345,  467,  463,  968,  652,  461,  906,  430,  469,  725,  846, 1127,  572,  628,  846,  928,  802,  405, 1137,  245,  471,  361,  552,  840,  758,  806,  632,  863,  943,  380,  632,  459,    0,  807,  650,  885,  718,  929,  519,  751,  682,  690,  658,  175,  555,  446,  672,  835,  948, 1097,  920,  902,  520,  922,   86,  647],
        [  496,  496,  435,  374,  592,  579,  609,  811,  232,  636,  493,  786,  320,  516,  683,  650,  404,  179,  378,  694,  335,  386,  433,   88,   83,  417,  236,  194,  124,  193,  349,  585,  473,  578,  343,  585,  384,  284,  643,  220,  828,  531,  271,  609,  179,  813,  807,    0,  490,  430,  872,  158,  438,   74,  455,  162,  339,  685,  284,  371,  317,  424,  428,  397,  547,  455,  414,  248,  726,  463],
        [  434,  434,  843,  122,  127,  125,  242,  376,  712,  229,  162,  314,  299,   86,  759,  241,  557,  544,  113,  280,  797,  348,  603,  472,  457,  572,  408,  348,  607,  462,  218,  252,  550,  546,  447,  676,  626,  731,  173,  315,  351,  213,  755,  281,  440,  396,  650,  490,    0,  862,  384,  498,  653,  420,   49,  524,  152,  476,  502,  343,  659,  836,  332,  542,  271,  888,  171,  731,  569,   28],
        [  920,  920,   59,  764,  981,  915,  890, 1098,  373, 1045,  905, 1109,  748,  911,  603,  945,  435,  548,  754,  983,  118,  599,  418,  403,  508,  803,  465,  515,  315,  605,  769,  855,  874,  648,  487,  537,  337,  147, 1030,  646, 1156,  950,  223,  868,  423, 1085,  885,  430,  862,    0, 1218,  556,  366,  475,  839,  339,  718,  840,  395,  591,  230,   52,  857,  790,  971,   27,  730,  228,  829,  835],
        [  718,  718, 1191,  505,  315,  304,  357,  221, 1096,  363,  456,  128,  657,  385,  963,  298,  849,  923,  495,  278, 1166,  637,  890,  845,  840,  905,  753,  713,  985,  838,  580,  396,  860,  744,  754,  909,  937, 1097,  274,  695,   87,  465, 1133,  399,  798,  264,  718,  872,  384, 1218,    0,  878,  948,  800,  425,  886,  534,  571,  832,  641,  999, 1186,  644,  878,  509, 1243,  489, 1108,  667,  411],
        [  371,  371,  571,  376,  573,  608,  669,  856,  250,  588,  449,  810,  243,  498,  835,  700,  555,   47,  395,  744,  448,  500,  587,  241,   87,  261,  371,  302,  243,   54,  304,  653,  323,  712,  481,  735,  541,  412,  622,  184,  848,  472,  358,  680,  322,  866,  929,  158,  498,  556,  878,    0,  594,  184,  454,  320,  361,  791,  435,  484,  472,  559,  328,  242,  472,  580,  476,  342,  845,  473],
        [  881,  881,  315,  596,  779,  661,  595,  790,  560,  872,  754,  827,  674,  725,  266,  654,  100,  615,  570,  684,  399,  315,   61,  355,  511,  849,  273,  363,  409,  621,  655,  557,  895,  285,  206,  180,   55,  341,  822,  573,  874,  809,  457,  561,  288,  769,  519,  438,  653,  366,  948,  594,    0,  423,  648,  277,  544,  488,  175,  316,  170,  317,  787,  826,  849,  384,  487,  441,  466,  630],
        [  473,  473,  472,  306,  525,  506,  536,  738,  305,  576,  434,  713,  280,  451,  654,  577,  374,  218,  307,  620,  390,  324,  409,   79,   98,  428,  187,  127,  188,  201,  295,  512,  472,  529,  297,  554,  372,  331,  576,  174,  756,  476,  337,  537,  141,  740,  751,   74,  420,  475,  800,  184,  423,    0,  386,  163,  268,  621,  256,  309,  328,  462,  393,  403,  497,  501,  341,  313,  668,  392],
        [  390,  390,  823,   82,  142,  173,  284,  424,  673,  225,  129,  361,  251,   77,  771,  287,  556,  500,   85,  327,  769,  353,  602,  443,  417,  524,  394,  326,  574,  417,  170,  290,  503,  562,  444,  685,  618,  704,  192,  270,  396,  185,  722,  320,  419,  444,  682,  455,   49,  839,  425,  454,  648,  386,    0,  501,  122,  509,  491,  346,  643,  815,  286,  494,  240,  865,  181,  699,  599,   36],
        [  635,  635,  324,  427,  643,  583,  576,  786,  317,  710,  573,  783,  440,  573,  528,  627,  253,  339,  416,  668,  281,  303,  277,   86,  239,  577,  145,  177,  157,  351,  444,  545,  629,  450,  221,  431,  223,  211,  692,  334,  829,  620,  271,  563,   89,  779,  690,  162,  524,  339,  886,  320,  277,  163,  501,    0,  380,  591,  138,  291,  166,  316,  553,  556,  648,  365,  400,  247,  615,  497],
        [  401,  401,  703,   53,  264,  249,  317,  496,  563,  336,  211,  454,  212,  194,  693,  341,  456,  407,   39,  385,  648,  272,  502,  322,  310,  484,  279,  206,  455,  333,  146,  307,  483,  500,  344,  602,  509,  583,  314,  184,  494,  266,  604,  337,  300,  507,  658,  339,  152,  718,  534,  361,  544,  268,  122,  380,    0,  493,  379,  262,  525,  695,  293,  454,  310,  744,  141,  580,  572,  124],
        [  888,  888,  795,  522,  567,  389,  256,  363,  900,  683,  636,  444,  704,  560,  407,  299,  407,  832,  484,  300,  839,  299,  430,  610,  712,  971,  457,  495,  743,  784,  636,  231,  976,  212,  374,  378,  505,  770,  585,  653,  485,  689,  858,  207,  520,  328,  175,  685,  476,  840,  571,  791,  488,  621,  509,  591,  493,    0,  468,  314,  614,  795,  780,  941,  746,  861,  353,  835,  100,  474],
        [  706,  706,  361,  431,  628,  533,  496,  704,  454,  714,  588,  719,  500,  568,  401,  552,  121,  461,  409,  589,  374,  205,  154,  197,  349,  683,  102,  189,  294,  456,  482,  460,  724,  313,   96,  302,  132,  303,  674,  399,  767,  642,  392,  474,  116,  691,  555,  284,  502,  395,  832,  435,  175,  256,  491,  138,  379,  468,    0,  197,  168,  358,  612,  658,  679,  419,  349,  369,  483,  478],
        [  651,  651,  558,  310,  468,  347,  300,  507,  589,  568,  464,  524,  447,  421,  432,  356,  218,  523,  277,  392,  562,   16,  263,  297,  401,  689,  148,  183,  436,  484,  399,  264,  709,  247,  114,  342,  298,  490,  510,  370,  572,  521,  562,  278,  211,  496,  446,  371,  343,  591,  641,  484,  316,  309,  346,  291,  262,  314,  197,    0,  365,  554,  545,  660,  569,  616,  174,  537,  362,  323],
        [  800,  800,  194,  575,  783,  699,  664,  871,  397,  860,  727,  887,  605,  718,  435,  720,  212,  484,  559,  756,  234,  372,  206,  250,  398,  733,  252,  321,  256,  509,  605,  628,  790,  430,  258,  350,  124,  172,  831,  499,  934,  777,  288,  640,  227,  857,  672,  317,  659,  230,  999,  472,  170,  328,  643,  166,  525,  614,  168,  365,    0,  190,  718,  713,  808,  253,  514,  272,  610,  634],
        [  919,  919,   13,  743,  957,  884,  853, 1060,  395, 1026,  888, 1075,  740,  889,  552,  909,  389,  555,  731,  946,  144,  561,  370,  387,  505,  812,  434,  490,  317,  606,  755,  817,  880,  600,  447,  487,  290,  149, 1006,  635, 1122,  934,  248,  830,  397, 1046,  835,  424,  836,   52, 1186,  559,  317,  462,  815,  316,  695,  795,  358,  554,  190,    0,  850,  798,  958,   67,  698,  248,  781,  810],
        [  109,  109,  860,  258,  334,  455,  570,  698,  577,  298,  193,  617,  114,  277,  972,  572,  713,  360,  296,  610,  759,  558,  756,  471,  351,  262,  515,  425,  546,  275,  148,  573,  222,  789,  607,  876,  742,  711,  371,  220,  643,  182,  679,  603,  504,  723,  948,  428,  332,  857,  644,  328,  787,  393,  286,  553,  293,  780,  612,  545,  718,  850,    0,  235,  157,  882,  429,  660,  863,  321],
        [  199,  199,  810,  440,  565,  667,  764,  917,  446,  532,  423,  844,  247,  502, 1052,  778,  775,  243,  474,  819,  678,  675,  811,  473,  317,   31,  578,  495,  482,  205,  327,  759,   86,  904,  686,  953,  774,  649,  605,  292,  872,  417,  581,  790,  542,  937, 1097,  397,  542,  790,  878,  242,  826,  403,  494,  556,  454,  941,  658,  660,  713,  798,  235,    0,  386,  813,  593,  568, 1011,  525],
        [  210,  210,  968,  260,  218,  378,  508,  597,  720,  149,  111,  502,  232,  190, 1000,  496,  764,  508,  293,  527,  881,  578,  810,  572,  479,  410,  578,  494,  670,  420,  204,  522,  355,  798,  653,  910,  811,  827,  241,  327,  520,   59,  810,  550,  583,  627,  920,  547,  271,  971,  509,  472,  849,  497,  240,  648,  310,  746,  679,  569,  808,  958,  157,  386,    0,  997,  417,  790,  838,  274],
        [  945,  945,   70,  791, 1007,  941,  914, 1122,  391, 1071,  932, 1134,  774,  937,  614,  970,  455,  570,  781, 1007,  137,  623,  436,  429,  533,  825,  491,  541,  339,  629,  795,  879,  897,  666,  510,  551,  357,  172, 1057,  672, 1181,  976,  242,  892,  450, 1109,  902,  455,  888,   27, 1243,  580,  384,  501,  865,  365,  744,  861,  419,  616,  253,   67,  882,  813,  997,    0,  755,  249,  848,  861],
        [  537,  537,  704,  172,  296,  186,  196,  398,  646,  398,  308,  384,  352,  252,  590,  237,  390,  521,  133,  280,  680,  178,  436,  369,  410,  624,  265,  232,  514,  456,  284,  178,  624,  382,  282,  507,  465,  610,  336,  313,  430,  364,  656,  206,  311,  400,  520,  414,  171,  730,  489,  476,  487,  341,  181,  400,  141,  353,  349,  174,  514,  698,  429,  593,  417,  755,    0,  632,  434,  153],
        [  712,  712,  260,  619,  837,  809,  817, 1026,  148,  883,  740, 1014,  559,  763,  706,  865,  463,  327,  619,  907,  112,  550,  469,  264,  312,  579,  391,  400,  125,  394,  596,  787,  653,  678,  461,  619,  391,  113,  888,  465, 1059,  777,   25,  807,  330, 1022,  922,  248,  731,  228, 1108,  342,  441,  313,  699,  247,  580,  835,  369,  537,  272,  248,  660,  568,  790,  249,  632,    0,  851,  703],
        [  971,  971,  780,  605,  665,  488,  356,  454,  930,  780,  728,  541,  781,  654,  335,  399,  399,  884,  567,  399,  842,  346,  412,  646,  763, 1041,  492,  544,  771,  844,  717,  329, 1051,  182,  395,  326,  493,  775,  684,  721,  581,  782,  873,  306,  553,  416,   86,  726,  569,  829,  667,  845,  466,  668,  599,  615,  572,  100,  483,  362,  610,  781,  863, 1011,  838,  848,  434,  851,    0,  565],
        [  426,  426,  817,   97,  151,  143,  249,  395,  686,  246,  164,  338,  280,   99,  743,  254,  536,  519,   86,  294,  770,  328,  582,  444,  430,  555,  382,  321,  579,  439,  199,  254,  537,  533,  425,  659,  602,  704,  198,  290,  376,  218,  727,  284,  413,  413,  647,  463,   28,  835,  411,  473,  630,  392,   36,  497,  124,  474,  478,  323,  634,  810,  321,  525,  274,  861,  153,  703,  565,    0]
    ]
}
