{
    "name": "random-74-28244",
    "comment": "size=74 seed=28244",
    "nodes": ["+0", "-0", "+1", "-1", "+2", "-2", "+3", "-3", "+4", "-4", "+5", "-5", "+6", "-6", "+7", "-7", "+8", "-8", "+9", "-9", "+10", "-10", "+11", "-11", "+12", "-12", "+13", "-13", "+14", "-14", "+15", "-15", "+16", "-16", "+17", "-17", "+18", "-18", "+19", "-19", "+20", "-20", "+21", "-21", "+22", "-22", "+23", "-23", "+24", "-24", "+25", "-25", "+26", "-26", "+27", "-27", "+28", "-28", "+29", "-29", "+30", "-30", "+31", "-31", "+32", "-32", "+33", "-33", "+34", "-34", "+35", "-35", "+36", "-36", "+37", "-37", "+38", "-38", "+39", "-39", "+40", "-40", "+41", "-41", "+42", "-42", "+43", "-43", "+44", "-44", "+45", "-45", "+46", "-46", "+47", "-47", "+48", "-48", "+49", "-49", "+50", "-50", "+51", "-51", "+52", "-52", "+53", "-53", "+54", "-54", "+55", "-55", "+56", "-56", "+57", "-57", "+58", "-58", "+59", "-59", "+60", "-60", "+61", "-61", "+62", "-62", "+63", "-63", "+64", "-64", "+65", "-65", "+66", "-66", "+67", "-67", "+68", "-68", "+69", "-69", "+70", "-70", "+71", "-71", "+72", "-72", "+73", "-73", "+74", "-74"],
    "precedence": {
        "+0": "-0",
        "+1": "-1",
        "+2": "-2",
        "+3": "-3",
        "+4": "-4",
        "+5": "-5",
        "+6": "-6",
        "+7": "-7",
        "+8": "-8",
        "+9": "-9",
        "+10": "-10",
        "+11": "-11",
        "+12": "-12",
        "+13": "-13",
        "+14": "-14",
        "+15": "-15",
        "+16": "-16",
        "+17": "-17",
        "+18": "-18",
        "+19": "-19",
        "+20": "-20",
        "+21": "-21",
        "+22": "-22",
        "+23": "-23",
        "+24": "-24",
        "+25": "-25",
        "+26": "-26",
        "+27": "-27",
        "+28": "-28",
        "+29": "-29",
        "+30": "-30",
        "+31": "-31",
        "+32": "-32",
        "+33": "-33",
        "+34": "-34",
        "+35": "-35",
        "+36": "-36",
        "+37": "-37",
        "+38": "-38",
        "+39": "-39",
        "+40": "-40",
        "+41": "-41",
        "+42": "-42",
        "+43": "-43",
        "+44": "-44",
        "+45": "-45",
        "+46": "-46",
        "+47": "-47",
        "+48": "-48",
        "+49": "-49",
        "+50": "-50",
        "+51": "-51",
        "+52": "-52",
        "+53": "-53",
        "+54": "-54",
        "+55": "-55",
        "+56": "-56",
        "+57": "-57",
        "+58": "-58",
        "+59": "-59",
        "+60": "-60",
        "+61": "-61",
        "+62": "-62",
        "+63": "-63",
        "+64": "-64",
        "+65": "-65",
        "+66": "-66",
        "+67": "-67",
        "+68": "-68",
        "+69": "-69",
        "+70": "-70",
        "+71": "-71",
        "+72": "-72",
        "+73": "-73",
        "+74": "-74"
    },
    "edges": [
        [    0,    0,  432,  416,  694,  653,  695,  613,  327,  424,  787,  994,  851,  239,  572,  496,  545,  969,  939,  457,  113,  678,   22,  477,  767,  225,  771,  217,  293, 1213,  345,  558, 1027,  871,  479,  433,  954,  810, 1154,  891,  816,  874,  915,  777,  589,  688,  153,  201,  829,  399, 1080, 1033,  401,  685,  710,  603,   94,  648,  525,  480,  669,  409,  602,  726,  283, 1034,  520,  705,  195,   51,  499,  757,   89,  288,  797,  327,  404,  502,  516,  468,  940,  306,  295,  751,  780,  902,  478,  505, 1072,  901,  506,  587,  956,  766,  349,  535,  783,  795,  551,  209,  366,  679,  884,  644,  658,  622,  671,  894,  663,  657,  667,  773,  566,  471,  745,  547, 1020,  915,  924,  703,  851,  764,  475,  835,  697,  325,  691,  710,  232,  185,  945,  533,  204,  655,  138,  688,  284,  571,  932,  511,   34,  546,  846,  205, 1068,  600,  582,  120,  811,  622],
        [    0,    0,    0,    0,    0,    0,    0,    0,    0,    0,    0,    0,    0,    0,    0,    0,    0,    0,    0,    0,    0,    0,    0,    0,    0,    0,    0,    0,    0,    0,    0,    0,    0,    0,    0,    0,    0,    0,    0,    0,    0,    0,    0,    0,    0,    0,    0,    0,    0,    0,    0,    0,    0,    0,    0,    0,    0,    0,    0,    0,    0,    0,    0,    0,    0,    0,    0,    0,    0,    0,    0,    0,    0,    0,    0,    0,    0,    0,    0,    0,    0,    0,    0,    0,    0,    0,    0,    0,    0,    0,    0,    0,    0,    0,    0,    0,    0,    0,    0,    0,    0,    0,    0,    0,    0,    0,    0,    0,    0,    0,    0,    0,    0,    0,    0,    0,    0,    0,    0,    0,    0,    0,    0,    0,    0,    0,    0,    0,    0,    0,    0,    0,    0,    0,    0,    0,    0,    0,    0,    0,    0,    0,    0,    0,    0,    0,    0,    0,    0,    0],
        [  432,    0,    0,   22,  635,  490,  466,  293,  423,  147,  361,  597,  829,  393,  233,  291,  212,  567,  577,  349,  404,  459,  425,  413,  393,  479,  467,  375,  338,  817,  180,  128,  634,  619,  358,  261,  552,  613,  760,  560,  391,  665,  608,  522,  281,  542,  352,  313,  775,  351,  663,  617,  363,  303,  280,  357,  367,  471,  190,  458,  238,  115,  275,  330,  445,  664,  483,  362,  312,  388,  228,  556,  356,  431,  489,  236,  212,   96,  206,  196,  512,  241,  335,  502,  545,  558,  175,  149,  672,  493,  185,  157,  579,  484,   94,  249,  356,  426,  231,  246,  296,  361,  494,  672,  240,  379,  281,  480,  342,  479,  407,  387,  441,  389,  345,  344,  605,  490,  499,  596,  610,  557,   51,  433,  483,  191,  305,  598,  453,  395,  519,  379,  293,  225,  338,  371,  173,  151,  570,  474,  411,  141,  429,  464,  657,  500,  413,  315,  380,  454],
        [  416,    0,   22,    0,  646,  504,  483,  312,  422,  159,  373,  617,  839,  388,  252,  304,  206,  587,  598,  358,  386,  476,  408,  421,  396,  472,  463,  369,  337,  837,  182,  146,  655,  638,  368,  243,  572,  629,  781,  559,  410,  683,  629,  540,  300,  556,  343,  305,  787,  356,  682,  636,  367,  305,  298,  373,  350,  486,  183,  464,  255,  125,  270,  336,  441,  685,  491,  383,  304,  373,  215,  573,  339,  428,  509,  215,  193,   99,  224,  183,  525,  220,  333,  520,  563,  558,  163,  143,  693,  502,  176,  171,  600,  503,   87,  266,  369,  447,  224,  227,  276,  356,  500,  679,  261,  396,  302,  490,  338,  494,  425,  392,  452,  397,  351,  330,  625,  502,  511,  608,  628,  574,   60,  454,  499,  170,  326,  611,  447,  387,  532,  391,  273,  239,  327,  366,  165,  171,  591,  481,  395,  145,  449,  457,  677,  511,  426,  301,  395,  468],
        [  694,    0,  635,  646,    0,  183,  274,  432,  368,  488,  854,  721,  195,  455,  470,  347,  844,  718,  591,  293,  774,  260,  708,  239,  981,  497, 1090,  478,  413,  872,  485,  655,  729,  348,  280,  872,  712,  236,  822, 1163,  729,  284,  463,  322,  420,  143,  548,  513,  145,  322,  855,  817,  314,  898,  710,  328,  724,  205,  823,  217,  711,  521,  904,  905,  418,  670,  178,  466,  520,  654,  860,  228,  700,  409,  419,  799,  819,  718,  454,  827,  952,  789,  412,  306,  287, 1152,  808,  782,  780, 1013,  820,  705,  638,  367,  585,  414,  846,  543,  865,  700,  870,  986, 1047,  133,  626,  315,  558,  989,  968,  204,  328,  964,  196,  258,  909,  973,  802,  955,  959,   78,  321,  239,  672,  644,  250,  756,  552,   85,  475,  510,  967,  258,  756,  736,  571,  996,  553,  614,  586,  188,  709,  750,  702,  509,  818,  136,  235,  628,  820,  207],
        [  653,    0,  490,  504,  183,    0,   99,  254,  355,  348,  675,  553,  365,  428,  298,  202,  691,  547,  431,  197,  711,   82,  662,  183,  810,  499,  928,  443,  360,  722,  371,  488,  565,  237,  176,  742,  539,  158,  669,  994,  547,  223,  326,  170,  244,   53,  500,  454,  300,  254,  685,  644,  253,  730,  530,  150,  660,   23,  671,  206,  535,  383,  748,  733,  414,  518,  177,  284,  460,  606,  717,  109,  636,  400,  253,  684,  690,  563,  292,  686,  770,  677,  358,  147,  150,  981,  664,  630,  617,  833,  671,  537,  474,  200,  459,  250,  666,  364,  713,  607,  755,  826,  870,  289,  448,  135,  377,  809,  808,   23,  146,  791,   88,  183,  736,  833,  629,  774,  778,  117,  212,  118,  520,  464,   79,  638,  370,  116,  470,  480,  785,  127,  666,  562,  517,  836,  448,  444,  425,  180,  659,  591,  521,  505,  650,   88,   80,  563,  639,   37],
        [  695,    0,  466,  483,  274,   99,    0,  193,  423,  338,  602,  455,  442,  485,  247,  207,  655,  449,  333,  244,  740,   21,  702,  253,  750,  565,  878,  496,  410,  627,  381,  440,  467,  177,  222,  726,  441,  147,  573,  934,  461,  201,  240,   86,  193,  131,  545,  494,  374,  307,  587,  547,  310,  675,  458,  111,  690,   82,  636,  287,  469,  372,  706,  673,  481,  423,  265,  198,  500,  646,  688,   93,  667,  466,  155,  680,  675,  528,  260,  660,  686,  677,  407,   59,   87,  918,  636,  596,  519,  759,  639,  486,  376,  103,  455,  218,  593,  269,  676,  620,  749,  780,  800,  387,  379,   88,  303,  734,  763,   77,   67,  729,  163,  244,  673,  807,  532,  693,  696,  200,  158,   92,  488,  371,   26,  633,  291,  196,  535,  534,  702,  167,  680,  500,  558,  789,  460,  393,  327,  267,  697,  548,  430,  568,  552,  183,  121,  595,  560,   98],
        [  613,    0,  293,  312,  432,  254,  193,    0,  421,  196,  422,  399,  618,  451,   61,  151,  466,  379,  327,  244,  631,  193,  615,  295,  560,  545,  685,  451,  371,  609,  269,  249,  427,  328,  232,  552,  367,  337,  551,  744,  311,  382,  322,  233,   26,  304,  477,  424,  553,  297,  509,  464,  306,  484,  278,  105,  583,  231,  449,  346,  282,  224,  516,  483,  472,  423,  346,   93,  427,  562,  505,  284,  564,  455,  200,  522,  504,  341,  101,  480,  525,  523,  367,  216,  261,  729,  454,  410,  475,  581,  454,  293,  347,  192,  307,   79,  414,  190,  488,  489,  586,  588,  617,  518,  194,  120,  129,  557,  571,  235,  127,  540,  254,  273,  484,  624,  449,  525,  530,  370,  320,  282,  306,  260,  215,  475,  129,  369,  513,  487,  540,  204,  547,  311,  481,  597,  340,  201,  320,  341,  606,  358,  301,  540,  486,  307,  203,  498,  390,  226],
        [  327,    0,  423,  422,  368,  355,  423,  421,    0,  309,  755,  817,  528,   89,  409,  271,  622,  799,  726,  187,  413,  403,  342,  173,  815,  144,  880,  113,   87, 1019,  245,  510,  842,  590,  207,  590,  787,  510,  962,  980,  708,  574,  660,  508,  395,  380,  186,  165,  503,  126,  930,  884,  119,  725,  633,  362,  366,  357,  598,  160,  609,  324,  687,  750,   59,  822,  199,  507,  172,  289,  611,  463,  343,   45,  557,  495,  541,  518,  356,  574,  893,  480,   90,  481,  499,  979,  566,  562,  892,  903,  587,  557,  756,  514,  337,  348,  748,  607,  638,  374,  563,  774,  913,  325,  555,  374,  528,  887,  756,  366,  419,  808,  268,  179,  763,  705,  869,  880,  888,  384,  566,  472,  473,  679,  416,  462,  538,  391,  116,  143,  903,  259,  420,  615,  213,  784,  269,  492,  719,  190,  343,  563,  713,  150,  906,  287,  302,  276,  751,  333],
        [  424,    0,  147,  159,  488,  348,  338,  196,  309,    0,  447,  571,  682,  305,  149,  147,  358,  546,  518,  204,  436,  327,  424,  268,  521,  399,  610,  296,  233,  789,   84,  203,  604,  503,  212,  395,  532,  481,  731,  696,  414,  538,  515,  404,  176,  399,  302,  250,  629,  215,  663,  616,  227,  432,  327,  228,  388,  331,  336,  316,  301,   36,  420,  451,  345,  612,  338,  285,  252,  374,  373,  424,  370,  329,  394,  343,  343,  235,   96,  340,  586,  340,  229,  382,  422,  690,  321,  295,  649,  596,  332,  252,  533,  376,  118,  127,  440,  372,  378,  294,  412,  504,  610,  528,  255,  251,  251,  579,  486,  339,  286,  510,  294,  244,  461,  488,  603,  572,  580,  450,  490,  426,  188,  414,  351,  296,  269,  453,  369,  326,  596,  233,  353,  307,  299,  514,  145,  185,  511,  329,  414,  273,  432,  389,  648,  353,  269,  307,  445,  312],
        [  787,    0,  361,  373,  854,  675,  602,  422,  755,  447,    0,  419, 1039,  743,  388,  535,  296,  386,  488,  625,  741,  608,  777,  687,  192,  834,  350,  729,  677,  604,  517,  248,  459,  679,  622,  457,  373,  730,  559,  357,  185,  759,  602,  608,  435,  723,  712,  670,  972,  654,  410,  376,  666,  176,  145,  527,  712,  652,  303,  739,  150,  434,  285,  134,  788,  534,  750,  409,  669,  745,  366,  687,  705,  773,  522,  514,  443,  286,  421,  374,  154,  531,  673,  603,  647,  333,  349,  301,  472,  159,  324,  205,  457,  552,  453,  451,    9,  384,  307,  586,  537,  296,  201,  933,  229,  541,  300,  137,  290,  655,  537,  161,  670,  662,  118,  440,  371,  130,  139,  791,  684,  681,  314,  305,  626,  489,  312,  789,  806,  752,  159,  613,  619,  142,  698,  300,  531,  265,  484,  743,  763,  244,  249,  820,  427,  726,  622,  674,   70,  648],
        [  994,    0,  597,  617,  721,  553,  455,  399,  817,  571,  419,    0,  861,  850,  427,  547,  663,   34,  140,  634,  992,  472,  993,  673,  610,  943,  768,  849,  769,  221,  653,  480,   42,  411,  618,  807,   49,  510,  164,  761,  244,  503,  292,  401,  425,  580,  869,  816,  789,  692,  136,  107,  700,  583,  354,  463,  949,  535,  658,  719,  400,  586,  678,  549,  870,  125,  707,  310,  819,  945,  728,  497,  933,  853,  303,  823,  773,  583,  484,  720,  389,  832,  765,  415,  438,  731,  690,  635,   78,  518,  674,  484,   89,  356,  655,  476,  413,  211,  681,  837,  870,  708,  586,  841,  358,  458,  324,  490,  699,  531,  421,  579,  603,  655,  535,  828,   95,  419,  416,  644,  431,  486,  576,  164,  477,  782,  304,  638,  911,  884,  406,  576,  889,  437,  869,  713,  712,  447,  143,  706,  982,  565,  184,  938,   98,  636,  550,  876,  350,  547],
        [  851,    0,  829,  839,  195,  365,  442,  618,  528,  682, 1039,  861,    0,  616,  660,  541, 1038,  863,  723,  485,  941,  434,  868,  427, 1172,  638, 1284,  641,  587,  981,  676,  847,  861,  455,  473, 1064,  859,  351,  937, 1355,  903,  368,  579,  466,  608,  316,  714,  685,   72,  506,  997,  963,  498, 1090,  894,  514,  893,  387, 1017,  396,  899,  715, 1098, 1096,  568,  789,  360,  640,  692,  816, 1054,  371,  870,  564,  568,  987, 1011,  912,  647, 1020, 1128,  976,  587,  459,  426, 1343, 1002,  976,  910, 1197, 1014,  897,  774,  520,  777,  607, 1030,  705, 1059,  883, 1058, 1180, 1234,  210,  812,  499,  740, 1173, 1162,  384,  504, 1154,  390,  448, 1099, 1166,  949, 1134, 1138,  248,  432,  380,  867,  808,  417,  945,  731,  250,  622,  669, 1144,  452,  935,  926,  739, 1190,  741,  805,  719,  371,  870,  944,  869,  654,  956,  330,  427,  801, 1001,  394],
        [  239,    0,  393,  388,  455,  428,  485,  451,   89,  305,  743,  850,  616,    0,  429,  309,  578,  829,  770,  242,  326,  466,  254,  247,  782,   96,  833,   27,   81, 1059,  227,  496,  877,  658,  264,  527,  816,  585, 1001,  939,  717,  650,  718,  570,  426,  458,  100,   93,  591,  179,  955,  908,  177,  692,  631,  410,  280,  427,  554,  243,  601,  310,  642,  722,   62,  866,  283,  542,   98,  201,  558,  536,  256,   57,  609,  427,  481,  486,  372,  521,  887,  410,   85,  544,  566,  941,  518,  521,  926,  884,  541,  539,  796,  570,  301,  374,  737,  640,  591,  300,  492,  729,  886,  411,  559,  425,  544,  869,  711,  436,  471,  779,  340,  246,  737,  645,  894,  871,  879,  467,  635,  544,  444,  703,  482,  398,  559,  475,   65,   55,  896,  319,  341,  602,  128,  739,  224,  487,  763,  274,  255,  532,  730,   89,  934,  367,  366,  193,  747,  402],
        [  572,    0,  233,  252,  470,  298,  247,   61,  409,  149,  388,  427,  660,  429,    0,  152,  408,  404,  370,  247,  583,  245,  572,  305,  513,  524,  633,  425,  349,  642,  228,  194,  458,  388,  240,  492,  390,  393,  584,  697,  302,  441,  379,  292,   56,  349,  443,  390,  597,  290,  527,  480,  301,  433,  247,  148,  536,  276,  390,  357,  242,  171,  460,  436,  457,  464,  364,  139,  393,  522,  446,  340,  518,  440,  258,  463,  444,  282,   58,  420,  504,  465,  345,  275,  319,  684,  394,  351,  504,  547,  395,  241,  384,  252,  253,   66,  380,  224,  430,  437,  527,  533,  577,  545,  162,  167,  119,  525,  516,  281,  183,  494,  282,  281,  440,  564,  466,  500,  506,  413,  380,  338,  246,  275,  268,  417,  130,  413,  492,  459,  517,  225,  494,  266,  443,  543,  293,  148,  363,  358,  563,  301,  304,  517,  507,  339,  236,  455,  364,  266],
        [  496,    0,  291,  304,  347,  202,  207,  151,  271,  147,  535,  547,  541,  309,  152,    0,  499,  529,  461,   96,  535,  193,  502,  154,  641,  400,  744,  313,  228,  752,  176,  313,  572,  381,   89,  541,  517,  343,  694,  821,  452,  403,  419,  284,  126,  253,  350,  297,  485,  146,  660,  614,  155,  555,  397,  107,  485,  186,  477,  206,  386,  182,  558,  567,  324,  558,  216,  237,  303,  446,  518,  286,  463,  307,  304,  483,  488,  372,  115,  486,  655,  478,  224,  259,  293,  812,  466,  436,  622,  692,  475,  364,  489,  271,  258,   86,  527,  336,  519,  414,  554,  640,  717,  402,  312,  127,  268,  671,  622,  195,  172,  626,  151,  130,  573,  634,  599,  650,  656,  305,  364,  289,  327,  411,  215,  437,  274,  307,  367,  350,  668,   89,  474,  404,  359,  650,  255,  277,  454,  209,  496,  405,  449,  397,  635,  211,  123,  391,  515,  166],
        [  545,    0,  212,  206,  844,  691,  655,  466,  622,  358,  296,  663, 1038,  578,  408,  499,    0,  630,  686,  561,  476,  651,  530,  624,  223,  654,  259,  556,  536,  871,  386,  222,  703,  789,  569,  162,  615,  801,  820,  362,  422,  848,  754,  698,  463,  744,  515,  488,  983,  561,  688,  648,  572,  146,  310,  549,  458,  672,   24,  669,  264,  327,   66,  193,  635,  758,  694,  512,  485,  513,   71,  747,  457,  623,  644,  234,  155,  128,  400,   84,  440,  253,  533,  682,  727,  367,   68,   63,  730,  368,   40,  191,  672,  651,  286,  443,  296,  544,   22,  337,  243,  153,  342,  883,  330,  571,  403,  367,  134,  678,  591,  232,  649,  600,  214,  169,  640,  407,  417,  801,  785,  745,  172,  511,  674,  222,  427,  803,  632,  567,  440,  587,  352,  226,  493,  163,  355,  271,  680,  685,  516,  111,  480,  636,  696,  709,  617,  448,  350,  657],
        [  969,    0,  567,  587,  718,  547,  449,  379,  799,  546,  386,   34,  863,  829,  404,  529,  630,    0,  151,  618,  964,  466,  967,  659,  577,  923,  735,  827,  749,  250,  629,  449,   75,  418,  602,  774,   16,  513,  195,  730,  211,  511,  302,  400,  405,  576,  846,  793,  792,  674,  139,  100,  683,  550,  320,  449,  922,  528,  625,  707,  367,  560,  644,  515,  851,  154,  696,  293,  796,  919,  695,  496,  906,  834,  300,  792,  741,  551,  461,  687,  361,  801,  745,  412,  439,  700,  657,  603,  106,  487,  642,  452,  101,  352,  628,  456,  380,  194,  648,  808,  838,  675,  555,  835,  328,  446,  298,  460,  666,  525,  410,  546,  593,  641,  502,  794,   86,  390,  387,  642,  437,  486,  545,  135,  471,  752,  278,  636,  891,  862,  378,  562,  859,  404,  845,  680,  686,  417,  152,  694,  956,  532,  150,  918,  108,  628,  539,  850,  317,  538],
        [  939,    0,  577,  598,  591,  431,  333,  327,  726,  518,  488,  140,  723,  770,  370,  461,  686,  151,    0,  539,  952,  352,  940,  569,  677,  860,  831,  772,  689,  296,  594,  478,  139,  272,  521,  814,  152,  373,  241,  843,  303,  364,  153,  270,  351,  452,  803,  749,  652,  600,  275,  246,  607,  634,  386,  364,  906,  414,  677,  612,  426,  540,  713,  607,  782,   97,  595,  234,  753,  888,  744,  364,  887,  765,  179,  811,  774,  586,  424,  730,  495,  817,  685,  287,  305,  817,  700,  647,  190,  612,  690,  497,   52,  231,  618,  405,  480,  152,  706,  803,  867,  758,  675,  714,  358,  354,  297,  584,  746,  410,  312,  647,  491,  555,  597,  854,  233,  519,  518,  514,  292,  353,  568,  185,  353,  767,  273,  507,  828,  809,  513,  473,  859,  466,  807,  765,  662,  435,    8,  595,  931,  579,  241,  858,  234,  516,  440,  823,  422,  430],
        [  457,    0,  349,  358,  293,  197,  244,  244,  187,  204,  625,  634,  485,  242,  247,   96,  561,  618,  539,    0,  514,  225,  466,   65,  721,  326,  814,  253,  168,  833,  193,  394,  657,  417,   23,  580,  606,  354,  776,  898,  547,  418,  477,  328,  220,  238,  305,  257,  437,   64,  751,  705,   69,  633,  489,  175,  463,  191,  539,  115,  476,  235,  623,  648,  244,  635,  134,  325,  264,  410,  571,  301,  440,  228,  371,  507,  527,  439,  204,  537,  749,  498,  165,  302,  326,  891,  520,  498,  707,  781,  534,  446,  571,  329,  293,  181,  617,  424,  580,  417,  579,  708,  802,  324,  406,  187,  363,  761,  689,  200,  232,  708,  116,   40,  656,  682,  691,  742,  749,  271,  396,  307,  392,  503,  242,  464,  369,  275,  294,  291,  762,   78,  475,  491,  321,  718,  263,  363,  532,  126,  463,  476,  543,  326,  725,  165,  126,  366,  608,  166],
        [  113,    0,  404,  386,  774,  711,  740,  631,  413,  436,  741,  992,  941,  326,  583,  535,  476,  964,  952,  514,    0,  725,   92,  545,  697,  331,  684,  300,  362, 1213,  366,  531, 1028,  916,  536,  345,  949,  866, 1155,  806,  795,  929,  946,  819,  609,  751,  228,  263,  913,  463, 1066, 1020,  467,  620,  682,  640,   51,  703,  459,  557,  638,  412,  527,  665,  378, 1045,  597,  720,  256,  128,  421,  811,   75,  380,  825,  245,  325,  457,  531,  394,  894,  224,  364,  794,  827,  821,  409,  446, 1069,  841,  438,  551,  963,  801,  338,  558,  738,  804,  478,  160,  270,  598,  817,  737,  642,  661,  669,  836,  583,  712,  704,  707,  628,  535,  684,  452, 1008,  865,  875,  774,  897,  817,  439,  830,  745,  256,  691,  781,  333,  275,  897,  587,  124,  618,  203,  606,  292,  553,  945,  587,   81,  498,  832,  311, 1058,  669,  636,  149,  774,  678],
        [  678,    0,  459,  476,  260,   82,   21,  193,  403,  327,  608,  472,  434,  466,  245,  193,  651,  466,  352,  225,  725,    0,  685,  233,  753,  546,  877,  477,  392,  646,  368,  439,  486,  194,  203,  718,  458,  154,  592,  936,  471,  212,  260,  105,  190,  120,  527,  477,  366,  288,  604,  563,  290,  676,  464,  103,  674,   63,  632,  267,  472,  362,  704,  675,  462,  442,  245,  208,  483,  629,  683,   98,  651,  446,  174,  669,  667,  523,  254,  654,  695,  666,  389,   79,  103,  921,  630,  592,  537,  765,  635,  485,  394,  123,  444,  211,  599,  284,  673,  607,  739,  778,  805,  370,  383,   81,  308,  740,  761,   60,   71,  732,  143,  225,  676,  801,  548,  701,  705,  189,  174,   99,  483,  384,   24,  623,  298,  185,  515,  515,  711,  148,  666,  503,  541,  788,  447,  392,  346,  246,  681,  546,  442,  548,  569,  165,  102,  579,  568,   78],
        [   22,    0,  425,  408,  708,  662,  702,  615,  342,  424,  777,  993,  868,  254,  572,  502,  530,  967,  940,  466,   92,  685,    0,  489,  753,  245,  754,  231,  304, 1212,  346,  551, 1026,  878,  488,  415,  952,  820, 1154,  874,  811,  884,  919,  784,  591,  699,  163,  210,  844,  410, 1076, 1029,  412,  671,  703,  609,   76,  657,  511,  493,  662,  407,  586,  713,  300, 1035,  534,  706,  203,   57,  483,  766,   74,  304,  801,  310,  387,  491,  517,  453,  930,  289,  306,  758,  788,  886,  463,  493, 1070,  889,  492,  579,  956,  772,  344,  538,  773,  796,  536,  196,  347,  663,  871,  661,  653,  628,  669,  882,  647,  666,  673,  760,  577,  482,  732,  528, 1017,  904,  914,  716,  858,  773,  466,  833,  705,  310,  690,  722,  251,  200,  935,  542,  186,  647,  146,  671,  282,  565,  933,  524,   16,  536,  842,  225, 1065,  612,  591,  118,  803,  632],
        [  477,    0,  413,  421,  239,  183,  253,  295,  173,  268,  687,  673,  427,  247,  305,  154,  624,  659,  569,   65,  545,  233,  489,    0,  785,  317,  878,  263,  185,  865,  250,  459,  693,  417,   66,  637,  649,  339,  809,  963,  602,  403,  492,  337,  272,  212,  326,  284,  383,   84,  794,  750,   79,  697,  550,  211,  495,  184,  602,   53,  538,  298,  687,  712,  232,  664,   71,  368,  290,  432,  633,  291,  471,  218,  395,  561,  585,  503,  266,  598,  808,  550,  183,  311,  326,  956,  582,  561,  745,  844,  596,  510,  605,  349,  352,  239,  679,  466,  644,  462,  632,  772,  866,  260,  466,  217,  418,  823,  753,  193,  258,  772,   95,   26,  721,  742,  735,  803,  809,  230,  393,  299,  456,  551,  244,  518,  422,  236,  288,  300,  821,   98,  518,  554,  346,  782,  315,  427,  563,   61,  487,  541,  595,  322,  766,  124,  133,  398,  668,  160],
        [  767,    0,  393,  396,  981,  810,  750,  560,  815,  521,  192,  610, 1172,  782,  513,  641,  223,  577,  677,  721,  697,  753,  753,  785,    0,  864,  159,  763,  731,  788,  572,  329,  650,  849,  723,  366,  564,  888,  746,  184,  375,  924,  783,  771,  567,  862,  729,  697, 1110,  735,  590,  561,  747,   91,  306,  661,  681,  789,  243,  835,  284,  497,  173,   78,  837,  725,  853,  570,  695,  735,  278,  840,  680,  823,  693,  453,  374,  298,  529,  303,  279,  473,  727,  762,  807,  172,  290,  267,  660,  165,  262,  277,  648,  717,  482,  567,  198,  563,  220,  559,  450,  131,  121, 1042,  374,  678,  454,  175,  134,  793,  684,   32,  788,  760,   81,  304,  558,  239,  248,  926,  852,  836,  343,  493,  774,  444,  472,  926,  841,  778,  271,  727,  574,  251,  709,  130,  559,  368,  673,  845,  738,  253,  439,  848,  612,  847,  746,  668,  261,  779],
        [  225,    0,  479,  472,  497,  499,  565,  545,  144,  399,  834,  943,  638,   96,  524,  400,  654,  923,  860,  326,  331,  546,  245,  317,  864,    0,  905,  106,  175, 1151,  320,  587,  970,  733,  346,  586,  910,  653, 1093, 1015,  812,  717,  802,  650,  519,  523,  142,  168,  622,  262, 1050, 1003,  257,  775,  725,  498,  294,  501,  631,  300,  694,  403,  718,  807,   86,  956,  338,  635,  170,  205,  627,  607,  274,  100,  696,  481,  544,  570,  467,  592,  979,  462,  179,  624,  643, 1020,  591,  600, 1019,  972,  616,  630,  888,  654,  386,  468,  828,  733,  666,  349,  540,  803,  971,  429,  654,  512,  640,  958,  785,  510,  557,  863,  412,  322,  823,  705,  989,  962,  970,  521,  710,  616,  530,  798,  560,  459,  653,  530,   33,   87,  988,  400,  378,  693,  168,  812,  308,  580,  853,  330,  252,  617,  825,   22, 1029,  429,  444,  230,  840,  476],
        [  771,    0,  467,  463, 1090,  928,  878,  685,  880,  610,  350,  768, 1284,  833,  633,  744,  259,  735,  831,  814,  684,  877,  754,  878,  159,  905,    0,  810,  794,  945,  644,  440,  808,  990,  820,  340,  722, 1020,  903,  125,  531, 1060,  932,  907,  688,  980,  764,  742, 1225,  817,  747,  718,  829,  206,  453,  780,  679,  907,  282,  924,  423,  581,  194,  224,  891,  882,  948,  708,  738,  747,  279,  969,  684,  880,  836,  445,  370,  376,  638,  314,  426,  466,  791,  895,  940,  147,  316,  320,  818,  297,  293,  393,  804,  855,  544,  679,  356,  711,  243,  570,  417,  107,  229, 1137,  511,  800,  592,  315,  126,  912,  812,  190,  895,  853,  235,  238,  715,  387,  395, 1041,  990,  966,  423,  647,  899,  453,  612, 1042,  885,  818,  417,  832,  569,  386,  740,   97,  612,  486,  827,  939,  739,  340,  595,  886,  769,  954,  858,  689,  419,  894],
        [  217,    0,  375,  369,  478,  443,  496,  451,  113,  296,  729,  849,  641,   27,  425,  313,  556,  827,  772,  253,  300,  477,  231,  263,  763,  106,  810,    0,   87, 1060,  215,  482,  877,  670,  275,  502,  814,  600, 1002,  918,  709,  665,  726,  580,  426,  475,   74,   69,  614,  191,  951,  904,  190,  673,  620,  416,  254,  440,  533,  264,  589,  298,  621,  704,   88,  869,  304,  543,   73,  177,  535,  550,  230,   84,  615,  401,  456,  467,  368,  498,  874,  384,   90,  554,  578,  921,  495,  500,  926,  867,  519,  525,  797,  578,  283,  373,  723,  640,  569,  273,  465,  707,  868,  437,  550,  433,  540,  854,  689,  450,  479,  760,  355,  260,  719,  620,  890,  857,  865,  487,  647,  557,  426,  700,  494,  373,  555,  494,   78,   39,  883,  330,  314,  588,  101,  717,  205,  475,  765,  294,  232,  514,  725,   94,  932,  385,  378,  166,  735,  415],
        [  293,    0,  338,  337,  413,  360,  410,  371,   87,  233,  677,  769,  587,   81,  349,  228,  536,  749,  689,  168,  362,  392,  304,  185,  731,  175,  794,   87,    0,  978,  162,  430,  796,  584,  190,  507,  736,  518,  920,  894,  641,  582,  640,  495,  345,  395,  141,  101,  554,  107,  875,  829,  108,  640,  559,  331,  313,  356,  512,  196,  533,  243,  601,  667,  113,  786,  235,  462,  108,  248,  525,  466,  289,   97,  529,  415,  457,  433,  293,  489,  818,  401,    5,  468,  493,  894,  480,  476,  845,  822,  501,  476,  715,  492,  251,  293,  670,  560,  552,  299,  484,  688,  830,  392,  485,  347,  466,  806,  670,  366,  393,  724,  274,  178,  680,  621,  814,  803,  811,  413,  563,  473,  389,  624,  409,  379,  479,  420,  143,  125,  828,  245,  349,  536,  161,  698,  183,  417,  682,  225,  303,  478,  652,  170,  854,  309,  293,  216,  677,  331],
        [ 1213,    0,  817,  837,  872,  722,  627,  609, 1019,  789,  604,  221,  981, 1059,  642,  752,  871,  250,  296,  833, 1213,  646, 1212,  865,  788, 1151,  945, 1060,  978,    0,  870,  699,  186,  530,  815, 1020,  266,  641,   59,  918,  450,  614,  410,  556,  635,  738, 1084, 1031,  912,  894,  200,  229,  901,  777,  565,  659, 1170,  708,  869,  908,  613,  805,  879,  737, 1074,  205,  890,  517, 1034, 1163,  938,  645, 1153, 1058,  473, 1041,  989,  799,  699,  933,  531, 1051,  974,  577,  586,  885,  903,  849,  145,  668,  886,  700,  264,  524,  876,  688,  600,  421,  888, 1057, 1087,  899,  740, 1000,  578,  650,  544,  643,  892,  702,  608,  757,  786,  850,  721, 1032,  234,  568,  562,  795,  556,  633,  795,  384,  644, 1002,  523,  788, 1119, 1096,  545,  768, 1109,  648, 1085,  903,  931,  667,  303,  890, 1202,  778,  396, 1148,  178,  809,  736, 1094,  537,  724],
        [  345,    0,  180,  182,  485,  371,  381,  269,  245,   84,  517,  653,  676,  227,  228,  176,  386,  629,  594,  193,  366,  368,  346,  250,  572,  320,  644,  215,  162,  870,    0,  270,  685,  554,  208,  388,  615,  517,  811,  739,  496,  578,  580,  456,  246,  419,  218,  167,  629,  177,  746,  699,  189,  481,  405,  276,  317,  358,  363,  289,  375,   84,  451,  506,  272,  690,  319,  361,  169,  295,  386,  460,  297,  257,  460,  316,  335,  275,  172,  351,  660,  308,  158,  432,  468,  737,  337,  324,  730,  661,  354,  315,  611,  435,  104,  193,  511,  451,  404,  239,  388,  537,  669,  503,  337,  298,  334,  646,  519,  367,  339,  564,  302,  229,  519,  493,  686,  645,  652,  460,  538,  464,  229,  497,  390,  272,  351,  464,  290,  244,  670,  246,  299,  376,  217,  547,   79,  261,  587,  309,  338,  319,  515,  309,  730,  356,  291,  230,  520,  335],
        [  558,    0,  128,  146,  655,  488,  440,  249,  510,  203,  248,  480,  847,  496,  194,  313,  222,  449,  478,  394,  531,  439,  551,  459,  329,  587,  440,  482,  430,  699,  270,    0,  519,  569,  396,  336,  434,  585,  643,  510,  265,  629,  535,  478,  249,  541,  469,  425,  787,  415,  538,  493,  427,  244,  152,  341,  495,  467,  207,  509,  112,  187,  268,  254,  541,  559,  526,  290,  425,  513,  271,  532,  483,  526,  423,  343,  297,  108,  201,  253,  393,  352,  426,  463,  508,  500,  223,  173,  554,  394,  217,   52,  473,  430,  212,  241,  242,  331,  244,  372,  392,  340,  409,  714,  124,  360,  185,  377,  323,  473,  375,  314,  461,  434,  262,  386,  482,  376,  384,  603,  564,  530,   97,  319,  461,  303,  210,  603,  559,  506,  402,  399,  417,  107,  458,  349,  288,   50,  472,  518,  539,  111,  306,  574,  534,  520,  421,  441,  257,  456],
        [ 1027,    0,  634,  655,  729,  565,  467,  427,  842,  604,  459,   42,  861,  877,  458,  572,  703,   75,  139,  657, 1028,  486, 1026,  693,  650,  970,  808,  877,  796,  186,  685,  519,    0,  408,  640,  847,   90,  511,  128,  799,  285,  499,  285,  408,  452,  589,  900,  847,  790,  716,  143,  126,  724,  624,  394,  484,  984,  548,  699,  738,  441,  620,  719,  589,  895,   96,  724,  336,  850,  978,  768,  502,  968,  878,  313,  862,  813,  622,  515,  760,  424,  870,  793,  424,  443,  769,  730,  676,   52,  554,  715,  525,   92,  366,  691,  505,  453,  238,  722,  873,  910,  749,  623,  851,  397,  477,  359,  527,  740,  544,  438,  619,  620,  677,  575,  869,  118,  455,  452,  652,  429,  491,  615,  202,  488,  821,  338,  645,  938,  913,  440,  596,  925,  478,  901,  754,  745,  484,  144,  724, 1016,  605,  225,  966,   99,  650,  568,  909,  390,  561],
        [  871,    0,  619,  638,  348,  237,  177,  328,  590,  503,  679,  411,  455,  658,  388,  381,  789,  418,  272,  417,  916,  194,  878,  417,  849,  733,  990,  670,  584,  530,  554,  569,  408,    0,  395,  879,  417,  112,  484, 1030,  509,   93,  124,   99,  339,  230,  721,  670,  385,  479,  546,  516,  481,  785,  544,  279,  865,  234,  774,  442,  568,  536,  835,  773,  649,  334,  412,  283,  676,  822,  832,  133,  843,  634,  157,  843,  830,  667,  417,  807,  729,  842,  581,  123,   92, 1009,  781,  736,  455,  826,  780,  607,  323,  139,  620,  378,  670,  298,  811,  792,  910,  899,  878,  479,  480,  257,  399,  799,  884,  225,  217,  824,  323,  413,  769,  950,  503,  745,  746,  274,   28,  122,  633,  394,  176,  796,  379,  266,  704,  707,  746,  340,  851,  605,  734,  908,  633,  519,  269,  417,  873,  679,  460,  738,  504,  319,  292,  771,  624,  258],
        [  479,    0,  358,  368,  280,  176,  222,  232,  207,  212,  622,  618,  473,  264,  240,   89,  569,  602,  521,   23,  536,  203,  488,   66,  723,  346,  820,  275,  190,  815,  208,  396,  640,  395,    0,  593,  591,  332,  758,  902,  538,  396,  456,  306,  209,  218,  328,  279,  423,   86,  736,  691,   90,  636,  485,  157,  485,  169,  547,  118,  473,  244,  631,  650,  264,  616,  130,  310,  286,  432,  582,  279,  461,  248,  351,  523,  540,  445,  201,  548,  743,  515,  187,  280,  303,  894,  530,  506,  691,  779,  543,  447,  553,  309,  306,  174,  614,  408,  589,  436,  595,  715,  803,  319,  400,  167,  354,  758,  696,  178,  212,  710,   96,   42,  658,  694,  676,  738,  744,  253,  373,  285,  399,  490,  220,  479,  359,  257,  315,  313,  756,   55,  494,  490,  343,  725,  281,  363,  514,  123,  485,  481,  532,  348,  709,  148,  104,  387,  603,  144],
        [  433,    0,  261,  243,  872,  742,  726,  552,  590,  395,  457,  807, 1064,  527,  492,  541,  162,  774,  814,  580,  345,  718,  415,  637,  366,  586,  340,  502,  507, 1020,  388,  336,  847,  879,  593,    0,  759,  872,  967,  462,  572,  925,  862,  782,  541,  793,  445,  434, 1015,  562,  843,  802,  572,  302,  456,  615,  340,  725,  157,  674,  408,  360,  194,  351,  588,  893,  706,  615,  429,  412,   93,  815,  346,  580,  745,  108,   53,  229,  466,   88,  602,  129,  505,  763,  806,  477,  118,  172,  877,  522,  137,  323,  807,  743,  287,  508,  457,  666,  154,  239,   85,  255,  486,  887,  457,  638,  519,  523,  242,  733,  667,  381,  684,  616,  372,  119,  793,  567,  577,  842,  870,  816,  251,  649,  741,  130,  544,  845,  571,  502,  601,  624,  230,  374,  418,  263,  329,  380,  808,  696,  400,  243,  626,  566,  848,  741,  663,  361,  509,  706],
        [  954,    0,  552,  572,  712,  539,  441,  367,  787,  532,  373,   49,  859,  816,  390,  517,  615,   16,  152,  606,  949,  458,  952,  649,  564,  910,  722,  814,  736,  266,  615,  434,   90,  417,  591,  759,    0,  510,  210,  718,  197,  509,  303,  395,  393,  569,  832,  779,  788,  662,  147,  106,  671,  536,  306,  438,  907,  520,  610,  696,  352,  546,  630,  502,  839,  164,  686,  282,  782,  905,  680,  491,  891,  822,  294,  777,  726,  535,  447,  672,  352,  786,  732,  407,  434,  689,  642,  588,  121,  477,  627,  437,  104,  346,  613,  443,  367,  183,  633,  793,  823,  661,  544,  827,  313,  436,  283,  450,  652,  517,  401,  533,  583,  630,  489,  780,   91,  380,  378,  636,  435,  481,  530,  120,  464,  736,  264,  630,  878,  848,  369,  552,  844,  389,  831,  666,  671,  401,  153,  685,  941,  517,  136,  905,  119,  620,  530,  835,  304,  530],
        [  810,    0,  613,  629,  236,  158,  147,  337,  510,  481,  730,  510,  351,  585,  393,  343,  801,  513,  373,  354,  866,  154,  820,  339,  888,  653, 1020,  600,  518,  641,  517,  585,  511,  112,  332,  872,  510,    0,  594, 1072,  574,   65,  233,  124,  339,  133,  658,  611,  279,  412,  646,  613,  411,  816,  589,  257,  815,  164,  783,  355,  605,  516,  852,  811,  568,  443,  321,  322,  617,  763,  835,   58,  792,  555,  224,  823,  820,  674,  407,  807,  799,  818,  516,  128,   85, 1054,  783,  743,  560,  884,  786,  629,  423,  181,  597,  364,  722,  366,  823,  755,  892,  924,  930,  368,  515,  234,  435,  858,  907,  155,  211,  865,  245,  341,  810,  954,  599,  810,  813,  165,   86,   56,  635,  469,  131,  776,  420,  156,  625,  638,  815,  280,  815,  639,  675,  933,  596,  537,  369,  327,  816,  694,  532,  660,  606,  227,  231,  718,  682,  189],
        [ 1154,    0,  760,  781,  822,  669,  573,  551,  962,  731,  559,  164,  937, 1001,  584,  694,  820,  195,  241,  776, 1155,  592, 1154,  809,  746, 1093,  903, 1002,  920,   59,  811,  643,  128,  484,  758,  967,  210,  594,    0,  882,  399,  570,  362,  504,  577,  687, 1026,  972,  867,  836,  167,  187,  844,  731,  512,  602, 1112,  653,  817,  852,  560,  747,  830,  692, 1017,  153,  835,  459,  976, 1105,  886,  594, 1095, 1000,  418,  986,  935,  745,  641,  880,  496,  995,  916,  524,  536,  850,  850,  796,   91,  632,  834,  646,  206,  470,  818,  630,  554,  362,  837, 1000, 1032,  853,  704,  948,  522,  593,  487,  607,  846,  648,  551,  715,  731,  793,  676,  983,  189,  532,  527,  745,  509,  583,  739,  327,  591,  946,  465,  737, 1061, 1037,  511,  712, 1052,  595, 1027,  858,  873,  610,  247,  835, 1143,  725,  342, 1089,  136,  755,  680, 1036,  491,  669],
        [  891,    0,  560,  559, 1163,  994,  934,  744,  980,  696,  357,  761, 1355,  939,  697,  821,  362,  730,  843,  898,  806,  936,  874,  963,  184, 1015,  125,  918,  894,  918,  739,  510,  799, 1030,  902,  462,  718, 1072,  882,    0,  541, 1106,  958,  953,  750, 1045,  875,  850, 1293,  908,  719,  696,  920,  267,  486,  844,  799,  972,  385, 1011,  467,  670,  298,  262,  996,  882, 1031,  752,  847,  865,  394, 1024,  803,  983,  873,  565,  488,  465,  711,  428,  388,  586,  891,  945,  989,   37,  425,  419,  802,  251,  400,  459,  810,  899,  643,  750,  365,  739,  350,  687,  540,  214,  179, 1221,  557,  862,  637,  276,  231,  977,  868,  207,  970,  938,  262,  362,  696,  351,  357, 1109, 1033, 1020,  512,  662,  957,  569,  654, 1109,  994,  928,  374,  908,  689,  434,  853,  205,  716,  551,  840, 1023,  859,  423,  603,  997,  747, 1029,  929,  804,  422,  962],
