{
    "name": "random-7-13118",
    "comment": "size=7 seed=13118",
    "nodes": ["+0", "-0", "+1", "-1", "+2", "-2", "+3", "-3", "+4", "-4", "+5", "-5", "+6", "-6", "+7", "-7"],
    "precedence": {
        "+0": "-0",
        "+1": "-1",
        "+2": "-2",
        "+3": "-3",
        "+4": "-4",
        "+5": "-5",
        "+6": "-6",
        "+7": "-7"
    },
    "edges": [
        [    0,    0,  666,  804,  559,  323,  770,  979,  173,  190,  587,  923,  317,  559,  401,  602],
        [    0,    0,  666,  804,  559,  323,  770,  979,  173,  190,  587,  923,  317,  559,  401,  602],
        [  666,  666,    0,  975,  118,  454,  257,  424,  600,  491,  841,  437,  891,  128,  500,  190],
        [  804,  804,  975,    0,  880,  621,  831,  932,  647,  739,  217,  824,  615,  972,  523,  788],
        [  559,  559,  118,  880,    0,  337,  269,  469,  484,  378,  734,  454,  774,  107,  388,  127],
        [  323,  323,  454,  621,  337,    0,  475,  677,  177,  154,  436,  610,  449,  395,  106,  323],
        [  770,  770,  257,  831,  269,  475,    0,  211,  651,  581,  747,  186,  916,  358,  465,  172],
        [  979,  979,  424,  932,  469,  677,  211,    0,  854,  790,  890,  110, 1108,  544,  653,  382],
        [  173,  173,  600,  647,  484,  177,  651,  854,    0,  129,  435,  786,  293,  517,  235,  493],
        [  190,  190,  491,  739,  378,  154,  581,  790,  129,    0,  536,  735,  415,  397,  253,  413],
        [  587,  587,  841,  217,  734,  436,  747,  890,  435,  536,    0,  789,  412,  815,  351,  664],
        [  923,  923,  437,  824,  454,  610,  186,  110,  786,  735,  789,    0, 1028,  543,  573,  346],
        [  317,  317,  891,  615,  774,  449,  916, 1108,  293,  415,  412, 1028,    0,  809,  456,  771],
        [  559,  559,  128,  972,  107,  395,  358,  544,  517,  397,  815,  543,  809,    0,  464,  232],
        [  401,  401,  500,  523,  388,  106,  465,  653,  235,  253,  351,  573,  456,  464,    0,  339],
        [  602,  602,  190,  788,  127,  323,  172,  382,  493,  413,  664,  346,  771,  232,  339,    0]
    ]
}
