{
    "name": "random-47-20866",
    "comment": "size=47 seed=20866",
    "nodes": ["+0", "-0", "+1", "-1", "+2", "-2", "+3", "-3", "+4", "-4", "+5", "-5", "+6", "-6", "+7", "-7", "+8", "-8", "+9", "-9", "+10", "-10", "+11", "-11", "+12", "-12", "+13", "-13", "+14", "-14", "+15", "-15", "+16", "-16", "+17", "-17", "+18", "-18", "+19", "-19", "+20", "-20", "+21", "-21", "+22", "-22", "+23", "-23", "+24", "-24", "+25", "-25", "+26", "-26", "+27", "-27", "+28", "-28", "+29", "-29", "+30", "-30", "+31", "-31", "+32", "-32", "+33", "-33", "+34", "-34", "+35", "-35", "+36", "-36", "+37", "-37", "+38", "-38", "+39", "-39", "+40", "-40", "+41", "-41", "+42", "-42", "+43", "-43", "+44", "-44", "+45", "-45", "+46", "-46", "+47", "-47"],
    "precedence": {
        "+0": "-0",
        "+1": "-1",
        "+2": "-2",
        "+3": "-3",
        "+4": "-4",
        "+5": "-5",
        "+6": "-6",
        "+7": "-7",
        "+8": "-8",
        "+9": "-9",
        "+10": "-10",
        "+11": "-11",
        "+12": "-12",
        "+13": "-13",
        "+14": "-14",
        "+15": "-15",
        "+16": "-16",
        "+17": "-17",
        "+18": "-18",
        "+19": "-19",
        "+20": "-20",
        "+21": "-21",
        "+22": "-22",
        "+23": "-23",
        "+24": "-24",
        "+25": "-25",
        "+26": "-26",
        "+27": "-27",
        "+28": "-28",
        "+29": "-29",
        "+30": "-30",
        "+31": "-31",
        "+32": "-32",
        "+33": "-33",
        "+34": "-34",
        "+35": "-35",
        "+36": "-36",
        "+37": "-37",
        "+38": "-38",
        "+39": "-39",
        "+40": "-40",
        "+41": "-41",
        "+42": "-42",
        "+43": "-43",
        "+44": "-44",
        "+45": "-45",
        "+46": "-46",
        "+47": "-47"
    },
    "edges": [
        [    0,    0,  574,  569,  312,  454,  781,  866,  593,  464,  752,  867,  682,  201,  611,  164,  614,  722,  479,  650,  545,  821,  178,  241,  427,  472,  504,  489,  238,  584,  647,  124,  198,  641,  793,  576,  694,  585,  543,  152,  253,  540,  642,  624,  935,  761,  239,  730,  900,  121,  529,  405,  377,  700,  158,  785,  192,  851,  415,  288,  830,  573,  325,  928,  633,  407,  863,  491,  297,  821,  614,  585,  619,  568,   66,  758,  628,  447,  638,  808,  105,  736,  915,  578,  232,   30,  791, 1006,  899,  338,   87,  174,  516,  814,   55,  653],
        [    0,    0,    0,    0,    0,    0,    0,    0,    0,    0,    0,    0,    0,    0,    0,    0,    0,    0,    0,    0,    0,    0,    0,    0,    0,    0,    0,    0,    0,    0,    0,    0,    0,    0,    0,    0,    0,    0,    0,    0,    0,    0,    0,    0,    0,    0,    0,    0,    0,    0,    0,    0,    0,    0,    0,    0,    0,    0,    0,    0,    0,    0,    0,    0,    0,    0,    0,    0,    0,    0,    0,    0,    0,    0,    0,    0,    0,    0,    0,    0,    0,    0,    0,    0,    0,    0,    0,    0,    0,    0,    0,    0,    0,    0,    0,    0],
        [  574,    0,    0,  542,  646,  772,  832,  899,  785,  114,  790,  321,  829,  461,  878,  669,  643,  487,  387,  948,  877,  735,  449,  334,  579,  161,  259,  655,  516,  885,  747,  689,  550,  503,  838,  948,  897,  921,   33,  649,  771,  694,  891,  904,  700,  516,  376,  322,  781,  497,   88,  203,  677,  126,  683,  445,  537,  870,  486,  353,  667,  208,  666,  737,  668,  729,  309,  887,  282,  343,  653,  430, 1035,  886,  624,  891,  503,  176,   78,  943,  636,  851,  732,  954,  608,  598,  623,  850,  769,  785,  527,  513,  747,  253,  557,  954],
        [  569,    0,  542,    0,  346,  367,  293,  366,  282,  521,  252,  623,  298,  646,  397,  515,  102,  222,  161,  470,  442,  257,  404,  472,  178,  392,  284,  192,  335,  424,  212,  604,  711,  112,  300,  525,  378,  476,  534,  502,  570,  199,  395,  424,  382,  250,  590,  385,  333,  606,  455,  391,  317,  605,  540,  340,  384,  340,  155,  340,  266,  350,  354,  363,  126,  352,  637,  503,  510,  498,  113,  133,  628,  437,  562,  352,   97,  594,  536,  403,  534,  311,  349,  533,  387,  568,  230,  438,  331,  495,  603,  667,  284,  627,  516,  477],
        [  312,    0,  646,  346,    0,  152,  486,  569,  282,  566,  463,  857,  374,  476,  304,  191,  349,  554,  348,  353,  256,  565,  240,  382,  169,  493,  450,  197,  138,  285,  350,  291,  504,  450,  498,  312,  382,  300,  622,  187,  226,  242,  333,  320,  725,  588,  466,  653,  646,  406,  569,  444,   65,  754,  216,  655,  146,  559,  226,  297,  604,  537,   21,  699,  362,  103,  862,  243,  450,  763,  345,  426,  390,  274,  273,  448,  434,  597,  681,  497,  232,  430,  684,  317,   81,  296,  574,  755,  650,  159,  384,  470,  205,  830,  262,  357],
        [  454,    0,  772,  367,  152,    0,  403,  480,  177,  701,  391,  949,  269,  626,  158,  309,  327,  588,  429,  202,  108,  527,  390,  530,  213,  613,  550,  176,  285,  134,  279,  407,  649,  479,  416,  178,  250,  153,  750,  312,  296,  190,  190,  171,  719,  615,  617,  727,  607,  554,  689,  572,   98,  872,  330,  704,  297,  477,  304,  434,  593,  637,  134,  680,  329,   50,  958,  137,  596,  841,  318,  479,  273,  123,  406,  336,  463,  740,  798,  378,  362,  329,  664,  185,  228,  434,  571,  714,  614,  178,  530,  618,  108,  933,  406,  206],
        [  781,    0,  832,  293,  486,  403,    0,   85,  228,  813,   42,  867,  145,  900,  312,  676,  196,  414,  453,  363,  406,  191,  645,  743,  359,  684,  574,  293,  549,  361,  136,  777,  953,  342,   13,  476,  219,  415,  825,  672,  691,  244,  285,  331,  409,  416,  857,  626,  246,  847,  745,  682,  426,  885,  701,  536,  590,   74,  408,  611,  298,  633,  481,  348,  172,  425,  885,  503,  789,  727,  189,  406,  572,  386,  754,  121,  337,  884,  819,  146,  716,   92,  333,  483,  558,  771,  308,  338,  260,  579,  836,  912,  299,  887,  727,  368],
        [  866,    0,  899,  366,  569,  480,   85,    0,  303,  887,  119,  911,  213,  984,  373,  759,  275,  458,  527,  414,  472,  205,  729,  824,  443,  755,  643,  378,  634,  423,  220,  860, 1037,  400,   74,  535,  270,  475,  894,  755,  771,  328,  342,  388,  408,  453,  939,  674,  233,  932,  814,  757,  509,  944,  784,  573,  675,   32,  489,  692,  314,  696,  564,  341,  251,  505,  930,  571,  870,  768,  270,  470,  625,  449,  838,  163,  398,  960,  882,  159,  799,  153,  328,  542,  642,  856,  335,  303,  250,  657,  921,  996,  378,  937,  812,  419],
        [  593,    0,  785,  282,  282,  177,  228,  303,    0,  737,  219,  904,   94,  740,  118,  467,  202,  490,  404,  190,  191,  370,  486,  610,  215,  625,  536,  134,  380,  156,  115,  568,  779,  385,  240,  270,  116,  212,  770,  466,  470,   91,  114,  145,  576,  509,  714,  667,  445,  677,  698,  601,  218,  866,  490,  614,  411,  301,  302,  490,  451,  615,  273,  529,  193,  204,  917,  281,  669,  779,  190,  413,  373,  176,  555,  167,  372,  792,  794,  216,  513,  154,  513,  278,  361,  578,  439,  548,  455,  354,  659,  742,   79,  903,  540,  197],
        [  464,    0,  114,  521,  566,  701,  813,  887,  737,    0,  773,  431,  791,  349,  820,  568,  619,  515,  360,  887,  808,  741,  351,  225,  524,  136,  251,  604,  431,  821,  715,  581,  438,  506,  821,  874,  851,  853,   82,  548,  671,  648,  837,  845,  740,  549,  263,  388,  797,  384,  114,  136,  604,  239,  580,  499,  445,  859,  435,  269,  688,  239,  586,  768,  644,  656,  421,  808,  170,  434,  628,  429,  956,  820,  516,  858,  502,   88,  188,  912,  531,  820,  761,  880,  519,  488,  643,  877,  787,  695,  414,  400,  690,  365,  450,  892],
        [  752,    0,  790,  252,  463,  391,   42,  119,  219,  773,    0,  828,  148,  866,  316,  653,  157,  376,  413,  373,  405,  168,  612,  706,  328,  643,  533,  267,  519,  363,  115,  753,  921,  301,   49,  479,  232,  419,  784,  647,  674,  221,  291,  337,  386,  380,  821,  587,  233,  815,  704,  642,  406,  843,  678,  499,  561,  100,  371,  574,  270,  592,  460,  329,  133,  409,  845,  499,  751,  689,  151,  365,  577,  387,  727,  146,  296,  845,  778,  180,  690,  108,  313,  487,  532,  743,  275,  332,  245,  565,  805,  879,  285,  846,  698,  378],
        [  867,    0,  321,  623,  857,  949,  867,  911,  904,  431,  828,    0,  916,  778, 1016,  932,  717,  454,  521, 1089, 1044,  712,  714,  630,  738,  397,  408,  795,  749, 1036,  829,  972,  867,  533,  869, 1124, 1000, 1084,  352,  912, 1028,  817, 1017, 1043,  585,  460,  692,  242,  726,  806,  341,  463,  867,  215,  950,  342,  784,  879,  647,  601,  612,  320,  875,  644,  736,  917,   26, 1081,  591,  145,  729,  491, 1222, 1045,  907,  959,  542,  496,  244, 1004,  910,  917,  647, 1131,  843,  886,  581,  757,  709, 1012,  832,  829,  892,   82,  839, 1095],
        [  682,    0,  829,  298,  374,  269,  145,  213,   94,  791,  148,  916,    0,  823,  169,  560,  200,  481,  442,  225,  262,  313,  567,  683,  284,  672,  573,  204,  463,  217,   88,  661,  865,  385,  156,  332,   90,  272,  817,  558,  563,  152,  144,  189,  529,  493,  791,  675,  381,  762,  741,  656,  310,  900,  584,  607,  497,  215,  360,  558,  408,  646,  365,  475,  181,  298,  931,  360,  738,  784,  188,  429,  430,  242,  646,   77,  375,  853,  830,  129,  605,   61,  459,  340,  451,  668,  404,  479,  393,  446,  746,  827,  172,  924,  629,  231],
        [  201,    0,  461,  646,  476,  626,  900,  984,  740,  349,  866,  778,  823,    0,  779,  361,  715,  747,  515,  826,  726,  901,  257,  187,  544,  412,  486,  620,  361,  759,  772,  317,   90,  689,  911,  765,  850,  768,  429,  347,  453,  672,  807,  796,  974,  785,   87,  694,  975,   80,  444,  351,  538,  584,  358,  778,  333,  965,  499,  309,  887,  530,  493,  981,  737,  577,  768,  682,  193,  765,  718,  619,  815,  746,  266,  899,  679,  300,  536,  951,  304,  871,  970,  768,  398,  230,  843, 1074,  970,  533,  115,   53,  669,  713,  230,  830],
        [  611,    0,  878,  397,  304,  158,  312,  373,  118,  820,  316, 1016,  169,  779,    0,  465,  320,  608,  506,   74,  101,  477,  536,  670,  300,  718,  637,  226,  428,   50,  226,  562,  805,  502,  323,  164,  109,  104,  861,  469,  442,  199,   37,   28,  689,  627,  765,  781,  548,  709,  793,  687,  242,  967,  485,  732,  447,  379,  394,  561,  564,  719,  288,  638,  310,  204, 1027,  201,  734,  893,  308,  527,  263,   77,  563,  213,  489,  869,  894,  242,  519,  223,  622,  172,  383,  591,  554,  647,  559,  318,  686,  773,  132, 1011,  563,   80],
        [  164,    0,  669,  515,  191,  309,  676,  759,  467,  568,  653,  932,  560,  361,  465,    0,  534,  704,  471,  497,  391,  749,  222,  348,  346,  539,  536,  387,  198,  433,  541,  101,  360,  607,  689,  414,  558,  428,  640,   21,  104,  433,  499,  475,  895,  740,  385,  759,  831,  282,  608,  476,  252,  791,   26,  789,  153,  749,  371,  331,  779,  618,  196,  876,  549,  268,  932,  329,  414,  862,  531,  567,  455,  414,  104,  634,  592,  572,  723,  680,   60,  618,  861,  416,  128,  138,  745,  939,  833,  175,  250,  338,  389,  890,  136,  499],
        [  614,    0,  643,  102,  349,  327,  196,  275,  202,  619,  157,  717,  200,  715,  320,  534,    0,  289,  260,  392,  382,  216,  463,  550,  191,  491,  385,  159,  377,  355,  113,  630,  773,  187,  205,  464,  284,  410,  634,  525,  573,  139,  312,  347,  393,  307,  666,  476,  298,  667,  556,  486,  304,  706,  560,  414,  423,  253,  217,  418,  267,  452,  352,  356,   26,  326,  732,  457,  595,  586,   13,  230,  568,  372,  597,  251,  176,  689,  638,  301,  563,  209,  341,  472,  408,  608,  246,  406,  301,  480,  660,  731,  227,  724,  560,  398],
        [  722,    0,  487,  222,  554,  588,  414,  458,  490,  515,  376,  454,  481,  747,  608,  704,  289,    0,  244,  680,  661,  264,  545,  560,  392,  382,  273,  414,  510,  640,  396,  782,  826,  110,  416,  744,  569,  693,  493,  689,  773,  416,  601,  635,  230,   39,  673,  217,  297,  728,  415,  418,  534,  504,  728,  126,  558,  426,  335,  447,  181,  282,  566,  253,  303,  572,  473,  724,  573,  313,  302,  139,  848,  655,  731,  514,  126,  601,  450,  555,  711,  471,  247,  752,  581,  728,  139,  364,  283,  709,  735,  780,  503,  481,  674,  686],
        [  479,    0,  387,  161,  348,  429,  453,  527,  404,  360,  413,  521,  442,  515,  506,  471,  260,  244,    0,  579,  525,  398,  301,  332,  218,  232,  133,  281,  274,  522,  361,  543,  589,  175,  461,  604,  513,  566,  376,  454,  549,  313,  514,  533,  463,  283,  449,  306,  466,  488,  300,  231,  349,  463,  494,  319,  320,  501,  127,  208,  372,  213,  364,  466,  285,  397,  530,  561,  360,  417,  269,  108,  702,  528,  489,  505,  165,  434,  391,  557,  472,  465,  455,  611,  355,  485,  329,  561,  459,  507,  494,  544,  378,  508,  431,  585],
        [  650,    0,  948,  470,  353,  202,  363,  414,  190,  887,  373, 1089,  225,  826,   74,  497,  392,  680,  579,    0,  107,  538,  590,  728,  369,  787,  709,  298,  483,   69,  293,  589,  846,  575,  373,  129,  146,   78,  929,  503,  458,  273,   83,   46,  752,  698,  818,  854,  605,  753,  862,  754,  296, 1038,  514,  804,  498,  425,  464,  624,  629,  792,  335,  699,  380,  251, 1101,  194,  793,  967,  379,  600,  211,   83,  598,  252,  562,  932,  965,  267,  553,  272,  683,  135,  429,  628,  622,  700,  617,  336,  728,  817,  202, 1084,  604,    7],
        [  545,    0,  877,  442,  256,  108,  406,  472,  191,  808,  405, 1044,  262,  726,  101,  391,  382,  661,  525,  107,    0,  560,  496,  637,  308,  718,  650,  253,  392,   53,  305,  483,  742,  552,  418,   84,  209,   45,  857,  397,  353,  246,  136,   96,  766,  685,  721,  816,  635,  651,  794,  679,  206,  975,  408,  782,  401,  476,  402,  542,  639,  736,  237,  719,  377,  156, 1054,  101,  704,  930,  370,  564,  188,   27,  492,  313,  538,  848,  902,  342,  447,  320,  703,   92,  329,  523,  625,  736,  645,  230,  625,  714,  159, 1032,  501,  109],
        [  821,    0,  735,  257,  565,  527,  191,  205,  370,  741,  168,  712,  313,  901,  477,  749,  216,  264,  398,  538,  560,    0,  660,  725,  404,  606,  491,  372,  584,  521,  256,  844,  967,  236,  187,  637,  399,  578,  735,  739,  788,  340,  456,  500,  219,  253,  843,  480,   82,  862,  654,  622,  518,  765,  775,  372,  632,  174,  409,  594,  110,  528,  567,  162,  204,  534,  733,  648,  757,  569,  220,  313,  739,  544,  808,  311,  240,  822,  707,  336,  776,  275,  146,  645,  622,  817,  133,  191,   87,  691,  859,  923,  421,  744,  767,  543],
        [  178,    0,  449,  404,  240,  390,  645,  729,  486,  351,  612,  714,  567,  257,  536,  222,  463,  545,  301,  590,  496,  660,    0,  144,  288,  319,  332,  364,  109,  522,  515,  261,  311,  467,  656,  550,  598,  540,  420,  202,  323,  416,  561,  555,  761,  584,  230,  559,  737,  205,  386,  255,  295,  569,  237,  608,   99,  710,  251,  116,  660,  407,  260,  757,  485,  341,  713,  474,  213,  655,  465,  408,  619,  513,  199,  643,  454,  367,  501,  696,  196,  614,  744,  554,  176,  187,  619,  840,  734,  347,  200,  268,  418,  670,  134,  595],
        [  241,    0,  334,  472,  382,  530,  743,  824,  610,  225,  706,  630,  683,  187,  670,  348,  550,  560,  332,  728,  637,  725,  144,    0,  399,  241,  302,  480,  246,  660,  621,  357,  269,  506,  753,  693,  724,  682,  303,  328,  451,  531,  693,  691,  788,  599,  118,  517,  796,  183,  290,  175,  434,  459,  357,  594,  243,  802,  335,  133,  704,  353,  402,  797,  574,  482,  625,  618,   69,  596,  555,  435,  763,  653,  291,  757,  496,  226,  398,  811,  307,  725,  786,  697,  320,  264,  660,  892,  790,  489,  205,  224,  548,  575,  225,  733],
        [  427,    0,  579,  178,  169,  213,  359,  443,  215,  524,  328,  738,  284,  544,  300,  346,  191,  392,  218,  369,  308,  404,  288,  399,    0,  419,  343,   83,  192,  308,  228,  440,  595,  284,  370,  387,  331,  350,  562,  336,  394,  133,  314,  325,  557,  423,  508,  516,  486,  489,  494,  389,  143,  670,  371,  500,  235,  427,   96,  276,  437,  428,  177,  533,  208,  185,  747,  347,  455,  629,  189,  272,  485,  312,  407,  359,  268,  578,  597,  413,  373,  328,  518,  394,  218,  419,  405,  594,  488,  318,  478,  554,  168,  724,  372,  375],
        [  472,    0,  161,  392,  493,  613,  684,  755,  625,  136,  643,  397,  672,  412,  718,  539,  491,  382,  232,  787,  718,  606,  319,  241,  419,    0,  116,  495,  369,  725,  592,  575,  501,  370,  691,  790,  737,  762,  146,  519,  638,  535,  730,  743,  610,  417,  328,  284,  662,  423,   77,   68,  519,  262,  556,  380,  396,  727,  325,  210,  553,  120,  513,  634,  516,  572,  395,  732,  220,  356,  501,  293,  879,  726,  511,  736,  367,  220,  190,  789,  514,  696,  627,  797,  462,  491,  508,  743,  652,  638,  445,  457,  587,  352,  443,  793],
        [  504,    0,  259,  284,  450,  550,  574,  643,  536,  251,  533,  408,  573,  486,  637,  536,  385,  273,  133,  709,  650,  491,  332,  302,  343,  116,    0,  411,  346,  650,  490,  591,  571,  255,  581,  727,  645,  692,  252,  517,  627,  445,  645,  664,  503,  310,  408,  228,  547,  481,  172,  145,  463,  331,  557,  293,  385,  615,  248,  217,  439,   89,  468,  523,  409,  514,  413,  677,  304,  326,  395,  178,  822,  655,  530,  634,  252,  334,  259,  685,  524,  593,  515,  734,  438,  517,  394,  630,  537,  605,  496,  526,  507,  384,  465,  715],
        [  489,    0,  655,  192,  197,  176,  293,  378,  134,  604,  267,  795,  204,  620,  226,  387,  159,  414,  281,  298,  253,  372,  364,  480,   83,  495,  411,    0,  261,  242,  158,  486,  666,  304,  305,  335,  249,  290,  639,  381,  417,   53,  236,  253,  549,  440,  587,  564,  453,  561,  569,  469,  146,  741,  412,  531,  299,  365,  171,  358,  424,  494,  197,  515,  168,  168,  805,  311,  537,  678,  153,  312,  438,  252,  461,  280,  289,  659,  669,  333,  423,  252,  500,  343,  266,  478,  400,  562,  458,  321,  547,  626,   98,  787,  435,  304],
        [  238,    0,  516,  335,  138,  285,  549,  634,  380,  431,  519,  749,  463,  361,  428,  198,  377,  510,  274,  483,  392,  584,  109,  246,  192,  369,  346,  261,    0,  415,  417,  274,  405,  418,  561,  450,  491,  436,  491,  181,  282,  314,  453,  447,  710,  547,  338,  565,  664,  300,  443,  314,  188,  629,  221,  592,   50,  618,  183,  164,  599,  431,  159,  697,  397,  236,  752,  379,  313,  670,  378,  372,  526,  407,  227,  539,  403,  460,  557,  591,  203,  513,  683,  455,   95,  234,  562,  771,  664,  270,  287,  366,  311,  715,  183,  488],
        [  584,    0,  885,  424,  285,  134,  361,  423,  156,  821,  363, 1036,  217,  759,   50,  433,  355,  640,  522,   69,   53,  521,  522,  660,  308,  725,  650,  242,  415,    0,  268,  528,  780,  532,  372,  117,  158,   57,  866,  438,  402,  225,   84,   45,  731,  661,  750,  805,  594,  686,  800,  689,  227,  978,  451,  762,  430,  429,  403,  558,  605,  734,  267,  682,  347,  182, 1047,  153,  726,  918,  343,  551,  218,   27,  533,  263,  518,  865,  905,  291,  488,  272,  666,  125,  361,  563,  594,  694,  605,  278,  662,  750,  145, 1028,  538,   73],
        [  647,    0,  747,  212,  350,  279,  136,  220,  115,  715,  115,  829,   88,  772,  226,  541,  113,  396,  361,  293,  305,  256,  515,  621,  228,  592,  490,  158,  417,  268,    0,  641,  821,  298,  148,  383,  174,  325,  736,  536,  559,  109,  211,  251,  463,  410,  733,  588,  332,  716,  660,  580,  292,  815,  566,  521,  456,  209,  289,  492,  338,  561,  346,  415,   94,  295,  844,  394,  672,  697,  100,  342,  486,  290,  618,  145,  288,  780,  746,  198,  580,  107,  399,  392,  422,  636,  329,  436,  341,  451,  703,  781,  172,  837,  592,  300],
        [  124,    0,  689,  604,  291,  407,  777,  860,  568,  581,  753,  972,  661,  317,  562,  101,  630,  782,  543,  589,  483,  844,  261,  357,  440,  575,  591,  486,  274,  528,  641,    0,  293,  691,  789,  498,  657,  518,  658,  106,  148,  533,  596,  571,  982,  820,  362,  817,  925,  239,  637,  509,  352,  814,   78,  859,  225,  849,  455,  376,  869,  667,  297,  966,  646,  367,  969,  412,  416,  915,  628,  644,  526,  508,   66,  734,  676,  569,  750,  780,   72,  719,  952,  498,  223,   96,  833, 1033,  927,  257,  203,  281,  490,  924,  134,  591],
        [  198,    0,  550,  711,  504,  649,  953, 1037,  779,  438,  921,  867,  865,   90,  805,  360,  773,  826,  589,  846,  742,  967,  311,  269,  595,  501,  571,  666,  405,  780,  821,  293,    0,  763,  964,  773,  884,  782,  518,  349,  438,  718,  836,  819, 1051,  865,  177,  782, 1043,  107,  533,  438,  568,  671,  350,  863,  369, 1020,  560,  382,  959,  618,  518, 1055,  795,  602,  858,  688,  282,  854,  775,  696,  812,  764,  257,  941,  752,  385,  625,  993,  301,  916, 1043,  775,  423,  222,  917, 1144, 1039,  534,  121,   46,  705,  802,  243,  850],
        [  641,    0,  503,  112,  450,  479,  342,  400,  385,  506,  301,  533,  385,  689,  502,  607,  187,  110,  175,  575,  552,  236,  467,  506,  284,  370,  255,  304,  418,  532,  298,  691,  763,    0,  346,  636,  471,  585,  501,  593,  671,  308,  497,  530,  294,  139,  623,  291,  295,  661,  421,  389,  426,  545,  632,  231,  467,  370,  237,  382,  198,  298,  460,  292,  205,  463,  549,  615,  531,  400,  200,   78,  739,  547,  643,  427,   17,  587,  482,  473,  620,  385,  281,  644,  482,  644,  154,  387,  287,  602,  664,  718,  394,  547,  591,  581],
        [  793,    0,  838,  300,  498,  416,   13,   74,  240,  821,   49,  869,  156,  911,  323,  689,  205,  416,  461,  373,  418,  187,  656,  753,  370,  691,  581,  305,  561,  372,  148,  789,  964,  346,    0,  486,  228,  426,  832,  684,  704,  256,  295,  341,  404,  416,  867,  629,  239,  858,  752,  690,  439,  890,  713,  536,  602,   62,  418,  621,  295,  638,  493,  342,  180,  437,  887,  515,  799,  729,  199,  411,  582,  397,  766,  128,  342,  893,  825,  149,  728,  102,  327,  494,  570,  783,  306,  328,  253,  592,  847,  923,  311,  890,  739,  378],
        [  576,    0,  948,  525,  312,  178,  476,  535,  270,  874,  479, 1124,  332,  765,  164,  414,  464,  744,  604,  129,   84,  637,  550,  693,  387,  790,  727,  335,  450,  117,  383,  498,  773,  636,  486,    0,  265,   61,  926,  425,  357,  329,  193,  147,  845,  768,  769,  898,  710,  688,  867,  748,  272, 1049,  427,  865,  451,  542,  480,  606,  720,  814,  292,  797,  459,  220, 1133,   86,  761, 1012,  453,  646,  105,   94,  517,  372,  621,  909,  976,  393,  473,  386,  781,    9,  376,  551,  706,  810,  721,  242,  659,  748,  242, 1110,  537,  126],
        [  694,    0,  897,  378,  382,  250,  219,  270,  116,  851,  232, 1000,   90,  850,  109,  558,  284,  569,  513,  146,  209,  399,  598,  724,  331,  737,  645,  249,  491,  158,  174,  657,  884,  471,  228,  265,    0,  206,  883,  559,  543,  204,   74,  119,  617,  582,  826,  760,  463,  784,  809,  716,  317,  974,  579,  695,  518,  280,  417,  605,  496,  721,  369,  560,  267,  291, 1014,  310,  784,  870,  272,  510,  356,  185,  651,  108,  460,  908,  903,  134,  608,  128,  544,  273,  462,  677,  494,  556,  476,  421,  764,  849,  181, 1004,  643,  150],
        [  585,    0,  921,  476,  300,  153,  415,  475,  212,  853,  419, 1084,  272,  768,  104,  428,  410,  693,  566,   78,   45,  578,  540,  682,  350,  762,  692,  290,  436,   57,  325,  518,  782,  585,  426,   61,  206,    0,  901,  436,  384,  278,  133,   87,  788,  715,  765,  854,  650,  693,  838,  723,  251, 1018,  444,  815,  444,  482,  444,  586,  662,  777,  281,  739,  403,  200, 1094,  117,  748,  968,  398,  601,  161,   39,  530,  313,  571,  892,  944,  336,  485,  326,  723,   69,  372,  562,  650,  750,  661,  262,  666,  755,  194, 1073,  542,   78],
        [  543,    0,   33,  534,  622,  750,  825,  894,  770,   82,  784,  352,  817,  429,  861,  640,  634,  493,  376,  929,  857,  735,  420,  303,  562,  146,  252,  639,  491,  866,  736,  658,  518,  501,  832,  926,  883,  901,    0,  620,  743,  680,  874,  886,  710,  523,  344,  338,  784,  465,   81,  179,  655,  158,  653,  458,  510,  865,  469,  327,  671,  211,  643,  744,  659,  707,  341,  864,  250,  368,  644,  426, 1012,  866,  593,  880,  500,  147,  109,  933,  606,  841,  739,  932,  582,  566,  627,  857,  773,  759,  495,  481,  730,  285,  526,  935],
        [  152,    0,  649,  502,  187,  312,  672,  755,  466,  548,  647,  912,  558,  347,  469,   21,  525,  689,  454,  503,  397,  739,  202,  328,  336,  519,  517,  381,  181,  438,  536,  106,  349,  593,  684,  425,  559,  436,  620,    0,  124,  428,  502,  480,  882,  725,  368,  741,  821,  268,  587,  456,  249,  770,   40,  772,  135,  744,  357,  311,  767,  598,  194,  864,  541,  269,  912,  340,  395,  843,  523,  552,  469,  421,   95,  632,  578,  552,  702,  680,   50,  616,  850,  426,  118,  127,  732,  929,  823,  187,  236,  325,  388,  870,  119,  506],
        [  253,    0,  771,  570,  226,  296,  691,  771,  470,  671,  674, 1028,  563,  453,  442,  104,  573,  773,  549,  458,  353,  788,  323,  451,  394,  638,  627,  417,  282,  402,  559,  148,  438,  671,  704,  357,  543,  384,  743,  124,    0,  455,  477,  446,  950,  808,  484,  846,  869,  373,  708,  576,  271,  892,   98,  866,  244,  765,  439,  429,  830,  711,  222,  925,  584,  267, 1029,  272,  518,  952,  568,  640,  379,  379,  188,  632,  655,  675,  823,  673,  152,  623,  910,  357,  195,  224,  799,  978,  873,  124,  339,  423,  394,  989,  235,  459],
        [  540,    0,  694,  199,  242,  190,  244,  328,   91,  648,  221,  817,  152,  672,  199,  433,  139,  416,  313,  273,  246,  340,  416,  531,  133,  535,  445,   53,  314,  225,  109,  533,  718,  308,  256,  329,  204,  278,  680,  428,  455,    0,  202,  227,  530,  439,  639,  582,  421,  613,  607,  512,  185,  776,  458,  538,  351,  317,  214,  407,  404,  525,  239,  491,  140,  195,  829,  319,  587,  695,  129,  328,  434,  239,  510,  227,  294,  706,  704,  281,  472,  199,  475,  337,  314,  529,  384,  529,  427,  352,  599,  679,   89,  814,  486,  279],
        [  642,    0,  891,  395,  333,  190,  285,  342,  114,  837,  291, 1017,  144,  807,   37,  499,  312,  601,  514,   83,  136,  456,  561,  693,  314,  730,  645,  236,  453,   84,  211,  596,  836,  497,  295,  193,   74,  133,  874,  502,  477,  202,    0,   47,  670,  618,  790,  780,  524,  738,  804,  702,  270,  976,  519,  726,  475,  350,  406,  581,  547,  726,  318,  617,  300,  235, 1030,  236,  756,  892,  300,  527,  288,  111,  596,  180,  484,  888,  904,  207,  552,  194,  601,  201,  413,  623,  540,  621,  536,  354,  716,  803,  148, 1015,  593,   89],
        [  624,    0,  904,  424,  320,  171,  331,  388,  145,  845,  337, 1043,  189,  796,   28,  475,  347,  635,  533,   46,   96,  500,  555,  691,  325,  743,  664,  253,  447,   45,  251,  571,  819,  530,  341,  147,  119,   87,  886,  480,  446,  227,   47,    0,  713,  654,  784,  808,  569,  724,  818,  711,  261,  993,  494,  759,  465,  396,  420,  584,  589,  746,  303,  661,  336,  219, 1055,  195,  755,  921,  335,  554,  242,   70,  575,  226,  516,  892,  920,  250,  530,  240,  645,  154,  399,  603,  580,  667,  581,  322,  700,  788,  158, 1038,  577,   53],
        [  935,    0,  700,  382,  725,  719,  409,  408,  576,  740,  386,  585,  529,  974,  689,  895,  393,  230,  463,  752,  766,  219,  761,  788,  557,  610,  503,  549,  710,  731,  463,  982, 1051,  294,  404,  845,  617,  788,  710,  882,  950,  530,  670,  713,    0,  193,  902,  391,  177,  951,  635,  648,  690,  693,  920,  262,  759,  380,  528,  670,  127,  502,  732,   70,  392,  716,  609,  847,  803,  444,  402,  356,  949,  752,  936,  529,  308,  827,  652,  552,  911,  494,   81,  854,  768,  938,  152,  173,  160,  868,  956, 1006,  617,  635,  884,  758],
        [  761,    0,  516,  250,  588,  615,  416,  453,  509,  549,  380,  460,  493,  785,  627,  740,  307,   39,  283,  698,  685,  253,  584,  599,  423,  417,  310,  440,  547,  661,  410,  820,  865,  139,  416,  768,  582,  715,  523,  725,  808,  439,  618,  654,  193,    0,  712,  230,  276,  767,  446,  455,  565,  525,  765,  121,  596,  421,  371,  486,  159,  313,  598,  222,  319,  601,  480,  751,  611,  317,  320,  177,  872,  677,  769,  520,  155,  635,  475,  559,  749,  479,  217,  776,  617,  766,  122,  335,  261,  741,  774,  819,  527,  493,  712,  704],
        [  239,    0,  376,  590,  466,  617,  857,  939,  714,  263,  821,  692,  791,   87,  765,  385,  666,  673,  449,  818,  721,  843,  230,  118,  508,  328,  408,  587,  338,  750,  733,  362,  177,  623,  867,  769,  826,  765,  344,  368,  484,  639,  790,  784,  902,  712,    0,  611,  913,  131,  357,  268,  524,  499,  387,  698,  321,  918,  451,  250,  821,  447,  485,  913,  690,  568,  683,  689,  108,  679,  671,  551,  829,  739,  302,  866,  614,  221,  450,  920,  333,  835,  902,  772,  394,  268,  776, 1009,  908,  547,  167,  138,  647,  627,  250,  822],
        [  730,    0,  322,  385,  653,  727,  626,  674,  667,  388,  587,  242,  675,  694,  781,  759,  476,  217,  306,  854,  816,  480,  559,  517,  516,  284,  228,  564,  565,  805,  588,  817,  782,  291,  629,  898,  760,  854,  338,  741,  846,  582,  780,  808,  391,  230,  611,    0,  505,  699,  275,  345,  653,  303,  781,  129,  607,  642,  431,  444,  388,  165,  669,  439,  495,  699,  259,  862,  503,  114,  489,  255,  999,  815,  757,  718,  301,  474,  264,  762,  750,  675,  437,  906,  654,  744,  351,  554,  490,  811,  717,  738,  661,  264,  692,  860],
        [  900,    0,  781,  333,  646,  607,  246,  233,  445,  797,  233,  726,  381,  975,  548,  831,  298,  297,  466,  605,  635,   82,  737,  796,  486,  662,  547,  453,  664,  594,  332,  925, 1043,  295,  239,  710,  463,  650,  784,  821,  869,  421,  524,  569,  177,  276,  913,  505,    0,  938,  704,  684,  599,  800,  856,  385,  712,  206,  487,  666,  118,  574,  649,  109,  286,  615,  748,  725,  825,  582,  302,  373,  810,  618,  889,  367,  303,  880,  747,  382,  857,  336,   97,  718,  704,  897,  159,  109,   19,  772,  936,  999,  500,  765,  847,  611],
        [  121,    0,  497,  606,  406,  554,  847,  932,  677,  384,  815,  806,  762,   80,  709,  282,  667,  728,  488,  753,  651,  862,  205,  183,  489,  423,  481,  561,  300,  686,  716,  239,  107,  661,  858,  688,  784,  693,  465,  268,  373,  613,  738,  724,  951,  767,  131,  699,  938,    0,  467,  357,  469,  623,  278,  772,  266,  914,  455,  282,  857,  536,  422,  952,  689,  506,  799,  604,  216,  779,  669,  595,  736,  672,  186,  838,  649,  351,  568,  890,  224,  812,  941,  690,  326,  150,  814, 1040,  935,  454,   37,   66,  604,  746,  152,  757],
        [  529,    0,   88,  455,  569,  689,  745,  814,  698,  114,  704,  341,  741,  444,  793,  608,  556,  415,  300,  862,  794,  654,  386,  290,  494,   77,  172,  569,  443,  800,  660,  637,  533,  421,  752,  867,  809,  838,   81,  587,  708,  607,  804,  818,  635,  446,  357,  275,  704,  467,    0,  132,  596,  187,  623,  388,  468,  785,  399,  281,  592,  133,  588,  667,  581,  648,  335,  808,  253,  325,  566,  346,  955,  802,  572,  803,  420,  199,  116,  856,  579,  763,  661,  873,  536,  549,  547,  778,  693,  712,  492,  493,  661,  287,  504,  868],
        [  405,    0,  203,  391,  444,  572,  682,  757,  601,  136,  642,  463,  656,  351,  687,  476,  486,  418,  231,  754,  679,  622,  255,  175,  389,   68,  145,  469,  314,  689,  580,  509,  438,  389,  690,  748,  716,  723,  179,  456,  576,  512,  702,  711,  648,  455,  268,  345,  684,  357,  132,    0,  476,  317,  492,  431,  337,  731,  299,  151,  580,  180,  464,  667,  511,  528,  461,  685,  162,  422,  495,  312,  833,  689,  444,  723,  383,  204,  247,  777,  449,  686,  658,  754,  406,  424,  535,  771,  675,  583,  378,  394,  556,  416,  376,  760],
        [  377,    0,  677,  317,   65,   98,  426,  509,  218,  604,  406,  867,  310,  538,  242,  252,  304,  534,  349,  296,  206,  518,  295,  434,  143,  519,  463,  146,  188,  227,  292,  352,  568,  426,  439,  272,  317,  251,  655,  249,  271,  185,  270,  261,  690,  565,  524,  653,  599,  469,  596,  476,    0,  779,  276,  642,  205,  500,  222,  336,  566,  551,   56,  659,  314,   53,  874,  215,  499,  765,  298,  414,  361,  220,  338,  384,  410,  642,  706,  433,  296,  367,  644,  278,  146,  361,  539,  708,  604,  179,  448,  534,  140,  847,  326,  300],
        [  700,    0,  126,  605,  754,  872,  885,  944,  866,  239,  843,  215,  900,  584,  967,  791,  706,  504,  463, 1038,  975,  765,  569,  459,  670,  262,  331,  741,  629,  978,  815,  814,  671,  545,  890, 1049,  974, 1018,  158,  770,  892,  776,  976,  993,  693,  525,  499,  303,  800,  623,  187,  317,  779,    0,  805,  431,  654,  914,  575,  467,  683,  255,  774,  740,  729,  832,  198,  993,  408,  281,  717,  480, 1139,  981,  748,  957,  549,  290,   74, 1007,  759,  915,  738, 1056,  722,  723,  642,  855,  785,  898,  652,  636,  837,  137,  681, 1044],
        [  158,    0,  683,  540,  216,  330,  701,  784,  490,  580,  678,  950,  584,  358,  485,   26,  560,  728,  494,  514,  408,  775,  237,  357,  371,  556,  557,  412,  221,  451,  566,   78,  350,  632,  713,  427,  579,  444,  653,   40,   98,  458,  519,  494,  920,  765,  387,  781,  856,  278,  623,  492,  276,  805,    0,  812,  175,  774,  396,  349,  805,  637,  220,  901,  574,  290,  949,  341,  423,  882,  557,  591,  463,  432,   94,  657,  617,  580,  738,  703,   55,  642,  887,  428,  154,  130,  770,  965,  858,  186,  244,  331,  412,  907,  139,  516],
        [  785,    0,  445,  340,  655,  704,  536,  573,  614,  499,  499,  342,  607,  778,  732,  789,  414,  126,  319,  804,  782,  372,  608,  594,  500,  380,  293,  531,  592,  762,  521,  859,  863,  231,  536,  865,  695,  815,  458,  772,  866,  538,  726,  759,  262,  121,  698,  129,  385,  772,  388,  431,  642,  431,  812,    0,  638,  541,  431,  499,  271,  262,  668,  312,  429,  684,  364,  840,  593,  198,  427,  230,  968,  777,  802,  638,  245,  586,  391,  678,  788,  596,  312,  873,  672,  795,  240,  427,  369,  813,  785,  818,  623,  381,  741,  811],
        [  192,    0,  537,  384,  146,  297,  590,  675,  411,  445,  561,  784,  497,  333,  447,  153,  423,  558,  320,  498,  401,  632,   99,  243,  235,  396,  385,  299,   50,  430,  456,  225,  369,  467,  602,  451,  518,  444,  510,  135,  244,  351,  475,  465,  759,  596,  321,  607,  712,  266,  468,  337,  205,  654,  175,  638,    0,  660,  232,  187,  649,  468,  164,  746,  442,  248,  785,  375,  312,  710,  423,  421,  520,  419,  178,  573,  452,  465,  584,  624,  154,  549,  732,  456,   77,  186,  611,  819,  712,  251,  249,  332,  338,  746,  138,  502],
        [  851,    0,  870,  340,  559,  477,   74,   32,  301,  859,  100,  879,  215,  965,  379,  749,  253,  426,  501,  425,  476,  174,  710,  802,  427,  727,  615,  365,  618,  429,  209,  849, 1020,  370,   62,  542,  280,  482,  865,  744,  765,  317,  350,  396,  380,  421,  918,  642,  206,  914,  785,  731,  500,  914,  774,  541,  660,    0,  468,  670,  283,  666,  554,  313,  229,  499,  899,  574,  846,  737,  248,  441,  635,  455,  825,  175,  368,  934,  851,  180,  788,  157,  300,  550,  630,  842,  304,  282,  222,  653,  904,  978,  373,  905,  797,  430],
        [  415,    0,  486,  155,  226,  304,  408,  489,  302,  435,  371,  647,  360,  499,  394,  371,  217,  335,  127,  464,  402,  409,  251,  335,   96,  325,  248,  171,  183,  403,  289,  455,  560,  237,  418,  480,  417,  444,  469,  357,  439,  214,  406,  420,  528,  371,  451,  431,  487,  455,  399,  299,  222,  575,  396,  431,  232,  468,    0,  204,  418,  334,  240,  515,  240,  271,  655,  434,  384,  544,  221,  202,  576,  407,  409,  430,  222,  494,  502,  484,  384,  395,  501,  487,  247,  414,  379,  592,  485,  384,  450,  517,  263,  631,  362,  470],
        [  288,    0,  353,  340,  297,  434,  611,  692,  490,  269,  574,  601,  558,  309,  561,  331,  418,  447,  208,  624,  542,  594,  116,  133,  276,  210,  217,  358,  164,  558,  492,  376,  382,  382,  621,  606,  605,  586,  327,  311,  429,  407,  581,  584,  670,  486,  250,  444,  666,  282,  281,  151,  336,  467,  349,  499,  187,  670,  204,    0,  579,  291,  318,  673,  442,  388,  601,  539,  181,  539,  423,  314,  687,  554,  314,  630,  371,  308,  397,  685,  311,  597,  662,  612,  256,  301,  535,  765,  662,  433,  290,  337,  434,  560,  249,  630],
        [  830,    0,  667,  266,  604,  593,  298,  314,  451,  688,  270,  612,  408,  887,  564,  779,  267,  181,  372,  629,  639,  110,  660,  704,  437,  553,  439,  424,  599,  605,  338,  869,  959,  198,  295,  720,  496,  662,  671,  767,  830,  404,  547,  589,  127,  159,  821,  388,  118,  857,  592,  580,  566,  683,  805,  271,  649,  283,  418,  579,    0,  460,  610,   98,  265,  591,  634,  721,  727,  468,  276,  271,  823,  626,  826,  415,  209,  772,  630,  443,  799,  377,   85,  728,  652,  831,   46,  191,  103,  744,  858,  914,  491,  649,  778,  635],
        [  573,    0,  208,  350,  537,  637,  633,  696,  615,  239,  592,  320,  646,  530,  719,  618,  452,  282,  213,  792,  736,  528,  407,  353,  428,  120,   89,  494,  431,  734,  561,  667,  618,  298,  638,  814,  721,  777,  211,  598,  711,  525,  726,  746,  502,  313,  447,  165,  574,  536,  133,  180,  551,  255,  637,  262,  468,  666,  334,  291,  460,    0,  556,  534,  475,  602,  325,  765,  339,  249,  463,  227,  909,  740,  604,  702,  299,  327,  187,  752,  601,  661,  528,  821,  524,  588,  416,  646,  562,  692,  555,  574,  591,  297,  537,  798],
        [  325,    0,  666,  354,   21,  134,  481,  564,  273,  586,  460,  875,  365,  493,  288,  196,  352,  566,  364,  335,  237,  567,  260,  402,  177,  513,  468,  197,  159,  267,  346,  297,  518,  460,  493,  292,  369,  281,  643,  194,  222,  239,  318,  303,  732,  598,  485,  669,  649,  422,  588,  464,   56,  774,  220,  668,  164,  554,  240,  318,  610,  556,    0,  704,  363,   85,  880,  222,  470,  780,  347,  439,  370,  255,  284,  439,  444,  618,  701,  487,  241,  423,  689,  297,   96,  308,  580,  757,  652,  145,  399,  486,  195,  849,  276,  339],
        [  928,    0,  737,  363,  699,  680,  348,  341,  529,  768,  329,  644,  475,  981,  638,  876,  356,  253,  466,  699,  719,  162,  757,  797,  533,  634,  523,  515,  697,  682,  415,  966, 1055,  292,  342,  797,  560,  739,  744,  864,  925,  491,  617,  661,   70,  222,  913,  439,  109,  952,  667,  667,  659,  740,  901,  312,  746,  313,  515,  673,   98,  534,  704,    0,  352,  681,  667,  805,  817,  501,  364,  363,  899,  704,  924,  469,  304,  853,  694,  488,  896,  435,   17,  805,  748,  928,  139,  116,   92,  836,  955, 1010,  576,  691,  876,  705],
        [  633,    0,  668,  126,  362,  329,  172,  251,  193,  644,  133,  736,  181,  737,  310,  549,   26,  303,  285,  380,  377,  204,  485,  574,  208,  516,  409,  168,  397,  347,   94,  646,  795,  205,  180,  459,  267,  403,  659,  541,  584,  140,  300,  336,  392,  319,  690,  495,  286,  689,  581,  511,  314,  729,  574,  429,  442,  229,  240,  442,  265,  475,  363,  352,    0,  331,  752,  456,  619,  604,   20,  252,  563,  366,  614,  228,  194,  714,  661,  278,  580,  186,  336,  467,  423,  627,  248,  395,  291,  487,  680,  752,  226,  746,  579,  387],
