{
    "name": "random-19-22529",
    "comment": "size=19 seed=22529",
    "nodes": ["+0", "-0", "+1", "-1", "+2", "-2", "+3", "-3", "+4", "-4", "+5", "-5", "+6", "-6", "+7", "-7", "+8", "-8", "+9", "-9", "+10", "-10", "+11", "-11", "+12", "-12", "+13", "-13", "+14", "-14", "+15", "-15", "+16", "-16", "+17", "-17", "+18", "-18", "+19", "-19"],
    "precedence": {
        "+0": "-0",
        "+1": "-1",
        "+2": "-2",
        "+3": "-3",
        "+4": "-4",
        "+5": "-5",
        "+6": "-6",
        "+7": "-7",
        "+8": "-8",
        "+9": "-9",
        "+10": "-10",
        "+11": "-11",
        "+12": "-12",
        "+13": "-13",
        "+14": "-14",
        "+15": "-15",
        "+16": "-16",
        "+17": "-17",
        "+18": "-18",
        "+19": "-19"
    },
    "edges": [
        [    0,    0,  319,  513,  829,  582,  513,  800,  563,  941,  916,  961,  768,  511,  130,  435,  134,  675,  371,  243,  524,  260,  307,  159,  924,  814,  720,  784,  499,  483,  839,  741,  731,  886,  233,  448,  802,  871,  336,  145],
        [    0,    0,  319,  513,  829,  582,  513,  800,  563,  941,  916,  961,  768,  511,  130,  435,  134,  675,  371,  243,  524,  260,  307,  159,  924,  814,  720,  784,  499,  483,  839,  741,  731,  886,  233,  448,  802,  871,  336,  145],
        [  319,  319,    0,  645,  834,  379,  251,  703,  376,  983,  966,  890,  887,  490,  448,  569,  304,  391,  615,  388,  805,   66,  238,  163,  895,  545,  609,  743,  521,  731,  705,  542,  655,  801,  193,  208,  864,  925,  187,  232],
        [  513,  513,  645,    0,  383,  566,  633,  506,  534,  447,  419,  587,  257,  273,  490,   81,  400,  763,  250,  282,  399,  631,  781,  574,  501,  826,  481,  408,  204,  274,  590,  639,  429,  549,  699,  580,  305,  374,  485,  631],
        [  829,  829,  834,  383,    0,  566,  700,  270,  541,  170,  168,  233,  301,  346,  842,  433,  698,  760,  632,  589,  763,  850, 1034,  832,  122,  747,  325,  134,  334,  644,  362,  529,  240,  242,  956,  680,  149,  150,  648,  913],
        [  582,  582,  379,  566,  566,    0,  153,  358,   33,  733,  725,  548,  734,  300,  678,  523,  478,  205,  684,  462,  890,  428,  616,  478,  586,  269,  266,  444,  367,  779,  337,  166,  337,  455,  562,  172,  651,  695,  248,  570],
        [  513,  513,  251,  633,  700,  153,    0,  509,  166,  865,  854,  699,  834,  395,  627,  575,  437,  164,  698,  460,  904,  310,  485,  381,  732,  304,  416,  585,  452,  805,  488,  302,  482,  607,  442,   68,  769,  820,  192,  468],
        [  800,  800,  703,  506,  270,  358,  509,    0,  345,  432,  436,  191,  540,  300,  854,  516,  670,  527,  727,  591,  902,  737,  930,  752,  242,  488,   95,  140,  343,  778,   96,  273,   80,   99,  863,  511,  405,  420,  528,  843],
        [  563,  563,  376,  534,  541,   33,  166,  345,    0,  708,  699,  535,  704,  268,  656,  491,  455,  236,  654,  434,  859,  422,  613,  465,  567,  300,  250,  422,  335,  748,  331,  180,  317,  442,  556,  172,  623,  668,  232,  558],
        [  941,  941,  983,  447,  170,  733,  865,  432,  708,    0,   32,  341,  259,  494,  934,  516,  814,  929,  687,  698,  778,  992, 1170,  964,  217,  915,  493,  301,  466,  669,  520,  697,  409,  383, 1090,  840,  142,   74,  798, 1038],
        [  916,  916,  966,  419,  168,  725,  854,  436,  699,   32,    0,  357,  228,  478,  906,  489,  790,  923,  657,  674,  747,  973, 1149,  943,  232,  914,  491,  301,  447,  638,  525,  696,  406,  393, 1069,  827,  114,   45,  781, 1016],
        [  961,  961,  890,  587,  233,  548,  699,  191,  535,  341,  357,    0,  533,  451, 1000,  620,  828,  708,  830,  736,  981,  921, 1113,  928,  126,  648,  285,  185,  473,  858,  234,  446,  238,   93, 1043,  701,  379,  362,  711, 1017],
        [  768,  768,  887,  257,  301,  734,  834,  540,  704,  259,  228,  533,    0,  441,  734,  337,  656,  939,  459,  538,  524,  879, 1036,  828,  414,  968,  560,  404,  384,  422,  635,  756,  482,  536,  954,  792,  154,  194,  715,  887],
        [  511,  511,  490,  273,  346,  300,  395,  300,  268,  494,  478,  451,  441,    0,  555,  248,  378,  503,  445,  291,  638,  504,  689,  491,  421,  554,  239,  275,   70,  517,  361,  368,  225,  378,  613,  357,  382,  439,  305,  575],
        [  130,  130,  448,  490,  842,  678,  627,  854,  656,  934,  906, 1000,  734,  555,    0,  419,  201,  791,  294,  265,  414,  390,  418,  288,  947,  924,  782,  817,  527,  394,  904,  830,  779,  932,  353,  560,  793,  862,  441,  263],
        [  435,  435,  569,   81,  433,  523,  575,  516,  491,  516,  489,  620,  337,  248,  419,    0,  319,  713,  212,  201,  392,  553,  700,  494,  546,  789,  476,  437,  183,  270,  593,  614,  437,  571,  618,  518,  375,  444,  416,  551],
        [  134,  134,  304,  400,  698,  478,  437,  670,  455,  814,  790,  828,  656,  378,  201,  319,    0,  600,  313,  119,  501,  265,  384,  183,  791,  727,  592,  650,  366,  430,  712,  630,  599,  754,  302,  369,  678,  746,  246,  232],
        [  675,  675,  391,  763,  760,  205,  164,  527,  236,  929,  923,  708,  939,  503,  791,  713,  600,    0,  853,  618, 1060,  455,  611,  537,  766,  157,  444,  633,  568,  957,  477,  264,  524,  617,  582,  232,  853,  895,  355,  619],
        [  371,  371,  615,  250,  632,  684,  698,  727,  654,  687,  657,  830,  459,  445,  294,  212,  313,  853,    0,  241,  207,  577,  675,  491,  749,  952,  681,  647,  387,  118,  800,  799,  647,  783,  597,  633,  547,  613,  513,  513],
        [  243,  243,  388,  282,  589,  462,  460,  591,  434,  698,  674,  736,  538,  291,  265,  201,  119,  618,  241,    0,  445,  362,  500,  295,  688,  726,  523,  554,  265,  353,  645,  596,  515,  668,  418,  394,  561,  629,  273,  350],
        [  524,  524,  805,  399,  763,  890,  904,  902,  859,  778,  747,  981,  524,  638,  414,  392,  501, 1060,  207,  445,    0,  760,  828,  666,  885, 1158,  868,  806,  575,  125,  982,  999,  824,  947,  757,  839,  650,  708,  717,  668],
        [  260,  260,   66,  631,  850,  428,  310,  737,  422,  992,  973,  921,  879,  504,  390,  553,  265,  455,  577,  362,  760,    0,  194,  102,  917,  608,  644,  766,  527,  694,  746,  594,  684,  833,  135,  260,  868,  931,  210,  166],
        [  307,  307,  238,  781, 1034,  616,  485,  930,  613, 1170, 1149, 1113, 1036,  689,  418,  700,  384,  611,  675,  500,  828,  194,    0,  209, 1107,  768,  838,  956,  705,  788,  939,  780,  877, 1027,   83,  445, 1041, 1106,  403,  163],
        [  159,  159,  163,  574,  832,  478,  381,  752,  465,  964,  943,  928,  828,  491,  288,  494,  183,  537,  491,  295,  666,  102,  209,    0,  911,  684,  663,  763,  500,  607,  773,  643,  691,  845,  127,  322,  834,  900,  235,   94],
        [  924,  924,  895,  501,  122,  586,  732,  242,  567,  217,  232,  126,  414,  421,  947,  546,  791,  766,  749,  688,  885,  917, 1107,  911,    0,  728,  324,  152,  425,  765,  318,  515,  250,  173, 1032,  722,  260,  237,  710,  996],
        [  814,  814,  545,  826,  747,  269,  304,  488,  300,  915,  914,  648,  968,  554,  924,  789,  727,  157,  952,  726, 1158,  608,  768,  684,  728,    0,  424,  614,  623, 1047,  415,  219,  509,  563,  736,  367,  861,  892,  483,  770],
        [  720,  720,  609,  481,  325,  266,  416,   95,  250,  493,  491,  285,  560,  239,  782,  476,  592,  444,  681,  523,  868,  644,  838,  663,  324,  424,    0,  193,  295,  745,  123,  206,   86,  194,  772,  417,  441,  469,  436,  755],
        [  784,  784,  743,  408,  134,  444,  585,  140,  422,  301,  301,  185,  404,  275,  817,  437,  650,  633,  647,  554,  806,  766,  956,  763,  152,  614,  193,    0,  290,  682,  234,  396,  109,  143,  882,  572,  266,  282,  558,  849],
        [  499,  499,  521,  204,  334,  367,  452,  343,  335,  466,  447,  473,  384,   70,  527,  183,  366,  568,  387,  265,  575,  527,  705,  500,  425,  623,  295,  290,    0,  453,  413,  436,  264,  410,  626,  409,  343,  405,  340,  579],
        [  483,  483,  731,  274,  644,  779,  805,  778,  748,  669,  638,  858,  422,  517,  394,  270,  430,  957,  118,  353,  125,  694,  788,  607,  765, 1047,  745,  682,  453,    0,  859,  881,  700,  823,  712,  742,  536,  598,  624,  626],
        [  839,  839,  705,  590,  362,  337,  488,   96,  331,  520,  525,  234,  635,  361,  904,  593,  712,  477,  800,  645,  982,  746,  939,  773,  318,  415,  123,  234,  413,  859,    0,  214,  163,  149,  876,  503,  499,  512,  541,  866],
        [  741,  741,  542,  639,  529,  166,  302,  273,  180,  697,  696,  446,  756,  368,  830,  614,  630,  264,  799,  596,  999,  594,  780,  643,  515,  219,  206,  396,  436,  881,  214,    0,  291,  357,  728,  335,  644,  674,  411,  736],
        [  731,  731,  655,  429,  240,  337,  482,   80,  317,  409,  406,  238,  482,  225,  779,  437,  599,  524,  647,  515,  824,  684,  877,  691,  250,  509,   86,  109,  264,  700,  163,  291,    0,  156,  806,  474,  357,  384,  474,  781],
        [  886,  886,  801,  549,  242,  455,  607,   99,  442,  383,  393,   93,  536,  378,  932,  571,  754,  617,  783,  668,  947,  833, 1027,  845,  173,  563,  194,  143,  410,  823,  149,  357,  156,    0,  958,  610,  389,  387,  624,  936],
        [  233,  233,  193,  699,  956,  562,  442,  863,  556, 1090, 1069, 1043,  954,  613,  353,  618,  302,  582,  597,  418,  757,  135,   83,  127, 1032,  736,  772,  882,  626,  712,  876,  728,  806,  958,    0,  395,  960, 1026,  336,   90],
        [  448,  448,  208,  580,  680,  172,   68,  511,  172,  840,  827,  701,  792,  357,  560,  518,  369,  232,  633,  394,  839,  260,  445,  322,  722,  367,  417,  572,  409,  742,  503,  335,  474,  610,  395,    0,  737,  791,  124,  412],
        [  802,  802,  864,  305,  149,  651,  769,  405,  623,  142,  114,  379,  154,  382,  793,  375,  678,  853,  547,  561,  650,  868, 1041,  834,  260,  861,  441,  266,  343,  536,  499,  644,  357,  389,  960,  737,    0,   70,  682,  905],
        [  871,  871,  925,  374,  150,  695,  820,  420,  668,   74,   45,  362,  194,  439,  862,  444,  746,  895,  613,  629,  708,  931, 1106,  900,  237,  892,  469,  282,  405,  598,  512,  674,  384,  387, 1026,  791,   70,    0,  741,  972],
        [  336,  336,  187,  485,  648,  248,  192,  528,  232,  798,  781,  711,  715,  305,  441,  416,  246,  355,  513,  273,  717,  210,  403,  235,  710,  483,  436,  558,  340,  624,  541,  411,  474,  624,  336,  124,  682,  741,    0,  328],
        [  145,  145,  232,  631,  913,  570,  468,  843,  558, 1038, 1016, 1017,  887,  575,  263,  551,  232,  619,  513,  350,  668,  166,  163,   94,  996,  770,  755,  849,  579,  626,  866,  736,  781,  936,   90,  412,  905,  972,  328,    0]
    ]
}
