{
    "name": "random-47-16460",
    "comment": "size=47 seed=16460",
    "nodes": ["+0", "-0", "+1", "-1", "+2", "-2", "+3", "-3", "+4", "-4", "+5", "-5", "+6", "-6", "+7", "-7", "+8", "-8", "+9", "-9", "+10", "-10", "+11", "-11", "+12", "-12", "+13", "-13", "+14", "-14", "+15", "-15", "+16", "-16", "+17", "-17", "+18", "-18", "+19", "-19", "+20", "-20", "+21", "-21", "+22", "-22", "+23", "-23", "+24", "-24", "+25", "-25", "+26", "-26", "+27", "-27", "+28", "-28", "+29", "-29", "+30", "-30", "+31", "-31", "+32", "-32", "+33", "-33", "+34", "-34", "+35", "-35", "+36", "-36", "+37", "-37", "+38", "-38", "+39", "-39", "+40", "-40", "+41", "-41", "+42", "-42", "+43", "-43", "+44", "-44", "+45", "-45", "+46", "-46", "+47", "-47"],
    "precedence": {
        "+0": "-0",
        "+1": "-1",
        "+2": "-2",
        "+3": "-3",
        "+4": "-4",
        "+5": "-5",
        "+6": "-6",
        "+7": "-7",
        "+8": "-8",
        "+9": "-9",
        "+10": "-10",
        "+11": "-11",
        "+12": "-12",
        "+13": "-13",
        "+14": "-14",
        "+15": "-15",
        "+16": "-16",
        "+17": "-17",
        "+18": "-18",
        "+19": "-19",
        "+20": "-20",
        "+21": "-21",
        "+22": "-22",
        "+23": "-23",
        "+24": "-24",
        "+25": "-25",
        "+26": "-26",
        "+27": "-27",
        "+28": "-28",
        "+29": "-29",
        "+30": "-30",
        "+31": "-31",
        "+32": "-32",
        "+33": "-33",
        "+34": "-34",
        "+35": "-35",
        "+36": "-36",
        "+37": "-37",
        "+38": "-38",
        "+39": "-39",
        "+40": "-40",
        "+41": "-41",
        "+42": "-42",
        "+43": "-43",
        "+44": "-44",
        "+45": "-45",
        "+46": "-46",
        "+47": "-47"
    },
    "edges": [
        [    0,    0,  455,  541,  783,  329,  614,  100,  212,   51,  962,  730,  613,  699,  724,  594,  288,  700,  406,  594,  115,  145,  143,  701,  287, 1030,  944,  387,  646,  291,  133,  183,  517,  349,  621,  157,  652,  488,  354,  228,  433,  545,  441,  745,  451,  387,  370,  256,  407,  761,  733,  166,  737,  302,  368,  157,  666,  681,  416, 1046,  401,  318,  649,  342,  644,  734,  369,  650,  205,  329,  280,  624,  600,  265,  195,  968,  713,  337,  818,  132,  319,  295,  682,  586,  379,  191,  301,  708,   79,  946,  728,  598,  768,  629,  665,  730],
        [    0,    0,    0,    0,    0,    0,    0,    0,    0,    0,    0,    0,    0,    0,    0,    0,    0,    0,    0,    0,    0,    0,    0,    0,    0,    0,    0,    0,    0,    0,    0,    0,    0,    0,    0,    0,    0,    0,    0,    0,    0,    0,    0,    0,    0,    0,    0,    0,    0,    0,    0,    0,    0,    0,    0,    0,    0,    0,    0,    0,    0,    0,    0,    0,    0,    0,    0,    0,    0,    0,    0,    0,    0,    0,    0,    0,    0,    0,    0,    0,    0,    0,    0,    0,    0,    0,    0,    0,    0,    0,    0,    0,    0,    0,    0,    0],
        [  455,    0,    0,  208,  360,  460,  162,  505,  545,  494,  650,  302,  710,  389,  276,  363,  223,  254,  141,  235,  523,  441,  560,  420,  547,  723,  723,  425,  729,  664,  342,  321,   99,  484,  425,  604,  537,  630,  101,  466,  306,  218,  325,  771,  552,   83,  623,  200,  175,  809,  293,  604,  312,  397,  613,  514,  803,  449,  118,  766,  236,  535,  472,  114,  386,  512,  252,  212,  303,  235,  266,  771,  412,  207,  586,  739,  570,  364,  693,  586,  687,  701,  232,  132,  181,  614,  379,  918,  528,  594,  689,  149,  648,  858,  816,  307],
        [  541,    0,  208,    0,  258,  402,  204,  555,  686,  589,  456,  417,  580,  187,  255,  163,  396,  344,  345,   55,  636,  469,  604,  214,  519,  529,  515,  336,  591,  667,  409,  365,  284,  419,  229,  697,  353,  531,  254,  623,  188,   12,  202,  609,  451,  198,  575,  309,  134,  651,  240,  656,  429,  352,  563,  644,  679,  244,  139,  566,  440,  491,  276,  263,  180,  306,  450,  176,  453,  220,  442,  654,  219,  282,  710,  532,  375,  302,  495,  668,  685,  823,  230,  226,  162,  724,  336,  814,  598,  416,  513,  182,  454,  766,  696,  427],
        [  783,    0,  360,  258,    0,  656,  217,  807,  901,  828,  371,  352,  790,  234,  126,  334,  583,  282,  488,  205,  868,  724,  857,  281,  775,  436,  524,  583,  794,  924,  654,  614,  370,  670,  385,  938,  511,  764,  450,  824,  438,  258,  447,  781,  687,  403,  827,  533,  384,  827,   86,  909,  364,  608,  815,  866,  889,  350,  367,  500,  577,  745,  420,  462,  304,  387,  600,  150,  659,  474,  625,  872,  390,  519,  937,  528,  501,  557,  595,  913,  942, 1051,  158,  265,  412,  958,  593, 1035,  846,  281,  669,  218,  571,  997,  909,  366],
        [  329,    0,  460,  402,  656,    0,  571,  267,  539,  374,  715,  759,  300,  487,  651,  362,  449,  700,  510,  452,  441,  186,  290,  470,  127,  774,  651,   84,  331,  286,  248,  210,  556,   27,  359,  447,  346,  187,  395,  535,  219,  400,  212,  420,  128,  379,  173,  325,  304,  441,  641,  342,  769,   64,  162,  484,  374,  426,  353,  774,  564,   91,  371,  389,  413,  463,  548,  569,  422,  226,  475,  336,  339,  286,  520,  677,  410,  102,  502,  404,  298,  605,  619,  568,  286,  502,   82,  465,  334,  728,  401,  549,  453,  400,  381,  765],
        [  614,    0,  162,  204,  217,  571,    0,  658,  704,  654,  557,  213,  780,  331,  116,  360,  379,  140,  274,  190,  684,  587,  712,  374,  674,  628,  669,  518,  793,  805,  496,  468,  153,  592,  425,  764,  553,  721,  262,  621,  377,  214,  393,  813,  641,  230,  742,  358,  268,  855,  139,  759,  226,  512,  731,  674,  878,  425,  224,  682,  361,  655,  471,  274,  361,  481,  386,   74,  462,  353,  419,  852,  419,  358,  747,  681,  569,  470,  684,  745,  826,  861,   71,   48,  288,  775,  494, 1008,  685,  482,  715,   23,  647,  956,  894,  224],
        [  100,    0,  505,  555,  807,  267,  658,    0,  297,  125,  949,  794,  531,  695,  763,  581,  369,  757,  479,  609,  190,   93,   56,  690,  198, 1013,  909,  339,  566,  193,  163,  193,  579,  283,  597,  180,  608,  405,  407,  326,  417,  557,  421,  670,  379,  429,  276,  307,  423,  683,  766,  103,  802,  259,  275,  244,  578,  661,  444, 1022,  487,  235,  619,  396,  632,  708,  457,  684,  294,  335,  368,  536,  576,  301,  262,  935,  671,  304,  768,  137,  221,  339,  722,  635,  395,  237,  263,  611,   67,  943,  665,  640,  719,  532,  575,  796],
        [  212,    0,  545,  686,  901,  539,  704,  297,    0,  173, 1131,  765,  823,  861,  819,  771,  327,  755,  444,  735,  109,  356,  316,  872,  494, 1202, 1134,  593,  858,  460,  315,  368,  574,  560,  806,  179,  852,  698,  451,   98,  616,  692,  628,  957,  662,  500,  572,  378,  559,  973,  837,  304,  768,  508,  572,   55,  874,  862,  549, 1226,  393,  527,  840,  440,  817,  919,  358,  756,  243,  498,  291,  832,  785,  407,   74, 1158,  911,  537, 1021,  209,  486,  168,  775,  666,  533,  129,  504,  903,  238, 1101,  937,  694,  970,  824,  871,  761],
        [   51,    0,  494,  589,  828,  374,  654,  125,  173,    0, 1013,  761,  652,  749,  766,  645,  313,  735,  434,  642,   67,  189,  153,  752,  322, 1081,  994,  435,  687,  301,  183,  233,  551,  394,  672,  111,  701,  527,  393,  207,  483,  593,  492,  788,  494,  429,  401,  298,  456,  802,  776,  158,  767,  351,  400,  119,  702,  732,  462, 1097,  418,  356,  700,  381,  695,  785,  385,  693,  224,  379,  298,  660,  650,  310,  146, 1019,  763,  387,  867,   95,  329,  244,  723,  624,  428,  140,  350,  734,   74,  996,  774,  639,  817,  655,  699,  760],
        [  962,    0,  650,  456,  371,  715,  557,  949, 1131, 1013,    0,  722,  698,  272,  493,  369,  852,  649,  790,  417, 1068,  856,  987,  262,  839,   73,  204,  631,  684,  999,  831,  780,  698,  716,  357, 1114,  406,  733,  710, 1075,  533,  448,  528,  619,  678,  654,  854,  758,  574,  663,  452, 1042,  734,  696,  842, 1085,  783,  290,  594,  130,  886,  797,  348,  719,  319,  256,  900,  484,  906,  637,  898,  783,  377,  725, 1147,  194,  353,  647,  370, 1078, 1007, 1255,  516,  602,  599, 1152,  688,  939, 1005,  106,  505,  548,  379,  929,  806,  736],
        [  730,    0,  302,  417,  352,  759,  213,  794,  765,  761,  722,    0,  988,  531,  230,  572,  452,   77,  329,  401,  775,  739,  850,  577,  848,  788,  861,  715, 1002,  962,  633,  619,  216,  782,  637,  865,  766,  920,  390,  670,  580,  426,  598, 1025,  841,  385,  925,  490,  460, 1067,  271,  890,   14,  696,  914,  749, 1085,  633,  406,  851,  374,  836,  683,  401,  571,  687,  408,  265,  543,  534,  478, 1056,  632,  506,  822,  869,  780,  660,  893,  856,  987,  931,  216,  196,  474,  860,  678, 1209,  807,  631,  928,  235,  858, 1153, 1100,   15],
        [  613,    0,  710,  580,  790,  300,  780,  531,  823,  652,  698,  988,    0,  568,  830,  457,  743,  919,  789,  614,  719,  470,  531,  529,  335,  735,  555,  293,   36,  444,  547,  509,  809,  274,  409,  701,  301,  127,  668,  830,  409,  572,  391,  152,  174,  638,  276,  614,  536,  153,  807,  572, 1000,  354,  271,  769,  100,  460,  593,  706,  854,  297,  385,  665,  490,  458,  840,  754,  721,  487,  772,   86,  401,  572,  792,  582,  346,  361,  361,  657,  435,  861,  810,  792,  530,  764,  368,  249,  597,  752,  212,  758,  330,  232,  120,  996],
        [  699,    0,  389,  187,  234,  487,  331,  695,  861,  749,  272,  531,  568,    0,  315,  127,  582,  454,  529,  156,  802,  604,  738,   48,  613,  344,  341,  406,  567,  772,  566,  517,  452,  495,  159,  853,  279,  559,  440,  804,  281,  178,  281,  548,  488,  384,  647,  487,  303,  594,  279,  792,  544,  455,  635,  816,  665,  117,  323,  379,  624,  576,  188,  449,   80,  159,  636,  268,  635,  371,  628,  651,  169,  455,  879,  354,  268,  403,  368,  819,  784,  989,  317,  370,  329,  887,  444,  816,  747,  249,  436,  315,  340,  785,  686,  544],
        [  724,    0,  276,  255,  126,  651,  116,  763,  819,  766,  493,  230,  830,  315,    0,  382,  494,  157,  388,  216,  798,  688,  816,  362,  762,  560,  634,  589,  838,  900,  603,  571,  261,  670,  443,  876,  574,  785,  375,  737,  442,  261,  456,  842,  705,  338,  824,  469,  355,  887,   42,  865,  242,  596,  813,  789,  929,  425,  321,  622,  471,  738,  485,  387,  368,  473,  497,   83,  578,  445,  534,  906,  442,  464,  862,  641,  576,  550,  682,  856,  921,  976,   45,  158,  379,  889,  579, 1067,  794,  406,  736,  128,  652, 1021,  947,  244],
        [  594,    0,  363,  163,  334,  362,  360,  581,  771,  645,  369,  572,  457,  127,  382,    0,  520,  497,  493,  173,  702,  489,  621,  111,  488,  436,  375,  280,  461,  647,  464,  413,  446,  369,   66,  745,  194,  436,  385,  723,  164,  152,  161,  460,  363,  331,  521,  408,  227,  505,  355,  676,  585,  333,  509,  723,  556,   95,  267,  455,  584,  450,  113,  391,   52,  156,  589,  315,  558,  273,  565,  538,   61,  370,  782,  395,  212,  282,  332,  710,  659,  888,  370,  387,  247,  785,  323,  702,  636,  368,  357,  339,  291,  666,  576,  584],
        [  288,    0,  223,  396,  583,  449,  379,  369,  327,  313,  852,  452,  743,  582,  494,  520,    0,  433,  124,  438,  324,  341,  422,  604,  486,  925,  895,  455,  770,  556,  228,  245,  249,  476,  572,  414,  656,  636,  143,  243,  400,  405,  417,  840,  570,  199,  574,  132,  294,  870,  514,  453,  457,  390,  567,  302,  822,  614,  260,  960,  122,  494,  614,  134,  558,  676,  100,  435,   92,  279,   46,  784,  554,  177,  375,  915,  704,  386,  825,  407,  583,  488,  450,  340,  276,  410,  376,  906,  366,  806,  783,  370,  776,  835,  829,  450],
        [  700,    0,  254,  344,  282,  700,  140,  757,  755,  735,  649,   77,  919,  454,  157,  497,  433,    0,  312,  325,  754,  695,  812,  500,  796,  717,  785,  652,  933,  917,  594,  575,  185,  723,  562,  842,  691,  857,  350,  664,  514,  353,  531,  952,  777,  335,  869,  451,  398,  995,  198,  855,   90,  639,  858,  734, 1017,  556,  348,  778,  375,  780,  607,  361,  494,  610,  406,  188,  523,  477,  465,  989,  557,  461,  808,  793,  704,  600,  816,  829,  941,  920,  139,  133,  415,  842,  621, 1144,  775,  562,  853,  163,  781, 1090, 1033,   90],
        [  406,    0,  141,  345,  488,  510,  274,  479,  444,  434,  790,  329,  789,  529,  388,  493,  124,  312,    0,  375,  447,  438,  534,  558,  570,  863,  859,  497,  812,  659,  325,  326,  131,  537,  552,  537,  655,  693,  123,  355,  406,  355,  425,  869,  620,  166,  655,  192,  279,  903,  412,  569,  334,  447,  647,  423,  876,  582,  229,  907,   96,  570,  598,  125,  521,  645,  113,  339,  215,  303,  154,  840,  537,  226,  497,  876,  694,  429,  817,  529,  686,  608,  343,  230,  273,  533,  431,  974,  484,  733,  797,  270,  770,  908,  886,  327],
        [  594,    0,  235,   55,  205,  452,  190,  609,  735,  642,  417,  401,  614,  156,  216,  173,  438,  325,  375,    0,  688,  524,  659,  193,  571,  490,  495,  383,  622,  720,  463,  419,  297,  468,  237,  751,  367,  572,  296,  669,  236,   55,  247,  631,  493,  241,  624,  358,  188,  675,  196,  711,  414,  404,  613,  694,  713,  237,  187,  532,  471,  542,  282,  306,  173,  295,  484,  144,  500,  275,  484,  691,  233,  334,  762,  509,  380,  353,  495,  722,  738,  875,  199,  222,  216,  777,  389,  852,  653,  369,  529,  170,  458,  808,  731,  412],
        [  115,    0,  523,  636,  868,  441,  684,  190,  109,   67, 1068,  775,  719,  802,  798,  702,  324,  754,  447,  688,    0,  256,  208,  807,  387, 1137, 1056,  501,  753,  353,  238,  290,  570,  460,  731,   97,  765,  593,  424,  164,  542,  641,  551,  855,  561,  465,  464,  335,  504,  869,  811,  200,  780,  416,  464,   60,  767,  791,  504, 1156,  417,  422,  761,  411,  751,  845,  382,  729,  233,  432,  300,  725,  710,  354,   81, 1080,  826,  451,  932,  111,  380,  188,  754,  651,  476,   91,  414,  794,  130, 1047,  841,  671,  882,  715,  764,  773],
        [  145,    0,  441,  469,  724,  186,  587,   93,  356,  189,  856,  739,  470,  604,  688,  489,  341,  695,  438,  524,  256,    0,  136,  599,  154,  921,  818,  250,  503,  224,  114,  121,  523,  205,  504,  267,  519,  346,  349,  363,  325,  471,  329,  601,  306,  361,  243,  252,  340,  617,  688,  189,  747,  169,  238,  301,  528,  569,  368,  931,  463,  178,  527,  339,  540,  616,  438,  608,  284,  250,  352,  486,  483,  234,  335,  844,  582,  212,  682,  227,  250,  423,  648,  569,  313,  319,  172,  582,  154,  852,  586,  567,  632,  507,  528,  741],
        [  143,    0,  560,  604,  857,  290,  712,   56,  316,  153,  987,  850,  531,  738,  816,  621,  422,  812,  534,  659,  208,  136,    0,  731,  198, 1050,  938,  367,  567,  150,  218,  246,  634,  301,  633,  171,  634,  405,  463,  359,  458,  605,  461,  675,  390,  483,  264,  362,  474,  684,  819,   55,  857,  293,  265,  267,  568,  698,  497, 1057,  539,  241,  652,  451,  673,  743,  509,  737,  344,  384,  419,  526,  612,  355,  270,  965,  699,  341,  790,  126,  178,  330,  776,  690,  446,  235,  299,  587,   80,  986,  679,  694,  741,  508,  563,  851],
        [  701,    0,  420,  214,  281,  470,  374,  690,  872,  752,  262,  577,  529,   48,  362,  111,  604,  500,  558,  193,  807,  599,  731,    0,  597,  331,  303,  387,  527,  756,  570,  519,  489,  476,  124,  854,  236,  528,  464,  819,  274,  204,  271,  504,  460,  407,  625,  501,  317,  550,  326,  786,  590,  443,  613,  825,  626,   72,  344,  358,  653,  557,  146,  471,   59,  111,  663,  313,  651,  376,  649,  614,  139,  466,  886,  319,  221,  392,  321,  818,  767,  994,  363,  411,  341,  891,  434,  778,  745,  258,  390,  357,  293,  750,  648,  589],
        [  287,    0,  547,  519,  775,  127,  674,  198,  494,  322,  839,  848,  335,  613,  762,  488,  486,  796,  570,  571,  387,  154,  198,  597,    0,  897,  765,  210,  370,  161,  260,  245,  638,  124,  484,  367,  459,  209,  467,  512,  341,  517,  336,  478,  196,  464,   90,  379,  408,  487,  755,  243,  858,  168,   84,  440,  381,  551,  451,  894,  607,   46,  493,  459,  539,  586,  584,  680,  436,  321,  502,  339,  464,  350,  459,  792,  523,  219,  604,  323,  172,  527,  727,  665,  386,  430,  184,  429,  263,  854,  486,  652,  557,  353,  379,  853],
        [ 1030,    0,  723,  529,  436,  774,  628, 1013, 1202, 1081,   73,  788,  735,  344,  560,  436,  925,  717,  863,  490, 1137,  921, 1050,  331,  897,    0,  203,  691,  718, 1056,  900,  848,  771,  773,  418, 1181,  453,  780,  782, 1147,  599,  520,  593,  643,  729,  726,  907,  829,  645,  686,  519, 1105,  799,  759,  895, 1155,  815,  353,  666,   75,  959,  853,  404,  791,  387,  311,  973,  555,  978,  706,  970,  818,  439,  796, 1216,  184,  395,  710,  390, 1144, 1063, 1324,  585,  674,  670, 1220,  752,  971, 1071,  159,  534,  619,  408,  966,  839,  802],
        [  944,    0,  723,  515,  524,  651,  669,  909, 1134,  994,  204,  861,  555,  341,  634,  375,  895,  785,  859,  495, 1056,  818,  938,  303,  765,  203,    0,  572,  534,  920,  821,  768,  792,  644,  329, 1085,  307,  619,  758, 1093,  519,  505,  507,  449,  581,  703,  759,  781,  602,  490,  594,  992,  873,  650,  749, 1083,  627,  281,  639,  155,  953,  720,  295,  765,  340,  219,  961,  602,  931,  640,  939,  635,  350,  741, 1137,   28,  242,  608,  197, 1045,  923, 1237,  646,  710,  622, 1132,  648,  781,  971,  304,  346,  655,  226,  783,  651,  874],
        [  387,    0,  425,  336,  583,   84,  518,  339,  593,  435,  631,  715,  293,  406,  589,  280,  455,  652,  497,  383,  501,  250,  367,  387,  210,  691,  572,    0,  317,  370,  284,  237,  524,   90,  275,  517,  270,  206,  376,  576,  148,  332,  137,  388,  127,  349,  245,  325,  256,  415,  575,  421,  727,   85,  233,  538,  381,  342,  311,  692,  563,  171,  288,  373,  330,  380,  551,  508,  445,  196,  487,  347,  255,  281,  581,  598,  333,   70,  433,  475,  380,  673,  561,  521,  244,  569,   90,  494,  403,  644,  347,  496,  382,  438,  392,  723],
        [  646,    0,  729,  591,  794,  331,  793,  566,  858,  687,  684, 1002,   36,  567,  838,  461,  770,  933,  812,  622,  753,  503,  567,  527,  370,  718,  534,  317,    0,  480,  578,  538,  828,  306,  410,  737,  295,  162,  691,  863,  425,  583,  407,  118,  204,  659,  312,  641,  555,  118,  814,  607, 1015,  383,  307,  803,  101,  457,  612,  686,  879,  332,  382,  688,  491,  450,  867,  764,  751,  510,  800,  102,  404,  597,  827,  561,  334,  387,  338,  692,  470,  896,  820,  807,  550,  799,  396,  257,  632,  742,  189,  771,  311,  250,  124, 1011],
        [  291,    0,  664,  667,  924,  286,  805,  193,  460,  301,  999,  962,  444,  772,  900,  647,  556,  917,  659,  720,  353,  224,  150,  756,  161, 1056,  920,  370,  480,    0,  335,  344,  747,  284,  644,  296,  615,  328,  573,  508,  496,  666,  492,  595,  342,  582,  172,  475,  547,  595,  897,  158,  971,  320,  179,  413,  460,  711,  582, 1052,  676,  204,  653,  563,  699,  746,  647,  819,  485,  456,  559,  420,  625,  457,  405,  948,  679,  372,  752,  255,   29,  442,  863,  789,  522,  362,  333,  453,  228, 1014,  624,  784,  707,  374,  450,  965],
        [  133,    0,  342,  409,  654,  248,  496,  163,  315,  183,  831,  633,  547,  566,  603,  464,  228,  594,  325,  463,  238,  114,  218,  570,  260,  900,  821,  284,  578,  335,    0,   53,  417,  273,  494,  289,  537,  429,  245,  293,  305,  412,  315,  665,  375,  267,  349,  144,  275,  687,  608,  264,  641,  202,  343,  263,  616,  553,  287,  918,  350,  273,  526,  234,  513,  608,  325,  526,  179,  196,  242,  576,  473,  139,  318,  845,  596,  224,  707,  260,  361,  424,  561,  472,  247,  322,  195,  685,  193,  813,  631,  478,  656,  612,  620,  635],
        [  183,    0,  321,  365,  614,  210,  468,  193,  368,  233,  780,  619,  509,  517,  571,  413,  245,  575,  326,  419,  290,  121,  246,  519,  245,  848,  768,  237,  538,  344,   53,    0,  404,  236,  442,  336,  485,  395,  230,  342,  252,  368,  262,  621,  335,  241,  332,  136,  232,  645,  573,  296,  628,  158,  324,  316,  582,  501,  252,  866,  365,  249,  473,  220,  462,  555,  344,  492,  213,  148,  267,  543,  421,  114,  370,  792,  544,  174,  655,  305,  368,  476,  531,  449,  204,  372,  148,  661,  234,  765,  583,  449,  605,  590,  588,  622],
        [  517,    0,   99,  284,  370,  556,  153,  579,  574,  551,  698,  216,  809,  452,  261,  446,  249,  185,  131,  297,  570,  523,  634,  489,  638,  771,  792,  524,  828,  747,  417,  404,    0,  581,  510,  657,  628,  728,  175,  485,  404,  295,  423,  867,  651,  178,  717,  274,  273,  906,  290,  675,  225,  493,  707,  551,  902,  527,  216,  820,  210,  629,  557,  185,  462,  588,  237,  224,  339,  332,  284,  870,  499,  291,  624,  806,  656,  462,  778,  645,  772,  737,  218,  106,  280,  658,  475, 1016,  593,  630,  782,  155,  735,  955,  915,  219],
        [  349,    0,  484,  419,  670,   27,  592,  283,  560,  394,  716,  782,  274,  495,  670,  369,  476,  723,  537,  468,  460,  205,  301,  476,  124,  773,  644,   90,  306,  284,  273,  236,  581,    0,  361,  462,  338,  160,  421,  559,  233,  416,  224,  398,  104,  404,  157,  351,  325,  417,  658,  352,  793,   90,  145,  505,  347,  428,  376,  771,  591,   82,  370,  415,  419,  462,  574,  588,  448,  250,  502,  309,  342,  312,  538,  671,  403,  123,  490,  418,  293,  621,  639,  590,  308,  519,  107,  439,  349,  733,  383,  570,  441,  375,  354,  788],
        [  621,    0,  425,  229,  385,  359,  425,  597,  806,  672,  357,  637,  409,  159,  443,   66,  572,  562,  552,  237,  731,  504,  633,  124,  484,  418,  329,  275,  410,  644,  494,  442,  510,  361,    0,  767,  131,  404,  441,  764,  191,  218,  181,  400,  337,  388,  505,  454,  280,  445,  413,  687,  650,  341,  494,  756,  507,   67,  324,  427,  642,  442,   48,  446,   82,  114,  645,  378,  603,  311,  615,  493,   22,  413,  812,  352,  147,  293,  268,  729,  653,  915,  433,  453,  297,  811,  334,  657,  656,  374,  294,  405,  226,  627,  528,  649],
        [  157,    0,  604,  697,  938,  447,  764,  180,  179,  111, 1114,  865,  701,  853,  876,  745,  414,  842,  537,  751,   97,  267,  171,  854,  367, 1181, 1085,  517,  737,  296,  289,  336,  657,  462,  767,    0,  786,  576,  503,  255,  582,  701,  588,  845,  556,  539,  433,  408,  564,  854,  886,  139,  871,  436,  435,  148,  737,  830,  571, 1194,  512,  409,  793,  490,  796,  880,  478,  803,  324,  483,  394,  696,  746,  420,  113, 1110,  849,  477,  947,   45,  320,  161,  833,  733,  535,   67,  438,  747,  114, 1101,  844,  749,  898,  668,  732,  864],
        [  652,    0,  537,  353,  511,  346,  553,  608,  852,  701,  406,  766,  301,  279,  574,  194,  656,  691,  655,  367,  765,  519,  634,  236,  459,  453,  307,  270,  295,  615,  537,  485,  628,  338,  131,  786,    0,  328,  537,  823,  257,  342,  240,  271,  278,  489,  457,  529,  376,  317,  544,  687,  779,  351,  446,  799,  394,  165,  428,  440,  740,  414,   92,  540,  209,  158,  739,  509,  673,  380,  697,  387,  135,  485,  846,  334,   65,  315,  172,  745,  619,  941,  564,  578,  386,  837,  352,  549,  672,  452,  163,  532,  122,  529,  417,  777],
        [  488,    0,  630,  531,  764,  187,  721,  405,  698,  527,  733,  920,  127,  559,  785,  436,  636,  857,  693,  572,  593,  346,  405,  528,  209,  780,  619,  206,  162,  328,  429,  395,  728,  160,  404,  576,  328,    0,  575,  707,  345,  525,  330,  272,   81,  552,  157,  510,  461,  279,  767,  447,  932,  248,  150,  644,  188,  466,  516,  762,  751,  171,  394,  570,  479,  480,  734,  705,  606,  398,  661,  149,  391,  470,  666,  646,  386,  267,  436,  531,  322,  735,  759,  726,  450,  638,  264,  289,  471,  772,  299,  698,  396,  236,  194,  928],
        [  354,    0,  101,  254,  450,  395,  262,  407,  451,  393,  710,  390,  668,  440,  375,  385,  143,  350,  123,  296,  424,  349,  463,  464,  467,  782,  758,  376,  691,  573,  245,  230,  175,  421,  441,  503,  537,  575,    0,  377,  285,  263,  304,  746,  501,   57,  548,  101,  163,  780,  389,  506,  399,  331,  539,  417,  756,  478,  120,  819,  204,  461,  485,   13,  420,  541,  205,  307,  210,  181,  188,  721,  424,  118,  489,  777,  579,  309,  702,  485,  598,  603,  331,  232,  152,  514,  314,  859,  428,  665,  676,  248,  655,  794,  766,  393],
        [  228,    0,  466,  623,  824,  535,  621,  326,   98,  207, 1075,  670,  830,  804,  737,  723,  243,  664,  355,  669,  164,  363,  359,  819,  512, 1147, 1093,  576,  863,  508,  293,  342,  485,  559,  764,  255,  823,  707,  377,    0,  577,  630,  590,  954,  662,  430,  597,  318,  503,  975,  757,  360,  673,  494,  594,  108,  890,  816,  484, 1175,  297,  540,  801,  366,  767,  876,  263,  677,  170,  454,  203,  848,  744,  354,  167, 1116,  880,  515,  994,  274,  536,  265,  692,  581,  478,  218,  487,  935,  280, 1038,  923,  613,  944,  857,  890,  666],
        [  433,    0,  306,  188,  438,  219,  377,  417,  616,  483,  533,  580,  409,  281,  442,  164,  400,  514,  406,  236,  542,  325,  458,  274,  341,  599,  519,  148,  425,  496,  305,  252,  404,  233,  191,  582,  257,  345,  285,  577,    0,  184,   20,  466,  265,  243,  390,  274,  132,  503,  428,  513,  592,  177,  378,  566,  505,  249,  189,  615,  487,  309,  225,  287,  215,  304,  484,  361,  420,  126,  440,  476,  170,  230,  622,  542,  307,  125,  427,  546,  511,  727,  415,  385,  134,  623,  165,  632,  473,  528,  391,  354,  377,  581,  520,  589],
        [  545,    0,  218,   12,  258,  400,  214,  557,  692,  593,  448,  426,  572,  178,  261,  152,  405,  353,  355,   55,  641,  471,  605,  204,  517,  520,  505,  332,  583,  666,  412,  368,  295,  416,  218,  701,  342,  525,  263,  630,  184,    0,  196,  600,  445,  207,  572,  315,  138,  642,  244,  658,  439,  350,  560,  650,  671,  233,  147,  556,  450,  489,  265,  272,  169,  295,  460,  182,  461,  222,  451,  647,  209,  288,  716,  522,  364,  300,  484,  671,  684,  828,  238,  237,  166,  729,  335,  807,  601,  410,  503,  192,  443,  760,  689,  437],
        [  441,    0,  325,  202,  447,  212,  393,  421,  628,  492,  528,  598,  391,  281,  456,  161,  417,  531,  425,  247,  551,  329,  461,  271,  336,  593,  507,  137,  407,  492,  315,  262,  423,  224,  181,  588,  240,  330,  304,  590,   20,  196,    0,  447,  250,  262,  380,  290,  151,  484,  440,  515,  610,  174,  368,  577,  487,  242,  208,  606,  506,  302,  212,  305,  213,  294,  502,  376,  435,  141,  457,  459,  160,  246,  632,  531,  291,  123,  410,  551,  506,  735,  430,  402,  153,  631,  164,  616,  478,  527,  372,  370,  361,  566,  502,  607],
        [  745,    0,  771,  609,  781,  420,  813,  670,  957,  788,  619, 1025,  152,  548,  842,  460,  840,  952,  869,  631,  855,  601,  675,  504,  478,  643,  449,  388,  118,  595,  665,  621,  867,  398,  400,  845,  271,  272,  746,  954,  466,  600,  447,    0,  295,  708,  426,  709,  598,   47,  813,  718, 1038,  464,  420,  902,  187,  432,  654,  603,  943,  436,  362,  746,  479,  410,  934,  774,  831,  569,  874,  207,  400,  665,  931,  474,  289,  456,  254,  800,  587, 1005,  830,  833,  598,  906,  474,  334,  737,  689,  118,  791,  241,  348,  211, 1035],
        [  451,    0,  552,  451,  687,  128,  641,  379,  662,  494,  678,  841,  174,  488,  705,  363,  570,  777,  620,  493,  561,  306,  390,  460,  196,  729,  581,  127,  204,  342,  375,  335,  651,  104,  337,  556,  278,   81,  501,  662,  265,  445,  250,  295,    0,  475,  179,  442,  382,  314,  688,  438,  852,  180,  169,  607,  256,  401,  438,  718,  682,  151,  333,  497,  408,  423,  667,  625,  548,  322,  598,  221,  322,  400,  638,  608,  341,  192,  411,  512,  343,  717,  679,  646,  371,  616,  195,  368,  446,  709,  290,  618,  365,  316,  266,  848],
        [  387,    0,   83,  198,  403,  379,  230,  429,  500,  429,  654,  385,  638,  384,  338,  331,  199,  335,  166,  241,  465,  361,  483,  407,  464,  726,  703,  349,  659,  582,  267,  241,  178,  404,  388,  539,  489,  552,   57,  430,  243,  207,  262,  708,  475,    0,  541,  132,  114,  744,  348,  530,  395,  316,  531,  463,  729,  423,   65,  763,  254,  452,  433,   66,  364,  486,  259,  265,  261,  155,  244,  696,  372,  129,  534,  722,  529,  286,  652,  518,  606,  648,  296,  208,  110,  556,  298,  839,  456,  610,  633,  213,  605,  778,  741,  390],
        [  370,    0,  623,  575,  827,  173,  742,  276,  572,  401,  854,  925,  276,  647,  824,  521,  574,  869,  655,  624,  464,  243,  264,  625,   90,  907,  759,  245,  312,  172,  349,  332,  717,  157,  505,  433,  457,  157,  548,  597,  390,  572,  380,  426,  179,  541,    0,  464,  475,  428,  814,  299,  935,  231,   12,  520,  305,  571,  522,  896,  695,   89,  507,  541,  570,  598,  673,  742,  525,  392,  591,  263,  488,  433,  532,  787,  520,  275,  585,  389,  167,  590,  792,  737,  455,  498,  249,  340,  337,  879,  453,  720,  541,  264,  301,  930],
        [  256,    0,  200,  309,  533,  325,  358,  307,  378,  298,  758,  490,  614,  487,  469,  408,  132,  451,  192,  358,  335,  252,  362,  501,  379,  829,  781,  325,  641,  475,  144,  136,  274,  351,  454,  408,  529,  510,  101,  318,  274,  315,  290,  709,  442,  132,  464,    0,  185,  739,  479,  405,  498,  263,  456,  337,  696,  502,  172,  858,  241,  379,  494,   90,  450,  562,  227,  396,  151,  150,  169,  659,  435,   46,  405,  802,  580,  255,  700,  387,  501,  519,  426,  332,  162,  425,  248,  787,  328,  724,  653,  342,  650,  718,  704,  492],
        [  407,    0,  175,  134,  384,  304,  268,  423,  559,  456,  574,  460,  536,  303,  355,  227,  294,  398,  279,  188,  504,  340,  474,  317,  408,  645,  602,  256,  555,  547,  275,  232,  273,  325,  280,  564,  376,  461,  163,  503,  132,  138,  151,  598,  382,  114,  475,  185,    0,  635,  351,  525,  471,  245,  464,  515,  630,  321,   58,  674,  366,  387,  324,  167,  267,  383,  367,  273,  335,   92,  338,  600,  262,  153,  580,  622,  417,  203,  540,  535,  567,  691,  319,  266,   29,  592,  227,  750,  465,  544,  520,  246,  493,  693,  644,  467],
        [  761,    0,  809,  651,  827,  441,  855,  683,  973,  802,  663, 1067,  153,  594,  887,  505,  870,  995,  903,  675,  869,  617,  684,  550,  487,  686,  490,  415,  118,  595,  687,  645,  906,  417,  445,  854,  317,  279,  780,  975,  503,  642,  484,   47,  314,  744,  428,  739,  635,    0,  858,  724, 1080,  488,  423,  918,  161,  479,  692,  644,  975,  448,  408,  779,  525,  456,  965,  818,  857,  601,  902,  189,  445,  695,  944,  515,  335,  485,  296,  809,  584, 1013,  873,  874,  634,  916,  500,  299,  748,  735,  164,  833,  286,  321,  183, 1077],
        [  733,    0,  293,  240,   86,  641,  139,  766,  837,  776,  452,  271,  807,  279,   42,  355,  514,  198,  412,  196,  811,  688,  819,  326,  755,  519,  594,  575,  814,  897,  608,  573,  290,  658,  413,  886,  544,  767,  389,  757,  428,  244,  440,  813,  688,  348,  814,  479,  351,  858,    0,  868,  283,  588,  802,  805,  906,  391,  322,  581,  499,  729,  453,  401,  336,  437,  524,   83,  595,  442,  556,  885,  414,  470,  877,  600,  543,  540,  647,  864,  917,  992,   73,  184,  377,  902,  571, 1046,  800,  365,  705,  145,  617, 1003,  925,  285],
        [  166,    0,  604,  656,  909,  342,  759,  103,  304,  158, 1042,  890,  572,  792,  865,  676,  453,  855,  569,  711,  200,  189,   55,  786,  243, 1105,  992,  421,  607,  158,  264,  296,  675,  352,  687,  139,  687,  447,  506,  360,  513,  658,  515,  718,  438,  530,  299,  405,  525,  724,  868,    0,  897,  347,  302,  260,  602,  753,  547, 1111,  567,  288,  706,  494,  727,  797,  535,  786,  371,  437,  446,  561,  666,  402,  248, 1018,  751,  396,  841,   98,  184,  292,  823,  735,  498,  205,  354,  609,   89, 1040,  728,  741,  793,  529,  596,  891],
        [  737,    0,  312,  429,  364,  769,  226,  802,  768,  767,  734,   14, 1000,  544,  242,  585,  457,   90,  334,  414,  780,  747,  857,  590,  858,  799,  873,  727, 1015,  971,  641,  628,  225,  793,  650,  871,  779,  932,  399,  673,  592,  439,  610, 1038,  852,  395,  935,  498,  471, 1080,  283,  897,    0,  707,  925,  753, 1097,  646,  418,  863,  377,  846,  696,  409,  584,  700,  411,  278,  548,  544,  482, 1068,  645,  515,  826,  881,  793,  671,  906,  862,  996,  935,  228,  208,  485,  865,  689, 1220,  814,  643,  940,  248,  871, 1164, 1112,    8],
        [  302,    0,  397,  352,  608,   64,  512,  259,  508,  351,  696,  696,  354,  455,  596,  333,  390,  639,  447,  404,  416,  169,  293,  443,  168,  759,  650,   85,  383,  320,  202,  158,  493,   90,  341,  436,  351,  248,  331,  494,  177,  350,  174,  464,  180,  316,  231,  263,  245,  488,  588,  347,  707,    0,  220,  454,  433,  406,  292,  765,  504,  143,  361,  326,  385,  451,  488,  514,  370,  163,  418,  396,  320,  223,  497,  676,  414,   53,  516,  395,  335,  590,  563,  507,  225,  486,   19,  528,  322,  700,  430,  490,  466,  464,  441,  702],
        [  368,    0,  613,  563,  815,  162,  731,  275,  572,  400,  842,  914,  271,  635,  813,  509,  567,  858,  647,  613,  464,  238,  265,  613,   84,  895,  749,  233,  307,  179,  343,  324,  707,  145,  494,  435,  446,  150,  539,  594,  378,  560,  368,  420,  169,  531,   12,  456,  464,  423,  802,  302,  925,  220,    0,  518,  304,  559,  511,  886,  688,   79,  495,  532,  558,  587,  666,  731,  520,  382,  584,  262,  476,  424,  532,  777,  509,  264,  575,  390,  176,  593,  781,  726,  444,  499,  238,  345,  337,  867,  445,  709,  532,  270,  301,  920],
        [  157,    0,  514,  644,  866,  484,  674,  244,   55,  119, 1085,  749,  769,  816,  789,  723,  302,  734,  423,  694,   60,  301,  267,  825,  440, 1155, 1083,  538,  803,  413,  263,  316,  551,  505,  756,  148,  799,  644,  417,  108,  566,  650,  577,  902,  607,  463,  520,  337,  515,  918,  805,  260,  753,  454,  518,    0,  820,  813,  508, 1177,  382,  473,  789,  405,  770,  869,  347,  723,  213,  450,  272,  778,  735,  363,   74, 1107,  859,  484,  968,  169,  440,  188,  745,  638,  488,  116,  450,  852,  188, 1058,  882,  663,  917,  773,  818,  746],
        [  666,    0,  803,  679,  889,  374,  878,  578,  874,  702,  783, 1085,  100,  665,  929,  556,  822, 1017,  876,  713,  767,  528,  568,  626,  381,  815,  627,  381,  101,  460,  616,  582,  902,  347,  507,  737,  394,  188,  756,  890,  505,  671,  487,  187,  256,  729,  305,  696,  630,  161,  906,  602, 1097,  433,  304,  820,    0,  556,  687,  780,  936,  351,  481,  752,  588,  550,  921,  853,  793,  576,  848,   43,  500,  655,  836,  654,  434,  447,  431,  693,  445,  894,  908,  889,  622,  802,  449,  157,  640,  842,  283,  855,  408,  162,   25, 1093],
        [  681,    0,  449,  244,  350,  426,  425,  661,  862,  732,  290,  633,  460,  117,  425,   95,  614,  556,  582,  237,  791,  569,  698,   72,  551,  353,  281,  342,  457,  711,  553,  501,  527,  428,   67,  830,  165,  466,  478,  816,  249,  233,  242,  432,  401,  423,  571,  502,  321,  479,  391,  753,  646,  406,  559,  813,  556,    0,  359,  366,  675,  509,   76,  484,   65,   63,  681,  369,  652,  365,  658,  545,   87,  463,  871,  301,  152,  358,  260,  793,  720,  976,  422,  458,  341,  872,  399,  709,  719,  309,  319,  406,  227,  683,  578,  645],
        [  416,    0,  118,  139,  367,  353,  224,  444,  549,  462,  594,  406,  593,  323,  321,  267,  260,  348,  229,  187,  504,  368,  497,  344,  451,  666,  639,  311,  612,  582,  287,  252,  216,  376,  324,  571,  428,  516,  120,  484,  189,  147,  208,  654,  438,   65,  522,  172,   58,  692,  322,  547,  418,  292,  511,  508,  687,  359,    0,  701,  318,  434,  370,  127,  300,  422,  323,  241,  314,  131,  305,  656,  309,  152,  576,  658,  466,  254,  589,  546,  604,  690,  282,  216,   68,  594,  274,  805,  480,  555,  575,  203,  543,  747,  700,  413],
        [ 1046,    0,  766,  566,  500,  774,  682, 1022, 1226, 1097,  130,  851,  706,  379,  622,  455,  960,  778,  907,  532, 1156,  931, 1057,  358,  894,   75,  155,  692,  686, 1052,  918,  866,  820,  771,  427, 1194,  440,  762,  819, 1175,  615,  556,  606,  603,  718,  763,  896,  858,  674,  644,  581, 1111,  863,  765,  886, 1177,  780,  366,  701,    0, 1002,  849,  405,  827,  409,  315, 1014,  610, 1008,  728, 1006,  787,  448,  822, 1236,  130,  378,  719,  351, 1156, 1057, 1341,  644,  727,  698, 1237,  760,  935, 1082,  229,  499,  672,  376,  935,  805,  865],
        [  401,    0,  236,  440,  577,  564,  361,  487,  393,  418,  886,  374,  854,  624,  471,  584,  122,  375,   96,  471,  417,  463,  539,  653,  607,  959,  953,  563,  879,  676,  350,  365,  210,  591,  642,  512,  740,  751,  204,  297,  487,  450,  506,  943,  682,  254,  695,  241,  366,  975,  499,  567,  377,  504,  688,  382,  936,  675,  318, 1002,    0,  613,  687,  201,  614,  738,   36,  429,  196,  375,  121,  899,  626,  283,  454,  971,  782,  493,  905,  512,  703,  560,  428,  315,  355,  497,  488, 1025,  478,  827,  877,  360,  858,  954,  944,  370],
        [  318,    0,  535,  491,  745,   91,  655,  235,  527,  356,  797,  836,  297,  576,  738,  450,  494,  780,  570,  542,  422,  178,  241,  557,   46,  853,  720,  171,  332,  204,  273,  249,  629,   82,  442,  409,  414,  171,  461,  540,  309,  489,  302,  436,  151,  452,   89,  379,  387,  448,  729,  288,  846,  143,   79,  473,  351,  509,  434,  849,  613,    0,  450,  454,  500,  543,  593,  656,  451,  304,  513,  309,  423,  346,  496,  747,  478,  190,  558,  364,  211,  569,  705,  649,  367,  470,  161,  413,  301,  814,  441,  633,  511,  341,  352,  841],
        [  649,    0,  472,  276,  420,  371,  471,  619,  840,  700,  348,  683,  385,  188,  485,  113,  614,  607,  598,  282,  761,  527,  652,  146,  493,  404,  295,  288,  382,  653,  526,  473,  557,  370,   48,  793,   92,  394,  485,  801,  225,  265,  212,  362,  333,  433,  507,  494,  324,  408,  453,  706,  696,  361,  495,  789,  481,   76,  370,  405,  687,  450,    0,  490,  118,   93,  690,  422,  642,  349,  657,  470,   62,  452,  842,  320,  100,  316,  221,  754,  660,  943,  477,  499,  339,  838,  356,  634,  680,  378,  252,  451,  179,  609,  503,  694],
        [  342,    0,  114,  263,  462,  389,  274,  396,  440,  381,  719,  401,  665,  449,  387,  391,  134,  361,  125,  306,  411,  339,  451,  471,  459,  791,  765,  373,  688,  563,  234,  220,  185,  415,  446,  490,  540,  570,   13,  366,  287,  272,  305,  746,  497,   66,  541,   90,  167,  779,  401,  494,  409,  326,  532,  405,  752,  484,  127,  827,  201,  454,  490,    0,  426,  547,  200,  319,  198,  179,  179,  717,  429,  109,  477,  784,  583,  305,  705,  473,  588,  591,  344,  244,  155,  502,  308,  853,  416,  675,  677,  260,  658,  788,  762,  403],
        [  644,    0,  386,  180,  304,  413,  361,  632,  817,  695,  319,  571,  490,   80,  368,   52,  558,  494,  521,  173,  751,  540,  673,   59,  539,  387,  340,  330,  491,  699,  513,  462,  462,  419,   82,  796,  209,  479,  420,  767,  215,  169,  213,  479,  408,  364,  570,  450,  267,  525,  336,  727,  584,  385,  558,  770,  588,   65,  300,  409,  614,  500,  118,  426,    0,  127,  622,  308,  600,  320,  602,  573,   90,  414,  830,  358,  210,  334,  323,  760,  710,  937,  362,  394,  289,  834,  375,  737,  687,  316,  370,  342,  288,  705,  609,  583],
