{
    "name": "random-71-28843",
    "comment": "size=71 seed=28843",
    "nodes": ["+0", "-0", "+1", "-1", "+2", "-2", "+3", "-3", "+4", "-4", "+5", "-5", "+6", "-6", "+7", "-7", "+8", "-8", "+9", "-9", "+10", "-10", "+11", "-11", "+12", "-12", "+13", "-13", "+14", "-14", "+15", "-15", "+16", "-16", "+17", "-17", "+18", "-18", "+19", "-19", "+20", "-20", "+21", "-21", "+22", "-22", "+23", "-23", "+24", "-24", "+25", "-25", "+26", "-26", "+27", "-27", "+28", "-28", "+29", "-29", "+30", "-30", "+31", "-31", "+32", "-32", "+33", "-33", "+34", "-34", "+35", "-35", "+36", "-36", "+37", "-37", "+38", "-38", "+39", "-39", "+40", "-40", "+41", "-41", "+42", "-42", "+43", "-43", "+44", "-44", "+45", "-45", "+46", "-46", "+47", "-47", "+48", "-48", "+49", "-49", "+50", "-50", "+51", "-51", "+52", "-52", "+53", "-53", "+54", "-54", "+55", "-55", "+56", "-56", "+57", "-57", "+58", "-58", "+59", "-59", "+60", "-60", "+61", "-61", "+62", "-62", "+63", "-63", "+64", "-64", "+65", "-65", "+66", "-66", "+67", "-67", "+68", "-68", "+69", "-69", "+70", "-70", "+71", "-71"],
    "precedence": {
        "+0": "-0",
        "+1": "-1",
        "+2": "-2",
        "+3": "-3",
        "+4": "-4",
        "+5": "-5",
        "+6": "-6",
        "+7": "-7",
        "+8": "-8",
        "+9": "-9",
        "+10": "-10",
        "+11": "-11",
        "+12": "-12",
        "+13": "-13",
        "+14": "-14",
        "+15": "-15",
        "+16": "-16",
        "+17": "-17",
        "+18": "-18",
        "+19": "-19",
        "+20": "-20",
        "+21": "-21",
        "+22": "-22",
        "+23": "-23",
        "+24": "-24",
        "+25": "-25",
        "+26": "-26",
        "+27": "-27",
        "+28": "-28",
        "+29": "-29",
        "+30": "-30",
        "+31": "-31",
        "+32": "-32",
        "+33": "-33",
        "+34": "-34",
        "+35": "-35",
        "+36": "-36",
        "+37": "-37",
        "+38": "-38",
        "+39": "-39",
        "+40": "-40",
        "+41": "-41",
        "+42": "-42",
        "+43": "-43",
        "+44": "-44",
        "+45": "-45",
        "+46": "-46",
        "+47": "-47",
        "+48": "-48",
        "+49": "-49",
        "+50": "-50",
        "+51": "-51",
        "+52": "-52",
        "+53": "-53",
        "+54": "-54",
        "+55": "-55",
        "+56": "-56",
        "+57": "-57",
        "+58": "-58",
        "+59": "-59",
        "+60": "-60",
        "+61": "-61",
        "+62": "-62",
        "+63": "-63",
        "+64": "-64",
        "+65": "-65",
        "+66": "-66",
        "+67": "-67",
        "+68": "-68",
        "+69": "-69",
        "+70": "-70",
        "+71": "-71"
    },
    "edges": [
        [    0,    0,  364,   72,  666,  474,  527,  732,  389,  749,  619,  429,  495,  328,  379,  232,  527,  462,  849,  180,  674,  630,  240,  639,  894,  679,  431,  899,  534,  623,  208,  652,  625,  111,  706,  587,  226,  411,  343,  268,  516,  269,  358,  482,  612,  606,  532,  503,  697,  701,  753,  408,  779,  851,  684,  305,  390,  703,  472,  479,  195,  223,  303,  641,  371,  662,  621,  483,  665,  408,  134,  419,  421,   15,  121,  650,  293,  187,  446,  557,  947,  699,  484,  615,  273,  905,  369,  498,  746,  460,  155,  671,  574,  534,  452,  488,  779,  479,  528,  246,  261,  634,  446,  827,  666,  701,  471,  714,  702,  813,   24,  624,  755,  621,  486,  665,  414,  575,  205,  664,  176,  770,  464,   33,  530,  262,  525,  280,  850,  278,  312,  112,  559,  746,  336,  855,  547,  905,  743,  938,  467,  570,  755,  629],
        [    0,    0,    0,    0,    0,    0,    0,    0,    0,    0,    0,    0,    0,    0,    0,    0,    0,    0,    0,    0,    0,    0,    0,    0,    0,    0,    0,    0,    0,    0,    0,    0,    0,    0,    0,    0,    0,    0,    0,    0,    0,    0,    0,    0,    0,    0,    0,    0,    0,    0,    0,    0,    0,    0,    0,    0,    0,    0,    0,    0,    0,    0,    0,    0,    0,    0,    0,    0,    0,    0,    0,    0,    0,    0,    0,    0,    0,    0,    0,    0,    0,    0,    0,    0,    0,    0,    0,    0,    0,    0,    0,    0,    0,    0,    0,    0,    0,    0,    0,    0,    0,    0,    0,    0,    0,    0,    0,    0,    0,    0,    0,    0,    0,    0,    0,    0,    0,    0,    0,    0,    0,    0,    0,    0,    0,    0,    0,    0,    0,    0,    0,    0,    0,    0,    0,    0,    0,    0,    0,    0,    0,    0,    0,    0],
        [  364,    0,    0,  410,  304,  285,  166,  372,  650,  533,  742,   96,  163,  614,   16,  186,  324,  170,  569,  184,  349,  697,  446,  279,  773,  913,  581,  788,  691,  679,  455,  338,  437,  260,  640,  796,  493,  703,  353,  531,  155,  533,  565,  123,  249,  576,  336,  160,  847,  821,  640,  318,  459,  649,  370,  122,   93,  340,  190,  738,  537,  266,  625,  304,  533,  721,  555,  615,  306,  129,  394,   97,  638,  351,  410,  811,   79,  450,  307,  716,  828,  662,  240,  537,  153,  795,   98,  745,  677,  708,  328,  426,  828,  210,  581,  227,  516,  159,  539,  126,  597,  280,  378,  756,  855,  813,  742,  454,  550,  471,  383,  802,  415,  398,  139,  737,  274,  424,  218,  301,  190,  783,  418,  353,  179,  349,  657,  361,  779,  222,  300,  272,  721,  665,  641,  644,  545,  712,  749,  834,  280,  640,  559,  474],
        [   72,    0,  410,    0,  708,  542,  568,  772,  423,  819,  674,  465,  527,  356,  425,  255,  596,  488,  915,  231,  733,  691,  185,  688,  964,  711,  487,  969,  586,  686,  146,  713,  695,  151,  776,  628,  158,  433,  414,  309,  564,  310,  407,  523,  658,  675,  601,  557,  747,  755,  824,  479,  840,  921,  745,  365,  447,  747,  534,  509,  203,  222,  316,  698,  428,  724,  691,  541,  703,  436,  194,  475,  465,   75,  175,  699,  345,  123,  516,  608, 1018,  767,  550,  686,  336,  975,  427,  531,  816,  494,  137,  739,  603,  592,  511,  552,  846,  537,  596,  300,  268,  686,  517,  897,  708,  756,  498,  781,  773,  870,   75,  670,  812,  690,  539,  725,  483,  646,  272,  710,  231,  835,  535,   61,  582,  331,  581,  350,  919,  347,  301,  140,  610,  816,  355,  925,  615,  976,  809, 1008,  535,  632,  825,  700],
        [  666,    0,  304,  708,    0,  426,  140,   73,  933,  534,  964,  248,  201,  905,  288,  462,  427,  260,  471,  487,  247,  894,  710,   94,  824, 1175,  832,  846,  934,  872,  730,  267,  503,  559,  760, 1052,  769,  992,  591,  820,  164,  822,  838,  185,   70,  734,  440,  209, 1074, 1034,  721,  516,  317,  640,  279,  397,  312,   43,  306, 1016,  839,  529,  923,  198,  794,  911,  693,  854,   42,  294,  692,  280,  907,  653,  710, 1046,  379,  730,  477,  957,  872,  800,  355,  669,  435,  853,  335, 1019,  787,  984,  608,  428, 1101,  234,  823,  334,  460,  255,  730,  428,  898,  126,  565,  851, 1100, 1022, 1024,  423,  615,  266,  686, 1045,  237,  440,  214,  933,  462,  531,  510,   55,  493,  937,  605,  653,  178,  618,  892,  625,  871,  488,  521,  568,  963,  767,  935,  624,  726,  700,  902,  892,  426,  846,  577,  560],
        [  474,    0,  285,  542,  426,    0,  349,  494,  573,  280,  542,  363,  409,  569,  286,  423,   54,  441,  382,  344,  269,  469,  654,  343,  490,  774,  432,  504,  522,  447,  645,  238,  163,  417,  362,  649,  676,  645,  207,  488,  285,  490,  466,  337,  357,  315,   61,  226,  653,  610,  356,  109,  349,  389,  263,  209,  193,  439,  126,  643,  571,  500,  615,  271,  408,  486,  282,  443,  455,  410,  414,  202,  526,  468,  442,  628,  268,  631,   57,  544,  545,  391,   71,  261,  220,  511,  188,  639,  397,  609,  526,  199,  716,  192,  416,   92,  308,  181,  305,  283,  609,  317,  144,  473,  687,  598,  658,  244,  268,  415,  481,  632,  360,  148,  233,  507,   67,  140,  270,  386,  334,  522,  181,  483,  253,  274,  477,  270,  496,  196,  562,  441,  550,  382,  609,  390,  301,  449,  486,  550,    7,  422,  293,  191],
        [  527,    0,  166,  568,  140,  349,    0,  207,  807,  527,  867,  113,   91,  775,  151,  325,  367,  151,  510,  348,  272,  807,  577,  143,  802, 1060,  721,  822,  827,  787,  595,  276,  464,  420,  706,  940,  634,  863,  483,  691,   67,  693,  717,   46,   98,  663,  381,  127,  976,  941,  683,  421,  372,  642,  301,  269,  192,  179,  224,  893,  702,  395,  790,  216,  678,  828,  629,  748,  141,  167,  558,  165,  788,  513,  575,  944,  243,  594,  392,  851,  854,  738,  282,  607,  306,  829,  214,  898,  738,  862,  471,  415,  981,  180,  716,  262,  478,  169,  644,  291,  762,  159,  477,  809,  993,  931,  899,  426,  582,  354,  547,  939,  307,  408,  117,  847,  368,  476,  378,  149,  355,  870,  518,  514,  111,  497,  789,  506,  831,  366,  397,  429,  856,  721,  804,  630,  644,  705,  835,  868,  347,  755,  564,  515],
        [  732,    0,  372,  772,   73,  494,  207,    0, 1005,  581, 1034,  308,  252,  977,  357,  523,  492,  308,  499,  554,  292,  962,  763,  153,  874, 1247,  904,  897, 1005,  940,  786,  317,  561,  624,  820, 1124,  825, 1064,  663,  892,  236,  894,  910,  251,  141,  800,  505,  281, 1144, 1103,  776,  587,  343,  682,  324,  469,  384,   58,  376, 1088,  908,  585,  994,  251,  866,  978,  756,  925,   70,  348,  762,  352,  979,  719,  780, 1117,  449,  788,  546, 1028,  920,  862,  423,  732,  506,  904,  407, 1092,  846, 1056,  667,  479, 1173,  302,  895,  402,  499,  326,  798,  497,  967,  183,  635,  907, 1171, 1091, 1096,  469,  671,  276,  753, 1116,  261,  497,  286, 1000,  532,  594,  581,  110,  561, 1000,  674,  718,  250,  690,  963,  697,  927,  560,  569,  632, 1034,  825, 1006,  664,  794,  740,  965,  942,  494,  915,  626,  620],
        [  389,    0,  650,  423,  933,  573,  807, 1005,    0,  772,  313,  740,  810,   73,  664,  595,  612,  797,  926,  500,  839,  383,  605,  874,  779,  290,  188,  772,  219,  391,  561,  809,  654,  474,  578,  210,  559,   78,  367,  126,  769,  125,  110,  770,  866,  476,  608,  730,  350,  380,  662,  466,  921,  834,  835,  539,  622,  961,  652,   92,  235,  607,  146,  831,  175,  413,  524,  227,  946,  742,  276,  653,   83,  402,  275,  301,  572,  537,  519,  231,  822,  542,  627,  534,  502,  776,  598,  109,  610,   72,  543,  745,  187,  731,  222,  643,  847,  689,  393,  530,  192,  857,  452,  674,  293,  388,   93,  793,  669,  987,  368,  264,  931,  688,  721,  401,  511,  587,  433,  911,  486,  541,  434,  421,  762,  317,  244,  313,  691,  446,  699,  489,  229,  623,  101,  849,  417,  869,  529,  798,  569,  344,  753,  623],
        [  749,    0,  533,  819,  534,  280,  527,  581,  772,    0,  626,  586,  611,  788,  528,  694,  227,  659,  175,  622,  289,  523,  932,  442,  294,  900,  596,  318,  648,  499,  924,  267,  127,  696,  298,  781,  955,  848,  438,  716,  462,  718,  663,  536,  482,  342,  219,  409,  727,  666,  221,  348,  270,  118,  258,  484,  443,  524,  343,  821,  824,  773,  847,  336,  597,  522,  283,  581,  574,  644,  675,  437,  705,  744,  703,  721,  537,  910,  304,  663,  340,  353,  297,  262,  498,  325,  447,  808,  307,  787,  805,  112,  873,  350,  567,  306,  108,  383,  399,  559,  852,  410,  332,  346,  791,  649,  842,  113,  130,  364,  755,  739,  339,  137,  427,  549,  336,  189,  548,  480,  613,  487,  340,  760,  417,  522,  598,  511,  362,  472,  828,  720,  670,  282,  831,  112,  380,  181,  456,  362,  286,  504,   48,  150],
        [  619,    0,  742,  674,  964,  542,  867, 1034,  313,  626,    0,  837,  901,  378,  752,  764,  556,  910,  799,  654,  797,  109,  857,  884,  530,  283,  188,  516,   96,  131,  820,  764,  540,  666,  353,  180,  827,  372,  390,  377,  811,  377,  271,  841,  894,  284,  545,  757,  111,   84,  448,  449,  847,  647,  781,  621,  678,  980,  659,  292,  524,  804,  457,  809,  248,  126,  343,  138,  989,  861,  485,  703,  235,  627,  501,   95,  677,  796,  488,   83,  561,  301,  612,  364,  594,  518,  658,  266,  371,  271,  765,  646,  292,  733,  172,  632,  724,  710,  244,  650,  498,  859,  400,  412,  166,   83,  321,  689,  499,  931,  604,  120,  883,  596,  757,  103,  503,  479,  556,  927,  638,  245,  361,  649,  787,  411,   95,  394,  423,  523,  895,  688,   86,  392,  413,  668,  256,  664,  245,  530,  541,  126,  591,  488],
        [  429,    0,   96,  465,  248,  363,  113,  308,  740,  586,  837,    0,   71,  701,   86,  215,  395,   79,  597,  255,  362,  791,  465,  253,  844, 1007,  677,  860,  787,  772,  483,  360,  503,  319,  723,  890,  522,  790,  448,  619,  144,  621,  658,   71,  210,  665,  408,  182,  943,  916,  715,  408,  469,  703,  389,  217,  173,  289,  251,  829,  612,  283,  707,  310,  628,  815,  640,  710,  239,   61,  477,  161,  731,  415,  491,  907,  169,  483,  392,  811,  898,  748,  307,  621,  248,  868,  186,  837,  758,  800,  361,  476,  920,  241,  677,  291,  554,  204,  632,  211,  675,  264,  468,  835,  950,  908,  832,  496,  620,  461,  450,  897,  411,  457,  162,  831,  362,  500,  308,  261,  265,  873,  508,  413,  185,  443,  753,  456,  858,  317,  287,  325,  816,  744,  725,  695,  636,  767,  838,  907,  358,  734,  618,  547],
        [  495,    0,  163,  527,  201,  409,   91,  252,  810,  611,  901,   71,    0,  771,  152,  274,  435,   63,  601,  324,  362,  851,  512,  229,  879, 1076,  744,  897,  853,  832,  534,  365,  539,  385,  770,  959,  574,  860,  513,  689,  149,  691,  728,   76,  181,  718,  449,  203, 1008,  979,  755,  466,  462,  726,  391,  284,  228,  243,  290,  899,  681,  333,  776,  307,  696,  874,  690,  776,  183,   96,  547,  210,  800,  481,  561,  973,  239,  536,  445,  878,  932,  799,  348,  669,  316,  905,  245,  907,  804,  870,  416,  499,  989,  261,  743,  329,  566,  237,  690,  282,  743,  248,  524,  879, 1017,  970,  902,  513,  656,  440,  517,  964,  395,  487,  187,  891,  417,  543,  378,  226,  334,  926,  565,  477,  195,  512,  818,  524,  901,  384,  321,  389,  883,  789,  795,  716,  693,  790,  891,  944,  406,  795,  645,  587],
        [  328,    0,  614,  356,  905,  569,  775,  977,   73,  788,  378,  701,  771,    0,  629,  543,  613,  753,  935,  454,  830,  439,  536,  852,  820,  356,  231,  815,  283,  444,  492,  801,  666,  420,  617,  282,  488,   89,  364,   86,  742,   84,  136,  736,  841,  513,  610,  707,  421,  448,  697,  464,  918,  858,  829,  509,  595,  936,  636,  154,  163,  549,   80,  817,  200,  470,  556,  278,  916,  698,  227,  627,  144,  341,  220,  372,  536,  468,  518,  298,  865,  586,  617,  563,  471,  819,  572,  177,  652,  142,  480,  751,  248,  714,  265,  631,  856,  668,  427,  491,  121,  837,  460,  720,  365,  455,  144,  799,  693,  979,  305,  336,  921,  694,  697,  460,  505,  600,  398,  887,  441,  597,  449,  359,  739,  301,  302,  301,  738,  422,  639,  432,  297,  663,   44,  871,  451,  897,  583,  843,  565,  394,  773,  641],
        [  379,    0,   16,  425,  288,  286,  151,  357,  664,  528,  752,   86,  152,  629,    0,  198,  323,  163,  560,  199,  338,  705,  458,  265,  773,  925,  593,  788,  702,  686,  468,  328,  435,  274,  643,  808,  506,  717,  362,  545,  141,  547,  578,  108,  234,  581,  336,  149,  858,  830,  641,  324,  448,  645,  360,  133,   93,  325,  186,  751,  552,  277,  640,  292,  545,  729,  559,  625,  291,  125,  409,   92,  650,  366,  425,  822,   94,  464,  311,  727,  827,  666,  237,  540,  165,  796,  102,  759,  680,  721,  341,  421,  841,  201,  592,  224,  509,  152,  546,  141,  612,  266,  384,  758,  866,  822,  756,  447,  549,  458,  398,  813,  403,  394,  127,  745,  278,  425,  232,  286,  205,  789,  424,  368,  166,  361,  668,  373,  780,  233,  308,  287,  732,  667,  655,  639,  551,  708,  754,  834,  281,  648,  556,  474],
        [  232,    0,  186,  255,  462,  423,  325,  523,  595,  694,  764,  215,  274,  543,  198,    0,  471,  233,  749,  111,  534,  744,  261,  457,  905,  880,  582,  916,  694,  731,  272,  522,  584,  126,  746,  775,  311,  631,  401,  470,  335,  471,  536,  280,  420,  663,  481,  346,  859,  847,  765,  412,  645,  808,  554,  214,  258,  503,  360,  687,  426,   82,  531,  489,  525,  774,  657,  627,  454,  181,  320,  276,  607,  218,  324,  816,  157,  270,  424,  719,  960,  756,  398,  644,  212,  923,  249,  701,  785,  662,  147,  594,  781,  394,  593,  392,  691,  341,  606,  143,  492,  461,  468,  867,  846,  843,  684,  627,  688,  655,  256,  798,  600,  557,  325,  784,  387,  556,  213,  472,  127,  859,  502,  210,  364,  355,  671,  373,  890,  272,  145,  121,  723,  778,  559,  805,  617,  869,  827,  961,  416,  683,  713,  610],
        [  527,    0,  324,  596,  427,   54,  367,  492,  612,  227,  556,  395,  435,  613,  323,  471,    0,  472,  331,  396,  242,  475,  706,  339,  450,  800,  462,  467,  545,  452,  698,  210,  114,  470,  340,  675,  729,  685,  249,  533,  301,  535,  503,  360,  360,  308,   14,  240,  666,  619,  321,  149,  310,  338,  230,  259,  231,  435,  146,  678,  621,  550,  661,  254,  443,  489,  267,  467,  459,  446,  465,  234,  560,  522,  493,  645,  316,  685,   96,  565,  505,  375,   88,  244,  272,  474,  231,  672,  372,  644,  579,  147,  747,  196,  443,  107,  256,  200,  314,  334,  657,  310,  167,  444,  707,  606,  695,  193,  227,  384,  535,  652,  331,   94,  251,  512,  117,  110,  324,  383,  387,  511,  199,  537,  263,  322,  498,  316,  466,  250,  609,  494,  572,  355,  653,  337,  306,  398,  476,  513,   61,  433,  242,  153],
        [  462,    0,  170,  488,  260,  441,  151,  308,  797,  659,  910,   79,   63,  753,  163,  233,  472,    0,  658,  301,  420,  866,  457,  291,  921, 1070,  745,  938,  856,  848,  482,  422,  580,  352,  802,  955,  522,  842,  521,  673,  203,  675,  721,  126,  243,  743,  486,  251, 1014,  989,  793,  486,  522,  776,  449,  289,  251,  303,  328,  887,  652,  283,  752,  365,  694,  891,  719,  781,  240,   56,  527,  240,  793,  447,  538,  977,  235,  486,  471,  881,  974,  827,  385,  699,  317,  945,  264,  897,  837,  859,  369,  548,  979,  310,  747,  368,  621,  279,  708,  271,  717,  309,  546,  913, 1018,  981,  888,  565,  697,  502,  485,  966,  457,  532,  233,  906,  440,  578,  369,  288,  313,  951,  586,  442,  248,  510,  824,  524,  936,  388,  262,  352,  885,  823,  775,  766,  713,  839,  916,  984,  437,  809,  692,  625],
        [  849,    0,  569,  915,  471,  382,  510,  499,  926,  175,  799,  597,  601,  935,  560,  749,  331,  658,    0,  699,  240,  697, 1003,  390,  428, 1072,  757,  455,  818,  673, 1003,  238,  273,  778,  472,  950, 1037, 1001,  574,  858,  456,  860,  816,  534,  438,  515,  331,  418,  901,  840,  389,  476,  157,  215,  210,  557,  492,  449,  391,  982,  951,  830,  988,  295,  752,  697,  457,  748,  513,  657,  796,  474,  865,  842,  823,  894,  597,  992,  425,  833,  462,  526,  366,  435,  581,  460,  504,  971,  477,  947,  877,  186, 1039,  361,  731,  366,   80,  410,  568,  629,  987,  362,  476,  505,  964,  824, 1002,  139,  305,  237,  859,  912,  239,  242,  439,  724,  447,  341,  645,  418,  693,  659,  493,  855,  413,  652,  768,  644,  518,  574,  868,  800,  840,  452,  977,  191,  550,  259,  628,  493,  388,  677,  216,  315],
        [  180,    0,  184,  231,  487,  344,  348,  554,  500,  622,  654,  255,  324,  454,  199,  111,  396,  301,  699,    0,  505,  634,  311,  460,  812,  779,  474,  822,  586,  621,  305,  486,  505,   82,  645,  671,  339,  543,  293,  375,  336,  377,  433,  304,  432,  559,  404,  327,  750,  737,  672,  314,  613,  732,  519,  143,  218,  524,  310,  591,  358,  168,  453,  468,  417,  664,  557,  518,  487,  245,  228,  245,  504,  168,  238,  708,  115,  294,  334,  611,  868,  652,  335,  545,  124,  829,  199,  603,  685,  564,  183,  530,  684,  363,  484,  333,  634,  308,  498,   71,  420,  456,  368,  768,  740,  733,  591,  568,  601,  640,  200,  691,  582,  487,  309,  674,  297,  469,  104,  484,   16,  751,  399,  172,  352,  245,  562,  263,  791,  170,  251,  102,  615,  679,  475,  733,  511,  792,  719,  866,  337,  573,  636,  524],
        [  674,    0,  349,  733,  247,  269,  272,  292,  839,  289,  797,  362,  362,  830,  338,  534,  242,  420,  240,  505,    0,  711,  794,  157,  582, 1041,  701,  605,  787,  688,  800,   33,  280,  586,  540,  916,  837,  909,  473,  747,  220,  749,  733,  297,  203,  536,  252,  190,  907,  857,  488,  377,  111,  393,   33,  370,  288,  236,  204,  911,  809,  614,  868,   56,  677,  722,  486,  708,  288,  423,  650,  263,  795,  664,  675,  887,  393,  793,  326,  807,  628,  586,  214,  462,  402,  612,  306,  908,  562,  877,  672,  189,  985,  143,  683,  200,  215,  198,  554,  434,  856,  126,  408,  619,  949,  843,  926,  177,  382,  149,  688,  894,   92,  215,  212,  747,  329,  326,  476,  193,  503,  726,  441,  673,  178,  531,  740,  530,  638,  421,  642,  605,  814,  540,  868,  377,  544,  454,  691,  650,  273,  672,  334,  340],
        [  630,    0,  697,  691,  894,  469,  807,  962,  383,  523,  109,  791,  851,  439,  705,  744,  475,  866,  697,  634,  711,    0,  869,  810,  424,  392,  216,  411,  174,   25,  836,  679,  445,  659,  245,  286,  848,  450,  350,  417,  748,  418,  313,  786,  825,  183,  463,  691,  205,  147,  340,  387,  754,  539,  693,  579,  624,  907,  591,  381,  567,  794,  518,  729,  269,   34,  241,  163,  922,  821,  498,  646,  300,  636,  518,  202,  639,  814,  419,  174,  458,  193,  540,  264,  557,  413,  607,  358,  263,  355,  766,  551,  395,  661,  185,  561,  624,  645,  165,  619,  552,  783,  332,  308,  274,  132,  410,  592,  394,  840,  618,  228,  795,  504,  694,   41,  440,  388,  532,  854,  619,  159,  291,  658,  720,  393,  139,  373,  320,  486,  883,  684,  180,  283,  478,  561,  169,  555,  148,  428,  469,   62,  486,  390],
        [  240,    0,  446,  185,  710,  654,  577,  763,  605,  932,  857,  465,  512,  536,  458,  261,  706,  457, 1003,  311,  794,  869,    0,  714, 1111,  891,  669, 1119,  770,  862,   48,  780,  815,  241,  932,  811,   76,  608,  567,  493,  594,  494,  591,  534,  674,  836,  714,  606,  931,  938,  970,  614,  904, 1042,  813,  451,  513,  752,  613,  689,  376,  184,  488,  749,  610,  901,  844,  722,  694,  417,  373,  533,  649,  234,  356,  883,  407,   70,  641,  792, 1166,  929,  643,  836,  435, 1125,  500,  712,  972,  676,  128,  840,  781,  653,  692,  640,  941,  599,  762,  376,  436,  720,  661, 1054,  892,  939,  675,  876,  907,  915,  253,  854,  860,  797,  585,  904,  605,  775,  395,  726,  320, 1007,  685,  211,  624,  492,  763,  512, 1077,  471,  205,  215,  794,  969,  530, 1043,  779, 1101,  980, 1160,  647,  809,  946,  830],
        [  639,    0,  279,  688,   94,  343,  143,  153,  874,  442,  884,  253,  229,  852,  265,  457,  339,  291,  390,  460,  157,  810,  714,    0,  731, 1105,  761,  753,  859,  788,  728,  175,  410,  538,  668,  981,  767,  937,  522,  767,  124,  769,  775,  182,   51,  647,  352,  145,  995,  952,  628,  440,  240,  549,  190,  350,  260,   97,  229,  954,  800,  531,  877,  106,  727,  826,  603,  779,  133,  309,  647,  228,  842,  627,  668,  969,  346,  726,  397,  882,  780,  709,  273,  580,  387,  761,  284,  956,  695,  921,  603,  335, 1036,  152,  750,  252,  372,  186,  647,  394,  855,   33,  485,  758, 1025,  940,  964,  332,  522,  212,  657,  970,  168,  347,  158,  848,  385,  441,  465,   44,  463,  848,  524,  630,  114,  558,  816,  562,  779,  430,  539,  551,  888,  675,  885,  534,  642,  610,  812,  799,  344,  764,  484,  468],
        [  894,    0,  773,  964,  824,  490,  802,  874,  779,  294,  530,  844,  879,  820,  773,  905,  450,  921,  428,  812,  582,  424, 1111,  731,    0,  808,  592,   27,  592,  406, 1092,  558,  341,  872,  203,  708, 1116,  854,  551,  770,  736,  772,  684,  804,  769,  309,  438,  678,  602,  533,  142,  499,  557,  214,  551,  693,  681,  817,  593,  797,  908,  978,  894,  626,  622,  405,  277,  554,  863,  896,  786,  684,  699,  893,  813,  616,  755, 1074,  481,  597,   56,  239,  537,  279,  694,   33,  678,  776,  169,  767,  987,  397,  818,  623,  558,  554,  389,  643,  396,  762,  915,  699,  451,  121,  687,  514,  824,  406,  224,  650,  892,  648,  630,  394,  693,  430,  519,  351,  718,  771,  800,  306,  430,  913,  692,  635,  549,  617,  118,  644, 1048,  898,  602,  158,  863,  238,  372,  184,  291,   69,  495,  442,  248,  299],
        [  679,    0,  913,  711, 1175,  774, 1060, 1247,  290,  900,  283, 1007, 1076,  356,  925,  880,  800, 1070, 1072,  779, 1041,  392,  891, 1105,  808,    0,  344,  793,  257,  413,  846, 1008,  805,  761,  636,  125,  840,  287,  584,  414, 1013,  412,  349, 1027, 1106,  561,  791,  966,  214,  282,  731,  669, 1104,  929, 1029,  795,  869, 1198,  876,  202,  516,  896,  408, 1044,  383,  405,  620,  333, 1194, 1016,  562,  899,  277,  692,  564,  193,  838,  822,  717,  239,  836,  584,  839,  639,  761,  794,  847,  182,  653,  220,  833,  908,  112,  955,  358,  858,  995,  922,  505,  799,  460, 1083,  634,  689,  123,  300,  217,  953,  777, 1182,  658,  164, 1130,  855,  962,  380,  722,  740,  701, 1145,  765,  511,  602,  711,  998,  565,  306,  555,  697,  696,  988,  777,  232,  674,  363,  949,  522,  946,  518,  803,  772,  398,  869,  757],
        [  431,    0,  581,  487,  832,  432,  721,  904,  188,  596,  188,  677,  744,  231,  593,  582,  462,  745,  757,  474,  701,  216,  669,  761,  592,  344,    0,  586,  113,  217,  633,  669,  485,  480,  391,  221,  642,  264,  241,  202,  672,  202,   99,  690,  763,  289,  455,  623,  277,  271,  475,  326,  771,  650,  691,  461,  529,  854,  533,  226,  351,  619,  308,  701,   61,  249,  338,   55,  852,  694,  297,  558,  112,  439,  314,  235,  511,  610,  376,  137,  636,  356,  496,  350,  430,  590,  508,  215,  424,  192,  577,  582,  286,  611,   35,  514,  678,  578,  207,  478,  339,  739,  295,  490,  274,  271,  248,  629,  486,  845,  416,  221,  791,  526,  620,  244,  378,  417,  381,  802,  458,  372,  268,  462,  655,  236,   95,  222,  508,  361,  711,  502,  142,  436,  273,  666,  230,  683,  355,  613,  430,  165,  573,  447],
        [  899,    0,  788,  969,  846,  504,  822,  897,  772,  318,  516,  860,  897,  815,  788,  916,  467,  938,  455,  822,  605,  411, 1119,  753,   27,  793,  586,    0,  581,  394, 1099,  581,  359,  880,  200,  695, 1122,  846,  556,  767,  755,  769,  679,  822,  790,  307,  453,  697,  584,  515,  151,  509,  583,  241,  574,  705,  696,  840,  611,  787,  907,  988,  889,  649,  618,  391,  279,  546,  885,  912,  789,  700,  691,  899,  816,  600,  768, 1080,  493,  584,   51,  230,  554,  284,  705,    8,  692,  765,  163,  758,  996,  419,  805,  642,  551,  571,  415,  661,  393,  773,  912,  721,  458,  105,  671,  497,  814,  430,  242,  676,  896,  633,  655,  414,  711,  415,  530,  365,  727,  794,  809,  287,  435,  919,  712,  639,  539,  621,   98,  653, 1060,  907,  590,  156,  858,  265,  370,  211,  275,   47,  510,  432,  272,  315],
        [  534,    0,  691,  586,  934,  522,  827, 1005,  219,  648,   96,  787,  853,  283,  702,  694,  545,  856,  818,  586,  787,  174,  770,  859,  592,  257,  113,  581,    0,  188,  732,  754,  549,  590,  402,  133,  737,  281,  345,  284,  775,  284,  180,  797,  864,  315,  536,  725,  166,  171,  494,  420,  848,  686,  774,  570,  635,  954,  631,  208,  430,  729,  362,  793,  170,  201,  372,   80,  955,  805,  402,  663,  140,  544,  415,  123,  622,  708,  466,   25,  629,  356,  589,  389,  540,  584,  615,  185,  427,  183,  684,  652,  230,  708,  112,  609,  740,  679,  250,  590,  402,  836,  380,  479,  167,  175,  236,  697,  528,  927,  518,  112,  876,  599,  722,  185,  474,  484,  493,  901,  570,  328,  347,  566,  756,  348,   50,  333,  493,  470,  821,  611,   30,  445,  318,  704,  269,  709,  321,  601,  520,  154,  619,  503],
        [  623,    0,  679,  686,  872,  447,  787,  940,  391,  499,  131,  772,  832,  444,  686,  731,  452,  848,  673,  621,  688,   25,  862,  788,  406,  413,  217,  394,  188,    0,  830,  655,  421,  648,  223,  305,  843,  460,  334,  418,  727,  418,  315,  766,  803,  159,  440,  670,  229,  171,  318,  367,  730,  517,  669,  562,  604,  885,  570,  394,  567,  782,  523,  705,  267,   44,  217,  167,  901,  804,  492,  626,  308,  628,  513,  225,  623,  807,  397,  191,  442,  173,  518,  240,  541,  397,  588,  372,  243,  367,  757,  527,  413,  639,  185,  539,  600,  624,  143,  603,  555,  761,  311,  292,  296,  156,  422,  568,  371,  817,  612,  249,  771,  480,  673,   61,  419,  364,  518,  831,  605,  155,  270,  651,  698,  381,  148,  361,  306,  470,  870,  673,  197,  263,  484,  538,  147,  534,  139,  414,  447,   54,  463,  366],
        [  208,    0,  455,  146,  730,  645,  595,  786,  561,  924,  820,  483,  534,  492,  468,  272,  698,  482, 1003,  305,  800,  836,   48,  728, 1092,  846,  633, 1099,  732,  830,    0,  785,  804,  229,  909,  769,   40,  563,  545,  452,  607,  453,  552,  551,  691,  811,  705,  614,  891,  901,  951,  598,  910, 1032,  817,  447,  515,  771,  613,  645,  331,  202,  442,  758,  574,  869,  823,  686,  717,  439,  339,  538,  608,  204,  320,  843,  409,   25,  628,  753, 1147,  904,  639,  815,  427, 1105,  500,  668,  950,  632,  128,  835,  735,  658,  657,  638,  939,  603,  735,  374,  390,  733,  642, 1031,  850,  902,  630,  873,  892,  926,  218,  813,  870,  790,  593,  870,  593,  761,  380,  743,  312,  977,  664,  182,  634,  467,  727,  486, 1054,  457,  239,  204,  755,  948,  485, 1034,  753, 1090,  951, 1140,  638,  776,  935,  816],
        [  652,    0,  338,  713,  267,  238,  276,  317,  809,  267,  764,  360,  365,  801,  328,  522,  210,  422,  238,  486,   33,  679,  780,  175,  558, 1008,  669,  581,  754,  655,  785,    0,  249,  568,  510,  883,  821,  879,  443,  718,  219,  720,  702,  297,  217,  504,  220,  182,  874,  825,  460,  346,  128,  376,   33,  349,  270,  260,  180,  880,  783,  602,  841,   70,  646,  690,  454,  676,  307,  420,  625,  247,  763,  643,  650,  854,  376,  777,  294,  775,  606,  555,  185,  430,  380,  588,  287,  876,  533,  846,  657,  163,  953,  128,  651,  173,  203,  182,  521,  415,  829,  143,  375,  591,  916,  811,  895,  157,  355,  178,  666,  861,  123,  185,  203,  714,  299,  294,  453,  214,  484,  696,  408,  652,  175,  502,  707,  500,  610,  395,  634,  587,  781,  511,  839,  361,  511,  437,  661,  626,  242,  640,  310,  309],
        [  625,    0,  437,  695,  503,  163,  464,  561,  654,  127,  540,  503,  539,  666,  435,  584,  114,  580,  273,  505,  280,  445,  815,  410,  341,  805,  485,  359,  549,  421,  804,  249,    0,  576,  261,  682,  834,  730,  312,  593,  397,  595,  545,  464,  441,  264,  103,  338,  647,  592,  221,  222,  309,  228,  256,  371,  344,  503,  253,  709,  698,  662,  724,  311,  480,  452,  210,  477,  539,  557,  548,  345,  592,  620,  577,  634,  429,  789,  179,  566,  395,  307,  198,  186,  381,  366,  344,  699,  286,  675,  687,  106,  767,  285,  459,  213,  194,  303,  301,  445,  727,  379,  208,  350,  701,  576,  729,  149,  118,  397,  630,  648,  356,   65,  352,  478,  212,   68,  426,  453,  495,  447,  220,  637,  355,  396,  500,  385,  370,  349,  723,  601,  573,  265,  709,  231,  285,  287,  412,  406,  169,  415,  132,   61],
        [  111,    0,  260,  151,  559,  417,  420,  624,  474,  696,  666,  319,  385,  420,  274,  126,  470,  352,  778,   82,  586,  659,  241,  538,  872,  761,  480,  880,  590,  648,  229,  568,  576,    0,  696,  660,  260,  507,  334,  349,  414,  350,  423,  375,  508,  604,  477,  408,  755,  749,  731,  374,  695,  804,  601,  223,  299,  598,  391,  566,  302,  140,  406,  549,  421,  690,  608,  528,  557,  298,  200,  326,  492,   96,  201,  710,  196,  216,  401,  614,  927,  698,  413,  599,  200,  887,  281,  581,  737,  543,  116,  608,  660,  444,  495,  413,  712,  389,  536,  153,  367,  536,  423,  819,  734,  747,  561,  647,  667,  721,  133,  688,  663,  562,  389,  697,  365,  535,  155,  560,   86,  787,  449,   94,  432,  269,  572,  288,  842,  231,  232,   27,  617,  733,  434,  806,  551,  862,  757,  923,  410,  598,  708,  590],
        [  706,    0,  640,  776,  760,  362,  706,  820,  578,  298,  353,  723,  770,  617,  643,  746,  340,  802,  472,  645,  540,  245,  932,  668,  203,  636,  391,  200,  402,  223,  909,  510,  261,  696,    0,  526,  930,  654,  365,  568,  640,  569,  482,  697,  696,  107,  326,  580,  443,  378,   96,  335,  556,  297,  515,  542,  551,  763,  483,  601,  707,  813,  691,  571,  419,  236,   89,  356,  794,  768,  592,  563,  499,  707,  618,  446,  606,  890,  334,  409,  251,   56,  425,  104,  535,  205,  543,  582,   41,  571,  812,  357,  631,  534,  357,  445,  405,  538,  194,  604,  713,  638,  278,  123,  518,  360,  627,  388,  170,  648,  702,  472,  612,  326,  590,  263,  369,  231,  545,  712,  631,  191,  248,  728,  602,  445,  356,  426,  146,  476,  890,  723,  416,   46,  661,  319,  170,  311,  158,  235,  365,  249,  256,  201],
        [  587,    0,  796,  628, 1052,  649,  940, 1124,  210,  781,  180,  890,  959,  282,  808,  775,  675,  955,  950,  671,  916,  286,  811,  981,  708,  125,  221,  695,  133,  305,  769,  883,  682,  660,  526,    0,  767,  238,  461,  321,  892,  320,  239,  907,  983,  444,  666,  844,  158,  210,  620,  544,  980,  815,  904,  676,  748, 1074,  752,  145,  444,  798,  350,  919,  263,  305,  502,  208, 1072,  903,  463,  777,  169,  599,  468,  114,  722,  745,  592,  119,  741,  477,  714,  520,  643,  697,  726,  116,  547,  143,  741,  784,  114,  830,  233,  733,  873,  798,  383,  686,  399,  959,  509,  591,   84,  224,  172,  830,  659, 1058,  568,   73, 1005,  731,  840,  282,  597,  616,  587, 1022,  656,  423,  477,  620,  875,  447,  183,  436,  602,  576,  890,  678,  112,  567,  302,  834,  402,  836,  424,  710,  647,  281,  751,  636],
        [  226,    0,  493,  158,  769,  676,  634,  825,  559,  955,  827,  522,  574,  488,  506,  311,  729,  522, 1037,  339,  837,  848,   76,  767, 1116,  840,  642, 1122,  737,  843,   40,  821,  834,  260,  930,  767,    0,  555,  567,  455,  645,  456,  557,  590,  730,  831,  736,  651,  895,  907,  975,  624,  947, 1062,  854,  481,  551,  811,  648,  639,  325,  241,  433,  795,  583,  881,  845,  696,  756,  478,  352,  574,  610,  224,  331,  846,  445,   45,  657,  758, 1170,  924,  673,  838,  460, 1128,  535,  663,  971,  629,  166,  868,  729,  695,  667,  672,  972,  640,  753,  408,  381,  771,  667, 1052,  849,  909,  624,  907,  919,  964,  232,  815,  907,  822,  631,  882,  622,  789,  409,  782,  345,  992,  687,  203,  672,  487,  735,  505, 1075,  485,  277,  237,  759,  970,  478, 1064,  772, 1119,  967, 1162,  669,  789,  965,  844],
        [  411,    0,  703,  433,  992,  645,  863, 1064,   78,  848,  372,  790,  860,   89,  717,  631,  685,  842, 1001,  543,  909,  450,  608,  937,  854,  287,  264,  846,  281,  460,  563,  879,  730,  507,  654,  238,  555,    0,  438,  173,  828,  170,  186,  824,  927,  552,  681,  792,  391,  430,  739,  538,  993,  911,  906,  596,  681, 1022,  718,   94,  233,  634,  123,  898,  252,  480,  601,  300, 1003,  787,  316,  713,  155,  425,  308,  343,  624,  539,  591,  289,  895,  616,  696,  611,  558,  850,  658,  123,  685,  102,  562,  820,  175,  796,  298,  711,  922,  752,  470,  579,  175,  921,  527,  747,  320,  441,   71,  868,  746, 1057,  389,  303, 1000,  763,  782,  465,  581,  663,  486,  973,  530,  607,  510,  442,  824,  382,  313,  380,  763,  507,  723,  518,  286,  699,   79,  926,  493,  946,  598,  870,  640,  415,  830,  699],
        [  343,    0,  353,  414,  591,  207,  483,  663,  367,  438,  390,  448,  513,  364,  362,  401,  249,  521,  574,  293,  473,  350,  567,  522,  551,  584,  241,  556,  345,  334,  545,  443,  312,  334,  365,  461,  567,  438,    0,  285,  432,  287,  260,  454,  522,  270,  246,  383,  496,  468,  410,  100,  556,  526,  469,  233,  291,  614,  293,  439,  386,  459,  415,  467,  207,  377,  279,  266,  612,  474,  243,  319,  324,  343,  271,  462,  291,  525,  154,  369,  605,  364,  262,  272,  208,  562,  271,  437,  406,  405,  449,  389,  516,  372,  234,  279,  496,  338,  206,  270,  415,  501,  110,  488,  511,  461,  453,  437,  368,  621,  342,  457,  565,  333,  379,  390,  145,  251,  189,  562,  278,  459,  121,  364,  414,   87,  307,   74,  511,  137,  543,  360,  374,  404,  405,  534,  219,  575,  427,  596,  203,  290,  433,  300],
        [  268,    0,  531,  309,  820,  488,  691,  892,  126,  716,  377,  619,  689,   86,  545,  470,  533,  673,  858,  375,  747,  417,  493,  767,  770,  414,  202,  767,  284,  418,  452,  718,  593,  349,  568,  321,  455,  173,  285,    0,  657,    3,  106,  652,  755,  462,  531,  622,  440,  454,  641,  385,  836,  792,  746,  424,  510,  850,  551,  218,  150,  483,  132,  732,  153,  450,  499,  255,  831,  619,  150,  542,  156,  280,  150,  392,  452,  428,  438,  304,  818,  542,  533,  504,  386,  772,  486,  233,  605,  194,  422,  674,  312,  628,  233,  547,  780,  583,  375,  408,  145,  752,  386,  678,  400,  458,  216,  722,  628,  895,  248,  362,  837,  617,  612,  445,  423,  528,  314,  802,  362,  573,  378,  300,  653,  217,  289,  219,  697,  337,  575,  364,  305,  613,  122,  804,  398,  834,  554,  799,  483,  365,  704,  571],
        [  516,    0,  155,  564,  164,  285,   67,  236,  769,  462,  811,  144,  149,  742,  141,  335,  301,  203,  456,  336,  220,  748,  594,  124,  736, 1013,  672,  755,  775,  727,  607,  219,  397,  414,  640,  892,  645,  828,  432,  657,    0,  659,  674,   78,   99,  599,  315,   61,  920,  884,  616,  363,  326,  578,  247,  234,  148,  194,  160,  853,  681,  411,  762,  166,  632,  767,  564,  696,  181,  204,  531,  116,  744,  503,  551,  890,  224,  603,  330,  799,  788,  673,  217,  542,  272,  762,  172,  856,  672,  821,  480,  350,  938,  114,  665,  196,  418,  105,  584,  272,  738,  127,  417,  743,  942,  873,  861,  364,  515,  322,  534,  887,  270,  342,   54,  787,  310,  410,  348,  149,  340,  806,  457,  507,   46,  454,  735,  462,  764,  324,  428,  427,  805,  654,  773,  567,  583,  641,  771,  801,  283,  696,  498,  449],
        [  269,    0,  533,  310,  822,  490,  693,  894,  125,  718,  377,  621,  691,   84,  547,  471,  535,  675,  860,  377,  749,  418,  494,  769,  772,  412,  202,  769,  284,  418,  453,  720,  595,  350,  569,  320,  456,  170,  287,    3,  659,    0,  107,  654,  757,  463,  533,  624,  440,  454,  643,  387,  838,  794,  748,  426,  512,  852,  553,  216,  150,  484,  130,  734,  154,  450,  501,  256,  833,  621,  152,  544,  155,  281,  152,  391,  455,  429,  440,  304,  819,  543,  536,  506,  388,  774,  488,  231,  606,  193,  423,  676,  311,  631,  234,  549,  782,  585,  376,  410,  144,  754,  388,  679,  399,  458,  214,  724,  629,  897,  249,  361,  839,  619,  614,  445,  425,  530,  316,  804,  364,  573,  380,  301,  656,  219,  289,  221,  698,  339,  576,  365,  305,  614,  119,  806,  400,  836,  554,  800,  485,  366,  706,  573],
