{
    "name": "random-68-18481",
    "comment": "size=68 seed=18481",
    "nodes": ["+0", "-0", "+1", "-1", "+2", "-2", "+3", "-3", "+4", "-4", "+5", "-5", "+6", "-6", "+7", "-7", "+8", "-8", "+9", "-9", "+10", "-10", "+11", "-11", "+12", "-12", "+13", "-13", "+14", "-14", "+15", "-15", "+16", "-16", "+17", "-17", "+18", "-18", "+19", "-19", "+20", "-20", "+21", "-21", "+22", "-22", "+23", "-23", "+24", "-24", "+25", "-25", "+26", "-26", "+27", "-27", "+28", "-28", "+29", "-29", "+30", "-30", "+31", "-31", "+32", "-32", "+33", "-33", "+34", "-34", "+35", "-35", "+36", "-36", "+37", "-37", "+38", "-38", "+39", "-39", "+40", "-40", "+41", "-41", "+42", "-42", "+43", "-43", "+44", "-44", "+45", "-45", "+46", "-46", "+47", "-47", "+48", "-48", "+49", "-49", "+50", "-50", "+51", "-51", "+52", "-52", "+53", "-53", "+54", "-54", "+55", "-55", "+56", "-56", "+57", "-57", "+58", "-58", "+59", "-59", "+60", "-60", "+61", "-61", "+62", "-62", "+63", "-63", "+64", "-64", "+65", "-65", "+66", "-66", "+67", "-67", "+68", "-68"],
    "precedence": {
        "+0": "-0",
        "+1": "-1",
        "+2": "-2",
        "+3": "-3",
        "+4": "-4",
        "+5": "-5",
        "+6": "-6",
        "+7": "-7",
        "+8": "-8",
        "+9": "-9",
        "+10": "-10",
        "+11": "-11",
        "+12": "-12",
        "+13": "-13",
        "+14": "-14",
        "+15": "-15",
        "+16": "-16",
        "+17": "-17",
        "+18": "-18",
        "+19": "-19",
        "+20": "-20",
        "+21": "-21",
        "+22": "-22",
        "+23": "-23",
        "+24": "-24",
        "+25": "-25",
        "+26": "-26",
        "+27": "-27",
        "+28": "-28",
        "+29": "-29",
        "+30": "-30",
        "+31": "-31",
        "+32": "-32",
        "+33": "-33",
        "+34": "-34",
        "+35": "-35",
        "+36": "-36",
        "+37": "-37",
        "+38": "-38",
        "+39": "-39",
        "+40": "-40",
        "+41": "-41",
        "+42": "-42",
        "+43": "-43",
        "+44": "-44",
        "+45": "-45",
        "+46": "-46",
        "+47": "-47",
        "+48": "-48",
        "+49": "-49",
        "+50": "-50",
        "+51": "-51",
        "+52": "-52",
        "+53": "-53",
        "+54": "-54",
        "+55": "-55",
        "+56": "-56",
        "+57": "-57",
        "+58": "-58",
        "+59": "-59",
        "+60": "-60",
        "+61": "-61",
        "+62": "-62",
        "+63": "-63",
        "+64": "-64",
        "+65": "-65",
        "+66": "-66",
        "+67": "-67",
        "+68": "-68"
    },
    "edges": [
        [    0,    0,  939,  564,  407,  313,  526,  358,  437,  263,   30,  225,  490,  258,  316,  106,  573,  369,  722,  766,  686,  511,  274,  249,  135,  644,  529,  774,  474,  305,  591,  301,  766,  883,  296,  541,  648,  801,  835,  171,  398,  887,  749,  270,  780,  344,  659,  881,  327,  515,  805,  220,  368,  666,  835,  381,  357,  406,  192,  369,  594,  148,  309,  768,  908,  464,  154,  771,  209,  154,  294,   59,  156,  534,  632,  401,  694,  276,  416,  410,  820,  489,  417,  324,  275,  538,  696,  440,   14,  474,  198,  347,  831,  909,  344,  549,  103,  413,  602,  577,  224,  149,  415,  576,  288,  229,  255,  389,  203,  550,  246,  865,  776,  173,  782,   63,  527,  685,  605,  510,  675,    9,  235,  807,  824,  329,  647,  386,  300,  533,  412,  156,  704,  460,  166,  781,  253,  609],
        [    0,    0,    0,    0,    0,    0,    0,    0,    0,    0,    0,    0,    0,    0,    0,    0,    0,    0,    0,    0,    0,    0,    0,    0,    0,    0,    0,    0,    0,    0,    0,    0,    0,    0,    0,    0,    0,    0,    0,    0,    0,    0,    0,    0,    0,    0,    0,    0,    0,    0,    0,    0,    0,    0,    0,    0,    0,    0,    0,    0,    0,    0,    0,    0,    0,    0,    0,    0,    0,    0,    0,    0,    0,    0,    0,    0,    0,    0,    0,    0,    0,    0,    0,    0,    0,    0,    0,    0,    0,    0,    0,    0,    0,    0,    0,    0,    0,    0,    0,    0,    0,    0,    0,    0,    0,    0,    0,    0,    0,    0,    0,    0,    0,    0,    0,    0,    0,    0,    0,    0,    0,    0,    0,    0,    0,    0,    0,    0,    0,    0,    0,    0,    0,    0,    0,    0,    0,    0],
        [  939,    0,    0,  548,  813,  966,  455,  601,  822,  959,  967,  931,  450,  889,  654,  990,  649,  861,  237,  282,  402,  621,  666,  773, 1067,  843,  412,  807,  516,  644,  689, 1200,  765,  807,  703,  805,  670,  266,  272,  838,  831,  131,  530,  791,  891,  630,  407,   87,  714,  919,  780,  727,  594,  292,  591,  826, 1109,  535,  784, 1253,  516,  908,  906,  713,   57,  512,  964,  170,  989, 1037,  744,  996, 1071,  564,  730,  840,  323,  924, 1029,  572,  144,  465,  550,  819,  922,  591,  874,  971,  934,  670, 1018,  799,  350,   79, 1110,  436, 1039,  649,  909,  380, 1109,  959,  725,  831,  912,  757,  740, 1276,  737,  886,  847,  199,  802,  974,  532,  937,  426,  707,  606,  431,  311,  931,  770,  693,  813,  658,  292,  850,  962,  629, 1189, 1092,  366, 1320,  777,  845,  794,  462],
        [  564,    0,  548,    0,  703,  760,  440,  414,  730,  464,  583,  451,  278,  670,  261,  656,  111,  717,  449,  278,  160,   78,  369,  323,  695,  876,  325,  933,  145,  296,  734,  864,  902,  999,  505,  786,  760,  584,  622,  405,  712,  576,  733,  587,  989,  448,  556,  464,  549,  848,  936,  361,  235,  422,  834,  697,  871,  333,  510,  932,   37,  464,  396,  869,  549,  169,  513,  407,  715,  709,  279,  607,  643,  582,  792,  721,  513,  425,  860,  449,  503,  215,  200,  313,  423,   44,  928,  838,  566,  630,  726,  286,  672,  483,  863,  158,  641,  155,  894,  226,  784,  661,  199,  826,  706,  336,  512,  952,  410,  847,  370,  599,  932,  515,  758,  530,  222,  811,  680,  274,  472,  559,  333,  882,  967,  476,  350,  320,  455,   82,  943,  684,  566, 1020,  415,  961,  330,   87],
        [  407,    0,  813,  703,    0,  185,  367,  292,   32,  641,  430,  597,  467,  162,  472,  360,  771,   60,  578,  766,  747,  693,  349,  518,  453,  238,  460,  370,  562,  424,  214,  490,  367,  483,  202,  135,  273,  586,  608,  490,   20,  714,  420,  150,  374,  256,  421,  790,  155,  146,  405,  403,  474,  527,  479,   29,  324,  381,  253,  516,  716,  519,  660,  379,  765,  539,  550,  672,  276,  374,  544,  448,  551,  255,  238,   27,  496,  638,  218,  276,  670,  514,  504,  628,  637,  702,  291,  160,  393,  148,  314,  639,  569,  818,  331,  594,  482,  604,  210,  572,  413,  295,  660,  170,  154,  474,  211,  537,  346,  157,  572,  665,  373,  569,  448,  460,  533,  297,  265,  484,  503,  401,  498,  424,  421,  228,  558,  701,  674,  721,  399,  525,  470,  554,  382,  375,  540,  698],
        [  313,    0,  966,  760,  185,    0,  511,  387,  199,  574,  327,  534,  571,   91,  504,  230,  805,  125,  729,  878,  836,  731,  392,  505,  309,  381,  580,  528,  630,  464,  397,  310,  533,  644,  277,  297,  455,  756,  781,  450,  166,  877,  604,  185,  510,  352,  592,  932,  255,  223,  569,  411,  527,  675,  662,  160,  146,  475,  251,  332,  780,  454,  612,  552,  921,  611,  467,  813,  119,  221,  542,  335,  428,  427,  414,  162,  659,  583,  108,  399,  826,  603,  568,  605,  582,  748,  425,  131,  300,  325,  152,  623,  747,  961,  149,  682,  357,  633,  317,  677,  241,  167,  668,  318,   57,  466,  254,  353,  355,  270,  535,  833,  531,  486,  633,  375,  632,  473,  449,  590,  659,  310,  485,  600,  579,  320,  692,  675,  611,  758,  225,  388,  641,  371,  367,  523,  520,  774],
        [  526,    0,  455,  440,  367,  511,    0,  168,  381,  635,  556,  596,  163,  435,  331,  556,  539,  410,  219,  413,  423,  467,  269,  447,  642,  465,  120,  498,  304,  292,  309,  756,  465,  560,  255,  393,  325,  275,  310,  480,  383,  374,  303,  338,  561,  187,  147,  425,  259,  490,  497,  352,  286,  164,  405,  376,  655,  154,  348,  805,  437,  544,  610,  430,  412,  281,  598,  306,  539,  598,  440,  584,  675,  153,  366,  392,  168,  611,  578,  122,  317,  226,  277,  539,  609,  459,  511,  526,  518,  237,  570,  532,  314,  453,  655,  290,  629,  418,  505,  241,  666,  515,  500,  429,  458,  411,  295,  828,  334,  469,  526,  342,  496,  613,  331,  543,  222,  376,  244,  168,  155,  518,  433,  442,  529,  211,  193,  599,  653,  492,  734,  682,  184,  868,  384,  529,  473,  399],
        [  358,    0,  601,  414,  292,  387,  168,    0,  317,  485,  388,  444,  185,  301,  214,  393,  490,  314,  372,  492,  459,  412,  112,  308,  476,  470,  197,  550,  271,  165,  343,  599,  525,  636,  111,  374,  384,  443,  478,  325,  303,  535,  427,  203,  592,   37,  306,  556,  142,  435,  563,  198,  195,  315,  524,  289,  523,   91,  184,  652,  425,  385,  472,  505,  564,  248,  436,  439,  391,  437,  314,  417,  508,  217,  399,  312,  336,  466,  473,   62,  472,  224,  216,  412,  464,  417,  524,  437,  350,  225,  418,  412,  477,  585,  521,  304,  461,  334,  480,  291,  509,  358,  405,  415,  331,  267,  141,  675,  170,  433,  383,  508,  549,  452,  459,  376,  248,  433,  313,  204,  319,  350,  291,  532,  591,   69,  314,  480,  508,  440,  602,  514,  348,  722,  221,  571,  335,  407],
        [  437,    0,  822,  730,   32,  199,  381,  317,    0,  673,  459,  629,  489,  188,  502,  387,  800,   78,  588,  786,  770,  721,  379,  550,  479,  207,  479,  343,  588,  454,  199,  508,  342,  457,  232,  107,  256,  589,  609,  521,   40,  720,  410,  182,  344,  282,  425,  802,  184,  118,  380,  435,  502,  539,  464,   56,  332,  405,  285,  530,  742,  551,  692,  357,  773,  565,  581,  685,  298,  398,  576,  477,  579,  260,  217,   40,  503,  670,  216,  297,  679,  538,  531,  660,  669,  730,  260,  151,  423,  153,  335,  670,  566,  830,  340,  618,  510,  634,  178,  594,  434,  321,  690,  140,  175,  506,  242,  551,  377,  125,  604,  669,  346,  600,  438,  490,  556,  276,  258,  505,  512,  431,  529,  403,  394,  255,  574,  733,  706,  749,  405,  552,  473,  563,  414,  346,  572,  723],
        [  263,    0,  959,  464,  641,  574,  635,  485,  673,    0,  256,   44,  531,  510,  316,  362,  423,  614,  781,  725,  618,  390,  373,  193,  337,  876,  586,  993,  443,  345,  794,  506,  978, 1094,  479,  771,  846,  891,  929,  163,  637,  942,  911,  493, 1012,  491,  781,  885,  523,  764, 1017,  288,  374,  731, 1007,  618,  614,  484,  392,  576,  500,  123,   76,  969,  942,  448,  113,  793,  471,  401,  216,  260,  228,  698,  843,  641,  788,   40,  678,  546,  868,  499,  412,  152,   42,  424,  930,  698,  275,  670,  456,  179,  946,  910,  599,  525,  267,  320,  846,  579,  455,  411,  268,  809,  543,  224,  447,  590,  325,  793,  113,  938,  994,   98,  943,  200,  536,  890,  787,  546,  759,  265,  203, 1003, 1040,  492,  686,  171,   38,  402,  660,  285,  817,  672,  276, 1005,  168,  537],
        [   30,    0,  967,  583,  430,  327,  556,  388,  459,  256,    0,  221,  518,  278,  339,  107,  587,  390,  751,  790,  708,  527,  302,  264,  113,  666,  557,  799,  497,  331,  618,  284,  791,  908,  326,  565,  675,  831,  865,  183,  421,  916,  778,  296,  803,  374,  689,  908,  355,  534,  830,  246,  392,  695,  863,  403,  359,  434,  221,  354,  614,  150,  308,  794,  937,  488,  145,  798,  217,  148,  310,   30,  127,  563,  657,  423,  724,  273,  427,  440,  849,  515,  442,  331,  273,  555,  718,  455,   41,  502,  201,  355,  861,  936,  345,  573,   74,  430,  622,  603,  213,  160,  427,  599,  305,  248,  284,  373,  231,  570,  252,  894,  801,  162,  810,   62,  553,  711,  633,  537,  705,   38,  251,  834,  849,  359,  675,  390,  293,  549,  409,  127,  733,  447,  192,  804,  265,  631],
        [  225,    0,  931,  451,  597,  534,  596,  444,  629,   44,  221,    0,  498,  468,  283,  327,  421,  572,  748,  705,  601,  380,  332,  160,  310,  832,  552,  949,  418,  309,  751,  482,  934, 1051,  435,  727,  802,  855,  893,  120,  593,  910,  870,  449,  968,  448,  742,  859,  480,  722,  973,  247,  342,  697,  965,  575,  579,  446,  348,  553,  487,   80,   91,  926,  913,  420,   84,  765,  433,  368,  189,  229,  212,  655,  800,  598,  752,   53,  639,  505,  837,  469,  383,  144,   53,  414,  887,  657,  236,  626,  420,  172,  908,  885,  565,  500,  241,  302,  803,  551,  426,  373,  260,  766,  502,  187,  403,  568,  282,  750,   85,  904,  950,   74,  902,  163,  507,  846,  744,  514,  723,  226,  167,  960,  997,  449,  655,  182,   78,  395,  628,  266,  778,  649,  232,  962,  138,  520],
        [  490,    0,  450,  278,  467,  571,  163,  185,  489,  531,  518,  498,    0,  484,  216,  549,  376,  496,  250,  308,  282,  306,  218,  339,  620,  610,   59,  658,  143,  196,  461,  762,  625,  722,  294,  527,  484,  364,  403,  394,  480,  414,  461,  386,  716,  221,  291,  392,  324,  606,  659,  278,  158,  200,  563,  468,  705,   97,  350,  820,  276,  464,  492,  592,  423,  120,  520,  281,  566,  598,  320,  547,  622,  307,  519,  489,  269,  501,  657,  193,  341,   63,  129,  412,  499,  297,  660,  618,  485,  367,  589,  399,  433,  420,  701,  134,  590,  268,  638,  107,  673,  526,  353,  565,  515,  315,  320,  843,  289,  596,  418,  408,  656,  531,  488,  488,   68,  535,  403,   21,  234,  482,  332,  605,  690,  253,  161,  463,  543,  330,  783,  642,  311,  896,  327,  686,  363,  243],
        [  258,    0,  889,  670,  162,   91,  435,  301,  188,  510,  278,  468,  484,    0,  415,  199,  717,  114,  653,  791,  747,  642,  302,  423,  292,  392,  496,  531,  540,  374,  371,  342,  528,  644,  191,  294,  430,  690,  718,  374,  149,  806,  564,  100,  527,  267,  528,  851,  176,  257,  566,  324,  436,  598,  633,  134,  223,  387,  162,  379,  690,  388,  541,  539,  846,  521,  409,  733,  120,  213,  458,  293,  394,  370,  399,  149,  590,  514,  193,  318,  751,  514,  478,  527,  513,  659,  442,  191,  245,  277,  157,  543,  691,  880,  222,  592,  324,  545,  344,  590,  259,  134,  583,  325,   38,  383,  165,  402,  267,  293,  460,  766,  533,  428,  594,  317,  543,  457,  409,  503,  586,  254,  403,  584,  581,  235,  610,  598,  546,  669,  303,  364,  578,  435,  284,  533,  440,  684],
        [  316,    0,  654,  261,  472,  504,  331,  214,  502,  316,  339,  283,  216,  415,    0,  400,  304,  475,  466,  453,  370,  228,  124,  124,  450,  676,  271,  763,  158,   51,  556,  613,  739,  849,  271,  576,  597,  576,  614,  186,  477,  628,  626,  339,  803,  237,  477,  586,  320,  617,  776,  102,   61,  415,  726,  460,  611,  178,  254,  678,  286,  255,  281,  718,  633,  151,  311,  486,  455,  453,  110,  366,  425,  427,  612,  485,  475,  287,  607,  270,  555,  189,  106,  208,  285,  245,  731,  592,  316,  436,  467,  203,  636,  613,  603,  236,  406,  133,  676,  276,  529,  401,  193,  617,  452,  104,  267,  699,  151,  626,  204,  623,  763,  320,  656,  296,  229,  646,  525,  231,  444,  310,  117,  743,  804,  256,  373,  271,  329,  255,  683,  455,  508,  764,  157,  784,  149,  295],
        [  106,    0,  990,  656,  360,  230,  556,  393,  387,  362,  107,  327,  549,  199,  400,    0,  673,  312,  765,  840,  768,  607,  332,  349,   96,  590,  580,  730,  554,  380,  563,  215,  727,  843,  306,  493,  622,  829,  860,  274,  348,  927,  743,  248,  725,  370,  676,  939,  322,  446,  765,  300,  445,  707,  820,  332,  253,  457,  209,  279,  684,  253,  413,  736,  955,  542,  250,  825,  114,   53,  394,  108,  199,  534,  596,  348,  723,  379,  325,  435,  864,  558,  494,  429,  378,  633,  640,  360,   98,  457,   95,  452,  847,  968,  239,  624,  129,  508,  537,  644,  129,   67,  517,  523,  219,  324,  264,  300,  265,  488,  351,  898,  732,  268,  774,  165,  594,  653,  591,  569,  710,  108,  333,  779,  780,  347,  700,  491,  399,  631,  307,  166,  724,  365,  243,  731,  355,  695],
        [  573,    0,  649,  111,  771,  805,  539,  490,  800,  423,  587,  421,  376,  717,  304,  673,    0,  778,  559,  373,  251,   79,  425,  325,  697,  959,  428, 1025,  236,  349,  822,  871,  996, 1096,  569,  864,  853,  694,  732,  404,  777,  684,  836,  642, 1077,  522,  661,  564,  616,  916, 1030,  396,  298,  532,  938,  761,  904,  417,  556,  940,  135,  452,  349,  965,  654,  260,  493,  514,  746,  724,  280,  608,  627,  674,  880,  786,  621,  384,  909,  532,  612,  314,  277,  277,  382,   80, 1012,  895,  578,  713,  752,  249,  781,  582,  894,  266,  637,  173,  969,  335,  796,  688,  163,  905,  754,  351,  569,  959,  451,  920,  348,  709, 1024,  491,  862,  530,  327,  904,  774,  375,  581,  569,  340,  980, 1062,  546,  460,  259,  406,   51,  971,  674,  674, 1033,  444, 1052,  323,  191],
        [  369,    0,  861,  717,   60,  125,  410,  314,   78,  614,  390,  572,  496,  114,  475,  312,  778,    0,  625,  800,  772,  700,  353,  507,  404,  279,  494,  419,  579,  429,  273,  432,  419,  533,  213,  182,  331,  640,  663,  470,   42,  765,  479,  137,  414,  278,  475,  834,  173,  151,  456,  397,  484,  573,  538,   37,  266,  405,  237,  457,  733,  492,  639,  434,  814,  557,  518,  716,  221,  321,  537,  406,  507,  309,  294,   38,  547,  615,  169,  309,  719,  538,  519,  615,  614,  712,  329,  124,  356,  204,  258,  628,  626,  863,  272,  618,  438,  608,  233,  602,  357,  246,  657,  212,   98,  464,  209,  478,  338,  181,  554,  718,  422,  537,  508,  426,  561,  353,  325,  513,  551,  364,  486,  480,  470,  247,  599,  688,  649,  728,  342,  477,  524,  495,  368,  420,  527,  719],
        [  722,    0,  237,  449,  578,  729,  219,  372,  588,  781,  751,  748,  250,  653,  466,  765,  559,  625,    0,  283,  354,  505,  450,  589,  845,  629,  198,  618,  361,  444,  470,  970,  578,  643,  470,  580,  462,  137,  174,  643,  595,  166,  354,  556,  696,  398,  192,  218,  478,  689,  600,  522,  407,   58,  440,  590,  873,  318,  556, 1021,  429,  712,  740,  530,  194,  347,  768,  111,  756,  809,  568,  780,  863,  334,  518,  604,  107,  750,  793,  338,  100,  288,  373,  657,  748,  484,  666,  737,  716,  437,  786,  642,  232,  244,  874,  298,  824,  499,  687,  228,  880,  729,  584,  609,  676,  564,  509, 1044,  521,  660,  668,  160,  614,  780,  367,  728,  255,  506,  390,  235,   80,  714,  581,  522,  634,  425,  102,  702,  791,  523,  953,  877,  166, 1086,  566,  654,  613,  375],
        [  766,    0,  282,  278,  766,  878,  413,  492,  786,  725,  790,  705,  308,  791,  453,  840,  373,  800,  283,    0,  123,  355,  510,  557,  900,  874,  307,  886,  296,  462,  716, 1054,  848,  922,  602,  806,  721,  408,  438,  633,  781,  346,  633,  694,  959,  528,  460,  196,  630,  899,  874,  546,  399,  295,  722,  770, 1011,  404,  652, 1116,  244,  700,  664,  803,  298,  302,  754,  188,  869,  891,  519,  818,  875,  563,  770,  790,  384,  688,  963,  492,  286,  283,  349,  577,  686,  322,  918,  922,  764,  648,  890,  554,  508,  211, 1007,  218,  858,  406,  918,  202,  967,  825,  471,  841,  822,  553,  627, 1138,  575,  881,  621,  390,  883,  760,  649,  748,  250,  768,  642,  289,  347,  759,  559,  800,  907,  560,  228,  595,  722,  358, 1089,  907,  445, 1196,  602,  921,  572,  194],
        [  686,    0,  402,  160,  747,  836,  423,  459,  770,  618,  708,  601,  282,  747,  370,  768,  251,  772,  354,  123,    0,  237,  451,  460,  820,  885,  304,  917,  215,  390,  731,  982,  881,  966,  564,  806,  746,  489,  523,  540,  759,  450,  684,  654,  983,  495,  505,  315,  600,  887,  911,  470,  324,  347,  779,  746,  961,  368,  596, 1047,  124,  604,  552,  841,  411,  230,  656,  283,  811,  821,  419,  735,  783,  575,  788,  768,  441,  579,  929,  474,  383,  235,  276,  467,  577,  203,  933,  895,  686,  646,  828,  442,  585,  332,  955,  156,  772,  299,  918,  183,  897,  762,  356,  844,  781,  463,  582, 1068,  508,  876,  517,  486,  915,  660,  704,  661,  215,  796,  664,  267,  401,  680,  466,  845,  944,  526,  271,  479,  612,  238, 1037,  819,  501, 1131,  526,  949,  472,   81],
        [  511,    0,  621,   78,  693,  731,  467,  412,  721,  390,  527,  380,  306,  642,  228,  607,   79,  700,  505,  355,  237,    0,  347,  264,  639,  881,  359,  949,  163,  272,  746,  811,  920, 1022,  491,  786,  777,  639,  677,  346,  699,  641,  766,  566, 1000,  443,  594,  538,  538,  838,  955,  323,  220,  473,  868,  683,  833,  340,  481,  879,  114,  400,  321,  891,  619,  186,  446,  474,  676,  660,  218,  550,  578,  599,  803,  708,  560,  351,  834,  455,  567,  244,  200,  239,  349,   35,  934,  818,  514,  635,  683,  212,  722,  558,  824,  208,  581,  100,  891,  278,  733,  619,  123,  827,  679,  284,  492,  899,  377,  842,  301,  660,  948,  446,  793,  472,  262,  828,  699,  307,  520,  506,  277,  907,  986,  468,  405,  243,  380,   29,  902,  622,  610,  970,  373,  975,  267,  162],
        [  274,    0,  666,  369,  349,  392,  269,  112,  379,  373,  302,  332,  218,  302,  124,  332,  425,  353,  450,  510,  451,  347,    0,  198,  403,  556,  256,  649,  240,   76,  443,  547,  628,  741,  147,  454,  488,  538,  575,  214,  354,  616,  539,  219,  684,  124,  412,  609,  196,  493,  666,   86,  135,  394,  636,  337,  511,  133,  146,  607,  388,  277,  361,  611,  635,  222,  330,  498,  361,  383,  209,  332,  414,  328,  498,  362,  432,  354,  492,  173,  547,  227,  177,  305,  352,  361,  611,  472,  269,  320,  380,  308,  582,  638,  505,  299,  375,  256,  553,  313,  458,  315,  314,  496,  338,  155,  145,  629,   72,  502,  272,  597,  649,  345,  571,  279,  263,  536,  422,  238,  409,  266,  180,  640,  693,  136,  374,  375,  396,  375,  587,  428,  452,  686,  117,  668,  224,  384],
        [  249,    0,  773,  323,  518,  505,  447,  308,  550,  193,  264,  160,  339,  423,  124,  349,  325,  507,  589,  557,  460,  264,  198,    0,  375,  741,  394,  843,  264,  155,  638,  547,  823,  937,  329,  637,  685,  699,  737,   83,  519,  751,  733,  371,  873,  321,  593,  703,  378,  656,  862,  119,  183,  539,  831,  500,  588,  294,  270,  617,  356,  144,  165,  808,  754,  264,  198,  606,  430,  400,   46,  286,  323,  524,  691,  525,  597,  165,  612,  368,  678,  310,  224,  111,  163,  293,  796,  612,  253,  514,  431,  122,  756,  729,  577,  345,  319,  169,  727,  394,  472,  370,  169,  678,  460,   45,  309,  636,  173,  674,   81,  746,  843,  204,  764,  209,  348,  732,  619,  355,  567,  245,   21,  837,  888,  329,  496,  184,  208,  286,  651,  362,  627,  708,  140,  860,   27,  380],
        [  135,    0, 1067,  695,  453,  309,  642,  476,  479,  337,  113,  310,  620,  292,  450,   96,  697,  404,  845,  900,  820,  639,  403,  375,    0,  680,  656,  822,  608,  439,  658,  175,  820,  935,  396,  585,  717,  916,  949,  294,  440, 1009,  837,  343,  814,  456,  766, 1011,  415,  531,  858,  354,  502,  788,  915,  425,  295,  532,  295,  245,  726,  251,  401,  830, 1034,  598,  228,  899,  191,   89,  421,   90,  130,  627,  690,  440,  809,  363,  394,  522,  944,  622,  551,  435,  363,  667,  728,  438,  136,  552,  159,  461,  938, 1040,  278,  683,   71,  543,  623,  710,  119,  159,  536,  614,  308,  360,  353,  263,  332,  575,  357,  983,  824,  240,  869,  168,  660,  747,  686,  640,  794,  141,  364,  873,  872,  435,  775,  488,  374,  660,  328,   81,  813,  340,  299,  822,  375,  743],
        [  644,    0,  843,  876,  238,  381,  465,  470,  207,  876,  666,  832,  610,  392,  676,  590,  959,  279,  629,  874,  885,  881,  556,  741,  680,    0,  581,  150,  732,  626,  160,  686,  164,  266,  413,  105,  175,  583,  591,  721,  246,  723,  338,  384,  137,  441,  440,  844,  364,  168,  195,  623,  664,  592,  346,  263,  485,  545,  485,  695,  882,  755,  890,  202,  789,  707,  787,  737,  493,  596,  762,  683,  785,  313,  113,  244,  526,  871,  347,  428,  702,  667,  683,  852,  870,  884,   56,  274,  630,  247,  530,  859,  527,  870,  498,  743,  716,  803,   90,  703,  622,  524,  868,   68,  373,  696,  435,  714,  569,  115,  801,  661,  154,  806,  354,  697,  676,  150,  240,  621,  550,  638,  721,  251,  200,  421,  648,  924,  908,  909,  543,  755,  478,  707,  610,  143,  765,  852],
        [  529,    0,  412,  325,  460,  580,  120,  197,  479,  586,  557,  552,   59,  496,  271,  580,  428,  494,  198,  307,  304,  359,  256,  394,  656,  581,    0,  618,  198,  246,  428,  791,  584,  677,  305,  505,  445,  307,  345,  445,  474,  364,  409,  397,  681,  230,  235,  361,  328,  593,  616,  324,  214,  146,  510,  464,  718,  124,  375,  846,  319,  514,  549,  548,  380,  177,  570,  245,  586,  627,  376,  587,  666,  272,  485,  483,  211,  557,  660,  186,  293,  116,  188,  469,  555,  348,  630,  616,  523,  346,  612,  458,  375,  390,  716,  171,  630,  326,  617,  122,  701,  551,  411,  542,  524,  367,  337,  869,  327,  578,  474,  353,  616,  582,  435,  532,  104,  496,  364,   53,  176,  521,  385,  558,  649,  261,  120,  521,  599,  383,  798,  683,  254,  918,  370,  649,  419,  279],
        [  774,    0,  807,  933,  370,  528,  498,  550,  343,  993,  799,  949,  658,  531,  763,  730, 1025,  419,  618,  886,  917,  949,  649,  843,  822,  150,  618,    0,  792,  713,  207,  834,   42,  117,  517,  237,  174,  542,  539,  834,  382,  679,  277,  507,   87,  527,  429,  824,  470,  317,   49,  725,  740,  593,  243,  398,  635,  610,  603,  844,  933,  874, 1000,   96,  751,  767,  911,  728,  637,  739,  858,  818,  921,  352,  152,  382,  511,  984,  495,  498,  674,  719,  751,  952,  983,  947,  123,  423,  761,  330,  674,  956,  466,  846,  647,  788,  852,  881,  233,  737,  768,  664,  954,  210,  516,  799,  546,  863,  675,  264,  909,  613,    6,  930,  280,  824,  719,  123,  255,  665,  543,  768,  824,  132,   51,  514,  659, 1023, 1023,  976,  691,  894,  454,  855,  720,   39,  868,  897],
        [  474,    0,  516,  145,  562,  630,  304,  271,  588,  443,  497,  418,  143,  540,  158,  554,  236,  579,  361,  296,  215,  163,  240,  264,  608,  732,  198,  792,    0,  176,  590,  768,  761,  861,  367,  641,  619,  489,  528,  338,  571,  512,  604,  452,  846,  306,  432,  442,  408,  706,  796,  256,  110,  322,  705,  556,  750,  188,  385,  832,  155,  405,  391,  730,  503,   25,  460,  354,  598,  607,  229,  524,  580,  440,  649,  580,  403,  408,  727,  304,  437,   82,   63,  305,  406,  156,  784,  701,  473,  485,  614,  286,  567,  467,  744,   82,  563,  139,  750,  140,  683,  548,  223,  682,  575,  257,  378,  854,  294,  704,  333,  520,  790,  467,  630,  453,  107,  670,  539,  145,  364,  467,  265,  746,  827,  335,  260,  343,  447,  188,  825,  612,  450,  916,  312,  819,  281,  145],
        [  305,    0,  644,  296,  424,  464,  292,  165,  454,  345,  331,  309,  196,  374,   51,  380,  349,  429,  444,  462,  390,  272,   76,  155,  439,  626,  246,  713,  176,    0,  506,  594,  689,  800,  222,  526,  548,  547,  585,  200,  430,  608,  582,  294,  753,  187,  438,  580,  271,  569,  727,   86,   67,  391,  681,  413,  578,  139,  215,  658,  318,  269,  319,  669,  619,  162,  325,  475,  424,  432,  152,  359,  428,  379,  562,  438,  444,  319,  566,  222,  537,  185,  115,  251,  317,  286,  681,  547,  303,  386,  439,  249,  601,  608,  570,  245,  401,  181,  627,  273,  508,  373,  243,  567,  411,  123,  221,  679,  118,  576,  235,  598,  713,  337,  612,  295,  223,  597,  477,  214,  415,  298,  143,  695,  755,  205,  356,  317,  362,  300,  651,  452,  472,  741,  141,  734,  182,  319],
        [  591,    0,  689,  734,  214,  397,  309,  343,  199,  794,  618,  751,  461,  371,  556,  563,  822,  273,  470,  716,  731,  746,  443,  638,  658,  160,  428,  207,  590,  506,    0,  704,  185,  300,  316,  127,   60,  434,  446,  634,  232,  572,  217,  323,  256,  321,  283,  687,  272,  249,  224,  521,  534,  433,  266,  241,  530,  406,  409,  728,  736,  678,  797,  177,  635,  566,  719,  578,  488,  583,  652,  640,  743,  157,   59,  236,  369,  783,  406,  292,  547,  521,  546,  747,  782,  745,  203,  333,  579,  125,  526,  750,  390,  712,  538,  593,  678,  675,  221,  549,  626,  500,  747,  144,  367,  594,  349,  749,  473,  205,  707,  513,  207,  737,  242,  636,  525,   96,   83,  470,  391,  584,  619,  217,  250,  309,  489,  817,  823,  773,  600,  725,  324,  760,  520,  230,  664,  703],
        [  301,    0, 1200,  864,  490,  310,  756,  599,  508,  506,  284,  482,  762,  342,  613,  215,  871,  432,  970, 1054,  982,  811,  547,  547,  175,  686,  791,  834,  768,  594,  704,    0,  842,  951,  502,  606,  762, 1023, 1053,  467,  473, 1130,  905,  426,  808,  573,  865, 1151,  506,  521,  877,  513,  660,  913,  969,  463,  214,  669,  416,   71,  894,  426,  572,  862, 1163,  756,  399, 1035,  224,  165,  593,  264,  282,  710,  723,  469,  920,  533,  350,  635, 1070,  772,  709,  609,  534,  838,  726,  416,  298,  618,  189,  635, 1031, 1180,  198,  839,  242,  713,  613,  859,   91,  242,  710,  626,  338,  529,  462,   89,  480,  573,  531, 1096,  838,  410,  935,  342,  809,  783,  749,  783,  911,  306,  534,  909,  885,  546,  910,  662,  541,  833,  204,  224,  914,  167,  456,  827,  549,  907],
        [  766,    0,  765,  902,  367,  533,  465,  525,  342,  978,  791,  934,  625,  528,  739,  727,  996,  419,  578,  848,  881,  920,  628,  823,  820,  164,  584,   42,  761,  689,  185,  842,    0,  118,  500,  238,  144,  500,  498,  817,  381,  638,  236,  497,  129,  505,  389,  783,  455,  330,   40,  706,  714,  554,  204,  395,  646,  582,  590,  855,  901,  861,  982,   55,  709,  737,  899,  688,  639,  739,  836,  812,  915,  322,  136,  381,  471,  968,  509,  471,  633,  687,  722,  932,  966,  917,  151,  435,  753,  310,  676,  934,  424,  805,  658,  755,  848,  855,  252,  702,  772,  661,  929,  217,  516,  779,  532,  874,  657,  276,  891,  571,   38,  918,  238,  814,  686,   93,  223,  632,  504,  759,  804,   95,   67,  494,  621, 1002, 1007,  947,  706,  891,  413,  870,  704,   81,  849,  863],
        [  883,    0,  807,  999,  483,  644,  560,  636,  457, 1094,  908, 1051,  722,  644,  849,  843, 1096,  533,  643,  922,  966, 1022,  741,  937,  935,  266,  677,  117,  861,  800,  300,  951,  118,    0,  616,  351,  253,  546,  536,  933,  496,  677,  290,  615,  168,  617,  464,  835,  572,  433,   79,  820,  821,  628,  217,  511,  750,  687,  707,  960,  995,  978, 1097,  132,  751,  837, 1016,  751,  752,  853,  948,  929, 1032,  426,  253,  496,  539, 1083,  611,  580,  684,  785,  826, 1045, 1082, 1017,  234,  539,  870,  425,  789, 1046,  458,  855,  763,  848,  964,  961,  346,  792,  884,  777, 1037,  326,  630,  893,  648,  978,  772,  380, 1006,  609,  113, 1035,  279,  931,  780,  206,  326,  727,  575,  877,  918,  122,   67,  608,  700, 1114, 1123, 1048,  805, 1007,  478,  969,  820,  130,  963,  954],
        [  296,    0,  703,  505,  202,  277,  255,  111,  232,  479,  326,  435,  294,  191,  271,  306,  569,  213,  470,  602,  564,  491,  147,  329,  396,  413,  305,  517,  367,  222,  316,  502,  500,  616,    0,  310,  368,  524,  555,  318,  209,  628,  454,   93,  545,   76,  371,  663,   50,  347,  540,  211,  273,  414,  542,  193,  414,  199,  106,  551,  521,  364,  483,  492,  663,  345,  407,  544,  287,  345,  349,  352,  452,  238,  366,  217,  419,  468,  366,  133,  570,  329,  307,  439,  466,  502,  468,  335,  286,  192,  317,  446,  542,  692,  412,  409,  395,  402,  406,  401,  412,  262,  460,  351,  221,  284,   43,  574,  158,  355,  392,  595,  518,  425,  486,  330,  356,  412,  314,  314,  409,  289,  309,  526,  564,   46,  420,  511,  508,  519,  493,  446,  418,  617,  204,  533,  353,  507],
        [  541,    0,  805,  786,  135,  297,  393,  374,  107,  771,  565,  727,  527,  294,  576,  493,  864,  182,  580,  806,  806,  786,  454,  637,  585,  105,  505,  237,  641,  526,  127,  606,  238,  351,  310,    0,  174,  556,  570,  616,  146,  693,  342,  279,  242,  343,  399,  797,  260,  122,  274,  520,  567,  537,  379,  162,  418,  454,  380,  623,  794,  650,  785,  257,  753,  617,  683,  684,  402,  503,  659,  583,  685,  248,  122,  145,  483,  766,  286,  339,  662,  581,  589,  748,  765,  791,  160,  212,  528,  160,  439,  756,  516,  823,  428,  659,  617,  704,  113,  625,  535,  427,  767,   42,  280,  593,  330,  643,  465,   81,  696,  635,  240,  702,  365,  593,  594,  181,  206,  540,  500,  535,  617,  305,  288,  321,  584,  820,  803,  814,  483,  658,  443,  646,  505,  240,  661,  767],
        [  648,    0,  670,  760,  273,  455,  325,  384,  256,  846,  675,  802,  484,  430,  597,  622,  853,  331,  462,  721,  746,  777,  488,  685,  717,  175,  445,  174,  619,  548,   60,  762,  144,  253,  368,  174,    0,  409,  417,  684,  290,  549,  170,  380,  239,  365,  271,  675,  326,  294,  180,  568,  571,  431,  208,  300,  586,  439,  464,  786,  760,  731,  845,  124,  615,  594,  773,  572,  546,  642,  696,  698,  801,  179,   63,  294,  357,  833,  459,  329,  531,  546,  579,  792,  832,  774,  205,  385,  635,  177,  584,  794,  354,  700,  594,  615,  736,  712,  251,  565,  685,  559,  786,  181,  426,  641,  403,  806,  522,  246,  755,  487,  172,  791,  192,  691,  546,   52,   82,  491,  385,  641,  666,  160,  210,  357,  493,  862,  874,  804,  654,  783,  306,  815,  571,  204,  711,  723],
        [  801,    0,  266,  584,  586,  756,  275,  443,  589,  891,  831,  855,  364,  690,  576,  829,  694,  640,  137,  408,  489,  639,  538,  699,  916,  583,  307,  542,  489,  547,  434, 1023,  500,  546,  524,  556,  409,    0,   39,  744,  605,  140,  265,  599,  626,  460,  165,  290,  519,  674,  516,  617,  520,  168,  333,  604,  901,  411,  621, 1068,  565,  811,  855,  448,  210,  472,  866,  222,  802,  869,  683,  859,  949,  331,  470,  613,  108,  862,  803,  395,  139,  412,  492,  776,  860,  619,  612,  739,  793,  438,  836,  763,  100,  309,  904,  432,  903,  626,  654,  361,  934,  784,  711,  578,  707,  669,  566, 1091,  607,  637,  779,   80,  537,  879,  269,  816,  383,  443,  352,  353,  132,  793,  689,  430,  549,  482,  235,  826,  904,  657,  979,  957,  117, 1124,  655,  580,  724,  511],
        [  835,    0,  272,  622,  608,  781,  310,  478,  609,  929,  865,  893,  403,  718,  614,  860,  732,  663,  174,  438,  523,  677,  575,  737,  949,  591,  345,  539,  528,  585,  446, 1053,  498,  536,  555,  570,  417,   39,    0,  781,  627,  142,  263,  627,  625,  494,  190,  307,  548,  690,  510,  654,  559,  207,  320,  627,  926,  449,  654, 1096,  602,  848,  894,  444,  216,  511,  902,  250,  831,  900,  721,  894,  984,  354,  479,  635,  143,  900,  824,  427,  160,  450,  531,  814,  898,  656,  616,  759,  827,  460,  865,  802,   80,  323,  929,  470,  938,  664,  664,  399,  964,  815,  749,  589,  733,  707,  597, 1119,  642,  650,  817,   74,  535,  916,  262,  851,  421,  447,  365,  392,  171,  827,  727,  422,  543,  514,  273,  864,  943,  695, 1003,  991,  141, 1150,  691,  578,  762,  548],
        [  171,    0,  838,  405,  490,  450,  480,  325,  521,  163,  183,  120,  394,  374,  186,  274,  404,  470,  643,  633,  540,  346,  214,   83,  294,  721,  445,  834,  338,  200,  634,  467,  817,  933,  318,  616,  684,  744,  781,    0,  487,  807,  750,  340,  856,  329,  625,  771,  364,  620,  857,  129,  245,  590,  845,  469,  520,  333,  237,  537,  438,   70,  171,  808,  816,  335,  126,  670,  364,  324,  128,  205,  243,  536,  683,  493,  639,  151,  557,  386,  735,  374,  291,  158,  150,  375,  776,  565,  177,  509,  361,  179,  793,  798,  508,  418,  237,  251,  698,  461,  394,  303,  245,  655,  410,   82,  288,  556,  163,  645,   86,  797,  835,  137,  782,  127,  414,  729,  625,  412,  612,  168,   75,  841,  881,  329,  554,  226,  190,  367,  580,  280,  663,  629,  114,  848,   82,  460],
        [  398,    0,  831,  712,   20,  166,  383,  303,   40,  637,  421,  593,  480,  149,  477,  348,  777,   42,  595,  781,  759,  699,  354,  519,  440,  246,  474,  382,  571,  430,  232,  473,  381,  496,  209,  146,  290,  605,  627,  487,    0,  732,  439,  148,  383,  267,  440,  807,  163,  140,  418,  405,  481,  544,  497,   19,  305,  392,  251,  498,  726,  514,  657,  394,  783,  548,  543,  689,  260,  359,  546,  438,  540,  274,  254,   10,  515,  635,  199,  290,  688,  525,  513,  628,  634,  710,  298,  143,  385,  168,  298,  640,  588,  835,  311,  605,  471,  610,  211,  586,  397,  282,  663,  179,  138,  475,  214,  519,  347,  158,  570,  684,  385,  562,  467,  452,  546,  313,  285,  497,  521,  392,  498,  440,  433,  237,  574,  701,  670,  727,  380,  513,  489,  534,  381,  385,  541,  709],
        [  887,    0,  131,  576,  714,  877,  374,  535,  720,  942,  916,  910,  414,  806,  628,  927,  684,  765,  166,  346,  450,  641,  616,  751, 1009,  723,  364,  679,  512,  608,  572, 1130,  638,  677,  628,  693,  549,  140,  142,  807,  732,    0,  402,  710,  764,  558,  296,  179,  631,  809,  651,  687,  569,  222,  461,  730, 1022,  484,  718, 1179,  550,  877,  898,  584,   76,  501,  933,  170,  913,  971,  728,  945, 1029,  460,  610,  741,  219,  910,  931,  496,   76,  445,  531,  813,  908,  616,  751,  870,  881,  567,  944,  797,  220,  190, 1024,  440,  990,  650,  793,  373, 1040,  889,  732,  716,  826,  728,  668, 1201,  687,  774,  829,   69,  675,  944,  403,  894,  409,  583,  490,  397,  220,  879,  745,  563,  684,  584,  256,  854,  951,  655, 1101, 1043,  250, 1240,  732,  717,  775,  494],
        [  749,    0,  530,  733,  420,  604,  303,  427,  410,  911,  778,  870,  461,  564,  626,  743,  836,  479,  354,  633,  684,  766,  539,  733,  837,  338,  409,  277,  604,  582,  217,  905,  236,  290,  454,  342,  170,  265,  263,  750,  439,  402,    0,  495,  362,  423,  180,  550,  425,  463,  252,  624,  586,  341,  102,  445,  742,  450,  559,  935,  725,  807,  897,  183,  474,  581,  855,  462,  683,  770,  733,  804,  905,  218,  231,  444,  250,  892,  621,  366,  400,  523,  579,  832,  891,  756,  357,  549,  738,  288,  720,  828,  192,  572,  749,  577,  846,  720,  420,  516,  822,  685,  802,  351,  567,  693,  495,  956,  590,  416,  810,  336,  273,  872,   33,  783,  512,  190,  156,  462,  287,  742,  717,  169,  285,  427,  414,  896,  935,  791,  814,  896,  189,  972,  642,  315,  759,  680],
        [  270,    0,  791,  587,  150,  185,  338,  203,  182,  493,  296,  449,  386,  100,  339,  248,  642,  137,  556,  694,  654,  566,  219,  371,  343,  384,  397,  507,  452,  294,  323,  426,  497,  615,   93,  279,  380,  599,  627,  340,  148,  710,  495,    0,  520,  168,  439,  752,   80,  285,  537,  260,  353,  500,  573,  130,  322,  290,  104,  470,  604,  371,  510,  499,  749,  431,  405,  634,  204,  278,  400,  318,  421,  288,  363,  154,  496,  489,  277,  219,  654,  420,  390,  481,  488,  579,  438,  253,  257,  210,  238,  493,  606,  781,  321,  499,  357,  472,  358,  493,  338,  193,  520,  317,  129,  328,   75,  493,  202,  305,  423,  672,  509,  424,  526,  317,  447,  416,  344,  406,  490,  263,  351,  539,  556,  137,  511,  554,  525,  593,  402,  405,  488,  531,  233,  516,  393,  594],
