{
    "name": "random-35-28310",
    "comment": "size=35 seed=28310",
    "nodes": ["+0", "-0", "+1", "-1", "+2", "-2", "+3", "-3", "+4", "-4", "+5", "-5", "+6", "-6", "+7", "-7", "+8", "-8", "+9", "-9", "+10", "-10", "+11", "-11", "+12", "-12", "+13", "-13", "+14", "-14", "+15", "-15", "+16", "-16", "+17", "-17", "+18", "-18", "+19", "-19", "+20", "-20", "+21", "-21", "+22", "-22", "+23", "-23", "+24", "-24", "+25", "-25", "+26", "-26", "+27", "-27", "+28", "-28", "+29", "-29", "+30", "-30", "+31", "-31", "+32", "-32", "+33", "-33", "+34", "-34", "+35", "-35"],
    "precedence": {
        "+0": "-0",
        "+1": "-1",
        "+2": "-2",
        "+3": "-3",
        "+4": "-4",
        "+5": "-5",
        "+6": "-6",
        "+7": "-7",
        "+8": "-8",
        "+9": "-9",
        "+10": "-10",
        "+11": "-11",
        "+12": "-12",
        "+13": "-13",
        "+14": "-14",
        "+15": "-15",
        "+16": "-16",
        "+17": "-17",
        "+18": "-18",
        "+19": "-19",
        "+20": "-20",
        "+21": "-21",
        "+22": "-22",
        "+23": "-23",
        "+24": "-24",
        "+25": "-25",
        "+26": "-26",
        "+27": "-27",
        "+28": "-28",
        "+29": "-29",
        "+30": "-30",
        "+31": "-31",
        "+32": "-32",
        "+33": "-33",
        "+34": "-34",
        "+35": "-35"
    },
    "edges": [
        [    0,    0,  210,  417,  189,  472,  358,  269,  271,  717,  134,  339,  557,  634,  870,  338,  557,  752,  604,  195,  415,  381,  350,  505,  259,  114,  449,  197,  255,  564,   54,  469,  868,  610,  552,  577,  669,  193,   88,  592,  530,  343,  262,  608,  527,  641,  174,   71,  591,  198,  799,  762,  265,  531,  141,  209,  150,  239,  472,  609,  426,  625,  579,  381,  410,  719,  460,  377,  472,  760,  631,  354],
        [    0,    0,  210,  417,  189,  472,  358,  269,  271,  717,  134,  339,  557,  634,  870,  338,  557,  752,  604,  195,  415,  381,  350,  505,  259,  114,  449,  197,  255,  564,   54,  469,  868,  610,  552,  577,  669,  193,   88,  592,  530,  343,  262,  608,  527,  641,  174,   71,  591,  198,  799,  762,  265,  531,  141,  209,  150,  239,  472,  609,  426,  625,  579,  381,  410,  719,  460,  377,  472,  760,  631,  354],
        [  210,  210,    0,  251,  318,  552,  250,  194,  397,  725,  291,  490,  727,  765,  940,  528,  688,  675,  775,   26,  206,  457,  218,  487,  422,  267,  548,  407,   66,  763,  174,  427,  907,  781,  761,  777,  542,  402,  210,  479,  725,  250,  467,  580,  366,  802,  304,  245,  798,  403,  884,  772,  387,  383,  301,  411,  346,  181,  462,  787,  463,  601,  487,  422,  350,  606,  601,  177,  642,  715,  520,  178],
        [  417,  417,  251,    0,  422,  535,  121,  426,  471,  598,  528,  570,  807,  785,  867,  657,  716,  465,  853,  248,  220,  458,  406,  368,  531,  504,  554,  602,  185,  896,  402,  294,  801,  858,  929,  913,  300,  597,  448,  251,  850,  147,  676,  430,  116,  861,  414,  416,  955,  611,  834,  644,  459,  136,  538,  625,  566,  421,  358,  876,  416,  453,  279,  393,  223,  370,  652,  266,  728,  532,  290,   74],
        [  189,  189,  318,  422,    0,  285,  320,  444,   85,  547,  303,  172,  411,  455,  682,  235,  378,  633,  459,  294,  509,  197,  511,  361,  111,  290,  261,  240,  328,  475,  237,  348,  684,  464,  513,  491,  601,  237,  276,  517,  430,  295,  324,  463,  508,  484,   16,  119,  535,  272,  610,  589,   78,  498,  307,  295,  272,  416,  326,  474,  256,  476,  487,  214,  315,  633,  286,  493,  326,  617,  550,  383],
        [  472,  472,  552,  535,  285,    0,  416,  712,  211,  302,  586,  211,  339,  255,  399,  345,  196,  497,  376,  527,  701,   96,  766,  239,  270,  574,   52,  484,  534,  507,  517,  288,  404,  377,  613,  525,  565,  484,  559,  486,  456,  391,  560,  299,  568,  358,  299,  403,  606,  525,  334,  335,  212,  540,  589,  550,  544,  686,  218,  411,  124,  299,  432,  144,  326,  562,  181,  707,  294,  433,  502,  534],
        [  358,  358,  250,  121,  320,  416,    0,  443,  359,  504,  483,  456,  690,  665,  758,  552,  596,  426,  736,  235,  308,  338,  449,  266,  424,  460,  434,  524,  192,  789,  358,  195,  701,  740,  832,  805,  312,  520,  410,  238,  741,   27,  603,  344,  188,  742,  314,  338,  854,  540,  720,  551,  347,  181,  492,  557,  505,  430,  250,  760,  297,  367,  239,  273,  116,  367,  534,  335,  613,  469,  279,  130],
        [  269,  269,  194,  426,  444,  712,  443,    0,  528,  912,  252,  605,  824,  897, 1108,  602,  820,  867,  871,  212,  284,  617,   97,  677,  526,  238,  698,  426,  252,  815,  215,  619, 1087,  877,  777,  826,  724,  421,  200,  667,  786,  444,  454,  771,  538,  909,  428,  335,  825,  403, 1045,  959,  520,  561,  260,  399,  334,   31,  649,  874,  638,  792,  678,  595,  543,  792,  725,  218,  739,  908,  707,  354],
        [  271,  271,  397,  471,   85,  211,  359,  528,    0,  493,  377,  100,  341,  372,  604,  204,  294,  615,  389,  373,  581,  134,  595,  336,   82,  366,  181,  281,  400,  432,  320,  340,  614,  394,  493,  449,  611,  280,  357,  526,  384,  333,  361,  431,  544,  407,  101,  200,  506,  319,  529,  532,   13,  528,  380,  344,  334,  500,  301,  408,  212,  441,  488,  177,  326,  634,  204,  570,  259,  584,  556,  442],
        [  717,  717,  725,  598,  547,  302,  504,  912,  493,    0,  845,  512,  602,  448,  306,  646,  434,  295,  626,  704,  810,  359,  941,  241,  564,  829,  351,  773,  683,  791,  751,  310,  208,  626,  908,  807,  463,  772,  801,  418,  741,  491,  853,  172,  570,  585,  558,  655,  895,  811,  320,   48,  490,  531,  850,  835,  818,  891,  264,  667,  293,  150,  360,  338,  389,  420,  467,  839,  579,  185,  407,  633],
        [  134,  134,  291,  528,  303,  586,  483,  252,  377,  845,    0,  423,  609,  716,  980,  380,  642,  884,  653,  286,  480,  499,  348,  637,  341,   25,  556,  181,  350,  571,  127,  602,  987,  660,  526,  582,  795,  177,   82,  720,  548,  471,  202,  740,  642,  700,  290,  190,  574,  152,  902,  888,  374,  650,   10,  147,   84,  225,  604,  650,  552,  757,  710,  508,  542,  848,  543,  428,  529,  893,  760,  459],
        [  339,  339,  490,  570,  172,  211,  456,  605,  100,  512,  423,    0,  242,  296,  570,  136,  220,  675,  290,  466,  678,  176,  679,  397,   83,  418,  165,  288,  497,  342,  392,  415,  602,  295,  420,  359,  694,  289,  421,  610,  292,  430,  357,  483,  639,  312,  187,  271,  425,  331,  486,  546,  112,  622,  424,  355,  364,  576,  365,  308,  264,  489,  567,  242,  413,  711,  121,  664,  160,  630,  636,  541],
        [  557,  557,  727,  807,  411,  339,  690,  824,  341,  602,  609,  242,    0,  188,  527,  230,  170,  834,   49,  703,  919,  369,  905,  575,  306,  611,  294,  437,  737,  200,  611,  614,  610,   54,  340,  214,  896,  441,  629,  814,  158,  663,  473,  637,  868,   95,  425,  495,  310,  479,  432,  620,  353,  846,  607,  498,  534,  794,  550,   73,  447,  635,  764,  443,  631,  899,  165,  902,   86,  761,  834,  781],
        [  634,  634,  765,  785,  455,  255,  665,  897,  372,  448,  716,  296,  188,    0,  340,  362,   78,  711,  193,  740,  936,  329,  966,  485,  378,  712,  232,  564,  759,  387,  686,  541,  426,  190,  527,  400,  811,  566,  716,  736,  345,  640,  617,  521,  823,  140,  471,  564,  497,  608,  245,  457,  381,  795,  716,  630,  651,  869,  469,  235,  378,  514,  679,  394,  580,  798,  175,  933,  219,  622,  747,  777],
        [  870,  870,  940,  867,  682,  399,  758, 1108,  604,  306,  980,  570,  527,  340,    0,  675,  382,  595,  527,  916, 1064,  493, 1157,  501,  647,  969,  424,  857,  912,  725,  916,  575,  135,  523,  866,  738,  768,  858,  958,  718,  685,  739,  923,  466,  858,  465,  697,  800,  835,  900,   96,  277,  607,  821,  982,  925,  930, 1083,  510,  568,  478,  447,  658,  518,  646,  724,  468, 1081,  550,  478,  710,  887],
        [  338,  338,  528,  657,  235,  345,  552,  602,  204,  646,  380,  136,  230,  362,  675,    0,  298,  809,  274,  506,  729,  310,  687,  529,  128,  382,  296,  209,  551,  241,  391,  541,  722,  280,  290,  257,  815,  212,  404,  730,  198,  527,  256,  618,  740,  322,  244,  285,  304,  252,  585,  678,  215,  727,  378,  273,  305,  572,  497,  273,  398,  624,  691,  371,  529,  836,  207,  704,  153,  765,  759,  616],
        [  557,  557,  688,  716,  378,  196,  596,  820,  294,  434,  642,  220,  170,   78,  382,  298,    0,  677,  194,  663,  861,  259,  888,  433,  302,  637,  164,  494,  684,  365,  609,  484,  449,  194,  496,  381,  760,  496,  640,  682,  318,  570,  552,  482,  759,  164,  394,  487,  474,  538,  290,  451,  303,  733,  642,  561,  579,  791,  414,  234,  317,  478,  627,  327,  516,  754,  100,  857,  170,  597,  697,  704],
        [  752,  752,  675,  465,  633,  497,  426,  867,  615,  295,  884,  675,  834,  711,  595,  809,  677,    0,  868,  660,  681,  500,  865,  280,  696,  863,  546,  872,  615, 1001,  766,  287,  478,  869, 1095, 1019,  213,  869,  819,  217,  950,  428,  956,  199,  385,  839,  637,  709, 1096,  901,  615,  319,  606,  347,  892,  923,  886,  855,  314,  905,  412,  200,  190,  439,  343,  145,  677,  730,  789,  119,  183,  526],
        [  604,  604,  775,  853,  459,  376,  736,  871,  389,  626,  653,  290,   49,  193,  527,  274,  194,  868,    0,  751,  967,  412,  952,  613,  354,  656,  332,  479,  786,  201,  657,  655,  619,    8,  347,  213,  937,  482,  675,  856,  168,  710,  510,  671,  913,   68,  473,  542,  310,  519,  432,  641,  401,  891,  651,  538,  577,  841,  590,   42,  487,  668,  804,  486,  675,  937,  207,  951,  134,  790,  874,  829],
        [  195,  195,   26,  248,  294,  527,  235,  212,  373,  704,  286,  466,  703,  740,  916,  506,  663,  660,  751,    0,  225,  432,  242,  467,  399,  261,  523,  391,   65,  742,  164,  408,  884,  757,  744,  757,  533,  386,  204,  468,  704,  234,  454,  560,  363,  777,  280,  224,  780,  390,  859,  751,  362,  377,  295,  399,  335,  196,  440,  764,  439,  581,  473,  398,  331,  595,  576,  200,  618,  697,  509,  176],
        [  415,  415,  206,  220,  509,  701,  308,  284,  581,  810,  480,  678,  919,  936, 1064,  729,  861,  681,  967,  225,    0,  612,  225,  573,  618,  457,  708,  611,  182,  967,  375,  501, 1008,  972,  967,  981,  499,  606,  401,  465,  927,  325,  667,  645,  304,  988,  496,  449, 1004,  605, 1021,  856,  569,  338,  489,  611,  544,  294,  557,  982,  593,  667,  497,  560,  423,  575,  781,   68,  835,  752,  502,  178],
        [  381,  381,  457,  458,  197,   96,  338,  617,  134,  359,  499,  176,  369,  329,  493,  310,  259,  500,  412,  432,  612,    0,  670,  222,  209,  486,   97,  415,  441,  509,  424,  248,  488,  415,  595,  527,  530,  414,  468,  447,  458,  312,  495,  308,  504,  409,  210,  313,  598,  453,  429,  398,  132,  480,  503,  477,  464,  591,  191,  442,   89,  315,  400,   74,  264,  540,  205,  615,  305,  457,  470,  449],
        [  350,  350,  218,  406,  511,  766,  449,   97,  595,  941,  348,  679,  905,  966, 1157,  687,  888,  865,  952,  242,  225,  670,    0,  702,  602,  332,  757,  519,  260,  906,  296,  638, 1125,  958,  872,  917,  704,  514,  291,  656,  875,  456,  550,  790,  511,  987,  496,  411,  919,  497, 1099,  988,  586,  539,  356,  494,  429,  124,  678,  958,  680,  812,  676,  639,  559,  776,  796,  158,  820,  918,  696,  340],
        [  505,  505,  487,  368,  361,  239,  266,  677,  336,  241,  637,  397,  575,  485,  501,  529,  433,  280,  613,  467,  573,  222,  702,    0,  416,  618,  282,  600,  443,  729,  531,   74,  436,  615,  816,  747,  327,  598,  583,  252,  677,  251,  684,  104,  363,  596,  368,  452,  820,  633,  476,  288,  328,  328,  644,  655,  626,  658,   35,  648,  134,  121,  195,  159,  150,  324,  412,  600,  520,  258,  264,  395],
        [  259,  259,  422,  531,  111,  270,  424,  526,   82,  564,  341,   83,  306,  378,  647,  128,  302,  696,  354,  399,  618,  209,  602,  416,    0,  335,  230,  215,  437,  366,  312,  420,  671,  360,  415,  382,  689,  215,  339,  604,  320,  399,  291,  511,  612,  385,  123,  192,  432,  257,  566,  601,   91,  599,  342,  281,  284,  497,  382,  366,  291,  520,  568,  258,  402,  714,  204,  598,  220,  663,  635,  493],
        [  114,  114,  267,  504,  290,  574,  460,  238,  366,  829,   25,  418,  611,  712,  969,  382,  637,  863,  656,  261,  457,  486,  332,  618,  335,    0,  546,  190,  326,  581,  103,  582,  974,  662,  541,  592,  771,  186,   58,  697,  556,  447,  220,  721,  617,  701,  277,  174,  588,  166,  894,  872,  363,  626,   35,  163,   97,  209,  585,  654,  536,  738,  688,  492,  521,  825,  538,  406,  529,  873,  736,  435],
        [  449,  449,  548,  554,  261,   52,  434,  698,  181,  351,  556,  165,  294,  232,  424,  296,  164,  546,  332,  523,  708,   97,  757,  282,  230,  546,    0,  444,  535,  457,  497,  325,  441,  335,  562,  475,  605,  444,  536,  525,  406,  408,  518,  348,  596,  320,  276,  379,  556,  486,  350,  383,  185,  569,  559,  511,  509,  671,  258,  366,  156,  349,  472,  164,  353,  605,  132,  709,  244,  484,  543,  546],
        [  197,  197,  407,  602,  240,  484,  524,  426,  281,  773,  181,  288,  437,  564,  857,  209,  494,  872,  479,  391,  611,  415,  519,  600,  215,  190,  444,    0,  450,  391,  238,  586,  885,  486,  359,  402,  825,    6,  229,  743,  367,  504,   85,  701,  705,  530,  235,  187,  402,   44,  772,  811,  284,  703,  177,   68,  100,  396,  565,  472,  488,  714,  719,  448,  545,  865,  397,  571,  361,  856,  779,  543],
        [  255,  255,   66,  185,  328,  534,  192,  252,  400,  683,  350,  497,  737,  759,  912,  551,  684,  615,  786,   65,  182,  441,  260,  443,  437,  326,  535,  450,    0,  789,  228,  379,  871,  791,  799,  804,  477,  446,  269,  416,  749,  197,  516,  531,  301,  807,  315,  276,  832,  452,  861,  730,  389,  318,  360,  462,  398,  243,  421,  801,  435,  553,  427,  397,  300,  542,  602,  175,  653,  661,  457,  113],
        [  564,  564,  763,  896,  475,  507,  789,  815,  432,  791,  571,  342,  200,  387,  725,  241,  365, 1001,  201,  742,  967,  509,  906,  729,  366,  581,  457,  391,  789,    0,  614,  755,  809,  206,  148,   18, 1035,  396,  615,  951,   52,  763,  390,  804,  975,  267,  484,  518,  111,  422,  630,  812,  444,  960,  566,  433,  489,  785,  700,  164,  595,  806,  907,  580,  754, 1049,  328,  937,  214,  939,  976,  856],
        [   54,   54,  174,  402,  237,  517,  358,  215,  320,  751,  127,  392,  611,  686,  916,  391,  609,  766,  657,  164,  375,  424,  296,  531,  312,  103,  497,  238,  228,  614,    0,  489,  908,  664,  596,  627,  669,  233,   54,  596,  581,  347,  293,  633,  515,  695,  221,  122,  637,  230,  846,  796,  314,  524,  136,  237,  172,  185,  499,  662,  462,  651,  589,  417,  424,  724,  512,  333,  525,  782,  635,  334],
        [  469,  469,  427,  294,  348,  288,  195,  619,  340,  310,  602,  415,  614,  541,  575,  541,  484,  287,  655,  408,  501,  248,  638,   74,  420,  582,  325,  586,  379,  755,  489,    0,  509,  658,  831,  772,  283,  583,  542,  201,  704,  183,  670,  153,  292,  644,  351,  423,  839,  615,  548,  356,  330,  259,  610,  636,  600,  602,   74,  687,  169,  175,  153,  176,   80,  296,  450,  530,  552,  294,  222,  324],
        [  868,  868,  907,  801,  684,  404,  701, 1087,  614,  208,  987,  602,  610,  426,  135,  722,  449,  478,  619,  884, 1008,  488, 1125,  436,  671,  974,  441,  885,  871,  809,  908,  509,    0,  616,  944,  824,  665,  885,  954,  624,  764,  685,  958,  379,  777,  562,  698,  800,  919,  927,  204,  167,  615,  738,  991,  951,  947, 1064,  453,  660,  450,  357,  566,  494,  586,  614,  519, 1034,  616,  359,  611,  831],
        [  610,  610,  781,  858,  464,  377,  740,  877,  394,  626,  660,  295,   54,  190,  523,  280,  194,  869,    8,  757,  972,  415,  958,  615,  360,  662,  335,  486,  791,  206,  664,  658,  616,    0,  352,  218,  939,  489,  681,  858,  174,  714,  517,  672,  916,   62,  478,  548,  315,  526,  428,  640,  406,  894,  658,  545,  583,  847,  592,   45,  490,  669,  806,  489,  678,  938,  210,  956,  140,  790,  877,  833],
        [  552,  552,  761,  929,  513,  613,  832,  777,  493,  908,  526,  420,  340,  527,  866,  290,  496, 1095,  347,  744,  967,  595,  872,  816,  415,  541,  562,  359,  799,  148,  596,  831,  944,  352,    0,  140, 1104,  364,  585, 1019,  183,  808,  326,  901, 1020,  414,  519,  524,   60,  376,  771,  933,  504, 1010,  519,  380,  444,  749,  785,  311,  683,  905,  981,  660,  817, 1126,  441,  928,  332, 1044, 1048,  880],
        [  577,  577,  777,  913,  491,  525,  805,  826,  449,  807,  582,  359,  214,  400,  738,  257,  381, 1019,  213,  757,  981,  527,  917,  747,  382,  592,  475,  402,  804,   18,  627,  772,  824,  218,  140,    0, 1053,  407,  627,  968,   70,  780,  397,  821,  992,  279,  500,  533,   98,  431,  643,  828,  461,  977,  576,  442,  499,  796,  718,  175,  613,  823,  924,  597,  772, 1066,  345,  951,  232,  956,  994,  872],
        [  669,  669,  542,  300,  601,  565,  312,  724,  611,  463,  795,  694,  896,  811,  768,  815,  760,  213,  937,  533,  499,  530,  704,  327,  689,  771,  605,  825,  477, 1035,  669,  283,  665,  939, 1104, 1053,    0,  822,  720,   85,  984,  327,  907,  309,  196,  922,  599,  644, 1116,  846,  769,  499,  601,  165,  804,  865,  815,  718,  347,  969,  450,  325,  133,  457,  288,   78,  732,  556,  835,  320,   64,  371],
        [  193,  193,  402,  597,  237,  484,  520,  421,  280,  772,  177,  289,  441,  566,  858,  212,  496,  869,  482,  386,  606,  414,  514,  598,  215,  186,  444,    6,  446,  396,  233,  583,  885,  489,  364,  407,  822,    0,  224,  740,  371,  500,   88,  699,  701,  534,  233,  183,  407,   43,  774,  810,  283,  699,  173,   67,   96,  391,  563,  476,  487,  712,  716,  447,  542,  862,  398,  565,  364,  854,  776,  539],
        [   88,   88,  210,  448,  276,  559,  410,  200,  357,  801,   82,  421,  629,  716,  958,  404,  640,  819,  675,  204,  401,  468,  291,  583,  339,   58,  536,  229,  269,  615,   54,  542,  954,  681,  585,  627,  720,  224,    0,  647,  587,  399,  270,  685,  562,  716,  261,  158,  630,  211,  886,  845,  352,  572,   92,  213,  145,  170,  551,  677,  511,  703,  641,  466,  477,  776,  542,  352,  545,  835,  687,  379],
        [  592,  592,  479,  251,  517,  486,  238,  667,  526,  418,  720,  610,  814,  736,  718,  730,  682,  217,  856,  468,  465,  447,  656,  252,  604,  697,  525,  743,  416,  951,  596,  201,  624,  858, 1019,  968,   85,  740,  647,    0,  900,  250,  826,  252,  170,  843,  516,  564, 1031,  765,  710,  458,  516,  132,  729,  784,  737,  658,  268,  887,  369,  271,   61,  374,  203,  129,  650,  515,  752,  303,   42,  316],
        [  530,  530,  725,  850,  430,  456,  741,  786,  384,  741,  548,  292,  158,  345,  685,  198,  318,  950,  168,  704,  927,  458,  875,  677,  320,  556,  406,  367,  749,   52,  581,  704,  764,  174,  183,   70,  984,  371,  587,  900,    0,  715,  376,  752,  927,  235,  440,  481,  156,  401,  589,  763,  396,  911,  543,  415,  466,  756,  648,  138,  544,  754,  856,  529,  704,  997,  277,  900,  163,  888,  925,  812],
        [  343,  343,  250,  147,  295,  391,   27,  444,  333,  491,  471,  430,  663,  640,  739,  527,  570,  428,  710,  234,  325,  312,  456,  251,  399,  447,  408,  504,  197,  763,  347,  183,  685,  714,  808,  780,  327,  500,  399,  250,  715,    0,  584,  335,  213,  716,  290,  319,  829,  522,  699,  538,  320,  203,  479,  539,  489,  429,  233,  734,  274,  357,  244,  248,  104,  378,  507,  349,  587,  465,  290,  149],
        [  262,  262,  467,  676,  324,  560,  603,  454,  361,  853,  202,  357,  473,  617,  923,  256,  552,  956,  510,  454,  667,  495,  550,  684,  291,  220,  518,   85,  516,  390,  293,  670,  958,  517,  326,  397,  907,   88,  270,  826,  376,  584,    0,  785,  782,  567,  320,  266,  377,   65,  836,  891,  365,  782,  195,   57,  125,  426,  650,  497,  571,  797,  803,  532,  629,  948,  458,  621,  405,  939,  862,  614],
        [  608,  608,  580,  430,  463,  299,  344,  771,  431,  172,  740,  483,  637,  521,  466,  618,  482,  199,  671,  560,  645,  308,  790,  104,  511,  721,  348,  701,  531,  804,  633,  153,  379,  672,  901,  821,  309,  699,  685,  252,  752,  335,  785,    0,  399,  644,  470,  555,  900,  734,  461,  216,  424,  360,  747,  757,  728,  754,  138,  708,  221,   23,  192,  255,  232,  281,  479,  679,  591,  155,  248,  470],
        [  527,  527,  366,  116,  508,  568,  188,  538,  544,  570,  642,  639,  868,  823,  858,  740,  759,  385,  913,  363,  304,  504,  511,  363,  612,  617,  596,  705,  301,  975,  515,  292,  777,  916, 1020,  992,  196,  701,  562,  170,  927,  213,  782,  399,    0,  912,  502,  518, 1042,  718,  838,  613,  532,   40,  651,  733,  676,  535,  365,  939,  445,  420,  217,  433,  243,  271,  707,  361,  794,  471,  203,  189],
        [  641,  641,  802,  861,  484,  358,  742,  909,  407,  585,  700,  312,   95,  140,  465,  322,  164,  839,   68,  777,  988,  409,  987,  596,  385,  701,  320,  530,  807,  267,  695,  644,  562,   62,  414,  279,  922,  534,  716,  843,  235,  716,  567,  644,  912,    0,  499,  577,  376,  572,  370,  596,  419,  888,  699,  592,  626,  879,  576,  105,  476,  640,  790,  481,  671,  917,  210,  976,  172,  755,  859,  842],
        [  174,  174,  304,  414,   16,  299,  314,  428,  101,  558,  290,  187,  425,  471,  697,  244,  394,  637,  473,  280,  496,  210,  496,  368,  123,  277,  276,  235,  315,  484,  221,  351,  698,  478,  519,  500,  599,  233,  261,  516,  440,  290,  320,  470,  502,  499,    0,  104,  542,  266,  626,  600,   93,  493,  295,  288,  262,  400,  333,  487,  266,  484,  487,  223,  314,  634,  301,  478,  340,  624,  550,  372],
        [   71,   71,  245,  416,  119,  403,  338,  335,  200,  655,  190,  271,  495,  564,  800,  285,  487,  709,  542,  224,  449,  313,  411,  452,  192,  174,  379,  187,  276,  518,  122,  423,  800,  548,  524,  533,  644,  183,  158,  564,  481,  319,  266,  555,  518,  577,  104,    0,  557,  203,  728,  699,  195,  517,  195,  221,  177,  306,  418,  550,  363,  571,  545,  318,  371,  688,  391,  420,  409,  708,  601,  360],
        [  591,  591,  798,  955,  535,  606,  854,  825,  506,  895,  574,  425,  310,  497,  835,  304,  474, 1096,  310,  780, 1004,  598,  919,  820,  432,  588,  556,  402,  832,  111,  637,  839,  919,  315,   60,   98, 1116,  407,  630, 1031,  156,  829,  377,  900, 1042,  376,  542,  557,    0,  423,  740,  918,  518, 1030,  567,  429,  492,  796,  789,  272,  686,  903,  991,  666,  831, 1135,  430,  968,  317, 1039, 1059,  909],
        [  198,  198,  403,  611,  272,  525,  540,  403,  319,  811,  152,  331,  479,  608,  900,  252,  538,  901,  519,  390,  605,  453,  497,  633,  257,  166,  486,   44,  452,  422,  230,  615,  927,  526,  376,  431,  846,   43,  211,  765,  401,  522,   65,  734,  718,  572,  266,  203,  423,    0,  816,  850,  322,  719,  146,   25,   70,  374,  598,  511,  524,  748,  744,  484,  570,  889,  441,  561,  404,  889,  802,  550],
        [  799,  799,  884,  834,  610,  334,  720, 1045,  529,  320,  902,  486,  432,  245,   96,  585,  290,  615,  432,  859, 1021,  429, 1099,  476,  566,  894,  350,  772,  861,  630,  846,  548,  204,  428,  771,  643,  769,  774,  886,  710,  589,  699,  836,  461,  838,  370,  626,  728,  740,  816,    0,  304,  534,  803,  905,  840,  849, 1019,  478,  473,  429,  445,  650,  465,  612,  734,  379, 1034,  456,  503,  708,  847],
        [  762,  762,  772,  644,  589,  335,  551,  959,  532,   48,  888,  546,  620,  457,  277,  678,  451,  319,  641,  751,  856,  398,  988,  288,  601,  872,  383,  811,  730,  812,  796,  356,  167,  640,  933,  828,  499,  810,  845,  458,  763,  538,  891,  216,  613,  596,  600,  699,  918,  850,  304,    0,  529,  574,  893,  875,  860,  938,  311,  682,  336,  194,  400,  381,  436,  450,  492,  886,  603,  203,  445,  679],
        [  265,  265,  387,  459,   78,  212,  347,  520,   13,  490,  374,  112,  353,  381,  607,  215,  303,  606,  401,  362,  569,  132,  586,  328,   91,  363,  185,  284,  389,  444,  314,  330,  615,  406,  504,  461,  601,  283,  352,  516,  396,  320,  365,  424,  532,  419,   93,  195,  518,  322,  534,  529,    0,  516,  377,  346,  334,  492,  294,  420,  206,  435,  478,  170,  314,  624,  215,  559,  271,  578,  545,  429],
        [  531,  531,  383,  136,  498,  540,  181,  561,  528,  531,  650,  622,  846,  795,  821,  727,  733,  347,  891,  377,  338,  480,  539,  328,  599,  626,  569,  703,  318,  960,  524,  259,  738,  894, 1010,  977,  165,  699,  572,  132,  911,  203,  782,  360,   40,  888,  493,  517, 1030,  719,  803,  574,  516,    0,  660,  735,  680,  556,  332,  918,  417,  382,  177,  407,  217,  238,  684,  392,  775,  432,  166,  208],
        [  141,  141,  301,  538,  307,  589,  492,  260,  380,  850,   10,  424,  607,  716,  982,  378,  642,  892,  651,  295,  489,  503,  356,  644,  342,   35,  559,  177,  360,  566,  136,  610,  991,  658,  519,  576,  804,  173,   92,  729,  543,  479,  195,  747,  651,  699,  295,  195,  567,  146,  905,  893,  377,  660,    0,  140,   78,  232,  610,  647,  558,  764,  719,  513,  550,  857,  543,  437,  527,  900,  768,  469],
        [  209,  209,  411,  625,  295,  550,  557,  399,  344,  835,  147,  355,  498,  630,  925,  273,  561,  923,  538,  399,  611,  477,  494,  655,  281,  163,  511,   68,  462,  433,  237,  636,  951,  545,  380,  442,  865,   67,  213,  784,  415,  539,   57,  757,  733,  592,  288,  221,  429,   25,  840,  875,  346,  735,  140,    0,   68,  371,  621,  529,  548,  771,  764,  507,  590,  908,  464,  564,  424,  912,  821,  562],
        [  150,  150,  346,  566,  272,  544,  505,  334,  334,  818,   84,  364,  534,  651,  930,  305,  579,  886,  577,  335,  544,  464,  429,  626,  284,   97,  509,  100,  398,  489,  172,  600,  947,  583,  444,  499,  815,   96,  145,  737,  466,  489,  125,  728,  676,  626,  262,  177,  492,   70,  849,  860,  334,  680,   78,   68,    0,  305,  591,  571,  527,  743,  720,  484,  548,  862,  480,  497,  456,  883,  775,  501],
        [  239,  239,  181,  421,  416,  686,  430,   31,  500,  891,  225,  576,  794,  869, 1083,  572,  791,  855,  841,  196,  294,  591,  124,  658,  497,  209,  671,  396,  243,  785,  185,  602, 1064,  847,  749,  796,  718,  391,  170,  658,  756,  429,  426,  754,  535,  879,  400,  306,  796,  374, 1019,  938,  492,  556,  232,  371,  305,    0,  630,  844,  615,  774,  667,  571,  526,  784,  696,  230,  710,  893,  699,  348],
        [  472,  472,  462,  358,  326,  218,  250,  649,  301,  264,  604,  365,  550,  469,  510,  497,  414,  314,  590,  440,  557,  191,  678,   35,  382,  585,  258,  565,  421,  700,  499,   74,  453,  592,  785,  718,  347,  563,  551,  268,  648,  233,  650,  138,  365,  576,  333,  418,  789,  598,  478,  311,  294,  332,  610,  621,  591,  630,    0,  623,  105,  154,  215,  126,  137,  350,  387,  581,  493,  292,  285,  380],
        [  609,  609,  787,  876,  474,  411,  760,  874,  408,  667,  650,  308,   73,  235,  568,  273,  234,  905,   42,  764,  982,  442,  958,  648,  366,  654,  366,  472,  801,  164,  662,  687,  660,   45,  311,  175,  969,  476,  677,  887,  138,  734,  497,  708,  939,  105,  487,  550,  272,  511,  473,  682,  420,  918,  647,  529,  571,  844,  623,    0,  520,  706,  837,  516,  703,  971,  238,  963,  149,  829,  907,  849],
        [  426,  426,  463,  416,  256,  124,  297,  638,  212,  293,  552,  264,  447,  378,  478,  398,  317,  412,  487,  439,  593,   89,  680,  134,  291,  536,  156,  488,  435,  595,  462,  169,  450,  490,  683,  613,  450,  487,  511,  369,  544,  274,  571,  221,  445,  476,  266,  363,  686,  524,  429,  336,  206,  417,  558,  548,  527,  615,  105,  520,    0,  230,  318,   45,  203,  455,  283,  605,  388,  373,  388,  420],
        [  625,  625,  601,  453,  476,  299,  367,  792,  441,  150,  757,  489,  635,  514,  447,  624,  478,  200,  668,  581,  667,  315,  812,  121,  520,  738,  349,  714,  553,  806,  651,  175,  357,  669,  905,  823,  325,  712,  703,  271,  754,  357,  797,   23,  420,  640,  484,  571,  903,  748,  445,  194,  435,  382,  764,  771,  743,  774,  154,  706,  230,    0,  212,  266,  254,  293,  480,  701,  593,  143,  265,  492],
        [  579,  579,  487,  279,  487,  432,  239,  678,  488,  360,  710,  567,  764,  679,  658,  691,  627,  190,  804,  473,  497,  400,  676,  195,  568,  688,  472,  719,  427,  907,  589,  153,  566,  806,  981,  924,  133,  716,  641,   61,  856,  244,  803,  192,  217,  790,  487,  545,  991,  744,  650,  400,  478,  177,  719,  764,  720,  667,  215,  837,  318,  212,    0,  328,  174,  148,  600,  543,  704,  257,   71,  337],
        [  381,  381,  422,  393,  214,  144,  273,  595,  177,  338,  508,  242,  443,  394,  518,  371,  327,  439,  486,  398,  560,   74,  639,  159,  258,  492,  164,  448,  397,  580,  417,  176,  494,  489,  660,  597,  457,  447,  466,  374,  529,  248,  532,  255,  433,  481,  223,  318,  666,  484,  465,  381,  170,  407,  513,  507,  484,  571,  126,  516,   45,  266,  328,    0,  191,  470,  279,  569,  378,  409,  397,  391],
        [  410,  410,  350,  223,  315,  326,  116,  543,  326,  389,  542,  413,  631,  580,  646,  529,  516,  343,  675,  331,  423,  264,  559,  150,  402,  521,  353,  545,  300,  754,  424,   80,  586,  678,  817,  772,  288,  542,  477,  203,  704,  104,  629,  232,  243,  671,  314,  371,  831,  570,  612,  436,  314,  217,  550,  590,  548,  526,  137,  703,  203,  254,  174,  191,    0,  320,  468,  451,  562,  367,  236,  246],
        [  719,  719,  606,  370,  633,  562,  367,  792,  634,  420,  848,  711,  899,  798,  724,  836,  754,  145,  937,  595,  575,  540,  776,  324,  714,  825,  605,  865,  542, 1049,  724,  296,  614,  938, 1126, 1066,   78,  862,  776,  129,  997,  378,  948,  281,  271,  917,  634,  688, 1135,  889,  734,  450,  624,  238,  857,  908,  862,  784,  350,  971,  455,  293,  148,  470,  320,    0,  736,  630,  843,  260,   89,  439],
        [  460,  460,  601,  652,  286,  181,  534,  725,  204,  467,  543,  121,  165,  175,  468,  207,  100,  677,  207,  576,  781,  205,  796,  412,  204,  538,  132,  397,  602,  328,  512,  450,  519,  210,  441,  345,  732,  398,  542,  650,  277,  507,  458,  479,  707,  210,  301,  391,  430,  441,  379,  492,  215,  684,  543,  464,  480,  696,  387,  238,  283,  480,  600,  279,  468,  736,    0,  773,  114,  612,  670,  633],
        [  377,  377,  177,  266,  493,  707,  335,  218,  570,  839,  428,  664,  902,  933, 1081,  704,  857,  730,  951,  200,   68,  615,  158,  600,  598,  406,  709,  571,  175,  937,  333,  530, 1034,  956,  928,  951,  556,  565,  352,  515,  900,  349,  621,  679,  361,  976,  478,  420,  968,  561, 1034,  886,  559,  392,  437,  564,  497,  230,  581,  963,  605,  701,  543,  569,  451,  630,  773,    0,  817,  794,  554,  210],
        [  472,  472,  642,  728,  326,  294,  613,  739,  259,  579,  529,  160,   86,  219,  550,  153,  170,  789,  134,  618,  835,  305,  820,  520,  220,  529,  244,  361,  653,  214,  525,  552,  616,  140,  332,  232,  835,  364,  545,  752,  163,  587,  405,  591,  794,  172,  340,  409,  317,  404,  456,  603,  271,  775,  527,  424,  456,  710,  493,  149,  388,  593,  704,  378,  562,  843,  114,  817,    0,  725,  774,  700],
        [  760,  760,  715,  532,  617,  433,  469,  908,  584,  185,  893,  630,  761,  622,  478,  765,  597,  119,  790,  697,  752,  457,  918,  258,  663,  873,  484,  856,  661,  939,  782,  294,  359,  790, 1044,  956,  320,  854,  835,  303,  888,  465,  939,  155,  471,  755,  624,  708, 1039,  889,  503,  203,  578,  432,  900,  912,  883,  893,  292,  829,  373,  143,  257,  409,  367,  260,  612,  794,  725,    0,  277,  585],
        [  631,  631,  520,  290,  550,  502,  279,  707,  556,  407,  760,  636,  834,  747,  710,  759,  697,  183,  874,  509,  502,  470,  696,  264,  635,  736,  543,  779,  457,  976,  635,  222,  611,  877, 1048,  994,   64,  776,  687,   42,  925,  290,  862,  248,  203,  859,  550,  601, 1059,  802,  708,  445,  545,  166,  768,  821,  775,  699,  285,  907,  388,  265,   71,  397,  236,   89,  670,  554,  774,  277,    0,  357],
        [  354,  354,  178,   74,  383,  534,  130,  354,  442,  633,  459,  541,  781,  777,  887,  616,  704,  526,  829,  176,  178,  449,  340,  395,  493,  435,  546,  543,  113,  856,  334,  324,  831,  833,  880,  872,  371,  539,  379,  316,  812,  149,  614,  470,  189,  842,  372,  360,  909,  550,  847,  679,  429,  208,  469,  562,  501,  348,  380,  849,  420,  492,  337,  391,  246,  439,  633,  210,  700,  585,  357,    0]
    ]
}
