{
    "name": "random-55-25904",
    "comment": "size=55 seed=25904",
    "nodes": ["+0", "-0", "+1", "-1", "+2", "-2", "+3", "-3", "+4", "-4", "+5", "-5", "+6", "-6", "+7", "-7", "+8", "-8", "+9", "-9", "+10", "-10", "+11", "-11", "+12", "-12", "+13", "-13", "+14", "-14", "+15", "-15", "+16", "-16", "+17", "-17", "+18", "-18", "+19", "-19", "+20", "-20", "+21", "-21", "+22", "-22", "+23", "-23", "+24", "-24", "+25", "-25", "+26", "-26", "+27", "-27", "+28", "-28", "+29", "-29", "+30", "-30", "+31", "-31", "+32", "-32", "+33", "-33", "+34", "-34", "+35", "-35", "+36", "-36", "+37", "-37", "+38", "-38", "+39", "-39", "+40", "-40", "+41", "-41", "+42", "-42", "+43", "-43", "+44", "-44", "+45", "-45", "+46", "-46", "+47", "-47", "+48", "-48", "+49", "-49", "+50", "-50", "+51", "-51", "+52", "-52", "+53", "-53", "+54", "-54", "+55", "-55"],
    "precedence": {
        "+0": "-0",
        "+1": "-1",
        "+2": "-2",
        "+3": "-3",
        "+4": "-4",
        "+5": "-5",
        "+6": "-6",
        "+7": "-7",
        "+8": "-8",
        "+9": "-9",
        "+10": "-10",
        "+11": "-11",
        "+12": "-12",
        "+13": "-13",
        "+14": "-14",
        "+15": "-15",
        "+16": "-16",
        "+17": "-17",
        "+18": "-18",
        "+19": "-19",
        "+20": "-20",
        "+21": "-21",
        "+22": "-22",
        "+23": "-23",
        "+24": "-24",
        "+25": "-25",
        "+26": "-26",
        "+27": "-27",
        "+28": "-28",
        "+29": "-29",
        "+30": "-30",
        "+31": "-31",
        "+32": "-32",
        "+33": "-33",
        "+34": "-34",
        "+35": "-35",
        "+36": "-36",
        "+37": "-37",
        "+38": "-38",
        "+39": "-39",
        "+40": "-40",
        "+41": "-41",
        "+42": "-42",
        "+43": "-43",
        "+44": "-44",
        "+45": "-45",
        "+46": "-46",
        "+47": "-47",
        "+48": "-48",
        "+49": "-49",
        "+50": "-50",
        "+51": "-51",
        "+52": "-52",
        "+53": "-53",
        "+54": "-54",
        "+55": "-55"
    },
    "edges": [
        [    0,    0,  409,  586,  253,  352,  456,  607,  505,  709,  300,  280,  267,  187,  394,  239,  563,  490,  402,  288,  519,  735,  152,  199,  850,  208,  772,  482,  632,  451,  501,  243,  199,  466,  286,  654,  153,  300,  432,  293,  630,  253,  201,  561,  375,  474,  559,  621,  546,  315,  674,  769,  398,  824,  641,  803,  287,  759,  820,  385,  844,  617,  255,  263,  756,  770,  497,  491,  456,  538,  542,  230,  404,  642,  540,  248,  458,  316,  676,  858,   82,  501,  147,  461,  348,  498,  703,   46,  429,  549,  452,  243,  852,  699,  595,  395,  325,  580,  275,  716,  373,  750,  627,  496,  314,  162,  289,  626,  631,  552,  649,  503],
        [    0,    0,    0,    0,    0,    0,    0,    0,    0,    0,    0,    0,    0,    0,    0,    0,    0,    0,    0,    0,    0,    0,    0,    0,    0,    0,    0,    0,    0,    0,    0,    0,    0,    0,    0,    0,    0,    0,    0,    0,    0,    0,    0,    0,    0,    0,    0,    0,    0,    0,    0,    0,    0,    0,    0,    0,    0,    0,    0,    0,    0,    0,    0,    0,    0,    0,    0,    0,    0,    0,    0,    0,    0,    0,    0,    0,    0,    0,    0,    0,    0,    0,    0,    0,    0,    0,    0,    0,    0,    0,    0,    0,    0,    0,    0,    0,    0,    0,    0,    0,    0,    0,    0,    0,    0,    0,    0,    0,    0,    0,    0,    0],
        [  409,    0,    0,  811,  661,  475,  155,  860,  627,  475,  171,  260,  572,  224,  601,  386,  691,  833,  630,  205,  121,  567,  554,  476, 1107,  603,  664,  828,  779,  859,  838,  241,  606,  765,  168,  894,  424,  708,  421,  450,  624,  614,  580,  918,  538,  151,  923,  937,  415,  466,  978,  768,  108,  696,  840,  736,  300,  926,  674,  138,  690,  478,  652,  190,  687,  622,  740,  410,  800,  769,  523,  424,   28,  487,  493,  642,   68,  363,  910,  742,  336,  681,  499,  564,  538,  789,  912,  380,  133,  383,  166,  565, 1093,  830,  548,  291,  301,  608,  227, 1005,  571,  555,  758,  879,  450,  263,  232,  942,  357,  370,  761,  810],
        [  586,    0,  811,    0,  558,  338,  937,   71,  222,  731,  641,  835,  323,  683,  213,  824,  189,  274,  192,  607,  858,  652,  613,  771,  297,  471,  586,  282,  150,  648,  260,  788,  531,  176,  646,   84,  450,  590,  437,  364,  395,  737,  436,  337,  274,  945,  363,  232,  559,  346,  231,  428,  870,  638,   69,  540,  855,  192,  663,  876,  687,  576,  468,  628,  522,  640,   91,  502,  279,   49,  416,  815,  788,  603,  453,  664,  878,  451,   99,  639,  644,  138,  445,  276,  277,  149,  117,  628,  907,  600,  940,  351,  283,  198,  452,  555,  890,  344,  586,  228,  243,  696,  176,  421,  362,  602,  580,  237,  752,  620,  212,  183],
        [  253,    0,  661,  558,    0,  473,  700,  548,  575,  914,  541,  503,  278,  439,  436,  411,  615,  352,  423,  523,  770,  914,  125,  305,  756,  105,  924,  342,  657,  201,  368,  477,   61,  391,  530,  599,  303,   54,  596,  421,  749,  199,  151,  390,  460,  719,  378,  495,  734,  436,  554,  867,  645,  979,  625,  932,  496,  749,  984,  629, 1010,  797,   90,  506,  891,  939,  473,  670,  323,  514,  684,  379,  655,  826,  696,  113,  709,  495,  623, 1005,  329,  531,  216,  556,  425,  424,  668,  286,  675,  748,  694,  251,  772,  724,  741,  604,  533,  690,  506,  605,  432,  938,  664,  292,  445,  407,  516,  497,  854,  756,  695,  408],
        [  352,    0,  475,  338,  473,    0,  607,  392,  167,  478,  306,  536,  214,  377,  137,  563,  232,  430,  171,  272,  522,  450,  454,  550,  635,  370,  451,  429,  315,  648,  429,  488,  419,  331,  313,  421,  202,  525,  140,   60,  284,  582,  324,  522,   66,  613,  536,  496,  288,   39,  526,  419,  540,  506,  366,  464,  564,  460,  512,  550,  538,  339,  403,  298,  420,  469,  275,  221,  405,  298,  211,  568,  452,  369,  225,  540,  542,  114,  436,  532,  376,  207,  266,  113,   82,  344,  438,  379,  578,  317,  612,  233,  619,  375,  268,  226,  596,  230,  252,  545,  108,  480,  301,  533,   39,  296,  245,  501,  458,  332,  314,  375],
        [  456,    0,  155,  937,  700,  607,    0,  980,  766,  619,  304,  214,  669,  279,  724,  345,  830,  924,  749,  337,  226,  718,  581,  457, 1229,  663,  817,  918,  918,  888,  932,  226,  651,  871,  295, 1017,  516,  741,  569,  573,  777,  609,  649, 1004,  666,   23, 1005, 1040,  569,  592, 1086,  921,   68,  848,  971,  891,  242, 1064,  825,   72,  840,  632,  710,  310,  842,  774,  860,  563,  890,  892,  674,  387,  183,  640,  646,  656,  108,  498, 1035,  894,  375,  812,  576,  704,  661,  897, 1042,  417,   30,  537,   16,  656, 1219,  972,  702,  441,  223,  758,  356, 1117,  694,  703,  899,  950,  578,  348,  365, 1045,  497,  523,  904,  914],
        [  607,    0,  860,   71,  548,  392,  980,    0,  290,  800,  690,  866,  341,  719,  259,  845,  259,  232,  231,  656,  913,  723,  616,  783,  250,  470,  656,  242,  216,  617,  216,  820,  528,  158,  694,   52,  480,  575,  500,  411,  465,  735,  440,  282,  326,  989,  309,  166,  626,  395,  160,  495,  913,  708,  118,  608,  883,  222,  733,  917,  757,  645,  460,  674,  591,  711,  121,  568,  245,   95,  484,  833,  838,  673,  521,  658,  927,  504,   76,  708,  670,  202,  462,  340,  323,  125,  126,  650,  950,  666,  983,  366,  246,  256,  522,  614,  920,  414,  634,  160,  290,  766,  244,  377,  411,  640,  630,  170,  818,  686,  279,  147],
        [  505,    0,  627,  222,  575,  167,  766,  290,    0,  511,  463,  703,  298,  544,  141,  726,   65,  417,  162,  430,  657,  441,  584,  703,  507,  472,  395,  421,  152,  722,  409,  655,  529,  302,  472,  303,  353,  621,  223,  219,  199,  715,  427,  502,  131,  770,  523,  434,  337,  196,  446,  293,  701,  451,  225,  374,  731,  300,  469,  713,  494,  357,  492,  459,  342,  438,  202,  282,  404,  202,  196,  728,  602,  385,  232,  661,  694,  269,  311,  463,  538,   92,  393,   64,  160,  298,  296,  537,  737,  379,  772,  326,  484,  209,  237,  350,  763,  139,  411,  449,  145,  482,  135,  550,  204,  463,  402,  439,  530,  399,  148,  337],
        [  709,    0,  475,  731,  914,  478,  619,  800,  511,    0,  435,  710,  687,  595,  596,  813,  546,  901,  631,  432,  401,  130,  854,  865,  998,  819,  256,  901,  618, 1106,  897,  676,  854,  793,  453,  808,  611,  968,  338,  511,  359,  961,  777,  992,  528,  607, 1008,  942,  190,  505,  956,  442,  582,  260,  719,  350,  751,  744,  227,  612,  235,  155,  860,  468,  315,  186,  708,  258,  879,  712,  316,  840,  451,  129,  281,  950,  512,  422,  812,  307,  677,  602,  700,  469,  556,  798,  783,  708,  603,  167,  633,  700,  966,  633,  284,  315,  762,  394,  439,  958,  574,   94,  588, 1010,  491,  561,  424,  947,  124,  159,  567,  834],
        [  300,    0,  171,  641,  541,  306,  304,  690,  463,  435,    0,  293,  411,  160,  431,  380,  527,  671,  460,   34,  244,  493,  452,  432,  937,  467,  566,  666,  615,  742,  675,  251,  482,  598,   18,  724,  269,  593,  272,  280,  487,  541,  438,  758,  368,  308,  765,  770,  312,  296,  809,  635,  239,  607,  671,  624,  331,  761,  593,  254,  614,  384,  516,   37,  574,  540,  570,  284,  639,  599,  384,  406,  150,  401,  362,  547,  238,  195,  740,  649,  250,  513,  354,  400,  367,  620,  743,  287,  275,  295,  310,  406,  924,  669,  420,  157,  351,  461,   57,  835,  400,  495,  596,  729,  280,  139,   62,  775,  341,  291,  602,  643],
        [  280,    0,  260,  835,  503,  536,  214,  866,  703,  710,  293,    0,  531,  160,  626,  134,  767,  769,  644,  313,  378,  782,  380,  243, 1114,  483,  858,  761,  849,  683,  779,   49,  461,  736,  276,  909,  386,  540,  550,  488,  768,  396,  480,  841,  583,  236,  838,  897,  604,  510,  948,  917,  181,  899,  881,  915,   41,  988,  884,  153,  904,  676,  528,  273,  865,  831,  749,  574,  734,  787,  667,  175,  275,  692,  649,  448,  269,  448,  929,  941,  202,  727,  420,  646,  567,  766,  948,  235,  196,  585,  203,  511, 1111,  911,  708,  448,   61,  734,  321,  987,  598,  779,  836,  772,  500,  241,  336,  901,  600,  578,  850,  775],
        [  267,    0,  572,  323,  278,  214,  669,  341,  298,  687,  411,  531,    0,  395,  160,  505,  341,  261,  153,  380,  653,  664,  298,  448,  585,  174,  658,  256,  392,  437,  266,  487,  232,  206,  408,  388,  153,  324,  351,  177,  476,  428,  130,  348,  186,  682,  356,  372,  498,  183,  420,  590,  603,  714,  382,  658,  546,  504,  723,  601,  749,  552,  196,  384,  619,  681,  233,  431,  229,  275,  420,  493,  556,  582,  438,  366,  635,  277,  410,  736,  332,  261,  122,  281,  151,  235,  440,  310,  640,  522,  669,   30,  586,  460,  477,  402,  583,  416,  358,  456,  155,  694,  395,  332,  197,  322,  360,  377,  653,  535,  423,  247],
        [  187,    0,  224,  683,  439,  377,  279,  719,  544,  595,  160,  160,  395,    0,  472,  222,  608,  647,  492,  169,  339,  649,  330,  276,  969,  389,  714,  640,  690,  636,  655,  112,  385,  599,  142,  761,  243,  485,  395,  330,  613,  398,  372,  726,  426,  294,  727,  766,  465,  352,  814,  761,  216,  759,  727,  765,  191,  832,  747,  209,  769,  537,  437,  130,  715,  695,  601,  427,  613,  637,  512,  246,  222,  557,  497,  419,  271,  289,  780,  799,  112,  571,  298,  487,  412,  627,  795,  156,  250,  452,  277,  380,  963,  752,  556,  305,  220,  576,  171,  849,  444,  653,  677,  673,  342,   82,  187,  771,  497,  449,  690,  641],
        [  394,    0,  601,  213,  436,  137,  724,  259,  141,  596,  431,  626,  160,  472,    0,  626,  182,  305,   36,  397,  656,  549,  454,  588,  507,  334,  522,  307,  240,  582,  301,  579,  392,  199,  435,  294,  247,  481,  266,  152,  331,  584,  290,  396,   73,  732,  413,  360,  408,  136,  389,  434,  657,  578,  255,  510,  648,  367,  592,  663,  618,  448,  352,  417,  475,  555,  140,  343,  286,  169,  296,  623,  580,  477,  323,  525,  668,  247,  311,  595,  441,  108,  266,  140,   64,  209,  323,  431,  694,  443,  727,  189,  496,  308,  348,  363,  683,  269,  375,  409,   31,  585,  238,  425,  153,  391,  371,  365,  589,  460,  265,  242],
        [  239,    0,  386,  824,  411,  563,  345,  845,  726,  813,  380,  134,  505,  222,  626,    0,  787,  716,  637,  390,  506,  871,  287,  119, 1087,  416,  934,  707,  861,  573,  728,  146,  380,  702,  362,  892,  380,  439,  607,  507,  821,  273,  424,  778,  598,  367,  771,  852,  686,  530,  907,  968,  314,  980,  877,  981,  104,  993,  968,  286,  990,  759,  454,  351,  932,  916,  735,  646,  681,  775,  724,   43,  398,  778,  712,  337,  402,  495,  914, 1019,  188,  733,  384,  675,  575,  735,  940,  197,  329,  674,  333,  480, 1090,  927,  771,  526,  133,  780,  391,  950,  603,  874,  854,  695,  525,  282,  407,  856,  710,  670,  872,  737],
        [  563,    0,  691,  189,  615,  232,  830,  259,   65,  546,  527,  767,  341,  608,  182,  787,    0,  420,  193,  494,  717,  464,  634,  761,  457,  514,  401,  426,   89,  750,  410,  719,  573,  305,  536,  262,  411,  659,  281,  282,  207,  765,  471,  500,  190,  835,  523,  415,  382,  259,  419,  267,  765,  455,  175,  364,  795,  236,  477,  777,  502,  392,  529,  524,  340,  453,  196,  333,  413,  182,  233,  788,  665,  418,  272,  706,  757,  334,  266,  460,  599,   92,  444,  127,  216,  294,  243,  596,  802,  426,  837,  370,  431,  144,  264,  411,  827,  156,  476,  415,  194,  508,   70,  560,  267,  527,  466,  420,  577,  446,   87,  334],
        [  490,    0,  833,  274,  352,  430,  924,  232,  417,  901,  671,  769,  261,  647,  305,  716,  420,    0,  271,  640,  912,  851,  448,  631,  406,  303,  811,   12,  416,  388,   18,  729,  351,  116,  668,  279,  411,  367,  567,  416,  615,  550,  293,   93,  373,  938,  108,  143,  712,  412,  202,  684,  859,  867,  340,  784,  777,  454,  886,  855,  911,  752,  275,  645,  756,  853,  225,  646,   35,  249,  598,  694,  816,  782,  627,  465,  895,  521,  302,  877,  568,  332,  351,  440,  349,  129,  357,  536,  895,  745,  923,  270,  425,  471,  648,  647,  815,  556,  617,  253,  327,  888,  436,  147,  429,  578,  619,  146,  887,  761,  473,   91],
        [  402,    0,  630,  192,  423,  171,  749,  231,  162,  631,  460,  644,  153,  492,   36,  637,  193,  271,    0,  426,  688,  581,  450,  593,  481,  323,  551,  273,  240,  561,  267,  597,  382,  164,  463,  269,  260,  466,  301,  181,  358,  580,  281,  362,  108,  758,  379,  326,  443,  167,  356,  453,  682,  607,  241,  535,  664,  358,  622,  687,  648,  482,  337,  444,  502,  587,  111,  378,  253,  145,  328,  631,  609,  511,  357,  517,  697,  279,  288,  622,  455,  109,  267,  171,   94,  174,  306,  441,  720,  478,  752,  182,  472,  308,  380,  397,  700,  296,  404,  377,   63,  618,  243,  394,  184,  412,  400,  331,  624,  495,  273,  207],
        [  288,    0,  205,  607,  523,  272,  337,  656,  430,  432,   34,  313,  380,  169,  397,  390,  494,  640,  426,    0,  273,  481,  439,  434,  903,  445,  548,  636,  582,  724,  644,  268,  463,  565,   43,  690,  243,  575,  243,  246,  460,  535,  413,  728,  334,  342,  735,  737,  296,  262,  776,  609,  271,  591,  638,  603,  350,  728,  579,  285,  601,  369,  493,   40,  553,  526,  536,  262,  608,  565,  358,  413,  183,  389,  338,  535,  272,  162,  706,  632,  246,  479,  329,  368,  334,  587,  709,  280,  308,  284,  343,  377,  890,  636,  396,  137,  372,  432,   23,  802,  367,  486,  563,  702,  246,  130,   29,  742,  345,  282,  569,  610],
        [  519,    0,  121,  858,  770,  522,  226,  913,  657,  401,  244,  378,  653,  339,  656,  506,  717,  912,  688,  273,    0,  510,  667,  597, 1155,  705,  619,  908,  806,  970,  916,  362,  713,  835,  249,  942,  512,  819,  438,  510,  617,  733,  678, 1001,  588,  211, 1008, 1006,  389,  522, 1042,  752,  208,  643,  878,  701,  417,  952,  616,  241,  629,  440,  754,  274,  655,  567,  795,  404,  881,  820,  521,  544,  117,  441,  486,  757,  122,  410,  956,  690,  450,  723,  594,  595,  594,  855,  951,  493,  217,  349,  242,  649, 1137,  849,  534,  307,  414,  613,  296, 1065,  626,  489,  782,  972,  505,  365,  294, 1011,  278,  331,  779,  880],
        [  735,    0,  567,  652,  914,  450,  718,  723,  441,  130,  493,  782,  664,  649,  549,  871,  464,  851,  581,  481,  510,    0,  870,  908,  901,  813,  126,  853,  526, 1097,  845,  742,  856,  738,  510,  724,  616,  967,  318,  496,  261,  987,  769,  939,  489,  709,  958,  874,  190,  484,  882,  320,  673,  135,  630,  221,  821,  639,  108,  701,  124,  119,  850,  520,  188,   59,  643,  247,  833,  640,  253,  894,  541,   94,  228,  964,  613,  425,  724,  183,  716,  532,  699,  412,  520,  738,  689,  742,  698,  198,  731,  682,  867,  530,  205,  348,  837,  309,  482,  878,  532,   48,  494,  972,  472,  601,  466,  879,  240,  204,  469,  776],
        [  152,    0,  554,  613,  125,  454,  581,  616,  584,  854,  452,  380,  298,  330,  454,  287,  634,  448,  450,  439,  667,  870,    0,  186,  842,  149,  896,  438,  690,  309,  462,  356,   98,  461,  438,  666,  258,  161,  558,  396,  737,  131,  177,  499,  458,  600,  490,  589,  684,  416,  647,  868,  528,  950,  676,  917,  372,  799,  950,  511,  975,  752,  175,  415,  872,  901,  523,  624,  415,  565,  659,  257,  551,  778,  664,   97,  597,  446,  690,  980,  218,  558,  192,  553,  425,  495,  728,  175,  556,  691,  574,  269,  852,  758,  715,  539,  409,  682,  425,  695,  441,  889,  691,  410,  420,  313,  438,  592,  781,  696,  718,  487],
        [  199,    0,  476,  771,  305,  550,  457,  783,  703,  865,  432,  243,  448,  276,  588,  119,  761,  631,  593,  434,  597,  908,  186,    0, 1018,  328,  958,  621,  827,  457,  645,  240,  283,  633,  415,  832,  351,  327,  620,  491,  825,  155,  347,  685,  573,  479,  675,  771,  720,  514,  828,  966,  419, 1007,  830,  995,  221,  950, 1000,  393, 1023,  792,  360,  398,  947,  949,  681,  671,  598,  723,  734,   79,  483,  815,  728,  221,  502,  504,  855, 1043,  193,  696,  327,  660,  546,  666,  888,  174,  438,  715,  446,  421, 1025,  895,  785,  561,  251,  777,  429,  874,  569,  917,  824,  595,  512,  308,  444,  774,  772,  714,  847,  663],
        [  850,    0, 1107,  297,  756,  635, 1229,  250,  507,  998,  937, 1114,  585,  969,  507, 1087,  457,  406,  481,  903, 1155,  901,  842, 1018,    0,  694,  811,  417,  380,  777,  389, 1069,  748,  386,  941,  214,  729,  773,  728,  658,  642,  952,  671,  400,  570, 1238,  424,  268,  839,  642,  209,  618, 1162,  856,  284,  742, 1130,  271,  887, 1167,  908,  845,  674,  923,  740,  877,  370,  788,  434,  339,  689, 1072, 1085,  869,  728,  869, 1174,  748,  200,  843,  917,  432,  704,  566,  571,  353,  216,  894, 1200,  883, 1232,  608,   48,  374,  714,  850, 1167,  604,  881,  155,  537,  948,  410,  518,  657,  890,  876,  266, 1034,  903,  433,  355],
        [  208,    0,  603,  471,  105,  370,  663,  470,  472,  819,  467,  483,  174,  389,  334,  416,  514,  303,  323,  445,  705,  813,  149,  328,  694,    0,  820,  294,  560,  288,  317,  449,   61,  314,  458,  520,  211,  155,  495,  319,  645,  267,   46,  363,  355,  680,  357,  443,  635,  333,  500,  763,  603,  875,  536,  827,  485,  660,  881,  592,  907,  697,   50,  433,  786,  836,  383,  571,  270,  425,  580,  392,  594,  726,  593,  196,  657,  398,  544,  900,  289,  431,  120,  452,  320,  348,  584,  250,  636,  652,  659,  147,  704,  628,  637,  512,  523,  586,  426,  548,  328,  838,  565,  289,  343,  341,  435,  446,  765,  661,  595,  339],
        [  772,    0,  664,  586,  924,  451,  817,  656,  395,  256,  566,  858,  658,  714,  522,  934,  401,  811,  551,  548,  619,  126,  896,  958,  811,  820,    0,  815,  446, 1094,  803,  815,  868,  696,  583,  649,  639,  975,  341,  504,  197, 1019,  774,  896,  473,  810,  917,  815,  255,  488,  815,  205,  768,   57,  553,   95,  896,  543,   78,  794,  102,  187,  851,  588,   72,   76,  592,  289,  799,  582,  240,  953,  636,  179,  233,  987,  715,  457,  646,   86,  767,  482,  714,  383,  507,  690,  605,  786,  796,  282,  829,  680,  773,  438,  183,  411,  916,  256,  544,  804,  512,  169,  416,  943,  480,  656,  528,  819,  360,  295,  386,  730],
        [  482,    0,  828,  282,  342,  429,  918,  242,  421,  901,  666,  761,  256,  640,  307,  707,  426,   12,  273,  636,  908,  853,  438,  621,  417,  294,  815,    0,  423,  377,   28,  722,  341,  121,  664,  289,  405,  356,  567,  414,  619,  539,  284,   94,  374,  932,  107,  153,  713,  411,  213,  690,  853,  871,  349,  789,  768,  463,  889,  848,  915,  754,  264,  640,  761,  856,  231,  646,   28,  257,  600,  685,  812,  783,  629,  454,  890,  519,  312,  882,  560,  337,  344,  442,  349,  136,  367,  528,  889,  745,  916,  264,  436,  479,  651,  645,  807,  560,  613,  264,  328,  890,  443,  139,  428,  572,  615,  156,  886,  760,  479,  100],
        [  632,    0,  779,  150,  657,  315,  918,  216,  152,  618,  615,  849,  392,  690,  240,  861,   89,  416,  240,  582,  806,  526,  690,  827,  380,  560,  446,  423,    0,  773,  403,  801,  620,  307,  623,  203,  482,  697,  369,  361,  265,  819,  519,  485,  266,  922,  510,  381,  463,  339,  373,  279,  852,  497,  107,  393,  875,  148,  524,  864,  547,  466,  568,  610,  379,  507,  198,  417,  415,  167,  312,  860,  753,  490,  351,  755,  845,  420,  201,  494,  674,  133,  505,  215,  287,  287,  165,  668,  889,  508,  924,  421,  350,   69,  335,  499,  908,  225,  563,  359,  260,  571,   32,  561,  349,  609,  553,  385,  657,  528,   63,  325],
        [  451,    0,  859,  648,  201,  648,  888,  617,  722, 1106,  742,  683,  437,  636,  582,  573,  750,  388,  561,  724,  970, 1097,  309,  457,  777,  288, 1094,  377,  773,    0,  405,  662,  261,  473,  731,  666,  498,  151,  780,  602,  910,  310,  330,  378,  622,  908,  354,  512,  922,  613,  569, 1013,  836, 1150,  717, 1091,  669,  836, 1159,  818, 1185,  982,  247,  707, 1054, 1116,  577,  856,  372,  612,  857,  535,  854, 1011,  873,  237,  905,  685,  689, 1172,  525,  660,  408,  715,  587,  500,  743,  481,  864,  939,  880,  416,  803,  836,  913,  799,  703,  849,  706,  623,  586, 1124,  787,  260,  625,  608,  716,  512, 1051,  949,  821,  471],
        [  501,    0,  838,  260,  368,  429,  932,  216,  409,  897,  675,  779,  266,  655,  301,  728,  410,   18,  267,  644,  916,  845,  462,  645,  389,  317,  803,   28,  403,  405,    0,  739,  366,  108,  673,  263,  417,  384,  565,  417,  607,  566,  305,   95,  371,  945,  115,  128,  709,  412,  186,  673,  867,  859,  325,  774,  788,  438,  878,  863,  903,  748,  290,  650,  748,  846,  215,  643,   48,  237,  593,  707,  821,  777,  622,  481,  901,  522,  285,  868,  578,  323,  361,  434,  348,  117,  341,  547,  903,  742,  931,  277,  408,  457,  642,  647,  826,  548,  621,  237,  324,  883,  424,  162,  429,  586,  623,  131,  886,  759,  461,   78],
        [  243,    0,  241,  788,  477,  488,  226,  820,  655,  676,  251,   49,  487,  112,  579,  146,  719,  729,  597,  268,  362,  742,  356,  240, 1069,  449,  815,  722,  801,  662,  739,    0,  431,  692,  233,  863,  341,  516,  504,  440,  722,  387,  442,  803,  536,  247,  801,  855,  562,  462,  906,  870,  180,  857,  833,  870,   82,  941,  843,  158,  864,  634,  495,  229,  820,  790,  703,  530,  694,  740,  620,  183,  252,  652,  604,  431,  262,  400,  883,  899,  162,  680,  379,  598,  520,  722,  901,  200,  204,  545,  218,  469, 1066,  863,  663,  405,  109,  687,  275,  943,  551,  742,  788,  738,  452,  192,  290,  860,  569,  539,  802,  732],
        [  199,    0,  606,  531,   61,  419,  651,  528,  529,  854,  482,  461,  232,  385,  392,  380,  573,  351,  382,  463,  713,  856,   98,  283,  748,   61,  868,  341,  620,  261,  366,  431,    0,  371,  471,  579,  243,  114,  539,  365,  697,  208,  102,  402,  409,  670,  393,  493,  675,  381,  551,  819,  595,  924,  596,  879,  458,  720,  928,  580,  953,  739,   78,  447,  837,  882,  443,  611,  319,  485,  629,  352,  599,  767,  639,  135,  655,  435,  602,  950,  278,  491,  157,  506,  375,  405,  644,  235,  625,  688,  646,  204,  760,  688,  686,  543,  496,  639,  446,  600,  385,  879,  625,  316,  389,  349,  456,  496,  794,  696,  654,  395],
        [  466,    0,  765,  176,  391,  331,  871,  158,  302,  793,  598,  736,  206,  599,  199,  702,  305,  116,  164,  565,  835,  738,  461,  633,  386,  314,  696,  121,  307,  473,  108,  692,  371,    0,  598,  209,  356,  419,  464,  327,  500,  579,  287,  202,  270,  882,  222,  172,  606,  319,  215,  570,  804,  752,  245,  668,  749,  366,  771,  804,  796,  642,  302,  576,  641,  739,  112,  541,  109,  142,  486,  687,  747,  672,  517,  500,  830,  432,  233,  762,  536,  217,  320,  328,  250,   34,  279,  511,  841,  641,  871,  225,  393,  366,  534,  554,  787,  441,  543,  251,  224,  776,  325,  257,  337,  524,  542,  177,  786,  658,  361,   46],
        [  286,    0,  168,  646,  530,  313,  295,  694,  472,  453,   18,  276,  408,  142,  435,  362,  536,  668,  463,   43,  249,  510,  438,  415,  941,  458,  583,  664,  623,  731,  673,  233,  471,  598,    0,  728,  264,  581,  285,  284,  501,  526,  430,  755,  374,  300,  761,  770,  329,  300,  810,  650,  229,  625,  678,  640,  314,  770,  611,  243,  631,  401,  507,   26,  590,  558,  573,  300,  636,  603,  398,  388,  149,  419,  377,  533,  234,  204,  745,  667,  234,  519,  346,  410,  371,  621,  750,  272,  266,  313,  301,  402,  929,  678,  436,  173,  334,  474,   62,  838,  405,  513,  605,  723,  285,  126,   71,  775,  358,  309,  612,  643],
        [  654,    0,  894,   84,  599,  421, 1017,   52,  303,  808,  724,  909,  388,  761,  294,  892,  262,  279,  269,  690,  942,  724,  666,  832,  214,  520,  649,  289,  203,  666,  263,  863,  579,  209,  728,    0,  523,  626,  520,  445,  464,  786,  490,  321,  357, 1026,  349,  194,  639,  429,  173,  477,  950,  700,   97,  595,  928,  180,  727,  956,  750,  653,  511,  710,  582,  708,  161,  584,  294,  126,  494,  881,  871,  680,  531,  709,  961,  535,   24,  696,  715,  221,  509,  358,  358,  176,   80,  696,  988,  681, 1021,  413,  203,  230,  526,  639,  964,  417,  668,  156,  324,  768,  234,  422,  444,  680,  663,  197,  833,  701,  265,  197],
        [  153,    0,  424,  450,  303,  202,  516,  480,  353,  611,  269,  386,  153,  243,  247,  380,  411,  411,  260,  243,  512,  616,  258,  351,  729,  211,  639,  405,  482,  498,  417,  341,  243,  356,  264,  523,    0,  357,  301,  143,  484,  383,  174,  495,  222,  529,  499,  524,  433,  165,  571,  620,  450,  693,  500,  661,  405,  614,  693,  449,  718,  499,  257,  239,  616,  645,  364,  371,  377,  402,  403,  378,  409,  526,  407,  349,  485,  193,  544,  723,  195,  353,   91,  310,  197,  385,  565,  186,  487,  445,  516,  142,  726,  549,  458,  302,  441,  432,  222,  606,  223,  638,  476,  460,  166,  169,  228,  529,  554,  453,  497,  398],
        [  300,    0,  708,  590,   54,  525,  741,  575,  621,  968,  593,  540,  324,  485,  481,  439,  659,  367,  466,  575,  819,  967,  161,  327,  773,  155,  975,  356,  697,  151,  384,  516,  114,  419,  581,  626,  357,    0,  649,  473,  798,  200,  201,  393,  508,  760,  377,  507,  787,  488,  567,  914,  688, 1030,  658,  981,  530,  782, 1036,  671, 1061,  850,  130,  557,  940,  991,  508,  723,  341,  548,  735,  404,  704,  879,  748,  113,  755,  548,  650, 1055,  375,  572,  269,  605,  474,  451,  697,  330,  716,  801,  734,  299,  791,  763,  792,  657,  565,  739,  558,  619,  479,  991,  705,  286,  497,  457,  569,  510,  907,  809,  737,  432],
        [  432,    0,  421,  437,  596,  140,  569,  500,  223,  338,  272,  550,  351,  395,  266,  607,  281,  567,  301,  243,  438,  318,  558,  620,  728,  495,  341,  567,  369,  780,  565,  504,  539,  464,  285,  520,  301,  649,    0,  178,  219,  679,  451,  659,  195,  570,  674,  623,  148,  169,  646,  367,  507,  393,  447,  376,  585,  515,  392,  524,  417,  203,  533,  280,  328,  345,  392,   81,  544,  406,  118,  621,  394,  232,  109,  650,  486,  117,  530,  426,  431,  300,  382,  163,  219,  473,  519,  448,  542,  178,  577,  367,  706,  413,  166,  133,  610,  190,  231,  658,  241,  345,  345,  673,  156,  326,  217,  628,  324,  195,  343,  507],
        [  293,    0,  450,  364,  421,   60,  573,  411,  219,  511,  280,  488,  177,  330,  152,  507,  282,  416,  181,  246,  510,  496,  396,  491,  658,  319,  504,  414,  361,  602,  417,  440,  365,  327,  284,  445,  143,  473,  178,    0,  342,  523,  274,  507,   97,  581,  519,  498,  323,   24,  533,  478,  506,  559,  400,  521,  514,  502,  563,  513,  589,  381,  355,  265,  477,  518,  290,  256,  388,  320,  265,  511,  429,  410,  275,  484,  517,  106,  462,  587,  320,  243,  210,  170,   88,  346,  471,  321,  544,  346,  577,  190,  647,  424,  322,  232,  547,  289,  224,  557,  122,  522,  350,  506,   25,  248,  220,  503,  478,  359,  366,  372],
        [  630,    0,  624,  395,  749,  284,  777,  465,  199,  359,  487,  768,  476,  613,  331,  821,  207,  615,  358,  460,  617,  261,  737,  825,  642,  645,  197,  619,  265,  910,  607,  722,  697,  500,  501,  464,  484,  798,  219,  342,    0,  865,  599,  700,  291,  775,  721,  621,  233,  322,  625,  149,  717,  252,  370,  183,  803,  385,  272,  737,  297,  212,  672,  498,  145,  246,  396,  216,  603,  388,  104,  833,  596,  232,  132,  822,  686,  327,  464,  265,  641,  286,  548,  195,  326,  494,  429,  652,  751,  278,  786,  500,  609,  274,   85,  336,  829,   62,  449,  618,  324,  307,  234,  748,  319,  541,  435,  626,  416,  298,  210,  534],
        [  253,    0,  614,  737,  199,  582,  609,  735,  715,  961,  541,  396,  428,  398,  584,  273,  765,  550,  580,  535,  733,  987,  131,  155,  952,  267, 1019,  539,  819,  310,  566,  387,  208,  579,  526,  786,  383,  200,  679,  523,  865,    0,  303,  588,  588,  630,  573,  692,  798,  544,  752,  997,  567, 1072,  802, 1043,  375,  926, 1070,  543, 1095,  869,  279,  505,  998, 1021,  649,  742,  520,  691,  784,  232,  617,  894,  787,   88,  646,  565,  810, 1104,  293,  688,  323,  683,  556,  613,  851,  255,  589,  801,  599,  399,  966,  888,  839,  648,  406,  811,  524,  802,  572, 1002,  822,  484,  547,  405,  538,  695,  879,  804,  849,  601],
        [  201,    0,  580,  436,  151,  324,  649,  440,  427,  777,  438,  480,  130,  372,  290,  424,  471,  293,  281,  413,  678,  769,  177,  347,  671,   46,  774,  284,  519,  330,  305,  442,  102,  287,  430,  490,  174,  201,  451,  274,  599,  303,    0,  361,  309,  665,  359,  428,  593,  288,  484,  718,  587,  830,  500,  781,  485,  624,  836,  579,  862,  654,   84,  405,  740,  791,  347,  527,  258,  389,  535,  404,  569,  682,  548,  236,  637,  356,  514,  855,  281,  389,   85,  406,  275,  321,  551,  245,  621,  610,  646,  102,  679,  587,  592,  473,  524,  540,  393,  529,  283,  795,  523,  302,  298,  317,  401,  432,  726,  620,  553,  317],
        [  561,    0,  918,  337,  390,  522, 1004,  282,  502,  992,  758,  841,  348,  726,  396,  778,  500,   93,  362,  728, 1001,  939,  499,  685,  400,  363,  896,   94,  485,  378,   95,  803,  402,  202,  755,  321,  495,  393,  659,  507,  700,  588,  361,    0,  465, 1019,   28,  139,  803,  504,  193,  759,  940,  951,  398,  863,  845,  501,  971,  934,  996,  843,  326,  731,  839,  940,  305,  737,  121,  322,  687,  753,  903,  872,  717,  500,  980,  613,  342,  959,  641,  415,  429,  529,  441,  206,  400,  606,  975,  836, 1002,  354,  428,  534,  736,  738,  884,  641,  706,  247,  419,  977,  508,  119,  521,  661,  708,  139,  979,  852,  545,  166],
        [  375,    0,  538,  274,  460,   66,  666,  326,  131,  528,  368,  583,  186,  426,   73,  598,  190,  373,  108,  334,  588,  489,  458,  573,  570,  355,  473,  374,  266,  622,  371,  536,  409,  270,  374,  357,  222,  508,  195,   97,  291,  588,  309,  465,    0,  673,  481,  432,  339,   76,  461,  411,  599,  530,  306,  473,  609,  406,  540,  608,  566,  383,  381,  357,  434,  500,  209,  273,  351,  233,  239,  599,  515,  413,  261,  538,  605,  179,  372,  551,  410,  147,  266,   97,   35,  281,  377,  407,  637,  372,  671,  210,  556,  330,  294,  291,  642,  231,  313,  479,   47,  522,  256,  485,   89,  344,  307,  437,  517,  389,  275,  314],
        [  474,    0,  151,  945,  719,  613,   23,  989,  770,  607,  308,  236,  682,  294,  732,  367,  835,  938,  758,  342,  211,  709,  600,  479, 1238,  680,  810,  932,  922,  908,  945,  247,  670,  882,  300, 1026,  529,  760,  570,  581,  775,  630,  665, 1019,  673,    0, 1020, 1052,  564,  599, 1097,  919,   79,  840,  978,  885,  264, 1069,  816,   90,  831,  625,  728,  317,  836,  765,  869,  561,  904,  901,  673,  410,  179,  632,  644,  677,   96,  503, 1043,  886,  393,  819,  591,  708,  669,  908, 1049,  435,   45,  530,   38,  669, 1227,  975,  699,  441,  246,  758,  362, 1128,  702,  692,  903,  966,  585,  360,  370, 1057,  485,  516,  907,  926],
        [  559,    0,  923,  363,  378,  536, 1005,  309,  523, 1008,  765,  838,  356,  727,  413,  771,  523,  108,  379,  735, 1008,  958,  490,  675,  424,  357,  917,  107,  510,  354,  115,  801,  393,  222,  761,  349,  499,  377,  674,  519,  721,  573,  359,   28,  481, 1020,    0,  166,  819,  517,  219,  784,  941,  973,  424,  886,  841,  528,  992,  935, 1017,  860,  317,  737,  861,  960,  327,  753,  132,  346,  706,  744,  908,  890,  735,  486,  983,  624,  369,  981,  639,  437,  430,  547,  456,  229,  428,  603,  976,  852, 1003,  359,  454,  560,  755,  750,  879,  662,  713,  272,  435,  996,  533,   96,  534,  664,  716,  165,  993,  867,  569,  189],
        [  621,    0,  937,  232,  495,  496, 1040,  166,  434,  942,  770,  897,  372,  766,  360,  852,  415,  143,  326,  737, 1006,  874,  589,  771,  268,  443,  815,  153,  381,  512,  128,  855,  493,  172,  770,  194,  524,  507,  623,  498,  621,  692,  428,  139,  432, 1052,  166,    0,  759,  488,   60,  659,  974,  868,  282,  771,  908,  372,  892,  973,  916,  788,  417,  748,  753,  867,  235,  697,  174,  234,  628,  832,  918,  817,  662,  607, 1002,  601,  211,  870,  696,  342,  478,  474,  417,  153,  271,  667, 1011,  797, 1040,  388,  292,  420,  670,  721,  946,  567,  714,  113,  388,  915,  408,  254,  506,  693,  713,    6,  946,  815,  443,  128],
        [  546,    0,  415,  559,  734,  288,  569,  626,  337,  190,  312,  604,  498,  465,  408,  686,  382,  712,  443,  296,  389,  190,  684,  720,  839,  635,  255,  713,  463,  922,  709,  562,  675,  606,  329,  639,  433,  787,  148,  323,  233,  798,  593,  803,  339,  564,  819,  759,    0,  316,  778,  363,  516,  296,  556,  322,  643,  601,  283,  541,  305,   74,  675,  336,  273,  231,  526,   68,  690,  534,  152,  707,  387,   96,  113,  779,  471,  240,  646,  338,  528,  424,  519,  287,  366,  613,  624,  553,  546,   46,  581,  512,  811,  491,  148,  161,  662,  244,  295,  785,  385,  206,  434,  820,  302,  413,  279,  764,  195,   67,  421,  648],
        [  315,    0,  466,  346,  436,   39,  592,  395,  196,  505,  296,  510,  183,  352,  136,  530,  259,  412,  167,  262,  522,  484,  416,  514,  642,  333,  488,  411,  339,  613,  412,  462,  381,  319,  300,  429,  165,  488,  169,   24,  322,  544,  288,  504,   76,  599,  517,  488,  316,    0,  522,  456,  525,  543,  380,  502,  536,  481,  549,  533,  574,  371,  367,  283,  458,  504,  276,  249,  386,  304,  249,  534,  444,  400,  261,  502,  533,  113,  445,  570,  343,  222,  227,  147,   73,  336,  451,  344,  562,  342,  596,  199,  629,  402,  305,  236,  569,  268,  240,  544,  106,  512,  327,  508,   18,  270,  235,  493,  477,  355,  343,  364],
        [  674,    0,  978,  231,  554,  526, 1086,  160,  446,  956,  809,  948,  420,  814,  389,  907,  419,  202,  356,  776, 1042,  882,  647,  828,  209,  500,  815,  213,  373,  569,  186,  906,  551,  215,  810,  173,  571,  567,  646,  533,  625,  752,  484,  193,  461, 1097,  219,   60,  778,  522,    0,  649, 1019,  867,  268,  765,  960,  341,  893, 1019,  916,  802,  475,  789,  750,  871,  255,  718,  233,  245,  641,  888,  958,  830,  677,  666, 1043,  634,  185,  866,  747,  355,  530,  491,  450,  190,  242,  720, 1056,  818, 1086,  437,  235,  403,  680,  752,  998,  573,  753,   55,  419,  925,  402,  310,  539,  739,  752,   58,  968,  836,  435,  174],
        [  769,    0,  768,  428,  867,  419,  921,  495,  293,  442,  635,  917,  590,  761,  434,  968,  267,  684,  453,  609,  752,  320,  868,  966,  618,  763,  205,  690,  279, 1013,  673,  870,  819,  570,  650,  477,  620,  914,  367,  478,  149,  997,  718,  759,  411,  919,  784,  659,  363,  456,  649,    0,  863,  241,  381,  125,  951,  348,  276,  884,  294,  322,  785,  647,  134,  279,  459,  359,  678,  438,  252,  978,  740,  332,  276,  949,  828,  474,  470,  226,  785,  358,  676,  315,  445,  556,  421,  794,  896,  405,  931,  617,  578,  251,  221,  483,  977,  190,  598,  630,  436,  366,  253,  826,  456,  688,  583,  663,  526,  424,  217,  596],
        [  398,    0,  108,  870,  645,  540,   68,  913,  701,  582,  239,  181,  603,  216,  657,  314,  765,  859,  682,  271,  208,  673,  528,  419, 1162,  603,  768,  853,  852,  836,  867,  180,  595,  804,  229,  950,  450,  688,  507,  506,  717,  567,  587,  940,  599,   79,  941,  974,  516,  525, 1019,  863,    0,  801,  904,  838,  216,  998,  780,   33,  797,  582,  651,  243,  788,  728,  793,  505,  825,  825,  615,  355,  133,  592,  588,  608,   91,  432,  968,  847,  317,  746,  512,  638,  594,  830,  976,  360,   38,  487,   72,  590, 1152,  907,  644,  382,  208,  696,  290, 1050,  627,  662,  834,  888,  511,  282,  300,  978,  463,  475,  840,  847],
        [  824,    0,  696,  638,  979,  506,  848,  708,  451,  260,  607,  899,  714,  759,  578,  980,  455,  867,  607,  591,  643,  135,  950, 1007,  856,  875,   57,  871,  497, 1150,  859,  857,  924,  752,  625,  700,  693, 1030,  393,  559,  252, 1072,  830,  951,  530,  840,  973,  868,  296,  543,  867,  241,  801,    0,  603,  119,  938,  586,   39,  828,   53,  224,  907,  631,  118,   76,  647,  337,  855,  636,  295,  999,  669,  210,  287, 1041,  744,  508,  696,   48,  815,  537,  768,  439,  564,  746,  652,  836,  828,  317,  861,  736,  817,  484,  239,  455,  956,  312,  589,  855,  568,  167,  467,  999,  535,  703,  573,  873,  374,  327,  435,  785],
        [  641,    0,  840,   69,  625,  366,  971,  118,  225,  719,  671,  881,  382,  727,  255,  877,  175,  340,  241,  638,  878,  630,  676,  830,  284,  536,  553,  349,  107,  717,  325,  833,  596,  245,  678,   97,  500,  658,  447,  400,  370,  802,  500,  398,  306,  978,  424,  282,  556,  380,  268,  381,  904,  603,    0,  498,  903,  125,  631,  913,  653,  565,  535,  662,  486,  613,  154,  505,  347,  112,  407,  871,  816,  590,  446,  730,  907,  478,   95,  600,  694,  159,  503,  285,  315,  217,   73,  681,  942,  600,  976,  411,  260,  138,  436,  572,  938,  326,  617,  252,  283,  675,  138,  487,  394,  645,  610,  286,  751,  620,  169,  250],
