{
    "name": "random-4-23571",
    "comment": "size=4 seed=23571",
    "nodes": ["+0", "-0", "+1", "-1", "+2", "-2", "+3", "-3", "+4", "-4"],
    "precedence": {
        "+0": "-0",
        "+1": "-1",
        "+2": "-2",
        "+3": "-3",
        "+4": "-4"
    },
    "edges": [
        [    0,    0,  365,  218,  326,  944,  156,  445,  329,  110],
        [    0,    0,  365,  218,  326,  944,  156,  445,  329,  110],
        [  365,  365,    0,  555,  690, 1066,  227,  402,  174,  287],
        [  218,  218,  555,    0,  192,  801,  370,  477,  545,  269],
        [  326,  326,  690,  192,    0,  934,  476,  668,  637,  416],
        [  944,  944, 1066,  801,  934,    0, 1031,  674, 1174,  897],
        [  156,  156,  227,  370,  476, 1031,    0,  444,  176,  137],
        [  445,  445,  402,  477,  668,  674,  444,    0,  538,  345],
        [  329,  329,  174,  545,  637, 1174,  176,  538,    0,  302],
        [  110,  110,  287,  269,  416,  897,  137,  345,  302,    0]
    ]
}
