{
    "name": "random-78-12508",
    "comment": "size=78 seed=12508",
    "nodes": ["+0", "-0", "+1", "-1", "+2", "-2", "+3", "-3", "+4", "-4", "+5", "-5", "+6", "-6", "+7", "-7", "+8", "-8", "+9", "-9", "+10", "-10", "+11", "-11", "+12", "-12", "+13", "-13", "+14", "-14", "+15", "-15", "+16", "-16", "+17", "-17", "+18", "-18", "+19", "-19", "+20", "-20", "+21", "-21", "+22", "-22", "+23", "-23", "+24", "-24", "+25", "-25", "+26", "-26", "+27", "-27", "+28", "-28", "+29", "-29", "+30", "-30", "+31", "-31", "+32", "-32", "+33", "-33", "+34", "-34", "+35", "-35", "+36", "-36", "+37", "-37", "+38", "-38", "+39", "-39", "+40", "-40", "+41", "-41", "+42", "-42", "+43", "-43", "+44", "-44", "+45", "-45", "+46", "-46", "+47", "-47", "+48", "-48", "+49", "-49", "+50", "-50", "+51", "-51", "+52", "-52", "+53", "-53", "+54", "-54", "+55", "-55", "+56", "-56", "+57", "-57", "+58", "-58", "+59", "-59", "+60", "-60", "+61", "-61", "+62", "-62", "+63", "-63", "+64", "-64", "+65", "-65", "+66", "-66", "+67", "-67", "+68", "-68", "+69", "-69", "+70", "-70", "+71", "-71", "+72", "-72", "+73", "-73", "+74", "-74", "+75", "-75", "+76", "-76", "+77", "-77", "+78", "-78"],
    "precedence": {
        "+0": "-0",
        "+1": "-1",
        "+2": "-2",
        "+3": "-3",
        "+4": "-4",
        "+5": "-5",
        "+6": "-6",
        "+7": "-7",
        "+8": "-8",
        "+9": "-9",
        "+10": "-10",
        "+11": "-11",
        "+12": "-12",
        "+13": "-13",
        "+14": "-14",
        "+15": "-15",
        "+16": "-16",
        "+17": "-17",
        "+18": "-18",
        "+19": "-19",
        "+20": "-20",
        "+21": "-21",
        "+22": "-22",
        "+23": "-23",
        "+24": "-24",
        "+25": "-25",
        "+26": "-26",
        "+27": "-27",
        "+28": "-28",
        "+29": "-29",
        "+30": "-30",
        "+31": "-31",
        "+32": "-32",
        "+33": "-33",
        "+34": "-34",
        "+35": "-35",
        "+36": "-36",
        "+37": "-37",
        "+38": "-38",
        "+39": "-39",
        "+40": "-40",
        "+41": "-41",
        "+42": "-42",
        "+43": "-43",
        "+44": "-44",
        "+45": "-45",
        "+46": "-46",
        "+47": "-47",
        "+48": "-48",
        "+49": "-49",
        "+50": "-50",
        "+51": "-51",
        "+52": "-52",
        "+53": "-53",
        "+54": "-54",
        "+55": "-55",
        "+56": "-56",
        "+57": "-57",
        "+58": "-58",
        "+59": "-59",
        "+60": "-60",
        "+61": "-61",
        "+62": "-62",
        "+63": "-63",
        "+64": "-64",
        "+65": "-65",
        "+66": "-66",
        "+67": "-67",
        "+68": "-68",
        "+69": "-69",
        "+70": "-70",
        "+71": "-71",
        "+72": "-72",
        "+73": "-73",
        "+74": "-74",
        "+75": "-75",
        "+76": "-76",
        "+77": "-77",
        "+78": "-78"
    },
    "edges": [
        [    0,    0,  701,  175,   84,  858,  717,  757,  760,  626,   59,  733,  680,  752, 1120,  718,  849,  883,  417,  844,  373,  725,  162,  433,  354,  760,  471,  903,  524,  866,  582,  888,   34,  941,  717,   88,  317,  565,  503,  742,  580,  531,  844,  261,  450,  659,  759,  492,  932,  978,  385,  818, 1098,  440,  675,  596,  504,  682,  548,  758,  164,  794,  852,  513,  508,  242,  667,  596, 1032,  671,  810,  595,  833,  701, 1040,  369,  764,  825,   89,  737,  434,  366,  715,  583,  932,  277, 1085,  842,  870,  846,  414,  192,  862,  577,  296,  416,  993,  812,  279,  372,  219, 1190,   30, 1030,  753,  844, 1002, 1106,  824,  677, 1005, 1127,  661,  419,  438,  102,  792,  731,  988, 1175,  832,  689,  798,  923,  749,  864, 1070,  201,  631,  671,  372,  142,  984,  975,  324,   86,  441,  525,  723,  819,  778,  686,  887,  868,  866,  588,  436,  784,  654,  160,  824,  920, 1033,  830,  212,  328,  573,  539],
        [    0,    0,    0,    0,    0,    0,    0,    0,    0,    0,    0,    0,    0,    0,    0,    0,    0,    0,    0,    0,    0,    0,    0,    0,    0,    0,    0,    0,    0,    0,    0,    0,    0,    0,    0,    0,    0,    0,    0,    0,    0,    0,    0,    0,    0,    0,    0,    0,    0,    0,    0,    0,    0,    0,    0,    0,    0,    0,    0,    0,    0,    0,    0,    0,    0,    0,    0,    0,    0,    0,    0,    0,    0,    0,    0,    0,    0,    0,    0,    0,    0,    0,    0,    0,    0,    0,    0,    0,    0,    0,    0,    0,    0,    0,    0,    0,    0,    0,    0,    0,    0,    0,    0,    0,    0,    0,    0,    0,    0,    0,    0,    0,    0,    0,    0,    0,    0,    0,    0,    0,    0,    0,    0,    0,    0,    0,    0,    0,    0,    0,    0,    0,    0,    0,    0,    0,    0,    0,    0,    0,    0,    0,    0,    0,    0,    0,    0,    0,    0,    0,    0,    0,    0,    0,    0,    0,    0,    0],
        [  701,    0,    0,  556,  773,  220,  235,  609,  548,  698,  730,  132,  498,  367,  419,   87,  320,  288,  301,  251,  345,   77,  611,  519,  679,  319,  525,  206,  519,  267,  497,  268,  697,  399,  324,  659,  385,  607,  425,  465,  445,  502,  285,  746,  487,  398,  461,  275,  425,  306,  320,  129,  436,  268,  356,  625,  390,  550,  667,  705,  619,  428,  212,  452,  238,  605,  635,  390,  337,  679,  329,  635,  167,  544,  346,  505,  191,  435,  645,  223,  326,  349,  434,  184,  232,  436,  431,  287,  342,  728,  537,  510,  175,  207,  610,  303,  432,  395,  504,  337,  511,  505,  684,  333,  268,  638,  501,  419,  401,  208,  357,  440,   87,  428,  640,  784,  364,  214,  390,  492,  220,  270,  125,  288,  351,  263,  447,  520,  624,  448,  449,  591,  303,  283,  541,  731,  361,  560,  314,  302,  687,  652,  191,  290,  243,  133,  473,  731,  668,  566,  478,  512,  415,  611,  549,  424,  135,  365],
        [  175,    0,  556,    0,  259,  694,  547,  743,  730,  658,  226,  610,  647,  678,  973,  561,  677,  772,  306,  676,  267,  591,   62,  429,  424,  587,  467,  752,  362,  698,  415,  771,  190,  845,  636,  193,  197,  579,  463,  693,  542,  515,  739,  378,  283,  485,  707,  323,  845,  818,  263,  664,  974,  315,  500,  611,  330,  663,  583,  770,  225,  619,  728,  482,  399,  291,  675,  422,  878,  691,  720,  613,  674,  536,  901,  361,  598,  757,   96,  632,  264,  209,  542,  419,  784,  189,  963,  737,  697,  848,  419,   90,  707,  469,  343,  257,  895,  637,  261,  258,  186, 1056,  174,  878,  656,  823,  919,  971,  650,  572,  884,  992,  530,  245,  481,  276,  712,  562,  881, 1043,  714,  597,  664,  758,  671,  751,  958,   37,  641,  499,  199,  172,  851,  820,  167,  245,  267,  529,  639,  647,  782,  695,  735,  760,  701,  433,  267,  798,  673,  163,  650,  856,  921,  805,   47,  266,  438,  365],
        [   84,    0,  773,  259,    0,  937,  799,  774,  785,  624,   45,  797,  707,  796, 1191,  794,  931,  941,  482,  924,  437,  792,  243,  455,  344,  843,  492,  977,  605,  947,  664,  948,   77,  992,  764,  121,  388,  575,  539,  775,  612,  555,  900,  229,  532,  742,  794,  573,  980, 1056,  454,  893, 1160,  508,  758,  604,  588,  703,  547,  764,  189,  877,  915,  545,  570,  258,  677,  680, 1107,  675,  860,  601,  909,  783, 1108,  398,  844,  865,  171,  794,  516,  445,  799,  663, 1005,  341, 1146,  897,  952,  854,  434,  267,  937,  637,  305,  495, 1045,  895,  319,  440,  274, 1255,   91, 1104,  807,  863, 1047, 1172,  908,  735, 1066, 1193,  728,  502,  439,   20,  838,  812, 1044, 1240,  893,  741,  865, 1003,  794,  923, 1127,  284,  641,  754,  456,  190, 1050, 1050,  405,   60,  525,  541,  771,  901,  787,  694,  961,  925,  946,  664,  518,  787,  659,  214,  907,  958, 1090,  851,  296,  381,  643,  623],
        [  858,    0,  220,  694,  937,    0,  175,  820,  755,  917,  896,  323,  712,  564,  332,  154,  146,  418,  497,   62,  536,  272,  739,  736,  888,  212,  743,  142,  532,   61,  487,  385,  860,  533,  528,  831,  558,  827,  644,  670,  665,  722,  438,  943,  534,  354,  663,  373,  570,  128,  503,  114,  456,  458,  306,  845,  430,  765,  887,  919,  803,  309,  333,  671,  450,  802,  853,  381,  212,  897,  506,  854,   62,  482,  321,  716,  102,  621,  789,  416,  433,  493,  359,  276,  182,  616,  464,  442,  160,  935,  752,  670,   98,  426,  813,  443,  548,  261,  701,  522,  694,  474,  846,  222,  459,  839,  636,  397,  261,  418,  417,  414,  306,  501,  856,  950,  551,  148,  489,  468,  362,  478,  258,   71,  548,  396,  512,  662,  843,  397,  537,  768,  325,  158,  629,  902,  445,  780,  515,  147,  899,  869,  131,  430,   27,  278,  528,  945,  887,  743,  351,  681,  491,  812,  675,  622,  340,  393],
        [  717,    0,  235,  547,  799,  175,    0,  827,  770,  885,  761,  366,  712,  597,  504,  151,  135,  510,  410,  136,  440,  311,  586,  674,  803,   87,  690,  294,  358,  158,  315,  483,  724,  625,  553,  703,  443,  790,  602,  690,  642,  685,  514,  837,  361,  188,  688,  226,  654,  301,  401,  222,  604,  370,  140,  813,  258,  760,  841,  914,  687,  194,  426,  631,  396,  700,  836,  208,  386,  876,  563,  822,  192,  328,  479,  640,   79,  668,  642,  456,  284,  360,  209,  153,  336,  503,  607,  517,  159,  948,  686,  537,  241,  400,  722,  312,  652,  165,  603,  422,  580,  638,  709,  395,  502,  864,  728,  557,  173,  435,  547,  575,  308,  334,  790,  814,  597,   30,  601,  630,  444,  497,  337,  223,  582,  485,  643,  517,  819,  235,  373,  645,  466,  331,  462,  771,  285,  738,  544,  106,  901,  855,  279,  515,  170,  194,  357,  943,  863,  621,  244,  746,  615,  837,  521,  529,  291,  220],
        [  757,    0,  609,  743,  774,  820,  827,    0,   72,  213,  738,  498,  117,  266,  842,  694,  929,  481,  504,  859,  515,  548,  800,  325,  451,  913,  287,  738,  969,  872,  983,  514,  729,  429,  294,  671,  580,  207,  287,  155,  212,  230,  434,  584,  899,  941,  168,  721,  388,  864,  547,  709,  680,  529,  914,  185,  849,   82,  262,  111,  595, 1015,  534,  264,  456,  519,  118,  904,  840,  151,  350,  192,  759, 1074,  730,  391,  798,  249,  773,  408,  723,  655,  994,  704,  731,  560,  655,  429,  951,  122,  344,  654,  743,  430,  470,  655,  472,  991,  490,  536,  564,  798,  728,  823,  370,   90,  408,  748, 1000,  403,  598,  762,  525,  824,  350,  770,  297,  812,  517,  781,  496,  343,  574,  880,  281,  486,  593,  717,  148,  987,  807,  621,  658,  809,  860,  715,  773,  234,  308,  909,   82,  112,  733,  459,  845,  643,  878,  131,  158,  611, 1065,  282,  566,   85,  775,  480,  542,  850],
        [  760,    0,  548,  730,  785,  755,  770,   72,    0,  268,  746,  433,   83,  197,  771,  634,  868,  410,  471,  796,  487,  484,  788,  330,  477,  856,  294,  670,  932,  809,  942,  443,  733,  360,  228,  675,  555,  240,  267,   86,  188,  230,  363,  607,  865,  893,   97,  679,  320,  796,  516,  643,  610,  492,  863,  225,  809,   87,  304,  182,  600,  960,  464,  250,  413,  527,  170,  859,  770,  211,  279,  234,  694, 1029,  659,  391,  738,  178,  768,  341,  686,  623,  944,  654,  662,  542,  585,  358,  890,  181,  351,  641,  676,  378,  483,  619,  404,  935,  486,  507,  557,  728,  731,  753,  302,  100,  346,  677,  943,  341,  527,  691,  465,  790,  378,  782,  226,  755,  447,  711,  426,  279,  506,  814,  212,  415,  524,  701,  191,  940,  777,  621,  587,  740,  835,  725,  736,  251,  241,  849,  152,  171,  665,  388,  780,  591,  844,  202,  213,  608, 1010,  221,  497,   77,  758,  464,  490,  807],
        [  626,    0,  698,  658,  624,  917,  885,  213,  268,    0,  594,  614,  243,  423, 1001,  774, 1003,  645,  498,  946,  491,  653,  706,  240,  282,  967,  209,  863,  947,  963,  974,  674,  594,  618,  432,  539,  538,   96,  283,  325,  254,  201,  595,  410,  869,  962,  345,  730,  581,  985,  531,  815,  862,  534,  944,   73,  844,  194,   78,  149,  466, 1058,  680,  254,  489,  386,   98,  914,  979,   64,  515,   64,  861, 1079,  890,  303,  874,  436,  663,  538,  715,  631, 1020,  743,  865,  498,  838,  590, 1027,  243,  243,  572,  855,  494,  331,  647,  665, 1044,  399,  513,  473,  979,  597,  964,  512,  293,  613,  920, 1054,  511,  773,  936,  612,  798,  188,  616,  464,  877,  702,  962,  643,  462,  698,  984,  434,  644,  783,  640,   84, 1002,  771,  506,  817,  940,  802,  567,  761,  150,  446,  980,  182,  101,  854,  623,  940,  691,  848,  167,   56,  503, 1106,  488,  753,  295,  698,  424,  596,  854],
        [   59,    0,  730,  226,   45,  896,  761,  738,  746,  594,    0,  753,  668,  753, 1148,  753,  894,  897,  438,  885,  393,  749,  219,  417,  316,  808,  454,  934,  581,  907,  637,  904,   38,  948,  721,   78,  345,  541,  498,  735,  571,  516,  856,  212,  505,  711,  753,  535,  937, 1014,  411,  850, 1116,  465,  725,  570,  556,  665,  517,  731,  148,  845,  870,  505,  526,  220,  643,  648, 1064,  643,  816,  568,  868,  757, 1064,  357,  804,  823,  146,  750,  479,  405,  768,  623,  962,  297, 1102,  853,  915,  821,  396,  226,  895,  593,  270,  454, 1001,  861,  277,  396,  230, 1211,   53, 1062,  763,  826, 1004, 1128,  874,  691, 1021, 1149,  684,  471,  407,   55,  795,  774, 1000, 1196,  849,  697,  821,  963,  751,  879, 1083,  248,  607,  724,  425,  146, 1006, 1007,  381,   31,  490,  505,  728,  864,  753,  661,  918,  881,  906,  623,  491,  756,  627,  170,  876,  917, 1046,  813,  266,  337,  599,  590],
        [  733,    0,  132,  610,  797,  323,  366,  498,  433,  614,  753,    0,  394,  243,  416,  216,  442,  173,  317,  366,  361,   56,  669,  470,  645,  449,  466,  250,  633,  378,  618,  164,  723,  275,  206,  678,  420,  529,  363,  348,  362,  430,  158,  732,  592,  526,  341,  376,  296,  372,  351,  211,  366,  297,  486,  543,  502,  448,  596,  600,  625,  559,  119,  385,  228,  595,  541,  513,  369,  586,  198,  553,  262,  672,  318,  474,  317,  306,  691,   95,  417,  413,  565,  299,  255,  457,  355,  160,  463,  613,  492,  548,  246,  166,  588,  375,  314,  525,  498,  362,  525,  458,  712,  358,  140,  518,  374,  377,  531,  104,  275,  397,   86,  526,  588,  805,  235,  344,  282,  443,  108,  157,   86,  382,  227,  148,  352,  573,  535,  577,  538,  608,  255,  327,  627,  748,  459,  490,  193,  427,  579,  555,  241,  169,  348,  238,  576,  625,  577,  584,  609,  381,  316,  491,  612,  423,  177,  481],
        [  680,    0,  498,  647,  707,  712,  712,  117,   83,  243,  668,  394,    0,  181,  762,  582,  817,  404,  392,  749,  407,  441,  706,  253,  411,  798,  218,  639,  856,  764,  869,  434,  654,  378,  197,  596,  474,  188,  185,   87,  106,  154,  354,  539,  787,  825,  108,  606,  344,  764,  437,  604,  620,  416,  798,  183,  735,   55,  258,  207,  521,  899,  445,  169,  341,  451,  153,  788,  748,  200,  273,  193,  653,  958,  651,  312,  686,  199,  686,  309,  610,  544,  878,  588,  637,  460,  596,  349,  840,  238,  276,  558,  640,  314,  408,  542,  427,  877,  405,  427,  475,  737,  651,  733,  277,  179,  385,  678,  885,  295,  531,  694,  413,  712,  315,  705,  222,  699,  461,  720,  407,  237,  474,  775,  194,  404,  543,  619,  160,  871,  698,  540,  578,  713,  755,  648,  660,  185,  211,  796,  190,  164,  633,  381,  737,  527,  766,  234,  195,  527,  949,  270,  511,  158,  676,  382,  426,  735],
        [  752,    0,  367,  678,  796,  564,  597,  266,  197,  423,  753,  243,  181,    0,  582,  453,  684,  223,  380,  609,  412,  296,  739,  370,  548,  683,  346,  474,  809,  620,  808,  253,  732,  211,   48,  677,  484,  358,  263,  112,  209,  287,  173,  664,  751,  739,  101,  546,  188,  600,  427,  451,  442,  386,  704,  360,  679,  234,  430,  374,  608,  791,  269,  267,  296,  551,  334,  714,  575,  380,   92,  370,  503,  881,  470,  407,  556,   83,  737,  149,  567,  525,  785,  499,  466,  493,  419,  169,  705,  374,  394,  595,  482,  238,  522,  506,  264,  760,  477,  426,  534,  558,  725,  558,  107,  276,  251,  498,  767,  164,  351,  514,  290,  678,  464,  798,   47,  579,  287,  541,  231,  105,  312,  621,   17,  224,  371,  644,  340,  788,  675,  612,  398,  544,  749,  739,  616,  339,   55,  667,  347,  344,  470,  201,  590,  434,  732,  396,  376,  592,  841,  181,  338,  249,  696,  426,  338,  669],
        [ 1120,    0,  419,  973, 1191,  332,  504,  842,  771, 1001, 1148,  416,  762,  582,    0,  418,  456,  362,  713,  386,  758,  404, 1025,  884, 1060,  540,  877,  224,  861,  372,  818,  330, 1115,  433,  569, 1075,  803,  926,  775,  691,  760,  834,  410, 1146,  856,  685,  675,  669,  479,  222,  737,  312,  216,  684,  637,  933,  752,  815,  996,  952, 1030,  627,  323,  794,  635, 1007,  915,  711,  124,  961,  493,  944,  318,  810,  113,  889,  427,  597, 1063,  468,  728,  764,  687,  568,  189,  852,  239,  415,  459,  935,  906,  928,  275,  579, 1002,  716,  413,  576,  908,  753,  925,  164, 1102,  110,  490,  826,  510,  125,  573,  510,  256,  127,  468,  813, 1000, 1201,  546,  476,  350,  166,  359,  545,  335,  310,  569,  358,  314,  937,  918,  727,  844, 1007,  185,  174,  937, 1147,  751,  893,  555,  469,  922,  925,  242,  384,  344,  541,  848,  972,  956,  982,  662,  609,  317,  802,  962,  830,  549,  716],
        [  718,    0,   87,  561,  794,  154,  151,  694,  634,  774,  753,  216,  582,  453,  418,    0,  235,  360,  344,  172,  383,  161,  611,  585,  734,  234,  593,  195,  467,  190,  438,  335,  717,  475,  411,  686,  411,  682,  497,  551,  524,  577,  363,  791,  447,  326,  548,  252,  503,  263,  352,  107,  476,  306,  281,  702,  345,  633,  740,  788,  653,  344,  278,  525,  298,  649,  716,  328,  317,  759,  413,  711,  116,  471,  366,  563,  105,  521,  654,  309,  310,  354,  357,  150,  232,  467,  476,  366,  258,  813,  601,  527,  147,  281,  660,  305,  503,  309,  548,  371,  545,  528,  704,  319,  354,  724,  578,  443,  315,  294,  409,  463,  170,  398,  705,  807,  450,  128,  455,  518,  294,  356,  188,  224,  437,  335,  503,  527,  703,  376,  426,  620,  338,  259,  520,  756,  334,  634,  400,  216,  772,  733,  177,  365,  172,  131,  436,  815,  747,  595,  393,  596,  473,  698,  547,  469,  188,  314],
        [  849,    0,  320,  677,  931,  146,  135,  929,  868, 1003,  894,  442,  817,  684,  456,  235,    0,  557,  541,   86,  573,  388,  712,  801,  936,  102,  815,  287,  444,   89,  389,  526,  857,  674,  643,  837,  578,  910,  723,  785,  756,  804,  573,  972,  466,  252,  780,  360,  709,  236,  534,  250,  600,  501,  209,  931,  370,  867,  964, 1022,  822,  172,  472,  751,  518,  834,  949,  297,  333,  990,  635,  940,  200,  358,  462,  770,  131,  747,  771,  537,  416,  494,  238,  286,  326,  638,  609,  577,   25, 1047,  815,  671,  242,  512,  855,  447,  691,  120,  737,  555,  715,  609,  841,  349,  581,  957,  777,  536,  118,  528,  563,  551,  404,  452,  919,  947,  676,  132,  633,  604,  498,  589,  390,  147,  668,  534,  658,  648,  934,  284,  495,  780,  470,  289,  579,  904,  411,  859,  632,   30, 1006,  966,  277,  568,  123,  320,  466, 1049,  978,  755,  208,  814,  636,  930,  649,  662,  408,  330],
        [  883,    0,  288,  772,  941,  418,  510,  481,  410,  645,  897,  173,  404,  223,  362,  360,  557,    0,  470,  474,  513,  215,  832,  561,  742,  587,  546,  295,  803,  478,  784,   37,  869,  117,  218,  820,  578,  576,  449,  330,  416,  494,   51,  846,  764,  684,  314,  548,  153,  416,  510,  308,  230,  457,  640,  580,  672,  456,  648,  591,  760,  698,   86,  462,  377,  718,  556,  677,  370,  602,  132,  591,  359,  829,  250,  582,  447,  238,  849,  148,  589,  581,  716,  467,  274,  608,  211,   56,  574,  577,  585,  704,  322,  307,  700,  546,  145,  657,  629,  518,  668,  342,  860,  351,  146,  469,  221,  276,  661,  207,  134,  293,  258,  699,  668,  947,  185,  484,  110,  325,   68,  212,  173,  459,  211,   26,  188,  736,  562,  734,  710,  751,  178,  351,  798,  888,  631,  550,  205,  549,  561,  565,  297,   23,  444,  408,  748,  611,  598,  728,  745,  272,  150,  444,  778,  560,  348,  650],
        [  417,    0,  301,  306,  482,  497,  410,  504,  471,  498,  438,  317,  392,  380,  713,  344,  541,  470,    0,  503,   46,  311,  367,  271,  396,  485,  293,  506,  466,  525,  484,  472,  407,  540,  336,  364,  109,  404,  226,  415,  293,  305,  435,  448,  395,  464,  426,  232,  540,  602,   48,  428,  682,   41,  449,  432,  351,  424,  444,  564,  319,  566,  435,  254,   94,  306,  473,  417,  638,  505,  415,  438,  456,  583,  626,  231,  423,  462,  379,  327,  222,  153,  523,  259,  530,  142,  669,  433,  565,  622,  280,  234,  474,  164,  318,  153,  590,  559,  205,   49,  213,  773,  396,  633,  351,  570,  616,  691,  569,  268,  588,  711,  247,  321,  382,  491,  411,  410,  578,  758,  416,  293,  384,  566,  372,  450,  657,  270,  447,  504,  307,  295,  568,  583,  372,  435,  271,  349,  337,  513,  563,  493,  491,  457,  513,  224,  375,  593,  489,  270,  612,  560,  620,  547,  319,  126,  167,  357],
        [  844,    0,  251,  676,  924,   62,  136,  859,  796,  946,  885,  366,  749,  609,  386,  172,   86,  474,  503,    0,  539,  313,  717,  754,  898,  155,  764,  203,  486,   23,  438,  442,  848,  590,  570,  823,  555,  853,  668,  712,  695,  748,  491,  945,  495,  302,  706,  353,  626,  171,  504,  166,  518,  464,  254,  873,  393,  801,  911,  955,  800,  249,  388,  696,  468,  805,  886,  335,  264,  929,  555,  882,  116,  425,  381,  729,   82,  669,  771,  461,  412,  480,  302,  263,  243,  614,  526,  495,  101,  976,  769,  659,  157,  452,  821,  431,  606,  200,  705,  524,  692,  533,  833,  277,  505,  883,  693,  457,  199,  457,  478,  473,  338,  469,  873,  939,  598,  115,  548,  527,  416,  518,  309,   89,  593,  451,  574,  645,  874,  342,  508,  762,  386,  214,  597,  892,  418,  805,  558,   86,  937,  903,  192,  485,   43,  280,  491,  982,  918,  737,  290,  733,  551,  856,  653,  628,  357,  354],
        [  373,    0,  345,  267,  437,  536,  440,  515,  487,  491,  393,  361,  407,  412,  758,  383,  573,  513,   46,  539,    0,  356,  329,  256,  364,  511,  282,  550,  461,  561,  485,  516,  362,  580,  369,  319,   73,  397,  231,  438,  304,  304,  477,  408,  387,  478,  450,  246,  578,  643,   42,  471,  726,   78,  467,  427,  354,  434,  431,  567,  275,  587,  480,  257,  137,  267,  474,  427,  681,  503,  453,  432,  497,  590,  672,  207,  458,  493,  337,  369,  225,  143,  538,  288,  574,   97,  713,  475,  597,  631,  261,  192,  516,  207,  283,  158,  631,  583,  166,   23,  168,  819,  351,  677,  390,  586,  652,  736,  594,  309,  633,  756,  292,  313,  360,  446,  446,  442,  620,  804,  460,  330,  429,  605,  405,  493,  700,  233,  446,  515,  293,  250,  614,  627,  349,  390,  271,  342,  372,  545,  569,  495,  535,  500,  551,  260,  366,  596,  486,  225,  631,  592,  663,  564,  285,   90,  210,  365],
        [  725,    0,   77,  591,  792,  272,  311,  548,  484,  653,  749,   56,  441,  296,  404,  161,  388,  215,  311,  313,  356,    0,  649,  495,  663,  394,  494,  216,  588,  326,  570,  199,  717,  324,  257,  675,  408,  566,  392,  400,  400,  464,  208,  743,  551,  474,  394,  336,  348,  334,  340,  164,  384,  285,  433,  581,  458,  494,  630,  647,  627,  504,  146,  416,  231,  604,  584,  464,  343,  628,  253,  591,  212,  620,  316,  491,  262,  361,  677,  150,  382,  389,  511,  253,  229,  452,  376,  210,  409,  664,  515,  536,  203,  180,  601,  347,  359,  469,  504,  353,  523,  466,  705,  334,  194,  571,  424,  382,  475,  147,  299,  403,   65,  489,  614,  802,  290,  289,  320,  452,  147,  206,   74,  334,  280,  190,  384,  555,  576,  525,  504,  606,  261,  295,  595,  746,  421,  523,  245,  372,  627,  599,  205,  215,  297,  195,  536,  673,  619,  581,  554,  436,  349,  544,  590,  427,  154,  435],
        [  162,    0,  611,   62,  243,  739,  586,  800,  788,  706,  219,  669,  706,  739, 1025,  611,  712,  832,  367,  717,  329,  649,    0,  482,  460,  619,  520,  803,  363,  740,  422,  831,  186,  907,  698,  207,  259,  630,  521,  753,  601,  571,  800,  398,  290,  506,  768,  367,  906,  864,  324,  716, 1032,  376,  527,  663,  354,  720,  630,  822,  256,  642,  787,  539,  460,  329,  728,  444,  928,  741,  781,  664,  723,  541,  956,  414,  641,  818,   74,  693,  307,  263,  561,  466,  837,  250, 1022,  798,  732,  903,  470,  148,  757,  530,  383,  310,  957,  664,  313,  319,  238, 1113,  171,  929,  718,  881,  981, 1028,  677,  634,  943, 1048,  588,  267,  525,  262,  774,  603,  942, 1100,  774,  659,  721,  801,  733,  811, 1018,   97,  693,  514,  221,  207,  908,  870,  163,  243,  302,  582,  701,  683,  836,  748,  786,  821,  745,  485,  277,  850,  724,  204,  669,  917,  981,  863,   65,  325,  496,  391],
        [  433,    0,  519,  429,  455,  736,  674,  325,  330,  240,  417,  470,  253,  370,  884,  585,  801,  561,  271,  754,  256,  495,  482,    0,  182,  752,   39,  710,  708,  773,  737,  580,  405,  579,  351,  347,  299,  152,  113,  326,  165,  100,  513,  296,  630,  732,  346,  500,  557,  823,  297,  646,  791,  309,  718,  184,  607,  250,  176,  341,  271,  836,  567,  103,  287,  198,  246,  682,  836,  263,  450,  187,  685,  844,  781,   69,  677,  425,  450,  423,  479,  393,  791,  526,  722,  260,  771,  509,  825,  422,   25,  340,  690,  317,  157,  413,  632,  827,  169,  278,  245,  901,  404,  826,  416,  412,  614,  828,  838,  375,  695,  847,  440,  559,  121,  453,  415,  671,  648,  884,  535,  351,  555,  805,  373,  551,  733,  408,  212,  770,  532,  296,  712,  789,  565,  396,  524,  100,  362,  775,  354,  266,  698,  541,  756,  482,  609,  369,  246,  287,  882,  513,  698,  398,  466,  185,  398,  620],
        [  354,    0,  679,  424,  344,  888,  803,  451,  477,  282,  316,  645,  411,  548, 1060,  734,  936,  742,  396,  898,  364,  663,  460,  182,    0,  874,  202,  877,  761,  919,  802,  760,  320,  758,  531,  269,  375,  245,  294,  492,  340,  264,  694,  133,  680,  827,  513,  602,  734,  984,  404,  807,  972,  436,  822,  270,  684,  390,  206,  425,  205,  944,  745,  282,  441,  134,  343,  769, 1006,  336,  631,  266,  842,  919,  959,  174,  818,  598,  405,  603,  566,  474,  887,  651,  892,  317,  952,  690,  960,  517,  157,  351,  853,  484,   88,  508,  811,  944,  206,  383,  258, 1081,  326,  997,  597,  540,  788, 1008,  956,  553,  876, 1027,  605,  619,  102,  335,  594,  805,  828, 1065,  714,  531,  728,  958,  552,  732,  914,  417,  308,  857,  581,  254,  890,  956,  586,  288,  601,  227,  543,  908,  451,  359,  864,  722,  905,  619,  660,  447,  320,  261,  987,  679,  879,  533,  469,  275,  549,  706],
        [  760,    0,  319,  587,  843,  212,   87,  913,  856,  967,  808,  449,  798,  683,  540,  234,  102,  587,  485,  155,  511,  394,  619,  752,  874,    0,  770,  348,  343,  170,  289,  559,  770,  703,  639,  755,  506,  872,  684,  776,  726,  767,  595,  900,  365,  152,  774,  280,  734,  324,  470,  288,  663,  445,  108,  896,  271,  846,  921,  999,  745,  111,  503,  713,  478,  765,  921,  196,  418,  960,  646,  904,  248,  271,  531,  715,  142,  753,  680,  541,  331,  416,  148,  227,  390,  567,  669,  598,  117, 1034,  763,  589,  297,  486,  790,  372,  728,   79,  670,  491,  641,  685,  755,  431,  586,  950,  807,  608,   88,  521,  614,  625,  394,  355,  866,  860,  682,  106,  675,  679,  523,  583,  415,  237,  667,  563,  710,  560,  903,  188,  399,  701,  528,  368,  481,  820,  320,  819,  629,   78,  987,  939,  334,  594,  197,  276,  366, 1028,  947,  677,  160,  829,  685,  923,  556,  599,  375,  232],
        [  471,    0,  525,  467,  492,  743,  690,  287,  294,  209,  454,  466,  218,  346,  877,  593,  815,  546,  293,  764,  282,  494,  520,   39,  202,  770,    0,  710,  739,  783,  766,  567,  443,  556,  332,  385,  331,  117,  104,  294,  138,   66,  496,  324,  662,  756,  315,  524,  532,  825,  323,  650,  775,  330,  740,  149,  635,  212,  152,  303,  309,  856,  557,   84,  297,  235,  208,  707,  834,  227,  430,  153,  691,  871,  772,  107,  688,  398,  489,  412,  507,  422,  815,  544,  719,  295,  754,  492,  839,  383,   58,  378,  693,  319,  191,  439,  609,  846,  208,  305,  283,  887,  442,  823,  401,  374,  587,  816,  856,  368,  680,  835,  443,  590,  124,  489,  392,  685,  628,  870,  523,  337,  551,  812,  351,  537,  714,  445,  175,  795,  564,  335,  701,  789,  600,  432,  552,   63,  344,  789,  316,  229,  698,  525,  763,  497,  640,  332,  210,  325,  903,  482,  679,  360,  503,  218,  408,  646],
        [  903,    0,  206,  752,  977,  142,  294,  738,  670,  863,  934,  250,  639,  474,  224,  195,  287,  295,  506,  203,  550,  216,  803,  710,  877,  348,  710,    0,  646,  200,  608,  260,  900,  406,  445,  864,  589,  778,  607,  585,  611,  678,  325,  950,  636,  481,  574,  446,  447,  126,  525,   89,  316,  474,  433,  792,  532,  693,  843,  843,  824,  450,  216,  631,  438,  809,  788,  499,  132,  834,  402,  802,  103,  617,  185,  703,  216,  518,  843,  332,  504,  544,  494,  344,   43,  641,  323,  329,  299,  847,  730,  712,   54,  394,  811,  495,  415,  402,  708,  542,  717,  344,  887,  128,  368,  745,  507,  263,  402,  353,  277,  281,  272,  591,  830,  988,  452,  265,  353,  336,  251,  404,  166,  166,  458,  277,  372,  717,  784,  527,  620,  797,  184,   80,  714,  935,  528,  737,  432,  288,  819,  802,   18,  311,  165,  319,  626,  867,  825,  771,  492,  566,  351,  719,  740,  629,  340,  498],
        [  524,    0,  519,  362,  605,  532,  358,  969,  932,  947,  581,  633,  856,  809,  861,  467,  444,  803,  466,  486,  461,  588,  363,  708,  761,  343,  739,  646,    0,  505,   65,  785,  546,  907,  761,  554,  409,  855,  690,  869,  758,  765,  790,  736,   82,  194,  876,  264,  925,  656,  424,  565,  943,  441,  236,  886,  132,  890,  881, 1027,  578,  317,  730,  717,  522,  630,  934,  152,  743,  962,  810,  891,  546,  179,  828,  648,  435,  890,  436,  701,  247,  318,  229,  336,  688,  455,  942,  791,  457, 1088,  708,  414,  593,  572,  674,  314,  946,  355,  565,  438,  504,  990,  530,  752,  741, 1032, 1003,  906,  366,  655,  873,  925,  550,  149,  794,  624,  827,  386,  908,  980,  735,  706,  643,  573,  796,  777,  965,  354,  906,  176,  181,  525,  805,  688,  201,  602,  197,  800,  757,  420, 1027,  955,  630,  801,  525,  396,  102, 1057,  946,  509,  330,  984,  933, 1008,  317,  524,  475,  155],
        [  866,    0,  267,  698,  947,   61,  158,  872,  809,  963,  907,  378,  764,  620,  372,  190,   89,  478,  525,   23,  561,  326,  740,  773,  919,  170,  783,  200,  505,    0,  456,  445,  871,  593,  582,  846,  577,  871,  686,  725,  711,  766,  498,  967,  516,  319,  718,  376,  631,  154,  526,  173,  512,  485,  272,  890,  414,  815,  929,  970,  823,  258,  393,  714,  487,  827,  902,  355,  249,  945,  564,  900,  121,  439,  374,  749,  105,  678,  794,  472,  435,  503,  316,  286,  238,  636,  521,  502,  100,  989,  789,  682,  158,  470,  842,  454,  608,  207,  727,  546,  714,  522,  856,  263,  515,  895,  696,  448,  206,  470,  476,  463,  353,  491,  893,  961,  608,  137,  549,  516,  422,  531,  317,   68,  604,  456,  571,  668,  890,  358,  530,  785,  383,  203,  619,  915,  441,  823,  570,   97,  951,  918,  190,  490,   36,  302,  513,  997,  934,  760,  296,  741,  550,  868,  675,  649,  376,  375],
        [  582,    0,  497,  415,  664,  487,  315,  983,  942,  974,  637,  618,  869,  808,  818,  438,  389,  784,  484,  438,  485,  570,  422,  737,  802,  289,  766,  608,   65,  456,    0,  765,  602,  892,  760,  607,  440,  881,  709,  875,  774,  787,  776,  785,  133,  138,  881,  265,  913,  608,  446,  530,  911,  455,  184,  911,  134,  905,  912, 1047,  626,  255,  708,  737,  530,  673,  956,  111,  698,  986,  802,  916,  506,  121,  792,  680,  393,  889,  494,  692,  262,  344,  166,  319,  650,  490,  912,  777,  400, 1103,  738,  460,  554,  573,  715,  331,  928,  295,  602,  462,  545,  952,  586,  709,  734, 1042,  991,  870,  305,  650,  846,  888,  538,  184,  829,  683,  822,  344,  887,  943,  716,  704,  619,  524,  795,  759,  939,  404,  929,  113,  224,  573,  773,  645,  260,  658,  214,  826,  755,  366, 1045,  976,  592,  784,  478,  383,  149, 1076,  970,  556,  266,  980,  908, 1017,  372,  554,  471,  139],
        [  888,    0,  268,  771,  948,  385,  483,  514,  443,  674,  904,  164,  434,  253,  330,  335,  526,   37,  472,  442,  516,  199,  831,  580,  760,  559,  567,  260,  785,  445,  765,    0,  875,  149,  244,  827,  578,  603,  468,  362,  440,  517,   81,  861,  749,  660,  347,  534,  188,  380,  510,  277,  215,  456,  616,  608,  656,  486,  673,  624,  770,  669,   58,  483,  380,  730,  586,  657,  334,  633,  164,  618,  327,  806,  218,  598,  418,  273,  850,  160,  578,  576,  691,  450,  238,  612,  199,   86,  542,  612,  604,  705,  289,  311,  715,  538,  169,  628,  639,  519,  674,  321,  865,  315,  167,  505,  252,  251,  631,  216,  119,  269,  249,  686,  690,  955,  218,  457,  123,  305,   57,  230,  148,  424,  240,   30,  189,  735,  591,  710,  700,  758,  145,  315,  790,  896,  619,  574,  230,  519,  594,  596,  263,   57,  410,  393,  734,  644,  628,  735,  717,  308,  153,  479,  775,  569,  340,  632],
        [   34,    0,  697,  190,   77,  860,  724,  729,  733,  594,   38,  723,  654,  732, 1115,  717,  857,  869,  407,  848,  362,  717,  186,  405,  320,  770,  443,  900,  546,  871,  602,  875,    0,  924,  698,   59,  312,  535,  480,  718,  555,  504,  829,  228,  470,  674,  736,  498,  914,  979,  378,  816, 1087,  433,  688,  566,  519,  654,  516,  727,  134,  808,  841,  488,  496,  212,  637,  611, 1030,  640,  792,  564,  833,  722, 1032,  343,  768,  803,  113,  723,  442,  369,  731,  586,  928,  266, 1073,  827,  878,  816,  386,  191,  860,  564,  265,  418,  976,  824,  256,  364,  203, 1180,   17, 1028,  737,  816,  982, 1097,  837,  663,  993, 1118,  653,  435,  406,   91,  773,  737,  973, 1165,  820,  672,  790,  926,  729,  851, 1056,  211,  601,  688,  388,  121,  975,  973,  346,   58,  453,  496,  704,  827,  748,  655,  884,  854,  870,  587,  455,  752,  623,  142,  839,  898, 1019,  802,  231,  311,  566,  553],
        [  941,    0,  399,  845,  992,  533,  625,  429,  360,  618,  948,  275,  378,  211,  433,  475,  674,  117,  540,  590,  580,  324,  907,  579,  758,  703,  556,  406,  907,  593,  892,  149,  924,    0,  231,  871,  649,  563,  470,  294,  420,  497,  118,  872,  864,  797,  274,  648,   47,  522,  584,  425,  251,  534,  754,  560,  776,  424,  634,  539,  806,  814,  202,  477,  447,  754,  523,  787,  466,  567,  132,  571,  475,  942,  325,  612,  563,  183,  915,  217,  685,  666,  831,  574,  381,  670,  226,  117,  690,  509,  603,  771,  437,  378,  728,  636,   54,  773,  673,  588,  722,  369,  916,  445,  190,  399,  104,  326,  777,  274,  178,  338,  358,  796,  674,  996,  165,  600,   89,  352,  181,  253,  289,  571,  206,  141,  166,  810,  535,  847,  804,  804,  260,  455,  888,  936,  729,  548,  222,  666,  505,  528,  410,  110,  559,  512,  847,  555,  566,  782,  862,  177,  137,  376,  856,  613,  441,  756],
        [  717,    0,  324,  636,  764,  528,  553,  294,  228,  432,  721,  206,  197,   48,  569,  411,  643,  218,  336,  570,  369,  257,  698,  351,  531,  639,  332,  445,  761,  582,  760,  244,  698,  231,    0,  644,  441,  359,  240,  143,  199,  277,  168,  643,  703,  692,  138,  498,  217,  571,  383,  416,  445,  340,  657,  365,  631,  251,  430,  399,  577,  746,  249,  250,  250,  524,  349,  666,  552,  395,  100,  375,  467,  834,  459,  382,  515,  131,  698,  114,  519,  479,  738,  452,  441,  453,  424,  163,  665,  408,  375,  555,  449,  190,  498,  459,  285,  717,  445,  382,  498,  559,  691,  537,   81,  314,  286,  493,  724,  119,  351,  511,  245,  630,  453,  767,   77,  535,  297,  542,  212,   58,  280,  586,   37,  214,  383,  602,  350,  741,  628,  578,  386,  518,  703,  708,  568,  333,   15,  626,  375,  361,  440,  196,  553,  387,  684,  423,  389,  557,  796,  227,  348,  288,  653,  389,  291,  621],
        [   88,    0,  659,  193,  121,  831,  703,  671,  675,  539,   78,  678,  596,  677, 1075,  686,  837,  820,  364,  823,  319,  675,  207,  347,  269,  755,  385,  864,  554,  846,  607,  827,   59,  871,  644,    0,  276,  478,  423,  661,  498,  446,  779,  192,  475,  668,  679,  478,  860,  948,  339,  781, 1040,  392,  678,  509,  514,  596,  461,  671,   77,  800,  795,  431,  450,  155,  580,  606,  994,  584,  739,  507,  801,  727,  990,  285,  742,  747,  141,  673,  424,  344,  727,  561,  890,  224, 1025,  776,  859,  758,  328,  166,  826,  517,  208,  393,  924,  813,  200,  323,  154, 1136,   59,  991,  686,  758,  928, 1054,  825,  614,  945, 1074,  610,  432,  351,  128,  718,  714,  923, 1120,  773,  620,  747,  899,  675,  803, 1006,  205,  544,  686,  387,   70,  931,  938,  358,   72,  442,  438,  651,  808,  691,  598,  848,  804,  842,  556,  459,  696,  567,   95,  834,  842,  969,  744,  238,  260,  527,  545],
        [  317,    0,  385,  197,  388,  558,  443,  580,  555,  538,  345,  420,  474,  484,  803,  411,  578,  578,  109,  555,   73,  408,  259,  299,  375,  506,  331,  589,  409,  577,  440,  578,  312,  649,  441,  276,    0,  448,  294,  509,  370,  362,  543,  395,  331,  452,  521,  228,  648,  673,   69,  506,  785,  124,  448,  479,  314,  499,  473,  625,  246,  570,  539,  318,  202,  260,  531,  396,  719,  556,  523,  483,  526,  551,  723,  240,  473,  564,  272,  436,  191,   99,  512,  293,  617,   62,  773,  541,  601,  693,  299,  128,  551,  273,  289,  135,  699,  573,  170,   61,  138,  874,  299,  717,  459,  653,  723,  790,  584,  376,  693,  810,  344,  261,  390,  400,  517,  449,  686,  859,  522,  401,  481,  627,  477,  557,  764,  162,  501,  484,  234,  210,  668,  663,  281,  347,  230,  393,  443,  548,  630,  552,  573,  565,  571,  281,  310,  655,  539,  185,  612,  664,  727,  632,  213,  115,  256,  332],
        [  565,    0,  607,  579,  575,  827,  790,  207,  240,   96,  541,  529,  188,  358,  926,  682,  910,  576,  404,  853,  397,  566,  630,  152,  245,  872,  117,  778,  855,  871,  881,  603,  535,  563,  359,  478,  448,    0,  188,  274,  168,  106,  526,  377,  779,  867,  295,  636,  531,  899,  437,  727,  800,  439,  849,   33,  750,  154,   72,  194,  402,  963,  604,  159,  395,  324,  103,  820,  897,  112,  449,   36,  771,  986,  817,  219,  781,  387,  593,  459,  621,  538,  925,  648,  782,  411,  777,  521,  934,  281,  161,  491,  768,  402,  271,  553,  613,  949,  318,  420,  394,  916,  536,  884,  437,  296,  572,  852,  959,  426,  708,  869,  522,  707,  143,  569,  403,  783,  644,  899,  567,  382,  614,  894,  368,  573,  727,  559,   67,  907,  681,  436,  744,  856,  717,  516,  668,   56,  373,  886,  213,  121,  769,  554,  849,  597,  757,  221,   95,  431, 1010,  454,  695,  290,  617,  335,  502,  760],
