{
    "name": "random-19-14943",
    "comment": "size=19 seed=14943",
    "nodes": ["+0", "-0", "+1", "-1", "+2", "-2", "+3", "-3", "+4", "-4", "+5", "-5", "+6", "-6", "+7", "-7", "+8", "-8", "+9", "-9", "+10", "-10", "+11", "-11", "+12", "-12", "+13", "-13", "+14", "-14", "+15", "-15", "+16", "-16", "+17", "-17", "+18", "-18", "+19", "-19"],
    "precedence": {
        "+0": "-0",
        "+1": "-1",
        "+2": "-2",
        "+3": "-3",
        "+4": "-4",
        "+5": "-5",
        "+6": "-6",
        "+7": "-7",
        "+8": "-8",
        "+9": "-9",
        "+10": "-10",
        "+11": "-11",
        "+12": "-12",
        "+13": "-13",
        "+14": "-14",
        "+15": "-15",
        "+16": "-16",
        "+17": "-17",
        "+18": "-18",
        "+19": "-19"
    },
    "edges": [
        [    0,    0,  368,  865,  592,  649,  340,  453,  478,  458,  844,  494,  676,  402,  754, 1000, 1009,  636,  106,  615,  804,  315,  922,  618,  431, 1009,  994,  836,  293,  845,  715,  752,  750,  926,  419,  218,  226,   52,  942,  569],
        [    0,    0,  368,  865,  592,  649,  340,  453,  478,  458,  844,  494,  676,  402,  754, 1000, 1009,  636,  106,  615,  804,  315,  922,  618,  431, 1009,  994,  836,  293,  845,  715,  752,  750,  926,  419,  218,  226,   52,  942,  569],
        [  368,  368,    0,  851,  788,  394,  599,  269,  120,  344,  868,  662,  851,  223,  529,  758,  714,  285,  329,  359,  647,  416,  940,  505,  450, 1045, 1022,  630,  459,  937,  499,  572,  818,  625,  667,  158,  316,  319,  793,  513],
        [  865,  865,  851,    0,  484,  589,  642,  588,  928,  508,   87,  459,  436,  629,  504,  580,  740,  821,  763,  600,  345,  550,  108,  362,  441,  214,  186,  453,  582,  257,  491,  406,  196,  729,  610,  801,  653,  839,  328,  339],
        [  592,  592,  788,  484,    0,  760,  259,  622,  901,  542,  413,  129,   89,  623,  764,  950, 1060,  918,  527,  746,  680,  372,  474,  543,  383,  516,  515,  778,  336,  315,  729,  691,  291, 1012,  188,  660,  478,  595,  751,  453],
        [  649,  649,  394,  589,  760,    0,  695,  200,  410,  238,  639,  642,  786,  248,  139,  368,  362,  238,  558,   37,  289,  466,  695,  246,  388,  803,  775,  243,  536,  767,  119,  209,  645,  285,  730,  457,  457,  600,  425,  320],
        [  340,  340,  599,  642,  259,  695,    0,  513,  718,  457,  595,  192,  347,  491,  745,  971, 1040,  791,  293,  670,  719,  230,  668,  540,  323,  735,  727,  792,  162,  547,  705,  699,  480,  974,   79,  452,  289,  352,  828,  457],
        [  453,  453,  269,  588,  622,  200,  513,    0,  341,   89,  613,  496,  665,   57,  304,  550,  562,  296,  359,  168,  388,  284,  682,  236,  241,  789,  764,  394,  351,  704,  266,  320,  580,  484,  558,  276,  259,  405,  535,  255],
        [  478,  478,  120,  928,  901,  410,  718,  341,    0,  425,  952,  774,  961,  306,  549,  758,  685,  233,  447,  379,  688,  530, 1022,  570,  550, 1129, 1104,  653,  576, 1034,  526,  609,  912,  595,  785,  275,  433,  431,  830,  594],
        [  458,  458,  344,  508,  542,  238,  457,   89,  425,    0,  528,  417,  580,  122,  306,  549,  589,  380,  356,  215,  349,  229,  599,  173,  160,  705,  681,  379,  299,  615,  265,  294,  491,  519,  494,  316,  241,  415,  492,  171],
        [  844,  844,  868,   87,  413,  639,  595,  613,  952,  528,    0,  406,  358,  648,  568,  661,  817,  864,  746,  646,  416,  533,   79,  401,  436,  178,  156,  526,  554,  171,  550,  471,  123,  800,  554,  802,  642,  823,  413,  359],
        [  494,  494,  662,  459,  129,  642,  192,  496,  774,  417,  406,    0,  193,  495,  657,  859,  956,  791,  417,  626,  593,  246,  478,  437,  258,  544,  536,  682,  217,  359,  621,  592,  289,  902,  151,  539,  356,  489,  681,  347],
        [  676,  676,  851,  436,   89,  786,  347,  665,  961,  580,  358,  193,    0,  672,  774,  942, 1065,  960,  606,  776,  673,  436,  410,  555,  425,  441,  442,  776,  409,  237,  742,  693,  240, 1023,  276,  730,  547,  676,  726,  469],
        [  402,  402,  223,  629,  623,  248,  491,   57,  306,  122,  648,  495,  672,    0,  359,  604,  608,  303,  312,  214,  444,  267,  720,  286,  250,  826,  802,  450,  330,  729,  322,  376,  606,  528,  543,  220,  220,  353,  590,  292],
        [  754,  754,  529,  504,  764,  139,  745,  304,  549,  306,  568,  657,  774,  359,    0,  247,  299,  364,  656,  172,  171,  526,  612,  222,  424,  717,  688,  104,  595,  714,   41,   98,  597,  250,  768,  577,  545,  707,  292,  312],
        [ 1000, 1000,  758,  580,  950,  368,  971,  550,  758,  549,  661,  859,  942,  604,  247,    0,  184,  541,  902,  404,  270,  762,  679,  431,  650,  769,  739,  179,  829,  828,  286,  272,  730,  224,  984,  820,  790,  953,  260,  518],
        [ 1009, 1009,  714,  740, 1060,  362, 1040,  562,  685,  589,  817,  956, 1065,  608,  299,  184,    0,  453,  919,  395,  404,  816,  844,  519,  720,  939,  909,  294,  886,  978,  337,  372,  870,   91, 1066,  808,  818,  958,  435,  610],
        [  636,  636,  285,  821,  918,  238,  791,  296,  233,  380,  864,  791,  960,  303,  364,  541,  453,    0,  572,  222,  526,  569,  925,  464,  537, 1033, 1005,  464,  632,  979,  354,  445,  854,  364,  845,  418,  510,  585,  655,  520],
        [  106,  106,  329,  763,  527,  558,  293,  359,  447,  356,  746,  417,  606,  312,  656,  902,  919,  572,    0,  525,  699,  214,  824,  513,  327,  914,  898,  734,  204,  757,  616,  649,  657,  839,  369,  172,  120,   77,  837,  463],
        [  615,  615,  359,  600,  746,   37,  670,  168,  379,  215,  646,  626,  776,  214,  172,  404,  395,  222,  525,    0,  313,  441,  704,  247,  370,  813,  785,  275,  510,  768,  147,  233,  644,  316,  709,  421,  426,  565,  452,  315],
        [  804,  804,  647,  345,  680,  289,  719,  388,  688,  349,  416,  593,  673,  444,  171,  270,  404,  526,  699,  313,    0,  527,  452,  189,  406,  554,  524,  111,  589,  574,  173,   81,  467,  385,  724,  659,  580,  762,  147,  263],
        [  315,  315,  416,  550,  372,  466,  230,  284,  530,  229,  533,  246,  436,  267,  526,  762,  816,  569,  214,  441,  527,    0,  611,  339,  125,  702,  685,  585,   71,  554,  486,  493,  448,  748,  276,  298,  117,  291,  654,  271],
        [  922,  922,  940,  108,  474,  695,  668,  682, 1022,  599,   79,  478,  410,  720,  612,  679,  844,  925,  824,  704,  452,  611,    0,  462,  513,  109,   83,  560,  632,  191,  599,  514,  190,  835,  624,  878,  720,  901,  423,  429],
        [  618,  618,  505,  362,  543,  246,  540,  236,  570,  173,  401,  437,  555,  286,  222,  431,  519,  464,  513,  247,  189,  339,  462,    0,  221,  571,  544,  252,  403,  522,  187,  159,  400,  470,  555,  489,  394,  578,  325,   91],
        [  431,  431,  450,  441,  383,  388,  323,  241,  550,  160,  436,  258,  425,  250,  424,  650,  720,  537,  327,  370,  406,  125,  513,  221,    0,  611,  592,  471,  183,  489,  384,  379,  370,  659,  346,  367,  213,  401,  530,  147],
        [ 1009, 1009, 1045,  214,  516,  803,  735,  789, 1129,  705,  178,  544,  441,  826,  717,  769,  939, 1033,  914,  813,  554,  702,  109,  571,  611,    0,   31,  660,  717,  205,  705,  619,  260,  935,  683,  978,  814,  991,  510,  535],
        [  994,  994, 1022,  186,  515,  775,  727,  764, 1104,  681,  156,  536,  442,  802,  688,  739,  909, 1005,  898,  785,  524,  685,   83,  544,  592,   31,    0,  630,  703,  208,  676,  590,  249,  905,  678,  958,  796,  975,  480,  511],
        [  836,  836,  630,  453,  778,  243,  792,  394,  653,  379,  526,  682,  776,  450,  104,  179,  294,  464,  734,  275,  111,  585,  560,  252,  471,  660,  630,    0,  651,  685,  132,   93,  577,  276,  806,  669,  620,  790,  195,  339],
        [  293,  293,  459,  582,  336,  536,  162,  351,  576,  299,  554,  217,  409,  330,  595,  829,  886,  632,  204,  510,  589,   71,  632,  403,  183,  717,  703,  651,    0,  555,  555,  559,  458,  818,  215,  325,  145,  279,  712,  329],
        [  845,  845,  937,  257,  315,  767,  547,  704, 1034,  615,  171,  359,  237,  729,  714,  828,  978,  979,  757,  768,  574,  554,  191,  522,  489,  205,  208,  685,  555,    0,  691,  620,  125,  955,  489,  846,  671,  833,  582,  459],
        [  715,  715,  499,  491,  729,  119,  705,  266,  526,  265,  550,  621,  742,  322,   41,  286,  337,  354,  616,  147,  173,  486,  599,  187,  384,  705,  676,  132,  555,  691,    0,   93,  573,  283,  729,  541,  505,  668,  306,  276],
        [  752,  752,  572,  406,  691,  209,  699,  320,  609,  294,  471,  592,  693,  376,   98,  272,  372,  445,  649,  233,   81,  493,  514,  159,  379,  619,  590,   93,  559,  620,   93,    0,  506,  337,  713,  595,  532,  708,  222,  247],
        [  750,  750,  818,  196,  291,  645,  480,  580,  912,  491,  123,  289,  240,  606,  597,  730,  870,  854,  657,  644,  467,  448,  190,  400,  370,  260,  249,  577,  458,  125,  573,  506,    0,  842,  435,  733,  563,  734,  497,  334],
        [  926,  926,  625,  729, 1012,  285,  974,  484,  595,  519,  800,  902, 1023,  528,  250,  224,   91,  364,  839,  316,  385,  748,  835,  470,  659,  935,  905,  276,  818,  955,  283,  337,  842,    0, 1004,  722,  742,  875,  446,  559],
        [  419,  419,  667,  610,  188,  730,   79,  558,  785,  494,  554,  151,  276,  543,  768,  984, 1066,  845,  369,  709,  724,  276,  624,  555,  346,  683,  678,  806,  215,  489,  729,  713,  435, 1004,    0,  523,  353,  429,  823,  467],
        [  218,  218,  158,  801,  660,  457,  452,  276,  275,  316,  802,  539,  730,  220,  577,  820,  808,  418,  172,  421,  659,  298,  878,  489,  367,  978,  958,  669,  325,  846,  541,  595,  733,  722,  523,    0,  183,  167,  805,  469],
        [  226,  226,  316,  653,  478,  457,  289,  259,  433,  241,  642,  356,  547,  220,  545,  790,  818,  510,  120,  426,  580,  117,  720,  394,  213,  814,  796,  620,  145,  671,  505,  532,  563,  742,  353,  183,    0,  190,  718,  345],
        [   52,   52,  319,  839,  595,  600,  352,  405,  431,  415,  823,  489,  676,  353,  707,  953,  958,  585,   77,  565,  762,  291,  901,  578,  401,  991,  975,  790,  279,  833,  668,  708,  734,  875,  429,  167,  190,    0,  902,  534],
        [  942,  942,  793,  328,  751,  425,  828,  535,  830,  492,  413,  681,  726,  590,  292,  260,  435,  655,  837,  452,  147,  654,  423,  325,  530,  510,  480,  195,  712,  582,  306,  222,  497,  446,  823,  805,  718,  902,    0,  384],
        [  569,  569,  513,  339,  453,  320,  457,  255,  594,  171,  359,  347,  469,  292,  312,  518,  610,  520,  463,  315,  263,  271,  429,   91,  147,  535,  511,  339,  329,  459,  276,  247,  334,  559,  467,  469,  345,  534,  384,    0]
    ]
}
