{
    "name": "random-73-10555",
    "comment": "size=73 seed=10555",
    "nodes": ["+0", "-0", "+1", "-1", "+2", "-2", "+3", "-3", "+4", "-4", "+5", "-5", "+6", "-6", "+7", "-7", "+8", "-8", "+9", "-9", "+10", "-10", "+11", "-11", "+12", "-12", "+13", "-13", "+14", "-14", "+15", "-15", "+16", "-16", "+17", "-17", "+18", "-18", "+19", "-19", "+20", "-20", "+21", "-21", "+22", "-22", "+23", "-23", "+24", "-24", "+25", "-25", "+26", "-26", "+27", "-27", "+28", "-28", "+29", "-29", "+30", "-30", "+31", "-31", "+32", "-32", "+33", "-33", "+34", "-34", "+35", "-35", "+36", "-36", "+37", "-37", "+38", "-38", "+39", "-39", "+40", "-40", "+41", "-41", "+42", "-42", "+43", "-43", "+44", "-44", "+45", "-45", "+46", "-46", "+47", "-47", "+48", "-48", "+49", "-49", "+50", "-50", "+51", "-51", "+52", "-52", "+53", "-53", "+54", "-54", "+55", "-55", "+56", "-56", "+57", "-57", "+58", "-58", "+59", "-59", "+60", "-60", "+61", "-61", "+62", "-62", "+63", "-63", "+64", "-64", "+65", "-65", "+66", "-66", "+67", "-67", "+68", "-68", "+69", "-69", "+70", "-70", "+71", "-71", "+72", "-72", "+73", "-73"],
    "precedence": {
        "+0": "-0",
        "+1": "-1",
        "+2": "-2",
        "+3": "-3",
        "+4": "-4",
        "+5": "-5",
        "+6": "-6",
        "+7": "-7",
        "+8": "-8",
        "+9": "-9",
        "+10": "-10",
        "+11": "-11",
        "+12": "-12",
        "+13": "-13",
        "+14": "-14",
        "+15": "-15",
        "+16": "-16",
        "+17": "-17",
        "+18": "-18",
        "+19": "-19",
        "+20": "-20",
        "+21": "-21",
        "+22": "-22",
        "+23": "-23",
        "+24": "-24",
        "+25": "-25",
        "+26": "-26",
        "+27": "-27",
        "+28": "-28",
        "+29": "-29",
        "+30": "-30",
        "+31": "-31",
        "+32": "-32",
        "+33": "-33",
        "+34": "-34",
        "+35": "-35",
        "+36": "-36",
        "+37": "-37",
        "+38": "-38",
        "+39": "-39",
        "+40": "-40",
        "+41": "-41",
        "+42": "-42",
        "+43": "-43",
        "+44": "-44",
        "+45": "-45",
        "+46": "-46",
        "+47": "-47",
        "+48": "-48",
        "+49": "-49",
        "+50": "-50",
        "+51": "-51",
        "+52": "-52",
        "+53": "-53",
        "+54": "-54",
        "+55": "-55",
        "+56": "-56",
        "+57": "-57",
        "+58": "-58",
        "+59": "-59",
        "+60": "-60",
        "+61": "-61",
        "+62": "-62",
        "+63": "-63",
        "+64": "-64",
        "+65": "-65",
        "+66": "-66",
        "+67": "-67",
        "+68": "-68",
        "+69": "-69",
        "+70": "-70",
        "+71": "-71",
        "+72": "-72",
        "+73": "-73"
    },
    "edges": [
        [    0,    0, 1004,  955,  683,  570,  644,  277,  106,  578,  441,  459,  819,  755,  463,  454,  533,  880,  774,  684,  418,  440,  487,  705,  301,  808,  857,  570,  414,  670,  757,  994,  484,  126,  408,  433,  796,  188,  710,  675,  106, 1156,  403, 1018, 1028,  887,  561,  183,  380,  650,  791,  904,  337,   96,  823,  593,  600,  546,  776,  232,  706,  657, 1074, 1139,  943,  815,  532,  785,  761,  426,  700,  284,  587,  657,  672,  787,  671,  670,  968,  986,  764,  423,  569,  414, 1031,  369,  826,  850,  901,  632,  499,   37,  885,  638,  360,  176,  704,  195,  298,  736,  790,  391,  174,  891,  915,  462,  707,  717,  465,  713,  896,  624,  116,  825,  205, 1123,  538,  764,  788,  589,  663,  668,  350,  321, 1160,  364,  303,  793,  580,  592,  686,   58,  757,  491,   45,  644, 1022,  232,   71,  690,  797,  613,  491,  480,  485, 1030,  245,  671],
        [    0,    0,    0,    0,    0,    0,    0,    0,    0,    0,    0,    0,    0,    0,    0,    0,    0,    0,    0,    0,    0,    0,    0,    0,    0,    0,    0,    0,    0,    0,    0,    0,    0,    0,    0,    0,    0,    0,    0,    0,    0,    0,    0,    0,    0,    0,    0,    0,    0,    0,    0,    0,    0,    0,    0,    0,    0,    0,    0,    0,    0,    0,    0,    0,    0,    0,    0,    0,    0,    0,    0,    0,    0,    0,    0,    0,    0,    0,    0,    0,    0,    0,    0,    0,    0,    0,    0,    0,    0,    0,    0,    0,    0,    0,    0,    0,    0,    0,    0,    0,    0,    0,    0,    0,    0,    0,    0,    0,    0,    0,    0,    0,    0,    0,    0,    0,    0,    0,    0,    0,    0,    0,    0,    0,    0,    0,    0,    0,    0,    0,    0,    0,    0,    0,    0,    0,    0,    0,    0,    0,    0,    0,    0,    0,    0,    0,    0,    0],
        [ 1004,    0,    0,  217,  859,  723,  804,  865,  906,  429,  579,  691,  389,  290,  550,  580,  903,  640,  262,  661,  904,  676,  616,  575,  874,  257,  595,  624,  759,  470,  398,  178,  644,  886,  607,  616,  551,  847,  901,  872, 1072,  212,  781,   48,   88,  230,  719,  944,  624,  367,  874,  314,  669,  917,  390,  589,  520,  460,  919,  922,  624,  545,  182,  204,  155,  557,  549,  613,  380,  893,  873,  731,  514,  382,  394,  522,  593,  723,  366,  322,  293,  657,  573,  902,  132,  942,  544,  161,  128,  595,  828,  975,  409,  369,  679,  829,  826,  816,  777,  650,  373,  851,  994,  153,  404,  593,  411,  445,  604,  577,  116,  382,  939,  628, 1017,  146,  678,  786,  560,  513,  646,  497,  891,  771,  228,  669,  702,  222,  508,  728,  627, 1031,  316,  637,  959,  517,  273,  774, 1048,  333,  216,  874,  640,  533,  807,  319,  859,  471],
        [  955,    0,  217,    0,  964,  805,  903,  875,  851,  431,  514,  738,  536,  383,  545,  502,  974,  429,  356,  773,  949,  562,  502,  692,  767,  379,  751,  477,  637,  566,  232,  384,  693,  850,  598,  635,  693,  778, 1009,  975, 1038,  420,  820,  265,  304,   69,  799,  858,  590,  315, 1000,  489,  625,  862,  539,  442,  594,  454, 1039,  923,  441,  645,  399,  415,  342,  704,  440,  415,  504,  940,  981,  711,  391,  299,  286,  327,  421,  544,  557,  519,  395,  684,  644,  946,  348,  975,  694,  183,  138,  690,  893,  931,  198,  343,  682,  784,  937,  783,  781,  776,  508,  890,  908,  305,  580,  619,  268,  284,  636,  696,  249,  388,  870,  775, 1012,  348,  749,  912,  700,  390,  752,  343,  920,  676,  438,  594,  656,  205,  392,  565,  739,  992,  199,  687,  912,  609,  480,  725,  986,  274,  295,  963,  692,  478,  868,  525,  769,  323],
        [  683,    0,  859,  964,    0,  177,   65,  408,  667,  578,  667,  304,  480,  586,  520,  700,  163, 1173,  614,  198,  273,  812,  804,  285,  849,  606,  333,  903,  863,  399,  909,  731,  327,  590,  508,  428,  331,  701,   46,   17,  655,  884,  299,  839,  821,  910,  187,  798,  575,  709,  110,  576,  596,  674,  480,  898,  375,  574,  102,  453, 1028,  321,  802,  867,  716,  336,  786, 1085,  479,  262,   21,  517,  819,  755,  798, 1028,  975, 1062,  581,  626,  576,  383,  332,  275,  793,  332,  352,  785,  838,  275,  186,  648, 1034,  665,  450,  608,   43,  562,  425,  219,  488,  293,  822,  707,  515,  421,  864,  906,  399,  284,  752,  605,  730,  285,  516,  896,  243,  120,  320,  822,  215,  898,  335,  775,  875,  690,  602,  762,  804, 1001,  233,  655,  833,  327,  657,  356,  690,  612,  752,  737,  674,   74,  323,  652,  205,  665,  784,  878],
        [  570,    0,  723,  805,  177,    0,  114,  299,  534,  404,  491,  135,  371,  437,  343,  525,  183,  996,  466,  122,  224,  640,  629,  182,  694,  467,  307,  727,  695,  254,  735,  618,  151,  461,  333,  253,  264,  553,  223,  183,  567,  781,  168,  710,  697,  748,   11,  658,  402,  537,  261,  473,  427,  543,  373,  721,  212,  398,  274,  357,  851,  182,  695,  763,  592,  280,  609,  908,  350,  210,  198,  359,  642,  581,  624,  852,  798,  886,  501,  539,  432,  211,  162,  224,  676,  282,  294,  630,  686,  132,  120,  534,  862,  493,  284,  464,  171,  419,  283,  174,  366,  203,  688,  571,  436,  245,  689,  730,  222,  186,  611,  434,  597,  266,  443,  781,   66,  205,  254,  645,  111,  721,  255,  612,  776,  520,  438,  601,  627,  827,  138,  555,  663,  151,  538,  207,  597,  458,  640,  567,  523,  159,  146,  475,  111,  582,  631,  701],
        [  644,    0,  804,  903,   65,  114,    0,  368,  620,  514,  604,  243,  430,  526,  456,  638,  154, 1109,  555,  147,  248,  751,  742,  233,  795,  549,  306,  840,  804,  340,  845,  682,  263,  545,  446,  365,  291,  650,  111,   73,  624,  838,  249,  786,  769,  848,  124,  749,  513,  645,  155,  529,  536,  628,  431,  834,  312,  509,  162,  417,  964,  262,  755,  821,  664,  299,  723, 1021,  424,  235,   85,  461,  755,  691,  734,  964,  911,  999,  541,  584,  518,  321,  268,  250,  743,  310,  315,  724,  778,  214,  147,  609,  970,  601,  391,  557,   63,  511,  374,  179,  435,  255,  776,  651,  475,  358,  800,  842,  335,  233,  695,  541,  684,  258,  490,  847,  179,  125,  280,  758,  159,  834,  302,  718,  831,  630,  544,  700,  739,  939,  180,  620,  769,  264,  616,  295,  646,  558,  714,  673,  615,   80,  260,  588,  160,  625,  731,  813],
        [  277,    0,  865,  875,  408,  299,  368,    0,  264,  449,  406,  209,  600,  584,  330,  435,  267,  930,  609,  417,  157,  500,  519,  453,  470,  632,  598,  621,  523,  451,  728,  812,  247,  186,  279,  249,  543,  315,  438,  402,  270,  980,  132,  868,  868,  808,  291,  398,  305,  563,  516,  696,  293,  270,  603,  629,  381,  423,  504,   64,  762,  416,  894,  962,  770,  562,  532,  834,  552,  161,  426,  188,  581,  590,  621,  805,  714,  762,  747,  773,  588,  211,  337,  153,  860,  132,  574,  731,  787,  381,  223,  242,  864,  533,  194,  222,  428,  179,   95,  470,  578,  116,  417,  729,  687,  273,  675,  703,  264,  460,  750,  495,  327,  561,  161,  961,  277,  488,  535,  585,  399,  671,   87,  421,  980,  379,  278,  682,  569,  689,  424,  256,  691,  255,  250,  414,  820,  250,  347,  602,  649,  341,  254,  421,  209,  818,  402,  661],
        [  106,    0,  906,  851,  667,  534,  620,  264,    0,  483,  337,  410,  743,  665,  373,  349,  531,  782,  683,  638,  419,  339,  383,  648,  226,  719,  803,  469,  321,  598,  652,  904,  426,   79,  320,  359,  737,   87,  699,  662,  203, 1063,  372,  922,  933,  783,  524,  134,  284,  548,  773,  823,  238,   13,  748,  491,  530,  451,  765,  242,  607,  594,  983, 1047,  851,  757,  427,  686,  683,  425,  686,  205,  482,  553,  567,  684,  570,  577,  891,  906,  676,  359,  505,  415,  938,  382,  766,  750,  800,  575,  482,   91,  780,  538,  288,   84,  682,  120,  252,  689,  711,  379,  156,  797,  841,  387,  601,  613,  395,  657,  800,  528,   64,  774,  257, 1027,  491,  735,  730,  485,  615,  564,  349,  222, 1068,  259,  204,  692,  475,  500,  635,  153,  652,  432,   67,  576,  938,  133,  143,  588,  702,  603,  433,  378,  463,  948,  161,  566],
        [  578,    0,  429,  431,  578,  404,  514,  449,  483,    0,  192,  313,  324,  191,  122,  212,  556,  601,  203,  414,  520,  343,  302,  356,  501,  244,  483,  375,  425,  230,  331,  425,  271,  458,  179,  205,  408,  436,  624,  586,  643,  581,  391,  441,  450,  366,  396,  542,  201,  134,  641,  373,  248,  496,  329,  357,  212,   33,  668,  501,  473,  290,  502,  565,  370,  427,  252,  519,  257,  511,  597,  303,  264,  178,  221,  454,  421,  531,  452,  453,  205,  255,  247,  517,  456,  545,  426,  284,  340,  319,  473,  548,  459,   92,  256,  404,  561,  388,  356,  439,  284,  460,  590,  315,  421,  189,  287,  330,  208,  364,  319,   48,  524,  482,  593,  545,  341,  561,  408,  267,  387,  330,  490,  394,  586,  277,  282,  234,  249,  490,  386,  603,  262,  267,  533,  251,  471,  351,  626,  167,  220,  560,  272,  146,  447,  491,  467,  306],
        [  441,    0,  579,  514,  667,  491,  604,  406,  337,  192,    0,  365,  511,  380,  155,   34,  598,  530,  389,  542,  527,  161,  139,  505,  311,  432,  649,  237,  238,  397,  330,  607,  341,  339,  160,  239,  573,  270,  711,  670,  525,  754,  408,  601,  617,  446,  481,  366,  103,  214,  750,  564,  118,  348,  516,  236,  354,  164,  765,  439,  369,  437,  680,  739,  549,  593,  128,  435,  444,  522,  687,  220,  176,  216,  233,  400,  318,  396,  643,  644,  395,  287,  366,  523,  630,  529,  596,  420,  467,  449,  519,  418,  465,  213,  235,  271,  661,  276,  317,  578,  472,  465,  416,  490,  610,  248,  277,  300,  270,  514,  481,  224,  363,  639,  516,  710,  427,  680,  571,  179,  513,  265,  475,  204,  762,   91,  145,  360,  163,  338,  521,  479,  317,  341,  398,  403,  660,  212,  476,  252,  391,  629,  345,   48,  492,  681,  284,  256],
        [  459,    0,  691,  738,  304,  135,  243,  209,  410,  313,  365,    0,  393,  401,  226,  399,  245,  884,  429,  229,  215,  508,  502,  248,  560,  443,  399,  602,  562,  247,  637,  617,   47,  342,  206,  128,  339,  422,  347,  306,  474,  784,   93,  686,  681,  675,  125,  529,  271,  445,  395,  491,  293,  419,  396,  599,  180,  299,  404,  272,  731,  207,  698,  767,  579,  358,  488,  793,  350,  204,  325,  226,  526,  484,  524,  743,  679,  760,  539,  567,  402,   79,  131,  212,  668,  253,  369,  574,  631,  175,  162,  422,  769,  405,  149,  336,  303,  292,  162,  280,  374,  161,  562,  546,  478,  129,  587,  625,  108,  256,  575,  352,  472,  367,  368,  772,   82,  339,  331,  529,  206,  609,  205,  477,  782,  387,  303,  535,  511,  698,  228,  453,  575,   54,  422,  207,  616,  325,  527,  480,  478,  265,   51,  355,  135,  612,  498,  592],
        [  819,    0,  389,  536,  480,  371,  430,  600,  743,  324,  511,  393,    0,  176,  386,  534,  552,  860,  194,  284,  584,  666,  624,  198,  812,  160,  215,  689,  747,  150,  572,  253,  353,  694,  429,  387,  163,  719,  519,  494,  854,  411,  482,  363,  342,  499,  371,  832,  486,  397,  486,  103,  533,  755,    6,  666,  221,  348,  532,  662,  766,  194,  327,  394,  239,  170,  570,  795,   68,  570,  492,  540,  571,  445,  487,  714,  717,  839,  150,  175,  158,  400,  263,  583,  314,  635,  159,  357,  400,  241,  488,  784,  664,  357,  459,  660,  444,  628,  532,  265,   41,  544,  876,  242,  101,  358,  546,  594,  354,  198,  295,  308,  796,  242,  760,  418,  346,  398,  171,  573,  274,  616,  593,  706,  405,  589,  563,  362,  557,  807,  251,  826,  474,  345,  777,  186,  227,  622,  880,  401,  250,  506,  346,  468,  473,  219,  769,  588],
        [  755,    0,  290,  383,  586,  437,  526,  584,  665,  191,  380,  401,  176,    0,  293,  395,  616,  685,   30,  392,  615,  522,  473,  309,  690,   55,  382,  527,  606,  187,  396,  240,  355,  631,  348,  339,  317,  623,  629,  597,  810,  402,  493,  286,  284,  336,  433,  731,  386,  228,  618,  191,  434,  677,  180,  501,  230,  222,  657,  643,  594,  265,  320,  386,  189,  330,  414,  620,  126,  603,  601,  472,  407,  274,  314,  538,  546,  671,  274,  267,   19,  374,  284,  612,  279,  653,  323,  201,  253,  313,  539,  723,  491,  193,  407,  583,  557,  561,  500,  393,  139,  562,  779,  146,  257,  313,  371,  419,  321,  314,  175,  158,  709,  399,  740,  378,  389,  530,  322,  408,  372,  443,  603,  583,  405,  467,  467,  192,  394,  645,  357,  774,  298,  348,  711,  233,  281,  535,  808,  226,   89,  592,  351,  333,  517,  303,  657,  415],
        [  463,    0,  550,  545,  520,  343,  456,  330,  373,  122,  155,  226,  386,  293,    0,  187,  469,  658,  312,  387,  417,  313,  292,  353,  429,  347,  500,  387,  384,  255,  415,  532,  194,  341,   57,  100,  425,  337,  564,  524,  524,  693,  289,  559,  567,  479,  333,  448,  101,  235,  598,  456,  149,  385,  390,  379,  203,   93,  616,  380,  509,  286,  611,  677,  480,  446,  267,  568,  321,  409,  540,  183,  301,  267,  303,  517,  456,  546,  528,  538,  303,  154,  212,  413,  568,  434,  450,  405,  461,  295,  387,  431,  550,  203,  137,  291,  511,  270,  237,  424,  350,  355,  494,  429,  486,   99,  365,  401,  122,  362,  438,  169,  419,  487,  472,  661,  278,  527,  422,  304,  359,  384,  379,  326,  697,  212,  179,  354,  286,  491,  367,  485,  365,  193,  418,  253,  567,  243,  515,  274,  337,  489,  197,  133,  360,  580,  384,  366],
        [  454,    0,  580,  502,  700,  525,  638,  435,  349,  212,   34,  399,  534,  395,  187,    0,  631,  498,  402,  574,  559,  133,  106,  535,  300,  447,  677,  203,  214,  425,  308,  617,  375,  358,  194,  273,  602,  277,  744,  704,  542,  761,  441,  603,  622,  435,  515,  366,  136,  213,  783,  582,  145,  360,  539,  202,  384,  187,  799,  466,  336,  468,  689,  746,  559,  622,   97,  403,  467,  555,  721,  249,  147,  207,  218,  370,  285,  362,  663,  661,  412,  321,  399,  555,  637,  560,  624,  419,  464,  481,  552,  433,  441,  219,  268,  289,  694,  298,  347,  610,  494,  497,  416,  498,  632,  282,  256,  275,  304,  544,  486,  238,  369,  669,  540,  713,  461,  713,  600,  150,  546,  236,  506,  194,  769,   93,  168,  359,  136,  305,  553,  495,  304,  375,  412,  432,  674,  230,  485,  249,  400,  663,  379,   67,  526,  698,  280,  230],
        [  533,    0,  903,  974,  163,  183,  154,  267,  531,  556,  598,  245,  552,  616,  469,  631,    0, 1124,  645,  282,  116,  726,  730,  359,  731,  648,  456,  832,  765,  435,  881,  800,  285,  453,  440,  369,  431,  578,  180,  151,  497,  963,  192,  891,  880,  914,  185,  665,  497,  688,  270,  654,  506,  537,  554,  833,  387,  543,  246,  302,  967,  364,  877,  945,  774,  443,  724, 1031,  532,  108,  176,  412,  765,  728,  768,  985,  915,  986,  677,  717,  611,  316,  334,  120,  859,  172,  458,  803,  860,  314,   83,  501, 1013,  647,  365,  483,  196,  437,  310,  324,  548,  155,  683,  752,  611,  373,  831,  869,  352,  361,  790,  593,  593,  409,  357,  964,  228,  273,  420,  768,  282,  851,  185,  669,  957,  602,  505,  770,  750,  919,  309,  501,  818,  290,  513,  388,  776,  499,  602,  722,  700,   89,  285,  594,  110,  759,  663,  834],
        [  880,    0,  640,  429, 1173,  996, 1109,  930,  782,  601,  530,  884,  860,  685,  658,  498, 1124,    0,  669, 1014, 1056,  446,  414,  952,  600,  710, 1060,  316,  469,  821,  289,  787,  851,  820,  684,  756,  989,  695, 1218, 1179,  983,  847,  936,  686,  724,  413,  987,  722,  633,  479, 1241,  851,  638,  789,  865,  302,  812,  601, 1266,  955,  175,  888,  818,  841,  734, 1005,  402,   98,  805, 1052, 1193,  743,  359,  429,  385,  149,  218,  231,  930,  903,  703,  808,  846, 1052,  763, 1057, 1001,  537,  527,  919, 1042,  872,  232,  524,  764,  751, 1159,  775,  845, 1037,  822,  994,  762,  680,  934,  756,  320,  274,  779,  959,  631,  585,  769, 1069, 1016,  776,  931, 1161,  992,  356,  988,  276, 1003,  560,  865,  555,  654,  507,  374,  301,  986,  933,  388,  849,  847,  849,  879,  699,  881,  464,  620, 1146,  853,  530, 1016,  920,  640,  296],
        [  774,    0,  262,  356,  614,  466,  555,  609,  683,  203,  389,  429,  194,   30,  312,  402,  645,  669,    0,  420,  643,  525,  475,  337,  699,   48,  404,  524,  611,  216,  381,  223,  382,  651,  367,  363,  341,  638,  658,  626,  832,  382,  520,  259,  259,  311,  462,  745,  402,  223,  645,  194,  450,  695,  198,  497,  259,  235,  685,  668,  584,  294,  301,  365,  169,  353,  414,  607,  150,  631,  630,  493,  403,  266,  304,  523,  537,  664,  277,  265,   40,  400,  312,  640,  257,  681,  345,  174,  225,  342,  568,  742,  471,  192,  430,  602,  585,  581,  524,  420,  159,  590,  793,  120,  268,  337,  359,  406,  346,  341,  147,  166,  725,  423,  765,  354,  418,  557,  347,  404,  400,  434,  630,  592,  386,  477,  483,  170,  391,  641,  385,  794,  281,  375,  730,  262,  273,  552,  826,  216,   62,  621,  379,  341,  546,  298,  669,  405],
        [  684,    0,  661,  773,  198,  122,  147,  417,  638,  414,  542,  229,  284,  392,  387,  574,  282, 1014,  420,    0,  343,  699,  679,   88,  780,  409,  185,  770,  764,  208,  739,  536,  221,  569,  395,  318,  150,  648,  240,  212,  686,  692,  285,  641,  624,  722,  129,  757,  467,  539,  231,  383,  500,  648,  284,  759,  203,  418,  266,  477,  883,  131,  609,  675,  519,  163,  648,  932,  282,  329,  212,  450,  672,  588,  632,  867,  830,  930,  397,  439,  381,  290,  176,  343,  597,  402,  178,  592,  644,   96,  236,  647,  857,  494,  368,  564,  166,  520,  389,   53,  290,  324,  791,  509,  331,  299,  698,  743,  280,   87,  556,  433,  700,  145,  564,  701,  148,  147,  139,  675,   29,  743,  376,  689,  684,  587,  517,  574,  656,  878,   35,  672,  655,  217,  649,  170,  501,  549,  752,  562,  481,  224,  215,  516,  231,  480,  721,  720],
        [  418,    0,  904,  949,  273,  224,  248,  157,  419,  520,  527,  215,  584,  615,  417,  559,  116, 1056,  643,  343,    0,  641,  652,  404,  626,  654,  527,  755,  672,  449,  831,  822,  262,  341,  377,  319,  488,  471,  295,  263,  383,  988,  130,  898,  891,  885,  221,  553,  424,  648,  381,  686,  424,  425,  586,  759,  388,  501,  361,  186,  893,  391,  902,  970,  788,  503,  655,  962,  552,   15,  288,  323,  700,  683,  719,  924,  843,  903,  721,  756,  614,  267,  335,    5,  876,   62,  518,  788,  845,  344,  109,  385,  966,  611,  294,  377,  301,  333,  218,  393,  572,   63,  570,  758,  656,  332,  779,  813,  314,  409,  789,  562,  481,  483,  244,  980,  239,  372,  478,  703,  334,  788,   71,  572,  984,  517,  417,  748,  686,  833,  362,  385,  779,  268,  398,  404,  811,  400,  486,  685,  692,  200,  265,  531,  114,  800,  558,  775],
        [  440,    0,  676,  562,  812,  640,  751,  500,  339,  343,  161,  508,  666,  522,  313,  133,  726,  446,  525,  699,  641,    0,   61,  665,  205,  571,  809,  131,   87,  557,  339,  734,  491,  375,  307,  388,  733,  253,  854,  814,  541,  868,  534,  705,  728,  499,  629,  305,  238,  317,  900,  710,  220,  347,  671,  153,  514,  319,  912,  516,  272,  597,  801,  855,  674,  754,  127,  349,  599,  639,  833,  318,  172,  295,  286,  348,  232,  263,  792,  788,  538,  430,  525,  637,  748,  630,  756,  516,  552,  608,  651,  429,  455,  336,  365,  306,  810,  333,  424,  737,  626,  581,  353,  612,  763,  401,  296,  293,  422,  674,  593,  365,  335,  799,  572,  815,  577,  834,  731,  173,  671,  237,  580,  123,  878,  125,  224,  456,  172,  193,  679,  491,  372,  492,  405,  563,  797,  257,  451,  346,  515,  768,  496,  199,  625,  823,  214,  247],
        [  487,    0,  616,  502,  804,  629,  742,  519,  383,  302,  139,  502,  624,  473,  292,  106,  730,  414,  475,  679,  652,   61,    0,  638,  266,  521,  778,  103,  144,  524,  281,  679,  479,  411,  297,  377,  702,  300,  848,  808,  585,  810,  538,  646,  670,  438,  619,  361,  234,  261,  888,  663,  228,  392,  629,  113,  487,  281,  903,  541,  244,  571,  745,  797,  619,  722,   67,  317,  557,  649,  825,  332,  111,  236,  225,  303,  197,  258,  745,  739,  490,  424,  503,  648,  691,  647,  723,  457,  492,  585,  652,  473,  400,  284,  366,  341,  799,  362,  436,  714,  583,  591,  410,  557,  720,  386,  236,  236,  409,  647,  536,  319,  386,  771,  605,  757,  565,  818,  701,  113,  651,  182,  595,  178,  821,  142,  241,  397,  112,  199,  657,  535,  312,  480,  449,  534,  745,  287,  504,  288,  461,  766,  484,  166,  626,  772,  271,  189],
        [  705,    0,  575,  692,  285,  182,  233,  453,  648,  356,  505,  248,  198,  309,  353,  535,  359,  952,  337,   88,  404,  665,  638,    0,  767,  323,  156,  724,  736,  133,  671,  450,  223,  585,  373,  303,   91,  646,  327,  299,  720,  607,  324,  554,  537,  643,  185,  758,  443,  474,  309,  298,  482,  659,  198,  710,  151,  365,  349,  515,  829,   68,  524,  590,  432,  111,  601,  873,  195,  390,  299,  450,  619,  523,  568,  803,  776,  883,  320,  359,  298,  290,  149,  404,  510,  460,  122,  510,  561,   74,  302,  669,  784,  428,  365,  569,  252,  529,  407,   87,  203,  375,  796,  423,  254,  279,  633,  679,  264,   10,  470,  367,  708,  135,  608,  615,  177,  221,   84,  622,   77,  685,  427,  670,  601,  561,  504,  496,  604,  836,   54,  700,  583,  217,  667,  106,  419,  546,  772,  493,  398,  309,  216,  473,  291,  401,  713,  660],
        [  301,    0,  874,  767,  849,  694,  795,  470,  226,  501,  311,  560,  812,  690,  429,  300,  731,  600,  699,  780,  626,  205,  266,  767,    0,  743,  921,  312,  138,  683,  542,  916,  559,  295,  397,  466,  848,  155,  887,  847,  406, 1059,  552,  900,  921,  704,  683,  124,  330,  509,  950,  872,  287,  227,  817,  343,  626,  471,  950,  460,  431,  704,  988, 1045,  858,  869,  330,  510,  745,  629,  870,  336,  376,  493,  489,  531,  406,  378,  949,  953,  705,  490,  619,  622,  936,  597,  874,  713,  753,  700,  670,  305,  651,  519,  414,  249,  857,  294,  426,  826,  774,  577,  163,  798,  912,  489,  500,  494,  505,  776,  784,  534,  186,  901,  482, 1011,  640,  898,  844,  378,  753,  436,  557,  108, 1068,  224,  264,  653,  377,  302,  768,  358,  576,  563,  281,  676,  971,  238,  286,  542,  699,  792,  566,  359,  647,  991,   69,  449],
        [  808,    0,  257,  379,  606,  467,  549,  632,  719,  244,  432,  443,  160,   55,  347,  447,  648,  710,   48,  409,  654,  571,  521,  323,  743,    0,  373,  571,  657,  214,  423,  186,  397,  684,  401,  389,  316,  678,  648,  618,  862,  351,  535,  245,  238,  340,  463,  785,  440,  270,  629,  147,  488,  731,  163,  543,  267,  276,  671,  691,  629,  289,  267,  334,  139,  326,  461,  650,  129,  642,  620,  525,  450,  313,  350,  566,  583,  710,  231,  218,   45,  421,  320,  652,  229,  696,  316,  198,  243,  339,  574,  775,  507,  239,  458,  637,  574,  614,  549,  403,  130,  604,  833,  105,  225,  362,  403,  450,  368,  326,  147,  210,  763,  397,  789,  330,  423,  540,  322,  451,  392,  480,  647,  636,  353,  520,  521,  205,  438,  688,  374,  826,  323,  390,  764,  261,  228,  589,  861,  262,   92,  618,  393,  385,  553,  252,  711,  451],
        [  857,    0,  595,  751,  333,  307,  306,  598,  803,  483,  649,  399,  215,  382,  500,  677,  456, 1060,  404,  185,  527,  809,  778,  156,  921,  373,    0,  857,  883,  254,  773,  438,  378,  739,  525,  457,   76,  802,  361,  349,  867,  572,  466,  564,  537,  712,  313,  913,  594,  585,  302,  283,  635,  814,  212,  839,  297,  498,  354,  659,  951,  218,  497,  556,  441,   57,  734,  988,  257,  513,  338,  605,  746,  635,  678,  912,  899, 1014,  262,  310,  365,  445,  303,  528,  500,  587,   60,  571,  614,  228,  419,  821,  873,  541,  520,  724,  292,  684,  560,  135,  245,  509,  951,  454,  201,  433,  741,  788,  418,  147,  508,  484,  863,   49,  748,  597,  322,  224,   78,  748,  200,  803,  561,  822,  561,  711,  658,  573,  731,  972,  174,  850,  678,  372,  820,  248,  376,  701,  925,  596,  462,  384,  371,  613,  416,  344,  867,  776],
        [  570,    0,  624,  477,  903,  727,  840,  621,  469,  375,  237,  602,  689,  527,  387,  203,  832,  316,  524,  770,  755,  131,  103,  724,  312,  571,  857,    0,  174,  604,  246,  711,  577,  505,  397,  476,  782,  383,  947,  907,  671,  828,  641,  659,  688,  421,  717,  424,  335,  302,  984,  716,  331,  477,  694,   36,  574,  361, 1001,  641,  143,  657,  770,  816,  652,  801,  124,  219,  624,  752,  924,  435,  122,  262,  235,  221,  102,  161,  800,  788,  545,  524,  595,  751,  714,  750,  801,  471,  496,  676,  754,  559,  341,  335,  468,  436,  896,  460,  539,  803,  649,  694,  470,  589,  781,  483,  215,  194,  506,  733,  559,  382,  462,  854,  701,  768,  663,  912,  782,  121,  742,  135,  697,  250,  840,  242,  343,  416,  134,  118,  747,  621,  308,  577,  535,  619,  786,  384,  577,  316,  499,  866,  581,  255,  728,  818,  337,  156],
        [  414,    0,  759,  637,  863,  695,  804,  523,  321,  425,  238,  562,  747,  606,  384,  214,  765,  469,  611,  764,  672,   87,  144,  736,  138,  657,  883,  174,    0,  634,  409,  820,  549,  373,  369,  448,  808,  235,  904,  864,  519,  954,  576,  790,  813,  576,  685,  255,  298,  403,  956,  795,  269,  327,  752,  206,  587,  400,  964,  529,  297,  669,  887,  940,  760,  828,  211,  376,  680,  672,  884,  354,  250,  379,  368,  393,  269,  257,  876,  873,  623,  485,  592,  667,  833,  654,  831,  600,  635,  675,  695,  410,  514,  422,  414,  311,  865,  347,  457,  804,  708,  615,  298,  698,  845,  465,  370,  360,  485,  745,  679,  450,  301,  871,  571,  900,  635,  895,  805,  251,  736,  301,  607,  104,  964,  177,  262,  541,  253,  179,  746,  469,  452,  552,  385,  636,  883,  273,  413,  431,  601,  815,  555,  280,  670,  908,  172,  316],
        [  670,    0,  470,  566,  399,  254,  340,  451,  598,  230,  397,  247,  150,  187,  255,  425,  435,  821,  216,  208,  449,  557,  524,  133,  683,  214,  254,  604,  634,    0,  539,  373,  205,  545,  290,  239,  179,  579,  444,  411,  704,  540,  338,  457,  446,  514,  250,  692,  354,  342,  438,  245,  399,  609,  154,  587,   71,  244,  474,  514,  702,   79,  454,  522,  341,  198,  481,  744,  104,  436,  416,  393,  494,  392,  436,  672,  650,  761,  299,  323,  179,  251,  117,  447,  428,  495,  199,  386,  439,  127,  362,  635,  652,  297,  311,  515,  372,  481,  382,  219,  128,  403,  734,  318,  245,  211,  501,  548,  205,  140,  358,  237,  652,  253,  611,  533,  213,  352,  178,  496,  187,  556,  450,  580,  537,  466,  426,  366,  479,  718,  175,  676,  451,  197,  628,   48,  370,  480,  732,  361,  275,  406,  199,  360,  343,  368,  635,  530],
        [  757,    0,  398,  232,  909,  735,  845,  728,  652,  331,  330,  637,  572,  396,  415,  308,  881,  289,  381,  739,  831,  339,  281,  671,  542,  423,  773,  246,  409,  539,    0,  518,  598,  665,  455,  515,  703,  573,  955,  916,  849,  608,  703,  439,  472,  179,  727,  642,  424,  200,  968,  566,  448,  662,  576,  210,  538,  340,  997,  766,  228,  610,  562,  599,  462,  719,  226,  231,  518,  824,  928,  547,  172,  155,  113,  144,  196,  326,  647,  623,  414,  568,  578,  827,  506,  844,  714,  264,  272,  645,  798,  738,  137,  246,  541,  596,  891,  605,  635,  757,  534,  768,  691,  403,  647,  508,   54,   52,  529,  678,  360,  307,  663,  784,  845,  543,  672,  885,  706,  170,  713,  111,  788,  458,  623,  394,  474,  224,  178,  336,  708,  801,  101,  595,  716,  570,  605,  537,  780,  179,  334,  891,  599,  308,  771,  644,  551,   94],
        [  994,    0,  178,  384,  731,  618,  682,  812,  904,  425,  607,  617,  253,  240,  532,  617,  800,  787,  223,  536,  822,  734,  679,  450,  916,  186,  438,  711,  820,  373,  518,    0,  572,  870,  587,  573,  407,  860,  770,  746, 1047,  168,  709,  136,  102,  377,  617,  966,  624,  418,  731,  157,  672,  916,  252,  680,  437,  457,  779,  873,  743,  437,   82,  151,   60,  408,  614,  746,  271,  809,  743,  711,  592,  451,  478,  656,  703,  834,  192,  146,  230,  603,  488,  820,   63,  867,  393,  254,  261,  487,  732,  961,  561,  400,  644,  823,  695,  800,  733,  515,  253,  776, 1015,  123,  238,  546,  516,  558,  551,  450,  159,  385,  947,  476,  971,  166,  585,  644,  416,  593,  526,  601,  821,  810,  168,  697,  705,  300,  583,  825,  503, 1012,  422,  564,  950,  419,   97,  773, 1047,  397,  219,  757,  567,  559,  715,  143,  889,  572],
        [  484,    0,  644,  693,  327,  151,  263,  247,  426,  271,  341,   47,  353,  355,  194,  375,  285,  851,  382,  221,  262,  491,  479,  223,  559,  397,  378,  577,  549,  205,  598,  572,    0,  362,  184,  103,  313,  429,  371,  331,  506,  739,  139,  640,  635,  631,  140,  538,  254,  404,  410,  449,  282,  436,  356,  572,  136,  259,  424,  310,  703,  174,  653,  722,  533,  333,  460,  761,  307,  251,  347,  231,  494,  445,  485,  708,  650,  736,  500,  526,  355,   70,   90,  259,  623,  299,  343,  528,  585,  150,  203,  447,  729,  363,  147,  347,  320,  306,  187,  269,  332,  208,  575,  499,  441,   95,  550,  589,   73,  232,  528,  308,  486,  350,  408,  726,   87,  346,  306,  497,  195,  576,  251,  470,  738,  373,  297,  490,  479,  677,  213,  482,  533,    8,  445,  168,  574,  329,  549,  437,  431,  296,    8,  326,  177,  571,  500,  557],
        [  126,    0,  886,  850,  590,  461,  545,  186,   79,  458,  339,  342,  694,  631,  341,  358,  453,  820,  651,  569,  341,  375,  411,  585,  295,  684,  739,  505,  373,  545,  665,  870,  362,    0,  285,  308,  675,  143,  622,  585,  189, 1033,  297,  898,  907,  782,  451,  212,  264,  540,  697,  779,  225,   85,  698,  522,  476,  427,  687,  167,  646,  534,  950, 1016,  819,  695,  445,  723,  636,  347,  609,  160,  499,  551,  571,  713,  605,  627,  843,  861,  640,  300,  446,  337,  908,  305,  704,  735,  788,  512,  404,   92,  797,  523,  235,   71,  606,   71,  181,  621,  664,  301,  232,  769,  790,  337,  613,  630,  340,  593,  777,  504,  141,  708,  199, 1001,  422,  661,  668,  502,  547,  586,  271,  270, 1036,  275,  194,  679,  490,  550,  569,  145,  653,  369,   84,  520,  897,  128,  188,  580,  677,  525,  370,  372,  387,  904,  227,  584],
        [  408,    0,  607,  598,  508,  333,  446,  279,  320,  179,  160,  206,  429,  348,   57,  194,  440,  684,  367,  395,  377,  307,  297,  373,  397,  401,  525,  397,  369,  290,  455,  587,  184,  285,    0,   81,  452,  291,  551,  511,  467,  749,  253,  616,  623,  531,  323,  403,   72,  284,  594,  504,  111,  332,  434,  395,  230,  149,  607,  326,  528,  308,  667,  732,  535,  473,  285,  591,  366,  371,  528,  126,  326,  312,  345,  548,  476,  555,  574,  587,  357,  127,  226,  374,  624,  389,  478,  462,  517,  308,  360,  376,  591,  256,   87,  238,  503,  214,  185,  437,  395,  315,  447,  485,  528,   96,  403,  436,  116,  382,  495,  226,  369,  507,  417,  718,  270,  528,  448,  329,  367,  412,  333,  298,  752,  192,  136,  409,  311,  494,  379,  428,  413,  185,  363,  280,  618,  194,  462,  324,  394,  470,  189,  155,  333,  629,  346,  398],
        [  433,    0,  616,  635,  428,  253,  365,  249,  359,  205,  239,  128,  387,  339,  100,  273,  369,  756,  363,  318,  319,  388,  377,  303,  466,  389,  457,  476,  448,  239,  515,  573,  103,  308,   81,    0,  386,  346,  472,  431,  476,  739,  190,  620,  622,  570,  243,  458,  151,  330,  513,  472,  183,  370,  391,  472,  172,  183,  527,  306,  604,  241,  654,  722,  527,  407,  361,  665,  329,  311,  449,  155,  398,  365,  403,  617,  551,  634,  535,  554,  344,   54,  155,  315,  617,  341,  414,  483,  540,  234,  287,  398,  649,  294,   74,  276,  423,  242,  162,  361,  357,  258,  499,  483,  484,   29,  464,  501,   40,  312,  501,  249,  414,  436,  403,  716,  190,  448,  381,  401,  290,  482,  286,  373,  740,  271,  202,  437,  383,  574,  303,  443,  460,  105,  391,  219,  592,  245,  494,  367,  401,  392,  108,  228,  260,  597,  411,  466],
        [  796,    0,  551,  693,  331,  264,  291,  543,  737,  408,  573,  339,  163,  317,  425,  602,  431,  989,  341,  150,  488,  733,  702,   91,  848,  316,   76,  782,  808,  179,  703,  407,  313,  675,  452,  386,    0,  732,  366,  346,  811,  554,  413,  525,  501,  651,  268,  844,  520,  513,  325,  250,  562,  747,  162,  764,  223,  422,  373,  605,  877,  145,  474,  537,  400,   22,  659,  916,  192,  474,  340,  536,  671,  562,  606,  841,  825,  939,  251,  295,  302,  378,  233,  488,  469,  546,   31,  512,  558,  164,  383,  759,  807,  468,  451,  657,  292,  617,  498,  113,  186,  462,  883,  405,  185,  361,  670,  717,  348,   84,  457,  410,  796,   83,  697,  571,  267,  238,   11,  673,  154,  729,  514,  748,  545,  636,  585,  509,  656,  896,  127,  791,  609,  306,  757,  173,  359,  631,  862,  525,  401,  370,  306,  537,  375,  335,  795,  703],
        [  188,    0,  847,  778,  701,  553,  650,  315,   87,  436,  270,  422,  719,  623,  337,  277,  578,  695,  638,  648,  471,  253,  300,  646,  155,  678,  802,  383,  235,  579,  573,  860,  429,  143,  291,  346,  732,    0,  737,  698,  289, 1015,  403,  867,  881,  711,  543,  113,  239,  484,  804,  792,  190,   95,  724,  405,  515,  403,  801,  307,  521,  587,  937,  999,  805,  752,  347,  599,  656,  475,  721,  199,  402,  483,  493,  599,  484,  491,  864,  874,  636,  360,  499,  467,  890,  442,  760,  689,  737,  576,  519,  177,  699,  479,  283,   95,  712,  141,  277,  697,  685,  423,  158,  748,  819,  373,  523,  532,  384,  655,  746,  477,   93,  777,  338,  975,  504,  758,  726,  404,  623,  481,  402,  135, 1021,  185,  158,  630,  396,  414,  641,  239,  580,  434,  153,  564,  901,  101,  209,  522,  651,  642,  436,  315,  498,  916,   87,  485],
        [  710,    0,  901, 1009,   46,  223,  111,  438,  699,  624,  711,  347,  519,  629,  564,  744,  180, 1218,  658,  240,  295,  854,  848,  327,  887,  648,  361,  947,  904,  444,  955,  770,  371,  622,  551,  472,  366,  737,    0,   41,  676,  920,  335,  880,  860,  955,  232,  831,  618,  755,   96,  614,  637,  706,  519,  942,  421,  619,   67,  478, 1073,  365,  839,  903,  756,  370,  831, 1130,  521,  285,   28,  556,  864,  801,  844, 1074, 1020, 1106,  615,  660,  620,  425,  378,  298,  832,  351,  386,  829,  882,  320,  219,  676, 1079,  711,  491,  643,   76,  597,  461,  256,  528,  322,  853,  749,  550,  466,  910,  952,  443,  325,  795,  651,  763,  313,  536,  935,  288,  140,  356,  867,  258,  943,  360,  814,  911,  732,  643,  807,  849, 1044,  275,  679,  878,  372,  687,  400,  725,  650,  779,  783,  718,   97,  368,  696,  240,  698,  820,  923],
        [  675,    0,  872,  975,   17,  183,   73,  402,  662,  586,  670,  306,  494,  597,  524,  704,  151, 1179,  626,  212,  263,  814,  808,  299,  847,  618,  349,  907,  864,  411,  916,  746,  331,  585,  511,  431,  346,  698,   41,    0,  645,  899,  296,  853,  835,  920,  192,  794,  577,  717,  119,  591,  597,  669,  494,  902,  385,  580,  104,  445, 1033,  332,  817,  882,  730,  352,  790, 1091,  492,  253,   26,  516,  824,  763,  806, 1035,  980, 1065,  596,  641,  588,  385,  340,  266,  807,  322,  368,  796,  850,  286,  181,  642, 1042,  673,  451,  605,   59,  558,  422,  234,  501,  286,  817,  720,  531,  426,  871,  913,  403,  298,  765,  613,  726,  301,  506,  911,  248,  136,  336,  827,  227,  904,  327,  774,  890,  692,  602,  773,  809, 1003,  246,  646,  841,  332,  651,  367,  705,  611,  745,  746,  686,   64,  327,  656,  201,  680,  781,  884],
        [  106,    0, 1072, 1038,  655,  567,  624,  270,  203,  643,  525,  474,  854,  810,  524,  542,  497,  983,  832,  686,  383,  541,  585,  720,  406,  862,  867,  671,  519,  704,  849, 1047,  506,  189,  467,  476,  811,  289,  676,  645,    0, 1212,  401, 1082, 1089,  970,  559,  287,  452,  728,  764,  945,  414,  195,  858,  693,  634,  612,  742,  210,  809,  679, 1128, 1195,  999,  830,  626,  887,  801,  394,  671,  341,  680,  739,  758,  886,  772,  774, 1003, 1026,  818,  455,  596,  380, 1088,  326,  841,  922,  975,  648,  478,  113,  979,  711,  404,  255,  681,  258,  323,  739,  829,  371,  270,  950,  946,  504,  797,  811,  503,  728,  961,  690,  221,  830,  142, 1184,  546,  748,  803,  683,  668,  764,  323,  423, 1214,  455,  382,  867,  672,  697,  693,   51,  841,  514,  137,  672, 1067,  314,  141,  768,  861,  582,  513,  560,  469, 1070,  350,  765],
