{
    "name": "random-84-17245",
    "comment": "size=84 seed=17245",
    "nodes": ["+0", "-0", "+1", "-1", "+2", "-2", "+3", "-3", "+4", "-4", "+5", "-5", "+6", "-6", "+7", "-7", "+8", "-8", "+9", "-9", "+10", "-10", "+11", "-11", "+12", "-12", "+13", "-13", "+14", "-14", "+15", "-15", "+16", "-16", "+17", "-17", "+18", "-18", "+19", "-19", "+20", "-20", "+21", "-21", "+22", "-22", "+23", "-23", "+24", "-24", "+25", "-25", "+26", "-26", "+27", "-27", "+28", "-28", "+29", "-29", "+30", "-30", "+31", "-31", "+32", "-32", "+33", "-33", "+34", "-34", "+35", "-35", "+36", "-36", "+37", "-37", "+38", "-38", "+39", "-39", "+40", "-40", "+41", "-41", "+42", "-42", "+43", "-43", "+44", "-44", "+45", "-45", "+46", "-46", "+47", "-47", "+48", "-48", "+49", "-49", "+50", "-50", "+51", "-51", "+52", "-52", "+53", "-53", "+54", "-54", "+55", "-55", "+56", "-56", "+57", "-57", "+58", "-58", "+59", "-59", "+60", "-60", "+61", "-61", "+62", "-62", "+63", "-63", "+64", "-64", "+65", "-65", "+66", "-66", "+67", "-67", "+68", "-68", "+69", "-69", "+70", "-70", "+71", "-71", "+72", "-72", "+73", "-73", "+74", "-74", "+75", "-75", "+76", "-76", "+77", "-77", "+78", "-78", "+79", "-79", "+80", "-80", "+81", "-81", "+82", "-82", "+83", "-83", "+84", "-84"],
    "precedence": {
        "+0": "-0",
        "+1": "-1",
        "+2": "-2",
        "+3": "-3",
        "+4": "-4",
        "+5": "-5",
        "+6": "-6",
        "+7": "-7",
        "+8": "-8",
        "+9": "-9",
        "+10": "-10",
        "+11": "-11",
        "+12": "-12",
        "+13": "-13",
        "+14": "-14",
        "+15": "-15",
        "+16": "-16",
        "+17": "-17",
        "+18": "-18",
        "+19": "-19",
        "+20": "-20",
        "+21": "-21",
        "+22": "-22",
        "+23": "-23",
        "+24": "-24",
        "+25": "-25",
        "+26": "-26",
        "+27": "-27",
        "+28": "-28",
        "+29": "-29",
        "+30": "-30",
        "+31": "-31",
        "+32": "-32",
        "+33": "-33",
        "+34": "-34",
        "+35": "-35",
        "+36": "-36",
        "+37": "-37",
        "+38": "-38",
        "+39": "-39",
        "+40": "-40",
        "+41": "-41",
        "+42": "-42",
        "+43": "-43",
        "+44": "-44",
        "+45": "-45",
        "+46": "-46",
        "+47": "-47",
        "+48": "-48",
        "+49": "-49",
        "+50": "-50",
        "+51": "-51",
        "+52": "-52",
        "+53": "-53",
        "+54": "-54",
        "+55": "-55",
        "+56": "-56",
        "+57": "-57",
        "+58": "-58",
        "+59": "-59",
        "+60": "-60",
        "+61": "-61",
        "+62": "-62",
        "+63": "-63",
        "+64": "-64",
        "+65": "-65",
        "+66": "-66",
        "+67": "-67",
        "+68": "-68",
        "+69": "-69",
        "+70": "-70",
        "+71": "-71",
        "+72": "-72",
        "+73": "-73",
        "+74": "-74",
        "+75": "-75",
        "+76": "-76",
        "+77": "-77",
        "+78": "-78",
        "+79": "-79",
        "+80": "-80",
        "+81": "-81",
        "+82": "-82",
        "+83": "-83",
        "+84": "-84"
    },
    "edges": [
        [    0,    0,  421,  169,  594,  640,   79,  225,  526,  122,  442,  266,  635,   85,  281,  690,  742,  837,  573,  572,  264,  580,  235,   58,  421,  528,  118,  241,  151,  239,  340,  468,  576,  706,  557,   98,  528,  136,  381,  159,  530,  246,  341,  306,  638,  253,  305,  511,  361,  223,  647,  381,  701,  175,  508,  192,  569,  567,  414,  285,  349,  259,  570,  727,  341,  441,  803,  423,  318,  279,   40,  641,  240,  362,  491,  134,  464,  612,  644,  431,  416,  345,  305,  364,  486,  323,  479,  535,  546,  266,  422,  376,  618,  412,  728,  526,  163,  589,  348,  358,  155,  205,  228,  672,  496,  736,   27,  544,  606,  530,  285,  549,  214,  187,  179,  571,  637,  412,  253,  772,  373,  541,  237,  481,  201,  406,  149,  313,  600,  618,  636,  179,  388,  166,  220,  148,  562,  373,  416,  628,  233,  348,  319,  373,  681,  302,  527,  541,  151,  472,  719,  122,  374,  545,  308,  644,  578,  301,  353,  414,  797,  351,  399,  337,  433,  175,  576,  384,  486,  247],
        [    0,    0,    0,    0,    0,    0,    0,    0,    0,    0,    0,    0,    0,    0,    0,    0,    0,    0,    0,    0,    0,    0,    0,    0,    0,    0,    0,    0,    0,    0,    0,    0,    0,    0,    0,    0,    0,    0,    0,    0,    0,    0,    0,    0,    0,    0,    0,    0,    0,    0,    0,    0,    0,    0,    0,    0,    0,    0,    0,    0,    0,    0,    0,    0,    0,    0,    0,    0,    0,    0,    0,    0,    0,    0,    0,    0,    0,    0,    0,    0,    0,    0,    0,    0,    0,    0,    0,    0,    0,    0,    0,    0,    0,    0,    0,    0,    0,    0,    0,    0,    0,    0,    0,    0,    0,    0,    0,    0,    0,    0,    0,    0,    0,    0,    0,    0,    0,    0,    0,    0,    0,    0,    0,    0,    0,    0,    0,    0,    0,    0,    0,    0,    0,    0,    0,    0,    0,    0,    0,    0,    0,    0,    0,    0,    0,    0,    0,    0,    0,    0,    0,    0,    0,    0,    0,    0,    0,    0,    0,    0,    0,    0,    0,    0,    0,    0,    0,    0,    0,    0],
        [  421,    0,    0,  554,  699,  673,  499,  329,  478,  382,  858,  162, 1000,  339,  360,  703,  745,  797,  220,  291,  678,  496,  625,  466,  779,  721,  303,  472,  295,  641,  180,  791,  919,  602,  570,  405,  850,  483,  801,  275,  891,  520,  733,  630,  452,  607,  510,  493,  734,  643,  579,  428,  923,  263,  876,  493,  951,  795,  654,  623,  768,  664,  928,  755,  413,  676,  799,  446,  503,  624,  448,  842,  644,  714,  304,  418,  848,  407,  772,   25,    6,  701,  616,   63,  532,  685,   65,  697,  127,  207,    6,  189,  692,  754,  738,  166,  582,  826,  261,  183,  545,  583,  642,  881,  570, 1089,  424,  250,  685,  549,  337,  916,  591,  589,  403,  283,  695,  792,  553,  847,  314,  501,  187,  405,  566,  676,  477,  639,  960,  512,  870,  374,  760,  261,  234,  519,  656,  277,  768,  521,  640,  440,  145,   56, 1026,  683,  742,  465,  272,  882,  759,  302,  408,  572,  624,  224,  541,  583,  177,  791,  748,   78,  723,  439,  631,  251,  863,  781,  611,  238],
        [  169,    0,  554,    0,  503,  574,  115,  393,  513,  286,  314,  392,  468,  244,  446,  627,  679,  784,  666,  640,  233,  572,  266,  174,  252,  407,  268,  182,  259,   90,  431,  304,  408,  689,  511,  258,  363,   76,  279,  280,  363,  150,  341,  152,  662,   90,  229,  488,  384,  160,  623,  364,  557,  335,  341,  319,  406,  428,  286,  358,  240,  115,  402,  655,  328,  311,  737,  403,  249,  348,  129,  507,  244,  406,  540,  288,  301,  647,  539,  568,  549,  390,  393,  503,  439,  366,  604,  427,  674,  428,  554,  539,  538,  246,  663,  628,  150,  445,  406,  445,  222,   37,  113,  534,  435,  568,  149,  621,  526,  487,  313,  382,   46,   48,  337,  642,  562,  247,  130,  678,  408,  522,  368,  489,  276,  265,   91,  157,  433,  613,  491,  207,  220,  295,  325,   38,  481,  423,  452,  622,   95,  321,  474,  513,  513,  136,  398,  536,  303,  332,  643,  258,  366,  496,  393,  771,  551,  175,  514,  248,  750,  492,  461,  309,  324,  304,  418,  228,  403,  412],
        [  594,    0,  699,  503,    0,  114,  594,  772,  261,  701,  696,  597,  585,  610,  835,  159,  199,  310,  642,  548,  730,  291,  768,  637,  460,  142,  600,  354,  530,  545,  521,  384,  481,  325,  160,  686,  402,  474,  716,  552,  510,  360,  841,  381,  429,  438,  290,  230,  886,  655,  263,  276,  278,  660,  519,  785,  603,  213,  238,  855,  678,  561,  523,  164,  301,  223,  249,  254,  277,  845,  567,  194,  746,  909,  446,  723,  554,  452,   74,  723,  695,  892,  885,  690,  169,  868,  707,   96,  761,  726,  695,  814,   52,  416,  182,  643,  653,  240,  439,  517,  714,  486,  592,  230,  130,  614,  567,  564,   43,  169,  386,  538,  483,  541,  761,  557,   80,  518,  373,  179,  386,  244,  600,  321,  769,  280,  455,  383,  545,  317,  258,  435,  489,  571,  530,  488,   44,  423,  955,  319,  561,  278,  728,  698,  552,  494,  179,  291,  618,  676,  147,  573,  294,  148,  886,  830,  225,  331,  786,  510,  293,  691,  962,  284,  183,  573,  341,  564,  108,  732],
        [  640,    0,  673,  574,  114,    0,  652,  795,  201,  736,  795,  594,  698,  642,  857,   54,  105,  212,  582,  481,  805,  210,  834,  688,  564,  254,  625,  407,  552,  627,  502,  493,  594,  216,  104,  726,  514,  533,  807,  571,  621,  425,  915,  469,  340,  520,  348,  181,  957,  731,  160,  277,  381,  677,  629,  831,  713,  327,  334,  914,  768,  646,  635,   90,  312,  324,  165,  242,  330,  905,  618,  302,  817,  975,  392,  763,  660,  370,  165,  697,  669,  958,  940,  674,  160,  934,  670,  205,  717,  732,  668,  809,   64,  520,   90,  592,  721,  353,  421,  495,  773,  563,  672,  335,  144,  727,  614,  504,   72,  128,  393,  649,  561,  616,  796,  491,   39,  620,  447,  176,  366,  179,  603,  272,  827,  379,  513,  472,  658,  226,  369,  468,  589,  588,  537,  554,  105,  400, 1024,  225,  642,  297,  723,  681,  665,  585,  292,  223,  638,  778,   88,  598,  292,  105,  942,  776,  145,  411,  783,  613,  186,  677, 1024,  307,  274,  587,  455,  663,  176,  743],
        [   79,    0,  499,  115,  594,  652,    0,  288,  560,  179,  363,  342,  567,  163,  337,  704,  757,  857,  644,  636,  195,  617,  187,   61,  359,  511,  197,  246,  219,  166,  409,  417,  516,  741,  578,  149,  475,  121,  303,  232,  466,  235,  285,  265,  688,  205,  306,  541,  315,  146,  678,  411,  669,  252,  442,  206,  498,  538,  391,  262,  271,  184,  506,  737,  372,  417,  817,  453,  323,  254,   56,  616,  181,  326,  548,  176,  394,  666,  636,  509,  494,  309,  292,  442,  505,  285,  556,  525,  624,  343,  500,  452,  623,  357,  741,  599,   92,  557,  406,  426,  122,  149,  150,  645,  509,  671,   77,  611,  612,  552,  330,  483,  158,  117,  225,  636,  645,  344,  229,  771,  423,  574,  314,  523,  176,  375,  140,  271,  535,  657,  603,  218,  323,  241,  290,  111,  566,  429,  377,  667,  159,  373,  397,  451,  619,  237,  505,  579,  230,  394,  727,  198,  408,  564,  293,  721,  607,  277,  429,  347,  820,  429,  373,  361,  421,  251,  532,  311,  489,  322],
        [  225,    0,  329,  393,  772,  795,  288,    0,  640,  110,  632,  243,  855,  169,   63,  839,  890,  972,  538,  578,  409,  683,  332,  230,  644,  730,  173,  434,  244,  454,  358,  693,  801,  808,  699,  141,  753,  355,  556,  225,  753,  455,  432,  529,  698,  478,  496,  636,  421,  402,  762,  519,  915,  120,  730,  177,  785,  779,  624,  304,  534,  471,  793,  884,  483,  651,  951,  556,  504,  306,  265,  849,  363,  394,  536,  126,  681,  661,  832,  326,  327,  382,  291,  269,  635,  370,  394,  729,  447,  123,  333,  195,  787,  637,  878,  483,  337,  803,  412,  376,  266,  429,  432,  883,  657,  958,  248,  541,  776,  672,  403,  770,  438,  405,   87,  573,  801,  632,  469,  947,  459,  660,  218,  577,  265,  622,  365,  537,  822,  714,  851,  339,  610,  208,  267,  373,  735,  440,  445,  724,  445,  500,  186,  274,  905,  524,  736,  644,  157,  670,  880,  199,  505,  692,  299,  537,  701,  516,  182,  634,  927,  254,  396,  492,  633,  210,  799,  598,  665,   92],
        [  526,    0,  478,  513,  261,  201,  560,  640,    0,  601,  790,  417,  771,  505,  699,  226,  268,  334,  385,  288,  740,   60,  747,  581,  591,  351,  481,  332,  407,  587,  314,  546,  668,  181,  104,  597,  585,  451,  780,  420,  676,  372,  842,  457,  185,  489,  297,   37,  875,  670,  123,  150,  532,  521,  676,  709,  764,  437,  367,  810,  740,  610,  700,  278,  189,  372,  325,  110,  275,  804,  515,  446,  739,  883,  192,  632,  688,  198,  333,  502,  474,  866,  829,  485,  115,  843,  471,  307,  517,  560,  473,  625,  234,  549,  261,  392,  643,  469,  237,  304,  675,  514,  623,  485,  154,  825,  504,  307,  232,   93,  245,  705,  516,  560,  657,  297,  229,  638,  405,  376,  185,   24,  432,   74,  725,  411,  432,  464,  728,  102,  501,  348,  603,  433,  374,  483,  220,  213,  936,  110,  599,  193,  542,  490,  759,  569,  387,   34,  485,  786,  283,  455,  153,  113,  833,  577,   65,  390,  601,  632,  289,  489,  924,  205,  309,  431,  552,  665,  223,  576],
        [  122,    0,  382,  286,  701,  736,  179,  110,  601,    0,  526,  254,  746,   96,  160,  784,  836,  925,  569,  591,  310,  650,  245,  121,  537,  645,  123,  351,  195,  345,  358,  589,  694,  777,  646,   32,  648,  257,  453,  186,  644,  364,  352,  428,  686,  373,  415,  591,  353,  296,  724,  466,  822,  122,  621,  120,  676,  687,  533,  246,  428,  361,  684,  825,  427,  560,  897,  506,  426,  245,  161,  760,  269,  336,  529,   38,  572,  654,  755,  386,  379,  322,  249,  321,  578,  304,  446,  648,  507,  190,  385,  288,  721,  531,  823,  517,  231,  710,  392,  376,  169,  323,  323,  792,  594,  850,  148,  557,  710,  619,  356,  661,  332,  296,   61,  588,  738,  523,  374,  878,  429,  619,  224,  546,  184,  527,  269,  435,  714,  685,  757,  269,  501,  178,  244,  269,  666,  419,  391,  695,  336,  439,  253,  328,  797,  415,  646,  610,  132,  562,  819,  148,  455,  637,  255,  602,  658,  422,  269,  526,  883,  306,  355,  430,  549,  184,  698,  489,  593,  162],
        [  442,    0,  858,  314,  696,  795,  363,  632,  790,  526,    0,  698,  309,  526,  667,  847,  893, 1004,  980,  950,  241,  849,  334,  410,  243,  562,  559,  472,  567,  224,  744,  333,  329,  954,  761,  494,  354,  390,   88,  585,  262,  424,  302,  335,  956,  304,  494,  759,  358,  230,  884,  650,  615,  615,  235,  485,  220,  531,  461,  429,   99,  199,  288,  860,  620,  474,  944,  684,  515,  418,  411,  609,  294,  407,  847,  507,  169,  947,  701,  870,  853,  399,  472,  803,  695,  384,  912,  602,  981,  704,  858,  811,  743,  284,  876,  941,  296,  529,  718,  759,  373,  294,  216,  617,  676,  413,  435,  934,  731,  742,  621,  255,  289,  272,  552,  953,  771,  183,  387,  844,  714,  794,  671,  781,  397,  417,  403,  329,  302,  891,  558,  520,  208,  598,  635,  351,  691,  733,  420,  899,  221,  605,  760,  813,  389,  221,  533,  818,  592,   52,  843,  556,  657,  743,  467, 1079,  814,  401,  789,  191,  980,  791,  470,  594,  521,  607,  442,  132,  622,  681],
        [  266,    0,  162,  392,  597,  594,  342,  243,  417,  254,  698,    0,  842,  189,  296,  632,  680,  751,  316,  340,  528,  453,  485,  316,  621,  594,  151,  323,  134,  480,  116,  638,  764,  575,  492,  270,  697,  322,  644,  114,  733,  366,  594,  474,  456,  447,  368,  421,  602,  487,  535,  323,  794,  136,  717,  373,  791,  661,  513,  500,  610,  503,  771,  681,  297,  537,  739,  353,  365,  499,  290,  716,  499,  589,  294,  292,  688,  418,  665,  177,  157,  574,  502,  116,  439,  556,  215,  577,  283,  145,  162,  218,  599,  598,  670,  266,  429,  691,  181,  133,  402,  422,  483,  754,  470,  933,  266,  304,  590,  467,  212,  757,  430,  429,  292,  336,  608,  631,  397,  760,  233,  439,   32,  349,  432,  529,  317,  483,  803,  481,  737,  219,  600,  102,   79,  357,  555,  207,  644,  490,  480,  321,  132,  125,  871,  522,  610,  415,  126,  722,  681,  145,  305,  489,  508,  381,  481,  431,  191,  631,  704,  108,  609,  317,  499,   92,  718,  620,  498,  164],
        [  635,    0, 1000,  468,  585,  698,  567,  855,  771,  746,  309,  842,    0,  711,  903,  742,  777,  884, 1064, 1004,  524,  824,  614,  627,  222,  445,  734,  536,  711,  402,  847,  228,  105,  898,  705,  715,  187,  526,  391,  735,  109,  485,  606,  372,  955,  397,  519,  735,  663,  483,  829,  668,  394,  801,  127,  743,   89,  374,  406,  717,  382,  388,   74,  736,  652,  400,  814,  687,  535,  705,  596,  427,  574,  710,  891,  739,  178,  960,  557, 1017,  995,  699,  760,  957,  659,  682, 1042,  494, 1111,  895,  999, 1006,  636,  248,  760, 1037,  537,  354,  794,  857,  627,  432,  432,  416,  625,  108,  616, 1000,  627,  696,  692,   86,  424,  451,  789, 1010,  664,  224,  449,  682,  768,  766,  823,  791,  666,  364,  527,  363,   44,  862,  359,  627,  248,  753,  766,  496,  599,  799,  726,  867,  412,  628,  938,  967,   84,  333,  407,  804,  768,  259,  715,  721,  682,  687,  756, 1204,  770,  428,  981,  221,  874,  948,  774,  621,  463,  761,  247,  265,  556,  879],
        [   85,    0,  339,  244,  610,  642,  163,  169,  505,   96,  526,  189,  711,    0,  230,  689,  741,  830,  502,  512,  341,  555,  297,  128,  494,  563,   38,  267,  101,  320,  277,  533,  648,  682,  551,   95,  594,  193,  464,   96,  605,  287,  406,  367,  596,  321,  330,  496,  418,  305,  628,  370,  747,   92,  585,  208,  649,  611,  456,  325,  433,  341,  645,  731,  332,  483,  802,  411,  338,  321,  119,  681,  310,  410,  441,  128,  544,  566,  667,  348,  335,  394,  334,  281,  483,  374,  398,  562,  465,  185,  340,  296,  628,  481,  728,  454,  244,  636,  302,  296,  215,  279,  312,  715,  501,  811,   96,  481,  617,  524,  261,  625,  288,  268,  155,  510,  644,  490,  304,  787,  336,  523,  158,  451,  249,  455,  200,  375,  676,  591,  683,  176,  464,   94,  158,  217,  575,  328,  465,  601,  316,  345,  235,  290,  754,  379,  568,  515,   68,  556,  725,   56,  359,  542,  340,  562,  563,  349,  271,  491,  787,  268,  437,  335,  465,  103,  635,  466,  503,  169],
        [  281,    0,  360,  446,  835,  857,  337,   63,  699,  160,  667,  296,  903,  230,    0,  901,  952, 1032,  575,  624,  436,  741,  352,  277,  696,  792,  235,  496,  306,  501,  411,  748,  853,  866,  761,  189,  808,  413,  588,  287,  803,  516,  444,  586,  751,  533,  559,  697,  425,  439,  821,  580,  975,  180,  779,  191,  830,  840,  685,  305,  569,  516,  842,  946,  545,  712, 1012,  618,  566,  310,  320,  910,  387,  392,  589,  165,  728,  713,  894,  353,  359,  382,  283,  303,  697,  373,  423,  791,  470,  161,  365,  199,  849,  691,  940,  521,  375,  864,  469,  428,  296,  482,  475,  944,  720, 1008,  305,  585,  839,  734,  465,  819,  491,  454,  116,  618,  863,  680,  529, 1010,  517,  720,  273,  636,  284,  682,  423,  593,  872,  772,  911,  401,  660,  270,  326,  428,  797,  497,  439,  781,  492,  562,  216,  306,  956,  574,  797,  702,  219,  707,  942,  262,  566,  754,  292,  554,  761,  576,  194,  683,  987,  288,  384,  554,  695,  271,  856,  643,  728,  134],
        [  690,    0,  703,  627,  159,   54,  704,  839,  226,  784,  847,  632,  742,  689,  901,    0,   53,  159,  597,  492,  859,  221,  887,  739,  615,  300,  671,  458,  597,  680,  536,  542,  638,  194,  141,  774,  560,  585,  860,  615,  668,  478,  968,  522,  339,  573,  401,  213, 1009,  784,  154,  321,  409,  721,  677,  881,  761,  369,  386,  965,  821,  699,  681,   53,  358,  375,  114,  284,  382,  957,  669,  335,  869, 1027,  412,  811,  710,  374,  195,  727,  699, 1010,  991,  707,  206,  986,  695,  253,  739,  772,  698,  845,  108,  571,   39,  611,  773,  393,  456,  527,  825,  616,  725,  364,  195,  767,  665,  519,  118,  168,  437,  696,  615,  669,  843,  503,   79,  672,  500,  163,  401,  203,  643,  299,  879,  431,  565,  525,  702,  227,  404,  516,  641,  632,  579,  606,  156,  433, 1076,  224,  695,  345,  761,  714,  706,  638,  337,  242,  683,  829,   64,  644,  335,  148,  993,  792,  163,  465,  820,  664,  135,  711, 1076,  355,  326,  631,  497,  715,  229,  784],
        [  742,    0,  745,  679,  199,  105,  757,  890,  268,  836,  893,  680,  777,  741,  952,   53,    0,  112,  629,  522,  910,  255,  939,  792,  659,  340,  723,  511,  649,  731,  581,  583,  674,  202,  192,  827,  597,  637,  909,  666,  707,  530, 1020,  571,  361,  624,  453,  260, 1061,  835,  179,  373,  428,  772,  718,  933,  800,  403,  433, 1018,  870,  749,  718,   44,  410,  420,   62,  335,  435, 1009,  721,  361,  921, 1080,  449,  863,  753,  400,  222,  769,  741, 1063, 1043,  752,  258, 1039,  735,  295,  775,  821,  740,  892,  151,  615,   18,  646,  825,  425,  502,  572,  877,  667,  776,  386,  248,  796,  717,  552,  163,  218,  487,  735,  666,  721,  895,  533,  123,  716,  551,  151,  448,  245,  692,  341,  931,  477,  617,  574,  738,  254,  431,  568,  687,  682,  629,  658,  204,  479, 1129,  249,  746,  397,  808,  758,  737,  686,  376,  282,  733,  874,   65,  696,  386,  200, 1046,  825,  204,  515,  867,  709,   99,  757, 1129,  407,  374,  681,  530,  762,  279,  834],
        [  837,    0,  797,  784,  310,  212,  857,  972,  334,  925, 1004,  751,  884,  830, 1032,  159,  112,    0,  654,  547, 1016,  303, 1041,  889,  770,  451,  809,  612,  734,  839,  645,  694,  782,  204,  281,  918,  707,  739, 1019,  750,  817,  635, 1125,  680,  373,  732,  557,  336, 1165,  942,  219,  460,  523,  853,  828, 1027,  910,  510,  544, 1117,  980,  858,  827,  149,  499,  531,   74,  420,  537, 1109,  819,  463, 1025, 1181,  494,  954,  864,  417,  327,  820,  793, 1164, 1141,  812,  353, 1140,  778,  406,  811,  894,  791,  956,  262,  726,  129,  680,  929,  531,  571,  633,  977,  774,  883,  485,  350,  899,  813,  582,  274,  308,  571,  844,  773,  827,  983,  558,  234,  828,  657,  224,  519,  313,  766,  403, 1030,  588,  719,  683,  846,  286,  534,  661,  798,  764,  707,  762,  314,  545, 1231,  278,  854,  490,  874,  817,  841,  796,  486,  338,  816,  986,  169,  782,  471,  293, 1144,  849,  272,  623,  932,  820,   49,  818, 1229,  501,  484,  762,  637,  872,  388,  910],
        [  573,    0,  220,  666,  642,  582,  644,  538,  385,  569,  980,  316, 1064,  502,  575,  597,  629,  654,    0,  108,  836,  377,  799,  627,  851,  706,  464,  532,  425,  756,  237,  839,  970,  451,  488,  586,  892,  590,  937,  415,  957,  585,  908,  698,  283,  695,  545,  414,  918,  788,  451,  410,  902,  448,  947,  687, 1031,  790,  675,  815,  901,  781,  990,  649,  416,  691,  674,  407,  531,  814,  589,  816,  811,  905,  197,  606,  935,  238,  716,  234,  220,  890,  814,  273,  478,  871,  166,  670,  167,  417,  215,  408,  619,  818,  626,   55,  734,  822,  272,  222,  717,  688,  771,  856,  520, 1139,  567,   79,  616,  474,  373,  984,  694,  710,  601,   97,  613,  878,  623,  756,  298,  406,  347,  322,  748,  708,  578,  707, 1021,  376,  861,  461,  844,  410,  354,  629,  599,  265,  960,  382,  760,  442,  360,  271, 1073,  779,  736,  359,  442,  995,  659,  453,  393,  497,  821,  197,  438,  637,  397,  875,  606,  288,  921,  448,  634,  401,  884,  882,  580,  447],
        [  572,    0,  291,  640,  548,  481,  636,  578,  288,  591,  950,  340, 1004,  512,  624,  492,  522,  547,  108,    0,  830,  273,  805,  628,  800,  623,  475,  486,  422,  728,  235,  777,  907,  344,  390,  602,  827,  564,  916,  418,  900,  538,  912,  648,  176,  654,  488,  319,  928,  775,  344,  339,  815,  475,  894,  710,  979,  708,  606,  834,  878,  753,  931,  544,  353,  619,  567,  328,  470,  831,  581,  728,  811,  921,  114,  628,  888,  131,  620,  311,  290,  905,  839,  332,  388,  885,  251,  584,  269,  464,  286,  478,  521,  763,  521,  139,  727,  741,  234,  216,  723,  657,  749,  767,  431, 1073,  561,   42,  519,  379,  331,  929,  662,  686,  631,   12,  513,  833,  577,  652,  241,  307,  369,  232,  760,  643,  549,  657,  962,  270,  777,  434,  797,  418,  355,  603,  506,  218,  976,  275,  734,  377,  416,  332, 1007,  740,  655,  259,  459,  960,  555,  458,  324,  400,  845,  304,  336,  584,  462,  829,  499,  344,  945,  384,  559,  410,  810,  843,  495,  491],
        [  264,    0,  678,  233,  730,  805,  195,  409,  740,  310,  241,  528,  524,  341,  436,  859,  910, 1016,  836,  830,    0,  798,   94,  213,  369,  621,  378,  411,  413,  190,  603,  453,  510,  919,  743,  281,  499,  289,  156,  422,  446,  382,  112,  355,  878,  293,  461,  717,  162,   75,  853,  590,  739,  419,  418,  248,  439,  624,  501,  194,  147,  181,  482,  885,  552,  523,  968,  631,  481,  182,  250,  706,   53,  199,  742,  284,  352,  858,  758,  685,  674,  185,  237,  618,  671,  164,  738,  647,  804,  499,  680,  597,  767,  389,  894,  790,  104,  633,  601,  620,  144,  244,  141,  726,  667,  632,  271,  805,  755,  719,  521,  451,  247,  190,  324,  831,  792,  324,  360,  901,  615,  751,  498,  710,  157,  469,  309,  356,  504,  839,  674,  408,  323,  429,  483,  259,  710,  623,  234,  849,  173,  548,  560,  627,  594,  261,  604,  761,  407,  288,  872,  386,  590,  728,  232,  901,  781,  399,  579,  331,  982,  605,  261,  536,  547,  438,  576,  268,  633,  472],
        [  580,    0,  496,  572,  291,  210,  617,  683,   60,  650,  849,  453,  824,  555,  741,  221,  255,  303,  377,  273,  798,    0,  803,  636,  648,  396,  528,  391,  455,  646,  344,  600,  720,  128,  132,  648,  637,  509,  839,  467,  731,  431,  899,  516,  139,  548,  356,   92,  931,  729,   84,  208,  567,  564,  731,  760,  820,  481,  422,  864,  799,  669,  754,  273,  247,  425,  306,  169,  335,  858,  570,  482,  796,  939,  196,  682,  745,  163,  360,  519,  492,  922,  882,  509,  166,  899,  482,  350,  521,  597,  490,  654,  256,  606,  251,  392,  700,  512,  273,  331,  730,  574,  682,  520,  201,  874,  559,  299,  256,  132,  296,  760,  575,  619,  705,  283,  244,  696,  465,  380,  225,   58,  470,  106,  780,  467,  490,  523,  781,   42,  541,  403,  661,  479,  417,  541,  254,  247,  992,   51,  658,  252,  573,  514,  809,  628,  433,   40,  530,  845,  283,  503,  210,  147,  886,  572,   67,  449,  631,  690,  255,  516,  979,  264,  362,  475,  599,  724,  271,  614],
        [  235,    0,  625,  266,  768,  834,  187,  332,  747,  245,  334,  485,  614,  297,  352,  887,  939, 1041,  799,  805,   94,  803,    0,  177,  447,  671,  335,  430,  384,  253,  572,  526,  594,  928,  763,  220,  576,  303,  248,  388,  531,  411,  110,  408,  871,  344,  486,  728,  128,  139,  865,  598,  805,  362,  504,  162,  530,  684,  549,  106,  240,  251,  568,  918,  559,  574,  998,  640,  505,   94,  235,  765,   42,  141,  725,  213,  440,  846,  804,  629,  621,  125,  148,  564,  690,  101,  687,  692,  750,  433,  627,  525,  801,  462,  923,  750,  116,  697,  582,  590,   83,  288,  205,  788,  692,  722,  250,  776,  789,  738,  514,  539,  293,  234,  246,  804,  825,  408,  396,  943,  605,  760,  454,  708,   69,  523,  323,  410,  593,  843,  739,  403,  402,  390,  451,  282,  744,  607,  191,  853,  236,  559,  497,  571,  682,  331,  658,  765,  360,  381,  906,  348,  594,  749,  145,  846,  794,  440,  510,  414, 1005,  549,  196,  548,  589,  399,  649,  354,  666,  405],
        [   58,    0,  466,  174,  637,  688,   61,  230,  581,  121,  410,  316,  627,  128,  277,  739,  792,  889,  627,  628,  213,  636,  177,    0,  420,  562,  165,  284,  207,  225,  396,  478,  577,  762,  608,   89,  536,  166,  342,  213,  526,  282,  284,  324,  696,  264,  347,  565,  303,  183,  702,  435,  726,  209,  502,  151,  556,  594,  444,  230,  314,  241,  566,  775,  395,  471,  852,  477,  362,  223,   71,  670,  185,  305,  549,  115,  452,  670,  683,  474,  462,  288,  252,  407,  537,  265,  525,  573,  592,  295,  467,  401,  664,  418,  777,  579,  119,  614,  406,  414,   97,  210,  203,  700,  545,  731,   78,  600,  652,  582,  342,  542,  218,  177,  164,  628,  684,  403,  281,  815,  430,  596,  285,  538,  144,  430,  183,  330,  595,  675,  660,  234,  383,  218,  275,  165,  607,  431,  359,  684,  216,  400,  353,  415,  679,  298,  558,  597,  195,  444,  766,  175,  429,  596,  255,  689,  632,  330,  380,  406,  850,  393,  344,  389,  470,  227,  592,  368,  530,  272],
        [  421,    0,  779,  252,  460,  564,  359,  644,  591,  537,  243,  621,  222,  494,  696,  615,  659,  770,  851,  800,  369,  648,  447,  420,    0,  322,  514,  320,  490,  203,  630,   92,  157,  740,  544,  507,  131,  306,  286,  513,  113,  268,  471,  154,  770,  176,  313,  557,  527,  308,  670,  470,  382,  583,   98,  551,  181,  289,  234,  552,  257,  198,  152,  623,  448,  241,  707,  495,  332,  540,  381,  368,  409,  567,  688,  534,   98,  769,  460,  796,  774,  553,  593,  735,  486,  532,  822,  365,  891,  676,  778,  787,  508,   44,  642,  822,  349,  288,  580,  640,  439,  216,  245,  378,  460,  318,  400,  792,  497,  529,  478,  137,  207,  245,  584,  805,  537,   61,  231,  602,  560,  591,  601,  599,  486,  187,  306,  145,  184,  689,  320,  407,   46,  532,  545,  277,  460,  588,  597,  696,  217,  427,  717,  745,  261,  124,  291,  623,  548,  217,  605,  500,  481,  526,  590,  985,  604,  216,  761,   53,  749,  726,  630,  418,  296,  540,  212,  119,  398,  662],
        [  528,    0,  721,  407,  142,  254,  511,  730,  351,  645,  562,  594,  445,  563,  792,  300,  340,  451,  706,  623,  621,  396,  671,  562,  322,    0,  562,  297,  500,  432,  542,  243,  341,  455,  268,  625,  261,  397,  589,  525,  368,  282,  733,  267,  533,  329,  236,  315,  781,  547,  388,  301,  203,  628,  378,  713,  461,   87,  122,  765,  553,  445,  382,  303,  309,   99,  386,  299,  232,  755,  495,  123,  645,  810,  512,  661,  415,  548,  141,  743,  716,  793,  799,  700,  239,  770,  740,   50,  802,  706,  717,  805,  193,  280,  323,  696,  556,  119,  465,  543,  628,  384,  481,  161,  198,  482,  501,  632,  183,  264,  386,  396,  379,  438,  704,  631,  221,  382,  282,  285,  420,  341,  589,  392,  683,  154,  381,  266,  405,  430,  155,  397,  354,  545,  519,  401,  155,  458,  852,  434,  449,  282,  720,  709,  418,  371,   39,  385,  586,  539,  284,  537,  320,  251,  800,  881,  336,  234,  777,  373,  435,  697,  867,  282,   99,  549,  206,  431,  130,  706],
        [  118,    0,  303,  268,  600,  625,  197,  173,  481,  123,  559,  151,  734,   38,  235,  671,  723,  809,  464,  475,  378,  528,  335,  165,  514,  562,    0,  266,   75,  348,  241,  549,  666,  656,  532,  129,  609,  210,  499,   63,  626,  293,  444,  381,  564,  340,  327,  473,  455,  341,  604,  351,  750,   71,  607,  240,  674,  615,  459,  360,  467,  370,  666,  715,  314,  486,  784,  390,  333,  357,  148,  681,  348,  446,  408,  158,  569,  533,  660,  313,  299,  431,  368,  246,  466,  411,  361,  558,  428,  163,  304,  273,  615,  499,  710,  416,  280,  640,  270,  259,  253,  302,  344,  716,  486,  831,  125,  444,  605,  505,  238,  648,  311,  296,  177,  473,  630,  514,  313,  775,  307,  500,  121,  424,  286,  463,  213,  390,  697,  563,  688,  167,  487,   58,  123,  238,  563,  297,  502,  573,  345,  329,  206,  255,  773,  403,  569,  489,   35,  587,  710,   28,  339,  524,  373,  526,  540,  357,  248,  515,  765,  233,  472,  321,  464,   66,  646,  493,  493,  152],
        [  241,    0,  472,  182,  354,  407,  246,  434,  332,  351,  472,  323,  536,  267,  496,  458,  511,  612,  532,  486,  411,  391,  430,  284,  320,  297,  266,    0,  209,  258,  312,  320,  449,  508,  334,  334,  378,  127,  452,  235,  428,   53,  517,  166,  487,  170,   65,  307,  554,  340,  442,  184,  486,  334,  417,  432,  499,  350,  196,  508,  412,  282,  463,  492,  150,  222,  571,  222,   78,  499,  214,  416,  415,  570,  378,  371,  404,  476,  405,  492,  467,  553,  535,  437,  262,  529,  509,  297,  577,  416,  471,  521,  380,  289,  496,  503,  319,  377,  261,  321,  367,  185,  292,  451,  264,  619,  214,  475,  368,  309,  159,  455,  187,  229,  412,  490,  400,  348,   91,  532,  246,  341,  311,  312,  421,  207,  107,  175,  494,  432,  424,  107,  312,  255,  245,  153,  323,  271,  620,  441,  269,  140,  440,  447,  556,  255,  303,  356,  292,  477,  483,  242,  187,  320,  537,  669,  370,  111,  493,  344,  576,  431,  618,  128,  199,  261,  396,  358,  247,  413],
        [  151,    0,  295,  259,  530,  552,  219,  244,  407,  195,  567,  134,  711,  101,  306,  597,  649,  734,  425,  422,  413,  455,  384,  207,  490,  500,   75,  209,    0,  347,  191,  512,  636,  582,  458,  195,  573,  188,  516,   26,  602,  245,  491,  346,  497,  315,  266,  399,  508,  364,  530,  276,  694,  130,  585,  308,  658,  558,  405,  422,  481,  371,  641,  641,  240,  431,  709,  315,  269,  417,  165,  621,  390,  505,  344,  228,  555,  468,  592,  310,  291,  489,  434,  247,  392,  467,  346,  493,  416,  208,  295,  312,  543,  469,  636,  380,  310,  586,  203,  208,  302,  289,  353,  657,  414,  804,  143,  394,  533,  431,  163,  626,  297,  296,  251,  421,  557,  498,  272,  704,  236,  425,  112,  351,  343,  414,  184,  355,  672,  491,  633,  104,  468,   47,   71,  224,  492,  229,  560,  501,  347,  256,  234,  257,  744,  389,  510,  416,   89,  589,  637,   48,  264,  450,  439,  513,  465,  311,  285,  498,  691,  237,  536,  248,  402,   53,  601,  486,  424,  207],
        [  239,    0,  641,   90,  545,  627,  166,  454,  587,  345,  224,  480,  402,  320,  501,  680,  731,  839,  756,  728,  190,  646,  253,  225,  203,  432,  348,  258,  347,    0,  521,  276,  358,  760,  574,  314,  329,  166,  195,  366,  303,  216,  301,  166,  744,  108,  293,  559,  352,  118,  691,  441,  554,  411,  278,  349,  332,  435,  312,  355,  155,   26,  343,  703,  407,  334,  787,  478,  315,  344,  202,  517,  220,  384,  626,  338,  228,  731,  570,  654,  636,  369,  395,  588,  504,  346,  692,  460,  762,  504,  641,  614,  584,  211,  714,  717,  148,  446,  495,  535,  237,   74,   50,  538,  494,  507,  225,  710,  572,  552,  399,  318,   71,   53,  387,  730,  610,  179,  185,  713,  494,  594,  455,  569,  285,  279,  179,  166,  371,  688,  488,  296,  162,  381,  414,  127,  528,  511,  423,  697,   18,  396,  554,  598,  457,   81,  414,  612,  383,  243,  689,  342,  445,  558,  393,  859,  619,  216,  590,  183,  808,  577,  444,  385,  362,  390,  398,  146,  452,  485],
        [  340,    0,  180,  431,  521,  502,  409,  358,  314,  358,  744,  116,  847,  277,  411,  536,  581,  645,  237,  235,  603,  344,  572,  396,  630,  542,  241,  312,  191,  521,    0,  630,  760,  463,  399,  368,  686,  355,  701,  184,  739,  363,  680,  476,  341,  465,  340,  324,  694,  552,  427,  248,  745,  247,  727,  477,  807,  618,  482,  600,  664,  546,  774,  586,  234,  503,  639,  269,  331,  597,  354,  662,  580,  687,  179,  395,  708,  304,  593,  203,  175,  671,  606,  173,  355,  651,  202,  518,  267,  257,  176,  312,  516,  600,  573,  198,  500,  650,   83,   19,  490,  454,  534,  702,  391,  930,  333,  205,  509,  376,  162,  765,  461,  473,  402,  233,  521,  651,  399,  674,  138,  337,  141,  243,  526,  507,  344,  486,  806,  369,  693,  228,  617,  184,  122,  394,  478,  103,  742,  378,  524,  261,  230,  180,  866,  548,  565,  308,  226,  761,  589,  224,  229,  399,  612,  358,  379,  422,  288,  649,  598,  176,  711,  261,  454,  176,  693,  650,  432,  279],
        [  468,    0,  791,  304,  384,  493,  417,  693,  546,  589,  333,  638,  228,  533,  748,  542,  583,  694,  839,  777,  453,  600,  526,  478,   92,  243,  549,  320,  512,  276,  630,    0,  132,  682,  486,  561,   61,  341,  378,  538,  131,  272,  559,  168,  729,  216,  295,  510,  613,  388,  612,  440,  291,  619,  136,  617,  222,  199,  179,  630,  348,  276,  156,  546,  426,  177,  629,  459,  309,  618,  429,  277,  491,  651,  664,  591,  174,  733,  376,  810,  786,  637,  670,  753,  435,  615,  828,  290,  896,  710,  789,  820,  435,   65,  566,  815,  422,  196,  571,  638,  510,  268,  322,  286,  403,  301,  445,  774,  424,  474,  471,  161,  260,  309,  640,  784,  463,  152,  241,  516,  543,  542,  622,  564,  559,  137,  336,  159,  185,  639,  229,  419,  136,  557,  560,  321,  390,  575,  684,  645,  292,  401,  745,  762,  237,  196,  209,  578,  581,  303,  527,  531,  454,  468,  668,  987,  549,  209,  793,  143,  677,  745,  714,  394,  239,  564,  124,  210,  337,  700],
        [  576,    0,  919,  408,  481,  594,  516,  801,  668,  694,  329,  764,  105,  648,  853,  638,  674,  782,  970,  907,  510,  720,  594,  577,  157,  341,  666,  449,  636,  358,  760,  132,    0,  793,  601,  664,   83,  457,  398,  661,   68,  400,  604,  291,  852,  327,  426,  632,  661,  456,  725,  569,  308,  736,   96,  706,  140,  272,  304,  699,  379,  350,   50,  634,  556,  297,  713,  587,  440,  687,  537,  330,  555,  704,  794,  691,  165,  859,  456,  937,  914,  692,  741,  879,  555,  672,  957,  390, 1026,  829,  917,  939,  532,  168,  658,  946,  502,  254,  702,  768,  593,  372,  396,  324,  521,  171,  556,  905,  523,  592,  602,   79,  363,  401,  741,  914,  560,  187,  367,  585,  674,  663,  747,  691,  637,  265,  455,  282,   65,  758,  264,  546,  197,  680,  687,  432,  495,  706,  728,  763,  371,  532,  867,  889,  108,  280,  303,  701,  700,  285,  613,  651,  584,  583,  738, 1117,  666,  339,  913,  181,  771,  871,  768,  525,  360,  687,  147,  243,  452,  816],
        [  706,    0,  602,  689,  325,  216,  741,  808,  181,  777,  954,  575,  898,  682,  866,  194,  202,  204,  451,  344,  919,  128,  928,  762,  740,  455,  656,  508,  582,  760,  463,  682,  793,    0,  197,  775,  711,  630,  951,  594,  812,  545, 1022,  620,  170,  658,  467,  202, 1055,  848,   71,  330,  596,  690,  817,  887,  904,  535,  508,  990,  911,  782,  831,  237,  369,  506,  233,  289,  445,  984,  695,  517,  918, 1064,  298,  810,  838,  214,  380,  625,  599, 1047, 1009,  623,  259, 1024,  579,  406,  609,  719,  596,  770,  278,  697,  207,  478,  823,  563,  397,  449,  856,  688,  798,  550,  281,  936,  685,  379,  283,  213,  423,  841,  689,  736,  832,  355,  255,  792,  576,  350,  351,  168,  594,  232,  906,  554,  611,  625,  856,   95,  583,  528,  758,  605,  543,  661,  301,  370, 1117,   85,  772,  371,  692,  627,  872,  735,  494,  167,  657,  945,  254,  630,  334,  215, 1013,  646,  141,  554,  748,  785,  157,  630, 1105,  383,  446,  602,  661,  826,  346,  738],
        [  557,    0,  570,  511,  160,  104,  578,  699,  104,  646,  761,  492,  705,  551,  761,  141,  192,  281,  488,  390,  743,  132,  763,  608,  544,  268,  532,  334,  458,  574,  399,  486,  601,  197,    0,  638,  518,  461,  762,  475,  617,  363,  850,  427,  271,  470,  284,   79,  888,  670,  127,  182,  436,  581,  621,  746,  708,  352,  312,  836,  723,  595,  637,  189,  219,  310,  252,  144,  263,  829,  539,  351,  749,  903,  294,  675,  642,  293,  231,  594,  566,  886,  860,  571,   73,  862,  569,  220,  618,  632,  566,  706,  131,  501,  180,  494,  653,  383,  318,  392,  697,  506,  616,  388,   85,  749,  532,  410,  129,   27,  296,  646,  505,  556,  705,  400,  127,  596,  390,  277,  263,   85,  502,  171,  750,  358,  441,  432,  663,  162,  410,  380,  562,  491,  438,  486,  123,  297,  953,  166,  588,  209,  621,  578,  684,  543,  306,  132,  542,  750,  190,  505,  195,   18,  863,  680,   68,  363,  681,  589,  242,  574,  949,  220,  250,  490,  474,  631,  150,  644],
