{
    "name": "random-28-436",
    "comment": "size=28 seed=436",
    "nodes": ["+0", "-0", "+1", "-1", "+2", "-2", "+3", "-3", "+4", "-4", "+5", "-5", "+6", "-6", "+7", "-7", "+8", "-8", "+9", "-9", "+10", "-10", "+11", "-11", "+12", "-12", "+13", "-13", "+14", "-14", "+15", "-15", "+16", "-16", "+17", "-17", "+18", "-18", "+19", "-19", "+20", "-20", "+21", "-21", "+22", "-22", "+23", "-23", "+24", "-24", "+25", "-25", "+26", "-26", "+27", "-27", "+28", "-28"],
    "precedence": {
        "+0": "-0",
        "+1": "-1",
        "+2": "-2",
        "+3": "-3",
        "+4": "-4",
        "+5": "-5",
        "+6": "-6",
        "+7": "-7",
        "+8": "-8",
        "+9": "-9",
        "+10": "-10",
        "+11": "-11",
        "+12": "-12",
        "+13": "-13",
        "+14": "-14",
        "+15": "-15",
        "+16": "-16",
        "+17": "-17",
        "+18": "-18",
        "+19": "-19",
        "+20": "-20",
        "+21": "-21",
        "+22": "-22",
        "+23": "-23",
        "+24": "-24",
        "+25": "-25",
        "+26": "-26",
        "+27": "-27",
        "+28": "-28"
    },
    "edges": [
        [    0,    0,  734,  661,  128,   70,  560,  443,  299,  904,  674,  449,  791,  583,  188,  849,  434,  764,  588,  609,  769,  510,  161,  384,  616,  755,  811,  827,  212,  202,   23,  167,  835,   75,  889,   35,  821,  706,  872,  438,  899,  602,   58,  113,  677,  256,  782,  260,  740,  584, 1001,  497,  557,  811,  424,  493,  423,  208],
        [    0,    0,  734,  661,  128,   70,  560,  443,  299,  904,  674,  449,  791,  583,  188,  849,  434,  764,  588,  609,  769,  510,  161,  384,  616,  755,  811,  827,  212,  202,   23,  167,  835,   75,  889,   35,  821,  706,  872,  438,  899,  602,   58,  113,  677,  256,  782,  260,  740,  584, 1001,  497,  557,  811,  424,  493,  423,  208],
        [  734,  734,    0,  827,  859,  723,  487,  379,  823,  194,  107,  313,  588,  693,  666,  361,  359,  426,  544,  566,   52,  227,  720,  467,  611,   39,  569,   93,  632,  905,  747,  578,  762,  759,  185,  741,  160,   95,  179,  821,  176,  210,  775,  673,  452,  513,  237,  595,   14,  561,  339,  509,  859,   94,  621,  668,  535,  612],
        [  661,  661,  827,    0,  689,  592,  341,  491,  406,  876,  721,  582,  366,  137,  478,  633,  525,  492, 1080, 1107,  879,  728,  502,  434,  222,  817,  404,  890,  804,  627,  682,  684,  260,  735,  861,  696,  782,  739,  836,  253,  898,  619,  635,  556,  408,  526,  675,  438,  822,  268,  864,  988,  146,  918,  274,  197,  940,  785],
        [  128,  128,  859,  689,    0,  147,  646,  552,  289, 1027,  797,  569,  869,  633,  257,  956,  548,  861,  695,  713,  896,  636,  207,  483,  682,  880,  893,  952,  317,  103,  120,  293,  891,  141, 1012,  133,  941,  829,  994,  444, 1023,  720,   88,  204,  769,  367,  897,  343,  865,  658, 1118,  608,  566,  938,  486,  545,  532,  319],
        [   70,   70,  723,  592,  147,    0,  506,  405,  234,  884,  655,  425,  733,  516,  123,  810,  402,  717,  631,  653,  761,  504,   91,  338,  554,  741,  755,  815,  263,  185,   91,  188,  770,  144,  869,  105,  797,  686,  851,  369,  882,  575,   61,   58,  627,  221,  750,  202,  728,  524,  972,  537,  488,  804,  360,  426,  466,  254],
        [  560,  560,  487,  341,  646,  506,    0,  188,  459,  549,  381,  272,  235,  207,  390,  351,  222,  227,  802,  829,  538,  409,  443,  187,  130,  477,  252,  552,  616,  635,  581,  497,  336,  624,  533,  588,  452,  399,  508,  387,  567,  279,  565,  451,  127,  325,  354,  304,  482,   76,  567,  718,  388,  578,  194,  202,  687,  593],
        [  443,  443,  379,  491,  552,  405,  188,    0,  451,  502,  285,   91,  408,  357,  315,  407,   35,  333,  614,  642,  428,  237,  372,   89,  310,  384,  415,  463,  450,  570,  462,  340,  524,  495,  486,  463,  408,  313,  465,  444,  508,  185,  465,  349,  264,  188,  347,  231,  379,  256,  571,  530,  492,  472,  248,  307,  501,  426],
        [  299,  299,  823,  406,  289,  234,  459,  451,    0,  952,  734,  511,  647,  375,  180,  806,  465,  685,  847,  871,  869,  632,  154,  362,  449,  831,  678,  910,  494,  221,  316,  398,  630,  369,  935,  333,  856,  763,  913,  157,  958,  636,  256,  231,  585,  328,  782,  230,  824,  442, 1006,  752,  278,  913,  267,  297,  685,  482],
        [  904,  904,  194,  876, 1027,  884,  549,  502,  952,    0,  230,  461,  571,  750,  812,  286,  493,  405,  729,  750,  193,  411,  868,  590,  655,  160,  542,  126,  820, 1062,  919,  756,  753,  936,   17,  914,   98,  198,   41,  922,   38,  318,  940,  831,  470,  666,  203,  732,  183,  613,  157,  701,  936,  182,  719,  748,  729,  799],
        [  674,  674,  107,  721,  797,  655,  381,  285,  734,  230,    0,  232,  490,  587,  586,  293,  270,  333,  580,  605,  158,  196,  642,  374,  505,  101,  474,  180,  600,  833,  689,  529,  660,  708,  216,  685,  151,   32,  199,  723,  229,  106,  710,  602,  349,  438,  170,  509,  102,  455,  341,  529,  755,  198,  521,  564,  541,  578],
        [  449,  449,  313,  582,  569,  425,  272,   91,  511,  461,  232,    0,  476,  448,  356,  421,   58,  376,  532,  559,  358,  147,  411,  165,  397,  324,  478,  402,  413,  602,  466,  319,  606,  490,  445,  464,  373,  263,  426,  523,  461,  154,  481,  371,  325,  206,  337,  282,  315,  343,  552,  451,  579,  403,  334,  396,  430,  389],
        [  791,  791,  588,  366,  869,  733,  235,  408,  647,  571,  490,  476,    0,  290,  614,  294,  438,  168, 1003, 1031,  635,  591,  663,  422,  200,  565,   39,  623,  849,  846,  813,  732,  183,  857,  558,  820,  489,  493,  534,  535,  600,  416,  791,  680,  154,  560,  376,  532,  579,  212,  522,  927,  482,  666,  389,  352,  905,  826],
        [  583,  583,  693,  137,  633,  516,  207,  357,  375,  750,  587,  448,  290,    0,  395,  523,  391,  383,  955,  982,  744,  593,  431,  306,  102,  684,  325,  758,  701,  589,  605,  579,  259,  656,  735,  616,  655,  605,  710,  247,  770,  484,  567,  472,  290,  412,  551,  337,  688,  137,  751,  864,  199,  784,  164,   91,  820,  680],
        [  188,  188,  666,  478,  257,  123,  390,  315,  180,  812,  586,  356,  614,  395,    0,  709,  320,  607,  673,  697,  710,  463,   58,  236,  432,  680,  637,  757,  338,  256,  210,  229,  648,  261,  797,  221,  721,  617,  776,  276,  815,  496,  178,   79,  513,  156,  661,   89,  670,  403,  886,  577,  387,  754,  237,  305,  513,  322],
        [  849,  849,  361,  633,  956,  810,  351,  407,  806,  286,  293,  421,  294,  523,  709,    0,  419,  141,  871,  896,  397,  466,  765,  474,  421,  327,  262,  364,  834,  964,  869,  737,  475,  900,  275,  870,  221,  279,  253,  736,  319,  283,  869,  752,  235,  594,  125,  620,  348,  394,  232,  814,  720,  416,  544,  547,  816,  810],
        [  434,  434,  359,  525,  548,  402,  222,   35,  465,  493,  270,   58,  438,  391,  320,  419,    0,  355,  580,  608,  407,  205,  376,  110,  344,  367,  444,  445,  427,  572,  453,  321,  558,  483,  477,  453,  401,  299,  457,  468,  496,  177,  460,  346,  291,  181,  349,  240,  360,  290,  571,  496,  522,  451,  277,  338,  468,  403],
        [  764,  764,  426,  492,  861,  717,  227,  333,  685,  405,  333,  376,  168,  383,  607,  141,  355,    0,  879,  906,  472,  463,  662,  381,  281,  400,  144,  456,  781,  858,  785,  673,  349,  822,  391,  788,  321,  332,  367,  604,  433,  276,  777,  660,  102,  513,  208,  519,  416,  258,  373,  811,  581,  500,  419,  413,  800,  757],
        [  588,  588,  544, 1080,  695,  631,  802,  614,  847,  729,  580,  532, 1003,  955,  673,  871,  580,  879,    0,   28,  537,  417,  694,  649,  922,  582, 1001,  605,  379,  787,  584,  450, 1136,  555,  723,  568,  702,  600,  722,  939,  702,  605,  646,  618,  850,  562,  750,  665,  557,  869,  882,   96, 1034,  555,  807,  883,  166,  381],
        [  609,  609,  566, 1107,  713,  653,  829,  642,  871,  750,  605,  559, 1031,  982,  697,  896,  608,  906,   28,    0,  558,  444,  718,  676,  950,  604, 1028,  625,  399,  807,  604,  473, 1164,  573,  744,  587,  725,  624,  743,  965,  721,  631,  666,  642,  877,  589,  775,  691,  579,  897,  903,  122, 1061,  574,  834,  911,  188,  402],
        [  769,  769,   52,  879,  896,  761,  538,  428,  869,  193,  158,  358,  635,  744,  710,  397,  407,  472,  537,  558,    0,  260,  762,  515,  663,   72,  615,   70,  656,  945,  781,  610,  810,  790,  187,  774,  185,  145,  188,  871,  166,  261,  812,  712,  502,  555,  276,  640,   58,  612,  347,  511,  910,   45,  671,  719,  544,  637],
        [  510,  510,  227,  728,  636,  504,  409,  237,  632,  411,  196,  147,  591,  593,  463,  466,  205,  463,  417,  444,  260,    0,  512,  307,  538,  253,  586,  319,  409,  688,  522,  352,  736,  532,  398,  515,  344,  225,  386,  661,  399,  190,  553,  457,  438,  308,  355,  404,  235,  483,  535,  351,  723,  302,  478,  542,  351,  388],
        [  161,  161,  720,  502,  207,   91,  443,  372,  154,  868,  642,  411,  663,  431,   58,  765,  376,  662,  694,  718,  762,  512,    0,  293,  476,  734,  687,  811,  341,  199,  181,  245,  688,  235,  853,  196,  777,  673,  832,  279,  870,  553,  136,   77,  568,  208,  719,  146,  723,  452,  943,  599,  397,  806,  280,  342,  531,  328],
        [  384,  384,  467,  434,  483,  338,  187,   89,  362,  590,  374,  165,  422,  306,  236,  474,  110,  381,  649,  676,  515,  307,  293,    0,  283,  472,  437,  551,  430,  492,  405,  311,  509,  444,  574,  409,  495,  402,  552,  359,  597,  274,  398,  280,  296,  139,  428,  148,  467,  235,  653,  559,  417,  559,  172,  241,  519,  407],
        [  616,  616,  611,  222,  682,  554,  130,  310,  449,  655,  505,  397,  200,  102,  432,  421,  344,  281,  922,  950,  663,  538,  476,  283,    0,  599,  232,  671,  706,  651,  638,  584,  227,  686,  640,  647,  561,  521,  615,  338,  677,  406,  609,  503,  189,  410,  454,  358,  606,   55,  650,  836,  301,  701,  197,  153,  800,  683],
        [  755,  755,   39,  817,  880,  741,  477,  384,  831,  160,  101,  324,  565,  684,  680,  327,  367,  400,  582,  604,   72,  253,  734,  472,  599,    0,  544,   80,  661,  922,  769,  603,  740,  783,  149,  763,  122,   79,  142,  823,  147,  206,  794,  690,  433,  528,  204,  605,   26,  550,  302,  546,  855,  103,  621,  663,  571,  641],
        [  811,  811,  569,  404,  893,  755,  252,  415,  678,  542,  474,  478,   39,  325,  637,  262,  444,  144, 1001, 1028,  615,  586,  687,  437,  232,  544,    0,  599,  861,  873,  833,  745,  214,  876,  529,  839,  463,  475,  506,  569,  572,  406,  814,  701,  154,  575,  351,  554,  559,  239,  488,  926,  518,  644,  416,  384,  907,  837],
        [  827,  827,   93,  890,  952,  815,  552,  463,  910,  126,  180,  402,  623,  758,  757,  364,  445,  456,  605,  625,   70,  319,  811,  551,  671,   80,  599,    0,  722,  997,  840,  671,  802,  851,  123,  833,  144,  155,  130,  902,   97,  284,  867,  765,  499,  604,  250,  683,   88,  623,  283,  581,  932,   58,  699,  741,  614,  702],
        [  212,  212,  632,  804,  317,  263,  616,  450,  494,  820,  600,  413,  849,  701,  338,  834,  427,  781,  379,  399,  656,  409,  341,  430,  706,  661,  861,  722,    0,  409,  206,  123,  933,  178,  807,  189,  751,  631,  794,  613,  807,  557,  269,  267,  712,  296,  741,  367,  641,  662,  941,  291,  724,  693,  538,  615,  216,   24],
        [  202,  202,  905,  627,  103,  185,  635,  570,  221, 1062,  833,  602,  846,  589,  256,  964,  572,  858,  787,  807,  945,  688,  199,  492,  651,  922,  873,  997,  409,    0,  204,  364,  847,  237, 1046,  220,  972,  864, 1026,  376, 1061,  748,  146,  233,  761,  396,  917,  344,  910,  635, 1141,  698,  496,  988,  458,  505,  623,  408],
        [   23,   23,  747,  682,  120,   91,  581,  462,  316,  919,  689,  466,  813,  605,  210,  869,  453,  785,  584,  604,  781,  522,  181,  405,  638,  769,  833,  840,  206,  204,    0,  175,  857,   54,  904,   18,  837,  721,  887,  457,  913,  619,   66,  135,  699,  275,  800,  282,  753,  606, 1017,  495,  577,  823,  446,  515,  420,  205],
        [  167,  167,  578,  684,  293,  188,  497,  340,  398,  756,  529,  319,  732,  579,  229,  737,  321,  673,  450,  473,  610,  352,  245,  311,  584,  603,  745,  671,  123,  364,  175,    0,  811,  181,  742,  165,  679,  561,  727,  503,  748,  470,  219,  169,  599,  175,  654,  247,  586,  541,  864,  355,  610,  651,  416,  494,  287,  102],
        [  835,  835,  762,  260,  891,  770,  336,  524,  630,  753,  660,  606,  183,  259,  648,  475,  558,  349, 1136, 1164,  810,  736,  688,  509,  227,  740,  214,  802,  933,  847,  857,  811,    0,  907,  740,  867,  670,  667,  715,  490,  782,  576,  823,  723,  312,  637,  557,  581,  753,  274,  700, 1053,  401,  843,  412,  347, 1021,  910],
        [   75,   75,  759,  735,  141,  144,  624,  495,  369,  936,  708,  490,  857,  656,  261,  900,  483,  822,  555,  573,  790,  532,  235,  444,  686,  783,  876,  851,  178,  237,   54,  181,  907,    0,  922,   40,  857,  740,  906,  511,  928,  643,  115,  184,  739,  310,  826,  328,  766,  652, 1040,  468,  631,  831,  496,  566,  392,  182],
        [  889,  889,  185,  861, 1012,  869,  533,  486,  935,   17,  216,  445,  558,  735,  797,  275,  477,  391,  723,  744,  187,  398,  853,  574,  640,  149,  529,  123,  807, 1046,  904,  742,  740,  922,    0,  900,   82,  184,   26,  906,   45,  302,  925,  816,  456,  651,  188,  716,  173,  598,  161,  693,  920,  180,  702,  732,  719,  786],
        [   35,   35,  741,  696,  133,  105,  588,  463,  333,  914,  685,  464,  820,  616,  221,  870,  453,  788,  568,  587,  774,  515,  196,  409,  647,  763,  839,  833,  189,  220,   18,  165,  867,   40,  900,    0,  833,  717,  883,  473,  908,  617,   84,  145,  703,  277,  799,  290,  747,  614, 1015,  479,  592,  815,  456,  526,  404,  189],
        [  821,  821,  160,  782,  941,  797,  452,  408,  856,   98,  151,  373,  489,  655,  721,  221,  401,  321,  702,  725,  185,  344,  777,  495,  561,  122,  463,  144,  751,  972,  837,  679,  670,  857,   82,  833,    0,  121,   58,  825,  116,  225,  854,  743,  379,  578,  114,  639,  147,  518,  192,  662,  839,  197,  621,  651,  681,  729],
        [  706,  706,   95,  739,  829,  686,  399,  313,  763,  198,   32,  263,  493,  605,  617,  279,  299,  332,  600,  624,  145,  225,  673,  402,  521,   79,  475,  155,  631,  864,  721,  561,  667,  740,  184,  717,  121,    0,  167,  748,  198,  130,  742,  633,  358,  469,  154,  539,   87,  471,  311,  552,  777,  181,  545,  586,  566,  609],
        [  872,  872,  179,  836,  994,  851,  508,  465,  913,   41,  199,  426,  534,  710,  776,  253,  457,  367,  722,  743,  188,  386,  832,  552,  615,  142,  506,  130,  794, 1026,  887,  727,  715,  906,   26,  883,   58,  167,    0,  882,   67,  281,  906,  797,  431,  631,  163,  695,  167,  573,  161,  688,  896,  187,  679,  707,  713,  773],
        [  438,  438,  821,  253,  444,  369,  387,  444,  157,  922,  723,  523,  535,  247,  276,  736,  468,  604,  939,  965,  871,  661,  279,  359,  338,  823,  569,  902,  613,  376,  457,  503,  490,  511,  906,  473,  825,  748,  882,    0,  935,  618,  402,  348,  504,  383,  736,  277,  820,  347,  953,  844,  123,  914,  204,  191,  784,  597],
        [  899,  899,  176,  898, 1023,  882,  567,  508,  958,   38,  229,  461,  600,  770,  815,  319,  496,  433,  702,  721,  166,  399,  870,  597,  677,  147,  572,   97,  807, 1061,  913,  748,  782,  928,   45,  908,  116,  198,   67,  935,    0,  323,  937,  830,  494,  666,  228,  736,  166,  633,  192,  677,  954,  150,  731,  764,  708,  787],
        [  602,  602,  210,  619,  720,  575,  279,  185,  636,  318,  106,  154,  416,  484,  496,  283,  177,  276,  605,  631,  261,  190,  553,  274,  406,  206,  406,  284,  557,  748,  619,  470,  576,  643,  302,  617,  225,  130,  281,  618,  323,    0,  632,  520,  266,  354,  185,  415,  207,  354,  399,  540,  650,  303,  416,  459,  536,  534],
        [   58,   58,  775,  635,   88,   61,  565,  465,  256,  940,  710,  481,  791,  567,  178,  869,  460,  777,  646,  666,  812,  553,  136,  398,  609,  794,  814,  867,  269,  146,   66,  219,  823,  115,  925,   84,  854,  742,  906,  402,  937,  632,    0,  118,  686,  280,  809,  261,  780,  581, 1030,  555,  523,  854,  414,  477,  481,  265],
        [  113,  113,  673,  556,  204,   58,  451,  349,  231,  831,  602,  371,  680,  472,   79,  752,  346,  660,  618,  642,  712,  457,   77,  280,  503,  690,  701,  765,  267,  233,  135,  169,  723,  184,  816,  145,  743,  633,  797,  348,  830,  520,  118,    0,  570,  166,  694,  148,  677,  472,  916,  523,  462,  756,  312,  382,  455,  253],
        [  677,  677,  452,  408,  769,  627,  127,  264,  585,  470,  349,  325,  154,  290,  513,  235,  291,  102,  850,  877,  502,  438,  568,  296,  189,  433,  154,  499,  712,  761,  699,  599,  312,  739,  456,  703,  379,  358,  431,  504,  494,  266,  686,  570,    0,  432,  269,  427,  444,  159,  462,  774,  486,  536,  318,  313,  754,  688],
        [  256,  256,  513,  526,  367,  221,  325,  188,  328,  666,  438,  206,  560,  412,  156,  594,  181,  513,  562,  589,  555,  308,  208,  139,  410,  528,  575,  604,  296,  396,  275,  175,  637,  310,  651,  277,  578,  469,  631,  383,  666,  354,  280,  166,  432,    0,  530,  107,  517,  366,  751,  468,  473,  599,  253,  331,  415,  274],
        [  782,  782,  237,  675,  897,  750,  354,  347,  782,  203,  170,  337,  376,  551,  661,  125,  349,  208,  750,  775,  276,  355,  719,  428,  454,  204,  351,  250,  741,  917,  800,  654,  557,  826,  188,  799,  114,  154,  163,  736,  228,  185,  809,  694,  269,  530,    0,  575,  224,  414,  226,  697,  740,  298,  534,  555,  705,  718],
        [  260,  260,  595,  438,  343,  202,  304,  231,  230,  732,  509,  282,  532,  337,   89,  620,  240,  519,  665,  691,  640,  404,  146,  148,  358,  605,  554,  683,  367,  344,  282,  247,  581,  328,  716,  290,  639,  539,  695,  277,  736,  415,  261,  148,  427,  107,  575,    0,  597,  325,  800,  570,  371,  684,  173,  249,  513,  348],
        [  740,  740,   14,  822,  865,  728,  482,  379,  824,  183,  102,  315,  579,  688,  670,  348,  360,  416,  557,  579,   58,  235,  723,  467,  606,   26,  559,   88,  641,  910,  753,  586,  753,  766,  173,  747,  147,   87,  167,  820,  166,  207,  780,  677,  444,  517,  224,  597,    0,  556,  327,  522,  856,   97,  619,  665,  547,  621],
        [  584,  584,  561,  268,  658,  524,   76,  256,  442,  613,  455,  343,  212,  137,  403,  394,  290,  258,  869,  897,  612,  483,  452,  235,   55,  550,  239,  623,  662,  635,  606,  541,  274,  652,  598,  614,  518,  471,  573,  347,  633,  354,  581,  472,  159,  366,  414,  325,  556,    0,  618,  783,  329,  651,  178,  156,  749,  639],
        [ 1001, 1001,  339,  864, 1118,  972,  567,  571, 1006,  157,  341,  552,  522,  751,  886,  232,  571,  373,  882,  903,  347,  535,  943,  653,  650,  302,  488,  283,  941, 1141, 1017,  864,  700, 1040,  161, 1015,  192,  311,  161,  953,  192,  399, 1030,  916,  462,  751,  226,  800,  327,  618,    0,  848,  947,  339,  753,  767,  870,  919],
        [  497,  497,  509,  988,  608,  537,  718,  530,  752,  701,  529,  451,  927,  864,  577,  814,  496,  811,   96,  122,  511,  351,  599,  559,  836,  546,  926,  581,  291,  698,  495,  355, 1053,  468,  693,  479,  662,  552,  688,  844,  677,  540,  555,  523,  774,  468,  697,  570,  522,  783,  848,    0,  939,  535,  715,  791,   76,  291],
        [  557,  557,  859,  146,  566,  488,  388,  492,  278,  936,  755,  579,  482,  199,  387,  720,  522,  581, 1034, 1061,  910,  723,  397,  417,  301,  855,  518,  932,  724,  496,  577,  610,  401,  631,  920,  592,  839,  777,  896,  123,  954,  650,  523,  462,  486,  473,  740,  371,  856,  329,  947,  939,    0,  952,  246,  192,  884,  707],
        [  811,  811,   94,  918,  938,  804,  578,  472,  913,  182,  198,  403,  666,  784,  754,  416,  451,  500,  555,  574,   45,  302,  806,  559,  701,  103,  644,   58,  693,  988,  823,  651,  843,  831,  180,  815,  197,  181,  187,  914,  150,  303,  854,  756,  536,  599,  298,  684,   97,  651,  339,  535,  952,    0,  714,  761,  573,  675],
        [  424,  424,  621,  274,  486,  360,  194,  248,  267,  719,  521,  334,  389,  164,  237,  544,  277,  419,  807,  834,  671,  478,  280,  172,  197,  621,  416,  699,  538,  458,  446,  416,  412,  496,  702,  456,  621,  545,  679,  204,  731,  416,  414,  312,  318,  253,  534,  173,  619,  178,  753,  715,  246,  714,    0,   79,  666,  517],
        [  493,  493,  668,  197,  545,  426,  202,  307,  297,  748,  564,  396,  352,   91,  305,  547,  338,  413,  883,  911,  719,  542,  342,  241,  153,  663,  384,  741,  615,  505,  515,  494,  347,  566,  732,  526,  651,  586,  707,  191,  764,  459,  477,  382,  313,  331,  555,  249,  665,  156,  767,  791,  192,  761,   79,    0,  744,  595],
        [  423,  423,  535,  940,  532,  466,  687,  501,  685,  729,  541,  430,  905,  820,  513,  816,  468,  800,  166,  188,  544,  351,  531,  519,  800,  571,  907,  614,  216,  623,  420,  287, 1021,  392,  719,  404,  681,  566,  713,  784,  708,  536,  481,  455,  754,  415,  705,  513,  547,  749,  870,   76,  884,  573,  666,  744,    0,  216],
        [  208,  208,  612,  785,  319,  254,  593,  426,  482,  799,  578,  389,  826,  680,  322,  810,  403,  757,  381,  402,  637,  388,  328,  407,  683,  641,  837,  702,   24,  408,  205,  102,  910,  182,  786,  189,  729,  609,  773,  597,  787,  534,  265,  253,  688,  274,  718,  348,  621,  639,  919,  291,  707,  675,  517,  595,  216,    0]
    ]
}
