{
    "name": "random-88-32517",
    "comment": "size=88 seed=32517",
    "nodes": ["+0", "-0", "+1", "-1", "+2", "-2", "+3", "-3", "+4", "-4", "+5", "-5", "+6", "-6", "+7", "-7", "+8", "-8", "+9", "-9", "+10", "-10", "+11", "-11", "+12", "-12", "+13", "-13", "+14", "-14", "+15", "-15", "+16", "-16", "+17", "-17", "+18", "-18", "+19", "-19", "+20", "-20", "+21", "-21", "+22", "-22", "+23", "-23", "+24", "-24", "+25", "-25", "+26", "-26", "+27", "-27", "+28", "-28", "+29", "-29", "+30", "-30", "+31", "-31", "+32", "-32", "+33", "-33", "+34", "-34", "+35", "-35", "+36", "-36", "+37", "-37", "+38", "-38", "+39", "-39", "+40", "-40", "+41", "-41", "+42", "-42", "+43", "-43", "+44", "-44", "+45", "-45", "+46", "-46", "+47", "-47", "+48", "-48", "+49", "-49", "+50", "-50", "+51", "-51", "+52", "-52", "+53", "-53", "+54", "-54", "+55", "-55", "+56", "-56", "+57", "-57", "+58", "-58", "+59", "-59", "+60", "-60", "+61", "-61", "+62", "-62", "+63", "-63", "+64", "-64", "+65", "-65", "+66", "-66", "+67", "-67", "+68", "-68", "+69", "-69", "+70", "-70", "+71", "-71", "+72", "-72", "+73", "-73", "+74", "-74", "+75", "-75", "+76", "-76", "+77", "-77", "+78", "-78", "+79", "-79", "+80", "-80", "+81", "-81", "+82", "-82", "+83", "-83", "+84", "-84", "+85", "-85", "+86", "-86", "+87", "-87", "+88", "-88"],
    "precedence": {
        "+0": "-0",
        "+1": "-1",
        "+2": "-2",
        "+3": "-3",
        "+4": "-4",
        "+5": "-5",
        "+6": "-6",
        "+7": "-7",
        "+8": "-8",
        "+9": "-9",
        "+10": "-10",
        "+11": "-11",
        "+12": "-12",
        "+13": "-13",
        "+14": "-14",
        "+15": "-15",
        "+16": "-16",
        "+17": "-17",
        "+18": "-18",
        "+19": "-19",
        "+20": "-20",
        "+21": "-21",
        "+22": "-22",
        "+23": "-23",
        "+24": "-24",
        "+25": "-25",
        "+26": "-26",
        "+27": "-27",
        "+28": "-28",
        "+29": "-29",
        "+30": "-30",
        "+31": "-31",
        "+32": "-32",
        "+33": "-33",
        "+34": "-34",
        "+35": "-35",
        "+36": "-36",
        "+37": "-37",
        "+38": "-38",
        "+39": "-39",
        "+40": "-40",
        "+41": "-41",
        "+42": "-42",
        "+43": "-43",
        "+44": "-44",
        "+45": "-45",
        "+46": "-46",
        "+47": "-47",
        "+48": "-48",
        "+49": "-49",
        "+50": "-50",
        "+51": "-51",
        "+52": "-52",
        "+53": "-53",
        "+54": "-54",
        "+55": "-55",
        "+56": "-56",
        "+57": "-57",
        "+58": "-58",
        "+59": "-59",
        "+60": "-60",
        "+61": "-61",
        "+62": "-62",
        "+63": "-63",
        "+64": "-64",
        "+65": "-65",
        "+66": "-66",
        "+67": "-67",
        "+68": "-68",
        "+69": "-69",
        "+70": "-70",
        "+71": "-71",
        "+72": "-72",
        "+73": "-73",
        "+74": "-74",
        "+75": "-75",
        "+76": "-76",
        "+77": "-77",
        "+78": "-78",
        "+79": "-79",
        "+80": "-80",
        "+81": "-81",
        "+82": "-82",
        "+83": "-83",
        "+84": "-84",
        "+85": "-85",
        "+86": "-86",
        "+87": "-87",
        "+88": "-88"
    },
    "edges": [
        [    0,    0,  622,  897,  235,  428,  207,  695,  517,   98,  505,  718,  758,  437,  689,  782,  205,  684,  496,  596,   95,  809,  270,  677,  181,  479,  141,  125,  582,  412,  247,  893,  405,  786,  535,   43,  355,  528,  297,  504,  304,  806,  214,  540,  239,  426,  657,  722,  248,  458,  144,  798,  167,  438,  427,  590,  647,  452,  180,  440,  378,  167,  494,  690,  492,  504,  713,  737,  353,  519,  294,  357,  369,  554,  131,  443,  511,  491,  724,  505,  309,  856,  426,   76,  649,  208,  464,  593,  744,  251,  715,  772,  266,  201,  267,  784,  501,  607,  587,  445,  195,  672,  762,  266,  274,  516,  395,  592,  618,  489,  401,  346,  492,  522,  626,  365,  155,  257,  202,  670,  390,  144,  438,  575,  377,  272,  561,  309,  511,  351,  609,  727,  655,  241,  233,  217,  192,  352,  291,  544,  746,  330,  517,  759,  118,  380,  455,  393,  865,  565,  778,  541,  531,  651,  501,   98,  695,  658,  257,  508,   93,  787,  242,  794,  562,  280,  312,  471,  711,  754,  128,  501,  475,  751,  355,  400,  701,  410],
        [    0,    0,    0,    0,    0,    0,    0,    0,    0,    0,    0,    0,    0,    0,    0,    0,    0,    0,    0,    0,    0,    0,    0,    0,    0,    0,    0,    0,    0,    0,    0,    0,    0,    0,    0,    0,    0,    0,    0,    0,    0,    0,    0,    0,    0,    0,    0,    0,    0,    0,    0,    0,    0,    0,    0,    0,    0,    0,    0,    0,    0,    0,    0,    0,    0,    0,    0,    0,    0,    0,    0,    0,    0,    0,    0,    0,    0,    0,    0,    0,    0,    0,    0,    0,    0,    0,    0,    0,    0,    0,    0,    0,    0,    0,    0,    0,    0,    0,    0,    0,    0,    0,    0,    0,    0,    0,    0,    0,    0,    0,    0,    0,    0,    0,    0,    0,    0,    0,    0,    0,    0,    0,    0,    0,    0,    0,    0,    0,    0,    0,    0,    0,    0,    0,    0,    0,    0,    0,    0,    0,    0,    0,    0,    0,    0,    0,    0,    0,    0,    0,    0,    0,    0,    0,    0,    0,    0,    0,    0,    0,    0,    0,    0,    0,    0,    0,    0,    0,    0,    0,    0,    0,    0,    0,    0,    0,    0,    0],
        [  622,    0,    0,  604,  672,  673,  431,  510,  549,  716,  462,  448,  137,  188,   83,  203,  630,  200,  244,  129,  631,  224,  845,  482,  481,  143,  759,  745,  638,  778,  787,  579,  808,  374,  300,  585,  381,  292,  543,  255,  381,  390,  651,  214,  615,  247,   81,  317,  852,  267,  550,  201,  707,  327,  628,   33,  137,  509,  651,  857,  248,  543,  733,  137,  671,  856,  433,  136,  323,  123,  561,  675,  718,  414,  751,  435,  124,  867,  586,  965,  542,  577,  532,  698,  176,  503,  423,  319,  302,  608,  143,  199,  418,  822,  850,  620,  476,   44,  328,  182,  428,  106,  606,  810,  869,  298,  643,  236,  105,  819,  399,  638,  513,  475,  509,  411,  755,  626,  667,  622,  307,  525,  943,  114,  245,  781,  336,  835,  196,  408,  392,  355,   89,  602,  655,  712,  810,  272,  789,  467,  155,  772,  485,  173,  739,  762,  206,  857,  601,   77,  353,  454,  594,  444,  921,  713,  170,  119,  560,  479,  699,  170,  390,  391,  487,  485,  572,  692,  291,  337,  745,  133,  493,  345,  792,  560,  129,  451],
        [  897,    0,  604,    0,  767,  600,  712,  207,  418,  954,  397,  188,  616,  615,  554,  747, 1028,  799,  466,  730,  838,  753,  970,  221,  869,  630, 1020,  980,  418, 1233,  896,   32, 1247,  239,  882,  856,  880,  872, 1007,  451,  608,  228, 1049,  450,  716,  545,  528,  918, 1018,  489,  924,  723, 1052,  479,  562,  605,  740,  464,  791,  810,  639,  736,  602,  726,  538,  746,  198,  683,  578,  563,  635, 1139,  699,  994, 1007,  455,  670,  775,  212,  912,  612,   42,  499,  956,  779,  690,  434,  340,  897, 1037,  719,  752,  860, 1044,  983,  169,  404,  646,  339,  675,  775,  699,  183, 1159, 1015,  415, 1132,  396,  709, 1296,  923,  643, 1064, 1040,  283,  534,  947,  709,  789,  307,  543,  754,  948,  709,  682, 1154,  924, 1199,  490,  907,  986,  957,  519,  705, 1062, 1087, 1065,  701,  857, 1039,  508, 1186,  390,  496,  983, 1207,  547,  856,   43,  562,  260, 1027,  434,  247,  846,  989,  763,  718,  666,  397,  921,  575,  785,  221,  344,  943,  626,  579,  313,  934, 1014,  576,  435,  261, 1211,  539,  709,  490],
        [  235,    0,  672,  767,    0,  210,  265,  562,  352,  228,  377,  609,  804,  489,  720,  863,  439,  791,  472,  691,  141,  887,  207,  551,  370,  540,  293,  244,  391,  645,  134,  770,  635,  717,  685,  219,  528,  676,  518,  473,  292,  734,  449,  520,   61,  431,  681,  858,  252,  435,  363,  869,  391,  388,  224,  642,  741,  304,   56,  220,  435,  145,  267,  775,  281,  272,  609,  805,  351,  552,  140,  591,  135,  733,  280,  334,  590,  262,  569,  310,  164,  726,  269,  247,  754,  172,  358,  525,  871,  483,  795,  855,  441,  291,  218,  627,  367,  673,  515,  527,  321,  750,  606,  472,  249,  462,  626,  557,  704,  722,  582,  134,  699,  718,  484,  290,  192,   60,   35,  495,  375,  180,  273,  665,  460,  491,  721,  517,  506,  534,  779,  872,  675,   74,  468,  447,  325,  443,  118,  736,  759,  559,  379,  768,  254,  613,  471,  194,  729,  601,  714,  731,  349,  536,  287,  283,  790,  744,  120,  373,  193,  818,  379,  719,  425,  485,  144,  252,  660,  889,  295,  540,  334,  686,  583,  229,  780,  298],
        [  428,    0,  673,  600,  210,    0,  366,  404,  190,  437,  255,  471,  788,  516,  698,  875,  624,  831,  436,  728,  337,  896,  386,  402,  519,  567,  502,  454,  193,  838,  315,  609,  832,  604,  772,  401,  647,  761,  679,  428,  327,  618,  637,  477,  189,  431,  656,  920,  446,  407,  534,  873,  592,  348,   48,  647,  772,  180,  258,  219,  477,  282,   74,  797,   73,  187,  475,  808,  368,  552,  157,  773,  101,  843,  489,  247,  624,  205,  391,  329,  159,  561,  148,  453,  796,  271,  266,  435,  924,  661,  811,  869,  571,  497,  401,  444,  240,  687,  423,  572,  443,  768,  425,  679,  434,  398,  798,  493,  733,  914,  703,   83,  837,  845,  327,  265,  400,  172,  242,  304,  372,  321,  351,  700,  517,  695,  813,  724,  481,  660,  877,  942,  648,  188,  656,  645,  534,  511,  265,  859,  719,  757,  244,  723,  463,  806,  470,  257,  559,  596,  607,  851,  166,  399,  271,  490,  820,  768,  187,  243,  402,  788,  493,  602,  280,  634,  137,   43,  570,  949,  503,  546,  208,  580,  782,  114,  796,  224],
        [  207,    0,  431,  712,  265,  366,    0,  518,  376,  294,  338,  528,  567,  243,  492,  609,  319,  529,  290,  430,  200,  635,  416,  497,  171,  290,  347,  323,  461,  531,  362,  704,  540,  583,  423,  166,  282,  414,  330,  299,  105,  603,  338,  333,  221,  219,  457,  593,  422,  253,  214,  619,  343,  238,  342,  399,  481,  307,  230,  479,  183,  122,  439,  519,  408,  510,  521,  556,  147,  319,  211,  446,  358,  482,  336,  273,  333,  509,  561,  575,  209,  671,  295,  281,  492,  102,  288,  393,  606,  336,  541,  600,  207,  399,  420,  618,  338,  424,  388,  268,   80,  496,  597,  452,  439,  314,  456,  386,  447,  600,  338,  295,  472,  480,  457,  186,  326,  238,  250,  525,  185,   96,  534,  406,  199,  443,  461,  490,  304,  295,  521,  607,  454,  211,  353,  375,  397,  180,  375,  494,  544,  475,  356,  556,  320,  503,  250,  459,  684,  367,  573,  487,  404,  466,  546,  305,  531,  487,  186,  346,  272,  590,  128,  591,  396,  277,  230,  404,  506,  624,  335,  303,  321,  547,  501,  287,  526,  246],
        [  695,    0,  510,  207,  562,  404,  518,    0,  216,  749,  192,   88,  566,  464,  485,  689,  836,  708,  311,  622,  633,  702,  765,   29,  681,  492,  815,  775,  237, 1046,  691,  210, 1057,  242,  750,  654,  716,  740,  828,  294,  416,  248,  856,  312,  509,  380,  449,  824,  812,  322,  732,  672,  853,  296,  362,  501,  645,  258,  585,  619,  474,  532,  416,  644,  348,  565,  101,  620,  395,  433,  429,  956,  500,  856,  802,  252,  542,  591,   78,  725,  406,  165,  293,  752,  682,  488,  232,  195,  811,  850,  645,  690,  683,  838,  778,  115,  198,  546,  188,  530,  587,  614,   98,  959,  810,  250,  955,  275,  609, 1112,  764,  440,  909,  892,   78,  335,  741,  503,  583,  149,  363,  552,  754,  597,  520,  956,  794, 1000,  348,  741,  860,  859,  439,  499,  870,  891,  860,  535,  654,  895,  465,  993,  184,  459,  778, 1019,  393,  660,  171,  449,  254,  884,  239,   68,  662,  785,  679,  628,  460,  191,  716,  540,  604,  232,  138,  766,  420,  388,  258,  845,  810,  442,  229,  234, 1018,  334,  632,  286],
        [  517,    0,  549,  418,  352,  190,  376,  216,    0,  556,   88,  282,  647,  429,  557,  750,  685,  731,  307,  631,  442,  768,  553,  213,  547,  474,  623,  579,   95,  902,  479,  425,  905,  419,  714,  479,  629,  703,  706,  294,  292,  431,  703,  338,  305,  335,  515,  833,  603,  290,  583,  742,  682,  235,  147,  529,  668,   70,  382,  408,  411,  351,  216,  682,  145,  363,  286,  680,  303,  439,  229,  821,  285,  805,  610,  127,  532,  386,  217,  517,  210,  378,   91,  564,  697,  314,  130,  266,  830,  709,  692,  747,  573,  637,  566,  276,   74,  573,  254,  494,  455,  652,  255,  782,  598,  253,  832,  337,  628,  973,  684,  226,  827,  823,  139,  201,  538,  296,  377,  154,  287,  380,  539,  602,  458,  787,  758,  825,  354,  649,  825,  861,  506,  296,  719,  727,  664,  462,  439,  832,  564,  835,   67,  565,  585,  872,  367,  445,  379,  474,  424,  823,   46,  211,  455,  599,  711,  658,  264,   72,  521,  638,  489,  415,   93,  650,  216,  181,  394,  860,  620,  438,   64,  397,  861,  125,  677,  136],
        [   98,    0,  716,  954,  228,  437,  294,  749,  556,    0,  558,  781,  853,  531,  782,  879,  257,  781,  578,  693,  117,  906,  188,  734,  275,  573,   67,   30,  609,  436,  187,  953,  420,  861,  629,  131,  448,  622,  371,  584,  381,  880,  258,  623,  256,  512,  749,  817,  154,  539,  227,  894,  178,  512,  446,  684,  744,  496,  181,  399,  470,  221,  494,  787,  506,  475,  777,  833,  435,  611,  328,  403,  360,  642,   55,  501,  607,  457,  770,  446,  347,  913,  466,   32,  746,  269,  523,  666,  840,  310,  812,  869,  360,  106,  182,  830,  552,  703,  659,  541,  291,  768,  808,  245,  183,  591,  450,  673,  715,  514,  491,  358,  571,  605,  676,  430,   71,  269,  195,  706,  471,  213,  370,  672,  473,  269,  654,  290,  597,  442,  699,  821,  746,  263,  277,  236,  111,  448,  242,  628,  837,  343,  567,  849,   30,  405,  543,  343,  920,  658,  854,  626,  563,  711,  454,   60,  792,  755,  293,  559,   36,  880,  339,  867,  613,  364,  342,  479,  790,  849,   67,  594,  523,  827,  366,  433,  798,  465],
        [  505,    0,  462,  397,  377,  255,  338,  192,   88,  558,    0,  233,  560,  351,  470,  663,  655,  646,  221,  547,  442,  681,  583,  177,  506,  393,  624,  584,  177,  869,  509,  397,  876,  353,  640,  465,  569,  629,  660,  208,  241,  367,  674,  251,  322,  256,  428,  750,  626,  208,  551,  655,  665,  156,  207,  442,  583,   78,  396,  471,  339,  341,  295,  596,  225,  438,  233,  593,  237,  354,  241,  782,  338,  734,  611,   66,  450,  458,  224,  583,  218,  355,  115,  561,  613,  297,   54,  183,  746,  673,  605,  660,  521,  648,  595,  282,   16,  487,  171,  417,  412,  566,  261,  770,  626,  165,  788,  251,  543,  937,  621,  267,  766,  758,  122,  152,  551,  318,  396,  196,  215,  362,  595,  519,  387,  769,  684,  811,  268,  591,  750,  780,  419,  311,  689,  705,  669,  394,  478,  765,  479,  809,   25,  480,  587,  840,  285,  500,  363,  388,  354,  755,  133,  160,  525,  595,  626,  572,  271,   17,  525,  551,  438,  351,   59,  601,  234,  256,  316,  776,  618,  355,   48,  327,  835,  158,  590,   96],
        [  718,    0,  448,  188,  609,  471,  528,   88,  282,  781,  233,    0,  491,  432,  414,  618,  842,  647,  281,  567,  665,  628,  815,   74,  682,  452,  845,  808,  319, 1046,  742,  178, 1060,  154,  709,  676,  695,  698,  819,  265,  424,  161,  862,  269,  554,  359,  381,  765,  857,  302,  738,  598,  869,  292,  426,  443,  585,  308,  626,  689,  453,  560,  491,  580,  422,  640,   16,  549,  391,  388,  472,  951,  563,  818,  833,  282,  497,  665,  160,  797,  448,  149,  345,  780,  623,  514,  259,  155,  749,  849,  578,  620,  673,  875,  827,  176,  244,  487,  153,  494,  589,  551,  167,  977,  858,  228,  945,  221,  551, 1108,  739,  497,  882,  860,  149,  354,  780,  550,  627,  236,  356,  575,  819,  544,  496,  970,  751, 1016,  309,  721,  816,  802,  371,  542,  875,  902,  892,  515,  709,  861,  387, 1000,  234,  379,  810, 1020,  363,  724,  168,  395,  167,  849,  312,   74,  735,  812,  616,  566,  500,  238,  749,  461,  597,  145,  192,  756,  466,  460,  177,  784,  838,  399,  277,  148, 1025,  388,  566,  318],
        [  758,    0,  137,  616,  804,  788,  567,  566,  647,  853,  560,  491,    0,  325,   91,  132,  758,  217,  353,  211,  767,  138,  981,  541,  614,  280,  896,  881,  730,  895,  921,  588,  927,  378,  384,  722,  501,  379,  664,  360,  512,  389,  780,  313,  746,  374,  133,  328,  989,  383,  683,  108,  840,  441,  742,  169,  181,  616,  784,  981,  385,  677,  844,  142,  778,  973,  476,   76,  453,  252,  687,  792,  841,  490,  887,  544,  254,  987,  644, 1090,  667,  597,  643,  834,  216,  636,  528,  392,  298,  733,  121,  138,  547,  958,  986,  667,  574,  157,  404,  316,  564,  131,  657,  941, 1006,  396,  754,  312,  179,  929,  509,  761,  606,  560,  583,  533,  891,  755,  800,  696,  432,  661, 1073,  214,  382,  910,  410,  964,  308,  526,  453,  369,  142,  732,  783,  842,  946,  408,  921,  547,  109,  896,  581,  121,  876,  881,  334,  985,  623,  204,  357,  535,  692,  506, 1044,  850,  175,  156,  689,  576,  836,   55,  525,  396,  573,  609,  696,  803,  316,  336,  881,  266,  596,  359,  915,  675,  120,  564],
        [  437,    0,  188,  615,  489,  516,  243,  464,  429,  531,  351,  432,  325,    0,  252,  375,  473,  316,  154,  213,  443,  399,  658,  437,  313,   53,  577,  559,  523,  650,  600,  598,  673,  424,  291,  400,  269,  280,  412,  171,  201,  444,  495,  166,  434,   95,  222,  408,  664,  147,  382,  381,  537,  196,  475,  157,  259,  374,  464,  683,   61,  356,  582,  288,  528,  692,  420,  317,  149,   85,  387,  548,  547,  393,  567,  304,  109,  699,  531,  788,  371,  579,  387,  513,  281,  318,  300,  278,  410,  463,  307,  367,  269,  636,  662,  578,  361,  185,  282,   68,  247,  262,  560,  644,  682,  215,  530,  223,  220,  702,  309,  469,  450,  430,  435,  253,  567,  446,  481,  538,  147,  337,  761,  185,   76,  621,  336,  674,  126,  296,  402,  434,  220,  421,  502,  550,  628,  102,  605,  432,  311,  625,  375,  325,  554,  628,   71,  677,  599,  129,  408,  420,  472,  397,  749,  532,  308,  258,  381,  366,  512,  350,  219,  437,  393,  349,  401,  541,  335,  436,  563,   66,  367,  388,  648,  407,  292,  307],
        [  689,    0,   83,  554,  720,  698,  492,  485,  557,  782,  470,  414,   91,  252,    0,  205,  708,  248,  263,  202,  691,  218,  902,  459,  556,  215,  828,  811,  641,  860,  840,  527,  890,  317,  378,  651,  463,  370,  625,  271,  429,  332,  730,  223,  662,  289,   43,  367,  913,  295,  625,  189,  782,  352,  652,  109,  194,  526,  704,  893,  312,  598,  754,  173,  688,  884,  399,  135,  370,  173,  600,  757,  753,  490,  819,  454,  204,  898,  563, 1003,  580,  530,  553,  765,  234,  555,  438,  305,  344,  689,  166,  206,  497,  888,  907,  589,  484,  122,  316,  258,  497,  148,  578,  887,  929,  306,  725,  224,  173,  901,  481,  673,  594,  554,  497,  445,  817,  670,  718,  610,  347,  584,  988,  192,  318,  859,  411,  913,  220,  490,  464,  407,   52,  648,  735,  790,  879,  345,  837,  544,   73,  853,  491,   91,  806,  844,  251,  899,  556,  125,  296,  532,  602,  423,  956,  783,  211,  170,  604,  486,  763,   99,  464,  335,  485,  566,  609,  713,  244,  381,  814,  189,  506,  293,  873,  585,  156,  475],
        [  782,    0,  203,  747,  863,  875,  609,  689,  750,  879,  663,  618,  132,  375,  205,    0,  747,  130,  446,  188,  806,   27, 1024,  663,  620,  323,  914,  907,  837,  855,  971,  719,  891,  509,  325,  751,  479,  323,  638,  457,  574,  521,  768,  413,  808,  446,  242,  215, 1023,  470,  686,   35,  839,  529,  830,  229,  138,  712,  836, 1055,  430,  727,  936,   93,  874, 1057,  602,   71,  519,  323,  758,  755,  917,  416,  907,  638,  276, 1067,  767, 1161,  741,  728,  734,  857,  151,  691,  625,  507,  180,  714,   69,   14,  543,  982, 1028,  793,  676,  191,  518,  342,  589,  114,  782,  933, 1044,  498,  710,  425,  165,  880,  472,  838,  542,  491,  699,  612,  926,  820,  854,  813,  506,  705, 1135,  208,  412,  897,  339,  951,  398,  501,  366,  256,  253,  795,  767,  832,  963,  434,  978,  473,  240,  871,  685,  253,  899,  846,  406, 1051,  754,  280,  488,  462,  795,  627, 1120,  867,   98,  125,  755,  679,  867,  179,  541,  527,  683,  590,  771,  894,  444,  216,  898,  331,  695,  490,  887,  762,   84,  653],
        [  205,    0,  630, 1028,  439,  624,  319,  836,  685,  257,  655,  842,  758,  473,  708,  747,    0,  630,  582,  563,  299,  774,  443,  814,  164,  497,  240,  268,  761,  217,  440, 1019,  222,  879,  446,  225,  270,  443,  132,  595,  421,  899,   23,  617,  437,  502,  686,  634,  397,  550,  105,  770,  108,  550,  616,  600,  610,  617,  384,  642,  422,  346,  693,  658,  684,  708,  834,  719,  452,  556,  479,  153,  572,  425,  242,  590,  507,  695,  878,  700,  489,  988,  598,  225,  600,  373,  607,  699,  664,   55,  686,  735,  212,  315,  435,  936,  654,  603,  696,  451,  254,  648,  915,  186,  430,  620,  194,  675,  592,  291,  291,  542,  330,  373,  775,  504,  327,  456,  406,  837,  488,  310,  626,  550,  398,  152,  459,  206,  580,  251,  488,  627,  686,  437,   35,   85,  271,  371,  490,  397,  775,  159,  672,  791,  254,  187,  517,  592, 1001,  594,  866,  399,  707,  783,  702,  204,  652,  628,  443,  662,  276,  798,  257,  890,  713,  160,  498,  667,  795,  664,  223,  537,  635,  843,  183,  579,  674,  562],
        [  684,    0,  200,  799,  791,  831,  529,  708,  731,  781,  646,  647,  217,  316,  248,  130,  630,    0,  426,  104,  718,  153,  937,  680,  513,  265,  810,  807,  823,  728,  889,  773,  765,  564,  197,  656,  360,  196,  515,  441,  513,  579,  649,  405,  740,  403,  271,  120,  930,  441,  576,  161,  725,  498,  790,  209,   64,  683,  759,  995,  361,  650,  897,   77,  841, 1007,  632,  143,  465,  292,  701,  629,  861,  287,  804,  610,  208, 1014,  784, 1097,  686,  773,  699,  756,   37,  620,  602,  516,  103,  593,   96,  116,  432,  881,  939,  819,  658,  164,  525,  266,  496,  100,  805,  815,  952,  486,  582,  434,  103,  751,  348,  784,  413,  362,  704,  568,  833,  754,  778,  816,  461,  623, 1062,  132,  332,  777,  210,  830,  379,  380,  242,  160,  280,  728,  647,  714,  858,  350,  903,  345,  308,  747,  670,  325,  798,  719,  367,  983,  798,  263,  543,  333,  775,  642, 1061,  763,   42,   82,  692,  662,  772,  271,  443,  582,  677,  471,  716,  856,  486,  138,  794,  293,  671,  538,  763,  722,   98,  618],
        [  496,    0,  244,  466,  472,  436,  290,  311,  307,  578,  221,  281,  353,  154,  263,  446,  582,  426,    0,  329,  472,  465,  667,  283,  419,  183,  635,  607,  397,  776,  600,  451,  795,  298,  441,  454,  415,  430,  544,   17,  198,  318,  604,   48,  412,   82,  221,  533,  690,   40,  481,  441,  627,   90,  389,  222,  363,  267,  465,  632,  174,  368,  493,  376,  429,  621,  270,  377,  144,  135,  344,  678,  492,  546,  623,  193,  238,  635,  379,  743,  322,  429,  291,  568,  395,  321,  180,  127,  527,  582,  386,  442,  397,  682,  675,  425,  233,  267,  129,  219,  332,  346,  407,  736,  700,   64,  668,   97,  324,  835,  459,  412,  602,  583,  287,  186,  598,  418,  476,  394,  108,  366,  733,  302,  216,  721,  485,  771,   48,  441,  551,  565,  213,  399,  614,  651,  685,  235,  589,  585,  290,  739,  244,  298,  605,  753,   83,  642,  448,  168,  286,  574,  352,  244,  694,  594,  406,  352,  353,  237,  552,  355,  328,  308,  252,  481,  351,  451,  217,  558,  624,  138,  250,  262,  764,  323,  371,  212],
        [  596,    0,  129,  730,  691,  728,  430,  622,  631,  693,  547,  567,  211,  213,  202,  188,  563,  104,  329,    0,  624,  215,  843,  594,  432,  162,  727,  720,  724,  686,  792,  706,  720,  501,  178,  565,  297,  171,  459,  344,  411,  519,  584,  313,  639,  301,  209,  205,  839,  341,  499,  208,  652,  398,  687,  125,   52,  581,  660,  892,  259,  551,  795,   96,  738,  904,  553,  157,  362,  195,  598,  584,  758,  289,  720,  508,  105,  911,  697,  995,  583,  701,  597,  670,   68,  519,  501,  428,  200,  533,  124,  177,  356,  795,  845,  734,  559,   85,  436,  165,  404,   86,  719,  748,  860,  391,  544,  349,   32,  719,  300,  681,  397,  355,  612,  465,  741,  653,  679,  722,  358,  525,  963,   29,  233,  714,  210,  768,  283,  321,  264,  238,  217,  627,  584,  648,  775,  252,  804,  344,  272,  693,  571,  290,  712,  674,  265,  882,  725,  174,  481,  331,  675,  555,  959,  679,  101,   66,  589,  564,  682,  261,  354,  519,  581,  408,  613,  753,  418,  230,  710,  193,  570,  472,  711,  619,  112,  516],
        [   95,    0,  631,  838,  141,  337,  200,  633,  442,  117,  442,  665,  767,  443,  691,  806,  299,  718,  472,  624,    0,  832,  219,  618,  247,  490,  183,  143,  500,  505,  176,  837,  497,  749,  587,   83,  417,  579,  383,  477,  275,  768,  309,  518,  149,  411,  655,  770,  223,  433,  228,  818,  255,  401,  340,  599,  675,  381,   86,  350,  383,  107,  401,  715,  403,  411,  662,  755,  331,  518,  214,  451,  275,  620,  170,  385,  530,  398,  655,  422,  233,  797,  352,  122,  682,  155,  407,  553,  788,  344,  738,  796,  326,  213,  222,  714,  436,  623,  546,  464,  224,  693,  693,  345,  240,  480,  487,  565,  642,  583,  467,  255,  572,  597,  560,  315,  127,  166,  108,  593,  365,  108,  363,  600,  395,  358,  619,  390,  494,  418,  671,  778,  651,  153,  328,  309,  227,  373,  208,  617,  741,  421,  451,  752,  146,  474,  445,  308,  804,  567,  742,  613,  451,  595,  413,  158,  724,  683,  178,  443,   85,  790,  281,  754,  497,  357,  230,  380,  680,  801,  179,  503,  407,  715,  446,  320,  723,  349],
        [  809,    0,  224,  753,  887,  896,  635,  702,  768,  906,  681,  628,  138,  399,  218,   27,  774,  153,  465,  215,  832,    0, 1050,  675,  647,  348,  941,  933,  855,  880,  996,  724,  917,  515,  350,  777,  505,  348,  664,  476,  598,  526,  794,  431,  832,  469,  257,  231, 1050,  490,  713,   31,  866,  550,  851,  251,  165,  731,  862, 1078,  455,  752,  956,  119,  894, 1079,  613,   89,  543,  345,  782,  781,  940,  438,  934,  658,  302, 1089,  779, 1185,  764,  734,  754,  883,  177,  716,  645,  522,  194,  740,   94,   40,  570, 1009, 1053,  804,  695,  215,  533,  368,  616,  139,  793,  960, 1070,  516,  734,  440,  191,  904,  498,  860,  565,  513,  714,  634,  952,  844,  879,  827,  529,  730, 1160,  234,  438,  923,  362,  977,  418,  527,  387,  270,  267,  820,  793,  858,  990,  460, 1003,  495,  246,  897,  703,  258,  925,  871,  428, 1075,  760,  301,  494,  484,  813,  640, 1143,  894,  124,  151,  779,  697,  893,  180,  568,  533,  700,  616,  794,  915,  453,  228,  925,  354,  714,  497,  913,  783,  109,  674],
        [  270,    0,  845,  970,  207,  386,  416,  765,  553,  188,  583,  815,  981,  658,  902, 1024,  443,  937,  667,  843,  219, 1050,    0,  756,  450,  706,  213,  176,  578,  607,   74,  974,  584,  922,  801,  287,  624,  793,  558,  669,  475,  939,  443,  714,  265,  616,  865,  985,   72,  628,  411, 1035,  354,  586,  414,  814,  894,  509,  202,  260,  599,  305,  421,  933,  458,  350,  815,  972,  534,  730,  345,  586,  287,  823,  207,  540,  749,  323,  767,  275,  369,  929,  473,  220,  901,  349,  564,  729, 1005,  497,  956, 1015,  534,  158,   16,  824,  573,  840,  720,  683,  442,  911,  804,  390,   50,  663,  635,  755,  861,  683,  670,  328,  758,  790,  688,  491,  118,  266,  194,  687,  564,  321,  190,  819,  613,  427,  829,  431,  696,  621,  878,  992,  860,  278,  460,  411,  212,  591,  123,  812,  947,  509,  584,  958,  191,  576,  653,  193,  931,  779,  919,  810,  544,  742,  298,  240,  943,  901,  323,  579,  178, 1000,  497,  924,  629,  548,  350,  421,  863, 1017,  227,  715,  539,  891,  529,  432,  941,  503],
        [  677,    0,  482,  221,  551,  402,  497,   29,  213,  734,  177,   74,  541,  437,  459,  663,  814,  680,  283,  594,  618,  675,  756,    0,  658,  464,  799,  760,  245, 1023,  682,  220, 1035,  226,  722,  636,  690,  712,  803,  267,  394,  234,  834,  284,  498,  353,  422,  796,  801,  295,  710,  646,  834,  271,  359,  473,  617,  248,  573,  619,  448,  515,  419,  617,  350,  568,   84,  593,  371,  405,  416,  932,  497,  828,  787,  234,  514,  593,  105,  726,  394,  179,  284,  736,  654,  470,  214,  167,  783,  827,  618,  664,  658,  825,  768,  143,  185,  518,  160,  502,  564,  587,  126,  940,  800,  222,  930,  247,  581, 1089,  738,  433,  882,  865,   76,  315,  728,  493,  571,  166,  338,  534,  751,  569,  494,  936,  766,  980,  320,  715,  832,  831,  412,  487,  848,  870,  845,  509,  647,  868,  440,  971,  172,  435,  763,  997,  366,  657,  189,  421,  237,  856,  240,   40,  664,  769,  651,  600,  447,  179,  701,  515,  579,  218,  127,  741,  409,  389,  235,  817,  793,  414,  218,  215,  997,  326,  605,  269],
        [  181,    0,  481,  869,  370,  519,  171,  681,  547,  275,  506,  682,  614,  313,  556,  620,  164,  513,  419,  432,  247,  647,  450,  658,    0,  342,  298,  299,  630,  366,  419,  858,  379,  716,  355,  166,  175,  348,  162,  432,  267,  736,  186,  454,  346,  338,  531,  544,  428,  387,   70,  639,  227,  390,  501,  450,  483,  477,  319,  589,  260,  241,  592,  528,  569,  638,  673,  582,  291,  397,  364,  276,  490,  376,  292,  441,  361,  631,  728,  668,  368,  829,  464,  247,  480,  250,  455,  537,  567,  169,  555,  609,   86,  370,  448,  785,  507,  458,  535,  300,   95,  513,  764,  332,  454,  458,  287,  511,  458,  432,  222,  441,  329,  351,  624,  355,  335,  365,  342,  695,  327,  201,  609,  415,  241,  308,  381,  361,  417,  173,  429,  547,  530,  341,  196,  238,  345,  213,  454,  371,  620,  321,  525,  636,  289,  339,  354,  552,  843,  438,  703,  367,  574,  625,  654,  251,  528,  497,  332,  515,  273,  650,   95,  726,  564,  117,  384,  560,  632,  575,  281,  378,  491,  679,  346,  453,  542,  416],
        [  479,    0,  143,  630,  540,  567,  290,  492,  474,  573,  393,  452,  280,   53,  215,  323,  497,  265,  183,  162,  490,  348,  706,  464,  342,    0,  617,  602,  568,  662,  650,  610,  688,  425,  259,  443,  270,  249,  424,  200,  253,  444,  519,  183,  486,  141,  190,  360,  711,  186,  412,  331,  568,  239,  526,  111,  207,  421,  515,  735,  108,  406,  633,  236,  577,  744,  438,  267,  201,   70,  439,  559,  599,  367,  608,  349,   59,  751,  562,  840,  424,  596,  436,  555,  230,  369,  344,  300,  360,  481,  256,  315,  288,  679,  710,  606,  404,  134,  305,   51,  285,  210,  589,  673,  729,  246,  535,  234,  168,  710,  302,  522,  437,  411,  469,  303,  613,  498,  532,  576,  196,  385,  813,  134,  104,  647,  303,  700,  145,  298,  369,  388,  190,  473,  525,  577,  667,  131,  656,  410,  279,  645,  417,  295,  596,  643,  108,  729,  617,   98,  407,  398,  517,  424,  801,  571,  255,  206,  434,  409,  557,  310,  250,  440,  431,  362,  453,  592,  336,  388,  602,   54,  412,  390,  667,  457,  240,  355],
        [  141,    0,  759, 1020,  293,  502,  347,  815,  623,   67,  624,  845,  896,  577,  828,  914,  240,  810,  635,  727,  183,  941,  213,  799,  298,  617,    0,   49,  676,  394,  233, 1018,  373,  921,  648,  181,  465,  642,  366,  642,  440,  941,  236,  679,  322,  565,  797,  838,  159,  596,  239,  931,  142,  572,  512,  728,  778,  563,  247,  449,  517,  285,  557,  822,  572,  530,  841,  872,  492,  659,  395,  375,  422,  649,   13,  566,  647,  509,  837,  485,  414,  978,  533,   67,  776,  332,  588,  727,  863,  295,  848,  903,  381,   77,  203,  896,  618,  743,  721,  581,  332,  805,  875,  186,  193,  651,  428,  730,  750,  471,  502,  423,  567,  606,  742,  493,  114,  336,  260,  773,  528,  273,  402,  707,  515,  217,  670,  231,  651,  455,  709,  838,  794,  329,  252,  198,   52,  489,  292,  629,  885,  298,  633,  899,   39,  364,  595,  388,  986,  705,  914,  629,  629,  776,  499,   48,  824,  790,  359,  625,  102,  926,  374,  928,  679,  371,  409,  544,  848,  869,   18,  641,  589,  887,  318,  500,  834,  530],
        [  125,    0,  745,  980,  244,  454,  323,  775,  579,   30,  584,  808,  881,  559,  811,  907,  268,  807,  607,  720,  143,  933,  176,  760,  299,  602,   49,    0,  630,  436,  187,  979,  417,  889,  653,  160,  471,  646,  387,  613,  410,  908,  267,  652,  277,  541,  778,  842,  134,  568,  248,  922,  180,  540,  465,  713,  771,  521,  200,  402,  499,  248,  509,  814,  524,  482,  804,  861,  464,  640,  351,  410,  373,  662,   38,  527,  635,  462,  794,  442,  371,  938,  490,   52,  773,  297,  550,  694,  865,  322,  839,  896,  384,   77,  168,  853,  577,  731,  687,  569,  319,  796,  832,  235,  164,  619,  460,  702,  742,  514,  512,  376,  588,  623,  701,  457,   67,  289,  212,  729,  499,  242,  363,  699,  501,  263,  677,  279,  626,  464,  721,  844,  775,  284,  285,  237,   86,  476,  245,  646,  865,  341,  592,  878,   15,  406,  572,  343,  946,  687,  882,  645,  584,  738,  454,   64,  819,  782,  316,  584,   59,  909,  366,  895,  638,  384,  364,  495,  818,  873,   56,  622,  548,  855,  363,  456,  825,  491],
        [  582,    0,  638,  418,  391,  193,  461,  237,   95,  609,  177,  319,  730,  523,  641,  837,  761,  823,  397,  724,  500,  855,  578,  245,  630,  568,  676,  630,    0,  978,  506,  430,  979,  468,  809,  547,  721,  798,  790,  384,  382,  477,  777,  425,  354,  429,  600,  926,  635,  384,  662,  828,  748,  329,  167,  619,  759,  159,  430,  393,  505,  419,  184,  773,  124,  331,  327,  767,  397,  531,  288,  901,  294,  899,  663,  221,  626,  358,  206,  495,  274,  381,  166,  621,  790,  388,  224,  341,  923,  789,  781,  835,  661,  681,  592,  255,  165,  664,  329,  589,  540,  742,  238,  844,  626,  341,  916,  418,  720, 1051,  776,  257,  918,  916,  172,  293,  582,  341,  420,  113,  382,  452,  533,  695,  552,  853,  853,  888,  445,  740,  919,  955,  590,  348,  795,  796,  713,  556,  458,  925,  642,  907,  154,  642,  637,  948,  461,  442,  376,  564,  476,  916,   57,  258,  429,  657,  802,  749,  325,  161,  574,  717,  578,  461,  158,  736,  271,  164,  458,  953,  675,  531,  158,  452,  932,  184,  766,  228],
        [  412,    0,  778, 1233,  645,  838,  531, 1046,  902,  436,  869, 1046,  895,  650,  860,  855,  217,  728,  776,  686,  505,  880,  607, 1023,  366,  662,  394,  436,  978,    0,  622, 1222,   45, 1069,  531,  438,  398,  532,  238,  790,  631, 1089,  201,  806,  649,  695,  846,  697,  547,  748,  319,  883,  259,  755,  832,  753,  726,  833,  590,  835,  607,  562,  905,  774,  899,  908, 1037,  842,  655,  728,  695,  104,  780,  463,  402,  803,  657,  891, 1091,  878,  705, 1193,  814,  409,  705,  590,  819,  898,  733,  197,  802,  842,  382,  455,  596, 1149,  869,  744,  897,  612,  460,  771, 1128,  231,  581,  820,  148,  865,  718,   78,  387,  755,  335,  390,  988,  717,  503,  667,  611, 1053,  691,  527,  796,  682,  574,  185,  526,  203,  767,  371,  528,  677,  848,  650,  184,  201,  401,  549,  678,  414,  931,   99,  886,  949,  423,   32,  704,  778, 1208,  759, 1055,  422,  923,  990,  889,  377,  758,  749,  658,  876,  465,  941,  450, 1081,  926,  301,  714,  880,  982,  722,  382,  709,  850, 1033,   86,  795,  794,  776],
        [  247,    0,  787,  896,  134,  315,  362,  691,  479,  187,  509,  742,  921,  600,  840,  971,  440,  889,  600,  792,  176,  996,   74,  682,  419,  650,  233,  187,  506,  622,    0,  900,  603,  850,  763,  254,  591,  754,  544,  601,  412,  867,  443,  647,  193,  552,  802,  944,  132,  561,  391,  980,  364,  517,  341,  755,  843,  435,  137,  217,  542,  245,  354,  880,  387,  301,  742,  916,  471,  669,  273,  588,  219,  794,  223,  467,  695,  278,  694,  261,  297,  855,  399,  217,  852,  286,  491,  657,  961,  491,  902,  962,  501,  198,   87,  751,  499,  783,  648,  630,  398,  857,  731,  418,  121,  593,  633,  686,  808,  699,  641,  254,  739,  767,  614,  421,  120,  193,  124,  615,  498,  267,  191,  767,  560,  449,  794,  462,  631,  591,  846,  953,  797,  206,  462,  422,  246,  540,   62,  788,  883,  527,  510,  893,  200,  591,  590,  157,  858,  718,  847,  785,  471,  669,  268,  246,  892,  848,  251,  505,  164,  938,  455,  852,  555,  526,  276,  352,  792,  976,  242,  655,  466,  819,  549,  358,  887,  431],
        [  893,    0,  579,   32,  770,  609,  704,  210,  425,  953,  397,  178,  588,  598,  527,  719, 1019,  773,  451,  706,  837,  724,  974,  220,  858,  610, 1018,  979,  430, 1222,  900,    0, 1237,  211,  861,  851,  864,  851,  994,  436,  600,  199, 1039,  432,  717,  531,  503,  892, 1021,  476,  915,  694, 1046,  469,  570,  582,  714,  467,  792,  822,  624,  733,  614,  700,  550,  760,  185,  656,  568,  542,  636, 1126,  708,  973, 1005,  452,  649,  788,  226,  925,  613,   51,  502,  954,  754,  687,  430,  325,  871, 1026,  692,  724,  847, 1044,  987,  189,  405,  622,  326,  656,  766,  673,  200, 1153, 1019,  402, 1118,  377,  684, 1283,  906,  649, 1046, 1021,  287,  529,  947,  712,  791,  322,  532,  750,  958,  685,  666, 1147,  902, 1193,  472,  891,  964,  931,  494,  706, 1052, 1079, 1063,  686,  863, 1019,  480, 1176,  392,  467,  982, 1196,  531,  865,   65,  540,  232, 1007,  443,  243,  859,  986,  737,  692,  667,  398,  920,  546,  773,  193,  346,  930,  628,  590,  289,  908, 1011,  557,  437,  236, 1201,  543,  683,  488],
        [  405,    0,  808, 1247,  635,  832,  540, 1057,  905,  420,  876, 1060,  927,  673,  890,  891,  222,  765,  795,  720,  497,  917,  584, 1035,  379,  688,  373,  417,  979,   45,  603, 1237,    0, 1089,  568,  434,  428,  569,  266,  808,  642, 1110,  203,  826,  644,  713,  873,  737,  521,  765,  326,  919,  245,  769,  829,  781,  761,  837,  581,  818,  628,  561,  898,  809,  896,  894, 1052,  876,  669,  752,  694,  137,  770,  504,  381,  811,  686,  876, 1100,  857,  705, 1207,  817,  394,  741,  592,  828,  915,  773,  213,  837,  878,  404,  429,  572, 1158,  876,  775,  913,  639,  472,  805, 1136,  200,  555,  836,  188,  885,  751,  102,  421,  750,  377,  432,  996,  726,  484,  661,  601, 1058,  706,  528,  773,  714,  597,  158,  565,  167,  788,  401,  569,  719,  875,  645,  188,  189,  375,  572,  661,  456,  960,   77,  893,  977,  404,   47,  725,  760, 1221,  785, 1075,  464,  925, 1003,  871,  361,  794,  783,  657,  884,  450,  972,  467, 1101,  934,  326,  712,  875, 1003,  763,  362,  733,  856, 1053,   56,  796,  828,  783],
        [  786,    0,  374,  239,  717,  604,  583,  242,  419,  861,  353,  154,  378,  424,  317,  509,  879,  564,  298,  501,  749,  515,  922,  226,  716,  425,  921,  889,  468, 1069,  850,  211, 1089,    0,  664,  744,  691,  654,  834,  286,  483,   21,  901,  264,  658,  378,  295,  683,  956,  332,  779,  485,  923,  350,  558,  379,  506,  430,  724,  823,  462,  643,  634,  490,  563,  782,  143,  445,  437,  355,  578,  969,  690,  777,  910,  384,  456,  804,  310,  933,  554,  221,  467,  855,  546,  594,  360,  196,  661,  877,  481,  514,  688,  961,  932,  313,  366,  417,  204,  474,  629,  464,  310, 1033,  961,  271,  953,  205,  478, 1124,  727,  618,  861,  831,  297,  436,  871,  658,  729,  390,  399,  649,  947,  483,  497, 1018,  703, 1068,  303,  719,  763,  723,  286,  645,  911,  949,  971,  521,  824,  826,  270, 1036,  361,  258,  889, 1046,  366,  852,  247,  343,   22,  814,  455,  212,  873,  883,  527,  484,  600,  363,  832,  338,  624,   19,  327,  770,  576,  599,   90,  698,  912,  372,  400,   37, 1060,  509,  473,  420],
