{
    "name": "random-20-24594",
    "comment": "size=20 seed=24594",
    "nodes": ["+0", "-0", "+1", "-1", "+2", "-2", "+3", "-3", "+4", "-4", "+5", "-5", "+6", "-6", "+7", "-7", "+8", "-8", "+9", "-9", "+10", "-10", "+11", "-11", "+12", "-12", "+13", "-13", "+14", "-14", "+15", "-15", "+16", "-16", "+17", "-17", "+18", "-18", "+19", "-19", "+20", "-20"],
    "precedence": {
        "+0": "-0",
        "+1": "-1",
        "+2": "-2",
        "+3": "-3",
        "+4": "-4",
        "+5": "-5",
        "+6": "-6",
        "+7": "-7",
        "+8": "-8",
        "+9": "-9",
        "+10": "-10",
        "+11": "-11",
        "+12": "-12",
        "+13": "-13",
        "+14": "-14",
        "+15": "-15",
        "+16": "-16",
        "+17": "-17",
        "+18": "-18",
        "+19": "-19",
        "+20": "-20"
    },
    "edges": [
        [    0,    0,  394,  200,  328,  646,  245,  598,  512,  357,  330,   97,  250,  976,  402,  323,  314,  465,  701,  538,  953,  117,  541,  622,  453,  865,  526,  327,  612,  174,  469,  214,   68,  367,  687,  611,  836,  507,  202,   92,  794,  628],
        [    0,    0,  394,  200,  328,  646,  245,  598,  512,  357,  330,   97,  250,  976,  402,  323,  314,  465,  701,  538,  953,  117,  541,  622,  453,  865,  526,  327,  612,  174,  469,  214,   68,  367,  687,  611,  836,  507,  202,   92,  794,  628],
        [  394,  394,    0,  416,  100,  254,  591,  346,  508,   45,  211,  490,  294,  648,  180,  221,   85,   92,  441,  194,  609,  509,  254,  532,  507,  604,  157,  172,  254,  554,  373,  506,  462,  517,  294,  430,  442,  269,  471,  440,  516,  270],
        [  200,  200,  416,    0,  320,  638,  422,  706,  324,  394,  450,  225,  139,  877,  500,  240,  360,  453,  583,  490,  867,  266,  631,  447,  258,  735,  499,  273,  667,  332,  317,  411,  226,  169,  678,  469,  824,  409,   61,  131,  898,  682],
        [  328,  328,  100,  320,    0,  326,  548,  435,  420,   97,  248,  421,  195,  664,  248,  125,   91,  141,  420,  212,  634,  445,  347,  460,  412,  588,  199,   78,  354,  497,  294,  474,  396,  417,  368,  378,  516,  227,  377,  358,  612,  370],
        [  646,  646,  254,  638,  326,    0,  841,  392,  622,  295,  422,  741,  502,  463,  353,  405,  337,  187,  375,  174,  409,  761,  314,  586,  651,  497,  143,  366,  203,  807,  475,  752,  714,  699,   42,  445,  191,  315,  697,  684,  476,  208],
        [  245,  245,  591,  422,  548,  841,    0,  686,  746,  547,  449,  200,  494, 1209,  531,  564,  507,  674,  942,  759, 1181,  158,  660,  862,  679, 1107,  739,  562,  760,   98,  713,  105,  197,  577,  881,  855, 1026,  746,  399,  291,  872,  774],
        [  598,  598,  346,  706,  435,  392,  686,    0,  853,  339,  268,  685,  613,  853,  206,  560,  359,  394,  735,  480,  795,  683,   94,  873,  847,  878,  427,  512,  192,  699,  718,  582,  651,  839,  408,  759,  493,  599,  749,  677,  197,  192],
        [  512,  512,  508,  324,  420,  622,  746,  853,    0,  517,  651,  549,  287,  671,  666,  297,  505,  483,  379,  448,  684,  590,  762,  139,   81,  485,  488,  343,  742,  656,  147,  725,  549,  202,  653,  239,  771,  308,  359,  455, 1021,  755],
        [  357,  357,   45,  394,   97,  295,  547,  339,  517,    0,  172,  453,  282,  692,  154,  222,   43,  136,  478,  236,  653,  469,  251,  551,  509,  642,  201,  174,  273,  513,  388,  461,  423,  507,  336,  458,  483,  299,  447,  407,  518,  289],
        [  330,  330,  211,  450,  248,  422,  449,  268,  651,  172,    0,  419,  379,  853,   83,  357,  158,  300,  649,  403,  810,  420,  217,  705,  627,  813,  363,  317,  312,  444,  537,  349,  385,  596,  458,  624,  593,  467,  487,  409,  465,  326],
        [   97,   97,  490,  225,  421,  741,  200,  685,  549,  453,  419,    0,  317, 1058,  494,  402,  410,  559,  777,  628, 1038,   42,  633,  670,  481,  937,  619,  412,  707,  107,  529,  214,   34,  378,  783,  677,  931,  586,  200,   95,  880,  723],
        [  250,  250,  294,  139,  195,  502,  494,  613,  287,  282,  379,  317,    0,  749,  411,  101,  255,  320,  462,  351,  735,  353,  530,  378,  250,  621,  362,  136,  548,  417,  220,  455,  304,  226,  542,  362,  687,  277,  200,  229,  799,  564],
        [  976,  976,  648,  877,  664,  463, 1209,  853,  671,  692,  853, 1058,  749,    0,  798,  657,  724,  557,  300,  458,   69, 1090,  776,  551,  741,  210,  492,  649,  662, 1149,  577, 1138, 1039,  846,  445,  436,  409,  473,  935,  975,  904,  663],
        [  402,  402,  180,  500,  248,  353,  531,  206,  666,  154,   83,  494,  411,  798,    0,  369,  162,  259,  616,  361,  752,  498,  140,  704,  652,  776,  315,  324,  230,  525,  541,  431,  461,  635,  387,  608,  517,  448,  544,  476,  400,  243],
        [  323,  323,  221,  240,  125,  405,  564,  560,  297,  222,  357,  402,  101,  657,  369,    0,  208,  227,  379,  251,  640,  435,  472,  353,  287,  543,  263,   49,  471,  496,  184,  510,  384,  302,  445,  299,  588,  185,  300,  320,  736,  486],
        [  314,  314,   85,  360,   91,  337,  507,  359,  505,   43,  158,  410,  255,  724,  162,  208,    0,  171,  499,  267,  688,  427,  276,  550,  491,  665,  237,  164,  311,  471,  384,  422,  381,  481,  378,  467,  525,  312,  410,  366,  545,  326],
        [  465,  465,   92,  453,  141,  187,  674,  394,  483,  136,  300,  559,  320,  557,  259,  227,  171,    0,  358,  104,  518,  582,  301,  484,  497,  518,   66,  184,  259,  631,  339,  593,  533,  527,  228,  366,  376,  206,  512,  499,  542,  272],
        [  701,  701,  441,  583,  420,  375,  942,  735,  379,  478,  649,  777,  462,  300,  616,  379,  499,  358,    0,  259,  306,  811,  645,  276,  445,  168,  311,  383,  564,  873,  278,  883,  761,  546,  386,  141,  454,  198,  640,  690,  848,  572],
        [  538,  538,  194,  490,  212,  174,  759,  480,  448,  236,  403,  628,  351,  458,  361,  251,  267,  104,  259,    0,  424,  654,  388,  421,  478,  415,   53,  222,  321,  709,  302,  683,  604,  532,  207,  289,  341,  143,  551,  557,  610,  332],
        [  953,  953,  609,  867,  634,  409, 1181,  795,  684,  653,  810, 1038,  735,   69,  752,  640,  688,  518,  306,  424,    0, 1068,  722,  572,  750,  252,  453,  627,  604, 1126,  579, 1106, 1018,  849,  387,  446,  342,  459,  926,  959,  840,  604],
        [  117,  117,  509,  266,  445,  761,  158,  683,  590,  469,  420,   42,  353, 1090,  498,  435,  427,  582,  811,  654, 1068,    0,  636,  710,  522,  973,  643,  442,  717,   66,  568,  180,   51,  419,  802,  714,  951,  619,  241,  136,  877,  732],
        [  541,  541,  254,  631,  347,  314,  660,   94,  762,  251,  217,  633,  530,  776,  140,  472,  276,  301,  645,  388,  722,  636,    0,  780,  759,  791,  336,  423,  129,  660,  626,  557,  600,  756,  336,  666,  439,  506,  677,  614,  269,  136],
        [  622,  622,  532,  447,  460,  586,  862,  873,  139,  551,  705,  670,  378,  551,  704,  353,  550,  484,  276,  421,  572,  710,  780,    0,  220,  355,  470,  389,  737,  776,  170,  831,  666,  341,  610,  147,  709,  281,  489,  576, 1024,  749],
        [  453,  453,  507,  258,  412,  651,  679,  847,   81,  509,  627,  481,  250,  741,  652,  287,  491,  497,  445,  478,  750,  522,  759,  220,    0,  562,  512,  336,  752,  587,  184,  666,  483,  122,  685,  306,  812,  345,  286,  388, 1022,  766],
        [  865,  865,  604,  735,  588,  497, 1107,  878,  485,  642,  813,  937,  621,  210,  776,  543,  665,  518,  168,  415,  252,  973,  791,  355,  562,    0,  463,  550,  697, 1036,  420, 1050,  923,  675,  496,  268,  522,  365,  789,  848,  971,  703],
        [  526,  526,  157,  499,  199,  143,  739,  427,  488,  201,  363,  619,  362,  492,  315,  263,  237,   66,  311,   53,  453,  643,  336,  470,  512,  463,    0,  227,  269,  694,  342,  658,  594,  556,  182,  340,  326,  189,  559,  554,  558,  281],
        [  327,  327,  172,  273,   78,  366,  562,  512,  343,  174,  317,  412,  136,  649,  324,   49,  164,  184,  383,  222,  627,  442,  423,  389,  336,  550,  227,    0,  423,  500,  221,  500,  391,  348,  406,  320,  552,  186,  333,  337,  687,  438],
        [  612,  612,  254,  667,  354,  203,  760,  192,  742,  273,  312,  707,  548,  662,  230,  471,  311,  259,  564,  321,  604,  717,  129,  737,  752,  697,  269,  423,    0,  749,  598,  661,  676,  770,  217,  609,  311,  456,  719,  674,  289,   16],
        [  174,  174,  554,  332,  497,  807,   98,  699,  656,  513,  444,  107,  417, 1149,  525,  496,  471,  631,  873,  709, 1126,   66,  660,  776,  587, 1036,  694,  500,  749,    0,  633,  150,  113,  482,  848,  778,  995,  680,  304,  201,  891,  764],
        [  469,  469,  373,  317,  294,  475,  713,  718,  147,  388,  537,  529,  220,  577,  541,  184,  384,  339,  278,  302,  579,  568,  626,  170,  184,  420,  342,  221,  598,  633,    0,  673,  520,  271,  507,  152,  629,  163,  370,  437,  880,  611],
        [  214,  214,  506,  411,  474,  752,  105,  582,  725,  461,  349,  214,  455, 1138,  431,  510,  422,  593,  883,  683, 1106,  180,  557,  831,  666, 1050,  658,  500,  661,  150,  673,    0,  195,  577,  791,  807,  934,  685,  403,  288,  767,  674],
        [   68,   68,  462,  226,  396,  714,  197,  651,  549,  423,  385,   34,  304, 1039,  461,  384,  381,  533,  761,  604, 1018,   51,  600,  666,  483,  923,  594,  391,  676,  113,  520,  195,    0,  386,  755,  666,  903,  569,  210,   97,  847,  691],
        [  367,  367,  517,  169,  417,  699,  577,  839,  202,  507,  596,  378,  226,  846,  635,  302,  481,  527,  546,  532,  849,  419,  756,  341,  122,  675,  556,  348,  770,  482,  271,  577,  386,    0,  736,  412,  873,  415,  178,  290, 1024,  785],
        [  687,  687,  294,  678,  368,   42,  881,  408,  653,  336,  458,  783,  542,  445,  387,  445,  378,  228,  386,  207,  387,  802,  336,  610,  685,  496,  182,  406,  217,  848,  507,  791,  755,  736,    0,  467,  149,  345,  738,  725,  476,  218],
        [  611,  611,  430,  469,  378,  445,  855,  759,  239,  458,  624,  677,  362,  436,  608,  299,  467,  366,  141,  289,  446,  714,  666,  147,  306,  268,  340,  320,  609,  778,  152,  807,  666,  412,  467,    0,  563,  162,  522,  585,  897,  620],
        [  836,  836,  442,  824,  516,  191, 1026,  493,  771,  483,  593,  931,  687,  409,  517,  588,  525,  376,  454,  341,  342,  951,  439,  709,  812,  522,  326,  552,  311,  995,  629,  934,  903,  873,  149,  563,    0,  467,  884,  874,  504,  305],
        [  507,  507,  269,  409,  227,  315,  746,  599,  308,  299,  467,  586,  277,  473,  448,  185,  312,  206,  198,  143,  459,  619,  506,  281,  345,  365,  189,  186,  456,  680,  163,  685,  569,  415,  345,  162,  467,    0,  469,  503,  744,  468],
        [  202,  202,  471,   61,  377,  697,  399,  749,  359,  447,  487,  200,  200,  935,  544,  300,  410,  512,  640,  551,  926,  241,  677,  489,  286,  789,  559,  333,  719,  304,  370,  403,  210,  178,  738,  522,  884,  469,    0,  115,  943,  735],
        [   92,   92,  440,  131,  358,  684,  291,  677,  455,  407,  409,   95,  229,  975,  476,  320,  366,  499,  690,  557,  959,  136,  614,  576,  388,  848,  554,  337,  674,  201,  437,  288,   97,  290,  725,  585,  874,  503,  115,    0,  873,  689],
        [  794,  794,  516,  898,  612,  476,  872,  197, 1021,  518,  465,  880,  799,  904,  400,  736,  545,  542,  848,  610,  840,  877,  269, 1024, 1022,  971,  558,  687,  289,  891,  880,  767,  847, 1024,  476,  897,  504,  744,  943,  873,    0,  279],
        [  628,  628,  270,  682,  370,  208,  774,  192,  755,  289,  326,  723,  564,  663,  243,  486,  326,  272,  572,  332,  604,  732,  136,  749,  766,  703,  281,  438,   16,  764,  611,  674,  691,  785,  218,  620,  305,  468,  735,  689,  279,    0]
    ]
}
