{
    "name": "random-76-14982",
    "comment": "size=76 seed=14982",
    "nodes": ["+0", "-0", "+1", "-1", "+2", "-2", "+3", "-3", "+4", "-4", "+5", "-5", "+6", "-6", "+7", "-7", "+8", "-8", "+9", "-9", "+10", "-10", "+11", "-11", "+12", "-12", "+13", "-13", "+14", "-14", "+15", "-15", "+16", "-16", "+17", "-17", "+18", "-18", "+19", "-19", "+20", "-20", "+21", "-21", "+22", "-22", "+23", "-23", "+24", "-24", "+25", "-25", "+26", "-26", "+27", "-27", "+28", "-28", "+29", "-29", "+30", "-30", "+31", "-31", "+32", "-32", "+33", "-33", "+34", "-34", "+35", "-35", "+36", "-36", "+37", "-37", "+38", "-38", "+39", "-39", "+40", "-40", "+41", "-41", "+42", "-42", "+43", "-43", "+44", "-44", "+45", "-45", "+46", "-46", "+47", "-47", "+48", "-48", "+49", "-49", "+50", "-50", "+51", "-51", "+52", "-52", "+53", "-53", "+54", "-54", "+55", "-55", "+56", "-56", "+57", "-57", "+58", "-58", "+59", "-59", "+60", "-60", "+61", "-61", "+62", "-62", "+63", "-63", "+64", "-64", "+65", "-65", "+66", "-66", "+67", "-67", "+68", "-68", "+69", "-69", "+70", "-70", "+71", "-71", "+72", "-72", "+73", "-73", "+74", "-74", "+75", "-75", "+76", "-76"],
    "precedence": {
        "+0": "-0",
        "+1": "-1",
        "+2": "-2",
        "+3": "-3",
        "+4": "-4",
        "+5": "-5",
        "+6": "-6",
        "+7": "-7",
        "+8": "-8",
        "+9": "-9",
        "+10": "-10",
        "+11": "-11",
        "+12": "-12",
        "+13": "-13",
        "+14": "-14",
        "+15": "-15",
        "+16": "-16",
        "+17": "-17",
        "+18": "-18",
        "+19": "-19",
        "+20": "-20",
        "+21": "-21",
        "+22": "-22",
        "+23": "-23",
        "+24": "-24",
        "+25": "-25",
        "+26": "-26",
        "+27": "-27",
        "+28": "-28",
        "+29": "-29",
        "+30": "-30",
        "+31": "-31",
        "+32": "-32",
        "+33": "-33",
        "+34": "-34",
        "+35": "-35",
        "+36": "-36",
        "+37": "-37",
        "+38": "-38",
        "+39": "-39",
        "+40": "-40",
        "+41": "-41",
        "+42": "-42",
        "+43": "-43",
        "+44": "-44",
        "+45": "-45",
        "+46": "-46",
        "+47": "-47",
        "+48": "-48",
        "+49": "-49",
        "+50": "-50",
        "+51": "-51",
        "+52": "-52",
        "+53": "-53",
        "+54": "-54",
        "+55": "-55",
        "+56": "-56",
        "+57": "-57",
        "+58": "-58",
        "+59": "-59",
        "+60": "-60",
        "+61": "-61",
        "+62": "-62",
        "+63": "-63",
        "+64": "-64",
        "+65": "-65",
        "+66": "-66",
        "+67": "-67",
        "+68": "-68",
        "+69": "-69",
        "+70": "-70",
        "+71": "-71",
        "+72": "-72",
        "+73": "-73",
        "+74": "-74",
        "+75": "-75",
        "+76": "-76"
    },
    "edges": [
        [    0,    0,   81,  763,  744,  458,  248,  941,  459,  593,  271,  464,  450,  617,  743,  890,  811,  784,  550,  744,  964,   35,  510,  915,  442,  262,  315,  506,  441,  200,  268,  386,  216,  649,  332,   73,  714,  546,  904,  748,  776,  171,  299,  828,  199,  283,  778,  251,  781,  877,  578,  196,  281,  420,  296,   69,  334,  511,  317,  668,   67,  510,  638,  929,   54,  238,  194,  486,  619,  402,  455,  782,  611,  745,  814,  850,  568,  453,  501,  374,  676,  993,  399,  312,  688,  429,  443,  584,  353,  173,  912,  583,  789,  495,  848,  623,  975,  353,   89,  430,  707,  601,  707,  313,  818,  524,  500,  345,  479,  426,  301,  425,  430,  162,  700,  119,  768,  375,  454,  294,  908,  454,  668,  623,  312,  839,  608,  520,  946,  860,  431,  233,  508,  420,  550,  412,  993,  660,  536,  551,  723,  647,  594,  903,  147,  507,  925,  697,   91,  954,  310,  591,  513,  640],
        [    0,    0,    0,    0,    0,    0,    0,    0,    0,    0,    0,    0,    0,    0,    0,    0,    0,    0,    0,    0,    0,    0,    0,    0,    0,    0,    0,    0,    0,    0,    0,    0,    0,    0,    0,    0,    0,    0,    0,    0,    0,    0,    0,    0,    0,    0,    0,    0,    0,    0,    0,    0,    0,    0,    0,    0,    0,    0,    0,    0,    0,    0,    0,    0,    0,    0,    0,    0,    0,    0,    0,    0,    0,    0,    0,    0,    0,    0,    0,    0,    0,    0,    0,    0,    0,    0,    0,    0,    0,    0,    0,    0,    0,    0,    0,    0,    0,    0,    0,    0,    0,    0,    0,    0,    0,    0,    0,    0,    0,    0,    0,    0,    0,    0,    0,    0,    0,    0,    0,    0,    0,    0,    0,    0,    0,    0,    0,    0,    0,    0,    0,    0,    0,    0,    0,    0,    0,    0,    0,    0,    0,    0,    0,    0,    0,    0,    0,    0,    0,    0,    0,    0,    0,    0],
        [   81,    0,    0,  757,  720,  536,  218,  947,  472,  609,  347,  537,  382,  659,  789,  909,  800,  752,  616,  754, 1016,   60,  455,  946,  458,  287,  296,  468,  402,  124,  343,  390,  295,  624,  411,  109,  688,  510,  953,  740,  757,  246,  313,  826,  266,  258,  742,  225,  828,  926,  624,  273,  303,  482,  375,   39,  391,  590,  398,  723,  125,  469,  616,  904,   50,  166,  222,  499,  649,  461,  511,  754,  562,  787,  854,  862,  549,  394,  469,  445,  696, 1042,  365,  363,  733,  433,  442,  615,  406,  178,  939,  647,  803,  419,  867,  629, 1029,  433,   56,  492,  748,  578,  740,  390,  810,  457,  569,  419,  557,  371,  263,  482,  510,  232,  757,  181,  741,  453,  470,  372,  927,  534,  677,  636,  305,  843,  648,  449,  940,  837,  417,  174,  490,  401,  598,  353,  975,  682,  486,  603,  766,  698,  612,  955,   94,  434,  916,  755,  169,  992,  389,  639,  585,  604],
        [  763,    0,  757,    0,  173,  835,  545,  223,  329,  246,  924,  750,  610,  441,  513,  303,   67,  253,  682,  152,  688,  737,  484,  426,  350,  520,  463,  371,  416,  713,  931,  379,  780,  206,  917,  691,  201,  338,  622,   21,  122,  727,  473,   77,  676,  503,  297,  536,  540,  608,  476,  872,  497,  625,  906,  790,  591,  889,  830,  590,  707,  388,  189,  258,  727,  682,  581,  304,  337,  595,  569,  207,  419,  469,  473,  202,  231,  534,  343,  702,  250,  683,  427,  566,  479,  338,  321,  351,  567,  591,  389,  665,  192,  709,  274,  172,  728,  926,  704,  621,  449,  226,  368,  950,   58,  598,  697,  726,  849,  516,  516,  579,  905,  883,  624,  686,  205,  979,  342,  770,  305,  983,  157,  211,  454,  134,  429,  640,  184,  198,  343,  627,  277,  363,  491,  546,  260,  270,  441,  533,  472,  541,  259,  658,  672,  660,  165,  634,  749,  521,  803,  502,  745,  296],
        [  744,    0,  720,  173,    0,  909,  502,  377,  382,  358,  946,  832,  493,  570,  662,  476,  149,   85,  786,  317,  853,  713,  359,  598,  403,  535,  429,  269,  330,  650,  950,  392,  808,   96,  954,  676,   40,  227,  785,  158,   64,  746,  485,  235,  702,  463,  126,  497,  693,  769,  595,  885,  513,  704,  937,  756,  649,  967,  875,  722,  698,  279,  108,  186,  700,  612,  585,  365,  467,  670,  658,   48,  270,  621,  635,  375,  178,  421,  256,  768,  395,  850,  358,  615,  621,  362,  335,  470,  628,  576,  562,  776,  362,  583,  446,  280,  891,  967,  671,  703,  595,  143,  519,  978,  177,  464,  790,  785,  925,  413,  459,  659,  965,  884,  759,  690,   39, 1016,  399,  816,  477, 1037,  293,  332,  437,  304,  555,  507,  284,  118,  317,  565,  239,  325,  603,  442,  262,  410,  313,  645,  620,  672,  373,  818,  627,  530,  245,  768,  750,  692,  850,  623,  837,  151],
        [  458,    0,  536,  835,  909,    0,  577,  920,  528,  591,  290,   94,  839,  452,  509,  794,  900,  979,  215,  733,  660,  478,  841,  750,  506,  420,  581,  774,  728,  639,  302,  536,  244,  833,  211,  445,  896,  799,  623,  829,  909,  293,  462,  868,  291,  581,  996,  568,  531,  599,  401,  320,  435,  211,  239,  525,  265,   63,  152,  386,  419,  790,  809, 1075,  492,  664,  416,  545,  530,  241,  269,  956,  907,  540,  607,  810,  748,  810,  750,  143,  624,  699,  683,  304,  480,  554,  583,  503,  282,  473,  768,  256,  751,  913,  763,  663,  652,  199,  516,  215,  518,  789,  570,  273,  891,  902,  166,  139,   22,  774,  628,  257,  101,  379,  395,  369,  944,  244,  510,  165,  815,  180,  685,  628,  544,  839,  456,  913,  990, 1005,  632,  631,  695,  642,  374,  775, 1094,  601,  846,  339,  517,  402,  580,  602,  563,  908,  988,  385,  368,  742,  151,  388,  131,  874],
        [  248,    0,  218,  545,  502,  577,    0,  745,  295,  428,  491,  542,  264,  533,  670,  727,  585,  537,  578,  559,  904,  215,  278,  784,  288,  178,   84,  258,  194,  175,  492,  202,  380,  407,  528,  189,  471,  298,  836,  528,  540,  313,  167,  616,  292,   43,  530,   15,  710,  810,  512,  419,  177,  443,  499,  255,  346,  639,  476,  636,  217,  263,  399,  687,  200,  158,  162,  318,  494,  411,  444,  538,  369,  656,  715,  667,  331,  235,  254,  448,  520,  924,  151,  304,  611,  242,  242,  464,  346,  109,  770,  597,  612,  348,  684,  433,  925,  546,  169,  449,  617,  360,  589,  530,  597,  326,  545,  440,  598,  201,   57,  421,  589,  402,  675,  235,  524,  583,  299,  428,  743,  638,  482,  449,  108,  641,  519,  338,  727,  619,  203,   98,  274,  184,  493,  199,  758,  510,  297,  512,  638,  599,  435,  847,  128,  335,  702,  676,  280,  843,  457,  534,  577,  392],
        [  941,    0,  947,  223,  377,  920,  745,    0,  484,  358, 1064,  828,  832,  475,  487,  171,  229,  441,  732,  201,  591,  919,  707,  300,  502,  684,  662,  592,  634,  917, 1072,  558,  919,  428, 1041,  869,  412,  560,  537,  243,  315,  875,  643,  147,  822,  703,  488,  734,  497,  532,  523, 1021,  663,  716, 1037,  977,  711,  965,  948,  597,  880,  609,  411,  364,  911,  890,  750,  457,  391,  693,  653,  395,  638,  439,  410,  111,  450,  756,  563,  803,  298,  573,  641,  696,  477,  515,  506,  420,  684,  773,  257,  704,  170,  931,  177,  319,  634, 1046,  892,  709,  438,  448,  364, 1083,  200,  820,  763,  835,  930,  736,  723,  671, 1004, 1042,  621,  849,  399, 1101,  491,  892,  158, 1086,  274,  324,  644,  105,  468,  862,  141,  341,  546,  833,  488,  569,  548,  765,  289,  321,  664,  586,  453,  556,  362,  579,  868,  882,  176,  632,  912,  394,  922,  541,  809,  515],
        [  459,    0,  472,  329,  382,  528,  295,  484,    0,  138,  596,  452,  488,  268,  400,  439,  389,  454,  420,  285,  633,  438,  416,  490,   22,  200,  221,  307,  294,  467,  603,   94,  452,  310,  590,  387,  371,  313,  562,  318,  385,  400,  161,  382,  348,  258,  474,  281,  440,  538,  266,  546,  179,  324,  578,  500,  270,  586,  504,  403,  397,  327,  284,  551,  433,  452,  267,   28,  205,  290,  283,  429,  434,  378,  430,  392,  229,  423,  272,  387,  227,  648,  266,  240,  343,   62,   84,  179,  248,  295,  476,  419,  332,  591,  396,  168,  659,  600,  417,  323,  339,  270,  299,  622,  387,  518,  415,  407,  544,  389,  297,  280,  587,  561,  444,  366,  417,  652,   19,  445,  455,  661,  211,  165,  187,  383,  252,  549,  505,  480,  160,  392,  188,  184,  260,  408,  583,  217,  398,  296,  363,  357,  142,  580,  403,  558,  492,  449,  429,  552,  478,  294,  461,  366],
        [  593,    0,  609,  246,  358,  591,  428,  358,  138,    0,  707,  505,  596,  214,  321,  302,  313,  441,  438,  157,  540,  574,  504,  360,  152,  332,  351,  384,  391,  602,  715,  227,  562,  317,  689,  521,  362,  375,  469,  243,  338,  517,  297,  279,  464,  390,  473,  415,  357,  447,  238,  664,  312,  381,  682,  636,  358,  644,  598,  366,  529,  405,  287,  497,  569,  584,  400,  112,  114,  353,  324,  404,  493,  287,  324,  259,  261,  525,  347,  461,   92,  548,  374,  340,  272,  187,  194,  113,  333,  431,  343,  424,  198,  701,  259,   79,  572,  696,  554,  377,  254,  293,  191,  729,  301,  614,  451,  489,  605,  494,  425,  335,  666,  685,  404,  494,  396,  750,  140,  540,  318,  745,   95,   37,  321,  262,  199,  650,  402,  431,  262,  525,  251,  290,  249,  518,  505,   87,  476,  291,  280,  316,   17,  494,  540,  663,  398,  412,  557,  431,  572,  266,  499,  397],
        [  271,    0,  347,  924,  946,  290,  491, 1064,  596,  707,    0,  349,  718,  645,  740,  972,  982, 1000,  471,  864,  926,  304,  766,  960,  575,  412,  536,  740,  680,  469,   13,  557,  146,  856,   87,  305,  923,  776,  879,  913,  966,  200,  462,  977,  249,  515, 1003,  488,  771,  853,  596,   75,  434,  387,   52,  320,  357,  319,  151,  632,  275,  749,  838, 1129,  322,  508,  363,  622,  689,  393,  447,  989,  859,  760,  831,  959,  769,  715,  728,  301,  770,  962,  634,  368,  698,  593,  616,  655,  383,  388,  969,  513,  897,  765,  934,  761,  924,  107,  356,  397,  728,  808,  758,   44,  982,  791,  415,  261,  305,  685,  547,  419,  214,  121,  652,  262,  976,  108,  584,  188,  992,  202,  798,  743,  516,  968,  642,  789, 1100, 1058,  632,  499,  708,  630,  565,  675, 1175,  749,  787,  545,  736,  632,  702,  865,  415,  777, 1088,  644,  212,  973,  169,  595,  401,  867],
        [  464,    0,  537,  750,  832,   94,  542,  828,  452,  505,  349,    0,  805,  358,  418,  701,  815,  905,  128,  643,  581,  478,  794,  657,  432,  372,  533,  717,  676,  628,  361,  471,  264,  761,  279,  437,  822,  738,  540,  745,  829,  294,  409,  780,  275,  539,  925,  531,  442,  515,  308,  362,  384,  129,  300,  533,  205,  140,  199,  298,  414,  734,  735,  994,  490,  647,  382,  467,  438,  163,  181,  880,  850,  448,  515,  717,  677,  768,  690,   96,  533,  618,  632,  248,  388,  485,  515,  412,  216,  444,  675,  170,  659,  886,  670,  579,  577,  273,  508,  130,  425,  719,  476,  341,  805,  863,   74,  119,  103,  732,  588,  174,  190,  417,  311,  359,  868,  324,  434,  182,  721,  271,  597,  541,  494,  749,  362,  879,  901,  924,  570,  607,  627,  582,  281,  736, 1009,  510,  794,  246,  424,  310,  493,  521,  548,  876,  900,  302,  375,  652,  185,  295,   54,  808],
        [  450,    0,  382,  610,  493,  839,  264,  832,  488,  596,  718,  805,    0,  753,  887,  866,  623,  484,  836,  684, 1120,  416,  135,  951,  491,  438,  289,  240,  208,  262,  716,  403,  629,  413,  770,  418,  453,  274, 1050,  590,  550,  564,  414,  687,  551,  270,  455,  275,  927, 1025,  742,  644,  432,  703,  737,  417,  607,  900,  730,  875,  449,  223,  424,  650,  397,  217,  425,  502,  689,  670,  698,  508,  243,  865,  914,  784,  384,   76,  270,  712,  684, 1135,  224,  565,  829,  426,  409,  667,  605,  367,  928,  851,  741,  105,  825,  567, 1146,  789,  363,  709,  827,  385,  781,  760,  645,   76,  806,  702,  860,  102,  220,  678,  844,  611,  915,  483,  496,  820,  500,  686,  876,  886,  614,  603,  331,  735,  738,   75,  770,  598,  335,  220,  358,  308,  728,   80,  748,  683,  182,  754,  851,  833,  608, 1067,  304,   74,  734,  917,  513, 1026,  713,  768,  839,  344],
        [  617,    0,  659,  441,  570,  452,  533,  475,  268,  214,  645,  358,  753,    0,  137,  343,  507,  653,  258,  307,  372,  609,  683,  316,  262,  377,  473,  570,  561,  691,  655,  351,  510,  529,  602,  554,  575,  570,  304,  443,  546,  489,  369,  451,  439,  504,  686,  519,  178,  278,   52,  623,  367,  263,  607,  675,  299,  493,  508,  153,  550,  591,  499,  698,  611,  686,  438,  260,  105,  252,  200,  616,  691,  129,  197,  365,  466,  690,  534,  353,  196,  392,  532,  308,   78,  329,  351,  102,  275,  491,  325,  232,  311,  854,  312,  290,  395,  603,  608,  254,   91,  501,  119,  654,  490,  785,  290,  390,  460,  655,  550,  226,  543,  660,  191,  500,  608,  658,  254,  459,  364,  625,  286,  239,  433,  406,   16,  815,  564,  636,  427,  629,  442,  452,   82,  673,  688,  173,  662,  113,  108,  103,  198,  316,  615,  824,  571,  199,  553,  339,  484,   67,  335,  604],
        [  743,    0,  789,  513,  662,  509,  670,  487,  400,  321,  740,  418,  887,  137,    0,  326,  575,  747,  296,  364,  235,  738,  812,  247,  397,  512,  609,  696,  692,  826,  752,  486,  615,  635,  687,  683,  673,  693,  168,  520,  629,  604,  505,  503,  556,  641,  784,  655,   41,  141,  166,  728,  502,  355,  698,  804,  414,  537,  596,  127,  677,  718,  606,  767,  740,  822,  570,  389,  209,  356,  300,  706,  812,   48,   99,  384,  582,  823,  660,  441,  268,  256,  665,  431,   59,  462,  482,  224,  393,  625,  273,  257,  345,  989,  310,  389,  260,  684,  740,  345,   68,  614,  146,  744,  553,  917,  344,  481,  512,  788,  686,  330,  607,  771,  138,  625,  700,  737,  388,  554,  345,  688,  370,  337,  569,  444,  151,  948,  600,  711,  558,  765,  565,  583,  193,  807,  738,  253,  789,  199,   43,  110,  305,  180,  749,  958,  616,  150,  674,  235,  574,  153,  380,  717],
        [  890,    0,  909,  303,  476,  794,  727,  171,  439,  302,  972,  701,  866,  343,  326,    0,  342,  553,  594,  183,  422,  872,  754,  134,  452,  629,  647,  632,  659,  902,  981,  527,  830,  496,  938,  819,  503,  609,  367,  319,  421,  796,  597,  250,  743,  688,  598,  715,  332,  361,  394,  939,  610,  601,  939,  935,  616,  834,  844,  445,  825,  652,  472,  512,  868,  882,  697,  413,  284,  585,  537,  506,  708,  280,  242,  102,  488,  791,  598,  691,  215,  407,  653,  611,  327,  486,  487,  318,  590,  732,   92,  562,  126,  970,   43,  302,  465,  940,  855,  593,  287,  501,  225,  986,  312,  869,  631,  727,  802,  765,  718,  560,  885,  968,  463,  785,  506,  996,  440,  791,   21,  967,  254,  279,  620,  177,  340,  908,  304,  475,  546,  823,  508,  572,  423,  792,  453,  231,  716,  456,  298,  409,  298,  409,  841,  925,  332,  475,  845,  230,  819,  407,  675,  588],
        [  811,    0,  800,   67,  149,  900,  585,  229,  389,  313,  982,  815,  623,  507,  575,  342,    0,  215,  749,  212,  742,  784,  493,  471,  410,  575,  505,  388,  440,  748,  988,  431,  839,  211,  978,  740,  185,  350,  678,   72,   86,  784,  526,   92,  734,  544,  262,  577,  600,  664,  543,  928,  552,  690,  966,  835,  654,  955,  891,  656,  758,  402,  202,  193,  773,  714,  634,  365,  404,  660,  635,  169,  414,  530,  530,  240,  259,  549,  365,  766,  315,  734,  457,  627,  543,  392,  373,  418,  630,  639,  431,  732,  243,  719,  318,  238,  782,  988,  748,  687,  512,  243,  431, 1010,   31,  603,  763,  789,  915,  535,  552,  644,  969,  936,  689,  739,  171, 1040,  403,  832,  340, 1046,  224,  278,  500,  165,  495,  646,  148,  138,  384,  662,  312,  401,  558,  565,  196,  335,  448,  600,  534,  607,  325,  715,  713,  668,  117,  699,  802,  567,  865,  569,  811,  291],
        [  784,    0,  752,  253,   85,  979,  537,  441,  454,  441, 1000,  905,  484,  653,  747,  553,  215,    0,  865,  400,  937,  751,  351,  678,  474,  593,  471,  286,  351,  671, 1003,  453,  865,  148, 1014,  719,   84,  243,  869,  239,  133,  802,  543,  306,  760,  501,   48,  534,  777,  853,  677,  935,  572,  777,  994,  789,  717, 1039,  937,  805,  743,  290,  171,  166,  736,  629,  637,  440,  551,  743,  734,   47,  246,  705,  719,  451,  235,  418,  283,  838,  480,  933,  387,  681,  705,  427,  399,  553,  698,  621,  640,  857,  443,  565,  526,  364,  975, 1027,  706,  777,  680,  194,  603, 1033,  246,  444,  866,  853,  997,  417,  489,  734, 1032,  930,  843,  740,   49, 1075,  472,  879,  553, 1101,  378,  416,  485,  378,  638,  486,  331,  121,  368,  589,  294,  371,  684,  446,  268,  495,  304,  725,  705,  755,  456,  903,  658,  511,  289,  851,  798,  773,  912,  706,  913,  150],
        [  550,    0,  616,  682,  786,  215,  578,  732,  420,  438,  471,  128,  836,  258,  296,  594,  749,  865,    0,  560,  455,  558,  804,  539,  402,  400,  551,  712,  681,  691,  483,  463,  370,  725,  406,  510,  782,  727,  413,  680,  774,  385,  424,  702,  352,  566,  889,  565,  317,  388,  212,  477,  404,  138,  424,  619,  236,  243,  321,  172,  493,  731,  698,  935,  567,  704,  430,  428,  352,  168,  143,  834,  844,  329,  394,  622,  647,  789,  681,  184,  448,  492,  640,  276,  272,  466,  495,  332,  232,  493,  560,   43,  568,  925,  567,  516,  453,  400,  579,  130,  310,  688,  371,  467,  735,  887,   57,  221,  216,  752,  616,  158,  314,  528,  184,  436,  824,  451,  401,  294,  615,  394,  526,  471,  508,  662,  266,  907,  818,  868,  560,  657,  605,  578,  192,  761,  937,  424,  797,  151,  306,  191,  424,  395,  610,  909,  823,  175,  465,  528,  304,  191,   85,  785],
        [  744,    0,  754,  152,  317,  733,  559,  201,  285,  157,  864,  643,  684,  307,  364,  183,  212,  400,  560,    0,  538,  722,  571,  288,  303,  485,  477,  450,  477,  734,  872,  365,  718,  320,  843,  671,  337,  427,  471,  162,  272,  674,  445,  144,  621,  518,  442,  547,  389,  456,  349,  821,  464,  525,  838,  783,  513,  783,  751,  450,  681,  470,  295,  403,  716,  710,  552,  258,  209,  500,  465,  355,  529,  319,  322,  109,  306,  609,  416,  610,  113,  534,  474,  496,  334,  322,  318,  232,  486,  578,  256,  538,   57,  787,  144,  127,  577,  850,  699,  520,  301,  320,  220,  884,  189,  686,  583,  640,  745,  583,  545,  480,  813,  841,  481,  649,  352,  904,  291,  694,  193,  894,   78,  123,  455,  107,  297,  726,  259,  348,  369,  652,  327,  395,  369,  611,  382,  136,  534,  410,  323,  403,  162,  506,  679,  743,  264,  492,  712,  379,  725,  372,  630,  412],
        [  964,    0, 1016,  688,  853,  660,  904,  591,  633,  540,  926,  581, 1120,  372,  235,  422,  742,  937,  455,  538,    0,  962, 1040,  291,  631,  743,  844,  922,  922, 1059,  937,  720,  815,  841,  860,  908,  870,  915,   72,  699,  809,  815,  739,  657,  771,  876,  978,  890,  195,   95,  396,  926,  735,  556,  878, 1028,  631,  669,  776,  300,  899,  943,  813,  926,  966, 1056,  799,  619,  434,  565,  511,  892, 1031,  256,  220,  514,  798, 1054,  885,  630,  468,   42,  897,  654,  294,  694,  713,  454,  612,  856,  334,  413,  500, 1223,  431,  597,   44,  853,  968,  545,  294,  827,  350,  921,  715, 1147,  512,  670,  656, 1021,  921,  541,  760,  974,  275,  845,  889,  902,  621,  744,  434,  834,  567,  547,  804,  587,  386, 1180,  725,  880,  788, 1000,  789,  815,  420, 1040,  874,  460, 1014,  414,  270,  318,  525,   62,  981, 1190,  753,  282,  889,  204,  758,  378,  532,  928],
        [   35,    0,   60,  737,  713,  478,  215,  919,  438,  574,  304,  478,  416,  609,  738,  872,  784,  751,  558,  722,  962,    0,  475,  902,  423,  245,  284,  472,  407,  170,  301,  362,  238,  618,  362,   56,  683,  512,  901,  721,  746,  187,  278,  803,  207,  251,  745,  218,  776,  873,  573,  229,  263,  424,  326,   67,  335,  533,  341,  668,   66,  476,  607,  898,   19,  206,  177,  465,  605,  404,  455,  750,  576,  738,  805,  829,  538,  418,  469,  386,  658,  990,  366,  309,  682,  405,  417,  571,  351,  147,  897,  589,  769,  463,  830,  600,  974,  383,   54,  434,  699,  570,  695,  346,  791,  489,  510,  359,  499,  391,  267,  425,  455,  197,  701,  122,  736,  407,  435,  313,  890,  483,  647,  602,  284,  816,  599,  486,  920,  830,  402,  199,  478,  389,  545,  377,  964,  643,  502,  549,  716,  644,  576,  901,  113,  474,  898,  699,  111,  945,  332,  586,  525,  607],
        [  510,    0,  455,  484,  359,  841,  278,  707,  416,  504,  766,  794,  135,  683,  812,  754,  493,  351,  804,  571, 1040,  475,    0,  849,  424,  423,  262,  123,  124,  350,  766,  345,  657,  283,  805,  462,  320,  148,  969,  464,  418,  590,  386,  561,  565,  263,  324,  283,  851,  946,  680,  693,  411,  680,  776,  493,  590,  904,  751,  817,  491,  102,  297,  517,  457,  304,  431,  424,  607,  644,  662,  374,  115,  785,  827,  667,  266,   70,  159,  705,  587, 1051,  164,  547,  756,  356,  332,  589,  582,  385,  822,  813,  628,  226,  715,  463, 1070,  823,  422,  684,  748,  260,  694,  806,  516,  115,  782,  703,  862,   85,  222,  647,  862,  670,  858,  512,  362,  860,  431,  700,  763,  914,  506,  504,  301,  613,  667,  156,  638,  464,  257,  281,  255,  233,  672,  106,  614,  589,   48,  703,  773,  772,  518,  991,  365,  176,  602,  862,  555,  929,  731,  708,  821,  210],
        [  915,    0,  946,  426,  598,  750,  784,  300,  490,  360,  960,  657,  951,  316,  247,  134,  471,  678,  539,  288,  291,  902,  849,    0,  497,  660,  709,  726,  744,  955,  970,  582,  825,  608,  915,  848,  622,  708,  241,  441,  547,  801,  636,  381,  749,  747,  723,  770,  238,  241,  365,  937,  644,  576,  922,  968,  612,  782,  822,  373,  849,  747,  582,  645,  901,  941,  726,  467,  298,  567,  514,  632,  815,  211,  149,  233,  587,  878,  691,  666,  269,  274,  732,  616,  270,  545,  553,  332,  587,  770,   44,  501,  237, 1056,  154,  387,  334,  915,  893,  566,  235,  605,  209,  969,  442,  962,  584,  704,  754,  850,  784,  541,  846,  973,  382,  803,  631,  969,  486,  774,  144,  928,  343,  349,  676,  308,  319, 1000,  437,  606,  620,  881,  596,  648,  396,  874,  586,  275,  814,  419,  234,  349,  351,  285,  888, 1015,  466,  394,  860,   97,  798,  368,  623,  700],
        [  442,    0,  458,  350,  403,  506,  288,  502,   22,  152,  575,  432,  491,  262,  397,  452,  410,  474,  402,  303,  631,  423,  424,  497,    0,  182,  217,  318,  301,  458,  582,   90,  430,  330,  568,  370,  391,  327,  561,  340,  407,  379,  146,  403,  327,  253,  494,  274,  437,  536,  257,  526,  162,  304,  556,  485,  248,  565,  482,  393,  379,  339,  304,  573,  418,  445,  250,   47,  207,  269,  264,  450,  447,  377,  431,  408,  247,  428,  284,  366,  239,  647,  270,  218,  339,   69,   95,  180,  226,  280,  486,  403,  348,  593,  409,  188,  656,  578,  403,  303,  338,  289,  302,  601,  408,  524,  396,  385,  523,  393,  294,  261,  566,  541,  434,  347,  438,  630,   13,  423,  469,  640,  229,  181,  181,  402,  247,  554,  526,  502,  168,  386,  204,  192,  248,  411,  605,  226,  408,  282,  361,  348,  154,  577,  392,  562,  514,  438,  410,  557,  456,  284,  441,  383],
        [  262,    0,  287,  520,  535,  420,  178,  684,  200,  332,  412,  372,  438,  377,  512,  629,  575,  593,  400,  485,  743,  245,  423,  660,  182,    0,  162,  357,  309,  316,  417,  145,  273,  447,  422,  191,  514,  386,  678,  506,  554,  212,   51,  579,  168,  168,  600,  166,  551,  651,  348,  354,   23,  266,  402,  309,  171,  483,  349,  464,  198,  371,  428,  717,  242,  317,   69,  228,  362,  233,  266,  579,  488,  505,  570,  590,  359,  397,  336,  283,  415,  767,  263,  128,  454,  183,  204,  329,  168,  114,  654,  419,  529,  526,  587,  367,  761,  436,  234,  272,  466,  399,  454,  443,  577,  493,  369,  283,  441,  360,  218,  243,  451,  364,  502,  167,  566,  483,  194,  292,  647,  514,  411,  363,  125,  582,  366,  510,  700,  646,  226,  264,  300,  229,  325,  365,  765,  399,  427,  340,  485,  431,  333,  684,  238,  510,  684,  502,  230,  707,  325,  367,  403,  469],
        [  315,    0,  296,  463,  429,  581,   84,  662,  221,  351,  536,  533,  289,  473,  609,  647,  505,  471,  551,  477,  844,  284,  262,  709,  217,  162,    0,  206,  151,  257,  538,  128,  411,  334,  561,  248,  400,  241,  775,  446,  463,  344,  128,  534,  312,   42,  470,   73,  650,  749,  458,  468,  150,  422,  536,  331,  330,  643,  498,  588,  272,  217,  324,  615,  272,  235,  178,  242,  424,  387,  411,  467,  332,  592,  648,  585,  255,  239,  193,  444,  442,  862,  104,  286,  551,  164,  161,  396,  324,  150,  693,  564,  530,  385,  604,  351,  867,  578,  244,  427,  553,  287,  519,  572,  515,  336,  525,  443,  601,  202,   78,  393,  606,  460,  628,  274,  454,  620,  228,  445,  662,  664,  400,  369,   43,  558,  459,  358,  646,  546,  121,  176,  195,  106,  442,  212,  681,  434,  267,  467,  576,  547,  359,  789,  209,  361,  621,  630,  329,  772,  476,  482,  562,  332],
        [  506,    0,  468,  371,  269,  774,  258,  592,  307,  384,  740,  717,  240,  570,  696,  632,  388,  286,  712,  450,  922,  472,  123,  726,  318,  357,  206,    0,   66,  386,  743,  250,  617,  180,  767,  445,  232,   44,  851,  351,  321,  550,  313,  447,  516,  227,  275,  257,  734,  828,  572,  672,  341,  596,  742,  506,  514,  837,  702,  709,  472,   22,  186,  445,  456,  345,  384,  311,  489,  560,  570,  296,  134,  667,  707,  546,  145,  164,   37,  634,  465,  931,  108,  472,  641,  251,  224,  473,  502,  353,  700,  717,  506,  341,  592,  340,  952,  784,  424,  599,  631,  146,  574,  778,  408,  237,  697,  638,  794,  147,  206,  560,  808,  659,  750,  479,  282,  826,  323,  647,  642,  868,  384,  382,  234,  495,  554,  277,  535,  383,  152,  303,  133,  136,  566,  177,  531,  468,   93,  600,  656,  662,  398,  873,  374,  294,  501,  755,  532,  807,  680,  600,  738,  137],
        [  441,    0,  402,  416,  330,  728,  194,  634,  294,  391,  680,  676,  208,  561,  692,  659,  440,  351,  681,  477,  922,  407,  124,  744,  301,  309,  151,   66,    0,  322,  682,  221,  560,  237,  710,  382,  294,  108,  851,  396,  378,  493,  268,  492,  462,  165,  340,  194,  731,  828,  557,  610,  294,  559,  684,  440,  472,  791,  649,  693,  410,   70,  239,  509,  391,  282,  328,  304,  489,  523,  539,  359,  182,  666,  712,  579,  185,  135,   76,  589,  478,  934,   47,  429,  635,  233,  211,  469,  463,  293,  721,  690,  534,  313,  618,  359,  950,  727,  359,  563,  629,  198,  578,  718,  457,  226,  661,  591,  749,  107,  141,  525,  756,  596,  734,  420,  345,  768,  308,  595,  670,  814,  406,  396,  185,  534,  545,  259,  587,  446,  135,  238,  151,  110,  548,  134,  591,  477,  119,  579,  654,  648,  404,  871,  308,  272,  555,  738,  470,  820,  627,  584,  701,  203],
        [  200,    0,  124,  713,  650,  639,  175,  917,  467,  602,  469,  628,  262,  691,  826,  902,  748,  671,  691,  734, 1059,  170,  350,  955,  458,  316,  257,  386,  322,    0,  466,  376,  405,  556,  531,  194,  615,  429,  993,  695,  695,  347,  324,  786,  354,  216,  655,  188,  866,  966,  663,  395,  324,  554,  495,  157,  457,  696,  508,  777,  221,  382,  553,  830,  152,   47,  266,  492,  662,  527,  571,  680,  462,  817,  879,  842,  490,  284,  395,  533,  693, 1082,  294,  421,  768,  417,  417,  631,  466,  204,  943,  717,  787,  296,  859,  607, 1076,  552,  124,  563,  778,  513,  757,  512,  762,  338,  649,  512,  660,  267,  197,  544,  623,  355,  814,  271,  666,  574,  470,  475,  917,  652,  657,  624,  282,  814,  678,  327,  893,  766,  373,   86,  438,  351,  641,  245,  911,  683,  387,  653,  798,  745,  609, 1000,   82,  312,  865,  813,  279, 1011,  497,  683,  671,  521],
        [  268,    0,  343,  931,  950,  302,  492, 1072,  603,  715,   13,  361,  716,  655,  752,  981,  988, 1003,  483,  872,  937,  301,  766,  970,  582,  417,  538,  743,  682,  466,    0,  562,  154,  860,   98,  305,  927,  779,  891,  919,  971,  206,  467,  984,  255,  517, 1006,  489,  782,  865,  606,   74,  439,  398,   64,  315,  366,  331,  163,  644,  276,  751,  843, 1134,  320,  505,  367,  629,  698,  404,  457,  993,  860,  770,  841,  968,  773,  714,  731,  312,  779,  973,  636,  376,  708,  598,  621,  664,  392,  390,  979,  525,  906,  761,  943,  768,  936,  117,  354,  408,  739,  812,  767,   49,  988,  790,  426,  272,  316,  685,  548,  429,  225,  115,  664,  265,  980,  115,  591,  199, 1001,  211,  805,  751,  519,  976,  652,  787, 1107, 1062,  636,  498,  713,  633,  575,  674, 1181,  758,  788,  556,  746,  643,  710,  877,  413,  774, 1095,  656,  212,  984,  180,  606,  413,  869],
        [  386,    0,  390,  379,  392,  536,  202,  558,   94,  227,  557,  471,  403,  351,  486,  527,  431,  453,  463,  365,  720,  362,  345,  582,   90,  145,  128,  250,  221,  376,  562,    0,  417,  306,  563,  314,  372,  268,  650,  365,  409,  357,   96,  442,  311,  165,  464,  189,  526,  625,  341,  499,  123,  348,  546,  420,  272,  597,  485,  475,  329,  268,  285,  573,  354,  359,  203,  116,  297,  312,  321,  436,  383,  467,  521,  473,  218,  342,  220,  393,  318,  737,  185,  232,  428,   44,   60,  270,  256,  216,  568,  470,  415,  504,  484,  240,  745,  576,  335,  350,  428,  259,  391,  587,  435,  439,  448,  404,  554,  306,  205,  311,  581,  505,  516,  308,  423,  625,  101,  427,  543,  649,  288,  249,   94,  454,  336,  467,  562,  501,   99,  300,  161,  115,  329,  323,  621,  309,  335,  359,  451,  432,  234,  666,  315,  474,  543,  519,  371,  645,  460,  367,  490,  339],
        [  216,    0,  295,  780,  808,  244,  380,  919,  452,  562,  146,  264,  629,  510,  615,  830,  839,  865,  370,  718,  815,  238,  657,  825,  430,  273,  411,  617,  560,  405,  154,  417,    0,  719,  151,  215,  786,  650,  763,  769,  825,   68,  324,  831,  107,  397,  871,  375,  648,  736,  463,  114,  295,  262,  129,  282,  215,  296,  104,  517,  185,  628,  701,  989,  254,  435,  234,  477,  547,  261,  316,  852,  741,  630,  701,  815,  632,  613,  601,  188,  626,  849,  513,  223,  568,  451,  475,  513,  241,  272,  831,  409,  753,  691,  792,  616,  818,  168,  282,  272,  597,  672,  619,  172,  838,  698,  315,  150,  264,  580,  436,  287,  219,  159,  542,  147,  839,  211,  439,   83,  850,  259,  652,  598,  386,  823,  506,  703,  955,  918,  498,  412,  572,  498,  432,  575, 1032,  606,  672,  417,  606,  509,  557,  754,  334,  694,  943,  536,  127,  844,   95,  465,  316,  737],
        [  649,    0,  624,  206,   96,  833,  407,  428,  310,  317,  856,  761,  413,  529,  635,  496,  211,  148,  725,  320,  841,  618,  283,  608,  330,  447,  334,  180,  237,  556,  860,  306,  719,    0,  867,  582,   68,  140,  772,  186,  142,  657,  396,  281,  614,  368,  165,  401,  669,  752,  547,  793,  425,  633,  848,  661,  570,  893,  790,  680,  604,  192,   30,  281,  604,  518,  493,  298,  430,  598,  591,  135,  214,  597,  622,  401,   88,  338,  162,  691,  374,  843,  263,  534,  588,  280,  252,  427,  551,  482,  575,  720,  374,  508,  461,  247,  877,  881,  575,  633,  567,   49,  496,  888,  234,  394,  724,  706,  851,  326,  364,  590,  885,  790,  718,  598,  121,  929,  328,  732,  502,  954,  275,  299,  343,  339,  513,  436,  358,  213,  224,  471,  148,  230,  550,  356,  355,  385,  238,  590,  593,  630,  333,  801,  532,  457,  323,  726,  657,  697,  765,  576,  770,   93],
        [  332,    0,  411,  917,  954,  211,  528, 1041,  590,  689,   87,  279,  770,  602,  687,  938,  978, 1014,  406,  843,  860,  362,  805,  915,  568,  422,  561,  767,  710,  531,   98,  563,  151,  867,    0,  352,  934,  800,  817,  907,  969,  218,  472,  964,  255,  547, 1020,  523,  715,  792,  552,  144,  443,  340,   39,  388,  331,  234,   94,  573,  321,  778,  848, 1134,  380,  566,  384,  613,  657,  354,  403,  999,  891,  710,  780,  934,  780,  759,  751,  250,  744,  897,  663,  352,  648,  595,  620,  625,  357,  421,  927,  448,  872,  824,  902,  749,  856,   22,  412,  349,  681,  820,  718,   63,  975,  840,  350,  212,  223,  727,  584,  378,  128,  200,  588,  294,  986,   63,  576,  150,  958,  123,  782,  725,  536,  949,  601,  842, 1088, 1062,  647,  550,  721,  648,  521,  719, 1172,  722,  822,  496,  686,  577,  682,  800,  468,  832, 1079,  580,  257,  921,  120,  547,  330,  887],
        [   73,    0,  109,  691,  676,  445,  189,  869,  387,  521,  305,  437,  418,  554,  683,  819,  740,  719,  510,  671,  908,   56,  462,  848,  370,  191,  248,  445,  382,  194,  305,  314,  215,  582,  352,    0,  648,  484,  847,  676,  707,  154,  226,  756,  163,  220,  716,  189,  722,  819,  518,  232,  210,  375,  319,  122,  283,  503,  318,  615,   31,  451,  569,  862,   59,  222,  123,  414,  551,  353,  403,  715,  557,  683,  750,  778,  500,  410,  438,  343,  605,  936,  338,  255,  627,  357,  370,  516,  298,  102,  843,  540,  717,  477,  777,  550,  921,  372,   72,  385,  644,  534,  640,  346,  747,  489,  464,  320,  466,  380,  245,  374,  433,  214,  649,   78,  701,  403,  382,  282,  837,  469,  596,  551,  242,  766,  544,  491,  874,  792,  362,  199,  439,  352,  491,  370,  923,  589,  484,  495,  661,  591,  523,  848,  120,  481,  854,  647,   96,  890,  304,  532,  483,  578],
        [  714,    0,  688,  201,   40,  896,  471,  412,  371,  362,  923,  822,  453,  575,  673,  503,  185,   84,  782,  337,  870,  683,  320,  622,  391,  514,  400,  232,  294,  615,  927,  372,  786,   68,  934,  648,    0,  190,  801,  184,  102,  724,  463,  268,  681,  433,  112,  466,  705,  784,  596,  860,  492,  694,  915,  725,  634,  956,  857,  727,  671,  241,   88,  217,  669,  576,  561,  357,  473,  660,  650,   68,  232,  633,  651,  403,  155,  382,  221,  755,  407,  869,  325,  599,  629,  345,  317,  474,  615,  548,  587,  775,  386,  543,  472,  286,  907,  948,  639,  694,  606,  116,  531,  956,  212,  425,  783,  770,  914,  374,  426,  650,  950,  857,  765,  665,   54,  996,  389,  798,  506, 1020,  305,  339,  410,  334,  560,  468,  323,  152,  291,  531,  215,  297,  603,  404,  299,  421,  273,  644,  631,  677,  378,  833,  595,  491,  284,  773,  724,  715,  832,  625,  830,  111],
        [  546,    0,  510,  338,  227,  799,  298,  560,  313,  375,  776,  738,  274,  570,  693,  609,  350,  243,  727,  427,  915,  512,  148,  708,  327,  386,  241,   44,  108,  429,  779,  268,  650,  140,  800,  484,  190,    0,  844,  318,  281,  584,  339,  414,  548,  265,  233,  296,  730,  822,  576,  708,  368,  615,  777,  548,  537,  861,  733,  714,  510,   53,  150,  402,  497,  388,  417,  314,  484,  579,  586,  253,  121,  661,  698,  520,  122,  199,   50,  658,  452,  922,  147,  496,  640,  262,  233,  471,  523,  390,  680,  729,  483,  372,  570,  324,  946,  816,  465,  617,  627,  113,  566,  813,  372,  262,  714,  664,  819,  186,  247,  577,  837,  697,  754,  515,  239,  860,  331,  677,  617,  899,  365,  370,  265,  466,  555,  303,  497,  341,  169,  346,  129,  158,  573,  217,  488,  457,  108,  608,  652,  666,  390,  868,  416,  323,  462,  760,  569,  792,  710,  605,  757,   95],
        [  904,    0,  953,  622,  785,  623,  836,  537,  562,  469,  879,  540, 1050,  304,  168,  367,  678,  869,  413,  471,   72,  901,  969,  241,  561,  678,  775,  851,  851,  993,  891,  650,  763,  772,  817,  847,  801,  844,    0,  633,  743,  759,  672,  594,  714,  807,  909,  822,  127,   28,  331,  875,  669,  502,  834,  967,  572,  638,  730,  248,  839,  872,  743,  863,  904,  989,  735,  549,  363,  509,  454,  825,  961,  186,  151,  454,  728,  984,  814,  581,  398,   90,  827,  593,  226,  624,  643,  384,  553,  791,  283,  371,  435, 1153,  371,  527,  106,  812,  905,  492,  224,  756,  279,  877,  651, 1077,  468,  621,  621,  950,  852,  484,  723,  921,  230,  786,  821,  863,  551,  695,  380,  800,  498,  477,  735,  526,  317, 1109,  668,  815,  718,  932,  718,  744,  356,  970,  816,  389,  943,  354,  200,  259,  454,   44,  916, 1120,  694,  239,  832,  167,  711,  315,  493,  858],
