{
    "name": "random-21-9945",
    "comment": "size=21 seed=9945",
    "nodes": ["+0", "-0", "+1", "-1", "+2", "-2", "+3", "-3", "+4", "-4", "+5", "-5", "+6", "-6", "+7", "-7", "+8", "-8", "+9", "-9", "+10", "-10", "+11", "-11", "+12", "-12", "+13", "-13", "+14", "-14", "+15", "-15", "+16", "-16", "+17", "-17", "+18", "-18", "+19", "-19", "+20", "-20", "+21", "-21"],
    "precedence": {
        "+0": "-0",
        "+1": "-1",
        "+2": "-2",
        "+3": "-3",
        "+4": "-4",
        "+5": "-5",
        "+6": "-6",
        "+7": "-7",
        "+8": "-8",
        "+9": "-9",
        "+10": "-10",
        "+11": "-11",
        "+12": "-12",
        "+13": "-13",
        "+14": "-14",
        "+15": "-15",
        "+16": "-16",
        "+17": "-17",
        "+18": "-18",
        "+19": "-19",
        "+20": "-20",
        "+21": "-21"
    },
    "edges": [
        [    0,    0,  754,  846,  175,  224,  758,  721,  775,  725,  314,  652,  385,  482,  135,  371, 1006,  404,  267,  444,  242,  596,  886,  662,  360,  668,  803,  499,  568,  815,  432,  627,   35,  988,  426,  634,  968,  686,  410,  851,  641,  218,  250,  303],
        [    0,    0,  754,  846,  175,  224,  758,  721,  775,  725,  314,  652,  385,  482,  135,  371, 1006,  404,  267,  444,  242,  596,  886,  662,  360,  668,  803,  499,  568,  815,  432,  627,   35,  988,  426,  634,  968,  686,  410,  851,  641,  218,  250,  303],
        [  754,  754,    0,  934,  803,  824,  776,  132,  918,  775,  621,  506,  662,  295,  647,  392,  429,  394,  948,  954,  805,  326,  522,  632,  637,  496,  595,  289,  953,  709,  848,  140,  734,  515,  450,  154,  724,  138,  890,  906,  548,  897,  567,  533],
        [  846,  846,  934,    0,  697,  659,  159,  806,   81,  164,  555,  429,  472,  914,  891,  751,  771,  680,  744,  521,  628, 1082,  525,  305,  504,  439,  380,  933,  368,  257,  446,  924,  866,  647,  586,  797,  388,  999,  500,   42,  389,  738,  945,  629],
        [  175,  175,  803,  697,    0,   50,  630,  742,  622,  594,  231,  580,  271,  568,  286,  413,  981,  415,  146,  269,   72,  710,  824,  558,  260,  598,  717,  588,  396,  705,  265,  693,  207,  940,  396,  663,  871,  762,  236,  707,  558,   96,  393,  280],
        [  224,  224,  824,  659,   50,    0,  600,  756,  583,  562,  229,  569,  254,  601,  333,  438,  981,  432,  134,  220,   34,  747,  814,  537,  248,  588,  701,  621,  348,  681,  220,  719,  256,  933,  403,  681,  850,  790,  188,  671,  544,   95,  438,  294],
        [  758,  758,  776,  159,  630,  600,    0,  648,  163,   39,  450,  271,  374,  768,  784,  613,  631,  539,  705,  512,  567,  933,  387,  150,  401,  280,  235,  786,  384,  126,  411,  769,  774,  516,  446,  640,  296,  844,  474,  132,  232,  688,  825,  508],
        [  721,  721,  132,  806,  742,  756,  648,    0,  793,  648,  539,  379,  567,  320,  631,  351,  346,  328,  886,  863,  734,  407,  397,  506,  547,  368,  463,  322,  847,  578,  752,  197,  706,  407,  361,   90,  596,  240,  799,  777,  422,  837,  571,  463],
        [  775,  775,  918,   81,  622,  583,  163,  793,    0,  149,  493,  416,  408,  874,  827,  705,  793,  636,  665,  441,  552, 1043,  549,  288,  442,  429,  397,  894,  288,  283,  367,  896,  797,  676,  542,  775,  436,  973,  420,  108,  372,  660,  886,  573],
        [  725,  725,  775,  164,  594,  562,   39,  648,  149,    0,  419,  270,  341,  752,  754,  592,  651,  520,  667,  474,  530,  919,  410,  143,  369,  282,  257,  771,  348,  158,  372,  761,  741,  540,  426,  635,  331,  836,  435,  146,  228,  651,  798,  481],
        [  314,  314,  621,  555,  231,  229,  450,  539,  493,  419,    0,  351,   85,  448,  337,  266,  753,  231,  362,  336,  201,  613,  594,  348,   52,  369,  495,  469,  373,  501,  242,  534,  327,  709,  179,  471,  656,  611,  273,  553,  333,  321,  395,  102],
        [  652,  652,  506,  429,  580,  569,  271,  379,  416,  270,  351,    0,  318,  522,  632,  395,  440,  319,  699,  585,  537,  680,  246,  128,  322,   21,  158,  539,  519,  225,  465,  503,  656,  368,  244,  370,  329,  576,  526,  401,   46,  663,  640,  353],
        [  385,  385,  662,  472,  271,  254,  374,  567,  408,  341,   85,  318,    0,  517,  420,  335,  744,  287,  381,  297,  221,  685,  563,  288,   36,  338,  448,  538,  303,  437,  187,  589,  401,  685,  212,  508,  601,  667,  233,  472,  291,  348,  480,  178],
        [  482,  482,  295,  914,  568,  601,  768,  320,  874,  752,  448,  522,  517,    0,  363,  182,  663,  239,  710,  774,  590,  171,  659,  620,  484,  524,  664,   22,  818,  747,  689,  156,  458,  706,  332,  236,  827,  204,  714,  896,  547,  656,  274,  346],
        [  135,  135,  647,  891,  286,  333,  784,  631,  827,  754,  337,  632,  420,  363,    0,  287,  940,  341,  398,  550,  342,  464,  850,  668,  388,  645,  789,  377,  655,  821,  515,  514,  103,  940,  391,  542,  959,  566,  507,  890,  631,  348,  115,  284],
        [  371,  371,  392,  751,  413,  438,  613,  351,  705,  592,  266,  395,  335,  182,  287,    0,  654,   77,  558,  597,  423,  351,  583,  471,  302,  403,  549,  204,  636,  611,  508,  281,  356,  660,  167,  264,  720,  353,  536,  737,  409,  506,  256,  165],
        [ 1006, 1006,  429,  771,  981,  981,  631,  346,  793,  651,  753,  440,  744,  663,  940,  654,    0,  604, 1114, 1023,  952,  746,  246,  541,  738,  419,  396,  667,  954,  514,  903,  539,  999,  138,  589,  427,  426,  565,  963,  731,  480, 1073,  898,  712],
        [  404,  404,  394,  680,  415,  432,  539,  328,  636,  520,  231,  319,  287,  239,  341,   77,  604,    0,  560,  567,  412,  410,  515,  396,  257,  327,  474,  260,  589,  535,  469,  304,  395,  599,   95,  249,  645,  382,  503,  665,  333,  510,  325,  140],
        [  267,  267,  948,  744,  146,  134,  705,  886,  665,  667,  362,  699,  381,  710,  398,  558, 1114,  560,    0,  242,  163,  845,  944,  658,  379,  718,  826,  729,  398,  797,  300,  837,  302, 1064,  535,  808,  969,  905,  245,  762,  672,   54,  512,  423],
        [  444,  444,  954,  521,  269,  220,  512,  863,  441,  474,  336,  585,  297,  774,  550,  597, 1023,  567,  242,    0,  208,  933,  818,  507,  318,  605,  679,  795,  159,  622,  120,  870,  476,  947,  505,  802,  799,  946,   65,  544,  547,  256,  649,  433],
        [  242,  242,  805,  628,   72,   34,  567,  734,  552,  530,  201,  537,  221,  590,  342,  423,  952,  412,  163,  208,    0,  741,  782,  504,  217,  557,  668,  611,  326,  647,  194,  704,  272,  902,  378,  660,  817,  776,  168,  639,  512,  128,  442,  273],
        [  596,  596,  326, 1082,  710,  747,  933,  407, 1043,  919,  613,  680,  685,  171,  464,  351,  746,  410,  845,  933,  741,    0,  787,  785,  652,  680,  813,  150,  985,  904,  854,  210,  566,  813,  503,  346,  970,  189,  875, 1063,  709,  792,  354,  511],
        [  886,  886,  522,  525,  824,  814,  387,  397,  549,  410,  594,  246,  563,  659,  850,  583,  246,  515,  944,  818,  782,  787,    0,  315,  567,  226,  154,  670,  730,  269,  699,  582,  887,  133,  463,  442,  207,  636,  762,  486,  274,  908,  838,  583],
        [  662,  662,  632,  305,  558,  537,  150,  506,  288,  143,  348,  128,  288,  620,  668,  471,  541,  396,  658,  507,  504,  785,  315,    0,  305,  143,  173,  639,  416,  154,  390,  620,  672,  447,  306,  492,  314,  695,  455,  281,   85,  631,  696,  385],
        [  360,  360,  637,  504,  260,  248,  401,  547,  442,  369,   52,  322,   36,  484,  388,  302,  738,  257,  379,  318,  217,  652,  567,  305,    0,  341,  459,  505,  335,  457,  213,  560,  374,  686,  188,  485,  616,  638,  254,  502,  299,  342,  446,  143],
        [  668,  668,  496,  439,  598,  588,  280,  368,  429,  282,  369,   21,  338,  524,  645,  403,  419,  327,  718,  605,  557,  680,  226,  143,  341,    0,  147,  540,  539,  226,  485,  499,  671,  348,  256,  364,  318,  570,  547,  410,   64,  683,  650,  367],
        [  803,  803,  595,  380,  717,  701,  235,  463,  397,  257,  495,  158,  448,  664,  789,  549,  396,  474,  826,  679,  668,  813,  154,  173,  459,  147,    0,  678,  582,  125,  563,  621,  809,  285,  401,  481,  172,  687,  627,  343,  163,  795,  796,  508],
        [  499,  499,  289,  933,  588,  621,  786,  322,  894,  771,  469,  539,  538,   22,  377,  204,  667,  260,  729,  795,  611,  150,  670,  639,  505,  540,  678,    0,  839,  763,  710,  149,  473,  713,  353,  241,  841,  190,  735,  915,  565,  675,  284,  367],
        [  568,  568,  953,  368,  396,  348,  384,  847,  288,  348,  373,  519,  303,  818,  655,  636,  954,  589,  398,  159,  326,  985,  730,  416,  335,  539,  582,  839,    0,  504,  141,  889,  597,  862,  510,  799,  679,  968,  162,  394,  476,  405,  742,  474],
        [  815,  815,  709,  257,  705,  681,  126,  578,  283,  158,  501,  225,  437,  747,  821,  611,  514,  535,  797,  622,  647,  904,  269,  154,  457,  226,  125,  763,  504,    0,  512,  723,  826,  394,  450,  586,  178,  793,  577,  219,  203,  773,  845,  538],
        [  432,  432,  848,  446,  265,  220,  411,  752,  367,  372,  242,  465,  187,  689,  515,  508,  903,  469,  300,  120,  194,  854,  699,  390,  213,  485,  563,  710,  141,  512,    0,  772,  460,  828,  399,  695,  689,  850,   65,  462,  428,  293,  601,  344],
        [  627,  627,  140,  924,  693,  719,  769,  197,  896,  761,  534,  503,  589,  156,  514,  281,  539,  304,  837,  870,  704,  210,  582,  620,  560,  499,  621,  149,  889,  723,  772,    0,  605,  603,  380,  142,  771,   79,  807,  900,  538,  785,  429,  438],
        [   35,   35,  734,  866,  207,  256,  774,  706,  797,  741,  327,  656,  401,  458,  103,  356,  999,  395,  302,  476,  272,  566,  887,  672,  374,  671,  809,  473,  597,  826,  460,  605,    0,  986,  425,  618,  976,  661,  440,  870,  648,  253,  217,  305],
        [  988,  988,  515,  647,  940,  933,  516,  407,  676,  540,  709,  368,  685,  706,  940,  660,  138,  599, 1064,  947,  902,  813,  133,  447,  686,  348,  285,  713,  862,  394,  828,  603,  986,    0,  563,  474,  289,  644,  891,  607,  401, 1027,  914,  686],
        [  426,  426,  450,  586,  396,  403,  446,  361,  542,  426,  179,  244,  212,  332,  391,  167,  589,   95,  535,  505,  378,  503,  463,  306,  188,  256,  401,  353,  510,  450,  399,  380,  425,  563,    0,  297,  572,  459,  441,  571,  250,  490,  397,  124],
        [  634,  634,  154,  797,  663,  681,  640,   90,  775,  635,  471,  370,  508,  236,  542,  264,  427,  249,  808,  802,  660,  346,  442,  492,  485,  364,  481,  241,  799,  586,  695,  142,  618,  474,  297,    0,  629,  208,  738,  770,  408,  758,  482,  388],
        [  968,  968,  724,  388,  871,  850,  296,  596,  436,  331,  656,  329,  601,  827,  959,  720,  426,  645,  969,  799,  817,  970,  207,  314,  616,  318,  172,  841,  679,  178,  689,  771,  976,  289,  572,  629,    0,  831,  753,  346,  329,  944,  968,  677],
        [  686,  686,  138,  999,  762,  790,  844,  240,  973,  836,  611,  576,  667,  204,  566,  353,  565,  382,  905,  946,  776,  189,  636,  695,  638,  570,  687,  190,  968,  793,  850,   79,  661,  644,  459,  208,  831,    0,  883,  975,  612,  852,  472,  513],
        [  410,  410,  890,  500,  236,  188,  474,  799,  420,  435,  273,  526,  233,  714,  507,  536,  963,  503,  245,   65,  168,  875,  762,  455,  254,  547,  627,  735,  162,  577,   65,  807,  440,  891,  441,  738,  753,  883,    0,  519,  490,  246,  601,  372],
        [  851,  851,  906,   42,  707,  671,  132,  777,  108,  146,  553,  401,  472,  896,  890,  737,  731,  665,  762,  544,  639, 1063,  486,  281,  502,  410,  343,  915,  394,  219,  462,  900,  870,  607,  571,  770,  346,  975,  519,    0,  363,  753,  939,  622],
        [  641,  641,  548,  389,  558,  544,  232,  422,  372,  228,  333,   46,  291,  547,  631,  409,  480,  333,  672,  547,  512,  709,  274,   85,  299,   64,  163,  565,  476,  203,  428,  538,  648,  401,  250,  408,  329,  612,  490,  363,    0,  639,  647,  348],
        [  218,  218,  897,  738,   96,   95,  688,  837,  660,  651,  321,  663,  348,  656,  348,  506, 1073,  510,   54,  256,  128,  792,  908,  631,  342,  683,  795,  675,  405,  773,  293,  785,  253, 1027,  490,  758,  944,  852,  246,  753,  639,    0,  460,  375],
        [  250,  250,  567,  945,  393,  438,  825,  571,  886,  798,  395,  640,  480,  274,  115,  256,  898,  325,  512,  649,  442,  354,  838,  696,  446,  650,  796,  284,  742,  845,  601,  429,  217,  914,  397,  482,  968,  472,  601,  939,  647,  460,    0,  318],
        [  303,  303,  533,  629,  280,  294,  508,  463,  573,  481,  102,  353,  178,  346,  284,  165,  712,  140,  423,  433,  273,  511,  583,  385,  143,  367,  508,  367,  474,  538,  344,  438,  305,  686,  124,  388,  677,  513,  372,  622,  348,  375,  318,    0]
    ]
}
