{
    "name": "random-61-16005",
    "comment": "size=61 seed=16005",
    "nodes": ["+0", "-0", "+1", "-1", "+2", "-2", "+3", "-3", "+4", "-4", "+5", "-5", "+6", "-6", "+7", "-7", "+8", "-8", "+9", "-9", "+10", "-10", "+11", "-11", "+12", "-12", "+13", "-13", "+14", "-14", "+15", "-15", "+16", "-16", "+17", "-17", "+18", "-18", "+19", "-19", "+20", "-20", "+21", "-21", "+22", "-22", "+23", "-23", "+24", "-24", "+25", "-25", "+26", "-26", "+27", "-27", "+28", "-28", "+29", "-29", "+30", "-30", "+31", "-31", "+32", "-32", "+33", "-33", "+34", "-34", "+35", "-35", "+36", "-36", "+37", "-37", "+38", "-38", "+39", "-39", "+40", "-40", "+41", "-41", "+42", "-42", "+43", "-43", "+44", "-44", "+45", "-45", "+46", "-46", "+47", "-47", "+48", "-48", "+49", "-49", "+50", "-50", "+51", "-51", "+52", "-52", "+53", "-53", "+54", "-54", "+55", "-55", "+56", "-56", "+57", "-57", "+58", "-58", "+59", "-59", "+60", "-60", "+61", "-61"],
    "precedence": {
        "+0": "-0",
        "+1": "-1",
        "+2": "-2",
        "+3": "-3",
        "+4": "-4",
        "+5": "-5",
        "+6": "-6",
        "+7": "-7",
        "+8": "-8",
        "+9": "-9",
        "+10": "-10",
        "+11": "-11",
        "+12": "-12",
        "+13": "-13",
        "+14": "-14",
        "+15": "-15",
        "+16": "-16",
        "+17": "-17",
        "+18": "-18",
        "+19": "-19",
        "+20": "-20",
        "+21": "-21",
        "+22": "-22",
        "+23": "-23",
        "+24": "-24",
        "+25": "-25",
        "+26": "-26",
        "+27": "-27",
        "+28": "-28",
        "+29": "-29",
        "+30": "-30",
        "+31": "-31",
        "+32": "-32",
        "+33": "-33",
        "+34": "-34",
        "+35": "-35",
        "+36": "-36",
        "+37": "-37",
        "+38": "-38",
        "+39": "-39",
        "+40": "-40",
        "+41": "-41",
        "+42": "-42",
        "+43": "-43",
        "+44": "-44",
        "+45": "-45",
        "+46": "-46",
        "+47": "-47",
        "+48": "-48",
        "+49": "-49",
        "+50": "-50",
        "+51": "-51",
        "+52": "-52",
        "+53": "-53",
        "+54": "-54",
        "+55": "-55",
        "+56": "-56",
        "+57": "-57",
        "+58": "-58",
        "+59": "-59",
        "+60": "-60",
        "+61": "-61"
    },
    "edges": [
        [    0,    0,  296,  448,  463,  527,  113,  925,  301,  204,  944,  889,  224,  758,  418,  420,  134,  392,  148,  822,  211,  879,  130,  643,  461,  541,  718,  535,  139,  288,  341,  595,  298,  399,  423,  167,  512,  610,  477,  651,  518,  691,  850,  890,  831,  418,  705,  238,  820,  605,  941,  766,   83,  419,  783,  533,  921,  251,  715,  623,  604,  888,  952,  654, 1032,  962,  696,  274, 1003,  576,  861,  711,  209,  572,  475,  205,  475,  725,  351,  650,  599,  267,  516,  701,  857,   93,  616,  835,  764,  640,  590,  617,  705,  704,  447,  230,  674,  362,  979,  429,  739,  275,  715,  128,  838, 1134, 1011,  688,  762,  534,  192,  503,  371,  581,  923,  654,  397,  812,  691,  669,  490,  593,  720,  821],
        [    0,    0,    0,    0,    0,    0,    0,    0,    0,    0,    0,    0,    0,    0,    0,    0,    0,    0,    0,    0,    0,    0,    0,    0,    0,    0,    0,    0,    0,    0,    0,    0,    0,    0,    0,    0,    0,    0,    0,    0,    0,    0,    0,    0,    0,    0,    0,    0,    0,    0,    0,    0,    0,    0,    0,    0,    0,    0,    0,    0,    0,    0,    0,    0,    0,    0,    0,    0,    0,    0,    0,    0,    0,    0,    0,    0,    0,    0,    0,    0,    0,    0,    0,    0,    0,    0,    0,    0,    0,    0,    0,    0,    0,    0,    0,    0,    0,    0,    0,    0,    0,    0,    0,    0,    0,    0,    0,    0,    0,    0,    0,    0,    0,    0,    0,    0,    0,    0,    0,    0,    0,    0,    0,    0],
        [  296,    0,    0,  488,  225,  237,  354,  754,  241,  189,  703,  597,  316,  505,  233,  249,  169,  212,  327,  531,   86,  685,  173,  424,  191,  536,  479,  618,  268,  348,  181,  370,  214,  325,  134,  278,  421,  701,  232,  530,  348,  601,  574,  602,  565,  252,  681,  257,  681,  350,  647,  531,  288,  500,  597,  421,  626,  290,  689,  515,  599,  607,  782,  559,  801,  734,  413,  211,  846,  418,  702,  416,   88,  621,  593,  111,  201,  430,  154,  506,  309,  135,  363,  473,  676,  279,  482,  716,  713,  367,  333,  324,  433,  452,  487,  341,  448,  115,  710,  266,  476,  290,  448,  262,  729,  940,  778,  697,  529,  522,  116,  256,  161,  336,  636,  667,  222,  524,  556,  418,  207,  497,  443,  526],
        [  448,    0,  488,    0,  711,  571,  359,  597,  672,  320,  736,  861,  227,  616,  717,  731,  474,  338,  593,  913,  456,  591,  472,  467,  663,  105,  556,  138,  566,  165,  330,  454,  655,  195,  594,  594,  206,  219,  440,  316,  331,  305,  754,  842,  707,  732,  264,  640,  466,  521, 1002,  583,  366,   67,  504,  245,  920,  218,  274,  281,  161,  799,  618,  285,  790,  723,  661,  278,  647,  331,  526,  748,  464,  135,  155,  404,  670,  798,  635,  347,  727,  582,  302,  523,  553,  358,  315,  455,  333,  819,  516,  660,  879,  576,    3,  667,  501,  602,  837,  746,  626,  682,  619,  329,  447,  815,  776,  240,  574,  108,  491,  738,  381,  813, 1028,  206,  703,  775,  361,  549,  530,  247,  655,  852],
        [  463,    0,  225,  711,    0,  275,  548,  884,  224,  411,  764,  546,  538,  567,   84,  102,  331,  405,  421,  398,  284,  802,  336,  543,   73,  752,  566,  843,  369,  573,  390,  491,  204,  538,  134,  361,  621,  926,  367,  707,  518,  788,  582,  566,  597,  108,  887,  293,  838,  436,  522,  616,  483,  725,  726,  612,  550,  515,  894,  700,  812,  602,  912,  746,  868,  810,  423,  435,  982,  586,  845,  359,  279,  842,  818,  328,   79,  334,  113,  674,  201,  197,  542,  573,  804,  478,  656,  882,  910,  188,  419,  302,  249,  524,  711,  386,  554,  113,  724,  114,  526,  295,  496,  471,  901, 1042,  845,  911,  618,  737,  278,   42,  351,  120,  482,  883,   99,  498,  725,  498,  280,  689,  467,  443],
        [  527,    0,  237,  571,  275,    0,  564,  612,  433,  368,  496,  363,  479,  297,  343,  364,  405,  235,  562,  345,  319,  528,  409,  274,  203,  577,  292,  708,  502,  483,  258,  226,  406,  377,  160,  510,  419,  787,  137,  468,  289,  556,  341,  365,  340,  370,  680,  474,  578,  162,  445,  341,  502,  608,  456,  397,  399,  437,  686,  470,  626,  372,  640,  516,  599,  538,  177,  342,  711,  347,  577,  194,  323,  686,  710,  324,  198,  231,  304,  427,  168,  344,  319,  299,  532,  491,  418,  628,  687,  274,  146,   97,  324,  250,  572,  566,  282,  247,  480,  380,  259,  497,  229,  464,  650,  767,  576,  723,  343,  559,  353,  271,  203,  313,  459,  700,  347,  287,  476,  223,   44,  468,  212,  306],
        [  113,    0,  354,  359,  548,  564,    0,  883,  408,  202,  935,  923,  153,  760,  514,  518,  220,  387,  257,  883,  273,  848,  216,  632,  536,  458,  714,  432,  252,  212,  339,  590,  403,  353,  487,  280,  459,  503,  489,  600,  495,  628,  867,  920,  841,  517,  622,  349,  769,  615,  997,  759,   67,  321,  751,  486,  963,  196,  631,  569,  519,  908,  909,  595, 1016,  945,  723,  256,  955,  543,  817,  756,  275,  474,  366,  246,  548,  779,  441,  607,  662,  360,  486,  693,  821,   76,  572,  776,  686,  716,  601,  660,  781,  708,  357,  341,  665,  441,  988,  529,  748,  387,  727,  102,  776, 1098,  997,  596,  753,  454,  271,  587,  383,  667,  989,  561,  493,  843,  643,  673,  524,  537,  741,  868],
        [  925,    0,  754,  597,  884,  612,  883,    0,  993,  724,  278,  613,  732,  362,  943,  963,  867,  555, 1035,  804,  794,   96,  868,  342,  812,  503,  333,  663,  984,  680,  602,  395,  967,  531,  756, 1005,  427,  692,  529,  288,  415,  299,  463,  574,  404,  968,  428, 1006,  136,  452,  820,  295,  854,  663,  159,  397,  684,  689,  424,  322,  483,  495,   29,  313,  257,  221,  525,  652,   99,  351,   71,  649,  803,  594,  729,  759,  808,  719,  884,  277,  754,  888,  411,  316,   81,  841,  312,  175,  361,  861,  467,  626,  890,  383,  599, 1077,  331,  827,  435,  980,  408, 1041,  432,  803,  202,  219,  257,  509,  288,  494,  842,  883,  598,  921,  896,  518,  942,  558,  243,  398,  604,  357,  482,  690],
        [  301,    0,  241,  672,  224,  433,  408,  993,    0,  354,  925,  756,  458,  725,  148,  140,  204,  449,  213,  621,  224,  923,  207,  661,  265,  741,  708,  787,  173,  511,  412,  606,   28,  543,  275,  155,  649,  868,  468,  766,  587,  833,  769,  772,  772,  136,  896,   76,  920,  575,  745,  759,  354,  666,  836,  653,  767,  456,  905,  749,  806,  796, 1022,  791, 1026,  962,  605,  409, 1086,  657,  942,  566,  215,  806,  742,  274,  278,  551,  133,  745,  416,  106,  601,  705,  916,  354,  719,  954,  937,  410,  557,  492,  468,  675,  671,  163,  681,  187,  911,  142,  690,   72,  660,  365,  966, 1176, 1003,  901,  759,  729,  183,  263,  400,  326,  703,  869,  128,  698,  795,  643,  417,  728,  644,  660],
        [  204,    0,  189,  320,  411,  368,  202,  724,  354,    0,  744,  724,  128,  563,  404,  416,  163,  191,  317,  699,  137,  675,  162,  442,  379,  389,  520,  442,  273,  165,  141,  395,  335,  208,  318,  298,  322,  524,  288,  456,  315,  506,  666,  720,  641,  417,  548,  328,  624,  415,  808,  567,  147,  321,  580,  338,  766,  107,  557,  432,  454,  707,  751,  467,  830,  759,  522,   73,  805,  373,  662,  562,  145,  454,  408,   87,  389,  590,  322,  450,  483,  263,  313,  501,  654,  134,  418,  644,  596,  553,  401,  465,  618,  510,  319,  374,  473,  299,  789,  431,  548,  369,  527,  101,  650,  931,  809,  549,  561,  378,  172,  444,  182,  524,  809,  516,  388,  642,  494,  475,  327,  404,  540,  674],
        [  944,    0,  703,  736,  764,  496,  935,  278,  925,  744,    0,  361,  798,  201,  837,  858,  852,  554, 1022,  578,  767,  197,  854,  304,  694,  666,  227,  837,  964,  762,  604,  350,  898,  601,  656,  979,  532,  886,  476,  433,  444,  493,  221,  319,  178,  864,  648,  958,  368,  353,  568,  178,  889,  799,  245,  494,  428,  749,  647,  466,  671,  239,  290,  484,  105,   66,  347,  681,  354,  413,  309,  452,  774,  778,  886,  748,  686,  516,  798,  393,  592,  828,  460,  244,  241,  876,  422,  426,  597,  687,  371,  468,  700,  252,  737, 1043,  271,  741,  157,  873,  239,  985,  269,  840,  457,  308,   82,  726,  183,  652,  812,  751,  576,  766,  654,  724,  843,  327,  395,  285,  508,  496,  300,  458],
        [  889,    0,  597,  861,  546,  363,  923,  613,  756,  724,  361,    0,  824,  281,  629,  647,  765,  559,  915,  233,  680,  519,  769,  411,  492,  831,  339,  990,  855,  814,  597,  410,  731,  676,  490,  859,  667, 1059,  446,  639,  531,  724,  151,   43,  211,  654,  879,  811,  658,  341,  209,  345,  862,  912,  509,  632,   72,  777,  881,  660,  862,  123,  633,  697,  450,  426,  206,  686,  703,  550,  619,  190,  683,  949, 1012,  686,  479,  219,  624,  589,  346,  685,  562,  373,  551,  851,  602,  720,  853,  403,  348,  274,  390,  300,  862,  906,  384,  576,  235,  658,  250,  826,  248,  822,  749,  665,  430,  943,  355,  814,  711,  517,  546,  500,  294,  930,  642,   87,  620,  319,  400,  676,  206,  120],
        [  224,    0,  316,  227,  538,  479,  153,  732,  458,  128,  798,  824,    0,  633,  526,  536,  255,  268,  367,  818,  258,  699,  252,  496,  506,  317,  582,  330,  340,   64,  227,  459,  443,  204,  444,  369,  307,  411,  378,  448,  354,  477,  750,  815,  718,  536,  482,  418,  617,  497,  924,  624,  141,  209,  603,  335,  871,   50,  491,  417,  381,  793,  758,  443,  874,  803,  619,  139,  802,  396,  665,  672,  265,  356,  287,  211,  516,  707,  445,  456,  606,  378,  341,  558,  671,  132,  421,  624,  542,  679,  485,  576,  744,  583,  226,  441,  531,  425,  863,  550,  626,  460,  608,  102,  625,  948,  855,  466,  617,  311,  283,  571,  280,  651,  929,  432,  508,  740,  491,  549,  436,  385,  629,  784],
        [  758,    0,  505,  616,  567,  297,  760,  362,  725,  563,  201,  281,  633,    0,  639,  659,  658,  374,  827,  445,  572,  267,  661,  149,  497,  570,   62,  736,  769,  607,  423,  175,  697,  451,  456,  782,  412,  798,  283,  362,  291,  445,  144,  249,   91,  666,  601,  758,  382,  156,  475,   69,  709,  674,  233,  374,  352,  584,  603,  385,  592,  189,  386,  420,  303,  243,  166,  506,  459,  288,  352,  288,  579,  688,  770,  557,  489,  358,  598,  312,  407,  629,  316,   97,  289,  696,  329,  443,  572,  509,  173,  279,  532,   54,  617,  845,  116,  540,  231,  675,   47,  785,   75,  662,  472,  480,  280,  668,   78,  553,  616,  557,  387,  580,  542,  658,  643,  208,  340,   89,  308,  406,  121,  334],
        [  418,    0,  233,  717,   84,  343,  514,  943,  148,  404,  837,  629,  526,  639,    0,   21,  295,  435,  356,  478,  268,  864,  299,  602,  145,  769,  633,  844,  309,  568,  412,  548,  133,  557,  188,  296,  650,  927,  417,  748,  560,  825,  661,  649,  673,   27,  912,  222,  888,  500,  602,  683,  451,  724,  784,  645,  633,  510,  920,  737,  831,  682,  971,  782,  941,  881,  500,  440, 1039,  630,  899,  441,  261,  851,  811,  317,  155,  417,   82,  718,  283,  155,  581,  637,  863,  448,  698,  929,  942,  264,  483,  380,  320,  593,  716,  311,  616,  124,  803,   38,  599,  218,  569,  447,  945, 1109,  917,  930,  684,  754,  248,  118,  381,  179,  556,  900,   22,  580,  769,  565,  341,  723,  543,  526],
        [  420,    0,  249,  731,  102,  364,  518,  963,  140,  416,  858,  647,  536,  659,   21,    0,  300,  453,  351,  492,  279,  884,  304,  623,  165,  784,  654,  856,  306,  580,  429,  569,  129,  573,  208,  292,  667,  939,  437,  767,  579,  843,  681,  668,  694,    7,  929,  215,  908,  521,  615,  704,  457,  736,  805,  664,  650,  522,  937,  756,  847,  702,  991,  801,  962,  902,  520,  455, 1059,  649,  920,  460,  272,  865,  822,  329,  175,  434,   96,  738,  302,  161,  600,  658,  883,  454,  717,  948,  959,  276,  504,  400,  331,  614,  730,  302,  637,  143,  823,   18,  620,  208,  589,  455,  964, 1129,  938,  945,  705,  770,  256,  133,  399,  188,  568,  915,   28,  599,  789,  586,  362,  741,  563,  543],
        [  134,    0,  169,  474,  331,  405,  220,  867,  204,  163,  852,  765,  255,  658,  295,  300,    0,  313,  172,  689,   88,  809,    5,  558,  327,  550,  625,  585,  118,  311,  265,  506,  192,  367,  290,  140,  480,  665,  377,  611,  452,  666,  738,  770,  725,  299,  710,  167,  775,  503,  808,  675,  158,  463,  716,  493,  794,  257,  719,  588,  615,  773,  894,  626,  945,  876,  579,  230,  952,  517,  808,  584,   83,  607,  538,  108,  341,  593,  222,  599,  466,  141,  457,  613,  793,  155,  569,  799,  758,  506,  486,  492,  571,  605,  473,  214,  586,  229,  872,  311,  634,  209,  607,  161,  808, 1066,  923,  708,  672,  539,   58,  371,  279,  451,  789,  675,  275,  692,  646,  569,  372,  563,  607,  692],
        [  392,    0,  212,  338,  405,  235,  387,  555,  449,  191,  554,  559,  268,  374,  435,  453,  313,    0,  484,  579,  239,  497,  315,  252,  345,  356,  329,  475,  431,  257,   51,  205,  424,  145,  275,  450,  217,  555,  113,  318,  141,  391,  484,  549,  454,  457,  483,  453,  473,  231,  674,  376,  337,  374,  403,  211,  609,  220,  490,  304,  412,  526,  583,  348,  641,  571,  354,  134,  643,  209,  499,  420,  248,  458,  476,  206,  349,  464,  361,  297,  390,  343,  153,  311,  481,  324,  271,  505,  508,  485,  219,  327,  543,  321,  339,  523,  283,  311,  601,  470,  362,  490,  343,  289,  518,  754,  620,  511,  371,  339,  288,  423,   55,  491,  693,  484,  427,  474,  346,  286,  193,  288,  362,  529],
        [  148,    0,  327,  593,  421,  562,  257, 1035,  213,  317, 1022,  915,  367,  827,  356,  351,  172,  484,    0,  811,  256,  980,  170,  730,  443,  683,  796,  683,   60,  431,  435,  678,  223,  523,  427,   61,  637,  758,  547,  772,  621,  821,  900,  924,  891,  347,  847,  137,  939,  672,  934,  846,  229,  567,  886,  654,  937,  388,  856,  748,  747,  934, 1063,  782, 1116, 1047,  739,  388, 1118,  684,  975,  728,  249,  719,  622,  279,  457,  728,  313,  765,  594,  236,  624,  784,  963,  236,  733,  960,  902,  609,  655,  642,  670,  774,  592,   87,  758,  347, 1037,  355,  801,  160,  774,  266,  966, 1237, 1094,  833,  843,  675,  212,  462,  450,  533,  902,  799,  335,  847,  809,  739,  533,  720,  770,  832],
        [  822,    0,  531,  913,  398,  345,  883,  804,  621,  699,  578,  233,  818,  445,  478,  492,  689,  579,  811,    0,  614,  708,  693,  530,  369,  910,  487, 1050,  755,  826,  601,  505,  601,  719,  400,  751,  746, 1127,  474,  760,  608,  850,  357,  272,  408,  498,  993,  689,  822,  423,  125,  514,  817,  952,  675,  718,  193,  778,  997,  772,  953,  345,  827,  816,  675,  641,  294,  683,  899,  650,  796,  175,  614, 1023, 1054,  637,  355,  116,  500,  713,  223,  577,  640,  516,  733,  808,  715,  881,  984,  217,  420,  254,  179,  437,  914,  783,  516,  467,  466,  499,  401,  693,  382,  788,  908,  886,  653, 1046,  522,  892,  632,  360,  546,  315,  115, 1026,  496,  252,  754,  438,  388,  779,  330,  121],
        [  211,    0,   86,  456,  284,  319,  273,  794,  224,  137,  767,  680,  258,  572,  268,  279,   88,  239,  256,  614,    0,  732,   91,  477,  264,  519,  541,  578,  198,  302,  195,  424,  203,  319,  216,  214,  427,  661,  292,  549,  380,  612,  651,  684,  638,  280,  673,  215,  709,  417,  732,  592,  207,  457,  640,  434,  711,  244,  681,  530,  583,  686,  822,  570,  862,  793,  492,  186,  882,  447,  738,  501,   10,  590,  543,   52,  276,  515,  187,  533,  392,  127,  389,  530,  719,  199,  505,  738,  714,  444,  400,  408,  509,  519,  455,  285,  504,  172,  785,  294,  547,  254,  521,  188,  749,  989,  840,  680,  589,  506,   49,  320,  199,  401,  718,  648,  252,  606,  581,  484,  285,  507,  520,  611],
        [  879,    0,  685,  591,  802,  528,  848,   96,  923,  675,  197,  519,  699,  267,  864,  884,  809,  497,  980,  708,  732,    0,  811,  264,  730,  508,  242,  675,  926,  652,  546,  319,  896,  496,  677,  945,  402,  714,  456,  276,  361,  315,  368,  479,  309,  890,  463,  941,  173,  367,  725,  201,  812,  657,   97,  368,  590,  653,  461,  311,  500,  401,  120,  316,  207,  152,  431,  605,  193,  305,  112,  554,  741,  610,  734,  702,  725,  624,  809,  249,  664,  819,  364,  229,   46,  799,  284,  230,  406,  769,  383,  535,  797,  291,  593, 1017,  248,  751,  350,  901,  313,  974,  338,  761,  260,  258,  199,  543,  195,  496,  780,  798,  534,  832,  800,  545,  864,  462,  232,  309,  523,  345,  387,  594],
        [  130,    0,  173,  472,  336,  409,  216,  868,  207,  162,  854,  769,  252,  661,  299,  304,    5,  315,  170,  693,   91,  811,    0,  561,  332,  549,  628,  582,  117,  309,  266,  509,  195,  367,  294,  139,  480,  663,  379,  611,  453,  666,  741,  773,  728,  303,  709,  168,  776,  506,  813,  678,  154,  461,  717,  493,  798,  255,  718,  589,  614,  776,  896,  626,  947,  878,  583,  230,  953,  518,  809,  588,   86,  605,  536,  110,  345,  598,  226,  600,  470,  145,  458,  615,  795,  151,  570,  800,  758,  510,  489,  496,  576,  607,  471,  214,  589,  233,  875,  315,  637,  210,  611,  158,  808, 1068,  926,  706,  674,  538,   62,  375,  281,  455,  794,  673,  279,  695,  646,  572,  375,  563,  610,  696],
        [  643,    0,  424,  467,  543,  274,  632,  342,  661,  442,  304,  411,  496,  149,  602,  623,  558,  252,  730,  530,  477,  264,  561,    0,  472,  424,   90,  588,  674,  465,  303,   56,  633,  306,  415,  691,  264,  652,  193,  233,  146,  322,  289,  385,  240,  628,  471,  681,  308,  119,  586,  128,  586,  526,  183,  226,  478,  447,  475,  250,  451,  334,  369,  290,  390,  320,  238,  378,  439,  141,  304,  357,  485,  542,  621,  452,  468,  425,  546,  184,  428,  557,  168,   62,  262,  573,  192,  361,  455,  536,  131,  306,  575,  113,  469,  760,   36,  488,  375,  640,  164,  713,  165,  537,  386,  517,  369,  533,  122,  407,  524,  544,  280,  586,  638,  519,  602,  329,  224,   96,  263,  265,  212,  436],
        [  461,    0,  191,  663,   73,  203,  536,  812,  265,  379,  694,  492,  506,  497,  145,  165,  327,  345,  443,  369,  264,  730,  332,  472,    0,  698,  494,  798,  387,  534,  337,  420,  241,  483,   71,  384,  560,  880,  298,  640,  452,  723,  517,  509,  529,  172,  827,  325,  768,  364,  492,  544,  470,  683,  655,  549,  503,  478,  834,  635,  756,  539,  840,  681,  798,  739,  355,  392,  910,  519,  773,  303,  262,  793,  778,  300,   15,  288,  135,  605,  153,  209,  477,  501,  732,  462,  589,  813,  847,  180,  347,  236,  246,  452,  663,  420,  483,  100,  659,  180,  456,  336,  425,  450,  832,  970,  775,  855,  546,  682,  270,   79,  293,  150,  464,  828,  154,  438,  656,  426,  209,  625,  399,  396],
        [  541,    0,  536,  105,  752,  577,  458,  503,  741,  389,  666,  831,  317,  570,  769,  784,  550,  356,  683,  910,  519,  508,  549,  424,  698,    0,  508,  171,  650,  253,  362,  422,  721,  215,  627,  678,  166,  229,  441,  235,  305,  206,  711,  808,  660,  787,  165,  716,  370,  498,  988,  527,  458,  167,  426,  200,  895,  297,  174,  201,   66,  757,  523,  193,  711,  646,  640,  334,  548,  283,  433,  739,  528,  119,  227,  468,  703,  795,  688,  274,  740,  645,  273,  474,  467,  449,  247,  354,  229,  839,  497,  658,  896,  536,  108,  752,  455,  649,  781,  801,  587,  758,  584,  417,  344,  720,  699,  162,  517,   18,  559,  775,  406,  845, 1024,  131,  757,  746,  277,  513,  539,  171,  626,  837],
        [  718,    0,  479,  556,  566,  292,  714,  333,  708,  520,  227,  339,  582,   62,  633,  654,  625,  329,  796,  487,  541,  242,  628,   90,  494,  508,    0,  674,  738,  553,  379,  125,  680,  395,  447,  753,  351,  736,  250,  301,  234,  386,  205,  309,  153,  659,  541,  735,  335,  134,  527,   52,  665,  614,  189,  313,  409,  533,  543,  324,  531,  250,  359,  359,  322,  255,  197,  459,  431,  227,  312,  322,  548,  626,  710,  522,  489,  392,  585,  252,  423,  608,  258,   35,  255,  652,  267,  395,  515,  529,  152,  295,  558,   52,  557,  819,   55,  527,  286,  670,   91,  765,  106,  617,  422,  476,  300,  607,   52,  491,  586,  560,  349,  592,  589,  596,  635,  262,  282,   69,  294,  344,  158,  382],
        [  535,    0,  618,  138,  843,  708,  432,  663,  787,  442,  837,  990,  330,  736,  844,  856,  585,  475,  683, 1050,  578,  675,  582,  588,  798,  171,  674,    0,  665,  278,  466,  581,  772,  332,  729,  694,  325,   84,  576,  405,  459,  365,  876,  969,  826,  858,  261,  747,  528,  651, 1137,  696,  456,  122,  596,  362, 1051,  335,  269,  371,  180,  922,  680,  359,  880,  816,  793,  408,  696,  448,  594,  883,  586,   72,   84,  528,  805,  935,  762,  445,  864,  703,  429,  641,  633,  451,  417,  501,  340,  955,  648,  796, 1016,  699,  137,  763,  621,  733,  950,  872,  750,  789,  745,  429,  486,  875,  868,  199,  686,  186,  609,  871,  518,  947, 1164,  170,  829,  904,  446,  674,  667,  342,  784,  986],
        [  139,    0,  268,  566,  369,  502,  252,  984,  173,  273,  964,  855,  340,  769,  309,  306,  118,  431,   60,  755,  198,  926,  117,  674,  387,  650,  738,  665,    0,  402,  382,  621,  178,  480,  367,   30,  593,  742,  489,  726,  569,  778,  841,  864,  832,  303,  813,  103,  892,  613,  878,  789,  210,  546,  833,  608,  878,  354,  822,  703,  715,  874, 1012,  739, 1059,  991,  679,  343, 1069,  634,  925,  669,  191,  695,  608,  225,  401,  670,  258,  716,  536,  179,  574,  728,  911,  215,  685,  914,  866,  555,  596,  582,  618,  715,  565,  103,  701,  289,  977,  312,  742,  137,  715,  238,  922, 1184, 1037,  804,  786,  641,  153,  410,  395,  483,  847,  770,  287,  787,  762,  681,  474,  676,  710,  773],
        [  288,    0,  348,  165,  573,  483,  212,  680,  511,  165,  762,  814,   64,  607,  568,  580,  311,  257,  431,  826,  302,  652,  309,  465,  534,  253,  553,  278,  402,    0,  226,  433,  495,  161,  469,  430,  254,  360,  370,  394,  320,  416,  731,  803,  694,  581,  418,  476,  561,  480,  927,  591,  205,  156,  557,  285,  866,   59,  427,  361,  317,  775,  705,  384,  833,  763,  609,  146,  747,  353,  612,  674,  309,  297,  246,  251,  543,  713,  486,  406,  621,  426,  302,  526,  622,  196,  371,  566,  478,  702,  470,  579,  765,  558,  164,  503,  500,  461,  836,  595,  604,  518,  589,  165,  565,  897,  815,  403,  584,  247,  332,  604,  281,  682,  940,  370,  552,  729,  437,  526,  440,  328,  615,  784],
        [  341,    0,  181,  330,  390,  258,  339,  602,  412,  141,  604,  597,  227,  423,  412,  429,  265,   51,  435,  601,  195,  546,  266,  303,  337,  362,  379,  466,  382,  226,    0,  255,  387,  148,  267,  403,  241,  548,  153,  355,  187,  422,  530,  589,  502,  432,  501,  410,  515,  277,  702,  427,  287,  357,  452,  242,  644,  182,  509,  338,  422,  571,  630,  380,  692,  622,  393,   89,  688,  253,  544,  449,  204,  457,  457,  158,  343,  488,  334,  338,  401,  307,  194,  362,  529,  274,  310,  544,  532,  490,  264,  353,  551,  370,  330,  476,  334,  289,  650,  446,  409,  448,  389,  240,  555,  803,  671,  522,  422,  347,  244,  413,   56,  486,  715,  493,  402,  513,  386,  335,  215,  318,  405,  560],
        [  595,    0,  370,  454,  491,  226,  590,  395,  606,  395,  350,  410,  459,  175,  548,  569,  506,  205,  678,  505,  424,  319,  509,   56,  420,  422,  125,  581,  621,  433,  255,    0,  578,  279,  362,  638,  257,  649,  138,  257,  123,  347,  303,  389,  262,  574,  488,  626,  353,   83,  571,  172,  541,  508,  236,  223,  473,  410,  493,  267,  457,  348,  423,  311,  439,  370,  220,  334,  492,  146,  354,  331,  432,  540,  607,  401,  417,  396,  491,  211,  385,  502,  152,  107,  315,  528,  210,  404,  480,  494,   90,  269,  536,  126,  455,  706,   80,  433,  405,  586,  175,  659,  166,  492,  426,  571,  418,  544,  167,  405,  471,  493,  228,  538,  616,  528,  547,  325,  257,   96,  211,  276,  205,  420],
        [  298,    0,  214,  655,  204,  406,  403,  967,   28,  335,  898,  731,  443,  697,  133,  129,  192,  424,  223,  601,  203,  896,  195,  633,  241,  721,  680,  772,  178,  495,  387,  578,    0,  520,  249,  163,  626,  853,  441,  741,  561,  809,  743,  746,  745,  125,  875,   90,  895,  547,  725,  732,  345,  650,  809,  629,  743,  439,  884,  725,  786,  769,  995,  767,  999,  934,  578,  389, 1059,  631,  916,  541,  194,  789,  729,  254,  254,  528,  108,  719,  392,   81,  576,  678,  889,  344,  694,  928,  915,  391,  529,  466,  450,  647,  654,  183,  654,  161,  884,  134,  663,   96,  633,  353,  941, 1149,  975,  882,  731,  709,  164,  244,  374,  311,  685,  850,  112,  673,  769,  615,  390,  704,  617,  636],
        [  399,    0,  325,  195,  538,  377,  353,  531,  543,  208,  601,  676,  204,  451,  557,  573,  367,  145,  523,  719,  319,  496,  367,  306,  483,  215,  395,  332,  480,  161,  148,  279,  520,    0,  413,  505,  115,  411,  246,  253,  161,  299,  580,  660,  540,  576,  357,  528,  422,  336,  809,  432,  324,  238,  400,  135,  732,  158,  365,  226,  275,  625,  557,  260,  673,  602,  473,  138,  606,  193,  466,  554,  328,  314,  339,  271,  489,  604,  478,  255,  534,  441,  142,  367,  468,  312,  220,  438,  395,  629,  329,  465,  688,  404,  196,  580,  341,  436,  679,  590,  452,  569,  440,  274,  443,  745,  655,  374,  424,  199,  364,  560,  193,  632,  834,  345,  546,  590,  293,  374,  336,  197,  472,  660],
        [  423,    0,  134,  594,  134,  160,  487,  756,  275,  318,  656,  490,  444,  456,  188,  208,  290,  275,  427,  400,  216,  677,  294,  415,   71,  627,  447,  729,  367,  469,  267,  362,  249,  413,    0,  370,  490,  812,  234,  573,  385,  655,  495,  502,  499,  214,  757,  323,  706,  314,  519,  498,  421,  615,  598,  479,  511,  413,  764,  567,  685,  522,  784,  613,  759,  697,  330,  325,  853,  453,  714,  303,  216,  723,  712,  245,   77,  305,  144,  540,  177,  195,  409,  450,  676,  412,  523,  749,  778,  235,  296,  220,  301,  408,  594,  417,  429,   89,  636,  225,  419,  342,  388,  396,  767,  922,  735,  785,  498,  611,  233,  149,  222,  219,  503,  757,  189,  427,  591,  379,  154,  556,  369,  407],
        [  167,    0,  278,  594,  361,  510,  280, 1005,  155,  298,  979,  859,  369,  782,  296,  292,  140,  450,   61,  751,  214,  945,  139,  691,  384,  678,  753,  694,   30,  430,  403,  638,  163,  505,  370,    0,  618,  771,  504,  750,  590,  803,  850,  869,  843,  288,  841,   81,  914,  627,  875,  804,  239,  574,  853,  631,  880,  382,  850,  727,  743,  882, 1033,  764, 1074, 1006,  687,  368, 1091,  655,  947,  672,  206,  724,  637,  246,  398,  669,  252,  738,  535,  177,  596,  744,  931,  244,  708,  938,  892,  548,  609,  587,  610,  729,  593,   76,  718,  288,  987,  296,  754,  111,  726,  267,  946, 1202, 1052,  832,  802,  669,  168,  402,  412,  473,  841,  799,  275,  793,  785,  694,  483,  701,  720,  774],
        [  512,    0,  421,  206,  621,  419,  459,  427,  649,  322,  532,  667,  307,  412,  650,  667,  480,  217,  637,  746,  427,  402,  480,  264,  560,  166,  351,  325,  593,  254,  241,  257,  626,  115,  490,  618,    0,  392,  283,  142,  140,  186,  552,  645,  503,  671,  267,  639,  311,  332,  823,  377,  435,  268,  309,   39,  730,  266,  274,  112,  208,  597,  452,  146,  592,  523,  474,  251,  496,  125,  359,  574,  436,  283,  360,  381,  563,  632,  574,  154,  585,  545,  108,  318,  370,  423,  119,  324,  292,  688,  331,  495,  742,  374,  208,  694,  297,  527,  631,  685,  425,  679,  421,  386,  329,  644,  576,  304,  368,  148,  473,  638,  271,  704,  860,  282,  641,  582,  184,  350,  384,   83,  462,  672],
        [  610,    0,  701,  219,  926,  787,  503,  692,  868,  524,  886, 1059,  411,  798,  927,  939,  665,  555,  758, 1127,  661,  714,  663,  652,  880,  229,  736,   84,  742,  360,  548,  649,  853,  411,  812,  771,  392,    0,  653,  454,  530,  400,  940, 1036,  888,  940,  270,  826,  557,  723, 1211,  754,  533,  204,  642,  428, 1121,  418,  276,  422,  216,  985,  707,  403,  921,  860,  865,  491,  714,  512,  625,  959,  669,  111,  139,  610,  888, 1012,  845,  497,  944,  785,  499,  702,  671,  528,  473,  523,  347, 1037,  720,  873, 1097,  764,  218,  839,  684,  816, 1007,  954,  815,  868,  812,  508,  503,  898,  911,  193,  744,  246,  691,  954,  599, 1030, 1241,  176,  911,  973,  491,  741,  746,  396,  853, 1060],
        [  477,    0,  232,  440,  367,  137,  489,  529,  468,  288,  476,  446,  378,  283,  417,  437,  377,  113,  547,  474,  292,  456,  379,  193,  298,  441,  250,  576,  489,  370,  153,  138,  441,  246,  234,  504,  283,  653,    0,  344,  157,  428,  379,  437,  355,  442,  546,  489,  472,  129,  565,  301,  433,  481,  370,  263,  496,  332,  552,  341,  490,  420,  557,  387,  571,  503,  241,  241,  624,  222,  483,  310,  299,  551,  583,  275,  298,  359,  356,  308,  303,  365,  186,  241,  450,  421,  293,  516,  557,  406,  114,  220,  459,  229,  441,  571,  216,  299,  504,  455,  263,  521,  240,  388,  534,  709,  549,  587,  298,  424,  337,  375,  107,  432,  589,  564,  415,  362,  358,  194,  102,  336,  253,  418],
        [  651,    0,  530,  316,  707,  468,  600,  288,  766,  456,  433,  639,  448,  362,  748,  767,  611,  318,  772,  760,  549,  276,  611,  233,  640,  235,  301,  405,  726,  394,  355,  257,  741,  253,  573,  750,  142,  454,  344,    0,  189,   91,  504,  609,  448,  771,  240,  764,  170,  339,  818,  308,  576,  382,  192,  119,  707,  407,  243,   36,  240,  549,  312,   58,  477,  412,  470,  385,  355,  123,  219,  586,  559,  345,  460,  507,  641,  652,  677,   50,  634,  660,  168,  266,  238,  564,   52,  189,  224,  742,  345,  524,  788,  340,  318,  825,  255,  625,  556,  784,  389,  803,  395,  526,  201,  506,  464,  308,  298,  222,  597,  718,  370,  774,  870,  299,  742,  559,   45,  328,  442,   70,  444,  668],
        [  518,    0,  348,  331,  518,  289,  495,  415,  587,  315,  444,  531,  354,  291,  560,  579,  452,  141,  621,  608,  380,  361,  453,  146,  452,  305,  234,  459,  569,  320,  187,  123,  561,  161,  385,  590,  140,  530,  157,  189,    0,  272,  425,  511,  381,  584,  393,  593,  334,  194,  684,  272,  454,  386,  266,  111,  592,  306,  398,  184,  346,  470,  443,  231,  521,  451,  335,  246,  503,   71,  359,  435,  389,  422,  484,  344,  453,  494,  491,  160,  456,  481,   33,  207,  342,  441,  139,  370,  400,  562,  192,  358,  612,  247,  332,  663,  181,  438,  519,  597,  297,  630,  288,  404,  386,  618,  502,  439,  264,  288,  428,  530,  188,  588,  721,  419,  555,  445,  210,  219,  258,  180,  325,  532],
        [  691,    0,  601,  305,  788,  556,  628,  299,  833,  506,  493,  724,  477,  445,  825,  843,  666,  391,  821,  850,  612,  315,  666,  322,  723,  206,  386,  365,  778,  416,  422,  347,  809,  299,  655,  803,  186,  400,  428,   91,  272,    0,  586,  693,  528,  847,  159,  825,  164,  429,  907,  387,  612,  370,  249,  181,  793,  441,  160,   88,  187,  630,  317,   43,  522,  462,  559,  437,  343,  210,  229,  676,  621,  298,  431,  566,  724,  742,  751,  138,  722,  728,  247,  351,  271,  601,  139,  152,  134,  830,  435,  614,  877,  427,  307,  879,  343,  701,  626,  860,  475,  865,  483,  564,  149,  514,  512,  234,  377,  199,  658,  801,  444,  860,  959,  232,  817,  645,  105,  416,  528,  105,  532,  757],
        [  850,    0,  574,  754,  582,  341,  867,  463,  769,  666,  221,  151,  750,  144,  661,  681,  738,  484,  900,  357,  651,  368,  741,  289,  517,  711,  205,  876,  841,  731,  530,  303,  743,  580,  495,  850,  552,  940,  379,  504,  425,  586,    0,  113,   61,  688,  743,  814,  510,  254,  357,  201,  811,  810,  361,  514,  222,  702,  745,  528,  735,   46,  483,  562,  320,  285,  165,  617,  553,  429,  469,  241,  656,  830,  907,  646,  507,  300,  637,  455,  394,  684,  452,  240,  401,  799,  472,  572,  712,  479,  267,  281,  484,  178,  755,  906,  257,  583,  142,  695,  129,  836,  142,  766,  601,  529,  298,  811,  211,  694,  689,  562,  485,  565,  437,  801,  670,  107,  481,  207,  368,  549,  131,  238],
        [  890,    0,  602,  842,  566,  365,  920,  574,  772,  720,  319,   43,  815,  249,  649,  668,  770,  549,  924,  272,  684,  479,  773,  385,  509,  808,  309,  969,  864,  803,  589,  389,  746,  660,  502,  869,  645, 1036,  437,  609,  511,  693,  113,    0,  174,  674,  849,  824,  622,  325,  250,  311,  860,  895,  473,  609,  111,  768,  851,  631,  836,   81,  592,  667,  409,  384,  198,  678,  662,  525,  581,  208,  687,  926,  994,  687,  497,  247,  639,  560,  368,  696,  541,  343,  513,  849,  574,  684,  821,  433,  334,  283,  424,  273,  843,  919,  357,  589,  194,  680,  222,  841,  224,  819,  713,  623,  388,  915,  321,  790,  717,  540,  540,  527,  336,  903,  661,   79,  589,  295,  401,  649,  189,  155],
        [  831,    0,  565,  707,  597,  340,  841,  404,  772,  641,  178,  211,  718,   91,  673,  694,  725,  454,  891,  408,  638,  309,  728,  240,  529,  660,  153,  826,  832,  694,  502,  262,  745,  540,  499,  843,  503,  888,  355,  448,  381,  528,   61,  174,    0,  700,  685,  812,  449,  227,  416,  141,  787,  765,  300,  465,  283,  669,  687,  473,  681,  102,  425,  505,  281,  237,  175,  587,  496,  379,  409,  274,  644,  778,  861,  628,  520,  339,  642,  399,  418,  682,  407,  187,  341,  775,  418,  511,  652,  510,  242,  296,  522,  136,  708,  902,  206,  586,  149,  708,   94,  837,  118,  741,  541,  483,  258,  755,  152,  643,  679,  580,  462,  591,  493,  745,  680,  157,  423,  170,  361,  495,  131,  290],
        [  418,    0,  252,  732,  108,  370,  517,  968,  136,  417,  864,  654,  536,  666,   27,    7,  299,  457,  347,  498,  280,  890,  303,  628,  172,  787,  659,  858,  303,  581,  432,  574,  125,  576,  214,  288,  671,  940,  442,  771,  584,  847,  688,  674,  700,    0,  932,  211,  912,  527,  622,  710,  456,  737,  810,  667,  656,  523,  940,  760,  849,  709,  997,  804,  968,  908,  527,  456, 1065,  653,  925,  467,  273,  866,  823,  330,  182,  440,   99,  742,  308,  161,  604,  664,  889,  453,  721,  953,  963,  283,  510,  407,  337,  620,  732,  297,  643,  147,  830,   15,  626,  202,  595,  455,  969, 1135,  944,  948,  711,  773,  256,  140,  403,  193,  574,  917,   31,  606,  793,  592,  367,  744,  570,  550],
        [  705,    0,  681,  264,  887,  680,  622,  428,  896,  548,  648,  879,  482,  601,  912,  929,  710,  483,  847,  993,  673,  463,  709,  471,  827,  165,  541,  261,  813,  418,  501,  488,  875,  357,  757,  841,  267,  270,  546,  240,  393,  159,  743,  849,  685,  932,    0,  875,  296,  570, 1056,  545,  623,  315,  405,  284,  947,  460,   10,  222,  103,  787,  441,  182,  669,  613,  706,  487,  445,  344,  364,  819,  682,  189,  341,  623,  830,  882,  834,  290,  848,  797,  362,  506,  418,  613,  281,  256,   80,  952,  574,  749, 1004,  580,  266,  915,  495,  790,  784,  946,  629,  917,  635,  581,  235,  630,  661,   81,  534,  173,  715,  905,  536,  971, 1104,   95,  902,  798,  263,  566,  648,  215,  683,  906],
        [  238,    0,  257,  640,  293,  474,  349, 1006,   76,  328,  958,  811,  418,  758,  222,  215,  167,  453,  137,  689,  215,  941,  168,  681,  325,  716,  735,  747,  103,  476,  410,  626,   90,  528,  323,   81,  639,  826,  489,  764,  593,  825,  814,  824,  812,  211,  875,    0,  924,  605,  813,  787,  300,  626,  850,  648,  827,  423,  884,  744,  781,  843, 1034,  784, 1056,  990,  650,  391, 1095,  662,  951,  622,  206,  772,  696,  259,  339,  613,  191,  748,  477,  131,  603,  730,  929,  302,  719,  953,  922,  480,  587,  543,  540,  706,  638,   96,  704,  236,  954,  218,  726,   43,  698,  319,  963, 1196, 1034,  874,  785,  705,  167,  333,  408,  400,  774,  841,  201,  749,  796,  673,  453,  721,  686,  720],
        [  820,    0,  681,  466,  838,  578,  769,  136,  920,  624,  368,  658,  617,  382,  888,  908,  775,  473,  939,  822,  709,  173,  776,  308,  768,  370,  335,  528,  892,  561,  515,  353,  895,  422,  706,  914,  311,  557,  472,  170,  334,  164,  510,  622,  449,  912,  296,  924,    0,  426,  857,  315,  745,  531,  150,  288,  730,  576,  293,  200,  348,  548,  154,  182,  375,  324,  530,  552,  186,  264,   68,  654,  719,  459,  595,  670,  766,  724,  822,  177,  735,  814,  321,  307,  127,  733,  207,   63,  234,  844,  438,  613,  881,  385,  468,  989,  312,  767,  516,  925,  423,  962,  440,  695,   93,  350,  369,  377,  305,  361,  758,  843,  521,  891,  923,  384,  884,  590,  130,  388,  561,  233,  493,  715],
