{
    "name": "random-97-9338",
    "comment": "size=97 seed=9338",
    "nodes": ["+0", "-0", "+1", "-1", "+2", "-2", "+3", "-3", "+4", "-4", "+5", "-5", "+6", "-6", "+7", "-7", "+8", "-8", "+9", "-9", "+10", "-10", "+11", "-11", "+12", "-12", "+13", "-13", "+14", "-14", "+15", "-15", "+16", "-16", "+17", "-17", "+18", "-18", "+19", "-19", "+20", "-20", "+21", "-21", "+22", "-22", "+23", "-23", "+24", "-24", "+25", "-25", "+26", "-26", "+27", "-27", "+28", "-28", "+29", "-29", "+30", "-30", "+31", "-31", "+32", "-32", "+33", "-33", "+34", "-34", "+35", "-35", "+36", "-36", "+37", "-37", "+38", "-38", "+39", "-39", "+40", "-40", "+41", "-41", "+42", "-42", "+43", "-43", "+44", "-44", "+45", "-45", "+46", "-46", "+47", "-47", "+48", "-48", "+49", "-49", "+50", "-50", "+51", "-51", "+52", "-52", "+53", "-53", "+54", "-54", "+55", "-55", "+56", "-56", "+57", "-57", "+58", "-58", "+59", "-59", "+60", "-60", "+61", "-61", "+62", "-62", "+63", "-63", "+64", "-64", "+65", "-65", "+66", "-66", "+67", "-67", "+68", "-68", "+69", "-69", "+70", "-70", "+71", "-71", "+72", "-72", "+73", "-73", "+74", "-74", "+75", "-75", "+76", "-76", "+77", "-77", "+78", "-78", "+79", "-79", "+80", "-80", "+81", "-81", "+82", "-82", "+83", "-83", "+84", "-84", "+85", "-85", "+86", "-86", "+87", "-87", "+88", "-88", "+89", "-89", "+90", "-90", "+91", "-91", "+92", "-92", "+93", "-93", "+94", "-94", "+95", "-95", "+96", "-96", "+97", "-97"],
    "precedence": {
        "+0": "-0",
        "+1": "-1",
        "+2": "-2",
        "+3": "-3",
        "+4": "-4",
        "+5": "-5",
        "+6": "-6",
        "+7": "-7",
        "+8": "-8",
        "+9": "-9",
        "+10": "-10",
        "+11": "-11",
        "+12": "-12",
        "+13": "-13",
        "+14": "-14",
        "+15": "-15",
        "+16": "-16",
        "+17": "-17",
        "+18": "-18",
        "+19": "-19",
        "+20": "-20",
        "+21": "-21",
        "+22": "-22",
        "+23": "-23",
        "+24": "-24",
        "+25": "-25",
        "+26": "-26",
        "+27": "-27",
        "+28": "-28",
        "+29": "-29",
        "+30": "-30",
        "+31": "-31",
        "+32": "-32",
        "+33": "-33",
        "+34": "-34",
        "+35": "-35",
        "+36": "-36",
        "+37": "-37",
        "+38": "-38",
        "+39": "-39",
        "+40": "-40",
        "+41": "-41",
        "+42": "-42",
        "+43": "-43",
        "+44": "-44",
        "+45": "-45",
        "+46": "-46",
        "+47": "-47",
        "+48": "-48",
        "+49": "-49",
        "+50": "-50",
        "+51": "-51",
        "+52": "-52",
        "+53": "-53",
        "+54": "-54",
        "+55": "-55",
        "+56": "-56",
        "+57": "-57",
        "+58": "-58",
        "+59": "-59",
        "+60": "-60",
        "+61": "-61",
        "+62": "-62",
        "+63": "-63",
        "+64": "-64",
        "+65": "-65",
        "+66": "-66",
        "+67": "-67",
        "+68": "-68",
        "+69": "-69",
        "+70": "-70",
        "+71": "-71",
        "+72": "-72",
        "+73": "-73",
        "+74": "-74",
        "+75": "-75",
        "+76": "-76",
        "+77": "-77",
        "+78": "-78",
        "+79": "-79",
        "+80": "-80",
        "+81": "-81",
        "+82": "-82",
        "+83": "-83",
        "+84": "-84",
        "+85": "-85",
        "+86": "-86",
        "+87": "-87",
        "+88": "-88",
        "+89": "-89",
        "+90": "-90",
        "+91": "-91",
        "+92": "-92",
        "+93": "-93",
        "+94": "-94",
        "+95": "-95",
        "+96": "-96",
        "+97": "-97"
    },
    "edges": [
        [    0,    0,  630,  228,  714,  181,  585,  307,  182,  529,  446,  285,  686,  505,  339,  506,  142,  313,  695,  408,  283,  136,  736,  750,  681,  200,  468,  465,  580,  657,  559,  395,  337,  418,  780,  274,  128,  468,  628,  261,  247,  238,  319,  787,  155,  890,  299,  384,  436,  283,  473,   45,  342,  374,  245,  246,  608,  972,  525,  212,  345,  550,  223,  215,  544,  276,  240,  289,  764,  500,  468,  265,  385,  102,  820,  745,  713,   49,  515,  110,  590,  314,  135,  816,  201,  171,  548,  477,  763,  705,  616,  683,  437,  606,  280,  153,  711,  608,  425,  317,  546,  695,  305,  456,  239,  459,  546,  918,  556,  875,  221,  463,  261,  765,  615,   69,  519,  217,  319,  571,  582,  191,  231,  154,  555,  751,  783,  213,  546,   63,  663,  601,  573,  138,  214,  177,  248,  756,  119,  651,  678,  469,  281,  616,  582,  795,  457,  528,  553,  760,  345,  371,  606,  731,  555,  245,  217,  650,  382,  588,  394,  550,  569,  804,  278,  545,  256,  418,  558,  601,  170,  643,   97,  610,  491,  346,  279,  679,  436,  594,  219,  173,  623,  709,  382,  488,  588,  619,  575,  717,  315,  263,  606,  345,  447,  369],
        [    0,    0,    0,    0,    0,    0,    0,    0,    0,    0,    0,    0,    0,    0,    0,    0,    0,    0,    0,    0,    0,    0,    0,    0,    0,    0,    0,    0,    0,    0,    0,    0,    0,    0,    0,    0,    0,    0,    0,    0,    0,    0,    0,    0,    0,    0,    0,    0,    0,    0,    0,    0,    0,    0,    0,    0,    0,    0,    0,    0,    0,    0,    0,    0,    0,    0,    0,    0,    0,    0,    0,    0,    0,    0,    0,    0,    0,    0,    0,    0,    0,    0,    0,    0,    0,    0,    0,    0,    0,    0,    0,    0,    0,    0,    0,    0,    0,    0,    0,    0,    0,    0,    0,    0,    0,    0,    0,    0,    0,    0,    0,    0,    0,    0,    0,    0,    0,    0,    0,    0,    0,    0,    0,    0,    0,    0,    0,    0,    0,    0,    0,    0,    0,    0,    0,    0,    0,    0,    0,    0,    0,    0,    0,    0,    0,    0,    0,    0,    0,    0,    0,    0,    0,    0,    0,    0,    0,    0,    0,    0,    0,    0,    0,    0,    0,    0,    0,    0,    0,    0,    0,    0,    0,    0,    0,    0,    0,    0,    0,    0,    0,    0,    0,    0,    0,    0,    0,    0,    0,    0,    0,    0,    0,    0,    0,    0],
        [  630,    0,    0,  679,  192,  741,  399,  764,  616,  603,  507,  779,  394,  195,  714,  126,  761,  898,  161,  232,  831,  724,  331,  436,  359,  598,  839,  651,  570,  198,  765,  315,  775,  505,  255,  897,  684,  309,  742,  797,  507,  686,  518,  158,  482,  343,  382,  290,  366,  353,  179,  645,  715,  558,  683,  794,  638,  477,  479,  708,  430,  612,  720,  722,  344,  781,  865,  601,  310,  136,  598,  412,  296,  542,  409,  485,  311,  599,  120,  603,  391,  899,  519,  196,  651,  652,  433,  154,  426,  243,  903,  462,  367,  757,  674,  767,  438,  707,  768,  501,  210,  326,  862,  209,  735,  714,  221,  418,  442,  390,  543,  499,  551,  348,  572,  628,  597,  455,  809,  812,  342,  762,  806,  521,  134,  126,  263,  839,  143,  692,   34,  367,  214,  739,  823,  603,  388,  483,  532,   46,  148,  366,  367,  553,  755,  259,  383,  873,  253,  375,  628,  399,  468,  402,  116,  724,  842,  712,  925,  363,  361,  610,  148,  468,  872,  142,  422,  410,  433,  786,  462,  818,  709,  516,  453,  689,  844,  429,  452,  821,  418,  541,  580,   94,  314,  392,  384,  198,   69,  150,  898,  439,  379,  903,  341,  790],
        [  228,    0,  679,    0,  810,  390,  752,  529,   71,  352,  646,  502,  598,  506,  112,  557,  206,  481,  785,  499,  481,  145,  675,  907,  604,   82,  243,  266,  419,  764,  341,  536,  120,  618,  756,  393,  113,  615,  422,  468,  449,   12,  524,  828,  245,  860,  452,  509,  600,  394,  501,  185,  116,  586,   18,  130,  428,  911,  714,  435,  272,  372,  445,  435,  700,  104,  358,  114,  886,  544,  682,  269,  386,  208,  746,  914,  657,  196,  560,  334,  496,  483,  321,  837,  428,   58,  726,  533,  915,  818,  389,  855,  370,  394,   58,  327,  609,  408,  198,  518,  528,  833,  495,  558,  459,  241,  524,  864,  442,  821,  432,  660,  474,  897,  457,  296,  344,  389,  533,  347,  508,  394,  422,  349,  568,  803,  756,  270,  558,  232,  711,  517,  549,  332,  217,  401,  370,  923,  200,  711,  677,  395,  411,  465,  369,  772,  626,  303,  683,  687,  148,  307,  787,  883,  577,  468,  269,  454,  570,  747,  344,  373,  665,  960,  444,  558,  259,  595,  448,  383,  276,  425,  180,  800,  374,  125,  467,  844,  624,  370,  289,  381,  463,  737,  371,  659,  752,  598,  641,  722,  484,  439,  767,  528,  391,  149],
        [  714,    0,  192,  810,    0,  785,  291,  773,  742,  786,  456,  797,  584,  374,  863,  271,  854,  937,   33,  315,  860,  827,  514,  266,  549,  729,  997,  824,  757,   66,  941,  331,  917,  464,  413,  960,  793,  280,  926,  827,  531,  819,  513,  210,  585,  473,  424,  332,  337,  434,  340,  739,  865,  532,  817,  913,  825,  617,  397,  738,  589,  795,  748,  753,  260,  910,  932,  749,  120,  289,  540,  545,  451,  641,  582,  322,  495,  693,  275,  659,  582,  938,  586,  280,  679,  774,  342,  286,  250,   64, 1075,  317,  542,  938,  816,  830,  628,  891,  926,  499,  399,  162,  891,  260,  760,  881,  410,  563,  631,  544,  571,  441,  564,  161,  761,  694,  778,  507,  821,  986,  533,  807,  849,  578,  321,  159,  422,  926,  328,  774,  179,  559,  406,  799,  922,  639,  468,  317,  637,  148,  328,  547,  434,  743,  935,  411,  339, 1036,  188,  557,  785,  563,  353,  233,  300,  746,  930,  899,  944,  255,  528,  794,  147,  287,  918,  326,  554,  380,  622,  965,  558,  999,  804,  403,  636,  841,  880,  283,  408,  998,  527,  586,  769,  236,  471,  331,  275,  389,  185,  312,  937,  474,  261,  931,  518,  936],
        [  181,    0,  741,  390,  785,    0,  592,  145,  357,  709,  416,  113,  854,  648,  502,  623,  217,  158,  772,  509,  105,  259,  894,  759,  846,  377,  616,  642,  760,  722,  730,  455,  484,  390,  923,  189,  279,  512,  804,   81,  256,  400,  297,  895,  312, 1032,  366,  461,  463,  391,  606,  213,  505,  324,  408,  361,  788, 1126,  505,   71,  519,  730,   72,   61,  569,  407,  173,  467,  810,  622,  402,  429,  537,  272,  981,  739,  871,  229,  636,  140,  760,  159,  227,  934,  115,  338,  544,  594,  776,  762,  771,  677,  606,  780,  447,   88,  881,  786,  584,  306,  694,  729,  131,  543,   79,  630,  696, 1070,  731, 1028,  217,  435,  235,  800,  795,  132,  699,  287,  143,  736,  748,   23,   66,  220,  689,  853,  927,  229,  681,  159,  772,  770,  722,   64,  273,  147,  357,  752,  291,  752,  814,  638,  374,  796,  756,  936,  475,  678,  605,  922,  521,  543,  593,  747,  685,   95,  235,  829,  206,  607,  560,  730,  649,  811,  134,  680,  421,  431,  733,  772,  314,  814,  215,  582,  668,  514,  108,  683,  428,  760,  367,  202,  803,  827,  538,  500,  600,  765,  678,  848,  158,  312,  620,  173,  613,  516],
        [  585,    0,  399,  752,  291,  592,    0,  538,  682,  855,  192,  571,  757,  494,  836,  379,  723,  727,  302,  315,  643,  718,  719,  168,  727,  678,  979,  858,  852,  233,  980,  223,  871,  211,  654,  780,  696,  149,  996,  612,  347,  763,  295,  489,  508,  736,  301,  262,  153,  368,  435,  622,  839,  284,  765,  822,  914,  874,  113,  531,  616,  870,  538,  546,   65,  837,  759,  731,  249,  396,  262,  530,  498,  549,  802,  162,  696,  584,  394,  496,  717,  728,  452,  557,  477,  702,   57,  370,  185,  236, 1092,  103,  617,  996,  779,  658,  800,  963,  915,  287,  540,  159,  673,  265,  545,  898,  550,  816,  743,  789,  383,  173,  358,  224,  869,  540,  845,  372,  588, 1015,  674,  614,  649,  432,  472,  436,  662,  782,  473,  636,  409,  703,  560,  626,  796,  452,  386,  172,  554,  372,  544,  636,  345,  855,  984,  657,  129, 1030,  149,  762,  781,  604,   69,  157,  452,  528,  786,  985,  711,   38,  582,  869,  253,  222,  717,  471,  534,  168,  737, 1013,  477, 1053,  682,  117,  721,  824,  668,   95,  165, 1032,  474,  420,  878,  482,  518,   97,   17,  569,  342,  548,  727,  323,   34,  707,  599,  897],
        [  307,    0,  764,  529,  773,  145,  538,    0,  488,  830,  348,   43,  938,  707,  641,  658,  362,  204,  766,  538,  119,  402,  964,  698,  925,  506,  759,  771,  874,  707,  865,  455,  627,  328,  974,  296,  419,  493,  934,   97,  258,  539,  260,  912,  405, 1081,  384,  475,  437,  438,  657,  346,  644,  255,  546,  506,  908, 1187,  436,   96,  620,  850,   85,   94,  530,  552,  293,  595,  776,  662,  306,  520,  610,  380, 1053,  669,  939,  351,  673,  223,  850,  203,  298,  960,  129,  474,  484,  631,  719,  739,  913,  609,  697,  912,  583,  230,  969,  913,  725,  275,  757,  689,  143,  557,   70,  764,  761, 1129,  830, 1089,  224,  368,  215,  759,  907,  243,  819,  324,   51,  874,  831,  153,  156,  278,  737,  865,  979,  368,  731,  300,  793,  855,  786,  209,  416,  179,  409,  683,  399,  767,  859,  729,  411,  905,  889,  985,  439,  821,  586,  996,  651,  638,  523,  693,  730,   63,  373,  954,  174,  560,  649,  850,  651,  748,  207,  729,  513,  396,  830,  906,  398,  949,  358,  501,  771,  650,  149,  621,  378,  898,  447,  243,  915,  856,  615,  456,  549,  824,  698,  889,  202,  327,  570,  172,  699,  659],
        [  182,    0,  616,   71,  742,  357,  682,  488,    0,  357,  579,  466,  566,  449,  167,  492,  206,  467,  718,  429,  455,  146,  636,  836,  569,   26,  306,  285,  416,  695,  378,  466,  190,  552,  708,  393,  101,  544,  447,  437,  385,   82,  460,  767,  175,  814,  382,  438,  530,  324,  439,  145,  170,  524,   83,  180,  435,  873,  646,  393,  227,  377,  404,  396,  630,  168,  357,  110,  816,  481,  620,  204,  326,  141,  711,  843,  616,  141,  497,  281,  465,  469,  257,  780,  379,   40,  656,  468,  845,  749,  444,  785,  327,  425,  105,  307,  582,  429,  253,  453,  476,  762,  473,  488,  420,  278,  473,  825,  418,  781,  371,  593,  413,  827,  452,  248,  347,  321,  498,  392,  471,  364,  398,  285,  510,  741,  708,  282,  500,  204,  649,  483,  499,  304,  239,  347,  299,  853,  131,  647,  623,  355,  340,  457,  401,  724,  556,  364,  612,  652,  164,  261,  718,  812,  517,  426,  282,  472,  550,  676,  296,  378,  597,  889,  430,  499,  195,  526,  422,  419,  205,  462,  166,  732,  349,  167,  445,  774,  556,  415,  219,  320,  459,  678,  314,  589,  681,  548,  575,  667,  470,  370,  696,  509,  346,  216],
        [  529,    0,  603,  352,  786,  709,  855,  830,  357,    0,  823,  813,  328,  412,  278,  520,  555,  824,  754,  542,  810,  493,  432,  972,  351,  335,  319,  102,   77,  765,  172,  639,  348,  801,  554,  743,  453,  707,  143,  790,  662,  348,  731,  712,  438,  636,  595,  596,  722,  509,  450,  499,  277,  798,  339,  467,   79,  639,  863,  735,  245,   21,  747,  740,  791,  417,  708,  248,  893,  501,  889,  349,  359,  451,  473, 1000,  424,  482,  513,  609,  248,  826,  552,  691,  709,  386,  851,  513,  972,  820,  316,  953,  247,  154,  299,  663,  317,  109,  262,  718,  396,  873,  829,  597,  764,  172,  386,  607,  180,  566,  665,  830,  704,  920,  113,  588,   12,  578,  847,  222,  289,  718,  754,  580,  470,  710,  550,  622,  461,  560,  629,  277,  399,  660,  567,  667,  509, 1005,  432,  648,  526,  239,  541,  128,  154,  571,  752,  321,  735,  424,  205,  251,  910,  941,  489,  768,  621,  134,  906,  834,  274,   21,  668, 1019,  787,  462,  349,  739,  189,  184,  457,  215,  521,  940,  151,  248,  801,  931,  782,  226,  425,  619,  117,  619,  339,  782,  847,  437,  602,  569,  826,  617,  856,  866,  270,  338],
        [  446,    0,  507,  646,  456,  416,  192,  348,  579,  823,    0,  382,  801,  534,  744,  440,  575,  542,  457,  333,  456,  581,  788,  351,  777,  582,  885,  804,  838,  391,  921,  215,  765,   29,  753,  604,  569,  199,  957,  426,  200,  657,  128,  631,  414,  849,  228,  258,  143,  315,  474,  488,  747,   95,  660,  691,  892,  977,   90,  350,  579,  841,  355,  364,  197,  717,  587,  652,  437,  452,   91,  476,  493,  439,  878,  325,  764,  458,  457,  343,  740,  542,  326,  691,  301,  590,  137,  420,  371,  411, 1016,  264,  610,  949,  683,  490,  842,  927,  828,  130,  587,  348,  486,  314,  361,  830,  595,  917,  748,  884,  227,   21,  191,  415,  861,  389,  812,  261,  398,  949,  704,  436,  467,  299,  536,  578,  760,  623,  533,  487,  527,  733,  612,  457,  646,  287,  315,  339,  449,  494,  636,  636,  283,  852,  933,  760,  125,  942,  274,  828,  707,  578,  179,  346,  520,  343,  628,  957,  520,  218,  567,  840,  366,  402,  534,  531,  477,  102,  745,  959,  386, 1001,  540,  168,  710,  738,  483,  274,   56,  969,  404,  274,  871,  599,  508,  125,  204,  635,  440,  653,  541,  214,  224,  518,  599,  794],
        [  285,    0,  779,  502,  797,  113,  571,   43,  466,  813,  382,    0,  935,  711,  614,  669,  327,  163,  788,  550,   78,  371,  966,  733,  924,  484,  729,  750,  860,  732,  840,  475,  597,  360,  982,  253,  391,  518,  912,   55,  273,  512,  286,  929,  397, 1089,  398,  491,  463,  444,  664,  322,  617,  288,  519,  472,  891, 1192,  471,   82,  611,  833,   69,   74,  560,  520,  251,  574,  805,  672,  345,  513,  610,  367, 1055,  705,  942,  331,  684,  214,  845,  163,  294,  975,  131,  449,  517,  641,  753,  765,  884,  645,  691,  890,  558,  193,  965,  893,  697,  299,  761,  719,  105,  573,   51,  740,  764, 1134,  822, 1094,  237,  402,  234,  790,  894,  226,  802,  331,   35,  848,  829,  116,  114,  278,  745,  883,  986,  328,  738,  271,  808,  852,  789,  176,  379,  182,  413,  719,  386,  785,  868,  723,  420,  893,  866,  993,  467,  791,  611,  996,  629,  631,  558,  726,  739,   56,  334,  935,  148,  591,  644,  834,  671,  783,  165,  737,  506,  423,  822,  882,  392,  925,  327,  538,  761,  625,  107,  655,  409,  872,  444,  246,  902,  870,  614,  486,  581,  829,  713,  899,  162,  341,  602,  137,  695,  628],
        [  686,    0,  394,  598,  584,  854,  757,  938,  566,  328,  801,  935,    0,  269,  567,  378,  768,  998,  553,  469,  958,  711,  109,  825,   36,  541,  641,  419,  259,  589,  495,  587,  640,  788,  243,  949,  665,  627,  430,  930,  706,  599,  753,  445,  543,  311,  595,  544,  667,  516,  330,  675,  567,  814,  591,  727,  318,  319,  807,  854,  346,  324,  867,  864,  693,  688,  913,  485,  703,  361,  885,  426,  330,  586,  151,  869,  109,  639,  363,  723,  102, 1000,  642,  404,  809,  605,  775,  390,  816,  636,  638,  837,  250,  459,  561,  839,   45,  398,  577,  737,  218,  715,  984,  500,  884,  493,  209,  281,  161,  239,  727,  800,  755,  741,  240,  723,  327,  623,  970,  546,  107,  870,  913,  661,  286,  462,  236,  847,  284,  738,  406,   86,  197,  823,  805,  759,  537,  869,  569,  437,  263,  218,  548,  218,  470,  258,  694,  648,  611,   97,  473,  316,  823,  791,  307,  881,  847,  383, 1060,  726,  294,  322,  515,  860,  964,  286,  434,  701,  154,  498,  544,  516,  721,  865,  226,  535,  960,  807,  748,  546,  492,  697,  244,  364,  324,  716,  744,  197,  427,  295, 1000,  640,  745, 1026,  242,  639],
        [  505,    0,  195,  506,  374,  648,  494,  707,  449,  412,  534,  711,  269,    0,  528,  119,  620,  802,  343,  201,  748,  574,  261,  580,  243,  428,  648,  457,  385,  358,  571,  320,  592,  522,  277,  778,  531,  360,  553,  717,  459,  512,  497,  327,  350,  386,  339,  278,  399,  270,   62,  509,  529,  554,  508,  629,  453,  481,  539,  633,  243,  422,  645,  645,  429,  609,  744,  417,  484,  100,  620,  252,  125,  406,  352,  618,  237,  465,  107,  509,  225,  804,  423,  332,  581,  488,  508,  124,  576,  411,  708,  580,  173,  565,  494,  654,  311,  518,  577,  479,   54,  474,  777,  233,  662,  520,   61,  424,  262,  383,  486,  533,  508,  514,  393,  522,  405,  383,  745,  618,  181,  667,  712,  435,   64,  312,  280,  701,   55,  565,  223,  210,   81,  632,  675,  530,  299,  620,  393,  237,  176,  174,  299,  376,  562,  290,  426,  680,  353,  298,  439,  210,  558,  547,   79,  656,  703,  527,  848,  465,  171,  420,  267,  622,  772,   55,  262,  434,  255,  593,  339,  626,  568,  599,  262,  501,  756,  552,  481,  628,  287,  466,  401,  234,  136,  448,  482,  118,  192,  219,  804,  390,  485,  819,  147,  605],
        [  339,    0,  714,  112,  863,  502,  836,  641,  167,  278,  744,  614,  567,  528,    0,  599,  308,  585,  836,  561,  591,  250,  656,  984,  579,  162,  143,  180,  352,  823,  233,  615,   74,  717,  754,  489,  223,  694,  321,  578,  551,  102,  626,  854,  333,  852,  538,  583,  685,  471,  536,  297,    4,  690,   95,  194,  346,  885,  808,  547,  286,  295,  557,  547,  781,  140,  456,  115,  949,  584,  786,  322,  419,  307,  717,  996,  641,  304,  599,  444,  469,  587,  423,  855,  539,  168,  815,  579,  991,  878,  279,  939,  370,  290,   62,  436,  570,  313,   87,  619,  540,  903,  603,  621,  571,  137,  534,  844,  406,  800,  537,  757,  579,  964,  390,  407,  272,  484,  644,  235,  491,  504,  531,  452,  592,  837,  752,  361,  582,  343,  745,  493,  557,  442,  302,  511,  451, 1005,  295,  751,  690,  388,  492,  402,  263,  770,  713,  198,  753,  661,   95,  319,  876,  958,  604,  580,  359,  360,  677,  827,  358,  297,  722, 1037,  548,  582,  314,  686,  413,  275,  363,  315,  290,  893,  342,   33,  575,  926,  718,  259,  363,  486,  394,  761,  401,  746,  834,  604,  685,  735,  588,  533,  848,  635,  395,   78],
        [  506,    0,  126,  557,  271,  623,  379,  658,  492,  520,  440,  669,  378,  119,  599,    0,  635,  780,  241,  121,  716,  598,  350,  463,  349,  475,  729,  554,  500,  245,  672,  229,  656,  432,  321,  774,  558,  252,  662,  684,  402,  564,  424,  283,  357,  425,  275,  193,  299,  232,   71,  520,  600,  474,  562,  670,  566,  543,  433,  595,  320,  532,  607,  609,  315,  659,  742,  485,  373,   20,  529,  289,  182,  416,  439,  500,  326,  473,   17,  484,  343,  781,  399,  313,  539,  528,  398,   29,  459,  300,  804,  463,  275,  672,  556,  644,  422,  628,  658,  407,  162,  357,  747,  127,  623,  611,  172,  483,  379,  448,  435,  436,  448,  400,  509,  506,  512,  340,  700,  716,  298,  644,  688,  403,   97,  250,  328,  714,   97,  568,  159,  327,  182,  618,  697,  490,  267,  502,  407,  155,  204,  283,  251,  493,  667,  331,  323,  766,  236,  392,  517,  293,  445,  430,   81,  614,  717,  640,  812,  349,  257,  530,  150,  505,  753,   95,  298,  339,  372,  697,  337,  733,  583,  488,  373,  575,  728,  435,  385,  728,  293,  427,  518,  206,  201,  342,  367,  197,   88,  231,  781,  331,  368,  789,  251,  673],
        [  142,    0,  761,  206,  854,  217,  723,  362,  206,  555,  575,  327,  768,  620,  308,  635,    0,  278,  834,  544,  290,   62,  831,  889,  768,  231,  407,  472,  618,  797,  540,  537,  276,  547,  891,  189,  105,  609,  626,  283,  380,  212,  447,  917,  279, 1000,  441,  524,  576,  421,  596,  117,  311,  495,  221,  145,  631, 1069,  657,  278,  424,  575,  284,  273,  685,  195,  154,  309,  905,  628,  585,  370,  496,  220,  910,  882,  810,  163,  644,  232,  668,  280,  276,  942,  295,  171,  684,  608,  903,  846,  564,  820,  523,  597,  263,  136,  786,  613,  384,  448,  655,  837,  299,  595,  294,  443,  654, 1018,  623,  975,  349,  593,  385,  906,  655,  186,  546,  359,  353,  539,  669,  212,  229,  293,  675,  884,  892,   81,  665,   89,  794,  684,  681,  153,   73,  292,  387,  894,  230,  784,  796,  553,  421,  661,  570,  906,  596,  468,  694,  850,  352,  456,  741,  871,  678,  308,   83,  659,  371,  728,  486,  576,  708,  943,  241,  665,  360,  556,  627,  582,  301,  622,   53,  741,  554,  327,  271,  818,  570,  563,  343,  306,  662,  836,  489,  627,  728,  729,  709,  837,  281,  404,  746,  328,  539,  307],
        [  313,    0,  898,  481,  937,  158,  727,  204,  467,  824,  542,  163,  998,  802,  585,  780,  278,    0,  926,  666,   86,  337, 1044,  892,  992,  491,  677,  746,  882,  873,  818,  608,  550,  519, 1078,  121,  373,  661,  902,  117,  407,  488,  436, 1052,  460, 1187,  521,  617,  609,  548,  762,  331,  588,  448,  497,  411,  902, 1278,  631,  201,  657,  844,  192,  186,  711,  466,  140,  576,  955,  779,  508,  575,  689,  412, 1130,  866, 1021,  361,  793,  297,  902,    2,  383, 1092,  259,  439,  676,  751,  911,  911,  835,  805,  749,  874,  539,  163, 1023,  888,  660,  447,  847,  872,   61,  699,  183,  720,  849, 1222,  867, 1180,  367,  562,  377,  943,  918,  282,  814,  444,  160,  816,  894,  137,   92,  378,  845, 1009, 1081,  239,  837,  268,  929,  913,  875,  176,  301,  300,  514,  880,  430,  909,  970,  781,  531,  921,  848, 1091,  617,  737,  755, 1070,  625,  683,  719,  883,  842,  200,  244,  934,  100,  746,  705,  845,  804,  943,   38,  836,  566,  573,  870,  859,  465,  900,  304,  701,  801,  604,   60,  815,  564,  840,  518,  358,  925,  985,  688,  639,  737,  919,  835, 1005,    4,  466,  757,   59,  758,  580],
        [  695,    0,  161,  785,   33,  772,  302,  766,  718,  754,  457,  788,  553,  343,  836,  241,  834,  926,    0,  292,  850,  806,  483,  291,  518,  704,  968,  793,  725,   69,  911,  318,  891,  464,  386,  945,  771,  274,  895,  816,  520,  794,  507,  191,  563,  450,  409,  315,  332,  414,  310,  719,  838,  529,  792,  890,  793,  593,  403,  727,  560,  764,  738,  742,  264,  885,  917,  722,  151,  258,  543,  519,  422,  620,  553,  346,  465,  673,  245,  644,  550,  926,  569,  260,  669,  750,  349,  258,  277,   89, 1045,  336,  512,  907,  790,  814,  597,  860,  897,  492,  367,  184,  881,  240,  750,  852,  378,  538,  599,  518,  559,  443,  555,  191,  729,  677,  747,  492,  814,  956,  501,  794,  837,  562,  289,  138,  395,  908,  296,  756,  149,  527,  374,  784,  902,  627,  448,  342,  615,  116,  297,  516,  415,  711,  904,  384,  337, 1007,  184,  527,  756,  533,  365,  258,  268,  737,  911,  868,  936,  264,  498,  762,  127,  315,  905,  295,  528,  376,  591,  934,  537,  968,  784,  416,  605,  814,  869,  302,  408,  967,  504,  572,  737,  208,  441,  332,  285,  358,  155,  284,  926,  461,  273,  921,  487,  909],
        [  408,    0,  232,  499,  315,  509,  315,  538,  429,  542,  333,  550,  469,  201,  561,  121,  544,  666,  292,    0,  600,  515,  458,  436,  444,  418,  699,  553,  538,  266,  675,  119,  609,  322,  441,  669,  479,  169,  683,  567,  281,  508,  305,  387,  271,  546,  155,   77,  200,  125,  141,  428,  563,  357,  507,  599,  600,  661,  342,  477,  309,  556,  490,  491,  251,  597,  638,  448,  389,  128,  419,  240,  184,  329,  548,  460,  433,  382,  137,  372,  413,  667,  290,  427,  421,  460,  319,   95,  439,  320,  796,  412,  303,  686,  509,  538,  510,  650,  630,  287,  254,  346,  630,   62,  505,  600,  262,  602,  432,  565,  315,  332,  327,  404,  555,  399,  532,  223,  581,  713,  374,  530,  575,  290,  209,  346,  447,  620,  205,  470,  263,  403,  280,  510,  611,  373,  161,  465,  323,  246,  324,  322,  136,  542,  676,  451,  228,  744,  198,  497,  491,  293,  374,  407,  197,  495,  623,  671,  695,  293,  268,  555,  168,  485,  641,  203,  247,  233,  426,  705,  246,  744,  493,  410,  407,  542,  613,  390,  280,  729,  213,  310,  564,  320,  204,  253,  307,  306,  170,  352,  667,  211,  314,  672,  285,  630],
        [  283,    0,  831,  481,  860,  105,  643,  119,  455,  810,  456,   78,  958,  748,  591,  716,  290,   86,  850,  600,    0,  342,  996,  807,  949,  476,  696,  739,  862,  795,  821,  533,  565,  434, 1022,  182,  369,  582,  900,   34,  331,  490,  354,  983,  416, 1131,  450,  545,  529,  486,  704,  311,  594,  363,  498,  432,  888, 1227,  546,  124,  624,  830,  113,  109,  629,  484,  186,  565,  874,  717,  422,  533,  639,  376, 1084,  780,  973,  332,  730,  240,  865,   86,  326, 1026,  182,  433,  591,  688,  826,  832,  853,  720,  710,  874,  539,  156,  985,  883,  670,  366,  795,  790,   32,  628,  101,  722,  798, 1170,  835, 1129,  292,  477,  298,  860,  897,  236,  799,  377,   81,  825,  852,   92,   61,  315,  786,  939, 1026,  274,  779,  252,  861,  874,  823,  151,  330,  228,  453,  794,  395,  839,  911,  743,  466,  899,  849, 1034,  536,  757,  676, 1025,  617,  647,  634,  799,  782,  116,  280,  927,  102,  663,  665,  831,  730,  858,   90,  778,  525,  491,  837,  863,  417,  905,  302,  615,  772,  605,   31,  730,  480,  849,  470,  290,  905,  919,  641,  557,  654,  865,  766,  944,   85,  394,  674,   73,  717,  596],
        [  136,    0,  724,  145,  827,  259,  718,  402,  146,  493,  581,  371,  711,  574,  250,  598,   62,  337,  806,  515,  342,    0,  777,  881,  712,  172,  358,  410,  556,  774,  482,  520,  226,  553,  842,  251,   46,  595,  566,  332,  383,  152,  454,  879,  245,  950,  425,  503,  567,  394,  554,   96,  253,  507,  161,  112,  570, 1015,  660,  314,  369,  513,  321,  311,  674,  151,  216,  247,  886,  590,  601,  323,  450,  187,  855,  878,  757,  137,  605,  242,  610,  339,  266,  900,  320,  110,  682,  571,  893,  824,  514,  817,  468,  537,  203,  187,  728,  552,  329,  452,  607,  822,  354,  568,  334,  384,  605,  965,  563,  921,  356,  598,  395,  890,  594,  196,  484,  347,  400,  484,  614,  258,  282,  288,  631,  848,  843,  136,  621,  106,  757,  627,  631,  196,  101,  307,  362,  889,  193,  750,  750,  498,  399,  600,  511,  857,  589,  420,  676,  795,  291,  401,  741,  861,  635,  345,  137,  598,  428,  719,  433,  514,  681,  935,  300,  621,  313,  552,  568,  524,  270,  565,   46,  745,  495,  268,  326,  812,  571,  508,  307,  308,  600,  795,  441,  621,  720,  680,  675,  792,  340,  395,  738,  385,  485,  257],
        [  736,    0,  331,  675,  514,  894,  719,  964,  636,  432,  788,  966,  109,  261,  656,  350,  831, 1044,  483,  458,  996,  777,    0,  767,   82,  611,  740,  519,  366,  529,  601,  574,  728,  778,  137, 1005,  731,  602,  538,  967,  719,  677,  757,  352,  585,  205,  600,  534,  648,  529,  319,  730,  656,  814,  670,  804,  426,  239,  782,  885,  409,  429,  898,  897,  658,  770,  969,  566,  633,  336,  876,  471,  357,  634,   91,  815,   25,  690,  334,  757,  190, 1045,  673,  304,  836,  675,  744,  369,  756,  570,  745,  790,  309,  567,  643,  888,  140,  506,  674,  740,  209,  656, 1024,  477,  915,  592,  204,  190,  258,  146,  745,  785,  768,  674,  348,  764,  431,  642,  999,  652,  167,  911,  955,  688,  253,  377,  130,  911,  255,  791,  336,  163,  181,  870,  874,  785,  556,  814,  618,  371,  187,  281,  559,  326,  577,  152,  673,  751,  571,   44,  561,  376,  787,  733,  271,  910,  912,  491, 1097,  685,  346,  427,  468,  797, 1011,  257,  480,  687,  249,  605,  580,  624,  782,  832,  315,  624, 1001,  758,  734,  653,  527,  722,  352,  282,  357,  691,  705,  154,  378,  207, 1045,  650,  702, 1066,  293,  730],
        [  750,    0,  436,  907,  266,  759,  168,  698,  836,  972,  351,  733,  825,  580,  984,  463,  889,  892,  291,  436,  807,  881,  767,    0,  792,  830, 1126,  988,  959,  238, 1110,  371, 1024,  374,  676,  947,  857,  293, 1115,  776,  514,  918,  462,  473,  662,  738,  459,  402,  315,  515,  529,  786,  987,  445,  918,  983, 1025,  882,  263,  696,  744,  986,  703,  711,  208,  996,  927,  876,  162,  482,  405,  669,  615,  708,  841,   62,  747,  746,  474,  663,  804,  892,  616,  544,  644,  859,  217,  464,   25,  203, 1230,   95,  728, 1120,  929,  826,  869, 1081, 1060,  455,  619,  111,  836,  377,  710, 1034,  630,  828,  841,  808,  551,  331,  525,  118,  971,  707,  963,  534,  748, 1149,  757,  780,  814,  597,  543,  424,  685,  949,  547,  802,  433,  785,  633,  793,  962,  619,  538,   53,  711,  396,  582,  741,  497,  955, 1111,  675,  294, 1174,  239,  811,  922,  727,  178,   35,  522,  693,  953, 1098,  870,  162,  699,  985,  314,   55,  882,  545,  675,  335,  834, 1140,  632, 1179,  847,  213,  830,  969,  833,   78,  331, 1164,  622,  587,  979,  498,  635,  264,  162,  629,  399,  573,  891,  487,  144,  869,  706, 1049],
        [  681,    0,  359,  604,  549,  846,  727,  925,  569,  351,  777,  924,   36,  243,  579,  349,  768,  992,  518,  444,  949,  712,   82,  792,    0,  544,  660,  438,  285,  556,  520,  562,  652,  764,  211,  946,  667,  600,  459,  921,  689,  606,  733,  409,  534,  286,  575,  520,  641,  498,  304,  672,  579,  793,  598,  733,  346,  308,  780,  842,  345,  348,  856,  853,  664,  697,  910,  493,  669,  333,  862,  418,  315,  580,  143,  836,   77,  634,  334,  712,  111,  993,  630,  369,  796,  608,  746,  363,  783,  602,  664,  806,  246,  487,  569,  834,   79,  427,  594,  716,  191,  682,  976,  473,  873,  512,  182,  265,  177,  222,  711,  775,  737,  707,  269,  714,  350,  607,  958,  571,  100,  862,  905,  647,  255,  426,  205,  848,  254,  734,  371,   87,  168,  817,  808,  746,  521,  836,  563,  403,  228,  216,  530,  247,  496,  227,  667,  670,  581,   84,  485,  314,  793,  758,  276,  869,  848,  413, 1051,  695,  288,  346,  483,  826,  958,  256,  426,  676,  169,  525,  533,  544,  720,  836,  238,  547,  952,  776,  724,  572,  481,  683,  273,  329,  310,  689,  714,  163,  395,  259,  994,  622,  714, 1018,  234,  653],
        [  200,    0,  598,   82,  729,  377,  678,  506,   26,  335,  582,  484,  541,  428,  162,  475,  231,  491,  704,  418,  476,  172,  611,  830,  544,    0,  304,  266,  391,  683,  363,  460,  194,  556,  685,  418,  127,  538,  429,  458,  390,   91,  465,  748,  172,  791,  379,  430,  526,  316,  421,  166,  165,  530,   90,  201,  413,  849,  647,  411,  203,  355,  422,  414,  625,  184,  382,   90,  806,  463,  626,  187,  307,  147,  686,  839,  592,  156,  479,  294,  440,  493,  263,  760,  393,   65,  655,  452,  838,  737,  436,  781,  303,  407,  102,  330,  557,  409,  247,  458,  454,  754,  495,  477,  438,  263,  450,  800,  392,  756,  379,  595,  421,  817,  428,  264,  324,  322,  517,  380,  446,  385,  420,  292,  489,  723,  685,  307,  480,  226,  631,  458,  476,  326,  264,  359,  294,  848,  134,  630,  602,  330,  335,  433,  385,  701,  554,  360,  604,  627,  146,  237,  716,  805,  498,  444,  308,  452,  572,  671,  272,  355,  584,  883,  454,  479,  178,  525,  397,  404,  202,  447,  190,  732,  324,  158,  467,  769,  556,  402,  210,  328,  435,  658,  293,  587,  677,  525,  559,  646,  493,  371,  692,  532,  322,  219],
        [  468,    0,  839,  243,  997,  616,  979,  759,  306,  319,  885,  729,  641,  648,  143,  729,  407,  677,  968,  699,  696,  358,  740, 1126,  660,  304,    0,  222,  395,  959,  191,  758,  133,  858,  851,  568,  343,  836,  295,  688,  690,  232,  766,  973,  476,  942,  681,  725,  828,  613,  663,  423,  141,  828,  227,  267,  364,  957,  950,  669,  410,  329,  677,  667,  923,  213,  540,  252, 1086,  713,  925,  460,  548,  447,  789, 1139,  729,  438,  728,  576,  551,  679,  562,  967,  667,  300,  957,  711, 1132, 1015,  159, 1082,  481,  255,  203,  541,  635,  302,   72,  759,  653, 1043,  704,  760,  690,  149,  645,  921,  483,  880,  675,  899,  717, 1103,  428,  536,  317,  626,  757,  161,  582,  615,  635,  591,  712,  959,  848,  440,  702,  461,  870,  578,  666,  554,  378,  643,  594, 1147,  437,  878,  800,  493,  635,  445,  228,  868,  856,   62,  894,  738,  213,  440, 1019, 1100,  727,  701,  436,  348,  774,  970,  479,  331,  858, 1178,  641,  703,  453,  829,  491,  223,  505,  251,  402, 1035,  429,  158,  677, 1068,  860,  183,  506,  623,  429,  879,  529,  889,  977,  711,  816,  844,  680,  675,  990,  731,  507,  101],
        [  465,    0,  651,  266,  824,  642,  858,  771,  285,  102,  804,  750,  419,  457,  180,  554,  472,  746,  793,  553,  739,  410,  519,  988,  438,  266,  222,    0,  179,  796,  122,  637,  247,  780,  634,  658,  374,  710,  164,  722,  629,  260,  701,  772,  400,  722,  580,  597,  717,  498,  484,  430,  179,  768,  252,  372,  167,  735,  853,  676,  245,  117,  687,  679,  797,  320,  624,  177,  924,  536,  862,  332,  378,  399,  568, 1011,  509,  421,  549,  555,  331,  748,  510,  759,  655,  308,  848,  541,  990,  851,  252,  959,  284,  147,  210,  588,  413,  144,  161,  690,  451,  895,  756,  612,  703,   74,  442,  700,  262,  658,  626,  814,  667,  947,  214,  529,   98,  549,  783,  163,  364,  649,  681,  538,  518,  765,  630,  534,  509,  487,  679,  359,  460,  588,  477,  617,  491, 1017,  382,  693,  592,  288,  527,  229,  129,  650,  746,  234,  750,  516,  122,  264,  909,  959,  535,  709,  532,  189,  832,  842,  297,  119,  696, 1037,  708,  510,  330,  728,  271,  156,  423,  198,  442,  934,  213,  152,  728,  940,  768,  177,  401,  577,  218,  678,  357,  778,  853,  502,  639,  636,  748,  592,  863,  791,  310,  236],
        [  580,    0,  570,  419,  757,  760,  852,  874,  416,   77,  838,  860,  259,  385,  352,  500,  618,  882,  725,  538,  862,  556,  366,  959,  285,  391,  395,  179,    0,  743,  237,  643,  423,  817,  493,  806,  514,  706,  178,  840,  689,  416,  754,  665,  473,  570,  610,  599,  727,  523,  431,  553,  351,  821,  407,  538,   69,  566,  870,  781,  265,   67,  793,  787,  788,  489,  771,  310,  868,  480,  909,  372,  355,  494,  401,  991,  361,  531,  490,  651,  192,  883,  587,  639,  749,  448,  854,  496,  957,  796,  380,  947,  236,  203,  368,  720,  244,  144,  339,  740,  360,  856,  883,  590,  810,  248,  349,  535,  129,  496,  697,  843,  734,  898,   38,  634,   82,  604,  894,  288,  238,  770,  808,  613,  437,  669,  488,  688,  430,  615,  592,  221,  359,  713,  635,  705,  528,  995,  475,  615,  478,  219,  557,   51,  212,  510,  757,  395,  724,  355,  273,  261,  911,  927,  457,  812,  687,  143,  960,  829,  274,   65,  649, 1003,  845,  431,  375,  749,  138,  240,  489,  261,  581,  944,  132,  321,  855,  923,  793,  287,  450,  653,   44,  574,  336,  786,  843,  390,  576,  519,  884,  638,  850,  921,  254,  414],
        [  657,    0,  198,  764,   66,  722,  233,  707,  695,  765,  391,  732,  589,  358,  823,  245,  797,  873,   69,  266,  795,  774,  529,  238,  556,  683,  959,  796,  743,    0,  915,  269,  874,  399,  442,  899,  741,  214,  907,  762,  467,  774,  448,  258,  533,  513,  363,  274,  271,  380,  315,  683,  825,  466,  772,  862,  810,  654,  335,  673,  556,  776,  683,  689,  196,  862,  872,  710,  129,  264,  476,  503,  419,  588,  604,  289,  509,  638,  253,  597,  576,  874,  527,  327,  615,  725,  281,  255,  228,   56, 1045,  273,  519,  916,  774,  769,  634,  872,  889,  433,  391,  128,  827,  208,  695,  850,  401,  598,  619,  576,  507,  376,  499,  157,  750,  634,  757,  447,  756,  958,  528,  744,  785,  518,  312,  205,  451,  869,  318,  717,  196,  555,  402,  738,  867,  576,  413,  286,  585,  159,  344,  527,  377,  733,  911,  442,  273, 1001,  122,  573,  748,  532,  297,  204,  291,  681,  873,  884,  878,  195,  499,  775,  102,  271,  854,  316,  511,  314,  611,  941,  505,  977,  748,  347,  617,  803,  815,  239,  343,  971,  478,  524,  758,  264,  439,  266,  216,  393,  168,  337,  873,  412,  205,  866,  496,  894],
