{
    "name": "random-30-10870",
    "comment": "size=30 seed=10870",
    "nodes": ["+0", "-0", "+1", "-1", "+2", "-2", "+3", "-3", "+4", "-4", "+5", "-5", "+6", "-6", "+7", "-7", "+8", "-8", "+9", "-9", "+10", "-10", "+11", "-11", "+12", "-12", "+13", "-13", "+14", "-14", "+15", "-15", "+16", "-16", "+17", "-17", "+18", "-18", "+19", "-19", "+20", "-20", "+21", "-21", "+22", "-22", "+23", "-23", "+24", "-24", "+25", "-25", "+26", "-26", "+27", "-27", "+28", "-28", "+29", "-29", "+30", "-30"],
    "precedence": {
        "+0": "-0",
        "+1": "-1",
        "+2": "-2",
        "+3": "-3",
        "+4": "-4",
        "+5": "-5",
        "+6": "-6",
        "+7": "-7",
        "+8": "-8",
        "+9": "-9",
        "+10": "-10",
        "+11": "-11",
        "+12": "-12",
        "+13": "-13",
        "+14": "-14",
        "+15": "-15",
        "+16": "-16",
        "+17": "-17",
        "+18": "-18",
        "+19": "-19",
        "+20": "-20",
        "+21": "-21",
        "+22": "-22",
        "+23": "-23",
        "+24": "-24",
        "+25": "-25",
        "+26": "-26",
        "+27": "-27",
        "+28": "-28",
        "+29": "-29",
        "+30": "-30"
    },
    "edges": [
        [    0,    0,  751,  816,  271,  522,  883, 1032,  707,  928,  448,  767,  707, 1146,  953,  284,  108,  795, 1272,  160,  614,  886,  808,  826,  803, 1030,   32,  971,  813, 1082,  228,  880,  463,  778,  962,  265,  640,   67,  351,  522,  560,  908,  167,  819,  541,   85,  662,  257,   85,  202,  745,  566,  844,  768,  270,  901,  931,  852,  326,  600,  904,  453],
        [    0,    0,  751,  816,  271,  522,  883, 1032,  707,  928,  448,  767,  707, 1146,  953,  284,  108,  795, 1272,  160,  614,  886,  808,  826,  803, 1030,   32,  971,  813, 1082,  228,  880,  463,  778,  962,  265,  640,   67,  351,  522,  560,  908,  167,  819,  541,   85,  662,  257,   85,  202,  745,  566,  844,  768,  270,  901,  931,  852,  326,  600,  904,  453],
        [  751,  751,    0,  366,  484,  292,  136,  463,  393,  433,  638,  512,  607,  498,  524,  556,  707,  282,  671,  751,  249,  414,  952,  415,  267,  405,  766,  318,  225,  488,  526,  347,  430,  936,  717,  537,  122,  686,  429,  482,  216,  747,  615,  287,  250,  685,  284,  529,  768,  706,   75,  346,  400,  851,  747,  152,  361,  327,  515,  152,  163,  360],
        [  816,  816,  366,    0,  566,  563,  423,  220,  124,  114,  493,  184,  316,  356,  171,  541,  731,  647,  457,  743,  569,   73,  669,   52,  632,  245,  817,  234,  152,  274,  605,   85,  357,  661,  355,  552,  331,  752,  473,  329,  330,  397,  742,  652,  322,  782,  624,  559,  867,  683,  292,  250,   38,  565,  686,  392,  720,  692,  495,  400,  455,  601],
        [  271,  271,  484,  566,    0,  298,  619,  776,  471,  679,  343,  554,  533,  882,  717,  144,  226,  573, 1016,  280,  388,  638,  746,  584,  576,  766,  284,  704,  546,  824,   43,  622,  240,  719,  773,  101,  371,  205,   95,  325,  290,  740,  178,  596,  272,  220,  449,   79,  306,  249,  474,  320,  597,  676,  314,  634,  708,  634,  146,  336,  642,  248],
        [  522,  522,  292,  563,  298,    0,  401,  722,  525,  660,  590,  642,  684,  781,  733,  425,  512,  278,  947,  573,   93,  629,  975,  602,  283,  679,  545,  596,  466,  756,  328,  580,  404,  952,  872,  389,  240,  465,  303,  491,  242,  871,  363,  301,  264,  443,  152,  370,  517,  547,  328,  396,  600,  888,  610,  433,  414,  338,  405,  169,  414,   75],
        [  883,  883,  136,  423,  619,  401,    0,  455,  483,  460,  764,  592,  703,  447,  558,  691,  842,  289,  628,  887,  337,  453, 1056,  474,  268,  379,  900,  292,  272,  465,  660,  378,  559, 1042,  776,  672,  257,  819,  565,  602,  350,  819,  743,  282,  382,  816,  347,  664,  897,  842,  176,  465,  451,  953,  882,   47,  313,  311,  650,  284,   34,  474],
        [ 1032, 1032,  463,  220,  776,  722,  455,    0,  341,  118,  706,  356,  492,  154,  176,  760,  950,  731,  241,  962,  705,  159,  819,  227,  713,   90, 1035,  165,  256,   56,  816,  154,  576,  818,  411,  769,  482,  967,  685,  547,  513,  490,  948,  730,  516,  994,  746,  775, 1080,  902,  402,  467,  201,  718,  904,  411,  767,  762,  714,  553,  480,  773],
        [  707,  707,  393,  124,  471,  525,  483,  341,    0,  228,  369,  122,  221,  480,  248,  428,  618,  662,  574,  625,  552,  185,  577,  120,  650,  368,  706,  348,  227,  396,  507,  207,  245,  565,  348,  443,  320,  645,  376,  206,  284,  359,  648,  672,  264,  681,  613,  453,  764,  564,  322,  153,  142,  473,  563,  460,  754,  714,  382,  378,  516,  550],
        [  928,  928,  433,  114,  679,  660,  460,  118,  228,    0,  589,  240,  378,  268,   99,  652,  842,  713,  347,  852,  658,   43,  713,  111,  696,  173,  929,  203,  209,  173,  718,   86,  468,  710,  334,  664,  423,  864,  586,  433,  435,  400,  854,  715,  431,  895,  707,  672,  980,  791,  363,  363,   86,  611,  790,  421,  770,  752,  606,  494,  489,  704],
        [  448,  448,  638,  493,  343,  590,  764,  706,  369,  589,    0,  371,  274,  848,  578,  206,  341,  833,  929,  313,  663,  548,  404,  479,  829,  736,  433,  710,  567,  761,  349,  574,  209,  377,  528,  249,  521,  404,  291,  172,  431,  465,  477,  851,  394,  463,  731,  272,  526,  254,  589,  302,  506,  338,  219,  758,  957,  893,  199,  534,  795,  565],
        [  767,  767,  512,  184,  554,  642,  592,  356,  122,  240,  371,    0,  139,  507,  209,  484,  669,  783,  563,  663,  672,  206,  487,  143,  771,  408,  761,  414,  325,  410,  585,  262,  315,  479,  231,  508,  442,  708,  460,  245,  402,  238,  730,  792,  379,  752,  735,  522,  831,  602,  439,  254,  174,  382,  585,  565,  872,  834,  443,  500,  625,  662],
        [  707,  707,  607,  316,  533,  684,  703,  492,  221,  378,  274,  139,    0,  645,  335,  432,  603,  863,  691,  584,  730,  344,  357,  280,  853,  546,  696,  549,  446,  547,  557,  398,  301,  347,  256,  466,  518,  655,  448,  211,  457,  207,  700,  875,  426,  707,  796,  484,  779,  523,  538,  291,  311,  252,  492,  681,  964,  918,  401,  564,  736,  689],
        [ 1146, 1146,  498,  356,  882,  781,  447,  154,  480,  268,  848,  507,  645,    0,  326,  884, 1071,  735,  182, 1090,  747,  305,  972,  374,  715,  118, 1152,  186,  337,  103,  924,  277,  703,  971,  555,  888,  551, 1080,  796,  684,  602,  638, 1048,  728,  613, 1101,  776,  891, 1187, 1031,  454,  589,  344,  871, 1039,  401,  744,  755,  837,  618,  462,  842],
        [  953,  953,  524,  171,  717,  733,  558,  176,  248,   99,  578,  209,  335,  326,    0,  671,  861,  805,  356,  862,  739,  111,  647,  136,  789,  254,  951,  299,  300,  224,  754,  181,  491,  646,  241,  689,  501,  891,  623,  438,  499,  315,  895,  809,  489,  928,  791,  700, 1011,  800,  452,  398,  134,  547,  789,  519,  866,  846,  627,  570,  587,  771],
        [  284,  284,  556,  541,  144,  425,  691,  760,  428,  652,  206,  484,  432,  884,  671,    0,  191,  692,  998,  208,  510,  609,  607,  547,  692,  767,  280,  718,  561,  812,  144,  611,  184,  580,  684,   44,  435,  225,  131,  239,  342,  638,  275,  713,  312,  275,  575,   68,  350,  154,  528,  295,  567,  542,  194,  697,  825,  753,   48,  421,  718,  386],
        [  108,  108,  707,  731,  226,  512,  842,  950,  618,  842,  341,  669,  603, 1071,  861,  191,    0,  790, 1188,   73,  604,  800,  704,  738,  794,  954,   94,  901,  743, 1002,  188,  799,  375,  674,  858,  184,  591,   82,  285,  425,  504,  802,  205,  813,  479,  148,  660,  184,  190,   96,  691,  484,  757,  661,  169,  855,  926,  849,  237,  561,  866,  451],
        [  795,  795,  282,  647,  573,  278,  289,  731,  662,  713,  833,  783,  863,  735,  805,  692,  790,    0,  916,  851,  186,  695, 1191,  696,   21,  661,  820,  573,  506,  747,  605,  627,  629, 1172,  996,  659,  346,  741,  564,  703,  415, 1020,  633,   25,  450,  715,  135,  643,  782,  822,  356,  579,  681, 1095,  882,  335,  137,   62,  665,  305,  277,  343],
        [ 1272, 1272,  671,  457, 1016,  947,  628,  241,  574,  347,  929,  563,  691,  182,  356,  998, 1188,  916,    0, 1198,  920,  390,  978,  455,  896,  269, 1274,  354,  487,  195, 1057,  395,  814,  983,  534, 1008,  711, 1207,  926,  778,  750,  628, 1188,  909,  755, 1235,  952, 1015, 1320, 1138,  620,  706,  433,  885, 1135,  582,  924,  936,  952,  780,  644, 1003],
        [  160,  160,  751,  743,  280,  573,  887,  962,  625,  852,  313,  663,  584, 1090,  862,  208,   73,  851, 1198,    0,  665,  809,  651,  744,  854,  973,  135,  926,  769, 1015,  246,  815,  388,  621,  839,  216,  633,  153,  323,  424,  542,  777,  277,  873,  515,  217,  723,  223,  244,   62,  730,  501,  766,  616,  112,  897,  987,  910,  255,  609,  912,  515],
        [  614,  614,  249,  569,  388,   93,  337,  705,  552,  658,  663,  672,  730,  747,  739,  510,  604,  186,  920,  665,    0,  631, 1038,  614,  191,  652,  637,  566,  454,  733,  419,  574,  468, 1017,  898,  476,  239,  557,  384,  550,  274,  907,  454,  209,  305,  535,   69,  458,  606,  636,  303,  440,  606,  947,  698,  374,  322,  246,  486,  174,  344,  163],
        [  886,  886,  414,   73,  638,  629,  453,  159,  185,   43,  548,  206,  344,  305,  111,  609,  800,  695,  390,  809,  631,    0,  686,   69,  679,  203,  887,  218,  190,  214,  677,   76,  425,  681,  327,  621,  393,  822,  545,  390,  399,  385,  814,  699,  393,  854,  682,  630,  938,  748,  342,  321,   44,  582,  747,  416,  759,  737,  563,  464,  483,  670],
        [  808,  808,  952,  669,  746,  975, 1056,  819,  577,  713,  404,  487,  357,  972,  647,  607,  704, 1191,  978,  651, 1038,  686,    0,  628, 1184,  886,  785,  899,  803,  870,  751,  748,  572,   31,  449,  651,  852,  779,  688,  490,  777,  353,  871, 1206,  742,  844, 1107,  674,  892,  608,  887,  614,  659,  105,  540, 1036, 1303, 1249,  601,  887, 1089,  960],
        [  826,  826,  415,   52,  584,  602,  474,  227,  120,  111,  479,  143,  280,  374,  136,  547,  738,  696,  455,  744,  614,   69,  628,    0,  681,  269,  826,  272,  203,  283,  622,  120,  364,  622,  304,  561,  375,  763,  490,  323,  365,  347,  761,  702,  354,  798,  669,  571,  881,  683,  341,  265,   32,  524,  680,  442,  771,  742,  502,  442,  506,  637],
        [  803,  803,  267,  632,  576,  283,  268,  713,  650,  696,  829,  771,  853,  715,  789,  692,  794,   21,  896,  854,  191,  679, 1184,  681,    0,  642,  826,  554,  490,  728,  609,  610,  624, 1164,  982,  660,  335,  747,  563,  696,  408, 1007,  641,   23,  444,  723,  145,  644,  791,  824,  341,  571,  666, 1087,  883,  315,  133,   66,  664,  299,  256,  351],
        [ 1030, 1030,  405,  245,  766,  679,  379,   90,  368,  173,  736,  408,  546,  118,  254,  767,  954,  661,  269,  973,  652,  203,  886,  269,  642,    0, 1035,   89,  223,   87,  808,  162,  586,  882,  493,  771,  443,  964,  679,  570,  489,  568,  933,  658,  498,  985,  687,  774, 1071,  915,  352,  472,  238,  783,  924,  333,  688,  688,  720,  512,  400,  736],
        [   32,   32,  766,  817,  284,  545,  900, 1035,  706,  929,  433,  761,  696, 1152,  951,  280,   94,  820, 1274,  135,  637,  887,  785,  826,  826, 1035,    0,  979,  821, 1086,  241,  883,  462,  755,  952,  266,  654,   81,  358,  517,  572,  896,  195,  843,  551,  115,  687,  261,  112,  182,  757,  568,  844,  748,  246,  916,  956,  877,  325,  617,  922,  477],
        [  971,  971,  318,  234,  704,  596,  292,  165,  348,  203,  710,  414,  549,  186,  299,  718,  901,  573,  354,  926,  566,  218,  899,  272,  554,   89,  979,    0,  159,  175,  746,  152,  542,  893,  537,  718,  365,  905,  621,  540,  420,  601,  866,  570,  433,  922,  600,  719, 1008,  869,  269,  428,  241,  795,  885,  247,  603,  601,  671,  432,  315,  656],
        [  813,  813,  225,  152,  546,  466,  272,  256,  227,  209,  567,  325,  446,  337,  300,  561,  743,  506,  487,  769,  454,  190,  803,  203,  490,  223,  821,  159,    0,  293,  589,  123,  388,  792,  506,  560,  227,  747,  463,  396,  266,  548,  711,  509,  276,  765,  500,  561,  851,  713,  155,  274,  182,  698,  732,  241,  571,  547,  514,  298,  304,  518],
        [ 1082, 1082,  488,  274,  824,  756,  465,   56,  396,  173,  761,  410,  547,  103,  224,  812, 1002,  747,  195, 1015,  733,  214,  870,  283,  728,   87, 1086,  175,  293,    0,  865,  203,  629,  869,  453,  820,  518, 1017,  734,  602,  556,  536,  995,  744,  560, 1043,  771,  826, 1128,  956,  432,  518,  256,  770,  959,  419,  774,  774,  766,  588,  486,  810],
        [  228,  228,  526,  605,   43,  328,  660,  816,  507,  718,  349,  585,  557,  924,  754,  144,  188,  605, 1057,  246,  419,  677,  751,  622,  609,  808,  241,  746,  589,  865,    0,  662,  271,  724,  801,  101,  413,  162,  133,  350,  333,  764,  145,  628,  314,  179,  478,   78,  264,  222,  517,  357,  636,  685,  292,  676,  741,  665,  160,  377,  683,  272],
        [  880,  880,  347,   85,  622,  580,  378,  154,  207,   86,  574,  262,  398,  277,  181,  611,  799,  627,  395,  815,  574,   76,  748,  120,  610,  162,  883,  152,  123,  203,  662,    0,  428,  741,  403,  617,  341,  814,  532,  408,  362,  458,  794,  630,  363,  841,  622,  623,  926,  756,  277,  316,   89,  643,  763,  341,  686,  667,  564,  412,  408,  627],
        [  463,  463,  430,  357,  240,  404,  559,  576,  245,  468,  209,  315,  301,  703,  491,  184,  375,  629,  814,  388,  468,  425,  572,  364,  624,  586,  462,  542,  388,  629,  271,  428,    0,  550,  533,  199,  312,  401,  149,   92,  222,  505,  415,  647,  186,  440,  536,  210,  521,  329,  385,  115,  383,  484,  344,  556,  750,  689,  138,  327,  589,  397],
        [  778,  778,  936,  661,  719,  952, 1042,  818,  565,  710,  377,  479,  347,  971,  646,  580,  674, 1172,  983,  621, 1017,  681,   31,  622, 1164,  882,  755,  893,  792,  869,  724,  741,  550,    0,  457,  623,  834,  750,  663,  469,  757,  361,  842, 1187,  722,  815, 1085,  647,  862,  578,  872,  596,  653,  100,  510, 1023, 1285, 1230,  575,  867, 1075,  936],
        [  962,  962,  717,  355,  773,  872,  776,  411,  348,  334,  528,  231,  256,  555,  241,  684,  858,  996,  534,  839,  898,  327,  449,  304,  982,  493,  952,  537,  506,  453,  801,  403,  533,  457,    0,  715,  663,  908,  682,  451,  631,   97,  945, 1004,  609,  958,  959,  732, 1033,  779,  643,  484,  325,  364,  745,  741, 1074, 1044,  649,  725,  807,  892],
        [  265,  265,  537,  552,  101,  389,  672,  769,  443,  664,  249,  508,  466,  888,  689,   44,  184,  659, 1008,  216,  476,  621,  651,  561,  660,  771,  266,  718,  560,  820,  101,  617,  199,  623,  715,    0,  417,  203,  108,  266,  327,  672,  236,  681,  299,  245,  539,   24,  324,  171,  514,  303,  579,  585,  223,  681,  793,  720,   66,  397,  698,  346],
        [  640,  640,  122,  331,  371,  240,  257,  482,  320,  423,  521,  442,  518,  551,  501,  435,  591,  346,  711,  633,  239,  393,  852,  375,  335,  443,  654,  365,  227,  518,  413,  341,  312,  834,  663,  417,    0,  575,  310,  371,   94,  679,  515,  358,  129,  580,  296,  410,  664,  586,  106,  239,  368,  754,  626,  265,  451,  401,  394,   72,  284,  293],
        [   67,   67,  686,  752,  205,  465,  819,  967,  645,  864,  404,  708,  655, 1080,  891,  225,   82,  741, 1207,  153,  557,  822,  779,  763,  747,  964,   81,  905,  747, 1017,  162,  814,  401,  750,  908,  203,  575,    0,  285,  464,  494,  858,  128,  765,  475,   67,  609,  193,  125,  175,  679,  502,  780,  733,  250,  836,  877,  799,  266,  536,  841,  398],
        [  351,  351,  429,  473,   95,  303,  565,  685,  376,  586,  291,  460,  448,  796,  623,  131,  285,  564,  926,  323,  384,  545,  688,  490,  563,  679,  358,  621,  463,  734,  133,  532,  149,  663,  682,  108,  310,  285,    0,  238,  220,  653,  273,  584,  195,  310,  451,  102,  395,  278,  408,  225,  504,  610,  325,  574,  695,  625,  102,  291,  591,  275],
        [  522,  522,  482,  329,  325,  491,  602,  547,  206,  433,  172,  245,  211,  684,  438,  239,  425,  703,  778,  424,  550,  390,  490,  323,  696,  570,  517,  540,  396,  602,  350,  408,   92,  469,  451,  266,  371,  464,  238,    0,  289,  416,  495,  719,  253,  510,  618,  282,  588,  362,  427,  137,  347,  398,  358,  593,  819,  762,  200,  398,  634,  487],
        [  560,  560,  216,  330,  290,  242,  350,  513,  284,  435,  431,  402,  457,  602,  499,  342,  504,  415,  750,  542,  274,  399,  777,  365,  408,  489,  572,  420,  266,  556,  333,  362,  222,  757,  631,  327,   94,  494,  220,  289,    0,  634,  447,  430,   37,  506,  340,  321,  591,  494,  188,  167,  366,  681,  533,  356,  531,  473,  301,  110,  377,  273],
        [  908,  908,  747,  397,  740,  871,  819,  490,  359,  400,  465,  238,  207,  638,  315,  638,  802, 1020,  628,  777,  907,  385,  353,  347, 1007,  568,  896,  601,  548,  536,  764,  458,  505,  361,   97,  672,  679,  858,  653,  416,  634,    0,  906, 1029,  607,  912,  970,  691,  983,  718,  673,  475,  373,  268,  678,  788, 1107, 1071,  607,  735,  851,  883],
        [  167,  167,  615,  742,  178,  363,  743,  948,  648,  854,  477,  730,  700, 1048,  895,  275,  205,  633, 1188,  277,  454,  814,  871,  761,  641,  933,  195,  866,  711,  995,  145,  794,  415,  842,  945,  236,  515,  128,  273,  495,  447,  906,    0,  657,  436,   83,  499,  216,  155,  286,  620,  497,  774,  813,  363,  766,  768,  688,  300,  464,  762,  292],
        [  819,  819,  287,  652,  596,  301,  282,  730,  672,  715,  851,  792,  875,  728,  809,  713,  813,   25,  909,  873,  209,  699, 1206,  702,   23,  658,  843,  570,  509,  744,  628,  630,  647, 1187, 1004,  681,  358,  765,  584,  719,  430, 1029,  657,    0,  466,  739,  159,  664,  806,  844,  362,  593,  686, 1109,  903,  328,  114,   44,  685,  321,  268,  367],
        [  541,  541,  250,  322,  272,  264,  382,  516,  264,  431,  394,  379,  426,  613,  489,  312,  479,  450,  755,  515,  305,  393,  742,  354,  444,  498,  551,  433,  276,  560,  314,  363,  186,  722,  609,  299,  129,  475,  195,  253,   37,  607,  436,  466,    0,  490,  372,  296,  576,  465,  216,  136,  358,  647,  501,  386,  567,  509,  269,  146,  411,  287],
        [   85,   85,  685,  782,  220,  443,  816,  994,  681,  895,  463,  752,  707, 1101,  928,  275,  148,  715, 1235,  217,  535,  854,  844,  798,  723,  985,  115,  922,  765, 1043,  179,  841,  440,  815,  958,  245,  580,   67,  310,  510,  506,  912,   83,  739,  490,    0,  581,  230,   86,  241,  685,  534,  812,  795,  316,  836,  850,  770,  310,  534,  835,  373],
        [  662,  662,  284,  624,  449,  152,  347,  746,  613,  707,  731,  735,  796,  776,  791,  575,  660,  135,  952,  723,   69,  682, 1107,  669,  145,  687,  687,  600,  500,  771,  478,  622,  536, 1085,  959,  539,  296,  609,  451,  618,  340,  970,  499,  159,  372,  581,    0,  521,  648,  697,  346,  506,  660, 1015,  760,  388,  270,  190,  552,  236,  347,  211],
        [  257,  257,  529,  559,   79,  370,  664,  775,  453,  672,  272,  522,  484,  891,  700,   68,  184,  643, 1015,  223,  458,  630,  674,  571,  644,  774,  261,  719,  561,  826,   78,  623,  210,  647,  732,   24,  410,  193,  102,  282,  321,  691,  216,  664,  296,  230,  521,    0,  312,  182,  509,  310,  587,  607,  240,  675,  777,  703,   84,  387,  689,  325],
        [   85,   85,  768,  867,  306,  517,  897, 1080,  764,  980,  526,  831,  779, 1187, 1011,  350,  190,  782, 1320,  244,  606,  938,  892,  881,  791, 1071,  112, 1008,  851, 1128,  264,  926,  521,  862, 1033,  324,  664,  125,  395,  588,  591,  983,  155,  806,  576,   86,  648,  312,    0,  285,  770,  618,  897,  850,  354,  919,  916,  836,  388,  617,  916,  444],
        [  202,  202,  706,  683,  249,  547,  842,  902,  564,  791,  254,  602,  523, 1031,  800,  154,   96,  822, 1138,   62,  636,  748,  608,  683,  824,  915,  182,  869,  713,  956,  222,  756,  329,  578,  779,  171,  586,  175,  278,  362,  494,  718,  286,  844,  465,  241,  697,  182,  285,    0,  681,  443,  705,  567,   78,  849,  957,  882,  200,  567,  868,  494],
        [  745,  745,   75,  292,  474,  328,  176,  402,  322,  363,  589,  439,  538,  454,  452,  528,  691,  356,  620,  730,  303,  342,  887,  341,  341,  352,  757,  269,  155,  432,  517,  277,  385,  872,  643,  514,  106,  679,  408,  427,  188,  673,  620,  362,  216,  685,  346,  509,  770,  681,    0,  290,  326,  785,  715,  172,  434,  401,  484,  166,  208,  389],
        [  566,  566,  346,  250,  320,  396,  465,  467,  153,  363,  302,  254,  291,  589,  398,  295,  484,  579,  706,  501,  440,  321,  614,  265,  571,  472,  568,  428,  274,  518,  357,  316,  115,  596,  484,  303,  239,  502,  225,  137,  167,  475,  497,  593,  136,  534,  506,  310,  618,  443,  290,    0,  279,  517,  458,  457,  689,  636,  248,  276,  497,  410],
        [  844,  844,  400,   38,  597,  600,  451,  201,  142,   86,  506,  174,  311,  344,  134,  567,  757,  681,  433,  766,  606,   44,  659,   32,  666,  238,  844,  241,  182,  256,  636,   89,  383,  653,  325,  579,  368,  780,  504,  347,  366,  373,  774,  686,  358,  812,  660,  587,  897,  705,  326,  279,    0,  555,  705,  418,  751,  725,  521,  437,  483,  638],
        [  768,  768,  851,  565,  676,  888,  953,  718,  473,  611,  338,  382,  252,  871,  547,  542,  661, 1095,  885,  616,  947,  582,  105,  524, 1087,  783,  748,  795,  698,  770,  685,  643,  484,  100,  364,  585,  754,  733,  610,  398,  681,  268,  813, 1109,  647,  795, 1015,  607,  850,  567,  785,  517,  555,    0,  506,  932, 1204, 1153,  530,  791,  986,  878],
        [  270,  270,  747,  686,  314,  610,  882,  904,  563,  790,  219,  585,  492, 1039,  789,  194,  169,  882, 1135,  112,  698,  747,  540,  680,  883,  924,  246,  885,  732,  959,  292,  763,  344,  510,  745,  223,  626,  250,  325,  358,  533,  678,  363,  903,  501,  316,  760,  240,  354,   78,  715,  458,  705,  506,    0,  886, 1015,  943,  233,  615,  909,  561],
        [  901,  901,  152,  392,  634,  433,   47,  411,  460,  421,  758,  565,  681,  401,  519,  697,  855,  335,  582,  897,  374,  416, 1036,  442,  315,  333,  916,  247,  241,  419,  676,  341,  556, 1023,  741,  681,  265,  836,  574,  593,  356,  788,  766,  328,  386,  836,  388,  675,  919,  849,  172,  457,  418,  932,  886,    0,  357,  357,  654,  303,   69,  504],
        [  931,  931,  361,  720,  708,  414,  313,  767,  754,  770,  957,  872,  964,  744,  866,  825,  926,  137,  924,  987,  322,  759, 1303,  771,  133,  688,  956,  603,  571,  774,  741,  686,  750, 1285, 1074,  793,  451,  877,  695,  819,  531, 1107,  768,  114,  567,  850,  270,  777,  916,  957,  434,  689,  751, 1204, 1015,  357,    0,   81,  795,  423,  289,  479],
        [  852,  852,  327,  692,  634,  338,  311,  762,  714,  752,  893,  834,  918,  755,  846,  753,  849,   62,  936,  910,  246,  737, 1249,  742,   66,  688,  877,  601,  547,  774,  665,  667,  689, 1230, 1044,  720,  401,  799,  625,  762,  473, 1071,  688,   44,  509,  770,  190,  703,  836,  882,  401,  636,  725, 1153,  943,  357,   81,    0,  726,  364,  293,  401],
        [  326,  326,  515,  495,  146,  405,  650,  714,  382,  606,  199,  443,  401,  837,  627,   48,  237,  665,  952,  255,  486,  563,  601,  502,  664,  720,  325,  671,  514,  766,  160,  564,  138,  575,  649,   66,  394,  266,  102,  200,  301,  607,  300,  685,  269,  310,  552,   84,  388,  200,  484,  248,  521,  530,  233,  654,  795,  726,    0,  385,  677,  372],
        [  600,  600,  152,  400,  336,  169,  284,  553,  378,  494,  534,  500,  564,  618,  570,  421,  561,  305,  780,  609,  174,  464,  887,  442,  299,  512,  617,  432,  298,  588,  377,  412,  327,  867,  725,  397,   72,  536,  291,  398,  110,  735,  464,  321,  146,  534,  236,  387,  617,  567,  166,  276,  437,  791,  615,  303,  423,  364,  385,    0,  306,  225],
        [  904,  904,  163,  455,  642,  414,   34,  480,  516,  489,  795,  625,  736,  462,  587,  718,  866,  277,  644,  912,  344,  483, 1089,  506,  256,  400,  922,  315,  304,  486,  683,  408,  589, 1075,  807,  698,  284,  841,  591,  634,  377,  851,  762,  268,  411,  835,  347,  689,  916,  868,  208,  497,  483,  986,  909,   69,  289,  293,  677,  306,    0,  487],
        [  453,  453,  360,  601,  248,   75,  474,  773,  550,  704,  565,  662,  689,  842,  771,  386,  451,  343, 1003,  515,  163,  670,  960,  637,  351,  736,  477,  656,  518,  810,  272,  627,  397,  936,  892,  346,  293,  398,  275,  487,  273,  883,  292,  367,  287,  373,  211,  325,  444,  494,  389,  410,  638,  878,  561,  504,  479,  401,  372,  225,  487,    0]
    ]
}
