{
    "name": "random-44-29725",
    "comment": "size=44 seed=29725",
    "nodes": ["+0", "-0", "+1", "-1", "+2", "-2", "+3", "-3", "+4", "-4", "+5", "-5", "+6", "-6", "+7", "-7", "+8", "-8", "+9", "-9", "+10", "-10", "+11", "-11", "+12", "-12", "+13", "-13", "+14", "-14", "+15", "-15", "+16", "-16", "+17", "-17", "+18", "-18", "+19", "-19", "+20", "-20", "+21", "-21", "+22", "-22", "+23", "-23", "+24", "-24", "+25", "-25", "+26", "-26", "+27", "-27", "+28", "-28", "+29", "-29", "+30", "-30", "+31", "-31", "+32", "-32", "+33", "-33", "+34", "-34", "+35", "-35", "+36", "-36", "+37", "-37", "+38", "-38", "+39", "-39", "+40", "-40", "+41", "-41", "+42", "-42", "+43", "-43", "+44", "-44"],
    "precedence": {
        "+0": "-0",
        "+1": "-1",
        "+2": "-2",
        "+3": "-3",
        "+4": "-4",
        "+5": "-5",
        "+6": "-6",
        "+7": "-7",
        "+8": "-8",
        "+9": "-9",
        "+10": "-10",
        "+11": "-11",
        "+12": "-12",
        "+13": "-13",
        "+14": "-14",
        "+15": "-15",
        "+16": "-16",
        "+17": "-17",
        "+18": "-18",
        "+19": "-19",
        "+20": "-20",
        "+21": "-21",
        "+22": "-22",
        "+23": "-23",
        "+24": "-24",
        "+25": "-25",
        "+26": "-26",
        "+27": "-27",
        "+28": "-28",
        "+29": "-29",
        "+30": "-30",
        "+31": "-31",
        "+32": "-32",
        "+33": "-33",
        "+34": "-34",
        "+35": "-35",
        "+36": "-36",
        "+37": "-37",
        "+38": "-38",
        "+39": "-39",
        "+40": "-40",
        "+41": "-41",
        "+42": "-42",
        "+43": "-43",
        "+44": "-44"
    },
    "edges": [
        [    0,    0,  309,  885,  877,  796,  928,  491,  394,  363,  266,  984,  650,  608,  477,   79,  884,  904,  987,  378,  523,  648,  776,  901,  540,  421,  948,  926,  714,  482,  547,  505,  147,  942,  210,  773,  828,  398,  463,  595,  220,  440,  339,  155,  829,  883,  929,  591, 1055,  545, 1017,  206,  342,  657,  924,  503,  294,  581,  367, 1006,  397,  241,  346,  790,  491,  724,  700,  253,  397,  674,  306,  456,  299,  826,  230,  575,  392,  706,  849,  886,  710,  417,  156,  653,  179,  125,  463,  679,  525,  337],
        [    0,    0,    0,    0,    0,    0,    0,    0,    0,    0,    0,    0,    0,    0,    0,    0,    0,    0,    0,    0,    0,    0,    0,    0,    0,    0,    0,    0,    0,    0,    0,    0,    0,    0,    0,    0,    0,    0,    0,    0,    0,    0,    0,    0,    0,    0,    0,    0,    0,    0,    0,    0,    0,    0,    0,    0,    0,    0,    0,    0,    0,    0,    0,    0,    0,    0,    0,    0,    0,    0,    0,    0,    0,    0,    0,    0,    0,    0,    0,    0,    0,    0,    0,    0,    0,    0,    0,    0,    0,    0],
        [  309,    0,    0,  577,  602,  494,  636,  191,  590,  320,  338,  676,  510,  332,  432,  232,  635,  597,  681,  117,  444,  410,  473,  594,  508,  120,  640,  688,  424,  455,  276,  423,  202,  635,  471,  467,  548,  234,  437,  288,  116,  512,  555,  300,  543,  651,  710,  368,  749,  370,  709,  457,  268,  374,  616,  508,  270,  372,  124,  702,  619,  315,  366,  502,  466,  441,  595,   84,  420,  380,  203,  148,  326,  538,  280,  273,  510,  410,  585,  579,  401,  200,  353,  408,  220,  220,  464,  460,  526,  489],
        [  885,    0,  577,    0,  319,  153,  262,  410, 1099,  754,  845,  103,  670,  378,  779,  808,  437,   57,  148,  529,  762,  445,  150,   82,  851,  468,   63,  499,  283,  810,  406,  749,  769,  105, 1029,  151,  310,  604,  819,  292,  676,  942, 1081,  848,  252,  500,  572,  508,  205,  600,  147, 1013,  713,  314,   66,  891,  742,  515,  555,  195, 1143,  833,  826,  247,  817,  284,  767,  643,  843,  263,  669,  430,  811,  240,  795,  323,  978,  235,  365,   84,  177,  554,  904,  449,  765,  786,  862,  518,  898,  986],
        [  877,    0,  602,  319,    0,  198,  578,  517,  973,  877,  932,  326,  431,  577,  601,  800,  120,  375,  454,  503,  938,  252,  222,  400, 1024,  485,  340,  181,  529,  629,  332,  921,  802,  420,  962,  409,  603,  501,  972,  367,  659,  778,  972,  787,   81,  185,  255,  713,  493,  790,  427,  943,  827,  228,  380, 1047,  644,  337,  644,  505, 1026,  911,  940,  116,  633,  163,  511,  684,  692,  238,  590,  486,  910,   93,  713,  348,  834,  218,   58,  400,  344,  680,  839,  679,  715,  756, 1010,  756, 1060,  862],
        [  796,    0,  494,  153,  198,    0,  392,  362,  970,  726,  799,  215,  518,  391,  635,  717,  306,  206,  300,  422,  766,  293,   28,  226,  854,  377,  201,  373,  333,  666,  275,  750,  695,  257,  919,  212,  407,  474,  810,  215,  578,  802,  957,  737,  119,  365,  440,  528,  356,  611,  294,  901,  679,  170,  218,  884,  617,  367,  504,  347, 1018,  782,  794,  100,  673,  132,  615,  570,  706,  128,  549,  355,  771,  106,  676,  222,  844,   96,  231,  222,  152,  523,  793,  487,  657,  686,  850,  564,  895,  858],
        [  928,    0,  636,  262,  578,  392,    0,  445, 1215,  696,  812,  307,  882,  325,  949,  859,  694,  209,  175,  635,  650,  658,  377,  182,  734,  559,  266,  758,  215,  980,  573,  643,  790,  177, 1106,  209,  119,  747,  725,  410,  751, 1092, 1186,  934,  505,  755,  829,  401,  209,  494,  230, 1093,  669,  516,  210,  786,  865,  712,  563,  143, 1250,  808,  768,  492,  989,  511,  983,  677,  991,  459,  787,  502,  770,  493,  901,  460, 1113,  443,  620,  179,  308,  527,  988,  327,  852,  855,  768,  365,  787, 1107],
        [  491,    0,  191,  410,  517,  362,  445,    0,  775,  365,  441,  512,  573,  155,  561,  418,  582,  420,  498,  213,  426,  401,  336,  414,  509,  136,  471,  645,  234,  589,  257,  407,  363,  454,  662,  284,  360,  347,  456,  151,  306,  675,  743,  489,  443,  617,  687,  243,  566,  292,  531,  648,  317,  303,  440,  531,  436,  403,  146,  516,  808,  426,  432,  404,  600,  358,  671,  240,  577,  279,  360,   77,  410,  435,  462,  174,  684,  301,  518,  398,  236,  164,  544,  254,  408,  411,  494,  322,  544,  670],
        [  394,    0,  590, 1099,  973,  970, 1215,  775,    0,  753,  659, 1182,  593,  921,  385,  417,  930, 1134, 1228,  582,  913,  721,  959, 1139,  933,  656, 1159,  946, 1008,  363,  696,  895,  522, 1180,  200, 1026, 1134,  497,  856,  820,  474,  217,   60,  297,  955,  902,  917,  942, 1295,  915, 1243,  195,  726,  803, 1152,  894,  358,  636,  695, 1259,   61,  634,  739,  924,  364,  859,  582,  580,  282,  843,  433,  713,  692,  958,  315,  780,  144,  875,  926, 1126,  940,  763,  254,  993,  371,  387,  855, 1035,  916,  113],
        [  363,    0,  320,  754,  877,  726,  696,  365,  753,    0,  128,  856,  827,  387,  724,  341,  930,  750,  808,  435,  161,  720,  699,  737,  198,  409,  811,  989,  500,  741,  577,  143,  235,  772,  571,  609,  580,  548,  120,  515,  364,  756,  701,  474,  806,  955, 1020,  299,  871,  220,  852,  568,   53,  654,  769,  188,  537,  690,  235,  810,  759,  138,   73,  766,  753,  715,  908,  250,  682,  640,  493,  393,   82,  798,  509,  529,  726,  663,  872,  721,  590,  204,  503,  374,  432,  388,  145,  368,  208,  682],
        [  266,    0,  338,  845,  932,  799,  812,  441,  659,  128,    0,  948,  821,  494,  690,  269,  972,  848,  913,  452,  271,  747,  774,  837,  275,  449,  905, 1026,  608,  702,  613,  258,  177,  874,  468,  706,  698,  542,  200,  585,  340,  692,  604,  401,  867,  989, 1047,  421,  977,  346,  954,  468,  143,  704,  867,  237,  497,  704,  296,  918,  658,   30,   82,  826,  713,  769,  892,  256,  631,  700,  470,  449,   46,  860,  454,  588,  652,  727,  919,  821,  675,  295,  419,  495,  380,  327,  197,  494,  259,  601],
        [  984,    0,  676,  103,  326,  215,  307,  512, 1182,  856,  948,    0,  721,  477,  849,  906,  444,  116,  143,  622,  860,  502,  224,  140,  949,  565,   49,  500,  377,  880,  487,  847,  869,  130, 1122,  250,  382,  686,  919,  389,  772, 1017, 1168,  940,  278,  509,  576,  603,  169,  697,  104, 1105,  815,  384,  104,  990,  827,  579,  657,  193, 1229,  935,  928,  288,  886,  341,  813,  744,  920,  340,  757,  529,  914,  268,  883,  415, 1057,  309,  380,  153,  278,  656,  996,  542,  858,  881,  962,  606,  996, 1070],
        [  650,    0,  510,  670,  431,  518,  882,  573,  593,  827,  821,  721,    0,  713,  212,  591,  355,  722,  817,  399,  951,  227,  522,  739, 1018,  452,  716,  358,  736,  231,  329,  930,  649,  773,  647,  675,  854,  281,  946,  497,  482,  380,  609,  510,  447,  315,  324,  816,  873,  852,  810,  627,  777,  368,  735, 1015,  357,  177,  619,  863,  652,  794,  866,  433,  230,  386,  103,  579,  320,  424,  356,  501,  822,  455,  427,  444,  450,  444,  375,  731,  577,  689,  547,  821,  473,  530,  971,  894, 1034,  496],
        [  608,    0,  332,  378,  577,  391,  325,  155,  921,  387,  494,  477,  713,    0,  715,  542,  664,  367,  422,  367,  386,  520,  364,  352,  475,  290,  430,  730,  115,  743,  386,  372,  467,  386,  794,  228,  221,  500,  443,  232,  448,  829,  886,  630,  497,  709,  783,  138,  485,  224,  466,  782,  353,  397,  385,  513,  588,  538,  242,  425,  950,  488,  460,  462,  753,  435,  813,  358,  731,  356,  513,  230,  454,  486,  610,  278,  836,  364,  592,  336,  240,  204,  682,  111,  551,  546,  485,  188,  521,  819],
        [  477,    0,  432,  779,  601,  635,  949,  561,  385,  724,  690,  849,  212,  715,    0,  432,  548,  823,  921,  352,  868,  356,  630,  835,  921,  426,  834,  562,  769,   32,  380,  847,  513,  873,  441,  744,  896,  215,  844,  540,  361,  179,  398,  326,  596,  518,  534,  788,  983,  801,  925,  421,  679,  466,  840,  907,  194,  273,  555,  960,  443,  660,  748,  571,   40,  510,  229,  479,  109,  517,  234,  486,  700,  601,  249,  489,  241,  545,  551,  824,  647,  631,  352,  813,  313,  370,  863,  877,  928,  285],
        [   79,    0,  232,  808,  800,  717,  859,  418,  417,  341,  269,  906,  591,  542,  432,    0,  809,  828,  912,  299,  501,  573,  697,  826,  530,  343,  871,  853,  644,  441,  469,  482,  107,  867,  257,  698,  762,  328,  452,  517,  142,  424,  369,  135,  751,  811,  859,  537,  980,  501,  941,  247,  310,  579,  848,  501,  241,  510,  301,  932,  431,  240,  340,  711,  451,  646,  648,  184,  364,  596,  239,  380,  291,  748,  188,  497,  387,  627,  773,  810,  633,  359,  164,  595,  121,   63,  459,  628,  523,  342],
        [  884,    0,  635,  437,  120,  306,  694,  582,  930,  930,  972,  444,  355,  664,  548,  809,    0,  493,  573,  526, 1008,  237,  327,  517, 1090,  525,  459,   68,  629,  574,  359,  989,  827,  538,  943,  517,  713,  491, 1033,  441,  672,  725,  936,  777,  189,   66,  136,  797,  611,  867,  546,  923,  879,  280,  499, 1108,  625,  310,  696,  624,  986,  948,  989,  211,  575,  230,  421,  718,  648,  310,  584,  538,  955,  202,  698,  409,  788,  300,   76,  517,  441,  742,  826,  770,  712,  760, 1069,  848, 1123,  824],
        [  904,    0,  597,   57,  375,  206,  209,  420, 1134,  750,  848,  116,  722,  367,  823,  828,  493,    0,   98,  558,  747,  495,  200,   28,  836,  493,   68,  555,  263,  854,  447,  735,  782,   52, 1056,  142,  269,  641,  809,  318,  700,  983, 1113,  875,  308,  556,  628,  490,  162,  584,  113, 1040,  712,  361,   20,  878,  776,  563,  563,  142, 1176,  837,  823,  302,  862,  336,  819,  658,  883,  307,  702,  449,  812,  296,  826,  354, 1016,  282,  421,   37,  198,  554,  932,  427,  792,  810,  851,  490,  884, 1022],
        [  987,    0,  681,  148,  454,  300,  175,  498, 1228,  808,  913,  143,  817,  422,  921,  912,  573,   98,    0,  650,  788,  592,  297,   90,  875,  582,  115,  632,  309,  952,  544,  778,  860,   49, 1145,  215,  272,  738,  856,  409,  788, 1080, 1207,  966,  394,  638,  707,  531,   68,  626,   56, 1130,  773,  459,   83,  922,  871,  661,  637,   52, 1270,  905,  881,  393,  960,  432,  914,  738,  980,  405,  796,  535,  875,  382,  919,  449, 1112,  379,  504,  104,  289,  619, 1022,  461,  882,  897,  899,  514,  926, 1116],
        [  378,    0,  117,  529,  503,  422,  635,  213,  582,  435,  452,  622,  399,  367,  352,  299,  526,  558,  650,    0,  552,  296,  405,  561,  620,   79,  591,  576,  435,  378,  172,  531,  302,  602,  501,  444,  563,  138,  550,  241,  158,  464,  558,  319,  452,  538,  596,  438,  717,  459,  670,  484,  383,  280,  577,  622,  230,  256,  221,  679,  621,  427,  482,  413,  389,  347,  489,  197,  365,  298,  153,  140,  442,  449,  270,  207,  479,  330,  481,  547,  361,  292,  376,  463,  237,  264,  579,  526,  640,  473],
        [  523,    0,  444,  762,  938,  766,  650,  426,  913,  161,  271,  860,  951,  386,  868,  501, 1008,  747,  788,  552,    0,  816,  739,  729,   90,  509,  812, 1070,  485,  887,  669,   22,  395,  758,  731,  612,  531,  678,   88,  572,  510,  911,  861,  633,  862, 1041, 1110,  258,  844,  164,  837,  728,  195,  728,  764,  137,  685,  799,  333,  779,  919,  290,  191,  824,  898,  782, 1038,  389,  834,  702,  634,  476,  229,  852,  664,  599,  884,  721,  942,  713,  619,  271,  663,  328,  587,  545,  125,  289,  139,  842],
        [  648,    0,  410,  445,  252,  293,  658,  401,  721,  720,  747,  502,  227,  520,  356,  573,  237,  495,  592,  296,  816,    0,  296,  512,  893,  311,  493,  282,  524,  386,  147,  796,  595,  547,  714,  452,  636,  256,  829,  291,  437,  532,  720,  543,  240,  242,  301,  639,  649,  692,  586,  695,  668,  143,  509,  904,  395,   86,  489,  637,  775,  723,  772,  217,  391,  162,  327,  492,  442,  199,  349,  341,  735,  245,  466,  242,  584,  217,  210,  505,  355,  546,  594,  631,  477,  524,  862,  707,  920,  611],
        [  776,    0,  473,  150,  222,   28,  377,  336,  959,  699,  774,  224,  522,  364,  630,  697,  327,  200,  297,  405,  739,  296,    0,  218,  827,  356,  204,  394,  307,  662,  263,  723,  672,  251,  903,  190,  386,  463,  783,  191,  559,  795,  945,  721,  142,  385,  460,  501,  355,  583,  295,  886,  653,  165,  214,  857,  605,  365,  478,  341, 1006,  757,  768,  118,  669,  137,  620,  547,  698,  117,  535,  331,  746,  129,  662,  201,  835,   86,  252,  212,  125,  497,  777,  461,  640,  667,  823,  537,  868,  846],
        [  901,    0,  594,   82,  400,  226,  182,  414, 1139,  737,  837,  140,  739,  352,  835,  826,  517,   28,   90,  561,  729,  512,  218,    0,  817,  494,   93,  580,  244,  866,  456,  717,  777,   42, 1057,  132,  243,  649,  792,  320,  700,  992, 1118,  877,  331,  580,  653,  471,  157,  566,  118, 1041,  699,  376,   37,  861,  782,  578,  555,  126, 1181,  827,  809,  324,  874,  355,  837,  653,  892,  321,  707,  447,  800,  319,  830,  360, 1024,  297,  445,   17,  200,  543,  933,  406,  794,  809,  835,  468,  866, 1027],
        [  540,    0,  508,  851, 1024,  854,  734,  509,  933,  198,  275,  949, 1018,  475,  921,  530, 1090,  836,  875,  620,   90,  893,  827,  817,    0,  584,  901, 1152,  573,  938,  747,  104,  427,  846,  742,  701,  616,  741,   79,  657,  561,  950,  878,  665,  948, 1122, 1190,  347,  930,  253,  925,  742,  244,  811,  852,   64,  734,  872,  406,  865,  932,  300,  195,  910,  950,  866, 1101,  445,  879,  787,  689,  556,  242,  939,  704,  682,  917,  806, 1026,  802,  707,  350,  688,  414,  628,  581,   83,  370,   56,  870],
        [  421,    0,  120,  468,  485,  377,  559,  136,  656,  409,  449,  565,  452,  290,  426,  343,  525,  493,  582,   79,  509,  311,  356,  494,  584,    0,  531,  581,  357,  453,  168,  489,  322,  535,  564,  373,  485,  211,  519,  177,  209,  543,  630,  384,  424,  547,  611,  370,  650,  401,  606,  548,  357,  257,  512,  593,  307,  291,  179,  608,  694,  427,  465,  384,  464,  323,  546,  200,  443,  261,  230,   62,  431,  419,  343,  155,  556,  291,  471,  479,  295,  241,  440,  389,  301,  318,  551,  454,  610,  548],
        [  948,    0,  640,   63,  340,  201,  266,  471, 1159,  811,  905,   49,  716,  430,  834,  871,  459,   68,  115,  591,  812,  493,  204,   93,  901,  531,    0,  518,  329,  865,  464,  800,  831,   90, 1091,  203,  336,  663,  872,  355,  739,  999, 1142,  910,  282,  524,  593,  556,  158,  649,   94, 1075,  770,  368,   58,  943,  802,  567,  616,  167, 1204,  893,  883,  286,  872,  332,  811,  705,  900,  319,  730,  492,  870,  271,  856,  384, 1036,  290,  391,  105,  239,  612,  966,  494,  827,  848,  915,  558,  949, 1046],
        [  926,    0,  688,  499,  181,  373,  758,  645,  946,  989, 1026,  500,  358,  730,  562,  853,   68,  555,  632,  576, 1070,  282,  394,  580, 1152,  581,  518,    0,  696,  585,  414, 1051,  876,  600,  973,  583,  779,  529, 1093,  505,  718,  736,  956,  811,  255,   45,   78,  863,  668,  931,  603,  953,  937,  343,  560, 1169,  658,  346,  755,  684, 1004, 1002, 1046,  278,  586,  296,  410,  771,  666,  376,  622,  599, 1011,  268,  731,  472,  803,  367,  143,  581,  509,  803,  859,  837,  751,  801, 1129,  915, 1184,  843],
        [  714,    0,  424,  283,  529,  333,  215,  234, 1008,  500,  608,  377,  736,  115,  769,  644,  629,  263,  309,  435,  485,  524,  307,  244,  573,  357,  329,  696,    0,  798,  409,  473,  576,  276,  893,  134,  129,  558,  549,  240,  539,  898,  977,  723,  448,  681,  757,  227,  371,  322,  356,  880,  467,  387,  279,  617,  664,  560,  349,  311, 1041,  602,  573,  420,  808,  409,  838,  462,  798,  336,  587,  298,  569,  436,  694,  293,  913,  335,  554,  229,  188,  317,  776,  167,  642,  642,  592,  237,  622,  902],
        [  482,    0,  455,  810,  629,  666,  980,  589,  363,  741,  702,  880,  231,  743,   32,  441,  574,  854,  952,  378,  887,  386,  662,  866,  938,  453,  865,  585,  798,    0,  411,  866,  525,  904,  431,  774,  925,  243,  861,  571,  378,  152,  380,  328,  626,  541,  555,  814, 1014,  824,  956,  412,  696,  497,  871,  922,  206,  303,  578,  991,  421,  673,  762,  601,   12,  540,  236,  498,   96,  548,  254,  514,  714,  631,  255,  520,  219,  576,  579,  855,  678,  654,  350,  840,  323,  379,  878,  903,  943,  267],
        [  547,    0,  276,  406,  332,  275,  573,  257,  696,  577,  613,  487,  329,  386,  380,  469,  359,  447,  544,  172,  669,  147,  263,  456,  747,  168,  464,  414,  409,  411,    0,  650,  472,  496,  649,  365,  530,  200,  684,  170,  328,  537,  683,  469,  284,  379,  444,  497,  608,  547,  552,  631,  525,  113,  464,  759,  343,  153,  344,  581,  743,  590,  632,  246,  420,  179,  431,  359,  438,  148,  276,  194,  597,  282,  403,  117,  573,  179,  310,  445,  267,  399,  524,  495,  392,  428,  718,  570,  775,  584],
        [  505,    0,  423,  749,  921,  750,  643,  407,  895,  143,  258,  847,  930,  372,  847,  482,  989,  735,  778,  531,   22,  796,  723,  717,  104,  489,  800, 1051,  473,  866,  650,    0,  376,  748,  714,  599,  525,  657,   86,  554,  489,  891,  843,  614,  844, 1022, 1090,  248,  835,  153,  827,  711,  175,  709,  752,  145,  665,  779,  313,  770,  901,  275,  179,  806,  877,  764, 1017,  368,  813,  685,  614,  457,  215,  835,  643,  580,  865,  703,  924,  702,  604,  251,  644,  319,  567,  526,  127,  284,  149,  823],
        [  147,    0,  202,  769,  802,  695,  790,  363,  522,  235,  177,  869,  649,  467,  513,  107,  827,  782,  860,  302,  395,  595,  672,  777,  427,  322,  831,  876,  576,  525,  472,  376,    0,  817,  353,  646,  687,  372,  348,  485,  168,  524,  473,  239,  744,  837,  891,  444,  928,  400,  894,  346,  204,  575,  802,  402,  320,  543,  228,  875,  533,  148,  240,  704,  536,  642,  717,  126,  457,  582,  295,  343,  191,  740,  280,  474,  492,  612,  782,  761,  592,  272,  270,  507,  205,  155,  358,  533,  423,  448],
        [  942,    0,  635,  105,  420,  257,  177,  454, 1180,  772,  874,  130,  773,  386,  873,  867,  538,   52,   49,  602,  758,  547,  251,   42,  846,  535,   90,  600,  276,  904,  496,  748,  817,    0, 1098,  171,  257,  689,  824,  362,  741, 1032, 1159,  918,  356,  603,  674,  501,  116,  596,   81, 1083,  736,  412,   40,  892,  823,  614,  594,   91, 1222,  865,  845,  352,  912,  387,  870,  694,  932,  358,  748,  489,  836,  344,  871,  401, 1064,  333,  468,   57,  242,  580,  975,  434,  835,  851,  867,  492,  896, 1068],
        [  210,    0,  471, 1029,  962,  919, 1106,  662,  200,  571,  468, 1122,  647,  794,  441,  257,  943, 1056, 1145,  501,  731,  714,  903, 1057,  742,  564, 1091,  973,  893,  431,  649,  714,  353, 1098,    0,  934, 1014,  462,  667,  739,  359,  329,  141,  183,  928,  928,  959,  792, 1213,  752, 1169,   21,  551,  762, 1076,  701,  319,  634,  556, 1170,  191,  444,  549,  893,  438,  825,  667,  438,  336,  792,  375,  612,  504,  928,  249,  708,  257,  824,  924, 1042,  859,  615,  126,  851,  265,  252,  663,  883,  722,  192],
        [  773,    0,  467,  151,  409,  212,  209,  284, 1026,  609,  706,  250,  675,  228,  744,  698,  517,  142,  215,  444,  612,  452,  190,  132,  701,  373,  203,  583,  134,  774,  365,  599,  646,  171,  934,    0,  197,  546,  670,  208,  576,  891, 1001,  756,  330,  573,  649,  357,  283,  449,  250,  919,  570,  309,  161,  741,  671,  504,  424,  236, 1065,  696,  681,  307,  783,  312,  776,  523,  790,  253,  594,  322,  670,  317,  713,  256,  917,  240,  441,  116,   99,  412,  812,  300,  672,  685,  712,  371,  748,  916],
        [  828,    0,  548,  310,  603,  407,  119,  360, 1134,  580,  698,  382,  854,  221,  896,  762,  713,  269,  272,  563,  531,  636,  386,  243,  616,  485,  336,  779,  129,  925,  530,  525,  687,  257, 1014,  197,    0,  686,  607,  361,  663, 1027, 1101,  847,  525,  770,  845,  284,  318,  376,  326, 1002,  555,  496,  278,  667,  792,  679,  462,  252, 1166,  696,  652,  503,  935,  506,  956,  579,  927,  441,  715,  425,  655,  512,  821,  414, 1041,  433,  637,  232,  285,  419,  899,  209,  766,  764,  649,  248,  669, 1029],
        [  398,    0,  234,  604,  501,  474,  747,  347,  497,  548,  542,  686,  281,  500,  215,  328,  491,  641,  738,  138,  678,  256,  463,  649,  741,  211,  663,  529,  558,  243,  200,  657,  372,  689,  462,  546,  686,    0,  667,  338,  205,  346,  485,  288,  469,  486,  531,  576,  803,  595,  749,  443,  498,  308,  659,  736,  146,  184,  352,  772,  544,  514,  585,  435,  254,  367,  361,  299,  245,  347,   94,  271,  541,  470,  213,  291,  375,  379,  464,  637,  453,  426,  340,  599,  223,  273,  692,  663,  755,  384],
        [  463,    0,  437,  819,  972,  810,  725,  456,  856,  120,  200,  919,  946,  443,  844,  452, 1033,  809,  856,  550,   88,  829,  783,  792,   79,  519,  872, 1093,  549,  861,  684,   86,  348,  824,  667,  670,  607,  667,    0,  606,  484,  871,  801,  586,  898, 1061, 1128,  326,  914,  232,  904,  666,  169,  754,  826,   76,  656,  804,  341,  850,  857,  223,  119,  859,  872,  812, 1028,  370,  800,  734,  613,  495,  165,  889,  626,  627,  838,  756,  971,  776,  667,  293,  610,  400,  549,  502,   44,  369,   91,  791],
        [  595,    0,  288,  292,  367,  215,  410,  151,  820,  515,  585,  389,  497,  232,  540,  517,  441,  318,  409,  241,  572,  291,  191,  320,  657,  177,  355,  505,  240,  571,  170,  554,  485,  362,  739,  208,  361,  338,  606,    0,  385,  684,  798,  558,  293,  481,  554,  359,  477,  427,  430,  723,  467,  166,  337,  681,  464,  321,  289,  439,  861,  568,  582,  254,  580,  212,  599,  359,  583,  132,  388,  142,  557,  284,  510,   54,  709,  150,  373,  306,  121,  315,  615,  342,  475,  494,  645,  420,  694,  710],
        [  220,    0,  116,  676,  659,  578,  751,  306,  474,  364,  340,  772,  482,  448,  361,  142,  672,  700,  788,  158,  510,  437,  559,  700,  561,  209,  739,  718,  539,  378,  328,  489,  168,  741,  359,  576,  663,  205,  484,  385,    0,  412,  439,  184,  609,  677,  728,  475,  856,  464,  813,  344,  319,  438,  720,  547,  176,  379,  226,  812,  503,  312,  390,  570,  390,  504,  554,  123,  326,  455,  132,  254,  344,  607,  169,  359,  401,  488,  633,  685,  503,  299,  238,  521,  104,  110,  503,  568,  568,  375],
        [  440,    0,  512,  942,  778,  802, 1092,  675,  217,  756,  692, 1017,  380,  829,  179,  424,  725,  983, 1080,  464,  911,  532,  795,  992,  950,  543,  999,  736,  898,  152,  537,  891,  524, 1032,  329,  891, 1027,  346,  871,  684,  412,    0,  244,  292,  771,  692,  704,  880, 1144,  875, 1088,  312,  717,  633, 1000,  925,  243,  447,  633, 1116,  277,  663,  763,  744,  151,  681,  367,  534,  101,  680,  316,  603,  713,  775,  248,  637,   78,  710,  729,  980,  798,  708,  288,  917,  325,  370,  882,  972,  946,  140],
        [  339,    0,  555, 1081,  972,  957, 1186,  743,   60,  701,  604, 1168,  609,  886,  398,  369,  936, 1113, 1207,  558,  861,  720,  945, 1118,  878,  630, 1142,  956,  977,  380,  683,  843,  473, 1159,  141, 1001, 1101,  485,  801,  798,  439,  244,    0,  257,  949,  912,  932,  900, 1274,  869, 1224,  137,  676,  792, 1132,  838,  341,  636,  655, 1236,   65,  579,  684,  917,  382,  850,  608,  538,  291,  830,  412,  684,  637,  951,  288,  760,  167,  862,  928, 1104,  918,  721,  208,  953,  336,  345,  800,  992,  860,  114],
        [  155,    0,  300,  848,  787,  737,  934,  489,  297,  474,  401,  940,  510,  630,  326,  135,  777,  875,  966,  319,  633,  543,  721,  877,  665,  384,  910,  811,  723,  328,  469,  614,  239,  918,  183,  756,  847,  288,  586,  558,  184,  292,  257,    0,  750,  768,  806,  646, 1033,  621,  988,  166,  441,  582,  895,  635,  156,  468,  400,  992,  321,  373,  474,  713,  338,  646,  552,  284,  242,  610,  197,  435,  425,  749,   84,  526,  253,  643,  752,  862,  678,  467,   57,  697,   84,   92,  593,  738,  658,  210],
        [  829,    0,  543,  252,   81,  119,  505,  443,  955,  806,  867,  278,  447,  497,  596,  751,  189,  308,  394,  452,  862,  240,  142,  331,  948,  424,  282,  255,  448,  626,  284,  844,  744,  356,  928,  330,  525,  469,  898,  293,  609,  771,  949,  750,    0,  250,  324,  634,  440,  711,  374,  910,  757,  172,  316,  973,  614,  324,  576,  444, 1007,  847,  871,   41,  631,  106,  537,  624,  679,  168,  554,  418,  843,   13,  680,  279,  821,  143,  115,  330,  263,  607,  804,  598,  674,  711,  937,  675,  986,  843],
        [  883,    0,  651,  500,  185,  365,  755,  617,  902,  955,  989,  509,  315,  709,  518,  811,   66,  556,  638,  538, 1041,  242,  385,  580, 1122,  547,  524,   45,  681,  541,  379, 1022,  837,  603,  928,  573,  770,  486, 1061,  481,  677,  692,  912,  768,  250,    0,   76,  840,  677,  905,  611,  908,  903,  316,  563, 1137,  614,  303,  722,  689,  959,  964, 1011,  267,  542,  275,  370,  733,  621,  354,  579,  567,  975,  263,  687,  445,  758,  348,  136,  580,  494,  772,  815,  817,  708,  759, 1096,  895, 1152,  798],
        [  929,    0,  710,  572,  255,  440,  829,  687,  917, 1020, 1047,  576,  324,  783,  534,  859,  136,  628,  707,  596, 1110,  301,  460,  653, 1190,  611,  593,   78,  757,  555,  444, 1090,  891,  674,  959,  649,  845,  531, 1128,  554,  728,  704,  932,  806,  324,   76,    0,  913,  744,  977,  679,  939,  968,  388,  634, 1203,  650,  350,  788,  759,  976, 1023, 1073,  342,  554,  350,  359,  792,  641,  428,  623,  634, 1036,  337,  723,  516,  773,  424,  210,  653,  569,  840,  850,  891,  751,  804, 1161,  970, 1218,  818],
        [  591,    0,  368,  508,  713,  528,  401,  243,  942,  299,  421,  603,  816,  138,  788,  537,  797,  490,  531,  438,  258,  639,  501,  471,  347,  370,  556,  863,  227,  814,  497,  248,  444,  501,  792,  357,  284,  576,  326,  359,  475,  880,  900,  646,  634,  840,  913,    0,  588,   96,  580,  784,  280,  525,  506,  392,  638,  645,  250,  524,  964,  423,  370,  599,  825,  568,  913,  363,  787,  488,  568,  316,  377,  623,  644,  400,  875,  499,  727,  456,  377,  179,  692,   76,  576,  556,  369,   93,  396,  849],
        [ 1055,    0,  749,  205,  493,  356,  209,  566, 1295,  871,  977,  169,  873,  485,  983,  980,  611,  162,   68,  717,  844,  649,  355,  157,  930,  650,  158,  668,  371, 1014,  608,  835,  928,  116, 1213,  283,  318,  803,  914,  477,  856, 1144, 1274, 1033,  440,  677,  744,  588,    0,  683,   66, 1198,  837,  519,  144,  979,  937,  720,  703,   67, 1337,  969,  943,  444, 1022,  487,  968,  805, 1045,  467,  863,  603,  938,  429,  986,  515, 1178,  440,  546,  172,  357,  684, 1090,  517,  950,  965,  957,  565,  982, 1183],
        [  545,    0,  370,  600,  790,  611,  494,  292,  915,  220,  346,  697,  852,  224,  801,  501,  867,  584,  626,  459,  164,  692,  583,  566,  253,  401,  649,  931,  322,  824,  547,  153,  400,  596,  752,  449,  376,  595,  232,  427,  464,  875,  869,  621,  711,  905,  977,   96,  683,    0,  675,  746,  212,  590,  600,  297,  636,  688,  247,  619,  931,  352,  286,  675,  836,  638,  945,  343,  787,  558,  572,  355,  300,  701,  631,  461,  862,  573,  799,  550,  461,  170,  662,  168,  558,  530,  275,  149,  301,  829],
        [ 1017,    0,  709,  147,  427,  294,  230,  531, 1243,  852,  954,  104,  810,  466,  925,  941,  546,  113,   56,  670,  837,  586,  295,  118,  925,  606,   94,  603,  356,  956,  552,  827,  894,   81, 1169,  250,  326,  749,  904,  430,  813, 1088, 1224,  988,  374,  611,  679,  580,   66,  675,    0, 1153,  816,  459,   94,  971,  886,  659,  673,   97, 1287,  944,  925,  379,  963,  425,  904,  770,  989,  409,  813,  562,  917,  364,  937,  465, 1124,  380,  480,  134,  311,  660, 1044,  512,  905,  923,  947,  567,  975, 1131],
        [  206,    0,  457, 1013,  943,  901, 1093,  648,  195,  568,  468, 1105,  627,  782,  421,  247,  923, 1040, 1130,  484,  728,  695,  886, 1041,  742,  548, 1075,  953,  880,  412,  631,  711,  346, 1083,   21,  919, 1002,  443,  666,  723,  344,  312,  137,  166,  910,  908,  939,  784, 1198,  746, 1153,    0,  546,  744, 1060,  702,  300,  615,  545, 1155,  191,  444,  548,  874,  418,  806,  647,  427,  316,  774,  356,  597,  503,  910,  230,  691,  242,  807,  904, 1027,  843,  606,  109,  841,  248,  238,  664,  874,  724,  177],
        [  342,    0,  268,  713,  827,  679,  669,  317,  726,   53,  143,  815,  777,  353,  679,  310,  879,  712,  773,  383,  195,  668,  653,  699,  244,  357,  770,  937,  467,  696,  525,  175,  204,  736,  551,  570,  555,  498,  169,  467,  319,  717,  676,  441,  757,  903,  968,  280,  837,  212,  816,  546,    0,  603,  730,  240,  493,  638,  183,  777,  735,  143,  115,  716,  708,  664,  859,  201,  641,  590,  446,  342,  102,  749,  470,  479,  691,  614,  821,  683,  546,  160,  473,  353,  393,  352,  196,  358,  258,  650],
        [  657,    0,  374,  314,  228,  170,  516,  303,  803,  654,  704,  384,  368,  397,  466,  579,  280,  361,  459,  280,  728,  143,  165,  376,  811,  257,  368,  343,  387,  497,  113,  709,  575,  412,  762,  309,  496,  308,  754,  166,  438,  633,  792,  582,  172,  316,  388,  525,  519,  590,  459,  744,  603,    0,  376,  830,  453,  203,  420,  501,  852,  683,  715,  133,  504,   68,  468,  456,  536,   57,  388,  261,  684,  170,  515,  130,  675,   80,  218,  367,  213,  462,  637,  507,  504,  540,  791,  585,  844,  690],
        [  924,    0,  616,   66,  380,  218,  210,  440, 1152,  769,  867,  104,  735,  385,  840,  848,  499,   20,   83,  577,  764,  509,  214,   37,  852,  512,   58,  560,  279,  871,  464,  752,  802,   40, 1076,  161,  278,  659,  826,  337,  720, 1000, 1132,  895,  316,  563,  634,  506,  144,  600,   94, 1060,  730,  376,    0,  895,  795,  578,  582,  130, 1195,  856,  841,  312,  878,  349,  832,  678,  901,  323,  721,  469,  831,  304,  845,  373, 1034,  297,  428,   51,  217,  573,  951,  442,  812,  829,  869,  504,  901, 1040],
        [  503,    0,  508,  891, 1047,  884,  786,  531,  894,  188,  237,  990, 1015,  513,  907,  501, 1108,  878,  922,  622,  137,  904,  857,  861,   64,  593,  943, 1169,  617,  922,  759,  145,  402,  892,  701,  741,  667,  736,   76,  681,  547,  925,  838,  635,  973, 1137, 1203,  392,  979,  297,  971,  702,  240,  830,  895,    0,  717,  877,  415,  914,  891,  264,  162,  934,  933,  888, 1095,  437,  858,  810,  678,  571,  212,  965,  681,  702,  887,  831, 1047,  845,  740,  368,  655,  463,  606,  556,   45,  424,   23,  837],
        [  294,    0,  270,  742,  644,  617,  865,  436,  358,  537,  497,  827,  357,  588,  194,  241,  625,  776,  871,  230,  685,  395,  605,  782,  734,  307,  802,  658,  664,  206,  343,  665,  320,  823,  319,  671,  792,  146,  656,  464,  176,  243,  341,  156,  614,  614,  650,  638,  937,  636,  886,  300,  493,  453,  795,  717,    0,  316,  392,  903,  402,  468,  557,  580,  217,  513,  408,  299,  152,  489,   78,  367,  508,  615,   74,  423,  250,  522,  605,  769,  583,  468,  202,  675,  121,  179,  672,  729,  738,  246],
        [  581,    0,  372,  515,  337,  367,  712,  403,  636,  690,  704,  579,  177,  538,  273,  510,  310,  563,  661,  256,  799,   86,  365,  578,  872,  291,  567,  346,  560,  303,  153,  779,  543,  614,  634,  504,  679,  184,  804,  321,  379,  447,  636,  468,  324,  303,  350,  645,  720,  688,  659,  615,  638,  203,  578,  877,  316,    0,  467,  703,  690,  678,  737,  298,  309,  239,  279,  450,  357,  258,  277,  334,  696,  328,  388,  268,  499,  282,  293,  569,  405,  531,  516,  647,  406,  456,  834,  721,  894,  526],
        [  367,    0,  124,  555,  644,  504,  563,  146,  695,  235,  296,  657,  619,  242,  555,  301,  696,  563,  637,  221,  333,  489,  478,  555,  406,  179,  616,  755,  349,  578,  344,  313,  228,  594,  556,  424,  462,  352,  341,  289,  226,  633,  655,  400,  576,  722,  788,  250,  703,  247,  673,  545,  183,  420,  582,  415,  392,  467,    0,  649,  719,  281,  296,  535,  590,  482,  709,  119,  543,  409,  326,  160,  269,  568,  395,  297,  626,  434,  638,  539,  381,   77,  448,  298,  327,  311,  374,  342,  431,  600],
        [ 1006,    0,  702,  195,  505,  347,  143,  516, 1259,  810,  918,  193,  863,  425,  960,  932,  624,  142,   52,  679,  779,  637,  341,  126,  865,  608,  167,  684,  311,  991,  581,  770,  875,   91, 1170,  236,  252,  772,  850,  439,  812, 1116, 1236,  992,  444,  689,  759,  524,   67,  619,   97, 1155,  777,  501,  130,  914,  903,  703,  649,    0, 1299,  912,  882,  442,  999,  478,  961,  755, 1016,  446,  827,  558,  879,  432,  948,  482, 1146,  422,  555,  137,  321,  626, 1048,  452,  908,  920,  893,  499,  917, 1148],
        [  397,    0,  619, 1143, 1026, 1018, 1250,  808,   61,  759,  658, 1229,  652,  950,  443,  431,  986, 1176, 1270,  621,  919,  775, 1006, 1181,  932,  694, 1204, 1004, 1041,  421,  743,  901,  533, 1222,  191, 1065, 1166,  544,  857,  861,  503,  277,   65,  321, 1007,  959,  976,  964, 1337,  931, 1287,  191,  735,  852, 1195,  891,  402,  690,  719, 1299,    0,  634,  739,  975,  423,  909,  643,  602,  339,  890,  475,  749,  693, 1009,  352,  822,  203,  922,  981, 1167,  981,  785,  272, 1017,  400,  409,  853, 1055,  913,  164],
        [  241,    0,  315,  833,  911,  782,  808,  426,  634,  138,   30,  935,  794,  488,  660,  240,  948,  837,  905,  427,  290,  723,  757,  827,  300,  427,  893, 1002,  602,  673,  590,  275,  148,  865,  444,  696,  696,  514,  223,  568,  312,  663,  579,  373,  847,  964, 1023,  423,  969,  352,  944,  444,  143,  683,  856,  264,  468,  678,  281,  912,  634,    0,  106,  806,  684,  748,  864,  232,  602,  680,  441,  430,   61,  841,  424,  569,  624,  708,  897,  811,  661,  286,  391,  495,  351,  297,  223,  499,  286,  573],
        [  346,    0,  366,  826,  940,  794,  768,  432,  739,   73,   82,  928,  866,  460,  748,  340,  989,  823,  881,  482,  191,  772,  768,  809,  195,  465,  883, 1046,  573,  762,  632,  179,  240,  845,  549,  681,  652,  585,  119,  582,  390,  763,  684,  474,  871, 1011, 1073,  370,  943,  286,  925,  548,  115,  715,  841,  162,  557,  737,  296,  882,  739,  106,    0,  830,  774,  777,  942,  288,  696,  704,  521,  455,   50,  863,  520,  593,  726,  729,  932,  793,  661,  274,  495,  445,  445,  394,  120,  434,  184,  677],
        [  790,    0,  502,  247,  116,  100,  492,  404,  924,  766,  826,  288,  433,  462,  571,  711,  211,  302,  393,  413,  824,  217,  118,  324,  910,  384,  286,  278,  420,  601,  246,  806,  704,  352,  893,  307,  503,  435,  859,  254,  570,  744,  917,  713,   41,  267,  342,  599,  444,  675,  379,  874,  716,  133,  312,  934,  580,  298,  535,  442,  975,  806,  830,    0,  606,   68,  526,  583,  651,  127,  519,  378,  803,   37,  645,  238,  792,  104,  136,  320,  232,  567,  768,  566,  637,  673,  897,  643,  947,  812],
        [  491,    0,  466,  817,  633,  673,  989,  600,  364,  753,  713,  886,  230,  753,   40,  451,  575,  862,  960,  389,  898,  391,  669,  874,  950,  464,  872,  586,  808,   12,  420,  877,  536,  912,  438,  783,  935,  254,  872,  580,  390,  151,  382,  338,  631,  542,  554,  825, 1022,  836,  963,  418,  708,  504,  878,  933,  217,  309,  590,  999,  423,  684,  774,  606,    0,  547,  230,  510,  103,  555,  266,  524,  725,  636,  265,  529,  220,  583,  582,  863,  686,  666,  358,  851,  333,  390,  889,  914,  954,  270],
        [  724,    0,  441,  284,  163,  132,  511,  358,  859,  715,  769,  341,  386,  435,  510,  646,  230,  336,  432,  347,  782,  162,  137,  355,  866,  323,  332,  296,  409,  540,  179,  764,  642,  387,  825,  312,  506,  367,  812,  212,  504,  681,  850,  646,  106,  275,  350,  568,  487,  638,  425,  806,  664,   68,  349,  888,  513,  239,  482,  478,  909,  748,  777,   68,  547,    0,  484,  523,  587,   81,  451,  323,  747,  104,  577,  186,  727,   75,  161,  348,  223,  520,  700,  543,  569,  606,  849,  621,  901,  746],
        [  700,    0,  595,  767,  511,  615,  983,  671,  582,  908,  892,  813,  103,  813,  229,  648,  421,  819,  914,  489, 1038,  327,  620,  837, 1101,  546,  811,  410,  838,  236,  431, 1017,  717,  870,  667,  776,  956,  361, 1028,  599,  554,  367,  608,  552,  537,  370,  359,  913,  968,  945,  904,  647,  859,  468,  832, 1095,  408,  279,  709,  961,  643,  864,  942,  526,  230,  484,    0,  659,  332,  525,  423,  598,  896,  546,  472,  546,  442,  543,  454,  830,  678,  780,  581,  921,  528,  586, 1051,  993, 1115,  497],
        [  253,    0,   84,  643,  684,  570,  677,  240,  580,  250,  256,  744,  579,  358,  479,  184,  718,  658,  738,  197,  389,  492,  547,  653,  445,  200,  705,  771,  462,  498,  359,  368,  126,  694,  438,  523,  579,  299,  370,  359,  123,  534,  538,  284,  624,  733,  792,  363,  805,  343,  770,  427,  201,  456,  678,  437,  299,  450,  119,  755,  602,  232,  288,  583,  510,  523,  659,    0,  449,  459,  246,  217,  247,  619,  288,  351,  519,  489,  668,  637,  467,  184,  331,  416,  216,  194,  393,  455,  457,  488],
        [  397,    0,  420,  843,  692,  706,  991,  577,  282,  682,  631,  920,  320,  731,  109,  364,  648,  883,  980,  365,  834,  442,  698,  892,  879,  443,  900,  666,  798,   96,  438,  813,  457,  932,  336,  790,  927,  245,  800,  583,  326,  101,  291,  242,  679,  621,  641,  787, 1045,  787,  989,  316,  641,  536,  901,  858,  152,  357,  543, 1016,  339,  602,  696,  651,  103,  587,  332,  449,    0,  582,  220,  504,  647,  683,  178,  536,  142,  612,  645,  880,  697,  619,  258,  821,  252,  305,  814,  878,  879,  178],
