{
    "name": "random-74-28726",
    "comment": "size=74 seed=28726",
    "nodes": ["+0", "-0", "+1", "-1", "+2", "-2", "+3", "-3", "+4", "-4", "+5", "-5", "+6", "-6", "+7", "-7", "+8", "-8", "+9", "-9", "+10", "-10", "+11", "-11", "+12", "-12", "+13", "-13", "+14", "-14", "+15", "-15", "+16", "-16", "+17", "-17", "+18", "-18", "+19", "-19", "+20", "-20", "+21", "-21", "+22", "-22", "+23", "-23", "+24", "-24", "+25", "-25", "+26", "-26", "+27", "-27", "+28", "-28", "+29", "-29", "+30", "-30", "+31", "-31", "+32", "-32", "+33", "-33", "+34", "-34", "+35", "-35", "+36", "-36", "+37", "-37", "+38", "-38", "+39", "-39", "+40", "-40", "+41", "-41", "+42", "-42", "+43", "-43", "+44", "-44", "+45", "-45", "+46", "-46", "+47", "-47", "+48", "-48", "+49", "-49", "+50", "-50", "+51", "-51", "+52", "-52", "+53", "-53", "+54", "-54", "+55", "-55", "+56", "-56", "+57", "-57", "+58", "-58", "+59", "-59", "+60", "-60", "+61", "-61", "+62", "-62", "+63", "-63", "+64", "-64", "+65", "-65", "+66", "-66", "+67", "-67", "+68", "-68", "+69", "-69", "+70", "-70", "+71", "-71", "+72", "-72", "+73", "-73", "+74", "-74"],
    "precedence": {
        "+0": "-0",
        "+1": "-1",
        "+2": "-2",
        "+3": "-3",
        "+4": "-4",
        "+5": "-5",
        "+6": "-6",
        "+7": "-7",
        "+8": "-8",
        "+9": "-9",
        "+10": "-10",
        "+11": "-11",
        "+12": "-12",
        "+13": "-13",
        "+14": "-14",
        "+15": "-15",
        "+16": "-16",
        "+17": "-17",
        "+18": "-18",
        "+19": "-19",
        "+20": "-20",
        "+21": "-21",
        "+22": "-22",
        "+23": "-23",
        "+24": "-24",
        "+25": "-25",
        "+26": "-26",
        "+27": "-27",
        "+28": "-28",
        "+29": "-29",
        "+30": "-30",
        "+31": "-31",
        "+32": "-32",
        "+33": "-33",
        "+34": "-34",
        "+35": "-35",
        "+36": "-36",
        "+37": "-37",
        "+38": "-38",
        "+39": "-39",
        "+40": "-40",
        "+41": "-41",
        "+42": "-42",
        "+43": "-43",
        "+44": "-44",
        "+45": "-45",
        "+46": "-46",
        "+47": "-47",
        "+48": "-48",
        "+49": "-49",
        "+50": "-50",
        "+51": "-51",
        "+52": "-52",
        "+53": "-53",
        "+54": "-54",
        "+55": "-55",
        "+56": "-56",
        "+57": "-57",
        "+58": "-58",
        "+59": "-59",
        "+60": "-60",
        "+61": "-61",
        "+62": "-62",
        "+63": "-63",
        "+64": "-64",
        "+65": "-65",
        "+66": "-66",
        "+67": "-67",
        "+68": "-68",
        "+69": "-69",
        "+70": "-70",
        "+71": "-71",
        "+72": "-72",
        "+73": "-73",
        "+74": "-74"
    },
    "edges": [
        [    0,    0,  399,  132,  696,  807,  698,  466,  142,  565,  777,  226,  307,  755,  475,  876,  582,  235,  257,  325,  539,  779,  415,  560,   22,  810,  253,  273,  766,  802,  369,   99,  862,  301,  403,  391,  445,  300,  652,  461,  406,  661,  412,  501,  868,   64,  558,  240,  686,  158,  490,  358,  136,  207,  535,  371,  737,  927,  982,   49,  738,  298,  597,  335,  441,  388,  114,   95,  519,  691,  840,   82,  831,  573,  473,  372,  305,  416,  507,  539,  628,  429,  415,  602,  625,  767,   48,  736,  626,  497,  400,  789,  811, 1048,  318,  790,  443,  896,  674,  519,  530,  352,  649,  820,  428,  658,  363,  949,  437,  435,  116,  486,  192,  213,  831,  643,  271,  480,  121,  545,  633,  478,  181,  437,  249,  419,  521,  390,  113,  110,  452,  646,  697,  400,   89,  839,  813,  733,  228,  562,  858,  735,  534,  430,  431,  614,  633,  797,  272,  367],
        [    0,    0,    0,    0,    0,    0,    0,    0,    0,    0,    0,    0,    0,    0,    0,    0,    0,    0,    0,    0,    0,    0,    0,    0,    0,    0,    0,    0,    0,    0,    0,    0,    0,    0,    0,    0,    0,    0,    0,    0,    0,    0,    0,    0,    0,    0,    0,    0,    0,    0,    0,    0,    0,    0,    0,    0,    0,    0,    0,    0,    0,    0,    0,    0,    0,    0,    0,    0,    0,    0,    0,    0,    0,    0,    0,    0,    0,    0,    0,    0,    0,    0,    0,    0,    0,    0,    0,    0,    0,    0,    0,    0,    0,    0,    0,    0,    0,    0,    0,    0,    0,    0,    0,    0,    0,    0,    0,    0,    0,    0,    0,    0,    0,    0,    0,    0,    0,    0,    0,    0,    0,    0,    0,    0,    0,    0,    0,    0,    0,    0,    0,    0,    0,    0,    0,    0,    0,    0,    0,    0,    0,    0,    0,    0,    0,    0,    0,    0,    0,    0],
        [  399,    0,    0,  412,  311,  409,  506,   98,  455,  422,  388,  321,  151,  357,  173,  527,  693,  429,  469,   90,  632,  443,   93,  311,  414,  455,  526,  560,  396,  414,  311,  459,  561,  614,  664,  287,  205,  182,  309,   71,   94,  278,  268,  372,  474,  416,  646,  513,  324,  309,  596,  313,  467,  409,  471,   53,  403,  534,  608,  369,  344,  112,  213,  200,  368,  668,  295,  308,  588,  296,  460,  480,  439,  413,  505,  425,  510,  267,  194,  350,  378,  488,  193,  221,  389,  387,  444,  361,  244,  133,  268,  395,  526,  694,  258,  445,   45,  523,  433,  540,  133,  152,  416,  482,   52,  277,  583,  568,  585,  296,  286,  301,  395,  302,  457,  284,  422,  418,  415,  444,  441,  232,  336,  523,  564,  540,  439,  641,  452,  336,  380,  382,  426,  468,  390,  449,  415,  335,  518,  665,  496,  370,  216,   54,  441,  284,  317,  525,  360,  543],
        [  132,    0,  412,    0,  677,  806,  604,  454,   45,  468,  799,  338,  283,  762,  438,  829,  713,  364,  126,  325,  669,  833,  455,  493,  119,  768,  383,  164,  803,  784,  279,   79,  930,  209,  290,  309,  512,  263,  700,  461,  388,  688,  338,  408,  883,   73,  688,  121,  727,  264,  620,  266,  265,   79,  647,  371,  688,  945, 1017,  170,  730,  334,  583,  284,  341,  281,  197,  140,  647,  685,  812,  165,  815,  480,  348,  493,  174,  503,  469,  627,  556,  554,  365,  631,  548,  797,  158,  770,  608,  479,  488,  806,  739, 1096,  246,  743,  453,  932,  595,  642,  543,  318,  570,  769,  426,  687,  237,  979,  568,  354,  151,  410,  319,  137,  800,  611,  398,  372,  252,  441,  543,  547,   93,  564,  156,  287,  414,  273,  242,   81,  558,  576,  771,  274,   47,  822,  820,  735,  357,  693,  901,  775,  587,  428,  312,  666,  583,  722,  390,  498],
        [  696,    0,  311,  677,    0,  155,  426,  231,  721,  433,  250,  628,  397,  155,  246,  242,  965,  736,  693,  372,  903,  429,  352,  283,  708,  172,  836,  797,  324,  107,  463,  740,  568,  857,  874,  424,  435,  415,  349,  241,  292,  238,  389,  425,  276,  701,  914,  753,  314,  619,  875,  473,  776,  648,  703,  327,  173,  334,  462,  672,   73,  423,  100,  399,  471,  887,  601,  602,  856,   66,  150,  777,  138,  412,  619,  710,  720,  519,  219,  543,  295,  765,  325,  242,  317,  287,  743,  293,   71,  201,  528,  229,  328,  584,  451,  181,  269,  400,  330,  797,  207,  360,  332,  220,  271,  248,  785,  411,  875,  396,  580,  354,  705,  545,  149,   91,  726,  501,  725,  481,  392,  441,  588,  804,  813,  698,  495,  849,  760,  614,  630,  277,  515,  619,  668,  145,  198,  121,  828,  936,  409,  327,  363,  269,  566,  363,  180,  344,  661,  842],
        [  807,    0,  409,  806,  155,    0,  571,  352,  850,  588,  145,  703,  524,   67,  390,  301,  990,  810,  834,  486,  930,  344,  419,  437,  821,  254,  914,  936,  233,  106,  611,  862,  475,  994, 1019,  573,  470,  547,  313,  348,  419,  209,  539,  580,  128,  821,  938,  890,  262,  709,  909,  621,  870,  785,  711,  439,  298,  182,  318,  777,   84,  516,  228,  537,  624, 1031,  703,  715,  882,  122,  166,  889,   91,  566,  773,  755,  864,  555,  366,  543,  446,  802,  470,  249,  468,  191,  852,  216,  210,  330,  568,  113,  443,  445,  593,  281,  365,  269,  475,  816,  280,  494,  480,  312,  383,  219,  931,  266,  919,  548,  693,  507,  785,  679,  185,  246,  792,  656,  818,  636,  543,  464,  720,  842,  949,  849,  650,  995,  857,  737,  655,  426,  466,  770,  791,  103,   56,   76,  910,  962,  292,  251,  376,  381,  719,  342,  333,  466,  726,  898],
        [  698,    0,  506,  604,  426,  571,    0,  422,  637,  137,  674,  766,  442,  581,  334,  370, 1175,  857,  539,  481, 1117,  837,  596,  196,  697,  355,  927,  638,  741,  479,  329,  683,  976,  694,  652,  309,  708,  429,  730,  462,  415,  634,  293,  198,  697,  665, 1133,  609,  711,  717, 1076,  342,  825,  535,  975,  471,  279,  752,  886,  703,  497,  572,  418,  385,  264,  678,  659,  621, 1077,  487,  452,  761,  510,  125,  335,  907,  536,  771,  320,  850,  141,  974,  331,  611,  122,  707,  741,  707,  409,  397,  771,  655,  195, 1010,  383,  318,  496,  826,   97, 1037,  517,  399,  100,  312,  458,  642,  569,  835, 1049,  266,  605,  225,  812,  486,  429,  343,  868,  242,  787,  175,   69,  732,  522, 1004,  672,  444,  204,  628,  803,  588,  882,  152,  887,  384,  625,  507,  620,  546,  908, 1148,  833,  737,  689,  457,  322,  727,  251,  165,  819,  994],
        [  466,    0,   98,  454,  231,  352,  422,    0,  499,  355,  365,  416,  172,  311,   91,  433,  790,  522,  487,  142,  730,  464,  179,  226,  478,  361,  617,  587,  394,  337,  287,  512,  593,  645,  678,  254,  289,  196,  337,   41,   67,  272,  227,  314,  438,  473,  743,  541,  336,  396,  694,  294,  549,  435,  562,   98,  306,  500,  594,  442,  277,  203,  132,  192,  327,  686,  372,  372,  685,  231,  376,  547,  366,  342,  475,  523,  522,  359,  102,  429,  288,  586,  145,  226,  302,  376,  513,  358,  161,   36,  362,  364,  429,  694,  252,  349,   76,  514,  343,  636,  119,  145,  328,  386,   48,  275,  592,  549,  682,  248,  350,  236,  486,  328,  370,  189,  518,  373,  499,  385,  361,  311,  369,  621,  598,  528,  385,  654,  532,  387,  473,  289,  478,  451,  441,  374,  370,  283,  607,  762,  497,  376,  272,   46,  413,  322,  219,  429,  457,  640],
        [  142,    0,  455,   45,  721,  850,  637,  499,    0,  500,  843,  361,  327,  806,  481,  871,  720,  376,  128,  369,  679,  873,  497,  533,  124,  810,  381,  134,  845,  828,  316,   57,  968,  172,  263,  348,  549,  307,  741,  505,  433,  731,  377,  441,  927,   79,  699,   99,  769,  289,  630,  302,  263,  102,  672,  415,  730,  988, 1060,  186,  774,  375,  627,  327,  374,  251,  226,  173,  660,  729,  856,  150,  859,  514,  365,  512,  170,  536,  513,  660,  594,  570,  408,  673,  586,  840,  154,  812,  652,  523,  521,  849,  777, 1138,  287,  785,  497,  974,  632,  660,  586,  362,  607,  810,  470,  730,  222, 1022,  575,  392,  188,  449,  333,  179,  844,  655,  412,  401,  260,  470,  577,  584,  135,  578,  118,  292,  443,  250,  243,  122,  585,  615,  808,  291,   74,  866,  864,  779,  355,  702,  943,  817,  627,  472,  336,  706,  625,  759,  410,  504],
        [  565,    0,  422,  468,  433,  588,  137,  355,  500,    0,  666,  650,  330,  582,  265,  451, 1063,  735,  404,  379, 1006,  806,  515,  153,  563,  416,  799,  504,  720,  511,  196,  546,  940,  561,  528,  181,  626,  311,  686,  395,  329,  604,  173,   65,  708,  529, 1023,  474,  677,  595,  963,  207,  694,  399,  882,  379,  329,  767,  891,  572,  506,  470,  393,  268,  127,  552,  534,  492,  969,  484,  501,  626,  544,   24,  218,  797,  403,  680,  264,  771,  153,  865,  232,  569,  133,  692,  607,  684,  395,  340,  677,  653,  303, 1007,  254,  380,  424,  822,  159,  934,  466,  293,  137,  387,  381,  610,  442,  841,  932,  144,  476,  122,  688,  352,  480,  343,  749,  110,  658,   53,   84,  654,  387,  893,  538,  322,   77,  504,  671,  455,  787,  178,  832,  255,  489,  544,  630,  547,  779, 1037,  819,  710,  626,  380,  192,  675,  257,  278,  705,  874],
        [  777,    0,  388,  799,  250,  145,  674,  365,  843,  666,    0,  638,  527,   99,  430,  442,  879,  739,  848,  476,  821,  200,  365,  514,  794,  389,  846,  944,   89,  245,  649,  845,  332, 1000, 1041,  613,  384,  555,  189,  345,  429,  118,  582,  645,   99,  801,  827,  897,  134,  657,  804,  656,  819,  792,  594,  431,  418,  151,  231,  740,  186,  480,  274,  556,  677, 1048,  666,  690,  772,  188,  308,  857,  235,  646,  828,  662,  885,  463,  415,  427,  539,  701,  504,  176,  561,   47,  819,   77,  272,  356,  478,   33,  570,  342,  616,  411,  347,  156,  578,  704,  258,  508,  578,  446,  379,  124,  956,  185,  823,  598,  669,  568,  722,  684,  326,  332,  716,  716,  767,  709,  635,  369,  721,  741,  950,  890,  718, 1017,  809,  723,  550,  523,  328,  812,  776,  247,   95,  130,  846,  851,  160,  111,  281,  378,  769,  225,  424,  590,  651,  810],
        [  226,    0,  321,  338,  628,  703,  766,  416,  361,  650,  638,    0,  325,  642,  467,  847,  415,  108,  457,  296,  361,  595,  285,  590,  247,  776,  211,  495,  606,  727,  469,  324,  659,  527,  624,  472,  262,  340,  480,  392,  379,  521,  477,  587,  735,  285,  379,  457,  525,   74,  315,  461,  193,  395,  311,  325,  720,  788,  817,  178,  651,  214,  532,  383,  546,  611,  146,  206,  328,  603,  778,  278,  749,  650,  627,  161,  507,  208,  496,  324,  662,  227,  440,  466,  667,  617,  244,  582,  563,  451,  190,  657,  830,  865,  402,  765,  360,  732,  715,  311,  429,  369,  693,  801,  369,  515,  573,  791,  284,  507,  207,  542,   85,  340,  776,  604,  104,  595,  146,  648,  698,  289,  335,  248,  474,  602,  631,  609,  191,  272,  227,  672,  491,  561,  292,  760,  695,  629,  209,  390,  687,  572,  364,  371,  572,  440,  626,  825,   58,  230],
        [  307,    0,  151,  283,  397,  524,  442,  172,  327,  330,  527,  325,    0,  482,  168,  570,  735,  419,  322,   66,  677,  593,  228,  270,  316,  503,  498,  418,  543,  504,  175,  343,  709,  475,  516,  162,  325,   32,  459,  183,  106,  423,  158,  269,  606,  305,  694,  371,  474,  279,  635,  173,  410,  266,  559,  100,  431,  668,  752,  293,  448,  145,  301,   65,  244,  522,  232,  214,  639,  403,  536,  387,  534,  328,  366,  468,  361,  362,  201,  468,  342,  535,  118,  368,  344,  531,  355,  508,  327,  197,  356,  530,  518,  843,  112,  483,  184,  669,  394,  605,  270,   48,  371,  514,  148,  423,  434,  710,  608,  188,  193,  218,  375,  158,  527,  338,  427,  295,  365,  337,  374,  358,  197,  564,  427,  391,  324,  493,  390,  218,  462,  355,  569,  322,  271,  541,  540,  454,  482,  708,  644,  519,  361,  150,  302,  432,  328,  509,  378,  553],
        [  755,    0,  357,  762,  155,   67,  581,  311,  806,  582,   99,  642,  482,    0,  361,  347,  924,  748,  797,  439,  864,  293,  359,  429,  770,  291,  853,  897,  182,  151,  584,  814,  429,  955,  987,  547,  405,  507,  249,  301,  378,  143,  514,  567,  131,  772,  872,  851,  200,  651,  843,  593,  813,  746,  645,  392,  320,  193,  310,  723,   88,  461,  199,  501,  604,  996,  649,  664,  816,   98,  216,  837,  148,  561,  755,  690,  831,  490,  342,  477,  448,  736,  440,  184,  470,  141,  800,  159,  189,  294,  503,   75,  472,  430,  559,  313,  313,  246,  484,  750,  225,  455,  486,  348,  336,  153,  899,  260,  854,  526,  643,  491,  725,  638,  232,  242,  729,  640,  760,  627,  545,  399,  678,  776,  908,  825,  638,  963,  800,  690,  589,  431,  406,  746,  744,  160,   59,   35,  850,  896,  258,  195,  310,  334,  698,  277,  333,  492,  663,  834],
        [  475,    0,  173,  438,  246,  390,  334,   91,  481,  265,  430,  467,  168,  361,    0,  402,  859,  569,  447,  172,  799,  547,  262,  139,  484,  336,  656,  552,  470,  350,  223,  505,  679,  612,  630,  186,  374,  179,  423,  131,   89,  350,  153,  227,  491,  470,  813,  508,  418,  434,  761,  232,  575,  404,  643,  146,  264,  554,  660,  460,  308,  256,  163,  155,  249,  643,  396,  382,  756,  269,  375,  554,  382,  252,  400,  589,  476,  439,   33,  516,  206,  655,   81,  309,  217,  447,  523,  433,  181,   78,  440,  423,  364,  767,  206,  315,  163,  583,  261,  711,  203,  124,  244,  347,  124,  354,  542,  613,  743,  169,  361,  148,  529,  303,  363,  174,  570,  291,  528,  297,  272,  398,  347,  688,  569,  464,  299,  606,  556,  382,  552,  211,  568,  385,  434,  388,  418,  329,  643,  831,  572,  455,  362,  123,  340,  411,  163,  360,  513,  695],
        [  876,    0,  527,  829,  242,  301,  370,  433,  871,  451,  442,  847,  570,  347,  402,    0, 1202,  954,  811,  566, 1141,  640,  584,  345,  884,   73, 1049,  917,  528,  198,  568,  900,  773,  977,  966,  531,  674,  578,  581,  457,  479,  469,  498,  477,  417,  868, 1152,  878,  539,  827, 1110,  581,  975,  781,  944,  527,  142,  455,  600,  861,  269,  635,  323,  547,  542,  987,  796,  784, 1094,  298,  136,  955,  211,  427,  667,  943,  825,  758,  370,  784,  303, 1001,  466,  482,  320,  487,  924,  505,  292,  397,  765,  412,  186,  730,  585,   87,  491,  564,  295, 1036,  444,  525,  314,   64,  479,  479,  878,  550, 1106,  490,  762,  434,  918,  693,  116,  244,  949,  551,  926,  503,  376,  681,  737, 1039,  943,  767,  527,  942,  956,  780,  869,  278,  746,  693,  830,  201,  356,  325, 1037, 1174,  592,  541,  605,  477,  631,  599,  247,  216,  886, 1069],
        [  582,    0,  693,  713,  965,  990, 1175,  790,  720, 1063,  879,  415,  735,  924,  859, 1202,    0,  350,  838,  696,   62,  745,  621,  991,  598, 1130,  350,  844,  813, 1046,  883,  668,  728,  856,  970,  886,  531,  752,  691,  757,  771,  782,  890, 1000,  974,  644,   53,  817,  746,  478,  100,  876,  461,  783,  288,  714, 1091, 1009,  978,  545,  963,  605,  881,  795,  961,  948,  549,  605,  109,  921, 1107,  585, 1059, 1062, 1035,  270,  886,  446,  884,  453, 1062,  205,  845,  744, 1069,  842,  569,  805,  911,  824,  438,  908, 1218,  971,  816, 1127,  720,  908, 1117,  176,  759,  776, 1096, 1166,  744,  772,  942,  973,  146,  920,  612,  952,  397,  749, 1111,  966,  323, 1009,  461, 1063, 1107,  529,  736,  172,  811,  996, 1045,  962,  480,  666,  337, 1069,  593,  966,  668, 1071,  962,  924,  377,   29,  853,  779,  615,  746,  982,  655, 1009, 1217,  359,  216],
        [  235,    0,  429,  364,  736,  810,  857,  522,  376,  735,  739,  108,  419,  748,  569,  954,  350,    0,  489,  397,  305,  682,  392,  687,  253,  883,  107,  505,  702,  835,  546,  327,  731,  525,  633,  555,  358,  429,  575,  500,  482,  624,  565,  671,  837,  298,  325,  474,  622,  141,  256,  537,  138,  434,  331,  430,  826,  888,  909,  195,  758,  320,  640,  472,  624,  616,  204,  257,  285,  711,  886,  256,  857,  738,  687,  155,  538,  291,  599,  391,  759,  200,  536,  570,  762,  716,  230,  680,  671,  558,  273,  760,  931,  949,  482,  871,  468,  825,  812,  291,  537,  465,  789,  907,  476,  617,  597,  886,  207,  593,  266,  633,   48,  403,  884,  711,   43,  670,  117,  728,  789,  380,  388,  203,  476,  646,  708,  623,  149,  316,  270,  771,  565,  617,  319,  867,  799,  735,  111,  330,  778,  668,  462,  477,  637,  533,  730,  924,   92,  141],
        [  257,    0,  469,  126,  693,  834,  539,  487,  128,  404,  848,  457,  322,  797,  447,  811,  838,  489,    0,  379,  794,  907,  530,  466,  243,  756,  506,  107,  863,  796,  243,  184, 1014,  168,  196,  281,  603,  294,  772,  504,  421,  744,  315,  352,  924,  197,  813,   70,  792,  383,  745,  230,  387,   66,  763,  420,  671,  987, 1073,  295,  753,  414,  606,  297,  281,  200,  313,  252,  771,  712,  815,  277,  829,  421,  242,  615,   51,  606,  475,  728,  519,  677,  368,  689,  507,  853,  279,  828,  627,  504,  593,  850,  696, 1162,  242,  727,  505,  990,  549,  765,  591,  343,  524,  748,  469,  744,  122, 1031,  693,  322,  257,  378,  444,  168,  800,  616,  523,  298,  378,  366,  485,  638,  140,  689,  135,  165,  338,  174,  366,  187,  672,  542,  861,  170,  171,  834,  856,  768,  480,  818,  964,  838,  665,  471,  223,  742,  569,  675,  511,  624],
        [  325,    0,   90,  325,  372,  486,  481,  142,  369,  379,  476,  296,   66,  439,  172,  566,  696,  397,  379,    0,  637,  531,  162,  296,  338,  496,  485,  470,  485,  478,  238,  377,  645,  525,  574,  221,  261,   97,  396,  139,   87,  367,  211,  322,  559,  335,  652,  423,  414,  264,  596,  238,  410,  320,  504,   47,  432,  620,  697,  301,  415,   92,  273,  126,  304,  578,  232,  231,  596,  368,  517,  407,  506,  374,  431,  426,  420,  304,  202,  406,  368,  493,  151,  311,  375,  476,  372,  451,  302,  174,  299,  481,  535,  784,  177,  480,  129,  613,  423,  557,  218,   87,  402,  515,  104,  367,  494,  657,  575,  241,  209,  261,  357,  212,  510,  325,  400,  355,  361,  391,  414,  294,  247,  524,  475,  456,  381,  552,  393,  252,  408,  378,  504,  387,  306,  514,  497,  414,  473,  668,  586,  460,  297,  106,  367,  369,  334,  529,  344,  525],
        [  539,    0,  632,  669,  903,  930, 1117,  730,  679, 1006,  821,  361,  677,  864,  799, 1141,   62,  305,  794,  637,    0,  691,  559,  931,  556, 1069,  320,  806,  756,  985,  829,  629,  680,  820,  933,  830,  470,  696,  633,  696,  711,  722,  833,  944,  916,  601,   21,  776,  687,  426,   50,  822,  424,  737,  233,  654, 1030,  952,  926,  500,  902,  546,  820,  739,  906,  913,  498,  556,   49,  860, 1046,  548,  998, 1005,  984,  211,  842,  384,  823,  395, 1002,  145,  787,  683, 1010,  784,  530,  747,  849,  763,  376,  849, 1158,  923,  761, 1066,  659,  854, 1057,  119,  698,  718, 1037, 1105,  684,  713,  901,  919,  112,  863,  561,  894,  351,  698, 1050,  905,  273,  955,  419, 1007, 1049,  468,  687,  114,  774,  950,  990,  924,  442,  618,  277, 1009,  540,  916,  623, 1011,  903,  863,  346,   33,  799,  722,  555,  685,  931,  596,  948, 1156,  304,  181],
        [  779,    0,  443,  833,  429,  344,  837,  464,  873,  806,  200,  595,  593,  293,  547,  640,  745,  682,  907,  531,  691,    0,  379,  659,  799,  583,  786,  991,  112,  443,  746,  863,  140, 1041, 1102,  715,  337,  624,  135,  430,  515,  204,  690,  773,  264,  817,  693,  944,  130,  636,  685,  750,  787,  845,  459,  495,  602,  279,  237,  736,  376,  499,  421,  639,  790, 1103,  666,  705,  644,  364,  507,  853,  435,  789,  937,  571,  950,  392,  543,  307,  698,  593,  608,  239,  718,  154,  814,  137,  430,  469,  409,  232,  756,  270,  698,  603,  415,  164,  743,  573,  346,  589,  739,  639,  458,  197, 1024,  229,  717,  711,  688,  695,  677,  740,  524,  499,  649,  836,  738,  843,  790,  308,  770,  632,  989,  981,  846, 1081,  783,  753,  443,  686,  155,  907,  801,  447,  293,  318,  792,  719,  108,  103,  247,  457,  874,  168,  588,  773,  590,  720],
        [  415,    0,   93,  455,  352,  419,  596,  179,  497,  515,  365,  285,  228,  359,  262,  584,  621,  392,  530,  162,  559,  379,    0,  401,  433,  512,  496,  612,  352,  446,  397,  490,  486,  663,  725,  376,  112,  259,  245,  141,  187,  248,  360,  465,  459,  445,  572,  566,  273,  294,  527,  398,  456,  467,  384,  141,  471,  515,  568,  377,  367,  122,  262,  285,  458,  725,  303,  333,  514,  320,  500,  494,  466,  506,  591,  360,  574,  182,  280,  257,  466,  418,  285,  189,  478,  353,  456,  321,  292,  210,  186,  379,  604,  641,  339,  507,  104,  482,  521,  461,  147,  240,  505,  546,  139,  243,  648,  534,  523,  388,  314,  394,  367,  364,  501,  346,  377,  509,  404,  536,  533,  139,  392,  455,  611,  617,  531,  704,  445,  376,  296,  467,  342,  549,  426,  477,  412,  344,  492,  592,  447,  322,  137,  140,  527,  213,  394,  606,  312,  491],
        [  560,    0,  311,  493,  283,  437,  196,  226,  533,  153,  514,  590,  270,  429,  139,  345,  991,  687,  466,  296,  931,  659,  401,    0,  564,  294,  767,  573,  570,  367,  224,  568,  795,  633,  625,  188,  512,  265,  543,  267,  223,  456,  156,  146,  556,  540,  947,  534,  530,  549,  892,  237,  675,  440,  781,  279,  207,  616,  738,  554,  355,  386,  242,  226,  202,  644,  500,  473,  890,  331,  367,  632,  401,  133,  343,  721,  481,  577,  125,  654,   73,  788,  152,  425,   79,  540,  606,  534,  243,  203,  578,  500,  252,  855,  248,  263,  301,  669,  127,  847,  326,  223,  106,  282,  262,  462,  536,  688,  870,  145,  453,   89,  644,  359,  348,  192,  693,  223,  631,  199,  136,  536,  402,  819,  599,  432,  213,  600,  654,  455,  690,   87,  696,  355,  501,  402,  478,  394,  750,  963,  667,  561,  495,  261,  296,  537,  113,  240,  640,  819],
        [   22,    0,  414,  119,  708,  821,  697,  478,  124,  563,  794,  247,  316,  770,  484,  884,  598,  253,  243,  338,  556,  799,  433,  564,    0,  819,  264,  254,  784,  814,  368,   78,  882,  281,  383,  391,  465,  307,  670,  475,  417,  678,  414,  500,  884,   47,  576,  222,  705,  179,  507,  356,  146,  196,  556,  384,  745,  943, 1000,   70,  752,  315,  609,  341,  439,  368,  133,  107,  537,  705,  851,   71,  843,  573,  463,  392,  289,  437,  516,  560,  632,  448,  421,  619,  628,  785,   44,  754,  638,  508,  421,  805,  815, 1067,  320,  798,  458,  914,  676,  538,  546,  360,  651,  827,  441,  675,  345,  966,  453,  436,  129,  488,  211,  212,  842,  653,  289,  476,  137,  542,  633,  498,  177,  455,  229,  406,  517,  371,  124,  111,  473,  650,  718,  390,   79,  851,  828,  748,  239,  579,  877,  753,  553,  443,  423,  633,  640,  800,  292,  382],
        [  810,    0,  455,  768,  172,  254,  355,  361,  810,  416,  389,  776,  503,  291,  336,   73, 1130,  883,  756,  496, 1069,  583,  512,  294,  819,    0,  978,  863,  473,  149,  514,  838,  719,  923,  919,  476,  602,  513,  517,  385,  410,  404,  442,  433,  377,  804, 1080,  823,  477,  757, 1038,  527,  906,  724,  873,  457,   88,  422,  565,  793,  208,  564,  250,  485,  495,  937,  727,  717, 1022,  231,  102,  889,  171,  392,  629,  871,  774,  685,  303,  714,  263,  929,  404,  414,  284,  432,  858,  447,  220,  326,  693,  360,  195,  694,  525,   37,  418,  522,  269,  965,  372,  459,  284,   58,  408,  415,  829,  514, 1034,  437,  695,  382,  847,  632,   78,  173,  877,  510,  857,  469,  348,  610,  676,  966,  887,  724,  490,  894,  888,  716,  798,  239,  682,  648,  767,  164,  309,  266,  967, 1101,  544,  483,  535,  406,  587,  533,  188,  221,  814,  997],
        [  253,    0,  526,  383,  836,  914,  927,  617,  381,  799,  846,  211,  498,  853,  656, 1049,  350,  107,  506,  485,  320,  786,  496,  767,  264,  978,    0,  498,  809,  936,  605,  327,  830,  507,  622,  620,  465,  503,  681,  597,  572,  730,  634,  735,  943,  310,  340,  475,  728,  222,  273,  595,  119,  459,  409,  522,  917,  995, 1015,  230,  861,  415,  738,  545,  681,  600,  269,  308,  315,  813,  985,  238,  959,  804,  724,  236,  551,  396,  687,  491,  838,  259,  615,  676,  839,  823,  228,  787,  769,  652,  378,  866, 1015, 1051,  545,  964,  567,  931,  889,  344,  639,  545,  865,  999,  571,  723,  600,  992,  209,  661,  323,  706,  132,  453,  982,  806,  137,  724,  142,  786,  859,  486,  428,  245,  463,  669,  764,  615,  141,  355,  362,  852,  664,  652,  341,  969,  905,  840,   28,  336,  884,  774,  568,  573,  680,  639,  818, 1006,  198,  140],
        [  273,    0,  560,  164,  797,  936,  638,  587,  134,  504,  944,  495,  418,  897,  552,  917,  844,  505,  107,  470,  806,  991,  612,  573,  254,  863,  498,    0,  954,  901,  350,  178, 1091,   61,  130,  388,  675,  391,  857,  600,  520,  837,  422,  455, 1023,  212,  826,   47,  880,  423,  756,  337,  384,  152,  805,  514,  778, 1085, 1167,  319,  856,  493,  709,  400,  385,  118,  359,  303,  789,  814,  921,  261,  934,  522,  322,  645,  103,  666,  580,  790,  624,  701,  473,  780,  612,  946,  277,  920,  731,  606,  652,  947,  800, 1251,  346,  834,  598, 1082,  653,  792,  686,  443,  628,  854,  565,  836,  110, 1126,  699,  428,  315,  484,  464,  260,  906,  722,  543,  396,  388,  463,  586,  710,  224,  707,   44,  223,  435,  119,  365,  244,  719,  647,  934,  257,  206,  939,  956,  868,  471,  827, 1054,  928,  746,  567,  317,  824,  676,  778,  544,  628],
        [  766,    0,  396,  803,  324,  233,  741,  394,  845,  720,   89,  606,  543,  182,  470,  528,  813,  702,  863,  485,  756,  112,  352,  570,  784,  473,  809,  954,    0,  331,  681,  842,  247, 1008, 1058,  648,  345,  573,  130,  367,  453,  123,  619,  693,  165,  797,  760,  907,   82,  635,  743,  687,  794,  804,  526,  444,  495,  197,  217,  726,  266,  473,  328,  581,  718, 1063,  653,  684,  708,  259,  396,  844,  323,  702,  868,  611,  904,  416,  461,  361,  603,  643,  539,  175,  624,   42,  805,   37,  333,  393,  433,  121,  649,  301,  641,  494,  360,  130,  645,  638,  278,  531,  643,  529,  398,  120,  976,  185,  767,  638,  665,  615,  690,  697,  413,  399,  675,  760,  742,  760,  697,  323,  731,  683,  957,  921,  766, 1036,  786,  724,  491,  589,  244,  845,  776,  335,  183,  209,  811,  785,  103,   36,  242,  397,  806,  171,  490,  667,  612,  761],
        [  802,    0,  414,  784,  107,  106,  479,  337,  828,  511,  245,  727,  504,  151,  350,  198, 1046,  835,  796,  478,  985,  443,  446,  367,  814,  149,  936,  901,  331,    0,  563,  846,  576,  961,  974,  523,  517,  522,  393,  345,  399,  282,  488,  512,  230,  808,  995,  857,  347,  722,  960,  573,  880,  753,  775,  433,  201,  278,  419,  778,   84,  525,  206,  504,  563,  989,  706,  709,  937,  127,   67,  884,   35,  488,  709,  799,  822,  603,  321,  610,  362,  851,  429,  306,  385,  290,  849,  309,  177,  308,  614,  215,  340,  547,  555,  177,  371,  374,  385,  875,  300,  467,  393,  207,  377,  292,  885,  367,  964,  492,  686,  445,  805,  651,   82,  183,  822,  589,  828,  561,  457,  518,  694,  890,  918,  793,  578,  949,  864,  721,  710,  340,  554,  714,  775,   38,  161,  133,  929, 1017,  397,  345,  434,  375,  659,  416,  255,  364,  757,  935],
        [  369,    0,  311,  279,  463,  611,  329,  287,  316,  196,  649,  469,  175,  584,  223,  568,  883,  546,  243,  238,  829,  746,  397,  224,  368,  514,  605,  350,  681,  563,    0,  357,  869,  410,  412,   40,  499,  146,  614,  317,  231,  559,   75,  132,  714,  336,  846,  310,  620,  409,  784,   14,  499,  218,  729,  259,  429,  776,  879,  378,  529,  317,  386,  113,   78,  427,  343,  298,  794,  492,  576,  432,  596,  205,  195,  623,  261,  535,  246,  642,  280,  691,  146,  511,  271,  662,  412,  645,  402,  294,  529,  645,  462,  981,   69,  485,  332,  800,  317,  766,  404,  160,  292,  506,  289,  562,  323,  833,  748,   80,  284,  136,  499,  157,  560,  381,  564,  127,  464,  182,  266,  531,  194,  715,  375,  242,  163,  387,  476,  259,  632,  302,  737,  165,  296,  600,  641,  552,  585,  858,  784,  662,  527,  289,  131,  593,  328,  444,  525,  687],
        [   99,    0,  459,   79,  740,  862,  683,  512,   57,  546,  845,  324,  343,  814,  505,  900,  668,  327,  184,  377,  629,  863,  490,  568,   78,  838,  327,  178,  842,  846,  357,    0,  951,  203,  307,  386,  532,  327,  732,  515,  448,  731,  413,  486,  933,   46,  649,  150,  763,  255,  580,  344,  209,  153,  634,  423,  759,  993, 1057,  147,  789,  369,  643,  354,  420,  290,  201,  158,  611,  743,  878,   94,  876,  559,  420,  469,  226,  510,  537,  634,  632,  525,  435,  673,  625,  840,  100,  810,  670,  540,  494,  854,  815, 1130,  320,  814,  502,  971,  673,  615,  592,  383,  647,  841,  480,  729,  275, 1021,  523,  431,  177,  487,  287,  209,  867,  678,  366,  450,  211,  518,  621,  566,  166,  530,  151,  349,  492,  296,  189,  126,  550,  652,  788,  346,   72,  884,  873,  790,  300,  651,  937,  812,  616,  482,  388,  696,  654,  798,  370,  452],
        [  862,    0,  561,  930,  568,  475,  976,  593,  968,  940,  332,  659,  709,  429,  679,  773,  728,  731, 1014,  645,  680,  140,  486,  795,  882,  719,  830, 1091,  247,  576,  869,  951,    0, 1139, 1208,  841,  419,  741,  257,  557,  639,  342,  817,  905,  377,  906,  678, 1045,  266,  710,  684,  872,  850,  950,  456,  613,  740,  375,  280,  816,  513,  600,  559,  760,  918, 1206,  751,  796,  637,  503,  640,  930,  565,  924, 1062,  600, 1059,  452,  677,  341,  836,  607,  736,  371,  856,  288,  892,  276,  569,  602,  469,  363,  895,  244,  818,  740,  538,  243,  882,  567,  477,  711,  877,  776,  582,  334, 1133,  298,  727,  840,  781,  827,  735,  848,  658,  638,  694,  965,  804,  975,  927,  385,  875,  643, 1085, 1099,  977, 1187,  849,  849,  470,  825,  168, 1028,  894,  577,  421,  455,  841,  704,  195,  242,  350,  581,  999,  277,  727,  912,  642,  744],
        [  301,    0,  614,  209,  857,  994,  694,  645,  172,  561, 1000,  527,  475,  955,  612,  977,  856,  525,  168,  525,  820, 1041,  663,  633,  281,  923,  507,   61, 1008,  961,  410,  203, 1139,    0,  119,  448,  720,  449,  908,  657,  578,  892,  482,  514, 1080,  243,  841,  105,  933,  456,  772,  397,  397,  210,  836,  570,  838, 1142, 1222,  349,  915,  543,  768,  459,  444,   94,  397,  345,  807,  873,  981,  273,  994,  580,  372,  671,  159,  707,  640,  831,  683,  724,  533,  835,  671, 1001,  295,  974,  790,  665,  692, 1004,  859, 1303,  406,  894,  654, 1137,  712,  815,  742,  501,  687,  915,  622,  891,  142, 1182,  712,  488,  359,  545,  488,  318,  967,  782,  565,  453,  409,  519,  644,  755,  279,  727,   55,  268,  490,  120,  380,  290,  752,  707,  979,  311,  246,  999, 1014,  927,  480,  840, 1107,  981,  795,  624,  372,  874,  737,  836,  573,  641],
        [  403,    0,  664,  290,  874, 1019,  652,  678,  263,  528, 1041,  624,  516,  987,  630,  966,  970,  633,  196,  574,  933, 1102,  725,  625,  383,  919,  622,  130, 1058,  974,  412,  307, 1208,  119,    0,  451,  794,  487,  968,  697,  613,  939,  486,  491, 1115,  341,  953,  169,  987,  551,  884,  401,  510,  259,  934,  615,  832, 1177, 1267,  449,  937,  608,  792,  486,  425,   34,  486,  429,  917,  898,  986,  386, 1008,  549,  318,  774,  157,  791,  655,  915,  665,  831,  550,  884,  650, 1047,  404, 1023,  811,  693,  777, 1041,  830, 1358,  428,  887,  699, 1184,  685,  921,  785,  534,  661,  903,  663,  939,   90, 1225,  826,  485,  438,  538,  593,  363,  970,  792,  672,  420,  517,  480,  611,  830,  334,  836,  160,  209,  452,   25,  492,  367,  847,  690, 1053,  275,  333, 1012, 1044,  956,  595,  954, 1159, 1034,  860,  664,  338,  937,  735,  805,  673,  755],
        [  391,    0,  287,  309,  424,  573,  309,  254,  348,  181,  613,  472,  162,  547,  186,  531,  886,  555,  281,  221,  830,  715,  376,  188,  391,  476,  620,  388,  648,  523,   40,  386,  841,  448,  451,    0,  481,  137,  585,  286,  202,  526,   35,  116,  677,  362,  848,  348,  589,  416,  786,   51,  516,  253,  720,  236,  391,  739,  843,  395,  490,  306,  348,   97,   84,  467,  354,  313,  794,  454,  537,  457,  557,  185,  222,  622,  301,  523,  207,  626,  247,  690,  110,  479,  240,  628,  435,  611,  364,  258,  517,  608,  430,  947,   75,  447,  304,  765,  287,  763,  372,  137,  262,  469,  260,  529,  362,  797,  754,   46,  297,  102,  508,  180,  521,  341,  570,  135,  479,  178,  243,  512,  221,  717,  412,  278,  164,  427,  494,  282,  623,  268,  713,  200,  322,  561,  603,  514,  600,  860,  750,  630,  502,  260,  159,  565,  289,  413,  527,  694],
        [  445,    0,  205,  512,  435,  470,  708,  289,  549,  626,  384,  262,  325,  405,  374,  674,  531,  358,  603,  261,  470,  337,  112,  512,  465,  602,  465,  675,  345,  517,  499,  532,  419,  720,  794,  481,    0,  356,  219,  249,  298,  271,  467,  574,  482,  487,  480,  629,  264,  299,  443,  498,  452,  538,  277,  249,  570,  531,  555,  400,  435,  192,  355,  386,  564,  791,  333,  377,  422,  391,  577,  516,  532,  617,  691,  285,  650,   86,  390,  146,  576,  334,  395,  222,  589,  359,  478,  322,  383,  318,   98,  406,  709,  607,  437,  602,  213,  470,  631,  363,  231,  345,  616,  641,  251,  263,  724,  529,  450,  496,  362,  505,  346,  442,  581,  444,  333,  615,  403,  645,  644,   36,  463,  374,  667,  707,  638,  775,  447,  432,  196,  577,  260,  643,  476,  544,  451,  399,  467,  502,  425,  311,  104,  251,  627,  178,  500,  713,  268,  430],
        [  300,    0,  182,  263,  415,  547,  429,  196,  307,  311,  555,  340,   32,  507,  179,  578,  752,  429,  294,   97,  696,  624,  259,  265,  307,  513,  503,  391,  573,  522,  146,  327,  741,  449,  487,  137,  356,    0,  490,  211,  129,  452,  138,  249,  632,  292,  713,  345,  504,  289,  652,  144,  410,  240,  585,  130,  438,  695,  781,  290,  469,  172,  322,   44,  218,  493,  235,  210,  659,  425,  551,  377,  553,  311,  336,  487,  332,  390,  211,  498,  336,  555,  116,  398,  337,  560,  347,  537,  346,  218,  383,  557,  516,  873,   81,  491,  214,  698,  386,  627,  298,   56,  363,  521,  176,  453,  404,  739,  623,  168,  189,  205,  384,  133,  540,  351,  440,  269,  367,  314,  361,  389,  174,  582,  402,  359,  300,  464,  390,  204,  488,  351,  600,  290,  256,  560,  565,  478,  486,  726,  675,  549,  393,  178,  272,  464,  334,  505,  394,  566],
        [  652,    0,  309,  700,  349,  313,  730,  337,  741,  686,  189,  480,  459,  249,  423,  581,  691,  575,  772,  396,  633,  135,  245,  543,  670,  517,  681,  857,  130,  393,  614,  732,  257,  908,  968,  585,  219,  490,    0,  301,  384,  113,  561,  649,  283,  687,  638,  810,   55,  513,  618,  618,  670,  710,  406,  361,  518,  324,  337,  610,  314,  366,  315,  506,  662,  969,  538,  574,  585,  286,  459,  727,  395,  670,  807,  482,  815,  288,  423,  238,  590,  516,  479,  120,  609,  152,  689,  115,  331,  346,  304,  218,  672,  398,  565,  530,  282,  252,  639,  516,  221,  457,  631,  569,  326,  103,  889,  312,  639,  584,  556,  571,  564,  605,  471,  402,  546,  708,  619,  720,  678,  195,  636,  557,  855,  847,  721,  946,  663,  620,  364,  581,  166,  775,  669,  408,  276,  261,  684,  663,  209,   95,  119,  325,  743,   42,  486,  685,  484,  632],
        [  461,    0,   71,  461,  241,  348,  462,   41,  505,  395,  345,  392,  183,  301,  131,  457,  757,  500,  504,  139,  696,  430,  141,  267,  475,  385,  597,  600,  367,  345,  317,  515,  557,  657,  697,  286,  249,  211,  301,    0,   87,  245,  261,  352,  424,  473,  709,  554,  304,  379,  662,  322,  535,  449,  524,   92,  336,  486,  571,  434,  278,  182,  142,  215,  362,  704,  362,  368,  651,  230,  390,  543,  372,  382,  507,  492,  541,  322,  142,  389,  328,  553,  179,  194,  342,  351,  507,  330,  173,   70,  325,  347,  464,  667,  275,  376,   38,  489,  383,  600,   89,  165,  368,  413,   36,  247,  612,  528,  652,  284,  346,  275,  466,  341,  386,  214,  493,  408,  484,  423,  401,  271,  379,  589,  609,  555,  423,  674,  520,  390,  436,  328,  439,  480,  444,  381,  360,  275,  588,  728,  469,  346,  232,   34,  445,  284,  254,  466,  430,  613],
