{
    "name": "random-89-8352",
    "comment": "size=89 seed=8352",
    "nodes": ["+0", "-0", "+1", "-1", "+2", "-2", "+3", "-3", "+4", "-4", "+5", "-5", "+6", "-6", "+7", "-7", "+8", "-8", "+9", "-9", "+10", "-10", "+11", "-11", "+12", "-12", "+13", "-13", "+14", "-14", "+15", "-15", "+16", "-16", "+17", "-17", "+18", "-18", "+19", "-19", "+20", "-20", "+21", "-21", "+22", "-22", "+23", "-23", "+24", "-24", "+25", "-25", "+26", "-26", "+27", "-27", "+28", "-28", "+29", "-29", "+30", "-30", "+31", "-31", "+32", "-32", "+33", "-33", "+34", "-34", "+35", "-35", "+36", "-36", "+37", "-37", "+38", "-38", "+39", "-39", "+40", "-40", "+41", "-41", "+42", "-42", "+43", "-43", "+44", "-44", "+45", "-45", "+46", "-46", "+47", "-47", "+48", "-48", "+49", "-49", "+50", "-50", "+51", "-51", "+52", "-52", "+53", "-53", "+54", "-54", "+55", "-55", "+56", "-56", "+57", "-57", "+58", "-58", "+59", "-59", "+60", "-60", "+61", "-61", "+62", "-62", "+63", "-63", "+64", "-64", "+65", "-65", "+66", "-66", "+67", "-67", "+68", "-68", "+69", "-69", "+70", "-70", "+71", "-71", "+72", "-72", "+73", "-73", "+74", "-74", "+75", "-75", "+76", "-76", "+77", "-77", "+78", "-78", "+79", "-79", "+80", "-80", "+81", "-81", "+82", "-82", "+83", "-83", "+84", "-84", "+85", "-85", "+86", "-86", "+87", "-87", "+88", "-88", "+89", "-89"],
    "precedence": {
        "+0": "-0",
        "+1": "-1",
        "+2": "-2",
        "+3": "-3",
        "+4": "-4",
        "+5": "-5",
        "+6": "-6",
        "+7": "-7",
        "+8": "-8",
        "+9": "-9",
        "+10": "-10",
        "+11": "-11",
        "+12": "-12",
        "+13": "-13",
        "+14": "-14",
        "+15": "-15",
        "+16": "-16",
        "+17": "-17",
        "+18": "-18",
        "+19": "-19",
        "+20": "-20",
        "+21": "-21",
        "+22": "-22",
        "+23": "-23",
        "+24": "-24",
        "+25": "-25",
        "+26": "-26",
        "+27": "-27",
        "+28": "-28",
        "+29": "-29",
        "+30": "-30",
        "+31": "-31",
        "+32": "-32",
        "+33": "-33",
        "+34": "-34",
        "+35": "-35",
        "+36": "-36",
        "+37": "-37",
        "+38": "-38",
        "+39": "-39",
        "+40": "-40",
        "+41": "-41",
        "+42": "-42",
        "+43": "-43",
        "+44": "-44",
        "+45": "-45",
        "+46": "-46",
        "+47": "-47",
        "+48": "-48",
        "+49": "-49",
        "+50": "-50",
        "+51": "-51",
        "+52": "-52",
        "+53": "-53",
        "+54": "-54",
        "+55": "-55",
        "+56": "-56",
        "+57": "-57",
        "+58": "-58",
        "+59": "-59",
        "+60": "-60",
        "+61": "-61",
        "+62": "-62",
        "+63": "-63",
        "+64": "-64",
        "+65": "-65",
        "+66": "-66",
        "+67": "-67",
        "+68": "-68",
        "+69": "-69",
        "+70": "-70",
        "+71": "-71",
        "+72": "-72",
        "+73": "-73",
        "+74": "-74",
        "+75": "-75",
        "+76": "-76",
        "+77": "-77",
        "+78": "-78",
        "+79": "-79",
        "+80": "-80",
        "+81": "-81",
        "+82": "-82",
        "+83": "-83",
        "+84": "-84",
        "+85": "-85",
        "+86": "-86",
        "+87": "-87",
        "+88": "-88",
        "+89": "-89"
    },
    "edges": [
        [    0,    0,  822,  801,  431,  499,  215,  935,  607,  936,  717,  930,  800,  954,  514,  686,  534,  157,  456,  918,  560,  636,  425,  288,  755,  846, 1010,  117,  845,  834,  380,  679,  624,  630,  328,  878,  524,  580,  340,  965,  830,  511,  537,  462,  322,  404,  384,   81,  695,   10,  201,  171,   60,  697, 1000,  892,  975,  414,  833,  756,  458,  851,   92,  850,  544,  633,  848,  371,  703,  315,  246,  486,  605,  277,  928,  220,  748,  884,  282, 1144,  746,  733,   68,  914,  119,  236,  525,  565,  435,  878,  962,  577, 1098,  810,  722,  684,  611,  315,  328,  387,  591,   88,  487,  142,  188,  888,  627,  746,  879,  312,  164,  935,  593,  913,  750,  842,  770,  463,  602,  745,  158,   33,  252,  453,  207,  478,  418,  844,  718,  973,  696,  636,  339,  788,  402,  596,  817,  834,  425,  948,  350,  499,  913,  471,  724,  563,  694,  235,  810,  639,  395,  322,  635,  261,  878,  769,  741,  428,  586,  720, 1020,  589,  294, 1044,  328,  539,  247,  936,  572,  469,  251,  178,  769, 1038,  710,  598,  344,  948,  142,  568],
        [    0,    0,    0,    0,    0,    0,    0,    0,    0,    0,    0,    0,    0,    0,    0,    0,    0,    0,    0,    0,    0,    0,    0,    0,    0,    0,    0,    0,    0,    0,    0,    0,    0,    0,    0,    0,    0,    0,    0,    0,    0,    0,    0,    0,    0,    0,    0,    0,    0,    0,    0,    0,    0,    0,    0,    0,    0,    0,    0,    0,    0,    0,    0,    0,    0,    0,    0,    0,    0,    0,    0,    0,    0,    0,    0,    0,    0,    0,    0,    0,    0,    0,    0,    0,    0,    0,    0,    0,    0,    0,    0,    0,    0,    0,    0,    0,    0,    0,    0,    0,    0,    0,    0,    0,    0,    0,    0,    0,    0,    0,    0,    0,    0,    0,    0,    0,    0,    0,    0,    0,    0,    0,    0,    0,    0,    0,    0,    0,    0,    0,    0,    0,    0,    0,    0,    0,    0,    0,    0,    0,    0,    0,    0,    0,    0,    0,    0,    0,    0,    0,    0,    0,    0,    0,    0,    0,    0,    0,    0,    0,    0,    0,    0,    0,    0,    0,    0,    0,    0,    0,    0,    0,    0,    0,    0,    0,    0,    0,    0,    0],
        [  822,    0,    0,  186,  397,  485,  951,  701,  255,  392, 1119,  417,  595,  569,  309,  606, 1135,  920,  475, 1004,  331,  361,  670,  617, 1249,  302,  751,  732,  407,   99,  995,  940,  399, 1000,  775,  712,  813, 1057,  496,  973,  657, 1117,  429,  925,  780,  459,  602,  760,  504,  814,  641,  773,  764,  176,  723,  206,  554,  417,  350,  418,  620,  178,  801,  592, 1038,  592,  447,  508,  514,  554,  598, 1024,  271,  761,  349,  839,   89,  486,  800,  904,  702,   95,  788,  719,  802,  891,  946,  790,  389,  427,  641,  464,  841,  116,  549,  176,  389,  889,  498,  908, 1140,  800, 1061,  765,  731,  844,  197,  136,  383,  513,  740,  210, 1062,  210,  147, 1012,  534,  712,  262,  949,  792,  823,  589,  714,  763,  358,  416,   94,  796,  613, 1075,  189,  893,  974,  453,  226,  635,  433,  718,  458,  480,  344,  723,  760,  412,  367, 1064,  811,  573,  936,  701,  505, 1162,  683,   61,  955, 1255,  398, 1066,  106,  847,  658,  627,  900,  516, 1019,  715,  740,  475,  983,  653,  644, 1039,  694, 1177,  862,  483,  491,  880,  529],
        [  801,    0,  186,    0,  419,  373,  892,  516,  196,  222,  978,  242,  414,  387,  335,  440, 1030,  871,  383,  829,  246,  220,  558,  551, 1116,  121,  566,  731,  222,   96,  903,  790,  256,  862,  682,  529,  681,  933,  462,  793,  476, 1014,  315,  810,  688,  402,  507,  753,  336,  792,  604,  791,  742,  115,  538,   92,  374,  391,  165,  239,  503,   52,  760,  408,  919,  436,  262,  555,  344,  587,  611,  914,  197,  680,  185,  866,  139,  301,  717,  720,  530,  158,  781,  535,  755,  821,  821,  649,  380,  243,  457,  327,  657,   71,  376,  132,  253,  802,  503,  807, 1023,  799,  954,  776,  752,  664,  220,   85,  202,  518,  755,  137,  936,  113,   71,  845,  355,  590,  201,  790,  737,  795,  602,  594,  698,  401,  446,  107,  632,  430,  933,  209,  801,  811,  494,  257,  454,  248,  605,  282,  453,  397,  539,  637,  239,  261,  921,  843,  391,  791,  594,  482, 1040,  720,  185,  794, 1126,  417,  942,  166,  662,  510,  556,  715,  541,  899,  644,  555,  339,  872,  591,  629,  884,  512, 1043,  719,  461,  312,  830,  389],
        [  431,    0,  397,  419,    0,  317,  587,  755,  234,  608,  894,  614,  612,  701,   90,  544,  829,  546,  267,  918,  237,  347,  432,  296,  993,  502,  828,  336,  547,  426,  672,  759,  361,  776,  476,  727,  595,  794,  154,  924,  667,  808,  301,  651,  478,  185,  342,  365,  486,  424,  272,  380,  375,  305,  807,  506,  707,  107,  512,  484,  408,  462,  424,  644,  766,  500,  568,  141,  498,  169,  202,  732,  245,  443,  585,  450,  332,  613,  480,  985,  642,  315,  392,  753,  432,  544,  693,  599,   71,  580,  741,  366,  926,  407,  533,  288,  341,  568,  104,  609,  854,  403,  759,  370,  339,  808,  211,  346,  561,  119,  346,  541,  803,  524,  355,  884,  557,  487,  232,  797,  432,  436,  193,  483,  418,   53,   30,  433,  685,  734,  855,  221,  579,  834,   82,  176,  646,  550,  472,  645,  132,   77,  754,  529,  455,  273,  847,  426,  607,  737,  441,  143,  887,  301,  455,  813,  991,   10,  803,  301,  884,  518,  311,  926,  124,  751,  384,  777,  371,  697,  318,  255,  866,  815,  928,  667,  125,  660,  509,  409],
        [  499,    0,  485,  373,  317,    0,  538,  465,  234,  448,  638,  438,  322,  457,  307,  232,  659,  529,   56,  604,  157,  159,  188,  213,  764,  373,  541,  472,  351,  444,  531,  473,  134,  519,  311,  424,  330,  572,  217,  607,  367,  643,   59,  442,  318,  144,  139,  479,  202,  490,  304,  556,  445,  312,  525,  456,  477,  213,  348,  259,  136,  424,  434,  364,  554,  185,  350,  432,  212,  427,  404,  544,  216,  315,  448,  637,  397,  386,  350,  691,  326,  395,  504,  455,  421,  460,  461,  314,  248,  382,  474,   78,  636,  414,  239,  310,  127,  432,  320,  435,  657,  529,  584,  530,  528,  492,  323,  359,  389,  325,  519,  504,  577,  479,  354,  578,  279,  227,  227,  498,  394,  483,  395,  229,  347,  350,  342,  456,  371,  479,  596,  323,  429,  531,  387,  322,  348,  336,  235,  452,  227,  368,  455,  275,  227,  119,  585,  626,  325,  461,  222,  248,  678,  533,  521,  510,  770,  309,  582,  387,  580,  206,  211,  618,  379,  535,  290,  479,   74,  503,  253,  362,  577,  551,  693,  386,  242,  450,  488,   94],
        [  215,    0,  951,  892,  587,  538,    0,  903,  710,  984,  538,  972,  786,  959,  658,  663,  325,   60,  513,  801,  647,  695,  395,  342,  552,  910,  974,  326,  884,  944,  182,  546,  672,  472,  255,  837,  423,  396,  457,  863,  800,  302,  590,  308,  247,  497,  400,  292,  704,  215,  316,  384,  242,  802,  971,  981,  987,  536,  885,  790,  446,  944,  168,  839,  360,  616,  876,  562,  709,  509,  436,  296,  702,  229,  986,  422,  869,  905,  202, 1089,  696,  858,  282,  875,  156,   88,  370,  476,  569,  913,  949,  609, 1051,  916,  718,  793,  664,  166,  489,  232,  387,  300,  286,  357,  403,  811,  755,  853,  925,  475,  379, 1028,  410, 1004,  854,  711,  771,  407,  704,  619,  160,  188,  439,  397,  195,  638,  582,  955,  637,  968,  526,  763,  189,  660,  579,  731,  792,  865,  370,  981,  475,  662,  872,  392,  760,  634,  526,  443,  802,  503,  353,  452,  433,  474, 1002,  644,  536,  581,  401,  846,  960,  550,  337,  974,  508,  361,  250,  893,  601,  292,  303,  342,  619, 1021,  516,  483,  474,  973,   81,  577],
        [  935,    0,  701,  516,  755,  465,  903,    0,  563,  353,  683,  322,  145,  166,  711,  250,  864,  917,  520,  382,  524,  417,  517,  653,  838,  405,   77,  928,  297,  608,  811,  491,  396,  602,  649,   74,  504,  716,  681,  315,  106,  859,  459,  660,  657,  605,  552,  931,  271,  926,  756, 1016,  887,  566,   68,  528,  202,  662,  353,  296,  477,  535,  854,  116,  722,  302,  255,  886,  259,  888,  868,  755,  542,  684,  396, 1097,  640,  222,  703,  230,  212,  653,  953,   41,  834,  815,  630,  448,  687,  284,   91,  396,  172,  586,  227,  580,  416,  748,  780,  707,  819,  980,  802,  988,  990,  204,  654,  578,  331,  787,  980,  561,  711,  541,  564,  446,  199,  496,  560,  446,  798,  912,  860,  507,  744,  772,  784,  617,  309,  133,  642,  647,  732,  440,  834,  677,  119,  269,  534,  288,  690,  783,   46,  514,  315,  483,  630, 1088,  149,  520,  555,  712,  813,  997,  695,  433,  859,  748,  723,  656,  147,  355,  644,  200,  839,  703,  693,   46,  395,  719,  686,  821,  538,  131,  770,  480,  704,  251,  881,  377],
        [  607,    0,  255,  196,  234,  234,  710,  563,    0,  374,  872,  382,  429,  482,  161,  398,  881,  685,  221,  800,   78,  150,  416,  370,  997,  268,  629,  536,  320,  234,  742,  701,  182,  752,  522,  550,  564,  804,  268,  785,  490,  863,  181,  670,  527,  214,  347,  558,  311,  598,  412,  597,  548,   93,  605,  287,  483,  196,  280,  272,  368,  245,  570,  448,  784,  371,  346,  374,  323,  400,  418,  769,   23,  510,  351,  673,  167,  392,  549,  789,  500,  163,  586,  569,  568,  645,  693,  545,  187,  352,  532,  229,  727,  207,  360,   84,  165,  637,  310,  653,  885,  603,  806,  581,  559,  658,   99,  143,  329,  324,  561,  329,  809,  308,  145,  791,  368,  460,    8,  719,  552,  602,  408,  461,  518,  228,  263,  245,  576,  519,  829,   96,  640,  748,  314,  115,  467,  328,  464,  414,  258,  233,  571,  508,  248,  119,  818,  651,  416,  692,  446,  287,  908,  531,  298,  728, 1003,  230,  813,  154,  702,  422,  378,  750,  351,  766,  467,  592,  239,  728,  408,  434,  804,  602,  926,  618,  266,  432,  644,  292],
        [  936,    0,  392,  222,  608,  448,  984,  353,  374,    0,  945,   32,  307,  195,  532,  391, 1055,  976,  482,  717,  388,  300,  604,  657, 1095,  109,  384,  886,  106,  294,  954,  747,  315,  840,  744,  392,  682,  933,  608,  662,  356, 1043,  401,  832,  752,  535,  584,  902,  302,  926,  735,  957,  878,  322,  354,  192,  170,  552,  103,  198,  548,  215,  878,  274,  927,  414,  132,  748,  303,  772,  782,  937,  364,  757,   47, 1036,  361,  139,  790,  526,  449,  379,  929,  384,  867,  903,  827,  637,  555,   88,  274,  375,  464,  282,  316,  340,  326,  864,  676,  850, 1032,  950,  983,  938,  922,  539,  430,  306,   60,  688,  920,  215,  933,  199,  291,  759,  269,  617,  376,  727,  841,  923,  773,  624,  794,  600,  637,  300,  565,  238,  900,  420,  856,  737,  688,  464,  338,  134,  644,   71,  606,  601,  389,  657,  226,  375,  888, 1017,  278,  761,  646,  635, 1040,  901,  369,  723, 1111,  603,  941,  388,  492,  497,  657,  546,  722,  906,  737,  398,  384,  896,  698,  777,  824,  311, 1023,  697,  617,  107,  935,  414],
        [  717,    0, 1119,  978,  894,  638,  538,  683,  872,  945,    0,  920,  646,  819,  921,  557,  274,  591,  663,  379,  795,  763,  468,  606,  155,  927,  727,  797,  845, 1064,  358,  199,  725,  120,  434,  612,  309,  143,  742,  468,  615,  286,  692,  262,  435,  719,  555,  773,  656,  713,  677,  880,  711,  944,  740, 1043,  857,  795,  880,  767,  507, 1024,  632,  692,  179,  547,  814,  947,  652,  910,  846,  243,  853,  482,  972,  937, 1031,  816,  457,  770,  503, 1031,  776,  643,  605,  484,  206,  330,  838,  858,  766,  657,  761, 1033,  631,  945,  733,  403,  834,  332,  199,  802,  264,  848,  883,  498,  960,  987,  894,  828,  861, 1091,  129, 1065,  979,  275,  677,  417,  865,  238,  572,  685,  844,  418,  541,  941,  907, 1076,  387,  803,   46,  961,  379,  254,  932,  955,  624,  814,  423,  905,  764,  964,  638,  370,  753,  754,   58,  950,  674,  188,  453,  761,  166,  938, 1148,  255,  177,  885,  139, 1024,  654,  469,  589,  638,  883,  180,  541,  649,  646,  250,  597,  747,  158,  812,   90,  259,  773,  879,  583,  592],
        [  930,    0,  417,  242,  614,  438,  972,  322,  382,   32,  920,    0,  279,  164,  541,  367, 1035,  965,  475,  687,  389,  295,  589,  649, 1070,  123,  354,  884,   89,  318,  937,  722,  307,  816,  729,  361,  661,  910,  607,  631,  326, 1023,  394,  813,  737,  532,  573,  899,  282,  921,  730,  957,  873,  336,  324,  219,  141,  554,  103,  183,  533,  240,  870,  244,  905,  393,  107,  754,  282,  776,  784,  917,  370,  744,   76, 1037,  380,  109,  776,  497,  422,  398,  926,  353,  858,  890,  805,  614,  559,   64,  243,  364,  435,  304,  293,  353,  320,  848,  678,  832, 1010,  947,  963,  937,  923,  509,  443,  323,   54,  690,  920,  244,  910,  228,  308,  730,  244,  599,  383,  700,  831,  917,  774,  607,  783,  609,  643,  325,  538,  208,  875,  433,  840,  708,  695,  476,  309,  112,  627,   42,  605,  611,  358,  638,  213,  373,  863, 1019,  250,  736,  630,  634, 1017,  905,  396,  695, 1086,  609,  919,  406,  461,  476,  648,  516,  726,  885,  726,  367,  372,  876,  690,  774,  797,  282,  998,  673,  617,   78,  925,  399],
        [  800,    0,  595,  414,  612,  322,  786,  145,  429,  307,  646,  279,    0,  184,  571,  123,  787,  794,  376,  421,  384,  280,  393,  515,  799,  320,  220,  788,  217,  509,  713,  448,  256,  548,  531,  122,  413,  651,  537,  380,   64,  779,  315,  571,  539,  461,  417,  792,  127,  791,  616,  875,  751,  445,  204,  447,  218,  518,  267,  177,  347,  444,  723,   55,  651,  171,  179,  742,  115,  744,  725,  672,  408,  561,  340,  956,  525,  172,  584,  374,  145,  536,  815,  142,  704,  699,  552,  361,  543,  221,  164,  252,  316,  483,   83,  456,  275,  639,  636,  607,  753,  841,  719,  848,  848,  251,  523,  465,  264,  643,  839,  488,  649,  464,  451,  454,   63,  382,  425,  422,  670,  779,  716,  391,  616,  631,  641,  520,  262,  184,  602,  518,  625,  430,  691,  544,   41,  184,  417,  260,  545,  643,  144,  409,  188,  342,  589,  946,   29,  466,  433,  568,  755,  853,  599,  417,  816,  605,  659,  537,  275,  240,  507,  322,  694,  630,  563,  166,  251,  634,  550,  680,  519,  239,  727,  410,  560,  233,  756,  236],
        [  954,    0,  569,  387,  701,  457,  959,  166,  482,  195,  819,  164,  184,    0,  640,  303,  970,  963,  506,  545,  464,  356,  565,  666,  973,  268,  190,  927,  170,  473,  894,  621,  349,  726,  706,  220,  596,  832,  659,  480,  204,  962,  431,  754,  714,  581,  574,  936,  260,  944,  761, 1009,  901,  461,  160,  381,   39,  622,  223,  218,  515,  395,  883,  131,  833,  345,  137,  839,  253,  851,  845,  855,  465,  732,  240, 1090,  521,   91,  757,  336,  319,  537,  961,  202,  866,  873,  735,  544,  637,  144,   81,  380,  273,  455,  242,  477,  368,  818,  746,  788,  935,  985,  902,  984,  978,  366,  561,  461,  187,  756,  972,  408,  829,  390,  446,  601,  189,  560,  480,  587,  834,  936,  836,  569,  782,  706,  730,  481,  433,   45,  775,  552,  805,  588,  782,  590,  196,  154,  594,  126,  663,  713,  207,  590,  248,  433,  763, 1076,  161,  644,  606,  689,  935,  972,  555,  578,  992,  694,  840,  543,  299,  421,  661,  353,  801,  812,  726,  212,  384,  817,  704,  817,  682,  126,  902,  591,  676,   89,  924,  389],
        [  514,    0,  309,  335,   90,  307,  658,  711,  161,  532,  921,  541,  571,  640,    0,  518,  881,  621,  266,  908,  188,  294,  453,  344, 1030,  425,  780,  423,  480,  337,  728,  771,  316,  802,  521,  690,  615,  831,  205,  905,  629,  860,  275,  690,  524,  202,  367,  451,  447,  506,  343,  469,  457,  220,  758,  419,  644,  132,  440,  427,  419,  375,  500,  597,  806,  481,  505,  220,  459,  255,  291,  778,  176,  494,  506,  539,  243,  551,  533,  939,  619,  226,  479,  713,  505,  608,  725,  611,   92,  512,  688,  339,  878,  318,  496,  203,  297,  622,  189,  656,  899,  491,  808,  459,  428,  784,  122,  259,  489,  204,  434,  454,  839,  437,  268,  884,  513,  506,  161,  802,  500,  517,  282,  504,  480,   68,  114,  344,  677,  677,  880,  133,  631,  836,  160,   87,  607,  487,  498,  574,  185,   73,  715,  552,  400,  232,  871,  514,  562,  754,  471,  206,  929,  388,  367,  815, 1031,   90,  840,  212,  845,  512,  358,  891,  212,  789,  439,  737,  345,  740,  373,  337,  878,  759,  962,  681,  184,  592,  583,  391],
        [  686,    0,  606,  440,  544,  232,  663,  250,  398,  391,  557,  367,  123,  303,  518,    0,  674,  673,  287,  403,  337,  253,  272,  405,  705,  373,  325,  682,  289,  533,  592,  361,  218,  450,  409,  197,  298,  544,  446,  389,  145,  664,  245,  455,  417,  375,  303,  683,  105,  676,  508,  770,  638,  439,  316,  494,  335,  442,  324,  212,  229,  480,  606,  177,  540,   53,  260,  663,   98,  658,  631,  557,  376,  440,  416,  851,  526,  271,  462,  467,  103,  532,  705,  231,  586,  576,  441,  249,  474,  304,  286,  181,  415,  504,   75,  446,  234,  517,  551,  486,  645,  731,  604,  742,  747,  266,  496,  470,  338,  556,  735,  540,  544,  514,  459,  407,  125,  259,  393,  352,  551,  663,  623,  269,  497,  571,  570,  545,  192,  307,  512,  493,  503,  371,  617,  509,  132,  258,  295,  359,  458,  586,  231,  288,  203,  290,  499,  843,  142,  371,  311,  477,  650,  759,  622,  354,  720,  536,  552,  530,  351,  119,  395,  387,  610,  520,  445,  254,  175,  518,  437,  576,  447,  359,  633,  307,  473,  339,  636,  139],
        [  534,    0, 1135, 1030,  829,  659,  325,  864,  881, 1055,  274, 1035,  787,  970,  881,  674,    0,  384,  661,  630,  806,  811,  472,  538,  235, 1009,  922,  637,  950, 1102,  163,  390,  778,  278,  363,  790,  376,  158,  679,  713,  775,   24,  717,  223,  359,  686,  534,  606,  753,  533,  569,  705,  548,  966,  928, 1109, 1005,  750,  971,  860,  527, 1080,  466,  840,  143,  643,  929,  843,  753,  795,  723,  118,  866,  388, 1071,  746, 1047,  943,  350,  995,  658, 1042,  600,  827,  443,  309,  236,  427,  790,  971,  934,  706,  975, 1072,  745,  962,  778,  263,  746,  228,   79,  621,   76,  675,  719,  710,  952, 1015,  998,  736,  695, 1158,  168, 1132, 1012,  526,  798,  444,  874,  458,  423,  505,  724,  438,  417,  881,  834, 1114,  557,  965,  286,  956,  251,  489,  845,  936,  777,  923,  426, 1030,  701,  906,  823,  400,  837,  776,  293,  766,  812,  352,  437,  687,  122,  786, 1176,  481,  215,  822,  155, 1032,  870,  560,  524,  866,  782,  162,  445,  839,  695,  160,  512,  622,  410,  994,  217,  384,  706, 1012,  393,  651],
        [  157,    0,  920,  871,  546,  529,   60,  917,  685,  976,  591,  965,  794,  963,  621,  673,  384,    0,  498,  838,  626,  682,  402,  323,  610,  897,  989,  270,  878,  918,  237,  586,  662,  518,  270,  852,  451,  449,  425,  896,  812,  361,  577,  351,  262,  472,  394,  235,  705,  157,  280,  325,  189,  777,  984,  962,  989,  504,  876,  784,  449,  923,  123,  846,  413,  623,  873,  512,  711,  458,  385,  350,  678,  233,  975,  363,  840,  904,  215, 1110,  713,  828,  224,  890,  119,  116,  414,  502,  534,  908,  957,  602, 1069,  891,  722,  767,  652,  203,  446,  274,  445,  241,  343,  298,  345,  837,  724,  828,  917,  432,  321, 1008,  463,  984,  830,  751,  774,  422,  679,  657,  136,  132,  389,  412,  183,  597,  540,  929,  662,  975,  576,  732,  228,  699,  533,  697,  803,  860,  383,  977,  441,  620,  888,  413,  754,  617,  575,  383,  809,  543,  362,  417,  490,  417,  973,  682,  594,  541,  454,  815,  982,  562,  320,  998,  461,  412,  240,  910,  595,  342,  282,  296,  664, 1031,  572,  517,  439,  971,   42,  576],
        [  456,    0,  475,  383,  267,   56,  513,  520,  221,  482,  663,  475,  376,  506,  266,  287,  661,  498,    0,  652,  146,  185,  199,  176,  782,  399,  595,  422,  390,  445,  525,  507,  169,  543,  303,  479,  355,  586,  162,  659,  422,  643,   81,  451,  309,   89,  128,  431,  254,  447,  258,  504,  400,  307,  579,  470,  524,  161,  380,  301,  156,  434,  397,  418,  565,  239,  393,  378,  265,  372,  349,  549,  206,  298,  479,  585,  387,  431,  335,  746,  380,  382,  457,  510,  387,  439,  476,  346,  198,  422,  526,  128,  691,  415,  293,  302,  156,  422,  264,  434,  665,  480,  586,  479,  475,  545,  299,  356,  424,  270,  467,  518,  592,  493,  354,  621,  332,  247,  214,  537,  363,  442,  341,  246,  319,  303,  291,  457,  418,  530,  621,  302,  422,  572,  334,  293,  403,  378,  246,  492,  172,  323,  510,  294,  269,  122,  611,  573,  378,  491,  226,  193,  690,  478,  516,  551,  786,  258,  596,  373,  635,  252,  178,  673,  324,  547,  263,  534,  126,  508,  218,  311,  613,  603,  712,  417,  187,  494,  457,  149],
        [  918,    0, 1004,  829,  918,  604,  801,  382,  800,  717,  379,  687,  421,  545,  908,  403,  630,  838,  652,    0,  734,  655,  523,  696,  521,  740,  398,  959,  637,  925,  649,  258,  620,  356,  591,  328,  395,  473,  792,   92,  364,  635,  635,  497,  597,  736,  603,  947,  501,  911,  797, 1051,  889,  840,  420,  868,  582,  812,  687,  591,  522,  863,  827,  444,  497,  431,  597, 1018,  490,  999,  954,  552,  778,  642,  756, 1124,  927,  579,  639,  401,  303,  934,  961,  344,  801,  723,  440,  357,  849,  636,  473,  575,  404,  897,  456,  849,  636,  637,  899,  570,  564,  989,  592, 1019, 1039,  180,  898,  870,  681,  900, 1022,  908,  463,  885,  857,  106,  476,  471,  794,  184,  762,  889,  948,  480,  713,  953,  941,  936,  234,  515,  351,  895,  613,  145,  982,  908,  384,  604,  505,  659,  809,  971,  339,  451,  593,  687,  342, 1127,  447,  302,  539,  820,  540, 1073, 1014,  159,  548,  909,  476,  932,  301,  401,  681,  271,  958,  483,  682,  338,  567,  532,  711,  873,  224,  494,  467,  323,  823,  625,  815,  518],
        [  560,    0,  331,  246,  237,  157,  647,  524,   78,  388,  795,  389,  384,  464,  188,  337,  806,  626,  146,  734,    0,  110,  339,  305,  920,  290,  595,  500,  315,  302,  669,  626,  129,  675,  448,  503,  487,  727,  223,  725,  442,  788,  106,  594,  454,  157,  273,  519,  260,  551,  361,  570,  501,  162,  573,  337,  472,  165,  287,  247,  291,  298,  515,  411,  707,  304,  333,  375,  272,  390,  395,  693,   61,  440,  374,  649,  243,  377,  478,  753,  439,  239,  546,  525,  509,  578,  616,  469,  174,  349,  505,  160,  693,  272,  309,  157,  110,  565,  290,  579,  809,  566,  731,  551,  534,  601,  169,  212,  336,  301,  533,  383,  732,  359,  210,  720,  326,  383,   71,  646,  491,  552,  385,  384,  453,  248,  267,  313,  507,  498,  752,  168,  567,  676,  318,  174,  420,  316,  388,  416,  219,  260,  528,  431,  218,   48,  741,  630,  376,  616,  370,  248,  832,  516,  371,  656,  926,  230,  736,  231,  658,  350,  311,  704,  340,  689,  400,  549,  169,  652,  345,  393,  729,  579,  849,  542,  230,  428,  584,  221],
        [  636,    0,  361,  220,  347,  159,  695,  417,  150,  300,  763,  295,  280,  356,  294,  253,  811,  682,  185,  655,  110,    0,  340,  361,  899,  216,  486,  590,  214,  302,  689,  580,   39,  646,  470,  401,  462,  714,  313,  637,  341,  796,  105,  591,  477,  238,  298,  604,  161,  627,  436,  665,  579,  188,  464,  299,  366,  268,  198,  139,  284,  270,  580,  303,  699,  233,  227,  483,  173,  496,  495,  695,  129,  473,  295,  745,  277,  270,  509,  645,  354,  282,  631,  421,  571,  618,  602,  433,  282,  248,  396,  108,  584,  271,  211,  195,   34,  590,  393,  590,  804,  653,  736,  644,  632,  510,  247,  226,  243,  404,  628,  348,  717,  322,  217,  654,  220,  370,  146,  589,  546,  624,  486,  375,  502,  357,  376,  314,  438,  388,  718,  243,  587,  614,  427,  264,  318,  210,  386,  317,  314,  367,  423,  417,  109,   80,  707,  729,  269,  578,  378,  341,  821,  620,  386,  596,  908,  340,  723,  279,  554,  298,  362,  601,  446,  679,  445,  445,  119,  653,  402,  480,  679,  469,  826,  505,  326,  325,  640,  171],
        [  425,    0,  670,  558,  432,  188,  395,  517,  416,  604,  468,  589,  393,  565,  453,  272,  472,  402,  199,  523,  339,  340,    0,  174,  584,  545,  591,  444,  501,  631,  352,  330,  308,  349,  142,  456,  164,  388,  286,  554,  412,  457,  246,  255,  151,  253,   90,  437,  313,  417,  276,  535,  384,  498,  584,  639,  593,  330,  512,  407,   57,  608,  340,  446,  368,  222,  488,  507,  317,  482,  432,  357,  399,  169,  613,  612,  582,  514,  193,  720,  321,  578,  455,  493,  319,  308,  278,  174,  372,  527,  556,  237,  675,  601,  324,  495,  307,  260,  388,  251,  470,  483,  397,  504,  520,  466,  497,  546,  545,  386,  504,  687,  394,  661,  541,  468,  377,   56,  409,  375,  282,  400,  427,   52,  228,  477,  448,  643,  301,  575,  428,  500,  253,  415,  481,  489,  403,  478,   49,  593,  306,  499,  492,   99,  379,  306,  419,  611,  409,  306,   43,  310,  493,  551,  708,  394,  588,  423,  398,  570,  595,  165,  159,  619,  444,  350,  179,  514,  227,  316,  191,  352,  436,  630,  514,  237,  318,  583,  365,  190],
        [  288,    0,  617,  551,  296,  213,  342,  653,  370,  657,  606,  649,  515,  666,  344,  405,  538,  323,  176,  696,  305,  361,  174,    0,  699,  575,  729,  279,  563,  603,  385,  494,  343,  492,  181,  600,  325,  500,  143,  725,  549,  517,  257,  357,  183,  158,  103,  279,  407,  279,  106,  370,  236,  462,  717,  640,  688,  213,  556,  472,  185,  602,  221,  563,  471,  352,  563,  344,  415,  313,  259,  438,  361,  151,  655,  449,  532,  598,  189,  869,  476,  523,  301,  635,  211,  276,  402,  345,  253,  594,  675,  291,  819,  575,  435,  453,  332,  279,  229,  314,  559,  327,  466,  340,  350,  631,  424,  513,  599,  224,  336,  687,  509,  662,  513,  640,  482,  227,  363,  545,  187,  270,  254,  220,  149,  347,  305,  614,  473,  685,  571,  430,  287,  586,  327,  404,  535,  549,  200,  664,  165,  371,  634,  258,  440,  294,  563,  444,  524,  465,  165,  156,  592,  377,  665,  565,  696,  288,  508,  511,  749,  321,   18,  778,  280,  456,   98,  658,  285,  402,   42,  180,  599,  752,  635,  402,  172,  663,  282,  281],
        [  755,    0, 1249, 1116,  993,  764,  552,  838,  997, 1095,  155, 1070,  799,  973, 1030,  705,  235,  610,  782,  521,  920,  899,  584,  699,    0, 1072,  880,  849,  994, 1200,  376,  352,  862,  257,  519,  766,  437,  200,  840,  612,  769,  256,  820,  342,  518,  828,  665,  821,  802,  752,  754,  924,  760, 1074,  894, 1186, 1010,  901, 1026,  913,  630, 1163,  678,  845,  229,  691,  964, 1030,  798,  987,  918,  274,  979,  559, 1120,  971, 1161,  968,  527,  917,  656, 1159,  819,  798,  653,  521,  306,  469,  943, 1008,  920,  791,  912, 1169,  780, 1074,  867,  453,  923,  393,  166,  842,  269,  893,  933,  651, 1081, 1119, 1043,  915,  910, 1234,  192, 1207, 1112,  419,  827,  538,  990,  392,  625,  724,  917,  537,  606, 1043, 1003, 1212,  540,  957,  198, 1083,  434,  405, 1022, 1072,  778,  963,  536, 1057,  862, 1067,  793,  490,  897,  882,  210,  989,  826,  335,  561,  854,  121,  996, 1281,  407,   31,  985,  191, 1151,  805,  610,  682,  786,  966,  243,  620,  803,  780,  302,  682,  817,  307,  966,   74,  401,  870, 1031,  614,  728],
        [  846,    0,  302,  121,  502,  373,  910,  405,  268,  109,  927,  123,  320,  268,  425,  373, 1009,  897,  399,  740,  290,  216,  545,  575, 1072,    0,  451,  789,  109,  206,  896,  732,  240,  816,  680,  427,  644,  898,  512,  696,  379,  996,  320,  787,  687,  442,  512,  807,  271,  836,  645,  858,  787,  214,  422,  128,  254,  452,   54,  161,  488,  131,  794,  304,  888,  382,  151,  641,  276,  667,  681,  892,  259,  687,   85,  936,  259,  186,  722,  603,  451,  276,  835,  428,  785,  832,  789,  605,  451,  125,  340,  309,  539,  187,  301,  232,  246,  801,  573,  795,  994,  855,  935,  839,  821,  568,  322,  201,   82,  586,  821,  170,  900,  145,  186,  767,  267,  566,  270,  723,  761,  835,  671,  572,  717,  492,  531,  215,  561,  311,  882,  312,  796,  738,  581,  356,  358,  140,  588,  163,  508,  493,  433,  610,  176,  284,  869,  916,  294,  740,  585,  537, 1006,  798,  291,  723, 1085,  497,  907,  284,  550,  463,  577,  604,  618,  868,  660,  447,  319,  850,  616,  682,  819,  392,  999,  671,  519,  192,  855,  359],
        [ 1010,    0,  751,  566,  828,  541,  974,   77,  629,  384,  727,  354,  220,  190,  780,  325,  922,  989,  595,  398,  595,  486,  591,  729,  880,  451,    0, 1005,  345,  656,  876,  541,  467,  654,  721,  138,  569,  770,  756,  319,  181,  918,  533,  724,  729,  680,  628, 1007,  345, 1001,  832, 1092,  963,  626,   30,  569,  219,  736,  402,  359,  553,  581,  929,  185,  780,  378,  305,  959,  333,  962,  944,  815,  610,  758,  429, 1173,  696,  266,  775,  160,  279,  710, 1029,  100,  909,  887,  690,  513,  759,  327,  112,  471,   99,  636,  303,  641,  487,  818,  855,  773,  873, 1056,  862, 1065, 1066,  232,  718,  634,  373,  862, 1056,  597,  765,  579,  620,  475,  271,  568,  627,  489,  873,  987,  935,  579,  818,  842,  856,  665,  366,  147,  687,  711,  800,  477,  907,  743,  195,  321,  607,  315,  765,  853,  103,  584,  382,  555,  675, 1164,  221,  574,  629,  787,  864, 1073,  741,  474,  903,  820,  777,  714,  114,  428,  720,  167,  913,  761,  768,   84,  470,  781,  761,  897,  576,   98,  815,  539,  779,  278,  954,  453],
        [  117,    0,  732,  731,  336,  472,  326,  928,  536,  886,  797,  884,  788,  927,  423,  682,  637,  270,  422,  959,  500,  590,  444,  279,  849,  789, 1005,    0,  803,  754,  478,  734,  584,  700,  379,  878,  569,  666,  278,  996,  825,  614,  498,  537,  375,  353,  382,   37,  673,  114,  174,   92,   89,  622,  992,  822,  945,  341,  784,  719,  464,  779,  172,  834,  631,  629,  811,  258,  683,  202,  138,  576,  537,  327,  873,  170,  663,  851,  344, 1147,  755,  647,   60,  912,  197,  330,  596,  603,  354,  836,  944,  548, 1096,  732,  707,  608,  568,  398,  235,  466,  688,   69,  583,   61,   86,  907,  542,  669,  831,  220,   65,  862,  678,  842,  675,  892,  750,  490,  531,  795,  227,  139,  146,  481,  260,  379,  319,  762,  744,  950,  772,  551,  421,  837,  295,  508,  810,  795,  455,  906,  282,  398,  912,  509,  687,  512,  767,  168,  794,  697,  422,  253,  730,  150,  790,  817,  838,  334,  673,  633, 1027,  599,  291, 1056,  222,  623,  279,  935,  545,  555,  254,  111,  830, 1021,  800,  647,  272,  911,  248,  553],
        [  845,    0,  407,  222,  547,  351,  884,  297,  320,  106,  845,   89,  217,  170,  480,  289,  950,  878,  390,  637,  315,  214,  501,  563,  994,  109,  345,  803,    0,  313,  850,  648,  222,  738,  641,  319,  577,  829,  527,  589,  273,  938,  309,  727,  649,  451,  485,  817,  197,  836,  646,  879,  789,  292,  317,  235,  165,  479,   58,   95,  445,  239,  784,  197,  822,  309,   42,  687,  199,  705,  707,  832,  305,  656,  128,  959,  353,   81,  688,  500,  355,  369,  843,  319,  771,  802,  722,  533,  488,   34,  236,  276,  436,  291,  214,  308,  236,  760,  604,  745,  928,  865,  878,  857,  845,  462,  394,  293,   50,  615,  842,  273,  829,  250,  277,  669,  171,  512,  319,  631,  744,  831,  698,  520,  695,  547,  577,  322,  469,  211,  800,  385,  752,  643,  628,  424,  253,   34,  539,  104,  527,  552,  324,  552,  125,  293,  787,  942,  190,  659,  542,  555,  936,  831,  399,  629, 1008,  541,  837,  374,  442,  392,  562,  496,  654,  802,  638,  338,  284,  791,  603,  693,  728,  295,  921,  594,  539,  114,  837,  311],
        [  834,    0,   99,   96,  426,  444,  944,  608,  234,  294, 1064,  318,  509,  473,  337,  533, 1102,  918,  445,  925,  302,  302,  631,  603, 1200,  206,  656,  754,  313,    0,  969,  879,  339,  947,  748,  624,  763, 1013,  498,  888,  571, 1086,  386,  886,  754,  448,  572,  780,  429,  826,  644,  805,  775,  142,  628,  110,  456,  422,  256,  335,  578,   79,  803,  503,  997,  526,  354,  552,  438,  591,  626,  988,  243,  741,  251,  876,   98,  391,  779,  808,  625,  118,  808,  629,  801,  878,  901,  734,  402,  331,  546,  409,  745,   32,  471,  152,  333,  866,  521,  877, 1100,  822, 1027,  794,  765,  759,  215,   91,  286,  536,  770,  126, 1017,  118,   92,  939,  450,  668,  241,  882,  786,  832,  617,  671,  751,  396,  450,   13,  725,  517, 1019,  205,  867,  904,  493,  252,  549,  340,  679,  360,  485,  387,  633,  715,  333,  327, 1008,  850,  486,  878,  666,  513, 1120,  724,   90,  886, 1208,  425, 1022,  131,  754,  597,  611,  807,  549,  977,  699,  649,  420,  946,  642,  658,  975,  596, 1127,  805,  491,  393,  878,  473],
        [  380,    0,  995,  903,  672,  531,  182,  811,  742,  954,  358,  937,  713,  894,  728,  592,  163,  237,  525,  649,  669,  689,  352,  385,  376,  896,  876,  478,  850,  969,    0,  392,  659,  302,  222,  740,  308,  216,  524,  720,  713,  140,  589,  158,  216,  539,  398,  448,  656,  377,  408,  549,  389,  830,  878,  987,  926,  597,  863,  756,  409,  954,  306,  767,  180,  552,  834,  681,  658,  633,  561,  115,  729,  235,  965,  596,  908,  855,  196,  973,  600,  900,  444,  778,  282,  148,  210,  364,  637,  874,  870,  589,  943,  939,  658,  825,  656,  107,  586,  107,  212,  467,  108,  519,  561,  687,  806,  880,  895,  576,  537, 1035,  229, 1010,  878,  552,  712,  339,  735,  466,  260,  349,  562,  331,  256,  724,  675,  981,  518,  896,  348,  811,  103,  505,  684,  788,  710,  825,  311,  938,  545,  749,  774,  305,  730,  644,  349,  614,  734,  348,  312,  530,  256,  626, 1039,  491,  362,  665,  220,  890,  844,  474,  373,  850,  620,  183,  290,  793,  578,  119,  356,  460,  451,  937,  335,  348,  549,  924,  239,  541],
        [  679,    0,  940,  790,  759,  473,  546,  491,  701,  747,  199,  722,  448,  621,  771,  361,  390,  586,  507,  258,  626,  580,  330,  494,  352,  732,  541,  734,  648,  879,  392,    0,  542,  115,  355,  419,  170,  234,  615,  330,  418,  391,  521,  240,  360,  577,  419,  717,  462,  672,  585,  823,  657,  766,  551,  852,  659,  655,  684,  572,  353,  834,  587,  494,  250,  355,  616,  835,  457,  806,  751,  300,  681,  408,  775,  892,  854,  618,  398,  605,  304,  856,  727,  452,  560,  470,  183,  161,  696,  660,  571,  478,  587,  848,  434,  769,  552,  384,  717,  314,  335,  755,  342,  791,  817,  321,  794,  806,  697,  714,  797,  898,  227,  872,  797,  166,  479,  274,  694,   74,  522,  648,  747,  278,  477,  802,  777,  891,  189,  607,  155,  794,  359,  114,  810,  794,  426,  616,  295,  706,  635,  824,  448,  236,  560,  582,  142,  898,  475,   45,  330,  639,  324,  860,  965,   99,  371,  750,  239,  851,  482,  283,  478,  476,  772,  234,  457,  460,  467,  276,  498,  660,  107,  622,  282,   94,  647,  680,  565,  412],
        [  624,    0,  399,  256,  361,  134,  672,  396,  182,  315,  725,  307,  256,  349,  316,  218,  778,  662,  169,  620,  129,   39,  308,  343,  862,  240,  467,  584,  222,  339,  659,  542,    0,  608,  441,  374,  426,  678,  311,  604,  314,  763,   88,  557,  448,  234,  273,  596,  132,  615,  425,  663,  568,  226,  447,  332,  363,  274,  215,  136,  252,  304,  564,  283,  664,  195,  227,  495,  144,  504,  496,  661,  160,  448,  315,  743,  315,  268,  482,  625,  319,  319,  623,  397,  553,  593,  566,  396,  294,  254,  382,   73,  565,  308,  181,  232,   20,  562,  398,  559,  769,  645,  703,  640,  630,  478,  280,  264,  257,  407,  625,  381,  681,  354,  255,  617,  198,  336,  177,  551,  527,  610,  487,  341,  480,  376,  390,  351,  401,  379,  681,  276,  558,  577,  441,  294,  292,  212,  353,  324,  314,  388,  399,  382,  103,   88,  669,  728,  248,  540,  347,  340,  785,  623,  424,  558,  871,  354,  687,  316,  530,  260,  343,  575,  453,  644,  423,  421,   84,  619,  384,  474,  641,  457,  789,  467,  327,  328,  621,  134],
