{
    "name": "random-12-20589",
    "comment": "size=12 seed=20589",
    "nodes": ["+0", "-0", "+1", "-1", "+2", "-2", "+3", "-3", "+4", "-4", "+5", "-5", "+6", "-6", "+7", "-7", "+8", "-8", "+9", "-9", "+10", "-10", "+11", "-11", "+12", "-12"],
    "precedence": {
        "+0": "-0",
        "+1": "-1",
        "+2": "-2",
        "+3": "-3",
        "+4": "-4",
        "+5": "-5",
        "+6": "-6",
        "+7": "-7",
        "+8": "-8",
        "+9": "-9",
        "+10": "-10",
        "+11": "-11",
        "+12": "-12"
    },
    "edges": [
        [    0,    0,  507,  598,  410,  477,  605,  353,  432,  390,  181,  248,  324,  459,  443,  335,  670,  513,  571,  337,  602,  360,  574,  392,  504,  363],
        [    0,    0,  507,  598,  410,  477,  605,  353,  432,  390,  181,  248,  324,  459,  443,  335,  670,  513,  571,  337,  602,  360,  574,  392,  504,  363],
        [  507,  507,    0,  872,  236,  818,  208,  272,  603,  591,  334,  749,  512,  454,  819,  811,  388,  123,  625,  191,  147,  579,  362,  129,  933,  626],
        [  598,  598,  872,    0,  920,  147, 1056,  882,  272,  282,  699,  520,  921,  449,  207,  770,  718,  788,  337,  696, 1015,  957, 1109,  751,  962,  259],
        [  410,  410,  236,  920,    0,  833,  208,   63,  675,  649,  239,  655,  293,  577,  816,  649,  602,  338,  746,  259,  234,  357,  190,  240,  739,  662],
        [  477,  477,  818,  147,  833,    0,  988,  788,  263,  249,  601,  375,  799,  446,   62,  625,  733,  751,  387,  633,  955,  830, 1017,  692,  816,  196],
        [  605,  605,  208, 1056,  208,  988,    0,  270,  793,  775,  426,  853,  487,  656,  980,  856,  584,  328,  828,  360,   77,  545,  202,  308,  940,  802],
        [  353,  353,  272,  882,   63,  788,  270,    0,  644,  615,  188,  596,  242,  561,  768,  587,  617,  360,  727,  250,  292,  308,  230,  246,  681,  623],
        [  432,  432,  603,  272,  675,  263,  793,  644,    0,   44,  476,  476,  733,  185,  296,  702,  471,  516,  160,  435,  748,  781,  865,  486,  894,  103],
        [  390,  390,  591,  282,  649,  249,  775,  615,   44,    0,  442,  434,  694,  199,  275,  658,  488,  511,  202,  416,  733,  742,  838,  469,  851,   67],
        [  181,  181,  334,  699,  239,  601,  426,  188,  476,  442,    0,  429,  278,  429,  580,  479,  567,  362,  580,  190,  421,  339,  418,  232,  618,  442],
        [  248,  248,  749,  520,  655,  375,  853,  596,  476,  434,  429,    0,  506,  585,  319,  250,  847,  738,  636,  568,  849,  515,  809,  627,  443,  376],
        [  324,  324,  512,  921,  293,  799,  487,  242,  733,  694,  278,  506,    0,  706,  762,  405,  827,  588,  852,  442,  525,   68,  355,  462,  456,  678],
        [  459,  459,  454,  449,  577,  446,  656,  561,  185,  199,  429,  585,  706,    0,  473,  777,  290,  351,  173,  319,  601,  764,  761,  354,  959,  262],
        [  443,  443,  819,  207,  816,   62,  980,  768,  296,  275,  580,  319,  762,  473,    0,  568,  763,  760,  433,  630,  951,  789,  997,  691,  758,  214],
        [  335,  335,  811,  770,  649,  625,  856,  587,  702,  658,  479,  250,  405,  777,  568,    0, 1004,  837,  858,  661,  875,  381,  756,  710,  195,  608],
        [  670,  670,  388,  718,  602,  733,  584,  617,  471,  488,  567,  847,  827,  290,  763, 1004,    0,  268,  389,  385,  510,  893,  750,  371, 1169,  551],
        [  513,  513,  123,  788,  338,  751,  328,  360,  516,  511,  362,  738,  588,  351,  760,  837,  268,    0,  517,  177,  262,  655,  483,  131,  979,  556],
        [  571,  571,  625,  337,  746,  387,  828,  727,  160,  202,  580,  636,  852,  173,  433,  858,  389,  517,    0,  490,  772,  906,  932,  527, 1049,  262],
        [  337,  337,  191,  696,  259,  633,  360,  250,  435,  416,  190,  568,  442,  319,  630,  661,  385,  177,  490,    0,  323,  509,  443,   63,  806,  444],
        [  602,  602,  147, 1015,  234,  955,   77,  292,  748,  733,  421,  849,  525,  601,  951,  875,  510,  262,  772,  323,    0,  587,  273,  265,  972,  765],
        [  360,  360,  579,  957,  357,  830,  545,  308,  781,  742,  339,  515,   68,  764,  789,  381,  893,  655,  906,  509,  587,    0,  399,  529,  406,  721],
        [  574,  574,  362, 1109,  190, 1017,  202,  230,  865,  838,  418,  809,  355,  761,  997,  756,  750,  483,  932,  443,  273,  399,    0,  413,  804,  850],
        [  392,  392,  129,  751,  240,  692,  308,  246,  486,  469,  232,  627,  462,  354,  691,  710,  371,  131,  527,   63,  265,  529,  413,    0,  848,  501],
        [  504,  504,  933,  962,  739,  816,  940,  681,  894,  851,  618,  443,  456,  959,  758,  195, 1169,  979, 1049,  806,  972,  406,  804,  848,    0,  802],
        [  363,  363,  626,  259,  662,  196,  802,  623,  103,   67,  442,  376,  678,  262,  214,  608,  551,  556,  262,  444,  765,  721,  850,  501,  802,    0]
    ]
}
