{
    "name": "random-42-32569",
    "comment": "size=42 seed=32569",
    "nodes": ["+0", "-0", "+1", "-1", "+2", "-2", "+3", "-3", "+4", "-4", "+5", "-5", "+6", "-6", "+7", "-7", "+8", "-8", "+9", "-9", "+10", "-10", "+11", "-11", "+12", "-12", "+13", "-13", "+14", "-14", "+15", "-15", "+16", "-16", "+17", "-17", "+18", "-18", "+19", "-19", "+20", "-20", "+21", "-21", "+22", "-22", "+23", "-23", "+24", "-24", "+25", "-25", "+26", "-26", "+27", "-27", "+28", "-28", "+29", "-29", "+30", "-30", "+31", "-31", "+32", "-32", "+33", "-33", "+34", "-34", "+35", "-35", "+36", "-36", "+37", "-37", "+38", "-38", "+39", "-39", "+40", "-40", "+41", "-41", "+42", "-42"],
    "precedence": {
        "+0": "-0",
        "+1": "-1",
        "+2": "-2",
        "+3": "-3",
        "+4": "-4",
        "+5": "-5",
        "+6": "-6",
        "+7": "-7",
        "+8": "-8",
        "+9": "-9",
        "+10": "-10",
        "+11": "-11",
        "+12": "-12",
        "+13": "-13",
        "+14": "-14",
        "+15": "-15",
        "+16": "-16",
        "+17": "-17",
        "+18": "-18",
        "+19": "-19",
        "+20": "-20",
        "+21": "-21",
        "+22": "-22",
        "+23": "-23",
        "+24": "-24",
        "+25": "-25",
        "+26": "-26",
        "+27": "-27",
        "+28": "-28",
        "+29": "-29",
        "+30": "-30",
        "+31": "-31",
        "+32": "-32",
        "+33": "-33",
        "+34": "-34",
        "+35": "-35",
        "+36": "-36",
        "+37": "-37",
        "+38": "-38",
        "+39": "-39",
        "+40": "-40",
        "+41": "-41",
        "+42": "-42"
    },
    "edges": [
        [    0,    0,  929,  887,  916,  716,  911,  124, 1161,  898,  224,  804,  486,  988, 1027,  757,  669,  257,   81,  792,  570,  840,  486,  820,  642,  638,  492,  158,  800,   71,  840,  617,  741,  854,  783,  833,  817,  425,  732,  736,  508,  908,  878,  906,  907,  630,  735,  309,  536,  646,  177, 1004,  136,  524,  424,  536, 1028,  977,  277,  501,  707,  355,  662,  403,  776,  286,  767,  822,  949,  389,  222,  686,  161,  158,  302, 1201,  605,  723,  821,  580,  882,  313,  481,  182,   76,  921],
        [    0,    0,    0,    0,    0,    0,    0,    0,    0,    0,    0,    0,    0,    0,    0,    0,    0,    0,    0,    0,    0,    0,    0,    0,    0,    0,    0,    0,    0,    0,    0,    0,    0,    0,    0,    0,    0,    0,    0,    0,    0,    0,    0,    0,    0,    0,    0,    0,    0,    0,    0,    0,    0,    0,    0,    0,    0,    0,    0,    0,    0,    0,    0,    0,    0,    0,    0,    0,    0,    0,    0,    0,    0,    0,    0,    0,    0,    0,    0,    0,    0,    0,    0,    0,    0,    0],
        [  929,    0,    0,  264,  988,  340,  115,  806,  865,  870,  706,  658,  884,  494,  679, 1216,  456,  790,  945,  207,  359,  844,  488,  248,  437,  574,  674,  775,  900,  930,  204,  316,  765,  694,  825, 1027,  806,  761, 1083,  589,  977,   34, 1015, 1031,   53,  770,  972,  992,  417,  440,  763,  489,  846,  923, 1104,  394,  725,  823, 1032,  788, 1137,  591,  707,  550, 1138, 1057, 1217,  924,  858, 1051,  779,  982, 1021,  869,  634,  885, 1033,  471, 1015,  535,   56,  661,  852,  894,  976,  548],
        [  887,    0,  264,    0,  738,  175,  150,  768,  606,  616,  679,  409,  710,  237,  417, 1009,  264,  689,  880,  131,  382,  595,  402,   73,  268,  370,  510,  731,  660,  868,   85,  370,  530,  438,  584,  791,  559,  608,  868,  354,  800,  285,  771,  784,  213,  559,  748,  866,  483,  267,  711,  236,  839,  740,  959,  406,  462,  561,  918,  610,  931,  533,  489,  582,  920,  944, 1008,  682,  599,  909,  794,  767,  941,  787,  631,  627,  839,  250,  779,  364,  283,  580,  678,  803,  949,  285],
        [  916,    0,  988,  738,    0,  665,  881,  864,  397,  127,  854,  331,  434,  579,  427,  420,  558,  671,  851,  789,  855,  145,  688,  740,  594,  456,  486,  835,  123,  852,  785,  892,  243,  302,  177,  128,  184,  506,  290,  404,  447,  999,   68,   58,  936,  313,  199,  659,  943,  588,  807,  597,  978,  405,  639,  845,  382,  233,  724,  423,  374,  745,  330,  931,  305,  739,  412,   97,  172,  625, 1002,  258,  838,  758,  884,  433,  381,  524,  130,  531,  988,  702,  436,  737,  990,  480],
        [  716,    0,  340,  175,  665,    0,  255,  598,  634,  555,  513,  343,  556,  316,  447,  878,  117,  515,  707,  134,  260,  520,  231,  118,  102,  234,  348,  561,  568,  695,  155,  271,  432,  389,  494,  692,  481,  443,  744,  261,  648,  344,  685,  703,  292,  430,  633,  696,  367,  103,  540,  326,  675,  591,  794,  273,  479,  536,  746,  457,  798,  363,  368,  440,  798,  772,  878,  592,  557,  744,  637,  642,  767,  613,  472,  664,  698,  142,  679,  203,  329,  407,  523,  629,  779,  303],
        [  911,    0,  115,  150,  881,  255,    0,  788,  751,  761,  691,  551,  809,  380,  564, 1129,  368,  745,  917,  129,  354,  738,  442,  146,  356,  484,  601,  754,  798,  903,  102,  323,  664,  584,  722,  927,  700,  693,  992,  487,  902,  139,  911,  926,   66,  679,  877,  938,  436,  357,  738,  375,  842,  845, 1043,  386,  610,  711,  983,  711, 1050,  560,  613,  558, 1046, 1009, 1129,  821,  747,  991,  783,  891,  987,  832,  628,  771,  951,  373,  914,  457,  143,  622,  777,  854,  964,  434],
        [  124,    0,  806,  768,  864,  598,  788,    0, 1075,  831,  102,  714,  450,  879,  931,  764,  558,  194,  154,  670,  448,  772,  367,  700,  529,  541,  407,   38,  743,  137,  718,  495,  668,  767,  717,  794,  746,  359,  714,  640,  493,  786,  833,  861,  783,  562,  696,  331,  418,  533,   65,  895,  115,  495,  460,  413,  936,  899,  323,  441,  704,  235,  582,  288,  764,  340,  772,  767,  876,  415,  161,  653,  244,  143,  184, 1115,  592,  615,  781,  475,  759,  204,  437,  182,  182,  817],
        [ 1161,    0,  865,  606,  397,  634,  751, 1075,    0,  313, 1030,  362,  734,  373,  191,  816,  579,  905, 1113,  711,  888,  359,  779,  646,  621,  544,  671, 1040,  439, 1109,  682,  904,  430,  309,  410,  522,  365,  741,  678,  445,  782,  889,  464,  452,  816,  544,  564,  968,  993,  615, 1012,  380, 1183,  725,  985,  893,  156,  197, 1036,  675,  764,  887,  501, 1036,  700, 1055,  808,  435,  248,  958, 1179,  620, 1127, 1010, 1028,   42,  745,  519,  520,  621,  888,  878,  720, 1001, 1236,  334],
        [  898,    0,  870,  616,  127,  555,  761,  831,  313,    0,  806,  214,  438,  452,  306,  515,  455,  645,  841,  674,  764,   59,  608,  623,  494,  365,  431,  799,  127,  839,  667,  796,  167,  178,  115,  225,   89,  475,  372,  297,  475,  883,  179,  181,  818,  270,  252,  672,  857,  488,  770,  470,  944,  421,  677,  757,  264,  123,  739,  398,  457,  683,  258,  861,  401,  758,  508,  125,   65,  653,  957,  308,  841,  742,  825,  352,  433,  414,  220,  445,  873,  651,  430,  726,  974,  354],
        [  224,    0,  706,  679,  854,  513,  691,  102, 1030,  806,    0,  668,  467,  806,  875,  804,  487,  214,  252,  576,  347,  749,  285,  610,  454,  488,  376,   78,  732,  236,  625,  393,  640,  723,  695,  798,  719,  353,  738,  587,  526,  685,  830,  858,  684,  543,  702,  397,  317,  459,   84,  821,  164,  515,  528,  312,  885,  862,  402,  436,  738,  153,  551,  191,  790,  422,  812,  757,  847,  479,  151,  666,  340,  213,   85, 1068,  623,  546,  784,  414,  658,  156,  447,  252,  274,  753],
        [  804,    0,  658,  409,  331,  343,  551,  714,  362,  214,  668,    0,  422,  288,  231,  635,  249,  550,  761,  460,  565,  187,  428,  410,  290,  184,  313,  679,  256,  755,  455,  592,  139,   56,  181,  387,  151,  393,  487,   92,  494,  670,  363,  376,  606,  224,  359,  643,  664,  284,  650,  308,  821,  430,  689,  562,  225,  207,  708,  341,  562,  527,  159,  687,  533,  731,  632,  276,  217,  652,  818,  394,  784,  657,  670,  402,  495,  202,  376,  265,  659,  516,  399,  652,  878,  184],
        [  486,    0,  884,  710,  434,  556,  809,  450,  734,  438,  467,  422,    0,  689,  649,  359,  447,  258,  418,  684,  611,  382,  427,  670,  454,  343,  211,  428,  324,  420,  710,  661,  308,  455,  328,  348,  370,  137,  272,  399,   93,  881,  393,  421,  841,  200,  250,  235,  662,  453,  402,  709,  563,   50,  269,  586,  631,  539,  303,  100,  284,  408,  265,  599,  326,  322,  364,  343,  497,  231,  602,  204,  406,  329,  521,  776,  167,  465,  336,  353,  860,  338,   33,  305,  559,  593],
        [  988,    0,  494,  237,  579,  316,  380,  879,  373,  452,  806,  288,  689,    0,  190,  922,  321,  754,  962,  355,  574,  451,  524,  289,  353,  366,  529,  841,  533,  953,  318,  577,  427,  287,  462,  661,  423,  626,  773,  291,  769,  518,  626,  632,  445,  500,  645,  891,  680,  348,  816,   21,  969,  705,  956,  589,  240,  366,  952,  597,  849,  653,  428,  755,  818,  976,  918,  548,  417,  914,  941,  681, 1005,  860,  778,  392,  780,  266,  652,  410,  518,  676,  662,  866, 1058,  105],
        [ 1027,    0,  679,  417,  427,  447,  564,  931,  191,  306,  875,  231,  649,  190,    0,  813,  403,  776,  988,  521,  704,  326,  610,  456,  444,  391,  539,  894,  414,  982,  492,  717,  347,  194,  356,  530,  310,  623,  666,  292,  714,  701,  485,  484,  628,  449,  539,  873,  810,  438,  867,  201, 1033,  651,  914,  712,   52,  197,  939,  571,  748,  726,  389,  862,  701,  961,  807,  422,  256,  879, 1020,  586, 1014,  884,  864,  218,  701,  341,  523,  461,  699,  729,  628,  881, 1101,  145],
        [  757,    0, 1216, 1009,  420,  878, 1129,  764,  816,  515,  804,  635,  359,  922,  813,    0,  762,  591,  678, 1010,  968,  488,  782,  984,  780,  646,  556,  751,  399,  687, 1027, 1017,  496,  639,  463,  295,  506,  496,  149,  660,  281, 1217,  353,  368, 1169,  451,  278,  449, 1021,  777,  729,  942,  867,  311,  352,  944,  775,  637,  491,  440,   80,  766,  521,  953,  116,  492,   13,  393,  576,  373,  924,  244,  623,  624,  868,  852,  193,  760,  297,  683, 1198,  692,  389,  588,  818,  817],
        [  669,    0,  456,  264,  558,  117,  368,  558,  579,  455,  487,  249,  447,  321,  403,  762,    0,  444,  648,  250,  317,  415,  209,  225,   43,  118,  246,  521,  456,  638,  267,  344,  320,  301,  384,  578,  376,  345,  627,  160,  539,  460,  574,  593,  408,  314,  517,  607,  419,   37,  496,  337,  650,  480,  696,  318,  424,  453,  662,  348,  683,  334,  253,  459,  682,  687,  762,  481,  465,  647,  626,  526,  697,  548,  465,  613,  584,   62,  565,  102,  444,  356,  415,  558,  737,  270],
        [  257,    0,  790,  689,  671,  515,  745,  194,  905,  645,  214,  550,  258,  754,  776,  591,  444,    0,  212,  618,  455,  586,  304,  630,  426,  393,  238,  170,  552,  206,  658,  508,  485,  599,  530,  601,  562,  170,  527,  487,  312,  777,  639,  668,  757,  376,  503,  210,  471,  428,  144,  771,  308,  305,  337,  422,  774,  721,  242,  250,  525,  213,  406,  375,  579,  267,  598,  575,  694,  285,  345,  461,  254,  108,  281,  946,  410,  491,  588,  346,  752,  134,  244,  115,  332,  678],
        [   81,    0,  945,  880,  851,  707,  917,  154, 1113,  841,  252,  761,  418,  962,  988,  678,  648,  212,    0,  794,  589,  783,  481,  816,  625,  604,  450,  176,  737,   17,  840,  639,  688,  809,  726,  763,  762,  373,  657,  699,  433,  927,  810,  838,  918,  575,  666,  230,  569,  628,  183,  980,  208,  454,  344,  554,  985,  925,  197,  444,  629,  357,  613,  441,  699,  208,  688,  758,  894,  308,  288,  615,   92,  105,  336, 1154,  529,  698,  752,  553,  900,  300,  417,  115,  144,  889],
        [  792,    0,  207,  131,  789,  134,  129,  670,  711,  674,  576,  460,  684,  355,  521, 1010,  250,  618,  794,    0,  257,  644,  316,   67,  232,  367,  475,  635,  696,  781,   53,  241,  560,  501,  622,  822,  605,  566,  877,  386,  777,  213,  812,  829,  159,  563,  766,  810,  354,  234,  618,  358,  731,  721,  915,  284,  561,  640,  856,  586,  931,  439,  501,  461,  931,  881, 1011,  720,  669,  863,  679,  775,  862,  707,  519,  737,  829,  267,  809,  332,  200,  497,  651,  728,  849,  379],
        [  570,    0,  359,  382,  855,  260,  354,  448,  888,  764,  347,  565,  611,  574,  704,  968,  317,  455,  589,  257,    0,  718,  187,  310,  275,  401,  416,  417,  742,  574,  310,   53,  613,  618,  678,  850,  680,  475,  856,  474,  699,  339,  859,  882,  340,  566,  771,  664,  107,  282,  407,  582,  490,  657,  787,   35,  732,  769,  695,  529,  890,  244,  528,  205,  914,  719,  971,  769,  779,  733,  429,  761,  669,  520,  277,  920,  776,  373,  836,  325,  312,  322,  580,  550,  618,  561],
        [  840,    0,  844,  595,  145,  520,  738,  772,  359,   59,  749,  187,  382,  451,  326,  488,  415,  586,  783,  644,  718,    0,  557,  596,  452,  318,  374,  741,   89,  781,  641,  752,  111,  166,   57,  210,   40,  417,  341,  260,  424,  855,  178,  189,  792,  211,  215,  617,  809,  446,  712,  471,  886,  368,  627,  710,  290,  163,  684,  340,  424,  628,  203,  808,  377,  703,  482,   98,  115,  601,  900,  267,  784,  683,  770,  400,  389,  379,  202,  396,  843,  594,  373,  668,  916,  349],
        [  486,    0,  488,  402,  688,  231,  442,  367,  779,  608,  285,  428,  427,  524,  610,  782,  209,  304,  481,  316,  187,  557,    0,  336,  172,  247,  230,  330,  570,  468,  360,  236,  448,  484,  512,  672,  521,  291,  671,  338,  515,  477,  685,  709,  453,  387,  589,  505,  258,  177,  310,  538,  448,  472,  619,  166,  627,  634,  545,  343,  704,  133,  359,  259,  728,  570,  785,  597,  633,  566,  418,  576,  546,  392,  257,  815,  590,  271,  657,  165,  453,  182,  395,  413,  549,  479],
        [  820,    0,  248,   73,  740,  118,  146,  700,  646,  623,  610,  410,  670,  289,  456,  984,  225,  630,  816,   67,  310,  596,  336,    0,  218,  339,  465,  664,  653,  804,   45,  300,  519,  447,  578,  782,  558,  560,  846,  342,  762,  261,  768,  783,  196,  534,  731,  813,  412,  219,  644,  291,  769,  704,  912,  334,  497,  582,  863,  571,  905,  465,  467,  510,  900,  888,  984,  677,  613,  861,  722,  745,  879,  725,  559,  671,  808,  227,  769,  319,  253,  517,  638,  743,  880,  316],
        [  642,    0,  437,  268,  594,  102,  356,  529,  621,  494,  454,  290,  454,  353,  444,  780,   43,  426,  625,  232,  275,  452,  172,  218,    0,  144,  247,  492,  488,  615,  256,  304,  354,  343,  419,  608,  413,  342,  649,  200,  546,  438,  607,  627,  390,  336,  543,  599,  377,    7,  468,  368,  617,  490,  694,  275,  466,  494,  651,  355,  701,  301,  280,  418,  704,  677,  781,  514,  505,  644,  590,  548,  679,  528,  428,  655,  598,  103,  595,  101,  420,  330,  422,  540,  709,  309],
        [  638,    0,  574,  370,  456,  234,  484,  541,  544,  365,  488,  184,  343,  366,  391,  646,  118,  393,  604,  367,  401,  318,  247,  339,  144,    0,  163,  504,  347,  597,  382,  436,  214,  240,  279,  465,  280,  261,  510,  100,  432,  577,  465,  486,  525,  197,  401,  527,  493,  139,  477,  385,  644,  371,  602,  393,  398,  388,  587,  244,  567,  344,  137,  505,  565,  611,  646,  373,  386,  556,  636,  409,  641,  501,  486,  582,  470,  123,  452,   82,  560,  338,  313,  503,  712,  285],
        [  492,    0,  674,  510,  486,  348,  601,  407,  671,  431,  376,  313,  211,  529,  539,  556,  246,  238,  450,  475,  416,  374,  230,  465,  247,  163,    0,  373,  364,  443,  503,  464,  265,  363,  321,  450,  344,  100,  441,  251,  303,  671,  472,  497,  631,  173,  363,  366,  483,  246,  344,  548,  518,  251,  450,  395,  537,  492,  424,  116,  477,  260,  177,  450,  498,  449,  559,  390,  472,  401,  526,  346,  480,  345,  399,  711,  366,  277,  436,  147,  650,  221,  178,  344,  566,  446],
        [  158,    0,  775,  731,  835,  561,  754,   38, 1040,  799,   78,  679,  428,  841,  894,  751,  521,  170,  176,  635,  417,  741,  330,  664,  492,  504,  373,    0,  714,  160,  683,  465,  635,  732,  685,  769,  714,  330,  695,  603,  477,  755,  806,  834,  751,  531,  671,  328,  394,  496,   29,  857,  146,  474,  459,  382,  900,  865,  328,  413,  688,  199,  549,  268,  746,  347,  759,  738,  844,  412,  176,  631,  262,  141,  163, 1080,  576,  577,  756,  438,  728,  167,  413,  180,  219,  780],
        [  800,    0,  900,  660,  123,  568,  798,  743,  439,  127,  732,  256,  324,  533,  414,  399,  456,  552,  737,  696,  742,   89,  570,  653,  488,  347,  364,  714,    0,  737,  698,  781,  136,  246,   76,  131,  111,  385,  252,  312,  352,  908,  119,  140,  849,  191,  128,  556,  826,  483,  686,  553,  858,  302,  553,  730,  378,  247,  622,  303,  336,  623,  214,  810,  289,  639,  394,   28,  191,  531,  880,  182,  730,  642,  762,  479,  307,  429,  120,  417,  895,  579,  321,  623,  875,  429],
        [   71,    0,  930,  868,  852,  695,  903,  137, 1109,  839,  236,  755,  420,  953,  982,  687,  638,  206,   17,  781,  574,  781,  468,  804,  615,  597,  443,  160,  737,    0,  827,  623,  685,  804,  724,  766,  760,  369,  662,  692,  438,  912,  812,  840,  904,  573,  669,  239,  552,  618,  168,  971,  194,  457,  356,  539,  980,  922,  209,  442,  636,  343,  608,  425,  706,  221,  697,  758,  891,  319,  273,  618,  108,  100,  320, 1149,  535,  689,  754,  544,  885,  288,  417,  116,  140,  881],
        [  840,    0,  204,   85,  785,  155,  102,  718,  682,  667,  625,  455,  710,  318,  492, 1027,  267,  658,  840,   53,  310,  641,  360,   45,  256,  382,  503,  683,  698,  827,    0,  292,  564,  491,  623,  827,  603,  597,  890,  387,  802,  218,  813,  828,  152,  577,  775,  847,  406,  258,  665,  319,  782,  744,  947,  337,  535,  624,  894,  611,  948,  485,  511,  513,  944,  920, 1027,  722,  656,  896,  731,  789,  905,  751,  570,  705,  850,  272,  814,  357,  210,  541,  677,  770,  898,  354],
        [  617,    0,  316,  370,  892,  271,  323,  495,  904,  796,  393,  592,  661,  577,  717, 1017,  344,  508,  639,  241,   53,  752,  236,  300,  304,  436,  464,  465,  781,  623,  292,    0,  649,  644,  715,  892,  714,  526,  903,  503,  750,  293,  898,  920,  301,  609,  815,  717,  115,  310,  457,  583,  531,  707,  839,   86,  749,  795,  747,  577,  939,  297,  567,  237,  961,  771, 1020,  807,  808,  786,  465,  807,  719,  571,  319,  935,  825,  396,  878,  364,  266,  375,  630,  602,  662,  574],
        [  741,    0,  765,  530,  243,  432,  664,  668,  430,  167,  640,  139,  308,  427,  347,  496,  320,  485,  688,  560,  613,  111,  448,  519,  354,  214,  265,  635,  136,  685,  564,  649,    0,  155,   66,  263,   79,  317,  349,  177,  368,  773,  254,  273,  714,  114,  223,  540,  702,  348,  606,  447,  780,  306,  569,  603,  325,  238,  607,  246,  423,  517,   92,  697,  397,  627,  493,  162,  209,  536,  791,  255,  697,  586,  659,  472,  359,  294,  251,  289,  759,  485,  291,  574,  817,  322],
        [  854,    0,  694,  438,  302,  389,  584,  767,  309,  178,  723,   56,  455,  287,  194,  639,  301,  599,  809,  501,  618,  166,  484,  447,  343,  240,  363,  732,  246,  804,  491,  644,  155,    0,  176,  374,  136,  439,  490,  147,  521,  708,  343,  352,  641,  256,  361,  682,  718,  337,  703,  307,  875,  458,  720,  616,  179,  152,  748,  381,  569,  582,  200,  742,  532,  770,  634,  262,  169,  685,  873,  403,  829,  705,  725,  348,  512,  251,  365,  321,  698,  570,  435,  699,  929,  184],
        [  783,    0,  825,  584,  177,  494,  722,  717,  410,  115,  695,  181,  328,  462,  356,  463,  384,  530,  726,  622,  678,   57,  512,  578,  419,  279,  321,  685,   76,  724,  623,  715,   66,  176,    0,  207,   48,  360,  315,  237,  374,  834,  191,  209,  774,  155,  186,  562,  767,  413,  657,  482,  830,  316,  577,  668,  326,  213,  630,  283,  394,  577,  154,  760,  357,  649,  458,   99,  170,  549,  846,  230,  728,  627,  718,  451,  347,  355,  196,  354,  821,  541,  317,  611,  859,  357],
        [  833,    0, 1027,  791,  128,  692,  927,  794,  522,  225,  798,  387,  348,  661,  530,  295,  578,  601,  763,  822,  850,  210,  672,  782,  608,  465,  450,  769,  131,  766,  827,  892,  263,  374,  207,    0,  239,  445,  163,  440,  340, 1035,   62,   85,  976,  285,   99,  557,  928,  604,  742,  680,  908,  310,  523,  835,  489,  345,  620,  364,  246,  707,  329,  899,  180,  632,  287,  113,  284,  514,  941,  150,  740,  677,  839,  558,  264,  556,   15,  529, 1020,  653,  358,  651,  905,  558],
        [  817,    0,  806,  559,  184,  481,  700,  746,  365,   89,  719,  151,  370,  423,  310,  506,  376,  562,  762,  605,  680,   40,  521,  558,  413,  280,  344,  714,  111,  760,  603,  714,   79,  136,   48,  239,    0,  393,  358,  221,  420,  816,  213,  226,  754,  188,  230,  605,  772,  407,  685,  443,  859,  361,  623,  672,  279,  169,  672,  319,  439,  594,  170,  773,  398,  692,  501,  127,  132,  594,  870,  277,  768,  662,  737,  406,  394,  340,  229,  358,  804,  564,  358,  648,  893,  319],
        [  425,    0,  761,  608,  506,  443,  693,  359,  741,  475,  353,  393,  137,  626,  623,  496,  345,  170,  373,  566,  475,  417,  291,  560,  342,  261,  100,  330,  385,  369,  597,  526,  317,  439,  360,  445,  393,    0,  400,  342,  224,  755,  479,  506,  719,  206,  350,  267,  526,  342,  302,  645,  474,  185,  352,  449,  616,  553,  327,   83,  421,  275,  241,  467,  456,  351,  501,  409,  524,  302,  498,  318,  392,  270,  396,  782,  304,  376,  432,  244,  733,  211,  108,  261,  501,  539],
        [  732,    0, 1083,  868,  290,  744,  992,  714,  678,  372,  738,  487,  272,  773,  666,  149,  627,  527,  657,  877,  856,  341,  671,  846,  649,  510,  441,  695,  252,  662,  890,  903,  349,  490,  315,  163,  358,  400,    0,  516,  225, 1086,  224,  245, 1035,  314,  129,  435,  920,  645,  670,  794,  825,  224,  377,  835,  630,  494,  492,  331,   86,  675,  380,  867,   58,  500,  145,  248,  435,  378,  871,  102,  619,  584,  792,  716,  128,  621,  161,  556, 1068,  608,  295,  552,  800,  669],
        [  736,    0,  589,  354,  404,  261,  487,  640,  445,  297,  587,   92,  399,  291,  292,  660,  160,  487,  699,  386,  474,  260,  338,  342,  200,  100,  251,  603,  312,  692,  387,  503,  177,  147,  237,  440,  221,  342,  516,    0,  481,  598,  427,  443,  538,  216,  394,  604,  572,  194,  576,  311,  743,  417,  666,  471,  298,  298,  667,  307,  583,  442,  143,  597,  567,  690,  658,  335,  306,  624,  735,  417,  730,  594,  584,  483,  501,  120,  428,  177,  585,  438,  372,  594,  809,  198],
        [  508,    0,  977,  800,  447,  648,  902,  493,  782,  475,  526,  494,   93,  769,  714,  281,  539,  312,  433,  777,  699,  424,  515,  762,  546,  432,  303,  477,  352,  438,  802,  750,  368,  521,  374,  340,  420,  224,  225,  481,    0,  973,  395,  422,  933,  271,  249,  217,  745,  545,  453,  790,  602,   65,  204,  672,  692,  586,  280,  192,  213,  486,  342,  673,  272,  293,  288,  365,  537,  180,  652,  192,  401,  360,  588,  823,  100,  554,  331,  445,  952,  412,  126,  327,  576,  670],
        [  908,    0,   34,  285,  999,  344,  139,  786,  889,  883,  685,  670,  881,  518,  701, 1217,  460,  777,  927,  213,  339,  855,  477,  261,  438,  577,  671,  755,  908,  912,  218,  293,  773,  708,  834, 1035,  816,  755, 1086,  598,  973,    0, 1024, 1041,   74,  773,  977,  981,  391,  441,  744,  513,  822,  920, 1095,  374,  746,  840, 1019,  785, 1137,  575,  712,  525, 1141, 1044, 1218,  933,  873, 1042,  753,  985, 1004,  853,  611,  909, 1032,  480, 1022,  534,   28,  647,  848,  880,  954,  568],
        [  878,    0, 1015,  771,   68,  685,  911,  833,  464,  179,  830,  363,  393,  626,  485,  353,  574,  639,  810,  812,  859,  178,  685,  768,  607,  465,  472,  806,  119,  812,  813,  898,  254,  343,  191,   62,  213,  479,  224,  427,  395, 1024,    0,   29,  964,  301,  146,  610,  942,  602,  778,  645,  947,  358,  582,  846,  441,  294,  674,  396,  308,  731,  332,  921,  238,  687,  345,   93,  233,  570,  976,  203,  792,  721,  866,  500,  322,  546,   67,  535, 1011,  682,  399,  697,  951,  525],
        [  906,    0, 1031,  784,   58,  703,  926,  861,  452,  181,  858,  376,  421,  632,  484,  368,  593,  668,  838,  829,  882,  189,  709,  783,  627,  486,  497,  834,  140,  840,  828,  920,  273,  352,  209,   85,  226,  506,  245,  443,  422, 1041,   29,    0,  979,  326,  174,  637,  966,  621,  806,  651,  975,  386,  607,  869,  439,  291,  701,  423,  327,  757,  354,  946,  254,  714,  359,  113,  230,  597, 1004,  230,  819,  749,  893,  487,  348,  563,   92,  557, 1028,  709,  427,  725,  980,  532],
        [  907,    0,   53,  213,  936,  292,   66,  783,  816,  818,  684,  606,  841,  445,  628, 1169,  408,  757,  918,  159,  340,  792,  453,  196,  390,  525,  631,  751,  849,  904,  152,  301,  714,  641,  774,  976,  754,  719, 1035,  538,  933,   74,  964,  979,    0,  721,  922,  956,  409,  393,  738,  440,  829,  878, 1065,  374,  674,  771,  997,  743, 1090,  562,  658,  538, 1089, 1023, 1169,  872,  806, 1013,  766,  933,  992,  839,  616,  836,  987,  421,  964,  490,   80,  630,  808,  863,  957,  497],
        [  630,    0,  770,  559,  313,  430,  679,  562,  544,  270,  543,  224,  200,  500,  449,  451,  314,  376,  575,  563,  566,  211,  387,  534,  336,  197,  173,  531,  191,  573,  577,  609,  114,  256,  155,  285,  188,  206,  314,  216,  271,  773,  301,  326,  721,    0,  208,  428,  644,  333,  502,  521,  676,  207,  466,  550,  433,  352,  494,  132,  373,  433,   74,  621,  369,  516,  451,  217,  319,  430,  693,  213,  583,  474,  571,  585,  285,  310,  271,  248,  756,  390,  180,  461,  706,  400],
        [  735,    0,  972,  748,  199,  633,  877,  696,  564,  252,  702,  359,  250,  645,  539,  278,  517,  503,  666,  766,  771,  215,  589,  731,  543,  401,  363,  671,  128,  669,  775,  815,  223,  361,  186,   99,  230,  350,  129,  394,  249,  977,  146,  174,  922,  208,    0,  464,  844,  539,  644,  665,  810,  213,  442,  754,  504,  373,  528,  269,  210,  615,  265,  808,  174,  542,  274,  129,  316,  427,  844,   61,  646,  579,  744,  603,  186,  504,   86,  456,  961,  558,  260,  554,  808,  540],
        [  309,    0,  992,  866,  659,  696,  938,  331,  968,  672,  397,  643,  235,  891,  873,  449,  607,  210,  230,  810,  664,  617,  505,  813,  599,  527,  366,  328,  556,  239,  847,  717,  540,  682,  562,  557,  605,  267,  435,  604,  217,  981,  610,  637,  956,  428,  464,    0,  679,  600,  314,  910,  424,  255,  132,  632,  860,  773,   68,  303,  401,  422,  485,  576,  474,   88,  458,  572,  731,   85,  490,  408,  185,  189,  475, 1010,  307,  642,  547,  505,  956,  343,  249,  150,  371,  801],
        [  536,    0,  417,  483,  943,  367,  436,  418,  993,  857,  317,  664,  662,  680,  810, 1021,  419,  471,  569,  354,  107,  809,  258,  412,  377,  493,  483,  394,  826,  552,  406,  115,  702,  718,  767,  928,  772,  526,  920,  572,  745,  391,  942,  966,  409,  644,  844,  679,    0,  383,  391,  688,  436,  711,  808,  102,  838,  870,  700,  590,  946,  263,  614,  137,  977,  723, 1026,  853,  876,  755,  364,  828,  655,  516,  235, 1026,  829,  476,  914,  414,  364,  342,  633,  550,  572,  668],
        [  646,    0,  440,  267,  588,  103,  357,  533,  615,  488,  459,  284,  453,  348,  438,  777,   37,  428,  628,  234,  282,  446,  177,  219,    7,  139,  246,  496,  483,  618,  258,  310,  348,  337,  413,  604,  407,  342,  645,  194,  545,  441,  602,  621,  393,  333,  539,  600,  383,    0,  472,  363,  622,  488,  694,  282,  460,  488,  652,  354,  698,  306,  276,  424,  701,  678,  778,  509,  499,  644,  595,  544,  682,  530,  433,  649,  595,   97,  590,  100,  423,  333,  420,  543,  713,  303],
        [  177,    0,  763,  711,  807,  540,  738,   65, 1012,  770,   84,  650,  402,  816,  867,  729,  496,  144,  183,  618,  407,  712,  310,  644,  468,  477,  344,   29,  686,  168,  665,  457,  606,  703,  657,  742,  685,  302,  670,  576,  453,  744,  778,  806,  738,  502,  644,  314,  391,  472,    0,  832,  174,  448,  446,  372,  872,  836,  319,  384,  666,  180,  520,  271,  722,  339,  737,  710,  815,  397,  201,  604,  265,  130,  166, 1051,  552,  552,  729,  412,  718,  141,  386,  168,  242,  754],
        [ 1004,    0,  489,  236,  597,  326,  375,  895,  380,  470,  821,  308,  709,   21,  201,  942,  337,  771,  980,  358,  582,  471,  538,  291,  368,  385,  548,  857,  553,  971,  319,  583,  447,  307,  482,  680,  443,  645,  794,  311,  790,  513,  645,  651,  440,  521,  665,  910,  688,  363,  832,    0,  984,  726,  976,  598,  252,  382,  971,  617,  870,  668,  449,  766,  838,  995,  938,  568,  434,  934,  955,  702, 1023,  878,  791,  397,  800,  283,  671,  427,  515,  692,  682,  884, 1074,  126],
        [  136,    0,  846,  839,  978,  675,  842,  115, 1183,  944,  164,  821,  563,  969, 1033,  867,  650,  308,  208,  731,  490,  886,  448,  769,  617,  644,  518,  146,  858,  194,  782,  531,  780,  875,  830,  908,  859,  474,  825,  743,  602,  822,  947,  975,  829,  676,  810,  424,  436,  622,  174,  984,    0,  607,  547,  457, 1041, 1009,  402,  556,  810,  317,  694,  300,  873,  415,  876,  882,  989,  507,   88,  767,  295,  244,  214, 1222,  701,  709,  895,  574,  795,  306,  551,  280,  142,  914],
        [  524,    0,  923,  740,  405,  591,  845,  495,  725,  421,  515,  430,   50,  705,  651,  311,  480,  305,  454,  721,  657,  368,  472,  704,  490,  371,  251,  474,  302,  457,  744,  707,  306,  458,  316,  310,  361,  185,  224,  417,   65,  920,  358,  386,  878,  207,  213,  255,  711,  488,  448,  726,  607,    0,  264,  633,  630,  528,  321,  136,  236,  457,  277,  648,  277,  338,  316,  318,  482,  234,  649,  162,  434,  370,  570,  766,  119,  493,  299,  389,  900,  388,   78,  342,  596,  606],
        [  424,    0, 1104,  959,  639,  794, 1043,  460,  985,  677,  528,  689,  269,  956,  914,  352,  696,  337,  344,  915,  787,  627,  619,  912,  694,  602,  450,  459,  553,  356,  947,  839,  569,  720,  577,  523,  623,  352,  377,  666,  204, 1095,  582,  607, 1065,  466,  442,  132,  808,  694,  446,  976,  547,  264,    0,  755,  893,  789,  148,  361,  322,  548,  533,  707,  404,  143,  363,  564,  740,   54,  618,  382,  276,  320,  607, 1026,  260,  723,  516,  596, 1071,  468,  295,  280,  477,  861],
        [  536,    0,  394,  406,  845,  273,  386,  413,  893,  757,  312,  562,  586,  589,  712,  944,  318,  422,  554,  284,   35,  710,  166,  334,  275,  393,  395,  382,  730,  539,  337,   86,  603,  616,  668,  835,  672,  449,  835,  471,  672,  374,  846,  869,  374,  550,  754,  632,  102,  282,  372,  598,  457,  633,  755,    0,  738,  768,  661,  506,  867,  211,  516,  177,  893,  685,  948,  757,  775,  702,  398,  741,  634,  486,  243,  926,  751,  376,  821,  315,  347,  289,  555,  516,  584,  570],
        [ 1028,    0,  725,  462,  382,  479,  610,  936,  156,  264,  885,  225,  631,  240,   52,  775,  424,  774,  985,  561,  732,  290,  627,  497,  466,  398,  537,  900,  378,  980,  535,  749,  325,  179,  326,  489,  279,  616,  630,  298,  692,  746,  441,  439,  674,  433,  504,  860,  838,  460,  872,  252, 1041,  630,  893,  738,    0,  149,  926,  559,  713,  739,  378,  882,  663,  947,  769,  383,  210,  860, 1032,  554, 1007,  881,  878,  189,  672,  364,  483,  472,  743,  735,  612,  876, 1102,  182],
        [  977,    0,  823,  561,  233,  536,  711,  899,  197,  123,  862,  207,  539,  366,  197,  637,  453,  721,  925,  640,  769,  163,  634,  582,  494,  388,  492,  865,  247,  922,  624,  795,  238,  152,  213,  345,  169,  553,  494,  298,  586,  840,  294,  291,  771,  352,  373,  773,  870,  488,  836,  382, 1009,  528,  789,  768,  149,    0,  840,  484,  579,  727,  317,  892,  522,  860,  630,  247,   62,  762, 1013,  428,  935,  823,  870,  238,  551,  400,  341,  469,  833,  708,  526,  812, 1053,  281],
        [  277,    0, 1032,  918,  724,  746,  983,  323, 1036,  739,  402,  708,  303,  952,  939,  491,  662,  242,  197,  856,  695,  684,  545,  863,  651,  587,  424,  328,  622,  209,  894,  747,  607,  748,  630,  620,  672,  327,  492,  667,  280, 1019,  674,  701,  997,  494,  528,   68,  700,  652,  319,  971,  402,  321,  148,  661,  926,  840,    0,  368,  450,  451,  550,  588,  527,   26,  502,  639,  799,  119,  476,  471,  132,  189,  484, 1077,  365,  700,  610,  560,  994,  374,  316,  152,  330,  864],
        [  501,    0,  788,  610,  423,  457,  711,  441,  675,  398,  436,  341,  100,  597,  571,  440,  348,  250,  444,  586,  529,  340,  343,  571,  355,  244,  116,  413,  303,  442,  611,  577,  246,  381,  283,  364,  319,   83,  331,  307,  192,  785,  396,  423,  743,  132,  269,  303,  590,  354,  384,  617,  556,  136,  361,  506,  559,  484,  368,    0,  362,  349,  183,  542,  388,  391,  444,  327,  450,  318,  581,  242,  452,  344,  476,  716,  250,  366,  350,  255,  765,  290,   69,  330,  577,  503],
        [  707,    0, 1137,  931,  374,  798, 1050,  704,  764,  457,  738,  562,  284,  849,  748,   80,  683,  525,  629,  931,  890,  424,  704,  905,  701,  567,  477,  688,  336,  636,  948,  939,  423,  569,  394,  246,  439,  421,   86,  583,  213, 1137,  308,  327, 1090,  373,  210,  401,  946,  698,  666,  870,  810,  236,  322,  867,  713,  579,  450,  362,    0,  692,  443,  882,   85,  455,   82,  333,  520,  333,  863,  169,  581,  566,  799,  801,  118,  682,  246,  604, 1118,  621,  313,  532,  771,  745],
        [  355,    0,  591,  533,  745,  363,  560,  235,  887,  683,  153,  527,  408,  653,  726,  766,  334,  213,  357,  439,  244,  628,  133,  465,  301,  344,  260,  199,  623,  343,  485,  297,  517,  582,  577,  707,  594,  275,  675,  442,  486,  575,  731,  757,  562,  433,  615,  422,  263,  306,  180,  668,  317,  457,  548,  211,  739,  727,  451,  349,  692,    0,  426,  194,  731,  475,  771,  649,  717,  495,  295,  590,  431,  278,  144,  924,  575,  394,  693,  267,  549,   80,  382,  306,  416,  601],
        [  662,    0,  707,  489,  330,  368,  613,  582,  501,  258,  551,  159,  265,  428,  389,  521,  253,  406,  613,  501,  528,  203,  359,  467,  280,  137,  177,  549,  214,  608,  511,  567,   92,  200,  154,  329,  170,  241,  380,  143,  342,  712,  332,  354,  658,   74,  265,  485,  614,  276,  520,  449,  694,  277,  533,  516,  378,  317,  550,  183,  443,  426,    0,  606,  433,  573,  520,  241,  296,  494,  702,  279,  630,  509,  568,  542,  358,  241,  315,  204,  696,  396,  241,  501,  737,  329],
        [  403,    0,  550,  582,  931,  440,  558,  288, 1036,  861,  191,  687,  599,  755,  862,  953,  459,  375,  441,  461,  205,  808,  259,  510,  418,  505,  450,  268,  810,  425,  513,  237,  697,  742,  760,  899,  773,  467,  867,  597,  673,  525,  921,  946,  538,  621,  808,  576,  137,  424,  271,  766,  300,  648,  707,  177,  882,  892,  588,  542,  882,  194,  606,    0,  923,  609,  959,  837,  889,  656,  229,  783,  530,  400,  106, 1071,  764,  521,  885,  423,  498,  261,  573,  437,  437,  725],
        [  776,    0, 1138,  920,  305,  798, 1046,  764,  700,  401,  790,  533,  326,  818,  701,  116,  682,  579,  699,  931,  914,  377,  728,  900,  704,  565,  498,  746,  289,  706,  944,  961,  397,  532,  357,  180,  398,  456,   58,  567,  272, 1141,  238,  254, 1089,  369,  174,  474,  977,  701,  722,  838,  873,  277,  404,  893,  663,  522,  527,  388,   85,  731,  433,  923,    0,  534,  108,  280,  462,  411,  921,  157,  657,  631,  846,  737,  172,  674,  182,  612, 1124,  663,  350,  598,  843,  713],
        [  286,    0, 1057,  944,  739,  772, 1009,  340, 1055,  758,  422,  731,  322,  976,  961,  492,  687,  267,  208,  881,  719,  703,  570,  888,  677,  611,  449,  347,  639,  221,  920,  771,  627,  770,  649,  632,  692,  351,  500,  690,  293, 1044,  687,  714, 1023,  516,  542,   88,  723,  678,  339,  995,  415,  338,  143,  685,  947,  860,   26,  391,  455,  475,  573,  609,  534,    0,  503,  655,  817,  124,  491,  484,  134,  210,  505, 1097,  375,  725,  623,  585, 1019,  399,  337,  174,  335,  888],
        [  767,    0, 1217, 1008,  412,  878, 1129,  772,  808,  508,  812,  632,  364,  918,  807,   13,  762,  598,  688, 1011,  971,  482,  785,  984,  781,  646,  559,  759,  394,  697, 1027, 1020,  493,  634,  458,  287,  501,  501,  145,  658,  288, 1218,  345,  359, 1169,  451,  274,  458, 1026,  778,  737,  938,  876,  316,  363,  948,  769,  630,  502,  444,   82,  771,  520,  959,  108,  503,    0,  386,  569,  384,  932,  242,  633,  633,  875,  844,  197,  760,  290,  685, 1199,  698,  393,  597,  828,  813],
        [  822,    0,  924,  682,   97,  592,  821,  767,  435,  125,  757,  276,  343,  548,  422,  393,  481,  575,  758,  720,  769,   98,  597,  677,  514,  373,  390,  738,   28,  758,  722,  807,  162,  262,   99,  113,  127,  409,  248,  335,  365,  933,   93,  113,  872,  217,  129,  572,  853,  509,  710,  568,  882,  318,  564,  757,  383,  247,  639,  327,  333,  649,  241,  837,  280,  655,  386,    0,  188,  545,  905,  187,  749,  664,  788,  474,  313,  454,  104,  444,  919,  605,  342,  644,  896,  445],
        [  949,    0,  858,  599,  172,  557,  747,  876,  248,   65,  847,  217,  497,  417,  256,  576,  465,  694,  894,  669,  779,  115,  633,  613,  505,  386,  472,  844,  191,  891,  656,  808,  209,  169,  170,  284,  132,  524,  435,  306,  537,  873,  233,  230,  806,  319,  316,  731,  876,  499,  815,  434,  989,  482,  740,  775,  210,   62,  799,  450,  520,  717,  296,  889,  462,  817,  569,  188,    0,  715,  997,  373,  898,  793,  860,  288,  497,  417,  280,  468,  865,  691,  487,  779, 1025,  325],
        [  389,    0, 1051,  909,  625,  744,  991,  415,  958,  653,  479,  652,  231,  914,  879,  373,  647,  285,  308,  863,  733,  601,  566,  861,  644,  556,  401,  412,  531,  319,  896,  786,  536,  685,  549,  514,  594,  302,  378,  624,  180, 1042,  570,  597, 1013,  430,  427,   85,  755,  644,  397,  934,  507,  234,   54,  702,  860,  762,  119,  318,  333,  495,  494,  656,  411,  124,  384,  545,  715,    0,  574,  368,  251,  273,  556,  999,  254,  676,  506,  546, 1018,  415,  254,  234,  446,  819],
        [  222,    0,  779,  794, 1002,  637,  783,  161, 1179,  957,  151,  818,  602,  941, 1020,  924,  626,  345,  288,  679,  429,  900,  418,  722,  590,  636,  526,  176,  880,  273,  731,  465,  791,  873,  846,  941,  870,  498,  871,  735,  652,  753,  976, 1004,  766,  693,  844,  490,  364,  595,  201,  955,   88,  649,  618,  398, 1032, 1013,  476,  581,  863,  295,  702,  229,  921,  491,  932,  905,  997,  574,    0,  805,  378,  303,  165, 1217,  751,  687,  928,  560,  726,  307,  587,  342,  227,  894],
        [  686,    0,  982,  767,  258,  642,  891,  653,  620,  308,  666,  394,  204,  681,  586,  244,  526,  461,  615,  775,  761,  267,  576,  745,  548,  409,  346,  631,  182,  618,  789,  807,  255,  403,  230,  150,  277,  318,  102,  417,  192,  985,  203,  230,  933,  213,   61,  408,  828,  544,  604,  702,  767,  162,  382,  741,  554,  428,  471,  242,  169,  590,  279,  783,  157,  484,  242,  187,  373,  368,  805,    0,  591,  532,  714,  660,  126,  520,  140,  456,  967,  528,  219,  504,  758,  577],
