{
    "name": "random-35-7667",
    "comment": "size=35 seed=7667",
    "nodes": ["+0", "-0", "+1", "-1", "+2", "-2", "+3", "-3", "+4", "-4", "+5", "-5", "+6", "-6", "+7", "-7", "+8", "-8", "+9", "-9", "+10", "-10", "+11", "-11", "+12", "-12", "+13", "-13", "+14", "-14", "+15", "-15", "+16", "-16", "+17", "-17", "+18", "-18", "+19", "-19", "+20", "-20", "+21", "-21", "+22", "-22", "+23", "-23", "+24", "-24", "+25", "-25", "+26", "-26", "+27", "-27", "+28", "-28", "+29", "-29", "+30", "-30", "+31", "-31", "+32", "-32", "+33", "-33", "+34", "-34", "+35", "-35"],
    "precedence": {
        "+0": "-0",
        "+1": "-1",
        "+2": "-2",
        "+3": "-3",
        "+4": "-4",
        "+5": "-5",
        "+6": "-6",
        "+7": "-7",
        "+8": "-8",
        "+9": "-9",
        "+10": "-10",
        "+11": "-11",
        "+12": "-12",
        "+13": "-13",
        "+14": "-14",
        "+15": "-15",
        "+16": "-16",
        "+17": "-17",
        "+18": "-18",
        "+19": "-19",
        "+20": "-20",
        "+21": "-21",
        "+22": "-22",
        "+23": "-23",
        "+24": "-24",
        "+25": "-25",
        "+26": "-26",
        "+27": "-27",
        "+28": "-28",
        "+29": "-29",
        "+30": "-30",
        "+31": "-31",
        "+32": "-32",
        "+33": "-33",
        "+34": "-34",
        "+35": "-35"
    },
    "edges": [
        [    0,    0,  709,  712,  455,  209,  376,  977,  838,  480,  772,  492,  845, 1092, 1029,  387,  827,  549,  528,  548,  614,  530,  592,  812,  102,  649,  689,  790,  839, 1043,  457,  470,  171,  671,  721,  312,  128,  363,  354,  220,  575,  607,  298,  418,  557,   66,  742,  835,  437, 1022,  409,   81,  281,  916,  145,  736,  600,  546,  518,  658,  376,  825,  241,  288,   52,  920,  908,  528,  993,  463,  935,  297],
        [    0,    0,  709,  712,  455,  209,  376,  977,  838,  480,  772,  492,  845, 1092, 1029,  387,  827,  549,  528,  548,  614,  530,  592,  812,  102,  649,  689,  790,  839, 1043,  457,  470,  171,  671,  721,  312,  128,  363,  354,  220,  575,  607,  298,  418,  557,   66,  742,  835,  437, 1022,  409,   81,  281,  916,  145,  736,  600,  546,  518,  658,  376,  825,  241,  288,   52,  920,  908,  528,  993,  463,  935,  297],
        [  709,  709,    0,  125,  934,  665,  859,  768,  959,  282,  556,  279,  863,  746,  586,  717,  575,  818,  976,  784,  549,  223,  322,  935,  808,   71,  398,  557,  884,  667,  359,  681,  604,  341,   13,  412,  646,  495,  402,  677,  210,  842,  567,  649,  581,  766,  458,  894,  346,  791,  827,  703,  760,  696,  624,  649,  595,  665,  212,  378,  531,  295,  783,  528,  709,  702,  972,  203,  614,  625,  885,  882],
        [  712,  712,  125,    0,  874,  632,  805,  644,  852,  353,  435,  232,  749,  624,  469,  653,  452,  735,  910,  699,  445,  184,  223,  829,  806,  105,  280,  435,  772,  546,  300,  603,  583,  224,  127,  443,  630,  441,  373,  641,  306,  752,  522,  578,  487,  763,  336,  783,  414,  666,  765,  692,  716,  572,  607,  534,  495,  574,  278,  264,  471,  178,  747,  489,  703,  578,  859,  186,  492,  546,  766,  844],
        [  455,  455,  934,  874,    0,  309,   85,  794,  489,  812,  678,  655,  560,  965,  981,  222,  729,  233,   75,  263,  522,  711,  666,  470,  416,  863,  695,  697,  539,  948,  578,  298,  394,  715,  945,  659,  383,  439,  541,  292,  889,  277,  371,  302,  450,  410,  710,  526,  796,  840,  110,  382,  198,  760,  392,  574,  474,  370,  813,  680,  405,  900,  217,  416,  406,  762,  574,  733,  915,  347,  664,  175],
        [  209,  209,  665,  632,  309,    0,  224,  781,  632,  507,  591,  400,  637,  911,  869,  181,  647,  346,  374,  342,  426,  452,  461,  606,  243,  597,  536,  610,  631,  869,  338,  262,   85,  532,  677,  351,   90,  206,  264,   18,  590,  403,  122,  211,  362,  207,  578,  627,  489,  827,  229,  132,  112,  724,   90,  539,  404,  341,  517,  509,  200,  706,  119,  144,  161,  729,  700,  464,  823,  260,  728,  217],
        [  376,  376,  859,  805,   85,  224,    0,  782,  517,  728,  644,  582,  570,  944,  945,  164,  697,  235,  154,  256,  482,  637,  604,  495,  348,  789,  644,  664,  553,  920,  507,  257,  309,  658,  870,  575,  299,  366,  462,  208,  807,  289,  293,  247,  408,  336,  666,  542,  712,  829,   68,  301,  113,  742,  307,  552,  438,  339,  732,  626,  335,  843,  136,  336,  326,  744,  600,  657,  884,  298,  672,  123],
        [  977,  977,  768,  644,  794,  781,  782,    0,  414,  907,  235,  635,  279,  193,  316,  644,  197,  561,  773,  531,  365,  655,  503,  409, 1023,  728,  389,  225,  312,  222,  597,  540,  807,  444,  771,  887,  850,  624,  692,  776,  908,  524,  679,  578,  421,  987,  320,  330,  949,   47,  714,  909,  776,   75,  833,  243,  379,  453,  846,  419,  603,  502,  833,  696,  936,   69,  358,  692,  232,  524,  207,  892],
        [  838,  838,  959,  852,  489,  632,  517,  414,    0,  981,  453,  722,  138,  607,  703,  452,  474,  293,  439,  291,  411,  768,  639,   28,  844,  898,  579,  464,  105,  627,  650,  382,  696,  630,  966,  890,  720,  582,  696,  619, 1022,  235,  585,  438,  393,  820,  542,   87,  998,  450,  457,  758,  568,  423,  713,  328,  369,  334,  945,  589,  541,  778,  622,  625,  787,  422,   88,  804,  619,  413,  219,  640],
        [  480,  480,  282,  353,  812,  507,  728,  907,  981,    0,  674,  277,  919,  938,  805,  623,  713,  766,  870,  741,  594,  254,  405,  955,  581,  252,  522,  683,  930,  865,  336,  630,  427,  471,  293,  170,  456,  414,  294,  523,   97,  806,  452,  581,  591,  543,  592,  936,   64,  941,  717,  498,  617,  833,  438,  723,  622,  651,   75,  490,  457,  524,  621,  404,  495,  839, 1018,  218,  810,  582,  970,  714],
        [  772,  772,  556,  435,  678,  591,  644,  235,  453,  674,    0,  401,  331,  321,  304,  487,   56,  462,  678,  425,  168,  422,  270,  435,  830,  508,  161,   20,  358,  281,  366,  388,  601,  218,  560,  656,  648,  410,  464,  589,  679,  447,  477,  408,  240,  791,  100,  373,  715,  271,  580,  711,  609,  161,  628,  130,  206,  308,  614,  188,  397,  329,  664,  485,  736,  167,  440,  460,  240,  352,  333,  738],
        [  492,  492,  279,  232,  655,  400,  582,  635,  722,  277,  401,    0,  648,  683,  575,  438,  442,  546,  697,  514,  322,   57,  136,  696,  581,  209,  256,  411,  662,  617,   81,  407,  352,  214,  290,  272,  400,  216,  142,  410,  301,  575,  293,  371,  330,  537,  325,  669,  315,  670,  548,  464,  487,  561,  377,  448,  356,  404,  226,  222,  252,  336,  516,  258,  477,  567,  751,   86,  562,  352,  695,  614],
        [  845,  845,  863,  749,  560,  637,  570,  279,  138,  919,  331,  648,    0,  472,  567,  467,  344,  335,  524,  317,  327,  688,  547,  131,  867,  806,  471,  339,   34,  490,  583,  376,  688,  525,  869,  848,  721,  544,  647,  627,  948,  284,  566,  428,  332,  838,  425,   52,  943,  317,  503,  768,  596,  286,  709,  216,  298,  304,  874,  487,  507,  659,  653,  600,  797,  285,  111,  726,  482,  389,  105,  690],
        [ 1092, 1092,  746,  624,  965,  911,  944,  193,  607,  938,  321,  683,  472,    0,  183,  795,  266,  735,  951,  702,  485,  688,  548,  602, 1151,  723,  429,  303,  504,   82,  668,  692,  922,  472,  745,  952,  968,  730,  773,  908,  918,  703,  798,  720,  553, 1112,  363,  523,  988,  161,  878, 1031,  922,  206,  949,  393,  515,  607,  869,  463,  718,  454,  978,  805, 1056,  204,  549,  721,  133,  665,  397, 1047],
        [ 1029, 1029,  586,  469,  981,  869,  945,  316,  703,  805,  304,  575,  567,  183,    0,  785,  256,  764,  981,  727,  464,  567,  446,  692, 1100,  572,  340,  285,  599,  106,  579,  689,  863,  365,  584,  845,  912,  671,  687,  870,  772,  745,  749,  704,  538, 1058,  291,  617,  860,  305,  882,  978,  902,  282,  891,  420,  508,  611,  732,  372,  670,  293,  954,  745,  999,  285,  662,  595,   86,  649,  517, 1034],
        [  387,  387,  717,  653,  222,  181,  164,  644,  452,  623,  487,  438,  467,  795,  785,    0,  541,  167,  260,  162,  322,  494,  445,  426,  401,  647,  480,  506,  457,  765,  359,  104,  252,  496,  728,  490,  270,  225,  336,  168,  692,  223,  172,   84,  248,  373,  503,  451,  619,  690,  113,  307,  133,  596,  266,  405,  282,  191,  614,  463,  186,  681,  192,  220,  337,  599,  522,  519,  726,  136,  563,  253],
        [  827,  827,  575,  452,  729,  647,  697,  197,  474,  713,   56,  442,  344,  266,  256,  541,    0,  509,  726,  472,  223,  460,  309,  458,  886,  533,  192,   38,  374,  226,  414,  441,  656,  247,  578,  703,  703,  465,  515,  645,  711,  490,  533,  463,  295,  847,  123,  390,  756,  229,  633,  766,  665,  123,  684,  166,  260,  360,  650,  224,  453,  326,  719,  540,  791,  129,  451,  496,  187,  407,  329,  793],
        [  549,  549,  818,  735,  233,  346,  235,  561,  293,  766,  462,  546,  335,  735,  764,  167,  509,    0,  218,   39,  323,  600,  513,  269,  551,  749,  510,  480,  319,  722,  465,  139,  418,  542,  827,  645,  436,  353,  472,  332,  825,   59,  325,  185,  258,  528,  510,  309,  769,  607,  169,  469,  276,  530,  432,  348,  270,  168,  746,  503,  310,  723,  330,  372,  498,  532,  371,  630,  693,  194,  438,  356],
        [  528,  528,  976,  910,   75,  374,  154,  773,  439,  870,  678,  697,  524,  951,  981,  260,  726,  218,    0,  254,  532,  754,  696,  423,  491,  906,  713,  697,  500,  940,  618,  315,  459,  738,  987,  722,  452,  484,  592,  357,  944,  250,  422,  332,  461,  484,  720,  486,  858,  818,  154,  454,  265,  746,  460,  566,  480,  376,  867,  701,  446,  922,  289,  469,  479,  747,  526,  778,  911,  369,  628,  248],
        [  548,  548,  784,  699,  263,  342,  256,  531,  291,  741,  425,  514,  317,  702,  727,  162,  472,   39,  254,    0,  285,  568,  477,  265,  557,  716,  472,  443,  304,  688,  434,  111,  409,  505,  793,  625,  431,  328,  447,  329,  797,   67,  308,  163,  221,  532,  472,  296,  747,  578,  188,  468,  282,  497,  425,  313,  232,  130,  718,  465,  284,  685,  339,  353,  497,  499,  363,  599,  657,  163,  418,  374],
        [  614,  614,  549,  445,  522,  426,  482,  365,  411,  594,  168,  322,  327,  485,  464,  322,  223,  323,  532,  285,    0,  362,  228,  387,  667,  488,  190,  187,  342,  448,  260,  227,  444,  230,  556,  540,  488,  259,  339,  423,  621,  324,  316,  241,   74,  629,  189,  350,  623,  409,  420,  549,  442,  302,  470,  136,   55,  157,  548,  189,  238,  404,  497,  331,  575,  307,  431,  400,  406,  186,  378,  572],
        [  530,  530,  223,  184,  711,  452,  637,  655,  768,  254,  422,   57,  688,  688,  567,  494,  460,  600,  754,  568,  362,    0,  153,  743,  623,  153,  269,  431,  704,  618,  137,  462,  400,  218,  234,  283,  446,  272,  190,  463,  261,  628,  347,  427,  378,  579,  339,  712,  300,  688,  604,  508,  541,  581,  423,  483,  400,  455,  193,  237,  308,  309,  569,  311,  520,  587,  793,   38,  563,  407,  729,  667],
        [  592,  592,  322,  223,  666,  461,  604,  503,  639,  405,  270,  136,  547,  548,  446,  445,  309,  513,  696,  477,  228,  153,    0,  614,  672,  261,  120,  279,  566,  483,  136,  384,  435,   82,  329,  405,  485,  256,  242,  467,  411,  530,  341,  365,  264,  629,  190,  575,  448,  537,  557,  551,  526,  429,  462,  336,  275,  352,  345,   86,  274,  245,  567,  322,  569,  435,  655,  190,  428,  328,  581,  660],
        [  812,  812,  935,  829,  470,  606,  495,  409,   28,  955,  435,  696,  131,  602,  692,  426,  458,  269,  423,  265,  387,  743,  614,    0,  820,  874,  557,  447,   98,  619,  623,  355,  669,  607,  942,  863,  694,  555,  669,  593,  995,  211,  557,  411,  367,  795,  522,   80,  971,  447,  434,  733,  544,  414,  686,  308,  343,  307,  918,  567,  514,  758,  598,  598,  762,  413,  105,  779,  609,  386,  221,  618],
        [  102,  102,  808,  806,  416,  243,  348, 1023,  844,  581,  830,  581,  867, 1151, 1100,  401,  886,  551,  491,  557,  667,  623,  672,  820,    0,  746,  762,  849,  858, 1106,  539,  496,  239,  749,  820,  413,  189,  430,  440,  248,  676,  610,  354,  450,  604,   44,  811,  851,  537, 1069,  395,  123,  276,  966,  211,  781,  646,  579,  619,  733,  434,  910,  223,  356,  104,  971,  920,  622, 1059,  501,  962,  245],
        [  649,  649,   71,  105,  863,  597,  789,  728,  898,  252,  508,  209,  806,  723,  572,  647,  533,  749,  906,  716,  488,  153,  261,  874,  746,    0,  348,  511,  826,  645,  289,  612,  537,  291,   82,  361,  581,  425,  334,  608,  201,  774,  497,  579,  516,  704,  412,  835,  314,  754,  756,  639,  691,  655,  558,  593,  532,  598,  177,  324,  461,  282,  715,  458,  647,  661,  915,  133,  591,  556,  834,  813],
        [  689,  689,  398,  280,  695,  536,  644,  389,  579,  522,  161,  256,  471,  429,  340,  480,  192,  510,  713,  472,  190,  269,  120,  557,  762,  348,    0,  166,  494,  366,  243,  399,  524,   58,  402,  524,  574,  334,  350,  539,  520,  513,  414,  397,  253,  720,   71,  506,  566,  420,  589,  640,  583,  314,  552,  256,  244,  343,  459,   35,  338,  214,  630,  407,  661,  320,  581,  305,  313,  349,  488,  717],
        [  790,  790,  557,  435,  697,  610,  664,  225,  464,  683,   20,  411,  339,  303,  285,  506,   38,  480,  697,  443,  187,  431,  279,  447,  849,  511,  166,    0,  368,  261,  379,  408,  619,  222,  560,  669,  666,  428,  479,  608,  685,  464,  495,  427,  259,  809,  100,  383,  725,  259,  600,  729,  629,  151,  646,  145,  226,  328,  622,  195,  416,  321,  683,  503,  754,  157,  448,  468,  221,  372,  335,  758],
        [  839,  839,  884,  772,  539,  631,  553,  312,  105,  930,  358,  662,   34,  504,  599,  457,  374,  319,  500,  304,  342,  704,  566,   98,  858,  826,  494,  368,    0,  523,  595,  371,  686,  548,  890,  854,  716,  548,  655,  620,  963,  265,  566,  425,  341,  830,  451,   19,  953,  349,  487,  762,  585,  319,  706,  239,  309,  304,  888,  509,  510,  686,  642,  601,  791,  317,   90,  742,  515,  389,  129,  674],
        [ 1043, 1043,  667,  546,  948,  869,  920,  222,  627,  865,  281,  617,  490,   82,  106,  765,  226,  722,  940,  688,  448,  618,  483,  619, 1106,  645,  366,  261,  523,    0,  608,  665,  874,  404,  666,  887,  921,  680,  714,  868,  842,  696,  753,  688,  520, 1066,  303,  541,  917,  205,  855,  986,  890,  206,  901,  375,  484,  582,  795,  400,  673,  374,  944,  756, 1009,  207,  578,  650,   56,  632,  428, 1018],
        [  457,  457,  359,  300,  578,  338,  507,  597,  650,  336,  366,   81,  583,  668,  579,  359,  414,  465,  618,  434,  260,  137,  136,  623,  539,  289,  243,  379,  595,  608,    0,  327,  303,  216,  369,  291,  353,  142,  108,  346,  373,  495,  223,  291,  258,  496,  306,  601,  363,  636,  470,  418,  417,  526,  329,  392,  287,  326,  296,  209,  174,  373,  450,  195,  435,  531,  683,  166,  555,  272,  637,  547],
        [  470,  470,  681,  603,  298,  262,  257,  540,  382,  630,  388,  407,  376,  692,  689,  104,  441,  139,  315,  111,  227,  462,  384,  355,  496,  612,  399,  408,  371,  665,  327,    0,  317,  423,  691,  517,  346,  217,  336,  252,  687,  177,  204,   56,  153,  464,  413,  367,  636,  587,  194,  393,  236,  493,  336,  302,  182,   88,  608,  387,  173,  608,  294,  246,  422,  496,  444,  492,  627,   57,  468,  355],
        [  171,  171,  604,  583,  394,   85,  309,  807,  696,  427,  601,  352,  688,  922,  863,  252,  656,  418,  459,  409,  444,  400,  435,  669,  239,  537,  524,  619,  686,  874,  303,  317,    0,  511,  616,  268,   50,  194,  211,  102,  513,  473,  129,  262,  388,  196,  575,  683,  405,  852,  313,  116,  196,  745,   28,  567,  431,  386,  442,  495,  206,  675,  194,  119,  137,  750,  760,  406,  825,  301,  774,  288],
        [  671,  671,  341,  224,  715,  532,  658,  444,  630,  471,  218,  214,  525,  472,  365,  496,  247,  542,  738,  505,  230,  218,   82,  607,  749,  291,   58,  222,  548,  404,  216,  423,  511,    0,  346,  484,  561,  327,  323,  536,  465,  550,  410,  414,  285,  707,  124,  559,  518,  473,  607,  627,  589,  369,  539,  310,  283,  375,  406,   42,  338,  186,  633,  396,  647,  375,  635,  253,  349,  370,  545,  724],
        [  721,  721,   13,  127,  945,  677,  870,  771,  966,  293,  560,  290,  869,  745,  584,  728,  578,  827,  987,  793,  556,  234,  329,  942,  820,   82,  402,  560,  890,  666,  369,  691,  616,  346,    0,  424,  658,  506,  414,  689,  219,  851,  579,  659,  590,  778,  461,  900,  356,  792,  837,  715,  772,  698,  636,  654,  603,  674,  224,  383,  542,  293,  795,  539,  721,  704,  978,  214,  613,  635,  890,  893],
        [  312,  312,  412,  443,  659,  351,  575,  887,  890,  170,  656,  272,  848,  952,  845,  490,  703,  645,  722,  625,  540,  283,  405,  863,  413,  361,  524,  669,  854,  887,  291,  517,  268,  484,  424,    0,  291,  309,  202,  368,  264,  692,  320,  463,  516,  374,  591,  856,  139,  926,  572,  329,  462,  816,  275,  675,  554,  557,  210,  489,  349,  591,  459,  274,  325,  822,  938,  264,  833,  478,  914,  550],
        [  128,  128,  646,  630,  383,   90,  299,  850,  720,  456,  648,  400,  721,  968,  912,  270,  703,  436,  452,  431,  488,  446,  485,  694,  189,  581,  574,  666,  716,  921,  353,  346,   50,  561,  658,  291,    0,  242,  259,  105,  545,  492,  172,  293,  430,  146,  623,  712,  428,  895,  314,   67,  189,  789,   24,  609,  472,  420,  478,  544,  251,  725,  172,  168,   88,  794,  787,  451,  873,  337,  809,  259],
        [  363,  363,  495,  441,  439,  206,  366,  624,  582,  414,  410,  216,  544,  730,  671,  225,  465,  353,  484,  328,  259,  272,  256,  555,  430,  425,  334,  428,  548,  680,  142,  217,  194,  327,  506,  309,  242,    0,  120,  211,  474,  393,   85,  169,  217,  388,  382,  549,  421,  667,  333,  308,  276,  559,  221,  390,  258,  248,  395,  305,   44,  501,  312,   76,  330,  564,  631,  295,  632,  171,  617,  407],
        [  354,  354,  402,  373,  541,  264,  462,  692,  696,  294,  464,  142,  647,  773,  687,  336,  515,  472,  592,  447,  339,  190,  242,  669,  440,  334,  350,  479,  655,  714,  108,  336,  211,  323,  414,  202,  259,  120,    0,  275,  357,  513,  171,  288,  315,  397,  412,  658,  304,  733,  438,  322,  359,  622,  235,  474,  352,  362,  278,  317,  163,  471,  382,  127,  336,  628,  740,  201,  662,  289,  712,  480],
        [  220,  220,  677,  641,  292,   18,  208,  776,  619,  523,  589,  410,  627,  908,  870,  168,  645,  332,  357,  329,  423,  463,  467,  593,  248,  608,  539,  608,  620,  868,  346,  252,  102,  536,  689,  368,  105,  211,  275,    0,  605,  389,  127,  203,  358,  214,  579,  615,  505,  822,  212,  142,   95,  720,  106,  534,  399,  332,  532,  513,  201,  712,  107,  153,  171,  724,  688,  476,  823,  253,  719,  205],
        [  575,  575,  210,  306,  889,  590,  807,  908, 1022,   97,  679,  301,  948,  918,  772,  692,  711,  825,  944,  797,  621,  261,  411,  995,  676,  201,  520,  685,  963,  842,  373,  687,  513,  465,  219,  264,  545,  474,  357,  605,    0,  862,  523,  642,  629,  638,  589,  969,  153,  937,  791,  590,  698,  833,  526,  744,  656,  697,   80,  491,  517,  483,  706,  476,  588,  839, 1051,  223,  787,  636,  990,  801],
        [  607,  607,  842,  752,  277,  403,  289,  524,  235,  806,  447,  575,  284,  703,  745,  223,  490,   59,  250,   67,  324,  628,  530,  211,  610,  774,  513,  464,  265,  696,  495,  177,  473,  550,  851,  692,  492,  393,  513,  389,  862,    0,  374,  229,  267,  587,  505,  254,  813,  569,  225,  527,  334,  498,  488,  326,  270,  178,  783,  510,  350,  727,  388,  420,  556,  500,  313,  660,  670,  226,  388,  411],
        [  298,  298,  567,  522,  371,  122,  293,  679,  585,  452,  477,  293,  566,  798,  749,  172,  533,  325,  422,  308,  316,  347,  341,  557,  354,  497,  414,  495,  566,  753,  223,  204,  129,  410,  579,  320,  172,   85,  171,  127,  523,  374,    0,  148,  260,  314,  458,  564,  448,  724,  269,  234,  195,  618,  154,  439,  303,  263,  445,  387,   80,  586,  228,   49,  259,  623,  643,  365,  705,  178,  649,  324],
        [  418,  418,  649,  578,  302,  211,  247,  578,  438,  581,  408,  371,  428,  720,  704,   84,  463,  185,  332,  163,  241,  427,  365,  411,  450,  579,  397,  427,  425,  688,  291,   56,  262,  414,  659,  463,  293,  169,  288,  203,  642,  229,  148,    0,  169,  416,  420,  422,  585,  624,  194,  343,  203,  525,  282,  336,  206,  130,  563,  380,  126,  599,  259,  191,  371,  529,  499,  454,  647,   56,  517,  331],
        [  557,  557,  581,  487,  450,  362,  408,  421,  393,  591,  240,  330,  332,  553,  538,  248,  295,  258,  461,  221,   74,  378,  264,  367,  604,  516,  253,  259,  341,  520,  258,  153,  388,  285,  590,  516,  430,  217,  315,  358,  629,  267,  260,  169,    0,  567,  261,  345,  613,  466,  347,  489,  371,  363,  413,  180,   43,   91,  553,  245,  187,  466,  426,  282,  515,  367,  428,  414,  479,  113,  401,  499],
        [   66,   66,  766,  763,  410,  207,  336,  987,  820,  543,  791,  537,  838, 1112, 1058,  373,  847,  528,  484,  532,  629,  579,  629,  795,   44,  704,  720,  809,  830, 1066,  496,  464,  196,  707,  778,  374,  146,  388,  397,  214,  638,  587,  314,  416,  567,    0,  769,  824,  502, 1033,  377,   81,  254,  929,  169,  745,  609,  546,  580,  690,  394,  867,  205,  314,   61,  933,  894,  580, 1018,  466,  931,  244],
        [  742,  742,  458,  336,  710,  578,  666,  320,  542,  592,  100,  325,  425,  363,  291,  503,  123,  510,  720,  472,  189,  339,  190,  522,  811,  412,   71,  100,  451,  303,  306,  413,  575,  124,  461,  591,  623,  382,  412,  579,  589,  505,  458,  420,  261,  769,    0,  464,  636,  350,  606,  689,  615,  245,  602,  215,  241,  345,  528,  104,  379,  236,  665,  457,  711,  251,  535,  375,  252,  368,  432,  748],
        [  835,  835,  894,  783,  526,  627,  542,  330,   87,  936,  373,  669,   52,  523,  617,  451,  390,  309,  486,  296,  350,  712,  575,   80,  851,  835,  506,  383,   19,  541,  601,  367,  683,  559,  900,  856,  712,  549,  658,  615,  969,  254,  564,  422,  345,  824,  464,    0,  957,  367,  477,  757,  577,  337,  703,  251,  314,  304,  894,  520,  511,  699,  634,  601,  786,  335,   83,  749,  533,  388,  145,  664],
        [  437,  437,  346,  414,  796,  489,  712,  949,  998,   64,  715,  315,  943,  988,  860,  619,  756,  769,  858,  747,  623,  300,  448,  971,  537,  314,  566,  725,  953,  917,  363,  636,  405,  518,  356,  139,  428,  421,  304,  505,  153,  813,  448,  585,  613,  502,  636,  957,    0,  983,  706,  463,  599,  875,  413,  755,  646,  665,  138,  533,  464,  582,  597,  400,  457,  881, 1040,  267,  861,  592, 1000,  687],
        [ 1022, 1022,  791,  666,  840,  827,  829,   47,  450,  941,  271,  670,  317,  161,  305,  690,  229,  607,  818,  578,  409,  688,  537,  447, 1069,  754,  420,  259,  349,  205,  636,  587,  852,  473,  792,  926,  895,  667,  733,  822,  937,  569,  724,  624,  466, 1033,  350,  367,  983,    0,  761,  954,  822,  111,  878,  289,  424,  500,  878,  452,  647,  517,  880,  740,  981,  105,  389,  724,  225,  570,  237,  939],
        [  409,  409,  827,  765,  110,  229,   68,  714,  457,  717,  580,  548,  503,  878,  882,  113,  633,  169,  154,  188,  420,  604,  557,  434,  395,  756,  589,  600,  487,  855,  470,  194,  313,  607,  837,  572,  314,  333,  438,  212,  791,  225,  269,  194,  347,  377,  606,  477,  706,  761,    0,  330,  129,  675,  318,  485,  375,  274,  714,  573,  297,  792,  173,  315,  357,  677,  537,  627,  819,  241,  605,  187],
        [   81,   81,  703,  692,  382,  132,  301,  909,  758,  498,  711,  464,  768, 1031,  978,  307,  766,  469,  454,  468,  549,  508,  551,  733,  123,  639,  640,  729,  762,  986,  418,  393,  116,  627,  715,  329,   67,  308,  322,  142,  590,  527,  234,  343,  489,   81,  689,  757,  463,  954,  330,    0,  202,  850,   89,  667,  531,  472,  526,  610,  314,  790,  166,  233,   30,  854,  829,  511,  938,  390,  859,  235],
        [  281,  281,  760,  716,  198,  112,  113,  776,  568,  617,  609,  487,  596,  922,  902,  133,  665,  276,  265,  282,  442,  541,  526,  544,  276,  691,  583,  629,  585,  890,  417,  236,  196,  589,  772,  462,  189,  276,  359,   95,  698,  334,  195,  203,  371,  254,  615,  577,  599,  822,  129,  202,    0,  726,  196,  536,  408,  323,  623,  561,  253,  770,   59,  233,  229,  730,  644,  558,  848,  258,  694,  135],
        [  916,  916,  696,  572,  760,  724,  742,   75,  423,  833,  161,  561,  286,  206,  282,  596,  123,  530,  746,  497,  302,  581,  429,  414,  966,  655,  314,  151,  319,  206,  526,  493,  745,  369,  698,  816,  789,  559,  622,  720,  833,  498,  618,  525,  363,  929,  245,  337,  875,  111,  675,  850,  726,    0,  771,  192,  322,  406,  772,  345,  540,  435,  783,  632,  876,    7,  380,  617,  197,  471,  238,  847],
        [  145,  145,  624,  607,  392,   90,  307,  833,  713,  438,  628,  377,  709,  949,  891,  266,  684,  432,  460,  425,  470,  423,  462,  686,  211,  558,  552,  646,  706,  901,  329,  336,   28,  539,  636,  275,   24,  221,  235,  106,  526,  488,  154,  282,  413,  169,  602,  703,  413,  878,  318,   89,  196,  771,    0,  593,  456,  408,  457,  522,  232,  701,  185,  146,  109,  776,  779,  428,  852,  323,  796,  276],
        [  736,  736,  649,  534,  574,  539,  552,  243,  328,  723,  130,  448,  216,  393,  420,  405,  166,  348,  566,  313,  136,  483,  336,  308,  781,  593,  256,  145,  239,  375,  392,  302,  567,  310,  654,  675,  609,  390,  474,  534,  744,  326,  439,  336,  180,  745,  215,  251,  755,  289,  485,  667,  536,  192,  593,    0,  137,  215,  672,  272,  365,  450,  593,  459,  694,  195,  326,  521,  346,  282,  248,  656],
        [  600,  600,  595,  495,  474,  404,  438,  379,  369,  622,  206,  356,  298,  515,  508,  282,  260,  270,  480,  232,   55,  400,  275,  343,  646,  532,  244,  226,  309,  484,  287,  182,  431,  283,  603,  554,  472,  258,  352,  399,  656,  270,  303,  206,   43,  609,  241,  314,  646,  424,  375,  531,  408,  322,  456,  137,    0,  105,  580,  242,  230,  458,  464,  325,  558,  326,  397,  437,  446,  150,  361,  534],
        [  546,  546,  665,  574,  370,  341,  339,  453,  334,  651,  308,  404,  304,  607,  611,  191,  360,  168,  376,  130,  157,  455,  352,  307,  579,  598,  343,  328,  304,  582,  326,   88,  386,  375,  674,  557,  420,  248,  362,  332,  697,  178,  263,  130,   91,  546,  345,  304,  665,  500,  274,  472,  323,  406,  408,  215,  105,    0,  619,  336,  209,  556,  381,  298,  500,  409,  384,  488,  546,   86,  389,  442],
        [  518,  518,  212,  278,  813,  517,  732,  846,  945,   75,  614,  226,  874,  869,  732,  614,  650,  746,  867,  718,  548,  193,  345,  918,  619,  177,  459,  622,  888,  795,  296,  608,  442,  406,  224,  210,  478,  395,  278,  532,   80,  783,  445,  563,  553,  580,  528,  894,  138,  878,  714,  526,  623,  772,  457,  672,  580,  619,    0,  428,  437,  449,  634,  399,  527,  778,  976,  155,  740,  557,  919,  730],
        [  658,  658,  378,  264,  680,  509,  626,  419,  589,  490,  188,  222,  487,  463,  372,  463,  224,  503,  701,  465,  189,  237,   86,  567,  733,  324,   35,  195,  509,  400,  209,  387,  495,   42,  383,  489,  544,  305,  317,  513,  491,  510,  387,  380,  245,  690,  104,  520,  533,  452,  573,  610,  561,  345,  522,  272,  242,  336,  428,    0,  312,  222,  606,  378,  631,  351,  596,  273,  346,  334,  510,  695],
        [  376,  376,  531,  471,  405,  200,  335,  603,  541,  457,  397,  252,  507,  718,  670,  186,  453,  310,  446,  284,  238,  308,  274,  514,  434,  461,  338,  416,  510,  673,  174,  173,  206,  338,  542,  349,  251,   44,  163,  201,  517,  350,   80,  126,  187,  394,  379,  511,  464,  647,  297,  314,  253,  540,  232,  365,  230,  209,  437,  312,    0,  518,  295,   96,  339,  545,  592,  333,  626,  129,  584,  387],
        [  825,  825,  295,  178,  900,  706,  843,  502,  778,  524,  329,  336,  659,  454,  293,  681,  326,  723,  922,  685,  404,  309,  245,  758,  910,  282,  214,  321,  686,  374,  373,  608,  675,  186,  293,  591,  725,  501,  471,  712,  483,  727,  586,  599,  466,  867,  236,  699,  582,  517,  792,  790,  770,  435,  701,  450,  458,  556,  449,  222,  518,    0,  811,  565,  806,  440,  768,  328,  322,  555,  654,  904],
        [  241,  241,  783,  747,  217,  119,  136,  833,  622,  621,  664,  516,  653,  978,  954,  192,  719,  330,  289,  339,  497,  569,  567,  598,  223,  715,  630,  683,  642,  944,  450,  294,  194,  633,  795,  459,  172,  312,  382,  107,  706,  388,  228,  259,  426,  205,  665,  634,  597,  880,  173,  166,   59,  783,  185,  593,  464,  381,  634,  606,  295,  811,    0,  259,  191,  787,  700,  582,  902,  314,  752,   99],
        [  288,  288,  528,  489,  416,  144,  336,  696,  625,  404,  485,  258,  600,  805,  745,  220,  540,  372,  469,  353,  331,  311,  322,  598,  356,  458,  407,  503,  601,  756,  195,  246,  119,  396,  539,  274,  168,   76,  127,  153,  476,  420,   49,  191,  282,  314,  457,  601,  400,  740,  315,  233,  233,  632,  146,  459,  325,  298,  399,  378,   96,  565,  259,    0,  255,  637,  681,  326,  707,  214,  678,  357],
        [   52,   52,  709,  703,  406,  161,  326,  936,  787,  495,  736,  477,  797, 1056,  999,  337,  791,  498,  479,  497,  575,  520,  569,  762,  104,  647,  661,  754,  791, 1009,  435,  422,  137,  647,  721,  325,   88,  330,  336,  171,  588,  556,  259,  371,  515,   61,  711,  786,  457,  981,  357,   30,  229,  876,  109,  694,  558,  500,  527,  631,  339,  806,  191,  255,    0,  881,  858,  521,  961,  418,  888,  253],
        [  920,  920,  702,  578,  762,  729,  744,   69,  422,  839,  167,  567,  285,  204,  285,  599,  129,  532,  747,  499,  307,  587,  435,  413,  971,  661,  320,  157,  317,  207,  531,  496,  750,  375,  704,  822,  794,  564,  628,  724,  839,  500,  623,  529,  367,  933,  251,  335,  881,  105,  677,  854,  730,    7,  776,  195,  326,  409,  778,  351,  545,  440,  787,  637,  881,    0,  378,  623,  200,  475,  235,  851],
        [  908,  908,  972,  859,  574,  700,  600,  358,   88, 1018,  440,  751,  111,  549,  662,  522,  451,  371,  526,  363,  431,  793,  655,  105,  920,  915,  581,  448,   90,  578,  683,  444,  760,  635,  978,  938,  787,  631,  740,  688, 1051,  313,  643,  499,  428,  894,  535,   83, 1040,  389,  537,  829,  644,  380,  779,  326,  397,  384,  976,  596,  592,  768,  700,  681,  858,  378,    0,  831,  577,  467,  153,  722],
        [  528,  528,  203,  186,  733,  464,  657,  692,  804,  218,  460,   86,  726,  721,  595,  519,  496,  630,  778,  599,  400,   38,  190,  779,  622,  133,  305,  468,  742,  650,  166,  492,  406,  253,  214,  264,  451,  295,  201,  476,  223,  660,  365,  454,  414,  580,  375,  749,  267,  724,  627,  511,  558,  617,  428,  521,  437,  488,  155,  273,  333,  328,  582,  326,  521,  623,  831,    0,  594,  437,  767,  680],
        [  993,  993,  614,  492,  915,  823,  884,  232,  619,  810,  240,  562,  482,  133,   86,  726,  187,  693,  911,  657,  406,  563,  428,  609, 1059,  591,  313,  221,  515,   56,  555,  627,  825,  349,  613,  833,  873,  632,  662,  823,  787,  670,  705,  647,  479, 1018,  252,  533,  861,  225,  819,  938,  848,  197,  852,  346,  446,  546,  740,  346,  626,  322,  902,  707,  961,  200,  577,  594,    0,  592,  432,  978],
        [  463,  463,  625,  546,  347,  260,  298,  524,  413,  582,  352,  352,  389,  665,  649,  136,  407,  194,  369,  163,  186,  407,  328,  386,  501,  556,  349,  372,  389,  632,  272,   57,  301,  370,  635,  478,  337,  171,  289,  253,  636,  226,  178,   56,  113,  466,  368,  388,  592,  570,  241,  390,  258,  471,  323,  282,  150,   86,  557,  334,  129,  555,  314,  214,  418,  475,  467,  437,  592,    0,  474,  386],
        [  935,  935,  885,  766,  664,  728,  672,  207,  219,  970,  333,  695,  105,  397,  517,  563,  329,  438,  628,  418,  378,  729,  581,  221,  962,  834,  488,  335,  129,  428,  637,  468,  774,  545,  890,  914,  809,  617,  712,  719,  990,  388,  649,  517,  401,  931,  432,  145, 1000,  237,  605,  859,  694,  238,  796,  248,  361,  389,  919,  510,  584,  654,  752,  678,  888,  235,  153,  767,  432,  474,    0,  791],
        [  297,  297,  882,  844,  175,  217,  123,  892,  640,  714,  738,  614,  690, 1047, 1034,  253,  793,  356,  248,  374,  572,  667,  660,  618,  245,  813,  717,  758,  674, 1018,  547,  355,  288,  724,  893,  550,  259,  407,  480,  205,  801,  411,  324,  331,  499,  244,  748,  664,  687,  939,  187,  235,  135,  847,  276,  656,  534,  442,  730,  695,  387,  904,   99,  357,  253,  851,  722,  680,  978,  386,  791,    0]
    ]
}
