{
    "name": "random-15-21478",
    "comment": "size=15 seed=21478",
    "nodes": ["+0", "-0", "+1", "-1", "+2", "-2", "+3", "-3", "+4", "-4", "+5", "-5", "+6", "-6", "+7", "-7", "+8", "-8", "+9", "-9", "+10", "-10", "+11", "-11", "+12", "-12", "+13", "-13", "+14", "-14", "+15", "-15"],
    "precedence": {
        "+0": "-0",
        "+1": "-1",
        "+2": "-2",
        "+3": "-3",
        "+4": "-4",
        "+5": "-5",
        "+6": "-6",
        "+7": "-7",
        "+8": "-8",
        "+9": "-9",
        "+10": "-10",
        "+11": "-11",
        "+12": "-12",
        "+13": "-13",
        "+14": "-14",
        "+15": "-15"
    },
    "edges": [
        [    0,    0,  603,  256,  649,  702,  629,  722,  549,  313,  298,  443,  629,  301,   64,  228,  510,  625,  603,  416,  359,  102,  401,  606,  498,  692,  137,  757,   76,  473,  264,  261],
        [    0,    0,  603,  256,  649,  702,  629,  722,  549,  313,  298,  443,  629,  301,   64,  228,  510,  625,  603,  416,  359,  102,  401,  606,  498,  692,  137,  757,   76,  473,  264,  261],
        [  603,  603,    0,  399,  637,  132,  912,  851,  165,  737,  394,  806,  191,  412,  545,  490,  586,  198,  858,  773,  409,  704,  710,  218,  596,   93,  552,  583,  679,  348,  500,  600],
        [  256,  256,  399,    0,  454,  519,  579,  594,  306,  345,  291,  434,  489,   66,  220,  308,  331,  488,  533,  399,  362,  344,  347,  481,  328,  491,  292,  525,  324,  221,  346,  211],
        [  649,  649,  637,  454,    0,  763,  380,  230,  472,  463,  738,  411,  810,  388,  643,  761,  141,  814,  324,  396,  805,  695,  341,  822,  155,  703,  732,  181,  689,  304,  799,  404],
        [  702,  702,  132,  519,  763,    0, 1044,  980,  293,  861,  455,  935,  137,  539,  640,  556,  717,  146,  989,  901,  449,  803,  840,  177,  728,   69,  632,  696,  776,  479,  557,  725],
        [  629,  629,  912,  579,  380, 1044,    0,  211,  759,  321,  851,  190, 1050,  530,  660,  827,  340, 1051,   59,  214,  924,  618,  239, 1049,  325,  995,  757,  558,  627,  570,  868,  391],
        [  722,  722,  851,  594,  230,  980,  211,    0,  687,  451,  884,  343, 1013,  532,  736,  884,  274, 1016,  176,  348,  955,  738,  330, 1020,  271,  923,  833,  387,  740,  505,  925,  461],
        [  549,  549,  165,  306,  472,  293,  759,  687,    0,  617,  422,  669,  345,  296,  499,  500,  427,  350,  704,  637,  463,  644,  571,  364,  438,  238,  536,  427,  622,  190,  523,  481],
        [  313,  313,  737,  345,  463,  861,  321,  451,  617,    0,  568,  132,  831,  326,  352,  526,  335,  830,  304,  110,  639,  298,  128,  820,  316,  828,  446,  623,  306,  456,  565,  138],
        [  298,  298,  394,  291,  738,  455,  851,  884,  422,  568,    0,  684,  353,  355,  237,  102,  621,  348,  811,  652,   74,  390,  613,  323,  619,  467,  189,  781,  363,  462,  107,  461],
        [  443,  443,  806,  434,  411,  935,  190,  343,  669,  132,  684,    0,  921,  399,  479,  650,  308,  920,  180,   35,  756,  428,   99,  914,  288,  895,  575,  586,  437,  490,  690,  227],
        [  629,  629,  191,  489,  810,  137, 1050, 1013,  345,  831,  353,  921,    0,  524,  566,  454,  741,    9,  998,  886,  332,  728,  830,   41,  749,  190,  540,  770,  701,  510,  448,  699],
        [  301,  301,  412,   66,  388,  539,  530,  532,  296,  326,  355,  399,  524,    0,  275,  373,  267,  525,  482,  365,  425,  381,  306,  521,  265,  503,  353,  465,  364,  173,  411,  189],
        [   64,   64,  545,  220,  643,  640,  660,  736,  499,  352,  237,  479,  566,  275,    0,  175,  507,  562,  629,  449,  301,  163,  426,  542,  498,  632,   99,  738,  137,  441,  214,  277],
        [  228,  228,  490,  308,  761,  556,  827,  884,  500,  526,  102,  650,  454,  373,  175,    0,  634,  448,  793,  619,  139,  308,  590,  423,  629,  566,   98,  825,  282,  508,   42,  437],
        [  510,  510,  586,  331,  141,  717,  340,  274,  427,  335,  621,  308,  741,  267,  507,  634,    0,  744,  283,  285,  691,  555,  223,  747,   21,  664,  599,  289,  549,  238,  674,  264],
        [  625,  625,  198,  488,  814,  146, 1051, 1016,  350,  830,  348,  920,    9,  525,  562,  448,  744,    0, 1000,  886,  325,  724,  830,   33,  751,  198,  534,  776,  697,  513,  441,  698],
        [  603,  603,  858,  533,  324,  989,   59,  176,  704,  304,  811,  180,  998,  482,  629,  793,  283, 1000,    0,  195,  884,  601,  204,  999,  268,  940,  727,  503,  607,  514,  834,  356],
        [  416,  416,  773,  399,  396,  901,  214,  348,  637,  110,  652,   35,  886,  365,  449,  619,  285,  886,  195,    0,  724,  407,   68,  880,  265,  861,  546,  568,  415,  459,  660,  194],
        [  359,  359,  409,  362,  805,  449,  924,  955,  463,  639,   74,  756,  332,  425,  301,  139,  691,  325,  884,  724,    0,  445,  686,  297,  689,  472,  237,  840,  419,  522,  120,  534],
        [  102,  102,  704,  344,  695,  803,  618,  738,  644,  298,  390,  428,  728,  381,  163,  308,  555,  724,  601,  407,  445,    0,  409,  704,  541,  793,  210,  820,   28,  554,  338,  293],
        [  401,  401,  710,  347,  341,  840,  239,  330,  571,  128,  613,   99,  830,  306,  426,  590,  223,  830,  204,   68,  686,  409,    0,  825,  203,  798,  524,  509,  412,  392,  631,  153],
        [  606,  606,  218,  481,  822,  177, 1049, 1020,  364,  820,  323,  914,   41,  521,  542,  423,  747,   33,  999,  880,  297,  704,  825,    0,  754,  227,  511,  791,  677,  520,  415,  690],
        [  498,  498,  596,  328,  155,  728,  325,  271,  438,  316,  619,  288,  749,  265,  498,  629,   21,  751,  268,  265,  689,  541,  203,  754,    0,  675,  590,  308,  535,  249,  669,  249],
        [  692,  692,   93,  491,  703,   69,  995,  923,  238,  828,  467,  895,  190,  503,  632,  566,  664,  198,  940,  861,  472,  793,  798,  227,  675,    0,  635,  630,  767,  427,  572,  691],
        [  137,  137,  552,  292,  732,  632,  757,  833,  536,  446,  189,  575,  540,  353,   99,   98,  599,  534,  727,  546,  237,  210,  524,  511,  590,  635,    0,  816,  185,  508,  129,  375],
        [  757,  757,  583,  525,  181,  696,  558,  387,  427,  623,  781,  586,  770,  465,  738,  825,  289,  776,  503,  568,  840,  820,  509,  791,  308,  630,  816,    0,  809,  320,  859,  540],
        [   76,   76,  679,  324,  689,  776,  627,  740,  622,  306,  363,  437,  701,  364,  137,  282,  549,  697,  607,  415,  419,   28,  412,  677,  535,  767,  185,  809,    0,  536,  313,  288],
        [  473,  473,  348,  221,  304,  479,  570,  505,  190,  456,  462,  490,  510,  173,  441,  508,  238,  513,  514,  459,  522,  554,  392,  520,  249,  427,  508,  320,  536,    0,  541,  327],
        [  264,  264,  500,  346,  799,  557,  868,  925,  523,  565,  107,  690,  448,  411,  214,   42,  674,  441,  834,  660,  120,  338,  631,  415,  669,  572,  129,  859,  313,  541,    0,  478],
        [  261,  261,  600,  211,  404,  725,  391,  461,  481,  138,  461,  227,  699,  189,  277,  437,  264,  698,  356,  194,  534,  293,  153,  690,  249,  691,  375,  540,  288,  327,  478,    0]
    ]
}
