{
    "name": "random-36-2878",
    "comment": "size=36 seed=2878",
    "nodes": ["+0", "-0", "+1", "-1", "+2", "-2", "+3", "-3", "+4", "-4", "+5", "-5", "+6", "-6", "+7", "-7", "+8", "-8", "+9", "-9", "+10", "-10", "+11", "-11", "+12", "-12", "+13", "-13", "+14", "-14", "+15", "-15", "+16", "-16", "+17", "-17", "+18", "-18", "+19", "-19", "+20", "-20", "+21", "-21", "+22", "-22", "+23", "-23", "+24", "-24", "+25", "-25", "+26", "-26", "+27", "-27", "+28", "-28", "+29", "-29", "+30", "-30", "+31", "-31", "+32", "-32", "+33", "-33", "+34", "-34", "+35", "-35", "+36", "-36"],
    "precedence": {
        "+0": "-0",
        "+1": "-1",
        "+2": "-2",
        "+3": "-3",
        "+4": "-4",
        "+5": "-5",
        "+6": "-6",
        "+7": "-7",
        "+8": "-8",
        "+9": "-9",
        "+10": "-10",
        "+11": "-11",
        "+12": "-12",
        "+13": "-13",
        "+14": "-14",
        "+15": "-15",
        "+16": "-16",
        "+17": "-17",
        "+18": "-18",
        "+19": "-19",
        "+20": "-20",
        "+21": "-21",
        "+22": "-22",
        "+23": "-23",
        "+24": "-24",
        "+25": "-25",
        "+26": "-26",
        "+27": "-27",
        "+28": "-28",
        "+29": "-29",
        "+30": "-30",
        "+31": "-31",
        "+32": "-32",
        "+33": "-33",
        "+34": "-34",
        "+35": "-35",
        "+36": "-36"
    },
    "edges": [
        [    0,    0,  208,  352,   41,  237,  891,  553,  799,  338,  962,  825,  410,  433,  616,  327,  623,  293, 1037,  895,  898,  471,  847,  582,  615,  427,  471,  467,  957,  314,  338,  327,  502,  429,  273,  400,  512,  266,  493,  575,  619,  416,  471,  473,  400, 1006,  813,  189,  602,  459,  652,  231,  239,   78,  994,  892,  337,  963,  341,  138,  871,  768,  808,  950,  914,  750,  882,  476,  802,  892,  139,  428,  695,  833],
        [    0,    0,  208,  352,   41,  237,  891,  553,  799,  338,  962,  825,  410,  433,  616,  327,  623,  293, 1037,  895,  898,  471,  847,  582,  615,  427,  471,  467,  957,  314,  338,  327,  502,  429,  273,  400,  512,  266,  493,  575,  619,  416,  471,  473,  400, 1006,  813,  189,  602,  459,  652,  231,  239,   78,  994,  892,  337,  963,  341,  138,  871,  768,  808,  950,  914,  750,  882,  476,  802,  892,  139,  428,  695,  833],
        [  208,  208,    0,  412,  225,   48,  691,  411,  625,  212,  765,  639,  469,  590,  410,  152,  678,  248, 1000,  854,  742,  274,  682,  443,  657,  471,  632,  546,  919,  111,  131,  469,  420,  222,  234,  412,  306,  265,  509,  440,  426,  544,  289,  267,  487,  817,  616,   60,  395,  554,  504,  397,  426,  232,  957,  857,  265,  889,  153,   97,  762,  681,  605,  755,  733,  549,  757,  489,  617,  795,  335,  231,  580,  635],
        [  352,  352,  412,    0,  314,  395,  888,  440,  707,  620,  934,  767,   60,  277,  728,  392,  275,  618,  709,  574,  751,  655,  727,  455,  264,   77,  319,  135,  632,  503,  489,  178,  300,  568,  600,   95,  605,  156,  155,  443,  618,  186,  477,  572,   86,  945,  797,  446,  698,  151,  527,  222,  286,  275,  667,  567,  232,  673,  422,  426,  636,  512,  829,  914,  832,  762,  675,  144,  745,  638,  306,  495,  497,  823],
        [   41,   41,  225,  314,    0,  248,  897,  541,  794,  373,  965,  824,  371,  396,  633,  329,  584,  332, 1005,  863,  888,  495,  839,  570,  577,  390,  434,  427,  925,  335,  353,  288,  480,  446,  313,  366,  525,  238,  458,  562,  622,  376,  471,  486,  360, 1006,  817,  215,  617,  419,  641,  194,  207,   39,  961,  860,  318,  936,  346,  168,  850,  744,  816,  953,  911,  756,  865,  441,  801,  869,  111,  435,  677,  837],
        [  237,  237,   48,  395,  248,    0,  655,  364,  581,  245,  727,  597,  450,  592,  388,  106,  654,  291,  959,  814,  696,  269,  636,  396,  631,  449,  635,  529,  879,  110,  110,  470,  377,  202,  278,  385,  277,  242,  480,  393,  386,  539,  245,  238,  474,  776,  578,  107,  369,  541,  457,  405,  441,  248,  916,  817,  228,  845,  109,  142,  716,  637,  571,  716,  690,  513,  710,  461,  575,  749,  356,  192,  533,  598],
        [  891,  891,  691,  888,  897,  655,    0,  459,  251,  722,   88,  163,  914, 1158,  340,  569, 1025,  834,  986,  882,  365,  515,  301,  455,  985,  889, 1201,  991,  930,  605,  566, 1041,  619,  489,  834,  812,  394,  765,  852,  468,  280, 1073,  433,  429,  970,  180,   92,  733,  328, 1025,  402, 1015, 1066,  888,  958,  901,  663,  788,  552,  784,  594,  644,   94,   95,  200,  142,  520,  840,  176,  653,  998,  464,  520,   66],
        [  553,  553,  411,  440,  541,  364,  459,    0,  271,  570,  497,  328,  459,  715,  413,  261,  571,  646,  669,  532,  347,  455,  302,   32,  532,  432,  757,  534,  594,  400,  352,  605,  162,  358,  636,  357,  317,  343,  394,   33,  222,  625,  169,  310,  518,  506,  368,  471,  374,  569,  101,  602,  661,  518,  630,  544,  238,  515,  271,  501,  360,  308,  415,  476,  396,  350,  346,  381,  306,  401,  619,  249,  180,  394],
        [  799,  799,  625,  707,  794,  581,  251,  271,    0,  728,  252,   89,  722,  984,  420,  478,  802,  827,  738,  632,  152,  551,   74,  253,  760,  692, 1025,  792,  680,  574,  525,  875,  414,  482,  821,  621,  397,  611,  642,  265,  227,  892,  337,  416,  783,  239,  179,  680,  388,  829,  182,  871,  929,  775,  709,  651,  506,  543,  473,  722,  348,  394,  262,  228,  126,  225,  279,  632,   78,  407,  880,  405,  276,  200],
        [  338,  338,  212,  620,  373,  245,  722,  570,  728,    0,  806,  717,  678,  766,  388,  321,  889,  116, 1199, 1054,  865,  210,  795,  601,  869,  682,  806,  752, 1119,  171,  219,  653,  615,  247,  121,  624,  340,  476,  721,  602,  504,  735,  413,  313,  691,  877,  667,  175,  395,  757,  648,  565,  577,  397, 1157, 1059,  472, 1074,  303,  208,  930,  865,  629,  803,  815,  589,  911,  701,  699,  969,  476,  333,  749,  679],
        [  962,  962,  765,  934,  965,  727,   88,  497,  252,  806,    0,  172,  955, 1207,  427,  636, 1051,  917,  966,  872,  334,  600,  283,  487, 1009,  928, 1250, 1030,  916,  684,  643, 1092,  653,  570,  917,  853,  474,  819,  885,  500,  344, 1119,  496,  508, 1013,   98,  149,  810,  413, 1065,  425, 1073, 1126,  954,  942,  892,  715,  765,  621,  859,  575,  641,  181,   26,  160,  220,  496,  873,  193,  633, 1063,  535,  528,  131],
        [  825,  825,  639,  767,  824,  597,  163,  328,   89,  717,  172,    0,  786, 1042,  376,  498,  879,  822,  825,  720,  218,  526,  145,  317,  838,  759, 1085,  860,  768,  574,  527,  930,  482,  471,  818,  684,  378,  659,  714,  330,  217,  953,  354,  405,  845,  184,   97,  689,  348,  895,  253,  917,  972,  808,  796,  738,  554,  628,  488,  735,  434,  482,  183,  150,   99,  161,  362,  702,   24,  493,  916,  410,  361,  115],
        [  410,  410,  469,   60,  371,  450,  914,  459,  722,  678,  955,  786,    0,  274,  772,  440,  216,  678,  664,  533,  754,  707,  735,  471,  206,   35,  311,   84,  589,  557,  541,  197,  308,  617,  659,  103,  649,  209,  119,  458,  650,  175,  515,  618,   64,  960,  823,  505,  740,  111,  540,  262,  323,  333,  622,  523,  272,  642,  470,  486,  621,  494,  860,  935,  846,  792,  666,  113,  764,  617,  356,  539,  494,  848],
        [  433,  433,  590,  277,  396,  592, 1158,  715,  984,  766, 1207, 1042,  274,    0,  966,  626,  363,  724,  878,  765, 1026,  860, 1003,  731,  386,  308,   44,  234,  812,  698,  699,  124,  575,  789,  705,  368,  845,  397,  384,  719,  883,  100,  736,  808,  210, 1221, 1068,  600,  940,  192,  804,  203,  210,  370,  840,  751,  495,  893,  653,  560,  891,  763, 1094, 1188, 1109, 1028,  939,  384, 1020,  884,  307,  737,  767, 1093],
        [  616,  616,  410,  728,  633,  388,  340,  413,  420,  388,  427,  376,  772,  966,    0,  341,  940,  503, 1074,  942,  571,  179,  494,  432,  906,  757, 1009,  855, 1002,  304,  280,  842,  548,  188,  505,  680,  123,  578,  753,  441,  216,  899,  270,  158,  814,  507,  302,  436,   40,  878,  434,  789,  828,  635, 1037,  954,  501,  903,  313,  490,  720,  708,  247,  427,  470,  222,  672,  735,  364,  774,  743,  233,  569,  307],
        [  327,  327,  152,  392,  329,  106,  569,  261,  478,  321,  636,  498,  440,  626,  341,    0,  627,  387,  881,  737,  591,  272,  531,  293,  599,  431,  670,  523,  802,  154,  115,  503,  297,  178,  375,  357,  220,  238,  443,  291,  293,  558,  144,  184,  476,  680,  488,  211,  314,  542,  352,  457,  502,  319,  839,  742,  178,  755,   31,  247,  617,  545,  491,  624,  589,  429,  607,  424,  476,  653,  430,  114,  434,  509],
        [  623,  623,  678,  275,  584,  654, 1025,  571,  802,  889, 1051,  879,  216,  363,  940,  627,    0,  893,  517,  413,  794,  899,  796,  571,   43,  208,  380,  163,  454,  759,  736,  355,  410,  804,  874,  271,  821,  414,  188,  558,  786,  280,  672,  794,  230, 1036,  935,  717,  905,  189,  627,  448,  499,  546,  481,  396,  450,  557,  657,  700,  603,  477,  986, 1027,  920,  920,  669,  206,  859,  580,  555,  714,  536,  961],
        [  293,  293,  248,  618,  332,  291,  834,  646,  827,  116,  917,  822,  678,  724,  503,  387,  893,    0, 1246, 1100,  958,  325,  891,  678,  878,  687,  760,  745, 1165,  255,  304,  619,  667,  352,   20,  640,  447,  490,  738,  677,  607,  707,  501,  418,  680,  986,  776,  191,  508,  743,  732,  523,  523,  364, 1203, 1102,  510, 1135,  376,  194, 1003,  927,  741,  913,  920,  699,  991,  719,  803, 1039,  421,  424,  820,  789],
        [ 1037, 1037, 1000,  709, 1005,  959,  986,  669,  738, 1199,  966,  825,  664,  878, 1074,  881,  517, 1246,    0,  146,  635, 1119,  686,  645,  493,  634,  897,  657,   81, 1034,  993,  850,  585, 1020, 1230,  640,  985,  774,  554,  638,  863,  789,  835,  977,  710,  906,  915, 1055, 1035,  693,  643,  925,  985,  967,   44,  146,  736,  203,  903, 1062,  393,  367,  994,  940,  807,  945,  471,  568,  815,  334, 1014,  910,  506,  937],
        [  895,  895,  854,  574,  863,  814,  882,  532,  632, 1054,  872,  720,  533,  765,  942,  737,  413, 1100,  146,    0,  549,  979,  589,  511,  382,  501,  788,  536,   66,  890,  849,  724,  440,  879, 1085,  500,  849,  631,  419,  502,  735,  671,  696,  838,  583,  823,  805,  910,  903,  575,  517,  794,  855,  826,  103,   24,  591,  162,  759,  917,  305,  242,  881,  846,  715,  827,  386,  431,  707,  253,  878,  769,  379,  828],
        [  898,  898,  742,  751,  888,  696,  365,  347,  152,  865,  334,  218,  754, 1026,  571,  591,  794,  958,  635,  549,    0,  697,   78,  320,  751,  722, 1064,  815,  588,  704,  654,  927,  453,  622,  951,  659,  541,  682,  658,  328,  372,  929,  459,  557,  818,  274,  314,  799,  538,  855,  247,  938, 1000,  864,  611,  570,  580,  433,  591,  837,  245,  335,  400,  308,  174,  372,  165,  652,  219,  302,  963,  535,  263,  330],
        [  471,  471,  274,  655,  495,  269,  515,  455,  551,  210,  600,  526,  707,  860,  179,  272,  899,  325, 1119,  979,  697,    0,  622,  482,  870,  700,  903,  789, 1043,  163,  167,  738,  549,  101,  328,  629,  156,  500,  715,  487,  326,  807,  286,  148,  737,  676,  466,  283,  188,  804,  510,  670,  699,  505, 1079,  988,  450,  969,  243,  336,  803,  762,  421,  599,  624,  387,  769,  696,  510,  850,  605,  210,  631,  476],
        [  847,  847,  682,  727,  839,  636,  301,  302,   74,  795,  283,  145,  735, 1003,  494,  531,  796,  891,  686,  589,   78,  622,    0,  279,  754,  704, 1044,  801,  634,  637,  588,  899,  429,  550,  884,  637,  467,  644,  647,  289,  297,  908,  395,  485,  798,  244,  242,  738,  461,  840,  204,  903,  962,  817,  660,  609,  540,  487,  530,  777,  294,  360,  327,  258,  129,  296,  219,  639,  143,  353,  920,  467,  261,  260],
        [  582,  582,  443,  455,  570,  396,  455,   32,  253,  601,  487,  317,  471,  731,  432,  293,  571,  678,  645,  511,  320,  482,  279,    0,  531,  442,  773,  544,  572,  431,  383,  624,  166,  386,  667,  369,  341,  366,  399,   14,  233,  639,  197,  336,  531,  491,  364,  502,  393,  579,   75,  624,  684,  545,  607,  523,  262,  488,  303,  533,  329,  282,  417,  466,  378,  353,  315,  387,  295,  371,  645,  278,  151,  390],
        [  615,  615,  657,  264,  577,  631,  985,  532,  760,  869, 1009,  838,  206,  386,  906,  599,   43,  878,  493,  382,  751,  870,  754,  531,    0,  191,  407,  169,  427,  734,  709,  365,  372,  775,  859,  246,  788,  393,  156,  518,  748,  297,  637,  761,  231,  994,  894,  699,  870,  202,  585,  453,  507,  538,  455,  367,  421,  522,  628,  685,  562,  435,  947,  986,  877,  881,  627,  175,  818,  540,  555,  682,  494,  920],
        [  427,  427,  471,   77,  390,  449,  889,  432,  692,  682,  928,  759,   35,  308,  757,  431,  208,  687,  634,  501,  722,  700,  704,  442,  191,    0,  345,  103,  558,  555,  535,  231,  279,  609,  669,   79,  636,  207,   85,  429,  628,  209,  497,  605,   99,  931,  798,  510,  725,  137,  511,  293,  354,  351,  592,  493,  258,  608,  461,  495,  586,  459,  837,  907,  817,  770,  632,   79,  737,  582,  382,  526,  461,  823],
        [  471,  471,  632,  319,  434,  635, 1201,  757, 1025,  806, 1250, 1085,  311,   44, 1009,  670,  380,  760,  897,  788, 1064,  903, 1044,  773,  407,  345,    0,  264,  833,  740,  743,  167,  616,  832,  741,  408,  889,  441,  418,  761,  927,  137,  779,  852,  247, 1263, 1111,  641,  983,  222,  845,  241,  241,  410,  860,  773,  539,  920,  697,  599,  925,  796, 1138, 1231, 1150, 1071,  975,  419, 1062,  916,  341,  781,  805, 1136],
        [  467,  467,  546,  135,  427,  529,  991,  534,  792,  752, 1030,  860,   84,  234,  855,  523,  163,  745,  657,  536,  815,  789,  801,  544,  169,  103,  264,    0,  586,  638,  623,  196,  378,  700,  726,  181,  733,  290,  158,  530,  730,  137,  597,  701,   68, 1031,  900,  578,  823,   43,  610,  286,  338,  390,  617,  523,  355,  660,  553,  555,  663,  534,  939, 1009,  916,  872,  715,  163,  838,  653,  392,  623,  553,  926],
        [  957,  957,  919,  632,  925,  879,  930,  594,  680, 1119,  916,  768,  589,  812, 1002,  802,  454, 1165,   81,   66,  588, 1043,  634,  572,  427,  558,  833,  586,    0,  955,  914,  777,  505,  943, 1150,  561,  911,  694,  477,  564,  794,  720,  759,  901,  637,  861,  856,  975,  963,  624,  574,  850,  911,  887,   38,   66,  656,  170,  824,  981,  343,  298,  933,  890,  757,  881,  423,  490,  757,  286,  937,  833,  436,  878],
        [  314,  314,  111,  503,  335,  110,  605,  400,  574,  171,  684,  574,  557,  698,  304,  154,  759,  255, 1034,  890,  704,  163,  637,  431,  734,  555,  740,  638,  955,    0,   50,  576,  450,  120,  248,  488,  212,  349,  580,  432,  358,  647,  247,  177,  583,  745,  538,  133,  294,  650,  480,  507,  537,  343,  992,  895,  320,  905,  133,  186,  760,  695,  516,  677,  671,  465,  742,  561,  554,  799,  445,  170,  578,  554],
        [  338,  338,  131,  489,  353,  110,  566,  352,  525,  219,  643,  527,  541,  699,  280,  115,  736,  304,  993,  849,  654,  167,  588,  383,  709,  535,  743,  623,  914,   50,    0,  577,  410,   93,  297,  465,  176,  334,  554,  384,  311,  642,  197,  138,  571,  700,  495,  168,  265,  638,  431,  514,  549,  356,  951,  855,  290,  860,   90,  219,  712,  650,  478,  634,  624,  425,  693,  535,  507,  752,  463,  121,  531,  512],
        [  327,  327,  469,  178,  288,  470, 1041,  605,  875,  653, 1092,  930,  197,  124,  842,  503,  355,  619,  850,  724,  927,  738,  899,  624,  365,  231,  167,  196,  777,  576,  577,    0,  475,  666,  600,  273,  722,  277,  315,  612,  764,   92,  615,  685,  141, 1110,  951,  483,  817,  167,  697,  104,  145,  258,  809,  713,  378,  838,  530,  446,  812,  687,  974, 1074, 1000,  908,  853,  309,  907,  812,  218,  615,  674,  976],
        [  502,  502,  420,  300,  480,  377,  619,  162,  414,  615,  653,  482,  308,  575,  548,  297,  410,  667,  585,  440,  453,  549,  429,  166,  372,  279,  616,  378,  505,  450,  410,  475,    0,  449,  653,  209,  437,  248,  234,  153,  377,  480,  281,  418,  370,  653,  528,  477,  511,  415,  233,  492,  555,  448,  543,  446,  167,  472,  320,  492,  371,  269,  576,  631,  539,  510,  392,  221,  461,  391,  533,  342,  205,  554],
        [  429,  429,  222,  568,  446,  202,  489,  358,  482,  247,  570,  471,  617,  789,  188,  178,  804,  352, 1020,  879,  622,  101,  550,  386,  775,  609,  832,  700,  943,  120,   93,  666,  449,    0,  349,  535,   97,  413,  619,  390,  258,  729,  189,   67,  652,  635,  426,  252,  175,  718,  420,  606,  642,  449,  979,  887,  355,  872,  149,  305,  711,  665,  399,  564,  569,  351,  682,  600,  452,  756,  555,  110,  536,  440],
        [  273,  273,  234,  600,  313,  278,  834,  636,  821,  121,  917,  818,  659,  705,  505,  375,  874,   20, 1230, 1085,  951,  328,  884,  667,  859,  669,  741,  726, 1150,  248,  297,  600,  653,  349,    0,  623,  445,  473,  720,  666,  603,  688,  493,  415,  661,  984,  775,  176,  509,  724,  722,  503,  504,  345, 1187, 1087,  495, 1122,  366,  176,  992,  914,  742,  912,  916,  698,  981,  702,  799, 1026,  402,  418,  809,  788],
        [  400,  400,  412,   95,  366,  385,  812,  357,  621,  624,  853,  684,  103,  368,  680,  357,  271,  640,  640,  500,  659,  629,  637,  369,  246,   79,  408,  181,  561,  488,  465,  273,  209,  535,  623,    0,  559,  151,   98,  356,  550,  272,  418,  529,  163,  859,  721,  457,  647,  213,  439,  311,  375,  328,  597,  495,  182,  588,  387,  448,  542,  419,  759,  833,  745,  691,  581,   79,  662,  546,  381,  449,  402,  746],
        [  512,  512,  306,  605,  525,  277,  394,  317,  397,  340,  474,  378,  649,  845,  123,  220,  821,  447,  985,  849,  541,  156,  467,  341,  788,  636,  889,  733,  911,  212,  176,  722,  437,   97,  445,  559,    0,  455,  634,  348,  171,  777,  157,   39,  691,  539,  330,  342,   96,  755,  360,  672,  713,  523,  947,  859,  379,  826,  193,  394,  653,  623,  304,  468,  476,  255,  616,  616,  361,  703,  632,  111,  488,  344],
        [  266,  266,  265,  156,  238,  242,  765,  343,  611,  476,  819,  659,  209,  397,  578,  238,  414,  490,  774,  631,  682,  500,  644,  366,  393,  207,  441,  290,  694,  349,  334,  277,  248,  413,  473,  151,  455,    0,  248,  356,  488,  322,  339,  421,  239,  841,  676,  307,  549,  305,  440,  260,  319,  204,  731,  629,  106,  698,  268,  298,  617,  508,  698,  801,  735,  632,  638,  229,  636,  634,  287,  346,  451,  700],
        [  493,  493,  509,  155,  458,  480,  852,  394,  642,  721,  885,  714,  119,  384,  753,  443,  188,  738,  554,  419,  658,  715,  647,  399,  156,   85,  418,  158,  477,  580,  554,  315,  234,  619,  720,   98,  634,  248,    0,  386,  604,  284,  485,  607,  178,  880,  761,  554,  718,  200,  462,  376,  438,  419,  512,  412,  265,  524,  473,  545,  508,  379,  807,  863,  764,  741,  558,   20,  692,  501,  461,  527,  395,  787],
        [  575,  575,  440,  443,  562,  393,  468,   33,  265,  602,  500,  330,  458,  719,  441,  291,  558,  677,  638,  502,  328,  487,  289,   14,  518,  429,  761,  530,  564,  432,  384,  612,  153,  390,  666,  356,  348,  356,  386,    0,  244,  627,  201,  342,  518,  503,  377,  499,  402,  566,   86,  614,  674,  537,  599,  514,  253,  483,  302,  529,  328,  276,  430,  479,  390,  366,  317,  374,  308,  369,  636,  281,  148,  403],
        [  619,  619,  426,  618,  622,  386,  280,  222,  227,  504,  344,  217,  650,  883,  216,  293,  786,  607,  863,  735,  372,  326,  297,  233,  748,  628,  927,  730,  794,  358,  311,  764,  377,  258,  603,  550,  171,  488,  604,  244,    0,  802,  153,  192,  702,  392,  196,  475,  178,  760,  221,  736,  786,  610,  828,  749,  389,  689,  279,  522,  505,  497,  212,  332,  314,  145,  459,  588,  197,  559,  720,  196,  358,  217],
        [  416,  416,  544,  186,  376,  539, 1073,  625,  892,  735, 1119,  953,  175,  100,  899,  558,  280,  707,  789,  671,  929,  807,  908,  639,  297,  209,  137,  137,  720,  647,  642,   92,  480,  729,  688,  272,  777,  322,  284,  627,  802,    0,  658,  742,  111, 1129,  983,  563,  871,   97,  710,  196,  232,  344,  750,  658,  414,  796,  587,  529,  792,  663, 1013, 1100, 1017,  946,  840,  284,  930,  785,  310,  667,  669, 1008],
        [  471,  471,  289,  477,  471,  245,  433,  169,  337,  413,  496,  354,  515,  736,  270,  144,  672,  501,  835,  696,  459,  286,  395,  197,  637,  497,  779,  597,  759,  247,  197,  615,  281,  189,  493,  418,  157,  339,  485,  201,  153,  658,    0,  143,  563,  536,  348,  344,  234,  624,  236,  583,  634,  459,  795,  706,  246,  684,  137,  386,  523,  477,  361,  482,  446,  295,  499,  468,  332,  568,  568,   82,  347,  370],
        [  473,  473,  267,  572,  486,  238,  429,  310,  416,  313,  508,  405,  618,  808,  158,  184,  794,  418,  977,  838,  557,  148,  485,  336,  761,  605,  852,  701,  901,  177,  138,  685,  418,   67,  415,  529,   39,  421,  607,  342,  192,  742,  143,    0,  658,  571,  363,  305,  133,  723,  362,  634,  675,  484,  937,  848,  348,  823,  156,  357,  655,  617,  341,  501,  503,  289,  623,  589,  386,  703,  593,   81,  485,  378],
        [  400,  400,  487,   86,  360,  474,  970,  518,  783,  691, 1013,  845,   64,  210,  814,  476,  230,  680,  710,  583,  818,  737,  798,  531,  231,   99,  247,   68,  637,  583,  571,  141,  370,  652,  661,  163,  691,  239,  178,  518,  702,  111,  563,  658,    0, 1021,  879,  516,  783,   68,  601,  222,  278,  322,  669,  573,  318,  699,  506,  491,  684,  556,  913,  994,  907,  846,  730,  176,  823,  679,  326,  581,  558,  904],
        [ 1006, 1006,  817,  945, 1006,  776,  180,  506,  239,  877,   98,  184,  960, 1221,  507,  680, 1036,  986,  906,  823,  274,  676,  244,  491,  994,  931, 1263, 1031,  861,  745,  700, 1110,  653,  635,  984,  859,  539,  841,  880,  503,  392, 1129,  536,  571, 1021,    0,  211,  865,  489, 1068,  421, 1100, 1156,  992,  885,  844,  736,  704,  668,  913,  519,  601,  265,   85,  117,  290,  438,  871,  207,  576, 1100,  587,  503,  201],
        [  813,  813,  616,  797,  817,  578,   92,  368,  179,  667,  149,   97,  823, 1068,  302,  488,  935,  776,  915,  805,  314,  466,  242,  364,  894,  798, 1111,  900,  856,  538,  495,  951,  528,  426,  775,  721,  330,  676,  761,  377,  196,  983,  348,  363,  879,  211,    0,  662,  280,  933,  313,  928,  980,  805,  885,  823,  574,  721,  472,  711,  526,  565,   86,  140,  175,   80,  457,  748,  101,  585,  915,  386,  436,   26],
        [  189,  189,   60,  446,  215,  107,  733,  471,  680,  175,  810,  689,  505,  600,  436,  211,  717,  191, 1055,  910,  799,  283,  738,  502,  699,  510,  641,  578,  975,  133,  168,  483,  477,  252,  176,  457,  342,  307,  554,  499,  475,  563,  344,  305,  516,  865,  662,    0,  426,  582,  562,  401,  422,  232, 1012,  912,  319,  947,  209,   54,  822,  740,  645,  801,  785,  592,  816,  535,  668,  854,  325,  280,  639,  679],
        [  602,  602,  395,  698,  617,  369,  328,  374,  388,  395,  413,  348,  740,  940,   40,  314,  905,  508, 1035,  903,  538,  188,  461,  393,  870,  725,  983,  823,  963,  294,  265,  817,  511,  175,  509,  647,   96,  549,  718,  402,  178,  871,  234,  133,  783,  489,  280,  426,    0,  847,  395,  767,  807,  616,  998,  915,  469,  865,  288,  480,  683,  669,  235,  412,  444,  201,  636,  701,  335,  736,  725,  204,  531,  289],
        [  459,  459,  554,  151,  419,  541, 1025,  569,  829,  757, 1065,  895,  111,  192,  878,  542,  189,  743,  693,  575,  855,  804,  840,  579,  202,  137,  222,   43,  624,  650,  638,  167,  415,  718,  724,  213,  755,  305,  200,  566,  760,   97,  624,  723,   68, 1068,  933,  582,  847,    0,  647,  263,  311,  382,  654,  562,  380,  702,  572,  556,  705,  576,  970, 1044,  953,  903,  757,  204,  873,  695,  374,  645,  593,  959],
        [  652,  652,  504,  527,  641,  457,  402,  101,  182,  648,  425,  253,  540,  804,  434,  352,  627,  732,  643,  517,  247,  510,  204,   75,  585,  511,  845,  610,  574,  480,  431,  697,  233,  420,  722,  439,  360,  440,  462,   86,  221,  710,  236,  362,  601,  421,  313,  562,  395,  647,    0,  699,  759,  618,  608,  532,  337,  470,  357,  596,  294,  278,  376,  402,  307,  317,  264,  451,  233,  344,  719,  317,  139,  339],
        [  231,  231,  397,  222,  194,  405, 1015,  602,  871,  565, 1073,  917,  262,  203,  789,  457,  448,  523,  925,  794,  938,  670,  903,  624,  453,  293,  241,  286,  850,  507,  514,  104,  492,  606,  503,  311,  672,  260,  376,  614,  736,  196,  583,  634,  222, 1100,  928,  401,  767,  263,  699,    0,   65,  170,  884,  785,  365,  895,  481,  359,  849,  729,  942, 1057,  995,  878,  881,  365,  894,  855,  114,  570,  696,  951],
        [  239,  239,  426,  286,  207,  441, 1066,  661,  929,  577, 1126,  972,  323,  210,  828,  502,  499,  523,  985,  855, 1000,  699,  962,  684,  507,  354,  241,  338,  911,  537,  549,  145,  555,  642,  504,  375,  713,  319,  438,  674,  786,  232,  634,  675,  278, 1156,  980,  422,  807,  311,  759,   65,    0,  195,  944,  846,  424,  959,  525,  375,  913,  793,  991, 1111, 1052,  927,  945,  428,  949,  920,  103,  614,  759, 1003],
        [   78,   78,  232,  275,   39,  248,  888,  518,  775,  397,  954,  808,  333,  370,  635,  319,  546,  364,  967,  826,  864,  505,  817,  545,  538,  351,  410,  390,  887,  343,  356,  258,  448,  449,  345,  328,  523,  204,  419,  537,  610,  344,  459,  484,  322,  992,  805,  232,  616,  382,  618,  170,  195,    0,  924,  822,  289,  901,  339,  190,  819,  711,  809,  940,  894,  748,  836,  403,  785,  836,  111,  429,  648,  827],
        [  994,  994,  957,  667,  961,  916,  958,  630,  709, 1157,  942,  796,  622,  840, 1037,  839,  481, 1203,   44,  103,  611, 1079,  660,  607,  455,  592,  860,  617,   38,  992,  951,  809,  543,  979, 1187,  597,  947,  731,  512,  599,  828,  750,  795,  937,  669,  885,  885, 1012,  998,  654,  608,  884,  944,  924,    0,  102,  693,  185,  861, 1019,  368,  331,  963,  916,  783,  912,  447,  525,  786,  310,  972,  870,  470,  907],
        [  892,  892,  857,  567,  860,  817,  901,  544,  651, 1059,  892,  738,  523,  751,  954,  742,  396, 1102,  146,   24,  570,  988,  609,  523,  367,  493,  773,  523,   66,  895,  855,  713,  446,  887, 1087,  495,  859,  629,  412,  514,  749,  658,  706,  848,  573,  844,  823,  912,  915,  562,  532,  785,  846,  822,  102,    0,  593,  185,  765,  918,  327,  259,  898,  866,  736,  843,  408,  425,  726,  275,  871,  778,  395,  846],
        [  337,  337,  265,  232,  318,  228,  663,  238,  506,  472,  715,  554,  272,  495,  501,  178,  450,  510,  736,  591,  580,  450,  540,  262,  421,  258,  539,  355,  656,  320,  290,  378,  167,  355,  495,  182,  379,  106,  265,  253,  389,  414,  246,  348,  318,  736,  574,  319,  469,  380,  337,  365,  424,  289,  693,  593,    0,  637,  208,  328,  534,  435,  600,  698,  630,  533,  548,  246,  531,  557,  384,  269,  360,  598],
        [  963,  963,  889,  673,  936,  845,  788,  515,  543, 1074,  765,  628,  642,  893,  903,  755,  557, 1135,  203,  162,  433,  969,  487,  488,  522,  608,  920,  660,  170,  905,  860,  838,  472,  872, 1122,  588,  826,  698,  524,  483,  689,  796,  684,  823,  699,  704,  721,  947,  865,  702,  470,  895,  959,  901,  185,  185,  637,    0,  772,  963,  195,  210,  802,  739,  606,  756,  270,  531,  620,  136,  967,  763,  339,  742],
        [  341,  341,  153,  422,  346,  109,  552,  271,  473,  303,  621,  488,  470,  653,  313,   31,  657,  376,  903,  759,  591,  243,  530,  303,  628,  461,  697,  553,  824,  133,   90,  530,  320,  149,  366,  387,  193,  268,  473,  302,  279,  587,  137,  156,  506,  668,  472,  209,  288,  572,  357,  481,  525,  339,  861,  765,  208,  772,    0,  249,  629,  562,  471,  610,  581,  410,  616,  454,  466,  667,  449,   90,  447,  493],
        [  138,  138,   97,  426,  168,  142,  784,  501,  722,  208,  859,  735,  486,  560,  490,  247,  700,  194, 1062,  917,  837,  336,  777,  533,  685,  495,  599,  555,  981,  186,  219,  446,  492,  305,  176,  448,  394,  298,  545,  529,  522,  529,  386,  357,  491,  913,  711,   54,  480,  556,  596,  359,  375,  190, 1019,  918,  328,  963,  249,    0,  846,  759,  697,  850,  829,  643,  845,  527,  714,  876,  276,  327,  664,  729],
        [  871,  871,  762,  636,  850,  716,  594,  360,  348,  930,  575,  434,  621,  891,  720,  617,  603, 1003,  393,  305,  245,  803,  294,  329,  562,  586,  925,  663,  343,  760,  712,  812,  371,  711,  992,  542,  653,  617,  508,  328,  505,  792,  523,  655,  684,  519,  526,  822,  683,  705,  294,  849,  913,  819,  368,  327,  534,  195,  629,  846,    0,  130,  608,  549,  416,  563,   82,  508,  425,   60,  902,  605,  183,  547],
        [  768,  768,  681,  512,  744,  637,  644,  308,  394,  865,  641,  482,  494,  763,  708,  545,  477,  927,  367,  242,  335,  762,  360,  282,  435,  459,  796,  534,  298,  695,  650,  687,  269,  665,  914,  419,  623,  508,  379,  276,  497,  663,  477,  617,  556,  601,  565,  740,  669,  576,  278,  729,  793,  711,  331,  259,  435,  210,  562,  759,  130,    0,  639,  615,  489,  585,  193,  381,  469,  128,  788,  555,  140,  589],
        [  808,  808,  605,  829,  816,  571,   94,  415,  262,  629,  181,  183,  860, 1094,  247,  491,  986,  741,  994,  881,  400,  421,  327,  417,  947,  837, 1138,  939,  933,  516,  478,  974,  576,  399,  742,  759,  304,  698,  807,  430,  212, 1013,  361,  341,  913,  265,   86,  645,  235,  970,  376,  942,  991,  809,  963,  898,  600,  802,  471,  697,  608,  639,    0,  183,  255,   68,  540,  793,  185,  666,  919,  382,  507,   74],
        [  950,  950,  755,  914,  953,  716,   95,  476,  228,  803,   26,  150,  935, 1188,  427,  624, 1027,  913,  940,  846,  308,  599,  258,  466,  986,  907, 1231, 1009,  890,  677,  634, 1074,  631,  564,  912,  833,  468,  801,  863,  479,  332, 1100,  482,  501,  994,   85,  140,  801,  412, 1044,  402, 1057, 1111,  940,  916,  866,  698,  739,  610,  850,  549,  615,  183,    0,  134,  214,  470,  852,  171,  607, 1049,  525,  503,  125],
        [  914,  914,  733,  832,  911,  690,  200,  396,  126,  815,  160,   99,  846, 1109,  470,  589,  920,  920,  807,  715,  174,  624,  129,  378,  877,  817, 1150,  916,  757,  671,  624, 1000,  539,  569,  916,  745,  476,  735,  764,  390,  314, 1017,  446,  503,  907,  117,  175,  785,  444,  953,  307,  995, 1052,  894,  783,  736,  630,  606,  581,  829,  416,  489,  255,  134,    0,  250,  337,  755,  118,  474, 1000,  506,  386,  181],
        [  750,  750,  549,  762,  756,  513,  142,  350,  225,  589,  220,  161,  792, 1028,  222,  429,  920,  699,  945,  827,  372,  387,  296,  353,  881,  770, 1071,  872,  881,  465,  425,  908,  510,  351,  698,  691,  255,  632,  741,  366,  145,  946,  295,  289,  846,  290,   80,  592,  201,  903,  317,  878,  927,  748,  912,  843,  533,  756,  410,  643,  563,  585,   68,  214,  250,    0,  501,  727,  155,  621,  858,  322,  450,   90],
        [  882,  882,  757,  675,  865,  710,  520,  346,  279,  911,  496,  362,  666,  939,  672,  607,  669,  991,  471,  386,  165,  769,  219,  315,  627,  632,  975,  715,  423,  742,  693,  853,  392,  682,  981,  581,  616,  638,  558,  317,  459,  840,  499,  623,  730,  438,  457,  816,  636,  757,  264,  881,  945,  836,  447,  408,  548,  270,  616,  845,   82,  193,  540,  470,  337,  501,    0,  556,  356,  138,  925,  580,  189,  476],
        [  476,  476,  489,  144,  441,  461,  840,  381,  632,  701,  873,  702,  113,  384,  735,  424,  206,  719,  568,  431,  652,  696,  639,  387,  175,   79,  419,  163,  490,  561,  535,  309,  221,  600,  702,   79,  616,  229,   20,  374,  588,  284,  468,  589,  176,  871,  748,  535,  701,  204,  451,  365,  428,  403,  525,  425,  246,  531,  454,  527,  508,  381,  793,  852,  755,  727,  556,    0,  681,  504,  447,  509,  390,  774],
        [  802,  802,  617,  745,  801,  575,  176,  306,   78,  699,  193,   24,  764, 1020,  364,  476,  859,  803,  815,  707,  219,  510,  143,  295,  818,  737, 1062,  838,  757,  554,  507,  907,  461,  452,  799,  662,  361,  636,  692,  308,  197,  930,  332,  386,  823,  207,  101,  668,  335,  873,  233,  894,  949,  785,  786,  726,  531,  620,  466,  714,  425,  469,  185,  171,  118,  155,  356,  681,    0,  484,  893,  389,  345,  122],
        [  892,  892,  795,  638,  869,  749,  653,  401,  407,  969,  633,  493,  617,  884,  774,  653,  580, 1039,  334,  253,  302,  850,  353,  371,  540,  582,  916,  653,  286,  799,  752,  812,  391,  756, 1026,  546,  703,  634,  501,  369,  559,  785,  568,  703,  679,  576,  585,  854,  736,  695,  344,  855,  920,  836,  310,  275,  557,  136,  667,  876,   60,  128,  666,  607,  474,  621,  138,  504,  484,    0,  914,  649,  222,  606],
        [  139,  139,  335,  306,  111,  356,  998,  619,  880,  476, 1063,  916,  356,  307,  743,  430,  555,  421, 1014,  878,  963,  605,  920,  645,  555,  382,  341,  392,  937,  445,  463,  218,  533,  555,  402,  381,  632,  287,  461,  636,  720,  310,  568,  593,  326, 1100,  915,  325,  725,  374,  719,  114,  103,  111,  972,  871,  384,  967,  449,  276,  902,  788,  919, 1049, 1000,  858,  925,  447,  893,  914,    0,  539,  737,  937],
        [  428,  428,  231,  495,  435,  192,  464,  249,  405,  333,  535,  410,  539,  737,  233,  114,  714,  424,  910,  769,  535,  210,  467,  278,  682,  526,  781,  623,  833,  170,  121,  615,  342,  110,  418,  449,  111,  346,  527,  281,  196,  667,   82,   81,  581,  587,  386,  280,  204,  645,  317,  570,  614,  429,  870,  778,  269,  763,   90,  327,  605,  555,  382,  525,  506,  322,  580,  509,  389,  649,  539,    0,  428,  406],
        [  695,  695,  580,  497,  677,  533,  520,  180,  276,  749,  528,  361,  494,  767,  569,  434,  536,  820,  506,  379,  263,  631,  261,  151,  494,  461,  805,  553,  436,  578,  531,  674,  205,  536,  809,  402,  488,  451,  395,  148,  358,  669,  347,  485,  558,  503,  436,  639,  531,  593,  139,  696,  759,  648,  470,  395,  360,  339,  447,  664,  183,  140,  507,  503,  386,  450,  189,  390,  345,  222,  737,  428,    0,  461],
        [  833,  833,  635,  823,  837,  598,   66,  394,  200,  679,  131,  115,  848, 1093,  307,  509,  961,  789,  937,  828,  330,  476,  260,  390,  920,  823, 1136,  926,  878,  554,  512,  976,  554,  440,  788,  746,  344,  700,  787,  403,  217, 1008,  370,  378,  904,  201,   26,  679,  289,  959,  339,  951, 1003,  827,  907,  846,  598,  742,  493,  729,  547,  589,   74,  125,  181,   90,  476,  774,  122,  606,  937,  406,  461,    0]
    ]
}
