{
    "name": "random-59-17069",
    "comment": "size=59 seed=17069",
    "nodes": ["+0", "-0", "+1", "-1", "+2", "-2", "+3", "-3", "+4", "-4", "+5", "-5", "+6", "-6", "+7", "-7", "+8", "-8", "+9", "-9", "+10", "-10", "+11", "-11", "+12", "-12", "+13", "-13", "+14", "-14", "+15", "-15", "+16", "-16", "+17", "-17", "+18", "-18", "+19", "-19", "+20", "-20", "+21", "-21", "+22", "-22", "+23", "-23", "+24", "-24", "+25", "-25", "+26", "-26", "+27", "-27", "+28", "-28", "+29", "-29", "+30", "-30", "+31", "-31", "+32", "-32", "+33", "-33", "+34", "-34", "+35", "-35", "+36", "-36", "+37", "-37", "+38", "-38", "+39", "-39", "+40", "-40", "+41", "-41", "+42", "-42", "+43", "-43", "+44", "-44", "+45", "-45", "+46", "-46", "+47", "-47", "+48", "-48", "+49", "-49", "+50", "-50", "+51", "-51", "+52", "-52", "+53", "-53", "+54", "-54", "+55", "-55", "+56", "-56", "+57", "-57", "+58", "-58", "+59", "-59"],
    "precedence": {
        "+0": "-0",
        "+1": "-1",
        "+2": "-2",
        "+3": "-3",
        "+4": "-4",
        "+5": "-5",
        "+6": "-6",
        "+7": "-7",
        "+8": "-8",
        "+9": "-9",
        "+10": "-10",
        "+11": "-11",
        "+12": "-12",
        "+13": "-13",
        "+14": "-14",
        "+15": "-15",
        "+16": "-16",
        "+17": "-17",
        "+18": "-18",
        "+19": "-19",
        "+20": "-20",
        "+21": "-21",
        "+22": "-22",
        "+23": "-23",
        "+24": "-24",
        "+25": "-25",
        "+26": "-26",
        "+27": "-27",
        "+28": "-28",
        "+29": "-29",
        "+30": "-30",
        "+31": "-31",
        "+32": "-32",
        "+33": "-33",
        "+34": "-34",
        "+35": "-35",
        "+36": "-36",
        "+37": "-37",
        "+38": "-38",
        "+39": "-39",
        "+40": "-40",
        "+41": "-41",
        "+42": "-42",
        "+43": "-43",
        "+44": "-44",
        "+45": "-45",
        "+46": "-46",
        "+47": "-47",
        "+48": "-48",
        "+49": "-49",
        "+50": "-50",
        "+51": "-51",
        "+52": "-52",
        "+53": "-53",
        "+54": "-54",
        "+55": "-55",
        "+56": "-56",
        "+57": "-57",
        "+58": "-58",
        "+59": "-59"
    },
    "edges": [
        [    0,    0,  412,  337,  315,   90,  517,  807,  520,  310,  329,  169,  779,  652,  173,  501,  413,  569,  481,  389,  319,  403,  560,  371,  691,  405,  439,  631,  511,  305,  195,  183,  675,   90,  517,  482,  532,  320,  296,   73,  182,   29,  595,  643,  305,  382,  176,  478,  688,   84,  379,  398,  404,  284,  333,  360,  231,  246,  468,  792,  540,  311,  372,  565,  559,  271,  278,  290,  712,  896,  559,  360,  508,  324,  613,  327,  329,  152,  622,  412,  157,  102,  654,  243,  374,  331,  738,  612,  347,  216,  547,   82,  602,  160,  395,  676,  483,  824,  557,  353,  830,  545,  353,  241,  784,  342,  429,  584,  511,  268,  562,  773,  653,  809,  142,  802,  399,  445,  360,  155],
        [    0,    0,    0,    0,    0,    0,    0,    0,    0,    0,    0,    0,    0,    0,    0,    0,    0,    0,    0,    0,    0,    0,    0,    0,    0,    0,    0,    0,    0,    0,    0,    0,    0,    0,    0,    0,    0,    0,    0,    0,    0,    0,    0,    0,    0,    0,    0,    0,    0,    0,    0,    0,    0,    0,    0,    0,    0,    0,    0,    0,    0,    0,    0,    0,    0,    0,    0,    0,    0,    0,    0,    0,    0,    0,    0,    0,    0,    0,    0,    0,    0,    0,    0,    0,    0,    0,    0,    0,    0,    0,    0,    0,    0,    0,    0,    0,    0,    0,    0,    0,    0,    0,    0,    0,    0,    0,    0,    0,    0,    0,    0,    0,    0,    0,    0,    0,    0,    0,    0,    0],
        [  412,    0,    0,  137,  677,  323,  886, 1218,  907,  282,  734,  384, 1188,  966,  411,  854,  821,  747,  757,  772,  399,  814,  823,  575, 1097,  632,  849,  946,  751,  224,  586,  518,  953,  423,  920,  700,  896,  722,  498,  445,  415,  386,  995,  979,  420,   97,  550,  889, 1088,  449,   71,  792,  628,  455,  687,  771,  218,  442,  869, 1202,  915,  315,  547,  907,  922,  617,  553,  585,  956, 1305,  901,  732,  918,  735,  947,  581,  560,  367, 1027,  701,  529,  326, 1060,  333,   38,  444, 1133,  964,  447,  626,  908,  490,  994,  535,   65, 1085,  741, 1228,  775,  708, 1239,  892,  602,  634, 1189,  656,  837,  983,  801,  517,  929, 1181, 1041, 1220,  340, 1210,  708,  836,  771,  383],
        [  337,    0,  137,    0,  636,  258,  769, 1136,  855,  146,  666,  367, 1113,  837,  392,  734,  729,  611,  754,  722,  264,  731,  690,  587,  999,  640,  770,  817,  617,  273,  528,  481,  820,  324,  854,  715,  858,  626,  366,  388,  295,  309,  932,  955,  285,  197,  446,  808, 1024,  395,  171,  688,  637,  323,  650,  692,  110,  444,  768, 1122,  870,  179,  412,  784,  884,  582,  540,  568,  969, 1211,  873,  620,  842,  657,  924,  452,  428,  254,  958,  572,  426,  238,  963,  348,  115,  308, 1025,  932,  480,  540,  789,  407,  938,  433,  177, 1009,  744, 1128,  640,  592, 1145,  862,  471,  575, 1088,  532,  765,  921,  794,  510,  812, 1084,  930, 1130,  314, 1113,  582,  781,  686,  362],
        [  315,    0,  677,  636,    0,  379,  545,  602,  237,  624,  157,  298,  550,  741,  272,  565,  334,  792,  220,  106,  621,  273,  721,  256,  567,  237,  275,  722,  702,  491,  131,  159,  802,  381,  280,  283,  222,  320,  564,  251,  475,  343,  339,  329,  602,  615,  356,  316,  430,  243,  624,  397,  241,  568,   25,  230,  537,  273,  414,  581,  239,  624,  634,  631,  249,   63,  167,  134,  441,  732,  245,  432,  314,  213,  299,  554,  572,  461,  382,  583,  354,  414,  536,  374,  641,  624,  660,  298,  360,  245,  584,  284,  326,  350,  640,  460,  241,  694,  755,  460,  673,  231,  576,  103,  660,  510,  234,  325,  229,  206,  582,  633,  609,  634,  337,  656,  554,  175,  264,  296],
        [   90,    0,  323,  258,  379,    0,  596,  895,  597,  261,  414,  150,  866,  718,  167,  576,  502,  597,  518,  464,  302,  491,  611,  379,  780,  422,  527,  697,  554,  229,  271,  229,  732,  135,  601,  500,  601,  407,  315,  130,  195,   68,  678,  703,  296,  294,  252,  566,  771,  138,  290,  483,  420,  291,  395,  448,  159,  237,  555,  880,  612,  270,  390,  638,  627,  328,  305,  326,  744,  985,  620,  439,  596,  412,  672,  366,  361,  146,  707,  466,  231,   57,  743,  195,  286,  326,  825,  677,  321,  306,  625,  171,  681,  235,  306,  763,  514,  912,  595,  426,  919,  608,  393,  318,  873,  402,  515,  666,  554,  283,  641,  862,  738,  898,  100,  891,  460,  524,  449,  139],
        [  517,    0,  886,  769,  545,  596,    0,  509,  527,  655,  394,  664,  536,  209,  654,   61,  228,  436,  759,  502,  559,  300,  282,  774,  302,  773,  330,  194,  322,  821,  473,  574,  295,  470,  438,  827,  614,  232,  434,  536,  475,  531,  496,  749,  528,  883,  345,  318,  543,  542,  873,  150,  776,  476,  567,  327,  669,  711,  159,  510,  581,  629,  441,   98,  632,  569,  664,  647,  957,  505,  687,  158,  367,  335,  734,  349,  381,  519,  475,  248,  366,  570,  274,  750,  850,  523,  272,  688,  822,  339,   39,  439,  542,  361,  888,  452,  784,  400,  366,  178,  445,  666,  343,  460,  363,  249,  376,  499,  755,  685,   45,  379,  171,  457,  654,  406,  218,  484,  288,  651],
        [  807,    0, 1218, 1136,  602,  895,  509,    0,  390, 1062,  491,  876,   82,  670,  853,  569,  414,  944,  715,  498,  996,  406,  788,  846,  215,  809,  370,  665,  830, 1071,  643,  738,  772,  815,  323,  820,  472,  520,  883,  779,  871,  833,  277,  543,  967, 1179,  702,  330,  213,  777, 1180,  485,  815,  915,  607,  448, 1027,  872,  402,   26,  426, 1045,  914,  587,  467,  662,  769,  735,  803,  165,  538,  576,  303,  484,  550,  813,  846,  893,  226,  741,  719,  900,  237,  962, 1180,  972,  317,  487,  961,  597,  527,  731,  315,  712, 1197,  143,  750,  215,  874,  622,  143,  524,  817,  599,  216,  713,  387,  292,  681,  808,  499,  173,  380,   88,  899,  165,  705,  430,  450,  869],
        [  520,    0,  907,  855,  237,  597,  527,  390,    0,  821,  208,  533,  327,  735,  508,  569,  305,  882,  327,  136,  794,  236,  771,  460,  420,  421,  199,  720,  776,  728,  327,  393,  819,  564,  100,  431,   98,  365,  709,  468,  648,  549,  114,  224,  769,  850,  493,  213,  197,  462,  857,  402,  426,  726,  234,  232,  750,  508,  369,  366,   56,  815,  768,  624,  108,  299,  396,  360,  458,  539,  174,  478,  172,  252,  212,  672,  698,  649,  165,  659,  501,  621,  400,  610,  871,  786,  537,  161,  585,  362,  564,  465,   90,  495,  873,  253,  363,  528,  829,  520,  488,  155,  689,  280,  501,  598,  156,   99,  298,  437,  550,  465,  520,  441,  569,  482,  624,   76,  268,  530],
        [  310,    0,  282,  146,  624,  261,  655, 1062,  821,    0,  619,  404, 1048,  703,  425,  613,  649,  466,  778,  695,  119,  664,  550,  635,  907,  681,  707,  684,  475,  376,  502,  485,  680,  259,  804,  758,  841,  543,  231,  377,  193,  283,  884,  952,  143,  333,  361,  740,  974,  387,  309,  593,  679,  187,  643,  631,  124,  490,  676, 1051,  845,   34,  269,  658,  868,  579,  565,  585, 1005, 1121,  869,  515,  780,  598,  922,  320,  293,  174,  904,  441,  344,  214,  871,  417,  258,  164,  919,  921,  553,  476,  671,  357,  898,  351,  318,  944,  775, 1031,  496,  481, 1056,  855,  337,  545,  992,  410,  710,  875,  813,  543,  696,  992,  821, 1046,  349, 1022,  455,  746,  618,  395],
        [  329,    0,  734,  666,  157,  414,  394,  491,  208,  619,    0,  387,  454,  595,  366,  420,  177,  690,  365,  116,  587,  117,  596,  407,  420,  393,  130,  577,  589,  582,  153,  252,  665,  361,  189,  439,  259,  182,  502,  291,  441,  357,  267,  394,  562,  690,  286,  173,  359,  288,  693,  248,  397,  518,  177,   73,  558,  393,  257,  472,  245,  611,  562,  484,  283,  198,  307,  280,  569,  602,  318,  300,  188,   62,  371,  469,  494,  446,  294,  470,  293,  429,  388,  475,  697,  578,  506,  343,  493,  155,  433,  264,  279,  287,  709,  353,  391,  552,  643,  335,  539,  298,  487,  110,  516,  403,  104,  257,  363,  340,  429,  493,  452,  507,  409,  518,  437,  135,  108,  380],
        [  169,    0,  384,  367,  298,  150,  664,  876,  533,  404,  387,    0,  834,  814,   27,  656,  520,  734,  387,  399,  451,  489,  728,  231,  794,  279,  514,  793,  680,  197,  235,  142,  842,  255,  561,  356,  514,  446,  455,  128,  336,  175,  630,  597,  445,  318,  338,  557,  723,  122,  327,  530,  276,  436,  306,  441,  289,   88,  588,  857,  536,  417,  532,  722,  539,  237,  175,  204,  606,  986,  518,  511,  574,  408,  565,  494,  494,  292,  667,  580,  320,  206,  759,   90,  350,  474,  860,  581,  179,  333,  697,  230,  622,  322,  343,  737,  378,  928,  725,  511,  923,  509,  521,  278,  890,  509,  489,  617,  428,  144,  708,  872,  784,  893,   56,  899,  566,  467,  455,   14],
        [  779,    0, 1188, 1113,  550,  866,  536,   82,  327, 1048,  454,  834,    0,  713,  810,  595,  408,  966,  646,  445,  991,  385,  818,  786,  263,  747,  344,  706,  852, 1030,  605,  694,  813,  795,  273,  753,  402,  511,  882,  745,  858,  806,  214,  464,  962, 1143,  690,  309,  138,  742, 1146,  489,  753,  911,  553,  422, 1004,  823,  411,   57,  357, 1034,  919,  622,  394,  612,  716,  681,  724,  246,  464,  582,  272,  457,  473,  818,  849,  877,  169,  757,  705,  875,  276,  918, 1150,  970,  378,  410,  907,  575,  559,  707,  246,  698, 1162,  105,  682,  291,  899,  629,  222,  452,  824,  559,  285,  721,  351,  229,  610,  756,  533,  241,  427,  166,  861,  239,  720,  375,  431,  828],
        [  652,    0,  966,  837,  741,  718,  209,  670,  735,  703,  595,  814,  713,    0,  809,  176,  435,  339,  958,  706,  589,  507,  176,  954,  455,  959,  538,   22,  252,  946,  653,  746,  103,  584,  645, 1019,  822,  422,  472,  688,  556,  658,  700,  958,  561,  982,  477,  525,  739,  696,  968,  349,  962,  517,  763,  531,  751,  873,  367,  677,  789,  672,  444,  113,  840,  757,  843,  830, 1162,  624,  894,  316,  573,  535,  941,  386,  410,  608,  674,  265,  496,  679,  438,  894,  934,  546,  373,  896,  983,  514,  172,  585,  748,  493,  981,  640,  981,  511,  267,  305,  574,  874,  367,  649,  483,  318,  584,  703,  958,  859,  190,  514,  291,  602,  793,  536,  261,  692,  491,  800],
        [  173,    0,  411,  392,  272,  167,  654,  853,  508,  425,  366,   27,  810,  809,    0,  649,  503,  740,  362,  374,  467,  470,  729,  212,  776,  257,  493,  788,  683,  221,  215,  117,  840,  261,  537,  334,  487,  433,  465,  121,  346,  182,  605,  570,  459,  344,  335,  537,  698,  114,  354,  518,  255,  447,  279,  422,  311,   74,  573,  834,  509,  436,  541,  715,  513,  210,  149,  177,  583,  966,  491,  503,  552,  389,  538,  499,  501,  305,  643,  580,  318,  222,  741,  110,  376,  488,  844,  554,  177,  320,  688,  225,  597,  320,  369,  714,  354,  910,  729,  505,  903,  482,  526,  256,  872,  508,  467,  592,  402,  120,  698,  853,  770,  872,   79,  880,  565,  442,  438,   31],
        [  501,    0,  854,  734,  565,  576,   61,  569,  569,  613,  420,  656,  595,  176,  649,    0,  265,  376,  782,  532,  512,  336,  223,  783,  362,  786,  371,  158,  262,  804,  481,  578,  250,  446,  484,  844,  653,  246,  388,  529,  440,  512,  546,  789,  482,  857,  326,  364,  597,  536,  846,  174,  788,  431,  588,  357,  637,  709,  206,  570,  622,  586,  388,   68,  672,  583,  672,  657,  987,  564,  723,  147,  415,  359,  771,  301,  332,  487,  527,  193,  347,  545,  334,  740,  819,  475,  326,  729,  820,  343,   59,  428,  590,  343,  860,  509,  806,  457,  306,  150,  504,  702,  292,  474,  421,  204,  415,  547,  782,  690,   87,  438,  225,  517,  641,  465,  165,  521,  317,  643],
        [  413,    0,  821,  729,  334,  502,  228,  414,  305,  649,  177,  520,  408,  435,  503,  265,    0,  592,  539,  277,  584,   73,  470,  580,  279,  568,  107,  419,  482,  704,  294,  402,  515,  406,  225,  615,  388,  106,  475,  402,  457,  436,  296,  524,  555,  794,  289,  112,  365,  404,  791,  100,  572,  504,  353,  105,  620,  545,   81,  404,  357,  631,  516,  323,  407,  370,  474,  451,  730,  485,  460,  187,  164,  125,  507,  414,  445,  481,  291,  371,  306,  497,  243,  610,  783,  563,  342,  464,  652,  197,  266,  332,  335,  299,  807,  305,  566,  412,  534,  233,  419,  439,  424,  267,  374,  322,  150,  294,  532,  503,  258,  361,  278,  402,  527,  390,  334,  257,   72,  510],
        [  569,    0,  747,  611,  792,  597,  436,  944,  882,  466,  690,  734,  966,  339,  740,  376,  592,    0, 1004,  803,  349,  652,  168,  934,  736,  959,  695,  329,  115,  800,  669,  727,  266,  480,  815, 1032,  947,  518,  283,  631,  402,  560,  888, 1083,  332,  792,  440,  704,  953,  642,  770,  494,  960,  313,  815,  650,  557,  814,  561,  944,  928,  433,  211,  370,  971,  781,  830,  832, 1232,  932, 1006,  407,  756,  635, 1060,  246,  240,  453,  880,  223,  448,  543,  709,  791,  723,  305,  685, 1030,  912,  550,  422,  538,  925,  450,  780,  875, 1017,  822,   74,  363,  875,  986,  220,  689,  789,  287,  728,  886, 1020,  830,  452,  810,  588,  891,  693,  836,  260,  818,  615,  720],
        [  481,    0,  757,  754,  220,  518,  759,  715,  327,  778,  365,  387,  646,  958,  362,  782,  539, 1004,    0,  266,  799,  471,  940,  193,  735,  135,  460,  940,  918,  540,  335,  299, 1021,  563,  415,  109,  245,  538,  761,  409,  659,  505,  439,  247,  784,  676,  564,  494,  510,  398,  693,  612,  141,  758,  196,  435,  671,  316,  619,  690,  290,  785,  834,  848,  256,  224,  215,  193,  233,  865,  195,  652,  474,  425,  219,  762,  777,  633,  491,  800,  559,  566,  709,  425,  727,  810,  842,  264,  337,  463,  798,  476,  401,  556,  706,  579,   36,  851,  971,  679,  815,  201,  786,  320,  821,  727,  411,  424,   49,  245,  794,  787,  804,  768,  441,  807,  772,  313,  473,  393],
        [  389,    0,  772,  722,  106,  464,  502,  498,  136,  695,  116,  399,  445,  706,  374,  532,  277,  803,  266,    0,  676,  207,  712,  352,  477,  323,  194,  689,  704,  594,  195,  258,  778,  441,  176,  354,  151,  297,  603,  334,  529,  418,  234,  282,  654,  715,  386,  231,  325,  328,  722,  359,  328,  614,  110,  176,  618,  379,  355,  476,  151,  691,  667,  594,  178,  168,  272,  238,  456,  631,  203,  415,  218,  176,  257,  577,  600,  525,  277,  585,  390,  491,  449,  478,  736,  673,  579,  236,  464,  259,  540,  341,  224,  385,  738,  356,  296,  601,  758,  451,  574,  184,  597,  150,  568,  517,  147,  220,  255,  311,  534,  538,  539,  534,  434,  560,  552,   70,  216,  395],
        [  319,    0,  399,  264,  621,  302,  559,  996,  794,  119,  587,  451,  991,  589,  467,  512,  584,  349,  799,  676,    0,  611,  432,  678,  827,  718,  656,  571,  357,  468,  492,  501,  562,  241,  763,  795,  826,  480,  125,  391,  148,  296,  843,  948,   31,  444,  306,  685,  929,  402,  422,  516,  716,   84,  642,  584,  215,  538,  600,  988,  825,   86,  150,  552,  853,  586,  594,  608, 1030, 1042,  864,  431,  729,  554,  919,  213,  183,  167,  857,  331,  295,  246,  792,  485,  375,   46,  828,  909,  618,  434,  570,  339,  864,  301,  432,  887,  801,  946,  377,  391,  977,  848,  226,  531,  907,  310,  668,  836,  828,  579,  597,  912,  727,  972,  400,  941,  350,  719,  565,  440],
        [  403,    0,  814,  731,  273,  491,  300,  406,  236,  664,  117,  489,  385,  507,  470,  336,   73,  652,  471,  207,  611,    0,  536,  524,  308,  509,   47,  491,  544,  680,  256,  361,  586,  411,  164,  551,  317,  140,  510,  380,  475,  428,  241,  453,  583,  778,  307,   77,  320,  380,  778,  167,  512,  535,  290,   49,  622,  504,  149,  392,  287,  650,  558,  395,  336,  315,  423,  396,  659,  499,  388,  245,  118,   82,  436,  458,  487,  492,  247,  429,  321,  495,  274,  578,  776,  594,  390,  394,  607,  192,  338,  326,  274,  315,  795,  280,  499,  441,  596,  290,  435,  367,  471,  220,  403,  374,   80,  237,  462,  455,  329,  384,  337,  409,  503,  411,  392,  185,   47,  480],
        [  560,    0,  823,  690,  721,  611,  282,  788,  771,  550,  596,  728,  818,  176,  729,  223,  470,  168,  940,  712,  432,  536,    0,  901,  578,  917,  576,  164,   78,  833,  612,  689,  131,  479,  694,  984,  847,  416,  326,  610,  428,  559,  761,  984,  407,  851,  399,  577,  817,  620,  833,  371,  918,  368,  745,  545,  614,  799,  424,  791,  822,  517,  282,  205,  868,  723,  792,  786, 1159,  768,  912,  298,  629,  537,  964,  250,  266,  483,  746,  149,  413,  564,  552,  799,  794,  387,  519,  927,  905,  478,  263,  508,  803,  412,  846,  732,  958,  657,   94,  263,  712,  892,  225,  620,  625,  223,  615,  761,  948,  800,  292,  648,  424,  732,  697,  673,  170,  714,  506,  715],
        [  371,    0,  575,  587,  256,  379,  774,  846,  460,  635,  407,  231,  786,  954,  212,  783,  580,  934,  193,  352,  678,  524,  901,    0,  822,   59,  530,  934,  865,  353,  303,  213, 1001,  460,  526,  128,  402,  542,  666,  304,  552,  387,  573,  436,  669,  489,  504,  571,  656,  293,  508,  627,   54,  653,  244,  479,  518,  146,  659,  823,  439,  647,  743,  850,  421,  211,  112,  130,  384,  983,  373,  639,  567,  456,  406,  689,  696,  514,  621,  754,  492,  433,  791,  244,  546,  697,  913,  443,  144,  441,  811,  398,  546,  492,  520,  704,  170,  949,  914,  655,  926,  373,  715,  316,  915,  679,  489,  558,  241,  105,  815,  887,  857,  885,  286,  910,  732,  418,  509,  241],
        [  691,    0, 1097,  999,  567,  780,  302,  215,  420,  907,  420,  794,  263,  455,  776,  362,  279,  736,  735,  477,  827,  308,  578,  822,    0,  799,  293,  450,  623,  981,  563,  668,  557,  677,  323,  829,  517,  375,  707,  680,  716,  713,  331,  627,  797, 1072,  554,  251,  327,  681, 1069,  315,  803,  744,  580,  356,  891,  811,  232,  223,  472,  886,  728,  374,  523,  616,  726,  697,  876,  215,  593,  397,  262,  388,  623,  630,  663,  748,  285,  545,  574,  772,   37,  884, 1060,  798,  125,  564,  913,  475,  316,  610,  384,  567, 1085,  216,  768,  134,  665,  439,  150,  575,  630,  527,   96,  528,  334,  342,  712,  760,  287,   86,  166,  156,  805,  115,  510,  423,  340,  785],
        [  405,    0,  632,  640,  237,  422,  773,  809,  421,  681,  393,  279,  747,  959,  257,  786,  568,  959,  135,  323,  718,  509,  917,   59,  799,    0,  509,  940,  884,  411,  308,  233, 1011,  492,  494,   78,  355,  542,  698,  334,  586,  423,  534,  381,  707,  547,  523,  549,  614,  323,  565,  624,    6,  688,  220,  465,  567,  197,  648,  786,  395,  692,  774,  853,  372,  204,  129,  131,  330,  951,  320,  645,  540,  446,  351,  714,  723,  552,  584,  771,  513,  475,  769,  300,  603,  734,  895,  391,  202,  447,  810,  421,  504,  512,  578,  669,  112,  923,  935,  664,  896,  322,  739,  313,  890,  696,  465,  519,  183,  140,  812,  861,  844,  853,  334,  883,  747,  385,  498,  287],
        [  439,    0,  849,  770,  275,  527,  330,  370,  199,  707,  130,  514,  344,  538,  493,  371,  107,  695,  460,  194,  656,   47,  576,  530,  293,  509,    0,  522,  586,  707,  280,  381,  620,  453,  120,  546,  286,  186,  556,  411,  519,  465,  196,  420,  629,  810,  352,   44,  274,  409,  812,  206,  514,  580,  290,   79,  661,  522,  173,  354,  252,  694,  604,  426,  303,  324,  433,  405,  636,  473,  359,  289,   74,  115,  405,  504,  533,  534,  201,  473,  365,  533,  262,  602,  812,  640,  387,  359,  622,  232,  367,  364,  230,  358,  828,  239,  490,  423,  639,  334,  410,  339,  516,  239,  388,  419,   50,  192,  446,  468,  355,  364,  345,  380,  532,  389,  436,  158,   92,  506],
        [  631,    0,  946,  817,  722,  697,  194,  665,  720,  684,  577,  793,  706,   22,  788,  158,  419,  329,  940,  689,  571,  491,  164,  934,  450,  940,  522,    0,  237,  925,  633,  726,  108,  563,  631, 1000,  807,  403,  453,  667,  535,  637,  687,  942,  543,  962,  456,  511,  728,  675,  947,  331,  942,  497,  745,  514,  731,  852,  352,  671,  774,  653,  426,   97,  825,  738,  823,  810, 1144,  624,  878,  296,  560,  517,  926,  366,  391,  587,  663,  245,  475,  658,  432,  873,  914,  528,  373,  881,  962,  494,  159,  564,  734,  472,  961,  631,  962,  511,  256,  284,  573,  857,  348,  629,  483,  297,  568,  691,  939,  838,  178,  511,  287,  599,  772,  534,  241,  675,  474,  779],
        [  511,    0,  751,  617,  702,  554,  322,  830,  776,  475,  589,  680,  852,  252,  683,  262,  482,  115,  918,  704,  357,  544,   78,  865,  623,  884,  586,  237,    0,  772,  585,  654,  206,  427,  706,  955,  845,  413,  257,  567,  366,  507,  777,  982,  333,  783,  362,  593,  840,  577,  764,  383,  886,  297,  726,  545,  546,  754,  447,  830,  824,  442,  207,  262,  868,  697,  757,  755, 1143,  822,  907,  299,  645,  533,  960,  189,  199,  420,  767,  120,  373,  505,  595,  746,  723,  312,  576,  927,  858,  457,  311,  468,  816,  374,  776,  761,  934,  712,   54,  257,  764,  887,  162,  599,  678,  192,  621,  776,  930,  762,  341,  698,  478,  778,  645,  725,  154,  714,  509,  666],
        [  305,    0,  224,  273,  491,  229,  821, 1071,  728,  376,  582,  197, 1030,  946,  221,  804,  704,  800,  540,  594,  468,  680,  833,  353,  981,  411,  707,  925,  772,    0,  429,  338,  957,  362,  758,  478,  702,  620,  521,  302,  406,  292,  826,  771,  475,  136,  478,  750,  918,  301,  156,  701,  407,  488,  497,  632,  256,  231,  766, 1053,  727,  402,  589,  866,  726,  429,  347,  382,  733, 1178,  696,  664,  769,  598,  740,  585,  574,  353,  864,  692,  458,  270,  945,  121,  200,  504, 1038,  763,  223,  510,  851,  385,  817,  462,  168,  932,  522, 1115,  809,  654, 1114,  690,  611,  473, 1077,  629,  685,  812,  586,  307,  866, 1061,  956, 1086,  177, 1089,  687,  662,  643,  203],
        [  195,    0,  586,  528,  131,  271,  473,  643,  327,  502,  153,  235,  605,  653,  215,  481,  294,  669,  335,  195,  492,  256,  612,  303,  563,  308,  280,  633,  585,  429,    0,  108,  704,  252,  335,  373,  340,  241,  434,  143,  345,  223,  409,  456,  472,  538,  230,  323,  502,  138,  542,  327,  310,  438,  153,  208,  424,  251,  369,  625,  346,  499,  505,  548,  367,  113,  192,  178,  564,  752,  373,  338,  341,  176,  427,  428,  444,  334,  442,  469,  226,  296,  528,  324,  549,  494,  636,  420,  359,  140,  510,  154,  411,  223,  558,  505,  349,  696,  637,  357,  689,  357,  451,   48,  658,  394,  256,  397,  353,  214,  514,  639,  568,  659,  256,  666,  442,  253,  226,  227],
        [  183,    0,  518,  481,  159,  229,  574,  738,  393,  485,  252,  142,  694,  746,  117,  578,  402,  727,  299,  258,  501,  361,  689,  213,  668,  233,  381,  726,  654,  338,  108,    0,  790,  266,  421,  307,  380,  345,  468,  111,  361,  206,  488,  475,  486,  458,  293,  424,  581,  100,  466,  431,  233,  462,  171,  313,  387,  144,  476,  718,  398,  489,  544,  645,  406,  101,  104,  109,  530,  853,  393,  432,  437,  282,  444,  482,  491,  335,  527,  542,  282,  271,  634,  225,  482,  512,  743,  452,  252,  236,  610,  189,  481,  281,  481,  597,  302,  801,  704,  444,  791,  381,  507,  142,  764,  467,  352,  475,  330,  113,  617,  743,  675,  759,  178,  769,  520,  325,  333,  138],
        [  675,    0,  953,  820,  802,  732,  295,  772,  819,  680,  665,  842,  813,  103,  840,  250,  515,  266, 1021,  778,  562,  586,  131, 1001,  557, 1011,  620,  108,  206,  957,  704,  790,    0,  599,  732, 1075,  902,  485,  456,  720,  555,  677,  790, 1039,  537,  979,  506,  612,  834,  729,  962,  422, 1013,  498,  826,  604,  743,  908,  453,  778,  872,  647,  412,  199,  921,  812,  890,  881, 1233,  725,  972,  371,  662,  604, 1021,  377,  395,  608,  768,  266,  523,  688,  539,  917,  923,  517,  474,  978, 1016,  565,  263,  616,  837,  521,  975,  738, 1042,  612,  202,  348,  676,  951,  353,  705,  585,  334,  665,  793, 1025,  902,  284,  616,  393,  704,  815,  638,  276,  770,  565,  828],
        [   90,    0,  423,  324,  381,  135,  470,  815,  564,  259,  361,  255,  795,  584,  261,  446,  406,  480,  563,  441,  241,  411,  479,  460,  677,  492,  453,  563,  427,  362,  252,  266,  599,    0,  546,  569,  589,  303,  206,  159,   97,   81,  626,  708,  224,  413,  127,  488,  716,  170,  405,  369,  492,  197,  401,  375,  215,  335,  447,  802,  591,  251,  283,  505,  616,  345,  365,  374,  795,  888,  624,  313,  525,  341,  678,  240,  240,   85,  647,  333,  107,  101,  641,  321,  386,  248,  710,  671,  434,  221,  496,  101,  640,  113,  420,  691,  567,  807,  470,  296,  822,  608,  267,  292,  768,  268,  453,  617,  589,  357,  514,  762,  619,  807,  219,  791,  326,  488,  366,  242],
        [  517,    0,  920,  854,  280,  601,  438,  323,  100,  804,  189,  561,  273,  645,  537,  484,  225,  815,  415,  176,  763,  164,  694,  526,  323,  494,  120,  631,  706,  758,  335,  421,  732,  546,    0,  514,  197,  303,  668,  476,  621,  545,   81,  320,  736,  872,  457,  120,  171,  472,  876,  324,  499,  689,  286,  180,  746,  551,  280,  301,  154,  794,  719,  535,  207,  340,  447,  413,  557,  458,  274,  408,   74,  209,  310,  620,  649,  630,  107,  592,  468,  617,  302,  645,  883,  749,  438,  257,  639,  330,  473,  451,  111,  462,  892,  181,  449,  437,  758,  453,  403,  255,  634,  288,  408,  538,   96,   75,  390,  486,  458,  373,  421,  360,  589,  393,  556,  109,  206,  556],
        [  482,    0,  700,  715,  283,  500,  827,  820,  431,  758,  439,  356,  753, 1019,  334,  844,  615, 1032,  109,  354,  795,  551,  984,  128,  829,   78,  546, 1000,  955,  478,  373,  307, 1075,  569,  514,    0,  352,  599,  773,  411,  663,  501,  544,  349,  784,  613,  594,  584,  617,  399,  633,  678,   80,  765,  263,  511,  643,  272,  696,  796,  396,  770,  849,  911,  364,  263,  205,  201,  257,  968,  303,  706,  568,  495,  322,  787,  797,  630,  595,  840,  585,  553,  802,  371,  673,  812,  932,  371,  259,  510,  865,  495,  508,  584,  645,  683,   73,  949, 1006,  728,  916,  309,  812,  371,  918,  765,  500,  529,  152,  218,  865,  886,  888,  870,  411,  906,  814,  408,  546,  364],
        [  532,    0,  896,  858,  222,  601,  614,  472,   98,  841,  259,  514,  402,  822,  487,  653,  388,  947,  245,  151,  826,  317,  847,  402,  517,  355,  286,  807,  845,  702,  340,  380,  902,  589,  197,  352,    0,  433,  753,  471,  679,  561,  199,  138,  804,  830,  537,  306,  266,  464,  841,  482,  361,  765,  210,  302,  758,  474,  458,  447,   48,  838,  817,  710,   28,  279,  357,  322,  361,  627,   77,  550,  269,  313,  120,  726,  749,  672,  252,  727,  541,  632,  498,  582,  861,  823,  634,   85,  536,  408,  652,  489,  158,  536,  856,  341,  281,  623,  899,  589,  580,   58,  745,  297,  597,  661,  239,  185,  209,  399,  640,  559,  616,  530,  557,  576,  692,  133,  341,  513],
        [  320,    0,  722,  626,  320,  407,  232,  520,  365,  543,  182,  446,  511,  422,  433,  246,  106,  518,  538,  297,  480,  140,  416,  542,  375,  542,  186,  403,  413,  620,  241,  345,  485,  303,  303,  599,  433,    0,  373,  321,  351,  341,  381,  570,  451,  701,  183,  208,  459,  325,  696,   87,  545,  400,  343,  133,  517,  484,  148,  510,  411,  526,  419,  313,  456,  339,  432,  415,  748,  586,  497,  119,  256,  122,  549,  318,  348,  377,  385,  296,  201,  397,  339,  535,  685,  459,  420,  515,  594,  113,  270,  238,  412,  195,  712,  408,  560,  507,  467,  157,  520,  477,  331,  229,  467,  236,  212,  377,  540,  454,  273,  460,  339,  506,  445,  489,  260,  301,   98,  434],
        [  296,    0,  498,  366,  564,  315,  434,  883,  709,  231,  502,  455,  882,  472,  465,  388,  475,  283,  761,  603,  125,  510,  326,  666,  707,  698,  556,  453,  257,  521,  434,  468,  456,  206,  668,  773,  753,  373,    0,  364,  121,  283,  748,  882,   95,  526,  217,  580,  829,  375,  508,  399,  697,   45,  586,  489,  289,  538,  483,  875,  746,  202,   77,  429,  780,  539,  569,  576,  993,  921,  799,  311,  627,  462,  854,   89,   63,  171,  756,  210,  213,  261,  672,  509,  468,   91,  704,  838,  632,  348,  446,  285,  773,  218,  520,  779,  768,  824,  289,  269,  856,  782,  106,  465,  785,  186,  573,  742,  784,  563,  472,  791,  603,  855,  412,  820,  226,  636,  464,  442],
        [   73,    0,  445,  388,  251,  130,  536,  779,  468,  377,  291,  128,  745,  688,  121,  529,  402,  631,  409,  334,  391,  380,  610,  304,  680,  334,  411,  667,  567,  302,  143,  111,  720,  159,  476,  411,  471,  321,  364,    0,  253,   96,  551,  577,  377,  400,  214,  452,  644,   12,  402,  405,  334,  355,  268,  334,  287,  189,  466,  762,  483,  380,  440,  595,  498,  203,  207,  218,  640,  878,  494,  383,  477,  299,  546,  387,  393,  224,  583,  462,  198,  164,  644,  215,  407,  403,  739,  549,  297,  210,  569,  104,  553,  199,  419,  643,  411,  814,  615,  384,  814,  481,  413,  190,  775,  389,  394,  539,  440,  200,  581,  760,  660,  788,  126,  788,  445,  395,  342,  115],
        [  182,    0,  415,  295,  475,  195,  475,  871,  648,  193,  441,  336,  858,  556,  346,  440,  457,  402,  659,  529,  148,  475,  428,  552,  716,  586,  519,  535,  366,  406,  345,  361,  555,   97,  621,  663,  679,  351,  121,  253,    0,  165,  702,  801,  128,  427,  169,  550,  789,  264,  413,  402,  585,  102,  496,  444,  198,  420,  485,  860,  678,  176,  196,  493,  706,  441,  459,  470,  891,  930,  717,  328,  592,  413,  772,  180,  169,   55,  718,  293,  155,  141,  680,  389,  381,  152,  733,  762,  512,  291,  496,  192,  720,  161,  426,  754,  663,  841,  404,  298,  864,  701,  205,  383,  802,  242,  526,  694,  686,  449,  518,  801,  637,  854,  292,  831,  296,  573,  428,  323],
        [   29,    0,  386,  309,  343,   68,  531,  833,  549,  283,  357,  175,  806,  658,  182,  512,  436,  560,  505,  418,  296,  428,  559,  387,  713,  423,  465,  637,  507,  292,  223,  206,  677,   81,  545,  501,  561,  341,  283,   96,  165,    0,  623,  670,  284,  361,  187,  504,  716,  107,  356,  416,  422,  267,  361,  386,  202,  256,  488,  818,  568,  284,  359,  575,  587,  298,  298,  312,  735,  920,  587,  373,  535,  351,  640,  321,  320,  130,  650,  413,  166,   73,  677,  241,  349,  312,  758,  640,  353,  240,  559,  104,  630,  170,  373,  703,  505,  846,  551,  363,  854,  573,  348,  269,  806,  344,  457,  613,  536,  285,  575,  796,  671,  834,  139,  825,  402,  474,  385,  161],
        [  595,    0,  995,  932,  339,  678,  496,  277,  114,  884,  267,  630,  214,  700,  605,  546,  296,  888,  439,  234,  843,  241,  761,  573,  331,  534,  196,  687,  777,  826,  409,  488,  790,  626,   81,  544,  199,  381,  748,  551,  702,  623,    0,  297,  817,  943,  538,  185,   94,  547,  949,  394,  539,  770,  340,  260,  825,  612,  340,  253,  152,  874,  798,  592,  199,  401,  503,  468,  550,  428,  271,  481,  133,  290,  294,  699,  727,  710,   53,  666,  549,  695,  318,  711,  958,  830,  453,  234,  694,  411,  529,  530,   53,  543,  965,  142,  475,  427,  829,  527,  381,  255,  711,  362,  403,  614,  176,   16,  407,  543,  510,  363,  454,  331,  661,  378,  629,  165,  285,  625],
        [  643,    0,  979,  955,  329,  703,  749,  543,  224,  952,  394,  597,  464,  958,  570,  789,  524, 1083,  247,  282,  948,  453,  984,  436,  627,  381,  420,  942,  982,  771,  456,  475, 1039,  708,  320,  349,  138,  570,  882,  577,  801,  670,  297,    0,  927,  904,  667,  436,  331,  568,  919,  619,  386,  891,  310,  440,  861,  541,  592,  517,  169,  953,  948,  846,  118,  376,  426,  394,  261,  705,   84,  688,  394,  450,   32,  859,  881,  789,  345,  863,  669,  740,  612,  652,  945,  948,  748,   64,  580,  541,  786,  609,  245,  664,  933,  429,  278,  719, 1036,  727,  667,  100,  879,  419,  698,  797,  375,  285,  199,  465,  773,  657,  741,  613,  645,  669,  829,  271,  479,  598],
        [  305,    0,  420,  285,  602,  296,  528,  967,  769,  143,  562,  445,  962,  561,  459,  482,  555,  332,  784,  654,   31,  583,  407,  669,  797,  707,  629,  543,  333,  475,  472,  486,  537,  224,  736,  784,  804,  451,   95,  377,  128,  284,  817,  927,    0,  460,  279,  656,  902,  388,  439,  486,  706,   54,  623,  558,  226,  532,  570,  958,  801,  111,  128,  522,  831,  568,  581,  594, 1016, 1011,  844,  400,  701,  528,  899,  183,  153,  155,  829,  302,  270,  240,  761,  484,  393,   31,  797,  888,  615,  409,  540,  319,  838,  276,  450,  858,  788,  915,  356,  360,  946,  828,  197,  509,  877,  280,  641,  810,  812,  568,  566,  881,  697,  942,  396,  911,  320,  695,  537,  433],
        [  382,    0,   97,  197,  615,  294,  883, 1179,  850,  333,  690,  318, 1143,  982,  344,  857,  794,  792,  676,  715,  444,  778,  851,  489, 1072,  547,  810,  962,  783,  136,  538,  458,  979,  413,  872,  613,  830,  701,  526,  400,  427,  361,  943,  904,  460,    0,  539,  852, 1036,  402,   29,  776,  543,  487,  623,  733,  238,  365,  848, 1161,  853,  365,  585,  914,  855,  554,  479,  513,  868, 1275,  829,  726,  876,  698,  873,  603,  586,  375,  978,  720,  518,  313, 1036,  253,   88,  487, 1118,  894,  356,  597,  908,  464,  938,  523,   34, 1042,  658, 1205,  812,  708, 1210,  822,  627,  584, 1166,  666,  793,  930,  722,  440,  927, 1154, 1030, 1187,  283, 1183,  722,  781,  738,  320],
        [  176,    0,  550,  446,  356,  252,  345,  702,  493,  361,  286,  338,  690,  477,  335,  326,  289,  440,  564,  386,  306,  307,  399,  504,  554,  523,  352,  456,  362,  478,  230,  293,  506,  127,  457,  594,  537,  183,  217,  214,  169,  187,  538,  667,  279,  539,    0,  382,  623,  223,  531,  243,  524,  234,  379,  279,  339,  402,  323,  691,  529,  345,  281,  389,  563,  341,  396,  394,  794,  767,  585,  188,  424,  249,  640,  199,  217,  194,  551,  251,   22,  227,  518,  418,  513,  294,  584,  621,  511,  131,  374,  110,  560,   17,  546,  586,  577,  683,  413,  177,  701,  567,  222,  254,  643,  176,  362,  531,  582,  402,  390,  639,  492,  688,  317,  669,  231,  420,  260,  324],
        [  478,    0,  889,  808,  316,  566,  318,  330,  213,  740,  173,  557,  309,  525,  537,  364,  112,  704,  494,  231,  685,   77,  577,  571,  251,  549,   44,  511,  593,  750,  323,  424,  612,  488,  120,  584,  306,  208,  580,  452,  550,  504,  185,  436,  656,  852,  382,    0,  253,  451,  853,  210,  554,  607,  330,  119,  698,  565,  160,  315,  268,  726,  625,  415,  320,  366,  476,  447,  662,  430,  381,  299,   52,  155,  423,  524,  554,  568,  179,  483,  397,  571,  221,  646,  851,  666,  349,  373,  665,  268,  354,  402,  227,  390,  869,  204,  526,  380,  644,  345,  367,  361,  534,  282,  345,  434,   85,  185,  478,  511,  339,  320,  315,  337,  575,  346,  446,  186,  123,  549],
        [  688,    0, 1088, 1024,  430,  771,  543,  213,  197,  974,  359,  723,  138,  739,  698,  597,  365,  953,  510,  325,  929,  320,  817,  656,  327,  614,  274,  728,  840,  918,  502,  581,  834,  716,  171,  617,  266,  459,  829,  644,  789,  716,   94,  331,  902, 1036,  623,  253,    0,  640, 1042,  460,  620,  854,  430,  345,  917,  703,  395,  187,  221,  963,  877,  637,  257,  493,  592,  557,  591,  375,  327,  551,  204,  377,  337,  776,  806,  800,   75,  734,  636,  787,  324,  803, 1051,  913,  451,  274,  782,  499,  572,  621,  111,  629, 1058,  111,  546,  397,  891,  597,  338,  315,  787,  455,  381,  686,  264,  107,  473,  633,  551,  337,  473,  283,  754,  345,  696,  257,  366,  718],
        [   84,    0,  449,  395,  243,  138,  542,  777,  462,  387,  288,  122,  742,  696,  114,  536,  404,  642,  398,  328,  402,  380,  620,  293,  681,  323,  409,  675,  577,  301,  138,  100,  729,  170,  472,  399,  464,  325,  375,   12,  264,  107,  547,  568,  388,  402,  223,  451,  640,    0,  405,  409,  323,  366,  259,  333,  295,  180,  469,  759,  476,  390,  452,  602,  490,  193,  195,  207,  629,  878,  485,  390,  474,  298,  537,  398,  404,  235,  579,  471,  208,  174,  645,  210,  412,  414,  741,  540,  288,  213,  575,  113,  547,  209,  421,  641,  400,  815,  625,  392,  814,  472,  424,  185,  776,  398,  391,  535,  429,  189,  586,  761,  663,  787,  125,  788,  454,  389,  342,  110],
        [  379,    0,   71,  171,  624,  290,  873, 1180,  857,  309,  693,  327, 1146,  968,  354,  846,  791,  770,  693,  722,  422,  778,  833,  508, 1069,  565,  812,  947,  764,  156,  542,  466,  962,  405,  876,  633,  841,  696,  508,  402,  413,  356,  949,  919,  439,   29,  531,  853, 1042,  405,    0,  770,  561,  468,  632,  734,  219,  380,  844, 1163,  862,  341,  565,  902,  866,  563,  493,  526,  888, 1274,  842,  717,  878,  698,  887,  587,  568,  361,  983,  704,  510,  304, 1032,  269,   60,  465, 1112,  907,  377,  595,  898,  460,  945,  516,   17, 1045,  676, 1202,  793,  697, 1209,  834,  610,  589, 1162,  653,  796,  936,  738,  455,  917, 1152, 1022, 1186,  289, 1180,  708,  788,  737,  329],
