{
    "name": "random-87-28941",
    "comment": "size=87 seed=28941",
    "nodes": ["+0", "-0", "+1", "-1", "+2", "-2", "+3", "-3", "+4", "-4", "+5", "-5", "+6", "-6", "+7", "-7", "+8", "-8", "+9", "-9", "+10", "-10", "+11", "-11", "+12", "-12", "+13", "-13", "+14", "-14", "+15", "-15", "+16", "-16", "+17", "-17", "+18", "-18", "+19", "-19", "+20", "-20", "+21", "-21", "+22", "-22", "+23", "-23", "+24", "-24", "+25", "-25", "+26", "-26", "+27", "-27", "+28", "-28", "+29", "-29", "+30", "-30", "+31", "-31", "+32", "-32", "+33", "-33", "+34", "-34", "+35", "-35", "+36", "-36", "+37", "-37", "+38", "-38", "+39", "-39", "+40", "-40", "+41", "-41", "+42", "-42", "+43", "-43", "+44", "-44", "+45", "-45", "+46", "-46", "+47", "-47", "+48", "-48", "+49", "-49", "+50", "-50", "+51", "-51", "+52", "-52", "+53", "-53", "+54", "-54", "+55", "-55", "+56", "-56", "+57", "-57", "+58", "-58", "+59", "-59", "+60", "-60", "+61", "-61", "+62", "-62", "+63", "-63", "+64", "-64", "+65", "-65", "+66", "-66", "+67", "-67", "+68", "-68", "+69", "-69", "+70", "-70", "+71", "-71", "+72", "-72", "+73", "-73", "+74", "-74", "+75", "-75", "+76", "-76", "+77", "-77", "+78", "-78", "+79", "-79", "+80", "-80", "+81", "-81", "+82", "-82", "+83", "-83", "+84", "-84", "+85", "-85", "+86", "-86", "+87", "-87"],
    "precedence": {
        "+0": "-0",
        "+1": "-1",
        "+2": "-2",
        "+3": "-3",
        "+4": "-4",
        "+5": "-5",
        "+6": "-6",
        "+7": "-7",
        "+8": "-8",
        "+9": "-9",
        "+10": "-10",
        "+11": "-11",
        "+12": "-12",
        "+13": "-13",
        "+14": "-14",
        "+15": "-15",
        "+16": "-16",
        "+17": "-17",
        "+18": "-18",
        "+19": "-19",
        "+20": "-20",
        "+21": "-21",
        "+22": "-22",
        "+23": "-23",
        "+24": "-24",
        "+25": "-25",
        "+26": "-26",
        "+27": "-27",
        "+28": "-28",
        "+29": "-29",
        "+30": "-30",
        "+31": "-31",
        "+32": "-32",
        "+33": "-33",
        "+34": "-34",
        "+35": "-35",
        "+36": "-36",
        "+37": "-37",
        "+38": "-38",
        "+39": "-39",
        "+40": "-40",
        "+41": "-41",
        "+42": "-42",
        "+43": "-43",
        "+44": "-44",
        "+45": "-45",
        "+46": "-46",
        "+47": "-47",
        "+48": "-48",
        "+49": "-49",
        "+50": "-50",
        "+51": "-51",
        "+52": "-52",
        "+53": "-53",
        "+54": "-54",
        "+55": "-55",
        "+56": "-56",
        "+57": "-57",
        "+58": "-58",
        "+59": "-59",
        "+60": "-60",
        "+61": "-61",
        "+62": "-62",
        "+63": "-63",
        "+64": "-64",
        "+65": "-65",
        "+66": "-66",
        "+67": "-67",
        "+68": "-68",
        "+69": "-69",
        "+70": "-70",
        "+71": "-71",
        "+72": "-72",
        "+73": "-73",
        "+74": "-74",
        "+75": "-75",
        "+76": "-76",
        "+77": "-77",
        "+78": "-78",
        "+79": "-79",
        "+80": "-80",
        "+81": "-81",
        "+82": "-82",
        "+83": "-83",
        "+84": "-84",
        "+85": "-85",
        "+86": "-86",
        "+87": "-87"
    },
    "edges": [
        [    0,    0,  400,  244,  218,  363,  611,  472,  595,  241,  328,  362,  165,  712,  287,  337,  449,  430,  119,  156,  177,  550,  463,   17,  502,  316,  175,  343,  967,  670,   98,  253,  672,  354,  828,  406,  213,  458,  214,   87,  774,  571,   65,  810,  847,  931,  717,  723,  788,  105,  804,  412,  337,  949,  794,  248,  603,  473,  163,   99,  802,  187,  851,  478,  252,  555,  719,  656,  131,  911,  528,  618,  741,  567,  576,  311,  402,  538,  677,  365,  522,  137,  417,  844,  891,  425,  524,  692,  184,  640,  513,  774,  754,  407,  135,  456,  610,  363,  444,  953,  649,  147,  381,  470,  688,  590,  446,  294,  280,  209,  483,  321,  817,  494,  434,  294,    8,  292,  322,  851,  414,  279,  792,  299,  262,  670,  560,  519,  284,  123,  555,  612,  325,  644,   89,  243,  794,  536,  571,  437,  819,  491,  146,  621,   73,  427,  679,  699,  604,  172,  192,  283,  476,  421,  316,  204,  378,  784,  394,  327,  873,  636,  566,  441,  316,  346,  775,  556,  108,  308,  758,  811,  547,  703,  874,  145],
        [    0,    0,    0,    0,    0,    0,    0,    0,    0,    0,    0,    0,    0,    0,    0,    0,    0,    0,    0,    0,    0,    0,    0,    0,    0,    0,    0,    0,    0,    0,    0,    0,    0,    0,    0,    0,    0,    0,    0,    0,    0,    0,    0,    0,    0,    0,    0,    0,    0,    0,    0,    0,    0,    0,    0,    0,    0,    0,    0,    0,    0,    0,    0,    0,    0,    0,    0,    0,    0,    0,    0,    0,    0,    0,    0,    0,    0,    0,    0,    0,    0,    0,    0,    0,    0,    0,    0,    0,    0,    0,    0,    0,    0,    0,    0,    0,    0,    0,    0,    0,    0,    0,    0,    0,    0,    0,    0,    0,    0,    0,    0,    0,    0,    0,    0,    0,    0,    0,    0,    0,    0,    0,    0,    0,    0,    0,    0,    0,    0,    0,    0,    0,    0,    0,    0,    0,    0,    0,    0,    0,    0,    0,    0,    0,    0,    0,    0,    0,    0,    0,    0,    0,    0,    0,    0,    0,    0,    0,    0,    0,    0,    0,    0,    0,    0,    0,    0,    0,    0,    0,    0,    0,    0,    0,    0,    0],
        [  400,    0,    0,  349,  576,   51,  236,  308,  690,  358,  705,  751,  544,  478,  121,  648,  384,  274,  407,  527,  375,  361,  509,  410,  345,  145,  510,  288,  589,  602,  491,  614,  552,  522,  429,  327,  456,  152,  595,  484,  774,  238,  431,  723,  458,  543,  325,  535,  484,  433,  519,   93,  715,  568,  549,  642,  252,  190,  351,  494,  753,  575,  453,  138,  408,  444,  376,  309,  463,  523,  145,  497,  344,  349,  204,  692,  329,  256,  498,  615,  337,  536,  438,  787,  860,   70,  661,  306,  312,  308,  452,  775,  440,  182,  524,   58,  707,   40,   75,  562,  683,  529,   25,   71,  711,  269,  112,  323,  288,  608,  399,  415,  748,  321,  109,  307,  406,  672,   87,  454,  440,  374,  466,  594,  654,  610,  162,  492,  206,  385,  385,  528,  318,  392,  452,  448,  446,  676,  509,  393,  454,  137,  256,  223,  330,  552,  314,  300,  316,  456,  234,  133,  415,  659,  323,  601,  113,  736,  703,  620,  492,  257,  187,  517,  306,  115,  644,  409,  507,  702,  421,  439,  262,  439,  481,  378],
        [  244,    0,  349,    0,  285,  299,  583,  568,  390,   11,  414,  474,  285,  492,  296,  314,  590,  524,  145,  263,  380,  329,  231,  260,  279,  207,  217,  468,  816,  427,  274,  317,  430,  178,  730,  175,  126,  475,  325,  311,  543,  580,  214,  567,  718,  794,  663,  489,  591,  344,  596,  412,  424,  800,  573,  390,  455,  505,  356,  326,  563,  410,  741,  476,  455,  685,  551,  656,  373,  774,  422,  748,  674,  645,  449,  409,  531,  359,  443,  267,  305,  332,  591,  604,  656,  331,  338,  649,  349,  652,  662,  543,  565,  247,  285,  389,  407,  311,  350,  820,  423,  277,  344,  410,  461,  608,  444,   61,   73,  403,  619,  511,  576,  277,  436,   70,  243,  388,  315,  741,  173,  461,  606,  258,  393,  427,  498,  277,  146,  340,  328,  369,   93,  435,  215,  463,  624,  352,  328,  195,  661,  481,  225,  552,  199,  227,  662,  615,  416,  408,  149,  222,  621,  311,   82,  365,  398,  545,  365,  281,  729,  507,  535,  218,  457,  242,  533,  323,  317,  442,  582,  660,  585,  494,  750,  106],
        [  218,    0,  576,  285,    0,  531,  803,  689,  486,  275,  133,  189,   63,  767,  479,  134,  665,  647,  170,   63,  385,  608,  417,  220,  557,  457,   70,  560, 1097,  642,  132,   38,  672,  267,  992,  453,  165,  661,   55,  187,  695,  774,  159,  774,  992, 1071,  901,  752,  874,  288,  877,  608,  142, 1080,  847,  121,  732,  680,  376,  195,  747,  229, 1008,  676,  454,  770,  834,  858,  295, 1051,  683,  834,  919,  783,  719,  125,  619,  642,  707,  204,  586,  150,  625,  789,  818,  582,  403,  880,  401,  845,  726,  695,  849,  523,   98,  628,  498,  536,  602, 1096,  567,   78,  562,  646,  607,  796,  643,  345,  354,  179,  698,  526,  771,  559,  632,  354,  211,  103,  511, 1009,  398,  489,  890,  122,  116,  637,  737,  500,  404,  330,  603,  604,  376,  717,  134,  431,  907,  411,  559,  453,  943,  686,  343,  796,  263,  340,  876,  869,  700,  348,  343,  445,  690,  254,  364,  120,  579,  730,  185,  141, 1007,  779,  756,  383,  532,  493,  767,  592,  167,  162,  866,  940,  757,  775, 1023,  204],
        [  363,    0,   51,  299,  531,    0,  285,  338,  642,  308,  661,  709,  502,  461,  104,  600,  405,  301,  362,  484,  358,  332,  462,  375,  311,   95,  464,  299,  612,  565,  452,  569,  520,  472,  466,  283,  408,  195,  552,  449,  733,  287,  390,  690,  486,  570,  372,  512,  482,  406,  513,  132,  671,  592,  535,  602,  260,  231,  333,  460,  716,  543,  488,  185,  400,  473,  384,  359,  437,  550,  167,  528,  388,  388,  220,  649,  347,  241,  473,  565,  306,  499,  450,  751,  822,   68,  613,  354,  296,  358,  475,  734,  440,  146,  483,   97,  660,   20,   83,  591,  638,  487,   52,  115,  668,  317,  157,  273,  238,  572,  423,  415,  713,  288,  152,  257,  369,  629,   80,  488,  393,  371,  470,  545,  613,  572,  207,  449,  156,  361,  354,  491,  269,  376,  410,  436,  456,  627,  469,  349,  471,  186,  222,  266,  292,  503,  364,  340,  306,  435,  189,   87,  436,  609,  274,  562,  139,  698,  655,  571,  516,  278,  237,  469,  312,   68,  615,  376,  471,  662,  428,  459,  306,  427,  511,  331],
        [  611,    0,  236,  583,  803,  285,    0,  297,  906,  593,  930,  971,  766,  583,  326,  882,  404,  296,  636,  751,  536,  520,  726,  618,  524,  378,  739,  373,  500,  777,  707,  841,  712,  754,  276,  538,  691,  166,  817,  690,  961,   92,  652,  880,  356,  436,  117,  662,  526,  619,  574,  200,  939,  478,  632,  859,  307,  174,  519,  697,  923,  770,  314,  136,  539,  407,  394,   93,  644,  419,  217,  433,  155,  264,  252,  915,  374,  389,  636,  850,  504,  745,  489,  952, 1030,  264,  886,   85,  477,  113,  447,  962,  479,  383,  742,  199,  923,  275,  248,  444,  885,  750,  245,  177,  909,  113,  166,  554,  520,  813,  399,  514,  911,  499,  178,  538,  618,  895,  293,  317,  660,  491,  485,  828,  872,  788,  107,  693,  439,  564,  549,  705,  545,  502,  675,  586,  438,  901,  697,  602,  415,  122,  468,  105,  547,  780,   81,  163,  419,  622,  466,  367,  424,  894,  552,  815,  237,  907,  938,  854,  412,  257,   49,  739,  406,  345,  787,  579,  715,  919,  436,  390,  163,  528,  362,  610],
        [  472,    0,  308,  568,  689,  338,  297,    0,  950,  574,  795,  819,  636,  782,  279,  800,  108,   44,  549,  627,  328,  667,  775,  471,  648,  413,  639,  133,  793,  901,  565,  724,  857,  743,  573,  612,  633,  174,  682,  527, 1064,  209,  531, 1027,  650,  732,  408,  842,  768,  431,  809,  216,  803,  771,  848,  704,  530,  141,  325,  528, 1052,  577,  611,  210,  296,  137,  644,  275,  446,  714,  415,  191,  450,   99,  473,  776,   94,  561,  805,  803,  643,  584,  197, 1088, 1158,  377,  905,  372,  292,  243,  156, 1065,  721,  483,  603,  331,  968,  319,  376,  741,  962,  618,  291,  319,  995,  201,  211,  569,  532,  635,  105,  247, 1050,  625,  208,  555,  479,  759,  273,  614,  706,  244,  739,  754,  721,  908,  342,  778,  457,  376,  691,  827,  577,  695,  557,  343,  703,  919,  804,  675,  693,  225,  363,  383,  434,  793,  316,  456,  616,  406,  420,  367,  128,  856,  578,  657,  199, 1034,  858,  782,  702,  506,  284,  774,  167,  399,  950,  713,  553,  760,  690,  670,  141,  738,  658,  541],
        [  595,    0,  690,  390,  486,  642,  906,  950,    0,  386,  551,  614,  534,  521,  673,  387,  978,  907,  476,  518,  757,  436,  181,  608,  405,  551,  461,  857,  958,  262,  572,  491,  339,  241,  965,  369,  383,  835,  541,  628,  218,  927,  540,  344,  910,  964,  956,  453,  668,  699,  643,  771,  557,  950,  573,  601,  671,  870,  736,  642,  293,  704,  961,  827,  834, 1072,  707,  991,  721,  948,  702, 1135,  952, 1021,  698,  562,  920,  556,  427,  289,  436,  618,  979,  330,  340,  644,   86,  952,  735,  995, 1051,  218,  670,  523,  558,  711,   18,  659,  659,  993,  105,  540,  693,  733,  136,  958,  799,  382,  419,  664, 1007,  895,  326,  428,  793,  396,  591,  549,  684,  959,  250,  846,  711,  368,  590,  249,  804,  228,  497,  711,  410,  283,  377,  529,  525,  834,  758,   83,  256,  305,  813,  826,  613,  843,  575,  169,  986,  882,  573,  767,  536,  587, 1010,  256,  374,  606,  767,  280,  384,  359,  895,  740,  860,  177,  846,  575,  389,  378,  621,  623,  714,  826,  947,  565,  947,  457],
        [  241,    0,  358,   11,  275,  308,  593,  574,  386,    0,  404,  464,  277,  499,  304,  304,  594,  530,  139,  255,  381,  337,  230,  257,  286,  217,  208,  473,  826,  430,  268,  308,  434,  171,  740,  183,  116,  483,  317,  306,  542,  589,  208,  569,  728,  804,  673,  495,  600,  342,  605,  421,  414,  810,  580,  382,  465,  513,  357,  321,  564,  405,  752,  485,  456,  691,  561,  665,  371,  784,  433,  754,  684,  652,  460,  399,  536,  369,  449,  257,  313,  325,  594,  606,  656,  341,  332,  658,  351,  661,  667,  543,  574,  257,  278,  399,  403,  320,  360,  830,  421,  270,  353,  420,  459,  617,  453,   70,   83,  396,  624,  513,  578,  285,  445,   79,  240,  378,  324,  752,  174,  463,  615,  248,  384,  430,  508,  279,  156,  340,  335,  373,  102,  444,  209,  463,  633,  346,  331,  200,  671,  490,  228,  562,  199,  222,  672,  625,  426,  407,  155,  231,  626,  302,   90,  357,  406,  546,  355,  271,  739,  518,  544,  215,  461,  252,  537,  329,  312,  434,  591,  670,  593,  503,  760,  101],
        [  328,    0,  705,  414,  133,  661,  930,  795,  551,  404,    0,   66,  165,  889,  604,  165,  759,  755,  301,  180,  476,  733,  517,  325,  681,  589,  202,  663, 1228,  741,  231,   97,  779,  364, 1123,  579,  291,  783,  115,  271,  767,  896,  279,  865, 1124, 1203, 1029,  867, 1000,  372, 1001,  733,   10, 1212,  966,  104,  864,  799,  473,  272,  830,  261, 1140,  800,  535,  864,  964,  981,  368, 1183,  814,  926, 1049,  892,  851,   22,  718,  773,  823,  266,  711,  216,  708,  871,  890,  713,  466, 1007,  504,  966,  814,  767,  977,  655,  193,  758,  560,  666,  733, 1228,  644,  182,  690,  775,  682,  916,  767,  473,  485,  194,  793,  608,  858,  684,  756,  483,  321,   36,  637, 1140,  510,  577, 1019,  196,   83,  734,  867,  607,  536,  423,  725,  711,  503,  843,  255,  504, 1037,  470,  666,  572, 1074,  811,  464,  926,  384,  429, 1000, 1000,  830,  421,  473,  575,  781,  297,  492,  146,  701,  815,  179,  196, 1139,  911,  883,  481,  633,  624,  870,  711,  245,   82,  995, 1072,  874,  900, 1155,  336],
        [  362,    0,  751,  474,  189,  709,  971,  819,  614,  464,   66,    0,  207,  952,  646,  229,  775,  781,  353,  226,  494,  795,  583,  357,  744,  641,  258,  687, 1285,  807,  265,  158,  845,  430, 1173,  641,  352,  820,  158,  294,  831,  933,  321,  931, 1178, 1258, 1074,  931, 1062,  390, 1064,  772,   59, 1268, 1030,  116,  920,  834,  495,  292,  895,  260, 1192,  839,  548,  879, 1023, 1018,  381, 1238,  865,  940, 1095,  917,  905,   66,  739,  831,  888,  330,  773,  236,  718,  936,  953,  763,  529, 1050,  529, 1001,  827,  831, 1038,  711,  230,  805,  622,  712,  783, 1282,  708,  223,  735,  821,  746,  951,  807,  533,  543,  193,  809,  619,  923,  746,  795,  543,  355,   87,  680, 1192,  575,  593, 1079,  262,  100,  800,  913,  672,  590,  444,  788,  776,  564,  905,  299,  512, 1096,  533,  731,  636, 1131,  851,  504,  973,  425,  495, 1040, 1048,  889,  431,  522,  623,  796,  360,  552,  163,  739,  880,  236,  261, 1195,  964,  925,  547,  655,  676,  936,  775,  267,   62, 1054, 1128,  906,  963, 1208,  390],
        [  165,    0,  544,  285,   63,  502,  766,  636,  534,  277,  165,  207,    0,  775,  441,  196,  607,  595,  150,   22,  326,  614,  447,  165,  563,  436,   79,  506, 1084,  672,   72,   91,  694,  304,  966,  459,  180,  619,   51,  126,  737,  732,  115,  806,  973, 1054,  867,  767,  874,  227,  881,  569,  174, 1067,  856,  107,  718,  635,  319,  133,  784,  173,  985,  636,  393,  713,  825,  817,  233, 1035,  659,  776,  888,  732,  700,  149,  563,  635,  721,  259,  589,   90,  565,  826,  859,  557,  452,  845,  346,  802,  667,  737,  846,  510,   36,  598,  546,  505,  576, 1078,  609,   19,  528,  615,  649,  752,  603,  346,  349,  133,  641,  465,  806,  561,  592,  352,  158,  130,  474,  986,  419,  429,  886,  178,  113,  668,  706,  525,  387,  271,  611,  628,  378,  719,   93,  370,  899,  461,  583,  467,  931,  647,  300,  766,  220,  379,  837,  841,  696,  286,  315,  417,  632,  311,  367,   82,  537,  767,  247,  200,  993,  760,  720,  416,  477,  470,  792,  603,  105,  163,  859,  927,  710,  779, 1003,  190],
        [  712,    0,  478,  492,  767,  461,  583,  782,  521,  499,  889,  952,  775,    0,  557,  753,  861,  751,  634,  754,  786,  164,  406,  728,  214,  431,  704,  759,  444,  279,  762,  795,  193,  542,  511,  317,  603,  612,  813,  791,  457,  648,  699,  326,  427,  462,  573,   91,  149,  796,  124,  566,  898,  439,   83,  879,  276,  650,  759,  806,  386,  894,  493,  582,  844,  918,  229,  674,  829,  449,  378,  966,  549,  805,  331,  887,  805,  222,   97,  664,  190,  820,  910,  403,  485,  408,  558,  586,  731,  694,  929,  458,  163,  331,  776,  452,  532,  478,  406,  491,  444,  768,  498,  466,  446,  680,  572,  431,  436,  893,  876,  870,  362,  219,  575,  427,  714,  867,  540,  490,  386,  823,  198,  703,  880,  294,  482,  315,  437,  770,  165,  238,  399,   87,  705,  872,  255,  567,  269,  318,  314,  571,  618,  484,  647,  504,  648,  478,  168,  847,  532,  484,  892,  674,  410,  856,  590,  376,  786,  715,  396,  334,  555,  442,  771,  420,  223,  179,  803,  929,  215,  333,  703,   61,  463,  594],
        [  287,    0,  121,  296,  479,  104,  326,  279,  673,  304,  604,  646,  441,  557,    0,  567,  325,  237,  315,  425,  256,  418,  497,  296,  389,  141,  417,  209,  709,  632,  382,  517,  597,  474,  547,  338,  382,  186,  491,  369,  789,  298,  326,  763,  578,  664,  430,  601,  586,  313,  615,  130,  614,  688,  634,  534,  363,  212,  232,  378,  782,  457,  572,  197,  296,  407,  487,  380,  342,  644,  264,  467,  454,  350,  321,  590,  265,  341,  560,  549,  391,  423,  358,  820,  886,  170,  631,  405,  193,  370,  398,  789,  543,  230,  417,  178,  690,   93,  184,  683,  684,  424,   99,  188,  717,  322,  164,  291,  255,  493,  348,  314,  784,  368,  154,  277,  294,  570,   36,  574,  428,  268,  573,  515,  547,  638,  275,  502,  179,  264,  437,  559,  299,  474,  350,  333,  559,  645,  532,  400,  571,  207,  143,  336,  221,  519,  397,  417,  407,  336,  154,   90,  357,  599,  300,  491,  104,  764,  624,  542,  612,  376,  280,  496,  216,  139,  696,  454,  393,  594,  531,  558,  292,  527,  601,  294],
        [  337,    0,  648,  314,  134,  600,  882,  800,  387,  304,  165,  229,  196,  753,  567,    0,  785,  757,  255,  193,  511,  604,  364,  342,  554,  515,  163,  676, 1122,  583,  262,  119,  628,  213, 1043,  456,  193,  752,  178,  320,  603,  864,  274,  704, 1029, 1104,  970,  721,  875,  418,  870,  695,  171, 1107,  827,  225,  766,  775,  500,  328,  667,  360, 1055,  762,  582,  891,  855,  945,  427, 1085,  735,  954,  984,  892,  763,  176,  736,  664,  680,  102,  586,  284,  752,  707,  726,  640,  302,  953,  519,  936,  849,  603,  856,  560,  231,  694,  396,  608,  660, 1130,  480,  211,  638,  714,  518,  888,  729,  365,  387,  304,  819,  654,  696,  561,  719,  379,  330,  164,  595, 1055,  367,  614,  899,   56,  210,  576,  805,  456,  455,  456,  592,  559,  391,  716,  248,  563,  924,  306,  514,  436,  966,  770,  442,  861,  366,  270,  958,  927,  715,  481,  417,  515,  813,  135,  380,  243,  670,  652,   59,   38, 1037,  821,  833,  326,  651,  550,  714,  574,  301,  238,  881,  968,  854,  771, 1063,  273],
        [  449,    0,  384,  590,  665,  405,  404,  108,  978,  594,  759,  775,  607,  861,  325,  785,    0,  117,  544,  602,  284,  736,  810,  446,  711,  465,  623,  122,  899,  956,  536,  697,  920,  757,  680,  661,  635,  270,  650,  489, 1110,  316,  512, 1087,  756,  838,  515,  916,  859,  388,  898,  299,  767,  877,  932,  662,  622,  242,  289,  488, 1106,  522,  718,  308,  231,  106,  740,  380,  395,  820,  506,  170,  557,  183,  566,  739,   61,  640,  877,  802,  709,  544,   93, 1144, 1210,  454,  925,  480,  267,  348,   74, 1111,  813,  548,  573,  417,  996,  386,  457,  848, 1001,  589,  364,  409, 1036,  308,  303,  602,  566,  585,   35,  166, 1108,  689,  297,  589,  456,  724,  330,  721,  743,  183,  833,  745,  681,  962,  443,  824,  499,  337,  757,  884,  615,  775,  538,  273,  802,  939,  856,  722,  794,  325,  369,  487,  428,  815,  423,  562,  699,  348,  443,  414,   33,  857,  614,  616,  272, 1088,  843,  773,  807,  604,  389,  804,  137,  459, 1017,  777,  515,  715,  786,  773,  248,  822,  765,  544],
        [  430,    0,  274,  524,  647,  301,  296,   44,  907,  530,  755,  781,  595,  751,  237,  757,  117,    0,  505,  585,  293,  632,  733,  431,  611,  372,  596,   98,  785,  862,  525,  682,  820,  699,  571,  572,  589,  154,  642,  488, 1024,  213,  489,  989,  642,  725,  410,  809,  744,  394,  784,  186,  763,  763,  820,  665,  506,  127,  287,  490, 1013,  542,  608,  192,  268,  173,  623,  287,  411,  707,  391,  231,  450,  138,  450,  736,   78,  530,  771,  759,  607,  545,  195, 1050, 1118,  344,  861,  375,  252,  258,  179, 1024,  698,  446,  563,  303,  925,  282,  345,  736,  920,  577,  256,  294,  953,  212,  187,  526,  489,  599,  126,  226, 1012,  588,  181,  512,  437,  719,  233,  610,  664,  216,  717,  711,  682,  869,  327,  737,  415,  338,  655,  789,  535,  665,  515,  316,  685,  875,  764,  635,  678,  209,  319,  373,  391,  750,  326,  450,  587,  373,  376,  326,  144,  812,  536,  619,  163,  995,  815,  739,  692,  487,  275,  731,  133,  361,  915,  676,  514,  722,  670,  657,  152,  710,  653,  497],
        [  119,    0,  407,  145,  170,  362,  636,  549,  476,  139,  301,  353,  150,  634,  315,  255,  544,  505,    0,  130,  288,  471,  348,  133,  421,  288,  104,  428,  934,  562,  129,  208,  572,  236,  822,  319,   96,  500,  197,  169,  657,  612,   72,  701,  825,  906,  732,  634,  727,  223,  736,  444,  311,  917,  716,  256,  568,  522,  270,  184,  689,  267,  840,  512,  365,  647,  675,  695,  248,  886,  514,  711,  749,  639,  552,  291,  491,  485,  588,  259,  446,  187,  523,  731,  776,  412,  406,  711,  279,  684,  612,  658,  698,  361,  143,  458,  492,  367,  432,  930,  531,  139,  393,  476,  571,  636,  479,  204,  202,  259,  576,  431,  706,  418,  468,  208,  116,  270,  345,  840,  304,  385,  738,  206,  262,  561,  568,  412,  238,  238,  472,  509,  236,  574,   71,  360,  749,  418,  466,  338,  782,  521,  188,  627,  117,  308,  710,  699,  547,  291,  173,  275,  573,  314,  226,  225,  417,  671,  313,  235,  843,  612,  588,  325,  407,  324,  674,  467,  174,  313,  709,  778,  600,  634,  855,   41],
        [  156,    0,  527,  263,   63,  484,  751,  627,  518,  255,  180,  226,   22,  754,  425,  193,  602,  585,  130,    0,  322,  592,  428,  157,  541,  416,   60,  498, 1064,  652,   70,   98,  673,  286,  948,  437,  160,  605,   69,  128,  720,  718,  100,  786,  954, 1034,  851,  745,  852,  226,  859,  554,  189, 1046,  834,  128,  698,  622,  314,  137,  765,  187,  966,  621,  391,  707,  804,  802,  235, 1015,  640,  771,  871,  722,  680,  166,  556,  614,  700,  248,  568,  101,  562,  808,  842,  538,  438,  828,  338,  788,  663,  720,  825,  490,   41,  580,  531,  488,  558, 1058,  592,   22,  512,  597,  632,  739,  588,  324,  327,  152,  635,  463,  787,  540,  577,  331,  149,  145,  458,  967,  399,  426,  865,  169,  133,  648,  689,  505,  367,  267,  590,  607,  356,  698,   76,  370,  878,  447,  563,  446,  911,  632,  286,  749,  206,  362,  822,  823,  674,  288,  297,  398,  627,  301,  345,  103,  523,  748,  246,  192,  972,  740,  704,  397,  470,  451,  772,  582,  111,  184,  838,  907,  698,  757,  983,  169],
        [  177,    0,  375,  380,  385,  358,  536,  328,  757,  381,  476,  494,  326,  786,  256,  511,  284,  293,  288,  322,    0,  632,  610,  169,  592,  357,  351,  196,  963,  798,  254,  416,  784,  521,  788,  510,  384,  371,  367,  206,  922,  475,  241,  937,  830,  916,  651,  815,  833,  105,  859,  346,  484,  942,  866,  380,  617,  372,   28,  205,  939,  250,  817,  401,   78,  389,  741,  559,  118,  896,  519,  451,  683,  427,  576,  456,  245,  583,  770,  541,  604,  261,  242,  980, 1035,  425,  692,  620,   64,  536,  342,  923,  793,  458,  291,  430,  774,  348,  439,  933,  801,  308,  351,  437,  840,  486,  374,  415,  388,  308,  318,  145,  950,  577,  363,  408,  183,  441,  288,  819,  552,  104,  825,  475,  398,  800,  515,  651,  355,   56,  644,  733,  440,  708,  265,   87,  814,  704,  696,  556,  827,  417,  172,  575,  184,  589,  590,  657,  650,   87,  264,  306,  307,  597,  434,  333,  305,  921,  566,  502,  866,  631,  498,  594,  162,  374,  888,  653,  232,  434,  784,  813,  433,  765,  850,  302],
        [  550,    0,  361,  329,  608,  332,  520,  667,  436,  337,  733,  795,  614,  164,  418,  604,  736,  632,  471,  592,  632,    0,  283,  565,   52,  283,  544,  626,  536,  258,  599,  638,  195,  399,  531,  156,  444,  508,  653,  628,  444,  568,  536,  366,  476,  534,  543,  185,  271,  636,  269,  453,  742,  525,  246,  718,  242,  546,  605,  643,  404,  731,  526,  485,  693,  804,  275,  612,  668,  517,  303,  857,  532,  706,  280,  730,  677,  134,  143,  522,   29,  657,  775,  434,  511,  293,  450,  547,  579,  625,  807,  444,  256,  189,  613,  351,  450,  351,  298,  563,  385,  606,  377,  370,  402,  600,  467,  269,  273,  730,  754,  726,  394,   57,  467,  264,  552,  709,  406,  524,  245,  677,  298,  552,  720,  269,  414,  208,  279,  612,   30,  187,  237,  112,  542,  718,  334,  462,  189,  170,  385,  477,  461,  437,  485,  375,  595,  459,  137,  688,  373,  337,  767,  540,  247,  694,  469,  388,  642,  567,  465,  311,  482,  314,  633,  279,  284,   62,  639,  769,  289,  394,  611,  168,  513,  431],
        [  463,    0,  509,  231,  417,  462,  726,  775,  181,  230,  517,  583,  447,  406,  497,  364,  810,  733,  348,  428,  610,  283,    0,  478,  243,  371,  369,  689,  819,  226,  465,  434,  264,  154,  800,  189,  271,  655,  470,  515,  313,  746,  419,  359,  755,  816,  780,  362,  543,  567,  528,  592,  525,  808,  474,  537,  505,  690,  586,  529,  342,  605,  799,  646,  685,  901,  557,  811,  594,  799,  525,  962,  778,  843,  525,  521,  750,  389,  323,  267,  276,  519,  818,  384,  429,  464,  170,  774,  579,  814,  883,  314,  535,  344,  462,  530,  199,  479,  479,  845,  193,  447,  513,  552,  231,  777,  618,  209,  245,  579,  837,  741,  361,  262,  613,  222,  461,  504,  506,  798,   70,  690,  577,  322,  531,  222,  625,   94,  320,  569,  262,  195,  199,  389,  410,  692,  616,  184,  151,  129,  668,  646,  453,  666,  428,   99,  806,  709,  417,  633,  368,  410,  842,  270,  198,  528,  588,  324,  388,  327,  747,  571,  680,   38,  681,  395,  353,  235,  514,  574,  571,  676,  767,  436,  791,  319],
        [   17,    0,  410,  260,  220,  375,  618,  471,  608,  257,  325,  357,  165,  728,  296,  342,  446,  431,  133,  157,  169,  565,  478,    0,  518,  330,  182,  342,  980,  686,   95,  254,  688,  368,  838,  422,  226,  464,  212,   75,  788,  576,   73,  825,  859,  943,  725,  739,  803,   91,  819,  419,  334,  961,  810,  242,  616,  477,  158,   86,  818,  173,  862,  485,  243,  551,  733,  662,  116,  923,  540,  615,  750,  568,  588,  308,  400,  552,  693,  374,  538,  128,  410,  860,  906,  437,  537,  699,  182,  645,  508,  789,  769,  422,  133,  466,  623,  373,  455,  964,  663,  147,  391,  480,  703,  595,  453,  311,  296,  199,  479,  313,  833,  510,  441,  310,   18,  290,  331,  862,  429,  272,  806,  306,  257,  685,  569,  535,  299,  115,  571,  628,  341,  659,   96,  231,  808,  548,  587,  452,  833,  498,  155,  631,   87,  440,  685,  709,  618,  159,  207,  295,  472,  430,  332,  197,  384,  800,  399,  334,  886,  648,  574,  456,  313,  359,  791,  572,   98,  302,  772,  824,  550,  719,  885,  160],
        [  502,    0,  345,  279,  557,  311,  524,  648,  405,  286,  681,  744,  563,  214,  389,  554,  711,  611,  421,  541,  592,   52,  243,  518,    0,  250,  492,  598,  581,  258,  549,  586,  210,  350,  560,  104,  393,  496,  601,  580,  437,  564,  486,  379,  512,  575,  558,  224,  322,  591,  321,  438,  690,  568,  295,  667,  266,  534,  565,  594,  409,  682,  558,  475,  655,  784,  316,  614,  623,  557,  309,  839,  550,  694,  295,  678,  651,  152,  179,  473,   34,  607,  745,  443,  516,  282,  412,  558,  541,  625,  783,  438,  304,  166,  563,  344,  421,  330,  290,  603,  366,  555,  359,  364,  387,  597,  455,  218,  224,  680,  731,  691,  404,   26,  453,  214,  504,  658,  381,  557,  198,  642,  347,  501,  668,  268,  418,  179,  238,  569,   54,  184,  186,  163,  491,  678,  379,  425,  174,  123,  427,  470,  420,  448,  440,  331,  601,  479,  174,  645,  330,  304,  743,  493,  197,  643,  450,  392,  592,  517,  506,  335,  483,  272,  602,  252,  307,   66,  590,  717,  334,  435,  602,  220,  549,  381],
        [  316,    0,  145,  207,  457,   95,  378,  413,  551,  217,  589,  641,  436,  431,  141,  515,  465,  372,  288,  416,  357,  283,  371,  330,  250,    0,  389,  349,  653,  492,  394,  494,  457,  378,  535,  200,  322,  285,  484,  402,  652,  382,  329,  623,  539,  620,  458,  467,  482,  380,  504,  221,  599,  635,  511,  539,  288,  320,  330,  415,  643,  502,  552,  279,  413,  544,  404,  453,  412,  600,  226,  603,  470,  473,  265,  579,  405,  229,  424,  474,  255,  446,  496,  680,  747,  127,  519,  442,  300,  452,  538,  653,  444,  102,  421,  182,  568,  110,  146,  644,  552,  422,  144,  203,  584,  411,  249,  178,  144,  521,  487,  444,  644,  231,  243,  162,  320,  558,  140,  552,  302,  395,  480,  459,  548,  498,  292,  366,   62,  345,  300,  419,  175,  352,  346,  441,  479,  533,  393,  264,  504,  281,  193,  347,  243,  409,  457,  414,  297,  422,  125,   55,  497,  517,  180,  502,  219,  625,  568,  484,  560,  325,  329,  376,  353,   36,  557,  315,  421,  598,  444,  497,  397,  409,  568,  254],
        [  175,    0,  510,  217,   70,  464,  739,  639,  461,  208,  202,  258,   79,  704,  417,  163,  623,  596,  104,   60,  351,  544,  369,  182,  492,  389,    0,  514, 1028,  594,  115,  106,  617,  227,  923,  388,  104,  601,  110,  174,  661,  713,  112,  728,  923, 1002,  835,  692,  807,  263,  812,  546,  212, 1011,  784,  176,  663,  621,  338,  186,  706,  244,  939,  614,  424,  728,  765,  797,  277,  982,  614,  792,  852,  732,  650,  194,  574,  574,  647,  198,  520,  158,  592,  749,  783,  513,  382,  814,  357,  785,  688,  661,  782,  454,   97,  560,  474,  470,  533, 1026,  533,   80,  497,  579,  573,  736,  581,  278,  285,  211,  657,  495,  728,  493,  570,  286,  169,  172,  448,  940,  342,  453,  822,  125,  177,  590,  670,  448,  335,  296,  539,  550,  309,  651,   87,  408,  838,  391,  506,  392,  874,  623,  284,  729,  207,  303,  813,  801,  632,  329,  276,  378,  651,  253,  298,  160,  518,  689,  220,  152,  938,  710,  691,  338,  488,  424,  715,  530,  162,  226,  797,  871,  699,  710,  953,  135],
        [  343,    0,  288,  468,  560,  299,  373,  133,  857,  473,  663,  687,  506,  759,  209,  676,  122,   98,  428,  498,  196,  626,  689,  342,  598,  349,  514,    0,  844,  839,  435,  595,  805,  637,  643,  543,  517,  213,  551,  394,  990,  298,  404,  971,  704,  789,  489,  808,  771,  299,  806,  217,  672,  823,  833,  571,  537,  199,  192,  396,  988,  445,  677,  250,  173,  220,  659,  377,  314,  770,  424,  284,  527,  232,  485,  644,   64,  539,  768,  686,  599,  451,  151, 1027, 1091,  356,  804,  456,  161,  351,  195,  990,  726,  437,  473,  331,  874,  282,  362,  802,  880,  488,  265,  328,  915,  302,  233,  480,  445,  503,  151,  142,  991,  577,  223,  468,  350,  628,  221,  679,  622,  121,  751,  632,  589,  844,  382,  705,  380,  243,  646,  767,  494,  674,  430,  221,  726,  818,  738,  602,  725,  267,  249,  435,  312,  694,  413,  516,  602,  276,  322,  297,  154,  740,  493,  525,  181,  970,  733,  660,  749,  530,  344,  682,   36,  347,  904,  663,  421,  627,  705,  707,  245,  724,  718,  426],
        [  967,    0,  589,  816, 1097,  612,  500,  793,  958,  826, 1228, 1285, 1084,  444,  709, 1122,  899,  785,  934, 1064,  963,  536,  819,  980,  581,  653, 1028,  844,    0,  723, 1047, 1131,  637,  928,  240,  669,  941,  635, 1131, 1054,  896,  591,  981,  749,  144,   71,  405,  528,  296, 1017,  335,  631, 1238,   23,  420, 1189,  367,  659,  939, 1066,  817, 1152,  198,  597,  991,  906,  268,  556, 1048,   83,  446,  928,  361,  761,  393, 1221,  861,  458,  540, 1049,  547, 1099,  979,  826,  906,  546,  983,  439,  900,  589,  946,  897,  288,  575, 1072,  533,  971,  618,  529,   83,  886, 1072,  612,  528,  889,  609,  612,  759,  744, 1174,  897,  984,  787,  567,  622,  748,  972, 1200,  676,  195,  778,  950,  248, 1067, 1196,  737,  463,  738,  697,  971,  557,  678,  732,  432,  997, 1033,  203,  995,  702,  703,  156,  579,  832,  413,  894,  910,  512,  338,  409, 1044,  778,  685,  921, 1072,  743, 1154,  671,  809, 1166, 1086,   97,  334,  511,  850,  872,  622,  647,  586, 1073, 1247,  248,  157,  662,  394,  142,  896],
        [  670,    0,  602,  427,  642,  565,  777,  901,  262,  430,  741,  807,  672,  279,  632,  583,  956,  862,  562,  652,  798,  258,  226,  686,  258,  492,  594,  839,  723,    0,  685,  660,   86,  379,  770,  296,  493,  753,  696,  730,  188,  822,  633,  140,  698,  739,  799,  199,  427,  771,  394,  694,  748,  717,  318,  762,  494,  791,  772,  745,  152,  825,  758,  733,  869, 1035,  494,  869,  800,  725,  560, 1092,  785,  950,  536,  746,  896,  391,  184,  483,  274,  740,  981,  189,  259,  539,  320,  804,  756,  881, 1029,  189,  439,  421,  685,  602,  269,  584,  547,  769,  170,  671,  614,  622,  167,  854,  712,  384,  410,  803,  979,  916,  154,  283,  710,  390,  669,  729,  630,  756,  258,  865,  476,  545,  757,   15,  671,  151,  461,  764,  229,   75,  359,  313,  628,  883,  531,  326,  102,  242,  589,  727,  629,  694,  623,  313,  853,  712,  380,  834,  538,  543,  988,  472,  364,  753,  703,  134,  599,  548,  672,  562,  738,  261,  838,  502,  134,  199,  733,  799,  489,  607,  860,  332,  735,  528],
        [   98,    0,  491,  274,  132,  452,  707,  565,  572,  268,  231,  265,   72,  762,  382,  262,  536,  525,  129,   70,  254,  599,  465,   95,  549,  394,  115,  435, 1047,  685,    0,  163,  699,  334,  918,  447,  196,  556,  117,   60,  767,  668,   66,  822,  931, 1013,  811,  762,  851,  157,  862,  508,  240, 1029,  844,  152,  681,  570,  247,   72,  806,  141,  938,  575,  322,  641,  792,  754,  166,  994,  614,  704,  834,  662,  658,  213,  492,  605,  716,  312,  573,   59,  494,  848,  888,  510,  494,  787,  275,  738,  595,  767,  820,  477,   39,  546,  586,  453,  529, 1036,  639,   54,  474,  562,  679,  687,  543,  333,  328,  132,  569,  395,  826,  545,  531,  336,   91,  195,  416,  939,  428,  358,  859,  235,  166,  682,  652,  535,  352,  199,  600,  635,  365,  700,   59,  301,  867,  504,  591,  466,  896,  587,  240,  713,  162,  410,  775,  790,  669,  219,  270,  368,  560,  366,  354,  110,  474,  789,  316,  260,  954,  718,  661,  437,  406,  427,  800,  596,   50,  212,  829,  890,  644,  760,  959,  169],
        [  253,    0,  614,  317,   38,  569,  841,  724,  491,  308,   97,  158,   91,  795,  517,  119,  697,  682,  208,   98,  416,  638,  434,  254,  586,  494,  106,  595, 1131,  660,  163,    0,  693,  282, 1028,  483,  195,  699,   60,  215,  703,  812,  196,  789, 1028, 1106,  938,  776,  905,  317,  907,  646,  107, 1115,  874,  111,  767,  717,  409,  221,  759,  242, 1045,  714,  483,  803,  867,  896,  321, 1087,  719,  866,  957,  819,  755,   93,  653,  676,  732,  204,  616,  171,  655,  800,  826,  619,  406,  917,  435,  883,  757,  703,  881,  558,  126,  665,  501,  574,  638, 1131,  576,  109,  600,  683,  615,  833,  681,  377,  388,  186,  731,  556,  785,  589,  670,  386,  246,   73,  549, 1045,  420,  520,  922,  123,  100,  654,  775,  521,  440,  361,  631,  625,  407,  747,  171,  459,  940,  413,  580,  479,  977,  724,  380,  834,  300,  353,  914,  906,  733,  375,  380,  482,  722,  248,  395,  125,  616,  743,  162,  135, 1042,  815,  794,  399,  566,  529,  787,  618,  193,  140,  898,  975,  794,  805, 1059,  241],
        [  672,    0,  552,  430,  672,  520,  712,  857,  339,  434,  779,  845,  694,  193,  597,  628,  920,  820,  572,  673,  784,  195,  264,  688,  210,  457,  617,  805,  637,   86,  699,  693,    0,  417,  689,  275,  514,  701,  723,  739,  268,  762,  642,  172,  614,  654,  726,  115,  342,  769,  309,  645,  788,  631,  235,  790,  420,  740,  758,  754,  213,  838,  676,  679,  852,  992,  410,  804,  799,  640,  495, 1047,  709,  899,  465,  782,  860,  324,   98,  530,  216,  756,  952,  241,  319,  486,  388,  733,  738,  818,  992,  269,  354,  374,  703,  545,  348,  539,  492,  683,  253,  691,  567,  564,  253,  795,  660,  378,  399,  822,  940,  893,  200,  233,  660,  381,  672,  764,  590,  673,  275,  843,  390,  585,  787,  101,  606,  173,  436,  755,  168,   70,  349,  232,  641,  871,  445,  396,  114,  236,  504,  671,  613,  624,  618,  361,  785,  636,  304,  829,  521,  510,  952,  528,  357,  776,  658,  198,  650,  591,  587,  487,  675,  302,  809,  461,  104,  144,  745,  832,  404,  522,  805,  247,  651,  534],
        [  354,    0,  522,  178,  267,  472,  754,  743,  241,  171,  364,  430,  304,  542,  474,  213,  757,  699,  236,  286,  521,  399,  154,  368,  350,  378,  227,  637,  928,  379,  334,  282,  417,    0,  875,  261,  143,  652,  321,  389,  434,  756,  299,  508,  847,  916,  827,  509,  669,  458,  661,  589,  372,  915,  615,  387,  586,  683,  500,  403,  482,  470,  881,  652,  598,  856,  661,  830,  480,  898,  577,  920,  833,  822,  593,  368,  700,  476,  467,  124,  383,  383,  749,  523,  556,  495,  172,  815,  503,  827,  828,  435,  654,  391,  323,  557,  256,  485,  513,  944,  307,  307,  518,  579,  347,  784,  621,  201,  235,  436,  788,  661,  505,  362,  613,  217,  351,  351,  493,  881,  157,  613,  696,  169,  380,  373,  663,  244,  317,  472,  385,  348,  215,  510,  285,  595,  727,  185,  303,  229,  773,  656,  389,  713,  340,   77,  834,  769,  519,  526,  324,  399,  788,  148,  207,  382,  575,  465,  244,  176,  848,  647,  706,  118,  622,  410,  507,  364,  383,  421,  683,  778,  763,  564,  882,  220],
