{
    "name": "random-2-18318",
    "comment": "size=2 seed=18318",
    "nodes": ["+0", "-0", "+1", "-1", "+2", "-2"],
    "precedence": {
        "+0": "-0",
        "+1": "-1",
        "+2": "-2"
    },
    "edges": [
        [    0,    0,  535,  360,  468,  424],
        [    0,    0,  535,  360,  468,  424],
        [  535,  535,    0,  778,  271,  928],
        [  360,  360,  778,    0,  585,  555],
        [  468,  468,  271,  585,    0,  892],
        [  424,  424,  928,  555,  892,    0]
    ]
}
