{
    "name": "random-39-21613",
    "comment": "size=39 seed=21613",
    "nodes": ["+0", "-0", "+1", "-1", "+2", "-2", "+3", "-3", "+4", "-4", "+5", "-5", "+6", "-6", "+7", "-7", "+8", "-8", "+9", "-9", "+10", "-10", "+11", "-11", "+12", "-12", "+13", "-13", "+14", "-14", "+15", "-15", "+16", "-16", "+17", "-17", "+18", "-18", "+19", "-19", "+20", "-20", "+21", "-21", "+22", "-22", "+23", "-23", "+24", "-24", "+25", "-25", "+26", "-26", "+27", "-27", "+28", "-28", "+29", "-29", "+30", "-30", "+31", "-31", "+32", "-32", "+33", "-33", "+34", "-34", "+35", "-35", "+36", "-36", "+37", "-37", "+38", "-38", "+39", "-39"],
    "precedence": {
        "+0": "-0",
        "+1": "-1",
        "+2": "-2",
        "+3": "-3",
        "+4": "-4",
        "+5": "-5",
        "+6": "-6",
        "+7": "-7",
        "+8": "-8",
        "+9": "-9",
        "+10": "-10",
        "+11": "-11",
        "+12": "-12",
        "+13": "-13",
        "+14": "-14",
        "+15": "-15",
        "+16": "-16",
        "+17": "-17",
        "+18": "-18",
        "+19": "-19",
        "+20": "-20",
        "+21": "-21",
        "+22": "-22",
        "+23": "-23",
        "+24": "-24",
        "+25": "-25",
        "+26": "-26",
        "+27": "-27",
        "+28": "-28",
        "+29": "-29",
        "+30": "-30",
        "+31": "-31",
        "+32": "-32",
        "+33": "-33",
        "+34": "-34",
        "+35": "-35",
        "+36": "-36",
        "+37": "-37",
        "+38": "-38",
        "+39": "-39"
    },
    "edges": [
        [    0,    0,  749,  717,  579,  313,  710,  384,  389,  189,  708,  301,  255,  776,  147,  636,  720,  912,  683,  335,  255,  719,  210,  388,  559,  448,  621,  652,  200,  696,  553,  438,  462,  624,  610,  226,  688,  470,  367,  879,  674,  605,  494,  409,  193,  687,  456,  668,  274,  758,  554,  891,  104,  654,  843,  833,   55,  528,  321,  757,  786,  199,  213,  678,  188,  684,  847,  830,  260,  517,  390,  591,  230,  959,  266,  676,  478,  367,  509,  374],
        [    0,    0,  749,  717,  579,  313,  710,  384,  389,  189,  708,  301,  255,  776,  147,  636,  720,  912,  683,  335,  255,  719,  210,  388,  559,  448,  621,  652,  200,  696,  553,  438,  462,  624,  610,  226,  688,  470,  367,  879,  674,  605,  494,  409,  193,  687,  456,  668,  274,  758,  554,  891,  104,  654,  843,  833,   55,  528,  321,  757,  786,  199,  213,  678,  188,  684,  847,  830,  260,  517,  390,  591,  230,  959,  266,  676,  478,  367,  509,  374],
        [  749,  749,    0,  509,  555,  805,  511,  412,  390,  832,  329,  723,  866,  492,  603,  230,  587,  485,  172,  525,  765,  605,  847,  366,  207,  401,  850,  487,  632,  233,  255,  561,  413,  270,  152,  829,  780,  338,  386,  334,  924,  353,  540,  885,  561,  211,  380,   81,  500,  423,  728,  475,  648,  409,  223,  507,  776,  870,  694,  399,  155,  565,  713,   79,  861,  118,  376,   86,  695,  443,  475,  876,  541,  297,  611,  649,  326,  386,  263,  803],
        [  717,  717,  509,    0,  158,  560,    8,  629,  598,  886,  781,  883,  946,   71,  628,  291,   82,  229,  628,  726,  561,  102,  907,  452,  396,  303,  418,   66,  739,  277,  328,  290,  279,  255,  525,  644,  307,  623,  468,  306,  480,  186,  847,  585,  559,  298,  310,  484,  628,  879,  322,  963,  627,  111,  731,  126,  768,  494,  872,  133,  386,  640,  823,  516,  711,  396,  234,  520,  502,  775,  716,  465,  506,  451,  765,  167,  335,  534,  557,  517],
        [  579,  579,  555,  158,    0,  402,  150,  561,  533,  757,  774,  777,  819,  228,  508,  326,  141,  385,  637,  643,  405,  141,  778,  383,  390,  227,  301,  108,  629,  341,  321,  142,  201,  286,  527,  489,  229,  577,  393,  436,  373,  204,  783,  431,  440,  356,  243,  509,  535,  869,  186,  970,  497,  171,  766,  284,  632,  352,  772,  261,  466,  531,  709,  539,  557,  438,  371,  589,  349,  725,  644,  337,  386,  571,  666,  121,  290,  463,  526,  360],
        [  313,  313,  805,  560,  402,    0,  552,  570,  558,  496,  885,  606,  561,  629,  359,  617,  529,  785,  805,  578,   63,  520,  515,  465,  599,  410,  323,  504,  478,  662,  557,  286,  407,  587,  705,  110,  419,  638,  454,  810,  367,  530,  749,  105,  332,  665,  430,  733,  476,  959,  292, 1085,  305,  544,  965,  685,  362,  218,  621,  648,  781,  419,  519,  754,  185,  706,  756,  869,  115,  739,  617,  285,  309,  927,  541,  456,  481,  501,  637,   67],
        [  710,  710,  511,    8,  150,  552,    0,  625,  595,  880,  780,  878,  940,   79,  622,  291,   78,  237,  628,  722,  553,   98,  901,  448,  394,  299,  412,   60,  734,  279,  326,  282,  274,  255,  525,  637,  301,  621,  464,  312,  474,  184,  844,  578,  553,  300,  306,  485,  623,  879,  315,  964,  621,  110,  732,  134,  761,  486,  868,  138,  390,  634,  818,  517,  704,  397,  240,  523,  494,  772,  712,  458,  500,  456,  761,  161,  332,  530,  555,  509],
        [  384,  384,  412,  629,  561,  570,  625,    0,   32,  426,  327,  314,  456,  660,  244,  404,  675,  744,  307,  118,  512,  684,  440,  180,  283,  337,  766,  571,  227,  462,  325,  465,  363,  416,  260,  542,  765,   88,  169,  649,  839,  451,  223,  672,  242,  443,  324,  336,  111,  391,  654,  520,  303,  526,  463,  705,  396,  727,  288,  597,  502,  186,  303,  333,  544,  391,  648,  498,  459,  176,   88,  765,  263,  679,  200,  682,  295,   99,  149,  601],
        [  389,  389,  390,  598,  533,  558,  595,   32,    0,  444,  332,  341,  477,  629,  245,  373,  645,  713,  295,  147,  501,  655,  458,  151,  253,  308,  744,  541,  244,  432,  294,  441,  334,  385,  239,  536,  739,   84,  142,  619,  817,  420,  251,  659,  234,  413,  294,  313,  118,  401,  631,  529,  302,  495,  455,  674,  404,  708,  316,  566,  474,  192,  324,  312,  542,  364,  618,  475,  445,  198,  119,  745,  249,  653,  224,  654,  264,   72,  129,  586],
        [  189,  189,  832,  886,  757,  496,  880,  426,  444,    0,  713,  187,   67,  941,  264,  764,  897, 1067,  731,  330,  441,  897,   22,  501,  666,  599,  809,  821,  201,  825,  678,  617,  618,  759,  683,  398,  876,  511,  479, 1014,  861,  755,  444,  586,  331,  813,  602,  753,  333,  739,  742,  870,  260,  812,  881,  996,  136,  712,  221,  911,  898,  277,  132,  755,  340,  790,  992,  917,  449,  501,  391,  778,  382, 1076,  238,  859,  612,  452,  572,  559],
        [  708,  708,  329,  781,  774,  885,  780,  327,  332,  713,    0,  551,  723,  783,  571,  493,  849,  805,  163,  386,  830,  864,  721,  433,  389,  561, 1033,  741,  528,  526,  460,  722,  584,  527,  256,  867, 1000,  249,  438,  661, 1109,  599,  298,  984,  565,  501,  540,  309,  437,   99,  913,  203,  630,  671,  205,  810,  712, 1017,  515,  697,  482,  511,  582,  280,  871,  405,  696,  391,  771,  215,  326, 1044,  577,  618,  477,  888,  488,  385,  259,  907],
        [  301,  301,  723,  883,  777,  606,  878,  314,  341,  187,  551,    0,  176,  927,  277,  704,  910, 1033,  596,  198,  545,  915,  186,  447,  590,  581,  893,  819,  148,  765,  620,  647,  604,  709,  571,  526,  936,  386,  427,  954,  954,  725,  266,  706,  340,  748,  576,  649,  261,  566,  806,  694,  312,  793,  734,  979,  265,  813,   38,  880,  814,  246,   89,  644,  485,  704,  945,  809,  529,  336,  250,  871,  393,  993,  122,  891,  569,  376,  461,  662],
        [  255,  255,  866,  946,  819,  561,  940,  456,  477,   67,  723,  176,    0,  999,  319,  812,  959, 1122,  754,  350,  507,  960,   47,  548,  710,  655,  875,  880,  236,  873,  725,  680,  674,  809,  715,  462,  942,  537,  526, 1063,  927,  809,  441,  650,  388,  860,  656,  788,  372,  741,  808,  869,  322,  869,  900, 1054,  202,  778,  213,  966,  940,  324,  153,  788,  402,  831, 1044,  952,  515,  508,  409,  844,  440, 1119,  258,  923,  662,  493,  604,  625],
        [  776,  776,  492,   71,  228,  629,   79,  660,  629,  941,  783,  927,  999,    0,  680,  291,  136,  159,  626,  763,  628,  156,  961,  488,  407,  348,  483,  128,  786,  262,  345,  356,  326,  261,  529,  712,  365,  645,  506,  250,  542,  209,  873,  656,  611,  286,  351,  479,  669,  882,  391,  958,  683,  136,  715,   58,  826,  563,  915,   94,  357,  687,  872,  510,  778,  386,  175,  492,  568,  796,  747,  532,  560,  396,  808,  229,  367,  568,  574,  587],
        [  147,  147,  603,  628,  508,  359,  622,  244,  245,  264,  571,  277,  319,  680,    0,  506,  646,  804,  537,  221,  297,  648,  283,  248,  418,  336,  621,  563,  130,  567,  420,  374,  355,  498,  464,  309,  660,  328,  226,  754,  685,  492,  391,  464,   70,  556,  339,  523,  134,  628,  531,  760,   61,  550,  698,  735,  174,  551,  280,  648,  648,   63,  202,  532,  302,  544,  730,  685,  264,  394,  267,  604,  123,  824,  186,  619,  351,  220,  363,  405],
        [  636,  636,  230,  291,  326,  617,  291,  404,  373,  764,  493,  704,  812,  291,  506,    0,  364,  343,  338,  518,  587,  382,  782,  264,  125,  209,  622,  260,  579,   62,   87,  348,  211,   40,  239,  661,  550,  370,  286,  252,  696,  123,  602,  684,  445,   52,  193,  194,  446,  592,  502,  673,  533,  184,  446,  323,  676,  651,  684,  209,  165,  489,  667,  226,  707,  113,  245,  268,  516,  517,  489,  652,  408,  326,  583,  420,  158,  329,  292,  603],
        [  720,  720,  587,   82,  141,  529,   78,  675,  645,  897,  849,  910,  959,  136,  646,  364,    0,  286,  700,  765,  539,   21,  918,  496,  461,  340,  350,  109,  764,  356,  391,  283,  314,  327,  594,  622,  230,  678,  509,  383,  407,  251,  896,  541,  577,  377,  352,  558,  662,  947,  266, 1035,  637,  181,  808,  178,  773,  436,  903,  213,  468,  665,  845,  590,  693,  473,  309,  601,  487,  829,  761,  400,  523,  529,  796,   95,  386,  578,  616,  480],
        [  912,  912,  485,  229,  385,  785,  237,  744,  713, 1067,  805, 1033, 1122,  159,  804,  343,  286,    0,  643,  855,  781,  304, 1087,  587,  468,  469,  635,  281,  899,  291,  420,  507,  451,  329,  564,  865,  510,  713,  608,  164,  689,  313,  944,  814,  736,  314,  466,  498,  773,  902,  548,  959,  815,  259,  698,  109,  959,  719, 1017,  157,  332,  802,  986,  526,  928,  403,  110,  457,  719,  858,  830,  685,  688,  296,  912,  380,  465,  662,  634,  745],
        [  683,  683,  172,  628,  637,  805,  628,  307,  295,  731,  163,  596,  754,  626,  537,  338,  700,  643,    0,  405,  756,  716,  743,  341,  248,  439,  912,  593,  532,  366,  317,  605,  458,  374,  112,  806,  865,  220,  353,  500,  988,  450,  384,  897,  512,  342,  417,  148,  413,  260,  790,  336,  591,  519,  163,  650,  699,  910,  564,  537,  321,  486,  604,  118,  824,  244,  534,  244,  691,  286,  347,  929,  509,  466,  497,  746,  361,  322,  176,  817],
        [  335,  335,  525,  726,  643,  578,  722,  118,  147,  330,  386,  198,  350,  763,  221,  518,  765,  855,  405,    0,  516,  773,  341,  275,  399,  426,  815,  666,  143,  577,  437,  531,  452,  527,  374,  529,  831,  189,  259,  765,  884,  555,  171,  682,  252,  559,  417,  451,  113,  426,  711,  559,  280,  628,  551,  810,  330,  758,  171,  706,  619,  160,  201,  447,  514,  509,  762,  611,  476,  183,   62,  806,  292,  797,   93,  762,  397,  196,  263,  620],
        [  255,  255,  765,  561,  405,   63,  553,  512,  501,  441,  830,  545,  507,  628,  297,  587,  539,  781,  756,  516,    0,  532,  461,  416,  558,  378,  370,  501,  416,  636,  522,  276,  378,  560,  658,   84,  453,  581,  403,  793,  421,  510,  687,  167,  272,  637,  397,  691,  416,  901,  322, 1029,  243,  532,  917,  686,  306,  273,  559,  638,  751,  357,  458,  711,  155,  671,  743,  833,   72,  679,  556,  338,  253,  904,  479,  474,  444,  446,  585,  119],
        [  719,  719,  605,  102,  141,  520,   98,  684,  655,  897,  864,  915,  960,  156,  648,  382,   21,  304,  716,  773,  532,    0,  918,  505,  476,  348,  332,  124,  768,  374,  406,  282,  323,  344,  610,  615,  210,  690,  518,  403,  388,  266,  906,  529,  580,  395,  361,  575,  668,  962,  252, 1052,  638,  199,  826,  196,  772,  421,  908,  233,  487,  669,  848,  607,  686,  491,  329,  620,  482,  840,  770,  382,  526,  549,  801,   77,  397,  587,  629,  469],
        [  210,  210,  847,  907,  778,  515,  901,  440,  458,   22,  721,  186,   47,  961,  283,  782,  918, 1087,  743,  341,  461,  918,    0,  519,  684,  619,  829,  841,  215,  844,  696,  638,  638,  778,  697,  416,  897,  523,  497, 1033,  881,  774,  448,  604,  352,  831,  621,  768,  349,  745,  763,  875,  281,  833,  891, 1017,  156,  732,  222,  931,  915,  294,  140,  770,  357,  807, 1011,  932,  470,  508,  401,  798,  402, 1093,  248,  880,  631,  468,  586,  579],
        [  388,  388,  366,  452,  383,  465,  448,  180,  151,  501,  433,  447,  548,  488,  248,  264,  496,  587,  341,  275,  416,  505,  519,    0,  172,  158,  607,  393,  316,  326,  178,  298,  184,  264,  243,  470,  592,  202,   23,  516,  682,  281,  402,  558,  197,  313,  145,  287,  186,  518,  490,  636,  285,  353,  501,  537,  421,  584,  430,  434,  401,  225,  404,  302,  497,  297,  501,  444,  350,  344,  266,  613,  177,  578,  325,  503,  123,   83,  176,  479],
        [  559,  559,  207,  396,  390,  599,  394,  283,  253,  666,  389,  590,  710,  407,  418,  125,  461,  468,  248,  399,  558,  476,  684,  172,    0,  200,  668,  352,  474,  180,   71,  366,  216,  148,  138,  623,  618,  246,  193,  366,  743,  211,  477,  681,  367,  161,  178,  136,  339,  487,  545,  581,  456,  285,  386,  444,  592,  675,  568,  331,  232,  391,  561,  161,  657,  126,  368,  278,  488,  393,  367,  688,  341,  410,  470,  500,  122,  218,  168,  599],
        [  448,  448,  401,  303,  227,  410,  299,  337,  308,  599,  561,  581,  655,  348,  336,  209,  340,  469,  439,  426,  378,  348,  619,  158,  200,    0,  475,  241,  438,  261,  148,  167,   27,  186,  328,  452,  443,  352,  170,  435,  551,  158,  559,  485,  268,  260,   23,  335,  325,  653,  353,  761,  348,  215,  585,  401,  493,  475,  570,  312,  373,  339,  524,  361,  500,  297,  400,  460,  307,  499,  422,  491,  220,  531,  463,  347,   79,  239,  305,  403],
        [  621,  621,  850,  418,  301,  323,  412,  766,  744,  809, 1033,  893,  875,  483,  621,  622,  350,  635,  912,  815,  370,  332,  829,  607,  668,  475,    0,  396,  750,  642,  603,  312,  455,  583,  801,  432,  137,  808,  608,  722,   76,  502,  978,  270,  568,  656,  497,  797,  703, 1122,  123, 1234,  581,  469, 1052,  527,  673,  123,  900,  546,  767,  668,  809,  825,  506,  734,  651,  888,  365,  941,  836,   58,  523,  864,  805,  256,  552,  674,  775,  257],
        [  652,  652,  487,   66,  108,  504,   60,  571,  541,  821,  741,  819,  880,  128,  563,  260,  109,  281,  593,  666,  501,  124,  841,  393,  352,  241,  396,    0,  675,  260,  283,  228,  216,  222,  486,  585,  300,  571,  408,  330,  463,  143,  791,  537,  493,  279,  249,  453,  565,  838,  288,  928,  562,   80,  706,  186,  703,  458,  809,  155,  380,  575,  758,  485,  650,  371,  264,  509,  441,  722,  657,  437,  441,  469,  702,  163,  279,  475,  507,  465],
        [  200,  200,  632,  739,  629,  478,  734,  227,  244,  201,  528,  148,  236,  786,  130,  579,  764,  899,  532,  143,  416,  768,  215,  316,  474,  438,  750,  675,    0,  641,  493,  499,  461,  579,  483,  412,  789,  312,  295,  831,  814,  588,  295,  581,  192,  626,  436,  554,  136,  568,  660,  701,  174,  653,  685,  839,  189,  677,  150,  744,  704,  100,   89,  555,  385,  595,  816,  718,  391,  325,  203,  732,  245,  883,   67,  743,  435,  257,  372,  529],
        [  696,  696,  233,  277,  341,  662,  279,  462,  432,  825,  526,  765,  873,  262,  567,   62,  356,  291,  366,  577,  636,  374,  844,  326,  180,  261,  642,  260,  641,    0,  148,  386,  258,   76,  277,  712,  558,  424,  348,  191,  713,  142,  655,  725,  506,   25,  247,  218,  508,  624,  524,  696,  592,  180,  455,  285,  736,  681,  744,  172,  126,  550,  729,  249,  761,  124,  188,  250,  566,  567,  547,  675,  467,  270,  644,  423,  218,  389,  344,  644],
        [  553,  553,  255,  328,  321,  557,  326,  325,  294,  678,  460,  620,  725,  345,  420,   87,  391,  420,  317,  437,  522,  406,  696,  178,   71,  148,  603,  283,  493,  148,    0,  307,  158,   92,  207,  591,  549,  302,  200,  339,  678,  143,  531,  632,  361,  136,  127,  194,  361,  557,  480,  651,  449,  218,  450,  385,  591,  616,  600,  274,  236,  402,  581,  223,  633,  150,  327,  313,  451,  452,  412,  626,  326,  407,  498,  430,   79,  244,  230,  550],
        [  438,  438,  561,  290,  142,  286,  282,  465,  441,  617,  722,  647,  680,  356,  374,  348,  283,  507,  605,  531,  276,  282,  638,  298,  366,  167,  312,  228,  499,  386,  307,    0,  150,  314,  495,  359,  301,  499,  301,  525,  387,  248,  684,  340,  308,  392,  189,  499,  419,  811,  192,  924,  358,  259,  751,  413,  490,  310,  645,  364,  509,  404,  575,  526,  423,  451,  470,  613,  213,  638,  542,  325,  255,  645,  542,  245,  246,  369,  464,  260],
        [  462,  462,  413,  279,  201,  407,  274,  363,  334,  618,  584,  604,  674,  326,  355,  211,  314,  451,  458,  452,  378,  323,  638,  184,  216,   27,  455,  216,  461,  258,  158,  150,    0,  183,  348,  454,  419,  377,  196,  425,  530,  143,  585,  477,  287,  259,   44,  350,  350,  676,  332,  783,  364,  195,  602,  380,  509,  460,  594,  295,  375,  362,  546,  376,  505,  305,  387,  468,  308,  525,  448,  473,  237,  527,  487,  321,   98,  265,  329,  395],
        [  624,  624,  270,  255,  286,  587,  255,  416,  385,  759,  527,  709,  809,  261,  498,   40,  327,  329,  374,  527,  560,  344,  778,  264,  148,  186,  583,  222,  579,   76,   92,  314,  183,    0,  271,  636,  511,  390,  285,  257,  657,   83,  620,  652,  435,   79,  172,  232,  449,  625,  463,  709,  521,  146,  486,  297,  665,  615,  690,  184,  196,  486,  667,  264,  685,  153,  237,  306,  490,  539,  503,  614,  394,  346,  587,  381,  148,  334,  315,  571],
        [  610,  610,  152,  525,  527,  705,  525,  260,  239,  683,  256,  571,  715,  529,  464,  239,  594,  564,  112,  374,  658,  610,  697,  243,  138,  328,  801,  486,  483,  277,  207,  495,  348,  271,    0,  713,  755,  187,  259,  435,  877,  344,  401,  794,  428,  253,  306,   81,  352,  354,  679,  444,  512,  416,  261,  559,  633,  801,  543,  445,  265,  420,  563,   74,  737,  165,  457,  238,  591,  306,  325,  819,  418,  434,  460,  637,  250,  244,  112,  713],
        [  226,  226,  829,  644,  489,  110,  637,  542,  536,  398,  867,  526,  462,  712,  309,  661,  622,  865,  806,  529,   84,  615,  416,  470,  623,  452,  432,  585,  412,  712,  591,  359,  454,  636,  713,    0,  526,  619,  455,  873,  473,  589,  697,  188,  302,  711,  469,  752,  438,  932,  398, 1062,  249,  614,  968,  769,  269,  323,  545,  721,  824,  371,  438,  770,   76,  739,  825,  900,  149,  701,  575,  392,  298,  981,  477,  555,  513,  488,  632,  176],
        [  688,  688,  780,  307,  229,  419,  301,  765,  739,  876, 1000,  936,  942,  365,  660,  550,  230,  510,  865,  831,  453,  210,  897,  592,  618,  443,  137,  300,  789,  558,  549,  301,  419,  511,  755,  526,    0,  792,  598,  612,  181,  428,  984,  389,  598,  576,  462,  737,  719, 1093,  134, 1197,  630,  379,  993,  403,  742,  251,  937,  438,  679,  698,  857,  767,  602,  663,  538,  808,  429,  935,  842,  194,  548,  757,  836,  140,  513,  668,  747,  355],
        [  470,  470,  338,  623,  577,  638,  621,   88,   84,  511,  249,  386,  537,  645,  328,  370,  678,  713,  220,  189,  581,  690,  523,  202,  246,  352,  808,  571,  312,  424,  302,  499,  377,  390,  187,  619,  792,    0,  201,  603,  882,  440,  232,  737,  317,  403,  335,  267,  197,  323,  691,  448,  385,  516,  376,  686,  483,  779,  356,  574,  444,  272,  385,  259,  625,  336,  611,  424,  524,  152,  138,  812,  329,  618,  279,  697,  293,  139,   82,  662],
        [  367,  367,  386,  468,  393,  454,  464,  169,  142,  479,  438,  427,  526,  506,  226,  286,  509,  608,  353,  259,  403,  518,  497,   23,  193,  170,  608,  408,  295,  348,  200,  301,  196,  285,  259,  455,  598,  201,    0,  538,  682,  300,  391,  549,  176,  335,  159,  306,  166,  520,  492,  640,  264,  371,  514,  555,  399,  580,  411,  454,  423,  203,  383,  320,  479,  319,  522,  464,  339,  338,  253,  612,  159,  600,  306,  513,  143,   71,  184,  471],
        [  879,  879,  334,  306,  436,  810,  312,  649,  619, 1014,  661,  954, 1063,  250,  754,  252,  383,  164,  500,  765,  793,  403, 1033,  516,  366,  435,  722,  330,  831,  191,  339,  525,  425,  257,  435,  873,  612,  603,  538,    0,  786,  285,  831,  858,  692,  207,  424,  360,  698,  756,  618,  803,  777,  270,  539,  230,  921,  787,  933,  177,  180,  740,  919,  385,  929,  272,   76,  296,  725,  739,  731,  766,  650,  147,  833,  473,  404,  579,  521,  781],
        [  674,  674,  924,  480,  373,  367,  474,  839,  817,  861, 1109,  954,  927,  542,  685,  696,  407,  689,  988,  884,  421,  388,  881,  682,  743,  551,   76,  463,  814,  713,  678,  387,  530,  657,  877,  473,  181,  882,  682,  786,    0,  575, 1048,  297,  635,  728,  573,  872,  772, 1197,  199, 1310,  643,  539, 1128,  582,  726,  151,  963,  610,  838,  734,  869,  901,  545,  808,  713,  961,  425, 1014,  907,   84,  592,  929,  870,  314,  628,  748,  850,  303],
        [  605,  605,  353,  186,  204,  530,  184,  451,  420,  755,  599,  725,  809,  209,  492,  123,  251,  313,  450,  555,  510,  266,  774,  281,  211,  158,  502,  143,  588,  142,  143,  248,  143,   83,  344,  589,  428,  440,  300,  285,  575,    0,  666,  587,  424,  154,  154,  313,  465,  697,  383,  786,  505,   77,  568,  256,  650,  539,  710,  157,  268,  490,  675,  344,  644,  236,  244,  386,  441,  591,  539,  534,  377,  398,  605,  299,  159,  360,  371,  507],
        [  494,  494,  540,  847,  783,  749,  844,  223,  251,  444,  298,  266,  441,  873,  391,  602,  896,  944,  384,  171,  687,  906,  448,  402,  477,  559,  978,  791,  295,  655,  531,  684,  585,  620,  401,  697,  984,  232,  391,  831, 1048,  666,    0,  853,  421,  633,  545,  481,  278,  301,  870,  428,  450,  741,  495,  915,  480,  926,  229,  804,  665,  330,  318,  466,  678,  561,  842,  622,  646,   98,  143,  971,  458,  833,  230,  904,  513,  321,  311,  790],
        [  409,  409,  885,  585,  431,  105,  578,  672,  659,  586,  984,  706,  650,  656,  464,  684,  541,  814,  897,  682,  167,  529,  604,  558,  681,  485,  270,  537,  581,  725,  632,  340,  477,  652,  794,  188,  389,  737,  549,  858,  297,  587,  853,    0,  436,  730,  506,  816,  580, 1059,  281, 1184,  409,  588, 1055,  709,  456,  149,  722,  688,  847,  523,  618,  839,  255,  781,  798,  945,  214,  842,  720,  221,  410,  983,  645,  457,  560,  599,  732,   83],
        [  193,  193,  561,  559,  440,  332,  553,  242,  234,  331,  565,  340,  388,  611,   70,  445,  577,  736,  512,  252,  272,  580,  352,  197,  367,  268,  568,  493,  192,  506,  361,  308,  287,  435,  428,  302,  598,  317,  176,  692,  635,  424,  421,  436,    0,  496,  272,  481,  145,  632,  472,  761,   89,  482,  674,  666,  231,  507,  340,  580,  593,  101,  269,  493,  313,  492,  664,  640,  226,  407,  286,  556,   54,  768,  239,  552,  288,  190,  336,  369],
        [  687,  687,  211,  298,  356,  665,  300,  443,  413,  813,  501,  748,  860,  286,  556,   52,  377,  314,  342,  559,  637,  395,  831,  313,  161,  260,  656,  279,  626,   25,  136,  392,  259,   79,  253,  711,  576,  403,  335,  207,  728,  154,  633,  730,  496,    0,  244,  194,  492,  600,  537,  672,  584,  199,  433,  309,  726,  691,  727,  196,  117,  537,  714,  225,  758,  100,  210,  233,  566,  545,  527,  688,  459,  274,  627,  441,  210,  373,  322,  649],
        [  456,  456,  380,  310,  243,  430,  306,  324,  294,  602,  540,  576,  656,  351,  339,  193,  352,  466,  417,  417,  397,  361,  621,  145,  178,   23,  497,  249,  436,  247,  127,  189,   44,  172,  306,  469,  462,  335,  159,  424,  573,  154,  545,  506,  272,  244,    0,  313,  319,  632,  375,  739,  354,  217,  563,  403,  500,  498,  564,  310,  355,  338,  523,  339,  515,  276,  393,  440,  326,  483,  410,  513,  227,  516,  457,  363,   57,  227,  285,  424],
        [  668,  668,   81,  484,  509,  733,  485,  336,  313,  753,  309,  649,  788,  479,  523,  194,  558,  498,  148,  451,  691,  575,  768,  287,  136,  335,  797,  453,  554,  218,  194,  499,  350,  232,   81,  752,  737,  267,  306,  360,  872,  313,  481,  816,  481,  194,  313,    0,  421,  408,  674,  480,  568,  378,  257,  502,  696,  809,  621,  390,  186,  485,  636,   32,  783,   96,  389,  164,  621,  386,  404,  819,  463,  353,  535,  611,  258,  306,  189,  734],
        [  274,  274,  500,  628,  535,  476,  623,  111,  118,  333,  437,  261,  372,  669,  134,  446,  662,  773,  413,  113,  416,  668,  349,  186,  339,  325,  703,  565,  136,  508,  361,  419,  350,  449,  352,  438,  719,  197,  166,  698,  772,  465,  278,  580,  145,  492,  319,  421,    0,  495,  599,  627,  194,  534,  572,  719,  287,  649,  246,  619,  569,   75,  223,  424,  436,  459,  686,  585,  370,  264,  141,  695,  181,  748,  140,  654,  308,  121,  244,  514],
        [  758,  758,  423,  879,  869,  959,  879,  391,  401,  739,   99,  566,  741,  882,  628,  592,  947,  902,  260,  426,  901,  962,  745,  518,  487,  653, 1122,  838,  568,  624,  557,  811,  676,  625,  354,  932, 1093,  323,  520,  756, 1197,  697,  301, 1059,  632,  600,  632,  408,  495,    0, 1003,  134,  689,  769,  265,  909,  756, 1100,  529,  795,  577,  567,  610,  378,  930,  503,  793,  479,  846,  243,  368, 1130,  650,  705,  510,  984,  581,  462,  348,  985],
        [  554,  554,  728,  322,  186,  292,  315,  654,  631,  742,  913,  806,  808,  391,  531,  502,  266,  548,  790,  711,  322,  252,  763,  490,  545,  353,  123,  288,  660,  524,  480,  192,  332,  463,  679,  398,  134,  691,  492,  618,  199,  383,  870,  281,  472,  537,  375,  674,  599, 1003,    0, 1113,  499,  356,  930,  440,  608,  172,  809,  441,  649,  572,  727,  703,  473,  612,  550,  768,  295,  828,  728,  152,  423,  755,  710,  178,  430,  560,  655,  232],
        [  891,  891,  475,  963,  970, 1085,  964,  520,  529,  870,  203,  694,  869,  958,  760,  673, 1035,  959,  336,  559, 1029, 1052,  875,  636,  581,  761, 1234,  928,  701,  696,  651,  924,  783,  709,  444, 1062, 1197,  448,  640,  803, 1310,  786,  428, 1184,  761,  672,  739,  480,  627,  134, 1113,    0,  821,  855,  270,  978,  889, 1219,  657,  867,  628,  699,  741,  449, 1062,  573,  850,  511,  972,  376,  501, 1246,  777,  730,  642, 1080,  686,  586,  462, 1109],
        [  104,  104,  648,  627,  497,  305,  621,  303,  302,  260,  630,  312,  322,  683,   61,  533,  637,  815,  591,  280,  243,  638,  281,  285,  456,  348,  581,  562,  174,  592,  449,  358,  364,  521,  512,  249,  630,  385,  264,  777,  643,  505,  450,  409,   89,  584,  354,  568,  194,  689,  499,  821,    0,  558,  753,  739,  146,  504,  321,  659,  682,  123,  229,  579,  242,  581,  747,  728,  219,  454,  327,  561,  128,  856,  237,  602,  375,  271,  415,  355],
        [  654,  654,  409,  111,  171,  544,  110,  526,  495,  812,  671,  793,  869,  136,  550,  184,  181,  259,  519,  628,  532,  199,  833,  353,  285,  215,  469,   80,  653,  180,  218,  259,  195,  146,  416,  614,  379,  516,  371,  270,  539,   77,  741,  588,  482,  199,  217,  378,  534,  769,  356,  855,  558,    0,  628,  187,  702,  522,  780,  107,  301,  554,  739,  409,  675,  293,  212,  430,  466,  667,  613,  507,  432,  401,  673,  243,  232,  433,  447,  512],
        [  843,  843,  223,  731,  766,  965,  732,  463,  455,  881,  205,  734,  900,  715,  698,  446,  808,  698,  163,  551,  917,  826,  891,  501,  386,  585, 1052,  706,  685,  455,  450,  751,  602,  486,  261,  968,  993,  376,  514,  539, 1128,  568,  495, 1055,  674,  433,  563,  257,  572,  265,  930,  270,  753,  628,    0,  728,  858, 1059,  699,  622,  368,  646,  752,  228,  986,  336,  591,  244,  851,  404,  491, 1074,  671,  461,  644,  866,  506,  485,  339,  974],
        [  833,  833,  507,  126,  284,  685,  134,  705,  674,  996,  810,  979, 1054,   58,  735,  323,  178,  109,  650,  810,  686,  196, 1017,  537,  444,  401,  527,  186,  839,  285,  385,  413,  380,  297,  559,  769,  403,  686,  555,  230,  582,  256,  915,  709,  666,  309,  403,  502,  719,  909,  440,  978,  739,  187,  728,    0,  882,  612,  965,  115,  363,  740,  925,  533,  835,  407,  156,  497,  626,  835,  792,  577,  615,  376,  859,  272,  414,  615,  612,  642],
        [   55,   55,  776,  768,  632,  362,  761,  396,  404,  136,  712,  265,  202,  826,  174,  676,  773,  959,  699,  330,  306,  772,  156,  421,  592,  493,  673,  703,  189,  736,  591,  490,  509,  665,  633,  269,  742,  483,  399,  921,  726,  650,  480,  456,  231,  726,  500,  696,  287,  756,  608,  889,  146,  702,  858,  882,    0,  578,  290,  804,  821,  214,  180,  703,  220,  717,  892,  858,  314,  513,  389,  643,  273,  997,  251,  730,  519,  391,  528,  424],
        [  528,  528,  870,  494,  352,  218,  486,  727,  708,  712, 1017,  813,  778,  563,  551,  651,  436,  719,  910,  758,  273,  421,  732,  584,  675,  475,  123,  458,  677,  681,  616,  310,  460,  615,  801,  323,  251,  779,  580,  787,  151,  539,  926,  149,  507,  691,  498,  809,  649, 1100,  172, 1219,  504,  522, 1059,  612,  578,    0,  824,  612,  807,  604,  727,  835,  395,  758,  721,  918,  287,  901,  788,   72,  469,  923,  736,  345,  554,  641,  758,  154],
        [  321,  321,  694,  872,  772,  621,  868,  288,  316,  221,  515,   38,  213,  915,  280,  684,  903, 1017,  564,  171,  559,  908,  222,  430,  568,  570,  900,  809,  150,  744,  600,  645,  594,  690,  543,  545,  937,  356,  411,  933,  963,  710,  229,  722,  340,  727,  564,  621,  246,  529,  809,  657,  321,  780,  699,  965,  290,  824,    0,  864,  789,  242,  111,  615,  507,  679,  927,  779,  539,  300,  219,  881,  392,  967,  108,  887,  553,  357,  433,  674],
        [  757,  757,  399,  133,  261,  648,  138,  597,  566,  911,  697,  880,  966,   94,  648,  209,  213,  157,  537,  706,  638,  233,  931,  434,  331,  312,  546,  155,  744,  172,  274,  364,  295,  184,  445,  721,  438,  574,  454,  177,  610,  157,  804,  688,  580,  196,  310,  390,  619,  795,  441,  867,  659,  107,  622,  115,  804,  612,  864,    0,  263,  646,  831,  421,  781,  295,  110,  399,  573,  723,  684,  589,  532,  319,  759,  298,  312,  511,  499,  614],
        [  786,  786,  155,  386,  466,  781,  390,  502,  474,  898,  482,  814,  940,  357,  648,  165,  468,  332,  321,  619,  751,  487,  915,  401,  232,  373,  767,  380,  704,  126,  236,  509,  375,  196,  265,  824,  679,  444,  423,  180,  838,  268,  665,  847,  593,  117,  355,  186,  569,  577,  649,  628,  682,  301,  368,  363,  821,  807,  789,  263,    0,  622,  790,  208,  868,  111,  223,  136,  680,  571,  578,  801,  561,  180,  696,  542,  315,  448,  362,  766],
        [  199,  199,  565,  640,  531,  419,  634,  186,  192,  277,  511,  246,  324,  687,   63,  489,  665,  802,  486,  160,  357,  669,  294,  225,  391,  339,  668,  575,  100,  550,  402,  404,  362,  486,  420,  371,  698,  272,  203,  740,  734,  490,  330,  523,  101,  537,  338,  485,   75,  567,  572,  699,  123,  554,  646,  740,  214,  604,  242,  646,  622,    0,  185,  490,  363,  515,  721,  648,  319,  331,  204,  655,  151,  800,  139,  646,  340,  180,  314,  462],
        [  213,  213,  713,  823,  709,  519,  818,  303,  324,  132,  582,   89,  153,  872,  202,  667,  845,  986,  604,  201,  458,  848,  140,  404,  561,  524,  809,  758,   89,  729,  581,  575,  546,  667,  563,  438,  857,  385,  383,  919,  869,  675,  318,  618,  269,  714,  523,  636,  223,  610,  727,  741,  229,  739,  752,  925,  180,  727,  111,  831,  790,  185,    0,  636,  398,  681,  904,  799,  445,  370,  261,  787,  323,  970,  108,  820,  523,  343,  451,  575],
        [  678,  678,   79,  516,  539,  754,  517,  333,  312,  755,  280,  644,  788,  510,  532,  226,  590,  526,  118,  447,  711,  607,  770,  302,  161,  361,  825,  485,  555,  249,  223,  526,  376,  264,   74,  770,  767,  259,  320,  385,  901,  344,  466,  839,  493,  225,  339,   32,  424,  378,  703,  449,  579,  409,  228,  533,  703,  835,  615,  421,  208,  490,  636,    0,  798,  126,  417,  165,  642,  369,  397,  847,  478,  368,  533,  642,  283,  312,  185,  757],
        [  188,  188,  861,  711,  557,  185,  704,  544,  542,  340,  871,  485,  402,  778,  302,  707,  693,  928,  824,  514,  155,  686,  357,  497,  657,  500,  506,  650,  385,  761,  633,  423,  505,  685,  737,   76,  602,  625,  479,  929,  545,  644,  678,  255,  313,  758,  515,  783,  436,  930,  473, 1062,  242,  675,  986,  835,  220,  395,  507,  781,  868,  363,  398,  798,    0,  778,  883,  935,  210,  693,  565,  465,  321, 1030,  452,  628,  554,  502,  648,  251],
        [  684,  684,  118,  396,  438,  706,  397,  391,  364,  790,  405,  704,  831,  386,  544,  113,  473,  403,  244,  509,  671,  491,  807,  297,  126,  297,  734,  371,  595,  124,  150,  451,  305,  153,  165,  739,  663,  336,  319,  272,  808,  236,  561,  781,  492,  100,  276,   96,  459,  503,  612,  573,  581,  293,  336,  407,  717,  758,  679,  295,  111,  515,  681,  126,  778,    0,  294,  164,  600,  468,  469,  761,  464,  290,  586,  532,  228,  339,  254,  699],
        [  847,  847,  376,  234,  371,  756,  240,  648,  618,  992,  696,  945, 1044,  175,  730,  245,  309,  110,  534,  762,  743,  329, 1011,  501,  368,  400,  651,  264,  816,  188,  327,  470,  387,  237,  457,  825,  538,  611,  522,   76,  713,  244,  842,  798,  664,  210,  393,  389,  686,  793,  550,  850,  747,  212,  591,  156,  892,  721,  927,  110,  223,  721,  904,  417,  883,  294,    0,  352,  677,  754,  733,  696,  619,  222,  824,  400,  382,  571,  531,  723],
        [  830,  830,   86,  520,  589,  869,  523,  498,  475,  917,  391,  809,  952,  492,  685,  268,  601,  457,  244,  611,  833,  620,  932,  444,  278,  460,  888,  509,  718,  250,  313,  613,  468,  306,  238,  900,  808,  424,  464,  296,  961,  386,  622,  945,  640,  233,  440,  164,  585,  479,  768,  511,  728,  430,  244,  497,  858,  918,  779,  399,  136,  648,  799,  165,  935,  164,  352,    0,  762,  524,  561,  919,  618,  228,  697,  672,  390,  469,  349,  862],
        [  260,  260,  695,  502,  349,  115,  494,  459,  445,  449,  771,  529,  515,  568,  264,  516,  487,  719,  691,  476,   72,  482,  470,  350,  488,  307,  365,  441,  391,  566,  451,  213,  308,  490,  591,  149,  429,  524,  339,  725,  425,  441,  646,  214,  226,  566,  326,  621,  370,  846,  295,  972,  219,  466,  851,  626,  314,  287,  539,  573,  680,  319,  445,  642,  210,  600,  677,  762,    0,  630,  510,  343,  197,  834,  450,  429,  373,  386,  522,  144],
        [  517,  517,  443,  775,  725,  739,  772,  176,  198,  501,  215,  336,  508,  796,  394,  517,  829,  858,  286,  183,  679,  840,  508,  344,  393,  499,  941,  722,  325,  567,  452,  638,  525,  539,  306,  701,  935,  152,  338,  739, 1014,  591,   98,  842,  407,  545,  483,  386,  264,  243,  828,  376,  454,  667,  404,  835,  513,  901,  300,  723,  571,  331,  370,  369,  693,  468,  754,  524,  630,    0,  128,  940,  435,  737,  268,  845,  444,  269,  225,  773],
        [  390,  390,  475,  716,  644,  617,  712,   88,  119,  391,  326,  250,  409,  747,  267,  489,  761,  830,  347,   62,  556,  770,  401,  266,  367,  422,  836,  657,  203,  547,  412,  542,  448,  503,  325,  575,  842,  138,  253,  731,  907,  539,  143,  720,  286,  527,  410,  404,  141,  368,  728,  501,  327,  613,  491,  792,  389,  788,  219,  684,  578,  204,  261,  397,  565,  469,  733,  561,  510,  128,    0,  831,  319,  754,  154,  765,  382,  184,  217,  654],
        [  591,  591,  876,  465,  337,  285,  458,  765,  745,  778, 1044,  871,  844,  532,  604,  652,  400,  685,  929,  806,  338,  382,  798,  613,  688,  491,   58,  437,  732,  675,  626,  325,  473,  614,  819,  392,  194,  812,  612,  766,   84,  534,  971,  221,  556,  688,  513,  819,  695, 1130,  152, 1246,  561,  507, 1074,  577,  643,   72,  881,  589,  801,  655,  787,  847,  465,  761,  696,  919,  343,  940,  831,    0,  514,  905,  790,  306,  569,  676,  785,  220],
        [  230,  230,  541,  506,  386,  309,  500,  263,  249,  382,  577,  393,  440,  560,  123,  408,  523,  688,  509,  292,  253,  526,  402,  177,  341,  220,  523,  441,  245,  467,  326,  255,  237,  394,  418,  298,  548,  329,  159,  650,  592,  377,  458,  410,   54,  459,  227,  463,  181,  650,  423,  777,  128,  432,  671,  615,  273,  469,  392,  532,  561,  151,  323,  478,  321,  464,  619,  618,  197,  435,  319,  514,    0,  732,  289,  498,  250,  193,  335,  339],
        [  959,  959,  297,  451,  571,  927,  456,  679,  653, 1076,  618,  993, 1119,  396,  824,  326,  529,  296,  466,  797,  904,  549, 1093,  578,  410,  531,  864,  469,  883,  270,  407,  645,  527,  346,  434,  981,  757,  618,  600,  147,  929,  398,  833,  983,  768,  274,  516,  353,  748,  705,  755,  730,  856,  401,  461,  376,  997,  923,  967,  319,  180,  800,  970,  368, 1030,  290,  222,  228,  834,  737,  754,  905,  732,    0,  875,  617,  483,  627,  537,  904],
        [  266,  266,  611,  765,  666,  541,  761,  200,  224,  238,  477,  122,  258,  808,  186,  583,  796,  912,  497,   93,  479,  801,  248,  325,  470,  463,  805,  702,   67,  644,  498,  542,  487,  587,  460,  477,  836,  279,  306,  833,  870,  605,  230,  645,  239,  627,  457,  535,  140,  510,  710,  642,  237,  673,  644,  859,  251,  736,  108,  759,  696,  139,  108,  533,  452,  586,  824,  697,  450,  268,  154,  790,  289,  875,    0,  782,  448,  255,  348,  590],
        [  676,  676,  649,  167,  121,  456,  161,  682,  654,  859,  888,  891,  923,  229,  619,  420,   95,  380,  746,  762,  474,   77,  880,  503,  500,  347,  256,  163,  743,  423,  430,  245,  321,  381,  637,  555,  140,  697,  513,  473,  314,  299,  904,  457,  552,  441,  363,  611,  654,  984,  178, 1080,  602,  243,  866,  272,  730,  345,  887,  298,  542,  646,  820,  642,  628,  532,  400,  672,  429,  845,  765,  306,  498,  617,  782,    0,  407,  584,  643,  402],
        [  478,  478,  326,  335,  290,  481,  332,  295,  264,  612,  488,  569,  662,  367,  351,  158,  386,  465,  361,  397,  444,  397,  631,  123,  122,   79,  552,  279,  435,  218,   79,  246,   98,  148,  250,  513,  513,  293,  143,  404,  628,  159,  513,  560,  288,  210,   57,  258,  308,  581,  430,  686,  375,  232,  506,  414,  519,  554,  553,  312,  315,  340,  523,  283,  554,  228,  382,  390,  373,  444,  382,  569,  250,  483,  448,  407,    0,  202,  237,  478],
        [  367,  367,  386,  534,  463,  501,  530,   99,   72,  452,  385,  376,  493,  568,  220,  329,  578,  662,  322,  196,  446,  587,  468,   83,  218,  239,  674,  475,  257,  389,  244,  369,  265,  334,  244,  488,  668,  139,   71,  579,  748,  360,  321,  599,  190,  373,  227,  306,  121,  462,  560,  586,  271,  433,  485,  615,  391,  641,  357,  511,  448,  180,  343,  312,  502,  339,  571,  469,  386,  269,  184,  676,  193,  627,  255,  584,  202,    0,  146,  524],
