{
    "name": "random-48-29764",
    "comment": "size=48 seed=29764",
    "nodes": ["+0", "-0", "+1", "-1", "+2", "-2", "+3", "-3", "+4", "-4", "+5", "-5", "+6", "-6", "+7", "-7", "+8", "-8", "+9", "-9", "+10", "-10", "+11", "-11", "+12", "-12", "+13", "-13", "+14", "-14", "+15", "-15", "+16", "-16", "+17", "-17", "+18", "-18", "+19", "-19", "+20", "-20", "+21", "-21", "+22", "-22", "+23", "-23", "+24", "-24", "+25", "-25", "+26", "-26", "+27", "-27", "+28", "-28", "+29", "-29", "+30", "-30", "+31", "-31", "+32", "-32", "+33", "-33", "+34", "-34", "+35", "-35", "+36", "-36", "+37", "-37", "+38", "-38", "+39", "-39", "+40", "-40", "+41", "-41", "+42", "-42", "+43", "-43", "+44", "-44", "+45", "-45", "+46", "-46", "+47", "-47", "+48", "-48"],
    "precedence": {
        "+0": "-0",
        "+1": "-1",
        "+2": "-2",
        "+3": "-3",
        "+4": "-4",
        "+5": "-5",
        "+6": "-6",
        "+7": "-7",
        "+8": "-8",
        "+9": "-9",
        "+10": "-10",
        "+11": "-11",
        "+12": "-12",
        "+13": "-13",
        "+14": "-14",
        "+15": "-15",
        "+16": "-16",
        "+17": "-17",
        "+18": "-18",
        "+19": "-19",
        "+20": "-20",
        "+21": "-21",
        "+22": "-22",
        "+23": "-23",
        "+24": "-24",
        "+25": "-25",
        "+26": "-26",
        "+27": "-27",
        "+28": "-28",
        "+29": "-29",
        "+30": "-30",
        "+31": "-31",
        "+32": "-32",
        "+33": "-33",
        "+34": "-34",
        "+35": "-35",
        "+36": "-36",
        "+37": "-37",
        "+38": "-38",
        "+39": "-39",
        "+40": "-40",
        "+41": "-41",
        "+42": "-42",
        "+43": "-43",
        "+44": "-44",
        "+45": "-45",
        "+46": "-46",
        "+47": "-47",
        "+48": "-48"
    },
    "edges": [
        [    0,    0,  513,  279,  433,  286,  281,  179,  594,  542,  645,  409,  791,  650,  412,  259,  217,  246,  696,  309,  592,  582,  489,  579,  742,  208,  511,  498,  718,  773,  249,  182,  470,  582,  592,  156,  634,  195,  250,  118,  640,  403,  346,  395,  374,  105,  403,  490,  476,  387,  499,  808,  243,   81,  585,  391,  291,  454,  581,  119,   37,  790,  318,  247,  417,  454,  461,  636,  762,  530,  564,  860,  336,  667,  306,  656,  153,  682,  734,  446,  186,  403,  221,  866,  666,  265,  536,  712,  665,  546,  661,  510,  465,  779,  266,  384,  392,  322],
        [    0,    0,    0,    0,    0,    0,    0,    0,    0,    0,    0,    0,    0,    0,    0,    0,    0,    0,    0,    0,    0,    0,    0,    0,    0,    0,    0,    0,    0,    0,    0,    0,    0,    0,    0,    0,    0,    0,    0,    0,    0,    0,    0,    0,    0,    0,    0,    0,    0,    0,    0,    0,    0,    0,    0,    0,    0,    0,    0,    0,    0,    0,    0,    0,    0,    0,    0,    0,    0,    0,    0,    0,    0,    0,    0,    0,    0,    0,    0,    0,    0,    0,    0,    0,    0,    0,    0,    0,    0,    0,    0,    0,    0,    0,    0,    0,    0,    0],
        [  513,    0,    0,  790,  193,  343,  244,  651,  578,  886,  958,  773,  611,  919,  914,  264,  426,  403,  828,  764,  232,  959,  664,  457,  570,  721,  162,  955,  553,  803,  474,  639,  225,  710,  988,  391,  593,  580,  586,  405,  672,  258,  242,  119,  264,  413,  654,  871,  661,  900,  928, 1071,  620,  534,  874,  813,  791,  316,  280,  562,  525,  674,  790,  288,  168,  876,  936,  712,  824,   18,  666,  616,  848, 1029,  818,  977,  643,  401, 1061,  688,  685,  404,  724,  639,  536,  766,  729,  723,  836,  299,  669,  965,  181,  542,  678,  169,  679,  598],
        [  279,    0,  790,    0,  691,  519,  558,  220,  785,  529,  635,  423, 1010,  675,  148,  531,  453,  461,  800,  257,  862,  526,  617,  807,  963,   76,  785,  359,  940,  916,  457,  202,  738,  711,  514,  424,  827,  330,  382,  394,  803,  648,  603,  672,  640,  383,  515,  456,  603,  112,  402,  810,  344,  285,  608,  344,   77,  707,  823,  252,  274,  989,  227,  523,  681,  381,  301,  780,  892,  807,  710, 1092,   60,  609,   60,  638,  197,  935,  697,  548,  121,  633,  131, 1093,  883,   73,  640,  872,  753,  781,  830,  372,  738, 1014,  310,  661,  482,  455],
        [  433,    0,  193,  691,    0,  183,  247,  600,  697,  904,  990,  778,  776,  967,  796,  186,  435,  248,  917,  726,  413,  965,  729,  595,  730,  631,  328,  920,  711,  922,  493,  513,  364,  794,  986,  364,  720,  560,  585,  354,  784,   68,   89,  147,  352,  354,  692,  872,  722,  802,  909, 1125,  607,  480,  912,  794,  675,  436,  162,  443,  457,  826,  744,  287,   37,  859,  889,  813,  935,  206,  755,  794,  750, 1044,  730, 1007,  581,  577, 1090,  732,  575,  492,  654,  814,  684,  652,  793,  843,  914,  147,  787,  932,  323,  715,  656,  253,  706,  621],
        [  286,    0,  343,  519,  183,    0,  239,  463,  709,  807,  904,  675,  839,  894,  617,  136,  369,   65,  888,  593,  522,  857,  684,  637,  791,  465,  430,  783,  769,  924,  427,  333,  435,  764,  871,  278,  740,  451,  491,  247,  783,  130,  104,  242,  379,  239,  624,  764,  675,  629,  782, 1054,  501,  350,  833,  672,  497,  476,  305,  268,  317,  871,  603,  255,  187,  736,  745,  799,  926,  359,  733,  878,  578,  940,  563,  918,  437,  667,  999,  667,  400,  492,  500,  893,  730,  475,  744,  850,  872,  265,  793,  795,  404,  796,  539,  312,  628,  545],
        [  281,    0,  244,  558,  247,  239,    0,  408,  474,  665,  748,  544,  603,  721,  691,  104,  195,  269,  675,  521,  323,  732,  483,  398,  554,  486,  236,  713,  532,  694,  250,  433,  212,  551,  757,  148,  504,  340,  353,  166,  553,  264,  197,  137,  142,  176,  447,  641,  476,  666,  691,  879,  382,  291,  668,  575,  569,  239,  406,  354,  287,  633,  547,   46,  214,  639,  692,  576,  701,  260,  515,  648,  615,  807,  581,  765,  400,  444,  849,  486,  463,  259,  483,  661,  491,  543,  547,  618,  669,  393,  561,  724,  194,  565,  438,  105,  464,  379],
        [  179,    0,  651,  220,  600,  463,  408,    0,  566,  380,  487,  252,  793,  506,  366,  418,  256,  423,  597,  131,  679,  410,  403,  593,  746,  152,  611,  322,  724,  703,  246,  273,  553,  499,  417,  261,  608,  112,  163,  251,  585,  577,  516,  539,  454,  248,  303,  321,  389,  299,  321,  657,  127,  121,  438,  215,  276,  508,  753,  255,  147,  770,  144,  365,  580,  277,  290,  566,  681,  667,  494,  877,  257,  496,  209,  496,   37,  731,  570,  340,  214,  423,   95,  877,  667,  256,  434,  655,  555,  721,  612,  334,  562,  801,  110,  499,  276,  237],
        [  594,    0,  578,  785,  697,  709,  474,  566,    0,  499,  515,  464,  242,  443,  932,  575,  382,  725,  272,  583,  402,  587,  220,  138,  206,  715,  423,  702,  188,  227,  347,  774,  354,  186,  631,  467,   42,  456,  404,  513,   97,  730,  668,  552,  346,  529,  304,  534,  231,  857,  637,  559,  445,  533,  432,  559,  837,  265,  839,  712,  569,  204,  625,  454,  660,  594,  722,  150,  247,  582,  144,  342,  821,  619,  771,  536,  591,  306,  605,  297,  753,  217,  658,  332,  134,  814,  257,  147,  303,  841,   92,  704,  397,  287,  492,  445,  347,  336],
        [  542,    0,  886,  529,  904,  807,  665,  380,  499,    0,  108,  133,  734,  154,  640,  722,  471,  781,  347,  276,  813,   88,  283,  606,  703,  495,  783,  252,  686,  501,  416,  649,  707,  328,  132,  542,  532,  356,  320,  563,  451,  899,  832,  799,  629,  569,  239,   76,  275,  537,  176,  282,  306,  464,   97,  186,  604,  623, 1064,  634,  506,  668,  303,  621,  875,  161,  299,  399,  459,  898,  361,  838,  528,  144,  482,  116,  416,  782,  193,  218,  579,  512,  416,  824,  632,  593,  245,  497,  286, 1042,  483,  247,  736,  786,  277,  718,  208,  289],
        [  645,    0,  958,  635,  990,  904,  748,  487,  515,  108,    0,  237,  736,   85,  741,  812,  556,  881,  309,  384,  863,  133,  315,  635,  711,  602,  844,  334,  697,  467,  498,  756,  766,  330,  174,  633,  541,  455,  413,  657,  449,  990,  923,  878,  697,  665,  305,  179,  313,  637,  260,  175,  405,  566,   87,  292,  710,  677, 1151,  740,  608,  659,  409,  705,  960,  259,  388,  391,  420,  969,  372,  841,  632,  113,  586,   22,  523,  812,  103,  272,  687,  569,  523,  824,  647,  700,  261,  480,  249, 1132,  479,  326,  799,  798,  382,  791,  285,  370],
        [  409,    0,  773,  423,  778,  675,  544,  252,  464,  133,  237,    0,  706,  256,  549,  594,  351,  648,  389,  167,  723,  188,  248,  547,  668,  379,  683,  238,  649,  525,  300,  523,  610,  326,  215,  415,  502,  225,  193,  432,  441,  771,  704,  679,  524,  438,  164,   98,  236,  452,  179,  405,  174,  332,  189,  101,  496,  533,  938,  504,  373,  654,  204,  499,  750,  131,  261,  401,  492,  786,  343,  805,  433,  267,  383,  247,  289,  717,  326,  169,  458,  424,  301,  796,  591,  482,  243,  500,  336,  914,  473,  241,  635,  743,  145,  606,  121,  181],
        [  791,    0,  611, 1010,  776,  839,  603,  793,  242,  734,  736,  706,    0,  657, 1157,  705,  576,  871,  449,  821,  385,  821,  460,  213,   50,  937,  453,  943,   73,  321,  556,  972,  414,  409,  866,  645,  205,  681,  634,  692,  287,  825,  774,  633,  462,  709,  545,  773,  471, 1088,  878,  745,  676,  741,  659,  800, 1055,  365,  891,  903,  771,   99,  863,  600,  741,  835,  963,  346,  366,  608,  374,  105, 1049,  845, 1000,  756,  814,  219,  818,  538,  964,  389,  887,   91,  127, 1031,  489,  267,  499,  906,  257,  945,  454,   94,  728,  535,  589,  572],
        [  650,    0,  919,  675,  967,  894,  721,  506,  443,  154,   85,  256,  657,    0,  791,  793,  535,  877,  225,  418,  808,  209,  260,  569,  634,  634,  795,  401,  622,  383,  475,  778,  718,  257,  252,  619,  467,  456,  407,  648,  372,  972,  904,  846,  656,  657,  275,  229,  261,  689,  326,  161,  408,  570,   68,  333,  749,  626, 1127,  753,  614,  578,  450,  680,  935,  314,  451,  312,  336,  929,  301,  762,  678,  196,  630,  103,  543,  746,  163,  235,  714,  521,  555,  745,  574,  736,  199,  399,  165, 1110,  401,  395,  753,  723,  397,  754,  267,  351],
        [  412,    0,  914,  148,  796,  617,  691,  366,  932,  640,  741,  549, 1157,  791,    0,  651,  598,  554,  934,  383, 1002,  621,  757,  954, 1110,  222,  922,  430, 1087, 1056,  604,  284,  878,  850,  600,  563,  973,  477,  528,  529,  946,  746,  709,  795,  781,  516,  655,  565,  743,  106,  490,  914,  489,  429,  726,  459,  124,  852,  915,  355,  413, 1135,  345,  658,  791,  482,  369,  921, 1029,  931,  852, 1239,  116,  698,  168,  741,  344, 1080,  791,  685,  230,  780,  274, 1240, 1030,  149,  776, 1015,  883,  869,  974,  442,  875, 1161,  450,  795,  620,  599],
        [  259,    0,  264,  531,  186,  136,  104,  418,  575,  722,  812,  594,  705,  793,  651,    0,  259,  170,  766,  542,  403,  781,  568,  501,  656,  464,  311,  736,  634,  793,  318,  376,  305,  642,  802,  180,  606,  375,  402,  169,  652,  180,  112,  146,  244,  170,  519,  688,  559,  641,  724,  953,  423,  297,  736,  609,  527,  341,  345,  299,  278,  736,  561,  124,  163,  674,  707,  672,  798,  281,  608,  746,  589,  861,  563,  827,  401,  538,  911,  560,  422,  359,  478,  761,  594,  503,  630,  718,  755,  321,  662,  748,  279,  663,  471,  185,  529,  444],
        [  217,    0,  426,  453,  435,  369,  195,  256,  382,  471,  556,  351,  576,  535,  598,  259,    0,  366,  521,  347,  424,  538,  316,  365,  527,  377,  361,  533,  503,  575,   60,  398,  299,  399,  564,   94,  420,  161,  161,  137,  436,  438,  370,  329,  200,  152,  261,  447,  306,  547,  503,  694,  195,  170,  479,  388,  487,  256,  596,  332,  196,  575,  379,  150,  405,  450,  520,  442,  570,  440,  372,  648,  501,  613,  458,  573,  263,  483,  656,  302,  390,  188,  346,  652,  450,  462,  375,  507,  504,  577,  453,  542,  310,  568,  254,  261,  272,  187],
        [  246,    0,  403,  461,  248,   65,  269,  423,  725,  781,  881,  648,  871,  877,  554,  170,  366,    0,  887,  554,  570,  825,  680,  663,  821,  411,  478,  739,  799,  934,  422,  271,  475,  764,  837,  273,  758,  426,  471,  234,  793,  193,  167,  296,  409,  223,  613,  733,  670,  570,  744, 1037,  476,  318,  814,  636,  435,  506,  363,  209,  280,  896,  560,  274,  250,  699,  698,  805,  933,  419,  736,  915,  519,  910,  507,  894,  395,  708,  974,  656,  341,  509,  451,  929,  757,  413,  737,  862,  867,  321,  806,  752,  448,  832,  508,  354,  612,  531],
        [  696,    0,  828,  800,  917,  888,  675,  597,  272,  347,  309,  389,  449,  225,  934,  766,  521,  887,    0,  552,  671,  422,  209,  410,  434,  744,  682,  595,  425,  158,  466,  855,  607,  125,  468,  614,  281,  511,  452,  654,  179,  938,  871,  780,  573,  668,  297,  411,  221,  840,  520,  298,  474,  619,  253,  488,  867,  514, 1071,  812,  662,  362,  591,  643,  882,  493,  635,  123,  113,  834,  163,  552,  818,  421,  767,  328,  631,  574,  376,  258,  809,  429,  671,  532,  386,  849,  163,  183,   62, 1064,  201,  592,  649,  524,  492,  677,  322,  376],
        [  309,    0,  764,  257,  726,  593,  521,  131,  583,  276,  384,  167,  821,  418,  383,  542,  347,  554,  552,    0,  764,  289,  386,  637,  778,  219,  706,  195,  757,  679,  317,  379,  641,  475,  291,  375,  623,  187,  204,  374,  580,  705,  644,  655,  545,  373,  286,  207,  372,  289,  191,  558,  160,  247,  352,   94,  331,  582,  881,  377,  277,  783,   43,  476,  704,  150,  174,  548,  649,  779,  483,  914,  267,  376,  217,  389,  160,  793,  456,  309,  305,  483,  140,  909,  699,  318,  397,  645,  501,  850,  610,  206,  656,  844,   99,  604,  246,  250],
        [  592,    0,  232,  862,  413,  522,  323,  679,  402,  813,  863,  723,  385,  808, 1002,  403,  424,  570,  671,  764,    0,  895,  550,  266,  347,  787,   93,  940,  333,  615,  448,  754,  126,  567,  932,  439,  406,  581,  563,  474,  499,  471,  434,  285,  225,  488,  574,  817,  551,  964,  897,  945,  606,  579,  777,  789,  882,  191,  510,  676,  589,  457,  799,  347,  381,  845,  935,  549,  643,  226,  521,  386,  915,  952,  876,  884,  683,  170,  963,  597,  777,  302,  767,  408,  327,  857,  610,  535,  694,  530,  488,  947,  129,  311,  667,  221,  610,  545],
        [  582,    0,  959,  526,  965,  857,  732,  410,  587,   88,  133,  188,  821,  209,  621,  781,  538,  825,  422,  289,  895,    0,  370,  692,  790,  503,  862,  202,  774,  579,  486,  668,  787,  414,   47,  602,  619,  408,  381,  617,  537,  956,  890,  867,  706,  621,  321,   94,  362,  516,  132,  296,  359,  508,  171,  197,  602,  704, 1125,  663,  546,  753,  305,  687,  937,  145,  259,  483,  535,  972,  447,  924,  515,   87,  473,  126,  444,  868,  172,  304,  593,  594,  427,  911,  720,  595,  332,  580,  361, 1100,  568,  194,  815,  873,  318,  791,  286,  362],
        [  489,    0,  664,  617,  729,  684,  483,  403,  220,  283,  315,  248,  460,  260,  757,  568,  316,  680,  209,  386,  550,  370,    0,  325,  425,  554,  536,  485,  407,  300,  259,  652,  458,   96,  413,  408,  256,  308,  249,  447,  196,  744,  676,  600,  401,  460,  102,  314,   15,  672,  418,  407,  277,  413,  229,  347,  679,  367,  887,  606,  456,  406,  428,  447,  695,  376,  509,  164,  279,  673,   98,  562,  642,  411,  591,  336,  435,  502,  414,   80,  611,  262,  486,  551,  352,  659,   66,  260,  188,  875,  226,  486,  495,  506,  308,  502,  141,  171],
        [  579,    0,  457,  807,  595,  637,  398,  593,  138,  606,  635,  547,  213,  569,  954,  501,  365,  663,  410,  637,  266,  692,  325,    0,  164,  732,  297,  782,  140,  351,  351,  760,  235,  316,  734,  433,  141,  482,  440,  479,  234,  637,  580,  449,  258,  496,  383,  628,  331,  891,  724,  694,  484,  532,  550,  632,  848,  163,  728,  690,  560,  236,  678,  391,  559,  676,  793,  287,  378,  459,  270,  286,  849,  735,  802,  656,  611,  178,  730,  391,  754,  177,  687,  288,   94,  824,  375,  271,  438,  735,  223,  786,  280,  209,  540,  344,  426,  389],
        [  742,    0,  570,  963,  730,  791,  554,  746,  206,  703,  711,  668,   50,  634, 1110,  656,  527,  821,  434,  778,  347,  790,  425,  164,    0,  890,  410,  906,   24,  319,  509,  923,  368,  381,  834,  596,  172,  635,  588,  642,  264,  779,  726,  587,  413,  659,  506,  739,  436, 1043,  842,  731,  632,  693,  632,  761, 1007,  315,  849,  853,  722,  114,  820,  550,  695,  798,  924,  324,  361,  568,  343,  137, 1003,  818,  955,  731,  767,  187,  796,  502,  915,  340,  841,  131,   81,  983,  459,  256,  480,  862,  236,  908,  408,   91,  684,  487,  550,  529],
        [  208,    0,  721,   76,  631,  465,  486,  152,  715,  495,  602,  379,  937,  634,  222,  464,  377,  411,  744,  219,  787,  503,  554,  732,  890,    0,  711,  358,  867,  854,  382,  175,  663,  649,  498,  349,  756,  259,  314,  321,  737,  592,  543,  603,  564,  310,  453,  425,  540,  180,  389,  776,  278,  210,  567,  311,  125,  632,  769,  204,  200,  918,  199,  449,  618,  359,  307,  717,  831,  738,  646, 1017,  129,  589,  100,  607,  124,  859,  673,  488,   92,  558,   79, 1019,  810,  106,  582,  807,  699,  729,  763,  372,  663,  940,  252,  588,  423,  388],
        [  511,    0,  162,  785,  328,  430,  236,  611,  423,  783,  844,  683,  453,  795,  922,  311,  361,  478,  682,  706,   93,  862,  536,  297,  410,  711,    0,  889,  392,  646,  394,  668,   78,  569,  896,  362,  435,  521,  511,  393,  519,  384,  344,  194,  163,  406,  545,  779,  535,  889,  851,  940,  551,  506,  757,  739,  801,  171,  440,  589,  511,  513,  739,  264,  295,  798,  879,  563,  669,  162,  524,  466,  840,  925,  802,  863,  612,  249,  945,  573,  695,  276,  697,  486,  374,  775,  600,  565,  697,  454,  514,  897,   51,  388,  612,  131,  577,  503],
        [  498,    0,  955,  359,  920,  783,  713,  322,  702,  252,  334,  238,  943,  401,  430,  736,  533,  739,  595,  195,  940,  202,  485,  782,  906,  358,  889,    0,  886,  744,  496,  533,  820,  555,  173,  569,  739,  375,  379,  568,  675,  898,  837,  848,  727,  567,  401,  185,  473,  325,   77,  497,  339,  441,  349,  153,  433,  752, 1074,  549,  468,  889,  180,  668,  899,  109,   62,  629,  705,  970,  577, 1043,  335,  271,  301,  328,  346,  949,  365,  406,  450,  647,  294, 1034,  829,  431,  469,  729,  535, 1042,  706,   14,  839,  981,  279,  793,  358,  401],
        [  718,    0,  553,  940,  711,  769,  532,  724,  188,  686,  697,  649,   73,  622, 1087,  634,  503,  799,  425,  757,  333,  774,  407,  140,   24,  867,  392,  886,    0,  317,  486,  900,  348,  367,  818,  572,  157,  612,  566,  619,  252,  759,  706,  567,  391,  636,  486,  721,  417, 1020,  824,  722,  610,  670,  617,  741,  984,  293,  832,  830,  699,  124,  799,  528,  676,  779,  903,  312,  358,  552,  328,  157,  981,  804,  932,  718,  744,  178,  784,  483,  892,  316,  818,  153,   59,  960,  443,  250,  470,  844,  225,  889,  389,  102,  662,  467,  530,  507],
        [  773,    0,  803,  916,  922,  924,  694,  703,  227,  501,  467,  525,  321,  383, 1056,  793,  575,  934,  158,  679,  615,  579,  300,  351,  319,  854,  646,  744,  317,    0,  528,  945,  579,  206,  625,  666,  211,  605,  546,  711,  142,  954,  890,  778,  571,  726,  402,  560,  315,  968,  670,  437,  577,  702,  408,  626,  978,  492, 1066,  892,  743,  225,  720,  670,  886,  639,  780,  139,   50,  807,  212,  419,  941,  579,  889,  485,  734,  487,  531,  371,  909,  436,  786,  395,  296,  959,  284,   81,  220, 1067,  136,  742,  623,  407,  607,  672,  437,  468],
        [  249,    0,  474,  457,  493,  427,  250,  246,  347,  416,  498,  300,  556,  475,  604,  318,   60,  422,  466,  317,  448,  486,  259,  351,  509,  382,  394,  496,  486,  528,    0,  428,  326,  345,  514,  150,  387,  138,  118,  189,  392,  497,  429,  383,  232,  202,  201,  397,  249,  544,  459,  635,  159,  188,  420,  347,  499,  267,  654,  368,  223,  546,  353,  207,  462,  407,  488,  393,  520,  488,  321,  636,  500,  559,  454,  515,  261,  486,  599,  243,  409,  178,  340,  637,  430,  475,  317,  464,  446,  636,  412,  504,  344,  558,  220,  307,  214,  129],
        [  182,    0,  639,  202,  513,  333,  433,  273,  774,  649,  756,  523,  972,  778,  284,  376,  398,  271,  855,  379,  754,  668,  652,  760,  923,  175,  668,  533,  900,  945,  428,    0,  637,  747,  667,  332,  814,  345,  405,  288,  815,  463,  426,  522,  546,  272,  559,  585,  639,  305,  560,  928,  384,  244,  710,  473,  165,  631,  633,   79,  206,  971,  367,  409,  508,  526,  481,  807,  930,  657,  734, 1040,  257,  755,  256,  764,  236,  857,  834,  600,   85,  584,  244, 1047,  847,  145,  693,  887,  819,  589,  837,  547,  626,  959,  382,  538,  539,  482],
        [  470,    0,  225,  738,  364,  435,  212,  553,  354,  707,  766,  610,  414,  718,  878,  305,  299,  475,  607,  641,  126,  787,  458,  235,  368,  663,   78,  820,  348,  579,  326,  637,    0,  493,  821,  316,  369,  457,  442,  353,  448,  412,  361,  220,  100,  368,  468,  705,  458,  839,  780,  863,  484,  455,  680,  670,  760,   94,  493,  559,  466,  463,  675,  229,  329,  727,  813,  490,  599,  229,  448,  444,  790,  848,  751,  786,  558,  234,  867,  495,  656,  198,  642,  461,  321,  734,  522,  498,  620,  500,  445,  828,   45,  362,  545,  124,  501,  430],
        [  582,    0,  710,  711,  794,  764,  551,  499,  186,  328,  330,  326,  409,  257,  850,  642,  399,  764,  125,  475,  567,  414,   96,  316,  381,  649,  569,  555,  367,  206,  345,  747,  493,    0,  459,  492,  211,  404,  344,  533,  124,  814,  747,  658,  452,  547,  196,  375,  110,  763,  484,  379,  373,  507,  251,  426,  773,  399,  948,  699,  549,  340,  516,  519,  759,  447,  585,   75,  184,  717,   47,  513,  735,  438,  683,  351,  531,  490,  419,  166,  707,  308,  580,  498,  318,  754,   86,  175,  128,  941,  155,  555,  533,  468,  401,  555,  231,  267],
        [  592,    0,  988,  514,  986,  871,  757,  417,  631,  132,  174,  215,  866,  252,  600,  802,  564,  837,  468,  291,  932,   47,  413,  734,  834,  498,  896,  173,  818,  625,  514,  667,  821,  459,    0,  623,  663,  427,  405,  636,  582,  975,  909,  893,  738,  639,  359,  118,  405,  494,  112,  327,  379,  522,  217,  202,  590,  741, 1146,  668,  558,  798,  300,  712,  960,  142,  233,  529,  581, 1001,  492,  969,  498,   99,  459,  163,  449,  910,  193,  344,  589,  630,  423,  956,  764,  584,  377,  626,  407, 1119,  614,  163,  848,  917,  333,  821,  322,  394],
        [  156,    0,  391,  424,  364,  278,  148,  261,  467,  542,  633,  415,  645,  619,  563,  180,   94,  273,  614,  375,  439,  602,  408,  433,  596,  349,  362,  569,  572,  666,  150,  332,  316,  492,  623,    0,  504,  198,  223,   48,  527,  358,  290,  281,  219,   64,  347,  509,  398,  527,  550,  779,  245,  146,  560,  434,  445,  300,  524,  259,  150,  653,  400,  105,  337,  499,  546,  534,  662,  407,  465,  709,  478,  681,  441,  649,  255,  527,  732,  390,  341,  260,  338,  717,  522,  419,  467,  597,  596,  500,  542,  579,  314,  627,  296,  242,  353,  268],
        [  634,    0,  593,  827,  720,  740,  504,  608,   42,  532,  541,  502,  205,  467,  973,  606,  420,  758,  281,  623,  406,  619,  256,  141,  172,  756,  435,  739,  157,  211,  387,  814,  369,  211,  663,  504,    0,  498,  445,  550,  102,  756,  695,  575,  371,  567,  343,  569,  267,  898,  674,  574,  486,  574,  461,  597,  878,  286,  860,  751,  609,  163,  666,  487,  684,  631,  760,  161,  238,  596,  172,  307,  862,  648,  812,  562,  633,  294,  629,  334,  794,  250,  700,  295,  108,  855,  288,  131,  319,  863,   84,  741,  414,  258,  533,  468,  386,  378],
        [  195,    0,  580,  330,  560,  451,  340,  112,  456,  356,  455,  225,  681,  456,  477,  375,  161,  426,  511,  187,  581,  408,  308,  482,  635,  259,  521,  375,  612,  605,  138,  345,  457,  404,  427,  198,  498,    0,   60,  210,  481,  549,  483,  475,  360,  214,  214,  315,  295,  410,  352,  615,   51,  115,  391,  236,  382,  404,  719,  305,  159,  660,  219,  294,  535,  301,  360,  466,  587,  595,  394,  765,  369,  490,  321,  469,  135,  623,  549,  256,  305,  314,  207,  765,  555,  360,  348,  552,  476,  693,  506,  385,  470,  690,   99,  419,  198,  137],
        [  250,    0,  586,  382,  585,  491,  353,  163,  404,  320,  413,  193,  634,  407,  528,  402,  161,  471,  452,  204,  563,  381,  249,  440,  588,  314,  511,  379,  566,  546,  118,  405,  442,  344,  405,  223,  445,   60,    0,  245,  424,  580,  513,  488,  349,  252,  156,  289,  235,  455,  344,  566,   45,  170,  344,  230,  437,  379,  746,  362,  214,  607,  242,  307,  557,  291,  372,  407,  527,  600,  335,  721,  417,  459,  368,  428,  191,  590,  510,  198,  364,  280,  255,  719,  508,  416,  290,  494,  417,  723,  450,  387,  461,  648,  105,  420,  143,   78],
        [  118,    0,  405,  394,  354,  247,  166,  251,  513,  563,  657,  432,  692,  648,  529,  169,  137,  234,  654,  374,  474,  617,  447,  479,  642,  321,  393,  568,  619,  711,  189,  288,  353,  533,  636,   48,  550,  210,  245,    0,  572,  340,  274,  290,  259,   17,  380,  524,  437,  501,  556,  808,  259,  131,  587,  441,  409,  343,  511,  214,  122,  700,  394,  129,  331,  506,  541,  578,  706,  421,  507,  755,  450,  699,  416,  672,  239,  570,  754,  423,  304,  307,  320,  763,  569,  383,  504,  642,  633,  484,  588,  579,  347,  673,  304,  267,  381,  299],
        [  640,    0,  672,  803,  784,  783,  553,  585,   97,  451,  449,  441,  287,  372,  946,  652,  436,  793,  179,  580,  499,  537,  196,  234,  264,  737,  519,  675,  252,  142,  392,  815,  448,  124,  582,  527,  102,  481,  424,  572,    0,  814,  749,  641,  432,  587,  295,  497,  209,  864,  605,  473,  460,  572,  373,  541,  861,  358,  930,  759,  611,  217,  622,  529,  748,  566,  702,   61,  152,  677,   99,  392,  832,  558,  781,  470,  614,  395,  533,  275,  785,  295,  673,  376,  209,  840,  208,   72,  219,  929,   32,  675,  492,  353,  498,  534,  336,  349],
        [  403,    0,  258,  648,   68,  130,  264,  577,  730,  899,  990,  771,  825,  972,  746,  180,  438,  193,  938,  705,  471,  956,  744,  637,  779,  592,  384,  898,  759,  954,  497,  463,  412,  814,  975,  358,  756,  549,  580,  340,  814,    0,   69,  193,  386,  337,  698,  863,  736,  759,  892, 1132,  598,  459,  915,  778,  627,  476,  178,  397,  431,  871,  719,  297,   92,  843,  863,  839,  963,  272,  778,  849,  707, 1037,  690, 1006,  555,  632, 1089,  739,  530,  519,  622,  868,  727,  605,  807,  876,  931,  145,  820,  910,  373,  769,  642,  293,  708,  623],
        [  346,    0,  242,  603,   89,  104,  197,  516,  668,  832,  923,  704,  774,  904,  709,  112,  370,  167,  871,  644,  434,  890,  676,  580,  726,  543,  344,  837,  706,  890,  429,  426,  361,  747,  909,  290,  695,  483,  513,  274,  749,   69,    0,  150,  325,  273,  630,  797,  668,  714,  828, 1063,  532,  397,  847,  714,  587,  418,  238,  356,  371,  815,  660,  229,   84,  779,  805,  773,  898,  257,  711,  803,  662,  970,  642,  938,  496,  588, 1021,  671,  487,  455,  567,  821,  672,  564,  738,  813,  863,  211,  756,  849,  325,  722,  578,  239,  640,  555],
        [  395,    0,  119,  672,  147,  242,  137,  539,  552,  799,  878,  679,  633,  846,  795,  146,  329,  296,  780,  655,  285,  867,  600,  449,  587,  603,  194,  848,  567,  778,  383,  522,  220,  658,  893,  281,  575,  475,  488,  290,  641,  193,  150,    0,  209,  297,  575,  776,  595,  781,  826, 1002,  518,  419,  796,  711,  672,  290,  291,  444,  409,  681,  680,  182,  110,  775,  826,  673,  792,  136,  618,  657,  730,  941,  701,  896,  528,  441,  979,  612,  566,  352,  609,  675,  538,  647,  665,  699,  781,  289,  643,  859,  180,  576,  573,  107,  595,  510],
        [  374,    0,  264,  640,  352,  379,  142,  454,  346,  629,  697,  524,  462,  656,  781,  244,  200,  409,  573,  545,  225,  706,  401,  258,  413,  564,  163,  727,  391,  571,  232,  546,  100,  452,  738,  219,  371,  360,  349,  259,  432,  386,  325,  209,    0,  274,  393,  620,  398,  740,  690,  807,  389,  356,  612,  578,  663,   98,  500,  469,  368,  493,  578,  143,  316,  637,  717,  464,  583,  274,  410,  510,  691,  772,  651,  716,  458,  313,  799,  425,  560,  145,  542,  522,  351,  638,  466,  492,  577,  497,  436,  735,  113,  426,  450,  104,  422,  345],
        [  105,    0,  413,  383,  354,  239,  176,  248,  529,  569,  665,  438,  709,  657,  516,  170,  152,  223,  668,  373,  488,  621,  460,  496,  659,  310,  406,  567,  636,  726,  202,  272,  368,  547,  639,   64,  567,  214,  252,   17,  587,  337,  273,  297,  274,    0,  390,  528,  449,  490,  556,  817,  264,  127,  595,  442,  395,  359,  510,  197,  113,  717,  391,  142,  333,  507,  538,  593,  720,  430,  522,  771,  439,  704,  406,  679,  233,  585,  760,  434,  290,  323,  313,  779,  586,  370,  516,  658,  645,  481,  604,  578,  361,  689,  306,  279,  390,  309],
        [  403,    0,  654,  515,  692,  624,  447,  303,  304,  239,  305,  164,  545,  275,  655,  519,  261,  613,  297,  286,  574,  321,  102,  383,  506,  453,  545,  401,  486,  402,  201,  559,  468,  196,  359,  347,  343,  214,  156,  380,  295,  698,  630,  575,  393,  390,    0,  247,   88,  570,  342,  434,  178,  325,  222,  256,  578,  384,  853,  517,  369,  500,  328,  406,  660,  294,  418,  266,  379,  665,  198,  643,  540,  381,  489,  323,  336,  555,  407,   44,  513,  273,  384,  635,  429,  558,  134,  361,  262,  836,  324,  405,  499,  580,  206,  487,   44,   83],
        [  490,    0,  871,  456,  872,  764,  641,  321,  534,   76,  179,   98,  773,  229,  565,  688,  447,  733,  411,  207,  817,   94,  314,  628,  739,  425,  779,  185,  721,  560,  397,  585,  705,  375,  118,  509,  569,  315,  289,  524,  497,  863,  797,  776,  620,  528,  247,    0,  304,  462,  110,  354,  266,  416,  169,  115,  532,  626, 1032,  575,  455,  713,  230,  596,  845,   86,  227,  449,  521,  884,  402,  875,  454,  178,  408,  183,  356,  802,  250,  239,  512,  516,  347,  864,  665,  522,  290,  548,  351, 1007,  529,  182,  731,  818,  226,  703,  208,  276],
        [  476,    0,  661,  603,  722,  675,  476,  389,  231,  275,  313,  236,  471,  261,  743,  559,  306,  670,  221,  372,  551,  362,   15,  331,  436,  540,  535,  473,  417,  315,  249,  639,  458,  110,  405,  398,  267,  295,  235,  437,  209,  736,  668,  595,  398,  449,   88,  304,    0,  658,  407,  410,  263,  400,  226,  334,  664,  367,  881,  593,  443,  419,  414,  439,  689,  364,  496,  179,  293,  670,  111,  572,  628,  406,  577,  333,  421,  508,  413,   68,  597,  261,  472,  562,  361,  645,   71,  274,  198,  869,  240,  475,  493,  515,  293,  498,  127,  158],
        [  387,    0,  900,  112,  802,  629,  666,  299,  857,  537,  637,  452, 1088,  689,  106,  641,  547,  570,  840,  289,  964,  516,  672,  891, 1043,  180,  889,  325, 1020,  968,  544,  305,  839,  763,  494,  527,  898,  410,  455,  501,  864,  759,  714,  781,  740,  490,  570,  462,  658,    0,  385,  809,  413,  385,  625,  359,  148,  802,  933,  362,  380, 1060,  249,  628,  792,  379,  264,  835,  938,  917,  768, 1174,   53,  592,   90,  637,  285, 1028,  685,  597,  230,  721,  204, 1173,  963,  163,  686,  931,  788,  890,  893,  337,  841, 1099,  367,  767,  532,  521],
        [  499,    0,  928,  402,  909,  782,  691,  321,  637,  176,  260,  179,  878,  326,  490,  724,  503,  744,  520,  191,  897,  132,  418,  724,  842,  389,  851,   77,  824,  670,  459,  560,  780,  484,  112,  550,  674,  352,  344,  556,  605,  892,  828,  826,  690,  556,  342,  110,  407,  385,    0,  428,  309,  434,  273,  116,  478,  707, 1066,  565,  466,  821,  193,  645,  885,   53,  128,  558,  630,  943,  509,  979,  387,  209,  347,  256,  351,  895,  301,  341,  480,  599,  316,  969,  767,  473,  399,  658,  460, 1036,  637,   73,  802,  919,  254,  763,  299,  353],
        [  808,    0, 1071,  810, 1125, 1054,  879,  657,  559,  282,  175,  405,  745,  161,  914,  953,  694, 1037,  298,  558,  945,  296,  407,  694,  731,  776,  940,  497,  722,  437,  635,  928,  863,  379,  327,  779,  574,  615,  566,  808,  473, 1132, 1063, 1002,  807,  817,  434,  354,  410,  809,  428,    0,  565,  728,  224,  467,  885,  770, 1285,  908,  771,  656,  584,  839, 1093,  432,  555,  414,  388, 1080,  425,  848,  806,  234,  760,  174,  694,  865,  143,  394,  860,  668,  698,  827,  681,  875,  342,  479,  256, 1269,  498,  488,  901,  821,  549,  908,  427,  511],
        [  243,    0,  620,  344,  607,  501,  382,  127,  445,  306,  405,  174,  676,  408,  489,  423,  195,  476,  474,  160,  606,  359,  277,  484,  632,  278,  551,  339,  610,  577,  159,  384,  484,  373,  379,  245,  486,   51,   45,  259,  460,  598,  532,  518,  389,  264,  178,  266,  263,  413,  309,  565,    0,  163,  342,  194,  403,  423,  767,  349,  206,  648,  198,  336,  581,  257,  330,  439,  556,  634,  368,  765,  377,  440,  326,  418,  159,  635,  499,  217,  335,  325,  215,  762,  552,  382,  311,  529,  436,  742,  486,  348,  501,  692,   62,  456,  156,  111],
        [   81,    0,  534,  285,  480,  350,  291,  121,  533,  464,  566,  332,  741,  570,  429,  297,  170,  318,  619,  247,  579,  508,  413,  532,  693,  210,  506,  441,  670,  702,  188,  244,  455,  507,  522,  146,  574,  115,  170,  131,  572,  459,  397,  419,  356,  127,  325,  416,  400,  385,  434,  728,  163,    0,  505,  322,  317,  423,  634,  194,   45,  733,  265,  250,  459,  386,  411,  564,  688,  550,  491,  817,  336,  593,  297,  578,  110,  651,  657,  367,  223,  356,  193,  820,  615,  293,  458,  644,  587,  603,  594,  452,  457,  737,  191,  387,  312,  244],
        [  585,    0,  874,  608,  912,  833,  668,  438,  432,   97,   87,  189,  659,   68,  726,  736,  479,  814,  253,  352,  777,  171,  229,  550,  632,  567,  757,  349,  617,  408,  420,  710,  680,  251,  217,  560,  461,  391,  344,  587,  373,  915,  847,  796,  612,  595,  222,  169,  226,  625,  273,  224,  342,  505,    0,  268,  682,  591, 1073,  686,  548,  587,  384,  626,  881,  254,  395,  317,  365,  885,  290,  764,  613,  187,  564,  108,  475,  728,  188,  187,  646,  482,  488,  748,  566,  669,  177,  411,  191, 1055,  404,  344,  714,  718,  329,  708,  207,  293],
        [  391,    0,  813,  344,  794,  672,  575,  215,  559,  186,  292,  101,  800,  333,  459,  609,  388,  636,  488,   94,  789,  197,  347,  632,  761,  311,  739,  153,  741,  626,  347,  473,  670,  426,  202,  434,  597,  236,  230,  441,  541,  778,  714,  711,  578,  442,  256,  115,  334,  359,  116,  467,  194,  322,  268,    0,  419,  600,  952,  468,  357,  752,  118,  529,  769,   65,  163,  501,  592,  827,  443,  898,  345,  284,  297,  297,  249,  797,  363,  267,  399,  495,  233,  890,  683,  408,  343,  601,  433,  923,  572,  159,  690,  833,  139,  649,  212,  249],
        [  291,    0,  791,   77,  675,  497,  569,  276,  837,  604,  710,  496, 1055,  749,  124,  527,  487,  435,  867,  331,  882,  602,  679,  848, 1007,  125,  801,  433,  984,  978,  499,  165,  760,  773,  590,  445,  878,  382,  437,  409,  861,  627,  587,  672,  663,  395,  578,  532,  664,  148,  478,  885,  403,  317,  682,  419,    0,  738,  797,  233,  296, 1040,  302,  537,  668,  457,  374,  841,  956,  808,  770, 1133,  108,  685,  133,  714,  247,  967,  773,  612,  107,  672,  197, 1135,  928,   26,  706,  931,  821,  753,  886,  446,  755, 1054,  375,  673,  547,  513],
        [  454,    0,  316,  707,  436,  476,  239,  508,  265,  623,  677,  533,  365,  626,  852,  341,  256,  506,  514,  582,  191,  704,  367,  163,  315,  632,  171,  752,  293,  492,  267,  631,   94,  399,  741,  300,  286,  404,  379,  343,  358,  476,  418,  290,   98,  359,  384,  626,  367,  802,  707,  770,  423,  423,  591,  600,  738,    0,  575,  556,  442,  398,  619,  238,  400,  655,  750,  398,  510,  321,  354,  415,  756,  763,  713,  697,  518,  229,  778,  408,  637,  111,  600,  426,  255,  713,  430,  412,  527,  578,  357,  759,  136,  332,  484,  184,  420,  355],
        [  581,    0,  280,  823,  162,  305,  406,  753,  839, 1064, 1151,  938,  891, 1127,  915,  345,  596,  363, 1071,  881,  510, 1125,  887,  728,  849,  769,  440, 1074,  832, 1066,  654,  633,  493,  948, 1146,  524,  860,  719,  746,  511,  930,  178,  238,  291,  500,  510,  853, 1032,  881,  933, 1066, 1285,  767,  634, 1073,  952,  797,  575,    0,  571,  608,  952,  896,  448,  193, 1016, 1041,  963, 1082,  284,  908,  894,  882, 1204,  867, 1168,  732,  680, 1252,  892,  704,  643,  800,  917,  811,  776,  951,  986, 1070,   51,  931, 1086,  449,  821,  815,  397,  867,  782],
        [  119,    0,  562,  252,  443,  268,  354,  255,  712,  634,  740,  504,  903,  753,  355,  299,  332,  209,  812,  377,  676,  663,  606,  690,  853,  204,  589,  549,  830,  892,  368,   79,  559,  699,  668,  259,  751,  305,  362,  214,  759,  397,  356,  444,  469,  197,  517,  575,  593,  362,  565,  908,  349,  194,  686,  468,  233,  556,  571,    0,  151,  906,  374,  331,  436,  526,  503,  755,  880,  580,  682,  968,  311,  750,  298,  750,  220,  782,  824,  560,  133,  515,  255,  975,  779,  209,  651,  830,  779,  530,  779,  562,  547,  886,  359,  459,  502,  437],
        [   37,    0,  525,  274,  457,  317,  287,  147,  569,  506,  608,  373,  771,  614,  413,  278,  196,  280,  662,  277,  589,  546,  456,  560,  722,  200,  511,  468,  699,  743,  223,  206,  466,  549,  558,  150,  609,  159,  214,  122,  611,  431,  371,  409,  368,  113,  369,  455,  443,  380,  466,  771,  206,   45,  548,  357,  296,  442,  608,  151,    0,  767,  289,  249,  438,  420,  434,  605,  730,  542,  532,  843,  329,  632,  295,  620,  125,  671,  698,  411,  196,  384,  201,  848,  645,  271,  502,  683,  630,  574,  632,  480,  464,  763,  230,  388,  356,  288],
        [  790,    0,  674,  989,  826,  871,  633,  770,  204,  668,  659,  654,   99,  578, 1135,  736,  575,  896,  362,  783,  457,  753,  406,  236,  114,  918,  513,  889,  124,  225,  546,  971,  463,  340,  798,  653,  163,  660,  607,  700,  217,  871,  815,  681,  493,  717,  500,  713,  419, 1060,  821,  656,  648,  733,  587,  752, 1040,  398,  952,  906,  767,    0,  825,  623,  790,  781,  914,  270,  272,  673,  312,  195, 1024,  770,  974,  679,  794,  300,  736,  486,  954,  394,  862,  172,  144, 1017,  424,  180,  416,  962,  185,  890,  506,  191,  694,  578,  542,  539],
        [  318,    0,  790,  227,  744,  603,  547,  144,  625,  303,  409,  204,  863,  450,  345,  561,  379,  560,  591,   43,  799,  305,  428,  678,  820,  199,  739,  180,  799,  720,  353,  367,  675,  516,  300,  400,  666,  219,  242,  394,  622,  719,  660,  680,  578,  391,  328,  230,  414,  249,  193,  584,  198,  265,  384,  118,  302,  619,  896,  374,  289,  825,    0,  502,  723,  161,  147,  590,  690,  805,  525,  955,  231,  391,  181,  413,  166,  832,  475,  351,  289,  522,  124,  951,  741,  292,  438,  687,  539,  863,  652,  192,  689,  885,  139,  634,  288,  292],
