{
    "name": "random-63-19621",
    "comment": "size=63 seed=19621",
    "nodes": ["+0", "-0", "+1", "-1", "+2", "-2", "+3", "-3", "+4", "-4", "+5", "-5", "+6", "-6", "+7", "-7", "+8", "-8", "+9", "-9", "+10", "-10", "+11", "-11", "+12", "-12", "+13", "-13", "+14", "-14", "+15", "-15", "+16", "-16", "+17", "-17", "+18", "-18", "+19", "-19", "+20", "-20", "+21", "-21", "+22", "-22", "+23", "-23", "+24", "-24", "+25", "-25", "+26", "-26", "+27", "-27", "+28", "-28", "+29", "-29", "+30", "-30", "+31", "-31", "+32", "-32", "+33", "-33", "+34", "-34", "+35", "-35", "+36", "-36", "+37", "-37", "+38", "-38", "+39", "-39", "+40", "-40", "+41", "-41", "+42", "-42", "+43", "-43", "+44", "-44", "+45", "-45", "+46", "-46", "+47", "-47", "+48", "-48", "+49", "-49", "+50", "-50", "+51", "-51", "+52", "-52", "+53", "-53", "+54", "-54", "+55", "-55", "+56", "-56", "+57", "-57", "+58", "-58", "+59", "-59", "+60", "-60", "+61", "-61", "+62", "-62", "+63", "-63"],
    "precedence": {
        "+0": "-0",
        "+1": "-1",
        "+2": "-2",
        "+3": "-3",
        "+4": "-4",
        "+5": "-5",
        "+6": "-6",
        "+7": "-7",
        "+8": "-8",
        "+9": "-9",
        "+10": "-10",
        "+11": "-11",
        "+12": "-12",
        "+13": "-13",
        "+14": "-14",
        "+15": "-15",
        "+16": "-16",
        "+17": "-17",
        "+18": "-18",
        "+19": "-19",
        "+20": "-20",
        "+21": "-21",
        "+22": "-22",
        "+23": "-23",
        "+24": "-24",
        "+25": "-25",
        "+26": "-26",
        "+27": "-27",
        "+28": "-28",
        "+29": "-29",
        "+30": "-30",
        "+31": "-31",
        "+32": "-32",
        "+33": "-33",
        "+34": "-34",
        "+35": "-35",
        "+36": "-36",
        "+37": "-37",
        "+38": "-38",
        "+39": "-39",
        "+40": "-40",
        "+41": "-41",
        "+42": "-42",
        "+43": "-43",
        "+44": "-44",
        "+45": "-45",
        "+46": "-46",
        "+47": "-47",
        "+48": "-48",
        "+49": "-49",
        "+50": "-50",
        "+51": "-51",
        "+52": "-52",
        "+53": "-53",
        "+54": "-54",
        "+55": "-55",
        "+56": "-56",
        "+57": "-57",
        "+58": "-58",
        "+59": "-59",
        "+60": "-60",
        "+61": "-61",
        "+62": "-62",
        "+63": "-63"
    },
    "edges": [
        [    0,    0,  294,  525, 1009,  524,  699,  776,  422,  891,  508,  644,  359,  297,  812,  309,  411,  120,  602,  546,  360,   96,  558,  544,  312,  396,  642,  174,  454,  285,  566,  674,  897,  345,  850,  877,   97,  354,  147,  618,  695,  257,  266,  276,  277,  793,  573,  568,  574,  104,  637,  622,  611,  412,  356,  175,  583,  603,  377,  215,  441,  296,  180,  339,  438,  586,  995,  451,  714,  510,  278,  177,  865,  680,  838,  178,  484,  675,  256,  411,  602,  221,  109,  434,  423,  908,  530,  331,  187,   95,  817,  612,  556,  816,  628,  116,  705,  603,  605,  382,  255,  756,  542,  300,  797,  730,  693,  394,  254,  681,  712,  519,  736,   98,  286,  512,  515,  817,   98,  294,  583,  246,  834,  584,   93,  221,  814,  612],
        [    0,    0,    0,    0,    0,    0,    0,    0,    0,    0,    0,    0,    0,    0,    0,    0,    0,    0,    0,    0,    0,    0,    0,    0,    0,    0,    0,    0,    0,    0,    0,    0,    0,    0,    0,    0,    0,    0,    0,    0,    0,    0,    0,    0,    0,    0,    0,    0,    0,    0,    0,    0,    0,    0,    0,    0,    0,    0,    0,    0,    0,    0,    0,    0,    0,    0,    0,    0,    0,    0,    0,    0,    0,    0,    0,    0,    0,    0,    0,    0,    0,    0,    0,    0,    0,    0,    0,    0,    0,    0,    0,    0,    0,    0,    0,    0,    0,    0,    0,    0,    0,    0,    0,    0,    0,    0,    0,    0,    0,    0,    0,    0,    0,    0,    0,    0,    0,    0,    0,    0,    0,    0,    0,    0,    0,    0,    0,    0],
        [  294,    0,    0,  288,  767,  539,  406,  531,  394,  639,  268,  480,  353,  272,  527,  433,  121,  404,  310,  328,   75,  206,  404,  501,  523,  287,  554,  345,  356,  308,  626,  387,  689,  471,  579,  611,  200,  417,  252,  678,  403,   66,   56,  306,  146,  587,  279,  640,  330,  191,  531,  703,  331,  163,  447,  334,  398,  657,  205,  293,  166,  265,  121,  470,  210,  582,  766,  299,  464,  305,   19,  277,  583,  560,  561,  117,  203,  401,  456,  127,  403,  396,  387,  201,  180,  638,  253,  376,  323,  360,  534,  330,  408,  534,  705,  182,  443,  657,  629,  141,   98,  489,  358,   79,  609,  561,  427,  130,   42,  433,  549,  227,  572,  386,  282,  277,  330,  525,  209,  278,  487,  481,  559,  336,  201,  477,  565,  319],
        [  525,    0,  288,    0,  825,  814,  297,  252,  330,  690,  430,  673,  634,  556,  497,  493,  269,  644,  230,   54,  288,  431,  185,  761,  630,  548,  790,  622,  610,  354,  907,  221,  806,  758,  334,  633,  433,  431,  530,  958,  284,  353,  278,  359,  250,  720,  246,  923,  463,  431,  758,  986,  378,  126,  734,  470,  143,  937,  160,  397,  320,  299,  356,  756,  412,  851,  845,  153,  549,   67,  291,  410,  555,  777,  332,  367,  310,  443,  733,  286,  131,  676,  586,  403,  110,  645,  347,  662,  449,  611,  327,  371,  625,  516,  988,  414,  508,  937,  903,  152,  385,  240,  556,  236,  760,  737,  485,  331,  320,  156,  733,  187,  752,  622,  568,   15,  106,  382,  468,  313,  725,  621,  564,  460,  444,  637,  633,  247],
        [ 1009,    0,  767,  825,    0,  759,  554,  870, 1117,  136,  506,  420,  744,  752,  350, 1199,  657, 1078,  596,  873,  693,  948, 1009,  654, 1286,  641,  555,  939,  613, 1066,  856,  643,  176,  919,  773,  198,  936, 1173,  884,  870,  570,  770,  822, 1066,  898,  248,  582,  882,  441,  924,  521,  922,  459,  794,  867, 1098,  959,  853,  897, 1060,  602, 1015,  876,  924,  575,  727,   63,  957,  304,  890,  786, 1043,  307,  482,  726,  864,  574,  388, 1008,  646,  935,  957, 1117,  580,  805,  202,  522,  805, 1089, 1028,  678,  464,  499,  326,  914,  924,  330,  853,  788,  807,  760,  767,  479,  823,  282,  360,  351,  638,  794,  829,  382,  648,  367, 1071,  771,  830,  929,  552,  912, 1030,  557, 1236,  270,  433,  929, 1223,  204,  579],
        [  524,    0,  539,  814,  759,    0,  789, 1034,  891,  697,  458,  346,  189,  272,  763,  829,  553,  507,  724,  860,  527,  540,  942,  106,  827,  271,  212,  358,  224,  766,  110,  824,  592,  222, 1039,  729,  526,  859,  387,  150,  796,  479,  574,  760,  656,  512,  680,  134,  486,  516,  239,  191,  606,  695,  183,  693,  935,  128,  739,  710,  519,  749,  542,  230,  430,   66,  716,  834,  570,  841,  543,  674,  790,  283, 1006,  522,  553,  622,  348,  538,  938,  332,  609,  438,  713,  768,  555,  195,  700,  471,  964,  612,  293,  751,  189,  532,  598,  128,   91,  677,  445,  965,  357,  612,  479,  399,  605,  491,  520,  940,  378,  679,  394,  516,  269,  806,  868,  893,  471,  756,  204,  755,  730,  500,  509,  719,  632,  721],
        [  699,    0,  406,  297,  554,  789,    0,  326,  623,  424,  332,  533,  648,  593,  209,  762,  297,  809,   98,  337,  348,  608,  472,  706,  886,  528,  689,  730,  566,  619,  897,   89,  576,  816,  267,  357,  604,  711,  641,  939,   16,  453,  437,  623,  470,  512,  129,  918,  318,  596,  650,  979,  192,  325,  776,  705,  415,  917,  420,  643,  294,  562,  522,  817,  367,  804,  585,  447,  329,  363,  421,  643,  264,  650,  226,  522,  250,  217,  837,  303,  388,  775,  788,  361,  326,  361,  235,  696,  688,  764,  179,  185,  524,  231,  977,  585,  281,  917,  867,  351,  470,  226,  448,  412,  563,  570,  258,  339,  447,  275,  573,  183,  585,  791,  611,  306,  400,  120,  614,  578,  637,  860,  285,  307,  607,  865,  385,   88],
        [  776,    0,  531,  252,  870, 1034,  326,    0,  507,  744,  604,  835,  863,  790,  520,  702,  482,  895,  334,  234,  515,  682,  296,  968,  848,  763,  976,  871,  818,  576, 1133,  245,  901, 1001,  140,  673,  684,  628,  779, 1182,  311,  596,  528,  583,  500,  835,  374, 1151,  613,  683,  940, 1214,  496,  374,  973,  705,  236, 1160,  403,  631,  517,  527,  607, 1000,  610, 1063,  906,  355,  652,  273,  537,  649,  566,  948,  173,  618,  489,  539,  983,  497,  204,  925,  831,  601,  359,  671,  505,  898,  683,  862,  207,  489,  807,  545, 1215,  665,  604, 1160, 1120,  402,  625,  103,  732,  486,  884,  883,  581,  544,  567,   98,  883,  357,  898,  873,  804,  265,  282,  327,  719,  539,  916,  850,  602,  605,  695,  871,  709,  345],
        [  422,    0,  394,  330, 1117,  891,  623,  507,    0,  982,  649,  874,  703,  622,  813,  207,  473,  523,  543,  304,  453,  362,  214,  875,  355,  671,  942,  584,  741,  137,  957,  550, 1066,  754,  629,  936,  374,  126,  517, 1011,  611,  434,  342,  146,  250,  968,  544,  965,  702,  382,  922, 1023,  658,  323,  752,  271,  271,  993,  221,  209,  533,  142,  350,  749,  600,  944, 1127,  177,  821,  268,  381,  245,  872,  953,  641,  370,  550,  730,  677,  488,  304,  636,  418,  591,  313,  954,  600,  702,  250,  514,  646,  654,  802,  829, 1029,  364,  788,  993,  980,  311,  465,  543,  750,  319,  996,  952,  767,  514,  392,  441,  942,  474,  964,  499,  623,  319,  239,  711,  430,  136,  876,  377,  871,  705,  391,  410,  916,  560],
        [  891,    0,  639,  690,  136,  697,  424,  744,  982,    0,  384,  351,  653,  649,  227, 1069,  526,  967,  461,  739,  564,  825,  874,  592, 1160,  541,  507,  835,  524,  934,  801,  512,  190,  833,  655,   77,  814, 1041,  773,  822,  439,  646,  692,  934,  766,  199,  446,  826,  318,  802,  469,  873,  325,  660,  782,  972,  824,  803,  762,  930,  473,  882,  751,  838,  454,  675,  162,  822,  178,  755,  657,  915,  195,  438,  608,  740,  442,  252,  912,  515,  801,  858,  998,  459,  670,  102,  390,  715,  961,  917,  559,  329,  416,  202,  866,  801,  197,  803,  739,  673,  639,  642,  380,  692,  252,  315,  217,  511,  667,  698,  333,  513,  326,  958,  669,  694,  794,  434,  794,  898,  494, 1113,  144,  308,  808, 1102,   78,  444],
        [  508,    0,  268,  430,  506,  458,  332,  604,  649,  384,    0,  243,  331,  296,  337,  701,  178,  590,  275,  483,  199,  442,  602,  375,  781,  207,  372,  469,  235,  575,  566,  375,  421,  510,  588,  371,  432,  684,  397,  608,  339,  264,  324,  574,  409,  320,  232,  588,   66,  419,  337,  648,  151,  345,  465,  594,  571,  586,  436,  560,  118,  529,  372,  513,   71,  473,  500,  517,  206,  481,  286,  540,  380,  349,  552,  359,  121,  188,  560,  163,  561,  501,  615,   75,  362,  404,  101,  387,  585,  539,  509,  157,  204,  333,  646,  419,  200,  586,  536,  346,  256,  523,  129,  335,  347,  311,  193,  139,  291,  519,  305,  254,  325,  579,  316,  428,  518,  436,  411,  543,  313,  731,  336,   77,  425,  719,  307,  269],
        [  644,    0,  480,  673,  420,  346,  533,  835,  874,  351,  243,    0,  332,  357,  446,  893,  416,  690,  501,  726,  424,  606,  843,  241,  947,  250,  169,  540,  203,  783,  451,  595,  269,  500,  800,  387,  593,  891,  503,  475,  545,  452,  535,  780,  625,  173,  462,  476,  222,  580,  128,  525,  343,  585,  448,  771,  814,  455,  669,  753,  358,  744,  557,  506,  276,  327,  385,  755,  242,  723,  495,  726,  462,  118,  759,  539,  364,  326,  596,  399,  803,  550,  751,  285,  602,  426,  334,  391,  767,  641,  711,  351,   90,  429,  519,  586,  281,  455,  393,  582,  429,  746,  124,  555,  158,   86,  296,  364,  489,  755,   70,  494,   94,  688,  373,  670,  759,  614,  554,  756,  144,  887,  398,  230,  580,  864,  288,  491],
        [  359,    0,  353,  634,  744,  189,  648,  863,  703,  653,  331,  332,    0,   83,  664,  654,  383,  374,  571,  678,  350,  359,  755,  186,  670,  125,  287,  218,  131,  581,  274,  669,  600,  184,  882,  667,  345,  678,  213,  325,  652,  291,  385,  575,  467,  502,  528,  289,  378,  334,  288,  353,  481,  512,  136,  519,  750,  305,  551,  529,  360,  562,  354,  188,  282,  242,  715,  646,  495,  657,  356,  494,  702,  334,  853,  334,  400,  515,  265,  369,  754,  219,  457,  287,  530,  704,  415,   62,  523,  329,  815,  486,  246,  657,  354,  349,  510,  305,  280,  493,  257,  802,  275,  424,  489,  411,  510,  323,  332,  767,  390,  514,  413,  376,   82,  625,  682,  760,  292,  569,  233,  601,  650,  393,  329,  571,  579,  571],
        [  297,    0,  272,  556,  752,  272,  593,  790,  622,  649,  296,  357,   83,    0,  632,  580,  314,  334,  510,  599,  276,  284,  673,  259,  607,  112,  348,  188,  159,  502,  354,  606,  620,  223,  817,  653,  270,  600,  151,  406,  596,  210,  303,  496,  385,  518,  469,  368,  352,  258,  340,  431,  439,  433,  186,  447,  670,  386,  469,  452,  300,  480,  272,  225,  235,  323,  728,  564,  481,  577,  274,  417,  675,  384,  790,  252,  343,  483,  267,  302,  674,  210,  401,  238,  451,  689,  366,  108,  450,  285,  754,  443,  268,  628,  433,  271,  488,  386,  363,  412,  176,  734,  273,  342,  514,  441,  485,  258,  250,  694,  422,  448,  446,  331,   21,  547,  601,  709,  219,  487,  287,  542,  628,  366,  254,  515,  573,  512],
        [  812,    0,  527,  497,  350,  763,  209,  520,  813,  227,  337,  446,  664,  632,    0,  931,  406,  908,  271,  541,  455,  730,  677,  665, 1041,  539,  615,  800,  552,  790,  873,  297,  401,  845,  429,  154,  723,  890,  721,  906,  224,  555,  572,  792,  628,  364,  272,  897,  286,  712,  574,  953,  202,  497,  799,  854,  622,  885,  599,  801,  372,  734,  647,  849,  400,  761,  388,  642,  205,  564,  545,  793,   60,  559,  382,  641,  328,  150,  896,  402,  596,  836,  912,  399,  503,  154,  283,  722,  840,  859,  333,  201,  473,   26,  948,  706,  167,  885,  827,  518,  561,  417,  407,  559,  420,  452,  158,  419,  564,  481,  463,  343,  467,  894,  652,  504,  602,  209,  717,  750,  578, 1006,   84,  272,  721, 1003,  210,  254],
        [  309,    0,  433,  493, 1199,  829,  762,  702,  207, 1069,  701,  893,  654,  580,  931,    0,  544,  377,  672,  482,  506,  297,  416,  838,  148,  659,  925,  483,  725,  144,  874,  703, 1119,  653,  816, 1034,  311,   84,  443,  927,  753,  444,  378,  140,  305, 1016,  661,  877,  762,  324,  913,  930,  751,  439,  665,  137,  469,  912,  344,  141,  597,  200,  337,  647,  638,  889, 1199,  351,  896,  442,  415,  167,  990,  952,  821,  354,  627,  823,  552,  554,  500,  527,  258,  630,  437, 1058,  679,  635,  131,  386,  819,  748,  810,  943,  937,  312,  872,  912,  913,  415,  465,  725,  775,  378, 1034,  977,  854,  563,  412,  626,  963,  591,  987,  356,  574,  480,  423,  865,  363,  185,  861,  175,  977,  769,  327,  214,  996,  687],
        [  411,    0,  121,  269,  657,  553,  297,  482,  473,  526,  178,  416,  383,  314,  406,  544,    0,  515,  205,  320,   52,  326,  429,  494,  641,  283,  522,  434,  342,  410,  652,  296,  593,  533,  504,  493,  319,  518,  344,  700,  297,  158,  170,  410,  241,  495,  168,  670,  230,  309,  491,  733,  211,  170,  499,  453,  404,  679,  258,  406,   61,  360,  241,  533,  145,  585,  660,  340,  354,  311,  140,  394,  462,  512,  478,  236,   84,  282,  542,   18,  399,  481,  507,  135,  187,  519,  136,  421,  440,  469,  445,  210,  359,  413,  733,  302,  329,  679,  641,  168,  173,  421,  294,  167,  525,  488,  311,   63,  159,  388,  480,  134,  501,  498,  330,  264,  346,  417,  320,  375,  457,  602,  439,  233,  318,  598,  454,  211],
        [  120,    0,  404,  644, 1078,  507,  809,  895,  523,  967,  590,  690,  374,  334,  908,  377,  515,    0,  713,  665,  464,  214,  673,  550,  331,  444,  659,  156,  490,  388,  526,  788,  953,  299,  968,  960,  213,  438,  195,  576,  806,  358,  382,  379,  396,  850,  681,  523,  654,  218,  661,  570,  706,  530,  326,  257,  700,  564,  496,  316,  538,  407,  295,  292,  519,  572, 1059,  568,  792,  629,  389,  281,  959,  707,  955,  290,  583,  766,  182,  513,  720,  176,  120,  517,  541,  993,  625,  329,  275,   51,  933,  708,  601,  910,  578,  233,  789,  564,  579,  500,  348,  874,  601,  418,  847,  774,  780,  490,  363,  800,  755,  630,  779,   25,  318,  631,  633,  928,  196,  403,  607,  257,  923,  666,  206,  216,  890,  722],
        [  602,    0,  310,  230,  596,  724,   98,  334,  543,  461,  275,  501,  571,  510,  271,  672,  205,  713,    0,  278,  254,  511,  413,  648,  792,  457,  645,  639,  502,  529,  829,  101,  589,  733,  316,  404,  507,  625,  549,  874,   94,  359,  340,  532,  375,  512,   44,  849,  280,  499,  608,  911,  166,  233,  696,  610,  364,  852,  332,  549,  212,  472,  425,  733,  295,  745,  619,  371,  333,  296,  325,  547,  330,  615,  283,  425,  173,  221,  747,  213,  342,  685,  691,  288,  237,  416,  175,  616,  593,  668,  245,  159,  477,  288,  910,  488,  288,  852,  806,  258,  378,  248,  401,  316,  558,  551,  264,  253,  351,  259,  551,   86,  566,  695,  527,  236,  335,  216,  518,  488,  588,  765,  335,  272,  510,  769,  408,   18],
        [  546,    0,  328,   54,  873,  860,  337,  234,  304,  739,  483,  726,  678,  599,  541,  482,  320,  665,  278,    0,  335,  453,  136,  810,  624,  595,  841,  653,  659,  348,  951,  256,  858,  795,  335,  681,  457,  414,  563, 1002,  324,  392,  311,  355,  269,  773,  296,  966,  516,  456,  810, 1029,  429,  166,  773,  473,   90,  981,  170,  399,  372,  297,  384,  793,  464,  898,  895,  132,  601,   41,  329,  416,  599,  829,  341,  397,  363,  494,  764,  337,   80,  708,  598,  454,  149,  691,  400,  703,  452,  634,  343,  423,  677,  561, 1031,  438,  559,  981,  950,  188,  425,  243,  608,  268,  813,  790,  536,  381,  357,  147,  786,  239,  805,  642,  609,   57,   67,  412,  496,  310,  776,  621,  611,  513,  469,  640,  683,  295],
        [  360,    0,   75,  288,  693,  527,  348,  515,  453,  564,  199,  424,  350,  276,  455,  506,   52,  464,  254,  335,    0,  276,  432,  475,  598,  261,  515,  385,  325,  378,  622,  341,  619,  491,  546,  536,  269,  486,  295,  672,  346,  107,  129,  376,  210,  519,  219,  638,  258,  259,  487,  702,  257,  173,  460,  409,  415,  650,  246,  367,   92,  331,  193,  491,  149,  564,  693,  335,  390,  321,   94,  351,  510,  513,  522,  187,  128,  326,  494,   53,  414,  433,  457,  139,  192,  563,  179,  384,  398,  418,  491,  257,  359,  461,  703,  252,  368,  650,  616,  163,  124,  460,  300,  136,  544,  501,  352,   62,  109,  418,  491,  179,  513,  447,  290,  280,  352,  467,  269,  345,  448,  556,  485,  264,  268,  550,  491,  261],
        [   96,    0,  206,  431,  948,  540,  608,  682,  362,  825,  442,  606,  359,  284,  730,  297,  326,  214,  511,  453,  276,    0,  474,  542,  343,  365,  629,  224,  430,  230,  598,  580,  848,  392,  755,  805,   15,  320,  157,  652,  604,  180,  173,  222,  184,  743,  484,  604,  508,   27,  617,  663,  532,  317,  391,  166,  495,  635,  286,  171,  362,  225,   87,  388,  374,  599,  938,  365,  648,  418,  189,  135,  786,  657,  743,   90,  403,  599,  325,  328,  512,  278,  182,  368,  328,  834,  452,  347,  167,  182,  723,  532,  521,  736,  668,   25,  634,  635,  627,  287,  188,  661,  495,  205,  754,  692,  620,  318,  167,  586,  676,  427,  700,  193,  279,  417,  426,  726,   70,  227,  565,  289,  758,  517,   32,  278,  749,  522],
        [  558,    0,  404,  185, 1009,  942,  472,  296,  214,  874,  602,  843,  755,  673,  677,  416,  429,  673,  413,  136,  432,  474,    0,  903,  564,  688,  946,  693,  755,  306, 1026,  388,  989,  849,  424,  816,  482,  338,  609, 1078,  458,  464,  371,  314,  300,  901,  430, 1038,  640,  485,  918, 1100,  562,  261,  835,  446,   64, 1058,  205,  372,  486,  269,  424,  846,  573,  986, 1030,  112,  733,  123,  400,  400,  734,  941,  442,  441,  484,  628,  798,  446,   98,  748,  587,  563,  243,  827,  525,  771,  423,  651,  455,  556,  787,  697, 1103,  466,  692, 1058, 1033,  270,  498,  344,  722,  331,  939,  912,  669,  486,  424,  241,  906,  370,  926,  649,  680,  182,   85,  539,  530,  277,  880,  576,  747,  638,  497,  604,  818,  431],
        [  544,    0,  501,  761,  654,  106,  706,  968,  875,  592,  375,  241,  186,  259,  665,  838,  494,  550,  648,  810,  475,  542,  903,    0,  854,  216,  118,  394,  152,  759,  211,  748,  490,  294,  963,  626,  528,  858,  398,  241,  714,  447,  543,  753,  631,  407,  604,  236,  395,  516,  138,  288,  518,  648,  246,  703,  889,  220,  705,  710,  452,  734,  527,  301,  359,   99,  613,  799,  469,  795,  508,  676,  690,  185,  927,  507,  480,  527,  411,  477,  888,  382,  640,  367,  666,  664,  475,  221,  707,  508,  883,  525,  193,  652,  284,  529,  499,  220,  163,  634,  414,  893,  263,  577,  376,  296,  508,  431,  489,  877,  274,  611,  291,  555,  264,  754,  825,  805,  475,  743,   99,  785,  629,  408,  511,  753,  527,  643],
        [  312,    0,  523,  630, 1286,  827,  886,  848,  355, 1160,  781,  947,  670,  607, 1041,  148,  641,  331,  792,  624,  598,  343,  564,  854,    0,  701,  954,  470,  763,  277,  855,  833, 1190,  628,  958, 1133,  356,  230,  459,  906,  877,  517,  472,  271,  417, 1086,  776,  853,  845,  369,  947,  900,  852,  562,  651,  189,  615,  893,  475,  243,  688,  332,  410,  621,  713,  891, 1279,  494,  983,  584,  504,  249, 1099,  990,  961,  422,  724,  923,  512,  649,  646,  502,  219,  707,  562, 1159,  776,  638,  202,  358,  956,  850,  860, 1051,  908,  365,  965,  893,  904,  535,  529,  866,  837,  483, 1096, 1033,  949,  649,  493,  769, 1016,  708, 1040,  316,  597,  617,  567,  993,  394,  317,  894,   74, 1080,  854,  367,  118, 1085,  806],
        [  396,    0,  287,  548,  641,  271,  528,  763,  671,  541,  207,  250,  125,  112,  539,  659,  283,  444,  457,  595,  261,  365,  688,  216,  701,    0,  273,  299,   71,  563,  374,  556,  510,  307,  771,  548,  351,  668,  254,  420,  534,  238,  332,  558,  423,  407,  413,  393,  254,  338,  255,  455,  357,  433,  260,  531,  675,  398,  491,  523,  249,  532,  329,  310,  163,  304,  617,  585,  376,  580,  296,  492,  578,  293,  739,  310,  285,  390,  372,  267,  674,  318,  502,  169,  451,  585,  294,  183,  530,  394,  699,  362,  161,  533,  455,  347,  388,  398,  358,  419,  207,  695,  162,  365,  405,  335,  387,  220,  280,  670,  317,  408,  341,  440,  130,  540,  610,  639,  308,  542,  206,  639,  528,  269,  337,  616,  465,  455],
        [  642,    0,  554,  790,  555,  212,  689,  976,  942,  507,  372,  169,  287,  348,  615,  925,  522,  659,  645,  841,  515,  629,  946,  118,  954,  273,    0,  503,  203,  835,  302,  743,  384,  412,  954,  552,  615,  938,  495,  317,  699,  509,  603,  830,  694,  313,  603,  328,  372,  602,   42,  369,  498,  686,  363,  793,  925,  299,  756,  792,  471,  804,  601,  419,  378,  173,  508,  848,  411,  832,  565,  760,  630,   74,  914,  581,  489,  490,  528,  504,  920,  495,  743,  388,  704,  590,  472,  332,  795,  615,  868,  505,  169,  598,  361,  613,  449,  299,  234,  677,  479,  893,  245,  632,  274,  196,  463,  461,  551,  890,  176,  624,  189,  662,  357,  785,  865,  777,  566,  814,   68,  886,  566,  383,  599,  857,  451,  637],
        [  174,    0,  345,  622,  939,  358,  730,  871,  584,  835,  469,  540,  218,  188,  800,  483,  434,  156,  639,  653,  385,  224,  693,  394,  470,  299,  503,    0,  338,  449,  393,  726,  806,  173,  923,  835,  214,  526,   93,  445,  730,  284,  345,  441,  394,  705,  601,  394,  530,  209,  505,  449,  601,  498,  184,  348,  706,  431,  495,  383,  442,  449,  272,  167,  402,  423,  916,  582,  664,  623,  336,  344,  848,  552,  903,  257,  488,  653,  112,  428,  720,   56,  252,  402,  513,  870,  523,  174,  359,  114,  875,  604,  452,  799,  455,  228,  667,  431,  436,  470,  262,  833,  460,  387,  698,  623,  661,  394,  306,  773,  603,  563,  627,  161,  169,  610,  637,  849,  163,  451,  451,  398,  805,  543,  198,  362,  758,  645],
        [  454,    0,  356,  610,  613,  224,  566,  818,  741,  524,  235,  203,  131,  159,  552,  725,  342,  490,  502,  659,  325,  430,  755,  152,  763,   71,  203,  338,    0,  632,  331,  602,  471,  310,  817,  542,  416,  736,  309,  373,  573,  308,  402,  627,  493,  371,  458,  353,  269,  403,  188,  413,  385,  498,  259,  596,  740,  351,  560,  591,  301,  602,  399,  315,  209,  245,  584,  653,  372,  645,  365,  559,  585,  228,  783,  379,  332,  406,  395,  326,  738,  348,  558,  218,  516,  580,  332,  192,  596,  442,  741,  391,  116,  543,  411,  414,  392,  351,  305,  485,  277,  745,  150,  434,  361,  285,  395,  280,  350,  726,  265,  461,  289,  489,  173,  603,  676,  671,  370,  612,  137,  699,  530,  283,  402,  673,  451,  498],
        [  285,    0,  308,  354, 1066,  766,  619,  576,  137,  934,  575,  783,  581,  502,  790,  144,  410,  388,  529,  348,  378,  230,  306,  759,  277,  563,  835,  449,  632,    0,  827,  561,  996,  620,  682,  897,  243,  110,  386,  881,  610,  332,  252,   10,  169,  895,  519,  834,  635,  252,  817,  892,  614,  296,  620,  142,  349,  864,  202,   73,  466,   57,  234,  615,  518,  822, 1069,  221,  764,  308,  292,  109,  849,  853,  684,  254,  493,  687,  540,  422,  377,  501,  287,  509,  294,  920,  545,  575,  120,  378,  680,  611,  705,  802,  897,  235,  738,  864,  855,  273,  359,  589,  662,  244,  916,  865,  719,  437,  294,  494,  852,  449,  876,  364,  500,  340,  294,  722,  299,   42,  769,  275,  838,  640,  260,  299,  863,  544],
        [  566,    0,  626,  907,  856,  110,  897, 1133,  957,  801,  566,  451,  274,  354,  873,  874,  652,  526,  829,  951,  622,  598, 1026,  211,  855,  374,  302,  393,  331,  827,    0,  929,  686,  227, 1144,  836,  585,  914,  442,   54,  903,  563,  655,  820,  733,  612,  785,   26,  596,  576,  336,   83,  715,  785,  210,  739, 1023,   39,  822,  766,  622,  816,  613,  235,  535,  130,  810,  916,  678,  930,  628,  729,  899,  375, 1111,  594,  657,  731,  350,  637, 1028,  353,  638,  542,  803,  875,  662,  257,  749,  498, 1071,  721,  402,  860,   82,  594,  707,   39,   79,  766,  529, 1068,  467,  695,  575,  497,  715,  590,  603, 1039,  476,  780,  490,  540,  346,  898,  955, 1002,  529,  821,  307,  781,  839,  610,  568,  742,  738,  827],
        [  674,    0,  387,  221,  643,  824,   89,  245,  550,  512,  375,  595,  669,  606,  297,  703,  296,  788,  101,  256,  341,  580,  388,  748,  833,  556,  743,  726,  602,  561,  929,    0,  659,  827,  216,  446,  577,  647,  634,  974,   74,  442,  408,  565,  424,  590,  145,  949,  375,  571,  706, 1011,  254,  275,  792,  659,  330,  952,  360,  592,  310,  504,  494,  828,  395,  845,  673,  374,  408,  285,  400,  597,  351,  710,  184,  498,  272,  294,  835,  306,  302,  774,  754,  388,  272,  450,  274,  713,  640,  746,  150,  246,  576,  319, 1010,  558,  360,  952,  906,  304,  465,  151,  499,  377,  639,  639,  337,  349,  428,  187,  641,  163,  655,  768,  623,  232,  321,  162,  595,  520,  687,  814,  374,  365,  583,  823,  470,  107],
        [  897,    0,  689,  806,  176,  592,  576,  901, 1066,  190,  421,  269,  600,  620,  401, 1119,  593,  953,  589,  858,  619,  848,  989,  490, 1190,  510,  384,  806,  471,  996,  686,  659,    0,  766,  826,  265,  835, 1105,  762,  698,  590,  678,  745,  994,  829,  105,  563,  712,  364,  822,  353,  750,  429,  750,  714, 1007,  947,  681,  848,  978,  534,  949,  786,  772,  482,  556,  125,  921,  258,  867,  706,  956,  380,  311,  779,  771,  517,  369,  864,  579,  928,  818, 1006,  489,  764,  292,  469,  659, 1000,  904,  729,  436,  356,  376,  742,  826,  302,  681,  616,  757,  662,  800,  356,  755,  114,  195,  326,  560,  708,  843,  217,  620,  199,  949,  638,  808,  906,  608,  803,  963,  394, 1135,  321,  361,  825, 1116,  194,  574],
        [  345,    0,  471,  758,  919,  222,  816, 1001,  754,  833,  510,  500,  184,  223,  845,  653,  533,  299,  733,  795,  491,  392,  849,  294,  628,  307,  412,  173,  310,  620,  227,  827,  766,    0, 1036,  849,  381,  698,  242,  278,  818,  406,  486,  612,  550,  673,  691,  226,  561,  374,  427,  277,  658,  633,   52,  520,  857,  265,  647,  554,  522,  616,  426,    9,  456,  287,  885,  738,  678,  768,  467,  516,  884,  475, 1010,  408,  566,  696,  128,  522,  867,  128,  412,  459,  649,  887,  588,  124,  531,  273,  976,  662,  421,  839,  284,  393,  693,  265,  283,  608,  376,  951,  457,  528,  653,  572,  693,  480,  439,  903,  550,  667,  571,  313,  206,  747,  787,  931,  326,  619,  377,  555,  833,  575,  364,  515,  760,  735],
        [  850,    0,  579,  334,  773, 1039,  267,  140,  629,  655,  588,  800,  882,  817,  429,  816,  504,  968,  316,  335,  546,  755,  424,  963,  958,  771,  954,  923,  817,  682, 1144,  216,  826, 1036,    0,  580,  755,  746,  831, 1189,  256,  640,  589,  688,  581,  772,  360, 1164,  583,  751,  915, 1226,  458,  438, 1002,  803,  362, 1167,  493,  730,  524,  629,  674, 1036,  610, 1060,  814,  465,  591,  375,  589,  743,  467,  917,   48,  681,  487,  482, 1034,  515,  328,  974,  917,  603,  428,  572,  488,  924,  782,  930,   97,  450,  787,  454, 1225,  736,  543, 1167, 1121,  469,  666,   95,  711,  551,  825,  836,  521,  560,  619,  190,  840,  370,  852,  947,  833,  348,  394,  222,  781,  643,  899,  953,  512,  572,  763,  970,  632,  320],
        [  877,    0,  611,  633,  198,  729,  357,  673,  936,   77,  371,  387,  667,  653,  154, 1034,  493,  960,  404,  681,  536,  805,  816,  626, 1133,  548,  552,  835,  542,  897,  836,  446,  265,  849,  580,    0,  795, 1002,  767,  862,  372,  625,  662,  898,  730,  257,  394,  862,  307,  783,  512,  911,  284,  614,  799,  944,  765,  842,  717,  898,  445,  844,  727,  854,  442,  714,  235,  771,  173,  699,  629,  886,  118,  486,  533,  717,  410,  212,  919,  485,  740,  863,  982,  445,  623,   39,  358,  728,  932,  910,  484,  287,  441,  129,  906,  781,  172,  842,  780,  630,  622,  571,  393,  657,  312,  366,  185,  487,  642,  631,  382,  463,  378,  950,  673,  639,  738,  359,  780,  859,  530, 1090,   72,  295,  790, 1082,  101,  386],
        [   97,    0,  200,  433,  936,  526,  604,  684,  374,  814,  432,  593,  345,  270,  723,  311,  319,  213,  507,  457,  269,   15,  482,  528,  356,  351,  615,  214,  416,  243,  585,  577,  835,  381,  755,  795,    0,  334,  144,  639,  600,  171,  170,  235,  189,  730,  479,  592,  497,   14,  603,  650,  524,  317,  378,  180,  501,  622,  291,  185,  354,  236,   84,  376,  362,  585,  927,  372,  637,  423,  183,  149,  777,  643,  742,   83,  395,  590,  317,  321,  518,  269,  189,  357,  329,  825,  443,  334,  181,  178,  721,  524,  507,  728,  655,   20,  624,  622,  614,  287,  177,  661,  482,  205,  741,  678,  611,  309,  161,  589,  662,  423,  686,  193,  265,  420,  432,  722,   57,  239,  551,  301,  749,  507,   18,  288,  738,  517],
        [  354,    0,  417,  431, 1173,  859,  711,  628,  126, 1041,  684,  891,  678,  600,  890,   84,  518,  438,  625,  414,  486,  320,  338,  858,  230,  668,  938,  526,  736,  110,  914,  647, 1105,  698,  746, 1002,  334,    0,  474,  967,  701,  440,  361,  112,  277, 1004,  618,  918,  744,  345,  922,  973,  719,  393,  704,  183,  392,  951,  293,  150,  575,  159,  339,  692,  627,  918, 1177,  283,  872,  375,  401,  186,  949,  959,  754,  358,  600,  792,  606,  530,  424,  574,  323,  618,  388, 1023,  652,  666,  168,  439,  755,  715,  812,  903,  980,  330,  844,  951,  946,  373,  465,  656,  771,  352, 1025,  974,  825,  546,  403,  556,  961,  548,  984,  415,  597,  418,  352,  809,  389,  144,  873,  257,  941,  749,  351,  294,  971,  641],
        [  147,    0,  252,  530,  884,  387,  641,  779,  517,  773,  397,  503,  213,  151,  721,  443,  344,  195,  549,  563,  295,  157,  609,  398,  459,  254,  495,   93,  309,  386,  442,  634,  762,  242,  831,  767,  144,  474,    0,  496,  641,  192,  254,  378,  309,  659,  512,  449,  460,  135,  490,  507,  520,  406,  235,  308,  619,  479,  408,  326,  357,  377,  185,  238,  327,  447,  865,  497,  598,  534,  243,  289,  771,  534,  811,  169,  403,  577,  204,  339,  632,  146,  250,  326,  421,  801,  441,  193,  314,  145,  783,  523,  414,  722,  513,  153,  596,  479,  472,  379,  171,  741,  408,  296,  659,  589,  588,  309,  214,  681,  570,  472,  594,  188,  139,  518,  549,  761,   87,  381,  436,  392,  732,  473,  126,  365,  696,  555],
        [  618,    0,  678,  958,  870,  150,  939, 1182, 1011,  822,  608,  475,  325,  406,  906,  927,  700,  576,  874, 1002,  672,  652, 1078,  241,  906,  420,  317,  445,  373,  881,   54,  974,  698,  278, 1189,  862,  639,  967,  496,    0,  946,  615,  708,  874,  786,  630,  830,   54,  633,  630,  354,   53,  755,  837,  264,  792, 1075,   23,  874,  820,  668,  870,  667,  285,  579,  148,  822,  969,  708,  982,  680,  782,  930,  389, 1156,  647,  702,  767,  398,  685, 1079,  405,  689,  587,  855,  900,  705,  311,  802,  550, 1114,  761,  434,  892,   45,  648,  740,   23,   83,  817,  581, 1114,  503,  748,  589,  513,  749,  638,  655, 1087,  493,  827,  505,  590,  399,  949, 1007, 1042,  583,  875,  333,  832,  868,  647,  622,  792,  762,  871],
        [  695,    0,  403,  284,  570,  796,   16,  311,  611,  439,  339,  545,  652,  596,  224,  753,  297,  806,   94,  324,  346,  604,  458,  714,  877,  534,  699,  730,  573,  610,  903,   74,  590,  818,  256,  372,  600,  701,  641,  946,    0,  452,  432,  613,  463,  526,  129,  924,  328,  592,  660,  985,  202,  316,  780,  698,  401,  924,  410,  635,  297,  553,  517,  819,  371,  812,  601,  435,  343,  350,  418,  635,  279,  661,  216,  518,  253,  231,  837,  303,  374,  776,  782,  366,  317,  377,  242,  700,  680,  761,  170,  195,  534,  246,  984,  581,  295,  924,  875,  343,  470,  212,  457,  406,  577,  582,  272,  340,  444,  260,  586,  177,  598,  788,  613,  293,  387,  123,  611,  568,  646,  853,  301,  317,  603,  859,  400,   86],
        [  257,    0,   66,  353,  770,  479,  453,  596,  434,  646,  264,  452,  291,  210,  555,  444,  158,  358,  359,  392,  107,  180,  464,  447,  517,  238,  509,  284,  308,  332,  563,  442,  678,  406,  640,  625,  171,  440,  192,  615,  452,    0,   97,  329,  186,  574,  325,  577,  329,  159,  489,  639,  355,  228,  382,  331,  461,  595,  261,  303,  185,  297,  109,  405,  197,  525,  763,  356,  468,  369,   65,  280,  609,  522,  620,   95,  228,  420,  395,  156,  467,  334,  359,  191,  245,  655,  274,  311,  324,  312,  591,  355,  373,  559,  642,  156,  454,  595,  569,  205,   35,  551,  332,  134,  590,  535,  441,  139,   43,  498,  521,  280,  545,  342,  218,  342,  392,  573,  164,  308,  442,  468,  579,  338,  167,  457,  570,  367],
        [  266,    0,   56,  278,  822,  574,  437,  528,  342,  692,  324,  535,  385,  303,  572,  378,  170,  382,  340,  311,  129,  173,  371,  543,  472,  332,  603,  345,  402,  252,  655,  408,  745,  486,  589,  662,  170,  361,  254,  708,  432,   97,    0,  250,   92,  643,  315,  668,  385,  164,  581,  730,  380,  154,  467,  284,  372,  688,  167,  239,  220,  210,   87,  484,  266,  621,  821,  262,  518,  283,   40,  225,  629,  612,  574,   93,  253,  451,  456,  178,  381,  399,  351,  257,  169,  688,  305,  401,  271,  342,  552,  379,  461,  580,  733,  151,  496,  688,  664,  126,  130,  496,  412,   43,  665,  616,  479,  186,   54,  430,  603,  256,  627,  361,  310,  265,  303,  554,  194,  222,  536,  434,  608,  391,  176,  433,  619,  352],
        [  276,    0,  306,  359, 1066,  760,  623,  583,  146,  934,  574,  780,  575,  496,  792,  140,  410,  379,  532,  355,  376,  222,  314,  753,  271,  558,  830,  441,  627,   10,  820,  565,  994,  612,  688,  898,  235,  112,  378,  874,  613,  329,  250,    0,  169,  893,  521,  826,  634,  245,  813,  884,  614,  299,  612,  133,  357,  857,  206,   63,  466,   62,  229,  606,  515,  816, 1068,  228,  763,  315,  289,  100,  851,  848,  690,  249,  493,  687,  531,  421,  385,  492,  278,  507,  297,  921,  545,  568,  111,  369,  685,  611,  701,  804,  889,  228,  738,  857,  848,  275,  355,  596,  659,  244,  914,  862,  719,  435,  291,  501,  849,  451,  873,  355,  494,  346,  302,  726,  292,   47,  764,  268,  839,  639,  253,  291,  863,  547],
        [  277,    0,  146,  250,  898,  656,  470,  500,  250,  766,  409,  625,  467,  385,  628,  305,  241,  396,  375,  269,  210,  184,  300,  631,  417,  423,  694,  394,  493,  169,  733,  424,  829,  550,  581,  730,  189,  277,  309,  786,  463,  186,   92,  169,    0,  729,  359,  744,  467,  190,  672,  805,  446,  150,  537,  236,  313,  767,  102,  175,  298,  121,  125,  547,  354,  706,  901,  189,  595,  234,  132,  173,  686,  704,  573,  142,  324,  519,  502,  253,  329,  450,  338,  345,  156,  753,  376,  476,  218,  366,  559,  444,  552,  639,  809,  171,  569,  767,  747,  121,  218,  486,  503,   75,  753,  706,  550,  271,  144,  406,  694,  292,  717,  374,  389,  237,  244,  581,  233,  135,  627,  391,  672,  472,  202,  399,  695,  390],
        [  793,    0,  587,  720,  248,  512,  512,  835,  968,  199,  320,  173,  502,  518,  364, 1016,  495,  850,  512,  773,  519,  743,  901,  407, 1086,  407,  313,  705,  371,  895,  612,  590,  105,  673,  772,  257,  730, 1004,  659,  630,  526,  574,  643,  893,  729,    0,  482,  638,  266,  718,  277,  681,  348,  656,  621,  903,  862,  611,  752,  875,  435,  849,  682,  678,  379,  484,  213,  828,  183,  779,  604,  853,  358,  242,  727,  667,  423,  297,  766,  480,  845,  718,  901,  387,  671,  292,  377,  562,  897,  800,  677,  355,  256,  341,  674,  721,  231,  611,  547,  661,  557,  737,  252,  654,   57,  117,  255,  458,  605,  769,  137,  534,  127,  845,  536,  721,  817,  562,  698,  863,  310, 1030,  293,  265,  720, 1012,  161,  498],
        [  573,    0,  279,  246,  582,  680,  129,  374,  544,  446,  232,  462,  528,  469,  272,  661,  168,  681,   44,  296,  219,  484,  430,  604,  776,  413,  603,  601,  458,  519,  785,  145,  563,  691,  360,  394,  479,  618,  512,  830,  129,  325,  315,  521,  359,  482,    0,  805,  241,  470,  567,  867,  135,  226,  653,  591,  385,  808,  328,  533,  170,  463,  397,  692,  251,  701,  600,  377,  306,  310,  296,  529,  331,  575,  327,  396,  129,  198,  708,  174,  366,  647,  664,  244,  232,  410,  132,  574,  575,  636,  288,  128,  435,  286,  866,  460,  263,  808,  762,  246,  341,  291,  359,  295,  525,  514,  240,  212,  320,  295,  513,   71,  529,  663,  486,  249,  349,  249,  486,  479,  545,  745,  328,  234,  480,  747,  388,   44],
        [  568,    0,  640,  923,  882,  134,  918, 1151,  965,  826,  588,  476,  289,  368,  897,  877,  670,  523,  849,  966,  638,  604, 1038,  236,  853,  393,  328,  394,  353,  834,   26,  949,  712,  226, 1164,  862,  592,  918,  449,   54,  924,  577,  668,  826,  744,  638,  805,    0,  619,  583,  362,   64,  737,  800,  215,  742, 1037,   48,  834,  771,  641,  824,  623,  233,  555,  156,  836,  928,  703,  944,  641,  734,  924,  401, 1132,  603,  677,  755,  345,  655, 1042,  353,  637,  562,  818,  900,  683,  268,  752,  498, 1091,  743,  427,  885,   66,  601,  732,   48,  103,  780,  543, 1087,  491,  708,  601,  523,  739,  609,  616, 1056,  502,  799,  516,  537,  359,  914,  968, 1024,  536,  829,  333,  779,  864,  633,  574,  739,  763,  847],
