{
    "name": "random-46-19006",
    "comment": "size=46 seed=19006",
    "nodes": ["+0", "-0", "+1", "-1", "+2", "-2", "+3", "-3", "+4", "-4", "+5", "-5", "+6", "-6", "+7", "-7", "+8", "-8", "+9", "-9", "+10", "-10", "+11", "-11", "+12", "-12", "+13", "-13", "+14", "-14", "+15", "-15", "+16", "-16", "+17", "-17", "+18", "-18", "+19", "-19", "+20", "-20", "+21", "-21", "+22", "-22", "+23", "-23", "+24", "-24", "+25", "-25", "+26", "-26", "+27", "-27", "+28", "-28", "+29", "-29", "+30", "-30", "+31", "-31", "+32", "-32", "+33", "-33", "+34", "-34", "+35", "-35", "+36", "-36", "+37", "-37", "+38", "-38", "+39", "-39", "+40", "-40", "+41", "-41", "+42", "-42", "+43", "-43", "+44", "-44", "+45", "-45", "+46", "-46"],
    "precedence": {
        "+0": "-0",
        "+1": "-1",
        "+2": "-2",
        "+3": "-3",
        "+4": "-4",
        "+5": "-5",
        "+6": "-6",
        "+7": "-7",
        "+8": "-8",
        "+9": "-9",
        "+10": "-10",
        "+11": "-11",
        "+12": "-12",
        "+13": "-13",
        "+14": "-14",
        "+15": "-15",
        "+16": "-16",
        "+17": "-17",
        "+18": "-18",
        "+19": "-19",
        "+20": "-20",
        "+21": "-21",
        "+22": "-22",
        "+23": "-23",
        "+24": "-24",
        "+25": "-25",
        "+26": "-26",
        "+27": "-27",
        "+28": "-28",
        "+29": "-29",
        "+30": "-30",
        "+31": "-31",
        "+32": "-32",
        "+33": "-33",
        "+34": "-34",
        "+35": "-35",
        "+36": "-36",
        "+37": "-37",
        "+38": "-38",
        "+39": "-39",
        "+40": "-40",
        "+41": "-41",
        "+42": "-42",
        "+43": "-43",
        "+44": "-44",
        "+45": "-45",
        "+46": "-46"
    },
    "edges": [
        [    0,    0,  547,  321,   89,  570,  822,  424,  375,  492,  703,  959,  703,  608,  915,  481,  987,  227,  402,  642,  707,  819,   92,  123,  106,  711,  466,  574,  689,  867,  578,  618, 1081, 1098,  851,  861,  135,  673,  419,  832,  710,  882,  212,  760,  749,  494,  194,  731,  468,  784,  521,  712,  860, 1069,  703,  805,  753,  216,  507,  823,  701,  453,  492,  491,  889,  325, 1213,  813,  919,  624,  470,  979,  846,  677,  933,  518,  843,  485,  363,  406,  721,  147,  163,  211,  200, 1040,  837,  619,  890,  805,  632,  267,  723, 1093],
        [    0,    0,    0,    0,    0,    0,    0,    0,    0,    0,    0,    0,    0,    0,    0,    0,    0,    0,    0,    0,    0,    0,    0,    0,    0,    0,    0,    0,    0,    0,    0,    0,    0,    0,    0,    0,    0,    0,    0,    0,    0,    0,    0,    0,    0,    0,    0,    0,    0,    0,    0,    0,    0,    0,    0,    0,    0,    0,    0,    0,    0,    0,    0,    0,    0,    0,    0,    0,    0,    0,    0,    0,    0,    0,    0,    0,    0,    0,    0,    0,    0,    0,    0,    0,    0,    0,    0,    0,    0,    0,    0,    0,    0,    0],
        [  547,    0,    0,  253,  486,  527,  341,  245,  502,  627,  208,  426,  406,  509,  378,  139,  476,  441,  329,  585,  750,  314,  501,  430,  463,  645,  369,  553,  165,  732,  262,  240,  586,  579,  403,  400,  518,  620,  531,  302,  272,  705,  431,  252,  318,  119,  391,  753,  300,  424,  261,  266,  399,  561,  592,  693,  807,  383,  181,  277,  256,  107,  438,  203,  343,  489,  779,  297,  461,  200,  400,  434,  305,  675,  505,  235,  826,  519,  184,  147,  338,  442,  461,  348,  435,  517,  434,  102,  399,  287,  473,  344,  320,  577],
        [  321,    0,  253,    0,  283,  558,  503,  277,  440,  584,  446,  643,  557,  567,  601,  161,  667,  191,  156,  631,  763,  559,  303,  224,  264,  702,  396,  577,  414,  828,  402,  303,  832,  830,  535,  543,  338,  668,  483,  554,  486,  820,  179,  441,  433,  254,  142,  776,  191,  609,  363,  393,  542,  810,  665,  775,  819,  237,  304,  526,  382,  192,  458,  177,  582,  404, 1007,  494,  602,  398,  420,  671,  557,  703,  725,  210,  872,  509,   94,  109,  528,  262,  293,  175,  287,  768,  640,  345,  570,  487,  558,  233,  519,  828],
        [   89,    0,  486,  283,    0,  485,  782,  341,  293,  419,  628,  906,  616,  521,  860,  438,  941,  249,  395,  558,  632,  743,   21,   60,   23,  628,  377,  490,  619,  782,  494,  586, 1002, 1022,  818,  825,   70,  589,  340,  760,  629,  796,  229,  713,  716,  421,  187,  655,  455,  698,  436,  675,  824,  992,  617,  720,  680,  130,  428,  758,  663,  386,  405,  460,  828,  244, 1128,  764,  885,  545,  382,  919,  778,  597,  849,  491,  765,  402,  306,  352,  637,   59,   76,  139,  112,  966,  752,  550,  849,  756,  544,  182,  640, 1017],
        [  570,    0,  527,  558,  485,    0,  857,  300,  203,  183,  487,  879,  267,   58,  827,  606,  960,  674,  714,   76,  224,  559,  479,  484,  474,  148,  167,   29,  529,  297,  292,  756,  726,  787,  925,  919,  441,  111,  170,  617,  419,  315,  652,  761,  845,  410,  590,  227,  734,  361,  269,  792,  918,  741,  134,  236,  281,  384,  347,  673,  783,  449,  100,  670,  763,  250,  756,  796,  979,  393,  139,  839,  661,  150,  523,  712,  315,   93,  484,  514,  361,  433,  409,  435,  375,  751,  433,  496,  906,  784,  117,  351,  383,  775],
        [  822,    0,  341,  503,  782,  857,    0,  586,  843,  968,  412,  197,  683,  831,  188,  345,  172,  647,  463,  909, 1079,  433,  800,  723,  761,  962,  707,  884,  351, 1021,  572,  216,  626,  567,   80,   65,  828,  941,  872,  367,  502,  983,  647,   98,  100,  458,  635, 1078,  394,  659,  588,  114,   64,  579,  902,  993, 1136,  702,  513,  276,  125,  443,  773,  335,  236,  827,  871,   84,  122,  478,  738,  279,  322, 1001,  659,  319, 1140,  858,  484,  436,  584,  750,  775,  654,  756,  509,  633,  364,   69,   93,  786,  672,  559,  575],
        [  424,    0,  245,  277,  341,  300,  586,    0,  261,  383,  304,  650,  294,  297,  599,  308,  713,  432,  426,  368,  519,  414,  348,  304,  320,  435,  134,  323,  314,  553,  155,  460,  663,  690,  647,  645,  343,  404,  287,  444,  291,  544,  412,  495,  559,  130,  352,  526,  439,  365,  100,  507,  643,  656,  393,  502,  576,  212,   97,  465,  497,  152,  202,  371,  548,  254,  790,  537,  706,  210,  163,  636,  473,  449,  509,  412,  612,  277,  191,  216,  298,  284,  285,  220,  249,  637,  413,  254,  643,  527,  282,  160,  299,  683],
        [  375,    0,  502,  440,  293,  203,  843,  261,    0,  145,  544,  909,  410,  250,  858,  536,  973,  510,  592,  271,  343,  643,  284,  304,  287,  338,  178,  202,  566,  496,  353,  697,  858,  904,  900,  900,  242,  300,   48,  686,  504,  517,  488,  753,  807,  390,  430,  364,  629,  506,  302,  757,  898,  862,  336,  433,  395,  218,  350,  718,  746,  401,  155,  588,  804,   50,  928,  797,  961,  444,  158,  890,  720,  304,  671,  629,  473,  113,  391,  434,  474,  249,  219,  280,  191,  857,  573,  512,  901,  787,  291,  207,  488,  894],
        [  492,    0,  627,  584,  419,  183,  968,  383,  145,    0,  635, 1017,  445,  240,  965,  674, 1089,  649,  737,  215,  216,  721,  406,  440,  417,  263,  268,  162,  668,  422,  437,  834,  905,  963, 1029, 1027,  358,  230,  102,  773,  579,  459,  627,  875,  939,  511,  570,  243,  773,  541,  396,  888, 1025,  917,  289,  360,  262,  361,  460,  818,  877,  531,  210,  729,  906,  186,  937,  916, 1088,  536,  238,  988,  813,  203,  704,  770,  356,  120,  531,  572,  532,  382,  349,  424,  327,  923,  613,  622, 1023,  905,  299,  351,  551,  951],
        [  703,    0,  208,  446,  628,  487,  412,  304,  544,  635,    0,  394,  274,  449,  343,  347,  481,  636,  536,  524,  699,  117,  639,  580,  605,  567,  372,  516,   64,  611,  199,  411,  387,  396,  489,  476,  641,  552,  557,  143,   91,  571,  623,  317,  438,  209,  575,  692,  506,  250,  243,  390,  475,  369,  504,  587,  753,  505,  207,  186,  385,  260,  426,  407,  276,  550,  571,  336,  529,  100,  400,  354,  178,  618,  299,  435,  741,  516,  361,  338,  173,  574,  582,  492,  549,  339,  240,  107,  445,  324,  395,  456,  148,  391],
        [  959,    0,  426,  643,  906,  879,  197,  650,  909, 1017,  394,    0,  659,  842,   52,  484,  106,  808,  636,  917, 1092,  359,  923,  849,  884,  959,  750,  908,  351,  988,  588,  394,  476,  401,  247,  223,  942,  945,  930,  287,  474,  940,  805,  207,  295,  523,  782, 1085,  571,  609,  622,  294,  223,  425,  895,  971, 1146,  808,  561,  210,  302,  532,  810,  496,  122,  903,  727,  155,  233,  486,  780,   99,  236, 1011,  561,  490, 1130,  900,  601,  556,  551,  866,  885,  771,  860,  352,  564,  398,  155,  160,  789,  769,  525,  413],
        [  703,    0,  406,  557,  616,  267,  683,  294,  410,  445,  274,  659,    0,  214,  609,  530,  751,  725,  692,  276,  448,  311,  618,  589,  597,  305,  247,  293,  332,  339,  157,  644,  461,  521,  759,  747,  598,  297,  399,  378,  186,  303,  705,  586,  698,  319,  645,  435,  687,   98,  197,  647,  746,  475,  239,  314,  497,  488,  257,  450,  640,  381,  256,  598,  538,  439,  522,  608,  801,  213,  256,  603,  427,  367,  263,  636,  471,  333,  464,  470,  109,  557,  548,  510,  509,  487,  168,  331,  718,  597,  151,  438,  135,  509],
        [  608,    0,  509,  567,  521,   58,  831,  297,  250,  240,  449,  842,  214,    0,  791,  600,  926,  695,  720,   78,  251,  513,  517,  514,  509,  139,  171,   81,  496,  267,  261,  744,  671,  734,  902,  895,  482,  111,  222,  574,  376,  275,  673,  734,  825,  395,  611,  247,  736,  307,  248,  773,  893,  687,  101,  210,  306,  412,  329,  634,  764,  440,  118,  665,  724,  294,  699,  767,  953,  360,  151,  798,  620,  171,  467,  707,  318,  145,  486,  512,  313,  467,  446,  457,  409,  700,  379,  469,  877,  755,   63,  373,  335,  722],
        [  915,    0,  378,  601,  860,  827,  188,  599,  858,  965,  343,   52,  609,  791,    0,  443,  146,  771,  603,  866, 1041,  313,  877,  803,  838,  908,  698,  856,  299,  940,  536,  366,  453,  385,  252,  228,  895,  894,  879,  241,  424,  893,  766,  174,  281,  472,  741, 1034,  541,  562,  570,  271,  228,  403,  845,  922, 1095,  760,  509,  160,  278,  483,  759,  460,   75,  853,  702,  127,  251,  435,  728,   92,  189,  960,  521,  458, 1080,  848,  555,  511,  502,  819,  838,  724,  812,  331,  519,  346,  164,  129,  737,  720,  476,  394],
        [  481,    0,  139,  161,  438,  606,  345,  308,  536,  674,  347,  484,  530,  600,  443,    0,  507,  331,  192,  673,  826,  448,  456,  379,  417,  738,  441,  630,  299,  841,  377,  162,  718,  703,  383,  389,  485,  709,  573,  427,  410,  821,  325,  281,  283,  215,  299,  833,  162,  558,  360,  239,  388,  689,  691,  797,  883,  366,  282,  384,  227,  161,  509,   69,  429,  510,  917,  334,  449,  333,  470,  517,  420,  756,  644,  108,  917,  579,  149,  103,  472,  408,  435,  313,  420,  640,  572,  241,  412,  327,  574,  343,  456,  703],
        [  987,    0,  476,  667,  941,  960,  172,  713,  973, 1089,  481,  106,  751,  926,  146,  507,    0,  817,  634, 1002, 1177,  459,  959,  882,  919, 1048,  822,  988,  431, 1084,  668,  387,  579,  501,  188,  165,  983, 1032,  998,  386,  565, 1038,  816,  229,  266,  583,  802, 1172,  565,  707,  696,  285,  166,  528,  985, 1065, 1231,  853,  629,  303,  295,  582,  885,  504,  221,  963,  830,  180,  149,  567,  853,  201,  335, 1096,  665,  489, 1221,  974,  638,  591,  645,  905,  928,  809,  906,  454,  665,  468,  106,  189,  875,  818,  619,  513],
        [  227,    0,  441,  191,  249,  674,  647,  432,  510,  649,  636,  808,  725,  695,  771,  331,  817,    0,  191,  749,  852,  750,  268,  212,  242,  821,  528,  686,  604,  962,  575,  432, 1022, 1019,  662,  675,  319,  784,  558,  743,  672,  963,   23,  602,  562,  440,   85,  872,  262,  786,  528,  533,  674, 1000,  795,  904,  905,  295,  481,  711,  523,  380,  579,  314,  760,  464, 1194,  654,  729,  583,  545,  846,  744,  806,  911,  329,  977,  605,  278,  299,  708,  269,  304,  240,  322,  958,  823,  535,  715,  649,  699,  324,  702, 1018],
        [  402,    0,  329,  156,  395,  714,  463,  426,  592,  737,  536,  636,  692,  720,  603,  192,  634,  191,    0,  786,  919,  639,  416,  341,  380,  856,  550,  732,  490,  979,  536,  248,  909,  892,  473,  487,  460,  822,  637,  617,  594,  967,  197,  430,  374,  376,  211,  932,   72,  733,  505,  350,  486,  880,  818,  928,  974,  382,  436,  568,  340,  313,  614,  147,  603,  554, 1107,  481,  539,  511,  575,  685,  607,  859,  831,  147, 1027,  665,  236,  223,  648,  391,  425,  318,  428,  828,  754,  430,  530,  477,  708,  386,  635,  892],
        [  642,    0,  585,  631,  558,   76,  909,  368,  271,  215,  524,  917,  276,   78,  866,  673, 1002,  749,  786,    0,  176,  583,  551,  558,  548,   72,  237,   69,  572,  226,  338,  819,  724,  793,  979,  972,  511,   37,  232,  646,  448,  250,  727,  812,  902,  470,  665,  170,  805,  363,  325,  849,  970,  744,   74,  163,  230,  458,  405,  709,  840,  513,  174,  737,  799,  319,  729,  843, 1030,  436,  211,  871,  693,   95,  518,  779,  245,  158,  554,  583,  381,  507,  482,  510,  448,  762,  435,  546,  954,  832,  130,  426,  405,  779],
        [  707,    0,  750,  763,  632,  224, 1079,  519,  343,  216,  699, 1092,  448,  251, 1041,  826, 1177,  852,  919,  176,    0,  757,  620,  647,  627,  151,  386,  198,  746,  261,  511,  978,  881,  955, 1148, 1142,  572,  151,  296,  821,  623,  316,  830,  983, 1068,  633,  771,   34,  946,  529,  492, 1015, 1140,  906,  214,  212,   58,  559,  570,  884, 1006,  670,  317,  887,  974,  391,  855, 1016, 1201,  610,  356, 1045,  868,   82,  673,  929,  142,  255,  696,  730,  554,  590,  559,  618,  533,  928,  598,  717, 1127, 1005,  305,  539,  578,  941],
        [  819,    0,  314,  559,  743,  559,  433,  414,  643,  721,  117,  359,  311,  513,  313,  448,  459,  750,  639,  583,  757,    0,  754,  696,  721,  615,  467,  587,  150,  631,  291,  484,  274,  280,  512,  494,  754,  607,  650,   73,  142,  582,  737,  348,  482,  326,  690,  746,  602,  251,  343,  441,  493,  253,  550,  617,  807,  620,  320,  161,  438,  376,  512,  503,  238,  653,  476,  350,  538,  205,  491,  294,  124,  676,  228,  526,  779,  602,  476,  451,  204,  690,  696,  609,  662,  223,  208,  215,  449,  340,  454,  570,  179,  275],
        [   92,    0,  501,  303,   21,  479,  800,  348,  284,  406,  639,  923,  618,  517,  877,  456,  959,  268,  416,  551,  620,  754,    0,   79,   40,  620,  378,  483,  632,  775,  500,  606, 1011, 1033,  837,  844,   52,  582,  329,  773,  638,  791,  249,  730,  735,  433,  208,  643,  475,  702,  442,  694,  843, 1001,  611,  713,  667,  137,  437,  772,  682,  400,  402,  480,  843,  235, 1132,  782,  904,  554,  380,  934,  791,  587,  854,  511,  754,  394,  323,  369,  643,   65,   72,  154,  111,  977,  757,  563,  867,  773,  541,  189,  646, 1027],
        [  123,    0,  430,  224,   60,  484,  723,  304,  304,  440,  580,  849,  589,  514,  803,  379,  882,  212,  341,  558,  647,  696,   79,    0,   40,  629,  359,  492,  568,  779,  458,  527,  959,  975,  758,  766,  119,  591,  352,  710,  588,  788,  190,  654,  657,  372,  140,  668,  399,  666,  402,  615,  764,  946,  612,  718,  698,  104,  385,  704,  604,  332,  396,  401,  773,  256, 1094,  706,  825,  501,  368,  863,  726,  606,  812,  433,  776,  406,  248,  294,  601,   58,   93,   88,  114,  918,  717,  498,  789,  698,  530,  151,  602,  970],
        [  106,    0,  463,  264,   23,  474,  761,  320,  287,  417,  605,  884,  597,  509,  838,  417,  919,  242,  380,  548,  627,  721,   40,   40,    0,  618,  361,  480,  597,  771,  473,  567,  980, 1000,  797,  804,   80,  580,  334,  738,  608,  783,  221,  691,  696,  399,  175,  650,  438,  679,  416,  654,  803,  970,  605,  710,  676,  110,  406,  735,  643,  363,  392,  440,  805,  238, 1108,  742,  864,  523,  367,  896,  755,  590,  828,  473,  759,  393,  284,  330,  617,   43,   69,  116,  100,  944,  732,  527,  827,  734,  529,  162,  619,  995],
        [  711,    0,  645,  702,  628,  148,  962,  435,  338,  263,  567,  959,  305,  139,  908,  738, 1048,  821,  856,   72,  151,  615,  620,  629,  618,    0,  306,  138,  619,  161,  391,  881,  731,  806, 1034, 1025,  579,   39,  296,  682,  486,  197,  799,  864,  960,  532,  737,  133,  873,  381,  385,  907, 1024,  756,   66,   98,  194,  530,  466,  750,  899,  578,  245,  804,  839,  387,  711,  894, 1083,  485,  282,  907,  730,   80,  523,  845,  181,  227,  623,  650,  413,  577,  552,  582,  519,  780,  449,  599, 1005,  882,  176,  498,  438,  791],
        [  466,    0,  369,  396,  377,  167,  707,  134,  178,  268,  372,  750,  247,  171,  698,  441,  822,  528,  550,  237,  386,  467,  378,  359,  361,  306,    0,  190,  401,  436,  177,  592,  682,  726,  771,  767,  353,  273,  185,  513,  327,  436,  507,  612,  686,  251,  444,  393,  568,  338,  130,  634,  766,  686,  271,  381,  443,  256,  194,  552,  624,  284,   70,  504,  640,  197,  768,  651,  828,  272,   32,  723,  550,  316,  500,  545,  480,  152,  318,  347,  298,  320,  306,  293,  267,  680,  402,  355,  760,  640,  173,  211,  311,  717],
        [  574,    0,  553,  577,  490,   29,  884,  323,  202,  162,  516,  908,  293,   81,  856,  630,  988,  686,  732,   69,  198,  587,  483,  492,  480,  138,  190,    0,  558,  294,  321,  781,  751,  814,  952,  947,  443,  100,  164,  646,  447,  318,  664,  788,  871,  435,  602,  204,  755,  387,  297,  818,  945,  767,  138,  232,  255,  394,  373,  701,  809,  473,  121,  693,  791,  250,  775,  823, 1006,  422,  161,  868,  690,  128,  548,  734,  296,   90,  504,  536,  389,  440,  414,  447,  381,  778,  459,  524,  934,  812,  143,  364,  411,  801],
        [  689,    0,  165,  414,  619,  529,  351,  314,  566,  668,   64,  351,  332,  496,  299,  299,  431,  604,  490,  572,  746,  150,  632,  568,  597,  619,  401,  558,    0,  671,  238,  350,  422,  417,  428,  416,  639,  602,  584,  143,  153,  632,  592,  255,  374,  200,  548,  741,  455,  314,  272,  326,  414,  397,  557,  644,  801,  502,  219,  153,  321,  238,  460,  355,  239,  566,  621,  277,  469,  137,  430,  324,  161,  666,  356,  380,  795,  550,  335,  306,  235,  569,  581,  482,  549,  356,  302,   71,  388,  266,  445,  455,  210,  415],
        [  867,    0,  732,  828,  782,  297, 1021,  553,  496,  422,  611,  988,  339,  267,  940,  841, 1084,  962,  979,  226,  261,  631,  775,  779,  771,  161,  436,  294,  671,    0,  470,  971,  684,  769, 1097, 1086,  736,  198,  456,  702,  522,   64,  940,  925, 1034,  628,  878,  230,  987,  380,  482,  983, 1084,  718,  167,   64,  276,  677,  560,  781,  975,  682,  385,  909,  866,  544,  613,  946, 1139,  548,  417,  922,  753,  224,  483,  949,  182,  384,  743,  763,  441,  729,  706,  724,  671,  756,  435,  667, 1056,  935,  271,  640,  467,  754],
        [  578,    0,  262,  402,  494,  292,  572,  155,  353,  437,  199,  588,  157,  261,  536,  377,  668,  575,  536,  338,  511,  291,  500,  458,  473,  391,  177,  321,  238,  470,    0,  502,  518,  555,  643,  635,  489,  370,  361,  338,  152,  445,  556,  474,  571,  164,  498,  508,  532,  213,   59,  519,  634,  516,  333,  432,  566,  365,  100,  383,  510,  225,  227,  446,  473,  365,  636,  506,  693,  102,  202,  553,  377,  431,  355,  484,  570,  317,  308,  313,  144,  436,  434,  374,  396,  506,  259,  209,  617,  495,  216,  312,  147,  546],
        [  618,    0,  240,  303,  586,  756,  216,  460,  697,  834,  411,  394,  644,  744,  366,  162,  387,  432,  248,  819,  978,  484,  606,  527,  567,  881,  592,  781,  350,  971,  502,    0,  733,  697,  234,  245,  639,  854,  734,  440,  492,  944,  433,  194,  132,  350,  426,  983,  180,  652,  497,  103,  244,  695,  829,  932, 1035,  525,  416,  369,   94,  309,  662,  127,  380,  672,  958,  240,  301,  433,  623,  453,  415,  906,  704,  104, 1061,  736,  311,  265,  567,  562,  591,  470,  579,  634,  650,  319,  284,  238,  711,  505,  546,  701],
        [ 1081,    0,  586,  832, 1002,  726,  626,  663,  858,  905,  387,  476,  461,  671,  453,  718,  579, 1022,  909,  724,  881,  274, 1011,  959,  980,  731,  682,  751,  422,  684,  518,  733,    0,   97,  699,  677, 1005,  737,  854,  296,  373,  623, 1009,  566,  700,  593,  962,  861,  868,  365,  576,  670,  676,   53,  669,  696,  922,  875,  575,  367,  671,  646,  710,  770,  391,  878,  251,  546,  703,  458,  700,  379,  320,  805,  209,  789,  860,  792,  748,  724,  384,  946,  948,  871,  911,  125,  293,  488,  616,  540,  609,  823,  373,   80],
        [ 1098,    0,  579,  830, 1022,  787,  567,  690,  904,  963,  396,  401,  521,  734,  385,  703,  501, 1019,  892,  793,  955,  280, 1033,  975, 1000,  806,  726,  814,  417,  769,  555,  697,   97,    0,  635,  612, 1032,  808,  904,  278,  404,  709, 1008,  517,  648,  605,  965,  937,  844,  430,  611,  624,  611,   52,  742,  778,  998,  898,  597,  329,  626,  652,  761,  748,  332,  919,  336,  490,  632,  481,  747,  303,  286,  877,  288,  763,  943,  846,  751,  722,  433,  968,  974,  888,  939,   64,  359,  487,  548,  486,  672,  847,  417,   17],
        [  851,    0,  403,  535,  818,  925,   80,  647,  900, 1029,  489,  247,  759,  902,  252,  383,  188,  662,  473,  979, 1148,  512,  837,  758,  797, 1034,  771,  952,  428, 1097,  643,  234,  699,  635,    0,   25,  868, 1012,  932,  445,  580, 1060,  665,  173,  103,  521,  660, 1148,  402,  737,  657,  146,   25,  651,  975, 1068, 1205,  748,  580,  355,  157,  500,  839,  361,  308,  881,  945,  163,   68,  552,  803,  339,  400, 1071,  737,  336, 1213,  922,  529,  482,  662,  790,  818,  696,  802,  580,  712,  436,   93,  172,  859,  721,  636,  645],
        [  861,    0,  400,  543,  825,  919,   65,  645,  900, 1027,  476,  223,  747,  895,  228,  389,  165,  675,  487,  972, 1142,  494,  844,  766,  804, 1025,  767,  947,  416, 1086,  635,  245,  677,  612,   25,    0,  874, 1004,  930,  427,  567, 1047,  677,  162,  114,  517,  670, 1141,  416,  723,  651,  151,    2,  629,  966, 1057, 1198,  752,  575,  336,  162,  499,  835,  370,  287,  882,  924,  145,   62,  543,  798,  315,  381, 1064,  719,  348, 1204,  918,  533,  485,  649,  796,  823,  701,  806,  557,  696,  427,   69,  155,  850,  724,  623,  622],
        [  135,    0,  518,  338,   70,  441,  828,  343,  242,  358,  641,  942,  598,  482,  895,  485,  983,  319,  460,  511,  572,  754,   52,  119,   80,  579,  353,  443,  639,  736,  489,  639, 1005, 1032,  868,  874,    0,  541,  286,  778,  633,  755,  299,  754,  767,  440,  255,  597,  517,  685,  431,  723,  873,  998,  574,  674,  619,  137,  435,  783,  712,  413,  370,  514,  857,  193, 1116,  805,  934,  552,  352,  948,  799,  543,  841,  548,  708,  353,  345,  393,  631,   78,   59,  174,   94,  977,  743,  571,  894,  796,  511,  186,  636, 1025],
        [  673,    0,  620,  668,  589,  111,  941,  404,  300,  230,  552,  945,  297,  111,  894,  709, 1032,  784,  822,   37,  151,  607,  582,  591,  580,   39,  273,  100,  602,  198,  370,  854,  737,  808, 1012, 1004,  541,    0,  258,  671,  474,  230,  762,  844,  936,  505,  700,  141,  841,  380,  359,  883, 1003,  759,   70,  135,  201,  493,  439,  736,  874,  549,  210,  774,  826,  348,  729,  875, 1062,  466,  248,  896,  719,   70,  529,  815,  209,  188,  591,  619,  404,  539,  513,  545,  481,  779,  450,  578,  986,  863,  158,  461,  428,  794],
        [  419,    0,  531,  483,  340,  170,  872,  287,   48,  102,  557,  930,  399,  222,  879,  573,  998,  558,  637,  232,  296,  650,  329,  352,  334,  296,  185,  164,  584,  456,  361,  734,  854,  904,  932,  930,  286,  258,    0,  697,  510,  481,  536,  781,  841,  417,  477,  317,  672,  496,  314,  790,  929,  862,  300,  393,  347,  265,  370,  735,  779,  433,  145,  628,  822,   96,  912,  823,  992,  457,  160,  907,  734,  258,  662,  669,  426,   78,  430,  472,  473,  296,  266,  327,  238,  861,  566,  533,  929,  813,  269,  252,  488,  894],
        [  832,    0,  302,  554,  760,  617,  367,  444,  686,  773,  143,  287,  378,  574,  241,  427,  386,  743,  617,  646,  821,   73,  773,  710,  738,  682,  513,  646,  143,  702,  338,  440,  296,  278,  445,  427,  778,  671,  697,    0,  199,  654,  732,  288,  423,  340,  690,  811,  573,  323,  385,  386,  426,  263,  617,  687,  872,  641,  348,   91,  385,  381,  563,  475,  166,  692,  520,  283,  468,  242,  539,  226,   52,  739,  293,  493,  848,  654,  478,  446,  270,  709,  719,  623,  687,  215,  280,  214,  379,  274,  517,  593,  244,  277],
        [  710,    0,  272,  486,  629,  419,  502,  291,  504,  579,   91,  474,  186,  376,  424,  410,  565,  672,  594,  448,  623,  142,  638,  588,  608,  486,  327,  447,  153,  522,  152,  492,  373,  404,  580,  567,  633,  474,  510,  199,    0,  481,  656,  407,  527,  233,  604,  614,  571,  162,  208,  478,  565,  367,  422,  500,  675,  502,  204,  265,  472,  294,  371,  475,  354,  517,  522,  425,  618,   90,  351,  423,  245,  541,  240,  506,  657,  460,  394,  381,   82,  573,  576,  501,  539,  355,  163,  176,  534,  414,  318,  450,   57,  396],
        [  882,    0,  705,  820,  796,  315,  983,  544,  517,  459,  571,  940,  303,  275,  893,  821, 1038,  963,  967,  250,  316,  582,  791,  788,  783,  197,  436,  318,  632,   64,  445,  944,  623,  709, 1060, 1047,  755,  230,  481,  654,  481,    0,  942,  887, 1001,  607,  879,  286,  971,  332,  465,  950, 1046,  658,  181,  106,  335,  685,  540,  736,  943,  664,  392,  889,  819,  564,  550,  906, 1099,  515,  421,  872,  705,  269,  424,  929,  245,  405,  732,  748,  399,  741,  720,  728,  684,  697,  382,  634, 1015,  895,  264,  645,  425,  693],
        [  212,    0,  431,  179,  229,  652,  647,  412,  488,  627,  623,  805,  705,  673,  766,  325,  816,   23,  197,  727,  830,  737,  249,  190,  221,  799,  507,  664,  592,  940,  556,  433, 1009, 1008,  665,  677,  299,  762,  536,  732,  656,  942,    0,  599,  564,  424,   63,  849,  267,  768,  509,  533,  676,  988,  774,  883,  882,  272,  464,  702,  523,  365,  557,  313,  753,  442, 1178,  652,  732,  567,  523,  841,  734,  783,  894,  330,  954,  583,  263,  287,  691,  248,  283,  218,  300,  947,  806,  523,  715,  646,  678,  302,  685, 1006],
        [  760,    0,  252,  441,  713,  761,   98,  495,  753,  875,  317,  207,  586,  734,  174,  281,  229,  602,  430,  812,  983,  348,  730,  654,  691,  864,  612,  788,  255,  925,  474,  194,  566,  517,  173,  162,  754,  844,  781,  288,  407,  887,  599,    0,  137,  365,  579,  981,  367,  565,  492,  107,  161,  523,  805,  896, 1039,  624,  419,  202,  110,  357,  679,  289,  190,  740,  803,   53,  219,  381,  643,  260,  249,  904,  576,  285, 1043,  764,  409,  362,  489,  676,  699,  580,  678,  456,  544,  266,  149,   47,  689,  590,  464,  524],
        [  749,    0,  318,  433,  716,  845,  100,  559,  807,  939,  438,  295,  698,  825,  281,  283,  266,  562,  374,  902, 1068,  482,  735,  657,  696,  960,  686,  871,  374, 1034,  571,  132,  700,  648,  103,  114,  767,  936,  841,  423,  527, 1001,  564,  137,    0,  436,  558, 1070,  304,  687,  578,   53,  113,  656,  904, 1000, 1125,  648,  499,  338,   63,  409,  755,  258,  317,  786,  939,  159,  170,  487,  718,  372,  385,  992,  709,  235, 1140,  835,  430,  383,  607,  689,  717,  595,  702,  589,  672,  368,  161,  163,  786,  624,  583,  656],
        [  494,    0,  119,  254,  421,  410,  458,  130,  390,  511,  209,  523,  319,  395,  472,  215,  583,  440,  376,  470,  633,  326,  433,  372,  399,  532,  251,  435,  200,  628,  164,  350,  593,  605,  521,  517,  440,  505,  417,  340,  233,  607,  424,  365,  436,    0,  372,  636,  368,  358,  148,  384,  516,  577,  481,  585,  690,  303,   68,  346,  374,   64,  319,  283,  425,  381,  755,  408,  578,  144,  282,  515,  360,  558,  472,  322,  712,  401,  162,  155,  275,  370,  381,  284,  350,  547,  386,  133,  513,  397,  363,  256,  265,  600],
        [  194,    0,  391,  142,  187,  590,  635,  352,  430,  570,  575,  782,  645,  611,  741,  299,  802,   85,  211,  665,  771,  690,  208,  140,  175,  737,  444,  602,  548,  878,  498,  426,  962,  965,  660,  670,  255,  700,  477,  690,  604,  879,   63,  579,  558,  372,    0,  789,  275,  710,  450,  523,  669,  942,  711,  820,  823,  212,  407,  666,  512,  316,  494,  301,  723,  384, 1124,  632,  727,  514,  461,  812,  695,  722,  840,  325,  894,  522,  214,  245,  635,  196,  231,  156,  244,  904,  750,  478,  703,  625,  616,  240,  630,  962],
        [  731,    0,  753,  776,  655,  227, 1078,  526,  364,  243,  692, 1085,  435,  247, 1034,  833, 1172,  872,  932,  170,   34,  746,  643,  668,  650,  133,  393,  204,  741,  230,  508,  983,  861,  937, 1148, 1141,  597,  141,  317,  811,  614,  286,  849,  981, 1070,  636,  789,    0,  957,  513,  493, 1017, 1140,  887,  198,  183,   62,  578,  572,  876, 1008,  676,  324,  896,  966,  413,  828, 1013, 1200,  606,  364, 1036,  859,   78,  653,  937,  113,  269,  706,  739,  543,  612,  582,  636,  554,  912,  581,  715, 1124, 1002,  298,  555,  568,  923],
        [  468,    0,  300,  191,  455,  734,  394,  439,  629,  773,  506,  571,  687,  736,  541,  162,  565,  262,   72,  805,  946,  602,  475,  399,  438,  873,  568,  755,  455,  987,  532,  180,  868,  844,  402,  416,  517,  841,  672,  573,  571,  971,  267,  367,  304,  368,  275,  957,    0,  718,  507,  282,  415,  836,  831,  939, 1002,  427,  433,  517,  273,  308,  635,  100,  545,  594, 1075,  417,  468,  493,  595,  625,  559,  882,  804,   84, 1048,  693,  251,  225,  632,  445,  478,  364,  476,  781,  733,  401,  461,  413,  717,  423,  617,  846],
        [  784,    0,  424,  609,  698,  361,  659,  365,  506,  541,  250,  609,   98,  307,  562,  558,  707,  786,  733,  363,  529,  251,  702,  666,  679,  381,  338,  387,  314,  380,  213,  652,  365,  430,  737,  723,  685,  380,  496,  323,  162,  332,  768,  565,  687,  358,  710,  513,  718,    0,  265,  639,  722,  382,  316,  370,  575,  569,  306,  405,  634,  422,  353,  624,  488,  533,  432,  580,  773,  226,  350,  543,  374,  449,  166,  659,  534,  430,  515,  513,   87,  639,  633,  585,  594,  400,   73,  334,  686,  569,  245,  517,  106,  417],
        [  521,    0,  261,  363,  436,  269,  588,  100,  302,  396,  243,  622,  197,  248,  570,  360,  696,  528,  505,  325,  492,  343,  442,  402,  416,  385,  130,  297,  272,  482,   59,  497,  576,  611,  657,  651,  431,  359,  314,  385,  208,  465,  509,  492,  578,  148,  450,  493,  507,  265,    0,  525,  649,  574,  333,  438,  549,  307,   81,  422,  516,  201,  190,  427,  511,  311,  692,  528,  710,  144,  159,  594,  421,  415,  413,  468,  565,  279,  271,  284,  201,  378,  376,  320,  338,  561,  316,  230,  638,  517,  216,  255,  206,  603],
        [  712,    0,  266,  393,  675,  792,  114,  507,  757,  888,  390,  294,  647,  773,  271,  239,  285,  533,  350,  849, 1015,  441,  694,  615,  654,  907,  634,  818,  326,  983,  519,  103,  670,  624,  146,  151,  723,  883,  790,  386,  478,  950,  533,  107,   53,  384,  523, 1017,  282,  639,  525,    0,  150,  628,  851,  949, 1072,  602,  446,  304,   12,  358,  703,  223,  296,  737,  905,  145,  211,  435,  665,  361,  352,  940,  668,  205, 1088,  783,  384,  336,  558,  646,  673,  551,  656,  563,  626,  316,  182,  145,  734,  576,  534,  630],
        [  860,    0,  399,  542,  824,  918,   64,  643,  898, 1025,  475,  223,  746,  893,  228,  388,  166,  674,  486,  970, 1140,  493,  843,  764,  803, 1024,  766,  945,  414, 1084,  634,  244,  676,  611,   25,    2,  873, 1003,  929,  426,  565, 1046,  676,  161,  113,  516,  669, 1140,  415,  722,  649,  150,    0,  628,  965, 1056, 1197,  750,  573,  335,  161,  498,  833,  369,  286,  880,  923,  144,   64,  541,  797,  315,  380, 1063,  718,  347, 1203,  917,  532,  484,  647,  795,  821,  700,  804,  556,  695,  426,   68,  154,  849,  722,  622,  621],
        [ 1069,    0,  561,  810,  992,  741,  579,  656,  862,  917,  369,  425,  475,  687,  403,  689,  528, 1000,  880,  744,  906,  253, 1001,  946,  970,  756,  686,  767,  397,  718,  516,  695,   53,   52,  651,  629,  998,  759,  862,  263,  367,  658,  988,  523,  656,  577,  942,  887,  836,  382,  574,  628,  628,    0,  692,  726,  948,  866,  565,  327,  629,  628,  718,  738,  344,  880,  303,  500,  653,  448,  705,  328,  281,  828,  236,  755,  891,  802,  728,  702,  390,  937,  941,  859,  905,   74,  310,  465,  567,  495,  625,  815,  375,   37],
        [  703,    0,  592,  665,  617,  134,  902,  393,  336,  289,  504,  895,  239,  101,  845,  691,  985,  795,  818,   74,  214,  550,  611,  612,  605,   66,  271,  138,  557,  167,  333,  829,  669,  742,  975,  966,  574,   70,  300,  617,  422,  181,  774,  805,  904,  481,  711,  198,  831,  316,  333,  851,  965,  692,    0,  111,  260,  511,  413,  686,  843,  531,  218,  757,  775,  383,  660,  833, 1023,  424,  251,  842,  665,  137,  461,  798,  239,  225,  583,  607,  348,  564,  541,  557,  506,  715,  385,  540,  944,  822,  119,  473,  373,  728],
        [  805,    0,  693,  775,  720,  236,  993,  502,  433,  360,  587,  971,  314,  210,  922,  797, 1065,  904,  928,  163,  212,  617,  713,  718,  710,   98,  381,  232,  644,   64,  432,  932,  696,  778, 1068, 1057,  674,  135,  393,  687,  500,  106,  883,  896, 1000,  585,  820,  183,  939,  370,  438,  949, 1056,  726,  111,    0,  236,  618,  517,  763,  941,  637,  327,  864,  850,  481,  646,  921, 1113,  516,  361,  911,  738,  165,  491,  905,  166,  321,  692,  715,  421,  668,  644,  666,  610,  759,  431,  634, 1031,  909,  223,  582,  447,  762],
        [  753,    0,  807,  819,  680,  281, 1136,  576,  395,  262,  753, 1146,  497,  306, 1095,  883, 1231,  905,  974,  230,   58,  807,  667,  698,  676,  194,  443,  255,  801,  276,  566, 1035,  922,  998, 1205, 1198,  619,  201,  347,  872,  675,  335,  882, 1039, 1125,  690,  823,   62, 1002,  575,  549, 1072, 1197,  948,  260,  236,    0,  612,  627,  937, 1063,  727,  374,  945, 1027,  442,  882, 1072, 1257,  665,  413, 1097,  920,  136,  714,  986,  121,  311,  753,  787,  604,  641,  609,  672,  584,  973,  643,  773, 1183, 1061,  358,  593,  629,  984],
        [  216,    0,  383,  237,  130,  384,  702,  212,  218,  361,  505,  808,  488,  412,  760,  366,  853,  295,  382,  458,  559,  620,  137,  104,  110,  530,  256,  394,  502,  677,  365,  525,  875,  898,  748,  752,  137,  493,  265,  641,  502,  685,  272,  624,  648,  303,  212,  578,  427,  569,  307,  602,  750,  866,  511,  618,  612,    0,  302,  646,  591,  278,  294,  404,  721,  175,  999,  674,  813,  419,  265,  812,  662,  512,  719,  442,  683,  311,  219,  267,  508,   72,   79,   65,   55,  843,  623,  434,  767,  665,  426,   53,  511,  892],
        [  507,    0,  181,  304,  428,  347,  513,   97,  350,  460,  207,  561,  257,  329,  509,  282,  629,  481,  436,  405,  570,  320,  437,  385,  406,  466,  194,  373,  219,  560,  100,  416,  575,  597,  580,  575,  435,  439,  370,  348,  204,  540,  464,  419,  499,   68,  407,  572,  433,  306,   81,  446,  573,  565,  413,  517,  627,  302,    0,  370,  437,  126,  261,  350,  455,  348,  718,  457,  635,  118,  225,  542,  376,  494,  434,  389,  646,  346,  210,  214,  228,  372,  378,  298,  343,  543,  343,  164,  566,  446,  296,  251,  223,  591],
        [  823,    0,  277,  526,  758,  673,  276,  465,  718,  818,  186,  210,  450,  634,  160,  384,  303,  711,  568,  709,  884,  161,  772,  704,  735,  750,  552,  701,  153,  781,  383,  369,  367,  329,  355,  336,  783,  736,  735,   91,  265,  736,  702,  202,  338,  346,  666,  876,  517,  405,  422,  304,  335,  327,  686,  763,  937,  646,  370,    0,  304,  373,  609,  423,   90,  718,  602,  193,  378,  282,  581,  172,   48,  803,  383,  435,  921,  699,  461,  423,  343,  710,  725,  620,  695,  266,  367,  214,  289,  184,  580,  601,  317,  333],
        [  701,    0,  256,  382,  663,  783,  125,  497,  746,  877,  385,  302,  640,  764,  278,  227,  295,  523,  340,  840, 1006,  438,  682,  604,  643,  899,  624,  809,  321,  975,  510,   94,  671,  626,  157,  162,  712,  874,  779,  385,  472,  943,  523,  110,   63,  374,  512, 1008,  273,  634,  516,   12,  161,  629,  843,  941, 1063,  591,  437,  304,    0,  347,  693,  212,  300,  726,  904,  151,  223,  428,  655,  367,  352,  930,  665,  195, 1079,  773,  372,  325,  552,  634,  661,  539,  645,  564,  621,  309,  193,  150,  725,  565,  529,  631],
        [  453,    0,  107,  192,  386,  449,  443,  152,  401,  531,  260,  532,  381,  440,  483,  161,  582,  380,  313,  513,  670,  376,  400,  332,  363,  578,  284,  473,  238,  682,  225,  309,  646,  652,  500,  499,  413,  549,  433,  381,  294,  664,  365,  357,  409,   64,  316,  676,  308,  422,  201,  358,  498,  628,  531,  637,  727,  278,  126,  373,  347,    0,  353,  227,  445,  384,  815,  404,  561,  206,  315,  536,  394,  598,  533,  268,  757,  428,  102,   91,  339,  339,  356,  247,  329,  592,  450,  167,  504,  394,  414,  238,  328,  648],
        [  492,    0,  438,  458,  405,  100,  773,  202,  155,  210,  426,  810,  256,  118,  759,  509,  885,  579,  614,  174,  317,  512,  402,  396,  392,  245,   70,  121,  460,  385,  227,  662,  710,  761,  839,  835,  370,  210,  145,  563,  371,  392,  557,  679,  755,  319,  494,  324,  635,  353,  190,  703,  833,  718,  218,  327,  374,  294,  261,  609,  693,  353,    0,  572,  698,  190,  773,  716,  895,  327,   40,  779,  603,  248,  518,  614,  415,   91,  384,  415,  329,  350,  330,  340,  293,  719,  422,  418,  825,  705,  142,  256,  346,  750],
        [  491,    0,  203,  177,  460,  670,  335,  371,  588,  729,  407,  496,  598,  665,  460,   69,  504,  314,  147,  737,  887,  503,  480,  401,  440,  804,  504,  693,  355,  909,  446,  127,  770,  748,  361,  370,  514,  774,  628,  475,  475,  889,  313,  289,  258,  283,  301,  896,  100,  624,  427,  223,  369,  738,  757,  864,  945,  404,  350,  423,  212,  227,  572,    0,  457,  559,  975,  341,  428,  399,  533,  540,  463,  819,  705,   42,  982,  638,  198,  158,  538,  437,  467,  346,  457,  685,  637,  303,  403,  336,  641,  389,  522,  749],
        [  889,    0,  343,  582,  828,  763,  236,  548,  804,  906,  276,  122,  538,  724,   75,  429,  221,  760,  603,  799,  974,  238,  843,  773,  805,  839,  640,  791,  239,  866,  473,  380,  391,  332,  308,  287,  857,  826,  822,  166,  354,  819,  753,  190,  317,  425,  723,  966,  545,  488,  511,  296,  286,  344,  775,  850, 1027,  721,  455,   90,  300,  445,  698,  457,    0,  802,  638,  159,  317,  372,  669,   91,  115,  892,  448,  461, 1009,  788,  526,  484,  430,  783,  800,  690,  772,  274,  445,  295,  229,  154,  669,  679,  404,  340],
        [  325,    0,  489,  404,  244,  250,  827,  254,   50,  186,  550,  903,  439,  294,  853,  510,  963,  464,  554,  319,  391,  653,  235,  256,  238,  387,  197,  250,  566,  544,  365,  672,  878,  919,  881,  882,  193,  348,   96,  692,  517,  564,  442,  740,  786,  381,  384,  413,  594,  533,  311,  737,  880,  880,  383,  481,  442,  175,  348,  718,  726,  384,  190,  559,  802,    0,  959,  785,  943,  451,  184,  890,  723,  353,  696,  599,  522,  161,  363,  407,  494,  200,  170,  238,  143,  871,  598,  508,  887,  775,  330,  172,  506,  910],
