{
    "name": "random-96-32595",
    "comment": "size=96 seed=32595",
    "nodes": ["+0", "-0", "+1", "-1", "+2", "-2", "+3", "-3", "+4", "-4", "+5", "-5", "+6", "-6", "+7", "-7", "+8", "-8", "+9", "-9", "+10", "-10", "+11", "-11", "+12", "-12", "+13", "-13", "+14", "-14", "+15", "-15", "+16", "-16", "+17", "-17", "+18", "-18", "+19", "-19", "+20", "-20", "+21", "-21", "+22", "-22", "+23", "-23", "+24", "-24", "+25", "-25", "+26", "-26", "+27", "-27", "+28", "-28", "+29", "-29", "+30", "-30", "+31", "-31", "+32", "-32", "+33", "-33", "+34", "-34", "+35", "-35", "+36", "-36", "+37", "-37", "+38", "-38", "+39", "-39", "+40", "-40", "+41", "-41", "+42", "-42", "+43", "-43", "+44", "-44", "+45", "-45", "+46", "-46", "+47", "-47", "+48", "-48", "+49", "-49", "+50", "-50", "+51", "-51", "+52", "-52", "+53", "-53", "+54", "-54", "+55", "-55", "+56", "-56", "+57", "-57", "+58", "-58", "+59", "-59", "+60", "-60", "+61", "-61", "+62", "-62", "+63", "-63", "+64", "-64", "+65", "-65", "+66", "-66", "+67", "-67", "+68", "-68", "+69", "-69", "+70", "-70", "+71", "-71", "+72", "-72", "+73", "-73", "+74", "-74", "+75", "-75", "+76", "-76", "+77", "-77", "+78", "-78", "+79", "-79", "+80", "-80", "+81", "-81", "+82", "-82", "+83", "-83", "+84", "-84", "+85", "-85", "+86", "-86", "+87", "-87", "+88", "-88", "+89", "-89", "+90", "-90", "+91", "-91", "+92", "-92", "+93", "-93", "+94", "-94", "+95", "-95", "+96", "-96"],
    "precedence": {
        "+0": "-0",
        "+1": "-1",
        "+2": "-2",
        "+3": "-3",
        "+4": "-4",
        "+5": "-5",
        "+6": "-6",
        "+7": "-7",
        "+8": "-8",
        "+9": "-9",
        "+10": "-10",
        "+11": "-11",
        "+12": "-12",
        "+13": "-13",
        "+14": "-14",
        "+15": "-15",
        "+16": "-16",
        "+17": "-17",
        "+18": "-18",
        "+19": "-19",
        "+20": "-20",
        "+21": "-21",
        "+22": "-22",
        "+23": "-23",
        "+24": "-24",
        "+25": "-25",
        "+26": "-26",
        "+27": "-27",
        "+28": "-28",
        "+29": "-29",
        "+30": "-30",
        "+31": "-31",
        "+32": "-32",
        "+33": "-33",
        "+34": "-34",
        "+35": "-35",
        "+36": "-36",
        "+37": "-37",
        "+38": "-38",
        "+39": "-39",
        "+40": "-40",
        "+41": "-41",
        "+42": "-42",
        "+43": "-43",
        "+44": "-44",
        "+45": "-45",
        "+46": "-46",
        "+47": "-47",
        "+48": "-48",
        "+49": "-49",
        "+50": "-50",
        "+51": "-51",
        "+52": "-52",
        "+53": "-53",
        "+54": "-54",
        "+55": "-55",
        "+56": "-56",
        "+57": "-57",
        "+58": "-58",
        "+59": "-59",
        "+60": "-60",
        "+61": "-61",
        "+62": "-62",
        "+63": "-63",
        "+64": "-64",
        "+65": "-65",
        "+66": "-66",
        "+67": "-67",
        "+68": "-68",
        "+69": "-69",
        "+70": "-70",
        "+71": "-71",
        "+72": "-72",
        "+73": "-73",
        "+74": "-74",
        "+75": "-75",
        "+76": "-76",
        "+77": "-77",
        "+78": "-78",
        "+79": "-79",
        "+80": "-80",
        "+81": "-81",
        "+82": "-82",
        "+83": "-83",
        "+84": "-84",
        "+85": "-85",
        "+86": "-86",
        "+87": "-87",
        "+88": "-88",
        "+89": "-89",
        "+90": "-90",
        "+91": "-91",
        "+92": "-92",
        "+93": "-93",
        "+94": "-94",
        "+95": "-95",
        "+96": "-96"
    },
    "edges": [
        [    0,    0,  384,  702,  802,  136,  581,  365,  780,  514,  392,  445,  894,  714,  756,  587,  492,  439,  451,  451,  715,  692,  722,  152,  730,  449,  182,  200,  644,  495,  573,  834,  623,  136,  378,  177,  710,  871,  486,  604,  202,  594,  422,  352,  258,  501,   23,  532,  487,  488,  150,  541,  121,  517,  396,  436,  315,  316,  535,  286,  350,  527,  510,  281,  840,   94,  341,  207,  549,  369,  547,  781,  398,  203,  138,  310,  308,  405,  694,  877,  651,  789,  632,  827,  418,  734,  461,  574,  745,  556,  513,  309,  581,  273,  315,  623,  298,  490,  352,  449,  622,  768,  365,   83,  506,  715,  792,  316,  549,  759,  820,  137,  519,  151,  605,  475,  438,  918,  906,  518,  948,  329,  298,  172,  175,  723,  739,  490,  295,  460,  467,  784,  222,  392,  379,  865,  591,  482,  832,  109,  477,  522,  573,  692,  821,  200,  856,  567,   74,  546,  379,  399,  509,  861,  677,  153,  589,  736,  129,  510,  465,  686,  518,  770,  429,  429,  597,  299,  345,  502,  807,  477,  680,  511,  461,  439,  101,  394,  350,  663,  147,  220,  415,  162,  847,  607,  540,  735,  518,  473,  555,  409,  564,  551],
        [    0,    0,    0,    0,    0,    0,    0,    0,    0,    0,    0,    0,    0,    0,    0,    0,    0,    0,    0,    0,    0,    0,    0,    0,    0,    0,    0,    0,    0,    0,    0,    0,    0,    0,    0,    0,    0,    0,    0,    0,    0,    0,    0,    0,    0,    0,    0,    0,    0,    0,    0,    0,    0,    0,    0,    0,    0,    0,    0,    0,    0,    0,    0,    0,    0,    0,    0,    0,    0,    0,    0,    0,    0,    0,    0,    0,    0,    0,    0,    0,    0,    0,    0,    0,    0,    0,    0,    0,    0,    0,    0,    0,    0,    0,    0,    0,    0,    0,    0,    0,    0,    0,    0,    0,    0,    0,    0,    0,    0,    0,    0,    0,    0,    0,    0,    0,    0,    0,    0,    0,    0,    0,    0,    0,    0,    0,    0,    0,    0,    0,    0,    0,    0,    0,    0,    0,    0,    0,    0,    0,    0,    0,    0,    0,    0,    0,    0,    0,    0,    0,    0,    0,    0,    0,    0,    0,    0,    0,    0,    0,    0,    0,    0,    0,    0,    0,    0,    0,    0,    0,    0,    0,    0,    0,    0,    0,    0,    0,    0,    0,    0,    0,    0,    0,    0,    0,    0,    0,    0,    0,    0,    0,    0,    0],
        [  384,    0,    0,  878,  910,  398,  669,   19, 1034,  135,  530,  202,  748,  883,  963,  887,  109,  822,  172,  834,  983,  556,  758,  244,  787,  471,  343,  577,  924,  804,  900,  748,  845,  271,  568,  252,  574, 1087,  846,  500,  574,  709,  695,  260,  623,  560,  371,  674,  109,  111,  531,  734,  417,  661,  778,  768,  119,  199,  827,  146,  172,  712,  134,  465,  670,  384,  567,  513,  348,  730,  779,  803,  780,  442,  467,  534,  668,  787,  831, 1073,  526,  869,  638,  987,  291,  794,  806,  600,  600,  217,  847,  624,  506,  373,  190,  800,  680,  842,   42,  589,  337,  989,  271,  465,  205,  979,  878,  332,  592,  835,  797,  392,  206,  403,  564,  383,  811,  733,  796,  805,  805,  710,  609,  503,  499,  778,  640,  725,  662,  751,  849,  833,  604,  437,   55,  778,  379,  699, 1063,  432,  827,  793,  830,  719,  641,  358, 1005,  750,  397,  795,  403,  179,  130, 1004,  860,  494,  306,  758,  502,  818,  579,  719,  290,  625,  810,  781,  759,  609,  579,  238,  694,  149,  501,  710,  627,  779,  445,  748,  109,  937,  249,  478,  794,  328,  666,  875,  316,  885,  745,  631,  862,  637,  819,  230],
        [  702,    0,  878,    0,  171,  575,  243,  869,  239,  940,  350,  744,  679,   21,  103,  317,  951,  735,  782,  752,  248,  600,  296,  707,  255,  428,  879,  741,  262,  351,  406,  545,  120,  683,  331,  669,  603,  220,  532,  545,  760,  189,  315,  627,  804,  341,  722,  205,  975,  917,  650,  161,  814,  218,  662,  427,  901,  953,  300,  890,  714,  177,  928,  441,  700,  795,  361,  503,  686,  530,  179,  331,  682,  505,  570,  393,  536,  755,   92,  195,  577,  219,  363,  127,  626,  250,  466,  348,  624,  878,  428,  439,  504,  513,  689,   81,  651,  495,  878,  290,  817,  145,  619,  699, 1078,  236,  209,  546,  335,  221,  425,  837, 1082,  850,  446,  559,  597,  763,  620,  293,  701,  744,  440,  823,  538,  260,  546,  226,  562,  323,  789,  278,  669,  446,  915,  558,  704,  222,  216,  794,  485,  257,  209,  316,  710,  555,  160,  136,  629,  204,  481,  731,  988,  169,   26,  801,  806,  325,  737,  344,  301,  305,  722,  632,  658,  492,  119,  438,  358,  766,  585,  840,  665,  192,  257,  450,  774,  500,  773,  249,  706,  483,  791,  857,  722,  230,  717,   65,  197,  249,  340,  294,  209, 1107],
        [  802,    0,  910,  171,    0,  668,  243,  904,  386,  949,  416,  748,  558,  151,  241,  487,  968,  893,  787,  911,  411,  525,  195,  777,  149,  439,  971,  871,  432,  516,  577,  422,  288,  757,  424,  734,  523,  311,  697,  495,  890,  212,  460,  651,  938,  351,  820,  270,  996,  929,  775,  286,  920,  285,  819,  587,  954, 1016,  468,  948,  739,  290,  936,  524,  596,  895,  469,  619,  659,  685,  335,  200,  838,  599,  680,  495,  683,  909,  116,  256,  514,   70,  304,  137,  632,  142,  630,  319,  537,  869,  596,  576,  460,  572,  722,  211,  798,  661,  918,  356,  784,  283,  640,  813, 1114,  398,   56,  586,  321,   95,  291,  938, 1115,  952,  395,  549,  759,  648,  488,  458,  570,  891,  573,  941,  654,  158,  452,  369,  707,  480,  948,  140,  805,  476,  954,  428,  666,  351,  334,  903,  651,  420,  377,  230,  612,  628,  126,  257,  728,  366,  509,  745, 1006,  115,  192,  919,  779,  216,  858,  510,  348,  223,  706,  538,  818,  653,  215,  571,  470,  757,  476,  844,  601,  315,  342,  611,  885,  658,  802,  418,  777,  585,  945,  947,  619,  401,  694,  107,  343,  329,  509,  415,  376, 1137],
        [  136,    0,  398,  575,  668,    0,  446,  381,  675,  513,  257,  393,  780,  587,  637,  501,  501,  470,  411,  485,  615,  583,  587,  161,  595,  323,  306,  280,  548,  413,  505,  710,  505,  133,  247,  147,  600,  755,  452,  492,  290,  459,  318,  273,  349,  368,  153,  398,  506,  486,  188,  415,  256,  384,  410,  371,  367,  397,  444,  346,  304,  399,  506,  146,  733,  228,  216,  117,  467,  338,  431,  647,  417,   71,   79,  183,  278,  447,  562,  757,  541,  654,  501,  699,  334,  599,  409,  442,  636,  524,  451,  228,  464,  152,  266,  495,  319,  445,  377,  314,  562,  652,  283,  174,  562,  613,  657,  211,  417,  624,  689,  271,  571,  285,  481,  371,  426,  813,  785,  423,  833,  381,  214,  296,  104,  588,  621,  373,  276,  366,  509,  649,  261,  267,  412,  741,  509,  360,  720,  242,  430,  419,  466,  559,  717,   84,  727,  439,   63,  436,  259,  350,  527,  731,  551,  274,  531,  603,  228,  428,  330,  552,  449,  660,  437,  385,  467,  214,  222,  447,  689,  450,  582,  385,  328,  382,  229,  352,  329,  564,  157,   97,  467,  283,  743,  505,  467,  605,  399,  340,  472,  287,  456,  601],
        [  581,    0,  669,  243,  243,  446,    0,  662,  466,  715,  190,  515,  484,  239,  344,  452,  731,  759,  554,  777,  451,  368,  153,  539,  151,  200,  741,  682,  431,  434,  527,  363,  281,  521,  222,  496,  373,  462,  602,  305,  698,   55,  330,  410,  752,  110,  598,   94,  757,  694,  581,  185,  701,  100,  683,  479,  712,  775,  406,  706,  499,  167,  702,  301,  486,  673,  276,  421,  446,  551,  267,  214,  700,  380,  473,  292,  530,  764,  170,  429,  340,  213,  138,  326,  397,  154,  531,  108,  400,  643,  519,  413,  262,  334,  480,  186,  638,  570,  676,  138,  576,  383,  400,  605,  873,  441,  218,  344,   93,  181,  282,  715,  874,  730,  209,  322,  641,  557,  445,  387,  518,  729,  405,  733,  453,  145,  330,  260,  550,  378,  812,  205,  626,  234,  712,  385,  462,  223,  457,  686,  556,  348,  336,  138,  489,  395,  340,  172,  508,  305,  267,  507,  769,  337,  235,  711,  565,  176,  654,  436,  117,  128,  484,  411,  692,  541,  144,  403,  282,  531,  383,  611,  428,  193,  152,  504,  671,  533,  561,  429,  540,  375,  796,  717,  506,  381,  477,  227,  249,  136,  456,  252,  328,  897],
        [  365,    0,   19,  869,  904,  381,  662,    0, 1022,  153,  520,  206,  754,  874,  953,  872,  127,  804,  179,  815,  970,  560,  754,  227,  783,  466,  326,  559,  910,  789,  885,  751,  834,  254,  556,  236,  578, 1077,  830,  501,  556,  702,  681,  255,  604,  554,  353,  665,  126,  129,  513,  723,  399,  652,  760,  752,  105,  187,  813,  130,  168,  702,  152,  452,  677,  366,  554,  497,  353,  713,  767,  800,  762,  427,  450,  521,  651,  769,  823, 1063,  529,  864,  635,  978,  289,  789,  790,  595,  604,  232,  831,  608,  506,  362,  182,  790,  662,  825,   28,  579,  349,  978,  267,  447,  211,  966,  872,  324,  587,  829,  797,  374,  214,  385,  563,  382,  793,  741,  800,  791,  811,  692,  593,  484,  482,  773,  642,  713,  644,  737,  831,  830,  586,  430,   52,  781,  386,  687, 1052,  414,  810,  779,  817,  715,  648,  344,  998,  739,  379,  782,  396,  180,  146,  996,  850,  476,  317,  755,  484,  803,  571,  715,  296,  630,  792,  764,  750,  593,  565,  246,  698,  161,  507,  699,  617,  763,  426,  731,  104,  923,  232,  463,  776,  311,  674,  862,  323,  877,  733,  621,  847,  625,  806,  239],
        [  780,    0, 1034,  239,  386,  675,  466, 1022,    0, 1116,  514,  930,  917,  253,  146,  220, 1120,  668,  966,  683,   74,  832,  535,  828,  493,  626,  960,  756,  146,  306,  293,  783,  197,  801,  467,  799,  836,  139,  446,  770,  776,  412,  359,  802,  805,  549,  802,  401, 1138, 1091,  685,  313,  875,  408,  607,  387, 1034, 1071,  254, 1016,  883,  337, 1105,  571,  938,  865,  470,  574,  895,  497,  256,  567,  627,  611,  642,  505,  530,  701,  331,  193,  806,  447,  596,  266,  815,  488,  401,  573,  860, 1071,  344,  474,  727,  662,  852,  280,  633,  411, 1026,  465, 1027,  103,  797,  751, 1223,   69,  434,  713,  554,  455,  661,  905, 1229,  915,  674,  762,  528, 1002,  857,  267,  939,  716,  483,  861,  605,  498,  782,  310,  556,  323,  718,  512,  677,  629, 1063,  795,  918,  337,   84,  852,  409,  259,  209,  555,  946,  683,  299,  309,  714,  241,  662,  909, 1154,  315,  237,  841, 1011,  564,  776,  291,  489,  543,  923,  868,  591,  438,  324,  482,  460,  961,  824, 1022,  893,  331,  420,  401,  829,  462,  936,  124,  826,  579,  738,  941,  959,  174,  922,  292,  290,  421,  257,  398,  220, 1257],
        [  514,    0,  135,  940,  949,  513,  715,  153, 1116,    0,  603,  202,  702,  942, 1031,  985,   43,  952,  162,  964, 1070,  528,  780,  369,  815,  516,  475,  710, 1015,  907, 1007,  727,  922,  394,  651,  368,  544, 1156,  964,  493,  707,  761,  791,  316,  757,  606,  503,  736,   82,   28,  659,  807,  552,  725,  905,  878,  243,  315,  925,  274,  234,  784,   14,  556,  618,  518,  659,  626,  321,  849,  861,  818,  908,  548,  587,  628,  788,  918,  883, 1134,  507,  901,  658, 1040,  319,  822,  920,  631,  564,  123,  957,  734,  511,  459,  267,  865,  808,  957,  174,  656,  261, 1061,  322,  596,  225, 1065,  911,  403,  629,  866,  797,  526,  215,  536,  575,  401,  934,  672,  762,  902,  757,  842,  718,  637,  616,  805,  620,  810,  784,  851,  980,  856,  734,  495,  165,  755,  340,  780, 1137,  566,  942,  886,  918,  740,  587,  461, 1054,  819,  521,  882,  460,  210,   74, 1051,  924,  629,  237,  775,  635,  920,  641,  742,  262,  587,  936,  897,  822,  718,  672,  204,  665,  106,  461,  786,  699,  891,  579,  865,  188, 1026,  374,  584,  927,  461,  611,  965,  284,  939,  827,  701,  963,  725,  907,  222],
        [  392,    0,  530,  350,  416,  257,  190,  520,  514,  603,    0,  418,  592,  357,  433,  412,  610,  609,  453,  627,  472,  423,  335,  363,  340,  144,  556,  500,  425,  357,  462,  496,  319,  342,   69,  323,  436,  557,  491,  335,  515,  206,  232,  289,  571,  130,  409,  152,  630,  579,  399,  205,  512,  137,  535,  371,  552,  606,  354,  541,  371,  182,  592,  112,  568,  484,  117,  240,  405,  413,  261,  396,  550,  191,  286,  117,  377,  606,  317,  544,  384,  398,  266,  466,  305,  343,  424,  207,  469,  560,  432,  263,  293,  163,  343,  271,  474,  466,  528,   63,  532,  460,  284,  417,  728,  466,  402,  201,  177,  368,  449,  526,  733,  541,  279,  271,  510,  646,  577,  331,  638,  561,  251,  545,  270,  333,  427,  216,  393,  294,  660,  394,  450,  122,  566,  524,  436,  181,  535,  497,  450,  303,  323,  311,  560,  213,  489,  220,  319,  286,  152,  396,  645,  491,  331,  523,  512,  354,  467,  366,   74,  303,  421,  489,  550,  421,  233,  249,  129,  452,  492,  509,  454,  183,   97,  394,  482,  404,  428,  433,  363,  188,  636,  531,  583,  372,  425,  367,  228,  102,  401,  145,  312,  759],
        [  445,    0,  202,  744,  748,  393,  515,  206,  930,  202,  418,    0,  548,  746,  838,  818,  224,  861,   40,  875,  890,  355,  580,  296,  614,  318,  481,  643,  840,  747,  851,  548,  735,  310,  474,  270,  373,  962,  832,  303,  646,  562,  626,  136,  703,  407,  443,  542,  256,  183,  569,  619,  523,  531,  802,  732,  302,  386,  758,  319,   96,  595,  188,  393,  472,  486,  492,  494,  148,  723,  679,  620,  810,  407,  472,  464,  666,  835,  684,  938,  326,  700,  458,  841,  120,  621,  779,  430,  399,  143,  807,  591,  315,  295,  132,  671,  711,  819,  231,  467,  178,  870,  136,  524,  393,  884,  710,  228,  428,  665,  605,  509,  389,  523,  377,  201,  816,  539,  595,  735,  605,  764,  575,  602,  493,  605,  440,  632,  668,  688,  898,  656,  646,  303,  256,  578,  182,  598,  946,  529,  803,  713,  740,  540,  444,  321,  854,  628,  423,  703,  269,   47,  263,  850,  730,  588,  144,  576,  573,  759,  447,  542,   92,  424,  830,  761,  628,  574,  505,   57,  493,   97,  302,  600,  511,  749,  533,  732,  121,  849,  301,  441,  851,  460,  470,  788,  119,  740,  646,  511,  800,  551,  729,  405],
        [  894,    0,  748,  679,  558,  780,  484,  754,  917,  702,  592,  548,    0,  665,  776,  935,  740, 1200,  577, 1218,  919,  205,  383,  778,  426,  466,  994, 1058,  910,  914, 1009,  137,  755,  777,  656,  735,  186,  867, 1073,  290, 1069,  529,  801,  561, 1128,  467,  902,  575,  779,  697,  961,  668, 1003,  578, 1126,  949,  848,  932,  888,  862,  613,  650,  690,  671,   88,  967,  708,  817,  401, 1003,  750,  359, 1141,  742,  842,  706,  968, 1193,  587,  813,  244,  489,  348,  694,  497,  432, 1002,  398,  154,  582,  998,  854,  317,  629,  627,  653, 1061, 1044,  779,  579,  447,  820,  546,  952,  923,  907,  503,  578,  428,  470,  269, 1001,  915, 1016,  314,  422, 1100,   94,   87,  869,   58, 1142,  842, 1065,  839,  420,  166,  741,  983,  855, 1250,  419, 1025,  519,  802,  134,  370,  702,  883,  999, 1029,  831,  818,  366,  120,  699,  681,  653,  838,  788,  521,  581,  776,  668,  683, 1045,  467,  354, 1006,  917,  543,  377,  459,  127, 1141, 1006,  617,  840,  720,  513,  102,  613,  247,  675,  616,  974,  994,  993,  663,  905,  782,  757, 1221,  970,  104,  862,  432,  630,  732,  602,  939,  714,  810,  924],
        [  714,    0,  883,   21,  151,  587,  239,  874,  253,  942,  357,  746,  665,    0,  113,  337,  955,  754,  784,  772,  266,  591,  283,  716,  240,  429,  891,  757,  281,  371,  427,  531,  140,  693,  341,  678,  594,  223,  552,  539,  776,  187,  332,  630,  821,  341,  735,  209,  979,  920,  666,  174,  828,  223,  681,  446,  909,  961,  320,  898,  718,  188,  930,  451,  689,  808,  374,  517,  684,  549,  197,  315,  701,  516,  584,  405,  554,  774,   80,  193,  570,  201,  354,  113,  627,  235,  486,  343,  615,  878,  448,  456,  498,  520,  694,   92,  670,  515,  884,  296,  814,  156,  622,  713, 1083,  253,  190,  551,  331,  205,  409,  850, 1087,  863,  440,  558,  617,  750,  605,  313,  686,  762,  456,  838,  553,  246,  535,  243,  580,  342,  808,  261,  686,  449,  921,  543,  700,  236,  224,  808,  505,  277,  229,  305,  699,  564,  144,  148,  641,  224,  484,  733,  992,  152,   45,  816,  803,  311,  753,  364,  305,  294,  721,  621,  678,  511,  125,  454,  371,  766,  573,  841,  658,  205,  265,  470,  789,  520,  778,  268,  715,  495,  810,  869,  711,  250,  715,   45,  214,  257,  360,  308,  229, 1112],
        [  756,    0,  963,  103,  241,  637,  344,  953,  146, 1031,  433,  838,  776,  113,    0,  284, 1041,  730,  875,  746,  176,  702,  394,  779,  351,  524,  937,  771,  215,  344,  373,  641,  134,  753,  402,  743,  705,  125,  515,  647,  790,  290,  345,  717,  829,  439,  778,  297, 1062, 1008,  687,  230,  864,  308,  661,  426,  978, 1025,  288,  964,  802,  252, 1020,  512,  801,  848,  422,  552,  786,  536,  211,  423,  681,  568,  621,  456,  554,  756,  192,  122,  680,  301,  465,  132,  720,  345,  456,  451,  726,  974,  409,  471,  606,  592,  775,  168,  666,  478,  960,  376,  917,   44,  710,  743, 1160,  163,  289,  633,  436,  311,  517,  889, 1164,  901,  549,  657,  589,  862,  714,  290,  796,  756,  475,  863,  586,  357,  647,  267,  580,  334,  783,  367,  694,  537,  998,  652,  804,  278,  114,  842,  471,  262,  206,  417,  811,  627,  168,  214,  686,  219,  572,  822, 1077,  184,  111,  842,  905,  422,  777,  333,  392,  406,  820,  733,  652,  488,  212,  474,  416,  862,  685,  932,  768,  257,  337,  446,  821,  503,  860,  196,  777,  541,  793,  916,  823,  203,  816,  148,  239,  333,  316,  350,  211, 1191],
        [  587,    0,  887,  317,  487,  501,  452,  872,  220,  985,  412,  818,  935,  337,  284,    0,  982,  453,  849,  468,  147,  805,  572,  660,  541,  550,  765,  541,   77,   94,   91,  810,  201,  632,  348,  639,  814,  349,  233,  727,  561,  407,  194,  683,  588,  495,  609,  362,  994,  959,  478,  267,  673,  361,  389,  170,  867,  893,   61,  846,  753,  286,  975,  430,  934,  667,  328,  389,  816,  278,  185,  621,  409,  446,  453,  358,  315,  484,  389,  387,  772,  529,  588,  411,  712,  538,  182,  547,  844,  961,  128,  279,  683,  528,  719,  297,  414,  197,  872,  386,  944,  265,  683,  548, 1061,  153,  520,  591,  520,  523,  709,  704, 1070,  714,  646,  682,  312, 1008,  891,   84,  968,  496,  292,  650,  416,  542,  780,  203,  340,  136,  504,  578,  461,  533,  908,  830,  847,  243,  296,  648,  193,  111,  119,  576,  935,  529,  449,  284,  529,  147,  561,  788, 1013,  463,  296,  632,  922,  601,  567,   78,  420,  564,  831,  858,  376,  219,  323,  291,  314,  858,  834,  901,  851,  263,  340,  182,  625,  243,  799,   99,  657,  411,  521,  748,  953,   87,  836,  381,  205,  349,   38,  270,  125, 1100],
        [  492,    0,  109,  951,  968,  501,  731,  127, 1120,   43,  610,  224,  740,  955, 1041,  982,    0,  931,  185,  942, 1073,  562,  803,  351,  836,  531,  441,  685, 1016,  902, 1000,  760,  928,  377,  654,  355,  578, 1165,  952,  522,  681,  775,  789,  325,  729,  621,  480,  747,   40,   43,  639,  814,  522,  735,  886,  870,  208,  275,  922,  239,  239,  792,   53,  556,  657,  490,  659,  616,  353,  836,  865,  843,  888,  541,  573,  626,  774,  895,  897, 1146,  539,  921,  681, 1054,  337,  843,  910,  651,  600,  164,  949,  726,  537,  460,  268,  875,  788,  946,  144,  665,  301, 1069,  333,  573,  185, 1068,  931,  409,  647,  887,  825,  495,  176,  504,  600,  423,  918,  712,  797,  900,  795,  818,  710,  607,  603,  827,  652,  813,  769,  847,  957,  879,  713,  506,  128,  788,  375,  784, 1144,  538,  931,  885,  920,  763,  626,  455, 1070,  828,  504,  884,  471,  224,   40, 1067,  935,  600,  276,  799,  610,  915,  651,  764,  293,  623,  918,  885,  833,  710,  671,  235,  699,  133,  497,  792,  706,  882,  551,  853,  185, 1027,  356,  577,  902,  428,  650,  966,  316,  953,  831,  709,  959,  727,  908,  186],
        [  439,    0,  822,  735,  893,  470,  759,  804,  668,  952,  609,  861, 1200,  754,  730,  453,  931,    0,  875,   19,  596, 1020,  909,  586,  895,  737,  544,  255,  529,  387,  376, 1103,  617,  564,  549,  597, 1035,  801,  223,  928,  265,  739,  439,  743,  242,  738,  452,  672,  924,  926,  295,  614,  438,  663,   77,  309,  746,  727,  442,  715,  768,  618,  948,  534, 1169,  459,  495,  391,  933,  211,  559,  969,   60,  477,  392,  494,  233,   50,  780,  838,  979,  915,  870,  849,  801,  895,  274,  813, 1070,  985,  326,  349,  892,  603,  731,  683,  151,  258,  790,  632, 1031,  716,  751,  358,  928,  604,  911,  672,  782,  898, 1040,  473,  943,  472,  887,  824,  142, 1249, 1185,  444, 1247,  122,  360,  366,  379,  892, 1035,  527,  217,  414,   55,  944,  219,  690,  816, 1130,  974,  553,  748,  415,  261,  479,  530,  897, 1158,  550,  886,  642,  440,  531,  698,  817,  946,  898,  710,  361, 1000,  934,  327,  397,  666,  886,  918, 1092,   78,  244,  687,  362,  485,  916, 1101,  908, 1034,  590,  608,  286,  395,  236,  781,  551,  580,  453,   78,  541, 1182,  527,  936,  794,  552,  624,  418,  508,  528,  974],
        [  451,    0,  172,  782,  787,  411,  554,  179,  966,  162,  453,   40,  577,  784,  875,  849,  185,  875,    0,  889,  924,  387,  619,  300,  654,  356,  472,  651,  873,  776,  879,  582,  770,  317,  506,  279,  405,  999,  855,  340,  653,  600,  656,  167,  708,  445,  447,  579,  219,  144,  581,  654,  521,  568,  818,  758,  280,  364,  788,  299,  107,  631,  149,  421,  498,  485,  522,  515,  178,  744,  713,  658,  825,  430,  489,  493,  686,  847,  722,  976,  360,  739,  497,  879,  158,  660,  803,  469,  430,  116,  834,  615,  353,  323,  146,  708,  725,  843,  205,  502,  181,  907,  169,  532,  357,  918,  749,  258,  467,  704,  642,  505,  352,  518,  416,  240,  835,  563,  626,  765,  634,  774,  599,  603,  512,  644,  474,  665,  686,  717,  910,  695,  658,  339,  226,  612,  208,  632,  982,  529,  827,  745,  773,  579,  469,  343,  893,  664,  435,  736,  305,   63,  224,  889,  767,  589,  147,  615,  579,  788,  484,  581,  119,  455,  847,  785,  665,  598,  535,   68,  526,   58,  330,  635,  547,  773,  535,  755,  109,  882,  305,  465,  861,  452,  495,  821,  145,  779,  680,  547,  830,  583,  762,  367],
        [  451,    0,  834,  752,  911,  485,  777,  815,  683,  964,  627,  875, 1218,  772,  746,  468,  942,   19,  889,    0,  611, 1037,  927,  598,  913,  755,  551,  263,  544,  404,  391, 1121,  634,  576,  567,  611, 1052,  816,  238,  945,  272,  757,  457,  758,  246,  755,  463,  690,  935,  938,  308,  632,  445,  681,   95,  326,  756,  735,  459,  725,  782,  636,  960,  551, 1186,  467,  513,  408,  949,  229,  577,  987,   78,  494,  407,  512,  251,   52,  798,  854,  996,  933,  888,  865,  816,  913,  291,  830, 1087,  999,  341,  367,  909,  619,  745,  701,  166,  273,  800,  650, 1046,  732,  767,  369,  936,  619,  929,  688,  800,  916, 1058,  480,  951,  479,  905,  841,  158, 1266, 1203,  461, 1264,  129,  378,  371,  395,  910, 1052,  545,  235,  431,   37,  962,  232,  707,  826, 1148,  990,  571,  763,  423,  277,  496,  547,  915, 1175,  565,  903,  660,  454,  548,  714,  831,  957,  915,  727,  367, 1015,  952,  337,  414,  684,  904,  933, 1109,   95,  261,  704,  380,  503,  930, 1119,  921, 1050,  608,  626,  303,  403,  254,  794,  566,  593,  470,   71,  549, 1199,  544,  951,  811,  570,  642,  433,  526,  545,  983],
        [  715,    0,  983,  248,  411,  615,  451,  970,   74, 1070,  472,  890,  919,  266,  176,  147, 1073,  596,  924,  611,    0,  818,  539,  770,  500,  594,  895,  684,   74,  234,  221,  787,  171,  743,  420,  743,  824,  207,  374,  750,  704,  399,  298,  759,  733,  523,  737,  376, 1088, 1045,  616,  282,  808,  381,  534,  315,  977, 1011,  184,  958,  837,  306, 1060,  519,  933,  799,  417,  510,  865,  424,  212,  578,  554,  553,  578,  450,  458,  628,  337,  253,  790,  466,  586,  306,  777,  496,  328,  557,  850, 1032,  271,  407,  706,  613,  805,  268,  560,  339,  973,  430,  996,  142,  755,  683, 1168,   13,  455,  668,  535,  469,  671,  838, 1175,  848,  659,  731,  455, 1000,  864,  198,  944,  642,  417,  790,  540,  505,  776,  260,  484,  256,  646,  526,  605,  591, 1010,  802,  890,  292,  153,  784,  337,  196,  153,  554,  939,  628,  342,  284,  651,  189,  623,  865, 1105,  358,  238,  771,  978,  569,  706,  219,  457,  542,  889,  860,  519,  365,  308,  416,  406,  923,  823,  979,  875,  294,  383,  328,  761,  389,  888,   53,  768,  520,  665,  876,  953,  110,  890,  309,  245,  386,  184,  347,  165, 1204],
        [  692,    0,  556,  600,  525,  583,  368,  560,  832,  528,  423,  355,  205,  591,  702,  805,  562, 1020,  387, 1037,  818,    0,  331,  574,  377,  284,  790,  862,  794,  769,  870,  199,  648,  573,  491,  531,   19,  811,  913,   93,  872,  421,  648,  356,  932,  312,  699,  447,  599,  519,  767,  544,  800,  446,  948,  792,  650,  733,  753,  662,  412,  523,  515,  486,  151,  763,  538,  631,  211,  832,  625,  342,  961,  551,  649,  531,  791, 1009,  513,  767,   42,  460,  238,  651,  294,  384,  845,  262,   53,  416,  849,  682,  130,  432,  424,  553,  876,  887,  584,  426,  293,  744,  341,  753,  741,  808,  474,  377,  287,  431,  289,  797,  735,  812,  161,  218,  930,  231,  241,  731,  261,  953,  668,  863,  650,  368,   95,  603,  804,  707, 1067,  397,  834,  331,  610,  227,  189,  563,  815,  797,  871,  696,  695,  297,  139,  501,  650,  536,  639,  661,  327,  382,  600,  640,  597,  844,  303,  312,  808,  774,  390,  306,  270,   79,  966,  844,  511,  666,  551,  328,  139,  430,   80,  543,  469,  815,  792,  826,  464,  794,  578,  570, 1035,  766,  163,  743,  246,  566,  601,  458,  803,  559,  686,  747],
        [  722,    0,  758,  296,  195,  587,  153,  754,  535,  780,  335,  580,  383,  283,  394,  572,  803,  909,  619,  927,  539,  331,    0,  664,   47,  297,  874,  832,  537,  569,  654,  249,  380,  648,  374,  618,  329,  490,  744,  306,  848,  173,  475,  501,  903,  224,  737,  238,  834,  762,  732,  313,  842,  247,  833,  622,  817,  887,  534,  816,  587,  301,  767,  445,  409,  812,  428,  571,  476,  700,  390,   62,  851,  525,  621,  443,  681,  915,  205,  441,  321,  130,  122,  323,  469,   54,  672,  161,  344,  690,  654,  565,  276,  461,  577,  278,  790,  710,  771,  289,  596,  438,  488,  752,  961,  528,  143,  454,  178,  100,  139,  853,  960,  869,  209,  380,  788,  468,  326,  517,  406,  881,  557,  879,  603,   39,  260,  397,  702,  517,  963,   77,  777,  347,  805,  263,  479,  364,  503,  829,  697,  477,  453,   40,  422,  529,  319,  291,  650,  428,  374,  584,  842,  309,  302,  857,  594,   30,  802,  569,  263,   40,  527,  346,  840,  686,  249,  555,  435,  581,  292,  674,  407,  329,  303,  648,  815,  681,  650,  530,  665,  523,  948,  849,  432,  492,  513,  249,  380,  287,  583,  402,  447,  980],
        [  152,    0,  244,  707,  777,  161,  539,  227,  828,  369,  363,  296,  778,  716,  779,  660,  351,  586,  300,  598,  770,  574,  664,    0,  681,  371,  219,  352,  706,  573,  665,  735,  651,   29,  378,   47,  593,  900,  603,  492,  353,  566,  474,  220,  409,  442,  148,  514,  352,  342,  291,  550,  232,  500,  537,  530,  208,  247,  603,  189,  200,  532,  364,  267,  717,  195,  360,  276,  410,  487,  578,  720,  540,  218,  224,  325,  425,  554,  680,  896,  535,  751,  559,  827,  286,  686,  566,  506,  626,  404,  609,  388,  476,  206,  169,  626,  440,  600,  219,  425,  473,  798,  234,  234,  401,  768,  757,  216,  487,  719,  742,  225,  411,  240,  513,  358,  567,  793,  801,  582,  834,  479,  374,  308,  258,  673,  634,  521,  418,  526,  617,  733,  367,  318,  253,  767,  452,  502,  868,  235,  585,  576,  620,  629,  695,  153,  852,  572,  153,  587,  294,  249,  373,  854,  685,  293,  440,  673,  280,  588,  429,  625,  373,  652,  568,  539,  592,  374,  369,  353,  699,  326,  551,  522,  452,  539,  238,  505,  198,  721,    6,  252,  565,  195,  722,  661,  397,  729,  545,  461,  632,  433,  609,  441],
        [  730,    0,  787,  255,  149,  595,  151,  783,  493,  815,  340,  614,  426,  240,  351,  541,  836,  895,  654,  913,  500,  377,   47,  681,    0,  320,  888,  830,  502,  544,  625,  291,  345,  664,  370,  636,  375,  445,  722,  348,  847,  156,  457,  529,  901,  240,  747,  225,  867,  797,  730,  289,  850,  236,  818,  601,  842,  910,  506,  840,  616,  280,  802,  451,  455,  822,  423,  570,  516,  684,  362,   81,  837,  530,  623,  441,  669,  903,  164,  395,  365,   88,  160,  277,  501,    8,  651,  188,  391,  728,  629,  554,  316,  476,  603,  245,  780,  687,  799,  288,  638,  394,  517,  755,  991,  488,  100,  475,  198,   55,  172,  864,  991,  879,  249,  414,  770,  513,  365,  491,  446,  872,  548,  883,  603,   10,  306,  375,  691,  495,  948,   55,  772,  367,  834,  303,  521,  344,  458,  836,  675,  450,  422,   82,  468,  541,  273,  264,  657,  400,  396,  616,  876,  264,  263,  861,  635,   73,  804,  543,  266,   76,  565,  393,  824,  666,  221,  545,  428,  619,  337,  710,  452,  308,  294,  627,  821,  663,  679,  493,  682,  525,  937,  863,  477,  459,  552,  204,  356,  279,  554,  389,  417, 1012],
        [  449,    0,  471,  428,  439,  323,  200,  466,  626,  516,  144,  318,  466,  429,  524,  550,  531,  737,  356,  755,  594,  284,  297,  371,  320,    0,  586,  596,  555,  500,  604,  388,  430,  358,  213,  325,  299,  646,  632,  194,  608,  245,  375,  212,  667,   90,  462,  228,  558,  495,  497,  314,  567,  219,  665,  513,  522,  591,  493,  520,  300,  290,  504,  206,  433,  534,  257,  351,  272,  549,  385,  351,  678,  277,  379,  247,  507,  728,  367,  621,  244,  399,  189,  524,  199,  326,  566,  137,  333,  451,  576,  398,  155,  177,  284,  357,  595,  608,  480,  166,  402,  558,  201,  496,  676,  586,  408,  158,  123,  365,  374,  573,  676,  589,  159,  137,  646,  512,  464,  470,  516,  676,  385,  617,  374,  311,  303,  349,  521,  437,  786,  370,  559,   57,  516,  418,  298,  310,  633,  558,  592,  440,  452,  261,  423,  250,  539,  318,  385,  415,   78,  308,  569,  536,  414,  596,  386,  304,  550,  507,  138,  258,  298,  355,  683,  562,  312,  383,  270,  339,  371,  414,  311,  301,  214,  536,  548,  543,  363,  560,  373,  291,  756,  561,  446,  501,  297,  423,  355,  209,  541,  287,  442,  699],
        [  182,    0,  343,  879,  971,  306,  741,  326,  960,  475,  556,  481,  994,  891,  937,  765,  441,  544,  472,  551,  895,  790,  874,  219,  888,  586,    0,  291,  824,  671,  744,  954,  804,  228,  552,  265,  809, 1052,  641,  709,  279,  760,  603,  434,  312,  651,  160,  702,  421,  453,  299,  719,  107,  687,  522,  607,  234,  189,  714,  202,  393,  704,  475,  448,  930,   99,  519,  388,  613,  528,  728,  932,  517,  376,  319,  487,  470,  500,  866, 1058,  751,  953,  774, 1004,  498,  892,  626,  719,  841,  553,  682,  488,  695,  414,  371,  800,  428,  650,  302,  616,  653,  949,  449,  221,  391,  895,  957,  434,  698,  921,  959,   72,  407,   73,  732,  575,  580, 1004, 1019,  697, 1051,  423,  478,  183,  356,  880,  852,  671,  452,  639,  556,  941,  350,  531,  313,  985,  654,  662, 1013,  132,  639,  702,  754,  842,  906,  347, 1032,  744,  252,  728,  510,  437,  443, 1037,  855,  184,  619,  886,  225,  687,  627,  837,  568,  868,  556,  592,  772,  479,  524,  535,  917,  476,  761,  689,  633,  607,  155,  557,  363,  842,  216,  398,  497,   26,  933,  787,  594,  910,  698,  645,  731,  589,  745,  438],
        [  200,    0,  577,  741,  871,  280,  682,  559,  756,  710,  500,  643, 1058,  757,  771,  541,  685,  255,  651,  263,  684,  862,  832,  352,  830,  596,  291,    0,  611,  451,  497,  982,  639,  335,  461,  374,  879,  869,  370,  771,   21,  680,  428,  541,   72,  625,  208,  612,  675,  684,  102,  589,  184,  599,  233,  372,  494,  472,  503,  463,  548,  583,  707,  397, 1012,  204,  409,  262,  738,  270,  566,  894,  227,  320,  218,  390,  227,  214,  757,  891,  820,  874,  762,  866,  605,  833,  374,  703,  915,  756,  434,  303,  742,  430,  512,  671,  145,  388,  542,  544,  819,  771,  552,  120,  673,  688,  874,  489,  674,  849,  947,  220,  688,  220,  754,  650,  299, 1092, 1059,  492, 1110,  136,  302,  121,  230,  825,  897,  515,  202,  440,  274,  884,   80,  541,  566, 1012,  780,  524,  823,  160,  380,  511,  568,  810,  996,  363,  900,  618,  228,  552,  537,  597,  698,  908,  715,  111,  786,  852,   75,  465,  570,  801,  712,  939,  268,  336,  657,  304,  405,  700,  965,  677,  860,  559,  539,  363,  140,  304,  549,  632,  347,  313,  218,  287, 1022,  587,  733,  788,  545,  554,  504,  457,  561,  720],
        [  644,    0,  924,  262,  432,  548,  431,  910,  146, 1015,  425,  840,  910,  281,  215,   77, 1016,  529,  873,  544,   74,  794,  537,  706,  502,  555,  824,  611,    0,  161,  160,  781,  157,  678,  367,  680,  802,  273,  308,  721,  631,  382,  232,  707,  660,  491,  666,  347, 1030,  989,  543,  251,  736,  350,  465,  242,  913,  944,  111,  893,  782,  273, 1005,  461,  917,  728,  357,  441,  825,  352,  172,  581,  485,  489,  508,  390,  385,  560,  343,  312,  763,  479,  568,  344,  729,  498,  258,  533,  829,  983,  204,  336,  677,  557,  749,  259,  488,  272,  912,  389,  955,  191,  705,  611, 1105,   78,  470,  615,  508,  478,  673,  766, 1113,  776,  634,  690,  388,  987,  861,  127,  939,  571,  347,  717,  471,  505,  760,  210,  411,  185,  580,  534,  532,  546,  948,  799,  853,  246,  220,  712,  269,  132,  103,  546,  920,  567,  382,  260,  582,  140,  576,  813, 1048,  397,  245,  699,  935,  566,  633,  146,  419,  534,  845,  842,  452,  294,  293,  346,  346,  876,  811,  927,  846,  256,  341,  257,  688,  317,  831,   23,  703,  455,  597,  806,  936,   54,  848,  326,  201,  347,  113,  291,  114, 1142],
        [  495,    0,  804,  351,  516,  413,  434,  789,  306,  907,  357,  747,  914,  371,  344,   94,  902,  387,  776,  404,  234,  769,  569,  573,  544,  500,  671,  451,  161,    0,  106,  796,  232,  545,  289,  554,  779,  426,  182,  685,  471,  398,  126,  612,  500,  458,  517,  341,  912,  880,  385,  257,  580,  337,  318,   84,  779,  803,   56,  757,  678,  270,  898,  356,  905,  574,  258,  299,  758,  195,  185,  623,  338,  362,  362,  284,  225,  412,  408,  457,  732,  547,  566,  462,  647,  543,  115,  518,  811,  890,   86,  188,  642,  454,  642,  310,  329,  146,  787,  344,  883,  334,  613,  455,  974,  238,  541,  521,  489,  536,  707,  611,  984,  620,  613,  626,  247,  981,  879,   58,  951,  415,  201,  558,  325,  544,  754,  174,  250,   63,  441,  587,  371,  475,  822,  819,  791,  212,  376,  555,  135,   97,  144,  567,  903,  447,  499,  281,  438,  150,  500,  715,  931,  511,  327,  539,  859,  597,  475,   16,  379,  556,  768,  827,  310,  144,  325,  201,  244,  790,  813,  827,  808,  242,  302,  103,  532,  161,  720,  182,  570,  326,  449,  655,  923,  144,  776,  412,  189,  313,   60,  213,  142, 1014],
