{
    "name": "random-63-8235",
    "comment": "size=63 seed=8235",
    "nodes": ["+0", "-0", "+1", "-1", "+2", "-2", "+3", "-3", "+4", "-4", "+5", "-5", "+6", "-6", "+7", "-7", "+8", "-8", "+9", "-9", "+10", "-10", "+11", "-11", "+12", "-12", "+13", "-13", "+14", "-14", "+15", "-15", "+16", "-16", "+17", "-17", "+18", "-18", "+19", "-19", "+20", "-20", "+21", "-21", "+22", "-22", "+23", "-23", "+24", "-24", "+25", "-25", "+26", "-26", "+27", "-27", "+28", "-28", "+29", "-29", "+30", "-30", "+31", "-31", "+32", "-32", "+33", "-33", "+34", "-34", "+35", "-35", "+36", "-36", "+37", "-37", "+38", "-38", "+39", "-39", "+40", "-40", "+41", "-41", "+42", "-42", "+43", "-43", "+44", "-44", "+45", "-45", "+46", "-46", "+47", "-47", "+48", "-48", "+49", "-49", "+50", "-50", "+51", "-51", "+52", "-52", "+53", "-53", "+54", "-54", "+55", "-55", "+56", "-56", "+57", "-57", "+58", "-58", "+59", "-59", "+60", "-60", "+61", "-61", "+62", "-62", "+63", "-63"],
    "precedence": {
        "+0": "-0",
        "+1": "-1",
        "+2": "-2",
        "+3": "-3",
        "+4": "-4",
        "+5": "-5",
        "+6": "-6",
        "+7": "-7",
        "+8": "-8",
        "+9": "-9",
        "+10": "-10",
        "+11": "-11",
        "+12": "-12",
        "+13": "-13",
        "+14": "-14",
        "+15": "-15",
        "+16": "-16",
        "+17": "-17",
        "+18": "-18",
        "+19": "-19",
        "+20": "-20",
        "+21": "-21",
        "+22": "-22",
        "+23": "-23",
        "+24": "-24",
        "+25": "-25",
        "+26": "-26",
        "+27": "-27",
        "+28": "-28",
        "+29": "-29",
        "+30": "-30",
        "+31": "-31",
        "+32": "-32",
        "+33": "-33",
        "+34": "-34",
        "+35": "-35",
        "+36": "-36",
        "+37": "-37",
        "+38": "-38",
        "+39": "-39",
        "+40": "-40",
        "+41": "-41",
        "+42": "-42",
        "+43": "-43",
        "+44": "-44",
        "+45": "-45",
        "+46": "-46",
        "+47": "-47",
        "+48": "-48",
        "+49": "-49",
        "+50": "-50",
        "+51": "-51",
        "+52": "-52",
        "+53": "-53",
        "+54": "-54",
        "+55": "-55",
        "+56": "-56",
        "+57": "-57",
        "+58": "-58",
        "+59": "-59",
        "+60": "-60",
        "+61": "-61",
        "+62": "-62",
        "+63": "-63"
    },
    "edges": [
        [    0,    0,  651,  289,  169,  538,  721,  420,  288,  236,  214,  234,  358,  601,  194,  365,  634,  259,  201,  259,  868,  619,  669,  209,  821,  316,  163,  856,  541,  261,  482,  160,  954,  673,  384,  766,  490,  876,  466,  167,  481,   99,  204,  414,  485,  708,  792,  816,  764,  724,  255,  119,  148,  550,  663,  590,  491,  249,  599,  272,  800,  602,  200,  157,  619,  783,  448,  132,  280,  249,  532,  779,  645,  535,  645,  436,  307,  183,  557,  189,  626,  322,  841,  278,  541,  848,  433,  395,  130,  288,  342,  398,  440,  304,  811,  755,  502,  861,  386,  308,  516,  541,  665,  797,  145,  431,  324,  302,  638,  606,  470,  276,  706,  742,  636,  183,  470,  588,  754,  498,  795,  432,  302,  423,  658,  427,  426,  333],
        [    0,    0,    0,    0,    0,    0,    0,    0,    0,    0,    0,    0,    0,    0,    0,    0,    0,    0,    0,    0,    0,    0,    0,    0,    0,    0,    0,    0,    0,    0,    0,    0,    0,    0,    0,    0,    0,    0,    0,    0,    0,    0,    0,    0,    0,    0,    0,    0,    0,    0,    0,    0,    0,    0,    0,    0,    0,    0,    0,    0,    0,    0,    0,    0,    0,    0,    0,    0,    0,    0,    0,    0,    0,    0,    0,    0,    0,    0,    0,    0,    0,    0,    0,    0,    0,    0,    0,    0,    0,    0,    0,    0,    0,    0,    0,    0,    0,    0,    0,    0,    0,    0,    0,    0,    0,    0,    0,    0,    0,    0,    0,    0,    0,    0,    0,    0,    0,    0,    0,    0,    0,    0,    0,    0,    0,    0,    0,    0],
        [  651,    0,    0,  365,  509,  178,  732,  621,  403,  886,  630,  543,  562,  356,  844,  740,   37,  899,  830,  830,  347,  262,  692,  716,  178,  349,  495,  267,  113,  689,  494,  748,  314,  240,  274,  420,  258,  239,  689,  677,  266,  748,  489,  402,  553,  807,  760,  714,  865,  464,  580,  548,  663,  709,  533,   93,  713,  432,  434,  918,  486,  593,  780,  704,  454,  626,  211,  656,  900,  407,  718,  732,  496,  191,  442,  302,  353,  628,  367,  810,  376,  628,  265,  677,  547,  407,  315,  691,  651,  931,  312,  511,  618,  906,  272,  439,  798,  870,  354,  601,  749,  613,   14,  813,  543,  226,  651,  472,   57,  803,  623,  406,   55,  148,  519,  742,  400,  202,  762,  351,  250,  830,  637,  853,  177,  592,  624,  519],
        [  289,    0,  365,    0,  148,  281,  621,  433,   86,  524,  331,  215,  354,  367,  482,  437,  351,  535,  466,  475,  594,  394,  568,  399,  532,   99,  130,  571,  254,  400,  394,  407,  665,  434,   95,  527,  223,  587,  448,  352,  216,  388,  178,  221,  431,  651,  679,  673,  714,  507,  308,  201,  307,  506,  488,  313,  476,  139,  396,  553,  574,  533,  421,  347,  475,  614,  175,  297,  538,   75,  502,  657,  514,  253,  437,  230,   83,  281,  384,  462,  446,  333,  557,  398,  467,  590,  235,  414,  317,  567,   54,  344,  443,  547,  531,  523,  537,  773,  213,  354,  513,  445,  379,  707,  182,  142,  351,  240,  349,  593,  465,   77,  420,  454,  462,  385,  327,  312,  656,  323,  514,  528,  330,  541,  376,  361,  383,  248],
        [  169,    0,  509,  148,    0,  425,  594,  465,  121,  392,  300,  109,  389,  433,  352,  319,  497,  393,  322,  328,  701,  531,  540,  339,  670,  217,   41,  695,  396,  366,  473,  317,  800,  576,  235,  599,  324,  722,  370,  290,  315,  264,  187,  249,  496,  600,  661,  674,  661,  559,  307,  141,  160,  444,  508,  460,  398,  193,  436,  414,  635,  609,  274,  200,  582,  632,  322,  150,  392,  149,  432,  644,  617,  373,  482,  355,  202,  141,  500,  356,  567,  232,  678,  373,  542,  680,  357,  316,  248,  426,  200,  403,  481,  400,  646,  588,  439,  742,  321,  363,  431,  411,  522,  676,   35,  283,  244,  290,  487,  518,  508,  111,  563,  585,  480,  238,  428,  424,  628,  439,  631,  407,  221,  413,  495,  304,  314,  193],
        [  538,    0,  178,  281,  425,    0,  800,  445,  350,  769,  475,  492,  389,  448,  726,  710,  143,  795,  731,  752,  519,  133,  754,  564,  347,  222,  400,  444,  147,  528,  317,  608,  480,  157,  221,  555,  301,  410,  694,  530,  304,  629,  350,  414,  376,  858,  842,  811,  919,  580,  419,  423,  585,  735,  620,   86,  721,  295,  515,  810,  619,  423,  697,  624,  296,  730,  111,  574,  807,  291,  737,  816,  340,  259,  537,  131,  232,  562,  200,  675,  229,  601,  442,  513,  373,  566,  142,  676,  510,  825,  236,  335,  441,  821,  443,  568,  795,  948,  187,  433,  758,  652,  187,  886,  459,  187,  621,  309,  210,  827,  445,  347,  220,  324,  599,  662,  223,  306,  833,  175,  422,  802,  603,  818,  319,  599,  627,  501],
        [  721,    0,  732,  621,  594,  800,    0, 1046,  540,  849,  893,  494,  967,  378,  828,  418,  753,  793,  731,  640,  605,  932,   54,  923,  778,  716,  629,  693,  667,  958, 1012,  880,  840,  942,  608,  400,  500,  787,  275,  876,  497,  783,  769,  405, 1052,  107,   75,  137,  144,  316,  897,  734,  589,  191,  206,  765,  260,  750,  298,  821,  362, 1150,  644,  608, 1071,  188,  707,  602,  744,  686,  217,   74, 1115,  553,  298,  824,  701,  543,  973,  893, 1022,  404,  668,  967, 1085,  507,  834,  353,  834,  822,  624,  964, 1058,  713,  615,  369,  319,  153,  826,  952,  257,  183,  740,   88,  596,  622,  409,  855,  677,  208, 1082,  553,  759,  672,  215,  617,  937,  530,   36,  920,  620,  434,  427,  473,  572,  295,  297,  402],
        [  420,    0,  621,  433,  465,  445, 1046,    0,  508,  557,  211,  573,   80,  788,  522,  767,  587,  623,  594,  675,  949,  426,  992,  269,  791,  351,  426,  885,  556,  197,  155,  354,  922,  488,  483,  936,  630,  854,  834,  278,  627,  452,  280,  653,  109, 1063, 1108, 1106, 1124,  930,  167,  337,  557,  908,  921,  530,  862,  297,  827,  622,  991,  205,  616,  575,  298, 1046,  442,  540,  668,  363,  897, 1087,  301,  629,  865,  321,  362,  574,  305,  418,  356,  694,  881,  172,  164,  976,  308,  777,  298,  639,  448,  111,   22,  703,  875,  938,  897, 1197,  277,  112,  894,  865,  631, 1131,  476,  500,  704,  194,  645,  983,   53,  494,  665,  763,  894,  602,  231,  691, 1081,  285,  854,  844,  680,  839,  732,  766,  778,  650],
        [  288,    0,  403,   86,  121,  350,  540,  508,    0,  512,  381,  145,  429,  322,  473,  361,  396,  510,  437,  428,  581,  470,  487,  437,  557,  184,  129,  576,  291,  450,  478,  428,  684,  506,  134,  486,  204,  606,  363,  388,  194,  384,  237,  150,  514,  567,  600,  600,  629,  455,  369,  231,  263,  421,  420,  367,  391,  211,  336,  531,  527,  617,  380,  304,  560,  546,  240,  257,  503,  146,  416,  580,  600,  254,  380,  314,  168,  226,  468,  473,  528,  253,  558,  452,  551,  563,  320,  332,  348,  543,  115,  425,  520,  506,  526,  478,  454,  692,  299,  420,  428,  362,  416,  626,  152,  180,  273,  316,  375,  507,  543,   15,  455,  467,  393,  341,  413,  303,  575,  408,  511,  453,  254,  469,  375,  276,  298,  163],
        [  236,    0,  886,  524,  392,  769,  849,  557,  512,    0,  358,  420,  520,  808,   43,  437,  869,   84,  120,  225, 1091,  840,  802,  289, 1056,  549,  395, 1086,  776,  362,  662,  204, 1188,  897,  618,  971,  715, 1110,  575,  285,  706,  140,  423,  619,  648,  808,  923,  964,  855,  918,  420,  346,  281,  661,  838,  824,  593,  475,  792,   70,  997,  760,  206,  250,  810,  949,  682,  276,  147,  483,  637,  916,  830,  764,  839,  660,  541,  333,  763,  142,  832,  454, 1070,  386,  707, 1062,  655,  497,  281,   86,  577,  575,  579,  192, 1037,  955,  566,  971,  606,  456,  606,  686,  900,  912,  361,  665,  444,  502,  872,  688,  609,  503,  941,  975,  812,  234,  673,  815,  878,  709, 1023,  461,  430,  433,  887,  574,  560,  512],
        [  214,    0,  630,  331,  300,  475,  893,  211,  381,  358,    0,  402,  163,  696,  320,  573,  603,  418,  385,  465,  914,  514,  840,   90,  808,  290,  266,  875,  537,   70,  305,  158,  944,  575,  411,  857,  553,  869,  658,   73,  546,  243,  155,  530,  292,  895,  960,  972,  955,  833,   65,  160,  358,  737,  798,  549,  685,  206,  716,  420,  903,  406,  407,  370,  455,  924,  422,  340,  460,  258,  723,  943,  473,  574,  760,  348,  292,  383,  419,  227,  485,  514,  865,   74,  351,  919,  339,  593,   88,  437,  368,  219,  232,  493,  847,  853,  708, 1040,  290,  101,  714,  710,  643,  975,  300,  446,  520,  169,  636,  804,  263,  367,  682,  752,  771,  395,  327,  635,  928,  371,  828,  644,  496,  636,  693,  602,  608,  492],
        [  234,    0,  543,  215,  109,  492,  494,  573,  145,  420,  402,    0,  497,  390,  386,  223,  539,  399,  324,  294,  682,  609,  441,  430,  690,  304,  149,  693,  433,  466,  577,  393,  812,  648,  279,  552,  319,  736,  261,  382,  309,  314,  295,  201,  603,  494,  563,  583,  554,  500,  414,  244,  142,  337,  430,  511,  290,  297,  374,  423,  578,  714,  253,  181,  679,  550,  383,  144,  380,  244,  324,  548,  716,  380,  421,  442,  288,   94,  593,  419,  657,  125,  674,  475,  648,  645,  446,  210,  341,  432,  257,  510,  589,  375,  635,  536,  333,  639,  416,  470,  322,  312,  557,  574,  103,  324,  140,  397,  512,  410,  616,  146,  595,  594,  403,  213,  527,  419,  528,  532,  623,  314,  118,  327,  493,  200,  207,  100],
        [  358,    0,  562,  354,  389,  389,  967,   80,  429,  520,  163,  497,    0,  711,  482,  695,  530,  580,  543,  616,  881,  391,  913,  239,  735,  274,  349,  823,  489,  175,  146,  318,  869,  453,  406,  861,  554,  798,  758,  235,  550,  403,  203,  574,  130,  985, 1028, 1027, 1046,  853,  105,  265,  489,  831,  842,  472,  786,  218,  749,  582,  915,  246,  557,  510,  299,  967,  373,  472,  619,  283,  820, 1008,  312,  556,  787,  260,  285,  503,  279,  386,  340,  619,  817,  152,  189,  905,  248,  703,  246,  599,  371,   66,   93,  651,  809,  863,  824, 1118,  210,   66,  819,  786,  573, 1052,  402,  426,  630,  116,  581,  907,  120,  415,  608,  700,  816,  539,  193,  618, 1002,  244,  788,  775,  606,  772,  663,  688,  701,  572],
        [  601,    0,  356,  367,  433,  448,  378,  788,  322,  808,  696,  390,  711,    0,  773,  500,  379,  787,  713,  667,  307,  576,  341,  757,  412,  438,  450,  354,  304,  765,  713,  748,  497,  577,  306,  166,  161,  432,  398,  708,  163,  693,  544,  190,  763,  459,  405,  365,  514,  143,  674,  551,  531,  388,  178,  398,  414,  503,   81,  812,  208,  843,  637,  569,  738,  283,  375,  534,  763,  442,  404,  377,  782,  190,   90,  505,  427,  481,  639,  789,  676,  404,  330,  764,  783,  256,  517,  432,  669,  821,  341,  687,  795,  751,  281,  158,  507,  514,  526,  719,  445,  286,  363,  458,  457,  297,  425,  597,  300,  477,  812,  335,  382,  303,  163,  598,  625,  155,  407,  595,  277,  575,  424,  608,  197,  314,  347,  308],
        [  194,    0,  844,  482,  352,  726,  828,  522,  473,   43,  320,  386,  482,  773,    0,  421,  827,  104,  111,  220, 1052,  798,  779,  256, 1014,  506,  354, 1046,  735,  329,  623,  169, 1146,  855,  576,  936,  676, 1068,  555,  248,  667,   98,  381,  583,  611,  792,  902,  940,  841,  885,  381,  303,  251,  642,  808,  781,  574,  433,  759,  101,  964,  724,  190,  223,  770,  921,  640,  244,  160,  440,  618,  893,  791,  724,  806,  617,  498,  302,  722,  116,  791,  429, 1030,  353,  670, 1025,  612,  477,  241,  118,  535,  537,  544,  203,  998,  921,  554,  953,  564,  420,  590,  661,  858,  893,  322,  624,  421,  461,  831,  674,  575,  463,  899,  934,  782,  212,  632,  776,  857,  667,  983,  453,  405,  428,  847,  547,  536,  480],
        [  365,    0,  740,  437,  319,  710,  418,  767,  361,  437,  573,  223,  695,  500,  421,    0,  741,  376,  317,  222,  806,  829,  375,  572,  867,  526,  358,  844,  634,  625,  791,  508,  977,  866,  492,  636,  492,  904,  147,  531,  482,  397,  499,  347,  810,  372,  492,  542,  420,  562,  601,  431,  217,  228,  455,  721,  159,  512,  450,  405,  640,  925,  232,  217,  899,  545,  600,  234,  327,  464,  203,  488,  935,  559,  490,  664,  510,  193,  815,  503,  880,  112,  822,  641,  859,  744,  668,   75,  494,  405,  475,  718,  785,  297,  776,  612,  139,  534,  637,  657,  170,  277,  752,  476,  297,  533,   90,  606,  700,  254,  814,  365,  788,  763,  435,  212,  746,  583,  445,  753,  769,   93,  108,  114,  655,  190,  161,  222],
        [  634,    0,   37,  351,  497,  143,  753,  587,  396,  869,  603,  539,  530,  379,  827,  741,    0,  885,  816,  821,  384,  226,  711,  690,  207,  326,  481,  303,  108,  661,  458,  725,  342,  207,  264,  452,  268,  270,  697,  652,  275,  730,  466,  409,  517,  824,  784,  740,  883,  493,  552,  528,  653,  721,  557,   58,  721,  409,  456,  902,  518,  556,  770,  695,  417,  654,  189,  645,  888,  387,  729,  756,  459,  204,  466,  270,  331,  621,  330,  788,  340,  629,  302,  648,  511,  443,  282,  695,  627,  916,  298,  477,  583,  896,  309,  470,  805,  893,  323,  570,  758,  628,   45,  835,  532,  217,  651,  443,   87,  815,  588,  398,   80,  185,  541,  732,  364,  225,  783,  315,  287,  831,  637,  853,  208,  600,  632,  521],
        [  259,    0,  899,  535,  393,  795,  793,  623,  510,   84,  418,  399,  580,  787,  104,  376,  885,    0,   75,  156, 1079,  877,  748,  359, 1063,  573,  405, 1084,  787,  431,  718,  272, 1192,  931,  626,  946,  709, 1115,  520,  347,  699,  180,  459,  599,  709,  746,  867,  913,  790,  887,  477,  377,  257,  604,  799,  843,  535,  507,  763,   29,  967,  823,  156,  219,  863,  905,  701,  257,   64,  504,  579,  862,  885,  763,  809,  694,  563,  306,  809,  219,  878,  411, 1065,  455,  768, 1042,  691,  442,  335,   34,  588,  631,  645,  109, 1030,  929,  499,  909,  643,  518,  544,  638,  913,  852,  359,  674,  398,  549,  880,  623,  676,  502,  954,  976,  775,  192,  719,  810,  821,  752, 1017,  390,  387,  359,  883,  530,  512,  483],
        [  201,    0,  830,  466,  322,  731,  731,  594,  437,  120,  385,  324,  543,  713,  111,  317,  816,   75,    0,  109, 1005,  818,  684,  339,  992,  510,  336, 1010,  718,  409,  676,  254, 1120,  871,  556,  872,  635, 1043,  457,  317,  625,  143,  405,  525,  672,  689,  805,  847,  735,  814,  439,  320,  183,  542,  728,  776,  474,  449,  690,  100,  894,  788,   88,  145,  816,  836,  635,  183,   79,  440,  518,  798,  842,  690,  736,  636,  499,  232,  757,  218,  827,  341,  992,  432,  730,  968,  633,  379,  298,  109,  519,  590,  615,  109,  956,  855,  447,  851,  587,  485,  486,  570,  843,  792,  288,  604,  329,  500,  809,  569,  646,  430,  884,  904,  703,  120,  670,  736,  759,  698,  943,  343,  316,  318,  809,  460,  444,  409],
        [  259,    0,  830,  475,  328,  752,  640,  675,  428,  225,  465,  294,  616,  667,  220,  222,  821,  156,  109,    0,  968,  852,  596,  432,  982,  537,  354,  986,  717,  499,  740,  352, 1105,  900,  558,  820,  612, 1029,  367,  404,  602,  235,  454,  486,  744,  590,  713,  762,  634,  755,  512,  369,  169,  450,  659,  787,  380,  489,  633,  184,  834,  861,   61,  129,  873,  759,  649,  179,  106,  466,  424,  709,  902,  673,  678,  671,  524,  203,  805,  323,  874,  271,  966,  520,  800,  921,  671,  290,  377,  184,  526,  657,  695,   85,  926,  800,  344,  753,  628,  563,  389,  490,  843,  697,  294,  605,  255,  557,  802,  468,  726,  424,  883,  887,  636,   91,  722,  712,  666,  744,  915,  236,  249,  209,  786,  387,  366,  360],
        [  868,    0,  347,  594,  701,  519,  605,  949,  581, 1091,  914,  682,  881,  307, 1052,  806,  384, 1079, 1005,  968,    0,  607,  587,  990,  250,  627,  707,  117,  394,  980,  833, 1000,  249,  576,  505,  205,  378,  221,  698,  944,  387,  965,  761,  483,  891,  705,  599,  526,  748,  290,  876,  794,  823,  675,  411,  436,  711,  709,  365, 1103,  251,  939,  934,  862,  800,  436,  509,  822, 1061,  660,  695,  571,  842,  342,  334,  630,  623,  775,  713, 1051,  722,  710,  100,  973,  891,  106,  643,  738,  910, 1113,  549,  839,  949, 1052,   76,  236,  805,  701,  673,  908,  739,  575,  343,  664,  731,  468,  731,  778,  309,  756,  957,  592,  326,  201,  415,  894,  739,  283,  623,  693,   98,  880,  728,  913,  222,  620,  652,  609],
        [  619,    0,  262,  394,  531,  133,  932,  426,  470,  840,  514,  609,  391,  576,  798,  829,  226,  877,  818,  852,  607,    0,  885,  603,  396,  316,  500,  516,  272,  554,  276,  662,  516,   63,  347,  671,  433,  458,  822,  578,  436,  703,  419,  546,  334,  990,  973,  939, 1051,  703,  451,  501,  687,  865,  749,  184,  850,  370,  645,  888,  737,  345,  794,  724,  196,  857,  237,  675,  896,  386,  867,  946,  236,  386,  665,  183,  330,  670,  126,  731,  115,  722,  519,  535,  311,  668,  187,  801,  567,  904,  355,  327,  416,  914,  532,  687,  921, 1079,  235,  448,  887,  783,  265, 1018,  563,  318,  742,  347,  310,  958,  411,  465,  283,  407,  729,  762,  199,  428,  965,  147,  510,  921,  723,  935,  428,  728,  755,  627],
        [  669,    0,  692,  568,  540,  754,   54,  992,  487,  802,  840,  441,  913,  341,  779,  375,  711,  748,  684,  596,  587,  885,    0,  870,  748,  664,  576,  669,  623,  905,  960,  828,  816,  898,  558,  383,  455,  760,  229,  822,  450,  733,  715,  354,  999,  121,  124,  169,  174,  298,  844,  680,  538,  150,  178,  721,  218,  697,  261,  776,  353, 1098,  597,  558, 1021,  195,  658,  551,  701,  633,  177,  115, 1064,  510,  268,  774,  648,  491,  924,  842,  973,  354,  644,  913, 1033,  494,  783,  307,  781,  778,  573,  911, 1005,  671,  591,  352,  287,  206,  774,  898,  221,  130,  700,  140,  543,  573,  359,  802,  637,  189, 1029,  500,  722,  640,  182,  569,  886,  491,   89,  870,  594,  399,  377,  438,  537,  242,  246,  348],
        [  209,    0,  716,  399,  339,  564,  923,  269,  437,  289,   90,  430,  239,  757,  256,  572,  690,  359,  339,  432,  990,  603,  870,    0,  893,  371,  312,  956,  619,   73,  385,   88, 1029,  664,  485,  920,  621,  954,  673,   50,  614,  198,  231,  582,  363,  915,  993, 1011,  972,  891,  153,  207,  356,  757,  846,  636,  699,  286,  770,  356,  963,  472,  380,  359,  537,  970,  506,  340,  408,  330,  739,  978,  551,  649,  815,  438,  371,  391,  506,  150,  572,  529,  944,   98,  423,  989,  429,  603,   91,  373,  441,  301,  291,  446,  924,  914,  710, 1066,  380,  174,  725,  741,  728, 1001,  330,  524,  532,  259,  719,  815,  321,  423,  768,  834,  818,  376,  415,  709,  957,  460,  906,  634,  509,  621,  770,  629,  631,  526],
        [  821,    0,  178,  532,  670,  347,  778,  791,  557, 1056,  808,  690,  735,  412, 1014,  867,  207, 1063,  992,  982,  250,  396,  748,  893,    0,  525,  661,  137,  281,  866,  655,  924,  137,  352,  438,  403,  377,   64,  793,  854,  387,  919,  666,  521,  715,  867,  790,  729,  919,  473,  757,  722,  819,  796,  573,  264,  814,  609,  491, 1083,  466,  740,  936,  861,  590,  637,  388,  814, 1059,  580,  810,  762,  629,  312,  481,  476,  528,  780,  516,  985,  508,  758,  151,  854,  702,  344,  488,  810,  827, 1096,  479,  681,  786, 1062,  190,  431,  904,  899,  530,  776,  847,  695,  166,  851,  704,  391,  781,  649,  184,  887,  788,  563,  128,  110,  566,  897,  564,  287,  803,  512,  175,  953,  771,  980,  219,  700,  734,  648],
        [  316,    0,  349,   99,  217,  222,  716,  351,  184,  549,  290,  304,  274,  438,  506,  526,  326,  573,  510,  537,  627,  316,  664,  371,  525,    0,  185,  586,  249,  354,  297,  400,  661,  364,  133,  589,  281,  585,  545,  330,  277,  409,  141,  313,  337,  749,  772,  763,  811,  580,  250,  204,  372,  604,  574,  277,  574,   85,  478,  588,  642,  435,  480,  409,  378,  699,  138,  360,  587,   72,  600,  750,  417,  290,  515,  139,   17,  357,  289,  463,  354,  426,  576,  347,  370,  639,  142,  509,  303,  603,   98,  254,  358,  602,  558,  590,  632,  868,  115,  287,  610,  542,  362,  803,  248,  160,  443,  160,  349,  690,  377,  174,  402,  464,  549,  447,  229,  352,  751,  228,  539,  617,  421,  626,  405,  460,  481,  346],
        [  163,    0,  495,  130,   41,  400,  629,  426,  129,  395,  266,  149,  349,  450,  354,  358,  481,  405,  336,  354,  707,  500,  576,  312,  661,  185,    0,  694,  383,  334,  433,  299,  793,  547,  223,  615,  329,  715,  409,  263,  320,  262,  147,  271,  456,  639,  695,  706,  699,  580,  269,  108,  188,  483,  535,  441,  438,  154,  459,  423,  654,  569,  297,  225,  544,  660,  300,  175,  410,  115,  472,  678,  579,  372,  504,  322,  171,  176,  464,  345,  532,  272,  678,  340,  502,  691,  323,  356,  223,  437,  184,  363,  441,  421,  648,  606,  479,  778,  285,  325,  470,  447,  509,  712,   65,  271,  285,  250,  478,  558,  468,  117,  549,  580,  508,  263,  390,  426,  664,  403,  633,  445,  261,  450,  495,  342,  353,  229],
        [  856,    0,  267,  571,  695,  444,  693,  885,  576, 1086,  875,  693,  823,  354, 1046,  844,  303, 1084, 1010,  986,  117,  516,  669,  956,  137,  586,  694,    0,  340,  938,  760,  976,  148,  478,  477,  298,  376,  106,  751,  913,  386,  955,  725,  504,  819,  789,  695,  626,  836,  378,  831,  770,  831,  740,  491,  359,  767,  670,  425, 1106,  354,  855,  945,  872,  711,  535,  456,  828, 1072,  630,  757,  666,  751,  323,  404,  565,  585,  786,  629, 1032,  630,  741,   26,  928,  812,  218,  578,  780,  882, 1117,  521,  775,  883, 1068,   79,  328,  861,  800,  614,  857,  798,  638,  259,  758,  727,  434,  763,  727,  243,  826,  888,  584,  233,  124,  490,  906,  666,  275,  714,  617,   78,  924,  757,  955,  201,  664,  698,  634],
        [  541,    0,  113,  254,  396,  147,  667,  556,  291,  776,  537,  433,  489,  304,  735,  634,  108,  787,  718,  717,  394,  272,  623,  619,  281,  249,  383,  340,    0,  599,  446,  645,  415,  276,  162,  410,  170,  338,  593,  578,  176,  639,  389,  305,  502,  732,  704,  669,  792,  433,  492,  442,  551,  621,  479,   99,  618,  333,  375,  806,  473,  563,  667,  592,  442,  586,  117,  543,  788,  300,  628,  677,  486,  116,  394,  238,  250,  516,  345,  705,  375,  522,  331,  589,  509,  428,  251,  589,  549,  820,  200,  446,  556,  794,  321,  422,  700,  812,  280,  519,  655,  531,  127,  752,  431,  114,  544,  388,  100,  715,  565,  294,  167,  217,  460,  629,  352,  159,  699,  311,  300,  724,  529,  746,  180,  496,  527,  414],
        [  261,    0,  689,  400,  366,  528,  958,  197,  450,  362,   70,  466,  175,  765,  329,  625,  661,  431,  409,  499,  980,  554,  905,   73,  866,  354,  334,  938,  599,    0,  321,  160, 1002,  616,  479,  926,  621,  928,  718,   97,  614,  267,  223,  599,  294,  957, 1026, 1039, 1016,  902,  110,  226,  409,  799,  867,  605,  744,  272,  785,  428,  972,  401,  444,  416,  473,  992,  483,  392,  480,  326,  783, 1009,  485,  641,  829,  399,  357,  439,  450,  222,  513,  573,  928,   26,  354,  987,  389,  651,  132,  445,  436,  240,  219,  517,  912,  922,  762, 1104,  342,  111,  772,  775,  701, 1039,  363,  512,  578,  219,  698,  862,  248,  436,  740,  815,  840,  437,  360,  702,  992,  409,  893,  692,  555,  681,  759,  666,  670,  558],
        [  482,    0,  494,  394,  473,  317, 1012,  155,  478,  662,  305,  577,  146,  713,  623,  791,  458,  718,  676,  740,  833,  276,  960,  385,  655,  297,  433,  760,  446,  321,    0,  462,  783,  336,  413,  847,  553,  718,  832,  378,  551,  539,  294,  608,   60, 1044, 1068, 1055, 1107,  854,  243,  374,  598,  897,  864,  402,  861,  281,  764,  722,  907,  139,  680,  625,  153,  986,  343,  582,  754,  338,  890, 1045,  168,  537,  796,  211,  312,  603,  152,  531,  202,  702,  758,  297,   73,  873,  198,  787,  384,  739,  390,   87,  142,  783,  758,  854,  910, 1164,  189,  212,  896,  838,  502, 1099,  494,  417,  716,  187,  525,  980,  136,  466,  532,  640,  839,  658,   95,  595, 1047,  144,  737,  876,  693,  877,  625,  752,  770,  636],
        [  160,    0,  748,  407,  317,  608,  880,  354,  428,  204,  158,  393,  318,  748,  169,  508,  725,  272,  254,  352, 1000,  662,  828,   88,  924,  400,  299,  976,  645,  160,  462,    0, 1060,  722,  500,  913,  624,  983,  620,   86,  616,  118,  260,  565,  445,  863,  951,  976,  918,  876,  222,  207,  297,  706,  820,  675,  644,  317,  752,  269,  951,  557,  302,  292,  613,  942,  538,  282,  322,  347,  686,  938,  630,  660,  798,  488,  397,  339,  574,   70,  641,  478,  963,  184,  505,  990,  481,  547,   99,  286,  455,  376,  376,  361,  938,  904,  647, 1018,  431,  254,  667,  701,  761,  954,  300,  542,  478,  316,  745,  757,  406,  415,  802,  857,  793,  303,  482,  718,  912,  523,  921,  563,  457,  547,  783,  586,  584,  492],
        [  954,    0,  314,  665,  800,  480,  840,  922,  684, 1188,  944,  812,  869,  497, 1146,  977,  342, 1192, 1120, 1105,  249,  516,  816, 1029,  137,  661,  793,  148,  415, 1002,  783, 1060,    0,  466,  570,  444,  494,   78,  891,  990,  504, 1052,  802,  632,  842,  936,  841,  771,  983,  525,  893,  857,  945,  884,  638,  399,  909,  745,  570, 1213,  497,  859, 1061,  986,  707,  680,  524,  940, 1186,  715,  900,  812,  743,  433,  551,  610,  664,  904,  639, 1120,  624,  871,  173,  989,  826,  354,  622,  916,  963, 1225,  612,  814,  916, 1186,  226,  474, 1001,  946,  665,  911,  941,  782,  302,  905,  833,  523,  893,  785,  316,  971,  917,  691,  263,  218,  637, 1022,  694,  397,  861,  641,  223, 1060,  885, 1089,  324,  802,  836,  762],
        [  673,    0,  240,  434,  576,  157,  942,  488,  506,  897,  575,  648,  453,  577,  855,  866,  207,  931,  871,  900,  576,   63,  898,  664,  352,  364,  547,  478,  276,  616,  336,  722,  466,    0,  377,  658,  444,  412,  850,  639,  448,  759,  475,  567,  393, 1006,  979,  941, 1066,  697,  513,  555,  734,  887,  753,  179,  877,  424,  650,  944,  725,  395,  843,  772,  242,  856,  267,  722,  948,  435,  891,  952,  278,  390,  666,  238,  377,  714,  185,  790,  159,  757,  484,  597,  367,  645,  243,  833,  626,  959,  392,  390,  477,  965,  502,  676,  951, 1087,  292,  510,  914,  802,  240, 1027,  609,  342,  778,  407,  293,  981,  471,  503,  250,  377,  735,  810,  262,  425,  974,  210,  481,  958,  759,  974,  414,  754,  783,  658],
        [  384,    0,  274,   95,  235,  221,  608,  483,  134,  618,  411,  279,  406,  306,  576,  492,  264,  626,  556,  558,  505,  347,  558,  485,  438,  133,  223,  477,  162,  479,  413,  500,  570,  377,    0,  456,  149,  492,  476,  440,  145,  482,  257,  206,  460,  653,  659,  642,  716,  449,  379,  293,  390,  521,  451,  233,  503,  207,  351,  646,  509,  548,  507,  431,  464,  573,  111,  382,  626,  156,  521,  635,  507,  164,  386,  216,  125,  358,  367,  555,  420,  382,  463,  474,  485,  509,  226,  456,  407,  659,   45,  382,  489,  633,  440,  457,  575,  760,  224,  418,  540,  445,  288,  695,  270,   49,  403,  292,  255,  612,  506,  135,  328,  360,  426,  469,  332,  225,  643,  313,  422,  584,  385,  601,  285,  382,  409,  281],
        [  766,    0,  420,  527,  599,  555,  400,  936,  486,  971,  857,  552,  861,  166,  936,  636,  452,  946,  872,  820,  205,  671,  383,  920,  403,  589,  615,  298,  410,  926,  847,  913,  444,  658,  456,    0,  308,  398,  514,  872,  313,  858,  704,  354,  900,  501,  397,  329,  544,   87,  832,  715,  692,  480,  210,  488,  523,  660,  188,  972,   67,  970,  793,  728,  851,  237,  504,  695,  919,  601,  502,  369,  895,  310,  146,  636,  580,  641,  754,  954,  781,  551,  274,  924,  913,  114,  649,  563,  834,  980,  495,  831,  940,  904,  222,   32,  616,  503,  665,  873,  548,  383,  422,  462,  622,  436,  570,  748,  366,  557,  955,  500,  425,  310,  218,  755,  755,  253,  419,  718,  232,  701,  572,  737,  245,  446,  476,  464],
        [  490,    0,  258,  223,  324,  301,  500,  630,  204,  715,  553,  319,  554,  161,  676,  492,  268,  709,  635,  612,  378,  433,  455,  621,  377,  281,  329,  376,  170,  621,  553,  624,  494,  444,  149,  308,    0,  419,  432,  574,   10,  587,  398,  146,  603,  563,  541,  513,  623,  302,  525,  420,  455,  454,  321,  268,  456,  353,  217,  731,  361,  684,  570,  496,  583,  437,  217,  453,  696,  295,  462,  515,  627,   69,  245,  346,  272,  412,  484,  673,  526,  382,  357,  618,  623,  368,  358,  438,  538,  742,  188,  528,  636,  694,  323,  309,  541,  647,  366,  566,  492,  362,  269,  586,  354,  137,  404,  441,  212,  548,  653,  214,  301,  277,  299,  531,  466,  102,  533,  438,  309,  579,  394,  605,  175,  335,  368,  271],
        [  876,    0,  239,  587,  722,  410,  787,  854,  606, 1110,  869,  736,  798,  432, 1068,  904,  270, 1115, 1043, 1029,  221,  458,  760,  954,   64,  585,  715,  106,  338,  928,  718,  983,   78,  412,  492,  398,  419,    0,  823,  914,  429,  974,  726,  558,  778,  880,  793,  727,  929,  475,  819,  780,  867,  819,  583,  327,  841,  669,  508, 1135,  457,  802,  984,  909,  651,  635,  448,  863, 1109,  638,  835,  764,  689,  356,  493,  539,  587,  827,  578, 1043,  569,  797,  128,  916,  764,  323,  551,  844,  886, 1148,  534,  745,  849, 1109,  177,  428,  933,  900,  592,  839,  874,  717,  228,  855,  756,  446,  819,  711,  239,  908,  851,  613,  191,  143,  579,  945,  627,  322,  809,  575,  168,  988,  811, 1017,  251,  732,  766,  688],
        [  466,    0,  689,  448,  370,  694,  275,  834,  363,  575,  658,  261,  758,  398,  555,  147,  697,  520,  457,  367,  698,  822,  229,  673,  793,  545,  409,  751,  593,  718,  832,  620,  891,  850,  476,  514,  432,  823,    0,  628,  424,  517,  556,  289,  861,  243,  349,  396,  299,  435,  674,  503,  324,   87,  320,  688,   29,  553,  334,  548,  510,  970,  370,  338,  922,  401,  586,  339,  472,  495,   67,  343,  961,  499,  369,  676,  529,  283,  830,  626,  889,  145,  727,  730,  904,  626,  682,   79,  588,  549,  473,  769,  850,  443,  678,  488,  111,  401,  660,  730,   66,  137,  700,  339,  360,  508,  143,  656,  642,  149,  877,  372,  731,  685,  302,  344,  773,  509,  303,  770,  674,  189,  165,  227,  575,   98,   67,  200],
        [  167,    0,  677,  352,  290,  530,  876,  278,  388,  285,   73,  382,  235,  708,  248,  531,  652,  347,  317,  404,  944,  578,  822,   50,  854,  330,  263,  913,  578,   97,  378,   86,  990,  639,  440,  872,  574,  914,  628,    0,  567,  175,  189,  533,  364,  869,  945,  962,  927,  842,  137,  158,  314,  711,  796,  600,  654,  246,  721,  348,  914,  477,  348,  320,  528,  921,  467,  298,  391,  285,  694,  929,  545,  603,  766,  407,  329,  347,  488,  156,  556,  484,  901,  117,  423,  941,  399,  559,   42,  365,  396,  292,  300,  426,  879,  865,  668, 1019,  350,  173,  681,  693,  690,  954,  281,  480,  487,  232,  678,  771,  331,  374,  730,  792,  769,  340,  397,  663,  909,  438,  862,  596,  464,  585,  725,  581,  584,  478],
        [  481,    0,  266,  216,  315,  304,  497,  627,  194,  706,  546,  309,  550,  163,  667,  482,  275,  699,  625,  602,  387,  436,  450,  614,  387,  277,  320,  386,  176,  614,  551,  616,  504,  448,  145,  313,   10,  429,  424,  567,    0,  578,  392,  137,  601,  558,  539,  512,  618,  305,  519,  412,  445,  447,  320,  274,  448,  347,  216,  721,  365,  683,  560,  486,  584,  437,  217,  443,  687,  289,  454,  513,  628,   78,  246,  346,  268,  402,  485,  665,  528,  372,  367,  612,  621,  375,  357,  429,  530,  732,  182,  525,  633,  684,  332,  313,  533,  644,  364,  561,  484,  356,  277,  582,  345,  136,  395,  436,  221,  541,  649,  205,  310,  287,  298,  521,  465,  112,  529,  438,  318,  570,  384,  595,  185,  327,  359,  262],
        [   99,    0,  748,  388,  264,  629,  783,  452,  384,  140,  243,  314,  403,  693,   98,  397,  730,  180,  143,  235,  965,  703,  733,  198,  919,  409,  262,  955,  639,  267,  539,  118, 1052,  759,  482,  858,  587,  974,  517,  175,  578,    0,  285,  505,  532,  759,  856,  887,  812,  811,  299,  206,  195,  603,  743,  684,  539,  336,  686,  187,  889,  647,  184,  181,  683,  861,  543,  183,  218,  344,  582,  845,  706,  633,  732,  521,  401,  243,  630,  110,  700,  380,  939,  289,  590,  943,  517,  441,  157,  204,  440,  453,  473,  252,  908,  845,  535,  917,  468,  343,  560,  609,  762,  854,  237,  529,  376,  370,  736,  648,  504,  374,  803,  841,  717,  188,  541,  686,  815,  574,  893,  447,  357,  430,  756,  494,  487,  412],
        [  204,    0,  489,  178,  187,  350,  769,  280,  237,  423,  155,  295,  203,  544,  381,  499,  466,  459,  405,  454,  761,  419,  715,  231,  666,  141,  147,  725,  389,  223,  294,  260,  802,  475,  257,  704,  398,  726,  556,  189,  392,  285,    0,  386,  311,  783,  832,  836,  844,  683,  133,   86,  305,  629,  656,  415,  584,   58,  569,  470,  751,  426,  394,  334,  420,  782,  279,  289,  483,  104,  618,  813,  450,  420,  611,  237,  141,  309,  354,  325,  423,  418,  714,  221,  361,  764,  233,  502,  162,  486,  214,  219,  295,  506,  694,  700,  624,  919,  184,  184,  617,  587,  502,  853,  203,  294,  430,  108,  489,  704,  322,  223,  543,  604,  629,  368,  269,  481,  803,  294,  676,  583,  406,  584,  540,  486,  499,  371],
        [  414,    0,  402,  221,  249,  414,  405,  653,  150,  619,  530,  201,  574,  190,  583,  347,  409,  599,  525,  486,  483,  546,  354,  582,  521,  313,  271,  504,  305,  599,  608,  565,  632,  567,  206,  354,  146,  558,  289,  533,  137,  505,  386,    0,  650,  448,  460,  453,  510,  311,  519,  377,  343,  321,  270,  400,  314,  357,  189,  624,  387,  746,  452,  382,  670,  396,  311,  345,  579,  292,  325,  437,  712,  214,  234,  421,  298,  294,  572,  603,  625,  239,  483,  602,  681,  444,  430,  292,  493,  633,  220,  564,  664,  570,  440,  341,  397,  557,  421,  569,  351,  240,  413,  492,  270,  228,  262,  460,  358,  414,  685,  165,  446,  417,  243,  412,  533,  236,  440,  517,  431,  434,  254,  460,  309,  192,  224,  131],
        [  485,    0,  553,  431,  496,  376, 1052,  109,  514,  648,  292,  603,  130,  763,  611,  810,  517,  709,  672,  744,  891,  334,  999,  363,  715,  337,  456,  819,  502,  294,   60,  445,  842,  393,  460,  900,  603,  778,  861,  364,  601,  532,  311,  650,    0, 1079, 1109, 1099, 1141,  905,  234,  385,  611,  929,  909,  461,  890,  308,  811,  711,  959,  118,  684,  634,  190, 1033,  397,  594,  749,  370,  921, 1087,  193,  590,  845,  266,  352,  619,  209,  512,  252,  727,  817,  270,   60,  929,  253,  812,  376,  728,  433,   93,   91,  780,  816,  906,  934, 1204,  237,  192,  924,  875,  561, 1138,  514,  467,  740,  206,  583, 1009,   78,  501,  591,  699,  884,  664,  154,  649, 1087,  203,  795,  893,  716,  892,  681,  784,  801,  668],
        [  708,    0,  807,  651,  600,  858,  107, 1063,  567,  808,  895,  494,  985,  459,  792,  372,  824,  746,  689,  590,  705,  990,  121,  915,  867,  749,  639,  789,  732,  957, 1044,  863,  936, 1006,  653,  501,  563,  880,  243,  869,  558,  759,  783,  448, 1079,    0,  156,  235,   63,  416,  907,  738,  567,  159,  298,  831,  220,  772,  379,  773,  466, 1183,  603,  579, 1116,  294,  758,  581,  692,  710,  177,  170, 1158,  622,  388,  867,  733,  526, 1019,  868, 1072,  386,  764,  968, 1117,  610,  875,  318,  829,  772,  663,  988, 1077,  657,  711,  470,  251,  164,  862,  963,  203,  209,  815,  113,  596,  674,  385,  877,  753,  127, 1102,  578,  838,  759,  302,  581,  975,  607,  107,  964,  714,  367,  407,  405,  656,  298,  288,  413],
        [  792,    0,  760,  679,  661,  842,   75, 1108,  600,  923,  960,  563, 1028,  405,  902,  492,  784,  867,  805,  713,  599,  973,  124,  993,  790,  772,  695,  695,  704, 1026, 1068,  951,  841,  979,  659,  397,  541,  793,  349,  945,  539,  856,  832,  460, 1109,  156,    0,   85,  167,  319,  962,  801,  662,  264,  228,  800,  334,  811,  330,  895,  349, 1205,  718,  681, 1120,  164,  753,  674,  818,  746,  290,   29, 1163,  589,  319,  875,  758,  615, 1021,  965, 1066,  477,  670, 1034, 1140,  496,  885,  426,  903,  896,  678, 1022, 1119,  786,  617,  367,  390,  110,  880, 1016,  330,  252,  767,   67,  665,  669,  482,  916,  704,  273, 1142,  614,  783,  687,  245,  690,  990,  560,   51,  970,  625,  506,  500,  544,  594,  366,  370,  469],
        [  816,    0,  714,  673,  674,  811,  137, 1106,  600,  964,  972,  583, 1027,  365,  940,  542,  740,  913,  847,  762,  526,  939,  169, 1011,  729,  763,  706,  626,  669, 1039, 1055,  976,  771,  941,  642,  329,  513,  727,  396,  962,  512,  887,  836,  453, 1099,  235,   85,    0,  251,  258,  968,  813,  694,  318,  193,  762,  386,  810,  297,  941,  275, 1190,  760,  718, 1096,   93,  729,  705,  867,  744,  345,   66, 1140,  554,  276,  855,  749,  645,  997,  995, 1038,  512,  602, 1045, 1127,  422,  866,  472,  921,  944,  666, 1016, 1116,  838,  550,  300,  453,  176,  866, 1019,  389,  280,  720,  150,  682,  646,  520,  913,  658,  344, 1138,  614,  733,  629,  217,  731,  973,  517,  129,  949,  560,  567,  536,  606,  543,  394,  405,  485],
