{
    "name": "random-59-23004",
    "comment": "size=59 seed=23004",
    "nodes": ["+0", "-0", "+1", "-1", "+2", "-2", "+3", "-3", "+4", "-4", "+5", "-5", "+6", "-6", "+7", "-7", "+8", "-8", "+9", "-9", "+10", "-10", "+11", "-11", "+12", "-12", "+13", "-13", "+14", "-14", "+15", "-15", "+16", "-16", "+17", "-17", "+18", "-18", "+19", "-19", "+20", "-20", "+21", "-21", "+22", "-22", "+23", "-23", "+24", "-24", "+25", "-25", "+26", "-26", "+27", "-27", "+28", "-28", "+29", "-29", "+30", "-30", "+31", "-31", "+32", "-32", "+33", "-33", "+34", "-34", "+35", "-35", "+36", "-36", "+37", "-37", "+38", "-38", "+39", "-39", "+40", "-40", "+41", "-41", "+42", "-42", "+43", "-43", "+44", "-44", "+45", "-45", "+46", "-46", "+47", "-47", "+48", "-48", "+49", "-49", "+50", "-50", "+51", "-51", "+52", "-52", "+53", "-53", "+54", "-54", "+55", "-55", "+56", "-56", "+57", "-57", "+58", "-58", "+59", "-59"],
    "precedence": {
        "+0": "-0",
        "+1": "-1",
        "+2": "-2",
        "+3": "-3",
        "+4": "-4",
        "+5": "-5",
        "+6": "-6",
        "+7": "-7",
        "+8": "-8",
        "+9": "-9",
        "+10": "-10",
        "+11": "-11",
        "+12": "-12",
        "+13": "-13",
        "+14": "-14",
        "+15": "-15",
        "+16": "-16",
        "+17": "-17",
        "+18": "-18",
        "+19": "-19",
        "+20": "-20",
        "+21": "-21",
        "+22": "-22",
        "+23": "-23",
        "+24": "-24",
        "+25": "-25",
        "+26": "-26",
        "+27": "-27",
        "+28": "-28",
        "+29": "-29",
        "+30": "-30",
        "+31": "-31",
        "+32": "-32",
        "+33": "-33",
        "+34": "-34",
        "+35": "-35",
        "+36": "-36",
        "+37": "-37",
        "+38": "-38",
        "+39": "-39",
        "+40": "-40",
        "+41": "-41",
        "+42": "-42",
        "+43": "-43",
        "+44": "-44",
        "+45": "-45",
        "+46": "-46",
        "+47": "-47",
        "+48": "-48",
        "+49": "-49",
        "+50": "-50",
        "+51": "-51",
        "+52": "-52",
        "+53": "-53",
        "+54": "-54",
        "+55": "-55",
        "+56": "-56",
        "+57": "-57",
        "+58": "-58",
        "+59": "-59"
    },
    "edges": [
        [    0,    0,  508,  175,  462,  869,  336,  752,  427, 1005,  478,   85,  408,  772,  601,  497,  642,  140,  106,  436,  737,  617,  637,  599,  632,  158,  164,  649,  694,  494,  637,  205,  717,  887,  453,  810,  357,  158,   66,   52,  852,  381,  327,  918,  505,   93,  431,  551,  730,  488,  179,  729,  687,  162,  812,  714,  154,  335,  890,  362,  643,  863,  533,  252,  913,  730,  275,  727,  685,  428,  799,  867,  845,  288,  210,  584,  714,  255,  751,  455,  767,  487,  533,  205,  148,  889,  610,  160,  224,  563,  551,  513,  623,  785,  686,  405,  291,  264,  372,  460,  773,  127,  347,  596,  352,  751,  219,  110,   90,  787,  523,  571,  148,  281,  372,  688,  591,  903,  575,  694],
        [    0,    0,    0,    0,    0,    0,    0,    0,    0,    0,    0,    0,    0,    0,    0,    0,    0,    0,    0,    0,    0,    0,    0,    0,    0,    0,    0,    0,    0,    0,    0,    0,    0,    0,    0,    0,    0,    0,    0,    0,    0,    0,    0,    0,    0,    0,    0,    0,    0,    0,    0,    0,    0,    0,    0,    0,    0,    0,    0,    0,    0,    0,    0,    0,    0,    0,    0,    0,    0,    0,    0,    0,    0,    0,    0,    0,    0,    0,    0,    0,    0,    0,    0,    0,    0,    0,    0,    0,    0,    0,    0,    0,    0,    0,    0,    0,    0,    0,    0,    0,    0,    0,    0,    0,    0,    0,    0,    0,    0,    0,    0,    0,    0,    0,    0,    0,    0,    0,    0,    0],
        [  508,    0,    0,  635,  126,  528,  173,  482,  609,  792,  789,  465,  496,  293,  836,  385,  871,  512,  610,  127,  615,  116,  713,  904,  843,  639,  347,  201,  203,  770,  230,  313,  291,  513,  810, 1029,  622,  624,  446,  535,  728,  500,  237,  676,  304,  496,  714,  153,  229,  340,  665,  479,  415,  361,  398,  801,  549,  174,  628,  241,  136,  675,  141,  356,  648,  776,  756,  234,  257,   81,  344,  564,  445,  717,  366,  105,  486,  539,  468,  389,  323,  575,  799,  597,  638,  577,  214,  585,  723,   66,  325,  146,  619,  792,  788,  732,  577,  659,  230,  737,  611,  548,  612,  263,  361,  951,  397,  517,  597,  383,  740,  727,  604,  572,  336,  618,  834,  714,   81,  567],
        [  175,    0,  635,    0,  612, 1038,  469,  924,  584, 1180,  593,  175,  579,  870,  731,  671,  770,  301,  165,  539,  911,  733,  798,  704,  766,  233,  314,  743,  801,  620,  793,  361,  872, 1052,  550,  932,  503,  253,  232,  200, 1025,  550,  417, 1092,  676,  261,  562,  703,  863,  661,   51,  902,  858,  276,  971,  870,  301,  468, 1064,  526,  770, 1038,  684,  306, 1087,  892,  122,  864,  839,  555,  950, 1038, 1007,  370,  382,  694,  888,  413,  923,  629,  920,  653,  659,  336,  212, 1061,  691,   58,  228,  696,  722,  666,  792,  949,  841,  522,  441,  376,  452,  590,  948,  272,  494,  759,  526,  881,  394,  118,  145,  947,  664,  722,   32,  432,  545,  861,  719, 1077,  691,  868],
        [  462,    0,  126,  612,    0,  463,  157,  390,  492,  697,  679,  438,  376,  407,  716,  260,  751,  435,  556,  208,  499,  227,  588,  791,  721,  572,  301,  326,  315,  656,  183,  257,  262,  461,  706,  907,  513,  553,  396,  478,  615,  382,  272,  584,  183,  428,  603,   91,  283,  215,  633,  381,  319,  340,  364,  676,  470,  157,  540,  132,  218,  571,   73,  375,  562,  651,  728,  274,  228,  119,  339,  486,  405,  631,  284,  229,  383,  440,  379,  263,  308,  451,  683,  511,  575,  503,  338,  568,  661,  136,  210,   56,  494,  669,  663,  627,  475,  569,  287,  624,  501,  475,  504,  175,  244,  828,  307,  497,  547,  342,  621,  605,  580,  471,  218,  497,  715,  611,  201,  450],
        [  869,    0,  528, 1038,  463,    0,  618,  142,  658,  314,  858,  871,  560,  638,  809,  395,  825,  787,  941,  651,  331,  537,  586,  925,  789,  929,  728,  649,  578,  812,  299,  681,  250,   62,  916,  922,  735,  904,  807,  866,  368,  588,  734,  203,  365,  805,  790,  384,  419,  388, 1048,  172,  188,  784,  167,  639,  813,  617,  151,  514,  476,  266,  401,  836,  160,  581, 1144,  388,  280,  572,  261,   69,  124,  928,  661,  577,  200,  728,  132,  440,  248,  562,  819,  829,  940,   63,  701, 1003, 1021,  474,  319,  409,  472,  549,  647,  841,  739,  863,  745,  795,  278,  831,  733,  290,  530,  847,  659,  932,  940,  164,  741,  675, 1008,  742,  504,  396,  817,  285,  551,  321],
        [  336,    0,  173,  469,  157,  618,    0,  535,  498,  835,  656,  296,  400,  449,  724,  351,  763,  349,  439,  133,  612,  283,  643,  776,  738,  469,  175,  335,  365,  644,  338,  145,  415,  617,  667,  929,  490,  456,  274,  363,  732,  394,  126,  727,  298,  328,  584,  245,  397,  313,  495,  522,  464,  193,  519,  733,  386,    2,  685,  157,  308,  702,  226,  219,  708,  720,  588,  397,  380,   93,  486,  637,  561,  557,  212,  256,  519,  394,  526,  333,  458,  489,  677,  438,  468,  655,  315,  421,  552,  229,  338,  213,  570,  751,  714,  593,  436,  502,  157,  609,  624,  382,  479,  328,  263,  854,  249,  351,  425,  498,  629,  633,  437,  430,  251,  595,  720,  744,  242,  563],
        [  752,    0,  482,  924,  390,  142,  535,    0,  517,  310,  716,  762,  420,  655,  670,  263,  688,  660,  816,  593,  211,  521,  451,  785,  652,  800,  621,  638,  580,  671,  268,  574,  258,  191,  774,  793,  595,  774,  692,  744,  283,  450,  658,  195,  251,  681,  649,  329,  438,  264,  930,   31,   72,  683,  229,  511,  683,  534,  151,  409,  467,  202,  343,  749,  173,  457, 1025,  407,  273,  507,  312,  116,  213,  791,  543,  553,   59,  593,   21,  308,  284,  420,  678,  695,  812,  140,  679,  894,  891,  441,  206,  343,  336,  434,  516,  700,  602,  726,  677,  654,  171,  703,  593,  220,  404,  716,  536,  823,  817,  209,  600,  536,  894,  605,  381,  266,  678,  238,  524,  190],
        [  427,    0,  609,  584,  492,  658,  498,  517,    0,  670,  206,  491,  121,  898,  228,  292,  265,  288,  427,  629,  396,  718,  215,  303,  241,  376,  415,  808,  806,  170,  574,  396,  636,  702,  259,  431,   95,  349,  404,  388,  486,  110,  591,  616,  371,  335,  134,  535,  751,  326,  564,  487,  482,  484,  687,  288,  283,  497,  609,  369,  705,  535,  528,  597,  629,  309,  642,  730,  620,  560,  726,  624,  697,  305,  310,  714,  461,  173,  527,  257,  688,  102,  193,  256,  395,  649,  804,  584,  448,  626,  394,  506,  240,  369,  260,  184,  144,  250,  637,  144,  450,  313,  100,  495,  249,  358,  270,  535,  442,  659,  132,  148,  564,  154,  275,  327,  225,  567,  689,  370],
        [ 1005,    0,  792, 1180,  697,  314,  835,  310,  670,    0,  832, 1031,  616,  945,  734,  515,  734,  892, 1050,  902,  277,  826,  505,  858,  701, 1019,  897,  943,  878,  780,  574,  852,  547,  368,  902,  775,  763,  991,  953,  987,  193,  648,  960,  119,  539,  923,  783,  639,  725,  536, 1177,  316,  379,  965,  479,  514,  906,  834,  171,  696,  769,  143,  653, 1042,  156,  451, 1268,  694,  571,  815,  573,  251,  437,  973,  803,  861,  316,  800,  325,  553,  557,  571,  770,  902, 1034,  251,  987, 1158, 1103,  749,  498,  653,  432,  391,  536,  843,  794,  914,  982,  776,  233,  931,  765,  530,  657,  714,  787, 1091, 1057,  472,  698,  616, 1153,  800,  642,  343,  746,  104,  832,  314],
        [  478,    0,  789,  593,  679,  858,  656,  716,  206,  832,    0,  558,  323, 1082,  149,  497,  183,  353,  430,  788,  571,  902,  330,  124,  191,  361,  531,  983,  991,   53,  777,  529,  841,  904,   73,  339,  168,  342,  483,  428,  641,  306,  726,  796,  574,  400,   77,  732,  948,  530,  558,  686,  686,  588,  893,  356,  327,  654,  796,  550,  896,  707,  723,  702,  814,  406,  611,  930,  824,  730,  931,  819,  902,  230,  447,  892,  659,  265,  728,  461,  893,  297,   78,  273,  382,  844,  970,  612,  395,  814,  600,  701,  408,  475,  326,   74,  222,  219,  774,   64,  629,  352,  178,  699,  436,  293,  408,  584,  453,  865,  135,  219,  583,  229,  465,  498,  135,  735,  870,  555],
        [   85,    0,  465,  175,  438,  871,  296,  762,  491, 1031,  558,    0,  455,  713,  676,  518,  717,  210,  180,  378,  770,  567,  695,  680,  706,  240,  143,  588,  640,  571,  619,  191,  699,  882,  536,  887,  428,  242,   88,  136,  888,  430,  260,  937,  511,  162,  508,  529,  691,  502,  201,  742,  694,  104,  798,  775,  231,  295,  906,  357,  600,  890,  510,  171,  929,  787,  293,  692,  665,  384,  776,  875,  835,  372,  229,  531,  730,  322,  759,  479,  746,  540,  610,  286,  228,  896,  543,  133,  296,  524,  557,  492,  669,  838,  749,  485,  361,  347,  302,  537,  802,  206,  418,  588,  375,  825,  252,   62,  158,  774,  595,  637,  143,  351,  390,  727,  667,  930,  525,  725],
        [  408,    0,  496,  579,  376,  560,  400,  420,  121,  616,  323,  455,    0,  782,  341,  177,  376,  280,  437,  527,  340,  602,  252,  423,  347,  403,  351,  697,  690,  290,  455,  321,  518,  598,  368,  535,  178,  375,  368,  380,  449,   32,  505,  546,  252,  318,  248,  415,  631,  208,  569,  392,  377,  424,  574,  339,  291,  399,  531,  259,  587,  475,  408,  531,  552,  339,  656,  610,  501,  452,  608,  533,  587,  372,  241,  601,  368,  184,  428,  138,  570,   92,  312,  288,  419,  558,  697,  567,  488,  509,  278,  388,  215,  385,  318,  290,  184,  308,  548,  262,  386,  317,  174,  376,  139,  458,  207,  508,  446,  546,  247,  235,  554,  189,  160,  284,  341,  512,  575,  304],
        [  772,    0,  293,  870,  407,  638,  449,  655,  898,  945, 1082,  713,  782,    0, 1122,  649, 1156,  798,  878,  337,  835,  181,  980, 1196, 1126,  916,  619,  128,   92, 1061,  396,  594,  400,  596, 1103, 1310,  914,  903,  715,  807,  933,  788,  455,  828,  561,  776, 1006,  381,  220,  603,  908,  664,  604,  614,  473, 1066,  835,  451,  775,  532,  203,  856,  382,  566,  790, 1032,  990,  252,  382,  361,  381,  695,  520, 1005,  655,  194,  681,  831,  636,  662,  390,  854, 1089,  885,  912,  699,  188,  814,  995,  273,  566,  400,  876, 1037, 1056, 1025,  870,  949,  419, 1028,  814,  831,  905,  471,  650, 1230,  688,  756,  861,  475, 1028, 1008,  841,  865,  624,  857, 1122,  890,  213,  793],
        [  601,    0,  836,  731,  716,  809,  724,  670,  228,  734,  149,  676,  341, 1122,    0,  494,   41,  467,  567,  855,  495,  943,  233,  125,   43,  500,  626, 1035, 1030,  112,  781,  614,  836,  861,  217,  212,  251,  479,  595,  553,  541,  336,  811,  715,  580,  515,  171,  753,  965,  535,  698,  641,  653,  690,  870,  229,  448,  723,  724,  596,  927,  622,  747,  805,  740,  287,  757,  943,  824,  787,  922,  761,  871,  376,  528,  940,  612,  361,  685,  468,  885,  276,   74,  400,  521,  785, 1031,  745,  541,  850,  595,  727,  338,  354,  202,  211,  318,  356,  858,  142,  554,  475,  263,  699,  476,  151,  488,  710,  588,  844,   96,  135,  718,  328,  500,  422,   16,  644,  915,  491],
        [  497,    0,  385,  671,  260,  395,  351,  263,  292,  515,  497,  518,  177,  649,  494,    0,  523,  398,  555,  454,  265,  475,  332,  590,  490,  538,  383,  583,  558,  460,  288,  339,  346,  428,  545,  666,  353,  512,  441,  485,  386,  201,  474,  422,   89,  421,  423,  269,  474,   47,  673,  237,  208,  452,  398,  419,  421,  350,  394,  196,  447,  374,  267,  538,  417,  391,  767,  451,  332,  367,  434,  378,  412,  536,  290,  485,  219,  334,  266,   46,  397,  218,  478,  435,  550,  402,  598,  646,  629,  379,  103,  250,  234,  410,  408,  466,  347,  469,  507,  435,  287,  441,  348,  206,  146,  586,  278,  578,  558,  370,  406,  368,  642,  350,  128,  245,  497,  415,  456,  216],
        [  642,    0,  871,  770,  751,  825,  763,  688,  265,  734,  183,  717,  376, 1156,   41,  523,    0,  508,  606,  893,  506,  977,  243,  132,   37,  539,  666, 1071, 1065,  151,  810,  654,  862,  879,  247,  172,  292,  518,  636,  594,  543,  373,  851,  722,  610,  556,  211,  785,  996,  565,  737,  659,  675,  730,  893,  223,  488,  761,  735,  632,  960,  628,  780,  846,  749,  284,  794,  973,  852,  824,  948,  775,  892,  412,  567,  976,  630,  401,  704,  499,  911,  306,  112,  440,  560,  798, 1069,  785,  578,  884,  623,  760,  353,  349,  199,  249,  359,  395,  898,  182,  565,  516,  303,  728,  512,  112,  527,  750,  627,  867,  134,  157,  758,  369,  535,  434,   52,  648,  950,  505],
        [  140,    0,  512,  301,  435,  787,  349,  660,  288,  892,  353,  210,  280,  798,  467,  398,  508,    0,  160,  473,  618,  627,  500,  477,  496,  144,  191,  683,  712,  362,  591,  205,  669,  813,  341,  678,  219,  121,  130,  102,  729,  251,  388,  812,  427,   49,  299,  515,  717,  400,  289,  634,  601,  237,  754,  575,   38,  348,  789,  311,  640,  749,  499,  349,  812,  593,  377,  708,  641,  438,  757,  776,  781,  208,  152,  604,  616,  116,  662,  353,  722,  353,  401,   92,  153,  800,  656,  296,  237,  557,  470,  477,  492,  649,  547,  281,  152,  159,  437,  328,  659,   44,  209,  535,  258,  616,  134,  248,  167,  727,  386,  432,  279,  142,  285,  564,  458,  788,  588,  578],
        [  106,    0,  610,  165,  556,  941,  439,  816,  427, 1050,  430,  180,  437,  878,  567,  555,  606,  160,    0,  542,  776,  721,  642,  544,  602,   72,  265,  755,  799,  456,  726,  301,  806,  963,  391,  769,  342,   89,  166,   79,  886,  407,  433,  971,  577,  137,  398,  643,  830,  554,  138,  791,  755,  267,  896,  710,  148,  438,  948,  446,  745,  908,  625,  351,  970,  735,  219,  825,  775,  531,  890,  932,  927,  214,  285,  689,  774,  260,  817,  511,  856,  504,  495,  174,   53,  955,  716,  184,  118,  664,  622,  605,  646,  795,  681,  359,  283,  212,  477,  426,  818,  121,  334,  678,  413,  717,  282,  175,   26,  870,  500,  561,  154,  274,  437,  721,  555,  947,  679,  737],
        [  436,    0,  127,  539,  208,  651,  133,  593,  629,  902,  788,  378,  527,  337,  855,  454,  893,  473,  542,    0,  704,  198,  764,  909,  869,  582,  287,  214,  263,  776,  353,  269,  418,  638,  797, 1059,  622,  571,  380,  472,  822,  523,  124,  788,  386,  446,  716,  269,  342,  412,  574,  587,  524,  277,  525,  854,  509,  134,  742,  273,  244,  778,  253,  243,  763,  837,  660,  352,  383,   90,  469,  682,  572,  680,  343,  156,  590,  525,  581,  445,  450,  614,  809,  563,  577,  697,  184,  485,  659,  191,  417,  251,  683,  862,  837,  724,  568,  629,  106,  742,  708,  502,  612,  374,  388,  983,  381,  423,  524,  509,  760,  761,  509,  561,  372,  697,  852,  818,  156,  655],
        [  737,    0,  615,  911,  499,  331,  612,  211,  396,  277,  571,  770,  340,  835,  495,  265,  506,  618,  776,  704,    0,  681,  264,  617,  470,  742,  642,  797,  752,  521,  439,  600,  453,  390,  638,  591,  488,  715,  688,  715,  122,  371,  737,  225,  319,  652,  515,  470,  627,  299,  905,  188,  236,  713,  440,  308,  631,  611,  230,  460,  636,  140,  478,  803,  246,  250,  994,  597,  460,  615,  518,  274,  422,  698,  541,  703,  163,  523,  231,  295,  487,  295,  518,  626,  758,  296,  826,  892,  826,  589,  290,  469,  164,  223,  318,  574,  517,  638,  767,  512,   60,  656,  489,  367,  396,  517,  520,  828,  784,  418,  441,  365,  884,  523,  388,   74,  505,  174,  673,   50],
        [  617,    0,  116,  733,  227,  537,  283,  521,  718,  826,  902,  567,  602,  181,  943,  475,  977,  627,  721,  198,  681,    0,  807, 1016,  948,  752,  457,  118,   89,  881,  254,  426,  288,  508,  924, 1132,  735,  737,  556,  646,  787,  608,  321,  708,  389,  609,  826,  213,  155,  429,  766,  524,  461,  464,  385,  894,  664,  284,  657,  353,   64,  721,  210,  440,  675,  863,  855,  174,  259,  191,  309,  584,  434,  833,  481,   49,  536,  654,  504,  486,  301,  676,  909,  712,  750,  593,  165,  681,  835,   96,  399,  225,  706,  873,  882,  846,  691,  775,  299,  848,  668,  662,  726,  315,  470, 1053,  512,  616,  706,  377,  848,  830,  703,  687,  444,  695,  942,  758,   43,  636],
        [  637,    0,  713,  798,  588,  586,  643,  451,  215,  505,  330,  695,  252,  980,  233,  332,  243,  500,  642,  764,  264,  807,    0,  357,  207,  590,  601,  912,  890,  277,  606,  572,  648,  641,  402,  347,  305,  563,  608,  601,  313,  270,  754,  482,  420,  545,  292,  600,  798,  378,  779,  423,  446,  673,  665,   90,  498,  642,  493,  492,  778,  390,  599,  782,  508,   94,  856,  772,  643,  683,  728,  533,  659,  505,  491,  815,  394,  386,  468,  325,  692,  160,  266,  471,  609,  557,  923,  796,  658,  711,  420,  582,  117,  156,   76,  353,  359,  458,  795,  279,  323,  527,  311,  523,  381,  268,  456,  743,  657,  640,  196,  112,  778,  368,  393,  192,  244,  412,  787,  265],
        [  599,    0,  904,  704,  791,  925,  776,  785,  303,  858,  124,  680,  423, 1196,  125,  590,  132,  477,  544,  909,  617, 1016,  357,    0,  161,  473,  655, 1100, 1104,  136,  875,  652,  935,  975,  154,  240,  287,  457,  606,  548,  666,  410,  849,  838,  672,  523,  193,  837, 1053,  627,  666,  755,  763,  712,  977,  351,  450,  775,  846,  664, 1006,  746,  829,  825,  862,  411,  710, 1033,  920,  848, 1023,  880,  981,  334,  569, 1008,  727,  388,  799,  558,  985,  376,  112,  395,  493,  904, 1090,  727,  494,  926,  692,  808,  457,  477,  326,  197,  345,  337,  898,  169,  676,  474,  297,  795,  547,  216,  530,  704,  567,  950,  187,  253,  697,  353,  574,  544,  113,  768,  985,  610],
        [  632,    0,  843,  766,  721,  789,  738,  652,  241,  701,  191,  706,  347, 1126,   43,  490,   37,  496,  602,  869,  470,  948,  207,  161,    0,  536,  648, 1043, 1035,  150,  777,  633,  828,  843,  259,  191,  278,  514,  623,  585,  509,  346,  830,  687,  577,  545,  205,  753,  963,  532,  735,  623,  639,  714,  858,  191,  479,  737,  699,  605,  929,  593,  748,  829,  713,  251,  795,  940,  818,  797,  913,  739,  856,  415,  547,  947,  594,  386,  668,  467,  876,  274,  114,  433,  557,  762, 1042,  778,  581,  854,  589,  729,  317,  317,  166,  249,  345,  392,  876,  177,  529,  507,  289,  694,  485,  121,  507,  741,  623,  831,  113,  123,  753,  355,  507,  398,   58,  613,  921,  469],
        [  158,    0,  639,  233,  572,  929,  469,  800,  376, 1019,  361,  240,  403,  916,  500,  538,  539,  144,   72,  582,  742,  752,  590,  473,  536,    0,  297,  796,  833,  389,  733,  326,  812,  956,  320,  700,  286,   28,  203,  112,  848,  372,  480,  945,  570,  145,  333,  655,  852,  543,  199,  774,  743,  315,  898,  654,  117,  468,  926,  453,  771,  878,  639,  409,  948,  683,  267,  844,  783,  561,  899,  916,  925,  142,  291,  724,  754,  220,  803,  492,  864,  460,  428,  120,   22,  940,  761,  256,   93,  688,  613,  617,  604,  744,  624,  291,  234,  145,  526,  360,  788,  101,  279,  679,  401,  650,  278,  243,   97,  871,  438,  503,  224,  225,  428,  683,  488,  915,  711,  706],
        [  164,    0,  347,  314,  301,  728,  175,  621,  415,  897,  531,  143,  351,  619,  626,  383,  666,  191,  265,  287,  642,  457,  601,  655,  648,  297,    0,  500,  537,  531,  479,   48,  560,  740,  528,  837,  376,  285,  100,  189,  763,  332,  198,  800,  370,  159,  467,  391,  567,  363,  333,  602,  553,   74,  657,  686,  226,  174,  767,  215,  481,  756,  372,  183,  789,  689,  428,  564,  527,  267,  639,  733,  693,  396,  111,  428,  591,  269,  618,  348,  608,  441,  568,  282,  294,  755,  468,  276,  378,  400,  416,  354,  557,  733,  662,  462,  312,  349,  247,  495,  670,  216,  365,  446,  247,  768,  146,  205,  251,  633,  536,  561,  283,  304,  256,  606,  619,  797,  416,  595],
        [  649,    0,  201,  743,  326,  649,  335,  638,  808,  943,  983,  588,  697,  128, 1035,  583, 1071,  683,  755,  214,  797,  118,  912, 1100, 1043,  796,  500,    0,   89,  966,  371,  479,  400,  617,  999, 1230,  816,  785,  594,  686,  904,  699,  328,  824,  499,  658,  909,  327,  245,  537,  781,  642,  579,  489,  493, 1000,  720,  337,  773,  440,  175,  839,  322,  438,  791,  973,  863,  271,  374,  254,  410,  699,  542,  891,  546,   98,  654,  726,  621,  589,  408,  776,  996,  772,  791,  707,   69,  687,  872,  208,  513,  335,  816,  986,  988,  923,  766,  837,  292,  932,  785,  714,  806,  432,  560, 1152,  581,  629,  738,  488,  940,  928,  714,  761,  537,  808, 1033,  875,  127,  751],
        [  694,    0,  203,  801,  315,  578,  365,  580,  806,  878,  991,  640,  690,   92, 1030,  558, 1065,  712,  799,  263,  752,   89,  890, 1104, 1035,  833,  537,   89,    0,  969,  316,  509,  332,  541, 1013, 1218,  823,  820,  635,  726,  854,  697,  385,  760,  471,  692,  915,  292,  163,  513,  837,  587,  525,  538,  416,  976,  749,  366,  708,  441,  117,  782,  292,  501,  724,  944,  923,  192,  309,  275,  330,  631,  465,  918,  567,  110,  602,  741,  562,  571,  332,  763,  997,  798,  831,  637,  157,  747,  915,  182,  478,  309,  788,  951,  966,  935,  780,  861,  355,  937,  735,  746,  814,  386,  558, 1139,  599,  685,  783,  415,  936,  917,  771,  775,  532,  771, 1030,  817,  124,  709],
        [  494,    0,  770,  620,  656,  812,  644,  671,  170,  780,   53,  571,  290, 1061,  112,  460,  151,  362,  456,  776,  521,  881,  277,  136,  150,  389,  531,  966,  969,    0,  744,  524,  805,  860,  126,  317,  156,  368,  492,  445,  588,  276,  722,  745,  540,  410,   64,  703,  919,  496,  587,  641,  643,  591,  853,  305,  341,  643,  747,  529,  871,  656,  695,  706,  764,  354,  646,  899,  790,  714,  894,  772,  860,  267,  439,  873,  613,  263,  684,  426,  857,  253,   40,  290,  410,  796,  956,  635,  432,  791,  563,  674,  357,  422,  275,  100,  219,  245,  770,   36,  579,  368,  167,  664,  412,  262,  399,  602,  477,  825,   82,  166,  608,  228,  439,  447,  100,  683,  850,  506],
        [  637,    0,  230,  793,  183,  299,  338,  268,  574,  574,  777,  619,  455,  396,  781,  288,  810,  591,  726,  353,  439,  254,  606,  875,  777,  733,  479,  371,  316,  744,    0,  434,   81,  286,  817,  948,  621,  712,  572,  648,  538,  472,  445,  456,  204,  593,  701,   93,  194,  249,  812,  272,  210,  522,  182,  687,  624,  338,  405,  281,  201,  468,  112,  554,  424,  647,  907,  166,   51,  278,  166,  336,  224,  773,  444,  288,  286,  571,  250,  318,  131,  505,  764,  657,  739,  349,  414,  750,  825,  178,  189,  128,  495,  646,  681,  737,  598,  708,  450,  716,  419,  633,  614,   84,  356,  868,  458,  679,  719,  161,  693,  654,  761,  597,  325,  465,  784,  505,  259,  398],
        [  205,    0,  313,  361,  257,  681,  145,  574,  396,  852,  529,  191,  321,  594,  614,  339,  654,  205,  301,  269,  600,  426,  572,  652,  633,  326,   48,  479,  509,  524,  434,    0,  514,  693,  532,  823,  368,  311,  140,  224,  721,  305,  199,  754,  323,  184,  461,  347,  529,  318,  378,  555,  506,  114,  611,  659,  242,  144,  720,  167,  446,  712,  328,  212,  743,  658,  474,  524,  482,  236,  595,  686,  647,  413,   87,  401,  545,  264,  570,  306,  563,  412,  559,  295,  326,  707,  453,  323,  412,  364,  369,  309,  522,  700,  637,  462,  307,  361,  247,  488,  626,  237,  357,  399,  207,  752,  127,  252,  291,  587,  521,  540,  330,  300,  213,  567,  608,  753,  386,  553],
        [  717,    0,  291,  872,  262,  250,  415,  258,  636,  547,  841,  699,  518,  400,  836,  346,  862,  669,  806,  418,  453,  288,  648,  935,  828,  812,  560,  400,  332,  805,   81,  514,    0,  224,  884,  993,  689,  790,  652,  728,  540,  538,  517,  429,  268,  673,  766,  171,  181,  311,  892,  271,  217,  601,  107,  723,  702,  415,  377,  361,  227,  458,  190,  629,  393,  678,  987,  150,   36,  349,   91,  300,  154,  848,  523,  329,  292,  645,  238,  381,   54,  561,  823,  733,  818,  307,  452,  829,  904,  232,  243,  207,  533,  670,  721,  804,  670,  782,  518,  780,  424,  712,  683,  144,  430,  913,  536,  758,  799,   93,  750,  706,  841,  670,  399,  490,  839,  490,  303,  417],
        [  887,    0,  513, 1052,  461,   62,  617,  191,  702,  368,  904,  882,  598,  596,  861,  428,  879,  813,  963,  638,  390,  508,  641,  975,  843,  956,  740,  617,  541,  860,  286,  693,  224,    0,  960,  979,  775,  931,  823,  887,  430,  626,  729,  261,  386,  827,  834,  376,  380,  415, 1065,  221,  222,  792,  126,  697,  840,  617,  211,  527,  446,  327,  395,  836,  218,  640, 1161,  350,  257,  564,  216,  131,   77,  963,  680,  551,  250,  760,  177,  473,  211,  608,  867,  860,  966,  120,  672, 1015, 1048,  455,  343,  406,  526,  609,  704,  884,  775,  897,  736,  841,  339,  856,  772,  295,  556,  904,  682,  943,  961,  132,  790,  726, 1021,  777,  528,  453,  868,  346,  526,  377],
        [  453,    0,  810,  550,  706,  916,  667,  774,  259,  902,   73,  536,  368, 1103,  217,  545,  247,  341,  391,  797,  638,  924,  402,  154,  259,  320,  528,  999, 1013,  126,  817,  532,  884,  960,    0,  390,  197,  305,  468,  402,  711,  346,  725,  862,  616,  384,  126,  765,  981,  574,  512,  745,  739,  578,  942,  429,  310,  665,  860,  575,  923,  775,  754,  689,  879,  479,  558,  964,  865,  746,  974,  880,  954,  181,  455,  911,  718,  273,  785,  505,  937,  356,  149,  253,  340,  905,  981,  575,  341,  840,  645,  732,  475,  547,  399,   81,  234,  190,  774,  126,  695,  331,  204,  741,  467,  353,  418,  555,  416,  914,  207,  291,  544,  239,  497,  565,  202,  804,  890,  619],
        [  810,    0, 1029,  932,  907,  922,  929,  793,  431,  775,  339,  887,  535, 1310,  212,  666,  172,  678,  769, 1059,  591, 1132,  347,  240,  191,  700,  837, 1230, 1218,  317,  948,  823,  993,  979,  390,    0,  463,  680,  806,  761,  595,  536, 1020,  788,  754,  726,  380,  933, 1139,  710,  896,  765,  792,  901, 1011,  283,  657,  927,  811,  793, 1110,  693,  929, 1017,  822,  343,  947, 1114,  987,  986, 1074,  864, 1003,  566,  737, 1134,  736,  572,  811,  648, 1039,  456,  278,  607,  720,  886, 1231,  950,  729, 1037,  761,  910,  463,  389,  277,  411,  530,  557, 1067,  351,  647,  684,  474,  865,  673,   80,  697,  918,  791,  986,  303,  303,  922,  539,  694,  527,  221,  703, 1107,  604],
        [  357,    0,  622,  503,  513,  735,  490,  595,   95,  763,  168,  428,  178,  914,  251,  353,  292,  219,  342,  622,  488,  735,  305,  287,  278,  286,  376,  816,  823,  156,  621,  368,  689,  775,  197,  463,    0,  260,  345,  313,  581,  152,  566,  706,  421,  268,   95,  569,  786,  379,  479,  566,  554,  439,  750,  369,  206,  489,  696,  383,  730,  627,  559,  554,  717,  397,  553,  769,  669,  563,  779,  705,  764,  211,  283,  725,  541,  110,  604,  312,  742,  193,  192,  169,  306,  730,  803,  508,  355,  648,  452,  537,  334,  460,  339,  116,   68,  155,  614,  121,  540,  235,   12,  546,  272,  398,  244,  466,  359,  722,  167,  219,  486,   78,  302,  421,  244,  660,  702,  460],
        [  158,    0,  624,  253,  553,  904,  456,  774,  349,  991,  342,  242,  375,  903,  479,  512,  518,  121,   89,  571,  715,  737,  563,  457,  514,   28,  285,  785,  820,  368,  712,  311,  790,  931,  305,  680,  260,    0,  196,  108,  820,  344,  473,  918,  546,  128,  310,  635,  834,  517,  222,  747,  717,  309,  874,  628,   92,  454,  899,  432,  755,  850,  619,  408,  921,  656,  293,  826,  762,  547,  877,  889,  901,  132,  270,  711,  727,  192,  777,  466,  842,  432,  407,   93,   47,  914,  752,  271,  118,  671,  589,  597,  577,  717,  598,  270,  206,  124,  520,  338,  760,   79,  253,  656,  376,  629,  255,  252,  112,  848,  414,  477,  242,  198,  404,  655,  467,  887,  697,  678],
        [   66,    0,  446,  232,  396,  807,  274,  692,  404,  953,  483,   88,  368,  715,  595,  441,  636,  130,  166,  380,  688,  556,  608,  606,  623,  203,  100,  594,  635,  492,  572,  140,  652,  823,  468,  806,  345,  196,    0,   92,  805,  343,  278,  862,  444,   84,  428,  485,  666,  429,  243,  670,  627,  115,  747,  688,  158,  273,  833,  297,  580,  810,  467,  222,  856,  699,  339,  663,  620,  366,  734,  806,  781,  317,  151,  525,  656,  237,  691,  400,  701,  452,  531,  215,  198,  829,  558,  206,  280,  499,  490,  448,  582,  750,  662,  410,  278,  280,  325,  457,  722,  138,  334,  532,  296,  743,  168,  141,  152,  722,  511,  551,  203,  268,  314,  643,  586,  851,  514,  643],
        [   52,    0,  535,  200,  478,  866,  363,  744,  388,  987,  428,  136,  380,  807,  553,  485,  594,  102,   79,  472,  715,  646,  601,  548,  585,  112,  189,  686,  726,  445,  648,  224,  728,  887,  402,  761,  313,  108,   92,    0,  828,  351,  368,  904,  502,   64,  383,  564,  753,  481,  191,  720,  682,  203,  819,  675,  108,  362,  879,  368,  669,  844,  547,  300,  901,  694,  283,  747,  697,  455,  812,  860,  850,  237,  208,  616,  703,  216,  745,  441,  778,  454,  485,  155,  106,  883,  649,  197,  189,  587,  547,  527,  593,  750,  646,  354,  247,  213,  415,  412,  755,   79,  303,  601,  341,  703,  208,  157,   74,  793,  478,  529,  178,  238,  364,  663,  543,  884,  605,  674],
        [  852,    0,  728, 1025,  615,  368,  732,  283,  486,  193,  641,  888,  449,  933,  541,  386,  543,  729,  886,  822,  122,  787,  313,  666,  509,  848,  763,  904,  854,  588,  538,  721,  540,  430,  711,  595,  581,  820,  805,  828,    0,  479,  858,  197,  438,  765,  594,  580,  719,  420, 1017,  270,  329,  834,  506,  325,  739,  732,  229,  581,  738,  106,  589,  924,  234,  261, 1105,  687,  552,  733,  593,  300,  479,  791,  661,  813,  252,  629,  304,  416,  566,  391,  578,  729,  865,  316,  937, 1009,  928,  698,  406,  582,  247,  207,  345,  654,  618,  735,  887,  586,  119,  766,  584,  473,  516,  530,  638,  946,  895,  489,  506,  424, 1000,  625,  509,  166,  553,  109,  783,  171],
        [  381,    0,  500,  550,  382,  588,  394,  450,  110,  648,  306,  430,   32,  788,  336,  201,  373,  251,  407,  523,  371,  608,  270,  410,  346,  372,  332,  699,  697,  276,  472,  305,  538,  626,  346,  536,  152,  344,  343,  351,  479,    0,  494,  577,  271,  290,  229,  428,  644,  228,  539,  421,  404,  404,  598,  355,  261,  393,  561,  260,  596,  506,  420,  514,  583,  359,  626,  625,  520,  451,  628,  562,  612,  342,  222,  605,  398,  153,  457,  160,  591,  111,  301,  256,  388,  587,  696,  540,  457,  517,  300,  398,  243,  408,  332,  267,  153,  278,  538,  246,  417,  287,  148,  396,  140,  460,  187,  482,  417,  570,  241,  240,  526,  158,  165,  314,  335,  544,  579,  335],
        [  327,    0,  237,  417,  272,  734,  126,  658,  591,  960,  726,  260,  505,  455,  811,  474,  851,  388,  433,  124,  737,  321,  754,  849,  830,  480,  198,  328,  385,  722,  445,  199,  517,  729,  725, 1020,  566,  473,  278,  368,  858,  494,    0,  851,  424,  353,  659,  353,  462,  438,  454,  646,  587,  166,  623,  843,  423,  127,  809,  279,  365,  828,  335,  121,  831,  834,  538,  470,  482,  168,  578,  757,  668,  591,  284,  279,  644,  461,  648,  454,  555,  596,  758,  479,  473,  775,  284,  362,  550,  302,  463,  326,  688,  869,  822,  658,  505,  546,   49,  686,  750,  410,  555,  447,  374,  948,  324,  302,  413,  605,  718,  732,  387,  497,  367,  718,  806,  869,  279,  687],
        [  918,    0,  676, 1092,  584,  203,  727,  195,  616,  119,  796,  937,  546,  828,  715,  422,  722,  812,  971,  788,  225,  708,  482,  838,  687,  945,  800,  824,  760,  745,  456,  754,  429,  261,  862,  788,  706,  918,  862,  904,  197,  577,  851,    0,  435,  840,  738,  524,  608,  437, 1093,  205,  265,  865,  365,  512,  830,  726,   54,  593,  651,   96,  538,  938,   44,  449, 1186,  576,  452,  702,  458,  136,  326,  913,  712,  743,  210,  729,  209,  464,  440,  515,  741,  833,  959,  141,  869, 1067, 1032,  632,  391,  538,  388,  400,  528,  796,  728,  851,  871,  736,  167,  853,  706,  415,  567,  720,  699,  998,  976,  355,  665,  588, 1064,  734,  549,  298,  726,   93,  714,  247],
        [  505,    0,  304,  676,  183,  365,  298,  251,  371,  539,  574,  511,  252,  561,  580,   89,  610,  427,  577,  386,  319,  389,  420,  672,  577,  570,  370,  499,  471,  540,  204,  323,  268,  386,  616,  754,  421,  546,  444,  502,  438,  271,  424,  435,    0,  441,  498,  180,  387,   46,  684,  233,  184,  433,  335,  506,  455,  298,  398,  159,  359,  405,  180,  504,  421,  475,  780,  364,  250,  297,  358,  364,  357,  588,  296,  402,  225,  383,  248,  114,  321,  304,  560,  479,  580,  386,  518,  643,  663,  293,   46,  164,  318,  489,  496,  536,  405,  522,  451,  513,  327,  470,  415,  125,  171,  674,  296,  573,  576,  307,  490,  456,  645,  406,  143,  315,  582,  446,  372,  270],
        [   93,    0,  496,  261,  428,  805,  328,  681,  335,  923,  400,  162,  318,  776,  515,  421,  556,   49,  137,  446,  652,  609,  545,  523,  545,  145,  159,  658,  692,  410,  593,  184,  673,  827,  384,  726,  268,  128,   84,   64,  765,  290,  353,  840,  441,    0,  347,  513,  708,  419,  254,  657,  620,  196,  761,  622,   74,  327,  815,  312,  627,  781,  496,  306,  838,  638,  346,  701,  643,  419,  758,  797,  791,  238,  150,  583,  640,  164,  682,  378,  724,  395,  450,  132,  147,  820,  627,  251,  233,  544,  486,  475,  532,  693,  594,  327,  201,  197,  401,  376,  691,   58,  257,  543,  278,  664,  146,  201,  137,  735,  434,  480,  237,  191,  302,  601,  506,  820,  569,  610],
        [  431,    0,  714,  562,  603,  790,  584,  649,  134,  783,   77,  508,  248, 1006,  171,  423,  211,  299,  398,  716,  515,  826,  292,  193,  205,  333,  467,  909,  915,   64,  701,  461,  766,  834,  126,  380,   95,  310,  428,  383,  594,  229,  659,  738,  498,  347,    0,  655,  872,  455,  532,  619,  615,  527,  819,  336,  278,  583,  736,  474,  819,  653,  646,  642,  754,  377,  595,  853,  748,  656,  855,  754,  830,  221,  377,  817,  592,  199,  660,  386,  818,  230,  103,  229,  354,  779,  897,  575,  384,  738,  525,  624,  353,  444,  305,   61,  155,  189,  707,   30,  572,  305,  105,  623,  360,  321,  338,  540,  419,  791,  109,  186,  549,  164,  388,  443,  160,  683,  794,  495],
        [  551,    0,  153,  703,   91,  384,  245,  329,  535,  639,  732,  529,  415,  381,  753,  269,  785,  515,  643,  269,  470,  213,  600,  837,  753,  655,  391,  327,  292,  703,   93,  347,  171,  376,  765,  933,  569,  635,  485,  564,  580,  428,  353,  524,  180,  513,  655,    0,  217,  223,  723,  327,  263,  430,  274,  685,  549,  245,  476,  205,  179,  523,   20,  462,  496,  652,  818,  200,  137,  189,  249,  414,  317,  705,  365,  234,  334,  507,  315,  286,  217,  480,  727,  587,  659,  429,  357,  659,  746,  120,  187,   38,  496,  661,  676,  685,  539,  641,  361,  673,  462,  556,  562,  111,  299,  853,  384,  588,  635,  254,  660,  633,  671,  536,  268,  482,  754,  562,  204,  425],
        [  730,    0,  229,  863,  283,  419,  397,  438,  751,  725,  948,  691,  631,  220,  965,  474,  996,  717,  830,  342,  627,  155,  798, 1053,  963,  852,  567,  245,  163,  919,  194,  529,  181,  380,  981, 1139,  786,  834,  666,  753,  719,  644,  462,  608,  387,  708,  872,  217,    0,  432,  891,  450,  392,  588,  256,  880,  752,  398,  555,  413,   99,  639,  227,  582,  570,  840,  983,   33,  168,  308,  167,  476,  304,  914,  566,  204,  469,  720,  419,  498,  172,  690,  942,  794,  853,  480,  307,  813,  939,  168,  379,  250,  688,  838,  874,  901,  753,  852,  447,  890,  602,  756,  778,  276,  515, 1059,  590,  745,  818,  256,  874,  842,  832,  751,  485,  657,  967,  671,  191,  588],
        [  488,    0,  340,  661,  215,  388,  313,  264,  326,  536,  530,  502,  208,  603,  535,   47,  565,  400,  554,  412,  299,  429,  378,  627,  532,  543,  363,  537,  513,  496,  249,  318,  311,  415,  574,  710,  379,  517,  429,  481,  420,  228,  438,  437,   46,  419,  455,  223,  432,    0,  666,  242,  202,  430,  372,  465,  426,  313,  405,  163,  401,  397,  221,  509,  428,  437,  761,  409,  294,  324,  401,  379,  391,  552,  279,  439,  229,  348,  264,   70,  363,  259,  515,  446,  553,  403,  552,  632,  634,  333,   74,  204,  280,  454,  454,  494,  367,  486,  469,  469,  315,  443,  374,  169,  142,  630,  273,  563,  555,  344,  445,  411,  631,  368,  118,  286,  537,  439,  410,  250],
        [  179,    0,  665,   51,  633, 1048,  495,  930,  564, 1177,  558,  201,  569,  908,  698,  673,  737,  289,  138,  574,  905,  766,  779,  666,  735,  199,  333,  781,  837,  587,  812,  378,  892, 1065,  512,  896,  479,  222,  243,  191, 1017,  539,  454, 1093,  684,  254,  532,  723,  891,  666,    0,  907,  866,  304,  988,  847,  283,  495, 1067,  539,  800, 1035,  705,  347, 1089,  872,   97,  891,  859,  584,  971, 1045, 1023,  332,  388,  729,  891,  396,  929,  630,  940,  639,  626,  311,  178, 1068,  732,  105,  182,  724,  730,  686,  780,  931,  818,  489,  420,  344,  491,  559,  945,  255,  471,  774,  528,  848,  395,  153,  123,  963,  636,  698,   70,  411,  549,  852,  686, 1074,  724,  864],
