{
    "name": "random-63-17804",
    "comment": "size=63 seed=17804",
    "nodes": ["+0", "-0", "+1", "-1", "+2", "-2", "+3", "-3", "+4", "-4", "+5", "-5", "+6", "-6", "+7", "-7", "+8", "-8", "+9", "-9", "+10", "-10", "+11", "-11", "+12", "-12", "+13", "-13", "+14", "-14", "+15", "-15", "+16", "-16", "+17", "-17", "+18", "-18", "+19", "-19", "+20", "-20", "+21", "-21", "+22", "-22", "+23", "-23", "+24", "-24", "+25", "-25", "+26", "-26", "+27", "-27", "+28", "-28", "+29", "-29", "+30", "-30", "+31", "-31", "+32", "-32", "+33", "-33", "+34", "-34", "+35", "-35", "+36", "-36", "+37", "-37", "+38", "-38", "+39", "-39", "+40", "-40", "+41", "-41", "+42", "-42", "+43", "-43", "+44", "-44", "+45", "-45", "+46", "-46", "+47", "-47", "+48", "-48", "+49", "-49", "+50", "-50", "+51", "-51", "+52", "-52", "+53", "-53", "+54", "-54", "+55", "-55", "+56", "-56", "+57", "-57", "+58", "-58", "+59", "-59", "+60", "-60", "+61", "-61", "+62", "-62", "+63", "-63"],
    "precedence": {
        "+0": "-0",
        "+1": "-1",
        "+2": "-2",
        "+3": "-3",
        "+4": "-4",
        "+5": "-5",
        "+6": "-6",
        "+7": "-7",
        "+8": "-8",
        "+9": "-9",
        "+10": "-10",
        "+11": "-11",
        "+12": "-12",
        "+13": "-13",
        "+14": "-14",
        "+15": "-15",
        "+16": "-16",
        "+17": "-17",
        "+18": "-18",
        "+19": "-19",
        "+20": "-20",
        "+21": "-21",
        "+22": "-22",
        "+23": "-23",
        "+24": "-24",
        "+25": "-25",
        "+26": "-26",
        "+27": "-27",
        "+28": "-28",
        "+29": "-29",
        "+30": "-30",
        "+31": "-31",
        "+32": "-32",
        "+33": "-33",
        "+34": "-34",
        "+35": "-35",
        "+36": "-36",
        "+37": "-37",
        "+38": "-38",
        "+39": "-39",
        "+40": "-40",
        "+41": "-41",
        "+42": "-42",
        "+43": "-43",
        "+44": "-44",
        "+45": "-45",
        "+46": "-46",
        "+47": "-47",
        "+48": "-48",
        "+49": "-49",
        "+50": "-50",
        "+51": "-51",
        "+52": "-52",
        "+53": "-53",
        "+54": "-54",
        "+55": "-55",
        "+56": "-56",
        "+57": "-57",
        "+58": "-58",
        "+59": "-59",
        "+60": "-60",
        "+61": "-61",
        "+62": "-62",
        "+63": "-63"
    },
    "edges": [
        [    0,    0,  149,  300,  612,  314,  295,  684,  120,  465,  914,  257,  646,  569,  522,  811,  386,  527,  150,  428,  286,  159,  482,  304,   92,  293,  348,  319,  857,  698,  466,  697,  476,  920,  351,  676,  172,  557,  381,  621,  176,  568,  608,  682,  521,  440,  288,  250,  557,  533,  251,  787,  287,  592,  697,  180,  680,  539,  729,  346,  395,  680,  675,  621,  519,  272,  427,  488,  432,  132,  173,  440,  376,  609,  372,  456,  692,  809,  482,  701,  641,  630,  354,  733,  987,  338,  711,  767,  431,  244,  267,  235,  345,  238,  191,  608,  672,  397,  188,  398,  776,  182,  532,  619,  426,  142,  568,  655,  832,  739,  620,  356,  751,   40,   67,  117,  855,  935,  364,  456,  482,  499,  728,  399,  209,  791,   94,  737],
        [    0,    0,    0,    0,    0,    0,    0,    0,    0,    0,    0,    0,    0,    0,    0,    0,    0,    0,    0,    0,    0,    0,    0,    0,    0,    0,    0,    0,    0,    0,    0,    0,    0,    0,    0,    0,    0,    0,    0,    0,    0,    0,    0,    0,    0,    0,    0,    0,    0,    0,    0,    0,    0,    0,    0,    0,    0,    0,    0,    0,    0,    0,    0,    0,    0,    0,    0,    0,    0,    0,    0,    0,    0,    0,    0,    0,    0,    0,    0,    0,    0,    0,    0,    0,    0,    0,    0,    0,    0,    0,    0,    0,    0,    0,    0,    0,    0,    0,    0,    0,    0,    0,    0,    0,    0,    0,    0,    0,    0,    0,    0,    0,    0,    0,    0,    0,    0,    0,    0,    0,    0,    0,    0,    0,    0,    0,    0,    0],
        [  149,    0,    0,  422,  751,  289,  196,  828,  206,  565, 1060,  332,  743,  718,  566,  941,  278,  644,   47,  324,  367,  275,  544,  435,  239,  414,  461,  435,  917,  806,  573,  829,  601, 1060,  449,  722,  276,  701,  512,  766,  216,  682,  754,  746,  632,  485,  161,  356,  659,  681,  324,  931,  371,  663,  829,  313,  784,  669,  829,  246,  544,  826,  822,  687,  520,  415,  428,  526,  566,  281,   60,  521,  263,  756,  370,  423,  769,  854,  556,  847,  663,  774,  503,  769, 1132,  201,  830,  903,  476,  198,  144,  351,  483,  221,  146,  757,  776,  520,  297,  336,  902,  304,  680,  757,  560,   67,  703,  799,  944,  882,  764,  500,  816,  143,   85,  158,  917, 1077,  508,  584,  620,  646,  821,  360,  317,  928,  213,  795],
        [  300,    0,  422,    0,  565,  600,  594,  590,  218,  183,  775,  471,  743,  403,  729,  780,  684,  585,  396,  727,  134,  353,  667,   41,  220,    9,  458,   30, 1011,  759,  175,  669,  180,  828,  500,  866,  149,  315,  425,  520,  245,  630,  500,  843,  224,  655,  578,  416,  652,  408,  471,  678,  127,  748,  670,  123,  753,  545,  811,  645,  291,  563,  541,  783,  773,  298,  689,  706,  445,  217,  410,  602,  673,  384,  639,  738,  828,  993,  650,  580,  866,  544,  221,  933,  860,  623,  738,  717,  649,  541,  559,  384,  102,  527,  490,  428,  746,   99,  128,  693,  772,  347,  406,  571,  149,  437,  288,  564,  867,  637,  379,  334,  904,  335,  344,  274, 1008,  834,  153,  492,  214,  399,  827,  686,  389,  732,  331,  904],
        [  612,    0,  751,  565,    0,  684,  800,  110,  653,  691,  345,  485,  329,  251,  541,  216,  874,  205,  761,  896,  689,  480,  467,  525,  547,  569,  324,  589,  619,  277,  663,  106,  571,  311,  375,  584,  624,  413,  245,  108,  719,  217,  126,  509,  664,  525,  836,  421,  286,  188,  494,  203,  683,  444,  108,  546,  294,  113,  346,  832,  274,  150,  181,  475,  682,  342,  654,  555,  188,  498,  784,  402,  877,  375,  647,  751,  450,  662,  425,  165,  664,   78,  344,  655,  399,  892,  215,  158,  528,  703,  816,  412,  473,  661,  693,  274,  291,  564,  614,  790,  215,  450,  190,    7,  501,  711,  519,   93,  332,  157,  416,  262,  535,  609,  678,  697,  613,  330,  422,  190,  475,  174,  384,  739,  449,  180,  539,  562],
        [  314,    0,  289,  600,  684,    0,  160,  785,  431,  774, 1026,  203,  555,  751,  310,  830,  201,  515,  334,  214,  599,  272,  317,  594,  380,  594,  361,  623,  663,  638,  772,  732,  766,  986,  312,  459,  485,  796,  448,  739,  474,  539,  736,  502,  823,  242,  227,  278,  492,  690,  195,  885,  600,  437,  731,  477,  609,  578,  640,  166,  578,  802,  811,  451,  233,  426,  143,  267,  504,  389,  349,  329,  212,  830,   89,  143,  543,  585,  346,  822,  383,  734,  571,  495, 1083,  270,  687,  813,  232,   92,  217,  301,  618,   77,  145,  794,  602,  691,  500,  110,  773,  295,  690,  690,  703,  225,  836,  758,  778,  837,  851,  496,  571,  274,  306,  408,  664, 1008,  619,  495,  748,  646,  619,   87,  268,  841,  270,  542],
        [  295,    0,  196,  594,  800,  160,    0,  893,  390,  751, 1133,  319,  707,  825,  469,  963,   92,  649,  241,  134,  558,  336,  474,  599,  383,  587,  479,  612,  822,  786,  756,  859,  771, 1108,  442,  617,  456,  841,  556,  839,  411,  679,  833,  662,  812,  400,   71,  380,  638,  774,  310,  995,  561,  595,  859,  475,  759,  701,  793,   52,  647,  902,  906,  610,  378,  499,  297,  426,  613,  411,  246,  478,   85,  886,  247,  255,  702,  741,  500,  923,  533,  839,  624,  649, 1196,  111,  829,  939,  390,   98,   69,  392,  637,  142,  116,  867,  751,  691,  476,  152,  911,  365,  774,  806,  720,  158,  860,  865,  927,  947,  901,  580,  731,  264,  254,  349,  823, 1129,  651,  615,  774,  733,  775,  196,  355,  966,  301,  701],
        [  684,    0,  828,  590,  110,  785,  893,    0,  710,  693,  242,  583,  429,  216,  651,  223,  970,  314,  833,  994,  721,  565,  577,  550,  610,  596,  424,  612,  711,  365,  662,  156,  562,  241,  478,  690,  671,  380,  339,   71,  772,  324,   92,  612,  653,  633,  924,  515,  393,  184,  592,  104,  714,  551,  158,  593,  386,  222,  433,  927,  310,   55,   94,  582,  791,  414,  760,  665,  282,  562,  857,  511,  972,  326,  752,  857,  550,  762,  534,   61,  772,   55,  376,  760,  306,  981,  290,  148,  637,  798,  904,  501,  492,  756,  783,  222,  385,  571,  659,  892,  256,  534,  186,  106,  501,  793,  488,   30,  386,   55,  366,  329,  633,  686,  751,  758,  705,  253,  440,  293,  462,  196,  475,  843,  539,  152,  618,  663],
        [  120,    0,  206,  218,  653,  431,  390,  710,    0,  361,  926,  368,  736,  562,  637,  862,  478,  601,  178,  523,  170,  257,  592,  237,  115,  210,  432,  230,  964,  778,  368,  747,  397,  950,  448,  789,   70,  515,  445,  642,   70,  645,  626,  789,  426,  555,  366,  347,  644,  541,  364,  809,  172,  696,  748,  127,  763,  597,  816,  442,  403,  697,  684,  727,  639,  317,  547,  604,  487,  160,  192,  544,  465,  577,  492,  574,  793,  922,  588,  716,  759,  657,  347,  848, 1005,  407,  781,  811,  547,  356,  348,  324,  292,  355,  300,  597,  755,  316,   91,  509,  836,  272,  540,  660,  362,  233,  504,  681,  906,  762,  580,  393,  857,  160,  137,   58,  962,  962,  326,  521,  425,  516,  820,  515,  307,  832,  201,  846],
        [  465,    0,  565,  183,  691,  774,  751,  693,  361,    0,  838,  653,  908,  482,  911,  901,  839,  746,  530,  883,  201,  535,  848,  206,  396,  186,  635,  156, 1185,  914,   33,  797,  139,  917,  680, 1046,  296,  340,  592,  625,  356,  790,  603, 1019,   85,  837,  725,  599,  819,  513,  654,  766,  196,  924,  798,  300,  912,  693,  971,  802,  428,  655,  625,  960,  954,  472,  869,  889,  602,  398,  538,  782,  825,  415,  819,  914, 1000, 1171,  829,  668, 1048,  654,  362, 1114,  925,  763,  884,  832,  831,  708,  707,  566,  230,  700,  655,  493,  905,  130,  277,  862,  905,  530,  511,  696,  192,  593,  258,  670, 1011,  731,  392,  493, 1078,  503,  497,  408, 1181,  918,  275,  652,  237,  518,  991,  860,  572,  842,  509, 1081],
        [  914,    0, 1060,  775,  345, 1026, 1133,  242,  926,  838,    0,  825,  623,  373,  876,  311, 1211,  542, 1062, 1236,  909,  803,  805,  737,  834,  783,  666,  791,  874,  540,  805,  336,  700,  148,  719,  893,  879,  498,  580,  296,  983,  541,  306,  809,  780,  867, 1163,  756,  610,  385,  834,  143,  902,  762,  337,  803,  569,  457,  601, 1169,  524,  234,  242,  789, 1022,  647,  998,  895,  524,  786, 1085,  744, 1214,  426,  992, 1096,  739,  945,  762,  214,  988,  295,  580,  959,   88, 1220,  457,  266,  871, 1039, 1143,  742,  674,  998, 1022,  350,  571,  733,  864, 1133,  381,  773,  386,  340,  657, 1029,  595,  269,  500,  190,  455,  562,  815,  919,  981,  977,  867,  126,  624,  533,  602,  415,  647, 1084,  779,  241,  854,  852],
        [  257,    0,  332,  471,  485,  203,  319,  583,  368,  653,  825,    0,  412,  553,  270,  645,  389,  332,  362,  411,  513,  121,  226,  454,  273,  468,  162,  498,  601,  481,  644,  541,  616,  791,  125,  421,  396,  614,  246,  536,  430,  364,  533,  426,  687,  189,  365,   78,  332,  489,   10,  684,  511,  338,  540,  358,  456,  383,  499,  348,  384,  599,  609,  365,  305,  237,  229,  240,  302,  257,  385,  190,  394,  640,  193,  304,  441,  554,  229,  619,  399,  532,  389,  481,  884,  420,  514,  621,  182,  222,  347,  106,  462,  178,  224,  596,  448,  550,  405,  312,  594,  125,  490,  491,  545,  272,  666,  556,  621,  636,  664,  298,  496,  225,  293,  373,  600,  812,  451,  297,  580,  444,  490,  272,   85,  648,  168,  481],
        [  646,    0,  743,  743,  329,  555,  707,  429,  736,  908,  623,  412,    0,  558,  291,  336,  755,  166,  771,  760,  836,  488,  245,  710,  622,  744,  304,  772,  297,   96,  887,  290,  815,  524,  297,  271,  737,  703,  319,  435,  804,  127,  450,  187,  906,  323,  764,  396,   93,  484,  421,  492,  832,  151,  288,  671,   63,  246,   87,  720,  492,  476,  509,  170,  447,  448,  461,  325,  309,  584,  794,  230,  766,  683,  483,  560,  122,  334,  210,  488,  374,  407,  550,  336,  646,  815,  173,  359,  331,  614,  748,  414,  679,  570,  631,  590,   58,  781,  736,  636,  264,  467,  486,  330,  737,  683,  799,  419,  227,  459,  722,  416,  207,  623,  696,  758,  291,  552,  639,  259,  734,  448,   85,  574,  438,  387,  553,  235],
        [  569,    0,  718,  403,  251,  751,  825,  216,  562,  482,  373,  553,  558,    0,  706,  436,  911,  403,  713,  943,  536,  491,  628,  364,  482,  410,  421,  419,  854,  523,  450,  348,  348,  436,  484,  786,  510,  166,  330,  155,  616,  434,  133,  724,  438,  664,  841,  476,  493,   77,  560,  285,  529,  644,  349,  437,  534,  313,  590,  868,  179,  174,  144,  679,  820,  328,  767,  706,  291,  438,  734,  554,  909,  126,  742,  853,  676,  883,  591,  187,  842,  189,  218,  859,  458,  896,  465,  362,  664,  739,  820,  451,  301,  704,  710,   44,  531,  366,  494,  861,  457,  463,   76,  253,  293,  699,  274,  198,  580,  250,  166,  255,  762,  583,  635,  616,  849,  438,  251,  332,  248,  121,  624,  824,  484,  368,  527,  782],
        [  522,    0,  566,  729,  541,  310,  469,  651,  637,  911,  876,  270,  291,  706,    0,  617,  496,  337,  605,  492,  781,  388,   78,  707,  541,  727,  298,  758,  356,  386,  898,  546,  856,  798,  240,  157,  665,  810,  381,  630,  697,  337,  637,  194,  935,   83,  536,  313,  269,  631,  273,  736,  779,  146,  544,  623,  353,  430,  366,  469,  572,  686,  710,  148,  156,  454,  184,   44,  415,  522,  625,  152,  511,  816,  224,  275,  243,  290,  118,  703,  142,  612,  602,  212,  913,  579,  456,  625,   92,  391,  525,  345,  702,  354,  427,  746,  347,  798,  673,  366,  548,  385,  632,  546,  780,  500,  884,  631,  515,  694,  849,  477,  262,  487,  548,  637,  356,  825,  680,  378,  802,  585,  334,  302,  343,  654,  436,  233],
        [  811,    0,  941,  780,  216,  830,  963,  223,  862,  901,  311,  645,  336,  436,  617,    0, 1028,  316,  956, 1043,  904,  667,  556,  740,  752,  784,  488,  804,  564,  243,  872,  116,  775,  191,  522,  603,  836,  601,  431,  282,  929,  293,  304,  515,  868,  628, 1008,  593,  352,  389,  654,  214,  898,  485,  115,  758,  276,  273,  296,  989,  489,  274,  313,  505,  771,  547,  767,  644,  379,  704,  980,  511, 1035,  549,  776,  868,  442,  640,  514,  272,  710,  250,  559,  664,  316, 1064,  163,   75,  635,  866,  989,  592,  687,  822,  865,  445,  279,  775,  827,  927,   74,  638,  392,  210,  709,  895,  709,  238,  191,  211,  588,  471,  511,  802,  874,  903,  557,  220,  636,  359,  677,  385,  343,  870,  628,   82,  730,  551],
        [  386,    0,  278,  684,  874,  201,   92,  970,  478,  839, 1211,  389,  755,  911,  496, 1028,    0,  713,  320,   46,  644,  421,  514,  690,  474,  677,  551,  702,  839,  839,  845,  928,  862, 1180,  507,  634,  545,  931,  632,  919,  494,  739,  913,  688,  902,  437,  124,  456,  693,  858,  380, 1072,  647,  631,  927,  566,  810,  771,  839,   44,  734,  982,  988,  641,  381,  584,  313,  453,  689,  502,  320,  530,   22,  975,  275,  244,  736,  750,  545, 1003,  537,  917,  713,  656, 1272,  120,  887, 1008,  427,  174,  136,  472,  728,  214,  205,  954,  802,  782,  565,  136,  973,  449,  858,  880,  811,  248,  951,  943,  978, 1024,  991,  663,  755,  355,  343,  435,  841, 1201,  741,  686,  865,  816,  817,  197,  435, 1036,  390,  721],
        [  527,    0,  644,  585,  205,  515,  649,  314,  601,  746,  542,  332,  166,  403,  337,  316,  713,    0,  665,  729,  686,  372,  265,  550,  487,  586,  183,  613,  459,  178,  723,  220,  649,  478,  208,  387,  593,  541,  163,  300,  671,   46,  310,  321,  741,  327,  696,  289,   90,  327,  341,  400,  681,  245,  219,  523,  169,   97,  227,  674,  327,  352,  379,  279,  481,  296,  462,  354,  144,  444,  689,  205,  720,  526,  464,  562,  275,  480,  222,  368,  460,  278,  386,  460,  584,  751,  187,  302,  332,  552,  678,  295,  516,  508,  555,  439,  162,  617,  590,  614,  263,  346,  329,  209,  572,  592,  635,  296,  306,  358,  564,  254,  361,  511,  584,  632,  454,  502,  475,   94,  569,  288,  246,  558,  327,  331,  438,  380],
        [  150,    0,   47,  396,  761,  334,  241,  833,  178,  530, 1062,  362,  771,  713,  605,  956,  320,  665,    0,  366,  331,  293,  580,  412,  231,  387,  483,  407,  955,  831,  540,  843,  574, 1069,  475,  762,  247,  685,  526,  769,  177,  704,  757,  782,  599,  524,  199,  379,  686,  680,  355,  936,  335,  697,  843,  294,  810,  684,  856,  290,  541,  829,  822,  722,  564,  421,  472,  566,  578,  277,   25,  552,  303,  743,  414,  469,  802,  894,  589,  849,  706,  779,  496,  810, 1136,  234,  851,  915,  514,  244,  184,  370,  464,  264,  190,  751,  802,  493,  269,  382,  919,  321,  679,  767,  538,  110,  680,  804,  968,  888,  749,  505,  852,  155,   84,  124,  954, 1084,  493,  600,  600,  647,  851,  406,  339,  939,  228,  832],
        [  428,    0,  324,  727,  896,  214,  134,  994,  523,  883, 1236,  411,  760,  943,  492, 1043,   46,  729,  366,    0,  689,  453,  517,  731,  515,  720,  572,  745,  828,  847,  888,  945,  904, 1199,  525,  623,  589,  968,  656,  945,  539,  752,  940,  683,  945,  439,  169,  481,  703,  888,  403, 1095,  692,  632,  945,  608,  817,  791,  844,   83,  766, 1008, 1015,  639,  367,  616,  309,  450,  713,  540,  366,  539,   65, 1010,  277,  228,  734,  735,  551, 1029,  521,  942,  748,  641, 1294,  161,  899, 1027,  430,  206,  182,  499,  768,  241,  243,  986,  810,  824,  608,  127,  986,  481,  888,  902,  851,  291,  991,  967,  985, 1047, 1027,  693,  748,  396,  387,  480,  830, 1221,  780,  707,  904,  845,  819,  191,  463, 1055,  426,  712],
        [  286,    0,  367,  134,  689,  599,  558,  721,  170,  201,  909,  513,  836,  536,  781,  904,  644,  686,  331,  689,    0,  393,  728,  173,  240,  127,  538,  121, 1089,  862,  215,  791,  275,  960,  570,  928,  118,  442,  523,  650,  156,  731,  631,  916,  276,  701,  527,  474,  744,  539,  510,  810,    8,  821,  792,  166,  853,  658,  910,  609,  416,  695,  674,  855,  799,  390,  709,  752,  552,  263,  338,  670,  630,  514,  655,  742,  910, 1059,  717,  713,  911,  673,  347,  991,  993,  564,  850,  843,  694,  525,  511,  445,  236,  523,  470,  562,  846,  202,  108,  679,  891,  398,  537,  695,  271,  402,  398,  694,  979,  768,  505,  444,  981,  326,  306,  210, 1086,  967,  286,  595,  337,  527,  921,  684,  439,  859,  351,  976],
        [  159,    0,  275,  353,  480,  272,  336,  565,  257,  535,  803,  121,  488,  491,  388,  667,  421,  372,  293,  453,  393,    0,  337,  338,  154,  349,  191,  380,  707,  541,  526,  555,  504,  791,  194,  536,  278,  525,  238,  508,  323,  412,  499,  532,  571,  309,  361,   92,  399,  439,  120,  668,  392,  440,  555,  238,  522,  395,  571,  377,  314,  570,  572,  471,  421,  164,  338,  360,  293,  138,  317,  287,  419,  561,  293,  399,  537,  668,  332,  591,  519,  511,  300,  598,  870,  417,  558,  630,  302,  248,  340,   78,  352,  215,  222,  534,  514,  435,  286,  379,  627,   31,  438,  487,  437,  231,  565,  536,  676,  619,  581,  245,  600,  139,  213,  272,  705,  809,  348,  309,  478,  398,  570,  355,   51,  655,   67,  590],
        [  482,    0,  544,  667,  467,  317,  474,  577,  592,  848,  805,  226,  245,  628,   78,  556,  514,  265,  580,  517,  728,  337,    0,  643,  490,  666,  225,  696,  377,  335,  834,  478,  787,  733,  170,  201,  614,  735,  305,  554,  655,  268,  560,  203,  868,   79,  537,  254,  204,  554,  231,  664,  725,  122,  476,  566,  304,  356,  327,  482,  497,  611,  634,  143,  218,  384,  217,   90,  338,  466,  601,   76,  527,  740,  241,  317,  229,  332,   44,  628,  217,  536,  530,  267,  845,  585,  398,  558,   88,  387,  523,  285,  635,  345,  415,  669,  297,  732,  620,  393,  490,  330,  555,  472,  711,  480,  810,  557,  471,  622,  773,  403,  273,  450,  516,  598,  375,  759,  610,  301,  730,  508,  303,  330,  289,  587,  392,  256],
        [  304,    0,  435,   41,  525,  594,  599,  550,  237,  206,  737,  454,  710,  364,  707,  740,  690,  550,  412,  731,  173,  338,  643,    0,  219,   47,  430,   65,  981,  723,  192,  629,  174,  788,  475,  841,  170,  284,  392,  480,  271,  594,  460,  815,  233,  635,  588,  395,  619,  368,  455,  639,  166,  720,  631,  125,  718,  508,  776,  649,  252,  524,  502,  755,  758,  268,  676,  686,  409,  206,  428,  576,  680,  351,  629,  730,  797,  966,  624,  540,  846,  504,  181,  909,  821,  635,  700,  677,  629,  540,  568,  363,   65,  524,  492,  391,  711,   98,  149,  691,  733,  330,  366,  531,  126,  444,  269,  524,  829,  597,  349,  298,  875,  337,  354,  294,  978,  795,  114,  456,  189,  359,  793,  680,  371,  692,  324,  876],
        [   92,    0,  239,  220,  547,  380,  383,  610,  115,  396,  834,  273,  622,  482,  541,  752,  474,  487,  231,  515,  240,  154,  490,  219,    0,  215,  319,  244,  857,  663,  393,  637,  392,  849,  339,  690,  125,  465,  331,  544,  184,  531,  530,  683,  444,  462,  379,  239,  531,  451,  271,  711,  239,  589,  638,   98,  649,  485,  702,  433,  312,  602,  593,  622,  564,  206,  476,  512,  375,   49,  253,  437,  465,  518,  424,  519,  684,  822,  483,  622,  671,  556,  266,  752,  910,  430,  667,  704,  455,  322,  358,  214,  254,  307,  274,  520,  641,  314,  133,  474,  724,  163,  450,  553,  337,  233,  478,  581,  792,  664,  528,  286,  750,  120,  155,  151,  855,  862,  272,  407,  392,  420,  707,  466,  202,  726,  115,  742],
        [  293,    0,  414,    9,  569,  594,  587,  596,  210,  186,  783,  468,  744,  410,  727,  784,  677,  586,  387,  720,  127,  349,  666,   47,  215,    0,  458,   31, 1011,  761,  179,  673,  188,  834,  499,  865,  141,  323,  426,  526,  236,  631,  506,  842,  230,  652,  570,  414,  653,  414,  468,  685,  120,  747,  674,  117,  754,  548,  813,  638,  296,  570,  548,  782,  769,  298,  684,  704,  447,  212,  401,  601,  666,  393,  635,  733,  828,  992,  648,  587,  863,  549,  226,  932,  867,  615,  741,  722,  646,  534,  551,  382,  110,  521,  483,  436,  748,  107,  119,  687,  776,  344,  412,  575,  157,  430,  297,  570,  870,  643,  387,  336,  904,  328,  337,  266, 1008,  841,  160,  494,  223,  404,  828,  680,  386,  737,  326,  903],
        [  348,    0,  461,  458,  324,  361,  479,  424,  432,  635,  666,  162,  304,  421,  298,  488,  551,  183,  483,  572,  538,  191,  225,  430,  319,  458,    0,  488,  554,  351,  618,  381,  565,  630,   64,  415,  435,  513,   94,  382,  501,  222,  381,  385,  649,  245,  521,  107,  213,  351,  171,  525,  535,  290,  381,  373,  333,  222,  385,  509,  275,  444,  457,  326,  400,  164,  349,  291,  145,  281,  507,  152,  555,  524,  331,  440,  372,  538,  198,  464,  440,  374,  306,  486,  723,  577,  369,  460,  244,  382,  502,  114,  414,  339,  378,  464,  325,  514,  436,  468,  442,  167,  351,  330,  488,  410,  586,  398,  486,  477,  554,  180,  446,  330,  403,  457,  551,  651,  386,  136,  505,  304,  388,  420,  145,  488,  257,  447],
        [  319,    0,  435,   30,  589,  623,  612,  612,  230,  156,  791,  498,  772,  419,  758,  804,  702,  613,  407,  745,  121,  380,  696,   65,  244,   31,  488,    0, 1040,  787,  150,  694,  169,  848,  529,  895,  160,  321,  454,  541,  248,  658,  521,  872,  202,  683,  593,  445,  681,  428,  499,  698,  114,  777,  695,  146,  781,  572,  839,  663,  316,  583,  559,  812,  800,  327,  714,  734,  473,  243,  419,  631,  690,  393,  665,  762,  857, 1022,  679,  599,  894,  566,  246,  962,  876,  636,  765,  740,  677,  562,  574,  413,  121,  550,  510,  443,  774,   89,  139,  715,  798,  375,  427,  595,  151,  455,  285,  586,  894,  657,  384,  361,  933,  355,  360,  284, 1037,  854,  173,  520,  217,  422,  855,  709,  417,  755,  356,  933],
        [  857,    0,  917, 1011,  619,  663,  822,  711,  964, 1185,  874,  601,  297,  854,  356,  564,  839,  459,  955,  828, 1089,  707,  377,  981,  857, 1011,  554, 1040,    0,  347, 1166,  560, 1101,  751,  520,  206,  980,  999,  596,  727, 1029,  423,  743,  175, 1190,  433,  889,  619,  374,  780,  607,  757, 1086,  268,  558,  923,  326,  542,  280,  816,  782,  762,  797,  237,  462,  714,  528,  398,  598,  827,  975,  421,  856,  980,  576,  601,  186,  114,  376,  771,  314,  696,  835,  199,  877,  931,  425,  612,  443,  746,  879,  645,  959,  708,  782,  886,  329, 1060,  983,  705,  494,  695,  782,  620, 1023,  852, 1093,  705,  384,  733, 1018,  699,  108,  825,  892,  973,    8,  780,  923,  547, 1025,  744,  237,  642,  657,  635,  765,  123],
        [  698,    0,  806,  759,  277,  638,  786,  365,  778,  914,  540,  481,   96,  523,  386,  243,  839,  178,  831,  847,  862,  541,  335,  723,  663,  761,  351,  787,  347,    0,  890,  214,  810,  433,  358,  361,  771,  678,  340,  385,  847,  133,  402,  272,  903,  413,  840,  452,  149,  452,  490,  415,  858,  247,  212,  700,   34,  224,   69,  803,  488,  416,  452,  264,  542,  473,  552,  418,  314,  621,  854,  310,  849,  648,  571,  652,  200,  406,  298,  425,  468,  353,  552,  422,  556,  893,   84,  275,  421,  691,  824,  464,  685,  647,  703,  550,   39,  785,  768,  724,  170,  517,  454,  277,  734,  750,  780,  360,  141,  387,  688,  426,  276,  679,  752,  806,  340,  462,  640,  268,  723,  423,  111,  663,  493,  301,  607,  312],
        [  466,    0,  573,  175,  663,  772,  756,  662,  368,   33,  805,  644,  887,  450,  898,  872,  845,  723,  540,  888,  215,  526,  834,  192,  393,  179,  618,  150, 1166,  890,    0,  769,  106,  885,  665, 1031,  300,  308,  571,  594,  369,  767,  572, 1002,   62,  826,  733,  587,  798,  483,  645,  734,  210,  907,  770,  296,  888,  668,  947,  807,  403,  624,  593,  943,  947,  455,  863,  877,  579,  391,  549,  766,  832,  382,  814,  911,  980, 1155,  813,  636, 1037,  624,  338, 1100,  892,  772,  858,  802,  820,  709,  714,  554,  208,  699,  657,  461,  882,  106,  281,  863,  877,  520,  481,  668,  163,  598,  225,  640,  985,  700,  359,  471, 1060,  503,  502,  417, 1162,  886,  250,  629,  205,  490,  968,  858,  561,  812,  505, 1063],
        [  697,    0,  829,  669,  106,  732,  859,  156,  747,  797,  336,  541,  290,  348,  546,  116,  928,  220,  843,  945,  791,  555,  478,  629,  637,  673,  381,  694,  560,  214,  769,    0,  675,  258,  421,  559,  721,  512,  318,  194,  814,  210,  216,  476,  769,  545,  901,  485,  277,  291,  550,  203,  785,  427,    3,  644,  240,  161,  281,  887,  378,  210,  248,  454,  695,  432,  681,  567,  265,  589,  867,  423,  933,  468,  683,  781,  409,  618,  435,  216,  653,  160,  448,  626,  368,  957,  136,   82,  550,  762,  882,  482,  578,  718,  758,  365,  240,  670,  712,  832,  111,  526,  293,  101,  606,  784,  620,  159,  235,  174,  509,  356,  488,  689,  760,  788,  554,  282,  528,  248,  579,  279,  325,  777,  518,  111,  617,  522],
        [  476,    0,  601,  180,  571,  766,  771,  562,  397,  139,  700,  616,  815,  348,  856,  775,  862,  649,  574,  904,  275,  504,  787,  174,  392,  188,  565,  169, 1101,  810,  106,  675,    0,  781,  618,  979,  327,  202,  506,  496,  416,  691,  473,  943,   94,  788,  757,  550,  729,  387,  618,  631,  268,  849,  677,  297,  811,  586,  870,  822,  323,  522,  490,  886,  920,  403,  841,  839,  506,  377,  588,  716,  851,  276,  797,  900,  915, 1099,  762,  534,  997,  526,  266, 1050,  787,  802,  772,  704,  784,  713,  738,  517,  155,  696,  665,  357,  805,   82,  306,  864,  785,  492,  384,  575,   78,  616,  127,  541,  897,  598,  255,  402,  997,  510,  523,  452, 1097,  782,  180,  557,  101,  398,  894,  851,  531,  713,  496, 1004],
        [  920,    0, 1060,  828,  311,  986, 1108,  241,  950,  917,  148,  791,  524,  436,  798,  191, 1180,  478, 1069, 1199,  960,  791,  733,  788,  849,  834,  630,  848,  751,  433,  885,  258,  781,    0,  675,  793,  912,  585,  556,  311, 1013,  465,  330,  705,  868,  802, 1146,  730,  530,  421,  801,  152,  953,  671,  259,  834,  465,  409,  487, 1139,  551,  266,  293,  694,  950,  648,  938,  822,  499,  800, 1092,  681, 1185,  518,  940, 1039,  633,  830,  690,  250,  897,  294,  616,  854,  127, 1203,  352,  176,  807, 1011, 1126,  722,  728,  968, 1003,  426,  468,  801,  900, 1089,  265,  761,  423,  305,  728, 1022,  690,  270,  369,  192,  553,  564,  702,  919,  986,  997,  744,   30,  676,  494,  681,  437,  533, 1034,  759,  147,  849,  742],
        [  351,    0,  449,  500,  375,  312,  442,  478,  448,  680,  719,  125,  297,  484,  240,  522,  507,  208,  475,  525,  570,  194,  170,  475,  339,  499,   64,  529,  520,  358,  665,  421,  618,  675,    0,  366,  460,  575,  156,  440,  516,  240,  440,  347,  699,  182,  489,  102,  211,  413,  134,  577,  567,  252,  420,  405,  336,  267,  382,  467,  336,  501,  516,  286,  337,  215,  287,  229,  205,  308,  499,  102,  514,  587,  274,  381,  345,  493,  150,  521,  382,  430,  363,  435,  773,  544,  390,  502,  181,  344,  471,  126,  465,  300,  349,  527,  328,  563,  464,  416,  470,  177,  414,  381,  542,  392,  645,  454,  498,  530,  617,  241,  412,  327,  400,  466,  517,  697,  441,  186,  563,  367,  378,  365,  143,  530,  258,  407],
        [  676,    0,  722,  866,  584,  459,  617,  690,  789, 1046,  893,  421,  271,  786,  157,  603,  634,  387,  762,  623,  928,  536,  201,  841,  690,  865,  415,  895,  206,  361, 1031,  559,  979,  793,  366,    0,  814,  910,  481,  685,  851,  368,  696,   91, 1063,  239,  685,  455,  300,  709,  426,  760,  925,  143,  557,  766,  329,  483,  315,  611,  676,  733,  763,  109,  259,  578,  323,  197,  502,  666,  781,  265,  650,  905,  371,  397,  166,  134,  218,  747,  123,  660,  717,   74,  916,  726,  442,  630,  248,  544,  676,  485,  829,  508,  583,  823,  326,  928,  820,  499,  530,  530,  711,  586,  902,  656,  993,  676,  460,  725,  941,  585,  133,  642,  705,  792,  208,  822,  800,  455,  916,  667,  271,  437,  489,  657,  588,   91],
        [  172,    0,  276,  149,  624,  485,  456,  671,   70,  296,  879,  396,  737,  510,  665,  836,  545,  593,  247,  589,  118,  278,  614,  170,  125,  141,  435,  160,  980,  771,  300,  721,  327,  912,  460,  814,    0,  452,  432,  602,  106,  638,  585,  806,  358,  585,  434,  362,  645,  497,  394,  767,  118,  712,  722,   79,  759,  578,  814,  508,  362,  654,  638,  744,  682,  300,  592,  636,  469,  154,  261,  560,  533,  516,  538,  627,  804,  945,  606,  673,  794,  620,  299,  876,  960,  477,  766,  781,  578,  415,  416,  335,  228,  409,  360,  543,  751,  246,   22,  569,  816,  286,  495,  630,  294,  299,  436,  643,  894,  722,  516,  366,  872,  211,  203,  126,  977,  923,  267,  507,  358,  475,  822,  570,  326,  800,  234,  865],
        [  557,    0,  701,  315,  413,  796,  841,  380,  515,  340,  498,  614,  703,  166,  810,  601,  931,  541,  685,  968,  442,  525,  735,  284,  465,  323,  513,  321,  999,  678,  308,  512,  202,  585,  575,  910,  452,    0,  432,  321,  555,  577,  299,  857,  284,  756,  843,  538,  629,  227,  619,  437,  435,  770,  514,  392,  686,  460,  744,  888,  239,  334,  299,  807,  905,  378,  840,  803,  409,  431,  703,  660,  925,   75,  806,  916,  816, 1016,  702,  343,  951,  354,  226,  983,  585,  894,  626,  527,  754,  765,  822,  508,  224,  738,  726,  162,  682,  246,  432,  903,  622,  502,  225,  416,  173,  697,  109,  363,  744,  409,   65,  334,  901,  581,  617,  572,  994,  584,  194,  458,  109,  257,  775,  877,  534,  532,  542,  917],
        [  381,    0,  512,  425,  245,  448,  556,  339,  445,  592,  580,  246,  319,  330,  381,  431,  632,  163,  526,  656,  523,  238,  305,  392,  331,  426,   94,  454,  596,  340,  571,  318,  506,  556,  156,  481,  432,  432,    0,  291,  514,  208,  289,  438,  595,  335,  591,  177,  228,  258,  254,  441,  519,  346,  318,  361,  330,  158,  388,  589,  195,  354,  365,  383,  491,  134,  442,  378,   58,  286,  550,  229,  634,  436,  423,  533,  410,  595,  271,  374,  521,  287,  240,  554,  641,  647,  337,  392,  335,  460,  571,  167,  363,  418,  448,  372,  323,  465,  429,  556,  396,  208,  259,  252,  428,  468,  512,  312,  462,  392,  469,  105,  491,  372,  444,  479,  592,  575,  327,   77,  436,  212,  402,  511,  204,  418,  300,  499],
        [  621,    0,  766,  520,  108,  739,  839,   71,  642,  625,  296,  536,  435,  155,  630,  282,  919,  300,  769,  945,  650,  508,  554,  480,  544,  526,  382,  541,  727,  385,  594,  194,  496,  311,  440,  685,  602,  321,  291,    0,  703,  319,   23,  613,  588,  605,  868,  465,  386,  114,  545,  168,  643,  543,  196,  524,  401,  204,  453,  876,  240,   64,   80,  576,  763,  352,  726,  640,  237,  496,  792,  485,  920,  275,  712,  820,  557,  768,  513,   84,  759,   35,  305,  757,  367,  924,  319,  209,  607,  746,  847,  448,  421,  706,  727,  171,  399,  502,  589,  847,  303,  477,  116,  108,  433,  734,  429,   46,  428,  121,  315,  267,  642,  624,  687,  691,  721,  321,  369,  259,  397,  127,  492,  802,  485,  218,  558,  668],
        [  176,    0,  216,  245,  719,  474,  411,  772,   70,  356,  983,  430,  804,  616,  697,  929,  494,  671,  177,  539,  156,  323,  655,  271,  184,  236,  501,  248, 1029,  847,  369,  814,  416, 1013,  516,  851,  106,  555,  514,  703,    0,  714,  687,  854,  430,  615,  375,  414,  713,  600,  426,  870,  161,  762,  815,  181,  832,  665,  885,  461,  464,  757,  742,  792,  690,  385,  597,  663,  555,  229,  183,  609,  478,  621,  540,  615,  860,  984,  653,  776,  816,  720,  404,  908, 1064,  409,  850,  877,  607,  391,  359,  392,  332,  398,  335,  649,  824,  336,  124,  541,  905,  339,  599,  726,  393,  259,  531,  744,  975,  824,  620,  459,  922,  213,  168,   66, 1027, 1024,  372,  590,  458,  577,  888,  555,  374,  897,  264,  910],
        [  568,    0,  682,  630,  217,  539,  679,  324,  645,  790,  541,  364,  127,  434,  337,  293,  739,   46,  704,  752,  731,  412,  268,  594,  531,  631,  222,  658,  423,  133,  767,  210,  691,  465,  240,  368,  638,  577,  208,  319,  714,    0,  331,  295,  784,  337,  728,  327,   70,  359,  373,  402,  726,  228,  208,  568,  124,  121,  182,  701,  369,  366,  396,  259,  486,  341,  475,  358,  188,  488,  728,  218,  747,  558,  483,  576,  243,  451,  226,  381,  450,  293,  429,  439,  577,  783,  151,  290,  343,  582,  711,  335,  560,  537,  588,  467,  117,  661,  635,  635,  234,  387,  360,  220,  615,  628,  673,  309,  264,  362,  597,  298,  328,  551,  624,  674,  417,  491,  518,  139,  609,  322,  203,  577,  366,  319,  478,  351],
        [  608,    0,  754,  500,  126,  736,  833,   92,  626,  603,  306,  533,  450,  133,  637,  304,  913,  310,  757,  940,  631,  499,  560,  460,  530,  506,  381,  521,  743,  402,  572,  216,  473,  330,  440,  696,  585,  299,  289,   23,  687,  331,    0,  626,  565,  608,  859,  460,  397,   93,  541,  183,  624,  554,  218,  507,  418,  214,  471,  870,  224,   73,   77,  587,  767,  342,  727,  645,  236,  482,  780,  490,  914,  253,  712,  820,  571,  781,  519,   93,  767,   56,  287,  768,  380,  916,  338,  232,  610,  740,  839,  442,  401,  701,  720,  150,  415,  481,  571,  844,  324,  469,   95,  127,  411,  724,  407,   68,  450,  139,  294,  256,  656,  613,  675,  676,  737,  339,  349,  262,  374,  111,  508,  800,  479,  240,  549,  681],
        [  682,    0,  746,  843,  509,  502,  662,  612,  789, 1019,  809,  426,  187,  724,  194,  515,  688,  321,  782,  683,  916,  532,  203,  815,  683,  842,  385,  872,  175,  272, 1002,  476,  943,  705,  347,   91,  806,  857,  438,  613,  854,  295,  626,    0, 1030,  265,  727,  444,  232,  648,  432,  678,  913,   96,  474,  752,  241,  415,  224,  662,  630,  658,  690,   62,  328,  548,  376,  237,  449,  654,  803,  247,  704,  846,  417,  461,   75,  160,  201,  671,  210,  587,  677,  151,  828,  772,  355,  544,  275,  581,  716,  472,  796,  541,  613,  760,  239,  897,  810,  557,  441,  521,  650,  511,  865,  681,  946,  601,  370,  645,  883,  542,   71,  651,  718,  799,  174,  733,  763,  400,  873,  607,  180,  493,  483,  571,  591,   62],
        [  521,    0,  632,  224,  664,  823,  812,  653,  426,   85,  780,  687,  906,  438,  935,  868,  902,  741,  599,  945,  276,  571,  868,  233,  444,  230,  649,  202, 1190,  903,   62,  769,   94,  868,  699, 1063,  358,  284,  595,  588,  430,  784,  565, 1030,    0,  865,  791,  626,  819,  480,  688,  718,  271,  936,  771,  346,  904,  680,  963,  864,  416,  611,  578,  972,  991,  486,  909,  916,  597,  438,  609,  799,  890,  355,  861,  961, 1004, 1185,  846,  622, 1075,  619,  356, 1133,  867,  832,  865,  797,  860,  763,  773,  593,  235,  751,  712,  443,  898,  138,  338,  916,  879,  562,  477,  669,  170,  655,  188,  632,  991,  687,  327,  492, 1085,  557,  560,  476, 1186,  867,  268,  648,  192,  492,  986,  909,  603,  805,  554, 1091],
        [  440,    0,  485,  655,  525,  242,  400,  633,  555,  837,  867,  189,  323,  664,   83,  628,  437,  327,  524,  439,  701,  309,   79,  635,  462,  652,  245,  683,  433,  413,  826,  545,  788,  802,  182,  239,  585,  756,  335,  605,  615,  337,  608,  265,  865,    0,  464,  240,  277,  591,  192,  725,  700,  196,  544,  546,  382,  412,  405,  406,  518,  664,  683,  210,  159,  389,  141,   52,  377,  444,  544,  123,  450,  768,  163,  241,  302,  372,  116,  682,  212,  590,  541,  293,  911,  511,  473,  626,   10,  317,  452,  273,  634,  277,  349,  706,  375,  727,  594,  314,  564,  309,  592,  530,  714,  419,  823,  611,  549,  681,  799,  423,  335,  404,  466,  555,  433,  827,  615,  347,  740,  545,  381,  252,  267,  655,  355,  311],
        [  288,    0,  161,  578,  836,  227,   71,  924,  366,  725, 1163,  365,  764,  841,  536, 1008,  124,  696,  199,  169,  527,  361,  537,  588,  379,  570,  521,  593,  889,  840,  733,  901,  757, 1146,  489,  685,  434,  843,  591,  868,  375,  728,  859,  727,  791,  464,    0,  417,  692,  795,  356, 1028,  531,  658,  901,  464,  814,  741,  851,  103,  663,  930,  931,  674,  449,  520,  366,  493,  648,  414,  198,  535,  106,  893,  314,  325,  765,  810,  560,  951,  603,  870,  633,  718, 1229,   57,  879,  980,  454,  151,   22,  425,  632,  195,  144,  883,  806,  676,  455,  219,  959,  391,  795,  842,  712,  147,  854,  896,  981,  979,  905,  604,  797,  264,  234,  318,  890, 1165,  651,  654,  769,  756,  834,  266,  387, 1006,  315,  768],
        [  250,    0,  356,  416,  421,  278,  380,  515,  347,  599,  756,   78,  396,  476,  313,  593,  456,  289,  379,  481,  474,   92,  254,  395,  239,  414,  107,  445,  619,  452,  587,  485,  550,  730,  102,  455,  362,  538,  177,  465,  414,  327,  460,  444,  626,  240,  417,    0,  309,  413,   84,  617,  472,  351,  485,  312,  432,  324,  481,  413,  307,  528,  535,  383,  373,  161,  302,  291,  234,  212,  403,  198,  458,  563,  270,  381,  446,  585,  244,  548,  451,  462,  315,  520,  818,  474,  475,  563,  235,  284,  398,   34,  396,  242,  274,  519,  424,  488,  367,  387,  549,   77,  413,  427,  477,  304,  594,  487,  589,  568,  588,  221,  511,  228,  301,  364,  616,  750,  380,  238,  508,  369,  479,  349,   42,  590,  157,  503],
