{
    "name": "random-47-32547",
    "comment": "size=47 seed=32547",
    "nodes": ["+0", "-0", "+1", "-1", "+2", "-2", "+3", "-3", "+4", "-4", "+5", "-5", "+6", "-6", "+7", "-7", "+8", "-8", "+9", "-9", "+10", "-10", "+11", "-11", "+12", "-12", "+13", "-13", "+14", "-14", "+15", "-15", "+16", "-16", "+17", "-17", "+18", "-18", "+19", "-19", "+20", "-20", "+21", "-21", "+22", "-22", "+23", "-23", "+24", "-24", "+25", "-25", "+26", "-26", "+27", "-27", "+28", "-28", "+29", "-29", "+30", "-30", "+31", "-31", "+32", "-32", "+33", "-33", "+34", "-34", "+35", "-35", "+36", "-36", "+37", "-37", "+38", "-38", "+39", "-39", "+40", "-40", "+41", "-41", "+42", "-42", "+43", "-43", "+44", "-44", "+45", "-45", "+46", "-46", "+47", "-47"],
    "precedence": {
        "+0": "-0",
        "+1": "-1",
        "+2": "-2",
        "+3": "-3",
        "+4": "-4",
        "+5": "-5",
        "+6": "-6",
        "+7": "-7",
        "+8": "-8",
        "+9": "-9",
        "+10": "-10",
        "+11": "-11",
        "+12": "-12",
        "+13": "-13",
        "+14": "-14",
        "+15": "-15",
        "+16": "-16",
        "+17": "-17",
        "+18": "-18",
        "+19": "-19",
        "+20": "-20",
        "+21": "-21",
        "+22": "-22",
        "+23": "-23",
        "+24": "-24",
        "+25": "-25",
        "+26": "-26",
        "+27": "-27",
        "+28": "-28",
        "+29": "-29",
        "+30": "-30",
        "+31": "-31",
        "+32": "-32",
        "+33": "-33",
        "+34": "-34",
        "+35": "-35",
        "+36": "-36",
        "+37": "-37",
        "+38": "-38",
        "+39": "-39",
        "+40": "-40",
        "+41": "-41",
        "+42": "-42",
        "+43": "-43",
        "+44": "-44",
        "+45": "-45",
        "+46": "-46",
        "+47": "-47"
    },
    "edges": [
        [    0,    0,  144,  583,   82,  327,  515,  565,  384,  199,  605,   59,  753,  623,  388,  433,  318,  465,  440,  330,  425,  612,  128,  350,  783,  486,  447,  594,  210,  326,  203,  341,  454,  376,  173,  423,  450,  277,  187,  250,  263,  389,  459,  618,  371,  330,  485,  301,  320,  614,  539,  600,  570,  239,  499,  146,  332,  778,  493,  496,   51,  318,  191,  394,  283,  451,  520,  327,  334,  210,  305,  816,  421,  266,  296,  266,  196,  422,  667,  515,  151,  183,  454,  189,  410,  379,  314,  629,  392,  369,  572,  477,  459,  557,  379,  351],
        [    0,    0,    0,    0,    0,    0,    0,    0,    0,    0,    0,    0,    0,    0,    0,    0,    0,    0,    0,    0,    0,    0,    0,    0,    0,    0,    0,    0,    0,    0,    0,    0,    0,    0,    0,    0,    0,    0,    0,    0,    0,    0,    0,    0,    0,    0,    0,    0,    0,    0,    0,    0,    0,    0,    0,    0,    0,    0,    0,    0,    0,    0,    0,    0,    0,    0,    0,    0,    0,    0,    0,    0,    0,    0,    0,    0,    0,    0,    0,    0,    0,    0,    0,    0,    0,    0,    0,    0,    0,    0,    0,    0,    0,    0,    0,    0],
        [  144,    0,    0,  652,  176,  468,  403,  657,  259,  336,  723,  193,  888,  767,  317,  566,  182,  522,  567,  352,  322,  753,  121,  207,  915,  479,  573,  737,  247,  469,  307,  391,  595,  423,  290,  564,  393,  160,  326,  390,  400,  486,  497,  761,  508,  384,  534,  160,  361,  757,  627,  722,  635,  374,  602,   92,  223,  914,  568,  639,  194,  221,  319,  273,  147,  386,  660,  392,  337,  214,  185,  951,  408,  210,  435,  364,  256,  402,  804,  555,  245,  199,  475,   53,  351,  522,  192,  768,  265,  502,  596,  621,  519,  652,  244,  308],
        [  583,    0,  652,    0,  504,  470,  703,  115,  902,  615,  947,  602,  941,  691,  961,  740,  814,  989,  786,  901,  633,  557,  532,  811,  992, 1062,  792,  675,  406,  531,  386,  889,  673,  236,  425,  484, 1029,  634,  481,  606,  444,  217, 1007,  678,  425,  875, 1018,  779,  879,  644,  995,  920, 1069,  437,  922,  565,  626,  958,  985,  620,  571,  592,  649,  679,  785, 1027,  720,  262,  911,  447,  833,  994,  360,  511,  624,  767,  759,  381,  851, 1056,  696,  764,  246,  653,  988,  571,  659,  800,  703,  389, 1126,  560,  980,  990,  733,  460],
        [   82,    0,  176,  504,    0,  307,  486,  493,  433,  234,  650,  123,  776,  621,  460,  463,  357,  540,  480,  412,  393,  589,   92,  378,  810,  567,  487,  592,  131,  321,  134,  419,  468,  294,  116,  401,  525,  265,  167,  273,  234,  319,  538,  614,  339,  407,  562,  332,  400,  605,  603,  641,  642,  206,  557,  129,  309,  801,  564,  494,   96,  288,  239,  375,  322,  525,  534,  246,  415,  142,  356,  839,  348,  218,  318,  333,  276,  351,  686,  594,  224,  264,  373,  204,  485,  379,  303,  644,  380,  330,  652,  466,  534,  618,  377,  290],
        [  327,    0,  468,  470,  307,    0,  776,  391,  708,  204,  480,  296,  520,  323,  678,  272,  645,  559,  317,  529,  682,  285,  397,  675,  564,  690,  323,  295,  356,   63,  225,  488,  217,  392,  207,   96,  720,  570,  143,  166,   75,  263,  594,  314,   61,  474,  591,  627,  493,  300,  535,  456,  620,  105,  456,  435,  609,  542,  537,  203,  281,  584,  247,  676,  610,  729,  276,  329,  557,  403,  629,  581,  540,  501,  165,  350,  402,  553,  426,  634,  338,  447,  496,  506,  687,  109,  608,  377,  683,   87,  711,  163,  548,  525,  683,  541],
        [  515,    0,  403,  703,  486,  776,    0,  769,  448,  711, 1118,  573, 1260, 1097,  612,  945,  382,  918,  955,  737,   94, 1041,  397,  331, 1294,  830,  962, 1069,  424,  801,  554,  787,  953,  496,  569,  864,  693,  244,  647,  756,  701,  652,  884, 1089,  791,  782,  925,  350,  755, 1075, 1029, 1114, 1032,  672, 1004,  369,  184, 1286,  969,  974,  560,  198,  705,  132,  385,  674, 1019,  521,  711,  374,  440, 1324,  344,  275,  802,  765,  658,  323, 1171,  941,  645,  595,  458,  352,  656,  861,  213, 1129,  150,  770,  968,  938,  916, 1055,  193,  259],
        [  565,    0,  657,  115,  493,  391,  769,    0,  914,  560,  859,  573,  836,  583,  952,  656,  830,  935,  705,  865,  692,  444,  539,  834,  888, 1029,  711,  569,  419,  453,  362,  844,  581,  277,  396,  388, 1014,  666,  433,  542,  381,  176,  959,  569,  339,  830,  965,  797,  839,  535,  925,  830, 1006,  381,  847,  577,  669,  852,  922,  521,  544,  635,  598,  728,  798, 1015,  623,  274,  881,  468,  841,  887,  431,  547,  553,  714,  725,  452,  748, 1005,  659,  741,  323,  666,  974,  485,  696,  697,  749,  306, 1079,  460,  925,  915,  773,  515],
        [  384,    0,  259,  902,  433,  708,  448,  914,    0,  540,  852,  414, 1057,  981,  177,  742,   90,  557,  726,  372,  411,  990,  375,  121, 1074,  409,  731,  951,  498,  697,  566,  445,  795,  667,  547,  802,  253,  293,  570,  596,  646,  744,  503,  978,  754,  446,  552,  128,  409,  980,  703,  862,  668,  622,  710,  338,  337, 1083,  628,  856,  428,  361,  509,  335,  117,  231,  854,  645,  333,  456,   80, 1118,  613,  410,  637,  497,  374,  601,  984,  554,  409,  300,  701,  250,  221,  742,  289,  956,  308,  752,  559,  848,  559,  740,  260,  496],
        [  199,    0,  336,  615,  234,  204,  711,  560,  540,    0,  417,  144,  554,  442,  484,  234,  492,  376,  247,  325,  620,  462,  316,  533,  584,  487,  254,  412,  347,  169,  256,  289,  261,  465,  214,  284,  520,  476,  136,   57,  181,  399,  400,  438,  264,  274,  405,  483,  290,  441,  394,  408,  456,  181,  334,  343,  530,  580,  372,  317,  151,  514,   43,  592,  458,  530,  324,  401,  353,  372,  463,  618,  565,  451,  100,  155,  200,  572,  469,  446,  140,  255,  563,  385,  489,  205,  513,  432,  590,  281,  519,  314,  366,  400,  577,  522],
        [  605,    0,  723,  947,  650,  480, 1118,  859,  852,  417,    0,  546,  250,  380,  723,  210,  836,  355,  175,  496, 1029,  517,  729,  888,  243,  576,  167,  368,  761,  420,  654,  418,  279,  855,  617,  472,  709,  876,  527,  387,  523,  742,  425,  390,  523,  413,  383,  841,  452,  424,  204,   38,  312,  542,  149,  751,  935,  273,  276,  357,  563,  923,  415,  993,  808,  732,  253,  790,  540,  789,  789,  295,  976,  866,  350,  365,  486,  985,  231,  417,  479,  561,  958,  775,  702,  376,  912,  250,  987,  558,  488,  414,  346,  159,  965,  939],
        [   59,    0,  193,  602,  123,  296,  573,  573,  414,  144,  546,    0,  697,  577,  393,  376,  356,  418,  382,  300,  484,  577,  185,  393,  726,  461,  389,  547,  253,  284,  217,  299,  403,  408,  179,  389,  446,  334,  163,  197,  239,  398,  419,  572,  345,  287,  440,  344,  283,  571,  484,  541,  520,  220,  442,  205,  391,  723,  442,  450,   31,  377,  132,  451,  322,  450,  467,  354,  311,  261,  335,  760,  470,  324,  242,  212,  160,  473,  612,  473,  103,  169,  493,  242,  409,  334,  371,  575,  448,  348,  535,  436,  412,  500,  433,  406],
        [  753,    0,  888,  941,  776,  520, 1260,  836, 1057,  554,  250,  697,    0,  259,  947,  323, 1027,  601,  331,  723, 1168,  413,  864, 1075,   54,  820,  326,  269,  862,  475,  737,  647,  312,  911,  708,  466,  943, 1029,  621,  505,  586,  765,  670,  273,  538,  639,  630, 1026,  677,  311,  453,  221,  561,  613,  391,  894, 1081,   27,  524,  327,  704, 1063,  569, 1145,  996,  964,  247,  848,  767,  901,  988,   64, 1058,  992,  459,  561,  683, 1071,   94,  666,  657,  758, 1014,  938,  931,  416, 1067,  145, 1144,  573,  737,  385,  591,  408, 1130, 1048],
        [  623,    0,  767,  691,  621,  323, 1097,  583,  981,  442,  380,  577,  259,    0,  910,  279,  931,  650,  325,  710, 1004,  155,  712,  970,  313,  845,  325,   30,  678,  301,  547,  643,  194,  691,  529,  242,  929,  885,  454,  385,  397,  532,  710,   14,  318,  632,  685,  920,  665,   52,  545,  342,  656,  426,  460,  748,  928,  272,  591,  128,  573,  904,  473,  995,  897,  945,  154,  633,  749,  725,  904,  306,  851,  822,  344,  520,  623,  867,  183,  727,  575,  689,  791,  811,  906,  245,  924,  139, 1000,  349,  807,  161,  639,  511,  995,  862],
        [  388,    0,  317,  961,  460,  678,  612,  952,  177,  484,  723,  393,  947,  910,    0,  647,  231,  400,  622,  227,  562,  946,  435,  283,  957,  233,  625,  881,  560,  652,  590,  305,  717,  737,  560,  766,   83,  419,  555,  538,  629,  776,  339,  909,  732,  311,  389,  266,  272,  918,  554,  738,  505,  612,  576,  409,  475,  973,  476,  792,  417,  491,  446,  489,  234,   70,  770,  700,  184,  531,  175, 1004,  720,  515,  572,  395,  289,  711,  883,  385,  345,  232,  791,  336,   45,  687,  427,  863,  465,  739,  384,  796,  404,  595,  420,  610],
        [  433,    0,  566,  740,  463,  272,  945,  656,  742,  234,  210,  376,  323,  279,  647,    0,  707,  374,   54,  437,  853,  373,  549,  753,  351,  567,   59,  255,  564,  211,  450,  367,  100,  648,  415,  277,  658,  709,  324,  191,  314,  533,  432,  283,  318,  356,  409,  704,  391,  304,  292,  189,  396,  335,  206,  576,  763,  349,  322,  194,  385,  747,  247,  826,  675,  676,  127,  582,  478,  597,  670,  386,  774,  681,  148,  253,  369,  784,  243,  452,  336,  442,  751,  616,  639,  172,  747,  216,  824,  353,  532,  237,  363,  270,  808,  747],
        [  318,    0,  182,  814,  357,  645,  382,  830,   90,  492,  836,  356, 1027,  931,  231,  707,    0,  569,  698,  382,  334,  929,  292,   58, 1048,  452,  703,  902,  412,  640,  488,  446,  751,  580,  472,  740,  313,  205,  504,  548,  579,  662,  524,  927,  687,  445,  570,   40,  411,  926,  704,  842,  683,  554,  700,  253,  253, 1054,  633,  805,  365,  274,  465,  260,   36,  295,  813,  559,  348,  368,   60, 1089,  524,  320,  591,  473,  350,  512,  949,  578,  371,  275,  612,  164,  274,  689,  204,  918,  235,  683,  595,  792,  570,  738,  190,  407],
        [  465,    0,  522,  989,  540,  559,  918,  935,  557,  376,  355,  418,  601,  650,  400,  374,  569,    0,  326,  188,  842,  743,  585,  626,  597,  222,  326,  627,  671,  504,  616,  132,  471,  821,  574,  610,  368,  679,  509,  396,  554,  774,   71,  655,  618,  139,   35,  588,  163,  677,  161,  380,  115,  556,  211,  587,  743,  625,   81,  564,  448,  743,  340,  786,  551,  392,  496,  762,  225,  674,  513,  649,  885,  717,  396,  223,  274,  886,  560,   79,  316,  324,  910,  570,  369,  502,  706,  557,  771,  644,  160,  597,   12,  206,  736,  810],
        [  440,    0,  567,  786,  480,  317,  955,  705,  726,  247,  175,  382,  331,  325,  622,   54,  698,  326,    0,  404,  864,  425,  562,  747,  351,  525,    8,  302,  588,  255,  480,  331,  153,  682,  442,  329,  626,  716,  353,  213,  353,  576,  386,  329,  366,  321,  361,  698,  358,  353,  238,  162,  343,  370,  152,  586,  772,  358,  270,  247,  395,  758,  250,  832,  667,  645,  171,  617,  447,  617,  657,  392,  802,  697,  176,  231,  353,  811,  262,  403,  329,  427,  785,  618,  609,  222,  752,  244,  828,  400,  483,  291,  315,  217,  810,  767],
        [  330,    0,  352,  901,  412,  529,  737,  865,  372,  325,  496,  300,  723,  710,  227,  437,  382,  188,  404,    0,  665,  768,  434,  439,  731,  165,  407,  683,  538,  488,  516,   78,  517,  705,  476,  604,  222,  503,  435,  369,  500,  693,  148,  711,  588,   85,  190,  401,   47,  725,  332,  512,  302,  491,  349,  428,  567,  749,  256,  601,  331,  570,  283,  605,  364,  242,  563,  652,   44,  530,  326,  779,  741,  557,  391,  193,  142,  739,  664,  205,  207,  157,  783,  396,  208,  509,  527,  648,  588,  605,  247,  617,  189,  371,  552,  653],
        [  425,    0,  322,  633,  393,  682,   94,  692,  411,  620, 1029,  484, 1168, 1004,  562,  853,  334,  842,  864,  665,    0,  949,  304,  291, 1201,  770,  871,  975,  331,  707,  461,  711,  860,  416,  476,  770,  645,  163,  554,  664,  607,  566,  812,  995,  699,  705,  851,  297,  679,  981,  947, 1024,  955,  578,  918,  279,   99, 1193,  890,  880,  469,  107,  615,   77,  329,  628,  926,  435,  643,  281,  388, 1231,  278,  182,  709,  680,  577,  258, 1078,  870,  560,  518,  391,  272,  605,  767,  140, 1036,  106,  678,  902,  845,  839,  971,  153,  177],
        [  612,    0,  753,  557,  589,  285, 1041,  444,  990,  462,  517,  577,  413,  155,  946,  373,  929,  743,  425,  768,  949,    0,  678,  960,  467,  917,  428,  155,  618,  296,  489,  711,  274,  595,  482,  190,  977,  849,  428,  408,  356,  426,  795,  142,  253,  698,  778,  912,  726,  103,  660,  481,  767,  384,  574,  717,  884,  423,  694,  180,  565,  857,  501,  951,  894,  989,  269,  543,  803,  669,  911,  456,  763,  769,  379,  576,  659,  780,  337,  821,  601,  716,  688,  791,  949,  261,  887,  291,  961,  271,  902,  152,  731,  632,  964,  792],
        [  128,    0,  121,  532,   92,  397,  397,  539,  375,  316,  729,  185,  864,  712,  435,  549,  292,  585,  562,  434,  304,  678,    0,  303,  898,  577,  569,  683,  127,  412,  203,  457,  558,  303,  197,  491,  508,  174,  259,  360,  323,  371,  572,  705,  426,  447,  602,  262,  432,  696,  666,  722,  692,  295,  626,   42,  218,  890,  618,  586,  167,  199,  314,  284,  259,  503,  625,  272,  428,   99,  303,  928,  308,  139,  406,  393,  312,  306,  775,  629,  275,  278,  361,  129,  466,  470,  212,  734,  288,  414,  680,  557,  580,  684,  287,  226],
        [  350,    0,  207,  811,  378,  675,  331,  834,  121,  533,  888,  393, 1075,  970,  283,  753,   58,  626,  747,  439,  291,  960,  303,    0, 1097,  507,  752,  940,  416,  675,  504,  503,  793,  575,  493,  771,  363,  184,  533,  588,  607,  671,  581,  965,  714,  501,  627,   50,  467,  963,  760,  893,  740,  581,  754,  262,  220, 1101,  690,  843,  399,  246,  509,  215,   80,  344,  856,  561,  406,  368,  116, 1137,  503,  306,  633,  524,  402,  490,  995,  635,  419,  328,  598,  176,  327,  726,  173,  962,  188,  707,  652,  826,  627,  793,  141,  385],
        [  783,    0,  915,  992,  810,  564, 1294,  888, 1074,  584,  243,  726,   54,  313,  957,  351, 1048,  597,  351,  731, 1201,  467,  898, 1097,    0,  818,  346,  322,  901,  517,  778,  654,  352,  956,  748,  515,  948, 1059,  659,  538,  628,  813,  667,  327,  585,  647,  625, 1049,  686,  364,  444,  220,  548,  654,  390,  926, 1113,   52,  519,  375,  735, 1096,  596, 1176, 1018,  970,  289,  893,  775,  938, 1007,   55, 1101, 1027,  493,  578,  701, 1113,  142,  658,  679,  776, 1060,  965,  938,  458, 1097,  193, 1174,  621,  727,  434,  588,  398, 1158, 1086],
        [  486,    0,  479, 1062,  567,  690,  830, 1029,  409,  487,  576,  461,  820,  845,  233,  567,  452,  222,  525,  165,  770,  917,  577,  507,  818,    0,  527,  819,  690,  646,  677,  207,  656,  861,  639,  761,  171,  615,  600,  527,  663,  857,  152,  848,  750,  221,  197,  482,  198,  866,  381,  600,  302,  655,  430,  564,  676,  844,  302,  744,  492,  686,  445,  703,  446,  197,  693,  811,  153,  676,  393,  870,  883,  688,  545,  345,  305,  878,  774,  175,  371,  304,  934,  515,  191,  661,  632,  766,  681,  767,  153,  767,  231,  426,  639,  786],
        [  447,    0,  573,  792,  487,  323,  962,  711,  731,  254,  167,  389,  326,  325,  625,   59,  703,  326,    8,  407,  871,  428,  569,  752,  346,  527,    0,  303,  595,  261,  487,  334,  156,  689,  450,  334,  629,  722,  360,  220,  360,  582,  387,  330,  372,  324,  360,  704,  361,  354,  235,  155,  340,  377,  148,  593,  779,  353,  269,  250,  402,  765,  257,  839,  673,  648,  171,  624,  450,  624,  663,  387,  809,  704,  183,  236,  358,  818,  258,  402,  335,  432,  792,  625,  613,  228,  759,  242,  835,  406,  482,  295,  315,  212,  817,  774],
        [  594,    0,  737,  675,  592,  295, 1069,  569,  951,  412,  368,  547,  269,   30,  881,  255,  902,  627,  302,  683,  975,  155,  683,  940,  322,  819,  303,    0,  651,  272,  520,  617,  166,  668,  501,  217,  901,  856,  425,  356,  369,  511,  686,   29,  294,  605,  662,  891,  638,   56,  526,  331,  636,  398,  441,  719,  899,  284,  570,   98,  544,  876,  444,  966,  868,  917,  132,  608,  722,  697,  875,  319,  826,  794,  315,  492,  594,  841,  186,  704,  545,  660,  769,  781,  878,  216,  894,  138,  971,  325,  784,  135,  616,  494,  966,  835],
        [  210,    0,  247,  406,  131,  356,  424,  419,  498,  347,  761,  253,  862,  678,  560,  564,  412,  671,  588,  538,  331,  618,  127,  416,  901,  690,  595,  651,    0,  390,  132,  549,  551,  177,  154,  441,  632,  255,  243,  375,  283,  259,  668,  669,  368,  538,  692,  379,  529,  653,  729,  748,  772,  254,  678,  160,  273,  886,  692,  558,  224,  243,  360,  340,  381,  628,  616,  147,  539,   54,  428,  925,  220,  153,  416,  461,  405,  226,  769,  724,  355,  386,  245,  249,  590,  450,  288,  724,  354,  347,  781,  518,  664,  741,  368,  187],
        [  326,    0,  469,  531,  321,   63,  801,  453,  697,  169,  420,  284,  475,  301,  652,  211,  640,  504,  255,  488,  707,  296,  412,  675,  517,  646,  261,  272,  390,    0,  262,  442,  165,  445,  236,  116,  688,  584,  155,  120,  112,  323,  542,  294,  117,  428,  537,  626,  450,  289,  474,  396,  561,  139,  395,  448,  629,  498,  478,  174,  276,  606,  210,  695,  605,  699,  229,  380,  519,  432,  618,  537,  585,  527,  108,  303,  368,  597,  382,  580,  308,  422,  549,  511,  657,   61,  623,  335,  700,  148,  659,  153,  493,  463,  695,  576],
        [  203,    0,  307,  386,  134,  225,  554,  362,  566,  256,  654,  217,  737,  547,  590,  450,  488,  616,  480,  516,  461,  489,  203,  504,  778,  677,  487,  520,  132,  262,    0,  507,  426,  210,   43,  310,  652,  367,  128,  269,  153,  187,  627,  538,  238,  494,  642,  461,  496,  522,  649,  638,  707,  125,  588,  244,  396,  760,  624,  427,  186,  368,  281,  464,  454,  653,  490,  147,  526,  181,  490,  799,  325,  281,  305,  395,  374,  337,  644,  679,  312,  381,  309,  329,  612,  322,  403,  597,  475,  219,  745,  387,  608,  654,  482,  316],
        [  341,    0,  391,  889,  419,  488,  787,  844,  445,  289,  418,  299,  647,  643,  305,  367,  446,  132,  331,   78,  711,  711,  457,  503,  654,  207,  334,  617,  549,  442,  507,    0,  452,  706,  466,  555,  297,  548,  412,  324,  469,  676,  120,  645,  549,   15,  146,  462,   37,  662,  259,  435,  245,  465,  271,  458,  612,  672,  187,  539,  330,  612,  248,  656,  426,  318,  494,  650,  122,  548,  393,  702,  760,  588,  339,  140,  146,  760,  589,  175,  198,  193,  791,  439,  285,  455,  576,  575,  641,  568,  238,  560,  129,  296,  608,  681],
        [  454,    0,  595,  673,  468,  217,  953,  581,  795,  261,  279,  403,  312,  194,  717,  100,  751,  471,  153,  517,  860,  274,  558,  793,  352,  656,  156,  166,  551,  165,  426,  452,    0,  608,  397,  194,  736,  727,  310,  206,  277,  476,  526,  194,  250,  440,  506,  743,  472,  210,  390,  249,  495,  303,  304,  590,  776,  336,  421,   95,  404,  756,  287,  841,  718,  752,   67,  544,  556,  590,  720,  375,  749,  682,  161,  327,  431,  761,  220,  549,  387,  500,  712,  642,  713,  108,  765,  177,  842,  286,  630,  141,  460,  366,  832,  737],
        [  376,    0,  423,  236,  294,  392,  496,  277,  667,  465,  855,  408,  911,  691,  737,  648,  580,  821,  682,  705,  416,  595,  303,  575,  956,  861,  689,  668,  177,  445,  210,  706,  608,    0,  252,  451,  809,  399,  335,  476,  335,  171,  826,  680,  376,  694,  845,  544,  691,  655,  858,  836,  914,  313,  796,  333,  395,  932,  832,  587,  378,  362,  490,  453,  551,  805,  668,   66,  709,  212,  601,  971,  172,  277,  507,  602,  566,  191,  817,  880,  509,  557,  105,  419,  767,  500,  425,  767,  474,  343,  942,  535,  813,  863,  501,  240],
        [  173,    0,  290,  425,  116,  207,  569,  396,  547,  214,  617,  179,  708,  529,  560,  415,  472,  574,  442,  476,  476,  482,  197,  493,  748,  639,  450,  501,  154,  236,   43,  466,  397,  252,    0,  298,  620,  368,   91,  231,  132,  220,  585,  520,  230,  453,  600,  448,  455,  507,  607,  601,  664,  103,  547,  238,  404,  732,  581,  406,  149,  378,  239,  471,  437,  622,  462,  189,  489,  197,  469,  771,  360,  294,  268,  353,  335,  370,  616,  637,  271,  346,  350,  318,  581,  296,  406,  570,  479,  217,  704,  370,  566,  613,  482,  340],
        [  423,    0,  564,  484,  401,   96,  864,  388,  802,  284,  472,  389,  466,  242,  766,  277,  740,  610,  329,  604,  770,  190,  491,  771,  515,  761,  334,  217,  441,  116,  310,  555,  194,  451,  298,    0,  803,  663,  238,  236,  168,  299,  653,  232,   77,  542,  644,  722,  565,  213,  562,  443,  658,  197,  479,  529,  701,  486,  577,  140,  376,  675,  325,  768,  705,  814,  237,  392,  634,  490,  723,  524,  610,  589,  218,  417,  484,  625,  374,  687,  422,  535,  553,  601,  772,  111,  701,  322,  776,  109,  767,   84,  600,  545,  777,  623],
        [  450,    0,  393, 1029,  525,  720,  693, 1014,  253,  520,  709,  446,  943,  929,   83,  658,  313,  368,  626,  222,  645,  977,  508,  363,  948,  171,  629,  901,  632,  688,  652,  297,  736,  809,  620,  803,    0,  501,  604,  570,  677,  838,  301,  929,  776,  306,  351,  348,  269,  941,  528,  728,  464,  662,  561,  485,  557,  968,  448,  816,  473,  573,  479,  572,  317,   27,  783,  769,  181,  606,  257,  998,  799,  595,  599,  410,  320,  791,  885,  339,  383,  278,  867,  416,   43,  717,  510,  870,  547,  786,  323,  826,  374,  571,  502,  691],
        [  277,    0,  160,  634,  265,  570,  244,  666,  293,  476,  876,  334, 1029,  885,  419,  709,  205,  679,  716,  503,  163,  849,  174,  184, 1059,  615,  722,  856,  255,  584,  367,  548,  727,  399,  368,  663,  501,    0,  432,  524,  496,  513,  650,  878,  597,  542,  689,  166,  517,  869,  786,  874,  792,  467,  760,  137,   64, 1054,  727,  758,  325,   73,  466,  117,  188,  487,  793,  393,  483,  202,  248, 1092,  321,  124,  570,  521,  415,  308,  942,  708,  402,  355,  416,  109,  459,  642,   39,  902,  116,  583,  743,  731,  676,  811,  116,  203],
        [  187,    0,  326,  481,  167,  143,  647,  433,  570,  136,  527,  163,  621,  454,  555,  324,  504,  509,  353,  435,  554,  428,  259,  533,  659,  600,  360,  425,  243,  155,  128,  412,  310,  335,   91,  238,  604,  432,    0,  142,   77,  266,  528,  447,  185,  398,  537,  485,  407,  438,  527,  511,  591,   58,  462,  296,  475,  645,  507,  328,  143,  452,  169,  541,  469,  610,  376,  270,  455,  281,  491,  684,  451,  374,  178,  286,  297,  461,  529,  576,  230,  327,  435,  364,  569,  214,  470,  485,  546,  186,  648,  300,  500,  529,  543,  428],
        [  250,    0,  390,  606,  273,  166,  756,  542,  596,   57,  387,  197,  505,  385,  538,  191,  548,  396,  213,  369,  664,  408,  360,  588,  538,  527,  220,  356,  375,  120,  269,  324,  206,  476,  231,  236,  570,  524,  142,    0,  163,  390,  429,  382,  226,  309,  428,  538,  330,  385,  391,  373,  465,  171,  322,  389,  576,  531,  381,  260,  200,  558,   93,  640,  514,  582,  271,  410,  399,  406,  520,  569,  589,  491,   47,  185,  251,  598,  418,  469,  195,  310,  577,  437,  541,  150,  562,  380,  640,  249,  546,  259,  386,  390,  628,  556],
        [  263,    0,  400,  444,  234,   75,  701,  381,  646,  181,  523,  239,  586,  397,  629,  314,  579,  554,  353,  500,  607,  356,  323,  607,  628,  663,  360,  369,  283,  112,  153,  469,  277,  335,  132,  168,  677,  496,   77,  163,    0,  229,  581,  388,  109,  454,  585,  559,  468,  375,  552,  502,  627,   30,  480,  362,  534,  609,  543,  276,  220,  509,  221,  602,  544,  684,  340,  269,  522,  328,  567,  648,  473,  426,  182,  335,  364,  485,  493,  626,  298,  400,  439,  436,  642,  171,  534,  445,  609,  111,  700,  238,  544,  548,  610,  468],
        [  389,    0,  486,  217,  319,  263,  652,  176,  744,  399,  742,  398,  765,  532,  776,  533,  662,  774,  576,  693,  566,  426,  371,  671,  813,  857,  582,  511,  259,  323,  187,  676,  476,  171,  220,  299,  838,  513,  266,  390,  229,    0,  793,  520,  229,  662,  803,  632,  669,  493,  780,  718,  853,  220,  707,  410,  526,  784,  769,  439,  369,  493,  434,  589,  629,  839,  529,  131,  708,  312,  670,  823,  341,  402,  409,  551,  552,  360,  672,  842,  487,  566,  263,  500,  799,  369,  546,  621,  607,  193,  913,  382,  765,  776,  625,  393],
        [  459,    0,  497, 1007,  538,  594,  884,  959,  503,  400,  425,  419,  670,  710,  339,  432,  524,   71,  386,  148,  812,  795,  572,  581,  667,  152,  387,  686,  668,  542,  627,  120,  526,  826,  585,  653,  301,  650,  528,  429,  581,  793,    0,  714,  654,  133,   51,  545,  140,  735,  231,  450,  166,  579,  280,  570,  714,  694,  151,  618,  449,  717,  361,  752,  508,  326,  556,  770,  176,  665,  466,  719,  877,  699,  436,  246,  263,  877,  627,   59,  317,  300,  911,  543,  306,  547,  674,  622,  735,  677,  120,  647,   80,  276,  698,  794],
        [  618,    0,  761,  678,  614,  314, 1089,  569,  978,  438,  390,  572,  273,   14,  909,  283,  927,  655,  329,  711,  995,  142,  705,  965,  327,  848,  330,   29,  669,  294,  538,  645,  194,  680,  520,  232,  929,  878,  447,  382,  388,  520,  714,    0,  308,  633,  689,  916,  666,   39,  552,  352,  663,  418,  467,  742,  920,  286,  597,  123,  568,  896,  471,  987,  893,  945,  159,  622,  750,  716,  901,  320,  840,  814,  341,  520,  622,  856,  196,  731,  572,  687,  780,  805,  906,  240,  916,  151,  993,  338,  812,  151,  644,  519,  989,  852],
        [  371,    0,  508,  425,  339,   61,  791,  339,  754,  264,  523,  345,  538,  318,  732,  318,  687,  618,  366,  588,  699,  253,  426,  714,  585,  750,  372,  294,  368,  117,  238,  549,  250,  376,  230,   77,  776,  597,  185,  226,  109,  229,  654,  308,    0,  534,  651,  667,  553,  288,  590,  496,  678,  134,  510,  466,  632,  559,  595,  212,  327,  605,  306,  699,  652,  784,  301,  316,  615,  418,  675,  597,  533,  518,  224,  410,  459,  549,  445,  694,  394,  501,  478,  542,  743,  147,  635,  394,  709,   37,  771,  160,  608,  578,  712,  548],
        [  330,    0,  384,  875,  407,  474,  782,  830,  446,  274,  413,  287,  639,  632,  311,  356,  445,  139,  321,   85,  705,  698,  447,  501,  647,  221,  324,  605,  538,  428,  494,   15,  440,  694,  453,  542,  306,  542,  398,  309,  454,  662,  133,  633,  534,    0,  156,  460,   40,  649,  259,  428,  251,  451,  267,  449,  606,  664,  190,  526,  317,  605,  234,  650,  423,  326,  482,  637,  129,  538,  392,  695,  750,  579,  325,  126,  136,  750,  580,  187,  185,  187,  780,  433,  293,  441,  570,  565,  636,  554,  251,  547,  135,  295,  604,  672],
        [  485,    0,  534, 1018,  562,  591,  925,  965,  552,  405,  383,  440,  630,  685,  389,  409,  570,   35,  361,  190,  851,  778,  602,  627,  625,  197,  360,  662,  692,  537,  642,  146,  506,  845,  600,  644,  351,  689,  537,  428,  585,  803,   51,  689,  651,  156,    0,  590,  173,  712,  185,  410,  117,  586,  242,  602,  753,  654,  107,  599,  470,  754,  369,  793,  553,  376,  531,  787,  222,  693,  513,  678,  905,  733,  430,  252,  291,  905,  592,   44,  338,  335,  933,  581,  356,  537,  715,  591,  777,  676,  125,  632,   47,  230,  741,  826],
        [  301,    0,  160,  779,  332,  627,  350,  797,  128,  483,  841,  344, 1026,  920,  266,  704,   40,  588,  698,  401,  297,  912,  262,   50, 1049,  482,  704,  891,  379,  626,  461,  462,  743,  544,  448,  722,  348,  166,  485,  538,  559,  632,  545,  916,  667,  460,  590,    0,  427,  913,  717,  846,  702,  533,  709,  222,  214, 1052,  649,  793,  350,  235,  460,  225,   38,  331,  806,  525,  370,  333,   91, 1088,  485,  282,  583,  477,  356,  473,  946,  601,  370,  282,  574,  133,  309,  677,  166,  913,  201,  661,  622,  777,  587,  749,  158,  368],
        [  320,    0,  361,  879,  400,  493,  755,  839,  409,  290,  452,  283,  677,  665,  272,  391,  411,  163,  358,   47,  679,  726,  432,  467,  686,  198,  361,  638,  529,  450,  496,   37,  472,  691,  455,  565,  269,  517,  407,  330,  468,  669,  140,  666,  553,   40,  173,  427,    0,  680,  295,  467,  278,  462,  306,  431,  581,  703,  223,  557,  314,  581,  249,  623,  390,  288,  517,  636,   90,  526,  357,  734,  738,  561,  350,  150,  125,  737,  617,  198,  184,  163,  773,  408,  254,  467,  543,  601,  608,  571,  253,  574,  162,  332,  574,  655],
        [  614,    0,  757,  644,  605,  300, 1075,  535,  980,  441,  424,  571,  311,   52,  918,  304,  926,  677,  353,  725,  981,  103,  696,  963,  364,  866,  354,   56,  653,  289,  522,  662,  210,  655,  507,  213,  941,  869,  438,  385,  375,  493,  735,   39,  288,  649,  712,  913,  680,    0,  580,  387,  690,  405,  495,  733,  909,  323,  622,  127,  564,  884,  476,  976,  892,  956,  185,  599,  763,  702,  902,  356,  818,  800,  347,  533,  630,  834,  234,  755,  578,  693,  754,  799,  916,  238,  907,  189,  983,  316,  835,  139,  666,  549,  981,  835],
        [  539,    0,  627,  995,  603,  535, 1029,  925,  703,  394,  204,  484,  453,  545,  554,  292,  704,  161,  238,  332,  947,  660,  666,  760,  444,  381,  235,  526,  729,  474,  649,  259,  390,  858,  607,  562,  528,  786,  527,  391,  552,  780,  231,  552,  590,  259,  185,  717,  295,  580,    0,  234,  113,  562,   87,  677,  849,  476,   81,  483,  509,  843,  372,  899,  681,  552,  396,  795,  374,  744,  651,  497,  949,  803,  373,  273,  372,  953,  425,  215,  391,  439,  955,  678,  527,  453,  817,  433,  887,  621,  285,  529,  154,   46,  858,  889],
        [  600,    0,  722,  920,  641,  456, 1114,  830,  862,  408,   38,  541,  221,  342,  738,  189,  842,  380,  162,  512, 1024,  481,  722,  893,  220,  600,  155,  331,  748,  396,  638,  435,  249,  836,  601,  443,  728,  874,  511,  373,  502,  718,  450,  352,  496,  428,  410,  846,  467,  387,  234,    0,  345,  523,  171,  746,  931,  245,  304,  323,  556,  918,  410,  990,  813,  750,  218,  770,  556,  778,  797,  271,  961,  858,  334,  370,  492,  970,  195,  446,  479,  568,  939,  774,  719,  350,  910,  213,  985,  532,  518,  381,  371,  191,  965,  928],
        [  570,    0,  635, 1069,  642,  620, 1032, 1006,  668,  456,  312,  520,  561,  656,  505,  396,  683,  115,  343,  302,  955,  767,  692,  740,  548,  302,  340,  636,  772,  561,  707,  245,  495,  914,  664,  658,  464,  792,  591,  465,  627,  853,  166,  663,  678,  251,  117,  702,  278,  690,  113,  345,    0,  633,  196,  697,  856,  582,   85,  589,  548,  855,  426,  900,  665,  490,  505,  853,  337,  779,  627,  602,  989,  827,  456,  313,  383,  991,  537,  128,  420,  438, 1007,  684,  471,  548,  820,  545,  885,  706,  182,  631,  117,  154,  851,  918],
        [  239,    0,  374,  437,  206,  105,  672,  381,  622,  181,  542,  220,  613,  426,  612,  335,  554,  556,  370,  491,  578,  384,  295,  581,  654,  655,  377,  398,  254,  139,  125,  465,  303,  313,  103,  197,  662,  467,   58,  171,   30,  220,  579,  418,  134,  451,  586,  533,  462,  405,  562,  523,  633,    0,  492,  334,  505,  636,  549,  305,  198,  480,  218,  573,  519,  668,  367,  248,  512,  299,  544,  675,  447,  397,  197,  334,  353,  459,  520,  625,  287,  384,  417,  409,  626,  198,  505,  473,  580,  130,  699,  267,  546,  560,  581,  439],
        [  499,    0,  602,  922,  557,  456, 1004,  847,  710,  334,  149,  442,  391,  460,  576,  206,  700,  211,  152,  349,  918,  574,  626,  754,  390,  430,  148,  441,  678,  395,  588,  271,  304,  796,  547,  479,  561,  760,  462,  322,  480,  707,  280,  467,  510,  267,  242,  709,  306,  495,   87,  171,  196,  492,    0,  642,  821,  415,  137,  397,  463,  812,  319,  875,  674,  583,  310,  731,  393,  698,  651,  441,  897,  765,  299,  239,  355,  903,  351,  279,  359,  427,  896,  655,  554,  370,  793,  354,  866,  542,  355,  443,  201,   69,  841,  846],
        [  146,    0,   92,  565,  129,  435,  369,  577,  338,  343,  751,  205,  894,  748,  409,  576,  253,  587,  586,  428,  279,  717,   42,  262,  926,  564,  593,  719,  160,  448,  244,  458,  590,  333,  238,  529,  485,  137,  296,  389,  362,  410,  570,  742,  466,  449,  602,  222,  431,  733,  677,  746,  697,  334,  642,    0,  188,  920,  626,  622,  192,  173,  337,  251,  222,  478,  657,  307,  418,  123,  269,  958,  319,  131,  435,  406,  315,  315,  806,  628,  286,  272,  383,   90,  442,  505,  176,  766,  253,  454,  674,  595,  583,  698,  248,  225],
        [  332,    0,  223,  626,  309,  609,  184,  669,  337,  530,  935,  391, 1081,  928,  475,  763,  253,  743,  772,  567,   99,  884,  218,  220, 1113,  676,  779,  899,  273,  629,  396,  612,  776,  395,  404,  701,  557,   64,  475,  576,  534,  526,  714,  920,  632,  606,  753,  214,  581,  909,  849,  931,  856,  505,  821,  188,    0, 1106,  791,  802,  379,   34,  522,   68,  242,  542,  842,  400,  546,  220,  302, 1145,  292,  124,  622,  582,  478,  276,  993,  772,  462,  419,  395,  173,  516,  687,   49,  952,   82,  614,  806,  771,  740,  873,  108,  174],
        [  778,    0,  914,  958,  801,  542, 1286,  852, 1083,  580,  273,  723,   27,  272,  973,  349, 1054,  625,  358,  749, 1193,  423,  890, 1101,   52,  844,  353,  284,  886,  498,  760,  672,  336,  932,  732,  486,  968, 1054,  645,  531,  609,  784,  694,  286,  559,  664,  654, 1052,  703,  323,  476,  245,  582,  636,  415,  920, 1106,    0,  547,  347,  730, 1088,  595, 1170, 1023,  990,  270,  870,  793,  925, 1014,   40, 1081, 1016,  485,  588,  710, 1094,  117,  689,  683,  784, 1035,  964,  957,  439, 1092,  166, 1169,  593,  760,  403,  615,  431, 1156, 1072],
        [  493,    0,  568,  985,  564,  537,  969,  922,  628,  372,  276,  442,  524,  591,  476,  322,  633,   81,  270,  256,  890,  694,  618,  690,  519,  302,  269,  570,  692,  478,  624,  187,  421,  832,  581,  577,  448,  727,  507,  381,  543,  769,  151,  597,  595,  190,  107,  649,  223,  622,   81,  304,   85,  549,  137,  626,  791,  547,    0,  515,  469,  788,  343,  838,  612,  472,  438,  770,  297,  702,  579,  571,  911,  754,  372,  232,  314,  914,  488,  143,  343,  375,  926,  619,  447,  467,  757,  490,  824,  623,  219,  555,   74,  125,  793,  843],
        [  496,    0,  639,  620,  494,  203,  974,  521,  856,  317,  357,  450,  327,  128,  792,  194,  805,  564,  247,  601,  880,  180,  586,  843,  375,  744,  250,   98,  558,  174,  427,  539,   95,  587,  406,  140,  816,  758,  328,  260,  276,  439,  618,  123,  212,  526,  599,  793,  557,  127,  483,  323,  589,  305,  397,  622,  802,  347,  515,    0,  446,  779,  350,  869,  771,  830,  106,  526,  638,  603,  779,  385,  740,  699,  221,  408,  504,  755,  234,  642,  452,  567,  690,  683,  790,  118,  797,  183,  873,  247,  723,   62,  553,  457,  868,  743],
        [   51,    0,  194,  571,   96,  281,  560,  544,  428,  151,  563,   31,  704,  573,  417,  385,  365,  448,  395,  331,  469,  565,  167,  399,  735,  492,  402,  544,  224,  276,  186,  330,  404,  378,  149,  376,  473,  325,  143,  200,  220,  369,  449,  568,  327,  317,  470,  350,  314,  564,  509,  556,  548,  198,  463,  192,  379,  730,  469,  446,    0,  363,  148,  441,  330,  476,  470,  323,  341,  236,  349,  768,  443,  304,  246,  238,  190,  446,  617,  504,  133,  197,  463,  239,  435,  329,  363,  579,  440,  328,  566,  428,  441,  523,  429,  383],
        [  318,    0,  221,  592,  288,  584,  198,  635,  361,  514,  923,  377, 1063,  904,  491,  747,  274,  743,  758,  570,  107,  857,  199,  246, 1096,  686,  765,  876,  243,  606,  368,  612,  756,  362,  378,  675,  573,   73,  452,  558,  509,  493,  717,  896,  605,  605,  754,  235,  581,  884,  843,  918,  855,  480,  812,  173,   34, 1088,  788,  779,  363,    0,  509,   97,  260,  559,  822,  367,  552,  190,  320, 1126,  261,   92,  604,  575,  474,  246,  974,  774,  454,  419,  363,  175,  532,  665,   74,  932,  115,  586,  812,  747,  739,  866,  141,  142],
        [  191,    0,  319,  649,  239,  247,  705,  598,  509,   43,  415,  132,  569,  473,  446,  247,  465,  340,  250,  283,  615,  501,  314,  509,  596,  445,  257,  444,  360,  210,  281,  248,  287,  490,  239,  325,  479,  466,  169,   93,  221,  434,  361,  471,  306,  234,  369,  460,  249,  476,  372,  410,  426,  218,  319,  337,  522,  595,  343,  350,  148,  509,    0,  583,  433,  490,  348,  428,  311,  380,  433,  632,  580,  452,  130,  118,  160,  585,  487,  408,  103,  218,  585,  370,  449,  242,  502,  454,  579,  323,  481,  351,  332,  382,  562,  529],
        [  394,    0,  273,  679,  375,  676,  132,  728,  335,  592,  993,  451, 1145,  995,  489,  826,  260,  786,  832,  605,   77,  951,  284,  215, 1176,  703,  839,  966,  340,  695,  464,  656,  841,  453,  471,  768,  572,  117,  541,  640,  602,  589,  752,  987,  699,  650,  793,  225,  623,  976,  899,  990,  900,  573,  875,  251,   68, 1170,  838,  869,  441,   97,  583,    0,  258,  554,  907,  462,  580,  286,  315, 1208,  333,  189,  686,  636,  527,  315, 1057,  809,  517,  464,  442,  221,  533,  754,   82, 1017,   30,  682,  838,  838,  784,  925,   77,  220],
        [  283,    0,  147,  785,  322,  610,  385,  798,  117,  458,  808,  322,  996,  897,  234,  675,   36,  551,  667,  364,  329,  894,  259,   80, 1018,  446,  673,  868,  381,  605,  454,  426,  718,  551,  437,  705,  317,  188,  469,  514,  544,  629,  508,  893,  652,  423,  553,   38,  390,  892,  681,  813,  665,  519,  674,  222,  242, 1023,  612,  771,  330,  260,  433,  258,    0,  301,  780,  528,  333,  339,   61, 1058,  503,  298,  558,  444,  322,  492,  917,  564,  340,  248,  587,  133,  276,  655,  194,  886,  236,  648,  585,  757,  551,  714,  194,  388],
