{
    "name": "random-8-13646",
    "comment": "size=8 seed=13646",
    "nodes": ["+0", "-0", "+1", "-1", "+2", "-2", "+3", "-3", "+4", "-4", "+5", "-5", "+6", "-6", "+7", "-7", "+8", "-8"],
    "precedence": {
        "+0": "-0",
        "+1": "-1",
        "+2": "-2",
        "+3": "-3",
        "+4": "-4",
        "+5": "-5",
        "+6": "-6",
        "+7": "-7",
        "+8": "-8"
    },
    "edges": [
        [    0,    0,  233,  391,  115,  235,  314,  681,  916,  263,  458,  249,  676,  400,  895,  728,  904,  488],
        [    0,    0,  233,  391,  115,  235,  314,  681,  916,  263,  458,  249,  676,  400,  895,  728,  904,  488],
        [  233,  233,    0,  615,  136,  437,  492,  901,  880,  476,  690,   20,  781,  598, 1040,  862, 1065,  712],
        [  391,  391,  615,    0,  505,  345,  418,  464, 1187,  307,  138,  628,  787,  389,  890,  773,  859,   98],
        [  115,  115,  136,  505,    0,  302,  359,  765,  847,  340,  566,  155,  675,  463,  920,  745,  940,  602],
        [  235,  235,  437,  345,  302,    0,   95,  466,  844,   49,  334,  456,  488,  166,  672,  515,  674,  424],
        [  314,  314,  492,  418,  359,   95,    0,  441,  774,  114,  381,  511,  394,  118,  583,  422,  591,  488],
        [  681,  681,  901,  464,  765,  466,  441,    0, 1089,  425,  327,  919,  574,  324,  523,  487,  461,  443],
        [  916,  916,  880, 1187,  847,  844,  774, 1089,    0,  881, 1152,  891,  527,  843,  753,  645,  839, 1262],
        [  263,  263,  476,  307,  340,   49,  114,  425,  881,    0,  287,  495,  502,  144,  667,  517,  662,  382],
        [  458,  458,  690,  138,  566,  334,  381,  327, 1152,  287,    0,  705,  710,  316,  778,  677,  739,  133],
        [  249,  249,   20,  628,  155,  456,  511,  919,  891,  495,  705,    0,  800,  618, 1059,  882, 1085,  725],
        [  676,  676,  781,  787,  675,  488,  394,  574,  527,  502,  710,  800,    0,  399,  295,  131,  358,  837],
        [  400,  400,  598,  389,  463,  166,  118,  324,  843,  144,  316,  618,  399,    0,  529,  390,  520,  439],
        [  895,  895, 1040,  890,  920,  672,  583,  523,  753,  667,  778, 1059,  295,  529,    0,  181,   91,  910],
        [  728,  728,  862,  773,  745,  515,  422,  487,  645,  517,  677,  882,  131,  390,  181,    0,  231,  808],
        [  904,  904, 1065,  859,  940,  674,  591,  461,  839,  662,  739, 1085,  358,  520,   91,  231,    0,  870],
        [  488,  488,  712,   98,  602,  424,  488,  443, 1262,  382,  133,  725,  837,  439,  910,  808,  870,    0]
    ]
}
