{
    "name": "random-95-7637",
    "comment": "size=95 seed=7637",
    "nodes": ["+0", "-0", "+1", "-1", "+2", "-2", "+3", "-3", "+4", "-4", "+5", "-5", "+6", "-6", "+7", "-7", "+8", "-8", "+9", "-9", "+10", "-10", "+11", "-11", "+12", "-12", "+13", "-13", "+14", "-14", "+15", "-15", "+16", "-16", "+17", "-17", "+18", "-18", "+19", "-19", "+20", "-20", "+21", "-21", "+22", "-22", "+23", "-23", "+24", "-24", "+25", "-25", "+26", "-26", "+27", "-27", "+28", "-28", "+29", "-29", "+30", "-30", "+31", "-31", "+32", "-32", "+33", "-33", "+34", "-34", "+35", "-35", "+36", "-36", "+37", "-37", "+38", "-38", "+39", "-39", "+40", "-40", "+41", "-41", "+42", "-42", "+43", "-43", "+44", "-44", "+45", "-45", "+46", "-46", "+47", "-47", "+48", "-48", "+49", "-49", "+50", "-50", "+51", "-51", "+52", "-52", "+53", "-53", "+54", "-54", "+55", "-55", "+56", "-56", "+57", "-57", "+58", "-58", "+59", "-59", "+60", "-60", "+61", "-61", "+62", "-62", "+63", "-63", "+64", "-64", "+65", "-65", "+66", "-66", "+67", "-67", "+68", "-68", "+69", "-69", "+70", "-70", "+71", "-71", "+72", "-72", "+73", "-73", "+74", "-74", "+75", "-75", "+76", "-76", "+77", "-77", "+78", "-78", "+79", "-79", "+80", "-80", "+81", "-81", "+82", "-82", "+83", "-83", "+84", "-84", "+85", "-85", "+86", "-86", "+87", "-87", "+88", "-88", "+89", "-89", "+90", "-90", "+91", "-91", "+92", "-92", "+93", "-93", "+94", "-94", "+95", "-95"],
    "precedence": {
        "+0": "-0",
        "+1": "-1",
        "+2": "-2",
        "+3": "-3",
        "+4": "-4",
        "+5": "-5",
        "+6": "-6",
        "+7": "-7",
        "+8": "-8",
        "+9": "-9",
        "+10": "-10",
        "+11": "-11",
        "+12": "-12",
        "+13": "-13",
        "+14": "-14",
        "+15": "-15",
        "+16": "-16",
        "+17": "-17",
        "+18": "-18",
        "+19": "-19",
        "+20": "-20",
        "+21": "-21",
        "+22": "-22",
        "+23": "-23",
        "+24": "-24",
        "+25": "-25",
        "+26": "-26",
        "+27": "-27",
        "+28": "-28",
        "+29": "-29",
        "+30": "-30",
        "+31": "-31",
        "+32": "-32",
        "+33": "-33",
        "+34": "-34",
        "+35": "-35",
        "+36": "-36",
        "+37": "-37",
        "+38": "-38",
        "+39": "-39",
        "+40": "-40",
        "+41": "-41",
        "+42": "-42",
        "+43": "-43",
        "+44": "-44",
        "+45": "-45",
        "+46": "-46",
        "+47": "-47",
        "+48": "-48",
        "+49": "-49",
        "+50": "-50",
        "+51": "-51",
        "+52": "-52",
        "+53": "-53",
        "+54": "-54",
        "+55": "-55",
        "+56": "-56",
        "+57": "-57",
        "+58": "-58",
        "+59": "-59",
        "+60": "-60",
        "+61": "-61",
        "+62": "-62",
        "+63": "-63",
        "+64": "-64",
        "+65": "-65",
        "+66": "-66",
        "+67": "-67",
        "+68": "-68",
        "+69": "-69",
        "+70": "-70",
        "+71": "-71",
        "+72": "-72",
        "+73": "-73",
        "+74": "-74",
        "+75": "-75",
        "+76": "-76",
        "+77": "-77",
        "+78": "-78",
        "+79": "-79",
        "+80": "-80",
        "+81": "-81",
        "+82": "-82",
        "+83": "-83",
        "+84": "-84",
        "+85": "-85",
        "+86": "-86",
        "+87": "-87",
        "+88": "-88",
        "+89": "-89",
        "+90": "-90",
        "+91": "-91",
        "+92": "-92",
        "+93": "-93",
        "+94": "-94",
        "+95": "-95"
    },
    "edges": [
        [    0,    0,  578,  290,  959,  809, 1040,  736,  900, 1043,  824,  372, 1072, 1003,  923,  988,  977,  824, 1221,  865,  905,  828,  460, 1068,  744,  711,  680, 1064,  720,  509,  500,  249, 1091,  605,  195,  362,  623,  863,  773,  596, 1095,  895,  663,  709,  415,   38,  701,  986,  925,  829,  770, 1232,  910,  972,  881,  398,  723,  842,  414,  232,  544,  616, 1254,  302,  835,  867,  552,  494,  705,  321,  899,  579,  919,  981,  990,  787,  505,  777,  683,  220,  538,  434, 1003,  842,   91,  389,  345, 1122,  351,  944,  579, 1143,  833,  894,  139,  258,  885,  624,  720,  780,  843, 1282, 1087, 1088,  927,  906,  547, 1000,  606,  299,  738,  990,  980,  673, 1022,  443,  183,  972,  881,  124,  530, 1106, 1000,  842,  466,  500,  774, 1236,  186,  608,  435, 1056,  276,  789,  938,  887,  513,  937,  861,  890,  896,  632,  774,  556, 1018,  221,  631,  568,  623,  612,  731,  595,  936,  816,  635,  202, 1273,  889,  958, 1050,  872,  682,  243, 1145,  915,  663,   83,  997,  410,  751, 1058,  978,  477,  880,  852,  951, 1148,  763,  696,  977,  792,  835,  864,  602,  613,  145,  542,  880,  601,  680,  695,  675],
        [    0,    0,    0,    0,    0,    0,    0,    0,    0,    0,    0,    0,    0,    0,    0,    0,    0,    0,    0,    0,    0,    0,    0,    0,    0,    0,    0,    0,    0,    0,    0,    0,    0,    0,    0,    0,    0,    0,    0,    0,    0,    0,    0,    0,    0,    0,    0,    0,    0,    0,    0,    0,    0,    0,    0,    0,    0,    0,    0,    0,    0,    0,    0,    0,    0,    0,    0,    0,    0,    0,    0,    0,    0,    0,    0,    0,    0,    0,    0,    0,    0,    0,    0,    0,    0,    0,    0,    0,    0,    0,    0,    0,    0,    0,    0,    0,    0,    0,    0,    0,    0,    0,    0,    0,    0,    0,    0,    0,    0,    0,    0,    0,    0,    0,    0,    0,    0,    0,    0,    0,    0,    0,    0,    0,    0,    0,    0,    0,    0,    0,    0,    0,    0,    0,    0,    0,    0,    0,    0,    0,    0,    0,    0,    0,    0,    0,    0,    0,    0,    0,    0,    0,    0,    0,    0,    0,    0,    0,    0,    0,    0,    0,    0,    0,    0,    0,    0,    0,    0,    0,    0,    0,    0,    0,    0,    0,    0,    0,    0,    0,    0,    0,    0,    0,    0,    0,    0,    0,    0,    0,    0,    0],
        [  578,    0,    0,  290,  564,  588,  484,  377,  368,  467,  308,  407,  502,  475,  521,  454,  411,  427,  660,  378,  354,  423,  294,  493,  167,  432,  345,  494,  190,  198,  132,  334,  514,  386,  451,  244,   46,  527,  426,   20,  553,  380,  499,  140,  199,  561,  393,  446,  716,  362,  196,  668,  418,  401,  472,  292,  147,  280,  304,  465,  470,  312,  691,  303,  354,  641,  117,  289,  576,  260,  357,  138,  578,  577,  508,  578,  317,  478,  114,  360,  196,  149,  467,  490,  490,  191,  361,  584,  263,  403,   17,  566,  521,  588,  461,  329,  325,  325,  251,  628,  266,  715,  514,  579,  353,  463,  481,  500,  162,  315,  542,  417,  408,  343,  457,  428,  467,  489,  411,  516,  306,  539,  430,  564,  123,  377,  199,  670,  396,   52,  370,  489,  315,  640,  619,  310,  134,  503,  359,  519,  335,  543,  274,  121,  441,  359,  178,  297,  458,   67,  252,  248,  550,  269,  268,  436,  710,  492,  472,  504,  423,  364,  399,  581,  489,  544,  572,  461,  220,  230,  484,  425,  344,  447,  652,  603,  571,  235,  363,  407,  491,  357,  595,  169,  460,  479,  229,  420,  242,  319,  383,  354],
        [  290,    0,  290,    0,  716,  624,  764,  492,  633,  757,  561,  238,  783,  721,  676,  704,  696,  606,  933,  614,  617,  606,  278,  779,  456,  493,  438,  775,  448,  242,  216,   45,  802,  396,  179,   91,  335,  636,  536,  309,  810,  634,  489,  425,  137,  272,  471,  716,  753,  559,  485,  944,  659,  689,  630,  174,  434,  553,  243,  209,  395,  413,  966,  112,  585,  684,  266,  264,  553,   32,  628,  317,  730,  736,  720,  606,  329,  558,  399,   84,  300,  144,  720,  608,  206,  100,  180,  838,   92,  659,  293,  855,  613,  719,  190,   82,  596,  387,  468,  624,  555,  993,  803,  812,  638,  645,  403,  725,  348,  129,  558,  700,  690,  432,  733,  303,  192,  702,  637,  250,  303,  817,  717,  677,  188,  358,  488,  947,  120,  325,  305,  775,   89,  635,  722,  599,  251,  709,  583,  686,  617,  490,  494,  291,  729,   69,  374,  369,  442,  323,  454,  370,  695,  542,  377,  164,  985,  642,  686,  778,  608,  446,  141,  856,  690,  510,  297,  713,  141,  483,  773,  703,  321,  622,  680,  724,  861,  478,  457,  688,  573,  586,  664,  324,  436,  195,  317,  640,  341,  430,  463,  437],
        [  959,    0,  564,  716,    0,  263,  732,  225,  735,  606,  733,  601,  473,  284,   44,  299,  659,  922,  495,  809,  357,  913,  853,  531,  509,  259,  281,  477,  662,  476,  525,  739,  576,  363,  768,  626,  546,  117,  187,  563,  355,  770,  357,  578,  583,  927,  260,  760,  301,  212,  561,  523,  828,  628,   93,  564,  501,  406,  853,  743,  467,  868,  530,  797,  801,  258,  486,  466,  382,  689,  709,  696, 1074,   25,  171,  281,  880,  200,  572,  798,  759,  613,  309,  122,  898,  648,  616,  354,  628,  323,  579,  630,  156, 1100,  901,  793,  389,  336,  753,  352,  535,  570,  660,  259,  476,  116,  472,  212,  712,  814,  306,  469,  465,  288,  426,  544,  782,  172,  848,  960,  429,  470,  639, 1091,  658,  939,  542,  537,  831,  593,  924,  689,  791,  357,  126,  535,  696,  949,  248, 1008,  645,  431,  305,  684,  534,  769,  719,  859,  375,  498,  314,  805,   25,  659,  340,  759,  537,   76,  180,  778,  151,  278,  717,  471,  946,  397,  996,  308,  575,  689,  637,  712,  905,  122,  295,   81,  637,  355,  264,  447,  189,  806,  198,  417,  388,  817,  793,  867,  377,  287,  265,  285],
        [  809,    0,  588,  624,  263,    0,  903,  228,  865,  797,  840,  438,  693,  513,  261,  520,  822, 1003,  746,  918,  536,  997,  835,  741,  607,  156,  244,  694,  742,  423,  493,  632,  785,  230,  616,  539,  590,  156,  191,  595,  599,  894,  146,  658,  514,  773,  196,  911,  132,  353,  666,  772,  948,  795,  264,  452,  589,  553,  821,  579,  268,  896,  782,  726,  903,   61,  477,  364,  130,  606,  842,  724, 1157,  287,  413,   24,  874,  125,  643,  697,  771,  569,  534,  178,  768,  590,  475,  604,  533,  523,  604,  844,  122, 1172,  786,  706,  556,  266,  825,   89,  671,  822,  855,  516,  649,  319,  267,  452,  749,  745,   72,  664,  658,  246,  639,  367,  627,  407,  957,  841,  326,  700,  812, 1151,  640,  926,  651,  785,  723,  632,  894,  871,  711,   95,  164,  687,  699, 1058,  414, 1094,  786,  196,  414,  703,  729,  659,  764,  873,  189,  531,  392,  833,  243,  772,  320,  611,  791,  245,  407,  944,  324,  225,  576,  710, 1049,  160,  863,  531,  496,  777,  828,  868,  888,  300,   66,  201,  851,  462,  228,  642,  119,  907,   73,  420,  198,  666,  804,  972,  348,  274,  206,  235],
        [ 1040,    0,  484,  764,  732,  903,    0,  681,  155,  142,  232,  880,  306,  466,  700,  444,   83,  375,  437,  237,  378,  363,  629,  241,  342,  769,  688,  296,  322,  652,  605,  809,  209,  781,  933,  728,  443,  773,  713,  464,  453,  180,  879,  344,  681, 1030,  729,   80, 1002,  554,  292,  422,  212,  108,  667,  767,  366,  350,  667,  949,  899,  506,  444,  742,  261,  936,  567,  737,  951,  737,  146,  464,  474,  728,  576,  905,  608,  779,  371,  822,  518,  630,  440,  739,  950,  669,  840,  480,  747,  411,  477,  204,  792,  521,  910,  783,  350,  705,  344,  975,  246,  440,  116,  555,  258,  621,  910,  538,  441,  748,  890,  269,  271,  690,  326,  886,  949,  567,  256,  956,  738,  336,   94,  547,  578,  656,  297,  411,  855,  442,  696,   59,  765,  985,  845,  219,  529,  316,  497,  416,  149,  945,  491,  485,  209,  830,  419,  541,  852,  482,  522,  486,  734,  225,  638,  918,  462,  693,  556,   48,  597,  708,  882,  373,  328,  932, 1018,  438,  701,  293,  117,   63,  648,  628,  963,  807,  204,  449,  697,  289,  784,  263,  873,  570,  860,  958,  527,  274,  636,  657,  721,  702],
        [  736,    0,  377,  492,  225,  228,  681,    0,  637,  584,  613,  387,  501,  343,  188,  342,  599,  781,  589,  691,  328,  773,  650,  540,  379,   92,   57,  500,  517,  255,  310,  514,  582,  159,  547,  402,  372,  153,   50,  382,  441,  666,  212,  433,  361,  705,   58,  685,  346,  152,  439,  612,  720,  573,  146,  340,  362,  332,  645,  525,  284,  689,  627,  577,  676,  273,  279,  242,  275,  466,  615,  515,  935,  246,  280,  227,  683,  106,  419,  574,  570,  397,  358,  120,  674,  429,  395,  456,  404,  328,  393,  643,  144,  953,  676,  570,  341,  113,  603,  294,  445,  664,  642,  389,  433,  181,  292,  305,  536,  595,  210,  458,  450,   64,  444,  339,  562,  266,  730,  736,  207,  517,  592,  935,  452,  740,  423,  622,  606,  417,  717,  653,  569,  305,  245,  463,  500,  831,  212,  871,  560,  288,  190,  497,  519,  544,  549,  672,  203,  315,  164,  625,  204,  544,  121,  537,  640,  153,  256,  720,  158,   59,  494,  537,  822,  265,  771,  353,  351,  552,  614,  643,  703,  154,  292,  237,  650,  235,   43,  436,  116,  680,  221,  213,  214,  595,  603,  745,  157,   65,   56,   63],
        [  900,    0,  368,  633,  735,  865,  155,  637,    0,  242,   80,  774,  386,  502,  698,  478,  134,  242,  543,   98,  385,  230,  477,  332,  262,  719,  632,  375,  185,  554,  497,  677,  317,  711,  807,  607,  333,  753,  677,  349,  519,   40,  817,  234,  565,  892,  677,   86,  976,  534,  203,  533,   97,  157,  657,  659,  283,  329,  516,  826,  817,  352,  557,  599,  113,  906,  468,  644,  892,  607,   27,  322,  368,  736,  599,  863,  454,  741,  259,  683,  369,  507,  479,  716,  810,  542,  728,  551,  626,  432,  357,  334,  765,  409,  767,  643,  349,  638,  191,  927,  201,  561,  249,  606,  276,  619,  829,  567,  295,  604,  840,  320,  316,  633,  384,  790,  821,  587,  130,  810,  652,  424,  173,  423,  445,  502,  216,  526,  715,  320,  543,  195,  624,  938,  834,  204,  388,  222,  488,  304,   93,  876,  454,  345,  282,  696,  271,  387,  784,  383,  474,  332,  732,  102,  570,  791,  577,  683,  572,  151,  588,  653,  758,  468,  224,  868,  872,  475,  587,  150,  233,   96,  495,  619,  928,  802,  336,  405,  644,  331,  749,  116,  847,  486,  790,  827,  376,  151,  560,  600,  668,  644],
        [ 1043,    0,  467,  757,  606,  797,  142,  584,  242,    0,  303,  835,  164,  331,  577,  311,  109,  483,  304,  339,  262,  471,  672,  100,  304,  675,  600,  155,  350,  603,  570,  801,   76,  703,  914,  705,  422,  659,  609,  448,  311,  279,  790,  336,  654, 1028,  636,  204,  887,  444,  274,  293,  327,   89,  549,  727,  327,  259,  704,  922,  827,  573,  317,  755,  354,  824,  526,  681,  858,  727,  220,  489,  599,  599,  444,  802,  661,  675,  361,  824,  553,  615,  305,  626,  954,  658,  803,  339,  722,  284,  465,  104,  681,  644,  921,  789,  243,  627,  404,  874,  202,  319,   59,  415,  153,  499,  838,  405,  473,  764,  792,  138,  142,  604,  187,  830,  930,  437,  368,  972,  674,  195,   70,  663,  579,  716,  269,  285,  860,  436,  746,   88,  774,  884,  723,  159,  545,  444,  384,  538,  175,  862,  398,  503,   73,  825,  456,  600,  770,  445,  437,  539,  610,  259,  562,  899,  336,  574,  427,  190,  480,  620,  859,  235,  453,  844, 1031,  304,  670,  336,   32,  159,  701,  509,  854,  683,  108,  365,  606,  160,  678,  357,  760,  511,  779,  945,  570,  388,  568,  571,  630,  614],
        [  824,    0,  308,  561,  733,  840,  232,  613,   80,  303,    0,  713,  432,  523,  693,  498,  198,  200,  594,   79,  397,  189,  398,  384,  234,  689,  600,  421,  119,  502,  439,  605,  376,  670,  736,  540,  279,  739,  655,  290,  553,   74,  780,  187,  502,  817,  647,  165,  957,  525,  176,  588,  113,  214,  650,  598,  251,  330,  437,  758,  770,  276,  612,  523,   69,  884,  415,  593,  856,  536,   89,  246,  345,  736,  610,  836,  376,  718,  208,  608,  290,  440,  502,  701,  733,  472,  666,  586,  560,  448,  296,  401,  747,  378,  689,  567,  359,  600,  112,  896,  205,  620,  319,  631,  302,  617,  781,  582,  218,  527,  809,  356,  351,  601,  419,  735,  751,  596,  118,  732,  604,  471,  236,  382,  374,  425,  194,  582,  640,  258,  464,  268,  548,  908,  824,  224,  313,  220,  486,  278,  132,  834,  439,  271,  330,  623,  194,  309,  744,  333,  451,  254,  727,   75,  533,  721,  632,  675,  580,  230,  583,  621,  689,  516,  214,  829,  795,  497,  525,   80,  299,  172,  417,  614,  904,  795,  404,  387,  615,  364,  727,   74,  828,  443,  749,  755,  297,  135,  519,  570,  638,  612],
        [  372,    0,  407,  238,  601,  438,  880,  387,  774,  835,  713,    0,  813,  699,  569,  690,  802,  803,  938,  780,  631,  802,  510,  829,  540,  345,  332,  808,  595,  232,  278,  225,  862,  240,  178,  191,  442,  498,  416,  426,  797,  786,  293,  542,  215,  336,  342,  849,  557,  508,  589,  955,  822,  787,  532,  116,  516,  590,  478,  144,  177,  629,  975,  349,  754,  497,  314,  164,  340,  237,  762,  496,  940,  625,  660,  417,  559,  411,  516,  286,  504,  283,  706,  481,  332,  268,   60,  819,  173,  657,  418,  921,  465,  937,  358,  311,  624,  276,  642,  415,  642, 1008,  889,  766,  693,  566,  182,  679,  528,  365,  367,  744,  734,  325,  757,   75,  189,  644,  810,  409,  187,  840,  813,  898,  365,  594,  584,  963,  303,  456,  543,  876,  323,  425,  569,  680,  439,  895,  553,  890,  733,  270,  480,  469,  789,  243,  553,  589,  251,  399,  434,  577,  577,  674,  311,  174,  990,  535,  632,  905,  537,  329,  141,  872,  878,  297,  426,  700,  190,  635,  858,  824,  556,  539,  484,  585,  928,  489,  345,  726,  425,  756,  493,  326,  242,  228,  529,  817,  287,  342,  338,  324],
        [ 1072,    0,  502,  783,  473,  693,  306,  501,  386,  164,  432,  813,    0,  189,  451,  176,  261,  625,  168,  483,  184,  613,  755,   67,  339,  592,  531,   12,  442,  589,  576,  824,  108,  642,  921,  716,  458,  544,  516,  486,  149,  426,  713,  398,  662, 1052,  558,  364,  767,  351,  339,  169,  479,  232,  432,  717,  357,  231,  780,  920,  771,  681,  193,  804,  492,  711,  526,  651,  773,  751,  361,  564,  753,  462,  304,  701,  754,  578,  416,  858,  634,  639,  165,  516,  987,  684,  792,  175,  731,  174,  505,  158,  573,  794,  962,  830,  192,  570,  515,  776,  262,  214,  204,  256,  154,  378,  781,  262,  556,  816,  701,   87,   96,  536,   58,  794,  937,  301,  516, 1017,  636,   41,  225,  808,  624,  812,  325,  169,  895,  486,  832,  250,  817,  785,  596,  223,  608,  600,  290,  689,  302,  789,  338,  571,  105,  851,  545,  700,  701,  460,  384,  637,  481,  370,  513,  906,  213,  455,  295,  353,  369,  548,  864,   87,  606,  766, 1072,  166,  673,  441,  191,  316,  791,  394,  744,  553,  164,  325,  532,   96,  578,  496,  646,  491,  711,  958,  657,  536,  529,  506,  554,  545],
        [ 1003,    0,  475,  721,  284,  513,  466,  343,  502,  331,  523,  699,  189,    0,  263,   26,  401,  722,  246,  590,  133,  711,  762,  248,  346,  429,  384,  193,  489,  496,  506,  757,  293,  497,  832,  641,  438,  360,  347,  464,   99,  541,  550,  418,  589,  977,  401,  507,  580,  196,  376,  269,  599,  370,  250,  619,  351,  212,  777,  822,  625,  726,  284,  767,  591,  526,  455,  537,  603,  690,  476,  576,  865,  274,  115,  523,  773,  404,  426,  803,  647,  585,   26,  336,  925,  630,  689,  121,  652,   79,  484,  346,  392,  900,  909,  782,  171,  433,  577,  598,  320,  321,  382,  111,  226,  195,  634,   75,  579,  782,  528,  197,  196,  391,  145,  666,  848,  112,  628,  968,  513,  189,  374,  903,  595,  834,  357,  280,  839,  479,  839,  417,  773,  606,  408,  302,  602,  724,  146,  799,  410,  629,  229,  575,  259,  787,  577,  732,  546,  416,  273,  671,  293,  450,  389,  819,  297,  270,  108,  513,  194,  397,  775,  199,  725,  602, 1017,   28,  593,  504,  362,  458,  807,  214,  560,  364,  353,  246,  380,  178,  402,  595,  462,  401,  557,  875,  677,  648,  414,  365,  399,  397],
        [  923,    0,  521,  676,   44,  261,  700,  188,  698,  577,  693,  569,  451,  263,    0,  276,  625,  881,  487,  770,  323,  872,  810,  506,  468,  232,  244,  454,  621,  436,  483,  700,  551,  332,  733,  586,  503,  106,  153,  520,  343,  733,  338,  536,  542,  892,  227,  725,  317,  170,  520,  514,  790,  595,   50,  527,  459,  369,  810,  709,  443,  825,  523,  755,  762,  266,  443,  429,  370,  649,  672,  653, 1034,   60,  156,  276,  837,  178,  530,  759,  716,  571,  287,   98,  861,  607,  581,  345,  589,  293,  536,  607,  144, 1059,  862,  752,  354,  300,  711,  349,  498,  563,  633,  255,  443,   80,  448,  196,  669,  773,  293,  440,  436,  251,  402,  514,  748,  153,  809,  922,  393,  452,  607, 1050,  616,  896,  502,  527,  792,  550,  881,  659,  750,  355,  147,  499,  653,  911,  211,  968,  609,  414,  263,  641,  506,  730,  677,  816,  351,  455,  271,  762,   34,  620,  300,  724,  531,   35,  156,  745,  111,  243,  681,  456,  906,  382,  958,  286,  535,  649,  609,  678,  862,   80,  301,  107,  614,  313,  228,  418,  169,  766,  202,  374,  364,  782,  750,  827,  337,  247,  231,  249],
        [  988,    0,  454,  704,  299,  520,  444,  342,  478,  311,  498,  690,  176,   26,  276,    0,  378,  697,  251,  565,  109,  686,  739,  232,  322,  429,  380,  179,  465,  483,  489,  741,  277,  493,  819,  626,  416,  369,  349,  443,  109,  517,  551,  395,  573,  963,  400,  484,  592,  192,  351,  271,  574,  347,  258,  607,  328,  188,  755,  811,  622,  702,  288,  749,  566,  536,  438,  527,  606,  673,  451,  553,  840,  290,  134,  530,  750,  408,  403,  786,  624,  567,   17,  343,  909,  612,  678,  135,  638,   55,  462,  332,  399,  875,  892,  764,  146,  427,  552,  605,  295,  324,  363,  136,  202,  203,  631,   95,  556,  763,  532,  175,  174,  386,  128,  659,  835,  128,  603,  951,  505,  180,  352,  878,  575,  811,  333,  281,  822,  457,  817,  396,  755,  613,  421,  277,  580,  699,  138,  774,  385,  629,  215,  552,  239,  771,  553,  708,  544,  396,  260,  647,  307,  425,  380,  806,  303,  280,  120,  491,  198,  394,  762,  196,  700,  603, 1001,   12,  578,  479,  342,  434,  784,  221,  569,  379,  339,  228,  378,  156,  407,  570,  471,  386,  556,  861,  654,  623,  404,  359,  397,  393],
        [  977,    0,  411,  696,  659,  822,   83,  599,  134,  109,  198,  802,  261,  401,  625,  378,    0,  374,  411,  230,  303,  362,  582,  202,  262,  687,  606,  250,  263,  572,  528,  741,  184,  699,  862,  654,  368,  695,  632,  391,  401,  171,  796,  272,  607,  964,  647,  107,  923,  475,  216,  401,  220,   32,  591,  690,  287,  270,  617,  875,  817,  472,  425,  682,  246,  856,  489,  657,  869,  668,  113,  407,  494,  655,  508,  824,  567,  698,  298,  757,  466,  559,  376,  660,  887,  599,  764,  431,  673,  340,  405,  203,  713,  537,  849,  720,  273,  623,  304,  893,  165,  428,  122,  497,  183,  546,  828,  472,  387,  689,  808,  207,  206,  608,  268,  806,  877,  498,  260,  897,  656,  296,   40,  554,  512,  619,  219,  393,  791,  372,  653,   80,  703,  904,  769,  137,  468,  340,  419,  431,   82,  863,  410,  425,  156,  763,  367,  503,  770,  404,  440,  443,  659,  167,  556,  846,  444,  616,  485,  122,  520,  626,  809,  339,  347,  850,  958,  373,  626,  242,  102,   57,  607,  551,  883,  732,  206,  367,  615,  223,  704,  249,  794,  489,  777,  889,  480,  280,  554,  575,  639,  619],
        [  824,    0,  427,  606,  922, 1003,  375,  781,  242,  483,  200,  803,  625,  722,  881,  697,  374,    0,  784,  145,  595,   13,  365,  573,  414,  848,  760,  614,  264,  623,  551,  646,  558,  812,  782,  615,  416,  917,  826,  415,  752,  204,  925,  350,  590,  826,  808,  295, 1126,  711,  362,  774,  164,  398,  835,  693,  425,  525,  410,  815,  894,  208,  798,  534,  134, 1052,  544,  713, 1002,  589,  266,  309,  155,  927,  807,  997,  322,  886,  362,  629,  307,  521,  702,  879,  738,  539,  749,  784,  635,  647,  412,  571,  920,  180,  685,  585,  557,  748,  179, 1051,  403,  801,  484,  830,  501,  807,  905,  780,  277,  531,  964,  553,  549,  759,  617,  841,  795,  792,  119,  714,  733,  664,  414,  183,  440,  346,  381,  767,  652,  378,  405,  427,  565, 1063, 1005,  423,  366,  116,  677,   92,  325,  970,  621,  336,  521,  655,  255,  256,  885,  475,  625,  237,  914,  273,  686,  768,  818,  860,  776,  349,  771,  780,  745,  708,   93,  970,  777,  697,  616,  233,  472,  329,  357,  801, 1068,  979,  572,  569,  776,  562,  897,  130, 1000,  589,  887,  789,  291,  102,  665,  730,  798,  770],
        [ 1221,    0,  660,  933,  495,  746,  437,  589,  543,  304,  594,  938,  168,  246,  487,  251,  411,  784,    0,  640,  317,  772,  920,  212,  502,  673,  630,  178,  609,  724,  721,  972,  230,  743, 1060,  861,  617,  590,  591,  645,  149,  581,  795,  563,  807, 1198,  647,  507,  795,  441,  505,   30,  630,  387,  485,  850,  517,  382,  944, 1055,  871,  848,   38,  962,  652,  751,  670,  775,  844,  902,  519,  729,  903,  477,  333,  759,  920,  644,  580, 1011,  800,  791,  234,  571, 1138,  836,  923,  142,  874,  282,  664,  242,  625,  948, 1116,  985,  338,  677,  682,  833,  429,   77,  323,  237,  320,  431,  880,  295,  723,  975,  768,  253,  262,  636,  204,  909, 1076,  340,  670, 1173,  754,  128,  373,  965,  783,  979,  491,   46, 1048,  649,  998,  379,  973,  840,  620,  390,  772,  748,  388,  842,  463,  873,  459,  736,  265, 1001,  712,  867,  792,  613,  505,  804,  510,  536,  629, 1046,   53,  502,  342,  482,  437,  643, 1003,   82,  756,  846, 1226,  240,  815,  608,  322,  463,  958,  454,  786,  574,  245,  460,  626,  257,  641,  656,  688,  626,  803, 1100,  824,  690,  651,  609,  645,  642],
        [  865,    0,  378,  614,  809,  918,  237,  691,   98,  339,   79,  780,  483,  590,  770,  565,  230,  145,  640,    0,  468,  133,  422,  429,  313,  767,  678,  472,  189,  574,  509,  657,  414,  747,  791,  602,  352,  817,  733,  361,  613,   61,  857,  264,  566,  861,  726,  158, 1035,  602,  254,  630,   46,  254,  727,  665,  329,  404,  464,  816,  844,  281,  654,  565,   31,  962,  488,  665,  934,  591,  122,  297,  276,  811,  682,  914,  391,  796,  284,  654,  327,  502,  568,  779,  775,  531,  730,  645,  622,  517,  364,  428,  825,  314,  728,  612,  430,  677,  147,  974,  276,  657,  341,  696,  366,  693,  855,  652,  266,  566,  887,  413,  409,  679,  477,  805,  805,  668,   40,  767,  678,  520,  269,  326,  430,  433,  271,  623,  684,  326,  480,  285,  592,  986,  902,  289,  363,  142,  561,  210,  184,  910,  517,  323,  378,  673,  240,  322,  820,  408,  529,  276,  803,  151,  611,  776,  673,  752,  653,  219,  659,  699,  746,  565,  138,  906,  830,  564,  590,  149,  328,  187,  431,  690,  982,  872,  430,  465,  693,  424,  806,   31,  907,  519,  825,  806,  326,   59,  595,  648,  716,  690],
        [  905,    0,  354,  617,  357,  536,  378,  328,  385,  262,  397,  631,  184,  133,  323,  109,  303,  595,  317,  468,    0,  585,  634,  213,  214,  419,  352,  180,  357,  410,  405,  656,  255,  461,  745,  544,  314,  398,  349,  341,  200,  423,  538,  287,  491,  882,  383,  404,  627,  183,  244,  330,  481,  272,  290,  537,  222,   80,  651,  742,  589,  594,  351,  653,  466,  563,  354,  468,  602,  586,  359,  446,  741,  354,  215,  541,  644,  414,  295,  697,  518,  476,  118,  365,  823,  522,  612,  231,  558,   55,  361,  316,  420,  774,  802,  672,   39,  388,  446,  614,  193,  381,  320,  243,  120,  244,  599,  186,  448,  667,  533,  131,  123,  356,  127,  610,  761,  202,  507,  860,  452,  210,  285,  774,  476,  704,  225,  335,  734,  352,  712,  339,  662,  623,  467,  183,  476,  605,  123,  675,  294,  612,  155,  446,  194,  685,  445,  601,  522,  300,  200,  539,  357,  323,  330,  731,  369,  316,  187,  423,  221,  369,  688,  244,  604,  592,  912,  112,  499,  373,  293,  356,  678,  251,  592,  430,  323,  145,  355,  109,  417,  470,  500,  311,  532,  784,  547,  526,  346,  325,  377,  365],
        [  828,    0,  423,  606,  913,  997,  363,  773,  230,  471,  189,  802,  613,  711,  872,  686,  362,   13,  772,  133,  585,    0,  369,  561,  405,  842,  753,  602,  257,  619,  547,  647,  546,  807,  783,  614,  410,  909,  819,  410,  740,  192,  920,  342,  588,  829,  801,  283, 1119,  703,  353,  762,  152,  386,  827,  691,  417,  515,  415,  815,  890,  213,  786,  536,  122, 1045,  539,  709,  997,  590,  254,  307,  163,  918,  797,  990,  327,  879,  355,  631,  307,  519,  691,  871,  741,  538,  747,  772,  634,  636,  407,  559,  913,  190,  689,  587,  546,  743,  173, 1045,  392,  789,  471,  819,  490,  798,  901,  770,  275,  533,  958,  542,  537,  752,  606,  838,  796,  782,  107,  719,  728,  652,  401,  195,  438,  353,  372,  755,  655,  373,  411,  415,  567, 1057,  997,  412,  365,  110,  668,   98,  313,  965,  613,  334,  509,  657,  251,  261,  880,  469,  617,  239,  905,  262,  680,  769,  806,  851,  766,  337,  762,  773,  745,  696,   88,  965,  782,  686,  614,  225,  460,  317,  362,  792, 1062,  971,  560,  561,  769,  551,  889,  118,  993,  583,  882,  791,  293,   90,  659,  723,  791,  764],
        [  460,    0,  294,  278,  853,  835,  629,  650,  477,  672,  398,  510,  755,  762,  810,  739,  582,  365,  920,  422,  634,  369,    0,  728,  423,  684,  607,  745,  323,  412,  344,  308,  736,  609,  440,  325,  325,  802,  699,  301,  831,  463,  717,  358,  329,  463,  651,  562,  966,  655,  417,  923,  466,  588,  760,  419,  413,  555,   46,  480,  646,  157,  947,  181,  392,  892,  371,  481,  790,  274,  484,  192,  466,  867,  801,  821,   52,  741,  342,  275,  121,  267,  751,  768,  374,  255,  450,  863,  340,  686,  283,  775,  790,  449,  321,  232,  601,  571,  286,  854,  494,  965,  702,  869,  601,  756,  656,  792,  201,  173,  777,  668,  659,  603,  719,  566,  450,  783,  432,  351,  514,  794,  614,  403,  198,   92,  430,  921,  294,  283,   78,  659,  213,  866,  895,  536,  162,  478,  653,  433,  502,  737,  568,  188,  672,  309,  217,  109,  671,  361,  544,  147,  837,  416,  531,  427,  967,  779,  766,  627,  716,  622,  415,  839,  457,  750,  414,  744,  351,  340,  678,  567,   54,  739,  897,  884,  780,  528,  627,  664,  755,  391,  857,  440,  669,  437,  103,  427,  497,  587,  641,  612],
        [ 1068,    0,  493,  779,  531,  741,  241,  540,  332,  100,  384,  829,   67,  248,  506,  232,  202,  573,  212,  429,  213,  561,  728,    0,  326,  631,  564,   58,  409,  601,  579,  822,   45,  673,  926,  718,  447,  595,  559,  475,  215,  370,  750,  376,  665, 1050,  595,  302,  821,  392,  314,  204,  421,  176,  484,  728,  347,  240,  756,  928,  800,  643,  229,  791,  441,  762,  531,  669,  814,  749,  308,  539,  695,  521,  363,  748,  723,  622,  397,  852,  607,  635,  223,  566,  982,  680,  803,  241,  734,  218,  493,  104,  622,  738,  953,  821,  209,  598,  475,  822,  236,  240,  138,  322,  142,  431,  811,  322,  528,  802,  743,   87,   96,  569,  105,  815,  942,  359,  460, 1007,  657,   96,  164,  754,  612,  780,  304,  199,  888,  471,  804,  184,  807,  831,  652,  193,  589,  541,  330,  632,  253,  825,  365,  549,   57,  848,  514,  665,  735,  458,  408,  603,  537,  329,  538,  911,  249,  507,  351,  288,  418,  582,  869,  137,  548,  804, 1064,  223,  679,  403,  125,  255,  762,  445,  794,  610,  111,  343,  567,  107,  624,  445,  698,  504,  745,  960,  628,  480,  550,  537,  590,  578],
        [  744,    0,  167,  456,  509,  607,  342,  379,  262,  304,  234,  540,  339,  346,  468,  322,  262,  414,  502,  313,  214,  405,  423,  326,    0,  458,  370,  330,  155,  310,  269,  499,  347,  450,  611,  402,  122,  506,  421,  149,  408,  289,  555,   74,  351,  727,  416,  323,  723,  298,   60,  507,  342,  247,  422,  429,   25,  135,  444,  619,  561,  382,  531,  466,  300,  650,  227,  396,  631,  425,  243,  234,  567,  515,  407,  604,  430,  485,   82,  526,  305,  313,  332,  469,  656,  356,  504,  441,  419,  268,  167,  400,  513,  592,  627,  495,  179,  376,  246,  666,  103,  552,  354,  456,  188,  395,  572,  388,  234,  478,  579,  253,  244,  371,  298,  545,  627,  391,  352,  681,  398,  377,  274,  584,  286,  491,   48,  508,  563,  148,  501,  336,  481,  678,  593,  145,  271,  453,  268,  502,  198,  615,  208,  236,  275,  524,  232,  387,  523,  143,  217,  326,  501,  166,  308,  595,  550,  446,  374,  371,  358,  391,  556,  421,  446,  606,  738,  326,  368,  181,  323,  290,  465,  388,  671,  566,  406,  156,  384,  245,  494,  304,  595,  230,  529,  642,  333,  368,  300,  339,  407,  383],
        [  711,    0,  432,  493,  259,  156,  769,   92,  719,  675,  689,  345,  592,  429,  232,  429,  687,  848,  673,  767,  419,  842,  684,  631,  458,    0,   90,  591,  588,  273,  341,  508,  673,  107,  517,  404,  434,  153,   85,  439,  525,  746,  123,  506,  372,  677,   42,  770,  285,  241,  518,  697,  799,  662,  204,  326,  439,  421,  673,  488,  212,  740,  711,  588,  751,  210,  322,  230,  184,  470,  697,  568, 1002,  283,  353,  149,  722,   67,  489,  571,  616,  421,  445,  138,  657,  446,  367,  537,  401,  418,  448,  734,  123, 1017,  667,  574,  432,  114,  670,  209,  530,  749,  733,  463,  523,  251,  218,  383,  593,  607,  122,  549,  541,   90,  534,  286,  531,  341,  805,  725,  191,  606,  681,  995,  488,  775,  503,  708,  600,  476,  746,  742,  576,  220,  231,  550,  544,  906,  303,  940,  644,  200,  279,  548,  610,  536,  608,  719,  123,  375,  248,  677,  235,  623,  164,  509,  723,  200,  335,  808,  237,   69,  469,  624,  896,  175,  754,  440,  357,  625,  704,  730,  738,  225,  221,  241,  741,  321,   75,  527,   82,  755,  175,  264,  135,  567,  649,  820,  192,  120,   52,   79],
        [  680,    0,  345,  438,  281,  244,  688,   57,  632,  600,  600,  332,  531,  384,  244,  380,  606,  760,  630,  678,  352,  753,  607,  564,  370,   90,    0,  529,  499,  204,  265,  459,  604,  113,  491,  348,  346,  200,   99,  352,  483,  658,  192,  417,  309,  649,   49,  686,  371,  189,  430,  651,  710,  581,  202,  284,  351,  343,  599,  469,  242,  655,  667,  525,  662,  296,  239,  186,  264,  413,  611,  482,  913,  302,  330,  238,  642,  135,  400,  519,  533,  349,  397,  171,  618,  379,  339,  500,  349,  360,  361,  666,  184,  928,  621,  517,  360,   57,  581,  297,  446,  704,  658,  438,  448,  234,  252,  352,  506,  544,  209,  480,  472,    8,  473,  287,  506,  315,  717,  680,  151,  550,  602,  908,  409,  697,  416,  661,  551,  388,  672,  664,  516,  308,  290,  469,  462,  817,  245,  851,  559,  263,  203,  463,  539,  489,  521,  635,  171,  287,  166,  592,  259,  536,   78,  481,  681,  209,  304,  725,  207,   22,  438,  573,  807,  245,  715,  391,  298,  536,  629,  646,  660,  207,  310,  288,  673,  240,   20,  459,  149,  666,  252,  177,  181,  539,  566,  731,  111,   32,   39,   14],
        [ 1064,    0,  494,  775,  477,  694,  296,  500,  375,  155,  421,  808,   12,  193,  454,  179,  250,  614,  178,  472,  180,  602,  745,   58,  330,  591,  529,    0,  431,  583,  569,  816,  101,  639,  914,  709,  449,  546,  516,  477,  158,  415,  712,  388,  655, 1044,  557,  354,  770,  350,  329,  179,  468,  222,  434,  711,  348,  224,  770,  914,  768,  670,  203,  795,  481,  713,  519,  646,  772,  744,  350,  554,  742,  466,  308,  702,  743,  578,  406,  850,  624,  631,  168,  518,  979,  676,  786,  185,  724,  174,  496,  154,  574,  784,  953,  821,  186,  567,  505,  777,  252,  223,  196,  264,  144,  381,  778,  267,  546,  807,  701,   78,   87,  534,   57,  790,  930,  305,  505, 1009,  632,   51,  214,  797,  615,  802,  315,  178,  887,  477,  822,  241,  808,  785,  600,  212,  599,  590,  288,  678,  291,  788,  334,  562,   95,  844,  535,  689,  699,  452,  380,  626,  485,  359,  509,  900,  223,  457,  298,  344,  370,  546,  857,   97,  596,  765, 1064,  169,  667,  430,  182,  306,  781,  396,  745,  556,  161,  320,  530,   87,  578,  485,  648,  485,  709,  951,  647,  525,  525,  503,  552,  543],
        [  720,    0,  190,  448,  662,  742,  322,  517,  185,  350,  119,  595,  442,  489,  621,  465,  263,  264,  609,  189,  357,  257,  323,  409,  155,  588,  499,  431,    0,  385,  321,  493,  414,  561,  622,  423,  164,  653,  563,  173,  539,  192,  672,   86,  384,  710,  547,  269,  863,  451,  114,  608,  229,  266,  574,  480,  162,  280,  356,  642,  655,  242,  633,  421,  167,  789,  300,  477,  749,  423,  181,  144,  419,  669,  559,  736,  315,  623,  100,  501,  204,  323,  473,  616,  629,  357,  548,  572,  443,  411,  178,  453,  657,  440,  589,  462,  319,  493,   92,  793,  182,  647,  382,  600,  293,  549,  667,  538,  124,  427,  706,  357,  349,  499,  414,  618,  637,  543,  224,  636,  490,  482,  293,  430,  261,  372,  132,  605,  534,  139,  397,  342,  444,  805,  742,  220,  207,  321,  422,  354,  182,  723,  359,  164,  352,  512,  107,  258,  634,  221,  361,  195,  653,   98,  428,  606,  653,  598,  527,  331,  511,  520,  573,  528,  309,  720,  697,  467,  407,   41,  356,  259,  354,  541,  807,  717,  457,  308,  515,  357,  633,  170,  737,  334,  638,  643,  222,  236,  410,  469,  537,  510],
        [  509,    0,  198,  242,  476,  423,  652,  255,  554,  603,  502,  232,  589,  496,  436,  483,  572,  623,  724,  574,  410,  619,  412,  601,  310,  273,  204,  583,  385,    0,   75,  270,  632,  200,  337,  153,  223,  404,  301,  214,  591,  571,  313,  321,  107,  482,  243,  626,  554,  321,  362,  739,  613,  556,  389,  128,  286,  362,  400,  332,  272,  483,  760,  323,  551,  480,   87,   92,  389,  214,  540,  320,  771,  495,  482,  409,  452,  334,  296,  325,  355,  148,  499,  373,  436,  176,  203,  616,  160,  443,  213,  691,  385,  778,  430,  317,  398,  160,  449,  447,  411,  791,  657,  579,  462,  404,  283,  491,  349,  341,  367,  516,  506,  198,  534,  237,  353,  464,  608,  490,  111,  618,  582,  749,  218,  504,  355,  745,  359,  250,  473,  645,  315,  459,  493,  449,  282,  701,  352,  714,  506,  348,  268,  295,  559,  300,  370,  456,  269,  173,  224,  422,  456,  453,  137,  324,  777,  402,  450,  679,  368,  215,  280,  653,  687,  353,  532,  492,  102,  425,  627,  598,  466,  380,  485,  490,  697,  266,  223,  499,  348,  554,  447,   99,  269,  379,  387,  618,  100,  191,  234,  206],
        [  500,    0,  132,  216,  525,  493,  605,  310,  497,  570,  439,  278,  576,  506,  483,  489,  528,  551,  721,  509,  405,  547,  344,  579,  269,  341,  265,  569,  321,   75,    0,  253,  607,  274,  347,  141,  165,  462,  359,  150,  596,  510,  387,  265,   87,  478,  308,  572,  625,  349,  313,  733,  550,  515,  434,  163,  245,  345,  335,  352,  343,  409,  755,  275,  484,  550,   52,  162,  463,  185,  485,  246,  698,  542,  509,  481,  381,  398,  239,  298,  281,   89,  505,  429,  420,  128,  236,  623,  156,  444,  145,  663,  448,  704,  404,  280,  386,  228,  379,  521,  371,  783,  621,  598,  438,  441,  354,  512,  276,  292,  439,  497,  487,  260,  524,  297,  363,  490,  541,  464,  185,  608,  542,  675,  147,  434,  310,  737,  334,  183,  408,  603,  274,  533,  554,  412,  208,  632,  369,  641,  456,  422,  280,  221,  533,  282,  297,  382,  343,  126,  241,  348,  506,  397,  190,  332,  773,  450,  475,  628,  402,  279,  291,  646,  617,  427,  512,  498,  101,  361,  591,  548,  397,  420,  557,  547,  669,  263,  284,  482,  412,  487,  514,  113,  343,  383,  313,  551,  155,  246,  298,  269],
