{
    "name": "random-60-10651",
    "comment": "size=60 seed=10651",
    "nodes": ["+0", "-0", "+1", "-1", "+2", "-2", "+3", "-3", "+4", "-4", "+5", "-5", "+6", "-6", "+7", "-7", "+8", "-8", "+9", "-9", "+10", "-10", "+11", "-11", "+12", "-12", "+13", "-13", "+14", "-14", "+15", "-15", "+16", "-16", "+17", "-17", "+18", "-18", "+19", "-19", "+20", "-20", "+21", "-21", "+22", "-22", "+23", "-23", "+24", "-24", "+25", "-25", "+26", "-26", "+27", "-27", "+28", "-28", "+29", "-29", "+30", "-30", "+31", "-31", "+32", "-32", "+33", "-33", "+34", "-34", "+35", "-35", "+36", "-36", "+37", "-37", "+38", "-38", "+39", "-39", "+40", "-40", "+41", "-41", "+42", "-42", "+43", "-43", "+44", "-44", "+45", "-45", "+46", "-46", "+47", "-47", "+48", "-48", "+49", "-49", "+50", "-50", "+51", "-51", "+52", "-52", "+53", "-53", "+54", "-54", "+55", "-55", "+56", "-56", "+57", "-57", "+58", "-58", "+59", "-59", "+60", "-60"],
    "precedence": {
        "+0": "-0",
        "+1": "-1",
        "+2": "-2",
        "+3": "-3",
        "+4": "-4",
        "+5": "-5",
        "+6": "-6",
        "+7": "-7",
        "+8": "-8",
        "+9": "-9",
        "+10": "-10",
        "+11": "-11",
        "+12": "-12",
        "+13": "-13",
        "+14": "-14",
        "+15": "-15",
        "+16": "-16",
        "+17": "-17",
        "+18": "-18",
        "+19": "-19",
        "+20": "-20",
        "+21": "-21",
        "+22": "-22",
        "+23": "-23",
        "+24": "-24",
        "+25": "-25",
        "+26": "-26",
        "+27": "-27",
        "+28": "-28",
        "+29": "-29",
        "+30": "-30",
        "+31": "-31",
        "+32": "-32",
        "+33": "-33",
        "+34": "-34",
        "+35": "-35",
        "+36": "-36",
        "+37": "-37",
        "+38": "-38",
        "+39": "-39",
        "+40": "-40",
        "+41": "-41",
        "+42": "-42",
        "+43": "-43",
        "+44": "-44",
        "+45": "-45",
        "+46": "-46",
        "+47": "-47",
        "+48": "-48",
        "+49": "-49",
        "+50": "-50",
        "+51": "-51",
        "+52": "-52",
        "+53": "-53",
        "+54": "-54",
        "+55": "-55",
        "+56": "-56",
        "+57": "-57",
        "+58": "-58",
        "+59": "-59",
        "+60": "-60"
    },
    "edges": [
        [    0,    0,  385,  651,  472,  515,  407,   83,  535,  338,  395,  611,  498,  499,  505,  300,  821,  675,  500,  596,  104,  565,  462,  312,  504,  168,  629,  226,  458,  255,  455,  567,  471,   86,  302,  216,  516,  433,  707,  497,  223,  377,  432,  392,  156,  539,   93,  477,  330,  300,  450,  564,  614,  611,  321,  186,  492,  249,  539,  197,  134,  281,  321,  437,  692,  557,  331,  779,  628,  128,  640,  169,  675,  314,  541,  550,  263,  515,  485,  418,  309,  662,  628,  509,  410,  322,  634,   60,  179,  747,  145,  173,  267,  731,  837,  529,  466,  261,  628,  469,  557,  859,  657,  366,  253,  235,  444,  423,  106,  273,   41,  503,  215,  202,  456,  320,  247,  473,  299,  251,  452,  645],
        [    0,    0,    0,    0,    0,    0,    0,    0,    0,    0,    0,    0,    0,    0,    0,    0,    0,    0,    0,    0,    0,    0,    0,    0,    0,    0,    0,    0,    0,    0,    0,    0,    0,    0,    0,    0,    0,    0,    0,    0,    0,    0,    0,    0,    0,    0,    0,    0,    0,    0,    0,    0,    0,    0,    0,    0,    0,    0,    0,    0,    0,    0,    0,    0,    0,    0,    0,    0,    0,    0,    0,    0,    0,    0,    0,    0,    0,    0,    0,    0,    0,    0,    0,    0,    0,    0,    0,    0,    0,    0,    0,    0,    0,    0,    0,    0,    0,    0,    0,    0,    0,    0,    0,    0,    0,    0,    0,    0,    0,    0,    0,    0,    0,    0,    0,    0,    0,    0,    0,    0,    0,    0],
        [  385,    0,    0,  817,  626,  267,   25,  460,  251,  248,  684,  601,  469,  317,  347,  172,  624,  488,  701,  878,  361,  793,  159,  414,  129,  431,  379,  599,  266,  351,  179,  246,  456,  347,  340,  524,  270,  702,  465,  178,  201,  230,  678,  125,  527,  610,  421,  802,  710,  241,  757,  508,  338,  752,  447,  537,  732,  500,  663,  301,  513,  472,  632,  753,  461,  327,  211,  513,  309,  422,  379,  529,  894,  519,  615,  171,  320,  817,  102,   37,  388,  462,  289,  214,   45,  114,  323,  348,  211,  599,  427,  471,  517,  566,  643,  169,  218,  254,  248,  374,  237,  649,  452,  471,  585,  491,  127,  731,  486,  359,  424,  146,  595,  450,  272,  493,  516,  157,  359,  164,  295,  288],
        [  651,    0,  817,    0,  194, 1063,  838,  605, 1060,  936,  320,  339,  403, 1083, 1101,  645,  688,  620,  155,  273,  753,  143,  968,  961,  855,  814,  704,  559,  622,  898,  979,  792,  400,  591,  478,  451, 1066,  270,  717,  769,  798,  959,  243,  910,  712,  237,  734,  385,  601,  576,  997,  421, 1149,   73,  377,  764,  197,  403,  159,  829,  681,  381,  898,  364,  694, 1119,  608,  787, 1125,  524,  725,  741,  132,  340,  230,  963,  504,  322,  893,  825,  431,  637,  847,  742,  803,  845,  801,  703,  679,  577,  506,  481,  385,  600,  692,  839,  685,  568, 1023,  503, 1053,  728,  645,  347,  827,  871,  937,  975,  606,  917,  656,  822,  594,  846, 1034,  967,  875,  760,  940,  671,  584, 1093],
        [  472,    0,  626,  194,    0,  870,  648,  438,  868,  744,  232,  258,  258,  890,  908,  455,  604,  504,   95,  321,  571,  190,  776,  778,  673,  639,  560,  425,  451,  713,  786,  624,  244,  405,  287,  293,  873,  199,  592,  592,  606,  766,  153,  717,  555,  130,  560,  352,  496,  386,  856,  300,  956,  141,  184,  606,  163,  230,   73,  641,  522,  194,  746,  309,  568,  926,  421,  667,  935,  346,  581,  583,  275,  159,  126,  777,  311,  314,  706,  636,  239,  513,  683,  569,  615,  652,  645,  520,  486,  495,  328,  310,  215,  506,  613,  661,  510,  376,  841,  342,  862,  647,  518,  156,  673,  700,  745,  832,  443,  731,  483,  642,  457,  672,  840,  791,  708,  581,  753,  478,  414,  906],
        [  515,    0,  267, 1063,  870,    0,  253,  598,   49,  190,  884,  867,  735,   82,  117,  426,  865,  740,  935, 1086,  440, 1021,  111,  351,  320,  467,  618,  739,  530,  330,   89,  464,  720,  520,  588,  709,    5,  913,  699,  415,  295,  143,  896,  154,  611,  868,  502,  986,  835,  495,  739,  774,  100, 1003,  687,  598,  955,  707,  914,  338,  611,  697,  638,  941,  700,   61,  472,  731,  138,  603,  612,  601, 1128,  743,  873,  232,  560, 1014,  248,  278,  634,  711,  479,  456,  299,  220,  534,  459,  396,  855,  614,  656,  726,  819,  884,  368,  476,  497,  271,  640,  103,  885,  701,  718,  619,  496,  142,  719,  619,  324,  544,  359,  724,  467,   80,  440,  520,  402,  304,  393,  560,  208],
        [  407,    0,   25,  838,  648,  253,    0,  483,  234,  252,  708,  617,  486,  307,  339,  194,  627,  494,  723,  901,  380,  816,  143,  423,  115,  448,  381,  622,  277,  362,  166,  241,  473,  371,  362,  548,  257,  726,  466,  177,  217,  230,  701,  120,  547,  629,  441,  826,  733,  263,  772,  523,  320,  773,  469,  556,  755,  524,  684,  315,  534,  496,  648,  777,  464,  313,  232,  511,  288,  446,  379,  549,  917,  542,  635,  147,  342,  841,   79,   29,  411,  467,  280,  215,   48,  123,  318,  369,  234,  607,  451,  496,  541,  573,  646,  158,  226,  277,  224,  389,  217,  652,  457,  493,  603,  507,  111,  747,  509,  370,  446,  138,  618,  466,  265,  504,  532,  158,  368,  188,  308,  264],
        [   83,    0,  460,  605,  438,  598,  483,    0,  618,  418,  327,  608,  506,  580,  585,  358,  849,  706,  451,  524,  173,  507,  545,  374,  576,  213,  674,  143,  503,  325,  537,  627,  479,  126,  322,  156,  599,  370,  748,  560,  306,  459,  374,  475,  126,  521,  134,  399,  251,  344,  437,  574,  697,  572,  312,  173,  434,  208,  508,  274,   94,  257,  316,  361,  731,  638,  381,  822,  710,  106,  687,  151,  616,  281,  522,  628,  288,  441,  562,  492,  316,  696,  690,  567,  483,  404,  691,  140,  251,  767,  122,  128,  224,  755,  865,  597,  520,  303,  706,  495,  640,  889,  693,  356,  243,  266,  526,  411,   27,  342,   60,  571,  136,  243,  537,  365,  272,  536,  369,  316,  491,  726],
        [  535,    0,  251, 1060,  868,   49,  234,  618,    0,  224,  895,  850,  719,  130,  165,  417,  831,  710,  936, 1095,  467, 1025,   93,  393,  286,  500,  585,  760,  507,  367,   85,  429,  706,  533,  583,  722,   52,  921,  664,  385,  313,  176,  902,  154,  640,  859,  530, 1000,  860,  487,  781,  755,   89,  998,  685,  630,  960,  715,  909,  367,  638,  700,  677,  954,  667,   93,  461,  693,   98,  615,  578,  631, 1130,  746,  864,  189,  557, 1026,  216,  255,  630,  681,  440,  426,  278,  225,  496,  481,  403,  826,  625,  669,  733,  790,  850,  333,  451,  493,  223,  622,   55,  850,  670,  714,  654,  534,  125,  760,  641,  363,  566,  327,  747,  503,  125,  483,  559,  374,  345,  391,  540,  160],
        [  338,    0,  248,  936,  744,  190,  252,  418,  224,    0,  723,  791,  658,  162,  171,  344,  867,  727,  797,  926,  253,  876,  189,  184,  362,  277,  625,  557,  493,  144,  165,  493,  638,  359,  481,  544,  190,  756,  712,  426,  139,   49,  746,  144,  422,  766,  314,  814,  649,  404,  565,  710,  288,  882,  563,  408,  806,  554,  797,  149,  424,  557,  455,  772,  706,  222,  397,  761,  322,  440,  626,  411,  985,  602,  771,  330,  445,  849,  301,  280,  519,  702,  531,  461,  293,  139,  570,  279,  259,  832,  454,  494,  574,  802,  886,  409,  457,  391,  398,  579,  264,  895,  693,  601,  431,  311,  194,  542,  438,  142,  362,  389,  539,  279,  120,  272,  336,  405,  129,  291,  514,  370],
        [  395,    0,  684,  320,  232,  884,  708,  327,  895,  723,    0,  486,  455,  883,  893,  525,  820,  704,  179,  203,  496,  194,  809,  701,  766,  538,  734,  246,  590,  649,  810,  758,  434,  366,  382,  180,  886,   51,  781,  708,  592,  757,   85,  742,  412,  361,  460,  136,  282,  470,  680,  511,  980,  317,  281,  463,  125,  184,  296,  590,  383,  224,  589,   85,  759,  933,  513,  860,  977,  284,  753,  441,  297,  186,  357,  852,  381,  134,  779,  705,  337,  708,  822,  697,  687,  670,  797,  453,  492,  715,  271,  230,  168,  721,  831,  768,  638,  441,  925,  511,  904,  863,  710,  292,  521,  584,  783,  659,  319,  666,  385,  745,  281,  567,  836,  688,  583,  691,  692,  520,  559,  971],
        [  611,    0,  601,  339,  258,  867,  617,  608,  850,  791,  486,    0,  134,  908,  934,  450,  356,  284,  341,  564,  692,  421,  759,  878,  596,  774,  382,  641,  351,  806,  778,  498,  154,  527,  323,  496,  870,  456,  383,  496,  663,  798,  410,  717,  733,  129,  703,  609,  730,  387, 1044,  102,  935,  269,  296,  780,  416,  422,  213,  730,  701,  358,  922,  566,  360,  926,  399,  450,  894,  502,  403,  758,  466,  353,  134,  712,  363,  570,  651,  596,  303,  303,  544,  461,  573,  668,  489,  641,  545,  244,  486,  490,  415,  263,  362,  567,  414,  404,  758,  229,  829,  398,  312,  253,  850,  843,  727, 1018,  622,  823,  636,  557,  668,  807,  860,  915,  857,  496,  840,  500,  314,  842],
        [  498,    0,  469,  403,  258,  735,  486,  506,  719,  658,  455,  134,    0,  775,  801,  317,  370,  251,  352,  578,  572,  445,  628,  751,  474,  655,  306,  563,  230,  678,  646,  392,   28,  412,  199,  418,  738,  437,  335,  378,  531,  664,  393,  585,  631,  167,  589,  588,  663,  255,  941,   69,  805,  331,  206,  674,  418,  345,  249,  603,  600,  276,  816,  539,  312,  794,  266,  412,  767,  401,  327,  654,  516,  288,  174,  589,  240,  562,  525,  466,  191,  258,  445,  346,  444,  535,  399,  522,  415,  271,  387,  400,  343,  270,  382,  449,  294,  274,  639,  105,  700,  413,  262,  173,  744,  726,  596,  915,  524,  695,  526,  436,  586,  688,  727,  792,  742,  374,  711,  368,  191,  719],
        [  499,    0,  317, 1083,  890,   82,  307,  580,  130,  162,  883,  908,  775,    0,   36,  460,  931,  801,  948, 1085,  414, 1031,  175,  291,  389,  426,  683,  718,  582,  284,  146,  533,  758,  518,  615,  704,   78,  915,  766,  478,  292,  127,  902,  193,  577,  899,  472,  976,  808,  527,  677,  819,  149, 1025,  707,  558,  962,  711,  939,  309,  582,  708,  582,  933,  766,   71,  510,  803,  209,  600,  679,  564, 1139,  754,  904,  310,  583, 1010,  317,  334,  657,  773,  553,  518,  354,  243,  605,  441,  406,  914,  613,  653,  730,  880,  949,  438,  533,  523,  352,  685,  185,  952,  763,  741,  571,  445,  202,  658,  600,  275,  523,  426,  700,  421,   50,  378,  469,  463,  252,  418,  609,  288],
        [  505,    0,  347, 1101,  908,  117,  339,  585,  165,  171,  893,  934,  801,   36,    0,  485,  964,  833,  964, 1096,  415, 1045,  209,  277,  424,  421,  717,  721,  612,  278,  180,  567,  783,  529,  636,  714,  113,  926,  800,  512,  306,  143,  915,  223,  574,  922,  472,  982,  807,  551,  658,  847,  173, 1045,  726,  552,  975,  724,  959,  312,  581,  725,  568,  941,  799,   94,  536,  837,  239,  610,  713,  559, 1154,  770,  927,  345,  604, 1018,  352,  367,  678,  806,  588,  551,  386,  267,  640,  446,  423,  945,  624,  664,  743,  912,  983,  472,  564,  545,  387,  713,  219,  986,  795,  761,  561,  434,  236,  639,  603,  267,  527,  461,  701,  413,   76,  360,  457,  496,  242,  441,  639,  320],
        [  300,    0,  172,  645,  455,  426,  194,  358,  417,  344,  525,  450,  317,  460,  485,    0,  553,  406,  530,  713,  325,  623,  324,  460,  242,  410,  336,  481,  171,  387,  338,  270,  299,  233,  168,  380,  429,  539,  419,  204,  227,  348,  511,  273,  455,  443,  368,  650,  596,   70,  733,  367,  505,  582,  276,  481,  564,  343,  492,  316,  432,  307,  603,  599,  407,  484,   54,  486,  481,  290,  345,  466,  723,  352,  448,  331,  150,  658,  258,  185,  217,  387,  333,  210,  165,  219,  335,  289,  137,  500,  289,  331,  358,  475,  571,  250,  168,   85,  401,  236,  409,  587,  380,  300,  542,  480,  293,  706,  383,  402,  340,  225,  486,  438,  411,  519,  502,  181,  413,   62,  179,  456],
        [  821,    0,  624,  688,  604,  865,  627,  849,  831,  867,  820,  356,  370,  931,  964,  553,    0,  148,  693,  918,  871,  776,  758, 1009,  546,  957,  248,  925,  383,  937,  786,  403,  394,  737,  528,  783,  869,  798,  169,  453,  774,  854,  753,  747,  969,  481,  905,  951, 1029,  525, 1270,  310,  900,  622,  571, 1006,  766,  711,  568,  868,  940,  642, 1140,  904,  166,  922,  505,  170,  837,  749,  254,  988,  818,  657,  487,  650,  563,  918,  618,  599,  542,  167,  405,  413,  582,  729,  342,  828,  687,  113,  737,  758,  711,  101,   19,  499,  411,  562,  659,  355,  791,   44,  175,  542, 1073, 1029,  729, 1243,  871,  951,  856,  506,  945,  987,  891, 1071, 1049,  470,  959,  615,  376,  757],
        [  675,    0,  488,  620,  504,  740,  494,  706,  710,  727,  704,  284,  251,  801,  833,  406,  148,    0,  597,  824,  724,  687,  630,  864,  425,  810,  134,  788,  238,  792,  657,  289,  271,  592,  386,  649,  744,  687,  100,  326,  629,  716,  644,  613,  825,  393,  758,  838,  895,  379, 1124,  205,  784,  549,  441,  861,  666,  579,  481,  722,  796,  511,  994,  789,   79,  798,  358,  167,  726,  607,  149,  843,  745,  531,  399,  536,  419,  812,  495,  467,  405,   31,  310,  285,  448,  589,  247,  681,  540,  119,  597,  621,  581,   81,  165,  382,  271,  416,  558,  214,  674,  184,   43,  416,  928,  882,  600, 1097,  728,  806,  711,  384,  807,  840,  759,  925,  902,  339,  815,  468,  229,  654],
        [  500,    0,  701,  155,   95,  935,  723,  451,  936,  797,  179,  341,  352,  948,  964,  530,  693,  597,    0,  228,  602,   98,  845,  811,  756,  661,  654,  408,  541,  750,  853,  714,  338,  445,  364,  297,  938,  133,  685,  680,  659,  823,   96,  784,  558,  213,  581,  278,  459,  463,  846,  393, 1024,  138,  255,  610,   76,  252,  131,  682,  527,  240,  745,  242,  662,  989,  501,  761, 1008,  374,  675,  587,  194,  196,  208,  857,  382,  230,  785,  714,  314,  607,  775,  658,  693,  716,  738,  553,  543,  583,  357,  329,  233,  596,  701,  747,  599,  447,  923,  435,  935,  736,  612,  237,  674,  717,  816,  823,  452,  769,  503,  727,  442,  693,  899,  814,  721,  667,  793,  546,  504,  985],
        [  596,    0,  878,  273,  321, 1086,  901,  524, 1095,  926,  203,  564,  578, 1085, 1096,  713,  918,  824,  228,    0,  696,  145, 1008,  897,  950,  732,  878,  421,  754,  849, 1011,  926,  563,  569,  558,  382, 1088,  176,  912,  884,  795,  960,  204,  942,  595,  438,  656,  158,  412,  653,  829,  620, 1181,  316,  449,  643,  162,  381,  351,  792,  570,  407,  756,  172,  889, 1135,  694,  988, 1176,  486,  898,  623,  171,  362,  432, 1043,  565,   92,  970,  896,  509,  834,  988,  867,  878,  870,  956,  655,  693,  807,  474,  433,  363,  822,  925,  948,  808,  629, 1114,  656, 1102,  961,  838,  444,  694,  772,  982,  811,  513,  866,  583,  926,  454,  759, 1039,  878,  768,  869,  892,  715,  719, 1165],
        [  104,    0,  361,  753,  571,  440,  380,  173,  467,  253,  496,  692,  572,  414,  415,  325,  871,  724,  602,  696,    0,  668,  405,  209,  489,   87,  661,  306,  494,  153,  391,  576,  546,  170,  374,  319,  441,  536,  744,  503,  169,  298,  535,  337,  175,  630,   64,  571,  396,  347,  410,  636,  539,  711,  412,  176,  595,  351,  636,  105,  172,  378,  280,  533,  731,  475,  368,  810,  563,  229,  669,  172,  778,  415,  633,  513,  333,  613,  456,  397,  391,  707,  632,  523,  395,  275,  649,   53,  189,  806,  247,  276,  370,  787,  889,  522,  490,  312,  590,  528,  496,  907,  702,  456,  225,  158,  392,  383,  189,  171,  114,  496,  287,  118,  373,  225,  178,  478,  197,  266,  496,  592],
        [  565,    0,  793,  143,  190, 1021,  816,  507, 1025,  876,  194,  421,  445, 1031, 1045,  623,  776,  687,   98,  145,  668,    0,  934,  877,  851,  720,  749,  439,  638,  819,  941,  811,  433,  519,  459,  352, 1024,  144,  778,  776,  740,  905,  134,  872,  602,  297,  640,  243,  467,  557,  872,  482, 1112,  173,  348,  654,   74,  323,  209,  755,  573,  325,  782,  223,  754, 1074,  596,  852, 1099,  443,  770,  631,  111,  279,  291,  951,  474,  180,  879,  807,  409,  698,  872,  755,  787,  802,  834,  622,  627,  664,  427,  393,  304,  681,  783,  843,  696,  539, 1018,  532, 1025,  818,  704,  333,  713,  770,  906,  852,  503,  838,  563,  823,  474,  750,  982,  872,  772,  763,  862,  636,  602, 1078],
        [  462,    0,  159,  968,  776,  111,  143,  545,   93,  189,  809,  759,  628,  175,  209,  324,  758,  630,  845, 1008,  405,  934,    0,  372,  215,  451,  510,  687,  420,  330,   31,  358,  614,  451,  490,  639,  115,  833,  592,  306,  241,  146,  813,   71,  580,  766,  468,  918,  791,  394,  753,  666,  181,  905,  593,  575,  870,  628,  816,  313,  574,  610,  639,  871,  593,  170,  368,  628,  169,  533,  505,  574, 1039,  657,  772,  147,  466,  941,  143,  167,  538,  602,  380,  346,  189,  142,  431,  411,  318,  745,  542,  585,  646,  710,  776,  264,  366,  401,  209,  532,   96,  779,  591,  622,  608,  494,   33,  730,  568,  330,  496,  253,  677,  459,  142,  461,  520,  292,  318,  300,  451,  189],
        [  312,    0,  414,  961,  778,  351,  423,  374,  393,  184,  701,  878,  751,  291,  277,  460, 1009,  864,  811,  897,  209,  877,  372,    0,  537,  170,  777,  490,  627,   74,  346,  658,  727,  373,  556,  526,  350,  742,  863,  588,  235,  227,  743,  326,  324,  829,  242,  765,  558,  505,  389,  811,  439,  918,  612,  290,  803,  560,  841,  149,  339,  585,  292,  731,  855,  361,  512,  920,  488,  438,  780,  302,  987,  623,  832,  514,  516,  812,  480,  449,  582,  843,  702,  618,  457,  301,  736,  259,  337,  960,  456,  485,  579,  935, 1027,  581,  603,  479,  581,  690,  440, 1040,  835,  655,  288,  162,  377,  368,  385,   59,  316,  559,  463,  150,  271,   90,  182,  564,   56,  399,  639,  548],
        [  504,    0,  129,  855,  673,  320,  115,  576,  286,  362,  766,  596,  474,  389,  424,  242,  546,  425,  756,  950,  489,  851,  215,  537,    0,  560,  299,  710,  246,  476,  244,  144,  467,  456,  394,  620,  324,  777,  379,  103,  330,  334,  748,  222,  651,  631,  547,  891,  823,  298,  886,  496,  360,  786,  505,  663,  797,  585,  697,  429,  635,  545,  761,  840,  381,  377,  257,  414,  305,  524,  293,  655,  946,  589,  637,  118,  387,  899,   73,   93,  444,  396,  170,  143,   95,  238,  217,  472,  326,  542,  526,  569,  599,  505,  564,   49,  183,  325,  169,  369,  249,  565,  385,  520,  713,  620,  189,  860,  602,  484,  544,   42,  710,  579,  354,  618,  645,  100,  481,  263,  283,  247],
        [  168,    0,  431,  814,  639,  467,  448,  213,  500,  277,  538,  774,  655,  426,  421,  410,  957,  810,  661,  732,   87,  720,  451,  170,  560,    0,  745,  320,  579,  143,  433,  655,  629,  247,  457,  368,  467,  582,  829,  582,  231,  325,  586,  387,  157,  706,   81,  597,  391,  433,  329,  720,  564,  776,  488,  132,  646,  412,  706,  139,  170,  448,  201,  564,  816,  493,  454,  894,  598,  294,  753,  139,  829,  481,  708,  572,  416,  645,  520,  468,  471,  793,  709,  604,  468,  334,  729,  134,  273,  892,  312,  333,  430,  873,  975,  596,  573,  398,  647,  614,  536,  993,  787,  532,  159,   72,  444,  303,  220,  155,  158,  571,  294,   34,  393,  154,   92,  557,  181,  350,  582,  639],
        [  629,    0,  379,  704,  560,  618,  381,  674,  585,  625,  734,  382,  306,  683,  717,  336,  248,  134,  654,  878,  661,  749,  510,  777,  299,  745,    0,  776,  172,  707,  538,  159,  317,  552,  373,  646,  622,  725,   87,  206,  544,  609,  685,  501,  783,  469,  703,  869,  888,  331, 1069,  286,  657,  632,  455,  813,  717,  584,  554,  641,  758,  521,  938,  818,   83,  675,  298,  150,  596,  585,   22,  798,  821,  551,  475,  407,  396,  853,  371,  353,  406,  103,  177,  167,  336,  488,  115,  624,  473,  251,  577,  609,  590,  212,  266,  254,  175,  372,  425,  224,  547,  271,   92,  443,  877,  815,  482, 1042,  698,  719,  668,  259,  789,  773,  644,  845,  837,  223,  725,  396,  186,  522],
        [  226,    0,  599,  559,  425,  739,  622,  143,  760,  557,  246,  641,  563,  718,  721,  481,  925,  788,  408,  421,  306,  439,  687,  490,  710,  320,  776,    0,  608,  452,  680,  748,  536,  254,  406,  146,  740,  296,  843,  684,  448,  599,  316,  617,  175,  534,  252,  278,  115,  454,  438,  630,  838,  542,  358,  223,  368,  220,  497,  410,  152,  288,  344,  250,  824,  778,  495,  920,  853,  194,  791,  202,  541,  289,  533,  768,  381,  331,  700,  629,  384,  783,  812,  687,  618,  547,  807,  281,  388,  833,  199,  169,  227,  827,  939,  728,  635,  414,  846,  576,  782,  967,  781,  394,  277,  353,  668,  416,  120,  467,  196,  702,   36,  344,  677,  460,  348,  661,  494,  448,  590,  868],
        [  458,    0,  266,  622,  451,  530,  277,  503,  507,  493,  590,  351,  230,  582,  612,  171,  383,  238,  541,  754,  494,  638,  420,  627,  246,  579,  172,  608,    0,  554,  442,  174,  225,  380,  213,  484,  533,  590,  251,  149,  392,  487,  553,  390,  612,  392,  534,  724,  721,  159,  900,  252,  590,  551,  310,  642,  594,  427,  464,  485,  586,  369,  770,  672,  237,  589,  128,  322,  545,  416,  185,  626,  724,  405,  398,  362,  229,  717,  302,  253,  254,  217,  235,  120,  231,  357,  208,  455,  307,  340,  409,  443,  436,  310,  401,  220,   65,  200,  410,  125,  482,  416,  210,  310,  706,  650,  388,  873,  527,  568,  496,  207,  620,  608,  537,  688,  671,  146,  577,  233,   39,  492],
        [  255,    0,  351,  898,  713,  330,  362,  325,  367,  144,  649,  806,  678,  284,  278,  387,  937,  792,  750,  849,  153,  819,  330,   74,  476,  143,  707,  452,  554,    0,  307,  592,  655,  308,  484,  471,  329,  688,  793,  521,  164,  192,  686,  275,  297,  759,  200,  722,  531,  431,  424,  738,  424,  853,  543,  274,  747,  499,  774,   76,  306,  519,  312,  686,  784,  352,  439,  851,  464,  378,  711,  281,  930,  559,  762,  464,  444,  765,  424,  386,  512,  771,  639,  550,  393,  239,  669,  198,  264,  887,  395,  427,  518,  862,  955,  519,  533,  406,  536,  617,  408,  969,  763,  585,  290,  168,  329,  400,  340,   19,  266,  496,  429,  138,  253,  142,  193,  497,   44,  326,  566,  513],
        [  455,    0,  179,  979,  786,   89,  166,  537,   85,  165,  810,  778,  646,  146,  180,  338,  786,  657,  853, 1011,  391,  941,   31,  346,  244,  433,  538,  680,  442,  307,    0,  388,  631,  449,  502,  638,   92,  836,  621,  333,  232,  120,  818,   70,  566,  781,  455,  917,  782,  408,  729,  686,  172,  917,  603,  559,  876,  631,  828,  296,  562,  616,  618,  871,  621,  149,  384,  658,  174,  532,  534,  559, 1046,  663,  786,  177,  475,  942,  173,  192,  548,  629,  410,  374,  213,  141,  460,  402,  319,  771,  541,  585,  649,  736,  804,  293,  391,  411,  237,  552,  105,  807,  618,  633,  590,  473,   57,  707,  560,  307,  487,  281,  668,  439,  111,  435,  498,  318,  293,  308,  473,  207],
        [  567,    0,  246,  792,  624,  464,  241,  627,  429,  493,  758,  498,  392,  533,  567,  270,  403,  289,  714,  926,  576,  811,  358,  658,  144,  655,  159,  748,  174,  592,  388,    0,  392,  502,  376,  637,  468,  760,  236,   73,  434,  470,  724,  358,  721,  558,  627,  890,  863,  299,  983,  397,  499,  720,  480,  742,  767,  587,  634,  535,  700,  534,  854,  838,  239,  520,  256,  272,  438,  555,  150,  730,  896,  573,  565,  249,  383,  886,  216,  214,  421,  259,   66,   62,  202,  359,   78,  548,  393,  408,  552,  591,  598,  369,  422,   97,  120,  336,  271,  289,  389,  422,  248,  482,  799,  721,  332,  957,  653,  602,  607,  107,  755,  678,  496,  734,  744,   98,  604,  317,  211,  366],
        [  471,    0,  456,  400,  244,  720,  473,  479,  706,  638,  434,  154,   28,  758,  783,  299,  394,  271,  338,  563,  546,  433,  614,  727,  467,  629,  317,  536,  225,  655,  631,  392,    0,  386,  174,  392,  723,  418,  352,  374,  510,  646,  375,  569,  604,  167,  562,  567,  637,  234,  914,   96,  792,  328,  180,  648,  402,  319,  243,  579,  573,  250,  789,  518,  329,  779,  249,  429,  756,  374,  337,  627,  509,  263,  173,  581,  214,  544,  515,  454,  164,  276,  448,  344,  432,  517,  405,  496,  393,  297,  360,  373,  318,  294,  407,  445,  289,  251,  634,  104,  688,  437,  279,  148,  718,  700,  582,  888,  497,  672,  500,  430,  559,  662,  710,  767,  716,  368,  688,  347,  186,  712],
        [   86,    0,  347,  591,  405,  520,  371,  126,  533,  359,  366,  527,  412,  518,  529,  233,  737,  592,  445,  569,  170,  519,  451,  373,  456,  247,  552,  254,  380,  308,  449,  502,  386,    0,  217,  190,  522,  398,  628,  435,  227,  392,  388,  382,  234,  461,  177,  468,  368,  222,  535,  479,  616,  545,  243,  269,  448,  197,  468,  238,  207,  212,  407,  422,  612,  568,  256,  701,  619,   83,  564,  251,  629,  252,  463,  517,  178,  495,  448,  376,  225,  580,  565,  442,  365,  309,  566,  118,  138,  662,   96,  137,  216,  646,  754,  475,  395,  181,  595,  384,  547,  776,  576,  287,  338,  316,  428,  508,  151,  327,  119,  449,  255,  281,  471,  394,  331,  412,  350,  194,  371,  624],
        [  302,    0,  340,  478,  287,  588,  362,  322,  583,  481,  382,  323,  199,  615,  636,  168,  528,  386,  364,  558,  374,  459,  490,  556,  394,  457,  373,  406,  213,  484,  502,  376,  174,  217,    0,  274,  591,  387,  438,  328,  347,  495,  355,  435,  443,  286,  392,  514,  517,  100,  750,  264,  671,  416,  111,  483,  403,  215,  327,  409,  413,  159,  622,  463,  418,  645,  138,  515,  648,  222,  389,  464,  557,  199,  291,  494,   41,  512,  422,  351,   50,  378,  440,  315,  330,  373,  420,  324,  226,  447,  211,  238,  224,  434,  544,  390,  256,   92,  560,  174,  576,  568,  376,  132,  553,  528,  460,  723,  343,  502,  334,  369,  422,  490,  565,  594,  544,  311,  519,  197,  188,  621],
        [  216,    0,  524,  451,  293,  709,  548,  156,  722,  544,  180,  496,  418,  704,  714,  380,  783,  649,  297,  382,  319,  352,  639,  526,  620,  368,  646,  146,  484,  471,  638,  637,  392,  190,  274,    0,  711,  218,  709,  578,  415,  579,  219,  570,  264,  392,  288,  280,  247,  339,  564,  484,  806,  422,  213,  316,  279,   75,  365,  411,  232,  143,  454,  233,  689,  756,  382,  786,  807,  107,  662,  292,  462,  146,  392,  695,  256,  306,  623,  550,  245,  645,  702,  575,  534,  498,  688,  275,  322,  688,   98,   54,   83,  684,  796,  630,  519,  302,  770,  438,  734,  824,  644,  248,  382,  421,  615,  540,  156,  489,  211,  605,  173,  399,  658,  521,  425,  557,  514,  362,  461,  808],
        [  516,    0,  270, 1066,  873,    5,  257,  599,   52,  190,  886,  870,  738,   78,  113,  429,  869,  744,  938, 1088,  441, 1024,  115,  350,  324,  467,  622,  740,  533,  329,   92,  468,  723,  522,  591,  711,    0,  915,  703,  419,  297,  144,  899,  157,  611,  872,  502,  987,  836,  498,  738,  778,   99, 1006,  690,  598,  957,  709,  917,  338,  612,  699,  637,  943,  704,   57,  476,  735,  139,  605,  616,  601, 1130,  745,  877,  236,  563, 1016,  252,  281,  637,  715,  483,  460,  303,  222,  538,  460,  398,  859,  616,  658,  728,  823,  888,  372,  480,  500,  274,  644,  107,  889,  705,  721,  618,  495,  146,  717,  620,  323,  545,  364,  725,  467,   79,  438,  520,  406,  304,  396,  564,  211],
        [  433,    0,  702,  270,  199,  913,  726,  370,  921,  756,   51,  456,  437,  915,  926,  539,  798,  687,  133,  176,  536,  144,  833,  742,  777,  582,  725,  296,  590,  688,  836,  760,  418,  398,  387,  218,  915,    0,  768,  715,  623,  789,   46,  767,  460,  328,  503,  154,  331,  480,  731,  489, 1007,  270,  281,  511,   74,  206,  257,  627,  431,  233,  639,  112,  746,  963,  522,  846, 1001,  317,  745,  489,  249,  189,  324,  868,  391,  128,  795,  721,  340,  693,  823,  700,  703,  696,  795,  492,  518,  690,  303,  264,  188,  698,  807,  777,  641,  454,  939,  502,  927,  841,  696,  284,  570,  630,  807,  709,  364,  706,  427,  754,  331,  611,  867,  733,  630,  698,  732,  540,  557,  990],
        [  707,    0,  465,  717,  592,  699,  466,  748,  664,  712,  781,  383,  335,  766,  800,  419,  169,  100,  685,  912,  744,  778,  592,  863,  379,  829,   87,  843,  251,  793,  621,  236,  352,  628,  438,  709,  703,  768,    0,  290,  630,  695,  726,  586,  861,  487,  784,  916,  954,  408, 1150,  299,  732,  646,  508,  892,  752,  643,  574,  727,  834,  577, 1020,  866,   24,  755,  378,   79,  669,  655,   88,  876,  840,  602,  493,  482,  465,  895,  451,  438,  465,   81,  238,  252,  422,  574,  174,  705,  556,  200,  646,  675,  647,  159,  187,  332,  261,  448,  492,  274,  623,  187,   74,  490,  957,  899,  564, 1123,  772,  805,  745,  340,  858,  856,  728,  931,  920,  309,  811,  479,  258,  590],
        [  497,    0,  178,  769,  592,  415,  177,  560,  385,  426,  708,  496,  378,  478,  512,  204,  453,  326,  680,  884,  503,  776,  306,  588,  103,  582,  206,  684,  149,  521,  333,   73,  374,  435,  328,  578,  419,  715,  290,    0,  362,  406,  681,  296,  651,  540,  555,  839,  799,  241,  910,  396,  461,  699,  436,  671,  727,  533,  610,  463,  630,  485,  782,  787,  288,  473,  198,  336,  408,  492,  203,  659,  867,  526,  546,  220,  329,  839,  170,  149,  376,  297,  131,   42,  134,  290,  149,  476,  322,  442,  491,  531,  545,  406,  471,   71,   85,  276,  262,  273,  351,  476,  286,  444,  727,  648,  277,  884,  586,  532,  538,   62,  689,  606,  439,  662,  672,   26,  534,  247,  188,  347],
        [  223,    0,  201,  798,  606,  295,  217,  306,  313,  139,  592,  663,  531,  292,  306,  227,  774,  629,  659,  795,  169,  740,  241,  235,  330,  231,  544,  448,  392,  164,  232,  434,  510,  227,  347,  415,  297,  623,  630,  362,    0,  166,  611,  172,  342,  631,  232,  691,  550,  278,  556,  587,  394,  744,  426,  344,  671,  420,  660,  102,  334,  420,  432,  647,  621,  342,  280,  688,  405,  310,  548,  340,  849,  464,  635,  345,  310,  721,  290,  238,  383,  608,  484,  389,  240,  107,  510,  171,  123,  727,  322,  363,  439,  700,  792,  368,  369,  260,  422,  461,  335,  806,  600,  464,  387,  291,  226,  531,  329,  177,  255,  343,  436,  250,  244,  302,  316,  337,  187,  168,  405,  427],
        [  377,    0,  230,  959,  766,  143,  230,  459,  176,   49,  757,  798,  664,  127,  143,  348,  854,  716,  823,  960,  298,  905,  146,  227,  334,  325,  609,  599,  487,  192,  120,  470,  646,  392,  495,  579,  144,  789,  695,  406,  166,    0,  776,  113,  468,  781,  359,  852,  693,  412,  611,  713,  242,  903,  584,  455,  836,  585,  817,  195,  469,  583,  503,  809,  691,  180,  400,  741,  274,  474,  608,  458, 1013,  628,  785,  291,  462,  884,  269,  258,  536,  691,  503,  443,  274,  132,  547,  319,  281,  825,  487,  528,  604,  793,  872,  382,  446,  404,  355,  581,  217,  879,  681,  619,  479,  359,  156,  589,  480,  189,  404,  364,  583,  327,   80,  316,  384,  387,  174,  301,  510,  323],
        [  432,    0,  678,  243,  153,  896,  701,  374,  902,  746,   85,  410,  393,  902,  915,  511,  753,  644,   96,  204,  535,  134,  813,  743,  748,  586,  685,  316,  553,  686,  818,  724,  375,  388,  355,  219,  899,   46,  726,  681,  611,  776,    0,  749,  473,  283,  506,  200,  364,  450,  754,  445,  989,  234,  246,  525,   61,  192,  213,  622,  443,  206,  657,  156,  703,  948,  491,  803,  980,  310,  704,  502,  244,  160,  279,  841,  363,  170,  769,  695,  306,  650,  787,  665,  676,  678,  757,  488,  501,  645,  294,  259,  173,  653,  762,  745,  605,  427,  911,  461,  906,  796,  653,  245,  587,  638,  786,  732,  371,  704,  429,  723,  351,  617,  854,  739,  641,  666,  729,  517,  519,  965],
        [  392,    0,  125,  910,  717,  154,  120,  475,  154,  144,  742,  717,  585,  193,  223,  273,  747,  613,  784,  942,  337,  872,   71,  326,  222,  387,  501,  617,  390,  275,   70,  358,  569,  382,  435,  570,  157,  767,  586,  296,  172,  113,  749,    0,  512,  715,  401,  849,  721,  342,  697,  627,  241,  849,  534,  510,  806,  562,  761,  249,  505,  547,  580,  803,  583,  212,  321,  629,  238,  464,  499,  507,  977,  593,  720,  190,  407,  874,  158,  148,  480,  586,  391,  334,  166,   73,  434,  342,  250,  724,  473,  517,  580,  691,  765,  269,  343,  343,  262,  493,  166,  771,  576,  565,  545,  435,   57,  673,  498,  278,  426,  252,  607,  398,  148,  412,  461,  278,  270,  240,  417,  256],
        [  156,    0,  527,  712,  555,  611,  547,  126,  640,  422,  412,  733,  631,  577,  574,  455,  969,  825,  558,  595,  175,  602,  580,  324,  651,  157,  783,  175,  612,  297,  566,  721,  604,  234,  443,  264,  611,  460,  861,  651,  342,  468,  473,  512,    0,  644,  112,  451,  235,  454,  311,  699,  710,  685,  438,   53,  530,  327,  626,  274,   33,  381,  192,  424,  845,  642,  486,  933,  737,  232,  795,   30,  708,  401,  645,  685,  407,  505,  625,  562,  441,  813,  781,  664,  556,  448,  789,  179,  330,  890,  248,  248,  341,  877,  985,  679,  622,  414,  763,  615,  671, 1008,  809,  481,  119,  179,  567,  286,  113,  311,  116,  653,  144,  175,  541,  287,  174,  626,  337,  405,  604,  767],
        [  539,    0,  610,  237,  130,  868,  629,  521,  859,  766,  361,  129,  167,  899,  922,  443,  481,  393,  213,  438,  630,  297,  766,  829,  631,  706,  469,  534,  392,  759,  781,  558,  167,  461,  286,  392,  872,  328,  487,  540,  631,  781,  283,  715,  644,    0,  630,  481,  615,  374,  953,  189,  946,  164,  219,  693,  287,  321,   89,  684,  611,  265,  836,  439,  463,  927,  399,  559,  915,  419,  490,  671,  354,  248,    7,  744,  322,  441,  676,  612,  249,  407,  612,  510,  590,  657,  565,  578,  509,  370,  402,  397,  310,  385,  489,  611,  455,  378,  799,  270,  845,  524,  413,  175,  763,  772,  734,  928,  532,  777,  557,  596,  564,  739,  850,  854,  783,  534,  797,  482,  353,  875],
        [   93,    0,  421,  734,  560,  502,  441,  134,  530,  314,  460,  703,  589,  472,  472,  368,  905,  758,  581,  656,   64,  640,  468,  242,  547,   81,  703,  252,  534,  200,  455,  627,  562,  177,  392,  288,  502,  503,  784,  555,  232,  359,  506,  401,  112,  630,    0,  525,  336,  380,  367,  655,  601,  697,  414,  117,  566,  332,  627,  165,  111,  370,  237,  490,  770,  535,  407,  853,  626,  215,  713,  109,  749,  402,  632,  575,  352,  570,  517,  456,  401,  743,  685,  572,  453,  338,  698,   80,  235,  834,  233,  253,  350,  817,  921,  578,  535,  343,  653,  556,  560,  942,  738,  458,  174,  143,  456,  340,  143,  216,   78,  552,  230,  113,  433,  234,  155,  530,  242,  313,  532,  656],
        [  477,    0,  802,  385,  352,  986,  826,  399, 1000,  814,  136,  609,  588,  976,  982,  650,  951,  838,  278,  158,  571,  243,  918,  765,  891,  597,  869,  278,  724,  722,  917,  890,  567,  468,  514,  280,  987,  154,  916,  839,  691,  852,  200,  849,  451,  481,  525,    0,  256,  598,  672,  642, 1083,  404,  416,  498,  204,  307,  407,  672,  429,  356,  603,   52,  894, 1031,  642,  994, 1087,  386,  888,  478,  314,  320,  477,  972,  510,   70,  900,  826,  471,  842,  954,  829,  809,  777,  931,  537,  602,  843,  378,  333,  294,  851,  961,  896,  770,  567, 1046,  646, 1014,  994,  845,  427,  543,  630,  894,  655,  383,  739,  458,  872,  308,  621,  931,  737,  624,  820,  766,  639,  694, 1087],
        [  330,    0,  710,  601,  496,  835,  733,  251,  860,  649,  282,  730,  663,  808,  807,  596, 1029,  895,  459,  412,  396,  467,  791,  558,  823,  391,  888,  115,  721,  531,  782,  863,  637,  368,  517,  247,  836,  331,  954,  799,  550,  693,  364,  721,  235,  615,  336,  256,    0,  568,  417,  728,  935,  597,  459,  270,  404,  319,  566,  500,  227,  388,  353,  249,  934,  871,  609, 1031,  954,  309,  903,  256,  557,  380,  613,  878,  493,  322,  811,  741,  491,  891,  927,  802,  731,  652,  921,  380,  500,  933,  313,  279,  321,  930, 1043,  842,  750,  529,  956,  684,  885, 1071,  890,  491,  301,  406,  774,  400,  225,  545,  296,  816,  116,  408,  769,  513,  394,  776,  572,  562,  702,  975],
        [  300,    0,  241,  576,  386,  495,  263,  344,  487,  404,  470,  387,  255,  527,  551,   70,  525,  379,  463,  653,  347,  557,  394,  505,  298,  433,  331,  454,  159,  431,  408,  299,  234,  222,  100,  339,  498,  480,  408,  241,  278,  412,  450,  342,  454,  374,  380,  598,  568,    0,  747,  309,  575,  512,  209,  486,  500,  292,  422,  357,  428,  248,  616,  547,  392,  553,   44,  480,  550,  260,  344,  469,  656,  291,  379,  395,   89,  602,  323,  252,  149,  363,  364,  237,  231,  285,  353,  303,  169,  461,  256,  293,  305,  440,  543,  299,  182,   41,  463,  186,  478,  562,  358,  231,  551,  505,  363,  720,  368,  447,  338,  275,  463,  463,  478,  555,  524,  222,  461,  114,  152,  522],
