{
    "name": "random-9-17865",
    "comment": "size=9 seed=17865",
    "nodes": ["+0", "-0", "+1", "-1", "+2", "-2", "+3", "-3", "+4", "-4", "+5", "-5", "+6", "-6", "+7", "-7", "+8", "-8", "+9", "-9"],
    "precedence": {
        "+0": "-0",
        "+1": "-1",
        "+2": "-2",
        "+3": "-3",
        "+4": "-4",
        "+5": "-5",
        "+6": "-6",
        "+7": "-7",
        "+8": "-8",
        "+9": "-9"
    },
    "edges": [
        [    0,    0,  940,  283,   98,  374,  928,  817,  454,  371,  839,  540,  387,  420,  937,  490,  780,  675,  551,  392],
        [    0,    0,  940,  283,   98,  374,  928,  817,  454,  371,  839,  540,  387,  420,  937,  490,  780,  675,  551,  392],
        [  940,  940,    0, 1037,  920, 1151,  738,  339,  632,  655,  744,  635,  604,  946,  412,  566,  224,  765,  522,  605],
        [  283,  283, 1037,    0,  380,  118,  804,  824,  690,  602,  708,  477,  597,  200,  916,  709,  926,  534,  764,  605],
        [   98,   98,  920,  380,    0,  470,  983,  833,  384,  308,  898,  589,  336,  509,  960,  429,  744,  740,  490,  340],
        [  374,  374, 1151,  118,  470,    0,  866,  925,  802,  714,  770,  571,  712,  259, 1010,  824, 1043,  598,  879,  719],
        [  928,  928,  738,  804,  983,  866,    0,  404,  978,  926,   97,  396,  873,  610,  343,  936,  824,  271,  944,  881],
        [  817,  817,  339,  824,  833,  925,  404,    0,  684,  661,  405,  359,  603,  688,  140,  627,  431,  443,  615,  608],
        [  454,  454,  632,  690,  384,  802,  978,  684,    0,   89,  919,  618,  115,  733,  823,   67,  420,  811,  120,  106],
        [  371,  371,  655,  602,  308,  714,  926,  661,   89,    0,  861,  553,   59,  648,  799,  121,  455,  743,  183,   54],
        [  839,  839,  744,  708,  898,  770,   97,  405,  919,  861,    0,  317,  811,  514,  378,  882,  805,  175,  895,  819],
        [  540,  540,  635,  477,  589,  571,  396,  359,  618,  553,  317,    0,  506,  329,  440,  590,  607,  194,  613,  515],
        [  387,  387,  604,  597,  336,  712,  873,  603,  115,   59,  811,  506,    0,  625,  741,  113,  412,  698,  169,   10],
        [  420,  420,  946,  200,  509,  259,  610,  688,  733,  648,  514,  329,  625,    0,  760,  734,  876,  341,  780,  633],
        [  937,  937,  412,  916,  960, 1010,  343,  140,  823,  799,  378,  440,  741,  760,    0,  766,  548,  469,  752,  747],
        [  490,  490,  566,  709,  429,  824,  936,  627,   67,  121,  882,  590,  113,  734,  766,    0,  354,  783,   62,  105],
        [  780,  780,  224,  926,  744, 1043,  824,  431,  420,  455,  805,  607,  412,  876,  548,  354,    0,  776,  305,  411],
        [  675,  675,  765,  534,  740,  598,  271,  443,  811,  743,  175,  194,  698,  341,  469,  783,  776,    0,  806,  706],
        [  551,  551,  522,  764,  490,  879,  944,  615,  120,  183,  895,  613,  169,  780,  752,   62,  305,  806,    0,  162],
        [  392,  392,  605,  605,  340,  719,  881,  608,  106,   54,  819,  515,   10,  633,  747,  105,  411,  706,  162,    0]
    ]
}
