{
    "name": "random-24-25309",
    "comment": "size=24 seed=25309",
    "nodes": ["+0", "-0", "+1", "-1", "+2", "-2", "+3", "-3", "+4", "-4", "+5", "-5", "+6", "-6", "+7", "-7", "+8", "-8", "+9", "-9", "+10", "-10", "+11", "-11", "+12", "-12", "+13", "-13", "+14", "-14", "+15", "-15", "+16", "-16", "+17", "-17", "+18", "-18", "+19", "-19", "+20", "-20", "+21", "-21", "+22", "-22", "+23", "-23", "+24", "-24"],
    "precedence": {
        "+0": "-0",
        "+1": "-1",
        "+2": "-2",
        "+3": "-3",
        "+4": "-4",
        "+5": "-5",
        "+6": "-6",
        "+7": "-7",
        "+8": "-8",
        "+9": "-9",
        "+10": "-10",
        "+11": "-11",
        "+12": "-12",
        "+13": "-13",
        "+14": "-14",
        "+15": "-15",
        "+16": "-16",
        "+17": "-17",
        "+18": "-18",
        "+19": "-19",
        "+20": "-20",
        "+21": "-21",
        "+22": "-22",
        "+23": "-23",
        "+24": "-24"
    },
    "edges": [
        [    0,    0,  510,  230,  843,  207,  494,  706,  715,  360,  640, 1030,  845,  342,  793,  648,  604,  891,  444,  668,  737,  102,  318,  161,  121,  210,  601, 1020,  447,  800,  884,  738,  898,  483,  929,  920,  776,  851,  822,  750,  696,  683,  568,  720,  299,  443,  388,  558,  951,  508],
        [    0,    0,  510,  230,  843,  207,  494,  706,  715,  360,  640, 1030,  845,  342,  793,  648,  604,  891,  444,  668,  737,  102,  318,  161,  121,  210,  601, 1020,  447,  800,  884,  738,  898,  483,  929,  920,  776,  851,  822,  750,  696,  683,  568,  720,  299,  443,  388,  558,  951,  508],
        [  510,  510,    0,  725,  639,  707,  541,  776, 1055,  151,  824,  937,  945,  848,  900,  598,  437, 1092,  689,  507,  687,  428,  523,  379,  547,  714,  506,  932,   65,  831, 1212,  522,  764,  750, 1039, 1130,  927,  673, 1109,  750,  974,  463,  653,  543,  497,  849,  126,  866,  972,  740],
        [  230,  230,  725,    0,  935,   28,  546,  696,  552,  577,  581, 1058,  801,  203,  752,  705,  718,  790,  398,  767,  779,  298,  363,  349,  187,  149,  688, 1047,  664,  795,  716,  846,  956,  408,  871,  811,  713,  932,  681,  767,  572,  801,  579,  816,  362,  269,  608,  437,  934,  450],
        [  843,  843,  639,  935,    0,  937,  395,  403,  887,  673,  562,  320,  516, 1132,  499,  248,  244,  730,  603,  176,  230,  747,  573,  694,  776, 1023,  249,  318,  656,  374,  983,  120,  149,  642,  587,  768,  569,   48,  852,  307,  754,  182,  411,  124,  576,  859,  685,  736,  444,  597],
        [  207,  207,  707,   28,  937,    0,  550,  709,  579,  559,  598, 1068,  818,  196,  768,  711,  716,  812,  412,  768,  786,  281,  365,  334,  177,  125,  689, 1057,  646,  808,  743,  846,  962,  426,  890,  834,  731,  935,  706,  777,  596,  800,  589,  817,  362,  295,  589,  460,  949,  467],
        [  494,  494,  541,  546,  395,  550,    0,  247,  572,  480,  289,  537,  414,  746,  365,  161,  221,  552,  225,  241,  244,  413,  187,  374,  403,  648,  156,  527,  518,  325,  708,  324,  414,  277,  507,  590,  386,  387,  591,  262,  462,  297,  113,  284,  198,  475,  508,  391,  479,  244],
        [  706,  706,  776,  696,  403,  709,  247,    0,  492,  726,  170,  374,  170,  898,  126,  205,  377,  347,  300,  344,  174,  639,  389,  609,  598,  823,  292,  362,  758,  100,  580,  405,  330,  307,  264,  386,  175,  369,  450,  103,  355,  417,  143,  353,  411,  529,  753,  365,  246,  258],
        [  715,  715, 1055,  552,  887,  579,  572,  492,    0,  943,  326,  827,  464,  696,  441,  654,  788,  319,  369,  787,  660,  715,  532,  727,  601,  699,  709,  815, 1011,  558,  170,  863,  819,  308,  481,  320,  366,  857,  146,  594,  139,  855,  494,  814,  559,  284,  977,  190,  625,  330],
        [  360,  360,  151,  577,  673,  559,  480,  726,  943,    0,  744,  944,  894,  698,  844,  574,  441, 1016,  588,  515,  670,  281,  416,  237,  404,  564,  489,  937,   87,  795, 1106,  553,  779,  647,  987, 1052,  860,  699, 1012,  720,  876,  491,  591,  561,  388,  719,   34,  758,  944,  645],
        [  640,  640,  824,  581,  562,  598,  289,  170,  326,  744,    0,  533,  221,  776,  174,  334,  484,  273,  197,  471,  335,  593,  347,  579,  522,  720,  400,  521,  793,  253,  434,  544,  499,  173,  294,  309,  137,  532,  309,  272,  194,  542,  187,  493,  375,  377,  775,  199,  365,  134],
        [ 1030, 1030,  937, 1058,  320, 1068,  537,  374,  827,  944,  533,    0,  368, 1261,  386,  388,  506,  573,  668,  433,  294,  947,  719,  904,  936, 1175,  458,   13,  944,  281,  869,  421,  176,  680,  391,  603,  462,  275,  742,  292,  690,  477,  480,  395,  734,  902,  962,  732,  219,  631],
        [  845,  845,  945,  801,  516,  818,  414,  170,  464,  894,  221,  368,    0,  996,   53,  365,  540,  218,  411,  497,  305,  788,  536,  764,  731,  938,  456,  357,  928,  144,  503,  546,  403,  393,   94,  254,  102,  474,  375,  223,  330,  569,  304,  496,  561,  590,  922,  402,  162,  352],
        [  342,  342,  848,  203, 1132,  196,  746,  898,  696,  698,  776, 1261,  996,    0,  948,  906,  907,  966,  598,  961,  981,  438,  561,  497,  361,  135,  884, 1249,  784,  997,  847, 1038, 1158,  604, 1062,  983,  905, 1130,  835,  969,  743,  990,  782, 1011,  557,  430,  724,  616, 1134,  648],
        [  793,  793,  900,  752,  499,  768,  365,  126,  441,  844,  174,  386,   53,  948,    0,  328,  502,  232,  359,  464,  278,  735,  484,  712,  679,  888,  416,  374,  880,  129,  498,  518,  398,  344,  144,  271,   78,  459,  367,  196,  304,  537,  254,  467,  509,  547,  873,  362,  196,  302],
        [  648,  648,  598,  705,  248,  711,  161,  205,  654,  574,  334,  388,  365,  906,  328,    0,  176,  551,  357,  141,   97,  561,  347,  517,  562,  808,   94,  379,  590,  236,  766,  210,  254,  395,  454,  591,  379,  232,  639,  154,  527,  214,  166,  160,  357,  612,  597,  493,  375,  351],
        [  604,  604,  437,  718,  244,  716,  221,  377,  788,  441,  484,  506,  540,  907,  502,  176,    0,  721,  445,   75,  255,  506,  362,  452,  547,  792,   87,  499,  439,  410,  915,  134,  338,  498,  629,  761,  549,  263,  792,  326,  670,   84,  299,  123,  358,  690,  457,  610,  541,  463],
        [  891,  891, 1092,  790,  730,  812,  552,  347,  319, 1016,  273,  573,  218,  966,  232,  551,  721,    0,  453,  690,  509,  856,  616,  847,  771,  937,  635,  562, 1064,  357,  303,  748,  621,  409,  185,   40,  173,  689,  190,  427,  225,  763,  441,  697,  645,  537, 1047,  353,  355,  389],
        [  444,  444,  689,  398,  603,  412,  225,  300,  369,  588,  197,  668,  411,  598,  359,  357,  445,  453,    0,  464,  407,  403,  173,  396,  325,  530,  380,  657,  649,  399,  523,  546,  588,   61,  489,  485,  333,  587,  425,  379,  288,  522,  200,  502,  201,  256,  621,  180,  538,   66],
        [  668,  668,  507,  767,  176,  768,  241,  344,  787,  515,  471,  433,  497,  961,  464,  141,   75,  690,  464,    0,  198,  572,  406,  519,  603,  850,   85,  427,  512,  360,  904,   83,  264,  511,  583,  730,  518,  190,  778,  277,  663,   74,  293,   52,  406,  715,  532,  617,  481,  471],
        [  737,  737,  687,  779,  230,  786,  244,  174,  660,  670,  335,  294,  305,  981,  278,   97,  255,  509,  407,  198,    0,  653,  429,  611,  646,  889,  183,  284,  683,  164,  753,  242,  181,  434,  387,  548,  343,  198,  623,   83,  525,  268,  208,  192,  442,  658,  692,  517,  286,  387],
        [  102,  102,  428,  298,  747,  281,  413,  639,  715,  281,  593,  947,  788,  438,  735,  561,  506,  856,  403,  572,  653,    0,  252,   60,  128,  308,  508,  937,  367,  729,  883,  639,  809,  451,  875,  887,  727,  757,  808,  673,  676,  584,  497,  623,  228,  461,  312,  543,  882,  468],
        [  318,  318,  523,  363,  573,  365,  187,  389,  532,  416,  347,  719,  536,  561,  484,  347,  362,  616,  173,  406,  429,  252,    0,  232,  218,  461,  326,  708,  480,  483,  692,  487,  600,  231,  624,  650,  478,  570,  597,  434,  461,  446,  250,  455,   29,  350,  449,  344,  635,  233],
        [  161,  161,  379,  349,  694,  334,  374,  609,  727,  237,  579,  904,  764,  497,  712,  517,  452,  847,  396,  519,  611,   60,  232,    0,  168,  367,  459,  894,  321,  696,  894,  584,  761,  449,  854,  879,  709,  706,  812,  636,  678,  528,  467,  570,  205,  487,  270,  549,  850,  459],
        [  121,  121,  547,  187,  776,  177,  403,  598,  601,  404,  522,  936,  731,  361,  679,  562,  547,  771,  325,  603,  646,  128,  218,  168,    0,  248,  529,  926,  488,  694,  770,  679,  815,  363,  813,  799,  658,  778,  704,  650,  576,  630,  464,  654,  206,  337,  436,  439,  843,  389],
        [  210,  210,  714,  149, 1023,  125,  648,  823,  699,  564,  720, 1175,  938,  135,  888,  808,  792,  937,  530,  850,  889,  308,  461,  367,  248,    0,  776, 1164,  650,  922,  860,  925, 1061,  548, 1012,  959,  854, 1026,  829,  886,  720,  874,  698,  901,  452,  417,  590,  585, 1066,  587],
        [  601,  601,  506,  688,  249,  689,  156,  292,  709,  489,  400,  458,  456,  884,  416,   94,   87,  635,  380,   85,  183,  508,  326,  459,  529,  776,    0,  450,  501,  329,  833,  168,  304,  428,  546,  674,  462,  251,  709,  247,  589,  146,  217,  130,  328,  631,  510,  536,  467,  389],
        [ 1020, 1020,  932, 1047,  318, 1057,  527,  362,  815,  937,  521,   13,  357, 1249,  374,  379,  499,  562,  657,  427,  284,  937,  708,  894,  926, 1164,  450,    0,  938,  269,  857,  418,  172,  668,  381,  592,  450,  273,  731,  281,  678,  472,  469,  390,  723,  890,  955,  720,  209,  619],
        [  447,  447,   65,  664,  656,  646,  518,  758, 1011,   87,  793,  944,  928,  784,  880,  590,  439, 1064,  649,  512,  683,  367,  480,  321,  488,  650,  501,  938,    0,  820, 1171,  537,  774,  709, 1021, 1101,  903,  687, 1072,  741,  936,  476,  630,  553,  453,  797,   62,  824,  965,  703],
        [  800,  800,  831,  795,  374,  808,  325,  100,  558,  795,  253,  281,  144,  997,  129,  236,  410,  357,  399,  360,  164,  729,  483,  696,  694,  922,  329,  269,  820,    0,  625,  404,  269,  403,  224,  395,  204,  332,  494,   84,  420,  431,  233,  355,  503,  623,  821,  452,  154,  355],
        [  884,  884, 1212,  716,  983,  743,  708,  580,  170, 1106,  434,  869,  503,  847,  498,  766,  915,  303,  523,  904,  753,  883,  692,  894,  770,  860,  833,  857, 1171,  625,    0,  975,  894,  463,  487,  283,  421,  947,  132,  678,  247,  975,  617,  924,  720,  450, 1140,  349,  653,  475],
        [  738,  738,  522,  846,  120,  846,  324,  405,  863,  553,  544,  421,  546, 1038,  518,  210,  134,  748,  546,   83,  242,  639,  487,  584,  679,  925,  168,  418,  537,  404,  975,    0,  246,  592,  627,  788,  579,  151,  847,  324,  736,   63,  370,   52,  485,  798,  565,  697,  507,  552],
        [  898,  898,  764,  956,  149,  962,  414,  330,  819,  779,  499,  176,  403, 1158,  398,  254,  338,  621,  588,  264,  181,  809,  600,  761,  815, 1061,  304,  172,  774,  269,  894,  246,    0,  614,  461,  657,  473,  102,  763,  228,  682,  303,  388,  222,  610,  838,  795,  690,  306,  565],
        [  483,  483,  750,  408,  642,  426,  277,  307,  308,  647,  173,  680,  393,  604,  344,  395,  498,  409,   61,  511,  434,  451,  231,  449,  363,  548,  428,  668,  709,  403,  463,  592,  614,    0,  465,  438,  306,  622,  366,  395,  231,  572,  232,  547,  260,  225,  680,  119,  532,   49],
        [  929,  929, 1039,  871,  587,  890,  507,  264,  481,  987,  294,  391,   94, 1062,  144,  454,  629,  185,  489,  583,  387,  875,  624,  854,  813, 1012,  546,  381, 1021,  224,  487,  627,  461,  465,    0,  212,  159,  542,  369,  307,  359,  654,  397,  578,  650,  646, 1015,  455,  173,  428],
        [  920,  920, 1130,  811,  768,  834,  590,  386,  320, 1052,  309,  603,  254,  983,  271,  591,  761,   40,  485,  730,  548,  887,  650,  879,  799,  959,  674,  592, 1101,  395,  283,  788,  657,  438,  212,    0,  213,  727,  182,  466,  241,  803,  480,  737,  678,  554, 1084,  375,  384,  421],
        [  776,  776,  927,  713,  569,  731,  386,  175,  366,  860,  137,  462,  102,  905,   78,  379,  549,  173,  333,  518,  343,  727,  478,  709,  658,  854,  462,  450,  903,  204,  421,  579,  473,  306,  159,  213,    0,  530,  291,  263,  230,  591,  274,  527,  504,  492,  890,  303,  263,  270],
        [  851,  851,  673,  932,   48,  935,  387,  369,  857,  699,  532,  275,  474, 1130,  459,  232,  263,  689,  587,  190,  198,  757,  570,  706,  778, 1026,  251,  273,  687,  332,  947,  151,  102,  622,  542,  727,  530,    0,  816,  270,  722,  212,  391,  140,  575,  842,  713,  711,  397,  576],
        [  822,  822, 1109,  681,  852,  706,  591,  450,  146, 1012,  309,  742,  375,  835,  367,  639,  792,  190,  425,  778,  623,  808,  597,  812,  704,  829,  709,  731, 1072,  494,  132,  847,  763,  366,  369,  182,  291,  816,    0,  547,  137,  849,  494,  796,  625,  413, 1045,  266,  529,  369],
        [  750,  750,  750,  767,  307,  777,  262,  103,  594,  720,  272,  292,  223,  969,  196,  154,  326,  427,  379,  277,   83,  673,  434,  636,  650,  886,  247,  281,  741,   84,  678,  324,  228,  395,  307,  466,  263,  270,  547,    0,  457,  348,  189,  274,  451,  620,  744,  464,  225,  346],
        [  696,  696,  974,  572,  754,  596,  462,  355,  139,  876,  194,  690,  330,  743,  304,  527,  670,  225,  288,  663,  525,  676,  461,  678,  576,  720,  589,  678,  936,  420,  247,  736,  682,  231,  359,  241,  230,  722,  137,  457,    0,  733,  373,  686,  489,  314,  909,  139,  492,  234],
        [  683,  683,  463,  801,  182,  800,  297,  417,  855,  491,  542,  477,  569,  990,  537,  214,   84,  763,  522,   74,  268,  584,  446,  528,  630,  874,  146,  472,  476,  431,  975,   63,  303,  572,  654,  803,  591,  212,  849,  348,  733,    0,  361,   85,  442,  770,  503,  682,  546,  535],
        [  568,  568,  653,  579,  411,  589,  113,  143,  494,  591,  187,  480,  304,  782,  254,  166,  299,  441,  200,  293,  208,  497,  250,  467,  464,  698,  217,  469,  630,  233,  617,  370,  388,  232,  397,  480,  274,  391,  494,  189,  373,  361,    0,  322,  271,  453,  620,  328,  385,  186],
        [  720,  720,  543,  816,  124,  817,  284,  353,  814,  561,  493,  395,  496, 1011,  467,  160,  123,  697,  502,   52,  192,  623,  455,  570,  654,  901,  130,  390,  553,  355,  924,   52,  222,  547,  578,  737,  527,  140,  796,  274,  686,   85,  322,    0,  456,  756,  575,  649,  463,  505],
        [  299,  299,  497,  362,  576,  362,  198,  411,  559,  388,  375,  734,  561,  557,  509,  357,  358,  645,  201,  406,  442,  228,   29,  205,  206,  452,  328,  723,  453,  503,  720,  485,  610,  260,  650,  678,  504,  575,  625,  451,  489,  442,  271,  456,    0,  369,  421,  372,  656,  261],
        [  443,  443,  849,  269,  859,  295,  475,  529,  284,  719,  377,  902,  590,  430,  547,  612,  690,  537,  256,  715,  658,  461,  350,  487,  337,  417,  631,  890,  797,  623,  450,  798,  838,  225,  646,  554,  492,  842,  413,  620,  314,  770,  453,  756,  369,    0,  753,  192,  741,  274],
        [  388,  388,  126,  608,  685,  589,  508,  753,  977,   34,  775,  962,  922,  724,  873,  597,  457, 1047,  621,  532,  692,  312,  449,  270,  436,  590,  510,  955,   62,  821, 1140,  565,  795,  680, 1015, 1084,  890,  713, 1045,  744,  909,  503,  620,  575,  421,  753,    0,  791,  969,  677],
        [  558,  558,  866,  437,  736,  460,  391,  365,  190,  758,  199,  732,  402,  616,  362,  493,  610,  353,  180,  617,  517,  543,  344,  549,  439,  585,  536,  720,  824,  452,  349,  697,  690,  119,  455,  375,  303,  711,  266,  464,  139,  682,  328,  649,  372,  192,  791,    0,  557,  148],
        [  951,  951,  972,  934,  444,  949,  479,  246,  625,  944,  365,  219,  162, 1134,  196,  375,  541,  355,  538,  481,  286,  882,  635,  850,  843, 1066,  467,  209,  965,  154,  653,  507,  306,  532,  173,  384,  263,  397,  529,  225,  492,  546,  385,  463,  656,  741,  969,  557,    0,  486],
        [  508,  508,  740,  450,  597,  467,  244,  258,  330,  645,  134,  631,  352,  648,  302,  351,  463,  389,   66,  471,  387,  468,  233,  459,  389,  587,  389,  619,  703,  355,  475,  552,  565,   49,  428,  421,  270,  576,  369,  346,  234,  535,  186,  505,  261,  274,  677,  148,  486,    0]
    ]
}
