{
    "name": "random-4-17977",
    "comment": "size=4 seed=17977",
    "nodes": ["+0", "-0", "+1", "-1", "+2", "-2", "+3", "-3", "+4", "-4"],
    "precedence": {
        "+0": "-0",
        "+1": "-1",
        "+2": "-2",
        "+3": "-3",
        "+4": "-4"
    },
    "edges": [
        [    0,    0,  631,  449,  189,  600,  631,  116,  183,  162],
        [    0,    0,  631,  449,  189,  600,  631,  116,  183,  162],
        [  631,  631,    0,  575,  649,  172,  516,  596,  807,  772],
        [  449,  449,  575,    0,  618,  432,  220,  335,  596,  466],
        [  189,  189,  649,  618,    0,  667,  776,  297,  226,  312],
        [  600,  600,  172,  432,  667,    0,  346,  536,  782,  718],
        [  631,  631,  516,  220,  776,  346,    0,  523,  794,  675],
        [  116,  116,  596,  335,  297,  536,  523,    0,  273,  182],
        [  183,  183,  807,  596,  226,  782,  794,  273,    0,  150],
        [  162,  162,  772,  466,  312,  718,  675,  182,  150,    0]
    ]
}
