{
    "name": "random-48-10429",
    "comment": "size=48 seed=10429",
    "nodes": ["+0", "-0", "+1", "-1", "+2", "-2", "+3", "-3", "+4", "-4", "+5", "-5", "+6", "-6", "+7", "-7", "+8", "-8", "+9", "-9", "+10", "-10", "+11", "-11", "+12", "-12", "+13", "-13", "+14", "-14", "+15", "-15", "+16", "-16", "+17", "-17", "+18", "-18", "+19", "-19", "+20", "-20", "+21", "-21", "+22", "-22", "+23", "-23", "+24", "-24", "+25", "-25", "+26", "-26", "+27", "-27", "+28", "-28", "+29", "-29", "+30", "-30", "+31", "-31", "+32", "-32", "+33", "-33", "+34", "-34", "+35", "-35", "+36", "-36", "+37", "-37", "+38", "-38", "+39", "-39", "+40", "-40", "+41", "-41", "+42", "-42", "+43", "-43", "+44", "-44", "+45", "-45", "+46", "-46", "+47", "-47", "+48", "-48"],
    "precedence": {
        "+0": "-0",
        "+1": "-1",
        "+2": "-2",
        "+3": "-3",
        "+4": "-4",
        "+5": "-5",
        "+6": "-6",
        "+7": "-7",
        "+8": "-8",
        "+9": "-9",
        "+10": "-10",
        "+11": "-11",
        "+12": "-12",
        "+13": "-13",
        "+14": "-14",
        "+15": "-15",
        "+16": "-16",
        "+17": "-17",
        "+18": "-18",
        "+19": "-19",
        "+20": "-20",
        "+21": "-21",
        "+22": "-22",
        "+23": "-23",
        "+24": "-24",
        "+25": "-25",
        "+26": "-26",
        "+27": "-27",
        "+28": "-28",
        "+29": "-29",
        "+30": "-30",
        "+31": "-31",
        "+32": "-32",
        "+33": "-33",
        "+34": "-34",
        "+35": "-35",
        "+36": "-36",
        "+37": "-37",
        "+38": "-38",
        "+39": "-39",
        "+40": "-40",
        "+41": "-41",
        "+42": "-42",
        "+43": "-43",
        "+44": "-44",
        "+45": "-45",
        "+46": "-46",
        "+47": "-47",
        "+48": "-48"
    },
    "edges": [
        [    0,    0,  201,  276,  422,  254,  687,  161,  754,  492,  405,  285,  228,  897,  188,  489,  790,  126,  663,  783,  307,  765,  622,  184,  136,  907,  976, 1043,  808,  726,  740,  142,  702,  539,  665,  678,  121,  147,  604,  570,  588,  679,  945,  178,  597,  798,  448,  356,  346,  204,  901,  773,  431,  636,  206,  227,  721,  438,  686,   50,  193,  689,  613,  211,  330,  261,  246,  399,  607,  507,  439,  209,  724,  446,  550,  625,  747, 1013,  529,  648,  717,  877,  202,   91,  288,  795,  801,  868,  371,  478,  876,  439,  893,  294,  999,  231,  622,  359],
        [    0,    0,    0,    0,    0,    0,    0,    0,    0,    0,    0,    0,    0,    0,    0,    0,    0,    0,    0,    0,    0,    0,    0,    0,    0,    0,    0,    0,    0,    0,    0,    0,    0,    0,    0,    0,    0,    0,    0,    0,    0,    0,    0,    0,    0,    0,    0,    0,    0,    0,    0,    0,    0,    0,    0,    0,    0,    0,    0,    0,    0,    0,    0,    0,    0,    0,    0,    0,    0,    0,    0,    0,    0,    0,    0,    0,    0,    0,    0,    0,    0,    0,    0,    0,    0,    0,    0,    0,    0,    0,    0,    0,    0,    0,    0,    0,    0,    0],
        [  201,    0,    0,  115,  465,  176,  495,  260,  797,  417,  372,   90,  425,  791,  299,  577,  650,  313,  534,  606,  128,  631,  423,  315,  106,  782,  807,  881,  731,  535,  749,  217,  536,  607,  639,  725,   81,  269,  438,  390,  557,  495,  787,  224,  581,  652,  390,  473,  249,  401,  735,  673,  456,  620,  200,   48,  548,  330,  513,  248,   55,  566,  413,   69,  142,  419,   93,  214,  459,  307,  278,  345,  707,  468,  542,  435,  566,  853,  329,  531,  708,  762,    3,  290,  232,  670,  725,  685,  280,  281,  728,  531,  770,  306,  839,  213,  429,  237],
        [  276,    0,  115,    0,  408,  104,  486,  368,  727,  311,  286,   70,  502,  677,  304,  538,  537,  399,  420,  509,  189,  517,  371,  420,  217,  668,  705,  775,  620,  453,  665,  326,  431,  556,  544,  659,  165,  374,  474,  295,  463,  506,  679,  215,  491,  541,  292,  458,  345,  477,  631,  559,  391,  529,  169,  147,  571,  218,  538,  325,  168,  452,  375,  179,   70,  437,   30,  245,  347,  275,  168,  450,  614,  402,  456,  433,  472,  746,  291,  416,  618,  647,  115,  365,  340,  556,  615,  593,  176,  274,  617,  498,  656,  252,  732,  168,  352,  126],
        [  422,    0,  465,  408,    0,  305,  880,  583,  337,  266,  167,  476,  526,  614,  242,  148,  605,  502,  481,  714,  583,  572,  726,  598,  501,  663,  849,  884,  482,  730,  322,  561,  613,  148,  282,  263,  429,  566,  881,  569,  227,  909,  789,  257,  212,  629,  219,  175,  708,  508,  771,  497,   40,  243,  266,  512,  978,  322,  945,  439,  507,  484,  748,  528,  470,  285,  403,  652,  491,  664,  440,  618,  324,   48,  165,  833,  703,  848,  673,  442,  309,  617,  467,  449,  673,  571,  473,  813,  284,  677,  698,  130,  647,  160,  837,  253,  662,  340],
        [  254,    0,  176,  104,  305,    0,  587,  385,  629,  251,  197,  171,  465,  648,  220,  435,  537,  378,  409,  549,  282,  512,  458,  426,  251,  653,  733,  795,  570,  515,  575,  347,  460,  452,  465,  559,  179,  382,  577,  349,  383,  609,  697,  132,  406,  546,  219,  360,  424,  441,  656,  525,  290,  445,   78,  221,  675,  185,  642,  299,  227,  435,  469,  244,  170,  355,   99,  347,  357,  374,  206,  454,  532,  301,  367,  536,  520,  764,  387,  394,  533,  625,  177,  334,  405,  542,  564,  641,  119,  377,  624,  395,  640,  149,  750,   68,  422,  109],
        [  687,    0,  495,  486,  880,  587,    0,  673, 1168,  693,  730,  432,  896,  876,  783, 1019,  668,  780,  635,  482,  382,  674,  199,  734,  559,  814,  657,  749,  903,  352, 1078,  636,  501, 1027,  931, 1110,  573,  696,  188,  388,  861,   82,  690,  697,  901,  647,  706,  944,  434,  875,  623,  804,  856,  933,  654,  462,  163,  591,  153,  731,  495,  671,  152,  479,  418,  910,  503,  291,  541,  217,  458,  758, 1001,  863,  882,   64,  435,  739,  209,  667, 1015,  827,  493,  772,  501,  732,  902,  487,  603,  216,  691,  981,  810,  733,  726,  653,  305,  542],
        [  161,    0,  260,  368,  583,  385,  673,    0,  914,  634,  557,  347,  243, 1031,  347,  644,  904,  139,  784,  865,  308,  883,  655,   62,  154, 1031, 1067, 1140,  953,  787,  901,   44,  795,  697,  822,  838,  210,   30,  550,  648,  743,  645, 1045,  336,  755,  908,  595,  507,  261,  229,  994,  909,  591,  794,  355,  255,  669,  566,  635,  154,  218,  813,  633,  223,  401,  396,  341,  390,  715,  531,  536,   90,  883,  606,  709,  609,  823, 1112,  556,  774,  876, 1006,  260,  169,  190,  919,  946,  940,  503,  485,  985,  595, 1018,  452, 1098,  379,  680,  478],
        [  754,    0,  797,  727,  337,  629, 1168,  914,    0,  480,  445,  796,  819,  616,  568,  289,  714,  819,  629,  889,  910,  681,  992,  922,  838,  699,  961,  964,  466,  947,  135,  894,  794,  223,  276,   77,  766,  895, 1196,  809,  320, 1209,  885,  594,  275,  745,  462,  431, 1043,  805,  893,  544,  342,  254,  600,  844, 1284,  578, 1253,  765,  842,  611, 1024,  862,  780,  563,  727,  971,  685,  956,  711,  939,  233,  329,  287, 1129,  896,  929,  960,  583,  204,  645,  799,  768, 1010,  651,  457,  983,  571,  981,  792,  335,  685,  492,  921,  585,  907,  633],
        [  492,    0,  417,  311,  266,  251,  693,  634,  480,    0,  114,  375,  676,  409,  381,  410,  348,  609,  219,  451,  496,  316,  513,  671,  501,  432,  586,  626,  320,  480,  386,  598,  350,  385,  245,  429,  430,  629,  743,  332,  170,  740,  529,  325,  209,  369,   54,  421,  655,  653,  508,  284,  228,  241,  286,  456,  819,  106,  789,  530,  471,  229,  546,  485,  340,  489,  326,  532,  228,  485,  237,  698,  316,  226,  194,  658,  443,  592,  486,  184,  326,  395,  418,  559,  648,  327,  313,  550,  138,  520,  441,  395,  417,  228,  579,  261,  429,  188],
        [  405,    0,  372,  286,  167,  197,  730,  557,  445,  114,    0,  356,  573,  513,  273,  315,  462,  515,  332,  551,  474,  430,  566,  588,  440,  543,  697,  740,  407,  563,  380,  525,  450,  305,  270,  382,  365,  548,  751,  403,  189,  766,  642,  230,  209,  482,   61,  309,  620,  550,  618,  388,  133,  248,  203,  417,  840,  156,  808,  439,  423,  342,  592,  441,  335,  376,  291,  528,  328,  515,  279,  613,  336,  137,  171,  687,  538,  705,  521,  298,  336,  503,  374,  463,  600,  440,  399,  650,  127,  536,  555,  292,  528,  121,  693,  179,  497,  189],
        [  285,    0,   90,   70,  476,  171,  432,  347,  796,  375,  356,    0,  511,  726,  352,  602,  573,  402,  463,  518,  121,  556,  339,  404,  194,  710,  720,  796,  679,  446,  734,  304,  451,  623,  612,  728,  165,  357,  406,  302,  531,  445,  702,  266,  560,  573,  360,  515,  283,  488,  649,  612,  460,  598,  226,   99,  507,  277,  473,  334,  131,  497,  335,  134,   55,  480,   75,  177,  382,  230,  200,  434,  682,  470,  526,  376,  477,  769,  250,  465,  686,  693,   89,  376,  287,  599,  674,  595,  243,  217,  647,  560,  698,  318,  754,  230,  340,  188],
        [  228,    0,  425,  502,  526,  465,  896,  243,  819,  676,  573,  511,    0, 1084,  302,  531,  998,  117,  868, 1007,  517,  971,  847,  197,  340, 1104, 1197, 1260,  977,  952,  841,  268,  923,  597,  802,  744,  347,  215,  788,  795,  734,  877, 1161,  354,  731, 1010,  626,  389,  503,   25, 1120,  958,  550,  766,  400,  443,  907,  643,  873,  178,  407,  890,  835,  421,  557,  257,  472,  607,  821,  729,  661,  190,  850,  564,  683,  833,  972, 1228,  752,  847,  835, 1070,  426,  137,  432,  995,  969, 1094,  573,  694, 1087,  485, 1090,  452, 1214,  423,  849,  573],
        [  897,    0,  791,  677,  614,  648,  876, 1031,  616,  409,  513,  726, 1084,    0,  786,  723,  210, 1016,  267,  421,  835,  202,  679, 1074,  888,   95,  387,  362,  152,  539,  482,  992,  375,  668,  371,  615,  822, 1029,  995,  506,  392,  947,  305,  733,  422,  236,  458,  789, 1002, 1061,  342,  126,  577,  410,  693,  821, 1032,  466, 1012,  938,  844,  231,  729,  854,  676,  882,  700,  837,  361,  726,  531, 1101,  387,  567,  459,  869,  457,  330,  712,  261,  417,   53,  792,  967, 1012,  145,  161,  480,  529,  783,  230,  731,   86,  633,  327,  668,  572,  556],
        [  188,    0,  299,  304,  242,  220,  783,  347,  568,  381,  273,  352,  302,  786,    0,  303,  718,  262,  586,  761,  426,  688,  673,  357,  294,  812,  935,  989,  676,  735,  563,  330,  668,  351,  505,  491,  235,  328,  737,  567,  435,  791,  890,   91,  435,  733,  329,  178,  512,  280,  856,  661,  257,  472,  143,  343,  847,  367,  812,  199,  324,  603,  679,  345,  373,  135,  283,  511,  554,  577,  424,  377,  558,  272,  386,  726,  735,  956,  594,  559,  546,  775,  302,  208,  464,  706,  668,  856,  298,  568,  809,  253,  798,  154,  942,  157,  642,  319],
        [  489,    0,  577,  538,  148,  435, 1019,  644,  289,  410,  315,  602,  531,  723,  303,    0,  740,  539,  620,  860,  701,  706,  871,  645,  593,  782,  988, 1016,  580,  878,  335,  631,  759,   72,  361,  216,  527,  623, 1007,  716,  333, 1043,  923,  355,  302,  765,  365,  144,  808,  517,  910,  614,  184,  320,  380,  624, 1109,  470, 1075,  492,  613,  620,  891,  634,  603,  275,  528,  777,  637,  803,  586,  660,  378,  185,  266,  969,  850,  981,  814,  579,  354,  733,  579,  489,  765,  699,  570,  959,  429,  811,  831,   50,  767,  287,  970,  373,  809,  484],
        [  790,    0,  650,  537,  605,  537,  668,  904,  714,  348,  462,  573,  998,  210,  718,  740,    0,  914,  132,  215,  669,   35,  473,  954,  753,  150,  252,  279,  286,  329,  584,  863,  168,  700,  440,  691,  696,  907,  796,  312,  420,  741,  184,  647,  463,   33,  401,  767,  835,  974,  180,  183,  566,  468,  599,  671,  827,  356,  808,  835,  700,  121,  524,  706,  519,  834,  564,  657,  191,  532,  374,  983,  486,  560,  482,  665,  248,  244,  516,  165,  512,  160,  650,  870,  855,   75,  290,  287,  426,  592,   94,  733,  144,  569,  232,  576,  367,  432],
        [  126,    0,  313,  399,  502,  378,  780,  139,  819,  609,  515,  402,  117, 1016,  262,  539,  914,    0,  787,  907,  401,  889,  734,  112,  224, 1029, 1102, 1168,  920,  846,  823,  156,  827,  598,  764,  743,  239,  110,  674,  693,  690,  761, 1071,  286,  694,  923,  562,  396,  392,   97, 1026,  891,  518,  731,  323,  329,  793,  561,  758,   80,  292,  812,  721,  305,  450,  273,  370,  490,  732,  615,  564,  123,  818,  533,  646,  716,  870, 1138,  638,  770,  807,  998,  315,   54,  323,  918,  913,  991,  493,  578, 1001,  489, 1015,  397, 1124,  348,  741,  484],
        [  663,    0,  534,  420,  481,  409,  635,  784,  629,  219,  332,  463,  868,  267,  586,  620,  132,  787,    0,  261,  569,  104,  437,  831,  635,  248,  369,  408,  268,  335,  507,  743,  169,  586,  355,  595,  575,  785,  738,  250,  317,  700,  311,  516,  362,  150,  272,  639,  737,  844,  291,  171,  442,  376,  469,  560,  785,  226,  762,  708,  586,   38,  484,  594,  412,  702,  445,  571,   97,  466,  266,  860,  413,  438,  372,  619,  272,  374,  455,   46,  436,  231,  534,  741,  749,  136,  268,  355,  296,  520,  225,  610,  237,  437,  361,  445,  333,  307],
        [  783,    0,  606,  509,  714,  549,  482,  865,  889,  451,  551,  518, 1007,  421,  761,  860,  215,  907,  261,    0,  585,  235,  302,  921,  711,  344,  207,  291,  495,  131,  767,  822,  102,  834,  615,  854,  671,  875,  634,  217,  575,  561,  213,  677,  620,  186,  496,  854,  737,  982,  148,  390,  677,  636,  624,  612,  644,  405,  631,  832,  648,  282,  354,  647,  465,  891,  538,  545,  224,  396,  346,  951,  672,  676,  627,  492,   51,  272,  374,  307,  695,  369,  606,  871,  773,  289,  498,  100,  468,  460,  212,  842,  344,  632,  258,  606,  212,  444],
        [  307,    0,  128,  189,  583,  282,  382,  308,  910,  496,  474,  121,  517,  835,  426,  701,  669,  401,  569,  585,    0,  656,  348,  369,  178,  812,  791,  872,  795,  491,  853,  267,  532,  728,  732,  841,  198,  327,  311,  375,  651,  373,  782,  351,  680,  666,  480,  600,  168,  496,  725,  725,  571,  718,  322,   85,  422,  396,  387,  350,  114,  605,  326,   98,  162,  543,  184,   92,  482,  224,  304,  397,  802,  583,  644,  319,  539,  847,  249,  576,  806,  799,  125,  390,  190,  703,  791,  650,  363,  179,  737,  657,  801,  424,  833,  332,  385,  308],
        [  765,    0,  631,  517,  572,  512,  674,  883,  681,  316,  430,  556,  971,  202,  688,  706,   35,  889,  104,  235,  656,    0,  477,  931,  733,  156,  286,  313,  261,  342,  552,  842,  175,  666,  407,  657,  675,  886,  796,  308,  386,  746,  218,  619,  429,   64,  369,  735,  823,  947,  213,  156,  532,  435,  572,  654,  831,  330,  811,  810,  682,   88,  528,  688,  503,  803,  543,  648,  175,  528,  357,  960,  454,  527,  448,  668,  264,  277,  514,  132,  480,  155,  631,  844,  840,   58,  264,  314,  399,  588,  127,  699,  147,  539,  266,  549,  371,  408],
        [  622,    0,  423,  371,  726,  458,  199,  655,  992,  513,  566,  339,  847,  679,  673,  871,  473,  734,  437,  302,  348,  477,    0,  716,  514,  620,  496,  586,  705,  176,  894,  613,  306,  870,  744,  938,  502,  672,  333,  192,  678,  269,  515,  583,  720,  454,  534,  816,  470,  824,  449,  606,  697,  749,  534,  407,  354,  417,  336,  670,  445,  473,   53,  435,  303,  807,  395,  280,  344,  125,  288,  744,  813,  703,  705,  193,  252,  571,  100,  470,  829,  631,  421,  713,  521,  534,  704,  333,  443,  182,  504,  838,  616,  592,  557,  526,  107,  388],
        [  184,    0,  315,  420,  598,  426,  734,   62,  922,  671,  588,  404,  197, 1074,  357,  645,  954,  112,  831,  921,  369,  931,  716,    0,  211, 1077, 1122, 1194,  989,  846,  918,  103,  850,  702,  848,  846,  258,   47,  608,  705,  771,  704, 1099,  361,  779,  959,  630,  505,  317,  187, 1049,  950,  610,  818,  388,  314,  726,  610,  693,  159,  277,  859,  695,  283,  457,  384,  392,  451,  766,  592,  588,   30,  906,  625,  732,  670,  880, 1166,  617,  819,  897, 1051,  316,  157,  245,  965,  982,  998,  545,  547, 1036,  596, 1064,  477, 1152,  412,  739,  524],
        [  136,    0,  106,  217,  501,  251,  559,  154,  838,  501,  440,  194,  340,  888,  294,  593,  753,  224,  635,  711,  178,  733,  514,  211,    0,  883,  913,  987,  819,  637,  805,  111,  642,  634,  709,  764,   75,  164,  469,  495,  628,  545,  892,  245,  646,  756,  468,  472,  218,  318,  841,  768,  500,  685,  244,  107,  585,  423,  550,  174,   70,  666,  498,   81,  247,  391,  191,  269,  563,  392,  383,  240,  774,  514,  603,  496,  670,  959,  416,  629,  771,  861,  107,  214,  173,  771,  813,  788,  366,  355,  833,  545,  871,  351,  945,  264,  530,  332],
        [  907,    0,  782,  668,  663,  653,  814, 1031,  699,  432,  543,  710, 1104,   95,  812,  782,  150, 1029,  248,  344,  812,  156,  620, 1077,  883,    0,  292,  270,  235,  468,  565,  991,  315,  732,  442,  692,  822, 1032,  945,  461,  450,  888,  210,  751,  485,  167,  484,  835,  978, 1081,  250,  169,  624,  478,  707,  807,  973,  469,  956,  950,  834,  219,  672,  841,  657,  918,  693,  803,  330,  680,  511, 1106,  468,  616,  516,  813,  385,  237,  665,  260,  497,   55,  782,  982,  995,  113,  243,  394,  537,  741,  140,  785,   16,  660,  232,  683,  515,  554],
        [  976,    0,  807,  705,  849,  733,  657, 1067,  961,  586,  697,  720, 1197,  387,  935,  988,  252, 1102,  369,  207,  791,  286,  496, 1122,  913,  292,    0,   92,  512,  321,  829, 1023,  275,  950,  689,  941,  869, 1075,  824,  420,  671,  739,   82,  856,  714,  224,  638, 1005,  942, 1172,   80,  419,  810,  719,  804,  816,  818,  569,  809, 1025,  850,  369,  546,  851,  666, 1059,  734,  750,  381,  599,  538, 1152,  730,  806,  733,  678,  254,   88,  576,  409,  758,  340,  807, 1063,  979,  310,  518,  171,  638,  664,  170,  978,  301,  795,   80,  784,  416,  625],
        [ 1043,    0,  881,  775,  884,  795,  749, 1140,  964,  626,  740,  796, 1260,  362,  989, 1016,  279, 1168,  408,  291,  872,  313,  586, 1194,  987,  270,   92,    0,  503,  410,  830, 1097,  345,  974,  698,  951,  939, 1148,  915,  498,  691,  830,   99,  914,  731,  259,  679, 1046, 1026, 1235,  147,  422,  845,  731,  863,  893,  910,  623,  901, 1090,  926,  400,  636,  927,  741, 1109,  804,  835,  439,  686,  607, 1224,  732,  839,  755,  769,  340,   36,  663,  444,  761,  323,  881, 1128, 1060,  321,  510,  262,  693,  750,  186, 1011,  282,  844,   48,  841,  502,  687],
        [  808,    0,  731,  620,  482,  570,  903,  953,  466,  320,  407,  679,  977,  152,  676,  580,  286,  920,  268,  495,  795,  261,  705,  989,  819,  235,  512,  503,    0,  593,  331,  917,  423,  521,  222,  464,  749,  947,  998,  517,  256,  967,  432,  635,  279,  318,  360,  657,  961,  955,  454,  106,  447,  262,  602,  767, 1051,  403, 1027,  844,  785,  233,  751,  798,  635,  759,  639,  814,  362,  726,  500, 1016,  236,  436,  321,  885,  520,  469,  718,  238,  266,  181,  732,  869,  960,  212,   10,  573,  454,  776,  343,  592,  221,  526,  462,  577,  600,  495],
        [  726,    0,  535,  453,  730,  515,  352,  787,  947,  480,  563,  446,  952,  539,  735,  878,  329,  846,  335,  131,  491,  342,  176,  846,  637,  468,  321,  410,  593,    0,  833,  744,  171,  862,  680,  904,  608,  800,  507,  168,  628,  431,  341,  646,  673,  304,  516,  851,  632,  928,  274,  489,  695,  694,  593,  533,  514,  408,  501,  775,  569,  365,  227,  565,  397,  868,  481,  439,  263,  283,  312,  875,  743,  697,  670,  363,   84,  395,  259,  377,  764,  488,  534,  816,  675,  399,  595,  161,  459,  347,  341,  853,  466,  623,  382,  579,  108,  419],
        [  740,    0,  749,  665,  322,  575, 1078,  901,  135,  386,  380,  734,  841,  482,  563,  335,  584,  823,  507,  767,  853,  552,  894,  918,  805,  565,  829,  830,  331,  833,    0,  876,  675,  263,  154,  148,  731,  886, 1123,  706,  217, 1125,  752,  568,  178,  616,  381,  460,  997,  824,  763,  411,  310,  145,  562,  795, 1203,  490, 1173,  760,  798,  487,  930,  817,  710,  589,  670,  904,  572,  870,  622,  939,   99,  295,  209, 1043,  777,  795,  871,  462,   73,  511,  751,  770,  973,  520,  323,  858,  496,  902,  660,  369,  551,  456,  788,  543,  803,  558],
        [  142,    0,  217,  326,  561,  347,  636,   44,  894,  598,  525,  304,  268,  992,  330,  631,  863,  156,  743,  822,  267,  842,  613,  103,  111,  991, 1023, 1097,  917,  744,  876,    0,  752,  680,  792,  818,  170,   61,  521,  605,  712,  612, 1003,  308,  726,  866,  560,  497,  237,  251,  951,  871,  566,  765,  323,  212,  639,  527,  605,  148,  175,  773,  593,  180,  358,  392,  299,  351,  673,  490,  493,  132,  854,  581,  680,  572,  780, 1070,  514,  735,  848,  967,  217,  173,  168,  878,  910,  897,  466,  445,  943,  581,  978,  423, 1055,  347,  637,  438],
        [  702,    0,  536,  431,  613,  460,  501,  795,  794,  350,  450,  451,  923,  375,  668,  759,  168,  827,  169,  102,  532,  175,  306,  850,  642,  315,  275,  345,  423,  171,  675,  752,    0,  733,  522,  757,  595,  803,  631,  159,  478,  574,  252,  586,  523,  150,  395,  755,  693,  898,  200,  318,  576,  540,  533,  548,  659,  307,  641,  750,  581,  196,  357,  583,  396,  796,  460,  507,  123,  371,  264,  879,  581,  575,  527,  498,  103,  318,  353,  213,  604,  326,  536,  789,  721,  232,  425,  201,  372,  434,  210,  741,  311,  534,  304,  514,  200,  353],
        [  539,    0,  607,  556,  148,  452, 1027,  697,  223,  385,  305,  623,  597,  668,  351,   72,  700,  598,  586,  834,  728,  666,  870,  702,  634,  732,  950,  974,  521,  862,  263,  680,  733,    0,  300,  148,  565,  677, 1028,  706,  284, 1057,  883,  390,  247,  727,  347,  209,  846,  583,  874,  563,  173,  260,  407,  655, 1126,  459, 1093,  546,  647,  582,  894,  667,  617,  341,  549,  799,  613,  811,  582,  719,  311,  168,  219,  980,  828,  938,  820,  543,  286,  681,  609,  547,  806,  654,  512,  932,  428,  825,  789,  113,  716,  305,  928,  397,  801,  486],
        [  665,    0,  639,  544,  282,  465,  931,  822,  276,  245,  270,  612,  802,  371,  505,  361,  440,  764,  355,  615,  732,  407,  744,  848,  709,  442,  689,  698,  222,  680,  154,  792,  522,  300,    0,  254,  634,  811,  987,  555,   82,  982,  615,  488,   71,  471,  253,  451,  886,  782,  619,  277,  254,   42,  470,  683, 1062,  351, 1033,  693,  691,  336,  782,  708,  581,  566,  554,  775,  419,  728,  480,  871,   72,  239,  120,  900,  625,  663,  727,  310,   85,  389,  641,  711,  869,  381,  212,  708,  370,  764,  521,  377,  426,  371,  654,  447,  652,  428],
        [  678,    0,  725,  659,  263,  559, 1110,  838,   77,  429,  382,  728,  744,  615,  491,  216,  691,  743,  595,  854,  841,  657,  938,  846,  764,  692,  941,  951,  464,  904,  148,  818,  757,  148,  254,    0,  692,  819, 1131,  760,  280, 1147,  868,  519,  235,  721,  405,  356,  970,  730,  870,  530,  270,  223,  527,  773, 1221,  522, 1189,  689,  769,  582,  968,  789,  714,  488,  658,  904,  643,  895,  654,  863,  230,  259,  235, 1068,  857,  916,  901,  550,  200,  639,  727,  691,  936,  634,  455,  950,  508,  918,  774,  260,  677,  420,  907,  513,  857,  570],
        [  121,    0,   81,  165,  429,  179,  573,  210,  766,  430,  365,  165,  347,  822,  235,  527,  696,  239,  575,  671,  198,  675,  502,  258,   75,  822,  869,  939,  749,  608,  731,  170,  595,  565,  634,  692,    0,  212,  506,  456,  553,  571,  843,  175,  571,  702,  395,  413,  282,  323,  795,  701,  427,  611,  169,  114,  619,  357,  584,  169,   90,  604,  494,  111,  212,  346,  136,  288,  508,  387,  332,  287,  699,  441,  528,  512,  633,  910,  409,  565,  696,  797,   83,  212,  244,  710,  742,  754,  296,  361,  779,  480,  809,  277,  896,  189,  503,  268],
        [  147,    0,  269,  374,  566,  382,  696,   30,  895,  629,  548,  357,  215, 1029,  328,  623,  907,  110,  785,  875,  327,  886,  672,   47,  164, 1032, 1075, 1148,  947,  800,  886,   61,  803,  677,  811,  819,  212,    0,  577,  658,  733,  670, 1052,  323,  743,  913,  588,  485,  289,  200, 1002,  906,  576,  782,  347,  269,  696,  565,  662,  132,  232,  814,  652,  238,  410,  370,  345,  411,  719,  549,  541,   77,  870,  591,  696,  632,  834, 1119,  574,  774,  863, 1006,  270,  142,  218,  920,  940,  952,  501,  505,  990,  573, 1019,  440, 1105,  371,  693,  479],
        [  604,    0,  438,  474,  881,  577,  188,  550, 1196,  743,  751,  406,  788,  995,  737, 1007,  796,  674,  738,  634,  311,  796,  333,  608,  469,  945,  824,  915,  998,  507, 1123,  521,  631, 1028,  987, 1131,  506,  577,    0,  490,  910,  118,  847,  660,  945,  780,  743,  910,  292,  770,  780,  908,  864,  980,  628,  394,  119,  637,   86,  640,  418,  775,  281,  398,  417,  852,  480,  231,  641,  272,  510,  629, 1058,  874,  917,  148,  585,  901,  284,  761, 1067,  950,  436,  677,  364,  852,  996,  656,  628,  225,  835,  964,  940,  724,  888,  634,  433,  566],
        [  570,    0,  390,  295,  569,  349,  388,  648,  809,  332,  403,  302,  795,  506,  567,  716,  312,  693,  250,  217,  375,  308,  192,  705,  495,  461,  420,  498,  517,  168,  706,  605,  159,  706,  555,  760,  456,  658,  490,    0,  492,  451,  408,  480,  536,  301,  361,  684,  534,  771,  351,  421,  536,  562,  426,  397,  535,  247,  512,  619,  431,  288,  236,  431,  248,  701,  324,  349,  155,  221,  144,  734,  623,  539,  525,  369,  178,  473,  207,  280,  640,  461,  389,  659,  564,  362,  516,  299,  292,  281,  367,  690,  454,  456,  459,  411,   98,  251],
        [  588,    0,  557,  463,  227,  383,  861,  743,  320,  170,  189,  531,  734,  392,  435,  333,  420,  690,  317,  575,  651,  386,  678,  771,  628,  450,  671,  691,  256,  628,  217,  712,  478,  284,   82,  280,  553,  733,  910,  492,    0,  909,  602,  411,   46,  449,  172,  401,  804,  714,  598,  281,  193,   72,  390,  601,  988,  275,  958,  618,  610,  306,  714,  626,  501,  506,  472,  695,  366,  654,  406,  795,  152,  181,   68,  827,  579,  655,  655,  271,  158,  400,  559,  637,  787,  371,  247,  671,  289,  688,  508,  339,  434,  295,  645,  367,  590,  348],
        [  679,    0,  495,  506,  909,  609,   82,  645, 1209,  740,  766,  445,  877,  947,  791, 1043,  741,  761,  700,  561,  373,  746,  269,  704,  545,  888,  739,  830,  967,  431, 1125,  612,  574, 1057,  982, 1147,  571,  670,  118,  451,  909,    0,  770,  709,  947,  722,  748,  959,  394,  857,  703,  871,  887,  980,  670,  457,   86,  635,   71,  719,  486,  737,  219,  468,  441,  914,  518,  283,  605,  255,  503,  727, 1052,  896,  924,   83,  513,  820,  255,  729, 1065,  899,  493,  758,  464,  803,  965,  569,  640,  233,  768, 1003,  884,  757,  807,  672,  375,  578],
        [  945,    0,  787,  679,  789,  697,  690, 1045,  885,  529,  642,  702, 1161,  305,  890,  923,  184, 1071,  311,  213,  782,  218,  515, 1099,  892,  210,   82,   99,  432,  341,  752, 1003,  252,  883,  615,  868,  843, 1052,  847,  408,  602,  770,    0,  815,  643,  161,  582,  949,  940, 1137,   68,  342,  749,  646,  765,  800,  852,  524,  840,  993,  833,  305,  566,  835,  648, 1011,  708,  751,  341,  606,  511, 1128,  653,  744,  665,  703,  263,   68,  585,  348,  682,  259,  786, 1030,  971,  235,  438,  215,  594,  670,   95,  917,  220,  745,   54,  743,  423,  589],
        [  178,    0,  224,  215,  257,  132,  697,  336,  594,  325,  230,  266,  354,  733,   91,  355,  647,  286,  516,  677,  351,  619,  583,  361,  245,  751,  856,  914,  635,  646,  568,  308,  586,  390,  488,  519,  175,  323,  660,  480,  411,  709,  815,    0,  420,  660,  277,  251,  456,  330,  778,  608,  259,  459,   54,  271,  767,  292,  733,  210,  259,  537,  590,  280,  284,  225,  195,  432,  476,  489,  337,  385,  548,  274,  374,  641,  649,  881,  506,  494,  541,  717,  227,  235,  417,  642,  628,  770,  222,  482,  738,  308,  737,  117,  868,   73,  553,  234],
        [  597,    0,  581,  491,  212,  406,  901,  755,  275,  209,  209,  560,  731,  422,  435,  302,  463,  694,  362,  620,  680,  429,  720,  779,  646,  485,  714,  731,  279,  673,  178,  726,  523,  247,   71,  235,  571,  743,  945,  536,   46,  947,  643,  420,    0,  492,  203,  383,  829,  711,  641,  316,  183,   40,  405,  626, 1025,  312,  995,  624,  632,  350,  755,  650,  534,  495,  498,  727,  411,  693,  445,  803,  129,  169,   49,  866,  624,  695,  694,  316,  127,  434,  583,  641,  809,  411,  270,  716,  320,  724,  549,  313,  469,  304,  686,  383,  633,  381],
        [  798,    0,  652,  541,  629,  546,  647,  908,  745,  369,  482,  573, 1010,  236,  733,  765,   33,  923,  150,  186,  666,   64,  454,  959,  756,  167,  224,  259,  318,  304,  616,  866,  150,  727,  471,  721,  702,  913,  780,  301,  449,  722,  161,  660,  492,    0,  421,  789,  830,  986,  150,  215,  590,  498,  611,  671,  807,  369,  789,  844,  701,  146,  506,  706,  518,  851,  568,  649,  194,  519,  375,  988,  517,  585,  509,  647,  222,  224,  502,  188,  544,  185,  652,  880,  853,  106,  322,  255,  439,  580,   78,  757,  164,  586,  212,  588,  349,  440],
        [  448,    0,  390,  292,  219,  219,  706,  595,  462,   54,   61,  360,  626,  458,  329,  365,  401,  562,  272,  496,  480,  369,  534,  630,  468,  484,  638,  679,  360,  516,  381,  560,  395,  347,  253,  405,  395,  588,  743,  361,  172,  748,  582,  277,  203,  421,    0,  368,  635,  603,  559,  333,  182,  240,  243,  432,  825,  117,  794,  485,  443,  282,  563,  459,  331,  436,  303,  525,  273,  494,  249,  656,  323,  182,  177,  667,  485,  645,  498,  238,  328,  446,  392,  512,  622,  380,  353,  595,  118,  523,  495,  347,  469,  176,  632,  218,  457,  178],
        [  356,    0,  473,  458,  175,  360,  944,  507,  431,  421,  309,  515,  389,  789,  178,  144,  767,  396,  639,  854,  600,  735,  816,  505,  472,  835, 1005, 1046,  657,  851,  460,  497,  755,  209,  451,  356,  413,  485,  910,  684,  401,  959,  949,  251,  383,  789,  368,    0,  689,  375,  926,  670,  212,  411,  290,  518, 1018,  450,  983,  354,  501,  647,  828,  522,  527,  133,  442,  682,  634,  732,  543,  518,  485,  222,  338,  889,  836, 1011,  747,  603,  466,  789,  475,  348,  640,  739,  648,  952,  393,  730,  861,   97,  819,  229,  999,  292,  769,  435],
        [  346,    0,  249,  345,  708,  424,  434,  261, 1043,  655,  620,  283,  503, 1002,  512,  808,  835,  392,  737,  737,  168,  823,  470,  317,  218,  978,  942, 1026,  961,  632,  997,  237,  693,  846,  886,  970,  282,  289,  292,  534,  804,  394,  940,  456,  829,  830,  635,  689,    0,  487,  880,  892,  702,  868,  443,  204,  410,  560,  377,  372,  201,  772,  435,  182,  328,  606,  332,  194,  649,  350,  472,  338,  954,  715,  790,  372,  689, 1004,  375,  743,  956,  967,  247,  404,   73,  870,  956,  792,  520,  289,  900,  761,  968,  551,  990,  459,  529,  469],
        [  204,    0,  401,  477,  508,  441,  875,  229,  805,  653,  550,  488,   25, 1061,  280,  517,  974,   97,  844,  982,  496,  947,  824,  187,  318, 1081, 1172, 1235,  955,  928,  824,  251,  898,  583,  782,  730,  323,  200,  770,  771,  714,  857, 1137,  330,  711,  986,  603,  375,  487,    0, 1095,  935,  530,  747,  376,  421,  889,  619,  855,  155,  385,  866,  812,  399,  533,  243,  448,  586,  797,  706,  637,  183,  831,  545,  663,  812,  948, 1204,  729,  823,  817, 1046,  403,  113,  417,  972,  947, 1069,  549,  672, 1063,  471, 1066,  430, 1190,  400,  825,  549],
        [  901,    0,  735,  631,  771,  656,  623,  994,  893,  508,  618,  649, 1120,  342,  856,  910,  180, 1026,  291,  148,  725,  213,  449, 1049,  841,  250,   80,  147,  454,  274,  763,  951,  200,  874,  619,  870,  795, 1002,  780,  351,  598,  703,   68,  778,  641,  150,  559,  926,  880, 1095,    0,  356,  732,  647,  726,  746,  785,  490,  773,  948,  780,  293,  500,  781,  595,  980,  660,  690,  302,  542,  463, 1079,  664,  728,  657,  636,  198,  125,  521,  332,  691,  292,  735,  986,  914,  245,  459,  152,  559,  607,  113,  900,  256,  715,  111,  705,  359,  548],
        [  773,    0,  673,  559,  497,  525,  804,  909,  544,  284,  388,  612,  958,  126,  661,  614,  183,  891,  171,  390,  725,  156,  606,  950,  768,  169,  419,  422,  106,  489,  411,  871,  318,  563,  277,  530,  701,  906,  908,  421,  281,  871,  342,  608,  316,  215,  333,  670,  892,  935,  356,    0,  459,  312,  568,  705,  956,  345,  933,  813,  727,  134,  654,  737,  564,  759,  581,  734,  268,  636,  423,  978,  312,  450,  348,  790,  415,  387,  626,  151,  340,  120,  674,  842,  898,  112,  109,  469,  406,  689,  249,  617,  154,  508,  379,  543,  500,  437],
        [  431,    0,  456,  391,   40,  290,  856,  591,  342,  228,  133,  460,  550,  577,  257,  184,  566,  518,  442,  677,  571,  532,  697,  610,  500,  624,  810,  845,  447,  695,  310,  566,  576,  173,  254,  270,  427,  576,  864,  536,  193,  887,  749,  259,  183,  590,  182,  212,  702,  530,  732,  459,    0,  217,  260,  503,  958,  289,  925,  452,  501,  445,  721,  521,  449,  314,  388,  636,  454,  640,  410,  631,  302,   16,  134,  810,  666,  809,  648,  402,  290,  579,  458,  465,  671,  532,  438,  776,  255,  656,  659,  168,  609,  151,  798,  243,  630,  314],
        [  636,    0,  620,  529,  243,  445,  933,  794,  254,  241,  248,  598,  766,  410,  472,  320,  468,  731,  376,  636,  718,  435,  749,  818,  685,  478,  719,  731,  262,  694,  145,  765,  540,  260,   42,  223,  611,  782,  980,  562,   72,  980,  646,  459,   40,  498,  240,  411,  868,  747,  647,  312,  217,    0,  444,  664, 1059,  346, 1029,  662,  671,  360,  785,  689,  570,  527,  537,  764,  432,  726,  477,  841,   90,  203,   86,  898,  642,  696,  727,  330,   89,  426,  621,  678,  848,  412,  253,  730,  357,  759,  552,  336,  463,  343,  687,  422,  660,  417],
        [  206,    0,  200,  169,  266,   78,  654,  355,  600,  286,  203,  226,  400,  693,  143,  380,  599,  323,  469,  624,  322,  572,  534,  388,  244,  707,  804,  863,  602,  593,  562,  323,  533,  407,  470,  527,  169,  347,  628,  426,  390,  670,  765,   54,  405,  611,  243,  290,  443,  376,  726,  568,  260,  444,    0,  248,  732,  243,  698,  245,  242,  491,  542,  262,  238,  277,  153,  398,  425,  443,  283,  414,  533,  273,  360,  600,  596,  831,  459,  449,  529,  675,  202,  275,  412,  597,  595,  717,  173,  441,  688,  336,  693,  109,  817,   26,  500,  181],
        [  227,    0,   48,  147,  512,  221,  462,  255,  844,  456,  417,   99,  443,  821,  343,  624,  671,  329,  560,  612,   85,  654,  407,  314,  107,  807,  816,  893,  767,  533,  795,  212,  548,  655,  683,  773,  114,  269,  394,  397,  601,  457,  800,  271,  626,  671,  432,  518,  204,  421,  746,  705,  503,  664,  248,    0,  506,  364,  471,  271,   38,  593,  392,   35,  153,  459,  130,  175,  480,  286,  298,  343,  751,  516,  587,  400,  570,  866,  310,  560,  752,  789,   46,  313,  194,  696,  761,  686,  319,  252,  745,  578,  796,  354,  852,  261,  425,  272],
        [  721,    0,  548,  571,  978,  675,  163,  669, 1284,  819,  840,  507,  907, 1032,  847, 1109,  827,  793,  785,  644,  422,  831,  354,  726,  585,  973,  818,  910, 1051,  514, 1203,  639,  659, 1126, 1062, 1221,  619,  696,  119,  535,  988,   86,  852,  767, 1025,  807,  825, 1018,  410,  889,  785,  956,  958, 1059,  732,  506,    0,  714,   36,  757,  532,  822,  304,  512,  509,  965,  581,  336,  690,  335,  583,  747, 1133,  967, 1001,  167,  596,  900,  337,  814, 1144,  984,  546,  795,  482,  888, 1050,  648,  714,  304,  853, 1067,  969,  823,  888,  736,  461,  652],
        [  438,    0,  330,  218,  322,  185,  591,  566,  578,  106,  156,  277,  643,  466,  367,  470,  356,  561,  226,  405,  396,  330,  417,  610,  423,  469,  569,  623,  403,  408,  490,  527,  307,  459,  351,  522,  357,  565,  637,  247,  275,  635,  524,  292,  312,  369,  117,  450,  560,  619,  490,  345,  289,  346,  243,  364,  714,    0,  684,  482,  384,  251,  447,  396,  238,  491,  238,  428,  189,  381,  134,  638,  422,  292,  291,  554,  387,  590,  383,  210,  432,  441,  330,  515,  558,  357,  398,  503,   71,  414,  446,  446,  456,  228,  577,  220,  342,   93],
        [  686,    0,  513,  538,  945,  642,  153,  635, 1253,  789,  808,  473,  873, 1012,  812, 1075,  808,  758,  762,  631,  387,  811,  336,  693,  550,  956,  809,  901, 1027,  501, 1173,  605,  641, 1093, 1033, 1189,  584,  662,   86,  512,  958,   71,  840,  733,  995,  789,  794,  983,  377,  855,  773,  933,  925, 1029,  698,  471,   36,  684,    0,  723,  497,  799,  284,  477,  477,  930,  547,  301,  666,  306,  554,  714, 1104,  935,  970,  144,  582,  890,  311,  789, 1115,  965,  511,  760,  449,  868, 1026,  639,  683,  272,  837, 1033,  951,  790,  878,  702,  441,  620],
        [   50,    0,  248,  325,  439,  299,  731,  154,  765,  530,  439,  334,  178,  938,  199,  492,  835,   80,  708,  832,  350,  810,  670,  159,  174,  950, 1025, 1090,  844,  775,  760,  148,  750,  546,  693,  689,  169,  132,  640,  619,  618,  719,  993,  210,  624,  844,  485,  354,  372,  155,  948,  813,  452,  662,  245,  271,  757,  482,  723,    0,  237,  733,  660,  253,  379,  245,  295,  441,  653,  554,  487,  180,  750,  467,  576,  668,  796, 1060,  577,  691,  740,  919,  250,   43,  309,  839,  836,  917,  413,  523,  922,  442,  936,  324, 1046,  270,  671,  405],
        [  193,    0,   55,  168,  507,  227,  495,  218,  842,  471,  423,  131,  407,  844,  324,  613,  700,  292,  586,  648,  114,  682,  445,  277,   70,  834,  850,  926,  785,  569,  798,  175,  581,  647,  691,  769,   90,  232,  418,  431,  610,  486,  833,  259,  632,  701,  443,  501,  201,  385,  780,  727,  501,  671,  242,   38,  532,  384,  497,  237,    0,  619,  429,   22,  186,  434,  147,  206,  509,  323,  327,  307,  759,  514,  592,  432,  605,  899,  347,  584,  759,  814,   54,  278,  179,  722,  779,  722,  334,  288,  776,  566,  822,  350,  885,  258,  462,  291],
        [  689,    0,  566,  452,  484,  435,  671,  813,  611,  229,  342,  497,  890,  231,  603,  620,  121,  812,   38,  282,  605,   88,  473,  859,  666,  219,  369,  400,  233,  365,  487,  773,  196,  582,  336,  582,  604,  814,  775,  288,  306,  737,  305,  537,  350,  146,  282,  647,  772,  866,  293,  134,  445,  360,  491,  593,  822,  251,  799,  733,  619,    0,  521,  627,  446,  716,  476,  608,  135,  503,  301,  888,  390,  440,  365,  657,  297,  365,  493,   45,  415,  196,  566,  765,  784,  107,  233,  372,  320,  558,  214,  612,  206,  453,  353,  467,  368,  336],
        [  613,    0,  413,  375,  748,  469,  152,  633, 1024,  546,  592,  335,  835,  729,  679,  891,  524,  721,  484,  354,  326,  528,   53,  695,  498,  672,  546,  636,  751,  227,  930,  593,  357,  894,  782,  968,  494,  652,  281,  236,  714,  219,  566,  590,  755,  506,  563,  828,  435,  812,  500,  654,  721,  785,  542,  392,  304,  447,  284,  660,  429,  521,    0,  418,  306,  811,  397,  249,  390,  107,  315,  723,  852,  727,  737,  142,  304,  621,   86,  515,  866,  681,  412,  703,  489,  585,  751,  380,  467,  151,  556,  856,  667,  608,  608,  537,  157,  408],
