{
    "name": "random-52-1429",
    "comment": "size=52 seed=1429",
    "nodes": ["+0", "-0", "+1", "-1", "+2", "-2", "+3", "-3", "+4", "-4", "+5", "-5", "+6", "-6", "+7", "-7", "+8", "-8", "+9", "-9", "+10", "-10", "+11", "-11", "+12", "-12", "+13", "-13", "+14", "-14", "+15", "-15", "+16", "-16", "+17", "-17", "+18", "-18", "+19", "-19", "+20", "-20", "+21", "-21", "+22", "-22", "+23", "-23", "+24", "-24", "+25", "-25", "+26", "-26", "+27", "-27", "+28", "-28", "+29", "-29", "+30", "-30", "+31", "-31", "+32", "-32", "+33", "-33", "+34", "-34", "+35", "-35", "+36", "-36", "+37", "-37", "+38", "-38", "+39", "-39", "+40", "-40", "+41", "-41", "+42", "-42", "+43", "-43", "+44", "-44", "+45", "-45", "+46", "-46", "+47", "-47", "+48", "-48", "+49", "-49", "+50", "-50", "+51", "-51", "+52", "-52"],
    "precedence": {
        "+0": "-0",
        "+1": "-1",
        "+2": "-2",
        "+3": "-3",
        "+4": "-4",
        "+5": "-5",
        "+6": "-6",
        "+7": "-7",
        "+8": "-8",
        "+9": "-9",
        "+10": "-10",
        "+11": "-11",
        "+12": "-12",
        "+13": "-13",
        "+14": "-14",
        "+15": "-15",
        "+16": "-16",
        "+17": "-17",
        "+18": "-18",
        "+19": "-19",
        "+20": "-20",
        "+21": "-21",
        "+22": "-22",
        "+23": "-23",
        "+24": "-24",
        "+25": "-25",
        "+26": "-26",
        "+27": "-27",
        "+28": "-28",
        "+29": "-29",
        "+30": "-30",
        "+31": "-31",
        "+32": "-32",
        "+33": "-33",
        "+34": "-34",
        "+35": "-35",
        "+36": "-36",
        "+37": "-37",
        "+38": "-38",
        "+39": "-39",
        "+40": "-40",
        "+41": "-41",
        "+42": "-42",
        "+43": "-43",
        "+44": "-44",
        "+45": "-45",
        "+46": "-46",
        "+47": "-47",
        "+48": "-48",
        "+49": "-49",
        "+50": "-50",
        "+51": "-51",
        "+52": "-52"
    },
    "edges": [
        [    0,    0,  401,  781,  451,  122,  532,  184,  642,  789,  177,  382,  221,  528,  682,  316,  663,  775,  679,  359,  259,  705,  522,  602,  833,  884,  519,  460,  386,  720,  613,  486,  200,  273,  766,  541,  876,  596,  864,  563,  495,  416,  887,  832,  362,  805,  765,  683,  528,  770,  524,  191,  237,  278,  729,  389,  742,  343,  402,  644,  552,  426,  909,  793,  499,  627,  537,  349,  255,  215,  689,  689,  771,  943,  608,  214,  388,  976,  839,  519,  891,  206,  160,  476,  435,  806, 1030,  697,  524,  139,  710,  784,  501,  346,  470,  370,  634,  783,  543,  895,  280,  926,  418,  722,  697,  233],
        [    0,    0,    0,    0,    0,    0,    0,    0,    0,    0,    0,    0,    0,    0,    0,    0,    0,    0,    0,    0,    0,    0,    0,    0,    0,    0,    0,    0,    0,    0,    0,    0,    0,    0,    0,    0,    0,    0,    0,    0,    0,    0,    0,    0,    0,    0,    0,    0,    0,    0,    0,    0,    0,    0,    0,    0,    0,    0,    0,    0,    0,    0,    0,    0,    0,    0,    0,    0,    0,    0,    0,    0,    0,    0,    0,    0,    0,    0,    0,    0,    0,    0,    0,    0,    0,    0,    0,    0,    0,    0,    0,    0,    0,    0,    0,    0,    0,    0,    0,    0,    0,    0,    0,    0,    0,    0],
        [  401,    0,    0,  948,  467,  415,  731,  391,  288,  757,  230,  660,  597,  179,  428,  105,  857,  719,  831,  505,  170,  326,  176,  708,  755,  570,  515,   75,  207,  324,  217,  118,  598,  418,  531,  645,  633,  651,  830,  566,  312,  105,  827,  826,   48,  892,  705,  590,  137,  735,  221,  220,  558,  155,  687,  619,  846,  450,  396,  426,  525,  554,  666,  736,  222,  641,  193,   78,  475,  592,  488,  303,  849,  713,  240,  587,  480,  821,  564,  161,  722,  572,  416,  506,  122,  442,  772,  466,  532,  348,  752,  777,  289,   67,  553,  422,  234,  795,  143,  783,  613,  803,  631,  357,  310,  535],
        [  781,    0,  948,    0,  491,  664,  249,  625,  959,  425,  802,  419,  642, 1126,  800,  852,  123,  468,  118,  456,  931, 1249, 1123,  249,  516,  988,  466, 1020,  752, 1116, 1124, 1065,  731,  555,  788,  305,  841,  329,  437,  429,  709, 1034,  492,  378,  904,  180,  475,  540, 1069,  429,  851,  880,  561,  944,  446,  393,  156,  504,  557,  738,  478,  397,  854,  471,  820,  376, 1140,  871,  534,  882,  716, 1217,  203,  844, 1181,  640,  469,  710,  886, 1108,  704,  629,  939,  453, 1057, 1063,  946,  765,  446,  687,  292,  377,  742,  944,  397,  527, 1115,  339, 1045,  596,  543,  627,  364, 1019, 1223,  554],
        [  451,    0,  467,  491,    0,  342,  315,  271,  481,  342,  379,  351,  467,  644,  370,  381,  418,  324,  375,  151,  490,  759,  641,  244,  382,  588,   68,  537,  264,  633,  634,  582,  536,  186,  408,  187,  504,  186,  418,  116,  226,  562,  436,  393,  426,  427,  314,  242,  582,  321,  364,  459,  367,  497,  279,  274,  380,  121,   72,  309,  102,  140,  532,  342,  332,  189,  658,  394,  243,  642,  321,  727,  384,  552,  693,  458,   92,  538,  505,  625,  464,  437,  595,   40,  583,  609,  652,  355,   77,  315,  293,  343,  259,  475,  101,   82,  625,  351,  555,  448,  402,  480,  262,  550,  732,  337],
        [  122,    0,  415,  664,  342,    0,  416,   74,  613,  675,  191,  279,  188,  570,  615,  315,  548,  664,  560,  239,  312,  737,  564,  481,  724,  828,  409,  485,  337,  714,  632,  519,  218,  158,  691,  420,  799,  478,  749,  450,  426,  458,  774,  715,  370,  684,  654,  581,  551,  656,  486,  247,  149,  330,  617,  274,  621,  228,  302,  570,  444,  305,  831,  682,  457,  511,  581,  348,  134,  301,  609,  717,  650,  861,  645,  178,  271,  876,  771,  557,  796,  160,  280,  363,  480,  774,  953,  623,  412,   71,  590,  668,  439,  374,  352,  262,  645,  665,  555,  789,  201,  822,  301,  694,  724,  133],
        [  532,    0,  731,  249,  315,  416,    0,  382,  794,  439,  564,  181,  403,  908,  676,  630,  134,  461,  156,  227,  694, 1047,  904,  163,  524,  888,  323,  805,  551,  942,  924,  848,  493,  320,  696,  160,  775,  238,  490,  311,  540,  810,  536,  435,  685,  312,  460,  468,  860,  430,  673,  640,  316,  708,  420,  144,  247,  283,  365,  613,  352,  185,  797,  472,  640,  303,  922,  653,  289,  641,  611, 1017,  295,  802,  970,  400,  258,  721,  796,  891,  681,  387,  690,  286,  832,  923,  908,  653,  306,  444,  297,  404,  572,  718,  217,  319,  921,  380,  843,  608,  304,  644,  116,  864, 1024,  306],
        [  184,    0,  391,  625,  271,   74,  382,    0,  560,  606,  187,  273,  242,  557,  548,  287,  515,  593,  516,  181,  317,  716,  552,  426,  653,  764,  338,  464,  282,  673,  605,  502,  286,   89,  621,  363,  728,  414,  681,  380,  360,  449,  704,  649,  344,  629,  583,  508,  527,  587,  431,  259,  173,  333,  547,  247,  569,  160,  229,  501,  372,  248,  760,  611,  400,  444,  569,  317,   95,  374,  538,  693,  594,  789,  628,  231,  204,  803,  703,  543,  722,  211,  337,  293,  472,  719,  882,  554,  342,   63,  528,  601,  375,  360,  288,  190,  614,  600,  525,  717,  227,  749,  268,  641,  700,  147],
        [  642,    0,  288,  959,  481,  613,  794,  560,    0,  650,  468,  788,  798,  354,  213,  332,  897,  601,  846,  591,  453,  358,  355,  711,  614,  287,  493,  289,  280,  162,  251,  315,  824,  540,  305,  662,  385,  631,  710,  531,  255,  366,  690,  727,  303,  853,  587,  472,  268,  630,  131,  490,  731,  440,  585,  724,  825,  534,  432,  252,  482,  612,  415,  614,  163,  593,  365,  303,  615,  851,  306,  321,  809,  466,  345,  788,  542,  615,  301,  337,  517,  769,  693,  514,  371,  164,  506,  261,  513,  544,  701,  685,  223,  353,  581,  484,  217,  714,  217,  612,  783,  622,  723,   81,  323,  702],
        [  789,    0,  757,  425,  342,  675,  439,  606,  650,    0,  716,  583,  766,  920,  449,  691,  443,   53,  357,  446,  818,  993,  918,  277,   93,  595,  274,  816,  553,  810,  871,  860,  846,  518,  402,  300,  430,  218,   77,  227,  450,  860,  103,   78,  725,  256,   65,  179,  843,   23,  582,  794,  661,  822,   71,  509,  271,  448,  403,  399,  247,  389,  439,   48,  560,  167,  934,  695,  557,  969,  354,  957,  223,  423,  950,  758,  405,  292,  490,  900,  280,  739,  936,  314,  879,  709,  523,  404,  266,  655,  148,   49,  479,  782,  331,  422,  849,   88,  804,  176,  679,  210,  479,  688,  961,  636],
        [  177,    0,  230,  802,  379,  191,  564,  187,  468,  716,    0,  457,  368,  380,  527,  140,  696,  691,  689,  347,  132,  548,  374,  585,  742,  719,  443,  297,  227,  545,  447,  329,  370,  248,  619,  520,  729,  554,  792,  494,  349,  268,  804,  771,  189,  786,  679,  580,  364,  694,  353,   82,  338,  146,  649,  432,  730,  305,  313,  497,  469,  410,  762,  709,  331,  567,  391,  173,  280,  384,  549,  529,  747,  801,  455,  358,  348,  859,  682,  367,  767,  344,  249,  413,  290,  631,  881,  548,  455,  130,  666,  721,  347,  184,  433,  305,  464,  729,  372,  792,  391,  820,  452,  547,  537,  319],
        [  382,    0,  660,  419,  351,  279,  181,  273,  788,  583,  457,    0,  224,  829,  716,  556,  297,  594,  337,  206,  586,  985,  824,  318,  659,  937,  391,  734,  517,  920,  870,  773,  314,  252,  759,  283,  853,  367,  644,  403,  548,  722,  684,  594,  613,  492,  590,  566,  796,  570,  659,  523,  148,  602,  548,   80,  426,  258,  369,  657,  428,  220,  880,  608,  626,  426,  842,  585,  186,  464,  672,  960,  471,  895,  899,  222,  264,  847,  856,  815,  791,  211,  535,  341,  744,  935,  998,  705,  380,  328,  455,  557,  574,  632,  281,  312,  875,  538,  789,  740,  125,  775,  106,  865,  967,  150],
        [  221,    0,  597,  642,  467,  188,  403,  242,  798,  766,  368,  224,    0,  741,  786,  500,  520,  766,  559,  326,  474,  914,  736,  523,  830, 1003,  526,  664,  521,  901,  814,  694,   90,  294,  853,  475,  957,  551,  833,  556,  599,  628,  867,  789,  553,  710,  759,  707,  731,  749,  670,  406,  105,  493,  718,  272,  644,  347,  449,  736,  564,  377,  988,  782,  640,  600,  751,  533,  226,  241,  767,  896,  685, 1013,  819,   11,  379, 1002,  939,  730,  931,   31,  345,  475,  649,  959, 1110,  788,  523,  258,  653,  747,  616,  550,  438,  397,  829,  735,  738,  904,  100,  938,  306,  879,  903,  132],
        [  528,    0,  179, 1126,  644,  570,  908,  557,  354,  920,  380,  829,  741,    0,  544,  279, 1035,  879, 1010,  682,  270,  180,    6,  886,  909,  633,  689,  108,  381,  299,  135,   62,  727,  593,  645,  824,  735,  827,  991,  739,  471,  113,  983,  991,  224, 1068,  865,  747,   87,  898,  349,  338,  717,  251,  850,  793, 1023,  628,  574,  559,  696,  732,  766,  895,  364,  813,   15,  256,  646,  689,  621,  173, 1025,  817,   82,  733,  659,  951,  654,   20,  851,  720,  493,  683,   94,  467,  859,  589,  707,  507,  925,  943,  442,  198,  731,  600,  175,  964,  137,  927,  771,  944,  806,  394,  181,  697],
        [  682,    0,  428,  800,  370,  615,  676,  548,  213,  449,  527,  716,  786,  544,    0,  421,  758,  398,  694,  510,  563,  571,  545,  562,  404,  222,  354,  458,  300,  367,  459,  495,  833,  496,  103,  525,  208,  474,  504,  377,  189,  526,  480,  526,  420,  672,  385,  276,  459,  431,  207,  577,  699,  556,  390,  641,  655,  462,  350,   63,  330,  509,  241,  410,  211,  424,  557,  404,  572,  896,   96,  534,  630,  286,  550,  776,  453,  408,  158,  526,  308,  755,  774,  391,  538,  266,  356,   49,  372,  556,  522,  488,  182,  482,  461,  408,  428,  521,  411,  399,  744,  409,  631,  240,  536,  668],
        [  316,    0,  105,  852,  381,  315,  630,  287,  332,  691,  140,  556,  500,  279,  421,    0,  757,  658,  735,  404,  143,  430,  275,  616,  700,  595,  435,  179,  143,  405,  319,  220,  508,  314,  520,  552,  628,  566,  766,  487,  267,  183,  770,  756,   58,  806,  645,  534,  241,  669,  228,  162,  456,  140,  621,  515,  757,  350,  309,  404,  450,  456,  662,  676,  213,  562,  293,   34,  371,  520,  462,  407,  764,  704,  344,  490,  384,  789,  570,  263,  692,  474,  365,  420,  206,  495,  776,  451,  451,  246,  671,  706,  253,   95,  460,  327,  331,  721,  240,  738,  510,  761,  528,  410,  414,  432],
        [  663,    0,  857,  123,  418,  548,  134,  515,  897,  443,  696,  297,  520, 1035,  758,  757,    0,  477,   87,  355,  827, 1168, 1031,  199,  535,  960,  408,  931,  670, 1051, 1044,  974,  609,  451,  762,  236,  829,  288,  475,  382,  643,  938,  527,  415,  811,  244,  480,  519,  983,  441,  782,  773,  440,  840,  444,  275,  189,  408,  477,  696,  429,  304,  847,  485,  750,  348, 1049,  779,  422,  760,  683, 1137,  245,  844, 1094,  518,  378,  734,  862, 1018,  711,  507,  821,  384,  961, 1015,  949,  730,  389,  577,  296,  399,  676,  847,  319,  439, 1038,  366,  963,  618,  421,  652,  249,  963, 1143,  434],
        [  775,    0,  719,  468,  324,  664,  461,  593,  601,   53,  691,  594,  766,  879,  398,  658,  477,    0,  393,  442,  788,  947,  877,  299,   66,  543,  256,  776,  518,  761,  826,  820,  843,  506,  350,  313,  380,  229,  113,  214,  409,  822,  114,  129,  689,  305,   14,  133,  801,   41,  537,  768,  661,  791,   48,  517,  313,  437,  381,  350,  225,  390,  390,   19,  517,  169,  893,  660,  551,  961,  303,  911,  270,  377,  906,  758,  396,  261,  438,  859,  236,  738,  917,  301,  841,  657,  479,  353,  252,  638,  182,   99,  437,  747,  328,  406,  803,  137,  760,  148,  683,  184,  489,  637,  914,  635],
        [  679,    0,  831,  118,  375,  560,  156,  516,  846,  357,  689,  337,  559, 1010,  694,  735,   87,  393,    0,  343,  818, 1133, 1006,  135,  449,  890,  353,  904,  635, 1002, 1007,  948,  649,  442,  691,  189,  752,  220,  388,  319,  594,  918,  440,  328,  787,  166,  397,  444,  952,  356,  736,  769,  470,  830,  363,  296,  105,  389,  440,  632,  368,  282,  768,  400,  705,  275, 1024,  754,  428,  796,  614, 1101,  161,  764, 1064,  556,  352,  648,  790,  991,  628,  543,  838,  337,  940,  955,  868,  662,  333,  578,  212,  313,  628,  828,  280,  410,  999,  279,  928,  533,  460,  567,  264,  908, 1106,  459],
        [  359,    0,  505,  456,  151,  239,  227,  181,  591,  446,  347,  206,  326,  682,  510,  404,  355,  442,  343,    0,  476,  822,  678,  245,  505,  731,  202,  579,  331,  730,  700,  622,  402,  100,  557,  183,  654,  240,  518,  230,  345,  584,  547,  480,  459,  449,  434,  384,  635,  428,  464,  427,  223,  488,  395,  135,  389,   59,  164,  452,  241,   68,  682,  459,  430,  280,  696,  427,  112,  524,  469,  793,  414,  701,  744,  318,   60,  677,  652,  665,  609,  298,  516,  151,  607,  733,  803,  500,  198,  241,  352,  434,  373,  493,  116,  108,  700,  428,  619,  579,  253,  613,  134,  666,  800,  194],
        [  259,    0,  170,  931,  490,  312,  694,  317,  453,  818,  132,  586,  474,  270,  563,  143,  827,  788,  818,  476,    0,  447,  264,  709,  833,  728,  551,  212,  282,  491,  363,  231,  457,  377,  662,  644,  770,  672,  894,  603,  408,  158,  901,  878,  151,  908,  775,  668,  277,  796,  364,   69,  460,   20,  749,  563,  854,  431,  420,  547,  572,  537,  803,  806,  353,  678,  279,  160,  411,  430,  605,  434,  868,  847,  350,  466,  471,  930,  710,  261,  834,  454,  247,  527,  177,  610,  916,  593,  565,  259,  782,  828,  396,  104,  555,  423,  389,  839,  302,  875,  512,  900,  583,  525,  442,  444],
        [  705,    0,  326, 1249,  759,  737, 1047,  716,  358,  993,  548,  985,  914,  180,  571,  430, 1168,  947, 1133,  822,  447,    0,  186, 1003,  966,  594,  793,  254,  499,  229,  126,  220,  904,  740,  661,  945,  732,  935, 1059,  840,  556,  290, 1042, 1069,  373, 1171,  933,  815,  190,  972,  414,  514,  883,  428,  925,  942, 1133,  765,  693,  604,  793,  865,  759,  962,  440,  911,  174,  402,  800,  868,  661,   38, 1127,  811,   99,  905,  790,  972,  643,  186,  874,  891,  672,  798,  272,  408,  831,  619,  813,  672, 1023, 1023,  522,  364,  854,  730,  145, 1049,  205,  969,  937,  980,  951,  361,   37,  860],
        [  522,    0,  176, 1123,  641,  564,  904,  552,  355,  918,  374,  824,  736,    6,  545,  275, 1031,  877, 1006,  678,  264,  186,    0,  882,  908,  635,  686,  105,  379,  303,  140,   60,  721,  588,  646,  820,  736,  824,  989,  736,  469,  108,  982,  989,  220, 1065,  863,  746,   88,  896,  349,  332,  712,  245,  848,  788, 1020,  624,  571,  559,  694,  729,  768,  894,  363,  811,   18,  252,  641,  683,  621,  179, 1022,  818,   88,  727,  655,  951,  656,   20,  851,  714,  487,  680,   88,  470,  860,  589,  704,  502,  923,  941,  440,  193,  728,  597,  179,  962,  139,  927,  765,  943,  802,  397,  187,  692],
        [  602,    0,  708,  249,  244,  481,  163,  426,  711,  277,  585,  318,  523,  886,  562,  616,  199,  299,  135,  245,  709, 1003,  882,    0,  362,  762,  218,  779,  508,  868,  877,  824,  610,  343,  564,   65,  633,   90,  330,  185,  460,  799,  374,  277,  665,  204,  299,  323,  825,  268,  603,  666,  423,  719,  260,  252,  145,  280,  313,  499,  234,  179,  652,  310,  572,  152,  900,  632,  348,  748,  485,  970,  170,  652,  937,  517,  238,  560,  664,  867,  525,  500,  760,  206,  820,  821,  757,  532,  198,  486,  138,  243,  494,  709,  156,  290,  867,  221,  799,  447,  428,  482,  219,  773,  976,  404],
        [  833,    0,  755,  516,  382,  724,  524,  653,  614,   93,  742,  659,  830,  909,  404,  700,  535,   66,  449,  505,  833,  966,  908,  362,    0,  524,  315,  808,  559,  770,  847,  851,  907,  566,  341,  378,  351,  294,  107,  276,  443,  859,   77,  150,  728,  345,   72,  167,  828,   95,  562,  817,  726,  836,  112,  582,  363,  498,  435,  363,  281,  454,  356,   52,  546,  234,  923,  700,  613, 1022,  309,  929,  315,  336,  931,  822,  458,  200,  420,  889,  191,  802,  973,  362,  876,  654,  434,  357,  313,  696,  239,  141,  469,  788,  393,  464,  822,  179,  786,   85,  748,  120,  554,  642,  932,  699],
        [  884,    0,  570,  988,  588,  828,  888,  764,  287,  595,  719,  937, 1003,  633,  222,  595,  960,  543,  890,  731,  728,  594,  635,  762,  524,    0,  566,  575,  499,  366,  514,  599, 1046,  716,  200,  733,  182,  673,  630,  581,  405,  652,  591,  668,  578,  842,  532,  449,  550,  581,  368,  757,  918,  718,  550,  862,  836,  684,  571,  280,  537,  727,  194,  549,  388,  615,  643,  571,  792, 1098,  278,  559,  803,  242,  609,  993,  673,  435,  105,  618,  358,  973,  959,  608,  657,  189,  239,  236,  583,  765,  700,  641,  390,  633,  677,  629,  474,  678,  499,  483,  965,  477,  849,  241,  558,  887],
        [  519,    0,  515,  466,   68,  409,  323,  338,  493,  274,  443,  391,  526,  689,  354,  435,  408,  256,  353,  202,  551,  793,  686,  218,  315,  566,    0,  582,  308,  651,  667,  627,  598,  251,  377,  173,  465,  142,  351,   52,  243,  613,  369,  329,  477,  380,  246,  182,  622,  254,  387,  523,  424,  557,  211,  311,  341,  185,  132,  292,   39,  171,  490,  275,  357,  128,  703,  445,  304,  708,  291,  760,  337,  505,  733,  517,  148,  476,  476,  670,  407,  497,  663,   52,  633,  607,  608,  331,   20,  383,  238,  279,  277,  529,  113,  150,  655,  289,  591,  382,  455,  416,  293,  556,  765,  395],
        [  460,    0,   75, 1020,  537,  485,  805,  464,  289,  816,  297,  734,  664,  108,  458,  179,  931,  776,  904,  579,  212,  254,  105,  779,  808,  575,  582,    0,  274,  286,  154,   46,  659,  492,  561,  717,  657,  720,  888,  632,  367,   79,  882,  887,  122,  961,  762,  645,   68,  794,  255,  273,  630,  193,  746,  694,  916,  524,  467,  466,  590,  628,  690,  793,  265,  707,  122,  153,  549,  641,  528,  233,  918,  739,  166,  654,  554,  861,  582,   89,  761,  640,  455,  576,   83,  428,  790,  500,  600,  419,  819,  838,  340,  115,  625,  495,  178,  858,   94,  830,  684,  849,  705,  346,  240,  607],
        [  386,    0,  207,  752,  264,  337,  551,  282,  280,  553,  227,  517,  521,  381,  300,  143,  670,  518,  635,  331,  282,  499,  379,  508,  559,  499,  308,  274,    0,  403,  374,  320,  553,  266,  393,  448,  503,  446,  628,  359,  128,  308,  629,  620,  173,  687,  505,  393,  318,  531,  150,  283,  452,  281,  483,  460,  643,  273,  196,  272,  318,  368,  537,  536,  120,  434,  396,  142,  339,  600,  327,  468,  644,  576,  429,  511,  294,  649,  456,  362,  553,  492,  475,  303,  328,  438,  655,  323,  326,  271,  545,  571,  121,  230,  356,  233,  370,  588,  294,  596,  504,  619,  464,  360,  474,  423],
        [  720,    0,  324, 1116,  633,  714,  942,  673,  162,  810,  545,  920,  901,  299,  367,  405, 1051,  761, 1002,  730,  491,  229,  303,  868,  770,  366,  651,  286,  403,    0,  166,  288,  913,  668,  447,  817,  508,  790,  869,  690,  409,  360,  846,  887,  359, 1014,  747,  632,  232,  790,  270,  544,  845,  474,  746,  861,  985,  672,  578,  411,  641,  759,  534,  774,  303,  754,  305,  372,  740,  915,  462,  194,  970,  586,  255,  891,  686,  754,  418,  289,  659,  874,  737,  668,  356,  181,  603,  415,  671,  644,  862,  846,  375,  388,  733,  626,  125,  876,  193,  763,  899,  770,  863,  136,  193,  818],
        [  613,    0,  217, 1124,  634,  632,  924,  605,  251,  871,  447,  870,  814,  135,  459,  319, 1044,  826, 1007,  700,  363,  126,  140,  877,  847,  514,  667,  154,  374,  166,    0,  138,  812,  622,  554,  819,  634,  809,  937,  714,  430,  214,  923,  946,  262, 1045,  812,  693,   87,  850,  290,  426,  774,  345,  802,  823, 1007,  643,  569,  486,  667,  741,  663,  841,  315,  785,  140,  288,  685,  792,  545,   94, 1001,  714,   96,  804,  667,  864,  548,  127,  765,  789,  604,  672,  204,  339,  746,  506,  687,  564,  897,  900,  397,  268,  729,  606,   42,  925,   82,  854,  828,  867,  831,  273,  100,  750],
        [  486,    0,  118, 1065,  582,  519,  848,  502,  315,  860,  329,  773,  694,   62,  495,  220,  974,  820,  948,  622,  231,  220,   60,  824,  851,  599,  627,   46,  320,  288,  138,    0,  685,  534,  597,  762,  690,  765,  932,  677,  411,   77,  925,  931,  164, 1006,  806,  688,   57,  838,  295,  296,  665,  212,  790,  735,  961,  567,  512,  506,  635,  671,  722,  836,  306,  752,   77,  196,  589,  658,  568,  204,  963,  772,  127,  685,  598,  899,  612,   44,  799,  672,  467,  621,   68,  443,  819,  538,  645,  454,  864,  883,  383,  145,  670,  539,  170,  903,  102,  872,  719,  889,  747,  365,  212,  644],
        [  200,    0,  598,  731,  536,  218,  493,  286,  824,  846,  370,  314,   90,  727,  833,  508,  609,  843,  649,  402,  457,  904,  721,  610,  907, 1046,  598,  659,  553,  913,  812,  685,    0,  355,  906,  559, 1013,  633,  916,  631,  644,  615,  948,  873,  558,  799,  836,  777,  727,  829,  699,  390,  188,  477,  796,  361,  733,  415,  509,  787,  636,  458, 1045,  860,  671,  680,  736,  541,  295,  153,  823,  889,  773, 1073,  807,   94,  451, 1073,  989,  718,  999,  110,  287,  548,  634,  987, 1167,  840,  597,  283,  738,  830,  657,  544,  516,  461,  831,  819,  740,  979,  190, 1013,  394,  905,  897,  210],
        [  273,    0,  418,  555,  186,  158,  320,   89,  540,  518,  248,  252,  294,  593,  496,  314,  451,  506,  442,  100,  377,  740,  588,  343,  566,  716,  251,  492,  266,  668,  622,  534,  355,    0,  559,  279,  664,  326,  592,  293,  314,  491,  616,  560,  371,  546,  496,  426,  551,  499,  410,  327,  203,  390,  460,  202,  487,   71,  156,  444,  287,  165,  694,  524,  377,  355,  606,  340,   77,  457,  473,  713,  509,  720,  658,  285,  116,  722,  647,  576,  645,  263,  425,  206,  513,  693,  816,  496,  255,  145,  440,  512,  335,  399,  200,  107,  625,  512,  540,  633,  250,  665,  214,  619,  720,  172],
        [  766,    0,  531,  788,  408,  691,  696,  621,  305,  402,  619,  759,  853,  645,  103,  520,  762,  350,  691,  557,  662,  661,  646,  564,  341,  200,  377,  561,  393,  447,  554,  597,  906,  559,    0,  538,  111,  475,  446,  386,  272,  629,  413,  478,  522,  645,  338,  249,  559,  387,  310,  674,  760,  657,  353,  682,  637,  516,  406,  123,  345,  543,  144,  358,  312,  416,  658,  504,  632,  979,   88,  624,  604,  185,  647,  843,  498,  311,  101,  627,  213,  822,  867,  422,  641,  314,  265,   71,  392,  635,  500,  447,  273,  584,  489,  462,  521,  483,  510,  319,  802,  323,  666,  313,  626,  729],
        [  541,    0,  645,  305,  187,  420,  160,  363,  662,  300,  520,  283,  475,  824,  525,  552,  236,  313,  189,  183,  644,  945,  820,   65,  378,  733,  173,  717,  448,  817,  819,  762,  559,  279,  538,    0,  616,   85,  363,  153,  409,  735,  402,  316,  602,  268,  310,  308,  765,  288,  549,  601,  372,  655,  269,  210,  210,  215,  252,  463,  197,  116,  637,  327,  518,  148,  838,  570,  288,  693,  455,  913,  232,  643,  876,  468,  174,  570,  639,  805,  524,  451,  698,  150,  757,  780,  748,  499,  154,  422,  179,  275,  442,  646,   93,  226,  811,  261,  740,  460,  384,  496,  179,  727,  918,  351],
        [  876,    0,  633,  841,  504,  799,  775,  728,  385,  430,  729,  853,  957,  735,  208,  628,  829,  380,  752,  654,  770,  732,  736,  633,  351,  182,  465,  657,  503,  508,  634,  690, 1013,  664,  111,  616,    0,  545,  457,  465,  382,  728,  414,  500,  627,  684,  371,  311,  649,  420,  412,  783,  863,  763,  396,  775,  686,  617,  509,  233,  429,  635,   34,  383,  418,  482,  747,  611,  735, 1089,  191,  695,  647,   82,  729,  948,  595,  256,   92,  718,  177,  927,  977,  513,  738,  349,  155,  181,  478,  745,  550,  478,  383,  688,  577,  564,  598,  516,  599,  304,  903,  296,  757,  373,  696,  832],
        [  596,    0,  651,  329,  186,  478,  238,  414,  631,  218,  554,  367,  551,  827,  474,  566,  288,  229,  220,  240,  672,  935,  824,   90,  294,  673,  142,  720,  446,  790,  809,  765,  633,  326,  475,   85,  545,    0,  283,  101,  384,  747,  320,  241,  611,  242,  226,  235,  762,  204,  528,  635,  447,  680,  185,  291,  199,  257,  257,  412,  150,  177,  564,  243,  499,   66,  841,  579,  351,  762,  396,  901,  199,  567,  873,  544,  212,  487,  575,  808,  443,  525,  750,  147,  768,  736,  672,  443,  123,  470,  115,  197,  418,  660,  127,  250,  797,  189,  733,  376,  463,  412,  262,  690,  907,  423],
        [  864,    0,  830,  437,  418,  749,  490,  681,  710,   77,  792,  644,  833,  991,  504,  766,  475,  113,  388,  518,  894, 1059,  989,  330,  107,  630,  351,  888,  628,  869,  937,  932,  916,  592,  446,  363,  457,  283,    0,  303,  521,  933,   55,   61,  799,  259,  127,  245,  913,   99,  649,  870,  730,  898,  146,  572,  291,  522,  480,  459,  324,  458,  460,   97,  630,  239, 1005,  769,  629, 1041,  409, 1022,  237,  436, 1019,  826,  479,  276,  526,  971,  291,  808, 1012,  389,  952,  758,  530,  458,  342,  730,  193,   88,  550,  857,  402,  498,  914,  111,  873,  167,  745,  194,  540,  743, 1025,  706],
        [  563,    0,  566,  429,  116,  450,  311,  380,  531,  227,  494,  403,  556,  739,  377,  487,  382,  214,  319,  230,  603,  840,  736,  185,  276,  581,   52,  632,  359,  690,  714,  677,  631,  293,  386,  153,  465,  101,  303,    0,  287,  664,  324,  278,  528,  332,  206,  164,  671,  207,  430,  574,  452,  609,  168,  323,  296,  223,  183,  315,   50,  186,  488,  232,  401,   76,  753,  496,  338,  747,  304,  806,  288,  497,  781,  547,  182,  449,  486,  720,  389,  527,  709,   88,  685,  637,  602,  349,   40,  428,  187,  228,  320,  580,  123,  196,  700,  237,  639,  349,  478,  383,  300,  590,  811,  424],
        [  495,    0,  312,  709,  226,  426,  540,  360,  255,  450,  349,  548,  599,  471,  189,  267,  643,  409,  594,  345,  408,  556,  469,  460,  443,  405,  243,  367,  128,  409,  430,  411,  644,  314,  272,  409,  382,  384,  521,  287,    0,  416,  516,  522,  287,  617,  395,  279,  395,  428,  144,  409,  515,  407,  380,  479,  582,  291,  182,  150,  239,  359,  416,  426,  116,  356,  485,  261,  390,  709,  201,  521,  573,  453,  503,  589,  292,  522,  346,  451,  426,  568,  598,  260,  434,  389,  536,  202,  263,  367,  468,  474,   34,  348,  327,  238,  414,  497,  358,  473,  563,  496,  474,  325,  526,  484],
        [  416,    0,  105, 1034,  562,  458,  810,  449,  366,  860,  268,  722,  628,  113,  526,  183,  938,  822,  918,  584,  158,  290,  108,  799,  859,  652,  613,   79,  308,  360,  214,   77,  615,  491,  629,  735,  728,  747,  933,  664,  416,    0,  931,  928,  137,  988,  809,  694,  131,  838,  320,  225,  606,  139,  789,  689,  940,  532,  490,  528,  625,  638,  761,  840,  324,  740,  124,  169,  540,  582,  590,  278,  945,  809,  193,  620,  566,  923,  655,  104,  824,  607,  390,  601,   23,  506,  864,  566,  630,  397,  850,  879,  393,   92,  643,  510,  246,  896,  169,  887,  659,  907,  704,  425,  286,  587],
        [  887,    0,  827,  492,  436,  774,  536,  704,  690,  103,  804,  684,  867,  983,  480,  770,  527,  114,  440,  547,  901, 1042,  982,  374,   77,  591,  369,  882,  629,  846,  923,  925,  948,  616,  413,  402,  414,  320,   55,  324,  516,  931,    0,  115,  799,  314,  126,  238,  903,  119,  638,  881,  763,  903,  158,  610,  344,  547,  494,  440,  338,  491,  415,   96,  620,  268,  997,  770,  657, 1069,  385, 1005,  291,  388, 1007,  860,  504,  222,  488,  964,  244,  841, 1030,  411,  949,  727,  479,  432,  363,  751,  239,  132,  543,  858,  432,  518,  898,  162,  861,  117,  781,  141,  580,  718, 1008,  738],
        [  832,    0,  826,  378,  393,  715,  435,  649,  727,   78,  771,  594,  789,  991,  526,  756,  415,  129,  328,  480,  878, 1069,  989,  277,  150,  668,  329,  887,  620,  887,  946,  931,  873,  560,  478,  316,  500,  241,   61,  278,  522,  928,  115,    0,  792,  201,  142,  256,  916,   97,  656,  851,  686,  883,  144,  524,  230,  490,  460,  477,  307,  418,  506,  120,  634,  207, 1005,  761,  591, 1002,  431, 1033,  177,  486, 1023,  783,  445,  334,  564,  972,  341,  765,  983,  361,  947,  786,  582,  482,  317,  701,  140,   51,  552,  848,  364,  471,  924,   56,  878,  222,  699,  252,  492,  765, 1036,  663],
        [  362,    0,   48,  904,  426,  370,  685,  344,  303,  725,  189,  613,  553,  224,  420,   58,  811,  689,  787,  459,  151,  373,  220,  665,  728,  578,  477,  122,  173,  359,  262,  164,  558,  371,  522,  602,  627,  611,  799,  528,  287,  137,  799,  792,    0,  852,  676,  562,  184,  703,  217,  190,  512,  140,  655,  572,  805,  404,  355,  412,  489,  509,  661,  707,  210,  604,  238,   33,  428,  559,  473,  350,  810,  706,  288,  544,  436,  804,  563,  207,  705,  528,  391,  466,  157,  463,  771,  455,  494,  302,  714,  743,  267,   63,  510,  378,  276,  760,  185,  760,  567,  782,  584,  377,  357,  489],
        [  805,    0,  892,  180,  427,  684,  312,  629,  853,  256,  786,  492,  710, 1068,  672,  806,  244,  305,  166,  449,  908, 1171, 1065,  204,  345,  842,  380,  961,  687, 1014, 1045, 1006,  799,  546,  645,  268,  684,  242,  259,  332,  617,  988,  314,  201,  852,    0,  314,  399, 1001,  265,  760,  867,  615,  917,  292,  439,   67,  482,  498,  615,  379,  382,  694,  304,  732,  262, 1082,  820,  551,  942,  582, 1137,   45,  679, 1112,  705,  439,  534,  738, 1049,  535,  690,  963,  387, 1009,  938,  778,  633,  362,  689,  152,  208,  650,  901,  353,  485, 1031,  169,  970,  422,  612,  452,  406,  904, 1142,  599],
        [  765,    0,  705,  475,  314,  654,  460,  583,  587,   65,  679,  590,  759,  865,  385,  645,  480,   14,  397,  434,  775,  933,  863,  299,   72,  532,  246,  762,  505,  747,  812,  806,  836,  496,  338,  310,  371,  226,  127,  206,  395,  809,  126,  142,  676,  314,    0,  119,  787,   50,  523,  755,  655,  778,   42,  512,  320,  428,  369,  336,  214,  383,  382,   32,  503,  164,  879,  646,  543,  952,  290,  897,  277,  370,  892,  751,  387,  262,  428,  845,  232,  731,  907,  292,  827,  645,  473,  340,  243,  628,  187,  109,  424,  734,  322,  395,  789,  147,  747,  151,  677,  186,  484,  624,  900,  628],
        [  683,    0,  590,  540,  242,  581,  468,  508,  472,  179,  580,  566,  707,  747,  276,  534,  519,  133,  444,  384,  668,  815,  746,  323,  167,  449,  182,  645,  393,  632,  693,  688,  777,  426,  249,  308,  311,  235,  245,  164,  279,  694,  238,  256,  562,  399,  119,    0,  669,  159,  405,  654,  605,  670,  115,  486,  388,  363,  282,  222,  143,  347,  330,  149,  385,  172,  761,  534,  483,  881,  183,  779,  358,  335,  774,  698,  328,  297,  347,  727,  227,  678,  817,  233,  711,  540,  440,  235,  188,  545,  252,  214,  306,  622,  285,  320,  670,  246,  628,  213,  636,  243,  464,  513,  782,  576],
        [  528,    0,  137, 1069,  582,  551,  860,  527,  268,  843,  364,  796,  731,   87,  459,  241,  983,  801,  952,  635,  277,  190,   88,  825,  828,  550,  622,   68,  318,  232,   87,   57,  727,  551,  559,  765,  649,  762,  913,  671,  395,  131,  903,  916,  184, 1001,  787,  669,    0,  822,  267,  340,  695,  259,  774,  753,  960,  578,  513,  475,  626,  680,  680,  817,  284,  744,   99,  212,  611,  706,  537,  167,  958,  731,  112,  721,  606,  866,  569,   69,  766,  707,  519,  621,  124,  389,  773,  504,  640,  484,  856,  869,  365,  183,  673,  546,  116,  891,   51,  844,  749,  860,  763,  313,  174,  672],
        [  770,    0,  735,  429,  321,  656,  430,  587,  630,   23,  694,  570,  749,  898,  431,  669,  441,   41,  356,  428,  796,  972,  896,  268,   95,  581,  254,  794,  531,  790,  850,  838,  829,  499,  387,  288,  420,  204,   99,  207,  428,  838,  119,   97,  703,  265,   50,  159,  822,    0,  560,  772,  645,  800,   49,  495,  274,  429,  382,  380,  226,  373,  430,   44,  539,  150,  912,  673,  539,  950,  336,  936,  230,  416,  928,  742,  386,  295,  477,  878,  276,  723,  915,  294,  856,  692,  518,  387,  246,  635,  145,   60,  458,  760,  313,  402,  828,   98,  783,  180,  664,  215,  465,  669,  940,  620],
        [  524,    0,  221,  851,  364,  486,  673,  431,  131,  582,  353,  659,  670,  349,  207,  228,  782,  537,  736,  464,  364,  414,  349,  603,  562,  368,  387,  255,  150,  270,  290,  295,  699,  410,  310,  549,  412,  528,  649,  430,  144,  320,  638,  656,  217,  760,  523,  405,  267,  560,    0,  389,  601,  356,  513,  597,  726,  406,  309,  212,  382,  489,  446,  553,   34,  499,  363,  205,  485,  736,  274,  379,  716,  492,  370,  660,  418,  606,  347,  330,  506,  641,  591,  400,  332,  289,  554,  246,  407,  418,  610,  610,  110,  277,  464,  358,  272,  635,  224,  578,  653,  595,  597,  211,  384,  572],
        [  191,    0,  220,  880,  459,  247,  640,  259,  490,  794,   82,  523,  406,  338,  577,  162,  773,  768,  769,  427,   69,  514,  332,  666,  817,  757,  523,  273,  283,  544,  426,  296,  390,  327,  674,  601,  783,  635,  870,  574,  409,  225,  881,  851,  190,  867,  755,  654,  340,  772,  389,    0,  394,   88,  726,  505,  811,  386,  392,  554,  547,  490,  817,  786,  372,  647,  347,  188,  353,  372,  610,  499,  828,  858,  417,  398,  429,  927,  729,  328,  833,  386,  204,  494,  245,  651,  933,  603,  535,  198,  747,  801,  402,  159,  515,  386,  449,  809,  359,  865,  445,  891,  527,  566,  507,  379],
        [  237,    0,  558,  561,  367,  149,  316,  173,  731,  661,  338,  148,  105,  717,  699,  456,  440,  661,  470,  223,  460,  883,  712,  423,  726,  918,  424,  630,  452,  845,  774,  665,  188,  203,  760,  372,  863,  447,  730,  452,  515,  606,  763,  686,  512,  615,  655,  605,  695,  645,  601,  394,    0,  478,  614,  176,  549,  248,  354,  646,  462,  273,  892,  678,  569,  496,  729,  487,  129,  328,  673,  861,  588,  915,  791,   97,  277,  899,  849,  704,  830,   79,  387,  372,  628,  887, 1014,  697,  420,  212,  551,  644,  535,  521,  333,  300,  785,  632,  695,  800,   55,  835,  210,  811,  868,   32],
        [  278,    0,  155,  944,  497,  330,  708,  333,  440,  822,  146,  602,  493,  251,  556,  140,  840,  791,  830,  488,   20,  428,  245,  719,  836,  718,  557,  193,  281,  474,  345,  212,  477,  390,  657,  655,  763,  680,  898,  609,  407,  139,  903,  883,  140,  917,  778,  670,  259,  800,  356,   88,  478,    0,  753,  578,  864,  442,  427,  543,  577,  549,  797,  809,  346,  684,  260,  153,  426,  448,  601,  415,  877,  841,  331,  485,  482,  929,  702,  242,  832,  473,  264,  535,  158,  596,  909,  588,  571,  275,  790,  833,  392,   89,  565,  432,  371,  845,  284,  876,  530,  900,  598,  511,  423,  461],
        [  729,    0,  687,  446,  279,  617,  420,  547,  585,   71,  649,  548,  718,  850,  390,  621,  444,   48,  363,  395,  749,  925,  848,  260,  112,  550,  211,  746,  483,  746,  802,  790,  796,  460,  353,  269,  396,  185,  146,  168,  380,  789,  158,  144,  655,  292,   42,  115,  774,   49,  513,  726,  614,  753,    0,  471,  291,  390,  337,  337,  181,  343,  409,   65,  491,  123,  864,  625,  504,  914,  296,  889,  253,  402,  881,  711,  349,  303,  447,  830,  267,  691,  873,  255,  808,  653,  506,  347,  206,  593,  155,  100,  410,  712,  281,  360,  781,  132,  735,  192,  636,  228,  443,  627,  893,  588],
        [  389,    0,  619,  393,  274,  274,  144,  247,  724,  509,  432,   80,  272,  793,  641,  515,  275,  517,  296,  135,  563,  942,  788,  252,  582,  862,  311,  694,  460,  861,  823,  735,  361,  202,  682,  210,  775,  291,  572,  323,  479,  689,  610,  524,  572,  439,  512,  486,  753,  495,  597,  505,  176,  578,  471,    0,  373,  191,  298,  582,  349,  141,  801,  532,  563,  349,  806,  542,  153,  504,  594,  915,  413,  815,  859,  267,  190,  768,  779,  777,  711,  252,  547,  262,  711,  867,  919,  629,  301,  308,  385,  484,  507,  598,  202,  242,  825,  469,  741,  662,  177,  697,   34,  800,  921,  164],
        [  742,    0,  846,  156,  380,  621,  247,  569,  825,  271,  730,  426,  644, 1023,  655,  757,  189,  313,  105,  389,  854, 1133, 1020,  145,  363,  836,  341,  916,  643,  985, 1007,  961,  733,  487,  637,  210,  686,  199,  291,  296,  582,  940,  344,  230,  805,   67,  320,  388,  960,  274,  726,  811,  549,  864,  291,  373,    0,  425,  451,  595,  345,  323,  699,  317,  696,  233, 1038,  772,  488,  876,  568, 1100,   57,  689, 1071,  639,  383,  559,  734, 1005,  549,  625,  900,  341,  961,  920,  791,  618,  321,  629,  137,  223,  616,  851,  299,  433,  995,  186,  931,  444,  545,  476,  340,  880, 1105,  533],
        [  343,    0,  450,  504,  121,  228,  283,  160,  534,  448,  305,  258,  347,  628,  462,  350,  408,  437,  389,   59,  431,  765,  624,  280,  498,  684,  185,  524,  273,  672,  643,  567,  415,   71,  516,  215,  617,  257,  522,  223,  291,  532,  547,  490,  404,  482,  428,  363,  578,  429,  406,  386,  248,  442,  390,  191,  425,    0,  113,  406,  222,  108,  646,  455,  373,  284,  641,  372,  122,  524,  428,  736,  444,  668,  688,  338,   46,  659,  608,  610,  585,  317,  494,  137,  554,  678,  767,  456,  186,  213,  371,  442,  317,  441,  132,   55,  642,  442,  562,  566,  287,  600,  192,  610,  742,  217],
