{
    "name": "random-30-14835",
    "comment": "size=30 seed=14835",
    "nodes": ["+0", "-0", "+1", "-1", "+2", "-2", "+3", "-3", "+4", "-4", "+5", "-5", "+6", "-6", "+7", "-7", "+8", "-8", "+9", "-9", "+10", "-10", "+11", "-11", "+12", "-12", "+13", "-13", "+14", "-14", "+15", "-15", "+16", "-16", "+17", "-17", "+18", "-18", "+19", "-19", "+20", "-20", "+21", "-21", "+22", "-22", "+23", "-23", "+24", "-24", "+25", "-25", "+26", "-26", "+27", "-27", "+28", "-28", "+29", "-29", "+30", "-30"],
    "precedence": {
        "+0": "-0",
        "+1": "-1",
        "+2": "-2",
        "+3": "-3",
        "+4": "-4",
        "+5": "-5",
        "+6": "-6",
        "+7": "-7",
        "+8": "-8",
        "+9": "-9",
        "+10": "-10",
        "+11": "-11",
        "+12": "-12",
        "+13": "-13",
        "+14": "-14",
        "+15": "-15",
        "+16": "-16",
        "+17": "-17",
        "+18": "-18",
        "+19": "-19",
        "+20": "-20",
        "+21": "-21",
        "+22": "-22",
        "+23": "-23",
        "+24": "-24",
        "+25": "-25",
        "+26": "-26",
        "+27": "-27",
        "+28": "-28",
        "+29": "-29",
        "+30": "-30"
    },
    "edges": [
        [    0,    0,  538,  607,  104,  230,  624,  814,  475,  235,  725,  673,  646,  790,  123,  541,  188,  319,  512,  601,  171,  535,  126,  201,  204,  428,  653,  563,  815,  383,  794,  824,  767,  453,  476,  298,  933,  737,  726,  131,  102,  682,  526,  360,  691,  847,  418,  490,  293,  227,  461,  957,  659,  329,  829,  752,  641,  810,  769,  120,  601,  515],
        [    0,    0,  538,  607,  104,  230,  624,  814,  475,  235,  725,  673,  646,  790,  123,  541,  188,  319,  512,  601,  171,  535,  126,  201,  204,  428,  653,  563,  815,  383,  794,  824,  767,  453,  476,  298,  933,  737,  726,  131,  102,  682,  526,  360,  691,  847,  418,  490,  293,  227,  461,  957,  659,  329,  829,  752,  641,  810,  769,  120,  601,  515],
        [  538,  538,    0,  179,  580,  309,  154,  319,  358,  629,  255,  173,  580,  460,  416,  836,  487,  570,  244,  226,  571,   25,  415,  688,  618,  241,  148,  858,  486,  607,  348,  352,  626,  202,  496,  286,  598,  254,  252,  408,  559,  198,  174,  571,  158,  311,  629,  118,  497,  698,  661,  647,  304,  316,  349,  486,  104,  527,  450,  481,  201,  495],
        [  607,  607,  179,    0,  619,  392,   46,  211,  260,  631,  390,  305,  758,  623,  489,  984,  605,  711,  422,  399,  681,  156,  497,  714,  730,  409,   97, 1007,  648,  557,  195,  470,  804,  160,  665,  419,  752,  134,  385,  479,  597,  335,  353,  525,  167,  293,  782,  125,  472,  800,  817,  805,  473,  464,  223,  657,  189,  695,  616,  519,   29,  668],
        [  104,  104,  580,  619,    0,  279,  642,  829,  446,  133,  788,  728,  747,  875,  183,  633,  291,  422,  590,  673,  270,  572,  196,  113,  297,  506,  678,  654,  901,  295,  796,  889,  866,  460,  577,  374, 1020,  752,  788,  186,   22,  741,  594,  278,  724,  880,  521,  512,  228,  298,  563, 1046,  736,  415,  839,  842,  682,  900,  854,  101,  609,  615],
        [  230,  230,  309,  392,  279,    0,  402,  594,  334,  358,  510,  450,  561,  617,  107,  630,  226,  357,  326,  399,  292,  306,  108,  391,  342,  245,  428,  653,  643,  410,  584,  611,  661,  252,  408,  125,  764,  518,  509,  100,  260,  462,  319,  375,  462,  618,  448,  269,  287,  409,  490,  798,  468,  186,  612,  597,  412,  653,  598,  188,  391,  433],
        [  624,  624,  154,   46,  642,  402,    0,  192,  303,  662,  348,  263,  733,  584,  504,  978,  609,  708,  397,  365,  687,  135,  509,  741,  736,  392,   52, 1001,  609,  596,  198,  425,  773,  189,  648,  416,  711,  116,  342,  494,  621,  294,  326,  563,  121,  254,  774,  135,  506,  809,  807,  764,  437,  457,  212,  622,  147,  657,  578,  542,   75,  648],
        [  814,  814,  319,  211,  829,  594,  192,    0,  446,  838,  405,  341,  865,  655,  695, 1154,  797,  888,  540,  480,  877,  308,  701,  925,  925,  556,  173, 1176,  675,  750,  101,  445,  883,  371,  806,  600,  757,   78,  398,  686,  808,  368,  467,  721,  180,  158,  947,  326,  676, 1000,  978,  815,  534,  634,   44,  712,  250,  734,  655,  730,  224,  799],
        [  475,  475,  358,  260,  446,  334,  303,  446,    0,  415,  611,  526,  856,  810,  388,  961,  553,  690,  548,  570,  604,  335,  405,  518,  651,  496,  354,  984,  837,  304,  384,  703,  934,  158,  722,  431,  952,  377,  606,  377,  427,  553,  498,  276,  422,  552,  781,  240,  245,  698,  823,  999,  650,  494,  441,  822,  423,  870,  797,  361,  236,  740],
        [  235,  235,  629,  631,  133,  358,  662,  838,  415,    0,  859,  790,  869,  972,  284,  763,  419,  553,  682,  756,  402,  616,  303,  117,  428,  600,  704,  784,  999,  184,  791,  960,  985,  473,  701,  471, 1119,  763,  857,  282,  135,  807,  675,  179,  758,  911,  653,  541,  170,  421,  696, 1150,  826,  520,  841,  947,  727, 1004,  953,  174,  615,  737],
        [  725,  725,  255,  390,  788,  510,  348,  405,  611,  859,    0,   86,  496,  251,  609,  870,  616,  645,  242,  142,  704,  277,  601,  901,  744,  312,  305,  889,  272,  857,  484,  102,  488,  457,  490,  430,  365,  382,    8,  604,  769,   58,  202,  820,  246,  288,  668,  372,  742,  833,  686,  420,  149,  421,  448,  310,  202,  330,  251,  696,  419,  468],
        [  673,  673,  173,  305,  728,  450,  263,  341,  526,  790,   86,    0,  531,  325,  553,  871,  582,  630,  232,  147,  670,  194,  547,  839,  713,  284,  223,  891,  348,  778,  411,  179,  542,  373,  498,  386,  448,  308,   81,  547,  709,   31,  171,  742,  170,  250,  665,  288,  667,  800,  688,  502,  194,  389,  382,  374,  117,  402,  322,  633,  333,  483],
        [  646,  646,  580,  758,  747,  561,  733,  865,  856,  869,  496,  531,    0,  325,  592,  452,  460,  367,  337,  387,  514,  602,  571,  845,  524,  364,  715,  464,  333,  965,  919,  532,  130,  716,  170,  439,  402,  817,  502,  597,  738,  509,  408,  932,  686,  777,  310,  662,  844,  603,  297,  393,  347,  376,  904,  240,  617,  279,  306,  702,  778,  133],
        [  790,  790,  460,  623,  875,  617,  584,  655,  810,  972,  251,  325,  325,    0,  694,  765,  635,  606,  291,  241,  715,  485,  679,  986,  742,  373,  547,  779,   28, 1012,  733,  236,  267,  653,  404,  503,  148,  631,  258,  694,  860,  295,  317,  975,  494,  529,  590,  574,  890,  832,  592,  189,  161,  462,  697,   87,  440,   81,   24,  799,  650,  366],
        [  123,  123,  416,  489,  183,  107,  504,  695,  388,  284,  609,  553,  592,  694,    0,  580,  176,  321,  408,  490,  216,  412,   23,  296,  263,  324,  532,  604,  720,  380,  680,  709,  704,  341,  427,  192,  840,  618,  609,   12,  167,  564,  413,  349,  568,  724,  420,  370,  265,  318,  464,  868,  554,  237,  712,  665,  519,  722,  674,  111,  486,  460],
        [  541,  541,  836,  984,  633,  630,  978, 1154,  961,  763,  870,  871,  452,  765,  580,    0,  408,  276,  640,  732,  374,  848,  561,  682,  338,  602,  983,   24,  777,  923, 1175,  936,  566,  874,  381,  567,  854, 1087,  875,  591,  638,  860,  705,  900,  983, 1114,  208,  862,  829,  350,  184,  843,  732,  522, 1184,  684,  914,  729,  743,  653,  993,  409],
        [  188,  188,  487,  605,  291,  226,  609,  797,  553,  419,  616,  582,  460,  635,  176,  408,    0,  146,  381,  479,   89,  492,  155,  385,  133,  305,  625,  432,  658,  546,  799,  708,  583,  476,  291,  202,  771,  723,  618,  186,  285,  583,  416,  518,  644,  794,  246,  480,  438,  219,  290,  789,  522,  196,  820,  586,  583,  644,  612,  268,  609,  330],
        [  319,  319,  570,  711,  422,  357,  708,  888,  690,  553,  645,  630,  367,  606,  321,  276,  146,    0,  405,  504,  158,  581,  300,  503,  158,  348,  716,  299,  625,  690,  904,  726,  496,  598,  211,  293,  727,  819,  649,  331,  420,  625,  459,  662,  723,  863,  101,  588,  583,  238,  145,  735,  526,  255,  916,  542,  656,  597,  583,  412,  719,  254],
        [  512,  512,  244,  422,  590,  326,  397,  540,  548,  682,  242,  232,  337,  291,  408,  640,  381,  405,    0,  100,  468,  266,  395,  702,  506,   85,  381,  660,  318,  724,  586,  329,  390,  397,  270,  217,  439,  486,  245,  406,  574,  222,   73,  687,  361,  477,  434,  333,  601,  596,  457,  475,  147,  188,  576,  280,  290,  334,  273,  510,  443,  260],
        [  601,  601,  226,  399,  673,  399,  365,  480,  570,  756,  142,  147,  387,  241,  490,  732,  479,  504,  100,    0,  567,  250,  480,  785,  605,  176,  338,  751,  268,  778,  539,  230,  410,  412,  355,  303,  386,  436,  146,  488,  655,  131,   82,  742,  302,  396,  528,  336,  658,  695,  548,  430,   81,  284,  519,  261,  235,  303,  228,  587,  423,  337],
        [  171,  171,  571,  681,  270,  292,  687,  877,  604,  402,  704,  670,  514,  715,  216,  374,   89,  158,  468,  567,    0,  575,  200,  345,   50,  393,  706,  397,  737,  552,  875,  796,  642,  544,  349,  288,  847,  802,  707,  227,  271,  672,  504,  528,  728,  879,  253,  556,  455,  130,  295,  862,  608,  284,  899,  661,  668,  719,  692,  279,  682,  391],
        [  535,  535,   25,  156,  572,  306,  135,  308,  335,  616,  277,  194,  602,  485,  412,  848,  492,  581,  266,  250,  575,    0,  413,  679,  623,  258,  135,  870,  511,  588,  331,  372,  650,  180,  514,  293,  622,  240,  273,  404,  551,  219,  198,  553,  156,  312,  643,   96,  481,  701,  675,  672,  328,  327,  336,  510,  112,  552,  475,  473,  177,  514],
        [  126,  126,  415,  497,  196,  108,  509,  701,  405,  303,  601,  547,  571,  679,   23,  561,  155,  300,  395,  480,  200,  413,    0,  308,  247,  310,  536,  584,  705,  402,  688,  700,  684,  351,  405,  178,  824,  624,  601,   32,  181,  557,  403,  371,  569,  725,  398,  375,  287,  306,  442,  852,  541,  220,  718,  648,  518,  706,  659,  131,  494,  439],
        [  201,  201,  688,  714,  113,  391,  741,  925,  518,  117,  901,  839,  845,  986,  296,  682,  385,  503,  702,  785,  345,  679,  308,    0,  359,  618,  780,  701, 1012,  300,  885, 1001,  967,  555,  675,  486, 1130,  848,  900,  298,  132,  853,  707,  296,  828,  984,  598,  614,  278,  332,  638, 1156,  849,  525,  931,  951,  790, 1009,  965,  207,  702,  714],
        [  204,  204,  618,  730,  297,  342,  736,  925,  651,  428,  744,  713,  524,  742,  263,  338,  133,  158,  506,  605,   50,  623,  247,  359,    0,  433,  754,  360,  764,  586,  924,  834,  653,  593,  363,  334,  872,  851,  747,  274,  301,  714,  546,  563,  775,  926,  243,  605,  494,   91,  281,  884,  642,  325,  947,  685,  715,  742,  719,  318,  731,  406],
        [  428,  428,  241,  409,  506,  245,  392,  556,  496,  600,  312,  284,  364,  373,  324,  602,  305,  348,   85,  176,  393,  258,  310,  618,  433,    0,  387,  623,  399,  649,  588,  405,  440,  353,  257,  133,  520,  493,  314,  323,  490,  282,  114,  613,  382,  516,  394,  302,  525,  522,  423,  553,  231,  110,  588,  354,  313,  409,  353,  427,  425,  260],
        [  653,  653,  148,   97,  678,  428,   52,  173,  354,  704,  305,  223,  715,  547,  532,  983,  625,  716,  381,  338,  706,  135,  536,  780,  754,  387,    0, 1005,  571,  644,  205,  378,  747,  233,  641,  428,  670,  107,  299,  523,  657,  254,  309,  611,   71,  208,  776,  167,  552,  831,  808,  724,  405,  462,  202,  590,  108,  622,  542,  578,  125,  638],
        [  563,  563,  858, 1007,  654,  653, 1001, 1176,  984,  784,  889,  891,  464,  779,  604,   24,  432,  299,  660,  751,  397,  870,  584,  701,  360,  623, 1005,    0,  790,  945, 1198,  953,  575,  897,  399,  589,  865, 1109,  894,  614,  660,  880,  725,  923, 1005, 1135,  229,  885,  851,  370,  204,  853,  750,  544, 1206,  698,  935,  741,  758,  675, 1016,  426],
        [  815,  815,  486,  648,  901,  643,  609,  675,  837,  999,  272,  348,  333,   28,  720,  777,  658,  625,  318,  268,  737,  511,  705, 1012,  764,  399,  571,  790,    0, 1039,  755,  249,  264,  679,  421,  529,  121,  653,  279,  720,  886,  318,  344, 1002,  516,  546,  606,  601,  917,  853,  606,  162,  188,  487,  718,   93,  464,   69,   47,  825,  675,  382],
        [  383,  383,  607,  557,  295,  410,  596,  750,  304,  184,  857,  778,  965, 1012,  380,  923,  546,  690,  724,  778,  552,  588,  402,  300,  586,  649,  644,  945, 1039,    0,  686,  956, 1070,  417,  804,  534, 1160,  680,  854,  373,  287,  801,  698,   37,  708,  849,  790,  499,  124,  593,  834, 1198,  855,  594,  744, 1002,  693, 1057,  995,  279,  535,  834],
        [  794,  794,  348,  195,  796,  584,  198,  101,  384,  791,  484,  411,  919,  733,  680, 1175,  799,  904,  586,  539,  875,  331,  688,  885,  924,  588,  205, 1198,  755,  686,    0,  534,  948,  341,  843,  611,  843,  104,  477,  669,  775,  440,  513,  659,  242,  257,  971,  320,  623,  993, 1005,  900,  602,  654,   69,  784,  305,  811,  731,  699,  194,  841],
        [  824,  824,  352,  470,  889,  611,  425,  445,  703,  960,  102,  179,  532,  236,  709,  936,  708,  726,  329,  230,  796,  372,  700, 1001,  834,  405,  378,  953,  249,  956,  534,    0,  499,  551,  555,  528,  314,  438,  103,  705,  870,  156,  299,  920,  312,  304,  739,  467,  843,  924,  753,  372,  204,  513,  488,  315,  284,  316,  246,  798,  499,  528],
        [  767,  767,  626,  804,  866,  661,  773,  883,  934,  985,  488,  542,  130,  267,  704,  566,  583,  496,  390,  410,  642,  650,  684,  967,  653,  440,  747,  575,  264, 1070,  948,  499,    0,  785,  294,  537,  300,  844,  495,  708,  856,  515,  454, 1035,  708,  775,  439,  722,  947,  733,  423,  280,  349,  476,  924,  185,  643,  198,  254,  815,  827,  254],
        [  453,  453,  202,  160,  460,  252,  189,  371,  158,  473,  457,  373,  716,  653,  341,  874,  476,  598,  397,  412,  544,  180,  351,  555,  593,  353,  233,  897,  679,  417,  341,  551,  785,    0,  594,  314,  795,  294,  453,  330,  438,  399,  343,  382,  292,  440,  680,   85,  320,  657,  719,  841,  493,  372,  380,  667,  278,  713,  640,  361,  150,  606],
        [  476,  476,  496,  665,  577,  408,  648,  806,  722,  701,  490,  498,  170,  404,  427,  381,  291,  211,  270,  355,  349,  514,  405,  675,  363,  257,  641,  399,  421,  804,  843,  555,  294,  594,    0,  293,  518,  747,  496,  433,  569,  485,  341,  771,  628,  746,  188,  555,  684,  447,  198,  525,  352,  229,  840,  334,  557,  388,  381,  536,  680,   43],
        [  298,  298,  286,  419,  374,  125,  416,  600,  431,  471,  430,  386,  439,  503,  192,  567,  202,  293,  217,  303,  288,  293,  178,  486,  334,  133,  428,  589,  529,  534,  611,  528,  537,  314,  293,    0,  649,  529,  432,  191,  358,  392,  230,  499,  443,  592,  368,  296,  411,  417,  406,  680,  363,   65,  626,  477,  381,  534,  483,  297,  427,  314],
        [  933,  933,  598,  752, 1020,  764,  711,  757,  952, 1119,  365,  448,  402,  148,  840,  854,  771,  727,  439,  386,  847,  622,  824, 1130,  872,  520,  670,  865,  121, 1160,  843,  314,  300,  795,  518,  649,    0,  743,  372,  840, 1005,  418,  464, 1123,  610,  616,  697,  714, 1038,  960,  692,   59,  306,  605,  800,  187,  565,  131,  167,  946,  780,  477],
        [  737,  737,  254,  134,  752,  518,  116,   78,  377,  763,  382,  308,  817,  631,  618, 1087,  723,  819,  486,  436,  802,  240,  624,  848,  851,  493,  107, 1109,  653,  680,  104,  438,  844,  294,  747,  529,  743,    0,  375,  609,  731,  337,  413,  649,  138,  188,  882,  249,  601,  925,  914,  800,  498,  566,   98,  680,  202,  708,  628,  652,  149,  743],
        [  726,  726,  252,  385,  788,  509,  342,  398,  606,  857,    8,   81,  502,  258,  609,  875,  618,  649,  245,  146,  707,  273,  601,  900,  747,  314,  299,  894,  279,  854,  477,  103,  495,  453,  496,  432,  372,  375,    0,  604,  769,   54,  204,  818,  240,  281,  673,  368,  740,  836,  691,  427,  156,  423,  440,  317,  196,  337,  258,  696,  413,  474],
        [  131,  131,  408,  479,  186,  100,  494,  686,  377,  282,  604,  547,  597,  694,   12,  591,  186,  331,  406,  488,  227,  404,   32,  298,  274,  323,  523,  614,  720,  373,  669,  705,  708,  330,  433,  191,  840,  609,  604,    0,  168,  559,  409,  341,  560,  716,  430,  360,  257,  329,  473,  869,  552,  239,  702,  666,  511,  723,  674,  108,  476,  465],
        [  102,  102,  559,  597,   22,  260,  621,  808,  427,  135,  769,  709,  738,  860,  167,  638,  285,  420,  574,  655,  271,  551,  181,  132,  301,  490,  657,  660,  886,  287,  775,  870,  856,  438,  569,  358, 1005,  731,  769,  168,    0,  722,  576,  268,  703,  859,  519,  490,  212,  308,  562, 1033,  720,  401,  818,  828,  661,  886,  839,   80,  587,  606],
        [  682,  682,  198,  335,  741,  462,  294,  368,  553,  807,   58,   31,  509,  295,  564,  860,  583,  625,  222,  131,  672,  219,  557,  853,  714,  282,  254,  880,  318,  801,  440,  156,  515,  399,  485,  392,  418,  337,   54,  559,  722,    0,  169,  764,  200,  269,  656,  314,  688,  802,  677,  471,  168,  389,  410,  345,  148,  372,  292,  648,  363,  467],
        [  526,  526,  174,  353,  594,  319,  326,  467,  498,  675,  202,  171,  408,  317,  413,  705,  416,  459,   73,   82,  504,  198,  403,  707,  546,  114,  309,  725,  344,  698,  513,  299,  454,  343,  341,  230,  464,  413,  204,  409,  576,  169,    0,  661,  289,  410,  498,  272,  578,  634,  523,  506,  158,  221,  504,  325,  218,  372,  302,  507,  374,  332],
        [  360,  360,  571,  525,  278,  375,  563,  721,  276,  179,  820,  742,  932,  975,  349,  900,  518,  662,  687,  742,  528,  553,  371,  296,  563,  613,  611,  923, 1002,   37,  659,  920, 1035,  382,  771,  499, 1123,  649,  818,  341,  268,  764,  661,    0,  674,  816,  763,  463,   89,  575,  807, 1161,  819,  560,  716,  965,  658, 1020,  958,  252,  503,  801],
        [  691,  691,  158,  167,  724,  462,  121,  180,  422,  758,  246,  170,  686,  494,  568,  983,  644,  723,  361,  302,  728,  156,  569,  828,  775,  382,   71, 1005,  516,  708,  242,  312,  708,  292,  628,  443,  610,  138,  240,  560,  703,  200,  289,  674,    0,  157,  776,  218,  611,  856,  805,  666,  361,  469,  218,  543,   71,  571,  491,  624,  195,  620],
        [  847,  847,  311,  293,  880,  618,  254,  158,  552,  911,  288,  250,  777,  529,  724, 1114,  794,  863,  477,  396,  879,  312,  725,  984,  926,  516,  208, 1135,  546,  849,  257,  304,  775,  440,  746,  592,  616,  188,  281,  716,  859,  269,  410,  816,  157,    0,  907,  371,  759, 1008,  932,  675,  433,  611,  197,  596,  211,  610,  533,  780,  317,  732],
        [  418,  418,  629,  782,  521,  448,  774,  947,  781,  653,  668,  665,  310,  590,  420,  208,  246,  101,  434,  528,  253,  643,  398,  598,  243,  394,  776,  229,  606,  790,  971,  739,  439,  680,  188,  368,  697,  882,  673,  430,  519,  656,  498,  763,  776,  907,    0,  661,  683,  307,   45,  697,  535,  318,  978,  516,  707,  568,  567,  512,  792,  225],
        [  490,  490,  118,  125,  512,  269,  135,  326,  240,  541,  372,  288,  662,  574,  370,  862,  480,  588,  333,  336,  556,   96,  375,  614,  605,  302,  167,  885,  601,  499,  320,  467,  722,   85,  555,  296,  714,  249,  368,  360,  490,  314,  272,  463,  218,  371,  661,    0,  396,  677,  698,  762,  416,  345,  344,  594,  195,  638,  563,  411,  132,  562],
        [  293,  293,  497,  472,  228,  287,  506,  676,  245,  170,  742,  667,  844,  890,  265,  829,  438,  583,  601,  658,  455,  481,  287,  278,  494,  525,  552,  851,  917,  124,  623,  843,  947,  320,  684,  411, 1038,  601,  740,  257,  212,  688,  578,   89,  611,  759,  683,  396,    0,  516,  727, 1075,  735,  472,  676,  879,  589,  934,  873,  176,  453,  714],
        [  227,  227,  698,  800,  298,  409,  809, 1000,  698,  421,  833,  800,  603,  832,  318,  350,  219,  238,  596,  695,  130,  701,  306,  332,   91,  522,  831,  370,  853,  593,  993,  924,  733,  657,  447,  417,  960,  925,  836,  329,  308,  802,  634,  575,  856, 1008,  307,  677,  516,    0,  340,  970,  733,  413, 1020,  773,  797,  830,  809,  346,  799,  490],
        [  461,  461,  661,  817,  563,  490,  807,  978,  823,  696,  686,  688,  297,  592,  464,  184,  290,  145,  457,  548,  295,  675,  442,  638,  281,  423,  808,  204,  606,  834, 1005,  753,  423,  719,  198,  406,  692,  914,  691,  473,  562,  677,  523,  807,  805,  932,   45,  698,  727,  340,    0,  688,  549,  354, 1010,  515,  735,  564,  569,  556,  828,  229],
        [  957,  957,  647,  805, 1046,  798,  764,  815,  999, 1150,  420,  502,  393,  189,  868,  843,  789,  735,  475,  430,  862,  672,  852, 1156,  884,  553,  724,  853,  162, 1198,  900,  372,  280,  841,  525,  680,   59,  800,  427,  869, 1033,  471,  506, 1161,  666,  675,  697,  762, 1075,  970,  688,    0,  350,  632,  858,  205,  619,  147,  204,  976,  833,  482],
        [  659,  659,  304,  473,  736,  468,  437,  534,  650,  826,  149,  194,  347,  161,  554,  732,  522,  526,  147,   81,  608,  328,  541,  849,  642,  231,  405,  750,  188,  855,  602,  204,  349,  493,  352,  363,  306,  498,  156,  552,  720,  168,  158,  819,  361,  433,  535,  416,  735,  733,  549,  350,    0,  333,  576,  186,  299,  224,  148,  654,  498,  325],
        [  329,  329,  316,  464,  415,  186,  457,  634,  494,  520,  421,  389,  376,  462,  237,  522,  196,  255,  188,  284,  284,  327,  220,  525,  325,  110,  462,  544,  487,  594,  654,  513,  476,  372,  229,   65,  605,  566,  423,  239,  401,  389,  221,  560,  469,  611,  318,  345,  472,  413,  354,  632,  333,    0,  663,  428,  403,  486,  441,  347,  475,  250],
        [  829,  829,  349,  223,  839,  612,  212,   44,  441,  841,  448,  382,  904,  697,  712, 1184,  820,  916,  576,  519,  899,  336,  718,  931,  947,  588,  202, 1206,  718,  744,   69,  488,  924,  380,  840,  626,  800,   98,  440,  702,  818,  410,  504,  716,  218,  197,  978,  344,  676, 1020, 1010,  858,  576,  663,    0,  754,  288,  777,  698,  740,  231,  835],
        [  752,  752,  486,  657,  842,  597,  622,  712,  822,  947,  310,  374,  240,   87,  665,  684,  586,  542,  280,  261,  661,  510,  648,  951,  685,  354,  590,  698,   93, 1002,  784,  315,  185,  667,  334,  477,  187,  680,  317,  666,  828,  345,  325,  965,  543,  596,  516,  594,  879,  773,  515,  205,  186,  428,  754,    0,  483,   59,   71,  773,  683,  293],
        [  641,  641,  104,  189,  682,  412,  147,  250,  423,  727,  202,  117,  617,  440,  519,  914,  583,  656,  290,  235,  668,  112,  518,  790,  715,  313,  108,  935,  464,  693,  305,  284,  643,  278,  557,  381,  565,  202,  196,  511,  661,  148,  218,  658,   71,  211,  707,  195,  589,  797,  735,  619,  299,  403,  288,  483,    0,  515,  435,  583,  218,  550],
        [  810,  810,  527,  695,  900,  653,  657,  734,  870, 1004,  330,  402,  279,   81,  722,  729,  644,  597,  334,  303,  719,  552,  706, 1009,  742,  409,  622,  741,   69, 1057,  811,  316,  198,  713,  388,  534,  131,  708,  337,  723,  886,  372,  372, 1020,  571,  610,  568,  638,  934,  830,  564,  147,  224,  486,  777,   59,  515,    0,   81,  830,  721,  347],
        [  769,  769,  450,  616,  854,  598,  578,  655,  797,  953,  251,  322,  306,   24,  674,  743,  612,  583,  273,  228,  692,  475,  659,  965,  719,  353,  542,  758,   47,  995,  731,  246,  254,  640,  381,  483,  167,  628,  258,  674,  839,  292,  302,  958,  491,  533,  567,  563,  873,  809,  569,  204,  148,  441,  698,   71,  435,   81,    0,  779,  642,  343],
        [  120,  120,  481,  519,  101,  188,  542,  730,  361,  174,  696,  633,  702,  799,  111,  653,  268,  412,  510,  587,  279,  473,  131,  207,  318,  427,  578,  675,  825,  279,  699,  798,  815,  361,  536,  297,  946,  652,  696,  108,   80,  648,  507,  252,  624,  780,  512,  411,  176,  346,  556,  976,  654,  347,  740,  773,  583,  830,  779,    0,  510,  569],
        [  601,  601,  201,   29,  609,  391,   75,  224,  236,  615,  419,  333,  778,  650,  486,  993,  609,  719,  443,  423,  682,  177,  494,  702,  731,  425,  125, 1016,  675,  535,  194,  499,  827,  150,  680,  427,  780,  149,  413,  476,  587,  363,  374,  503,  195,  317,  792,  132,  453,  799,  828,  833,  498,  475,  231,  683,  218,  721,  642,  510,    0,  685],
        [  515,  515,  495,  668,  615,  433,  648,  799,  740,  737,  468,  483,  133,  366,  460,  409,  330,  254,  260,  337,  391,  514,  439,  714,  406,  260,  638,  426,  382,  834,  841,  528,  254,  606,   43,  314,  477,  743,  474,  465,  606,  467,  332,  801,  620,  732,  225,  562,  714,  490,  229,  482,  325,  250,  835,  293,  550,  347,  343,  569,  685,    0]
    ]
}
