{
    "name": "random-19-993",
    "comment": "size=19 seed=993",
    "nodes": ["+0", "-0", "+1", "-1", "+2", "-2", "+3", "-3", "+4", "-4", "+5", "-5", "+6", "-6", "+7", "-7", "+8", "-8", "+9", "-9", "+10", "-10", "+11", "-11", "+12", "-12", "+13", "-13", "+14", "-14", "+15", "-15", "+16", "-16", "+17", "-17", "+18", "-18", "+19", "-19"],
    "precedence": {
        "+0": "-0",
        "+1": "-1",
        "+2": "-2",
        "+3": "-3",
        "+4": "-4",
        "+5": "-5",
        "+6": "-6",
        "+7": "-7",
        "+8": "-8",
        "+9": "-9",
        "+10": "-10",
        "+11": "-11",
        "+12": "-12",
        "+13": "-13",
        "+14": "-14",
        "+15": "-15",
        "+16": "-16",
        "+17": "-17",
        "+18": "-18",
        "+19": "-19"
    },
    "edges": [
        [    0,    0,  564,  634,  487,  573,  707,  796,  509,  162,  336,  596,  256,   80,  337,  278,  596,  363,  488,  120,  489,  546,  297,  413,  635,  295,  262,  926,  281,  792,  908,  590, 1060,  768,  244,  480,  287,  295,  409,  560],
        [    0,    0,  564,  634,  487,  573,  707,  796,  509,  162,  336,  596,  256,   80,  337,  278,  596,  363,  488,  120,  489,  546,  297,  413,  635,  295,  262,  926,  281,  792,  908,  590, 1060,  768,  244,  480,  287,  295,  409,  560],
        [  564,  564,    0,  218,  247,  177,  555,  583,  669,  684,  529,   45,  715,  583,  385,  629,   40,  454,  878,  662,  539,  124,  648,  647,  804,  599,  315,  775,  680,  497,  727,  738,  812,  251,  578,  147,  737,  772,  156,  958],
        [  634,  634,  218,    0,  159,  395,  358,  372,  557,  781,  699,  248,  709,  626,  559,  774,  241,  633,  821,  749,  419,  116,  614,  568,  674,  561,  377,  564,  657,  279,  514,  610,  594,  159,  558,  168,  725,  766,  287,  896],
        [  487,  487,  247,  159,    0,  402,  332,  386,  431,  640,  603,  290,  551,  472,  475,  657,  284,  550,  673,  605,  296,  132,  458,  425,  561,  406,  240,  566,  500,  335,  526,  495,  643,  313,  401,  107,  567,  608,  214,  750],
        [  573,  573,  177,  395,  402,    0,  725,  758,  797,  658,  432,  152,  773,  614,  298,  555,  159,  349,  965,  647,  678,  295,  730,  758,  938,  687,  373,  949,  752,  673,  902,  873,  988,  402,  655,  296,  800,  827,  223, 1046],
        [  707,  707,  555,  358,  332,  725,    0,   98,  342,  868,  909,  593,  646,  659,  793,  938,  586,  867,  650,  825,  246,  432,  526,  414,  397,  483,  524,  237,  577,  174,  206,  347,  353,  475,  513,  434,  646,  692,  545,  708],
        [  796,  796,  583,  372,  386,  758,   98,    0,  437,  957,  980,  617,  744,  751,  858, 1017,  610,  932,  745,  915,  344,  464,  624,  512,  479,  580,  598,  193,  675,  118,  145,  435,  266,  461,  609,  480,  744,  790,  598,  801],
        [  509,  509,  669,  557,  431,  797,  342,  437,    0,  654,  804,  713,  350,  437,  733,  782,  708,  793,  309,  607,  139,  562,  236,  103,  145,  218,  459,  484,  281,  504,  488,   85,  654,  712,  266,  523,  340,  382,  576,  369],
        [  162,  162,  684,  781,  640,  658,  868,  957,  654,    0,  310,  710,  348,  219,  377,  194,  711,  369,  573,   47,  646,  684,  427,  553,  770,  437,  405, 1086,  396,  951, 1069,  732, 1221,  905,  389,  620,  376,  364,  532,  634],
        [  336,  336,  529,  699,  603,  432,  909,  980,  804,  310,    0,  537,  592,  414,  145,  138,  542,   85,  824,  327,  743,  584,  623,  720,  942,  607,  386, 1145,  613,  937, 1114,  889, 1242,  779,  557,  534,  623,  627,  413,  895],
        [  596,  596,   45,  248,  290,  152,  593,  617,  713,  710,  537,    0,  754,  618,  394,  644,    8,  459,  921,  690,  583,  164,  690,  691,  848,  642,  353,  809,  721,  526,  761,  782,  839,  255,  619,  191,  778,  811,  190, 1001],
        [  256,  256,  715,  709,  551,  773,  646,  744,  350,  348,  592,  754,    0,  182,  582,  521,  752,  616,  233,  305,  401,  654,  121,  249,  439,  166,  405,  826,   71,  777,  824,  414,  988,  863,  152,  592,   32,   58,  570,  304],
        [   80,   80,  583,  626,  472,  614,  659,  751,  437,  219,  414,  618,  182,    0,  402,  356,  618,  435,  412,  173,  430,  547,  219,  339,  559,  221,  269,  870,  202,  757,  856,  517, 1011,  767,  171,  481,  213,  226,  429,  485],
        [  337,  337,  385,  559,  475,  298,  793,  858,  733,  377,  145,  394,  582,  402,    0,  258,  398,   76,  806,  377,  652,  444,  584,  660,  876,  557,  283, 1030,  587,  806,  995,  817, 1117,  635,  511,  397,  613,  627,  274,  882],
        [  278,  278,  629,  774,  657,  555,  938, 1017,  782,  194,  138,  644,  521,  356,  258,    0,  647,  217,  752,  224,  744,  664,  575,  689,  912,  571,  422, 1168,  555,  989, 1143,  865, 1283,  872,  520,  606,  551,  546,  494,  817],
        [  596,  596,   40,  241,  284,  159,  586,  610,  708,  711,  542,    8,  752,  618,  398,  647,    0,  463,  918,  691,  578,  157,  687,  687,  843,  638,  351,  802,  718,  519,  753,  777,  832,  249,  616,  186,  775,  809,  189,  998],
        [  363,  363,  454,  633,  550,  349,  867,  932,  793,  369,   85,  459,  616,  435,   76,  217,  463,    0,  845,  378,  719,  518,  630,  716,  934,  608,  352, 1103,  628,  882, 1069,  878, 1192,  704,  560,  472,  647,  657,  348,  919],
        [  488,  488,  878,  821,  673,  965,  650,  745,  309,  573,  824,  921,  233,  412,  806,  752,  918,  845,    0,  533,  427,  795,  236,  256,  315,  281,  593,  772,  220,  811,  786,  326,  951,  979,  311,  740,  202,  210,  749,   81],
        [  120,  120,  662,  749,  605,  647,  825,  915,  607,   47,  327,  690,  305,  173,  377,  224,  691,  378,  533,    0,  601,  655,  381,  507,  724,  390,  373, 1041,  351,  912, 1025,  685, 1178,  877,  342,  590,  334,  325,  508,  595],
        [  489,  489,  539,  419,  296,  678,  246,  344,  139,  646,  743,  583,  401,  430,  652,  744,  578,  719,  427,  601,    0,  428,  280,  176,  266,  238,  370,  442,  332,  389,  430,  200,  591,  573,  272,  393,  401,  446,  461,  495],
        [  546,  546,  124,  116,  132,  295,  432,  464,  562,  684,  584,  164,  654,  547,  444,  664,  157,  518,  795,  655,  428,    0,  572,  552,  693,  521,  285,  654,  610,  385,  608,  627,  701,  223,  508,   67,  674,  712,  172,  873],
        [  297,  297,  648,  614,  458,  730,  526,  624,  236,  427,  623,  690,  121,  219,  584,  575,  687,  630,  236,  381,  280,  572,    0,  133,  344,   53,  358,  707,   52,  661,  703,  308,  867,  770,   76,  514,  122,  168,  515,  316],
        [  413,  413,  647,  568,  425,  758,  414,  512,  103,  553,  720,  691,  249,  339,  660,  689,  687,  716,  256,  507,  176,  552,  133,    0,  224,  119,  399,  579,  180,  564,  579,  179,  744,  726,  169,  503,  242,  285,  535,  329],
        [  635,  635,  804,  674,  561,  938,  397,  479,  145,  770,  942,  848,  439,  559,  876,  912,  843,  934,  315,  724,  266,  693,  344,  224,    0,  341,  603,  467,  378,  570,  489,   67,  650,  823,  392,  658,  421,  456,  718,  347],
        [  295,  295,  599,  561,  406,  687,  483,  580,  218,  437,  607,  642,  166,  221,  557,  571,  638,  608,  281,  390,  238,  521,   53,  119,  341,    0,  316,  673,  101,  613,  666,  297,  828,  718,   51,  463,  172,  217,  469,  361],
        [  262,  262,  315,  377,  240,  373,  524,  598,  459,  405,  386,  353,  405,  269,  283,  422,  351,  352,  593,  373,  370,  285,  358,  399,  603,  316,    0,  759,  380,  568,  729,  542,  863,  507,  283,  219,  430,  462,  165,  673],
        [  926,  926,  775,  564,  566,  949,  237,  193,  484, 1086, 1145,  809,  826,  870, 1030, 1168,  802, 1103,  772, 1041,  442,  654,  707,  579,  467,  673,  759,    0,  756,  300,   57,  447,  185,  647,  711,  665,  820,  863,  780,  813],
        [  281,  281,  680,  657,  500,  752,  577,  675,  281,  396,  613,  721,   71,  202,  587,  555,  718,  628,  220,  351,  332,  610,   52,  180,  378,  101,  380,  756,    0,  711,  754,  348,  918,  813,  103,  550,   72,  117,  541,  299],
        [  792,  792,  497,  279,  335,  673,  174,  118,  504,  951,  937,  526,  777,  757,  806,  989,  519,  882,  811,  912,  389,  385,  661,  564,  570,  613,  568,  300,  711,    0,  245,  518,  317,  348,  633,  414,  782,  828,  537,  873],
        [  908,  908,  727,  514,  526,  902,  206,  145,  488, 1069, 1114,  761,  824,  856,  995, 1143,  753, 1069,  786, 1025,  430,  608,  703,  579,  489,  666,  729,   57,  754,  245,    0,  461,  166,  592,  702,  623,  819,  864,  740,  831],
        [  590,  590,  738,  610,  495,  873,  347,  435,   85,  732,  889,  782,  414,  517,  817,  865,  777,  878,  326,  685,  200,  627,  308,  179,   67,  297,  542,  447,  348,  518,  461,    0,  626,  760,  347,  592,  399,  439,  654,  372],
        [ 1060, 1060,  812,  594,  643,  988,  353,  266,  654, 1221, 1242,  839,  988, 1011, 1117, 1283,  832, 1192,  951, 1178,  591,  701,  867,  744,  650,  828,  863,  185,  918,  317,  166,  626,    0,  633,  862,  728,  984, 1028,  851,  994],
        [  768,  768,  251,  159,  313,  402,  475,  461,  712,  905,  779,  255,  863,  767,  635,  872,  249,  704,  979,  877,  573,  223,  770,  726,  823,  718,  507,  647,  813,  348,  592,  760,  633,    0,  713,  289,  879,  920,  381, 1054],
        [  244,  244,  578,  558,  401,  655,  513,  609,  266,  389,  557,  619,  152,  171,  511,  520,  616,  560,  311,  342,  272,  508,   76,  169,  392,   51,  283,  711,  103,  633,  702,  347,  862,  713,    0,  448,  167,  209,  441,  391],
        [  480,  480,  147,  168,  107,  296,  434,  480,  523,  620,  534,  191,  592,  481,  397,  606,  186,  472,  740,  590,  393,   67,  514,  503,  658,  463,  219,  665,  550,  414,  623,  592,  728,  289,  448,    0,  612,  649,  125,  819],
        [  287,  287,  737,  725,  567,  800,  646,  744,  340,  376,  623,  778,   32,  213,  613,  551,  775,  647,  202,  334,  401,  674,  122,  242,  421,  172,  430,  820,   72,  782,  819,  399,  984,  879,  167,  612,    0,   46,  594,  273],
        [  295,  295,  772,  766,  608,  827,  692,  790,  382,  364,  627,  811,   58,  226,  627,  546,  809,  657,  210,  325,  446,  712,  168,  285,  456,  217,  462,  863,  117,  828,  864,  439, 1028,  920,  209,  649,   46,    0,  626,  272],
        [  409,  409,  156,  287,  214,  223,  545,  598,  576,  532,  413,  190,  570,  429,  274,  494,  189,  348,  749,  508,  461,  172,  515,  535,  718,  469,  165,  780,  541,  537,  740,  654,  851,  381,  441,  125,  594,  626,    0,  829],
        [  560,  560,  958,  896,  750, 1046,  708,  801,  369,  634,  895, 1001,  304,  485,  882,  817,  998,  919,   81,  595,  495,  873,  316,  329,  347,  361,  673,  813,  299,  873,  831,  372,  994, 1054,  391,  819,  273,  272,  829,    0]
    ]
}
