{
    "name": "random-23-13647",
    "comment": "size=23 seed=13647",
    "nodes": ["+0", "-0", "+1", "-1", "+2", "-2", "+3", "-3", "+4", "-4", "+5", "-5", "+6", "-6", "+7", "-7", "+8", "-8", "+9", "-9", "+10", "-10", "+11", "-11", "+12", "-12", "+13", "-13", "+14", "-14", "+15", "-15", "+16", "-16", "+17", "-17", "+18", "-18", "+19", "-19", "+20", "-20", "+21", "-21", "+22", "-22", "+23", "-23"],
    "precedence": {
        "+0": "-0",
        "+1": "-1",
        "+2": "-2",
        "+3": "-3",
        "+4": "-4",
        "+5": "-5",
        "+6": "-6",
        "+7": "-7",
        "+8": "-8",
        "+9": "-9",
        "+10": "-10",
        "+11": "-11",
        "+12": "-12",
        "+13": "-13",
        "+14": "-14",
        "+15": "-15",
        "+16": "-16",
        "+17": "-17",
        "+18": "-18",
        "+19": "-19",
        "+20": "-20",
        "+21": "-21",
        "+22": "-22",
        "+23": "-23"
    },
    "edges": [
        [    0,    0,  110,  669,  618,  805,  370,  819,  568,  296,   92,  666,  283,  703,  816,  243,  640,  833,  993,  482,  489,  455,  214,  141,  652,  550,  155,  839,  949,  460,  900,  603,  289,  267,   95,  946,  585,  432,  528,  260,  313,  177,  716,  398,  512,  974,  824,  729],
        [    0,    0,  110,  669,  618,  805,  370,  819,  568,  296,   92,  666,  283,  703,  816,  243,  640,  833,  993,  482,  489,  455,  214,  141,  652,  550,  155,  839,  949,  460,  900,  603,  289,  267,   95,  946,  585,  432,  528,  260,  313,  177,  716,  398,  512,  974,  824,  729],
        [  110,  110,    0,  755,  695,  912,  450,  924,  677,  388,  109,  775,  392,  712,  925,  235,  696,  942, 1082,  584,  596,  562,  312,  103,  655,  551,  225,  912, 1035,  566, 1002,  615,  285,  311,  200, 1038,  672,  523,  631,  354,  376,  254,  824,  507,  578, 1066,  899,  838],
        [  669,  669,  755,    0,  105,  654,  308,  746,  481,  679,  651,  409,  498,  571,  483,  884,  265,  525,  328,  635,  551,  330,  643,  691,  587,  571,  725,  213,  281,  562,  329,  521,  592,  825,  635,  290,   85,  722,  635,  662,  397,  502,  586,  482,  232,  319,  193,  413],
        [  618,  618,  695,  105,    0,  728,  248,  814,  532,  672,  587,  482,  490,  468,  573,  845,  167,  613,  408,  661,  583,  354,  625,  621,  483,  466,  694,  222,  352,  588,  434,  416,  506,  802,  598,  379,   96,  735,  669,  651,  323,  444,  653,  499,  136,  409,  207,  495],
        [  805,  805,  912,  654,  728,    0,  699,  107,  251,  559,  862,  247,  528, 1163,  218,  866,  888,  183,  753,  352,  318,  440,  612,  923, 1155, 1096,  723,  840,  769,  348,  513, 1083,  959,  735,  713,  690,  634,  464,  304,  581,  778,  757,   92,  412,  779,  700,  820,  248],
        [  370,  370,  450,  308,  248,  699,    0,  760,  457,  465,  344,  477,  292,  486,  612,  601,  298,  644,  636,  515,  458,  260,  402,  384,  465,  398,  455,  469,  587,  450,  590,  395,  307,  568,  356,  595,  227,  556,  539,  437,   99,  197,  611,  350,  155,  624,  454,  521],
        [  819,  819,  924,  746,  814,  107,  760,    0,  303,  551,  885,  337,  554, 1235,  324,  850,  970,  289,  859,  343,  336,  502,  615,  946, 1222, 1157,  721,  937,  873,  361,  619, 1151, 1000,  714,  725,  796,  718,  437,  294,  578,  831,  794,  161,  443,  853,  806,  918,  349],
        [  568,  568,  677,  481,  532,  251,  457,  303,    0,  364,  618,  140,  286,  933,  269,  666,  679,  275,  680,  199,  116,  200,  394,  678,  919,  854,  509,  689,  674,  147,  477,  848,  709,  548,  480,  616,  437,  319,  175,  375,  530,  507,  159,  171,  555,  635,  669,  203],
        [  296,  296,  388,  679,  672,  559,  465,  551,  364,    0,  381,  495,  183,  916,  632,  308,  761,  636,  963,  210,  254,  364,   85,  435,  877,  784,  171,  884,  937,  221,  805,  816,  552,  185,  206,  905,  602,  137,  259,   37,  471,  359,  481,  223,  617,  929,  865,  562],
        [   92,   92,  109,  651,  587,  862,  344,  885,  618,  381,    0,  704,  335,  622,  853,  317,  588,  874,  979,  555,  551,  481,  297,   61,  568,  465,  247,  804,  930,  525,  909,  523,  200,  357,  175,  935,  568,  516,  599,  344,  268,  151,  772,  451,  470,  965,  791,  764],
        [  666,  666,  775,  409,  482,  247,  477,  337,  140,  495,  704,    0,  387,  923,  151,  791,  643,  172,  557,  338,  255,  230,  515,  762,  919,  867,  629,  603,  559,  285,  341,  848,  762,  679,  586,  493,  388,  458,  310,  502,  565,  575,  179,  283,  538,  509,  583,   67],
        [  283,  283,  392,  498,  490,  528,  292,  554,  286,  183,  335,  387,    0,  765,  536,  419,  584,  551,  793,  244,  220,  200,  150,  396,  734,  649,  253,  702,  763,  197,  656,  668,  453,  333,  199,  737,  420,  264,  281,  164,  319,  244,  438,  116,  440,  763,  684,  452],
        [  703,  703,  712,  571,  468, 1163,  486, 1235,  933,  916,  622,  923,  765,    0, 1033,  938,  307, 1071,  795,  999,  943,  734,  839,  610,   68,  166,  845,  535,  728,  935,  893,  102,  427,  964,  747,  793,  549, 1026, 1024,  882,  447,  563, 1079,  835,  385,  819,  538,  949],
        [  816,  816,  925,  483,  573,  218,  612,  324,  269,  632,  853,  151,  536, 1033,    0,  933,  739,   43,  538,  453,  382,  377,  659,  912, 1036,  992,  774,  648,  558,  414,  296,  965,  905,  817,  735,  476,  485,  576,  416,  643,  705,  723,  207,  429,  652,  484,  629,   93],
        [  243,  243,  235,  884,  845,  866,  601,  850,  666,  308,  317,  791,  419,  938,  933,    0,  881,  940, 1199,  514,  560,  618,  277,  334,  883,  779,  167, 1067, 1161,  527, 1075,  839,  513,  138,  250, 1146,  800,  415,  563,  292,  554,  415,  788,  509,  748, 1173, 1051,  857],
        [  640,  640,  696,  265,  167,  888,  298,  970,  679,  761,  588,  643,  584,  307,  739,  881,    0,  779,  510,  786,  716,  488,  700,  607,  330,  336,  747,  263,  445,  715,  587,  270,  454,  862,  645,  499,  256,  843,  801,  734,  328,  466,  810,  619,  145,  526,  259,  660],
        [  833,  833,  942,  525,  613,  183,  644,  289,  275,  636,  874,  172,  551, 1071,   43,  940,  779,    0,  577,  449,  383,  402,  668,  933, 1073, 1028,  783,  690,  598,  416,  333, 1002,  933,  820,  749,  515,  524,  571,  409,  649,  735,  747,  188,  440,  689,  523,  671,  124],
        [  993,  993, 1082,  328,  408,  753,  636,  859,  680,  963,  979,  557,  793,  795,  538, 1199,  510,  577,    0,  869,  781,  600,  942, 1019,  832,  845, 1035,  262,   68,  801,  245,  777,  913, 1126,  952,   65,  411,  976,  854,  953,  724,  829,  720,  746,  543,   56,  258,  519],
        [  482,  482,  584,  635,  661,  352,  515,  343,  199,  210,  555,  338,  244,  999,  453,  514,  786,  449,  869,    0,   89,  309,  273,  614,  972,  891,  378,  847,  857,   74,  674,  904,  694,  383,  388,  806,  573,  123,   50,  235,  559,  486,  279,  168,  647,  827,  827,  399],
        [  489,  489,  596,  551,  583,  318,  458,  336,  116,  254,  551,  255,  220,  943,  382,  560,  716,  383,  781,   89,    0,  230,  296,  611,  921,  846,  409,  763,  769,   33,  588,  852,  669,  437,  396,  718,  493,  204,   86,  269,  514,  461,  232,  113,  580,  739,  743,  319],
        [  455,  455,  562,  330,  354,  440,  260,  502,  200,  364,  481,  230,  200,  734,  377,  618,  488,  402,  600,  309,  230,    0,  349,  538,  720,  657,  452,  541,  575,  236,  457,  649,  532,  531,  386,  542,  265,  393,  316,  355,  340,  347,  351,  154,  358,  567,  522,  286],
        [  214,  214,  312,  643,  625,  612,  402,  615,  394,   85,  297,  515,  150,  839,  659,  277,  700,  668,  942,  273,  296,  349,    0,  352,  798,  704,  115,  842,  911,  264,  802,  738,  467,  184,  122,  887,  562,  220,  321,   49,  397,  278,  528,  233,  556,  913,  824,  582],
        [  141,  141,  103,  691,  621,  923,  384,  946,  678,  435,   61,  762,  396,  610,  912,  334,  607,  933, 1019,  614,  611,  538,  352,    0,  553,  449,  292,  834,  969,  585,  958,  514,  183,  394,  231,  978,  609,  572,  659,  399,  299,  199,  833,  511,  498, 1007,  822,  822],
        [  652,  652,  655,  587,  483, 1155,  465, 1222,  919,  877,  568,  919,  734,   68, 1036,  883,  330, 1073,  832,  972,  921,  720,  798,  553,    0,  105,  797,  574,  765,  911,  914,   72,  371,  915,  701,  825,  556,  992, 1000,  843,  415,  521, 1069,  810,  384,  852,  575,  950],
        [  550,  550,  551,  571,  466, 1096,  398, 1157,  854,  784,  465,  867,  649,  166,  992,  779,  336, 1028,  845,  891,  846,  657,  704,  449,  105,    0,  697,  595,  780,  833,  899,   87,  267,  815,  603,  831,  526,  903,  922,  749,  333,  426, 1007,  734,  348,  859,  593,  904],
        [  155,  155,  225,  725,  694,  723,  455,  721,  509,  171,  247,  629,  253,  845,  774,  167,  747,  783, 1035,  378,  409,  452,  115,  292,  797,  697,    0,  915, 1000,  377,  908,  744,  441,  120,  103,  982,  642,  302,  427,  144,  425,  290,  641,  346,  608, 1009,  898,  695],
        [  839,  839,  912,  213,  222,  840,  469,  937,  689,  884,  804,  603,  702,  535,  648, 1067,  263,  690,  262,  847,  763,  541,  842,  834,  574,  595,  915,    0,  194,  774,  411,  522,  702, 1021,  819,  268,  283,  933,  846,  865,  537,  664,  781,  694,  337,  290,   21,  592],
        [  949,  949, 1035,  281,  352,  769,  587,  873,  674,  937,  930,  559,  763,  728,  558, 1161,  445,  598,   68,  857,  769,  575,  911,  969,  765,  780, 1000,  194,    0,  787,  275,  711,  857, 1095,  913,   93,  365,  960,  845,  925,  672,  782,  728,  725,  485,  106,  191,  528],
        [  460,  460,  566,  562,  588,  348,  450,  361,  147,  221,  525,  285,  197,  935,  414,  527,  715,  416,  801,   74,   33,  236,  264,  585,  911,  833,  377,  774,  787,    0,  614,  842,  648,  404,  367,  739,  500,  178,   90,  237,  500,  440,  264,  101,  578,  761,  754,  350],
        [  900,  900, 1002,  329,  434,  513,  590,  619,  477,  805,  909,  341,  656,  893,  296, 1075,  587,  333,  245,  674,  588,  457,  802,  958,  914,  899,  908,  411,  275,  614,    0,  849,  894,  981,  840,  186,  382,  791,  650,  802,  688,  760,  487,  582,  556,  190,  396,  291],
        [  603,  603,  615,  521,  416, 1083,  395, 1151,  848,  816,  523,  848,  668,  102,  965,  839,  270, 1002,  777,  904,  852,  649,  738,  514,   72,   87,  744,  522,  711,  842,  849,    0,  331,  863,  646,  768,  487,  928,  931,  782,  349,  462,  997,  742,  313,  795,  522,  879],
        [  289,  289,  285,  592,  506,  959,  307, 1000,  709,  552,  200,  762,  453,  427,  905,  513,  454,  933,  913,  694,  669,  532,  467,  183,  371,  267,  441,  702,  857,  648,  894,  331,    0,  555,  354,  881,  520,  681,  733,  515,  208,  209,  867,  558,  372,  911,  692,  813],
        [  267,  267,  311,  825,  802,  735,  568,  714,  548,  185,  357,  679,  333,  964,  817,  138,  862,  820, 1126,  383,  437,  531,  184,  394,  915,  815,  120, 1021, 1095,  404,  981,  863,  555,    0,  222, 1070,  743,  278,  431,  180,  543,  409,  660,  403,  722, 1096, 1003,  746],
        [   95,   95,  200,  635,  598,  713,  356,  725,  480,  206,  175,  586,  199,  747,  735,  250,  645,  749,  952,  388,  396,  386,  122,  231,  701,  603,  103,  819,  913,  367,  840,  646,  354,  222,    0,  901,  551,  342,  434,  169,  323,  188,  626,  310,  507,  928,  803,  650],
        [  946,  946, 1038,  290,  379,  690,  595,  796,  616,  905,  935,  493,  737,  793,  476, 1146,  499,  515,   65,  806,  718,  542,  887,  978,  825,  831,  982,  268,   93,  739,  186,  768,  881, 1070,  901,    0,  369,  915,  790,  896,  686,  786,  656,  687,  514,   30,  259,  455],
        [  585,  585,  672,   85,   96,  634,  227,  718,  437,  602,  568,  388,  420,  549,  485,  800,  256,  524,  411,  573,  493,  265,  562,  609,  556,  526,  642,  283,  365,  500,  382,  487,  520,  743,  551,  369,    0,  653,  579,  583,  319,  419,  558,  415,  178,  398,  264,  404],
        [  432,  432,  523,  722,  735,  464,  556,  437,  319,  137,  516,  458,  264, 1026,  576,  415,  843,  571,  976,  123,  204,  393,  220,  572,  992,  903,  302,  933,  960,  178,  791,  928,  681,  278,  342,  915,  653,    0,  164,  173,  579,  481,  397,  240,  700,  937,  914,  521],
        [  528,  528,  631,  635,  669,  304,  539,  294,  175,  259,  599,  310,  281, 1024,  416,  563,  801,  409,  854,   50,   86,  316,  321,  659, 1000,  922,  427,  846,  845,   90,  650,  931,  733,  431,  434,  790,  579,  164,    0,  284,  589,  524,  234,  190,  665,  809,  826,  369],
        [  260,  260,  354,  662,  651,  581,  437,  578,  375,   37,  344,  502,  164,  882,  643,  292,  734,  649,  953,  235,  269,  355,   49,  399,  843,  749,  144,  865,  925,  237,  802,  782,  515,  180,  169,  896,  583,  173,  284,    0,  438,  323,  500,  223,  590,  921,  847,  569],
        [  313,  313,  376,  397,  323,  778,   99,  831,  530,  471,  268,  565,  319,  447,  705,  554,  328,  735,  724,  559,  514,  340,  397,  299,  415,  333,  425,  537,  672,  500,  688,  349,  208,  543,  323,  686,  319,  579,  589,  438,    0,  139,  688,  401,  203,  716,  525,  612],
        [  177,  177,  254,  502,  444,  757,  197,  794,  507,  359,  151,  575,  244,  563,  723,  415,  466,  747,  829,  486,  461,  347,  278,  199,  521,  426,  290,  664,  782,  440,  760,  462,  209,  409,  188,  786,  419,  481,  524,  323,  139,    0,  665,  351,  335,  815,  650,  632],
        [  716,  716,  824,  586,  653,   92,  611,  161,  159,  481,  772,  179,  438, 1079,  207,  788,  810,  188,  720,  279,  232,  351,  528,  833, 1069, 1007,  641,  781,  728,  264,  487,  997,  867,  660,  626,  656,  558,  397,  234,  500,  688,  665,    0,  322,  696,  669,  761,  202],
        [  398,  398,  507,  482,  499,  412,  350,  443,  171,  223,  451,  283,  116,  835,  429,  509,  619,  440,  746,  168,  113,  154,  233,  511,  810,  734,  346,  694,  725,  101,  582,  742,  558,  403,  310,  687,  415,  240,  190,  223,  401,  351,  322,    0,  480,  710,  674,  349],
        [  512,  512,  578,  232,  136,  779,  155,  853,  555,  617,  470,  538,  440,  385,  652,  748,  145,  689,  543,  647,  580,  358,  556,  498,  384,  348,  608,  337,  485,  578,  556,  313,  372,  722,  507,  514,  178,  700,  665,  590,  203,  335,  696,  480,    0,  544,  325,  566],
        [  974,  974, 1066,  319,  409,  700,  624,  806,  635,  929,  965,  509,  763,  819,  484, 1173,  526,  523,   56,  827,  739,  567,  913, 1007,  852,  859, 1009,  290,  106,  761,  190,  795,  911, 1096,  928,   30,  398,  937,  809,  921,  716,  815,  669,  710,  544,    0,  283,  468],
        [  824,  824,  899,  193,  207,  820,  454,  918,  669,  865,  791,  583,  684,  538,  629, 1051,  259,  671,  258,  827,  743,  522,  824,  822,  575,  593,  898,   21,  191,  754,  396,  522,  692, 1003,  803,  259,  264,  914,  826,  847,  525,  650,  761,  674,  325,  283,    0,  573],
        [  729,  729,  838,  413,  495,  248,  521,  349,  203,  562,  764,   67,  452,  949,   93,  857,  660,  124,  519,  399,  319,  286,  582,  822,  950,  904,  695,  592,  528,  350,  291,  879,  813,  746,  650,  455,  404,  521,  369,  569,  612,  632,  202,  349,  566,  468,  573,    0]
    ]
}
