{
    "name": "random-57-24880",
    "comment": "size=57 seed=24880",
    "nodes": ["+0", "-0", "+1", "-1", "+2", "-2", "+3", "-3", "+4", "-4", "+5", "-5", "+6", "-6", "+7", "-7", "+8", "-8", "+9", "-9", "+10", "-10", "+11", "-11", "+12", "-12", "+13", "-13", "+14", "-14", "+15", "-15", "+16", "-16", "+17", "-17", "+18", "-18", "+19", "-19", "+20", "-20", "+21", "-21", "+22", "-22", "+23", "-23", "+24", "-24", "+25", "-25", "+26", "-26", "+27", "-27", "+28", "-28", "+29", "-29", "+30", "-30", "+31", "-31", "+32", "-32", "+33", "-33", "+34", "-34", "+35", "-35", "+36", "-36", "+37", "-37", "+38", "-38", "+39", "-39", "+40", "-40", "+41", "-41", "+42", "-42", "+43", "-43", "+44", "-44", "+45", "-45", "+46", "-46", "+47", "-47", "+48", "-48", "+49", "-49", "+50", "-50", "+51", "-51", "+52", "-52", "+53", "-53", "+54", "-54", "+55", "-55", "+56", "-56", "+57", "-57"],
    "precedence": {
        "+0": "-0",
        "+1": "-1",
        "+2": "-2",
        "+3": "-3",
        "+4": "-4",
        "+5": "-5",
        "+6": "-6",
        "+7": "-7",
        "+8": "-8",
        "+9": "-9",
        "+10": "-10",
        "+11": "-11",
        "+12": "-12",
        "+13": "-13",
        "+14": "-14",
        "+15": "-15",
        "+16": "-16",
        "+17": "-17",
        "+18": "-18",
        "+19": "-19",
        "+20": "-20",
        "+21": "-21",
        "+22": "-22",
        "+23": "-23",
        "+24": "-24",
        "+25": "-25",
        "+26": "-26",
        "+27": "-27",
        "+28": "-28",
        "+29": "-29",
        "+30": "-30",
        "+31": "-31",
        "+32": "-32",
        "+33": "-33",
        "+34": "-34",
        "+35": "-35",
        "+36": "-36",
        "+37": "-37",
        "+38": "-38",
        "+39": "-39",
        "+40": "-40",
        "+41": "-41",
        "+42": "-42",
        "+43": "-43",
        "+44": "-44",
        "+45": "-45",
        "+46": "-46",
        "+47": "-47",
        "+48": "-48",
        "+49": "-49",
        "+50": "-50",
        "+51": "-51",
        "+52": "-52",
        "+53": "-53",
        "+54": "-54",
        "+55": "-55",
        "+56": "-56",
        "+57": "-57"
    },
    "edges": [
        [    0,    0,  256,  883, 1117,  118,  828,  356,  808,  556,  108,  677,  382,  776,  885,  686,  389,  519,  588,  812,  458,  866,  805,  837,  860,  440,  762,  817,  681,  470,  819,  785,  821, 1026,  377,  864,  771,  589,  527, 1095,  730,  448,  506,  358,  437,  319,  835,  826,  842,  922,  798,  652,  384,  666,  495,  224,  710,  392,  414,  384,  604,  736,  727,  185,  633, 1123,  395,  455,  297,  859,  436,  429,  716,  616,  829,  587,  649,  682,  878, 1007,  724,  496,  457,  744,  282,  810,  968,  820,  394,   69,  354,  992,   42,  165,  800,  555,  410,  285,  564,  807,  501,  488,   44,  127,  957,  553,  878, 1019,  659,  689,  293,  564,  212,  674,  422,  188],
        [    0,    0,    0,    0,    0,    0,    0,    0,    0,    0,    0,    0,    0,    0,    0,    0,    0,    0,    0,    0,    0,    0,    0,    0,    0,    0,    0,    0,    0,    0,    0,    0,    0,    0,    0,    0,    0,    0,    0,    0,    0,    0,    0,    0,    0,    0,    0,    0,    0,    0,    0,    0,    0,    0,    0,    0,    0,    0,    0,    0,    0,    0,    0,    0,    0,    0,    0,    0,    0,    0,    0,    0,    0,    0,    0,    0,    0,    0,    0,    0,    0,    0,    0,    0,    0,    0,    0,    0,    0,    0,    0,    0,    0,    0,    0,    0,    0,    0,    0,    0,    0,    0,    0,    0,    0,    0,    0,    0,    0,    0,    0,    0,    0,    0,    0,    0],
        [  256,    0,    0,  731,  944,  276,  608,  488,  834,  452,  180,  607,  449,  579,  765,  737,  369,  504,  334,  747,  306,  809,  693,  897,  671,  205,  829,  567,  435,  226,  790,  731,  574,  827,  294,  765,  839,  336,  383,  919,  602,  207,  574,  334,  215,  375,  862,  578,  901,  834,  608,  470,  256,  471,  312,   80,  693,  151,  487,  159,  418,  500,  670,   87,  381,  945,  314,  368,   88,  792,  189,  214,  461,  463,  634,  331,  647,  754,  640,  826,  486,  284,  433,  731,  204,  647,  788,  621,  215,  324,  139,  826,  222,  413,  545,  342,  162,  368,  459,  609,  368,  332,  274,  378,  737,  439,  753,  842,  695,  553,  238,  366,   85,  431,  190,  398],
        [  883,    0,  731,    0,  245,  968,  310,  759,  592,  338,  875,  306,  645,  220,  126,  627,  533,  474,  584,  302,  433,  338,  154,  712,  161,  778,  700,  534,  788,  565,  419,  333,  836,  248,  508,  192,  707,  576,  358,  230,  165,  757,  641,  552,  814,  645,  603,  825,  712,  252,  186,  270,  503,  286,  420,  810,  437,  605,  650,  790,  321,  415,  327,  806,  553,  259,  493,  436,  792,  303,  733,  525,  617,  271,  189,  635,  477,  685,  429,  169,  435,  462,  489,  451,  602,   89,  140,  215,  518,  923,  593,  120,  877,  956,  695,  415,  614,  687,  331,  212,  383,  404,  924,  998,  326,  335,  104,  165,  578,  196,  592,  378,  705,  479,  782,  872],
        [ 1117,    0,  944,  245,    0, 1195,  400, 1003,  787,  581, 1100,  542,  889,  373,  315,  845,  777,  716,  736,  501,  660,  514,  380,  906,  279,  957,  907,  610,  913,  752,  610,  538,  926,  178,  747,  381,  912,  729,  590,   30,  409,  935,  879,  794,  993,  890,  792,  912,  905,  402,  340,  475,  734,  475,  635, 1023,  655,  806,  893,  979,  527,  534,  549, 1024,  694,   29,  733,  677,  995,  484,  914,  731,  729,  502,  319,  784,  703,  903,  478,  123,  556,  663,  733,  661,  836,  307,  157,  339,  737, 1160,  805,  127, 1108, 1197,  782,  608,  810,  931,  574,  347,  617,  631, 1156, 1235,  326,  576,  304,  103,  800,  437,  828,  579,  929,  614,  964, 1115],
        [  118,    0,  276,  968, 1195,    0,  880,  472,  925,  651,   98,  782,  499,  842,  980,  803,  497,  630,  604,  918,  536,  974,  901,  955,  930,  418,  879,  840,  660,  501,  931,  893,  799, 1092,  471,  964,  888,  607,  610, 1172,  821,  432,  623,  464,  406,  435,  952,  806,  959, 1025,  867,  723,  466,  731,  563,  214,  823,  426,  532,  361,  672,  776,  834,  190,  654, 1199,  490,  552,  281,  965,  426,  480,  725,  698,  896,  594,  763,  800,  916, 1081,  762,  550,  566,  858,  370,  891, 1043,  884,  460,  149,  403, 1073,   99,  240,  798,  610,  437,  402,  658,  872,  587,  566,   80,  147, 1010,  645,  971, 1095,  776,  777,  389,  627,  267,  706,  400,  293],
        [  828,    0,  608,  310,  400,  880,    0,  835,  833,  420,  783,  503,  727,  114,  428,  827,  587,  602,  344,  568,  396,  619,  417,  947,  153,  575,  916,  226,  514,  390,  679,  587,  538,  240,  512,  484,  924,  337,  360,  371,  349,  553,  776,  586,  611,  695,  850,  525,  949,  554,  136,  218,  470,  184,  341,  683,  657,  459,  748,  606,  246,  136,  554,  695,  298,  388,  508,  476,  640,  585,  535,  402,  331,  301,  122,  389,  671,  878,  125,  281,  158,  333,  578,  684,  568,  245,  256,   97,  437,  884,  479,  324,  807,  946,  394,  274,  454,  727,  418,  104,  391,  370,  860,  954,  130,  401,  406,  306,  772,  323,  575,  269,  620,  218,  585,  883],
        [  356,    0,  488,  759, 1003,  472,  835,    0,  481,  436,  445,  474,  115,  745,  711,  350,  249,  290,  733,  577,  449,  615,  633,  490,  803,  690,  414,  917,  900,  604,  541,  541, 1032,  967,  332,  666,  422,  731,  476,  988,  595,  688,  177,  252,  703,  145,  506, 1032,  495,  701,  752,  620,  389,  652,  514,  512,  435,  543,  114,  647,  590,  795,  496,  472,  761, 1017,  331,  360,  568,  620,  666,  522,  864,  545,  785,  757,  366,  335,  927,  916,  793,  559,  273,  459,  327,  714,  880,  788,  455,  333,  484,  878,  388,  289,  964,  600,  571,  128,  441,  773,  445,  471,  393,  388,  950,  448,  713,  920,  337,  576,  300,  582,  404,  766,  676,  196],
        [  808,    0,  834,  592,  787,  925,  833,  481,    0,  466,  871,  332,  427,  719,  480,  134,  466,  334,  926,  291,  606,  274,  440,  121,  721,  999,  132, 1011, 1139,  825,  178,  259, 1241,  839,  550,  410,  134,  920,  563,  785,  485,  987,  307,  502, 1024,  492,   28, 1235,  121,  388,  703,  646,  605,  687,  658,  891,  179,  804,  395,  975,  655,  870,  279,  860,  927,  811,  531,  495,  922,  304,  960,  739, 1027,  562,  728,  969,  195,  173,  954,  755,  881,  727,  404,  149,  630,  607,  731,  746,  678,  802,  753,  690,  830,  769, 1128,  730,  830,  524,  462,  734,  550,  603,  850,  864,  898,  488,  496,  744,  150,  511,  598,  689,  759,  888,  991,  674],
        [  556,    0,  452,  338,  581,  651,  420,  436,  466,    0,  565,  163,  322,  318,  330,  425,  197,  183,  462,  300,  158,  363,  251,  565,  368,  568,  520,  559,  677,  371,  364,  289,  776,  532,  180,  317,  529,  456,   99,  563,  177,  552,  357,  214,  599,  311,  489,  770,  568,  384,  319,  205,  197,  244,  197,  526,  292,  369,  336,  558,  197,  420,  230,  511,  462,  592,  162,  101,  530,  343,  525,  293,  562,  119,  352,  507,  277,  471,  528,  485,  427,  266,  165,  327,  281,  281,  448,  358,  247,  590,  331,  454,  555,  619,  664,  265,  391,  352,    8,  344,   93,  145,  598,  665,  523,   23,  323,  491,  370,  144,  264,  225,  403,  427,  564,  535],
        [  108,    0,  180,  875, 1100,   98,  783,  445,  871,  565,    0,  702,  450,  744,  892,  756,  425,  562,  512,  841,  443,  899,  815,  911,  833,  341,  838,  746,  584,  405,  862,  818,  724,  994,  387,  880,  847,  514,  518, 1076,  732,  352,  578,  390,  334,  380,  898,  730,  916,  943,  770,  627,  375,  634,  467,  127,  757,  329,  486,  284,  576,  679,  758,   95,  560, 1103,  407,  467,  199,  888,  343,  382,  635,  605,  799,  504,  700,  759,  820,  985,  665,  453,  494,  792,  284,  797,  947,  787,  364,  173,  305,  978,   67,  271,  713,  512,  341,  353,  572,  775,  496,  472,  106,  209,  912,  558,  883,  999,  723,  687,  306,  529,  171,  610,  323,  293],
        [  677,    0,  607,  306,  542,  782,  503,  474,  332,  163,  702,    0,  364,  390,  239,  331,  289,  184,  615,  141,  320,  203,  163,  445,  404,  730,  415,  680,  833,  532,  205,  127,  923,  545,  319,  196,  424,  608,  257,  531,  162,  715,  338,  320,  761,  385,  352,  916,  447,  245,  377,  316,  352,  356,  357,  678,  155,  532,  361,  720,  330,  539,   68,  659,  609,  559,  299,  241,  688,  187,  687,  455,  704,  234,  404,  662,  176,  387,  623,  474,  551,  425,  226,  185,  421,  293,  442,  420,  409,  700,  492,  422,  683,  710,  803,  414,  553,  429,  157,  407,  256,  306,  721,  774,  579,  182,  242,  471,  279,  180,  397,  371,  550,  563,  727,  617],
        [  382,    0,  449,  645,  889,  499,  727,  115,  427,  322,  450,  364,    0,  634,  601,  307,  143,  180,  653,  476,  350,  519,  522,  463,  689,  642,  390,  821,  834,  526,  455,  442,  960,  853,  237,  559,  399,  649,  368,  874,  481,  636,  130,  155,  659,   74,  454,  959,  467,  598,  639,  510,  298,  544,  416,  489,  345,  474,   39,  605,  484,  695,  392,  453,  675,  903,  231,  252,  535,  520,  611,  440,  780,  433,  672,  681,  279,  312,  823,  802,  694,  467,  158,  375,  260,  600,  766,  676,  371,  379,  415,  764,  404,  362,  882,  502,  503,   98,  327,  662,  338,  368,  424,  445,  839,  335,  602,  805,  278,  461,  228,  481,  366,  672,  630,  266],
        [  776,    0,  579,  220,  373,  842,  114,  745,  719,  318,  744,  390,  634,    0,  327,  716,  497,  497,  373,  456,  324,  509,  308,  834,   94,  586,  804,  320,  571,  380,  566,  474,  617,  251,  433,  378,  812,  365,  273,  346,  236,  564,  673,  501,  622,  609,  737,  605,  835,  450,   36,  129,  401,  111,  282,  658,  544,  437,  651,  607,  173,  195,  441,  663,  338,  369,  426,  386,  625,  475,  542,  366,  397,  201,   56,  423,  559,  768,  237,  251,  215,  296,  480,  571,  504,  141,  216,   45,  384,  828,  442,  269,  761,  881,  477,  238,  439,  644,  315,   32,  304,  296,  812,  900,  206,  301,  306,  271,  662,  211,  505,  215,  575,  261,  592,  811],
        [  885,    0,  765,  126,  315,  980,  428,  711,  480,  330,  892,  239,  601,  327,    0,  531,  510,  422,  668,  190,  460,  217,   81,  601,  283,  841,  596,  647,  880,  628,  304,  226,  940,  365,  509,   71,  602,  660,  383,  309,  164,  822,  573,  535,  876,  615,  489,  929,  600,  128,  296,  339,  519,  366,  465,  843,  340,  655,  599,  846,  383,  520,  236,  833,  643,  336,  491,  430,  835,  182,  796,  573,  718,  307,  307,  719,  391,  590,  549,  276,  538,  518,  454,  348,  610,  186,  256,  331,  551,  916,  633,  210,  884,  937,  802,  482,  669,  658,  322,  326,  400,  435,  927,  991,  451,  335,   23,  265,  486,  214,  593,  440,  727,  575,  842,  847],
        [  686,    0,  737,  627,  845,  803,  827,  350,  134,  425,  756,  331,  307,  716,  531,    0,  373,  259,  869,  346,  544,  353,  474,  160,  735,  914,   97,  983, 1075,  758,  256,  308, 1186,  871,  468,  465,  107,  864,  516,  839,  493,  905,  181,  406,  937,  377,  158, 1182,  164,  464,  705,  624,  528,  664,  603,  787,  191,  727,  272,  885,  622,  844,  301,  754,  878,  866,  451,  428,  825,  374,  878,  670,  981,  536,  734,  908,  157,   60,  944,  795,  851,  669,  321,  186,  535,  623,  766,  748,  604,  676,  671,  736,  710,  638, 1084,  682,  754,  404,  424,  736,  497,  547,  727,  735,  909,  447,  543,  788,   56,  506,  501,  646,  658,  850,  905,  544],
        [  389,    0,  369,  533,  777,  497,  587,  249,  466,  197,  425,  289,  143,  497,  510,  373,    0,  139,  521,  423,  209,  478,  429,  532,  559,  542,  468,  680,  713,  399,  438,  397,  834,  725,  102,  481,  478,  517,  227,  759,  370,  533,  231,   37,  564,  115,  493,  831,  536,  534,  505,  372,  165,  403,  275,  427,  334,  357,  170,  513,  343,  553,  338,  399,  540,  788,   91,  112,  457,  470,  506,  311,  644,  299,  539,  553,  281,  398,  681,  681,  553,  329,   70,  370,  165,  477,  644,  540,  242,  411,  300,  650,  399,  428,  747,  361,  385,  155,  203,  526,  197,  226,  433,  485,  702,  206,  506,  687,  328,  341,  132,  339,  295,  532,  532,  340],
        [  519,    0,  504,  474,  716,  630,  602,  290,  334,  183,  562,  184,  180,  497,  422,  259,  139,    0,  611,  301,  285,  350,  343,  413,  538,  666,  356,  735,  816,  500,  301,  270,  928,  695,  217,  379,  366,  605,  263,  703,  312,  654,  177,  175,  691,  209,  361,  923,  416,  421,  496,  387,  273,  426,  345,  564,  196,  473,  178,  642,  376,  598,  216,  537,  620,  732,  198,  169,  591,  347,  627,  412,  724,  301,  528,  650,  144,  297,  710,  636,  603,  411,   71,  232,  301,  439,  601,  536,  348,  532,  420,  593,  532,  532,  827,  427,  499,  251,  184,  522,  241,  289,  563,  604,  701,  203,  423,  637,  207,  303,  269,  393,  432,  596,  658,  438],
        [  588,    0,  334,  584,  736,  604,  344,  733,  926,  462,  512,  615,  653,  373,  668,  869,  521,  611,    0,  734,  326,  797,  619, 1020,  462,  236,  966,  236,  219,  131,  819,  735,  317,  583,  420,  698,  976,    8,  364,  708,  523,  214,  751,  499,  270,  592,  950,  313, 1023,  775,  409,  330,  357,  302,  268,  392,  753,  203,  686,  276,  294,  211,  682,  417,   52,  728,  431,  443,  331,  769,  201,  213,  134,  388,  422,   52,  734,  906,  331,  614,  190,  201,  554,  789,  409,  496,  583,  399,  282,  654,  256,  641,  556,  737,  231,  201,  180,  607,  466,  394,  376,  325,  608,  711,  460,  440,  649,  637,  817,  473,  434,  245,  384,  127,  248,  703],
        [  812,    0,  747,  302,  501,  918,  568,  577,  291,  300,  841,  141,  476,  456,  190,  346,  423,  301,  734,    0,  456,   64,  155,  412,  441,  865,  407,  768,  953,  662,  117,   40, 1034,  550,  460,  121,  413,  727,  388,  498,  225,  849,  418,  456,  897,  509,  301, 1025,  412,  127,  433,  415,  492,  452,  487,  819,  161,  668,  464,  857,  441,  631,   86,  800,  722,  524,  439,  381,  828,   47,  822,  589,  812,  346,  454,  783,  222,  405,  692,  464,  645,  552,  356,  161,  561,  329,  440,  475,  547,  830,  630,  399,  820,  833,  906,  534,  688,  552,  293,  466,  391,  440,  856,  903,  618,  316,  206,  453,  306,  267,  536,  490,  691,  667,  863,  738],
        [  458,    0,  306,  433,  660,  536,  396,  449,  606,  158,  443,  320,  350,  324,  460,  544,  209,  285,  326,  456,    0,  519,  388,  695,  404,  411,  641,  472,  534,  220,  519,  446,  643,  571,  119,  461,  650,  321,   78,  638,  297,  395,  432,  198,  442,  306,  631,  639,  698,  532,  343,  197,   77,  217,   66,  384,  439,  212,  378,  402,  153,  346,  387,  375,  338,  665,  120,  117,  379,  498,  368,  137,  442,  162,  375,  366,  412,  580,  479,  549,  345,  127,  230,  476,  181,  355,  511,  369,   93,  506,  177,  537,  448,  557,  546,  153,  234,  334,  164,  355,   66,   30,  497,  579,  519,  140,  448,  561,  491,  248,  181,  134,  273,  324,  407,  489],
        [  866,    0,  809,  338,  514,  974,  619,  615,  274,  363,  899,  203,  519,  509,  217,  353,  478,  350,  797,   64,  519,    0,  202,  393,  486,  929,  399,  824, 1015,  726,   99,   82, 1094,  581,  520,  147,  404,  789,  452,  514,  283,  912,  449,  511,  960,  558,  279, 1086,  392,  115,  484,  475,  554,  512,  550,  880,  184,  731,  504,  921,  503,  688,  141,  860,  784,  539,  499,  442,  890,   35,  885,  653,  872,  409,  502,  846,  251,  410,  743,  492,  703,  616,  409,  170,  620,  377,  472,  524,  610,  882,  693,  423,  876,  879,  965,  597,  752,  600,  356,  516,  454,  503,  910,  953,  660,  380,  236,  478,  320,  327,  594,  553,  751,  727,  926,  783],
        [  805,    0,  693,  154,  380,  901,  417,  633,  440,  251,  815,  163,  522,  308,   81,  474,  429,  343,  619,  155,  388,  202,    0,  560,  287,  780,  546,  625,  835,  568,  271,  182,  905,  401,  430,   79,  553,  612,  311,  371,   98,  761,  500,  454,  814,  534,  453,  895,  560,  156,  282,  290,  443,  323,  399,  770,  284,  589,  521,  781,  327,  491,  174,  758,  600,  399,  412,  351,  765,  168,  735,  507,  682,  243,  301,  670,  326,  532,  541,  322,  508,  457,  373,  298,  532,  175,  294,  323,  480,  836,  563,  264,  805,  856,  772,  426,  605,  578,  243,  314,  326,  364,  848,  911,  463,  258,   81,  315,  426,  150,  514,  382,  651,  537,  780,  766],
        [  837,    0,  897,  712,  906,  955,  947,  490,  121,  565,  911,  445,  463,  834,  601,  160,  532,  413, 1020,  412,  695,  393,  560,    0,  839, 1073,   76, 1119, 1228,  912,  298,  379, 1336,  960,  625,  530,   69, 1014,  661,  905,  602, 1063,  334,  566, 1096,  534,  115, 1331,    6,  506,  819,  755,  685,  795,  752,  946,  290,  884,  426, 1045,  760,  978,  396,  913, 1025,  931,  608,  581,  985,  423, 1037,  825, 1126,  669,  845, 1060,  289,  156, 1068,  875,  988,  820,  478,  266,  695,  726,  851,  862,  760,  821,  829,  810,  864,  775, 1229,  828,  911,  559,  563,  850,  645,  696,  877,  877, 1017,  588,  617,  865,  207,  625,  661,  789,  818,  991, 1064,  685],
        [  860,    0,  671,  161,  279,  930,  153,  803,  721,  368,  833,  404,  689,   94,  283,  735,  559,  538,  462,  441,  404,  486,  287,  839,    0,  679,  817,  378,  653,  474,  556,  466,  687,  169,  506,  344,  825,  455,  344,  252,  242,  657,  714,  568,  715,  672,  736,  675,  840,  410,   64,  209,  480,  200,  368,  749,  553,  529,  703,  700,  258,  271,  444,  753,  424,  276,  496,  449,  718,  451,  635,  457,  474,  261,   41,  512,  579,  790,  269,  158,  293,  387,  532,  574,  584,  114,  123,   65,  471,  909,  533,  180,  847,  958,  544,  331,  532,  710,  363,   69,  374,  374,  897,  983,  178,  355,  261,  177,  682,  237,  582,  305,  663,  345,  685,  883],
        [  440,    0,  205,  778,  957,  418,  575,  690,  999,  568,  341,  730,  642,  586,  841,  914,  542,  666,  236,  865,  411,  929,  780, 1073,  679,    0, 1009,  460,  243,  215,  928,  857,  383,  813,  450,  857, 1019,  243,  478,  929,  683,   23,  762,  510,   37,  570, 1025,  389, 1077,  932,  620,  509,  395,  494,  383,  217,  842,  199,  680,   58,  461,  445,  798,  255,  287,  951,  468,  508,  144,  906,   46,  277,  327,  538,  639,  203,  806,  938,  567,  834,  425,  324,  597,  880,  385,  690,  801,  619,  325,  508,  247,  852,  401,  604,  385,  364,  178,  567,  574,  611,  476,  426,  446,  549,  695,  550,  825,  855,  868,  631,  418,  404,  287,  362,   18,  599],
        [  762,    0,  829,  700,  907,  879,  916,  414,  132,  520,  838,  415,  390,  804,  596,   97,  468,  356,  966,  407,  641,  399,  546,   76,  817, 1009,    0, 1077, 1172,  855,  301,  371, 1283,  947,  564,  527,   10,  961,  612,  904,  576, 1000,  260,  500, 1031,  462,  142, 1279,   82,  513,  791,  716,  624,  756,  700,  876,  265,  822,  353,  979,  716,  937,  376,  842,  974,  930,  547,  524,  916,  426,  973,  767, 1077,  629,  819, 1005,  246,   80, 1034,  866,  945,  766,  418,  249,  628,  704,  840,  834,  701,  746,  767,  804,  789,  699, 1180,  779,  850,  485,  518,  822,  594,  643,  801,  801,  993,  542,  610,  858,  151,  594,  594,  742,  748,  945,  999,  609],
        [  817,    0,  567,  534,  610,  840,  226,  917, 1011,  559,  746,  680,  821,  320,  647,  983,  680,  735,  236,  768,  472,  824,  625, 1119,  378,  460, 1077,    0,  322,  348,  872,  781,  317,  436,  586,  697, 1086,  233,  472,  581,  543,  439,  898,  668,  491,  772, 1031,  303, 1121,  770,  351,  365,  529,  325,  406,  627,  833,  426,  849,  507,  362,  141,  740,  652,  187,  594,  591,  580,  567,  791,  432,  407,  143,  450,  345,  258,  832, 1029,  135,  498,  133,  359,  694,  864,  606,  461,  477,  319,  467,  882,  470,  547,  787,  960,  173,  319,  408,  795,  560,  322,  497,  456,  840,  942,  290,  537,  625,  523,  928,  506,  624,  345,  608,  152,  475,  917],
        [  681,    0,  435,  788,  913,  660,  514,  900, 1139,  677,  584,  833,  834,  571,  880, 1075,  713,  816,  219,  953,  534, 1015,  835, 1228,  653,  243, 1172,  322,    0,  317, 1037,  954,  141,  746,  613,  914, 1182,  226,  579,  884,  740,  233,  943,  687,  255,  767, 1163,  147, 1231,  991,  606,  546,  550,  515,  481,  458,  968,  361,  870,  300,  512,  383,  900,  496,  237,  900,  627,  648,  386,  987,  247,  406,  186,  607,  614,  171,  945, 1107,  454,  794,  361,  412,  755, 1004,  577,  703,  767,  589,  473,  749,  420,  832,  642,  844,  179,  420,  332,  774,  682,  586,  589,  537,  689,  792,  605,  656,  860,  819, 1023,  691,  607,  463,  510,  310,  261,  832],
        [  470,    0,  226,  565,  752,  501,  390,  604,  825,  371,  405,  532,  526,  380,  628,  758,  399,  500,  131,  662,  220,  726,  568,  912,  474,  215,  855,  348,  317,    0,  735,  657,  436,  619,  297,  646,  865,  130,  276,  725,  470,  195,  629,  374,  250,  464,  850,  434,  915,  721,  413,  295,  234,  282,  176,  296,  658,   78,  560,  228,  247,  276,  600,  312,  168,  749,  311,  332,  250,  701,  170,   89,  264,  326,  435,  156,  631,  790,  415,  631,  261,  112,  438,  695,  278,  476,  595,  417,  158,  534,  126,  643,  441,  613,  362,  150,   65,  477,  377,  407,  280,  227,  495,  596,  518,  351,  611,  650,  707,  418,  304,  189,  261,  206,  217,  575],
        [  819,    0,  790,  419,  610,  931,  679,  541,  178,  364,  862,  205,  455,  566,  304,  256,  438,  301,  819,  117,  519,   99,  271,  298,  556,  928,  301,  872, 1037,  735,    0,   93, 1126,  666,  497,  233,  305,  812,  460,  608,  332,  914,  369,  473,  958,  503,  186, 1119,  297,  213,  545,  512,  540,  551,  560,  857,  110,  730,  434,  914,  532,  733,  138,  833,  812,  634,  476,  425,  875,  127,  886,  655,  906,  436,  568,  866,  177,  313,  803,  579,  746,  628,  368,   83,  593,  444,  557,  588,  604,  828,  686,  513,  833,  816, 1003,  618,  753,  543,  359,  578,  456,  508,  862,  897,  734,  384,  321,  568,  228,  367,  564,  575,  725,  763,  924,  719],
        [  785,    0,  731,  333,  538,  893,  587,  541,  259,  289,  818,  127,  442,  474,  226,  308,  397,  270,  735,   40,  446,   82,  182,  379,  466,  857,  371,  781,  954,  657,   93,    0, 1039,  581,  440,  158,  377,  728,  382,  534,  240,  841,  380,  430,  888,  478,  272, 1031,  380,  165,  453,  423,  476,  461,  482,  801,  121,  658,  428,  846,  445,  642,   62,  780,  726,  561,  419,  364,  813,   80,  814,  581,  818,  349,  476,  783,  183,  367,  711,  497,  656,  549,  328,  123,  540,  352,  472,  496,  535,  801,  618,  434,  795,  800,  915,  534,  680,  520,  283,  486,  382,  432,  829,  873,  643,  308,  240,  488,  267,  277,  514,  491,  671,  675,  853,  705],
        [  821,    0,  574,  836,  926,  799,  538, 1032, 1241,  776,  724,  923,  960,  617,  940, 1186,  834,  928,  317, 1034,  643, 1094,  905, 1336,  687,  383, 1283,  317,  141,  436, 1126, 1039,    0,  752,  733,  981, 1293,  323,  678,  897,  813,  373, 1064,  810,  394,  896, 1264,   16, 1339, 1057,  651,  619,  669,  584,  585,  599, 1066,  489,  995,  440,  595,  422,  989,  636,  315,  910,  745,  760,  526, 1064,  387,  524,  224,  691,  651,  281, 1050, 1222,  450,  814,  402,  518,  870, 1101,  707,  756,  792,  625,  593,  890,  549,  861,  783,  984,  145,  512,  461,  905,  779,  626,  692,  641,  829,  932,  604,  753,  919,  839, 1134,  767,  735,  553,  647,  368,  401,  971],
        [ 1026,    0,  827,  248,  178, 1092,  240,  967,  839,  532,  994,  545,  853,  251,  365,  871,  725,  695,  583,  550,  571,  581,  401,  960,  169,  813,  947,  436,  746,  619,  666,  581,  752,    0,  674,  436,  954,  576,  512,  150,  387,  790,  869,  735,  848,  839,  851,  738,  960,  483,  229,  375,  648,  361,  532,  905,  683,  682,  865,  841,  423,  374,  573,  911,  537,  159,  664,  616,  868,  547,  772,  614,  561,  429,  198,  628,  719,  929,  303,   96,  396,  544,  696,  699,  751,  257,  110,  208,  634, 1076,  691,  168, 1011, 1126,  608,  485,  681,  878,  527,  220,  542,  542, 1062, 1149,  149,  521,  346,  118,  821,  394,  750,  465,  826,  457,  821, 1052],
        [  377,    0,  294,  508,  747,  471,  512,  332,  550,  180,  387,  319,  237,  433,  509,  468,  102,  217,  420,  460,  119,  520,  430,  625,  506,  450,  564,  586,  613,  297,  497,  440,  733,  674,    0,  494,  574,  416,  162,  726,  353,  439,  332,   83,  475,  188,  577,  730,  629,  557,  447,  305,   64,  330,  182,  362,  401,  259,  268,  426,  267,  464,  379,  341,  440,  755,   22,   81,  379,  505,  412,  209,  544,  248,  480,  452,  358,  496,  597,  642,  462,  231,  148,  438,  103,  440,  604,  478,  140,  415,  204,  621,  376,  454,  647,  268,  287,  217,  188,  464,  132,  142,  419,  490,  633,  177,  502,  651,  419,  314,   85,  252,  232,  436,  441,  378],
        [  864,    0,  765,  192,  381,  964,  484,  666,  410,  317,  880,  196,  559,  378,   71,  465,  481,  379,  698,  121,  461,  147,   79,  530,  344,  857,  527,  697,  914,  646,  233,  158,  981,  436,  494,    0,  533,  690,  385,  378,  177,  839,  519,  509,  891,  580,  418,  972,  530,   77,  349,  369,  512,  400,  476,  841,  276,  665,  553,  857,  406,  565,  177,  827,  678,  404,  474,  413,  839,  112,  812,  584,  758,  320,  364,  748,  331,  524,  607,  347,  583,  535,  420,  280,  596,  239,  326,  388,  553,  891,  637,  281,  867,  904,  847,  505,  682,  624,  309,  380,  397,  438,  907,  965,  516,  327,   90,  335,  422,  228,  576,  461,  719,  614,  857,  813],
        [  771,    0,  839,  707,  912,  888,  924,  422,  134,  529,  847,  424,  399,  812,  602,  107,  478,  366,  976,  413,  650,  404,  553,   69,  825, 1019,   10, 1086, 1182,  865,  305,  377, 1293,  954,  574,  533,    0,  971,  622,  910,  584, 1010,  270,  510, 1041,  472,  142, 1289,   74,  518,  800,  725,  634,  765,  710,  886,  273,  832,  362,  989,  726,  947,  383,  851,  984,  936,  557,  534,  926,  431,  983,  777, 1087,  638,  827, 1015,  255,   89, 1043,  873,  955,  776,  428,  256,  638,  712,  846,  843,  711,  754,  777,  810,  798,  707, 1190,  788,  860,  495,  528,  831,  603,  653,  810,  809, 1001,  552,  616,  864,  160,  602,  604,  752,  758,  955, 1009,  617],
        [  589,    0,  336,  576,  729,  607,  337,  731,  920,  456,  514,  608,  649,  365,  660,  864,  517,  605,    8,  727,  321,  789,  612, 1014,  455,  243,  961,  233,  226,  130,  812,  728,  323,  576,  416,  690,  971,    0,  357,  700,  515,  220,  746,  496,  277,  589,  944,  319, 1017,  767,  401,  322,  353,  294,  262,  395,  747,  203,  682,  281,  287,  204,  675,  420,   48,  720,  427,  438,  335,  761,  207,  210,  135,  381,  415,   60,  728,  900,  326,  606,  183,  195,  549,  782,  406,  488,  575,  392,  279,  655,  255,  633,  558,  738,  234,  194,  180,  605,  459,  386,  370,  319,  610,  713,  453,  433,  641,  629,  811,  466,  431,  238,  384,  120,  254,  703],
        [  527,    0,  383,  358,  590,  610,  360,  476,  563,   99,  518,  257,  368,  273,  383,  516,  227,  263,  364,  388,   78,  452,  311,  661,  344,  478,  612,  472,  579,  276,  460,  382,  678,  512,  162,  385,  622,  357,    0,  569,  219,  461,  428,  229,  510,  337,  587,  672,  664,  458,  286,  146,  145,  177,  100,  461,  390,  282,  390,  474,  117,  337,  325,  452,  365,  597,  154,  116,  455,  429,  434,  202,  466,   89,  319,  408,  373,  559,  457,  482,  341,  168,  224,  426,  247,  283,  444,  317,  169,  571,  252,  465,  519,  615,  568,  167,  301,  372,  103,  303,   32,   54,  567,  646,  476,   77,  371,  493,  462,  171,  240,  130,  349,  334,  476,  540],
        [ 1095,    0,  919,  230,   30, 1172,  371,  988,  785,  563, 1076,  531,  874,  346,  309,  839,  759,  703,  708,  498,  638,  514,  371,  905,  252,  929,  904,  581,  884,  725,  608,  534,  897,  150,  726,  378,  910,  700,  569,    0,  394,  907,  868,  776,  965,  872,  792,  883,  905,  404,  314,  451,  712,  449,  611,  998,  649,  780,  879,  952,  502,  505,  541, 1000,  666,   30,  713,  658,  969,  483,  886,  706,  700,  480,  291,  756,  696,  898,  449,   95,  527,  637,  718,  657,  815,  287,  131,  311,  713, 1139,  780,  111, 1085, 1178,  753,  582,  783,  914,  556,  319,  596,  608, 1134, 1214,  298,  557,  297,   78,  793,  419,  808,  554,  906,  585,  936, 1097],
        [  730,    0,  602,  165,  409,  821,  349,  595,  485,  177,  732,  162,  481,  236,  164,  493,  370,  312,  523,  225,  297,  283,   98,  602,  242,  683,  576,  543,  740,  470,  332,  240,  813,  387,  353,  177,  584,  515,  219,  394,    0,  664,  484,  390,  717,  481,  502,  804,  603,  253,  218,  195,  357,  230,  303,  680,  313,  493,  487,  685,  230,  406,  207,  670,  505,  423,  337,  277,  672,  251,  638,  411,  590,  146,  244,  573,  337,  549,  472,  324,  421,  360,  325,  337,  452,  132,  290,  261,  388,  766,  469,  284,  727,  795,  683,  328,  508,  523,  170,  250,  237,  271,  772,  841,  417,  177,  152,  326,  441,   53,  437,  285,  565,  446,  683,  709],
        [  448,    0,  207,  757,  935,  432,  553,  688,  987,  552,  352,  715,  636,  564,  822,  905,  533,  654,  214,  849,  395,  912,  761, 1063,  657,   23, 1000,  439,  233,  195,  914,  841,  373,  790,  439,  839, 1010,  220,  461,  907,  664,    0,  755,  501,   59,  565, 1013,  379, 1067,  914,  598,  489,  382,  473,  365,  226,  829,  185,  674,   72,  441,  422,  782,  264,  265,  929,  457,  495,  154,  889,   28,  260,  307,  519,  617,  182,  793,  929,  544,  812,  402,  305,  586,  866,  378,  669,  779,  596,  311,  517,  235,  831,  410,  611,  369,  343,  162,  564,  558,  589,  460,  410,  456,  560,  672,  534,  806,  833,  858,  612,  411,  384,  287,  340,   36,  603],
        [  506,    0,  574,  641,  879,  623,  776,  177,  307,  357,  578,  338,  130,  673,  573,  181,  231,  177,  751,  418,  432,  449,  500,  334,  714,  762,  260,  898,  943,  629,  369,  380, 1064,  869,  332,  519,  270,  746,  428,  868,  484,  755,    0,  257,  782,  203,  333, 1062,  338,  544,  672,  560,  396,  597,  497,  618,  266,  586,   93,  728,  544,  764,  343,  582,  768,  896,  320,  318,  661,  458,  730,  541,  872,  475,  704,  784,  199,  182,  882,  806,  767,  556,  205,  287,  378,  612,  772,  712,  472,  496,  527,  758,  531,  464,  976,  582,  614,  226,  359,  698,  402,  443,  547,  557,  877,  376,  579,  805,  161,  478,  345,  553,  492,  754,  751,  368],
        [  358,    0,  334,  552,  794,  464,  586,  252,  502,  214,  390,  320,  155,  501,  535,  406,   37,  175,  499,  456,  198,  511,  454,  566,  568,  510,  500,  668,  687,  374,  473,  430,  810,  735,   83,  509,  510,  496,  229,  776,  390,  501,  257,    0,  531,  109,  529,  808,  570,  565,  512,  374,  144,  403,  263,  391,  370,  329,  187,  479,  341,  544,  371,  363,  521,  805,   80,  119,  421,  502,  475,  287,  625,  307,  545,  530,  317,  429,  676,  696,  543,  313,  106,  406,  130,  492,  658,  545,  218,  383,  271,  668,  365,  405,  728,  350,  357,  143,  221,  531,  198,  220,  401,  457,  704,  219,  530,  703,  362,  358,   97,  331,  259,  518,  500,  321],
        [  437,    0,  215,  814,  993,  406,  611,  703, 1024,  599,  334,  761,  659,  622,  876,  937,  564,  691,  270,  897,  442,  960,  814, 1096,  715,   37, 1031,  491,  255,  250,  958,  888,  394,  848,  475,  891, 1041,  277,  510,  965,  717,   59,  782,  531,    0,  587, 1051,  401, 1100,  965,  656,  545,  422,  530,  416,  213,  870,  230,  697,   57,  496,  480,  828,  254,  321,  987,  494,  536,  142,  938,   81,  309,  356,  572,  675,  235,  832,  959,  600,  870,  459,  358,  622,  908,  405,  725,  837,  655,  354,  504,  274,  888,  396,  601,  407,  399,  210,  582,  605,  647,  507,  458,  439,  541,  729,  581,  860,  891,  891,  665,  438,  439,  299,  397,   35,  602],
        [  319,    0,  375,  645,  890,  435,  695,  145,  492,  311,  380,  385,   74,  609,  615,  377,  115,  209,  592,  509,  306,  558,  534,  534,  672,  570,  462,  772,  767,  464,  503,  478,  896,  839,  188,  580,  472,  589,  337,  872,  481,  565,  203,  109,  587,    0,  519,  895,  539,  627,  618,  482,  244,  512,  369,  416,  394,  408,  113,  532,  449,  651,  424,  380,  618,  901,  188,  224,  461,  555,  541,  380,  722,  412,  652,  618,  330,  385,  784,  795,  649,  414,  162,  426,  191,  591,  758,  652,  312,  326,  348,  763,  339,  325,  823,  455,  436,   44,  317,  638,  306,  328,  362,  396,  812,  320,  613,  801,  344,  454,  161,  439,  292,  621,  557,  233],
        [  835,    0,  862,  603,  792,  952,  850,  506,   28,  489,  898,  352,  454,  737,  489,  158,  493,  361,  950,  301,  631,  279,  453,  115,  736, 1025,  142, 1031, 1163,  850,  186,  272, 1264,  851,  577,  418,  142,  944,  587,  792,  502, 1013,  333,  529, 1051,  519,    0, 1258,  114,  392,  719,  667,  632,  707,  683,  918,  200,  830,  422, 1002,  677,  891,  296,  888,  950,  817,  558,  521,  949,  310,  986,  765, 1049,  583,  744,  993,  221,  192,  973,  764,  902,  752,  431,  168,  658,  622,  741,  762,  704,  828,  779,  698,  857,  795, 1150,  753,  856,  551,  486,  751,  575,  627,  877,  890,  913,  512,  506,  753,  177,  530,  625,  712,  787,  911, 1018,  700],
        [  826,    0,  578,  825,  912,  806,  525, 1032, 1235,  770,  730,  916,  959,  605,  929, 1182,  831,  923,  313, 1025,  639, 1086,  895, 1331,  675,  389, 1279,  303,  147,  434, 1119, 1031,   16,  738,  730,  972, 1289,  319,  672,  883,  804,  379, 1062,  808,  401,  895, 1258,    0, 1334, 1048,  640,  611,  667,  575,  580,  604, 1060,  489,  994,  446,  587,  411,  982,  642,  309,  896,  742,  756,  531, 1055,  391,  521,  215,  684,  639,  279, 1044, 1218,  436,  801,  391,  513,  866, 1095,  706,  745,  779,  613,  591,  895,  548,  848,  788,  988,  132,  506,  461,  905,  773,  614,  687,  636,  834,  938,  590,  747,  908,  826, 1129,  759,  735,  547,  649,  359,  407,  974],
        [  842,    0,  901,  712,  905,  959,  949,  495,  121,  568,  916,  447,  467,  835,  600,  164,  536,  416, 1023,  412,  698,  392,  560,    6,  840, 1077,   82, 1121, 1231,  915,  297,  380, 1339,  960,  629,  530,   74, 1017,  664,  905,  603, 1067,  338,  570, 1100,  539,  114, 1334,    0,  505,  820,  757,  688,  797,  755,  951,  292,  887,  431, 1049,  762,  980,  397,  917, 1028,  930,  612,  584,  989,  422, 1040,  828, 1129,  671,  846, 1063,  291,  161, 1069,  875,  990,  823,  482,  267,  699,  726,  851,  863,  764,  826,  833,  810,  868,  780, 1231,  831,  914,  563,  566,  852,  648,  699,  882,  882, 1017,  591,  617,  864,  210,  626,  665,  792,  822,  994, 1068,  690],
        [  922,    0,  834,  252,  402, 1025,  554,  701,  388,  384,  943,  245,  598,  450,  128,  464,  534,  421,  775,  127,  532,  115,  156,  506,  410,  932,  513,  770,  991,  721,  213,  165, 1057,  483,  557,   77,  518,  767,  458,  404,  253,  914,  544,  565,  965,  627,  392, 1048,  505,    0,  421,  445,  580,  477,  550,  909,  285,  739,  588,  931,  483,  640,  207,  894,  755,  428,  537,  476,  910,   90,  887,  658,  834,  396,  433,  825,  348,  522,  676,  391,  658,  610,  470,  279,  660,  310,  376,  457,  625,  945,  708,  320,  927,  952,  922,  581,  756,  670,  376,  451,  468,  511,  965, 1018,  577,  395,  150,  375,  428,  304,  637,  537,  785,  691,  931,  858],
        [  798,    0,  608,  186,  340,  867,  136,  752,  703,  319,  770,  377,  639,   36,  296,  705,  505,  496,  409,  433,  343,  484,  282,  819,   64,  620,  791,  351,  606,  413,  545,  453,  651,  229,  447,  349,  800,  401,  286,  314,  218,  598,  672,  512,  656,  618,  719,  640,  820,  421,    0,  147,  419,  137,  305,  686,  530,  467,  655,  640,  195,  230,  424,  690,  374,  338,  439,  395,  656,  450,  576,  394,  433,  207,   34,  459,  549,  759,  260,  220,  250,  324,  484,  554,  523,  111,  183,   44,  408,  848,  470,  234,  784,  898,  510,  268,  470,  655,  316,   33,  316,  313,  835,  921,  206,  304,  274,  238,  652,  200,  522,  242,  600,  297,  626,  825],
        [  652,    0,  470,  270,  475,  723,  218,  620,  646,  205,  627,  316,  510,  129,  339,  624,  372,  387,  330,  415,  197,  475,  290,  755,  209,  509,  716,  365,  546,  295,  512,  423,  619,  375,  305,  369,  725,  322,  146,  451,  195,  489,  560,  374,  545,  482,  667,  611,  757,  445,  147,    0,  273,   41,  161,  549,  468,  336,  531,  521,   52,  224,  377,  550,  311,  477,  298,  260,  525,  445,  464,  259,  397,   88,  178,  381,  470,  672,  324,  359,  235,  193,  361,  499,  377,  183,  321,  174,  264,  702,  331,  357,  639,  753,  492,  146,  345,  517,  204,  160,  177,  168,  689,  775,  331,  185,  321,  374,  569,  149,  377,  108,  456,  253,  512,  682],
        [  384,    0,  256,  503,  734,  466,  470,  389,  605,  197,  375,  352,  298,  401,  519,  528,  165,  273,  357,  492,   77,  554,  443,  685,  480,  395,  624,  529,  550,  234,  540,  476,  669,  648,   64,  512,  634,  353,  145,  712,  357,  382,  396,  144,  422,  244,  632,  667,  688,  580,  419,  273,    0,  293,  131,  330,  449,  200,  330,  375,  229,  411,  415,  316,  378,  740,   78,  115,  337,  536,  355,  146,  482,  233,  451,  389,  412,  558,  547,  624,  407,  171,  207,  487,  104,  427,  586,  446,   78,  430,  149,  610,  375,  480,  585,  214,  227,  268,  204,  432,  121,  106,  423,  504,  595,  186,  509,  636,  478,  312,  106,  203,  208,  378,  388,  414],
