{
    "name": "random-92-5936",
    "comment": "size=92 seed=5936",
    "nodes": ["+0", "-0", "+1", "-1", "+2", "-2", "+3", "-3", "+4", "-4", "+5", "-5", "+6", "-6", "+7", "-7", "+8", "-8", "+9", "-9", "+10", "-10", "+11", "-11", "+12", "-12", "+13", "-13", "+14", "-14", "+15", "-15", "+16", "-16", "+17", "-17", "+18", "-18", "+19", "-19", "+20", "-20", "+21", "-21", "+22", "-22", "+23", "-23", "+24", "-24", "+25", "-25", "+26", "-26", "+27", "-27", "+28", "-28", "+29", "-29", "+30", "-30", "+31", "-31", "+32", "-32", "+33", "-33", "+34", "-34", "+35", "-35", "+36", "-36", "+37", "-37", "+38", "-38", "+39", "-39", "+40", "-40", "+41", "-41", "+42", "-42", "+43", "-43", "+44", "-44", "+45", "-45", "+46", "-46", "+47", "-47", "+48", "-48", "+49", "-49", "+50", "-50", "+51", "-51", "+52", "-52", "+53", "-53", "+54", "-54", "+55", "-55", "+56", "-56", "+57", "-57", "+58", "-58", "+59", "-59", "+60", "-60", "+61", "-61", "+62", "-62", "+63", "-63", "+64", "-64", "+65", "-65", "+66", "-66", "+67", "-67", "+68", "-68", "+69", "-69", "+70", "-70", "+71", "-71", "+72", "-72", "+73", "-73", "+74", "-74", "+75", "-75", "+76", "-76", "+77", "-77", "+78", "-78", "+79", "-79", "+80", "-80", "+81", "-81", "+82", "-82", "+83", "-83", "+84", "-84", "+85", "-85", "+86", "-86", "+87", "-87", "+88", "-88", "+89", "-89", "+90", "-90", "+91", "-91", "+92", "-92"],
    "precedence": {
        "+0": "-0",
        "+1": "-1",
        "+2": "-2",
        "+3": "-3",
        "+4": "-4",
        "+5": "-5",
        "+6": "-6",
        "+7": "-7",
        "+8": "-8",
        "+9": "-9",
        "+10": "-10",
        "+11": "-11",
        "+12": "-12",
        "+13": "-13",
        "+14": "-14",
        "+15": "-15",
        "+16": "-16",
        "+17": "-17",
        "+18": "-18",
        "+19": "-19",
        "+20": "-20",
        "+21": "-21",
        "+22": "-22",
        "+23": "-23",
        "+24": "-24",
        "+25": "-25",
        "+26": "-26",
        "+27": "-27",
        "+28": "-28",
        "+29": "-29",
        "+30": "-30",
        "+31": "-31",
        "+32": "-32",
        "+33": "-33",
        "+34": "-34",
        "+35": "-35",
        "+36": "-36",
        "+37": "-37",
        "+38": "-38",
        "+39": "-39",
        "+40": "-40",
        "+41": "-41",
        "+42": "-42",
        "+43": "-43",
        "+44": "-44",
        "+45": "-45",
        "+46": "-46",
        "+47": "-47",
        "+48": "-48",
        "+49": "-49",
        "+50": "-50",
        "+51": "-51",
        "+52": "-52",
        "+53": "-53",
        "+54": "-54",
        "+55": "-55",
        "+56": "-56",
        "+57": "-57",
        "+58": "-58",
        "+59": "-59",
        "+60": "-60",
        "+61": "-61",
        "+62": "-62",
        "+63": "-63",
        "+64": "-64",
        "+65": "-65",
        "+66": "-66",
        "+67": "-67",
        "+68": "-68",
        "+69": "-69",
        "+70": "-70",
        "+71": "-71",
        "+72": "-72",
        "+73": "-73",
        "+74": "-74",
        "+75": "-75",
        "+76": "-76",
        "+77": "-77",
        "+78": "-78",
        "+79": "-79",
        "+80": "-80",
        "+81": "-81",
        "+82": "-82",
        "+83": "-83",
        "+84": "-84",
        "+85": "-85",
        "+86": "-86",
        "+87": "-87",
        "+88": "-88",
        "+89": "-89",
        "+90": "-90",
        "+91": "-91",
        "+92": "-92"
    },
    "edges": [
        [    0,    0,  411,  481,  360,  346,  315,  449,  332,  220,  393,  397,  641,  365,  343,  423,  584,  280,  508,  362,  384,  624,  347,  589,  387,  677,  427,  492,  242,  547,  155,  308,  552,  645,  351,  465,  553,  388,  180,  344,  615,  585,  575,  590,  331,  507,  737,  266,  372,  600,  558,  424,  453,  508,  555,  723,  297,  339,  583,  467,  629,  643,  523,  666,   87,  359,  486,  313,  193,  373,  291,  406,  531,  615,  633,  631,  781,  572,  679,  411,  498,   58,  325,  160,  497,  209,  510,  283,  630,  560,  207,  191,  359,  403,  833,  374,  377,  365,  538,  504,  450,  524,  542,  352,  555,  626,  117,  547,  477,  508,  636,  341,  188,  499,   17,  358,  230,  133,   92,  275,  196,  629,  485,  422,  712,  613,  374,  664,  672,  619,  478,  300,  488,  256,  518,  582,  436,  635,  150,  427,  502,  319,  774,  675,  627,  254,  439,  494,  341,  571,  236,  477,  439,  515,  166,  647,  450,  399,  627,  298,  188,  530,  191,  319,  602,  310,  411,  729,  318,  572,  385,  417,   68,  261,  502,  287,  843,  341,  422,  114,  156,  572,  176,  290,  414,  405],
        [    0,    0,    0,    0,    0,    0,    0,    0,    0,    0,    0,    0,    0,    0,    0,    0,    0,    0,    0,    0,    0,    0,    0,    0,    0,    0,    0,    0,    0,    0,    0,    0,    0,    0,    0,    0,    0,    0,    0,    0,    0,    0,    0,    0,    0,    0,    0,    0,    0,    0,    0,    0,    0,    0,    0,    0,    0,    0,    0,    0,    0,    0,    0,    0,    0,    0,    0,    0,    0,    0,    0,    0,    0,    0,    0,    0,    0,    0,    0,    0,    0,    0,    0,    0,    0,    0,    0,    0,    0,    0,    0,    0,    0,    0,    0,    0,    0,    0,    0,    0,    0,    0,    0,    0,    0,    0,    0,    0,    0,    0,    0,    0,    0,    0,    0,    0,    0,    0,    0,    0,    0,    0,    0,    0,    0,    0,    0,    0,    0,    0,    0,    0,    0,    0,    0,    0,    0,    0,    0,    0,    0,    0,    0,    0,    0,    0,    0,    0,    0,    0,    0,    0,    0,    0,    0,    0,    0,    0,    0,    0,    0,    0,    0,    0,    0,    0,    0,    0,    0,    0,    0,    0,    0,    0,    0,    0,    0,    0,    0,    0,    0,    0,    0,    0,    0,    0],
        [  411,    0,    0,   95,  448,  721,  561,  506,  602,  596,  349,  435,  261,  621,  693,  616,  191,  250,  353,  726,  552,  652,  731,  655,  293,  827,  216,  320,  502,  912,  290,  593,  357,  691,  755,  628,  702,  663,  443,  681,  545,  303,  318,  226,  740,  758,  723,  473,  531,  995,  735,  358,  842,  917,  295,  782,  272,   88,  819,  741,  402,  494,  206,  664,  445,  736,  141,  688,  224,  417,  584,  817,  680,  248,  825,  538,  808,  218,  638,  549,  810,  402,  603,  522,  302,  617,  289,  411, 1031,  215,  464,  557,   71,  773,  870,  542,  412,  114,  674,  164,  316,  336,  839,  459,  780,  575,  505,  136,  586,  882,  412,  750,  229,  909,  403,  415,  504,  455,  370,  500,  299,  669,  825,  833,  328, 1010,  118,  662, 1069,  399,  671,  585,  797,  501,  707,  570,  846, 1032,  553,  211,  226,  410,  852,  841,  514,  342,  631,  129,  533,  701,  470,  736,   54,  518,  541,  774,  651,  809,  217,  219,  389,  119,  538,  627,  868,  552,  820,  729,  214,  341,   87,  657,  457,  658,  853,  549,  903,  508,  833,  500,  460,  758,  426,  221,  665,  151],
        [  481,    0,   95,    0,  448,  803,  653,  599,  628,  677,  331,  528,  266,  642,  779,  624,  192,  269,  433,  811,  646,  740,  782,  747,  383,  921,  300,  399,  533,  998,  344,  683,  428,  780,  814,  628,  796,  754,  531,  768,  627,  357,  378,  249,  811,  851,  807,  497,  625, 1074,  829,  448,  922,  988,  357,  872,  283,  181,  913,  833,  463,  566,  261,  750,  524,  818,   60,  770,  304,  411,  673,  881,  774,  266,  919,  617,  894,  250,  721,  643,  900,  479,  630,  603,  379,  681,  362,  505, 1108,  253,  553,  639,  122,  857,  957,  550,  505,  128,  767,  217,  401,  411,  931,  553,  874,  658,  564,   89,  576,  966,  473,  815,  309,  979,  474,  413,  593,  504,  451,  525,  339,  758,  913,  899,  323, 1088,  123,  748, 1147,  462,  765,  675,  887,  591,  801,  658,  916, 1111,  615,  295,  292,  417,  942,  935,  591,  363,  725,   40,  546,  794,  500,  829,   45,  608,  621,  867,  658,  879,  180,  236,  479,   76,  621,  716,  962,  644,  891,  815,  308,  406,  179,  750,  519,  714,  940,  577,  991,  519,  901,  559,  546,  852,  465,  315,  757,  237],
        [  360,    0,  448,  448,    0,  673,  672,  766,  223,  560,  131,  701,  704,  220,  687,  178,  631,  204,  733,  696,  731,  943,  449,  919,  625, 1030,  606,  706,  179,  868,  261,  667,  759,  971,  518,  181,  903,  747,  532,  693,  893,  738,  744,  673,  590,  867, 1045,  125,  715,  877,  913,  684,  752,  744,  721, 1056,  178,  441,  943,  825,  822,  883,  646,  976,  447,  683,  410,  644,  379,   45,  651,  607,  880,  695,  991,  900, 1106,  666,  974,  752,  849,  409,  230,  515,  698,  441,  697,  605,  890,  661,  560,  540,  380,  728, 1162,  107,  677,  336,  885,  608,  678,  732,  895,  677,  915,  914,  336,  536,  144,  822,  831,  549,  378,  727,  371,   37,  588,  254,  422,  142,  209,  952,  825,  635,  767,  884,  335,  974,  940,  815,  833,  660,  840,  610,  874,  883,  668,  904,  386,  604,  652,   47, 1113, 1031,  886,  132,  793,  430,  118,  917,  155,  836,  432,  817,  514,  995,  212,  642,  627,  231,  519,  523,  548,  677,  959,  667,  651, 1043,  525,  758,  492,  776,  330,  426,  836,  190, 1180,   86,  642,  332,  513,  928,  191,  506,  773,  551],
        [  346,    0,  721,  803,  673,    0,  248,  476,  547,  128,  731,  475,  905,  581,   66,  668,  863,  626,  666,   31,  346,  598,  378,  539,  567,  517,  651,  667,  508,  202,  500,  194,  719,  595,  303,  719,  436,  207,  288,   93,  673,  795,  772,  849,  163,  290,  713,  555,  354,  281,  408,  563,  127,  261,  760,  637,  641,  636,  358,  236,  794,  752,  767,  652,  281,   16,  819,   34,  500,  697,  188,  267,  424,  872,  442,  702,  712,  827,  693,  386,  203,  328,  537,  201,  683,  254,  706,  383,  325,  811,  277,  165,  683,   57,  743,  648,  472,  699,  441,  764,  620,  695,  254,  404,  352,  665,  338,  855,  758,  164,  797,  246,  495,  266,  345,  681,  243,  420,  353,  549,  540,  589,  157,  252,  971,  298,  709,  651,  355,  782,  347,  197,  200,  266,  373,  604,  228,  320,  292,  654,  731,  640,  659,  499,  714,  590,  334,  823,  611,  466,  522,  262,  759,  553,  184,  518,  682,  198,  923,  643,  346,  838,  184,  154,  336,  254,  204,  696,  555,  755,  668,  266,  348,  312,  163,  530,  732,  625,  243,  342,  263,  407,  484,  532,  249,  660],
        [  315,    0,  561,  653,  672,  248,    0,  229,  626,  202,  686,  230,  698,  662,  189,  730,  668,  553,  427,  234,  103,  367,  542,  315,  344,  364,  438,  433,  550,  386,  433,   55,  481,  373,  492,  776,  246,  102,  145,  164,  426,  567,  541,  642,  377,  206,  485,  580,  107,  513,  244,  326,  368,  508,  532,  435,  577,  473,  278,  181,  553,  504,  556,  418,  229,  262,  684,  229,  371,  681,   63,  489,  226,  663,  319,  454,  503,  618,  453,  143,  252,  264,  618,  185,  453,  380,  478,  161,  563,  602,  116,  183,  544,  277,  546,  687,  230,  577,  237,  562,  388,  460,  278,  160,  245,  420,  387,  685,  792,  373,  556,  446,  368,  512,  303,  667,   86,  442,  256,  586,  486,  362,  283,  483,  760,  531,  587,  417,  584,  541,  165,   52,  239,   67,  204,  361,  468,  553,  373,  442,  515,  629,  475,  361,  466,  556,  129,  681,  652,  269,  549,  180,  609,  306,  202,  340,  754,  433,  738,  559,  181,  670,  154,   96,  313,    9,  441,  471,  361,  520,  491,  107,  362,  454,  317,  590,  547,  654,  476,  387,  160,  258,  491,  345,  109,  464],
        [  449,    0,  506,  599,  766,  476,  229,    0,  780,  419,  740,   73,  556,  813,  414,  865,  549,  599,  242,  459,  133,  178,  744,  157,  219,  324,  316,  261,  687,  591,  506,  283,  292,  206,  706,  904,  205,  293,  280,  389,  198,  397,  365,  504,  602,  323,  289,  702,  123,  731,  247,  162,  593,  736,  363,  293,  628,  429,  357,  336,  353,  282,  419,  218,  382,  489,  645,  457,  397,  762,  290,  713,  185,  520,  334,  226,  340,  480,  237,   96,  430,  392,  773,  378,  286,  579,  313,  167,  783,  464,  263,  391,  518,  500,  397,  809,   98,  565,  174,  441,  227,  279,  434,   98,  317,  195,  551,  601,  902,  587,  353,  665,  397,  740,  432,  750,  268,  581,  361,  716,  559,  186,  483,  708,  608,  750,  575,  216,  800,  341,  209,  280,  417,  234,  231,  139,  695,  771,  555,  321,  373,  720,  357,  341,  240,  637,  184,  635,  779,  198,  675,  317,  559,   79,  402,  269,  895,  660,  628,  592,  261,  590,  358,  322,  425,  223,  668,  282,  296,  336,  421,  248,  512,  652,  520,  734,  418,  772,  702,  550,  317,  272,  612,  298,  265,  368],
        [  332,    0,  602,  628,  223,  547,  626,  780,    0,  461,  348,  727,  863,   36,  580,  123,  792,  360,  815,  575,  708,  955,  242,  918,  695,  989,  707,  793,  105,  722,  333,  603,  852,  975,  323,  176,  872,  676,  507,  594,  942,  858,  856,  822,  426,  793, 1068,  132,  698,  701,  869,  742,  596,  555,  834, 1050,  346,  567,  869,  744,  923,  958,  777,  997,  405,  554,  601,  525,  454,  266,  586,  414,  851,  846,  934,  956, 1111,  810, 1009,  739,  744,  389,   12,  444,  792,  294,  798,  614,  705,  802,  531,  457,  533,  597, 1161,  134,  705,  504,  860,  745,  756,  823,  794,  683,  849,  955,  240,  714,  230,  673,  932,  366,  451,  536,  348,  254,  545,  200,  420,  104,  306,  959,  704,  445,  930,  705,  506,  995,  757,  915,  789,  598,  738,  576,  828,  912,  482,  723,  265,  707,  770,  228, 1097,  983,  949,  266,  754,  619,  107,  892,  134,  761,  602,  845,  433,  966,  135,  464,  805,  392,  519,  699,  477,  599,  869,  623,  472, 1060,  607,  862,  621,  718,  270,  249,  705,   54, 1169,  138,  453,  240,  476,  879,  188,  582,  710,  666],
        [  220,    0,  596,  677,  560,  128,  202,  419,  461,    0,  609,  401,  791,  497,  128,  577,  745,  499,  575,  143,  303,  568,  343,  516,  468,  541,  543,  572,  405,  329,  373,  159,  628,  574,  291,  626,  437,  219,  179,  135,  615,  693,  673,  736,  186,  333,  686,  448,  303,  400,  423,  474,  246,  344,  659,  633,  516,  512,  409,  283,  704,  679,  656,  619,  153,  143,  691,   95,  374,  580,  144,  295,  419,  759,  479,  640,  703,  714,  651,  342,  291,  201,  452,   75,  585,  186,  606,  293,  438,  699,  177,   40,  556,  185,  743,  548,  391,  572,  433,  649,  525,  602,  339,  332,  391,  613,  231,  731,  657,  292,  709,  247,  369,  342,  218,  564,  155,  308,  227,  446,  415,  564,  268,  294,  859,  415,  581,  618,  474,  693,  348,  157,  282,  187,  383,  556,  288,  438,  197,  545,  624,  524,  667,  531,  647,  469,  321,  696,  511,  463,  415,  302,  633,  497,   56,  528,  595,  250,  801,  516,  235,  714,   70,  142,  409,  204,  260,  672,  441,  660,  548,  269,  230,  258,  283,  435,  741,  520,  289,  234,  146,  429,  369,  416,  257,  545],
        [  393,    0,  349,  331,  131,  731,  686,  740,  348,  609,    0,  671,  594,  349,  735,  307,  520,  142,  668,  750,  728,  912,  560,  896,  571, 1029,  533,  637,  283,  931,  254,  691,  686,  945,  620,  302,  899,  772,  542,  736,  843,  649,  660,  569,  672,  889, 1006,  230,  710,  959,  916,  635,  824,  837,  637, 1033,  113,  363,  963,  853,  742,  817,  553,  939,  474,  743,  287,  700,  344,   87,  676,  705,  876,  589, 1000,  844, 1076,  564,  929,  742,  890,  430,  354,  552,  626,  523,  620,  590,  978,  562,  570,  583,  285,  788, 1135,  237,  645,  235,  877,  512,  617,  660,  933,  660,  931,  867,  406,  418,  246,  889,  751,  643,  345,  822,  398,   96,  604,  322,  431,  255,  201,  924,  876,  731,  653,  969,  231,  937, 1026,  737,  839,  683,  879,  620,  879,  844,  760,  990,  461,  530,  567,  122, 1095, 1033,  826,  142,  797,  309,  246,  909,  251,  860,  322,  781,  558,  987,  340,  731,  508,  153,  515,  406,  583,  708,  989,  679,  741, 1007,  469,  678,  408,  792,  385,  523,  891,  307, 1158,  215,  737,  401,  533,  934,  259,  456,  792,  472],
        [  397,    0,  435,  528,  701,  475,  230,   73,  727,  401,  671,    0,  501,  760,  418,  808,  487,  529,  201,  463,  156,  243,  710,  228,  152,  393,  252,  213,  631,  612,  441,  284,  255,  274,  680,  844,  270,  314,  242,  394,  222,  351,  321,  447,  586,  366,  346,  643,  138,  743,  308,  106,  598,  732,  316,  363,  559,  357,  410,  370,  324,  279,  361,  275,  339,  489,  574,  452,  328,  695,  288,  695,  249,  464,  398,  243,  406,  423,  282,  132,  460,  342,  721,  350,  236,  547,  263,  119,  793,  406,  231,  368,  446,  507,  465,  749,   26,  493,  241,  379,  172,  236,  471,   71,  370,  230,  505,  534,  839,  602,  326,  643,  328,  734,  381,  684,  246,  527,  307,  658,  494,  254,  505,  694,  556,  761,  503,  274,  814,  312,  258,  280,  447,  215,  287,  186,  685,  782,  515,  256,  315,  655,  428,  409,  248,  571,  225,  564,  720,  267,  617,  355,  488,  119,  375,  340,  838,  648,  565,  521,  211,  522,  334,  326,  473,  223,  657,  342,  224,  296,  350,  278,  463,  618,  541,  680,  488,  712,  688,  504,  281,  333,  554,  226,  293,  299],
        [  641,    0,  261,  266,  704,  905,  698,  556,  863,  791,  594,  501,    0,  881,  864,  876,   75,  510,  323,  903,  651,  643,  978,  672,  357,  866,  260,  297,  761, 1079,  543,  742,  286,  687,  992,  885,  759,  796,  617,  846,  498,  176,  210,   57,  956,  865,  674,  734,  631, 1185,  802,  396, 1031, 1129,  201,  771,  531,  307,  910,  863,  276,  401,  143,  634,  653,  920,  320,  874,  450,  670,  738, 1044,  740,   37,  889,  475,  771,   80,  587,  632,  947,  617,  863,  718,  272,  849,  245,  538, 1227,   96,  629,  751,  331,  951,  833,  802,  487,  369,  728,  142,  330,  287,  965,  554,  869,  533,  747,  185,  838, 1057,  284,  979,  455, 1124,  629,  670,  666,  707,  579,  761,  558,  665,  979, 1056,   71, 1201,  369,  633, 1259,  281,  758,  736,  934,  651,  786,  557, 1064, 1224,  790,  256,  186,  669,  843,  888,  444,  602,  725,  297,  793,  747,  730,  851,  273,  530,  741,  806,  911, 1026,  124,  479,  559,  193,  724,  782,  973,  689, 1037,  688,  350,  245,  257,  772,  696,  899, 1012,  809,  877,  768, 1055,  742,  645,  827,  683,  375,  785,  246],
        [  365,    0,  621,  642,  220,  581,  662,  813,   36,  497,  349,  760,  881,    0,  615,   94,  810,  375,  843,  609,  743,  989,  265,  952,  724, 1024,  733,  821,  132,  754,  358,  639,  879, 1009,  349,  146,  907,  711,  541,  629,  973,  882,  882,  842,  457,  829, 1101,  148,  733,  729,  904,  772,  628,  581,  860, 1085,  359,  589,  905,  780,  950,  988,  799, 1030,  440,  588,  612,  559,  481,  265,  622,  439,  886,  866,  970,  987, 1145,  831, 1042,  773,  779,  422,   46,  480,  819,  328,  825,  647,  731,  824,  566,  493,  551,  630, 1195,  121,  738,  519,  895,  767,  785,  850,  829,  717,  885,  987,  276,  729,  206,  705,  959,  394,  478,  561,  381,  254,  580,  233,  453,  122,  328,  993,  738,  471,  948,  733,  521, 1029,  783,  942,  825,  634,  772,  611,  864,  945,  510,  750,  300,  733,  795,  233, 1133, 1018,  979,  281,  790,  631,  103,  927,  157,  797,  617,  878,  468, 1001,  101,  492,  820,  407,  553,  713,  513,  634,  904,  659,  500, 1094,  635,  888,  643,  754,  305,  281,  739,   81, 1204,  135,  480,  275,  511,  915,  216,  610,  746,  690],
        [  343,    0,  693,  779,  687,   66,  189,  414,  580,  128,  735,  418,  864,  615,    0,  698,  826,  620,  612,   46,  284,  533,  429,  474,  519,  456,  607,  615,  531,  220,  493,  134,  666,  529,  359,  749,  372,  142,  252,   28,  611,  746,  722,  808,  223,  232,  648,  574,  292,  328,  345,  509,  180,  324,  711,  573,  639,  606,  303,  178,  739,  692,  724,  587,  268,   77,  799,   64,  477,  707,  132,  330,  359,  830,  383,  640,  648,  785,  629,  323,  165,  315,  570,  186,  633,  291,  657,  333,  376,  769,  236,  153,  660,   90,  679,  673,  416,  682,  376,  724,  569,  643,  214,  347,  293,  602,  357,  825,  782,  194,  742,  304,  473,  331,  339,  691,  198,  435,  333,  571,  538,  524,  142,  317,  929,  346,  691,  586,  400,  727,  282,  139,  158,  216,  309,  541,  294,  367,  318,  610,  686,  651,  596,  439,  653,  595,  268,  801,  635,  401,  541,  202,  734,  491,  178,  455,  715,  263,  889,  635,  309,  809,  160,   93,  290,  195,  269,  630,  516,  703,  635,  201,  358,  356,  163,  558,  669,  646,  308,  360,  234,  345,  496,  494,  184,  621],
        [  423,    0,  616,  624,  178,  668,  730,  865,  123,  577,  307,  808,  876,   94,  698,    0,  803,  367,  872,  695,  806, 1043,  358, 1010,  756, 1094,  753,  847,  182,  845,  382,  712,  903, 1066,  442,   53,  973,  787,  602,  710, 1015,  895,  898,  841,  549,  906, 1152,  167,  794,  822,  974,  809,  719,  674,  875, 1145,  346,  597,  982,  858,  971, 1019,  807, 1081,  503,  675,  587,  644,  508,  220,  695,  532,  952,  864, 1043, 1026, 1202,  832, 1088,  834,  862,  479,  134,  552,  842,  415,  845,  699,  824,  826,  628,  569,  546,  718, 1254,   75,  784,  508,  959,  771,  814,  875,  912,  771,  960, 1031,  349,  712,  117,  796,  980,  487,  506,  654,  438,  214,  647,  291,  505,  150,  341, 1048,  824,  564,  940,  826,  508, 1080,  876,  964,  894,  706,  856,  675,  934,  993,  603,  843,  381,  752,  808,  208, 1196, 1090, 1015,  278,  857,  607,   91,  992,  191,  874,  605,  926,  544, 1067,   36,  585,  803,  398,  606,  698,  586,  711,  985,  727,  593, 1147,  661,  908,  651,  827,  369,  372,  827,  142, 1266,  110,  573,  347,  575,  986,  254,  639,  820,  704],
        [  584,    0,  191,  192,  631,  863,  668,  549,  792,  745,  520,  487,   75,  810,  826,  803,    0,  437,  330,  864,  632,  655,  915,  676,  338,  867,  237,  300,  692, 1044,  477,  710,  304,  698,  933,  811,  753,  769,  576,  810,  517,  203,  234,   68,  904,  846,  697,  663,  611, 1143,  794,  387,  989, 1080,  219,  785,  458,  246,  896,  840,  312,  431,  133,  651,  603,  879,  247,  832,  392,  596,  704,  989,  733,   77,  883,  499,  792,   83,  610,  617,  920,  564,  793,  671,  275,  792,  250,  509, 1183,   95,  591,  706,  260,  912,  855,  729,  470,  296,  722,  109,  324,  297,  942,  534,  856,  551,  686,  115,  764, 1020,  321,  924,  397, 1074,  573,  596,  629,  642,  527,  690,  489,  676,  947, 1003,  138, 1159,  296,  650, 1217,  314,  744,  703,  906,  617,  774,  568, 1012, 1181,  731,  232,  179,  596,  857,  887,  469,  531,  708,  224,  721,  744,  660,  829,  199,  533,  694,  808,  838,  974,   83,  406,  518,  120,  681,  749,  956,  660,  986,  710,  311,  268,  200,  750,  636,  838,  979,  739,  896,  695, 1002,  681,  602,  819,  615,  333,  761,  206],
        [  280,    0,  250,  269,  204,  626,  553,  599,  360,  499,  142,  529,  510,  375,  620,  367,  437,    0,  536,  641,  589,  771,  524,  755,  433,  890,  405,  507,  266,  827,  127,  563,  558,  803,  567,  381,  760,  643,  409,  618,  705,  535,  541,  474,  592,  758,  866,  229,  571,  873,  778,  496,  729,  765,  518,  892,   30,  238,  830,  725,  619,  686,  443,  798,  354,  639,  247,  593,  203,  180,  548,  644,  737,  497,  863,  708,  934,  465,  790,  602,  769,  307,  362,  435,  497,  448,  495,  450,  898,  460,  437,  468,  180,  682,  994,  294,  504,  144,  737,  406,  483,  532,  810,  519,  797,  728,  326,  355,  346,  787,  629,  578,  203,  753,  282,  175,  473,  253,  300,  256,   89,  783,  762,  666,  575,  885,  147,  797,  943,  613,  702,  555,  758,  487,  742,  704,  689,  906,  382,  402,  449,  163,  954,  895,  692,   95,  660,  263,  284,  769,  231,  729,  243,  640,  445,  847,  402,  656,  446,   33,  378,  339,  463,  584,  861,  546,  667,  866,  332,  556,  289,  659,  292,  467,  781,  308, 1016,  259,  670,  321,  405,  797,  203,  317,  660,  348],
        [  508,    0,  353,  433,  733,  666,  427,  242,  815,  575,  668,  201,  323,  843,  612,  872,  330,  536,    0,  656,  356,  326,  849,  350,  122,  544,  139,   34,  711,  812,  490,  480,   55,  368,  834,  899,  440,  514,  400,  590,  195,  156,  123,  274,  759,  562,  376,  707,  339,  939,  485,  103,  791,  916,  124,  456,  565,  307,  599,  570,  130,  150,  198,  324,  477,  680,  489,  640,  364,  715,  481,  863,  422,  287,  570,  186,  467,  252,  290,  329,  661,  462,  811,  513,   57,  693,   80,  285,  987,  237,  399,  539,  394,  702,  530,  804,  198,  448,  409,  232,   59,   37,  670,  269,  558,  228,  624,  407,  877,  800,  134,  806,  367,  916,  492,  708,  426,  621,  421,  728,  533,  347,  705,  867,  369,  957,  455,  323, 1011,  118,  450,  474,  648,  400,  473,  239,  863,  979,  649,  143,  153,  688,  528,  567,  162,  604,  422,  472,  782,  426,  689,  553,  403,  208,  539,  484,  905,  825,  412,  517,  350,  400,  506,  522,  666,  420,  835,  386,  211,   95,  271,  479,  575,  759,  741,  763,  569,  766,  862,  621,  438,  510,  628,  234,  494,  204],
        [  362,    0,  726,  811,  696,   31,  234,  459,  575,  143,  750,  463,  903,  609,   46,  695,  864,  641,  656,    0,  328,  576,  408,  516,  562,  488,  648,  659,  533,  189,  515,  180,  710,  571,  333,  746,  410,  183,  289,   72,  656,  789,  765,  848,  193,  261,  690,  579,  338,  284,  381,  553,  135,  280,  754,  611,  658,  641,  327,  207,  784,  737,  765,  630,  292,   35,  829,   52,  508,  718,  176,  295,  399,  870,  412,  685,  687,  825,  673,  368,  173,  340,  564,  211,  676,  282,  699,  376,  331,  810,  275,  175,  691,   48,  716,  674,  461,  710,  417,  763,  612,  687,  224,  392,  322,  647,  362,  860,  784,  157,  787,  276,  503,  288,  360,  702,  239,  442,  362,  574,  557,  566,  131,  279,  969,  302,  719,  629,  358,  772,  322,  184,  169,  259,  346,  585,  253,  324,  318,  651,  728,  661,  631,  470,  698,  610,  311,  832,  637,  440,  546,  233,  766,  536,  197,  491,  710,  225,  926,  658,  347,  843,  190,  138,  305,  240,  230,  672,  555,  747,  672,  241,  369,  341,  142,  557,  704,  650,  270,  365,  267,  379,  506,  532,  224,  660],
        [  384,    0,  552,  646,  731,  346,  103,  133,  708,  303,  728,  156,  651,  743,  284,  806,  632,  589,  356,  328,    0,  265,  640,  216,  296,  302,  396,  368,  625,  461,  478,  155,  409,  274,  594,  849,  173,  162,  204,  257,  328,  506,  476,  596,  480,  214,  383,  649,   22,  599,  190,  260,  461,  607,  471,  343,  616,  467,  268,  215,  476,  413,  510,  316,  304,  359,  685,  329,  392,  734,  165,  592,  150,  615,  278,  357,  408,  573,  351,   41,  305,  328,  701,  277,  391,  477,  417,  145,  651,  556,  179,  282,  548,  368,  454,  757,  166,  588,  155,  523,  326,  391,  316,   98,  229,  320,  471,  665,  858,  455,  477,  549,  390,  612,  370,  721,  167,  516,  309,  658,  533,  262,  353,  585,  709,  618,  598,  315,  668,  464,  120,  154,  292,  134,  157,  259,  569,  639,  464,  400,  466,  686,  390,  307,  372,  608,   79,  679,  724,  188,  619,  200,  603,  208,  297,  265,  832,  535,  707,  589,  214,  652,  250,  192,  324,  100,  543,  370,  341,  451,  473,  123,  439,  551,  390,  668,  461,  723,  578,  471,  233,  211,  558,  332,  138,  434],
        [  624,    0,  652,  740,  943,  598,  367,  178,  955,  568,  912,  243,  643,  989,  533, 1043,  655,  771,  326,  576,  265,    0,  904,   64,  361,  243,  443,  356,  864,  668,  683,  415,  358,   44,  859, 1081,  192,  394,  451,  506,  157,  469,  435,  598,  742,  367,  119,  879,  268,  821,  241,  294,  700,  855,  443,  132,  800,  584,  364,  403,  388,  272,  523,   55,  554,  609,  792,  586,  570,  937,  427,  853,  191,  608,  298,  189,  164,  577,  110,  227,  495,  567,  948,  539,  381,  740,  406,  344,  876,  562,  430,  546,  675,  609,  223,  987,  268,  725,  171,  555,  342,  359,  480,  273,  331,  125,  723,  727, 1080,  676,  383,  812,  570,  863,  608,  926,  427,  757,  538,  893,  736,   24,  561,  844,  681,  841,  734,   54,  883,  378,  262,  415,  484,  393,  255,   88,  825,  859,  723,  447,  477,  896,  204,  273,  220,  813,  266,  779,  956,  163,  853,  376,  705,  135,  561,  183, 1072,  792,  737,  762,  438,  718,  514,  448,  440,  365,  800,  106,  454,  401,  565,  336,  686,  814,  599,  911,  252,  950,  836,  723,  486,  261,  790,  461,  354,  504],
        [  347,    0,  731,  782,  449,  378,  542,  744,  242,  343,  560,  710,  978,  265,  429,  358,  915,  524,  849,  408,  640,  904,    0,  855,  729,  879,  773,  836,  277,  517,  442,  501,  895,  914,   89,  409,  779,  555,  468,  450,  931,  931,  920,  930,  223,  660, 1022,  331,  637,  469,  762,  758,  388,  318,  901,  975,  522,  671,  731,  607,  972,  976,  867,  953,  375,  379,  770,  367,  531,  489,  486,  177,  761,  954,  810,  952, 1044,  913,  980,  678,  580,  388,  232,  366,  842,  165,  855,  592,  468,  901,  482,  359,  668,  414, 1085,  374,  694,  655,  775,  844,  791,  867,  630,  649,  720,  936,  233,  860,  470,  467,  979,  144,  526,  298,  362,  475,  478,  278,  430,  309,  445,  902,  525,  209, 1048,  472,  661,  952,  520,  962,  690,  499,  577,  512,  723,  883,  249,  488,  201,  773,  848,  440, 1009,  865,  954,  442,  663,  783,  343,  805,  310,  629,  746,  819,  344,  869,  358,  239,  947,  555,  506,  843,  391,  481,  713,  542,  244, 1010,  664,  917,  722,  609,  285,   92,  517,  261, 1082,  370,  219,  237,  430,  767,  322,  636,  596,  749],
        [  589,    0,  655,  747,  919,  539,  315,  157,  918,  516,  896,  228,  672,  952,  474, 1010,  676,  755,  350,  516,  216,   64,  855,    0,  364,  198,  454,  378,  830,  605,  659,  360,  388,   59,  806, 1050,  129,  334,  411,  447,  205,  500,  466,  623,  686,  304,  175,  848,  222,  758,  179,  300,  639,  795,  471,  138,  784,  582,  303,  340,  428,  320,  544,  118,  514,  549,  795,  528,  553,  916,  373,  797,  128,  636,  242,  239,  194,  601,  172,  181,  432,  531,  910,  492,  403,  692,  429,  314,  814,  585,  389,  496,  672,  548,  245,  957,  254,  720,  107,  573,  356,  385,  417,  242,  268,  177,  683,  741, 1052,  613,  425,  758,  552,  803,  573,  904,  381,  721,  506,  861,  713,   51,  498,  787,  714,  778,  730,  117,  820,  418,  199,  361,  421,  348,  192,  125,  767,  796,  678,  459,  498,  872,  201,  224,  267,  790,  206,  784,  925,  101,  821,  313,  709,  144,  513,  137, 1038,  735,  758,  748,  405,  731,  465,  391,  378,  313,  742,  158,  450,  433,  569,  276,  648,  766,  536,  875,  262,  920,  779,  682,  444,  200,  758,  453,  294,  511],
        [  387,    0,  293,  383,  625,  567,  344,  219,  695,  468,  571,  152,  357,  724,  519,  756,  338,  433,  122,  562,  296,  361,  729,  364,    0,  542,  101,  108,  592,  729,  374,  392,  167,  399,  717,  785,  421,  440,  289,  499,  273,  228,  206,  302,  648,  510,  440,  590,  275,  846,  459,   68,  694,  811,  193,  491,  463,  225,  559,  507,  245,  264,  215,  377,  359,  583,  433,  539,  249,  610,  389,  750,  400,  321,  549,  276,  519,  278,  360,  280,  591,  341,  691,  401,  119,  575,  139,  187,  892,  262,  293,  429,  315,  608,  581,  690,  133,  367,  391,  229,   64,  139,  609,  198,  518,  297,  503,  383,  767,  711,  251,  690,  251,  809,  371,  602,  325,  500,  300,  611,  420,  377,  626,  755,  417,  863,  376,  376,  919,  234,  407,  385,  578,  304,  437,  282,  754,  885,  528,  106,  172,  578,  560,  558,  262,  494,  371,  421,  666,  416,  571,  495,  346,  227,  427,  486,  789,  715,  415,  418,  236,  372,  398,  433,  619,  335,  726,  444,  102,  194,  206,  415,  453,  639,  660,  643,  613,  652,  751,  500,  325,  484,  509,  119,  428,  150],
        [  677,    0,  827,  921, 1030,  517,  364,  324,  989,  541, 1029,  393,  866, 1024,  456, 1094,  867,  890,  544,  488,  302,  243,  879,  198,  542,    0,  638,  570,  914,  513,  779,  387,  585,  205,  814, 1140,  130,  324,  500,  432,  399,  697,  663,  817,  678,  228,  301,  943,  320,  672,  121,  483,  584,  745,  667,  171,  917,  748,  178,  282,  625,  515,  735,  282,  593,  522,  965,  518,  691, 1035,  404,  783,  154,  830,   86,  431,  243,  794,  344,  289,  348,  623,  980,  545,  596,  726,  622,  441,  728,  778,  472,  536,  834,  504,  248, 1050,  416,  878,  155,  761,  544,  580,  313,  377,  168,  368,  749,  924, 1154,  537,  622,  759,  689,  758,  664, 1021,  448,  805,  608,  950,  834,  220,  421,  765,  911,  691,  888,  282,  723,  615,  200,  392,  343,  422,  161,  321,  736,  706,  730,  643,  689,  986,  156,   33,  462,  908,  238,  956, 1016,  127,  912,  255,  880,  337,  558,   62, 1118,  711,  948,  888,  515,  913,  513,  400,  244,  368,  716,  277,  615,  630,  743,  273,  726,  798,  454,  954,  223, 1017,  756,  750,  522,  113,  853,  613,  284,  691],
        [  427,    0,  216,  300,  606,  651,  438,  316,  707,  543,  533,  252,  260,  733,  607,  753,  237,  405,  139,  648,  396,  443,  773,  454,  101,  638,    0,  107,  603,  820,  376,  483,  154,  484,  771,  776,  520,  537,  365,  588,  330,  159,  151,  204,  716,  610,  508,  592,  375,  931,  559,  156,  777,  885,  130,  574,  433,  171,  660,  605,  219,  285,  118,  451,  417,  666,  354,  621,  254,  584,  480,  813,  499,  225,  648,  323,  595,  180,  423,  380,  688,  390,  705,  472,   93,  627,   93,  279,  975,  164,  374,  503,  256,  695,  658,  683,  234,  310,  489,  128,  102,  128,  707,  298,  619,  360,  541,  288,  749,  800,  227,  751,  258,  882,  412,  578,  410,  523,  348,  615,  412,  461,  720,  821,  323,  948,  317,  449, 1004,  211,  507,  477,  674,  392,  538,  359,  824,  970,  574,    6,   81,  561,  645,  656,  301,  480,  472,  339,  664,  513,  577,  594,  267,  312,  497,  581,  787,  786,  314,  383,  308,  278,  474,  524,  719,  430,  796,  515,  109,  156,  133,  515,  490,  686,  753,  654,  693,  645,  819,  537,  397,  584,  519,  137,  527,   65],
        [  492,    0,  320,  399,  706,  667,  433,  261,  793,  572,  637,  213,  297,  821,  615,  847,  300,  507,   34,  659,  368,  356,  836,  378,  108,  570,  107,    0,  689,  819,  466,  484,   60,  399,  824,  873,  462,  524,  395,  594,  229,  138,  109,  247,  754,  578,  409,  683,  350,  942,  507,  109,  793,  914,  103,  487,  536,  276,  618,  583,  137,  180,  168,  356,  466,  682,  455,  640,  341,  686,  484,  856,  444,  261,  593,  219,  500,  224,  323,  344,  672,  448,  790,  507,   26,  682,   53,  284,  990,  208,  396,  534,  362,  705,  563,  778,  206,  416,  431,  200,   48,   32,  684,  277,  577,  261,  609,  374,  849,  805,  144,  797,  344,  914,  477,  680,  425,  601,  406,  705,  507,  377,  714,  861,  347,  960,  423,  355, 1015,  127,  468,  479,  659,  401,  492,  270,  859,  982,  635,  110,  122,  661,  559,  592,  195,  577,  437,  439,  757,  450,  666,  567,  370,  235,  533,  511,  880,  821,  382,  487,  342,  367,  502,  526,  684,  425,  831,  419,  187,   89,  238,  491,  559,  746,  749,  740,  601,  741,  857,  606,  431,  532,  606,  212,  506,  171],
        [  242,    0,  502,  533,  179,  508,  550,  687,  105,  405,  283,  631,  761,  132,  531,  182,  692,  266,  711,  533,  625,  864,  277,  830,  592,  914,  603,  689,    0,  697,  228,  534,  748,  886,  341,  226,  793,  610,  421,  540,  843,  753,  752,  720,  413,  729,  975,   56,  613,  699,  794,  641,  578,  565,  730,  964,  256,  463,  806,  683,  819,  856,  673,  904,  322,  517,  511,  482,  350,  215,  516,  428,  771,  744,  864,  856, 1022,  707,  913,  653,  695,  299,  104,  374,  688,  266,  694,  521,  711,  699,  447,  393,  433,  562, 1074,  143,  609,  407,  778,  641,  653,  719,  743,  592,  782,  857,  175,  618,  252,  650,  827,  370,  347,  548,  257,  200,  466,  109,  326,   42,  204,  869,  663,  457,  829,  706,  411,  902,  761,  811,  714,  527,  687,  494,  754,  817,  489,  726,  217,  602,  666,  163, 1015,  910,  848,  174,  677,  528,  106,  811,   35,  698,  504,  750,  368,  886,  208,  463,  709,  298,  427,  602,  408,  535,  813,  546,  473,  968,  503,  758,  517,  648,  189,  248,  670,   52, 1085,  118,  463,  172,  394,  806,   84,  478,  641,  561],
        [  547,    0,  912,  998,  868,  202,  386,  591,  722,  329,  931,  612, 1079,  754,  220,  845, 1044,  827,  812,  189,  461,  668,  517,  605,  729,  513,  820,  819,  697,    0,  701,  338,  866,  652,  430,  897,  481,  300,  472,  234,  777,  953,  927, 1023,  299,  304,  772,  747,  476,  160,  437,  711,  130,  262,  918,  668,  843,  826,  336,  266,  935,  872,  938,  722,  480,  189, 1017,  235,  695,  893,  341,  358,  478, 1045,  428,  809,  745, 1000,  774,  496,  174,  528,  711,  399,  839,  434,  863,  543,  216,  984,  454,  363,  879,  145,  760,  834,  615,  898,  498,  940,  773,  845,  201,  544,  353,  761,  533, 1045,  943,   50,  937,  373,  691,  280,  547,  877,  415,  616,  550,  738,  742,  653,  110,  329, 1143,  179,  907,  721,  216,  923,  408,  344,  184,  429,  415,  699,  288,  194,  483,  824,  899,  836,  668,  486,  828,  790,  415, 1019,  797,  512,  715,  292,  953,  662,  385,  538,  854,  283, 1108,  845,  528, 1029,  377,  297,  276,  395,  281,  751,  733,  905,  854,  346,  547,  475,   72,  713,  735,  814,  317,  537,  453,  424,  680,  712,  328,  839],
        [  155,    0,  290,  344,  261,  500,  433,  506,  333,  373,  254,  441,  543,  358,  493,  382,  477,  127,  490,  515,  478,  683,  442,  659,  374,  779,  376,  466,  228,  701,    0,  439,  523,  711,  470,  412,  651,  519,  288,  491,  638,  526,  524,  498,  476,  636,  785,  218,  461,  753,  665,  430,  607,  653,  502,  796,  148,  238,  709,  601,  593,  638,  446,  716,  227,  513,  340,  467,  126,  258,  424,  539,  627,  522,  747,  646,  845,  483,  715,  496,  643,  181,  331,  308,  463,  339,  467,  347,  780,  474,  317,  341,  227,  556,  902,  316,  416,  220,  630,  417,  433,  495,  684,  418,  677,  656,  221,  419,  399,  662,  602,  473,  124,  642,  155,  246,  351,  166,  177,  240,   55,  692,  635,  559,  612,  765,  228,  714,  824,  585,  587,  431,  632,  367,  627,  624,  578,  787,  273,  375,  438,  214,  855,  783,  635,  132,  546,  351,  292,  663,  202,  607,  306,  557,  318,  741,  415,  543,  506,  144,  265,  402,  336,  458,  737,  426,  555,  783,  280,  531,  292,  539,  178,  371,  654,  279,  921,  278,  561,  216,  280,  683,  146,  257,  539,  334],
        [  308,    0,  593,  683,  667,  194,   55,  283,  603,  159,  691,  284,  742,  639,  134,  712,  710,  563,  480,  180,  155,  415,  501,  360,  392,  387,  483,  484,  534,  338,  439,    0,  534,  418,  447,  759,  279,   81,  157,  111,  480,  617,  592,  686,  327,  200,  532,  568,  161,  460,  267,  377,  314,  454,  582,  474,  586,  505,  276,  163,  606,  559,  601,  467,  221,  208,  711,  175,  391,  679,   18,  439,  261,  708,  332,  508,  545,  663,  505,  195,  217,  262,  594,  160,  503,  343,  527,  206,  509,  647,  132,  149,  570,  223,  584,  674,  283,  599,  274,  605,  438,  511,  251,  213,  250,  473,  365,  720,  780,  321,  609,  399,  388,  458,  298,  664,   92,  427,  263,  571,  490,  409,  238,  431,  806,  478,  609,  466,  532,  594,  190,    9,  205,   94,  227,  413,  415,  500,  343,  487,  562,  626,  509,  380,  521,  557,  162,  710,  638,  304,  536,  170,  638,  360,  172,  371,  734,  381,  777,  572,  205,  705,  127,   43,  299,   61,  389,  517,  400,  572,  527,  115,  346,  416,  270,  570,  582,  642,  424,  366,  159,  277,  481,  382,  108,  505],
