{
    "name": "random-62-5567",
    "comment": "size=62 seed=5567",
    "nodes": ["+0", "-0", "+1", "-1", "+2", "-2", "+3", "-3", "+4", "-4", "+5", "-5", "+6", "-6", "+7", "-7", "+8", "-8", "+9", "-9", "+10", "-10", "+11", "-11", "+12", "-12", "+13", "-13", "+14", "-14", "+15", "-15", "+16", "-16", "+17", "-17", "+18", "-18", "+19", "-19", "+20", "-20", "+21", "-21", "+22", "-22", "+23", "-23", "+24", "-24", "+25", "-25", "+26", "-26", "+27", "-27", "+28", "-28", "+29", "-29", "+30", "-30", "+31", "-31", "+32", "-32", "+33", "-33", "+34", "-34", "+35", "-35", "+36", "-36", "+37", "-37", "+38", "-38", "+39", "-39", "+40", "-40", "+41", "-41", "+42", "-42", "+43", "-43", "+44", "-44", "+45", "-45", "+46", "-46", "+47", "-47", "+48", "-48", "+49", "-49", "+50", "-50", "+51", "-51", "+52", "-52", "+53", "-53", "+54", "-54", "+55", "-55", "+56", "-56", "+57", "-57", "+58", "-58", "+59", "-59", "+60", "-60", "+61", "-61", "+62", "-62"],
    "precedence": {
        "+0": "-0",
        "+1": "-1",
        "+2": "-2",
        "+3": "-3",
        "+4": "-4",
        "+5": "-5",
        "+6": "-6",
        "+7": "-7",
        "+8": "-8",
        "+9": "-9",
        "+10": "-10",
        "+11": "-11",
        "+12": "-12",
        "+13": "-13",
        "+14": "-14",
        "+15": "-15",
        "+16": "-16",
        "+17": "-17",
        "+18": "-18",
        "+19": "-19",
        "+20": "-20",
        "+21": "-21",
        "+22": "-22",
        "+23": "-23",
        "+24": "-24",
        "+25": "-25",
        "+26": "-26",
        "+27": "-27",
        "+28": "-28",
        "+29": "-29",
        "+30": "-30",
        "+31": "-31",
        "+32": "-32",
        "+33": "-33",
        "+34": "-34",
        "+35": "-35",
        "+36": "-36",
        "+37": "-37",
        "+38": "-38",
        "+39": "-39",
        "+40": "-40",
        "+41": "-41",
        "+42": "-42",
        "+43": "-43",
        "+44": "-44",
        "+45": "-45",
        "+46": "-46",
        "+47": "-47",
        "+48": "-48",
        "+49": "-49",
        "+50": "-50",
        "+51": "-51",
        "+52": "-52",
        "+53": "-53",
        "+54": "-54",
        "+55": "-55",
        "+56": "-56",
        "+57": "-57",
        "+58": "-58",
        "+59": "-59",
        "+60": "-60",
        "+61": "-61",
        "+62": "-62"
    },
    "edges": [
        [    0,    0,  557,  235,  542,  545,   23,  284,  541,  260,  462,  571,  473,   63,  324,  466,  533,  270,  565,  480,   96,  387,  604,  480,  397,  321,  267,  228,  608,  651,  556,  240,  598,  185,  211,  418,  535,  549,  559,  234,  354,  230,  395,  451,  345,  223,  474,  423,  192,  219,  397,  389,  356,  602,  532,  358,  479,  234,  461,  567,  651,  126,   22,  520,  482,  386,  567,  366,  463,  528,  459,  454,  575,  301,  520,  583,  304,  594,  163,  234,  523,  435,  609,  252,  638,  285,  437,  576,  307,  420,  314,  376,  434,   76,  146,  326,  289,  547,  278,  542,  639,  559,  368,  275,  319,  182,  480,   75,  485,  586,  375,  200,  175,  277,  496,  433,  578,  569,  798,  227,  256,  404,  529,  540,  378,  423],
        [    0,    0,    0,    0,    0,    0,    0,    0,    0,    0,    0,    0,    0,    0,    0,    0,    0,    0,    0,    0,    0,    0,    0,    0,    0,    0,    0,    0,    0,    0,    0,    0,    0,    0,    0,    0,    0,    0,    0,    0,    0,    0,    0,    0,    0,    0,    0,    0,    0,    0,    0,    0,    0,    0,    0,    0,    0,    0,    0,    0,    0,    0,    0,    0,    0,    0,    0,    0,    0,    0,    0,    0,    0,    0,    0,    0,    0,    0,    0,    0,    0,    0,    0,    0,    0,    0,    0,    0,    0,    0,    0,    0,    0,    0,    0,    0,    0,    0,    0,    0,    0,    0,    0,    0,    0,    0,    0,    0,    0,    0,    0,    0,    0,    0,    0,    0,    0,    0,    0,    0,    0,    0,    0,    0,    0,    0],
        [  557,    0,    0,  737, 1041,  200,  552,  825,  739,  400,  800,  819,  826,  573,  534,  311, 1003,  799, 1044,  163,  498,  464,  647,  534,  686,  243,  525,  567,  731, 1203, 1100,  389,  172,  470,  617,  784,  592,  521,  257,  765,  205,  636,  824,  881,  881,  459,  963,  203,  407,  763,  637,  475,  465,  161,   90,  401,  858,  347,  625, 1116,  918,  633,  548, 1051,   87,  186,  390,  204,  910,  932,  859,  622,  401,  855,  752,   70,  678,  312,  432,  474,  444,  656,  613,  308,  727,  525,  676,   29,  439,  274,  370,  196,  576,  550,  636,  824,  502,  526,  730, 1080,  853,  443,  769,  292,  698,  377, 1036,  631,  503, 1116,  445,  723,  392,  812, 1004,  126,  774,  913,  955,  358,  639,  961,  642,  305,  649,  349],
        [  235,    0,  737,    0,  568,  762,  224,  116,  740,  494,  624,  753,  626,  275,  307,  696,  592,   76,  609,  691,  247,  408,  827,  709,  275,  496,  492,  205,  819,  559,  501,  357,  809,  273,  143,  235,  761,  781,  783,  299,  535,  136,  518,  561,  155,  295,  523,  638,  331,   93,  310,  404,  588,  811,  731,  592,  616,  390,  676,  496,  817,  293,  255,  500,  675,  553,  801,  569,  556,  642,  588,  670,  809,  185,  713,  777,  483,  822,  306,  466,  757,  342,  836,  435,  853,  281,  332,  751,  358,  530,  405,  579,  656,  198,  104,   93,  517,  778,  418,  504,  824,  794,  516,  484,  492,  391,  341,  187,  716,  558,  408,   46,  394,  313,  519,  612,  774,  711,  987,  451,  155,  296,  747,  769,  280,  656],
        [  542,    0, 1041,  568,    0,  949,  560,  473,  526,  646,  349,  468,  324,  496,  835,  820,   82,  510,   57,  914,  636,  917,  699,  667,  841,  834,  532,  724,  622,  301,  191,  782, 1016,  721,  675,  794,  671,  747,  934,  310,  859,  681,  241,  204,  487,  759,   79,  857,  732,  475,  869,  918,  630, 1026,  987,  684,  279,  768,  562,  228,  460,  426,  538,  115,  956,  899,  863,  838,  165,  226,  253,  559,  864,  398,  484, 1044,  381,  939,  704,  573,  781,  905,  737,  768,  666,  799,  897, 1065,  842,  958,  855,  845,  587,  599,  586,  586,  563,  741,  312,  152,  525,  818,  301,  754,  365,  686,  379,  488,  698,  132,  908,  531,  662,  273,   50,  932,  533,  329,  659,  685,  707,  332,  616,  888,  841,  764],
        [  545,    0,  200,  762,  949,    0,  548,  829,  573,  314,  664,  658,  693,  539,  632,  139,  899,  811,  943,   79,  517,  588,  459,  361,  782,  303,  418,  631,  551, 1153, 1040,  459,   68,  524,  668,  864,  412,  332,   57,  710,  266,  690,  716,  768,  889,  529,  871,  125,  454,  763,  741,  599,  327,   80,  112,  268,  731,  400,  464, 1061,  755,  583,  529,  980,  157,  283,  192,  204,  802,  806,  738,  463,  202,  841,  593,  147,  570,  114,  471,  383,  255,  768,  422,  341,  541,  613,  785,  225,  539,  417,  473,  194,  418,  565,  659,  854,  387,  338,  642, 1014,  683,  248,  657,  279,  588,  372, 1016,  617,  327, 1043,  567,  737,  372,  756,  919,  229,  605,  770,  770,  318,  700,  934,  467,  108,  747,  193],
        [   23,    0,  552,  224,  560,  548,    0,  282,  562,  271,  485,  594,  496,   86,  301,  473,  553,  264,  584,  480,   76,  365,  622,  497,  375,  313,  286,  205,  629,  661,  568,  223,  599,  164,  190,  399,  553,  564,  564,  251,  348,  210,  417,  473,  342,  202,  493,  425,  176,  217,  374,  368,  371,  602,  530,  370,  501,  222,  481,  579,  674,  148,   42,  535,  479,  377,  578,  364,  484,  550,  482,  474,  586,  304,  542,  580,  326,  601,  147,  250,  536,  413,  626,  244,  658,  263,  415,  570,  286,  404,  296,  374,  453,   53,  130,  315,  306,  562,  300,  556,  661,  572,  391,  274,  342,  180,  485,   83,  500,  601,  354,  192,  176,  293,  514,  427,  600,  592,  820,  231,  235,  411,  548,  547,  356,  433],
        [  284,    0,  825,  116,  473,  829,  282,    0,  722,  537,  585,  721,  582,  303,  422,  747,  508,   42,  519,  762,  328,  522,  831,  725,  383,  583,  508,  318,  808,  443,  389,  456,  880,  373,  257,  322,  770,  803,  842,  247,  621,  251,  464,  499,   61,  400,  439,  706,  424,   66,  422,  519,  614,  884,  810,  630,  564,  481,  675,  382,  774,  292,  301,  395,  757,  644,  843,  644,  487,  578,  533,  668,  850,   76,  690,  859,  462,  876,  396,  496,  790,  453,  847,  518,  846,  395,  441,  841,  468,  636,  512,  654,  663,  276,  196,  114,  538,  799,  382,  394,  794,  828,  475,  555,  467,  461,  227,  216,  738,  450,  522,  106,  457,  244,  425,  699,  753,  658,  956,  511,  270,  182,  746,  821,  391,  701],
        [  541,    0,  739,  740,  526,  573,  562,  722,    0,  396,  179,   89,  203,  482,  842,  436,  450,  735,  492,  578,  608,  872,  180,  213,  936,  637,  292,  763,   98,  812,  691,  694,  638,  688,  752,  954,  177,  267,  533,  482,  636,  771,  310,  326,  773,  721,  462,  538,  648,  675,  931,  879,  285,  651,  657,  345,  248,  641,  116,  725,  183,  448,  521,  611,  657,  682,  416,  575,  364,  311,  275,  120,  412,  681,   43,  708,  261,  511,  635,  350,  331,  969,  223,  600,  142,  805,  974,  767,  791,  803,  760,  576,  165,  614,  678,  815,  290,  260,  345,  653,  118,  357,  267,  535,  256,  536,  789,  558,  248,  654,  855,  696,  506,  504,  522,  677,   40,  231,  261,  479,  796,  707,  114,  476,  916,  391],
        [  260,    0,  400,  494,  646,  314,  271,  537,  396,    0,  410,  460,  434,  236,  479,  211,  605,  527,  647,  269,  274,  489,  390,  254,  601,  244,  129,  426,  429,  839,  726,  311,  377,  329,  439,  651,  319,  306,  314,  396,  248,  461,  425,  482,  598,  354,  568,  211,  273,  473,  580,  497,  125,  385,  341,  102,  463,  252,  286,  747,  557,  271,  240,  668,  313,  295,  308,  202,  511,  535,  461,  280,  316,  538,  394,  398,  279,  341,  269,   75,  268,  616,  382,  205,  446,  445,  625,  426,  411,  408,  371,  207,  241,  306,  398,  585,  112,  306,  335,  701,  512,  302,  370,  142,  299,  153,  708,  322,  247,  732,  470,  459,  128,  442,  613,  305,  435,  527,  649,   85,  480,  625,  336,  286,  573,  164],
        [  462,    0,  800,  624,  349,  664,  485,  585,  179,  410,    0,  141,   30,  400,  783,  526,  275,  604,  319,  649,  547,  833,  351,  334,  852,  647,  283,  689,  276,  634,  513,  662,  732,  635,  665,  851,  327,  409,  636,  338,  657,  680,  136,  147,  630,  672,  284,  599,  611,  546,  857,  838,  340,  744,  728,  403,   74,  621,  223,  547,  194,  346,  446,  433,  714,  703,  541,  611,  186,  148,   97,  221,  540,  533,  137,  784,  160,  628,  591,  343,  455,  896,  389,  594,  320,  745,  897,  827,  751,  803,  735,  615,  258,  537,  581,  687,  300,  402,  207,  475,  212,  489,  110,  548,  143,  517,  622,  456,  368,  475,  818,  578,  487,  350,  344,  714,  193,  118,  373,  480,  707,  543,  269,  583,  837,  472],
        [  571,    0,  819,  753,  468,  658,  594,  721,   89,  460,  141,    0,  155,  510,  884,  520,  389,  738,  428,  659,  647,  923,  261,  300,  967,  703,  345,  797,  164,  762,  643,  746,  724,  731,  780,  975,  265,  355,  620,  475,  705,  797,  276,  277,  768,  766,  411,  618,  698,  679,  966,  929,  358,  737,  739,  421,  194,  697,  196,  678,  100,  466,  553,  562,  737,  751,  504,  648,  313,  245,  226,  198,  500,  672,   68,  792,  272,  599,  682,  406,  419, 1005,  306,  660,  206,  846, 1008,  847,  840,  867,  815,  650,  244,  646,  701,  820,  350,  348,  340,  604,   73,  445,  248,  601,  261,  591,  763,  577,  335,  598,  906,  707,  561,  490,  471,  751,   72,  152,  236,  540,  824,  684,  202,  563,  949,  473],
        [  473,    0,  826,  626,  324,  693,  496,  582,  203,  434,   30,  155,    0,  411,  796,  555,  249,  603,  292,  676,  560,  848,  377,  363,  860,  669,  306,  699,  299,  612,  491,  679,  760,  649,  673,  855,  356,  438,  664,  335,  680,  688,  124,  124,  625,  686,  261,  626,  628,  546,  867,  853,  368,  772,  755,  430,   46,  640,  252,  526,  193,  354,  458,  411,  740,  726,  570,  635,  162,  119,   73,  250,  569,  527,  161,  811,  176,  657,  607,  366,  484,  906,  417,  615,  344,  757,  906,  853,  766,  824,  752,  640,  287,  548,  588,  686,  326,  431,  209,  453,  224,  518,  111,  571,  157,  537,  609,  463,  398,  451,  834,  580,  507,  343,  321,  739,  213,   98,  381,  503,  715,  532,  297,  612,  846,  500],
        [   63,    0,  573,  275,  496,  539,   86,  303,  482,  236,  400,  510,  411,    0,  385,  446,  481,  297,  515,  479,  153,  445,  553,  434,  458,  346,  217,  290,  552,  630,  528,  290,  596,  243,  271,  474,  487,  508,  546,  195,  376,  290,  336,  393,  363,  281,  425,  421,  239,  240,  459,  448,  315,  602,  539,  327,  417,  272,  406,  543,  589,   71,   48,  485,  494,  412,  540,  375,  407,  468,  398,  399,  547,  304,  460,  593,  241,  576,  213,  195,  489,  498,  562,  278,  584,  347,  499,  594,  364,  462,  365,  384,  383,  138,  198,  362,  243,  504,  219,  510,  578,  526,  306,  283,  257,  199,  478,   91,  442,  551,  432,  235,  182,  242,  453,  453,  519,  507,  738,  225,  315,  397,  475,  521,  440,  399],
        [  324,    0,  534,  307,  835,  632,  301,  422,  842,  479,  783,  884,  796,  385,    0,  623,  840,  382,  866,  553,  238,  105,  867,  732,  153,  330,  552,  112,  896,  864,  798,  180,  657,  155,  168,  254,  796,  781,  672,  530,  367,  171,  716,  771,  458,  125,  776,  518,  207,  383,  110,   99,  602,  654,  562,  574,  802,  244,  747,  798,  969,  447,  338,  786,  500,  360,  741,  432,  779,  849,  782,  740,  751,  486,  828,  591,  624,  724,  212,  498,  730,  141,  860,  305,  918,   39,  155,  538,   96,  273,  165,  442,  709,  250,  251,  361,  561,  781,  600,  796,  949,  757,  691,  384,  641,  327,  647,  353,  724,  848,  111,  324,  352,  563,  786,  423,  881,  892, 1102,  399,  154,  600,  806,  680,  117,  605],
        [  466,    0,  311,  696,  820,  139,  473,  747,  436,  211,  526,  520,  555,  446,  623,    0,  767,  735,  811,  149,  461,  601,  338,  227,  763,  308,  292,  597,  421, 1038,  922,  444,  207,  491,  623,  830,  282,  213,  114,  599,  283,  645,  584,  634,  807,  505,  742,  130,  423,  682,  731,  611,  192,  219,  225,  138,  594,  379,  326,  945,  618,  479,  447,  858,  239,  318,  119,  207,  669,  669,  602,  324,  129,  749,  455,  274,  440,  131,  432,  268,  138,  763,  306,  318,  417,  596,  776,  339,  537,  459,  478,  201,  279,  502,  596,  788,  259,  218,  517,  894,  548,  148,  524,  240,  457,  317,  917,  531,  194,  919,  580,  665,  306,  644,  793,  285,  469,  632,  645,  248,  660,  833,  334,   76,  730,   57],
        [  533,    0, 1003,  592,   82,  899,  553,  508,  450,  605,  275,  389,  249,  481,  840,  767,    0,  542,   45,  869,  628,  915,  625,  601,  861,  807,  484,  731,  545,  382,  269,  770,  967,  716,  686,  823,  601,  680,  880,  310,  829,  695,  184,  136,  530,  754,   69,  813,  719,  500,  884,  917,  576,  977,  944,  632,  203,  750,  494,  306,  379,  410,  526,  190,  917,  871,  802,  802,   98,  146,  180,  491,  802,  435,  408, 1001,  330,  881,  692,  531,  718,  921,  664,  744,  589,  803,  915, 1028,  838,  941,  844,  808,  521,  596,  596,  621,  513,  673,  277,  230,  444,  754,  243,  722,  312,  661,  443,  488,  633,  213,  905,  552,  635,  282,  103,  899,  455,  248,  578,  651,  721,  387,  544,  832,  858,  710],
        [  270,    0,  799,   76,  510,  811,  264,   42,  735,  527,  604,  738,  603,  297,  382,  735,  542,    0,  555,  743,  303,  483,  836,  726,  342,  557,  508,  280,  819,  484,  430,  425,  861,  341,  218,  284,  773,  802,  827,  269,  596,  212,  488,  525,   83,  366,  473,  688,  395,   61,  381,  480,  611,  864,  788,  622,  587,  453,  682,  423,  796,  296,  288,  434,  733,  617,  834,  623,  516,  605,  558,  675,  842,  116,  704,  835,  475,  863,  368,  491,  785,  412,  850,  493,  855,  357,  400,  814,  432,  602,  477,  633,  667,  251,  165,   84,  536,  798,  399,  435,  811,  822,  495,  535,  481,  441,  265,  207,  736,  490,  484,   77,  440,  271,  462,  673,  767,  682,  974,  495,  230,  223,  753,  809,  350,  691],
        [  565,    0, 1044,  609,   57,  943,  584,  519,  492,  647,  319,  428,  292,  515,  866,  811,   45,  555,    0,  911,  659,  945,  668,  645,  881,  846,  527,  756,  586,  351,  246,  803, 1010,  747,  710,  838,  645,  724,  924,  337,  868,  717,  228,  180,  536,  785,   92,  855,  753,  517,  906,  946,  620, 1020,  987,  676,  246,  785,  538,  282,  412,  444,  559,  171,  959,  910,  846,  843,  143,  184,  224,  535,  846,  445,  450, 1044,  373,  926,  726,  573,  762,  943,  708,  781,  630,  830,  936, 1070,  869,  976,  878,  849,  566,  626,  620,  632,  557,  717,  316,  207,  481,  798,  287,  761,  356,  698,  435,  516,  678,  181,  936,  571,  673,  305,   97,  939,  496,  284,  610,  691,  744,  386,  588,  877,  879,  754],
        [  480,    0,  163,  691,  914,   79,  480,  762,  578,  269,  649,  659,  676,  479,  553,  149,  869,  743,  911,    0,  445,  510,  486,  372,  703,  224,  385,  554,  569, 1102,  992,  381,  119,  447,  592,  786,  430,  361,  125,  658,  187,  614,  686,  741,  821,  451,  835,   59,  378,  697,  662,  521,  310,  123,   81,  247,  711,  322,  464, 1012,  758,  529,  466,  936,   93,  206,  240,  126,  773,  786,  715,  462,  251,  778,  593,  136,  540,  183,  395,  341,  284,  689,  453,  264,  565,  534,  706,  191,  461,  343,  394,  116,  416,  494,  588,  782,  357,  365,  603,  968,  692,  287,  629,  208,  558,  302,  956,  553,  341, 1000,  489,  668,  306,  706,  880,  155,  613,  760,  793,  256,  624,  876,  479,  157,  668,  188],
        [   96,    0,  498,  247,  636,  517,   76,  328,  608,  274,  547,  647,  560,  153,  238,  461,  628,  303,  659,  445,    0,  293,  649,  518,  334,  255,  321,  157,  667,  729,  640,  149,  563,   91,  165,  378,  579,  579,  540,  327,  293,  188,  488,  545,  385,  129,  569,  393,  103,  266,  323,  296,  389,  565,  486,  375,  568,  156,  518,  649,  732,  220,  105,  609,  431,  317,  572,  322,  557,  620,  550,  511,  581,  362,  592,  533,  387,  583,   74,  274,  541,  361,  649,  191,  693,  200,  367,  514,  212,  331,  220,  333,  485,   53,  143,  338,  335,  577,  371,  629,  713,  574,  457,  238,  404,  146,  543,  154,  517,  675,  281,  227,  156,  368,  590,  372,  647,  657,  868,  214,  207,  474,  582,  531,  310,  427],
        [  387,    0,  464,  408,  917,  588,  365,  522,  872,  489,  833,  923,  848,  445,  105,  601,  915,  483,  945,  510,  293,    0,  876,  739,  237,  295,  581,  206,  916,  963,  892,  180,  603,  202,  266,  347,  805,  779,  633,  609,  326,  272,  780,  837,  560,  164,  854,  484,  225,  479,  181,   12,  613,  598,  504,  575,  859,  237,  769,  894, 1012,  512,  397,  875,  443,  306,  718,  399,  849,  912,  842,  763,  729,  583,  863,  526,  674,  689,  242,  523,  720,  195,  863,  292,  934,  128,  215,  464,   83,  191,  123,  406,  728,  320,  342,  465,  584,  780,  663,  888,  984,  743,  748,  371,  692,  339,  748,  430,  727,  939,   22,  421,  368,  645,  869,  366,  912,  946, 1131,  405,  258,  699,  824,  650,  201,  593],
        [  604,    0,  647,  827,  699,  459,  622,  831,  180,  390,  351,  261,  377,  553,  867,  338,  625,  836,  668,  486,  649,  876,    0,  137,  982,  605,  337,  806,  105,  977,  855,  699,  518,  715,  808, 1020,   72,  128,  410,  608,  592,  829,  471,  496,  887,  742,  632,  462,  662,  776,  966,  884,  266,  532,  560,  303,  423,  639,  159,  887,  338,  541,  582,  777,  576,  635,  277,  521,  536,  490,  447,  165,  269,  802,  220,  604,  383,  374,  656,  376,  205, 1003,   47,  586,   83,  833, 1011,  675,  800,  770,  756,  519,  171,  669,  748,  910,  317,  122,  477,  819,  251,  216,  419,  510,  386,  542,  931,  640,  155,  824,  856,  785,  516,  639,  691,  614,  190,  409,  311,  472,  852,  846,   89,  353,  957,  311],
        [  480,    0,  534,  709,  667,  361,  497,  725,  213,  254,  334,  300,  363,  434,  732,  227,  601,  726,  645,  372,  518,  739,  137,    0,  850,  470,  219,  674,  199,  923,  801,  563,  426,  581,  680,  892,   67,   84,  321,  519,  460,  701,  427,  466,  783,  607,  592,  339,  526,  666,  832,  748,  131,  439,  450,  167,  407,  503,  113,  831,  395,  433,  459,  728,  457,  504,  209,  390,  504,  482,  424,  114,  207,  704,  237,  500,  306,  301,  521,  248,  123,  869,  131,  450,  203,  698,  877,  562,  664,  636,  619,  389,   81,  542,  625,  795,  192,   79,  401,  768,  322,  155,  368,  374,  316,  406,  848,  524,   36,  782,  720,  669,  380,  556,  649,  488,  244,  425,  425,  336,  723,  762,  108,  264,  823,  187],
        [  397,    0,  686,  275,  841,  782,  375,  383,  936,  601,  852,  967,  860,  458,  153,  763,  861,  342,  881,  703,  334,  237,  982,  850,    0,  480,  653,  177,  999,  816,  771,  324,  809,  274,  188,  114,  912,  907,  819,  557,  518,  173,  765,  815,  399,  258,  793,  665,  340,  367,   59,  227,  720,  806,  714,  700,  858,  386,  850,  763, 1044,  507,  416,  774,  652,  512,  880,  580,  815,  895,  834,  843,  890,  457,  916,  744,  697,  870,  335,  607,  862,   74,  980,  448, 1026,  170,   59,  690,  248,  422,  318,  590,  818,  322,  274,  290,  668,  906,  654,  776, 1035,  892,  751,  523,  711,  454,  589,  398,  846,  831,  251,  310,  475,  579,  792,  575,  974,  952, 1194,  528,  146,  562,  914,  824,   37,  740],
        [  321,    0,  243,  496,  834,  303,  313,  583,  637,  244,  647,  703,  669,  346,  330,  308,  807,  557,  846,  224,  255,  295,  605,  470,  480,    0,  366,  336,  661,  971,  873,  159,  331,  233,  381,  565,  537,  497,  343,  541,   41,  401,  638,  697,  639,  230,  759,  191,  166,  521,  439,  305,  356,  330,  242,  305,  693,  107,  524,  886,  800,  412,  314,  830,  182,   66,  425,  105,  721,  760,  686,  519,  436,  615,  637,  283,  501,  397,  190,  305,  432,  467,  586,   69,  672,  311,  483,  259,  238,  167,  174,  113,  478,  308,  394,  583,  354,  498,  531,  856,  753,  452,  590,  102,  522,  149,  796,  394,  451,  896,  274,  481,  173,  587,  793,  117,  676,  764,  885,  167,  408,  723,  566,  356,  444,  305],
        [  267,    0,  525,  492,  532,  418,  286,  508,  292,  129,  283,  345,  306,  217,  552,  292,  484,  508,  527,  385,  321,  581,  337,  219,  653,  366,    0,  477,  347,  748,  631,  403,  485,  397,  474,  684,  270,  296,  405,  317,  375,  495,  302,  357,  567,  430,  453,  330,  356,  448,  643,  588,  113,  494,  462,  155,  335,  353,  197,  656,  439,  217,  246,  566,  439,  421,  357,  330,  388,  407,  334,  191,  361,  491,  283,  518,  155,  417,  343,   62,  290,  681,  345,  318,  374,  515,  687,  552,  500,  526,  471,  335,  167,  335,  412,  577,   34,  292,  226,  602,  403,  329,  245,  266,  174,  247,  645,  306,  231,  627,  563,  451,  216,  360,  502,  433,  332,  400,  552,  200,  518,  559,  263,  364,  630,  236],
        [  228,    0,  567,  205,  724,  631,  205,  318,  763,  426,  689,  797,  699,  290,  112,  597,  731,  280,  756,  554,  157,  206,  806,  674,  177,  336,  477,    0,  824,  757,  688,  179,  666,  108,   62,  234,  735,  732,  663,  421,  377,   74,  614,  667,  359,  108,  666,  510,  178,  274,  170,  203,  544,  665,  577,  526,  702,  233,  674,  689,  878,  347,  245,  675,  517,  383,  712,  428,  673,  746,  680,  668,  722,  378,  745,  616,  531,  711,  166,  430,  689,  208,  804,  291,  850,   79,  211,  576,  155,  334,  209,  438,  641,  152,  140,  273,  492,  731,  499,  686,  865,  720,  592,  360,  546,  283,  544,  246,  671,  737,  205,  216,  301,  453,  675,  445,  801,  794, 1022,  356,   73,  494,  738,  662,  153,  570],
        [  608,    0,  731,  819,  622,  551,  629,  808,   98,  429,  276,  164,  299,  552,  896,  421,  545,  819,  586,  569,  667,  916,  105,  199,  999,  661,  347,  824,    0,  909,  788,  737,  612,  742,  818, 1025,  140,  223,  504,  572,  654,  838,  407,  422,  861,  772,  559,  537,  695,  758,  989,  924,  307,  626,  645,  358,  343,  681,  150,  822,  234,  527,  588,  708,  655,  699,  375,  587,  461,  404,  371,  156,  369,  770,  139,  693,  347,  473,  685,  398,  297, 1027,  152,  633,   45,  860, 1033,  759,  837,  828,  799,  586,  189,  679,  750,  896,  336,  216,  436,  750,  147,  314,  363,  562,  345,  578,  884,  633,  228,  750,  897,  775,  549,  597,  619,  685,   92,  315,  227,  514,  863,  802,   95,  447,  976,  385],
        [  651,    0, 1203,  559,  301, 1153,  661,  443,  812,  839,  634,  762,  612,  630,  864, 1038,  382,  484,  351, 1102,  729,  963,  977,  923,  816,  971,  748,  757,  909,    0,  123,  873, 1215,  796,  697,  735,  940, 1006, 1149,  444, 1003,  694,  507,  488,  418,  828,  352, 1043,  832,  484,  861,  960,  859, 1222, 1167,  901,  570,  882,  829,   93,  760,  574,  658,  202, 1124, 1036, 1102, 1004,  451,  525,  539,  825, 1105,  380,  771, 1221,  618, 1165,  802,  772, 1026,  889, 1011,  902,  954,  836,  874, 1224,  903, 1057,  938, 1013,  844,  680,  625,  528,  782, 1000,  528,  159,  823, 1065,  560,  913,  608,  827,  230,  579,  950,  171,  961,  542,  812,  397,  292, 1082,  824,  629,  959,  851,  713,  264,  891, 1111,  830,  983],
        [  556,    0, 1100,  501,  191, 1040,  568,  389,  691,  726,  513,  643,  491,  528,  798,  922,  269,  430,  246,  992,  640,  892,  855,  801,  771,  873,  631,  688,  788,  123,    0,  787, 1103,  714,  631,  702,  817,  885, 1033,  336,  903,  631,  384,  368,  379,  748,  232,  933,  743,  416,  809,  891,  740, 1111, 1059,  785,  450,  789,  707,   37,  645,  467,  560,   82, 1019,  939,  982,  899,  331,  409,  419,  702,  985,  316,  649, 1114,  497, 1048,  713,  657,  906,  841,  888,  804,  832,  767,  829, 1122,  827,  971,  855,  907,  722,  593,  551,  489,  664,  879,  408,   40,  705,  945,  438,  809,  486,  726,  220,  487,  828,   79,  888,  475,  709,  288,  174,  981,  704,  513,  845,  744,  653,  211,  768,  994,  779,  866],
        [  240,    0,  389,  357,  782,  459,  223,  456,  694,  311,  662,  746,  679,  290,  180,  444,  770,  425,  803,  381,  149,  180,  699,  563,  324,  159,  403,  179,  737,  873,  787,    0,  490,   84,  229,  406,  629,  607,  495,  474,  199,  248,  620,  679,  508,   72,  713,  341,   52,  399,  288,  187,  435,  488,  399,  401,  693,   65,  590,  795,  837,  360,  245,  757,  338,  204,  562,  257,  695,  751,  679,  584,  572,  500,  685,  437,  504,  547,   78,  344,  553,  320,  689,  126,  756,  155,  333,  399,  101,  184,   76,  266,  549,  195,  261,  439,  405,  607,  505,  776,  806,  579,  583,  205,  523,  160,  679,  302,  552,  823,  161,  351,  189,  516,  736,  267,  733,  776,  952,  228,  252,  615,  645,  502,  290,  427],
        [  598,    0,  172,  809, 1016,   68,  599,  880,  638,  377,  732,  724,  760,  596,  657,  207,  967,  861, 1010,  119,  563,  603,  518,  426,  809,  331,  485,  666,  612, 1215, 1103,  490,    0,  561,  707,  896,  474,  392,  109,  771,  292,  728,  783,  836,  940,  561,  938,  176,  492,  815,  765,  614,  395,   15,  100,  335,  799,  434,  531, 1124,  820,  644,  584, 1045,  160,  299,  244,  242,  870,  874,  805,  529,  253,  896,  659,  105,  638,  152,  511,  448,  316,  789,  478,  379,  600,  641,  807,  192,  562,  422,  494,  231,  484,  612,  706,  900,  454,  398,  707, 1078,  746,  304,  725,  327,  655,  421, 1073,  671,  391, 1108,  583,  786,  424,  818,  985,  238,  669,  838,  829,  373,  737,  992,  531,  166,  773,  261],
        [  185,    0,  470,  273,  721,  524,  164,  373,  688,  329,  635,  731,  649,  243,  155,  491,  716,  341,  747,  447,   91,  202,  715,  581,  274,  233,  397,  108,  742,  796,  714,   84,  561,    0,  148,  341,  644,  634,  556,  412,  274,  169,  578,  635,  424,   39,  656,  403,   71,  318,  252,  206,  451,  560,  474,  427,  658,  127,  592,  720,  818,  310,  195,  688,  415,  285,  607,  322,  647,  710,  640,  586,  617,  420,  674,  515,  475,  604,   61,  344,  588,  288,  710,  184,  765,  119,  297,  482,  123,  263,  142,  332,  556,  123,  178,  356,  406,  633,  461,  705,  795,  618,  547,  254,  493,  180,  598,  234,  575,  753,  191,  268,  202,  451,  674,  346,  727,  746,  948,  254,  177,  535,  653,  555,  245,  467],
        [  211,    0,  617,  143,  675,  668,  190,  257,  752,  439,  665,  780,  673,  271,  168,  623,  686,  218,  710,  592,  165,  266,  808,  680,  188,  381,  474,   62,  818,  697,  631,  229,  707,  148,    0,  213,  739,  743,  696,  378,  421,   23,  580,  631,  297,  161,  620,  545,  216,  216,  199,  263,  551,  707,  622,  540,  672,  275,  670,  630,  857,  319,  231,  621,  563,  432,  736,  467,  634,  711,  648,  663,  745,  319,  731,  663,  510,  742,  198,  433,  706,  237,  810,  329,  847,  139,  235,  628,  216,  393,  268,  477,  641,  140,   91,  213,  492,  741,  468,  630,  849,  739,  564,  392,  524,  306,  483,  211,  680,  682,  266,  157,  320,  406,  626,  494,  789,  766, 1009,  377,   45,  434,  736,  691,  175,  592],
        [  418,    0,  784,  235,  794,  864,  399,  322,  954,  651,  851,  975,  855,  474,  254,  830,  823,  284,  838,  786,  378,  347, 1020,  892,  114,  565,  684,  234, 1025,  735,  702,  406,  896,  341,  213,    0,  951,  956,  896,  533,  605,  192,  750,  795,  324,  336,  755,  743,  411,  325,  173,  338,  764,  894,  804,  752,  848,  465,  878,  690, 1045,  510,  439,  716,  743,  605,  945,  661,  790,  876,  820,  872,  954,  398,  930,  838,  703,  945,  400,  645,  918,  181, 1022,  524, 1056,  259,  161,  790,  346,  526,  415,  671,  851,  351,  277,  214,  704,  954,  647,  712, 1046,  950,  745,  594,  715,  515,  506,  399,  893,  768,  359,  278,  530,  546,  745,  668,  990,  943, 1208,  587,  172,  491,  946,  896,  147,  802],
        [  535,    0,  592,  761,  671,  412,  553,  770,  177,  319,  327,  265,  356,  487,  796,  282,  601,  773,  645,  430,  579,  805,   72,   67,  912,  537,  270,  735,  140,  940,  817,  629,  474,  644,  739,  951,    0,   90,  366,  553,  526,  760,  436,  468,  827,  671,  600,  401,  591,  713,  895,  814,  194,  487,  506,  233,  401,  568,  111,  848,  355,  478,  514,  741,  517,  569,  242,  455,  507,  473,  422,  116,  236,  744,  210,  554,  332,  339,  585,  306,  159,  932,   78,  516,  138,  762,  940,  620,  729,  702,  685,  454,  108,  600,  681,  846,  248,   83,  427,  782,  275,  181,  380,  441,  338,  471,  880,  574,   90,  792,  786,  720,  445,  587,  658,  551,  201,  404,  364,  401,  782,  795,   64,  309,  886,  248],
        [  549,    0,  521,  781,  747,  332,  564,  803,  267,  306,  409,  355,  438,  508,  781,  213,  680,  802,  724,  361,  579,  779,  128,   84,  907,  497,  296,  732,  223, 1006,  885,  607,  392,  634,  743,  956,   90,    0,  284,  602,  480,  764,  508,  546,  862,  657,  674,  340,  574,  743,  885,  788,  194,  406,  433,  208,  483,  544,  187,  914,  444,  512,  528,  811,  452,  520,  153,  406,  584,  556,  502,  190,  147,  784,  299,  477,  390,  251,  573,  316,   78,  920,   94,  487,  209,  749,  930,  549,  707,  658,  656,  402,  163,  607,  693,  869,  266,    8,  484,  851,  363,   92,  451,  408,  399,  455,  931,  598,   66,  864,  758,  742,  433,  639,  731,  494,  291,  492,  438,  382,  785,  845,  154,  227,  878,  194],
        [  559,    0,  257,  783,  934,   57,  564,  842,  533,  314,  636,  620,  664,  546,  672,  114,  880,  827,  924,  125,  540,  633,  410,  321,  819,  343,  405,  663,  504, 1149, 1033,  495,  109,  556,  696,  896,  366,  284,    0,  708,  308,  718,  697,  747,  903,  563,  855,  155,  486,  777,  781,  644,  305,  123,  169,  251,  704,  434,  428, 1056,  715,  585,  542,  970,  211,  331,  138,  240,  782,  780,  713,  427,  147,  850,  556,  201,  553,   59,  500,  377,  208,  809,  371,  373,  492,  650,  825,  282,  580,  468,  515,  231,  383,  586,  681,  875,  372,  290,  630, 1006,  640,  196,  637,  305,  570,  394, 1022,  628,  285, 1032,  612,  755,  389,  754,  906,  280,  563,  738,  721,  333,  731,  938,  424,   58,  785,  171],
        [  234,    0,  765,  299,  310,  710,  251,  247,  482,  396,  338,  475,  335,  195,  530,  599,  310,  269,  337,  658,  327,  609,  608,  519,  557,  541,  317,  421,  572,  444,  336,  474,  771,  412,  378,  533,  553,  602,  708,    0,  570,  388,  220,  262,  294,  449,  246,  600,  425,  213,  576,  610,  430,  778,  724,  465,  320,  465,  450,  354,  528,  132,  233,  290,  683,  607,  674,  563,  259,  343,  290,  444,  678,  199,  447,  779,  227,  728,  397,  331,  606,  614,  630,  473,  612,  493,  609,  787,  533,  653,  547,  572,  447,  290,  287,  352,  351,  597,  137,  316,  547,  645,  228,  473,  228,  393,  330,  180,  539,  356,  600,  255,  374,   48,  263,  647,  510,  415,  710,  409,  415,  244,  520,  673,  551,  545],
        [  354,    0,  205,  535,  859,  266,  348,  621,  636,  248,  657,  705,  680,  376,  367,  283,  829,  596,  868,  187,  293,  326,  592,  460,  518,   41,  375,  377,  654, 1003,  903,  199,  292,  274,  421,  605,  526,  480,  308,  570,    0,  442,  656,  715,  678,  270,  783,  159,  207,  558,  476,  336,  352,  290,  201,  297,  706,  147,  522,  918,  803,  440,  346,  859,  142,   47,  398,   76,  740,  775,  701,  517,  409,  651,  639,  243,  516,  364,  230,  315,  412,  503,  571,  104,  662,  350,  520,  223,  274,  179,  208,   83,  474,  346,  433,  623,  360,  482,  552,  885,  753,  430,  606,  110,  536,  177,  832,  428,  438,  925,  305,  520,  198,  617,  819,   80,  675,  774,  880,  180,  448,  758,  559,  326,  482,  287],
        [  230,    0,  636,  136,  681,  690,  210,  251,  771,  461,  680,  797,  688,  290,  171,  645,  695,  212,  717,  614,  188,  272,  829,  701,  173,  401,  495,   74,  838,  694,  631,  248,  728,  169,   23,  192,  760,  764,  718,  388,  442,    0,  593,  643,  288,  178,  628,  566,  237,  216,  190,  269,  573,  728,  642,  562,  686,  295,  690,  629,  873,  335,  251,  624,  583,  451,  758,  488,  645,  724,  662,  683,  767,  317,  749,  683,  526,  764,  220,  454,  728,  227,  831,  350,  867,  146,  222,  646,  228,  407,  283,  498,  661,  161,  102,  199,  513,  763,  482,  631,  867,  761,  579,  414,  540,  329,  476,  226,  702,  684,  274,  156,  342,  413,  632,  513,  808,  780, 1027,  399,   28,  431,  757,  713,  164,  614],
        [  395,    0,  824,  518,  241,  716,  417,  464,  310,  425,  136,  276,  124,  336,  716,  584,  184,  488,  228,  686,  488,  780,  471,  427,  765,  638,  302,  614,  407,  507,  384,  620,  783,  578,  580,  750,  436,  508,  697,  220,  656,  593,    0,   60,  505,  616,  166,  631,  569,  433,  778,  783,  392,  794,  763,  449,  100,  592,  326,  417,  313,  270,  383,  307,  738,  700,  622,  624,   87,  133,   71,  322,  623,  406,  269,  819,  147,  700,  545,  351,  540,  816,  505,  578,  451,  678,  814,  850,  699,  781,  695,  630,  347,  467,  492,  571,  330,  502,  117,  348,  346,  577,   61,  547,  129,  495,  487,  370,  457,  357,  767,  473,  467,  222,  223,  723,  328,  195,  504,  477,  620,  409,  385,  650,  755,  527],
        [  451,    0,  881,  561,  204,  768,  473,  499,  326,  482,  147,  277,  124,  393,  771,  634,  136,  525,  180,  741,  545,  837,  496,  466,  815,  697,  357,  667,  422,  488,  368,  679,  836,  635,  631,  795,  468,  546,  747,  262,  715,  643,   60,    0,  534,  673,  137,  687,  627,  473,  830,  840,  443,  847,  818,  501,   84,  651,  360,  402,  294,  326,  440,  287,  794,  759,  667,  682,   40,   81,   52,  356,  667,  436,  284,  875,  203,  747,  603,  408,  583,  868,  534,  637,  467,  733,  865,  907,  756,  840,  754,  688,  386,  522,  542,  609,  384,  539,  175,  329,  341,  619,  113,  606,  184,  554,  496,  422,  498,  329,  824,  517,  526,  255,  197,  782,  337,  166,  492,  536,  670,  423,  413,  698,  806,  578],
        [  345,    0,  881,  155,  487,  889,  342,   61,  773,  598,  630,  768,  625,  363,  458,  807,  530,   83,  536,  821,  385,  560,  887,  783,  399,  639,  567,  359,  861,  418,  379,  508,  940,  424,  297,  324,  827,  862,  903,  294,  678,  288,  505,  534,    0,  448,  461,  766,  478,  126,  444,  556,  674,  943,  868,  690,  604,  536,  730,  367,  817,  351,  361,  398,  814,  699,  903,  703,  519,  611,  572,  724,  910,   99,  740,  916,  514,  937,  451,  556,  850,  472,  904,  575,  900,  434,  457,  897,  512,  684,  559,  713,  720,  332,  248,  112,  597,  858,  430,  391,  840,  888,  521,  614,  518,  520,  192,  276,  797,  447,  562,  159,  517,  283,  440,  756,  803,  697, 1002,  571,  304,  169,  802,  882,  413,  762],
        [  223,    0,  459,  295,  759,  529,  202,  400,  721,  354,  672,  766,  686,  281,  125,  505,  754,  366,  785,  451,  129,  164,  742,  607,  258,  230,  430,  108,  772,  828,  748,   72,  561,   39,  161,  336,  671,  657,  563,  449,  270,  178,  616,  673,  448,    0,  694,  409,   84,  347,  229,  168,  477,  560,  471,  450,  696,  130,  623,  753,  854,  348,  233,  724,  410,  275,  623,  326,  685,  749,  678,  617,  633,  450,  708,  508,  512,  613,   87,  375,  608,  263,  735,  191,  794,   93,  274,  469,   85,  237,  112,  336,  585,  160,  206,  373,  437,  657,  499,  740,  830,  636,  585,  266,  530,  202,  626,  271,  600,  789,  152,  294,  227,  488,  712,  338,  760,  783,  981,  276,  180,  566,  682,  567,  226,  484],
        [  474,    0,  963,  523,   79,  871,  493,  439,  462,  568,  284,  411,  261,  425,  776,  742,   69,  473,   92,  835,  569,  854,  632,  592,  793,  759,  453,  666,  559,  352,  232,  713,  938,  656,  620,  755,  600,  674,  855,  246,  783,  628,  166,  137,  461,  694,    0,  778,  663,  431,  817,  855,  552,  947,  909,  606,  218,  696,  490,  268,  417,  355,  469,  151,  878,  824,  786,  761,   99,  181,  188,  486,  787,  367,  420,  966,  303,  861,  635,  494,  705,  854,  668,  694,  604,  739,  847,  988,  778,  887,  787,  768,  512,  535,  530,  552,  484,  667,  234,  193,  474,  742,  225,  678,  287,  611,  384,  425,  622,  193,  845,  484,  587,  215,   60,  855,  473,  284,  617,  608,  655,  323,  547,  810,  791,  685],
        [  423,    0,  203,  638,  857,  125,  425,  706,  538,  211,  599,  618,  626,  421,  518,  130,  813,  688,  855,   59,  393,  484,  462,  339,  665,  191,  330,  510,  537, 1043,  933,  341,  176,  403,  545,  743,  401,  340,  155,  600,  159,  566,  631,  687,  766,  409,  778,    0,  332,  641,  627,  494,  263,  181,  132,  199,  660,  280,  424,  953,  717,  470,  408,  878,  120,  190,  241,   87,  718,  734,  662,  421,  252,  721,  551,  189,  484,  207,  347,  284,  267,  656,  433,  220,  538,  496,  672,  230,  428,  331,  364,   78,  375,  441,  535,  730,  304,  344,  545,  910,  654,  278,  574,  155,  503,  248,  898,  496,  311,  942,  463,  614,  249,  647,  823,  155,  575,  711,  764,  198,  578,  817,  446,  167,  630,  153],
        [  192,    0,  407,  331,  732,  454,  176,  424,  648,  273,  611,  698,  628,  239,  207,  423,  719,  395,  753,  378,  103,  225,  662,  526,  340,  166,  356,  178,  695,  832,  743,   52,  492,   71,  216,  411,  591,  574,  486,  425,  207,  237,  569,  627,  478,   84,  663,  332,    0,  364,  312,  232,  397,  491,  406,  367,  642,   60,  547,  752,  788,  309,  195,  710,  348,  222,  540,  252,  644,  700,  628,  541,  550,  463,  638,  449,  453,  534,   30,  299,  525,  346,  654,  114,  715,  176,  357,  420,  144,  229,  127,  262,  507,  154,  231,  418,  361,  574,  453,  731,  759,  553,  532,  185,  472,  120,  643,  256,  517,  776,  208,  320,  147,  468,  687,  281,  688,  726,  907,  193,  247,  576,  604,  486,  308,  401],
