{
    "name": "random-9-24161",
    "comment": "size=9 seed=24161",
    "nodes": ["+0", "-0", "+1", "-1", "+2", "-2", "+3", "-3", "+4", "-4", "+5", "-5", "+6", "-6", "+7", "-7", "+8", "-8", "+9", "-9"],
    "precedence": {
        "+0": "-0",
        "+1": "-1",
        "+2": "-2",
        "+3": "-3",
        "+4": "-4",
        "+5": "-5",
        "+6": "-6",
        "+7": "-7",
        "+8": "-8",
        "+9": "-9"
    },
    "edges": [
        [    0,    0,  852,  740,  889,  781,  976,  386,  459, 1068,  876,  624,  668,  121, 1215,  616,  417, 1051, 1110,  504],
        [    0,    0,  852,  740,  889,  781,  976,  386,  459, 1068,  876,  624,  668,  121, 1215,  616,  417, 1051, 1110,  504],
        [  852,  852,    0,  112,  936,  257,  619,  522,  513,  481,  553,  593,  359,  761,  523,  323,  446,  387,  337,  605],
        [  740,  740,  112,    0,  880,  230,  608,  415,  414,  514,  528,  519,  301,  650,  588,  237,  337,  435,  419,  515],
        [  889,  889,  936,  880,    0,  681,  432,  651,  573,  676,  423,  379, 1099,  925,  841,  656,  876,  756,  904,  454],
        [  781,  781,  257,  230,  681,    0,  379,  400,  350,  319,  301,  358,  518,  720,  440,  165,  451,  274,  339,  403],
        [  976,  976,  619,  608,  432,  379,    0,  612,  526,  247,  104,  360,  892,  957,  410,  461,  766,  337,  489,  477],
        [  386,  386,  522,  415,  651,  400,  612,    0,   89,  683,  509,  294,  496,  347,  830,  236,  232,  667,  736,  197],
        [  459,  459,  513,  414,  573,  350,  526,   89,    0,  612,  424,  208,  546,  431,  766,  198,  303,  606,  688,  125],
        [ 1068, 1068,  481,  514,  676,  319,  247,  683,  612,    0,  272,  514,  814, 1022,  175,  469,  769,  110,  256,  612],
        [  876,  876,  553,  528,  423,  301,  104,  509,  424,  272,    0,  267,  803,  854,  446,  363,  665,  336,  482,  381],
        [  624,  624,  593,  519,  379,  358,  360,  294,  208,  514,  267,    0,  720,  620,  685,  286,  505,  544,  664,  120],
        [  668,  668,  359,  301, 1099,  518,  892,  496,  546,  814,  803,  720,    0,  553,  879,  453,  283,  732,  696,  669],
        [  121,  121,  761,  650,  925,  720,  957,  347,  431, 1022,  854,  620,  553,    0, 1160,  557,  317,  994, 1039,  504],
        [ 1215, 1215,  523,  588,  841,  440,  410,  830,  766,  175,  446,  685,  879, 1160,    0,  603,  884,  166,  203,  778],
        [  616,  616,  323,  237,  656,  165,  461,  236,  198,  469,  363,  286,  453,  557,  603,    0,  310,  437,  500,  283],
        [  417,  417,  446,  337,  876,  451,  766,  232,  303,  769,  665,  505,  283,  317,  884,  310,    0,  720,  742,  425],
        [ 1051, 1051,  387,  435,  756,  274,  337,  667,  606,  110,  336,  544,  732,  994,  166,  437,  720,    0,  153,  627],
        [ 1110, 1110,  337,  419,  904,  339,  489,  736,  688,  256,  482,  664,  696, 1039,  203,  500,  742,  153,    0,  732],
        [  504,  504,  605,  515,  454,  403,  477,  197,  125,  612,  381,  120,  669,  504,  778,  283,  425,  627,  732,    0]
    ]
}
