{
    "name": "random-52-31472",
    "comment": "size=52 seed=31472",
    "nodes": ["+0", "-0", "+1", "-1", "+2", "-2", "+3", "-3", "+4", "-4", "+5", "-5", "+6", "-6", "+7", "-7", "+8", "-8", "+9", "-9", "+10", "-10", "+11", "-11", "+12", "-12", "+13", "-13", "+14", "-14", "+15", "-15", "+16", "-16", "+17", "-17", "+18", "-18", "+19", "-19", "+20", "-20", "+21", "-21", "+22", "-22", "+23", "-23", "+24", "-24", "+25", "-25", "+26", "-26", "+27", "-27", "+28", "-28", "+29", "-29", "+30", "-30", "+31", "-31", "+32", "-32", "+33", "-33", "+34", "-34", "+35", "-35", "+36", "-36", "+37", "-37", "+38", "-38", "+39", "-39", "+40", "-40", "+41", "-41", "+42", "-42", "+43", "-43", "+44", "-44", "+45", "-45", "+46", "-46", "+47", "-47", "+48", "-48", "+49", "-49", "+50", "-50", "+51", "-51", "+52", "-52"],
    "precedence": {
        "+0": "-0",
        "+1": "-1",
        "+2": "-2",
        "+3": "-3",
        "+4": "-4",
        "+5": "-5",
        "+6": "-6",
        "+7": "-7",
        "+8": "-8",
        "+9": "-9",
        "+10": "-10",
        "+11": "-11",
        "+12": "-12",
        "+13": "-13",
        "+14": "-14",
        "+15": "-15",
        "+16": "-16",
        "+17": "-17",
        "+18": "-18",
        "+19": "-19",
        "+20": "-20",
        "+21": "-21",
        "+22": "-22",
        "+23": "-23",
        "+24": "-24",
        "+25": "-25",
        "+26": "-26",
        "+27": "-27",
        "+28": "-28",
        "+29": "-29",
        "+30": "-30",
        "+31": "-31",
        "+32": "-32",
        "+33": "-33",
        "+34": "-34",
        "+35": "-35",
        "+36": "-36",
        "+37": "-37",
        "+38": "-38",
        "+39": "-39",
        "+40": "-40",
        "+41": "-41",
        "+42": "-42",
        "+43": "-43",
        "+44": "-44",
        "+45": "-45",
        "+46": "-46",
        "+47": "-47",
        "+48": "-48",
        "+49": "-49",
        "+50": "-50",
        "+51": "-51",
        "+52": "-52"
    },
    "edges": [
        [    0,    0,  367,  772,  820,  896,  294,  443,  501,  393,  826,   74,  463,  696,  328,  313,  978,  473,  595,  968,  264,  303,  364,  360,  891,   28,  321,  838,  763,  562,  912,  275,  864,  207,   95,  690,  533,  715,  508,  553,  368,  929,  175,  345,  825,  630,  286,  199,  951,  514,  213,  259,  806,  105,  678,  905,  496,  621,   69,  420,  687,  538,  182,  293,  444,  493,  173,  787,  600,  376,  933,   11,  351,  610,  272,  301,   96,  528,  230,  766,  464,  424,  370,  345,  262,  461, 1026,  398,  592,  659,  599,  509,  348,  885,  404,  606,   56,  466,  148,  843,  757,  410,  161,  865,  398,  210],
        [    0,    0,    0,    0,    0,    0,    0,    0,    0,    0,    0,    0,    0,    0,    0,    0,    0,    0,    0,    0,    0,    0,    0,    0,    0,    0,    0,    0,    0,    0,    0,    0,    0,    0,    0,    0,    0,    0,    0,    0,    0,    0,    0,    0,    0,    0,    0,    0,    0,    0,    0,    0,    0,    0,    0,    0,    0,    0,    0,    0,    0,    0,    0,    0,    0,    0,    0,    0,    0,    0,    0,    0,    0,    0,    0,    0,    0,    0,    0,    0,    0,    0,    0,    0,    0,    0,    0,    0,    0,    0,    0,    0,    0,    0,    0,    0,    0,    0,    0,    0,    0,    0,    0,    0,    0,    0],
        [  367,    0,    0,  819,  745,  862,  171,  103,  496,  688,  743,  296,  733,  404,  160,  647, 1056,  658,  571,  708,  266,   75,  129,  410,  760,  382,  538,  991,  888,  894,  910,  461,  843,  541,  289,  665,  861,  924,  632,  781,  282,  677,  235,  269,  837,  316,  641,  492,  703,  345,  246,  177,  596,  428,  600,  949,  678,  791,  314,  762,  811,  735,  345,  611,  402,  720,  386,  569,  865,  101,  947,  367,   41,  809,  124,  465,  402,  856,  147,  848,  320,  680,  481,   97,  589,  784, 1093,   38,  921,  830,  882,  353,  201,  889,  271,  444,  367,  775,  514,  760,  846,   76,  212,  720,   99,  572],
        [  772,    0,  819,    0,  263,  204,  920,  778,  324,  572,  279,  756,  510,  703,  661,  674,  239,  358,  257,  722,  586,  832,  931,  436,  396,  751,  480,  282,  179,  731,  163,  501,  163,  677,  814,  190,  701,  383,  277,  410, 1044,  685,  682,  553,   85,  742,  745,  617,  685,  518,  637,  895,  545,  690,  292,  135,  342,  278,  808,  723,  173,  350,  599,  631,  418,  417,  600,  561,  512,  912,  167,  762,  779,  341,  854,  474,  684,  699,  821,   81,  517,  486,  404,  894,  656,  660,  274,  810,  731,  277,  564,  503,  977,  135,  552,  466,  718,  616,  820,  284,   95,  894,  802,  420,  916,  770],
        [  820,    0,  745,  263,    0,  136,  882,  675,  321,  741,   16,  782,  699,  510,  605,  820,  444,  528,  229,  465,  577,  780,  871,  462,  134,  805,  599,  545,  441,  935,  215,  584,  143,  790,  833,  148,  901,  635,  427,  624, 1009,  431,  684,  514,  200,  574,  881,  717,  428,  402,  635,  866,  306,  764,  149,  315,  522,  507,  835,  895,  418,  553,  639,  770,  384,  610,  658,  328,  737,  845,  265,  811,  709,  570,  815,  556,  749,  898,  793,  343,  427,  659,  478,  835,  786,  846,  452,  724,  941,  518,  787,  393,  932,  212,  483,  312,  769,  805,  908,   26,  357,  812,  797,  158,  842,  882],
        [  896,    0,  862,  204,  136,    0,  989,  798,  400,  756,  147,  866,  701,  646,  714,  849,  323,  539,  307,  583,  670,  891,  985,  538,  237,  878,  638,  464,  375,  929,   86,  640,   42,  836,  920,  209,  898,  585,  444,  609, 1116,  553,  775,  616,  120,  708,  916,  768,  546,  524,  726,  970,  437,  827,  264,  199,  527,  479,  919,  910,  376,  544,  715,  803,  479,  609,  727,  462,  714,  961,  136,  886,  824,  543,  922,  611,  816,  895,  896,  279,  542,  671,  534,  948,  823,  852,  324,  844,  931,  481,  766,  513, 1042,   95,  593,  440,  842,  809,  967,  139,  295,  931,  893,  276,  960,  930],
        [  294,    0,  171,  920,  882,  989,    0,  273,  601,  673,  883,  240,  733,  575,  278,  606, 1149,  698,  687,  878,  334,  107,   80,  487,  911,  318,  557, 1054,  960,  855, 1028,  487,  967,  498,  201,  785,  826,  960,  696,  805,  127,  846,  250,  375,  950,  486,  580,  471,  872,  493,  288,   37,  761,  385,  734, 1053,  720,  842,  227,  714,  882,  773,  361,  580,  513,  743,  389,  734,  871,  106, 1061,  299,  191,  847,   68,  501,  365,  821,  101,  936,  459,  687,  541,   83,  552,  752, 1191,  207,  885,  881,  877,  498,   61, 1006,  400,  595,  319,  753,  424,  900,  932,  158,  147,  874,  130,  501],
        [  443,    0,  103,  778,  675,  798,  273,    0,  458,  723,  672,  370,  758,  302,  157,  698, 1016,  662,  523,  606,  279,  175,  224,  400,  677,  453,  559,  973,  865,  939,  853,  483,  784,  596,  375,  610,  905,  925,  621,  792,  380,  576,  287,  252,  786,  213,  702,  538,  602,  275,  280,  279,  502,  487,  535,  903,  680,  784,  398,  814,  790,  739,  381,  657,  365,  734,  426,  473,  886,  192,  894,  441,   97,  810,  224,  481,  461,  900,  241,  815,  263,  703,  480,  197,  640,  827, 1049,   67,  965,  822,  907,  286,  299,  835,  229,  366,  433,  813,  590,  688,  815,  145,  299,  635,  180,  640],
        [  501,    0,  496,  324,  321,  400,  601,  458,    0,  470,  328,  467,  453,  454,  338,  525,  561,  293,   95,  598,  273,  510,  608,  142,  407,  485,  302,  523,  412,  688,  429,  271,  372,  479,  521,  192,  652,  513,  206,  424,  727,  555,  376,  230,  349,  463,  578,  404,  568,  224,  328,  579,  404,  444,  186,  455,  300,  363,  520,  617,  341,  353,  319,  474,   95,  384,  338,  401,  539,  589,  461,  491,  455,  407,  535,  243,  429,  648,  504,  357,  206,  402,  169,  571,  483,  584,  598,  487,  702,  395,  579,  208,  657,  405,  230,  225,  449,  550,  588,  345,  357,  570,  495,  392,  593,  569],
        [  393,    0,  688,  572,  741,  756,  673,  723,  470,    0,  752,  435,   84,  870,  569,  120,  708,  218,  534, 1064,  447,  647,  730,  384,  855,  366,  181,  515,  480,  227,  734,  249,  716,  193,  482,  593,  190,  355,  316,  201,  760, 1021,  454,  501,  649,  842,  196,  203, 1036,  632,  446,  638,  871,  291,  641,  681,  231,  321,  459,  155,  422,  231,  345,  106,  488,  162,  302,  866,  210,  733,  736,  386,  655,  278,  633,  262,  309,  186,  587,  527,  588,   87,  311,  703,  140,  117,  763,  706,  247,  347,  206,  619,  731,  705,  557,  679,  356,   91,  339,  767,  513,  751,  527,  850,  752,  255],
        [  826,    0,  743,  279,   16,  147,  883,  672,  328,  752,    0,  786,  711,  501,  605,  830,  458,  541,  236,  450,  581,  780,  870,  468,  119,  811,  609,  560,  457,  948,  227,  593,  157,  798,  837,  160,  914,  650,  439,  638, 1009,  416,  687,  516,  216,  566,  891,  726,  413,  399,  638,  867,  293,  771,  151,  329,  535,  521,  840,  906,  433,  567,  645,  781,  388,  623,  665,  316,  751,  844,  277,  816,  707,  584,  816,  564,  756,  911,  795,  359,  426,  672,  486,  834,  796,  859,  465,  722,  955,  533,  801,  391,  932,  226,  483,  307,  775,  818,  915,   18,  372,  810,  800,  143,  840,  891],
        [   74,    0,  296,  756,  782,  866,  240,  370,  467,  435,  786,    0,  497,  626,  259,  368,  971,  482,  561,  904,  210,  234,  302,  329,  844,   87,  333,  847,  764,  618,  888,  274,  836,  260,   59,  658,  588,  736,  502,  577,  331,  866,  111,  288,  802,  559,  351,  233,  888,  454,  155,  204,  747,  147,  636,  890,  506,  631,   54,  479,  687,  553,  158,  341,  400,  515,  168,  726,  635,  311,  913,   72,  278,  627,  207,  295,  126,  583,  163,  757,  406,  453,  354,  280,  314,  514, 1018,  326,  648,  669,  639,  451,  297,  862,  344,  549,   81,  513,  221,  804,  750,  341,   96,  816,  333,  278],
        [  463,    0,  733,  510,  699,  701,  733,  758,  453,   84,  711,  497,    0,  878,  602,  203,  631,  172,  505, 1050,  480,  698,  786,  391,  819,  436,  200,  433,  404,  239,  673,  276,  660,  270,  548,  553,  204,  271,  274,  119,  827, 1008,  503,  523,  590,  858,  278,  266, 1021,  637,  488,  698,  856,  359,  612,  612,  178,  246,  527,  216,  352,  161,  389,  186,  487,   93,  350,  853,  138,  786,  670,  455,  698,  199,  689,  281,  374,  201,  643,  459,  596,   56,  311,  757,  221,  151,  686,  747,  250,  269,  150,  623,  793,  644,  574,  672,  421,  108,  420,  725,  444,  799,  587,  819,  803,  338],
        [  696,    0,  404,  703,  510,  646,  575,  302,  454,  870,  501,  626,  878,    0,  368,  883,  930,  736,  464,  306,  455,  474,  523,  489,  459,  697,  690,  957,  842, 1096,  720,  624,  647,  797,  648,  514, 1060,  966,  658,  871,  680,  277,  521,  381,  679,   96,  908,  726,  304,  242,  490,  579,  243,  707,  413,  803,  747,  815,  666,  994,  781,  803,  572,  834,  394,  824,  616,  212,  982,  490,  768,  691,  390,  860,  523,  609,  681, 1055,  531,  765,  283,  823,  568,  497,  828,  985,  949,  368, 1116,  847, 1017,  256,  599,  711,  319,  242,  668,  959,  836,  512,  771,  438,  577,  411,  474,  864],
        [  328,    0,  160,  661,  605,  714,  278,  157,  338,  569,  605,  259,  602,  368,    0,  550,  897,  509,  417,  650,  123,  177,  273,  253,  636,  331,  403,  833,  729,  787,  757,  326,  693,  452,  285,  512,  752,  774,  476,  637,  405,  613,  154,  110,  682,  305,  561,  389,  636,  220,  132,  264,  504,  350,  457,  792,  528,  637,  301,  666,  653,  587,  230,  507,  245,  579,  276,  481,  730,  252,  793,  323,  119,  659,  212,  325,  323,  747,  195,  689,  182,  547,  329,  236,  492,  674,  935,  158,  812,  675,  751,  223,  329,  736,  123,  322,  304,  658,  470,  622,  687,  235,  221,  601,  256,  506],
        [  313,    0,  647,  674,  820,  849,  606,  698,  525,  120,  830,  368,  203,  883,  550,    0,  823,  317,  601, 1103,  436,  596,  670,  414,  926,  289,  225,  634,  595,  250,  835,  267,  810,  109,  407,  672,  221,  473,  405,  320,  679, 1061,  415,  503,  748,  842,   77,  162, 1078,  654,  420,  570,  916,  223,  707,  789,  334,  435,  381,  116,  533,  344,  321,   52,  523,  278,  275,  906,  319,  677,  840,  308,  620,  397,  575,  290,  247,  216,  529,  636,  606,  197,  357,  647,   59,  149,  878,  671,  280,  464,  304,  643,  660,  806,  565,  716,  289,  161,  230,  845,  622,  703,  464,  916,  698,  141],
        [  978,    0, 1056,  239,  444,  323, 1149, 1016,  561,  708,  458,  971,  631,  930,  897,  823,    0,  520,  496,  905,  816, 1065, 1165,  663,  559,  954,  665,  230,  229,  812,  238,  703,  302,  852, 1030,  420,  790,  408,  471,  514, 1272,  872,  907,  788,  252,  975,  899,  803,  867,  756,  863, 1123,  747,  886,  518,  130,  499,  388, 1020,  844,  296,  480,  814,  790,  655,  547,  807,  768,  581, 1147,  190,  967, 1015,  434, 1085,  679,  885,  789, 1049,  215,  756,  626,  618, 1128,  819,  770,   56, 1047,  803,  363,  630,  741, 1208,  233,  790,  698,  923,  726, 1003,  454,  222, 1130, 1025,  596, 1153,  940],
        [  473,    0,  658,  358,  528,  539,  698,  662,  293,  218,  541,  482,  172,  736,  509,  317,  520,    0,  336,  887,  393,  639,  736,  266,  648,  447,  153,  366,  296,  410,  519,  212,  498,  332,  540,  382,  375,  267,  103,  136,  808,  845,  450,  413,  433,  729,  389,  286,  856,  496,  420,  665,  692,  374,  443,  474,   24,  149,  525,  372,  225,   78,  338,  276,  344,   91,  315,  691,  247,  728,  523,  463,  619,  152,  642,  198,  378,  372,  599,  322,  462,  133,  184,  702,  303,  319,  573,  665,  420,  187,  286,  481,  759,  490,  453,  516,  421,  277,  483,  554,  309,  731,  556,  648,  741,  422],
        [  595,    0,  571,  257,  229,  307,  687,  523,   95,  534,  236,  561,  505,  464,  417,  601,  496,  336,    0,  557,  364,  592,  689,  236,  325,  579,  378,  494,  379,  743,  342,  357,  280,  564,  615,   99,  708,  516,  236,  455,  814,  515,  469,  313,  266,  491,  659,  490,  524,  262,  420,  667,  362,  536,  108,  381,  337,  368,  615,  685,  319,  382,  413,  551,  175,  425,  431,  366,  572,  667,  377,  586,  532,  422,  620,  329,  522,  704,  592,  307,  261,  459,  251,  652,  564,  646,  527,  558,  755,  394,  617,  247,  742,  320,  301,  223,  543,  607,  680,  253,  311,  644,  586,  317,  670,  656],
        [  968,    0,  708,  722,  465,  583,  878,  606,  598, 1064,  450,  904, 1050,  306,  650, 1103,  905,  887,  557,    0,  710,  775,  828,  690,  348,  965,  888, 1002,  893, 1285,  669,  837,  604, 1034,  934,  552, 1249, 1065,  791, 1011,  984,   43,  794,  629,  665,  399, 1143,  958,   38,  460,  756,  880,  196,  960,  459,  777,  890,  921,  949, 1205,  853,  938,  819, 1052,  581,  978,  858,  199, 1128,  795,  719,  962,  690,  978,  823,  815,  937, 1244,  827,  799,  511,  999,  754,  802, 1053, 1180,  906,  672, 1299,  943, 1171,  468,  904,  672,  567,  388,  933, 1146, 1099,  452,  810,  743,  868,  310,  779, 1112],
        [  264,    0,  266,  586,  577,  670,  334,  279,  273,  447,  581,  210,  480,  455,  123,  436,  816,  393,  364,  710,    0,  255,  354,  153,  634,  258,  281,  730,  632,  668,  701,  204,  644,  344,  257,  463,  632,  659,  371,  518,  458,  670,  107,   81,  620,  407,  455,  276,  691,  251,   58,  309,  542,  254,  430,  720,  413,  527,  263,  551,  554,  470,  118,  390,  194,  458,  163,  524,  608,  342,  732,  257,  227,  544,  270,  204,  229,  627,  235,  603,  201,  425,  217,  319,  379,  555,  858,  273,  692,  566,  629,  246,  393,  677,  144,  342,  224,  537,  390,  598,  599,  339,  223,  606,  352,  410],
        [  303,    0,   75,  832,  780,  891,  107,  175,  510,  647,  780,  234,  698,  474,  177,  596, 1065,  639,  592,  775,  255,    0,  100,  407,  806,  320,  508,  984,  886,  845,  933,  434,  870,  488,  220,  689,  813,  905,  625,  756,  230,  742,  195,  281,  857,  388,  584,  446,  768,  388,  220,  106,  654,  374,  633,  964,  660,  778,  246,  710,  808,  716,  311,  563,  419,  694,  348,  628,  833,   90,  968,  304,   86,  790,   50,  443,  349,  808,   76,  854,  355,  647,  470,   65,  539,  737, 1105,  112,  873,  817,  845,  393,  152,  911,  299,  489,  310,  731,  448,  797,  851,  108,  144,  768,  106,  512],
        [  364,    0,  129,  931,  871,  985,   80,  224,  608,  730,  870,  302,  786,  523,  273,  670, 1165,  736,  689,  828,  354,  100,    0,  506,  888,  385,  601, 1083,  986,  920, 1029,  528,  965,  562,  271,  784,  890, 1001,  724,  849,  158,  798,  288,  379,  954,  430,  650,  528,  824,  473,  317,  110,  724,  448,  724, 1063,  757,  876,  298,  781,  908,  812,  403,  642,  516,  788,  437,  695,  923,   34, 1065,  367,  163,  887,   98,  539,  426,  885,  144,  954,  445,  737,  569,   37,  615,  815, 1204,  159,  949,  915,  932,  480,   77, 1008,  392,  572,  382,  813,  499,  886,  951,   88,  207,  848,   55,  572],
        [  360,    0,  410,  436,  462,  538,  487,  400,  142,  384,  468,  329,  391,  489,  253,  414,  663,  266,  236,  690,  153,  407,  506,    0,  542,  344,  204,  582,  480,  610,  560,  148,  507,  352,  385,  331,  573,  525,  223,  399,  609,  648,  247,  149,  476,  469,  457,  275,  665,  249,  201,  460,  503,  305,  323,  571,  283,  385,  382,  517,  403,  342,  178,  363,  109,  345,  198,  493,  503,  492,  587,  351,  369,  411,  423,  126,  289,  568,  387,  450,  206,  335,   84,  470,  365,  499,  706,  410,  629,  423,  533,  236,  546,  535,  188,  302,  308,  471,  450,  485,  446,  484,  367,  522,  501,  438],
        [  891,    0,  760,  396,  134,  237,  911,  677,  407,  855,  119,  844,  819,  459,  636,  926,  559,  648,  325,  348,  634,  806,  888,  542,    0,  878,  702,  677,  574, 1057,  322,  677,  260,  885,  890,  268, 1023,  768,  546,  751, 1035,  318,  739,  561,  328,  537,  982,  810,  311,  419,  691,  900,  223,  846,  221,  433,  644,  638,  896, 1008,  551,  679,  713,  875,  448,  733,  738,  252,  866,  860,  372,  882,  727,  700,  846,  649,  828, 1019,  830,  476,  456,  777,  573,  854,  887,  964,  559,  734, 1065,  651,  914,  414,  956,  327,  517,  317,  842,  924,  991,  113,  490,  820,  845,   49,  853,  976],
        [   28,    0,  382,  751,  805,  878,  318,  453,  485,  366,  811,   87,  436,  697,  331,  289,  954,  447,  579,  965,  258,  320,  385,  344,  878,    0,  295,  812,  738,  538,  891,  252,  845,  182,  119,  673,  509,  687,  484,  526,  395,  926,  177,  339,  804,  635,  265,  172,  948,  508,  210,  282,  800,   78,  664,  883,  470,  595,   94,  397,  663,  512,  167,  267,  431,  466,  152,  782,  572,  395,  912,   20,  362,  584,  292,  278,   70,  504,  248,  742,  458,  397,  349,  365,  237,  436, 1003,  411,  568,  633,  572,  503,  372,  864,  400,  598,   37,  440,  140,  828,  733,  428,  180,  854,  418,  192],
        [  321,    0,  538,  480,  599,  638,  557,  559,  302,  181,  609,  333,  200,  690,  403,  225,  665,  153,  378,  888,  281,  508,  601,  204,  702,  295,    0,  518,  446,  407,  634,   78,  601,  199,  390,  452,  370,  404,  204,  249,  662,  846,  314,  325,  546,  664,  283,  139,  861,  452,  293,  523,  697,  223,  483,  607,  176,  301,  374,  318,  371,  220,  199,  174,  309,  187,  169,  690,  329,  598,  647,  311,  502,  294,  505,   83,  225,  366,  461,  459,  407,  145,  135,  570,  188,  296,  716,  551,  427,  339,  348,  439,  617,  606,  379,  501,  269,  269,  341,  624,  448,  607,  412,  692,  613,  292],
        [  838,    0,  991,  282,  545,  464, 1054,  973,  523,  515,  560,  847,  433,  957,  833,  634,  230,  366,  494, 1002,  730,  984, 1083,  582,  677,  812,  518,    0,  116,  589,  392,  574,  428,  682,  905,  457,  570,  183,  360,  315, 1168,  965,  804,  725,  351,  981,  710,  648,  966,  744,  768, 1023,  822,  738,  559,  282,  343,  218,  891,  636,  183,  303,  698,  608,  611,  361,  679,  835,  360, 1072,  360,  829,  950,  239,  994,  556,  743,  570,  953,  204,  728,  442,  515, 1048,  641,  560,  283,  990,  579,  180,  407,  728, 1114,  372,  745,  716,  786,  517,  836,  564,  193, 1065,  917,  702, 1082,  763],
        [  763,    0,  888,  179,  441,  375,  960,  865,  412,  480,  457,  764,  404,  842,  729,  595,  229,  296,  379,  893,  632,  886,  986,  480,  574,  738,  446,  116,    0,  597,  315,  492,  336,  626,  823,  344,  572,  214,  265,  288, 1078,  854,  712,  620,  257,  866,  670,  581,  857,  630,  673,  931,  709,  668,  445,  223,  274,  160,  811,  618,   79,  251,  610,  561,  501,  318,  598,  722,  368,  972,  295,  753,  847,  209,  899,  470,  669,  570,  860,   99,  617,  398,  420,  950,  592,  546,  284,  885,  592,  137,  419,  615, 1020,  291,  636,  600,  710,  501,  778,  462,   85,  963,  828,  596,  981,  713],
        [  562,    0,  894,  731,  935,  929,  855,  939,  688,  227,  948,  618,  239, 1096,  787,  250,  812,  410,  743, 1285,  668,  845,  920,  610, 1057,  538,  407,  589,  597,    0,  892,  474,  887,  359,  656,  790,   37,  407,  512,  321,  924, 1242,  660,  725,  814, 1067,  284,  403, 1256,  858,  660,  819, 1091,  473,  851,  817,  414,  454,  630,  144,  562,  386,  558,  284,  713,  325,  513, 1087,  232,  927,  883,  557,  865,  393,  824,  488,  497,   42,  779,  670,  814,  286,  535,  897,  307,  113,  867,  916,   32,  464,  183,  845,  909,  864,  783,  902,  539,  139,  457,  961,  654,  952,  714, 1057,  948,  367],
        [  912,    0,  910,  163,  215,   86, 1028,  853,  429,  734,  227,  888,  673,  720,  757,  835,  238,  519,  342,  669,  701,  933, 1029,  560,  322,  891,  634,  392,  315,  892,    0,  646,   74,  832,  944,  246,  863,  528,  433,  572, 1155,  638,  804,  654,   89,  777,  905,  769,  632,  580,  756, 1007,  519,  835,  322,  117,  504,  438,  940,  885,  331,  513,  733,  791,  516,  580,  740,  542,  670, 1007,   51,  901,  870,  500,  961,  618,  827,  861,  932,  225,  593,  648,  544,  993,  814,  823,  239,  894,  891,  433,  722,  568, 1083,   30,  639,  504,  857,  779,  970,  221,  242,  981,  923,  361, 1008,  926],
        [  275,    0,  461,  501,  584,  640,  487,  483,  271,  249,  593,  274,  276,  624,  326,  267,  703,  212,  357,  837,  204,  434,  528,  148,  677,  252,   78,  574,  492,  474,  646,    0,  605,  208,  332,  443,  438,  473,  233,  322,  597,  795,  241,  252,  558,  593,  310,  134,  812,  390,  217,  454,  650,  190,  457,  632,  234,  358,  320,  372,  415,  286,  127,  216,  257,  261,  107,  640,  406,  523,  664,  265,  425,  361,  433,   30,  184,  433,  389,  491,  343,  221,  108,  496,  218,  362,  752,  474,  496,  397,  425,  378,  548,  618,  309,  450,  220,  339,  327,  609,  482,  531,  345,  662,  538,  299],
        [  864,    0,  843,  163,  143,   42,  967,  784,  372,  716,  157,  836,  660,  647,  693,  810,  302,  498,  280,  604,  644,  870,  965,  507,  260,  845,  601,  428,  336,  887,   74,  605,    0,  798,  891,  182,  856,  545,  405,  568, 1093,  571,  747,  592,   80,  704,  877,  732,  566,  510,  699,  946,  448,  793,  251,  174,  486,  438,  889,  869,  335,  503,  683,  764,  455,  568,  693,  471,  673,  941,  123,  854,  805,  501,  899,  576,  783,  854,  872,  239,  525,  630,  500,  928,  785,  811,  309,  827,  889,  439,  724,  498, 1020,   70,  573,  432,  810,  767,  931,  153,  255,  914,  866,  294,  942,  892],
        [  207,    0,  541,  677,  790,  836,  498,  596,  479,  193,  798,  260,  270,  797,  452,  109,  852,  332,  564, 1034,  344,  488,  562,  352,  885,  182,  199,  682,  626,  359,  832,  208,  798,    0,  300,  645,  329,  537,  401,  375,  575,  992,  311,  417,  744,  750,  112,   77, 1011,  577,  320,  462,  852,  115,  664,  801,  353,  470,  275,  222,  556,  380,  227,   89,  458,  322,  182,  839,  402,  569,  844,  201,  515,  444,  466,  236,  140,  324,  421,  651,  527,  243,  313,  539,   56,  255,  904,  566,  388,  504,  396,  567,  553,  804,  480,  648,  180,  260,  155,  815,  639,  596,  355,  870,  590,   95],
        [   95,    0,  289,  814,  833,  920,  201,  375,  521,  482,  837,   59,  548,  648,  285,  407, 1030,  540,  615,  934,  257,  220,  271,  385,  890,  119,  390,  905,  823,  656,  944,  332,  891,  300,    0,  712,  627,  791,  561,  631,  279,  897,  152,  331,  859,  574,  380,  283,  920,  492,  200,  165,  783,  191,  686,  948,  563,  688,   28,  514,  745,  610,  216,  385,  450,  571,  226,  762,  686,  285,  970,  100,  279,  684,  183,  354,  175,  622,  144,  816,  445,  506,  413,  255,  355,  554, 1076,  323,  686,  727,  688,  491,  254,  918,  382,  590,  128,  558,  230,  854,  808,  323,   78,  861,  309,  302],
        [  690,    0,  665,  190,  148,  209,  785,  610,  192,  593,  160,  658,  553,  514,  512,  672,  420,  382,   99,  552,  463,  689,  784,  331,  268,  673,  452,  457,  344,  790,  246,  443,  182,  645,  712,    0,  756,  515,  280,  484,  912,  513,  567,  410,  177,  555,  734,  574,  517,  341,  518,  764,  366,  626,  104,  298,  377,  376,  711,  747,  302,  412,  508,  623,  273,  466,  523,  378,  600,  762,  284,  680,  625,  437,  718,  414,  613,  753,  690,  256,  349,  513,  336,  748,  639,  700,  446,  650,  798,  394,  648,  327,  839,  225,  394,  279,  637,  659,  768,  174,  265,  737,  685,  274,  763,  738],
        [  533,    0,  861,  701,  901,  898,  826,  905,  652,  190,  914,  588,  204, 1060,  752,  221,  790,  375,  708, 1249,  632,  813,  890,  573, 1023,  509,  370,  570,  572,   37,  863,  438,  856,  329,  627,  756,    0,  388,  478,  292,  897, 1206,  627,  689,  784, 1031,  260,  370, 1220,  822,  625,  790, 1055,  442,  816,  791,  380,  426,  601,  122,  534,  354,  524,  251,  676,  292,  479, 1051,  210,  896,  855,  528,  832,  366,  794,  452,  465,    6,  748,  642,  777,  251,  499,  866,  275,   78,  845,  882,   61,  437,  165,  809,  880,  835,  747,  866,  508,  103,  435,  927,  626,  920,  683, 1022,  917,  343],
        [  715,    0,  924,  383,  635,  585,  960,  925,  513,  355,  650,  736,  271,  966,  774,  473,  408,  267,  516, 1065,  659,  905, 1001,  525,  768,  687,  404,  183,  214,  407,  528,  473,  545,  537,  791,  515,  388,    0,  312,  163, 1065, 1024,  714,  674,  466,  972,  548,  517, 1030,  733,  685,  926,  873,  611,  606,  434,  246,  151,  773,  461,  217,  189,  600,  455,  586,  222,  573,  880,  179,  994,  507,  705,  885,  116,  906,  463,  620,  388,  862,  307,  707,  294,  446,  968,  490,  383,  462,  930,  397,  123,  225,  718, 1020,  503,  708,  730,  667,  341,  689,  658,  291,  997,  816,  783, 1007,  609],
        [  508,    0,  632,  277,  427,  444,  696,  621,  206,  316,  439,  502,  274,  658,  476,  405,  471,  103,  236,  791,  371,  625,  724,  223,  546,  484,  204,  360,  265,  512,  433,  233,  405,  401,  561,  280,  478,  312,    0,  221,  814,  749,  448,  370,  345,  661,  474,  342,  759,  423,  409,  667,  596,  418,  342,  404,  101,  165,  551,  470,  187,  149,  347,  360,  274,  190,  338,  597,  338,  712,  444,  497,  592,  203,  636,  209,  415,  474,  596,  259,  395,  233,  156,  689,  382,  420,  519,  633,  521,  202,  381,  407,  757,  404,  399,  429,  453,  380,  544,  453,  250,  707,  563,  546,  722,  494],
        [  553,    0,  781,  410,  624,  609,  805,  792,  424,  201,  638,  577,  119,  871,  637,  320,  514,  136,  455, 1011,  518,  756,  849,  399,  751,  526,  249,  315,  288,  321,  572,  322,  568,  375,  631,  484,  292,  163,  221,    0,  907,  969,  562,  544,  493,  864,  396,  355,  979,  631,  538,  771,  816,  449,  558,  502,  125,  135,  613,  330,  243,   74,  447,  297,  479,   62,  416,  817,  118,  845,  565,  544,  743,   81,  754,  316,  459,  289,  709,  351,  597,  133,  316,  817,  331,  259,  569,  790,  322,  152,  164,  616,  865,  544,  587,  648,  506,  214,  529,  649,  336,  852,  659,  756,  860,  451],
        [  368,    0,  282, 1044, 1009, 1116,  127,  380,  727,  760, 1009,  331,  827,  680,  405,  679, 1272,  808,  814,  984,  458,  230,  158,  609, 1035,  395,  662, 1168, 1078,  924, 1155,  597, 1093,  575,  279,  912,  897, 1065,  814,  907,    0,  955,  367,  502, 1076,  587,  642,  561,  981,  618,  409,  150,  878,  470,  861, 1178,  831,  954,  302,  780, 1000,  881,  471,  661,  640,  846,  494,  850,  964,  191, 1188,  375,  310,  955,  195,  613,  453,  892,  224, 1058,  585,  784,  659,  186,  630,  827, 1315,  315,  954,  993,  966,  623,   82, 1132,  527,  719,  406,  834,  473, 1026, 1053,  243,  252,  997,  208,  559],
        [  929,    0,  677,  685,  431,  553,  846,  576,  555, 1021,  416,  866, 1008,  277,  613, 1061,  872,  845,  515,   43,  670,  742,  798,  648,  318,  926,  846,  965,  854, 1242,  638,  795,  571,  992,  897,  513, 1206, 1024,  749,  969,  955,    0,  756,  589,  630,  372, 1101,  916,   27,  420,  717,  847,  154,  920,  419,  744,  848,  880,  911, 1162,  814,  896,  779, 1010,  539,  935,  817,  156, 1086,  765,  688,  923,  657,  936,  791,  773,  896, 1202,  793,  761,  471,  957,  712,  772, 1012, 1137,  876,  642, 1257,  902, 1129,  427,  874,  640,  527,  346,  893, 1104, 1059,  419,  772,  714,  832,  278,  750, 1071],
        [  175,    0,  235,  682,  684,  775,  250,  287,  376,  454,  687,  111,  503,  521,  154,  415,  907,  450,  469,  794,  107,  195,  288,  247,  739,  177,  314,  804,  712,  660,  804,  241,  747,  311,  152,  567,  627,  714,  448,  562,  367,  756,    0,  180,  721,  458,  416,  258,  778,  344,   50,  219,  637,  201,  536,  817,  472,  593,  160,  531,  634,  526,  116,  377,  300,  501,  154,  616,  638,  284,  832,  170,  205,  600,  193,  253,  175,  622,  150,  693,  296,  452,  293,  256,  357,  550,  951,  256,  688,  632,  651,  341,  310,  779,  234,  440,  150,  541,  316,  704,  687,  298,  120,  709,  300,  356],
        [  345,    0,  269,  553,  514,  616,  375,  252,  230,  501,  516,  288,  523,  381,  110,  503,  788,  413,  313,  629,   81,  281,  379,  149,  561,  339,  325,  725,  620,  725,  654,  252,  592,  417,  331,  410,  689,  674,  370,  544,  502,  589,  180,    0,  577,  342,  528,  345,  610,  170,  133,  355,  462,  333,  365,  685,  430,  533,  339,  615,  544,  489,  194,  455,  139,  488,  236,  443,  643,  360,  688,  337,  229,  559,  308,  243,  309,  684,  281,  580,  120,  467,  230,  342,  447,  612,  826,  266,  747,  571,  670,  165,  429,  632,   64,  262,  305,  591,  471,  533,  577,  345,  285,  530,  365,  487],
        [  825,    0,  837,   85,  200,  120,  950,  786,  349,  649,  216,  802,  590,  679,  682,  748,  252,  433,  266,  665,  620,  857,  954,  476,  328,  804,  546,  351,  257,  814,   89,  558,   80,  744,  859,  177,  784,  466,  345,  493, 1076,  630,  721,  577,    0,  727,  818,  681,  628,  517,  674,  927,  499,  748,  269,  125,  419,  362,  855,  801,  257,  431,  647,  704,  439,  497,  652,  518,  596,  933,  112,  815,  797,  425,  883,  530,  740,  781,  853,  160,  524,  563,  456,  918,  726,  741,  272,  824,  815,  362,  648,  504, 1005,   61,  567,  451,  770,  697,  882,  216,  176,  910,  840,  358,  935,  838],
        [  630,    0,  316,  742,  574,  708,  486,  213,  463,  842,  566,  559,  858,   96,  305,  842,  975,  729,  491,  399,  407,  388,  430,  469,  537,  635,  664,  981,  866, 1067,  777,  593,  704,  750,  574,  555, 1031,  972,  661,  864,  587,  372,  458,  342,  727,    0,  861,  682,  399,  240,  434,  492,  330,  653,  459,  851,  742,  823,  595,  956,  801,  800,  524,  795,  388,  813,  569,  299,  971,  397,  823,  626,  306,  862,  437,  581,  626, 1026,  449,  797,  268,  802,  552,  407,  786,  954,  998,  279, 1089,  857, 1002,  256,  507,  765,  285,  277,  608,  932,  774,  579,  801,  345,  501,  490,  381,  810],
        [  286,    0,  641,  745,  881,  916,  580,  702,  578,  196,  891,  351,  278,  908,  561,   77,  899,  389,  659, 1143,  455,  584,  650,  457,  982,  265,  283,  710,  670,  284,  905,  310,  877,  112,  380,  734,  260,  548,  474,  396,  642, 1101,  416,  528,  818,  861,    0,  186, 1119,  687,  429,  544,  959,  215,  762,  863,  408,  511,  353,  140,  608,  420,  338,  115,  565,  354,  293,  947,  389,  660,  912,  283,  617,  473,  557,  336,  242,  256,  513,  710,  638,  273,  410,  629,   96,  201,  953,  668,  315,  540,  369,  677,  631,  876,  591,  756,  275,  224,  175,  906,  696,  691,  445,  970,  683,   84],
        [  199,    0,  492,  617,  717,  768,  471,  538,  404,  203,  726,  233,  266,  726,  389,  162,  803,  286,  490,  958,  276,  446,  528,  275,  810,  172,  139,  648,  581,  403,  769,  134,  732,   77,  283,  574,  370,  517,  342,  355,  561,  916,  258,  345,  681,  682,  186,    0,  935,  502,  259,  435,  775,   95,  590,  745,  309,  432,  262,  277,  509,  345,  160,  119,  382,  296,  114,  763,  404,  532,  783,  190,  463,  415,  431,  162,  108,  365,  385,  598,  453,  226,  240,  502,  104,  292,  855,  513,  430,  468,  407,  492,  529,  741,  408,  572,  155,  286,  203,  742,  587,  552,  325,  794,  551,  166],
        [  951,    0,  703,  685,  428,  546,  872,  602,  568, 1036,  413,  888, 1021,  304,  636, 1078,  867,  856,  524,   38,  691,  768,  824,  665,  311,  948,  861,  966,  857, 1256,  632,  812,  566, 1011,  920,  517, 1220, 1030,  759,  979,  981,   27,  778,  610,  628,  399, 1119,  935,    0,  441,  739,  873,  165,  940,  425,  740,  859,  887,  934, 1178,  818,  906,  799, 1027,  556,  946,  837,  172, 1096,  791,  681,  945,  683,  944,  816,  789,  917, 1215,  818,  762,  491,  970,  727,  798, 1029, 1151,  869,  668, 1270,  908, 1140,  447,  900,  635,  548,  363,  915, 1117, 1080,  414,  774,  741,  856,  272,  777, 1090],
        [  514,    0,  345,  518,  402,  524,  493,  275,  224,  632,  399,  454,  637,  242,  220,  654,  756,  496,  262,  460,  251,  388,  473,  249,  419,  508,  452,  744,  630,  858,  580,  390,  510,  577,  492,  341,  822,  733,  423,  631,  618,  420,  344,  170,  517,  240,  687,  502,  441,    0,  301,  482,  293,  500,  261,  637,  508,  584,  503,  761,  563,  565,  359,  604,  153,  583,  399,  274,  742,  446,  622,  506,  310,  625,  428,  372,  477,  817,  415,  566,   51,  582,  327,  438,  601,  748,  785,  323,  877,  618,  776,   16,  538,  563,  111,  103,  475,  720,  640,  416,  569,  411,  437,  382,  442,  652],
        [  213,    0,  246,  637,  635,  726,  288,  280,  328,  446,  638,  155,  488,  490,  132,  420,  863,  420,  420,  756,   58,  220,  317,  201,  691,  210,  293,  768,  673,  660,  756,  217,  699,  320,  200,  518,  625,  685,  409,  538,  409,  717,   50,  133,  674,  434,  429,  259,  739,  301,    0,  260,  594,  219,  487,  771,  441,  559,  207,  535,  595,  496,  102,  378,  251,  477,  147,  574,  620,  309,  785,  206,  211,  571,  227,  223,  193,  620,  188,  650,  252,  435,  254,  283,  361,  548,  906,  261,  685,  599,  637,  297,  348,  731,  191,  395,  179,  535,  347,  655,  645,  315,  168,  662,  323,  376],
        [  259,    0,  177,  895,  866,  970,   37,  279,  579,  638,  867,  204,  698,  579,  264,  570, 1123,  665,  667,  880,  309,  106,  110,  460,  900,  282,  523, 1023,  931,  819, 1007,  454,  946,  462,  165,  764,  790,  926,  667,  771,  150,  847,  219,  355,  927,  492,  544,  435,  873,  482,  260,    0,  756,  349,  717, 1029,  688,  810,  192,  678,  853,  740,  328,  544,  492,  709,  355,  730,  836,  131, 1039,  263,  191,  814,   58,  469,  329,  784,   75,  909,  445,  652,  511,  104,  516,  716, 1165,  215,  849,  850,  842,  486,   95,  984,  385,  585,  284,  717,  390,  884,  904,  180,  112,  863,  156,  466],
        [  806,    0,  596,  545,  306,  437,  761,  502,  404,  871,  293,  747,  856,  243,  504,  916,  747,  692,  362,  196,  542,  654,  724,  503,  223,  800,  697,  822,  709, 1091,  519,  650,  448,  852,  783,  366, 1055,  873,  596,  816,  878,  154,  637,  462,  499,  330,  959,  775,  165,  293,  594,  756,    0,  786,  268,  618,  695,  728,  795, 1014,  665,  743,  645,  864,  395,  782,  681,   32,  933,  692,  569,  798,  570,  784,  700,  627,  764, 1051,  695,  619,  342,  805,  563,  693,  868,  987,  757,  565, 1105,  751,  976,  297,  796,  517,  403,  205,  766,  952,  929,  299,  629,  646,  725,  175,  681,  934],
        [  105,    0,  428,  690,  764,  827,  385,  487,  444,  291,  771,  147,  359,  707,  350,  223,  886,  374,  536,  960,  254,  374,  448,  305,  846,   78,  223,  738,  668,  473,  835,  190,  793,  115,  191,  626,  442,  611,  418,  449,  470,  920,  201,  333,  748,  653,  215,   95,  940,  500,  219,  349,  786,    0,  627,  820,  397,  522,  169,  336,  593,  437,  141,  195,  402,  390,  108,  770,  496,  455,  854,   96,  403,  508,  352,  218,   27,  437,  306,  677,  450,  320,  294,  424,  168,  368,  936,  454,  502,  559,  497,  493,  442,  808,  396,  582,   67,  368,  146,  788,  667,  481,  242,  825,  476,  158],
        [  678,    0,  600,  292,  149,  264,  734,  535,  186,  641,  151,  636,  612,  413,  457,  707,  518,  443,  108,  459,  430,  633,  724,  323,  221,  664,  483,  559,  445,  851,  322,  457,  251,  664,  686,  104,  816,  606,  342,  558,  861,  419,  536,  365,  269,  459,  762,  590,  425,  261,  487,  717,  268,  627,    0,  392,  442,  462,  690,  792,  398,  485,  498,  656,  237,  531,  520,  278,  675,  699,  367,  669,  562,  520,  667,  429,  611,  812,  645,  359,  280,  566,  353,  688,  667,  753,  540,  581,  861,  484,  721,  250,  784,  308,  335,  183,  628,  715,  773,  169,  368,  669,  649,  210,  698,  755],
        [  905,    0,  949,  135,  315,  199, 1053,  903,  455,  681,  329,  890,  612,  803,  792,  789,  130,  474,  381,  777,  720,  964, 1063,  571,  433,  883,  607,  282,  223,  817,  117,  632,  174,  801,  948,  298,  791,  434,  404,  502, 1178,  744,  817,  685,  125,  851,  863,  745,  740,  637,  771, 1029,  618,  820,  392,    0,  455,  367,  942,  827,  261,  452,  733,  750,  548,  521,  733,  639,  589, 1043,   78,  895,  909,  425,  988,  606,  816,  789,  955,  154,  641,  595,  538, 1026,  776,  759,  149,  938,  813,  354,  641,  623, 1110,  106,  680,  574,  850,  714,  947,  326,  169, 1023,  937,  468, 1047,  893],
        [  496,    0,  678,  342,  522,  527,  720,  680,  300,  231,  535,  506,  178,  747,  528,  334,  499,   24,  337,  890,  413,  660,  757,  283,  644,  470,  176,  343,  274,  414,  504,  234,  486,  353,  563,  377,  380,  246,  101,  125,  831,  848,  472,  430,  419,  742,  408,  309,  859,  508,  441,  688,  695,  397,  442,  455,    0,  126,  548,  384,  204,   60,  360,  295,  356,   90,  339,  695,  240,  749,  507,  486,  639,  131,  664,  220,  401,  377,  621,  303,  475,  145,  201,  724,  323,  327,  551,  684,  422,  164,  282,  492,  781,  475,  468,  524,  444,  285,  505,  548,  289,  751,  579,  645,  762,  442],
        [  621,    0,  791,  278,  507,  479,  842,  784,  363,  321,  521,  631,  246,  815,  637,  435,  388,  149,  368,  921,  527,  778,  876,  385,  638,  595,  301,  218,  160,  454,  438,  358,  438,  470,  688,  376,  426,  151,  165,  135,  954,  880,  593,  533,  362,  823,  511,  432,  887,  584,  559,  810,  728,  522,  462,  367,  126,    0,  674,  461,  109,   92,  483,  403,  438,  159,  463,  734,  235,  867,  430,  611,  751,   64,  784,  342,  526,  424,  742,  217,  559,  239,  310,  842,  434,  392,  443,  794,  454,   40,  287,  568,  903,  410,  563,  580,  569,  347,  624,  531,  201,  865,  703,  648,  878,  556],
