{
    "name": "random-56-3073",
    "comment": "size=56 seed=3073",
    "nodes": ["+0", "-0", "+1", "-1", "+2", "-2", "+3", "-3", "+4", "-4", "+5", "-5", "+6", "-6", "+7", "-7", "+8", "-8", "+9", "-9", "+10", "-10", "+11", "-11", "+12", "-12", "+13", "-13", "+14", "-14", "+15", "-15", "+16", "-16", "+17", "-17", "+18", "-18", "+19", "-19", "+20", "-20", "+21", "-21", "+22", "-22", "+23", "-23", "+24", "-24", "+25", "-25", "+26", "-26", "+27", "-27", "+28", "-28", "+29", "-29", "+30", "-30", "+31", "-31", "+32", "-32", "+33", "-33", "+34", "-34", "+35", "-35", "+36", "-36", "+37", "-37", "+38", "-38", "+39", "-39", "+40", "-40", "+41", "-41", "+42", "-42", "+43", "-43", "+44", "-44", "+45", "-45", "+46", "-46", "+47", "-47", "+48", "-48", "+49", "-49", "+50", "-50", "+51", "-51", "+52", "-52", "+53", "-53", "+54", "-54", "+55", "-55", "+56", "-56"],
    "precedence": {
        "+0": "-0",
        "+1": "-1",
        "+2": "-2",
        "+3": "-3",
        "+4": "-4",
        "+5": "-5",
        "+6": "-6",
        "+7": "-7",
        "+8": "-8",
        "+9": "-9",
        "+10": "-10",
        "+11": "-11",
        "+12": "-12",
        "+13": "-13",
        "+14": "-14",
        "+15": "-15",
        "+16": "-16",
        "+17": "-17",
        "+18": "-18",
        "+19": "-19",
        "+20": "-20",
        "+21": "-21",
        "+22": "-22",
        "+23": "-23",
        "+24": "-24",
        "+25": "-25",
        "+26": "-26",
        "+27": "-27",
        "+28": "-28",
        "+29": "-29",
        "+30": "-30",
        "+31": "-31",
        "+32": "-32",
        "+33": "-33",
        "+34": "-34",
        "+35": "-35",
        "+36": "-36",
        "+37": "-37",
        "+38": "-38",
        "+39": "-39",
        "+40": "-40",
        "+41": "-41",
        "+42": "-42",
        "+43": "-43",
        "+44": "-44",
        "+45": "-45",
        "+46": "-46",
        "+47": "-47",
        "+48": "-48",
        "+49": "-49",
        "+50": "-50",
        "+51": "-51",
        "+52": "-52",
        "+53": "-53",
        "+54": "-54",
        "+55": "-55",
        "+56": "-56"
    },
    "edges": [
        [    0,    0,  735,  499,  849,  359,  844,  740,  479, 1065,  669,  586,  289,  347,  211,  908,  115,  996,  581,  788,  394,  566, 1054,  699,  361,  669,  540,  771,  156,  361,  220,  100,  496,  229,  346,  681,  635,  771, 1024, 1149,  838,  624,  395,  889,  354,  774,  886,   41, 1011,  152,  538,  101,  841,  860,  896,  551,  148,  816,  596,  517,  707,  407,  266,  323,  680,  236,  788,  753,  336,  140,  855,  761,  920,  997,  551,  237,  383,  503,  499,  963,  305,  484,  835,  500,  611,  537,  528,  739,  839,  221,  931,  873,  392,  689,  553,  619,  260,  827,  755,  817,  816,  560,  564,  998,  271,  231,  432,  736,  556, 1112,  592,  543,  556,  140],
        [    0,    0,    0,    0,    0,    0,    0,    0,    0,    0,    0,    0,    0,    0,    0,    0,    0,    0,    0,    0,    0,    0,    0,    0,    0,    0,    0,    0,    0,    0,    0,    0,    0,    0,    0,    0,    0,    0,    0,    0,    0,    0,    0,    0,    0,    0,    0,    0,    0,    0,    0,    0,    0,    0,    0,    0,    0,    0,    0,    0,    0,    0,    0,    0,    0,    0,    0,    0,    0,    0,    0,    0,    0,    0,    0,    0,    0,    0,    0,    0,    0,    0,    0,    0,    0,    0,    0,    0,    0,    0,    0,    0,    0,    0,    0,    0,    0,    0,    0,    0,    0,    0,    0,    0,    0,    0,    0,    0,    0,    0,    0,    0,    0,    0],
        [  735,    0,    0,  433,  830,  415,  750,  194,  265,  598,  129,  744,  549,  400,  747,  333,  621,  490,  185, 1104,  730,  766,  641,   71,  427,  472,  860,  287,  811,  522,  699,  647,  775,  847,  833,  116,  102,  287,  633,  707,  971,  146,  890,  653,  441,  291,  353,  720,  586,  882,  768,  836,  152,  887,  756,  414,  877, 1097,  701,  228,  330,  907,  486,  795,  517,  635,   57,  537,  829,  797,  947,  925,  372,  479,  232,  543,  638,  640,  833,  457,  673,  463,  897,  519,  824,  204,  693,  196,  322,  908,  532, 1146,  367,  666,  321,  181,  497,  491,  140,  824, 1091,  919,  278,  610,  926,  507,  736,  807,  900,  712,  806,  269,  182,  629],
        [  499,    0,  433,    0,  470,  411,  421,  567,  243,  567,  310,  316,  214,  230,  398,  446,  416,  505,  256,  673,  313,  334,  556,  448,  433,  175,  428,  307,  494,  146,  350,  459,  343,  499,  437,  324,  352,  307,  527,  651,  566,  426,  486,  412,  443,  309,  412,  508,  513,  608,  336,  582,  456,  512,  457,   53,  600,  669,  278,  355,  226,  502,  260,  403,  198,  292,  462,  266,  436,  486,  554,  510,  445,  508,  209,  451,  225,  208,  403,  474,  287,   31,  510,   87,  394,  277,  261,  317,  368,  584,  433,  721,  194,  285,  114,  253,  404,  329,  539,  452,  664,  487,  156,  501,  579,  358,  311,  407,  468,  616,  375,  458,  299,  359],
        [  849,    0,  830,  470,    0,  876,   96, 1001,  708,  536,  704,  270,  592,  691,  659,  642,  811,  568,  690,  431,  469,  300,  470,  869,  897,  359,  393,  571,  763,  530,  634,  854,  381,  721,  582,  715,  779,  571,  438,  540,  195,  871,  583,  252,  906,  569,  593,  876,  474,  894,  333,  897,  778,   66,  139,  453,  885,  393,  254,  818,  504,  589,  692,  577,  315,  616,  835,  300,  590,  764,  149,  212,  610,  582,  652,  892,  468,  350,  416,  563,  546,  457,  100,  404,  284,  731,  323,  647,  582,  815,  438,  415,  661,  187,  544,  664,  852,  388,  960,   37,  384,  430,  583,  428,  775,  796,  432,  126,  415,  477,  293,  924,  749,  726],
        [  359,    0,  415,  411,  876,    0,  831,  384,  220,  891,  393,  671,  330,  185,  460,  672,  251,  799,  315,  982,  547,  671,  905,  363,   23,  570,  711,  554,  480,  365,  425,  260,  635,  538,  589,  401,  326,  554,  884,  993,  942,  281,  650,  810,   34,  558,  665,  333,  854,  510,  656,  456,  548,  911,  867,  443,  507,  994,  651,  188,  524,  666,  213,  552,  602,  378,  471,  663,  581,  463,  940,  874,  696,  794,  312,  133,  475,  555,  673,  763,  453,  420,  902,  473,  732,  253,  604,  489,  619,  568,  778, 1051,  218,  690,  382,  363,   99,  690,  404,  854,  991,  756,  364,  857,  604,  145,  573,  796,  743,  974,  710,  186,  260,  305],
        [  844,    0,  750,  421,   96,  831,    0,  927,  650,  444,  627,  293,  571,  649,  667,  548,  793,  472,  621,  516,  482,  328,  381,  793,  853,  286,  438,  483,  773,  503,  636,  837,  409,  739,  608,  636,  706,  483,  348,  457,  288,  801,  618,  158,  862,  481,  499,  866,  381,  904,  360,  900,  689,  162,   62,  395,  895,  482,  261,  757,  421,  626,  661,  597,  243,  608,  751,  214,  615,  772,  244,  294,  515,  486,  585,  860,  463,  342,  454,  468,  546,  413,  193,  367,  330,  666,  330,  562,  490,  835,  342,  507,  614,  156,  479,  591,  817,  294,  883,  115,  473,  483,  516,  336,  800,  764,  449,  178,  466,  395,  333,  862,  683,  713],
        [  740,    0,  194,  567, 1001,  384,  927,    0,  342,  790,  302,  883,  625,  455,  804,  522,  628,  681,  315, 1236,  831,  898,  834,  135,  386,  643,  977,  479,  847,  619,  761,  643,  893,  896,  913,  294,  223,  479,  826,  899, 1127,  144,  973,  840,  397,  482,  545,  716,  780,  891,  895,  839,  330, 1054,  938,  562,  888, 1235,  844,  244,  513,  990,  533,  874,  687,  701,  226,  716,  907,  831, 1109, 1075,  563,  669,  359,  515,  742,  770,  945,  649,  757,  593, 1060,  653,  959,  292,  824,  387,  515,  940,  725, 1287,  440,  828,  466,  337,  482,  680,   60,  992, 1229, 1033,  423,  804,  969,  514,  844,  964, 1016,  905,  939,  199,  269,  663],
        [  479,    0,  265,  243,  708,  220,  650,  342,    0,  672,  193,  551,  291,  136,  485,  458,  367,  580,  105,  898,  490,  563,  687,  247,  240,  371,  637,  336,  547,  278,  437,  399,  552,  584,  579,  204,  164,  336,  666,  774,  808,  198,  638,  607,  254,  340,  448,  468,  635,  622,  557,  579,  363,  753,  677,  256,  617,  899,  517,  113,  306,  655,  223,  540,  410,  374,  314,  462,  574,  533,  796,  749,  480,  576,   92,  319,  401,  435,  604,  544,  420,  265,  752,  325,  625,   62,  489,  277,  402,  644,  560,  953,  104,  524,  175,  150,  268,  476,  328,  692,  894,  692,  148,  639,  662,  258,  503,  650,  675,  756,  604,  216,   84,  366],
        [ 1065,    0,  598,  567,  536,  891,  444,  790,  672,    0,  527,  672,  780,  754,  950,  269,  976,  110,  584,  959,  809,  710,   77,  666,  912,  407,  833,  341, 1053,  710,  906, 1017,  775, 1045,  948,  527,  619,  341,  102,  110,  731,  719,  978,  289,  925,  337,  247, 1072,   67, 1172,  736, 1149,  465,  600,  400,  515, 1164,  925,  623,  737,  371,  990,  813,  923,  412,  854,  566,  346,  950, 1046,  684,  736,  228,  123,  580,  978,  747,  651,  834,  142,  828,  585,  635,  586,  736,  647,  673,  423,  284, 1137,  138,  950,  706,  507,  526,  536,  927,  244,  732,  559,  916,  888,  532,  109, 1121,  897,  787,  611,  869,  128,  732,  827,  649,  925],
        [  669,    0,  129,  310,  704,  393,  627,  302,  193,  527,    0,  618,  450,  323,  652,  282,  559,  424,   89,  978,  614,  640,  558,  168,  410,  346,  737,  190,  726,  413,  602,  591,  653,  754,  726,   15,   94,  190,  544,  634,  843,  197,  780,  539,  424,  194,  285,  660,  503,  810,  644,  768,  172,  760,  637,  288,  804,  970,  573,  217,  212,  797,  407,  688,  390,  538,  152,  415,  722,  712,  820,  797,  312,  417,  125,  507,  523,  516,  712,  389,  566,  341,  770,  394,  698,  142,  568,  104,  243,  822,  439, 1018,  281,  538,  196,   60,  457,  382,  257,  698,  963,  797,  155,  520,  834,  451,  618,  679,  778,  629,  680,  301,  134,  550],
        [  586,    0,  744,  316,  270,  671,  293,  883,  551,  672,  618,    0,  354,  490,  390,  670,  561,  659,  571,  361,  199,   39,  626,  764,  691,  320,  162,  554,  493,  306,  368,  602,  116,  452,  317,  631,  668,  554,  591,  715,  272,  741,  327,  403,  697,  554,  625,  615,  606,  625,   69,  628,  743,  274,  353,  331,  616,  354,   53,  662,  468,  336,  466,  308,  288,  358,  767,  335,  324,  495,  277,  204,  652,  669,  525,  659,  213,  118,  166,  641,  282,  290,  250,  230,   82,  592,   68,  599,  594,  547,  541,  405,  475,  167,  424,  564,  627,  449,  855,  235,  348,  218,  468,  571,  509,  566,  162,  150,  199,  659,   67,  761,  614,  472],
        [  289,    0,  549,  214,  592,  330,  571,  625,  291,  780,  450,  354,    0,  173,  203,  646,  223,  717,  368,  653,  219,  348,  766,  537,  348,  380,  382,  506,  287,   73,  153,  267,  306,  305,  289,  464,  450,  506,  736,  861,  625,  484,  349,  602,  352,  509,  617,  304,  725,  395,  330,  369,  618,  615,  620,  266,  387,  665,  345,  382,  433,  366,  117,  250,  392,   89,  593,  464,  284,  277,  630,  553,  651,  719,  326,  306,  147,  246,  344,  686,  133,  196,  598,  213,  407,  350,  287,  494,  572,  381,  645,  722,  187,  417,  288,  391,  274,  540,  617,  564,  662,  429,  312,  710,  386,  213,  244,  493,  415,  823,  385,  459,  374,  150],
        [  347,    0,  400,  230,  691,  185,  649,  455,  136,  754,  323,  490,  173,    0,  354,  569,  239,  673,  235,  816,  388,  494,  757,  377,  207,  398,  547,  436,  412,  187,  308,  275,  466,  450,  459,  335,  299,  436,  732,  849,  760,  316,  519,  639,  215,  439,  551,  341,  709,  488,  481,  446,  495,  726,  686,  269,  482,  823,  468,  211,  384,  536,   87,  420,  426,  248,  450,  491,  453,  397,  756,  693,  585,  671,  204,  228,  306,  373,  510,  638,  305,  237,  717,  288,  555,  197,  424,  394,  504,  508,  630,  879,   49,  505,  228,  272,  178,  534,  451,  669,  820,  597,  227,  705,  528,  144,  409,  611,  582,  822,  533,  288,  219,  230],
        [  211,    0,  747,  398,  659,  460,  667,  804,  485,  950,  652,  390,  203,  354,    0,  841,  239,  899,  569,  580,  192,  366,  927,  730,  471,  544,  330,  702,  108,  254,   50,  265,  290,  103,  141,  665,  647,  702,  894, 1022,  630,  669,  198,  737,  469,  704,  809,  248,  891,  238,  335,  238,  820,  662,  724,  450,  229,  606,  409,  562,  624,  213,  272,  113,  544,  114,  793,  615,  132,  106,  651,  553,  843,  903,  527,  378,  211,  328,  289,  870,  126,  374,  634,  365,  405,  545,  339,  695,  765,  187,  813,  663,  381,  515,  487,  593,  373,  707,  804,  625,  606,  350,  514,  870,  184,  316,  230,  540,  345,  977,  387,  623,  568,  158],
        [  908,    0,  333,  446,  642,  672,  548,  522,  458,  269,  282,  670,  646,  569,  841,    0,  805,  160,  357, 1012,  746,  703,  322,  402,  690,  351,  822,  140,  933,  588,  792,  843,  747,  943,  878,  278,  368,  140,  321,  378,  821,  463,  922,  409,  704,  138,   49,  907,  269, 1036,  720, 1002,  197,  707,  530,  397, 1029,  990,  619,  499,  221,  937,  643,  845,  384,  732,  298,  356,  878,  922,  784,  800,   44,  148,  370,  777,  664,  605,  810,  130,  732,  473,  731,  501,  748,  419,  645,  183,   79, 1026,  237, 1028,  521,  532,  360,  310,  725,  255,  464,  651,  982,  882,  345,  303, 1024,  709,  735,  668,  862,  390,  736,  578,  415,  776],
        [  115,    0,  621,  416,  811,  251,  793,  628,  367,  976,  559,  561,  223,  239,  239,  805,    0,  901,  470,  810,  386,  548,  970,  585,  256,  590,  547,  670,  233,  293,  222,   45,  488,  297,  379,  570,  522,  670,  942, 1064,  826,  510,  436,  821,  250,  673,  785,  103,  925,  265,  523,  215,  729,  830,  842,  466,  261,  831,  560,  403,  611,  451,  165,  347,  607,  205,  675,  679,  369,  216,  837,  750,  819,  901,  442,  143,  348,  462,  506,  868,  288,  407,  810,  434,  600,  424,  497,  632,  738,  318,  845,  889,  286,  639,  455,  510,  153,  743,  642,  781,  830,  578,  462,  916,  357,  117,  421,  706,  570, 1031,  579,  433,  442,   92],
        [  996,    0,  490,  505,  568,  799,  472,  681,  580,  110,  424,  659,  717,  673,  899,  160,  901,    0,  487,  973,  774,  696,  168,  558,  819,  363,  819,  245,  998,  651,  852,  942,  753,  997,  911,  423,  515,  245,  176,  219,  758,  614,  947,  317,  832,  241,  141, 1000,  122, 1112,  718, 1084,  356,  633,  439,  452, 1104,  944,  608,  638,  291,  961,  737,  883,  379,  796,  457,  325,  913,  990,  715,  752,  119,   17,  488,  893,  703,  620,  815,   36,  780,  527,  664,  538,  730,  551,  650,  321,  182, 1086,  131,  975,  624,  502,  447,  438,  841,  211,  623,  584,  936,  877,  447,  165, 1075,  816,  756,  622,  857,  233,  723,  724,  550,  858],
        [  581,    0,  185,  256,  690,  315,  621,  315,  105,  584,   89,  571,  368,  235,  569,  357,  470,  487,    0,  929,  545,  590,  606,  193,  334,  335,  678,  243,  640,  338,  520,  502,  593,  670,  650,  101,   97,  243,  588,  689,  812,  182,  706,  554,  347,  247,  351,  572,  552,  722,  590,  680,  261,  741,  639,  247,  715,  924,  531,  156,  233,  722,  319,  611,  378,  456,  225,  417,  646,  626,  794,  761,  382,  481,   48,  423,  454,  462,  650,  451,  489,  284,  746,  343,  650,   64,  516,  175,  306,  736,  481,  975,  193,  514,  151,   49,  371,  409,  284,  679,  919,  737,  109,  562,  750,  363,  552,  649,  718,  676,  630,  256,   69,  462],
        [  788,    0, 1104,  673,  431,  982,  516, 1236,  898,  959,  978,  361,  653,  816,  580, 1012,  810,  973,  929,    0,  436,  340,  896, 1121, 1000,  670,  271,  906,  646,  630,  589,  842,  350,  576,  443,  991, 1025,  906,  863,  970,  245, 1093,  398,  671, 1002,  906,  965,  826,  894,  756,  341,  785, 1101,  375,  568,  691,  748,   51,  407, 1007,  822,  390,  769,  468,  631,  615, 1128,  659,  453,  657,  296,  224,  988,  985,  882,  937,  510,  467,  311,  961,  533,  645,  334,  587,  280,  944,  413,  958,  940,  646,  845,   92,  811,  481,  784,  923,  917,  770, 1212,  403,   59,  232,  827,  851,  587,  855,  410,  351,  242,  907,  299, 1099,  967,  720],
        [  394,    0,  730,  313,  469,  547,  482,  831,  490,  809,  614,  199,  219,  388,  192,  746,  386,  774,  545,  436,    0,  174,  775,  731,  564,  412,  166,  612,  295,  212,  176,  424,  103,  257,  139,  629,  637,  612,  741,  869,  445,  687,  177,  569,  567,  613,  707,  427,  746,  426,  144,  430,  768,  471,  541,  354,  417,  451,  222,  591,  526,  192,  335,  117,  398,  183,  765,  464,  142,  296,  462,  368,  738,  780,  499,  505,   92,  159,  126,  749,  100,  282,  443,  245,  218,  544,  154,  629,  667,  353,  672,  509,  392,  337,  424,  555,  482,  569,  816,  434,  449,  210,  461,  718,  322,  420,   38,  348,  196,  819,  198,  675,  568,  295],
        [  566,    0,  766,  334,  300,  671,  328,  898,  563,  710,  640,   39,  348,  494,  366,  703,  548,  696,  590,  340,  174,    0,  664,  782,  691,  353,  124,  584,  466,  307,  347,  587,   82,  421,  284,  654,  686,  584,  629,  753,  279,  756,  291,  441,  696,  585,  658,  597,  644,  597,   34,  604,  770,  297,  389,  353,  588,  337,   88,  673,  498,  299,  463,  278,  323,  343,  791,  371,  291,  469,  291,  205,  686,  705,  543,  652,  203,  129,  128,  677,  264,  306,  269,  248,   62,  606,   74,  626,  627,  516,  579,  391,  482,  205,  445,  585,  622,  485,  873,  264,  332,  182,  488,  609,  476,  561,  137,  176,  162,  697,   42,  770,  629,  457],
        [ 1054,    0,  641,  556,  470,  905,  381,  834,  687,   77,  558,  626,  766,  757,  927,  322,  970,  168,  606,  896,  775,  664,    0,  707,  926,  387,  786,  369, 1031,  695,  883, 1013,  733, 1018,  913,  560,  651,  369,   35,   96,  665,  753,  940,  229,  939,  365,  291, 1064,   56, 1153,  691, 1134,  517,  532,  332,  505, 1145,  862,  578,  761,  382,  951,  809,  891,  384,  835,  614,  313,  917, 1025,  617,  674,  278,  184,  597,  984,  719,  617,  790,  193,  802,  570,  569,  563,  685,  669,  633,  457,  321, 1112,  128,  884,  710,  460,  530,  559,  933,  227,  778,  495,  853,  839,  542,   58, 1092,  899,  750,  552,  821,   72,  683,  856,  673,  914],
        [  699,    0,   71,  448,  869,  363,  793,  135,  247,  666,  168,  764,  537,  377,  730,  402,  585,  558,  193, 1121,  731,  782,  707,    0,  373,  511,  869,  346,  786,  520,  683,  607,  784,  827,  825,  160,   97,  346,  697,  775, 1001,   84,  883,  706,  386,  350,  420,  680,  652,  848,  782,  799,  222,  924,  804,  438,  843, 1117,  723,  183,  379,  901,  462,  787,  555,  620,  122,  582,  821,  771,  980,  952,  440,  548,  240,  495,  640,  655,  840,  525,  666,  477,  931,  535,  842,  188,  709,  255,  387,  882,  594, 1167,  351,  699,  341,  207,  452,  546,   93,  861, 1111,  926,  298,  674,  904,  468,  740,  837,  909,  778,  823,  204,  164,  602],
        [  361,    0,  427,  433,  897,   23,  853,  386,  240,  912,  410,  691,  348,  207,  471,  690,  256,  819,  334, 1000,  564,  691,  926,  373,    0,  592,  729,  574,  487,  385,  438,  262,  654,  547,  602,  417,  341,  574,  905, 1013,  962,  290,  663,  832,   15,  578,  684,  333,  874,  511,  675,  457,  562,  932,  889,  465,  509, 1012,  672,  201,  545,  679,  231,  565,  624,  393,  484,  685,  594,  470,  960,  894,  715,  814,  332,  130,  494,  575,  690,  783,  470,  442,  923,  494,  751,  271,  624,  507,  639,  573,  799, 1069,  240,  712,  403,  382,  104,  712,  410,  875, 1009,  773,  385,  878,  612,  156,  591,  817,  760,  995,  729,  188,  277,  315],
        [  669,    0,  472,  175,  359,  570,  286,  643,  371,  407,  346,  320,  380,  398,  544,  351,  590,  363,  335,  670,  412,  353,  387,  511,  592,    0,  472,  237,  647,  309,  500,  634,  398,  640,  549,  357,  421,  237,  356,  482,  504,  516,  586,  242,  603,  237,  307,  681,  348,  768,  370,  747,  436,  415,  307,  130,  759,  652,  269,  475,  155,  600,  434,  521,   45,  449,  481,   94,  551,  641,  477,  468,  336,  369,  301,  623,  342,  260,  461,  338,  422,  185,  426,  179,  399,  382,  296,  297,  275,  731,  269,  695,  356,  199,  198,  306,  575,  164,  602,  353,  645,  532,  232,  330,  716,  532,  395,  342,  512,  443,  386,  580,  398,  529],
        [  540,    0,  860,  428,  393,  711,  438,  977,  637,  833,  737,  162,  382,  547,  330,  822,  547,  819,  678,  271,  166,  124,  786,  869,  729,  472,    0,  699,  415,  363,  328,  582,   86,  356,  211,  751,  774,  699,  751,  874,  310,  834,  195,  562,  732,  699,  778,  576,  767,  540,  103,  557,  877,  373,  500,  456,  532,  286,  212,  743,  612,  198,  499,  222,  444,  347,  889,  495,  220,  422,  340,  234,  807,  828,  631,  669,  241,  225,   42,  799,  264,  398,  337,  345,  110,  686,  178,  734,  745,  444,  702,  344,  545,  327,  542,  680,  647,  608,  957,  356,  285,   62,  583,  732,  395,  585,  139,  269,   42,  817,  106,  832,  710,  456],
        [  771,    0,  287,  307,  571,  554,  483,  479,  336,  341,  190,  554,  506,  436,  702,  140,  670,  245,  243,  906,  612,  584,  369,  346,  574,  237,  699,    0,  793,  448,  653,  708,  620,  804,  742,  192,  283,    0,  355,  447,  734,  386,  788,  370,  588,    5,  116,  771,  314,  897,  598,  864,  207,  633,  480,  260,  890,  889,  503,  396,   88,  803,  507,  709,  277,  592,  275,  272,  741,  783,  703,  703,  150,  240,  244,  651,  528,  477,  683,  209,  593,  335,  650,  368,  634,  307,  521,   92,   69,  886,  250,  931,  387,  433,  220,  195,  599,  206,  426,  572,  882,  760,  209,  331,  884,  578,  604,  574,  740,  440,  620,  488,  308,  637],
        [  156,    0,  811,  494,  763,  480,  773,  847,  547, 1053,  726,  493,  287,  412,  108,  933,  233,  998,  640,  646,  295,  466, 1031,  786,  487,  647,  415,  793,    0,  349,  148,  241,  388,   75,  208,  739,  710,  793,  999, 1127,  723,  718,  249,  843,  482,  796,  903,  196,  994,  132,  435,  143,  897,  763,  830,  547,  123,  678,  514,  610,  718,  258,  326,  195,  648,  203,  860,  720,  198,   18,  747,  645,  937, 1001,  602,  374,  318,  435,  377,  968,  232,  472,  733,  469,  501,  608,  444,  779,  858,   97,  916,  734,  447,  622,  575,  669,  383,  810,  853,  728,  679,  425,  597,  974,  126,  337,  331,  642,  424, 1083,  484,  656,  630,  185],
        [  361,    0,  522,  146,  530,  365,  503,  619,  278,  710,  413,  306,   73,  187,  254,  588,  293,  651,  338,  630,  212,  307,  695,  520,  385,  309,  363,  448,  349,    0,  205,  337,  281,  357,  313,  427,  428,  448,  664,  790,  578,  476,  368,  530,  391,  450,  556,  376,  654,  463,  294,  440,  576,  556,  550,  199,  455,  637,  290,  381,  370,  385,  164,  276,  319,  146,  561,  392,  310,  340,  578,  509,  590,  653,  292,  363,  124,  191,  328,  620,  154,  126,  543,  142,  368,  333,  240,  445,  511,  439,  574,  692,  183,  350,  235,  353,  325,  469,  604,  503,  633,  416,  266,  638,  437,  267,  227,  437,  400,  751,  347,  470,  357,  222],
        [  220,    0,  699,  350,  634,  425,  636,  761,  437,  906,  602,  368,  153,  308,   50,  792,  222,  852,  520,  589,  176,  347,  883,  683,  438,  500,  328,  653,  148,  205,    0,  254,  278,  153,  165,  616,  599,  653,  852,  979,  620,  624,  225,  698,  437,  655,  761,  252,  847,  273,  319,  265,  770,  642,  691,  402,  265,  611,  381,  518,  575,  241,  229,  129,  501,   65,  744,  573,  156,  143,  636,  543,  794,  856,  478,  354,  174,  294,  287,  822,   90,  326,  616,  321,  393,  498,  312,  645,  716,  235,  768,  669,  333,  482,  438,  544,  343,  663,  758,  601,  610,  357,  464,  827,  234,  284,  213,  518,  349,  935,  373,  582,  521,  133],
        [  100,    0,  647,  459,  854,  260,  837,  643,  399, 1017,  591,  602,  267,  275,  265,  843,   45,  942,  502,  842,  424,  587, 1013,  607,  262,  634,  582,  708,  241,  337,  254,    0,  525,  311,  406,  602,  549,  708,  985, 1107,  865,  530,  461,  864,  254,  712,  824,   74,  967,  250,  562,  197,  760,  871,  886,  509,  247,  865,  602,  425,  651,  475,  205,  376,  651,  245,  702,  722,  396,  225,  877,  789,  858,  941,  477,  137,  390,  505,  540,  908,  326,  451,  851,  478,  638,  454,  538,  668,  776,  318,  887,  923,  323,  682,  495,  544,  162,  786,  659,  824,  864,  611,  500,  958,  364,  142,  459,  748,  603, 1074,  618,  445,  471,  131],
        [  496,    0,  775,  343,  381,  635,  409,  893,  552,  775,  653,  116,  306,  466,  290,  747,  488,  753,  593,  350,  103,   82,  733,  784,  654,  398,   86,  620,  388,  281,  278,  525,    0,  340,  202,  667,  689,  620,  698,  824,  343,  749,  212,  515,  657,  621,  704,  529,  710,  518,   49,  527,  794,  376,  469,  373,  509,  359,  157,  659,  533,  221,  423,  197,  375,  283,  805,  432,  209,  392,  361,  266,  733,  762,  546,  602,  161,  144,   64,  732,  201,  313,  346,  261,  116,  602,  104,  652,  669,  435,  641,  416,  462,  277,  457,  595,  576,  543,  872,  345,  356,  145,  498,  678,  394,  514,   67,  257,  126,  770,   97,  750,  625,  396],
        [  229,    0,  847,  499,  721,  538,  739,  896,  584, 1045,  754,  452,  305,  450,  103,  943,  297,  997,  670,  576,  257,  421, 1018,  827,  547,  640,  356,  804,   75,  357,  153,  311,  340,    0,  146,  767,  746,  804,  985, 1113,  666,  763,  179,  821,  543,  806,  911,  270,  985,  185,  389,  210,  922,  715,  798,  550,  176,  609,  479,  656,  725,  187,  366,  144,  636,  217,  894,  706,  137,   90,  693,  589,  944, 1002,  629,  440,  300,  409,  320,  969,  218,  474,  683,  461,  449,  644,  410,  798,  867,   97,  907,  665,  481,  592,  590,  696,  445,  802,  898,  685,  611,  360,  617,  961,   81,  394,  291,  597,  360, 1066,  434,  710,  667,  236],
        [  346,    0,  833,  437,  582,  589,  608,  913,  579,  948,  726,  317,  289,  459,  141,  878,  379,  911,  650,  443,  139,  284,  913,  825,  602,  549,  211,  742,  208,  313,  165,  406,  202,  146,    0,  740,  736,  742,  879, 1007,  521,  772,   62,  704,  601,  743,  840,  384,  884,  330,  251,  350,  886,  573,  669,  482,  321,  472,  351,  669,  657,   78,  387,   40,  537,  215,  874,  603,   11,  216,  548,  444,  873,  918,  604,  516,  214,  297,  175,  886,  161,  408,  540,  378,  306,  638,  285,  752,  800,  236,  810,  529,  476,  469,  543,  666,  507,  707,  905,  546,  473,  218,  576,  857,  193,  448,  165,  458,  217,  956,  292,  741,  662,  294],
        [  681,    0,  116,  324,  715,  401,  636,  294,  204,  527,   15,  631,  464,  335,  665,  278,  570,  423,  101,  991,  629,  654,  560,  160,  417,  357,  751,  192,  739,  427,  616,  602,  667,  767,  740,    0,   93,  192,  547,  635,  855,  194,  794,  547,  432,  197,  283,  672,  505,  822,  658,  780,  160,  771,  645,  301,  816,  983,  587,  222,  220,  811,  420,  702,  401,  552,  138,  424,  737,  726,  831,  810,  310,  415,  139,  516,  538,  530,  726,  388,  580,  355,  781,  408,  712,  152,  582,  104,  243,  836,  442, 1031,  294,  550,  210,   74,  466,  388,  248,  709,  977,  811,  169,  523,  847,  462,  632,  691,  792,  631,  694,  302,  141,  562],
        [  635,    0,  102,  352,  779,  326,  706,  223,  164,  619,   94,  668,  450,  299,  647,  368,  522,  515,   97, 1025,  637,  686,  651,   97,  341,  421,  774,  283,  710,  428,  599,  549,  689,  746,  736,   93,    0,  283,  638,  727,  906,  104,  794,  627,  355,  287,  375,  621,  596,  781,  686,  736,  222,  832,  720,  342,  776, 1021,  627,  140,  299,  811,  385,  698,  465,  536,  154,  497,  732,  695,  887,  856,  401,  507,  144,  450,  546,  558,  745,  480,  576,  380,  838,  439,  746,  103,  613,  196,  335,  806,  532, 1071,  266,  606,  246,  115,  402,  473,  188,  770, 1015,  831,  203,  613,  825,  408,  646,  743,  813,  722,  727,  210,   81,  528],
        [  771,    0,  287,  307,  571,  554,  483,  479,  336,  341,  190,  554,  506,  436,  702,  140,  670,  245,  243,  906,  612,  584,  369,  346,  574,  237,  699,    0,  793,  448,  653,  708,  620,  804,  742,  192,  283,    0,  355,  447,  734,  386,  788,  370,  588,    5,  116,  771,  314,  897,  598,  864,  207,  633,  480,  260,  890,  889,  503,  396,   88,  803,  507,  709,  277,  592,  275,  272,  741,  783,  703,  703,  150,  240,  244,  651,  528,  477,  683,  209,  593,  335,  650,  368,  634,  307,  521,   92,   69,  886,  250,  931,  387,  433,  220,  195,  599,  206,  426,  572,  882,  760,  209,  331,  884,  578,  604,  574,  740,  440,  620,  488,  308,  637],
        [ 1024,    0,  633,  527,  438,  884,  348,  826,  666,  102,  544,  591,  736,  732,  894,  321,  942,  176,  588,  863,  741,  629,   35,  697,  905,  356,  751,  355,  999,  664,  852,  985,  698,  985,  879,  547,  638,  355,    0,  128,  632,  740,  905,  195,  917,  351,  286, 1035,   54, 1122,  657, 1103,  514,  501,  300,  477, 1114,  829,  543,  744,  361,  917,  782,  857,  351,  804,  608,  280,  883,  993,  585,  640,  278,  192,  576,  959,  686,  583,  755,  195,  770,  540,  537,  532,  651,  650,  599,  445,  311, 1079,  108,  852,  685,  425,  506,  542,  908,  199,  770,  462,  820,  804,  520,   27, 1058,  873,  716,  518,  786,   91,  648,  840,  656,  884],
        [ 1149,    0,  707,  651,  540,  993,  457,  899,  774,  110,  634,  715,  861,  849, 1022,  378, 1064,  219,  689,  970,  869,  753,   96,  775, 1013,  482,  874,  447, 1127,  790,  979, 1107,  824, 1113, 1007,  635,  727,  447,  128,    0,  733,  827, 1032,  313, 1027,  443,  356, 1159,  141, 1249,  781, 1229,  573,  600,  403,  599, 1241,  933,  668,  843,  470, 1043,  903,  985,  479,  930,  675,  408, 1010, 1121,  684,  749,  337,  231,  682, 1075,  814,  710,  880,  251,  897,  665,  639,  659,  771,  752,  725,  531,  392, 1207,  220,  952,  801,  549,  621,  641, 1024,  322,  840,  568,  924,  926,  631,  153, 1186,  991,  843,  632,  907,   65,  770,  934,  755, 1009],
        [  838,    0,  971,  566,  195,  942,  288, 1127,  808,  731,  843,  272,  625,  760,  630,  821,  826,  758,  812,  245,  445,  279,  665, 1001,  962,  504,  310,  734,  723,  578,  620,  865,  343,  666,  521,  855,  906,  734,  632,  733,    0,  990,  501,  445,  968,  733,  772,  871,  668,  849,  304,  864,  939,  134,  333,  566,  841,  203,  293,  920,  658,  501,  738,  528,  461,  621,  984,  468,  530,  728,   52,   78,  792,  772,  769,  930,  481,  387,  347,  752,  540,  544,   96,  484,  228,  842,  339,  801,  755,  754,  628,  220,  741,  306,  662,  795,  898,  569, 1093,  175,  193,  320,  704,  623,  703,  838,  408,  165,  313,  669,  248, 1022,  863,  735],
        [  624,    0,  146,  426,  871,  281,  801,  144,  198,  719,  197,  741,  484,  316,  669,  463,  510,  614,  182, 1093,  687,  756,  753,   84,  290,  516,  834,  386,  718,  476,  624,  530,  749,  763,  772,  194,  104,  386,  740,  827,  990,    0,  832,  729,  303,  390,  473,  603,  698,  774,  752,  724,  296,  922,  818,  425,  769, 1092,  704,  109,  401,  849,  398,  733,  559,  563,  202,  596,  767,  703,  973,  935,  498,  604,  222,  413,  598,  627,  802,  579,  615,  452,  926,  512,  817,  150,  682,  297,  436,  813,  635, 1145,  298,  694,  330,  214,  372,  575,  136,  860, 1087,  889,  289,  716,  839,  393,  701,  827,  872,  824,  797,  123,  127,  533],
        [  395,    0,  890,  486,  583,  650,  618,  973,  638,  978,  780,  327,  349,  519,  198,  922,  436,  947,  706,  398,  177,  291,  940,  883,  663,  586,  195,  788,  249,  368,  225,  461,  212,  179,   62,  794,  794,  788,  905, 1032,  501,  832,    0,  725,  662,  789,  883,  435,  914,  361,  259,  388,  938,  567,  679,  529,  353,  431,  367,  729,  702,   18,  448,  100,  570,  275,  929,  633,   69,  260,  534,  426,  914,  955,  660,  575,  262,  328,  168,  923,  218,  456,  531,  421,  301,  696,  307,  802,  843,  256,  842,  487,  535,  487,  594,  720,  567,  740,  964,  546,  433,  185,  629,  884,  203,  508,  192,  458,  189,  979,  290,  802,  720,  354],
        [  889,    0,  653,  412,  252,  810,  158,  840,  607,  289,  539,  403,  602,  639,  737,  409,  821,  317,  554,  671,  569,  441,  229,  706,  832,  242,  562,  370,  843,  530,  698,  864,  515,  821,  704,  547,  627,  370,  195,  313,  445,  729,  725,    0,  843,  367,  361,  905,  224,  971,  471,  959,  570,  317,  124,  370,  962,  638,  359,  704,  329,  735,  670,  686,  215,  658,  645,  148,  709,  840,  400,  448,  371,  332,  528,  863,  526,  413,  569,  315,  612,  416,  350,  390,  459,  609,  420,  458,  361,  916,  188,  664,  597,  239,  433,  516,  815,  165,  791,  272,  629,  613,  461,  181,  890,  770,  540,  324,  595,  256,  457,  808,  621,  751],
        [  354,    0,  441,  443,  906,   34,  862,  397,  254,  925,  424,  697,  352,  215,  469,  704,  250,  832,  347, 1002,  567,  696,  939,  386,   15,  603,  732,  588,  482,  391,  437,  254,  657,  543,  601,  432,  355,  588,  917, 1027,  968,  303,  662,  843,    0,  592,  698,  324,  887,  503,  679,  448,  576,  940,  899,  476,  500, 1015,  678,  215,  558,  678,  235,  565,  635,  394,  497,  696,  593,  465,  967,  899,  729,  827,  345,  120,  498,  581,  692,  796,  471,  451,  930,  502,  756,  285,  630,  521,  652,  567,  812, 1073,  250,  720,  415,  396,   99,  724,  422,  883, 1013,  775,  398,  891,  607,  154,  594,  824,  762, 1007,  734,  199,  291,  312],
        [  774,    0,  291,  309,  569,  558,  481,  482,  340,  337,  194,  554,  509,  439,  704,  138,  673,  241,  247,  906,  613,  585,  365,  350,  578,  237,  699,    5,  796,  450,  655,  712,  621,  806,  743,  197,  287,    5,  351,  443,  733,  390,  789,  367,  592,    0,  113,  774,  310,  900,  598,  867,  209,  631,  478,  262,  892,  888,  503,  400,   89,  804,  510,  710,  276,  594,  278,  270,  743,  785,  701,  702,  146,  237,  248,  655,  530,  478,  684,  205,  595,  337,  649,  369,  634,  311,  522,   96,   65,  888,  246,  930,  390,  432,  223,  199,  603,  203,  430,  571,  881,  760,  212,  327,  886,  581,  605,  573,  740,  436,  620,  492,  312,  640],
        [  886,    0,  353,  412,  593,  665,  499,  545,  448,  247,  285,  625,  617,  551,  809,   49,  785,  141,  351,  965,  707,  658,  291,  420,  684,  307,  778,  116,  903,  556,  761,  824,  704,  911,  840,  283,  375,  116,  286,  356,  772,  473,  883,  361,  698,  113,    0,  886,  237, 1010,  676,  978,  228,  658,  482,  362, 1002,  942,  573,  499,  186,  897,  622,  809,  338,  701,  323,  307,  841,  893,  735,  752,   35,  132,  358,  765,  627,  563,  767,  106,  697,  438,  682,  463,  702,  415,  602,  181,   48,  995,  195,  980,  502,  484,  334,  303,  713,  206,  488,  602,  934,  838,  324,  266,  990,  693,  694,  620,  818,  361,  691,  584,  413,  751],
        [   41,    0,  720,  508,  876,  333,  866,  716,  468, 1072,  660,  615,  304,  341,  248,  907,  103, 1000,  572,  826,  427,  597, 1064,  680,  333,  681,  576,  771,  196,  376,  252,   74,  529,  270,  384,  672,  621,  771, 1035, 1159,  871,  603,  435,  905,  324,  774,  886,    0, 1020,  180,  569,  124,  831,  888,  918,  560,  178,  853,  622,  498,  710,  447,  265,  360,  695,  261,  774,  767,  374,  181,  887,  794,  920, 1000,  545,  206,  408,  528,  535,  967,  334,  496,  865,  516,  644,  525,  555,  734,  839,  259,  940,  911,  388,  711,  554,  612,  235,  837,  733,  844,  853,  598,  563, 1009,  311,  214,  464,  764,  593, 1123,  624,  518,  542,  155],
        [ 1011,    0,  586,  513,  474,  854,  381,  780,  635,   67,  503,  606,  725,  709,  891,  269,  925,  122,  552,  894,  746,  644,   56,  652,  874,  348,  767,  314,  994,  654,  847,  967,  710,  985,  884,  505,  596,  314,   54,  141,  668,  698,  914,  224,  887,  310,  237, 1020,    0, 1115,  670, 1093,  463,  538,  339,  461, 1107,  861,  557,  707,  330,  926,  763,  860,  350,  796,  559,  282,  887,  988,  622,  671,  226,  138,  544,  935,  686,  588,  769,  142,  768,  529,  572,  526,  670,  615,  609,  402,  266, 1077,   81,  887,  661,  441,  481,  505,  884,  185,  723,  495,  852,  822,  491,   48, 1059,  851,  723,  545,  803,  127,  666,  801,  619,  872],
        [  152,    0,  882,  608,  894,  510,  904,  891,  622, 1172,  810,  625,  395,  488,  238, 1036,  265, 1112,  722,  756,  426,  597, 1153,  848,  511,  768,  540,  897,  132,  463,  273,  250,  518,  185,  330,  822,  781,  897, 1122, 1249,  849,  774,  361,  971,  503,  900, 1010,  180, 1115,    0,  565,   58,  982,  894,  961,  660,    9,  791,  646,  667,  826,  367,  403,  323,  772,  319,  934,  844,  320,  133,  875,  772, 1044, 1114,  688,  385,  446,  565,  503, 1080,  361,  588,  863,  591,  630,  682,  576,  873,  963,  115, 1035,  846,  530,  753,  677,  757,  411,  930,  906,  860,  793,  544,  694, 1097,  177,  381,  463,  773,  544, 1207,  614,  694,  701,  262],
        [  538,    0,  768,  336,  333,  656,  360,  895,  557,  736,  644,   69,  330,  481,  335,  720,  523,  718,  590,  341,  144,   34,  691,  782,  675,  370,  103,  598,  435,  294,  319,  562,   49,  389,  251,  658,  686,  598,  657,  781,  304,  752,  259,  471,  679,  598,  676,  569,  670,  565,    0,  572,  779,  329,  421,  359,  556,  344,  114,  667,  511,  267,  446,  245,  342,  318,  795,  395,  258,  438,  318,  228,  705,  728,  543,  631,  183,  129,   99,  698,  237,  306,  300,  250,   78,  603,   78,  636,  643,  483,  603,  399,  472,  233,  448,  588,  603,  508,  872,  297,  340,  163,  491,  637,  443,  541,  106,  209,  143,  726,   57,  761,  627,  432],
        [  101,    0,  836,  582,  897,  456,  900,  839,  579, 1149,  768,  628,  369,  446,  238, 1002,  215, 1084,  680,  785,  430,  604, 1134,  799,  457,  747,  557,  864,  143,  440,  265,  197,  527,  210,  350,  780,  736,  864, 1103, 1229,  864,  724,  388,  959,  448,  867,  978,  124, 1093,   58,  572,    0,  940,  900,  956,  635,   58,  818,  645,  617,  796,  396,  363,  337,  755,  301,  889,  827,  340,  136,  887,  787, 1012, 1086,  649,  330,  438,  559,  518, 1052,  355,  565,  872,  573,  641,  637,  575,  836,  931,  160, 1013,  874,  490,  747,  644,  717,  358,  908,  855,  863,  819,  567,  658, 1077,  220,  331,  468,  778,  566, 1189,  623,  641,  656,  227],
        [  841,    0,  152,  456,  778,  548,  689,  330,  363,  465,  172,  743,  618,  495,  820,  197,  729,  356,  261, 1101,  768,  770,  517,  222,  562,  436,  877,  207,  897,  576,  770,  760,  794,  922,  886,  160,  222,  207,  514,  573,  939,  296,  938,  570,  576,  209,  228,  831,  463,  982,  779,  940,    0,  839,  684,  422,  976, 1086,  694,  361,  282,  955,  579,  850,  479,  706,  105,  478,  884,  884,  908,  904,  239,  343,  296,  669,  678,  652,  856,  326,  729,  487,  856,  534,  824,  307,  702,  144,  212,  993,  421, 1131,  453,  635,  345,  228,  620,  405,  271,  778, 1079,  938,  311,  494, 1003,  620,  767,  777,  918,  586,  808,  418,  293,  721],
        [  860,    0,  887,  512,   66,  911,  162, 1054,  753,  600,  760,  274,  615,  726,  662,  707,  830,  633,  741,  375,  471,  297,  532,  924,  932,  415,  373,  633,  763,  556,  642,  871,  376,  715,  573,  771,  832,  633,  501,  600,  134,  922,  567,  317,  940,  631,  658,  888,  538,  894,  329,  900,  839,    0,  201,  500,  885,  335,  271,  864,  563,  571,  720,  572,  370,  629,  893,  361,  582,  766,   85,  166,  675,  647,  701,  918,  482,  370,  401,  629,  555,  495,   43,  440,  268,  779,  334,  706,  646,  808,  503,  353,  700,  229,  593,  718,  881,  452, 1015,   63,  326,  402,  634,  492,  764,  823,  433,  125,  389,  536,  282,  969,  798,  742],
