{
    "name": "random-75-20009",
    "comment": "size=75 seed=20009",
    "nodes": ["+0", "-0", "+1", "-1", "+2", "-2", "+3", "-3", "+4", "-4", "+5", "-5", "+6", "-6", "+7", "-7", "+8", "-8", "+9", "-9", "+10", "-10", "+11", "-11", "+12", "-12", "+13", "-13", "+14", "-14", "+15", "-15", "+16", "-16", "+17", "-17", "+18", "-18", "+19", "-19", "+20", "-20", "+21", "-21", "+22", "-22", "+23", "-23", "+24", "-24", "+25", "-25", "+26", "-26", "+27", "-27", "+28", "-28", "+29", "-29", "+30", "-30", "+31", "-31", "+32", "-32", "+33", "-33", "+34", "-34", "+35", "-35", "+36", "-36", "+37", "-37", "+38", "-38", "+39", "-39", "+40", "-40", "+41", "-41", "+42", "-42", "+43", "-43", "+44", "-44", "+45", "-45", "+46", "-46", "+47", "-47", "+48", "-48", "+49", "-49", "+50", "-50", "+51", "-51", "+52", "-52", "+53", "-53", "+54", "-54", "+55", "-55", "+56", "-56", "+57", "-57", "+58", "-58", "+59", "-59", "+60", "-60", "+61", "-61", "+62", "-62", "+63", "-63", "+64", "-64", "+65", "-65", "+66", "-66", "+67", "-67", "+68", "-68", "+69", "-69", "+70", "-70", "+71", "-71", "+72", "-72", "+73", "-73", "+74", "-74", "+75", "-75"],
    "precedence": {
        "+0": "-0",
        "+1": "-1",
        "+2": "-2",
        "+3": "-3",
        "+4": "-4",
        "+5": "-5",
        "+6": "-6",
        "+7": "-7",
        "+8": "-8",
        "+9": "-9",
        "+10": "-10",
        "+11": "-11",
        "+12": "-12",
        "+13": "-13",
        "+14": "-14",
        "+15": "-15",
        "+16": "-16",
        "+17": "-17",
        "+18": "-18",
        "+19": "-19",
        "+20": "-20",
        "+21": "-21",
        "+22": "-22",
        "+23": "-23",
        "+24": "-24",
        "+25": "-25",
        "+26": "-26",
        "+27": "-27",
        "+28": "-28",
        "+29": "-29",
        "+30": "-30",
        "+31": "-31",
        "+32": "-32",
        "+33": "-33",
        "+34": "-34",
        "+35": "-35",
        "+36": "-36",
        "+37": "-37",
        "+38": "-38",
        "+39": "-39",
        "+40": "-40",
        "+41": "-41",
        "+42": "-42",
        "+43": "-43",
        "+44": "-44",
        "+45": "-45",
        "+46": "-46",
        "+47": "-47",
        "+48": "-48",
        "+49": "-49",
        "+50": "-50",
        "+51": "-51",
        "+52": "-52",
        "+53": "-53",
        "+54": "-54",
        "+55": "-55",
        "+56": "-56",
        "+57": "-57",
        "+58": "-58",
        "+59": "-59",
        "+60": "-60",
        "+61": "-61",
        "+62": "-62",
        "+63": "-63",
        "+64": "-64",
        "+65": "-65",
        "+66": "-66",
        "+67": "-67",
        "+68": "-68",
        "+69": "-69",
        "+70": "-70",
        "+71": "-71",
        "+72": "-72",
        "+73": "-73",
        "+74": "-74",
        "+75": "-75"
    },
    "edges": [
        [    0,    0,   98,  344,  798,  815,  698,  364,  132,  540,  893,  781,  911,  844,  392,  337,  587,  137,  179,  608,  445,  357,  191,  360,  587,  726,  331,  740,   47,  470,  816,  594,  800,  668, 1167,  228,  783,  232,  743,  908,  962,  949, 1099, 1161,  328,  382,  839,  791,  827, 1111,  126,   91,  469,  267,   29,  811,  410, 1163,  205,  460,  798,  933,  978,  829,  777,  144,  918,  583, 1082,  499,  564,  276,  717,  915,  763,  950,  729,  561,  587,  981,  735,  948,  666,  533,  451,  282,  860,  250,  401,  648,  825,  875,  626,  366,  278,  974,  380,  357, 1020, 1048,  681,  570,  783,  532,  197,  795,  942,  639,  481,  524,  781,  689,  731,  698,  269,  784,  283,  987,  864,  436,  208,  395,  710,  689,  813,  324,  868,  980,  619,  495, 1026,  400,  243,  723,  591,  943,  427,  723,  633,  980,  716,  590,   29,  432,  428,  793,  649, 1108,  365,  361,  145,  793],
        [    0,    0,    0,    0,    0,    0,    0,    0,    0,    0,    0,    0,    0,    0,    0,    0,    0,    0,    0,    0,    0,    0,    0,    0,    0,    0,    0,    0,    0,    0,    0,    0,    0,    0,    0,    0,    0,    0,    0,    0,    0,    0,    0,    0,    0,    0,    0,    0,    0,    0,    0,    0,    0,    0,    0,    0,    0,    0,    0,    0,    0,    0,    0,    0,    0,    0,    0,    0,    0,    0,    0,    0,    0,    0,    0,    0,    0,    0,    0,    0,    0,    0,    0,    0,    0,    0,    0,    0,    0,    0,    0,    0,    0,    0,    0,    0,    0,    0,    0,    0,    0,    0,    0,    0,    0,    0,    0,    0,    0,    0,    0,    0,    0,    0,    0,    0,    0,    0,    0,    0,    0,    0,    0,    0,    0,    0,    0,    0,    0,    0,    0,    0,    0,    0,    0,    0,    0,    0,    0,    0,    0,    0,    0,    0,    0,    0,    0,    0,    0,    0,    0,    0],
        [   98,    0,    0,  370,  757,  749,  643,  339,   35,  478,  848,  759,  866,  790,  337,  266,  559,  121,  271,  513,  353,  261,  279,  327,  493,  648,  250,  689,  144,  385,  791,  533,  712,  599, 1080,  318,  697,  221,  649,  848,  880,  883, 1010, 1074,  273,  310,  761,  708,  732, 1026,  123,  174,  374,  344,   77,  795,  315, 1079,  118,  367,  708,  870,  953,  774,  707,  193,  851,  490,  997,  434,  542,  184,  655,  881,  694,  937,  639,  466,  522,  902,  656,  862,  625,  522,  377,  240,  828,  246,  387,  633,  728,  853,  541,  350,  343,  896,  363,  388,  944,  958,  638,  503,  688,  435,  120,  759,  906,  551,  384,  471,  685,  651,  652,  621,  272,  713,  197,  913,  777,  340,  153,  309,  625,  592,  767,  237,  798,  955,  563,  412,  950,  304,  196,  645,  499,  855,  408,  632,  537,  920,  624,  493,  123,  366,  403,  729,  557, 1021,  283,  278,  231,  734],
        [  344,    0,  370,    0,  557,  670,  524,  189,  383,  424,  664,  492,  678,  646,  310,  347,  333,  253,  296,  788,  514,  504,  267,  212,  652,  651,  602,  544,  332,  486,  532,  462,  784,  560, 1117,  288,  755,  172,  801,  729,  883,  790, 1059, 1111,  286,  373,  748,  734,  885, 1043,  248,  277,  654,  214,  330,  507,  526, 1087,  474,  544,  793,  764,  685,  634,  657,  202,  765,  648, 1021,  411,  297,  418,  567,  650,  640,  633,  740,  633,  473,  891,  666,  900,  443,  240,  417,  238,  589,  146,  164,  352,  931,  579,  609,  157,  160,  876,  164,   26,  910, 1031,  459,  468,  833,  660,  333,  541,  680,  649,  619,  379,  931,  450,  658,  620,  115,  668,  543,  864,  830,  573,  280,  649,  680,  839,  590,  413,  739,  688,  458,  496,  911,  541,  255,  651,  801,  907,  192,  741,  800,  797,  740,  733,  327,  373,  214,  642,  681, 1056,  633,  625,  265,  622],
        [  798,    0,  757,  557,    0,  248,  168,  437,  743,  315,  108,  153,  121,  133,  426,  515,  225,  662,  833,  848,  573,  668,  808,  439,  604,  373,  867,  115,  813,  499,  133,  272,  534,  297,  718,  838,  499,  571,  664,  220,  492,  298,  688,  714,  488,  483,  386,  439,  716,  633,  673,  777,  776,  770,  772,  208,  635,  659,  794,  597,  558,  263,  238,  134,  290,  699,  288,  602,  624,  363,  261,  647,  214,  133,  279,  306,  557,  607,  299,  479,  388,  553,  133,  322,  438,  520,  104,  558,  414,  235,  824,  188,  462,  443,  716,  454,  430,  569,  463,  699,  120,  322,  671,  699,  646,   40,  152,  515,  696,  297,  896,  111,  379,  360,  552,  301,  818,  407,  530,  676,  605,  872,  462,  835,   55,  590,  312,  240,  224,  476,  456,  670,  563,  378,  903,  577,  385,  567,  836,  270,  578,  759,  797,  420,  376,  224,  564,  667,  881,  873,  791,  178],
        [  815,    0,  749,  670,  248,    0,  151,  500,  725,  277,  228,  396,  243,  133,  425,  484,  369,  684,  900,  684,  465,  581,  881,  488,  437,  163,  785,  158,  843,  397,  380,  224,  301,  154,  484,  917,  268,  618,  452,  119,  249,  135,  446,  479,  488,  440,  140,  204,  489,  401,  700,  822,  648,  867,  787,  454,  531,  435,  748,  479,  326,  126,  458,  123,   62,  754,  103,  436,  387,  316,  409,  594,  105,  340,   65,  548,  343,  449,  229,  243,  172,  306,  259,  475,  375,  541,  342,  616,  507,  435,  607,  433,  290,  522,  817,  221,  512,  689,  245,  453,  246,  247,  450,  550,  630,  287,  339,  333,  563,  303,  694,  277,  167,  169,  623,   67,  748,  195,  286,  559,  608,  771,  254,  649,  197,  532,   73,  458,  214,  368,  243,  566,  574,  169,  749,  330,  479,  356,  665,  181,  369,  594,  823,  385,  458,   31,  376,  429,  791,  782,  852,   72],
        [  698,    0,  643,  524,  168,  151,    0,  361,  623,  169,  219,  287,  238,  148,  308,  384,  219,  563,  766,  681,  414,  517,  745,  353,  436,  217,  720,   57,  721,  340,  284,  117,  384,  130,  629,  780,  348,  487,  501,  213,  391,  268,  585,  624,  372,  345,  264,  294,  558,  548,  578,  694,  615,  725,  670,  347,  479,  584,  661,  436,  406,  244,  406,  132,  159,  622,  242,  434,  532,  218,  258,  509,   61,  296,  144,  467,  395,  440,  139,  389,  234,  435,  115,  324,  289,  418,  271,  482,  362,  294,  662,  349,  295,  380,  674,  369,  369,  541,  396,  581,  106,  163,  511,  534,  525,  197,  309,  348,  533,  174,  729,  142,  225,  200,  485,  172,  675,  345,  394,  517,  494,  719,  302,  667,  145,  448,  223,  407,   80,  315,  394,  514,  456,  221,  737,  453,  333,  405,  669,  285,  415,  592,  703,  283,  314,  121,  397,  572,  732,  723,  720,  100],
        [  364,    0,  339,  189,  437,  500,  361,    0,  333,  238,  536,  421,  553,  498,  125,  186,  223,  230,  406,  640,  347,  367,  385,   27,  475,  464,  516,  393,  377,  307,  454,  281,  595,  377,  931,  420,  567,  135,  618,  573,  699,  627,  872,  925,  123,  199,  565,  547,  701,  859,  239,  341,  516,  368,  339,  457,  373,  905,  407,  378,  604,  605,  616,  484,  478,  265,  599,  471,  836,  223,  203,  297,  396,  552,  462,  600,  553,  458,  289,  709,  479,  713,  307,  189,  232,  108,  496,  123,   60,  295,  755,  515,  421,   36,  320,  696,   38,  213,  733,  843,  322,  282,  649,  500,  247,  432,  579,  462,  465,  198,  766,  326,  471,  434,  124,  489,  457,  690,  642,  423,  193,  547,  491,  678,  457,  269,  564,  619,  287,  313,  735,  396,  150,  464,  664,  719,   72,  554,  646,  644,  554,  573,  362,  186,   65,  473,  497,  870,  541,  532,  361,  460],
        [  132,    0,   35,  383,  743,  725,  623,  333,    0,  457,  831,  751,  849,  770,  319,  242,  550,  130,  304,  480,  320,  226,  311,  320,  459,  620,  226,  671,  179,  355,  782,  511,  679,  573, 1048,  350,  665,  224,  614,  826,  850,  859,  978, 1042,  256,  285,  733,  678,  697,  995,  137,  206,  340,  373,  111,  789,  281, 1048,   94,  333,  675,  847,  943,  754,  681,  217,  827,  455,  966,  411,  535,  151,  632,  868,  669,  932,  605,  432,  499,  872,  627,  831,  611,  519,  352,  230,  817,  251,  384,  628,  693,  845,  510,  348,  368,  868,  360,  402,  915,  925,  624,  479,  654,  400,   99,  746,  892,  518,  349,  453,  651,  638,  624,  593,  279,  687,  170,  886,  745,  305,  142,  282,  594,  558,  750,  206,  772,  946,  544,  382,  922,  269,  186,  616,  468,  823,  404,  599,  503,  897,  591,  458,  157,  343,  396,  705,  524,  989,  259,  253,  263,  712],
        [  540,    0,  478,  424,  315,  277,  169,  238,  457,    0,  385,  387,  404,  316,  149,  216,  223,  408,  627,  551,  261,  354,  609,  222,  323,  228,  554,  222,  567,  188,  400,   55,  371,  140,  693,  647,  340,  344,  433,  371,  462,  410,  636,  688,  212,  176,  327,  312,  507,  621,  424,  546,  465,  603,  511,  443,  321,  667,  492,  288,  385,  394,  546,  300,  245,  480,  379,  320,  599,   49,  246,  340,  178,  448,  230,  581,  346,  318,   52,  472,  243,  477,  199,  294,  123,  265,  409,  346,  264,  328,  587,  469,  215,  267,  557,  459,  260,  446,  499,  611,  205,   46,  455,  399,  359,  332,  465,  267,  388,   55,  630,  235,  235,  197,  356,  255,  507,  458,  410,  364,  333,  557,  268,  556,  307,  280,  335,  548,   94,  170,  501,  356,  298,  228,  599,  485,  242,  351,  545,  442,  355,  466,  547,  115,  216,  253,  312,  633,  567,  559,  578,  256],
        [  893,    0,  848,  664,  108,  228,  219,  536,  831,  385,    0,  236,   19,   97,  512,  596,  331,  757,  937,  888,  631,  736,  912,  536,  639,  381,  938,  164,  911,  558,  203,  335,  528,  329,  656,  943,  495,  670,  675,  151,  445,  227,  635,  653,  576,  560,  363,  431,  716,  571,  769,  877,  831,  876,  867,  279,  697,  589,  875,  653,  554,  191,  233,  110,  284,  800,  228,  638,  567,  434,  368,  725,  242,  118,  279,  337,  566,  647,  357,  426,  393,  516,  230,  429,  507,  613,  141,  659,  518,  340,  832,  232,  492,  545,  822,  399,  532,  676,  398,  658,  214,  381,  676,  744,  733,  133,  112,  542,  747,  379,  915,  215,  387,  378,  654,  292,  892,  343,  510,  734,  696,  937,  474,  863,   82,  665,  273,  233,  293,  532,  388,  732,  655,  387,  948,  544,  488,  578,  873,  180,  591,  797,  894,  497,  477,  215,  588,  610,  950,  941,  894,  173],
        [  781,    0,  759,  492,  153,  396,  287,  421,  751,  387,  236,    0,  241,  285,  454,  549,  202,  650,  784,  937,  644,  722,  756,  432,  703,  504,  908,  247,  788,  573,   43,  360,  669,  415,  870,  780,  634,  550,  785,  370,  643,  449,  840,  866,  506,  527,  533,  577,  844,  785,  658,  744,  848,  704,  758,   61,  700,  811,  817,  672,  692,  413,  197,  286,  432,  663,  440,  700,  776,  428,  219,  682,  344,  169,  419,  195,  681,  701,  389,  631,  520,  702,  192,  256,  499,  522,  110,  532,  381,  140,  945,   94,  572,  416,  649,  606,  402,  498,  616,  849,  192,  409,  797,  785,  659,  114,  201,  627,  773,  349, 1006,  156,  511,  486,  518,  443,  854,  560,  673,  746,  610,  924,  588,  937,  207,  633,  463,  200,  311,  556,  608,  733,  566,  508,  984,  724,  355,  691,  930,  414,  700,  851,  775,  469,  357,  371,  675,  819,  927,  918,  748,  326],
        [  911,    0,  866,  678,  121,  243,  238,  553,  849,  404,   19,  241,    0,  113,  531,  614,  346,  775,  953,  906,  650,  755,  928,  553,  657,  398,  957,  183,  928,  577,  206,  354,  543,  347,  662,  958,  510,  687,  692,  159,  454,  233,  643,  659,  594,  578,  376,  446,  731,  577,  787,  894,  849,  891,  884,  281,  716,  594,  894,  672,  569,  197,  222,  127,  300,  817,  236,  656,  574,  453,  382,  743,  260,  110,  296,  331,  582,  665,  376,  434,  410,  527,  246,  442,  526,  631,  141,  675,  533,  350,  848,  230,  510,  562,  837,  407,  548,  690,  404,  667,  231,  400,  692,  763,  751,  143,   99,  559,  766,  397,  932,  230,  403,  395,  671,  308,  911,  349,  523,  752,  714,  956,  491,  881,  100,  684,  285,  222,  311,  551,  394,  751,  673,  404,  966,  555,  504,  595,  890,  181,  607,  816,  911,  516,  493,  231,  606,  617,  969,  960,  910,  190],
        [  844,    0,  790,  646,  133,  133,  148,  498,  770,  316,   97,  285,  113,    0,  454,  531,  318,  708,  903,  796,  549,  658,  881,  493,  547,  286,  862,  106,  865,  476,  261,  262,  433,  239,  586,  914,  399,  628,  579,   91,  364,  167,  559,  582,  519,  491,  270,  335,  620,  501,  722,  836,  744,  854,  816,  338,  615,  526,  807,  568,  458,  133,  325,   17,  188,  762,  156,  546,  493,  363,  357,  654,  154,  208,  183,  420,  470,  556,  280,  349,  297,  430,  203,  423,  433,  562,  214,  620,  490,  356,  736,  307,  400,  513,  801,  323,  500,  661,  331,  574,  187,  303,  580,  654,  672,  171,  207,  448,  660,  320,  819,  204,  291,  283,  620,  196,  819,  275,  418,  649,  640,  857,  378,  769,   78,  593,  186,  326,  227,  450,  324,  651,  602,  291,  857,  456,  460,  482,  780,  153,  495,  706,  847,  430,  444,  119,  494,  536,  872,  863,  858,   78],
        [  392,    0,  337,  310,  426,  425,  308,  125,  319,  149,  512,  454,  531,  454,    0,   95,  256,  259,  480,  531,  230,  276,  464,  100,  352,  360,  454,  353,  418,  184,  479,  202,  478,  285,  824,  503,  451,  200,  494,  516,  599,  558,  763,  818,   65,   84,  467,  438,  577,  756,  275,  398,  416,  466,  364,  501,  268,  805,  369,  262,  485,  542,  637,  439,  392,  334,  528,  348,  732,  116,  255,  229,  325,  554,  377,  645,  431,  335,  199,  613,  373,  604,  295,  271,  108,  116,  506,  205,  175,  353,  632,  546,  300,  160,  424,  602,  160,  334,  644,  728,  307,  184,  525,  385,  221,  432,  576,  339,  355,  135,  648,  325,  366,  329,  222,  401,  400,  605,  529,  317,  187,  472,  375,  561,  431,  181,  482,  640,  228,  189,  647,  295,  150,  358,  562,  607,  169,  432,  534,  588,  431,  458,  399,   63,  144,  402,  373,  763,  474,  465,  432,  401],
        [  337,    0,  266,  347,  515,  484,  384,  186,  242,  216,  596,  549,  614,  531,   95,    0,  350,  217,  455,  454,  168,  185,  444,  161,  309,  390,  360,  433,  370,  151,  573,  270,  480,  334,  841,  486,  458,  197,  463,  585,  627,  618,  775,  835,   64,   46,  503,  458,  548,  780,  235,  362,  331,  464,  308,  596,  187,  831,  280,  198,  482,  606,  731,  514,  442,  313,  586,  305,  752,  170,  348,  135,  391,  644,  429,  740,  419,  288,  258,  646,  400,  620,  385,  358,  115,  112,  598,  214,  245,  446,  585,  640,  300,  219,  431,  638,  224,  372,  684,  732,  396,  238,  498,  316,  146,  523,  666,  326,  279,  218,  586,  416,  395,  361,  240,  449,  306,  651,  539,  237,  133,  378,  382,  496,  516,   88,  533,  733,  305,  170,  689,  210,  116,  387,  479,  618,  248,  417,  461,  656,  413,  390,  349,  102,  227,  464,  348,  780,  379,  370,  405,  470],
        [  587,    0,  559,  333,  225,  369,  219,  223,  550,  223,  331,  202,  346,  318,  256,  350,    0,  453,  610,  763,  462,  529,  584,  232,  545,  409,  708,  221,  598,  396,  232,  221,  572,  309,  847,  613,  537,  356,  654,  405,  609,  473,  801,  842,  305,  333,  478,  494,  725,  766,  462,  558,  662,  546,  562,  246,  513,  803,  615,  492,  590,  443,  394,  308,  375,  478,  451,  542,  750,  254,   41,  483,  276,  331,  359,  391,  561,  538,  247,  608,  426,  647,  116,  108,  316,  321,  274,  341,  192,  106,  809,  296,  435,  224,  492,  588,  210,  346,  613,  791,  131,  260,  674,  612,  457,  213,  358,  488,  592,  174,  853,  118,  418,  384,  331,  387,  653,  562,  596,  560,  408,  727,  475,  776,  258,  436,  441,  397,  186,  385,  611,  544,  365,  412,  804,  662,  163,  567,  760,  470,  573,  682,  583,  280,  159,  339,  534,  789,  729,  720,  569,  309],
        [  137,    0,  121,  253,  662,  684,  563,  230,  130,  408,  757,  650,  775,  708,  259,  217,  453,    0,  241,  575,  354,  296,  234,  224,  501,  604,  352,  604,  160,  362,  684,  461,  694,  540, 1057,  276,  674,  103,  659,  774,  843,  817,  990, 1051,  196,  262,  716,  674,  745,  996,   19,  146,  435,  273,  111,  683,  337, 1047,  222,  376,  695,  800,  845,  693,  649,  109,  786,  497,  969,  370,  432,  204,  584,  780,  634,  823,  629,  476,  456,  860,  615,  836,  530,  406,  329,  146,  725,  127,  272,  520,  761,  744,  515,  236,  256,  852,  250,  272,  896,  945,  544,  440,  697,  471,  107,  659,  806,  537,  422,  389,  736,  553,  610,  575,  152,  657,  294,  860,  754,  375,   85,  404,  598,  642,  676,  231,  739,  848,  484,  385,  901,  338,  110,  602,  574,  834,  296,  625,  594,  846,  620,  537,  140,  304,  294,  661,  554,  996,  384,  377,  192,  659],
        [  179,    0,  271,  296,  833,  900,  766,  406,  304,  627,  937,  784,  953,  903,  480,  455,  610,  241,    0,  784,  592,  521,   32,  413,  739,  837,  508,  798,  134,  602,  823,  677,  933,  764, 1295,   50,  912,  283,  897,  978, 1076, 1030, 1229, 1288,  423,  498,  946,  910,  983, 1231,  222,  101,  644,  119,  194,  802,  569, 1281,  383,  612,  935, 1009,  979,  890,  871,  147, 1001,  735, 1205,  595,  578,  433,  797,  936,  856,  928,  869,  714,  677, 1092,  848, 1073,  709,  529,  564,  365,  877,  285,  420,  644,  991,  873,  754,  392,  159, 1081,  405,  296, 1123, 1185,  724,  664,  936,  698,  340,  822,  966,  777,  647,  597,  954,  723,  842,  807,  284,  880,  462, 1084,  993,  601,  324,  573,  836,  861,  859,  469,  961,  982,  690,  624, 1127,  565,  341,  835,  769, 1072,  449,  865,  807, 1050,  860,  759,  151,  534,  461,  874,  793, 1234,  543,  539,   50,  865],
        [  608,    0,  513,  788,  848,  684,  681,  640,  480,  551,  888,  937,  906,  796,  531,  454,  763,  575,  784,    0,  303,  286,  790,  614,  250,  522,  311,  737,  655,  368,  949,  581,  448,  560,  761,  830,  462,  620,  290,  802,  654,  789,  687,  755,  518,  447,  600,  516,  335,  743,  591,  685,  142,  845,  590,  993,  267,  797,  407,  272,  427,  798, 1086,  781,  623,  682,  759,  251,  711,  512,  774,  376,  647,  977,  621, 1131,  369,  242,  553,  687,  516,  592,  748,  800,  448,  554,  949,  644,  698,  867,  261, 1017,  397,  673,  830,  698,  678,  813,  749,  613,  751,  531,  322,  152,  471,  873,  988,  352,  176,  593,  179,  784,  520,  517,  675,  620,  335,  750,  515,  218,  515,  246,  437,   98,  823,  377,  686, 1087,  631,  382,  762,  248,  534,  517,   74,  568,  698,  356,   35,  856,  341,   91,  635,  488,  674,  684,  312,  714,  285,  283,  742,  719],
        [  445,    0,  353,  514,  573,  465,  414,  347,  320,  261,  631,  644,  650,  549,  230,  168,  462,  354,  592,  303,    0,  120,  587,  320,  148,  326,  322,  470,  486,   75,  660,  301,  360,  315,  729,  629,  348,  360,  306,  580,  541,  592,  658,  722,  230,  149,  435,  370,  392,  679,  372,  493,  205,  619,  418,  698,   67,  733,  307,   32,  355,  589,  806,  532,  409,  460,  559,  144,  649,  216,  472,  170,  396,  705,  401,  839,  286,  124,  276,  566,  330,  514,  459,  498,  147,  278,  669,  379,  403,  566,  419,  729,  200,  381,  591,  565,  384,  539,  615,  605,  465,  252,  344,  155,  254,  592,  721,  199,  130,  295,  420,  495,  328,  306,  406,  412,  289,  594,  428,  104,  273,  309,  281,  332,  558,  124,  494,  808,  350,  100,  624,  103,  273,  322,  342,  504,  399,  279,  304,  645,  272,  229,  464,  185,  374,  453,  205,  670,  327,  318,  544,  476],
        [  357,    0,  261,  504,  668,  581,  517,  367,  226,  354,  736,  722,  755,  658,  276,  185,  529,  296,  521,  286,  120,    0,  521,  343,  238,  446,  206,  572,  402,  184,  743,  401,  471,  429,  838,  563,  462,  335,  390,  694,  658,  710,  766,  832,  245,  196,  555,  488,  472,  792,  313,  420,  151,  568,  333,  772,   60,  847,  193,  119,  463,  706,  896,  641,  527,  404,  677,  235,  762,  306,  530,   92,  506,  801,  518,  916,  392,  211,  379,  684,  449,  627,  547,  543,  231,  273,  760,  359,  427,  628,  471,  811,  319,  398,  549,  684,  405,  528,  734,  708,  555,  356,  430,  178,  189,  683,  819,  313,  128,  377,  441,  581,  448,  424,  390,  530,  170,  714,  540,   81,  231,  204,  398,  347,  659,   99,  612,  898,  447,  213,  743,   44,  250,  441,  299,  615,  432,  384,  301,  761,  374,  242,  380,  254,  411,  568,  309,  781,  215,  206,  475,  587],
        [  191,    0,  279,  267,  808,  881,  745,  385,  311,  609,  912,  756,  928,  881,  464,  444,  584,  234,   32,  790,  587,  521,    0,  393,  735,  822,  521,  776,  149,  593,  795,  658,  924,  748, 1283,   43,  902,  266,  893,  957, 1062, 1010, 1218, 1276,  409,  487,  931,  897,  978, 1218,  216,  105,  649,   90,  203,  773,  567, 1267,  394,  609,  926,  988,  950,  868,  854,  133,  981,  731, 1192,  579,  551,  432,  777,  910,  838,  898,  861,  710,  660, 1077,  834, 1061,  685,  502,  551,  350,  850,  265,  395,  616,  991,  844,  744,  369,  128, 1066,  382,  266, 1107, 1176,  701,  648,  931,  698,  337,  796,  939,  768,  649,  578,  958,  698,  828,  792,  261,  863,  473, 1067,  982,  602,  316,  585,  825,  865,  835,  464,  943,  954,  670,  614, 1110,  565,  330,  821,  777, 1061,  425,  858,  812, 1028,  853,  762,  163,  519,  438,  855,  787, 1222,  555,  551,   48,  844],
        [  360,    0,  327,  212,  439,  488,  353,   27,  320,  222,  536,  432,  553,  493,  100,  161,  232,  224,  413,  614,  320,  343,  393,    0,  449,  446,  495,  388,  376,  281,  464,  268,  573,  361,  912,  429,  545,  135,  593,  566,  682,  617,  853,  906,   98,  173,  549,  527,  676,  842,  235,  343,  490,  382,  334,  471,  347,  888,  390,  352,  582,  596,  626,  479,  464,  270,  588,  445,  818,  202,  216,  275,  385,  557,  449,  614,  529,  432,  273,  693,  460,  693,  308,  208,  207,   91,  503,  129,   85,  311,  729,  526,  398,   62,  336,  680,   65,  236,  719,  822,  322,  264,  624,  473,  230,  436,  583,  438,  439,  186,  740,  330,  453,  415,  135,  474,  437,  677,  621,  397,  178,  525,  470,  652,  456,  244,  552,  628,  277,  288,  721,  370,  134,  445,  639,  699,   92,  530,  620,  637,  530,  547,  359,  162,   78,  462,  472,  852,  520,  511,  367,  452],
        [  587,    0,  493,  652,  604,  437,  436,  475,  459,  323,  639,  703,  657,  547,  352,  309,  545,  501,  739,  250,  148,  238,  735,  449,    0,  276,  406,  491,  630,  169,  711,  344,  243,  312,  605,  777,  243,  504,  159,  555,  444,  547,  532,  598,  366,  280,  365,  285,  244,  564,  520,  640,  228,  766,  561,  761,  180,  619,  429,  128,  231,  553,  841,  532,  375,  607,  515,    5,  533,  294,  564,  311,  399,  731,  373,  894,  160,   28,  315,  474,  272,  400,  512,  602,  248,  420,  706,  522,  526,  650,  281,  778,  148,  510,  737,  479,  510,  677,  531,  471,  513,  295,  197,  118,  400,  630,  741,  107,  148,  372,  308,  548,  274,  268,  548,  373,  391,  522,  314,  171,  421,  370,  198,  234,  576,  271,  444,  843,  393,  167,  542,  200,  419,  270,  313,  385,  517,  150,  234,  611,  139,  159,  608,  294,  490,  435,   79,  549,  399,  392,  691,  470],
        [  726,    0,  648,  651,  373,  163,  217,  464,  620,  228,  381,  504,  398,  286,  360,  390,  409,  604,  837,  522,  326,  446,  822,  446,  276,    0,  646,  261,  760,  269,  498,  197,  167,  101,  467,  862,  132,  559,  295,  280,  240,  273,  409,  461,  414,  344,  114,   87,  344,  397,  622,  749,  494,  824,  697,  564,  391,  446,  627,  335,  189,  278,  602,  272,  101,  691,  241,  276,  373,  245,  443,  477,  161,  486,  103,  678,  186,  291,  180,  256,   18,  250,  326,  503,  276,  472,  475,  564,  491,  501,  454,  560,  134,  494,  781,  249,  487,  673,  296,  387,  320,  183,  300,  392,  531,  407,  490,  171,  409,  276,  534,  357,    9,   31,  578,   98,  615,  270,  188,  412,  522,  625,   93,  487,  332,  416,  171,  603,  224,  240,  303,  425,  497,    6,  588,  259,  468,  198,  502,  335,  210,  432,  738,  304,  442,  167,  213,  406,  648,  640,  787,  209],
        [  331,    0,  250,  602,  867,  785,  720,  516,  226,  554,  938,  908,  957,  862,  454,  360,  708,  352,  508,  311,  322,  206,  521,  495,  406,  646,    0,  775,  376,  389,  932,  604,  649,  634, 1007,  558,  646,  435,  533,  899,  846,  913,  933, 1000,  406,  386,  752,  680,  605,  969,  362,  418,  198,  592,  321,  954,  256, 1024,  133,  312,  636,  910, 1089,  845,  730,  441,  880,  404,  938,  506,  703,  226,  711,  998,  722, 1098,  565,  381,  583,  874,  648,  805,  741,  703,  432,  409,  955,  462,  573,  801,  562,  999,  515,  539,  592,  877,  549,  623,  928,  867,  751,  559,  573,  302,  275,  879, 1018,  499,  259,  571,  489,  774,  647,  626,  492,  733,   60,  911,  720,  239,  332,   68,  590,  405,  861,  278,  815, 1091,  648,  418,  938,  222,  370,  641,  274,  790,  586,  555,  342,  965,  543,  328,  359,  448,  571,  773,  484,  952,   35,   31,  475,  792],
        [  740,    0,  689,  544,  115,  158,   57,  393,  671,  222,  164,  247,  183,  106,  353,  433,  221,  604,  798,  737,  470,  572,  776,  388,  491,  261,  775,    0,  761,  396,  238,  172,  425,  183,  642,  809,  389,  523,  550,  186,  407,  252,  604,  637,  417,  396,  289,  331,  604,  558,  618,  731,  671,  750,  713,  306,  535,  591,  712,  493,  448,  223,  351,   92,  186,  657,  231,  489,  545,  270,  262,  561,  101,  240,  173,  418,  443,  496,  195,  400,  276,  459,  107,  329,  343,  459,  218,  515,  386,  278,  711,  300,  348,  408,  698,  378,  396,  560,  398,  606,   92,  218,  559,  590,  573,  147,  252,  401,  589,  219,  782,  120,  268,  247,  515,  198,  728,  344,  427,  573,  538,  774,  349,  722,   88,  501,  230,  352,  129,  372,  394,  570,  499,  265,  794,  481,  356,  454,  725,  254,  464,  648,  743,  334,  340,  130,  450,  587,  787,  778,  753,   90],
        [   47,    0,  144,  332,  813,  843,  721,  377,  179,  567,  911,  788,  928,  865,  418,  370,  598,  160,  134,  655,  486,  402,  149,  376,  630,  760,  376,  761,    0,  508,  824,  620,  839,  698, 1206,  183,  822,  243,  787,  933,  997,  976, 1138, 1199,  355,  416,  872,  827,  871, 1148,  144,   58,  516,  229,   70,  815,  455, 1199,  251,  503,  838,  959,  985,  851,  807,  131,  945,  626, 1120,  529,  572,  320,  743,  928,  793,  951,  770,  604,  615, 1016,  770,  986,  683,  536,  484,  305,  871,  258,  409,  652,  871,  881,  664,  375,  247, 1008,  389,  342, 1053, 1089,  697,  599,  827,  578,  235,  808,  955,  680,  527,  548,  828,  703,  765,  731,  271,  815,  329, 1018,  903,  482,  239,  440,  747,  736,  831,  365,  898,  988,  642,  533, 1058,  446,  269,  757,  637,  981,  436,  764,  679, 1005,  758,  636,   23,  462,  440,  820,  691, 1146,  410,  406,  105,  818],
        [  470,    0,  385,  486,  499,  397,  340,  307,  355,  188,  558,  573,  577,  476,  184,  151,  396,  362,  602,  368,   75,  184,  593,  281,  169,  269,  389,  396,  508,    0,  587,  227,  333,  245,  699,  635,  314,  346,  316,  510,  496,  527,  631,  692,  202,  115,  381,  324,  401,  642,  380,  506,  279,  615,  442,  627,  140,  695,  359,  100,  333,  522,  732,  460,  344,  462,  494,  164,  613,  145,  409,  209,  324,  631,  335,  767,  269,  153,  202,  518,  275,  479,  386,  441,   83,  259,  595,  362,  358,  501,  449,  656,  157,  342,  580,  515,  343,  511,  563,  584,  392,  178,  350,  216,  273,  518,  646,  176,  201,  226,  468,  422,  272,  245,  385,  348,  352,  538,  395,  178,  278,  381,  241,  385,  484,  149,  431,  734,  276,   30,  571,  175,  266,  265,  412,  474,  350,  266,  365,  577,  263,  287,  485,  127,  324,  384,  199,  639,  397,  388,  552,  404],
        [  816,    0,  791,  532,  133,  380,  284,  454,  782,  400,  203,   43,  206,  261,  479,  573,  232,  684,  823,  949,  660,  743,  795,  464,  711,  498,  932,  238,  824,  587,    0,  369,  662,  414,  847,  820,  627,  585,  785,  343,  624,  422,  819,  843,  533,  549,  519,  568,  841,  762,  692,  781,  864,  744,  792,   78,  718,  785,  844,  687,  685,  385,  162,  265,  420,  701,  416,  708,  754,  444,  253,  707,  338,  128,  409,  184,  679,  711,  397,  610,  514,  685,  202,  294,  516,  553,   69,  567,  416,  181,  945,   69,  575,  451,  689,  584,  437,  538,  591,  832,  198,  419,  795,  798,  688,   95,  159,  630,  787,  367, 1010,  166,  505,  483,  554,  432,  879,  535,  662,  762,  640,  945,  585,  944,  186,  656,  444,  165,  319,  569,  583,  752,  597,  503,  998,  710,  390,  689,  940,  382,  699,  862,  811,  489,  390,  356,  678,  797,  950,  941,  786,  310],
        [  594,    0,  533,  462,  272,  224,  117,  281,  511,   55,  335,  360,  354,  262,  202,  270,  221,  461,  677,  581,  301,  401,  658,  268,  344,  197,  604,  172,  620,  227,  369,    0,  354,  100,  657,  696,  320,  394,  436,  316,  422,  356,  603,  652,  266,  230,  287,  283,  505,  582,  477,  598,  504,  649,  565,  418,  365,  626,  546,  326,  370,  340,  507,  246,  197,  531,  326,  341,  561,  102,  251,  393,  124,  404,  182,  551,  340,  343,   30,  430,  214,  445,  169,  307,  173,  317,  370,  394,  299,  321,  594,  437,  217,  308,  601,  415,  299,  483,  452,  584,  171,   51,  454,  431,  414,  293,  420,  272,  424,   84,  647,  205,  205,  169,  402,  208,  558,  410,  384,  405,  387,  603,  255,  577,  259,  332,  285,  509,   51,  205,  454,  400,  352,  198,  633,  456,  274,  347,  572,  388,  354,  494,  600,  169,  250,  200,  320,  597,  616,  607,  629,  201],
        [  800,    0,  712,  784,  534,  301,  384,  595,  679,  371,  528,  669,  543,  433,  478,  480,  572,  694,  933,  448,  360,  471,  924,  573,  243,  167,  649,  425,  839,  333,  662,  354,    0,  265,  369,  965,   36,  668,  169,  402,  207,  366,  299,  363,  520,  437,  175,   98,  189,  322,  712,  839,  466,  939,  772,  729,  412,  377,  664,  353,   27,  385,  757,  421,  247,  792,  340,  245,  291,  374,  604,  529,  326,  640,  256,  840,   85,  268,  331,  240,  151,  157,  493,  660,  377,  580,  634,  679,  631,  666,  311,  722,  181,  628,  900,  250,  624,  808,  302,  253,  487,  326,  156,  355,  605,  570,  639,  162,  391,  424,  411,  524,  160,  190,  698,  238,  632,  306,   72,  412,  610,  611,  105,  386,  490,  476,  271,  757,  388,  310,  314,  437,  594,  164,  520,  145,  611,   97,  421,  439,  111,  367,  817,  416,  585,  316,  166,  311,  642,  635,  884,  362],
        [  668,    0,  599,  560,  297,  154,  130,  377,  573,  140,  329,  415,  347,  239,  285,  334,  309,  540,  764,  560,  315,  429,  748,  361,  312,  101,  634,  183,  698,  245,  414,  100,  265,    0,  558,  786,  230,  483,  371,  265,  324,  287,  504,  552,  345,  289,  189,  186,  431,  484,  557,  681,  507,  743,  640,  475,  382,  528,  595,  332,  284,  279,  533,  223,  109,  618,  254,  310,  462,  171,  343,  441,   88,  421,   96,  597,  267,  319,   89,  333,  118,  346,  231,  403,  222,  400,  400,  485,  398,  402,  532,  479,  167,  405,  696,  320,  397,  582,  360,  486,  226,  101,  383,  416,  479,  327,  429,  219,  422,  182,  600,  263,  109,   76,  496,  117,  595,  321,  288,  413,  461,  623,  174,  540,  265,  379,  201,  534,  124,  217,  363,  417,  430,  103,  620,  358,  374,  276,  545,  333,  286,  470,  677,  237,  349,  139,  268,  498,  641,  632,  716,  163],
        [ 1167,    0, 1080, 1117,  718,  484,  629,  931, 1048,  693,  656,  870,  662,  586,  824,  841,  847, 1057, 1295,  761,  729,  838, 1283,  912,  605,  467, 1007,  642, 1206,  699,  847,  657,  369,  558,    0, 1323,  385, 1022,  479,  507,  239,  430,   75,    7,  874,  797,  372,  387,  427,   86, 1075, 1202,  815, 1290, 1140,  924,  779,   84, 1031,  721,  376,  466,  877,  585,  473, 1150,  432,  607,   98,  711,  885,  898,  572,  771,  489,  992,  447,  631,  644,  242,  453,  222,  741,  950,  732,  934,  794, 1029,  955,  919,  532,  887,  543,  960, 1247,  265,  953, 1138,  259,  150,  729,  649,  442,  705,  971,  757,  755,  530,  748,  739,  653,  760,  460,  498, 1044,  460,  995,  314,  304,  776,  973,  962,  459,  675,  664,  845,  412,  876,  671,  674,  269,  803,  954,  468,  833,  226,  931,  456,  728,  487,  467,  697, 1184,  765,  906,  513,  530,   61,  995,  990, 1245,  553],
        [  228,    0,  318,  288,  838,  917,  780,  420,  350,  647,  943,  780,  958,  914,  503,  486,  613,  276,   50,  830,  629,  563,   43,  429,  777,  862,  558,  809,  183,  635,  820,  696,  965,  786, 1323,    0,  943,  304,  935,  992, 1101, 1046, 1259, 1317,  450,  528,  970,  937, 1021, 1258,  258,  145,  689,   86,  241,  794,  609, 1307,  431,  651,  967, 1023,  973,  901,  892,  174, 1017,  773, 1232,  618,  579,  474,  814,  936,  876,  916,  903,  752,  698, 1116,  874, 1102,  716,  527,  592,  390,  876,  302,  426,  640, 1033,  866,  785,  402,  137, 1104,  414,  285, 1145, 1217,  732,  686,  973,  740,  379,  824,  966,  810,  690,  615,  999,  728,  868,  832,  296,  901,  510, 1104, 1023,  643,  358,  622,  866,  906,  866,  506,  980,  976,  706,  656, 1148,  607,  371,  860,  816, 1102,  456,  900,  852, 1062,  895,  803,  200,  559,  470,  891,  829, 1262,  592,  588,   88,  879],
        [  783,    0,  697,  755,  499,  268,  348,  567,  665,  340,  495,  634,  510,  399,  451,  458,  537,  674,  912,  462,  348,  462,  902,  545,  243,  132,  646,  389,  822,  314,  627,  320,   36,  230,  385,  943,    0,  644,  192,  372,  201,  340,  317,  378,  496,  415,  147,   66,  221,  331,  692,  819,  469,  914,  755,  694,  403,  385,  654,  344,   60,  357,  723,  388,  213,  769,  313,  244,  301,  344,  569,  515,  291,  606,  221,  804,   93,  266,  298,  232,  115,  166,  457,  627,  352,  556,  600,  654,  601,  631,  341,  687,  159,  599,  874,  239,  594,  779,  291,  277,  451,  294,  184,  358,  587,  534,  606,  150,  390,  392,  436,  488,  124,  155,  672,  204,  626,  289,   81,  408,  590,  612,   77,  405,  455,  461,  242,  723,  353,  290,  302,  431,  572,  128,  533,  160,  581,  107,  436,  412,  121,  377,  799,  390,  554,  282,  165,  325,  641,  634,  863,  328],
        [  232,    0,  221,  172,  571,  618,  487,  135,  224,  344,  670,  550,  687,  628,  200,  197,  356,  103,  283,  620,  360,  335,  266,  135,  504,  559,  435,  523,  243,  346,  585,  394,  668,  483, 1022,  304,  644,    0,  659,  699,  798,  748,  958, 1015,  149,  234,  667,  635,  745,  955,  108,  209,  483,  271,  208,  582,  362, 1004,  311,  387,  673,  729,  747,  613,  589,  137,  719,  500,  930,  315,  332,  247,  515,  686,  574,  722,  613,  482,  395,  812,  571,  801,  441,  304,  293,   89,  629,   28,  171,  419,  778,  644,  488,  135,  235,  801,  149,  196,  842,  920,  456,  383,  694,  497,  162,  566,  713,  519,  454,  316,  768,  461,  565,  528,   59,  598,  375,  802,  723,  407,  108,  479,  568,  676,  590,  248,  678,  749,  409,  363,  845,  373,   88,  557,  630,  802,  196,  611,  633,  771,  608,  569,  228,  257,  198,  592,  544,  961,  464,  457,  235,  585],
        [  743,    0,  649,  801,  664,  452,  501,  618,  614,  433,  675,  785,  692,  579,  494,  463,  654,  659,  897,  290,  306,  390,  893,  593,  159,  295,  533,  550,  787,  316,  785,  436,  169,  371,  479,  935,  192,  659,    0,  561,  369,  532,  405,  473,  518,  430,  339,  256,   86,  455,  678,  798,  338,  924,  718,  845,  334,  509,  577,  285,  145,  548,  896,  566,  392,  765,  505,  163,  423,  416,  678,  468,  451,  781,  397,  967,  110,  184,  408,  403,  282,  303,  597,  725,  387,  573,  767,  676,  665,  756,  161,  849,  220,  653,  893,  417,  652,  826,  467,  336,  595,  394,   41,  232,  558,  696,  784,  166,  279,  486,  245,  631,  289,  304,  700,  385,  529,  474,  229,  315,  579,  485,  203,  219,  626,  429,  433,  897,  481,  306,  480,  348,  575,  290,  363,  279,  652,   98,  259,  604,   87,  219,  765,  433,  625,  461,  124,  429,  519,  514,  849,  504],
        [  908,    0,  848,  729,  220,  119,  213,  573,  826,  371,  151,  370,  159,   91,  516,  585,  405,  774,  978,  802,  580,  694,  957,  566,  555,  280,  899,  186,  933,  510,  343,  316,  402,  265,  507,  992,  372,  699,  561,    0,  296,   79,  485,  503,  581,  543,  229,  307,  591,  421,  789,  907,  765,  934,  880,  420,  646,  442,  856,  595,  429,   43,  380,   97,  180,  835,   78,  554,  417,  416,  445,  702,  195,  268,  183,  488,  454,  567,  328,  276,  288,  370,  289,  511,  480,  629,  288,  694,  570,  446,  713,  381,  408,  591,  882,  249,  579,  745,  249,  509,  274,  349,  556,  668,  730,  257,  257,  450,  680,  386,  805,  293,  283,  287,  696,  183,  860,  193,  374,  676,  702,  887,  369,  764,  166,  640,  134,  380,  291,  482,  240,  682,  666,  286,  867,  399,  540,  467,  782,   72,  481,  712,  914,  484,  523,  127,  492,  460,  906,  897,  932,  116],
