{
    "name": "random-22-26074",
    "comment": "size=22 seed=26074",
    "nodes": ["+0", "-0", "+1", "-1", "+2", "-2", "+3", "-3", "+4", "-4", "+5", "-5", "+6", "-6", "+7", "-7", "+8", "-8", "+9", "-9", "+10", "-10", "+11", "-11", "+12", "-12", "+13", "-13", "+14", "-14", "+15", "-15", "+16", "-16", "+17", "-17", "+18", "-18", "+19", "-19", "+20", "-20", "+21", "-21", "+22", "-22"],
    "precedence": {
        "+0": "-0",
        "+1": "-1",
        "+2": "-2",
        "+3": "-3",
        "+4": "-4",
        "+5": "-5",
        "+6": "-6",
        "+7": "-7",
        "+8": "-8",
        "+9": "-9",
        "+10": "-10",
        "+11": "-11",
        "+12": "-12",
        "+13": "-13",
        "+14": "-14",
        "+15": "-15",
        "+16": "-16",
        "+17": "-17",
        "+18": "-18",
        "+19": "-19",
        "+20": "-20",
        "+21": "-21",
        "+22": "-22"
    },
    "edges": [
        [    0,    0,  592, 1046,  614,  512,  734,  362,  490,  896,  550,  747,  395,  689,  874,  577,  511,   48,  538,  860,  795,  411,  901,  559,  533,  577,   97,  351,  474,  712,  231,  908,  690,  828,  622,  670,  732,  167,  571,  612,  309,  583,  382,  405,  725,  666],
        [    0,    0,  592, 1046,  614,  512,  734,  362,  490,  896,  550,  747,  395,  689,  874,  577,  511,   48,  538,  860,  795,  411,  901,  559,  533,  577,   97,  351,  474,  712,  231,  908,  690,  828,  622,  670,  732,  167,  571,  612,  309,  583,  382,  405,  725,  666],
        [  592,  592,    0,  455,   63,  503,  294,  436,  142,  309,  491,  210,  505,  222,  329,  311,  125,  556,  514,  327,  204,  440,  343,   89,  474,  451,  500,  680,  642,  218,  382,  376,  145,  560,  170,  205,  312,  433,  190,   92,  355,   21,  212,  630,  151,  220],
        [ 1046, 1046,  455,    0,  437,  836,  481,  852,  567,  158,  833,  341,  887,  459,  265,  639,  555, 1010,  834,  333,  256,  819,  268,  504,  795,  777,  952, 1103, 1027,  427,  834,  328,  376,  732,  470,  466,  469,  887,  548,  445,  796,  464,  665, 1035,  330,  457],
        [  614,  614,   63,  437,    0,  467,  348,  488,  132,  283,  553,  155,  482,  276,  279,  374,  183,  580,  475,  360,  202,  415,  365,  151,  435,  514,  518,  728,  698,  268,  416,  406,   89,  620,  111,  261,  250,  460,  253,   31,  400,   51,  236,  682,  112,  158],
        [  512,  512,  503,  836,  467,    0,  788,  680,  370,  684,  839,  497,  121,  716,  584,  733,  538,  515,   27,  826,  655,  111,  830,  551,   43,  829,  440,  818,  881,  719,  496,  873,  481, 1019,  382,  698,  378,  473,  641,  441,  562,  483,  414,  829,  534,  381],
        [  734,  734,  294,  481,  348,  788,    0,  432,  418,  409,  361,  442,  770,   73,  515,  184,  261,  688,  800,  163,  285,  711,  227,  237,  762,  302,  660,  672,  567,   84,  503,  197,  395,  288,  458,   90,  584,  570,  169,  378,  429,  314,  413,  589,  363,  500],
        [  362,  362,  436,  852,  488,  680,  432,    0,  424,  727,  191,  642,  599,  413,  764,  251,  313,  316,  703,  586,  601,  571,  641,  359,  677,  216,  329,  252,  218,  443,  191,  627,  577,  469,  560,  399,  706,  241,  306,  505,  119,  440,  303,  194,  586,  616],
        [  490,  490,  142,  567,  132,  370,  418,  424,    0,  413,  531,  258,  364,  347,  386,  384,  177,  459,  383,  468,  332,  300,  484,  182,  345,  504,  394,  644,  641,  350,  311,  517,  201,  660,  143,  328,  284,  345,  277,  124,  318,  123,  130,  614,  239,  196],
        [  896,  896,  309,  158,  283,  684,  409,  727,  413,    0,  735,  187,  731,  367,  146,  538,  420,  861,  683,  298,  132,  663,  250,  370,  644,  683,  801,  977,  917,  338,  690,  317,  219,  688,  313,  368,  329,  739,  432,  290,  660,  315,  516,  917,  174,  304],
        [  550,  550,  491,  833,  553,  839,  361,  191,  531,  735,    0,  697,  771,  375,  806,  197,  373,  505,  861,  523,  603,  734,  587,  403,  831,   59,  519,  347,  212,  406,  373,  553,  634,  294,  646,  370,  795,  430,  311,  577,  288,  503,  434,  251,  627,  701],
        [  747,  747,  210,  341,  155,  497,  442,  642,  258,  187,  697,    0,  546,  377,  129,  510,  334,  717,  497,  395,  190,  478,  373,  296,  457,  654,  650,  881,  850,  358,  563,  432,   66,  727,  133,  368,  160,  602,  390,  142,  553,  203,  381,  836,   80,  117],
        [  395,  395,  505,  887,  482,  121,  770,  599,  364,  731,  771,  546,    0,  702,  649,  689,  510,  401,  146,  831,  681,   69,  845,  535,  152,  768,  330,  713,  790,  709,  409,  880,  516,  977,  419,  682,  454,  376,  611,  462,  485,  486,  368,  733,  567,  433],
        [  689,  689,  222,  459,  276,  716,   73,  413,  347,  367,  375,  377,  702,    0,  460,  181,  198,  645,  729,  176,  237,  642,  229,  168,  690,  320,  610,  660,  571,   32,  458,  221,  327,  351,  386,   20,  515,  523,  119,  307,  391,  242,  351,  584,  298,  429],
        [  874,  874,  329,  265,  279,  584,  515,  764,  386,  146,  806,  129,  649,  460,    0,  613,  453,  844,  579,  430,  233,  583,  389,  410,  542,  759,  777, 1006,  969,  435,  691,  456,  192,  801,  254,  455,  208,  730,  496,  270,  679,  326,  509,  958,  181,  220],
        [  577,  577,  311,  639,  374,  733,  184,  251,  384,  538,  197,  510,  689,  181,  613,    0,  209,  530,  751,  343,  407,  639,  403,  224,  716,  147,  515,  488,  390,  213,  354,  380,  450,  289,  477,  174,  623,  421,  122,  401,  269,  326,  323,  408,  437,  529],
        [  511,  511,  125,  555,  183,  538,  261,  313,  177,  420,  373,  334,  510,  198,  453,  209,    0,  469,  553,  355,  300,  453,  391,   51,  517,  338,  425,  559,  517,  212,  285,  404,  269,  485,  274,  178,  423,  345,  103,  205,  241,  133,  154,  506,  274,  329],
        [   48,   48,  556, 1010,  580,  515,  688,  316,  459,  861,  505,  717,  401,  645,  844,  530,  469,    0,  541,  816,  757,  409,  859,  518,  532,  530,   78,  324,  437,  668,  187,  864,  658,  781,  595,  626,  710,  125,  527,  580,  262,  547,  346,  369,  691,  641],
        [  538,  538,  514,  834,  475,   27,  800,  703,  383,  683,  861,  497,  146,  729,  579,  751,  553,  541,    0,  834,  659,  137,  836,  565,   41,  849,  466,  843,  905,  730,  520,  881,  484, 1036,  385,  711,  372,  499,  656,  448,  585,  493,  433,  854,  537,  381],
        [  860,  860,  327,  333,  360,  826,  163,  586,  468,  298,  523,  395,  831,  176,  430,  343,  355,  816,  834,    0,  207,  767,   67,  313,  794,  464,  778,  830,  729,  149,  630,   50,  370,  402,  458,  192,  553,  694,  293,  387,  565,  347,  505,  750,  323,  484],
        [  795,  795,  204,  256,  202,  655,  285,  601,  332,  132,  603,  190,  681,  237,  233,  407,  300,  757,  659,  207,    0,  613,  184,  249,  619,  551,  703,  851,  786,  209,  580,  242,  177,  570,  274,  237,  349,  634,  302,  220,  540,  216,  415,  788,  125,  290],
        [  411,  411,  440,  819,  415,  111,  711,  571,  300,  663,  734,  478,   69,  642,  583,  639,  453,  409,  137,  767,  613,    0,  779,  474,  123,  727,  333,  707,  770,  648,  386,  815,  448,  927,  350,  622,  391,  363,  555,  394,  454,  420,  317,  719,  499,  366],
        [  901,  901,  343,  268,  365,  830,  227,  641,  484,  250,  587,  373,  845,  229,  389,  403,  391,  859,  836,   67,  184,  779,    0,  345,  796,  529,  816,  888,  791,  199,  673,   68,  359,  465,  453,  243,  532,  735,  342,  389,  613,  361,  536,  810,  308,  473],
        [  559,  559,   89,  504,  151,  551,  237,  359,  182,  370,  403,  296,  535,  168,  410,  224,   51,  518,  565,  313,  249,  474,  345,    0,  527,  363,  472,  607,  559,  177,  335,  362,  232,  484,  253,  148,  399,  394,  105,  178,  292,  102,  192,  551,  230,  306],
        [  533,  533,  474,  795,  435,   43,  762,  677,  345,  644,  831,  457,  152,  690,  542,  716,  517,  532,   41,  794,  619,  123,  796,  527,    0,  818,  456,  827,  883,  691,  498,  841,  444, 1000,  345,  672,  336,  481,  619,  408,  559,  454,  401,  834,  497,  341],
        [  577,  577,  451,  777,  514,  829,  302,  216,  504,  683,   59,  654,  768,  320,  759,  147,  338,  530,  849,  464,  551,  727,  529,  363,  818,    0,  536,  400,  270,  351,  383,  494,  593,  254,  612,  316,  760,  444,  265,  539,  295,  464,  417,  306,  582,  666],
        [   97,   97,  500,  952,  518,  440,  660,  329,  394,  801,  519,  650,  330,  610,  777,  515,  425,   78,  466,  778,  703,  333,  816,  472,  456,  536,    0,  386,  481,  631,  162,  826,  594,  781,  525,  591,  636,   95,  494,  516,  249,  489,  289,  418,  629,  569],
        [  351,  351,  680, 1103,  728,  818,  672,  252,  644,  977,  347,  881,  713,  660, 1006,  488,  559,  324,  843,  830,  851,  707,  888,  607,  827,  400,  386,    0,  165,  691,  345,  868,  816,  635,  786,  648,  926,  347,  557,  741,  330,  681,  515,   99,  830,  840],
        [  474,  474,  642, 1027,  698,  881,  567,  218,  641,  917,  212,  850,  790,  571,  969,  390,  517,  437,  905,  729,  786,  770,  791,  559,  883,  270,  481,  165,    0,  603,  386,  762,  785,  483,  774,  562,  922,  415,  485,  717,  332,  648,  520,   73,  789,  831],
        [  712,  712,  218,  427,  268,  719,   84,  443,  350,  338,  406,  358,  709,   32,  435,  213,  212,  668,  730,  149,  209,  648,  199,  177,  691,  351,  631,  691,  603,    0,  482,  196,  312,  370,  378,   44,  501,  546,  144,  299,  417,  239,  365,  616,  279,  418],
        [  231,  231,  382,  834,  416,  496,  503,  191,  311,  690,  373,  563,  409,  458,  691,  354,  285,  187,  520,  630,  580,  386,  673,  335,  498,  383,  162,  345,  386,  482,    0,  677,  500,  622,  453,  440,  587,   68,  340,  422,   90,  377,  183,  337,  526,  505],
        [  908,  908,  376,  328,  406,  873,  197,  627,  517,  317,  553,  432,  880,  221,  456,  380,  404,  864,  881,   50,  242,  815,   68,  362,  841,  494,  826,  868,  762,  196,  677,    0,  412,  407,  502,  238,  591,  741,  339,  433,  611,  395,  554,  786,  363,  526],
        [  690,  690,  145,  376,   89,  481,  395,  577,  201,  219,  634,   66,  516,  327,  192,  450,  269,  658,  484,  370,  177,  448,  359,  232,  444,  593,  594,  816,  785,  312,  500,  412,    0,  678,  100,  316,  190,  541,  328,   79,  488,  137,  318,  770,   54,  115],
        [  828,  828,  560,  732,  620, 1019,  288,  469,  660,  688,  294,  727,  977,  351,  801,  289,  485,  781, 1036,  402,  570,  927,  465,  484, 1000,  254,  781,  635,  483,  370,  622,  407,  678,    0,  730,  362,  865,  687,  384,  650,  534,  579,  610,  537,  648,  777],
        [  622,  622,  170,  470,  111,  382,  458,  560,  143,  313,  646,  133,  419,  386,  254,  477,  274,  595,  385,  458,  274,  350,  453,  253,  345,  612,  525,  786,  774,  378,  453,  502,  100,  730,    0,  372,  150,  484,  358,   80,  457,  153,  272,  751,  153,   57],
        [  670,  670,  205,  466,  261,  698,   90,  399,  328,  368,  370,  368,  682,   20,  455,  174,  178,  626,  711,  192,  237,  622,  243,  148,  672,  316,  591,  648,  562,   44,  440,  238,  316,  362,  372,    0,  503,  504,  101,  292,  374,  225,  331,  574,  290,  416],
        [  732,  732,  312,  469,  250,  378,  584,  706,  284,  329,  795,  160,  454,  515,  208,  623,  423,  710,  372,  553,  349,  391,  532,  399,  336,  760,  636,  926,  922,  501,  587,  591,  190,  865,  150,  503,    0,  610,  502,  222,  601,  297,  412,  897,  231,   94],
        [  167,  167,  433,  887,  460,  473,  570,  241,  345,  739,  430,  602,  376,  523,  730,  421,  345,  125,  499,  694,  634,  363,  735,  394,  481,  444,   95,  347,  415,  546,   68,  741,  541,  687,  484,  504,  610,    0,  406,  462,  154,  425,  224,  358,  571,  533],
        [  571,  571,  190,  548,  253,  641,  169,  306,  277,  432,  311,  390,  611,  119,  496,  122,  103,  527,  656,  293,  302,  555,  342,  105,  619,  265,  494,  557,  485,  144,  340,  339,  328,  384,  358,  101,  502,  406,    0,  281,  273,  206,  248,  489,  318,  409],
        [  612,  612,   92,  445,   31,  441,  378,  505,  124,  290,  577,  142,  462,  307,  270,  401,  205,  580,  448,  387,  220,  394,  389,  178,  408,  539,  516,  741,  717,  299,  422,  433,   79,  650,   80,  292,  222,  462,  281,    0,  412,   76,  240,  699,  116,  129],
        [  309,  309,  355,  796,  400,  562,  429,  119,  318,  660,  288,  553,  485,  391,  679,  269,  241,  262,  585,  565,  540,  454,  613,  292,  559,  295,  249,  330,  332,  417,   90,  611,  488,  534,  457,  374,  601,  154,  273,  412,    0,  355,  191,  297,  505,  513],
        [  583,  583,   21,  464,   51,  483,  314,  440,  123,  315,  503,  203,  486,  242,  326,  326,  133,  547,  493,  347,  216,  420,  361,  102,  454,  464,  489,  681,  648,  239,  377,  395,  137,  579,  153,  225,  297,  425,  206,   76,  355,    0,  202,  634,  151,  204],
        [  382,  382,  212,  665,  236,  414,  413,  303,  130,  516,  434,  381,  368,  351,  509,  323,  154,  346,  433,  505,  415,  317,  536,  192,  401,  417,  289,  515,  520,  365,  183,  554,  318,  610,  272,  331,  412,  224,  248,  240,  191,  202,    0,  488,  347,  326],
        [  405,  405,  630, 1035,  682,  829,  589,  194,  614,  917,  251,  836,  733,  584,  958,  408,  506,  369,  854,  750,  788,  719,  810,  551,  834,  306,  418,   99,   73,  616,  337,  786,  770,  537,  751,  574,  897,  358,  489,  699,  297,  634,  488,    0,  779,  807],
        [  725,  725,  151,  330,  112,  534,  363,  586,  239,  174,  627,   80,  567,  298,  181,  437,  274,  691,  537,  323,  125,  499,  308,  230,  497,  582,  629,  830,  789,  279,  526,  363,   54,  648,  153,  290,  231,  571,  318,  116,  505,  151,  347,  779,    0,  165],
        [  666,  666,  220,  457,  158,  381,  500,  616,  196,  304,  701,  117,  433,  429,  220,  529,  329,  641,  381,  484,  290,  366,  473,  306,  341,  666,  569,  840,  831,  418,  505,  526,  115,  777,   57,  416,   94,  533,  409,  129,  513,  204,  326,  807,  165,    0]
    ]
}
