{
    "name": "random-56-25846",
    "comment": "size=56 seed=25846",
    "nodes": ["+0", "-0", "+1", "-1", "+2", "-2", "+3", "-3", "+4", "-4", "+5", "-5", "+6", "-6", "+7", "-7", "+8", "-8", "+9", "-9", "+10", "-10", "+11", "-11", "+12", "-12", "+13", "-13", "+14", "-14", "+15", "-15", "+16", "-16", "+17", "-17", "+18", "-18", "+19", "-19", "+20", "-20", "+21", "-21", "+22", "-22", "+23", "-23", "+24", "-24", "+25", "-25", "+26", "-26", "+27", "-27", "+28", "-28", "+29", "-29", "+30", "-30", "+31", "-31", "+32", "-32", "+33", "-33", "+34", "-34", "+35", "-35", "+36", "-36", "+37", "-37", "+38", "-38", "+39", "-39", "+40", "-40", "+41", "-41", "+42", "-42", "+43", "-43", "+44", "-44", "+45", "-45", "+46", "-46", "+47", "-47", "+48", "-48", "+49", "-49", "+50", "-50", "+51", "-51", "+52", "-52", "+53", "-53", "+54", "-54", "+55", "-55", "+56", "-56"],
    "precedence": {
        "+0": "-0",
        "+1": "-1",
        "+2": "-2",
        "+3": "-3",
        "+4": "-4",
        "+5": "-5",
        "+6": "-6",
        "+7": "-7",
        "+8": "-8",
        "+9": "-9",
        "+10": "-10",
        "+11": "-11",
        "+12": "-12",
        "+13": "-13",
        "+14": "-14",
        "+15": "-15",
        "+16": "-16",
        "+17": "-17",
        "+18": "-18",
        "+19": "-19",
        "+20": "-20",
        "+21": "-21",
        "+22": "-22",
        "+23": "-23",
        "+24": "-24",
        "+25": "-25",
        "+26": "-26",
        "+27": "-27",
        "+28": "-28",
        "+29": "-29",
        "+30": "-30",
        "+31": "-31",
        "+32": "-32",
        "+33": "-33",
        "+34": "-34",
        "+35": "-35",
        "+36": "-36",
        "+37": "-37",
        "+38": "-38",
        "+39": "-39",
        "+40": "-40",
        "+41": "-41",
        "+42": "-42",
        "+43": "-43",
        "+44": "-44",
        "+45": "-45",
        "+46": "-46",
        "+47": "-47",
        "+48": "-48",
        "+49": "-49",
        "+50": "-50",
        "+51": "-51",
        "+52": "-52",
        "+53": "-53",
        "+54": "-54",
        "+55": "-55",
        "+56": "-56"
    },
    "edges": [
        [    0,    0,  541,  687,  259,  260,  282,  454,  140,  237,  561,  604,  357,  354,  285,  280,  234,  485,  657,  173,  129,  264,  386,  214,  655,  432,  600,   12,  214,  228,  513,  332,  587,  515,  379,  442,  764,  446,  534,  516,  258,  309,  134,  328,  429,  295,  438,  407,  537,  322,  303,  539,  541,  499,   21,  239,  330,  101,  162,  179,  147,  163,  609,  627,  562,  479,  383,  485,  435,  220,  156,  503,  450,  600,  477,  140,  770,  351,  218,  210,  702,  232,  710,  485,  508,  145,  438,  679,  369,  721,  504,  514,  537,  469,  312,  440,  632,  462,  496,  434,  543,  606,  376,  192,  495,  635,  139,  196,  463,  294,  696,  300,  277,  215],
        [    0,    0,    0,    0,    0,    0,    0,    0,    0,    0,    0,    0,    0,    0,    0,    0,    0,    0,    0,    0,    0,    0,    0,    0,    0,    0,    0,    0,    0,    0,    0,    0,    0,    0,    0,    0,    0,    0,    0,    0,    0,    0,    0,    0,    0,    0,    0,    0,    0,    0,    0,    0,    0,    0,    0,    0,    0,    0,    0,    0,    0,    0,    0,    0,    0,    0,    0,    0,    0,    0,    0,    0,    0,    0,    0,    0,    0,    0,    0,    0,    0,    0,    0,    0,    0,    0,    0,    0,    0,    0,    0,    0,    0,    0,    0,    0,    0,    0,    0,    0,    0,    0,    0,    0,    0,    0,    0,    0,    0,    0,    0,    0,    0,    0],
        [  541,    0,    0,  579,  286,  756,  377,  682,  555,  453,   33,   64,  639,  556,  332,  287,  324,  876,  545,  370,  423,  313,  587,  381,  286,  572,   98,  552,  434,  460,  541,  651,  362,  321,  716,  234,  619,  833,  502,   80,  696,  629,  477,  486,  909,  343,  785,  924,  246,  219,  722,  279,  663,  416,  541,  388,  588,  641,  583,  381,  685,  616,   89,  255,  217,  273,  820,  474,  407,  558,  513,  180,  310,  508,  757,  680,  695,  464,  343,  744,  276,  448,  171,  206,  705,  676,  938,  583,  877,  204,  600,  508,  295,  849,  806,  129,  253,  777,  276,  167,  575,  298,  564,  462,  379,  247,  409,  345,  941,  581,  158,  833,  781,  536],
        [  687,    0,  579,    0,  550,  710,  768,  382,  803,  451,  559,  597,  995,  370,  441,  494,  651,  633,   36,  621,  666,  486,  360,  711,  340, 1002,  518,  696,  475,  459,  189,  984,  218,  858,  506,  374,   79,  606,  154,  644,  611,  958,  743,  885,  773,  745,  537,  855,  333,  554,  986,  300,  266,  204,  671,  461,  951,  741,  578,  546,  799,  610,  542,  832,  786,  801,  660,  963,  261,  862,  789,  731,  304,   90,  455,  766,  117,  884,  661,  860,  404,  793,  664,  381, 1121,  814,  827,   15,  802,  741,  241,  175,  285,  606,  733,  633,  830,  501,  813,  674,  177,  295,  965,  496,  896,  825,  653,  603,  791,  924,  660,  836,  735,  846],
        [  259,    0,  286,  550,    0,  474,  219,  481,  304,  209,  304,  348,  458,  348,  119,   56,  102,  625,  515,   98,  156,   72,  385,  165,  419,  453,  342,  270,  179,  211,  423,  454,  388,  366,  475,  213,  617,  582,  414,  275,  423,  429,  228,  336,  633,  199,  545,  641,  307,   68,  489,  319,  510,  346,  257,  143,  410,  358,  307,   98,  404,  337,  351,  424,  359,  312,  554,  425,  295,  338,  273,  293,  255,  461,  540,  396,  656,  335,  113,  466,  457,  249,  456,  246,  573,  399,  657,  547,  595,  477,  453,  405,  323,  601,  525,  204,  427,  548,  329,  216,  460,  382,  417,  198,  380,  427,  141,   72,  666,  388,  443,  548,  498,  318],
        [  260,    0,  756,  710,  474,    0,  542,  363,  369,  330,  770,  817,  565,  342,  440,  471,  483,  262,  689,  413,  383,  446,  351,  472,  795,  669,  795,  254,  335,  320,  522,  531,  689,  774,  237,  597,  788,  234,  566,  748,  100,  515,  391,  577,  170,  554,  262,  171,  680,  542,  450,  670,  484,  571,  247,  381,  555,  186,  177,  377,  205,  141,  809,  878,  813,  735,  148,  739,  512,  447,  402,  750,  571,  639,  337,  167,  760,  604,  469,  228,  856,  488,  926,  645,  719,  236,  184,  698,  121,  951,  477,  541,  662,  257,   53,  675,  882,  301,  753,  677,  537,  736,  611,  304,  754,  885,  389,  430,  204,  518,  913,  129,   27,  451],
        [  282,    0,  377,  768,  219,  542,    0,  664,  214,  390,  407,  434,  265,  537,  334,  275,  119,  754,  733,  174,  169,  287,  574,   78,  601,  235,  466,  289,  356,  388,  638,  275,  598,  236,  626,  417,  835,  713,  633,  319,  529,  252,  156,  122,  711,   35,  692,  683,  501,  226,  352,  521,  714,  565,  296,  339,  214,  370,  417,  256,  389,  432,  464,  368,  309,  209,  660,  221,  514,  189,  168,  263,  470,  679,  710,  404,  875,  116,  114,  433,  622,   78,  522,  438,  359,  368,  718,  766,  649,  506,  660,  622,  528,  735,  594,  250,  374,  707,  225,  219,  674,  577,  205,  360,  213,  378,  169,  179,  745,  204,  508,  568,  559,  167],
        [  454,    0,  682,  382,  481,  363,  664,    0,  593,  276,  680,  730,  810,  134,  373,  438,  555,  254,  371,  491,  506,  413,   98,  588,  586,  868,  675,  458,  310,  277,  213,  786,  449,  846,  132,  456,  455,  225,  271,  713,  268,  763,  565,  753,  395,  657,  156,  484,  499,  529,  744,  473,  126,  323,  434,  339,  779,  461,  297,  410,  512,  313,  696,  890,  828,  792,  283,  884,  293,  671,  601,  762,  390,  335,   83,  472,  407,  767,  553,  561,  657,  650,  830,  498,  958,  536,  450,  368,  433,  884,  143,  247,  459,  226,  372,  662,  892,  123,  809,  687,  209,  522,  817,  305,  856,  890,  501,  490,  410,  744,  821,  490,  384,  663],
        [  140,    0,  555,  803,  304,  369,  214,  593,    0,  360,  580,  616,  217,  489,  374,  345,  232,  613,  771,  208,  150,  340,  522,  177,  722,  302,  630,  138,  331,  353,  638,  193,  678,  446,  517,  513,  878,  576,  652,  512,  388,  170,   79,  211,  534,  240,  574,  487,  608,  353,  188,  617,  676,  606,  160,  343,  193,  184,  302,  262,  185,  299,  634,  581,  521,  422,  507,  377,  544,   82,   46,  471,  539,  714,  616,  210,  893,  241,  213,  221,  760,  140,  714,  550,  369,  160,  531,  796,  460,  709,  636,  635,  619,  600,  417,  436,  587,  600,  439,  416,  670,  683,  244,  316,  410,  592,  165,  233,  567,  156,  701,  367,  380,   83],
        [  237,    0,  453,  451,  209,  330,  390,  276,  360,    0,  461,  511,  566,  147,  122,  176,  280,  425,  421,  218,  242,  148,  184,  316,  467,  605,  476,  246,   35,   10,  279,  549,  372,  572,  269,  269,  528,  382,  297,  465,  251,  524,  312,  487,  464,  382,  339,  499,  351,  265,  538,  342,  328,  268,  221,   69,  528,  297,  156,  135,  356,  194,  493,  630,  565,  520,  369,  610,  204,  428,  354,  499,  244,  364,  332,  328,  535,  497,  278,  419,  527,  385,  618,  317,  706,  367,  500,  442,  447,  656,  280,  278,  336,  399,  373,  404,  632,  340,  537,  422,  310,  409,  557,   46,  580,  632,  234,  214,  494,  497,  607,  436,  356,  415],
        [  561,    0,   33,  559,  304,  770,  407,  680,  580,  461,    0,   51,  670,  556,  339,  300,  349,  881,  525,  391,  446,  325,  586,  407,  257,  604,   66,  572,  443,  467,  530,  682,  341,  353,  720,  227,  596,  838,  489,  112,  706,  658,  503,  517,  920,  373,  788,  939,  227,  239,  750,  261,  655,  403,  560,  396,  618,  660,  595,  396,  706,  629,   58,  279,  246,  305,  829,  506,  399,  587,  540,  211,  301,  491,  756,  699,  675,  496,  368,  766,  244,  477,  158,  193,  737,  698,  950,  564,  890,  205,  592,  496,  276,  853,  819,  160,  276,  778,  308,  199,  564,  273,  596,  472,  411,  271,  432,  366,  951,  611,  146,  850,  795,  565],
        [  604,    0,   64,  597,  348,  817,  434,  730,  616,  511,   51,    0,  693,  606,  389,  348,  386,  931,  564,  433,  486,  373,  636,  441,  281,  618,   82,  615,  493,  517,  577,  707,  379,  351,  771,  276,  630,  888,  534,  119,  755,  685,  539,  538,  969,  400,  838,  986,  268,  282,  781,  302,  703,  449,  604,  446,  641,  704,  644,  443,  748,  677,   60,  255,  233,  308,  879,  512,  447,  617,  574,  212,  349,  533,  807,  743,  712,  514,  405,  807,  256,  506,  109,  240,  750,  738,  998,  602,  938,  155,  640,  542,  318,  904,  867,  185,  251,  829,  308,  218,  610,  306,  615,  521,  413,  245,  472,  409, 1001,  637,   97,  896,  842,  595],
        [  357,    0,  639,  995,  458,  565,  265,  810,  217,  566,  670,  693,    0,  702,  555,  510,  360,  820,  961,  376,  331,  513,  735,  294,  863,  141,  730,  354,  535,  560,  841,   40,  846,  415,  732,  668, 1067,  785,  849,  575,  599,   51,  256,  157,  720,  299,  788,  653,  758,  483,  160,  774,  889,  793,  377,  537,   52,  384,  518,  450,  363,  514,  727,  574,  529,  420,  710,  273,  735,  140,  213,  502,  711,  905,  832,  399, 1092,  185,  346,  366,  887,  210,  774,  695,  154,  332,  705,  990,  637,  745,  846,  833,  779,  809,  609,  511,  581,  815,  431,  476,  874,  834,   97,  524,  355,  588,  342,  395,  751,   71,  761,  530,  571,  152],
        [  354,    0,  556,  370,  348,  342,  537,  134,  489,  147,  556,  606,  702,    0,  239,  305,  425,  336,  347,  364,  385,  279,   38,  462,  494,  749,  556,  360,  181,  149,  182,  681,  368,  713,  176,  336,  448,  296,  225,  582,  244,  657,  450,  632,  429,  528,  237,  495,  393,  395,  655,  373,  188,  241,  335,  206,  667,  385,  216,  281,  441,  244,  576,  757,  695,  659,  319,  756,  193,  562,  490,  629,  280,  298,  202,  405,  431,  643,  425,  499,  562,  529,  709,  381,  846,  460,  477,  358,  441,  759,  152,  200,  361,  308,  369,  529,  759,  223,  675,  553,  202,  430,  700,  181,  724,  758,  378,  360,  453,  634,  699,  467,  368,  552],
        [  285,    0,  332,  441,  119,  440,  334,  373,  374,  122,  339,  389,  555,  239,    0,   68,  216,  545,  407,  180,  228,   48,  275,  272,  373,  565,  357,  295,  106,  129,  305,  546,  306,  479,  387,  162,  512,  502,  300,  347,  369,  520,  307,  447,  583,  316,  456,  611,  255,  157,  561,  255,  392,  238,  275,   60,  510,  370,  264,  113,  425,  300,  373,  519,  456,  424,  490,  544,  182,  425,  353,  390,  167,  351,  439,  405,  543,  449,  223,  490,  426,  353,  497,  209,  681,  428,  616,  437,  560,  535,  334,  288,  253,  519,  486,  290,  520,  453,  440,  314,  341,  323,  526,  137,  498,  520,  215,  163,  614,  484,  485,  536,  466,  407],
        [  280,    0,  287,  494,   56,  471,  275,  438,  345,  176,  300,  348,  510,  305,   68,    0,  158,  599,  459,  139,  195,   28,  341,  219,  380,  508,  328,  291,  151,  180,  369,  505,  338,  412,  444,  169,  562,  556,  359,  291,  409,  479,  272,  392,  623,  254,  514,  640,  264,   91,  533,  273,  460,  290,  274,  107,  463,  374,  297,  102,  425,  330,  340,  456,  392,  357,  536,  480,  240,  386,  318,  326,  202,  405,  502,  412,  600,  391,  168,  489,  424,  303,  456,  208,  628,  423,  651,  491,  592,  486,  401,  350,  275,  574,  520,  229,  458,  514,  373,  250,  406,  338,  472,  176,  431,  457,  181,  116,  655,  439,  444,  555,  496,  367],
        [  234,    0,  324,  651,  102,  483,  119,  555,  232,  280,  349,  386,  360,  425,  216,  158,    0,  668,  616,   73,  107,  169,  462,   67,  507,  351,  400,  243,  246,  279,  520,  359,  488,  303,  529,  309,  719,  626,  514,  288,  451,  334,  154,  235,  649,  103,  598,  639,  399,  127,  408,  415,  598,  448,  240,  223,  311,  334,  334,  146,  369,  357,  403,  396,  331,  257,  584,  333,  396,  248,  193,  270,  356,  562,  607,  372,  757,  234,   19,  425,  537,  150,  487,  337,  471,  357,  665,  648,  598,  491,  544,  504,  420,  647,  535,  211,  400,  608,  275,  201,  556,  475,  316,  255,  303,  403,   96,   67,  683,  291,  474,  534,  503,  227],
        [  485,    0,  876,  633,  625,  262,  754,  254,  613,  425,  881,  931,  820,  336,  545,  599,  668,    0,  624,  596,  586,  572,  317,  678,  827,  914,  888,  483,  450,  420,  466,  788,  695,  971,  162,  669,  703,   44,  523,  890,  228,  770,  617,  812,  181,  758,  102,  292,  729,  687,  711,  708,  369,  567,  467,  493,  804,  437,  337,  533,  465,  324,  906, 1049,  983,  924,  115,  966,  526,  694,  639,  917,  616,  589,  178,  426,  643,  835,  660,  489,  897,  714, 1037,  715,  974,  496,  238,  619,  256, 1079,  397,  499,  695,   29,  233,  826, 1052,  133,  942,  841,  463,  763,  856,  427,  964, 1052,  587,  606,  181,  767, 1026,  356,  266,  695],
        [  657,    0,  545,   36,  515,  689,  733,  371,  771,  421,  525,  564,  961,  347,  407,  459,  616,  624,    0,  586,  632,  451,  340,  676,  313,  967,  486,  666,  444,  430,  169,  951,  186,  823,  491,  339,  108,  595,  126,  610,  590,  925,  710,  850,  759,  710,  527,  837,  300,  518,  954,  266,  261,  170,  641,  428,  917,  713,  552,  513,  771,  584,  510,  797,  751,  766,  646,  927,  228,  829,  756,  696,  269,   57,  447,  739,  152,  849,  626,  833,  379,  759,  634,  346, 1086,  785,  811,   39,  784,  710,  229,  150,  251,  597,  714,  597,  796,  492,  777,  638,  163,  264,  930,  466,  860,  791,  620,  569,  777,  890,  629,  814,  714,  812],
        [  173,    0,  370,  621,   98,  413,  174,  491,  208,  218,  391,  433,  376,  364,  180,  139,   73,  596,  586,    0,   59,  138,  401,  100,  515,  392,  434,  183,  183,  215,  475,  368,  476,  375,  459,  307,  692,  554,  476,  345,  379,  342,  133,  274,  579,  168,  527,  572,  401,  154,  394,  412,  543,  418,  176,  170,  331,  273,  262,   84,  315,  284,  441,  466,  401,  330,  512,  394,  360,  247,  179,  338,  339,  531,  539,  312,  720,  281,   65,  375,  554,  175,  538,  342,  503,  307,  596,  616,  530,  549,  491,  463,  414,  575,  465,  269,  470,  538,  348,  266,  510,  476,  349,  188,  372,  472,   44,   27,  612,  305,  525,  470,  434,  229],
        [  129,    0,  423,  666,  156,  383,  169,  506,  150,  242,  446,  486,  331,  385,  228,  195,  107,  586,  632,   59,    0,  191,  421,   93,  573,  364,  491,  138,  209,  237,  512,  319,  530,  393,  459,  363,  739,  544,  518,  392,  362,  293,   79,  248,  551,  174,  525,  535,  458,  210,  338,  468,  569,  465,  137,  207,  289,  228,  249,  120,  264,  265,  497,  499,  434,  353,  494,  386,  405,  197,  125,  375,  392,  576,  546,  266,  762,  262,   90,  322,  612,  144,  590,  400,  466,  253,  564,  660,  495,  596,  521,  503,  469,  566,  435,  315,  504,  540,  371,  307,  546,  533,  316,  204,  380,  507,   16,   84,  585,  260,  576,  428,  402,  181],
        [  264,    0,  313,  486,   72,  446,  287,  413,  340,  148,  325,  373,  513,  279,   48,   28,  169,  572,  451,  138,  191,    0,  316,  226,  392,  519,  351,  275,  123,  153,  352,  506,  339,  435,  417,  179,  555,  529,  346,  318,  383,  480,  269,  401,  597,  269,  487,  616,  274,  118,  527,  280,  438,  282,  257,   80,  467,  356,  271,   86,  408,  305,  364,  483,  419,  381,  509,  497,  228,  385,  315,  352,  201,  396,  476,  393,  589,  402,  176,  473,  439,  308,  482,  221,  636,  408,  626,  482,  567,  513,  381,  335,  280,  547,  495,  256,  485,  487,  397,  276,  389,  346,  480,  149,  451,  484,  177,  118,  628,  442,  469,  533,  471,  367],
        [  386,    0,  587,  360,  385,  351,  574,   98,  522,  184,  586,  636,  735,   38,  275,  341,  462,  317,  340,  401,  421,  316,    0,  499,  511,  785,  584,  391,  218,  186,  173,  714,  380,  750,  162,  364,  438,  279,  222,  616,  252,  690,  485,  668,  424,  565,  216,  497,  415,  431,  684,  392,  156,  252,  366,  243,  702,  410,  240,  319,  465,  265,  604,  793,  730,  696,  312,  794,  210,  596,  524,  664,  303,  294,  171,  428,  412,  680,  462,  521,  581,  565,  738,  407,  881,  486,  474,  348,  444,  789,  129,  197,  379,  288,  374,  564,  794,  197,  712,  589,  186,  446,  735,  217,  761,  793,  415,  397,  446,  668,  728,  478,  376,  586],
        [  214,    0,  381,  711,  165,  472,   78,  588,  177,  316,  407,  441,  294,  462,  272,  219,   67,  678,  676,  100,   93,  226,  499,    0,  573,  295,  461,  221,  282,  314,  572,  293,  553,  302,  549,  375,  780,  636,  571,  335,  455,  267,  103,  176,  641,   83,  615,  619,  466,  193,  345,  481,  642,  508,  225,  268,  245,  307,  341,  183,  334,  358,  462,  418,  355,  266,  586,  297,  453,  183,  134,  300,  420,  622,  633,  343,  814,  182,   53,  385,  602,   85,  538,  403,  410,  317,  651,  707,  582,  534,  590,  559,  486,  658,  524,  260,  423,  630,  284,  241,  607,  542,  255,  284,  287,  427,   92,  110,  675,  225,  525,  507,  490,  162],
        [  655,    0,  286,  340,  419,  795,  601,  586,  722,  467,  257,  281,  863,  494,  373,  380,  507,  827,  313,  515,  573,  392,  511,  573,    0,  824,  200,  666,  468,  476,  388,  865,  144,  603,  669,  214,  358,  789,  331,  364,  709,  840,  647,  721,  915,  569,  726,  963,  119,  381,  908,  126,  518,  264,  646,  427,  812,  742,  623,  477,  797,  660,  221,  534,  502,  551,  808,  745,  302,  753,  691,  463,  224,  299,  669,  778,  450,  707,  523,  862,   72,  655,  329,  173,  955,  799,  957,  349,  910,  409,  461,  350,  135,  798,  835,  386,  530,  704,  557,  430,  411,   65,  804,  499,  657,  524,  558,  490,  942,  796,  326,  902,  822,  733],
        [  432,    0,  572, 1002,  453,  669,  235,  868,  302,  605,  604,  618,  141,  749,  565,  508,  351,  914,  967,  392,  364,  519,  785,  295,  824,    0,  668,  433,  571,  601,  866,  179,  830,  301,  808,  649, 1069,  876,  864,  500,  687,  178,  306,  119,  831,  261,  869,  774,  731,  458,  300,  752,  932,  798,  451,  562,  121,  483,  591,  475,  475,  595,  661,  461,  426,  321,  808,  141,  746,  222,  276,  412,  704,  913,  902,  506, 1107,  120,  343,  490,  837,  221,  686,  667,  133,  445,  823,  999,  753,  646,  882,  853,  760,  899,  716,  447,  468,  891,  328,  406,  902,  805,   59,  568,  236,  476,  371,  405,  864,  156,  674,  651,  678,  220],
        [  600,    0,   98,  518,  342,  795,  466,  675,  630,  476,   66,   82,  730,  556,  357,  328,  400,  888,  486,  434,  491,  351,  584,  461,  200,  668,    0,  611,  463,  484,  510,  740,  301,  418,  726,  221,  549,  846,  464,  177,  725,  717,  552,  578,  939,  432,  792,  965,  193,  281,  805,  227,  638,  380,  597,  416,  679,  698,  619,  428,  746,  654,   25,  335,  307,  370,  844,  572,  386,  642,  591,  276,  286,  457,  754,  736,  633,  558,  418,  808,  180,  533,  158,  178,  801,  740,  973,  524,  916,  226,  576,  474,  243,  860,  842,  222,  332,  779,  373,  263,  541,  225,  658,  493,  477,  325,  476,  409,  970,  670,  150,  882,  821,  620],
        [   12,    0,  552,  696,  270,  254,  289,  458,  138,  246,  572,  615,  354,  360,  295,  291,  243,  483,  666,  183,  138,  275,  391,  221,  666,  433,  611,    0,  224,  237,  521,  328,  598,  522,  380,  453,  773,  444,  542,  527,  256,  306,  138,  330,  423,  303,  438,  399,  548,  333,  296,  550,  547,  509,   26,  249,  329,   91,  165,  190,  135,  163,  620,  636,  571,  486,  380,  488,  445,  218,  157,  512,  460,  609,  479,  130,  778,  355,  228,  199,  714,  236,  720,  496,  506,  134,  431,  688,  362,  731,  511,  523,  548,  467,  306,  450,  640,  463,  504,  444,  550,  617,  376,  200,  501,  643,  148,  207,  457,  293,  707,  291,  271,  215],
        [  214,    0,  434,  475,  179,  335,  356,  310,  331,   35,  443,  493,  535,  181,  106,  151,  246,  450,  444,  183,  209,  123,  218,  282,  468,  571,  463,  224,    0,   34,  307,  519,  381,  540,  297,  263,  551,  406,  322,  441,  264,  494,  280,  453,  478,  348,  367,  506,  350,  238,  512,  345,  361,  286,  199,   47,  496,  283,  159,  101,  341,  195,  478,  602,  537,  488,  387,  576,  222,  397,  323,  470,  249,  387,  364,  316,  563,  463,  244,  405,  525,  351,  601,  311,  674,  349,  510,  467,  455,  635,  313,  304,  340,  425,  381,  377,  604,  370,  505,  394,  340,  413,  524,   32,  547,  604,  200,  180,  509,  465,  589,  435,  361,  384],
        [  228,    0,  460,  459,  211,  320,  388,  277,  353,   10,  467,  517,  560,  149,  129,  180,  279,  420,  430,  215,  237,  153,  186,  314,  476,  601,  484,  237,   34,    0,  286,  542,  382,  573,  266,  277,  537,  377,  306,  470,  242,  517,  306,  483,  456,  380,  335,  490,  361,  268,  529,  352,  332,  278,  212,   74,  523,  288,  147,  134,  346,  184,  500,  633,  568,  521,  362,  608,  214,  421,  348,  502,  254,  374,  331,  318,  543,  494,  277,  410,  536,  380,  625,  326,  701,  357,  491,  451,  438,  662,  286,  286,  346,  395,  364,  408,  635,  338,  538,  425,  317,  419,  553,   38,  580,  635,  230,  213,  487,  491,  613,  426,  347,  409],
        [  513,    0,  541,  189,  423,  522,  638,  213,  638,  279,  530,  577,  841,  182,  305,  369,  520,  466,  169,  475,  512,  352,  173,  572,  388,  866,  510,  521,  307,  286,    0,  826,  245,  770,  325,  308,  267,  434,   59,  590,  422,  800,  586,  747,  593,  620,  367,  669,  320,  447,  815,  289,  131,  131,  495,  306,  800,  559,  392,  394,  616,  423,  533,  778,  722,  713,  479,  848,  139,  703,  630,  660,  231,  124,  294,  582,  258,  752,  525,  676,  459,  649,  667,  338,  976,  632,  644,  177,  616,  732,   75,   39,  273,  438,  546,  557,  778,  335,  727,  592,   38,  325,  823,  323,  796,  775,  501,  462,  612,  770,  659,  648,  547,  690],
        [  332,    0,  651,  984,  454,  531,  275,  786,  193,  549,  682,  707,   40,  681,  546,  505,  359,  788,  951,  368,  319,  506,  714,  293,  865,  179,  740,  328,  519,  542,  826,    0,  842,  442,  704,  667, 1057,  754,  836,  591,  569,   27,  242,  177,  684,  309,  758,  615,  758,  485,  122,  773,  869,  784,  352,  524,   73,  352,  492,  439,  327,  486,  738,  600,  552,  443,  676,  307,  724,  123,  196,  521,  706,  895,  805,  364, 1079,  209,  344,  328,  892,  211,  791,  696,  188,  296,  668,  979,  600,  766,  827,  820,  777,  777,  574,  524,  606,  786,  455,  491,  859,  834,  131,  506,  385,  613,  332,  389,  715,   71,  778,  492,  536,  139],
        [  587,    0,  362,  218,  388,  689,  598,  449,  678,  372,  341,  379,  846,  368,  306,  338,  488,  695,  186,  476,  530,  339,  380,  553,  144,  830,  301,  598,  381,  382,  245,  842,    0,  654,  540,  182,  259,  658,  189,  431,  597,  816,  608,  718,  796,  570,  594,  853,  118,  373,  866,   86,  375,  128,  575,  349,  798,  664,  525,  418,  721,  562,  325,  616,  572,  598,  686,  773,  179,  723,  654,  521,  139,  160,  532,  697,  334,  711,  501,  786,  215,  637,  450,  173,  956,  728,  841,  224,  800,  525,  319,  207,   74,  666,  725,  427,  614,  568,  608,  471,  268,   84,  801,  411,  698,  609,  516,  454,  820,  776,  445,  804,  716,  704],
        [  515,    0,  321,  858,  366,  774,  236,  846,  446,  572,  353,  351,  415,  713,  479,  412,  303,  971,  823,  375,  393,  435,  750,  302,  603,  301,  418,  522,  540,  573,  770,  442,  654,    0,  831,  485,  911,  928,  748,  242,  752,  427,  392,  269,  943,  220,  900,  919,  539,  325,  548,  569,  870,  667,  527,  508,  370,  605,  636,  444,  625,  656,  404,  161,  129,   58,  884,  171,  633,  402,  401,  142,  558,  776,  903,  640,  973,  235,  312,  666,  597,  306,  397,  482,  425,  603,  952,  859,  883,  348,  810,  745,  581,  949,  826,  227,  168,  908,   47,  185,  807,  605,  320,  553,   68,  175,  388,  367,  977,  382,  386,  804,  792,  383],
        [  379,    0,  716,  506,  475,  237,  626,  132,  517,  269,  720,  771,  732,  176,  387,  444,  529,  162,  491,  459,  459,  417,  162,  549,  669,  808,  726,  380,  297,  266,  325,  704,  540,  831,    0,  507,  581,  121,  379,  733,  149,  683,  504,  698,  268,  625,   70,  353,  569,  533,  648,  548,  257,  413,  359,  338,  708,  362,  217,  388,  406,  219,  745,  898,  833,  781,  155,  844,  368,  598,  533,  766,  455,  449,  105,  365,  538,  717,  523,  448,  738,  597,  876,  554,  885,  433,  322,  492,  302,  920,  265,  354,  536,  134,  242,  672,  900,   83,  799,  690,  330,  605,  753,  279,  830,  900,  458,  464,  287,  672,  865,  362,  256,  594],
        [  442,    0,  234,  374,  213,  597,  417,  456,  513,  269,  227,  276,  668,  336,  162,  169,  309,  669,  339,  307,  363,  179,  364,  375,  214,  649,  221,  453,  263,  277,  308,  667,  182,  485,  507,    0,  430,  627,  273,  283,  518,  641,  439,  538,  730,  389,  572,  767,   96,  192,  700,  107,  430,  188,  433,  219,  619,  530,  421,  264,  584,  458,  241,  472,  419,  427,  630,  594,  174,  550,  485,  361,   79,  293,  534,  566,  489,  530,  323,  649,  264,  459,  375,   49,  775,  586,  768,  375,  715,  431,  367,  277,  112,  641,  641,  260,  471,  559,  439,  300,  344,  170,  620,  295,  523,  468,  349,  282,  760,  599,  365,  697,  623,  531],
        [  764,    0,  619,   79,  617,  788,  835,  455,  878,  528,  596,  630, 1067,  448,  512,  562,  719,  703,  108,  692,  739,  555,  438,  780,  358, 1069,  549,  773,  551,  537,  267, 1057,  259,  911,  581,  430,    0,  677,  232,  689,  689, 1031,  816,  953,  848,  810,  609,  931,  376,  616, 1062,  344,  334,  274,  748,  536, 1022,  819,  656,  619,  877,  688,  572,  873,  831,  855,  735, 1023,  334,  935,  862,  779,  366,  164,  525,  845,  104,  950,  729,  939,  414,  863,  687,  430, 1189,  892,  902,   91,  878,  767,  316,  254,  331,  676,  810,  685,  871,  571,  865,  727,  253,  324, 1034,  573,  952,  866,  726,  673,  864,  996,  684,  915,  813,  919],
        [  446,    0,  833,  606,  582,  234,  713,  225,  576,  382,  838,  888,  785,  296,  502,  556,  626,   44,  595,  554,  544,  529,  279,  636,  789,  876,  846,  444,  406,  377,  434,  754,  658,  928,  121,  627,  677,    0,  491,  846,  189,  735,  578,  773,  183,  716,   69,  289,  689,  643,  681,  668,  344,  530,  428,  450,  768,  403,  296,  490,  434,  284,  864, 1005,  940,  882,   92,  926,  488,  658,  600,  874,  575,  558,  156,  394,  623,  795,  618,  462,  858,  674,  994,  674,  939,  464,  241,  592,  247, 1036,  367,  466,  656,   24,  212,  783, 1008,  109,  899,  797,  433,  724,  819,  384,  922, 1009,  546,  563,  191,  731,  983,  338,  242,  657],
        [  534,    0,  502,  154,  414,  566,  633,  271,  652,  297,  489,  534,  849,  225,  300,  359,  514,  523,  126,  476,  518,  346,  222,  571,  331,  864,  464,  542,  322,  306,   59,  836,  189,  748,  379,  273,  232,  491,    0,  556,  468,  810,  595,  746,  645,  612,  423,  718,  271,  430,  833,  239,  187,   87,  517,  312,  806,  588,  426,  399,  646,  459,  487,  745,  692,  691,  532,  836,  120,  713,  640,  632,  196,   74,  352,  614,  245,  748,  522,  708,  403,  651,  620,  297,  979,  660,  696,  146,  664,  687,  133,   26,  223,  495,  593,  529,  744,  393,  704,  567,   81,  269,  824,  343,  779,  741,  507,  461,  666,  778,  613,  690,  592,  698],
        [  516,    0,   80,  644,  275,  748,  319,  713,  512,  465,  112,  119,  575,  582,  347,  291,  288,  890,  610,  345,  392,  318,  616,  335,  364,  500,  177,  527,  441,  470,  590,  591,  431,  242,  733,  283,  689,  846,  556,    0,  696,  569,  437,  420,  907,  285,  803,  912,  313,  208,  669,  346,  706,  470,  520,  397,  524,  617,  580,  372,  656,  611,  165,  190,  143,  194,  825,  396,  452,  506,  468,  100,  361,  569,  784,  656,  761,  396,  306,  713,  356,  394,  204,  265,  632,  644,  931,  648,  868,  205,  644,  559,  360,  864,  799,   77,  189,  800,  197,  101,  626,  372,  496,  466,  300,  186,  380,  323,  940,  521,  191,  814,  771,  484],
        [  258,    0,  696,  611,  423,  100,  529,  268,  388,  251,  706,  755,  599,  244,  369,  409,  451,  228,  590,  379,  362,  383,  252,  455,  709,  687,  725,  256,  264,  242,  422,  569,  597,  752,  149,  518,  689,  189,  468,  696,    0,  549,  390,  585,  215,  536,  192,  256,  597,  489,  504,  584,  387,  476,  240,  310,  580,  219,  119,  326,  259,   98,  741,  842,  776,  708,  133,  740,  419,  470,  412,  711,  485,  541,  253,  218,  661,  608,  441,  300,  772,  487,  864,  566,  753,  288,  250,  599,  203,  895,  378,  443,  575,  212,  128,  627,  845,  224,  726,  635,  437,  648,  630,  235,  741,  846,  365,  392,  246,  543,  851,  228,  125,  469],
        [  309,    0,  629,  958,  429,  515,  252,  763,  170,  524,  658,  685,   51,  657,  520,  479,  334,  770,  925,  342,  293,  480,  690,  267,  840,  178,  717,  306,  494,  517,  800,   27,  816,  427,  683,  641, 1031,  735,  810,  569,  549,    0,  216,  160,  670,  286,  738,  604,  733,  459,  126,  747,  844,  758,  329,  499,   61,  333,  470,  413,  313,  465,  715,  584,  534,  426,  659,  300,  698,   97,  171,  502,  680,  869,  784,  348, 1053,  193,  319,  318,  867,  186,  770,  670,  205,  282,  656,  953,  588,  746,  802,  794,  751,  759,  559,  501,  590,  766,  438,  469,  833,  809,  125,  481,  372,  597,  306,  363,  702,   49,  757,  481,  521,  113],
        [  134,    0,  477,  743,  228,  391,  156,  565,   79,  312,  503,  539,  256,  450,  307,  272,  154,  617,  710,  133,   79,  269,  485,  103,  647,  306,  552,  138,  280,  306,  586,  242,  608,  392,  504,  439,  816,  578,  595,  437,  390,  216,    0,  196,  560,  177,  566,  528,  534,  275,  262,  544,  636,  543,  151,  283,  218,  214,  287,  198,  235,  295,  556,  518,  456,  362,  517,  351,  483,  119,   47,  402,  470,  654,  597,  248,  838,  218,  135,  283,  683,   98,  639,  474,  397,  215,  564,  737,  494,  636,  591,  579,  546,  601,  442,  360,  523,  587,  379,  343,  619,  609,  253,  270,  366,  527,   93,  157,  594,  186,  625,  412,  406,  105],
        [  328,    0,  486,  885,  336,  577,  122,  753,  211,  487,  517,  538,  157,  632,  447,  392,  235,  812,  850,  274,  248,  401,  668,  176,  721,  119,  578,  330,  453,  483,  747,  177,  718,  269,  698,  538,  953,  773,  746,  420,  585,  160,  196,    0,  743,  152,  762,  697,  623,  347,  279,  642,  814,  682,  346,  443,  106,  393,  483,  357,  395,  490,  574,  425,  376,  267,  709,  167,  628,  145,  176,  346,  589,  796,  790,  420,  989,   35,  225,  423,  740,  104,  618,  559,  238,  367,  741,  882,  671,  590,  764,  734,  649,  796,  626,  358,  431,  781,  279,  321,  783,  698,   84,  451,  218,  438,  254,  286,  777,  114,  605,  576,  589,  132],
        [  429,    0,  909,  773,  633,  170,  711,  395,  534,  464,  920,  969,  720,  429,  583,  623,  649,  181,  759,  579,  551,  597,  424,  641,  915,  831,  939,  423,  478,  456,  593,  684,  796,  943,  268,  730,  848,  183,  645,  907,  215,  670,  560,  743,    0,  723,  246,  113,  806,  700,  589,  791,  519,  670,  417,  525,  714,  351,  328,  536,  358,  297,  955, 1044,  979,  904,  114,  907,  618,  610,  569,  915,  693,  716,  336,  326,  800,  771,  637,  361,  981,  656, 1078,  779,  871,  389,   58,  760,   90, 1108,  532,  620,  781,  196,  118,  836, 1048,  289,  921,  841,  598,  853,  773,  449,  924, 1050,  557,  595,   35,  677, 1065,  203,  155,  616],
        [  295,    0,  343,  745,  199,  554,   35,  657,  240,  382,  373,  400,  299,  528,  316,  254,  103,  758,  710,  168,  174,  269,  565,   83,  569,  261,  432,  303,  348,  380,  620,  309,  570,  220,  625,  389,  810,  716,  612,  285,  536,  286,  177,  152,  723,    0,  693,  700,  472,  198,  385,  492,  701,  542,  307,  326,  247,  387,  421,  247,  411,  439,  430,  342,  281,  186,  668,  230,  493,  221,  195,  232,  445,  657,  706,  423,  853,  142,  104,  457,  589,  110,  489,  408,  388,  391,  733,  743,  664,  474,  646,  603,  499,  738,  606,  216,  348,  705,  204,  186,  657,  547,  235,  354,  207,  352,  171,  168,  757,  238,  475,  587,  572,  200],
        [  438,    0,  785,  537,  545,  262,  692,  156,  574,  339,  788,  838,  788,  237,  456,  514,  598,  102,  527,  527,  525,  487,  216,  615,  726,  869,  792,  438,  367,  335,  367,  758,  594,  900,   70,  572,  609,   69,  423,  803,  192,  738,  566,  762,  246,  693,    0,  346,  630,  603,  695,  608,  276,  466,  419,  408,  766,  410,  279,  457,  449,  276,  811,  968,  903,  851,  141,  910,  426,  655,  593,  836,  517,  490,   90,  408,  556,  782,  592,  485,  796,  661,  943,  618,  941,  478,  303,  523,  300,  988,  299,  399,  595,   73,  252,  742,  970,   44,  868,  760,  365,  662,  813,  348,  898,  970,  524,  533,  258,  730,  932,  378,  275,  653],
        [  407,    0,  924,  855,  641,  171,  683,  484,  487,  499,  939,  986,  653,  495,  611,  640,  639,  292,  837,  572,  535,  616,  497,  619,  963,  774,  965,  399,  506,  490,  669,  615,  853,  919,  353,  767,  931,  289,  718,  912,  256,  604,  528,  697,  113,  700,  346,    0,  849,  708,  511,  838,  609,  732,  399,  551,  654,  314,  347,  544,  303,  312,  979, 1034,  969,  885,  205,  863,  675,  557,  527,  908,  739,  790,  434,  281,  891,  728,  624,  287, 1025,  620, 1094,  815,  799,  331,   64,  842,   54, 1116,  615,  693,  830,  304,  129,  838, 1038,  389,  902,  837,  679,  903,  716,  474,  892, 1041,  544,  592,  128,  619, 1082,  124,  145,  566],
        [  537,    0,  246,  333,  307,  680,  501,  499,  608,  351,  227,  268,  758,  393,  255,  264,  399,  729,  300,  401,  458,  274,  415,  466,  119,  731,  193,  548,  350,  361,  320,  758,  118,  539,  569,   96,  376,  689,  271,  313,  597,  733,  534,  623,  806,  472,  630,  849,    0,  277,  795,   35,  449,  189,  528,  309,  708,  624,  507,  359,  678,  544,  217,  499,  455,  484,  702,  665,  206,  643,  579,  405,  114,  266,  581,  659,  450,  612,  414,  743,  176,  549,  349,   64,  859,  681,  846,  338,  797,  418,  388,  283,   51,  700,  722,  313,  497,  611,  493,  357,  350,   77,  706,  382,  585,  493,  444,  377,  833,  690,  342,  785,  707,  623],
        [  322,    0,  219,  554,   68,  542,  226,  529,  353,  265,  239,  282,  483,  395,  157,   91,  127,  687,  518,  154,  210,  118,  431,  193,  381,  458,  281,  333,  238,  268,  447,  485,  373,  325,  533,  192,  616,  643,  430,  208,  489,  459,  275,  347,  700,  198,  603,  708,  277,    0,  533,  295,  545,  353,  322,  197,  433,  422,  373,  165,  467,  404,  288,  365,  302,  269,  618,  410,  312,  374,  316,  235,  250,  467,  593,  461,  664,  339,  144,  528,  411,  274,  389,  213,  585,  460,  725,  553,  662,  409,  485,  424,  302,  662,  592,  140,  368,  604,  284,  159,  484,  353,  430,  260,  350,  367,  195,  128,  733,  415,  376,  614,  566,  353],
        [  303,    0,  722,  986,  489,  450,  352,  744,  188,  538,  750,  781,  160,  655,  561,  533,  408,  711,  954,  394,  338,  527,  684,  345,  908,  300,  805,  296,  512,  529,  815,  122,  866,  548,  648,  700, 1062,  681,  833,  669,  504,  126,  262,  279,  589,  385,  695,  511,  795,  533,    0,  805,  840,  792,  321,  528,  187,  287,  448,  449,  247,  433,  806,  702,  649,  542,  597,  425,  729,  164,  218,  611,  727,  898,  752,  288, 1072,  314,  390,  229,  943,  276,  873,  735,  291,  218,  568,  978,  503,  856,  806,  815,  807,  704,  486,  597,  708,  727,  556,  570,  845,  870,  249,  492,  495,  714,  352,  419,  619,  167,  859,  391,  450,  186],
        [  539,    0,  279,  300,  319,  670,  521,  473,  617,  342,  261,  302,  774,  373,  255,  273,  415,  708,  266,  412,  468,  280,  392,  481,  126,  752,  227,  550,  345,  352,  289,  773,   86,  569,  548,  107,  344,  668,  239,  346,  584,  747,  544,  642,  791,  492,  608,  838,   35,  295,  805,    0,  419,  158,  529,  306,  725,  623,  498,  363,  679,  536,  251,  532,  488,  513,  685,  690,  182,  656,  590,  436,   99,  232,  556,  658,  416,  633,  429,  744,  191,  565,  382,   88,  879,  682,  833,  304,  785,  452,  359,  251,   17,  679,  710,  342,  531,  587,  522,  385,  318,   69,  725,  376,  613,  526,  453,  388,  818,  705,  375,  778,  697,  637],
        [  541,    0,  663,  266,  510,  484,  714,  126,  676,  328,  655,  703,  889,  188,  392,  460,  598,  369,  261,  543,  569,  438,  156,  642,  518,  932,  638,  547,  361,  332,  131,  869,  375,  870,  257,  430,  334,  344,  187,  706,  387,  844,  636,  814,  519,  701,  276,  609,  449,  545,  840,  419,    0,  261,  521,  376,  854,  564,  395,  459,  618,  417,  661,  892,  834,  814,  408,  931,  257,  749,  677,  770,  355,  236,  191,  579,  282,  824,  600,  671,  589,  712,  795,  464, 1032,  639,  575,  251,  559,  858,   64,  169,  403,  342,  496,  667,  893,  237,  829,  698,  109,  455,  884,  367,  889,  890,  561,  535,  533,  821,  787,  612,  506,  739],
        [  499,    0,  416,  204,  346,  571,  565,  323,  606,  268,  403,  449,  793,  241,  238,  290,  448,  567,  170,  418,  465,  282,  252,  508,  264,  798,  380,  509,  286,  278,  131,  784,  128,  667,  413,  188,  274,  530,   87,  470,  476,  758,  543,  682,  670,  542,  466,  732,  189,  353,  792,  158,  261,    0,  484,  264,  748,  565,  414,  346,  623,  450,  403,  659,  607,  610,  559,  762,   65,  661,  589,  548,  111,  115,  406,  595,  312,  681,  457,  687,  336,  590,  537,  211,  917,  634,  717,  201,  678,  603,  201,   94,  143,  538,  604,  446,  659,  441,  622,  484,  162,  200,  761,  312,  700,  655,  452,  400,  694,  722,  529,  690,  598,  645],
