{
    "name": "random-17-15780",
    "comment": "size=17 seed=15780",
    "nodes": ["+0", "-0", "+1", "-1", "+2", "-2", "+3", "-3", "+4", "-4", "+5", "-5", "+6", "-6", "+7", "-7", "+8", "-8", "+9", "-9", "+10", "-10", "+11", "-11", "+12", "-12", "+13", "-13", "+14", "-14", "+15", "-15", "+16", "-16", "+17", "-17"],
    "precedence": {
        "+0": "-0",
        "+1": "-1",
        "+2": "-2",
        "+3": "-3",
        "+4": "-4",
        "+5": "-5",
        "+6": "-6",
        "+7": "-7",
        "+8": "-8",
        "+9": "-9",
        "+10": "-10",
        "+11": "-11",
        "+12": "-12",
        "+13": "-13",
        "+14": "-14",
        "+15": "-15",
        "+16": "-16",
        "+17": "-17"
    },
    "edges": [
        [    0,    0,  398,  562,  400,  322,  574,   29,  385,  477,  424,  597,  420,  603,  227,  330,  510,  494,  173,  462,  657,  608,  326,  316,  511,  465,  244,  310,  619,  494,  226,  351,  192,  348,  647,   38],
        [    0,    0,  398,  562,  400,  322,  574,   29,  385,  477,  424,  597,  420,  603,  227,  330,  510,  494,  173,  462,  657,  608,  326,  316,  511,  465,  244,  310,  619,  494,  226,  351,  192,  348,  647,   38],
        [  398,  398,    0,  625,  765,  174,  669,  374,  513,  856,  689,  927,  194,  767,  515,   89,  476,  838,  568,  840,  727,  934,  154,  148,  595,  576,  641,  275,  906,  881,  176,   67,  587,  458, 1014,  427],
        [  562,  562,  625,    0,  556,  714,   59,  572,  179,  653,  323,  557,  449,  196,  787,  642,  171,  993,  587,  639,  105,  554,  475,  687,   54,  105,  643,  359,  458,  703,  538,  563,  594,  216,  717,  592],
        [  400,  400,  765,  556,    0,  720,  527,  428,  426,  104,  239,  219,  711,  458,  507,  714,  625,  532,  247,   88,  602,  232,  646,  711,  509,  462,  223,  562,  296,  149,  592,  706,  233,  442,  250,  391],
        [  322,  322,  174,  714,  720,    0,  749,  294,  570,  798,  700,  908,  340,  824,  370,   93,  589,  694,  491,  783,  818,  918,  258,   31,  675,  644,  555,  358,  912,  813,  178,  190,  510,  516,  968,  339],
        [  574,  574,  669,   59,  527,  749,    0,  587,  192,  620,  290,  510,  499,  137,  797,  682,  228,  986,  582,  607,   85,  506,  518,  723,   75,  111,  632,  399,  406,  671,  572,  606,  587,  239,  673,  602],
        [   29,   29,  374,  572,  428,  294,  587,    0,  397,  505,  448,  625,  406,  621,  223,  303,  512,  504,  200,  490,  669,  635,  309,  288,  522,  477,  270,  304,  645,  521,  205,  329,  219,  357,  675,   55],
        [  385,  385,  513,  179,  426,  570,  192,  397,    0,  528,  228,  489,  371,  257,  610,  511,  200,  820,  413,  513,  272,  491,  360,  546,  126,   81,  474,  239,  426,  575,  392,  447,  422,   56,  628,  414],
        [  477,  477,  856,  653,  104,  798,  620,  505,  528,    0,  331,  222,  810,  539,  547,  800,  727,  508,  310,   17,  692,  237,  743,  792,  607,  561,  263,  663,  333,   53,  681,  798,  293,  545,  178,  461],
        [  424,  424,  689,  323,  239,  700,  290,  448,  228,  331,    0,  262,  580,  227,  612,  664,  419,  732,  354,  318,  364,  264,  545,  682,  280,  238,  382,  434,  217,  382,  536,  623,  352,  265,  405,  436],
        [  597,  597,  927,  557,  219,  908,  510,  625,  489,  222,  262,    0,  836,  396,  724,  888,  677,  727,  460,  222,  565,   16,  791,  896,  524,  490,  441,  687,  130,  265,  761,  863,  448,  526,  170,  594],
        [  420,  420,  194,  449,  711,  340,  499,  406,  371,  810,  580,  836,    0,  611,  602,  249,  289,  908,  565,  794,  548,  840,  101,  310,  427,  418,  643,  150,  791,  845,  222,  151,  583,  321,  949,  457],
        [  603,  603,  767,  196,  458,  824,  137,  621,  257,  539,  227,  396,  611,    0,  812,  767,  359,  958,  569,  528,  171,  389,  614,  801,  191,  194,  606,  492,  280,  592,  647,  702,  570,  312,  564,  623],
        [  227,  227,  515,  787,  507,  370,  797,  223,  610,  547,  612,  724,  602,  812,    0,  428,  734,  325,  269,  536,  880,  737,  502,  383,  735,  688,  287,  521,  778,  542,  382,  492,  278,  574,  723,  196],
        [  330,  330,   89,  642,  714,   93,  682,  303,  511,  800,  664,  888,  249,  767,  428,    0,  508,  753,  502,  784,  747,  897,  174,   63,  607,  581,  573,  284,  879,  821,  129,   98,  521,  456,  964,  355],
        [  510,  510,  476,  171,  625,  589,  228,  512,  200,  727,  419,  677,  289,  359,  734,  508,    0,  985,  585,  712,  262,  676,  335,  560,  170,  189,  653,  236,  596,  773,  422,  419,  596,  192,  823,  545],
        [  494,  494,  838,  993,  532,  694,  986,  504,  820,  508,  732,  727,  908,  958,  325,  753,  985,    0,  407,  506, 1069,  743,  809,  708,  940,  889,  355,  803,  826,  473,  694,  811,  400,  802,  651,  456],
        [  173,  173,  568,  587,  247,  491,  582,  200,  413,  310,  354,  460,  565,  569,  269,  502,  585,  407,    0,  296,  666,  473,  480,  487,  533,  482,   78,  434,  510,  323,  394,  517,   19,  397,  485,  152],
        [  462,  462,  840,  639,   88,  783,  607,  490,  513,   17,  318,  222,  794,  528,  536,  784,  712,  506,  296,    0,  679,  237,  726,  777,  593,  547,  251,  646,  329,   65,  665,  782,  279,  529,  190,  447],
        [  657,  657,  727,  105,  602,  818,   85,  669,  272,  692,  364,  565,  548,  171,  880,  747,  262, 1069,  666,  679,    0,  558,  578,  791,  149,  192,  715,  463,  451,  744,  642,  666,  671,  316,  731,  685],
        [  608,  608,  934,  554,  232,  918,  506,  635,  491,  237,  264,   16,  840,  389,  737,  897,  676,  743,  473,  237,  558,    0,  797,  905,  521,  489,  455,  692,  119,  280,  769,  870,  461,  529,  180,  606],
        [  326,  326,  154,  475,  646,  258,  518,  309,  360,  743,  545,  791,  101,  614,  502,  174,  335,  809,  480,  726,  578,  797,    0,  228,  443,  422,  557,  122,  761,  773,  122,   89,  498,  305,  891,  361],
        [  316,  316,  148,  687,  711,   31,  723,  288,  546,  792,  682,  896,  310,  801,  383,   63,  560,  708,  487,  777,  791,  905,  228,    0,  649,  619,  554,  330,  895,  809,  154,  160,  506,  491,  960,  336],
        [  511,  511,  595,   54,  509,  675,   75,  522,  126,  607,  280,  524,  427,  191,  735,  607,  170,  940,  533,  593,  149,  521,  443,  649,    0,   51,  590,  324,  433,  657,  497,  532,  540,  168,  679,  540],
        [  465,  465,  576,  105,  462,  644,  111,  477,   81,  561,  238,  490,  418,  194,  688,  581,  189,  889,  482,  547,  192,  489,  422,  619,   51,    0,  539,  302,  407,  611,  466,  511,  489,  130,  641,  493],
        [  244,  244,  641,  643,  223,  555,  632,  270,  474,  263,  382,  441,  643,  606,  287,  573,  653,  355,   78,  251,  715,  455,  557,  554,  590,  539,    0,  510,  510,  265,  468,  592,   61,  463,  440,  218],
        [  310,  310,  275,  359,  562,  358,  399,  304,  239,  663,  434,  687,  150,  492,  521,  284,  236,  803,  434,  646,  463,  692,  122,  330,  324,  302,  510,    0,  648,  699,  186,  210,  450,  185,  799,  348],
        [  619,  619,  906,  458,  296,  912,  406,  645,  426,  333,  217,  130,  791,  280,  778,  879,  596,  826,  510,  329,  451,  119,  761,  895,  433,  407,  510,  648,    0,  381,  751,  840,  502,  471,  298,  624],
        [  494,  494,  881,  703,  149,  813,  671,  521,  575,   53,  382,  265,  845,  592,  542,  821,  773,  473,  323,   65,  744,  280,  773,  809,  657,  611,  265,  699,  381,    0,  705,  825,  304,  589,  188,  475],
        [  226,  226,  176,  538,  592,  178,  572,  205,  392,  681,  536,  761,  222,  647,  382,  129,  422,  694,  394,  665,  642,  769,  122,  154,  497,  466,  468,  186,  751,  705,    0,  125,  413,  338,  841,  258],
        [  351,  351,   67,  563,  706,  190,  606,  329,  447,  798,  623,  863,  151,  702,  492,   98,  419,  811,  517,  782,  666,  870,   89,  160,  532,  511,  592,  210,  840,  825,  125,    0,  536,  392,  954,  383],
        [  192,  192,  587,  594,  233,  510,  587,  219,  422,  293,  352,  448,  583,  570,  278,  521,  596,  400,   19,  279,  671,  461,  498,  506,  540,  489,   61,  450,  502,  304,  413,  536,    0,  408,  468,  171],
        [  348,  348,  458,  216,  442,  516,  239,  357,   56,  545,  265,  526,  321,  312,  574,  456,  192,  802,  397,  529,  316,  529,  305,  491,  168,  130,  463,  185,  471,  589,  338,  392,  408,    0,  657,  379],
        [  647,  647, 1014,  717,  250,  968,  673,  675,  628,  178,  405,  170,  949,  564,  723,  964,  823,  651,  485,  190,  731,  180,  891,  960,  679,  641,  440,  799,  298,  188,  841,  954,  468,  657,    0,  634],
        [   38,   38,  427,  592,  391,  339,  602,   55,  414,  461,  436,  594,  457,  623,  196,  355,  545,  456,  152,  447,  685,  606,  361,  336,  540,  493,  218,  348,  624,  475,  258,  383,  171,  379,  634,    0]
    ]
}
