{
    "name": "random-67-10787",
    "comment": "size=67 seed=10787",
    "nodes": ["+0", "-0", "+1", "-1", "+2", "-2", "+3", "-3", "+4", "-4", "+5", "-5", "+6", "-6", "+7", "-7", "+8", "-8", "+9", "-9", "+10", "-10", "+11", "-11", "+12", "-12", "+13", "-13", "+14", "-14", "+15", "-15", "+16", "-16", "+17", "-17", "+18", "-18", "+19", "-19", "+20", "-20", "+21", "-21", "+22", "-22", "+23", "-23", "+24", "-24", "+25", "-25", "+26", "-26", "+27", "-27", "+28", "-28", "+29", "-29", "+30", "-30", "+31", "-31", "+32", "-32", "+33", "-33", "+34", "-34", "+35", "-35", "+36", "-36", "+37", "-37", "+38", "-38", "+39", "-39", "+40", "-40", "+41", "-41", "+42", "-42", "+43", "-43", "+44", "-44", "+45", "-45", "+46", "-46", "+47", "-47", "+48", "-48", "+49", "-49", "+50", "-50", "+51", "-51", "+52", "-52", "+53", "-53", "+54", "-54", "+55", "-55", "+56", "-56", "+57", "-57", "+58", "-58", "+59", "-59", "+60", "-60", "+61", "-61", "+62", "-62", "+63", "-63", "+64", "-64", "+65", "-65", "+66", "-66", "+67", "-67"],
    "precedence": {
        "+0": "-0",
        "+1": "-1",
        "+2": "-2",
        "+3": "-3",
        "+4": "-4",
        "+5": "-5",
        "+6": "-6",
        "+7": "-7",
        "+8": "-8",
        "+9": "-9",
        "+10": "-10",
        "+11": "-11",
        "+12": "-12",
        "+13": "-13",
        "+14": "-14",
        "+15": "-15",
        "+16": "-16",
        "+17": "-17",
        "+18": "-18",
        "+19": "-19",
        "+20": "-20",
        "+21": "-21",
        "+22": "-22",
        "+23": "-23",
        "+24": "-24",
        "+25": "-25",
        "+26": "-26",
        "+27": "-27",
        "+28": "-28",
        "+29": "-29",
        "+30": "-30",
        "+31": "-31",
        "+32": "-32",
        "+33": "-33",
        "+34": "-34",
        "+35": "-35",
        "+36": "-36",
        "+37": "-37",
        "+38": "-38",
        "+39": "-39",
        "+40": "-40",
        "+41": "-41",
        "+42": "-42",
        "+43": "-43",
        "+44": "-44",
        "+45": "-45",
        "+46": "-46",
        "+47": "-47",
        "+48": "-48",
        "+49": "-49",
        "+50": "-50",
        "+51": "-51",
        "+52": "-52",
        "+53": "-53",
        "+54": "-54",
        "+55": "-55",
        "+56": "-56",
        "+57": "-57",
        "+58": "-58",
        "+59": "-59",
        "+60": "-60",
        "+61": "-61",
        "+62": "-62",
        "+63": "-63",
        "+64": "-64",
        "+65": "-65",
        "+66": "-66",
        "+67": "-67"
    },
    "edges": [
        [    0,    0,  141,  136,  833,  238,  151,   36,  784,  723,  499,  544,  466,   30,  134,  556,  179,  329,  269,  451,  541,  907,  465,  386,  743,  299,  188,  493,  168,  939,  764,  813,  433,  213,  392,   32,  464,  743,  427,  305,  438,  315,  642,  780,  713,  759,  804,  446,  483,  259,  814,   73,  174,  577,  315,  907,  869,  910,  908,   48,  808,  666,  785,  232,  509,  554,  670,  382,  693,  590,  160,  556,  728,  441,  380,  641,  397,  604,  683,  332,  347,  251,  339,  846,  605,  339,  553,  635,  101,  356,  724,  235,  558,  763,  587,  643,  475,  801,  565,  417,  496,  484,  782,  292,  421,  429,  549,  705,  759,  845,  395,  369,  907,   36,  496,  176,  269,  697,  716,  771,  406,  165,  921,  190,  667,  334,  655,  270,  464,  425,  130,  695,  225,  412,  449,  756],
        [    0,    0,    0,    0,    0,    0,    0,    0,    0,    0,    0,    0,    0,    0,    0,    0,    0,    0,    0,    0,    0,    0,    0,    0,    0,    0,    0,    0,    0,    0,    0,    0,    0,    0,    0,    0,    0,    0,    0,    0,    0,    0,    0,    0,    0,    0,    0,    0,    0,    0,    0,    0,    0,    0,    0,    0,    0,    0,    0,    0,    0,    0,    0,    0,    0,    0,    0,    0,    0,    0,    0,    0,    0,    0,    0,    0,    0,    0,    0,    0,    0,    0,    0,    0,    0,    0,    0,    0,    0,    0,    0,    0,    0,    0,    0,    0,    0,    0,    0,    0,    0,    0,    0,    0,    0,    0,    0,    0,    0,    0,    0,    0,    0,    0,    0,    0,    0,    0,    0,    0,    0,    0,    0,    0,    0,    0,    0,    0,    0,    0,    0,    0,    0,    0,    0,    0],
        [  141,    0,    0,  216,  727,  142,  165,  161,  667,  594,  523,  414,  329,  160,  184,  467,   42,  297,  145,  451,  493,  794,  431,  268,  604,  163,   86,  364,  187,  803,  633,  676,  466,  292,  420,  172,  365,  625,  287,  356,  327,  218,  503,  647,  603,  633,  664,  312,  344,  282,  675,  182,  218,  473,  178,  789,  729,  789,  784,  169,  672,  527,  644,  177,  418,  482,  547,  248,  609,  485,  181,  500,  605,  340,  274,  514,  258,  468,  596,  381,  242,  319,  253,  714,  475,  237,  431,  514,   75,  407,  598,   95,  423,  624,  448,  523,  364,  662,  484,  416,  401,  391,  659,  272,  465,  394,  435,  600,  657,  708,  343,  446,  770,  107,  502,   43,  322,  570,  596,  643,  271,  257,  782,   81,  534,  236,  568,  135,  346,  345,  148,  565,  233,  281,  310,  624],
        [  136,    0,  216,    0,  784,  347,  286,  103,  882,  806,  630,  626,  533,  158,  269,  674,  235,  237,  360,  329,  445,  867,  599,  483,  762,  373,  205,  494,  303, 1006,  843,  827,  564,  335,  261,  128,  423,  713,  477,  433,  541,  288,  701,  856,  818,  846,  853,  461,  541,  137,  832,  199,  309,  686,  347,  875,  914,  884,  886,   91,  817,  692,  828,  357,  625,  478,  652,  458,  622,  548,   77,  465,  819,  552,  355,  631,  459,  671,  617,  197,  454,  116,  456,  842,  604,  447,  646,  728,  217,  221,  709,  293,  630,  820,  616,  738,  578,  854,  498,  296,  446,  433,  760,  197,  286,  563,  521,  659,  708,  907,  525,  238,  970,  142,  370,  228,  398,  782,  811,  759,  481,   42,  976,  214,  742,  445,  590,  347,  449,  365,  264,  692,  121,  424,  511,  832],
        [  833,    0,  727,  784,    0,  787,  888,  827,  915,  779, 1214,  705,  626,  861,  911,  938,  687,  560,  727,  590,  413,   96, 1054,  753,  400,  674,  651,  394,  908,  774,  763,  379, 1169, 1018,  678,  855,  369,  139,  565, 1076,  797,  519,  604,  757,  921,  821,  591,  458,  588,  681,  410,  897,  943,  882,  573,  135,  595,  169,  195,  826,  347,  433,  548,  855,  907,  328,  225,  668,  201,  244,  710,  380,  832,  838,  455,  273,  617,  637,  192,  737,  790,  772,  844,  280,  321,  799,  775,  806,  802,  743,  218,  658,  655,  623,  453,  819,  802,  616,  296,  593,  340,  352,  165,  597,  735, 1025,  294,  128,   77,  694,  959,  829,  727,  802,  608,  684, 1045,  781,  855,  225,  664,  809,  682,  651,  698,  809,  211,  687,  386,  419,  873,  280,  669,  472,  607,  743],
        [  238,    0,  142,  347,  787,    0,  146,  269,  546,  492,  429,  319,  264,  240,  187,  327,  152,  431,   64,  588,  612,  842,  301,  152,  588,  119,  212,  398,  157,  719,  536,  663,  383,  281,  561,  267,  450,  669,  260,  303,  200,  320,  437,  553,  476,  526,  606,  335,  292,  424,  657,  237,  196,  340,  216,  828,  674,  821,  811,  281,  667,  506,  595,   69,  279,  585,  584,  175,  699,  555,  322,  615,  493,  205,  358,  543,  212,  393,  683,  523,  110,  457,  112,  722,  498,  102,  318,  399,  138,  548,  626,  140,  343,  557,  430,  407,  238,  598,  579,  554,  488,  481,  693,  409,  607,  265,  494,  665,  724,  631,  208,  583,  692,  214,  640,  160,  278,  465,  479,  665,  197,  386,  714,  204,  445,   98,  655,  101,  404,  450,  148,  581,  375,  316,  256,  531],
        [  151,    0,  165,  286,  888,  146,    0,  186,  671,  630,  365,  461,  408,  137,   43,  423,  203,  446,  203,  586,  651,  952,  315,  292,  726,  253,  250,  513,   22,  862,  676,  801,  305,  140,  537,  169,  530,  780,  397,  191,  329,  383,  583,  694,  594,  661,  751,  454,  436,  399,  796,  112,   57,  455,  322,  943,  819,  940,  933,  199,  802,  645,  740,  102,  378,  646,  699,  320,  774,  647,  294,  661,  626,  322,  437,  662,  352,  538,  761,  480,  242,  402,  214,  852,  620,  230,  452,  531,   95,  505,  746,  233,  487,  702,  567,  538,  366,  743,  648,  551,  565,  556,  810,  415,  569,  279,  594,  762,  819,  775,  248,  520,  836,  149,  634,  206,  158,  602,  608,  789,  342,  316,  859,  246,  588,  221,  733,  228,  504,  509,   23,  707,  358,  428,  399,  672],
        [   36,    0,  161,  103,  827,  269,  186,    0,  814,  750,  529,  571,  489,   56,  167,  590,  194,  309,  296,  423,  521,  904,  500,  415,  755,  322,  193,  499,  203,  963,  790,  824,  463,  237,  361,   30,  459,  742,  445,  333,  468,  312,  663,  805,  744,  787,  823,  456,  503,  231,  826,   99,  207,  609,  327,  906,  888,  911,  910,   13,  818,  679,  803,  266,  542,  541,  673,  406,  681,  586,  137,  538,  757,  473,  378,  645,  418,  627,  673,  299,  378,  217,  372,  852,  612,  370,  582,  664,  132,  323,  727,  253,  582,  784,  601,  672,  506,  822,  554,  390,  489,  477,  784,  272,  388,  464,  548,  700,  753,  868,  430,  334,  930,   57,  467,  190,  297,  724,  745,  775,  430,  130,  942,  197,  692,  366,  645,  293,  466,  415,  165,  701,  201,  421,  470,  781],
        [  784,    0,  667,  882,  915,  546,  671,  814,    0,  137,  697,  275,  386,  786,  712,  276,  652,  880,  523, 1039,  982,  913,  493,  400,  526,  514,  698,  609,  671,  304,  163,  577,  707,  772, 1047,  813,  759,  778,  469,  729,  347,  723,  314,  177,   87,   98,  366,  570,  403,  924,  549,  777,  702,  220,  586,  870,  409,  841,  815,  825,  604,  482,  399,  569,  307,  907,  700,  434,  949,  784,  839,  968,   86,  350,  709,  656,  453,  293,  927, 1031,  438,  981,  457,  687,  615,  447,  238,  157,  683, 1055,  697,  600,  300,  312,  477,  146,  309,  339,  878, 1010,  789,  793,  755,  876, 1105,  499,  719,  843,  891,  290,  470, 1107,  315,  758, 1092,  660,  728,  138,   75,  699,  414,  923,  372,  688,  220,  453,  907,  539,  670,  811,  682,  636,  874,  592,  414,  182],
        [  723,    0,  594,  806,  779,  492,  630,  750,  137,    0,  727,  181,  282,  730,  672,  301,  572,  775,  455,  931,  861,  777,  517,  340,  391,  434,  611,  483,  634,  247,   55,  445,  725,  747,  948,  753,  637,  642,  359,  722,  303,  617,  179,   75,  165,   47,  244,  449,  290,  832,  418,  728,  669,  227,  486,  735,  297,  707,  681,  760,  471,  346,  271,  530,  313,  782,  565,  349,  817,  653,  755,  845,   56,  322,  594,  521,  355,  166,  794,  939,  389,  896,  423,  554,  481,  400,  179,  110,  624,  962,  561,  516,  187,  185,  344,  110,  268,  218,  751,  903,  665,  669,  619,  776, 1008,  514,  589,  708,  756,  191,  470, 1021,  237,  693,  983,  579,  714,   30,   88,  563,  326,  848,  283,  601,   87,  409,  776,  461,  547,  694,  637,  500,  783,  476,  309,   63],
        [  499,    0,  523,  630, 1214,  429,  365,  529,  697,  727,    0,  621,  633,  474,  367,  429,  554,  811,  488,  947, 1014, 1266,  210,  487,  972,  541,  609,  822,  343,  972,  781, 1047,   69,  304,  890,  503,  875, 1093,  665,  201,  471,  736,  769,  802,  611,  737,  929,  759,  671,  757, 1033,  432,  326,  501,  644, 1248,  995, 1237, 1224,  540, 1057,  891,  934,  363,  416, 1003, 1006,  562, 1124,  983,  654, 1023,  695,  434,  783,  962,  612,  717, 1109,  825,  438,  742,  381, 1124,  915,  426,  571,  619,  459,  849, 1043,  564,  668,  869,  824,  617,  490,  912, 1001,  912,  912,  905, 1111,  779,  914,  219,  923, 1093, 1152,  913,  278,  845,  963,  507,  994,  560,  235,  699,  664, 1078,  574,  650, 1005,  603,  729,  415, 1081,  528,  832,  866,  386,  993,  719,  743,  640,  786],
        [  544,    0,  414,  626,  705,  319,  461,  571,  275,  181,  621,    0,  111,  553,  503,  242,  392,  605,  276,  765,  712,  725,  418,  170,  370,  253,  432,  352,  468,  401,  220,  441,  605,  587,  775,  575,  493,  567,  195,  577,  154,  449,  149,  236,  240,  222,  311,  303,  134,  655,  422,  554,  505,  178,  312,  692,  379,  672,  652,  580,  457,  296,  313,  365,  224,  643,  480,  168,  702,  535,  575,  700,  199,  187,  436,  433,  179,   97,  680,  762,  224,  717,  269,  534,  386,  236,   71,  122,  447,  785,  495,  336,   54,  254,  253,  135,  132,  297,  618,  735,  525,  527,  561,  603,  833,  403,  467,  611,  666,  317,  345,  842,  376,  514,  817,  399,  564,  158,  200,  513,  146,  668,  404,  422,  127,  247,  658,  280,  406,  540,  466,  434,  605,  322,  140,  213],
        [  466,    0,  329,  533,  626,  264,  408,  489,  386,  282,  633,  111,    0,  479,  449,  314,  300,  496,  207,  655,  603,  658,  445,  147,  340,  168,  333,  252,  420,  475,  312,  416,  605,  544,  667,  498,  385,  492,   85,  553,  175,  339,  177,  324,  349,  326,  344,  198,   40,  551,  405,  488,  459,  266,  205,  631,  411,  616,  599,  497,  425,  259,  332,  323,  281,  536,  403,   90,  603,  437,  477,  592,  308,  215,  325,  355,   75,  139,  583,  658,  199,  617,  255,  492,  306,  212,  168,  233,  374,  681,  427,  242,   98,  298,  193,  246,  177,  338,  513,  625,  418,  420,  496,  495,  726,  422,  369,  523,  580,  379,  358,  741,  442,  434,  707,  307,  534,  262,  311,  454,   68,  575,  456,  323,  210,  223,  559,  197,  301,  429,  408,  371,  502,  212,   29,  300],
        [   30,    0,  160,  158,  861,  240,  137,   56,  786,  730,  474,  553,  479,    0,  112,  552,  199,  358,  277,  478,  570,  935,  450,  391,  763,  312,  214,  517,  151,  950,  772,  834,  408,  184,  417,   33,  493,  769,  445,  278,  440,  343,  655,  788,  713,  765,  819,  469,  498,  286,  834,   44,  152,  576,  336,  934,  885,  937,  934,   68,  830,  686,  801,  226,  505,  584,  696,  393,  722,  618,  188,  586,  733,  440,  407,  666,  411,  616,  713,  354,  349,  272,  336,  870,  630,  340,  557,  639,  107,  378,  749,  254,  569,  777,  607,  647,  478,  815,  595,  444,  524,  513,  808,  322,  443,  414,  576,  733,  788,  857,  384,  386,  919,   60,  522,  197,  242,  703,  719,  796,  417,  182,  935,  216,  677,  334,  685,  283,  491,  454,  117,  719,  253,  436,  463,  765],
        [  134,    0,  184,  269,  911,  187,   43,  167,  712,  672,  367,  503,  449,  112,    0,  462,  225,  448,  243,  581,  657,  977,  341,  334,  763,  291,  265,  542,   44,  904,  719,  836,  303,  109,  525,  145,  548,  807,  434,  180,  371,  399,  623,  736,  635,  703,  792,  485,  475,  390,  832,   78,   42,  496,  352,  970,  859,  969,  963,  179,  837,  681,  780,  144,  418,  658,  727,  360,  790,  669,  288,  669,  668,  363,  457,  692,  391,  579,  778,  465,  284,  383,  256,  885,  650,  272,  495,  573,  110,  489,  776,  262,  529,  744,  603,  580,  409,  784,  663,  546,  583,  573,  839,  415,  554,  306,  618,  784,  841,  817,  282,  497,  878,  141,  627,  227,  144,  644,  650,  819,  382,  294,  900,  262,  630,  264,  749,  264,  529,  523,   42,  738,  353,  457,  439,  714],
        [  556,    0,  467,  674,  938,  327,  423,  590,  276,  301,  429,  242,  314,  552,  462,    0,  466,  733,  331,  896,  884,  964,  221,  222,  610,  350,  523,  563,  419,  544,  355,  679,  434,  506,  881,  582,  680,  802,  387,  456,  160,  594,  381,  376,  190,  308,  521,  504,  351,  746,  659,  534,  444,   76,  455,  932,  584,  913,  893,  602,  697,  537,  535,  327,   49,  832,  713,  299,  912,  748,  647,  879,  266,  131,  605,  666,  344,  331,  892,  847,  228,  783,  219,  775,  617,  230,  174,  196,  460,  873,  733,  428,  295,  459,  491,  192,  140,  500,  813,  862,  717,  715,  800,  719,  930,  224,  679,  836,  893,  490,  197,  910,  537,  537,  949,  474,  457,  274,  236,  753,  292,  712,  582,  513,  317,  231,  868,  363,  604,  710,  438,  673,  696,  509,  336,  362],
        [  179,    0,   42,  235,  687,  152,  203,  194,  652,  572,  554,  392,  300,  199,  225,  466,    0,  280,  136,  438,  466,  753,  450,  257,  565,  139,   62,  322,  224,  774,  608,  635,  499,  333,  416,  209,  327,  584,  252,  393,  319,  183,  472,  622,  591,  612,  630,  271,  311,  282,  636,  224,  257,  465,  138,  748,  694,  747,  743,  201,  632,  488,  609,  199,  417,  449,  506,  224,  573,  445,  188,  472,  586,  337,  235,  472,  227,  439,  560,  385,  238,  329,  259,  673,  434,  236,  415,  496,  116,  410,  556,   60,  396,  592,  409,  507,  353,  629,  449,  403,  364,  355,  618,  258,  466,  413,  394,  560,  618,  678,  358,  456,  740,  144,  490,    9,  360,  548,  579,  602,  247,  277,  750,   53,  508,  237,  532,  114,  305,  312,  187,  523,  231,  239,  279,  598],
        [  329,    0,  297,  237,  560,  431,  446,  309,  880,  775,  811,  605,  496,  358,  448,  733,  280,    0,  405,  163,  213,  648,  727,  514,  619,  385,  219,  348,  468,  930,  798,  671,  750,  540,  178,  339,  223,  508,  416,  627,  578,  159,  630,  807,  833,  820,  752,  345,  486,  122,  684,  402,  489,  720,  294,  662,  804,  676,  684,  303,  655,  565,  719,  474,  686,  243,  463,  453,  388,  337,  173,  230,  803,  603,  197,  454,  427,  616,  384,  199,  509,  214,  537,  661,  441,  509,  649,  724,  353,  214,  521,  306,  589,  735,  500,  736,  608,  761,  267,  131,  235,  221,  561,   40,  242,  691,  329,  439,  483,  828,  637,  296,  887,  310,  217,  272,  591,  757,  805,  573,  470,  255,  879,  228,  696,  512,  358,  371,  285,  150,  425,  519,  116,  310,  468,  783],
        [  269,    0,  145,  360,  727,   64,  203,  296,  523,  455,  488,  276,  207,  277,  243,  331,  136,  405,    0,  567,  574,  780,  345,  124,  526,   55,  192,  336,  217,  673,  496,  600,  445,  342,  550,  299,  398,  607,  197,  367,  184,  279,  383,  512,  459,  492,  551,  273,  233,  417,  594,  282,  257,  330,  160,  765,  618,  758,  748,  306,  603,  443,  538,  133,  283,  539,  521,  119,  646,  498,  321,  574,  462,  202,  309,  480,  150,  342,  630,  520,  105,  462,  136,  659,  434,  104,  288,  370,  171,  545,  563,  101,  293,  504,  367,  379,  220,  545,  530,  533,  436,  430,  630,  388,  601,  311,  436,  606,  666,  582,  248,  589,  644,  239,  620,  144,  342,  429,  452,  601,  142,  401,  662,  182,  400,  108,  602,   43,  346,  406,  202,  517,  366,  255,  197,  488],
        [  451,    0,  451,  329,  590,  588,  586,  423, 1039,  931,  947,  765,  655,  478,  581,  896,  438,  163,  567,    0,  179,  685,  881,  676,  738,  548,  377,  479,  607, 1072,  951,  780,  883,  660,   98,  452,  330,  575,  573,  755,  741,  317,  779,  959,  995,  977,  888,  490,  641,  193,  797,  522,  622,  883,  456,  711,  935,  733,  746,  414,  759,  695,  852,  627,  848,  266,  553,  615,  393,  411,  294,  211,  962,  766,  340,  556,  588,  770,  399,  174,  671,  245,  696,  750,  555,  670,  810,  885,  497,  169,  609,  468,  745,  877,  638,  897,  771,  900,  305,   36,  324,  312,  634,  180,  146,  844,  428,  487,  516,  970,  793,  249, 1028,  441,   54,  429,  719,  914,  965,  659,  631,  326, 1014,  387,  850,  672,  380,  533,  412,  255,  564,  622,  228,  459,  626,  935],
        [  541,    0,  493,  445,  413,  612,  651,  521,  982,  861, 1014,  712,  603,  570,  657,  884,  466,  213,  574,  179,    0,  508,  913,  663,  607,  539,  408,  381,  673,  967,  872,  638,  955,  752,  272,  551,  225,  410,  518,  836,  725,  296,  693,  876,  951,  908,  777,  413,  580,  315,  659,  613,  697,  857,  430,  537,  814,  561,  576,  515,  614,  579,  737,  665,  840,  100,  404,  587,  215,  259,  385,   33,  899,  757,  281,  417,  548,  695,  221,  340,  671,  394,  709,  594,  428,  675,  769,  834,  556,  341,  456,  475,  682,  776,  536,  847,  748,  792,  142,  187,  200,  193,  471,  251,  324,  877,  296,  316,  340,  868,  818,  425,  921,  520,  198,  459,  800,  849,  909,  503,  598,  456,  899,  415,  776,  680,  204,  534,  315,  175,  631,  479,  325,  391,  574,  854],
        [  907,    0,  794,  867,   96,  842,  952,  904,  913,  777, 1266,  725,  658,  935,  977,  964,  753,  648,  780,  685,  508,    0, 1096,  793,  388,  726,  722,  445,  972,  743,  755,  350, 1224, 1086,  772,  930,  446,  173,  605, 1138,  832,  593,  610,  747,  928,  816,  569,  508,  618,  769,  381,  969, 1008,  903,  632,   55,  563,   94,  125,  903,  319,  438,  528,  911,  937,  422,  261,  710,  297,  320,  791,  475,  832,  872,  528,  306,  659,  648,  288,  829,  834,  861,  889,  240,  354,  844,  795,  818,  869,  835,  232,  720,  673,  609,  473,  829,  833,  596,  388,  687,  421,  434,  164,  683,  829, 1069,  360,  210,  170,  671, 1003,  921,  697,  875,  704,  752, 1108,  783,  858,  216,  703,  894,  647,  722,  702,  855,  305,  742,  449,  504,  939,  291,  754,  527,  642,  735],
        [  465,    0,  431,  599, 1054,  301,  315,  500,  493,  517,  210,  418,  445,  450,  341,  221,  450,  727,  345,  881,  913, 1096,    0,  304,  778,  390,  510,  661,  300,  762,  572,  852,  215,  341,  842,  482,  742,  926,  492,  264,  274,  620,  566,  592,  406,  528,  722,  597,  484,  704,  836,  418,  308,  291,  503, 1073,  788, 1059, 1044,  513,  865,  699,  729,  255,  206,  883,  837,  387,  989,  836,  598,  915,  486,  234,  653,  791,  439,  514,  972,  792,  265,  715,  213,  936,  742,  257,  364,  409,  389,  817,  868,  439,  467,  662,  637,  408,  287,  704,  874,  846,  780,  774,  937,  702,  880,   38,  771,  939,  998,  703,   97,  834,  753,  459,  932,  457,  277,  489,  456,  898,  394,  630,  795,  502,  520,  248,  945,  387,  684,  748,  336,  814,  658,  589,  457,  576],
        [  386,    0,  268,  483,  753,  152,  292,  415,  400,  340,  487,  170,  147,  391,  334,  222,  257,  514,  124,  676,  663,  793,  304,    0,  487,  129,  310,  363,  299,  571,  385,  562,  459,  418,  668,  416,  464,  623,  189,  414,   65,  372,  302,  403,  336,  374,  471,  300,  185,  537,  550,  389,  336,  209,  234,  770,  539,  756,  742,  426,  571,  405,  466,  195,  178,  614,  534,   86,  704,  543,  444,  658,  342,   95,  384,  488,  137,  253,  685,  641,   56,  585,  109,  638,  439,   69,  167,  249,  286,  666,  565,  212,  202,  418,  338,  258,   97,  460,  598,  644,  501,  499,  633,  501,  720,  278,  476,  641,  700,  486,  213,  712,  546,  359,  730,  265,  398,  313,  330,  595,   91,  524,  571,  299,  297,   81,  659,  146,  394,  489,  297,  511,  486,  298,  154,  380],
        [  743,    0,  604,  762,  400,  588,  726,  755,  526,  391,  972,  370,  340,  763,  763,  610,  565,  619,  526,  738,  607,  388,  778,  487,    0,  473,  565,  275,  741,  383,  368,   76,  945,  866,  792,  773,  408,  271,  330,  888,  505,  485,  233,  360,  546,  429,  193,  302,  304,  721,   72,  784,  781,  541,  429,  344,  212,  317,  292,  759,   88,   83,  150,  654,  592,  510,  218,  420,  488,  352,  689,  581,  446,  545,  426,  192,  377,  279,  466,  816,  538,  809,  594,  167,  183,  551,  436,  442,  669,  833,  189,  511,  317,  224,  160,  453,  494,  217,  470,  721,  416,  428,  236,  639,  856,  759,  313,  359,  394,  296,  695,  912,  335,  708,  780,  568,  865,  399,  474,  177,  403,  801,  300,  560,  319,  563,  456,  499,  335,  485,  721,  138,  684,  339,  338,  348],
        [  299,    0,  163,  373,  674,  119,  253,  322,  514,  434,  541,  253,  168,  312,  291,  350,  139,  385,   55,  548,  539,  726,  390,  129,  473,    0,  185,  282,  269,  641,  471,  548,  499,  393,  541,  330,  353,  553,  144,  421,  193,  246,  344,  485,  457,  474,  509,  219,  188,  412,  543,  322,  308,  337,  114,  710,  575,  703,  693,  331,  550,  392,  493,  188,  303,  498,  467,   86,  599,  447,  325,  537,  447,  220,  267,  425,  102,  306,  582,  518,  133,  467,  178,  604,  379,  138,  277,  358,  207,  542,  508,   86,  261,  465,  314,  369,  224,  504,  486,  515,  391,  386,  575,  373,  595,  358,  384,  554,  614,  547,  294,  593,  609,  266,  601,  147,  396,  410,  441,  546,  109,  415,  624,  175,  372,  145,  555,   30,  295,  368,  249,  463,  362,  203,  152,  461],
        [  188,    0,   86,  205,  651,  212,  250,  193,  698,  611,  609,  432,  333,  214,  265,  523,   62,  219,  192,  377,  408,  722,  510,  310,  565,  185,    0,  307,  272,  802,  644,  633,  552,  370,  359,  215,  285,  556,  272,  440,  373,  135,  497,  657,  641,  653,  648,  265,  337,  228,  636,  248,  301,  518,  142,  720,  710,  723,  721,  196,  626,  492,  624,  259,  475,  396,  483,  266,  526,  408,  144,  415,  629,  393,  196,  454,  259,  469,  513,  334,  296,  286,  320,  660,  419,  295,  462,  542,  157,  358,  536,  100,  430,  615,  414,  553,  406,  650,  399,  343,  319,  309,  594,  198,  411,  474,  363,  523,  579,  703,  419,  411,  765,  155,  430,   54,  406,  589,  625,  584,  287,  247,  771,   11,  542,  296,  485,  164,  277,  260,  232,  509,  177,  229,  309,  632],
        [  493,    0,  364,  494,  394,  398,  513,  499,  609,  483,  822,  352,  252,  517,  542,  563,  322,  348,  336,  479,  381,  445,  661,  363,  275,  282,  307,    0,  532,  594,  492,  334,  780,  650,  523,  521,  158,  272,  177,  695,  412,  211,  313,  496,  589,  530,  410,   65,  219,  446,  343,  545,  569,  517,  191,  432,  458,  428,  422,  502,  324,  218,  374,  466,  526,  299,  187,  277,  352,  186,  419,  363,  525,  451,  152,  151,  226,  318,  331,  543,  397,  534,  450,  354,  113,  406,  416,  470,  437,  560,  235,  280,  312,  400,  159,  483,  423,  421,  269,  458,  182,  188,  298,  366,  588,  632,  118,  279,  338,  493,  566,  638,  550,  459,  526,  323,  666,  474,  538,  280,  276,  531,  536,  303,  398,  416,  308,  297,   69,  226,  501,  203,  409,   85,  227,  474],
        [  168,    0,  187,  303,  908,  157,   22,  203,  671,  634,  343,  468,  420,  151,   44,  419,  224,  468,  217,  607,  673,  972,  300,  299,  741,  269,  272,  532,    0,  869,  682,  816,  283,  125,  556,  183,  551,  800,  412,  170,  332,  404,  593,  700,  592,  664,  762,  473,  448,  419,  811,  121,   40,  454,  342,  962,  830,  959,  952,  215,  818,  660,  751,  105,  374,  668,  718,  331,  796,  668,  314,  683,  628,  322,  459,  681,  366,  547,  783,  499,  246,  419,  215,  870,  638,  234,  456,  534,  117,  523,  765,  252,  496,  712,  582,  540,  369,  753,  670,  572,  587,  578,  829,  436,  587,  264,  615,  782,  840,  783,  238,  536,  844,  168,  655,  228,  137,  606,  609,  807,  353,  332,  868,  268,  595,  225,  754,  244,  524,  531,   43,  724,  379,  447,  412,  677],
        [  939,    0,  803, 1006,  774,  719,  862,  963,  304,  247,  972,  401,  475,  950,  904,  544,  774,  930,  673, 1072,  967,  743,  762,  571,  383,  641,  802,  594,  869,    0,  194,  396,  971,  986, 1107,  970,  750,  652,  532,  966,  543,  774,  306,  174,  378,  237,  194,  585,  465, 1007,  365,  954,  905,  472,  664,  691,  181,  656,  626,  971,  428,  390,  236,  765,  559,  875,  599,  558,  869,  724,  945,  945,  279,  565,  735,  567,  547,  336,  847, 1112,  623, 1082,  663,  503,  544,  635,  420,  356,  844, 1133,  571,  715,  381,  196,  436,  356,  510,  176,  838, 1049,  768,  777,  610,  939, 1170,  760,  673,  741,  776,  102,  716, 1201,   49,  907, 1120,  780,  957,  276,  312,  551,  534, 1047,   99,  793,  275,  645,  836,  670,  663,  819,  866,  520,  961,  620,  496,  193],
        [  764,    0,  633,  843,  763,  536,  676,  790,  163,   55,  781,  220,  312,  772,  719,  355,  608,  798,  496,  951,  872,  755,  572,  385,  368,  471,  644,  492,  682,  194,    0,  415,  779,  796,  973,  795,  648,  628,  384,  774,  353,  640,  179,   21,  210,   67,  204,  464,  314,  861,  387,  773,  717,  281,  514,  711,  251,  681,  654,  799,  443,  333,  236,  577,  367,  789,  555,  386,  814,  653,  788,  854,  100,  373,  612,  513,  386,  182,  791,  968,  436,  929,  473,  526,  476,  448,  228,  163,  666,  990,  546,  551,  215,  150,  343,  164,  319,  177,  756,  925,  673,  679,  601,  801, 1034,  568,  592,  700,  745,  140,  523, 1052,  183,  733, 1002,  615,  765,   83,  134,  543,  362,  884,  230,  634,  103,  457,  775,  499,  557,  708,  682,  486,  813,  493,  337,   21],
        [  813,    0,  676,  827,  379,  663,  801,  824,  577,  445, 1047,  441,  416,  834,  836,  679,  635,  671,  600,  780,  638,  350,  852,  562,   76,  548,  633,  334,  816,  396,  415,    0, 1020,  940,  840,  842,  454,  265,  404,  963,  580,  545,  300,  404,  605,  479,  221,  369,  379,  778,   32,  856,  855,  610,  499,  301,  216,  268,  240,  828,   32,  159,  182,  729,  664,  539,  236,  496,  497,  379,  752,  610,  501,  618,  483,  224,  453,  348,  475,  869,  614,  867,  670,  112,  231,  627,  506,  506,  741,  885,  191,  583,  388,  266,  234,  516,  568,  248,  498,  766,  456,  469,  216,  694,  904,  833,  352,  362,  388,  322,  770,  966,  349,  778,  819,  638,  941,  456,  530,  159,  479,  864,  304,  628,  380,  638,  470,  573,  389,  531,  795,  160,  743,  405,  413,  396],
        [  433,    0,  466,  564, 1169,  383,  305,  463,  707,  725,   69,  605,  605,  408,  303,  434,  499,  750,  445,  883,  955, 1224,  215,  459,  945,  499,  552,  780,  283,  971,  779, 1020,    0,  236,  824,  437,  824, 1052,  630,  133,  451,  682,  751,  799,  621,  739,  915,  717,  642,  692, 1008,  365,  262,  502,  598, 1209,  982, 1200, 1189,  474, 1029,  863,  916,  315,  413,  947,  965,  529, 1072,  935,  590,  965,  698,  418,  731,  923,  577,  699, 1057,  759,  407,  675,  351, 1092,  877,  394,  561,  616,  399,  782, 1005,  515,  649,  856,  793,  616,  475,  899,  948,  848,  861,  852, 1073,  717,  847,  212,  876, 1046, 1106,  906,  261,  777,  959,  443,  929,  505,  167,  696,  669, 1042,  543,  583,  997,  547,  719,  383, 1029,  484,  785,  811,  325,  957,  656,  699,  609,  782],
        [  213,    0,  292,  335, 1018,  281,  140,  237,  772,  747,  304,  587,  544,  184,  109,  506,  333,  540,  342,  660,  752, 1086,  341,  418,  866,  393,  370,  650,  125,  986,  796,  940,  236,    0,  595,  209,  655,  915,  537,  104,  444,  505,  716,  815,  690,  774,  885,  593,  573,  467,  935,  140,   86,  553,  460, 1079,  953, 1077, 1071,  247,  942,  784,  875,  224,  467,  759,  836,  456,  894,  776,  372,  766,  736,  428,  564,  800,  491,  669,  882,  526,  364,  442,  324,  992,  758,  351,  569,  643,  217,  549,  884,  370,  618,  834,  707,  648,  479,  876,  766,  627,  689,  679,  947,  504,  614,  312,  727,  891,  948,  903,  311,  542,  962,  232,  703,  335,   72,  718,  715,  927,  477,  350,  989,  368,  713,  341,  854,  368,  637,  626,  149,  846,  437,  565,  537,  793],
        [  392,    0,  420,  261,  678,  561,  537,  361, 1047,  948,  890,  775,  667,  417,  525,  881,  416,  178,  550,   98,  272,  772,  842,  668,  792,  541,  359,  523,  556, 1107,  973,  840,  824,  595,    0,  388,  387,  652,  590,  693,  731,  334,  807,  982,  996,  993,  929,  523,  659,  139,  855,  459,  566,  876,  463,  795,  980,  815,  826,  350,  821,  741,  895,  591,  833,  351,  621,  616,  484,  483,  245,  302,  973,  752,  374,  618,  596,  791,  488,   80,  654,  160,  672,  820,  611,  652,  813,  891,  454,   72,  679,  457,  762,  912,  677,  903,  764,  938,  386,   86,  388,  375,  710,  173,   65,  805,  490,  569,  603, 1005,  760,  154, 1064,  389,  118,  407,  658,  929,  973,  729,  635,  249, 1056,  369,  871,  652,  468,  522,  458,  310,  515,  684,  187,  488,  639,  958],
        [   32,    0,  172,  128,  855,  267,  169,   30,  813,  753,  503,  575,  498,   33,  145,  582,  209,  339,  299,  452,  551,  930,  482,  416,  773,  330,  215,  521,  183,  970,  795,  842,  437,  209,  388,    0,  486,  767,  459,  306,  466,  338,  673,  810,  741,  789,  835,  475,  514,  259,  844,   72,  183,  604,  345,  931,  900,  936,  934,   39,  837,  696,  816,  256,  535,  570,  696,  413,  710,  612,  167,  568,  758,  469,  404,  668,  428,  636,  702,  323,  376,  241,  365,  874,  633,  367,  582,  664,  130,  347,  750,  266,  589,  794,  617,  673,  504,  832,  583,  419,  516,  504,  808,  302,  412,  447,  573,  727,  781,  877,  416,  353,  939,   66,  495,  206,  270,  727,  745,  798,  437,  150,  952,  218,  698,  362,  674,  301,  490,  443,  149,  723,  230,  441,  480,  787],
        [  464,    0,  365,  423,  369,  450,  530,  459,  759,  637,  875,  493,  385,  493,  548,  680,  327,  223,  398,  330,  225,  446,  742,  464,  408,  353,  285,  158,  551,  750,  648,  454,  824,  655,  387,  486,    0,  292,  301,  720,  523,  151,  470,  652,  732,  684,  562,  190,  359,  339,  469,  530,  583,  646,  240,  453,  606,  462,  466,  458,  435,  366,  524,  513,  639,  153,  241,  382,  250,  127,  346,  209,  676,  558,   93,  233,  338,  471,  234,  421,  484,  432,  530,  439,  226,  490,  552,  614,  439,  434,  299,  311,  460,  556,  315,  627,  542,  576,  134,  313,   39,   36,  342,  252,  451,  708,  106,  241,  296,  649,  645,  517,  704,  434,  374,  324,  687,  625,  686,  351,  389,  452,  687,  287,  552,  497,  206,  356,   91,   77,  513,  298,  315,  174,  357,  630],
        [  743,    0,  625,  713,  139,  669,  780,  742,  778,  642, 1093,  567,  492,  769,  807,  802,  584,  508,  607,  575,  410,  173,  926,  623,  271,  553,  556,  272,  800,  652,  628,  265, 1052,  915,  652,  767,  292,    0,  435,  965,  664,  432,  466,  623,  783,  684,  464,  335,  453,  627,  294,  802,  837,  744,  459,  165,  476,  171,  176,  742,  234,  296,  420,  738,  772,  312,   90,  539,  237,  172,  637,  379,  694,  705,  364,  137,  488,  498,  217,  700,  663,  720,  718,  190,  186,  673,  637,  668,  699,  710,   83,  548,  517,  491,  315,  680,  667,  487,  272,  570,  274,  288,   61,  540,  714,  898,  195,  102,  124,  566,  832,  795,  604,  710,  605,  583,  936,  643,  717,  107,  533,  743,  564,  555,  560,  683,  218,  569,  280,  359,  768,  143,  606,  355,  474,  608],
        [  427,    0,  287,  477,  565,  260,  397,  445,  469,  359,  665,  195,   85,  445,  434,  387,  252,  416,  197,  573,  518,  605,  492,  189,  330,  144,  272,  177,  412,  532,  384,  404,  630,  537,  590,  459,  301,  435,    0,  562,  236,  258,  226,  394,  433,  405,  379,  117,   70,  480,  399,  461,  452,  346,  133,  584,  443,  573,  560,  452,  407,  248,  358,  327,  350,  453,  345,  105,  526,  361,  414,  508,  389,  275,  241,  300,   54,  203,  506,  586,  230,  552,  286,  464,  252,  240,  252,  317,  345,  608,  379,  193,  173,  344,  171,  330,  247,  379,  431,  545,  336,  336,  447,  418,  651,  465,  293,  455,  513,  432,  399,  672,  494,  393,  625,  257,  538,  342,  394,  413,  100,  518,  500,  264,  281,  251,  481,  170,  219,  345,  392,  328,  432,  128,   56,  370],
        [  305,    0,  356,  433, 1076,  303,  191,  333,  729,  722,  201,  577,  553,  278,  180,  456,  393,  627,  367,  755,  836, 1138,  264,  414,  888,  421,  440,  695,  170,  966,  774,  963,  133,  104,  693,  306,  720,  965,  562,    0,  426,  573,  716,  793,  644,  743,  884,  634,  587,  563,  955,  235,  140,  512,  507, 1126,  952, 1121, 1113,  344,  968,  805,  880,  235,  423,  835,  882,  469,  965,  837,  463,  847,  704,  401,  628,  843,  511,  666,  952,  627,  359,  543,  309, 1025,  798,  346,  547,  614,  284,  650,  926,  419,  615,  829,  731,  617,  457,  872,  839,  721,  756,  747,  992,  593,  715,  241,  782,  951, 1009,  891,  260,  645,  948,  318,  800,  397,   37,  693,  679,  967,  487,  451,  979,  436,  700,  334,  923,  401,  691,  699,  209,  883,  529,  611,  551,  773],
        [  438,    0,  327,  541,  797,  200,  329,  468,  347,  303,  471,  154,  175,  440,  371,  160,  319,  578,  184,  741,  725,  832,  274,   65,  505,  193,  373,  412,  332,  543,  353,  580,  451,  444,  731,  466,  523,  664,  236,  426,    0,  435,  300,  372,  277,  332,  464,  351,  214,  599,  564,  432,  366,  146,  296,  805,  532,  790,  773,  479,  592,  426,  465,  228,  117,  673,  575,  141,  758,  596,  505,  720,  297,   41,  446,  528,  188,  248,  739,  703,   91,  645,  121,  663,  479,  101,  125,  203,  337,  728,  602,  275,  199,  407,  366,  209,   39,  450,  656,  708,  560,  558,  670,  565,  783,  254,  528,  690,  748,  466,  193,  772,  523,  412,  794,  327,  414,  275,  281,  628,  137,  581,  554,  363,  275,  108,  714,  210,  449,  551,  338,  545,  549,  353,  191,  351],
        [  315,    0,  218,  288,  519,  320,  383,  312,  723,  617,  736,  449,  339,  343,  399,  594,  183,  159,  279,  317,  296,  593,  620,  372,  485,  246,  135,  211,  404,  774,  640,  545,  682,  505,  334,  338,  151,  432,  258,  573,  435,    0,  473,  649,  680,  662,  602,  193,  327,  239,  553,  379,  435,  573,  141,  595,  657,  601,  602,  311,  533,  422,  571,  377,  548,  267,  366,  302,  392,  276,  212,  296,  646,  465,   68,  344,  272,  458,  379,  340,  377,  325,  414,  555,  318,  380,  495,  569,  291,  360,  422,  181,  431,  580,  352,  581,  462,  609,  267,  287,  185,  174,  475,  165,  397,  584,  237,  391,  446,  673,  524,  433,  733,  284,  369,  178,  540,  599,  649,  472,  317,  323,  728,  138,  538,  385,  351,  239,  162,  131,  365,  405,  199,  156,  310,  625],
        [  642,    0,  503,  701,  604,  437,  583,  663,  314,  179,  769,  149,  177,  655,  623,  381,  472,  630,  383,  779,  693,  610,  566,  302,  233,  344,  497,  313,  593,  306,  179,  300,  751,  716,  807,  673,  470,  466,  226,  716,  300,  473,    0,  183,  319,  224,  170,  289,  161,  703,  278,  664,  632,  310,  359,  571,  238,  547,  524,  671,  320,  173,  166,  493,  369,  610,  387,  265,  639,  476,  640,  675,  229,  335,  439,  343,  246,   53,  616,  808,  357,  777,  408,  400,  302,  371,  209,  210,  551,  830,  387,  413,  102,  122,  166,  221,  280,  162,  578,  754,  495,  501,  449,  637,  869,  551,  414,  530,  578,  207,  493,  897,  269,  609,  829,  478,  699,  177,  251,  394,  242,  743,  280,  489,   95,  382,  598,  373,  379,  532,  583,  325,  656,  321,  194,  161],
        [  780,    0,  647,  856,  757,  553,  694,  805,  177,   75,  802,  236,  324,  788,  736,  376,  622,  807,  512,  959,  876,  747,  592,  403,  360,  485,  657,  496,  700,  174,   21,  404,  799,  815,  982,  810,  652,  623,  394,  793,  372,  649,  183,    0,  228,   83,  190,  470,  324,  872,  375,  790,  736,  302,  525,  702,  234,  671,  644,  814,  432,  329,  224,  595,  387,  792,  552,  400,  813,  653,  800,  857,  119,  393,  619,  511,  399,  192,  790,  979,  454,  941,  492,  516,  475,  466,  247,  184,  682, 1001,  541,  564,  227,  139,  345,  185,  338,  162,  758,  933,  677,  683,  594,  811, 1043,  589,  593,  697,  741,  120,  543, 1064,  162,  749, 1009,  629,  784,  103,  153,  536,  377,  898,  210,  647,  115,  475,  774,  513,  562,  714,  700,  481,  824,  501,  349,   25],
        [  713,    0,  603,  818,  921,  476,  594,  744,   87,  165,  611,  240,  349,  713,  635,  190,  591,  833,  459,  995,  951,  928,  406,  336,  546,  457,  641,  589,  592,  378,  210,  605,  621,  690,  996,  741,  732,  783,  433,  644,  277,  680,  319,  228,    0,  147,  408,  542,  373,  869,  579,  702,  622,  139,  540,  888,  460,  862,  838,  756,  629,  491,  434,  493,  224,  882,  700,  382,  937,  770,  778,  939,  111,  274,  673,  654,  409,  285,  915,  974,  367,  920,  380,  712,  610,  375,  185,  120,  613,  999,  705,  542,  278,  349,  472,  107,  240,  382,  856,  964,  764,  766,  767,  826, 1051,  413,  703,  839,  891,  348,  385, 1047,  382,  689, 1048,  600,  644,  149,   77,  712,  364,  858,  435,  631,  227,  380,  894,  479,  645,  777,  606,  643,  818,  560,  377,  224],
