{
    "name": "random-2-27145",
    "comment": "size=2 seed=27145",
    "nodes": ["+0", "-0", "+1", "-1", "+2", "-2"],
    "precedence": {
        "+0": "-0",
        "+1": "-1",
        "+2": "-2"
    },
    "edges": [
        [    0,    0,  569,  702,  811,  759],
        [    0,    0,  569,  702,  811,  759],
        [  569,  569,    0,  289,  296,  556],
        [  702,  702,  289,    0,  163,  842],
        [  811,  811,  296,  163,    0,  799],
        [  759,  759,  556,  842,  799,    0]
    ]
}
