{
    "name": "random-21-21516",
    "comment": "size=21 seed=21516",
    "nodes": ["+0", "-0", "+1", "-1", "+2", "-2", "+3", "-3", "+4", "-4", "+5", "-5", "+6", "-6", "+7", "-7", "+8", "-8", "+9", "-9", "+10", "-10", "+11", "-11", "+12", "-12", "+13", "-13", "+14", "-14", "+15", "-15", "+16", "-16", "+17", "-17", "+18", "-18", "+19", "-19", "+20", "-20", "+21", "-21"],
    "precedence": {
        "+0": "-0",
        "+1": "-1",
        "+2": "-2",
        "+3": "-3",
        "+4": "-4",
        "+5": "-5",
        "+6": "-6",
        "+7": "-7",
        "+8": "-8",
        "+9": "-9",
        "+10": "-10",
        "+11": "-11",
        "+12": "-12",
        "+13": "-13",
        "+14": "-14",
        "+15": "-15",
        "+16": "-16",
        "+17": "-17",
        "+18": "-18",
        "+19": "-19",
        "+20": "-20",
        "+21": "-21"
    },
    "edges": [
        [    0,    0,  168,  722,  206,  498,  540,  275,  366,  102,  676,  429,  280,  345,  257,  646,  342,   42,  455,  452,  389,  369,  375,  532,  263,  580,  579,  431,  450,  628,   69,   99,  528,  111,  432,  350,  648,  430,  291,  529,  223,  616,  531,  389],
        [    0,    0,  168,  722,  206,  498,  540,  275,  366,  102,  676,  429,  280,  345,  257,  646,  342,   42,  455,  452,  389,  369,  375,  532,  263,  580,  579,  431,  450,  628,   69,   99,  528,  111,  432,  350,  648,  430,  291,  529,  223,  616,  531,  389],
        [  168,  168,    0,  886,  342,  665,  637,  363,  278,   74,  705,  464,  364,  471,  146,  651,  175,  207,  594,  480,  223,  202,  344,  600,  255,  579,  731,  299,  592,  792,  139,   98,  692,  266,  300,  516,  645,  560,  423,  687,  370,  645,  365,  553],
        [  722,  722,  886,    0,  647,  302,  782,  751, 1049,  823,  836,  915,  634,  643,  920,  904, 1056,  689,  372,  767, 1109, 1079,  871,  656,  899,  890,  221, 1141,  357,   95,  775,  795,  194,  654, 1141,  378,  927,  427,  630,  218,  528,  815, 1235,  334],
        [  206,  206,  342,  647,    0,  370,  345,  122,  409,  270,  832,  307,  425,  139,  459,  821,  507,  171,  489,  622,  539,  538,  573,  664,  254,  760,  565,  515,  475,  555,  204,  302,  465,  102,  516,  283,  826,  487,   85,  498,  291,  776,  698,  343],
        [  498,  498,  665,  302,  370,    0,  486,  461,  779,  594,  859,  616,  528,  344,  737,  893,  839,  459,  371,  713,  883,  866,  757,  664,  623,  856,  328,  882,  348,  224,  536,  589,  178,  405,  883,  175,  910,  410,  337,  257,  371,  818, 1028,  189],
        [  540,  540,  637,  782,  345,  486,    0,  275,  553,  574, 1170,  253,  765,  216,  774, 1163,  770,  510,  770,  965,  780,  802,  914,  993,  423, 1104,  792,  679,  751,  709,  515,  627,  652,  445,  679,  523, 1170,  784,  270,  718,  617, 1116,  947,  583],
        [  275,  275,  363,  751,  122,  461,  275,    0,  339,  299,  936,  185,  530,  139,  499,  916,  505,  251,  611,  719,  523,  537,  648,  775,  183,  852,  684,  458,  597,  661,  241,  355,  577,  199,  459,  399,  919,  608,  125,  615,  408,  879,  689,  461],
        [  366,  366,  278, 1049,  409,  779,  553,  339,    0,  286,  982,  311,  627,  478,  403,  926,  287,  384,  820,  757,  264,  313,  616,  872,  159,  853,  934,  126,  813,  955,  299,  358,  860,  399,  127,  673,  918,  796,  456,  877,  587,  922,  420,  726],
        [  102,  102,   74,  823,  270,  594,  574,  299,  286,    0,  712,  418,  342,  400,  201,  668,  246,  137,  548,  485,  290,  274,  372,  589,  220,  598,  678,  335,  545,  729,   66,   78,  630,  193,  336,  450,  666,  519,  352,  629,  318,  652,  437,  490],
        [  676,  676,  705,  836,  832,  859, 1170,  936,  982,  712,    0, 1104,  408,  954,  595,  109,  766,  689,  497,  228,  828,  763,  381,  195,  929,  163,  619,  982,  519,  786,  734,  635,  727,  739,  983,  706,  136,  451,  901,  651,  556,   61,  839,  671],
        [  429,  429,  464,  915,  307,  616,  253,  185,  311,  418, 1104,    0,  701,  272,  609, 1074,  561,  416,  796,  881,  558,  592,  788,  951,  213, 1007,  864,  435,  781,  828,  378,  489,  749,  376,  435,  578, 1075,  792,  289,  794,  590, 1045,  722,  641],
        [  280,  280,  364,  634,  425,  528,  765,  530,  627,  342,  408,  701,    0,  551,  322,  401,  493,  286,  276,  203,  556,  505,  239,  253,  542,  347,  433,  662,  284,  552,  344,  271,  460,  332,  663,  355,  410,  227,  496,  417,  166,  352,  641,  347],
        [  345,  345,  471,  643,  139,  344,  216,  139,  478,  400,  954,  272,  551,    0,  594,  950,  627,  309,  566,  751,  651,  658,  711,  778,  321,  892,  608,  596,  548,  558,  336,  439,  483,  240,  597,  326,  957,  575,   56,  536,  401,  900,  815,  389],
        [  257,  257,  146,  920,  459,  737,  774,  499,  403,  201,  595,  609,  322,  594,    0,  528,  180,  297,  588,  378,  244,  186,  217,  521,  400,  454,  739,  388,  592,  829,  261,  159,  730,  367,  389,  572,  519,  544,  543,  708,  393,  536,  322,  595],
        [  646,  646,  651,  904,  821,  893, 1163,  916,  926,  668,  109, 1074,  401,  950,  528,    0,  691,  666,  547,  199,  751,  684,  312,  249,  888,   74,  684,  913,  567,  846,  698,  592,  777,  723,  914,  731,   28,  496,  895,  707,  561,   94,  748,  705],
        [  342,  342,  175, 1056,  507,  839,  770,  505,  287,  246,  766,  561,  493,  627,  180,  691,    0,  381,  747,  554,   65,   33,  385,  700,  353,  618,  892,  229,  749,  963,  308,  262,  863,  438,  230,  690,  679,  708,  584,  852,  533,  708,  192,  724],
        [   42,   42,  207,  689,  171,  459,  510,  251,  384,  137,  689,  416,  286,  309,  297,  666,  381,    0,  436,  469,  427,  408,  405,  537,  267,  602,  554,  457,  429,  594,   89,  139,  495,   71,  458,  314,  669,  415,  255,  500,  205,  631,  570,  356],
        [  455,  455,  594,  372,  489,  371,  770,  611,  820,  548,  497,  796,  276,  566,  588,  547,  747,  436,    0,  396,  807,  764,  505,  304,  697,  525,  160,  883,   23,  302,  521,  496,  231,  438,  884,  250,  567,   55,  524,  162,  233,  463,  910,  196],
        [  452,  452,  480,  767,  622,  713,  965,  719,  757,  485,  228,  881,  203,  751,  378,  199,  554,  469,  396,    0,  618,  555,  179,  166,  702,  146,  549,  762,  413,  696,  508,  408,  617,  524,  763,  545,  207,  341,  696,  556,  366,  167,  654,  526],
        [  389,  389,  223, 1109,  539,  883,  780,  523,  264,  290,  828,  558,  556,  651,  244,  751,   65,  427,  807,  618,    0,   68,  448,  764,  358,  678,  950,  183,  808, 1015,  348,  316,  915,  479,  183,  739,  738,  769,  612,  908,  590,  771,  168,  776],
        [  369,  369,  202, 1079,  538,  866,  802,  537,  313,  274,  763,  592,  505,  658,  186,  684,   33,  408,  764,  555,   68,    0,  383,  704,  384,  612,  911,  247,  766,  986,  338,  285,  886,  467,  247,  714,  671,  723,  615,  873,  554,  706,  163,  747],
        [  375,  375,  344,  871,  573,  757,  914,  648,  616,  372,  381,  788,  239,  711,  217,  312,  385,  405,  505,  179,  448,  383,    0,  340,  590,  238,  664,  603,  516,  790,  413,  300,  699,  472,  604,  583,  303,  452,  656,  653,  387,  324,  475,  583],
        [  532,  532,  600,  656,  664,  664,  993,  775,  872,  589,  195,  951,  253,  778,  521,  249,  700,  537,  304,  166,  764,  704,  340,    0,  794,  243,  436,  894,  325,  599,  596,  515,  535,  577,  895,  514,  272,  257,  726,  461,  377,  161,  813,  477],
        [  263,  263,  255,  899,  254,  623,  423,  183,  159,  220,  929,  213,  542,  321,  400,  888,  353,  267,  697,  702,  358,  384,  590,  794,    0,  818,  799,  276,  687,  806,  198,  296,  713,  261,  277,  527,  885,  680,  298,  737,  469,  869,  525,  583],
        [  580,  580,  579,  890,  760,  856, 1104,  852,  853,  598,  163, 1007,  347,  892,  454,   74,  618,  602,  525,  146,  678,  612,  238,  243,  818,    0,  670,  840,  544,  826,  630,  522,  752,  661,  841,  690,   68,  472,  836,  686,  511,  121,  679,  668],
        [  579,  579,  731,  221,  565,  328,  792,  684,  934,  678,  619,  864,  433,  608,  739,  684,  892,  554,  160,  549,  950,  911,  664,  436,  799,  670,    0, 1009,  150,  171,  641,  635,  151,  538, 1010,  287,  706,  213,  578,   75,  362,  595, 1061,  224],
        [  431,  431,  299, 1141,  515,  882,  679,  458,  126,  335,  982,  435,  662,  596,  388,  913,  229,  457,  883,  762,  183,  247,  603,  894,  276,  840, 1009,    0,  879, 1046,  369,  394,  949,  487,    2,  763,  902,  852,  570,  957,  652,  922,  314,  811],
        [  450,  450,  592,  357,  475,  348,  751,  597,  813,  545,  519,  781,  284,  548,  592,  567,  749,  429,   23,  413,  808,  766,  516,  325,  687,  544,  150,  879,    0,  284,  515,  495,  210,  427,  880,  230,  587,   73,  507,  144,  227,  484,  913,  175],
        [  628,  628,  792,   95,  555,  224,  709,  661,  955,  729,  786,  828,  552,  558,  829,  846,  963,  594,  302,  696, 1015,  986,  790,  599,  806,  826,  171, 1046,  284,    0,  681,  702,  100,  559, 1047,  283,  867,  356,  542,  141,  436,  759, 1143,  240],
        [   69,   69,  139,  775,  204,  536,  515,  241,  299,   66,  734,  378,  344,  336,  261,  698,  308,   89,  521,  508,  348,  338,  413,  596,  198,  630,  641,  369,  515,  681,    0,  115,  582,  131,  370,  399,  698,  497,  287,  588,  289,  674,  500,  444],
        [   99,   99,   98,  795,  302,  589,  627,  355,  358,   78,  635,  489,  271,  439,  159,  592,  262,  139,  496,  408,  316,  285,  300,  515,  296,  522,  635,  394,  495,  702,  115,    0,  602,  209,  395,  431,  590,  462,  387,  592,  274,  575,  444,  463],
        [  528,  528,  692,  194,  465,  178,  652,  577,  860,  630,  727,  749,  460,  483,  730,  777,  863,  495,  231,  617,  915,  886,  699,  535,  713,  752,  151,  949,  210,  100,  582,  602,    0,  463,  949,  187,  797,  282,  461,   84,  338,  694, 1043,  140],
        [  111,  111,  266,  654,  102,  405,  445,  199,  399,  193,  739,  376,  332,  240,  367,  723,  438,   71,  438,  524,  479,  467,  472,  577,  261,  661,  538,  487,  427,  559,  131,  209,  463,    0,  488,  277,  727,  426,  185,  479,  217,  682,  629,  327],
        [  432,  432,  300, 1141,  516,  883,  679,  459,  127,  336,  983,  435,  663,  597,  389,  914,  230,  458,  884,  763,  183,  247,  604,  895,  277,  841, 1010,    2,  880, 1047,  370,  395,  949,  488,    0,  764,  903,  853,  571,  958,  653,  923,  315,  812],
        [  350,  350,  516,  378,  283,  175,  523,  399,  673,  450,  706,  578,  355,  326,  572,  731,  690,  314,  250,  545,  739,  714,  583,  514,  527,  690,  287,  763,  230,  283,  399,  431,  187,  277,  764,    0,  746,  273,  292,  217,  197,  662,  875,   64],
        [  648,  648,  645,  927,  826,  910, 1170,  919,  918,  666,  136, 1075,  410,  957,  519,   28,  679,  669,  567,  207,  738,  671,  303,  272,  885,   68,  706,  902,  587,  867,  698,  590,  797,  727,  903,  746,    0,  516,  902,  728,  572,  120,  729,  721],
        [  430,  430,  560,  427,  487,  410,  784,  608,  796,  519,  451,  792,  227,  575,  544,  496,  708,  415,   55,  341,  769,  723,  452,  257,  680,  472,  213,  852,   73,  356,  497,  462,  282,  426,  853,  273,  516,    0,  529,  215,  212,  415,  865,  227],
        [  291,  291,  423,  630,   85,  337,  270,  125,  456,  352,  901,  289,  496,   56,  543,  895,  584,  255,  524,  696,  612,  615,  656,  726,  298,  836,  578,  570,  507,  542,  287,  387,  461,  185,  571,  292,  902,  529,    0,  507,  349,  846,  774,  355],
        [  529,  529,  687,  218,  498,  257,  718,  615,  877,  629,  651,  794,  417,  536,  708,  707,  852,  500,  162,  556,  908,  873,  653,  461,  737,  686,   75,  957,  144,  141,  588,  592,   84,  479,  958,  217,  728,  215,  507,    0,  319,  621, 1026,  156],
        [  223,  223,  370,  528,  291,  371,  617,  408,  587,  318,  556,  590,  166,  401,  393,  561,  533,  205,  233,  366,  590,  554,  387,  377,  469,  511,  362,  652,  227,  436,  289,  274,  338,  217,  653,  197,  572,  212,  349,  319,    0,  504,  709,  206],
        [  616,  616,  645,  815,  776,  818, 1116,  879,  922,  652,   61, 1045,  352,  900,  536,   94,  708,  631,  463,  167,  771,  706,  324,  161,  869,  121,  595,  922,  484,  759,  674,  575,  694,  682,  923,  662,  120,  415,  846,  621,  504,    0,  786,  630],
        [  531,  531,  365, 1235,  698, 1028,  947,  689,  420,  437,  839,  722,  641,  815,  322,  748,  192,  570,  910,  654,  168,  163,  475,  813,  525,  679, 1061,  314,  913, 1143,  500,  444, 1043,  629,  315,  875,  729,  865,  774, 1026,  709,  786,    0,  906],
        [  389,  389,  553,  334,  343,  189,  583,  461,  726,  490,  671,  641,  347,  389,  595,  705,  724,  356,  196,  526,  776,  747,  583,  477,  583,  668,  224,  811,  175,  240,  444,  463,  140,  327,  812,   64,  721,  227,  355,  156,  206,  630,  906,    0]
    ]
}
