{
    "name": "random-90-11503",
    "comment": "size=90 seed=11503",
    "nodes": ["+0", "-0", "+1", "-1", "+2", "-2", "+3", "-3", "+4", "-4", "+5", "-5", "+6", "-6", "+7", "-7", "+8", "-8", "+9", "-9", "+10", "-10", "+11", "-11", "+12", "-12", "+13", "-13", "+14", "-14", "+15", "-15", "+16", "-16", "+17", "-17", "+18", "-18", "+19", "-19", "+20", "-20", "+21", "-21", "+22", "-22", "+23", "-23", "+24", "-24", "+25", "-25", "+26", "-26", "+27", "-27", "+28", "-28", "+29", "-29", "+30", "-30", "+31", "-31", "+32", "-32", "+33", "-33", "+34", "-34", "+35", "-35", "+36", "-36", "+37", "-37", "+38", "-38", "+39", "-39", "+40", "-40", "+41", "-41", "+42", "-42", "+43", "-43", "+44", "-44", "+45", "-45", "+46", "-46", "+47", "-47", "+48", "-48", "+49", "-49", "+50", "-50", "+51", "-51", "+52", "-52", "+53", "-53", "+54", "-54", "+55", "-55", "+56", "-56", "+57", "-57", "+58", "-58", "+59", "-59", "+60", "-60", "+61", "-61", "+62", "-62", "+63", "-63", "+64", "-64", "+65", "-65", "+66", "-66", "+67", "-67", "+68", "-68", "+69", "-69", "+70", "-70", "+71", "-71", "+72", "-72", "+73", "-73", "+74", "-74", "+75", "-75", "+76", "-76", "+77", "-77", "+78", "-78", "+79", "-79", "+80", "-80", "+81", "-81", "+82", "-82", "+83", "-83", "+84", "-84", "+85", "-85", "+86", "-86", "+87", "-87", "+88", "-88", "+89", "-89", "+90", "-90"],
    "precedence": {
        "+0": "-0",
        "+1": "-1",
        "+2": "-2",
        "+3": "-3",
        "+4": "-4",
        "+5": "-5",
        "+6": "-6",
        "+7": "-7",
        "+8": "-8",
        "+9": "-9",
        "+10": "-10",
        "+11": "-11",
        "+12": "-12",
        "+13": "-13",
        "+14": "-14",
        "+15": "-15",
        "+16": "-16",
        "+17": "-17",
        "+18": "-18",
        "+19": "-19",
        "+20": "-20",
        "+21": "-21",
        "+22": "-22",
        "+23": "-23",
        "+24": "-24",
        "+25": "-25",
        "+26": "-26",
        "+27": "-27",
        "+28": "-28",
        "+29": "-29",
        "+30": "-30",
        "+31": "-31",
        "+32": "-32",
        "+33": "-33",
        "+34": "-34",
        "+35": "-35",
        "+36": "-36",
        "+37": "-37",
        "+38": "-38",
        "+39": "-39",
        "+40": "-40",
        "+41": "-41",
        "+42": "-42",
        "+43": "-43",
        "+44": "-44",
        "+45": "-45",
        "+46": "-46",
        "+47": "-47",
        "+48": "-48",
        "+49": "-49",
        "+50": "-50",
        "+51": "-51",
        "+52": "-52",
        "+53": "-53",
        "+54": "-54",
        "+55": "-55",
        "+56": "-56",
        "+57": "-57",
        "+58": "-58",
        "+59": "-59",
        "+60": "-60",
        "+61": "-61",
        "+62": "-62",
        "+63": "-63",
        "+64": "-64",
        "+65": "-65",
        "+66": "-66",
        "+67": "-67",
        "+68": "-68",
        "+69": "-69",
        "+70": "-70",
        "+71": "-71",
        "+72": "-72",
        "+73": "-73",
        "+74": "-74",
        "+75": "-75",
        "+76": "-76",
        "+77": "-77",
        "+78": "-78",
        "+79": "-79",
        "+80": "-80",
        "+81": "-81",
        "+82": "-82",
        "+83": "-83",
        "+84": "-84",
        "+85": "-85",
        "+86": "-86",
        "+87": "-87",
        "+88": "-88",
        "+89": "-89",
        "+90": "-90"
    },
    "edges": [
        [    0,    0,  339,  611,  772,  707,  477,  877,  501,  903,  407,  447,  699,  237,  386,  874,  352,  904,  761,  840,  708,  431,  774,  894,  444,  515,  467,  346,  163,  864,  454,  669,  946,   80,  886,  669,  774,  169,  700,  455,  811,  298,  493,  954,  572,  630,  945,  739,  570,  455,  482,  863,  951,  858,  501,  494,  662,  622,  156,  401, 1090,  301,  246,  936,  726,  499,  465,  507,  333,  286,  128,  587,  663,  259,  741,  376,  641,  376,  355,  813,  623,  257,  158, 1025,  833,  584,  270,  261,  208,  801,  239,  456,  352,  436,  332,  231,  656,  589,  974,  748,  703,  175,  477,  206,  776,  330,  559,  421,  389,  777,  715,  491,  472,  513,  155,  426,  947,  699,  151,  252,  815,  528,   71,  443,  920,  292,  664,  618,  996,  404,  852,  684,  480,  840,  467,  423,  568,  676,  710,  601,  497,  542,  596,  859,  564,  424,  344,  858,  497,  502,  550,  643,  625,  174,  242,  975,  832,  831,  847,  950,  341,  531,  520,  922,  808,  787,  231,  526,  405,  436,  981,  207,  847,  432,  237,  519,  269,  448,  533,  720,  884,  331],
        [    0,    0,    0,    0,    0,    0,    0,    0,    0,    0,    0,    0,    0,    0,    0,    0,    0,    0,    0,    0,    0,    0,    0,    0,    0,    0,    0,    0,    0,    0,    0,    0,    0,    0,    0,    0,    0,    0,    0,    0,    0,    0,    0,    0,    0,    0,    0,    0,    0,    0,    0,    0,    0,    0,    0,    0,    0,    0,    0,    0,    0,    0,    0,    0,    0,    0,    0,    0,    0,    0,    0,    0,    0,    0,    0,    0,    0,    0,    0,    0,    0,    0,    0,    0,    0,    0,    0,    0,    0,    0,    0,    0,    0,    0,    0,    0,    0,    0,    0,    0,    0,    0,    0,    0,    0,    0,    0,    0,    0,    0,    0,    0,    0,    0,    0,    0,    0,    0,    0,    0,    0,    0,    0,    0,    0,    0,    0,    0,    0,    0,    0,    0,    0,    0,    0,    0,    0,    0,    0,    0,    0,    0,    0,    0,    0,    0,    0,    0,    0,    0,    0,    0,    0,    0,    0,    0,    0,    0,    0,    0,    0,    0,    0,    0,    0,    0,    0,    0,    0,    0,    0,    0,    0,    0,    0,    0,    0,    0,    0,    0,    0,    0],
        [  339,    0,    0,  415,  719,  590,  662,  790,  343,  773,  558,  165,  569,  573,  476, 1021,   86,  757,  980,  977,  702,  180,  661,  780,  386,  424,  763,  427,  417,  746,  535,  839,  885,  268,  885,  362,  613,  505,  492,  280,  936,  429,  725,  956,  240,  689,  903,  675,  769,  736,  766,  921, 1143,  771,  248,  569,  492,  559,  202,   88,  995,  631,  563,  983,  953,  755,  762,  648,  602,  354,  211,  788,  854,  461,  783,  105,  786,  628,  294, 1026,  294,  500,  463,  905,  920,  782,  234,  596,  162, 1028,  336,  669,   14,  132,   25,  417,  489,  640,  970,  980,  725,  322,  328,  450,  751,  433,  468,  727,  469,  749,  952,  357,  738,  331,  291,  581, 1124,  942,  288,  184,  929,  476,  316,  275,  808,  396,  616,  802,  871,  611,  857,  799,  676,  789,  280,  529,  523,  708,  629,  283,  741,  689,  836, 1053,  556,  640,  636,  695,  701,  442,  827,  881,  760,  283,  508,  878, 1035, 1006,  743,  901,   56,  624,  739, 1093,  960,  954,  441,  670,  387,  708,  917,  540,  789,  697,  114,  495,  606,  429,  810,  917,  872,  580],
        [  611,    0,  415,    0,  370,  207,  611,  403,  113,  365,  512,  258,  178,  821,  412,  837,  333,  345,  899,  787,  407,  235,  269,  379,  228,  173,  841,  394,  567,  344,  419,  717,  508,  580,  559,  257,  200,  761,   90,  158,  740,  449,  715,  624,  340,  474,  539,  324,  702,  794,  824,  650, 1002,  385,  174,  426,   84,  247,  466,  336,  594,  810,  727,  692,  887,  773,  842,  549,  682,  384,  515,  720,  757,  531,  521,  311,  647,  676,  269,  930,  330,  591,  641,  496,  682,  711,  342,  849,  422,  950,  416,  652,  411,  298,  395,  502,   83,  434,  630,  918,  455,  466,  138,  570,  422,  419,  176,  830,  400,  418,  901,  135,  774,   99,  468,  529,  965,  903,  470,  364,  720,  232,  633,  169,  406,  417,  299,  708,  462,  609,  541,  619,  635,  431,  148,  447,  254,  455,  272,  283,  745,  583,  810,  926,  317,  636,  737,  281,  661,  217,  862,  844,  616,  447,  622,  480,  921,  859,  350,  532,  363,  477,  708,  929,  792,  807,  533,  566,  279,  759,  536,  804,  425,  741,  495,  274,  817,  273,  849,  816,  537,  642],
        [  772,    0,  719,  370,    0,  170,  502,  122,  384,  211,  456,  593,  200,  913,  407,  541,  634,  246,  685,  493,  110,  558,  138,  174,  347,  296,  782,  433,  653,  168,  355,  502,  175,  779,  190,  624,  249,  872,  367,  445,  447,  493,  608,  255,  706,  248,  185,   47,  544,  728,  750,  307,  724,  108,  522,  325,  296,  162,  674,  660,  323,  845,  770,  333,  688,  675,  784,  418,  666,  486,  727,  556,  555,  569,  212,  620,  433,  634,  449,  698,  700,  619,  722,  285,  362,  546,  539,  940,  651,  731,  533,  559,  720,  633,  695,  568,  294,  248,  261,  717,  165,  597,  395,  631,   63,  455,  251,  796,  400,   58,  713,  365,  693,  407,  620,  457,  676,  725,  625,  588,  420,  254,  822,  447,  189,  486,  110,  522,  267,  546,  177,  371,  525,   72,  450,  397,  208,  190,   99,  653,  641,  427,  662,  667,  211,  562,  724,  266,  542,  286,  760,  680,  407,  603,  656,  216,  675,  593,  131,  185,  664,  334,  583,  640,  517,  549,  589,  421,  372,  696,  210,  914,   76,  675,  761,  254,  878,  327,  752,  597,  167,  624],
        [  707,    0,  590,  207,  170,    0,  553,  202,  247,  197,  477,  448,   31,  883,  397,  684,  505,  199,  792,  635,  234,  417,   71,  194,  264,  193,  819,  404,  618,  161,  370,  605,  304,  698,  359,  456,  106,  833,  198,  311,  587,  468,  662,  422,  546,  342,  333,  126,  620,  767,  793,  468,  861,  183,  371,  356,  128,  119,  586,  521,  406,  840,  759,  500,  789,  727,  820,  475,  679,  433,  639,  636,  654,  552,  353,  487,  533,  658,  357,  814,  535,  610,  692,  323,  514,  626,  448,  912,  553,  842,  477,  605,  589,  489,  568,  538,  127,  318,  426,  819,  291,  539,  265,  606,  228,  430,  149,  821,  386,  223,  809,  238,  738,  262,  554,  486,  817,  816,  557,  488,  563,  191,  747,  316,  221,  448,  136,  612,  292,  576,  346,  486,  578,  225,  312,  409,  169,  303,   77,  489,  695,  497,  738,  795,  219,  598,  737,  169,  600,  209,  816,  764,  504,  534,  645,  288,  797,  724,  154,  326,  535,  390,  645,  781,  650,  675,  565,  485,  307,  732,  333,  877,  219,  712,  650,  220,  862,  272,  806,  705,  335,  636],
        [  477,    0,  662,  611,  502,  553,    0,  623,  521,  703,  109,  648,  566,  497,  210,  398,  608,  727,  320,  367,  397,  608,  587,  672,  390,  439,  281,  249,  314,  657,  194,  193,  642,  532,  521,  819,  656,  485,  679,  531,  342,  233,  110,  573,  807,  262,  618,  497,  108,  227,  249,  438,  487,  609,  636,  198,  601,  434,  490,  662,  804,  389,  334,  513,  296,  176,  284,   84,  201,  311,  523,  127,  195,  223,  356,  615,  171,  154,  412,  365,  836,  224,  343,  785,  386,  121,  433,  520,  509,  370,  327,   58,  671,  668,  640,  261,  595,  254,  599,  326,  356,  355,  505,  272,  469,  235,  449,  301,  222,  472,  301,  490,  191,  554,  391,   88,  476,  298,  396,  478,  351,  389,  547,  522,  689,  268,  432,  145,  768,   77,  485,  232,   26,  548,  549,  166,  390,  325,  503,  793,  143,   89,  199,  396,  334,   72,  248,  718,   50,  396,  265,  237,  164,  391,  250,  712,  374,  358,  624,  631,  623,  169,   97,  449,  332,  311,  250,   86,  347,  196,  674,  517,  562,  177,  622,  348,  438,  340,  255,  258,  532,  171],
        [  877,    0,  790,  403,  122,  202,  623,    0,  447,  113,  576,  649,  227, 1028,  523,  627,  704,  157,  792,  582,  228,  618,  135,   69,  439,  377,  903,  545,  766,   85,  474,  612,  109,  877,  226,  639,  229,  985,  372,  510,  538,  607,  728,  268,  742,  366,  151,  140,  661,  849,  871,  375,  812,   20,  571,  445,  320,  255,  769,  722,  214,  964,  888,  379,  798,  795,  905,  539,  787,  592,  822,  673,  667,  685,  314,  687,  546,  755,  539,  800,  726,  737,  836,  163,  444,  663,  632, 1056,  741,  837,  639,  680,  789,  690,  767,  682,  321,  369,  262,  826,  278,  703,  463,  746,  163,  568,  331,  917,  515,  158,  824,  434,  813,  463,  723,  577,  760,  838,  727,  676,  509,  350,  923,  515,   72,  596,  216,  637,  146,  667,  233,  480,  646,   92,  512,  516,  309,  306,  169,  681,  761,  547,  780,  763,  325,  683,  844,  205,  663,  378,  879,  795,  522,  705,  774,   99,  775,  689,   58,  138,  735,  455,  703,  726,  612,  648,  703,  541,  472,  817,  133, 1028,   74,  797,  844,  360,  995,  429,  872,  705,  197,  745],
        [  501,    0,  343,  113,  384,  247,  521,  447,    0,  435,  417,  210,  227,  708,  314,  786,  258,  424,  822,  737,  390,  175,  318,  439,  131,  107,  736,  289,  454,  405,  334,  646,  544,  475,  562,  305,  283,  649,  202,   64,  691,  342,  620,  632,  339,  423,  566,  339,  617,  691,  721,  628,  941,  428,  147,  349,  164,  231,  361,  277,  653,  697,  615,  680,  806,  675,  737,  467,  575,  273,  411,  636,  680,  421,  492,  240,  579,  572,  156,  857,  347,  482,  529,  565,  647,  628,  231,  736,  320,  873,  304,  557,  342,  249,  321,  391,  159,  378,  642,  837,  427,  354,   25,  458,  424,  313,  139,  723,  302,  421,  817,   33,  674,   35,  356,  435,  908,  817,  358,  259,  675,  174,  528,   70,  466,  308,  289,  630,  533,  510,  538,  562,  544,  453,   66,  356,  212,  419,  290,  300,  648,  504,  719,  860,  266,  538,  629,  368,  570,  146,  763,  757,  548,  335,  511,  535,  852,  798,  401,  562,  288,  404,  616,  874,  736,  745,  422,  485,  177,  656,  575,  692,  451,  638,  407,  210,  704,  183,  749,  742,  545,  535],
        [  903,    0,  773,  365,  211,  197,  703,  113,  435,    0,  644,  621,  210, 1074,  577,  738,  689,   47,  894,  692,  319,  596,  131,   45,  460,  389,  979,  591,  809,   46,  537,  712,  202,  894,  338,  574,  167, 1025,  312,  497,  648,  654,  811,  376,  692,  456,  252,  206,  752,  926,  950,  487,  922,  113,  538,  515,  283,  293,  782,  698,  233, 1022,  943,  490,  899,  878,  982,  620,  852,  626,  834,  765,  765,  736,  418,  669,  643,  826,  553,  906,  670,  792,  882,  132,  555,  755,  644, 1102,  747,  940,  671,  759,  771,  662,  752,  727,  286,  450,  367,  927,  375,  734,  455,  794,  265,  615,  345,  989,  567,  260,  923,  430,  893,  443,  749,  648,  871,  935,  753,  683,  618,  381,  943,  504,   56,  638,  274,  731,   99,  739,  345,  581,  727,  202,  495,  579,  349,  399,  207,  628,  844,  633,  871,  871,  383,  758,  911,  109,  746,  403,  964,  889,  617,  730,  828,  128,  881,  797,   81,  236,  720,  534,  788,  836,  720,  754,  752,  625,  501,  893,  214, 1069,  185,  873,  841,  402, 1048,  463,  955,  807,  309,  810],
        [  407,    0,  558,  512,  456,  477,  109,  576,  417,  644,    0,  539,  486,  477,  104,  478,  501,  663,  428,  440,  361,  500,  521,  618,  287,  342,  343,  140,  249,  599,  108,  284,  613,  452,  514,  713,  577,  450,  584,  424,  407,  131,  204,  575,  699,  245,  597,  442,  215,  291,  319,  463,  586,  561,  528,  131,  510,  359,  396,  555,  773,  392,  321,  538,  405,  261,  344,  101,  211,  205,  433,  235,  297,  150,  355,  508,  240,  183,  304,  471,  727,  179,  298,  739,  427,  227,  327,  503,  410,  478,  225,  141,  567,  560,  536,  178,  504,  218,  599,  434,  334,  263,  400,  212,  435,  127,  359,  346,  115,  438,  410,  387,  266,  449,  300,   24,  570,  406,  304,  374,  409,  299,  475,  414,  638,  163,  370,  245,  718,  100,  478,  278,  129,  512,  441,   69,  309,  303,  438,  685,  233,  139,  305,  496,  262,  126,  269,  645,  156,  301,  351,  345,  220,  296,  214,  671,  478,  451,  569,  607,  517,  138,  201,  540,  414,  401,  178,  121,  241,  256,  647,  488,  524,  237,  526,  261,  431,  241,  338,  361,  519,  169],
        [  447,    0,  165,  258,  593,  448,  648,  649,  210,  621,  539,    0,  424,  681,  442,  966,  100,  602,  965,  919,  596,   42,  517,  633,  298,  310,  806,  400,  473,  598,  486,  804,  750,  392,  771,  222,  457,  614,  329,  154,  875,  426,  731,  841,  160,  612,  774,  548,  753,  770,  801,  830, 1108,  631,   85,  512,  339,  440,  292,   80,  848,  711,  634,  886,  944,  774,  806,  614,  640,  344,  326,  773,  830,  484,  692,   74,  743,  653,  238, 1007,  195,  536,  536,  753,  842,  765,  233,  707,  241, 1016,  347,  670,  159,   41,  151,  442,  336,  564,  852,  973,  629,  364,  203,  495,  633,  415,  348,  779,  432,  631,  949,  233,  764,  188,  346,  561, 1081,  943,  345,  212,  862,  372,  445,  156,  660,  388,  498,  777,  719,  614,  747,  740,  667,  661,  145,  493,  416,  618,  498,  161,  753,  655,  839, 1022,  462,  644,  684,  537,  694,  340,  855,  881,  714,  329,  554,  732, 1008,  966,  599,  770,  123,  570,  737, 1048,  911,  913,  473,  635,  320,  738,  780,  654,  659,  724,  265,  402,  700,  350,  839,  893,  754,  608],
        [  699,    0,  569,  178,  200,   31,  566,  227,  227,  210,  486,  424,    0,  881,  402,  711,  484,  206,  813,  661,  262,  395,   93,  212,  258,  185,  828,  405,  616,  178,  380,  626,  331,  686,  389,  426,   91,  829,  169,  291,  613,  469,  675,  452,  518,  365,  361,  156,  637,  777,  804,  497,  886,  209,  345,  369,   99,  134,  573,  498,  427,  842,  760,  530,  809,  740,  830,  490,  685,  429,  626,  654,  674,  553,  381,  465,  554,  666,  346,  836,  506,  612,  691,  339,  541,  644,  437,  909,  538,  863,  472,  617,  567,  465,  547,  537,   98,  337,  455,  839,  317,  533,  246,  606,  258,  431,  144,  829,  391,  253,  828,  221,  749,  240,  546,  496,  843,  835,  549,  474,  589,  194,  736,  297,  240,  447,  160,  631,  307,  586,  375,  510,  591,  255,  290,  418,  178,  327,  106,  460,  708,  514,  754,  819,  234,  609,  743,  166,  614,  207,  829,  781,  524,  526,  647,  310,  820,  748,  176,  354,  515,  406,  660,  807,  675,  699,  565,  501,  304,  742,  359,  873,  248,  722,  633,  226,  862,  272,  818,  726,  365,  642],
        [  237,    0,  573,  821,  913,  883,  497, 1028,  708, 1074,  477,  681,  881,    0,  506,  874,  587, 1082,  703,  851,  829,  662,  944, 1057,  625,  699,  349,  485,  266, 1031,  562,  670, 1080,  307,  991,  903,  964,   69,  910,  670,  834,  422,  460, 1051,  808,  722, 1069,  889,  559,  365,  381,  931,  905, 1011,  729,  598,  860,  782,  390,  637, 1235,  138,  164, 1006,  663,  434,  346,  559,  300,  452,  364,  570,  645,  345,  831,  611,  667,  350,  554,  756,  859,  299,  193, 1186,  882,  571,  483,   29,  441,  732,  411,  453,  586,  671,  567,  348,  854,  691, 1075,  678,  809,  355,  683,  283,  903,  461,  737,  294,  514,  905,  643,  692,  400,  725,  355,  486,  916,  621,  353,  477,  846,  694,  265,  658, 1081,  437,  813,  613, 1160,  422,  954,  729,  489,  976,  685,  523,  726,  778,  870,  837,  448,  582,  536,  818,  703,  427,  268, 1045,  495,  675,  446,  577,  661,  375,  263, 1126,  785,  810, 1008, 1078,  577,  614,  496,  898,  809,  776,  325,  572,  577,  365, 1115,   44,  986,  372,  467,  673,   77,  612,  432,  689,  994,  327],
        [  386,    0,  476,  412,  407,  397,  210,  523,  314,  577,  104,  442,  402,  506,    0,  546,  412,  591,  525,  503,  328,  401,  449,  556,  185,  245,  433,   50,  249,  533,   70,  367,  576,  414,  502,  610,  492,  467,  487,  321,  465,   90,  306,  569,  600,  246,  568,  384,  313,  385,  414,  483,  672,  506,  426,  110,  415,  285,  337,  463,  729,  446,  367,  555,  504,  362,  435,  175,  284,  126,  382,  333,  389,  163,  356,  415,  311,  269,  205,  566,  627,  216,  315,  683,  463,  325,  242,  534,  339,  575,  163,  243,  483,  464,  452,  164,  409,  204,  590,  534,  318,  218,  297,  224,  400,   56,  266,  429,   13,  401,  511,  284,  363,  346,  251,  124,  650,  508,  256,  294,  460,  210,  447,  312,  579,   98,  308,  336,  659,  197,  467,  328,  232,  471,  339,   54,  230,  290,  370,  584,  335,  216,  408,  583,  198,  225,  342,  565,  259,  205,  451,  447,  285,  241,  252,  621,  568,  532,  507,  576,  431,  156,  304,  618,  485,  480,  182,  196,  138,  350,  611,  508,  480,  331,  460,  178,  473,  142,  437,  452,  501,  241],
        [  874,    0, 1021,  837,  541,  684,  398,  627,  786,  738,  478,  966,  711,  874,  546,    0,  953,  779,  245,   50,  451,  924,  677,  695,  670,  681,  566,  595,  711,  701,  487,  208,  578,  927,  416, 1086,  782,  873,  870,  822,   98,  607,  415,  417, 1117,  365,  530,  570,  316,  527,  526,  259,  185,  625,  927,  456,  789,  594,  873, 1001,  717,  748,  713,  293,  277,  452,  570,  379,  578,  671,  911,  305,  231,  618,  333,  953,  239,  527,  737,  221, 1132,  621,  739,  756,  184,  304,  788,  893,  883,  267,  700,  428, 1028,  995,  997,  653,  784,  409,  441,  289,  394,  741,  780,  669,  480,  593,  663,  613,  552,  485,  310,  755,  486,  820,  777,  456,  135,  336,  782,  840,  123,  614,  944,  816,  698,  634,  552,  263,  756,  473,  398,  226,  398,  537,  836,  493,  584,  385,  609, 1085,  430,  339,  362,  155,  523,  458,  607,  807,  385,  641,  484,  337,  262,  773,  645,  678,  181,   93,  663,  549,  974,  399,  379,   99,   67,  101,  646,  358,  648,  517,  596,  900,  554,  505, 1001,  576,  806,  617,  490,  201,  443,  560],
        [  352,    0,   86,  333,  634,  505,  608,  704,  258,  689,  501,  100,  484,  587,  412,  953,    0,  674,  928,  908,  620,  101,  575,  696,  306,  340,  737,  365,  396,  661,  467,  778,  799,  293,  802,  319,  530,  520,  414,  195,  866,  378,  680,  873,  227,  613,  818,  590,  715,  705,  736,  842, 1083,  685,  174,  499,  409,  475,  199,   57,  910,  627,  553,  903,  903,  717,  737,  586,  573,  298,  228,  735,  797,  422,  704,   27,  722,  592,  219,  972,  274,  469,  452,  820,  845,  728,  176,  612,  148,  977,  289,  622,   87,   85,   64,  379,  405,  564,  886,  931,  645,  291,  242,  423,  667,  375,  383,  706,  404,  665,  904,  271,  703,  246,  266,  524, 1061,  897,  265,  138,  857,  393,  346,  190,  723,  341,  532,  745,  787,  565,  774,  729,  625,  704,  195,  466,  440,  629,  544,  250,  700,  628,  791,  994,  476,  594,  612,  613,  650,  359,  794,  835,  695,  253,  482,  793,  978,  944,  658,  816,   31,  555,  691, 1029,  894,  891,  407,  608,  311,  675,  831,  559,  704,  662,  168,  414,  610,  351,  777,  861,  788,  545],
        [  904,    0,  757,  345,  246,  199,  727,  157,  424,   47,  663,  602,  206, 1082,  591,  779,  674,    0,  930,  733,  353,  578,  143,   90,  462,  389, 1002,  601,  817,   79,  556,  746,  248,  891,  383,  541,  145, 1032,  283,  485,  688,  665,  836,  422,  664,  487,  298,  235,  781,  949,  973,  530,  963,  156,  518,  536,  266,  307,  777,  680,  265, 1036,  955,  535,  933,  903, 1004,  646,  870,  632,  830,  795,  799,  748,  456,  653,  677,  845,  551,  943,  639,  805,  891,  157,  596,  785,  641, 1110,  741,  976,  676,  783,  754,  642,  737,  736,  269,  478,  413,  961,  409,  737,  445,  804,  303,  627,  347, 1009,  581,  298,  956,  423,  917,  429,  751,  669,  913,  968,  754,  678,  659,  389,  941,  493,  101,  646,  296,  763,  123,  760,  389,  616,  752,  245,  481,  597,  362,  433,  226,  598,  870,  661,  900,  910,  401,  780,  928,   72,  772,  408,  990,  921,  650,  731,  841,  170,  919,  836,  117,  282,  705,  559,  815,  878,  760,  793,  762,  652,  506,  915,  259, 1075,  228,  895,  830,  414, 1059,  470,  981,  842,  354,  827],
        [  761,    0,  980,  899,  685,  792,  320,  792,  822,  894,  428,  965,  813,  703,  525,  245,  928,  930,    0,  260,  578,  925,  805,  855,  693,  728,  363,  567,  604,  852,  489,  188,  768,  827,  610, 1126,  898,  717,  953,  841,  283,  552,  269,  630, 1124,  451,  726,  700,  213,  338,  326,  464,  204,  785,  947,  475,  871,  682,  802,  982,  921,  567,  554,  517,   41,  272,  367,  356,  432,  631,  829,  194,  143,  528,  479,  935,  260,  385,  729,   54, 1150,  508,  608,  939,  384,  201,  753,  716,  825,   52,  645,  314,  990,  987,  959,  571,  866,  477,  656,   44,  521,  667,  809,  562,  631,  554,  726,  416,  534,  636,   70,  790,  304,  856,  702,  405,  223,   96,  707,  798,  313,  668,  831,  832,  864,  587,  658,  192,  932,  372,  583,  314,  304,  702,  858,  474,  653,  499,  726, 1106,  266,  319,  169,  123,  589,  345,  440,  941,  280,  684,  269,  126,  290,  704,  519,  860,   87,  154,  814,  743,  942,  422,  245,  217,  210,  162,  553,  337,  655,  341,  791,  735,  719,  338,  934,  625,  628,  639,  279,   88,  633,  431],
        [  840,    0,  977,  787,  493,  635,  367,  582,  737,  692,  440,  919,  661,  851,  503,   50,  908,  733,  260,    0,  401,  877,  628,  649,  623,  632,  556,  552,  678,  654,  442,  182,  537,  891,  375, 1036,  733,  847,  821,  774,   48,  567,  394,  381, 1069,  315,  490,  521,  293,  513,  515,  219,  231,  579,  879,  410,  739,  544,  833,  955,  680,  729,  689,  261,  287,  438,  560,  340,  553,  628,  872,  285,  216,  583,  284,  907,  201,  502,  691,  244, 1083,  590,  709,  714,  141,  282,  744,  871,  841,  289,  659,  401,  984,  949,  953,  616,  734,  360,  406,  303,  344,  702,  731,  636,  432,  552,  614,  600,  509,  437,  320,  706,  471,  771,  738,  419,  183,  343,  743,  796,   74,  565,  910,  768,  652,  593,  503,  239,  712,  443,  354,  179,  368,  491,  788,  450,  535,  335,  560, 1036,  413,  301,  354,  188,  474,  429,  586,  758,  358,  592,  479,  336,  221,  733,  615,  635,  209,  116,  616,  509,  929,  353,  358,  148,   52,  100,  611,  319,  601,  500,  556,  875,  508,  487,  960,  527,  785,  569,  483,  199,  401,  532],
        [  708,    0,  702,  407,  110,  234,  397,  228,  390,  319,  361,  596,  262,  829,  328,  451,  620,  353,  578,  401,    0,  557,  230,  283,  317,  287,  677,  362,  576,  276,  268,  394,  253,  724,  186,  664,  332,  793,  426,  443,  354,  417,  501,  256,  726,  139,  241,  123,  435,  623,  644,  243,  629,  216,  535,  233,  346,  162,  628,  654,  413,  753,  680,  291,  581,  568,  680,  313,  570,  426,  679,  447,  447,  486,  120,  610,  325,  534,  415,  594,  728,  532,  641,  389,  281,  437,  499,  856,  612,  626,  471,  454,  705,  633,  678,  492,  343,  146,  273,  609,   59,  534,  393,  550,   75,  381,  251,  694,  323,   77,  605,  363,  587,  419,  562,  359,  584,  616,  566,  551,  329,  227,  764,  442,  297,  417,  109,  413,  374,  446,  156,  265,  420,  152,  452,  308,  182,   81,  159,  680,  534,  320,  553,  568,  151,  459,  626,  365,  436,  261,  652,  571,  298,  546,  569,  316,  573,  495,  239,  249,  648,  231,  475,  548,  420,  448,  508,  314,  327,  592,  287,  834,  166,  572,  728,  210,  789,  281,  645,  490,  178,  529],
        [  431,    0,  180,  235,  558,  417,  608,  618,  175,  596,  500,   42,  395,  662,  401,  924,  101,  578,  925,  877,  557,    0,  487,  605,  256,  271,  772,  360,  444,  570,  445,  763,  717,  381,  734,  245,  434,  596,  314,  115,  833,  389,  692,  804,  199,  571,  740,  513,  713,  735,  766,  790, 1066,  600,   75,  471,  313,  403,  275,  104,  820,  685,  607,  846,  904,  737,  772,  573,  606,  306,  314,  733,  789,  449,  652,   77,  701,  618,  197,  966,  230,  503,  509,  727,  801,  725,  200,  688,  224,  976,  313,  631,  176,   76,  161,  408,  310,  522,  815,  933,  589,  335,  165,  464,  596,  376,  310,  747,  391,  594,  909,  196,  727,  156,  319,  522, 1039,  904,  319,  187,  821,  332,  435,  116,  632,  351,  461,  736,  694,  576,  709,  699,  628,  627,  109,  453,  376,  577,  464,  193,  716,  614,  800,  980,  422,  606,  651,  515,  654,  299,  819,  842,  672,  301,  523,  703,  967,  924,  570,  736,  130,  528,  698, 1006,  869,  871,  439,  594,  278,  703,  748,  637,  625,  688,  268,  361,  676,  309,  803,  852,  717,  573],
        [  774,    0,  661,  269,  138,   71,  587,  135,  318,  131,  521,  517,   93,  944,  449,  677,  575,  143,  805,  628,  230,  487,    0,  123,  331,  261,  860,  461,  679,   91,  414,  619,  241,  766,  318,  508,  112,  895,  243,  381,  581,  525,  697,  376,  608,  357,  275,  108,  646,  808,  832,  444,  857,  117,  437,  394,  187,  165,  655,  590,  335,  894,  814,  467,  805,  763,  862,  507,  728,  496,  708,  661,  670,  607,  345,  557,  548,  703,  426,  823,  594,  664,  752,  253,  499,  651,  517,  972,  623,  854,  541,  642,  659,  557,  639,  597,  187,  341,  376,  834,  289,  604,  335,  664,  201,  486,  216,  867,  439,  196,  827,  309,  776,  332,  620,  527,  811,  837,  624,  559,  554,  251,  815,  387,  150,  508,  156,  632,  223,  618,  312,  494,  612,  176,  382,  455,  220,  307,   85,  548,  730,  524,  765,  797,  259,  639,  786,  136,  633,  273,  851,  788,  520,  601,  700,  218,  803,  724,   83,  266,  606,  420,  677,  775,  649,  677,  622,  514,  371,  774,  267,  939,  166,  753,  721,  273,  919,  332,  841,  718,  292,  685],
        [  894,    0,  780,  379,  174,  194,  672,   69,  439,   45,  618,  633,  212, 1057,  556,  695,  696,   90,  855,  649,  283,  605,  123,    0,  451,  383,  950,  573,  793,   36,  513,  673,  161,  888,  294,  600,  189, 1011,  334,  502,  605,  636,  779,  332,  713,  421,  210,  177,  717,  897,  920,  443,  879,   71,  551,  488,  296,  276,  777,  708,  216, 1001,  922,  446,  860,  846,  953,  589,  828,  613,  830,  729,  727,  717,  377,  676,  606,  799,  548,  865,  693,  771,  865,  132,  511,  720,  640, 1085,  745,  900,  659,  729,  779,  673,  759,  710,  298,  419,  324,  888,  337,  722,  457,  776,  225,  597,  337,  962,  547,  220,  885,  431,  863,  451,  740,  621,  828,  898,  744,  681,  576,  368,  936,  508,   28,  622,  249,  695,  104,  712,  301,  542,  696,  159,  501,  554,  332,  363,  188,  649,  812,  600,  836,  829,  359,  729,  886,  146,  714,  392,  932,  853,  580,  721,  808,  102,  840,  755,   50,  194,  726,  503,  755,  793,  678,  713,  733,  593,  490,  864,  176, 1054,  142,  844,  843,  385, 1029,  449,  924,  768,  265,  785],
        [  444,    0,  386,  228,  347,  264,  390,  439,  131,  460,  287,  298,  258,  625,  185,  670,  306,  462,  693,  623,  317,  256,  331,  451,    0,   75,  614,  167,  361,  421,  204,  520,  520,  439,  501,  433,  340,  571,  307,  153,  578,  226,  491,  572,  447,  315,  530,  308,  487,  567,  596,  538,  819,  420,  259,  222,  242,  187,  330,  344,  653,  595,  512,  598,  677,  547,  615,  338,  456,  173,  383,  506,  552,  309,  400,  298,  454,  449,  102,  729,  464,  370,  436,  583,  546,  498,  193,  653,  305,  744,  215,  428,  390,  330,  362,  286,  236,  266,  587,  707,  340,  276,  116,  356,  369,  192,  116,  604,  173,  368,  687,  100,  547,  164,  290,  305,  789,  687,  294,  241,  565,   94,  486,  146,  478,  197,  239,  501,  553,  382,  472,  445,  414,  418,  168,  225,  141,  325,  271,  419,  519,  375,  589,  736,  171,  410,  512,  421,  440,   62,  636,  626,  424,  270,  402,  536,  726,  676,  405,  531,  333,  279,  486,  755,  617,  623,  316,  356,   52,  532,  554,  615,  421,  513,  416,  109,  609,   55,  622,  614,  489,  415],
        [  515,    0,  424,  173,  296,  193,  439,  377,  107,  389,  342,  310,  185,  699,  245,  681,  340,  389,  728,  632,  287,  271,  261,  383,   75,    0,  677,  235,  435,  352,  247,  549,  465,  506,  464,  406,  265,  645,  243,  157,  586,  296,  544,  535,  445,  318,  480,  253,  529,  629,  658,  522,  839,  358,  253,  254,  172,  136,  395,  369,  590,  668,  585,  576,  715,  603,  678,  377,  523,  247,  448,  548,  586,  380,  386,  327,  479,  512,  165,  761,  453,  441,  510,  514,  541,  538,  257,  727,  364,  780,  289,  482,  426,  347,  400,  359,  166,  273,  547,  746,  321,  349,  107,  429,  328,  261,   47,  671,  233,  326,  728,   78,  606,  140,  362,  358,  805,  730,  365,  300,  569,   67,  554,  156,  410,  269,  193,  537,  484,  440,  439,  458,  463,  367,  167,  276,  107,  313,  210,  406,  574,  411,  637,  760,  160,  467,  580,  347,  489,   44,  693,  672,  448,  342,  474,  472,  754,  696,  339,  479,  369,  307,  536,  770,  632,  643,  389,  393,  124,  594,  498,  689,  367,  575,  468,  106,  683,  104,  680,  646,  449,  482],
        [  467,    0,  763,  841,  782,  819,  281,  903,  736,  979,  343,  806,  828,  349,  433,  566,  737, 1002,  363,  556,  677,  772,  860,  950,  614,  677,    0,  448,  347,  934,  450,  382,  922,  545,  794, 1009,  919,  377,  919,  727,  551,  396,  183,  840,  960,  542,  895,  774,  278,   54,   41,  691,  565,  889,  820,  466,  847,  701,  562,  794, 1084,  212,  226,  763,  322,  122,    5,  365,  167,  473,  570,  279,  340,  325,  631,  753,  409,  166,  596,  415, 1000,  270,  312, 1065,  625,  285,  574,  359,  602,  387,  460,  223,  775,  814,  747,  364,  841,  534,  867,  334,  636,  447,  715,  315,  749,  423,  698,   56,  445,  753,  298,  709,   93,  765,  474,  334,  583,  275,  476,  601,  571,  640,  531,  716,  969,  432,  707,  327, 1047,  243,  759,  483,  258,  828,  745,  411,  651,  605,  776,  965,  153,  363,  206,  483,  602,  222,  128,  987,  246,  638,   97,  240,  417,  485,  256,  993,  448,  489,  902,  909,  741,  448,  217,  571,  507,  466,  334,  365,  563,   87,  953,  386,  842,  107,  685,  603,  273,  574,   85,  368,  807,  202],
        [  346,    0,  427,  394,  433,  404,  249,  545,  289,  591,  140,  400,  405,  485,   50,  595,  365,  601,  567,  552,  362,  360,  461,  573,  167,  235,  448,    0,  221,  548,  117,  414,  605,  370,  541,  577,  493,  440,  473,  288,  514,   65,  337,  608,  559,  291,  601,  406,  354,  402,  432,  529,  718,  527,  390,  157,  406,  298,  288,  418,  755,  437,  356,  600,  544,  388,  449,  222,  290,   77,  335,  374,  433,  149,  400,  370,  360,  283,  164,  609,  588,  208,  292,  702,  512,  367,  194,  513,  290,  617,  116,  275,  435,  421,  404,  137,  400,  246,  629,  574,  358,  175,  270,  204,  432,   27,  264,  438,   47,  433,  550,  261,  385,  320,  206,  162,  698,  545,  211,  245,  509,  213,  405,  278,  597,   55,  330,  381,  676,  223,  506,  377,  269,  500,  306,  103,  242,  332,  386,  546,  363,  263,  442,  630,  223,  253,  346,  570,  295,  201,  475,  484,  334,  194,  242,  644,  613,  580,  524,  607,  383,  205,  339,  666,  534,  528,  162,  243,  116,  367,  640,  483,  508,  350,  410,  189,  459,  135,  461,  497,  538,  249],
        [  163,    0,  417,  567,  653,  618,  314,  766,  454,  809,  249,  473,  616,  266,  249,  711,  396,  817,  604,  678,  576,  444,  679,  793,  361,  435,  347,  221,    0,  767,  312,  507,  824,  223,  747,  687,  700,  219,  655,  425,  650,  160,  336,  812,  621,  483,  817,  627,  409,  321,  352,  710,  791,  748,  502,  351,  600,  518,  217,  452,  975,  246,  165,  785,  571,  351,  345,  347,  189,  189,  230,  426,  502,   99,  595,  413,  479,  224,  299,  656,  665,   97,   76,  922,  675,  423,  247,  294,  256,  647,  151,  295,  429,  475,  401,   86,  594,  446,  834,  595,  564,  110,  430,   44,  648,  199,  472,  312,  255,  650,  563,  435,  330,  476,  130,  266,  786,  549,  132,  262,  654,  428,  233,  413,  817,  172,  550,  456,  896,  242,  712,  525,  318,  718,  442,  276,  461,  534,  606,  633,  345,  381,  444,  699,  443,  263,  220,  781,  336,  410,  415,  490,  464,  144,   93,  864,  673,  669,  744,  824,  397,  379,  361,  760,  646,  624,   72,  365,  313,  296,  858,  262,  727,  288,  343,  409,  250,  347,  398,  560,  748,  176],
        [  864,    0,  746,  344,  168,  161,  657,   85,  405,   46,  599,  598,  178, 1031,  533,  701,  661,   79,  852,  654,  276,  570,   91,   36,  421,  352,  934,  548,  767,    0,  492,  669,  189,  857,  308,  566,  155,  984,  300,  468,  609,  612,  766,  353,  678,  412,  234,  161,  707,  881,  905,  453,  884,   79,  516,  469,  261,  250,  746,  673,  251,  978,  899,  462,  856,  832,  937,  575,  808,  585,  799,  720,  722,  693,  377,  642,  600,  780,  516,  864,  658,  748,  839,  163,  518,  710,  608, 1060,  713,  898,  631,  713,  744,  638,  724,  684,  263,  405,  347,  884,  332,  694,  423,  751,  224,  573,  307,  944,  523,  219,  880,  398,  848,  416,  710,  603,  834,  891,  714,  649,  580,  340,  906,  474,   63,  596,  229,  687,  133,  694,  312,  538,  682,  167,  467,  534,  306,  356,  163,  615,  799,  588,  826,  832,  338,  713,  866,  120,  700,  363,  919,  845,  573,  691,  785,  137,  841,  757,   38,  220,  692,  489,  743,  799,  681,  714,  709,  580,  461,  848,  207, 1027,  151,  827,  809,  359, 1005,  421,  910,  764,  280,  765],
        [  454,    0,  535,  419,  355,  370,  194,  474,  334,  537,  108,  486,  380,  562,   70,  487,  467,  556,  489,  442,  268,  445,  414,  513,  204,  247,  450,  117,  312,  492,    0,  319,  519,  484,  436,  637,  470,  527,  486,  353,  402,  157,  300,  502,  642,  177,  508,  337,  284,  398,  425,  414,  622,  458,  460,   41,  408,  252,  405,  516,  675,  491,  415,  485,  473,  363,  452,  134,  316,  193,  451,  303,  349,  219,  288,  467,  258,  290,  251,  526,  664,  266,  374,  636,  395,  294,  303,  589,  405,  541,  232,  240,  542,  512,  511,  228,  402,  136,  524,  503,  252,  288,  320,  283,  341,  126,  257,  454,   71,  343,  484,  302,  370,  368,  320,  117,  597,  485,  325,  356,  396,  196,  516,  345,  534,  167,  264,  298,  614,  207,  401,  265,  218,  415,  370,   42,  202,  223,  331,  619,  332,  172,  391,  537,  155,  230,  374,  538,  243,  204,  453,  426,  229,  310,  302,  570,  525,  481,  464,  516,  488,   90,  290,  564,  428,  428,  242,  153,  168,  363,  553,  568,  426,  343,  526,  157,  524,  151,  441,  411,  437,  273],
        [  669,    0,  839,  717,  502,  605,  193,  612,  646,  712,  284,  804,  626,  670,  367,  208,  778,  746,  188,  182,  394,  763,  619,  673,  520,  549,  382,  414,  507,  669,  319,    0,  599,  725,  448,  951,  711,  666,  769,  671,  170,  414,  214,  481,  961,  264,  561,  514,  112,  337,  342,  320,  305,  604,  778,  298,  686,  495,  678,  830,  757,  547,  508,  387,  188,  262,  386,  192,  372,  485,  713,  105,   56,  415,  302,  781,   73,  321,  568,  213,  983,  415,  532,  765,  247,  101,  606,  690,  693,  237,  509,  221,  847,  829,  816,  452,  681,  291,  508,  216,  338,  544,  635,  464,  450,  407,  543,  423,  375,  455,  212,  614,  294,  680,  580,  261,  287,  227,  585,  655,  190,  486,  739,  663,  684,  445,  471,   58,  755,  267,  417,  134,  191,  524,  687,  313,  468,  314,  539,  937,  234,  151,  193,  218,  404,  250,  405,  755,  178,  505,  316,  192,  103,  578,  438,  687,  206,  168,  632,  578,  796,  243,  177,  258,  142,  119,  443,  171,  487,  320,  625,  694,  541,  307,  809,  444,  604,  466,  316,  100,  468,  353],
        [  946,    0,  885,  508,  175,  304,  642,  109,  544,  202,  613,  750,  331, 1080,  576,  578,  799,  248,  768,  537,  253,  717,  241,  161,  520,  465,  922,  605,  824,  189,  519,  599,    0,  953,  163,  747,  337, 1042,  480,  607,  498,  664,  742,  181,  848,  381,   53,  213,  664,  868,  887,  320,  761,  124,  674,  485,  426,  334,  849,  820,  163, 1005,  932,  304,  780,  808,  925,  560,  822,  661,  902,  673,  654,  736,  300,  783,  539,  785,  622,  769,  834,  784,  891,  178,  397,  664,  713, 1107,  825,  809,  707,  700,  885,  790,  862,  739,  427,  397,  168,  805,  286,  771,  558,  799,  179,  626,  419,  942,  570,  177,  808,  529,  830,  563,  795,  611,  707,  824,  799,  761,  467,  428,  997,  610,  148,  658,  284,  632,  182,  696,  185,  466,  664,  106,  610,  559,  383,  318,  256,  788,  774,  560,  779,  724,  384,  708,  877,  306,  677,  459,  887,  788,  519,  778,  820,  101,  739,  650,  166,   35,  830,  482,  713,  674,  574,  614,  757,  558,  547,  838,   35, 1084,  100,  818,  933,  429, 1041,  502,  882,  684,  137,  781],
