{
    "name": "random-5-3942",
    "comment": "size=5 seed=3942",
    "nodes": ["+0", "-0", "+1", "-1", "+2", "-2", "+3", "-3", "+4", "-4", "+5", "-5"],
    "precedence": {
        "+0": "-0",
        "+1": "-1",
        "+2": "-2",
        "+3": "-3",
        "+4": "-4",
        "+5": "-5"
    },
    "edges": [
        [    0,    0,  481,  631,  266,  775,  381,  840,  536,  475,  367,   68],
        [    0,    0,  481,  631,  266,  775,  381,  840,  536,  475,  367,   68],
        [  481,  481,    0,  424,  541,  981,  342,  525,  661,  602,  267,  545],
        [  631,  631,  424,    0,  484,  692,  252,  228,  398,  373,  646,  667],
        [  266,  266,  541,  484,    0,  519,  259,  711,  273,  217,  553,  257],
        [  775,  775,  981,  692,  519,    0,  640,  870,  322,  380, 1061,  747],
        [  381,  381,  342,  252,  259,  640,    0,  470,  320,  261,  472,  416],
        [  840,  840,  525,  228,  711,  870,  470,    0,  605,  590,  783,  882],
        [  536,  536,  661,  398,  273,  322,  320,  605,    0,   67,  764,  530],
        [  475,  475,  602,  373,  217,  380,  261,  590,   67,    0,  698,  473],
        [  367,  367,  267,  646,  553, 1061,  472,  783,  764,  698,    0,  432],
        [   68,   68,  545,  667,  257,  747,  416,  882,  530,  473,  432,    0]
    ]
}
