{
    "name": "random-10-10083",
    "comment": "size=10 seed=10083",
    "nodes": ["+0", "-0", "+1", "-1", "+2", "-2", "+3", "-3", "+4", "-4", "+5", "-5", "+6", "-6", "+7", "-7", "+8", "-8", "+9", "-9", "+10", "-10"],
    "precedence": {
        "+0": "-0",
        "+1": "-1",
        "+2": "-2",
        "+3": "-3",
        "+4": "-4",
        "+5": "-5",
        "+6": "-6",
        "+7": "-7",
        "+8": "-8",
        "+9": "-9",
        "+10": "-10"
    },
    "edges": [
        [    0,    0,  834,  511,  712,  857,  824,  794,  106,  992,  549,  222,  192,  634,  805,  394,  472,  189,  495,  902,  777,  620],
        [    0,    0,  834,  511,  712,  857,  824,  794,  106,  992,  549,  222,  192,  634,  805,  394,  472,  189,  495,  902,  777,  620],
        [  834,  834,    0,  359,  200,  299,  338,  127,  741,  296,  894,  818,  820,  383,  144,  786,  455,  691,  617,  413,  310,  564],
        [  511,  511,  359,    0,  333,  518,  518,  289,  435,  602,  757,  563,  466,  404,  393,  605,  108,  416,  510,  614,  281,  540],
        [  712,  712,  200,  333,    0,  186,  193,  277,  610,  287,  698,  656,  741,  184,   97,  600,  440,  546,  423,  287,  435,  364],
        [  857,  857,  299,  518,  186,    0,   59,  415,  752,  154,  726,  762,  908,  235,  160,  668,  625,  677,  474,  115,  592,  368],
        [  824,  824,  338,  518,  193,   59,    0,  447,  718,  208,  669,  718,  886,  193,  195,  616,  624,  641,  422,   96,  619,  312],
        [  794,  794,  127,  289,  277,  415,  447,    0,  709,  423,  933,  811,  753,  449,  255,  807,  369,  673,  658,  529,  184,  628],
        [  106,  106,  741,  435,  610,  752,  718,  709,    0,  888,  491,  178,  242,  528,  704,  326,  414,   88,  398,  796,  710,  519],
        [  992,  992,  296,  602,  287,  154,  208,  423,  888,    0,  877,  910, 1027,  385,  209,  821,  708,  818,  627,  209,  606,  520],
        [  549,  549,  894,  757,  698,  726,  669,  933,  491,  877,    0,  327,  730,  520,  783,  170,  799,  426,  277,  695, 1022,  358],
        [  222,  222,  818,  563,  656,  762,  718,  811,  178,  910,  327,    0,  406,  528,  752,  179,  566,  150,  324,  781,  844,  458],
        [  192,  192,  820,  466,  741,  908,  886,  753,  242, 1027,  730,  406,    0,  708,  824,  567,  391,  323,  628,  973,  693,  739],
        [  634,  634,  383,  404,  184,  235,  193,  449,  528,  385,  520,  528,  708,    0,  264,  439,  500,  449,  250,  269,  586,  182],
        [  805,  805,  144,  393,   97,  160,  195,  255,  704,  209,  783,  752,  824,  264,    0,  692,  500,  642,  511,  274,  433,  438],
        [  394,  394,  786,  605,  600,  668,  616,  807,  326,  821,  170,  179,  567,  439,  692,    0,  638,  257,  195,  664,  877,  321],
        [  472,  472,  455,  108,  440,  625,  624,  369,  414,  708,  799,  566,  391,  500,  500,  638,    0,  417,  572,  720,  308,  621],
        [  189,  189,  691,  416,  546,  677,  641,  673,   88,  818,  426,  150,  323,  449,  642,  257,  417,    0,  311,  716,  696,  432],
        [  495,  495,  617,  510,  423,  474,  422,  658,  398,  627,  277,  324,  628,  250,  511,  195,  572,  311,    0,  470,  758,  134],
        [  902,  902,  413,  614,  287,  115,   96,  529,  796,  209,  695,  781,  973,  269,  274,  664,  720,  716,  470,    0,  706,  346],
        [  777,  777,  310,  281,  435,  592,  619,  184,  710,  606, 1022,  844,  693,  586,  433,  877,  308,  696,  758,  706,    0,  755],
        [  620,  620,  564,  540,  364,  368,  312,  628,  519,  520,  358,  458,  739,  182,  438,  321,  621,  432,  134,  346,  755,    0]
    ]
}
