{
    "name": "random-52-32380",
    "comment": "size=52 seed=32380",
    "nodes": ["+0", "-0", "+1", "-1", "+2", "-2", "+3", "-3", "+4", "-4", "+5", "-5", "+6", "-6", "+7", "-7", "+8", "-8", "+9", "-9", "+10", "-10", "+11", "-11", "+12", "-12", "+13", "-13", "+14", "-14", "+15", "-15", "+16", "-16", "+17", "-17", "+18", "-18", "+19", "-19", "+20", "-20", "+21", "-21", "+22", "-22", "+23", "-23", "+24", "-24", "+25", "-25", "+26", "-26", "+27", "-27", "+28", "-28", "+29", "-29", "+30", "-30", "+31", "-31", "+32", "-32", "+33", "-33", "+34", "-34", "+35", "-35", "+36", "-36", "+37", "-37", "+38", "-38", "+39", "-39", "+40", "-40", "+41", "-41", "+42", "-42", "+43", "-43", "+44", "-44", "+45", "-45", "+46", "-46", "+47", "-47", "+48", "-48", "+49", "-49", "+50", "-50", "+51", "-51", "+52", "-52"],
    "precedence": {
        "+0": "-0",
        "+1": "-1",
        "+2": "-2",
        "+3": "-3",
        "+4": "-4",
        "+5": "-5",
        "+6": "-6",
        "+7": "-7",
        "+8": "-8",
        "+9": "-9",
        "+10": "-10",
        "+11": "-11",
        "+12": "-12",
        "+13": "-13",
        "+14": "-14",
        "+15": "-15",
        "+16": "-16",
        "+17": "-17",
        "+18": "-18",
        "+19": "-19",
        "+20": "-20",
        "+21": "-21",
        "+22": "-22",
        "+23": "-23",
        "+24": "-24",
        "+25": "-25",
        "+26": "-26",
        "+27": "-27",
        "+28": "-28",
        "+29": "-29",
        "+30": "-30",
        "+31": "-31",
        "+32": "-32",
        "+33": "-33",
        "+34": "-34",
        "+35": "-35",
        "+36": "-36",
        "+37": "-37",
        "+38": "-38",
        "+39": "-39",
        "+40": "-40",
        "+41": "-41",
        "+42": "-42",
        "+43": "-43",
        "+44": "-44",
        "+45": "-45",
        "+46": "-46",
        "+47": "-47",
        "+48": "-48",
        "+49": "-49",
        "+50": "-50",
        "+51": "-51",
        "+52": "-52"
    },
    "edges": [
        [    0,    0,  983,  943,  971,  483,  928,  684,  941,  515,  899,  478,  367,  681,  834,  568,  693,  492,  328,  613,  858,  596,  814,  736,  858,  344,  738,  411,  779,  332,  680,  567,   28,  963,  188,  680, 1007,  689,  991,  684,  522,  687,  681,  739,  609,  751,  626,  631,  750,  527,  182,  826,  282,  534,  935,  784,  728,  872,  633,  385,  157,  330,  911,  651,  720,  766,  512,  721,  862,  151,  342,  399,  427,  848,  180,  729,  495,  192,  493, 1062,  619,  665,  877,  907,  490,  881,  369,  850,  662,  919,  470,  744,  589,  418,   80,  820,  272,  277,  667,  899,  255,  226,  825,  671,  277,  599],
        [    0,    0,    0,    0,    0,    0,    0,    0,    0,    0,    0,    0,    0,    0,    0,    0,    0,    0,    0,    0,    0,    0,    0,    0,    0,    0,    0,    0,    0,    0,    0,    0,    0,    0,    0,    0,    0,    0,    0,    0,    0,    0,    0,    0,    0,    0,    0,    0,    0,    0,    0,    0,    0,    0,    0,    0,    0,    0,    0,    0,    0,    0,    0,    0,    0,    0,    0,    0,    0,    0,    0,    0,    0,    0,    0,    0,    0,    0,    0,    0,    0,    0,    0,    0,    0,    0,    0,    0,    0,    0,    0,    0,    0,    0,    0,    0,    0,    0,    0,    0,    0,    0,    0,    0,    0,    0],
        [  983,    0,    0,  371,  991,  513,  798,  349,  332,  470,  997,  559,  762,  503,  988,  910,  368,  588,  994,  463,  129,  412,  198,  251,  719,  650,  785,  624,  927,  823,  443,  738, 1009,   63,  802,  390,  100,  708,  183,  428,  559,  339,  368,  712,  408,  588,  751,  367,  233,  632,  804,  531, 1175,  588,  416,  200,  920,  194,  694, 1085,  946, 1128,  217,  335,  799,  222,  527,  271,  993,  833, 1134,  819,  669,  177, 1119,  254,  489,  817,  865,  182,  575,  509,  509,  178,  805,  102,  789,  972,  358,  112,  663,  487,  449,  729,  948,  171,  771,  963,  355,  465,  947,  945,  180,  342,  729,  721],
        [  943,    0,  371,    0,  637,  483,  441,  544,   40,  482,  658,  465,  862,  277,  663,  660,  266,  723,  831,  331,  328,  546,  271,  346,  373,  608,  476,  712,  611,  678,  264,  501,  970,  308,  800,  600,  287,  421,  200,  260,  423,  530,  282,  404,  558,  287,  486,  503,  376,  448,  792,  201, 1053,  422,   47,  384,  618,  206,  904,  907,  850,  976,  160,  452,  496,  408,  653,  441,  661,  800,  977,  936,  784,  251, 1029,  367,  510,  831,  645,  256,  356,  292,  158,  202,  592,  355,  892,  642,  535,  269,  800,  221,  604,  849,  883,  313,  678,  820,  534,  107,  814,  822,  437,  515,  760,  917],
        [  971,    0,  991,  637,    0,  769,  198, 1017,  674,  815,   87,  684, 1123,  539,  154,  408,  689, 1071,  677,  641,  907,  965,  828,  853,  273,  790,  269, 1011,  193,  645,  607,  437,  991,  929,  941, 1066,  919,  353,  835,  620,  624, 1005,  700,  318,  986,  422,  377,  944,  893,  545,  922,  460,  896,  579,  591,  922,  246,  800, 1293,  687,  818,  784,  776,  905,  275,  935, 1018,  940,  126,  896,  778, 1198, 1090,  830,  941,  871,  835,  984,  478,  892,  513,  544,  485,  813,  487,  942, 1148,  129,  995,  880, 1128,  524, 1017, 1140,  891,  874,  740,  711,  997,  532,  727,  752,  992,  982,  965, 1287],
        [  483,    0,  513,  483,  769,    0,  637,  299,  474,   60,  731,   90,  396,  274,  690,  500,  220,  305,  497,  167,  385,  219,  333,  263,  546,  140,  501,  257,  620,  330,  237,  356,  510,  486,  321,  331,  526,  417,  509,  234,  145,  293,  205,  455,  241,  390,  405,  222,  285,  231,  315,  428,  663,  192,  487,  324,  587,  390,  525,  592,  433,  623,  430,  211,  500,  312,  250,  280,  708,  333,  630,  474,  337,  367,  607,  261,   68,  349,  429,  580,  262,  261,  464,  424,  373,  413,  426,  689,  273,  439,  369,  329,  260,  397,  439,  345,  259,  460,  277,  468,  441,  435,  380,  269,  277,  521],
        [  928,    0,  798,  441,  198,  637,    0,  855,  478,  675,  233,  561, 1017,  379,  263,  415,  519,  941,  678,  489,  722,  813,  644,  679,   94,  688,  195,  891,  242,  597,  442,  362,  952,  736,  861,  907,  724,  244,  639,  454,  498,  842,  533,  194,  833,  256,  302,  787,  718,  436,  845,  273,  912,  457,  394,  744,  281,  610, 1158,  714,  786,  807,  583,  743,  216,  759,  881,  770,  250,  827,  803, 1095,  971,  643,  935,  698,  698,  903,  459,  695,  376,  387,  291,  621,  443,  756, 1045,  235,  835,  689, 1005,  350,  869, 1027,  850,  691,  670,  698,  837,  337,  707,  729,  812,  820,  868, 1157],
        [  684,    0,  349,  544, 1017,  299,  855,    0,  515,  240,  993,  384,  417,  479,  961,  795,  338,  241,  783,  377,  260,   91,  280,  199,  762,  397,  760,  289,  892,  621,  414,  641,  708,  361,  497,   56,  416,  673,  452,  401,  423,   15,  323,  700,   75,  601,  680,   79,  171,  513,  504,  597,  918,  468,  572,  176,  866,  355,  367,  879,  687,  897,  411,  113,  764,  147,  185,  105,  975,  542,  905,  471,  322,  309,  843,  178,  238,  501,  727,  497,  510,  474,  608,  379,  670,  260,  443,  956,   27,  344,  314,  507,  104,  381,  667,  247,  533,  740,   23,  587,  718,  707,  169,   35,  411,  387],
        [  941,    0,  332,   40,  674,  474,  478,  515,    0,  467,  692,  463,  845,  288,  695,  682,  255,  701,  843,  329,  291,  522,  238,  318,  408,  602,  505,  695,  642,  686,  265,  519,  968,  269,  792,  571,  248,  446,  161,  259,  425,  501,  269,  432,  532,  313,  508,  478,  345,  457,  785,  231, 1061,  428,   86,  351,  647,  170,  877,  921,  854,  987,  122,  427,  525,  376,  631,  411,  695,  796,  989,  917,  765,  216, 1033,  339,  495,  822,  663,  221,  369,  302,  192,  163,  608,  317,  875,  675,  506,  230,  779,  237,  578,  830,  883,  279,  680,  829,  506,  143,  822,  829,  402,  487,  748,  892],
        [  515,    0,  470,  482,  815,   60,  675,  240,  467,    0,  781,  147,  383,  303,  742,  558,  217,  268,  553,  191,  344,  161,  300,  222,  583,  181,  549,  236,  672,  387,  255,  411,  542,  449,  342,  273,  492,  463,  484,  248,  195,  234,  201,  499,  183,  423,  457,  163,  238,  284,  340,  450,  711,  242,  490,  276,  641,  364,  484,  648,  479,  676,  409,  155,  549,  261,  207,  225,  759,  365,  683,  458,  312,  336,  650,  216,   29,  365,  488,  552,  304,  291,  481,  398,  432,  369,  413,  740,  214,  405,  338,  352,  206,  375,  478,  305,  310,  513,  218,  479,  494,  487,  328,  210,  285,  483],
        [  899,    0,  997,  658,   87,  731,  233,  993,  692,  781,    0,  643, 1070,  523,   70,  332,  675, 1030,  598,  617,  905,  935,  825,  841,  285,  739,  234,  965,  122,  578,  591,  385,  918,  937,  880, 1040,  932,  321,  851,  605,  587,  982,  685,  297,  957,  414,  329,  919,  880,  502,  860,  468,  813,  540,  612,  912,  172,  804, 1252,  603,  744,  700,  786,  882,  232,  922,  980,  923,   41,  831,  694, 1144, 1042,  830,  862,  857,  798,  922,  407,  912,  484,  524,  501,  820,  423,  941, 1094,   49,  971,  886, 1082,  517,  985, 1090,  819,  870,  678,  634,  973,  551,  651,  678,  982,  958,  910, 1243],
        [  478,    0,  559,  465,  684,   90,  561,  384,  463,  147,  643,    0,  459,  219,  601,  413,  220,  388,  436,  135,  432,  308,  367,  314,  471,  148,  415,  331,  531,  265,  203,  267,  506,  524,  341,  419,  558,  332,  526,  206,   64,  376,  210,  374,  329,  322,  316,  306,  344,  142,  331,  374,  623,  106,  460,  383,  498,  411,  610,  528,  400,  570,  443,  287,  413,  376,  337,  351,  619,  336,  575,  537,  411,  398,  580,  318,  158,  377,  344,  600,  187,  204,  418,  445,  287,  463,  488,  600,  358,  473,  447,  281,  350,  467,  422,  389,  223,  405,  362,  430,  390,  389,  446,  352,  320,  604],
        [  367,    0,  762,  862, 1123,  396, 1017,  417,  845,  383, 1070,  459,    0,  669, 1016,  773,  599,  177,  620,  563,  657,  353,  645,  554,  929,  333,  857,  151,  949,  522,  632,  687,  381,  765,  225,  389,  818,  781,  834,  627,  522,  426,  582,  826,  354,  780,  746,  400,  548,  584,  245,  823,  648,  561,  872,  571,  906,  719,  266,  703,  458,  676,  771,  442,  849,  545,  236,  495, 1039,  291,  687,   78,   95,  681,  547,  539,  355,  192,  690,  892,  645,  655,  859,  751,  655,  667,   31, 1023,  405,  736,  118,  725,  315,   52,  397,  631,  407,  564,  408,  860,  537,  513,  584,  421,  162,  233],
        [  681,    0,  503,  277,  539,  274,  379,  479,  288,  303,  523,  219,  669,    0,  500,  413,  153,  570,  556,  113,  395,  435,  314,  319,  286,  366,  294,  531,  434,  402,   69,  242,  708,  450,  559,  530,  463,  210,  402,   83,  163,  467,  163,  226,  454,  124,  248,  409,  358,  171,  547,  156,  776,  149,  259,  391,  421,  315,  784,  634,  577,  700,  319,  367,  304,  400,  508,  402,  510,  547,  702,  747,  610,  327,  755,  335,  328,  595,  381,  477,   82,   17,  200,  341,  324,  431,  699,  490,  458,  395,  639,   64,  491,  670,  616,  355,  411,  544,  461,  218,  537,  547,  462,  444,  538,  785],
        [  834,    0,  988,  663,  154,  690,  263,  961,  695,  742,   70,  601, 1016,  500,    0,  266,  653,  984,  530,  587,  890,  899,  809,  818,  295,  688,  207,  916,   70,  516,  568,  337,  852,  930,  821, 1006,  929,  292,  850,  583,  547,  951,  661,  278,  920,  401,  285,  885,  857,  459,  801,  466,  744,  500,  619,  890,  111,  795, 1206,  534,  678,  631,  781,  851,  198,  899,  937,  896,   30,  771,  625, 1089,  992,  817,  793,  833,  757,  864,  343,  915,  453,  500,  506,  814,  364,  926, 1039,   31,  938,  877, 1034,  503,  947, 1038,  754,  853,  619,  567,  941,  556,  584,  611,  961,  927,  855, 1196],
        [  568,    0,  910,  660,  408,  500,  415,  795,  682,  558,  332,  413,  773,  413,  266,    0,  544,  767,  272,  454,  793,  719,  715,  694,  381,  459,  230,  691,  215,  257,  468,  173,  587,  860,  567,  831,  875,  245,  813,  483,  377,  787,  546,  279,  741,  375,  175,  717,  730,  289,  546,  467,  500,  336,  627,  768,  163,  726,  986,  299,  413,  392,  731,  694,  206,  769,  731,  753,  294,  512,  388,  843,  762,  734,  536,  704,  567,  609,   84,  886,  336,  404,  522,  753,  129,  828,  794,  284,  770,  805,  807,  449,  758,  801,  489,  751,  368,  304,  773,  566,  320,  346,  837,  763,  611,  970],
        [  693,    0,  368,  266,  689,  220,  519,  338,  255,  217,  675,  220,  599,  153,  653,  544,    0,  470,  638,   98,  250,  309,  171,  166,  427,  351,  446,  450,  586,  471,   85,  372,  720,  322,  539,  391,  347,  362,  308,   70,  200,  324,   17,  379,  325,  268,  392,  275,  206,  265,  532,  260,  838,  222,  274,  238,  570,  197,  669,  726,  619,  778,  224,  228,  456,  247,  402,  252,  663,  546,  782,  674,  525,  194,  799,  183,  245,  568,  498,  383,  212,  154,  278,  230,  438,  285,  629,  642,  319,  268,  545,  170,  367,  589,  640,  208,  442,  614,  321,  267,  602,  604,  309,  303,  495,  676],
        [  492,    0,  588,  723, 1071,  305,  941,  241,  701,  268, 1030,  388,  177,  570,  984,  767,  470,    0,  674,  458,  488,  186,  486,  395,  849,  310,  803,   88,  915,  540,  520,  647,  511,  594,  311,  212,  649,  720,  672,  513,  448,  250,  453,  759,  183,  690,  701,  234,  383,  528,  325,  717,  755,  493,  740,  402,  877,  562,  223,  766,  538,  761,  616,  281,  800,  375,   70,  325, 1004,  372,  770,  232,   83,  520,  665,  377,  243,  300,  687,  725,  566,  559,  744,  591,  641,  495,  203,  985,  230,  569,   80,  618,  140,  141,  496,  466,  429,  622,  234,  737,  597,  578,  409,  247,  220,  217],
        [  328,    0,  994,  831,  677,  497,  678,  783,  843,  553,  598,  436,  620,  556,  530,  272,  638,  674,    0,  541,  867,  695,  800,  749,  629,  388,  485,  588,  486,  171,  587,  349,  340,  956,  396,  803,  985,  468,  942,  597,  439,  780,  633,  513,  715,  573,  393,  711,  777,  387,  376,  663,  237,  421,  808,  816,  433,  835,  870,   96,  176,  145,  857,  707,  463,  808,  662,  777,  559,  330,  147,  676,  641,  828,  265,  752,  548,  431,  220, 1018,  475,  541,  720,  867,  252,  898,  633,  551,  758,  903,  688,  611,  715,  660,  254,  824,  253,   56,  762,  756,   83,  110,  876,  758,  471,  844],
        [  613,    0,  463,  331,  641,  167,  489,  377,  329,  191,  617,  135,  563,  113,  587,  454,   98,  458,  541,    0,  341,  326,  266,  242,  396,  278,  384,  421,  518,  374,   72,  285,  640,  419,  471,  425,  445,  297,  403,   72,  103,  366,   95,  324,  346,  234,  313,  304,  279,  170,  462,  262,  744,  126,  328,  316,  497,  294,  672,  628,  529,  682,  318,  266,  389,  319,  396,  311,  600,  469,  685,  640,  500,  290,  709,  253,  217,  504,  404,  478,  135,  102,  297,  327,  343,  376,  593,  580,  355,  365,  528,  163,  380,  561,  555,  299,  353,  518,  357,  303,  507,  510,  386,  342,  440,  673],
        [  858,    0,  129,  328,  907,  385,  722,  260,  291,  344,  905,  432,  657,  395,  890,  793,  250,  488,  867,  341,    0,  304,   82,  123,  636,  523,  684,  513,  826,  696,  330,  621,  884,  110,  680,  310,  162,  603,  195,  315,  434,  247,  248,  613,  305,  492,  639,  257,  111,  511,  680,  450, 1047,  466,  366,   87,  815,  122,  623,  958,  818, 1000,  172,  218,  696,  114,  423,  163,  897,  707, 1006,  719,  565,   81,  991,  129,  363,  697,  744,  239,  461,  399,  439,  133,  684,   37,  685,  877,  261,   85,  565,  389,  350,  628,  821,   44,  643,  835,  259,  402,  819,  817,  113,  243,  609,  645],
        [  596,    0,  412,  546,  965,  219,  813,   91,  522,  161,  935,  308,  353,  435,  899,  719,  309,  186,  695,  326,  304,    0,  301,  210,  720,  307,  702,  213,  829,  535,  374,  571,  620,  412,  409,  113,  465,  615,  486,  364,  354,   92,  293,  647,   22,  558,  615,   48,  198,  444,  415,  567,  827,  400,  567,  218,  800,  377,  362,  790,  596,  807,  431,   96,  704,  193,  119,  143,  915,  453,  815,  416,  261,  335,  753,  192,  154,  416,  648,  540,  453,  427,  586,  406,  592,  315,  381,  895,   67,  385,  265,  472,   59,  325,  577,  280,  443,  650,   72,  572,  628,  616,  238,   75,  326,  372],
        [  814,    0,  198,  271,  828,  333,  644,  280,  238,  300,  825,  367,  645,  314,  809,  715,  171,  486,  800,  266,   82,  301,    0,   92,  557,  472,  603,  497,  745,  630,  249,  543,  840,  157,  642,  335,  194,  522,  190,  235,  363,  266,  171,  532,  307,  411,  559,  254,  109,  435,  640,  372,  988,  391,  304,  114,  734,   77,  645,  889,  762,  936,  132,  206,  615,  138,  417,  175,  816,  663,  941,  713,  558,   37,  938,  110,  324,  663,  669,  253,  381,  318,  366,  106,  608,  118,  675,  796,  274,  107,  565,  308,  354,  622,  771,   48,  585,  771,  273,  332,  757,  756,  172,  255,  579,  663],
        [  736,    0,  251,  346,  853,  263,  679,  199,  318,  222,  841,  314,  554,  319,  818,  694,  166,  395,  749,  242,  123,  210,   92,    0,  588,  400,  611,  406,  751,  579,  250,  526,  763,  228,  560,  255,  274,  526,  280,  236,  324,  184,  157,  544,  218,  432,  552,  163,   40,  407,  560,  412,  925,  361,  374,   75,  734,  168,  560,  842,  695,  881,  222,  115,  620,   82,  326,   97,  828,  586,  887,  621,  466,  127,  869,   22,  242,  579,  640,  340,  372,  318,  416,  197,  579,  151,  583,  808,  189,  187,  474,  331,  264,  531,  698,   84,  521,  716,  188,  391,  700,  696,  145,  170,  493,  575],
        [  858,    0,  719,  373,  273,  546,   94,  762,  408,  583,  285,  471,  929,  286,  295,  381,  427,  849,  629,  396,  636,  720,  557,  588,    0,  602,  152,  800,  253,  531,  349,  294,  882,  657,  780,  814,  649,  170,  567,  361,  408,  750,  440,  120,  739,  163,  239,  694,  627,  351,  764,  188,  865,  369,  328,  654,  276,  528, 1066,  675,  721,  764,  505,  650,  176,  669,  789,  679,  290,  750,  762, 1007,  880,  558,  879,  607,  606,  821,  409,  628,  285,  294,  217,  541,  383,  671,  957,  272,  742,  608,  914,  258,  775,  937,  782,  604,  594,  642,  744,  266,  648,  668,  723,  727,  782, 1065],
        [  344,    0,  650,  608,  790,  140,  688,  397,  602,  181,  739,  148,  333,  366,  688,  459,  351,  310,  388,  278,  523,  307,  472,  400,  602,    0,  524,  233,  620,  235,  348,  355,  371,  625,  194,  415,  666,  449,  648,  350,  205,  395,  338,  496,  327,  462,  414,  327,  419,  253,  185,  520,  531,  236,  605,  456,  579,  529,  527,  484,  299,  501,  568,  332,  516,  442,  281,  403,  710,  196,  509,  410,  306,  506,  470,  396,  168,  230,  378,  719,  324,  350,  565,  564,  334,  549,  359,  693,  372,  579,  349,  428,  328,  351,  299,  483,  136,  343,  376,  577,  321,  311,  507,  373,  181,  512],
        [  738,    0,  785,  476,  269,  501,  195,  760,  505,  549,  234,  415,  857,  294,  207,  230,  446,  803,  485,  384,  684,  702,  603,  611,  152,  524,    0,  742,  143,  406,  362,  176,  760,  727,  684,  806,  729,   88,  655,  376,  356,  749,  455,   74,  723,  199,  115,  685,  651,  277,  666,  275,  720,  310,  436,  684,  143,  592, 1025,  526,  593,  617,  581,  649,   25,  692,  750,  691,  217,  645,  614,  933,  821,  612,  741,  627,  568,  726,  265,  723,  251,  294,  323,  612,  249,  720,  883,  197,  737,  674,  859,  299,  753,  872,  659,  646,  487,  504,  740,  372,  513,  535,  755,  725,  701, 1018],
        [  411,    0,  624,  712, 1011,  257,  891,  289,  695,  236,  965,  331,  151,  531,  916,  691,  450,   88,  588,  421,  513,  213,  497,  406,  800,  233,  742,    0,  848,  457,  488,  580,  432,  622,  227,  274,  674,  662,  686,  483,  394,  295,  434,  704,  219,  646,  637,  258,  403,  466,  240,  682,  670,  437,  724,  428,  808,  570,  295,  680,  451,  674,  622,  296,  737,  404,  105,  354,  937,  286,  683,  224,   80,  533,  582,  392,  208,  221,  610,  745,  516,  518,  716,  602,  566,  526,  181,  920,  272,  590,  118,  584,  187,  141,  411,  485,  344,  536,  276,  714,  510,  491,  449,  285,  136,  281],
        [  779,    0,  927,  611,  193,  620,  242,  892,  642,  672,  122,  531,  949,  434,   70,  215,  586,  915,  486,  518,  826,  829,  745,  751,  253,  620,  143,  848,    0,  456,  502,  268,  799,  869,  758,  936,  870,  225,  794,  517,  477,  881,  594,  216,  851,  340,  215,  816,  790,  390,  739,  411,  709,  430,  568,  823,   53,  734, 1137,  501,  625,  597,  722,  782,  131,  831,  867,  828,   90,  710,  592, 1023,  924,  754,  750,  765,  688,  801,  287,  861,  384,  433,  455,  753,  301,  862,  973,   74,  868,  816,  965,  441,  877,  971,  700,  788,  556,  519,  871,  505,  534,  560,  895,  857,  789, 1127],
        [  332,    0,  823,  678,  645,  330,  597,  621,  686,  387,  578,  265,  522,  402,  516,  257,  471,  540,  171,  374,  696,  535,  630,  579,  531,  235,  406,  457,  456,    0,  425,  238,  355,  786,  310,  645,  817,  362,  776,  434,  272,  617,  465,  412,  555,  441,  296,  547,  607,  231,  290,  526,  376,  259,  659,  646,  407,  667,  750,  264,  191,  308,  691,  540,  389,  638,  516,  608,  542,  256,  312,  589,  521,  658,  360,  582,  384,  352,  175,  852,  325,  386,  581,  700,  160,  728,  541,  529,  596,  734,  567,  461,  561,  553,  254,  653,  116,  145,  600,  612,  136,  147,  707,  594,  361,  730],
        [  680,    0,  443,  264,  607,  237,  442,  414,  265,  255,  591,  203,  632,   69,  568,  468,   85,  520,  587,   72,  330,  374,  249,  250,  349,  348,  362,  488,  502,  425,    0,  296,  707,  392,  542,  465,  410,  277,  357,   16,  161,  401,   95,  295,  393,  187,  310,  346,  290,  203,  532,  197,  799,  167,  258,  322,  487,  259,  729,  670,  589,  730,  272,  302,  371,  332,  455,  334,  578,  538,  733,  709,  566,  266,  769,  266,  281,  575,  429,  433,  133,   70,  228,  289,  369,  366,  661,  558,  394,  337,  592,   99,  431,  628,  620,  290,  416,  569,  396,  232,  560,  566,  394,  379,  511,  732],
        [  567,    0,  738,  501,  437,  356,  362,  641,  519,  411,  385,  267,  687,  242,  337,  173,  372,  647,  349,  285,  621,  571,  543,  526,  294,  355,  176,  580,  268,  238,  296,    0,  591,  688,  508,  681,  703,  125,  643,  310,  219,  632,  375,  175,  593,  226,   62,  563,  563,  128,  490,  319,  584,  173,  471,  600,  232,  554,  870,  412,  428,  491,  560,  535,  164,  602,  601,  589,  357,  469,  491,  762,  658,  561,  588,  537,  424,  551,  145,  717,  164,  232,  375,  581,   97,  657,  712,  340,  616,  633,  698,  283,  616,  705,  490,  580,  311,  354,  619,  415,  358,  376,  670,  607,  529,  860],
        [   28,    0, 1009,  970,  991,  510,  952,  708,  968,  542,  918,  506,  381,  708,  852,  587,  720,  511,  340,  640,  884,  620,  840,  763,  882,  371,  760,  432,  799,  355,  707,  591,    0,  990,  212,  702, 1033,  714, 1019,  711,  549,  711,  708,  764,  633,  777,  650,  656,  776,  553,  206,  853,  275,  561,  962,  810,  748,  899,  645,  392,  175,  332,  939,  677,  743,  791,  534,  747,  881,  178,  343,  408,  445,  875,  169,  756,  521,  212,  513, 1089,  645,  692,  904,  934,  513,  907,  380,  870,  686,  946,  486,  771,  612,  432,  102,  846,  299,  292,  691,  926,  271,  243,  850,  695,  299,  611],
        [  963,    0,   63,  308,  929,  486,  736,  361,  269,  449,  937,  524,  765,  450,  930,  860,  322,  594,  956,  419,  110,  412,  157,  228,  657,  625,  727,  622,  869,  786,  392,  688,  990,    0,  787,  408,   57,  652,  124,  378,  518,  349,  325,  654,  412,  530,  698,  365,  221,  587,  787,  470, 1145,  544,  353,  194,  864,  136,  718, 1045,  917, 1093,  154,  327,  742,  221,  530,  270,  933,  813, 1098,  826,  673,  129, 1093,  237,  470,  805,  819,  140,  524,  457,  447,  117,  759,  101,  793,  913,  366,   56,  671,  430,  455,  735,  924,  144,  741,  928,  363,  402,  913,  912,  198,  348,  718,  743],
        [  188,    0,  802,  800,  941,  321,  861,  497,  792,  342,  880,  341,  225,  559,  821,  567,  539,  311,  396,  471,  680,  409,  642,  560,  780,  194,  684,  227,  758,  310,  542,  508,  212,  787,    0,  493,  833,  618,  825,  543,  397,  500,  525,  667,  422,  649,  570,  445,  570,  430,   21,  712,  445,  422,  798,  603,  711,  705,  480,  480,  237,  459,  749,  468,  672,  583,  326,  537,  846,   67,  469,  284,  258,  677,  355,  551,  319,   43,  483,  893,  511,  543,  758,  740,  458,  700,  238,  831,  475,  746,  304,  621,  401,  267,  186,  644,  202,  340,  480,  771,  313,  289,  640,  484,   92,  452],
        [  680,    0,  390,  600, 1066,  331,  907,   56,  571,  273, 1040,  419,  389,  530, 1006,  831,  391,  212,  803,  425,  310,  113,  335,  255,  814,  415,  806,  274,  936,  645,  465,  681,  702,  408,  493,    0,  464,  719,  504,  453,  463,   71,  376,  748,   91,  652,  723,  122,  226,  553,  502,  650,  924,  509,  628,  228,  908,  410,  314,  898,  695,  911,  465,  164,  810,  200,  169,  160, 1021,  543,  919,  436,  294,  364,  844,  234,  266,  492,  760,  546,  556,  523,  663,  432,  704,  308,  413, 1001,   72,  394,  279,  560,   92,  348,  669,  301,  550,  757,   71,  642,  734,  720,  212,   88,  404,  336],
        [ 1007,    0,  100,  287,  919,  526,  724,  416,  248,  492,  932,  558,  818,  463,  929,  875,  347,  649,  985,  445,  162,  465,  194,  274,  649,  666,  729,  674,  870,  817,  410,  703, 1033,   57,  833,  464,    0,  658,   89,  397,  546,  404,  352,  656,  466,  531,  708,  418,  271,  609,  832,  465, 1180,  568,  333,  248,  868,  152,  774, 1073,  954, 1124,  149,  378,  746,  274,  584,  324,  931,  856, 1128,  880,  726,  161, 1132,  285,  515,  852,  838,   85,  541,  472,  435,  122,  779,  157,  846,  911,  421,   88,  726,  435,  510,  789,  965,  191,  777,  959,  418,  387,  946,  946,  254,  403,  766,  799],
        [  689,    0,  708,  421,  353,  417,  244,  673,  446,  463,  321,  332,  781,  210,  292,  245,  362,  720,  468,  297,  603,  615,  522,  526,  170,  449,   88,  662,  225,  362,  277,  125,  714,  652,  618,  719,  658,    0,  587,  292,  272,  662,  370,   51,  636,  134,   77,  598,  566,  197,  602,  223,  704,  227,  384,  599,  213,  516,  941,  523,  552,  607,  510,  562,   94,  607,  666,  605,  304,  585,  606,  858,  741,  534,  712,  541,  482,  660,  252,  658,  163,  209,  277,  538,  217,  639,  808,  284,  650,  598,  778,  224,  666,  794,  613,  565,  428,  477,  653,  323,  482,  500,  670,  638,  629,  936],
        [  991,    0,  183,  200,  835,  509,  639,  452,  161,  484,  851,  526,  834,  402,  850,  813,  308,  672,  942,  403,  195,  486,  190,  280,  567,  648,  655,  686,  794,  776,  357,  643, 1019,  124,  825,  504,   89,  587,    0,  346,  506,  439,  317,  581,  491,  457,  643,  439,  290,  559,  822,  385, 1146,  522,  246,  277,  795,  120,  818, 1027,  926, 1084,   86,  393,  672,  305,  604,  352,  851,  842, 1087,  901,  746,  154, 1105,  296,  509,  848,  782,   76,  483,  413,  351,   86,  724,  206,  863,  831,  452,  112,  751,  366,  537,  810,  944,  208,  749,  921,  450,  303,  909,  912,  304,  433,  766,  839],
        [  684,    0,  428,  260,  620,  234,  454,  401,  259,  248,  605,  206,  627,   83,  583,  483,   70,  513,  597,   72,  315,  364,  235,  236,  361,  350,  376,  483,  517,  434,   16,  310,  711,  378,  543,  453,  397,  292,  346,    0,  167,  389,   81,  309,  382,  201,  325,  334,  275,  214,  534,  205,  807,  177,  256,  308,  502,  246,  720,  681,  596,  740,  261,  290,  386,  317,  447,  320,  593,  541,  743,  704,  560,  252,  776,  252,  276,  576,  442,  421,  147,   85,  233,  276,  383,  351,  657,  573,  382,  323,  585,  109,  421,  623,  625,  275,  422,  578,  383,  234,  569,  574,  379,  367,  510,  724],
        [  522,    0,  559,  423,  624,  145,  498,  423,  425,  195,  587,   64,  522,  163,  547,  377,  200,  448,  439,  103,  434,  354,  363,  324,  408,  205,  356,  394,  477,  272,  161,  219,  549,  518,  397,  463,  546,  272,  506,  167,    0,  414,  194,  312,  375,  260,  263,  345,  358,   91,  385,  316,  642,   48,  414,  397,  447,  396,  670,  528,  429,  579,  421,  318,  355,  395,  394,  377,  564,  385,  583,  600,  474,  389,  609,  332,  212,  434,  317,  581,  124,  147,  362,  429,  256,  468,  550,  545,  398,  465,  509,  226,  401,  530,  460,  391,  256,  416,  401,  378,  404,  408,  464,  389,  382,  664],
        [  687,    0,  339,  530, 1005,  293,  842,   15,  501,  234,  982,  376,  426,  467,  951,  787,  324,  250,  780,  366,  247,   92,  266,  184,  750,  395,  749,  295,  881,  617,  401,  632,  711,  349,  500,   71,  404,  662,  439,  389,  414,    0,  310,  689,   78,  588,  671,   72,  157,  505,  506,  583,  918,  459,  558,  162,  856,  341,  381,  876,  686,  895,  397,  101,  754,  134,  193,   91,  965,  544,  903,  481,  332,  295,  844,  163,  234,  505,  720,  484,  499,  462,  594,  365,  662,  248,  452,  945,   25,  331,  325,  494,  112,  391,  668,  234,  530,  737,   20,  573,  716,  705,  159,   25,  415,  400],
        [  681,    0,  368,  282,  700,  205,  533,  323,  269,  201,  685,  210,  582,  163,  661,  546,   17,  453,  633,   95,  248,  293,  171,  157,  440,  338,  455,  434,  594,  465,   95,  375,  708,  325,  525,  376,  352,  370,  317,   81,  194,  310,    0,  389,  310,  280,  397,  259,  196,  265,  519,  276,  831,  220,  291,  230,  577,  203,  652,  721,  610,  772,  234,  213,  464,  238,  385,  240,  672,  533,  777,  657,  508,  196,  789,  173,  229,  553,  498,  391,  217,  162,  295,  237,  437,  283,  612,  651,  305,  271,  529,  184,  351,  572,  629,  205,  432,  608,  306,  284,  595,  597,  301,  289,  479,  659],
        [  739,    0,  712,  404,  318,  455,  194,  700,  432,  499,  297,  374,  826,  226,  278,  279,  379,  759,  513,  324,  613,  647,  532,  544,  120,  496,   74,  704,  216,  412,  295,  175,  764,  654,  667,  748,  656,   51,  581,  309,  312,  689,  389,    0,  668,  125,  122,  627,  584,  243,  651,  203,  750,  268,  365,  616,  215,  519,  980,  565,  602,  651,  507,  588,   93,  626,  703,  627,  285,  634,  650,  904,  784,  540,  761,  561,  520,  709,  296,  649,  196,  228,  253,  538,  265,  649,  853,  265,  678,  601,  820,  226,  700,  838,  663,  576,  478,  525,  681,  301,  530,  549,  687,  665,  675,  976],
        [  609,    0,  408,  558,  986,  241,  833,   75,  532,  183,  957,  329,  354,  454,  920,  741,  325,  183,  715,  346,  305,   22,  307,  218,  739,  327,  723,  219,  851,  555,  393,  593,  633,  412,  422,   91,  466,  636,  491,  382,  375,   78,  310,  668,    0,  577,  637,   55,  202,  466,  429,  584,  844,  422,  580,  219,  822,  384,  348,  810,  613,  826,  439,  106,  726,  192,  119,  143,  936,  468,  834,  414,  261,  341,  768,  198,  176,  427,  669,  543,  474,  447,  603,  412,  614,  313,  382,  917,   54,  387,  261,  490,   47,  323,  592,  284,  463,  670,   58,  587,  647,  635,  232,   67,  338,  360],
        [  751,    0,  588,  287,  422,  390,  256,  601,  313,  423,  414,  322,  780,  124,  401,  375,  268,  690,  573,  234,  492,  558,  411,  432,  163,  462,  199,  646,  340,  441,  187,  226,  777,  530,  649,  652,  531,  134,  457,  201,  260,  588,  280,  125,  577,    0,  201,  532,  472,  225,  635,   93,  805,  228,  252,  501,  338,  395,  905,  638,  629,  716,  383,  489,  215,  513,  629,  520,  406,  628,  716,  858,  726,  418,  800,  450,  447,  688,  369,  527,  139,  133,  150,  414,  323,  528,  808,  386,  581,  477,  757,  104,  614,  784,  679,  456,  479,  573,  583,  192,  572,  587,  571,  566,  640,  905],
        [  626,    0,  751,  486,  377,  405,  302,  680,  508,  457,  329,  316,  746,  248,  285,  175,  392,  701,  393,  313,  639,  615,  559,  552,  239,  414,  115,  637,  215,  296,  310,   62,  650,  698,  570,  723,  708,   77,  643,  325,  263,  671,  397,  122,  637,  201,    0,  604,  590,  175,  552,  293,  629,  216,  452,  626,  186,  562,  924,  447,  485,  531,  562,  572,  103,  630,  652,  622,  303,  531,  530,  822,  715,  575,  640,  564,  473,  612,  176,  715,  181,  242,  348,  587,  144,  675,  772,  285,  656,  643,  754,  277,  663,  764,  549,  599,  373,  404,  659,  392,  410,  430,  696,  646,  589,  915],
        [  631,    0,  367,  503,  944,  222,  787,   79,  478,  163,  919,  306,  400,  409,  885,  717,  275,  234,  711,  304,  257,   48,  254,  163,  694,  327,  685,  258,  816,  547,  346,  563,  656,  365,  445,  122,  418,  598,  439,  334,  345,   72,  259,  627,   55,  532,  604,    0,  150,  436,  450,  535,  854,  391,  526,  172,  789,  330,  402,  806,  622,  828,  385,   51,  689,  146,  166,   97,  900,  485,  836,  463,  309,  288,  783,  145,  164,  455,  649,  493,  435,  403,  551,  359,  592,  269,  428,  880,   53,  337,  312,  442,  102,  372,  608,  233,  462,  669,   57,  534,  648,  638,  196,   48,  366,  415],
        [  750,    0,  233,  376,  893,  285,  718,  171,  345,  238,  880,  344,  548,  358,  857,  730,  206,  383,  777,  279,  111,  198,  109,   40,  627,  419,  651,  403,  790,  607,  290,  563,  776,  221,  570,  226,  271,  566,  290,  275,  358,  157,  196,  584,  202,  472,  590,  150,    0,  443,  571,  450,  947,  396,  405,   40,  772,  185,  537,  870,  716,  907,  241,  107,  660,   42,  316,   67,  868,  600,  913,  613,  458,  141,  888,   27,  256,  586,  674,  344,  410,  358,  453,  211,  614,  131,  577,  847,  165,  188,  461,  370,  248,  522,  715,   83,  544,  742,  164,  426,  725,  720,  108,  146,  499,  554],
        [  527,    0,  632,  448,  545,  231,  436,  513,  457,  284,  502,  142,  584,  171,  459,  289,  265,  528,  387,  170,  511,  444,  435,  407,  351,  253,  277,  466,  390,  231,  203,  128,  553,  587,  430,  553,  609,  197,  559,  214,   91,  505,  265,  243,  466,  225,  175,  436,  443,    0,  415,  301,  606,   48,  428,  481,  357,  458,  750,  468,  411,  530,  474,  409,  272,  481,  478,  465,  478,  405,  533,  661,  545,  458,  587,  417,  299,  471,  234,  635,   95,  156,  355,  489,  173,  545,  611,  459,  489,  532,  583,  230,  489,  598,  457,  468,  255,  373,  492,  382,  367,  377,  550,  480,  433,  743],
        [  182,    0,  804,  792,  922,  315,  845,  504,  785,  340,  860,  331,  245,  547,  801,  546,  532,  325,  376,  462,  680,  415,  640,  560,  764,  185,  666,  240,  739,  290,  532,  490,  206,  787,   21,  502,  832,  602,  822,  534,  385,  506,  519,  651,  429,  635,  552,  450,  571,  415,    0,  700,  431,  409,  789,  605,  691,  702,  499,  460,  218,  441,  745,  471,  654,  586,  337,  541,  827,   49,  451,  304,  275,  675,  344,  552,  318,   63,  463,  891,  497,  531,  746,  737,  438,  702,  259,  812,  482,  745,  321,  609,  410,  286,  171,  643,  183,  320,  486,  760,  293,  269,  644,  490,  106,  471],
        [  826,    0,  531,  201,  460,  428,  273,  597,  231,  450,  468,  374,  823,  156,  466,  467,  260,  717,  663,  262,  450,  567,  372,  412,  188,  520,  275,  682,  411,  526,  197,  319,  853,  470,  712,  650,  465,  223,  385,  205,  316,  583,  276,  203,  584,   93,  293,  535,  450,  301,  700,    0,  894,  294,  163,  474,  417,  340,  924,  730,  712,  807,  318,  487,  295,  491,  651,  506,  467,  697,  808,  901,  761,  371,  885,  431,  477,  749,  462,  450,  208,  171,   57,  354,  414,  484,  853,  447,  579,  420,  788,   99,  625,  822,  758,  419,  554,  661,  580,  100,  659,  673,  541,  563,  693,  928],
        [  282,    0, 1175, 1053,  896,  663,  912,  918, 1061,  711,  813,  623,  648,  776,  744,  500,  838,  755,  237,  744, 1047,  827,  988,  925,  865,  531,  720,  670,  709,  376,  799,  584,  275, 1145,  445,  924, 1180,  704, 1146,  807,  642,  918,  831,  750,  844,  805,  629,  854,  947,  606,  431,  894,    0,  633, 1033,  985,  657, 1033,  913,  211,  233,  114, 1062,  862,  698,  972,  764,  934,  773,  385,  122,  681,  700, 1019,  109,  924,  698,  463,  456, 1221,  698,  761,  950, 1067,  488, 1075,  650,  768,  894, 1094,  744,  835,  833,  697,  260, 1005,  405,  234,  898,  984,  240,  235, 1038,  898,  536,  880],
        [  534,    0,  588,  422,  579,  192,  457,  468,  428,  242,  540,  106,  561,  149,  500,  336,  222,  493,  421,  126,  466,  400,  391,  361,  369,  236,  310,  437,  430,  259,  167,  173,  561,  544,  422,  509,  568,  227,  522,  177,   48,  459,  220,  268,  422,  228,  216,  391,  396,   48,  409,  294,  633,    0,  407,  434,  400,  417,  715,  506,  429,  564,  436,  363,  309,  434,  441,  418,  517,  404,  567,  639,  516,  415,  608,  370,  259,  461,  280,  597,   89,  133,  344,  449,  219,  500,  589,  498,  443,  490,  552,  211,  448,  571,  468,  423,  263,  403,  447,  366,  394,  401,  503,  434,  415,  709],
        [  935,    0,  416,   47,  591,  487,  394,  572,   86,  490,  612,  460,  872,  259,  619,  627,  274,  740,  808,  328,  366,  567,  304,  374,  328,  605,  436,  724,  568,  659,  258,  471,  962,  353,  798,  628,  333,  384,  246,  256,  414,  558,  291,  365,  580,  252,  452,  526,  405,  428,  789,  163, 1033,  407,    0,  417,  578,  245,  928,  881,  836,  953,  203,  475,  457,  440,  670,  470,  617,  795,  954,  947,  798,  288, 1014,  395,  518,  831,  616,  302,  335,  275,  114,  244,  565,  395,  902,  597,  560,  312,  817,  199,  625,  862,  872,  349,  667,  800,  561,   64,  795,  805,  474,  542,  763,  939],
        [  784,    0,  200,  384,  922,  324,  744,  176,  351,  276,  912,  383,  571,  391,  890,  768,  238,  402,  816,  316,   87,  218,  114,   75,  654,  456,  684,  428,  823,  646,  322,  600,  810,  194,  603,  228,  248,  599,  277,  308,  397,  162,  230,  616,  219,  501,  626,  172,   40,  481,  605,  474,  985,  434,  417,    0,  807,  184,  542,  910,  754,  946,  239,  136,  693,   29,  337,   77,  900,  635,  952,  633,  479,  138,  925,   66,  292,  618,  712,  325,  445,  391,  473,  205,  652,   99,  599,  879,  176,  170,  479,  399,  263,  542,  752,   74,  582,  781,  174,  443,  764,  758,   72,  157,  529,  562],
        [  728,    0,  920,  618,  246,  587,  281,  866,  647,  641,  172,  498,  906,  421,  111,  163,  570,  877,  433,  497,  815,  800,  734,  734,  276,  579,  143,  808,   53,  407,  487,  232,  748,  864,  711,  908,  868,  213,  795,  502,  447,  856,  577,  215,  822,  338,  186,  789,  772,  357,  691,  417,  657,  400,  578,  807,    0,  728, 1100,  450,  574,  546,  720,  758,  124,  813,  832,  807,  136,  661,  541,  979,  884,  746,  697,  747,  655,  753,  236,  864,  363,  418,  465,  750,  254,  851,  929,  123,  842,  810,  926,  435,  846,  929,  648,  776,  509,  466,  845,  514,  482,  508,  878,  832,  745, 1088],
        [  872,    0,  194,  206,  800,  390,  610,  355,  170,  364,  804,  411,  719,  315,  795,  726,  197,  562,  835,  294,  122,  377,   77,  168,  528,  529,  592,  570,  734,  667,  259,  554,  899,  136,  705,  410,  152,  516,  120,  246,  396,  341,  203,  519,  384,  395,  562,  330,  185,  458,  702,  340, 1033,  417,  245,  184,  728,    0,  721,  922,  811,  975,   56,  282,  606,  211,  493,  251,  799,  722,  979,  787,  633,   47,  989,  186,  389,  729,  688,  191,  391,  323,  323,   35,  628,  151,  749,  779,  350,   83,  641,  294,  430,  697,  826,  111,  633,  810,  349,  283,  798,  799,  232,  331,  646,  739],
