{
    "name": "random-39-11159",
    "comment": "size=39 seed=11159",
    "nodes": ["+0", "-0", "+1", "-1", "+2", "-2", "+3", "-3", "+4", "-4", "+5", "-5", "+6", "-6", "+7", "-7", "+8", "-8", "+9", "-9", "+10", "-10", "+11", "-11", "+12", "-12", "+13", "-13", "+14", "-14", "+15", "-15", "+16", "-16", "+17", "-17", "+18", "-18", "+19", "-19", "+20", "-20", "+21", "-21", "+22", "-22", "+23", "-23", "+24", "-24", "+25", "-25", "+26", "-26", "+27", "-27", "+28", "-28", "+29", "-29", "+30", "-30", "+31", "-31", "+32", "-32", "+33", "-33", "+34", "-34", "+35", "-35", "+36", "-36", "+37", "-37", "+38", "-38", "+39", "-39"],
    "precedence": {
        "+0": "-0",
        "+1": "-1",
        "+2": "-2",
        "+3": "-3",
        "+4": "-4",
        "+5": "-5",
        "+6": "-6",
        "+7": "-7",
        "+8": "-8",
        "+9": "-9",
        "+10": "-10",
        "+11": "-11",
        "+12": "-12",
        "+13": "-13",
        "+14": "-14",
        "+15": "-15",
        "+16": "-16",
        "+17": "-17",
        "+18": "-18",
        "+19": "-19",
        "+20": "-20",
        "+21": "-21",
        "+22": "-22",
        "+23": "-23",
        "+24": "-24",
        "+25": "-25",
        "+26": "-26",
        "+27": "-27",
        "+28": "-28",
        "+29": "-29",
        "+30": "-30",
        "+31": "-31",
        "+32": "-32",
        "+33": "-33",
        "+34": "-34",
        "+35": "-35",
        "+36": "-36",
        "+37": "-37",
        "+38": "-38",
        "+39": "-39"
    },
    "edges": [
        [    0,    0,  234,  206,  201,  257,  157,  236,  560,  410,  488,  497,  313,  726,  311,  196,  725,  675,  466,  235,  432,  381,  317,  196,  299,  278,  384,  351,  404,  434,  490,  614,  237,  346,  277,  569,  280,  302,  319,  490,  634,  183,  460,  279,   84,  342,  540,  656,  653,  403,  613,  633,  300,  723,  491,  524,  528,  358,  312,  391,  432,  333,  234,  278,  196,  109,  316,  352,  556,  439,   21,  285,  324,  490,  292,  297,  160,  340,  553,  176],
        [    0,    0,  234,  206,  201,  257,  157,  236,  560,  410,  488,  497,  313,  726,  311,  196,  725,  675,  466,  235,  432,  381,  317,  196,  299,  278,  384,  351,  404,  434,  490,  614,  237,  346,  277,  569,  280,  302,  319,  490,  634,  183,  460,  279,   84,  342,  540,  656,  653,  403,  613,  633,  300,  723,  491,  524,  528,  358,  312,  391,  432,  333,  234,  278,  196,  109,  316,  352,  556,  439,   21,  285,  324,  490,  292,  297,  160,  340,  553,  176],
        [  234,  234,    0,   52,  115,  405,  216,  441,  328,  411,  284,  265,  390,  746,  498,  260,  693,  601,  617,  273,  515,  394,  115,  430,  444,  466,  393,  171,  355,  226,  328,  487,  277,  522,  170,  340,  368,  340,  434,  723,  526,  226,  438,  249,  266,  520,  307,  591,  611,  578,  440,  424,  289,  750,  555,  498,  495,  591,  236,  625,  506,  566,  113,  509,  148,  168,  530,  164,  537,  208,  217,  399,  396,  385,  512,  479,   77,  421,  608,  391],
        [  206,  206,   52,    0,   64,  355,  225,  399,  368,  363,  334,  294,  407,  699,  451,  272,  652,  567,  567,  221,  464,  423,  167,  400,  447,  420,  423,  222,  394,  276,  379,  464,  225,  474,  129,  382,  382,  363,  383,  693,  498,  174,  475,  201,  225,  472,  341,  555,  571,  530,  431,  432,  319,  703,  505,  455,  453,  562,  194,  593,  454,  537,  150,  483,  171,  125,  514,  156,  493,  250,  192,  409,  414,  432,  472,  432,   49,  369,  557,  352],
        [  201,  201,  115,   64,    0,  303,  261,  360,  411,  302,  392,  325,  446,  638,  405,  310,  596,  518,  511,  159,  401,  473,  229,  383,  473,  374,  474,  285,  451,  334,  442,  428,  163,  425,   84,  427,  419,  408,  324,  672,  457,  117,  530,  139,  196,  422,  378,  504,  517,  479,  414,  435,  371,  641,  442,  397,  396,  545,  140,  572,  392,  521,  210,  471,  222,   98,  516,  155,  435,  297,  192,  440,  454,  494,  438,  385,   83,  308,  494,  320],
        [  257,  257,  405,  355,  303,    0,  414,  128,  712,  257,  688,  620,  561,  506,  116,  452,  546,  544,  216,  169,  193,  637,  516,  259,  517,   96,  640,  564,  659,  630,  718,  550,  166,  125,  320,  729,  527,  557,   75,  464,  545,  188,  717,  242,  175,  123,  676,  518,  492,  177,  609,  682,  556,  499,  259,  369,  379,  370,  299,  374,  200,  354,  459,  337,  437,  242,  441,  430,  387,  600,  274,  522,  572,  738,  204,   95,  336,  126,  322,  151],
        [  157,  157,  216,  225,  261,  414,    0,  384,  495,  536,  388,  463,  186,  865,  464,   50,  845,  777,  622,  363,  582,  230,  239,  302,  228,  432,  232,  248,  247,  342,  360,  686,  366,  500,  344,  498,  158,  155,  472,  577,  717,  306,  304,  384,  239,  497,  491,  762,  769,  557,  653,  638,  143,  864,  638,  644,  645,  445,  399,  487,  580,  420,  140,  358,   84,  213,  341,  376,  679,  380,  141,  185,  194,  340,  427,  451,  181,  488,  699,  322],
        [  236,  236,  441,  399,  360,  128,  384,    0,  766,  383,  715,  685,  498,  621,   86,  412,  672,  670,  258,  268,  308,  588,  542,  148,  431,   60,  591,  581,  628,  659,  725,  669,  266,  127,  401,  780,  464,  508,  197,  342,  668,  262,  673,  342,  176,  124,  737,  644,  619,  179,  716,  775,  522,  612,  374,  496,  506,  243,  397,  249,  319,  227,  467,  214,  431,  275,  325,  507,  514,  648,  256,  449,  509,  723,   84,   81,  366,  252,  435,   63],
        [  560,  560,  328,  368,  411,  712,  495,  766,    0,  629,  160,  114,  613,  927,  816,  521,  821,  690,  914,  555,  777,  559,  257,  755,  707,  785,  556,  258,  469,  168,  278,  525,  558,  835,  405,   28,  607,  550,  724, 1048,  583,  525,  550,  499,  593,  833,   58,  695,  740,  889,  399,  285,  480,  937,  798,  668,  659,  915,  454,  950,  762,  890,  356,  831,  412,  492,  835,  300,  707,  121,  542,  649,  615,  405,  839,  796,  404,  695,  836,  718],
        [  410,  410,  411,  363,  302,  257,  536,  383,  629,    0,  664,  519,  715,  337,  360,  584,  316,  288,  350,  176,  170,  762,  520,  499,  707,  349,  763,  579,  750,  608,  734,  307,  173,  348,  248,  652,  683,  690,  201,  720,  292,  231,  826,  163,  340,  348,  579,  263,  248,  376,  398,  503,  663,  340,  172,  118,  126,  626,  184,  631,  151,  608,  511,  584,  518,  324,  676,  333,  147,  542,  415,  693,  725,  795,  461,  342,  380,  141,  208,  392],
        [  488,  488,  284,  334,  392,  688,  388,  715,  160,  664,    0,  221,  474,  986,  778,  402,  901,  783,  900,  550,  789,  409,  174,  676,  578,  745,  405,  141,  314,   59,  120,  629,  554,  804,  418,  145,  473,  410,  716,  962,  683,  507,  393,  512,  540,  801,  197,  782,  818,  861,  521,  427,  340,  993,  823,  727,  720,  828,  480,  868,  778,  803,  258,  742,  309,  449,  726,  338,  767,  135,  469,  517,  474,  246,  779,  760,  354,  698,  869,  660],
        [  497,  497,  265,  294,  325,  620,  463,  685,  114,  519,  221,    0,  607,  813,  727,  497,  709,  581,  814,  456,  670,  572,  234,  692,  686,  698,  570,  260,  495,  197,  337,  418,  460,  744,  304,  139,  595,  547,  625,  985,  475,  433,  581,  396,  516,  742,   61,  584,  628,  796,  302,  211,  480,  824,  689,  555,  545,  854,  347,  886,  655,  829,  326,  774,  381,  415,  792,  195,  593,  103,  481,  634,  611,  455,  762,  707,  337,  591,  724,  642],
        [  313,  313,  390,  407,  446,  561,  186,  498,  613,  715,  474,  607,    0, 1038,  583,  136, 1027,  962,  753,  540,  744,  109,  374,  373,  122,  554,  114,  357,  199,  446,  400,  870,  543,  624,  529,  608,   35,   65,  628,  584,  902,  484,  197,  567,  395,  620,  624,  946,  952,  676,  829,  800,  135, 1036,  804,  826,  828,  465,  584,  512,  744,  444,  289,  386,  243,  393,  311,  553,  860,  512,  303,   63,   11,  319,  513,  575,  366,  652,  866,  437],
        [  726,  726,  746,  699,  638,  506,  865,  621,  927,  337,  986,  813, 1038,    0,  557,  912,  165,  297,  433,  503,  314, 1093,  853,  763, 1014,  566, 1095,  912, 1086,  933, 1064,  454,  500,  524,  580,  952, 1005, 1019,  431,  904,  398,  560, 1160,  499,  647,  526,  871,  274,  211,  513,  594,  729,  997,   22,  247,  260,  269,  848,  514,  836,  306,  838,  847,  834,  853,  653,  944,  649,  221,  857,  736, 1009, 1048, 1131,  675,  549,  716,  391,  186,  656],
        [  311,  311,  498,  451,  405,  116,  464,   86,  816,  360,  778,  727,  583,  557,    0,  494,  625,  640,  173,  284,  252,  672,  604,  229,  516,   34,  675,  648,  710,  721,  795,  661,  281,   42,  431,  831,  549,  592,  160,  364,  651,  295,  757,  357,  241,   39,  782,  613,  580,   94,  724,  797,  604,  547,  316,  464,  476,  291,  414,  284,  266,  281,  536,  283,  504,  330,  400,  541,  476,  700,  330,  535,  594,  800,  118,   21,  425,  220,  373,  147],
        [  196,  196,  260,  272,  310,  452,   50,  412,  521,  584,  402,  497,  136,  912,  494,    0,  895,  827,  657,  410,  625,  186,  268,  315,  190,  462,  189,  267,  218,  362,  359,  735,  414,  532,  393,  521,  110,  108,  514,  576,  766,  354,  266,  433,  279,  528,  522,  811,  818,  587,  698,  679,  112,  911,  683,  693,  694,  445,  449,  489,  624,  421,  172,  359,  118,  261,  326,  422,  728,  410,  181,  140,  144,  322,  446,  482,  230,  532,  744,  349],
        [  725,  725,  693,  652,  596,  546,  845,  672,  821,  316,  901,  709, 1027,  165,  625,  895,    0,  144,  535,  491,  375, 1067,  789,  802, 1022,  625, 1068,  847, 1045,  853,  992,  314,  488,  598,  524,  847,  996,  999,  476,  986,  255,  545, 1125,  463,  655,  600,  764,  130,   83,  602,  457,  596,  966,  185,  315,  202,  201,  912,  459,  908,  359,  898,  802,  883,  818,  635,  983,  568,  169,  768,  730, 1008, 1037, 1073,  739,  612,  678,  422,  271,  694],
        [  675,  675,  601,  567,  518,  544,  777,  670,  690,  288,  783,  581,  962,  297,  640,  827,  144,    0,  588,  446,  407,  989,  687,  785,  973,  633,  989,  743,  955,  738,  881,  173,  445,  622,  438,  717,  933,  926,  482, 1003,  112,  493, 1039,  399,  616,  622,  633,   30,   90,  638,  315,  454,  885,  315,  362,  177,  166,  913,  379,  917,  388,  896,  713,  871,  737,  575,  961,  460,  170,  648,  677,  950,  970,  971,  747,  624,  600,  422,  341,  680],
        [  466,  466,  617,  567,  511,  216,  622,  258,  914,  350,  900,  814,  753,  433,  173,  657,  535,  588,    0,  360,  186,  838,  730,  401,  689,  200,  842,  780,  869,  842,  933,  653,  356,  131,  511,  932,  719,  758,  190,  474,  628,  395,  921,  420,  387,  135,  872,  558,  511,   91,  746,  842,  764,  418,  227,  420,  435,  437,  473,  417,  206,  433,  675,  447,  652,  458,  566,  620,  418,  806,  484,  706,  764,  952,  276,  179,  551,  229,  265,  316],
        [  235,  235,  273,  221,  159,  169,  363,  268,  555,  176,  550,  456,  540,  503,  284,  410,  491,  446,  360,    0,  243,  591,  387,  349,  533,  259,  593,  442,  587,  492,  600,  410,    5,  293,  153,  573,  508,  517,  170,  607,  418,   58,  659,   76,  171,  291,  514,  425,  419,  341,  449,  514,  495,  503,  288,  290,  294,  495,  131,  511,  235,  474,  356,  439,  353,  151,  518,  264,  322,  448,  240,  518,  550,  644,  351,  263,  222,  149,  344,  253],
        [  432,  432,  515,  464,  401,  193,  582,  308,  777,  170,  789,  670,  744,  314,  252,  625,  375,  407,  186,  243,    0,  811,  630,  450,  707,  255,  813,  685,  819,  732,  842,  468,  239,  224,  376,  798,  710,  733,  120,  612,  443,  295,  885,  280,  349,  225,  730,  378,  337,  232,  567,  671,  722,  306,   67,  236,  250,  541,  324,  535,   21,  529,  597,  521,  588,  381,  631,  478,  238,  679,  445,  709,  754,  884,  368,  240,  463,   97,  129,  343],
        [  381,  381,  394,  423,  473,  637,  230,  588,  559,  762,  409,  572,  109, 1093,  672,  186, 1067,  989,  838,  591,  811,    0,  347,  472,  229,  641,    6,  313,  102,  392,  317,  881,  594,  711,  551,  550,  135,   81,  699,  692,  919,  534,   89,  606,  464,  708,  579,  976,  989,  765,  822,  776,  105, 1093,  867,  867,  867,  573,  613,  620,  809,  552,  282,  493,  252,  440,  420,  554,  903,  472,  367,  172,  101,  219,  611,  662,  391,  716,  928,  526],
        [  317,  317,  115,  167,  229,  516,  239,  542,  257,  520,  174,  234,  374,  853,  604,  268,  789,  687,  730,  387,  630,  347,    0,  508,  456,  571,  345,   59,  282,  118,  214,  555,  392,  631,  274,  261,  362,  315,  548,  798,  601,  340,  370,  361,  366,  628,  255,  680,  706,  688,  480,  431,  249,  858,  669,  600,  596,  665,  340,  702,  620,  639,   99,  579,  155,  276,  578,  228,  640,  143,  298,  401,  378,  285,  606,  586,  181,  536,  720,  487],
        [  196,  196,  430,  400,  383,  259,  302,  148,  755,  499,  676,  692,  373,  763,  229,  315,  802,  785,  401,  349,  450,  472,  508,    0,  291,  207,  477,  536,  529,  624,  661,  758,  349,  271,  447,  764,  341,  395,  333,  294,  766,  320,  561,  416,  193,  267,  736,  761,  743,  316,  782,  817,  425,  755,  516,  616,  624,  163,  464,  196,  458,  138,  418,   91,  370,  286,  182,  537,  639,  634,  214,  318,  383,  636,  141,  228,  356,  382,  578,  109],
        [  299,  299,  444,  447,  473,  517,  228,  431,  707,  707,  578,  686,  122, 1014,  516,  190, 1022,  973,  689,  533,  707,  229,  456,  291,    0,  491,  234,  450,  319,  544,  514,  900,  535,  558,  556,  705,  109,  179,  589,  468,  925,  481,  313,  575,  369,  554,  710,  954,  952,  605,  877,  866,  244, 1009,  771,  823,  827,  355,  602,  402,  711,  337,  361,  283,  307,  399,  194,  601,  854,  598,  296,   63,  128,  440,  430,  512,  400,  623,  834,  376],
        [  278,  278,  466,  420,  374,   96,  432,   60,  785,  349,  745,  698,  554,  566,   34,  462,  625,  633,  200,  259,  255,  641,  571,  207,  491,    0,  645,  615,  678,  688,  762,  645,  256,   70,  404,  800,  520,  561,  152,  371,  638,  266,  726,  333,  208,   67,  752,  606,  577,  126,  703,  772,  572,  556,  321,  457,  468,  288,  390,  285,  268,  274,  503,  269,  471,  298,  383,  513,  472,  668,  297,  507,  565,  768,  115,   22,  392,  211,  381,  117],
        [  384,  384,  393,  423,  474,  640,  232,  591,  556,  763,  405,  570,  114, 1095,  675,  189, 1068,  989,  842,  593,  813,    6,  345,  477,  234,  645,    0,  311,   98,  389,  313,  880,  596,  715,  552,  547,  140,   84,  702,  698,  918,  535,   85,  607,  467,  711,  576,  977,  990,  769,  821,  774,  105, 1095,  870,  868,  867,  578,  613,  625,  811,  557,  282,  497,  253,  442,  425,  553,  904,  469,  369,  177,  107,  214,  615,  666,  391,  719,  930,  529],
        [  351,  351,  171,  222,  285,  564,  248,  581,  258,  579,  141,  260,  357,  912,  648,  267,  847,  743,  780,  442,  685,  313,   59,  536,  450,  615,  311,    0,  238,   95,  158,  608,  446,  677,  332,  256,  349,  294,  600,  821,  655,  393,  326,  418,  408,  674,  268,  737,  764,  734,  527,  466,  224,  917,  726,  659,  654,  687,  398,  727,  676,  662,  118,  601,  168,  323,  589,  284,  698,  159,  331,  392,  358,  229,  642,  631,  229,  591,  777,  525],
        [  404,  404,  355,  394,  451,  659,  247,  628,  469,  750,  314,  495,  199, 1086,  710,  218, 1045,  955,  869,  587,  819,  102,  282,  529,  319,  678,   98,  238,    0,  305,  216,  834,  591,  747,  522,  458,  215,  145,  714,  772,  876,  530,   88,  589,  484,  743,  494,  945,  964,  803,  762,  703,  106, 1088,  872,  847,  845,  647,  587,  693,  815,  624,  244,  563,  234,  439,  504,  505,  885,  393,  386,  258,  193,  121,  663,  697,  371,  723,  930,  566],
        [  434,  434,  226,  276,  334,  630,  342,  659,  168,  608,   59,  197,  446,  933,  721,  362,  853,  738,  842,  492,  732,  392,  118,  624,  544,  688,  389,   95,  305,    0,  146,  589,  496,  747,  362,  163,  441,  383,  657,  912,  641,  449,  389,  455,  484,  744,  189,  736,  770,  803,  490,  408,  312,  940,  766,  675,  668,  778,  425,  817,  720,  753,  208,  692,  261,  391,  683,  286,  715,   98,  415,  485,  447,  259,  724,  702,  296,  640,  813,  605],
        [  490,  490,  328,  379,  442,  718,  360,  725,  278,  734,  120,  337,  400, 1064,  795,  359,  992,  881,  933,  600,  842,  317,  214,  661,  514,  762,  313,  158,  216,  146,    0,  734,  604,  826,  486,  261,  406,  337,  756,  934,  786,  550,  285,  574,  555,  823,  317,  877,  909,  884,  634,  546,  271, 1070,  883,  809,  803,  802,  552,  845,  833,  778,  260,  716,  296,  476,  681,  425,  849,  243,  470,  452,  397,  128,  779,  779,  384,  748,  934,  665],
        [  614,  614,  487,  464,  428,  550,  686,  669,  525,  307,  629,  418,  870,  454,  661,  735,  314,  173,  653,  410,  468,  881,  555,  758,  900,  645,  880,  608,  834,  589,  734,    0,  411,  653,  345,  552,  844,  825,  505, 1011,   61,  442,  920,  343,  572,  652,  468,  185,  244,  683,  144,  282,  776,  470,  444,  245,  230,  904,  302,  917,  447,  884,  599,  849,  632,  507,  921,  330,  267,  495,  610,  868,  877,  834,  751,  641,  505,  446,  445,  662],
        [  237,  237,  277,  225,  163,  166,  366,  266,  558,  173,  554,  460,  543,  500,  281,  414,  488,  445,  356,    5,  239,  594,  392,  349,  535,  256,  596,  446,  591,  496,  604,  411,    0,  290,  157,  577,  511,  520,  167,  606,  418,   61,  662,   78,  172,  288,  518,  423,  417,  338,  451,  516,  498,  500,  284,  288,  292,  495,  134,  510,  231,  474,  360,  439,  357,  154,  519,  267,  320,  452,  243,  520,  553,  648,  350,  260,  226,  145,  340,  253],
        [  346,  346,  522,  474,  425,  125,  500,  127,  835,  348,  804,  744,  624,  524,   42,  532,  598,  622,  131,  293,  224,  711,  631,  271,  558,   70,  715,  677,  747,  747,  826,  653,  290,    0,  444,  852,  590,  631,  148,  388,  640,  311,  796,  364,  272,    4,  799,  593,  558,   58,  724,  802,  641,  512,  286,  446,  458,  325,  420,  314,  240,  317,  567,  322,  537,  356,  440,  554,  455,  721,  365,  576,  634,  835,  155,   50,  451,  207,  341,  187],
        [  277,  277,  170,  129,   84,  320,  344,  401,  405,  248,  418,  304,  529,  580,  431,  393,  524,  438,  511,  153,  376,  551,  274,  447,  556,  404,  552,  332,  522,  362,  486,  345,  157,  444,    0,  425,  502,  489,  322,  728,  374,  140,  604,   96,  255,  442,  362,  426,  443,  494,  338,  375,  448,  585,  405,  329,  326,  606,   67,  629,  363,  583,  278,  537,  299,  169,  592,  111,  368,  304,  270,  524,  537,  553,  483,  410,  164,  291,  452,  371],
        [  569,  569,  340,  382,  427,  729,  498,  780,   28,  652,  145,  139,  608,  952,  831,  521,  847,  717,  932,  573,  798,  550,  261,  764,  705,  800,  547,  256,  458,  163,  261,  552,  577,  852,  425,    0,  603,  544,  743, 1056,  610,  542,  537,  520,  605,  849,   85,  722,  767,  906,  426,  311,  474,  962,  821,  694,  684,  923,  476,  959,  784,  897,  359,  838,  414,  505,  838,  321,  732,  133,  551,  646,  609,  388,  851,  811,  416,  715,  859,  731],
        [  280,  280,  368,  382,  419,  527,  158,  464,  607,  683,  473,  595,   35, 1005,  549,  110,  996,  933,  719,  508,  710,  135,  362,  341,  109,  520,  140,  349,  215,  441,  406,  844,  511,  590,  502,  603,    0,   71,  594,  560,  875,  453,  223,  537,  361,  586,  614,  917,  922,  642,  807,  783,  136, 1003,  770,  795,  797,  439,  556,  486,  711,  418,  272,  358,  222,  362,  290,  531,  829,  502,  270,   46,   45,  334,  481,  541,  339,  619,  833,  404],
        [  302,  302,  340,  363,  408,  557,  155,  508,  550,  690,  410,  547,   65, 1019,  592,  108,  999,  926,  758,  517,  733,   81,  315,  395,  179,  561,   84,  294,  145,  383,  337,  825,  520,  631,  489,  544,   71,    0,  620,  628,  860,  460,  167,  537,  385,  627,  561,  912,  921,  685,  777,  743,   71, 1018,  790,  797,  798,  504,  548,  550,  732,  482,  234,  422,  194,  367,  359,  504,  833,  450,  288,  116,   65,  264,  533,  582,  326,  639,  852,  446],
        [  319,  319,  434,  383,  324,   75,  472,  197,  724,  201,  716,  625,  628,  431,  160,  514,  476,  482,  190,  170,  120,  699,  548,  333,  589,  152,  702,  600,  714,  657,  756,  505,  167,  148,  322,  743,  594,  620,    0,  522,  493,  209,  776,  232,  235,  148,  683,  455,  425,  184,  578,  664,  614,  425,  185,  305,  317,  437,  286,  437,  126,  423,  502,  409,  487,  283,  515,  432,  320,  617,  333,  591,  638,  787,  267,  142,  373,   61,  248,  225],
        [  490,  490,  723,  693,  672,  464,  577,  342, 1048,  720,  962,  985,  584,  904,  364,  576,  986, 1003,  474,  607,  612,  692,  798,  294,  468,  371,  698,  821,  772,  912,  934, 1011,  606,  388,  728, 1056,  560,  628,  522,    0, 1008,  593,  779,  681,  477,  387, 1030,  976,  944,  392, 1054, 1103,  676,  890,  673,  827,  838,  134,  734,  100,  628,  160,  705,  221,  653,  575,  275,  825,  840,  927,  507,  521,  592,  888,  260,  380,  649,  582,  725,  359],
        [  634,  634,  526,  498,  457,  545,  717,  668,  583,  292,  683,  475,  902,  398,  651,  766,  255,  112,  628,  418,  443,  919,  601,  766,  925,  638,  918,  655,  876,  641,  786,   61,  418,  640,  374,  610,  875,  860,  493, 1008,    0,  456,  962,  357,  585,  640,  526,  127,  188,  665,  203,  342,  814,  416,  412,  211,  196,  907,  323,  916,  422,  887,  638,  856,  668,  528,  934,  373,  225,  549,  632,  896,  909,  883,  748,  633,  537,  433,  406,  666],
        [  183,  183,  226,  174,  117,  188,  306,  262,  525,  231,  507,  433,  484,  560,  295,  354,  545,  493,  395,   58,  295,  534,  340,  320,  481,  266,  535,  393,  530,  449,  550,  442,   61,  311,  140,  542,  453,  460,  209,  593,  456,    0,  602,   99,  131,  309,  488,  473,  472,  365,  464,  514,  438,  560,  343,  343,  346,  474,  145,  494,  289,  452,  302,  411,  297,   94,  480,  247,  377,  413,  186,  464,  494,  590,  344,  275,  168,  199,  401,  235],
        [  460,  460,  438,  475,  530,  717,  304,  673,  550,  826,  393,  581,  197, 1160,  757,  266, 1125, 1039,  921,  659,  885,   89,  370,  561,  313,  726,   85,  326,   88,  389,  285,  920,  662,  796,  604,  537,  223,  167,  776,  779,  962,  602,    0,  666,  543,  792,  578, 1028, 1045,  850,  850,  790,  165, 1161,  940,  926,  925,  661,  668,  708,  883,  640,  326,  581,  309,  509,  506,  591,  964,  479,  444,  259,  188,  166,  699,  746,  449,  790, 1000,  611],
        [  279,  279,  249,  201,  139,  242,  384,  342,  499,  163,  512,  396,  567,  499,  357,  433,  463,  399,  420,   76,  280,  606,  361,  416,  575,  333,  607,  418,  589,  455,  574,  343,   78,  364,   96,  520,  537,  537,  232,  681,  357,   99,  666,    0,  229,  363,  455,  381,  386,  411,  375,  440,  505,  503,  311,  262,  262,  567,   57,  584,  267,  545,  349,  507,  358,  177,  579,  201,  298,  399,  279,  552,  576,  633,  426,  337,  218,  196,  360,  325],
        [   84,   84,  266,  225,  196,  175,  239,  176,  593,  340,  540,  516,  395,  647,  241,  279,  655,  616,  387,  171,  349,  464,  366,  193,  369,  208,  467,  408,  484,  484,  555,  572,  172,  272,  255,  605,  361,  385,  235,  477,  585,  131,  543,  229,    0,  269,  566,  595,  587,  329,  590,  627,  382,  644,  410,  457,  462,  352,  273,  377,  350,  328,  296,  283,  267,  102,  350,  349,  486,  473,   99,  363,  405,  566,  247,  224,  191,  259,  472,  127],
        [  342,  342,  520,  472,  422,  123,  497,  124,  833,  348,  801,  742,  620,  526,   39,  528,  600,  622,  135,  291,  225,  708,  628,  267,  554,   67,  711,  674,  743,  744,  823,  652,  288,    4,  442,  849,  586,  627,  148,  387,  640,  309,  792,  363,  269,    0,  797,  594,  559,   61,  723,  801,  638,  514,  288,  446,  459,  323,  419,  312,  242,  314,  563,  319,  534,  353,  437,  552,  456,  719,  361,  572,  631,  832,  152,   46,  448,  207,  343,  183],
        [  540,  540,  307,  341,  378,  676,  491,  737,   58,  579,  197,   61,  624,  871,  782,  522,  764,  633,  872,  514,  730,  579,  255,  736,  710,  752,  576,  268,  494,  189,  317,  468,  518,  799,  362,   85,  614,  561,  683, 1030,  526,  488,  578,  455,  566,  797,    0,  638,  683,  852,  343,  234,  492,  882,  749,  614,  604,  897,  407,  931,  715,  872,  352,  815,  408,  464,  827,  254,  652,  113,  523,  655,  626,  440,  812,  762,  381,  650,  785,  692],
        [  656,  656,  591,  555,  504,  518,  762,  644,  695,  263,  782,  584,  946,  274,  613,  811,  130,   30,  558,  425,  378,  976,  680,  761,  954,  606,  977,  737,  945,  736,  877,  185,  423,  593,  426,  722,  917,  912,  455,  976,  127,  473, 1028,  381,  595,  594,  638,    0,   64,  609,  328,  467,  873,  292,  333,  150,  139,  887,  364,  890,  359,  870,  703,  847,  725,  558,  938,  454,  141,  648,  658,  933,  955,  965,  720,  596,  587,  395,  311,  655],
        [  653,  653,  611,  571,  517,  492,  769,  619,  740,  248,  818,  628,  952,  211,  580,  818,   83,   90,  511,  419,  337,  989,  706,  743,  952,  577,  990,  764,  964,  770,  909,  244,  417,  558,  443,  767,  922,  921,  425,  944,  188,  472, 1045,  386,  587,  559,  683,   64,    0,  569,  386,  523,  887,  229,  285,  130,  126,  862,  378,  861,  319,  846,  721,  827,  738,  560,  922,  485,  106,  685,  658,  935,  961,  991,  691,  565,  599,  368,  256,  636],
        [  403,  403,  578,  530,  479,  177,  557,  179,  889,  376,  861,  796,  676,  513,   94,  587,  602,  638,   91,  341,  232,  765,  688,  316,  605,  126,  769,  734,  803,  803,  884,  683,  338,   58,  494,  906,  642,  685,  184,  392,  665,  365,  850,  411,  329,   61,  852,  609,  569,    0,  762,  846,  697,  499,  287,  464,  478,  348,  466,  328,  251,  342,  624,  357,  595,  413,  477,  605,  469,  776,  422,  626,  687,  892,  187,  106,  508,  239,  336,  240],
        [  613,  613,  440,  431,  414,  609,  653,  716,  399,  398,  521,  302,  829,  594,  724,  698,  457,  315,  746,  449,  567,  822,  480,  782,  877,  703,  821,  527,  762,  490,  634,  144,  451,  724,  338,  426,  807,  777,  578, 1054,  203,  464,  850,  375,  590,  723,  343,  328,  386,  762,    0,  139,  720,  610,  555,  367,  353,  938,  321,  957,  547,  915,  544,  872,  587,  506,  928,  277,  395,  392,  605,  837,  835,  745,  800,  704,  478,  524,  567,  697],
        [  633,  633,  424,  432,  435,  682,  638,  775,  285,  503,  427,  211,  800,  729,  797,  679,  596,  454,  842,  514,  671,  776,  431,  817,  866,  772,  774,  466,  703,  408,  546,  282,  516,  802,  375,  311,  783,  743,  664, 1103,  342,  514,  790,  440,  627,  801,  234,  467,  523,  846,  139,    0,  679,  744,  669,  492,  479,  978,  383, 1003,  652,  955,  512,  905,  562,  532,  945,  281,  524,  313,  621,  819,  804,  666,  858,  776,  480,  615,  688,  746],
        [  300,  300,  289,  319,  371,  556,  143,  522,  480,  663,  340,  480,  135,  997,  604,  112,  966,  885,  764,  495,  722,  105,  249,  425,  244,  572,  105,  224,  106,  312,  271,  776,  498,  641,  448,  474,  136,   71,  614,  676,  814,  438,  165,  505,  382,  638,  492,  873,  887,  697,  720,  679,    0,  997,  776,  766,  765,  548,  510,  594,  719,  525,  178,  463,  149,  345,  414,  450,  803,  382,  283,  181,  136,  213,  558,  592,  288,  626,  836,  460],
        [  723,  723,  750,  703,  641,  499,  864,  612,  937,  340,  993,  824, 1036,   22,  547,  911,  185,  315,  418,  503,  306, 1093,  858,  755, 1009,  556, 1095,  917, 1088,  940, 1070,  470,  500,  512,  585,  962, 1003, 1018,  425,  890,  416,  560, 1161,  503,  644,  514,  882,  292,  229,  499,  610,  744,  997,    0,  240,  269,  279,  837,  519,  824,  299,  827,  850,  825,  854,  653,  936,  657,  231,  866,  734, 1006, 1046, 1135,  664,  539,  718,  387,  177,  649],
        [  491,  491,  555,  505,  442,  259,  638,  374,  798,  172,  823,  689,  804,  247,  316,  683,  315,  362,  227,  288,   67,  867,  669,  516,  771,  321,  870,  726,  872,  766,  883,  444,  284,  286,  405,  821,  770,  790,  185,  673,  412,  343,  940,  311,  410,  288,  749,  333,  285,  287,  555,  669,  776,  240,    0,  202,  217,  606,  347,  599,   60,  595,  643,  588,  639,  433,  697,  500,  194,  707,  503,  771,  814,  931,  433,  305,  509,  152,   64,  409],
        [  524,  524,  498,  455,  397,  369,  644,  496,  668,  118,  727,  555,  826,  260,  464,  693,  202,  177,  420,  290,  236,  867,  600,  616,  823,  457,  868,  659,  847,  675,  809,  245,  288,  446,  329,  694,  795,  797,  305,  827,  211,  343,  926,  262,  457,  446,  614,  150,  130,  464,  367,  492,  766,  269,  202,    0,   16,  739,  263,  741,  216,  722,  605,  700,  618,  434,  794,  390,   40,  598,  529,  807,  835,  882,  571,  447,  478,  246,  201,  509],
        [  528,  528,  495,  453,  396,  379,  645,  506,  659,  126,  720,  545,  828,  269,  476,  694,  201,  166,  435,  294,  250,  867,  596,  624,  827,  468,  867,  654,  845,  668,  803,  230,  292,  458,  326,  684,  797,  798,  317,  838,  196,  346,  925,  262,  462,  459,  604,  139,  126,  478,  353,  479,  765,  279,  217,   16,    0,  749,  260,  752,  230,  732,  603,  709,  617,  436,  801,  383,   49,  590,  532,  810,  837,  878,  581,  459,  478,  257,  216,  517],
        [  358,  358,  591,  562,  545,  370,  445,  243,  915,  626,  828,  854,  465,  848,  291,  445,  912,  913,  437,  495,  541,  573,  665,  163,  355,  288,  578,  687,  647,  778,  802,  904,  495,  325,  606,  923,  439,  504,  437,  134,  907,  474,  661,  567,  352,  323,  897,  887,  862,  348,  938,  978,  548,  837,  606,  739,  749,    0,  618,   48,  555,   26,  571,   87,  520,  448,  169,  699,  756,  794,  375,  403,  474,  761,  174,  302,  518,  494,  664,  243],
        [  312,  312,  236,  194,  140,  299,  399,  397,  454,  184,  480,  347,  584,  514,  414,  449,  459,  379,  473,  131,  324,  613,  340,  464,  602,  390,  613,  398,  587,  425,  552,  302,  134,  420,   67,  476,  556,  548,  286,  734,  323,  145,  668,   57,  273,  419,  407,  364,  378,  466,  321,  383,  510,  519,  347,  263,  260,  618,    0,  636,  309,  595,  344,  555,  361,  206,  621,  155,  302,  360,  310,  575,  593,  620,  481,  393,  223,  246,  390,  377],
        [  391,  391,  625,  593,  572,  374,  487,  249,  950,  631,  868,  886,  512,  836,  284,  489,  908,  917,  417,  511,  535,  620,  702,  196,  402,  285,  625,  727,  693,  817,  845,  917,  510,  314,  629,  959,  486,  550,  437,  100,  916,  494,  708,  584,  377,  312,  931,  890,  861,  328,  957, 1003,  594,  824,  599,  741,  752,   48,  636,    0,  549,   69,  610,  131,  560,  476,  216,  726,  757,  830,  409,  450,  521,  806,  171,  297,  550,  496,  654,  260],
        [  432,  432,  506,  454,  392,  200,  580,  319,  762,  151,  778,  655,  744,  306,  266,  624,  359,  388,  206,  235,   21,  809,  620,  458,  711,  268,  811,  676,  815,  720,  833,  447,  231,  240,  363,  784,  711,  732,  126,  628,  422,  289,  883,  267,  350,  242,  715,  359,  319,  251,  547,  652,  719,  299,   60,  216,  230,  555,  309,  549,    0,  542,  590,  532,  583,  377,  640,  463,  218,  666,  444,  711,  755,  878,  382,  254,  456,   93,  123,  351],
        [  333,  333,  566,  537,  521,  354,  420,  227,  890,  608,  803,  829,  444,  838,  281,  421,  898,  896,  433,  474,  529,  552,  639,  138,  337,  274,  557,  662,  624,  753,  778,  884,  474,  317,  583,  897,  418,  482,  423,  160,  887,  452,  640,  545,  328,  314,  872,  870,  846,  342,  915,  955,  525,  827,  595,  722,  732,   26,  595,   69,  542,    0,  546,   63,  495,  424,  156,  675,  741,  769,  350,  383,  454,  738,  163,  290,  493,  479,  653,  222],
        [  234,  234,  113,  150,  210,  459,  140,  467,  356,  511,  258,  326,  289,  847,  536,  172,  802,  713,  675,  356,  597,  282,   99,  418,  361,  503,  282,  118,  244,  208,  260,  599,  360,  567,  278,  359,  272,  234,  502,  705,  638,  302,  326,  349,  296,  563,  352,  703,  721,  624,  544,  512,  178,  850,  643,  605,  603,  571,  344,  610,  590,  546,    0,  485,   57,  220,  480,  272,  643,  240,  214,  309,  294,  288,  525,  519,  135,  501,  699,  408],
        [  278,  278,  509,  483,  471,  337,  358,  214,  831,  584,  742,  774,  386,  834,  283,  359,  883,  871,  447,  439,  521,  493,  579,   91,  283,  269,  497,  601,  563,  692,  716,  849,  439,  322,  537,  838,  358,  422,  409,  221,  856,  411,  581,  507,  283,  319,  815,  847,  827,  357,  872,  905,  463,  825,  588,  700,  709,   87,  555,  131,  532,   63,  485,    0,  433,  374,  121,  625,  722,  711,  293,  326,  396,  676,  171,  287,  438,  461,  649,  192],
        [  196,  196,  148,  171,  222,  437,   84,  431,  412,  518,  309,  381,  243,  853,  504,  118,  818,  737,  652,  353,  588,  252,  155,  370,  307,  471,  253,  168,  234,  261,  296,  632,  357,  537,  299,  414,  222,  194,  487,  653,  668,  297,  309,  358,  267,  534,  408,  725,  738,  595,  587,  562,  149,  854,  639,  618,  617,  520,  361,  560,  583,  495,   57,  433,    0,  207,  424,  311,  655,  296,  176,  257,  249,  301,  484,  489,  140,  492,  697,  371],
        [  109,  109,  168,  125,   98,  242,  213,  275,  492,  324,  449,  415,  393,  653,  330,  261,  635,  575,  458,  151,  381,  440,  276,  286,  399,  298,  442,  323,  439,  391,  476,  507,  154,  356,  169,  505,  362,  367,  283,  575,  528,   94,  509,  177,  102,  353,  464,  558,  560,  413,  506,  532,  345,  653,  433,  434,  436,  448,  206,  476,  377,  424,  220,  374,  207,    0,  423,  252,  468,  373,  105,  376,  402,  505,  348,  312,   96,  285,  492,  228],
        [  316,  316,  530,  514,  516,  441,  341,  325,  835,  676,  726,  792,  311,  944,  400,  326,  983,  961,  566,  518,  631,  420,  578,  182,  194,  383,  425,  589,  504,  683,  681,  921,  519,  440,  592,  838,  290,  359,  515,  275,  934,  480,  506,  579,  350,  437,  827,  938,  922,  477,  928,  945,  414,  936,  697,  794,  801,  169,  621,  216,  640,  156,  480,  121,  424,  423,    0,  666,  819,  717,  326,  249,  319,  622,  291,  403,  466,  563,  759,  291],
        [  352,  352,  164,  156,  155,  430,  376,  507,  300,  333,  338,  195,  553,  649,  541,  422,  568,  460,  620,  264,  478,  554,  228,  537,  601,  513,  553,  284,  505,  286,  425,  330,  267,  554,  111,  321,  531,  504,  432,  825,  373,  247,  591,  201,  349,  552,  254,  454,  485,  605,  277,  281,  450,  657,  500,  390,  383,  699,  155,  726,  463,  675,  272,  625,  311,  252,  666,    0,  429,  211,  341,  560,  559,  512,  587,  520,  204,  397,  540,  471],
        [  556,  556,  537,  493,  435,  387,  679,  514,  707,  147,  767,  593,  860,  221,  476,  728,  169,  170,  418,  322,  238,  903,  640,  639,  854,  472,  904,  698,  885,  715,  849,  267,  320,  455,  368,  732,  829,  833,  320,  840,  225,  377,  964,  298,  486,  456,  652,  141,  106,  469,  395,  524,  803,  231,  194,   40,   49,  756,  302,  757,  218,  741,  643,  722,  655,  468,  819,  429,    0,  637,  562,  839,  869,  921,  586,  461,  516,  263,  181,  531],
        [  439,  439,  208,  250,  297,  600,  380,  648,  121,  542,  135,  103,  512,  857,  700,  410,  768,  648,  806,  448,  679,  472,  143,  634,  598,  668,  469,  159,  393,   98,  243,  495,  452,  721,  304,  133,  502,  450,  617,  927,  549,  413,  479,  399,  473,  719,  113,  648,  685,  776,  392,  313,  382,  866,  707,  598,  590,  794,  360,  830,  666,  769,  240,  711,  296,  373,  717,  211,  637,    0,  421,  543,  515,  356,  719,  680,  284,  592,  749,  599],
        [   21,   21,  217,  192,  192,  274,  141,  256,  542,  415,  469,  481,  303,  736,  330,  181,  730,  677,  484,  240,  445,  367,  298,  214,  296,  297,  369,  331,  386,  415,  470,  610,  243,  365,  270,  551,  270,  288,  333,  507,  632,  186,  444,  279,   99,  361,  523,  658,  658,  422,  605,  621,  283,  734,  503,  529,  532,  375,  310,  409,  444,  350,  214,  293,  176,  105,  326,  341,  562,  421,    0,  278,  313,  471,  312,  316,  145,  351,  565,  196],
        [  285,  285,  399,  409,  440,  522,  185,  449,  649,  693,  517,  634,   63, 1009,  535,  140, 1008,  950,  706,  518,  709,  172,  401,  318,   63,  507,  177,  392,  258,  485,  452,  868,  520,  576,  524,  646,   46,  116,  591,  521,  896,  464,  259,  552,  363,  572,  655,  933,  935,  626,  837,  819,  181, 1006,  771,  807,  810,  403,  575,  450,  711,  383,  309,  326,  257,  376,  249,  560,  839,  543,  278,    0,   72,  378,  459,  528,  364,  620,  833,  390],
        [  324,  324,  396,  414,  454,  572,  194,  509,  615,  725,  474,  611,   11, 1048,  594,  144, 1037,  970,  764,  550,  754,  101,  378,  383,  128,  565,  107,  358,  193,  447,  397,  877,  553,  634,  537,  609,   45,   65,  638,  592,  909,  494,  188,  576,  405,  631,  626,  955,  961,  687,  835,  804,  136, 1046,  814,  835,  837,  474,  593,  521,  755,  454,  294,  396,  249,  402,  319,  559,  869,  515,  313,   72,    0,  314,  524,  586,  373,  663,  876,  448],
        [  490,  490,  385,  432,  494,  738,  340,  723,  405,  795,  246,  455,  319, 1131,  800,  322, 1073,  971,  952,  644,  884,  219,  285,  636,  440,  768,  214,  229,  121,  259,  128,  834,  648,  835,  553,  388,  334,  264,  787,  888,  883,  590,  166,  633,  566,  832,  440,  965,  991,  892,  745,  666,  213, 1135,  931,  882,  878,  761,  620,  806,  878,  738,  288,  676,  301,  505,  622,  512,  921,  356,  471,  378,  314,    0,  765,  786,  423,  788,  987,  661],
        [  292,  292,  512,  472,  438,  204,  427,   84,  839,  461,  779,  762,  513,  675,  118,  446,  739,  747,  276,  351,  368,  611,  606,  141,  430,  115,  615,  642,  663,  724,  779,  751,  350,  155,  483,  851,  481,  533,  267,  260,  748,  344,  699,  426,  247,  152,  812,  720,  691,  187,  800,  858,  558,  664,  433,  571,  581,  174,  481,  171,  382,  163,  525,  171,  484,  348,  291,  587,  586,  719,  312,  459,  524,  765,    0,  129,  436,  325,  491,  121],
        [  297,  297,  479,  432,  385,   95,  451,   81,  796,  342,  760,  707,  575,  549,   21,  482,  612,  624,  179,  263,  240,  662,  586,  228,  512,   22,  666,  631,  697,  702,  779,  641,  260,   50,  410,  811,  541,  582,  142,  380,  633,  275,  746,  337,  224,   46,  762,  596,  565,  106,  704,  776,  592,  539,  305,  447,  459,  302,  393,  297,  254,  290,  519,  287,  489,  312,  403,  520,  461,  680,  316,  528,  586,  786,  129,    0,  407,  203,  364,  138],
        [  160,  160,   77,   49,   83,  336,  181,  366,  404,  380,  354,  337,  366,  716,  425,  230,  678,  600,  551,  222,  463,  391,  181,  356,  400,  392,  391,  229,  371,  296,  384,  505,  226,  451,  164,  416,  339,  326,  373,  649,  537,  168,  449,  218,  191,  448,  381,  587,  599,  508,  478,  480,  288,  718,  509,  478,  478,  518,  223,  550,  456,  493,  135,  438,  140,   96,  466,  204,  516,  284,  145,  364,  373,  423,  436,  407,    0,  367,  565,  315],
        [  340,  340,  421,  369,  308,  126,  488,  252,  695,  141,  698,  591,  652,  391,  220,  532,  422,  422,  229,  149,   97,  716,  536,  382,  623,  211,  719,  591,  723,  640,  748,  446,  145,  207,  291,  715,  619,  639,   61,  582,  433,  199,  790,  196,  259,  207,  650,  395,  368,  239,  524,  615,  626,  387,  152,  246,  257,  494,  246,  496,   93,  479,  501,  461,  492,  285,  563,  397,  263,  592,  351,  620,  663,  788,  325,  203,  367,    0,  214,  273],
