{
    "name": "random-58-4832",
    "comment": "size=58 seed=4832",
    "nodes": ["+0", "-0", "+1", "-1", "+2", "-2", "+3", "-3", "+4", "-4", "+5", "-5", "+6", "-6", "+7", "-7", "+8", "-8", "+9", "-9", "+10", "-10", "+11", "-11", "+12", "-12", "+13", "-13", "+14", "-14", "+15", "-15", "+16", "-16", "+17", "-17", "+18", "-18", "+19", "-19", "+20", "-20", "+21", "-21", "+22", "-22", "+23", "-23", "+24", "-24", "+25", "-25", "+26", "-26", "+27", "-27", "+28", "-28", "+29", "-29", "+30", "-30", "+31", "-31", "+32", "-32", "+33", "-33", "+34", "-34", "+35", "-35", "+36", "-36", "+37", "-37", "+38", "-38", "+39", "-39", "+40", "-40", "+41", "-41", "+42", "-42", "+43", "-43", "+44", "-44", "+45", "-45", "+46", "-46", "+47", "-47", "+48", "-48", "+49", "-49", "+50", "-50", "+51", "-51", "+52", "-52", "+53", "-53", "+54", "-54", "+55", "-55", "+56", "-56", "+57", "-57", "+58", "-58"],
    "precedence": {
        "+0": "-0",
        "+1": "-1",
        "+2": "-2",
        "+3": "-3",
        "+4": "-4",
        "+5": "-5",
        "+6": "-6",
        "+7": "-7",
        "+8": "-8",
        "+9": "-9",
        "+10": "-10",
        "+11": "-11",
        "+12": "-12",
        "+13": "-13",
        "+14": "-14",
        "+15": "-15",
        "+16": "-16",
        "+17": "-17",
        "+18": "-18",
        "+19": "-19",
        "+20": "-20",
        "+21": "-21",
        "+22": "-22",
        "+23": "-23",
        "+24": "-24",
        "+25": "-25",
        "+26": "-26",
        "+27": "-27",
        "+28": "-28",
        "+29": "-29",
        "+30": "-30",
        "+31": "-31",
        "+32": "-32",
        "+33": "-33",
        "+34": "-34",
        "+35": "-35",
        "+36": "-36",
        "+37": "-37",
        "+38": "-38",
        "+39": "-39",
        "+40": "-40",
        "+41": "-41",
        "+42": "-42",
        "+43": "-43",
        "+44": "-44",
        "+45": "-45",
        "+46": "-46",
        "+47": "-47",
        "+48": "-48",
        "+49": "-49",
        "+50": "-50",
        "+51": "-51",
        "+52": "-52",
        "+53": "-53",
        "+54": "-54",
        "+55": "-55",
        "+56": "-56",
        "+57": "-57",
        "+58": "-58"
    },
    "edges": [
        [    0,    0,  457,  316,  293,  677,  612,  527,  275,  569,  631,  254,  874,  340,  362,  693,  679,  304,  523,  512,  534,  195,  541,  389,  210,  643,  181,  257,  413,  270,  249,  677,  676,  472,  692,  421,  211,  421,  276,  245,  518,  646,  679,  562,  447,  653,  429,  507,  376,  249,  315,  526,  712,  435,  408,  291,  598,  734,  542,  204,  226,  417,  549,  239,  571,  317,  622,  300,  400,  441,  536,  507,  233,  151,  355,  620,  362,  498,  539,  432,  530,   40,  555,  209,  624,   64,  336,  618,  556,  382,  579,  405,  345,  149,  416,  272,  342,  343,  266,  754,  319,  426,  233,  584,  332,  295,  461,  552,  432,  549,  493,  663,  588,  561,  714,  592,  747,  485],
        [    0,    0,    0,    0,    0,    0,    0,    0,    0,    0,    0,    0,    0,    0,    0,    0,    0,    0,    0,    0,    0,    0,    0,    0,    0,    0,    0,    0,    0,    0,    0,    0,    0,    0,    0,    0,    0,    0,    0,    0,    0,    0,    0,    0,    0,    0,    0,    0,    0,    0,    0,    0,    0,    0,    0,    0,    0,    0,    0,    0,    0,    0,    0,    0,    0,    0,    0,    0,    0,    0,    0,    0,    0,    0,    0,    0,    0,    0,    0,    0,    0,    0,    0,    0,    0,    0,    0,    0,    0,    0,    0,    0,    0,    0,    0,    0,    0,    0,    0,    0,    0,    0,    0,    0,    0,    0,    0,    0,    0,    0,    0,    0,    0,    0,    0,    0,    0,    0],
        [  457,    0,    0,  569,  749,  264,  283,  132,  218,  265,  298,  469,  640,  454,  112,  272,  290,  328,  101,  835,  292,  318,  384,  477,  635,  973,  592,  324,  818,  510,  496,  284,  266,  834,  333,  623,  531,  547,  461,  664,  299,  262,  601,  713,  639,  513,  694,  476,  181,  576,  713,  112,  532,  579,  707,  550,  198,  391,  106,  612,  292,  804,  208,  696,  171,  152,  202,  591,   58,  379,  117,  151,  399,  523,  765,  268,  778,  350,  130,  475,  527,  493,   99,  443,  227,  494,  460,  176,  673,  402,  211,  654,  499,  475,  433,  702,  242,  331,  589,  614,  654,  715,  611,  532,  604,  740,  625,   96,  492,  645,  662,  475,  928,  618,  511,  283,  526,   95],
        [  316,    0,  569,    0,  396,  830,  568,  685,  355,  525,  830,  567,  703,  645,  458,  840,  663,  580,  664,  268,  464,  461,  408,  694,  470,  405,  463,  532,  304,   62,   81,  845,  832,  279,  881,  107,  108,  734,  587,  501,  441,  819,  447,  249,  134,  467,  131,  302,  402,   91,  577,  672,  535,  143,  710,  605,  614,  934,  673,  483,  482,  674,  738,  375,  595,  489,  649,  611,  525,  302,  680,  528,  172,  460,  272,  809,  293,  757,  581,  733,  297,  334,  651,  520,  629,  262,  643,  743,  252,  673,  756,   96,  105,  169,  232,  273,  338,  617,   83,  544,  618,  729,  157,  363,   36,  334,  153,  644,  736,  255,  181,  505,  361,  282,  553,  800,  589,  639],
        [  293,    0,  749,  396,    0,  967,  874,  819,  554,  829,  912,  448, 1082,  544,  650,  984,  951,  562,  816,  418,  783,  473,  762,  586,  207,  510,  240,  521,  237,  395,  385,  964,  966,  342,  974,  486,  315,  587,  474,  213,  764,  933,  840,  614,  508,  847,  432,  684,  649,  307,  267,  818,  913,  537,  444,  428,  878, 1013,  835,  241,  506,  334,  835,   56,  851,  609,  905,  403,  692,  652,  829,  785,  440,  303,  196,  904,  183,  754,  823,  636,  687,  261,  847,  422,  901,  260,  538,  911,  634,  612,  866,  436,  484,  320,  600,  129,  601,  598,  313,  934,  363,  465,  239,  752,  383,   76,  537,  843,  628,  644,  554,  875,  454,  676,  925,  871,  960,  777],
        [  677,    0,  264,  830,  967,    0,  455,  151,  476,  460,  133,  599,  796,  542,  373,   23,  400,  444,  167, 1096,  511,  498,  614,  541,  818, 1234,  774,  467, 1065,  770,  755,   43,    7, 1090,  112,  886,  785,  606,  581,  842,  525,   58,  827,  973,  902,  728,  957,  725,  442,  831,  874,  159,  731,  841,  817,  673,  341,  163,  158,  789,  466,  949,  145,  911,  333,  365,  314,  718,  306,  632,  151,  366,  659,  699, 1010,  107, 1022,  330,  312,  514,  777,  707,  205,  592,  358,  724,  550,  104,  932,  465,  109,  916,  762,  724,  692,  939,  505,  422,  845,  818,  790,  818,  860,  771,  865,  970,  888,  213,  534,  902,  924,  678, 1187,  871,  701,  162,  705,  196],
        [  612,    0,  283,  568,  874,  455,    0,  388,  341,   46,  544,  711,  359,  717,  289,  449,  100,  591,  350,  819,  106,  543,  197,  747,  817,  944,  781,  574,  866,  526,  523,  492,  460,  846,  557,  573,  585,  816,  709,  851,  129,  484,  386,  608,  578,  282,  665,  334,  238,  617,  913,  363,  277,  508,  946,  790,  114,  614,  335,  804,  528, 1012,  470,  828,  126,  393,  145,  826,  311,  275,  361,  136,  441,  723,  824,  510,  843,  632,  160,  751,  381,  651,  263,  675,  101,  621,  722,  354,  558,  676,  458,  624,  468,  557,  350,  789,  274,  602,  624,  364,  879,  957,  675,  351,  603,  841,  552,  256,  767,  523,  580,  226,  911,  480,  247,  542,  254,  367],
        [  527,    0,  132,  685,  819,  151,  388,    0,  330,  379,  166,  472,  746,  431,  231,  167,  366,  317,   39,  949,  416,  354,  513,  441,  677, 1088,  633,  333,  915,  624,  609,  160,  151,  941,  203,  747,  636,  510,  457,  703,  425,  135,  730,  842,  764,  638,  813,  608,  311,  682,  740,   26,  653,  706,  702,  550,  284,  259,   57,  650,  323,  822,   82,  763,  264,  214,  271,  595,  162,  511,   31,  270,  513,  559,  859,  136,  871,  264,  229,  425,  659,  558,  131,  459,  309,  574,  438,  107,  804,  362,   79,  773,  622,  574,  564,  788,  370,  304,  697,  737,  664,  705,  710,  663,  719,  820,  752,  136,  444,  776,  789,  597, 1040,  749,  628,  156,  640,   47],
        [  275,    0,  218,  355,  554,  476,  341,  330,    0,  300,  479,  392,  639,  424,  107,  487,  405,  312,  310,  620,  276,  224,  315,  465,  477,  759,  441,  277,  601,  295,  280,  490,  477,  617,  528,  421,  314,  527,  397,  511,  265,  464,  505,  529,  441,  446,  484,  344,  104,  358,  573,  317,  491,  389,  618,  466,  326,  582,  321,  463,  221,  673,  385,  503,  298,  147,  352,  497,  170,  248,  326,  233,  184,  384,  549,  456,  564,  442,  270,  486,  388,  314,  309,  351,  350,  295,  427,  393,  498,  411,  402,  445,  298,  259,  271,  492,   93,  339,  372,  553,  544,  631,  395,  417,  390,  534,  433,  304,  497,  475,  471,  435,  712,  461,  484,  451,  511,  284],
        [  569,    0,  265,  525,  829,  460,   46,  379,  300,    0,  540,  675,  377,  686,  256,  457,  140,  560,  341,  777,   67,  507,  167,  718,  775,  903,  739,  541,  822,  481,  479,  495,  465,  802,  558,  532,  540,  786,  675,  809,   89,  484,  370,  573,  539,  269,  624,  300,  197,  572,  872,  354,  275,  469,  909,  753,  126,  616,  330,  762,  493,  972,  461,  784,  128,  362,  162,  788,  286,  235,  354,  114,  396,  683,  779,  507,  798,  614,  153,  724,  349,  608,  261,  639,  124,  577,  690,  357,  524,  649,  453,  582,  426,  512,  309,  744,  229,  574,  580,  360,  840,  921,  630,  325,  559,  796,  513,  254,  739,  489,  543,  220,  870,  448,  249,  534,  262,  354],
        [  631,    0,  298,  830,  912,  133,  544,  166,  479,  540,    0,  509,  897,  440,  389,  154,  506,  360,  202, 1090,  580,  440,  678,  431,  745, 1229,  701,  394, 1036,  769,  752,   96,  126, 1074,   64,  900,  770,  491,  488,  765,  590,   77,  895, 1001,  919,  802,  961,  773,  474,  817,  788,  189,  814,  864,  712,  577,  433,  105,  211,  714,  408,  855,   94,  856,  418,  343,  413,  623,  319,  675,  188,  433,  659,  626,  979,   34,  988,  211,  388,  398,  824,  656,  281,  512,  455,  685,  448,  201,  965,  359,   88,  922,  776,  703,  726,  901,  530,  331,  833,  899,  695,  710,  836,  828,  863,  924,  909,  288,  418,  938,  946,  758, 1179,  913,  788,   43,  797,  205],
        [  254,    0,  469,  567,  448,  599,  711,  472,  392,  675,  509,    0, 1031,   98,  422,  620,  748,  156,  487,  759,  664,  170,  705,  143,  252,  886,  210,  146,  636,  517,  495,  583,  596,  711,  573,  671,  464,  168,   27,  264,  655,  552,  881,  809,  697,  833,  682,  710,  486,  503,  279,  483,  882,  676,  239,   81,  657,  600,  511,  217,  183,  351,  455,  395,  628,  324,  668,  124,  418,  626,  494,  581,  453,  147,  578,  511,  579,  320,  588,  192,  744,  248,  556,   48,  686,  315,   92,  578,  798,  169,  491,  658,  581,  399,  623,  486,  484,  179,  520,  940,  193,  248,  481,  788,  585,  485,  707,  556,  186,  787,  741,  827,  829,  792,  875,  467,  903,  445],
        [  874,    0,  640,  703, 1082,  796,  359,  746,  639,  377,  897, 1031,    0, 1053,  625,  787,  397,  930,  708,  882,  370,  862,  334, 1088, 1083,  975, 1055,  905,  998,  689,  698,  836,  802,  939,  904,  650,  768, 1154, 1034, 1118,  376,  833,  282,  602,  640,  236,  743,  401,  547,  782, 1189,  721,  170,  580, 1255, 1105,  465,  959,  692, 1078,  854, 1291,  828, 1048,  483,  732,  486, 1135,  662,  437,  718,  490,  654, 1010,  973,  864,  994,  990,  519, 1098,  411,  913,  619,  989,  443,  862, 1056,  701,  551, 1022,  814,  711,  603,  771,  483,  971,  550,  946,  781,  179, 1177, 1269,  849,  344,  728, 1030,  606,  613, 1112,  520,  615,  212,  962,  469,  161,  899,  129,  726],
        [  340,    0,  454,  645,  544,  542,  717,  431,  424,  686,  440,   98, 1053,    0,  431,  564,  742,  127,  452,  850,  684,  205,  738,   50,  346,  978,  306,  149,  731,  592,  570,  521,  538,  804,  502,  746,  546,  103,   71,  356,  678,  491,  926,  882,  772,  869,  765,  759,  507,  587,  360,  446,  912,  746,  275,  141,  650,  523,  477,  311,  204,  418,  398,  492,  622,  324,  655,  186,  410,  669,  456,  583,  516,  244,  673,  447,  675,  238,  581,   95,  797,  339,  531,  133,  679,  402,    9,  536,  867,   82,  435,  739,  649,  478,  676,  582,  517,  128,  604,  977,  258,  277,  570,  835,  666,  582,  779,  533,   93,  853,  814,  856,  922,  853,  902,  398,  927,  411],
        [  362,    0,  112,  458,  650,  373,  289,  231,  107,  256,  389,  422,  625,  431,    0,  383,  331,  306,  207,  724,  257,  256,  328,  464,  553,  862,  513,  286,  708,  398,  384,  389,  375,  723,  432,  516,  420,  531,  421,  584,  255,  365,  538,  613,  534,  462,  585,  395,   94,  465,  640,  216,  494,  476,  659,  502,  244,  488,  216,  534,  240,  736,  295,  598,  215,  108,  263,  539,   70,  295,  223,  160,  288,  448,  655,  363,  669,  390,  179,  474,  444,  400,  203,  388,  271,  391,  435,  287,  577,  398,  307,  544,  392,  365,  339,  595,  142,  322,  478,  568,  595,  669,  501,  459,  493,  635,  522,  198,  488,  550,  559,  437,  816,  528,  480,  366,  501,  186],
        [  693,    0,  272,  840,  984,   23,  449,  167,  487,  457,  154,  620,  787,  564,  383,    0,  391,  465,  178, 1106,  510,  516,  613,  564,  838, 1244,  793,  488, 1079,  780,  766,   61,   29, 1102,  128,  894,  797,  628,  602,  862,  524,   80,  825,  978,  909,  725,  966,  727,  449,  843,  895,  172,  725,  848,  839,  694,  336,  176,  167,  809,  485,  971,  167,  929,  330,  380,  307,  740,  317,  635,  163,  366,  669,  719, 1024,  130, 1036,  353,  311,  537,  779,  724,  207,  613,  351,  740,  572,  104,  936,  487,  130,  925,  770,  737,  697,  954,  512,  443,  857,  813,  811,  840,  874,  771,  875,  986,  894,  214,  557,  905,  930,  674, 1198,  874,  695,  185,  698,  211],
        [  679,    0,  290,  663,  951,  400,  100,  366,  405,  140,  506,  748,  397,  742,  331,  391,    0,  615,  329,  916,  205,  586,  297,  766,  879, 1043,  840,  606,  957,  618,  614,  440,  406,  941,  509,  672,  672,  836,  743,  912,  228,  438,  475,  708,  678,  369,  763,  434,  304,  707,  970,  341,  351,  608,  987,  829,   93,  563,  310,  863,  566, 1067,  445,  904,  121,  425,   96,  868,  333,  374,  337,  174,  527,  778,  914,  472,  932,  626,  162,  764,  480,  718,  236,  717,   64,  695,  747,  307,  657,  692,  426,  722,  565,  639,  449,  874,  352,  620,  715,  439,  925,  996,  762,  447,  698,  923,  652,  231,  781,  622,  680,  308, 1009,  579,  317,  512,  314,  357],
        [  304,    0,  328,  580,  562,  444,  591,  317,  312,  560,  360,  156,  930,  127,  306,  465,  615,    0,  334,  809,  561,  119,  620,  158,  386,  943,  341,   49,  716,  521,  500,  429,  441,  775,  424,  673,  491,  226,  141,  406,  557,  398,  816,  803,  698,  754,  706,  654,  386,  536,  432,  330,  794,  663,  387,  233,  523,  456,  359,  354,  100,  507,  300,  506,  495,  199,  530,  278,  283,  559,  340,  457,  432,  268,  657,  359,  663,  196,  454,  175,  695,  318,  409,  152,  552,  366,  132,  423,  782,  101,  336,  675,  565,  420,  575,  571,  403,   40,  553,  861,  348,  392,  533,  728,  605,  584,  700,  410,  186,  764,  737,  736,  888,  759,  782,  318,  805,  292],
        [  523,    0,  101,  664,  816,  167,  350,   39,  310,  341,  202,  487,  708,  452,  207,  178,  329,  334,    0,  930,  379,  359,  477,  466,  683, 1068,  639,  345,  902,  604,  589,  184,  168,  925,  233,  722,  620,  535,  474,  710,  389,  162,  693,  813,  738,  601,  791,  575,  282,  666,  750,   14,  615,  679,  720,  567,  246,  291,   25,  657,  329,  834,  121,  761,  226,  207,  234,  611,  140,  478,   17,  232,  493,  566,  848,  171,  860,  299,  191,  453,  626,  556,   94,  471,  271,  567,  459,   96,  774,  387,  114,  751,  597,  560,  534,  780,  342,  325,  680,  699,  679,  725,  697,  628,  699,  814,  725,   98,  472,  745,  762,  559, 1021,  718,  590,  194,  601,   43],
        [  512,    0,  835,  268,  418, 1096,  819,  949,  620,  777, 1090,  759,  882,  850,  724, 1106,  916,  809,  930,    0,  713,  692,  639,  898,  584,  139,  597,  760,  194,  326,  341, 1109, 1097,   85, 1143,  248,  323,  924,  783,  606,  690, 1082,  603,  290,  250,  660,  154,  510,  669,  276,  673,  937,  726,  318,  839,  775,  875, 1194,  940,  610,  718,  750,  998,  435,  857,  748,  911,  767,  790,  544,  946,  792,  438,  625,  223, 1070,  237,  997,  846,  943,  482,  512,  918,  717,  888,  448,  846, 1010,  336,  893, 1019,  195,  354,  393,  469,  304,  605,  848,  260,  707,  749,  860,  280,  545,  232,  343,  282,  911,  942,  364,  268,  712,   94,  414,  753, 1057,  788,  903],
        [  534,    0,  292,  464,  783,  511,  106,  416,  276,   67,  580,  664,  370,  684,  257,  510,  205,  561,  379,  713,    0,  495,  105,  719,  743,  838,  710,  536,  764,  424,  423,  543,  516,  741,  604,  468,  486,  785,  666,  777,   24,  530,  317,  507,  473,  222,  560,  235,  179,  517,  844,  392,  242,  403,  893,  740,  188,  663,  371,  733,  485,  945,  497,  740,  184,  364,  225,  772,  301,  170,  393,  148,  345,  657,  724,  548,  743,  635,  200,  730,  284,  574,  307,  624,  189,  536,  687,  408,  458,  654,  492,  518,  363,  464,  245,  693,  193,  578,  523,  322,  819,  906,  576,  264,  498,  746,  447,  300,  744,  424,  476,  184,  805,  383,  224,  571,  245,  386],
        [  195,    0,  318,  461,  473,  498,  543,  354,  224,  507,  440,  170,  862,  205,  256,  516,  586,  119,  359,  692,  495,    0,  539,  250,  325,  827,  281,   71,  607,  403,  382,  493,  496,  660,  501,  556,  372,  307,  173,  352,  486,  461,  722,  687,  580,  669,  588,  554,  316,  418,  396,  358,  715,  548,  404,  247,  496,  542,  381,  299,   33,  487,  363,  417,  467,  166,  511,  283,  262,  465,  369,  416,  317,  208,  549,  431,  556,  307,  429,  280,  592,  217,  412,  133,  524,  254,  207,  454,  668,  214,  395,  556,  451,  302,  471,  466,  317,  158,  435,  776,  340,  414,  418,  631,  486,  486,  584,  410,  287,  653,  621,  659,  773,  650,  707,  400,  734,  317],
        [  541,    0,  384,  408,  762,  614,  197,  513,  315,  167,  678,  705,  334,  738,  328,  613,  297,  620,  477,  639,  105,  539,    0,  777,  750,  758,  721,  590,  712,  379,  383,  646,  619,  676,  705,  392,  452,  840,  711,  784,   90,  631,  218,  412,  393,  135,  487,  138,  237,  474,  855,  489,  177,  323,  924,  777,  292,  763,  470,  744,  535,  957,  592,  724,  289,  431,  328,  804,  383,  111,  491,  249,  325,  677,  678,  647,  698,  716,  303,  793,  184,  579,  410,  662,  290,  530,  740,  511,  361,  718,  590,  447,  304,  445,  177,  659,  222,  642,  477,  242,  845,  939,  539,  159,  440,  716,  364,  402,  806,  326,  389,  124,  730,  283,  174,  666,  206,  479],
        [  389,    0,  477,  694,  586,  541,  747,  441,  465,  718,  431,  143, 1088,   50,  464,  564,  766,  158,  466,  898,  719,  250,  777,    0,  385, 1027,  347,  189,  778,  641,  619,  517,  537,  852,  491,  795,  595,   71,  117,  392,  714,  488,  969,  930,  820,  909,  814,  803,  543,  637,  389,  458,  951,  794,  283,  170,  674,  507,  490,  350,  245,  437,  400,  535,  647,  356,  678,  211,  437,  711,  468,  612,  564,  288,  720,  441,  721,  223,  606,   51,  842,  387,  549,  182,  703,  451,   53,  545,  915,   79,  436,  788,  697,  527,  721,  629,  557,  147,  654, 1017,  281,  280,  619,  878,  715,  627,  827,  551,   44,  900,  863,  894,  970,  899,  939,  390,  963,  426],
        [  210,    0,  635,  470,  207,  818,  817,  677,  477,  775,  745,  252, 1083,  346,  553,  838,  879,  386,  683,  584,  743,  325,  750,  385,    0,  694,   45,  353,  425,  442,  423,  809,  816,  519,  809,  575,  364,  381,  278,   35,  727,  778,  877,  716,  601,  859,  552,  707,  580,  384,  110,  682,  919,  607,  256,  222,  795,  841,  705,   36,  355,  212,  678,  162,  766,  484,  816,  197,  577,  648,  693,  706,  434,  120,  373,  742,  368,  569,  732,  435,  725,  171,  732,  236,  821,  227,  339,  778,  721,  420,  713,  542,  528,  327,  616,  283,  550,  419,  397,  957,  166,  277,  333,  783,  473,  261,  622,  729,  426,  721,  649,  871,  637,  742,  923,  703,  955,  641],
        [  643,    0,  973,  405,  510, 1234,  944, 1088,  759,  903, 1229,  886,  975,  978,  862, 1244, 1043,  943, 1068,  139,  838,  827,  758, 1027,  694,    0,  713,  895,  274,  464,  480, 1248, 1235,  177, 1282,  371,  461, 1048,  911,  712,  815, 1221,  694,  374,  366,  763,  283,  624,  804,  414,  774, 1076,  826,  437,  947,  896, 1006, 1333, 1078,  723,  854,  842, 1137,  537,  989,  886, 1042,  884,  928,  669, 1084,  924,  575,  748,  322, 1209,  329, 1133,  980, 1072,  590,  640, 1054,  846, 1017,  580,  974, 1147,  425, 1025, 1157,  325,  486,  530,  594,  412,  740,  983,  398,  797,  860,  968,  411,  648,  370,  439,  395, 1047, 1070,  458,  373,  819,   58,  509,  856, 1196,  890, 1042],
        [  181,    0,  592,  463,  240,  774,  781,  633,  441,  739,  701,  210, 1055,  306,  513,  793,  840,  341,  639,  597,  710,  281,  721,  347,   45,  713,    0,  308,  448,  429,  410,  764,  771,  537,  764,  569,  355,  349,  237,   73,  695,  733,  856,  711,  595,  834,  553,  685,  544,  380,  135,  638,  892,  596,  250,  190,  755,  797,  661,   24,  311,  237,  634,  191,  727,  441,  775,  172,  535,  621,  649,  667,  411,   75,  393,  698,  390,  526,  691,  397,  706,  144,  689,  192,  782,  209,  299,  734,  713,  378,  668,  540,  513,  311,  594,  301,  517,  374,  394,  934,  157,  270,  335,  762,  469,  287,  614,  687,  388,  711,  643,  843,  655,  728,  895,  659,  926,  597],
        [  257,    0,  324,  532,  521,  467,  574,  333,  277,  541,  394,  146,  905,  149,  286,  488,  606,   49,  345,  760,  536,   71,  590,  189,  353,  895,  308,    0,  670,  474,  452,  457,  465,  727,  457,  627,  442,  251,  138,  376,  530,  425,  780,  757,  651,  722,  658,  616,  359,  488,  409,  341,  764,  618,  384,  226,  514,  493,  368,  323,   57,  490,  326,  465,  486,  182,  524,  269,  274,  523,  352,  442,  386,  234,  611,  390,  617,  242,  445,  213,  655,  273,  411,  127,  543,  319,  152,  437,  737,  144,  361,  627,  520,  372,  535,  525,  369,   88,  505,  829,  335,  391,  485,  691,  557,  541,  654,  411,  222,  721,  691,  708,  840,  716,  755,  353,  779,  302],
        [  413,    0,  818,  304,  237, 1065,  866,  915,  601,  822, 1036,  636,  998,  731,  708, 1079,  957,  716,  902,  194,  764,  607,  712,  778,  425,  274,  448,  670,    0,  341,  344, 1072, 1066,  111, 1095,  351,  291,  792,  662,  440,  741, 1042,  729,  446,  365,  764,  266,  601,  675,  251,  501,  908,  832,  418,  675,  636,  900, 1141,  917,  456,  637,  569,  950,  265,  878,  702,  933,  619,  765,  605,  917,  809,  435,  492,   59, 1022,   58,  911,  858,  826,  587,  400,  910,  600,  918,  354,  726,  991,  481,  787,  976,  290,  409,  344,  536,  150,  615,  755,  243,  831,  589,  696,  207,  654,  274,  167,  399,  904,  821,  501,  402,  806,  218,  545,  853,  999,  889,  869],
        [  270,    0,  510,   62,  395,  770,  526,  624,  295,  481,  769,  517,  689,  592,  398,  780,  618,  521,  604,  326,  424,  403,  379,  641,  442,  464,  429,  474,  341,    0,   23,  784,  772,  330,  820,  155,   83,  683,  536,  474,  402,  758,  448,  293,  181,  454,  193,  289,  347,   96,  551,  612,  520,  167,  673,  560,  564,  873,  614,  450,  423,  650,  676,  367,  543,  427,  598,  569,  465,  269,  620,  476,  112,  418,  301,  748,  320,  696,  528,  678,  294,  293,  593,  470,  580,  222,  590,  684,  287,  616,  695,  157,   91,  122,  208,  283,  283,  558,  100,  539,  581,  691,  162,  358,   95,  341,  191,  587,  681,  282,  225,  484,  419,  301,  534,  738,  570,  578],
        [  249,    0,  496,   81,  385,  755,  523,  609,  280,  479,  752,  495,  698,  570,  384,  766,  614,  500,  589,  341,  423,  382,  383,  619,  423,  480,  410,  452,  344,   23,    0,  769,  757,  341,  803,  177,   71,  661,  514,  456,  401,  742,  462,  315,  203,  463,  212,  300,  337,   95,  533,  597,  529,  188,  652,  538,  557,  856,  600,  431,  402,  633,  659,  354,  536,  409,  591,  548,  450,  273,  605,  468,   98,  397,  302,  731,  321,  676,  519,  656,  308,  273,  581,  448,  574,  202,  568,  671,  308,  594,  679,  177,  106,  101,  216,  277,  274,  537,  102,  551,  561,  671,  156,  371,  112,  334,  213,  575,  659,  303,  247,  492,  433,  319,  542,  720,  577,  563],
        [  677,    0,  284,  845,  964,   43,  492,  160,  490,  495,   96,  583,  836,  521,  389,   61,  440,  429,  184, 1109,  543,  493,  646,  517,  809, 1248,  764,  457, 1072,  784,  769,    0,   36, 1101,   70,  905,  795,  579,  564,  832,  556,   32,  860,  996,  922,  763,  973,  753,  465,  842,  860,  174,  767,  863,  795,  655,  379,  124,  181,  779,  460,  932,  131,  909,  369,  370,  353,  701,  321,  658,  168,  397,  673,  690, 1015,   76, 1027,  301,  345,  487,  804,  705,  237,  580,  397,  726,  529,  138,  956,  442,   99,  933,  781,  732,  716,  942,  526,  405,  856,  854,  773,  795,  868,  801,  879,  971,  909,  244,  507,  927,  945,  714, 1200,  898,  738,  130,  743,  207],
        [  676,    0,  266,  832,  966,    7,  460,  151,  477,  465,  126,  596,  802,  538,  375,   29,  406,  441,  168, 1097,  516,  496,  619,  537,  816, 1235,  771,  465, 1066,  772,  757,   36,    0, 1091,  105,  888,  786,  601,  577,  840,  529,   52,  832,  976,  905,  733,  959,  729,  445,  832,  871,  161,  736,  844,  813,  669,  347,  157,  161,  787,  464,  946,  142,  910,  338,  365,  320,  715,  308,  635,  152,  370,  661,  697, 1010,  102, 1022,  325,  316,  510,  780,  706,  210,  590,  364,  724,  546,  108,  935,  460,  106,  918,  764,  724,  695,  939,  508,  418,  847,  823,  786,  813,  861,  775,  866,  969,  891,  217,  530,  905,  927,  683, 1189,  875,  707,  157,  711,  197],
        [  472,    0,  834,  279,  342, 1090,  846,  941,  617,  802, 1074,  711,  939,  804,  723, 1102,  941,  775,  925,   85,  741,  660,  676,  852,  519,  177,  537,  727,  111,  330,  341, 1101, 1091,    0, 1130,  291,  306,  872,  736,  538,  718, 1072,  662,  361,  299,  710,  196,  554,  676,  260,  603,  931,  777,  362,  773,  720,  893, 1179,  937,  547,  688,  675,  984,  364,  873,  734,  927,  707,  785,  574,  940,  806,  438,  572,  149, 1057,  159,  967,  858,  899,  531,  467,  921,  671,  908,  409,  800, 1009,  401,  853, 1007,  232,  378,  371,  501,  237,  613,  814,  245,  766,  685,  794,  242,  597,  244,  269,  333,  915,  896,  427,  327,  758,  119,  474,  802, 1039,  837,  895],
        [  692,    0,  333,  881,  974,  112,  557,  203,  528,  558,   64,  573,  904,  502,  432,  128,  509,  424,  233, 1143,  604,  501,  705,  491,  809, 1282,  764,  457, 1095,  820,  803,   70,  105, 1130,    0,  947,  825,  550,  551,  829,  616,   75,  921, 1044,  965,  825, 1011,  808,  513,  872,  852,  222,  832,  908,  773,  640,  445,   59,  236,  777,  469,  918,  146,  918,  433,  397,  420,  686,  362,  711,  217,  457,  710,  690, 1037,   74, 1047,  270,  407,  457,  859,  717,  298,  575,  464,  745,  510,  205, 1006,  421,  126,  972,  823,  759,  766,  961,  572,  394,  887,  918,  758,  771,  893,  859,  915,  985,  954,  306,  477,  977,  991,  778, 1233,  950,  803,  106,  810,  247],
        [  421,    0,  623,  107,  486,  886,  573,  747,  421,  532,  900,  671,  650,  746,  516,  894,  672,  673,  722,  248,  468,  556,  392,  795,  575,  371,  569,  627,  351,  155,  177,  905,  888,  291,  947,    0,  215,  837,  690,  606,  445,  881,  379,  142,   27,  420,   97,  264,  446,  192,  682,  731,  487,   72,  816,  711,  637, 1002,  728,  589,  574,  777,  806,  472,  621,  563,  673,  717,  585,  299,  738,  558,  248,  567,  334,  876,  356,  843,  614,  832,  241,  441,  696,  624,  647,  368,  745,  793,  149,  769,  821,   61,  125,  273,  224,  358,  382,  710,  181,  481,  724,  836,  252,  307,  105,  418,   52,  689,  836,  159,   74,  468,  339,  197,  511,  872,  547,  701],
        [  211,    0,  531,  108,  315,  785,  585,  636,  314,  540,  770,  464,  768,  546,  420,  797,  672,  491,  620,  323,  486,  372,  452,  595,  364,  461,  355,  442,  291,   83,   71,  795,  786,  306,  825,  215,    0,  631,  485,  396,  465,  767,  530,  357,  242,  533,  220,  370,  384,   48,  473,  626,  599,  243,  602,  499,  611,  875,  633,  375,  397,  571,  679,  285,  588,  428,  643,  503,  481,  341,  635,  520,  146,  353,  243,  752,  260,  675,  568,  636,  377,  227,  621,  418,  630,  154,  544,  706,  358,  580,  702,  195,  173,   71,  286,  208,  325,  529,   64,  621,  510,  621,   91,  440,  122,  265,  260,  616,  638,  358,  289,  561,  410,  380,  612,  736,  647,  590],
        [  421,    0,  547,  734,  587,  606,  816,  510,  527,  786,  491,  168, 1154,  103,  531,  628,  836,  226,  535,  924,  785,  307,  840,   71,  381, 1048,  349,  251,  792,  683,  661,  579,  601,  872,  550,  837,  631,    0,  148,  382,  780,  551, 1028,  975,  863,  972,  849,  861,  609,  670,  365,  528, 1015,  840,  233,  160,  744,  561,  560,  347,  306,  398,  466,  539,  717,  424,  748,  190,  507,  771,  537,  681,  613,  301,  735,  504,  734,  280,  676,   93,  897,  413,  619,  214,  773,  482,  101,  613,  962,  149,  502,  825,  744,  566,  776,  643,  619,  217,  687, 1080,  253,  227,  646,  937,  752,  635,  872,  621,   74,  949,  907,  958,  991,  951, 1005,  451, 1029,  496],
        [  276,    0,  461,  587,  474,  581,  709,  457,  397,  675,  488,   27, 1034,   71,  421,  602,  743,  141,  474,  783,  666,  173,  711,  117,  278,  911,  237,  138,  662,  536,  514,  564,  577,  736,  551,  690,  485,  148,    0,  290,  658,  533,  891,  828,  716,  841,  704,  721,  488,  525,  302,  470,  888,  694,  248,   93,  652,  577,  499,  243,  182,  370,  436,  422,  623,  319,  662,  139,  412,  635,  480,  578,  468,  174,  604,  491,  605,  296,  583,  165,  756,  272,  546,   68,  681,  338,   65,  563,  815,  143,  472,  679,  598,  419,  635,  512,  489,  160,  542,  948,  210,  254,  505,  798,  606,  512,  725,  546,  160,  804,  760,  832,  854,  806,  880,  445,  907,  432],
        [  245,    0,  664,  501,  213,  842,  851,  703,  511,  809,  765,  264, 1118,  356,  584,  862,  912,  406,  710,  606,  777,  352,  784,  392,   35,  712,   73,  376,  440,  474,  456,  832,  840,  538,  829,  606,  396,  382,  290,    0,  762,  800,  911,  746,  632,  894,  579,  741,  614,  414,   77,  709,  953,  639,  236,  225,  827,  860,  732,   54,  382,  177,  701,  176,  798,  513,  847,  193,  607,  683,  720,  739,  469,  145,  391,  764,  384,  584,  763,  442,  759,  206,  761,  254,  854,  261,  348,  804,  752,  432,  736,  571,  561,  361,  651,  303,  584,  437,  427,  992,  150,  257,  361,  817,  503,  275,  653,  759,  431,  753,  680,  906,  654,  775,  958,  723,  990,  668],
        [  518,    0,  299,  441,  764,  525,  129,  425,  265,   89,  590,  655,  376,  678,  255,  524,  228,  557,  389,  690,   24,  486,   90,  714,  727,  815,  695,  530,  741,  402,  401,  556,  529,  718,  616,  445,  465,  780,  658,  762,    0,  542,  305,  485,  450,  215,  537,  214,  172,  495,  829,  401,  241,  380,  882,  730,  207,  675,  382,  718,  478,  930,  505,  721,  201,  361,  245,  761,  303,  146,  403,  160,  325,  644,  702,  559,  721,  637,  214,  727,  264,  558,  321,  615,  210,  518,  681,  422,  436,  651,  502,  495,  340,  444,  221,  672,  179,  575,  501,  317,  807,  895,  554,  247,  475,  726,  425,  313,  740,  403,  454,  183,  782,  363,  226,  579,  250,  393],
        [  646,    0,  262,  819,  933,   58,  484,  135,  464,  484,   77,  552,  833,  491,  365,   80,  438,  398,  162, 1082,  530,  461,  631,  488,  778, 1221,  733,  425, 1042,  758,  742,   32,   52, 1072,   75,  881,  767,  551,  533,  800,  542,    0,  847,  974,  898,  751,  947,  735,  443,  814,  829,  151,  758,  840,  765,  624,  372,  133,  162,  748,  429,  902,  100,  878,  359,  341,  348,  670,  296,  639,  146,  382,  647,  658,  986,   50,  997,  274,  333,  459,  786,  674,  224,  548,  391,  696,  499,  132,  935,  412,   68,  907,  756,  703,  695,  912,  503,  374,  829,  844,  742,  765,  839,  785,  853,  940,  886,  231,  479,  906,  922,  703, 1173,  878,  730,  105,  737,  180],
        [  679,    0,  601,  447,  840,  827,  386,  730,  505,  370,  895,  881,  282,  926,  538,  825,  475,  816,  693,  603,  317,  722,  218,  969,  877,  694,  856,  780,  729,  448,  462,  860,  832,  662,  921,  379,  530, 1028,  891,  911,  305,  847,    0,  321,  365,  106,  468,  173,  446,  534,  986,  706,  147,  313, 1082,  945,  494,  979,  687,  879,  724, 1088,  809,  814,  497,  636,  529,  967,  598,  258,  708,  465,  447,  827,  710,  864,  732,  927,  516,  990,  154,  713,  624,  835,  487,  651,  928,  724,  270,  916,  807,  439,  358,  551,  264,  720,  415,  842,  530,  105,  996, 1099,  602,   95,  467,  780,  331,  617, 1001,  239,  336,  170,  681,  189,  183,  883,  210,  696],
        [  562,    0,  713,  249,  614,  973,  608,  842,  529,  573, 1001,  809,  602,  882,  613,  978,  708,  803,  813,  290,  507,  687,  412,  930,  716,  374,  711,  757,  446,  293,  315,  996,  976,  361, 1044,  142,  357,  975,  828,  746,  485,  974,  321,    0,  116,  393,  186,  275,  532,  333,  822,  823,  455,  142,  958,  852,  690, 1100,  816,  730,  703,  916,  908,  606,  680,  675,  728,  859,  683,  348,  829,  623,  372,  708,  445,  975,  465,  964,  681,  966,  230,  582,  774,  762,  695,  510,  881,  875,   54,  900,  919,  179,  238,  414,  282,  485,  472,  838,  320,  424,  866,  978,  389,  280,  243,  543,  104,  767,  970,   89,   69,  453,  362,  139,  486,  977,  519,  798],
        [  447,    0,  639,  134,  508,  902,  578,  764,  441,  539,  919,  697,  640,  772,  534,  909,  678,  698,  738,  250,  473,  580,  393,  820,  601,  366,  595,  651,  365,  181,  203,  922,  905,  299,  965,   27,  242,  863,  716,  632,  450,  898,  365,  116,    0,  412,  104,  261,  461,  218,  708,  748,  479,   71,  843,  738,  646, 1020,  744,  615,  598,  803,  825,  496,  631,  584,  683,  744,  603,  305,  755,  569,  270,  593,  352,  894,  374,  866,  626,  857,  234,  467,  710,  650,  655,  395,  770,  808,  126,  794,  839,   77,  143,  299,  230,  381,  398,  734,  206,  469,  751,  862,  277,  298,  130,  440,   35,  703,  861,  139,   48,  463,  338,  180,  505,  891,  540,  719],
        [  653,    0,  513,  467,  847,  728,  282,  638,  446,  269,  802,  833,  236,  869,  462,  725,  369,  754,  601,  660,  222,  669,  135,  909,  859,  763,  834,  722,  764,  454,  463,  763,  733,  710,  825,  420,  533,  972,  841,  894,  215,  751,  106,  393,  412,    0,  515,  166,  372,  546,  966,  614,   68,  349, 1047,  903,  392,  883,  592,  857,  666, 1069,  718,  815,  396,  565,  425,  928,  516,  213,  615,  370,  426,  795,  738,  770,  759,  849,  419,  927,  179,  690,  527,  789,  383,  634,  872,  626,  340,  851,  714,  480,  367,  541,  249,  735,  353,  776,  545,  108,  965, 1062,  614,  116,  493,  794,  379,  520,  939,  306,  393,   65,  744,  255,   94,  793,  129,  607],
        [  429,    0,  694,  131,  432,  957,  665,  813,  484,  624,  961,  682,  743,  765,  585,  966,  763,  706,  791,  154,  560,  588,  487,  814,  552,  283,  553,  658,  266,  193,  212,  973,  959,  196, 1011,   97,  220,  849,  704,  579,  537,  947,  468,  186,  104,  515,    0,  360,  523,  180,  654,  800,  582,  168,  802,  713,  724, 1064,  800,  571,  610,  744,  867,  428,  707,  619,  760,  713,  652,  391,  807,  642,  302,  564,  260,  939,  280,  886,  697,  855,  336,  440,  773,  637,  735,  369,  763,  867,  216,  797,  885,   43,  203,  289,  316,  303,  458,  744,  164,  571,  710,  823,  220,  401,  102,  359,  138,  766,  857,  236,  137,  564,  246,  281,  607,  930,  642,  767],
        [  507,    0,  476,  302,  684,  725,  334,  608,  344,  300,  773,  710,  401,  759,  395,  727,  434,  654,  575,  510,  235,  554,  138,  803,  707,  624,  685,  616,  601,  289,  300,  753,  729,  554,  808,  264,  370,  861,  721,  741,  214,  735,  173,  275,  261,  166,  360,    0,  303,  381,  816,  587,  233,  193,  910,  773,  421,  866,  573,  708,  559,  918,  683,  654,  413,  484,  458,  794,  461,  100,  591,  363,  275,  654,  574,  744,  595,  779,  420,  827,   52,  541,  521,  664,  423,  481,  761,  624,  224,  754,  687,  323,  202,  383,   92,  570,  260,  682,  380,  252,  824,  926,  449,   78,  329,  629,  230,  514,  837,  190,  253,  206,  598,  150,  252,  756,  288,  569],
        [  376,    0,  181,  402,  649,  442,  238,  311,  104,  197,  474,  486,  547,  507,   94,  449,  304,  386,  282,  669,  179,  316,  237,  543,  580,  804,  544,  359,  675,  347,  337,  465,  445,  676,  513,  446,  384,  609,  488,  614,  172,  443,  446,  532,  461,  372,  523,  303,    0,  425,  676,  292,  408,  399,  716,  562,  231,  570,  285,  567,  307,  776,  382,  600,  206,  194,  261,  595,  158,  204,  298,  138,  241,  487,  626,  446,  643,  482,  184,  558,  353,  416,  251,  447,  253,  391,  510,  348,  493,  482,  389,  481,  323,  341,  253,  577,   65,  406,  436,  479,  645,  728,  472,  366,  438,  624,  446,  244,  571,  465,  482,  351,  762,  440,  396,  454,  421,  269],
        [  249,    0,  576,   91,  307,  831,  617,  682,  358,  572,  817,  503,  782,  587,  465,  843,  707,  536,  666,  276,  517,  418,  474,  637,  384,  414,  380,  488,  251,   96,   95,  842,  832,  260,  872,  192,   48,  670,  525,  414,  495,  814,  534,  333,  218,  546,  180,  381,  425,    0,  490,  672,  613,  233,  628,  534,  649,  922,  678,  399,  443,  586,  727,  285,  627,  475,  682,  535,  527,  364,  681,  559,  185,  385,  208,  799,  227,  722,  608,  679,  381,  261,  665,  458,  667,  189,  585,  751,  340,  624,  749,  161,  180,  118,  303,  189,  364,  575,   18,  628,  536,  648,   69,  447,   90,  249,  241,  659,  679,  344,  266,  579,  362,  372,  628,  783,  664,  636],
        [  315,    0,  713,  577,  267,  874,  913,  740,  573,  872,  788,  279, 1189,  360,  640,  895,  970,  432,  750,  673,  844,  396,  855,  389,  110,  774,  135,  409,  501,  551,  533,  860,  871,  603,  852,  682,  473,  365,  302,   77,  829,  829,  986,  822,  708,  966,  654,  816,  676,  490,    0,  748, 1026,  715,  180,  220,  884,  878,  773,  112,  424,  103,  731,  240,  855,  562,  902,  179,  657,  755,  759,  797,  542,  193,  455,  790,  446,  596,  818,  437,  835,  277,  808,  282,  911,  336,  352,  844,  829,  441,  766,  646,  637,  437,  725,  370,  651,  458,  502, 1066,  114,  201,  436,  892,  579,  335,  730,  806,  424,  830,  756,  977,  717,  851, 1029,  746, 1061,  708],
        [  526,    0,  112,  672,  818,  159,  363,   26,  317,  354,  189,  483,  721,  446,  216,  172,  341,  330,   14,  937,  392,  358,  489,  458,  682, 1076,  638,  341,  908,  612,  597,  174,  161,  931,  222,  731,  626,  528,  470,  709,  401,  151,  706,  823,  748,  614,  800,  587,  292,  672,  748,    0,  628,  689,  715,  562,  258,  280,   34,  656,  328,  831,  108,  763,  238,  210,  246,  607,  148,  490,   12,  245,  501,  565,  853,  158,  865,  288,  204,  445,  638,  558,  106,  468,  284,  570,  453,   97,  785,  380,  102,  759,  607,  565,  545,  784,  352,  319,  687,  712,  675,  719,  702,  640,  706,  817,  735,  111,  463,  756,  772,  572, 1029,  729,  603,  181,  614,   42],
