{
    "name": "random-91-542",
    "comment": "size=91 seed=542",
    "nodes": ["+0", "-0", "+1", "-1", "+2", "-2", "+3", "-3", "+4", "-4", "+5", "-5", "+6", "-6", "+7", "-7", "+8", "-8", "+9", "-9", "+10", "-10", "+11", "-11", "+12", "-12", "+13", "-13", "+14", "-14", "+15", "-15", "+16", "-16", "+17", "-17", "+18", "-18", "+19", "-19", "+20", "-20", "+21", "-21", "+22", "-22", "+23", "-23", "+24", "-24", "+25", "-25", "+26", "-26", "+27", "-27", "+28", "-28", "+29", "-29", "+30", "-30", "+31", "-31", "+32", "-32", "+33", "-33", "+34", "-34", "+35", "-35", "+36", "-36", "+37", "-37", "+38", "-38", "+39", "-39", "+40", "-40", "+41", "-41", "+42", "-42", "+43", "-43", "+44", "-44", "+45", "-45", "+46", "-46", "+47", "-47", "+48", "-48", "+49", "-49", "+50", "-50", "+51", "-51", "+52", "-52", "+53", "-53", "+54", "-54", "+55", "-55", "+56", "-56", "+57", "-57", "+58", "-58", "+59", "-59", "+60", "-60", "+61", "-61", "+62", "-62", "+63", "-63", "+64", "-64", "+65", "-65", "+66", "-66", "+67", "-67", "+68", "-68", "+69", "-69", "+70", "-70", "+71", "-71", "+72", "-72", "+73", "-73", "+74", "-74", "+75", "-75", "+76", "-76", "+77", "-77", "+78", "-78", "+79", "-79", "+80", "-80", "+81", "-81", "+82", "-82", "+83", "-83", "+84", "-84", "+85", "-85", "+86", "-86", "+87", "-87", "+88", "-88", "+89", "-89", "+90", "-90", "+91", "-91"],
    "precedence": {
        "+0": "-0",
        "+1": "-1",
        "+2": "-2",
        "+3": "-3",
        "+4": "-4",
        "+5": "-5",
        "+6": "-6",
        "+7": "-7",
        "+8": "-8",
        "+9": "-9",
        "+10": "-10",
        "+11": "-11",
        "+12": "-12",
        "+13": "-13",
        "+14": "-14",
        "+15": "-15",
        "+16": "-16",
        "+17": "-17",
        "+18": "-18",
        "+19": "-19",
        "+20": "-20",
        "+21": "-21",
        "+22": "-22",
        "+23": "-23",
        "+24": "-24",
        "+25": "-25",
        "+26": "-26",
        "+27": "-27",
        "+28": "-28",
        "+29": "-29",
        "+30": "-30",
        "+31": "-31",
        "+32": "-32",
        "+33": "-33",
        "+34": "-34",
        "+35": "-35",
        "+36": "-36",
        "+37": "-37",
        "+38": "-38",
        "+39": "-39",
        "+40": "-40",
        "+41": "-41",
        "+42": "-42",
        "+43": "-43",
        "+44": "-44",
        "+45": "-45",
        "+46": "-46",
        "+47": "-47",
        "+48": "-48",
        "+49": "-49",
        "+50": "-50",
        "+51": "-51",
        "+52": "-52",
        "+53": "-53",
        "+54": "-54",
        "+55": "-55",
        "+56": "-56",
        "+57": "-57",
        "+58": "-58",
        "+59": "-59",
        "+60": "-60",
        "+61": "-61",
        "+62": "-62",
        "+63": "-63",
        "+64": "-64",
        "+65": "-65",
        "+66": "-66",
        "+67": "-67",
        "+68": "-68",
        "+69": "-69",
        "+70": "-70",
        "+71": "-71",
        "+72": "-72",
        "+73": "-73",
        "+74": "-74",
        "+75": "-75",
        "+76": "-76",
        "+77": "-77",
        "+78": "-78",
        "+79": "-79",
        "+80": "-80",
        "+81": "-81",
        "+82": "-82",
        "+83": "-83",
        "+84": "-84",
        "+85": "-85",
        "+86": "-86",
        "+87": "-87",
        "+88": "-88",
        "+89": "-89",
        "+90": "-90",
        "+91": "-91"
    },
    "edges": [
        [    0,    0,  335,  493,  904,  623,  155, 1018,  510,  394,  975,  492,  337,  834,  753,  506,  570,  560,  125,  856,  332,  383,  543,  399,  858,  358, 1018,  360,  844,  887,  336,  785,  610,  413,  510,  240,  808,  811,  220,  872,  584,  397,  274,  768,  289,  244,  417,  451,  721,  490,  480,  759,  184,  301,  259,  236, 1019,  472,  836,  128,  213,  399,  408,  219,  463,  572,  358,  134,  865,  543,  883,  184,  324,  315,  462,  656,  101,  338,  293,  871,  651,  305,  218,  466,  776,  981,  771,  804,  929,  107,   79,  358,  604,  472,  138,  487,  416,  710,  688,  880,  524,  215,  876,  452,  227,  486,  329, 1007,  423,  261,  788, 1052,  740,  687,  225,  680,  852,  827,  235, 1078,  815,  590,  319,  815,  290,  777,  626,  930,  140,  759,  585,  493,  344,  682,  554,  840, 1039,  653,  488,  955,  524,  785,  427,  234,  426,  903,  853,  528,  962,  162,  583,  455,    5,  589,  937,  783,  584,  650,  286,  417,  709,  673, 1017,    9,  957,  791,  216,  626,  591,  629,  876,  351,  761,  744,  371,  339,  965,  131,  747,  154,  264,  357,  568,  329],
        [    0,    0,    0,    0,    0,    0,    0,    0,    0,    0,    0,    0,    0,    0,    0,    0,    0,    0,    0,    0,    0,    0,    0,    0,    0,    0,    0,    0,    0,    0,    0,    0,    0,    0,    0,    0,    0,    0,    0,    0,    0,    0,    0,    0,    0,    0,    0,    0,    0,    0,    0,    0,    0,    0,    0,    0,    0,    0,    0,    0,    0,    0,    0,    0,    0,    0,    0,    0,    0,    0,    0,    0,    0,    0,    0,    0,    0,    0,    0,    0,    0,    0,    0,    0,    0,    0,    0,    0,    0,    0,    0,    0,    0,    0,    0,    0,    0,    0,    0,    0,    0,    0,    0,    0,    0,    0,    0,    0,    0,    0,    0,    0,    0,    0,    0,    0,    0,    0,    0,    0,    0,    0,    0,    0,    0,    0,    0,    0,    0,    0,    0,    0,    0,    0,    0,    0,    0,    0,    0,    0,    0,    0,    0,    0,    0,    0,    0,    0,    0,    0,    0,    0,    0,    0,    0,    0,    0,    0,    0,    0,    0,    0,    0,    0,    0,    0,    0,    0,    0,    0,    0,    0,    0,    0,    0,    0,    0,    0,    0,    0,    0,    0,    0,    0],
        [  335,    0,    0,  353,  988,  572,  214,  867,  573,  501, 1104,  177,  572,  606,  633,  421,  471,  533,  385,  870,  664,  698,  539,  537,  997,  692,  838,  330,  983,  678,  505,  938,  506,  505,  380,  548,  927,  922,  550,  724,  578,  135,  601,  620,  386,  397,  115,  410,  549,  421,  613,  591,  175,  596,  411,  171,  919,  472,  874,  462,  511,  537,  705,  170,  130,  806,  688,  236, 1017,  221,  892,  479,  128,   45,  395,  668,  237,  609,  128,  980,  348,  603,  454,  207,  763,  926,  928,  612,  908,  388,  338,  687,  592,  269,  408,  726,  671,  847,  632, 1017,  199,  516,  724,  135,  396,  156,  588, 1111,  119,  410,  953,  886,  475,  824,  291,  801,  726,  858,  221,  889,  588,  436,  344,  838,  454,  770,  397,  874,  442,  494,  475,  158,  174,  459,  452,  610,  874,  832,  194,  890,  751,  699,  162,  542,  339,  898,  789,  333,  885,  349,  364,  607,  339,  259,  917,  618,  375,  719,   50,  209,  808,  749, 1137,  338,  871,  692,  233,  454,  257,  590,  784,   68,  657,  521,  457,  644, 1094,  362,  657,  184,   87,  540,  497,   49],
        [  493,    0,  353,    0,  688,  231,  348,  537,  318,  323,  828,  472,  498,  353,  285,   89,  120,  212,  440,  537,  734,  707,  234,  372,  737,  767,  527,  156,  724,  396,  389,  695,  153,  308,   28,  579,  657,  645,  629,  389,  264,  227,  659,  283,  284,  341,  272,  131,  228,  103,  412,  268,  337,  594,  343,  277,  570,  198,  552,  580,  540,  373,  678,  296,  353,  670,  744,  364,  766,  488,  556,  516,  235,  393,   97,  351,  443,  569,  253,  697,  312,  602,  439,  187,  424,  574,  690,  312,  562,  460,  436,  739,  270,  103,  456,  612,  590,  601,  285,  753,  466,  548,  392,  442,  357,  337,  538,  816,  272,  339,  721,  565,  305,  581,  279,  547,  381,  534,  260,  586,  333,   98,  212,  512,  364,  433,  173,  522,  506,  320,  123,  395,  189,  210,  102,  359,  552,  630,  244,  537,  617,  347,  214,  574,   80,  556,  436,   82,  532,  374,  135,  428,  496,  375,  570,  293,  123,  435,  355,  148,  535,  466,  853,  490,  519,  340,  278,  133,  410,  253,  432,  420,  306,  266,  284,  645,  820,  412,  304,  418,  321,  423,  155,  306],
        [  904,    0,  988,  688,    0,  469,  851,  670,  419,  517,  167, 1142,  606,  827,  559,  600,  583,  477,  781,  210,  883,  773,  459,  505,  162,  906,  751,  659,  163,  786,  569,  213,  572,  503,  665,  771,  126,  109,  854,  624,  426,  893,  835,  620,  637,  665,  943,  586,  679,  590,  424,  669,  872,  722,  649,  836,  530,  519,  158,  888,  760,  506,  702,  847, 1030,  487,  866,  848,  200, 1167,  218,  767,  862, 1015,  609,  339,  933,  658,  861,   72,  981,  728,  695,  872,  309,  396,  228,  727,  296,  802,  827,  857,  419,  790,  773,  529,  592,  223,  442,  157, 1144,  765,  635, 1106,  679, 1019,  642,  129,  944,  648,  247,  725,  903,  239,  733,  231,  568,  180,  787,  800,  818,  670,  653,  205,  614,  296,  805,  391,  799,  908,  594, 1074,  820,  791,  597,  833,  715,  331,  930,  419,  488,  475,  890,  772,  663,  254,  414,  759,  454,  748,  789,  452,  904, 1062,  295,  662,  770,  271,  966,  819,  196,  241,  175,  896,  475,  506,  786,  692, 1098,  445,  484, 1053,  521,  798,  552,  739,  164,  774,  493,  946,  920,  554,  538,  941],
        [  623,    0,  572,  231,  469,    0,  507,  426,  201,  291,  620,  702,  488,  405,  170,  152,  116,   68,  531,  306,  776,  714,   98,  329,  543,  808,  457,  274,  531,  398,  382,  516,  104,  266,  205,  621,  460,  444,  691,  294,   81,  455,  705,  219,  343,  401,  501,  178,  241,  153,  319,  250,  511,  611,  392,  457,  399,  155,  325,  672,  589,  330,  665,  474,  584,  578,  777,  515,  577,  719,  325,  575,  446,  608,  182,  135,  604,  565,  457,  488,  512,  620,  487,  418,  194,  366,  515,  316,  337,  554,  550,  770,   69,  334,  537,  547,  554,  428,   66,  556,  697,  597,  302,  671,  420,  567,  535,  598,  502,  389,  548,  472,  444,  412,  401,  373,  254,  306,  421,  520,  391,  201,  304,  283,  388,  202,  337,  314,  583,  452,  125,  626,  400,  331,  132,  412,  457,  490,  474,  335,  534,  166,  444,  619,  236,  327,  232,  294,  341,  470,  320,  351,  625,  598,  345,  258,  301,  245,  564,  375,  344,  273,  640,  617,  335,  179,  430,  227,  636,   25,  256,  639,  158,  351,  282,  655,  613,  508,  134,  595,  524,  401,   77,  524],
        [  155,    0,  214,  348,  851,  507,    0,  881,  436,  337,  946,  388,  364,  682,  620,  374,  437,  450,  171,  770,  462,  486,  441,  361,  833,  492,  875,  234,  819,  737,  314,  767,  478,  349,  368,  336,  772,  770,  347,  734,  483,  247,  394,  628,  216,  203,  273,  330,  576,  362,  442,  615,   40,  383,  219,   82,  896,  368,  760,  269,  298,  360,  491,   65,  333,  603,  484,   24,  847,  435,  796,  266,  172,  211,  333,  565,   99,  396,  141,  830,  500,  389,  243,  312,  679,  871,  755,  656,  831,  177,  129,  481,  501,  319,  195,  521,  461,  681,  572,  854,  413,  304,  737,  346,  196,  350,  376,  965,  279,  219,  776,  912,  586,  658,  119,  642,  719,  749,   90,  933,  663,  446,  210,  733,  261,  682,  472,  820,  232,  605,  451,  368,  190,  529,  420,  688,  899,  648,  338,  841,  549,  662,  276,  330,  289,  811,  739,  376,  845,  139,  430,  428,  159,  451,  839,  640,  432,  584,  168,  262,  660,  612,  984,  154,  837,  664,   77,  479,  458,  518,  753,  253,  633,  592,  300,  431,  936,  148,  622,   95,  130,  346,  443,  193],
        [ 1018,    0,  867,  537,  670,  426,  881,    0,  618,  717,  835,  933,  913,  322,  268,  513,  450,  492,  942,  464, 1201, 1139,  523,  753,  811, 1233,   94,  660,  805,  237,  807,  822,  409,  691,  514, 1045,  735,  713, 1113,  148,  497,  733, 1129,  254,  758,  818,  762,  573,  319,  531,  732,  277,  872, 1037,  812,  813,  160,  575,  523, 1086, 1012,  754, 1087,  832,  818,  972, 1202,  896,  851,  927,  453,  996,  764,  911,  558,  487,  978,  990,  786,  726,  625, 1045,  909,  664,  404,  288,  828,  265,  378,  965,  952, 1195,  478,  600,  952,  956,  973,  757,  374,  815,  911, 1020,  145,  918,  837,  789,  959,  772,  759,  808,  860,   56,  474,  751,  795,  711,  173,  505,  792,  132,  330,  441,  705,  484,  812,  415,  482,  281, 1000,  464,  433,  847,  721,  423,  465,  323,   46,  853,  698,  255,  936,  270,  707, 1042,  594,  417,  271,  535,  219,  878,  506,  766, 1021,  761,  380,  250,  493,  594,  880,  663,  662,  607,  830, 1014,  197,  249,  808,  415,  803,  432,  203,  928,  269,  373,  706, 1080,  832,  917,  293,  954,  852,  826,  458,  825],
        [  510,    0,  573,  318,  419,  201,  436,  618,    0,  121,  533,  733,  299,  592,  371,  236,  258,  146,  397,  347,  597,  524,  110,  141,  431,  628,  656,  245,  417,  595,  205,  382,  276,   98,  302,  449,  357,  350,  526,  493,  123,  488,  530,  419,  225,  267,  539,  191,  429,  216,  118,  445,  455,  427,  253,  418,  564,  121,  328,  527,  422,  142,  470,  429,  626,  381,  594,  435,  456,  763,  374,  415,  448,  597,  223,  156,  523,  375,  445,  407,  630,  435,  329,  483,  279,  493,  375,  510,  427,  420,  432,  586,  141,  407,  396,  346,  356,  288,  245,  449,  739,  429,  502,  695,  285,  620,  346,  539,  541,  251,  405,  667,  601,  266,  318,  236,  450,  318,  369,  719,  576,  347,  234,  306,  230,  277,  476,  447,  434,  613,  278,  671,  409,  491,  261,  600,  653,  315,  541,  476,  334,  350,  491,  447,  266,  397,  385,  398,  493,  349,  445,  150,  511,  680,  434,  456,  430,  149,  548,  421,  236,  178,  565,  503,  495,  371,  368,  384,  711,  189,  431,  636,  355,  526,  141,  467,  524,  382,  327,  531,  501,  214,  215,  526],
        [  394,    0,  501,  323,  517,  291,  337,  717,  121,    0,  611,  671,  199,  645,  457,  262,  307,  225,  278,  465,  487,  425,  194,   50,  500,  519,  745,  198,  486,  663,   92,  438,  337,   26,  317,  334,  436,  434,  409,  583,  224,  440,  417,  497,  122,  150,  489,  196,  488,  238,  112,  513,  361,  320,  135,  335,  676,  152,  442,  407,  306,   51,  379,  342,  575,  349,  487,  332,  517,  707,  493,  297,  386,  519,  230,  275,  416,  276,  375,  494,  623,  329,  209,  453,  398,  612,  427,  575,  547,  301,  316,  479,  245,  391,  276,  290,  276,  348,  346,  520,  683,  313,  590,  631,  167,  575,  245,  629,  493,  134,  452,  762,  626,  325,  221,  306,  545,  435,  284,  808,  627,  382,  161,  424,  110,  397,  494,  564,  314,  640,  329,  620,  355,  523,  302,  652,  748,  335,  509,  592,  295,  453,  450,  332,  251,  516,  498,  402,  607,  234,  457,  113,  394,  649,  554,  528,  445,  257,  469,  386,  324,  281,  648,  386,  608,  469,  278,  423,  675,  286,  539,  560,  448,  569,   47,  365,  601,  264,  424,  431,  422,  112,  276,  458],
        [  975,    0, 1104,  828,  167,  620,  946,  835,  533,  611,    0, 1266,  652,  991,  723,  740,  730,  617,  850,  377,  896,  779,  595,  587,  118,  915,  917,  777,  132,  952,  643,  195,  724,  603,  806,  808,  177,  185,  888,  791,  566, 1020,  860,  784,  732,  748, 1070,  715,  840,  727,  504,  832,  972,  751,  732,  943,  691,  645,  324,  938,  805,  587,  707,  951, 1158,  476,  874,  939,  124, 1295,  384,  818,  981, 1126,  742,  486, 1018,  688,  976,  133, 1130,  755,  759, 1007,  473,  556,  211,  891,  459,  869,  901,  865,  564,  927,  839,  540,  612,  267,  600,   97, 1271,  808,  802, 1228,  760, 1150,  679,   87, 1072,  732,  207,  890, 1060,  290,  832,  305,  735,  345,  892,  966,  981,  820,  761,  370,  693,  460,  956,  555,  855, 1066,  743, 1203,  942,  948,  743,  997,  880,  337, 1066,  582,  495,  640, 1020,  810,  793,  419,  581,  903,  618,  829,  937,  523,  974, 1201,  457,  826,  919,  395, 1076,  949,  298,  364,   49,  967,  639,  671,  888,  846, 1235,  596,  651, 1166,  685,  958,  652,  757,   11,  849,  656, 1039, 1029,  619,  684, 1058],
        [  492,    0,  177,  472, 1142,  702,  388,  933,  733,  671, 1266,    0,  748,  636,  729,  553,  591,  673,  557, 1007,  823,  866,  685,  709, 1162,  849,  887,  489, 1148,  718,  680, 1106,  620,  673,  499,  717, 1089, 1082,  710,  800,  722,  250,  764,  703,  560,  573,  202,  557,  624,  558,  783,  664,  349,  768,  587,  346, 1010,  624, 1018,  619,  681,  709,  877,  347,  121,  982,  849,  409, 1183,   52, 1026,  649,  287,  180,  535,  812,  392,  784,  297, 1139,  331,  774,  629,  289,  895, 1036, 1096,  669, 1033,  558,  507,  849,  733,  372,  580,  903,  847, 1013,  756, 1181,   40,  686,  797,   43,  572,  145,  763, 1267,  201,  586, 1122,  942,  485,  990,  467,  965,  812, 1001,  396,  930,  621,  534,  511,  979,  630,  903,  452,  986,  611,  502,  590,   87,  324,  510,  573,  638,  932, 1005,  241,  997,  927,  807,  259,  711,  481, 1028,  900,  425,  987,  525,  434,  779,  496,  195, 1041,  691,  450,  875,  221,  328,  968,  906, 1297,  496,  970,  794,  408,  540,  165,  723,  884,  142,  759,  564,  626,  815, 1256,  535,  765,  339,  263,  716,  626,  214],
        [  337,    0,  572,  498,  606,  488,  364,  913,  299,  199,  652,  748,    0,  837,  655,  451,  502,  423,  217,  614,  302,  227,  390,  160,  534,  331,  943,  350,  521,  859,  112,  458,  534,  224,  499,  166,  496,  503,  249,  781,  417,  554,  239,  695,  222,  183,  597,  383,  683,  428,  205,  710,  401,  130,  172,  405,  862,  349,  577,  287,  155,  159,  183,  402,  675,  241,  296,  347,  537,  792,  642,  167,  485,  574,  414,  451,  403,   78,  463,  562,  775,  138,  126,  590,  570,  785,  443,  771,  709,  230,  273,  288,  437,  545,  199,  158,  101,  393,  540,  556,  769,  159,  788,  706,  178,  683,   47,  694,  602,  175,  456,  959,  802,  372,  289,  376,  742,  575,  359, 1006,  818,  571,  296,  571,  138,  566,  670,  741,  206,  818,  523,  716,  469,  706,  496,  844,  945,  321,  638,  771,  190,  646,  573,  167,  420,  672,  683,  571,  790,  226,  630,  169,  335,  773,  715,  726,  620,  392,  529,  522,  417,  405,  697,  329,  793,  665,  344,  612,  791,  481,  729,  616,  645,  756,  222,  169,  641,  227,  620,  440,  485,   88,  473,  539],
        [  834,    0,  606,  353,  827,  405,  682,  322,  592,  645,  991,  636,  837,    0,  268,  386,  340,  447,  792,  624, 1086, 1054,  483,  692,  931, 1118,  257,  507,  921,   87,  725,  915,  317,  624,  344,  930,  848,  829,  981,  234,  483,  478, 1011,  207,  633,  691,  493,  454,  165,  409,  708,  161,  662,  941,  692,  603,  446,  496,  669,  929,  892,  694, 1019,  622,  530,  972, 1096,  702,  968,  623,  627,  868,  530,  651,  424,  530,  770,  911,  559,  863,  313,  950,  789,  401,  519,  532,  915,  100,  583,  811,  784, 1090,  473,  366,  808,  930,  921,  829,  400,  942,  610,  900,  225,  628,  708,  498,  879,  950,  489,  688,  948,  316,  156,  815,  630,  775,  280,  648,  600,  295,   20,  268,  563,  623,  708,  532,  214,  497,  858,  145,  319,  551,  497,  154,  343,    8,  308,  894,  418,  489,  924,  354,  447,  926,  431,  605,  432,  307,  462,  726,  254,  734,  838,  453,  589,  165,  251,  646,  631,  427,  741,  671, 1000,  832,  439,  324,  620,  226,  493,  426,  375,  659,  306,   91,  615,  991,  985,  763,  335,  734,  616,  755,  379,  573],
        [  753,    0,  633,  285,  559,  170,  620,  268,  371,  457,  723,  729,  655,  268,    0,  248,  184,  233,  675,  359,  938,  881,  267,  497,  665,  970,  288,  394,  655,  240,  547,  653,  144,  432,  259,  781,  582,  562,  847,  126,  250,  502,  865,   62,  491,  551,  539,  306,  129,  264,  489,  111,  615,  776,  545,  556,  287,  311,  402,  819,  747,  499,  834,  575,  609,  745,  940,  633,  702,  735,  366,  730,  518,  675,  292,  273,  718,  732,  537,  595,  470,  784,  643,  443,  251,  313,  655,  169,  335,  698,  686,  933,  233,  367,  685,  716,  724,  571,  140,  675,  715,  755,  134,  706,  570,  585,  701,  683,  538,  542,  688,  308,  357,  559,  529,  518,   99,  381,  531,  352,  259,  199,  438,  355,  547,  264,  293,  266,  733,  359,  170,  645,  473,  257,  201,  275,  294,  647,  489,  271,  702,   93,  481,  778,  332,  348,  185,  306,  258,  611,  299,  521,  756,  586,  342,  104,  282,  390,  638,  425,  480,  412,  733,  748,  242,   69,  545,  190,  628,  184,  155,  698,   40,  245,  442,  821,  717,  650,   67,  698,  605,  568,  191,  588],
        [  506,    0,  421,   89,  600,  152,  374,  513,  236,  262,  740,  553,  451,  386,  248,    0,   64,  124,  433,  455,  711,  670,  146,  310,  649,  743,  520,  147,  637,  412,  340,  609,  105,  242,   69,  553,  569,  557,  612,  367,  175,  304,  636,  266,  255,  316,  351,   69,  236,   24,  339,  267,  372,  559,  313,  315,  523,  120,  467,  576,  517,  311,  633,  333,  436,  601,  717,  386,  679,  572,  475,  496,  296,  458,   45,  263,  472,  526,  308,  608,  397,  567,  412,  273,  344,  510,  604,  324,  488,  455,  439,  711,  183,  190,  445,  550,  537,  516,  212,  666,  550,  525,  372,  521,  334,  422,  494,  728,  352,  310,  635,  549,  370,  496,  282,  461,  347,  449,  285,  581,  368,  121,  194,  427,  325,  352,  242,  458,  493,  383,   82,  479,  249,  263,   50,  393,  536,  550,  331,  476,  550,  290,  295,  550,   89,  478,  373,  166,  476,  367,  210,  359,  508,  463,  496,  288,  195,  346,  415,  225,  447,  377,  765,  501,  466,  291,  298,  162,  498,  171,  381,  488,  259,  307,  230,  608,  731,  406,  249,  456,  376,  370,   76,  373],
        [  570,    0,  471,  120,  583,  116,  437,  450,  258,  307,  730,  591,  502,  340,  184,   64,    0,  120,  495,  421,  769,  724,  153,  353,  647,  802,  457,  211,  635,  357,  390,  614,   41,  285,   93,  612,  565,  551,  673,  304,  168,  347,  695,  203,  315,  376,  391,  127,  182,   83,  370,  209,  433,  614,  372,  376,  461,  157,  440,  639,  576,  355,  684,  394,  472,  634,  775,  450,  679,  606,  438,  557,  349,  510,  109,  245,  535,  578,  364,  598,  400,  623,  472,  305,  306,  456,  611,  269,  442,  518,  503,  768,  167,  221,  507,  590,  583,  522,  166,  662,  585,  584,  309,  562,  395,  454,  546,  711,  392,  369,  643,  486,  347,  504,  346,  467,  283,  421,  348,  520,  323,   93,  257,  398,  381,  315,  229,  404,  555,  358,   22,  513,  302,  235,   20,  347,  472,  569,  360,  420,  585,  232,  334,  608,  149,  437,  318,  179,  418,  430,  207,  394,  572,  483,  450,  228,  189,  344,  469,  267,  445,  374,  752,  565,  407,  229,  362,  128,  521,  139,  320,  538,  196,  269,  281,  662,  723,  469,  190,  517,  432,  418,   47,  423],
        [  560,    0,  533,  212,  477,   68,  450,  492,  146,  225,  617,  673,  423,  447,  233,  124,  120,    0,  465,  338,  709,  649,   37,  265,  530,  741,  521,  219,  518,  450,  316,  495,  131,  200,  190,  554,  449,  436,  624,  358,   52,  423,  638,  276,  277,  334,  472,  125,  283,  116,  263,  300,  456,  545,  326,  406,  464,   89,  345,  606,  522,  266,  602,  421,  557,  526,  711,  456,  561,  695,  360,  508,  405,  566,  139,  140,  546,  500,  412,  485,  515,  554,  420,  397,  234,  423,  492,  365,  384,  488,  485,  703,   60,  314,  471,  490,  493,  403,  130,  546,  672,  530,  366,  640,  354,  544,  469,  604,  473,  323,  524,  537,  466,  385,  340,  348,  320,  328,  366,  584,  431,  212,  243,  307,  321,  239,  348,  372,  516,  477,  138,  601,  360,  353,  128,  454,  523,  452,  455,  396,  480,  233,  417,  552,  195,  368,  294,  286,  404,  405,  323,  293,  561,  586,  392,  311,  306,  227,  520,  346,  328,  257,  642,  554,  400,  246,  374,  246,  622,   70,  323,  599,  223,  384,  215,  590,  609,  443,  201,  540,  477,  336,   73,  484],
        [  125,    0,  385,  440,  781,  531,  171,  942,  397,  278,  850,  557,  217,  792,  675,  433,  495,  465,    0,  742,  304,  316,  444,  278,  734,  336,  952,  290,  720,  834,  212,  661,  535,  299,  452,  166,  684,  687,  192,  798,  482,  406,  232,  698,  188,  133,  439,  370,  662,  413,  357,  697,  211,  212,  145,  238,  928,  377,  719,  144,  128,  277,  321,  227,  503,  457,  322,  149,  741,  604,  770,   96,  330,  378,  388,  548,  188,  232,  301,  748,  653,  218,   94,  462,  670,  879,  647,  748,  821,   24,   57,  318,  503,  446,   24,  372,  304,  585,  594,  755,  583,  134,  803,  515,  114,  519,  217,  883,  444,  147,  664,  981,  718,  562,  163,  556,  772,  712,  210, 1013,  772,  533,  239,  701,  170,  670,  594,  830,   68,  737,  514,  539,  333,  644,  482,  798,  967,  529,  497,  856,  406,  696,  432,  160,  365,  792,  757,  492,  867,   67,  551,  331,  124,  618,  829,  719,  548,  532,  337,  401,  586,  554,  893,  117,  864,  705,  189,  572,  628,  534,  786,  418,  678,  703,  261,  260,  840,   30,  660,  230,  301,  232,  485,  363],
        [  856,    0,  870,  537,  210,  306,  770,  464,  347,  465,  377, 1007,  614,  624,  359,  455,  421,  338,  742,    0,  913,  819,  335,  474,  348,  941,  542,  550,  343,  578,  542,  367,  400,  444,  511,  777,  276,  253,  858,  415,  293,  758,  853,  419,  569,  613,  805,  461,  485,  451,  410,  469,  783,  742,  599,  737,  334,  406,   62,  870,  756,  475,  753,  751,  889,  576,  903,  773,  389, 1025,   29,  754,  742,  903,  476,  206,  862,  682,  748,  263,  806,  749,  670,  724,  116,  209,  377,  524,  109,  766,  778,  894,  279,  640,  741,  590,  635,  321,  261,  352, 1003,  762,  426,  975,  631,  873,  658,  327,  806,  597,  406,  519,  712,  323,  654,  289,  359,   48,  693,  593,  616,  498,  561,   44,  575,  106,  626,  189,  776,  715,  427,  931,  697,  604,  438,  630,  508,  431,  780,  221,  557,  270,  749,  776,  532,   64,  204,  598,  254,  695,  617,  446,  857,  902,  113,  459,  598,  222,  856,  679,  234,  213,  380,  849,  272,  300,  698,  513,  940,  285,  274,  937,  320,  603,  486,  772,  374,  728,  294,  864,  813,  540,  382,  821],
        [  332,    0,  664,  734,  883,  776,  462, 1201,  597,  487,  896,  823,  302, 1086,  938,  711,  769,  709,  304,  913,    0,  121,  680,  457,  783,   33, 1223,  579,  771, 1121,  396,  705,  805,  513,  742,  158,  764,  775,  116, 1063,  711,  706,   75,  970,  456,  396,  735,  643,  945,  689,  506,  977,  499,  172,  398,  537, 1161,  627,  873,  205,  195,  456,  191,  524,  790,  424,   34,  438,  774,  874,  941,  219,  630,  646,  668,  751,  432,  232,  600,  829,  956,  164,  299,  765,  871, 1086,  688, 1033, 1009,  290,  334,   40,  731,  748,  284,  358,  291,  662,  833,  803,  855,  187, 1070,  782,  379,  810,  256,  954,  740,  401,  691, 1245, 1021,  644,  464,  657, 1029,  872,  513, 1286, 1066,  821,  523,  870,  391,  867,  894, 1042,  237, 1039,  789,  822,  636,  941,  759, 1092, 1231,  564,  797, 1072,  403,  939,  733,  161,  655,  972,  981,  792, 1090,  366,  851,  469,  328,  912, 1016,  996,  847,  691,  615,  705,  705,  702,  944,  328, 1092,  955,  492,  862,  917,  773, 1025,  682,  932,  999,  496,  144,  886,  334,  909,  485,  587,  384,  749,  652],
        [  383,    0,  698,  707,  773,  714,  486, 1139,  524,  425,  779,  866,  227, 1054,  881,  670,  724,  649,  316,  819,  121,    0,  617,  387,  667,  137, 1169,  553,  655, 1080,  336,  589,  757,  450,  711,  151,  652,  665,  174, 1007,  643,  717,  120,  920,  423,  368,  753,  602,  904,  647,  420,  932,  525,  114,  365,  551, 1085,  573,  775,  268,  189,  385,   73,  542,  818,  305,   96,  463,  656,  915,  847,  221,  642,  687,  630,  671,  479,  150,  615,  717,  959,  106,  273,  767,  788, 1002,  572,  992,  919,  310,  360,   87,  663,  738,  293,  245,  186,  551,  766,  687,  895,  183, 1014,  825,  355,  834,  180,  838,  758,  369,  573, 1185, 1005,  535,  457,  552,  968,  776,  518, 1232, 1035,  787,  496,  776,  346,  782,  875,  960,  256, 1022,  745,  854,  640,  917,  716, 1060, 1171,  449,  807,  991,  288,  872,  742,  157,  628,  880,  905,  773, 1011,  365,  833,  383,  380,  932,  926,  950,  826,  600,  650,  703,  602,  607,  827,  377, 1016,  891,  498,  828,  943,  708,  954,  726,  871,  971,  444,   63,  769,  342,  846,  529,  615,  314,  698,  678],
        [  543,    0,  539,  234,  459,   98,  441,  523,  110,  194,  595,  685,  390,  483,  267,  146,  153,   37,  444,  335,  680,  617,    0,  231,  504,  712,  554,  216,  491,  486,  285,  466,  167,  168,  214,  526,  424,  412,  597,  391,   43,  435,  609,  312,  257,  312,  484,  129,  319,  133,  227,  336,  451,  514,  302,  403,  488,   74,  336,  583,  495,  233,  568,  418,  571,  490,  680,  446,  534,  709,  359,  482,  411,  570,  151,  130,  536,  467,  415,  464,  541,  522,  393,  414,  238,  438,  462,  401,  391,  467,  468,  672,   62,  333,  448,  453,  458,  373,  154,  520,  686,  502,  400,  650,  331,  560,  437,  586,  486,  299,  493,  569,  499,  354,  328,  318,  352,  320,  360,  618,  467,  244,  232,  301,  294,  242,  378,  388,  492,  510,  172,  615,  366,  387,  159,  490,  555,  417,  473,  413,  444,  260,  431,  523,  205,  371,  314,  311,  424,  386,  352,  256,  545,  607,  399,  347,  334,  201,  523,  360,  302,  232,  621,  537,  421,  276,  366,  280,  642,   94,  348,  605,  255,  419,  188,  558,  586,  423,  231,  533,  479,  303,  108,  490],
        [  399,    0,  537,  372,  505,  329,  361,  753,  141,   50,  587,  709,  160,  692,  497,  310,  353,  265,  278,  474,  457,  387,  231,    0,  473,  488,  785,  244,  459,  708,   69,  407,  382,   69,  366,  309,  415,  415,  388,  622,  257,  483,  390,  539,  151,  162,  531,  245,  534,  287,   83,  557,  389,  287,  146,  368,  704,  197,  445,  397,  285,    2,  337,  373,  617,  300,  454,  353,  487,  746,  502,  281,  425,  552,  279,  295,  433,  237,  413,  476,  672,  296,  198,  500,  417,  632,  395,  620,  562,  300,  322,  446,  277,  439,  272,  242,  230,  321,  380,  494,  723,  291,  630,  668,  176,  618,  207,  612,  535,  145,  418,  800,  675,  298,  250,  285,  582,  439,  317,  848,  675,  430,  203,  431,  109,  414,  544,  586,  304,  689,  375,  661,  397,  571,  350,  699,  786,  296,  554,  616,  246,  486,  495,  308,  300,  528,  525,  450,  633,  244,  506,   70,  399,  694,  569,  572,  494,  257,  503,  431,  310,  277,  626,  392,  635,  505,  309,  471,  719,  322,  570,  593,  486,  617,   92,  329,  577,  269,  460,  453,  455,   74,  320,  495],
        [  858,    0,  997,  737,  162,  543,  833,  811,  431,  500,  118, 1162,  534,  931,  665,  649,  647,  530,  734,  348,  783,  667,  504,  473,    0,  803,  886,  674,   15,  901,  527,   79,  646,  494,  717,  691,   84,  103,  772,  748,  481,  919,  744,  726,  621,  634,  969,  618,  774,  635,  391,  771,  860,  635,  618,  834,  680,  547,  288,  821,  688,  474,  595,  841, 1057,  365,  762,  825,   41, 1193,  363,  701,  876, 1018,  648,  408,  904,  572,  870,   91, 1044,  639,  642,  912,  423,  549,   96,  833,  447,  752,  785,  753,  481,  833,  722,  425,  497,  153,  533,   22, 1170,  691,  759, 1124,  646, 1051,  562,  174,  972,  618,   99,  867,  987,  176,  720,  197,  692,  307,  783,  940,  920,  739,  654,  328,  578,  410,  876,  537,  738,  994,  663, 1102,  839,  873,  658,  938,  855,  221,  970,  567,  381,  589,  922,  693,  696,  402,  545,  815,  602,  713,  853,  408,  858, 1108,  448,  769,  835,  304,  968,  851,  203,  274,  163,  850,  620,  621,  778,  768, 1140,  519,  616, 1058,  629,  890,  542,  642,  107,  733,  599,  925,  921,  503,  601,  952],
        [  358,    0,  692,  767,  906,  808,  492, 1233,  628,  519,  915,  849,  331, 1118,  970,  743,  802,  741,  336,  941,   33,  137,  712,  488,  803,    0, 1256,  612,  791, 1154,  428,  725,  838,  544,  775,  190,  786,  798,  146, 1096,  742,  736,  108, 1003,  489,  429,  765,  676,  978,  721,  535, 1010,  529,  202,  430,  568, 1191,  659,  900,  231,  227,  486,  209,  554,  818,  441,   42,  468,  792,  900,  969,  251,  660,  672,  700,  781,  458,  260,  631,  851,  987,  194,  331,  796,  901, 1116,  708, 1066, 1038,  322,  364,   51,  763,  780,  316,  379,  315,  684,  864,  823,  881,  220, 1102,  809,  411,  839,  285,  974,  770,  434,  709, 1277, 1053,  668,  496,  682, 1061,  900,  545, 1319, 1099,  854,  556,  898,  423,  896,  927, 1072,  268, 1071,  822,  849,  668,  974,  791, 1125, 1263,  584,  828, 1102,  423,  971,  764,  194,  688, 1001, 1012,  824, 1120,  399,  883,  498,  354,  941, 1045, 1029,  879,  719,  643,  736,  730,  729,  963,  355, 1123,  987,  524,  895,  946,  804, 1056,  708,  964, 1032,  529,  170,  905,  365,  941,  511,  616,  414,  781,  681],
        [ 1018,    0,  838,  527,  751,  457,  875,   94,  656,  745,  917,  887,  943,  257,  288,  520,  457,  521,  952,  542, 1223, 1169,  554,  785,  886, 1256,    0,  664,  879,  171,  834,  891,  419,  720,  508, 1066,  808,  786, 1129,  164,  534,  704, 1150,  255,  772,  833,  728,  584,  300,  539,  773,  260,  862, 1063,  828,  802,  253,  598,  600, 1095, 1031,  786, 1121,  821,  776, 1022, 1227,  891,  926,  877,  534, 1013,  744,  882,  564,  539,  969, 1020,  769,  804,  569, 1071,  927,  632,  470,  378,  897,  226,  463,  974,  956, 1220,  516,  577,  963, 1000, 1011,  822,  415,  891,  863, 1039,  155,  876,  852,  746,  989,  857,  725,  825,  929,   62,  413,  814,  798,  773,  210,  580,  786,   64,  269,  430,  713,  558,  833,  482,  443,  365, 1012,  401,  439,  801,  703,  382,  470,  257,   59,  912,  659,  343,  983,  318,  677, 1063,  593,  499,  342,  512,  307,  886,  474,  806, 1021,  708,  466,  235,  464,  651,  855,  640,  726,  667,  914, 1014,  284,  291,  804,  398,  748,  468,  271,  896,  302,  324,  728, 1109,  914,  925,  331,  941,  832,  856,  475,  799],
        [  360,    0,  330,  156,  659,  274,  234,  660,  245,  198,  777,  489,  350,  507,  394,  147,  211,  219,  290,  550,  579,  553,  216,  244,  674,  612,  664,    0,  660,  545,  245,  619,  251,  191,  164,  424,  601,  594,  475,  513,  258,  247,  504,  411,  130,  186,  297,   97,  372,  131,  304,  408,  238,  439,  188,  188,  664,  145,  548,  432,  385,  244,  526,  203,  385,  542,  589,  243,  696,  520,  574,  361,  204,  358,  103,  345,  331,  417,  203,  651,  431,  447,  283,  256,  451,  639,  611,  459,  602,  311,  293,  584,  274,  199,  304,  476,  445,  526,  339,  692,  497,  393,  518,  451,  201,  382,  386,  782,  300,  184,  638,  695,  454,  504,  136,  477,  493,  534,  148,  725,  488,  244,   57,  515,  213,  455,  323,  587,  353,  471,  227,  430,  165,  365,  195,  514,  681,  530,  312,  608,  487,  430,  255,  419,   77,  585,  505,  222,  612,  224,  282,  309,  362,  452,  611,  430,  274,  389,  310,  189,  480,  420,  809,  355,  605,  433,  157,  284,  479,  286,  521,  395,  403,  421,  152,  490,  768,  262,  390,  322,  264,  280,  211,  283],
        [  844,    0,  983,  724,  163,  531,  819,  805,  417,  486,  132, 1148,  521,  921,  655,  637,  635,  518,  720,  343,  771,  655,  491,  459,   15,  791,  879,  660,    0,  892,  513,   67,  634,  479,  704,  677,   74,   95,  759,  740,  468,  905,  732,  717,  606,  620,  955,  605,  763,  622,  377,  761,  846,  622,  603,  820,  676,  534,  283,  807,  674,  459,  583,  827, 1043,  354,  750,  811,   48, 1179,  359,  687,  862, 1003,  634,  397,  889,  559,  855,   92, 1032,  626,  628,  898,  415,  546,   84,  824,  443,  738,  771,  741,  469,  820,  708,  413,  484,  138,  523,   36, 1156,  678,  751, 1109,  631, 1037,  548,  185,  958,  603,   90,  861,  975,  162,  706,  183,  684,  301,  768,  933,  910,  727,  640,  322,  563,  402,  864,  532,  724,  983,  651, 1088,  825,  862,  646,  928,  849,  208,  957,  563,  369,  581,  908,  680,  682,  398,  538,  802,  597,  699,  841,  394,  843, 1094,  444,  759,  823,  292,  954,  837,  191,  262,  177,  836,  615,  612,  763,  757, 1127,  508,  609, 1044,  620,  879,  528,  630,  121,  718,  590,  911,  906,  488,  589,  938],
        [  887,    0,  678,  396,  786,  398,  737,  237,  595,  663,  952,  718,  859,   87,  240,  412,  357,  450,  834,  578, 1121, 1080,  486,  708,  901, 1154,  171,  545,  892,    0,  747,  892,  327,  640,  382,  964,  819,  798, 1020,  169,  479,  547, 1046,  181,  665,  725,  566,  480,  177,  434,  713,  151,  720,  970,  724,  660,  369,  511,  628,  975,  927,  709, 1040,  680,  609,  975, 1128,  756,  939,  706,  579,  905,  594,  723,  454,  512,  828,  934,  621,  828,  398,  978,  823,  472,  481,  465,  894,   89,  526,  855,  831, 1122,  465,  426,  849,  939,  937,  811,  379,  910,  693,  935,  159,  708,  743,  578,  903,  905,  563,  720,  927,  230,  242,  798,  674,  758,  222,  607,  652,  213,   99,  302,  599,  583,  736,  494,  282,  435,  898,  231,  336,  633,  557,  220,  365,   87,  222,  884,  494,  423,  929,  313,  518,  960,  470,  552,  379,  364,  394,  768,  318,  742,  890,  537,  531,  141,  311,  629,  700,  489,  719,  652,  958,  884,  370,  282,  671,  263,  578,  416,  315,  734,  273,  158,  637, 1018,  947,  806,  304,  795,  681,  774,  388,  642],
        [  336,    0,  505,  389,  569,  382,  314,  807,  205,   92,  643,  680,  112,  725,  547,  340,  390,  316,  212,  542,  396,  336,  285,   69,  527,  428,  834,  245,  513,  747,    0,  457,  423,  117,  388,  244,  474,  476,  321,  673,  315,  467,  326,  585,  126,  112,  513,  272,  571,  316,  145,  598,  346,  230,   95,  334,  766,  238,  513,  329,  218,   68,  294,  336,  595,  307,  396,  303,  538,  720,  570,  212,  403,  515,  303,  361,  377,  188,  386,  536,  675,  238,  130,  494,  483,  698,  444,  659,  629,  234,  260,  388,  336,  443,  205,  234,  202,  377,  437,  548,  697,  224,  680,  638,  120,  600,  156,  672,  517,   96,  465,  853,  693,  353,  214,  345,  636,  508,  284,  898,  707,  459,  194,  500,   53,  481,  561,  651,  236,  709,  412,  638,  380,  596,  384,  732,  838,  335,  545,  680,  251,  544,  483,  242,  312,  596,  587,  464,  697,  187,  522,  121,  336,  683,  636,  615,  511,  325,  466,  425,  374,  345,  684,  328,  698,  560,  273,  501,  705,  378,  629,  557,  539,  645,  111,  275,  632,  207,  515,  402,  420,   38,  363,  467],
        [  785,    0,  938,  695,  213,  516,  767,  822,  382,  438,  195, 1106,  458,  915,  653,  609,  614,  495,  661,  367,  705,  589,  466,  407,   79,  725,  891,  619,   67,  892,  457,    0,  617,  434,  677,  613,   95,  118,  694,  745,  447,  866,  666,  713,  556,  566,  916,  572,  753,  592,  327,  755,  795,  557,  549,  772,  701,  501,  306,  744,  611,  407,  517,  778, 1004,  288,  684,  758,   81, 1139,  387,  625,  819,  956,  603,  386,  834,  494,  811,  144, 1006,  561,  569,  864,  422,  575,   18,  819,  473,  679,  713,  675,  451,  788,  648,  347,  419,   95,  516,   99, 1115,  614,  756, 1066,  576, 1000,  484,  250,  919,  550,   39,  877,  958,  116,  656,  148,  690,  322,  721,  948,  902,  707,  595,  339,  509,  410,  842,  556,  663,  968,  631, 1049,  784,  845,  623,  921,  865,  143,  922,  587,  303,  584,  871,  616,  648,  427,  552,  774,  621,  644,  817,  340,  784, 1061,  475,  755,  799,  272,  906,  801,  174,  245,  241,  777,  637,  615,  714,  738, 1092,  494,  622,  997,  620,  866,  481,  564,  184,  661,  589,  858,  859,  431,  567,  894],
