{
    "name": "random-6-30817",
    "comment": "size=6 seed=30817",
    "nodes": ["+0", "-0", "+1", "-1", "+2", "-2", "+3", "-3", "+4", "-4", "+5", "-5", "+6", "-6"],
    "precedence": {
        "+0": "-0",
        "+1": "-1",
        "+2": "-2",
        "+3": "-3",
        "+4": "-4",
        "+5": "-5",
        "+6": "-6"
    },
    "edges": [
        [    0,    0,  775,  629,  144,  786,  145,  943,  597,  952, 1006,  706,  137,  290],
        [    0,    0,  775,  629,  144,  786,  145,  943,  597,  952, 1006,  706,  137,  290],
        [  775,  775,    0, 1013,  854,  131,  669,  410,  855,  617,  535,  179,  641,  493],
        [  629,  629, 1013,    0,  506, 1099,  731,  902,  173,  746,  881, 1057,  627,  744],
        [  144,  144,  854,  506,    0,  883,  283,  964,  502,  935, 1009,  809,  230,  396],
        [  786,  786,  131, 1099,  883,    0,  665,  539,  948,  747,  664,   91,  658,  497],
        [  145,  145,  669,  731,  283,  665,    0,  890,  671,  936,  968,  580,  115,  178],
        [  943,  943,  410,  902,  964,  539,  890,    0,  729,  248,  127,  583,  814,  727],
        [  597,  597,  855,  173,  502,  948,  671,  729,    0,  582,  712,  914,  558,  645],
        [  952,  952,  617,  746,  935,  747,  936,  248,  582,    0,  156,  773,  839,  799],
        [ 1006, 1006,  535,  881, 1009,  664,  968,  127,  712,  156,    0,  705,  882,  813],
        [  706,  706,  179, 1057,  809,   91,  580,  583,  914,  773,  705,    0,  582,  418],
        [  137,  137,  641,  627,  230,  658,  115,  814,  558,  839,  882,  582,    0,  167],
        [  290,  290,  493,  744,  396,  497,  178,  727,  645,  799,  813,  418,  167,    0]
    ]
}
