{
    "name": "random-88-232",
    "comment": "size=88 seed=232",
    "nodes": ["+0", "-0", "+1", "-1", "+2", "-2", "+3", "-3", "+4", "-4", "+5", "-5", "+6", "-6", "+7", "-7", "+8", "-8", "+9", "-9", "+10", "-10", "+11", "-11", "+12", "-12", "+13", "-13", "+14", "-14", "+15", "-15", "+16", "-16", "+17", "-17", "+18", "-18", "+19", "-19", "+20", "-20", "+21", "-21", "+22", "-22", "+23", "-23", "+24", "-24", "+25", "-25", "+26", "-26", "+27", "-27", "+28", "-28", "+29", "-29", "+30", "-30", "+31", "-31", "+32", "-32", "+33", "-33", "+34", "-34", "+35", "-35", "+36", "-36", "+37", "-37", "+38", "-38", "+39", "-39", "+40", "-40", "+41", "-41", "+42", "-42", "+43", "-43", "+44", "-44", "+45", "-45", "+46", "-46", "+47", "-47", "+48", "-48", "+49", "-49", "+50", "-50", "+51", "-51", "+52", "-52", "+53", "-53", "+54", "-54", "+55", "-55", "+56", "-56", "+57", "-57", "+58", "-58", "+59", "-59", "+60", "-60", "+61", "-61", "+62", "-62", "+63", "-63", "+64", "-64", "+65", "-65", "+66", "-66", "+67", "-67", "+68", "-68", "+69", "-69", "+70", "-70", "+71", "-71", "+72", "-72", "+73", "-73", "+74", "-74", "+75", "-75", "+76", "-76", "+77", "-77", "+78", "-78", "+79", "-79", "+80", "-80", "+81", "-81", "+82", "-82", "+83", "-83", "+84", "-84", "+85", "-85", "+86", "-86", "+87", "-87", "+88", "-88"],
    "precedence": {
        "+0": "-0",
        "+1": "-1",
        "+2": "-2",
        "+3": "-3",
        "+4": "-4",
        "+5": "-5",
        "+6": "-6",
        "+7": "-7",
        "+8": "-8",
        "+9": "-9",
        "+10": "-10",
        "+11": "-11",
        "+12": "-12",
        "+13": "-13",
        "+14": "-14",
        "+15": "-15",
        "+16": "-16",
        "+17": "-17",
        "+18": "-18",
        "+19": "-19",
        "+20": "-20",
        "+21": "-21",
        "+22": "-22",
        "+23": "-23",
        "+24": "-24",
        "+25": "-25",
        "+26": "-26",
        "+27": "-27",
        "+28": "-28",
        "+29": "-29",
        "+30": "-30",
        "+31": "-31",
        "+32": "-32",
        "+33": "-33",
        "+34": "-34",
        "+35": "-35",
        "+36": "-36",
        "+37": "-37",
        "+38": "-38",
        "+39": "-39",
        "+40": "-40",
        "+41": "-41",
        "+42": "-42",
        "+43": "-43",
        "+44": "-44",
        "+45": "-45",
        "+46": "-46",
        "+47": "-47",
        "+48": "-48",
        "+49": "-49",
        "+50": "-50",
        "+51": "-51",
        "+52": "-52",
        "+53": "-53",
        "+54": "-54",
        "+55": "-55",
        "+56": "-56",
        "+57": "-57",
        "+58": "-58",
        "+59": "-59",
        "+60": "-60",
        "+61": "-61",
        "+62": "-62",
        "+63": "-63",
        "+64": "-64",
        "+65": "-65",
        "+66": "-66",
        "+67": "-67",
        "+68": "-68",
        "+69": "-69",
        "+70": "-70",
        "+71": "-71",
        "+72": "-72",
        "+73": "-73",
        "+74": "-74",
        "+75": "-75",
        "+76": "-76",
        "+77": "-77",
        "+78": "-78",
        "+79": "-79",
        "+80": "-80",
        "+81": "-81",
        "+82": "-82",
        "+83": "-83",
        "+84": "-84",
        "+85": "-85",
        "+86": "-86",
        "+87": "-87",
        "+88": "-88"
    },
    "edges": [
        [    0,    0,  399,  568,  504,  294,  727,  405,  376,  725,   47,  275,  201,  469,  549,  863,  877,  778,  443,  242,  404,   99,  613,  242,  122,  491,  461,  269,  544,  157,  459,  365,  239,  291,  102,  377,  847,  584,  368,  595,  390,  764,  794,  358,  499,  515,  596,  618,  543,  285,  256,  257,  307,  544,  405,  313,  204,  618,  553,  625,  520,  701,  546,  594,  875,  928,  214,  549,  635,  477,  801,  546,  201,  690,   83,  262,  124,  607,  272,  779,  454,  206,  253,  483,   66,  462,  414,  290,  497,  460,  753,  126,  463,  285,  393,  841,  735,  628,  323,  332,  578,  656,  399,  552,  643,  207,  183,  368,  644,   70,  303,  389,  381,  229,  311,  736,  235,  836,  504,  327,  587,  264,  433,  161,  566,  677,  488,  503,  733,  672,  251,  370,  231,  655,  187,  252,   97,  139,  667,  389,  116,  167,  484,  323,  609,  281,  533,  798,  799,  564,  101,  658,  400,  532,  845,  581,  337,  147,  426,  338,  221,  524,  905,  358,  329,  632,  642,  806,  411,  191,  165,  345,  576,  470,  118,  100,  610,  732],
        [    0,    0,    0,    0,    0,    0,    0,    0,    0,    0,    0,    0,    0,    0,    0,    0,    0,    0,    0,    0,    0,    0,    0,    0,    0,    0,    0,    0,    0,    0,    0,    0,    0,    0,    0,    0,    0,    0,    0,    0,    0,    0,    0,    0,    0,    0,    0,    0,    0,    0,    0,    0,    0,    0,    0,    0,    0,    0,    0,    0,    0,    0,    0,    0,    0,    0,    0,    0,    0,    0,    0,    0,    0,    0,    0,    0,    0,    0,    0,    0,    0,    0,    0,    0,    0,    0,    0,    0,    0,    0,    0,    0,    0,    0,    0,    0,    0,    0,    0,    0,    0,    0,    0,    0,    0,    0,    0,    0,    0,    0,    0,    0,    0,    0,    0,    0,    0,    0,    0,    0,    0,    0,    0,    0,    0,    0,    0,    0,    0,    0,    0,    0,    0,    0,    0,    0,    0,    0,    0,    0,    0,    0,    0,    0,    0,    0,    0,    0,    0,    0,    0,    0,    0,    0,    0,    0,    0,    0,    0,    0,    0,    0,    0,    0,    0,    0,    0,    0,    0,    0,    0,    0,    0,    0,    0,    0,    0,    0],
        [  399,    0,    0,  848,  379,  120,  764,   42,  485,  901,  420,  539,  243,  207,  154,  809,  789,  755,  638,  631,  774,  384,  697,  377,  286,  685,  707,  667,  190,  329,  118,  207,  632,  686,  298,  752,  740,  583,  650,  900,  762,  900,  719,  747,  101,  523,  588,  695,  872,  561,  555,  266,  110,  572,  622,  154,  463,  219,  207,  866,  626,  630,  646,  743,  715,  766,  352,  227,  868,  733,  711,  780,  364,  598,  474,  660,  518,  319,  169,  628,  716,  563,  230,  794,  334,  159,  656,  355,  131,  251, 1013,  463,  450,  438,  182,  717,  475,  604,  702,   68,  571,  454,   97,  514,  281,  203,  441,  413,  951,  354,  672,  608,   20,  195,  100,  735,  201,  706,  136,  499,  623,  466,  112,  396,  208,  970,  487,  106, 1014,  605,  195,  717,  510,  661,  567,  648,  477,  340,  878,   18,  485,  385,  594,  360,  595,  146,  137,  617,  823,  416,  368,  760,  213,  137,  728,  192,  256,  506,  798,   80,  303,  134,  810,  103,  541,  684,  430,  710,  761,  586,  343,  576,  640,  242,  516,  301,  293,  488],
        [  568,    0,  848,    0,  645,  792,  487,  828,  398,  263,  596,  316,  749,  770,  955,  690,  746,  599,  238,  574,  286,  663,  381,  472,  609,  211,  147,  464,  892,  724,  833,  679,  423,  544,  634,  663,  756,  503,  206,   76,  292,  348,  680,  378,  928,  486,  515,  393,  134,  297,  743,  583,  804,  459,  235,  698,  742, 1036, 1048,  101,  347,  631,  352,  270,  846,  883,  782,  860,  120,  119,  705,  111,  486,  656,  569,  464,  479,  855,  680,  775,  133,  370,  619,  105,  603,  972,  194,  502,  976,  722,  186,  649,  517,  414,  925,  775,  893,  544,  336,  797,  510,  779,  897,  549,  967,  665,  422,  478,  117,  555,  654,  246,  829,  756,  750,  547,  650,  780,  981,  356,  451,  383,  930,  468,  911,  123,  501,  942,  169,  615,  786,  238,  746,  508,  411,  535,  591,  528,  173,  831,  456,  731,  348,  510,  525,  703,  977,  827,  539,  683,  668,  361,  699,  944,  767, 1035,  619,  629,  285,  769,  546,  924,  773,  756,  309,  434,  785,  716,  223,  458,  733,  273,  408,  742,  512,  618,  888,  871],
        [  504,    0,  379,  645,    0,  425,  400,  339,  256,  599,  548,  422,  498,  187,  396,  431,  418,  377,  408,  727,  708,  563,  364,  287,  404,  439,  503,  702,  300,  554,  287,  188,  645,  758,  451,  868,  374,  223,  502,  715,  699,  572,  343,  729,  400,  183,  223,  358,  723,  444,  751,  251,  427,  231,  419,  267,  678,  469,  567,  621,  325,  252,  336,  445,  377,  431,  609,  249,  617,  531,  339,  547,  318,  222,  583,  694,  565,  214,  295,  281,  524,  534,  270,  637,  461,  537,  465,  228,  493,  133,  768,  624,  130,  294,  550,  358,  263,  232,  664,  380,  210,  160,  473,  147,  345,  357,  390,  188,  761,  435,  801,  413,  369,  460,  334,  361,  311,  349,  494,  322,  275,  341,  490,  373,  311,  763,  155,  421,  788,  227,  485,  625,  717,  294,  570,  722,  600,  368,  606,  364,  507,  607,  308,  197,  227,  310,  449,  295,  452,   60,  551,  428,  169,  393,  366,  505,  178,  651,  728,  328,  284,  368,  441,  287,  374,  334,  154,  339,  664,  621,  573,  408,  305,  148,  586,  436,  255,  249],
        [  294,    0,  120,  792,  425,    0,  780,  144,  464,  878,  308,  477,  124,  286,  272,  852,  842,  788,  601,  517,  685,  267,  696,  333,  193,  650,  658,  562,  302,  210,  221,  237,  531,  574,  193,  634,  797,  603,  588,  836,  672,  889,  766,  649,  217,  536,  610,  696,  800,  497,  436,  237,   14,  582,  578,  159,  344,  332,  265,  822,  616,  673,  638,  724,  787,  839,  234,  331,  827,  681,  763,  737,  309,  646,  363,  554,  416,  416,  143,  695,  662,  476,  198,  727,  230,  181,  606,  331,  204,  313,  966,  346,  464,  398,  143,  778,  569,  632,  609,   60,  592,  530,  109,  541,  397,  128,  372,  404,  887,  260,  555,  563,  107,   76,   91,  761,  153,  769,  211,  460,  633,  415,  143,  326,  322,  912,  501,  217,  960,  646,   78,  636,  391,  682,  472,  537,  363,  266,  844,  117,  391,  266,  580,  346,  620,  121,  244,  692,  844,  472,  251,  756,  259,  255,  788,  288,  264,  390,  709,  104,  258,  253,  865,  147,  494,  692,  508,  763,  680,  484,  223,  526,  642,  311,  410,  200,  398,  578],
        [  727,    0,  764,  487,  400,  780,    0,  727,  352,  290,  773,  492,  814,  587,  796,  204,  263,  117,  340,  876,  701,  817,  126,  495,  680,  319,  407,  801,  698,  841,  685,  559,  742,  879,  726, 1006,  285,  182,  484,  560,  700,  220,  212,  768,  799,  244,  179,  117,  614,  499,  978,  551,  786,  199,  382,  626,  931,  868,  962,  407,  215,  209,  191,  219,  389,  416,  904,  645,  392,  423,  240,  381,  535,  249,  781,  796,  720,  588,  638,  347,  435,  632,  587,  546,  716,  922,  412,  466,  886,  531,  513,  850,  317,  444,  918,  311,  544,  172,  704,  749,  194,  442,  851,  255,  729,  676,  549,  384,  587,  671,  963,  392,  751,  791,  698,   72,  635,  321,  889,  406,  149,  467,  874,  568,  707,  564,  280,  819,  558,  213,  821,  618,  958,  107,  684,  852,  805,  604,  350,  748,  664,  879,  248,  442,  174,  660,  848,  406,   72,  392,  811,  127,  553,  792,  300,  905,  518,  857,  713,  700,  551,  768,  289,  664,  422,   96,  462,  252,  636,  746,  857,  427,  152,  548,  753,  706,  636,  513],
        [  405,    0,   42,  828,  339,  144,  727,    0,  456,  871,  429,  522,  265,  166,  146,  768,  747,  715,  612,  641,  768,  399,  663,  357,  287,  659,  685,  671,  159,  350,   80,  171,  632,  694,  306,  766,  698,  546,  633,  882,  755,  867,  678,  746,  103,  487,  549,  660,  857,  545,  577,  245,  137,  536,  599,  130,  486,  220,  239,  841,  594,  589,  614,  712,  673,  724,  378,  190,  843,  711,  670,  756,  348,  557,  482,  663,  520,  280,  154,  587,  695,  557,  211,  778,  340,  199,  635,  330,  162,  210,  990,  478,  414,  415,  223,  675,  436,  565,  697,   85,  533,  412,  139,  475,  254,  201,  428,  382,  933,  354,  687,  585,   40,  216,   95,  696,  190,  664,  166,  476,  586,  446,  153,  384,  179,  950,  451,  115,  992,  564,  222,  707,  532,  623,  565,  656,  487,  332,  851,   32,  482,  407,  563,  331,  557,  134,  150,  576,  784,  374,  383,  726,  174,  130,  687,  208,  225,  520,  791,   69,  285,  120,  769,   73,  520,  647,  388,  669,  751,  588,  365,  555,  605,  200,  521,  306,  257,  448],
        [  376,    0,  485,  398,  256,  464,  352,  456,    0,  418,  422,  183,  473,  375,  570,  495,  518,  406,  164,  547,  461,  465,  245,  146,  333,  205,  252,  493,  498,  491,  447,  293,  433,  562,  377,  684,  499,  217,  247,  464,  454,  426,  436,  496,  550,  155,  230,  247,  467,  201,  629,  227,  473,  172,  166,  332,  579,  650,  691,  391,  156,  349,  180,  261,  552,  601,  555,  463,  391,  280,  448,  309,  184,  351,  434,  486,  383,  459,  327,  462,  271,  316,  267,  381,  365,  629,  211,  134,  615,  325,  541,  500,  139,   92,  606,  501,  517,  265,  429,  449,  213,  406,  554,  211,  570,  344,  202,   81,  512,  319,  631,  158,  467,  457,  396,  361,  311,  500,  620,   75,  211,  123,  583,  216,  516,  519,  143,  567,  552,  322,  489,  376,  607,  282,  363,  530,  457,  254,  395,  467,  325,  528,  119,  126,  244,  352,  601,  499,  423,  304,  460,  298,  307,  560,  501,  660,  234,  510,  480,  408,  211,  539,  548,  385,  122,  257,  407,  456,  412,  423,  507,  153,  201,  345,  414,  357,  491,  499],
        [  725,    0,  901,  263,  599,  878,  290,  871,  418,    0,  763,  450,  871,  767,  973,  483,  549,  406,  286,  795,  538,  823,  242,  548,  725,  236,  275,  695,  889,  869,  852,  702,  644,  776,  763,  902,  574,  394,  377,  321,  542,   91,  502,  625,  961,  417,  401,  252,  395,  443,  942,  644,  888,  370,  321,  748,  921, 1052, 1107,  162,  280,  485,  266,  160,  679,  705,  932,  844,  144,  271,  529,  199,  578,  520,  751,  693,  668,  811,  744,  630,  293,  561,  683,  356,  740, 1047,  316,  550, 1031,  711,  226,  830,  478,  483, 1020,  601,  802,  416,  573,  866,  406,  691,  971,  464,  943,  755,  547,  489,  332,  689,  880,  337,  884,  864,  814,  362,  726,  611, 1035,  422,  335,  477, 1000,  585,  903,  297,  446,  979,  277,  479,  895,  473,  936,  359,  610,  760,  775,  640,   90,  883,  628,  891,  309,  542,  405,  769, 1012,  688,  319,  616,  823,  185,  711,  966,  590, 1071,  647,  821,  541,  825,  622,  943,  573,  800,  401,  287,  706,  542,  471,  667,  882,  381,  297,  731,  703,  743,  853,  774],
        [   47,    0,  420,  596,  548,  308,  773,  429,  422,  763,    0,  313,  202,  505,  572,  909,  923,  824,  483,  212,  412,   70,  658,  288,  156,  530,  495,  258,  574,  140,  488,  404,  238,  267,  124,  341,  893,  630,  399,  618,  398,  804,  840,  356,  520,  561,  642,  662,  561,  321,  210,  299,  321,  590,  444,  347,  161,  637,  560,  658,  564,  747,  590,  635,  920,  973,  189,  582,  668,  510,  847,  580,  248,  736,   55,  251,  129,  644,  306,  824,  487,  228,  292,  506,   95,  467,  449,  336,  509,  499,  781,   80,  509,  330,  393,  887,  776,  674,  330,  353,  624,  698,  409,  598,  673,  237,  226,  414,  666,  114,  266,  428,  403,  238,  337,  782,  270,  881,  516,  370,  632,  308,  442,  206,  596,  701,  535,  522,  758,  718,  256,  387,  186,  701,  199,  229,   59,  184,  702,  411,  141,  135,  528,  369,  655,  312,  551,  842,  844,  608,   78,  701,  438,  555,  891,  595,  379,  104,  433,  364,  265,  548,  951,  388,  370,  677,  684,  852,  426,  187,  144,  384,  621,  509,  110,  129,  645,  773],
        [  275,    0,  539,  316,  422,  477,  492,  522,  183,  450,  313,    0,  438,  494,  658,  660,  691,  568,  172,  385,  286,  374,  369,  170,  295,  218,  190,  316,  609,  424,  539,  391,  256,  390,  324,  516,  677,  391,  112,  362,  277,  493,  610,  314,  624,  334,  405,  376,  336,   24,  501,  280,  489,  342,  132,  394,  473,  738,  735,  356,  278,  528,  302,  326,  734,  782,  485,  586,  365,  209,  625,  274,  175,  532,  305,  310,  231,  604,  371,  644,  188,  141,  312,  256,  296,  657,  140,  217,  664,  455,  494,  382,  319,  132,  610,  681,  685,  440,  247,  485,  390,  578,  582,  393,  694,  351,  108,  235,  413,  247,  471,  116,  519,  442,  439,  518,  339,  680,  670,  108,  371,   85,  616,  153,  629,  435,  325,  637,  484,  502,  473,  206,  490,  444,  192,  361,  329,  213,  393,  523,  182,  442,  246,  238,  419,  393,  671,  680,  563,  476,  374,  402,  417,  645,  680,  729,  333,  379,  307,  460,  238,  627,  721,  453,   72,  400,  576,  633,  247,  254,  435,   72,  346,  474,  266,  306,  628,  670],
        [  201,    0,  243,  749,  498,  124,  814,  265,  473,  871,  202,  438,    0,  389,  395,  911,  909,  838,  587,  403,  604,  150,  716,  330,  147,  636,  627,  460,  423,   86,  339,  316,  437,  462,  116,  514,  870,  646,  544,  785,  591,  894,  830,  556,  339,  576,  655,  718,  738,  455,  312,  267,  134,  617,  556,  238,  221,  452,  359,  794,  628,  735,  653,  725,  872,  925,  118,  446,  801,  647,  830,  710,  295,  713,  256,  452,  324,  526,  204,  777,  626,  403,  235,  672,  149,  266,  576,  349,  311,  406,  931,  227,  508,  392,  192,  855,  675,  681,  524,  181,  636,  622,  211,  594,  519,  144,  332,  430,  835,  195,  434,  540,  230,   50,  191,  805,  189,  846,  319,  450,  666,  395,  243,  290,  443,  864,  542,  338,  917,  707,   55,  567,  268,  724,  388,  426,  252,  232,  825,  240,  313,  143,  592,  373,  666,  194,  362,  782,  882,  552,  134,  771,  345,  378,  863,  401,  323,  272,  627,  213,  265,  376,  935,  251,  472,  721,  603,  833,  609,  387,  100,  498,  668,  408,  311,  133,  513,  680],
        [  469,    0,  207,  770,  187,  286,  587,  166,  375,  767,  505,  494,  389,    0,  211,  608,  584,  561,  538,  709,  769,  496,  541,  327,  349,  578,  624,  713,  124,  464,  101,  110,  665,  753,  386,  844,  534,  407,  595,  833,  758,  749,  517,  768,  214,  359,  409,  536,  825,  518,  685,  231,  284,  408,  536,  160,  600,  287,  382,  765,  487,  431,  502,  609,  508,  560,  507,   93,  763,  652,  508,  684,  338,  396,  551,  706,  563,  141,  201,  421,  640,  569,  220,  740,  410,  360,  578,  278,  309,   57,  914,  570,  291,  367,  388,  510,  286,  419,  710,  230,  395,  248,  304,  333,  201,  273,  423,  294,  883,  404,  770,  526,  202,  343,  200,  548,  236,  499,  310,  418,  456,  410,  316,  389,  141,  892,  325,  235,  926,  408,  359,  696,  644,  480,  591,  715,  563,  354,  761,  195,  514,  522,  462,  263,  414,  201,  262,  412,  639,  213,  481,  605,   78,  206,  522,  318,  162,  606,  792,  182,  279,  182,  605,  140,  469,  517,  225,  506,  739,  629,  481,  506,  482,   40,  575,  377,  144,  293],
        [  549,    0,  154,  955,  396,  272,  796,  146,  570,  973,  572,  658,  395,  211,    0,  801,  769,  764,  731,  783,  911,  537,  751,  489,  432,  775,  811,  816,  105,  481,  124,  278,  777,  838,  450,  905,  715,  617,  767, 1013,  899,  959,  709,  891,   58,  569,  618,  746,  994,  681,  706,  378,  262,  619,  723,  266,  614,   81,  200,  960,  694,  630,  710,  815,  667,  714,  500,  162,  961,  838,  696,  877,  486,  592,  626,  808,  665,  251,  296,  593,  823,  701,  348,  912,  484,  223,  762,  454,  147,  267, 1110,  616,  500,  543,  290,  686,  398,  626,  842,  220,  604,  414,  210,  542,  154,  346,  568,  491, 1064,  499,  826,  711,  170,  348,  240,  754,  334,  673,  143,  601,  666,  578,  197,  526,  107, 1078,  534,   68, 1117,  609,  345,  848,  661,  689,  710,  800,  629,  475,  963,  162,  628,  537,  666,  448,  623,  278,   71,  568,  846,  412,  521,  815,  264,   18,  700,  114,  338,  660,  934,  214,  422,   32,  786,  207,  648,  727,  388,  692,  892,  733,  495,  684,  691,  249,  666,  450,  208,  419],
        [  863,    0,  809,  690,  431,  852,  204,  768,  495,  483,  909,  660,  911,  608,  801,    0,   71,   96,  527, 1040,  894,  943,  318,  622,  793,  514,  603,  975,  697,  954,  708,  616,  915, 1050,  841, 1175,  119,  280,  671,  764,  891,  402,   92,  955,  818,  349,  268,  307,  816,  672, 1118,  646,  855,  324,  567,  694, 1060,  862,  988,  610,  391,  180,  372,  421,  229,  237, 1014,  640,  594,  622,  109,  584,  662,  212,  927,  970,  877,  561,  716,  235,  632,  801,  677,  745,  839,  966,  602,  578,  916,  559,  708,  988,  407,  584,  980,  156,  465,  235,  889,  810,  286,  395,  903,  319,  700,  768,  696,  497,  791,  799, 1125,  574,  799,  879,  763,  148,  723,  170,  917,  561,  290,  617,  920,  705,  700,  766,  377,  839,  757,  207,  906,  809, 1093,  217,  851, 1020,  949,  729,  551,  794,  819,  999,  417,  548,  254,  734,  863,  287,  166,  395,  935,  330,  600,  802,  140,  914,  592, 1002,  907,  758,  660,  778,   91,  717,  589,  271,  420,  116,  830,  912,  971,  602,  318,  570,  908,  822,  610,  434],
        [  877,    0,  789,  746,  418,  842,  263,  747,  518,  549,  923,  691,  909,  584,  769,   71,    0,  147,  569, 1065,  937,  952,  368,  636,  798,  561,  650, 1006,  664,  957,  684,  605,  946, 1079,  847, 1202,   58,  302,  712,  820,  933,  469,   84,  993,  790,  366,  288,  356,  868,  704, 1132,  648,  844,  350,  607,  684, 1069,  825,  960,  669,  432,  177,  414,  476,  161,  166, 1016,  607,  654,  671,   80,  637,  676,  197,  944, 1001,  900,  523,  709,  184,  679,  831,  675,  795,  848,  944,  644,  588,  891,  539,  773, 1002,  415,  604,  965,   94,  414,  253,  926,  796,  305,  356,  885,  325,  659,  766,  717,  509,  849,  811, 1148,  613,  781,  874,  752,  199,  721,  109,  891,  588,  325,  641,  899,  722,  665,  826,  389,  811,  820,  206,  900,  851, 1104,  252,  879, 1047,  966,  740,  613,  775,  841, 1005,  453,  556,  274,  726,  833,  230,  234,  374,  943,  388,  585,  771,   78,  882,  587, 1019,  951,  744,  667,  747,   30,  702,  621,  317,  382,   79,  875,  940,  975,  637,  358,  548,  930,  829,  571,  384],
        [  778,    0,  755,  599,  377,  788,  117,  715,  406,  406,  824,  568,  838,  561,  764,   96,  147,    0,  432,  949,  799,  861,  224,  538,  714,  419,  508,  882,  661,  876,  662,  556,  822,  957,  762, 1083,  169,  196,  576,  674,  796,  330,  100,  860,  774,  266,  185,  212,  723,  578, 1033,  572,  792,  235,  472,  630,  978,  830,  943,  522,  297,  136,  277,  330,  277,  300,  937,  605,  507,  528,  129,  492,  579,  177,  840,  877,  787,  536,  648,  248,  537,  708,  605,  652,  758,  913,  507,  498,  869,  509,  629,  903,  330,  496,  921,  199,  465,  158,  794,  750,  204,  376,  847,  247,  678,  696,  608,  416,  702,  716, 1034,  479,  743,  809,  701,   53,  652,  210,  870,  470,  198,  528,  866,  619,  667,  680,  297,  795,  674,  155,  837,  714, 1009,  125,  759,  928,  862,  647,  467,  739,  729,  919,  323,  469,  173,  668,  822,  307,  106,  352,  854,  241,  543,  763,  186,  875,  524,  915,  812,  699,  582,  738,  175,  659,  496,  176,  399,  141,  735,  820,  893,  508,  224,  523,  818,  743,  585,  434],
        [  443,    0,  638,  238,  408,  601,  340,  612,  164,  286,  483,  172,  587,  538,  731,  527,  569,  432,    0,  547,  368,  540,  214,  268,  440,   50,   97,  464,  661,  584,  608,  453,  406,  544,  477,  672,  566,  288,  145,  308,  365,  322,  493,  430,  709,  257,  301,  224,  325,  171,  672,  373,  611,  239,   44,  485,  643,  812,  843,  230,  138,  426,  156,  155,  642,  685,  648,  626,  231,  124,  513,  146,  296,  442,  477,  460,  401,  618,  473,  562,  122,  302,  411,  242,  455,  775,   76,  283,  768,  488,  379,  554,  281,  204,  741,  578,  659,  335,  365,  595,  292,  545,  699,  321,  733,  476,  263,  244,  354,  404,  635,   58,  619,  581,  544,  380,  450,  580,  773,  141,  247,  192,  730,  299,  679,  357,  266,  725,  388,  405,  613,  283,  661,  317,  354,  519,  501,  355,  243,  620,  354,  608,  123,  284,  314,  498,  759,  609,  408,  448,  540,  235,  470,  721,  574,  819,  394,  550,  383,  559,  344,  700,  598,  540,  116,  256,  550,  523,  307,  416,  598,  100,  211,  508,  436,  458,  652,  638],
        [  242,    0,  631,  574,  727,  517,  876,  641,  547,  795,  212,  385,  403,  709,  783, 1040, 1065,  949,  547,    0,  313,  253,  752,  444,  363,  585,  521,  115,  785,  323,  699,  604,  152,   64,  336,  141, 1044,  764,  420,  569,  302,  855,  982,  225,  731,  700,  777,  760,  494,  379,  192,  490,  529,  717,  504,  554,  240,  848,  759,  658,  662,  894,  686,  699, 1086, 1137,  344,  790,  673,  524,  994,  597,  410,  890,  160,  113,  166,  847,  514,  990,  502,  246,  492,  470,  304,  665,  489,  502,  713,  697,  752,  180,  663,  463,  584, 1042,  970,  812,  242,  564,  760,  884,  613,  749,  883,  447,  350,  566,  609,  306,   88,  491,  614,  444,  548,  901,  476, 1039,  721,  479,  751,  424,  645,  356,  807,  653,  681,  733,  714,  866,  457,  337,  217,  824,  194,   43,  155,  364,  718,  622,  226,  285,  630,  535,  791,  522,  760, 1016,  947,  787,  269,  782,  639,  766, 1044,  802,  571,  134,  328,  575,  448,  759, 1094,  598,  455,  784,  872, 1001,  359,  132,  318,  452,  729,  709,  141,  339,  851,  964],
        [  404,    0,  774,  286,  708,  685,  701,  768,  461,  538,  412,  286,  604,  769,  911,  894,  937,  799,  368,  313,    0,  479,  578,  444,  493,  383,  296,  199,  876,  551,  800,  662,  182,  271,  497,  382,  932,  649,  226,  264,   14,  615,  860,   96,  869,  603,  662,  589,  183,  264,  500,  543,  698,  599,  331,  648,  524,  987,  949,  383,  505,  788,  523,  490, 1002, 1047,  596,  861,  400,  284,  879,  346,  433,  800,  367,  202,  283,  887,  615,  916,  269,  212,  566,  183,  460,  861,  293,  498,  887,  735,  449,  437,  600,  416,  796,  941,  970,  697,   83,  712,  650,  863,  793,  666,  967,  572,  348,  521,  298,  426,  384,  327,  755,  628,  676,  746,  578,  943,  895,  389,  614,  369,  828,  387,  898,  344,  601,  878,  406,  765,  653,   87,  515,  685,  217,  271,  383,  437,  452,  760,  295,  538,  486,  522,  676,  634,  911,  957,  765,  760,  489,  584,  692,  896,  938,  964,  608,  404,   24,  700,  495,  882,  966,  704,  340,  623,  861,  889,   68,  230,  554,  312,  579,  753,  305,  487,  907,  955],
        [   99,    0,  384,  663,  563,  267,  817,  399,  465,  823,   70,  374,  150,  496,  537,  943,  952,  861,  540,  253,  479,    0,  706,  324,  159,  588,  559,  317,  552,   74,  466,  402,  303,  313,  113,  368,  920,  666,  465,  687,  466,  861,  870,  420,  483,  596,  677,  710,  630,  384,  191,  312,  279,  629,  503,  336,  118,  598,  506,  723,  613,  776,  638,  691,  939,  992,  120,  566,  733,  575,  875,  644,  284,  761,  115,  310,  198,  636,  295,  842,  552,  296,  296,  575,  105,  413,  512,  365,  461,  498,  848,   79,  539,  374,  335,  910,  775,  708,  397,  318,  659,  706,  360,  628,  650,  223,  280,  447,  735,  147,  289,  487,  369,  193,  312,  821,  264,  904,  469,  421,  673,  359,  392,  251,  573,  770,  567,  483,  827,  747,  204,  456,  155,  740,  268,  278,  106,  215,  765,  378,  208,   69,  576,  397,  690,  296,  510,  856,  887,  621,   17,  752,  436,  520,  916,  550,  387,  124,  501,  338,  286,  516,  980,  368,  426,  721,  690,  879,  495,  252,   75,  443,  665,  505,  176,  127,  631,  775],
        [  613,    0,  697,  381,  364,  696,  126,  663,  245,  242,  658,  369,  716,  541,  751,  318,  368,  224,  214,  752,  578,  706,    0,  390,  577,  196,  285,  675,  661,  735,  632,  492,  617,  754,  621,  881,  375,  152,  358,  457,  576,  209,  300,  643,  745,  183,  160,   13,  501,  375,  860,  461,  704,  134,  257,  550,  817,  827,  901,  315,   94,  257,   69,  114,  467,  503,  799,  612,  303,  304,  324,  272,  428,  287,  663,  671,  598,  572,  555,  404,  314,  507,  499,  428,  608,  851,  287,  370,  824,  484,  442,  734,  252,  333,  838,  394,  562,  178,  578,  673,  164,  450,  777,  224,  708,  583,  432,  293,  489,  561,  839,  267,  682,  698,  620,  171,  546,  401,  828,  288,   94,  350,  803,  455,  673,  473,  217,  764,  478,  246,  729,  494,  842,  130,  560,  727,  686,  497,  273,  680,  544,  770,  130,  351,  165,  579,  796,  459,  195,  375,  701,   65,  494,  745,  387,  854,  442,  739,  591,  627,  453,  721,  396,  595,  299,   54,  464,  335,  514,  621,  751,  302,   60,  503,  631,  601,  616,  534],
        [  242,    0,  377,  472,  287,  333,  495,  357,  146,  548,  288,  170,  330,  327,  489,  622,  636,  538,  268,  444,  444,  324,  390,    0,  188,  318,  331,  415,  439,  347,  370,  222,  359,  472,  232,  585,  608,  343,  278,  526,  433,  566,  553,  450,  458,  273,  355,  392,  506,  194,  497,  113,  344,  305,  247,  228,  440,  569,  579,  492,  300,  460,  325,  397,  643,  695,  410,  419,  496,  356,  561,  406,   41,  451,  310,  408,  280,  445,  209,  547,  339,  251,  148,  424,  222,  508,  280,   60,  505,  293,  638,  367,  223,   65,  474,  603,  543,  387,  389,  329,  336,  446,  432,  312,  526,  208,  104,  127,  576,  179,  522,  233,  358,  317,  280,  497,  183,  599,  511,  128,  350,   90,  464,   89,  460,  594,  247,  472,  637,  432,  349,  370,  471,  416,  284,  436,  331,  110,  511,  360,  221,  385,  263,   91,  368,  233,  506,  573,  565,  346,  318,  442,  250,  476,  607,  564,  166,  384,  466,  298,   77,  458,  664,  286,  165,  400,  438,  566,  413,  335,  363,  199,  345,  310,  304,  212,  464,  532],
        [  122,    0,  286,  609,  404,  193,  680,  287,  333,  725,  156,  295,  147,  349,  432,  793,  798,  714,  440,  363,  493,  159,  577,  188,    0,  490,  483,  385,  423,  162,  338,  249,  346,  412,   49,  496,  764,  519,  404,  649,  480,  750,  717,  462,  384,  448,  529,  579,  609,  313,  348,  154,  206,  486,  411,  192,  274,  504,  458,  650,  487,  622,  512,  580,  781,  834,  225,  428,  657,  504,  721,  565,  150,  606,  204,  377,  233,  489,  151,  684,  483,  283,  139,  538,   61,  372,  432,  217,  395,  345,  788,  225,  387,  248,  317,  754,  622,  559,  418,  221,  511,  549,  302,  475,  522,   87,  188,  300,  700,   69,  421,  394,  267,  148,  192,  677,  114,  747,  402,  305,  533,  249,  336,  145,  445,  727,  418,  391,  777,  593,  178,  444,  313,  595,  283,  373,  214,   86,  680,  274,  200,  208,  450,  246,  542,  160,  422,  698,  749,  463,  147,  629,  284,  416,  759,  473,  230,  258,  517,  219,  133,  405,  826,  237,  326,  585,  533,  724,  487,  302,  179,  353,  530,  354,  236,   32,  490,  620],
        [  491,    0,  685,  211,  439,  650,  319,  659,  205,  236,  530,  218,  636,  578,  775,  514,  561,  419,   50,  585,  383,  588,  196,  318,  490,    0,   90,  496,  702,  633,  651,  497,  440,  577,  527,  705,  563,  295,  170,  285,  381,  276,  489,  452,  754,  276,  308,  207,  315,  214,  716,  421,  661,  250,   87,  532,  690,  855,  890,  187,  139,  429,  149,  115,  646,  686,  697,  664,  186,  112,  510,  108,  345,  450,  521,  492,  444,  651,  521,  570,  119,  341,  460,  236,  504,  823,   98,  330,  815,  527,  337,  599,  310,  253,  791,  578,  683,  339,  389,  643,  301,  568,  748,  339,  770,  525,  312,  285,  327,  454,  672,  103,  666,  631,  592,  366,  499,  582,  820,  191,  248,  242,  778,  349,  719,  325,  291,  771,  351,  411,  663,  300,  706,  312,  393,  555,  546,  405,  194,  668,  398,  656,  138,  329,  319,  546,  805,  620,  384,  474,  588,  205,  512,  765,  572,  864,  438,  594,  395,  607,  393,  744,  590,  587,  166,  244,  575,  521,  318,  453,  647,  147,  207,  547,  479,  508,  687,  660],
        [  461,    0,  707,  147,  503,  658,  407,  685,  252,  275,  495,  190,  627,  624,  811,  603,  650,  508,   97,  521,  296,  559,  285,  331,  483,   90,    0,  425,  746,  612,  688,  533,  372,  507,  513,  634,  652,  380,  102,  213,  296,  336,  578,  370,  784,  353,  393,  297,  230,  176,  668,  441,  669,  332,   88,  556,  651,  891,  909,  167,  225,  516,  238,  195,  733,  774,  673,  713,  175,   29,  599,   85,  350,  535,  479,  422,  395,  710,  539,  655,   29,  286,  478,  148,  486,  836,   52,  358,  836,  576,  309,  559,  376,  270,  795,  666,  755,  425,  310,  659,  385,  641,  761,  417,  821,  531,  296,  332,  261,  436,  607,  100,  688,  629,  610,  456,  512,  669,  841,  210,  335,  244,  793,  339,  764,  269,  363,  799,  308,  496,  660,  216,  663,  401,  336,  488,  502,  399,  207,  690,  357,  628,  217,  364,  405,  564,  834,  703,  470,  543,  561,  288,  553,  799,  661,  892,  473,  548,  307,  628,  406,  779,  679,  613,  167,  334,  646,  610,  230,  393,  623,  133,  295,  596,  430,  495,  743,  734],
        [  269,    0,  667,  464,  702,  562,  801,  671,  493,  695,  258,  316,  460,  713,  816,  975, 1006,  882,  464,  115,  199,  317,  675,  415,  385,  496,  425,    0,  803,  391,  720,  605,   61,   82,  371,  210,  991,  706,  327,  456,  188,  760,  925,  114,  767,  647,  719,  684,  380,  304,  303,  485,  575,  657,  420,  568,  337,  886,  817,  552,  589,  841,  611,  611, 1043, 1092,  425,  800,  568,  425,  939,  496,  388,  843,  204,    8,  153,  846,  530,  950,  403,  177,  495,  360,  334,  725,  399,  474,  764,  693,  640,  258,  620,  418,  650,  993,  956,  755,  130,  601,  704,  861,  665,  701,  900,  470,  312,  526,  495,  319,  191,  409,  649,  494,  576,  832,  491,  992,  772,  420,  686,  374,  699,  333,  825,  539,  633,  772,  601,  814,  513,  227,  322,  759,  133,   73,  212,  359,  615,  657,  201,  365,  560,  506,  734,  543,  802,  981,  870,  760,  331,  698,  639,  799,  993,  849,  562,  218,  214,  603,  438,  789, 1036,  619,  387,  712,  853,  947,  246,   85,  390,  375,  659,  707,  152,  367,  856,  947],
        [  544,    0,  190,  892,  300,  302,  698,  159,  498,  889,  574,  609,  423,  124,  105,  697,  664,  661,  661,  785,  876,  552,  661,  439,  423,  702,  746,  803,    0,  506,   87,  218,  759,  834,  451,  914,  610,  522,  713,  954,  865,  869,  605,  867,  136,  478,  522,  655,  942,  632,  733,  334,  295,  528,  658,  236,  643,  170,  301,  889,  610,  527,  624,  732,  564,  612,  536,   58,  887,  774,  592,  807,  444,  489,  625,  795,  651,  149,  274,  489,  761,  671,  313,  858,  481,  308,  700,  395,  240,  179, 1038,  630,  412,  485,  361,  582,  301,  528,  813,  243,  509,  310,  275,  446,   99,  339,  529,  418, 1004,  486,  837,  647,  197,  374,  240,  654,  313,  569,  237,  538,  573,  525,  272,  491,   23, 1015,  445,  156, 1049,  507,  380,  807,  689,  592,  687,  796,  633,  448,  885,  187,  607,  564,  585,  383,  526,  264,  172,  465,  746,  310,  536,  725,  194,  109,  595,  218,  277,  670,  900,  214,  382,   87,  681,  187,  588,  633,  284,  588,  850,  719,  522,  626,  601,  159,  657,  447,  111,  319],
        [  157,    0,  329,  724,  554,  210,  841,  350,  491,  869,  140,  424,   86,  464,  481,  954,  957,  876,  584,  323,  551,   74,  735,  347,  162,  633,  612,  391,  506,    0,  421,  381,  376,  385,  115,  430,  921,  681,  522,  751,  538,  901,  876,  494,  425,  610,  691,  738,  698,  436,  227,  310,  220,  647,  550,  308,  137,  537,  436,  778,  644,  781,  669,  730,  931,  984,   64,  527,  787,  629,  879,  697,  307,  763,  189,  384,  269,  603,  269,  835,  607,  362,  285,  639,  130,  342,  563,  378,  394,  474,  908,  145,  548,  404,  262,  909,  748,  720,  469,  266,  672,  688,  294,  636,  603,  200,  322,  461,  800,  180,  350,  533,  315,  135,  270,  839,  245,  901,  402,  456,  694,  396,  324,  287,  527,  833,  579,  423,  889,  753,  139,  524,  183,  757,  337,  351,  179,  239,  816,  325,  271,   59,  607,  407,  703,  264,  448,  844,  910,  611,   62,  786,  413,  464,  915,  485,  377,  191,  573,  294,  294,  462,  984,  329,  469,  746,  670,  882,  564,  326,   19,  490,  691,  479,  249,  135,  593,  752],
        [  459,    0,  118,  833,  287,  221,  685,   80,  447,  852,  488,  539,  339,  101,  124,  708,  684,  662,  608,  699,  800,  466,  632,  370,  338,  651,  688,  720,   87,  421,    0,  155,  676,  749,  365,  828,  633,  504,  647,  892,  788,  840,  617,  787,  114,  452,  506,  628,  875,  563,  648,  260,  215,  502,  600,  154,  558,  204,  281,  837,  572,  532,  589,  693,  601,  651,  454,  111,  837,  715,  608,  754,  370,  497,  540,  712,  568,  201,  191,  517,  701,  592,  235,  793,  395,  263,  640,  332,  208,  155,  987,  543,  381,  421,  299,  608,  358,  518,  734,  161,  492,  340,  213,  431,  185,  253,  454,  368,  942,  402,  751,  588,  120,  290,  154,  648,  230,  596,  209,  478,  550,  458,  220,  413,  108,  956,  417,  135,  994,  509,  299,  733,  604,  579,  606,  711,  547,  368,  840,  111,  525,  480,  544,  325,  512,  178,  164,  503,  738,  314,  450,  697,  142,  115,  620,  222,  215,  584,  823,  128,  306,   93,  703,  102,  526,  611,  315,  606,  777,  636,  437,  563,  573,  140,  573,  361,  178,  370],
        [  365,    0,  207,  679,  188,  237,  559,  171,  293,  702,  404,  391,  316,  110,  278,  616,  605,  556,  453,  604,  662,  402,  492,  222,  249,  497,  533,  605,  218,  381,  155,    0,  556,  647,  290,  741,  561,  378,  496,  738,  651,  696,  530,  659,  259,  317,  383,  489,  725,  414,  593,  122,  240,  366,  446,   80,  512,  359,  410,  683,  424,  437,  443,  543,  557,  610,  431,  200,  683,  561,  526,  599,  229,  410,  448,  597,  455,  243,  113,  463,  547,  460,  113,  641,  310,  363,  485,  178,  333,   96,  832,  473,  244,  268,  366,  544,  374,  402,  601,  195,  366,  308,  293,  311,  306,  182,  315,  215,  789,  298,  668,  433,  192,  275,  147,  532,  139,  534,  336,  324,  416,  308,  316,  280,  239,  802,  281,  277,  839,  410,  298,  590,  555,  456,  482,  608,  461,  246,  687,  190,  405,  437,  394,  170,  392,  124,  310,  466,  619,  238,  388,  555,   35,  268,  553,  370,   60,  506,  685,  144,  170,  247,  629,  106,  372,  477,  290,  527,  633,  520,  399,  409,  434,  106,  468,  279,  252,  373],
        [  239,    0,  632,  423,  645,  531,  742,  632,  433,  644,  238,  256,  437,  665,  777,  915,  946,  822,  406,  152,  182,  303,  617,  359,  346,  440,  372,   61,  759,  376,  676,  556,    0,  138,  339,  266,  931,  646,  272,  424,  169,  707,  865,  119,  730,  587,  659,  625,  352,  245,  325,  435,  544,  597,  362,  524,  344,  849,  791,  507,  529,  781,  552,  555,  983, 1033,  418,  753,  522,  374,  879,  446,  334,  783,  188,   55,  115,  795,  486,  890,  352,  117,  448,  320,  302,  700,  343,  419,  735,  642,  603,  256,  561,  359,  629,  933,  901,  695,  101,  566,  644,  804,  637,  642,  855,  431,  256,  468,  466,  279,  237,  351,  613,  467,  537,  772,  448,  932,  742,  360,  626,  314,  671,  280,  781,  507,  573,  737,  568,  755,  489,  187,  336,  699,   76,  117,  203,  312,  567,  620,  153,  358,  500,  449,  673,  501,  768,  923,  812,  703,  314,  641,  589,  761,  933,  817,  511,  223,  201,  564,  388,  750,  976,  576,  327,  652,  797,  887,  214,   51,  378,  316,  600,  656,  128,  333,  807,  891],
        [  291,    0,  686,  544,  758,  574,  879,  694,  562,  776,  267,  390,  462,  753,  838, 1050, 1079,  957,  544,   64,  271,  313,  754,  472,  412,  577,  507,   82,  834,  385,  749,  647,  138,    0,  389,  128, 1061,  778,  409,  532,  261,  842,  997,  177,  786,  716,  791,  762,  453,  381,  251,  530,  586,  730,  500,  602,  304,  904,  819,  633,  666,  911,  689,  692, 1109, 1159,  407,  837,  649,  507, 1010,  578,  441,  910,  213,   85,  195,  889,  561, 1014,  485,  249,  534,  439,  355,  726,  480,  531,  772,  738,  717,  242,  685,  483,  646, 1062, 1007,  826,  209,  619,  775,  916,  672,  769,  933,  497,  373,  590,  568,  351,  114,  488,  669,  502,  600,  908,  523, 1060,  780,  491,  761,  441,  704,  386,  856,  614,  700,  789,  676,  884,  517,  308,  279,  834,  200,   39,  211,  402,  696,  677,  252,  348,  636,  563,  805,  571,  817, 1043,  949,  818,  329,  778,  681,  821, 1063,  860,  609,  197,  282,  627,  485,  813, 1109,  648,  461,  789,  907, 1017,  324,  141,  380,  453,  735,  751,  179,  389,  896, 1000],
