{
    "name": "random-83-24997",
    "comment": "size=83 seed=24997",
    "nodes": ["+0", "-0", "+1", "-1", "+2", "-2", "+3", "-3", "+4", "-4", "+5", "-5", "+6", "-6", "+7", "-7", "+8", "-8", "+9", "-9", "+10", "-10", "+11", "-11", "+12", "-12", "+13", "-13", "+14", "-14", "+15", "-15", "+16", "-16", "+17", "-17", "+18", "-18", "+19", "-19", "+20", "-20", "+21", "-21", "+22", "-22", "+23", "-23", "+24", "-24", "+25", "-25", "+26", "-26", "+27", "-27", "+28", "-28", "+29", "-29", "+30", "-30", "+31", "-31", "+32", "-32", "+33", "-33", "+34", "-34", "+35", "-35", "+36", "-36", "+37", "-37", "+38", "-38", "+39", "-39", "+40", "-40", "+41", "-41", "+42", "-42", "+43", "-43", "+44", "-44", "+45", "-45", "+46", "-46", "+47", "-47", "+48", "-48", "+49", "-49", "+50", "-50", "+51", "-51", "+52", "-52", "+53", "-53", "+54", "-54", "+55", "-55", "+56", "-56", "+57", "-57", "+58", "-58", "+59", "-59", "+60", "-60", "+61", "-61", "+62", "-62", "+63", "-63", "+64", "-64", "+65", "-65", "+66", "-66", "+67", "-67", "+68", "-68", "+69", "-69", "+70", "-70", "+71", "-71", "+72", "-72", "+73", "-73", "+74", "-74", "+75", "-75", "+76", "-76", "+77", "-77", "+78", "-78", "+79", "-79", "+80", "-80", "+81", "-81", "+82", "-82", "+83", "-83"],
    "precedence": {
        "+0": "-0",
        "+1": "-1",
        "+2": "-2",
        "+3": "-3",
        "+4": "-4",
        "+5": "-5",
        "+6": "-6",
        "+7": "-7",
        "+8": "-8",
        "+9": "-9",
        "+10": "-10",
        "+11": "-11",
        "+12": "-12",
        "+13": "-13",
        "+14": "-14",
        "+15": "-15",
        "+16": "-16",
        "+17": "-17",
        "+18": "-18",
        "+19": "-19",
        "+20": "-20",
        "+21": "-21",
        "+22": "-22",
        "+23": "-23",
        "+24": "-24",
        "+25": "-25",
        "+26": "-26",
        "+27": "-27",
        "+28": "-28",
        "+29": "-29",
        "+30": "-30",
        "+31": "-31",
        "+32": "-32",
        "+33": "-33",
        "+34": "-34",
        "+35": "-35",
        "+36": "-36",
        "+37": "-37",
        "+38": "-38",
        "+39": "-39",
        "+40": "-40",
        "+41": "-41",
        "+42": "-42",
        "+43": "-43",
        "+44": "-44",
        "+45": "-45",
        "+46": "-46",
        "+47": "-47",
        "+48": "-48",
        "+49": "-49",
        "+50": "-50",
        "+51": "-51",
        "+52": "-52",
        "+53": "-53",
        "+54": "-54",
        "+55": "-55",
        "+56": "-56",
        "+57": "-57",
        "+58": "-58",
        "+59": "-59",
        "+60": "-60",
        "+61": "-61",
        "+62": "-62",
        "+63": "-63",
        "+64": "-64",
        "+65": "-65",
        "+66": "-66",
        "+67": "-67",
        "+68": "-68",
        "+69": "-69",
        "+70": "-70",
        "+71": "-71",
        "+72": "-72",
        "+73": "-73",
        "+74": "-74",
        "+75": "-75",
        "+76": "-76",
        "+77": "-77",
        "+78": "-78",
        "+79": "-79",
        "+80": "-80",
        "+81": "-81",
        "+82": "-82",
        "+83": "-83"
    },
    "edges": [
        [    0,    0,  896,  659,  687,  416,  120,  710,  493,  249,  478,  353,  356,  691, 1039,  358,  440,  821,  260,  810,  389,  606,  129,  604,  478,  228,  336,  410,  899,  761,  425,  292,   59,  644,  367,  481,  830,  458,  165,  501,  432,  720,  695,  407,  335,  624,  588,  730,  599,  520,  303,   81,  238,  531,  365,  852, 1041,  868,  983,  398,  367,  363,  551,  596,  319,  560,  662,  714,  543,  726,  407,  270,  688,  605,  453,  741,  356,  250,  866,  418,  570,   29,   70,  314,  271,  449,  363,  205,  594,  291,  795,  643,  311,  537,  589,  542,  756,  230,  903,  709,  596,  633,  496,  864,  915,  391,  625,  428,  773,  477,  355,  515,  885,  614,  718,  429,  792,  271,  412,  366,  598,  897,  380,  228,  594,  451,  161,  846,  875,  837,  907,  544,  444,  386,  840,  723,  399,  528,  518,  857,  629,  741,  228,  109,  571,  779,  299,  274,  191,  748,  912,  341,  842,  243,  687,  512,  718,  891,  663,  203,  729,  499,  383,  279,  393,  977,  887,  605],
        [    0,    0,    0,    0,    0,    0,    0,    0,    0,    0,    0,    0,    0,    0,    0,    0,    0,    0,    0,    0,    0,    0,    0,    0,    0,    0,    0,    0,    0,    0,    0,    0,    0,    0,    0,    0,    0,    0,    0,    0,    0,    0,    0,    0,    0,    0,    0,    0,    0,    0,    0,    0,    0,    0,    0,    0,    0,    0,    0,    0,    0,    0,    0,    0,    0,    0,    0,    0,    0,    0,    0,    0,    0,    0,    0,    0,    0,    0,    0,    0,    0,    0,    0,    0,    0,    0,    0,    0,    0,    0,    0,    0,    0,    0,    0,    0,    0,    0,    0,    0,    0,    0,    0,    0,    0,    0,    0,    0,    0,    0,    0,    0,    0,    0,    0,    0,    0,    0,    0,    0,    0,    0,    0,    0,    0,    0,    0,    0,    0,    0,    0,    0,    0,    0,    0,    0,    0,    0,    0,    0,    0,    0,    0,    0,    0,    0,    0,    0,    0,    0,    0,    0,    0,    0,    0,    0,    0,    0,    0,    0,    0,    0,    0,    0,    0,    0,    0,    0],
        [  896,    0,    0,  272,  221,  553,  917,  540,  943,  737,  610,  773,  657,  801,  143,  734,  705,  309,  643,  669,  919,  353,  768,  406,  465,  670,  803,  999,  373,  238,  544,  926,  940,  255,  640,  435,  863,  816, 1042,  797,  968,  800,  502, 1018,  691,  401,  626,  563,  669,  615,  863,  826, 1059,  534,  897,   59,  146,  502,   97,  512, 1164,  542,  609,  345, 1066,  835,  896,  318,  529,  871, 1116, 1108,  436,  393,  581,  421,  695,  696,   61,  598,  411,  921,  947,  730,  660,  795,  704,  731,  453,  609,  239,  262,  849,  886,  442,  865,  509,  843,  477,  197,  551,  733,  423,  121,  414,  793,  297, 1117,  762,  420,  675,  557,  646,  508,  234,  703,  349,  627,  487,  564,  905,  500, 1057,  971,  456,  458,  810,  173,  473,  188,  797,  487,  483,  639,  857,  696,  499,  879,  949,  134,  344,  873,  956,  802,  947,  481,  743,  964,  717,  469,   17, 1135,  426,  988,  895,  753,  871,   83,  815,  753,  571,  435,  699, 1026,  560,  115,  142,  785],
        [  659,    0,  272,    0,   65,  404,  702,  547,  821,  550,  504,  623,  501,  764,  409,  463,  435,  414,  400,  699,  770,  284,  531,  352,  325,  443,  647,  846,  509,  111,  274,  751,  709,   93,  370,  179,  863,  698,  816,  530,  825,  773,  507,  861,  530,  147,  570,  577,  615,  350,  592,  598,  850,  449,  744,  253,  414,  592,  369,  322,  968,  297,  538,  261,  878,  748,  833,  118,  451,  834,  941,  897,  441,  338,  460,  459,  543,  500,  224,  326,  330,  686,  702,  565,  403,  675,  433,  476,  194,  391,  149,   59,  578,  785,  180,  768,  543,  577,  589,  178,  501,  684,  270,  308,  548,  522,   36,  948,  761,  212,  404,  289,  712,  468,   60,  580,  428,  403,  279,  304,  820,  604,  886,  775,  403,  278,  553,  328,  573,  332,  838,  219,  319,  493,  862,  687,  283,  776,  834,  200,  296,  841,  762,  557,  848,  531,  574,  780,  498,  505,  286,  938,  520,  794,  841,  487,  832,  309,  766,  551,  584,  169,  558,  834,  294,  380,  340,  720],
        [  687,    0,  221,   65,    0,  393,  720,  501,  808,  555,  482,  616,  494,  729,  362,  516,  493,  353,  429,  651,  764,  244,  558,  312,  308,  465,  642,  842,  447,  131,  325,  753,  734,   57,  421,  215,  822,  682,  839,  592,  818,  736,  460,  858,  526,  212,  537,  530,  582,  412,  643,  621,  866,  420,  739,  194,  366,  534,  316,  324,  979,  327,  508,  223,  886,  725,  805,  170,  421,  800,  945,  914,  392,  297,  442,  406,  536,  508,  181,  381,  296,  712,  734,  563,  441,  660,  486,  513,  258,  407,  166,   44,  629,  765,  244,  748,  492,  623,  529,  117,  465,  651,  255,  244,  486,  578,   79,  950,  719,  218,  456,  350,  658,  429,   78,  565,  369,  422,  288,  344,  797,  545,  888,  786,  365,  275,  592,  264,  514,  268,  790,  281,  311,  483,  820,  646,  296,  757,  819,  177,  252,  806,  771,  588,  828,  477,  573,  786,  516,  453,  235,  950,  461,  804,  811,  549,  798,  248,  734,  562,  537,  215,  548,  844,  340,  324,  277,  691],
        [  416,    0,  553,  404,  393,    0,  392,  313,  418,  195,  124,  225,  105,  411,  686,  489,  530,  410,  258,  443,  373,  211,  311,  192,   89,  219,  252,  451,  485,  513,  364,  373,  440,  337,  407,  291,  539,  295,  526,  639,  426,  430,  290,  469,  138,  468,  233,  339,  268,  527,  554,  335,  520,  129,  349,  499,  687,  459,  624,  105,  616,  243,  191,  211,  515,  356,  453,  509,  140,  474,  564,  570,  274,  196,   75,  327,  145,  169,  543,  416,  162,  432,  482,  177,  321,  273,  467,  352,  474,  168,  550,  357,  548,  386,  460,  371,  351,  492,  490,  357,  204,  331,  138,  487,  500,  561,  372,  565,  450,  202,  432,  477,  502,  208,  458,  179,  378,  191,  156,  302,  427,  487,  504,  425,  180,  129,  416,  458,  463,  446,  568,  447,   85,   91,  543,  381,  167,  377,  431,  564,  230,  485,  409,  361,  448,  369,  191,  413,  229,  337,  569,  587,  428,  441,  466,  618,  470,  523,  402,  225,  340,  329,  155,  477,  339,  608,  504,  346],
        [  120,    0,  917,  702,  720,  392,    0,  657,  380,  200,  424,  269,  309,  600, 1057,  464,  544,  800,  316,  739,  276,  598,  192,  583,  469,  260,  245,  291,  870,  809,  499,  175,   84,  671,  457,  529,  737,  361,  135,  613,  315,  630,  648,  288,  281,  690,  523,  674,  527,  614,  421,  117,  150,  489,  254,  868, 1059,  821,  998,  406,  275,  412,  492,  594,  209,  462,  559,  772,  501,  628,  294,  195,  653,  587,  411,  706,  295,  227,  894,  504,  554,  105,  172,  249,  348,  356,  465,  294,  666,  313,  845,  677,  428,  432,  659,  439,  707,  347,  860,  723,  545,  550,  499,  869,  881,  504,  667,  313,  690,  503,  451,  600,  820,  570,  762,  357,  766,  300,  433,  430,  493,  851,  263,  110,  563,  460,  271,  845,  832,  834,  825,  619,  441,  339,  749,  647,  424,  424,  405,  895,  619,  644,  109,  202,  460,  734,  232,  155,  205,  705,  933,  247,  805,  127,  585,  621,  620,  901,  570,  169,  671,  554,  317,  166,  464,  987,  889,  515],
        [  710,    0,  540,  547,  501,  313,  657,    0,  483,  464,  234,  403,  354,  267,  629,  790,  819,  251,  568,  154,  507,  265,  619,  201,  303,  531,  434,  582,  263,  630,  636,  566,  722,  455,  701,  528,  327,  373,  788,  931,  538,  262,   41,  605,  379,  668,  146,   31,  170,  793,  865,  631,  752,  186,  499,  483,  626,  168,  566,  392,  813,  531,  167,  291,  709,  343,  373,  665,  174,  335,  724,  801,  110,  214,  259,  121,  362,  463,  564,  697,  234,  721,  779,  408,  628,  360,  766,  665,  694,  480,  660,  489,  859,  404,  679,  380,   56,  805,  212,  399,  114,  213,  337,  427,  254,  863,  529,  713,  225,  428,  729,  734,  191,  107,  579,  308,  203,  503,  428,  590,  401,  198,  664,  649,  162,  373,  728,  376,  185,  360,  293,  686,  341,  324,  323,  157,  444,  401,  479,  619,  252,  336,  632,  670,  456,   92,  425,  615,  534,   80,  552,  789,  178,  659,  367,  904,  336,  471,  288,  508,   37,  563,  342,  683,  621,  532,  422,  274],
        [  493,    0,  943,  821,  808,  418,  380,  483,    0,  327,  335,  209,  325,  290, 1063,  779,  847,  713,  559,  486,  105,  592,  498,  538,  500,  487,  197,  128,  744,  930,  731,  207,  464,  752,  734,  694,  403,  128,  464,  939,   80,  319,  499,  149,  302,  875,  343,  483,  314,  884,  776,  448,  378,  411,  130,  886, 1062,  640,  998,  508,  380,  610,  344,  603,  291,  149,  204,  926,  416,  285,  267,  414,  543,  551,  368,  585,  283,  378,  944,  764,  534,  484,  552,  276,  619,  150,  769,  600,  873,  493,  967,  774,  780,   88,  861,  110,  538,  700,  689,  755,  411,  286,  554,  854,  736,  837,  789,  248,  395,  616,  744,  848,  576,  453,  875,  244,  667,  499,  559,  658,  132,  670,  217,  297,  492,  545,  614,  812,  663,  797,  521,  837,  503,  329,  418,  388,  563,   87,   25,  975,  600,  301,  287,  536,   83,  574,  275,  243,  439,  558,  959,  364,  661,  293,  231,  934,  277,  895,  253,  362,  476,  731,  264,  290,  698,  972,  860,  225],
        [  249,    0,  737,  550,  555,  195,  200,  464,  327,    0,  231,  129,  111,  456,  874,  457,  522,  601,  233,  561,  243,  404,  190,  384,  277,  161,  131,  307,  671,  661,  410,  201,  259,  503,  408,  394,  595,  243,  334,  617,  300,  483,  452,  319,   87,  573,  339,  483,  352,  558,  473,  174,  326,  291,  214,  685,  875,  625,  813,  232,  428,  294,  303,  402,  332,  341,  448,  638,  302,  500,  392,  377,  453,  389,  212,  507,  108,   55,  720,  439,  357,  258,  319,   70,  293,  227,  445,  281,  562,  175,  698,  515,  473,  337,  551,  334,  512,  399,  663,  541,  351,  390,  314,  679,  682,  518,  515,  399,  530,  340,  418,  526,  636,  372,  609,  184,  567,  177,  272,  336,  395,  655,  337,  235,  363,  283,  313,  651,  634,  640,  663,  522,  255,  141,  604,  476,  269,  327,  347,  732,  424,  514,  219,  238,  387,  537,   59,  231,  115,  507,  754,  399,  606,  252,  469,  610,  493,  713,  431,   49,  481,  427,  136,  290,  376,  799,  697,  372],
        [  478,    0,  610,  504,  482,  124,  424,  234,  335,  231,    0,  185,  123,  288,  732,  606,  651,  403,  370,  339,  317,  258,  396,  207,  181,  319,  217,  398,  458,  609,  487,  352,  489,  426,  528,  410,  416,  207,  557,  759,  362,  307,  225,  418,  146,  584,  118,  253,  146,  650,  660,  400,  527,   80,  300,  552,  731,  397,  667,  229,  602,  366,   77,  270,  498,  245,  334,  616,   89,  351,  529,  578,  239,  218,   50,  290,  130,  235,  610,  539,  200,  488,  548,  177,  435,  186,  585,  457,  593,  280,  645,  452,  656,  284,  579,  266,  283,  593,  437,  421,  121,  208,  236,  524,  463,  676,  475,  524,  331,  316,  551,  600,  408,  150,  554,   97,  362,  300,  278,  425,  317,  427,  467,  426,  165,  243,  512,  485,  408,  471,  454,  569,  198,   93,  421,  265,  290,  276,  342,  644,  267,  362,  409,  447,  347,  310,  194,  399,  310,  283,  625,  576,  385,  438,  346,  739,  347,  564,  279,  276,  251,  449,  114,  467,  462,  644,  533,  224],
        [  353,    0,  773,  623,  616,  225,  269,  403,  209,  129,  185,    0,  123,  339,  902,  584,  647,  587,  356,  472,  149,  423,  316,  383,  312,  285,   33,  228,  641,  733,  523,  167,  345,  561,  531,  487,  478,  115,  393,  745,  203,  367,  402,  245,   95,  668,  261,  416,  260,  678,  600,  287,  349,  263,  125,  718,  902,  570,  839,  304,  418,  402,  237,  429,  314,  214,  320,  723,  272,  376,  348,  398,  423,  392,  196,  474,   81,  174,  766,  559,  367,  354,  421,   68,  419,  100,  572,  410,  665,  285,  771,  579,  601,  209,  653,  205,  457,  526,  613,  578,  299,  283,  362,  697,  644,  647,  590,  346,  423,  414,  544,  640,  555,  332,  679,   95,  546,  293,  353,  450,  266,  601,  287,  247,  347,  346,  438,  662,  585,  649,  558,  629,  306,  135,  488,  379,  356,  199,  227,  789,  437,  391,  230,  362,  261,  488,   71,  215,  244,  462,  789,  392,  567,  257,  343,  736,  369,  736,  311,  173,  412,  523,   75,  283,  491,  818,  710,  253],
        [  356,    0,  657,  501,  494,  105,  309,  354,  325,  111,  123,  123,    0,  378,  789,  508,  562,  496,  271,  459,  271,  311,  277,  282,  193,  210,  149,  348,  562,  611,  418,  270,  369,  439,  441,  370,  515,  211,  443,  666,  325,  402,  342,  365,   34,  551,  236,  375,  256,  578,  549,  278,  425,  181,  246,  603,  790,  515,  727,  184,  515,  295,  197,  314,  414,  290,  394,  602,  192,  432,  460,  476,  344,  289,  102,  397,   43,  114,  647,  461,  259,  367,  426,   74,  337,  189,  491,  347,  550,  187,  648,  457,  546,  306,  537,  296,  402,  479,  552,  461,  241,  305,  241,  588,  572,  576,  467,  461,  439,  292,  459,  536,  530,  262,  557,  108,  460,  202,  234,  348,  356,  544,  400,  328,  256,  223,  395,  556,  524,  544,  568,  517,  184,   30,  522,  379,  239,  297,  341,  667,  328,  445,  311,  328,  366,  427,   89,  311,  191,  397,  673,  487,  496,  342,  412,  651,  426,  625,  360,  154,  373,  407,   65,  376,  389,  709,  603,  300],
        [  691,    0,  801,  764,  729,  411,  600,  267,  290,  456,  288,  339,  378,    0,  896,  885,  935,  517,  647,  208,  361,  485,  644,  418,  457,  587,  357,  414,  518,  860,  775,  453,  681,  677,  813,  694,  140,  241,  713, 1041,  365,   31,  301,  436,  380,  861,  195,  251,  151,  938,  924,  624,  645,  319,  368,  743,  893,  390,  832,  516,  666,  653,  231,  507,  572,  149,  114,  880,  315,   72,  556,  687,  366,  433,  337,  388,  355,  485,  819,  826,  435,  692,  759,  386,  713,  245,  867,  724,  876,  560,  894,  707,  922,  203,  861,  184,  312,  852,  439,  642,  264,   82,  508,  691,  499,  954,  739,  537,  106,  596,  834,  887,  296,  302,  806,  275,  470,  577,  565,  711,  168,  416,  504,  549,  365,  525,  766,  642,  418,  626,  235,  854,  482,  358,  150,  121,  577,  206,  275,  869,  482,   78,  535,  693,  230,  348,  398,  501,  562,  346,  814,  648,  432,  552,  102, 1024,   71,  735,   37,  504,  243,  732,  325,  560,  749,  798,  688,   86],
        [ 1039,    0,  143,  409,  362,  686, 1057,  629, 1063,  874,  732,  902,  789,  896,    0,  871,  837,  382,  785,  741, 1046,  480,  911,  526,  599,  812,  933, 1127,  416,  355,  683, 1059, 1082,  397,  779,  576,  941,  936, 1183,  924, 1093,  891,  596, 1146,  823,  527,  734,  648,  775,  742, 1001,  968, 1197,  653, 1025,  189,    8,  557,   65,  652, 1301,  685,  722,  476, 1201,  946,  997,  435,  648,  964, 1248, 1247,  534,  514,  708,  509,  826,  834,  185,  735,  536, 1063, 1090,  863,  802,  916,  841,  874,  579,  750,  344,  404,  987, 1000,  570,  978,  590,  984,  522,  335,  660,  834,  561,  210,  453,  928,  436, 1247,  844,  562,  813,  686,  703,  616,  364,  828,  428,  769,  629,  706, 1013,  548, 1188, 1108,  572,  597,  953,  256,  526,  272,  859,  617,  620,  769,  933,  784,  641,  994, 1067,  234,  467,  964, 1092,  944, 1060,  557,  877, 1099,  858,  553,  128, 1272,  487, 1125,  994,  879,  965,  168,  914,  892,  657,  575,  828, 1162,  700,   99,  208,  890],
        [  358,    0,  734,  463,  516,  489,  464,  790,  779,  457,  606,  584,  508,  885,  871,    0,   83,  789,  238,  930,  685,  575,  287,  613,  490,  302,  586,  731,  885,  531,  194,  608,  416,  499,  100,  317, 1020,  698,  514,  161,  738,  908,  760,  734,  512,  360,  721,  819,  751,  181,  135,  353,  595,  613,  656,  709,  876,  911,  830,  399,  724,  262,  678,  554,  672,  791,  898,  461,  623,  940,  757,  625,  720,  606,  560,  765,  537,  412,  686,  137,  573,  384,  356,  519,  172,  680,   31,  180,  312,  327,  556,  479,  119,  793,  316,  788,  817,  154,  929,  593,  690,  809,  467,  751,  915,   73,  439,  776,  936,  389,   65,  205,  981,  684,  509,  614,  780,  308,  366,  207,  850,  934,  722,  572,  634,  423,  197,  755,  905,  753, 1056,  264,  450,  527, 1025,  869,  349,  783,  801,  649,  600,  953,  567,  263,  843,  826,  514,  608,  342,  793,  748,  698,  858,  589,  917,  159,  934,  761,  868,  418,  821,  305,  567,  629,  188,  839,  781,  808],
        [  440,    0,  705,  435,  493,  530,  544,  819,  847,  522,  651,  647,  562,  935,  837,   83,    0,  793,  293,  964,  756,  588,  362,  632,  517,  363,  652,  805,  890,  488,  190,  683,  498,  484,  123,  314, 1066,  759,  597,  113,  810,  956,  786,  809,  570,  314,  762,  849,  796,  110,  201,  431,  677,  648,  727,  686,  843,  928,  802,  432,  806,  290,  720,  564,  752,  849,  955,  413,  658,  992,  837,  708,  741,  624,  603,  782,  594,  474,  653,  126,  594,  466,  439,  581,  229,  741,   80,  254,  263,  376,  510,  461,  184,  855,  270,  849,  841,  234,  943,  582,  725,  857,  486,  734,  922,   97,  415,  855,  979,  401,  104,  153, 1009,  714,  474,  669,  788,  361,  392,  231,  911,  949,  800,  651,  660,  447,  279,  744,  920,  744, 1094,  221,  479,  578, 1071,  909,  376,  845,  868,  609,  611, 1005,  645,  343,  908,  846,  577,  685,  409,  814,  718,  780,  871,  669,  973,   90,  987,  741,  920,  486,  852,  293,  623,  709,  200,  815,  766,  861],
        [  821,    0,  309,  414,  353,  410,  800,  251,  713,  601,  403,  587,  496,  517,  382,  789,  793,    0,  612,  363,  716,  223,  706,  219,  344,  604,  619,  796,   98,  462,  605,  753,  848,  329,  691,  479,  561,  592,  934,  902,  756,  511,  221,  817,  529,  558,  371,  268,  407,  735,  894,  741,  921,  325,  701,  258,  378,  196,  319,  432, 1004,  537,  370,  240,  900,  582,  622,  520,  315,  584,  930,  972,  170,  216,  398,  132,  522,  578,  347,  668,  251,  839,  885,  567,  657,  574,  761,  714,  599,  541,  484,  362,  884,  641,  584,  618,  209,  850,  180,  237,  303,  461,  339,  189,  135,  860,  412,  924,  463,  402,  725,  672,  338,  262,  422,  498,   48,  565,  440,  585,  646,  199,  869,  822,  242,  387,  790,  137,  170,  122,  488,  609,  381,  469,  554,  403,  458,  636,  713,  414,  198,  584,  805,  752,  697,  176,  583,  799,  630,  172,  319,  977,  119,  836,  617,  865,  586,  232,  538,  634,  276,  503,  514,  867,  602,  283,  177,  520],
        [  260,    0,  643,  400,  429,  258,  316,  568,  559,  233,  370,  356,  271,  647,  785,  238,  293,  612,    0,  700,  473,  390,  133,  409,  278,   73,  363,  532,  701,  501,  187,  414,  311,  389,  176,  221,  782,  467,  419,  396,  530,  670,  541,  540,  277,  374,  486,  595,  515,  326,  298,  204,  465,  385,  444,  602,  788,  703,  733,  184,  590,  104,  444,  374,  513,  557,  663,  458,  396,  702,  590,  508,  511,  406,  325,  561,  302,  182,  609,  207,  371,  287,  306,  289,   67,  448,  221,  103,  352,   90,  536,  386,  292,  563,  344,  557,  601,  242,  728,  463,  461,  571,  274,  622,  724,  307,  366,  603,  700,  229,  190,  298,  758,  461,  458,  377,  592,   71,  173,  115,  618,  728,  544,  407,  420,  226,  179,  611,  701,  605,  823,  306,  238,  290,  788,  634,  157,  553,  579,  598,  415,  715,  397,  160,  617,  614,  286,  428,  129,  581,  658,  561,  659,  426,  681,  383,  697,  645,  630,  205,  596,  241,  331,  468,  152,  730,  648,  570],
        [  810,    0,  669,  699,  651,  443,  739,  154,  486,  561,  339,  472,  459,  208,  741,  930,  964,  363,  700,    0,  540,  419,  734,  354,  448,  655,  499,  604,  336,  779,  784,  619,  812,  607,  843,  679,  202,  406,  864, 1075,  556,  187,  194,  627,  476,  821,  223,  123,  213,  943,  995,  734,  811,  317,  540,  615,  737,  196,  681,  533,  851,  674,  263,  444,  752,  338,  321,  817,  307,  256,  748,  858,  260,  368,  377,  253,  454,  572,  699,  843,  387,  816,  879,  497,  763,  401,  906,  792,  848,  610,  808,  641,  990,  399,  832,  377,  163,  930,  243,  545,  240,  205,  487,  551,  309, 1002,  682,  732,  116,  579,  870,  885,   90,  252,  729,  384,  321,  632,  572,  733,  373,  218,  692,  711,  313,  520,  850,  499,  227,  483,  140,  838,  485,  431,  193,  100,  588,  400,  475,  760,  404,  250,  695,  785,  435,  189,  513,  668,  648,  204,  680,  830,  256,  717,  305, 1049,  261,  594,  242,  609,  118,  715,  428,  733,  766,  643,  540,  263],
        [  389,    0,  919,  770,  764,  373,  276,  507,  105,  243,  317,  149,  271,  361, 1046,  685,  756,  716,  473,  540,    0,  567,  400,  522,  460,  401,  124,   81,  761,  881,  652,  103,  359,  709,  646,  629,  488,  136,  364,  844,   58,  391,  516,  102,  241,  809,  361,  513,  343,  799,  675,  347,  286,  397,   30,  863, 1046,  672,  982,  450,  312,  535,  350,  574,  213,  213,  295,  868,  405,  372,  217,  326,  548,  533,  338,  595,  229,  297,  913,  680,  510,  380,  447,  207,  530,  148,  677,  505,  802,  416,  918,  727,  679,  167,  791,  181,  563,  599,  718,  725,  417,  336,  510,  839,  758,  740,  736,  209,  463,  560,  653,  768,  628,  456,  827,  220,  673,  419,  497,  578,  225,  702,  157,  197,  481,  493,  514,  801,  691,  787,  595,  763,  454,  283,  501,  440,  499,  161,  130,  937,  579,  387,  185,  436,  186,  597,  201,  144,  348,  576,  935,  291,  681,  196,  322,  841,  364,  879,  326,  271,  507,  664,  220,  200,  618,  960,  850,  283],
        [  606,    0,  353,  284,  244,  211,  598,  265,  592,  404,  258,  423,  311,  485,  480,  575,  588,  223,  390,  419,  567,    0,  487,   69,  130,  385,  453,  648,  313,  375,  399,  580,  638,  194,  478,  278,  580,  464,  730,  699,  616,  492,  225,  667,  345,  404,  295,  296,  340,  545,  674,  528,  729,  185,  546,  296,  480,  342,  417,  211,  825,  318,  269,   26,  724,  492,  565,  402,  183,  556,  768,  780,  164,   54,  229,  197,  346,  372,  354,  462,   59,  625,  668,  385,  436,  443,  548,  492,  432,  321,  409,  226,  665,  538,  417,  518,  269,  628,  356,  165,  222,  409,  117,  277,  340,  648,  265,  767,  477,  188,  511,  483,  441,  185,  322,  351,  206,  344,  219,  369,  563,  362,  708,  636,  121,  165,  568,  248,  333,  237,  558,  428,  163,  290,  578,  403,  236,  531,  599,  391,   26,  562,  619,  532,  600,  265,  399,  622,  415,  235,  369,  797,  284,  651,  569,  666,  555,  315,  492,  430,  302,  310,  348,  686,  391,  398,  293,  451],
        [  129,    0,  768,  531,  558,  311,  192,  619,  498,  190,  396,  316,  277,  644,  911,  287,  362,  706,  133,  734,  400,  487,    0,  492,  362,  103,  311,  444,  789,  634,  308,  322,  179,  515,  267,  353,  783,  430,  287,  445,  453,  671,  600,  448,  266,  504,  512,  643,  532,  424,  284,   75,  338,  435,  372,  725,  913,  770,  856,  277,  466,  235,  472,  475,  397,  530,  636,  590,  447,  689,  479,  379,  584,  492,  362,  636,  291,  164,  737,  312,  456,  155,  183,  259,  157,  416,  283,  108,  477,  167,  668,  515,  285,  521,  471,  520,  661,  210,  801,  583,  507,  576,  374,  738,  808,  340,  497,  496,  714,  350,  265,  409,  803,  518,  590,  370,  680,  145,  285,  243,  581,  798,  440,  293,  489,  328,  123,  722,  773,  715,  844,  428,  325,  304,  792,  656,  272,  512,  521,  729,  511,  704,  286,   51,  567,  680,  249,  324,   87,  648,  784,  438,  737,  312,  658,  445,  683,  764,  621,  144,  642,  373,  321,  353,  274,  850,  762,  561],
        [  604,    0,  406,  352,  312,  192,  583,  201,  538,  384,  207,  383,  282,  418,  526,  613,  632,  219,  409,  354,  522,   69,  492,    0,  132,  393,  414,  603,  297,  443,  445,  546,  630,  262,  518,  331,  512,  411,  716,  744,  568,  424,  162,  623,  315,  468,  229,  232,  273,  598,  703,  524,  706,  128,  503,  348,  525,  299,  461,  226,  795,  352,  205,   92,  692,  431,  500,  470,  124,  489,  730,  757,  109,   16,  188,  153,  312,  360,  413,  507,   40,  621,  669,  354,  462,  391,  586,  511,  494,  331,  477,  294,  694,  480,  478,  459,  212,  651,  320,  227,  155,  342,  147,  318,  317,  685,  331,  727,  410,  234,  549,  537,  383,  117,  390,  303,  189,  355,  247,  407,  501,  322,  669,  609,   54,  191,  584,  280,  294,  266,  493,  486,  172,  256,  510,  335,  265,  473,  543,  455,   66,  495,  592,  540,  541,  215,  370,  590,  414,  182,  421,  767,  251,  623,  503,  714,  488,  358,  425,  416,  237,  365,  308,  656,  433,  438,  328,  386],
        [  478,    0,  465,  325,  308,   89,  469,  303,  500,  277,  181,  312,  193,  457,  599,  490,  517,  344,  278,  448,  460,  130,  362,  132,    0,  262,  340,  539,  428,  432,  336,  461,  509,  252,  399,  239,  573,  375,  601,  629,  512,  471,  271,  557,  226,  406,  265,  332,  307,  497,  573,  399,  602,  141,  436,  412,  600,  426,  538,   95,  702,  229,  226,  126,  602,  425,  514,  436,  148,  524,  652,  653,  234,  131,  136,  283,  232,  243,  455,  395,   94,  497,  541,  265,  333,  352,  464,  380,  420,  200,  468,  275,  565,  460,  405,  444,  328,  520,  450,  269,  212,  375,   56,  403,  449,  563,  295,  653,  477,  140,  428,  441,  493,  198,  377,  257,  319,  224,  125,  288,  497,  451,  593,  510,  145,   73,  452,  376,  424,  366,  582,  400,   41,  177,  575,  404,  142,  452,  511,  478,  152,  533,  494,  409,  523,  338,  278,  500,  287,  305,  481,  673,  382,  526,  524,  602,  521,  437,  453,  301,  335,  277,  241,  563,  319,  522,  421,  402],
        [  228,    0,  670,  443,  465,  219,  260,  531,  487,  161,  319,  285,  210,  587,  812,  302,  363,  604,   73,  655,  401,  385,  103,  393,  262,    0,  291,  460,  689,  550,  256,  343,  270,  419,  247,  270,  724,  397,  375,  462,  457,  612,  509,  468,  211,  436,  436,  557,  462,  399,  341,  157,  409,  346,  371,  625,  815,  676,  756,  174,  530,  154,  395,  373,  448,  490,  596,  514,  358,  640,  522,  455,  487,  392,  279,  539,  236,  111,  642,  280,  356,  251,  285,  219,  134,  379,  288,  139,  417,   65,  586,  421,  338,  493,  409,  488,  570,  276,  705,  482,  421,  514,  272,  637,  709,  368,  409,  534,  647,  251,  259,  370,  719,  427,  503,  314,  580,   44,  184,  183,  549,  703,  474,  343,  394,  226,  197,  620,  678,  613,  773,  373,  224,  232,  731,  583,  172,  483,  507,  638,  409,  653,  331,  148,  546,  587,  215,  360,   59,  554,  686,  501,  640,  362,  616,  451,  634,  664,  568,  133,  557,  296,  266,  404,  222,  750,  660,  508],
        [  336,    0,  803,  647,  642,  252,  245,  434,  197,  131,  217,   33,  149,  357,  933,  586,  652,  619,  363,  499,  124,  453,  311,  414,  340,  291,    0,  200,  673,  757,  535,  135,  324,  587,  538,  506,  495,  123,  366,  747,  180,  386,  434,  217,  117,  687,  291,  446,  288,  687,  595,  275,  318,  295,   98,  747,  933,  601,  869,  326,  386,  416,  268,  458,  282,  225,  329,  744,  305,  390,  317,  367,  455,  424,  227,  506,  108,  181,  794,  568,  397,  335,  403,   84,  424,  113,  575,  409,  681,  297,  795,  604,  596,  210,  670,  211,  488,  519,  645,  607,  330,  306,  389,  728,  676,  646,  613,  315,  445,  437,  548,  652,  583,  365,  704,  127,  578,  303,  374,  462,  270,  632,  256,  216,  379,  370,  432,  693,  617,  680,  581,  644,  332,  164,  506,  404,  376,  201,  217,  815,  467,  405,  199,  354,  258,  519,   80,  183,  244,  494,  819,  360,  598,  226,  353,  740,  383,  767,  327,  170,  442,  542,  107,  251,  502,  849,  741,  271],
        [  410,    0,  999,  846,  842,  451,  291,  582,  128,  307,  398,  228,  348,  414, 1127,  731,  805,  796,  532,  604,   81,  648,  444,  603,  539,  460,  200,    0,  838,  956,  714,  123,  370,  787,  700,  699,  531,  210,  351,  888,   50,  444,  593,   23,  317,  879,  437,  586,  416,  856,  708,  382,  258,  478,  103,  943, 1126,  746, 1063,  525,  253,  601,  428,  655,  165,  268,  332,  941,  486,  413,  144,  289,  627,  614,  419,  674,  307,  362,  993,  738,  591,  395,  460,  281,  585,  224,  726,  552,  869,  482,  994,  804,  713,  212,  858,  231,  638,  632,  793,  805,  495,  400,  589,  920,  835,  781,  812,  131,  519,  635,  704,  829,  693,  535,  903,  301,  752,  482,  571,  640,  260,  776,   90,  191,  562,  570,  550,  882,  766,  868,  647,  828,  532,  363,  545,  505,  571,  209,  149, 1015,  660,  428,  186,  473,  206,  673,  273,  138,  404,  653, 1015,  236,  758,  182,  358,  889,  405,  960,  378,  328,  580,  733,  301,  169,  680, 1041,  931,  343],
        [  899,    0,  373,  509,  447,  485,  870,  263,  744,  671,  458,  641,  562,  518,  416,  885,  890,   98,  701,  336,  761,  313,  789,  297,  428,  689,  673,  838,    0,  550,  701,  808,  923,  426,  787,  576,  537,  630, 1005,  999,  795,  506,  246,  860,  593,  654,  403,  270,  432,  833,  987,  819,  983,  384,  749,  330,  411,  144,  360,  519, 1058,  630,  411,  333,  954,  605,  629,  611,  373,  579,  977, 1034,  220,  298,  461,  168,  583,  653,  419,  765,  334,  916,  965,  629,  748,  615,  856,  803,  696,  627,  569,  458,  977,  666,  681,  643,  210,  941,  107,  332,  345,  474,  428,  254,   43,  956,  508,  968,  447,  496,  820,  769,  288,  309,  513,  548,  110,  651,  531,  680,  662,  133,  916,  883,  308,  476,  878,  206,  112,  194,  445,  706,  467,  534,  527,  398,  549,  663,  741,  490,  288,  577,  866,  836,  718,  173,  646,  855,  710,  187,  379, 1032,   86,  895,  619,  962,  582,  290,  543,  707,  278,  600,  571,  923,  698,  319,  232,  536],
        [  761,    0,  238,  111,  131,  513,  809,  630,  930,  661,  609,  733,  611,  860,  355,  531,  488,  462,  501,  779,  881,  375,  634,  443,  432,  550,  757,  956,  550,    0,  356,  861,  812,  184,  447,  281,  952,  806,  920,  571,  936,  867,  589,  972,  641,  175,  667,  659,  712,  390,  665,  703,  958,  550,  855,  243,  361,  651,  329,  433, 1076,  399,  638,  354,  988,  853,  935,   81,  551,  931, 1052, 1004,  520,  428,  567,  531,  653,  610,  179,  397,  426,  788,  800,  676,  497,  783,  503,  571,  227,  499,   38,  158,  650,  891,  219,  874,  618,  660,  641,  235,  596,  782,  377,  315,  591,  582,  146, 1058,  849,  322,  478,  336,  781,  560,   56,  688,  485,  510,  390,  399,  925,  659,  997,  884,  496,  388,  645,  350,  629,  359,  917,  269,  428,  603,  950,  776,  393,  883,  942,  122,  382,  937,  871,  656,  954,  601,  685,  890,  605,  578,  247, 1047,  576,  903,  941,  525,  929,  300,  864,  661,  665,  262,  668,  944,  381,  353,  346,  821],
        [  425,    0,  544,  274,  325,  364,  499,  636,  731,  410,  487,  523,  418,  775,  683,  194,  190,  605,  187,  784,  652,  399,  308,  445,  336,  256,  535,  714,  701,  356,    0,  599,  482,  306,   97,  126,  901,  627,  590,  301,  709,  793,  602,  723,  434,  201,  593,  667,  630,  164,  319,  383,  646,  473,  623,  517,  687,  740,  640,  260,  773,  124,  551,  375,  699,  707,  809,  296,  482,  837,  776,  687,  554,  436,  438,  594,  457,  356,  498,   64,  407,  453,  454,  455,  155,  606,  164,  224,  169,  239,  385,  287,  305,  723,  164,  714,  656,  305,  754,  401,  548,  694,  301,  558,  733,  260,  248,  789,  809,  213,  131,  118,  825,  533,  325,  523,  599,  234,  214,   74,  774,  761,  729,  593,  476,  264,  293,  563,  731,  561,  917,  121,  302,  428,  904,  737,  200,  714,  749,  468,  422,  848,  583,  317,  781,  659,  456,  614,  314,  627,  558,  745,  682,  612,  825,  269,  832,  569,  764,  388,  670,  112,  483,  654,   35,  647,  588,  707],
        [  292,    0,  926,  751,  753,  373,  175,  566,  207,  201,  352,  167,  270,  453, 1059,  608,  683,  753,  414,  619,  103,  580,  322,  546,  461,  343,  135,  123,  808,  861,  599,    0,  258,  699,  580,  595,  584,  216,  263,  765,  141,  484,  568,  127,  236,  771,  421,  576,  412,  737,  586,  260,  194,  429,   87,  872, 1059,  733,  996,  430,  251,  490,  401,  583,  147,  307,  396,  839,  439,  470,  192,  239,  590,  555,  359,  640,  235,  254,  914,  620,  527,  280,  347,  197,  465,  219,  604,  429,  758,  373,  898,  713,  591,  267,  748,  278,  620,  510,  777,  729,  465,  418,  506,  857,  810,  658,  716,  198,  551,  540,  583,  712,  705,  499,  809,  260,  713,  370,  472,  526,  326,  763,  136,   97,  512,  480,  427,  824,  749,  811,  686,  715,  447,  292,  597,  521,  470,  260,  232,  929,  596,  486,   83,  351,  288,  652,  183,   50,  286,  628,  942,  225,  733,  100,  422,  766,  462,  894,  419,  212,  571,  627,  240,  118,  564,  978,  871,  371],
        [   59,    0,  940,  709,  734,  440,   84,  722,  464,  259,  489,  345,  369,  681, 1082,  416,  498,  848,  311,  812,  359,  638,  179,  630,  509,  270,  324,  370,  923,  812,  482,  258,    0,  689,  426,  532,  818,  443,  109,  557,  397,  710,  710,  365,  344,  680,  593,  740,  600,  579,  356,  114,  180,  547,  337,  894, 1084,  883, 1025,  435,  309,  413,  559,  630,  266,  544,  642,  768,  559,  710,  353,  211,  708,  633,  469,  762,  362,  271,  912,  476,  598,   33,   91,  317,  328,  436,  422,  263,  650,  332,  847,  690,  364,  515,  645,  522,  770,  284,  920,  750,  609,  627,  532,  902,  937,  448,  675,  376,  767,  521,  414,  574,  891,  630,  768,  429,  817,  313,  453,  420,  576,  913,  332,  182,  616,  489,  220,  881,  892,  872,  903,  601,  477,  399,  829,  722,  442,  507,  488,  906,  660,  726,  185,  166,  544,  795,  300,  232,  225,  765,  956,  283,  862,  195,  668,  569,  702,  931,  650,  217,  738,  552,  386,  228,  449, 1017,  923,  595],
        [  644,    0,  255,   93,   57,  337,  671,  455,  752,  503,  426,  561,  439,  677,  397,  499,  484,  329,  389,  607,  709,  194,  515,  262,  252,  419,  587,  787,  426,  184,  306,  699,  689,    0,  401,  186,  773,  626,  792,  588,  763,  685,  414,  803,  471,  230,  484,  485,  529,  413,  621,  576,  816,  366,  684,  217,  400,  502,  346,  272,  928,  288,  454,  171,  834,  669,  751,  210,  367,  747,  891,  865,  348,  247,  386,  367,  481,  456,  224,  365,  242,  668,  694,  508,  407,  604,  469,  478,  270,  359,  220,   35,  608,  710,  255,  692,  450,  595,  501,   99,  413,  598,  200,  253,  464,  564,   83,  895,  671,  169,  436,  350,  619,  378,  130,  509,  339,  376,  239,  314,  742,  515,  834,  734,  313,  220,  557,  261,  483,  262,  746,  283,  255,  427,  771,  597,  248,  701,  763,  230,  204,  754,  719,  548,  773,  439,  519,  733,  468,  412,  270,  898,  430,  752,  757,  548,  746,  265,  681,  511,  491,  195,  492,  791,  315,  347,  283,  637],
        [  367,    0,  640,  370,  421,  407,  457,  701,  734,  408,  528,  531,  441,  813,  779,  100,  123,  691,  176,  843,  646,  478,  267,  518,  399,  247,  538,  700,  787,  447,   97,  580,  426,  401,    0,  218,  944,  641,  531,  233,  702,  834,  669,  707,  450,  283,  640,  730,  674,  158,  223,  340,  599,  527,  617,  613,  783,  816,  736,  311,  728,  170,  598,  456,  663,  729,  835,  382,  537,  871,  745,  636,  626,  510,  480,  670,  475,  358,  594,   54,  479,  395,  384,  464,  116,  622,   70,  164,  241,  255,  475,  383,  209,  738,  241,  731,  725,  214,  833,  495,  604,  734,  372,  653,  817,  170,  344,  761,  857,  291,   36,  150,  891,  595,  420,  548,  682,  241,  274,  112,  792,  838,  704,  559,  542,  329,  218,  656,  809,  654,  973,  190,  360,  457,  949,  788,  257,  728,  754,  562,  503,  883,  552,  260,  792,  732,  461,  588,  298,  699,  654,  701,  761,  578,  853,  212,  865,  665,  798,  376,  732,  208,  503,  619,   89,  744,  683,  739],
        [  481,    0,  435,  179,  215,  291,  529,  528,  694,  394,  410,  487,  370,  694,  576,  317,  314,  479,  221,  679,  629,  278,  353,  331,  239,  270,  506,  699,  576,  281,  126,  595,  532,  186,  218,    0,  812,  578,  639,  424,  685,  709,  491,  712,  393,  182,  504,  559,  545,  267,  436,  422,  678,  380,  601,  401,  580,  620,  529,  188,  799,  119,  464,  254,  713,  646,  743,  246,  386,  760,  782,  724,  438,  320,  361,  475,  412,  341,  395,  190,  295,  508,  524,  423,  227,  556,  287,  299,  184,  224,  317,  173,  423,  672,  170,  659,  542,  410,  632,  278,  449,  612,  193,  436,  609,  385,  146,  791,  715,  101,  253,  207,  713,  429,  238,  465,  475,  232,  137,  130,  716,  640,  730,  609,  367,  169,  378,  438,  610,  437,  816,  162,  213,  371,  814,  642,  132,  663,  710,  378,  301,  770,  596,  378,  733,  542,  429,  619,  327,  510,  450,  770,  559,  628,  755,  389,  756,  451,  688,  387,  563,   39,  433,  669,  131,  532,  466,  634],
