{
    "name": "random-55-4948",
    "comment": "size=55 seed=4948",
    "nodes": ["+0", "-0", "+1", "-1", "+2", "-2", "+3", "-3", "+4", "-4", "+5", "-5", "+6", "-6", "+7", "-7", "+8", "-8", "+9", "-9", "+10", "-10", "+11", "-11", "+12", "-12", "+13", "-13", "+14", "-14", "+15", "-15", "+16", "-16", "+17", "-17", "+18", "-18", "+19", "-19", "+20", "-20", "+21", "-21", "+22", "-22", "+23", "-23", "+24", "-24", "+25", "-25", "+26", "-26", "+27", "-27", "+28", "-28", "+29", "-29", "+30", "-30", "+31", "-31", "+32", "-32", "+33", "-33", "+34", "-34", "+35", "-35", "+36", "-36", "+37", "-37", "+38", "-38", "+39", "-39", "+40", "-40", "+41", "-41", "+42", "-42", "+43", "-43", "+44", "-44", "+45", "-45", "+46", "-46", "+47", "-47", "+48", "-48", "+49", "-49", "+50", "-50", "+51", "-51", "+52", "-52", "+53", "-53", "+54", "-54", "+55", "-55"],
    "precedence": {
        "+0": "-0",
        "+1": "-1",
        "+2": "-2",
        "+3": "-3",
        "+4": "-4",
        "+5": "-5",
        "+6": "-6",
        "+7": "-7",
        "+8": "-8",
        "+9": "-9",
        "+10": "-10",
        "+11": "-11",
        "+12": "-12",
        "+13": "-13",
        "+14": "-14",
        "+15": "-15",
        "+16": "-16",
        "+17": "-17",
        "+18": "-18",
        "+19": "-19",
        "+20": "-20",
        "+21": "-21",
        "+22": "-22",
        "+23": "-23",
        "+24": "-24",
        "+25": "-25",
        "+26": "-26",
        "+27": "-27",
        "+28": "-28",
        "+29": "-29",
        "+30": "-30",
        "+31": "-31",
        "+32": "-32",
        "+33": "-33",
        "+34": "-34",
        "+35": "-35",
        "+36": "-36",
        "+37": "-37",
        "+38": "-38",
        "+39": "-39",
        "+40": "-40",
        "+41": "-41",
        "+42": "-42",
        "+43": "-43",
        "+44": "-44",
        "+45": "-45",
        "+46": "-46",
        "+47": "-47",
        "+48": "-48",
        "+49": "-49",
        "+50": "-50",
        "+51": "-51",
        "+52": "-52",
        "+53": "-53",
        "+54": "-54",
        "+55": "-55"
    },
    "edges": [
        [    0,    0,  365,  717,  413,  737,  650,  857,  921,  940,  256,  763,  563,  432,  366,  882,  577,  493, 1000,  695,  490,  609,  671,  279,   96,  584,  563,  689,  189,  218,  451,  285,  331,  827,  575,  870,  945,  414,  922,  713,  991,  825,  695,  428,  232,  223,  522,  373,  509,  573,  193,  356,  205,  429,   15,  972,  859,  406,  463,  871,  309,  380,  104,   52,  589,  990,  159,  968,  479,  591,  696,  747,  333,  223,  831,  912,  998,  772,  977,  563,  404,  609,  344,  547,  858,  341,  235,  312,  322,  491,  308,  691,  465,  962,  245,  424,  251,  334,  397,  744,  811,  532,  857,  178,  595,  318,  553,  807,  413,  920,  141,  355],
        [    0,    0,    0,    0,    0,    0,    0,    0,    0,    0,    0,    0,    0,    0,    0,    0,    0,    0,    0,    0,    0,    0,    0,    0,    0,    0,    0,    0,    0,    0,    0,    0,    0,    0,    0,    0,    0,    0,    0,    0,    0,    0,    0,    0,    0,    0,    0,    0,    0,    0,    0,    0,    0,    0,    0,    0,    0,    0,    0,    0,    0,    0,    0,    0,    0,    0,    0,    0,    0,    0,    0,    0,    0,    0,    0,    0,    0,    0,    0,    0,    0,    0,    0,    0,    0,    0,    0,    0,    0,    0,    0,    0,    0,    0,    0,    0,    0,    0,    0,    0,    0,    0,    0,    0,    0,    0,    0,    0,    0,    0,    0,    0],
        [  365,    0,    0,  468,  382,  776,  452,  906,  881,  961,  553,  827,  716,  470,  108,  723,  704,  411,  835,  504,  837,  392,  904,  229,  410,  378,  853,  414,  335,  445,  452,  646,  294,  977,  849,  910,  800,  717,  808,  504, 1116,  688,  460,  755,  138,  259,  471,  723,  145,  819,  403,  220,  514,  743,  351, 1036,  853,   70,  566,  732,  314,  733,  262,  314,  611, 1052,  522,  870,  365,  729,  637,  856,  557,  174,  963,  839,  832,  646, 1059,  808,  602,  729,  698,  801,  956,  283,  578,  138,  435,  648,  280,  896,  775,  887,  448,  218,  156,  446,  290,  640,  989,  387,  931,  517,  470,  417,  503,  841,   74,  950,  451,  247],
        [  717,    0,  468,    0,  375,  580,  109,  685,  558,  692,  761,  646,  688,  451,  570,  296,  649,  303,  390,  117, 1059,  112,  923,  439,  701,  140,  968,   71,  563,  641,  405,  930,  406,  868,  939,  677,  374,  880,  414,   84,  950,  293,   32,  948,  524,  499,  338,  967,  430,  877,  616,  362,  749,  917,  703,  806,  576,  506,  551,  326,  439,  982,  643,  681,  469,  817,  836,  483,  276,  677,  368,  724,  683,  505,  835,  484,  386,  281,  848,  868,  677,  655,  958,  875,  784,  390,  837,  606,  529,  654,  423,  880,  935,  522,  620,  296,  480,  530,  332,  306,  915,  223,  734,  788,  230,  514,  341,  618,  396,  695,  716,  365],
        [  413,    0,  382,  375,    0,  396,  278,  526,  529,  586,  391,  446,  366,  100,  477,  473,  342,   85,  591,  311,  685,  266,  587,  177,  365,  238,  602,  381,  228,  277,   71,  570,  100,  608,  578,  531,  533,  506,  510,  339,  738,  413,  346,  574,  324,  205,  112,  597,  466,  524,  261,  163,  386,  543,  403,  655,  485,  451,  210,  458,  108,  612,  382,  396,  230,  671,  494,  558,  100,  369,  291,  479,  309,  276,  589,  508,  589,  360,  678,  514,  310,  361,  591,  517,  576,  103,  475,  473,  155,  311,  124,  560,  562,  558,  252,  199,  267,  156,  100,  332,  631,  153,  549,  433,  190,  141,  145,  462,  351,  573,  366,  136],
        [  737,    0,  776,  580,  396,    0,  480,  131,  232,  204,  578,   67,  256,  322,  872,  433,  211,  375,  504,  465,  769,  521,  443,  567,  656,  506,  577,  630,  559,  529,  328,  764,  491,  299,  529,  137,  434,  579,  359,  501,  373,  370,  551,  658,  714,  577,  312,  735,  845,  453,  545,  557,  607,  616,  731,  261,  144,  844,  276,  386,  484,  751,  742,  740,  166,  277,  747,  355,  427,  222,  214,  159,  452,  662,  260,  280,  504,  338,  288,  450,  388,  186,  749,  470,  205,  498,  677,  866,  416,  294,  512,  376,  610,  314,  498,  575,  658,  404,  488,  294,  360,  433,  162,  668,  370,  424,  285,   71,  739,  185,  630,  530],
        [  650,    0,  452,  109,  278,  480,    0,  590,  485,  607,  668,  545,  580,  347,  559,  271,  540,  200,  384,   52,  961,   64,  815,  372,  623,   76,  863,  151,  483,  551,  300,  844,  325,  763,  832,  584,  349,  779,  368,   64,  852,  244,   78,  849,  480,  428,  230,  874,  449,  770,  530,  300,  660,  817,  637,  715,  490,  502,  444,  286,  355,  889,  587,  619,  361,  727,  756,  435,  182,  569,  272,  620,  583,  451,  731,  421,  381,  214,  754,  761,  573,  547,  867,  768,  684,  311,  749,  585,  432,  547,  345,  771,  834,  464,  528,  248,  428,  432,  254,  226,  809,  127,  637,  703,  122,  419,  232,  523,  386,  607,  633,  296],
        [  857,    0,  906,  685,  526,  131,  590,    0,  217,  101,  680,   95,  334,  451, 1002,  494,  299,  503,  539,  569,  837,  637,  466,  697,  772,  625,  627,  740,  683,  644,  458,  858,  621,  257,  576,   24,  473,  656,  392,  603,  271,  441,  658,  732,  843,  705,  440,  818,  973,  501,  664,  687,  713,  690,  852,  131,  136,  974,  394,  444,  614,  834,  868,  862,  296,  147,  855,  365,  554,  299,  318,  163,  556,  791,  209,  295,  540,  421,  164,  501,  487,  267,  836,  524,  124,  628,  777,  996,  539,  390,  641,  392,  678,  310,  615,  704,  787,  527,  617,  384,  331,  556,   62,  774,  488,  548,  411,   69,  868,   74,  743,  660],
        [  921,    0,  881,  558,  529,  232,  485,  217,    0,  161,  793,  263,  487,  490,  986,  308,  441,  475,  330,  448,  999,  543,  664,  705,  849,  540,  807,  623,  734,  727,  475,  983,  629,  473,  759,  196,  270,  808,  188,  475,  469,  273,  536,  887,  851,  731,  421,  961,  917,  682,  736,  671,  817,  845,  913,  289,   92,  944,  481,  260,  634,  977,  907,  914,  335,  293,  954,  149,  518,  453,  245,  361,  668,  804,  426,   88,  331,  277,  341,  680,  609,  417,  973,  701,  340,  629,  893,  993,  601,  520,  652,  593,  840,   94,  696,  665,  792,  591,  600,  259,  546,  498,  278,  877,  416,  604,  388,  191,  829,  177,  830,  650],
        [  940,    0,  961,  692,  586,  204,  607,  101,  161,    0,  774,  190,  433,  522, 1061,  465,  395,  551,  489,  578,  937,  660,  563,  762,  859,  652,  727,  753,  761,  731,  522,  955,  685,  341,  676,   80,  430,  755,  348,  609,  311,  423,  668,  832,  909,  776,  490,  917, 1016,  601,  748,  743,  806,  789,  934,  129,  118, 1027,  479,  415,  681,  933,  944,  942,  362,  134,  947,  306,  600,  397,  341,  263,  649,  858,  293,  248,  491,  416,  181,  601,  581,  364,  935,  625,  203,  689,  872, 1059,  619,  485,  706,  490,  778,  248,  701,  751,  852,  607,  672,  386,  417,  594,  146,  867,  518,  626,  459,  134,  917,   29,  832,  718],
        [  256,    0,  553,  761,  391,  578,  668,  680,  793,  774,    0,  586,  353,  347,  588,  841,  382,  473,  953,  701,  303,  650,  419,  366,  164,  622,  312,  757,  228,  124,  387,  193,  364,  598,  321,  697,  888,  166,  844,  730,  767,  775,  733,  205,  418,  311,  470,  207,  692,  320,  159,  437,   51,  190,  261,  779,  716,  611,  313,  816,  328,  222,  334,  294,  466,  797,  181,  875,  487,  387,  610,  544,  126,  380,  611,  808,  952,  721,  774,  310,  194,  414,  201,  293,  654,  382,  100,  544,  239,  291,  354,  446,  223,  854,  142,  511,  402,  242,  436,  682,  572,  542,  666,  102,  575,  251,  492,  643,  576,  750,  116,  419],
        [  763,    0,  827,  646,  446,   67,  545,   95,  263,  190,  586,    0,  244,  365,  921,  494,  206,  433,  558,  531,  752,  586,  402,  613,  678,  570,  550,  695,  592,  550,  376,  766,  538,  235,  500,  112,  489,  568,  411,  567,  308,  433,  617,  645,  758,  617,  370,  729,  902,  424,  571,  608,  619,  603,  759,  214,  172,  896,  301,  445,  528,  744,  777,  770,  218,  231,  760,  399,  485,  208,  280,  102,  462,  705,  195,  325,  559,  403,  232,  423,  393,  175,  746,  445,  140,  546,  683,  912,  448,  296,  557,  331,  593,  352,  521,  632,  703,  435,  541,  360,  300,  494,  104,  680,  434,  458,  345,   73,  793,  165,  649,  581],
        [  563,    0,  716,  688,  366,  256,  580,  334,  487,  433,  353,  244,    0,  266,  793,  637,   49,  401,  729,  587,  513,  597,  236,  488,  471,  573,  328,  717,  418,  346,  304,  525,  428,  270,  284,  354,  658,  325,  593,  624,  429,  568,  657,  403,  616,  469,  353,  485,  822,  209,  377,  514,  392,  361,  561,  427,  399,  785,  156,  597,  403,  501,  599,  581,  233,  445,  532,  602,  447,   36,  386,  192,  236,  563,  269,  528,  728,  522,  422,  204,  163,   71,  503,  221,  302,  442,  447,  770,  285,   74,  438,  196,  354,  566,  321,  563,  569,  273,  463,  475,  273,  482,  315,  452,  459,  302,  348,  311,  702,  407,  433,  486],
        [  432,    0,  470,  451,  100,  322,  347,  451,  490,  522,  347,  365,  266,    0,  559,  494,  243,  149,  607,  370,  624,  348,  490,  249,  364,  322,  517,  467,  245,  251,   47,  537,  177,  511,  489,  459,  544,  436,  506,  402,  647,  428,  420,  509,  393,  255,  126,  547,  562,  431,  251,  255,  354,  475,  424,  578,  432,  539,  111,  470,  164,  563,  423,  426,  162,  594,  480,  544,  187,  270,  273,  387,  243,  341,  495,  484,  606,  374,  595,  422,  227,  264,  547,  427,  488,  187,  441,  547,  118,  214,  194,  460,  489,  533,  221,  298,  339,  110,  198,  337,  532,  231,  467,  410,  237,  116,  145,  392,  445,  506,  352,  227],
        [  366,    0,  108,  570,  477,  872,  559, 1002,  986, 1061,  588,  921,  793,  559,    0,  830,  786,  514,  941,  611,  853,  498,  966,  311,  432,  485,  897,  513,  389,  493,  546,  650,  383, 1058,  898, 1008,  907,  754,  916,  610, 1203,  795,  564,  782,  180,  325,  572,  737,  186,  876,  452,  319,  544,  776,  354, 1132,  955,   71,  648,  840,  397,  745,  264,  315,  707, 1148,  523,  978,  469,  809,  741,  943,  613,  231, 1048,  946,  938,  754, 1153,  865,  666,  812,  709,  856, 1046,  376,  596,   61,  508,  723,  366,  965,  810,  994,  503,  325,  224,  521,  390,  747, 1065,  494, 1024,  535,  577,  492,  605,  939,  176, 1049,  477,  344],
        [  882,    0,  723,  296,  473,  433,  271,  494,  308,  465,  841,  494,  637,  494,  830,    0,  589,  390,  119,  220, 1106,  334,  860,  615,  837,  346,  959,  366,  700,  740,  456, 1030,  553,  728,  918,  478,   80,  913,  130,  228,  763,   70,  286,  990,  740,  663,  374, 1039,  714,  845,  731,  553,  847,  952,  870,  591,  361,  773,  551,   51,  574, 1055,  834,  859,  410,  598,  964,  197,  406,  612,  252,  592,  731,  705,  685,  222,  117,  122,  641,  839,  696,  579, 1040,  854,  613,  544,  934,  854,  607,  635,  576,  799,  959,  245,  711,  514,  685,  602,  493,  165,  792,  358,  553,  899,  288,  600,  350,  439,  656,  477,  835,  542],
        [  577,    0,  704,  649,  342,  211,  540,  299,  441,  395,  382,  206,   49,  243,  786,  589,    0,  368,  680,  546,  559,  560,  279,  477,  487,  537,  377,  680,  421,  360,  276,  561,  412,  273,  333,  317,  609,  369,  544,  582,  423,  520,  617,  447,  611,  465,  316,  526,  803,  258,  386,  496,  418,  405,  574,  401,  354,  774,  139,  548,  391,  542,  605,  590,  187,  418,  559,  553,  416,   30,  338,  171,  259,  558,  264,  479,  680,  474,  401,  253,  189,   33,  542,  270,  282,  425,  479,  766,  281,   92,  425,  232,  400,  518,  332,  540,  562,  269,  440,  428,  290,  448,  286,  478,  419,  296,  309,  269,  685,  370,  453,  467],
        [  493,    0,  411,  303,   85,  375,  200,  503,  475,  551,  473,  433,  401,  149,  514,  390,  368,    0,  509,  229,  762,  200,  632,  238,  448,  174,  665,  320,  310,  360,  103,  654,  167,  620,  637,  504,  453,  579,  435,  259,  736,  333,  273,  650,  379,  277,   64,  678,  471,  578,  345,  197,  469,  617,  482,  634,  442,  477,  253,  379,  185,  693,  453,  472,  218,  649,  577,  488,   53,  397,  230,  483,  383,  335,  596,  443,  507,  281,  662,  569,  375,  382,  673,  574,  569,  162,  558,  518,  235,  358,  191,  596,  634,  493,  334,  202,  321,  234,  125,  256,  653,   83,  535,  517,  106,  223,   93,  436,  367,  542,  450,  176],
        [ 1000,    0,  835,  390,  591,  504,  384,  539,  330,  489,  953,  558,  729,  607,  941,  119,  680,  509,    0,  332, 1212,  444,  943,  734,  955,  459, 1055,  459,  818,  855,  571, 1144,  671,  787, 1012,  520,   71, 1018,  148,  333,  798,  180,  386, 1096,  857,  781,  489, 1149,  817,  937,  847,  671,  961, 1057,  989,  617,  404,  883,  657,  138,  693, 1165,  953,  977,  510,  621, 1081,  185,  524,  701,  351,  659,  841,  823,  742,  244,    4,  234,  669,  932,  802,  667, 1151,  948,  662,  662, 1048,  968,  722,  734,  695,  878, 1062,  244,  826,  629,  803,  716,  612,  272,  856,  476,  600, 1014,  406,  715,  464,  495,  767,  506,  952,  661],
        [  695,    0,  504,  117,  311,  465,   52,  569,  448,  578,  701,  531,  587,  370,  611,  220,  546,  229,  332,    0,  990,  114,  823,  419,  665,  128,  881,  176,  524,  587,  324,  880,  368,  755,  849,  561,  298,  805,  321,   38,  834,  196,   91,  877,  531,  473,  247,  907,  497,  783,  568,  349,  696,  844,  683,  690,  461,  554,  460,  236,  396,  922,  635,  666,  362,  702,  797,  388,  221,  574,  252,  611,  610,  501,  721,  379,  329,  172,  731,  775,  595,  549,  902,  784,  668,  355,  785,  637,  464,  561,  389,  776,  858,  420,  562,  300,  478,  462,  299,  192,  804,  166,  618,  742,  134,  451,  242,  502,  437,  580,  672,  343],
        [  490,    0,  837, 1059,  685,  769,  961,  837,  999,  937,  303,  752,  513,  624,  853, 1106,  559,  762, 1212,  990,    0,  948,  418,  667,  427,  920,  231, 1057,  528,  427,  668,  215,  666,  665,  280,  858, 1144,  195, 1088, 1021,  827, 1038, 1030,  116,  699,  610,  749,  117,  980,  344,  460,  739,  330,  156,  501,  903,  912,  888,  556, 1075,  630,  112,  590,  540,  704,  919,  337, 1106,  783,  548,  861,  677,  382,  669,  697, 1034, 1211,  986,  880,  341,  411,  584,  149,  317,  769,  684,  260,  801,  530,  485,  656,  482,  160, 1075,  442,  814,  693,  530,  738,  943,  608,  837,  803,  321,  860,  545,  765,  822,  869,  910,  388,  722],
        [  609,    0,  392,  112,  266,  521,   64,  637,  543,  660,  650,  586,  597,  348,  498,  334,  560,  200,  444,  114,  948,    0,  829,  331,  591,   29,  864,  121,  452,  529,  303,  818,  294,  796,  837,  633,  412,  771,  431,  114,  893,  307,   87,  838,  428,  389,  245,  856,  385,  778,  505,  255,  638,  808,  596,  764,  543,  440,  453,  349,  327,  870,  540,  575,  390,  777,  725,  498,  167,  589,  321,  654,  574,  403,  766,  482,  441,  275,  801,  769,  572,  570,  846,  774,  725,  278,  726,  525,  420,  557,  312,  791,  827,  526,  509,  195,  379,  421,  220,  284,  837,  118,  681,  677,  152,  404,  255,  569,  324,  658,  604,  256],
        [  671,    0,  904,  923,  587,  443,  815,  466,  664,  563,  419,  402,  236,  490,  966,  860,  279,  632,  943,  823,  418,  829,    0,  679,  577,  805,  188,  950,  577,  477,  532,  526,  632,  253,  139,  489,  872,  293,  800,  859,  410,  792,  892,  343,  786,  646,  587,  446, 1023,  100,  517,  720,  469,  308,  674,  503,  573,  970,  380,  817,  602,  458,  736,  704,  465,  517,  585,  797,  675,  252,  613,  305,  354,  737,  290,  722,  943,  749,  473,  110,  302,  282,  477,  130,  372,  648,  482,  932,  474,  276,  637,   74,  279,  752,  464,  778,  749,  464,  679,  702,  191,  714,  419,  515,  694,  493,  583,  474,  902,  535,  530,  693],
        [  279,    0,  229,  439,  177,  567,  372,  697,  705,  762,  366,  613,  488,  249,  311,  615,  477,  238,  734,  419,  667,  331,  679,    0,  268,  305,  645,  416,  140,  245,  241,  506,   77,  749,  634,  704,  684,  519,  671,  435,  893,  564,  417,  570,  148,   62,  285,  562,  346,  598,  208,   79,  339,  550,  266,  825,  662,  298,  338,  610,   87,  574,  220,  248,  402,  841,  401,  725,  211,  501,  464,  633,  340,   99,  738,  679,  731,  514,  844,  587,  378,  503,  545,  582,  736,   77,  421,  300,  207,  420,   56,  668,  578,  729,  239,  153,   91,  218,  123,  493,  760,  259,  716,  365,  330,  188,  318,  635,  225,  748,  291,   76],
        [   96,    0,  410,  701,  365,  656,  623,  772,  849,  859,  164,  678,  471,  364,  432,  837,  487,  448,  955,  665,  427,  591,  577,  268,    0,  563,  475,  682,  141,  129,  390,  243,  298,  733,  484,  787,  896,  328,  866,  687,  898,  777,  677,  351,  273,  206,  468,  313,  553,  479,  114,  346,  116,  346,   98,  885,  784,  462,  380,  821,  269,  323,  172,  130,  515,  903,  135,  907,  445,  500,  635,  657,  239,  245,  738,  848,  953,  723,  888,  468,  310,  519,  290,  453,  768,  313,  168,  384,  249,  399,  280,  596,  382,  897,  158,  420,  271,  259,  371,  691,  716,  500,  770,  107,  553,  249,  497,  726,  446,  838,   48,  337],
        [  584,    0,  378,  140,  238,  506,   76,  625,  540,  652,  622,  570,  573,  322,  485,  346,  537,  174,  459,  128,  920,   29,  805,  305,  563,    0,  837,  146,  424,  501,  276,  790,  266,  777,  810,  621,  423,  743,  437,  134,  878,  314,  114,  810,  406,  363,  222,  828,  382,  752,  477,  230,  609,  780,  570,  753,  535,  429,  427,  357,  299,  842,  516,  550,  370,  766,  697,  502,  139,  567,  312,  636,  546,  380,  748,  482,  456,  278,  789,  743,  545,  548,  818,  748,  710,  251,  698,  510,  391,  531,  284,  767,  799,  527,  480,  174,  356,  393,  193,  283,  816,   92,  667,  649,  137,  376,  235,  557,  312,  649,  576,  230],
        [  563,    0,  853,  968,  602,  577,  863,  627,  807,  727,  312,  550,  328,  517,  897,  959,  377,  665, 1055,  881,  231,  864,  188,  645,  475,  837,    0,  982,  519,  409,  563,  363,  617,  437,   52,  649,  984,  149,  920,  916,  597,  890,  937,  168,  723,  599,  635,  272,  986,  127,  451,  703,  360,  144,  570,  681,  717,  915,  422,  921,  583,  281,  645,  604,  550,  696,  447,  928,  699,  358,  708,  464,  307,  680,  471,  854, 1054,  841,  655,  128,  292,  395,  306,  108,  548,  635,  343,  855,  459,  327,  616,  254,  108,  890,  408,  771,  698,  453,  679,  795,  378,  747,  587,  390,  748,  477,  642,  621,  867,  699,  427,  679],
        [  689,    0,  414,   71,  381,  630,  151,  740,  623,  753,  757,  695,  717,  467,  513,  366,  680,  320,  459,  176, 1057,  121,  950,  416,  682,  146,  982,    0,  547,  634,  422,  917,  394,  912,  955,  733,  445,  884,  484,  148, 1002,  362,   87,  949,  484,  477,  365,  961,  364,  897,  606,  337,  740,  921,  675,  863,  636,  447,  573,  396,  429,  975,  608,  649,  507,  875,  816,  553,  283,  709,  422,  768,  688,  471,  880,  552,  456,  346,  903,  888,  690,  689,  950,  893,  834,  377,  827,  552,  532,  677,  408,  911,  942,  590,  616,  265,  444,  535,  321,  368,  954,  237,  787,  775,  266,  516,  373,  672,  341,  754,  701,  346],
        [  189,    0,  335,  563,  228,  559,  483,  683,  734,  761,  228,  592,  418,  245,  389,  700,  421,  310,  818,  524,  528,  452,  577,  140,  141,  424,  519,  547,    0,  111,  263,  370,  158,  687,  514,  694,  761,  386,  735,  546,  843,  641,  538,  432,  210,   83,  335,  422,  468,  488,   71,  215,  199,  415,  180,  804,  676,  398,  293,  686,  129,  435,  186,  182,  405,  821,  274,  780,  304,  440,  508,  589,  224,  162,  684,  724,  816,  587,  814,  477,  278,  451,  406,  468,  698,  174,  282,  357,  144,  345,  141,  578,  445,  774,  115,  290,  180,  157,  232,  558,  685,  359,  690,  228,  414,  135,  365,  629,  351,  743,  154,  202],
        [  218,    0,  445,  641,  277,  529,  551,  644,  727,  731,  124,  550,  346,  251,  493,  740,  360,  360,  855,  587,  427,  529,  477,  245,  129,  501,  409,  634,  111,    0,  285,  294,  241,  612,  406,  659,  793,  276,  756,  613,  775,  676,  614,  326,  316,  193,  366,  328,  579,  385,   42,  314,  110,  306,  216,  757,  659,  507,  253,  719,  205,  342,  262,  237,  393,  775,  230,  793,  369,  374,  523,  530,  124,  271,  615,  731,  853,  622,  761,  373,  190,  392,  318,  363,  642,  259,  199,  457,  134,  274,  230,  486,  335,  779,   32,  388,  290,  142,  313,  586,  600,  425,  642,  160,  464,  141,  392,  598,  461,  710,  103,  296],
        [  451,    0,  452,  405,   71,  328,  300,  458,  475,  522,  387,  376,  304,   47,  546,  456,  276,  103,  571,  324,  668,  303,  532,  241,  390,  276,  563,  422,  263,  285,    0,  575,  164,  539,  535,  464,  509,  481,  476,  356,  668,  392,  374,  554,  388,  258,   84,  590,  535,  476,  279,  233,  391,  520,  442,  587,  424,  521,  153,  435,  161,  605,  432,  441,  162,  603,  512,  518,  144,  305,  246,  410,  287,  337,  520,  462,  569,  338,  608,  467,  273,  294,  588,  472,  506,  171,  479,  539,  151,  257,  185,  500,  535,  512,  256,  267,  331,  146,  169,  302,  565,  185,  480,  444,  192,  145,  108,  395,  421,  508,  383,  206],
        [  285,    0,  646,  930,  570,  764,  844,  858,  983,  955,  193,  766,  525,  537,  650, 1030,  561,  654, 1144,  880,  215,  818,  526,  506,  243,  790,  363,  917,  370,  294,  575,    0,  525,  744,  396,  877, 1080,  234, 1037,  906,  914,  965,  904,  196,  509,  445,  658,  103,  790,  430,  314,  584,  185,  221,  298,  950,  904,  690,  505, 1006,  492,  104,  389,  337,  658,  967,  128, 1067,  662,  561,  802,  714,  316,  486,  764, 1000, 1142,  911,  938,  422,  376,  592,   67,  399,  819,  542,   97,  596,  424,  471,  510,  572,  256, 1046,  321,  659,  513,  429,  599,  873,  703,  718,  839,  143,  758,  433,  681,  827,  686,  930,  217,  572],
        [  331,    0,  294,  406,  100,  491,  325,  621,  629,  685,  364,  538,  428,  177,  383,  553,  412,  167,  671,  368,  666,  294,  632,   77,  298,  266,  617,  394,  158,  241,  164,  525,    0,  684,  601,  628,  618,  502,  601,  389,  823,  498,  380,  561,  225,  111,  209,  568,  395,  557,  212,   89,  346,  537,  319,  750,  585,  363,  274,  544,   36,  581,  287,  307,  326,  766,  432,  653,  149,  438,  389,  563,  312,  176,  670,  605,  669,  446,  770,  547,  336,  436,  556,  545,  664,   19,  433,  375,  161,  364,   25,  615,  561,  655,  225,  154,  167,  170,   75,  422,  699,  203,  642,  383,  266,  142,  243,  559,  275,  671,  311,   63],
        [  827,    0,  977,  868,  608,  299,  763,  257,  473,  341,  598,  235,  270,  511, 1058,  728,  273,  620,  787,  755,  665,  796,  253,  749,  733,  777,  437,  912,  687,  612,  539,  744,  684,    0,  386,  279,  720,  515,  640,  792,  170,  668,  838,  579,  882,  736,  561,  679, 1073,  325,  644,  766,  643,  540,  826,  257,  387, 1046,  412,  680,  664,  692,  868,  848,  408,  270,  778,  619,  671,  250,  510,  145,  495,  830,   48,  547,  788,  636,  222,  330,  424,  248,  705,  355,  138,  696,  682, 1037,  552,  342,  698,  184,  517,  566,  588,  806,  834,  539,  707,  593,   78,  693,  198,  699,  646,  568,  544,  293,  956,  314,  693,  738],
        [  575,    0,  849,  939,  578,  529,  832,  576,  759,  676,  321,  500,  284,  489,  898,  918,  333,  637, 1012,  849,  280,  837,  139,  634,  484,  810,   52,  955,  514,  406,  535,  396,  601,  386,    0,  598,  941,  169,  876,  883,  548,  849,  908,  207,  721,  592,  603,  311,  978,   77,  448,  688,  370,  175,  581,  629,  668,  912,  389,  879,  567,  322,  652,  614,  510,  645,  470,  882,  673,  313,  667,  413,  294,  676,  420,  807, 1011,  801,  604,   80,  268,  348,  344,   65,  496,  619,  365,  858,  441,  290,  601,  203,  143,  842,  401,  754,  693,  434,  659,  755,  329,  719,  536,  407,  716,  460,  608,  572,  858,  648,  436,  663],
        [  870,    0,  910,  677,  531,  137,  584,   24,  196,   80,  697,  112,  354,  459, 1008,  478,  317,  504,  520,  561,  858,  633,  489,  704,  787,  621,  649,  733,  694,  659,  464,  877,  628,  279,  598,    0,  455,  676,  373,  595,  285,  427,  650,  753,  850,  714,  442,  838,  974,  523,  678,  691,  730,  710,  864,  132,  118,  978,  407,  428,  621,  854,  878,  874,  302,  146,  871,  344,  555,  318,  312,  186,  573,  799,  232,  276,  521,  409,  171,  523,  504,  286,  856,  546,  145,  633,  795, 1002,  551,  407,  648,  416,  699,  289,  629,  706,  794,  538,  621,  374,  354,  555,   82,  791,  485,  559,  412,   69,  870,   54,  758,  665],
        [  945,    0,  800,  374,  533,  434,  349,  473,  270,  430,  888,  489,  658,  544,  907,   80,  609,  453,   71,  298, 1144,  412,  872,  684,  896,  423,  984,  445,  761,  793,  509, 1080,  618,  720,  941,  455,    0,  949,   83,  308,  736,  121,  365, 1028,  812,  729,  429, 1082,  793,  866,  787,  625,  898,  988,  934,  558,  338,  851,  589,   75,  637, 1098,  902,  925,  441,  563, 1020,  135,  474,  631,  283,  590,  774,  776,  675,  183,   71,  174,  610,  861,  734,  596, 1086,  878,  596,  611,  984,  930,  659,  665,  642,  808,  993,  191,  764,  589,  757,  653,  562,  208,  788,  429,  534,  952,  354,  654,  402,  427,  734,  446,  891,  612],
        [  414,    0,  717,  880,  506,  579,  779,  656,  808,  755,  166,  568,  325,  436,  754,  913,  369,  579, 1018,  805,  195,  771,  293,  519,  328,  743,  149,  884,  386,  276,  481,  234,  502,  515,  169,  676,  949,    0,  894,  837,  684,  844,  850,   80,  583,  468,  560,  166,  853,  197,  316,  583,  213,   40,  421,  734,  723,  775,  362,  880,  467,  180,  499,  457,  509,  751,  301,  912,  605,  361,  667,  501,  197,  543,  539,  840, 1017,  792,  718,  190,  217,  396,  191,  166,  601,  521,  196,  710,  353,  291,  497,  340,   60,  882,  281,  655,  563,  350,  570,  749,  471,  657,  628,  241,  672,  370,  574,  635,  736,  729,  280,  562],
        [  922,    0,  808,  414,  510,  359,  368,  392,  188,  348,  844,  411,  593,  506,  916,  130,  544,  435,  148,  321, 1088,  431,  800,  671,  866,  437,  920,  484,  735,  756,  476, 1037,  601,  640,  876,  373,   83,  894,    0,  339,  654,  125,  400,  973,  807,  711,  400, 1033,  816,  800,  754,  619,  858,  933,  912,  476,  257,  864,  538,   89,  616, 1049,  887,  905,  386,  481,  985,   70,  464,  564,  235,  512,  726,  767,  595,  101,  149,  163,  528,  796,  680,  528, 1039,  813,  515,  596,  942,  933,  623,  606,  625,  735,  935,  116,  726,  592,  750,  615,  553,  179,  709,  426,  453,  914,  345,  619,  370,  347,  747,  364,  857,  604],
        [  713,    0,  504,   84,  339,  501,   64,  603,  475,  609,  730,  567,  624,  402,  610,  228,  582,  259,  333,   38, 1021,  114,  859,  435,  687,  134,  916,  148,  546,  613,  356,  906,  389,  792,  883,  595,  308,  837,  339,    0,  869,  215,   62,  908,  540,  491,  281,  936,  486,  819,  593,  362,  723,  875,  700,  723,  493,  550,  495,  252,  419,  951,  649,  682,  398,  734,  820,  407,  245,  611,  288,  648,  641,  513,  757,  404,  330,  198,  765,  811,  628,  586,  929,  819,  704,  375,  812,  638,  493,  596,  409,  812,  890,  443,  590,  307,  489,  492,  318,  224,  841,  189,  653,  767,  168,  479,  277,  537,  435,  612,  696,  359],
        [  991,    0, 1116,  950,  738,  373,  852,  271,  469,  311,  767,  308,  429,  647, 1203,  763,  423,  736,  798,  834,  827,  893,  410,  893,  898,  878,  597, 1002,  843,  775,  668,  914,  823,  170,  548,  285,  736,  684,  654,  869,    0,  711,  922,  745, 1032,  886,  674,  846, 1202,  491,  805,  900,  812,  707,  990,  187,  402, 1186,  558,  712,  807,  859, 1027, 1009,  519,  189,  947,  616,  788,  404,  582,  261,  661,  978,  161,  555,  800,  692,  133,  497,  589,  394,  874,  521,  169,  834,  852, 1187,  704,  502,  839,  347,  682,  558,  750,  932,  981,  691,  837,  653,  220,  801,  217,  868,  742,  718,  651,  334, 1089,  292,  859,  872],
        [  825,    0,  688,  293,  413,  370,  244,  441,  273,  423,  775,  433,  568,  428,  795,   70,  520,  333,  180,  196, 1038,  307,  792,  564,  777,  314,  890,  362,  641,  676,  392,  965,  498,  668,  849,  427,  121,  844,  125,  215,  711,    0,  277,  922,  694,  608,  310,  972,  692,  776,  668,  506,  782,  884,  814,  546,  313,  742,  483,   47,  517,  988,  782,  804,  341,  554,  902,  193,  354,  544,  183,  529,  664,  656,  626,  194,  178,   55,  594,  770,  628,  511,  974,  785,  557,  490,  869,  815,  543,  566,  521,  733,  890,  229,  647,  473,  638,  537,  443,   96,  729,  311,  498,  835,  234,  536,  285,  383,  624,  431,  773,  493],
        [  695,    0,  460,   32,  346,  551,   78,  658,  536,  668,  733,  617,  657,  420,  564,  286,  617,  273,  386,   91, 1030,   87,  892,  417,  677,  114,  937,   87,  538,  614,  374,  904,  380,  838,  908,  650,  365,  850,  400,   62,  922,  277,    0,  919,  508,  476,  307,  940,  431,  846,  590,  340,  722,  888,  682,  780,  551,  502,  520,  312,  413,  954,  624,  660,  438,  792,  811,  468,  247,  646,  341,  694,  653,  487,  805,  465,  383,  260,  821,  837,  647,  624,  931,  844,  756,  365,  811,  596,  500,  623,  398,  849,  905,  504,  592,  277,  462,  501,  307,  282,  885,  194,  706,  762,  199,  486,  309,  591,  389,  670,  690,  342],
        [  428,    0,  755,  948,  574,  658,  849,  732,  887,  832,  205,  645,  403,  509,  782,  990,  447,  650, 1096,  877,  116,  838,  343,  570,  351,  810,  168,  949,  432,  326,  554,  196,  561,  579,  207,  753, 1028,   80,  973,  908,  745,  922,  919,    0,  618,  515,  635,  105,  895,  255,  363,  639,  242,   43,  437,  806,  801,  810,  440,  959,  526,  116,  521,  474,  589,  822,  293,  992,  672,  439,  745,  575,  268,  583,  606,  920, 1095,  870,  787,  250,  295,  474,  138,  225,  672,  580,  194,  734,  419,  370,  554,  399,   65,  962,  337,  712,  605,  418,  631,  827,  529,  726,  702,  251,  745,  435,  650,  713,  780,  805,  306,  619],
        [  232,    0,  138,  524,  324,  714,  480,  843,  851,  909,  418,  758,  616,  393,  180,  740,  611,  379,  857,  531,  699,  428,  786,  148,  273,  406,  723,  484,  210,  316,  388,  509,  225,  882,  721,  850,  812,  583,  807,  540, 1032,  694,  508,  618,    0,  147,  430,  585,  282,  697,  274,  189,  377,  608,  218,  971,  809,  193,  474,  740,  230,  595,  133,  183,  549,  987,  386,  863,  344,  633,  608,  772,  434,   54,  874,  821,  854,  647,  988,  686,  486,  639,  561,  677,  878,  223,  440,  156,  331,  545,  203,  785,  641,  871,  324,  233,   59,  344,  256,  630,  887,  384,  860,  379,  463,  315,  464,  782,  182,  895,  314,  205],
        [  223,    0,  259,  499,  205,  577,  428,  705,  731,  776,  311,  617,  469,  255,  325,  663,  465,  277,  781,  473,  610,  389,  646,   62,  206,  363,  599,  477,   83,  193,  258,  445,  111,  736,  592,  714,  729,  468,  711,  491,  886,  608,  476,  515,  147,    0,  316,  502,  388,  561,  153,  141,  280,  497,  210,  831,  682,  325,  329,  654,   98,  515,  178,  197,  415,  847,  340,  761,  258,  487,  495,  627,  298,   94,  728,  712,  779,  557,  845,  550,  344,  493,  485,  543,  734,  120,  360,  302,  185,  399,   87,  641,  527,  762,  191,  215,  104,  197,  175,  532,  741,  310,  719,  304,  376,  169,  349,  646,  269,  760,  230,  134],
        [  522,    0,  471,  338,  112,  312,  230,  440,  421,  490,  470,  370,  353,  126,  572,  374,  316,   64,  489,  247,  749,  245,  587,  285,  468,  222,  635,  365,  335,  366,   84,  658,  209,  561,  603,  442,  429,  560,  400,  281,  674,  310,  307,  635,  430,  316,    0,  672,  534,  540,  359,  254,  474,  600,  512,  571,  383,  538,  215,  354,  219,  688,  493,  507,  156,  586,  592,  447,  116,  345,  180,  422,  368,  383,  535,  397,  488,  256,  599,  531,  349,  327,  671,  539,  507,  208,  562,  574,  234,  317,  233,  547,  613,  447,  338,  264,  372,  229,  183,  224,  596,  133,  472,  526,  114,  226,   34,  373,  429,  480,  463,  230],
        [  373,    0,  723,  967,  597,  735,  874,  818,  961,  917,  207,  729,  485,  547,  737, 1039,  526,  678, 1149,  907,  117,  856,  446,  562,  313,  828,  272,  961,  422,  328,  590,  103,  568,  679,  311,  838, 1082,  166, 1033,  936,  846,  972,  940,  105,  585,  502,  672,    0,  866,  357,  357,  636,  224,  140,  384,  899,  878,  772,  495, 1011,  532,   17,  474,  423,  648,  916,  221, 1057,  693,  521,  801,  665,  309,  557,  704,  987, 1148,  918,  883,  350,  355,  555,   37,  326,  766,  585,  146,  685,  444,  442,  555,  500,  169, 1031,  348,  711,  581,  446,  641,  877,  631,  749,  792,  206,  779,  457,  692,  794,  757,  891,  276,  620],
        [  509,    0,  145,  430,  466,  845,  449,  973,  917, 1016,  692,  902,  822,  562,  186,  714,  803,  471,  817,  497,  980,  385, 1023,  346,  553,  382,  986,  364,  468,  579,  535,  790,  395, 1073,  978,  974,  793,  853,  816,  486, 1202,  692,  431,  895,  282,  388,  534,  866,    0,  943,  538,  309,  654,  881,  495, 1104,  902,  118,  667,  733,  422,  876,  406,  458,  685, 1118,  666,  883,  419,  830,  679,  944,  684,  313, 1054,  863,  814,  659, 1132,  932,  723,  825,  842,  927, 1037,  380,  721,  243,  550,  758,  387, 1009,  912,  908,  578,  271,  291,  560,  366,  663, 1092,  423, 1005,  660,  502,  531,  562,  906,  122, 1009,  593,  337],
        [  573,    0,  819,  877,  524,  453,  770,  501,  682,  601,  320,  424,  209,  431,  876,  845,  258,  578,  937,  783,  344,  778,  100,  598,  479,  752,  127,  897,  488,  385,  476,  430,  557,  325,   77,  523,  866,  197,  800,  819,  491,  776,  846,  255,  697,  561,  540,  357,  943,    0,  425,  645,  370,  217,  577,  560,  592,  884,  326,  805,  525,  369,  641,  607,  438,  575,  486,  805,  617,  237,  594,  339,  264,  649,  354,  730,  937,  729,  537,   12,  222,  272,  385,   32,  426,  574,  383,  841,  397,  223,  560,  144,  193,  766,  374,  707,  664,  388,  610,  683,  275,  661,  463,  415,  651,  416,  542,  496,  822,  574,  433,  619],
        [  193,    0,  403,  616,  261,  545,  530,  664,  736,  748,  159,  571,  377,  251,  452,  731,  386,  345,  847,  568,  460,  505,  517,  208,  114,  477,  451,  606,   71,   42,  279,  314,  212,  644,  448,  678,  787,  316,  754,  593,  805,  668,  590,  363,  274,  153,  359,  357,  538,  425,    0,  280,  135,  345,  189,  780,  671,  465,  271,  712,  178,  371,  225,  205,  402,  798,  234,  794,  349,  403,  522,  557,  163,  230,  645,  734,  845,  614,  786,  414,  225,  418,  344,  404,  668,  229,  222,  416,  135,  304,  199,  524,  375,  783,   57,  354,  249,  146,  286,  581,  636,  404,  665,  174,  450,  136,  386,  615,  421,  728,  105,  263],
        [  356,    0,  220,  362,  163,  557,  300,  687,  671,  743,  437,  608,  514,  255,  319,  553,  496,  197,  671,  349,  739,  255,  720,   79,  346,  230,  703,  337,  215,  314,  233,  584,   89,  766,  688,  691,  625,  583,  619,  362,  900,  506,  340,  639,  189,  141,  254,  636,  309,  645,  280,    0,  413,  616,  342,  817,  637,  288,  359,  552,  121,  649,  287,  321,  392,  833,  480,  676,  157,  522,  427,  641,  397,  153,  750,  637,  668,  459,  840,  635,  424,  518,  621,  632,  738,   73,  497,  322,  249,  451,   88,  702,  642,  686,  303,   76,  132,  258,   72,  443,  784,  196,  712,  442,  275,  230,  287,  622,  190,  731,  368,   29],
        [  205,    0,  514,  749,  386,  607,  660,  713,  817,  806,   51,  619,  392,  354,  544,  847,  418,  469,  961,  696,  330,  638,  469,  339,  116,  609,  360,  740,  199,  110,  391,  185,  346,  643,  370,  730,  898,  213,  858,  723,  812,  782,  722,  242,  377,  280,  474,  224,  654,  370,  135,  413,    0,  233,  211,  817,  743,  569,  336,  824,  312,  237,  287,  245,  485,  835,  142,  892,  478,  425,  623,  583,  159,  342,  654,  827,  959,  728,  814,  360,  230,  450,  210,  343,  694,  364,   90,  498,  240,  326,  333,  494,  267,  874,  136,  488,  365,  246,  420,  691,  619,  534,  703,   62,  573,  249,  498,  674,  541,  783,   68,  398],
        [  429,    0,  743,  917,  543,  616,  817,  690,  845,  789,  190,  603,  361,  475,  776,  952,  405,  617, 1057,  844,  156,  808,  308,  550,  346,  780,  144,  921,  415,  306,  520,  221,  537,  540,  175,  710,  988,   40,  933,  875,  707,  884,  888,   43,  608,  497,  600,  140,  881,  217,  345,  616,  233,    0,  437,  764,  759,  800,  401,  920,  501,  153,  518,  473,  549,  781,  304,  951,  642,  396,  706,  533,  235,  569,  566,  879, 1056,  832,  746,  211,  257,  431,  170,  186,  631,  555,  201,  730,  390,  329,  530,  361,   38,  920,  314,  689,  591,  388,  605,  788,  491,  695,  660,  252,  711,  406,  614,  671,  765,  763,  300,  596],
        [   15,    0,  351,  703,  403,  731,  637,  852,  913,  934,  261,  759,  561,  424,  354,  870,  574,  482,  989,  683,  501,  596,  674,  266,   98,  570,  570,  675,  180,  216,  442,  298,  319,  826,  581,  864,  934,  421,  912,  700,  990,  814,  682,  437,  218,  210,  512,  384,  495,  577,  189,  342,  211,  437,    0,  968,  852,  393,  458,  860,  297,  392,   91,   40,  582,  986,  172,  958,  467,  589,  687,  744,  333,  208,  830,  903,  987,  761,  974,  566,  403,  606,  356,  551,  856,  329,  245,  301,  316,  489,  296,  693,  473,  953,  242,  410,  236,  328,  384,  734,  812,  520,  853,  187,  583,  311,  543,  801,  399,  915,  145,  341],
