{
    "name": "random-17-31179",
    "comment": "size=17 seed=31179",
    "nodes": ["+0", "-0", "+1", "-1", "+2", "-2", "+3", "-3", "+4", "-4", "+5", "-5", "+6", "-6", "+7", "-7", "+8", "-8", "+9", "-9", "+10", "-10", "+11", "-11", "+12", "-12", "+13", "-13", "+14", "-14", "+15", "-15", "+16", "-16", "+17", "-17"],
    "precedence": {
        "+0": "-0",
        "+1": "-1",
        "+2": "-2",
        "+3": "-3",
        "+4": "-4",
        "+5": "-5",
        "+6": "-6",
        "+7": "-7",
        "+8": "-8",
        "+9": "-9",
        "+10": "-10",
        "+11": "-11",
        "+12": "-12",
        "+13": "-13",
        "+14": "-14",
        "+15": "-15",
        "+16": "-16",
        "+17": "-17"
    },
    "edges": [
        [    0,    0,  303,  682,  194,  244,  495,  687,  396,  332,  634,  575,  428,  595,   35,  405,  688,  695,  665,  672,  466,  384,  152,  218,  766,  297,  323,  117,  742,  289,  846,  368,   90,  388,  607,  499],
        [    0,    0,  303,  682,  194,  244,  495,  687,  396,  332,  634,  575,  428,  595,   35,  405,  688,  695,  665,  672,  466,  384,  152,  218,  766,  297,  323,  117,  742,  289,  846,  368,   90,  388,  607,  499],
        [  303,  303,    0,  875,  340,  496,  617,  839,  110,   73,  845,  382,  191,  772,  322,  286,  622,  670,  558,  911,  767,  653,  152,  338,  957,   60,  459,  396,  911,  585, 1026,  482,  214,   91,  859,  250],
        [  682,  682,  875,    0,  863,  799,  289,  126,  984,  938,   74,  834,  849,  108,  648,  699,  639,  555,  711,  174,  671,  362,  763,  538,   85,  827,  417,  718,   91,  679,  166,  402,  728,  913,  225,  894],
        [  194,  194,  340,  863,    0,  179,  689,  876,  388,  326,  809,  694,  517,  782,  226,  546,  858,  875,  822,  832,  498,  536,  239,  406,  946,  367,  516,  155,  927,  317, 1028,  561,  207,  430,  761,  584],
        [  244,  244,  496,  799,  179,    0,  683,  837,  558,  495,  736,  814,  654,  735,  258,  647,  926,  924,  907,  735,  327,  444,  364,  447,  878,  510,  526,  129,  875,  158,  964,  575,  311,  587,  659,  724],
        [  495,  495,  617,  289,  689,  683,    0,  224,  724,  686,  294,  547,  567,  183,  464,  413,  390,  329,  444,  403,  683,  352,  531,  299,  362,  564,  176,  570,  301,  611,  418,  138,  513,  642,  398,  608],
        [  687,  687,  839,  126,  876,  837,  224,    0,  946,  906,  185,  748,  788,  107,  653,  631,  527,  438,  606,  298,  753,  425,  744,  512,  162,  786,  386,  742,   84,  734,  199,  357,  718,  865,  338,  825],
        [  396,  396,  110,  984,  388,  558,  724,  946,    0,   65,  955,  423,  235,  881,  418,  368,  696,  753,  622, 1020,  850,  759,  250,  447, 1066,  160,  568,  474, 1019,  666, 1135,  590,  309,  107,  967,  272],
        [  332,  332,   73,  938,  326,  495,  686,  906,   65,    0,  906,  439,  247,  837,  356,  357,  692,  742,  625,  967,  785,  700,  190,  400, 1021,  133,  524,  409,  977,  601, 1092,  550,  247,  125,  912,  297],
        [  634,  634,  845,   74,  809,  736,  294,  185,  955,  906,    0,  837,  836,  120,  600,  691,  667,  589,  732,  119,  598,  295,  726,  508,  143,  801,  393,  661,  165,  611,  229,  387,  686,  890,  154,  885],
        [  575,  575,  382,  834,  694,  814,  547,  748,  423,  439,  837,    0,  193,  728,  571,  182,  316,  401,  223,  939, 1008,  774,  458,  436,  902,  335,  481,  690,  832,  851,  946,  465,  504,  319,  916,  156],
        [  428,  428,  191,  849,  517,  654,  567,  788,  235,  247,  836,  193,    0,  742,  434,  160,  465,  530,  388,  921,  887,  705,  290,  356,  927,  150,  446,  538,  867,  716,  985,  450,  346,  129,  883,   71],
        [  595,  595,  772,  108,  782,  735,  183,  107,  881,  837,  120,  728,  742,    0,  561,  592,  548,  470,  614,  237,  649,  319,  666,  437,  187,  723,  314,  643,  147,  628,  257,  295,  634,  807,  257,  787],
        [   35,   35,  322,  648,  226,  258,  464,  653,  418,  356,  600,  571,  434,  561,    0,  397,  669,  672,  650,  639,  455,  353,  171,  193,  732,  310,  292,  129,  708,  284,  812,  339,  110,  403,  575,  505],
        [  405,  405,  286,  699,  546,  647,  413,  631,  368,  357,  691,  182,  160,  592,  397,    0,  337,  386,  281,  784,  828,  598,  309,  255,  774,  227,  313,  521,  712,  674,  829,  306,  344,  266,  754,  196],
        [  688,  688,  622,  639,  858,  926,  390,  527,  696,  692,  667,  316,  465,  548,  669,  337,    0,   98,  100,  783, 1025,  720,  630,  480,  688,  563,  438,  798,  607,  909,  710,  396,  651,  590,  786,  458],
        [  695,  695,  670,  555,  875,  924,  329,  438,  753,  742,  589,  401,  530,  470,  672,  386,   98,    0,  195,  706,  992,  674,  657,  479,  599,  611,  412,  798,  517,  891,  617,  366,  670,  649,  717,  533],
        [  665,  665,  558,  711,  822,  907,  444,  606,  622,  625,  732,  223,  388,  614,  650,  281,  100,  195,    0,  845, 1037,  750,  587,  471,  767,  502,  455,  778,  688,  907,  795,  419,  617,  515,  841,  371],
        [  672,  672,  911,  174,  832,  735,  403,  298, 1020,  967,  119,  939,  921,  237,  639,  784,  783,  706,  845,    0,  547,  297,  781,  579,  200,  871,  476,  679,  258,  595,  277,  478,  735,  964,   80,  975],
        [  466,  466,  767,  671,  498,  327,  683,  753,  850,  785,  598, 1008,  887,  649,  455,  828, 1025,  992, 1037,  547,    0,  337,  617,  578,  732,  763,  587,  377,  760,  186,  816,  630,  555,  853,  469,  958],
        [  384,  384,  653,  362,  536,  444,  352,  425,  759,  700,  295,  774,  705,  319,  353,  598,  720,  674,  750,  297,  337,    0,  511,  351,  437,  623,  300,  382,  445,  317,  524,  331,  458,  719,  226,  769],
        [  152,  152,  152,  763,  239,  364,  531,  744,  250,  190,  726,  458,  290,  666,  171,  309,  630,  657,  587,  781,  617,  511,    0,  233,  847,  149,  360,  252,  810,  438,  922,  394,   63,  236,  724,  360],
        [  218,  218,  338,  538,  406,  447,  299,  512,  447,  400,  508,  436,  356,  437,  193,  255,  480,  479,  471,  579,  578,  351,  233,    0,  621,  294,  127,  320,  580,  437,  693,  163,  215,  385,  534,  418],
        [  766,  766,  957,   85,  946,  878,  362,  162, 1066, 1021,  143,  902,  927,  187,  732,  774,  688,  599,  767,  200,  732,  437,  847,  621,    0,  909,  499,  800,   84,  753,   87,  481,  812,  994,  269,  969],
        [  297,  297,   60,  827,  367,  510,  564,  786,  160,  133,  801,  335,  150,  723,  310,  227,  563,  611,  502,  871,  763,  623,  149,  294,  909,    0,  411,  400,  860,  585,  976,  431,  209,   97,  823,  217],
        [  323,  323,  459,  417,  516,  526,  176,  386,  568,  524,  393,  481,  446,  314,  292,  313,  438,  412,  455,  476,  587,  300,  360,  127,  499,  411,    0,  407,  454,  479,  568,   49,  338,  497,  442,  500],
        [  117,  117,  396,  718,  155,  129,  570,  742,  474,  409,  661,  690,  538,  643,  129,  521,  798,  798,  778,  679,  377,  382,  252,  320,  800,  400,  407,    0,  787,  192,  884,  455,  193,  484,  607,  609],
        [  742,  742,  911,   91,  927,  875,  301,   84, 1019,  977,  165,  832,  867,  147,  708,  712,  607,  517,  688,  258,  760,  445,  810,  580,   84,  860,  454,  787,    0,  760,  118,  430,  780,  941,  314,  907],
        [  289,  289,  585,  679,  317,  158,  611,  734,  666,  601,  611,  851,  716,  628,  284,  674,  909,  891,  907,  595,  186,  317,  438,  437,  753,  585,  479,  192,  760,    0,  839,  527,  376,  673,  517,  787],
        [  846,  846, 1026,  166, 1028,  964,  418,  199, 1135, 1092,  229,  946,  985,  257,  812,  829,  710,  617,  795,  277,  816,  524,  922,  693,   87,  976,  568,  884,  118,  839,    0,  546,  889, 1058,  351, 1024],
        [  368,  368,  482,  402,  561,  575,  138,  357,  590,  550,  387,  465,  450,  295,  339,  306,  396,  366,  419,  478,  630,  331,  394,  163,  481,  431,   49,  455,  430,  527,  546,    0,  377,  513,  452,  499],
        [   90,   90,  214,  728,  207,  311,  513,  718,  309,  247,  686,  504,  346,  634,  110,  344,  651,  670,  617,  735,  555,  458,   63,  215,  812,  209,  338,  193,  780,  376,  889,  377,    0,  298,  675,  417],
        [  388,  388,   91,  913,  430,  587,  642,  865,  107,  125,  890,  319,  129,  807,  403,  266,  590,  649,  515,  964,  853,  719,  236,  385,  994,   97,  497,  484,  941,  673, 1058,  513,  298,    0,  917,  173],
        [  607,  607,  859,  225,  761,  659,  398,  338,  967,  912,  154,  916,  883,  257,  575,  754,  786,  717,  841,   80,  469,  226,  724,  534,  269,  823,  442,  607,  314,  517,  351,  452,  675,  917,    0,  940],
        [  499,  499,  250,  894,  584,  724,  608,  825,  272,  297,  885,  156,   71,  787,  505,  196,  458,  533,  371,  975,  958,  769,  360,  418,  969,  217,  500,  609,  907,  787, 1024,  499,  417,  173,  940,    0]
    ]
}
