{
    "name": "random-5-17074",
    "comment": "size=5 seed=17074",
    "nodes": ["+0", "-0", "+1", "-1", "+2", "-2", "+3", "-3", "+4", "-4", "+5", "-5"],
    "precedence": {
        "+0": "-0",
        "+1": "-1",
        "+2": "-2",
        "+3": "-3",
        "+4": "-4",
        "+5": "-5"
    },
    "edges": [
        [    0,    0,  270,  670,  421,  305,  612,  301,  875,  869,  493,  722],
        [    0,    0,  270,  670,  421,  305,  612,  301,  875,  869,  493,  722],
        [  270,  270,    0,  401,  313,   64,  392,  289,  663,  612,  235,  544],
        [  670,  670,  401,    0,  511,  378,  326,  574,  493,  258,  219,  500],
        [  421,  421,  313,  511,    0,  257,  264,  590,  483,  767,  297,  310],
        [  305,  305,   64,  378,  257,    0,  331,  353,  602,  606,  189,  481],
        [  612,  612,  392,  326,  264,  331,    0,  671,  271,  575,  195,  186],
        [  301,  301,  289,  574,  590,  353,  671,    0,  939,  698,  490,  831],
        [  875,  875,  663,  493,  483,  602,  271,  939,    0,  686,  452,  188],
        [  869,  869,  612,  258,  767,  606,  575,  698,  686,    0,  472,  735],
        [  493,  493,  235,  219,  297,  189,  195,  490,  452,  472,    0,  377],
        [  722,  722,  544,  500,  310,  481,  186,  831,  188,  735,  377,    0]
    ]
}
