{
    "name": "random-92-9570",
    "comment": "size=92 seed=9570",
    "nodes": ["+0", "-0", "+1", "-1", "+2", "-2", "+3", "-3", "+4", "-4", "+5", "-5", "+6", "-6", "+7", "-7", "+8", "-8", "+9", "-9", "+10", "-10", "+11", "-11", "+12", "-12", "+13", "-13", "+14", "-14", "+15", "-15", "+16", "-16", "+17", "-17", "+18", "-18", "+19", "-19", "+20", "-20", "+21", "-21", "+22", "-22", "+23", "-23", "+24", "-24", "+25", "-25", "+26", "-26", "+27", "-27", "+28", "-28", "+29", "-29", "+30", "-30", "+31", "-31", "+32", "-32", "+33", "-33", "+34", "-34", "+35", "-35", "+36", "-36", "+37", "-37", "+38", "-38", "+39", "-39", "+40", "-40", "+41", "-41", "+42", "-42", "+43", "-43", "+44", "-44", "+45", "-45", "+46", "-46", "+47", "-47", "+48", "-48", "+49", "-49", "+50", "-50", "+51", "-51", "+52", "-52", "+53", "-53", "+54", "-54", "+55", "-55", "+56", "-56", "+57", "-57", "+58", "-58", "+59", "-59", "+60", "-60", "+61", "-61", "+62", "-62", "+63", "-63", "+64", "-64", "+65", "-65", "+66", "-66", "+67", "-67", "+68", "-68", "+69", "-69", "+70", "-70", "+71", "-71", "+72", "-72", "+73", "-73", "+74", "-74", "+75", "-75", "+76", "-76", "+77", "-77", "+78", "-78", "+79", "-79", "+80", "-80", "+81", "-81", "+82", "-82", "+83", "-83", "+84", "-84", "+85", "-85", "+86", "-86", "+87", "-87", "+88", "-88", "+89", "-89", "+90", "-90", "+91", "-91", "+92", "-92"],
    "precedence": {
        "+0": "-0",
        "+1": "-1",
        "+2": "-2",
        "+3": "-3",
        "+4": "-4",
        "+5": "-5",
        "+6": "-6",
        "+7": "-7",
        "+8": "-8",
        "+9": "-9",
        "+10": "-10",
        "+11": "-11",
        "+12": "-12",
        "+13": "-13",
        "+14": "-14",
        "+15": "-15",
        "+16": "-16",
        "+17": "-17",
        "+18": "-18",
        "+19": "-19",
        "+20": "-20",
        "+21": "-21",
        "+22": "-22",
        "+23": "-23",
        "+24": "-24",
        "+25": "-25",
        "+26": "-26",
        "+27": "-27",
        "+28": "-28",
        "+29": "-29",
        "+30": "-30",
        "+31": "-31",
        "+32": "-32",
        "+33": "-33",
        "+34": "-34",
        "+35": "-35",
        "+36": "-36",
        "+37": "-37",
        "+38": "-38",
        "+39": "-39",
        "+40": "-40",
        "+41": "-41",
        "+42": "-42",
        "+43": "-43",
        "+44": "-44",
        "+45": "-45",
        "+46": "-46",
        "+47": "-47",
        "+48": "-48",
        "+49": "-49",
        "+50": "-50",
        "+51": "-51",
        "+52": "-52",
        "+53": "-53",
        "+54": "-54",
        "+55": "-55",
        "+56": "-56",
        "+57": "-57",
        "+58": "-58",
        "+59": "-59",
        "+60": "-60",
        "+61": "-61",
        "+62": "-62",
        "+63": "-63",
        "+64": "-64",
        "+65": "-65",
        "+66": "-66",
        "+67": "-67",
        "+68": "-68",
        "+69": "-69",
        "+70": "-70",
        "+71": "-71",
        "+72": "-72",
        "+73": "-73",
        "+74": "-74",
        "+75": "-75",
        "+76": "-76",
        "+77": "-77",
        "+78": "-78",
        "+79": "-79",
        "+80": "-80",
        "+81": "-81",
        "+82": "-82",
        "+83": "-83",
        "+84": "-84",
        "+85": "-85",
        "+86": "-86",
        "+87": "-87",
        "+88": "-88",
        "+89": "-89",
        "+90": "-90",
        "+91": "-91",
        "+92": "-92"
    },
    "edges": [
        [    0,    0,  644,  548,  807,  819,  653,   66,  700,  405,  247,  694,  838, 1062,  816,  934,  889,  954, 1301,  121,  427, 1028, 1143,  617,  752,  787,  586,  878,  991,  447, 1044,  454,  926,  961,  744, 1206,  458,  918,  681, 1030, 1276,  204,  658,  842,  927,  803,  789,  931,  796,  696,  930,  507, 1158,  931,  189,  888, 1207,  561,  680,  386, 1063,  998,  353,  467,  917, 1098,  666,  794, 1215,   44,  333,  956,  891,  384,  918,  745,  427, 1181,  434,  638, 1181,  813,  906,  804,  763,  296,  895,  951, 1124,  949,  483,  687,  933, 1101,  437,  671,  422,  851,  761, 1078,  657,  727,  651,  896, 1028,  944,  741,  728,  908,  797,  980,  236, 1261,  854,  210,  698,   85, 1088,  189, 1023, 1136,  389,  926,  647,  778,  502,  284, 1220,  929,  390,  410,  986, 1152, 1042,  362,  804,  387,  778,  448,  893, 1084,  805,  466, 1373,  822,  661,  520,  266,  788,  896,  743,  265,  747,  387,  874, 1137,  883,  299,  695,  895,  878,  836,  930, 1203,  594,  925,  845, 1046,  241,  781,  472,  674,  382, 1228, 1177,  594, 1084,  918,  819,  790,  616,  516,  699,  733,  672,  176],
        [    0,    0,    0,    0,    0,    0,    0,    0,    0,    0,    0,    0,    0,    0,    0,    0,    0,    0,    0,    0,    0,    0,    0,    0,    0,    0,    0,    0,    0,    0,    0,    0,    0,    0,    0,    0,    0,    0,    0,    0,    0,    0,    0,    0,    0,    0,    0,    0,    0,    0,    0,    0,    0,    0,    0,    0,    0,    0,    0,    0,    0,    0,    0,    0,    0,    0,    0,    0,    0,    0,    0,    0,    0,    0,    0,    0,    0,    0,    0,    0,    0,    0,    0,    0,    0,    0,    0,    0,    0,    0,    0,    0,    0,    0,    0,    0,    0,    0,    0,    0,    0,    0,    0,    0,    0,    0,    0,    0,    0,    0,    0,    0,    0,    0,    0,    0,    0,    0,    0,    0,    0,    0,    0,    0,    0,    0,    0,    0,    0,    0,    0,    0,    0,    0,    0,    0,    0,    0,    0,    0,    0,    0,    0,    0,    0,    0,    0,    0,    0,    0,    0,    0,    0,    0,    0,    0,    0,    0,    0,    0,    0,    0,    0,    0,    0,    0,    0,    0,    0,    0,    0,    0,    0,    0,    0,    0,    0,    0,    0,    0,    0,    0,    0,    0,    0,    0],
        [  644,    0,    0,  238,  164,  401,  246,  580,  437,  313,  414,   63,  261,  626,  282,  422,  487,  463,  707,  551,  277,  743,  502,  290,  144,  238,  121,  325,  462,  499,  404,  195,  284,  484,  103,  651,  190,  319,   38,  389,  724,  463,   87,  235,  555,  179,  155,  491,  379,  477,  364,  436,  522,  288,  502,  444,  689,  288,  573,  302,  457,  361,  298,  358,  293,  528,  507,  230,  608,  600,  427,  386,  346,  261,  331,  377,  238,  583,  496,  161,  645,  371,  374,  379,  529,  350,  442,  604,  596,  311,  214,   82,  667,  495,  217,   86,  286,  232,  118,  655,  390,   95,  295,  350,  390,  330,  130,  108,  452,  340,  742,  454,  668,  234,  500,  330,  559,  448,  459,  390,  575,  349,  404,  572,  146,  177,  411,  636,  567,  325,  547,  458,  525,  704,  414,  568,  328,  179,  462,  369,  441,  184,  500,  783,  186,  497,  577,  472,  163,  339,  693,  429,  107,  482,  610,  557,  314,  349,  369,  317,  351,  523,  288,  576,  151,  650,  217,  415,  449,  231,  213,  376,  447,  696,  610,  541,  477,  689,  338,  215,  275,  274,   88,  530,  118,  472],
        [  548,    0,  238,    0,  361,  627,  450,  483,  626,  144,  303,  297,  497,  861,  518,  660,  714,  699,  927,  493,  352,  959,  684,  474,  380,  249,  306,  562,  444,  588,  589,  241,  445,  420,  290,  884,  234,  549,  262,  539,  956,  426,  180,  324,  779,  306,  376,  724,  261,  658,  600,  557,  715,  457,  471,  676,  926,  448,  732,  165,  678,  557,  221,  466,  511,  760,  673,  467,  825,  505,  466,  621,  345,  228,  564,  589,  149,  805,  581,  114,  880,  599,  611,  267,  720,  309,  675,  826,  833,  511,   89,  319,  876,  716,  162,  193,  127,  457,  310,  889,  573,  262,  117,  587,  584,  553,  249,  343,  685,  569,  948,  317,  890,  460,  481,  168,  473,  635,  398,  593,  808,  412,  642,  721,  370,  107,  415,  861,  790,  160,  616,  695,  729,  928,  468,  763,  385,  265,  555,  607,  607,  413,  596, 1003,  400,  664,  682,  480,  391,  352,  847,  426,  327,  548,  815,  785,  550,  317,  568,  356,  331,  734,  477,  778,   92,  859,  438,  534,  312,  468,  308,  568,  512,  931,  841,  678,  697,  890,  273,  453,   80,   44,  325,  713,  348,  408],
        [  807,    0,  164,  361,    0,  394,  307,  743,  488,  464,  577,  117,  187,  570,  239,  356,  468,  401,  567,  712,  423,  736,  340,  367,  111,  223,  247,  252,  397,  621,  241,  355,  127,  447,   73,  534,  351,  204,  127,  231,  605,  623,  183,  155,  537,  101,   52,  453,  398,  533,  271,  546,  363,  128,  660,  413,  590,  388,  644,  459,  319,  201,  461,  481,  153,  410,  576,  185,  464,  764,  572,  286,  293,  424,  225,  402,  398,  446,  621,  254,  538,  359,  304,  394,  570,  513,  407,  590,  498,  153,  364,  138,  674,  356,  379,  169,  438,  113,   52,  602,  453,  100,  374,  275,  230,  197,  125,  103,  412,  330,  750,  615,  530,  114,  657,  389,  722,  286,  621,  234,  459,  492,  335,  651,   60,  330,  566,  503,  552,  478,  676,  375,  370,  681,  555,  600,  474,  145,  584,  307,  278,   90,  618,  643,   48,  566,  687,  624,   75,  279,  762,  585,   64,  616,  626,  431,  230,  511,  415,  243,  310,  536,  125,  421,  271,  657,   88,  269,  609,  199,  360,  432,  583,  588,  488,  632,  338,  706,  333,  167,  368,  403,  127,  581,  180,  634],
        [  819,    0,  401,  627,  394,    0,  189,  771,  168,  650,  671,  358,  220,  252,  159,  147,   88,  146,  531,  700,  406,  346,  534,  204,  294,  603,  326,  181,  790,  437,  469,  446,  477,  840,  420,  408,  448,  271,  394,  542,  471,  617,  485,  549,  154,  491,  344,  113,  768,  208,  214,  349,  512,  463,  632,   70,  391,  260,  323,  622,  362,  422,  575,  356,  332,  328,  264,  210,  477,  786,  492,  232,  686,  524,  247,   78,  560,  432,  446,  562,  373,   36,  158,  767,  206,  564,   78,  204,  316,  396,  573,  326,  281,  386,  531,  480,  627,  305,  410,  274,  180,  441,  696,  174,  438,  313,  486,  324,   90,   65,  356,  724,  495,  306,  615,  729,  743,  489,  644,  411,  351,  431,  154,  346,  338,  536,  536,  448,  167,  656,  501,  199,  476,  304,  463,  223,  436,  526,  413,  141,  535,  306,  423,  593,  353,  259,  448,  561,  320,  672,  420,  554,  365,  473,  235,  372,  208,  554,  130,  637,  702,  145,  420,  515,  548,  263,  327,  609,  720,  196,  387,  156,  459,  416,  392,  357,  376,  314,  714,  228,  675,  655,  325,  232,  284,  655],
        [  653,    0,  246,  450,  307,  189,    0,  600,  192,  462,  486,  224,  214,  439,  172,  282,  274,  306,  654,  537,  228,  509,  563,   63,  198,  476,  145,  234,  688,  338,  476,  258,  423,  722,  301,  554,  260,  296,  252,  515,  623,  449,  333,  446,  335,  384,  259,  299,  624,  234,  286,  253,  559,  416,  472,  251,  558,  105,  339,  434,  433,  424,  387,  215,  326,  449,  271,  173,  578,  616,  343,  312,  575,  336,  287,  140,  373,  539,  342,  402,  529,  171,  255,  624,  284,  382,  255,  379,  473,  382,  389,  189,  427,  468,  344,  331,  440,  270,  299,  463,  149,  313,  532,  248,  449,  334,  359,  209,  267,  148,  500,  539,  615,  272,  458,  571,  572,  509,  470,  432,  485,  269,  274,  345,  249,  354,  371,  572,  344,  468,  400,  334,  538,  481,  316,  323,  267,  406,  305,  241,  535,  241,  331,  725,  285,  261,  388,  409,  240,  565,  458,  391,  255,  352,  368,  489,  246,  372,  124,  536,  585,  284,  386,  586,  379,  411,  280,  568,  534,  154,  200,  132,  327,  577,  526,  326,  453,  446,  581,  180,  506,  475,  195,  286,  139,  482],
        [   66,    0,  580,  483,  743,  771,  600,    0,  660,  341,  182,  632,  779, 1017,  760,  882,  844,  903, 1244,   92,  373,  995, 1080,  568,  691,  722,  526,  822,  927,  422,  982,  392,  861,  898,  680, 1152,  395,  859,  617,  966, 1223,  156,  592,  777,  885,  738,  727,  884,  733,  660,  873,  473, 1096,  867,  153,  840, 1156,  512,  653,  321, 1005,  936,  288,  423,  856, 1042,  634,  736, 1157,   22,  294,  899,  826,  320,  860,  699,  362, 1123,  409,  573, 1129,  763,  852,  741,  728,  234,  846,  912, 1072,  886,  418,  626,  900, 1042,  372,  606,  358,  790,  697, 1034,  615,  662,  588,  840,  965,  884,  677,  666,  859,  745,  951,  174, 1204,  793,  178,  635,   30, 1025,  131,  961, 1082,  341,  873,  623,  716,  437,  237, 1164,  888,  326,  392,  933, 1091, 1005,  323,  771,  336,  713,  417,  839, 1020,  743,  440, 1317,  760,  628,  502,  232,  727,  831,  725,  220,  684,  359,  840, 1081,  826,  239,  650,  830,  813,  797,  866, 1143,  529,  891,  784,  981,  179,  723,  414,  630,  349, 1176, 1122,  569, 1025,  888,  755,  732,  553,  453,  637,  700,  612,  118],
        [  700,    0,  437,  626,  488,  168,  192,  660,    0,  611,  592,  414,  348,  371,  287,  315,  203,  310,  697,  579,  326,  352,  688,  153,  378,  667,  328,  331,  877,  283,  615,  405,  593,  913,  490,  569,  409,  417,  444,  673,  628,  505,  523,  634,  229,  572,  438,  257,  815,   47,  373,  200,  672,  583,  511,  228,  540,  185,  165,  578,  525,  564,  517,  238,  468,  495,  100,  321,  645,  671,  368,  394,  765,  468,  398,  103,  525,  600,  293,  590,  530,  188,  320,  815,   95,  482,  239,  253,  475,  530,  555,  380,  259,  551,  497,  522,  592,  425,  487,  382,   55,  504,  717,  331,  585,  460,  550,  395,  250,  198,  326,  646,  662,  427,  490,  758,  630,  639,  540,  561,  516,  325,  320,  183,  428,  523,  425,  615,  230,  614,  344,  366,  638,  348,  338,  138,  338,  596,  265,  303,  678,  410,  267,  758,  457,   93,  282,  435,  415,  754,  276,  440,  441,  328,  197,  539,  354,  469,   73,  724,  776,  137,  546,  680,  563,  246,  442,  734,  643,  302,  335,   61,  322,  569,  557,  190,  540,  266,  773,  335,  688,  645,  385,   95,  330,  550],
        [  405,    0,  313,  144,  464,  650,  462,  341,  611,    0,  162,  374,  565,  897,  571,  712,  736,  747, 1019,  357,  296,  959,  800,  467,  453,  390,  329,  624,  587,  510,  703,  208,  565,  558,  393,  958,  205,  629,  346,  665, 1031,  300,  287,  457,  796,  430,  466,  756,  395,  635,  669,  499,  826,  575,  345,  708,  988,  427,  688,   38,  769,  665,  112,  410,  604,  836,  638,  528,  920,  362,  371,  692,  488,  149,  640,  598,   90,  895,  500,  245,  948,  627,  668,  402,  702,  195,  710,  838,  896,  616,  101,  385,  869,  807,  119,  302,   27,  544,  413,  922,  557,  369,  248,  648,  693,  642,  369,  418,  721,  600,  937,  174,  980,  546,  359,  297,  332,  748,  266,  698,  882,  338,  696,  671,  458,  136,  309,  947,  805,   16,  525,  754,  833,  940,  381,  747,  311,  395,  481,  660,  729,  496,  521, 1095,  495,  629,  607,  369,  475,  495,  796,  315,  417,  459,  807,  867,  618,  207,  565,  498,  474,  734,  587,  884,  206,  855,  529,  667,  168,  523,  277,  558,  426,  998,  919,  622,  789,  876,  415,  517,  213,  113,  394,  688,  397,  275],
        [  247,    0,  414,  303,  577,  671,  486,  182,  592,  162,    0,  471,  638,  922,  629,  761,  751,  789, 1103,  199,  269,  942,  916,  470,  538,  541,  383,  688,  746,  420,  817,  242,  690,  719,  510, 1024,  244,  712,  451,  794, 1096,  159,  417,  599,  802,  562,  566,  783,  556,  605,  737,  437,  936,  698,  199,  736, 1040,  418,  631,  140,  857,  774,  117,  361,  701,  908,  593,  596, 1010,  203,  272,  763,  645,  161,  717,  606,  184,  980,  408,  392, 1006,  656,  725,  564,  675,  111,  741,  838,  951,  725,  237,  470,  848,  896,  199,  431,  177,  636,  528,  943,  540,  490,  410,  709,  804,  733,  501,  509,  752,  633,  909,   55, 1063,  639,  218,  459,  170,  862,  116,  803,  951,  274,  749,  606,  556,  259,  201, 1026,  808,  147,  418,  809,  935,  937,  293,  720,  256,  535,  400,  714,  852,  588,  435, 1177,  598,  586,  515,  245,  569,  650,  725,  198,  521,  360,  785,  943,  688,  124,  563,  649,  632,  726,  701,  987,  348,  836,  626,  805,   52,  586,  287,  549,  334, 1056,  990,  554,  878,  846,  575,  589,  374,  274,  481,  653,  466,  121],
        [  694,    0,   63,  297,  117,  358,  224,  632,  414,  374,  471,    0,  200,  573,  227,  366,  442,  407,  645,  597,  307,  703,  449,  276,   83,  254,  133,  266,  466,  513,  351,  241,  243,  499,   80,  589,  237,  256,   38,  347,  662,  508,  131,  226,  510,  165,   96,  441,  412,  457,  303,  442,  466,  244,  545,  395,  629,  287,  561,  363,  395,  305,  354,  371,  232,  466,  493,  173,  547,  652,  457,  325,  353,  314,  269,  344,  298,  521,  512,  211,  584,  325,  316,  410,  504,  400,  392,  561,  536,  255,  276,   35,  631,  433,  276,  123,  348,  170,   85,  603,  372,   90,  344,  291,  335,  269,  136,   46,  400,  294,  706,  512,  606,  173,  540,  374,  610,  394,  508,  333,  513,  377,  347,  563,   86,  239,  449,  574,  524,  387,  565,  399,  466,  659,  440,  540,  358,  183,  476,  313,  392,  122,  511,  721,  129,  483,  584,  508,  101,  342,  680,  469,   54,  503,  577,  494,  253,  397,  343,  315,  362,  488,  236,  517,  208,  613,  157,  382,  507,  176,  244,  355,  470,  635,  548,  538,  415,  656,  362,  157,  328,  335,   33,  509,   85,  521],
        [  838,    0,  261,  497,  187,  220,  214,  779,  348,  565,  638,  200,    0,  385,   63,  172,  286,  216,  466,  728,  415,  553,  351,  273,  118,  408,  256,   68,  576,  551,  269,  396,  258,  632,  233,  393,  395,   84,  236,  327,  466,  637,  327,  340,  354,  287,  142,  266,  582,  394,  105,  464,  346,  244,  666,  228,  429,  317,  512,  548,  227,  218,  525,  427,  121,  273,  445,   44,  378,  798,  548,  128,  478,  477,   81,  249,  482,  344,  555,  407,  385,  185,  120,  578,  415,  549,  221,  406,  336,  183,  470,  182,  497,  264,  456,  317,  539,   86,  217,  417,  328,  260,  538,   93,  241,  121,  299,  155,  226,  160,  572,  685,  426,   86,  656,  561,  754,  299,  650,  220,  318,  470,  151,  527,  141,  432,  565,  389,  369,  576,  613,  200,  326,  495,  524,  439,  462,  330,  518,  121,  332,   99,  543,  540,  141,  437,  594,  611,  119,  462,  622,  585,  180,  564,  454,  306,   54,  542,  279,  426,  496,  365,  202,  375,  408,  479,  110,  392,  680,   61,  366,  303,  538,  436,  355,  521,  247,  533,  519,   50,  525,  534,  174,  434,  173,  663],
        [ 1062,    0,  626,  861,  570,  252,  439, 1017,  371,  897,  922,  573,  385,    0,  347,  215,  174,  170,  411,  942,  656,  246,  562,  454,  495,  792,  569,  319,  943,  652,  539,  696,  610, 1008,  617,  265,  698,  382,  610,  638,  298,  862,  703,  719,  148,  670,  527,  141,  967,  389,  306,  570,  520,  592,  874,  189,  195,  509,  471,  871,  375,  507,  826,  596,  451,  272,  439,  402,  409, 1030,  731,  301,  855,  774,  355,  320,  808,  365,  662,  783,  214,  270,  267,  963,  342,  815,  187,  155,  178,  505,  815,  545,  259,  374,  779,  695,  873,  460,  602,   34,  407,  643,  916,  295,  510,  411,  684,  531,  177,  297,  304,  975,  387,  459,  854,  943,  988,  537,  892,  478,  255,  676,  236,  504,  526,  777,  781,  343,  153,  904,  712,  206,  469,  164,  702,  321,  683,  714,  635,  265,  600,  484,  635,  449,  523,  438,  635,  800,  504,  838,  521,  798,  563,  698,  271,  304,  341,  804,  368,  799,  875,  248,  543,  488,  776,  249,  486,  712,  971,  397,  638,  389,  690,  232,  281,  537,  376,  309,  903,  419,  900,  893,  541,  378,  514,  903],
        [  816,    0,  282,  518,  239,  159,  172,  760,  287,  571,  629,  227,   63,  347,    0,  142,  230,  182,  486,  702,  390,  497,  406,  227,  149,  455,  248,   63,  633,  503,  328,  388,  319,  686,  274,  396,  388,  133,  264,  390,  468,  613,  357,  394,  299,  338,  191,  218,  626,  333,  115,  415,  395,  306,  639,  175,  417,  276,  451,  551,  263,  277,  519,  386,  182,  283,  385,   57,  406,  777,  513,  142,  532,  470,  119,  187,  485,  368,  508,  437,  379,  123,   98,  623,  352,  533,  170,  351,  326,  245,  481,  201,  438,  297,  458,  349,  546,  147,  262,  377,  271,  299,  570,   81,  298,  175,  342,  185,  177,   98,  513,  678,  446,  148,  626,  598,  733,  355,  630,  276,  323,  438,  126,  467,  187,  443,  538,  405,  313,  581,  566,  184,  369,  444,  488,  376,  433,  377,  472,   90,  392,  150,  494,  558,  196,  377,  541,  579,  166,  517,  560,  558,  220,  522,  393,  322,   75,  525,  220,  481,  549,  303,  264,  417,  432,  420,  169,  454,  673,   52,  348,  245,  498,  430,  363,  464,  281,  472,  567,   75,  554,  553,  196,  371,  176,  642],
        [  934,    0,  422,  660,  356,  147,  282,  882,  315,  712,  761,  366,  172,  215,  142,    0,  159,   46,  387,  817,  510,  407,  406,  321,  285,  578,  386,  105,  734,  578,  356,  523,  402,  796,  404,  273,  523,  174,  403,  445,  342,  730,  495,  506,  215,  456,  313,  115,  753,  354,   99,  488,  377,  385,  751,  101,  280,  377,  467,  690,  223,  315,  655,  482,  244,  182,  411,  194,  331,  898,  617,  104,  642,  605,  147,  220,  625,  285,  585,  575,  248,  133,   53,  749,  345,  661,   88,  264,  191,  303,  623,  341,  370,  243,  597,  485,  687,  246,  388,  247,  323,  431,  707,   81,  325,  210,  471,  322,   84,  140,  439,  812,  350,  245,  736,  732,  854,  366,  752,  295,  209,  548,   22,  492,  313,  585,  651,  304,  230,  721,  642,   54,  336,  339,  589,  352,  547,  500,  551,   54,  422,  270,  565,  453,  309,  405,  594,  685,  291,  625,  558,  671,  351,  608,  342,  226,  127,  652,  270,  587,  662,  265,  338,  373,  572,  353,  272,  517,  807,  193,  476,  297,  591,  296,  251,  504,  235,  413,  689,  210,  693,  694,  336,  374,  317,  764],
        [  889,    0,  487,  714,  468,   88,  274,  844,  203,  736,  751,  442,  286,  174,  230,  159,    0,  132,  510,  768,  484,  268,  564,  282,  373,  683,  413,  233,  861,  485,  511,  531,  539,  915,  500,  374,  534,  319,  478,  594,  429,  688,  570,  623,   70,  567,  419,   58,  851,  230,  250,  400,  535,  524,  700,   61,  338,  336,  330,  708,  380,  467,  659,  423,  386,  319,  285,  285,  472,  857,  558,  261,  761,  607,  293,  147,  647,  425,  495,  648,  331,  117,  193,  848,  200,  643,   73,  122,  277,  449,  660,  410,  216,  396,  618,  564,  713,  371,  489,  192,  235,  523,  782,  218,  480,  359,  567,  405,   75,  148,  289,  805,  477,  371,  681,  815,  815,  524,  718,  450,  330,  503,  175,  360,  415,  623,  607,  429,   84,  742,  547,  195,  492,  218,  529,  199,  510,  605,  466,  181,  577,  379,  469,  564,  425,  282,  479,  627,  395,  746,  408,  625,  445,  528,  184,  362,  260,  632,  194,  710,  778,  111,  478,  525,  634,  198,  395,  665,  801,  273,  470,  215,  518,  368,  368,  383,  390,  257,  794,  303,  761,  743,  409,  234,  371,  729],
        [  954,    0,  463,  699,  401,  146,  306,  903,  310,  747,  789,  407,  216,  170,  182,   46,  132,    0,  388,  836,  533,  366,  438,  338,  327,  623,  419,  150,  778,  583,  395,  554,  447,  841,  448,  262,  554,  218,  444,  486,  326,  751,  537,  551,  179,  501,  358,   79,  797,  346,  142,  494,  406,  430,  769,   84,  253,  394,  455,  723,  251,  356,  686,  496,  288,  190,  402,  235,  342,  919,  632,  144,  687,  635,  191,  223,  659,  296,  591,  617,  229,  143,   98,  794,  328,  687,   72,  225,  172,  346,  660,  382,  335,  266,  631,  528,  722,  292,  433,  202,  326,  474,  750,  126,  364,  252,  515,  364,   62,  159,  402,  841,  352,  291,  753,  776,  875,  402,  774,  333,  206,  566,   67,  482,  357,  621,  671,  305,  194,  755,  647,   64,  362,  296,  604,  330,  568,  545,  559,   96,  460,  315,  569,  448,  354,  398,  591,  701,  335,  670,  539,  690,  395,  618,  313,  233,  173,  677,  275,  633,  707,  242,  382,  394,  613,  318,  317,  559,  836,  233,  503,  301,  602,  274,  247,  498,  260,  380,  734,  252,  734,  733,  377,  360,  354,  786],
        [ 1301,    0,  707,  927,  567,  531,  654, 1244,  697, 1019, 1103,  645,  466,  411,  486,  387,  510,  388,    0, 1188,  875,  653,  316,  702,  568,  753,  721,  423,  805,  965,  372,  861,  515,  890,  638,  147,  860,  392,  674,  470,  140, 1098,  748,  658,  530,  641,  555,  452,  919,  733,  371,  875,  263,  497, 1124,  471,  234,  756,  839, 1006,  251,  384,  989,  864,  417,  207,  789,  509,  107, 1261,  996,  345,  761,  942,  386,  606,  941,  124,  972,  820,  198,  520,  401,  912,  709, 1014,  459,  557,  239,  422,  920,  637,  668,  213,  916,  735,  992,  476,  617,  431,  709,  666,  933,  407,  362,  377,  687,  601,  449,  525,  715, 1149,   40,  473, 1111,  939, 1217,  336, 1113,  343,  182,  923,  388,  868,  562,  883, 1023,   84,  542, 1031, 1029,  334,  222,  570,  969,  703,  918,  690,  938,  417,  397,  523,  952,   77,  528,  785,  978, 1063,  544,  741,  913, 1043,  604,  994,  669,  166,  418, 1007,  657,  704,  788,  617,  462,  190,  836,  656,  492,  532, 1144,  521,  830,  684,  974,  196,  142,  885,  231,  718,  844,  515,  932,  969,  627,  743,  638, 1126],
        [  121,    0,  551,  493,  712,  700,  537,   92,  579,  357,  199,  597,  728,  942,  702,  817,  768,  836, 1188,    0,  314,  909, 1043,  499,  648,  718,  481,  765,  933,  332,  945,  357,  834,  912,  653, 1090,  361,  809,  587,  939, 1159,   91,  576,  763,  806,  718,  690,  811,  751,  576,  817,  388, 1055,  838,   68,  769, 1088,  442,  564,  330,  954,  898,  279,  346,  813,  984,  547,  684, 1105,   96,  212,  843,  826,  297,  808,  625,  356, 1069,  319,  569, 1063,  694,  791,  758,  643,  203,  776,  831, 1006,  849,  416,  586,  815,  991,  359,  589,  368,  747,  668,  957,  536,  639,  604,  782,  927,  838,  659,  627,  788,  679,  863,  216, 1148,  750,   90,  654,   66,  988,   97,  920, 1021,  270,  810,  533,  678,  428,  166, 1107,  808,  344,  301,  870, 1046,  922,  242,  685,  271,  699,  329,  777,  988,  701,  350, 1259,  723,  542,  411,  146,  686,  829,  634,  147,  650,  270,  755, 1023,  771,  203,  575,  823,  817,  715,  832, 1097,  523,  805,  743,  961,  219,  669,  364,  553,  262, 1110, 1062,  479,  974,  801,  764,  681,  568,  468,  598,  614,  566,   86],
        [  427,    0,  277,  352,  423,  406,  228,  373,  326,  296,  269,  307,  415,  656,  390,  510,  484,  533,  875,  314,    0,  678,  740,  203,  343,  496,  178,  452,  724,  240,  645,  113,  549,  730,  377,  780,  120,  497,  309,  653,  850,  224,  334,  510,  534,  455,  392,  519,  593,  344,  504,  208,  748,  550,  252,  473,  785,  150,  393,  260,  641,  595,  193,  117,  505,  672,  343,  371,  791,  389,  151,  530,  608,  148,  495,  338,  219,  756,  234,  366,  757,  394,  480,  596,  414,  160,  479,  570,  700,  547,  266,  288,  585,  678,  195,  343,  282,  440,  388,  676,  274,  371,  463,  469,  624,  527,  404,  328,  491,  375,  649,  323,  835,  443,  243,  512,  345,  685,  243,  614,  710,   73,  501,  376,  380,  247,  151,  794,  540,  296,  278,  561,  736,  669,  138,  459,   52,  451,  205,  467,  693,  397,  246,  947,  425,  334,  332,  204,  384,  605,  503,  171,  359,  210,  522,  711,  458,  148,  295,  588,  607,  459,  536,  787,  324,  572,  439,  687,  319,  356,   65,  281,  174,  804,  751,  330,  662,  587,  576,  369,  428,  357,  300,  396,  259,  255],
        [ 1028,    0,  743,  959,  736,  346,  509,  995,  352,  959,  942,  703,  553,  246,  497,  407,  268,  366,  653,  909,  678,    0,  796,  493,  639,  949,  654,  497, 1128,  584,  760,  751,  804, 1183,  765,  508,  755,  578,  739,  851,  531,  844,  829,  890,  199,  834,  687,  293, 1114,  339,  505,  523,  758,  788,  843,  325,  426,  534,  357,  927,  607,  721,  867,  584,  648,  514,  363,  552,  655, 1004,  702,  509, 1029,  818,  551,  370,  871,  610,  596,  904,  456,  380,  452, 1112,  269,  832,  334,  147,  424,  709,  895,  670,   96,  612,  843,  824,  939,  637,  755,  223,  405,  787, 1037,  479,  729,  616,  832,  669,  331,  411,   73,  996,  631,  637,  820, 1073,  966,  765,  883,  698,  501,  671,  427,  392,  682,  861,  766,  588,  184,  962,  632,  422,  709,   84,  674,  226,  687,  871,  581,  442,  824,  647,  565,  684,  692,  368,  532,  765,  662, 1014,  351,  780,  711,  642,  158,  548,  524,  819,  395,  978, 1045,  226,  741,  731,  886,  107,  662,  923,  993,  540,  683,  401,  648,  465,  527,  441,  612,  119, 1060,  570, 1013,  983,  670,  296,  627,  892],
        [ 1143,    0,  502,  684,  340,  534,  563, 1080,  688,  800,  916,  449,  351,  562,  406,  406,  564,  438,  316, 1043,  740,  796,    0,  624,  398,  471,  565,  358,  491,  901,   99,  689,  240,  577,  408,  373,  685,  274,  465,  163,  420,  953,  513,  376,  616,  378,  354,  517,  623,  733,  321,  815,   55,  227,  988,  505,  466,  665,  851,  797,  190,  146,  799,  772,  239,  295,  787,  390,  219, 1100,  884,  305,  457,  761,  291,  586,  736,  237,  904,  571,  409,  505,  378,  615,  740,  848,  493,  662,  404,  195,  700,  458,  772,  190,  718,  498,  774,  302,  389,  594,  676,  431,  662,  361,  117,  232,  436,  417,  489,  491,  839,  954,  293,  299,  981,  658, 1058,   56,  956,  132,  328,  804,  390,  870,  366,  667,  889,  296,  632,  814,  962,  377,  105,  720,  863,  753,  791,  423,  867,  394,   86,  344,  893,  381,  321,  780,  945,  943,  357,  437,  953,  909,  397,  910,  747,  276,  335,  845,  625,  403,  484,  668,  215,  127,  598,  756,  302,  218,  948,  410,  682,  650,  882,  442,  327,  869,  187,  818,  547,  384,  669,  727,  446,  765,  482,  969],
        [  617,    0,  290,  474,  367,  204,   63,  568,  153,  467,  470,  276,  273,  454,  227,  321,  282,  338,  702,  499,  203,  493,  624,    0,  259,  525,  176,  287,  742,  278,  537,  259,  485,  771,  355,  594,  263,  355,  302,  577,  662,  414,  375,  501,  334,  440,  320,  317,  666,  189,  338,  192,  618,  478,  432,  272,  590,   57,  285,  436,  489,  485,  381,  163,  388,  495,  218,  234,  630,  583,  296,  364,  628,  330,  344,  137,  379,  589,  282,  439,  565,  196,  301,  667,  247,  362,  279,  373,  508,  444,  405,  243,  405,  522,  351,  375,  447,  332,  356,  474,  102,  365,  564,  298,  510,  394,  410,  267,  291,  182,  475,  524,  663,  334,  416,  606,  539,  570,  440,  492,  528,  229,  316,  287,  309,  372,  334,  619,  342,  471,  341,  374,  595,  475,  269,  290,  232,  458,  246,  286,  597,  303,  270,  770,  346,  208,  326,  365,  302,  618,  405,  353,  312,  296,  343,  537,  301,  351,   99,  590,  636,  268,  449,  643,  411,  390,  342,  629,  520,  214,  193,   94,  274,  612,  570,  266,  507,  417,  627,  242,  536,  494,  250,  243,  193,  452],
        [  752,    0,  144,  380,  111,  294,  198,  691,  378,  453,  538,   83,  118,  495,  149,  285,  373,  327,  568,  648,  343,  639,  398,  259,    0,  310,  168,  184,  503,  522,  302,  300,  227,  548,  127,  508,  297,  178,  119,  323,  580,  558,  211,  259,  443,  199,   62,  366,  478,  423,  221,  443,  407,  221,  591,  323,  546,  285,  534,  438,  320,  252,  423,  385,  166,  385,  465,   93,  473,  710,  488,  243,  396,  378,  188,  294,  373,  445,  523,  291,  501,  259,  235,  476,  460,  458,  318,  494,  453,  204,  356,   69,  572,  359,  349,  201,  426,  100,  117,  526,  342,  150,  423,  209,  281,  196,  194,   38,  326,  229,  648,  583,  529,  103,  584,  449,  667,  342,  564,  273,  432,  408,  266,  541,   51,  318,  492,  495,  457,  464,  579,  317,  401,  590,  468,  492,  394,  233,  486,  232,  353,   54,  517,  644,   89,  456,  582,  546,   44,  382,  651,  512,   72,  522,  522,  415,  171,  453,  305,  349,  410,  431,  198,  452,  290,  555,   97,  371,  577,  101,  285,  321,  491,  552,  467,  523,  341,  602,  421,   76,  409,  417,   59,  471,   85,  577],
        [  787,    0,  238,  249,  223,  603,  476,  722,  667,  390,  541,  254,  408,  792,  455,  578,  683,  623,  753,  718,  496,  949,  471,  525,  310,    0,  358,  474,  229,  729,  387,  392,  239,  247,  184,  743,  385,  423,  224,  313,  811,  640,  162,   96,  752,  124,  267,  672,  176,  709,  493,  672,  512,  257,  684,  630,  806,  526,  809,  403,  518,  370,  440,  590,  363,  622,  742,  399,  647,  743,  639,  506,  113,  426,  446,  596,  363,  639,  725,  150,  753,  569,  526,  172,  757,  519,  625,  804,  716,  336,  305,  289,  881,  551,  360,  156,  368,  335,  195,  825,  623,  165,  194,  498,  392,  409,  119,  281,  631,  538,  956,  562,  719,  336,  688,  188,  708,  430,  622,  411,  671,  568,  557,  809,  270,  290,  607,  700,  766,  405,  773,  597,  538,  899,  631,  793,  543,   79,  692,  529,  388,  309,  731,  827,  271,  732,  811,  672,  291,  113,  929,  623,  239,  705,  828,  636,  452,  523,  597,  109,  114,  738,  293,  582,  195,  863,  309,  293,  556,  410,  434,  607,  669,  802,  695,  778,  534,  908,  112,  381,  209,  289,  285,  761,  338,  633],
        [  586,    0,  121,  306,  247,  326,  145,  526,  328,  329,  383,  133,  256,  569,  248,  386,  413,  419,  721,  481,  178,  654,  565,  176,  168,  358,    0,  306,  582,  382,  468,  141,  374,  604,  208,  643,  140,  333,  143,  476,  715,  390,  202,  351,  476,  292,  215,  429,  491,  365,  355,  317,  575,  373,  424,  381,  664,  168,  455,  305,  479,  419,  272,  241,  333,  526,  390,  214,  631,  545,  326,  380,  466,  223,  336,  284,  240,  599,  381,  263,  627,  301,  345,  492,  422,  294,  382,  522,  573,  370,  248,  111,  571,  517,  212,  204,  304,  267,  216,  595,  277,  209,  390,  328,  448,  359,  250,  150,  393,  273,  644,  432,  682,  270,  417,  431,  502,  509,  398,  440,  569,  246,  372,  452,  202,  211,  326,  644,  487,  337,  434,  431,  566,  624,  309,  463,  229,  298,  345,  336,  516,  221,  382,  796,  247,  380,  458,  381,  208,  459,  575,  345,  183,  371,  512,  561,  305,  288,  265,  436,  471,  429,  359,  618,  236,  555,  264,  514,  426,  204,  118,  268,  338,  677,  607,  421,  499,  588,  456,  207,  363,  331,  123,  419,   86,  411],
        [  878,    0,  325,  562,  252,  181,  234,  822,  331,  624,  688,  266,   68,  319,   63,  105,  233,  150,  423,  765,  452,  497,  358,  287,  184,  474,  306,    0,  634,  562,  289,  447,  307,  694,  300,  337,  446,   90,  302,  363,  410,  676,  394,  403,  299,  352,  209,  206,  648,  376,   53,  473,  342,  292,  701,  173,  366,  338,  494,  605,  203,  241,  577,  447,  154,  221,  430,   97,  344,  839,  576,   79,  540,  528,   68,  229,  540,  306,  567,  474,  324,  150,   53,  645,  386,  594,  164,  351,  273,  217,  532,  245,  448,  236,  513,  384,  598,  144,  284,  351,  321,  327,  605,   26,  258,  133,  366,  221,  167,  134,  521,  737,  384,  143,  689,  629,  795,  310,  692,  232,  263,  501,   84,  513,  208,  493,  600,  343,  314,  634,  625,  134,  313,  436,  550,  404,  495,  396,  531,   57,  354,  166,  552,  495,  205,  423,  595,  642,  186,  523,  598,  620,  248,  582,  410,  259,   28,  587,  269,  486,  559,  323,  246,  358,  473,  430,  169,  433,  732,  103,  409,  295,  559,  375,  302,  514,  221,  487,  585,  110,  592,  599,  238,  409,  228,  704],
        [  991,    0,  462,  444,  397,  790,  688,  927,  877,  587,  746,  466,  576,  943,  633,  734,  861,  778,  805,  933,  724, 1128,  491,  742,  503,  229,  582,  634,    0,  957,  443,  619,  335,   90,  388,  835,  612,  562,  442,  338,  894,  859,  390,  244,  930,  306,  447,  840,  218,  921,  638,  897,  543,  353,  903,  804,  915,  748, 1026,  607,  609,  453,  655,  817,  493,  726,  958,  580,  703,  948,  866,  643,  117,  647,  589,  796,  578,  710,  953,  369,  858,  755,  683,  208,  962,  738,  796,  982,  832,  441,  517,  500, 1070,  634,  579,  383,  570,  492,  390,  976,  836,  377,  347,  655,  463,  534,  334,  482,  800,  726, 1145,  759,  778,  492,  910,  307,  916,  472,  837,  491,  771,  795,  712, 1028,  455,  509,  832,  773,  945,  602, 1001,  739,  585, 1069,  859,  995,  770,  285,  920,  690,  408,  484,  959,  871,  437,  948, 1038,  897,  471,  124, 1145,  847,  436,  933, 1022,  727,  609,  743,  805,  154,  118,  932,  401,  617,  415, 1052,  467,  274,  753,  595,  662,  818,  897,  901,  786, 1001,  620, 1102,  173,  562,  378,  476,  494,  971,  550,  848],
        [  447,    0,  499,  588,  621,  437,  338,  422,  283,  510,  420,  513,  551,  652,  503,  578,  485,  583,  965,  332,  240,  584,  901,  278,  522,  729,  382,  562,  957,    0,  813,  353,  746,  967,  590,  844,  359,  633,  525,  844,  907,  283,  567,  732,  507,  673,  580,  537,  832,  265,  612,   90,  896,  742,  270,  504,  821,  238,  233,  472,  764,  761,  398,  142,  664,  759,  225,  511,  900,  428,  148,  636,  841,  368,  621,  361,  447,  858,   14,  605,  809,  446,  569,  836,  325,  324,  514,  522,  752,  717,  501,  485,  490,  796,  427,  574,  502,  605,  597,  661,  258,  591,  701,  570,  787,  671,  629,  519,  526,  442,  534,  469,  927,  607,  245,  751,  393,  847,  328,  770,  786,  177,  578,  201,  568,  485,  220,  882,  506,  505,   64,  631,  872,  605,  130,  363,  204,  677,   38,  552,  870,  571,   19, 1029,  610,  222,   98,  193,  566,  836,  309,  226,  560,   64,  433,  802,  578,  310,  309,  815,  842,  409,  718,  919,  564,  482,  612,  889,  467,  492,  297,  282,   86,  849,  827,  148,  782,  472,  814,  517,  666,  588,  496,  292,  443,  334],
        [ 1044,    0,  404,  589,  241,  469,  476,  982,  615,  703,  817,  351,  269,  539,  328,  356,  511,  395,  372,  945,  645,  760,   99,  537,  302,  387,  468,  289,  443,  813,    0,  591,  149,  524,  311,  393,  587,  200,  367,  107,  452,  856,  417,  291,  570,  286,  256,  470,  549,  661,  262,  728,  127,  134,  891,  451,  477,  576,  779,  699,  173,   53,  701,  681,  151,  290,  713,  305,  266, 1002,  790,  253,  390,  663,  223,  514,  638,  268,  815,  477,  419,  438,  319,  541,  674,  750,  439,  619,  401,   99,  602,  360,  725,  192,  619,  402,  677,  209,  291,  572,  597,  334,  575,  297,   32,  157,  341,  320,  438,  420,  795,  856,  341,  207,  885,  575,  960,   46,  858,   63,  333,  710,  338,  795,  268,  570,  793,  331,  586,  717,  873,  339,  152,  687,  769,  692,  695,  333,  778,  333,   66,  249,  806,  443,  223,  705,  862,  848,  261,  370,  885,  813,  298,  819,  694,  286,  263,  747,  548,  333,  417,  610,  117,  195,  503,  708,  206,  180,  850,  325,  586,  571,  790,  460,  344,  789,  180,  768,  473,  296,  580,  632,  348,  696,  386,  871],
        [  454,    0,  195,  241,  355,  446,  258,  392,  405,  208,  242,  241,  396,  696,  388,  523,  531,  554,  861,  357,  113,  751,  689,  259,  300,  392,  141,  447,  619,  353,  591,    0,  478,  620,  297,  783,    7,  472,  231,  583,  855,  269,  234,  418,  589,  368,  336,  555,  480,  431,  496,  317,  704,  482,  308,  507,  802,  220,  495,  178,  617,  545,  133,  226,  465,  666,  439,  354,  770,  412,  248,  521,  505,   82,  476,  391,  121,  739,  346,  256,  766,  426,  485,  484,  497,  159,  511,  631,  712,  495,  158,  234,  662,  655,   93,  245,  188,  399,  312,  720,  351,  285,  350,  468,  574,  495,  311,  274,  522,  401,  731,  291,  822,  402,  307,  399,  369,  634,  267,  570,  709,  180,  510,  482,  324,  135,  220,  784,  598,  213,  388,  570,  700,  733,  242,  542,  154,  356,  318,  474,  632,  352,  359,  936,  369,  430,  444,  284,  335,  503,  608,  237,  294,  319,  600,  702,  446,  156,  358,  489,  502,  527,  477,  752,  212,  647,  392,  608,  286,  344,   71,  351,  283,  816,  748,  438,  638,  670,  466,  347,  315,  249,  246,  485,  224,  280],
