{
    "name": "random-71-18365",
    "comment": "size=71 seed=18365",
    "nodes": ["+0", "-0", "+1", "-1", "+2", "-2", "+3", "-3", "+4", "-4", "+5", "-5", "+6", "-6", "+7", "-7", "+8", "-8", "+9", "-9", "+10", "-10", "+11", "-11", "+12", "-12", "+13", "-13", "+14", "-14", "+15", "-15", "+16", "-16", "+17", "-17", "+18", "-18", "+19", "-19", "+20", "-20", "+21", "-21", "+22", "-22", "+23", "-23", "+24", "-24", "+25", "-25", "+26", "-26", "+27", "-27", "+28", "-28", "+29", "-29", "+30", "-30", "+31", "-31", "+32", "-32", "+33", "-33", "+34", "-34", "+35", "-35", "+36", "-36", "+37", "-37", "+38", "-38", "+39", "-39", "+40", "-40", "+41", "-41", "+42", "-42", "+43", "-43", "+44", "-44", "+45", "-45", "+46", "-46", "+47", "-47", "+48", "-48", "+49", "-49", "+50", "-50", "+51", "-51", "+52", "-52", "+53", "-53", "+54", "-54", "+55", "-55", "+56", "-56", "+57", "-57", "+58", "-58", "+59", "-59", "+60", "-60", "+61", "-61", "+62", "-62", "+63", "-63", "+64", "-64", "+65", "-65", "+66", "-66", "+67", "-67", "+68", "-68", "+69", "-69", "+70", "-70", "+71", "-71"],
    "precedence": {
        "+0": "-0",
        "+1": "-1",
        "+2": "-2",
        "+3": "-3",
        "+4": "-4",
        "+5": "-5",
        "+6": "-6",
        "+7": "-7",
        "+8": "-8",
        "+9": "-9",
        "+10": "-10",
        "+11": "-11",
        "+12": "-12",
        "+13": "-13",
        "+14": "-14",
        "+15": "-15",
        "+16": "-16",
        "+17": "-17",
        "+18": "-18",
        "+19": "-19",
        "+20": "-20",
        "+21": "-21",
        "+22": "-22",
        "+23": "-23",
        "+24": "-24",
        "+25": "-25",
        "+26": "-26",
        "+27": "-27",
        "+28": "-28",
        "+29": "-29",
        "+30": "-30",
        "+31": "-31",
        "+32": "-32",
        "+33": "-33",
        "+34": "-34",
        "+35": "-35",
        "+36": "-36",
        "+37": "-37",
        "+38": "-38",
        "+39": "-39",
        "+40": "-40",
        "+41": "-41",
        "+42": "-42",
        "+43": "-43",
        "+44": "-44",
        "+45": "-45",
        "+46": "-46",
        "+47": "-47",
        "+48": "-48",
        "+49": "-49",
        "+50": "-50",
        "+51": "-51",
        "+52": "-52",
        "+53": "-53",
        "+54": "-54",
        "+55": "-55",
        "+56": "-56",
        "+57": "-57",
        "+58": "-58",
        "+59": "-59",
        "+60": "-60",
        "+61": "-61",
        "+62": "-62",
        "+63": "-63",
        "+64": "-64",
        "+65": "-65",
        "+66": "-66",
        "+67": "-67",
        "+68": "-68",
        "+69": "-69",
        "+70": "-70",
        "+71": "-71"
    },
    "edges": [
        [    0,    0,  472,  361,  351,  251,  316,  155,  674,  500,  613,  459,  185,  519,  499,  309,  690,  552,  533,  679,  584,  448,  462,  115,  155,  493,  140,  592,  547,  258,  445,  715,  186,  397,  392,  258,  500,  492,  496,  456,  602,  526,  316,  417,  518,  414,  221,  493,  130,  288,  506,  568,   90,  249,  554,  181,  348,  211,  427,  449,  325,  369,  459,  241,  316,  293,  482,  539,  458,  275,  416,  586,  249,  542,  584,  212,  147,  351,  375,  516,  333,  223,  344,  536,  452,  491,  312,  300,  610,  429,  200,  214,  557,  109,  525,  363,  547,  462,  497,  403,  584,  276,  786,  464,  385,  158,  241,  438,  462,  516,  479,  405,  601,  477,  579,  296,  137,  422,  547,  657,  171,  514,  186,  501,  367,  143,  638,  369,  233,  341,  217,  494,  419,  533,  289,  356,  519,  367,  217,  351,  101,  363,  516,  299],
        [    0,    0,    0,    0,    0,    0,    0,    0,    0,    0,    0,    0,    0,    0,    0,    0,    0,    0,    0,    0,    0,    0,    0,    0,    0,    0,    0,    0,    0,    0,    0,    0,    0,    0,    0,    0,    0,    0,    0,    0,    0,    0,    0,    0,    0,    0,    0,    0,    0,    0,    0,    0,    0,    0,    0,    0,    0,    0,    0,    0,    0,    0,    0,    0,    0,    0,    0,    0,    0,    0,    0,    0,    0,    0,    0,    0,    0,    0,    0,    0,    0,    0,    0,    0,    0,    0,    0,    0,    0,    0,    0,    0,    0,    0,    0,    0,    0,    0,    0,    0,    0,    0,    0,    0,    0,    0,    0,    0,    0,    0,    0,    0,    0,    0,    0,    0,    0,    0,    0,    0,    0,    0,    0,    0,    0,    0,    0,    0,    0,    0,    0,    0,    0,    0,    0,    0,    0,    0,    0,    0,    0,    0,    0,    0],
        [  472,    0,    0,  373,  759,  612,  583,  582,  206,  224,  159,  926,  495,  799,  262,  708,  817,  384,  359,  775,  126,  313,  487,  547,  621,   23,  457,  455,  762,  632,  720,  295,  332,  849,  187,  695,  645,  530,  647,  923,  237,  185,  493,  888,  989,  177,  681,  141,  515,  755,  716,  502,  396,  559,  421,  651,  808,  281,  349,  272,  795,  151,   19,  301,  691,  709,   25, 1011,  538,  458,  884,  449,  389,  632,  532,  682,  553,  151,  825,  660,  637,  284,  584,  795,  593,  960,  576,  528,  149,  607,  524,  278,  388,  481,  554,  687,  337,  187,  432,  638,  456,  566,  322,  306,  338,  518,  712,  908,  590,  777,  950,  310,  770,  557,  257,  525,  348,  685,  566,  205,  390,  986,  656,  426,  767,  426,  235,  351,  404,  508,  675,  178,  482, 1005,  355,  519,   78,  839,  643,  132,  489,  722,  575,  203],
        [  361,    0,  373,    0,  472,  605,  249,  362,  551,  228,  429,  704,  511,  864,  575,  670,  989,  681,  655,  963,  493,  118,  692,  476,  442,  394,  458,  745,  873,  349,  786,  667,  194,  600,  187,  450,  795,  733,  275,  701,  601,  535,  146,  714,  790,  202,  565,  487,  297,  614,  828,  760,  356,  259,  195,  478,  682,  348,  589,  552,  596,  225,  355,  151,  675,  653,  396,  817,  170,  136,  669,  738,  116,  815,  786,  505,  329,  374,  719,  289,  308,  190,  665,  876,  740,  741,  639,  609,  511,  237,  253,  349,  686,  282,  765,  357,  648,  222,  680,  727,  741,  609,  666,  583,  555,  279,  533,  746,  745,  856,  774,  550,  912,  190,  608,  191,  252,  758,  784,  571,  431,  789,  516,  679,  728,  438,  606,  552,  492,  150,  465,  256,  662,  804,   74,  157,  359,  666,  577,  346,  447,  405,  216,  206],
        [  351,    0,  759,  472,    0,  508,  234,  198,  963,  692,  868,  264,  506,  752,  842,  495,  982,  902,  882,  983,  882,  589,  804,  389,  227,  782,  477,  942,  816,  129,  699, 1035,  427,  147,  613,  104,  808,  829,  383,  261,  932,  856,  332,  330,  361,  636,  339,  816,  250,  321,  785,  915,  437,  215,  636,  234,  378,  546,  777,  795,  218,  620,  742,  461,  528,  463,  775,  391,  434,  337,  243,  936,  388,  862,  928,  227,  216,  671,  427,  398,  182,  475,  644,  781,  768,  299,  609,  617,  907,  335,  238,  549,  907,  286,  861,  149,  895,  672,  846,  690,  934,  572, 1080,  812,  735,  242,  228,  370,  781,  764,  374,  755,  884,  441,  916,  284,  423,  689,  883,  961,  521,  364,  290,  851,  525,  489,  960,  719,  580,  339,  169,  708,  759,  372,  436,  341,  781,  300,  417,  661,  425,   95,  475,  557],
        [  251,    0,  612,  605,  508,    0,  553,  353,  790,  707,  768,  480,  118,  270,  521,  101,  475,  517,  508,  477,  695,  678,  353,  142,  285,  627,  162,  527,  313,  462,  201,  779,  416,  479,  595,  405,  305,  362,  740,  478,  655,  589,  566,  382,  492,  614,  185,  573,  366,  250,  279,  472,  257,  484,  793,  274,  263,  337,  400,  465,  362,  557,  604,  469,   80,  115,  612,  501,  708,  525,  441,  522,  496,  367,  475,  286,  365,  463,  253,  760,  557,  440,  146,  290,  274,  498,  113,  146,  722,  673,  440,  339,  520,  355,  389,  574,  536,  662,  426,  184,  516,   83,  887,  462,  368,  395,  296,  380,  289,  271,  430,  403,  377,  727,  615,  542,  358,  184,  410,  753,  223,  486,  221,  435,  157,  191,  703,  345,  217,  591,  339,  689,  308,  506,  531,  605,  677,  345,   98,  480,  159,  556,  766,  495],
        [  316,    0,  583,  249,  234,  553,    0,  211,  779,  476,  668,  488,  500,  821,  726,  582, 1006,  810,  787,  994,  708,  365,  762,  412,  298,  606,  453,  863,  860,  132,  752,  875,  277,  374,  414,  246,  815,  796,  192,  484,  788,  714,  104,  526,  581,  434,  440,  670,  189,  462,  820,  857,  371,   69,  403,  329,  531,  440,  696,  689,  404,  434,  565,  287,  602,  556,  603,  610,  206,  126,  458,  857,  195,  855,  876,  345,  190,  532,  576,  212,   59,  315,  659,  843,  766,  524,  626,  616,  730,  127,  117,  442,  816,  208,  830,  109,  791,  464,  779,  717,  857,  590,  896,  713,  655,  160,  365,  563,  775,  823,  580,  664,  916,  218,  783,   60,  304,  732,  851,  788,  466,  582,  384,  781,  630,  450,  806,  645,  533,  106,  287,  499,  722,  594,  232,  108,  589,  484,  488,  513,  416,  158,  255,  384],
        [  155,    0,  582,  362,  198,  353,  211,    0,  787,  554,  706,  355,  323,  617,  646,  373,  820,  705,  685,  814,  702,  472,  614,  216,   89,  604,  287,  746,  664,  111,  553,  847,  254,  268,  460,  115,  636,  642,  403,  352,  740,  663,  259,  352,  433,  483,  231,  626,   71,  261,  628,  722,  240,  144,  552,  123,  330,  350,  581,  598,  236,  454,  566,  299,  395,  346,  596,  459,  399,  236,  315,  740,  253,  685,  737,  146,   34,  481,  372,  422,  205,  302,  474,  641,  591,  390,  439,  439,  727,  337,  117,  354,  710,  102,  675,  223,  698,  525,  651,  527,  738,  402,  903,  615,  539,   84,  172,  384,  603,  622,  413,  558,  726,  415,  722,  219,  236,  536,  696,  779,  325,  432,  175,  655,  420,  296,  771,  522,  387,  279,  104,  561,  570,  448,  304,  290,  614,  304,  280,  474,  239,  213,  453,  386],
        [  674,    0,  206,  551,  963,  790,  779,  787,    0,  348,  142, 1130,  675,  943,  328,  889,  909,  430,  413,  860,   95,  464,  591,  741,  825,  184,  645,  495,  890,  836,  869,  163,  537, 1054,  367,  900,  762,  630,  819, 1127,  210,  229,  684, 1089, 1191,  349,  877,  224,  720,  953,  846,  564,  594,  759,  542,  854, 1004,  474,  455,  368,  998,  346,  222,  503,  867,  894,  193, 1212,  706,  653, 1088,  491,  586,  733,  593,  885,  758,  333, 1017,  830,  835,  489,  737,  933,  717, 1163,  737,  686,   68,  787,  727,  471,  433,  686,  645,  884,  378,  334,  514,  784,  501,  733,  118,  393,  462,  723,  915, 1106,  710,  917, 1150,  427,  882,  721,  259,  719,  553,  834,  651,   67,  574, 1188,  856,  505,  946,  613,  162,  481,  574,  696,  880,  306,  600, 1207,  547,  705,  192, 1039,  832,  326,  682,  922,  732,  406],
        [  500,    0,  224,  228,  692,  707,  476,  554,  348,    0,  212,  907,  595,  936,  481,  791, 1001,  601,  576,  964,  315,  122,  676,  604,  621,  236,  546,  671,  920,  565,  856,  488,  317,  811,  113,  657,  816,  720,  479,  904,  456,  408,  373,  899,  986,   94,  720,  363,  485,  782,  872,  710,  454,  478,  201,  656,  846,  381,  546,  481,  788,  156,  210,  263,  784,  782,  247, 1012,  364,  356,  869,  666,  307,  816,  739,  685,  521,  316,  875,  488,  535,  277,  722,  940,  761,  944,  705,  663,  325,  456,  461,  379,  606,  458,  747,  584,  557,   48,  635,  782,  672,  684,  456,  515,  525,  474,  715,  927,  762,  920,  961,  505,  941,  378,  480,  417,  364,  823,  762,  383,  493,  985,  680,  631,  851,  518,  443,  531,  534,  378,  658,   47,  660, 1001,  257,  384,  170,  850,  708,  284,  557,  631,  386,  213],
        [  613,    0,  159,  429,  868,  768,  668,  706,  142,  212,    0, 1057,  651,  956,  386,  864,  962,  504,  481,  917,  149,  332,  633,  697,  756,  148,  612,  573,  917,  740,  878,  297,  452,  972,  256,  816,  797,  675,  689, 1054,  306,  290,  569, 1029, 1126,  235,  828,  261,  636,  899,  871,  631,  543,  658,  402,  788,  956,  435,  494,  410,  929,  252,  165,  409,  848,  863,  165, 1149,  575,  543, 1016,  569,  482,  778,  662,  819,  674,  309,  976,  699,  726,  405,  742,  951,  746, 1092,  735,  686,  144,  663,  631,  432,  507,  604,  696,  776,  452,  207,  569,  795,  577,  724,  244,  442,  488,  634,  849, 1051,  742,  934, 1091,  457,  921,  590,  346,  609,  481,  843,  706,  192,  546, 1124,  799,  562,  923,  581,  273,  503,  563,  578,  804,  175,  632, 1142,  438,  585,   95,  979,  795,  289,  640,  818,  598,  321],
        [  459,    0,  926,  704,  264,  480,  488,  355, 1130,  907, 1057,    0,  537,  653,  942,  416,  916,  971,  957,  932, 1041,  819,  828,  424,  305,  947,  534,  993,  741,  361,  625, 1172,  606,  118,  814,  254,  776,  841,  646,    4, 1056,  981,  576,  122,   98,  837,  301,  950,  425,  230,  723,  947,  545,  450,  883,  278,  238,  667,  846,  889,  135,  806,  912,  653,  458,  385,  938,  128,  692,  569,   44,  988,  602,  842,  952,  248,  387,  809,  277,  661,  441,  653,  624,  688,  751,   37,  592,  621, 1067,  597,  452,  671,  975,  454,  868,  412,  978,  879,  892,  650,  984,  561, 1244,  896,  807,  434,  220,  154,  766,  675,  131,  835,  817,  702, 1029,  528,  579,  629,  889, 1115,  598,  102,  292,  900,  416,  558, 1094,  786,  639,  588,  254,  915,  782,  109,  653,  593,  964,  138,  385,  808,  482,  358,  736,  737],
        [  185,    0,  495,  511,  506,  118,  500,  323,  675,  595,  651,  537,    0,  354,  421,  215,  507,  435,  422,  495,  580,  575,  302,  120,  281,  510,   54,  458,  368,  433,  275,  673,  318,  511,  483,  404,  316,  324,  678,  535,  549,  480,  494,  456,  567,  502,  239,  461,  314,  316,  325,  418,  156,  433,  693,  286,  348,  220,  311,  365,  407,  443,  487,  368,  197,  220,  495,  581,  631,  449,  495,  453,  409,  362,  428,  308,  324,  347,  351,  698,  515,  335,  161,  365,  269,  561,  130,  117,  607,  611,  384,  223,  439,  293,  356,  542,  446,  550,  357,  222,  448,   98,  774,  367,  274,  342,  328,  462,  281,  345,  511,  306,  418,  651,  513,  478,  260,  247,  378,  641,  106,  562,  249,  364,  273,   78,  596,  252,  109,  519,  345,  575,  256,  582,  438,  534,  560,  413,  168,  363,   86,  536,  689,  383],
        [  519,    0,  799,  864,  752,  270,  821,  617,  943,  936,  956,  653,  354,    0,  628,  258,  272,  570,  573,  302,  853,  926,  376,  411,  542,  809,  407,  545,  105,  725,   81,  889,  672,  690,  826,  653,  216,  353, 1009,  653,  767,  719,  834,  534,  627,  843,  414,  721,  635,  446,  121,  467,  510,  752, 1046,  523,  417,  556,  494,  579,  568,  781,  796,  721,  226,  291,  793,  624,  976,  793,  624,  543,  759,  282,  453,  526,  632,  651,  377, 1029,  822,  688,  217,   38,  241,  659,  233,  275,  877,  942,  709,  558,  571,  624,  359,  836,  610,  890,  466,  162,  534,  257, 1021,  560,  482,  664,  526,  512,  252,   36,  558,  518,  180,  995,  719,  811,  613,  115,  369,  894,  446,  619,  464,  476,  239,  429,  822,  463,  404,  859,  587,  911,  351,  637,  791,  873,  873,  519,  340,  676,  422,  812, 1034,  728],
        [  499,    0,  262,  575,  842,  521,  726,  646,  328,  481,  386,  942,  421,  628,    0,  621,  584,  122,   98,  535,  248,  550,  265,  520,  650,  257,  411,  193,  566,  730,  558,  264,  450,  894,  414,  756,  437,  303,  839,  940,  140,  100,  659,  873,  983,  414,  654,  127,  595,  732,  524,  246,  410,  681,  669,  669,  768,  298,  135,   56,  808,  362,  272,  451,  591,  634,  242,  999,  743,  615,  899,  188,  544,  406,  276,  698,  627,  202,  769,  855,  770,  416,  436,  614,  394,  971,  443,  392,  268,  786,  634,  294,  127,  560,  318,  814,   77,  438,  187,  473,  195,  450,  394,   69,  156,  611,  724,  882,  386,  600,  930,  119,  556,  764,   95,  676,  429,  524,  325,  270,  344,  978,  651,  179,  672,  385,  195,  178,  312,  680,  714,  437,  279,  998,  530,  694,  336,  828,  588,  229,  461,  833,  789,  369],
        [  309,    0,  708,  670,  495,  101,  582,  373,  889,  791,  864,  416,  215,  258,  621,    0,  504,  612,  604,  517,  794,  752,  439,  194,  291,  724,  252,  617,  331,  475,  213,  880,  488,  438,  679,  397,  361,  443,  774,  416,  755,  689,  612,  307,  414,  699,  157,  673,  403,  194,  309,  558,  337,  514,  861,  268,  183,  430,  498,  565,  315,  644,  699,  543,   43,   34,  709,  419,  755,  575,  382,  613,  556,  429,  557,  269,  393,  561,  162,  793,  576,  518,  220,  288,  342,  430,  195,  238,  821,  707,  475,  433,  615,  401,  466,  585,  634,  748,  518,  235,  606,  176,  987,  561,  467,  432,  269,  297,  357,  272,  348,  503,  405,  773,  715,  581,  433,  213,  485,  853,  319,  406,  209,  527,   61,  283,  804,  445,  317,  635,  331,  776,  396,  426,  597,  648,  771,  279,   96,  576,  234,  558,  813,  580],
        [  690,    0,  817,  989,  982,  475, 1006,  820,  909, 1001,  962,  916,  507,  272,  584,  504,    0,  484,  499,   58,  831, 1023,  330,  604,  759,  820,  555,  430,  175,  931,  292,  812,  799,  940,  902,  879,  196,  287, 1182,  915,  707,  684,  995,  799,  896,  913,  650,  703,  819,  698,  198,  351,  649,  939, 1149,  748,  678,  645,  469,  552,  819,  849,  820,  838,  464,  537,  803,  894, 1127,  949,  883,  431,  900,  186,  324,  758,  826,  688,  642, 1202, 1019,  800,  348,  235,  250,  924,  382,  392,  851, 1116,  890,  645,  482,  799,  267, 1042,  535,  953,  397,  294,  421,  418,  960,  522,  481,  847,  764,  780,  245,  244,  827,  507,  100, 1148,  656,  983,  745,  295,  259,  849,  561,  888,  693,  405,  501,  564,  762,  471,  498, 1021,  813,  966,  341,  907,  919, 1036,  895,  779,  566,  718,  591, 1029, 1184,  813],
        [  552,    0,  384,  681,  902,  517,  810,  705,  430,  601,  504,  971,  435,  570,  122,  612,  484,    0,   26,  432,  361,  665,  195,  548,  695,  379,  441,   71,  494,  799,  509,  332,  538,  936,  530,  809,  363,  221,  937,  969,  224,  214,  753,  889, 1001,  531,  673,  247,  663,  750,  456,  134,  466,  759,  786,  708,  776,  371,  127,  129,  839,  476,  394,  547,  577,  631,  364, 1013,  847,  707,  929,   66,  637,  317,  163,  734,  691,  308,  769,  955,  849,  510,  404,  550,  330,  996,  421,  375,  377,  882,  710,  369,    6,  629,  227,  890,   53,  558,  105,  427,   74,  437,  477,   99,  168,  681,  757,  893,  319,  538,  942,  149,  470,  868,  173,  764,  507,  478,  228,  368,  384,  995,  680,   94,  656,  420,  279,  187,  334,  775,  760,  558,  227, 1015,  630,  789,  457,  847,  598,  338,  494,  904,  896,  475],
        [  533,    0,  359,  655,  882,  508,  787,  685,  413,  576,  481,  957,  422,  573,   98,  604,  499,   26,    0,  448,  340,  640,  199,  533,  677,  354,  425,   96,  501,  778,  510,  321,  514,  919,  504,  790,  370,  229,  913,  955,  209,  192,  728,  877,  988,  505,  660,  224,  642,  737,  462,  152,  446,  736,  761,  692,  765,  349,  111,  103,  824,  450,  369,  523,  570,  622,  339, 1001,  822,  682,  914,   91,  613,  328,  182,  718,  670,  283,  760,  930,  827,  485,  400,  555,  334,  982,  415,  367,  358,  857,  688,  346,   32,  608,  238,  868,   38,  532,  110,  427,   98,  429,  464,   74,  151,  660,  742,  881,  323,  542,  931,  128,  480,  843,  158,  740,  484,  478,  241,  351,  366,  983,  665,  100,  649,  403,  264,  171,  318,  751,  742,  532,  226, 1003,  605,  765,  433,  834,  586,  313,  478,  883,  870,  450],
        [  679,    0,  775,  963,  983,  477,  994,  814,  860,  964,  917,  932,  495,  302,  535,  517,   58,  432,  448,    0,  783,  992,  289,  600,  758,  777,  541,  376,  199,  925,  308,  759,  776,  950,  868,  880,  179,  246, 1166,  931,  655,  635,  978,  818,  919,  878,  657,  656,  808,  710,  209,  298,  631,  927, 1118,  750,  696,  617,  426,  507,  830,  814,  779,  813,  476,  550,  760,  918, 1106,  931,  898,  377,  879,  150,  271,  762,  818,  650,  663, 1186, 1010,  774,  341,  266,  229,  943,  376,  379,  803, 1101,  878,  616,  430,  787,  221, 1036,  483,  917,  349,  294,  367,  413,  907,  475,  441,  836,  771,  802,  221,  271,  850,  465,  123, 1128,  604,  968,  723,  305,  211,  798,  540,  911,  697,  357,  521,  547,  710,  433,  475, 1003,  815,  928,  306,  930,  895, 1018,  852,  795,  572,  681,  581, 1025, 1163,  782],
        [  584,    0,  126,  493,  882,  695,  708,  702,   95,  315,  149, 1041,  580,  853,  248,  794,  831,  361,  340,  783,    0,  421,  508,  648,  736,  103,  550,  429,  802,  756,  777,  176,  455,  968,  306,  816,  677,  548,  766, 1038,  158,  149,  618,  996, 1100,  293,  784,  133,  637,  860,  758,  492,  502,  684,  515,  764,  910,  381,  370,  283,  908,  276,  144,  426,  772,  799,  107, 1121,  656,  583,  998,  425,  514,  651,  522,  795,  674,  239,  922,  779,  763,  408,  645,  843,  629, 1074,  643,  592,   28,  729,  648,  378,  365,  602,  565,  812,  309,  289,  435,  692,  434,  639,  203,  310,  373,  641,  824, 1014,  623,  827, 1058,  338,  799,  673,  198,  650,  466,  742,  573,   80,  480, 1097,  764,  427,  851,  519,  131,  391,  480,  632,  792,  269,  513, 1116,  479,  642,  145,  947,  738,  234,  588,  847,  688,  328],
        [  448,    0,  313,  118,  589,  678,  365,  472,  464,  122,  332,  819,  575,  926,  550,  752, 1023,  665,  640,  992,  421,    0,  709,  560,  547,  331,  522,  733,  923,  466,  846,  597,  265,  716,  136,  565,  832,  753,  358,  815,  549,  492,  261,  823,  902,  138,  661,  445,  404,  717,  877,  761,  422,  376,  127,  583,  783,  381,  591,  539,  707,  190,  296,  210,  753,  740,  337,  929,  243,  253,  782,  727,  219,  843,  789,  611,  438,  361,  817,  367,  424,  240,  718,  934,  776,  855,  696,  660,  435,  335,  367,  381,  671,  384,  783,  472,  626,  133,  683,  780,  732,  670,  575,  572,  563,  389,  640,  853,  779,  914,  884,  550,  954,  258,  566,  308,  321,  816,  800,  494,  482,  902,  616,  680,  812,  498,  544,  565,  534,  263,  575,  159,  686,  917,  169,  267,  278,  774,  664,  329,  522,  522,  269,  210],
        [  462,    0,  487,  692,  804,  353,  762,  614,  591,  676,  633,  828,  302,  376,  265,  439,  330,  195,  199,  289,  508,  709,    0,  422,  582,  491,  328,  181,  304,  719,  315,  518,  515,  811,  582,  704,  173,   44,  917,  826,  400,  363,  727,  734,  845,  591,  528,  377,  588,  600,  263,  120,  392,  700,  836,  586,  614,  345,  140,  226,  703,  528,  491,  543,  400,  463,  474,  853,  845,  679,  787,  178,  619,  146,  127,  608,  608,  361,  600,  936,  789,  503,  222,  356,  136,  849,  245,  208,  530,  855,  650,  344,  196,  560,   74,  823,  235,  629,   91,  235,  170,  270,  656,  199,  152,  613,  626,  731,  125,  344,  782,  178,  292,  866,  350,  726,  468,  284,   93,  535,  297,  838,  547,  102,  476,  320,  455,  146,  230,  752,  646,  639,   47,  858,  627,  767,  565,  696,  444,  392,  379,  825,  899,  500],
        [  115,    0,  547,  476,  389,  142,  412,  216,  741,  604,  697,  424,  120,  411,  520,  194,  604,  548,  533,  600,  648,  560,  422,    0,  163,  566,  110,  575,  450,  327,  341,  760,  296,  392,  493,  286,  422,  443,  599,  422,  640,  567,  426,  355,  464,  514,  138,  541,  225,  215,  412,  537,  155,  343,  668,  166,  263,  268,  423,  466,  292,  464,  536,  351,  201,  181,  553,  481,  569,  387,  382,  570,  364,  474,  548,  188,  225,  409,  280,  619,  418,  328,  259,  431,  380,  451,  224,  229,  675,  532,  298,  271,  553,  215,  475,  438,  555,  563,  475,  311,  566,  187,  848,  473,  383,  254,  210,  368,  393,  412,  415,  411,  510,  588,  609,  401,  242,  322,  496,  715,  178,  459,  133,  482,  253,  136,  682,  363,  215,  451,  226,  593,  376,  480,  403,  464,  602,  309,  105,  417,   61,  426,  627,  396],
        [  155,    0,  621,  442,  227,  285,  298,   89,  825,  621,  756,  305,  281,  542,  650,  291,  759,  695,  677,  758,  736,  547,  582,  163,    0,  643,  258,  728,  597,  185,  482,  870,  308,  244,  519,  124,  582,  605,  489,  303,  757,  681,  347,  279,  371,  542,  143,  647,  145,  175,  563,  696,  244,  233,  634,   37,  244,  365,  569,  599,  174,  506,  607,  359,  317,  263,  633,  395,  487,  321,  263,  722,  329,  636,  707,   65,  118,  505,  284,  508,  286,  354,  418,  568,  541,  339,  383,  391,  762,  424,  204,  369,  699,  164,  637,  295,  695,  588,  630,  466,  719,  346,  939,  611,  527,  167,   95,  307,  554,  550,  341,  551,  662,  503,  733,  308,  275,  469,  658,  810,  311,  369,   87,  635,  335,  275,  793,  509,  364,  367,   66,  622,  536,  387,  378,  378,  662,  230,  202,  503,  205,  272,  542,  436],
        [  493,    0,   23,  394,  782,  627,  606,  604,  184,  236,  148,  947,  510,  809,  257,  724,  820,  379,  354,  777,  103,  331,  491,  566,  643,    0,  475,  449,  770,  655,  731,  274,  355,  871,  208,  718,  651,  533,  668,  945,  221,  174,  516,  909, 1010,  196,  700,  133,  538,  775,  724,  500,  415,  582,  435,  672,  828,  299,  352,  272,  816,  173,   41,  324,  706,  726,   18, 1032,  559,  481,  905,  444,  412,  636,  530,  703,  575,  165,  844,  681,  660,  307,  596,  804,  600,  981,  589,  540,  126,  628,  547,  296,  383,  503,  556,  710,  330,  202,  432,  648,  451,  579,  299,  305,  343,  541,  733,  928,  596,  786,  970,  314,  776,  577,  244,  548,  370,  696,  567,  183,  406, 1007,  677,  425,  783,  443,  215,  357,  418,  530,  697,  190,  487, 1026,  377,  541,   79,  859,  661,  150,  507,  744,  594,  226],
        [  140,    0,  457,  458,  477,  162,  453,  287,  645,  546,  612,  534,   54,  407,  411,  252,  555,  441,  425,  541,  550,  522,  328,  110,  258,  475,    0,  471,  421,  395,  329,  654,  265,  496,  434,  378,  363,  355,  628,  532,  533,  461,  442,  463,  573,  453,  244,  437,  269,  323,  377,  439,  103,  387,  640,  269,  364,  178,  315,  356,  401,  396,  448,  314,  241,  252,  460,  589,  578,  397,  491,  465,  355,  403,  452,  294,  284,  313,  373,  648,  472,  283,  212,  419,  313,  561,  183,  164,  577,  562,  337,  181,  445,  246,  388,  501,  445,  501,  372,  274,  462,  152,  748,  363,  274,  296,  318,  474,  323,  399,  521,  302,  468,  599,  500,  428,  206,  301,  410,  614,   71,  568,  242,  378,  312,   32,  576,  254,  108,  468,  323,  528,  283,  588,  384,  482,  519,  417,  188,  326,   54,  499,  636,  334],
        [  592,    0,  455,  745,  942,  527,  863,  746,  495,  671,  573,  993,  458,  545,  193,  617,  430,   71,   96,  376,  429,  733,  181,  575,  728,  449,  471,    0,  461,  843,  491,  384,  594,  966,  598,  846,  332,  194,  997,  992,  286,  284,  810,  905, 1017,  600,  694,  318,  708,  768,  427,   82,  509,  809,  855,  739,  789,  424,  168,  195,  864,  544,  464,  608,  579,  639,  434, 1027,  910,  764,  952,    7,  696,  276,  106,  763,  734,  374,  777, 1015,  899,  569,  402,  522,  309, 1017,  423,  382,  444,  940,  760,  422,   67,  675,  189,  939,  121,  628,  102,  414,   12,  445,  533,  162,  210,  728,  784,  906,  295,  512,  956,  200,  427,  931,  236,  819,  560,  462,  184,  431,  422, 1011,  706,   94,  656,  454,  339,  224,  364,  833,  794,  628,  222, 1031,  691,  848,  528,  866,  614,  405,  525,  949,  959,  540],
        [  547,    0,  762,  873,  816,  313,  860,  664,  890,  920,  917,  741,  368,  105,  566,  331,  175,  494,  501,  199,  802,  923,  304,  450,  597,  770,  421,  461,    0,  774,  119,  821,  680,  768,  813,  714,  132,  273, 1043,  740,  703,  662,  861,  624,  722,  828,  481,  670,  672,  525,   48,  381,  521,  791, 1047,  583,  504,  544,  435,  522,  646,  764,  762,  725,  292,  364,  753,  721,  998,  817,  709,  460,  775,  188,  363,  590,  674,  619,  468, 1063,  867,  689,  210,   70,  174,  750,  238,  265,  826,  976,  744,  545,  494,  656,  273,  886,  538,  872,  392,  147,  450,  272,  959,  499,  431,  701,  595,  606,  181,   72,  653,  465,   78, 1019,  653,  843,  622,  129,  279,  836,  444,  714,  526,  402,  326,  436,  758,  415,  390,  886,  648,  890,  290,  733,  801,  901,  839,  604,  399,  647,  447,  868, 1056,  718],
        [  258,    0,  632,  349,  129,  462,  132,  111,  836,  565,  740,  361,  433,  725,  730,  475,  931,  799,  778,  925,  756,  466,  719,  327,  185,  655,  395,  843,  774,    0,  662,  912,  302,  252,  485,  115,  747,  749,  315,  358,  813,  737,  216,  395,  452,  507,  325,  696,  136,  337,  738,  825,  335,   91,  523,  211,  404,  433,  677,  686,  272,  492,  616,  334,  501,  447,  649,  481,  337,  213,  330,  837,  260,  794,  841,  221,  112,  551,  451,  333,  103,  349,  585,  749,  701,  398,  550,  549,  780,  254,  110,  437,  804,  171,  782,  112,  787,  545,  751,  638,  836,  513,  953,  706,  635,  121,  239,  432,  713,  731,  449,  651,  836,  349,  799,  167,  304,  646,  804,  835,  426,  453,  269,  755,  518,  400,  839,  620,  490,  227,  160,  581,  676,  466,  309,  233,  653,  353,  385,  539,  348,  107,  386,  430],
        [  445,    0,  720,  786,  699,  201,  752,  553,  869,  856,  878,  625,  275,   81,  558,  213,  292,  509,  510,  308,  777,  846,  315,  341,  482,  731,  329,  491,  119,  662,    0,  821,  593,  650,  746,  598,  176,  299,  939,  625,  698,  646,  761,  511,  612,  762,  363,  645,  565,  407,  100,  417,  431,  684,  967,  467,  389,  475,  424,  508,  528,  700,  717,  641,  174,  246,  714,  612,  901,  718,  592,  489,  682,  247,  407,  473,  565,  571,  356,  958,  757,  608,  137,   92,  184,  636,  152,  195,  802,  872,  638,  477,  510,  552,  311,  773,  545,  809,  405,   86,  480,  177,  949,  491,  408,  594,  477,  495,  198,   72,  543,  445,  192,  921,  650,  739,  534,   35,  325,  821,  366,  604,  409,  416,  214,  350,  752,  388,  324,  786,  531,  831,  285,  623,  712,  800,  793,  488,  282,  596,  346,  754,  959,  647],
        [  715,    0,  295,  667, 1035,  779,  875,  847,  163,  488,  297, 1172,  673,  889,  264,  880,  812,  332,  321,  759,  176,  597,  518,  760,  870,  274,  654,  384,  821,  912,  821,    0,  611, 1109,  481,  961,  690,  550,  941, 1169,  126,  194,  788, 1115, 1222,  468,  897,  223,  786,  975,  781,  462,  628,  845,  688,  894, 1017,  505,  398,  318, 1037,  446,  314,  589,  851,  891,  273, 1240,  831,  751, 1129,  382,  680,  648,  489,  924,  822,  367, 1023,  954,  927,  566,  699,  873,  652, 1203,  706,  655,  164,  902,  806,  501,  333,  750,  557,  976,  284,  464,  430,  736,  392,  711,  151,  331,  419,  793,  952, 1127,  642,  859, 1174,  382,  801,  848,  171,  817,  612,  787,  559,  107,  584, 1218,  886,  420,  932,  625,   78,  441,  565,  803,  930,  443,  539, 1238,  649,  814,  320, 1067,  838,  374,  699, 1007,  864,  491],
        [  186,    0,  332,  194,  427,  416,  277,  254,  537,  317,  452,  606,  318,  672,  450,  488,  799,  538,  514,  776,  455,  265,  515,  296,  308,  355,  265,  594,  680,  302,  593,  611,    0,  521,  212,  366,  604,  554,  406,  603,  517,  441,  217,  586,  678,  235,  404,  398,  185,  466,  635,  597,  162,  236,  377,  342,  530,  173,  429,  414,  480,  201,  316,   56,  489,  476,  349,  702,  332,  170,  565,  588,  105,  629,  619,  373,  223,  257,  559,  424,  323,   49,  471,  683,  550,  641,  445,  416,  480,  346,  195,  175,  543,  153,  587,  369,  516,  281,  517,  534,  589,  416,  654,  440,  391,  186,  403,  612,  556,  663,  648,  395,  720,  353,  508,  227,   59,  564,  607,  534,  239,  676,  364,  518,  548,  245,  539,  383,  302,  240,  353,  315,  481,  693,  121,  255,  361,  536,  400,  240,  258,  396,  387,  133],
        [  397,    0,  849,  600,  147,  479,  374,  268, 1054,  811,  972,  118,  511,  690,  894,  438,  940,  936,  919,  950,  968,  716,  811,  392,  244,  871,  496,  966,  768,  252,  650, 1109,  521,    0,  722,  156,  783,  830,  529,  115,  998,  922,  467,  201,  215,  745,  294,  887,  336,  245,  744,  928,  486,  342,  774,  228,  282,  606,  810,  842,  123,  720,  833,  563,  477,  404,  863,  245,  577,  464,  102,  960,  504,  845,  937,  204,  298,  743,  330,  544,  326,  569,  623,  723,  751,  152,  589,  610,  994,  481,  351,  610,  940,  369,  860,  296,  937,  786,  866,  659,  957,  555, 1170,  854,  769,  339,  186,  240,  766,  708,  235,  794,  841,  586,  975,  418,  502,  647,  881, 1044,  554,  218,  265,  873,  453,  516, 1032,  750,  603,  477,  180,  822,  765,  226,  554,  481,  881,  186,  381,  738,  443,  241,  620,  653],
        [  392,    0,  187,  187,  613,  595,  414,  460,  367,  113,  256,  814,  483,  826,  414,  679,  902,  530,  504,  868,  306,  136,  582,  493,  519,  208,  434,  598,  813,  485,  746,  481,  212,  722,    0,  567,  714,  625,  461,  811,  421,  359,  317,  797,  888,   24,  612,  312,  389,  677,  766,  628,  342,  402,  259,  554,  739,  271,  459,  404,  690,   55,  170,  161,  672,  671,  211,  913,  352,  289,  774,  592,  227,  719,  656,  584,  427,  227,  766,  474,  471,  169,  612,  831,  658,  849,  594,  554,  325,  423,  377,  270,  535,  360,  654,  522,  490,   70,  550,  673,  597,  573,  483,  437,  432,  383,  614,  823,  660,  811,  860,  417,  838,  370,  433,  355,  255,  713,  670,  384,  382,  887,  574,  547,  739,  406,  422,  436,  425,  329,  561,  103,  562,  904,  183,  339,  175,  748,  597,  195,  445,  563,  389,  101],
        [  258,    0,  695,  450,  104,  405,  246,  115,  900,  657,  816,  254,  404,  653,  756,  397,  879,  809,  790,  880,  816,  565,  704,  286,  124,  718,  378,  846,  714,  115,  598,  961,  366,  156,  567,    0,  705,  728,  425,  251,  853,  777,  326,  281,  341,  590,  241,  740,  181,  235,  683,  816,  347,  199,  631,  132,  299,  462,  683,  707,  159,  565,  680,  408,  428,  365,  710,  370,  451,  316,  219,  840,  350,  759,  829,  129,  143,  594,  347,  442,  211,  414,  541,  681,  665,  291,  506,  515,  841,  367,  198,  466,  814,  215,  760,  202,  805,  631,  749,  587,  837,  469, 1017,  722,  642,  184,  137,  318,  678,  663,  335,  663,  781,  463,  834,  279,  350,  587,  781,  893,  425,  342,  189,  754,  431,  392,  885,  624,  483,  339,   67,  667,  658,  355,  401,  346,  725,  240,  316,  588,  325,  164,  500,  498],
        [  500,    0,  645,  795,  808,  305,  815,  636,  762,  816,  797,  776,  316,  216,  437,  361,  196,  363,  370,  179,  677,  832,  173,  422,  582,  651,  363,  332,  132,  747,  176,  690,  604,  783,  714,  705,    0,  142,  989,  775,  572,  534,  801,  667,  773,  726,  489,  545,  630,  548,   96,  253,  455,  749,  957,  576,  544,  452,  308,  395,  665,  662,  646,  644,  319,  392,  634,  776,  932,  755,  739,  330,  705,   72,  238,  590,  640,  507,  517, 1009,  831,  606,  164,  190,   56,  790,  199,  200,  699,  923,  699,  452,  363,  608,  144,  857,  407,  768,  260,  126,  321,  236,  829,  370,  309,  657,  601,  656,   56,  182,  705,  341,  126,  954,  522,  790,  550,  156,  154,  707,  366,  765,  525,  271,  378,  370,  628,  295,  303,  827,  641,  784,  165,  785,  724,  842,  722,  639,  402,  536,  402,  847,  990,  623],
        [  492,    0,  530,  733,  829,  362,  796,  642,  630,  720,  675,  841,  324,  353,  303,  443,  287,  221,  229,  246,  548,  753,   44,  443,  605,  533,  355,  194,  273,  749,  299,  550,  554,  830,  625,  728,  142,    0,  955,  839,  434,  402,  765,  743,  853,  634,  542,  417,  620,  612,  236,  120,  426,  734,  879,  608,  622,  386,  182,  266,  719,  572,  534,  584,  402,  468,  516,  860,  885,  717,  801,  191,  658,  104,  115,  628,  638,  405,  604,  974,  822,  544,  223,  331,  116,  860,  251,  221,  569,  892,  683,  385,  221,  593,   34,  854,  266,  673,  120,  224,  182,  280,  690,  238,  196,  645,  645,  738,  102,  320,  789,  221,  254,  906,  383,  762,  506,  271,   55,  572,  331,  846,  566,  130,  475,  350,  490,  190,  264,  790,  669,  683,   75,  866,  668,  805,  608,  707,  457,  436,  405,  854,  940,  543],
        [  496,    0,  647,  275,  383,  740,  192,  403,  819,  479,  689,  646,  678, 1009,  839,  774, 1182,  937,  913, 1166,  766,  358,  917,  599,  489,  668,  628,  997, 1043,  315,  939,  941,  406,  529,  461,  425,  989,  955,    0,  643,  874,  806,  191,  702,  743,  474,  632,  759,  375,  651, 1001, 1002,  536,  260,  331,  520,  719,  578,  834,  810,  582,  499,  629,  390,  793,  748,  670,  773,  115,  239,  624,  991,  302, 1023, 1024,  534,  381,  637,  765,   20,  214,  428,  838, 1029,  937,  681,  807,  791,  783,   68,  301,  580,  943,  388,  989,  235,  910,  486,  922,  898,  993,  772,  931,  839,  796,  346,  553,  740,  946, 1010,  752,  798, 1095,  104,  879,  201,  450,  917, 1009,  843,  629,  746,  576,  923,  822,  620,  880,  789,  696,  166,  474,  515,  881,  754,  309,  151,  628,  664,  679,  612,  596,  289,  115,  472],
        [  456,    0,  923,  701,  261,  478,  484,  352, 1127,  904, 1054,    4,  535,  653,  940,  416,  915,  969,  955,  931, 1038,  815,  826,  422,  303,  945,  532,  992,  740,  358,  625, 1169,  603,  115,  811,  251,  775,  839,  643,    0, 1054,  978,  573,  123,  101,  834,  299,  947,  422,  229,  723,  945,  542,  447,  880,  276,  237,  665,  844,  887,  133,  803,  909,  650,  457,  384,  935,  131,  689,  566,   41,  986,  599,  841,  951,  245,  384,  806,  277,  658,  438,  650,  622,  688,  750,   40,  590,  619, 1065,  594,  449,  669,  973,  451,  867,  409,  976,  876,  891,  649,  982,  560, 1241,  894,  805,  430,  218,  155,  765,  675,  133,  833,  816,  698, 1026,  525,  576,  628,  887, 1112,  596,  105,  290,  898,  415,  556, 1092,  784,  637,  585,  251,  912,  780,  112,  650,  590,  961,  137,  383,  805,  480,  355,  733,  734],
        [  602,    0,  237,  601,  932,  655,  788,  740,  210,  456,  306, 1056,  549,  767,  140,  755,  707,  224,  209,  655,  158,  549,  400,  640,  757,  221,  533,  286,  703,  813,  698,  126,  517,  998,  421,  853,  572,  434,  874, 1054,    0,   77,  709,  995, 1104,  413,  776,  119,  683,  854,  661,  357,  514,  752,  655,  780,  895,  393,  275,  193,  922,  377,  254,  503,  726,  766,  213, 1121,  770,  668, 1013,  283,  596,  535,  386,  809,  717,  262,  899,  889,  838,  474,  575,  752,  531, 1086,  581,  530,  166,  829,  710,  389,  226,  647,  445,  885,  173,  422,  315,  612,  292,  586,  257,  208,  294,  693,  837, 1006,  523,  738, 1054,  257,  687,  789,   52,  733,  510,  664,  449,  145,  463, 1099,  768,  306,  807,  504,   56,  316,  441,  727,  818,  409,  417, 1119,  572,  739,  289,  948,  716,  277,  580,  912,  809,  409],
        [  526,    0,  185,  535,  856,  589,  714,  663,  229,  408,  290,  981,  480,  719,  100,  689,  684,  214,  192,  635,  149,  492,  363,  567,  681,  174,  461,  284,  662,  737,  646,  194,  441,  922,  359,  777,  534,  402,  806,  978,   77,    0,  637,  922, 1030,  354,  704,   48,  606,  782,  618,  344,  438,  677,  604,  704,  824,  316,  228,  141,  846,  312,  199,  430,  662,  699,  162, 1047,  704,  596,  938,  279,  524,  505,  374,  734,  641,  186,  830,  822,  763,  400,  519,  707,  489, 1011,  522,  471,  168,  759,  634,  313,  218,  570,  418,  810,  163,  370,  287,  561,  287,  523,  304,  165,  238,  617,  761,  934,  482,  691,  981,  202,  654,  724,   74,  660,  433,  612,  425,  175,  390, 1025,  693,  279,  743,  432,  116,  259,  373,  655,  742,  362,  373, 1045,  501,  668,  250,  874,  645,  202,  506,  836,  745,  337],
