{
    "name": "random-38-31559",
    "comment": "size=38 seed=31559",
    "nodes": ["+0", "-0", "+1", "-1", "+2", "-2", "+3", "-3", "+4", "-4", "+5", "-5", "+6", "-6", "+7", "-7", "+8", "-8", "+9", "-9", "+10", "-10", "+11", "-11", "+12", "-12", "+13", "-13", "+14", "-14", "+15", "-15", "+16", "-16", "+17", "-17", "+18", "-18", "+19", "-19", "+20", "-20", "+21", "-21", "+22", "-22", "+23", "-23", "+24", "-24", "+25", "-25", "+26", "-26", "+27", "-27", "+28", "-28", "+29", "-29", "+30", "-30", "+31", "-31", "+32", "-32", "+33", "-33", "+34", "-34", "+35", "-35", "+36", "-36", "+37", "-37", "+38", "-38"],
    "precedence": {
        "+0": "-0",
        "+1": "-1",
        "+2": "-2",
        "+3": "-3",
        "+4": "-4",
        "+5": "-5",
        "+6": "-6",
        "+7": "-7",
        "+8": "-8",
        "+9": "-9",
        "+10": "-10",
        "+11": "-11",
        "+12": "-12",
        "+13": "-13",
        "+14": "-14",
        "+15": "-15",
        "+16": "-16",
        "+17": "-17",
        "+18": "-18",
        "+19": "-19",
        "+20": "-20",
        "+21": "-21",
        "+22": "-22",
        "+23": "-23",
        "+24": "-24",
        "+25": "-25",
        "+26": "-26",
        "+27": "-27",
        "+28": "-28",
        "+29": "-29",
        "+30": "-30",
        "+31": "-31",
        "+32": "-32",
        "+33": "-33",
        "+34": "-34",
        "+35": "-35",
        "+36": "-36",
        "+37": "-37",
        "+38": "-38"
    },
    "edges": [
        [    0,    0,  777,  836,  298,  861,  108,  451,  495,  753,  456,  593,  449,  675,  220,  317,  672,  909,  835,  184,  429,  133,  392,  702,  486,  215,  525,  618,  265,  798,  388,  220,  251,  904,  748,  377,  488,  987,  803,  906,  565,  158,  623,  467,   92,  762,  569,  317,  732,  999,  524,  482,  909,  936,  135,  381,  572,  750,  421,  254,  791,  153,  175,  605,  363,  770,  358,  483,  618,  421,  703,  363,  559,  323,  623,  582,  884,  418],
        [    0,    0,  777,  836,  298,  861,  108,  451,  495,  753,  456,  593,  449,  675,  220,  317,  672,  909,  835,  184,  429,  133,  392,  702,  486,  215,  525,  618,  265,  798,  388,  220,  251,  904,  748,  377,  488,  987,  803,  906,  565,  158,  623,  467,   92,  762,  569,  317,  732,  999,  524,  482,  909,  936,  135,  381,  572,  750,  421,  254,  791,  153,  175,  605,  363,  770,  358,  483,  618,  421,  703,  363,  559,  323,  623,  582,  884,  418],
        [  777,  777,    0,  216,  810,  350,  825,  893,  844,  308,  746,  700,  434,  114,  558,  833,  430,  134,  479,  867,  373,  666,  935,  356,  534,  589,  872,  323,  719,   92,  670,  558,  874,  453,  723,  739,  305,  682,   98,  712,  521,  751,  376,  602,  788,   81,  758,  810,  342,  708,  348,  390,  133,  204,  822,  482,  426,  580,  684,  833,  179,  706,  809,  607,  591,  234,  436,  333,  199,  377,  570,  826,  222,  475,  305,  391,  378,  852],
        [  836,  836,  216,    0,  789,  139,  858,  837,  770,  142,  907,  590,  411,  292,  621,  808,  294,  256,  284,  883,  408,  747,  899,  214,  706,  683,  793,  243,  708,  125,  623,  631,  871,  241,  570,  694,  354,  475,  119,  521,  708,  849,  574,  769,  869,  296,  658,  784,  554,  501,  517,  551,  236,  373,  909,  620,  340,  417,  841,  947,  394,  730,  822,  491,  736,  450,  478,  478,  377,  417,  420,  964,  349,  514,  230,  308,  164,  801],
        [  298,  298,  810,  789,    0,  766,  208,  156,  202,  669,  735,  350,  384,  735,  342,   27,  542,  941,  689,  161,  441,  374,  133,  601,  709,  422,  229,  546,   93,  796,  178,  367,  102,  775,  508,  120,  508,  791,  800,  689,  782,  448,  792,  712,  389,  825,  304,   20,  885,  797,  674,  646,  934, 1002,  430,  572,  459,  560,  690,  551,  885,  179,  128,  401,  604,  885,  391,  610,  710,  440,  515,  658,  626,  355,  559,  485,  781,  120],
        [  861,  861,  350,  139,  766,    0,  867,  788,  713,  110,  995,  515,  415,  412,  659,  782,  228,  391,  156,  880,  448,  790,  863,  166,  804,  736,  730,  244,  694,  260,  591,  674,  857,  103,  465,  659,  410,  337,  255,  390,  816,  898,  691,  864,  908,  429,  586,  757,  682,  363,  620,  647,  370,  510,  951,  702,  309,  309,  928, 1004,  529,  739,  819,  417,  817,  582,  515,  570,  490,  459,  325, 1036,  444,  545,  240,  287,   30,  757],
        [  108,  108,  825,  858,  208,  867,    0,  355,  409,  761,  564,  535,  453,  730,  275,  223,  661,  959,  821,   76,  460,  228,  288,  702,  585,  303,  437,  627,  205,  835,  336,  285,  145,  897,  694,  307,  525,  954,  840,  864,  664,  265,  711,  572,  194,  820,  501,  228,  816,  964,  604,  566,  956,  997,  229,  471,  564,  717,  529,  353,  859,  129,   81,  564,  466,  844,  392,  556,  683,  454,  671,  467,  614,  353,  635,  581,  887,  326],
        [  451,  451,  893,  837,  156,  788,  355,    0,   90,  704,  890,  299,  460,  832,  484,  135,  560, 1019,  684,  294,  542,  528,  105,  631,  855,  571,   99,  598,  227,  866,  224,  511,  220,  777,  442,  157,  605,  746,  867,  631,  927,  603,  924,  862,  542,  920,  233,  138, 1009,  747,  803,  779, 1009, 1093,  582,  715,  497,  534,  843,  704,  990,  332,  277,  382,  755,  997,  505,  736,  821,  544,  494,  812,  732,  474,  614,  530,  798,   45],
        [  495,  495,  844,  770,  202,  713,  409,   90,    0,  634,  916,  212,  416,  791,  489,  190,  487,  966,  602,  358,  510,  554,  193,  561,  859,  585,   35,  537,  243,  809,  188,  518,  288,  695,  352,  140,  569,  657,  810,  541,  927,  640,  909,  873,  586,  877,  144,  182,  988,  657,  788,  769,  954, 1046,  629,  715,  433,  448,  864,  747,  953,  359,  329,  300,  768,  965,  483,  718,  789,  514,  410,  850,  699,  457,  554,  467,  721,   90],
        [  753,  753,  308,  142,  669,  110,  761,  704,  634,    0,  894,  450,  309,  342,  550,  687,  153,  384,  176,  777,  339,  681,  773,   74,  709,  628,  655,  135,  594,  229,  497,  565,  757,  182,  432,  567,  304,  385,  226,  405,  728,  789,  611,  767,  798,  380,  518,  662,  616,  409,  529,  553,  366,  494,  842,  600,  211,  281,  827,  896,  481,  633,  716,  350,  715,  527,  406,  474,  410,  350,  280,  930,  353,  436,  131,  185,  135,  670],
        [  456,  456,  746,  907,  735,  995,  564,  890,  916,  894,    0,  947,  676,  636,  446,  758,  889,  848, 1039,  640,  582,  363,  845,  877,  216,  339,  949,  783,  673,  813,  760,  416,  705, 1074, 1078,  780,  595, 1235,  820, 1191,  260,  300,  405,  148,  375,  688,  950,  753,  506, 1254,  399,  359,  859,  813,  356,  294,  799, 1021,   68,  250,  655,  560,  626,  918,  182,  603,  539,  430,  548,  570,  980,  146,  558,  534,  777,  789, 1024,  852],
        [  593,  593,  700,  590,  350,  515,  535,  299,  212,  450,  947,    0,  319,  672,  502,  352,  297,  810,  393,  507,  431,  606,  395,  377,  843,  609,  222,  378,  332,  650,  205,  531,  451,  488,  160,  232,  472,  450,  650,  341,  898,  711,  847,  873,  676,  748,   73,  333,  906,  453,  729,  722,  796,  904,  723,  697,  275,  236,  887,  827,  836,  440,  459,  100,  778,  860,  435,  656,  691,  439,  200,  912,  601,  424,  397,  310,  520,  282],
        [  449,  449,  434,  411,  384,  415,  453,  460,  416,  309,  676,  319,    0,  376,  262,  405,  231,  562,  393,  473,  113,  394,  504,  254,  539,  359,  446,  175,  298,  414,  236,  285,  461,  457,  415,  305,  157,  569,  416,  516,  588,  506,  529,  579,  502,  462,  357,  382,  590,  586,  411,  408,  553,  633,  548,  399,  131,  346,  611,  620,  539,  325,  412,  257,  496,  554,  138,  338,  380,  122,  305,  676,  288,  149,  184,  135,  437,  418],
        [  675,  675,  114,  292,  735,  412,  730,  832,  791,  342,  636,  672,  376,    0,  459,  759,  432,  237,  517,  777,  294,  559,  863,  370,  425,  480,  822,  310,  642,  181,  610,  455,  791,  510,  718,  676,  228,  726,  188,  737,  420,  641,  282,  492,  681,   91,  722,  737,  275,  751,  238,  278,  240,  269,  713,  369,  402,  589,  573,  721,  165,  616,  721,  586,  478,  195,  349,  220,   89,  295,  570,  714,  117,  388,  293,  369,  441,  789],
        [  220,  220,  558,  621,  342,  659,  275,  484,  489,  550,  446,  502,  262,  459,    0,  368,  492,  691,  654,  330,  215,  133,  471,  507,  372,  108,  523,  417,  257,  578,  319,   31,  361,  712,  637,  350,  270,  828,  584,  766,  443,  245,  455,  386,  250,  547,  506,  353,  553,  844,  340,  307,  690,  723,  293,  232,  392,  599,  387,  358,  585,  177,  281,  479,  283,  571,  145,  285,  409,  205,  555,  421,  342,  116,  419,  394,  684,  441],
        [  317,  317,  833,  808,   27,  782,  223,  135,  190,  687,  758,  352,  405,  759,  368,    0,  557,  964,  701,  169,  466,  398,  106,  618,  734,  447,  215,  566,  119,  818,  192,  393,  102,  788,  509,  129,  533,  797,  821,  692,  808,  469,  819,  737,  408,  849,  302,   25,  911,  802,  700,  672,  956, 1026,  448,  598,  476,  568,  714,  570,  911,  204,  144,  409,  630,  910,  416,  636,  736,  465,  524,  678,  651,  380,  579,  503,  796,  104],
        [  672,  672,  430,  294,  542,  228,  661,  560,  487,  153,  889,  297,  231,  432,  492,  557,    0,  525,  164,  666,  308,  624,  636,   81,  729,  587,  506,  126,  477,  365,  366,  514,  636,  237,  293,  432,  304,  346,  363,  318,  763,  736,  669,  778,  731,  491,  366,  533,  697,  365,  568,  580,  509,  628,  777,  601,  101,  159,  823,  849,  589,  536,  606,  198,  708,  626,  360,  501,  479,  320,  141,  902,  401,  378,  141,  102,  240,  529],
        [  909,  909,  134,  256,  941,  391,  959, 1019,  966,  384,  848,  810,  562,  237,  691,  964,  525,    0,  539, 1001,  506,  796, 1064,  446,  633,  717,  992,  434,  851,  161,  796,  690, 1007,  491,  814,  866,  439,  727,  162,  776,  607,  877,  455,  701,  918,  162,  872,  941,  390,  753,  456,  501,   22,  121,  950,  600,  539,  664,  789,  954,  210,  840,  943,  714,  704,  273,  570,  453,  313,  510,  661,  939,  352,  609,  416,  504,  413,  979],
        [  835,  835,  479,  284,  689,  156,  821,  684,  602,  176, 1039,  393,  393,  517,  654,  701,  164,  539,    0,  821,  462,  786,  770,  164,  866,  746,  615,  256,  631,  395,  512,  675,  787,   95,  317,  573,  445,  211,  391,  238,  891,  898,  781,  920,  894,  553,  466,  677,  791,  235,  693,  712,  519,  655,  941,  747,  265,  166,  972, 1011,  655,  697,  763,  303,  857,  702,  519,  633,  582,  474,  194, 1059,  518,  539,  264,  261,  146,  658],
        [  184,  184,  867,  883,  161,  880,   76,  294,  358,  777,  640,  507,  473,  777,  330,  169,  666, 1001,  821,    0,  496,  301,  217,  714,  658,  372,  382,  646,  191,  870,  318,  345,   75,  902,  666,  275,  563,  940,  874,  843,  736,  340,  777,  646,  269,  868,  465,  181,  880,  948,  667,  630,  997, 1045,  301,  539,  573,  706,  605,  425,  913,  162,   62,  548,  540,  901,  432,  614,  736,  492,  659,  540,  662,  392,  656,  594,  899,  270],
        [  429,  429,  373,  408,  441,  448,  460,  542,  510,  339,  582,  431,  113,  294,  215,  466,  308,  506,  462,  496,    0,  344,  570,  304,  432,  290,  542,  211,  349,  376,  323,  228,  502,  509,  526,  386,   68,  653,  380,  614,  477,  451,  417,  475,  464,  384,  465,  444,  482,  673,  299,  296,  501,  561,  506,  296,  219,  444,  515,  558,  449,  336,  437,  369,  400,  456,   72,  226,  280,   13,  407,  598,  190,  108,  210,  207,  474,  499],
        [  133,  133,  666,  747,  374,  790,  228,  528,  554,  681,  363,  606,  394,  559,  133,  398,  624,  796,  786,  301,  344,    0,  489,  639,  358,   84,  586,  549,  311,  696,  408,  117,  356,  845,  751,  420,  394,  957,  701,  890,  437,  113,  491,  347,  124,  644,  598,  390,  600,  972,  393,  351,  797,  814,  163,  249,  523,  726,  317,  229,  666,  197,  272,  597,  240,  641,  276,  357,  496,  334,  680,  307,  445,  249,  551,  527,  816,  489],
        [  392,  392,  935,  899,  133,  863,  288,  105,  193,  773,  845,  395,  504,  863,  471,  106,  636, 1064,  770,  217,  570,  489,    0,  702,  834,  545,  203,  657,  225,  916,  277,  495,  143,  860,  543,  206,  636,  844,  919,  731,  909,  549,  924,  833,  481,  953,  332,  127, 1017,  846,  805,  777, 1056, 1129,  516,  700,  562,  625,  803,  640, 1016,  301,  220,  469,  725, 1016,  522,  742,  842,  570,  584,  754,  757,  486,  672,  592,  875,  114],
        [  702,  702,  356,  214,  601,  166,  702,  631,  561,   74,  877,  377,  254,  370,  507,  618,   81,  446,  164,  714,  304,  639,  702,    0,  703,  593,  582,   95,  528,  287,  427,  525,  691,  207,  369,  496,  283,  370,  285,  367,  729,  750,  624,  757,  753,  422,  445,  593,  642,  393,  532,  549,  429,  552,  798,  584,  143,  224,  810,  860,  522,  575,  653,  277,  696,  562,  366,  470,  428,  316,  216,  902,  358,  391,  101,  122,  186,  598],
        [  486,  486,  534,  706,  709,  804,  585,  855,  859,  709,  216,  843,  539,  425,  372,  734,  729,  633,  866,  658,  432,  358,  834,  703,    0,  290,  893,  612,  628,  605,  682,  344,  709,  890,  954,  720,  425, 1070,  612, 1042,   80,  362,  194,   69,  434,  473,  861,  722,  302, 1091,  189,  157,  644,  599,  439,  146,  649,  874,  161,  381,  440,  533,  625,  795,  126,  391,  409,  235,  337,  421,  837,  325,  360,  420,  603,  631,  833,  812],
        [  215,  215,  589,  683,  422,  736,  303,  571,  585,  628,  339,  609,  359,  480,  108,  447,  587,  717,  746,  372,  290,   84,  545,  593,  290,    0,  619,  500,  347,  624,  423,   79,  420,  798,  744,  447,  331,  927,  630,  870,  367,  166,  410,  291,  202,  563,  611,  436,  518,  944,  310,  268,  719,  732,  234,  168,  489,  702,  282,  268,  583,  244,  336,  586,  185,  558,  228,  275,  414,  279,  658,  317,  367,  210,  499,  486,  763,  530],
        [  525,  525,  872,  793,  229,  730,  437,   99,   35,  655,  949,  222,  446,  822,  523,  215,  506,  992,  615,  382,  542,  586,  203,  582,  893,  619,    0,  562,  276,  835,  221,  552,  310,  709,  352,  174,  600,  659,  836,  541,  961,  672,  943,  907,  616,  906,  151,  210, 1021,  659,  821,  803,  981, 1074,  658,  749,  457,  458,  898,  777,  984,  391,  357,  315,  802,  997,  517,  751,  821,  546,  422,  881,  730,  491,  579,  492,  738,  112],
        [  618,  618,  323,  243,  546,  244,  627,  598,  537,  135,  783,  378,  175,  310,  417,  566,  126,  434,  256,  646,  211,  549,  657,   95,  612,  500,  562,    0,  467,  274,  381,  434,  630,  299,  409,  452,  189,  459,  275,  442,  642,  659,  544,  665,  665,  376,  439,  541,  573,  480,  445,  460,  421,  526,  709,  491,  106,  283,  716,  768,  471,  499,  585,  285,  602,  504,  275,  381,  354,  223,  261,  808,  276,  302,   19,   71,  268,  560],
        [  265,  265,  719,  708,   93,  694,  205,  227,  243,  594,  673,  332,  298,  642,  257,  119,  477,  851,  631,  191,  349,  311,  225,  528,  628,  347,  276,  467,    0,  709,  132,  285,  164,  713,  490,  113,  416,  753,  712,  660,  700,  401,  703,  637,  353,  732,  305,  100,  793,  762,  583,  557,  844,  910,  399,  488,  386,  517,  623,  511,  793,  119,  134,  361,  530,  792,  298,  519,  617,  348,  470,  610,  533,  262,  478,  410,  712,  184],
        [  798,  798,   92,  125,  796,  260,  835,  866,  809,  229,  813,  650,  414,  181,  578,  818,  365,  161,  395,  870,  376,  696,  916,  287,  605,  624,  835,  274,  709,    0,  644,  583,  869,  363,  655,  715,  311,  594,    8,  630,  600,  789,  459,  671,  819,  172,  712,  795,  432,  620,  416,  454,  147,  266,  856,  536,  380,  508,  749,  879,  270,  711,  810,  553,  650,  326,  444,  388,  269,  382,  502,  883,  264,  483,  257,  344,  287,  826],
        [  388,  388,  670,  623,  178,  591,  336,  224,  188,  497,  760,  205,  236,  610,  319,  192,  366,  796,  512,  318,  323,  408,  277,  427,  682,  423,  221,  381,  132,  644,    0,  349,  276,  598,  361,   72,  384,  623,  646,  529,  747,  510,  723,  702,  472,  697,  191,  168,  800,  632,  601,  584,  786,  869,  519,  537,  286,  388,  704,  625,  770,  236,  264,  231,  601,  779,  296,  530,  603,  327,  342,  714,  513,  271,  396,  316,  605,  183],
        [  220,  220,  558,  631,  367,  674,  285,  511,  518,  565,  416,  531,  285,  455,   31,  393,  514,  690,  675,  345,  228,  117,  495,  525,  344,   79,  552,  434,  285,  583,  349,    0,  381,  731,  666,  379,  278,  852,  588,  793,  416,  225,  434,  356,  239,  543,  536,  379,  535,  868,  322,  287,  690,  717,  280,  206,  415,  625,  357,  336,  576,  197,  299,  507,  253,  559,  160,  271,  400,  217,  581,  394,  339,  136,  435,  415,  700,  468],
        [  251,  251,  874,  871,  102,  857,  145,  220,  288,  757,  705,  451,  461,  791,  361,  102,  636, 1007,  787,   75,  502,  356,  143,  691,  709,  420,  310,  630,  164,  869,  276,  381,    0,  871,  609,  222,  569,  893,  873,  790,  786,  408,  815,  702,  339,  881,  403,  119,  914,  899,  701,  668, 1001, 1059,  373,  582,  549,  661,  667,  497,  934,  185,   85,  502,  595,  927,  443,  644,  757,  499,  616,  611,  678,  404,  642,  573,  874,  199],
        [  904,  904,  453,  241,  775,  103,  897,  777,  695,  182, 1074,  488,  457,  510,  712,  788,  237,  491,   95,  902,  509,  845,  860,  207,  890,  798,  709,  299,  713,  363,  598,  731,  871,    0,  408,  661,  481,  237,  358,  303,  907,  956,  786,  948,  958,  532,  560,  764,  782,  263,  710,  734,  470,  610, 1003,  780,  334,  260, 1007, 1066,  632,  771,  843,  396,  894,  685,  572,  655,  585,  521,  288, 1106,  533,  597,  301,  322,   79,  750],
        [  748,  748,  723,  570,  508,  465,  694,  442,  352,  432, 1078,  160,  415,  718,  637,  509,  293,  814,  317,  666,  526,  751,  543,  369,  954,  744,  352,  409,  490,  655,  361,  666,  609,  408,    0,  391,  551,  309,  654,  190, 1002,  859,  931,  991,  828,  783,  212,  491,  975,  308,  819,  821,  797,  920,  876,  812,  324,  156, 1015,  975,  879,  595,  619,  161,  903,  912,  547,  748,  756,  536,  154, 1055,  670,  546,  427,  354,  460,  432],
        [  377,  377,  739,  694,  120,  659,  307,  157,  140,  567,  780,  232,  305,  676,  350,  129,  432,  866,  573,  275,  386,  420,  206,  496,  720,  447,  174,  452,  113,  715,   72,  379,  222,  661,  391,    0,  449,  671,  717,  570,  788,  513,  775,  734,  465,  764,  195,  106,  857,  678,  653,  633,  857,  937,  511,  576,  356,  441,  727,  624,  834,  231,  229,  282,  630,  841,  352,  584,  665,  388,  396,  721,  576,  322,  467,  386,  672,  114],
        [  488,  488,  305,  354,  508,  410,  525,  605,  569,  304,  595,  472,  157,  228,  270,  533,  304,  439,  445,  563,   68,  394,  636,  283,  425,  331,  600,  189,  416,  311,  384,  278,  569,  481,  551,  449,    0,  646,  316,  619,  460,  496,  381,  476,  516,  317,  513,  510,  435,  667,  270,  277,  434,  494,  556,  302,  231,  453,  527,  598,  386,  403,  505,  400,  414,  398,  134,  200,  223,   72,  420,  627,  132,  173,  183,  209,  437,  562],
        [  987,  987,  682,  475,  791,  337,  954,  746,  657,  385, 1235,  450,  569,  726,  828,  797,  346,  727,  211,  940,  653,  957,  844,  370, 1070,  927,  659,  459,  753,  594,  623,  852,  893,  237,  309,  671,  646,    0,  590,  126, 1099, 1070,  991, 1122, 1056,  759,  514,  776, 1001,   26,  901,  918,  706,  846, 1103,  945,  440,  238, 1168, 1185,  860,  839,  887,  392, 1053,  909,  703,  839,  792,  665,  285, 1244,  727,  717,  469,  447,  315,  731],
        [  803,  803,   98,  119,  800,  255,  840,  867,  810,  226,  820,  650,  416,  188,  584,  821,  363,  162,  391,  874,  380,  701,  919,  285,  612,  630,  836,  275,  712,    8,  646,  588,  873,  358,  654,  717,  316,  590,    0,  626,  607,  795,  466,  678,  825,  179,  712,  798,  438,  615,  424,  462,  147,  269,  862,  543,  380,  505,  756,  885,  276,  716,  814,  552,  657,  332,  449,  395,  276,  387,  500,  890,  271,  488,  258,  345,  281,  828],
        [  906,  906,  712,  521,  689,  390,  864,  631,  541,  405, 1191,  341,  516,  737,  766,  692,  318,  776,  238,  843,  614,  890,  731,  367, 1042,  870,  541,  442,  660,  630,  529,  793,  790,  303,  190,  570,  619,  126,  626,    0, 1079, 1002,  985, 1088,  980,  783,  400,  672, 1009,  120,  885,  896,  756,  892, 1028,  909,  395,  170, 1126, 1118,  884,  755,  792,  301, 1011,  928,  653,  818,  793,  625,  212, 1186,  718,  662,  456,  412,  375,  619],
        [  565,  565,  521,  708,  782,  816,  664,  927,  927,  728,  260,  898,  588,  420,  443,  808,  763,  607,  891,  736,  477,  437,  909,  729,   80,  367,  961,  642,  700,  600,  747,  416,  786,  907, 1002,  788,  460, 1099,  607, 1079,    0,  441,  152,  124,  513,  453,  921,  795,  247, 1121,  199,  184,  620,  559,  517,  212,  689,  912,  218,  454,  405,  608,  702,  845,  206,  349,  464,  262,  333,  467,  879,  386,  375,  479,  631,  668,  846,  883],
        [  158,  158,  751,  849,  448,  898,  265,  603,  640,  789,  300,  711,  506,  641,  245,  469,  736,  877,  898,  340,  451,  113,  549,  750,  362,  166,  672,  659,  401,  789,  510,  225,  408,  956,  859,  513,  496, 1070,  795, 1002,  441,    0,  527,  330,   77,  720,  699,  467,  639, 1085,  447,  401,  881,  883,   80,  293,  636,  838,  271,  117,  729,  283,  331,  707,  236,  697,  385,  427,  569,  440,  792,  210,  530,  360,  660,  638,  924,  568],
        [  623,  623,  376,  574,  792,  691,  711,  924,  909,  611,  405,  847,  529,  282,  455,  819,  669,  455,  781,  777,  417,  491,  924,  624,  194,  410,  943,  544,  703,  459,  723,  434,  815,  786,  931,  775,  381,  991,  466,  985,  152,  527,    0,  260,  591,  304,  880,  802,  113, 1015,  122,  148,  469,  409,  606,  243,  609,  824,  354,  566,  253,  631,  733,  780,  301,  199,  427,  194,  202,  409,  796,  518,  268,  453,  530,  583,  720,  879],
        [  467,  467,  602,  769,  712,  864,  572,  862,  873,  767,  148,  873,  579,  492,  386,  737,  778,  701,  920,  646,  475,  347,  833,  757,   69,  291,  907,  665,  637,  671,  702,  356,  702,  948,  991,  734,  476, 1122,  678, 1088,  124,  330,  260,    0,  405,  542,  886,  727,  365, 1142,  255,  219,  712,  667,  404,  180,  694,  919,   95,  331,  508,  534,  618,  831,  108,  458,  445,  295,  404,  464,  881,  263,  422,  449,  656,  679,  893,  820],
        [   92,   92,  788,  869,  389,  908,  194,  542,  586,  798,  375,  676,  502,  681,  250,  408,  731,  918,  894,  269,  464,  124,  481,  753,  434,  202,  616,  665,  353,  819,  472,  239,  339,  958,  828,  465,  516, 1056,  825,  980,  513,   77,  591,  405,    0,  764,  656,  408,  702, 1069,  503,  459,  920,  932,   48,  352,  630,  820,  348,  162,  781,  237,  266,  681,  308,  753,  394,  475,  615,  454,  774,  273,  567,  363,  668,  637,  932,  509],
        [  762,  762,   81,  296,  825,  429,  820,  920,  877,  380,  688,  748,  462,   91,  547,  849,  491,  162,  553,  868,  384,  644,  953,  422,  473,  563,  906,  376,  732,  172,  697,  543,  881,  532,  783,  764,  317,  759,  179,  783,  453,  720,  304,  542,  764,    0,  802,  827,  262,  784,  294,  339,  171,  179,  794,  439,  475,  645,  628,  794,  102,  706,  812,  658,  543,  154,  439,  294,  152,  385,  631,  778,  207,  478,  358,  440,  457,  877],
        [  569,  569,  758,  658,  304,  586,  501,  233,  144,  518,  950,   73,  357,  722,  506,  302,  366,  872,  466,  465,  465,  598,  332,  445,  861,  611,  151,  439,  305,  712,  191,  536,  403,  560,  212,  195,  513,  514,  712,  400,  921,  699,  880,  886,  656,  802,    0,  286,  946,  515,  760,  750,  859,  962,  702,  715,  334,  307,  892,  812,  887,  420,  423,  170,  787,  907,  459,  687,  735,  472,  273,  904,  644,  442,  457,  369,  592,  221],
        [  317,  317,  810,  784,   20,  757,  228,  138,  182,  662,  753,  333,  382,  737,  353,   25,  533,  941,  677,  181,  444,  390,  127,  593,  722,  436,  210,  541,  100,  795,  168,  379,  119,  764,  491,  106,  510,  776,  798,  672,  795,  467,  802,  727,  408,  827,  286,    0,  893,  782,  683,  656,  933, 1004,  450,  584,  452,  546,  706,  570,  890,  195,  148,  387,  619,  890,  396,  618,  715,  443,  501,  676,  630,  361,  555,  479,  772,  101],
        [  732,  732,  342,  554,  885,  682,  816, 1009,  988,  616,  506,  906,  590,  275,  553,  911,  697,  390,  791,  880,  482,  600, 1017,  642,  302,  518, 1021,  573,  793,  432,  800,  535,  914,  782,  975,  857,  435, 1001,  438, 1009,  247,  639,  113,  365,  702,  262,  946,  893,    0, 1025,  214,  251,  407,  322,  718,  353,  652,  855,  459,  678,  181,  729,  834,  831,  414,  118,  506,  275,  220,  477,  832,  626,  307,  536,  557,  622,  711,  965],
        [  999,  999,  708,  501,  797,  363,  964,  747,  657,  409, 1254,  453,  586,  751,  844,  802,  365,  753,  235,  948,  673,  972,  846,  393, 1091,  944,  659,  480,  762,  620,  632,  868,  899,  263,  308,  678,  667,   26,  615,  120, 1121, 1085, 1015, 1142, 1069,  784,  515,  782, 1025,    0,  923,  940,  732,  872, 1117,  965,  457,  249, 1187, 1200,  885,  851,  895,  401, 1072,  935,  720,  860,  816,  685,  296, 1261,  750,  734,  491,  466,  341,  734],
        [  524,  524,  348,  517,  674,  620,  604,  803,  788,  529,  399,  729,  411,  238,  340,  700,  568,  456,  693,  667,  299,  393,  805,  532,  189,  310,  821,  445,  583,  416,  601,  322,  701,  710,  819,  653,  270,  901,  424,  885,  199,  447,  122,  255,  503,  294,  760,  683,  214,  923,    0,   47,  465,  441,  525,  155,  500,  720,  336,  507,  284,  516,  620,  665,  250,  251,  306,   74,  150,  291,  689,  484,  177,  332,  434,  477,  650,  759],
        [  482,  482,  390,  551,  646,  647,  566,  779,  769,  553,  359,  722,  408,  278,  307,  672,  580,  501,  712,  630,  296,  351,  777,  549,  157,  268,  803,  460,  557,  454,  584,  287,  668,  734,  821,  633,  277,  918,  462,  896,  184,  401,  148,  219,  459,  339,  750,  656,  251,  940,   47,    0,  509,  488,  479,  109,  506,  729,  295,  460,  331,  483,  586,  664,  204,  296,  292,   80,  192,  286,  695,  439,  204,  313,  450,  485,  677,  735],
        [  909,  909,  133,  236,  934,  370,  956, 1009,  954,  366,  859,  796,  553,  240,  690,  956,  509,   22,  519,  997,  501,  797, 1056,  429,  644,  719,  981,  421,  844,  147,  786,  690, 1001,  470,  797,  857,  434,  706,  147,  756,  620,  881,  469,  712,  920,  171,  859,  933,  407,  732,  465,  509,    0,  143,  952,  606,  526,  646,  799,  960,  227,  836,  938,  699,  712,  290,  566,  459,  319,  506,  644,  947,  353,  606,  403,  491,  392,  969],
        [  936,  936,  204,  373, 1002,  510,  997, 1093, 1046,  494,  813,  904,  633,  269,  723, 1026,  628,  121,  655, 1045,  561,  814, 1129,  552,  599,  732, 1074,  526,  910,  266,  869,  717, 1059,  610,  920,  937,  494,  846,  269,  892,  559,  883,  409,  667,  932,  179,  962, 1004,  322,  872,  441,  488,  143,    0,  959,  594,  630,  773,  759,  948,  160,  884,  989,  810,  688,  211,  617,  458,  318,  563,  767,  918,  384,  656,  508,  595,  532, 1051],
        [  135,  135,  822,  909,  430,  951,  229,  582,  629,  842,  356,  723,  548,  713,  293,  448,  777,  950,  941,  301,  506,  163,  516,  798,  439,  234,  658,  709,  399,  856,  519,  280,  373, 1003,  876,  511,  556, 1103,  862, 1028,  517,   80,  606,  404,   48,  794,  702,  450,  718, 1117,  525,  479,  952,  959,    0,  371,  676,  868,  337,  125,  806,  283,  305,  729,  314,  775,  437,  502,  644,  496,  822,  242,  600,  408,  712,  682,  976,  550],
        [  381,  381,  482,  620,  572,  702,  471,  715,  715,  600,  294,  697,  399,  369,  232,  598,  601,  600,  747,  539,  296,  249,  700,  584,  146,  168,  749,  491,  488,  536,  537,  206,  582,  780,  812,  576,  302,  945,  543,  909,  212,  293,  243,  180,  352,  439,  715,  584,  353,  965,  155,  109,  606,  594,  371,    0,  514,  739,  227,  356,  438,  401,  499,  653,  116,  404,  266,  149,  288,  284,  701,  347,  273,  274,  484,  501,  731,  671],
        [  572,  572,  426,  340,  459,  309,  564,  497,  433,  211,  799,  275,  131,  402,  392,  476,  101,  539,  265,  573,  219,  523,  562,  143,  649,  489,  457,  106,  386,  380,  286,  415,  549,  334,  324,  356,  231,  440,  380,  395,  689,  636,  609,  694,  630,  475,  334,  452,  652,  457,  500,  506,  526,  630,  676,  514,    0,  226,  733,  750,  566,  438,  513,  185,  618,  594,  264,  430,  433,  231,  190,  805,  346,  279,  124,   36,  326,  461],
        [  750,  750,  580,  417,  560,  309,  717,  534,  448,  281, 1021,  236,  346,  589,  599,  568,  159,  664,  166,  706,  444,  726,  625,  224,  874,  702,  458,  283,  517,  508,  388,  625,  661,  260,  156,  441,  453,  238,  505,  170,  912,  838,  824,  919,  820,  645,  307,  546,  855,  249,  720,  729,  646,  773,  868,  739,  226,    0,  956,  954,  744,  602,  651,  160,  841,  783,  484,  652,  637,  456,   48, 1019,  557,  493,  299,  245,  306,  513],
        [  421,  421,  684,  841,  690,  928,  529,  843,  864,  827,   68,  887,  611,  573,  387,  714,  823,  789,  972,  605,  515,  317,  803,  810,  161,  282,  898,  716,  623,  749,  704,  357,  667, 1007, 1015,  727,  527, 1168,  756, 1126,  218,  271,  354,   95,  348,  628,  892,  706,  459, 1187,  336,  295,  799,  759,  337,  227,  733,  956,    0,  248,  600,  512,  585,  855,  115,  551,  473,  364,  485,  503,  915,  169,  492,  470,  709,  722,  957,  804],
        [  254,  254,  833,  947,  551, 1004,  353,  704,  747,  896,  250,  827,  620,  721,  358,  570,  849,  954, 1011,  425,  558,  229,  640,  860,  381,  268,  777,  768,  511,  879,  625,  336,  497, 1066,  975,  624,  598, 1185,  885, 1118,  454,  117,  566,  331,  162,  794,  812,  570,  678, 1200,  507,  460,  960,  948,  125,  356,  750,  954,  248,    0,  790,  394,  427,  824,  266,  751,  494,  502,  642,  547,  909,  120,  616,  472,  767,  751, 1031,  671],
        [  791,  791,  179,  394,  885,  529,  859,  990,  953,  481,  655,  836,  539,  165,  585,  911,  589,  210,  655,  913,  449,  666, 1016,  522,  440,  583,  984,  471,  793,  270,  770,  576,  934,  632,  879,  834,  386,  860,  276,  884,  405,  729,  253,  508,  781,  102,  887,  890,  181,  885,  284,  331,  227,  160,  806,  438,  566,  744,  600,  790,    0,  753,  860,  750,  529,   63,  495,  309,  178,  448,  728,  759,  260,  532,  453,  532,  556,  947],
        [  153,  153,  706,  730,  179,  739,  129,  332,  359,  633,  560,  440,  325,  616,  177,  204,  536,  840,  697,  162,  336,  197,  301,  575,  533,  244,  391,  499,  119,  711,  236,  197,  185,  771,  595,  231,  403,  839,  716,  755,  608,  283,  631,  534,  237,  706,  420,  195,  729,  851,  516,  483,  836,  884,  283,  401,  438,  602,  512,  394,  753,    0,  107,  455,  426,  744,  271,  459,  576,  331,  555,  492,  501,  231,  507,  454,  760,  292],
        [  175,  175,  809,  822,  128,  819,   81,  277,  329,  716,  626,  459,  412,  721,  281,  144,  606,  943,  763,   62,  437,  272,  220,  653,  625,  336,  357,  585,  134,  810,  264,  299,   85,  843,  619,  229,  505,  887,  814,  792,  702,  331,  733,  618,  266,  812,  423,  148,  834,  895,  620,  586,  938,  989,  305,  499,  513,  651,  585,  427,  860,  107,    0,  495,  511,  850,  374,  565,  682,  433,  604,  538,  606,  335,  595,  533,  838,  246],
        [  605,  605,  607,  491,  401,  417,  564,  382,  300,  350,  918,  100,  257,  586,  479,  409,  198,  714,  303,  548,  369,  597,  469,  277,  795,  586,  315,  285,  361,  553,  231,  507,  502,  396,  161,  282,  400,  392,  552,  301,  845,  707,  780,  831,  681,  658,  170,  387,  831,  401,  665,  664,  699,  810,  729,  653,  185,  160,  855,  824,  750,  455,  495,    0,  743,  777,  387,  593,  613,  379,  116,  899,  524,  386,  303,  219,  423,  357],
        [  363,  363,  591,  736,  604,  817,  466,  755,  768,  715,  182,  778,  496,  478,  283,  630,  708,  704,  857,  540,  400,  240,  725,  696,  126,  185,  802,  602,  530,  650,  601,  253,  595,  894,  903,  630,  414, 1053,  657, 1011,  206,  236,  301,  108,  308,  543,  787,  619,  414, 1072,  250,  204,  712,  688,  314,  116,  618,  841,  115,  266,  529,  426,  511,  743,    0,  487,  359,  262,  394,  388,  801,  236,  388,  358,  596,  607,  846,  714],
        [  770,  770,  234,  450,  885,  582,  844,  997,  965,  527,  603,  860,  554,  195,  571,  910,  626,  273,  702,  901,  456,  641, 1016,  562,  391,  558,  997,  504,  792,  326,  779,  559,  927,  685,  912,  841,  398,  909,  332,  928,  349,  697,  199,  458,  753,  154,  907,  890,  118,  935,  251,  296,  290,  211,  775,  404,  594,  783,  551,  751,   63,  744,  850,  777,  487,    0,  495,  288,  177,  454,  764,  713,  267,  530,  487,  561,  610,  953],
        [  358,  358,  436,  478,  391,  515,  392,  505,  483,  406,  539,  435,  138,  349,  145,  416,  360,  570,  519,  432,   72,  276,  522,  366,  409,  228,  517,  275,  298,  444,  296,  160,  443,  572,  547,  352,  134,  703,  449,  653,  464,  385,  427,  445,  394,  439,  459,  396,  506,  720,  306,  292,  566,  617,  437,  266,  264,  484,  473,  494,  495,  271,  374,  387,  359,  495,    0,  235,  320,   63,  442,  542,  237,   40,  276,  259,  540,  461],
        [  483,  483,  333,  478,  610,  570,  556,  736,  718,  474,  430,  656,  338,  220,  285,  636,  501,  453,  633,  614,  226,  357,  742,  470,  235,  275,  751,  381,  519,  388,  530,  271,  644,  655,  748,  584,  200,  839,  395,  818,  262,  427,  194,  295,  475,  294,  687,  618,  275,  860,   74,   80,  459,  458,  502,  149,  430,  652,  364,  502,  309,  459,  565,  593,  262,  288,  235,    0,  143,  218,  619,  496,  129,  263,  370,  408,  599,  691],
        [  618,  618,  199,  377,  710,  490,  683,  821,  789,  410,  548,  691,  380,   89,  409,  736,  479,  313,  582,  736,  280,  496,  842,  428,  337,  414,  821,  354,  617,  269,  603,  400,  757,  585,  756,  665,  223,  792,  276,  793,  333,  569,  202,  404,  615,  152,  735,  715,  220,  816,  150,  192,  319,  318,  644,  288,  433,  637,  485,  642,  178,  576,  682,  613,  394,  177,  320,  143,    0,  277,  613,  629,   92,  356,  339,  403,  519,  777],
        [  421,  421,  377,  417,  440,  459,  454,  544,  514,  350,  570,  439,  122,  295,  205,  465,  320,  510,  474,  492,   13,  334,  570,  316,  421,  279,  546,  223,  348,  382,  327,  217,  499,  521,  536,  388,   72,  665,  387,  625,  467,  440,  409,  464,  454,  385,  472,  443,  477,  685,  291,  286,  506,  563,  496,  284,  231,  456,  503,  547,  448,  331,  433,  379,  388,  454,   63,  218,  277,    0,  418,  587,  189,  101,  221,  219,  485,  500],
        [  703,  703,  570,  420,  515,  325,  671,  494,  410,  280,  980,  200,  305,  570,  555,  524,  141,  661,  194,  659,  407,  680,  584,  216,  837,  658,  422,  261,  470,  502,  342,  581,  616,  288,  154,  396,  420,  285,  500,  212,  879,  792,  796,  881,  774,  631,  273,  501,  832,  296,  689,  695,  644,  767,  822,  701,  190,   48,  915,  909,  728,  555,  604,  116,  801,  764,  442,  619,  613,  418,    0,  975,  530,  450,  278,  213,  326,  471],
        [  363,  363,  826,  964,  658, 1036,  467,  812,  850,  930,  146,  912,  676,  714,  421,  678,  902,  939, 1059,  540,  598,  307,  754,  902,  325,  317,  881,  808,  610,  883,  714,  394,  611, 1106, 1055,  721,  627, 1244,  890, 1186,  386,  210,  518,  263,  273,  778,  904,  676,  626, 1261,  484,  439,  947,  918,  242,  347,  805, 1019,  169,  120,  759,  492,  538,  899,  236,  713,  542,  496,  629,  587,  975,    0,  620,  527,  805,  801, 1064,  777],
        [  559,  559,  222,  349,  626,  444,  614,  732,  699,  353,  558,  601,  288,  117,  342,  651,  401,  352,  518,  662,  190,  445,  757,  358,  360,  367,  730,  276,  533,  264,  513,  339,  678,  533,  670,  576,  132,  727,  271,  718,  375,  530,  268,  422,  567,  207,  644,  630,  307,  750,  177,  204,  353,  384,  600,  273,  346,  557,  492,  616,  260,  501,  606,  524,  388,  267,  237,  129,   92,  189,  530,  620,    0,  275,  263,  318,  474,  688],
        [  323,  323,  475,  514,  355,  545,  353,  474,  457,  436,  534,  424,  149,  388,  116,  380,  378,  609,  539,  392,  108,  249,  486,  391,  420,  210,  491,  302,  262,  483,  271,  136,  404,  597,  546,  322,  173,  717,  488,  662,  479,  360,  453,  449,  363,  478,  442,  361,  536,  734,  332,  313,  606,  656,  408,  274,  279,  493,  470,  472,  532,  231,  335,  386,  358,  530,   40,  263,  356,  101,  450,  527,  275,    0,  305,  279,  569,  429],
        [  623,  623,  305,  230,  559,  240,  635,  614,  554,  131,  777,  397,  184,  293,  419,  579,  141,  416,  264,  656,  210,  551,  672,  101,  603,  499,  579,   19,  478,  257,  396,  435,  642,  301,  427,  467,  183,  469,  258,  456,  631,  660,  530,  656,  668,  358,  457,  555,  557,  491,  434,  450,  403,  508,  712,  484,  124,  299,  709,  767,  453,  507,  595,  303,  596,  487,  276,  370,  339,  221,  278,  805,  263,  305,    0,   88,  265,  576],
        [  582,  582,  391,  308,  485,  287,  581,  530,  467,  185,  789,  310,  135,  369,  394,  503,  102,  504,  261,  594,  207,  527,  592,  122,  631,  486,  492,   71,  410,  344,  316,  415,  573,  322,  354,  386,  209,  447,  345,  412,  668,  638,  583,  679,  637,  440,  369,  479,  622,  466,  477,  485,  491,  595,  682,  501,   36,  245,  722,  751,  532,  454,  533,  219,  607,  561,  259,  408,  403,  219,  213,  801,  318,  279,   88,    0,  307,  493],
        [  884,  884,  378,  164,  781,   30,  887,  798,  721,  135, 1024,  520,  437,  441,  684,  796,  240,  413,  146,  899,  474,  816,  875,  186,  833,  763,  738,  268,  712,  287,  605,  700,  874,   79,  460,  672,  437,  315,  281,  375,  846,  924,  720,  893,  932,  457,  592,  772,  711,  341,  650,  677,  392,  532,  976,  731,  326,  306,  957, 1031,  556,  760,  838,  423,  846,  610,  540,  599,  519,  485,  326, 1064,  474,  569,  265,  307,    0,  768],
        [  418,  418,  852,  801,  120,  757,  326,   45,   90,  670,  852,  282,  418,  789,  441,  104,  529,  979,  658,  270,  499,  489,  114,  598,  812,  530,  112,  560,  184,  826,  183,  468,  199,  750,  432,  114,  562,  731,  828,  619,  883,  568,  879,  820,  509,  877,  221,  101,  965,  734,  759,  735,  969, 1051,  550,  671,  461,  513,  804,  671,  947,  292,  246,  357,  714,  953,  461,  691,  777,  500,  471,  777,  688,  429,  576,  493,  768,    0]
    ]
}
