{
    "name": "random-57-22154",
    "comment": "size=57 seed=22154",
    "nodes": ["+0", "-0", "+1", "-1", "+2", "-2", "+3", "-3", "+4", "-4", "+5", "-5", "+6", "-6", "+7", "-7", "+8", "-8", "+9", "-9", "+10", "-10", "+11", "-11", "+12", "-12", "+13", "-13", "+14", "-14", "+15", "-15", "+16", "-16", "+17", "-17", "+18", "-18", "+19", "-19", "+20", "-20", "+21", "-21", "+22", "-22", "+23", "-23", "+24", "-24", "+25", "-25", "+26", "-26", "+27", "-27", "+28", "-28", "+29", "-29", "+30", "-30", "+31", "-31", "+32", "-32", "+33", "-33", "+34", "-34", "+35", "-35", "+36", "-36", "+37", "-37", "+38", "-38", "+39", "-39", "+40", "-40", "+41", "-41", "+42", "-42", "+43", "-43", "+44", "-44", "+45", "-45", "+46", "-46", "+47", "-47", "+48", "-48", "+49", "-49", "+50", "-50", "+51", "-51", "+52", "-52", "+53", "-53", "+54", "-54", "+55", "-55", "+56", "-56", "+57", "-57"],
    "precedence": {
        "+0": "-0",
        "+1": "-1",
        "+2": "-2",
        "+3": "-3",
        "+4": "-4",
        "+5": "-5",
        "+6": "-6",
        "+7": "-7",
        "+8": "-8",
        "+9": "-9",
        "+10": "-10",
        "+11": "-11",
        "+12": "-12",
        "+13": "-13",
        "+14": "-14",
        "+15": "-15",
        "+16": "-16",
        "+17": "-17",
        "+18": "-18",
        "+19": "-19",
        "+20": "-20",
        "+21": "-21",
        "+22": "-22",
        "+23": "-23",
        "+24": "-24",
        "+25": "-25",
        "+26": "-26",
        "+27": "-27",
        "+28": "-28",
        "+29": "-29",
        "+30": "-30",
        "+31": "-31",
        "+32": "-32",
        "+33": "-33",
        "+34": "-34",
        "+35": "-35",
        "+36": "-36",
        "+37": "-37",
        "+38": "-38",
        "+39": "-39",
        "+40": "-40",
        "+41": "-41",
        "+42": "-42",
        "+43": "-43",
        "+44": "-44",
        "+45": "-45",
        "+46": "-46",
        "+47": "-47",
        "+48": "-48",
        "+49": "-49",
        "+50": "-50",
        "+51": "-51",
        "+52": "-52",
        "+53": "-53",
        "+54": "-54",
        "+55": "-55",
        "+56": "-56",
        "+57": "-57"
    },
    "edges": [
        [    0,    0,   70,  325,  282,  833,  494,  795,  861,  553,  427,  789,  739,  619, 1098,  720,  872,  860,  850,  726,  792,  422,  965,  640,  218,  654,  843,  675,  455,  725, 1018,  832,  749,  782,  956,  889,  884,  668,  969,  777,  252, 1006,  296,  328,  296,  648,  464,  260,  700,  535,  911,  655,  512,  464,  788,  774,  502,  352,  865,  740,  913, 1047,  588,  579,  847,  734,  620,  641,  759,  847,  545,  744,  974,  982,  917,  858,  841,  828,  239,  442,  809,  282,  342,  538, 1129,  569,  451,  438, 1031,  805,  588,  284,  894,  865,  683,  539,  567,  605,  294,  736,  321,  483,  527,  195,  490,  864,  191,  393,  775,  775,  990,  766,  687,  572,  661,  696],
        [    0,    0,    0,    0,    0,    0,    0,    0,    0,    0,    0,    0,    0,    0,    0,    0,    0,    0,    0,    0,    0,    0,    0,    0,    0,    0,    0,    0,    0,    0,    0,    0,    0,    0,    0,    0,    0,    0,    0,    0,    0,    0,    0,    0,    0,    0,    0,    0,    0,    0,    0,    0,    0,    0,    0,    0,    0,    0,    0,    0,    0,    0,    0,    0,    0,    0,    0,    0,    0,    0,    0,    0,    0,    0,    0,    0,    0,    0,    0,    0,    0,    0,    0,    0,    0,    0,    0,    0,    0,    0,    0,    0,    0,    0,    0,    0,    0,    0,    0,    0,    0,    0,    0,    0,    0,    0,    0,    0,    0,    0,    0,    0,    0,    0,    0,    0],
        [   70,    0,    0,  280,  214,  764,  462,  728,  793,  486,  389,  751,  695,  569, 1030,  653,  829,  822,  816,  677,  730,  374,  904,  572,  158,  622,  794,  619,  405,  656,  954,  762,  704,  713,  890,  836,  824,  644,  918,  713,  189,  940,  249,  275,  261,  583,  400,  202,  631,  473,  841,  599,  491,  428,  719,  744,  434,  361,  826,  704,  862,  981,  543,  558,  792,  672,  587,  599,  725,  806,  476,  678,  911,  931,  879,  797,  797,  777,  175,  374,  741,  213,  288,  521, 1062,  500,  405,  369,  969,  766,  521,  326,  825,  796,  621,  474,  506,  557,  245,  673,  256,  422,  472,  126,  432,  828,  232,  344,  725,  723,  927,  709,  638,  511,  598,  633],
        [  325,    0,  280,    0,  276,  647,  653,  542,  721,  323,  571,  899,  820,  677,  940,  469,  952,  968,  976,  785,  744,   99,  922,  520,  321,  800,  892,  686,  134,  563,  936,  665,  828,  634,  854,  906,  851,  842,  994,  716,  317,  885,   32,   54,  470,  582,  212,  355,  497,  520,  715,  339,  706,  610,  616,  923,  293,  628,  965,  861,  941,  930,  264,  767,  855,  690,  763,  741,  888,  941,  408,  656,  905, 1008, 1024,  815,  918,  861,  307,  359,  583,  232,  423,  742, 1001,  444,  127,  291,  965,  910,  503,  604,  679,  709,  393,  495,  557,  281,  418,  445,  338,  207,  214,  202,  193,  979,  510,   71,  823,  808,  918,  765,  749,  279,  380,  642],
        [  282,    0,  214,  276,    0,  556,  383,  547,  580,  311,  301,  625,  550,  409,  817,  474,  684,  695,  701,  519,  527,  331,  705,  359,   94,  526,  631,  435,  345,  445,  746,  551,  558,  501,  679,  657,  627,  570,  743,  507,   62,  727,  250,  234,  221,  374,  262,   99,  431,  276,  634,  493,  443,  338,  509,  647,  256,  424,  693,  586,  688,  768,  489,  500,  609,  469,  488,  467,  613,  669,  266,  467,  705,  757,  751,  596,  650,  605,   64,  161,  546,   46,  148,  481,  849,  287,  366,  173,  764,  637,  308,  470,  624,  584,  477,  268,  312,  486,  156,  525,   64,  296,  379,  114,  325,  705,  390,  305,  561,  551,  720,  522,  482,  383,  447,  427],
        [  833,    0,  764,  647,  556,    0,  716,  210,  136,  325,  669,  738,  637,  542,  297,  232,  708,  774,  816,  580,  345,  599,  446,  222,  641,  755,  612,  453,  574,  116,  385,   54,  636,  104,  291,  555,  424,  831,  623,  311,  603,  283,  649,  599,  697,  299,  437,  618,  151,  411,   80,  487,  798,  680,   54,  827,  356,  912,  755,  737,  597,  324,  617,  817,  509,  342,  731,  640,  766,  728,  291,  243,  385,  636,  808,  385,  682,  561,  612,  400,  123,  552,  579,  835,  376,  275,  612,  397,  433,  733,  296, 1008,   99,   97,  369,  371,  411,  577,  636,  356,  537,  451,  509,  643,  484,  794,  938,  603,  574,  537,  389,  451,  571,  424,  346,  317],
        [  494,    0,  462,  653,  383,  716,    0,  807,  661,  623,   83,  300,  274,  217,  875,  751,  395,  370,  357,  285,  476,  713,  601,  499,  338,  161,  393,  317,  726,  607,  697,  683,  285,  620,  674,  466,  523,  190,  530,  484,  337,  743,  625,  615,  202,  421,  619,  299,  657,  307,  789,  850,   83,   47,  662,  283,  574,  274,  379,  250,  476,  772,  868,  121,  441,  433,  126,  175,  267,  364,  488,  504,  644,  539,  426,  516,  368,  398,  347,  405,  768,  428,  236,  122,  856,  478,  748,  486,  687,  318,  426,  438,  810,  689,  804,  352,  306,  860,  237,  843,  328,  658,  750,  459,  694,  373,  429,  687,  337,  354,  661,  392,  253,  735,  769,  426],
        [  795,    0,  728,  542,  547,  210,  807,    0,  344,  243,  745,  892,  790,  672,  474,   76,  880,  938,  974,  734,  528,  470,  651,  326,  640,  880,  788,  602,  438,  242,  595,  260,  791,  288,  500,  742,  620,  952,  817,  492,  605,  489,  553,  504,  736,  433,  340,  632,  155,  507,  231,  300,  888,  765,  229,  970,  295,  954,  922,  882,  785,  529,  442,  920,  693,  509,  850,  772,  913,  894,  322,  415,  593,  831,  978,  579,  851,  738,  610,  422,   87,  526,  621,  928,  570,  330,  473,  374,  642,  891,  391, 1016,  171,  306,  183,  460,  521,  398,  667,  155,  552,  336,  359,  602,  353,  957,  935,  483,  740,  705,  597,  622,  717,  274,  175,  473],
        [  861,    0,  793,  721,  580,  136,  661,  344,    0,  413,  629,  636,  538,  465,  238,  357,  593,  665,  710,  482,  231,  688,  311,  222,  654,  674,  497,  367,  667,  160,  253,   85,  536,   88,  158,  430,  295,  751,  494,  203,  617,  167,  718,  670,  681,  246,  519,  623,  252,  374,  163,  607,  742,  632,  124,  732,  430,  887,  643,  642,  472,  211,  729,  750,  389,  245,  655,  559,  670,  618,  325,  158,  249,  506,  693,  258,  570,  445,  628,  420,  259,  586,  568,  776,  280,  296,  706,  445,  299,  629,  280, 1001,  219,   44,  492,  346,  362,  691,  627,  486,  547,  542,  612,  680,  579,  685,  941,  687,  468,  430,  254,  343,  480,  532,  466,  238],
        [  553,    0,  486,  323,  311,  325,  623,  243,  413,    0,  550,  775,  677,  539,  620,  167,  792,  833,  858,  628,  495,  277,  660,  249,  405,  726,  711,  501,  255,  254,  649,  348,  682,  327,  559,  694,  603,  790,  779,  461,  372,  579,  328,  278,  516,  347,  113,  402,  175,  358,  392,  249,  699,  577,  298,  833,   56,  729,  822,  752,  735,  623,  333,  742,  641,  453,  692,  631,  782,  795,  162,  387,  626,  794,  882,  563,  759,  667,  375,  218,  265,  286,  408,  739,  689,  194,  294,  145,  685,  779,  273,  779,  358,  395,  182,  313,  385,  303,  447,  223,  328,  129,  206,  360,  167,  849,  695,  278,  649,  622,  637,  554,  600,  140,  147,  405],
        [  427,    0,  389,  571,  301,  669,   83,  745,  629,  550,    0,  363,  318,  223,  852,  685,  448,  434,  427,  315,  465,  631,  608,  448,  258,  236,  429,  312,  644,  557,  694,  641,  328,  578,  660,  492,  527,  271,  564,  466,  255,  726,  543,  533,  131,  383,  541,  218,  597,  259,  745,  773,  150,   40,  615,  359,  500,  266,  439,  315,  508,  759,  787,  201,  459,  415,  199,  218,  336,  421,  424,  474,  642,  575,  491,  514,  418,  426,  266,  333,  711,  346,  155,  190,  843,  418,  666,  411,  690,  378,  374,  413,  761,  652,  731,  299,  267,  780,  156,  771,  247,  579,  670,  378,  614,  439,  387,  605,  367,  376,  659,  397,  277,  657,  696,  399],
        [  789,    0,  751,  899,  625,  738,  300,  892,  636,  775,  363,    0,  102,  236,  792,  856,  111,   72,   84,  159,  405,  940,  438,  568,  609,  152,  168,  291,  944,  655,  558,  690,  102,  634,  577,  263,  383,  195,  286,  434,  597,  648,  875,  854,  493,  460,  810,  565,  740,  418,  793, 1022,  318,  325,  691,  108,  740,  552,   80,   52,  247,  661, 1074,  266,  273,  397,  177,  159,   54,   70,  615,  495,  506,  290,  129,  401,   99,  209,  610,  578,  828,  668,  484,  319,  735,  589,  973,  667,  528,   21,  513,  724,  836,  675,  947,  463,  390, 1057,  509,  973,  562,  850,  947,  723,  891,   80,  725,  918,  170,  208,  520,  293,  177,  908,  911,  424],
        [  739,    0,  695,  820,  550,  637,  274,  790,  538,  677,  318,  102,    0,  145,  706,  755,  135,  156,  185,   58,  310,  854,  368,  466,  546,  172,  120,  189,  856,  553,  483,  590,   11,  533,  490,  206,  303,  241,  258,  336,  529,  562,  797,  773,  447,  358,  718,  501,  638,  323,  694,  926,  318,  286,  589,  195,  645,  545,  147,  105,  206,  580,  983,  284,  198,  297,  176,  102,  133,  122,  517,  394,  429,  266,  207,  315,  102,  140,  542,  487,  727,  591,  416,  332,  657,  489,  887,  576,  459,  103,  413,  712,  736,  576,  848,  366,  293,  964,  450,  873,  486,  758,  855,  653,  799,  172,  700,  834,   83,  118,  445,  198,   78,  812,  812,  322],
        [  619,    0,  569,  677,  409,  542,  217,  672,  465,  539,  223,  236,  145,    0,  666,  630,  276,  299,  319,  111,  263,  710,  388,  347,  415,  214,  226,  103,  712,  444,  481,  501,  152,  440,  460,  273,  308,  290,  351,  274,  394,  531,  655,  629,  337,  245,  575,  369,  518,  182,  607,  787,  289,  204,  490,  300,  504,  482,  292,  214,  295,  558,  840,  287,  237,  224,  191,  100,  245,  266,  381,  309,  428,  363,  352,  300,  242,  210,  408,  343,  617,  449,  283,  318,  641,  357,  742,  432,  472,  242,  284,  635,  640,  498,  714,  228,  156,  821,  326,  742,  346,  615,  711,  516,  656,  313,  607,  689,  157,  157,  445,  177,   73,  672,  678,  229],
        [ 1098,    0, 1030,  940,  817,  297,  875,  474,  238,  620,  852,  792,  706,  666,    0,  518,  723,  803,  855,  654,  406,  895,  375,  458,  891,  862,  632,  564,  870,  382,  256,  276,  701,  317,  216,  545,  411,  938,  577,  393,  854,  145,  940,  891,  914,  476,  732,  861,  447,  605,  245,  771,  953,  850,  325,  896,  648, 1115,  779,  810,  578,  141,  907,  951,  521,  444,  849,  750,  835,  757,  558,  380,  297,  586,  818,  392,  709,  585,  865,  656,  394,  821,  803,  984,  117,  531,  908,  675,  304,  780,  517, 1236,  304,  235,  652,  580,  588,  865,  863,  628,  784,  747,  804,  915,  780,  824, 1177,  898,  626,  589,  287,  511,  664,  719,  634,  453],
        [  720,    0,  653,  469,  474,  232,  751,   76,  357,  167,  685,  856,  755,  630,  518,    0,  853,  906,  939,  700,  513,  401,  652,  289,  568,  833,  763,  567,  370,  226,  609,  275,  757,  286,  515,  726,  612,  903,  805,  477,  533,  514,  479,  429,  668,  399,  264,  561,  123,  458,  275,  255,  831,  707,  234,  929,  221,  885,  891,  842,  769,  556,  389,  866,  675,  487,  802,  728,  873,  864,  263,  398,  600,  819,  949,  570,  823,  715,  538,  357,  126,  452,  555,  871,  606,  277,  406,  302,  653,  857,  346,  943,  223,  324,  137,  409,  475,  348,  600,  132,  483,  262,  294,  527,  283,  924,  861,  411,  711,  678,  607,  598,  680,  208,  117,  445],
        [  872,    0,  829,  952,  684,  708,  395,  880,  593,  792,  448,  111,  135,  276,  723,  853,    0,   83,  137,  169,  364,  983,  355,  565,  680,  259,   97,  292,  983,  639,  478,  658,  126,  606,  511,  179,  315,  306,  181,  398,  663,  580,  930,  904,  578,  456,  841,  635,  732,  445,  755, 1041,  423,  414,  666,  208,  763,  657,   57,  160,  152,  587, 1106,  375,  208,  372,  279,  231,  164,   44,  630,  469,  429,  183,  100,  342,   34,  148,  677,  612,  810,  724,  550,  427,  655,  600, 1015,  700,  441,   91,  521,  827,  804,  635,  956,  485,  412, 1085,  584,  976,  620,  880,  977,  788,  922,  103,  823,  963,  144,  176,  441,  259,  204,  929,  921,  409],
        [  860,    0,  822,  968,  695,  774,  370,  938,  665,  833,  434,   72,  156,  299,  803,  906,   83,    0,   55,  207,  434, 1006,  437,  618,  681,  217,  173,  340, 1010,  699,  560,  725,  152,  672,  590,  261,  394,  247,  261,  465,  668,  659,  944,  922,  565,  508,  873,  636,  788,  479,  825, 1082,  383,  397,  730,  137,  800,  617,   26,  121,  235,  668, 1138,  326,  285,  434,  246,  229,  109,   48,  672,  533,  510,  261,   58,  418,   96,  222,  681,  641,  871,  737,  554,  380,  737,  644, 1040,  731,  524,   59,  567,  789,  872,  705, 1003,  521,  449, 1120,  581, 1026,  632,  913, 1010,  793,  954,   22,  794,  985,  201,  237,  523,  325,  233,  968,  967,  467],
        [  850,    0,  816,  976,  701,  816,  357,  974,  710,  858,  427,   84,  185,  319,  855,  939,  137,   55,    0,  241,  479, 1019,  490,  651,  680,  197,  223,  373, 1024,  736,  613,  768,  183,  713,  641,  314,  445,  211,  315,  509,  670,  711,  951,  931,  556,  542,  892,  636,  822,  501,  869, 1105,  358,  388,  770,   93,  823,  589,   81,  115,  289,  721, 1156,  297,  335,  475,  231,  237,   91,   99,  698,  573,  563,  316,   85,  468,  146,  272,  682,  660,  909,  745,  557,  349,  790,  672, 1053,  749,  578,   84,  596,  762,  914,  750, 1031,  546,  474, 1139,  578, 1057,  639,  932, 1029,  795,  973,   37,  772,  997,  243,  281,  576,  368,  260,  991,  995,  504],
        [  726,    0,  677,  785,  519,  580,  285,  734,  482,  628,  315,  159,   58,  111,  654,  700,  169,  207,  241,    0,  255,  814,  329,  411,  524,  212,  118,  133,  815,  496,  439,  533,   58,  476,  440,  182,  258,  286,  250,  280,  504,  512,  764,  736,  438,  302,  673,  479,  582,  277,  637,  876,  341,  288,  532,  251,  597,  558,  195,  161,  194,  531,  938,  316,  161,  240,  207,  114,  189,  168,  466,  337,  385,  261,  255,  265,  135,  114,  517,  443,  670,  558,  392,  360,  610,  437,  846,  532,  419,  158,  360,  720,  678,  520,  796,  318,  245,  918,  433,  820,  456,  712,  809,  626,  754,  225,  701,  795,   53,   74,  401,  144,   40,  763,  760,  265],
        [  792,    0,  730,  744,  527,  345,  476,  528,  231,  495,  465,  405,  310,  263,  406,  513,  364,  434,  479,  255,    0,  741,  180,  247,  574,  457,  268,  160,  730,  289,  232,  294,  307,  246,  199,  214,  110,  534,  292,   37,  542,  269,  731,  691,  552,  162,  576,  534,  391,  258,  392,  733,  551,  457,  305,  504,  486,  731,  413,  414,  257,  296,  828,  546,  166,   59,  443,  344,  442,  387,  347,  116,  184,  307,  464,   72,  340,  217,  555,  389,  452,  551,  458,  580,  380,  310,  767,  455,  240,  398,  242,  870,  441,  272,  632,  260,  227,  797,  515,  643,  475,  610,  699,  640,  652,  454,  826,  730,  237,  199,  200,  113,  259,  633,  599,  102],
        [  422,    0,  374,   99,  331,  599,  713,  470,  688,  277,  631,  940,  854,  710,  895,  401,  983, 1006, 1019,  814,  741,    0,  916,  504,  394,  853,  916,  705,   37,  529,  917,  624,  861,  601,  831,  919,  850,  900, 1007,  710,  382,  854,  127,  106,  541,  581,  171,  421,  449,  540,  661,  243,  772,  668,  575,  972,  263,  714, 1001,  905,  957,  899,  170,  830,  867,  691,  815,  783,  933,  975,  396,  643,  890, 1021, 1060,  812,  949,  880,  374,  373,  521,  286,  478,  810,  965,  432,   36,  291,  950,  949,  501,  699,  619,  671,  307,  508,  576,  184,  483,  359,  388,  149,  122,  283,  119, 1019,  606,   31,  848,  829,  902,  777,  780,  198,  300,  642],
        [  965,    0,  904,  922,  705,  446,  601,  651,  311,  660,  608,  438,  368,  388,  375,  652,  355,  437,  490,  329,  180,  916,    0,  414,  747,  538,  271,  299,  903,  429,  123,  393,  360,  367,  176,  177,   82,  608,  203,  207,  716,  236,  909,  869,  710,  341,  749,  705,  533,  432,  465,  888,  665,  592,  423,  545,  657,  870,  411,  466,  205,  236,  993,  644,  170,  236,  535,  440,  486,  392,  520,  274,   79,  213,  446,  109,  346,  231,  730,  568,  567,  729,  625,  687,  300,  484,  941,  632,   91,  423,  420, 1020,  527,  353,  780,  439,  398,  960,  680,  783,  650,  780,  866,  818,  822,  457,  985,  906,  286,  256,   89,  212,  353,  795,  750,  282],
        [  640,    0,  572,  520,  359,  222,  499,  326,  222,  249,  448,  568,  466,  347,  458,  289,  565,  618,  651,  411,  247,  504,  414,    0,  434,  557,  477,  279,  490,  109,  417,  202,  468,  145,  336,  450,  355,  630,  534,  213,  397,  374,  512,  467,  477,  110,  335,  407,  172,  193,  300,  489,  582,  461,  169,  644,  243,  691,  602,  556,  492,  417,  581,  606,  397,  207,  528,  446,  587,  575,  112,  141,  387,  548,  661,  315,  535,  430,  408,  199,  273,  366,  360,  620,  495,   78,  528,  233,  447,  568,   74,  792,  313,  228,  394,  150,  199,  551,  417,  412,  328,  366,  453,  460,  408,  636,  726,  496,  422,  391,  400,  314,  392,  387,  359,  161],
        [  218,    0,  158,  321,   94,  641,  338,  640,  654,  405,  258,  609,  546,  415,  891,  568,  680,  681,  680,  524,  574,  394,  747,  434,    0,  493,  640,  461,  414,  528,  801,  632,  555,  578,  740,  679,  667,  527,  762,  559,   38,  793,  292,  290,  149,  432,  350,   46,  521,  317,  720,  577,  386,  297,  592,  616,  350,  335,  682,  566,  706,  833,  560,  448,  634,  516,  456,  454,  589,  661,  350,  529,  756,  775,  738,  640,  648,  621,   31,  241,  637,  126,  132,  422,  916,  368,  429,  266,  813,  623,  376,  377,  713,  661,  568,  322,  349,  561,  102,  617,  107,  382,  459,  121,  407,  688,  299,  365,  571,  567,  772,  551,  485,  471,  539,  479],
        [  654,    0,  622,  800,  526,  755,  161,  880,  674,  726,  236,  152,  172,  214,  862,  833,  259,  217,  197,  212,  457,  853,  538,  557,  493,    0,  287,  308,  862,  657,  650,  714,  180,  653,  649,  376,  469,   77,  420,  476,  487,  721,  774,  759,  362,  458,  742,  451,  726,  377,  820,  967,  166,  196,  703,  124,  684,  401,  230,  100,  373,  742, 1000,  117,  368,  430,   38,  116,  110,  221,  576,  520,  596,  427,  272,  475,  238,  311,  499,  514,  828,  571,  378,  169,  821,  557,  887,  602,  628,  172,  490,  573,  853,  708,  906,  425,  360,  988,  391,  939,  466,  782,  877,  612,  820,  217,  578,  828,  253,  283,  612,  352,  198,  850,  870,  441],
        [  843,    0,  794,  892,  631,  612,  393,  788,  497,  711,  429,  168,  120,  226,  632,  763,   97,  173,  223,  118,  268,  916,  271,  477,  640,  287,    0,  213,  913,  546,  392,  562,  110,  511,  418,   95,  222,  349,  138,  302,  619,  488,  872,  842,  554,  369,  767,  595,  642,  376,  659,  959,  438,  400,  571,  275,  686,  665,  149,  202,   87,  498, 1031,  402,  113,  279,  295,  218,  218,  126,  549,  375,  341,  147,  197,  246,   78,   52,  633,  543,  716,  668,  508,  451,  569,  517,  947,  628,  360,  153,  439,  830,  708,  538,  870,  410,  340, 1008,  550,  888,  568,  805,  901,  740,  848,  194,  815,  898,   70,   89,  355,  166,  156,  849,  835,  318],
        [  675,    0,  619,  686,  435,  453,  317,  602,  367,  501,  312,  291,  189,  103,  564,  567,  292,  340,  373,  133,  160,  705,  299,  279,  461,  308,  213,    0,  702,  365,  383,  409,  191,  350,  358,  223,  218,  385,  309,  172,  434,  428,  668,  635,  411,  170,  555,  417,  450,  167,  515,  749,  392,  300,  404,  375,  474,  576,  325,  285,  256,  456,  819,  389,  175,  123,  289,  192,  315,  298,  339,  214,  331,  323,  384,  203,  260,  176,  448,  332,  538,  469,  334,  421,  539,  308,  735,  416,  379,  290,  230,  722,  552,  401,  665,  198,  130,  796,  386,  688,  375,  593,  689,  547,  636,  358,  686,  688,  149,  125,  348,   91,  119,  638,  630,  137],
        [  455,    0,  405,  134,  345,  574,  726,  438,  667,  255,  644,  944,  856,  712,  870,  370,  983, 1010, 1024,  815,  730,   37,  903,  490,  414,  862,  913,  702,    0,  508,  900,  600,  863,  581,  812,  913,  840,  912, 1001,  699,  399,  833,  160,  131,  560,  572,  155,  438,  424,  539,  634,  207,  788,  680,  551,  981,  247,  739, 1003,  911,  951,  878,  146,  844,  860,  681,  825,  788,  940,  977,  384,  630,  875, 1015, 1063,  800,  949,  876,  393,  372,  491,  300,  490,  826,  942,  421,   40,  286,  934,  952,  492,  730,  590,  648,  272,  504,  574,  153,  500,  323,  399,  127,   86,  307,   91, 1023,  637,   63,  847,  826,  887,  771,  781,  165,  267,  633],
        [  725,    0,  656,  563,  445,  116,  607,  242,  160,  254,  557,  655,  553,  444,  382,  226,  639,  699,  736,  496,  289,  529,  429,  109,  528,  657,  546,  365,  508,    0,  400,  108,  554,   74,  308,  503,  387,  731,  580,  252,  490,  326,  561,  513,  582,  200,  360,  504,  105,  300,  195,  462,  689,  569,   65,  738,  271,  797,  681,  648,  546,  371,  575,  711,  453,  268,  630,  544,  679,  654,  181,  175,  383,  595,  737,  345,  611,  496,  500,  287,  174,  445,  464,  727,  438,  160,  547,  294,  440,  653,  183,  893,  205,  147,  352,  258,  304,  539,  520,  357,  423,  382,  455,  537,  420,  718,  824,  527,  499,  464,  392,  381,  482,  377,  322,  232],
        [ 1018,    0,  954,  936,  746,  385,  697,  595,  253,  649,  694,  558,  483,  481,  256,  609,  478,  560,  613,  439,  232,  917,  123,  417,  801,  650,  392,  383,  900,  400,    0,  336,  476,  329,   95,  299,  181,  722,  322,  243,  767,  127,  928,  884,  784,  372,  747,  762,  500,  486,  385,  858,  767,  682,  376,  665,  655,  959,  534,  584,  328,  115,  974,  752,  286,  289,  644,  546,  605,  514,  528,  284,   55,  331,  568,  182,  468,  350,  780,  596,  508,  765,  688,  792,  178,  493,  939,  648,   53,  544,  443, 1101,  451,  289,  743,  481,  457,  938,  746,  738,  698,  774,  853,  857,  814,  580, 1058,  912,  400,  367,   39,  306,  458,  776,  716,  323],
        [  832,    0,  762,  665,  551,   54,  683,  260,   85,  348,  641,  690,  590,  501,  276,  275,  658,  725,  768,  533,  294,  624,  393,  202,  632,  714,  562,  409,  600,  108,  336,    0,  589,   63,  242,  502,  371,  790,  570,  261,  595,  241,  664,  615,  678,  263,  458,  607,  178,  382,  107,  528,  765,  649,   50,  782,  372,  890,  705,  691,  544,  283,  653,  780,  457,  294,  691,  599,  721,  679,  287,  197,  333,  583,  757,  332,  633,  510,  604,  392,  175,  552,  561,  801,  343,  265,  639,  401,  383,  685,  272,  993,  147,   50,  411,  345,  378,  614,  619,  403,  527,  476,  541,  644,  511,  745,  927,  625,  526,  488,  338,  401,  526,  458,  386,  274],
        [  749,    0,  704,  828,  558,  636,  285,  791,  536,  682,  328,  102,   11,  152,  701,  757,  126,  152,  183,   58,  307,  861,  360,  468,  555,  180,  110,  191,  863,  554,  476,  589,    0,  532,  485,  196,  297,  249,  247,  333,  538,  557,  805,  780,  457,  360,  724,  510,  640,  328,  692,  930,  328,  296,  589,  198,  650,  556,  142,  110,  196,  574,  989,  293,  191,  295,  186,  112,  136,  115,  520,  393,  423,  256,  202,  309,   93,  131,  551,  492,  727,  598,  424,  341,  650,  493,  894,  582,  451,  100,  416,  722,  735,  574,  851,  370,  298,  969,  460,  876,  494,  763,  860,  662,  805,  169,  710,  841,   76,  112,  438,  195,   83,  817,  816,  322],
        [  782,    0,  713,  634,  501,  104,  620,  288,   88,  327,  578,  634,  533,  440,  317,  286,  606,  672,  713,  476,  246,  601,  367,  145,  578,  653,  511,  350,  581,   74,  329,   63,  532,    0,  236,  458,  333,  729,  531,  210,  541,  254,  631,  583,  618,  200,  432,  551,  172,  320,  170,  530,  702,  586,   60,  723,  342,  829,  652,  633,  501,  298,  647,  718,  411,  238,  629,  538,  663,  626,  241,  140,  316,  544,  706,  292,  580,  460,  551,  340,  208,  504,  502,  738,  367,  214,  620,  359,  370,  630,  212,  935,  203,   84,  417,  284,  315,  610,  560,  417,  472,  455,  528,  598,  493,  691,  870,  599,  471,  435,  323,  348,  467,  448,  389,  214],
        [  956,    0,  890,  854,  679,  291,  674,  500,  158,  559,  660,  577,  490,  460,  216,  515,  511,  590,  641,  440,  199,  831,  176,  336,  740,  649,  418,  358,  812,  308,   95,  242,  485,  236,    0,  334,  197,  724,  377,  194,  705,   73,  847,  802,  738,  308,  661,  704,  406,  431,  296,  764,  749,  654,  281,  681,  569,  926,  566,  595,  369,   99,  882,  742,  306,  245,  638,  539,  619,  543,  447,  213,  101,  388,  607,  176,  495,  370,  717,  524,  414,  693,  635,  777,  184,  413,  851,  568,  143,  565,  371, 1059,  361,  195,  649,  419,  407,  845,  694,  643,  635,  686,  762,  787,  725,  611, 1010,  826,  410,  373,  101,  298,  451,  684,  622,  268],
        [  889,    0,  836,  906,  657,  555,  466,  742,  430,  694,  492,  263,  206,  273,  545,  726,  179,  261,  314,  182,  214,  919,  177,  450,  679,  376,   95,  223,  913,  503,  299,  502,  196,  458,  334,    0,  140,  442,   88,  251,  654,  402,  888,  855,  610,  348,  763,  634,  604,  387,  593,  938,  520,  467,  518,  370,  676,  740,  236,  295,   43,  408, 1022,  489,   54,  243,  380,  294,  313,  215,  536,  329,  250,  103,  274,  173,  169,   69,  668,  549,  665,  691,  548,  536,  477,  502,  949,  629,  266,  247,  425,  901,  647,  473,  842,  413,  351,  996,  596,  855,  596,  799,  892,  769,  842,  282,  878,  904,  130,  117,  263,  143,  216,  833,  808,  290],
        [  884,    0,  824,  851,  627,  424,  523,  620,  295,  603,  527,  383,  303,  308,  411,  612,  315,  394,  445,  258,  110,  850,   82,  355,  667,  469,  222,  218,  840,  387,  181,  371,  297,  333,  197,  140,    0,  542,  200,  143,  636,  267,  837,  798,  628,  270,  686,  625,  491,  353,  457,  839,  589,  512,  392,  489,  595,  790,  370,  405,  179,  279,  936,  572,  111,  162,  464,  367,  428,  347,  456,  219,  127,  213,  412,   42,  299,  175,  650,  494,  539,  653,  544,  613,  354,  419,  877,  563,  165,  371,  351,  939,  513,  338,  735,  363,  318,  905,  599,  743,  571,  719,  808,  740,  761,  415,  903,  839,  221,  187,  143,  131,  278,  741,  703,  210],
        [  668,    0,  644,  842,  570,  831,  190,  952,  751,  790,  271,  195,  241,  290,  938,  903,  306,  247,  211,  286,  534,  900,  608,  630,  527,   77,  349,  385,  912,  731,  722,  790,  249,  729,  724,  442,  542,    0,  478,  553,  526,  796,  814,  803,  386,  533,  799,  488,  798,  446,  896, 1027,  158,  233,  779,  119,  746,  382,  266,  150,  434,  816, 1053,   91,  439,  507,  102,  193,  143,  264,  643,  597,  669,  483,  294,  550,  291,  379,  536,  575,  902,  616,  423,  142,  895,  626,  935,  661,  699,  215,  561,  554,  929,  785,  971,  494,  432, 1043,  426, 1006,  514,  838,  932,  647,  876,  240,  571,  874,  323,  356,  684,  427,  275,  910,  935,  517],
        [  969,    0,  918,  994,  743,  623,  530,  817,  494,  779,  564,  286,  258,  351,  577,  805,  181,  261,  315,  250,  292, 1007,  203,  534,  762,  420,  138,  309, 1001,  580,  322,  570,  247,  531,  377,   88,  200,  478,    0,  329,  737,  439,  976,  942,  686,  434,  850,  717,  683,  474,  654, 1022,  575,  536,  590,  388,  763,  802,  235,  328,   57,  437, 1109,  536,  141,  327,  431,  356,  339,  224,  623,  408,  282,   15,  255,  239,  187,  142,  751,  636,  738,  777,  631,  586,  495,  588, 1036,  717,  279,  267,  512,  967,  712,  537,  923,  500,  438, 1081,  676,  935,  682,  886,  979,  854,  928,  280,  950,  992,  198,  196,  290,  231,  287,  918,  890,  375],
        [  777,    0,  713,  716,  507,  311,  484,  492,  203,  461,  466,  434,  336,  274,  393,  477,  398,  465,  509,  280,   37,  710,  207,  213,  559,  476,  302,  172,  699,  252,  243,  261,  333,  210,  194,  251,  143,  553,  329,    0,  525,  261,  704,  663,  546,  136,  544,  520,  354,  244,  361,  698,  561,  461,  270,  530,  453,  732,  445,  440,  294,  293,  794,  560,  202,   52,  460,  362,  468,  419,  315,   79,  199,  343,  497,  103,  372,  251,  539,  364,  416,  529,  447,  592,  378,  279,  736,  426,  257,  427,  214,  866,  407,  242,  596,  240,  216,  763,  505,  606,  457,  577,  665,  619,  619,  486,  819,  700,  266,  229,  214,  142,  280,  598,  563,   81],
        [  252,    0,  189,  317,   62,  603,  337,  605,  617,  372,  255,  597,  529,  394,  854,  533,  663,  668,  670,  504,  542,  382,  716,  397,   38,  487,  619,  434,  399,  490,  767,  595,  538,  541,  705,  654,  636,  526,  737,  525,    0,  757,  288,  280,  162,  397,  323,   40,  484,  285,  682,  554,  392,  294,  554,  610,  317,  362,  668,  555,  682,  797,  544,  451,  608,  484,  450,  440,  580,  646,  313,  493,  723,  751,  725,  609,  630,  597,   14,  204,  600,  102,  114,  429,  880,  330,  417,  232,  781,  610,  339,  413,  675,  624,  539,  287,  318,  543,  103,  587,   71,  357,  438,  126,  385,  676,  336,  354,  549,  543,  739,  523,  465,  445,  509,  445],
        [ 1006,    0,  940,  885,  727,  283,  743,  489,  167,  579,  726,  648,  562,  531,  145,  514,  580,  659,  711,  512,  269,  854,  236,  374,  793,  721,  488,  428,  833,  326,  127,  241,  557,  254,   73,  402,  267,  796,  439,  261,  757,    0,  881,  834,  799,  364,  685,  759,  416,  491,  268,  768,  819,  721,  287,  753,  595,  991,  635,  667,  436,   45,  893,  814,  377,  312,  709,  610,  691,  613,  483,  266,  157,  448,  675,  248,  565,  441,  769,  569,  403,  738,  693,  848,  123,  451,  872,  604,  179,  636,  419, 1121,  335,  191,  650,  473,  469,  854,  753,  638,  687,  708,  778,  832,  745,  680, 1069,  852,  482,  445,  150,  370,  523,  696,  626,  330],
        [  296,    0,  249,   32,  250,  649,  625,  553,  718,  328,  543,  875,  797,  655,  940,  479,  930,  944,  951,  764,  731,  127,  909,  512,  292,  774,  872,  668,  160,  561,  928,  664,  805,  631,  847,  888,  837,  814,  976,  704,  288,  881,    0,   50,  440,  569,  217,  326,  500,  502,  718,  363,  677,  582,  615,  896,  293,  597,  942,  836,  923,  925,  294,  738,  838,  676,  736,  717,  863,  918,  400,  646,  895,  990, 1000,  802,  896,  842,  278,  344,  590,  208,  396,  713,  997,  435,  156,  281,  955,  886,  491,  574,  685,  708,  410,  479,  538,  310,  389,  463,  313,  218,  237,  172,  210,  955,  480,   97,  803,  789,  908,  748,  727,  296,  395,  629],
        [  328,    0,  275,   54,  234,  599,  615,  504,  670,  278,  533,  854,  773,  629,  891,  429,  904,  922,  931,  736,  691,  106,  869,  467,  290,  759,  842,  635,  131,  513,  884,  615,  780,  583,  802,  855,  798,  803,  942,  663,  280,  834,   50,    0,  438,  529,  167,  320,  450,  469,  668,  327,  671,  571,  567,  880,  244,  609,  918,  817,  890,  878,  275,  731,  803,  637,  721,  696,  844,  894,  356,  603,  852,  957,  977,  762,  870,  810,  272,  307,  540,  189,  382,  709,  950,  391,  140,  238,  912,  864,  450,  600,  635,  659,  365,  443,  506,  284,  382,  418,  294,  170,  199,  178,  166,  933,  507,   76,  774,  758,  865,  713,  700,  251,  348,  589],
        [  296,    0,  261,  470,  221,  697,  202,  736,  681,  516,  131,  493,  447,  337,  914,  668,  578,  565,  556,  438,  552,  541,  710,  477,  149,  362,  554,  411,  560,  582,  784,  678,  457,  618,  738,  610,  628,  386,  686,  546,  162,  799,  440,  438,    0,  439,  481,  123,  600,  310,  776,  713,  239,  169,  645,  484,  462,  219,  570,  445,  630,  836,  706,  303,  573,  497,  326,  347,  465,  552,  421,  537,  734,  698,  622,  609,  547,  546,  168,  314,  717,  263,  119,  274,  920,  427,  576,  372,  787,  509,  407,  322,  781,  698,  690,  336,  332,  705,   70,  736,  189,  516,  599,  269,  546,  569,  276,  513,  489,  494,  751,  501,  399,  602,  658,  471],
        [  648,    0,  583,  582,  374,  299,  421,  433,  246,  347,  383,  460,  358,  245,  476,  399,  456,  508,  542,  302,  162,  581,  341,  110,  432,  458,  369,  170,  572,  200,  372,  263,  360,  200,  308,  348,  270,  533,  434,  136,  397,  364,  569,  529,  439,    0,  419,  396,  280,  130,  369,  592,  503,  388,  247,  539,  330,  641,  493,  450,  389,  403,  676,  518,  295,  110,  433,  345,  481,  465,  190,   99,  332,  449,  551,  234,  425,  323,  410,  228,  373,  394,  330,  539,  486,  154,  608,  293,  391,  459,   81,  761,  397,  270,  501,  111,  117,  648,  390,  521,  328,  453,  546,  485,  496,  526,  706,  569,  313,  282,  347,  209,  285,  486,  467,   62],
        [  464,    0,  400,  212,  262,  437,  619,  340,  519,  113,  541,  810,  718,  575,  732,  264,  841,  873,  892,  673,  576,  171,  749,  335,  350,  742,  767,  555,  155,  360,  747,  458,  724,  432,  661,  763,  686,  799,  850,  544,  323,  685,  217,  167,  481,  419,    0,  360,  287,  397,  504,  234,  689,  573,  408,  856,   93,  684,  865,  781,  801,  729,  266,  740,  710,  528,  706,  658,  811,  839,  230,  475,  721,  864,  925,  646,  808,  728,  322,  233,  373,  225,  389,  729,  797,  267,  193,  143,  781,  817,  339,  710,  469,  504,  223,  358,  430,  248,  414,  274,  298,   40,  137,  278,   82,  888,  622,  168,  702,  679,  733,  620,  642,  122,  198,  479],
        [  260,    0,  202,  355,   99,  618,  299,  632,  623,  402,  218,  565,  501,  369,  861,  561,  635,  636,  636,  479,  534,  421,  705,  407,   46,  451,  595,  417,  438,  504,  762,  607,  510,  551,  704,  634,  625,  488,  717,  520,   40,  759,  326,  320,  123,  396,  360,    0,  506,  277,  697,  591,  352,  257,  568,  575,  348,  328,  637,  522,  661,  798,  584,  413,  590,  476,  414,  409,  546,  616,  331,  493,  717,  730,  693,  599,  602,  576,   49,  220,  622,  140,   87,  390,  881,  344,  456,  260,  773,  579,  344,  391,  694,  633,  573,  286,  308,  582,   64,  620,   82,  395,  477,  161,  423,  644,  321,  393,  525,  522,  733,  508,  440,  481,  542,  440],
        [  700,    0,  631,  497,  431,  151,  657,  155,  252,  175,  597,  740,  638,  518,  447,  123,  732,  788,  822,  582,  391,  449,  533,  172,  521,  726,  642,  450,  424,  105,  500,  178,  640,  172,  406,  604,  491,  798,  683,  354,  484,  416,  500,  450,  600,  280,  287,  506,    0,  354,  219,  359,  738,  616,  130,  816,  209,  819,  772,  728,  646,  459,  478,  768,  553,  365,  697,  617,  759,  744,  179,  276,  486,  697,  829,  449,  703,  593,  491,  288,  118,  420,  483,  778,  520,  180,  463,  262,  541,  739,  237,  896,  195,  227,  247,  307,  367,  440,  534,  253,  424,  301,  364,  506,  335,  806,  820,  452,  591,  557,  494,  477,  564,  281,  218,  324],
        [  535,    0,  473,  520,  276,  411,  307,  507,  374,  358,  259,  418,  323,  182,  605,  458,  445,  479,  501,  277,  258,  540,  432,  193,  317,  377,  376,  167,  539,  300,  486,  382,  328,  320,  431,  387,  353,  446,  474,  244,  285,  491,  502,  469,  310,  130,  397,  277,  354,    0,  486,  605,  390,  270,  357,  477,  323,  513,  469,  395,  422,  528,  662,  415,  337,  199,  345,  275,  425,  443,  201,  227,  440,  489,  529,  324,  412,  342,  299,  168,  463,  305,  204,  428,  612,  181,  572,  255,  497,  423,  120,  632,  504,  395,  534,   49,   37,  642,  263,  564,  219,  436,  533,  389,  478,  494,  579,  523,  308,  290,  456,  248,  246,  490,  498,  165],
        [  911,    0,  841,  715,  634,   80,  789,  231,  163,  392,  745,  793,  694,  607,  245,  275,  755,  825,  869,  637,  392,  661,  465,  300,  720,  820,  659,  515,  634,  195,  385,  107,  692,  170,  296,  593,  457,  896,  654,  361,  682,  268,  718,  668,  776,  369,  504,  697,  219,  486,    0,  527,  871,  754,  132,  886,  428,  990,  804,  796,  634,  304,  663,  887,  551,  398,  797,  705,  825,  778,  370,  302,  396,  667,  855,  421,  731,  607,  691,  479,  151,  629,  658,  907,  340,  354,  672,  474,  436,  787,  373, 1087,   67,  121,  408,  447,  483,  621,  714,  386,  616,  515,  564,  719,  544,  845, 1017,  667,  627,  589,  397,  502,  631,  478,  391,  380],
        [  655,    0,  599,  339,  493,  487,  850,  300,  607,  249,  773, 1022,  926,  787,  771,  255, 1041, 1082, 1105,  876,  733,  243,  888,  489,  577,  967,  959,  749,  207,  462,  858,  528,  930,  530,  764,  938,  839, 1027, 1022,  698,  554,  768,  363,  327,  713,  592,  234,  591,  359,  605,  527,    0,  922,  804,  484, 1077,  284,  911, 1070,  998,  980,  810,  146,  971,  885,  696,  931,  876, 1028, 1043,  411,  620,  844, 1037, 1130,  798, 1008,  915,  551,  453,  377,  453,  621,  962,  861,  442,  226,  366,  900, 1027,  521,  922,  469,  577,  120,  561,  633,  102,  646,  150,  531,  197,  128,  489,  172, 1097,  830,  269,  898,  871,  852,  800,  849,  117,  142,  649],
        [  512,    0,  491,  706,  443,  798,   83,  888,  742,  699,  150,  318,  318,  289,  953,  831,  423,  383,  358,  341,  551,  772,  665,  582,  386,  166,  438,  392,  788,  689,  767,  765,  328,  702,  749,  520,  589,  158,  575,  561,  392,  819,  677,  671,  239,  503,  689,  352,  738,  390,  871,  922,    0,  124,  745,  271,  650,  235,  396,  266,  524,  846,  932,   68,  501,  510,  145,  227,  274,  386,  569,  585,  713,  583,  436,  586,  400,  452,  400,  482,  850,  488,  302,   41,  929,  560,  807,  560,  754,  337,  509,  407,  893,  770,  880,  434,  388,  926,  290,  920,  393,  728,  818,  506,  762,  380,  416,  745,  390,  413,  730,  461,  313,  807,  846,  506],
