{
    "name": "random-77-27220",
    "comment": "size=77 seed=27220",
    "nodes": ["+0", "-0", "+1", "-1", "+2", "-2", "+3", "-3", "+4", "-4", "+5", "-5", "+6", "-6", "+7", "-7", "+8", "-8", "+9", "-9", "+10", "-10", "+11", "-11", "+12", "-12", "+13", "-13", "+14", "-14", "+15", "-15", "+16", "-16", "+17", "-17", "+18", "-18", "+19", "-19", "+20", "-20", "+21", "-21", "+22", "-22", "+23", "-23", "+24", "-24", "+25", "-25", "+26", "-26", "+27", "-27", "+28", "-28", "+29", "-29", "+30", "-30", "+31", "-31", "+32", "-32", "+33", "-33", "+34", "-34", "+35", "-35", "+36", "-36", "+37", "-37", "+38", "-38", "+39", "-39", "+40", "-40", "+41", "-41", "+42", "-42", "+43", "-43", "+44", "-44", "+45", "-45", "+46", "-46", "+47", "-47", "+48", "-48", "+49", "-49", "+50", "-50", "+51", "-51", "+52", "-52", "+53", "-53", "+54", "-54", "+55", "-55", "+56", "-56", "+57", "-57", "+58", "-58", "+59", "-59", "+60", "-60", "+61", "-61", "+62", "-62", "+63", "-63", "+64", "-64", "+65", "-65", "+66", "-66", "+67", "-67", "+68", "-68", "+69", "-69", "+70", "-70", "+71", "-71", "+72", "-72", "+73", "-73", "+74", "-74", "+75", "-75", "+76", "-76", "+77", "-77"],
    "precedence": {
        "+0": "-0",
        "+1": "-1",
        "+2": "-2",
        "+3": "-3",
        "+4": "-4",
        "+5": "-5",
        "+6": "-6",
        "+7": "-7",
        "+8": "-8",
        "+9": "-9",
        "+10": "-10",
        "+11": "-11",
        "+12": "-12",
        "+13": "-13",
        "+14": "-14",
        "+15": "-15",
        "+16": "-16",
        "+17": "-17",
        "+18": "-18",
        "+19": "-19",
        "+20": "-20",
        "+21": "-21",
        "+22": "-22",
        "+23": "-23",
        "+24": "-24",
        "+25": "-25",
        "+26": "-26",
        "+27": "-27",
        "+28": "-28",
        "+29": "-29",
        "+30": "-30",
        "+31": "-31",
        "+32": "-32",
        "+33": "-33",
        "+34": "-34",
        "+35": "-35",
        "+36": "-36",
        "+37": "-37",
        "+38": "-38",
        "+39": "-39",
        "+40": "-40",
        "+41": "-41",
        "+42": "-42",
        "+43": "-43",
        "+44": "-44",
        "+45": "-45",
        "+46": "-46",
        "+47": "-47",
        "+48": "-48",
        "+49": "-49",
        "+50": "-50",
        "+51": "-51",
        "+52": "-52",
        "+53": "-53",
        "+54": "-54",
        "+55": "-55",
        "+56": "-56",
        "+57": "-57",
        "+58": "-58",
        "+59": "-59",
        "+60": "-60",
        "+61": "-61",
        "+62": "-62",
        "+63": "-63",
        "+64": "-64",
        "+65": "-65",
        "+66": "-66",
        "+67": "-67",
        "+68": "-68",
        "+69": "-69",
        "+70": "-70",
        "+71": "-71",
        "+72": "-72",
        "+73": "-73",
        "+74": "-74",
        "+75": "-75",
        "+76": "-76",
        "+77": "-77"
    },
    "edges": [
        [    0,    0,  219,  375,  725,  522,  182,  374,  364,  283,  389,  396,  187,  372,  463,  448,  425,  576,  531,  496,  381,  431,  467,  268,  553,  376,  348,  415,  521,  156,  497,  219,  449,  511,  379,  274,  533,  382,  546,   74,  415,  434,  524,  471,  306,  344,  309,  574,  244,  563,  482,  529,  456,  321,  269,  253,  477,  201,  690,  418,  463,  268,  473,  180,  414,  252,  343,  314,  437,  357,  443,  564,  244,  442,  573,  336,  170,  522,  558,  534,  516,  330,  373,  522,  304,  397,  489,  513,  448,  617,  399,  141,  409,  548,  455,   84,  457,  583,  382,   66,  484,  506,  351,  476,  403,  630,  357,  434,  150,  445,  572,  425,  174,  303,   92,  485,  364,  507,  363,  431,  368,  413,  256,  134,  426,  216,  504,  475,  338,  597,  420,  329,  484,  352,  365,  455,  440,  150,  444,  621,  368,  388,  541,  249,  529,  551,  442,  453,  378,  380,  536,  151,  338,  168,  359,  226],
        [    0,    0,    0,    0,    0,    0,    0,    0,    0,    0,    0,    0,    0,    0,    0,    0,    0,    0,    0,    0,    0,    0,    0,    0,    0,    0,    0,    0,    0,    0,    0,    0,    0,    0,    0,    0,    0,    0,    0,    0,    0,    0,    0,    0,    0,    0,    0,    0,    0,    0,    0,    0,    0,    0,    0,    0,    0,    0,    0,    0,    0,    0,    0,    0,    0,    0,    0,    0,    0,    0,    0,    0,    0,    0,    0,    0,    0,    0,    0,    0,    0,    0,    0,    0,    0,    0,    0,    0,    0,    0,    0,    0,    0,    0,    0,    0,    0,    0,    0,    0,    0,    0,    0,    0,    0,    0,    0,    0,    0,    0,    0,    0,    0,    0,    0,    0,    0,    0,    0,    0,    0,    0,    0,    0,    0,    0,    0,    0,    0,    0,    0,    0,    0,    0,    0,    0,    0,    0,    0,    0,    0,    0,    0,    0,    0,    0,    0,    0,    0,    0,    0,    0,    0,    0,    0,    0],
        [  219,    0,    0,  187,  830,  708,  313,  590,  571,  257,  358,  481,  384,  526,  668,  606,  422,  516,  414,  474,  176,  549,  683,  196,  557,  407,  132,  510,  561,  370,  566,   38,  626,  555,  402,  160,  545,  247,  692,  250,  605,  637,  325,  275,  520,  528,  225,  712,  336,  778,  694,  443,  457,  362,  463,   62,  266,  407,  807,  242,  267,  254,  664,  148,  330,  267,  546,  178,  221,  223,  320,  397,  456,  617,  773,  396,  367,  595,  393,  467,  699,  545,  557,  700,   90,  548,  301,  692,  242,  826,  369,  112,  213,  503,  245,  291,  244,  390,  586,  170,  697,  384,  566,  352,  598,  447,  140,  562,  244,  317,  597,  258,  204,  519,  151,  356,  267,  317,  216,  479,  564,  584,  140,  123,  640,  272,  688,  496,  134,  437,  637,  210,  658,  267,  406,  645,  658,  368,  425,  746,  433,  442,  470,  155,  739,  393,  534,  341,  295,  598,  711,  254,  283,  140,  366,  198],
        [  375,    0,  187,    0, 1015,  887,  498,  720,  738,  239,  292,  489,  556,  711,  837,  663,  589,  394,  519,  391,  220,  574,  811,  364,  484,  382,  160,  521,  735,  506,  747,  165,  807,  731,  372,  132,  712,  366,  878,  424,  782,  808,  332,  302,  680,  617,  169,  899,  381,  906,  814,  569,  624,  359,  569,  213,  125,  575,  992,  316,  294,  431,  752,  219,  470,  281,  717,   98,  122,  103,  172,  450,  618,  799,  869,  579,  484,  776,  448,  345,  879,  703,  643,  881,  171,  604,  339,  873,   88,  936,  530,  236,   39,  395,  237,  428,  117,  400,  756,  312,  819,  488,  724,  198,  695,  467,  150,  596,  430,  427,  767,   80,  269,  655,  329,  196,  408,  347,  332,  657,  738,  767,  303,  244,  799,  458,  868,  667,  207,  494,  788,  351,  840,  183,  391,  822,  807,  518,  586,  932,  616,  431,  345,  157,  855,  457,  719,  199,  440,  744,  893,  338,  444,  224,  331,  378],
        [  725,    0,  830, 1015,    0,  385,  547,  755,  536, 1005, 1112, 1083,  573,  369,  512, 1028,  466, 1299,  692, 1220,  867, 1081,  783,  660, 1271, 1094,  891, 1091,  318,  732,  276,  859,  370,  314, 1098,  966,  377,  723,  226,  651,  434,  500,  916,  880,  595,  900, 1018,  186,  951,  822,  828,  617,  439, 1038,  832,  805, 1060,  586,   55,  808,  879,  588,  952,  889,  623,  976,  516,  998, 1003, 1045, 1140,  832,  601,  365,  969,  436,  791,  248,  827, 1255,  369,  602,  917,  348,  858, 1005,  863,  353, 1049,  934,  529,  834, 1035, 1272,  926,  748, 1035,  925,  516,  781,  824,  703,  598, 1173,  894,  915,  904, 1068,  601,  710,  326, 1088,  897,  721,  712, 1179,  660,  876,  744,  369,  477,  374,  720,  834,  591,  560,  382,  388,  846,  826,  649,  702,  344, 1063, 1080,  417,  661,  684,  487,  122,  400, 1095, 1261,  948,  865,  805,  297, 1157,  633,  675,  334,  870,  601,  876, 1082,  638],
        [  522,    0,  708,  887,  385,    0,  400,  396,  194,  790,  884,  790,  336,  208,  133,  687,  538, 1069,  779,  973,  818,  765,  407,  612, 1002,  834,  813,  790,  470,  453,  396,  722,   88,  457,  842,  796,  535,  723,  172,  464,  108,  132,  922,  873,  267,  567,  828,  208,  689,  438,  452,  724,  535,  783,  515,  711,  972,  326,  331,  800,  869,  546,  590,  701,  665,  749,  194,  835,  922,  879,  964,  890,  305,  100,  591,  422,  509,  392,  884, 1035,   19,  261,  577,   39,  771,  677,  872,   37,  949,  550,  578,  660,  918, 1035,  892,  503,  949,  958,  170,  587,  447,  774,  249,  996,  541,  975,  826,  746,  470,  747,  521,  944,  684,  383,  559, 1005,  666,  890,  728,  438,  159,  133,  653,  655,  218,  473,   21,  501,  782,  903,  276,  679,   71,  869,  817,   68,  284,  414,  570,  269,  407,  820, 1042,  771,  486,  866,  338,  972,  652,  313,   52,  634,  602,  690,  838,  567],
        [  182,    0,  313,  498,  547,  400,    0,  413,  297,  459,  567,  568,  127,  214,  384,  581,  280,  753,  454,  676,  421,  590,  495,  226,  734,  557,  414,  583,  348,  251,  317,  333,  316,  337,  560,  427,  370,  348,  383,  108,  303,  351,  536,  485,  273,  459,  474,  407,  421,  583,  524,  428,  304,  501,  379,  312,  574,  160,  515,  415,  479,  177,  567,  344,  328,  432,  265,  462,  523,  508,  601,  531,  218,  306,  644,  166,  298,  342,  525,  709,  390,  300,  486,  389,  372,  538,  490,  382,  553,  664,  275,  291,  526,  727,  496,  226,  550,  581,  306,  235,  524,  438,  317,  634,  495,  611,  427,  587,   71,  391,  402,  562,  352,  342,  172,  642,  303,  508,  345,  259,  271,  273,  257,  290,  382,   94,  380,  311,  383,  554,  401,  297,  346,  519,  546,  341,  424,  209,  306,  448,  194,  566,  715,  406,  573,  512,  261,  615,  302,  380,  400,  332,  250,  331,  540,  176],
        [  374,    0,  590,  720,  755,  396,  413,    0,  219,  536,  597,  438,  288,  417,  267,  295,  684,  764,  863,  657,  755,  389,   93,  614,  660,  516,  720,  428,  705,  221,  646,  583,  385,  691,  527,  596,  749,  737,  530,  375,  322,  265,  896,  843,  171,  187,  597,  569,  392,  189,  112,  840,  701,  477,  171,  626,  835,  255,  704,  785,  836,  583,  198,  502,  738,  485,  242,  636,  802,  668,  728,  923,  201,  390,  238,  555,  237,  659,  917,  741,  405,  156,  189,  423,  677,  295,  859,  416,  802,  252,  687,  493,  757,  724,  829,  299,  818,  953,  240,  422,  113,  844,  157,  754,  146,  995,  729,  366,  450,  791,  763,  749,  456,   74,  461,  767,  704,  877,  724,  630,  279,  385,  619,  483,  182,  503,  390,  694,  711,  952,  128,  683,  414,  626,  496,  343,  132,  230,  712,  633,  569,  486,  750,  568,  161,  907,  574,  726,  708,   84,  440,  388,  658,  497,  538,  564],
        [  364,    0,  571,  738,  536,  194,  297,  219,    0,  613,  701,  597,  189,  212,  100,  500,  524,  884,  739,  785,  708,  572,  260,  523,  810,  645,  690,  596,  513,  267,  447,  578,  167,  499,  653,  634,  565,  645,  311,  321,  104,   74,  831,  779,   74,  376,  657,  351,  501,  324,  302,  700,  534,  595,  322,  588,  836,  165,  486,  711,  773,  470,  416,  536,  615,  568,   36,  674,  791,  715,  794,  826,  123,  172,  443,  393,  320,  456,  820,  851,  198,   70,  389,  213,  646,  486,  786,  205,  808,  427,  544,  504,  772,  848,  784,  326,  814,  878,   25,  428,  299,  727,   62,  825,  360,  907,  702,  554,  359,  685,  570,  786,  511,  192,  421,  836,  598,  804,  641,  450,   62,  167,  549,  497,   89,  388,  182,  516,  667,  848,  130,  594,  198,  696,  627,  132,  149,  233,  556,  414,  396,  628,  859,  607,  345,  806,  376,  800,  593,  142,  231,  455,  540,  526,  652,  473],
        [  283,    0,  257,  239, 1005,  790,  459,  536,  613,    0,  111,  251,  460,  655,  710,  429,  654,  294,  670,  226,  404,  336,  621,  440,  302,  154,  342,  283,  776,  349,  765,  220,  724,  768,  147,  119,  774,  503,  828,  355,  683,  686,  544,  503,  544,  400,   73,  856,  155,  711,  615,  699,  689,  121,  369,  317,  363,  465,  972,  488,  494,  482,  530,  125,  584,   52,  601,  142,  356,  151,  193,  641,  491,  719,  649,  595,  307,  792,  637,  252,  787,  562,  423,  795,  321,  370,  536,  786,  325,  724,  609,  184,  275,  270,  450,  288,  355,  613,  635,  225,  620,  640,  582,  220,  480,  677,  340,  358,  410,  573,  821,  232,  109,  483,  303,  232,  521,  548,  471,  688,  632,  691,  391,  180,  653,  465,  773,  719,  370,  683,  628,  466,  760,   91,  158,  723,  644,  380,  663,  903,  631,  198,  258,  107,  651,  641,  717,  192,  547,  579,  810,  159,  528,  138,  110,  425],
        [  389,    0,  358,  292, 1112,  884,  567,  597,  701,  111,    0,  228,  560,  758,  795,  435,  763,  188,  768,  118,  488,  321,  676,  547,  201,  109,  424,  260,  886,  434,  874,  320,  822,  878,   96,  204,  884,  601,  931,  462,  777,  773,  618,  582,  629,  439,  138,  960,  207,  760,  663,  801,  798,  123,  426,  416,  405,  562, 1078,  578,  574,  591,  556,  235,  687,  138,  692,  207,  413,  190,  172,  726,  581,  817,  675,  705,  384,  902,  723,  151,  882,  645,  457,  891,  410,  382,  617,  882,  368,  758,  717,  293,  321,  160,  523,  383,  404,  688,  723,  333,  669,  737,  664,  184,  518,  754,  420,  349,  520,  670,  931,  254,  215,  553,  413,  198,  624,  628,  569,  798,  725,  790,  495,  290,  733,  576,  868,  829,  459,  769,  701,  567,  858,  110,  125,  816,  715,  471,  772, 1009,  741,  161,  159,  203,  693,  728,  826,  155,  651,  651,  906,  251,  635,  248,   64,  534],
        [  396,    0,  481,  489, 1083,  790,  568,  438,  597,  251,  228,    0,  511,  715,  680,  214,  819,  345,  887,  235,  646,   93,  499,  635,  223,  120,  586,   33,  914,  352,  883,  449,  747,  903,  133,  368,  928,  722,  876,  463,  691,  665,  790,  746,  524,  255,  320,  911,  156,  572,  477,  903,  850,  130,  280,  542,  611,  499, 1041,  722,  737,  655,  346,  334,  785,  219,  600,  392,  607,  394,  399,  877,  494,  745,  462,  729,  293,  907,  873,  335,  793,  531,  264,  807,  559,  168,  777,  798,  574,  551,  787,  379,  524,  303,  697,  343,  605,  859,  621,  371,  483,  858,  547,  412,  325,  920,  586,  122,  545,  792,  966,  470,  279,  417,  463,  426,  726,  791,  693,  824,  638,  725,  598,  370,  603,  612,  778,  870,  608,  918,  559,  677,  782,  317,  104,  726,  568,  400,  836,  968,  760,   68,  345,  352,  498,  874,  823,  383,  748,  509,  823,  253,  717,  342,  168,  604],
        [  187,    0,  384,  556,  573,  336,  127,  288,  189,  460,  560,  511,    0,  206,  285,  484,  397,  747,  580,  658,  520,  515,  369,  344,  701,  526,  502,  520,  438,  162,  391,  394,  265,  425,  531,  461,  472,  468,  374,  134,  228,  254,  647,  595,  151,  357,  493,  406,  381,  457,  398,  553,  417,  471,  279,  399,  649,   34,  532,  528,  588,  301,  452,  366,  454,  422,  163,  500,  603,  544,  629,  652,   93,  259,  522,  272,  220,  411,  647,  709,  330,  178,  381,  336,  458,  449,  603,  328,  623,  538,  399,  326,  589,  716,  596,  179,  627,  697,  203,  252,  399,  563,  196,  661,  382,  731,  514,  506,  176,  515,  496,  610,  353,  219,  234,  670,  427,  622,  461,  355,  183,  231,  364,  320,  266,  219,  317,  416,  479,  677,  278,  415,  300,  535,  511,  269,  301,  113,  425,  460,  291,  523,  716,  436,  448,  634,  323,  638,  427,  255,  351,  310,  375,  354,  520,  293],
        [  372,    0,  526,  711,  369,  208,  214,  417,  212,  655,  758,  715,  206,    0,  250,  667,  338,  946,  575,  861,  619,  713,  469,  410,  906,  730,  621,  722,  303,  364,  236,  547,  120,  289,  735,  636,  359,  517,  174,  303,  143,  220,  717,  669,  247,  539,  678,  203,  586,  535,  510,  523,  340,  675,  467,  520,  784,  217,  327,  595,  665,  341,  608,  548,  458,  621,  180,  672,  732,  718,  810,  683,  237,  108,  649,  216,  422,  245,  677,  906,  193,  263,  559,  186,  580,  640,  667,  181,  765,  638,  373,  499,  738,  916,  692,  383,  760,  752,  201,  434,  508,  568,  266,  843,  544,  768,  634,  702,  282,  540,  360,  775,  546,  368,  384,  851,  460,  684,  523,  248,  152,   77,  455,  496,  294,  273,  188,  314,  586,  696,  341,  474,  142,  722,  716,  167,  360,  315,  371,  255,  206,  728,  912,  614,  555,  659,  165,  822,  445,  349,  194,  510,  395,  535,  722,  367],
        [  463,    0,  668,  837,  512,  133,  384,  267,  100,  710,  795,  680,  285,  250,    0,  561,  584,  977,  811,  876,  800,  646,  274,  609,  897,  735,  786,  676,  548,  362,  477,  676,  157,  535,  744,  733,  607,  729,  291,  418,  108,   34,  920,  868,  167,  445,  756,  330,  594,  312,  319,  766,  588,  687,  401,  683,  933,  263,  459,  798,  863,  552,  458,  635,  690,  664,  123,  773,  888,  814,  893,  907,  222,  167,  459,  456,  412,  480,  901,  946,  146,  152,  452,  166,  742,  555,  873,  160,  907,  423,  612,  603,  870,  941,  876,  425,  912,  963,   82,  527,  315,  801,  134,  923,  413,  990,  797,  625,  449,  764,  603,  886,  609,  264,  518,  934,  678,  891,  728,  498,  115,  182,  640,  596,   86,  471,  132,  564,  761,  925,  144,  680,  172,  794,  716,  100,  152,  331,  616,  393,  452,  715,  954,  706,  354,  885,  410,  898,  670,  184,  182,  552,  618,  625,  744,  560],
        [  448,    0,  606,  663, 1028,  687,  581,  295,  500,  429,  435,  214,  484,  667,  561,    0,  857,  555,  977,  446,  781,  128,  327,  715,  417,  329,  728,  187,  920,  331,  874,  582,  665,  907,  342,  534,  949,  822,  806,  494,  603,  556,  930,  881,  435,  129,  502,  845,  283,  381,  293,  977,  883,  320,  205,  661,  788,  460,  980,  843,  872,  713,  142,  470,  861,  384,  514,  566,  773,  579,  601,  996,  431,  667,  251,  745,  286,  893,  991,  548,  694,  431,  111,  711,  693,   60,  907,  703,  751,  343,  840,  495,  700,  513,  844,  369,  778,  996,  523,  455,  300,  952,  440,  618,  151, 1052,  732,   97,  584,  888,  977,  660,  410,  309,  536,  632,  811,  923,  799,  834,  554,  655,  694,  484,  476,  650,  679,  891,  739, 1033,  422,  771,  697,  510,  311,  630,  424,  376,  880,  907,  769,  280,  558,  511,  302,  987,  806,  588,  826,  377,  729,  353,  785,  472,  372,  673],
        [  425,    0,  422,  589,  466,  538,  280,  684,  524,  654,  763,  819,  397,  338,  584,  857,    0,  934,  247,  880,  411,  855,  759,  227,  953,  784,  445,  839,  154,  529,  195,  458,  454,  154,  783,  579,  124,  259,  425,  366,  479,  552,  451,  415,  527,  738,  641,  422,  665,  840,  792,  187,   36,  730,  657,  378,  611,  430,  462,  343,  414,  173,  846,  530,  158,  645,  489,  599,  553,  644,  740,  376,  483,  441,  919,  132,  572,  221,  371,  886,  521,  552,  765,  509,  421,  812,  398,  505,  606,  930,   65,  472,  602,  917,  464,  493,  586,  464,  522,  452,  792,  249,  564,  772,  775,  462,  459,  856,  277,  245,  178,  667,  563,  616,  361,  775,  198,  411,  284,  109,  475,  414,  288,  476,  613,  210,  519,   81,  397,  379,  647,  247,  467,  685,  776,  504,  669,  488,   33,  424,  133,  804,  890,  568,  841,  350,  213,  762,  168,  638,  511,  569,  147,  517,  754,  231],
        [  576,    0,  516,  394, 1299, 1069,  753,  764,  884,  294,  188,  345,  747,  946,  977,  555,  934,    0,  908,  110,  612,  429,  835,  711,  163,  248,  550,  369, 1064,  618, 1056,  478, 1009, 1056,  238,  357, 1056,  747, 1118,  648,  963,  956,  722,  695,  812,  591,  293, 1148,  384,  913,  817,  950,  969,  291,  595,  569,  474,  749, 1265,  708,  688,  762,  690,  414,  843,  326,  877,  342,  503,  304,  224,  844,  766, 1005,  805,  886,  565, 1084,  842,   51, 1068,  826,  604, 1078,  548,  512,  732, 1069,  445,  895,  883,  471,  409,   43,  628,  570,  482,  787,  907,  518,  823,  876,  845,  205,  666,  856,  542,  460,  702,  813, 1106,  326,  402,  727,  594,  212,  778,  740,  713,  977,  911,  978,  655,  470,  911,  755, 1054, 1004,  592,  887,  875,  720, 1045,  250,  268, 1002,  888,  656,  939, 1196,  922,  284,   50,  367,  841,  851, 1010,  196,  808,  824, 1093,  439,  798,  427,  233,  705],
        [  531,    0,  414,  519,  692,  779,  454,  863,  739,  670,  768,  887,  580,  575,  811,  977,  247,  908,    0,  882,  301,  944,  948,  263,  968,  820,  360,  913,  376,  672,  435,  451,  693,  382,  815,  565,  316,  168,  672,  498,  711,  779,  259,  247,  726,  873,  631,  668,  734, 1037,  975,   78,  263,  774,  796,  354,  489,  614,  696,  205,  251,  281,  998,  558,  127,  680,  705,  569,  437,  604,  690,  144,  672,  681, 1088,  359,  699,  457,  140,  858,  763,  753,  902,  752,  361,  924,  214,  748,  500, 1115,  202,  509,  516,  903,  315,  613,  469,  244,  742,  527,  976,   32,  768,  717,  926,  224,  370,  953,  415,   98,  370,  596,  609,  791,  442,  715,  167,  219,  200,  355,  698,  651,  290,  517,  827,  362,  760,  311,  316,  135,  853,  211,  710,  668,  819,  740,  875,  643,  217,  666,  373,  854,  859,  566, 1024,  117,  460,  716,  156,  834,  755,  641,  206,  548,  779,  308],
        [  496,    0,  474,  391, 1220,  973,  676,  657,  785,  226,  118,  235,  658,  861,  876,  446,  880,  110,  882,    0,  597,  321,  726,  664,   95,  142,  533,  259, 1001,  520,  987,  436,  916,  993,  133,  318, 1000,  717, 1032,  570,  868,  857,  722,  689,  712,  482,  251, 1063,  284,  804,  707,  917,  915,  191,  488,  532,  492,  657, 1184,  689,  681,  708,  581,  351,  804,  245,  780,  316,  509,  290,  239,  835,  669,  913,  696,  819,  466, 1014,  832,  107,  973,  725,  495,  983,  523,  402,  725,  975,  458,  785,  834,  409,  414,   69,  626,  480,  495,  790,  808,  445,  714,  851,  743,  234,  556,  857,  528,  352,  632,  785, 1047,  338,  326,  623,  527,  246,  740,  735,  683,  913,  816,  887,  612,  406,  807,  690,  958,  945,  571,  878,  770,  684,  952,  216,  161,  906,  782,  562,  889, 1113,  855,  174,  115,  320,  731,  839,  936,  213,  768,  719,  999,  351,  752,  364,  139,  650],
        [  381,    0,  176,  220,  867,  818,  421,  755,  708,  404,  488,  646,  520,  619,  800,  781,  411,  612,  301,  597,    0,  718,  848,  214,  688,  558,   65,  676,  564,  537,  591,  200,  731,  562,  551,  288,  528,  159,  769,  393,  723,  768,  149,  101,  666,  703,  351,  781,  507,  943,  862,  355,  444,  520,  637,  129,  202,  548,  854,   97,   92,  287,  839,  316,  270,  427,  679,  282,  145,  310,  391,  239,  603,  721,  947,  440,  539,  620,  236,  562,  806,  693,  732,  803,   89,  723,  132,  797,  204,  997,  347,  288,  215,  610,   77,  460,  179,  216,  720,  342,  865,  270,  713,  417,  772,  275,   71,  734,  352,  212,  585,  296,  375,  683,  297,  415,  214,  146,  129,  498,  690,  688,  165,  298,  785,  347,  798,  492,   44,  282,  789,  166,  760,  382,  561,  761,  811,  528,  400,  803,  473,  600,  563,  297,  909,  242,  580,  418,  246,  755,  812,  429,  268,  311,  511,  253],
        [  431,    0,  549,  574, 1081,  765,  590,  389,  572,  336,  321,   93,  515,  713,  646,  128,  855,  429,  944,  321,  718,    0,  438,  686,  291,  213,  661,   63,  937,  353,  900,  519,  730,  925,  226,  450,  957,  782,  866,  491,  671,  635,  865,  819,  501,  203,  407,  903,  213,  502,  410,  953,  884,  217,  252,  608,  698,  497, 1035,  790,  810,  698,  267,  403,  835,  298,  580,  477,  690,  482,  491,  945,  482,  731,  378,  755,  297,  922,  940,  424,  770,  504,  203,  785,  631,   96,  848,  776,  660,  470,  829,  441,  610,  387,  774,  365,  690,  933,  596,  419,  417,  916,  517,  504,  260,  993,  662,   32,  578,  850,  992,  560,  345,  383,  509,  518,  780,  863,  755,  848,  620,  713,  655,  431,  565,  645,  754,  899,  679,  984,  515,  734,  764,  407,  197,  703,  521,  402,  874,  962,  783,  161,  433,  431,  425,  939,  835,  475,  799,  467,  802,  304,  764,  409,  260,  650],
        [  467,    0,  683,  811,  783,  407,  495,   93,  260,  621,  676,  499,  369,  469,  274,  327,  759,  835,  948,  726,  848,  438,    0,  702,  721,  588,  813,  485,  767,  313,  704,  675,  416,  753,  600,  686,  815,  826,  559,  465,  354,  283,  988,  935,  233,  245,  684,  598,  473,   96,   46,  921,  774,  554,  252,  719,  927,  335,  730,  876,  928,  668,  198,  593,  822,  570,  290,  726,  894,  757,  813, 1012,  278,  423,  186,  628,  327,  714, 1006,  816,  419,  211,  237,  439,  770,  342,  950,  433,  894,  172,  767,  585,  849,  794,  922,  392,  910, 1044,  275,  514,   41,  930,  204,  838,  179, 1086,  822,  411,  537,  878,  825,  838,  546,  165,  553,  851,  791,  968,  814,  697,  321,  425,  710,  575,  192,  587,  405,  763,  804, 1040,  135,  772,  439,  711,  568,  366,  123,  321,  788,  662,  638,  553,  824,  659,   86,  995,  632,  809,  794,  123,  455,  478,  743,  588,  615,  652],
        [  268,    0,  196,  364,  660,  612,  226,  614,  523,  440,  547,  635,  344,  410,  609,  715,  227,  711,  263,  664,  214,  686,  702,    0,  742,  580,  231,  659,  371,  412,  387,  233,  525,  368,  578,  355,  351,  124,  556,  241,  523,  576,  312,  262,  494,  611,  419,  568,  480,  795,  725,  269,  263,  530,  534,  152,  400,  376,  644,  190,  257,   74,  738,  318,  151,  439,  491,  373,  343,  418,  514,  310,  435,  514,  831,  228,  437,  416,  305,  662,  600,  521,  640,  595,  199,  662,  264,  589,  390,  865,  173,  263,  379,  697,  284,  350,  375,  355,  531,  267,  727,  239,  539,  545,  666,  387,  245,  693,  168,  179,  404,  442,  361,  541,  180,  548,   97,  282,  119,  296,  496,  481,   62,  269,  606,  140,  592,  303,  187,  338,  622,   72,  551,  462,  576,  559,  644,  387,  229,  591,  263,  608,  666,  347,  774,  294,  369,  536,  114,  595,  603,  384,   88,  306,  545,   52],
        [  553,    0,  557,  484, 1271, 1002,  734,  660,  810,  302,  201,  223,  701,  906,  897,  417,  953,  163,  968,   95,  688,  291,  721,  742,    0,  177,  624,  237, 1068,  553, 1048,  519,  952, 1059,  174,  404, 1070,  802, 1074,  626,  899,  880,  815,  780,  737,  477,  338, 1107,  321,  791,  697, 1000,  987,  233,  499,  616,  586,  695, 1232,  778,  772,  781,  557,  425,  885,  309,  810,  407,  603,  383,  333,  926,  700,  949,  667,  884,  495, 1075,  923,  184, 1004,  747,  484, 1015,  611,  383,  816, 1007,  552,  759,  910,  482,  508,  126,  719,  524,  589,  883,  834,  508,  703,  937,  763,  327,  545,  950,  619,  322,  696,  871, 1115,  432,  391,  636,  595,  338,  822,  827,  769,  978,  847,  926,  693,  477,  823,  756,  988, 1014,  659,  969,  780,  766,  988,  307,  191,  936,  790,  597,  963, 1160,  918,  183,  191,  403,  714,  929,  994,  306,  849,  730, 1032,  403,  829,  438,  199,  725],
        [  376,    0,  407,  382, 1094,  834,  557,  516,  645,  154,  109,  120,  526,  730,  735,  329,  784,  248,  820,  142,  558,  213,  588,  580,  177,    0,  495,  152,  894,  382,  873,  371,  780,  884,   14,  271,  899,  653,  899,  450,  730,  716,  697,  656,  572,  346,  215,  932,  146,  669,  572,  844,  817,   57,  347,  468,  501,  521, 1056,  641,  648,  613,  454,  264,  727,  142,  641,  288,  502,  283,  280,  794,  531,  777,  573,  709,  326,  898,  790,  229,  834,  584,  361,  845,  474,  278,  689,  837,  464,  658,  744,  318,  415,  209,  602,  348,  497,  766,  668,  334,  578,  790,  602,  292,  423,  830,  493,  241,  521,  723,  943,  355,  221,  481,  424,  306,  666,  702,  622,  804,  677,  752,  536,  312,  666,  583,  820,  842,  524,  836,  628,  612,  816,  204,   21,  767,  640,  425,  796,  984,  743,   53,  238,  261,  598,  794,  818,  263,  690,  577,  862,  226,  666,  275,   52,  558],
        [  348,    0,  132,  160,  891,  813,  414,  720,  690,  342,  424,  586,  502,  621,  786,  728,  445,  550,  360,  533,   65,  661,  813,  231,  624,  495,    0,  616,  596,  500,  617,  147,  729,  593,  488,  225,  566,  208,  778,  371,  714,  754,  205,  161,  643,  656,  287,  793,  451,  909,  825,  410,  480,  459,  593,  104,  170,  528,  874,  159,  153,  304,  793,  260,  315,  367,  663,  218,  114,  247,  330,  303,  580,  719,  903,  457,  497,  646,  300,  499,  803,  669,  685,  802,   45,  669,  195,  795,  162,  957,  383,  239,  161,  547,  116,  422,  145,  273,  704,  301,  828,  329,  690,  357,  728,  336,   14,  677,  344,  267,  622,  238,  320,  649,  271,  356,  255,  207,  175,  525,  678,  686,  173,  249,  763,  351,  793,  525,   49,  346,  764,  200,  759,  318,  499,  753,  785,  497,  438,  819,  492,  538,  501,  236,  870,  306,  599,  357,  287,  727,  812,  377,  299,  257,  448,  259],
        [  415,    0,  510,  521, 1091,  790,  583,  428,  596,  283,  260,   33,  520,  722,  676,  187,  839,  369,  913,  259,  676,   63,  485,  659,  237,  152,  616,    0,  930,  359,  897,  478,  749,  919,  164,  400,  946,  749,  881,  480,  692,  663,  820,  776,  524,  242,  353,  917,  180,  554,  460,  927,  870,  162,  276,  570,  644,  506, 1048,  751,  767,  677,  324,  363,  809,  250,  601,  424,  639,  427,  431,  906,  498,  749,  437,  746,  301,  921,  902,  362,  793,  529,  248,  807,  588,  146,  806,  799,  606,  528,  809,  406,  556,  326,  728,  357,  637,  889,  621,  394,  466,  884,  544,  443,  308,  950,  616,   93,  564,  818,  983,  503,  307,  412,  485,  457,  751,  821,  720,  840,  640,  729,  624,  397,  598,  630,  778,  888,  637,  946,  551,  703,  784,  350,  137,  726,  559,  408,  856,  975,  776,  100,  371,  383,  478,  902,  835,  414,  772,  501,  824,  276,  740,  370,  201,  627],
        [  521,    0,  561,  735,  318,  470,  348,  705,  513,  776,  886,  914,  438,  303,  548,  920,  154, 1064,  376, 1001,  564,  937,  767,  371, 1068,  894,  596,  930,    0,  591,   75,  595,  399,   14,  895,  712,   69,  412,  325,  451,  442,  521,  601,  567,  537,  794,  772,  311,  764,  837,  806,  303,  123,  838,  715,  523,  763,  466,  320,  496,  566,  307,  886,  652,  308,  760,  480,  737,  705,  783,  879,  515,  508,  386,  941,  186,  643,   87,  510, 1016,  452,  557,  818,  436,  569,  881,  548,  435,  757,  937,  218,  594,  750, 1044,  617,  574,  738,  608,  504,  561,  804,  386,  564,  912,  817,  599,  610,  933,  373,  393,   59,  812,  677,  646,  475,  916,  351,  560,  437,   91,  455,  367,  433,  597,  597,  312,  455,   73,  549,  510,  642,  399,  400,  817,  884,  455,  661,  545,  171,  296,  154,  908, 1021,  699,  852,  488,  139,  900,  322,  645,  433,  671,  298,  639,  870,  363],
        [  156,    0,  370,  506,  732,  453,  251,  221,  267,  349,  434,  352,  162,  364,  362,  331,  529,  618,  672,  520,  537,  353,  313,  412,  553,  382,  500,  359,  591,    0,  549,  363,  399,  579,  389,  387,  619,  532,  525,  174,  348,  340,  680,  627,  196,  210,  400,  560,  237,  409,  326,  661,  554,  330,  129,  408,  618,  147,  689,  572,  619,  396,  327,  290,  549,  303,  260,  429,  582,  465,  536,  716,  149,  397,  420,  415,   60,  570,  710,  585,  453,  213,  237,  464,  458,  290,  645,  456,  586,  462,  516,  274,  543,  583,  610,   80,  600,  739,  290,  202,  329,  650,  233,  566,  255,  784,  509,  345,  262,  591,  648,  542,  254,  151,  246,  577,  507,  662,  515,  505,  296,  375,  409,  265,  305,  325,  438,  561,  493,  748,  285,  478,  435,  435,  365,  386,  303,   49,  553,  617,  439,  371,  593,  360,  373,  702,  483,  539,  516,  239,  480,  192,  470,  283,  386,  365],
        [  497,    0,  566,  747,  276,  396,  317,  646,  447,  765,  874,  883,  391,  236,  477,  874,  195, 1056,  435,  987,  591,  900,  704,  387, 1048,  873,  617,  897,   75,  549,    0,  598,  325,   63,  875,  711,  143,  448,  251,  424,  371,  450,  644,  606,  476,  747,  767,  240,  738,  770,  743,  365,  173,  817,  669,  535,  786,  416,  268,  533,  605,  317,  832,  643,  352,  743,  415,  739,  729,  785,  882,  569,  454,  313,  881,  172,  604,   30,  564, 1010,  377,  495,  770,  361,  586,  839,  591,  360,  777,  873,  256,  585,  765, 1033,  651,  541,  761,  658,  436,  543,  741,  441,  500,  915,  764,  654,  631,  894,  355,  439,  127,  822,  661,  591,  463,  920,  385,  605,  469,   93,  387,  296,  448,  587,  529,  302,  380,  125,  571,  568,  576,  426,  326,  812,  862,  382,  595,  502,  220,  232,  135,  883, 1015,  695,  789,  542,   72,  900,  358,  582,  358,  647,  325,  629,  853,  369],
        [  219,    0,   38,  165,  859,  722,  333,  583,  578,  220,  320,  449,  394,  547,  676,  582,  458,  478,  451,  436,  200,  519,  675,  233,  519,  371,  147,  478,  595,  363,  598,    0,  642,  589,  366,  122,  581,  284,  715,  261,  618,  646,  348,  301,  523,  510,  188,  736,  307,  771,  684,  481,  493,  328,  448,   98,  259,  414,  834,  274,  292,  289,  646,  116,  368,  233,  555,  143,  220,  189,  286,  428,  461,  634,  758,  427,  354,  626,  424,  429,  714,  548,  538,  716,  112,  523,  329,  709,  231,  814,  406,   93,  196,  465,  263,  284,  239,  416,  595,  162,  688,  420,  569,  318,  582,  474,  153,  534,  267,  353,  633,  231,  175,  514,  165,  323,  305,  344,  252,  511,  576,  602,  177,  103,  644,  300,  703,  531,  160,  469,  637,  248,  675,  229,  371,  658,  658,  367,  461,  772,  464,  408,  433,  117,  729,  426,  563,  306,  333,  597,  728,  230,  320,  111,  329,  232],
        [  449,    0,  626,  807,  370,   88,  316,  385,  167,  724,  822,  747,  265,  120,  157,  665,  454, 1009,  693,  916,  731,  730,  416,  525,  952,  780,  729,  749,  399,  399,  325,  642,    0,  385,  787,  721,  461,  635,  145,  387,   64,  136,  835,  786,  231,  540,  757,  185,  634,  465,  460,  640,  453,  727,  479,  627,  889,  261,  319,  712,  781,  458,  582,  628,  578,  685,  151,  760,  838,  804,  892,  803,  253,   13,  602,  335,  458,  326,  797,  972,   75,  235,  554,   74,  687,  647,  785,   67,  867,  574,  492,  585,  837,  976,  805,  439,  865,  870,  146,  514,  457,  688,  229,  924,  527,  888,  742,  714,  386,  659,  452,  867,  617,  356,  478,  933,  579,  802,  640,  358,  111,   45,  567,  580,  226,  386,   68,  422,  696,  816,  281,  591,   37,  799,  763,   58,  296,  356,  487,  248,  322,  770,  979,  697,  500,  779,  262,  902,  565,  306,   87,  571,  514,  617,  779,  480],
        [  511,    0,  555,  731,  314,  457,  337,  691,  499,  768,  878,  903,  425,  289,  535,  907,  154, 1056,  382,  993,  562,  925,  753,  368, 1059,  884,  593,  919,   14,  579,   63,  589,  385,    0,  885,  706,   80,  412,  313,  441,  428,  507,  603,  568,  523,  782,  765,  300,  754,  823,  792,  310,  125,  829,  703,  518,  761,  453,  315,  497,  567,  301,  873,  645,  310,  751,  466,  731,  703,  777,  874,  520,  495,  373,  928,  176,  631,   78,  515, 1009,  439,  543,  806,  423,  565,  869,  550,  422,  754,  923,  218,  586,  746, 1036,  617,  562,  736,  612,  490,  552,  790,  391,  550,  906,  804,  604,  607,  921,  364,  396,   73,  808,  669,  633,  466,  910,  351,  563,  436,   81,  441,  354,  429,  589,  583,  303,  441,   74,  546,  516,  628,  397,  387,  810,  874,  441,  648,  533,  173,  287,  143,  898, 1014,  692,  839,  493,  125,  894,  322,  631,  420,  661,  296,  631,  861,  358],
        [  379,    0,  402,  372, 1098,  842,  560,  527,  653,  147,   96,  133,  531,  735,  744,  342,  783,  238,  815,  133,  551,  226,  600,  578,  174,   14,  488,  164,  895,  389,  875,  366,  787,  885,    0,  264,  899,  648,  905,  452,  737,  725,  689,  649,  580,  358,  206,  937,  153,  681,  584,  841,  816,   61,  357,  463,  490,  528, 1060,  635,  640,  612,  467,  261,  724,  140,  649,  279,  493,  273,  267,  788,  538,  783,  586,  710,  334,  901,  784,  217,  842,  592,  373,  853,  468,  291,  682,  844,  453,  671,  742,  316,  404,  199,  594,  353,  487,  758,  676,  335,  590,  785,  611,  279,  435,  823,  486,  254,  522,  718,  943,  344,  220,  491,  423,  293,  662,  695,  617,  805,  685,  759,  532,  310,  675,  584,  827,  843,  517,  830,  638,  608,  823,  193,   33,  775,  650,  431,  795,  989,  744,   66,  226,  254,  610,  787,  820,  250,  687,  587,  869,  229,  664,  272,   41,  556],
        [  274,    0,  160,  132,  966,  796,  427,  596,  634,  119,  204,  368,  461,  636,  733,  534,  579,  357,  565,  318,  288,  450,  686,  355,  404,  271,  225,  400,  712,  387,  711,  122,  721,  706,  264,    0,  701,  399,  808,  336,  689,  705,  426,  385,  571,  486,   67,  833,  251,  780,  687,  600,  614,  239,  440,  215,  256,  474,  938,  376,  377,  408,  621,   98,  489,  153,  616,   42,  242,   83,  175,  526,  512,  714,  738,  540,  360,  739,  522,  308,  790,  593,  512,  795,  208,  474,  419,  786,  219,  806,  527,  138,  169,  344,  332,  313,  244,  495,  653,  209,  691,  534,  614,  208,  565,  559,  222,  470,  366,  468,  752,  155,  141,  534,  256,  215,  425,  431,  366,  627,  642,  684,  299,  142,  688,  410,  777,  650,  257,  568,  671,  367,  756,  108,  276,  729,  690,  406,  583,  873,  577,  316,  312,   28,  727,  527,  671,  191,  453,  626,  808,  209,  442,  108,  224,  350],
        [  533,    0,  545,  712,  377,  535,  370,  749,  565,  774,  884,  928,  472,  359,  607,  949,  124, 1056,  316, 1000,  528,  957,  815,  351, 1070,  899,  566,  946,   69,  619,  143,  581,  461,   80,  899,  701,    0,  372,  393,  467,  500,  578,  551,  521,  583,  826,  763,  379,  775,  888,  852,  241,   88,  845,  746,  501,  729,  502,  384,  453,  521,  294,  924,  649,  263,  762,  531,  723,  671,  767,  863,  457,  549,  448,  986,  205,  667,  156,  452, 1008,  517,  605,  851,  501,  543,  907,  499,  500,  727,  986,  183,  591,  723, 1039,  576,  593,  705,  553,  558,  566,  851,  328,  614,  895,  854,  539,  579,  956,  383,  344,   58,  790,  680,  687,  476,  898,  314,  510,  399,  119,  509,  427,  411,  595,  651,  318,  519,   59,  518,  450,  694,  366,  465,  807,  891,  516,  714,  575,  129,  363,  182,  917, 1012,  690,  900,  430,  199,  885,  283,  693,  499,  680,  269,  636,  872,  352],
        [  382,    0,  247,  366,  723,  723,  348,  737,  645,  503,  601,  722,  468,  517,  729,  822,  259,  747,  168,  717,  159,  782,  826,  124,  802,  653,  208,  749,  412,  532,  448,  284,  635,  412,  648,  399,  372,    0,  649,  363,  638,  695,  203,  160,  618,  725,  466,  656,  571,  918,  848,  205,  290,  607,  650,  186,  361,  500,  714,   86,  158,  178,  854,  391,  111,  513,  612,  406,  304,  443,  533,  186,  558,  623,  951,  314,  551,  475,  181,  697,  709,  645,  754,  702,  199,  767,  151,  697,  363,  988,  195,  344,  368,  739,  206,  465,  337,  236,  652,  368,  850,  138,  663,  561,  784,  264,  220,  792,  292,   71,  429,  444,  443,  663,  290,  561,   63,  168,   35,  356,  615,  591,  129,  353,  729,  258,  702,  340,  160,  216,  745,   55,  659,  504,  652,  673,  768,  509,  244,  669,  342,  687,  699,  399,  897,  171,  447,  558,   91,  719,  709,  479,  128,  381,  612,  176],
        [  546,    0,  692,  878,  226,  172,  383,  530,  311,  828,  931,  876,  374,  174,  291,  806,  425, 1118,  672, 1032,  769,  866,  559,  556, 1074,  899,  778,  881,  325,  525,  251,  715,  145,  313,  905,  808,  393,  649,    0,  476,  208,  276,  852,  807,  372,  680,  851,   40,  754,  602,  603,  608,  413,  845,  615,  681,  945,  380,  175,  732,  804,  483,  727,  721,  571,  793,  293,  844,  890,  890,  982,  797,  385,  140,  745,  335,  584,  240,  791, 1078,  154,  378,  696,  133,  739,  786,  799,  136,  928,  713,  477,  671,  904, 1088,  838,  553,  921,  877,  291,  608,  599,  673,  373, 1015,  670,  883,  792,  852,  449,  658,  368,  945,  719,  498,  555, 1023,  588,  815,  662,  317,  253,  153,  608,  669,  367,  428,  163,  370,  739,  803,  424,  614,  120,  895,  884,  193,  437,  478,  455,  104,  308,  894, 1085,  786,  642,  771,  212,  995,  567,  450,  123,  682,  522,  708,  893,  520],
