{
    "name": "random-40-32551",
    "comment": "size=40 seed=32551",
    "nodes": ["+0", "-0", "+1", "-1", "+2", "-2", "+3", "-3", "+4", "-4", "+5", "-5", "+6", "-6", "+7", "-7", "+8", "-8", "+9", "-9", "+10", "-10", "+11", "-11", "+12", "-12", "+13", "-13", "+14", "-14", "+15", "-15", "+16", "-16", "+17", "-17", "+18", "-18", "+19", "-19", "+20", "-20", "+21", "-21", "+22", "-22", "+23", "-23", "+24", "-24", "+25", "-25", "+26", "-26", "+27", "-27", "+28", "-28", "+29", "-29", "+30", "-30", "+31", "-31", "+32", "-32", "+33", "-33", "+34", "-34", "+35", "-35", "+36", "-36", "+37", "-37", "+38", "-38", "+39", "-39", "+40", "-40"],
    "precedence": {
        "+0": "-0",
        "+1": "-1",
        "+2": "-2",
        "+3": "-3",
        "+4": "-4",
        "+5": "-5",
        "+6": "-6",
        "+7": "-7",
        "+8": "-8",
        "+9": "-9",
        "+10": "-10",
        "+11": "-11",
        "+12": "-12",
        "+13": "-13",
        "+14": "-14",
        "+15": "-15",
        "+16": "-16",
        "+17": "-17",
        "+18": "-18",
        "+19": "-19",
        "+20": "-20",
        "+21": "-21",
        "+22": "-22",
        "+23": "-23",
        "+24": "-24",
        "+25": "-25",
        "+26": "-26",
        "+27": "-27",
        "+28": "-28",
        "+29": "-29",
        "+30": "-30",
        "+31": "-31",
        "+32": "-32",
        "+33": "-33",
        "+34": "-34",
        "+35": "-35",
        "+36": "-36",
        "+37": "-37",
        "+38": "-38",
        "+39": "-39",
        "+40": "-40"
    },
    "edges": [
        [    0,    0,  590,  601,  309,  417,  634,  629,  560,  705,  218,  640,  544,  699,   95,  576,  174,  493,  129,  248,  642,  496,  355,  564,  624,  252,  508,  790,  242,  597,  542,  385,  614,  340,  112,  270,  253,  346,  347,  325,  504,   79,  408,  568,  376,  248,  410,  235,  482,  157,  399,  644,  177,  210,  506,  169,  212,  211,  186,  143,  406,  253,  492,  692,  301,  250,  268,  175,  462,   57,  459,  386,  609,  643,  356,  400,  659,  481,  698,  606,  351,  579],
        [    0,    0,  590,  601,  309,  417,  634,  629,  560,  705,  218,  640,  544,  699,   95,  576,  174,  493,  129,  248,  642,  496,  355,  564,  624,  252,  508,  790,  242,  597,  542,  385,  614,  340,  112,  270,  253,  346,  347,  325,  504,   79,  408,  568,  376,  248,  410,  235,  482,  157,  399,  644,  177,  210,  506,  169,  212,  211,  186,  143,  406,  253,  492,  692,  301,  250,  268,  175,  462,   57,  459,  386,  609,  643,  356,  400,  659,  481,  698,  606,  351,  579],
        [  590,  590,    0,  685,  601,  997,  453,  159,  697,  310,  763,  274,   91,  112,  499,  648,  667,  470,  718,  546,  254,  302,  393,  202,  632,  786,  824,  222,  486,  398,  512,  514,  236,  530,  670,  352,  706,  586,  595,  417,  685,  634,  615,   64,  846,  722,  195,  386,  658,  732,  520,  665,  428,  612,  652,  759,  800,  417,  761,  454,  761,  390,  271,  184,  615,  721,  489,  642,  288,  534,  380,  851,  774,  614,  375,  471,  335,  332,  154,  176,  633,   28],
        [  601,  601,  685,    0,  876,  755,  291,  575, 1106,  973,  800,  476,  722,  772,  595,   38,  774,  217,  642,  353,  905,  384,  343,  825,   84,  836, 1102,  889,  376,  322, 1008,  895,  879,  267,  558,  471,  426,  256,  904,  346,  117,  678,  195,  623,  464,  848,  543,  473,  126,  599,  909,   73,  624,  403, 1049,  676,  724,  666,  746,  607,  307,  689,  415,  618,  874,  850,  349,  457,  400,  585,  873,  982, 1169,  124,  360,  251,  970,  354,  659,  830,  262,  700],
        [  309,  309,  601,  876,    0,  626,  833,  707,  253,  565,  275,  766,  520,  686,  282,  846,  186,  723,  373,  531,  522,  658,  567,  473,  882,  273,  243,  738,  501,  783,  287,  131,  502,  609,  409,  437,  561,  631,   43,  548,  793,  258,  693,  611,  676,  180,  494,  420,  768,  428,  138,  907,  262,  513,  200,  385,  389,  232,  322,  271,  714,  233,  641,  760,   20,  177,  527,  483,  620,  300,  282,  266,  302,  892,  558,  642,  499,  658,  746,  525,  646,  579],
        [  417,  417,  997,  755,  626,    0,  921, 1011,  853, 1117,  355,  993,  958, 1108,  511,  750,  442,  764,  290,  510, 1056,  839,  683,  980,  818,  369,  703, 1204,  552,  904,  907,  743, 1028,  588,  328,  654,  353,  552,  668,  648,  639,  403,  588,  967,  298,  458,  808,  617,  635,  266,  755,  823,  593,  428,  812,  257,  238,  624,  304,  560,  451,  665,  847, 1074,  608,  462,  565,  378,  814,  471,  856,  491,  871,  852,  693,  676, 1066,  814, 1089, 1022,  517,  989],
        [  634,  634,  453,  291,  833,  921,    0,  313, 1023,  761,  851,  199,  514,  518,  585,  262,  791,  158,  724,  421,  699,  185,  280,  630,  214,  885, 1074,  631,  398,   57,  881,  809,  677,  334,  643,  398,  569,  372,  849,  310,  355,  710,  350,  390,  663,  865,  376,  421,  338,  701,  821,  242,  574,  501,  967,  765,  816,  601,  814,  573,  520,  608,  212,  342,  838,  867,  376,  557,  221,  595,  738, 1009, 1095,  182,  283,  249,  775,  176,  388,  620,  412,  474],
        [  629,  629,  159,  575,  707, 1011,  313,    0,  835,  465,  826,  120,  243,  206,  546,  540,  739,  369,  751,  520,  412,  206,  346,  359,  512,  854,  942,  319,  466,  264,  659,  639,  395,  476,  688,  362,  688,  532,  709,  377,  598,  687,  546,  109,  818,  803,  225,  399,  573,  752,  647,  543,  492,  596,  786,  793,  840,  496,  812,  510,  709,  480,  183,   64,  719,  802,  460,  638,  213,  575,  521,  941,  912,  487,  331,  400,  494,  240,   88,  334,  580,  185],
        [  560,  560,  697, 1106,  253,  853, 1023,  835,    0,  539,  499,  919,  607,  752,  524, 1074,  428,  934,  620,  771,  526,  840,  779,  516, 1103,  484,  214,  766,  734,  969,  203,  215,  518,  842,  661,  645,  813,  870,  214,  766, 1032,  509,  931,  728,  927,  396,  654,  636, 1006,  677,  203, 1130,  483,  761,   58,  628,  624,  442,  556,  502,  964,  423,  817,  877,  263,  392,  760,  734,  803,  546,  318,  400,   77, 1108,  767,  862,  467,  847,  850,  565,  890,  671],
        [  705,  705,  310,  973,  565, 1117,  761,  465,  539,    0,  809,  583,  252,  288,  614,  936,  705,  758,  828,  761,   70,  597,  648,  155,  929,  820,  723,  247,  701,  705,  338,  439,   99,  775,  809,  556,  896,  827,  538,  661,  954,  716,  870,  372, 1039,  734,  434,  579,  925,  861,  436,  961,  530,  807,  513,  861,  888,  494,  832,  565,  990,  453,  566,  473,  584,  731,  714,  818,  576,  654,  283,  828,  608,  915,  629,  738,   73,  624,  429,  143,  870,  288],
        [  218,  218,  763,  800,  275,  355,  851,  826,  499,  809,    0,  849,  701,  866,  282,  778,  105,  709,  166,  455,  756,  709,  572,  691,  831,   37,  370,  942,  458,  814,  561,  400,  731,  549,  245,  479,  399,  546,  316,  542,  694,  144,  605,  752,  472,  103,  602,  446,  676,  223,  410,  849,  338,  398,  457,  150,  129,  348,   67,  317,  560,  380,  704,  888,  257,  107,  483,  346,  675,  261,  532,  189,  522,  854,  572,  615,  750,  696,  887,  739,  540,  748],
        [  640,  640,  274,  476,  766,  993,  199,  120,  919,  583,  849,    0,  350,  323,  568,  443,  770,  285,  752,  486,  527,  154,  311,  468,  406,  880, 1007,  433,  441,  156,  754,  714,  508,  425,  681,  371,  653,  477,  774,  345,  515,  706,  478,  216,  772,  840,  273,  405,  492,  744,  724,  436,  528,  567,  867,  795,  844,  542,  826,  539,  648,  534,  149,  144,  776,  840,  429,  616,  181,  590,  612,  981,  995,  378,  301,  339,  607,  181,  190,  448,  524,  298],
        [  544,  544,   91,  722,  520,  958,  514,  243,  607,  252,  701,  350,    0,  167,  450,  685,  601,  507,  673,  538,  187,  346,  405,  119,  678,  722,  738,  247,  477,  458,  421,  427,  163,  538,  633,  334,  689,  592,  512,  423,  708,  579,  629,  136,  831,  652,  191,  364,  680,  693,  433,  710,  372,  596,  562,  712,  750,  354,  705,  403,  762,  322,  315,  274,  536,  651,  485,  619,  324,  488,  290,  776,  684,  664,  386,  492,  262,  373,  244,  109,  637,   64],
        [  699,  699,  112,  772,  686, 1108,  518,  206,  752,  288,  866,  323,  167,    0,  607,  736,  767,  560,  828,  656,  252,  391,  499,  236,  713,  887,  898,  118,  597,  468,  556,  587,  246,  636,  782,  463,  817,  692,  675,  524,  783,  740,  717,  159,  957,  819,  307,  498,  755,  843,  591,  745,  533,  723,  711,  868,  908,  518,  867,  561,  868,  488,  362,  193,  702,  817,  599,  754,  384,  643,  439,  943,  828,  691,  481,  572,  334,  423,  146,  190,  740,  121],
        [   95,   95,  499,  595,  282,  511,  585,  546,  524,  614,  282,  568,  450,  607,    0,  566,  207,  457,  223,  249,  550,  431,  307,  472,  606,  313,  509,  696,  220,  543,  476,  328,  522,  328,  196,  198,  310,  349,  314,  281,  511,  142,  411,  479,  445,  281,  324,  167,  486,  249,  343,  630,   84,  242,  467,  262,  302,  124,  267,   50,  447,  166,  423,  608,  280,  282,  247,  227,  395,   40,  379,  425,  581,  620,  303,  369,  571,  421,  611,  512,  367,  487],
        [  576,  576,  648,   38,  846,  750,  262,  540, 1074,  936,  778,  443,  685,  736,  566,    0,  749,  180,  624,  328,  868,  348,  307,  788,   70,  815, 1074,  853,  346,  289,  973,  863,  842,  239,  539,  437,  413,  233,  874,  312,  116,  654,  176,  586,  462,  823,  506,  440,  116,  582,  876,   74,  593,  382, 1017,  658,  708,  633,  726,  576,  306,  656,  378,  583,  845,  825,  319,  438,  363,  558,  838,  959, 1138,  109,  324,  216,  933,  317,  625,  793,  246,  663],
        [  174,  174,  667,  774,  186,  442,  791,  739,  428,  705,  105,  770,  601,  767,  207,  749,    0,  658,  193,  422,  652,  637,  512,  587,  796,  121,  341,  840,  411,  750,  466,  303,  627,  512,  247,  404,  407,  519,  228,  484,  677,   98,  581,  659,  506,   76,  514,  374,  655,  252,  314,  817,  247,  381,  381,  201,  205,  250,  138,  232,  566,  280,  628,  798,  170,   78,  438,  337,  601,  198,  428,  218,  464,  814,  509,  567,  647,  628,  795,  636,  523,  649],
        [  493,  493,  470,  217,  723,  764,  158,  369,  934,  758,  709,  285,  507,  560,  457,  180,  658,    0,  574,  267,  691,  170,  157,  612,  177,  744,  961,  677,  252,  149,  816,  720,  665,  177,  491,  290,  412,  215,  745,  177,  231,  571,  199,  408,  510,  733,  331,  304,  207,  547,  733,  208,  462,  345,  877,  614,  665,  497,  667,  454,  371,  512,  200,  418,  726,  735,  227,  402,  184,  461,  676,  875, 1003,  175,  168,   96,  758,  138,  456,  615,  257,  484],
        [  129,  129,  718,  642,  373,  290,  724,  751,  620,  828,  166,  752,  673,  828,  223,  624,  193,  574,    0,  309,  766,  603,  453,  690,  680,  201,  524,  919,  327,  694,  637,  474,  739,  404,   86,  389,  234,  392,  415,  420,  534,  121,  448,  694,  315,  246,  536,  353,  517,   60,  487,  696,  304,  242,  571,   44,   94,  335,  105,  271,  394,  375,  604,  814,  359,  249,  348,  186,  572,  186,  571,  354,  656,  705,  458,  479,  778,  585,  822,  733,  381,  708],
        [  248,  248,  546,  353,  531,  510,  421,  520,  771,  761,  455,  486,  538,  656,  249,  328,  422,  267,  309,    0,  692,  333,  177,  607,  378,  491,  750,  767,   61,  398,  703,  569,  662,   95,  225,  207,  169,  101,  563,  143,  263,  326,  163,  500,  301,  496,  354,  183,  239,  281,  583,  397,  297,   82,  714,  349,  400,  342,  407,  271,  230,  375,  344,  581,  527,  498,   60,  136,  312,  234,  584,  632,  829,  399,  190,  173,  736,  306,  604,  632,  122,  547],
        [  642,  642,  254,  905,  522, 1056,  699,  412,  526,   70,  756,  527,  187,  252,  550,  868,  652,  691,  766,  692,    0,  532,  579,   85,  863,  768,  698,  241,  632,  643,  324,  401,   30,  706,  745,  486,  828,  758,  499,  592,  885,  657,  800,  313,  971,  685,  366,  510,  856,  798,  400,  895,  466,  738,  494,  800,  830,  432,  776,  501,  920,  392,  501,  426,  541,  683,  644,  751,  509,  590,  242,  787,  599,  850,  560,  669,   84,  558,  385,   80,  800,  229],
        [  496,  496,  302,  384,  658,  839,  185,  206,  840,  597,  709,  154,  346,  391,  431,  348,  637,  170,  603,  333,  532,    0,  157,  457,  333,  741,  900,  508,  288,  130,  696,  627,  507,  276,  530,  234,  500,  330,  672,  192,  395,  566,  340,  239,  622,  709,  192,  265,  368,  593,  638,  365,  405,  414,  785,  646,  696,  427,  681,  410,  505,  429,   32,  262,  665,  710,  275,  462,   38,  449,  553,  853,  912,  318,  148,  195,  604,   34,  294,  455,  378,  317],
        [  355,  355,  393,  343,  567,  683,  280,  346,  779,  648,  572,  311,  405,  499,  307,  307,  512,  157,  453,  177,  579,  157,    0,  496,  326,  606,  806,  614,  132,  243,  667,  565,  551,  137,  377,  135,  345,  194,  589,   35,  307,  431,  224,  340,  472,  586,  215,  148,  278,  438,  578,  355,  306,  257,  722,  496,  546,  341,  538,  299,  370,  357,  168,  407,  570,  588,  119,  306,  135,  316,  531,  730,  847,  330,   20,   93,  637,  133,  431,  509,  241,  399],
        [  564,  564,  202,  825,  473,  980,  630,  359,  516,  155,  691,  468,  119,  236,  472,  788,  587,  612,  690,  607,   85,  457,  496,    0,  786,  706,  669,  266,  547,  574,  321,  361,   56,  621,  665,  401,  744,  673,  456,  507,  802,  585,  716,  253,  887,  627,  284,  425,  773,  720,  363,  818,  388,  654,  477,  726,  758,  357,  706,  422,  835,  318,  427,  384,  491,  625,  559,  668,  432,  511,  207,  738,  592,  774,  477,  586,  147,  482,  348,   53,  715,  175],
        [  624,  624,  632,   84,  882,  818,  214,  512, 1103,  929,  831,  406,  678,  713,  606,   70,  796,  177,  680,  378,  863,  333,  326,  786,    0,  868, 1114,  829,  387,  251,  991,  889,  837,  284,  595,  459,  477,  289,  907,  337,  185,  702,  237,  569,  531,  871,  507,  467,  184,  642,  903,   33,  624,  439, 1045,  716,  766,  662,  781,  611,  375,  681,  364,  549,  882,  873,  360,  496,  354,  602,  852, 1009, 1169,   40,  340,  241,  932,  306,  593,  786,  308,  649],
        [  252,  252,  786,  836,  273,  369,  885,  854,  484,  820,   37,  880,  722,  887,  313,  815,  121,  744,  201,  491,  768,  741,  606,  706,  868,    0,  344,  960,  493,  848,  559,  401,  744,  585,  281,  510,  435,  582,  312,  576,  731,  176,  641,  777,  504,   94,  630,  477,  713,  257,  410,  886,  364,  434,  446,  182,  155,  370,   99,  344,  595,  400,  735,  915,  254,   98,  518,  382,  706,  293,  539,  154,  503,  890,  606,  650,  759,  729,  913,  755,  577,  770],
        [  508,  508,  824, 1102,  243,  703, 1074,  942,  214,  723,  370, 1007,  738,  898,  509, 1074,  341,  961,  524,  750,  698,  900,  806,  669, 1114,  344,    0,  932,  729, 1026,  390,  312,  684,  835,  586,  678,  746,  850,  234,  785, 1010,  438,  913,  842,  837,  278,  734,  658,  988,  583,  308, 1138,  502,  718,  215,  517,  497,  474,  435,  507,  906,  474,  883,  992,  237,  275,  756,  677,  863,  517,  463,  217,  189, 1127,  798,  876,  652,  900,  974,  721,  859,  800],
        [  790,  790,  222,  889,  738, 1204,  631,  319,  766,  247,  942,  433,  247,  118,  696,  853,  840,  677,  919,  767,  241,  508,  614,  266,  829,  960,  932,    0,  707,  582,  565,  626,  250,  750,  879,  569,  925,  807,  721,  638,  900,  824,  834,  275, 1066,  885,  414,  602,  873,  939,  628,  860,  618,  831,  733,  958,  995,  597,  950,  649,  982,  563,  479,  295,  755,  884,  710,  859,  501,  734,  470, 1001,  840,  805,  595,  689,  311,  541,  247,  214,  854,  221],
        [  242,  242,  486,  376,  501,  552,  398,  466,  734,  701,  458,  441,  477,  597,  220,  346,  411,  252,  327,   61,  632,  288,  132,  547,  387,  493,  729,  707,    0,  368,  655,  527,  602,  109,  247,  146,  223,  141,  530,   97,  299,  321,  199,  442,  360,  486,  293,  125,  272,  308,  542,  410,  254,  131,  677,  369,  420,  298,  417,  233,  289,  327,  296,  529,  499,  488,   28,  175,  263,  215,  532,  627,  796,  404,  141,  158,  677,  265,  549,  571,  174,  487],
        [  597,  597,  398,  322,  783,  904,   57,  264,  969,  705,  814,  156,  458,  468,  543,  289,  750,  149,  694,  398,  643,  130,  243,  574,  251,  848, 1026,  582,  368,    0,  825,  756,  620,  317,  614,  351,  554,  361,  799,  275,  370,  672,  348,  335,  657,  823,  320,  377,  349,  674,  767,  282,  527,  479,  914,  736,  787,  552,  780,  528,  520,  556,  156,  299,  789,  825,  348,  533,  167,  556,  681,  967, 1042,  225,  242,  229,  719,  126,  343,  564,  405,  418],
        [  542,  542,  512, 1008,  287,  907,  881,  659,  203,  338,  561,  754,  421,  556,  476,  973,  466,  816,  637,  703,  324,  696,  667,  321,  991,  559,  390,  565,  655,  825,    0,  165,  317,  757,  653,  537,  785,  795,  248,  663,  951,  517,  852,  550,  916,  466,  505,  539,  922,  687,  153, 1021,  409,  715,  177,  658,  669,  363,  604,  439,  919,  329,  670,  694,  306,  463,  677,  702,  662,  510,  144,  526,  275,  990,  652,  758,  266,  710,  664,  367,  824,  484],
        [  385,  385,  514,  895,  131,  743,  809,  639,  215,  439,  400,  714,  427,  587,  328,  863,  303,  720,  474,  569,  401,  627,  565,  361,  889,  401,  312,  626,  527,  756,  165,    0,  383,  634,  494,  430,  633,  666,  100,  553,  826,  354,  726,  535,  760,  309,  445,  423,  799,  524,   15,  917,  274,  570,  159,  494,  505,  231,  440,  298,  775,  208,  604,  686,  150,  306,  552,  550,  590,  358,  159,  390,  286,  894,  552,  649,  371,  633,  665,  413,  690,  489],
        [  614,  614,  236,  879,  502, 1028,  677,  395,  518,   99,  731,  508,  163,  246,  522,  842,  627,  665,  739,  662,   30,  507,  551,   56,  837,  744,  684,  250,  602,  620,  317,  383,    0,  677,  716,  457,  798,  729,  480,  563,  857,  630,  771,  293,  941,  662,  338,  480,  828,  770,  383,  870,  438,  709,  484,  773,  803,  405,  750,  472,  891,  364,  476,  412,  520,  660,  615,  721,  484,  562,  224,  767,  592,  825,  532,  641,  100,  533,  373,   61,  771,  210],
        [  340,  340,  530,  267,  609,  588,  334,  476,  842,  775,  549,  425,  538,  636,  328,  239,  512,  177,  404,   95,  706,  276,  137,  621,  284,  585,  835,  750,  109,  317,  757,  634,  677,    0,  319,  228,  237,   57,  638,  116,  194,  419,   97,  477,  348,  587,  347,  219,  166,  373,  648,  305,  361,  169,  785,  443,  494,  404,  502,  341,  234,  431,  294,  535,  607,  589,   83,  226,  264,  320,  629,  725,  904,  305,  156,   89,  759,  245,  564,  639,  105,  535],
        [  112,  112,  670,  558,  409,  328,  643,  688,  661,  809,  245,  681,  633,  782,  196,  539,  247,  491,   86,  225,  745,  530,  377,  665,  595,  281,  586,  879,  247,  614,  653,  494,  716,  319,    0,  328,  161,  307,  449,  343,  451,  154,  364,  640,  268,  311,  481,  292,  434,   64,  508,  611,  280,  157,  608,  124,  175,  319,  188,  245,  321,  360,  533,  752,  398,  314,  268,  102,  501,  156,  570,  432,  704,  620,  383,  396,  766,  509,  764,  704,  297,  662],
        [  270,  270,  352,  471,  437,  654,  398,  362,  645,  556,  479,  371,  334,  463,  198,  437,  404,  290,  389,  207,  486,  234,  135,  401,  459,  510,  678,  569,  146,  351,  537,  430,  457,  228,  328,    0,  357,  276,  457,  126,  419,  336,  325,  315,  499,  476,  157,   37,  390,  392,  444,  488,  177,  263,  588,  432,  479,  208,  456,  177,  434,  223,  226,  425,  441,  476,  159,  291,  198,  219,  404,  619,  713,  464,  123,  222,  534,  227,  436,  426,  315,  348],
        [  253,  253,  706,  426,  561,  353,  569,  688,  813,  896,  399,  653,  689,  817,  310,  413,  407,  412,  234,  169,  828,  500,  345,  744,  477,  435,  746,  925,  223,  554,  785,  633,  798,  237,  161,  357,    0,  200,  600,  312,  311,  311,  241,  664,  144,  471,  512,  326,  300,  181,  647,  487,  384,   95,  759,  259,  304,  429,  338,  351,  162,  469,  512,  750,  552,  474,  228,   84,  480,  276,  685,  588,  860,  507,  358,  325,  862,  472,  771,  775,  169,  704],
        [  346,  346,  586,  256,  631,  552,  372,  532,  870,  827,  546,  477,  592,  692,  349,  233,  519,  215,  392,  101,  758,  330,  194,  673,  289,  582,  850,  807,  141,  361,  795,  666,  729,   57,  307,  276,  200,    0,  662,  171,  162,  423,   63,  533,  298,  593,  402,  261,  138,  354,  680,  305,  392,  151,  813,  428,  478,  437,  494,  369,  178,  467,  349,  590,  628,  595,  120,  207,  319,  335,  671,  727,  929,  316,  212,  138,  809,  298,  619,  692,   49,  591],
        [  347,  347,  595,  904,   43,  668,  849,  709,  214,  538,  316,  774,  512,  675,  314,  874,  228,  745,  415,  563,  499,  672,  589,  456,  907,  312,  234,  721,  530,  799,  248,  100,  480,  638,  449,  457,  600,  662,    0,  572,  824,  299,  724,  610,  717,  219,  501,  442,  799,  470,  105,  933,  284,  549,  160,  427,  432,  250,  364,  298,  751,  243,  653,  760,   60,  216,  556,  520,  634,  334,  258,  291,  267,  916,  579,  667,  471,  674,  743,  508,  680,  572],
        [  325,  325,  417,  346,  548,  648,  310,  377,  766,  661,  542,  345,  423,  524,  281,  312,  484,  177,  420,  143,  592,  192,   35,  507,  337,  576,  785,  638,   97,  275,  663,  553,  563,  116,  343,  126,  312,  171,  572,    0,  298,  401,  209,  366,  441,  559,  232,  131,  269,  404,  567,  364,  288,  223,  709,  462,  513,  326,  506,  278,  345,  346,  201,  439,  550,  561,   84,  271,  169,  287,  529,  702,  832,  345,   47,   97,  647,  168,  462,  524,  217,  421],
        [  504,  504,  685,  117,  793,  639,  355,  598, 1032,  954,  694,  515,  708,  783,  511,  116,  677,  231,  534,  263,  885,  395,  307,  802,  185,  731, 1010,  900,  299,  370,  951,  826,  857,  194,  451,  419,  311,  162,  824,  298,    0,  579,  101,  626,  348,  749,  520,  412,   30,  488,  840,  186,  552,  298,  974,  565,  613,  596,  638,  530,  191,  624,  422,  649,  790,  752,  275,  349,  399,  496,  822,  879, 1091,  223,  326,  217,  943,  361,  686,  814,  155,  696],
        [   79,   79,  634,  678,  258,  403,  710,  687,  509,  716,  144,  706,  579,  740,  142,  654,   98,  571,  121,  326,  657,  566,  431,  585,  702,  176,  438,  824,  321,  672,  517,  354,  630,  419,  154,  336,  311,  423,  299,  401,  579,    0,  484,  618,  419,  170,  465,  303,  558,  172,  367,  723,  208,  283,  458,  146,  174,  229,  128,  181,  470,  267,  561,  749,  246,  173,  347,  240,  532,  118,  454,  307,  551,  722,  430,  478,  664,  553,  751,  629,  425,  621],
        [  408,  408,  615,  195,  693,  588,  350,  546,  931,  870,  605,  478,  629,  717,  411,  176,  581,  199,  448,  163,  800,  340,  224,  716,  237,  641,  913,  834,  199,  348,  852,  726,  771,   97,  364,  325,  241,   63,  724,  209,  101,  484,    0,  559,  315,  654,  439,  315,   76,  407,  740,  249,  452,  208,  874,  483,  532,  496,  551,  430,  173,  525,  364,  601,  690,  657,  175,  263,  336,  397,  726,  787,  991,  267,  244,  147,  855,  307,  634,  732,   72,  622],
        [  568,  568,   64,  623,  611,  967,  390,  109,  728,  372,  752,  216,  136,  159,  479,  586,  659,  408,  694,  500,  313,  239,  340,  253,  569,  777,  842,  275,  442,  335,  550,  535,  293,  477,  640,  315,  664,  533,  610,  366,  626,  618,  559,    0,  801,  719,  159,  351,  599,  703,  543,  601,  415,  570,  680,  736,  779,  411,  745,  438,  710,  389,  208,  151,  624,  718,  442,  604,  228,  512,  413,  853,  805,  551,  322,  414,  393,  270,  137,  234,  581,   85],
        [  376,  376,  846,  464,  676,  298,  663,  818,  927, 1039,  472,  772,  831,  957,  445,  462,  506,  510,  315,  301,  971,  622,  472,  887,  531,  504,  837, 1066,  360,  657,  916,  760,  941,  348,  268,  499,  144,  298,  717,  441,  348,  419,  315,  801,    0,  560,  652,  468,  349,  255,  774,  533,  523,  236,  876,  323,  353,  567,  406,  489,  158,  607,  638,  878,  664,  563,  360,  222,  606,  408,  823,  656,  968,  568,  488,  434, 1004,  592,  903,  918,  253,  845],
        [  248,  248,  722,  848,  180,  458,  865,  803,  396,  734,  103,  840,  652,  819,  281,  823,   76,  733,  246,  496,  685,  709,  586,  627,  871,   94,  278,  885,  486,  823,  466,  309,  662,  587,  311,  476,  471,  593,  219,  559,  749,  170,  654,  719,  560,    0,  579,  447,  728,  305,  318,  891,  313,  452,  355,  242,  230,  309,  163,  301,  632,  333,  699,  861,  161,    4,  513,  406,  673,  273,  452,  144,  421,  889,  583,  642,  671,  701,  856,  677,  595,  703],
        [  410,  410,  195,  543,  494,  808,  376,  225,  654,  434,  602,  273,  191,  307,  324,  506,  514,  331,  536,  354,  366,  192,  215,  284,  507,  630,  734,  414,  293,  320,  505,  445,  338,  347,  481,  157,  512,  402,  501,  232,  520,  465,  439,  159,  652,  579,    0,  193,  491,  544,  455,  538,  268,  418,  601,  578,  622,  273,  590,  286,  574,  262,  165,  286,  504,  579,  298,  448,  160,  355,  362,  718,  729,  499,  196,  304,  428,  209,  288,  294,  447,  194],
        [  235,  235,  386,  473,  420,  617,  421,  399,  636,  579,  446,  405,  364,  498,  167,  440,  374,  304,  353,  183,  510,  265,  148,  425,  467,  477,  658,  602,  125,  377,  539,  423,  480,  219,  292,   37,  326,  261,  442,  131,  412,  303,  315,  351,  468,  447,  193,    0,  384,  355,  437,  494,  159,  233,  579,  396,  443,  196,  421,  153,  412,  217,  259,  462,  422,  448,  142,  257,  230,  186,  411,  591,  702,  475,  140,  227,  553,  255,  473,  452,  298,  382],
        [  482,  482,  658,  126,  768,  635,  338,  573, 1006,  925,  676,  492,  680,  755,  486,  116,  655,  207,  517,  239,  856,  368,  278,  773,  184,  713,  988,  873,  272,  349,  922,  799,  828,  166,  434,  390,  300,  138,  799,  269,   30,  558,   76,  599,  349,  728,  491,  384,    0,  473,  813,  189,  525,  279,  948,  550,  599,  569,  621,  504,  193,  597,  395,  624,  765,  731,  247,  332,  372,  472,  794,  860, 1066,  220,  297,  189,  914,  335,  661,  785,  137,  668],
        [  157,  157,  732,  599,  428,  266,  701,  752,  677,  861,  223,  744,  693,  843,  249,  582,  252,  547,   60,  281,  798,  593,  438,  720,  642,  257,  583,  939,  308,  674,  687,  524,  770,  373,   64,  392,  181,  354,  470,  404,  488,  172,  407,  703,  255,  305,  544,  355,  473,    0,  538,  655,  332,  206,  627,   79,  126,  368,  158,  298,  339,  409,  596,  815,  415,  309,  327,  148,  564,  209,  613,  410,  715,  669,  445,  453,  815,  571,  827,  760,  337,  724],
        [  399,  399,  520,  909,  138,  755,  821,  647,  203,  436,  410,  724,  433,  591,  343,  876,  314,  733,  487,  583,  400,  638,  578,  363,  903,  410,  308,  628,  542,  767,  153,   15,  383,  648,  508,  444,  647,  680,  105,  567,  840,  367,  740,  543,  774,  318,  455,  437,  813,  538,    0,  931,  289,  584,  147,  506,  517,  245,  451,  313,  789,  222,  616,  693,  158,  315,  566,  565,  601,  372,  159,  395,  275,  907,  565,  663,  368,  645,  671,  415,  704,  495],
        [  644,  644,  665,   73,  907,  823,  242,  543, 1130,  961,  849,  436,  710,  745,  630,   74,  817,  208,  696,  397,  895,  365,  355,  818,   33,  886, 1138,  860,  410,  282, 1021,  917,  870,  305,  611,  488,  487,  305,  933,  364,  186,  723,  249,  601,  533,  891,  538,  494,  189,  655,  931,    0,  650,  455, 1073,  731,  781,  689,  798,  636,  376,  709,  397,  580,  907,  894,  383,  511,  386,  624,  882, 1028, 1196,   61,  369,  268,  964,  338,  624,  818,  319,  681],
        [  177,  177,  428,  624,  262,  593,  574,  492,  483,  530,  338,  528,  372,  533,   84,  593,  247,  462,  304,  297,  466,  405,  306,  388,  624,  364,  502,  618,  254,  527,  409,  274,  438,  361,  280,  177,  384,  392,  284,  288,  552,  208,  452,  415,  523,  313,  268,  159,  525,  332,  289,  650,    0,  308,  425,  341,  378,   47,  335,   35,  511,   85,  391,  552,  265,  313,  278,  302,  368,  124,  301,  454,  546,  633,  297,  383,  487,  402,  550,  429,  418,  413],
        [  210,  210,  612,  403,  513,  428,  501,  596,  761,  807,  398,  567,  596,  723,  242,  382,  381,  345,  242,   82,  738,  414,  257,  654,  439,  434,  718,  831,  131,  479,  715,  570,  709,  169,  157,  263,   95,  151,  549,  223,  298,  283,  208,  570,  236,  452,  418,  233,  279,  206,  584,  455,  308,    0,  706,  278,  329,  354,  344,  277,  206,  392,  424,  659,  507,  454,  139,   58,  391,  215,  607,  582,  814,  465,  269,  252,  775,  388,  679,  683,  144,  610],
        [  506,  506,  652, 1049,  200,  812,  967,  786,   58,  513,  457,  867,  562,  711,  467, 1017,  381,  877,  571,  714,  494,  785,  722,  477, 1045,  446,  215,  733,  677,  914,  177,  159,  484,  785,  608,  588,  759,  813,  160,  709,  974,  458,  874,  680,  876,  355,  601,  579,  948,  627,  147, 1073,  425,  706,    0,  581,  580,  384,  512,  445,  909,  366,  762,  829,  213,  351,  703,  679,  748,  491,  274,  377,  128, 1051,  710,  805,  441,  792,  805,  527,  833,  625],
        [  169,  169,  759,  676,  385,  257,  765,  793,  628,  861,  150,  795,  712,  868,  262,  658,  201,  614,   44,  349,  800,  646,  496,  726,  716,  182,  517,  958,  369,  736,  658,  494,  773,  443,  124,  432,  259,  428,  427,  462,  565,  146,  483,  736,  323,  242,  578,  396,  550,   79,  506,  731,  341,  278,  581,    0,   52,  369,   84,  310,  417,  409,  647,  857,  370,  245,  390,  221,  616,  226,  599,  336,  659,  743,  501,  519,  810,  627,  864,  769,  414,  748],
        [  212,  212,  800,  724,  389,  238,  816,  840,  624,  888,  129,  844,  750,  908,  302,  708,  205,  665,   94,  400,  830,  696,  546,  758,  766,  155,  497,  995,  420,  787,  669,  505,  803,  494,  175,  479,  304,  478,  432,  513,  613,  174,  532,  779,  353,  230,  622,  443,  599,  126,  517,  781,  378,  329,  580,   52,    0,  402,   68,  348,  459,  440,  696,  903,  372,  234,  441,  271,  665,  268,  621,  304,  649,  793,  551,  570,  835,  678,  909,  803,  463,  788],
        [  211,  211,  417,  666,  232,  624,  601,  496,  442,  494,  348,  542,  354,  518,  124,  633,  250,  497,  335,  342,  432,  427,  341,  357,  662,  370,  474,  597,  298,  552,  363,  231,  405,  404,  319,  208,  429,  437,  250,  326,  596,  229,  496,  411,  567,  309,  273,  196,  569,  368,  245,  689,   47,  354,  384,  369,  402,    0,  353,   79,  558,   42,  411,  553,  238,  308,  322,  347,  390,  163,  256,  446,  507,  670,  330,  422,  448,  427,  547,  401,  464,  400],
        [  186,  186,  761,  746,  322,  304,  814,  812,  556,  832,   67,  826,  705,  867,  267,  726,  138,  667,  105,  407,  776,  681,  538,  706,  781,   99,  435,  950,  417,  780,  604,  440,  750,  502,  188,  456,  338,  494,  364,  506,  638,  128,  551,  745,  406,  163,  590,  421,  621,  158,  451,  798,  335,  344,  512,   84,   68,  353,    0,  308,  497,  390,  678,  874,  305,  167,  440,  289,  648,  238,  561,  253,  583,  805,  540,  572,  777,  666,  877,  752,  485,  747],
        [  143,  143,  454,  607,  271,  560,  573,  510,  502,  565,  317,  539,  403,  561,   50,  576,  232,  454,  271,  271,  501,  410,  299,  422,  611,  344,  507,  649,  233,  528,  439,  298,  472,  341,  245,  177,  351,  369,  298,  278,  530,  181,  430,  438,  489,  301,  286,  153,  504,  298,  313,  636,   35,  277,  445,  310,  348,   79,  308,    0,  481,  119,  399,  571,  273,  302,  259,  268,  373,   90,  335,  444,  563,  622,  292,  371,  522,  403,  572,  463,  392,  441],
        [  406,  406,  761,  307,  714,  451,  520,  709,  964,  990,  560,  648,  762,  868,  447,  306,  566,  371,  394,  230,  920,  505,  370,  835,  375,  595,  906,  982,  289,  520,  919,  775,  891,  234,  321,  434,  162,  178,  751,  345,  191,  470,  173,  710,  158,  632,  574,  412,  193,  339,  789,  376,  511,  206,  909,  417,  459,  558,  497,  481,    0,  594,  526,  766,  706,  635,  278,  232,  496,  419,  808,  748, 1014,  412,  388,  311,  965,  473,  796,  859,  130,  765],
        [  253,  253,  390,  689,  233,  665,  608,  480,  423,  453,  380,  534,  322,  488,  166,  656,  280,  512,  375,  375,  392,  429,  357,  318,  681,  400,  474,  563,  327,  556,  329,  208,  364,  431,  360,  223,  469,  467,  243,  346,  624,  267,  525,  389,  607,  333,  262,  217,  597,  409,  222,  709,   85,  392,  366,  409,  440,   42,  390,  119,  594,    0,  410,  536,  242,  332,  350,  387,  392,  205,  217,  464,  491,  686,  345,  442,  407,  432,  526,  363,  496,  372],
        [  492,  492,  271,  415,  641,  847,  212,  183,  817,  566,  704,  149,  315,  362,  423,  378,  628,  200,  604,  344,  501,   32,  168,  427,  364,  735,  883,  479,  296,  156,  670,  604,  476,  294,  533,  226,  512,  349,  653,  201,  422,  561,  364,  208,  638,  699,  165,  259,  395,  596,  616,  397,  391,  424,  762,  647,  696,  411,  678,  399,  526,  410,    0,  242,  648,  700,  285,  470,   33,  444,  526,  842,  890,  350,  155,  218,  573,   62,  271,  423,  398,  286],
        [  692,  692,  184,  618,  760, 1074,  342,   64,  877,  473,  888,  144,  274,  193,  608,  583,  798,  418,  814,  581,  426,  262,  407,  384,  549,  915,  992,  295,  529,  299,  694,  686,  412,  535,  752,  425,  750,  590,  760,  439,  649,  749,  601,  151,  878,  861,  286,  462,  624,  815,  693,  580,  552,  659,  829,  857,  903,  553,  874,  571,  766,  536,  242,    0,  773,  861,  522,  701,  273,  638,  560,  998,  953,  522,  392,  457,  509,  295,   49,  351,  639,  211],
        [  301,  301,  615,  874,   20,  608,  838,  719,  263,  584,  257,  776,  536,  702,  280,  845,  170,  726,  359,  527,  541,  665,  570,  491,  882,  254,  237,  755,  499,  789,  306,  150,  520,  607,  398,  441,  552,  628,   60,  550,  790,  246,  690,  624,  664,  161,  504,  422,  765,  415,  158,  907,  265,  507,  213,  370,  372,  238,  305,  273,  706,  242,  648,  773,    0,  157,  526,  475,  627,  295,  301,  247,  309,  894,  562,  643,  519,  664,  760,  543,  642,  593],
        [  250,  250,  721,  850,  177,  462,  867,  802,  392,  731,  107,  840,  651,  817,  282,  825,   78,  735,  249,  498,  683,  710,  588,  625,  873,   98,  275,  884,  488,  825,  463,  306,  660,  589,  314,  476,  474,  595,  216,  561,  752,  173,  657,  718,  563,    4,  579,  448,  731,  309,  315,  894,  313,  454,  351,  245,  234,  308,  167,  302,  635,  332,  700,  861,  157,    0,  515,  409,  674,  275,  449,  143,  417,  891,  584,  644,  669,  702,  855,  675,  598,  702],
        [  268,  268,  489,  349,  527,  565,  376,  460,  760,  714,  483,  429,  485,  599,  247,  319,  438,  227,  348,   60,  644,  275,  119,  559,  360,  518,  756,  710,   28,  348,  677,  552,  615,   83,  268,  159,  228,  120,  556,   84,  275,  347,  175,  442,  360,  513,  298,  142,  247,  327,  566,  383,  278,  139,  703,  390,  441,  322,  440,  259,  278,  350,  285,  522,  526,  515,    0,  189,  253,  242,  552,  653,  822,  377,  131,  133,  692,  250,  544,  581,  157,  491],
        [  175,  175,  642,  457,  483,  378,  557,  638,  734,  818,  346,  616,  619,  754,  227,  438,  337,  402,  186,  136,  751,  462,  306,  668,  496,  382,  677,  859,  175,  533,  702,  550,  721,  226,  102,  291,   84,  207,  520,  271,  349,  240,  263,  604,  222,  406,  448,  257,  332,  148,  565,  511,  302,   58,  679,  221,  271,  347,  289,  268,  232,  387,  470,  701,  475,  409,  189,    0,  438,  193,  602,  531,  783,  522,  316,  308,  782,  438,  718,  700,  196,  638],
        [  462,  462,  288,  400,  620,  814,  221,  213,  803,  576,  675,  181,  324,  384,  395,  363,  601,  184,  572,  312,  509,   38,  135,  432,  354,  706,  863,  501,  263,  167,  662,  590,  484,  264,  501,  198,  480,  319,  634,  169,  399,  532,  336,  228,  606,  673,  160,  230,  372,  564,  601,  386,  368,  391,  748,  616,  665,  390,  648,  373,  496,  392,   33,  273,  627,  674,  253,  438,    0,  415,  519,  816,  876,  343,  123,  190,  579,   50,  300,  433,  368,  301],
        [   57,   57,  534,  585,  300,  471,  595,  575,  546,  654,  261,  590,  488,  643,   40,  558,  198,  461,  186,  234,  590,  449,  316,  511,  602,  293,  517,  734,  215,  556,  510,  358,  562,  320,  156,  219,  276,  335,  334,  287,  496,  118,  397,  512,  408,  273,  355,  186,  472,  209,  372,  624,  124,  215,  491,  226,  268,  163,  238,   90,  419,  205,  444,  638,  295,  275,  242,  193,  415,    0,  417,  416,  600,  618,  314,  370,  610,  436,  642,  551,  348,  523],
        [  459,  459,  380,  873,  282,  856,  738,  521,  318,  283,  532,  612,  290,  439,  379,  838,  428,  676,  571,  584,  242,  553,  531,  207,  852,  539,  463,  470,  532,  681,  144,  159,  224,  629,  570,  404,  685,  671,  258,  529,  822,  454,  726,  413,  823,  452,  362,  411,  794,  613,  159,  882,  301,  607,  274,  599,  621,  256,  561,  335,  808,  217,  526,  560,  301,  449,  552,  602,  519,  417,    0,  547,  395,  850,  515,  623,  220,  568,  533,  258,  704,  353],
        [  386,  386,  851,  982,  266,  491, 1009,  941,  400,  828,  189,  981,  776,  943,  425,  959,  218,  875,  354,  632,  787,  853,  730,  738, 1009,  154,  217, 1001,  627,  967,  526,  390,  767,  725,  432,  619,  588,  727,  291,  702,  879,  307,  787,  853,  656,  144,  718,  591,  860,  410,  395, 1028,  454,  582,  377,  336,  304,  446,  253,  444,  748,  464,  842,  998,  247,  143,  653,  531,  816,  416,  547,    0,  398, 1028,  727,  783,  761,  845,  990,  789,  725,  831],
        [  609,  609,  774, 1169,  302,  871, 1095,  912,   77,  608,  522,  995,  684,  828,  581, 1138,  464, 1003,  656,  829,  599,  912,  847,  592, 1169,  503,  189,  840,  796, 1042,  275,  286,  592,  904,  704,  713,  860,  929,  267,  832, 1091,  551,  991,  805,  968,  421,  729,  702, 1066,  715,  275, 1196,  546,  814,  128,  659,  649,  507,  583,  563, 1014,  491,  890,  953,  309,  417,  822,  783,  876,  600,  395,  398,    0, 1176,  835,  928,  537,  919,  927,  640,  947,  747],
        [  643,  643,  614,  124,  892,  852,  182,  487, 1108,  915,  854,  378,  664,  691,  620,  109,  814,  175,  705,  399,  850,  318,  330,  774,   40,  890, 1127,  805,  404,  225,  990,  894,  825,  305,  620,  464,  507,  316,  916,  345,  223,  722,  267,  551,  568,  889,  499,  475,  220,  669,  907,   61,  633,  465, 1051,  743,  793,  670,  805,  622,  412,  686,  350,  522,  894,  891,  377,  522,  343,  618,  850, 1028, 1176,    0,  343,  252,  921,  293,  567,  772,  339,  632],
        [  356,  356,  375,  360,  558,  693,  283,  331,  767,  629,  572,  301,  386,  481,  303,  324,  509,  168,  458,  190,  560,  148,   20,  477,  340,  606,  798,  595,  141,  242,  652,  552,  532,  156,  383,  123,  358,  212,  579,   47,  326,  430,  244,  322,  488,  583,  196,  140,  297,  445,  565,  369,  297,  269,  710,  501,  551,  330,  540,  292,  388,  345,  155,  392,  562,  584,  131,  316,  123,  314,  515,  727,  835,  343,    0,  111,  618,  127,  416,  490,  260,  380],
        [  400,  400,  471,  251,  642,  676,  249,  400,  862,  738,  615,  339,  492,  572,  369,  216,  567,   96,  479,  173,  669,  195,   93,  586,  241,  650,  876,  689,  158,  229,  758,  649,  641,   89,  396,  222,  325,  138,  667,   97,  217,  478,  147,  414,  434,  642,  304,  227,  189,  453,  663,  268,  383,  252,  805,  519,  570,  422,  572,  371,  311,  442,  218,  457,  643,  644,  133,  308,  190,  370,  623,  783,  928,  252,  111,    0,  729,  163,  488,  597,  185,  480],
