{
    "name": "random-26-29863",
    "comment": "size=26 seed=29863",
    "nodes": ["+0", "-0", "+1", "-1", "+2", "-2", "+3", "-3", "+4", "-4", "+5", "-5", "+6", "-6", "+7", "-7", "+8", "-8", "+9", "-9", "+10", "-10", "+11", "-11", "+12", "-12", "+13", "-13", "+14", "-14", "+15", "-15", "+16", "-16", "+17", "-17", "+18", "-18", "+19", "-19", "+20", "-20", "+21", "-21", "+22", "-22", "+23", "-23", "+24", "-24", "+25", "-25", "+26", "-26"],
    "precedence": {
        "+0": "-0",
        "+1": "-1",
        "+2": "-2",
        "+3": "-3",
        "+4": "-4",
        "+5": "-5",
        "+6": "-6",
        "+7": "-7",
        "+8": "-8",
        "+9": "-9",
        "+10": "-10",
        "+11": "-11",
        "+12": "-12",
        "+13": "-13",
        "+14": "-14",
        "+15": "-15",
        "+16": "-16",
        "+17": "-17",
        "+18": "-18",
        "+19": "-19",
        "+20": "-20",
        "+21": "-21",
        "+22": "-22",
        "+23": "-23",
        "+24": "-24",
        "+25": "-25",
        "+26": "-26"
    },
    "edges": [
        [    0,    0,  420,  442,  439,  349,  166,  461,  644,  275,  115,  126,  262,  580,  286,  222,  196,  147,  447,  392,  229,  463,  482,  507,  468,  524,  139,  516,  201,  256,  420,  290,  449,   91,  283,  448,  371,  283,  284,  156,  325,  418,  380,  180,  603,  503,  536,  355,  283,  561,  222,  202,  458,  461],
        [    0,    0,  420,  442,  439,  349,  166,  461,  644,  275,  115,  126,  262,  580,  286,  222,  196,  147,  447,  392,  229,  463,  482,  507,  468,  524,  139,  516,  201,  256,  420,  290,  449,   91,  283,  448,  371,  283,  284,  156,  325,  418,  380,  180,  603,  503,  536,  355,  283,  561,  222,  202,  458,  461],
        [  420,  420,    0,  741,  684,  559,  540,  680,  853,  414,  497,  393,  584,  299,  651,  239,  504,  564,  504,  150,  405,  254,  419,  784,  276,  320,  554,  487,  425,  187,  739,  488,  868,  464,  192,  629,  425,  466,  379,  561,  257,   47,   74,  590,  622,  882,  151,  774,  258,  234,  577,  590,  709,  793],
        [  442,  442,  741,    0,  102,  198,  280,  142,  241,  334,  329,  372,  181,  724,  182,  635,  257,  420,  885,  629,  668,  876,  489,   72,  887,  631,  357,  462,  319,  647,  737,  258,  489,  500,  685,  200,  811,  714,  725,  466,  751,  714,  673,  458, 1040,  698,  888,  436,  490,  752,  223,  518,  826,  752],
        [  439,  439,  684,  102,    0,  125,  295,   43,  206,  270,  336,  346,  189,  638,  232,  608,  244,  451,  886,  561,  667,  843,  396,  105,  856,  543,  385,  364,  279,  613,  781,  197,  570,  511,  652,   99,  807,  721,  718,  496,  726,  652,  613,  494, 1042,  764,  833,  507,  427,  671,  243,  552,  860,  803],
        [  349,  349,  559,  198,  125,    0,  237,  126,  311,  146,  262,  240,  150,  527,  230,  494,  162,  396,  788,  437,  572,  725,  299,  227,  738,  435,  331,  284,  165,  495,  730,   74,  580,  431,  535,  100,  706,  630,  617,  437,  612,  528,  488,  443,  945,  744,  709,  503,  303,  555,  200,  496,  794,  759],
        [  166,  166,  540,  280,  295,  237,    0,  325,  498,  239,   53,  151,  107,  630,  121,  379,   85,  161,  606,  471,  389,  623,  466,  348,  630,  555,   94,  478,  163,  404,  495,  208,  382,  221,  436,  330,  533,  435,  448,  204,  488,  527,  486,  207,  760,  514,  673,  293,  335,  630,   58,  261,  566,  523],
        [  461,  461,  680,  142,   43,  126,  325,    0,  187,  268,  362,  361,  220,  615,  272,  619,  266,  484,  906,  551,  688,  850,  369,  130,  863,  520,  417,  332,  288,  620,  816,  199,  612,  537,  660,   66,  825,  744,  736,  528,  737,  646,  607,  528, 1062,  804,  830,  548,  423,  653,  275,  585,  891,  839],
        [  644,  644,  853,  241,  206,  311,  498,  187,    0,  448,  540,  547,  392,  749,  419,  805,  449,  651, 1090,  717,  872, 1034,  497,  173, 1048,  654,  585,  442,  475,  805,  975,  384,  723,  716,  845,  226, 1010,  926,  922,  696,  923,  817,  780,  692, 1247,  938, 1004,  676,  598,  798,  444,  751, 1060,  992],
        [  275,  275,  414,  334,  270,  146,  239,  268,  448,    0,  234,  149,  211,  411,  298,  368,  158,  372,  682,  296,  473,  587,  228,  371,  602,  327,  316,  248,   81,  360,  689,   77,  619,  364,  401,  224,  596,  538,  508,  403,  484,  383,  344,  418,  837,  742,  564,  531,  158,  427,  236,  460,  732,  727],
        [  115,  115,  497,  329,  336,  262,   53,  362,  540,  234,    0,  117,  151,  606,  173,  328,  101,  141,  557,  437,  339,  571,  460,  396,  578,  535,   84,  480,  153,  354,  470,  220,  401,  176,  385,  360,  483,  388,  397,  178,  436,  486,  446,  188,  712,  509,  626,  308,  306,  600,  108,  236,  532,  503],
        [  126,  126,  393,  372,  346,  240,  151,  361,  547,  149,  117,    0,  198,  491,  259,  264,  117,  238,  550,  322,  335,  504,  361,  429,  515,  423,  195,  392,   79,  275,  543,  173,  517,  216,  313,  337,  467,  396,  378,  263,  381,  377,  337,  281,  706,  609,  531,  423,  190,  485,  184,  317,  584,  582],
        [  262,  262,  584,  181,  189,  150,  107,  220,  392,  211,  151,  198,    0,  622,   89,  457,   81,  264,  707,  490,  489,  700,  423,  246,  709,  537,  197,  422,  163,  472,  596,  151,  433,  326,  509,  233,  632,  538,  545,  308,  571,  562,  521,  308,  862,  597,  725,  353,  348,  635,   56,  365,  672,  621],
        [  580,  580,  299,  724,  638,  527,  630,  615,  749,  411,  606,  491,  622,    0,  708,  488,  561,  720,  795,  203,  660,  551,  252,  741,  573,   96,  685,  310,  471,  440,  973,  479, 1007,  655,  463,  551,  711,  727,  651,  735,  545,  256,  261,  759,  920, 1082,  395,  913,  302,   76,  642,  780,  968, 1022],
        [  286,  286,  651,  182,  232,  230,  121,  272,  419,  298,  173,  259,   89,  708,    0,  500,  152,  240,  716,  568,  503,  744,  511,  254,  751,  624,  179,  508,  242,  523,  556,  240,  351,  330,  556,  300,  648,  543,  564,  285,  609,  634,  592,  276,  868,  533,  788,  279,  426,  718,   75,  336,  645,  574],
        [  222,  222,  239,  635,  608,  494,  379,  619,  805,  368,  328,  264,  457,  488,  500,    0,  378,  351,  333,  287,  174,  245,  495,  693,  253,  467,  360,  551,  331,   52,  502,  422,  650,  239,   62,  587,  244,  240,  169,  339,  119,  257,  233,  368,  481,  646,  324,  559,  266,  442,  430,  359,  483,  555],
        [  196,  196,  504,  257,  244,  162,   85,  266,  449,  158,  101,  117,   81,  561,  152,  378,    0,  238,  642,  417,  424,  620,  384,  318,  630,  481,  174,  395,   91,  392,  570,  124,  462,  272,  429,  260,  564,  478,  476,  277,  494,  484,  443,  285,  799,  598,  645,  374,  275,  568,   81,  336,  633,  601],
        [  147,  147,  564,  420,  451,  396,  161,  484,  651,  372,  141,  238,  264,  720,  240,  351,  238,    0,  490,  536,  290,  577,  595,  491,  579,  658,   67,  619,  291,  392,  335,  359,  304,  120,  413,  490,  431,  315,  356,   46,  436,  563,  526,   48,  637,  373,  673,  211,  419,  705,  209,  101,  409,  364],
        [  447,  447,  504,  885,  886,  788,  606,  906, 1090,  682,  557,  550,  707,  795,  716,  333,  642,  490,    0,  604,  219,  297,  827,  953,  279,  790,  539,  883,  627,  367,  384,  722,  704,  387,  336,  886,   89,  175,  174,  450,  251,  541,  535,  472,  157,  581,  493,  638,  598,  737,  663,  423,  286,  436],
        [  392,  392,  150,  629,  561,  437,  471,  551,  717,  296,  437,  322,  490,  203,  568,  287,  417,  536,  604,    0,  458,  392,  270,  664,  412,  187,  509,  338,  328,  241,  772,  372,  833,  460,  269,  496,  518,  526,  453,  546,  355,  106,   81,  571,  738,  888,  294,  738,  143,  170,  496,  587,  766,  822],
        [  229,  229,  405,  668,  667,  572,  389,  688,  872,  473,  339,  335,  489,  660,  503,  174,  424,  290,  219,  458,    0,  314,  641,  735,  310,  633,  330,  691,  413,  224,  336,  507,  552,  176,  214,  670,  145,   70,   68,  257,  182,  428,  406,  284,  375,  498,  461,  471,  414,  615,  446,  249,  309,  391],
        [  463,  463,  254,  876,  843,  725,  623,  850, 1034,  587,  571,  504,  700,  551,  744,  245,  620,  577,  297,  392,  314,    0,  655,  932,   23,  572,  597,  721,  565,  231,  627,  651,  861,  458,  192,  811,  244,  343,  254,  555,  142,  300,  312,  584,  384,  806,  198,  776,  452,  482,  674,  559,  559,  683],
        [  482,  482,  419,  489,  396,  299,  466,  369,  497,  228,  460,  361,  423,  252,  511,  495,  384,  595,  827,  270,  641,  655,    0,  497,  674,  158,  543,   69,  307,  465,  901,  272,  845,  570,  502,  304,  738,  711,  659,  624,  593,  374,  349,  641,  973,  967,  560,  757,  230,  304,  458,  678,  929,  942],
        [  507,  507,  784,   72,  105,  227,  348,  130,  173,  371,  396,  429,  246,  741,  254,  693,  318,  491,  953,  664,  735,  932,  497,    0,  943,  647,  428,  461,  369,  702,  808,  296,  552,  569,  741,  195,  877,  783,  790,  537,  810,  754,  714,  530, 1107,  765,  932,  503,  528,  776,  291,  589,  898,  823],
        [  468,  468,  276,  887,  856,  738,  630,  863, 1048,  602,  578,  515,  709,  573,  751,  253,  630,  579,  279,  412,  310,   23,  674,  943,    0,  593,  601,  740,  577,  244,  617,  664,  859,  460,  204,  825,  231,  334,  247,  555,  144,  321,  332,  584,  362,  798,  219,  775,  469,  504,  681,  556,  545,  672],
        [  524,  524,  320,  631,  543,  435,  555,  520,  654,  327,  535,  423,  537,   96,  624,  467,  481,  658,  790,  187,  633,  572,  158,  647,  593,    0,  617,  218,  393,  425,  931,  391,  935,  605,  455,  456,  703,  703,  635,  677,  542,  273,  263,  699,  924, 1026,  442,  843,  242,  150,  561,  726,  938,  978],
        [  139,  139,  554,  357,  385,  331,   94,  417,  585,  316,   84,  195,  197,  685,  179,  360,  174,   67,  539,  509,  330,  597,  543,  428,  601,  617,    0,  562,  236,  395,  401,  297,  324,  154,  421,  424,  474,  365,  394,  112,  457,  548,  510,  113,  690,  427,  674,  230,  383,  675,  143,  168,  475,  429],
        [  516,  516,  487,  462,  364,  284,  478,  332,  442,  248,  480,  392,  422,  310,  508,  551,  395,  619,  883,  338,  691,  721,   69,  461,  740,  218,  562,    0,  328,  524,  935,  275,  851,  606,  563,  267,  794,  759,  712,  651,  653,  442,  416,  665, 1031,  988,  628,  767,  286,  367,  462,  707,  970,  973],
        [  201,  201,  425,  319,  279,  165,  163,  288,  475,   81,  153,   79,  163,  471,  242,  331,   91,  291,  627,  328,  413,  565,  307,  369,  577,  393,  236,  328,    0,  335,  611,   95,  545,  289,  374,  260,  543,  475,  455,  323,  449,  401,  360,  337,  783,  662,  570,  454,  186,  477,  172,  380,  658,  647],
        [  256,  256,  187,  647,  613,  495,  404,  620,  805,  360,  354,  275,  472,  440,  523,   52,  392,  392,  367,  241,  224,  231,  465,  702,  244,  425,  395,  524,  335,    0,  554,  421,  694,  284,   42,  583,  280,  289,  212,  383,  130,  205,  183,  413,  510,  696,  281,  602,  241,  393,  451,  407,  532,  607],
        [  420,  420,  739,  737,  781,  730,  495,  816,  975,  689,  470,  543,  596,  973,  556,  502,  570,  335,  384,  772,  336,  627,  901,  808,  617,  931,  401,  935,  611,  554,    0,  689,  376,  331,  549,  824,  391,  287,  380,  293,  512,  758,  732,  289,  471,  199,  794,  347,  693,  938,  541,  235,  127,   56],
        [  290,  290,  488,  258,  197,   74,  208,  199,  384,   77,  220,  173,  151,  479,  240,  422,  124,  359,  722,  372,  507,  651,  272,  296,  664,  391,  297,  275,   95,  421,  689,    0,  577,  376,  461,  166,  638,  568,  549,  397,  540,  459,  419,  406,  878,  721,  637,  493,  234,  500,  188,  455,  744,  722],
        [  449,  449,  868,  489,  570,  580,  382,  612,  723,  619,  401,  517,  433, 1007,  351,  650,  462,  304,  704,  833,  552,  861,  845,  552,  859,  935,  324,  851,  545,  694,  376,  577,    0,  412,  711,  649,  673,  548,  618,  312,  721,  866,  829,  282,  825,  240,  974,   95,  706,  999,  390,  303,  500,  358],
        [   91,   91,  464,  500,  511,  431,  221,  537,  716,  364,  176,  216,  326,  655,  330,  239,  272,  120,  387,  460,  176,  458,  570,  569,  460,  605,  154,  606,  289,  284,  331,  376,  412,    0,  300,  530,  320,  214,  241,  100,  317,  470,  437,  130,  540,  429,  563,  322,  365,  630,  278,  128,  369,  375],
        [  283,  283,  192,  685,  652,  535,  436,  660,  845,  401,  385,  313,  509,  463,  556,   62,  429,  413,  336,  269,  214,  192,  502,  741,  204,  455,  421,  563,  374,   42,  549,  461,  711,  300,    0,  624,  250,  275,  190,  400,   92,  218,  203,  429,  474,  700,  264,  621,  280,  411,  485,  418,  518,  603],
        [  448,  448,  629,  200,   99,  100,  330,   66,  226,  224,  360,  337,  233,  551,  300,  587,  260,  490,  886,  496,  670,  811,  304,  195,  825,  456,  424,  267,  260,  583,  824,  166,  649,  530,  624,    0,  803,  730,  714,  533,  704,  593,  556,  536, 1043,  828,  779,  578,  373,  591,  287,  591,  892,  851],
        [  371,  371,  425,  811,  807,  706,  533,  825, 1010,  596,  483,  467,  632,  711,  648,  244,  564,  431,   89,  518,  145,  244,  738,  877,  231,  703,  474,  794,  543,  280,  391,  638,  673,  320,  250,  803,    0,  126,   89,  395,  168,  460,  450,  420,  242,  579,  431,  599,  509,  655,  590,  377,  315,  445],
        [  283,  283,  466,  714,  721,  630,  435,  744,  926,  538,  388,  396,  538,  727,  543,  240,  478,  315,  175,  526,   70,  343,  711,  783,  334,  703,  365,  759,  475,  289,  287,  568,  548,  214,  275,  730,  126,    0,   93,  277,  225,  491,  472,  299,  326,  464,  507,  474,  483,  681,  492,  253,  244,  343],
        [  284,  284,  379,  725,  718,  617,  448,  736,  922,  508,  397,  378,  545,  651,  564,  169,  476,  356,  174,  453,   68,  254,  659,  790,  247,  635,  394,  712,  455,  212,  380,  549,  618,  241,  190,  714,   89,   93,    0,  325,  133,  408,  392,  351,  329,  553,  415,  538,  429,  601,  504,  316,  332,  435],
        [  156,  156,  561,  466,  496,  437,  204,  528,  696,  403,  178,  263,  308,  735,  285,  339,  277,   46,  450,  546,  257,  555,  624,  537,  555,  677,  112,  651,  323,  383,  293,  397,  312,  100,  400,  533,  395,  277,  325,    0,  414,  565,  530,   30,  596,  349,  663,  222,  437,  715,  254,   59,  364,  326],
        [  325,  325,  257,  751,  726,  612,  488,  737,  923,  484,  436,  381,  571,  545,  609,  119,  494,  436,  251,  355,  182,  142,  593,  810,  144,  542,  457,  653,  449,  130,  512,  540,  721,  317,   92,  704,  168,  225,  133,  414,    0,  292,  285,  443,  384,  679,  283,  635,  370,  487,  541,  420,  463,  567],
        [  418,  418,   47,  714,  652,  528,  527,  646,  817,  383,  486,  377,  562,  256,  634,  257,  484,  563,  541,  106,  428,  300,  374,  754,  321,  273,  548,  442,  401,  205,  758,  459,  866,  470,  218,  593,  460,  491,  408,  565,  292,    0,   42,  593,  664,  894,  190,  772,  226,  196,  559,  597,  735,  811],
        [  380,  380,   74,  673,  613,  488,  486,  607,  780,  344,  446,  337,  521,  261,  592,  233,  443,  526,  535,   81,  406,  312,  349,  714,  332,  263,  510,  416,  360,  183,  732,  419,  829,  437,  203,  556,  450,  472,  392,  530,  285,   42,    0,  557,  663,  863,  225,  734,  186,  210,  518,  564,  715,  784],
        [  180,  180,  590,  458,  494,  443,  207,  528,  692,  418,  188,  281,  308,  759,  276,  368,  285,   48,  472,  571,  284,  584,  641,  530,  584,  699,  113,  665,  337,  413,  289,  406,  282,  130,  429,  536,  420,  299,  351,   30,  443,  593,  557,    0,  615,  328,  692,  193,  460,  741,  253,   60,  369,  317],
        [  603,  603,  622, 1040, 1042,  945,  760, 1062, 1247,  837,  712,  706,  862,  920,  868,  481,  799,  637,  157,  738,  375,  384,  973, 1107,  362,  924,  690, 1031,  783,  510,  471,  878,  825,  540,  474, 1043,  242,  326,  329,  596,  384,  664,  663,  615,    0,  669,  579,  768,  746,  856,  817,  561,  351,  515],
        [  503,  503,  882,  698,  764,  744,  514,  804,  938,  742,  509,  609,  597, 1082,  533,  646,  598,  373,  581,  888,  498,  806,  967,  765,  798, 1026,  427,  988,  662,  696,  199,  721,  240,  429,  700,  828,  579,  464,  553,  349,  679,  894,  863,  328,  669,    0,  957,  263,  785, 1058,  544,  303,  319,  156],
        [  536,  536,  151,  888,  833,  709,  673,  830, 1004,  564,  626,  531,  725,  395,  788,  324,  645,  673,  493,  294,  461,  198,  560,  932,  219,  442,  674,  628,  570,  281,  794,  637,  974,  563,  264,  779,  431,  507,  415,  663,  283,  190,  225,  692,  579,  957,    0,  882,  408,  320,  714,  681,  741,  849],
        [  355,  355,  774,  436,  507,  503,  293,  548,  676,  531,  308,  423,  353,  913,  279,  559,  374,  211,  638,  738,  471,  776,  757,  503,  775,  843,  230,  767,  454,  602,  347,  493,   95,  322,  621,  578,  599,  474,  538,  222,  635,  772,  734,  193,  768,  263,  882,    0,  612,  905,  306,  223,  464,  344],
        [  283,  283,  258,  490,  427,  303,  335,  423,  598,  158,  306,  190,  348,  302,  426,  266,  275,  419,  598,  143,  414,  452,  230,  528,  469,  242,  383,  286,  186,  241,  693,  234,  706,  365,  280,  373,  509,  483,  429,  437,  370,  226,  186,  460,  746,  785,  408,  612,    0,  296,  355,  485,  708,  738],
        [  561,  561,  234,  752,  671,  555,  630,  653,  798,  427,  600,  485,  635,   76,  718,  442,  568,  705,  737,  170,  615,  482,  304,  776,  504,  150,  675,  367,  477,  393,  938,  500,  999,  630,  411,  591,  655,  681,  601,  715,  487,  196,  210,  741,  856, 1058,  320,  905,  296,    0,  648,  756,  924,  989],
        [  222,  222,  577,  223,  243,  200,   58,  275,  444,  236,  108,  184,   56,  642,   75,  430,   81,  209,  663,  496,  446,  674,  458,  291,  681,  561,  143,  462,  172,  451,  541,  188,  390,  278,  485,  287,  590,  492,  504,  254,  541,  559,  518,  253,  817,  544,  714,  306,  355,  648,    0,  310,  618,  566],
        [  202,  202,  590,  518,  552,  496,  261,  585,  751,  460,  236,  317,  365,  780,  336,  359,  336,  101,  423,  587,  249,  559,  678,  589,  556,  726,  168,  707,  380,  407,  235,  455,  303,  128,  418,  591,  377,  253,  316,   59,  420,  597,  564,   60,  561,  303,  681,  223,  485,  756,  310,    0,  310,  268],
        [  458,  458,  709,  826,  860,  794,  566,  891, 1060,  732,  532,  584,  672,  968,  645,  483,  633,  409,  286,  766,  309,  559,  929,  898,  545,  938,  475,  970,  658,  532,  127,  744,  500,  369,  518,  892,  315,  244,  332,  364,  463,  735,  715,  369,  351,  319,  741,  464,  708,  924,  618,  310,    0,  165],
        [  461,  461,  793,  752,  803,  759,  523,  839,  992,  727,  503,  582,  621, 1022,  574,  555,  601,  364,  436,  822,  391,  683,  942,  823,  672,  978,  429,  973,  647,  607,   56,  722,  358,  375,  603,  851,  445,  343,  435,  326,  567,  811,  784,  317,  515,  156,  849,  344,  738,  989,  566,  268,  165,    0]
    ]
}
