{
    "name": "random-43-4278",
    "comment": "size=43 seed=4278",
    "nodes": ["+0", "-0", "+1", "-1", "+2", "-2", "+3", "-3", "+4", "-4", "+5", "-5", "+6", "-6", "+7", "-7", "+8", "-8", "+9", "-9", "+10", "-10", "+11", "-11", "+12", "-12", "+13", "-13", "+14", "-14", "+15", "-15", "+16", "-16", "+17", "-17", "+18", "-18", "+19", "-19", "+20", "-20", "+21", "-21", "+22", "-22", "+23", "-23", "+24", "-24", "+25", "-25", "+26", "-26", "+27", "-27", "+28", "-28", "+29", "-29", "+30", "-30", "+31", "-31", "+32", "-32", "+33", "-33", "+34", "-34", "+35", "-35", "+36", "-36", "+37", "-37", "+38", "-38", "+39", "-39", "+40", "-40", "+41", "-41", "+42", "-42", "+43", "-43"],
    "precedence": {
        "+0": "-0",
        "+1": "-1",
        "+2": "-2",
        "+3": "-3",
        "+4": "-4",
        "+5": "-5",
        "+6": "-6",
        "+7": "-7",
        "+8": "-8",
        "+9": "-9",
        "+10": "-10",
        "+11": "-11",
        "+12": "-12",
        "+13": "-13",
        "+14": "-14",
        "+15": "-15",
        "+16": "-16",
        "+17": "-17",
        "+18": "-18",
        "+19": "-19",
        "+20": "-20",
        "+21": "-21",
        "+22": "-22",
        "+23": "-23",
        "+24": "-24",
        "+25": "-25",
        "+26": "-26",
        "+27": "-27",
        "+28": "-28",
        "+29": "-29",
        "+30": "-30",
        "+31": "-31",
        "+32": "-32",
        "+33": "-33",
        "+34": "-34",
        "+35": "-35",
        "+36": "-36",
        "+37": "-37",
        "+38": "-38",
        "+39": "-39",
        "+40": "-40",
        "+41": "-41",
        "+42": "-42",
        "+43": "-43"
    },
    "edges": [
        [    0,    0,  666,  443,  223,  387,   42,  539,  351,  163,  618,   44,  594,   97,  518,  285,  283,   82,  234,   24,  282,  169,  303,  580,  384,  432,  482,  569,  663,  240,  574,  536,  586,  222,  108,  631,  503,  259,   59,  548,  655,  305,  482,  446,  108,  142,  587,  265,  569,  305,  168,  518,  340,  589,  457,  550,   85,  358,  511,  467,  423,  134,  358,  318,  279,  424,  443,  344,  236,  663,  658,  682,  623,  493,  613,  603,  570,  445,  348,  132,  527,  463,  533,  431,  376,  523,  676,  632],
        [    0,    0,    0,    0,    0,    0,    0,    0,    0,    0,    0,    0,    0,    0,    0,    0,    0,    0,    0,    0,    0,    0,    0,    0,    0,    0,    0,    0,    0,    0,    0,    0,    0,    0,    0,    0,    0,    0,    0,    0,    0,    0,    0,    0,    0,    0,    0,    0,    0,    0,    0,    0,    0,    0,    0,    0,    0,    0,    0,    0,    0,    0,    0,    0,    0,    0,    0,    0,    0,    0,    0,    0,    0,    0,    0,    0,    0,    0,    0,    0,    0,    0,    0,    0,    0,    0,    0,    0],
        [  666,    0,    0,  234,  536,  301,  626, 1101,  995,  828,  669,  629,  161,  642, 1105,  648,  940,  689,  500,  672,  725,  828,  803,  166, 1049, 1010,  962, 1033,   42,  456, 1203,  142,  312,  468,  688, 1159,  934,  472,  612, 1123,  969,  970, 1102,  999,  715,  626,  217,  928,  110,  488,  826,  613,  586,  685, 1106,  148,  685,  334,  563,  239,  621,  794,  789,  796,  937,  972,  886,  813,  852,  930, 1196,  963, 1137, 1001,  640,  981,  661,  248,  960,  591,  352, 1080, 1058,  880, 1037, 1072, 1238,  994],
        [  443,    0,  234,    0,  303,   69,  402,  870,  784,  602,  517,  410,  161,  435,  872,  421,  723,  458,  267,  452,  496,  610,  572,  147,  824,  777,  737,  812,  224,  267,  969,  143,  231,  235,  456,  932,  714,  240,  387,  891,  772,  744,  868,  767,  483,  429,  175,  707,  164,  263,  597,  438,  450,  521,  873,  174,  454,  177,  393,   56,  419,  574,  631,  566,  708,  792,  663,  584,  619,  741,  968,  773,  911,  774,  492,  772,  495,  148,  726,  389,  221,  846,  830,  724,  818,  841, 1008,  788],
        [  223,    0,  536,  303,    0,  235,  187,  569,  564,  347,  411,  217,  425,  280,  570,  137,  490,  191,   38,  243,  199,  380,  271,  412,  561,  475,  445,  525,  521,  264,  670,  434,  381,   93,  177,  635,  434,   64,  171,  589,  534,  478,  569,  466,  206,  308,  403,  460,  461,   84,  329,  309,  458,  388,  583,  459,  185,  317,  294,  304,  225,  347,  551,  268,  433,  644,  378,  289,  325,  523,  669,  549,  616,  477,  401,  510,  366,  377,  428,  271,  317,  546,  532,  634,  573,  541,  707,  533],
        [  387,    0,  301,   69,  235,    0,  346,  802,  734,  544,  474,  357,  207,  390,  805,  353,  669,  396,  199,  399,  428,  556,  504,  193,  766,  710,  669,  745,  288,  240,  903,  207,  235,  172,  392,  864,  648,  172,  330,  823,  711,  684,  802,  699,  420,  390,  206,  651,  231,  196,  536,  388,  440,  473,  809,  237,  392,  182,  346,   81,  359,  520,  606,  498,  647,  756,  596,  517,  554,  683,  900,  714,  843,  706,  451,  708,  447,  187,  660,  348,  205,  780,  762,  699,  763,  773,  940,  725],
        [   42,    0,  626,  402,  187,  346,    0,  558,  393,  202,  590,   35,  553,  105,  540,  264,  325,   89,  195,   58,  273,  211,  305,  538,  424,  452,  488,  575,  623,  210,  604,  498,  544,  180,  109,  646,  503,  220,   18,  569,  647,  344,  509,  461,  119,  145,  545,  306,  530,  267,  203,  489,  334,  562,  491,  513,   89,  323,  478,  426,  396,  176,  377,  316,  315,  457,  443,  343,  259,  651,  674,  671,  636,  502,  582,  600,  543,  409,  372,  123,  487,  490,  546,  455,  418,  539,  696,  628],
        [  539,    0, 1101,  870,  569,  802,  558,    0,  550,  431,  661,  580,  976,  629,   58,  457,  493,  470,  606,  552,  378,  495,  299,  964,  401,  107,  178,  181, 1083,  763,  196, 1001,  887,  649,  455,  106,  244,  631,  562,   33,  399,  381,  148,  104,  439,  674,  941,  448, 1029,  615,  399,  615,  872,  617,  252, 1025,  470,  861,  651,  865,  539,  503,  822,  307,  343,  757,  253,  294,  304,  456,  123,  445,  118,  127,  680,  310,  619,  936,  203,  670,  818,  140,   80,  856,  476,   38,  140,  335],
        [  351,    0,  995,  784,  564,  734,  393,  550,    0,  229,  921,  377,  940,  354,  500,  579,   81,  377,  582,  337,  533,  185,  499,  926,  162,  466,  606,  676,  998,  541,  459,  858,  936,  573,  397,  656,  660,  609,  410,  539,  844,  173,  417,  508,  371,  373,  936,  126,  891,  648,  261,  828,  503,  885,  325,  864,  383,  666,  832,  814,  727,  219,  350,  523,  224,  213,  614,  542,  345,  876,  664,  883,  666,  585,  922,  766,  871,  756,  372,  405,  877,  415,  593,  342,   89,  558,  649,  798],
        [  163,    0,  828,  602,  347,  544,  202,  431,  229,    0,  693,  203,  750,  222,  397,  351,  149,  156,  369,  162,  308,   72,  285,  735,  223,  327,  426,  507,  824,  399,  427,  699,  726,  373,  173,  532,  468,  398,  217,  432,  644,  143,  343,  354,  145,  263,  737,  114,  732,  429,   39,  600,  453,  657,  301,  713,  162,  519,  605,  623,  499,   73,  395,  307,  120,  375,  414,  329,  145,  667,  553,  679,  532,  420,  694,  575,  643,  608,  229,  274,  663,  328,  446,  439,  227,  424,  559,  606],
        [  618,    0,  669,  517,  411,  474,  590,  661,  921,  693,    0,  622,  509,  689,  696,  344,  841,  559,  420,  641,  392,  748,  447,  505,  864,  622,  483,  510,  634,  648,  837,  650,  362,  473,  534,  663,  421,  412,  576,  692,  351,  788,  747,  583,  556,  719,  454,  800,  660,  348,  661,  102,  856,   45,  813,  684,  553,  646,  130,  471,  197,  721,  961,  425,  731, 1039,  411,  417,  596,  294,  701,  327,  631,  535,   31,  403,   51,  659,  643,  681,  319,  725,  587, 1043,  903,  624,  761,  400],
        [   44,    0,  629,  410,  217,  357,   35,  580,  377,  203,  622,    0,  564,   70,  560,  299,  314,  116,  221,   43,  306,  200,  336,  550,  421,  474,  517,  604,  628,  197,  617,  498,  564,  199,  139,  671,  535,  244,   47,  590,  681,  345,  525,  486,  145,  111,  559,  300,  530,  295,  211,  521,  303,  596,  499,  510,  118,  316,  510,  438,  430,  165,  343,  348,  320,  429,  475,  375,  279,  685,  698,  705,  662,  530,  615,  633,  576,  405,  390,   93,  509,  506,  572,  421,  409,  563,  718,  661],
        [  594,    0,  161,  161,  425,  207,  553,  976,  940,  750,  509,  564,    0,  593,  985,  519,  876,  599,  392,  605,  599,  763,  679,   15,  971,  891,  826,  893,  126,  427, 1093,  191,  152,  377,  593, 1025,  792,  363,  537,  999,  815,  889,  992,  874,  621,  589,   57,  858,  182,  362,  741,  456,  601,  526, 1007,  221,  595,  327,  405,  127,  472,  727,  788,  669,  850,  952,  748,  683,  749,  774, 1063,  807, 1001,  868,  480,  832,  502,  268,  851,  548,  193,  969,  926,  881,  970,  944, 1108,  843],
        [   97,    0,  642,  435,  280,  390,  105,  629,  354,  222,  689,   70,  593,    0,  604,  368,  301,  178,  280,   79,  375,  196,  400,  579,  424,  522,  578,  665,  645,  190,  648,  505,  609,  247,  203,  723,  600,  299,  116,  636,  749,  354,  560,  538,  204,   47,  595,  298,  538,  355,  241,  588,  245,  664,  523,  513,  181,  315,  574,  469,  498,  165,  274,  414,  341,  374,  540,  440,  325,  755,  749,  774,  717,  588,  680,  699,  643,  405,  433,   55,  557,  544,  627,  354,  400,  615,  764,  727],
        [  518,    0, 1105,  872,  570,  805,  540,   58,  500,  397,  696,  560,  985,  604,    0,  468,  447,  454,  606,  529,  387,  459,  307,  972,  348,   95,  218,  235, 1089,  749,  146, 1000,  904,  646,  442,  157,  286,  633,  546,   39,  451,  334,   92,  117,  423,  649,  953,  403, 1028,  623,  368,  644,  845,  652,  196, 1022,  454,  851,  677,  870,  562,  469,  784,  319,  300,  709,  286,  310,  282,  506,  165,  496,  174,  168,  713,  361,  653,  929,  172,  648,  834,   86,  131,  813,  424,   86,  162,  387],
        [  285,    0,  648,  421,  137,  353,  264,  457,  579,  351,  344,  299,  519,  368,  468,    0,  499,  217,  171,  308,   82,  404,  162,  507,  537,  375,  316,  393,  628,  395,  585,  559,  439,  229,  191,  512,  299,  190,  253,  481,  401,  457,  484,  356,  212,  406,  485,  460,  583,  160,  321,  250,  578,  310,  520,  586,  211,  453,  258,  410,  149,  378,  640,  151,  403,  699,  245,  165,  272,  395,  548,  419,  491,  354,  344,  374,  294,  511,  352,  375,  370,  461,  411,  716,  567,  426,  591,  397],
        [  283,    0,  940,  723,  490,  669,  325,  493,   81,  149,  841,  314,  876,  301,  447,  499,    0,  300,  509,  272,  453,  114,  420,  862,  141,  402,  534,  607,  940,  490,  426,  805,  865,  504,  320,  599,  586,  537,  341,  485,  768,  114,  369,  441,  293,  328,  869,   49,  838,  573,  181,  749,  482,  805,  289,  814,  306,  615,  754,  750,  648,  149,  358,  443,  155,  265,  538,  463,  267,  798,  611,  806,  606,  516,  842,  693,  791,  706,  304,  355,  804,  364,  529,  371,   99,  497,  602,  724],
        [   82,    0,  689,  458,  191,  396,   89,  470,  377,  156,  559,  116,  599,  178,  454,  217,  300,    0,  214,  103,  204,  194,  222,  585,  374,  364,  402,  489,  681,  295,  524,  567,  570,  224,   28,  558,  422,  243,   93,  482,  575,  291,  428,  373,   32,  223,  584,  270,  598,  274,  142,  461,  418,  527,  418,  585,    7,  402,  460,  473,  363,  164,  436,  237,  251,  482,  362,  263,  174,  585,  586,  603,  548,  415,  556,  522,  510,  485,  288,  208,  507,  407,  458,  505,  383,  451,  609,  551],
        [  234,    0,  500,  267,   38,  199,  195,  606,  582,  369,  420,  221,  392,  280,  606,  171,  509,  214,    0,  253,  236,  398,  308,  379,  587,  512,  482,  562,  486,  239,  705,  397,  357,   62,  204,  672,  470,   30,  178,  626,  565,  504,  604,  503,  232,  303,  373,  482,  424,   76,  355,  319,  440,  401,  615,  421,  209,  283,  298,  270,  243,  364,  545,  305,  461,  650,  414,  326,  358,  550,  707,  577,  653,  514,  408,  544,  378,  341,  462,  263,  296,  581,  569,  631,  596,  578,  744,  565],
        [   24,    0,  672,  452,  243,  399,   58,  552,  337,  162,  641,   43,  605,   79,  529,  308,  272,  103,  253,    0,  305,  158,  324,  591,  378,  445,  501,  587,  671,  237,  580,  541,  602,  237,  130,  646,  524,  277,   75,  560,  677,  302,  489,  461,  127,  124,  600,  257,  573,  325,  172,  541,  323,  612,  460,  553,  107,  358,  533,  479,  446,  123,  335,  339,  280,  402,  464,  365,  249,  686,  672,  704,  639,  510,  635,  624,  593,  447,  358,  120,  544,  472,  549,  408,  367,  537,  689,  653],
        [  282,    0,  725,  496,  199,  428,  273,  378,  533,  308,  392,  306,  599,  375,  387,   82,  453,  204,  236,  305,    0,  370,   81,  587,  474,  294,  247,  329,  706,  438,  504,  631,  520,  288,  176,  437,  242,  259,  266,  401,  375,  397,  404,  276,  187,  417,  566,  411,  657,  238,  273,  307,  603,  353,  444,  656,  199,  511,  324,  488,  208,  349,  639,   71,  340,  673,  183,   90,  206,  382,  473,  400,  418,  279,  397,  331,  342,  575,  274,  393,  451,  380,  335,  707,  511,  347,  513,  357],
        [  169,    0,  828,  610,  380,  556,  211,  495,  185,   72,  748,  200,  763,  196,  459,  404,  114,  194,  398,  158,  370,    0,  353,  748,  229,  393,  497,  578,  828,  383,  473,  695,  753,  391,  217,  598,  539,  425,  228,  495,  714,  163,  397,  423,  193,  229,  755,  103,  728,  464,  110,  652,  406,  714,  341,  705,  201,  508,  653,  636,  552,   36,  328,  375,  164,  306,  485,  398,  217,  736,  617,  748,  600,  490,  747,  646,  698,  598,  294,  250,  693,  385,  515,  369,  209,  491,  620,  676],
        [  303,    0,  803,  572,  271,  504,  305,  299,  499,  285,  447,  336,  679,  400,  307,  162,  420,  222,  308,  324,   81,  353,    0,  666,  419,  213,  186,  272,  785,  491,  425,  704,  600,  356,  198,  365,  201,  333,  303,  322,  363,  348,  325,  197,  197,  445,  647,  374,  731,  317,  247,  371,  638,  406,  372,  729,  219,  575,  394,  566,  276,  339,  649,   24,  290,  659,  141,   45,  156,  383,  399,  396,  348,  210,  456,  302,  398,  644,  200,  427,  531,  302,  262,  709,  465,  270,  436,  332],
        [  580,    0,  166,  147,  412,  193,  538,  964,  926,  735,  505,  550,   15,  579,  972,  507,  862,  585,  379,  591,  587,  748,  666,    0,  957,  878,  815,  882,  132,  413, 1080,  184,  151,  363,  579, 1014,  782,  349,  522,  987,  807,  875,  979,  862,  607,  575,   57,  843,  177,  350,  727,  449,  589,  520,  994,  215,  581,  314,  399,  113,  462,  713,  775,  657,  836,  938,  737,  671,  736,  767, 1051,  800,  990,  857,  476,  823,  496,  258,  838,  534,  187,  956,  915,  868,  956,  932, 1097,  834],
        [  384,    0, 1049,  824,  561,  766,  424,  401,  162,  223,  864,  421,  971,  424,  348,  537,  141,  374,  587,  378,  474,  229,  419,  957,    0,  330,  485,  545, 1046,  611,  297,  918,  941,  595,  385,  505,  547,  616,  438,  386,  732,   83,  261,  375,  356,  457,  958,  127,  951,  641,  233,  780,  622,  824,  164,  930,  379,  734,  794,  845,  680,  261,  496,  443,  135,  375,  509,  457,  269,  772,  510,  774,  519,  455,  870,  649,  814,  824,  248,  478,  877,  262,  453,  500,   77,  414,  490,  679],
        [  432,    0, 1010,  777,  475,  710,  452,  107,  466,  327,  622,  474,  891,  522,   95,  375,  402,  364,  512,  445,  294,  393,  213,  878,  330,    0,  165,  216,  994,  659,  218,  905,  812,  552,  350,  206,  233,  538,  457,  118,  414,  294,  127,   48,  333,  568,  859,  355,  934,  529,  294,  562,  766,  578,  209,  927,  365,  759,  593,  776,  476,  398,  720,  227,  248,  666,  216,  220,  197,  462,  228,  458,  207,  127,  637,  326,  576,  836,  101,  564,  743,  105,  128,  758,  400,   98,  245,  356],
        [  482,    0,  962,  737,  445,  669,  488,  178,  606,  426,  483,  517,  826,  578,  218,  316,  534,  402,  482,  501,  247,  497,  186,  815,  485,  165,    0,   88,  940,  676,  363,  874,  725,  534,  380,  200,   70,  503,  487,  210,  250,  435,  285,  118,  374,  624,  787,  486,  899,  475,  388,  440,  820,  439,  374,  901,  400,  756,  479,  723,  371,  492,  814,  180,  382,  792,   80,  157,  281,  297,  238,  294,  176,   52,  502,  165,  442,  821,  238,  609,  658,  266,  107,  865,  549,  141,  290,  195],
        [  569,    0, 1033,  812,  525,  745,  575,  181,  676,  507,  510,  604,  893,  665,  235,  393,  607,  489,  562,  587,  329,  578,  272,  882,  545,  216,   88,    0, 1009,  761,  376,  951,  784,  616,  467,  153,  101,  582,  574,  213,  219,  504,  318,  170,  461,  711,  851,  559,  975,  549,  470,  483,  907,  467,  417,  978,  487,  839,  527,  795,  427,  575,  898,  265,  453,  869,  149,  241,  363,  278,  191,  264,  121,   92,  533,  130,  475,  902,  305,  696,  718,  303,  104,  946,  614,  150,  252,  154],
        [  663,    0,   42,  224,  521,  288,  623, 1083,  998,  824,  634,  628,  126,  645, 1089,  628,  940,  681,  486,  671,  706,  828,  785,  132, 1046,  994,  940, 1009,    0,  463, 1190,  158,  274,  458,  679, 1138,  909,  457,  608, 1106,  939,  966, 1089,  981,  706,  632,  180,  927,  129,  469,  820,  581,  604,  651, 1096,  172,  677,  344,  530,  219,  593,  793,  805,  777,  931,  984,  863,  793,  841,  898, 1175,  932, 1115,  980,  604,  954,  627,  263,  947,  595,  318, 1066, 1038,  896, 1037, 1053, 1218,  965],
        [  240,    0,  456,  267,  264,  240,  210,  763,  541,  399,  648,  197,  427,  190,  749,  395,  490,  295,  239,  237,  438,  383,  491,  413,  611,  659,  676,  761,  463,    0,  813,  318,  474,  179,  309,  847,  679,  239,  203,  776,  796,  537,  719,  665,  326,  170,  439,  486,  351,  302,  408,  549,  211,  634,  696,  324,  295,  126,  520,  312,  481,  350,  367,  497,  516,  527,  620,  522,  468,  786,  877,  812,  835,  698,  632,  765,  610,  216,  582,  136,  437,  700,  746,  460,  589,  743,  903,  789],
        [  574,    0, 1203,  969,  670,  903,  604,  196,  459,  427,  837,  617, 1093,  648,  146,  585,  426,  524,  705,  580,  504,  473,  425, 1080,  297,  218,  363,  376, 1190,  813,    0, 1088, 1023,  736,  519,  268,  432,  733,  613,  165,  594,  319,  102,  255,  495,  689, 1065,  392, 1118,  732,  409,  780,  877,  793,  137, 1107,  527,  926,  810,  973,  693,  493,  782,  441,  310,  672,  428,  437,  353,  650,  255,  640,  294,  313,  853,  505,  793, 1009,  243,  697,  954,  125,  274,  795,  372,  229,  214,  530],
        [  536,    0,  142,  143,  434,  207,  498, 1001,  858,  699,  650,  498,  191,  505, 1000,  559,  805,  567,  397,  541,  631,  695,  704,  184,  918,  905,  874,  951,  158,  318, 1088,    0,  325,  354,  570, 1067,  855,  372,  485, 1021,  915,  841,  989,  898,  595,  487,  238,  796,   34,  403,  700,  577,  447,  657,  985,   34,  564,  194,  530,  180,  561,  660,  649,  701,  812,  831,  802,  720,  736,  883, 1102,  915, 1048,  909,  624,  914,  632,  107,  847,  453,  339,  967,  965,  740,  903,  974, 1140,  931],
        [  586,    0,  312,  231,  381,  235,  544,  887,  936,  726,  362,  564,  152,  609,  904,  439,  865,  570,  357,  602,  520,  753,  600,  151,  941,  812,  725,  784,  274,  474, 1023,  325,    0,  366,  557,  924,  683,  329,  528,  913,  684,  859,  923,  789,  586,  616,   96,  839,  324,  302,  709,  320,  674,  383,  953,  358,  564,  406,  270,  176,  357,  718,  840,  586,  812,  981,  646,  595,  697,  637,  963,  671,  898,  772,  332,  710,  360,  375,  788,  573,   70,  899,  830,  932,  952,  853, 1013,  717],
        [  222,    0,  468,  235,   93,  172,  180,  649,  573,  373,  473,  199,  377,  247,  646,  229,  504,  224,   62,  237,  288,  391,  356,  363,  595,  552,  534,  616,  458,  179,  736,  354,  366,    0,  221,  720,  526,   62,  164,  668,  625,  513,  636,  547,  248,  263,  366,  483,  384,  126,  365,  373,  384,  456,  639,  376,  220,  225,  348,  250,  302,  356,  502,  355,  475,  621,  469,  377,  385,  611,  754,  638,  703,  564,  459,  603,  433,  289,  494,  221,  311,  614,  617,  591,  595,  623,  789,  625],
        [  108,    0,  688,  456,  177,  392,  109,  455,  397,  173,  534,  139,  593,  203,  442,  191,  320,   28,  204,  130,  176,  217,  198,  579,  385,  350,  380,  467,  679,  309,  519,  570,  557,  221,    0,  540,  397,  233,  109,  468,  548,  302,  421,  356,   29,  248,  576,  287,  600,  258,  153,  437,  441,  501,  418,  589,   23,  411,  437,  468,  337,  188,  463,  211,  258,  508,  337,  237,  167,  557,  569,  575,  529,  395,  531,  496,  484,  491,  280,  230,  493,  400,  440,  532,  399,  434,  594,  524],
        [  631,    0, 1159,  932,  635,  864,  646,  106,  656,  532,  663,  671, 1025,  723,  157,  512,  599,  558,  672,  646,  437,  598,  365, 1014,  505,  206,  200,  153, 1138,  847,  268, 1067,  924,  720,  540,    0,  247,  695,  648,  120,  359,  487,  247,  185,  527,  769,  986,  554, 1093,  671,  499,  632,  968,  620,  351, 1093,  557,  938,  674,  921,  569,  604,  926,  367,  448,  863,  279,  348,  400,  421,   39,  403,   34,  159,  685,  275,  626, 1008,  305,  762,  857,  243,  103,  961,  580,  110,  100,  293],
        [  503,    0,  934,  714,  434,  648,  503,  244,  660,  468,  421,  535,  792,  600,  286,  299,  586,  422,  470,  524,  242,  539,  201,  782,  547,  233,   70,  101,  909,  679,  432,  855,  683,  526,  397,  247,    0,  488,  500,  276,  186,  493,  355,  187,  397,  644,  750,  538,  878,  452,  429,  386,  837,  377,  442,  883,  419,  750,  428,  696,  327,  530,  847,  187,  437,  840,   61,  161,  325,  229,  286,  228,  218,  120,  441,  108,  382,  809,  299,  625,  617,  335,  168,  903,  608,  207,  343,  139],
        [  259,    0,  472,  240,   64,  172,  220,  631,  609,  398,  412,  244,  363,  299,  633,  190,  537,  243,   30,  277,  259,  425,  333,  349,  616,  538,  503,  582,  457,  239,  733,  372,  329,   62,  233,  695,  488,    0,  203,  652,  576,  534,  632,  528,  262,  319,  343,  511,  399,   64,  384,  312,  445,  396,  645,  398,  238,  270,  287,  241,  244,  390,  560,  329,  491,  671,  434,  349,  387,  558,  731,  586,  676,  538,  398,  559,  372,  322,  491,  278,  269,  610,  593,  648,  624,  603,  769,  579],
        [   59,    0,  612,  387,  171,  330,   18,  562,  410,  217,  576,   47,  537,  116,  546,  253,  341,   93,  178,   75,  266,  228,  303,  522,  438,  457,  487,  574,  608,  203,  613,  485,  528,  164,  109,  648,  500,  203,    0,  574,  640,  359,  518,  465,  124,  154,  528,  322,  517,  251,  216,  474,  338,  549,  502,  500,   93,  313,  463,  410,  383,  193,  389,  313,  327,  474,  440,  340,  266,  643,  678,  664,  638,  503,  568,  595,  529,  398,  379,  127,  470,  498,  548,  468,  434,  543,  701,  622],
        [  548,    0, 1123,  891,  589,  823,  569,   33,  539,  432,  692,  590,  999,  636,   39,  481,  485,  482,  626,  560,  401,  495,  322,  987,  386,  118,  210,  213, 1106,  776,  165, 1021,  913,  668,  468,  120,  276,  652,  574,    0,  431,  372,  128,  126,  451,  681,  966,  441, 1049,  638,  402,  645,  878,  648,  232, 1043,  482,  877,  680,  887,  567,  504,  821,  331,  338,  748,  283,  319,  312,  488,  126,  476,  138,  158,  710,  341,  650,  953,  205,  679,  844,  124,  112,  851,  462,   69,  129,  366],
        [  655,    0,  969,  772,  534,  711,  647,  399,  844,  644,  351,  681,  815,  749,  451,  401,  768,  575,  565,  677,  375,  714,  363,  807,  732,  414,  250,  219,  939,  796,  594,  915,  684,  625,  548,  359,  186,  576,  640,  431,    0,  678,  529,  366,  554,  791,  766,  720,  933,  524,  605,  364,  974,  314,  622,  946,  570,  845,  414,  741,  354,  701, 1009,  343,  622, 1018,  231,  318,  504,   65,  393,   46,  325,  290,  378,   90,  331,  889,  484,  766,  625,  512,  320, 1071,  794,  366,  457,   67],
        [  305,    0,  970,  744,  478,  684,  344,  381,  173,  143,  788,  345,  889,  354,  334,  457,  114,  291,  504,  302,  397,  163,  348,  875,   83,  294,  435,  504,  966,  537,  319,  841,  859,  513,  302,  487,  493,  534,  359,  372,  678,    0,  257,  335,  273,  390,  875,   74,  874,  558,  150,  702,  567,  749,  183,  854,  297,  660,  714,  763,  601,  191,  464,  372,   59,  377,  450,  388,  193,  713,  498,  718,  495,  412,  793,  598,  738,  749,  200,  408,  794,  251,  421,  483,  119,  386,  489,  629],
        [  482,    0, 1102,  868,  569,  802,  509,  148,  417,  343,  747,  525,  992,  560,   92,  484,  369,  428,  604,  489,  404,  397,  325,  979,  261,  127,  285,  318, 1089,  719,  102,  989,  923,  636,  421,  247,  355,  632,  518,  128,  529,  257,    0,  170,  398,  603,  964,  329, 1019,  631,  320,  685,  795,  704,  105, 1009,  430,  829,  714,  872,  597,  413,  717,  343,  233,  628,  342,  340,  254,  581,  250,  574,  265,  240,  762,  440,  701,  911,  143,  608,  854,   24,  216,  739,  337,  171,  233,  468],
        [  446,    0,  999,  767,  466,  699,  461,  104,  508,  354,  583,  486,  874,  538,  117,  356,  441,  373,  503,  461,  276,  423,  197,  862,  375,   48,  118,  170,  981,  665,  255,  898,  789,  547,  356,  185,  187,  528,  465,  126,  366,  335,  170,    0,  343,  584,  840,  393,  926,  513,  319,  528,  783,  539,  257,  922,  373,  760,  561,  762,  446,  425,  749,  206,  287,  704,  174,  194,  217,  415,  214,  411,  180,   80,  599,  279,  539,  833,  137,  577,  720,  149,   92,  790,  444,   79,  243,  309],
        [  108,    0,  715,  483,  206,  420,  119,  439,  371,  145,  556,  145,  621,  204,  423,  212,  293,   32,  232,  127,  187,  193,  197,  607,  356,  333,  374,  461,  706,  326,  495,  595,  586,  248,   29,  527,  397,  262,  124,  451,  554,  273,  398,  343,    0,  250,  604,  259,  626,  286,  124,  460,  447,  522,  392,  613,   32,  432,  462,  496,  360,  167,  456,  213,  229,  490,  337,  239,  144,  566,  555,  583,  518,  386,  554,  498,  506,  514,  258,  237,  522,  377,  428,  521,  371,  420,  578,  527],
        [  142,    0,  626,  429,  308,  390,  145,  674,  373,  263,  719,  111,  589,   47,  649,  406,  328,  223,  303,  124,  417,  229,  445,  575,  457,  568,  624,  711,  632,  170,  689,  487,  616,  263,  248,  769,  644,  319,  154,  681,  791,  390,  603,  584,  250,    0,  595,  330,  520,  379,  284,  617,  199,  695,  563,  493,  226,  294,  600,  468,  530,  201,  243,  458,  381,  367,  584,  485,  371,  795,  794,  816,  763,  634,  708,  743,  674,  384,  477,   43,  568,  587,  673,  329,  426,  660,  809,  771],
        [  587,    0,  217,  175,  403,  206,  545,  941,  936,  737,  454,  559,   57,  595,  953,  485,  869,  584,  373,  600,  566,  755,  647,   57,  958,  859,  787,  851,  180,  439, 1065,  238,   96,  366,  576,  986,  750,  343,  528,  966,  766,  875,  964,  840,  604,  595,    0,  848,  233,  333,  726,  404,  625,  472,  985,  270,  579,  350,  354,  128,  427,  720,  805,  635,  833,  960,  708,  648,  727,  722, 1024,  756,  961,  831,  425,  786,  449,  303,  825,  553,  141,  941,  889,  898,  961,  908, 1072,  796],
        [  265,    0,  928,  707,  460,  651,  306,  448,  126,  114,  800,  300,  858,  298,  403,  460,   49,  270,  482,  257,  411,  103,  374,  843,  127,  355,  486,  559,  927,  486,  392,  796,  839,  483,  287,  554,  538,  511,  322,  441,  720,   74,  329,  393,  259,  330,  848,    0,  829,  543,  140,  709,  499,  763,  256,  807,  276,  610,  716,  731,  608,  136,  391,  398,  107,  312,  490,  417,  220,  751,  567,  759,  560,  468,  802,  644,  750,  700,  257,  352,  776,  322,  482,  411,  114,  451,  560,  675],
        [  569,    0,  110,  164,  461,  231,  530, 1029,  891,  732,  660,  530,  182,  538, 1028,  583,  838,  598,  424,  573,  657,  728,  731,  177,  951,  934,  899,  975,  129,  351, 1118,   34,  324,  384,  600, 1093,  878,  399,  517, 1049,  933,  874, 1019,  926,  626,  520,  233,  829,    0,  426,  732,  590,  477,  669, 1016,   44,  595,  227,  542,  193,  579,  693,  680,  727,  844,  863,  827,  746,  766,  899, 1129,  932, 1073,  935,  632,  935,  644,  139,  877,  486,  344,  997,  991,  771,  936, 1001, 1167,  951],
        [  305,    0,  488,  263,   84,  196,  267,  615,  648,  429,  348,  295,  362,  355,  623,  160,  573,  274,   76,  325,  238,  464,  317,  350,  641,  529,  475,  549,  469,  302,  732,  403,  302,  126,  258,  671,  452,   64,  251,  638,  524,  558,  631,  513,  286,  379,  333,  543,  426,    0,  410,  248,  509,  332,  654,  432,  268,  324,  224,  250,  183,  431,  621,  309,  511,  724,  401,  325,  396,  503,  708,  532,  650,  513,  334,  514,  308,  366,  493,  338,  236,  608,  570,  707,  656,  585,  750,  533],
        [  168,    0,  826,  597,  329,  536,  203,  399,  261,   39,  661,  211,  741,  241,  368,  321,  181,  142,  355,  172,  273,  110,  247,  727,  233,  294,  388,  470,  820,  408,  409,  700,  709,  365,  153,  499,  429,  384,  216,  402,  605,  150,  320,  319,  124,  284,  726,  140,  732,  410,    0,  570,  478,  624,  289,  715,  147,  525,  577,  614,  469,  107,  431,  269,  112,  413,  376,  291,  107,  629,  521,  640,  498,  382,  663,  536,  611,  612,  197,  290,  645,  304,  411,  477,  249,  390,  530,  567],
        [  518,    0,  613,  438,  309,  388,  489,  615,  828,  600,  102,  521,  456,  588,  644,  250,  749,  461,  319,  541,  307,  652,  371,  449,  780,  562,  440,  483,  581,  549,  780,  577,  320,  373,  437,  632,  386,  312,  474,  645,  364,  702,  685,  528,  460,  617,  404,  709,  590,  248,  570,    0,  756,   86,  742,  610,  455,  554,   51,  398,  102,  625,  859,  350,  646,  940,  362,  347,  512,  319,  671,  352,  602,  491,   95,  395,   61,  574,  570,  579,  264,  662,  547,  941,  814,  578,  727,  400],
        [  340,    0,  586,  450,  458,  440,  334,  872,  503,  453,  856,  303,  601,  245,  845,  578,  482,  418,  440,  323,  603,  406,  638,  589,  622,  766,  820,  907,  604,  211,  877,  447,  674,  384,  441,  968,  837,  445,  338,  878,  974,  567,  795,  783,  447,  199,  625,  499,  477,  509,  478,  756,    0,  840,  746,  439,  421,  275,  730,  502,  682,  385,  208,  650,  567,  408,  776,  676,  569,  972,  993,  995,  961,  832,  841,  932,  816,  343,  674,  212,  643,  781,  872,  296,  576,  859, 1006,  959],
        [  589,    0,  685,  521,  388,  473,  562,  617,  885,  657,   45,  596,  526,  664,  652,  310,  805,  527,  401,  612,  353,  714,  406,  520,  824,  578,  439,  467,  651,  634,  793,  657,  383,  456,  501,  620,  377,  396,  549,  648,  314,  749,  704,  539,  522,  695,  472,  763,  669,  332,  624,   86,  840,    0,  770,  690,  521,  639,  128,  478,  167,  688,  936,  383,  691, 1008,  367,  374,  556,  260,  658,  294,  588,  491,   67,  362,   26,  659,  600,  658,  333,  681,  543, 1017,  864,  580,  718,  361],
        [  457,    0, 1106,  873,  583,  809,  491,  252,  325,  301,  813,  499, 1007,  523,  196,  520,  289,  418,  615,  460,  444,  341,  372,  994,  164,  209,  374,  417, 1096,  696,  137,  985,  953,  639,  418,  351,  442,  645,  502,  232,  622,  183,  105,  257,  392,  563,  985,  256, 1016,  654,  289,  742,  746,  770,    0, 1001,  422,  813,  765,  884,  647,  364,  646,  393,  182,  538,  419,  397,  259,  671,  352,  667,  369,  333,  824,  534,  765,  899,  172,  574,  885,  115,  317,  659,  241,  273,  327,  563],
        [  550,    0,  148,  174,  459,  237,  513, 1025,  864,  713,  684,  510,  221,  513, 1022,  586,  814,  585,  421,  553,  656,  705,  729,  215,  930,  927,  901,  978,  172,  324, 1107,   34,  358,  376,  589, 1093,  883,  398,  500, 1043,  946,  854, 1009,  922,  613,  493,  270,  807,   44,  432,  715,  610,  439,  690, 1001,    0,  582,  199,  563,  213,  593,  671,  643,  726,  827,  829,  830,  746,  755,  915, 1127,  947, 1073,  935,  657,  944,  665,  109,  867,  460,  372,  987,  990,  733,  912,  998, 1164,  961],
        [   85,    0,  685,  454,  185,  392,   89,  470,  383,  162,  553,  118,  595,  181,  454,  211,  306,    7,  209,  107,  199,  201,  219,  581,  379,  365,  400,  487,  677,  295,  527,  564,  564,  220,   23,  557,  419,  238,   93,  482,  570,  297,  430,  373,   32,  226,  579,  276,  595,  268,  147,  455,  421,  521,  422,  582,    0,  400,  454,  469,  356,  171,  441,  233,  256,  488,  359,  260,  176,  580,  586,  598,  547,  414,  550,  519,  504,  482,  290,  210,  501,  409,  457,  510,  389,  451,  609,  547],
        [  358,    0,  334,  177,  317,  182,  323,  861,  666,  519,  646,  316,  327,  315,  851,  453,  615,  402,  283,  358,  511,  508,  575,  314,  734,  759,  756,  839,  344,  126,  926,  194,  406,  225,  411,  938,  750,  270,  313,  877,  845,  660,  829,  760,  432,  294,  350,  610,  227,  324,  525,  554,  275,  639,  813,  199,  400,    0,  516,  231,  505,  474,  465,  577,  636,  640,  693,  600,  576,  826,  971,  854,  923,  784,  625,  826,  614,   91,  689,  262,  384,  809,  835,  558,  714,  837, 1001,  847],
        [  511,    0,  563,  393,  294,  346,  478,  651,  832,  605,  130,  510,  405,  574,  677,  258,  754,  460,  298,  533,  324,  653,  394,  399,  794,  593,  479,  527,  530,  520,  810,  530,  270,  348,  437,  674,  428,  287,  463,  680,  414,  714,  714,  561,  462,  600,  354,  716,  542,  224,  577,   51,  730,  128,  765,  563,  454,  516,    0,  351,  119,  624,  843,  374,  660,  934,  400,  374,  528,  369,  712,  403,  645,  529,  112,  442,  103,  532,  594,  561,  213,  690,  585,  927,  824,  615,  767,  448],
        [  467,    0,  239,   56,  304,   81,  426,  865,  814,  623,  471,  438,  127,  469,  870,  410,  750,  473,  270,  479,  488,  636,  566,  113,  845,  776,  723,  795,  219,  312,  973,  180,  176,  250,  468,  921,  696,  241,  410,  887,  741,  763,  872,  762,  496,  468,  128,  731,  193,  250,  614,  398,  502,  478,  884,  213,  469,  231,  351,    0,  389,  601,  678,  558,  724,  833,  648,  574,  627,  707,  957,  739,  898,  763,  445,  747,  453,  203,  731,  427,  167,  849,  820,  771,  843,  834, 1000,  761],
        [  423,    0,  621,  419,  225,  359,  396,  539,  727,  499,  197,  430,  472,  498,  562,  149,  648,  363,  243,  446,  208,  552,  276,  462,  680,  476,  371,  427,  593,  481,  693,  561,  357,  302,  337,  569,  327,  244,  383,  567,  354,  601,  597,  446,  360,  530,  427,  608,  579,  183,  469,  102,  682,  167,  647,  593,  356,  505,  119,  389,    0,  525,  771,  256,  546,  843,  291,  257,  412,  325,  608,  356,  542,  419,  195,  361,  148,  541,  476,  494,  291,  573,  477,  850,  713,  503,  660,  374],
        [  134,    0,  794,  574,  347,  520,  176,  503,  219,   73,  721,  165,  727,  165,  469,  378,  149,  164,  364,  123,  349,   36,  339,  713,  261,  398,  492,  575,  793,  350,  493,  660,  718,  356,  188,  604,  530,  390,  193,  504,  701,  191,  413,  425,  167,  201,  720,  136,  693,  431,  107,  625,  385,  688,  364,  671,  171,  474,  624,  601,  525,    0,  325,  359,  183,  325,  474,  384,  212,  720,  625,  734,  603,  488,  719,  636,  672,  564,  301,  218,  659,  399,  517,  374,  244,  495,  631,  666],
        [  358,    0,  789,  631,  551,  606,  377,  822,  350,  395,  961,  343,  788,  274,  784,  640,  358,  436,  545,  335,  639,  328,  649,  775,  496,  720,  814,  898,  805,  367,  782,  649,  840,  502,  463,  926,  847,  560,  389,  821, 1009,  464,  717,  749,  456,  243,  805,  391,  680,  621,  431,  859,  208,  936,  646,  643,  441,  465,  843,  678,  771,  325,    0,  667,  486,  205,  789,  693,  536, 1020,  944, 1038,  926,  812,  951,  951,  915,  543,  621,  283,  798,  708,  841,   94,  434,  818,  945,  981],
        [  318,    0,  796,  566,  268,  498,  316,  307,  523,  307,  425,  348,  669,  414,  319,  151,  443,  237,  305,  339,   71,  375,   24,  657,  443,  227,  180,  265,  777,  497,  441,  701,  586,  355,  211,  367,  187,  329,  313,  331,  343,  372,  343,  206,  213,  458,  635,  398,  727,  309,  269,  350,  650,  383,  393,  726,  233,  577,  374,  558,  256,  359,  667,    0,  314,  680,  127,   27,  180,  362,  402,  375,  349,  210,  434,  286,  375,  643,  221,  438,  517,  319,  265,  729,  489,  277,  442,  315],
        [  279,    0,  937,  708,  433,  647,  315,  343,  224,  120,  731,  320,  850,  341,  300,  403,  155,  251,  461,  280,  340,  164,  290,  836,  135,  248,  382,  453,  931,  516,  310,  812,  812,  475,  258,  448,  437,  491,  327,  338,  622,   59,  233,  287,  229,  381,  833,  107,  844,  511,  112,  646,  567,  691,  182,  827,  256,  636,  660,  724,  546,  183,  486,  314,    0,  419,  393,  329,  136,  656,  463,  661,  454,  362,  737,  543,  681,  723,  150,  393,  747,  223,  375,  514,  177,  344,  460,  574],
        [  424,    0,  972,  792,  644,  756,  457,  757,  213,  375, 1039,  429,  952,  374,  709,  699,  265,  482,  650,  402,  673,  306,  659,  938,  375,  666,  792,  869,  984,  527,  672,  831,  981,  621,  508,  863,  840,  671,  474,  748, 1018,  377,  628,  704,  490,  367,  960,  312,  863,  724,  413,  940,  408, 1008,  538,  829,  488,  640,  934,  833,  843,  325,  205,  680,  419,    0,  788,  703,  516, 1041,  873, 1053,  871,  778, 1035,  947,  990,  725,  568,  409,  931,  625,  793,  152,  300,  761,  861,  978],
        [  443,    0,  886,  663,  378,  596,  443,  253,  614,  414,  411,  475,  748,  540,  286,  245,  538,  362,  414,  464,  183,  485,  141,  737,  509,  216,   80,  149,  863,  620,  428,  802,  646,  469,  337,  279,   61,  434,  440,  283,  231,  450,  342,  174,  337,  584,  708,  490,  827,  401,  376,  362,  776,  367,  419,  830,  359,  693,  400,  648,  291,  474,  789,  127,  393,  788,    0,  100,  273,  264,  317,  269,  254,  129,  428,  163,  368,  754,  263,  565,  578,  320,  186,  847,  567,  216,  369,  193],
        [  344,    0,  813,  584,  289,  517,  343,  294,  542,  329,  417,  375,  683,  440,  310,  165,  463,  263,  326,  365,   90,  398,   45,  671,  457,  220,  157,  241,  793,  522,  437,  720,  595,  377,  237,  348,  161,  349,  340,  319,  318,  388,  340,  194,  239,  485,  648,  417,  746,  325,  291,  347,  676,  374,  397,  746,  260,  600,  374,  574,  257,  384,  693,   27,  329,  703,  100,    0,  198,  339,  384,  351,  328,  190,  428,  260,  369,  665,  227,  465,  526,  317,  246,  754,  505,  261,  426,  289],
        [  236,    0,  852,  619,  325,  554,  259,  304,  345,  145,  596,  279,  749,  325,  282,  272,  267,  174,  358,  249,  206,  217,  156,  736,  269,  197,  281,  363,  841,  468,  353,  736,  697,  385,  167,  400,  325,  387,  266,  312,  504,  193,  254,  217,  144,  371,  727,  220,  766,  396,  107,  512,  569,  556,  259,  755,  176,  576,  528,  627,  412,  212,  536,  180,  136,  516,  273,  198,    0,  532,  424,  541,  396,  276,  602,  432,  546,  657,  114,  367,  629,  234,  308,  584,  310,  291,  441,  463],
        [  663,    0,  930,  741,  523,  683,  651,  456,  876,  667,  294,  685,  774,  755,  506,  395,  798,  585,  550,  686,  382,  736,  383,  767,  772,  462,  297,  278,  898,  786,  650,  883,  637,  611,  557,  421,  229,  558,  643,  488,   65,  713,  581,  415,  566,  795,  722,  751,  899,  503,  629,  319,  972,  260,  671,  915,  580,  826,  369,  707,  325,  720, 1020,  362,  656, 1041,  264,  339,  532,    0,  456,   34,  388,  342,  323,  148,  279,  865,  525,  767,  582,  562,  377, 1087,  830,  422,  520,  130],
        [  658,    0, 1196,  968,  669,  900,  674,  123,  664,  553,  701,  698, 1063,  749,  165,  548,  611,  586,  707,  672,  473,  617,  399, 1051,  510,  228,  238,  191, 1175,  877,  255, 1102,  963,  754,  569,   39,  286,  731,  678,  126,  393,  498,  250,  214,  555,  794, 1024,  567, 1129,  708,  521,  671,  993,  658,  352, 1127,  586,  971,  712,  957,  608,  625,  944,  402,  463,  873,  317,  384,  424,  456,    0,  436,   71,  195,  723,  311,  665, 1042,  325,  789,  895,  250,  138,  976,  586,  136,   65,  327],
