{
    "name": "random-96-18482",
    "comment": "size=96 seed=18482",
    "nodes": ["+0", "-0", "+1", "-1", "+2", "-2", "+3", "-3", "+4", "-4", "+5", "-5", "+6", "-6", "+7", "-7", "+8", "-8", "+9", "-9", "+10", "-10", "+11", "-11", "+12", "-12", "+13", "-13", "+14", "-14", "+15", "-15", "+16", "-16", "+17", "-17", "+18", "-18", "+19", "-19", "+20", "-20", "+21", "-21", "+22", "-22", "+23", "-23", "+24", "-24", "+25", "-25", "+26", "-26", "+27", "-27", "+28", "-28", "+29", "-29", "+30", "-30", "+31", "-31", "+32", "-32", "+33", "-33", "+34", "-34", "+35", "-35", "+36", "-36", "+37", "-37", "+38", "-38", "+39", "-39", "+40", "-40", "+41", "-41", "+42", "-42", "+43", "-43", "+44", "-44", "+45", "-45", "+46", "-46", "+47", "-47", "+48", "-48", "+49", "-49", "+50", "-50", "+51", "-51", "+52", "-52", "+53", "-53", "+54", "-54", "+55", "-55", "+56", "-56", "+57", "-57", "+58", "-58", "+59", "-59", "+60", "-60", "+61", "-61", "+62", "-62", "+63", "-63", "+64", "-64", "+65", "-65", "+66", "-66", "+67", "-67", "+68", "-68", "+69", "-69", "+70", "-70", "+71", "-71", "+72", "-72", "+73", "-73", "+74", "-74", "+75", "-75", "+76", "-76", "+77", "-77", "+78", "-78", "+79", "-79", "+80", "-80", "+81", "-81", "+82", "-82", "+83", "-83", "+84", "-84", "+85", "-85", "+86", "-86", "+87", "-87", "+88", "-88", "+89", "-89", "+90", "-90", "+91", "-91", "+92", "-92", "+93", "-93", "+94", "-94", "+95", "-95", "+96", "-96"],
    "precedence": {
        "+0": "-0",
        "+1": "-1",
        "+2": "-2",
        "+3": "-3",
        "+4": "-4",
        "+5": "-5",
        "+6": "-6",
        "+7": "-7",
        "+8": "-8",
        "+9": "-9",
        "+10": "-10",
        "+11": "-11",
        "+12": "-12",
        "+13": "-13",
        "+14": "-14",
        "+15": "-15",
        "+16": "-16",
        "+17": "-17",
        "+18": "-18",
        "+19": "-19",
        "+20": "-20",
        "+21": "-21",
        "+22": "-22",
        "+23": "-23",
        "+24": "-24",
        "+25": "-25",
        "+26": "-26",
        "+27": "-27",
        "+28": "-28",
        "+29": "-29",
        "+30": "-30",
        "+31": "-31",
        "+32": "-32",
        "+33": "-33",
        "+34": "-34",
        "+35": "-35",
        "+36": "-36",
        "+37": "-37",
        "+38": "-38",
        "+39": "-39",
        "+40": "-40",
        "+41": "-41",
        "+42": "-42",
        "+43": "-43",
        "+44": "-44",
        "+45": "-45",
        "+46": "-46",
        "+47": "-47",
        "+48": "-48",
        "+49": "-49",
        "+50": "-50",
        "+51": "-51",
        "+52": "-52",
        "+53": "-53",
        "+54": "-54",
        "+55": "-55",
        "+56": "-56",
        "+57": "-57",
        "+58": "-58",
        "+59": "-59",
        "+60": "-60",
        "+61": "-61",
        "+62": "-62",
        "+63": "-63",
        "+64": "-64",
        "+65": "-65",
        "+66": "-66",
        "+67": "-67",
        "+68": "-68",
        "+69": "-69",
        "+70": "-70",
        "+71": "-71",
        "+72": "-72",
        "+73": "-73",
        "+74": "-74",
        "+75": "-75",
        "+76": "-76",
        "+77": "-77",
        "+78": "-78",
        "+79": "-79",
        "+80": "-80",
        "+81": "-81",
        "+82": "-82",
        "+83": "-83",
        "+84": "-84",
        "+85": "-85",
        "+86": "-86",
        "+87": "-87",
        "+88": "-88",
        "+89": "-89",
        "+90": "-90",
        "+91": "-91",
        "+92": "-92",
        "+93": "-93",
        "+94": "-94",
        "+95": "-95",
        "+96": "-96"
    },
    "edges": [
        [    0,    0,  197,  774,  606,  837,  862,  933,  823, 1071,  783, 1088,  843,  534, 1156,  479,  181,  420,  856,  349,  455, 1071,  732,  790,  375,  922,  642,  476,  696,  108,  277,  696, 1073,  124, 1155,  923,  207,  175,  925,  102,   49,  383,  543,  506,  551,  538,  836,  875,  434,  230,  212,  434,  174,  850,  795, 1193,  276,  481,  499,  640,  508,  364,  501,  787,   74,  798,  947,  896,  740,  916,  833,  837,  182,  520, 1072,  155,  523,  843,  331,  811,  954,  313,  611,  594,  181,  749,  984,  957,  897,  569,  410,  524,  982,  245,  524,  430, 1075,  674,  940,  869,  671,  631,  700,  783,  997,  180,  729,  998,  825,  425,  131,  656,  148,  689,  151,  663,  958,  744,  816,  228,  492,  978, 1023,  710,  897,  637,  429,  873,  770,  281,   64, 1136,  964,  896,  965,  764,  457,  737,  276,  682,  439,  905,  432,  756,  715,  160,  102,  710, 1219,  626,  887,  873,  616, 1084,  885,  465,  989,  738,  971, 1063, 1013,  634,  242,  806,  169,  694,  610,  806,  714, 1061,  508, 1008,  109,  542,  632, 1022,  912,  542,  846, 1039,  983,  569,  227,  815,  905,  903,  897,  409,  567,  702,  264,  466,  894,  784],
        [    0,    0,    0,    0,    0,    0,    0,    0,    0,    0,    0,    0,    0,    0,    0,    0,    0,    0,    0,    0,    0,    0,    0,    0,    0,    0,    0,    0,    0,    0,    0,    0,    0,    0,    0,    0,    0,    0,    0,    0,    0,    0,    0,    0,    0,    0,    0,    0,    0,    0,    0,    0,    0,    0,    0,    0,    0,    0,    0,    0,    0,    0,    0,    0,    0,    0,    0,    0,    0,    0,    0,    0,    0,    0,    0,    0,    0,    0,    0,    0,    0,    0,    0,    0,    0,    0,    0,    0,    0,    0,    0,    0,    0,    0,    0,    0,    0,    0,    0,    0,    0,    0,    0,    0,    0,    0,    0,    0,    0,    0,    0,    0,    0,    0,    0,    0,    0,    0,    0,    0,    0,    0,    0,    0,    0,    0,    0,    0,    0,    0,    0,    0,    0,    0,    0,    0,    0,    0,    0,    0,    0,    0,    0,    0,    0,    0,    0,    0,    0,    0,    0,    0,    0,    0,    0,    0,    0,    0,    0,    0,    0,    0,    0,    0,    0,    0,    0,    0,    0,    0,    0,    0,    0,    0,    0,    0,    0,    0,    0,    0,    0,    0,    0,    0,    0,    0,    0,    0,    0,    0,    0,    0,    0,    0],
        [  197,    0,    0,  596,  466,  644,  743,  739,  692,  890,  603,  917,  774,  552,  975,  310,   93,  274,  747,  318,  475,  912,  678,  606,  421,  820,  568,  356,  505,   92,   97,  517,  927,   91,  992,  749,  284,  219,  739,  292,  155,  410,  506,  375,  363,  345,  670,  678,  342,  110,  275,  370,  342,  686,  649, 1017,  130,  500,  399,  546,  315,  194,  435,  620,  265,  605,  798,  700,  612,  770,  711,  648,   84,  328,  912,  137,  341,  650,  388,  621,  918,  388,  416,  576,  187,  555,  835,  778,  859,  386,  302,  504,  810,  166,  332,  254,  904,  652,  857,  705,  548,  500,  606,  587,  874,  118,  686,  880,  764,  238,  169,  643,  108,  654,   97,  541,  892,  562,  798,  323,  462,  872,  850,  534,  758,  588,  239,  770,  664,   85,  253,  978,  817,  819,  871,  574,  262,  566,  215,  506,  315,  717,  258,  577,  538,  189,  110,  568, 1054,  433,  691,  677,  442,  910,  699,  360,  836,  628,  855,  881,  826,  520,   47,  632,  341,  686,  433,  708,  664,  907,  315,  860,  247,  537,  436,  874,  759,  394,  650,  858,  845,  380,  329,  664,  853,  707,  753,  369,  379,  513,  257,  314,  705,  715],
        [  774,    0,  596,    0,  702,  180,  931,  468,  855,  728,  561,  826, 1096, 1059,  792,  559,  672,  626,  969,  829,  999,  887, 1052,  528,  976, 1043,  930,  712,  421,  683,  572,   81,  962,  651,  926,  683,  871,  805,  579,  875,  726,  951,  953,  691,  462,  417,  692,  331,  761,  546,  858,  819,  935,  707,  771,  861,  499, 1018,  776,  872,  422,  565,  857,  657,  847,  193,  859,  383,  818,  850,  901,  128,  593,  433,  883,  725,  256,  441,  953,  141, 1285,  963,  363, 1032,  767,  382,  885,  676, 1230,  492,  715,  974,  744,  704,  288,  535,  811, 1089, 1129,  723,  794,  746,  910,  313, 1017,  696, 1078, 1041, 1105,  491,  762, 1094,  629, 1069,  688,  794, 1197,   48, 1218,  912,  928, 1069,  761,   66,  873,  993,  363, 1005,  919,  521,  837,  948,  878, 1111, 1106,  455,  418,  611,  741,   93,  689,  556,  343,  565,   60,  776,  673,  745,  965,  396,  370,  288,  159,  792,  558,  744,  868,  883, 1026,  713,  618,  805,  551,  622,  934, 1139,  530,  970, 1048,  910,  301,  901,  842, 1019,  284,  918,  813,  646,  340,  705,  939,  445,  919,  760, 1197,  403,  848,  851,  456,  133,  808,  619,  530, 1047],
        [  606,    0,  466,  702,    0,  621,  284,  506,  227,  524,  275,  505,  396,  460,  602,  181,  429,  193,  300,  334,  439,  472,  356,  306,  477,  376,  239,  138,  317,  515,  371,  635,  468,  549,  559,  362,  505,  472,  422,  660,  586,  437,  316,  101,  243,  293,  256,  541,  204,  554,  486,  250,  650,  267,  190,  622,  540,  443,  155,  175,  298,  278,  232,  218,  642,  574,  342,  525,  151,  311,  251,  664,  546,  282,  473,  452,  528,  424,  487,  626,  584,  518,  340,  386,  442,  386,  379,  406,  530,  210,  204,  356,  406,  362,  456,  238,  495,  418,  442,  282,   98,   46,  209,  467,  411,  426,  387,  420,  404,  282,  485,  433,  573,  388,  457,   96,  502,  654,  529,  536,  321,  421,  450,  670,  294,  316,  454,  330,  229,  425,  631,  534,  359,  417,  435,  338,  335,  193,  343,  648,  169,  412,  527,  245,  665,  466,  562,  105,  624,  310,  525,  573,  618,  512,  388,  163,  385,  191,  396,  520,  507,  104,  451,  259,  656,  473,  177,  280,  356,  458,  451,  404,  571,  401,  419,  417,  309,   77,  505,  493,  381,  257,  546,  212,  496,  519,  292,  302,  247,  570,  394,  153,  417,  346],
        [  837,    0,  644,  180,  621,    0,  814,  294,  737,  555,  427,  659, 1003, 1030,  616,  515,  704,  595,  857,  816,  979,  727,  977,  389,  972,  927,  859,  665,  309,  736,  594,  196,  810,  716,  759,  528,  895,  831,  415,  935,  791,  942,  907,  636,  403,  372,  555,  156,  725,  624,  880,  786,  983,  569,  651,  686,  576,  995,  725,  795,  389,  558,  810,  528,  908,   48,  718,  208,  713,  713,  785,   61,  663,  392,  723,  757,  326,  282,  957,   41, 1197,  974,  296,  985,  791,  250,  739,  514, 1145,  423,  685,  935,  585,  715,  314,  510,  644, 1031, 1020,  582,  703,  661,  824,  167,  884,  724, 1007,  910, 1017,  476,  797, 1042,  703, 1005,  725,  705, 1094,  157, 1149,  937,  891,  946,  597,  215,  742,  931,  408,  893,  819,  561,  896,  785,  735, 1009,  989,  320,  411,  491,  743,  226,  650,  393,  420,  438,  204,  805,  738,  641,  795,  315,  195,  110,  276,  622,  400,  700,  719,  786,  898,  540,  444,  724,  598,  486,  984, 1085,  445,  868,  976,  754,  330,  753,  887,  982,  230,  770,  673,  580,  172,  534,  799,  382,  945,  635, 1105,  228,  714,  826,  392,  142,  814,  575,  367,  960],
        [  862,    0,  743,  931,  284,  814,    0,  605,   77,  487,  391,  405,  241,  547,  540,  463,  694,  471,   55,  540,  568,  321,  300,  430,  639,  114,  273,  391,  512,  782,  651,  875,  259,  822,  406,  357,  723,  708,  476,  900,  850,  599,  412,  368,  502,  553,  273,  694,  430,  835,  706,  444,  872,  266,  164,  525,  823,  559,  365,  237,  566,  560,  388,  288,  887,  772,  183,  660,  134,  156,   34,  867,  825,  547,  326,  708,  794,  554,  665,  830,  425,  700,  577,  438,  686,  564,  203,  401,  389,  464,  454,  457,  353,  619,  719,  521,  403,  416,  213,  262,  195,  244,  188,  648,  135,  687,  337,  138,  271,  564,  734,  446,  848,  372,  721,  203,  294,  885,  450,  744,  450,  142,  386,  911,  108,  342,  731,   88,  108,  707,  877,  359,  185,  216,  176,  495,  610,  324,  588,  893,  431,  481,  805,  376,  904,  710,  832,  197,  466,  540,  665,  737,  874,  436,  462,  397,  227,  128,  113,  492,  532,  229,  732,  336,  880,  466,  414,  111,  315,  286,  718,  221,  808,  485,  654,  224,  195,  360,  662,  468,  154,  509,  754,  183,  332,  646,  139,  487,  500,  800,  619,  435,  500,  233],
        [  933,    0,  739,  468,  506,  294,  605,    0,  534,  262,  236,  370,  828,  963,  324,  491,  766,  575,  656,  796,  933,  448,  834,  201,  953,  715,  733,  604,  240,  826,  659,  459,  540,  826,  470,  266,  926,  871,  139, 1020,  894,  916,  821,  565,  390,  396,  333,  139,  676,  761,  908,  734, 1046,  340,  451,  393,  719,  942,  650,  666,  426,  585,  734,  328,  995,  277,  469,   87,  540,  475,  584,  353,  787,  414,  443,  813,  514,   93,  951,  330, 1022,  977,  325,  891,  831,  185,  483,  238,  978,  384,  650,  860,  310,  744,  460,  519,  356,  917,  818,  347,  558,  532,  674,  182,  644,  779,  870,  674,  850,  511,  855,  935,  827,  882,  794,  563,  899,  436, 1008,  965,  823,  720,  313,  488,  514,  815,  545,  692,  644,  658,  983,  500,  483,  818,  775,  181,  478,  321,  755,  489,  609,  126,  591,  264,  478,  852,  847,  477,  502,  307,  100,  186,  517,  331,  145,  640,  459,  618,  668,  246,  151,  593,  698,  277, 1049,  973,  366,  685,  840,  480,  473,  492,  951,  905,  329,  507,  431,  501,  132,  242,  551,  369,  974,  426,  928,   67,  482,  783,  374,  379,  825,  537,  106,  797],
        [  823,    0,  692,  855,  227,  737,   77,  534,    0,  436,  315,  368,  299,  557,  496,  401,  650,  419,  123,  517,  568,  298,  336,  354,  630,  190,  280,  348,  436,  738,  598,  800,  261,  774,  387,  294,  699,  676,  408,  869,  807,  590,  414,  320,  431,  481,  202,  619,  397,  780,  681,  421,  847,  197,   88,  490,  765,  562,  334,  229,  496,  504,  373,  213,  854,  696,  153,  586,   84,  120,   50,  790,  773,  477,  302,  669,  724,  480,  652,  754,  490,  687,  502,  454,  652,  488,  184,  340,  450,  393,  414,  460,  301,  579,  648,  460,  363,  445,  287,  196,  154,  194,  195,  571,  186,  645,  374,  199,  326,  501,  698,  472,  798,  402,  678,  163,  366,  809,  498,  723,  445,  215,  338,  836,   81,  358,  664,  160,  129,  651,  843,  348,  163,  285,  253,  419,  543,  247,  552,  819,  386,  412,  738,  300,  829,  676,  786,  130,  451,  465,  591,  662,  801,  393,  391,  361,  201,  125,  178,  439,  470,  197,  678,  262,  855,  498,  342,  157,  348,  270,  647,  207,  777,  494,  579,  215,  147,  301,  586,  414,  162,  437,  733,  109,  397,  572,   98,  468,  428,  724,  591,  380,  429,  279],
        [ 1071,    0,  890,  728,  524,  555,  487,  262,  436,    0,  289,  123,  727,  966,   85,  594,  893,  665,  541,  855,  957,  222,  771,  287, 1000,  579,  699,  654,  405,  967,  798,  711,  326,  981,  216,  162, 1015,  972,  164, 1146, 1039,  959,  818,  613,  529,  557,  271,  399,  725,  938,  997,  773, 1153,  264,  379,  138,  903,  958,  678,  636,  586,  708,  749,  306, 1124,  536,  310,  348,  481,  332,  478,  614,  954,  569,  216,  932,  736,  297, 1009,  590,  908, 1040,  510,  872,  936,  388,  304,  119,  875,  505,  715,  862,  136,  849,  671,  642,  113,  875,  684,  254,  529,  529,  621,  425,  473,  899,  809,  505,  757,  653,  971,  900,  990,  834,  922,  537,  768,  692,  933, 1050,  835,  563,  102,  743,  380,  782,  740,  572,  564,  818, 1112,  257,  315,  699,  628,  335,  646,  343,  845,  740,  674,  189,  800,  316,  732,  960, 1000,  447,  242,  478,  360,  447,  759,   79,  200,  684,  276,  553,  508,   16,  112,  575,  856,  272, 1158,  929,  462,  590,  782,  263,  680,  301, 1064,  903,  545,  312,  292,  556,  389,   33,  377,  515, 1060,  348,  817,  328,  349,  825,  514,  628,  906,  620,  211,  714],
        [  783,    0,  603,  561,  275,  427,  391,  236,  315,  289,    0,  325,  599,  734,  374,  307,  605,  382,  437,  586,  710,  349,  599,   40,  740,  504,  497,  387,  151,  679,  510,  518,  408,  693,  413,  154,  736,  689,  153,  859,  751,  700,  590,  347,  243,  278,  131,  304,  460,  655,  717,  514,  869,  146,  229,  416,  623,  716,  425,  430,  306,  420,  506,  103,  836,  388,  299,  274,  308,  290,  364,  482,  668,  287,  347,  645,  489,  167,  743,  447,  795,  772,  250,  657,  652,  181,  326,  177,  748,  217,  442,  630,  220,  564,  416,  353,  310,  681,  601,  163,  322,  297,  439,  260,  459,  612,  634,  485,  619,  365,  685,  700,  704,  646,  634,  327,  679,  517,  773,  772,  595,  520,  255,  553,  316,  580,  470,  474,  414,  532,  824,  416,  317,  596,  566,  108,  365,   85,  564,  541,  400,  139,  537,   32,  545,  675,  712,  242,  469,  212,  278,  347,  540,  310,  116,  421,  311,  386,  472,  281,  242,  358,  570,   61,  874,  737,  174,  458,  604,  363,  422,  344,  779,  675,  309,  361,  252,  284,  271,  256,  378,  232,  782,  209,  701,  262,  289,  566,  230,  436,  629,  338,  143,  565],
        [ 1088,    0,  917,  826,  505,  659,  405,  370,  368,  123,  325,    0,  643,  920,  139,  610,  907,  670,  458,  838,  921,  104,  701,  337,  973,  484,  645,  642,  464,  987,  822,  802,  209, 1008,  101,  172, 1009,  972,  247, 1154, 1060,  932,  774,  603,  566,  602,  254,  505,  708,  977,  990,  749, 1152,  241,  332,  123,  946,  919,  655,  587,  630,  727,  716,  302, 1134,  634,  223,  454,  429,  252,  403,  719,  987,  611,   98,  941,  805,  386,  988,  691,  814, 1021,  569,  819,  939,  464,  206,  157,  786,  536,  707,  819,  108,  854,  735,  664,   16,  812,  587,  224,  488,  500,  562,  516,  367,  910,  739,  399,  675,  684,  978,  839, 1021,  769,  937,  497,  670,  788,  854, 1040,  798,  461,   71,  835,  299,  725,  794,  485,  495,  851, 1122,  135,  222,  607,  527,  400,  689,  352,  843,  829,  668,  271,  859,  345,  825,  963, 1025,  413,  146,  533,  466,  553,  841,   45,  272,  668,  180,  492,  407,  137,  226,  536,  888,  286, 1158,  864,  486,  514,  714,  147,  742,  196, 1068,  856,  617,  203,  222,  552,  489,  130,  275,  556, 1050,  303,  726,  434,  272,  800,  553,  718,  898,  625,  297,  637],
        [  843,    0,  774, 1096,  396, 1003,  241,  828,  299,  727,  599,  643,    0,  397,  779,  562,  703,  531,  187,  494,  447,  553,  121,  638,  534,  172,  206,  433,  694,  786,  697, 1030,  474,  837,  632,  593,  664,  670,  705,  854,  844,  502,  308,  433,  639,  687,  499,  901,  432,  880,  650,  413,  804,  495,  378,  760,  880,  429,  378,  239,  691,  624,  345,  501,  848,  958,  421,  873,  293,  396,  252, 1050,  856,  675,  558,  699,  918,  766,  571, 1013,  196,  606,  734,  289,  662,  756,  438,  638,  151,  606,  474,  341,  593,  620,  848,  609,  641,  231,  112,  494,  303,  351,  189,  841,  305,  687,  144,  281,   36,  658,  713,  263,  870,  192,  723,  303,  119, 1049,  215,  672,  358,  222,  626, 1065,  348,  212,  833,  159,  186,  765,  839,  580,  422,   63,  167,  694,  721,  520,  577, 1043,  472,  708,  905,  578, 1060,  683,  841,  364,  687,  702,  876,  940, 1012,  675,  686,  419,  464,  218,  259,  732,  768,  295,  778,  552,  813,  265,  567,  143,  142,  513,  842,  451,  764,  348,  813,  450,  435,  460,  866,  708,  375,  653,  680,  405,  103,  861,  379,  434,  642,  964,  580,  513,  724,   60],
        [  534,    0,  552, 1059,  460, 1030,  547,  963,  557,  966,  734,  920,  397,    0, 1038,  515,  460,  437,  510,  240,   80,  855,  279,  764,  164,  543,  278,  369,  752,  520,  517,  981,  806,  578,  944,  806,  329,  366,  880,  511,  553,  152,  148,  403,  628,  659,  697,  982,  305,  659,  322,  244,  442,  702,  590, 1042,  680,   54,  315,  333,  645,  496,  230,  669,  514,  982,  709,  974,  491,  676,  534, 1060,  619,  640,  858,  429,  823,  878,  208, 1024,  443,  237,  734,  112,  379,  823,  739,  852,  392,  612,  347,  105,  836,  390,  773,  527,  913,  172,  509,  713,  437,  442,  364,  898,  663,  436,  255,  648,  367,  569,  421,  143,  615,  207,  467,  429,  492, 1015,  293,  319,  142,  602,  878, 1009,  635,  207,  716,  506,  440,  585,  509,  902,  719,  460,  559,  789,  641,  652,  342,  982,  380,  871,  770,  704, 1008,  390,  572,  519, 1007,  719,  972, 1006,  930,  938,  847,  333,  758,  433,  622,  965,  964,  391,  578,  715,  453,  169,  608,  445,  258,  825,  761,  761,  433,   64,  802,  766,  699,  466,  945,  938,  700,  650,  324,  621,  419,  970,  655,  209,  640,  940,  297,  456,  876,  354],
        [ 1156,    0,  975,  792,  602,  616,  540,  324,  496,   85,  374,  139,  779, 1038,    0,  678,  977,  749,  593,  935, 1032,  241,  831,  371, 1078,  622,  767,  735,  488, 1052,  883,  781,  344, 1066,  202,  242, 1098, 1055,  245, 1230, 1124, 1037,  890,  694,  614,  641,  347,  461,  805, 1022, 1079,  851, 1236,  339,  448,   73,  987, 1032,  756,  706,  671,  793,  825,  387, 1208,  601,  358,  410,  549,  385,  535,  675, 1038,  654,  235, 1016,  815,  373, 1089,  653,  952, 1120,  592,  941, 1020,  467,  344,  202,  923,  590,  797,  935,  202,  933,  751,  727,  139,  940,  726,  326,  601,  605,  687,  497,  506,  984,  869,  538,  810,  738, 1055,  966, 1075,  898, 1007,  610,  809,  759,  989, 1132,  910,  600,  160,  812,  433,  849,  823,  621,  624,  903, 1196,  254,  359,  745,  666,  417,  730,  426,  928,  810,  756,  269,  881,  401,  801, 1043, 1085,  521,  204,  561,  423,  507,  833,  105,  282,  764,  317,  617,  546,   95,  177,  648,  941,  355, 1241,  993,  547,  647,  844,  285,  761,  335, 1148,  975,  624,  342,  350,  638,  455,  118,  414,  599, 1142,  417,  864,  390,  404,  903,  599,  699,  988,  703,  290,  771],
        [  479,    0,  310,  559,  181,  515,  463,  491,  401,  594,  307,  610,  562,  515,  678,    0,  300,   87,  480,  312,  468,  602,  500,  319,  472,  557,  377,  154,  255,  377,  214,  485,  620,  400,  682,  444,  437,  385,  454,  552,  450,  437,  396,  134,  114,  146,  361,  478,  211,  385,  419,  272,  564,  376,  346,  714,  366,  482,  217,  325,  138,  118,  300,  311,  530,  467,  492,  479,  330,  465,  429,  547,  385,  128,  602,  339,  357,  399,  465,  510,  740,  488,  219,  476,  347,  323,  529,  478,  683,  108,  172,  422,  504,  259,  289,   61,  597,  530,  619,  396,  277,  224,  374,  389,  586,  306,  523,  598,  564,  102,  378,  536,  416,  511,  329,  273,  673,  513,  661,  476,  378,  601,  545,  518,  459,  435,  275,  510,  408,  255,  518,  669,  511,  590,  615,  310,  159,  259,  265,  493,  136,  436,  348,  278,  515,  370,  416,  272,  745,  208,  474,  497,  455,  605,  415,  187,  528,  369,  574,  587,  544,  269,  286,  327,  569,  581,  134,  457,  494,  598,  282,  553,  473,  468,  289,  568,  451,  106,  442,  561,  545,  137,  485,  357,  657,  480,  450,  313,  128,  432,  334,   61,  429,  507],
        [  181,    0,   93,  672,  429,  704,  694,  766,  650,  893,  605,  907,  703,  460,  977,  300,    0,  240,  693,  230,  383,  891,  601,  614,  329,  762,  497,  304,  527,   88,  112,  592,  896,  135,  975,  743,  199,  133,  749,  256,  158,  317,  423,  331,  378,  372,  655,  720,  275,  199,  188,  292,  284,  670,  617, 1013,  223,  408,  337,  483,  344,  186,  359,  606,  232,  661,  769,  736,  568,  738,  664,  714,  162,  353,  892,   54,  417,  675,  296,  684,  837,  299,  450,  489,   97,  585,  806,  777,  779,  393,  242,  417,  801,   83,  396,  253,  894,  567,  792,  689,  500,  457,  543,  628,  828,   26,  606,  831,  690,  256,   94,  556,  168,  572,   30,  492,  821,  636,  713,  240,  376,  817,  843,  612,  721,  509,  310,  713,  608,  152,  220,  956,  787,  751,  810,  593,  301,  557,  130,  584,  265,  729,  341,  577,  615,  104,  140,  533, 1038,  460,  728,  725,  522,  904,  709,  300,  810,  574,  805,  885,  838,  467,  128,  626,  286,  598,  432,  648,  585,  882,  380,  831,  187,  448,  484,  844,  733,  363,  690,  860,  808,  398,  247,  636,  776,  741,  720,  284,  395,  579,  164,  285,  720,  643],
        [  420,    0,  274,  626,  193,  595,  471,  575,  419,  665,  382,  670,  531,  437,  749,   87,  240,    0,  479,  227,  385,  652,  455,  398,  386,  553,  333,   99,  341,  325,  181,  550,  658,  357,  736,  510,  355,  308,  532,  484,  397,  351,  328,  105,  199,  224,  418,  564,  135,  366,  337,  194,  488,  432,  379,  780,  357,  400,  160,  294,  209,   94,  233,  370,  464,  548,  530,  566,  339,  500,  438,  624,  355,  204,  652,  271,  405,  484,  379,  588,  699,  402,  302,  407,  272,  409,  567,  547,  640,  194,   91,  348,  565,  185,  346,   92,  658,  469,  602,  450,  276,  227,  350,  474,  601,  241,  473,  608,  529,  139,  308,  471,  380,  455,  270,  270,  647,  581,  606,  393,  303,  603,  608,  580,  486,  380,  309,  504,  398,  240,  452,  716,  548,  568,  607,  395,  211,  323,  183,  554,   65,  515,  377,  352,  578,  295,  370,  296,  799,  293,  561,  582,  509,  670,  493,  123,  570,  361,  583,  659,  622,  253,  262,  395,  493,  516,  214,  445,  446,  642,  336,  592,  400,  393,  367,  606,  494,  124,  529,  633,  573,  222,  403,  397,  621,  566,  483,  231,  214,  504,  250,   46,  510,  474],
        [  856,    0,  747,  969,  300,  857,   55,  656,  123,  541,  437,  458,  187,  510,  593,  480,  693,  479,    0,  524,  537,  371,  253,  476,  612,   78,  242,  392,  552,  780,  658,  910,  302,  823,  454,  411,  707,  696,  528,  888,  847,  574,  381,  375,  530,  580,  324,  741,  422,  844,  691,  429,  855,  317,  209,  577,  834,  526,  358,  219,  591,  570,  369,  335,  877,  814,  236,  708,  155,  210,   73,  908,  830,  573,  376,  703,  821,  602,  640,  872,  371,  676,  611,  400,  678,  607,  254,  455,  335,  493,  451,  425,  407,  615,  747,  537,  456,  372,  165,  314,  204,  257,  163,  691,  155,  683,  290,  146,  218,  581,  727,  402,  851,  327,  718,  210,  244,  922,  397,  726,  422,  125,  440,  946,  162,  304,  752,   37,   87,  718,  867,  405,  237,  163,  139,  539,  633,  366,  581,  927,  433,  533,  826,  421,  940,  701,  832,  226,  513,  575,  713,  783,  905,  489,  512,  394,  279,  120,  118,  547,  586,  228,  740,  384,  863,  419,  445,   66,  270,  334,  744,  270,  796,  450,  689,  271,  250,  375,  708,  523,  198,  539,  735,  231,  278,  695,  193,  469,  529,  837,  606,  447,  551,  183],
        [  349,    0,  318,  829,  334,  816,  540,  796,  517,  855,  586,  838,  494,  240,  935,  312,  230,  227,  524,    0,  171,  797,  384,  609,  160,  584,  297,  201,  566,  303,  277,  749,  776,  359,  886,  694,  184,  177,  739,  366,  353,  126,  197,  242,  425,  447,  590,  790,  130,  427,  167,   96,  333,  600,  513,  955,  444,  193,  186,  306,  427,  265,  157,  549,  357,  770,  658,  791,  434,  625,  515,  841,  392,  426,  799,  211,  587,  705,  157,  806,  613,  186,  526,  260,  170,  635,  694,  736,  554,  419,  146,  187,  740,  153,  542,  307,  828,  338,  593,  616,  365,  341,  363,  700,  673,  209,  383,  670,  477,  343,  220,  326,  395,  346,  243,  356,  610,  786,  484,  207,  148,  642,  783,  776,  596,  289,  479,  536,  439,  346,  348,  855,  673,  548,  622,  615,  414,  515,  104,  749,  188,  725,  531,  555,  776,  190,  358,  428,  951,  519,  786,  807,  695,  846,  701,  171,  705,  412,  642,  851,  828,  320,  340,  585,  341,  369,  431,  469,  366,  778,  529,  718,  274,  219,  587,  728,  633,  303,  754,  824,  677,  448,  217,  539,  558,  790,  604,   61,  440,  715,   86,  260,  723,  436],
        [  455,    0,  475,  999,  439,  979,  568,  933,  568,  957,  710,  921,  447,   80, 1032,  468,  383,  385,  537,  171,    0,  864,  327,  738,   90,  579,  296,  331,  713,  441,  446,  920,  823,  499,  953,  796,  250,  286,  860,  434,  473,   72,  157,  369,  581,  608,  687,  942,  260,  582,  243,  201,  370,  694,  589, 1043,  604,   27,  286,  339,  592,  434,  209,  654,  436,  932,  719,  938,  494,  685,  551, 1007,  541,  588,  867,  350,  757,  846,  133,  971,  514,  164,  686,  161,  300,  784,  751,  841,  461,  570,  296,  113,  832,  316,  712,  472,  913,  235,  557,  707,  434,  429,  381,  855,  691,  359,  310,  680,  420,  511,  342,  211,  536,  263,  389,  425,  550,  956,  367,  243,  124,  639,  875,  947,  647,  242,  649,  538,  460,  513,  431,  915,  731,  509,  602,  756,  582,  631,  270,  919,  334,  849,  701,  679,  947,  311,  492,  512, 1017,  675,  934,  963,  866,  936,  825,  294,  768,  446,  653,  955,  946,  386,  503,  698,  380,  243,  572,  473,  306,  837,  699,  774,  355,  102,  750,  781,  703,  433,  906,  928,  718,  604,  249,  619,  482,  935,  663,  155,  595,  883,  220,  410,  851,  398],
        [ 1071,    0,  912,  887,  472,  727,  321,  448,  298,  222,  349,  104,  553,  855,  241,  602,  891,  652,  371,  797,  864,    0,  621,  372,  923,  389,  578,  609,  498,  975,  815,  855,  105, 1001,   90,  205,  974,  943,  314, 1130, 1047,  882,  712,  572,  577,  618,  244,  577,  670,  981,  956,  705, 1120,  228,  285,  209,  954,  859,  612,  526,  644,  719,  664,  295, 1112,  699,  146,  528,  371,  179,  326,  787,  986,  624,    6,  920,  838,  447,  941,  757,  718,  975,  599,  751,  913,  512,  119,  214,  693,  543,  675,  758,  143,  831,  765,  660,  110,  736,  490,  208,  436,  457,  493,  574,  267,  892,  658,  299,  586,  686,  955,  765, 1018,  692,  921,  445,  573,  846,  767, 1003,  741,  361,  136,  889,  221,  655,  814,  395,  420,  852, 1100,   68,  138,  514,  429,  442,  702,  352,  814,  880,  639,  335,  883,  362,  880,  937, 1016,  371,  155,  561,  539,  626,  886,  147,  329,  631,   98,  423,  308,  234,  315,  483,  887,  298, 1127,  786,  490,  432,  636,   44,  770,  102, 1042,  792,  656,  105,  165,  529,  556,  222,  180,  571, 1013,  260,  632,  509,  201,  755,  566,  771,  864,  607,  361,  553],
        [  732,    0,  678, 1052,  356,  977,  300,  834,  336,  771,  599,  701,  121,  279,  831,  500,  601,  455,  253,  384,  327,  621,    0,  637,  414,  270,  124,  357,  671,  682,  608,  982,  554,  735,  705,  623,  547,  558,  723,  738,  736,  382,  191,  367,  591,  637,  519,  890,  340,  786,  534,  310,  685,  519,  398,  822,  791,  309,  296,  183,  636,  544,  243,  509,  733,  930,  479,  868,  299,  449,  298, 1020,  759,  622,  625,  592,  855,  763,  451,  982,  245,  486,  693,  169,  553,  738,  503,  670,  186,  562,  386,  221,  636,  518,  789,  540,  697,  121,  231,  523,  280,  317,  161,  821,  397,  584,   39,  378,   95,  589,  603,  152,  769,   77,  620,  276,  229, 1005,  175,  554,  242,  327,  673, 1015,  402,   96,  763,  239,  208,  678,  725,  657,  484,  183,  280,  683,  657,  515,  473,  992,  392,  722,  831,  574, 1012,  573,  736,  358,  765,  666,  870,  925,  955,  728,  699,  335,  526,  221,  353,  774,  795,  254,  686,  561,  695,  167,  533,  190,   22,  585,  781,  520,  649,  227,  772,  522,  482,  407,  854,  748,  450,  608,  561,  429,  176,  859,  429,  324,  598,  922,  469,  446,  734,   77],
        [  790,    0,  606,  528,  306,  389,  430,  201,  354,  287,   40,  337,  638,  764,  371,  319,  614,  398,  476,  609,  738,  372,  637,    0,  764,  543,  533,  412,  129,  685,  515,  488,  436,  696,  429,  169,  753,  703,  136,  869,  756,  726,  621,  372,  243,  271,  167,  265,  485,  652,  735,  541,  883,  181,  268,  418,  618,  745,  453,  465,  301,  428,  536,  142,  846,  351,  332,  235,  346,  325,  404,  445,  668,  283,  369,  656,  470,  128,  766,  411,  834,  793,  233,  690,  666,  147,  357,  183,  787,  222,  464,  661,  236,  578,  399,  361,  322,  716,  640,  196,  358,  331,  477,  224,  495,  623,  671,  521,  658,  368,  696,  734,  705,  682,  643,  363,  718,  485,  811,  790,  625,  558,  267,  523,  354,  615,  459,  513,  452,  532,  834,  437,  350,  635,  605,   74,  360,  122,  581,  512,  422,  118,  523,   64,  514,  688,  715,  280,  482,  197,  238,  308,  515,  317,   96,  447,  341,  424,  510,  277,  225,  393,  571,   97,  887,  772,  186,  497,  641,  388,  406,  374,  791,  706,  285,  391,  286,  308,  232,  254,  413,  229,  800,  248,  740,  224,  325,  591,  228,  405,  647,  356,  115,  603],
        [  375,    0,  421,  976,  477,  972,  639,  953,  630, 1000,  740,  973,  534,  164, 1078,  472,  329,  386,  612,  160,   90,  923,  414,  764,    0,  658,  370,  353,  724,  374,  409,  895,  889,  432, 1012,  838,  168,  215,  891,  347,  398,   41,  234,  393,  584,  604,  731,  949,  280,  523,  165,  228,  280,  740,  642, 1093,  551,  115,  322,  404,  584,  416,  259,  694,  350,  926,  779,  950,  553,  746,  619,  995,  479,  583,  925,  288,  727,  863,   44,  960,  604,   74,  684,  250,  237,  794,  813,  882,  551,  578,  304,  195,  879,  275,  689,  464,  964,  325,  643,  754,  488,  475,  452,  859,  766,  304,  399,  756,  507,  497,  272,  301,  470,  352,  329,  479,  639,  934,  456,  155,  190,  718,  923,  920,  711,  325,  618,  615,  531,  471,  346,  977,  792,  595,  685,  773,  565,  665,  235,  892,  345,  878,  662,  709,  921,  243,  422,  561, 1077,  678,  945,  966,  835,  985,  855,  319,  828,  513,  729,  997,  979,  440,  455,  734,  290,  332,  588,  549,  393,  899,  675,  836,  271,  191,  742,  845,  760,  457,  914,  970,  786,  607,  160,  671,  571,  949,  724,  176,  599,  866,  170,  419,  878,  483],
        [  922,    0,  820, 1043,  376,  927,  114,  715,  190,  579,  504,  484,  172,  543,  622,  557,  762,  553,   78,  584,  579,  389,  270,  543,  658,    0,  292,  464,  625,  850,  732,  986,  304,  894,  464,  461,  765,  758,  583,  949,  914,  622,  425,  449,  606,  657,  385,  807,  489,  918,  749,  491,  911,  376,  277,  597,  909,  565,  426,  282,  668,  645,  427,  401,  939,  885,  269,  772,  232,  251,  143,  980,  902,  650,  394,  770,  898,  667,  690,  943,  331,  726,  686,  431,  742,  678,  278,  503,  305,  570,  521,  467,  448,  683,  824,  613,  484,  390,  106,  370,  281,  333,  222,  761,  133,  752,  302,  110,  208,  658,  791,  421,  923,  346,  787,  286,  190,  996,  386,  780,  471,   60,  477, 1021,  205,  339,  829,   50,  156,  792,  929,  411,  265,  126,   63,  608,  710,  437,  647, 1003,  505,  590,  903,  490, 1015,  765,  902,  303,  518,  650,  777,  850,  982,  519,  571,  463,  306,  193,   88,  586,  634,  301,  814,  448,  920,  430,  522,  116,  289,  348,  822,  289,  857,  486,  764,  285,  294,  452,  775,  563,  210,  615,  789,  295,  244,  757,  238,  526,  606,  911,  667,  522,  610,  193],
        [  642,    0,  568,  930,  239,  859,  273,  733,  280,  699,  497,  645,  206,  278,  767,  377,  497,  333,  242,  297,  296,  578,  124,  533,  370,  292,    0,  235,  556,  582,  493,  859,  529,  632,  666,  543,  475,  473,  632,  662,  641,  332,  140,  243,  469,  514,  435,  779,  226,  674,  460,  209,  621,  438,  320,  767,  676,  287,  175,   68,  512,  424,  142,  416,  653,  812,  432,  760,  218,  399,  257,  900,  650,  499,  581,  495,  732,  657,  400,  863,  366,  436,  572,  175,  462,  624,  462,  590,  308,  441,  270,  185,  566,  415,  666,  417,  638,  184,  298,  446,  178,  204,   86,  706,  397,  483,  149,  387,  198,  466,  512,  205,  664,  150,  519,  171,  325,  883,  291,  489,  181,  351,  607,  892,  357,   84,  640,  247,  165,  561,  644,  624,  441,  255,  326,  573,  534,  413,  373,  869,  271,  627,  710,  470,  889,  483,  636,  261,  729,  546,  761,  812,  831,  666,  603,  216,  481,  155,  359,  700,  710,  141,  573,  466,  630,  240,  415,  180,  119,  548,  658,  483,  570,  215,  650,  489,  423,  285,  743,  673,  424,  487,  498,  352,  289,  752,  377,  238,  476,  800,  382,  322,  637,  147],
        [  476,    0,  356,  712,  138,  665,  391,  604,  348,  654,  387,  642,  433,  369,  735,  154,  304,   99,  392,  201,  331,  609,  357,  412,  353,  464,  235,    0,  385,  392,  269,  638,  600,  432,  696,  494,  368,  335,  539,  525,  460,  314,  243,   41,  262,  299,  391,  614,   74,  455,  349,  131,  512,  402,  326,  757,  451,  341,   64,  196,  291,  191,  147,  349,  508,  617,  476,  608,  266,  444,  360,  699,  439,  281,  610,  321,  500,  516,  357,  662,  600,  387,  369,  322,  307,  456,  513,  535,  542,  244,   68,  272,  541,  231,  437,  185,  631,  378,  506,  419,  197,  156,  254,  529,  524,  297,  376,  528,  430,  234,  352,  383,  460,  360,  331,  189,  549,  666,  511,  399,  229,  516,  585,  669,  422,  285,  407,  415,  309,  334,  497,  670,  493,  471,  516,  426,  303,  314,  207,  644,   42,  526,  475,  356,  667,  331,  442,  239,  761,  352,  605,  638,  602,  647,  502,   37,  520,  273,  502,  650,  628,  165,  352,  385,  519,  427,  242,  353,  348,  593,  429,  537,  435,  318,  442,  550,  445,  104,  578,  623,  508,  284,  409,  349,  523,  605,  424,  180,  274,  586,  257,   94,  526,  375],
        [  696,    0,  505,  421,  317,  309,  512,  240,  436,  405,  151,  464,  694,  752,  488,  255,  527,  341,  552,  566,  713,  498,  671,  129,  724,  625,  556,  385,    0,  589,  421,  371,  558,  594,  557,  297,  687,  631,  243,  782,  659,  689,  618,  349,  151,  160,  277,  230,  454,  539,  669,  513,  806,  293,  351,  540,  501,  725,  438,  490,  191,  345,  525,  237,  757,  264,  445,  226,  406,  433,  482,  358,  559,  177,  496,  574,  342,  149,  719,  320,  888,  743,  106,  694,  592,   72,  474,  309,  837,  147,  422,  652,  364,  505,  271,  280,  449,  733,  715,  311,  395,  354,  516,  151,  597,  540,  702,  621,  709,  272,  615,  746,  598,  704,  555,  398,  787,  375,  844,  727,  611,  649,  394,  407,  454,  631,  336,  589,  511,  426,  745,  565,  465,  701,  688,   72,  247,  191,  517,  393,  382,  220,  397,  147,  399,  612,  614,  333,  610,   75,  222,  258,  390,  443,  206,  421,  460,  477,  605,  393,  325,  418,  466,  209,  809,  787,  146,  560,  671,  513,  279,  493,  711,  699,  159,  510,  399,  287,  194,  374,  523,  129,  736,  340,  797,  225,  429,  560,  134,  292,  588,  307,  203,  651],
        [  108,    0,   92,  683,  515,  736,  782,  826,  738,  967,  679,  987,  786,  520, 1052,  377,   88,  325,  780,  303,  441,  975,  682,  685,  374,  850,  582,  392,  589,    0,  170,  604,  982,   58, 1057,  821,  218,  160,  819,  201,   73,  371,  499,  418,  444,  431,  736,  769,  361,  157,  214,  374,  253,  751,  703, 1090,  196,  467,  424,  570,  401,  261,  442,  687,  174,  696,  854,  789,  656,  824,  751,  739,  109,  413,  975,   93,  429,  736,  335,  711,  915,  328,  504,  561,  141,  642,  891,  853,  856,  464,  330,  488,  880,  168,  423,  326,  974,  640,  877,  771,  588,  544,  630,  677,  915,  100,  684,  919,  772,  319,  103,  626,   96,  648,   64,  580,  904,  651,  785,  253,  451,  904,  922,  620,  808,  588,  329,  800,  695,  176,  162, 1040,  873,  836,  897,  657,  350,  636,  210,  592,  352,  798,  342,  652,  624,  132,   55,  619, 1120,  519,  780,  768,  527,  982,  779,  387,  895,  661,  892,  959,  907,  555,  138,  704,  252,  668,  506,  735,  665,  966,  407,  916,  161,  515,  527,  930,  818,  448,  740,  935,  895,  463,  257,  721,  857,  796,  806,  360,  460,  603,  226,  369,  787,  727],
