{
    "name": "random-89-13378",
    "comment": "size=89 seed=13378",
    "nodes": ["+0", "-0", "+1", "-1", "+2", "-2", "+3", "-3", "+4", "-4", "+5", "-5", "+6", "-6", "+7", "-7", "+8", "-8", "+9", "-9", "+10", "-10", "+11", "-11", "+12", "-12", "+13", "-13", "+14", "-14", "+15", "-15", "+16", "-16", "+17", "-17", "+18", "-18", "+19", "-19", "+20", "-20", "+21", "-21", "+22", "-22", "+23", "-23", "+24", "-24", "+25", "-25", "+26", "-26", "+27", "-27", "+28", "-28", "+29", "-29", "+30", "-30", "+31", "-31", "+32", "-32", "+33", "-33", "+34", "-34", "+35", "-35", "+36", "-36", "+37", "-37", "+38", "-38", "+39", "-39", "+40", "-40", "+41", "-41", "+42", "-42", "+43", "-43", "+44", "-44", "+45", "-45", "+46", "-46", "+47", "-47", "+48", "-48", "+49", "-49", "+50", "-50", "+51", "-51", "+52", "-52", "+53", "-53", "+54", "-54", "+55", "-55", "+56", "-56", "+57", "-57", "+58", "-58", "+59", "-59", "+60", "-60", "+61", "-61", "+62", "-62", "+63", "-63", "+64", "-64", "+65", "-65", "+66", "-66", "+67", "-67", "+68", "-68", "+69", "-69", "+70", "-70", "+71", "-71", "+72", "-72", "+73", "-73", "+74", "-74", "+75", "-75", "+76", "-76", "+77", "-77", "+78", "-78", "+79", "-79", "+80", "-80", "+81", "-81", "+82", "-82", "+83", "-83", "+84", "-84", "+85", "-85", "+86", "-86", "+87", "-87", "+88", "-88", "+89", "-89"],
    "precedence": {
        "+0": "-0",
        "+1": "-1",
        "+2": "-2",
        "+3": "-3",
        "+4": "-4",
        "+5": "-5",
        "+6": "-6",
        "+7": "-7",
        "+8": "-8",
        "+9": "-9",
        "+10": "-10",
        "+11": "-11",
        "+12": "-12",
        "+13": "-13",
        "+14": "-14",
        "+15": "-15",
        "+16": "-16",
        "+17": "-17",
        "+18": "-18",
        "+19": "-19",
        "+20": "-20",
        "+21": "-21",
        "+22": "-22",
        "+23": "-23",
        "+24": "-24",
        "+25": "-25",
        "+26": "-26",
        "+27": "-27",
        "+28": "-28",
        "+29": "-29",
        "+30": "-30",
        "+31": "-31",
        "+32": "-32",
        "+33": "-33",
        "+34": "-34",
        "+35": "-35",
        "+36": "-36",
        "+37": "-37",
        "+38": "-38",
        "+39": "-39",
        "+40": "-40",
        "+41": "-41",
        "+42": "-42",
        "+43": "-43",
        "+44": "-44",
        "+45": "-45",
        "+46": "-46",
        "+47": "-47",
        "+48": "-48",
        "+49": "-49",
        "+50": "-50",
        "+51": "-51",
        "+52": "-52",
        "+53": "-53",
        "+54": "-54",
        "+55": "-55",
        "+56": "-56",
        "+57": "-57",
        "+58": "-58",
        "+59": "-59",
        "+60": "-60",
        "+61": "-61",
        "+62": "-62",
        "+63": "-63",
        "+64": "-64",
        "+65": "-65",
        "+66": "-66",
        "+67": "-67",
        "+68": "-68",
        "+69": "-69",
        "+70": "-70",
        "+71": "-71",
        "+72": "-72",
        "+73": "-73",
        "+74": "-74",
        "+75": "-75",
        "+76": "-76",
        "+77": "-77",
        "+78": "-78",
        "+79": "-79",
        "+80": "-80",
        "+81": "-81",
        "+82": "-82",
        "+83": "-83",
        "+84": "-84",
        "+85": "-85",
        "+86": "-86",
        "+87": "-87",
        "+88": "-88",
        "+89": "-89"
    },
    "edges": [
        [    0,    0,  776,  756, 1030,  168, 1267,  621,  949,  870,  845,  259, 1097,  572, 1113,  584, 1106,  278,  535,  976, 1126,  495,  678,  105,  712,  809,  774,  303,  876,  861,  882,  693,   23, 1009, 1072,  837,  354,  879,  340, 1003,  717,  718,  787,  384,  708,  687,  185,  887,  343,   25,  826,  939,  838,   58,  828,  941,  651, 1061,  412,  947,  838,  677,  591,  763,  500,  742, 1028, 1186,  728,  780,  944,  826,  793,  566,  904,  679,  750, 1186,  777, 1043, 1097, 1072,  796,  331,  714,  926,  708,  346, 1196,  830,  985,  946,  876,  830, 1040,  700,  588,  559, 1013,  731,  957, 1149,  512,  817,  932,  384,  646,  229,  715,  230,  715,  104, 1258,  901,  353,  582,  934,  830,  796,  629,  639,  920,  508, 1079,  620,  458,  533,  438,  579,  659,  875,  987,  805, 1027,  934,  942,  981,  878,  679, 1093,  565,  280,  659, 1101,  374,  773,  878,  132,  204,  576,  831,  838,  829, 1018,  790,  810,  442,  116,  312,  632,  824,  481,  699,  801,  556,  683,  206, 1032,  882, 1039,  816,  820,  132,  824,  438,  723,  485,  893,  562,  616],
        [    0,    0,    0,    0,    0,    0,    0,    0,    0,    0,    0,    0,    0,    0,    0,    0,    0,    0,    0,    0,    0,    0,    0,    0,    0,    0,    0,    0,    0,    0,    0,    0,    0,    0,    0,    0,    0,    0,    0,    0,    0,    0,    0,    0,    0,    0,    0,    0,    0,    0,    0,    0,    0,    0,    0,    0,    0,    0,    0,    0,    0,    0,    0,    0,    0,    0,    0,    0,    0,    0,    0,    0,    0,    0,    0,    0,    0,    0,    0,    0,    0,    0,    0,    0,    0,    0,    0,    0,    0,    0,    0,    0,    0,    0,    0,    0,    0,    0,    0,    0,    0,    0,    0,    0,    0,    0,    0,    0,    0,    0,    0,    0,    0,    0,    0,    0,    0,    0,    0,    0,    0,    0,    0,    0,    0,    0,    0,    0,    0,    0,    0,    0,    0,    0,    0,    0,    0,    0,    0,    0,    0,    0,    0,    0,    0,    0,    0,    0,    0,    0,    0,    0,    0,    0,    0,    0,    0,    0,    0,    0,    0,    0,    0,    0,    0,    0,    0,    0,    0,    0,    0,    0,    0,    0,    0,    0,    0,    0,    0,    0],
        [  776,    0,    0,  407,  285,  757,  592,  284,  505,  355,  361,  622,  347,  670,  523,  361,  549,  498,  444,  642,  477,  423,  295,  689,  296,  347,  216,  533,  237,  706,  821,   84,  777,  703,  501,  359,  432,  136,  636,  304,  327,  334,  169,  530,  284,  301,  675,  112,  647,  762,  454,  165,  187,  755,  430,  196,  294,  395,  445,  685,  817,  492,  353,  770,  595,  694,  519,  458,  207,   91,  239,  123,  176,  507,  853,  221,  307,  560,  248,  309,  368,  385,  507,  510,  380,  745,  161,  623,  487,  834,  441,  837,  116,  259,  304,  834,  274,  309,  240,  129,  490,  553,  598,   88,  369,  712,  454,  733,  793,  547,  646,  712,  609,  138,  492,  259,  783,  742,  194,  732,  484,  548,  364,  380,  158,  719,  256,  430,  766,  815,  677,  252,  669,  692,  249,  914,  209,  252,   98,  373,  753,  505,  809,  608,  496,  276,  167,  645,  725,  325,  836,  252,  406,  260,  879,  184,  341,  693,  476,  387,  835,  407,  282,  401,  393,  789,  624,  260,  531,  438,  750,  836,  649,  174,  690,  779,  686,  136,  221,  204],
        [  756,    0,  407,    0,  442,  652,  548,  189,  194,  755,  755,  510,  495,  354,  369,  180,  355,  530,  224,  269,  408,  668,  642,  713,  658,  735,  607,  660,  643,  300,  418,  385,  769,  324,  326,  752,  444,  529,  463,  365,   86,   78,  249,  379,  645,  652,  587,  444,  468,  734,   75,  461,  265,  765,   72,  393,  154,  370,  633,  290,  420,  129,  653,  385,  329,  307,  273,  527,  201,  321,  341,  529,  576,  223,  450,  203,  682,  450,  167,  432,  461,  397,  102,  652,   47,  340,  252,  450,  515,  440,  242,  431,  396,  190,  433,  475,  565,  238,  500,  508,  201,  405,  324,  493,  774,  496,  127,  600,  425,  585,  264,  744,  525,  512,  405,  255,  377,  341,  228,  391,  151,  184,  264,  413,  368,  461,  467,  635,  450,  470,  272,  400,  266,  325,  650,  511,  477,  242,  399,  447,  442,  502,  463,  346,  668,  137,  569,  654,  607,  614,  441,  203,   77,  457,  499,  246,  397,  728,  470,  125,  442,  640,  639,   48,  673,  432,  553,  509,  152,  310,  351,  444,  668,  266,  445,  407,  416,  518,  443,  280],
        [ 1030,    0,  285,  442,    0,  983,  323,  440,  419,  549,  567,  839,   67,  787,  322,  509,  365,  755,  595,  571,  243,  706,  560,  952,  551,  568,  453,  811,  410,  706,  832,  357, 1034,  630,  323,  568,  677,  279,  828,   93,  402,  407,  253,  724,  541,  564,  904,  190,  837, 1014,  443,  144,  206, 1016,  417,   92,  426,  171,  728,  640,  846,  566,  632,  822,  739,  745,  380,  175,  322,  252,  104,  330,  406,  633,  862,  369,  550,  324,  300,   34,   88,  142,  518,  790,  446,  723,  326,  815,  209,  869,  311,  825,  169,  258,   28,  917,  557,  494,  105,  397,  395,  340,  737,  305,  529,  888,  549,  948,  866,  808,  704,  977,  354,  239,  708,  458,  764,  762,  254,  830,  579,  490,  554,  125,  420,  873,  534,  713,  885,  911,  666,   47,  690,  606,  371,  920,  111,  202,  376,   99,  876,  752,  904,  451,  778,  323,  324,  902,  945,  606,  870,  245,  392,   38,  936,  235,  589,  959,  720,  501,  872,  691,  542,  408,  674,  873,  856,   97,  493,  259,  777,  875,  909,  216,  850,  847,  832,  254,  499,  417],
        [  168,    0,  757,  652,  983,    0, 1187,  550,  839,  917,  896,  147, 1050,  418, 1019,  496, 1007,  286,  429,  847, 1045,  567,  725,  225,  758,  860,  801,  386,  899,  715,  724,  675,  191,  873,  976,  888,  328,  875,  198,  942,  629,  629,  732,  275,  751,  735,   82,  863,  198,  146,  716,  912,  781,  217,  723,  898,  574,  988,  479,  809,  679,  556,  649,  604,  359,  591,  924, 1126,  666,  741,  889,  829,  810,  443,  745,  617,  797, 1097,  706,  991, 1040, 1004,  676,  410,  615,  779,  658,  209, 1129,  670,  891,  790,  844,  758,  989,  535,  623,  491,  982,  739,  850, 1055,  370,  813,  975,  222,  532,   65,  553,  266,  569,  244, 1172,  891,  276,  526,  783,  678,  735,  469,  519,  800,  433, 1014,  600,  295,  543,  504,  415,  494,  733,  938,  660,  895,  950,  780,  951,  810,  666, 1034,  401,  262,  495,  989,  456,  695,  883,  199,   47,  626,  671,  768,  728,  977,  625,  752,  418,  245,  285,  534,  663,  545,  742,  699,  623,  520,  134, 1000,  763,  952,  662,  659,  215,  769,  280,  563,  328,  885,  564,  571],
        [ 1267,    0,  592,  548,  323, 1187,    0,  646,  403,  869,  888, 1042,  285,  891,  195,  692,  235, 1005,  762,  514,  143, 1011,  879, 1203,  872,  891,  775, 1090,  730,  700,  818,  651, 1275,  553,  237,  890,  920,  602, 1006,  290,  559,  559,  495,  913,  862,  883, 1115,  510, 1012, 1248,  504,  466,  445, 1264,  487,  399,  618,  210, 1020,  595,  849,  670,  944,  854,  877,  788,  315,  169,  543,  533,  356,  652,  728,  770,  840,  591,  872,  115,  491,  292,  237,  209,  571, 1072,  578,  687,  574,  993,  120,  875,  310,  784,  480,  438,  297,  971,  864,  709,  418,  713,  382,  171,  872,  626,  844, 1043,  675, 1140,  915, 1062,  762, 1232,   59,  561,  920,  689,  725,  768,  480,  911,  698,  477,  761,  213,  700, 1008,  823, 1009,  980,  979,  656,  343,  710,  519,  687,  887,  431,  394,  671,  225,  975,  991,  972,  318, 1068,  496,  646, 1148, 1144,  916,  876,  431,  473,  359,  960,  470,  841, 1213,  958,  657,  881,  992,  862,  501,  984,  933, 1074,  403,  502,  239,  788,  885, 1158,  461,  993,  893,  961,  576,  787,  666],
        [  621,    0,  284,  189,  440,  550,  646,    0,  367,  602,  597,  404,  505,  387,  498,   79,  498,  367,  165,  458,  505,  479,  467,  562,  486,  573,  452,  481,  508,  459,  562,  232,  630,  512,  458,  593,  279,  419,  388,  393,  113,  119,  189,  285,  473,  477,  474,  362,  398,  602,  262,  398,  235,  620,  250,  362,   37,  442,  446,  473,  550,  223,  468,  496,  316,  422,  429,  576,  119,  224,  342,  400,  429,  224,  594,   74,  515,  567,  157,  444,  492,  455,  280,  470,  144,  510,  131,  375,  580,  564,  373,  590,  326,  211,  443,  551,  382,   64,  459,  353,  366,  534,  318,  368,  631,  452,  179,  510,  513,  424,  373,  591,  638,  414,  277,   67,  543,  482,  188,  449,  207,  372,  117,  464,  193,  446,  280,  447,  484,  532,  441,  394,  413,  513,  530,  654,  430,  261,  241,  484,  472,  348,  526,  513,  483,  152,  449,  504,  509,  429,  566,  219,  239,  439,  600,  206,  216,  573,  314,  110,  564,  451,  467,  216,  486,  507,  430,  474,  340,  420,  486,  564,  516,  225,  420,  500,  409,  416,  258,  101],
        [  949,    0,  505,  194,  419,  839,  403,  367,    0,  858,  865,  700,  450,  496,  209,  373,  179,  722,  415,  153,  281,  836,  779,  907,  788,  851,  720,  847,  731,  307,  431,  512,  962,  213,  167,  863,  635,  601,  645,  327,  255,  250,  337,  569,  775,  787,  777,  500,  649,  927,  124,  495,  322,  959,  123,  409,  331,  281,  811,  223,  455,  288,  807,  453,  498,  385,   92,  436,  328,  414,  341,  619,  681,  399,  458,  354,  806,  292,  268,  395,  399,  316,  175,  837,  239,  310,  381,  634,  407,  481,  114,  413,  449,  246,  399,  569,  717,  424,  507,  625,   26,  239,  491,  583,  864,  666,  308,  784,  513,  778,  360,  938,  367,  572,  599,  431,  352,  372,  312,  510,  323,   78,  456,  338,  518,  621,  632,  810,  580,  576,  264,  389,  309,  194,  721,  512,  494,  265,  530,  380,  577,  695,  569,  152,  849,  247,  647,  847,  794,  770,  482,  254,  129,  447,  562,  321,  582,  922,  663,  319,  486,  809,  771,  154,  833,  530,  745,  508,  100,  189,  391,  490,  862,  333,  611,  491,  574,  583,  603,  441],
        [  870,    0,  355,  755,  549,  917,  869,  602,  858,    0,   31,  815,  586,  966,  849,  670,  883,  632,  738,  997,  785,  380,  194,  766,  160,   64,  150,  569,  140, 1051, 1161,  373,  861, 1058,  835,   39,  610,  274,  862,  609,  672,  679,  524,  769,  166,  184,  841,  377,  875,  866,  807,  409,  537,  828,  784,  491,  623,  705,  459, 1038, 1151,  823,  280, 1096,  876, 1023,  865,  707,  555,  446,  556,  241,  180,  811, 1193,  557,  121,  868,  602,  582,  633,  683,  856,  540,  723, 1095,  504,  852,  751, 1165,  787, 1183,  423,  613,  576, 1141,  296,  600,  452,  250,  842,  875,  883,  276,   67,  950,  780,  917, 1108,  657,  974,  776,  902,  313,  707,  552, 1131, 1081,  549, 1035,  807,  903,  638,  670,  413,  979,  393,  433, 1054, 1116, 1026,  540, 1010, 1047,  187, 1254,  439,  599,  362,  647, 1039,  661, 1111,  952,  501,  630,  227,  746,  900,  295, 1167,  605,  760,  512, 1198,  538,  539,  760,  647,  711, 1165,  390,  176,  754,  319, 1098,  791,  468,  885,  769, 1086, 1165,  741,  526,  947, 1097,  957,  298,  387,  502],
        [  845,    0,  361,  755,  567,  896,  888,  597,  865,   31,    0,  797,  607,  956,  863,  664,  896,  611,  730, 1001,  801,  353,  172,  741,  139,   37,  149,  543,  159, 1050, 1158,  372,  836, 1062,  848,    9,  593,  290,  846,  625,  671,  679,  529,  755,  147,  162,  821,  391,  859,  841,  809,  426,  545,  802,  787,  506,  621,  721,  434, 1041, 1147,  819,  255, 1091,  865, 1018,  875,  728,  557,  452,  569,  251,  185,  803, 1190,  556,  100,  885,  606,  600,  652,  700,  856,  515,  722, 1095,  504,  836,  771, 1160,  797, 1182,  435,  619,  594, 1132,  277,  593,  472,  248,  850,  889,  872,  286,   97,  935,  776,  898, 1101,  634,  969,  750,  920,  330,  691,  546, 1131, 1078,  554, 1026,  802,  907,  629,  688,  407,  965,  378,  408, 1043, 1106, 1026,  556, 1007, 1052,  211, 1251,  457,  608,  359,  665, 1028,  642, 1101,  962,  475,  633,  244,  722,  880,  272, 1162,  612,  764,  530, 1191,  545,  524,  734,  628,  707, 1160,  365,  156,  757,  292, 1089,  771,  489,  888,  782, 1082, 1160,  716,  533,  933, 1090,  945,  315,  374,  497],
        [  259,    0,  622,  510,  839,  147, 1042,  404,  700,  815,  797,    0,  905,  324,  875,  350,  864,  199,  287,  719,  899,  495,  626,  256,  659,  762,  688,  343,  781,  604,  634,  542,  276,  750,  833,  789,  207,  746,   92,  797,  483,  483,  587,  132,  650,  637,   78,  726,  100,  235,  577,  773,  636,  285,  581,  755,  427,  842,  410,  688,  593,  421,  562,  517,  243,  488,  783,  980,  520,  600,  744,  703,  692,  309,  658,  472,  697,  952,  559,  846,  895,  858,  541,  359,  471,  669,  515,   94,  983,  588,  747,  695,  703,  612,  844,  473,  521,  346,  842,  617,  710,  911,  255,  684,  869,  169,  393,  112,  477,  209,  459,  286, 1027,  758,  133,  383,  679,  577,  590,  388,  383,  666,  288,  868,  468,  233,  427,  432,  352,  434,  617,  794,  548,  769,  828,  701,  811,  664,  534,  888,  336,  160,  433,  851,  402,  549,  758,  202,  106,  533,  590,  622,  586,  834,  561,  607,  290,  276,  169,  389,  583,  469,  641,  557,  545,  448,   63,  860,  628,  807,  564,  579,  221,  625,  205,  483,  246,  753,  443,  430],
        [ 1097,    0,  347,  495,   67, 1050,  285,  505,  450,  586,  607,  905,    0,  844,  324,  573,  370,  822,  657,  601,  234,  767,  614, 1019,  603,  611,  502,  876,  448,  747,  873,  421, 1101,  657,  333,  609,  744,  325,  893,  132,  461,  465,  319,  789,  593,  617,  971,  246,  902, 1081,  489,  195,  271, 1083,  464,  158,  489,  179,  791,  673,  890,  622,  689,  870,  799,  794,  400,  122,  387,  318,  165,  380,  455,  693,  902,  434,  598,  308,  361,   65,   60,  143,  565,  854,  503,  759,  393,  879,  166,  913,  339,  861,  232,  316,   64,  969,  617,  560,  135,  454,  426,  335,  798,  359,  560,  951,  606, 1013,  917,  875,  755, 1044,  323,  284,  774,  524,  800,  806,  318,  885,  636,  525,  619,  121,  486,  935,  599,  776,  942,  965,  706,  112,  734,  631,  403,  959,  154,  259,  440,   80,  933,  819,  958,  462,  842,  382,  367,  969, 1011,  665,  914,  303,  440,   88,  984,  300,  656, 1025,  787,  561,  918,  752,  595,  458,  732,  926,  923,  119,  532,  275,  821,  920,  976,  281,  912,  898,  892,  300,  563,  483],
        [  572,    0,  670,  354,  787,  418,  891,  387,  496,  966,  956,  324,  844,    0,  701,  310,  674,  473,  230,  457,  755,  735,  802,  579,  829,  927,  819,  631,  888,  300,  311,  612,  592,  471,  658,  951,  421,  805,  235,  715,  386,  381,  556,  245,  818,  814,  389,  745,  229,  548,  388,  776,  590,  606,  406,  724,  383,  723,  664,  405,  270,  226,  770,  194,   99,  174,  588,  881,  487,  608,  684,  784,  804,  164,  335,  455,  864,  784,  490,  780,  813,  750,  322,  639,  342,  363,  516,  231,  867,  266,  581,  374,  705,  530,  781,  179,  700,  370,  829,  725,  514,  733,   89,  754, 1004,  202,  239,  354,  163,  507,  159,  609,  860,  801,  318,  420,  365,  260,  545,   74,  209,  436,  328,  767,  556,  136,  588,  680,   99,  150,  324,  742,  249,  497,  915,  379,  802,  586,  616,  800,   90,  429,  145,  631,  675,  465,  835,  523,  374,  733,  268,  543,  423,  796,  253,  565,  450,  599,  414,  293,  261,  706,  809,  398,  769,  140,  386,  841,  402,  656,  245,  258,  543,  586,  141,  163,   94,  802,  585,  475],
        [ 1113,    0,  523,  369,  322, 1019,  195,  498,  209,  849,  863,  875,  324,  701,    0,  529,   50,  864,  591,  324,   96,  917,  817, 1058,  818,  858,  731,  967,  712,  507,  626,  561, 1123,  369,   44,  863,  776,  576,  831,  243,  396,  395,  384,  745,  806,  823,  951,  473,  836, 1092,  316,  446,  344, 1115,  303,  360,  465,  152,  911,  405,  656,  485,  866,  659,  694,  594,  120,  263,  413,  444,  294,  613,  686,  590,  650,  455,  826,   84,  352,  290,  264,  183,  380,  953,  405,  497,  456,  819,  222,  682,  129,  596,  429,  304,  296,  777,  780,  560,  426,  651,  188,   37,  688,  581,  839,  862,  495,  968,  721,  920,  569, 1088,  159,  539,  761,  550,  537,  574,  363,  718,  515,  282,  606,  204,  594,  822,  717,  904,  788,  785,  463,  315,  515,  337,  683,  699,  426,  280,  582,  244,  784,  844,  778,  144,  956,  348,  624, 1000,  975,  833,  683,  303,  293,  359,  766,  360,  707, 1070,  811,  487,  688,  895,  804,  322,  901,  739,  913,  419,  308,   87,  594,  692, 1013,  360,  809,  699,  775,  553,  683,  540],
        [  584,    0,  361,  180,  509,  496,  692,   79,  373,  670,  664,  350,  573,  310,  529,    0,  523,  350,   88,  438,  549,  511,  524,  536,  546,  638,  521,  483,  582,  409,  502,  306,  595,  487,  488,  659,  264,  496,  323,  455,  134,  135,  261,  223,  534,  535,  424,  440,  331,  563,  254,  475,  304,  590,  250,  435,   84,  493,  466,  440,  486,  166,  514,  428,  238,  356,  446,  636,  190,  302,  408,  475,  501,  147,  534,  150,  577,  604,  215,  511,  555,  510,  252,  477,  134,  465,  209,  309,  636,  498,  401,  537,  403,  266,  510,  476,  432,   76,  535,  424,  377,  566,  240,  445,  703,  379,  120,  451,  440,  406,  308,  566,  678,  493,  232,  119,  494,  424,  256,  372,  141,  360,   85,  522,  257,  370,  323,  471,  406,  455,  397,  463,  358,  494,  607,  593,  506,  320,  312,  546,  393,  323,  450,  524,  497,  201,  526,  476,  453,  475,  499,  277,  248,  511,  529,  276,  225,  550,  291,   60,  498,  482,  527,  220,  527,  432,  384,  549,  325,  458,  425,  497,  490,  296,  344,  428,  332,  494,  308,  169],
        [ 1106,    0,  549,  355,  365, 1007,  235,  498,  179,  883,  896,  864,  370,  674,   50,  523,    0,  864,  578,  280,  145,  933,  842, 1056,  844,  889,  760,  974,  747,  466,  584,  582, 1118,  323,   49,  895,  776,  611,  816,  282,  392,  390,  402,  733,  832,  849,  940,  507,  820, 1085,  295,  483,  366, 1112,  285,  396,  464,  195,  922,  361,  615,  463,  887,  622,  674,  559,   87,  313,  423,  467,  328,  645,  716,  572,  606,  462,  854,  121,  360,  334,  311,  229,  353,  960,  394,  453,  469,  803,  271,  641,  126,  551,  461,  317,  339,  741,  799,  560,  469,  677,  161,   65,  667,  611,  876,  842,  478,  954,  685,  920,  537, 1086,  192,  575,  754,  554,  492,  535,  379,  687,  496,  247,  602,  250,  608,  799,  731,  917,  758,  751,  422,  355,  478,  290,  721,  654,  466,  301,  602,  291,  756,  842,  744,   95,  966,  352,  659,  997,  962,  853,  642,  317,  279,  402,  726,  379,  711, 1069,  809,  476,  647,  910,  830,  308,  920,  705,  905,  462,  276,  115,  555,  652, 1010,  381,  787,  663,  752,  588,  698,  549],
        [  278,    0,  498,  530,  755,  286, 1005,  367,  722,  632,  611,  199,  822,  473,  864,  350,  864,    0,  332,  780,  866,  296,  439,  199,  473,  576,  517,  159,  616,  709,  767,  415,  281,  824,  825,  603,   88,  605,  274,  733,  474,  477,  516,  229,  466,  450,  211,  609,  286,  265,  604,  661,  567,  262,  600,  665,  401,  797,  212,  770,  733,  484,  368,  660,  376,  613,  792,  914,  462,  504,  671,  554,  529,  391,  795,  415,  512,  932,  517,  769,  824,  804,  593,  168,  484,  773,  437,  269,  927,  735,  739,  820,  599,  569,  766,  642,  338,  304,  735,  461,  725,  900,  388,  543,  689,  362,  443,  289,  635,   57,  573,  227, 1001,  625,  158,  317,  792,  699,  527,  545,  447,  709,  266,  810,  343,  416,  262,  233,  526,  605,  711,  712,  653,  835,  670,  845,  704,  612,  402,  821,  510,   45,  603,  872,  208,  517,  608,  148,  270,  342,  736,  575,  595,  741,  724,  540,  167,  209,   64,  407,  731,  271,  457,  569,  347,  610,  162,  754,  672,  784,  691,  728,  155,  553,  385,  635,  416,  618,  288,  343],
        [  535,    0,  444,  224,  595,  429,  762,  165,  415,  738,  730,  287,  657,  230,  591,   88,  578,  332,    0,  452,  619,  540,  581,  500,  606,  701,  590,  480,  658,  384,  460,  383,  548,  493,  548,  724,  254,  579,  245,  537,  206,  204,  348,  155,  594,  592,  363,  526,  251,  512,  292,  562,  390,  548,  295,  521,  170,  568,  483,  438,  437,  153,  559,  371,  152,  307,  497,  716,  277,  388,  493,  555,  575,   76,  491,  237,  639,  669,  297,  595,  637,  588,  266,  479,  186,  446,  295,  232,  713,  445,  462,  504,  490,  346,  594,  403,  482,  140,  622,  496,  424,  626,  155,  526,  775,  294,  114,  379,  372,  383,  261,  531,  744,  577,  188,  190,  468,  385,  342,  297,  116,  387,  105,  601,  327,  283,  370,  492,  324,  379,  381,  548,  329,  506,  687,  547,  593,  402,  387,  627,  310,  296,  374,  567,  506,  280,  606,  439,  385,  520,  446,  358,  300,  597,  464,  362,  246,  516,  268,  106,  443,  510,  586,  271,  565,  360,  330,  636,  350,  525,  382,  442,  455,  382,  257,  364,  245,  578,  362,  245],
        [  976,    0,  642,  269,  571,  847,  514,  458,  153,  997, 1001,  719,  601,  457,  324,  438,  280,  780,  452,    0,  411,  936,  902,  950,  915,  985,  854,  920,  873,  194,  305,  638,  992,   62,  291,  999,  697,  746,  649,  479,  350,  344,  474,  594,  902,  912,  795,  648,  650,  953,  199,  646,  466,  995,  218,  561,  422,  427,  900,   82,  339,  301,  919,  357,  489,  307,  210,  575,  449,  551,  493,  760,  818,  411,  327,  464,  936,  400,  396,  547,  547,  463,  188,  914,  314,  174,  504,  639,  541,  366,  263,  272,  597,  386,  551,  481,  831,  504,  660,  757,  177,  344,  479,  724, 1007,  649,  339,  786,  426,  833,  300,  981,  467,  720,  639,  524,  213,  263,  449,  448,  340,   94,  521,  485,  632,  591,  735,  902,  523,  498,  152,  542,  221,   57,  867,  375,  646,  413,  655,  528,  524,  747,  492,  202,  933,  370,  792,  889,  801,  881,  366,  396,  239,  600,  454,  460,  661,  967,  718,  378,  373,  908,  897,  251,  941,  450,  772,  661,  119,  331,  285,  377,  906,  475,  589,  403,  546,  730,  710,  546],
        [ 1126,    0,  477,  408,  243, 1045,  143,  505,  281,  785,  801,  899,  234,  755,   96,  549,  145,  866,  619,  411,    0,  888,  770, 1063,  768,  799,  675,  956,  646,  586,  709,  527, 1134,  460,  121,  801,  780,  512,  863,  178,  416,  417,  361,  770,  756,  776,  972,  412,  870, 1106,  368,  377,  314, 1123,  350,  296,  475,   82,  891,  491,  735,  532,  828,  732,  737,  663,  202,  168,  405,  408,  239,  555,  629,  630,  734,  451,  772,   84,  350,  209,  174,  102,  439,  939,  436,  582,  439,  850,  130,  760,  176,  683,  373,  297,  215,  846,  745,  568,  347,  603,  257,  101,  732,  524,  769,  903,  535,  997,  790,  922,  633, 1092,  138,  472,  778,  550,  623,  652,  344,  779,  559,  358,  619,  119,  570,  869,  694,  881,  846,  850,  542,  245,  589,  429,  611,  785,  351,  258,  548,  154,  841,  851,  843,  240,  938,  353,  558, 1007, 1001,  798,  761,  291,  334,  280,  842,  336,  703, 1074,  817,  514,  766,  867,  755,  361,  866,  806,  931,  337,  378,   99,  671,  770, 1018,  330,  853,  769,  823,  487,  659,  529],
        [  495,    0,  423,  668,  706,  567, 1011,  479,  836,  380,  353,  495,  767,  735,  917,  511,  933,  296,  540,  936,  888,    0,  198,  391,  230,  317,  315,  192,  417,  918, 1000,  361,  485,  990,  887,  345,  317,  469,  565,  721,  588,  594,  534,  498,  229,  204,  500,  522,  577,  494,  739,  576,  576,  451,  725,  619,  514,  808,   89,  949,  975,  675,  103,  906,  637,  847,  881,  881,  514,  480,  655,  408,  349,  614, 1031,  483,  264,  967,  577,  731,  790,  802,  757,  165,  623,  975,  465,  558,  909,  981,  812, 1042,  538,  617,  727,  912,  151,  438,  647,  318,  830,  951,  646,  417,  445,  655,  629,  581,  895,  302,  801,  399, 1024,  503,  424,  413, 1003,  924,  555,  809,  645,  849,  440,  799,  325,  703,  205,   64,  804,  879,  907,  674,  865,  992,  482, 1087,  620,  638,  341,  795,  787,  337,  875,  970,  123,  593,  448,  379,  560,  107,  983,  617,  711,  680,  987,  558,  295,  383,  337,  570,  979,   30,  222,  691,   62,  875,  454,  668,  819,  831,  921,  977,  371,  560,  670,  891,  695,  491,  236,  396],
        [  678,    0,  295,  642,  560,  725,  879,  467,  779,  194,  172,  626,  614,  802,  817,  524,  842,  439,  581,  902,  770,  198,    0,  575,   35,  137,  123,  380,  221,  925, 1025,  267,  671,  961,  794,  164,  423,  295,  678,  595,  557,  564,  446,  590,   31,   12,  649,  371,  691,  674,  704,  420,  477,  638,  685,  480,  495,  688,  270,  931, 1010,  687,   97,  949,  708,  880,  805,  733,  454,  376,  531,  235,  165,  656, 1057,  440,   73,  853,  511,  589,  647,  675,  741,  352,  603,  976,  400,  669,  768, 1021,  729, 1056,  400,  538,  584,  980,  107,  450,  484,  168,  767,  847,  716,  255,  255,  768,  641,  726,  952,  464,  831,  587,  901,  334,  524,  407, 1009,  946,  471,  874,  665,  809,  477,  668,  276,  802,  215,  244,  885,  952,  906,  536,  878,  956,  286, 1117,  461,  542,  249,  656,  869,  470,  947,  895,  315,  535,  265,  554,  708,  103, 1022,  533,  665,  528, 1044,  467,  360,  570,  457,  574, 1020,  203,   24,  652,  142,  938,  599,  504,  785,  731,  948, 1019,  549,  462,  769,  944,  783,  319,  219,  367],
        [  105,    0,  689,  713,  952,  225, 1203,  562,  907,  766,  741,  256, 1019,  579, 1058,  536, 1056,  199,  500,  950, 1063,  391,  575,    0,  609,  705,  673,  199,  777,  853,  889,  606,   96,  987, 1018,  733,  284,  786,  346,  931,  665,  667,  715,  361,  605,  584,  200,  800,  354,  107,  786,  853,  766,   67,  785,  861,  594,  995,  308,  929,  848,  649,  487,  772,  495,  741,  981, 1112,  661,  701,  870,  731,  694,  543,  913,  613,  646, 1128,  714,  967, 1022, 1003,  765,  227,  669,  918,  635,  349, 1126,  844,  932,  949,  793,  767,  964,  725,  487,  499,  927,  635,  912, 1095,  507,  724,  829,  410,  613,  271,  732,  144,  709,   32, 1198,  810,  312,  514,  930,  830,  726,  643,  611,  886,  454, 1009,  536,  481,  440,  334,  603,  685,  862,  909,  796, 1003,  836,  956,  896,  810,  591, 1020,  588,  215,  684, 1058,  269,  713,  782,   61,  244,  473,  845,  773,  783,  937,  814,  739,  365,   22,  248,  589,  838,  377,  596,  755,  451,  702,  194,  947,  848,  980,  818,  835,   46,  752,  457,  738,  500,  801,  471,  542],
        [  712,    0,  296,  658,  551,  758,  872,  486,  788,  160,  139,  659,  603,  829,  818,  546,  844,  473,  606,  915,  768,  230,   35,  609,    0,  104,  103,  413,  194,  944, 1046,  278,  704,  974,  796,  131,  455,  280,  710,  591,  573,  580,  453,  620,   14,   26,  683,  363,  722,  708,  718,  409,  481,  672,  698,  475,  513,  686,  303,  947, 1032,  708,  128,  973,  736,  902,  811,  723,  466,  380,  529,  223,  149,  681, 1079,  455,   39,  851,  522,  581,  639,  671,  757,  385,  620,  993,  412,  700,  760, 1044,  734, 1076,  396,  545,  576, 1006,  139,  473,  472,  168,  776,  847,  743,  247,  221,  799,  663,  760,  978,  498,  854,  621,  896,  320,  555,  429, 1027,  967,  478,  900,  687,  822,  503,  663,  294,  832,  244,  278,  913,  979,  924,  530,  899,  968,  260, 1139,  449,  546,  261,  648,  898,  504,  974,  900,  348,  546,  246,  588,  742,  137, 1045,  540,  677,  518, 1069,  473,  390,  604,  490,  594, 1043,  236,   20,  665,  172,  964,  633,  491,  799,  733,  970, 1043,  583,  466,  799,  969,  813,  305,  245,  386],
        [  809,    0,  347,  735,  568,  860,  891,  573,  851,   64,   37,  762,  611,  927,  858,  638,  889,  576,  701,  985,  799,  317,  137,  705,  104,    0,  132,  507,  166, 1028, 1134,  351,  800, 1046,  841,   29,  559,  289,  813,  622,  651,  659,  514,  722,  113,  126,  786,  388,  826,  805,  791,  426,  534,  766,  769,  503,  598,  718,  398, 1022, 1122,  795,  219, 1065,  835,  993,  864,  733,  538,  438,  564,  245,  174,  776, 1167,  534,   66,  883,  589,  601,  654,  699,  836,  479,  701, 1074,  485,  803,  774, 1135,  787, 1160,  429,  606,  595, 1103,  242,  566,  477,  229,  837,  885,  842,  278,  130,  902,  751,  863, 1073,  598,  944,  714,  920,  330,  658,  520, 1109, 1055,  540,  997,  777,  891,  600,  687,  382,  933,  346,  372, 1013, 1077, 1005,  555,  984, 1037,  225, 1227,  460,  597,  337,  667,  998,  607, 1072,  953,  439,  616,  245,  686,  845,  236, 1136,  598,  747,  532, 1164,  531,  492,  698,  593,  682, 1135,  329,  122,  738,  257, 1061,  736,  494,  871,  775, 1058, 1134,  680,  521,  901, 1063,  913,  315,  343,  472],
        [  774,    0,  216,  607,  453,  801,  775,  452,  720,  150,  149,  688,  502,  819,  731,  521,  760,  517,  590,  854,  675,  315,  123,  673,  103,  132,    0,  484,  105,  902, 1011,  224,  768,  915,  712,  146,  482,  178,  728,  498,  523,  531,  383,  630,   96,  122,  722,  266,  740,  766,  661,  310,  403,  738,  639,  380,  474,  594,  376,  892, 1001,  673,  216,  947,  731,  873,  734,  623,  409,  306,  439,  123,   48,  663, 1043,  408,   98,  759,  458,  484,  540,  577,  708,  456,  574,  947,  356,  716,  661, 1015,  656, 1034,  304,  474,  478,  993,  186,  452,  370,  100,  705,  759,  737,  152,  187,  814,  631,  794,  959,  550,  824,  688,  801,  219,  573,  403,  982,  931,  408,  887,  658,  760,  492,  567,  265,  838,  261,  352,  909,  968,  877,  434,  860,  905,  168, 1104,  349,  466,  212,  550,  894,  540,  963,  822,  425,  485,  144,  645,  779,  210, 1017,  467,  616,  419, 1049,  400,  403,  671,  521,  561, 1015,  314,  100,  608,  262,  949,  670,  389,  740,  647,  936, 1015,  642,  390,  806,  948,  814,  203,  248,  352],
        [  303,    0,  533,  660,  811,  386, 1090,  481,  847,  569,  543,  343,  876,  631,  967,  483,  974,  159,  480,  920,  956,  192,  380,  199,  413,  507,  484,    0,  588,  862,  924,  455,  294,  966,  931,  535,  227,  612,  426,  806,  593,  598,  596,  387,  410,  388,  328,  642,  437,  302,  734,  697,  645,  260,  726,  720,  517,  881,  111,  916,  891,  631,  289,  818,  535,  770,  908,  980,  555,  564,  741,  554,  509,  544,  952,  512,  450, 1029,  616,  830,  888,  883,  733,   29,  613,  925,  518,  422, 1000,  893,  848,  975,  645,  664,  827,  800,  299,  423,  771,  458,  847, 1003,  546,  554,  632,  510,  587,  410,  793,  134,  729,  208, 1093,  641,  316,  420,  945,  854,  612,  703,  595,  842,  400,  885,  394,  570,  278,  136,  683,  763,  861,  772,  806,  975,  649, 1003,  741,  699,  437,  889,  666,  203,  760,  993,   72,  622,  603,  191,  386,  278,  894,  668,  718,  791,  882,  621,  265,  192,  220,  542,  889,  179,  401,  694,  253,  768,  290,  792,  807,  884,  847,  886,  181,  629,  539,  793,  573,  630,  313,  429],
        [  876,    0,  237,  643,  410,  899,  730,  508,  731,  140,  159,  781,  448,  888,  712,  582,  747,  616,  658,  873,  646,  417,  221,  777,  194,  166,  105,  588,    0,  942, 1057,  277,  871,  935,  699,  161,  576,  136,  815,  471,  563,  570,  402,  715,  191,  217,  819,  240,  827,  869,  689,  269,  409,  842,  665,  352,  524,  567,  480,  920, 1051,  724,  316, 1002,  804,  926,  732,  570,  443,  325,  419,  115,   90,  728, 1089,  453,  172,  729,  483,  443,  494,  544,  744,  560,  616,  982,  395,  803,  613, 1067,  654, 1074,  288,  488,  437, 1058,  290,  519,  314,  167,  713,  736,  809,  151,  134,  899,  685,  889, 1021,  651,  878,  792,  763,  174,  661,  469, 1019,  978,  426,  953,  713,  780,  565,  531,  335,  918,  357,  456,  981, 1036,  914,  401,  904,  922,   67, 1150,  300,  468,  272,  508,  967,  638, 1030,  817,  529,  512,   88,  747,  875,  314, 1069,  478,  640,  373, 1108,  414,  493,  774,  617,  616, 1068,  417,  197,  637,  362, 1013,  767,  331,  765,  633,  984, 1069,  745,  399,  887, 1008,  891,  159,  338,  414],
        [  861,    0,  706,  300,  706,  715,  700,  459,  307, 1051, 1050,  604,  747,  300,  507,  409,  466,  709,  384,  194,  586,  918,  925,  853,  944, 1028,  902,  862,  942,    0,  127,  679,  879,  184,  469, 1046,  636,  828,  522,  617,  380,  373,  546,  494,  932,  936,  676,  740,  520,  837,  267,  751,  556,  888,  294,  675,  432,  585,  865,  120,  150,  243,  922,  165,  361,  130,  388,  742,  499,  620,  614,  828,  873,  319,  157,  495,  972,  586,  464,  687,  700,  620,  201,  862,  328,   66,  549,  515,  713,  176,  419,  133,  690,  476,  690,  290,  838,  484,  781,  802,  332,  530,  350,  792, 1073,  501,  290,  651,  235,  756,  146,  884,  656,  809,  554,  520,   86,   70,  525,  272,  273,  229,  478,  641,  651,  435,  731,  873,  347,  310,   45,  669,   58,  216,  949,  216,  761,  519,  691,  682,  351,  670,  304,  395,  889,  434,  868,  794,  669,  883,  177,  489,  320,  728,  261,  541,  625,  872,  645,  354,  182,  888,  925,  313,  935,  262,  663,  786,  216,  496,   91,  186,  812,  561,  440,  213,  393,  816,  714,  559],
        [  882,    0,  821,  418,  832,  724,  818,  562,  431, 1161, 1158,  634,  873,  311,  626,  502,  584,  767,  460,  305,  709, 1000, 1025,  889, 1046, 1134, 1011,  924, 1057,  127,    0,  788,  902,  276,  590, 1153,  702,  946,  545,  744,  495,  487,  666,  541, 1034, 1036,  699,  861,  540,  857,  392,  874,  679,  916,  419,  800,  538,  711,  940,  224,   51,  340, 1014,  121,  396,  155,  508,  867,  615,  738,  739,  943,  984,  387,   33,  605, 1076,  704,  584,  814,  826,  746,  323,  928,  441,  133,  662,  541,  837,   74,  544,   70,  812,  600,  817,  225,  933,  577,  906,  911,  456,  648,  384,  908, 1186,  504,  384,  660,  183,  807,  199,  919,  771,  929,  609,  618,  101,   80,  645,  256,  361,  354,  561,  767,  754,  431,  823,  951,  320,  258,  169,  795,  153,  311, 1067,   94,  886,  644,  799,  808,  330,  724,  254,  506,  959,  554,  986,  832,  682,  975,   74,  612,  445,  854,  164,  663,  705,  909,  704,  453,   82,  970, 1027,  436, 1023,  217,  696,  912,  342,  620,   79,   88,  851,  682,  445,  167,  398,  936,  809,  662],
        [  693,    0,   84,  385,  357,  675,  651,  232,  512,  373,  372,  542,  421,  612,  561,  306,  582,  415,  383,  638,  527,  361,  267,  606,  278,  351,  224,  455,  277,  679,  788,    0,  694,  698,  534,  368,  350,  206,  560,  361,  301,  308,  182,  455,  265,  276,  594,  194,  571,  679,  442,  247,  218,  672,  421,  266,  252,  447,  373,  672,  780,  452,  306,  728,  531,  653,  540,  528,  189,  120,  295,  173,  197,  451,  821,  185,  299,  607,  245,  378,  436,  442,  486,  433,  351,  724,  135,  547,  552,  795,  466,  811,  190,  272,  373,  781,  219,  244,  321,  124,  501,  594,  535,  147,  400,  639,  410,  653,  744,  465,  604,  630,  663,  216,  413,  194,  760,  709,  206,  677,  438,  545,  294,  440,   75,  650,  178,  360,  706,  760,  655,  320,  637,  691,  305,  882,  290,  282,   21,  439,  692,  422,  754,  630,  423,  269,  226,  562,  644,  273,  796,  269,  400,  336,  832,  204,  259,  611,  394,  341,  795,  342,  260,  389,  340,  737,  542,  341,  522,  475,  714,  796,  566,  202,  620,  732,  620,  212,  143,  138],
        [   23,    0,  777,  769, 1034,  191, 1275,  630,  962,  861,  836,  276, 1101,  592, 1123,  595, 1118,  281,  548,  992, 1134,  485,  671,   96,  704,  800,  768,  294,  871,  879,  902,  694,    0, 1025, 1082,  828,  359,  878,  359, 1009,  727,  729,  793,  399,  700,  679,  204,  888,  363,   46,  839,  940,  844,   39,  840,  945,  661, 1069,  403,  964,  858,  692,  582,  783,  518,  761, 1040, 1192,  735,  784,  949,  823,  789,  582,  924,  686,  742, 1196,  785, 1048, 1102, 1079,  811,  322,  726,  944,  714,  365, 1203,  851,  996,  965,  879,  838, 1045,  721,  582,  567, 1014,  728,  969, 1160,  530,  816,  924,  405,  660,  250,  736,  230,  733,   89, 1267,  900,  364,  588,  953,  849,  802,  649,  654,  934,  518, 1085,  622,  479,  531,  429,  600,  680,  892,  991,  823, 1043,  930,  963,  983,  885,  680, 1099,  586,  286,  681, 1114,  363,  782,  875,  133,  225,  569,  852,  846,  841, 1021,  811,  816,  446,  103,  319,  644,  845,  472,  692,  813,  546,  704,  221, 1034,  896, 1048,  835,  841,  129,  830,  459,  744,  505,  892,  562,  621],
