{
    "name": "random-25-15265",
    "comment": "size=25 seed=15265",
    "nodes": ["+0", "-0", "+1", "-1", "+2", "-2", "+3", "-3", "+4", "-4", "+5", "-5", "+6", "-6", "+7", "-7", "+8", "-8", "+9", "-9", "+10", "-10", "+11", "-11", "+12", "-12", "+13", "-13", "+14", "-14", "+15", "-15", "+16", "-16", "+17", "-17", "+18", "-18", "+19", "-19", "+20", "-20", "+21", "-21", "+22", "-22", "+23", "-23", "+24", "-24", "+25", "-25"],
    "precedence": {
        "+0": "-0",
        "+1": "-1",
        "+2": "-2",
        "+3": "-3",
        "+4": "-4",
        "+5": "-5",
        "+6": "-6",
        "+7": "-7",
        "+8": "-8",
        "+9": "-9",
        "+10": "-10",
        "+11": "-11",
        "+12": "-12",
        "+13": "-13",
        "+14": "-14",
        "+15": "-15",
        "+16": "-16",
        "+17": "-17",
        "+18": "-18",
        "+19": "-19",
        "+20": "-20",
        "+21": "-21",
        "+22": "-22",
        "+23": "-23",
        "+24": "-24",
        "+25": "-25"
    },
    "edges": [
        [    0,    0,  882,  242,   34,  807,  296,  297,  716,  544,  299,  536,  112,  388,  483,  274,  142,  209,  551,  497,  445,  813,  869,  179,  548,  518,  226,  368,  682,  119,  490,  378,  217,  436,  591,  176,  744,  427,  723,   66,  288,  745,  576,  374,  395,  746,  657,  490,  757,  663,  400,  517],
        [    0,    0,  882,  242,   34,  807,  296,  297,  716,  544,  299,  536,  112,  388,  483,  274,  142,  209,  551,  497,  445,  813,  869,  179,  548,  518,  226,  368,  682,  119,  490,  378,  217,  436,  591,  176,  744,  427,  723,   66,  288,  745,  576,  374,  395,  746,  657,  490,  757,  663,  400,  517],
        [  882,  882,    0,  668,  867,  498, 1017,  753,  334,  646,  770,  624,  800,  664,  755,  954,  892, 1056,  661,  580,  571,  621,  116,  775,  566,  369,  764,  827,  202,  770,  872,  548,  766, 1080,  491,  926,  370,  866,  160,  903, 1117,  370,  310,  794, 1120,  592,  356,  635,  226,  660,  673,  612],
        [  242,  242,  668,    0,  241,  572,  367,  157,  475,  337,  173,  323,  138,  185,  510,  447,  225,  389,  348,  438,  213,  591,  674,  110,  483,  299,  117,  449,  475,  124,  569,  137,  279,  466,  354,  367,  503,  331,  509,  288,  450,  504,  359,  436,  478,  522,  417,  279,  522,  455,  390,  300],
        [   34,   34,  867,  241,    0,  811,  329,  313,  713,  555,  317,  546,  123,  398,  450,  248,  171,  239,  563,  467,  449,  822,  850,  193,  517,  505,  241,  335,  666,  118,  458,  375,  185,  468,  594,  151,  742,  452,  709,   49,  319,  743,  563,  341,  429,  754,  654,  500,  749,  675,  368,  526],
        [  807,  807,  498,  572,  811,    0,  785,  542,  194,  302,  550,  297,  696,  433,  960, 1007,  737,  897,  307,  808,  362,  125,  595,  635,  826,  435,  597,  960,  472,  694, 1057,  447,  818,  783,  218,  935,  143,  552,  442,  858,  928,  142,  426,  935,  858,  121,  224,  339,  286,  231,  839,  306],
        [  296,  296, 1017,  367,  329,  785,    0,  268,  765,  483,  253,  488,  277,  372,  775,  555,  170,  170,  481,  763,  466,  745, 1035,  260,  813,  656,  257,  664,  834,  321,  786,  470,  506,  143,  599,  459,  773,  252,  862,  352,  156,  774,  714,  669,  112,  688,  712,  449,  840,  580,  680,  482],
        [  297,  297,  753,  157,  313,  542,  268,    0,  499,  255,   18,  251,  191,  111,  662,  553,  197,  356,  259,  594,  200,  528,  779,  121,  639,  400,   73,  589,  577,  215,  712,  212,  414,  334,  340,  461,  512,  175,  600,  359,  394,  513,  456,  580,  368,  463,  445,  206,  572,  370,  544,  237],
        [  716,  716,  334,  475,  713,  194,  765,  499,    0,  328,  513,  310,  612,  393,  790,  878,  677,  845,  341,  629,  300,  304,  418,  564,  643,  263,  536,  806,  278,  598,  893,  339,  682,  798,  175,  818,   53,  571,  251,  758,  891,   53,  241,  779,  856,  264,   60,  332,  109,  327,  674,  303],
        [  544,  544,  646,  337,  555,  302,  483,  255,  328,    0,  259,   25,  434,  158,  819,  782,  451,  604,   18,  704,  148,  274,  707,  365,  739,  382,  320,  779,  520,  444,  894,  261,  614,  486,  156,  696,  317,  254,  521,  603,  629,  318,  415,  762,  557,  210,  291,   59,  428,  120,  694,   48],
        [  299,  299,  770,  173,  317,  550,  253,   18,  513,  259,    0,  257,  196,  122,  675,  559,  192,  348,  263,  610,  213,  532,  796,  127,  655,  418,   79,  599,  594,  223,  723,  229,  425,  316,  351,  466,  524,  160,  617,  363,  382,  525,  473,  591,  352,  468,  459,  213,  588,  373,  558,  245],
        [  536,  536,  624,  323,  546,  297,  488,  251,  310,   25,  257,    0,  425,  149,  799,  769,  448,  604,   42,  683,  127,  278,  684,  358,  716,  358,  314,  762,  496,  433,  876,  240,  598,  498,  136,  685,  302,  266,  498,  594,  632,  303,  391,  744,  566,  213,  271,   47,  408,  133,  674,   26],
        [  112,  112,  800,  138,  123,  696,  277,  191,  612,  434,  196,  425,    0,  277,  512,  364,  110,  258,  441,  487,  334,  702,  798,   71,  537,  431,  119,  418,  604,   45,  543,  274,  247,  402,  481,  270,  637,  340,  640,  171,  326,  638,  491,  416,  387,  634,  553,  378,  660,  552,  409,  406],
        [  388,  388,  664,  185,  398,  433,  372,  111,  393,  158,  122,  149,  277,    0,  686,  625,  305,  466,  167,  591,   96,  427,  701,  210,  631,  332,  167,  633,  501,  287,  751,  155,  463,  416,  230,  539,  403,  209,  518,  446,  503,  404,  382,  619,  465,  360,  340,  102,  472,  277,  562,  131],
        [  483,  483,  755,  510,  450,  960,  775,  662,  790,  819,  675,  799,  512,  686,    0,  316,  608,  681,  833,  176,  673, 1026,  681,  563,  195,  528,  601,  139,  584,  470,  118,  560,  270,  910,  767,  367,  838,  834,  636,  442,  760,  839,  554,  116,  877,  959,  743,  763,  763,  926,  126,  774],
        [  274,  274,  954,  447,  248, 1007,  555,  553,  878,  782,  559,  769,  364,  625,  316,    0,  414,  419,  792,  425,  658, 1037,  908,  433,  468,  633,  481,  179,  757,  341,  266,  561,  197,  697,  791,   99,  916,  699,  807,  210,  494,  917,  681,  207,  640,  968,  821,  724,  889,  900,  309,  747],
        [  142,  142,  892,  225,  171,  737,  170,  197,  677,  451,  192,  448,  110,  305,  608,  414,    0,  169,  455,  594,  383,  724,  897,  118,  644,  524,  143,  502,  700,  153,  626,  351,  338,  303,  529,  316,  696,  294,  734,  205,  225,  697,  583,  504,  279,  660,  620,  402,  737,  565,  511,  433],
        [  209,  209, 1056,  389,  239,  897,  170,  356,  845,  604,  348,  604,  258,  466,  681,  419,  169,    0,  605,  705,  550,  875, 1055,  286,  756,  687,  310,  555,  861,  293,  670,  519,  422,  301,  694,  330,  863,  404,  897,  239,   81,  864,  747,  567,  226,  813,  788,  560,  905,  712,  606,  592],
        [  551,  551,  661,  348,  563,  307,  481,  259,  341,   18,  263,   42,  441,  167,  833,  792,  455,  605,    0,  720,  164,  271,  723,  372,  755,  399,  326,  792,  537,  453,  907,  276,  626,  478,  170,  705,  328,  247,  537,  611,  628,  329,  432,  775,  552,  210,  306,   71,  442,  112,  708,   64],
        [  497,  497,  580,  438,  467,  808,  763,  594,  629,  704,  610,  683,  487,  591,  176,  425,  594,  705,  720,    0,  557,  884,  510,  519,   51,  373,  547,  263,  409,  443,  293,  446,  290,  885,  629,  439,  679,  767,  462,  477,  784,  680,  389,  230,  872,  820,  586,  653,  593,  802,  117,  658],
        [  445,  445,  571,  213,  449,  362,  466,  200,  300,  148,  213,  127,  334,   96,  673,  658,  383,  550,  164,  557,    0,  380,  612,  276,  592,  253,  241,  639,  414,  333,  751,  114,  479,  511,  148,  579,  314,  298,  427,  497,  592,  315,  297,  620,  560,  311,  246,   97,  377,  255,  547,  102],
        [  813,  813,  621,  591,  822,  125,  745,  528,  304,  274,  532,  278,  702,  427, 1026, 1037,  724,  875,  271,  884,  380,    0,  716,  636,  907,  515,  592, 1010,  579,  707, 1115,  482,  856,  722,  259,  957,  257,  499,  554,  870,  896,  257,  518,  989,  805,   70,  319,  325,  404,  166,  901,  297],
        [  869,  869,  116,  674,  850,  595, 1035,  779,  418,  707,  796,  684,  798,  701,  681,  908,  897, 1055,  723,  510,  612,  716,    0,  783,  488,  380,  779,  767,  202,  764,  799,  568,  728, 1111,  556,  891,  461,  908,  187,  882, 1121,  461,  323,  733, 1142,  681,  427,  687,  312,  737,  613,  668],
        [  179,  179,  775,  110,  193,  635,  260,  121,  564,  365,  127,  358,   71,  210,  563,  433,  118,  286,  372,  519,  276,  636,  783,    0,  567,  408,   49,  478,  584,   98,  603,  234,  304,  369,  423,  341,  585,  276,  617,  240,  342,  586,  467,  473,  371,  569,  506,  311,  620,  484,  452,  340],
        [  548,  548,  566,  483,  517,  826,  813,  639,  643,  739,  655,  716,  537,  631,  195,  468,  644,  756,  755,   51,  592,  907,  488,  567,    0,  393,  594,  300,  407,  492,  312,  483,  340,  934,  655,  486,  694,  812,  458,  527,  835,  694,  402,  267,  922,  845,  603,  688,  598,  832,  163,  692],
        [  518,  518,  369,  299,  505,  435,  656,  400,  263,  382,  418,  358,  431,  332,  528,  633,  524,  687,  399,  373,  253,  515,  380,  408,  393,    0,  400,  546,  179,  403,  631,  189,  436,  733,  269,  585,  310,  540,  210,  545,  749,  311,   60,  518,  763,  454,  215,  344,  257,  456,  411,  336],
        [  226,  226,  764,  117,  241,  597,  257,   73,  536,  320,   79,  314,  119,  167,  601,  481,  143,  310,  326,  547,  241,  592,  779,   49,  594,  400,    0,  522,  578,  144,  646,  217,  347,  350,  387,  389,  554,  234,  607,  288,  359,  555,  459,  515,  365,  526,  479,  268,  599,  438,  487,  297],
        [  368,  368,  827,  449,  335,  960,  664,  589,  806,  779,  599,  762,  418,  633,  139,  179,  502,  555,  792,  263,  639, 1010,  767,  478,  300,  546,  522,    0,  639,  381,  126,  530,  175,  803,  753,  233,  851,  754,  692,  318,  634,  852,  584,   34,  762,  942,  754,  721,  797,  893,  155,  738],
        [  682,  682,  202,  475,  666,  472,  834,  577,  278,  520,  594,  496,  604,  501,  584,  757,  700,  861,  537,  409,  414,  579,  202,  584,  407,  179,  578,  639,    0,  572,  698,  366,  566,  909,  378,  726,  330,  709,   53,  702,  925,  330,  121,  607,  941,  531,  264,  494,  202,  567,  488,  478],
        [  119,  119,  770,  124,  118,  694,  321,  215,  598,  444,  223,  433,   45,  287,  470,  341,  153,  293,  453,  443,  333,  707,  764,   98,  492,  403,  144,  381,  572,    0,  506,  260,  208,  446,  476,  253,  626,  374,  611,  165,  364,  627,  462,  377,  431,  639,  539,  387,  639,  563,  365,  412],
        [  490,  490,  872,  569,  458, 1057,  786,  712,  893,  894,  723,  876,  543,  751,  118,  266,  626,  670,  907,  293,  751, 1115,  799,  603,  312,  631,  646,  126,  698,  506,    0,  639,  299,  926,  857,  342,  940,  878,  751,  438,  748,  941,  661,  133,  882, 1047,  844,  837,  872, 1005,  220,  851],
        [  378,  378,  548,  137,  375,  447,  470,  212,  339,  261,  229,  240,  274,  155,  560,  561,  351,  519,  276,  446,  114,  482,  568,  234,  483,  189,  217,  530,  366,  260,  639,    0,  375,  545,  230,  490,  368,  359,  392,  421,  574,  369,  245,  510,  575,  414,  280,  207,  388,  368,  434,  215],
        [  217,  217,  766,  279,  185,  818,  506,  414,  682,  614,  425,  598,  247,  463,  270,  197,  338,  422,  626,  290,  479,  856,  728,  304,  340,  436,  347,  175,  566,  208,  299,  375,    0,  641,  604,  163,  722,  580,  615,  188,  502,  723,  485,  170,  609,  787,  626,  556,  693,  730,  185,  574],
        [  436,  436, 1080,  466,  468,  783,  143,  334,  798,  486,  316,  498,  402,  416,  910,  697,  303,  301,  478,  885,  511,  722, 1111,  369,  934,  733,  350,  803,  909,  446,  926,  545,  641,    0,  625,  601,  797,  232,  930,  493,  260,  798,  788,  806,  100,  674,  750,  468,  885,  560,  810,  498],
        [  591,  591,  491,  354,  594,  218,  599,  340,  175,  156,  351,  136,  481,  230,  767,  791,  529,  694,  170,  629,  148,  259,  556,  423,  655,  269,  387,  753,  378,  476,  857,  230,  604,  625,    0,  718,  175,  396,  372,  641,  733,  176,  286,  731,  686,  193,  136,  158,  273,  191,  643,  128],
        [  176,  176,  926,  367,  151,  935,  459,  461,  818,  696,  466,  685,  270,  539,  367,   99,  316,  330,  705,  439,  579,  957,  891,  341,  486,  585,  389,  233,  726,  253,  342,  490,  163,  601,  718,    0,  853,  602,  773,  111,  407,  854,  637,  251,  547,  888,  760,  639,  840,  815,  324,  664],
        [  744,  744,  370,  503,  742,  143,  773,  512,   53,  317,  524,  302,  637,  403,  838,  916,  696,  863,  328,  679,  314,  257,  461,  585,  694,  310,  554,  851,  330,  626,  940,  368,  722,  797,  175,  853,    0,  567,  300,  788,  905,    2,  292,  824,  860,  222,   98,  331,  149,  298,  721,  299],
        [  427,  427,  866,  331,  452,  552,  252,  175,  571,  254,  160,  266,  340,  209,  834,  699,  294,  404,  247,  767,  298,  499,  908,  276,  812,  540,  234,  754,  709,  374,  878,  359,  580,  232,  396,  602,  567,    0,  724,  493,  407,  568,  590,  748,  307,  447,  525,  239,  662,  335,  717,  269],
        [  723,  723,  160,  509,  709,  442,  862,  600,  251,  521,  617,  498,  640,  518,  636,  807,  734,  897,  537,  462,  427,  554,  187,  617,  458,  210,  607,  692,   53,  611,  751,  392,  615,  930,  372,  773,  300,  724,    0,  746,  958,  300,  151,  660,  967,  511,  248,  501,  162,  556,  541,  481],
        [   66,   66,  903,  288,   49,  858,  352,  359,  758,  603,  363,  594,  171,  446,  442,  210,  205,  239,  611,  477,  497,  870,  882,  240,  527,  545,  288,  318,  702,  165,  438,  421,  188,  493,  641,  111,  788,  493,  746,    0,  319,  789,  602,  329,  445,  802,  699,  548,  792,  722,  372,  574],
        [  288,  288, 1117,  450,  319,  928,  156,  394,  891,  629,  382,  632,  326,  503,  760,  494,  225,   81,  628,  784,  592,  896, 1121,  342,  835,  749,  359,  634,  925,  364,  748,  574,  502,  260,  733,  407,  905,  407,  958,  319,    0,  906,  808,  647,  170,  837,  835,  590,  957,  731,  686,  623],
        [  745,  745,  370,  504,  743,  142,  774,  513,   53,  318,  525,  303,  638,  404,  839,  917,  697,  864,  329,  680,  315,  257,  461,  586,  694,  311,  555,  852,  330,  627,  941,  369,  723,  798,  176,  854,    2,  568,  300,  789,  906,    0,  293,  825,  861,  222,   98,  331,  149,  299,  721,  300],
        [  576,  576,  310,  359,  563,  426,  714,  456,  241,  415,  473,  391,  491,  382,  554,  681,  583,  747,  432,  389,  297,  518,  323,  467,  402,   60,  459,  584,  121,  462,  661,  245,  485,  788,  286,  637,  292,  590,  151,  602,  808,  293,    0,  555,  820,  461,  203,  383,  214,  476,  442,  370],
        [  374,  374,  794,  436,  341,  935,  669,  580,  779,  762,  591,  744,  416,  619,  116,  207,  504,  567,  775,  230,  620,  989,  733,  473,  267,  518,  515,   34,  607,  377,  133,  510,  170,  806,  731,  251,  824,  748,  660,  329,  647,  825,  555,    0,  769,  920,  727,  705,  768,  875,  122,  720],
        [  395,  395, 1120,  478,  429,  858,  112,  368,  856,  557,  352,  566,  387,  465,  877,  640,  279,  226,  552,  872,  560,  805, 1142,  371,  922,  763,  365,  762,  941,  431,  882,  575,  609,  100,  686,  547,  860,  307,  967,  445,  170,  861,  820,  769,    0,  754,  805,  531,  937,  641,  787,  563],
        [  746,  746,  592,  522,  754,  121,  688,  463,  264,  210,  468,  213,  634,  360,  959,  968,  660,  813,  210,  820,  311,   70,  681,  569,  845,  454,  526,  942,  531,  639, 1047,  414,  787,  674,  193,  888,  222,  447,  511,  802,  837,  222,  461,  920,  754,    0,  268,  259,  369,  115,  835,  229],
        [  657,  657,  356,  417,  654,  224,  712,  445,   60,  291,  459,  271,  553,  340,  743,  821,  620,  788,  306,  586,  246,  319,  427,  506,  603,  215,  479,  754,  264,  539,  844,  280,  626,  750,  136,  760,   98,  525,  248,  699,  835,   98,  203,  727,  805,  268,    0,  288,  138,  310,  624,  261],
        [  490,  490,  635,  279,  500,  339,  449,  206,  332,   59,  213,   47,  378,  102,  763,  724,  402,  560,   71,  653,   97,  325,  687,  311,  688,  344,  268,  721,  494,  387,  837,  207,  556,  468,  158,  639,  331,  239,  501,  548,  590,  331,  383,  705,  531,  259,  288,    0,  425,  177,  638,   33],
        [  757,  757,  226,  522,  749,  286,  840,  572,  109,  428,  588,  408,  660,  472,  763,  889,  737,  905,  442,  593,  377,  404,  312,  620,  598,  257,  599,  797,  202,  639,  872,  388,  693,  885,  273,  840,  149,  662,  162,  792,  957,  149,  214,  768,  937,  369,  138,  425,    0,  435,  655,  399],
        [  663,  663,  660,  455,  675,  231,  580,  370,  327,  120,  373,  133,  552,  277,  926,  900,  565,  712,  112,  802,  255,  166,  737,  484,  832,  456,  438,  893,  567,  563, 1005,  368,  730,  560,  191,  815,  298,  335,  556,  722,  731,  299,  476,  875,  641,  115,  310,  177,  435,    0,  801,  156],
        [  400,  400,  673,  390,  368,  839,  680,  544,  674,  694,  558,  674,  409,  562,  126,  309,  511,  606,  708,  117,  547,  901,  613,  452,  163,  411,  487,  155,  488,  365,  220,  434,  185,  810,  643,  324,  721,  717,  541,  372,  686,  721,  442,  122,  787,  835,  624,  638,  655,  801,    0,  649],
        [  517,  517,  612,  300,  526,  306,  482,  237,  303,   48,  245,   26,  406,  131,  774,  747,  433,  592,   64,  658,  102,  297,  668,  340,  692,  336,  297,  738,  478,  412,  851,  215,  574,  498,  128,  664,  299,  269,  481,  574,  623,  300,  370,  720,  563,  229,  261,   33,  399,  156,  649,    0]
    ]
}
