{
    "name": "random-15-774",
    "comment": "size=15 seed=774",
    "nodes": ["+0", "-0", "+1", "-1", "+2", "-2", "+3", "-3", "+4", "-4", "+5", "-5", "+6", "-6", "+7", "-7", "+8", "-8", "+9", "-9", "+10", "-10", "+11", "-11", "+12", "-12", "+13", "-13", "+14", "-14", "+15", "-15"],
    "precedence": {
        "+0": "-0",
        "+1": "-1",
        "+2": "-2",
        "+3": "-3",
        "+4": "-4",
        "+5": "-5",
        "+6": "-6",
        "+7": "-7",
        "+8": "-8",
        "+9": "-9",
        "+10": "-10",
        "+11": "-11",
        "+12": "-12",
        "+13": "-13",
        "+14": "-14",
        "+15": "-15"
    },
    "edges": [
        [    0,    0,  411,  539,  616,  618,  351,  382,  484,  314,  152,  382,  537,  418,  367,  141,  330,  288,  519,  471,  265,  497,  317,  521,  103,  597,  346,  457,  319,  325,  384,  159],
        [    0,    0,  411,  539,  616,  618,  351,  382,  484,  314,  152,  382,  537,  418,  367,  141,  330,  288,  519,  471,  265,  497,  317,  521,  103,  597,  346,  457,  319,  325,  384,  159],
        [  411,  411,    0,  875,  929,  479,  731,  537,  181,  641,  293,  509,  630,  744,  773,  339,  715,  685,  655,  668,  664,  724,  218,  850,  395,  518,  754,  275,  673,  126,  673,  566],
        [  539,  539,  875,    0,   96,  770,  213,  405,  998,  237,  686,  442,  470,  131,  311,  679,  562,  295,  407,  907,  503,  258,  681,   31,  631,  697,  444,  751,  220,  832,  761,  484],
        [  616,  616,  929,   96,    0,  773,  305,  427, 1062,  305,  760,  463,  459,  199,  407,  757,  657,  388,  396, 1000,  598,  250,  725,  100,  712,  695,  539,  780,  300,  896,  855,  573],
        [  618,  618,  479,  770,  773,    0,  743,  373,  658,  605,  615,  339,  322,  665,  850,  660,  934,  750,  382, 1049,  859,  524,  335,  740,  681,   84,  905,  209,  660,  564,  994,  753],
        [  351,  351,  731,  213,  305,  743,    0,  377,  830,  140,  502,  407,  502,  143,  131,  487,  358,   83,  449,  695,  294,  330,  565,  207,  434,  685,  250,  667,   84,  666,  551,  273],
        [  382,  382,  537,  405,  427,  373,  377,    0,  697,  238,  469,   37,  158,  293,  494,  492,  632,  398,  141,  852,  553,  192,  321,  375,  478,  309,  572,  354,  294,  540,  752,  461],
        [  484,  484,  181,  998, 1062,  658,  830,  697,    0,  762,  336,  672,  803,  869,  847,  367,  734,  771,  823,  593,  700,  877,  388,  976,  429,  698,  800,  455,  785,  167,  640,  618],
        [  314,  314,  641,  237,  305,  605,  140,  238,  762,    0,  455,  268,  367,  108,  261,  454,  442,  173,  318,  735,  367,  222,  454,  214,  413,  546,  357,  542,   57,  596,  606,  304],
        [  152,  152,  293,  686,  760,  615,  502,  469,  336,  455,    0,  458,  613,  561,  512,   50,  423,  438,  609,  435,  376,  615,  282,  667,  103,  614,  471,  423,  467,  185,  399,  285],
        [  382,  382,  509,  442,  463,  339,  407,   37,  672,  268,  458,    0,  157,  328,  520,  485,  647,  423,  155,  853,  569,  225,  291,  412,  476,  279,  593,  318,  324,  519,  758,  473],
        [  537,  537,  630,  470,  459,  322,  502,  158,  803,  367,  613,  157,    0,  388,  627,  641,  785,  538,   64, 1008,  707,  213,  416,  441,  632,  240,  718,  394,  422,  658,  909,  618],
        [  418,  418,  744,  131,  199,  665,  143,  293,  869,  108,  561,  328,  388,    0,  272,  558,  497,  216,  329,  817,  428,  195,  551,  107,  514,  597,  393,  628,  106,  703,  680,  386],
        [  367,  367,  773,  311,  407,  850,  131,  494,  847,  261,  512,  520,  627,  272,    0,  485,  255,  101,  576,  616,  209,  460,  634,  315,  425,  797,  133,  751,  206,  691,  464,  238],
        [  141,  141,  339,  679,  757,  660,  487,  492,  367,  454,   50,  485,  641,  558,  485,    0,  379,  418,  633,  391,  336,  628,  329,  662,   63,  655,  434,  471,  460,  227,  350,  252],
        [  330,  330,  715,  562,  657,  934,  358,  632,  734,  442,  423,  647,  785,  497,  255,  379,    0,  282,  747,  370,   79,  663,  646,  562,  321,  901,  127,  785,  402,  605,  213,  181],
        [  288,  288,  685,  295,  388,  750,   83,  398,  771,  173,  438,  423,  538,  216,  101,  418,  282,    0,  490,  613,  214,  388,  537,  289,  362,  699,  185,  651,  124,  610,  469,  192],
        [  519,  519,  655,  407,  396,  382,  449,  141,  823,  318,  609,  155,   64,  329,  576,  633,  747,  490,    0,  988,  669,  150,  438,  378,  618,  302,  673,  435,  371,  672,  882,  585],
        [  471,  471,  668,  907, 1000, 1049,  695,  852,  593,  735,  435,  853, 1008,  817,  616,  391,  370,  613,  988,    0,  409,  947,  716,  901,  381, 1045,  495,  856,  713,  543,  158,  433],
        [  265,  265,  664,  503,  598,  859,  294,  553,  700,  367,  376,  569,  707,  428,  209,  336,   79,  214,  669,  409,    0,  588,  580,  500,  275,  824,  106,  716,  330,  560,  259,  109],
        [  497,  497,  724,  258,  250,  524,  330,  192,  877,  222,  615,  225,  213,  195,  460,  628,  663,  388,  150,  947,  588,    0,  509,  229,  599,  446,  572,  542,  264,  715,  824,  521],
        [  317,  317,  218,  681,  725,  335,  565,  321,  388,  454,  282,  291,  416,  551,  634,  329,  646,  537,  438,  716,  580,  509,    0,  654,  358,  345,  649,  144,  495,  251,  672,  472],
        [  521,  521,  850,   31,  100,  740,  207,  375,  976,  214,  667,  412,  441,  107,  315,  662,  562,  289,  378,  901,  500,  229,  654,    0,  615,  666,  446,  722,  203,  810,  757,  474],
        [  103,  103,  395,  631,  712,  681,  434,  478,  429,  413,  103,  476,  632,  514,  425,   63,  321,  362,  618,  381,  275,  599,  358,  615,    0,  669,  373,  501,  413,  286,  315,  191],
        [  597,  597,  518,  697,  695,   84,  685,  309,  698,  546,  614,  279,  240,  597,  797,  655,  901,  699,  302, 1045,  824,  446,  345,  666,  669,    0,  862,  244,  602,  588,  978,  721],
        [  346,  346,  754,  444,  539,  905,  250,  572,  800,  357,  471,  593,  718,  393,  133,  434,  127,  185,  673,  495,  106,  572,  649,  446,  373,  862,    0,  780,  309,  656,  339,  188],
        [  457,  457,  275,  751,  780,  209,  667,  354,  455,  542,  423,  318,  394,  628,  751,  471,  785,  651,  435,  856,  716,  542,  144,  722,  501,  244,  780,    0,  590,  356,  816,  608],
        [  319,  319,  673,  220,  300,  660,   84,  294,  785,   57,  467,  324,  422,  106,  206,  460,  402,  124,  371,  713,  330,  264,  495,  203,  413,  602,  309,  590,    0,  619,  578,  281],
        [  325,  325,  126,  832,  896,  564,  666,  540,  167,  596,  185,  519,  658,  703,  691,  227,  605,  610,  672,  543,  560,  715,  251,  810,  286,  588,  656,  356,  619,    0,  550,  469],
        [  384,  384,  673,  761,  855,  994,  551,  752,  640,  606,  399,  758,  909,  680,  464,  350,  213,  469,  882,  158,  259,  824,  672,  757,  315,  978,  339,  816,  578,  550,    0,  303],
        [  159,  159,  566,  484,  573,  753,  273,  461,  618,  304,  285,  473,  618,  386,  238,  252,  181,  192,  585,  433,  109,  521,  472,  474,  191,  721,  188,  608,  281,  469,  303,    0]
    ]
}
