{
    "name": "random-16-31029",
    "comment": "size=16 seed=31029",
    "nodes": ["+0", "-0", "+1", "-1", "+2", "-2", "+3", "-3", "+4", "-4", "+5", "-5", "+6", "-6", "+7", "-7", "+8", "-8", "+9", "-9", "+10", "-10", "+11", "-11", "+12", "-12", "+13", "-13", "+14", "-14", "+15", "-15", "+16", "-16"],
    "precedence": {
        "+0": "-0",
        "+1": "-1",
        "+2": "-2",
        "+3": "-3",
        "+4": "-4",
        "+5": "-5",
        "+6": "-6",
        "+7": "-7",
        "+8": "-8",
        "+9": "-9",
        "+10": "-10",
        "+11": "-11",
        "+12": "-12",
        "+13": "-13",
        "+14": "-14",
        "+15": "-15",
        "+16": "-16"
    },
    "edges": [
        [    0,    0,  645,  859,  773,  307,  424,  589,  727,  406,  220,  278,  255,  692,  248,  480,  462,  566,  695,  421,  567,  763,  590,  305,  490,  145,  407,  141,   84,  565,  684,  964,  861,  288],
        [    0,    0,  645,  859,  773,  307,  424,  589,  727,  406,  220,  278,  255,  692,  248,  480,  462,  566,  695,  421,  567,  763,  590,  305,  490,  145,  407,  141,   84,  565,  684,  964,  861,  288],
        [  645,  645,    0,  407,  544,  641,  609,  583,  296,  813,  820,  542,  465,  625,  799,  334,  208,  281,  374,  279,  440,  308,  709,  734,  166,  787,  358,  656,  628,  535,  236,  583,  559,  358],
        [  859,  859,  407,    0,  258,  973,  975,  451,  139, 1145,  959,  632,  779,  418, 1076,  382,  566,  294,  179,  448,  346,  109,  588,  794,  521,  977,  454,  928,  805,  423,  198,  179,  204,  617],
        [  773,  773,  544,  258,    0,  962,  998,  234,  265, 1123,  816,  505,  772,  169, 1013,  328,  628,  295,  171,  434,  208,  276,  354,  624,  592,  864,  390,  873,  702,  228,  314,  227,  102,  601],
        [  307,  307,  641,  973,  962,    0,  132,  826,  834,  174,  506,  534,  195,  924,  219,  636,  434,  695,  841,  537,  759,  865,  861,  609,  479,  391,  573,  174,  382,  790,  777, 1114, 1033,  364],
        [  424,  424,  609,  975,  998,  132,    0,  888,  839,  237,  632,  617,  237,  982,  346,  672,  413,  716,  862,  565,  804,  866,  941,  717,  459,  520,  617,  299,  491,  849,  778, 1129, 1060,  402],
        [  589,  589,  583,  451,  234,  826,  888,    0,  390,  972,  596,  311,  652,  105,  835,  263,  586,  304,  289,  365,  146,  418,  140,  397,  564,  658,  286,  708,  510,   49,  405,  460,  336,  492],
        [  727,  727,  296,  139,  265,  834,  839,  390,    0, 1006,  839,  514,  640,  389,  939,  256,  433,  163,  106,  311,  257,   37,  529,  688,  389,  849,  326,  791,  677,  351,   64,  296,  264,  479],
        [  406,  406,  813, 1145, 1123,  174,  237,  972, 1006,    0,  559,  668,  366, 1073,  199,  800,  607,  864, 1009,  705,  918, 1037,  992,  706,  652,  436,  734,  270,  490,  940,  949, 1283, 1198,  532],
        [  220,  220,  820,  959,  816,  506,  632,  596,  839,  559,    0,  327,  474,  696,  364,  583,  658,  678,  783,  562,  627,  876,  546,  208,  680,  123,  516,  333,  197,  589,  809, 1030,  914,  473],
        [  278,  278,  542,  632,  505,  534,  617,  311,  514,  668,  327,    0,  386,  415,  525,  260,  434,  355,  456,  264,  305,  550,  327,  193,  437,  360,  199,  401,  201,  288,  488,  710,  598,  267],
        [  255,  255,  465,  779,  772,  195,  237,  652,  640,  366,  474,  386,    0,  746,  336,  446,  259,  501,  647,  344,  573,  672,  706,  509,  300,  390,  385,  202,  296,  613,  584,  920,  840,  172],
        [  692,  692,  625,  418,  169,  924,  982,  105,  389, 1073,  696,  415,  746,    0,  939,  331,  658,  346,  283,  440,  195,  410,  190,  494,  630,  762,  369,  810,  614,  134,  420,  390,  265,  581],
        [  248,  248,  799, 1076, 1013,  219,  346,  835,  939,  199,  364,  525,  336,  939,    0,  706,  594,  784,  922,  628,  806,  973,  835,  527,  634,  241,  634,  149,  329,  810,  889, 1195, 1097,  464],
        [  480,  480,  334,  382,  328,  636,  672,  263,  256,  800,  583,  260,  446,  331,  706,    0,  328,   96,  217,  111,  138,  293,  378,  442,  303,  596,   73,  561,  424,  214,  229,  490,  398,  274],
        [  462,  462,  208,  566,  628,  434,  413,  586,  433,  607,  658,  434,  259,  658,  594,  328,    0,  334,  472,  222,  463,  458,  685,  614,   46,  606,  306,  454,  462,  539,  370,  727,  672,  187],
        [  566,  566,  281,  294,  295,  695,  716,  304,  163,  864,  678,  355,  501,  346,  784,   96,  334,    0,  147,  159,  159,  199,  435,  536,  299,  687,  164,  636,  514,  257,  134,  420,  345,  332],
        [  695,  695,  374,  179,  171,  841,  862,  289,  106, 1009,  783,  456,  647,  283,  922,  217,  472,  147,    0,  304,  169,  130,  429,  616,  433,  807,  289,  776,  636,  254,  144,  275,  201,  477],
        [  421,  421,  279,  448,  434,  537,  565,  365,  311,  705,  562,  264,  344,  440,  628,  111,  222,  159,  304,    0,  248,  346,  466,  456,  204,  551,   88,  480,  381,  318,  264,  578,  497,  174],
        [  567,  567,  440,  346,  208,  759,  804,  146,  257,  918,  627,  305,  573,  195,  806,  138,  463,  159,  169,  248,    0,  290,  281,  451,  436,  664,  188,  666,  498,  100,  264,  405,  295,  402],
        [  763,  763,  308,  109,  276,  865,  866,  418,   37, 1037,  876,  550,  672,  410,  973,  293,  458,  199,  130,  346,  290,    0,  558,  724,  413,  886,  362,  825,  713,  381,   89,  276,  260,  512],
        [  590,  590,  709,  588,  354,  861,  941,  140,  529,  992,  546,  327,  706,  190,  835,  378,  685,  435,  429,  466,  281,  558,    0,  338,  670,  630,  380,  722,  507,  182,  543,  578,  453,  561],
        [  305,  305,  734,  794,  624,  609,  717,  397,  688,  706,  208,  193,  509,  494,  527,  442,  614,  536,  616,  456,  451,  724,  338,    0,  622,  301,  388,  445,  228,  397,  669,  846,  725,  435],
        [  490,  490,  166,  521,  592,  479,  459,  564,  389,  652,  680,  437,  300,  630,  634,  303,   46,  299,  433,  204,  436,  413,  670,  622,    0,  634,  291,  492,  484,  516,  326,  684,  633,  207],
        [  145,  145,  787,  977,  864,  391,  520,  658,  849,  436,  123,  360,  390,  762,  241,  596,  606,  687,  807,  551,  664,  886,  630,  301,  634,    0,  524,  222,  173,  643,  811, 1068,  957,  430],
        [  407,  407,  358,  454,  390,  573,  617,  286,  326,  734,  516,  199,  385,  369,  634,   73,  306,  164,  289,   88,  188,  362,  380,  388,  291,  524,    0,  490,  352,  241,  293,  561,  466,  215],
        [  141,  141,  656,  928,  873,  174,  299,  708,  791,  270,  333,  401,  202,  810,  149,  561,  454,  636,  776,  480,  666,  825,  722,  445,  492,  222,  490,    0,  222,  678,  741, 1050,  955,  316],
        [   84,   84,  628,  805,  702,  382,  491,  510,  677,  490,  197,  201,  296,  614,  329,  424,  462,  514,  636,  381,  498,  713,  507,  228,  484,  173,  352,  222,    0,  488,  639,  900,  793,  277],
        [  565,  565,  535,  423,  228,  790,  849,   49,  351,  940,  589,  288,  613,  134,  810,  214,  539,  257,  254,  318,  100,  381,  182,  397,  516,  643,  241,  678,  488,    0,  362,  450,  328,  450],
        [  684,  684,  236,  198,  314,  777,  778,  405,   64,  949,  809,  488,  584,  420,  889,  229,  370,  134,  144,  264,  264,   89,  543,  669,  326,  811,  293,  741,  639,  362,    0,  359,  324,  426],
        [  964,  964,  583,  179,  227, 1114, 1129,  460,  296, 1283, 1030,  710,  920,  390, 1195,  490,  727,  420,  275,  578,  405,  276,  578,  846,  684, 1068,  561, 1050,  900,  450,  359,    0,  126,  751],
        [  861,  861,  559,  204,  102, 1033, 1060,  336,  264, 1198,  914,  598,  840,  265, 1097,  398,  672,  345,  201,  497,  295,  260,  453,  725,  633,  957,  466,  955,  793,  328,  324,  126,    0,  669],
        [  288,  288,  358,  617,  601,  364,  402,  492,  479,  532,  473,  267,  172,  581,  464,  274,  187,  332,  477,  174,  402,  512,  561,  435,  207,  430,  215,  316,  277,  450,  426,  751,  669,    0]
    ]
}
