{
    "name": "random-71-27026",
    "comment": "size=71 seed=27026",
    "nodes": ["+0", "-0", "+1", "-1", "+2", "-2", "+3", "-3", "+4", "-4", "+5", "-5", "+6", "-6", "+7", "-7", "+8", "-8", "+9", "-9", "+10", "-10", "+11", "-11", "+12", "-12", "+13", "-13", "+14", "-14", "+15", "-15", "+16", "-16", "+17", "-17", "+18", "-18", "+19", "-19", "+20", "-20", "+21", "-21", "+22", "-22", "+23", "-23", "+24", "-24", "+25", "-25", "+26", "-26", "+27", "-27", "+28", "-28", "+29", "-29", "+30", "-30", "+31", "-31", "+32", "-32", "+33", "-33", "+34", "-34", "+35", "-35", "+36", "-36", "+37", "-37", "+38", "-38", "+39", "-39", "+40", "-40", "+41", "-41", "+42", "-42", "+43", "-43", "+44", "-44", "+45", "-45", "+46", "-46", "+47", "-47", "+48", "-48", "+49", "-49", "+50", "-50", "+51", "-51", "+52", "-52", "+53", "-53", "+54", "-54", "+55", "-55", "+56", "-56", "+57", "-57", "+58", "-58", "+59", "-59", "+60", "-60", "+61", "-61", "+62", "-62", "+63", "-63", "+64", "-64", "+65", "-65", "+66", "-66", "+67", "-67", "+68", "-68", "+69", "-69", "+70", "-70", "+71", "-71"],
    "precedence": {
        "+0": "-0",
        "+1": "-1",
        "+2": "-2",
        "+3": "-3",
        "+4": "-4",
        "+5": "-5",
        "+6": "-6",
        "+7": "-7",
        "+8": "-8",
        "+9": "-9",
        "+10": "-10",
        "+11": "-11",
        "+12": "-12",
        "+13": "-13",
        "+14": "-14",
        "+15": "-15",
        "+16": "-16",
        "+17": "-17",
        "+18": "-18",
        "+19": "-19",
        "+20": "-20",
        "+21": "-21",
        "+22": "-22",
        "+23": "-23",
        "+24": "-24",
        "+25": "-25",
        "+26": "-26",
        "+27": "-27",
        "+28": "-28",
        "+29": "-29",
        "+30": "-30",
        "+31": "-31",
        "+32": "-32",
        "+33": "-33",
        "+34": "-34",
        "+35": "-35",
        "+36": "-36",
        "+37": "-37",
        "+38": "-38",
        "+39": "-39",
        "+40": "-40",
        "+41": "-41",
        "+42": "-42",
        "+43": "-43",
        "+44": "-44",
        "+45": "-45",
        "+46": "-46",
        "+47": "-47",
        "+48": "-48",
        "+49": "-49",
        "+50": "-50",
        "+51": "-51",
        "+52": "-52",
        "+53": "-53",
        "+54": "-54",
        "+55": "-55",
        "+56": "-56",
        "+57": "-57",
        "+58": "-58",
        "+59": "-59",
        "+60": "-60",
        "+61": "-61",
        "+62": "-62",
        "+63": "-63",
        "+64": "-64",
        "+65": "-65",
        "+66": "-66",
        "+67": "-67",
        "+68": "-68",
        "+69": "-69",
        "+70": "-70",
        "+71": "-71"
    },
    "edges": [
        [    0,    0,  799,  947,  809,  319, 1154,  634,  839,  532,  560,  878,  943,  456,  341, 1303,  955,  874,  911,  714,  213, 1031,  635,  658,  622,  769,  966,  394,  985,  993,  836,  337, 1031,  815,  814, 1058,  209,  945,  753,  200,  772, 1059,  396,  915,  753,  571,  465,  409,  744,  670,   52,  694,  772,  772,  950,  691,  894,  684,  832,  897,  204, 1012,  851,  605,  369,  728,  998,  313,  935,  793,   31,  545,  357,  827,  512,  346,  777, 1010,  953,  403,  523,  932,  505,  929,  609,  768,  415,  549, 1038,  595,  626,  646,  954,  891,  959,  823,  304,  525, 1061,  602,  934,  662,  911,  631,  954, 1063,  718,  480,  950,  312, 1130,  799,  942,  839,  854,  793,  474,   14,  673,  852, 1153,  792,  936,  705,  889,  777,  531,   96,  710,  898, 1319,  934,  829, 1066,  879,  239,  902,  152,  926,  686,  386,  869, 1218,  935],
        [    0,    0,    0,    0,    0,    0,    0,    0,    0,    0,    0,    0,    0,    0,    0,    0,    0,    0,    0,    0,    0,    0,    0,    0,    0,    0,    0,    0,    0,    0,    0,    0,    0,    0,    0,    0,    0,    0,    0,    0,    0,    0,    0,    0,    0,    0,    0,    0,    0,    0,    0,    0,    0,    0,    0,    0,    0,    0,    0,    0,    0,    0,    0,    0,    0,    0,    0,    0,    0,    0,    0,    0,    0,    0,    0,    0,    0,    0,    0,    0,    0,    0,    0,    0,    0,    0,    0,    0,    0,    0,    0,    0,    0,    0,    0,    0,    0,    0,    0,    0,    0,    0,    0,    0,    0,    0,    0,    0,    0,    0,    0,    0,    0,    0,    0,    0,    0,    0,    0,    0,    0,    0,    0,    0,    0,    0,    0,    0,    0,    0,    0,    0,    0,    0,    0,    0,    0,    0,    0,    0,    0,    0,    0,    0],
        [  799,    0,    0,  235,  366,  495,  562,  574,  605,  347,  743,  740,  356,  346,  714,  664,  605,  437,  129,  340,  746,  369,  235,  181,  210,  331,  237,  534,  231,  215,  506,  584,  459,  786,   15,  261,  754,  986,  336,  694,  519,  292,  766,  309,  106,  477,  379,  422,   99,  294,  811,  145,  253,  348,  299,  272,  706,  166,   82,  324,  688,  741,  127,  552,  671,  831,  813,  694,  151,  756,  772,  255,  644,  404,  313,  459,  115,  235,  533,  425,  398,  956,  435,  277,  530,  629,  396,  266,  265,  539,  470,  654,  675,  887,  630,  128,  497,  374,  628,  217,  520,  208,  739,  169,  978,  439,  567,  343,  331,  729,  412,  115,  213,  526,  652,  675,  571,  811,  390,  171,  488,  362,  234,  770,  499,  106,  286,  720,  500,  273,  674,  613,  134,  321,  523,  592,  270,  657,  786,  303,  417,  346,  554,  347],
        [  947,    0,  235,    0,  591,  628,  715,  807,  834,  566,  971,  970,  158,  523,  921,  781,  820,  654,  130,  574,  933,  522,  313,  407,  431,  560,   26,  744,  351,  113,  732,  786,  636, 1020,  226,  266,  941, 1220,  567,  878,  750,  370,  980,  503,  340,  708,  584,  617,  333,  528,  969,  375,  200,  577,  475,  276,  934,  397,  290,  526,  872,  959,  327,  785,  882, 1065, 1037,  897,  127,  990,  918,  426,  852,  628,  516,  603,  180,  323,  742,  546,  621, 1189,  657,  459,  763,  862,  581,  469,  342,  771,  704,  888,  895, 1121,  847,  343,  647,  442,  825,  351,  733,  439,  967,  356, 1211,  597,  801,  468,  123,  931,  514,  159,   27,  752,  882,  909,  794,  957,  624,   96,  614,  589,  401, 1004,  717,  337,  487,  881,  734,   98,  787,  832,  347,  419,  744,  717,  464,  820, 1015,  537,  590,  558,  670,  153],
        [  809,    0,  366,  591,    0,  601,  345,  295,  246,  289,  496,  383,  721,  426,  575,  496,  245,   84,  464,   97,  666,  258,  518,  268,  283,   50,  586,  426,  324,  530,  141,  489,  223,  448,  371,  465,  675,  641,   61,  635,  173,  383,  596,  150,  268,  265,  360,  414,  280,  157,  797,  269,  602,   39,  201,  591,  344,  254,  301,  118,  629,  377,  267,  294,  525,  525,  448,  573,  477,  421,  791,  407,  511,   40,  344,  557,  472,  368,  187,  574,  287,  610,  307,  193,  274,  291,  429,  338,  383,  289,  220,  367,  310,  542,  268,  248,  570,  610,  298,  454,  169,  231,  377,  370,  630,  263,  246,  520,  696,  602,  374,  477,  566,  162,  293,  333,  390,  823,  142,  537,  360,   18,  244,  465,  137,  261,  345,  714,  186,  638,  511,  249,  245,  357,  158,  685,  168,  659,  425,  136,  471,   73,  419,  713],
        [  319,    0,  495,  628,  601,    0,  932,  544,  717,  317,  579,  802,  628,  180,  411, 1070,  803,  679,  598,  507,  356,  779,  316,  383,  351,  553,  647,  308,  701,  678,  674,  297,  808,  777,  509,  756,  362,  954,  541,  299,  629,  772,  484,  670,  469,  439,  248,  206,  457,  445,  345,  414,  455,  562,  695,  375,  799,  409,  540,  660,  295,  897,  567,  509,  398,  739,  916,  375,  622,  749,  290,  245,  368,  629,  259,   45,  461,  719,  775,   85,  342,  932,  347,  672,  501,  674,  175,  278,  749,  494,  485,  594,  830,  875,  816,  542,   52,  215,  889,  287,  755,  401,  824,  330,  956,  824,  607,  162,  634,  403,  863,  482,  624,  684,  748,  712,  411,  329,  489,  534,  906,  585,  665,  693,  714,  493,  264,  262,  570,  580, 1084,  791,  549,  788,  715,   98,  648,  208,  855,  465,  133,  644,  974,  620],
        [ 1154,    0,  562,  715,  345,  932,    0,  592,  429,  630,  785,  528,  871,  753,  905,  155,  308,  287,  592,  440, 1005,  197,  780,  562,  588,  387,  699,  769,  365,  614,  359,  831,  125,  634,  558,  478, 1014,  778,  402,  978,  432,  358,  915,  270,  507,  599,  700,  755,  522,  492, 1141,  543,  812,  382,  265,  831,  476,  539,  481,  274,  972,  406,  436,  605,  856,  752,  509,  908,  590,  619, 1136,  712,  846,  330,  674,  887,  676,  395,  246,  893,  631,  748,  651,  288,  589,  517,  766,  657,  382,  605,  548,  642,  384,  693,  330,  443,  906,  899,  212,  732,  260,  535,  498,  650,  760,  124,  515,  827,  837,  935,  229,  671,  689,  368,  458,  537,  721, 1167,  483,  706,  124,  362,  330,  704,  297,  487,  669, 1059,  482,  796,  171,  339,  436,  307,  323, 1021,  302, 1004,  539,  473,  806,  289,  124,  865],
        [  634,    0,  574,  807,  295,  544,  592,    0,  207,  281,  202,  260,  907,  422,  327,  746,  333,  314,  696,  250,  446,  550,  624,  405,  391,  290,  810,  254,  608,  775,  235,  301,  488,  242,  584,  742,  454,  437,  275,  437,  162,  673,  325,  444,  470,  117,  319,  343,  475,  280,  607,  434,  751,  279,  495,  710,  265,  412,  537,  413,  432,  378,  518,   36,  282,  258,  377,  340,  714,  212,  626,  469,  283,  285,  359,  508,  649,  650,  355,  560,  227,  410,  207,  486,   49,  136,  385,  390,  669,   51,  104,   81,  321,  346,  331,  491,  497,  654,  447,  550,  337,  370,  286,  487,  434,  543,   87,  547,  890,  359,  667,  663,  786,  229,  221,  170,  161,  648,  189,  731,  640,  284,  530,  197,  297,  478,  382,  542,  114,  827,  763,  307,  491,  651,  275,  598,  459,  504,  312,  274,  422,  367,  691,  898],
        [  839,    0,  605,  834,  246,  717,  429,  207,    0,  414,  369,  138,  959,  567,  532,  577,  134,  204,  709,  274,  653,  448,  724,  475,  476,  275,  830,  451,  559,  775,  108,  504,  351,  218,  612,  703,  660,  400,  270,  643,   95,  608,  522,  372,  502,  282,  473,  512,  513,  339,  813,  489,  827,  258,  421,  804,  102,  470,  545,  340,  638,  180,  512,  235,  488,  325,  216,  546,  721,  197,  829,  586,  489,  212,  491,  677,  704,  603,  185,  717,  377,  369,  372,  422,  232,   91,  546,  506,  613,  245,  233,  227,  116,  302,  126,  492,  675,  787,  252,  652,  174,  435,  134,  575,  388,  415,  122,  685,  935,  564,  560,  713,  809,   87,   48,  110,  366,  853,  250,  776,  505,  246,  479,  276,  152,  500,  505,  746,  148,  876,  593,  104,  490,  573,  118,  782,  402,  704,  181,  321,  587,  296,  543,  951],
        [  532,    0,  347,  566,  289,  317,  630,  281,  414,    0,  410,  518,  644,  154,  371,  776,  489,  365,  476,  193,  422,  501,  345,  167,  137,  244,  574,  191,  474,  561,  360,  247,  506,  522,  360,  575,  431,  717,  229,  379,  321,  548,  420,  384,  261,  165,   72,  126,  259,  139,  527,  206,  479,  251,  420,  432,  505,  187,  343,  366,  372,  590,  346,  249,  326,  527,  624,  354,  497,  491,  511,  189,  300,  315,   80,  273,  393,  506,  459,  305,   58,  690,   92,  400,  232,  388,  142,  112,  532,  233,  191,  353,  522,  625,  503,  316,  283,  379,  573,  271,  440,  150,  533,  218,  714,  533,  318,  273,  631,  388,  602,  411,  549,  371,  450,  433,  229,  545,  174,  480,  622,  272,  414,  470,  398,  280,  102,  439,  268,  568,  790,  478,  321,  547,  400,  397,  372,  380,  571,  158,  184,  341,  688,  635],
        [  560,    0,  743,  971,  496,  579,  785,  202,  369,  410,    0,  348, 1054,  513,  219,  937,  502,  513,  870,  442,  349,  752,  745,  565,  542,  488,  977,  277,  804,  952,  427,  284,  686,  262,  755,  933,  354,  390,  472,  367,  355,  871,  175,  645,  644,  268,  416,  414,  646,  459,  520,  599,  886,  478,  695,  832,  380,  577,  718,  614,  364,  504,  705,  206,  199,  170,  462,  250,  890,  246,  561,  587,  222,  487,  476,  554,  802,  845,  542,  622,  353,  374,  319,  685,  228,  278,  460,  518,  865,  214,  289,  144,  465,  332,  493,  676,  528,  740,  620,  674,  526,  535,  386,  628,  397,  743,  271,  634, 1041,  249,  868,  818,  952,  417,  360,  279,  187,  571,  380,  888,  839,  484,  727,  147,  489,  655,  504,  481,  314,  978,  954,  472,  677,  850,  462,  602,  658,  465,  387,  458,  485,  569,  888, 1044],
        [  878,    0,  740,  970,  383,  802,  528,  260,  138,  518,  348,    0, 1093,  668,  548,  665,  222,  339,  846,  404,  677,  576,  845,  602,  598,  411,  967,  511,  695,  912,  245,  554,  469,  112,  747,  839,  683,  266,  404,  679,  222,  742,  519,  508,  636,  365,  568,  599,  646,  464,  845,  619,  955,  394,  556,  928,   53,  599,  682,  476,  675,  163,  649,  295,  512,  243,  121,  570,  858,  109,  873,  699,  522,  349,  597,  764,  836,  739,  298,  813,  472,  234,  459,  558,  301,  130,  638,  619,  748,  309,  327,  233,  148,  171,  199,  629,  756,  896,  325,  772,  293,  562,   40,  698,  252,  535,  200,  791, 1070,  581,  684,  845,  946,  224,   91,   91,  413,  891,  369,  909,  619,  383,  616,  215,  281,  635,  615,  789,  256, 1010,  681,  191,  626,  705,  247,  857,  539,  757,   54,  448,  677,  432,  649, 1084],
        [  943,    0,  356,  158,  721,  628,  871,  907,  959,  644, 1054, 1093,    0,  566,  973,  938,  958,  790,  281,  690,  964,  676,  327,  503,  518,  685,  179,  804,  507,  269,  861,  837,  787, 1132,  351,  421,  971, 1333,  690,  906,  871,  528, 1037,  649,  458,  799,  646,  667,  447,  636,  972,  478,  178,  702,  625,  255, 1060,  499,  425,  670,  901, 1095,  467,  881,  939, 1164, 1168,  944,  282, 1102,  913,  475,  908,  759,  581,  613,  259,  481,  884,  545,  701, 1303,  735,  608,  860,  978,  625,  537,  499,  866,  805,  986, 1030, 1235,  984,  478,  658,  419,  972,  389,  872,  540, 1093,  426, 1326,  752,  913,  479,   37,  978,  671,  248,  184,  881, 1006, 1025,  870,  951,  733,  185,  772,  717,  552, 1104,  853,  461,  552,  890,  847,   84,  944,  968,  482,  576,  878,  705,  609,  833, 1140,  648,  623,  697,  828,   10],
        [  456,    0,  346,  523,  426,  180,  753,  422,  567,  154,  513,  668,  566,    0,  408,  891,  640,  506,  464,  334,  411,  601,  241,  208,  174,  377,  538,  245,  533,  549,  511,  272,  629,  664,  360,  603,  419,  854,  366,  356,  475,  606,  473,  491,  300,  307,  104,  104,  290,  269,  466,  242,  390,  388,  517,  325,  658,  234,  377,  481,  350,  744,  398,  387,  375,  653,  776,  380,  488,  633,  431,   98,  344,  456,   82,  136,  345,  555,  605,  152,  197,  829,  216,  494,  374,  538,   60,  100,  584,  371,  342,  487,  675,  766,  655,  371,  162,  233,  719,  178,  585,  223,  685,  178,  853,  645,  469,  126,  561,  414,  688,  366,  513,  524,  603,  581,  327,  468,  326,  429,  727,  410,  491,  599,  545,  323,   85,  375,  421,  500,  905,  631,  378,  617,  550,  272,  470,  312,  721,  290,   71,  466,  795,  556],
        [  341,    0,  714,  921,  575,  411,  905,  327,  532,  371,  219,  548,  973,  408,    0, 1060,  659,  619,  842,  493,  131,  827,  648,  537,  505,  548,  933,  181,  835,  928,  556,  137,  792,  476,  728,  945,  137,  606,  531,  151,  484,  908,   74,  710,  631,  310,  339,  308,  629,  478,  302,  576,  797,  545,  756,  730,  571,  557,  713,  684,  150,  693,  714,  306,   51,  388,  667,   37,  865,  456,  343,  500,   72,  580,  407,  399,  743,  870,  677,  473,  328,  592,  294,  740,  319,  450,  348,  454,  895,  302,  359,  318,  642,  550,  657,  683,  362,  605,  774,  585,  658,  520,  583,  566,  614,  838,  414,  510,  968,   33,  939,  763,  907,  553,  538,  467,  186,  353,  435,  830,  934,  559,  767,  364,  616,  649,  436,  264,  427,  906, 1076,  633,  687,  899,  598,  410,  711,  257,  593,  486,  356,  645,  992,  964],
        [ 1303,    0,  664,  781,  496, 1070,  155,  746,  577,  776,  937,  665,  938,  891, 1060,    0,  450,  441,  668,  590, 1158,  300,  893,  693,  722,  535,  761,  921,  443,  671,  513,  984,  273,  774,  657,  522, 1167,  904,  551, 1130,  586,  411, 1069,  401,  626,  753,  846,  901,  641,  637, 1292,  670,  904,  532,  382,  935,  614,  668,  586,  412, 1124,  528,  543,  759, 1010,  897,  630, 1062,  660,  762, 1284,  842, 1000,  483,  815, 1026,  772,  461,  396, 1026,  781,  875,  802,  406,  743,  667,  909,  793,  440,  760,  702,  794,  518,  824,  469,  557, 1048, 1020,  341,  853,  412,  670,  632,  774,  885,  246,  668,  956,  903, 1089,  268,  764,  755,  521,  602,  684,  875, 1317,  636,  788,  176,  512,  432,  851,  450,  604,  807, 1209,  637,  870,   17,  482,  549,  364,  476, 1162,  426, 1152,  670,  619,  948,  435,  112,  933],
        [  955,    0,  605,  820,  245,  803,  308,  333,  134,  489,  502,  222,  958,  640,  659,  450,    0,  169,  691,  314,  776,  369,  761,  509,  519,  290,  812,  562,  508,  746,  130,  619,  253,  327,  608,  651,  784,  480,  293,  762,  184,  545,  653,  324,  510,  386,  555,  601,  523,  383,  932,  513,  845,  274,  365,  835,  170,  497,  534,  297,  757,  139,  494,  356,  614,  447,  230,  671,  699,  313,  943,  640,  612,  206,  559,  761,  714,  551,   85,  791,  463,  449,  467,  373,  348,  224,  629,  564,  555,  363,  333,  360,   86,  389,   29,  481,  765,  844,  119,  694,   90,  470,  194,  611,  463,  319,  246,  748,  931,  691,  470,  718,  794,  120,  153,  235,  486,  969,  316,  775,  399,  254,  434,  403,  108,  502,  568,  861,  247,  876,  466,   33,  477,  502,   92,  877,  362,  815,  240,  362,  671,  263,  428,  950],
        [  874,    0,  437,  654,   84,  679,  287,  314,  204,  365,  513,  339,  790,  506,  619,  441,  169,    0,  525,  173,  719,  249,  600,  351,  366,  133,  647,  485,  357,  584,  100,  547,  176,  419,  440,  501,  728,  603,  141,  694,  161,  405,  631,  170,  343,  313,  435,  488,  356,  238,  859,  350,  678,  120,  218,  671,  294,  336,  366,  138,  687,  306,  327,  322,  570,  514,  386,  621,  535,  396,  858,  490,  560,   50,  424,  635,  546,  401,  104,  655,  355,  571,  370,  220,  304,  271,  506,  420,  410,  321,  262,  374,  242,  506,  194,  313,  647,  693,  215,  537,   87,  314,  325,  452,  590,  231,  245,  603,  763,  648,  365,  550,  628,  118,  249,  306,  434,  888,  202,  607,  327,   97,  278,  458,   64,  334,  427,  779,  201,  708,  457,  179,  309,  370,   94,  762,  202,  726,  374,  217,  548,   97,  379,  782],
        [  911,    0,  129,  130,  464,  598,  592,  696,  709,  476,  870,  846,  281,  464,  842,  668,  691,  525,    0,  455,  870,  397,  303,  310,  339,  436,  122,  662,  229,   87,  605,  711,  508,  900,  116,  181,  878, 1099,  445,  817,  628,  261,  895,  373,  227,  603,  506,  546,  224,  416,  926,  273,  248,  453,  346,  302,  808,  294,  165,  397,  811,  829,  199,  676,  799,  952,  909,  821,   25,  871,  883,  369,  772,  500,  439,  566,  146,  208,  613,  522,  527, 1068,  563,  330,  654,  742,  518,  392,  231,  663,  593,  776,  767, 1000,  718,  217,  607,  445,  695,  312,  603,  336,  841,  287, 1089,  472,  683,  439,  248,  856,  402,  127,  104,  626,  756,  787,  700,  922,  509,  123,  497,  464,  273,  891,  588,  219,  411,  836,  616,  205,  676,  704,  220,  305,  616,  693,  334,  773,  889,  423,  534,  429,  557,  274],
        [  714,    0,  340,  574,   97,  507,  440,  250,  274,  193,  442,  404,  690,  334,  493,  590,  314,  173,  455,    0,  577,  335,  453,  202,  207,   57,  573,  336,  362,  530,  190,  399,  318,  446,  348,  493,  585,  646,   40,  544,  182,  430,  521,  218,  235,  188,  264,  318,  244,   70,  704,  216,  554,   59,  264,  532,  375,  197,  292,  192,  537,  433,  270,  238,  443,  500,  488,  488,  471,  417,  696,  327,  427,  123,  252,  463,  433,  403,  271,  484,  192,  616,  214,  250,  215,  289,  334,  252,  423,  229,  155,  329,  364,  548,  332,  244,  475,  530,  385,  384,  252,  162,  407,  303,  638,  352,  228,  436,  668,  519,  446,  442,  551,  206,  319,  336,  312,  728,   64,  508,  447,   80,  286,  439,  213,  238,  257,  620,  161,  608,  605,  310,  244,  413,  222,  590,  221,  564,  452,   50,  376,  157,  509,  681],
        [  213,    0,  746,  933,  666,  356, 1005,  446,  653,  422,  349,  677,  964,  411,  131, 1158,  776,  719,  870,  577,    0,  909,  638,  578,  543,  633,  948,  241,  895,  955,  665,  179,  887,  607,  760,  992,    9,  733,  615,   59,  596,  969,  185,  791,  676,  407,  371,  324,  671,  548,  172,  617,  787,  632,  833,  712,  697,  601,  758,  767,   64,  818,  766,  420,  166,  516,  796,  108,  893,  586,  217,  508,  164,  676,  434,  358,  755,  926,  786,  432,  393,  720,  364,  814,  430,  574,  354,  480,  953,  414,  459,  445,  765,  680,  776,  737,  315,  567,  888,  585,  767,  570,  711,  584,  742,  928,  532,  487,  964,  100, 1016,  776,  923,  665,  662,  594,  291,  224,  525,  839, 1023,  649,  834,  495,  724,  697,  461,  146,  536,  904, 1174,  752,  741,  967,  708,  327,  786,  162,  722,  560,  345,  733, 1084,  955],
        [ 1031,    0,  369,  522,  258,  779,  197,  550,  448,  501,  752,  576,  676,  601,  827,  300,  369,  249,  397,  335,  909,    0,  594,  397,  429,  279,  506,  668,  171,  424,  348,  730,  126,  665,  364,  299,  918,  841,  297,  873,  409,  183,  852,  119,  327,  519,  568,  623,  341,  364, 1026,  372,  617,  283,   84,  640,  527,  372,  289,  144,  866,  500,  245,  551,  777,  762,  598,  822,  395,  643, 1010,  545,  761,  266,  528,  735,  481,  206,  284,  730,  517,  809,  545,  108,  531,  520,  624,  502,  200,  546,  477,  618,  454,  746,  396,  257,  760,  721,  328,  553,  285,  379,  556,  474,  826,   76,  491,  658,  643,  853,  117,  476,  495,  365,  490,  554,  644, 1045,  393,  509,  128,  272,  135,  706,  297,  305,  517,  939,  438,  600,  312,  393,  249,  136,  331,  872,  132,  880,  604,  350,  661,  185,  196,  669],
        [  635,    0,  235,  313,  518,  316,  780,  624,  724,  345,  745,  845,  327,  241,  648,  893,  761,  600,  303,  453,  638,  594,    0,  252,  248,  471,  333,  484,  466,  374,  642,  512,  667,  862,  246,  477,  645, 1060,  468,  581,  629,  526,  714,  513,  274,  509,  330,  344,  259,  386,  658,  251,  150,  487,  516,   88,  822,  265,  308,  519,  575,  885,  350,  593,  616,  872,  939,  619,  325,  831,  605,  159,  584,  556,  271,  293,  157,  468,  703,  233,  402, 1032,  431,  493,  575,  719,  301,  234,  498,  577,  528,  698,  816,  966,  782,  338,  338,  143,  810,   75,  687,  292,  854,  150, 1056,  658,  649,  157,  326,  652,  646,  177,  311,  659,  767,  765,  559,  644,  476,  220,  717,  508,  461,  814,  655,  293,  244,  572,  589,  268,  904,  761,  345,  556,  671,  404,  479,  513,  896,  404,  296,  526,  784,  318],
        [  658,    0,  181,  407,  268,  383,  562,  405,  475,  167,  565,  602,  503,  208,  537,  693,  509,  351,  310,  202,  578,  397,  252,    0,   36,  220,  413,  357,  328,  395,  390,  409,  441,  632,  194,  414,  586,  832,  217,  530,  382,  402,  587,  293,   99,  301,  208,  257,   94,  138,  662,   40,  355,  236,  313,  330,  576,   27,  181,  289,  523,  634,  194,  380,  492,  663,  690,  518,  331,  601,  633,  151,  466,  306,  148,  340,  244,  354,  454,  334,  217,  803,  254,  290,  359,  480,  243,  110,  382,  366,  303,  485,  565,  735,  530,  166,  369,  345,  564,  187,  437,   41,  607,  103,  826,  448,  413,  266,  485,  552,  481,  258,  388,  408,  520,  527,  391,  670,  234,  327,  524,  257,  283,  602,  403,  121,  128,  571,  349,  422,  706,  509,  172,  410,  419,  478,  267,  509,  651,  155,  274,  286,  593,  493],
        [  622,    0,  210,  431,  283,  351,  588,  391,  476,  137,  542,  598,  518,  174,  505,  722,  519,  366,  339,  207,  543,  429,  248,   36,    0,  234,  438,  325,  364,  425,  397,  376,  466,  622,  224,  449,  552,  822,  227,  495,  382,  438,  557,  322,  134,  282,  173,  222,  128,  139,  626,   75,  362,  248,  345,  330,  575,   62,  216,  315,  488,  640,  230,  364,  461,  646,  691,  485,  361,  592,  598,  127,  434,  319,  112,  308,  262,  390,  469,  305,  191,  793,  227,  322,  343,  474,  207,   75,  418,  349,  290,  469,  570,  726,  539,  201,  335,  328,  580,  177,  451,   54,  606,  100,  817,  477,  406,  242,  502,  520,  515,  277,  413,  413,  519,  521,  365,  635,  230,  347,  556,  270,  318,  587,  415,  156,   92,  536,  344,  439,  736,  517,  208,  446,  428,  445,  298,  473,  649,  158,  239,  308,  624,  508],
        [  769,    0,  331,  560,   50,  553,  387,  290,  275,  244,  488,  411,  685,  377,  548,  535,  290,  133,  436,   57,  633,  279,  471,  220,  234,    0,  557,  392,  319,  507,  177,  455,  263,  466,  337,  455,  641,  663,   18,  600,  192,  384,  574,  163,  229,  241,  315,  369,  240,  109,  759,  224,  560,   18,  211,  546,  376,  208,  272,  136,  593,  418,  243,  283,  498,  532,  484,  544,  450,  438,  750,  358,  482,   86,  296,  509,  432,  362,  236,  525,  247,  632,  270,  199,  261,  307,  382,  288,  379,  275,  202,  366,  350,  564,  312,  220,  524,  561,  347,  406,  218,  182,  408,  322,  653,  296,  254,  471,  661,  574,  392,  439,  536,  197,  322,  352,  366,  782,  114,  501,  391,   37,  240,  471,  184,  225,  296,  674,  189,  602,  550,  292,  218,  364,  201,  639,  171,  618,  456,   88,  424,  101,  453,  676],
        [  966,    0,  237,   26,  586,  647,  699,  810,  830,  574,  977,  967,  179,  538,  933,  761,  812,  647,  122,  573,  948,  506,  333,  413,  438,  557,    0,  755,  335,   91,  727,  798,  622, 1019,  227,  243,  956, 1218,  565,  893,  748,  350,  990,  493,  341,  712,  595,  629,  335,  530,  986,  379,  224,  574,  463,  300,  930,  401,  286,  517,  887,  951,  321,  788,  892, 1067, 1031,  909,  114,  990,  937,  441,  863,  622,  527,  621,  194,  306,  733,  565,  628, 1187,  664,  448,  766,  861,  595,  480,  323,  775,  707,  890,  889, 1119,  839,  339,  664,  464,  814,  367,  724,  444,  962,  368, 1209,  582,  801,  486,  143,  944,  494,  173,   26,  747,  878,  907,  802,  976,  625,  114,  596,  585,  389, 1006,  710,  336,  498,  898,  734,  123,  767,  825,  341,  400,  738,  737,  454,  837, 1010,  538,  605,  551,  651,  174],
        [  394,    0,  534,  744,  426,  308,  769,  254,  451,  191,  277,  511,  804,  245,  181,  921,  562,  485,  662,  336,  241,  668,  484,  357,  325,  392,  755,    0,  661,  748,  442,   63,  649,  474,  548,  766,  250,  646,  375,  210,  379,  734,  236,  550,  452,  177,  161,  142,  449,  308,  376,  396,  631,  392,  592,  569,  518,  377,  534,  526,  203,  628,  536,  220,  138,  432,  630,  163,  685,  446,  382,  330,  110,  440,  229,  280,  567,  694,  560,  346,  154,  624,  124,  574,  220,  389,  188,  276,  720,  208,  232,  290,  567,  569,  567,  506,  258,  464,  667,  417,  540,  341,  539,  389,  648,  688,  331,  361,  797,  197,  776,  586,  729,  445,  472,  422,  104,  408,  286,  654,  782,  410,  596,  386,  496,  470,  258,  299,  316,  734,  937,  542,  510,  729,  485,  348,  546,  254,  563,  320,  209,  492,  844,  795],
        [  985,    0,  231,  351,  324,  701,  365,  608,  559,  474,  804,  695,  507,  533,  835,  443,  508,  357,  229,  362,  895,  171,  466,  328,  364,  319,  335,  661,    0,  254,  452,  719,  291,  769,  221,  145,  904,  958,  334,  851,  496,   75,  873,  188,  234,  545,  529,  582,  245,  359,  989,  292,  462,  331,  143,  497,  650,  302,  164,  219,  844,  646,  136,  599,  786,  848,  736,  822,  225,  743,  961,  457,  765,  350,  475,  661,  332,   45,  424,  639,  508,  927,  542,  138,  577,  614,  571,  437,   62,  590,  516,  684,  590,  860,  536,  163,  693,  603,  489,  441,  419,  327,  681,  375,  946,  247,  569,  560,  473,  856,  182,  323,  325,  472,  605,  654,  664,  998,  425,  347,  270,  331,   81,  788,  417,  210,  455,  898,  506,  433,  452,  527,  157,   91,  450,  798,  157,  836,  730,  353,  601,  264,  332,  500],
        [  993,    0,  215,  113,  530,  678,  614,  775,  775,  561,  952,  912,  269,  549,  928,  671,  746,  584,   87,  530,  955,  424,  374,  395,  425,  507,   91,  748,  254,    0,  669,  797,  544,  972,  201,  153,  964, 1169,  517,  902,  698,  262,  981,  423,  309,  685,  592,  632,  307,  496, 1009,  357,  292,  523,  388,  358,  873,  378,  239,  450,  896,  885,  265,  756,  885, 1030,  969,  907,   64,  944,  965,  453,  857,  564,  525,  647,  219,  220,  665,  599,  611, 1138,  648,  376,  734,  814,  603,  478,  235,  744,  673,  855,  825, 1070,  773,  288,  689,  513,  739,  392,  657,  419,  905,  372, 1159,  500,  757,  517,  233,  942,  405,  198,   92,  690,  823,  858,  784, 1003,  587,  165,  508,  531,  315,  968,  647,  298,  497,  919,  690,  209,  677,  761,  289,  312,  677,  771,  385,  857,  954,  501,  619,  487,  562,  264],
        [  836,    0,  506,  732,  141,  674,  359,  235,  108,  360,  427,  245,  861,  511,  556,  513,  130,  100,  605,  190,  665,  348,  642,  390,  397,  177,  727,  442,  452,  669,    0,  501,  263,  321,  511,  596,  674,  507,  176,  647,   74,  503,  559,  266,  405,  265,  426,  473,  417,  259,  815,  399,  736,  160,  315,  719,  204,  381,  442,  233,  641,  244,  407,  250,  508,  416,  308,  563,  617,  297,  822,  514,  502,  106,  431,  632,  609,  496,  122,  662,  335,  475,  341,  315,  237,  173,  500,  437,  507,  254,  211,  285,  175,  409,  145,  389,  636,  718,  226,  573,  104,  350,  236,  492,  495,  323,  156,  620,  836,  586,  462,  616,  706,   21,  154,  207,  375,  849,  186,  677,  417,  144,  372,  361,   63,  401,  440,  741,  130,  778,  529,  121,  386,  469,   44,  749,  295,  692,  285,  239,  542,  189,  463,  852],
        [  337,    0,  584,  786,  489,  297,  831,  301,  504,  247,  284,  554,  837,  272,  137,  984,  619,  547,  711,  399,  179,  730,  512,  409,  376,  455,  798,   63,  719,  797,  501,    0,  712,  506,  598,  821,  188,  668,  438,  148,  436,  793,  203,  612,  506,  237,  206,  171,  502,  369,  315,  448,  661,  455,  654,  594,  564,  431,  588,  589,  141,  679,  593,  270,  106,  449,  674,  111,  734,  481,  326,  364,   75,  502,  273,  276,  608,  752,  620,  348,  215,  648,  186,  636,  273,  436,  212,  320,  778,  259,  291,  326,  619,  596,  623,  563,  246,  476,  726,  449,  600,  397,  583,  431,  672,  750,  383,  377,  831,  146,  838,  628,  773,  503,  521,  465,  142,  350,  348,  694,  845,  472,  656,  409,  556,  525,  302,  243,  374,  770,  999,  598,  568,  790,  544,  320,  607,  203,  604,  382,  222,  555,  907,  828],
        [ 1031,    0,  459,  636,  223,  808,  125,  488,  351,  506,  686,  469,  787,  629,  792,  273,  253,  176,  508,  318,  887,  126,  667,  441,  466,  263,  622,  649,  291,  544,  263,  712,    0,  566,  456,  424,  896,  731,  279,  858,  332,  309,  806,  154,  393,  483,  577,  632,  408,  368, 1020,  425,  711,  259,  163,  724,  418,  419,  378,  152,  852,  379,  333,  497,  742,  674,  478,  792,  509,  547, 1013,  591,  730,  212,  550,  764,  574,  330,  172,  770,  509,  700,  529,  183,  479,  432,  642,  534,  326,  496,  434,  546,  337,  639,  279,  335,  782,  782,  202,  616,  178,  413,  445,  532,  715,   67,  417,  706,  755,  820,  219,  571,  609,  276,  388,  460,  607, 1045,  364,  613,  156,  240,  236,  621,  203,  375,  545,  937,  376,  709,  288,  280,  328,  261,  235,  897,  191,  881,  491,  349,  682,  165,  204,  780],
        [  815,    0,  786, 1020,  448,  777,  634,  242,  218,  522,  262,  112, 1132,  664,  476,  774,  327,  419,  900,  446,  607,  665,  862,  632,  622,  466, 1019,  474,  769,  972,  321,  506,  566,    0,  794,  912,  612,  201,  456,  617,  276,  823,  437,  585,  681,  358,  560,  582,  689,  497,  778,  655,  984,  450,  635,  948,  162,  633,  736,  552,  613,  272,  708,  277,  446,  133,  207,  503,  915,   31,  812,  709,  462,  419,  601,  744,  873,  814,  397,  800,  469,  172,  448,  634,  291,  159,  625,  630,  826,  293,  335,  184,  258,  105,  306,  685,  729,  896,  435,  788,  388,  593,  150,  721,  195,  631,  220,  789, 1112,  508,  777,  885,  997,  302,  179,  116,  370,  827,  399,  951,  719,  444,  689,  117,  369,  683,  623,  730,  286, 1050,  790,  295,  683,  789,  335,  821,  612,  705,  133,  485,  660,  507,  753, 1123],
        [  814,    0,   15,  226,  371,  509,  558,  584,  612,  360,  755,  747,  351,  360,  728,  657,  608,  440,  116,  348,  760,  364,  246,  194,  224,  337,  227,  548,  221,  201,  511,  598,  456,  794,    0,  247,  769,  994,  343,  709,  526,  281,  780,  308,  115,  488,  393,  436,  110,  304,  826,  157,  255,  354,  295,  279,  712,  178,   79,  324,  702,  745,  124,  563,  684,  841,  818,  708,  138,  765,  787,  269,  657,  409,  327,  473,  119,  224,  535,  438,  411,  964,  447,  274,  541,  637,  411,  281,  253,  550,  481,  664,  679,  895,  634,  129,  511,  386,  629,  230,  523,  220,  745,  184,  986,  435,  576,  356,  325,  743,  403,  116,  203,  531,  659,  683,  584,  825,  399,  167,  481,  367,  229,  780,  502,  112,  300,  735,  509,  268,  667,  617,  134,  311,  527,  606,  268,  672,  792,  312,  431,  348,  547,  343],
        [ 1058,    0,  261,  266,  465,  756,  478,  742,  703,  575,  933,  839,  421,  603,  945,  522,  651,  501,  181,  493,  992,  299,  477,  414,  449,  455,  243,  766,  145,  153,  596,  821,  424,  912,  247,    0, 1000, 1103,  469,  943,  638,  120,  988,  332,  316,  669,  621,  670,  322,  478, 1068,  375,  427,  469,  287,  483,  795,  391,  234,  364,  937,  788,  233,  730,  898,  987,  880,  929,  163,  886, 1032,  515,  874,  494,  559,  719,  323,  101,  567,  684,  617, 1071,  653,  282,  707,  756,  650,  516,   99,  720,  646,  820,  734, 1004,  679,  263,  757,  620,  625,  474,  563,  425,  826,  429, 1090,  372,  708,  602,  385,  963,  258,  306,  242,  616,  749,  797,  782, 1070,  555,  299,  365,  471,  224,  926,  561,  296,  535,  977,  644,  360,  527,  671,  260,  171,  594,  852,  301,  914,  875,  476,  674,  408,  414,  417],
        [  209,    0,  754,  941,  675,  362, 1014,  454,  660,  431,  354,  683,  971,  419,  137, 1167,  784,  728,  878,  585,    9,  918,  645,  586,  552,  641,  956,  250,  904,  964,  674,  188,  896,  612,  769, 1000,    0,  737,  624,   66,  605,  978,  188,  800,  685,  415,  379,  333,  679,  557,  167,  626,  794,  641,  842,  719,  704,  610,  767,  776,   71,  825,  775,  428,  174,  520,  803,  115,  902,  592,  214,  516,  172,  685,  443,  364,  763,  935,  795,  438,  402,  724,  373,  823,  438,  582,  362,  489,  962,  422,  468,  452,  772,  685,  784,  745,  320,  573,  896,  593,  775,  579,  718,  593,  746,  937,  540,  494,  971,  105, 1025,  784,  931,  673,  669,  601,  299,  220,  533,  846, 1032,  658,  843,  500,  732,  705,  469,  146,  544,  912, 1183,  760,  750,  976,  717,  330,  795,  165,  729,  569,  353,  742, 1093,  962],
        [  945,    0,  986, 1220,  641,  954,  778,  437,  400,  717,  390,  266, 1333,  854,  606,  904,  480,  603, 1099,  646,  733,  841, 1060,  832,  822,  663, 1218,  646,  958, 1169,  507,  668,  731,  201,  994, 1103,  737,    0,  655,  756,  472, 1007,  550,  772,  881,  553,  751,  767,  889,  698,  902,  856, 1184,  647,  820, 1146,  315,  834,  934,  740,  753,  377,  905,  470,  589,  220,  275,  638, 1113,  232,  948,  906,  611,  610,  796,  923, 1074, 1003,  560,  984,  663,   32,  639,  822,  486,  358,  811,  827, 1013,  486,  534,  368,  397,  100,  454,  883,  904, 1087,  568,  986,  557,  794,  287,  921,   22,  797,  421,  980, 1313,  634,  948, 1086, 1196,  487,  354,  312,  543,  956,  600, 1152,  877,  639,  879,  261,  547,  883,  819,  869,  487, 1251,  919,  451,  881,  970,  513,  987,  802,  854,  241,  686,  844,  696,  901, 1324],
        [  753,    0,  336,  567,   61,  541,  402,  275,  270,  229,  472,  404,  690,  366,  531,  551,  293,  141,  445,   40,  615,  297,  468,  217,  227,   18,  565,  375,  334,  517,  176,  438,  279,  456,  343,  469,  624,  655,    0,  583,  184,  400,  557,  181,  232,  223,  301,  355,  243,   97,  743,  223,  561,   22,  229,  544,  371,  206,  280,  154,  576,  419,  253,  267,  481,  519,  481,  526,  459,  428,  734,  351,  465,   93,  284,  496,  435,  376,  243,  514,  230,  624,  253,  216,  245,  298,  369,  279,  394,  259,  186,  352,  350,  555,  314,  229,  510,  554,  356,  402,  225,  178,  404,  319,  645,  313,  242,  462,  666,  556,  410,  443,  543,  195,  317,  343,  348,  766,   97,  506,  408,   45,  256,  458,  188,  231,  286,  658,  176,  607,  566,  293,  228,  380,  203,  625,  188,  602,  451,   76,  410,  118,  470,  681],
        [  200,    0,  694,  878,  635,  299,  978,  437,  643,  379,  367,  679,  906,  356,  151, 1130,  762,  694,  817,  544,   59,  873,  581,  530,  495,  600,  893,  210,  851,  902,  647,  148,  858,  617,  709,  943,   66,  756,  583,    0,  580,  925,  218,  755,  628,  383,  323,  274,  622,  510,  171,  569,  729,  601,  795,  654,  696,  554,  710,  733,    7,  814,  720,  408,  171,  537,  799,  118,  841,  595,  196,  453,  158,  649,  384,  299,  700,  881,  766,  374,  356,  741,  330,  776,  415,  570,  300,  429,  908,  400,  437,  447,  757,  697,  764,  691,  256,  509,  871,  529,  747,  524,  712,  531,  763,  896,  522,  429,  906,  127,  978,  721,  868,  648,  656,  593,  278,  212,  495,  783,  990,  619,  792,  509,  703,  649,  410,  115,  518,  847, 1146,  740,  696,  925,  690,  274,  748,  111,  727,  524,  289,  700, 1052,  898],
        [  772,    0,  519,  750,  173,  629,  432,  162,   95,  321,  355,  222,  871,  475,  484,  586,  184,  161,  628,  182,  596,  409,  629,  382,  382,  192,  748,  379,  496,  698,   74,  436,  332,  276,  526,  638,  605,  472,  184,  580,    0,  553,  486,  315,  414,  203,  383,  425,  424,  245,  750,  398,  735,  176,  366,  710,  194,  378,  463,  282,  574,  270,  433,  179,  437,  356,  310,  493,  642,  249,  760,  491,  433,  148,  397,  588,  614,  540,  194,  625,  288,  441,  287,  362,  167,  118,  456,  411,  553,  183,  150,  214,  202,  373,  190,  411,  588,  692,  292,  558,  176,  342,  226,  480,  462,  391,   85,  591,  848,  515,  525,  624,  726,   69,  138,  161,  306,  786,  155,  688,  486,  168,  415,  298,  136,  414,  411,  677,   63,  788,  602,  165,  410,  522,  114,  698,  339,  632,  270,  228,  497,  236,  534,  862],
        [ 1059,    0,  292,  370,  383,  772,  358,  673,  608,  548,  871,  742,  528,  606,  908,  411,  545,  405,  261,  430,  969,  183,  526,  402,  438,  384,  350,  734,   75,  262,  503,  793,  309,  823,  281,  120,  978, 1007,  400,  925,  553,    0,  944,  238,  307,  615,  604,  657,  317,  431, 1063,  365,  506,  395,  188,  549,  696,  376,  233,  271,  918,  680,  209,  666,  859,  907,  774,  896,  251,  798, 1034,  528,  838,  406,  549,  732,  384,   58,  460,  708,  581,  976,  615,  191,  644,  669,  644,  510,   30,  658,  584,  748,  629,  910,  573,  237,  766,  666,  510,  506,  458,  402,  726,  444,  994,  253,  629,  628,  492,  929,  144,  371,  345,  522,  654,  708,  735, 1072,  493,  384,  247,  392,  145,  848,  462,  283,  529,  972,  567,  460,  418,  567,  231,   52,  495,  869,  216,  910,  775,  424,  674,  317,  301,  522],
