{
    "name": "random-73-29211",
    "comment": "size=73 seed=29211",
    "nodes": ["+0", "-0", "+1", "-1", "+2", "-2", "+3", "-3", "+4", "-4", "+5", "-5", "+6", "-6", "+7", "-7", "+8", "-8", "+9", "-9", "+10", "-10", "+11", "-11", "+12", "-12", "+13", "-13", "+14", "-14", "+15", "-15", "+16", "-16", "+17", "-17", "+18", "-18", "+19", "-19", "+20", "-20", "+21", "-21", "+22", "-22", "+23", "-23", "+24", "-24", "+25", "-25", "+26", "-26", "+27", "-27", "+28", "-28", "+29", "-29", "+30", "-30", "+31", "-31", "+32", "-32", "+33", "-33", "+34", "-34", "+35", "-35", "+36", "-36", "+37", "-37", "+38", "-38", "+39", "-39", "+40", "-40", "+41", "-41", "+42", "-42", "+43", "-43", "+44", "-44", "+45", "-45", "+46", "-46", "+47", "-47", "+48", "-48", "+49", "-49", "+50", "-50", "+51", "-51", "+52", "-52", "+53", "-53", "+54", "-54", "+55", "-55", "+56", "-56", "+57", "-57", "+58", "-58", "+59", "-59", "+60", "-60", "+61", "-61", "+62", "-62", "+63", "-63", "+64", "-64", "+65", "-65", "+66", "-66", "+67", "-67", "+68", "-68", "+69", "-69", "+70", "-70", "+71", "-71", "+72", "-72", "+73", "-73"],
    "precedence": {
        "+0": "-0",
        "+1": "-1",
        "+2": "-2",
        "+3": "-3",
        "+4": "-4",
        "+5": "-5",
        "+6": "-6",
        "+7": "-7",
        "+8": "-8",
        "+9": "-9",
        "+10": "-10",
        "+11": "-11",
        "+12": "-12",
        "+13": "-13",
        "+14": "-14",
        "+15": "-15",
        "+16": "-16",
        "+17": "-17",
        "+18": "-18",
        "+19": "-19",
        "+20": "-20",
        "+21": "-21",
        "+22": "-22",
        "+23": "-23",
        "+24": "-24",
        "+25": "-25",
        "+26": "-26",
        "+27": "-27",
        "+28": "-28",
        "+29": "-29",
        "+30": "-30",
        "+31": "-31",
        "+32": "-32",
        "+33": "-33",
        "+34": "-34",
        "+35": "-35",
        "+36": "-36",
        "+37": "-37",
        "+38": "-38",
        "+39": "-39",
        "+40": "-40",
        "+41": "-41",
        "+42": "-42",
        "+43": "-43",
        "+44": "-44",
        "+45": "-45",
        "+46": "-46",
        "+47": "-47",
        "+48": "-48",
        "+49": "-49",
        "+50": "-50",
        "+51": "-51",
        "+52": "-52",
        "+53": "-53",
        "+54": "-54",
        "+55": "-55",
        "+56": "-56",
        "+57": "-57",
        "+58": "-58",
        "+59": "-59",
        "+60": "-60",
        "+61": "-61",
        "+62": "-62",
        "+63": "-63",
        "+64": "-64",
        "+65": "-65",
        "+66": "-66",
        "+67": "-67",
        "+68": "-68",
        "+69": "-69",
        "+70": "-70",
        "+71": "-71",
        "+72": "-72",
        "+73": "-73"
    },
    "edges": [
        [    0,    0,  677,  740,  732,  269,  733,  664,  144,  615,  755,  388,  527,  509,  213,  343,  225,  803,  340,  681,  521,  762,  152,  682,  765,  707,  697,  738,  542,  574,  120,  182,  396,  245,  835,  957,  666,  600,  619,  563,  273,  254,  669,  474,  833,  852,  603,  738,  583,  208,  732,  333,  623,  355,  441,  421,  212,  831,  220,  609,  535,  484,  450,  371,  748,  396,  589,  232,  469,  556,  161,  316,  268,  653,  552,  379,  720,  327,  326,  678,  302,  790,  657,  474,  393,  532,  603,  500,  316,  570,  301,  525,  294,  249,  638,  733, 1011,  176,  544,   88,  397,  109,  738,  348,  348,  222,  132,  256,  529,  476,  541,  190,  651,  704,  959,  343,  406,  640,  764,  237,  625,  265,   17,  786,  691,  375,  739,  337,  240,  316,  179,  309,  645,  249,  781,  889,  766,  749,  586,  720,  530,  484,  640,  708,  723,  456,  304,  560],
        [    0,    0,    0,    0,    0,    0,    0,    0,    0,    0,    0,    0,    0,    0,    0,    0,    0,    0,    0,    0,    0,    0,    0,    0,    0,    0,    0,    0,    0,    0,    0,    0,    0,    0,    0,    0,    0,    0,    0,    0,    0,    0,    0,    0,    0,    0,    0,    0,    0,    0,    0,    0,    0,    0,    0,    0,    0,    0,    0,    0,    0,    0,    0,    0,    0,    0,    0,    0,    0,    0,    0,    0,    0,    0,    0,    0,    0,    0,    0,    0,    0,    0,    0,    0,    0,    0,    0,    0,    0,    0,    0,    0,    0,    0,    0,    0,    0,    0,    0,    0,    0,    0,    0,    0,    0,    0,    0,    0,    0,    0,    0,    0,    0,    0,    0,    0,    0,    0,    0,    0,    0,    0,    0,    0,    0,    0,    0,    0,    0,    0,    0,    0,    0,    0,    0,    0,    0,    0,    0,    0,    0,    0,    0,    0,    0,    0,    0,    0],
        [  677,    0,    0,  202,  525,  587,  458,  336,  820,  130,  153,  782,  360,  584,  666,  605,  640,  157, 1000,  459,  338,  273,  551,  691,  370,  344,  694,  324,  192,  832,  565,  525,  281,  435,  301,  298,  276,  433,  426,  797,  571,  584,  382,  238,  415,  342,  515,  384,  480,  527,  581,  602,  797,  381,  606,  439,  485,  337,  783,  392,  440,  594,  238,  475,  158,  427,  292,  907,  264,  381,  828,  498,  535,  454,  442,  622,  213,  379,  352,  139,  413,  249,  119,  543,  455,  243,  744,  183,  362,  196,  750,  475,  394,  899,  147,  175,  402,  730,  310,  726,  802,  714,   95,  337,  771,  855,  804,  719,  611,  321,  232,  690,  613,  599,  350,  337,  743,  597,  619,  899,  801,  436,  662,  365,  144,  593,  145,  355,  512,  435,  504,  420,  623,  514,  582,  270,  484,  439,  260,  556,  251,  519,  839,  112,  598,  311,  473,  641],
        [  740,    0,  202,    0,  356,  719,  660,  537,  878,  325,   68,  740,  546,  762,  669,  753,  760,  129, 1079,  659,  522,  469,  643,  554,  177,  168,  552,  524,  200,  743,  621,  565,  377,  525,  110,  250,  125,  306,  291,  706,  703,  712,  225,  392,  214,  146,  388,  200,  671,  553,  781,  747,  688,  519,  537,  392,  530,  137,  889,  263,  340,  767,  371,  443,  346,  396,  487,  968,  425,  571,  900,  639,  665,  653,  630,  573,  412,  414,  440,   78,  534,   56,  321,  717,  614,  425,  635,  269,  449,  171,  879,  377,  448,  982,  347,   28,  271,  747,  232,  769,  760,  748,  125,  397,  740,  880,  872,  842,  514,  284,  202,  700,  806,  445,  219,  437,  692,  790,  819,  975,  693,  545,  724,  167,   67,  747,   65,  470,  631,  568,  588,  440,  489,  636,  784,  156,  686,  257,  454,  756,  215,  436,  732,  309,  797,  294,  473,  534],
        [  732,    0,  525,  356,    0,  834,  952,  827,  839,  616,  423,  546,  786,  965,  570,  893,  850,  483, 1056,  937,  762,  795,  704,  223,  193,  188,  217,  838,  383,  467,  626,  559,  527,  611,  340,  568,  249,  143,  131,  431,  822,  822,  144,  610,  213,  316,  137,  160,  915,  526, 1053,  885,  388,  681,  342,  315,  543,  295,  936,  158,  201,  959,  569,  361,  681,  344,  757,  923,  644,  820,  884,  783,  786,  923,  870,  406,  733,  461,  553,  389,  666,  349,  629,  915,  793,  675,  340,  468,  558,  356,  970,  208,  508,  977,  647,  379,  501,  655,  264,  720,  562,  688,  474,  489,  565,  783,  850,  925,  268,  317,  339,  606, 1048,  103,  473,  568,  490, 1032, 1093,  957,  393,  656,  716,  216,  388,  902,  417,  610,  739,  712,  648,  449,  176,  748, 1069,  461,  984,  106,  726, 1029,  328,  257,  430,  636, 1064,  346,  432,  265],
        [  269,    0,  587,  719,  834,    0,  494,  453,  366,  484,  709,  634,  314,  242,  449,   78,   66,  738,  464,  438,  318,  577,  156,  850,  803,  747,  862,  535,  527,  803,  271,  319,  344,  224,  826,  885,  687,  692,  706,  785,   17,   16,  731,  350,  870,  855,  725,  787,  332,  359,  471,   67,  834,  206,  622,  531,  313,  839,  218,  684,  638,  216,  354,  501,  603,  499,  396,  426,  327,  333,  335,   93,   54,  410,  310,  575,  551,  374,  291,  643,  186,  774,  523,  210,  164,  372,  803,  450,  284,  561,  163,  643,  327,  365,  495,  702,  976,  438,  590,  356,  646,  375,  671,  351,  597,  484,  330,  135,  698,  525,  548,  438,  384,  838,  922,  286,  639,  374,  501,  382,  837,  182,  268,  817,  656,  108,  694,  250,   96,  154,  198,  391,  798,   87,  523,  844,  524,  816,  406,  462,  546,  626,  860,  576,  460,  496,  428,  734],
        [  733,    0,  458,  660,  952,  494,    0,  126,  853,  341,  607, 1018,  216,  304,  847,  449,  559,  589,  951,   58,  231,  221,  584, 1074,  822,  787, 1081,  150,  572, 1137,  675,  681,  479,  534,  756,  676,  716,  833,  834, 1108,  482,  503,  812,  365,  871,  797,  904,  830,  167,  709,  139,  454, 1133,  397,  913,  756,  648,  794,  703,  801,  813,  332,  412,  763,  338,  729,  201,  918,  340,  181,  827,  420,  472,   85,  185,  897,  259,  610,  507,  591,  451,  705,  340,  302,  341,  288, 1086,  492,  511,  597,  608,  839,  585,  855,  314,  633,  819,  872,  698,  815, 1035,  823,  545,  553,  991,  954,  820,  607,  955,  669,  617,  852,  224, 1007,  774,  480, 1001,  214,  170,  874, 1137,  489,  726,  820,  599,  416,  601,  453,  493,  422,  578,  655, 1007,  485,  126,  699,   36,  882,  229,  118,  630,  860, 1170,  359,  163,  644,  717,  990],
        [  664,    0,  336,  537,  827,  453,  126,    0,  794,  215,  487,  918,  141,  321,  754,  426,  519,  474,  917,  125,  144,  141,  513,  952,  697,  661,  959,   84,  446, 1027,  591,  587,  366,  444,  636,  575,  590,  709,  709,  996,  439,  459,  686,  249,  747,  677,  781,  704,  182,  611,  246,  429, 1017,  311,  799,  639,  552,  672,  670,  676,  691,  343,  296,  649,  233,  614,   84,  866,  229,  122,  776,  367,  419,  126,  166,  788,  153,  500,  403,  467,  367,  584,  217,  300,  290,  170,  970,  368,  409,  471,  591,  718,  480,  817,  190,  510,  711,  788,  574,  741,  936,  744,  426,  443,  893,  881,  764,  580,  837,  547,  492,  763,  296,  882,  664,  376,  896,  281,  284,  831, 1021,  405,  655,  696,  475,  398,  480,  355,  429,  349,  496,  546,  885,  423,  248,  587,  158,  756,  107,  222,  506,  741, 1056,  244,  265,  523,  609,  872],
        [  144,    0,  820,  878,  839,  366,  853,  794,    0,  756,  896,  409,  655,  603,  277,  430,  307,  944,  217,  799,  651,  898,  286,  758,  891,  834,  773,  871,  682,  604,  259,  314,  539,  388,  970, 1098,  798,  714,  735,  602,  375,  354,  791,  615,  958,  985,  705,  862,  695,  332,  837,  421,  670,  491,  521,  538,  349,  963,  219,  729,  648,  574,  593,  484,  890,  516,  723,   90,  609,  681,   64,  434,  382,  771,  669,  455,  859,  464,  469,  818,  439,  927,  799,  575,  513,  670,  661,  642,  459,  708,  333,  633,  434,  151,  779,  872, 1149,  201,  674,  120,  410,  152,  880,  490,  368,  145,   42,  299,  611,  607,  677,  242,  745,  799, 1097,  486,  444,  737,  865,  122,  670,  404,  158,  913,  831,  465,  879,  478,  365,  447,  321,  441,  731,  371,  888, 1028,  885,  867,  722,  827,  666,  584,  678,  851,  825,  589,  424,  637],
        [  615,    0,  130,  325,  616,  484,  341,  215,  756,    0,  282,  783,  232,  457,  644,  492,  542,  283,  920,  335,  210,  195,  475,  757,  482,  447,  762,  224,  242,  863,  514,  487,  233,  370,  428,  413,  376,  505,  503,  830,  468,  483,  474,  143,  533,  468,  582,  489,  351,  499,  457,  490,  841,  284,  633,  465,  447,  461,  691,  470,  496,  468,  167,  488,  135,  445,  163,  840,  158,  252,  756,  392,  435,  328,  312,  635,  134,  360,  297,  253,  326,  375,   43,  418,  339,  120,  790,  181,  306,  262,  645,  527,  359,  818,   34,  299,  529,  697,  372,  676,  803,  669,  224,  307,  766,  812,  736,  619,  656,  358,  288,  662,  484,  678,  478,  275,  753,  468,  495,  823,  845,  356,  601,  481,  262,  477,  272,  279,  420,  337,  437,  406,  689,  420,  463,  397,  370,  542,  131,  432,  304,  560,  882,   95,  472,  339,  467,  689],
        [  755,    0,  153,   68,  423,  709,  607,  487,  896,  282,    0,  785,  510,  731,  702,  736,  755,   66, 1090,  610,  486,  409,  647,  618,  243,  235,  618,  468,  215,  799,  638,  586,  375,  529,  149,  208,  186,  367,  353,  762,  693,  703,  290,  369,  276,  191,  450,  267,  632,  578,  733,  732,  748,  505,  588,  435,  548,  189,  890,  323,  396,  739,  356,  482,  285,  434,  444,  985,  400,  532,  914,  625,  656,  607,  592,  619,  354,  433,  442,   79,  526,  100,  270,  688,  592,  390,  695,  264,  452,  193,  871,  433,  462,  992,  299,   46,  268,  777,  278,  791,  805,  773,   63,  408,  782,  908,  886,  836,  571,  320,  230,  731,  765,  511,  214,  435,  740,  749,  770,  987,  753,  542,  739,  232,   68,  728,   17,  464,  626,  556,  594,  464,  553,  629,  732,  137,  632,  325,  412,  708,  246,  489,  793,  251,  750,  325,  504,  593],
        [  388,    0,  782,  740,  546,  634, 1018,  918,  409,  783,  785,    0,  803,  861,  186,  711,  605,  848,  603,  975,  787,  971,  481,  392,  672,  625,  408,  974,  594,  196,  367,  341,  559,  488,  796,  988,  624,  468,  489,  197,  633,  618,  564,  675,  726,  794,  416,  635,  897,  310, 1055,  700,  268,  625,  213,  351,  370,  770,  598,  502,  411,  840,  632,  308,  909,  357,  834,  465,  690,  839,  470,  648,  614,  950,  857,  167,  914,  426,  515,  711,  574,  771,  821,  818,  709,  753,  271,  611,  509,  602,  688,  378,  438,  558,  816,  746,  983,  218,  509,  317,   21,  284,  800,  482,   41,  291,  440,  643,  279,  469,  563,  200,  994,  471,  940,  542,   56,  981, 1092,  525,  268,  538,  381,  698,  720,  739,  771,  566,  570,  612,  459,  379,  391,  581, 1095,  893, 1053,  614,  817, 1038,  544,  315,  271,  860, 1052,  472,  317,  289],
        [  527,    0,  360,  546,  786,  314,  216,  141,  655,  232,  510,  803,    0,  226,  631,  294,  380,  515,  778,  174,   25,  265,  376,  883,  684,  641,  891,  222,  408,  927,  461,  465,  278,  318,  653,  640,  569,  656,  661,  899,  300,  320,  652,  176,  743,  691,  720,  684,  130,  494,  273,  296,  928,  181,  706,  556,  433,  681,  532,  629,  626,  239,  220,  556,  315,  527,   89,  727,  144,   37,  636,  227,  279,  151,   86,  685,  249,  402,  295,  469,  236,  599,  258,  190,  151,  122,  883,  320,  298,  439,  458,  648,  373,  677,  226,  522,  760,  658,  524,  606,  820,  611,  455,  347,  776,  746,  624,  444,  754,  483,  449,  637,  265,  828,  709,  269,  787,  249,  314,  691,  931,  274,  518,  689,  480,  270,  499,  238,  290,  212,  365,  445,  818,  284,  302,  629,  251,  730,  111,  252,  459,  661,  964,  304,  280,  455,  506,  791],
        [  509,    0,  584,  762,  965,  242,  304,  321,  603,  457,  731,  861,  226,    0,  677,  173,  296,  740,  665,  248,  247,  462,  382, 1025,  888,  839, 1036,  400,  603, 1017,  494,  528,  438,  394,  871,  866,  770,  826,  835,  995,  237,  256,  840,  374,  950,  907,  878,  882,  143,  565,  241,  182, 1037,  286,  817,  694,  509,  896,  421,  807,  785,   31,  405,  678,  536,  662,  309,  653,  340,  215,  564,  215,  249,  224,  157,  780,  463,  528,  421,  684,  315,  816,  484,   50,  174,  342, 1000,  514,  418,  637,  314,  799,  486,  575,  451,  739,  986,  675,  703,  597,  875,  614,  679,  484,  827,  725,  564,  323,  882,  649,  638,  670,  143,  990,  934,  401,  860,  135,  265,  599, 1040,  340,  508,  895,  696,  138,  719,  359,  292,  268,  404,  561,  966,  280,  296,  854,  325,  923,  335,  237,  644,  797, 1067,  528,  225,  620,  612,  919],
        [  213,    0,  666,  669,  570,  449,  847,  754,  277,  644,  702,  186,  631,  677,    0,  526,  422,  760,  492,  801,  618,  821,  296,  482,  646,  591,  498,  816,  492,  362,  183,  167,  412,  313,  746,  909,  569,  454,  476,  350,  447,  433,  540,  521,  709,  754,  434,  613,  718,  146,  875,  515,  411,  451,  245,  289,  203,  730,  431,  476,  389,  655,  482,  234,  775,  277,  671,  355,  531,  666,  330,  465,  429,  776,  679,  178,  769,  288,  356,  624,  398,  711,  684,  634,  528,  595,  393,  485,  349,  509,  512,  367,  286,  424,  674,  669,  932,   86,  444,  162,  199,  127,  703,  338,  151,  219,  297,  466,  334,  386,  473,   37,  810,  523,  884,  382,  195,  798,  911,  398,  412,  361,  203,  670,  635,  553,  686,  399,  386,  432,  277,  246,  455,  397,  918,  824,  882,  609,  658,  859,  457,  313,  428,  729,  872,  378,  199,  361],
        [  343,    0,  605,  753,  893,   78,  449,  426,  430,  492,  736,  711,  294,  173,  526,    0,  124,  760,  503,  392,  304,  559,  233,  920,  849,  796,  932,  510,  568,  879,  348,  393,  386,  286,  862,  901,  732,  751,  764,  861,   80,   93,  784,  369,  916,  893,  789,  836,  282,  433,  410,   11,  909,  234,  695,  596,  385,  878,  255,  740,  700,  145,  383,  569,  601,  564,  382,  482,  341,  305,  392,  115,  110,  365,  270,  650,  541,  435,  343,  676,  231,  808,  528,  151,  154,  375,  877,  486,  337,  602,  165,  708,  389,  409,  498,  734, 1002,  514,  643,  430,  723,  450,  694,  406,  674,  555,  392,  159,  769,  580,  593,  515,  315,  902,  948,  332,  716,  308,  437,  431,  912,  238,  344,  862,  688,   36,  722,  292,  160,  189,  271,  457,  866,  149,  464,  869,  476,  869,  397,  403,  594,  694,  935,  580,  397,  551,  498,  806],
        [  225,    0,  640,  760,  850,   66,  559,  519,  307,  542,  755,  605,  380,  296,  422,  124,    0,  788,  398,  503,  383,  641,  150,  849,  833,  777,  862,  601,  565,  782,  255,  312,  384,  246,  867,  937,  720,  709,  724,  766,   81,   61,  755,  404,  902,  893,  735,  815,  396,  352,  531,  115,  820,  260,  615,  541,  315,  876,  153,  705,  652,  268,  404,  505,  664,  510,  461,  362,  384,  399,  271,  156,  108,  475,  375,  563,  614,  393,  324,  687,  230,  815,  582,  270,  230,  433,  792,  493,  316,  598,  122,  653,  346,  299,  555,  745, 1022,  399,  616,  311,  616,  334,  721,  379,  567,  432,  269,   82,  696,  549,  581,  406,  439,  846,  968,  324,  616,  431,  559,  316,  822,  216,  228,  849,  700,  159,  740,  292,  130,  206,  204,  403,  801,  127,  584,  891,  588,  840,  469,  523,  578,  629,  843,  635,  519,  521,  431,  731],
        [  803,    0,  157,  129,  483,  738,  589,  474,  944,  283,   66,  848,  515,  740,  760,  760,  788,    0, 1134,  598,  493,  381,  688,  682,  297,  296,  681,  444,  269,  864,  686,  637,  414,  570,  180,  155,  251,  432,  418,  828,  722,  734,  353,  391,  320,  222,  515,  325,  631,  632,  720,  756,  814,  532,  652,  497,  599,  226,  927,  388,  461,  750,  385,  544,  255,  495,  441, 1033,  419,  533,  959,  651,  686,  598,  594,  682,  332,  485,  484,  138,  559,  142,  262,  699,  611,  399,  760,  305,  494,  251,  901,  498,  511, 1035,  294,  110,  246,  833,  342,  843,  868,  826,   68,  455,  844,  963,  933,  868,  636,  381,  289,  788,  761,  573,  195,  474,  803,  745,  756, 1032,  818,  578,  787,  283,  129,  749,   79,  498,  659,  585,  637,  519,  617,  662,  714,  115,  611,  382,  411,  695,  307,  554,  858,  232,  739,  384,  562,  659],
        [  340,    0, 1000, 1079, 1056,  464,  951,  917,  217,  920, 1090,  603,  778,  665,  492,  503,  398, 1134,    0,  894,  780, 1037,  450,  969, 1103, 1046,  985,  999,  880,  796,  459,  521,  722,  566, 1174, 1288, 1006,  930,  950,  799,  478,  458, 1005,  778, 1170, 1192,  922, 1075,  785,  543,  904,  498,  870,  640,  735,  753,  552, 1171,  249,  943,  864,  635,  765,  700, 1049,  730,  857,  140,  765,  797,  180,  552,  500,  867,  770,  669, 1007,  666,  652, 1014,  595, 1129,  962,  652,  628,  820,  866,  830,  642,  908,  352,  849,  631,  103,  938, 1070, 1349,  411,  884,  337,  601,  369, 1069,  684,  564,  313,  210,  345,  825,  815,  880,  456,  800, 1014, 1297,  664,  645,  796,  926,  104,  869,  567,  357, 1124, 1027,  537, 1074,  647,  503,  589,  498,  649,  945,  505,  960, 1225,  979, 1082,  863,  901,  870,  800,  873, 1015,  888,  796,  638,  850],
        [  681,    0,  459,  659,  937,  438,   58,  125,  799,  335,  610,  975,  174,  248,  801,  392,  503,  598,  894,    0,  193,  248,  532, 1048,  815,  777, 1056,  177,  555, 1100,  627,  636,  447,  489,  759,  696,  706,  813,  815, 1072,  427,  448,  798,  337,  868,  800,  881,  820,  110,  666,  123,  397, 1099,  351,  878,  725,  605,  794,  646,  783,  789,  276,  383,  728,  354,  698,  180,  863,  308,  137,  772,  366,  418,   28,  130,  859,  274,  574,  468,  587,  404,  707,  341,  245,  288,  263, 1054,  471,  472,  582,  551,  813,  546,  799,  312,  632,  834,  823,  678,  764,  992,  772,  550,  518,  947,  902,  765,  550,  924,  644,  599,  805,  182,  986,  788,  442,  960,  169,  161,  818, 1103,  442,  674,  815,  596,  359,  603,  412,  441,  373,  530,  618,  982,  433,  134,  711,   87,  871,  212,   98,  611,  830, 1136,  368,  141,  618,  679,  960],
        [  521,    0,  338,  522,  762,  318,  231,  144,  651,  210,  486,  787,   25,  247,  618,  304,  383,  493,  780,  193,    0,  259,  370,  860,  660,  616,  868,  221,  383,  908,  450,  451,  256,  305,  629,  620,  545,  632,  636,  880,  303,  323,  627,  152,  719,  667,  696,  659,  155,  478,  296,  305,  907,  170,  686,  534,  418,  657,  536,  605,  603,  259,  196,  536,  300,  506,   79,  725,  120,   59,  635,  229,  280,  172,  111,  667,  238,  382,  277,  445,  225,  575,  238,  209,  156,   98,  862,  295,  281,  414,  467,  626,  355,  679,  206,  498,  739,  647,  500,  598,  805,  602,  432,  326,  761,  738,  622,  450,  733,  459,  424,  625,  290,  804,  687,  250,  770,  274,  337,  692,  911,  264,  512,  664,  456,  282,  475,  222,  287,  206,  355,  426,  795,  282,  323,  607,  267,  706,   94,  274,  434,  639,  944,  285,  304,  432,  488,  769],
        [  762,    0,  273,  469,  795,  577,  221,  141,  898,  195,  409,  971,  265,  462,  821,  559,  641,  381, 1037,  248,  259,    0,  613,  948,  641,  616,  952,   72,  433, 1057,  674,  658,  413,  525,  555,  457,  548,  694,  690, 1024,  561,  580,  652,  301,  683,  598,  773,  656,  323,  676,  359,  560, 1035,  408,  827,  659,  620,  597,  794,  656,  689,  483,  340,  681,  126,  639,  181,  976,  296,  256,  887,  486,  537,  258,  306,  827,   63,  546,  467,  411,  461,  508,  169,  439,  413,  231,  984,  375,  474,  449,  723,  720,  537,  936,  161,  442,  601,  867,  562,  833,  990,  831,  347,  490,  951,  972,  872,  708,  850,  552,  479,  836,  428,  864,  558,  441,  943,  415,  390,  947, 1039,  497,  750,  635,  416,  533,  406,  432,  539,  454,  586,  592,  880,  535,  343,  486,  237,  712,  177,  336,  496,  754, 1076,  162,  382,  534,  655,  883],
        [  152,    0,  551,  643,  704,  156,  584,  513,  286,  475,  647,  481,  376,  382,  296,  233,  150,  688,  450,  532,  370,  613,    0,  700,  698,  641,  714,  588,  443,  647,  116,  165,  274,  119,  745,  841,  589,  563,  579,  629,  153,  141,  615,  332,  767,  769,  587,  677,  438,  205,  591,  222,  679,  206,  469,  393,  165,  749,  248,  561,  504,  359,  316,  356,  607,  362,  439,  367,  324,  406,  282,  174,  134,  505,  404,  420,  573,  251,  205,  574,  153,  696,  518,  341,  246,  385,  648,  384,  196,  475,  267,  505,  206,  349,  496,  631,  911,  297,  478,  232,  495,  241,  621,  248,  446,  371,  262,  221,  548,  409,  453,  289,  518,  697,  857,  215,  484,  506,  625,  350,  681,  120,  143,  716,  587,  258,  631,  198,   94,  165,   58,  256,  652,  104,  638,  783,  617,  699,  437,  577,  447,  480,  704,  570,  585,  383,  282,  583],
        [  682,    0,  691,  554,  223,  850, 1074,  952,  758,  757,  618,  392,  883, 1025,  482,  920,  849,  682,  969, 1048,  860,  948,  700,    0,  410,  390,   17,  979,  516,  261,  599,  538,  606,  637,  557,  783,  433,  259,  268,  230,  842,  835,  330,  712,  436,  537,  177,  373, 1006,  498, 1156,  910,  173,  742,  242,  332,  537,  515,  900,  301,  262, 1014,  666,  351,  847,  364,  874,  830,  741,  919,  812,  821,  810, 1030,  960,  305,  885,  498,  607,  569,  711,  558,  780,  976,  852,  787,  134,  585,  608,  500,  959,  236,  540,  906,  790,  573,  724,  559,  387,  643,  403,  609,  661,  545,  422,  669,  778,  912,  155,  406,  470,  516, 1130,  121,  695,  629,  339, 1115, 1196,  879,  177,  690,  668,  435,  571,  936,  609,  669,  760,  758,  652,  467,   69,  771, 1181,  676, 1108,  326,  846, 1134,  453,  229,  211,  798, 1162,  431,  422,  123],
        [  765,    0,  370,  177,  193,  803,  822,  697,  891,  482,  243,  672,  684,  888,  646,  849,  833,  297, 1103,  815,  660,  641,  698,  410,    0,   58,  406,  693,  286,  633,  648,  584,  464,  588,  148,  375,  119,  205,  183,  596,  789,  793,  109,  516,   69,  129,  269,   40,  814,  560,  936,  842,  564,  620,  460,  359,  556,  106,  944,  173,  264,  888,  483,  414,  520,  376,  637,  980,  550,  714,  925,  735,  750,  806,  770,  512,  582,  449,  512,  232,  620,  158,  485,  840,  726,  565,  512,  374,  520,  252,  954,  295,  493, 1014,  508,  203,  321,  730,  222,  774,  691,  748,  301,  454,  681,  865,  893,  913,  411,  292,  257,  681,  949,  292,  286,  518,  619,  932,  975, 1000,  569,  621,  748,   27,  226,  851,  241,  557,  709,  661,  640,  457,  353,  716,  944,  268,  850,   88,  605,  912,  257,  358,  608,  480,  950,  316,  467,  422],
        [  707,    0,  344,  168,  188,  747,  787,  661,  834,  447,  235,  625,  641,  839,  591,  796,  777,  296, 1046,  777,  616,  616,  641,  390,   58,    0,  388,  664,  236,  597,  590,  526,  411,  531,  176,  395,   72,  161,  141,  560,  734,  738,   65,  469,  127,  170,  234,   44,  770,  503,  897,  788,  535,  568,  413,  303,  498,  145,  886,  123,  214,  838,  434,  358,  499,  320,  598,  923,  503,  671,  867,  681,  696,  767,  726,  462,  555,  392,  457,  206,  566,  169,  455,  791,  675,  523,  482,  326,  464,  203,  898,  247,  435,  956,  476,  191,  360,  675,  165,  718,  644,  691,  287,  398,  632,  810,  836,  856,  371,  234,  204,  626,  905,  278,  321,  464,  573,  889,  937,  942,  540,  566,  691,   80,  203,  798,  229,  504,  654,  608,  583,  399,  328,  661,  908,  290,  817,   96,  566,  873,  202,  310,  578,  455,  910,  258,  410,  386],
        [  697,    0,  694,  552,  217,  862, 1081,  959,  773,  762,  618,  408,  891, 1036,  498,  932,  862,  681,  985, 1056,  868,  952,  714,   17,  406,  388,    0,  985,  520,  275,  613,  551,  615,  649,  553,  779,  433,  261,  269,  245,  854,  848,  328,  720,  429,  531,  180,  369, 1015,  512, 1164,  922,  185,  752,  257,  343,  550,  510,  915,  302,  269, 1025,  674,  363,  850,  374,  881,  846,  749,  927,  828,  833,  822, 1038,  969,  321,  890,  509,  617,  569,  722,  555,  784,  986,  862,  794,  148,  591,  618,  504,  973,  243,  551,  921,  795,  572,  717,  574,  391,  659,  419,  624,  661,  554,  438,  685,  794,  926,  169,  412,  474,  532, 1140,  114,  689,  639,  355, 1124, 1204,  895,  190,  701,  683,  430,  571,  948,  609,  679,  773,  769,  665,  478,   74,  784, 1189,  673, 1115,  320,  853, 1142,  458,  240,  222,  801, 1170,  438,  435,  138],
        [  738,    0,  324,  524,  838,  535,  150,   84,  871,  224,  468,  974,  222,  400,  816,  510,  601,  444,  999,  177,  221,   72,  588,  979,  693,  664,  985,    0,  465, 1072,  660,  651,  416,  511,  616,  527,  594,  729,  727, 1040,  521,  541,  695,  299,  738,  658,  805,  705,  258,  672,  288,  512, 1056,  384,  843,  678,  614,  656,  753,  693,  718,  423,  343,  694,  191,  655,  150,  945,  286,  205,  855,  448,  500,  189,  248,  837,  114,  551,  462,  462,  439,  567,  210,  381,  371,  222, 1007,  397,  468,  486,  674,  748,  537,  898,  192,  497,  670,  855,  595,  814,  993,  815,  405,  494,  952,  954,  842,  663,  873,  578,  511,  828,  358,  901,  626,  435,  949,  345,  319,  912, 1061,  477,  729,  689,  468,  482,  463,  419,  507,  425,  568,  598,  911,  502,  273,  552,  168,  759,  159,  265,  527,  777, 1096,  217,  310,  556,  661,  907],
        [  542,    0,  192,  200,  383,  527,  572,  446,  682,  242,  215,  594,  408,  603,  492,  568,  565,  269,  880,  555,  383,  433,  443,  516,  286,  236,  520,  465,    0,  641,  424,  371,  184,  326,  303,  421,  168,  264,  264,  606,  512,  519,  245,  234,  350,  329,  341,  279,  538,  364,  671,  562,  609,  336,  414,  248,  334,  312,  690,  230,  256,  603,  198,  286,  338,  238,  375,  772,  268,  440,  702,  453,  474,  541,  493,  432,  370,  219,  242,  137,  342,  253,  265,  555,  441,  294,  557,   90,  251,   35,  684,  289,  249,  783,  275,  191,  470,  564,  130,  577,  614,  558,  211,  197,  585,  695,  674,  646,  423,  129,   47,  520,  672,  437,  417,  242,  554,  656,  712,  776,  613,  349,  526,  295,  149,  567,  199,  278,  437,  380,  388,  251,  448,  442,  687,  347,  604,  323,  344,  648,   63,  329,  651,  288,  683,  122,  295,  454],
        [  574,    0,  832,  743,  467,  803, 1137, 1027,  604,  863,  799,  196,  927, 1017,  362,  879,  782,  864,  796, 1100,  908, 1057,  647,  261,  633,  597,  275, 1072,  641,    0,  532,  491,  661,  628,  773,  988,  619,  440,  458,   38,  799,  787,  533,  778,  673,  761,  364,  594, 1034,  453, 1192,  869,   94,  758,  231,  399,  510,  737,  788,  482,  404,  999,  732,  378,  976,  418,  943,  658,  800,  964,  665,  803,  776, 1078,  991,  243,  996,  528,  633,  734,  713,  761,  895,  971,  855,  858,  129,  683,  630,  638,  873,  367,  555,  753,  897,  756,  953,  411,  528,  509,  196,  475,  828,  585,  236,  484,  634,  828,  230,  513,  601,  385, 1143,  371,  917,  659,  168, 1128, 1230,  720,   91,  681,  564,  659,  740,  904,  787,  691,  729,  756,  615,  483,  292,  740, 1227,  884, 1173,  557,  921, 1173,  582,  315,   79,  926, 1192,  527,  422,  212],
        [  120,    0,  565,  621,  626,  271,  675,  591,  259,  514,  638,  367,  461,  494,  183,  348,  255,  686,  459,  627,  450,  674,  116,  599,  648,  590,  613,  660,  424,  532,    0,   67,  287,  150,  716,  841,  547,  490,  508,  515,  268,  255,  554,  377,  716,  734,  501,  622,  539,  103,  695,  337,  566,  281,  362,  312,   94,  712,  311,  496,  426,  473,  348,  267,  648,  284,  511,  348,  379,  494,  280,  282,  247,  600,  502,  309,  628,  208,  218,  560,  225,  671,  556,  452,  348,  444,  538,  386,  209,  451,  361,  420,  176,  367,  540,  614,  892,  198,  427,  163,  381,  157,  623,  232,  333,  299,  251,  314,  445,  358,  422,  180,  628,  607,  840,  240,  369,  616,  731,  356,  568,  187,  103,  668,  573,  373,  621,  243,  203,  254,   98,  191,  555,  214,  739,  771,  709,  635,  503,  680,  411,  387,  590,  606,  691,  337,  194,  479],
        [  182,    0,  525,  565,  559,  319,  681,  587,  314,  487,  586,  341,  465,  528,  167,  393,  312,  637,  521,  636,  451,  658,  165,  538,  584,  526,  551,  651,  371,  491,   67,    0,  255,  148,  656,  791,  486,  423,  441,  470,  313,  304,  489,  358,  651,  673,  434,  557,  556,   40,  714,  383,  516,  285,  305,  245,   41,  651,  377,  429,  359,  509,  322,  200,  620,  217,  505,  404,  365,  500,  342,  313,  287,  611,  516,  257,  608,  153,  192,  508,  233,  614,  528,  482,  369,  430,  484,  343,  185,  396,  423,  354,  132,  431,  515,  560,  836,  211,  363,  206,  357,  190,  575,  188,  312,  331,  311,  376,  384,  295,  364,  178,  656,  542,  784,  218,  334,  642,  751,  417,  519,  197,  165,  604,  520,  416,  569,  232,  239,  271,  125,  129,  491,  250,  755,  717,  716,  569,  492,  697,  353,  322,  543,  575,  712,  276,  127,  419],
        [  396,    0,  281,  377,  527,  344,  479,  366,  539,  233,  375,  559,  278,  438,  412,  386,  384,  414,  722,  447,  256,  413,  274,  606,  464,  411,  615,  416,  184,  661,  287,  255,    0,  156,  484,  567,  347,  390,  398,  631,  329,  336,  405,  118,  531,  512,  447,  453,  400,  267,  550,  379,  654,  158,  434,  279,  214,  495,  516,  369,  353,  434,   74,  284,  367,  251,  283,  627,  140,  314,  549,  271,  291,  427,  354,  422,  358,  135,   71,  304,  159,  432,  274,  389,  268,  198,  608,  111,   81,  218,  502,  372,  127,  622,  262,  362,  641,  465,  266,  449,  578,  440,  348,   78,  539,  582,  524,  465,  478,  213,  208,  429,  528,  557,  587,   61,  534,  512,  591,  620,  658,  169,  382,  476,  317,  387,  359,   95,  255,  198,  224,  182,  542,  260,  578,  511,  514,  489,  262,  529,  211,  384,  691,  322,  556,  183,  245,  514],
        [  245,    0,  435,  525,  611,  224,  534,  444,  388,  370,  529,  488,  318,  394,  313,  286,  246,  570,  566,  489,  305,  525,  119,  637,  588,  531,  649,  511,  326,  628,  150,  148,  156,    0,  628,  723,  475,  469,  483,  604,  212,  212,  510,  230,  656,  653,  504,  569,  410,  179,  568,  277,  643,  138,  423,  311,  120,  634,  365,  461,  415,  380,  205,  287,  504,  279,  363,  474,  230,  353,  394,  185,  177,  463,  369,  388,  479,  151,   87,  455,   87,  579,  413,  347,  227,  295,  606,  266,   77,  358,  367,  422,  104,  466,  394,  513,  793,  345,  370,  309,  504,  306,  504,  134,  459,  447,  370,  326,  490,  303,  338,  320,  515,  617,  739,   99,  477,  501,  606,  465,  646,   55,  232,  604,  468,  300,  513,   94,  129,  129,   69,  172,  582,  139,  608,  665,  569,  595,  354,  551,  333,  410,  674,  464,  567,  276,  219,  527],
        [  835,    0,  301,  110,  340,  826,  756,  636,  970,  428,  149,  796,  653,  871,  746,  862,  867,  180, 1174,  759,  629,  555,  745,  557,  148,  176,  553,  616,  303,  773,  716,  656,  484,  628,    0,  229,  178,  336,  317,  736,  811,  819,  241,  501,  147,   43,  409,  185,  777,  641,  881,  856,  708,  628,  586,  460,  623,   50,  992,  297,  386,  876,  480,  514,  430,  470,  590, 1059,  534,  677,  996,  748,  773,  755,  737,  631,  502,  509,  544,  188,  641,   55,  419,  826,  723,  532,  656,  377,  554,  271,  985,  420,  546, 1080,  448,  132,  188,  827,  303,  858,  815,  834,  211,  498,  801,  961,  966,  948,  547,  365,  295,  779,  911,  440,  145,  543,  745,  895,  919, 1071,  713,  651,  818,  125,  176,  857,  157,  577,  738,  676,  689,  529,  499,  743,  881,  122,  780,  235,  558,  857,  305,  483,  752,  399,  898,  381,  554,  562],
        [  957,    0,  298,  250,  568,  885,  676,  575, 1098,  413,  208,  988,  640,  866,  909,  901,  937,  155, 1288,  696,  620,  457,  841,  783,  375,  395,  779,  527,  421,  988,  841,  791,  567,  723,  229,    0,  371,  549,  532,  951,  869,  881,  459,  535,  370,  259,  628,  411,  746,  785,  813,  898,  929,  679,  786,  639,  753,  276, 1079,  506,  588,  879,  534,  688,  343,  640,  559, 1188,  561,  653, 1113,  796,  833,  701,  714,  822,  423,  639,  637,  286,  709,  228,  383,  829,  750,  532,  876,  459,  647,  401, 1047,  625,  665, 1189,  415,  243,  153,  984,  480,  996, 1008,  979,  220,  609,  987, 1115, 1087, 1017,  759,  527,  437,  938,  869,  667,  128,  626,  941,  855,  846, 1186,  934,  730,  941,  353,  275,  888,  224,  649,  808,  732,  790,  671,  722,  811,  799,  107,  693,  463,  531,  790,  454,  684,  973,  339,  835,  532,  711,  778],
        [  666,    0,  276,  125,  249,  687,  716,  590,  798,  376,  186,  624,  569,  770,  569,  732,  720,  251, 1006,  706,  545,  548,  589,  433,  119,   72,  433,  594,  168,  619,  547,  486,  347,  475,  178,  371,    0,  182,  168,  582,  673,  678,  108,  399,  184,  188,  264,  116,  699,  467,  825,  725,  564,  502,  417,  283,  454,  166,  836,  138,  218,  770,  365,  337,  433,  293,  527,  887,  433,  600,  827,  618,  635,  695,  655,  457,  487,  343,  397,  141,  504,  149,  385,  722,  608,  451,  510,  256,  405,  134,  841,  255,  384,  913,  405,  141,  365,  650,  126,  684,  643,  660,  229,  342,  626,  785,  796,  800,  390,  191,  140,  602,  834,  329,  318,  402,  574,  818,  865,  902,  569,  506,  649,  130,  141,  733,  177,  441,  594,  544,  531,  358,  367,  601,  836,  271,  745,  167,  494,  801,  143,  314,  608,  388,  838,  211,  378,  410],
        [  600,    0,  433,  306,  143,  692,  833,  709,  714,  505,  367,  468,  656,  826,  454,  751,  709,  432,  930,  813,  632,  694,  563,  259,  205,  161,  261,  729,  264,  440,  490,  423,  390,  469,  336,  549,  182,    0,   23,  403,  680,  680,   97,  481,  261,  329,   84,  167,  784,  392,  926,  743,  383,  542,  256,  179,  404,  305,  798,   44,   67,  820,  437,  230,  589,  206,  635,  800,  513,  691,  755,  641,  644,  797,  738,  309,  631,  319,  412,  312,  524,  322,  525,  777,  654,  550,  329,  342,  417,  245,  829,   91,  366,  847,  538,  322,  520,  540,  136,  595,  486,  565,  405,  347,  478,  672,  722,  784,  212,  178,  218,  490,  915,  174,  481,  428,  415,  899,  967,  829,  388,  514,  583,  231,  315,  760,  356,  470,  597,  571,  506,  308,  191,  606,  946,  445,  866,  156,  605,  903,  204,  154,  427,  541,  935,  207,  297,  230],
        [  619,    0,  426,  291,  131,  706,  834,  709,  735,  503,  353,  489,  661,  835,  476,  764,  724,  418,  950,  815,  636,  690,  579,  268,  183,  141,  269,  727,  264,  458,  508,  441,  398,  483,  317,  532,  168,   23,    0,  421,  694,  694,   77,  485,  239,  308,   97,  146,  789,  411,  930,  755,  398,  551,  277,  198,  421,  284,  815,   35,   88,  830,  442,  251,  583,  224,  636,  821,  518,  695,  774,  653,  657,  800,  743,  331,  627,  333,  423,  301,  536,  305,  522,  785,  663,  552,  345,  345,  428,  242,  844,  113,  380,  866,  536,  308,  500,  561,  138,  616,  508,  586,  394,  359,  500,  694,  742,  800,  231,  187,  218,  512,  921,  175,  461,  438,  436,  905,  970,  849,  403,  526,  603,  210,  304,  772,  343,  480,  611,  582,  522,  324,  201,  620,  948,  427,  866,  134,  606,  906,  205,  176,  443,  535,  939,  216,  316,  247],
        [  563,    0,  797,  706,  431,  785, 1108,  996,  602,  830,  762,  197,  899,  995,  350,  861,  766,  828,  799, 1072,  880, 1024,  629,  230,  596,  560,  245, 1040,  606,   38,  515,  470,  631,  604,  736,  951,  582,  403,  421,    0,  781,  769,  496,  748,  636,  724,  328,  557, 1008,  431, 1165,  850,   74,  732,  198,  365,  487,  700,  780,  445,  367,  978,  701,  347,  942,  386,  913,  661,  770,  936,  662,  781,  756, 1050,  965,  217,  963,  499,  605,  698,  689,  724,  861,  949,  831,  827,   97,  650,  602,  603,  861,  330,  528,  752,  864,  719,  916,  405,  492,  502,  200,  468,  791,  556,  236,  487,  631,  815,  193,  478,  565,  376, 1119,  337,  880,  631,  160, 1104, 1204,  720,   72,  658,  553,  622,  704,  884,  750,  664,  708,  732,  594,  455,  257,  720, 1200,  847, 1144,  521,  891, 1146,  546,  279,   78,  892, 1167,  493,  394,  175],
        [  273,    0,  571,  703,  822,   17,  482,  439,  375,  468,  693,  633,  300,  237,  447,   80,   81,  722,  478,  427,  303,  561,  153,  842,  789,  734,  854,  521,  512,  799,  268,  313,  329,  212,  811,  869,  673,  680,  694,  781,    0,   22,  718,  334,  856,  840,  715,  774,  321,  353,  463,   70,  829,  190,  616,  521,  306,  824,  233,  672,  627,  212,  338,  492,  587,  489,  381,  437,  311,  319,  346,   77,   39,  399,  298,  570,  536,  362,  278,  628,  171,  759,  507,  203,  150,  356,  797,  435,  271,  546,  179,  633,  316,  379,  479,  687,  960,  439,  577,  360,  645,  378,  655,  339,  597,  490,  339,  151,  691,  512,  534,  438,  378,  827,  906,  272,  637,  368,  494,  395,  832,  169,  271,  803,  641,  107,  678,  235,   84,  138,  191,  381,  789,   75,  514,  828,  513,  803,  390,  453,  533,  617,  855,  560,  453,  483,  420,  727],
