{
    "name": "random-30-20618",
    "comment": "size=30 seed=20618",
    "nodes": ["+0", "-0", "+1", "-1", "+2", "-2", "+3", "-3", "+4", "-4", "+5", "-5", "+6", "-6", "+7", "-7", "+8", "-8", "+9", "-9", "+10", "-10", "+11", "-11", "+12", "-12", "+13", "-13", "+14", "-14", "+15", "-15", "+16", "-16", "+17", "-17", "+18", "-18", "+19", "-19", "+20", "-20", "+21", "-21", "+22", "-22", "+23", "-23", "+24", "-24", "+25", "-25", "+26", "-26", "+27", "-27", "+28", "-28", "+29", "-29", "+30", "-30"],
    "precedence": {
        "+0": "-0",
        "+1": "-1",
        "+2": "-2",
        "+3": "-3",
        "+4": "-4",
        "+5": "-5",
        "+6": "-6",
        "+7": "-7",
        "+8": "-8",
        "+9": "-9",
        "+10": "-10",
        "+11": "-11",
        "+12": "-12",
        "+13": "-13",
        "+14": "-14",
        "+15": "-15",
        "+16": "-16",
        "+17": "-17",
        "+18": "-18",
        "+19": "-19",
        "+20": "-20",
        "+21": "-21",
        "+22": "-22",
        "+23": "-23",
        "+24": "-24",
        "+25": "-25",
        "+26": "-26",
        "+27": "-27",
        "+28": "-28",
        "+29": "-29",
        "+30": "-30"
    },
    "edges": [
        [    0,    0,  711,  478,  818,  636,  105,  789,  196,  455,  405,  416,  423,  776,  278,  737,  229,  728,  535,   71,  329,  554,  148, 1021,  441,  650,  226,  507,  193,  410,  465,  316,  114,   47,  165,  579,  691,  716,  405,  139,   27,  586,  207,  654,  131,  319,  306,  597,  617,  230,  774,  354,  630,  606,  403,  703,  786,  708,  650,  617,  387,  707],
        [    0,    0,  711,  478,  818,  636,  105,  789,  196,  455,  405,  416,  423,  776,  278,  737,  229,  728,  535,   71,  329,  554,  148, 1021,  441,  650,  226,  507,  193,  410,  465,  316,  114,   47,  165,  579,  691,  716,  405,  139,   27,  586,  207,  654,  131,  319,  306,  597,  617,  230,  774,  354,  630,  606,  403,  703,  786,  708,  650,  617,  387,  707],
        [  711,  711,    0,  380,  300,  292,  612,  980,  516,  506,  435,  556,  429,  560,  897,   51,  505,  739,  435,  684,  382,  160,  591,  426,  368,  288,  924,  424,  653,  789,  264,  523,  783,  669,  874,  528,  769,  515,  396,  801,  695,  443,  643,  399,  684,  457,  660,  711,  559,  638,  208,  364,  284,  383,  319,  435,  693,   70,  539,  657,  817,  655],
        [  478,  478,  380,    0,  637,  168,  416, 1060,  316,  569,  468,  585,  478,  790,  738,  376,  255,  882,   90,  423,  258,  254,  331,  799,  430,  182,  702,  537,  340,  749,  320,  487,  503,  453,  630,  187,  883,  270,  425,  513,  475,  133,  325,  180,  393,  160,  601,  797,  705,  311,  554,  200,  516,  573,  302,  668,  882,  423,  710,  772,  755,  817],
        [  818,  818,  300,  637,    0,  585,  713,  806,  645,  443,  431,  504,  415,  317,  922,  341,  667,  543,  709,  817,  523,  384,  739,  206,  381,  583,  996,  353,  827,  735,  374,  536,  915,  771,  969,  808,  593,  811,  417,  938,  795,  726,  822,  693,  837,  658,  648,  569,  398,  825,   93,  537,  190,  255,  433,  225,  466,  234,  360,  501,  777,  456],
        [  636,  636,  292,  168,  585,    0,  563, 1138,  459,  638,  541,  668,  546,  799,  885,  267,  409,  932,  171,  585,  366,  237,  490,  715,  487,   15,  861,  585,  507,  862,  360,  587,  669,  607,  792,  247,  945,  227,  496,  680,  631,  160,  492,  108,  559,  320,  716,  868,  748,  478,  494,  312,  511,  591,  371,  672,  912,  353,  743,  831,  875,  857],
        [  105,  105,  612,  416,  713,  563,    0,  748,  106,  365,  305,  334,  324,  683,  323,  641,  162,  656,  484,  120,  231,  458,  115,  917,  337,  577,  314,  409,  208,  381,  362,  225,  208,   59,  264,  544,  626,  671,  302,  232,   85,  535,  217,  595,  169,  258,  251,  531,  530,  237,  670,  265,  526,  505,  300,  604,  705,  606,  560,  542,  370,  626],
        [  789,  789,  980, 1060,  806, 1138,  748,    0,  795,  501,  599,  476,  593,  503,  617, 1030,  868,  265, 1148,  849,  803,  916,  859,  950,  652, 1147,  772,  563,  955,  381,  780,  579,  891,  765,  819, 1235,  215, 1327,  644,  913,  766, 1193,  964, 1219,  908,  945,  497,  273,  424,  984,  852,  861,  702,  600,  770,  583,  362,  921,  453,  323,  413,  351],
        [  196,  196,  516,  316,  645,  459,  106,  795,    0,  357,  274,  343,  292,  659,  426,  542,   74,  669,  390,  174,  135,  359,   98,  845,  286,  473,  416,  377,  199,  449,  278,  228,  274,  156,  360,  459,  650,  578,  256,  295,  182,  441,  200,  496,  194,  164,  305,  556,  521,  213,  593,  161,  464,  462,  216,  565,  703,  516,  545,  553,  447,  626],
        [  455,  455,  506,  569,  443,  638,  365,  501,  357,    0,  101,   62,   93,  322,  487,  554,  419,  320,  657,  484,  318,  419,  447,  641,  152,  646,  583,   92,  552,  298,  281,  141,  567,  412,  576,  750,  315,  831,  145,  592,  429,  700,  554,  720,  529,  476,  210,  231,  167,  568,  442,  373,  268,  190,  271,  265,  347,  460,  196,  206,  336,  270],
        [  405,  405,  435,  468,  431,  541,  305,  599,  274,  101,    0,  129,   19,  385,  495,  479,  331,  419,  557,  422,  219,  329,  369,  636,   68,  550,  566,  105,  473,  355,  189,  106,  513,  359,  545,  649,  416,  730,   46,  537,  380,  599,  474,  621,  459,  379,  231,  331,  253,  486,  410,  273,  242,  201,  172,  300,  435,  397,  272,  306,  384,  363],
        [  416,  416,  556,  585,  504,  668,  334,  476,  343,   62,  129,    0,  130,  368,  428,  603,  411,  327,  673,  452,  328,  458,  426,  703,  192,  677,  529,  153,  531,  239,  318,  116,  530,  376,  527,  761,  309,  851,  175,  554,  390,  717,  535,  744,  502,  477,  151,  217,  202,  551,  502,  386,  328,  251,  297,  323,  372,  513,  239,  212,  276,  293],
        [  423,  423,  429,  478,  415,  546,  324,  593,  292,   93,   19,  130,    0,  368,  509,  475,  347,  407,  567,  440,  232,  330,  387,  620,   63,  554,  582,   87,  491,  361,  190,  121,  531,  378,  562,  660,  406,  739,   53,  555,  398,  608,  491,  628,  477,  393,  242,  324,  238,  503,  396,  284,  227,  183,  179,  281,  420,  390,  255,  295,  391,  348],
        [  776,  776,  560,  790,  317,  799,  683,  503,  659,  322,  385,  368,  368,    0,  780,  609,  711,  239,  876,  802,  582,  564,  754,  448,  384,  802,  894,  283,  858,  539,  472,  461,  888,  733,  895,  976,  300, 1020,  407,  913,  750,  908,  858,  901,  843,  744,  513,  309,  171,  869,  383,  624,  289,  218,  503,  128,  149,  491,  130,  240,  588,  159],
        [  278,  278,  897,  738,  922,  885,  323,  617,  426,  487,  495,  428,  509,  780,    0,  933,  483,  649,  803,  347,  535,  754,  417, 1124,  555,  898,  157,  571,  468,  264,  634,  391,  333,  289,  218,  854,  592,  988,  520,  347,  271,  854,  483,  917,  404,  579,  278,  514,  609,  506,  904,  579,  736,  674,  580,  750,  737,  876,  652,  563,  217,  663],
        [  737,  737,   51,  376,  341,  267,  641, 1030,  542,  554,  479,  603,  475,  609,  933,    0,  524,  789,  422,  707,  410,  184,  612,  449,  412,  261,  954,  473,  667,  833,  303,  565,  804,  696,  901,  510,  819,  484,  439,  821,  722,  423,  656,  371,  702,  468,  702,  761,  609,  650,  249,  385,  334,  434,  354,  485,  743,  118,  590,  708,  860,  705],
        [  229,  229,  505,  255,  667,  409,  162,  868,   74,  419,  331,  411,  347,  711,  483,  524,    0,  736,  323,  185,  145,  345,   88,  862,  330,  423,  454,  430,  161,  522,  294,  297,  280,  199,  388,  387,  719,  510,  305,  297,  223,  374,  156,  434,  180,   97,  379,  626,  582,  162,  607,  142,  495,  506,  236,  610,  764,  515,  602,  620,  519,  689],
        [  728,  728,  739,  882,  543,  932,  656,  265,  669,  320,  419,  327,  407,  239,  649,  789,  736,    0,  971,  772,  637,  699,  753,  686,  454,  938,  788,  349,  857,  387,  575,  443,  840,  692,  809, 1066,   70, 1138,  458,  865,  702, 1011,  861, 1023,  825,  795,  426,  137,  185,  878,  594,  691,  456,  356,  581,  322,  109,  676,  200,  116,  435,   88],
        [  535,  535,  435,   90,  709,  171,  484, 1148,  390,  657,  557,  673,  567,  876,  803,  422,  323,  971,    0,  474,  345,  328,  388,  860,  519,  183,  754,  626,  375,  831,  407,  573,  544,  515,  678,  101,  972,  188,  514,  551,  536,   51,  359,  127,  436,  227,  684,  886,  794,  341,  622,  287,  598,  659,  390,  753,  970,  486,  798,  861,  834,  906],
        [   71,   71,  684,  423,  817,  585,  120,  849,  174,  484,  422,  452,  440,  802,  347,  707,  185,  772,  474,    0,  307,  525,   97, 1018,  448,  599,  280,  526,  122,  472,  452,  344,  100,   85,  207,  513,  740,  652,  414,  122,   87,  524,  136,  595,   62,  266,  358,  645,  649,  159,  766,  322,  633,  620,  390,  720,  824,  688,  680,  660,  453,  745],
        [  329,  329,  382,  258,  523,  366,  231,  803,  135,  318,  219,  328,  232,  582,  535,  410,  145,  637,  345,  307,    0,  227,  220,  718,  199,  378,  544,  305,  306,  499,  150,  230,  407,  287,  492,  433,  631,  527,  182,  427,  313,  391,  300,  426,  318,  164,  351,  543,  468,  305,  464,   59,  351,  370,   91,  474,  650,  382,  482,  524,  510,  580],
        [  554,  554,  160,  254,  384,  237,  458,  916,  359,  419,  329,  458,  330,  564,  754,  184,  345,  699,  328,  525,  227,    0,  432,  551,  268,  241,  771,  355,  495,  675,  141,  400,  623,  513,  718,  428,  716,  457,  285,  642,  539,  351,  485,  337,  525,  301,  536,  644,  515,  482,  302,  204,  278,  355,  179,  438,  676,  179,  508,  601,  697,  623],
        [  148,  148,  591,  331,  739,  490,  115,  859,   98,  447,  369,  426,  387,  754,  417,  612,   88,  753,  388,   97,  220,  432,    0,  937,  383,  505,  372,  473,  106,  495,  369,  311,  192,  129,  303,  438,  728,  572,  353,  211,  148,  439,  109,  507,   99,  172,  362,  633,  613,  127,  683,  228,  560,  559,  308,  662,  792,  598,  638,  637,  485,  715],
        [ 1021, 1021,  426,  799,  206,  715,  917,  950,  845,  641,  636,  703,  620,  448, 1124,  449,  862,  686,  860, 1018,  718,  551,  937,    0,  585,  710, 1200,  554, 1022,  928,  569,  740, 1117,  975, 1173,  954,  745,  932,  622, 1139,  999,  868, 1015,  820, 1036,  843,  849,  739,  571, 1016,  256,  727,  395,  452,  630,  398,  591,  377,  529,  668,  971,  604],
        [  441,  441,  368,  430,  381,  487,  337,  652,  286,  152,   68,  192,   63,  384,  555,  412,  330,  454,  519,  448,  199,  268,  383,  585,    0,  495,  617,  109,  483,  422,  129,  166,  543,  394,  589,  615,  459,  686,   38,  567,  417,  558,  481,  573,  478,  362,  297,  381,  276,  490,  351,  245,  191,  177,  129,  281,  455,  331,  285,  346,  451,  388],
        [  650,  650,  288,  182,  583,   15,  577, 1147,  473,  646,  550,  677,  554,  802,  898,  261,  423,  938,  183,  599,  378,  241,  505,  710,  495,    0,  875,  592,  521,  873,  367,  598,  683,  621,  806,  256,  952,  228,  504,  694,  645,  170,  507,  112,  574,  334,  727,  876,  754,  493,  492,  325,  514,  596,  381,  675,  917,  350,  748,  838,  887,  863],
        [  226,  226,  924,  702,  996,  861,  314,  772,  416,  583,  566,  529,  582,  894,  157,  954,  454,  788,  754,  280,  544,  771,  372, 1200,  617,  875,    0,  657,  388,  409,  669,  462,  225,  260,   85,  788,  735,  930,  580,  231,  234,  803,  404,  875,  323,  543,  382,  651,  725,  426,  965,  576,  806,  761,  608,  847,  868,  914,  765,  693,  366,  791],
        [  507,  507,  424,  537,  353,  585,  409,  563,  377,   92,  105,  153,   87,  283,  571,  473,  430,  349,  626,  526,  305,  355,  473,  554,  109,  592,  657,    0,  576,  390,  226,  197,  616,  462,  642,  722,  361,  790,  126,  640,  482,  664,  576,  675,  563,  469,  296,  291,  168,  587,  350,  353,  176,  105,  237,  196,  347,  374,  177,  247,  428,  281],
        [  193,  193,  653,  340,  827,  507,  208,  955,  199,  552,  473,  531,  491,  858,  468,  667,  161,  857,  375,  122,  306,  495,  106, 1022,  483,  521,  388,  576,    0,  584,  454,  416,  170,  198,  307,  401,  831,  544,  454,  176,  206,  423,   17,  500,   66,  200,  459,  736,  718,   39,  766,  297,  654,  659,  396,  763,  897,  669,  742,  742,  568,  820],
        [  410,  410,  789,  749,  735,  862,  381,  381,  449,  298,  355,  239,  361,  539,  264,  833,  522,  387,  831,  472,  499,  675,  495,  928,  422,  873,  409,  390,  584,    0,  537,  278,  510,  389,  445,  906,  329, 1018,  395,  532,  388,  880,  594,  923,  533,  611,  149,  253,  373,  616,  740,  555,  565,  482,  501,  535,  478,  750,  418,  308,   50,  408],
        [  465,  465,  264,  320,  374,  360,  362,  780,  278,  281,  189,  318,  190,  472,  634,  303,  294,  575,  407,  452,  150,  141,  369,  569,  129,  367,  669,  226,  454,  537,    0,  263,  552,  421,  626,  506,  585,  564,  144,  573,  446,  442,  448,  449,  467,  291,  400,  509,  393,  452,  315,  167,  211,  254,   63,  352,  565,  246,  393,  472,  560,  504],
        [  316,  316,  523,  487,  536,  587,  225,  579,  228,  141,  106,  116,  121,  461,  391,  565,  297,  443,  573,  344,  230,  400,  311,  740,  166,  598,  462,  197,  416,  278,  263,    0,  428,  272,  446,  657,  423,  756,  131,  452,  290,  619,  420,  654,  390,  368,  138,  330,  306,  436,  514,  288,  347,  300,  224,  391,  483,  493,  336,  327,  298,  405],
        [  114,  114,  783,  503,  915,  669,  208,  891,  274,  567,  513,  530,  531,  888,  333,  804,  280,  840,  544,  100,  407,  623,  192, 1117,  543,  683,  225,  616,  170,  510,  552,  428,    0,  156,  142,  568,  802,  713,  508,   25,  140,  592,  186,  668,  110,  352,  417,  709,  730,  206,  866,  420,  730,  713,  490,  812,  899,  787,  763,  730,  482,  820],
        [   47,   47,  669,  453,  771,  607,   59,  765,  156,  412,  359,  376,  378,  733,  289,  696,  199,  692,  515,   85,  287,  513,  129,  975,  394,  621,  260,  462,  198,  389,  421,  272,  156,    0,  206,  566,  657,  699,  359,  180,   26,  566,  210,  631,  144,  293,  274,  563,  575,  232,  729,  316,  584,  560,  359,  658,  746,  664,  608,  580,  371,  667],
        [  165,  165,  874,  630,  969,  792,  264,  819,  360,  576,  545,  527,  562,  895,  218,  901,  388,  809,  678,  207,  492,  718,  303, 1173,  589,  806,   85,  642,  307,  445,  626,  446,  142,  206,    0,  708,  762,  851,  552,  146,  181,  727,  324,  801,  243,  473,  389,  673,  728,  345,  931,  518,  780,  744,  564,  836,  882,  870,  766,  708,  407,  804],
        [  579,  579,  528,  187,  808,  247,  544, 1235,  459,  750,  649,  761,  660,  976,  854,  510,  387, 1066,  101,  513,  433,  428,  438,  954,  615,  256,  788,  722,  401,  906,  506,  657,  568,  566,  708,    0, 1064,  148,  608,  571,  584,   88,  385,  162,  466,  296,  760,  976,  890,  364,  720,  377,  699,  759,  486,  853, 1068,  582,  896,  955,  905, 1002],
        [  691,  691,  769,  883,  593,  945,  626,  215,  650,  315,  416,  309,  406,  300,  592,  819,  719,   70,  972,  740,  631,  716,  728,  745,  459,  952,  735,  361,  831,  329,  585,  423,  802,  657,  762, 1064,    0, 1144,  458,  826,  665, 1014,  837, 1032,  794,  785,  386,   95,  211,  854,  638,  687,  489,  387,  584,  369,  178,  709,  238,  115,  376,  142],
        [  716,  716,  515,  270,  811,  227,  671, 1327,  578,  831,  730,  851,  739, 1020,  988,  484,  510, 1138,  188,  652,  527,  457,  572,  932,  686,  228,  930,  790,  544, 1018,  564,  756,  713,  699,  851,  148, 1144,    0,  687,  717,  719,  138,  528,  121,  608,  415,  870, 1061,  957,  508,  720,  469,  734,  809,  560,  894, 1127,  578,  956, 1032, 1022, 1068],
        [  405,  405,  396,  425,  417,  496,  302,  644,  256,  145,   46,  175,   53,  407,  520,  439,  305,  458,  514,  414,  182,  285,  353,  622,   38,  504,  580,  126,  454,  395,  144,  131,  508,  359,  552,  608,  458,  687,    0,  532,  381,  556,  453,  576,  446,  345,  265,  375,  287,  464,  387,  233,  228,  207,  127,  310,  469,  362,  301,  347,  422,  398],
        [  139,  139,  801,  513,  938,  680,  232,  913,  295,  592,  537,  554,  555,  913,  347,  821,  297,  865,  551,  122,  427,  642,  211, 1139,  567,  694,  231,  640,  176,  532,  573,  452,   25,  180,  146,  571,  826,  717,  532,    0,  165,  598,  192,  676,  122,  365,  441,  733,  755,  211,  887,  438,  753,  737,  511,  836,  924,  807,  788,  755,  503,  845],
        [   27,   27,  695,  475,  795,  631,   85,  766,  182,  429,  380,  390,  398,  750,  271,  722,  223,  702,  536,   87,  313,  539,  148,  999,  417,  645,  234,  482,  206,  388,  446,  290,  140,   26,  181,  584,  665,  719,  381,  165,    0,  586,  219,  653,  148,  315,  280,  571,  591,  242,  753,  342,  607,  581,  384,  678,  759,  690,  624,  591,  367,  680],
        [  586,  586,  443,  133,  726,  160,  535, 1193,  441,  700,  599,  717,  608,  908,  854,  423,  374, 1011,   51,  524,  391,  351,  439,  868,  558,  170,  803,  664,  423,  880,  442,  619,  592,  566,  727,   88, 1014,  138,  556,  598,  586,    0,  407,   86,  484,  278,  732,  929,  832,  388,  638,  333,  626,  692,  431,  783, 1006,  498,  835,  903,  884,  944],
        [  207,  207,  643,  325,  822,  492,  217,  964,  200,  554,  474,  535,  491,  858,  483,  656,  156,  861,  359,  136,  300,  485,  109, 1015,  481,  507,  404,  576,   17,  594,  448,  420,  186,  210,  324,  385,  837,  528,  453,  192,  219,  407,    0,  484,   82,  189,  467,  742,  720,   24,  759,  289,  650,  658,  391,  762,  900,  660,  744,  746,  580,  823],
        [  654,  654,  399,  180,  693,  108,  595, 1219,  496,  720,  621,  744,  628,  901,  917,  371,  434, 1023,  127,  595,  426,  337,  507,  820,  573,  112,  875,  675,  500,  923,  449,  654,  668,  631,  801,  162, 1032,  121,  576,  676,  653,   86,  484,    0,  560,  339,  775,  951,  841,  467,  602,  369,  614,  690,  450,  775, 1009,  460,  839,  918,  931,  951],
        [  131,  131,  684,  393,  837,  559,  169,  908,  194,  529,  459,  502,  477,  843,  404,  702,  180,  825,  436,   62,  318,  525,   99, 1036,  478,  574,  323,  563,   66,  533,  467,  390,  110,  144,  243,  466,  794,  608,  446,  122,  148,  484,   82,  560,    0,  244,  415,  699,  695,  104,  782,  322,  658,  653,  406,  755,  872,  694,  723,  711,  514,  794],
        [  319,  319,  457,  160,  658,  320,  258,  945,  164,  476,  379,  477,  393,  744,  579,  468,   97,  795,  227,  266,  164,  301,  172,  843,  362,  334,  543,  469,  200,  611,  291,  368,  352,  293,  473,  296,  785,  415,  345,  365,  315,  278,  189,  339,  244,    0,  465,  694,  630,  182,  587,  125,  501,  531,  245,  634,  813,  478,  645,  681,  611,  741],
        [  306,  306,  660,  601,  648,  716,  251,  497,  305,  210,  231,  151,  242,  513,  278,  702,  379,  426,  684,  358,  351,  536,  362,  849,  297,  727,  382,  296,  459,  149,  400,  138,  417,  274,  389,  760,  386,  870,  265,  441,  280,  732,  467,  775,  415,  465,    0,  293,  343,  487,  637,  408,  465,  398,  359,  473,  494,  627,  383,  320,  162,  415],
        [  597,  597,  711,  797,  569,  868,  531,  273,  556,  231,  331,  217,  324,  309,  514,  761,  626,  137,  886,  645,  543,  644,  633,  739,  381,  876,  651,  291,  736,  253,  509,  330,  709,  563,  673,  976,   95, 1061,  375,  733,  571,  929,  742,  951,  699,  694,  293,    0,  172,  759,  600,  600,  439,  338,  502,  346,  226,  655,  211,   71,  302,  160],
        [  617,  617,  559,  705,  398,  748,  530,  424,  521,  167,  253,  202,  238,  171,  609,  609,  582,  185,  794,  649,  468,  515,  613,  571,  276,  754,  725,  168,  718,  373,  393,  306,  730,  575,  728,  890,  211,  957,  287,  755,  591,  832,  720,  841,  695,  630,  343,  172,    0,  733,  432,  519,  278,  176,  404,  175,  183,  498,   45,  105,  420,  113],
        [  230,  230,  638,  311,  825,  478,  237,  984,  213,  568,  486,  551,  503,  869,  506,  650,  162,  878,  341,  159,  305,  482,  127, 1016,  490,  493,  426,  587,   39,  616,  452,  436,  206,  232,  345,  364,  854,  508,  464,  211,  242,  388,   24,  467,  104,  182,  487,  759,  733,    0,  760,  290,  655,  667,  396,  771,  914,  658,  757,  762,  601,  838],
        [  774,  774,  208,  554,   93,  494,  670,  852,  593,  442,  410,  502,  396,  383,  904,  249,  607,  594,  622,  766,  464,  302,  683,  256,  351,  492,  965,  350,  766,  740,  315,  514,  866,  729,  931,  720,  638,  720,  387,  887,  753,  638,  759,  602,  782,  587,  637,  600,  432,  760,    0,  471,  175,  267,  377,  273,  528,  142,  400,  536,  777,  507],
        [  354,  354,  364,  200,  537,  312,  265,  861,  161,  373,  273,  386,  284,  624,  579,  385,  142,  691,  287,  322,   59,  204,  228,  727,  245,  325,  576,  353,  297,  555,  167,  288,  420,  316,  518,  377,  687,  469,  233,  438,  342,  333,  289,  369,  322,  125,  408,  600,  519,  290,  471,    0,  377,  408,  122,  511,  699,  373,  529,  578,  565,  631],
        [  630,  630,  284,  516,  190,  511,  526,  702,  464,  268,  242,  328,  227,  289,  736,  334,  495,  456,  598,  633,  351,  278,  560,  395,  191,  514,  806,  176,  654,  565,  211,  347,  730,  584,  780,  699,  489,  734,  228,  753,  607,  626,  650,  614,  658,  501,  465,  439,  278,  655,  175,  377,    0,  102,  261,  162,  412,  221,  256,  380,  603,  371],
        [  606,  606,  383,  573,  255,  591,  505,  600,  462,  190,  201,  251,  183,  218,  674,  434,  506,  356,  659,  620,  370,  355,  559,  452,  177,  596,  761,  105,  659,  482,  254,  300,  713,  560,  744,  759,  387,  809,  207,  737,  581,  692,  658,  690,  653,  531,  398,  338,  176,  667,  267,  408,  102,    0,  287,  105,  322,  323,  157,  278,  523,  274],
        [  403,  403,  319,  302,  433,  371,  300,  770,  216,  271,  172,  297,  179,  503,  580,  354,  236,  581,  390,  390,   91,  179,  308,  630,  129,  381,  608,  237,  396,  501,   63,  224,  490,  359,  564,  486,  584,  560,  127,  511,  384,  431,  391,  450,  406,  245,  359,  502,  404,  396,  377,  122,  261,  287,    0,  390,  583,  306,  412,  473,  520,  517],
        [  703,  703,  435,  668,  225,  672,  604,  583,  565,  265,  300,  323,  281,  128,  750,  485,  610,  322,  753,  720,  474,  438,  662,  398,  281,  675,  847,  196,  763,  535,  352,  391,  812,  658,  836,  853,  369,  894,  310,  836,  678,  783,  762,  775,  755,  634,  473,  346,  175,  771,  273,  511,  162,  105,  390,    0,  260,  368,  136,  277,  579,  235],
        [  786,  786,  693,  882,  466,  912,  705,  362,  703,  347,  435,  372,  420,  149,  737,  743,  764,  109,  970,  824,  650,  676,  792,  591,  455,  917,  868,  347,  897,  478,  565,  483,  899,  746,  882, 1068,  178, 1127,  469,  924,  759, 1006,  900, 1009,  872,  813,  494,  226,  183,  914,  528,  699,  412,  322,  583,  260,    0,  626,  172,  176,  527,   80],
        [  708,  708,   70,  423,  234,  353,  606,  921,  516,  460,  397,  513,  390,  491,  876,  118,  515,  676,  486,  688,  382,  179,  598,  377,  331,  350,  914,  374,  669,  750,  246,  493,  787,  664,  870,  582,  709,  578,  362,  807,  690,  498,  660,  460,  694,  478,  627,  655,  498,  658,  142,  373,  221,  323,  306,  368,  626,    0,  476,  599,  780,  591],
        [  650,  650,  539,  710,  360,  743,  560,  453,  545,  196,  272,  239,  255,  130,  652,  590,  602,  200,  798,  680,  482,  508,  638,  529,  285,  748,  765,  177,  742,  418,  393,  336,  763,  608,  766,  896,  238,  956,  301,  788,  624,  835,  744,  839,  723,  645,  383,  211,   45,  757,  400,  529,  256,  157,  412,  136,  172,  476,    0,  142,  465,  117],
        [  617,  617,  657,  772,  501,  831,  542,  323,  553,  206,  306,  212,  295,  240,  563,  708,  620,  116,  861,  660,  524,  601,  637,  668,  346,  838,  693,  247,  742,  308,  472,  327,  730,  580,  708,  955,  115, 1032,  347,  755,  591,  903,  746,  918,  711,  681,  320,   71,  105,  762,  536,  578,  380,  278,  473,  277,  176,  599,  142,    0,  358,  100],
        [  387,  387,  817,  755,  777,  875,  370,  413,  447,  336,  384,  276,  391,  588,  217,  860,  519,  435,  834,  453,  510,  697,  485,  971,  451,  887,  366,  428,  568,   50,  560,  298,  482,  371,  407,  905,  376, 1022,  422,  503,  367,  884,  580,  931,  514,  611,  162,  302,  420,  601,  777,  565,  603,  523,  520,  579,  527,  780,  465,  358,    0,  457],
        [  707,  707,  655,  817,  456,  857,  626,  351,  626,  270,  363,  293,  348,  159,  663,  705,  689,   88,  906,  745,  580,  623,  715,  604,  388,  863,  791,  281,  820,  408,  504,  405,  820,  667,  804, 1002,  142, 1068,  398,  845,  680,  944,  823,  951,  794,  741,  415,  160,  113,  838,  507,  631,  371,  274,  517,  235,   80,  591,  117,  100,  457,    0]
    ]
}
