{
    "name": "random-93-2243",
    "comment": "size=93 seed=2243",
    "nodes": ["+0", "-0", "+1", "-1", "+2", "-2", "+3", "-3", "+4", "-4", "+5", "-5", "+6", "-6", "+7", "-7", "+8", "-8", "+9", "-9", "+10", "-10", "+11", "-11", "+12", "-12", "+13", "-13", "+14", "-14", "+15", "-15", "+16", "-16", "+17", "-17", "+18", "-18", "+19", "-19", "+20", "-20", "+21", "-21", "+22", "-22", "+23", "-23", "+24", "-24", "+25", "-25", "+26", "-26", "+27", "-27", "+28", "-28", "+29", "-29", "+30", "-30", "+31", "-31", "+32", "-32", "+33", "-33", "+34", "-34", "+35", "-35", "+36", "-36", "+37", "-37", "+38", "-38", "+39", "-39", "+40", "-40", "+41", "-41", "+42", "-42", "+43", "-43", "+44", "-44", "+45", "-45", "+46", "-46", "+47", "-47", "+48", "-48", "+49", "-49", "+50", "-50", "+51", "-51", "+52", "-52", "+53", "-53", "+54", "-54", "+55", "-55", "+56", "-56", "+57", "-57", "+58", "-58", "+59", "-59", "+60", "-60", "+61", "-61", "+62", "-62", "+63", "-63", "+64", "-64", "+65", "-65", "+66", "-66", "+67", "-67", "+68", "-68", "+69", "-69", "+70", "-70", "+71", "-71", "+72", "-72", "+73", "-73", "+74", "-74", "+75", "-75", "+76", "-76", "+77", "-77", "+78", "-78", "+79", "-79", "+80", "-80", "+81", "-81", "+82", "-82", "+83", "-83", "+84", "-84", "+85", "-85", "+86", "-86", "+87", "-87", "+88", "-88", "+89", "-89", "+90", "-90", "+91", "-91", "+92", "-92", "+93", "-93"],
    "precedence": {
        "+0": "-0",
        "+1": "-1",
        "+2": "-2",
        "+3": "-3",
        "+4": "-4",
        "+5": "-5",
        "+6": "-6",
        "+7": "-7",
        "+8": "-8",
        "+9": "-9",
        "+10": "-10",
        "+11": "-11",
        "+12": "-12",
        "+13": "-13",
        "+14": "-14",
        "+15": "-15",
        "+16": "-16",
        "+17": "-17",
        "+18": "-18",
        "+19": "-19",
        "+20": "-20",
        "+21": "-21",
        "+22": "-22",
        "+23": "-23",
        "+24": "-24",
        "+25": "-25",
        "+26": "-26",
        "+27": "-27",
        "+28": "-28",
        "+29": "-29",
        "+30": "-30",
        "+31": "-31",
        "+32": "-32",
        "+33": "-33",
        "+34": "-34",
        "+35": "-35",
        "+36": "-36",
        "+37": "-37",
        "+38": "-38",
        "+39": "-39",
        "+40": "-40",
        "+41": "-41",
        "+42": "-42",
        "+43": "-43",
        "+44": "-44",
        "+45": "-45",
        "+46": "-46",
        "+47": "-47",
        "+48": "-48",
        "+49": "-49",
        "+50": "-50",
        "+51": "-51",
        "+52": "-52",
        "+53": "-53",
        "+54": "-54",
        "+55": "-55",
        "+56": "-56",
        "+57": "-57",
        "+58": "-58",
        "+59": "-59",
        "+60": "-60",
        "+61": "-61",
        "+62": "-62",
        "+63": "-63",
        "+64": "-64",
        "+65": "-65",
        "+66": "-66",
        "+67": "-67",
        "+68": "-68",
        "+69": "-69",
        "+70": "-70",
        "+71": "-71",
        "+72": "-72",
        "+73": "-73",
        "+74": "-74",
        "+75": "-75",
        "+76": "-76",
        "+77": "-77",
        "+78": "-78",
        "+79": "-79",
        "+80": "-80",
        "+81": "-81",
        "+82": "-82",
        "+83": "-83",
        "+84": "-84",
        "+85": "-85",
        "+86": "-86",
        "+87": "-87",
        "+88": "-88",
        "+89": "-89",
        "+90": "-90",
        "+91": "-91",
        "+92": "-92",
        "+93": "-93"
    },
    "edges": [
        [    0,    0,  433,  158,  933,  501,  272,  749,  797,  684,   79,  517,  621,  896,  625,  358,  944,  533,  748,   50,  542,  342,  492,  233,  802,  404,  219,  400,  453,  721,  809,  423,  941,  717,  536,  802,  457,  587,  147,  455,  608,  168,  841,  258,  641,  316,  426,  587,  643,  546,  375, 1064,  631,   66,  394,  176,  735,  793,  837,  451,  217,  432,  447,  720,  629,  160,  817,  733,  199,  947,  651,  731,  328,  780,  828,  243,  531,  372,  694,  937,  773,  633,   45,  879,  126,  620,  844,  203,  702,  190,  854,  419,  656,  435,  434,  117,  689,  204,   83,  602,  577,  216,  162,  619,  690,  760,  792,  787,  261,  864,  754,  701,  112,  863,  843,  323,  563, 1082,  300,  832,   28,  618,  335,  243,  658,  429,  717,  493,  460,  313,  444,  313,  336,  293,  966,  588,  576,  858,  290,  846,  691,  682,  523,  920,  598,  377,  182,  140,  422,  179,  882,  952,  690,  487,  873,  292,  796,  325,  616,  595,  789,  175,  836,  438,  663,  922,   65,  615,  839,  943,  189,  641,  401,  742,  127,  656,  219,  765,  386,  288,  217,  903,  810,  718,  236,  187,  416, 1060],
        [    0,    0,    0,    0,    0,    0,    0,    0,    0,    0,    0,    0,    0,    0,    0,    0,    0,    0,    0,    0,    0,    0,    0,    0,    0,    0,    0,    0,    0,    0,    0,    0,    0,    0,    0,    0,    0,    0,    0,    0,    0,    0,    0,    0,    0,    0,    0,    0,    0,    0,    0,    0,    0,    0,    0,    0,    0,    0,    0,    0,    0,    0,    0,    0,    0,    0,    0,    0,    0,    0,    0,    0,    0,    0,    0,    0,    0,    0,    0,    0,    0,    0,    0,    0,    0,    0,    0,    0,    0,    0,    0,    0,    0,    0,    0,    0,    0,    0,    0,    0,    0,    0,    0,    0,    0,    0,    0,    0,    0,    0,    0,    0,    0,    0,    0,    0,    0,    0,    0,    0,    0,    0,    0,    0,    0,    0,    0,    0,    0,    0,    0,    0,    0,    0,    0,    0,    0,    0,    0,    0,    0,    0,    0,    0,    0,    0,    0,    0,    0,    0,    0,    0,    0,    0,    0,    0,    0,    0,    0,    0,    0,    0,    0,    0,    0,    0,    0,    0,    0,    0,    0,    0,    0,    0,    0,    0,    0,    0,    0,    0,    0,    0,    0,    0,    0,    0,    0,    0],
        [  433,    0,    0,  295,  500,   84,  279,  415,  372,  252,  511,  157,  316,  476,  192,  718,  522,  264,  581,  452,  541,  461,  194,  225,  668,  458,  506,  321,  297,  346,  399,  349,  516,  505,  548,  376,   60,  169,  495,  352,  526,  447,  604,  176,  559,  171,  217,  241,  521,  278,  395,  632,  279,  450,  165,  363,  346,  600,  416,  451,  282,  463,  378,  449,  321,  577,  416,  300,  244,  518,  370,  376,  432,  348,  688,  191,  290,  429,  360,  528,  637,  399,  442,  462,  422,  445,  459,  260,  374,  244,  545,   43,  399,   58,   86,  375,  273,  267,  356,  315,  317,  278,  575,  490,  365,  603,  431,  574,  372,  566,  345,  324,  326,  431,  652,  254,  174,  650,  238,  400,  406,  264,  373,  289,  226,   42,  406,  318,  121,  220,  444,  457,  210,  561,  539,  354,  497,  674,  242,  486,  580,  388,   94,  503,  320,  562,  342,  315,  153,  511,  457,  521,  258,  259,  457,  475,  364,  650,  277,  286,  470,  261,  451,   69,  525,  491,  401,  184,  430,  757,  245,  257,  423,  329,  472,  247,  541,  404,  191,  434,  437,  477,  419,  312,  520,  461,  434,  628],
        [  158,    0,  295,    0,  789,  371,  242,  592,  666,  539,  230,  361,  465,  769,  484,  432,  792,  377,  613,  195,  441,  266,  335,  156,  676,  431,  230,  261,  404,  615,  688,  401,  810,  573,  439,  652,  309,  459,  203,  426,  603,  165,  695,  132,  522,  225,  270,  486,  626,  390,  383,  924,  473,  201,  305,  211,  578,  655,  684,  463,  186,  331,  430,  568,  544,  285,  661,  592,  115,  799,  577,  633,  365,  637,  701,  109,  377,  396,  603,  781,  646,  483,  185,  725,  218,  479,  686,  148,  545,   86,  700,  290,  504,  287,  317,  172,  536,  158,  110,  446,  422,   66,  281,  598,  602,  627,  635,  645,  162,  710,  599,  593,   94,  724,  705,  172,  446,  943,  146,  688,  137,  460,  343,  101,  520,  300,  635,  345,  349,  157,  455,  366,  180,  298,  816,  437,  570,  722,  136,  688,  566,  605,  379,  795,  442,  340,   79,   21,  264,  223,  731,  806,  551,  332,  749,  243,  655,  372,  459,  508,  633,   85,  679,  288,  532,  784,  159,  469,  718,  809,   83,  485,  293,  619,  250,  533,  257,  607,  307,  337,  289,  753,  654,  598,  247,  183,  309,  921],
        [  933,    0,  500,  789,    0,  441,  744,  423,  184,  250, 1011,  455,  476,  182,  308, 1192,  144,  530,  728,  951,  862,  882,  512,  718,  815,  861,  977,  703,  655,  363,  244,  729,  147,  638,  876,  160,  481,  364,  981,  710,  808,  927,  647,  676,  806,  646,  594,  448,  768,  530,  806,  146,  410,  948,  592,  847,  306,  705,  166,  826,  766,  837,  744,  537,  491, 1073,  246,  201,  742,   73,  532,  404,  867,  153,  821,  690,  560,  844,  445,  216,  794,  579,  941,  173,  914,  659,  299,  753,  435,  744,  501,  519,  549,  503,  517,  870,  275,  758,  856,  503,  538,  758, 1069,  745,  461,  751,  364,  665,  824,  529,  248,  363,  826,   86,  737,  693,  413,  166,  693,  101,  906,  412,  804,  757,  280,  510,  490,  628,  508,  673,  822,  901,  653, 1018,  108,  571,  794,  758,  701,  373,  789,  516,  411,  197,  515,  985,  822,  810,  554,  993,  122,   42,  247,  574,  204,  919,  140, 1116,  432,  492,  461,  760,  297,  503,  732,   62,  900,  320,  241,  807,  745,  358,  809,  262,  965,  324, 1017,  364,  615,  886,  910,  102,  281,  295,  989,  936,  812,  149],
        [  501,    0,   84,  371,  441,    0,  309,  431,  297,  202,  579,  197,  351,  399,  139,  799,  482,  317,  633,  514,  617,  544,  250,  278,  723,  461,  587,  400,  275,  263,  318,  339,  441,  552,  625,  334,  118,   88,  573,  333,  493,  528,  640,  245,  626,  206,  291,  166,  480,  330,  399,  565,  300,  510,  165,  408,  339,  647,  381,  443,  326,  543,  364,  484,  251,  650,  396,  240,  305,  467,  303,  295,  448,  290,  741,  264,  347,  436,  281,  498,  693,  448,  505,  429,  474,  502,  448,  313,  396,  311,  564,   83,  442,  130,   79,  430,  249,  318,  421,  356,  366,  359,  648,  449,  288,  656,  434,  617,  456,  587,  323,  240,  391,  366,  697,  338,   93,  582,  321,  342,  474,  286,  386,  372,  162,   73,  331,  386,   87,  303,  437,  478,  293,  644,  493,  406,  467,  719,  326,  487,  642,  317,   85,  424,  364,  646,  423,  391,  226,  591,  415,  466,  194,  322,  378,  559,  302,  732,  305,  218,  489,  327,  440,  139,  585,  424,  463,  146,  349,  800,  313,  262,  504,  248,  525,  164,  621,  408,  192,  459,  474,  431,  406,  229,  602,  542,  514,  560],
        [  272,    0,  279,  242,  744,  309,    0,  685,  583,  511,  340,  423,  573,  670,  447,  627,  790,  500,  794,  260,  667,  506,  436,   97,  869,  206,  454,  459,  181,  473,  577,  161,  721,  734,  667,  642,  331,  381,  401,  190,  362,  389,  847,  170,  729,  109,  411,  338,  387,  515,  148,  859,  550,  248,  154,  115,  625,  826,  687,  225,   60,  561,  190,  700,  365,  430,  693,  546,  130,  775,  382,  474,  158,  596,  893,  187,  515,  170,  434,  803,  838,  632,  253,  735,  189,  653,  738,   94,  642,  160,  812,  244,  642,  316,  230,  162,  549,   85,  198,  564,  554,  288,  434,  360,  427,  812,  708,  806,  401,  829,  622,  455,  179,  665,  878,  362,  338,  875,  330,  648,  248,  535,  112,  324,  467,  250,  450,  512,  237,  327,  217,  179,  339,  528,  801,  583,  329,  898,  325,  763,  766,  413,  369,  691,  566,  581,  320,  250,  367,  430,  723,  772,  499,  473,  644,  483,  605,  584,  544,  334,  737,  157,  729,  326,  721,  720,  212,  451,  605,  985,  164,  535,  521,  516,  239,  433,  469,  680,  135,  156,  167,  740,  698,  487,  472,  409,  536,  852],
        [  749,    0,  415,  592,  423,  431,  685,    0,  462,  317,  817,  262,  129,  546,  345,  899,  323,  218,  306,  786,  474,  560,  261,  610,  393,  872,  701,  388,  703,  587,  538,  761,  544,  216,  490,  278,  358,  430,  735,  760,  923,  672,  240,  538,  395,  579,  325,  567,  907,  207,  809,  560,  136,  790,  578,  746,  132,  286,  258,  864,  673,  484,  788,  115,  650,  847,  178,  355,  610,  378,  705,  635,  842,  353,  401,  536,  228,  842,  649,  268,  372,  179,  776,  260,  789,  255,  144,  640,   48,  594,  133,  456,  144,  370,  491,  739,  226,  650,  694,  152,  184,  535,  839,  877,  662,  329,   67,  246,  544,  158,  191,  570,  668,  424,  323,  433,  489,  579,  452,  365,  728,  151,  786,  514,  372,  453,  705,  288,  514,  437,  857,  864,  414,  716,  369,  195,  897,  345,  462,  105,  370,  708,  346,  573,  159,  651,  584,  610,  335,  735,  304,  407,  370,  268,  550,  614,  378,  818,  142,  626,   59,  611,  142,  360,  317,  465,  745,  312,  558,  408,  593,  170,  470,  493,  832,  472,  744,   59,  605,  839,  828,  328,  144,  508,  706,  673,  467,  566],
        [  797,    0,  372,  666,  184,  297,  583,  462,    0,  168,  875,  383,  465,  108,  195, 1088,  296,  488,  752,  809,  828,  806,  448,  571,  843,  683,  874,  637,  477,  181,   80,  551,  145,  660,  840,  200,  372,  210,  866,  530,  624,  818,  701,  541,  798,  493,  521,  267,  585,  494,  630,  277,  393,  803,  429,  692,  330,  742,  245,  645,  612,  780,  564,  564,  307,  946,  317,  112,  600,  243,  349,  225,  695,  111,  855,  560,  522,  668,  263,  351,  818,  578,  799,  283,  762,  653,  383,  605,  455,  608,  573,  379,  554,  393,  365,  721,  247,  609,  717,  486,  515,  647,  944,  561,  279,  776,  422,  704,  731,  602,  273,  179,  687,  100,  783,  603,  246,  293,  595,  127,  770,  388,  631,  654,  152,  369,  311,  584,  348,  575,  642,  729,  559,  925,  278,  554,  610,  805,  601,  453,  794,  334,  298,  137,  498,  910,  712,  686,  468,  882,  238,  223,  127,  521,   97,  832,   90, 1018,  412,  309,  514,  623,  377,  397,  735,  143,  757,  225,   97,  869,  610,  333,  747,   78,  813,  150,  910,  409,  450,  717,  748,  237,  348,  112,  888,  830,  753,  270],
        [  684,    0,  252,  539,  250,  202,  511,  317,  168,    0,  762,  221,  300,  272,   64,  947,  281,  322,  592,  703,  661,  649,  285,  474,  684,  654,  732,  476,  456,  270,  233,  527,  295,  500,  674,  134,  232,  147,  733,  515,  650,  680,  555,  427,  631,  407,  361,  275,  624,  327,  594,  388,  229,  701,  365,  607,  191,  587,  182,  629,  526,  617,  547,  409,  349,  824,  216,   60,  495,  267,  402,  319,  648,   99,  697,  441,  355,  632,  336,  303,  658,  413,  693,  231,  671,  488,  278,  509,  301,  496,  441,  275,  392,  254,  281,  625,   92,  515,  607,  321,  348,  510,  820,  595,  351,  616,  292,  550,  582,  469,  149,  255,  577,  189,  631,  451,  209,  407,  448,  149,  657,  223,  585,  511,   62,  266,  393,  418,  282,  428,  624,  678,  409,  777,  291,  388,  629,  654,  455,  336,  629,  400,  161,  301,  333,  754,  574,  560,  313,  746,  213,  269,   53,  356,  264,  680,  120,  873,  247,  332,  374,  512,  271,  254,  570,  249,  653,   71,  258,  723,  496,  169,  585,  179,  722,  160,  771,  273,  391,  660,  676,  230,  237,  191,  744,  690,  591,  386],
        [   79,    0,  511,  230, 1011,  579,  340,  817,  875,  762,    0,  591,  689,  974,  703,  309, 1020,  600,  795,   82,  573,  368,  563,  310,  843,  446,  219,  455,  519,  797,  886,  483, 1019,  771,  565,  879,  534,  666,  141,  516,  657,  188,  896,  336,  680,  392,  493,  662,  696,  612,  425, 1142,  702,   97,  469,  233,  808,  843,  913,  498,  287,  466,  504,  782,  701,   96,  891,  811,  276, 1025,  720,  805,  370,  858,  869,  321,  595,  417,  768, 1011,  815,  693,   87,  955,  168,  673,  916,  278,  770,  268,  918,  497,  718,  512,  512,  179,  765,  278,  160,  668,  641,  282,  103,  674,  763,  806,  862,  840,  305,  926,  829,  777,  189,  941,  891,  386,  640, 1160,  366,  910,  106,  689,  388,  305,  736,  507,  788,  552,  537,  381,  491,  349,  404,  285, 1043,  650,  626,  905,  356,  915,  732,  752,  601,  998,  663,  382,  238,  211,  494,  169,  959, 1030,  768,  552,  951,  311,  874,  292,  687,  668,  854,  253,  909,  515,  710, 1001,  128,  692,  916,  989,  267,  715,  440,  820,  142,  734,  203,  835,  460,  327,  253,  980,  884,  795,  233,  202,  455, 1138],
        [  517,    0,  157,  361,  455,  197,  423,  262,  383,  221,  591,    0,  159,  490,  192,  739,  435,  123,  437,  547,  450,  430,   67,  351,  527,  612,  525,  256,  452,  428,  436,  506,  515,  356,  461,  303,   98,  238,  537,  508,  680,  479,  449,  283,  439,  317,  141,  359,  672,  135,  548,  599,  127,  549,  322,  489,  219,  451,  329,  607,  413,  398,  534,  293,  444,  638,  301,  280,  356,  451,  498,  469,  580,  314,  545,  285,  156,  581,  466,  421,  497,  252,  537,  367,  538,  308,  329,  383,  220,  344,  391,  199,  247,  108,  239,  488,  184,  392,  451,  161,  170,  317,  633,  640,  475,  460,  288,  422,  370,  410,  240,  406,  423,  406,  502,  239,  279,  618,  242,  358,  493,  113,  525,  309,  236,  198,  519,  207,  269,  223,  600,  602,  201,  563,  463,  210,  652,  524,  251,  344,  450,  509,  118,  519,  168,  534,  377,  381,  102,  546,  378,  464,  257,  142,  479,  465,  338,  663,  122,  413,  316,  362,  322,   99,  392,  465,  501,  159,  465,  605,  344,  125,  365,  371,  584,  309,  566,  260,  348,  578,  569,  402,  295,  368,  536,  487,  371,  599],
        [  621,    0,  316,  465,  476,  351,  573,  129,  465,  300,  689,  159,    0,  563,  303,  778,  407,   90,  295,  659,  387,  442,  139,  492,  388,  767,  576,  265,  611,  553,  533,  664,  573,  207,  401,  317,  257,  374,  607,  667,  839,  544,  290,  418,  336,  469,  196,  506,  829,   79,  703,  621,   73,  664,  480,  626,  174,  300,  317,  764,  555,  375,  693,  134,  591,  719,  254,  353,  488,  447,  646,  599,  730,  368,  403,  414,  103,  735,  603,  367,  360,  114,  649,  338,  665,  190,  249,  520,   82,  471,  241,  358,   95,  264,  398,  615,  220,  531,  567,   29,   66,  407,  711,  798,  614,  320,  181,  267,  418,  257,  228,  534,  543,  454,  348,  305,  425,  640,  323,  397,  601,   78,  678,  386,  341,  357,  659,  169,  427,  309,  757,  750,  286,  595,  447,   95,  810,  371,  333,  230,  330,  654,  267,  592,   41,  538,  456,  482,  212,  608,  370,  470,  350,  140,  560,  493,  394,  697,   54,  562,  170,  487,  244,  253,  271,  505,  618,  267,  558,  450,  469,  132,  356,  476,  706,  433,  619,  158,  506,  724,  708,  395,  230,  482,  582,  546,  355,  624],
        [  896,    0,  476,  769,  182,  399,  670,  546,  108,  272,  974,  490,  563,    0,  303, 1194,  321,  593,  844,  905,  933,  914,  555,  667,  935,  750,  980,  745,  546,  221,   97,  620,   58,  752,  945,  271,  479,  311,  970,  595,  663,  923,  783,  643,  898,  587,  629,  339,  618,  598,  702,  211,  491,  899,  518,  782,  416,  831,  305,  707,  704,  887,  628,  654,  356, 1048,  385,  214,  698,  254,  387,  251,  770,  197,  944,  662,  626,  739,  297,  389,  911,  675,  896,  332,  854,  752,  448,  700,  545,  708,  647,  481,  650,  500,  462,  815,  344,  703,  815,  586,  616,  753, 1046,  598,  313,  868,  499,  791,  838,  676,  356,  230,  785,  128,  868,  710,  337,  221,  702,  184,  869,  488,  707,  761,  260,  471,  332,  689,  441,  683,  704,  805,  666, 1032,  289,  655,  654,  890,  708,  522,  891,  364,  405,   29,  598, 1018,  817,  790,  576,  987,  280,  223,  235,  627,   31,  939,  171, 1124,  512,  368,  595,  723,  444,  504,  832,  120,  853,  332,   76,  949,  710,  432,  854,  155,  905,  241, 1016,  491,  536,  796,  833,  270,  419,  184,  994,  936,  860,  200],
        [  625,    0,  192,  484,  308,  139,  447,  345,  195,   64,  703,  192,  303,  303,    0,  898,  344,  307,  598,  643,  641,  611,  258,  412,  691,  593,  684,  444,  396,  251,  245,  466,  334,  509,  653,  197,  180,   91,  680,  455,  597,  629,  576,  368,  623,  344,  328,  227,  574,  315,  532,  441,  236,  640,  302,  544,  229,  600,  244,  569,  463,  588,  488,  424,  307,  768,  269,  108,  434,  330,  361,  297,  585,  156,  705,  383,  341,  570,  306,  364,  663,  415,  633,  293,  609,  484,  328,  447,  321,  436,  474,  212,  398,  202,  217,  563,  129,  453,  548,  319,  342,  459,  765,  545,  318,  622,  331,  565,  538,  501,  198,  232,  518,  240,  646,  409,  154,  459,  402,  208,  598,  226,  522,  463,   44,  204,  362,  398,  219,  382,  564,  615,  365,  732,  354,  383,  575,  669,  409,  379,  626,  364,  107,  331,  330,  716,  523,  505,  273,  695,  277,  330,   70,  333,  289,  638,  172,  827,  250,  285,  403,  452,  320,  204,  567,  300,  592,   37,  274,  743,  437,  180,  553,  180,  659,  131,  721,  308,  328,  597,  612,  293,  286,  181,  697,  640,  560,  438],
        [  358,    0,  718,  432, 1192,  799,  627,  899, 1088,  947,  309,  739,  778, 1194,  898,    0, 1167,  695,  767,  386,  501,  341,  688,  570,  782,  754,  216,  514,  807, 1046, 1116,  781, 1231,  780,  486, 1041,  718,  886,  232,  812,  963,  271,  896,  564,  625,  649,  606,  917, 1000,  702,  730, 1333,  818,  403,  730,  533,  935,  823, 1064,  804,  569,  432,  805,  827,  971,  216, 1021, 1003,  529, 1189,  998, 1064,  678, 1045,  807,  540,  676,  724, 1032, 1140,  761,  736,  389, 1097,  474,  685, 1026,  547,  856,  508,  966,  719,  769,  697,  748,  475,  922,  551,  430,  752,  717,  441,  207,  977, 1030,  768,  959,  834,  370,  964,  972, 1024,  452, 1135,  860,  500,  877, 1353,  500, 1093,  380,  809,  691,  436,  938,  729, 1061,  612,  781,  520,  798,  657,  540,  184, 1199,  707,  932,  867,  492, 1004,  682, 1028,  792, 1220,  742,  267,  377,  413,  638,  209, 1115, 1202,  967,  644, 1175,  286, 1066,   83,  797,  935,  919,  499, 1020,  695,  685, 1195,  422,  877, 1147,  939,  505,  851,  434, 1046,  449,  962,  178,  935,  728,  635,  561, 1139, 1003, 1027,  204,  259,  440, 1332],
        [  944,    0,  522,  792,  144,  482,  790,  323,  296,  281, 1020,  435,  407,  321,  344, 1167,    0,  478,  622,  969,  789,  841,  479,  747,  704,  932,  956,  660,  730,  475,  369,  803,  290,  536,  804,  148,  488,  422,  971,  788,  907,  913,  526,  693,  717,  685,  562,  533,  873,  474,  873,  249,  353,  968,  645,  884,  236,  592,  108,  904,  802,  781,  821,  437,  591, 1072,  153,  257,  764,   73,  638,  521,  928,  213,  707,  703,  503,  911,  556,   74,  686,  495,  959,   71,  944,  574,  182,  782,  347,  761,  375,  551,  462,  510,  561,  897,  256,  789,  872,  435,  472,  751, 1067,  847,  572,  644,  257,  552,  797,  403,  196,  470,  843,  204,  618,  669,  481,  266,  676,  172,  919,  360,  865,  742,  332,  543,  606,  572,  562,  657,  899,  958,  635,  987,   49,  498,  889,  638,  685,  251,  692,  626,  429,  339,  447,  940,  811,  812,  536,  979,   69,  108,  304,  527,  341,  885,  218, 1088,  375,  585,  349,  778,  183,  506,  639,  205,  920,  340,  372,  680,  761,  316,  759,  367,  994,  407,  997,  266,  671,  941,  954,   60,  181,  398,  965,  919,  760,  258],
        [  533,    0,  264,  377,  530,  317,  500,  218,  488,  322,  600,  123,   90,  593,  307,  695,  478,    0,  318,  571,  341,  363,   70,  415,  407,  699,  489,  183,  558,  549,  549,  604,  611,  242,  353,  370,  207,  360,  519,  611,  788,  456,  349,  339,  318,  401,  108,  480,  784,   16,  637,  676,  126,  577,  423,  545,  243,  338,  381,  702,  477,  308,  634,  201,  566,  630,  328,  379,  407,  510,  619,  590,  658,  405,  426,  332,   35,  666,  588,  446,  377,  137,  561,  408,  580,  186,  332,  441,  171,  388,  325,  304,  142,  207,  349,  530,  258,  452,  481,   70,   56,  318,  622,  753,  597,  341,  269,  313,  331,  338,  288,  528,  457,  495,  390,  215,  402,  695,  234,  442,  513,  120,  608,  297,  349,  305,  641,   99,  382,  221,  694,  675,  198,  513,  515,   91,  759,  411,  244,  319,  327,  631,  241,  622,   68,  463,  366,  394,  134,  520,  433,  530,  365,   52,  585,  410,  430,  615,  104,  534,  257,  404,  326,  196,  270,  551,  532,  271,  576,  495,  386,  172,  283,  486,  621,  429,  532,  244,  448,  649,  628,  458,  309,  486,  497,  458,  284,  678],
        [  748,    0,  581,  613,  728,  633,  794,  306,  752,  592,  795,  437,  295,  844,  598,  767,  622,  318,    0,  794,  268,  447,  387,  700,   93,  998,  614,  352,  873,  848,  823,  914,  846,   93,  284,  580,  524,  667,  675,  923, 1104,  614,  140,  625,  147,  705,  385,  794, 1101,  305,  937,  864,  365,  805,  737,  813,  430,   57,  563, 1008,  760,  345,  945,  192,  880,  790,  483,  640,  682,  681,  934,  893,  948,  648,  109,  610,  292,  963,  897,  559,   68,  187,  786,  563,  830,  141,  440,  719,  300,  656,  268,  621,  201,  524,  666,  784,  505,  731,  722,  282,  268,  547,  779, 1070,  907,   25,  367,   83,  491,  251,  491,  829,  706,  726,   97,  445,  715,  882,  476,  667,  736,  373,  905,  513,  636,  623,  951,  282,  700,  473, 1000,  959,  457,  596,  669,  228, 1073,  111,  484,  375,   94,  945,  554,  872,  272,  500,  566,  623,  439,  661,  609,  711,  643,  328,  845,  511,  674,  687,  349,  849,  274,  669,  440,  512,   86,  769,  769,  562,  847,  197,  653,  424,  360,  769,  860,  728,  654,  365,  760,  931,  896,  632,  449,  777,  612,  606,  347,  870],
        [   50,    0,  452,  195,  951,  514,  260,  786,  809,  703,   82,  547,  659,  905,  643,  386,  969,  571,  794,    0,  592,  391,  527,  239,  850,  369,  265,  446,  438,  722,  816,  401,  952,  761,  586,  825,  481,  599,  190,  434,  578,  216,  885,  277,  689,  319,  464,  587,  616,  584,  345, 1079,  664,   18,  394,  152,  765,  839,  862,  419,  209,  481,  423,  761,  623,  176,  846,  750,  210,  969,  641,  729,  293,  798,  876,  266,  571,  339,  690,  965,  821,  675,   11,  905,   88,  665,  875,  206,  739,  209,  894,  433,  697,  460,  444,   98,  714,  204,   97,  640,  617,  256,  182,  594,  685,  807,  827,  832,  310,  904,  781,  703,  127,  879,  889,  364,  570, 1096,  339,  851,   60,  651,  307,  286,  674,  443,  709,  536,  465,  351,  412,  274,  374,  338,  989,  630,  547,  905,  329,  881,  739,  672,  544,  928,  636,  424,  229,  179,  455,  222,  906,  972,  706,  526,  881,  341,  813,  361,  651,  590,  827,  192,  868,  464,  711,  937,   53,  635,  845,  990,  208,  671,  450,  750,   78,  664,  260,  799,  383,  250,  178,  926,  841,  724,  281,  235,  465, 1074],
        [  542,    0,  541,  441,  862,  617,  667,  474,  828,  661,  573,  450,  387,  933,  641,  501,  789,  341,  268,  592,    0,  205,  384,  570,  284,  867,  369,  223,  793,  872,  886,  814,  951,  298,   17,  702,  500,  681,  439,  832, 1016,  386,  402,  505,  124,  605,  327,  781, 1028,  337,  814, 1007,  453,  606,  663,  651,  560,  325,  704,  891,  619,  112,  845,  373,  862,  549,  637,  719,  539,  833,  910,  909,  804,  744,  310,  483,  307,  831,  898,  740,  262,  296,  585,  721,  647,  221,  617,  578,  443,  509,  499,  571,  331,  488,  617,  608,  596,  589,  540,  360,  325,  382,  537,  997,  904,  268,  540,  341,  286,  490,  615,  850,  533,  834,  359,  312,  709, 1026,  342,  779,  537,  452,  776,  345,  685,  577,  946,  245,  656,  351,  883,  807,  347,  337,  831,  293,  983,  366,  345,  571,  181,  929,  559,  962,  347,  236,  373,  443,  392,  420,  756,  857,  704,  309,  925,  266,  770,  423,  431,  826,  472,  517,  613,  479,  191,  888,  579,  607,  914,  440,  506,  508,  148,  820,  665,  756,  404,  526,  679,  778,  727,  781,  609,  817,  363,  373,  133, 1010],
        [  342,    0,  461,  266,  882,  544,  506,  560,  806,  649,  368,  430,  442,  914,  611,  341,  841,  363,  447,  391,  205,    0,  371,  415,  482,  696,  168,  182,  657,  806,  849,  663,  943,  445,  197,  726,  439,  623,  235,  686,  866,  181,  565,  365,  317,  469,  290,  694,  886,  368,  648, 1027,  488,  406,  540,  468,  606,  500,  742,  728,  452,  103,  693,  487,  766,  347,  691,  708,  377,  870,  807,  835,  627,  744,  508,  339,  340,  660,  814,  807,  456,  395,  385,  771,  454,  348,  691,  413,  518,  347,  626,  478,  428,  421,  519,  419,  608,  423,  351,  415,  379,  222,  335,  857,  817,  453,  621,  505,  106,  625,  649,  784,  349,  836,  542,  207,  634, 1047,  224,  788,  340,  482,  608,  190,  654,  486,  856,  274,  558,  242,  720,  625,  253,  158,  877,  367,  833,  554,  222,  664,  372,  831,  511,  942,  405,  105,  189,  262,  339,  218,  794,  887,  680,  314,  900,   65,  767,  259,  467,  729,  578,  349,  685,  415,  361,  895,  384,  583,  879,  634,  343,  529,   94,  779,  467,  702,  208,  599,  550,  596,  538,  819,  671,  767,  166,  168,  102, 1028],
        [  492,    0,  194,  335,  512,  250,  436,  261,  448,  285,  563,   67,  139,  555,  258,  688,  479,   70,  387,  527,  384,  371,    0,  354,  475,  633,  477,  193,  489,  491,  503,  535,  579,  312,  395,  356,  138,  301,  496,  542,  719,  436,  416,  280,  378,  334,   83,  415,  715,   85,  570,  657,  140,  531,  354,  487,  251,  407,  376,  634,  417,  333,  565,  265,  501,  602,  337,  343,  350,  502,  553,  531,  594,  376,  495,  276,   98,  600,  526,  457,  445,  206,  517,  410,  528,  253,  354,  382,  215,  334,  380,  235,  210,  138,  279,  478,  238,  393,  434,  129,  124,  282,  596,  683,  534,  410,  301,  382,  319,  395,  284,  470,  408,  468,  459,  191,  338,  677,  201,  418,  470,  128,  542,  268,  302,  236,  578,  142,  313,  184,  626,  612,  161,  510,  512,  160,  689,  481,  211,  355,  392,  567,  179,  584,  131,  474,  338,  353,   74,  502,  427,  518,  322,   77,  545,  409,  400,  610,  124,  468,  308,  350,  347,  126,  335,  526,  485,  225,  531,  565,  332,  163,  302,  437,  571,  374,  519,  273,  378,  587,  570,  452,  324,  433,  486,  441,  307,  658],
        [  233,    0,  225,  156,  718,  278,   97,  610,  571,  474,  310,  351,  492,  667,  412,  570,  747,  415,  700,  239,  570,  415,  354,    0,  774,  301,  380,  363,  249,  489,  578,  249,  714,  644,  571,  600,  267,  362,  339,  273,  452,  315,  759,   77,  633,   83,  320,  355,  473,  430,  245,  842,  477,  233,  163,  140,  563,  734,  641,  322,   63,  466,  279,  615,  402,  391,  637,  517,   42,  740,  429,  500,  248,  566,  798,   91,  427,  266,  465,  751,  743,  543,  230,  687,  198,  560,  676,   36,  565,   70,  733,  200,  555,  249,  206,  152,  497,   43,  151,  481,  468,  194,  392,  444,  462,  718,  639,  716,  309,  749,  568,  468,  123,  643,  786,  265,  332,  859,  234,  618,  206,  463,  208,  230,  439,  209,  491,  419,  228,  231,  314,  262,  244,  452,  763,  494,  419,  806,  228,  694,  670,  458,  319,  690,  481,  495,  234,  168,  282,  365,  682,  741,  471,  383,  643,  397,  579,  518,  469,  366,  660,   73,  668,  256,  627,  701,  187,  408,  608,  893,   74,  470,  425,  512,  248,  426,  402,  611,  159,  235,  219,  701,  638,  486,  398,  334,  440,  837],
        [  802,    0,  668,  676,  815,  723,  869,  393,  843,  684,  843,  527,  388,  935,  691,  782,  704,  407,   93,  850,  284,  482,  475,  774,    0, 1074,  649,  417,  957,  941,  916,  995,  936,  184,  297,  670,  612,  759,  715, 1006, 1188,  658,  191,  700,  165,  785,  465,  885, 1187,  394, 1014,  948,  457,  862,  821,  881,  520,  112,  650, 1087,  832,  380, 1026,  282,  971,  828,  569,  732,  753,  765, 1024,  985, 1021,  739,   27,  684,  378, 1039,  988,  638,   32,  278,  842,  648,  892,  224,  523,  791,  390,  726,  338,  707,  293,  610,  753,  848,  597,  803,  783,  373,  358,  611,  816, 1156,  998,   69,  452,  152,  541,  316,  581,  921,  769,  816,  105,  513,  805,  967,  545,  757,  792,  465,  981,  575,  728,  709, 1043,  360,  787,  544, 1079, 1030,  531,  621,  752,  318, 1157,   99,  552,  455,  112, 1035,  644,  962,  363,  518,  622,  684,  523,  699,  695,  796,  735,  411,  936,  545,  765,  705,  441,  939,  356,  737,  523,  599,  148,  858,  828,  654,  939,  158,  723,  516,  403,  862,  919,  820,  686,  452,  843, 1002,  962,  718,  534,  869,  644,  647,  389,  955],
        [  404,    0,  458,  431,  861,  461,  206,  872,  683,  654,  446,  612,  767,  750,  593,  754,  932,  699,  998,  369,  867,  696,  633,  301, 1074,    0,  615,  664,  207,  532,  654,  132,  806,  936,  867,  787,  515,  511,  550,  156,  217,  555, 1047,  375,  934,  299,  614,  416,  265,  714,   64,  955,  737,  352,  299,  234,  797, 1029,  836,   60,  249,  760,  123,  897,  399,  540,  856,  677,  329,  905,  386,  514,   77,  725, 1098,  392,  717,   37,  467,  956, 1043,  833,  367,  885,  281,  857,  907,  290,  831,  358, 1002,  417,  841,  505,  388,  291,  710,  279,  354,  761,  754,  486,  548,  250,  454, 1017,  887, 1009,  593, 1021,  784,  521,  349,  777, 1081,  566,  453,  968,  534,  774,  388,  722,   94,  523,  601,  421,  457,  717,  376,  532,   57,  101,  544,  691,  935,  784,  190, 1102,  529,  942,  971,  417,  536,  764,  764,  760,  508,  434,  567,  581,  864,  895,  629,  675,  721,  664,  728,  728,  734,  383,  927,  351,  899,  515,  926,  825,  341,  607,  677, 1188,  362,  712,  720,  608,  307,  538,  621,  860,  271,  120,  194,  877,  866,  574,  633,  575,  735,  946],
        [  219,    0,  506,  230,  977,  587,  454,  701,  874,  732,  219,  525,  576,  980,  684,  216,  956,  489,  614,  265,  369,  168,  477,  380,  649,  615,    0,  313,  627,  840,  904,  614, 1017,  608,  359,  828,  504,  674,   78,  643,  809,   66,  730,  360,  485,  454,  395,  714,  839,  498,  579, 1118,  610,  282,  534,  382,  725,  667,  851,  658,  395,  271,  641,  640,  774,  180,  812,  788,  339,  975,  806,  860,  541,  830,  675,  335,  474,  582,  831,  931,  624,  548,  262,  886,  344,  509,  821,  364,  656,  313,  780,  509,  578,  482,  541,  325,  709,  371,  263,  550,  517,  229,  168,  813,  831,  621,  756,  671,  159,  782,  760,  818,  276,  920,  710,  287,  668, 1138,  285,  878,  229,  600,  538,  221,  723,  519,  864,  415,  576,  305,  650,  530,  325,   76,  987,  513,  777,  721,  277,  804,  540,  834,  578, 1007,  542,  164,  165,  214,  424,   52,  902,  988,  753,  438,  962,  104,  851,  146,  590,  737,  726,  307,  815,  480,  528,  980,  277,  662,  935,  801,  309,  640,  257,  834,  342,  751,   44,  732,  535,  503,  435,  926,  796,  816,   19,   48,  268, 1117],
        [  400,    0,  321,  261,  703,  400,  459,  388,  637,  476,  455,  256,  265,  745,  444,  514,  660,  183,  352,  446,  223,  182,  193,  363,  417,  664,  313,    0,  573,  659,  687,  598,  770,  317,  229,  546,  285,  470,  353,  614,  799,  290,  441,  292,  271,  387,  117,  561,  808,  189,  606,  849,  308,  456,  441,  465,  425,  395,  561,  682,  418,  145,  629,  331,  641,  468,  511,  535,  338,  689,  688,  693,  607,  568,  442,  273,  163,  628,  680,  628,  386,  240,  437,  590,  479,  220,  513,  377,  344,  310,  470,  349,  268,  271,  395,  433,  429,  388,  370,  238,  204,  196,  459,  777,  685,  367,  445,  387,  159,  475,  468,  637,  354,  660,  445,   98,  492,  868,  130,  610,  386,  301,  570,  161,  488,  355,  727,  102,  434,  133,  674,  615,  126,  331,  696,  201,  766,  462,  136,  492,  310,  708,  350,  773,  230,  283,  220,  272,  176,  350,  613,  707,  511,  133,  733,  229,  592,  433,  286,  605,  414,  321,  507,  262,  271,  718,  418,  413,  716,  548,  307,  348,  110,  619,  509,  547,  357,  422,  458,  586,  546,  638,  491,  611,  319,  288,  117,  850],
        [  453,    0,  297,  404,  655,  275,  181,  703,  477,  456,  519,  452,  611,  546,  396,  807,  730,  558,  873,  438,  793,  657,  489,  249,  957,  207,  627,  573,    0,  330,  450,   75,  601,  800,  796,  587,  356,  310,  579,   60,  231,  561,  900,  293,  835,  190,  494,  210,  236,  573,  156,  749,  569,  425,  136,  288,  612,  895,  637,  174,  238,  695,   92,  745,  204,  610,  664,  473,  290,  700,  208,  320,  226,  520,  978,  318,  582,  194,  274,  758,  926,  695,  432,  686,  361,  734,  720,  263,  665,  318,  835,  255,  696,  352,  214,  341,  520,  257,  377,  611,  612,  436,  614,  205,  264,  894,  708,  870,  552,  857,  592,  318,  356,  570,  947,  481,  249,  763,  452,  569,  428,  555,  167,  467,  399,  255,  279,  600,  190,  443,  169,  263,  447,  699,  730,  648,  201,  969,  450,  761,  863,  240,  357,  562,  616,  741,  481,  416,  435,  607,  662,  689,  426,  546,  517,  644,  523,  761,  570,  181,  760,  321,  711,  363,  811,  619,  392,  415,  474, 1053,  322,  536,  654,  402,  407,  332,  646,  682,  116,  258,  310,  674,  678,  368,  644,  580,  668,  740],
        [  721,    0,  346,  615,  363,  263,  473,  587,  181,  270,  797,  428,  553,  221,  251, 1046,  475,  549,  848,  722,  872,  806,  491,  489,  941,  532,  840,  659,  330,    0,  127,  403,  278,  759,  881,  361,  375,  192,  816,  376,  447,  777,  823,  483,  866,  406,  546,  136,  406,  559,  486,  430,  486,  713,  328,  587,  461,  850,  411,  487,  515,  803,  409,  673,  136,  879,  471,  245,  525,  424,  170,   49,  556,  273,  956,  507,  582,  523,   82,  526,  913,  664,  714,  455,  661,  731,  537,  519,  568,  541,  711,  333,  648,  390,  299,  627,  362,  520,  639,  568,  589,  614,  879,  384,   99,  872,  561,  814,  716,  739,  413,   23,  611,  280,  895,  600,  173,  441,  583,  303,  694,  476,  495,  631,  216,  324,  132,  632,  266,  565,  484,  592,  555,  901,  459,  630,  436,  918,  587,  601,  873,  153,  314,  233,  579,  907,  676,  634,  483,  837,  414,  403,  218,  567,  191,  819,  260,  984,  500,  150,  644,  553,  530,  398,  815,  314,  671,  287,  146,  990,  544,  429,  765,  109,  711,  121,  871,  543,  341,  585,  629,  416,  498,   83,  855,  793,  775,  420],
        [  809,    0,  399,  688,  244,  318,  577,  538,   80,  233,  886,  436,  533,   97,  245, 1116,  369,  549,  823,  816,  886,  849,  503,  578,  916,  654,  904,  687,  450,  127,    0,  523,  153,  732,  897,  279,  410,  231,  889,  498,  572,  845,  778,  558,  863,  497,  571,  243,  529,  556,  605,  304,  461,  808,  425,  689,  407,  816,  324,  611,  612,  831,  532,  638,  261,  963,  396,  185,  611,  310,  295,  162,  674,  191,  928,  580,  583,  643,  206,  428,  890,  646,  807,  361,  761,  720,  462,  611,  529,  622,  652,  398,  625,  429,  375,  724,  319,  613,  727,  553,  580,  676,  962,  508,  222,  848,  501,  779,  768,  680,  351,  134,  698,  166,  858,  643,  247,  316,  632,  204,  781,  455,  611,  687,  201,  388,  247,  642,  351,  612,  608,  709,  598,  959,  346,  620,  562,  881,  637,  532,  861,  275,  339,  115,  565,  952,  740,  708,  513,  908,  315,  286,  185,  578,   69,  870,  170, 1049,  479,  272,  592,  636,  456,  435,  802,  191,  764,  279,   32,  946,  625,  401,  796,   70,  813,  155,  938,  487,  442,  700,  738,  311,  427,   92,  919,  859,  803,  294],
        [  423,    0,  349,  401,  729,  339,  161,  761,  551,  527,  483,  506,  664,  620,  466,  781,  803,  604,  914,  401,  814,  663,  535,  249,  995,  132,  614,  598,   75,  403,  523,    0,  675,  845,  816,  659,  408,  382,  559,   35,  204,  549,  950,  309,  865,  212,  530,  285,  226,  619,   84,  824,  626,  387,  184,  250,  677,  940,  708,  105,  220,  712,   32,  796,  273,  577,  732,  546,  287,  774,  268,  389,  158,  594, 1018,  331,  626,  120,  342,  829,  964,  740,  397,  757,  318,  774,  786,  253,  722,  317,  893,  307,  744,  401,  271,  307,  587,  245,  354,  661,  659,  443,  582,  200,  331,  934,  771,  916,  557,  914,  660,  391,  338,  645,  992,  503,  322,  837,  472,  643,  401,  612,  104,  477,  471,  309,  340,  636,  253,  466,   99,  194,  473,  688,  804,  692,  171, 1013,  469,  825,  897,  300,  419,  635,  665,  740,  480,  410,  476,  588,  735,  763,  499,  587,  591,  643,  597,  742,  626,  253,  818,  316,  778,  412,  848,  693,  360,  482,  547, 1098,  321,  597,  670,  476,  360,  406,  628,  744,  158,  194,  254,  747,  744,  443,  632,  569,  685,  815],
