{
    "name": "random-56-17185",
    "comment": "size=56 seed=17185",
    "nodes": ["+0", "-0", "+1", "-1", "+2", "-2", "+3", "-3", "+4", "-4", "+5", "-5", "+6", "-6", "+7", "-7", "+8", "-8", "+9", "-9", "+10", "-10", "+11", "-11", "+12", "-12", "+13", "-13", "+14", "-14", "+15", "-15", "+16", "-16", "+17", "-17", "+18", "-18", "+19", "-19", "+20", "-20", "+21", "-21", "+22", "-22", "+23", "-23", "+24", "-24", "+25", "-25", "+26", "-26", "+27", "-27", "+28", "-28", "+29", "-29", "+30", "-30", "+31", "-31", "+32", "-32", "+33", "-33", "+34", "-34", "+35", "-35", "+36", "-36", "+37", "-37", "+38", "-38", "+39", "-39", "+40", "-40", "+41", "-41", "+42", "-42", "+43", "-43", "+44", "-44", "+45", "-45", "+46", "-46", "+47", "-47", "+48", "-48", "+49", "-49", "+50", "-50", "+51", "-51", "+52", "-52", "+53", "-53", "+54", "-54", "+55", "-55", "+56", "-56"],
    "precedence": {
        "+0": "-0",
        "+1": "-1",
        "+2": "-2",
        "+3": "-3",
        "+4": "-4",
        "+5": "-5",
        "+6": "-6",
        "+7": "-7",
        "+8": "-8",
        "+9": "-9",
        "+10": "-10",
        "+11": "-11",
        "+12": "-12",
        "+13": "-13",
        "+14": "-14",
        "+15": "-15",
        "+16": "-16",
        "+17": "-17",
        "+18": "-18",
        "+19": "-19",
        "+20": "-20",
        "+21": "-21",
        "+22": "-22",
        "+23": "-23",
        "+24": "-24",
        "+25": "-25",
        "+26": "-26",
        "+27": "-27",
        "+28": "-28",
        "+29": "-29",
        "+30": "-30",
        "+31": "-31",
        "+32": "-32",
        "+33": "-33",
        "+34": "-34",
        "+35": "-35",
        "+36": "-36",
        "+37": "-37",
        "+38": "-38",
        "+39": "-39",
        "+40": "-40",
        "+41": "-41",
        "+42": "-42",
        "+43": "-43",
        "+44": "-44",
        "+45": "-45",
        "+46": "-46",
        "+47": "-47",
        "+48": "-48",
        "+49": "-49",
        "+50": "-50",
        "+51": "-51",
        "+52": "-52",
        "+53": "-53",
        "+54": "-54",
        "+55": "-55",
        "+56": "-56"
    },
    "edges": [
        [    0,    0,  716,  652,  795,  580,  689,  861,  519,  770,  508,  898,  871,  792,  581,  769,  882, 1048,  284,  923,  148,  748,  631,  494,  699,  975,  635,  441,  345,  671,  126,  273,  777,  284,  197,  213,  338,   97,  385,  700,  260,  822,  112,  672,  414,  112,  478,  639,  805,  646,  769,  128,  337,  110,  809,  583,  628, 1063,  464,  644,  645,  697,  529,  735,  112,  404,  739,   80,  312,  942,  839,  168,  696,  754,  325,  665,  623,  653, 1049,  184,  251,  990,  968,  665,   66,  672,  505,  579,  322, 1004,  191,  606,  321,  646,  266,  786,  642,  481,  929,  118,  719,  329,  389,  221,  843,  476,  471,  681,  569,  469,  482,  374,  818,  300],
        [    0,    0,    0,    0,    0,    0,    0,    0,    0,    0,    0,    0,    0,    0,    0,    0,    0,    0,    0,    0,    0,    0,    0,    0,    0,    0,    0,    0,    0,    0,    0,    0,    0,    0,    0,    0,    0,    0,    0,    0,    0,    0,    0,    0,    0,    0,    0,    0,    0,    0,    0,    0,    0,    0,    0,    0,    0,    0,    0,    0,    0,    0,    0,    0,    0,    0,    0,    0,    0,    0,    0,    0,    0,    0,    0,    0,    0,    0,    0,    0,    0,    0,    0,    0,    0,    0,    0,    0,    0,    0,    0,    0,    0,    0,    0,    0,    0,    0,    0,    0,    0,    0,    0,    0,    0,    0,    0,    0,    0,    0,    0,    0,    0,    0],
        [  716,    0,    0,  244,  510,  136,  175,  272,  197,  255,  296,  184,  345,  742,  563,  187,  217,  335,  584,  294,  570,  548,  442,  225,  727,  263,  438,  301,  816,  462,  617,  476,  522,  903,  615,  538,  706,  692,  446,  468,  841,  475,  635,  197,  571,  822,  327,  344,  748,   71,  203,  741,  467,  817,  501,  664,  465,  348,  516,  140,  207,  222,  670,  591,  826,  589,  314,  783,  682,  227,  159,  876,  369,  159,  641,  127,  213,  226,  336,  719,  663,  277,  253,  170,  705,  313,  460,  613,  456,  290,  552,  397,  689,  676,  452,  585,  289,  364,  227,  637,  133,  527,  746,  573,  767,  264,  772,  197,  213,  651,  688,  623,  206,  874],
        [  652,    0,  244,    0,  721,  231,   77,  515,  230,  119,  418,  367,  586,  920,  708,  138,  453,  510,  438,  534,  523,  743,  201,  225,  883,  448,  614,  222,  852,  647,  589,  487,  728,  895,  497,  534,  757,  598,  291,  226,  842,  696,  549,  406,  660,  743,  176,  101,  928,  230,  131,  717,  331,  735,  716,  435,  224,  504,  627,  335,   39,   51,  450,  777,  752,  400,  107,  702,  727,  403,  247,  819,  131,  398,  694,  335,   48,  425,  512,  717,  689,  418,  411,   74,  664,  514,  588,  752,  337,  466,  538,  567,  523,  825,  428,  784,   46,  187,  340,  547,  365,  374,  808,  583,  953,  343,  855,  410,  105,  751,  479,  442,  449,  880],
        [  795,    0,  510,  721,    0,  494,  670,  326,  521,  762,  355,  566,  251,  272,  252,  697,  428,  624,  847,  383,  677,   81,  893,  546,  310,  578,  162,  624,  662,  125,  670,  539,   30,  818,  823,  588,  557,  835,  769,  940,  752,   62,  783,  318,  406,  899,  703,  809,  273,  494,  712,  734,  758,  901,   23, 1061,  913,  666,  340,  387,  683,  717, 1043,  135,  892,  918,  812,  874,  556,  587,  645,  896,  851,  364,  518,  391,  677,  296,  623,  677,  588,  656,  622,  657,  746,  208,  291,  290,  729,  606,  611,  201,  959,  293,  592,   91,  760,  747,  661,  790,  379,  819,  556,  576,  279,  438,  524,  316,  639,  411, 1036,  933,  358,  764],
        [  580,    0,  136,  231,  494,    0,  197,  343,   64,  301,  196,  319,  396,  690,  485,  255,  324,  469,  466,  386,  434,  512,  402,   96,  657,  396,  384,  182,  692,  417,  482,  343,  499,  771,  488,  404,  585,  559,  338,  446,  709,  474,  502,  188,  462,  687,  233,  315,  698,   66,  265,  606,  350,  682,  491,  593,  422,  484,  416,  119,  195,  239,  588,  546,  691,  488,  331,  648,  559,  362,  278,  740,  359,  218,  519,  129,  185,  201,  470,  586,  535,  413,  389,  177,  569,  286,  369,  531,  334,  425,  417,  337,  575,  601,  317,  554,  267,  276,  358,  505,  178,  413,  628,  441,  722,  139,  663,  195,  147,  548,  596,  518,  283,  743],
        [  689,    0,  175,   77,  670,  197,    0,  445,  217,  105,  392,  291,  519,  883,  681,   80,  379,  436,  496,  460,  553,  698,  276,  223,  853,  373,  575,  249,  861,  606,  614,  498,  679,  918,  548,  551,  761,  643,  348,  295,  861,  640,  591,  352,  651,  785,  226,  176,  890,  176,   82,  743,  384,  778,  664,  511,  300,  432,  609,  283,   52,   49,  525,  736,  793,  468,  143,  744,  732,  328,  175,  856,  195,  333,  696,  279,   72,  375,  438,  736,  699,  346,  337,   25,  694,  465,  565,  727,  384,  392,  558,  530,  587,  797,  448,  738,  122,  248,  271,  591,  302,  433,  808,  596,  913,  326,  850,  355,  120,  739,  552,  509,  380,  899],
        [  861,    0,  272,  515,  326,  343,  445,    0,  401,  512,  355,  251,   87,  595,  493,  440,  106,  301,  802,   70,  717,  392,  712,  434,  616,  253,  346,  522,  854,  347,  742,  590,  350,  980,  811,  654,  739,  864,  680,  739,  913,  271,  806,  190,  580,  972,  574,  614,  597,  301,  457,  847,  689,  969,  308,  927,  735,  341,  509,  234,  478,  491,  927,  447,  971,  831,  580,  937,  725,  265,  357, 1002,  639,  126,  681,  218,  482,  210,  300,  807,  730,  333,  299,  442,  831,  224,  442,  544,  670,  281,  674,  332,  913,  581,  603,  416,  560,  616,  349,  811,  166,  753,  761,  669,  604,  391,  758,  181,  471,  631,  938,  860,   66,  937],
        [  519,    0,  197,  230,  521,   64,  217,  401,    0,  321,  190,  380,  447,  696,  479,  286,  386,  531,  404,  447,  374,  530,  375,   34,  654,  458,  395,  123,  649,  431,  425,  292,  522,  719,  424,  351,  546,  496,  280,  427,  659,  507,  439,  232,  435,  626,  186,  299,  705,  128,  294,  551,  290,  620,  520,  548,  394,  545,  397,  169,  199,  251,  539,  558,  629,  433,  336,  586,  518,  424,  328,  681,  350,  276,  481,  184,  183,  238,  533,  535,  489,  471,  449,  194,  511,  316,  358,  522,  272,  487,  362,  347,  514,  596,  258,  573,  258,  230,  413,  441,  236,  353,  593,  391,  732,  113,  634,  240,  130,  524,  544,  460,  342,  695],
        [  770,    0,  255,  119,  762,  301,  105,  512,  321,    0,  496,  315,  592,  983,  784,   73,  431,  440,  553,  515,  640,  795,  263,  324,  956,  388,  675,  337,  960,  705,  705,  596,  773, 1011,  615,  646,  862,  716,  407,  257,  956,  729,  668,  445,  755,  862,  295,  175,  990,  274,   55,  834,  449,  854,  754,  508,  287,  425,  714,  379,  130,   75,  534,  835,  871,  504,   81,  821,  833,  342,  180,  938,  159,  412,  798,  372,  152,  471,  442,  831,  798,  339,  340,  128,  781,  560,  669,  831,  455,  399,  652,  631,  632,  901,  541,  834,  140,  303,  261,  666,  387,  489,  911,  693, 1012,  431,  954,  447,  212,  843,  570,  548,  449,  994],
        [  508,    0,  296,  418,  355,  196,  392,  355,  190,  496,    0,  453,  364,  507,  291,  449,  392,  584,  499,  420,  368,  350,  560,  206,  465,  514,  212,  273,  530,  250,  388,  236,  351,  636,  486,  300,  417,  521,  415,  615,  571,  357,  464,  169,  276,  619,  356,  488,  516,  238,  460,  494,  404,  617,  360,  708,  577,  610,  223,  169,  384,  432,  688,  373,  617,  564,  522,  586,  395,  493,  454,  648,  540,  261,  353,  190,  371,  146,  585,  457,  387,  556,  526,  371,  477,  175,  173,  336,  376,  545,  320,  164,  612,  408,  260,  394,  447,  399,  518,  470,  234,  466,  452,  316,  544,   86,  477,  178,  319,  357,  681,  580,  319,  599],
        [  898,    0,  184,  367,  566,  319,  291,  251,  380,  315,  453,    0,  337,  827,  683,  247,  147,  154,  759,  225,  752,  623,  562,  408,  831,   84,  543,  480,  982,  557,  798,  654,  586, 1079,  795,  717,  869,  875,  616,  568, 1015,  515,  818,  307,  724, 1005,  494,  463,  830,  253,  263,  920,  643, 1000,  551,  801,  586,  165,  662,  285,  340,  326,  816,  674, 1009,  751,  393,  966,  847,   44,  135, 1058,  467,  219,  805,  263,  354,  341,  155,  895,  834,  104,   74,  301,  887,  408,  599,  736,  634,  108,  732,  512,  861,  788,  635,  652,  411,  525,   99,  820,  228,  700,  904,  749,  841,  438,  921,  302,  376,  795,  841,  789,  208, 1046],
        [  871,    0,  345,  586,  251,  396,  519,   87,  447,  592,  364,  337,    0,  523,  447,  521,  191,  375,  840,  133,  731,  324,  781,  479,  553,  334,  304,  569,  830,  296,  749,  598,  278,  966,  841,  660,  716,  884,  726,  812,  898,  193,  827,  219,  556,  982,  628,  685,  524,  363,  538,  844,  731,  980,  232,  987,  803,  417,  483,  279,  548,  567,  983,  380,  979,  879,  657,  949,  705,  350,  442, 1004,  713,  188,  662,  268,  550,  226,  374,  799,  717,  416,  383,  514,  836,  204,  417,  497,  709,  360,  682,  302,  953,  524,  622,  342,  630,  671,  435,  832,  224,  795,  732,  668,  528,  416,  720,  210,  532,  595,  990,  905,  144,  920],
        [  792,    0,  742,  920,  272,  690,  883,  595,  696,  983,  507,  827,  523,    0,  235,  924,  696,  895,  930,  654,  713,  205, 1066,  713,  102,  847,  308,  772,  549,  280,  678,  593,  246,  718,  881,  618,  476,  858,  891, 1122,  662,  333,  817,  547,  382,  879,  857,  994,   14,  710,  938,  695,  866,  883,  292, 1191, 1082,  936,  354,  606,  884,  927, 1161,  154,  866, 1025, 1021,  865,  492,  851,  891,  845, 1045,  614,  469,  617,  873,  517,  894,  630,  546,  921,  887,  865,  731,  431,  355,  217,  835,  875,  639,  354, 1031,  147,  667,  182,  952,  898,  919,  827,  620,  919,  448,  584,   52,  590,  382,  547,  825,  326, 1141, 1027,  621,  659],
        [  581,    0,  563,  708,  252,  485,  681,  493,  479,  784,  291,  683,  447,  235,    0,  732,  576,  783,  697,  562,  486,  183,  840,  492,  176,  723,  147,  543,  410,  153,  460,  361,  225,  568,  651,  392,  308,  637,  657,  899,  504,  302,  593,  379,  169,  677,  629,  775,  246,  517,  745,  501,  632,  680,  272,  957,  855,  819,  123,  423,  675,  722,  927,  157,  667,  790,  812,  658,  310,  716,  720,  661,  828,  466,  275,  439,  661,  346,  783,  440,  350,  785,  752,  661,  524,  279,  124,   53,  601,  754,  414,  172,  799,  118,  433,  213,  736,  669,  767,  602,  459,  684,  304,  364,  281,  369,  277,  383,  608,  160,  907,  793,  495,  514],
        [  769,    0,  187,  138,  697,  255,   80,  440,  286,   73,  449,  247,  521,  924,  732,    0,  359,  380,  572,  443,  632,  733,  319,  297,  902,  323,  617,  329,  934,  645,  693,  573,  709,  996,  626,  628,  832,  722,  425,  322,  938,  661,  671,  382,  715,  865,  304,  223,  931,  216,   18,  822,  462,  858,  688,  562,  343,  370,  670,  319,  128,   89,  582,  774,  873,  537,  148,  824,  804,  277,  116,  935,  221,  342,  767,  309,  150,  409,  382,  813,  774,  283,  280,  104,  774,  498,  621,  781,  463,  338,  636,  574,  660,  848,  526,  771,  175,  322,  205,  670,  319,  509,  878,  672,  951,  391,  916,  383,  200,  802,  614,  580,  377,  975],
        [  882,    0,  217,  453,  428,  324,  379,  106,  386,  431,  392,  147,  191,  696,  576,  359,    0,  208,  789,   85,  735,  492,  653,  419,  710,  152,  430,  504,  913,  437,  770,  619,  451, 1028,  809,  684,  799,  874,  656,  672,  962,  375,  816,  225,  644,  992,  541,  554,  698,  267,  377,  883,  673,  988,  412,  880,  677,  245,  576,  238,  419,  422,  886,  545,  993,  802,  505,  955,  781,  160,  264, 1032,  570,  131,  737,  217,  427,  255,  208,  849,  778,  228,  195,  381,  860,  298,  510,  628,  657,  181,  702,  408,  897,  672,  618,  517,  499,  580,  246,  819,  164,  735,  826,  706,  706,  406,  831,  217,  429,  704,  904,  835,   82,  989],
        [ 1048,    0,  335,  510,  624,  469,  436,  301,  531,  440,  584,  154,  375,  895,  783,  380,  208,    0,  912,  243,  901,  692,  698,  560,  915,   74,  638,  633, 1112,  643,  945,  797,  649, 1218,  948,  862,  998, 1027,  769,  696, 1153,  567,  970,  424,  846, 1156,  646,  602,  896,  404,  394, 1064,  796, 1151,  606,  941,  722,   45,  780,  419,  487,  466,  960,  747, 1159,  901,  520, 1117,  978,  112,  266, 1206,  598,  329,  935,  397,  503,  456,    3, 1036,  970,  105,  101,  449, 1034,  506,  714,  836,  787,   46,  878,  615, 1013,  878,  783,  714,  552,  676,  181,  972,  351,  853, 1028,  890,  902,  581, 1037,  417,  528,  910,  988,  940,  289, 1182],
        [  284,    0,  584,  438,  847,  466,  496,  802,  404,  553,  499,  759,  840,  930,  697,  572,  789,  912,    0,  850,  240,  826,  362,  371,  852,  842,  691,  285,  601,  731,  304,  337,  838,  567,   88,  324,  555,  196,  148,  429,  536,  855,  176,  622,  558,  339,  270,  394,  942,  523,  567,  398,  118,  329,  855,  306,  356,  917,  576,  569,  445,  488,  258,  831,  353,  123,  503,  301,  523,  801,  667,  433,  445,  679,  515,  585,  424,  616,  914,  434,  463,  834,  819,  476,  329,  671,  585,  716,  132,  867,  308,  648,  114,  793,  264,  869,  414,  251,  762,  168,  639,   64,  612,  372,  977,  428,  688,  631,  387,  640,  221,  104,  745,  577],
        [  923,    0,  294,  534,  383,  386,  460,   70,  447,  515,  420,  225,  133,  654,  562,  443,   85,  243,  850,    0,  778,  453,  734,  480,  680,  206,  415,  567,  924,  414,  806,  654,  409, 1049,  864,  718,  809,  922,  723,  755,  982,  325,  864,  252,  650, 1034,  612,  634,  655,  336,  461,  913,  736, 1031,  364,  957,  757,  285,  579,  286,  499,  505,  961,  509, 1033,  872,  588,  998,  794,  228,  348, 1067,  653,  173,  750,  267,  506,  275,  242,  874,  798,  291,  259,  461,  895,  294,  512,  613,  718,  230,  738,  402,  961,  648,  662,  473,  579,  652,  321,  868,  212,  799,  831,  735,  660,  449,  828,  243,  503,  701,  976,  903,  107, 1006],
        [  148,    0,  570,  523,  677,  434,  553,  717,  374,  640,  368,  752,  731,  713,  486,  632,  735,  901,  240,  778,    0,  639,  534,  350,  628,  828,  515,  305,  371,  554,   73,  140,  661,  376,  172,   95,  317,  159,  286,  604,  329,  698,  107,  527,  332,  257,  354,  524,  725,  500,  634,  196,  240,  254,  689,  541,  536,  917,  365,  498,  512,  566,  496,  634,  259,  357,  617,  221,  284,  796,  697,  308,  584,  608,  276,  519,  490,  510,  902,  210,  224,  845,  822,  529,  142,  536,  391,  496,  215,  857,   74,  481,  324,  570,  119,  679,  520,  367,  785,  116,  573,  258,  374,  135,  763,  330,  449,  537,  433,  408,  460,  343,  673,  369],
        [  748,    0,  548,  743,   81,  512,  698,  392,  530,  795,  350,  623,  324,  205,  183,  733,  492,  692,  826,  453,  639,    0,  904,  551,  231,  643,  139,  623,  591,  100,  624,  504,   51,  751,  793,  547,  490,  795,  760,  955,  686,  141,  746,  352,  346,  850,  705,  825,  207,  523,  748,  678,  744,  852,  103, 1056,  923,  733,  286,  416,  706,  744, 1034,   56,  841,  905,  839,  827,  492,  647,  691,  839,  871,  412,  456,  424,  697,  324,  692,  619,  529,  717,  683,  683,  696,  235,  248,  215,  714,  671,  570,  187,  935,  213,  564,   44,  779,  748,  716,  754,  421,  802,  485,  528,  221,  435,  448,  351,  654,  340, 1023,  916,  417,  696],
        [  631,    0,  442,  201,  893,  402,  276,  712,  375,  263,  560,  562,  781, 1066,  840,  319,  653,  698,  362,  734,  534,  904,    0,  355, 1015,  641,  769,  299,  897,  806,  606,  550,  896,  904,  443,  578,  821,  553,  249,   71,  861,  875,  520,  587,  758,  700,  213,  100, 1075,  419,  305,  725,  297,  690,  892,  245,   25,  687,  741,  517,  235,  236,  274,  932,  713,  275,  187,  660,  788,  595,  434,  790,  109,  593,  763,  521,  231,  602,  700,  743,  738,  600,  598,  273,  661,  686,  716,  878,  320,  656,  574,  721,  410,  955,  474,  947,  155,  180,  521,  514,  557,  305,  876,  631, 1104,  476,  937,  593,  256,  850,  315,  321,  647,  902],
        [  494,    0,  225,  225,  546,   96,  223,  434,   34,  324,  206,  408,  479,  713,  492,  297,  419,  560,  371,  480,  350,  551,  355,    0,  667,  487,  415,   90,  639,  452,  404,  277,  546,  702,  393,  333,  539,  467,  248,  410,  644,  535,  411,  264,  436,  599,  158,  284,  722,  158,  302,  531,  257,  593,  546,  519,  372,  572,  403,  202,  198,  252,  508,  578,  603,  400,  331,  559,  510,  451,  348,  657,  338,  309,  474,  216,  179,  268,  561,  519,  478,  497,  475,  198,  489,  343,  369,  533,  239,  515,  343,  367,  481,  608,  236,  595,  247,  202,  436,  413,  269,  320,  587,  376,  750,  123,  632,  272,  121,  526,  512,  427,  375,  680],
        [  699,    0,  727,  883,  310,  657,  853,  616,  654,  956,  465,  831,  553,  102,  176,  902,  710,  915,  852,  680,  628,  231, 1015,  667,    0,  861,  291,  717,  447,  275,  589,  516,  281,  616,  799,  535,  377,  769,  826, 1074,  561,  372,  731,  535,  297,  782,  803,  950,  115,  686,  915,  598,  797,  787,  332, 1124, 1029,  954,  282,  587,  849,  896, 1091,  176,  769,  953,  986,  770,  394,  860,  881,  746, 1003,  614,  374,  601,  836,  503,  914,  533,  450,  930,  896,  834,  636,  425,  299,  140,  766,  890,  555,  330,  950,   61,  594,  227,  912,  843,  920,  740,  613,  846,  347,  497,  153,  544,  281,  538,  784,  230, 1068,  952,  632,  558],
        [  975,    0,  263,  448,  578,  396,  373,  253,  458,  388,  514,   84,  334,  847,  723,  323,  152,   74,  842,  206,  828,  643,  641,  487,  861,    0,  578,  561, 1042,  587,  872,  725,  602, 1146,  876,  789,  928,  954,  700,  644, 1081,  523,  897,  356,  779, 1083,  577,  543,  849,  331,  338,  991,  725, 1078,  561,  881,  665,   98,  713,  347,  422,  406,  897,  696, 1086,  834,  467, 1044,  908,   47,  209, 1133,  543,  262,  865,  325,  437,  389,   75,  963,  899,   87,   59,  384,  960,  445,  649,  775,  716,   32,  805,  553,  944,  821,  710,  668,  491,  609,  139,  899,  281,  783,  960,  818,  857,  508,  971,  350,  459,  844,  923,  872,  230, 1111],
        [  635,    0,  438,  614,  162,  384,  575,  346,  395,  675,  212,  543,  304,  308,  147,  617,  430,  638,  691,  415,  515,  139,  769,  415,  291,  578,    0,  485,  532,   41,  509,  377,  148,  678,  662,  427,  421,  673,  622,  822,  611,  189,  621,  245,  262,  741,  567,  693,  315,  402,  631,  580,  606,  741,  175,  918,  787,  674,  191,  300,  578,  620,  896,  164,  734,  767,  714,  714,  414,  574,  591,  742,  740,  325,  373,  312,  568,  213,  637,  526,  438,  643,  610,  558,  587,  135,  133,  199,  577,  609,  450,   49,  801,  245,  432,  183,  648,  610,  630,  629,  323,  665,  431,  416,  339,  297,  417,  247,  522,  292,  885,  779,  350,  628],
        [  441,    0,  301,  222,  624,  182,  249,  522,  123,  337,  273,  480,  569,  772,  543,  329,  504,  633,  285,  567,  305,  623,  299,   90,  717,  561,  485,    0,  632,  523,  368,  269,  622,  674,  316,  312,  542,  401,  158,  362,  620,  617,  347,  352,  462,  540,   86,  249,  782,  239,  330,  497,  169,  533,  626,  437,  312,  641,  442,  291,  208,  263,  423,  644,  547,  311,  323,  499,  511,  523,  402,  607,  308,  398,  480,  306,  186,  354,  634,  495,  469,  562,  544,  225,  446,  425,  419,  580,  156,  588,  316,  437,  394,  657,  206,  667,  228,  127,  495,  347,  358,  232,  594,  362,  812,  188,  648,  360,  129,  555,  423,  338,  463,  659],
        [  345,    0,  816,  852,  662,  692,  861,  854,  649,  960,  530,  982,  830,  549,  410,  934,  913, 1112,  601,  924,  371,  591,  897,  639,  447, 1042,  532,  632,    0,  553,  300,  365,  635,  170,  520,  322,  115,  439,  654,  967,  119,  709,  430,  690,  275,  386,  702,  875,  561,  750,  941,  217,  609,  395,  681,  906,  902, 1139,  347,  698,  831,  886,  857,  555,  369,  722,  954,  390,  135, 1022,  969,  321,  935,  785,  178,  719,  811,  659, 1112,  168,  163, 1084, 1055,  837,  283,  632,  414,  379,  582, 1074,  324,  529,  660,  413,  430,  615,  859,  723, 1042,  440,  762,  627,  107,  271,  599,  554,  169,  697,  750,  252,  815,  701,  835,  111],
        [  671,    0,  462,  647,  125,  417,  606,  347,  431,  705,  250,  557,  296,  280,  153,  645,  437,  643,  731,  414,  554,  100,  806,  452,  275,  587,   41,  523,  553,    0,  546,  416,  109,  704,  702,  464,  444,  711,  661,  857,  637,  159,  660,  267,  288,  776,  606,  728,  286,  431,  659,  612,  646,  777,  139,  957,  824,  681,  219,  327,  611,  651,  936,  131,  769,  807,  745,  750,  440,  585,  612,  775,  775,  340,  400,  337,  601,  237,  643,  556,  468,  655,  622,  589,  622,  152,  167,  202,  617,  617,  487,   87,  841,  236,  472,  144,  682,  649,  646,  668,  342,  706,  450,  452,  308,  336,  429,  268,  557,  308,  925,  819,  358,  652],
        [  126,    0,  617,  589,  670,  482,  614,  742,  425,  705,  388,  798,  749,  678,  460,  693,  770,  945,  304,  806,   73,  624,  606,  404,  589,  872,  509,  368,  300,  546,    0,  153,  652,  307,  229,   89,  254,  180,  358,  676,  258,  696,  146,  554,  297,  235,  423,  594,  691,  547,  696,  129,  312,  234,  683,  609,  608,  963,  342,  533,  576,  630,  561,  613,  231,  424,  685,  206,  223,  841,  751,  263,  654,  641,  223,  555,  554,  534,  945,  138,  161,  894,  869,  590,   90,  549,  380,  463,  287,  902,   69,  480,  378,  533,  168,  663,  587,  437,  837,  156,  607,  328,  311,   97,  729,  366,  389,  564,  496,  362,  523,  406,  703,  298],
        [  273,    0,  476,  487,  539,  343,  498,  590,  292,  596,  236,  654,  598,  593,  361,  573,  619,  797,  337,  654,  140,  504,  550,  277,  516,  725,  377,  269,  365,  416,  153,    0,  524,  429,  292,   66,  274,  298,  324,  617,  368,  558,  245,  402,  225,  384,  343,  515,  605,  406,  578,  267,  288,  383,  550,  614,  558,  818,  239,  382,  467,  522,  577,  502,  382,  438,  590,  352,  243,  696,  619,  414,  575,  489,  214,  404,  446,  381,  798,  244,  203,  752,  726,  474,  242,  400,  256,  379,  256,  755,   85,  342,  439,  456,   81,  545,  496,  371,  700,  252,  456,  332,  328,  100,  641,  217,  388,  411,  386,  313,  552,  436,  551,  403],
        [  777,    0,  522,  728,   30,  499,  679,  350,  522,  773,  351,  586,  278,  246,  225,  709,  451,  649,  838,  409,  661,   51,  896,  546,  281,  602,  148,  622,  635,  109,  652,  524,    0,  792,  810,  571,  531,  819,  764,  944,  727,   91,  768,  328,  382,  880,  702,  813,  248,  503,  724,  712,  751,  881,   53, 1058,  915,  690,  318,  396,  690,  726, 1038,  106,  872,  912,  821,  856,  531,  608,  661,  874,  857,  380,  494,  401,  683,  304,  648,  654,  565,  678,  644,  665,  726,  215,  273,  261,  722,  630,  594,  191,  949,  263,  580,   67,  765,  746,  681,  776,  393,  811,  529,  557,  256,  435,  495,  326,  643,  384, 1030,  925,  379,  738],
        [  284,    0,  903,  895,  818,  771,  918,  980,  719, 1011,  636, 1079,  966,  718,  568,  996, 1028, 1218,  567, 1049,  376,  751,  904,  702,  616, 1146,  678,  674,  170,  704,  307,  429,  792,    0,  480,  369,  261,  378,  655,  973,   68,  862,  392,  804,  417,  276,  729,  899,  731,  834,  999,  180,  607,  286,  837,  866,  904, 1241,  488,  800,  881,  936,  812,  718,  257,  688,  991,  296,  264, 1121, 1047,  185,  959,  897,  306,  822,  859,  776, 1218,  185,  251, 1178, 1151,  894,  243,  763,  551,  542,  586, 1177,  360,  667,  599,  581,  471,  777,  894,  741, 1128,  400,  869,  609,  273,  331,  768,  641,  338,  812,  801,  413,  763,  657,  953,   60],
        [  197,    0,  615,  497,  823,  488,  548,  811,  424,  615,  486,  795,  841,  881,  651,  626,  809,  948,   88,  864,  172,  793,  443,  393,  799,  876,  662,  316,  520,  702,  229,  292,  810,  480,    0,  265,  482,  111,  210,  511,  451,  836,   91,  625,  503,  257,  323,  466,  893,  550,  623,  313,  167,  248,  832,  390,  439,  956,  529,  579,  499,  546,  339,  793,  270,  208,  571,  217,  451,  838,  713,  348,  519,  692,  447,  598,  477,  615,  950,  352,  389,  876,  859,  526,  244,  660,  547,  665,  165,  903,  245,  623,  152,  740,  231,  835,  479,  314,  808,   82,  653,  138,  539,  307,  930,  425,  616,  634,  432,  579,  296,  182,  758,  492],
        [  213,    0,  538,  534,  588,  404,  551,  654,  351,  646,  300,  717,  660,  618,  392,  628,  684,  862,  324,  718,   95,  547,  578,  333,  535,  789,  427,  312,  322,  464,   89,   66,  571,  369,  265,    0,  246,  249,  339,  647,  311,  612,  202,  466,  238,  323,  380,  553,  631,  469,  632,  203,  298,  322,  600,  617,  584,  882,  270,  447,  517,  572,  575,  540,  319,  435,  635,  292,  213,  760,  678,  349,  613,  554,  195,  469,  495,  445,  862,  186,  161,  815,  789,  527,  178,  460,  300,  402,  268,  819,   24,  395,  416,  476,  108,  587,  539,  402,  761,  211,  521,  331,  303,   54,  668,  281,  372,  476,  435,  317,  544,  426,  615,  348],
        [  338,    0,  706,  757,  557,  585,  761,  739,  546,  862,  417,  869,  716,  476,  308,  832,  799,  998,  555,  809,  317,  490,  821,  539,  377,  928,  421,  542,  115,  444,  254,  274,  531,  261,  482,  246,    0,  422,  585,  889,  196,  602,  399,  575,  161,  409,  617,  789,  490,  642,  839,  224,  543,  415,  576,  857,  828, 1026,  234,  585,  734,  789,  812,  459,  395,  673,  862,  402,   33,  909,  861,  369,  848,  670,   66,  606,  714,  545,  998,  160,   94,  972,  942,  737,  273,  517,  299,  284,  513,  960,  255,  415,  631,  333,  348,  518,  769,  643,  932,  408,  648,  572,   58,  192,  528,  447,  136,  583,  654,  156,  775,  658,  720,  208],
        [   97,    0,  692,  598,  835,  559,  643,  864,  496,  716,  521,  875,  884,  858,  637,  722,  874, 1027,  196,  922,  159,  795,  553,  467,  769,  954,  673,  401,  439,  711,  180,  298,  819,  378,  111,  249,  422,    0,  316,  621,  356,  856,   58,  675,  476,  148,  422,  572,  871,  624,  721,  224,  270,  139,  847,  489,  549, 1038,  517,  638,  596,  645,  434,  788,  160,  313,  677,  108,  394,  918,  803,  238,  627,  751,  400,  658,  574,  660, 1028,  275,  331,  961,  941,  620,  157,  692,  548,  642,  262,  982,  226,  639,  224,  713,  263,  835,  583,  418,  895,   55,  713,  249,  476,  275,  909,  474,  557,  684,  525,  542,  386,  280,  816,  396],
        [  385,    0,  446,  291,  769,  338,  348,  680,  280,  407,  415,  616,  726,  891,  657,  425,  656,  769,  148,  723,  286,  760,  249,  248,  826,  700,  622,  158,  654,  661,  358,  324,  764,  655,  210,  339,  585,  316,    0,  319,  613,  767,  275,  509,  546,  463,  124,  257,  902,  390,  420,  477,   48,  454,  773,  300,  251,  772,  544,  449,  298,  341,  275,  775,  475,  154,  362,  423,  552,  658,  520,  548,  313,  555,  532,  463,  277,  510,  771,  495,  498,  688,  675,  329,  413,  577,  537,  686,   73,  723,  332,  575,  245,  765,  243,  804,  270,  105,  616,  271,  515,   85,  641,  393,  935,  333,  708,  518,  242,  636,  268,  181,  620,  654],
        [  700,    0,  468,  226,  940,  446,  295,  739,  427,  257,  615,  568,  812, 1122,  899,  322,  672,  696,  429,  755,  604,  955,   71,  410, 1074,  644,  822,  362,  967,  857,  676,  617,  944,  973,  511,  647,  889,  621,  319,    0,  931,  918,  589,  628,  823,  767,  278,  131, 1131,  455,  306,  795,  367,  757,  936,  269,   73,  681,  803,  557,  264,  250,  309,  985,  781,  334,  177,  728,  857,  598,  436,  859,  103,  624,  831,  559,  266,  645,  698,  813,  808,  595,  597,  299,  731,  732,  775,  938,  390,  656,  643,  774,  468, 1015,  542,  997,  183,  247,  517,  583,  591,  373,  944,  700, 1158,  532, 1004,  633,  301,  915,  357,  380,  674,  972],
        [  260,    0,  841,  842,  752,  709,  861,  913,  659,  956,  571, 1015,  898,  662,  504,  938,  962, 1153,  536,  982,  329,  686,  861,  644,  561, 1081,  611,  620,  119,  637,  258,  368,  727,   68,  451,  311,  196,  356,  613,  931,    0,  795,  361,  737,  350,  278,  680,  851,  674,  772,  943,  139,  566,  288,  771,  840,  863, 1177,  421,  735,  826,  881,  787,  655,  260,  658,  940,  289,  197, 1057,  986,  204,  911,  831,  239,  757,  804,  710, 1153,  126,  184, 1115, 1088,  837,  208,  696,  484,  479,  542, 1113,  304,  600,  580,  522,  415,  714,  843,  694, 1066,  369,  804,  573,  215,  269,  713,  578,  286,  746,  745,  351,  741,  631,  887,   42],
        [  822,    0,  475,  696,   62,  474,  640,  271,  507,  729,  357,  515,  193,  333,  302,  661,  375,  567,  855,  325,  698,  141,  875,  535,  372,  523,  189,  617,  709,  159,  696,  558,   91,  862,  836,  612,  602,  856,  767,  918,  795,    0,  802,  290,  447,  929,  692,  787,  332,  467,  677,  769,  759,  929,   41, 1053,  895,  609,  377,  361,  657,  688, 1038,  196,  922,  918,  783,  902,  599,  534,  602,  931,  826,  322,  559,  362,  653,  274,  566,  714,  626,  603,  569,  629,  776,  192,  322,  343,  732,  550,  635,  218,  967,  353,  605,  151,  736,  736,  612,  809,  343,  822,  605,  604,  336,  435,  577,  286,  620,  461, 1035,  935,  309,  810],
        [  112,    0,  635,  549,  783,  502,  591,  806,  439,  668,  464,  818,  827,  817,  593,  671,  816,  970,  176,  864,  107,  746,  520,  411,  731,  897,  621,  347,  430,  660,  146,  245,  768,  392,   91,  202,  399,   58,  275,  589,  361,  802,    0,  617,  436,  195,  374,  531,  830,  567,  670,  223,  228,  187,  794,  480,  517,  982,  471,  580,  546,  596,  429,  741,  203,  298,  632,  154,  368,  862,  749,  274,  587,  693,  368,  600,  523,  603,  971,  263,  305,  906,  885,  569,  154,  636,  498,  601,  215,  925,  180,  585,  234,  674,  205,  786,  537,  374,  841,   10,  655,  218,  454,  235,  867,  416,  534,  627,  472,  506,  385,  272,  758,  402],
        [  672,    0,  197,  406,  318,  188,  352,  190,  232,  445,  169,  307,  219,  547,  379,  382,  225,  424,  622,  252,  527,  352,  587,  264,  535,  356,  245,  352,  690,  267,  554,  402,  328,  804,  625,  466,  575,  675,  509,  628,  737,  290,  617,    0,  423,  783,  417,  497,  552,  177,  397,  662,  513,  780,  312,  779,  608,  454,  357,   72,  367,  400,  771,  395,  782,  663,  495,  748,  556,  343,  346,  815,  536,   96,  513,   73,  363,   34,  424,  626,  554,  410,  378,  339,  644,  117,  293,  431,  491,  388,  486,  209,  735,  488,  413,  390,  446,  461,  388,  622,   80,  577,  604,  485,  571,  202,  616,   10,  333,  489,  775,  687,  151,  765],
        [  414,    0,  571,  660,  406,  462,  651,  580,  435,  755,  276,  724,  556,  382,  169,  715,  644,  846,  558,  650,  332,  346,  758,  436,  297,  779,  262,  462,  275,  288,  297,  225,  382,  417,  503,  238,  161,  476,  546,  823,  350,  447,  436,  423,    0,  509,  546,  709,  395,  512,  725,  333,  512,  512,  424,  839,  769,  876,   73,  442,  632,  685,  802,  325,  499,  663,  767,  490,  153,  762,  729,  494,  766,  518,  113,  462,  615,  391,  846,  273,  184,  827,  796,  628,  356,  358,  139,  167,  480,  810,  258,  255,  654,  239,  305,  379,  679,  580,  793,  445,  499,  556,  182,  202,  433,  326,  202,  430,  556,   93,  776,  659,  564,  367],
        [  112,    0,  822,  743,  899,  687,  785,  972,  626,  862,  619, 1005,  982,  879,  677,  865,  992, 1156,  339, 1034,  257,  850,  700,  599,  782, 1083,  741,  540,  386,  776,  235,  384,  880,  276,  257,  323,  409,  148,  463,  767,  278,  929,  195,  783,  509,    0,  567,  720,  892,  753,  864,  186,  418,   12,  914,  616,  694, 1170,  565,  754,  740,  790,  558,  833,   20,  449,  824,   42,  389, 1049,  941,  102,  775,  865,  410,  775,  717,  764, 1157,  251,  334, 1095, 1074,  762,  155,  782,  609,  671,  407, 1111,  301,  713,  339,  733,  375,  886,  729,  565, 1032,  196,  829,  395,  453,  325,  930,  587,  534,  792,  666,  554,  505,  411,  929,  312],
        [  478,    0,  327,  176,  703,  233,  226,  574,  186,  295,  356,  494,  628,  857,  629,  304,  541,  646,  270,  612,  354,  705,  213,  158,  803,  577,  567,   86,  702,  606,  423,  343,  702,  729,  323,  380,  617,  422,  124,  278,  680,  692,  374,  417,  546,  567,    0,  174,  867,  277,  301,  550,  158,  559,  703,  363,  227,  649,  528,  351,  177,  224,  355,  728,  577,  262,  263,  526,  585,  535,  397,  645,  234,  449,  557,  361,  155,  423,  648,  556,  540,  565,  551,  206,  493,  500,  505,  666,  161,  601,  380,  519,  367,  743,  273,  749,  166,   45,  492,  372,  409,  209,  671,  432,  897,  271,  728,  424,  119,  638,  365,  297,  512,  719],
        [  639,    0,  344,  101,  809,  315,  176,  614,  299,  175,  488,  463,  685,  994,  775,  223,  554,  602,  394,  634,  524,  825,  100,  284,  950,  543,  693,  249,  875,  728,  594,  515,  813,  899,  466,  553,  789,  572,  257,  131,  851,  787,  531,  497,  709,  720,  174,    0, 1003,  325,  210,  720,  303,  711,  806,  340,  124,  592,  683,  426,  137,  138,  361,  856,  731,  332,  110,  679,  757,  497,  337,  804,   61,  497,  728,  429,  136,  514,  604,  729,  713,  505,  502,  174,  661,  601,  652,  816,  318,  559,  553,  645,  463,  891,  446,  867,   56,  159,  427,  527,  462,  332,  842,  605, 1030,  407,  897,  503,  171,  801,  396,  377,  549,  891],
        [  805,    0,  748,  928,  273,  698,  890,  597,  705,  990,  516,  830,  524,   14,  246,  931,  698,  896,  942,  655,  725,  207, 1075,  722,  115,  849,  315,  782,  561,  286,  691,  605,  248,  731,  893,  631,  490,  871,  902, 1131,  674,  332,  830,  552,  395,  892,  867, 1003,    0,  717,  945,  708,  878,  896,  292, 1202, 1091,  937,  366,  613,  892,  935, 1172,  158,  879, 1036, 1028,  878,  505,  854,  896,  858, 1053,  618,  482,  623,  881,  523,  895,  643,  559,  924,  890,  873,  744,  436,  366,  229,  846,  877,  652,  361, 1043,  160,  679,  182,  960,  908,  923,  839,  625,  930,  461,  597,   39,  600,  395,  553,  833,  339, 1153, 1039,  624,  672],
        [  646,    0,   71,  230,  494,   66,  176,  301,  128,  274,  238,  253,  363,  710,  517,  216,  267,  404,  523,  336,  500,  523,  419,  158,  686,  331,  402,  239,  750,  431,  547,  406,  503,  834,  550,  469,  642,  624,  390,  455,  772,  467,  567,  177,  512,  753,  277,  325,  717,    0,  230,  671,  407,  748,  489,  627,  441,  418,  460,  108,  192,  224,  628,  561,  756,  537,  319,  714,  617,  296,  219,  806,  360,  177,  576,  105,  190,  200,  405,  650,  596,  347,  323,  163,  635,  289,  408,  566,  393,  359,  482,  358,  631,  632,  382,  562,  272,  317,  295,  569,  139,  469,  683,  504,  739,  197,  713,  181,  171,  594,  641,  569,  237,  806],
        [  769,    0,  203,  131,  712,  265,   82,  457,  294,   55,  460,  263,  538,  938,  745,   18,  377,  394,  567,  461,  634,  748,  305,  302,  915,  338,  631,  330,  941,  659,  696,  578,  724,  999,  623,  632,  839,  721,  420,  306,  943,  677,  670,  397,  725,  864,  301,  210,  945,  230,    0,  824,  458,  857,  704,  549,  329,  382,  680,  333,  125,   81,  571,  789,  873,  529,  131,  823,  811,  292,  130,  936,  205,  359,  774,  324,  148,  424,  396,  817,  779,  295,  294,  106,  775,  513,  632,  793,  461,  352,  640,  588,  653,  861,  529,  786,  165,  317,  217,  669,  335,  504,  886,  677,  966,  400,  925,  398,  201,  812,  603,  572,  395,  980],
        [  128,    0,  741,  717,  734,  606,  743,  847,  551,  834,  494,  920,  844,  695,  501,  822,  883, 1064,  398,  913,  196,  678,  725,  531,  598,  991,  580,  497,  217,  612,  129,  267,  712,  180,  313,  203,  224,  224,  477,  795,  139,  769,  223,  662,  333,  186,  550,  720,  708,  671,  824,    0,  429,  192,  750,  703,  726, 1084,  395,  648,  705,  759,  651,  657,  172,  520,  812,  180,  204,  963,  878,  163,  779,  752,  228,  670,  682,  638, 1065,   65,  152, 1017,  992,  719,   70,  641,  447,  490,  407, 1022,  190,  558,  447,  549,  296,  712,  715,  562,  963,  232,  721,  434,  270,  178,  747,  483,  352,  671,  625,  370,  605,  494,  812,  180],
        [  337,    0,  467,  331,  758,  350,  384,  689,  290,  449,  404,  643,  731,  866,  632,  462,  673,  796,  118,  736,  240,  744,  297,  257,  797,  725,  606,  169,  609,  646,  312,  288,  751,  607,  167,  298,  543,  270,   48,  367,  566,  759,  228,  513,  512,  418,  158,  303,  878,  407,  458,  429,    0,  409,  763,  327,  298,  801,  516,  457,  334,  380,  295,  756,  428,  162,  407,  377,  510,  685,  552,  501,  360,  565,  492,  472,  313,  510,  797,  449,  455,  719,  703,  363,  365,  571,  514,  658,   32,  750,  289,  561,  225,  737,  208,  788,  313,  148,  648,  224,  525,   65,  600,  351,  911,  326,  669,  522,  272,  601,  279,  177,  631,  607],
        [  110,    0,  817,  735,  901,  682,  778,  969,  620,  854,  617, 1000,  980,  883,  680,  858,  988, 1151,  329, 1031,  254,  852,  690,  593,  787, 1078,  741,  533,  395,  777,  234,  383,  881,  286,  248,  322,  415,  139,  454,  757,  288,  929,  187,  780,  512,   12,  559,  711,  896,  748,  857,  192,  409,    0,  915,  605,  684, 1164,  567,  751,  732,  783,  547,  835,   31,  438,  815,   34,  394, 1043,  935,  113,  766,  862,  415,  772,  710,  761, 1152,  256,  338, 1089, 1068,  755,  157,  781,  610,  674,  399, 1106,  300,  713,  328,  737,  371,  888,  721,  556, 1026,  188,  826,  385,  460,  326,  935,  583,  541,  789,  659,  558,  493,  401,  926,  321],
