{
    "name": "random-20-10128",
    "comment": "size=20 seed=10128",
    "nodes": ["+0", "-0", "+1", "-1", "+2", "-2", "+3", "-3", "+4", "-4", "+5", "-5", "+6", "-6", "+7", "-7", "+8", "-8", "+9", "-9", "+10", "-10", "+11", "-11", "+12", "-12", "+13", "-13", "+14", "-14", "+15", "-15", "+16", "-16", "+17", "-17", "+18", "-18", "+19", "-19", "+20", "-20"],
    "precedence": {
        "+0": "-0",
        "+1": "-1",
        "+2": "-2",
        "+3": "-3",
        "+4": "-4",
        "+5": "-5",
        "+6": "-6",
        "+7": "-7",
        "+8": "-8",
        "+9": "-9",
        "+10": "-10",
        "+11": "-11",
        "+12": "-12",
        "+13": "-13",
        "+14": "-14",
        "+15": "-15",
        "+16": "-16",
        "+17": "-17",
        "+18": "-18",
        "+19": "-19",
        "+20": "-20"
    },
    "edges": [
        [    0,    0,  393,  412,  227,  836, 1008,  809,  437,  900,  680,  362,  244,   85,  577,  633,  752,  329,  688,  172,  946,  616,  158,  461,  748,  372,  625,  914,  241,  906,  725,  579,  918,  231,  695,  676,  791,  391,  531,  442,  922,  718],
        [    0,    0,  393,  412,  227,  836, 1008,  809,  437,  900,  680,  362,  244,   85,  577,  633,  752,  329,  688,  172,  946,  616,  158,  461,  748,  372,  625,  914,  241,  906,  725,  579,  918,  231,  695,  676,  791,  391,  531,  442,  922,  718],
        [  393,  393,    0,  244,  173,  494,  618,  489,  289,  604,  390,   79,  390,  312,  200,  275,  390,  182,  626,  380,  591,  574,  391,  187,  391,   21,  241,  522,  426,  595,  334,  417,  526,  163,  398,  419,  416,  112,  360,  466,  607,  546],
        [  412,  412,  244,    0,  230,  703,  687,  710,  519,  832,  626,  306,  259,  362,  275,  284,  388,  390,  384,  493,  562,  330,  495,  430,  379,  238,  326,  622,  560,  817,  470,  657,  633,  270,  632,  660,  443,  133,  599,  240,  827,  333],
        [  227,  227,  173,  230,    0,  653,  782,  638,  338,  745,  524,  169,  243,  154,  351,  409,  527,  200,  587,  266,  724,  522,  270,  298,  524,  153,  399,  691,  331,  743,  505,  487,  696,   49,  535,  537,  565,  168,  431,  375,  756,  562],
        [  836,  836,  494,  703,  653,    0,  453,   68,  444,  166,  186,  486,  884,  753,  453,  507,  523,  510, 1046,  740,  637, 1011,  759,  375,  536,  511,  420,  347,  740,  131,  290,  388,  333,  623,  167,  232,  480,  582,  389,  942,  134,  903],
        [ 1008, 1008,  618,  687,  782,  453,    0,  518,  762,  607,  585,  666,  939,  929,  436,  404,  311,  749,  889,  985,  261,  886,  999,  639,  324,  638,  385,  117, 1016,  562,  300,  780,  126,  780,  571,  646,  249,  631,  755,  899,  556,  703],
        [  809,  809,  489,  710,  638,   68,  518,    0,  400,  126,  136,  470,  875,  727,  475,  537,  565,  481, 1065,  702,  692, 1027,  721,  349,  578,  504,  448,  410,  697,  107,  330,  329,  396,  604,  119,  172,  528,  585,  336,  946,  119,  931],
        [  437,  437,  289,  519,  338,  444,  762,  400,    0,  472,  264,  215,  573,  363,  442,  528,  626,  138,  902,  306,  817,  843,  326,  133,  631,  287,  461,  648,  298,  485,  467,  151,  644,  290,  281,  246,  630,  395,   97,  710,  502,  834],
        [  900,  900,  604,  832,  745,  166,  607,  126,  472,    0,  223,  578,  985,  820,  601,  662,  686,  574, 1190,  778,  802, 1151,  798,  449,  700,  618,  574,  507,  762,   46,  452,  366,  491,  708,  211,  227,  646,  704,  391, 1066,   59, 1057],
        [  680,  680,  390,  626,  524,  186,  585,  136,  264,  223,    0,  357,  764,  599,  427,  502,  558,  353,  998,  568,  715,  952,  587,  227,  569,  402,  414,  469,  561,  227,  335,  207,  459,  485,   19,   62,  535,  496,  204,  855,  243,  882],
        [  362,  362,   79,  306,  169,  486,  666,  470,  215,  578,  357,    0,  408,  278,  268,  348,  460,  104,  690,  319,  660,  634,  333,  134,  462,   73,  303,  564,  358,  574,  372,  351,  566,  138,  367,  375,  481,  180,  294,  512,  588,  620],
        [  244,  244,  390,  259,  243,  884,  939,  875,  573,  985,  764,  408,    0,  252,  511,  537,  645,  438,  447,  397,  819,  375,  388,  540,  637,  373,  564,  866,  470,  980,  697,  724,  875,  287,  775,  780,  698,  321,  668,  200,  994,  502],
        [   85,   85,  312,  362,  154,  753,  929,  727,  363,  820,  599,  278,  252,    0,  501,  561,  680,  247,  676,  147,  877,  606,  143,  379,  677,  291,  548,  833,  221,  825,  643,  509,  837,  149,  614,  598,  717,  321,  459,  438,  841,  684],
        [  577,  577,  200,  275,  351,  453,  436,  475,  442,  601,  427,  268,  511,  501,    0,   87,  192,  369,  593,  579,  392,  560,  590,  313,  195,  218,   53,  355,  624,  577,  196,  535,  364,  355,  426,  477,  218,  196,  486,  511,  585,  458],
        [  633,  633,  275,  284,  409,  507,  404,  537,  528,  662,  502,  348,  537,  561,   87,    0,  119,  451,  549,  651,  318,  525,  661,  399,  117,  291,   90,  344,  700,  635,  226,  620,  356,  420,  500,  555,  163,  243,  571,  504,  640,  397],
        [  752,  752,  390,  388,  527,  523,  311,  565,  626,  686,  558,  460,  645,  680,  192,  119,    0,  561,  590,  768,  201,  580,  778,  493,   16,  407,  166,  278,  815,  653,  235,  702,  294,  539,  552,  616,   65,  361,  658,  589,  655,  415],
        [  329,  329,  182,  390,  200,  510,  749,  481,  138,  574,  353,  104,  438,  247,  369,  451,  561,    0,  770,  242,  760,  709,  259,  136,  563,  173,  400,  642,  267,  578,  450,  288,  642,  153,  367,  354,  578,  274,  232,  572,  594,  714],
        [  688,  688,  626,  384,  587, 1046,  889, 1065,  902, 1190,  998,  690,  447,  676,  593,  549,  590,  770,    0,  822,  668,   73,  818,  813,  576,  622,  629,  868,  895, 1169,  774, 1040,  884,  634, 1001, 1036,  654,  514,  983,  248, 1177,  193],
        [  172,  172,  380,  493,  266,  740,  985,  702,  306,  778,  568,  319,  397,  147,  579,  651,  768,  242,  822,    0,  968,  752,   21,  373,  767,  362,  619,  880,   74,  791,  688,  432,  881,  236,  584,  552,  795,  425,  392,  585,  808,  821],
        [  946,  946,  591,  562,  724,  637,  261,  692,  817,  802,  715,  660,  819,  877,  392,  318,  201,  760,  668,  968,    0,  678,  978,  685,  201,  607,  361,  309, 1016,  762,  381,  880,  327,  738,  706,  776,  189,  557,  840,  730,  760,  476],
        [  616,  616,  574,  330,  522, 1011,  886, 1027,  843, 1151,  952,  634,  375,  606,  560,  525,  580,  709,   73,  752,  678,    0,  748,  760,  566,  568,  600,  856,  825, 1132,  747,  984,  870,  570,  957,  988,  644,  462,  927,  176, 1140,  215],
        [  158,  158,  391,  495,  270,  759,  999,  721,  326,  798,  587,  333,  388,  143,  590,  661,  778,  259,  818,   21,  978,  748,    0,  391,  778,  373,  631,  895,   84,  811,  703,  452,  896,  244,  604,  571,  807,  432,  412,  579,  827,  822],
        [  461,  461,  187,  430,  298,  375,  639,  349,  133,  449,  227,  134,  540,  379,  313,  399,  493,  136,  813,  373,  685,  760,  391,    0,  499,  193,  328,  527,  388,  450,  340,  233,  525,  259,  239,  241,  497,  299,  179,  645,  465,  725],
        [  748,  748,  391,  379,  524,  536,  324,  578,  631,  700,  569,  462,  637,  677,  195,  117,   16,  563,  576,  767,  201,  566,  778,  499,    0,  407,  172,  293,  816,  667,  249,  710,  309,  537,  563,  626,   79,  358,  665,  577,  669,  399],
        [  372,  372,   21,  238,  153,  511,  638,  504,  287,  618,  402,   73,  373,  291,  218,  291,  407,  173,  622,  362,  607,  568,  373,  193,  407,    0,  260,  542,  410,  610,  354,  419,  547,  143,  411,  429,  435,  109,  362,  455,  623,  548],
        [  625,  625,  241,  326,  399,  420,  385,  448,  461,  574,  414,  303,  564,  548,   53,   90,  166,  400,  629,  619,  361,  600,  631,  328,  172,  260,    0,  303,  661,  547,  149,  540,  312,  400,  411,  468,  178,  248,  495,  559,  553,  484],
        [  914,  914,  522,  622,  691,  347,  117,  410,  648,  507,  469,  564,  866,  833,  355,  344,  278,  642,  868,  880,  309,  856,  895,  527,  293,  542,  303,    0,  908,  464,  193,  664,   19,  684,  456,  530,  215,  549,  639,  847,  460,  691],
        [  241,  241,  426,  560,  331,  740, 1016,  697,  298,  762,  561,  358,  470,  221,  624,  700,  815,  267,  895,   74, 1016,  825,   84,  388,  816,  410,  661,  908,    0,  779,  717,  405,  907,  296,  579,  538,  838,  483,  372,  658,  797,  890],
        [  906,  906,  595,  817,  743,  131,  562,  107,  485,   46,  227,  574,  980,  825,  577,  635,  653,  578, 1169,  791,  762, 1132,  811,  450,  667,  610,  547,  464,  779,    0,  420,  391,  448,  707,  212,  242,  610,  692,  410, 1053,   18, 1031],
        [  725,  725,  334,  470,  505,  290,  300,  330,  467,  452,  335,  372,  697,  643,  196,  226,  235,  450,  774,  688,  381,  747,  703,  340,  249,  354,  149,  193,  717,  420,    0,  506,  194,  495,  327,  396,  202,  376,  472,  706,  423,  620],
        [  579,  579,  417,  657,  487,  388,  780,  329,  151,  366,  207,  351,  724,  509,  535,  620,  702,  288, 1040,  432,  880,  984,  452,  233,  710,  419,  540,  664,  405,  391,  506,    0,  656,  440,  224,  158,  692,  527,   58,  857,  408,  958],
        [  918,  918,  526,  633,  696,  333,  126,  396,  644,  491,  459,  566,  875,  837,  364,  356,  294,  642,  884,  881,  327,  870,  896,  525,  309,  547,  312,   19,  907,  448,  194,  656,    0,  688,  445,  520,  231,  557,  632,  859,  444,  708],
        [  231,  231,  163,  270,   49,  623,  780,  604,  290,  708,  485,  138,  287,  149,  355,  420,  539,  153,  634,  236,  738,  570,  244,  259,  537,  143,  400,  684,  296,  707,  495,  440,  688,    0,  498,  496,  572,  189,  384,  424,  721,  602],
        [  695,  695,  398,  632,  535,  167,  571,  119,  281,  211,   19,  367,  775,  614,  426,  500,  552,  367, 1001,  584,  706,  957,  604,  239,  563,  411,  411,  456,  579,  212,  327,  224,  445,  498,    0,   75,  527,  502,  222,  862,  228,  883],
        [  676,  676,  419,  660,  537,  232,  646,  172,  246,  227,   62,  375,  780,  598,  477,  555,  616,  354, 1036,  552,  776,  988,  571,  241,  626,  429,  468,  530,  538,  242,  396,  158,  520,  496,   75,    0,  594,  528,  168,  883,  260,  928],
        [  791,  791,  416,  443,  565,  480,  249,  528,  630,  646,  535,  481,  698,  717,  218,  163,   65,  578,  654,  795,  189,  644,  807,  497,   79,  435,  178,  215,  838,  610,  202,  692,  231,  572,  527,  594,    0,  403,  652,  650,  611,  477],
        [  391,  391,  112,  133,  168,  582,  631,  585,  395,  704,  496,  180,  321,  321,  196,  243,  361,  274,  514,  425,  557,  462,  432,  299,  358,  109,  248,  549,  483,  692,  376,  527,  557,  189,  502,  528,  403,    0,  471,  362,  703,  441],
        [  531,  531,  360,  599,  431,  389,  755,  336,   97,  391,  204,  294,  668,  459,  486,  571,  658,  232,  983,  392,  840,  927,  412,  179,  665,  362,  495,  639,  372,  410,  472,   58,  632,  384,  222,  168,  652,  471,    0,  799,  427,  903],
        [  442,  442,  466,  240,  375,  942,  899,  946,  710, 1066,  855,  512,  200,  438,  511,  504,  589,  572,  248,  585,  730,  176,  579,  645,  577,  455,  559,  847,  658, 1053,  706,  857,  859,  424,  862,  883,  650,  362,  799,    0, 1064,  333],
        [  922,  922,  607,  827,  756,  134,  556,  119,  502,   59,  243,  588,  994,  841,  585,  640,  655,  594, 1177,  808,  760, 1140,  827,  465,  669,  623,  553,  460,  797,   18,  423,  408,  444,  721,  228,  260,  611,  703,  427, 1064,    0, 1037],
        [  718,  718,  546,  333,  562,  903,  703,  931,  834, 1057,  882,  620,  502,  684,  458,  397,  415,  714,  193,  821,  476,  215,  822,  725,  399,  548,  484,  691,  890, 1031,  620,  958,  708,  602,  883,  928,  477,  441,  903,  333, 1037,    0]
    ]
}
