{
    "name": "random-56-5373",
    "comment": "size=56 seed=5373",
    "nodes": ["+0", "-0", "+1", "-1", "+2", "-2", "+3", "-3", "+4", "-4", "+5", "-5", "+6", "-6", "+7", "-7", "+8", "-8", "+9", "-9", "+10", "-10", "+11", "-11", "+12", "-12", "+13", "-13", "+14", "-14", "+15", "-15", "+16", "-16", "+17", "-17", "+18", "-18", "+19", "-19", "+20", "-20", "+21", "-21", "+22", "-22", "+23", "-23", "+24", "-24", "+25", "-25", "+26", "-26", "+27", "-27", "+28", "-28", "+29", "-29", "+30", "-30", "+31", "-31", "+32", "-32", "+33", "-33", "+34", "-34", "+35", "-35", "+36", "-36", "+37", "-37", "+38", "-38", "+39", "-39", "+40", "-40", "+41", "-41", "+42", "-42", "+43", "-43", "+44", "-44", "+45", "-45", "+46", "-46", "+47", "-47", "+48", "-48", "+49", "-49", "+50", "-50", "+51", "-51", "+52", "-52", "+53", "-53", "+54", "-54", "+55", "-55", "+56", "-56"],
    "precedence": {
        "+0": "-0",
        "+1": "-1",
        "+2": "-2",
        "+3": "-3",
        "+4": "-4",
        "+5": "-5",
        "+6": "-6",
        "+7": "-7",
        "+8": "-8",
        "+9": "-9",
        "+10": "-10",
        "+11": "-11",
        "+12": "-12",
        "+13": "-13",
        "+14": "-14",
        "+15": "-15",
        "+16": "-16",
        "+17": "-17",
        "+18": "-18",
        "+19": "-19",
        "+20": "-20",
        "+21": "-21",
        "+22": "-22",
        "+23": "-23",
        "+24": "-24",
        "+25": "-25",
        "+26": "-26",
        "+27": "-27",
        "+28": "-28",
        "+29": "-29",
        "+30": "-30",
        "+31": "-31",
        "+32": "-32",
        "+33": "-33",
        "+34": "-34",
        "+35": "-35",
        "+36": "-36",
        "+37": "-37",
        "+38": "-38",
        "+39": "-39",
        "+40": "-40",
        "+41": "-41",
        "+42": "-42",
        "+43": "-43",
        "+44": "-44",
        "+45": "-45",
        "+46": "-46",
        "+47": "-47",
        "+48": "-48",
        "+49": "-49",
        "+50": "-50",
        "+51": "-51",
        "+52": "-52",
        "+53": "-53",
        "+54": "-54",
        "+55": "-55",
        "+56": "-56"
    },
    "edges": [
        [    0,    0,  517, 1166,  387,  432,  925,  480,  927,  498,  939,  357,  660,  750,  687,  878,  863,  950,   75,  795,  121, 1239,  606, 1007,  703,  773,  943,  513, 1118,  457,  877, 1336,   66,  848,  868,  716,  641,  378, 1200,  656,  862,  806,  753,  360,  869,  475,  159,  737,  793,  223,  625,  557,  593,  921,  446,  160,  542,  866,  856,  890,  414,  372,  162, 1093,   52,  729,  815,  662,   64,  914,  820,  157, 1007,  629,  997,  575,  776,  928,  983,  941,  712,  693,  992,  775,  295,  913,  654,  634,  877,  723,  660,  925, 1132, 1069,  486,  653,  810,  873, 1198,  817,  644,  800,  595,  749,  445,  879,  207,  989, 1106,  549,  259, 1169,  131,  787],
        [    0,    0,    0,    0,    0,    0,    0,    0,    0,    0,    0,    0,    0,    0,    0,    0,    0,    0,    0,    0,    0,    0,    0,    0,    0,    0,    0,    0,    0,    0,    0,    0,    0,    0,    0,    0,    0,    0,    0,    0,    0,    0,    0,    0,    0,    0,    0,    0,    0,    0,    0,    0,    0,    0,    0,    0,    0,    0,    0,    0,    0,    0,    0,    0,    0,    0,    0,    0,    0,    0,    0,    0,    0,    0,    0,    0,    0,    0,    0,    0,    0,    0,    0,    0,    0,    0,    0,    0,    0,    0,    0,    0,    0,    0,    0,    0,    0,    0,    0,    0,    0,    0,    0,    0,    0,    0,    0,    0,    0,    0,    0,    0,    0,    0],
        [  517,    0,    0,  755,  413,  210,  409,  435,  739,  666,  623,  414,  500,  240,  192,  531,  531,  729,  446,  286,  445,  830,  231,  621,  332,  320,  695,  363,  820,   91,  890,  920,  573,  840,  405,  698,  154,  251,  798,  578,  513,  448,  411,  272,  690,   99,  381,  456,  436,  330,  723,  686,  151,  629,   78,  368,  360,  837,  720,  451,  163,  179,  532,  751,  568,  264,  341,  336,  453,  499,  342,  363,  563,  182,  745,  640,  296,  568,  663,  483,  754,  221,  483,  746,  406,  636,  159,  148,  785,  287,  148,  477,  813,  673,  412,  339,  414,  492,  767,  308,  291,  325,  211,  821,  512,  741,  496,  481,  815,  593,  365,  710,  508,  274],
        [ 1166,    0,  755,    0,  825,  738,  567,  748,  496,  956,  287,  854,  589,  569,  574,  301,  323,  438, 1115,  534, 1053,   76,  569,  164,  465,  842,  393,  675,  288,  845,  838,  171, 1200,  791,  359,  748,  766,  789,   46,  672,  313,  362,  415,  807,  511,  851, 1008,  454,  375,  944,  894,  920,  614,  330,  826, 1010,  642,  760,  580,  305,  769,  813, 1088,  185, 1208,  492,  426,  505, 1106,  260,  789, 1046,  203,  579,  379,  842,  471,  251,  260,  287,  833,  535,  452,  739,  903,  354,  749,  608,  654,  471,  700,  284,  242,  100,  727,  515,  359,  293,   68,  524,  524,  796,  584,  892,  842,  578, 1028,  445,  302,  816,  916,  162, 1087,  656],
        [  387,    0,  413,  825,    0,  207,  752,   93,  540,  253,  571,   31,  275,  564,  486,  526,  506,  563,  367,  598,  267,  893,  334,  662,  393,  733,  559,  151,  739,  427,  540,  992,  400,  499,  592,  356,  565,  164,  854,  274,  513,  468,  416,  146,  482,  452,  254,  375,  456,  214,  325,  277,  378,  546,  394,  270,  185,  510,  472,  591,  251,  250,  270,  726,  416,  483,  559,  336,  344,  594,  750,  339,  699,  400,  613,  247,  535,  577,  613,  652,  381,  464,  773,  414,   93,  536,  569,  439,  502,  453,  543,  629,  757,  726,  103,  324,  493,  538,  868,  617,  340,  735,  335,  439,  104,  495,  208,  768,  726,  204,  142,  862,  277,  653],
        [  432,    0,  210,  738,  207,    0,  557,  227,  590,  458,  534,  213,  325,  369,  292,  460,  449,  593,  378,  406,  326,  811,  176,  581,  274,  529,  571,  167,  726,  243,  692,  908,  472,  644,  441,  499,  360,   61,  774,  385,  443,  382,  331,   85,  535,  266,  274,  336,  369,  210,  514,  476,  184,  526,  208,  273,  176,  645,  551,  460,   60,   91,  386,  682,  477,  310,  394,  238,  370,  483,  544,  311,  576,  214,  625,  431,  361,  507,  578,  512,  549,  281,  594,  551,  222,  525,  363,  242,  606,  295,  336,  495,  732,  643,  205,  233,  380,  447,  767,  427,  214,  529,  166,  615,  303,  574,  336,  589,  717,  384,  202,  738,  374,  449],
        [  925,    0,  409,  567,  752,  557,    0,  731,  822,  987,  611,  765,  693,  189,  266,  521,  541,  784,  855,  156,  849,  630,  428,  514,  428,  300,  734,  636,  768,  478, 1090,  692,  982, 1035,  275,  919,  310,  615,  613,  797,  509,  471,  479,  639,  794,  467,  787,  565,  468,  731, 1002,  987,  375,  643,  482,  775,  614, 1019,  852,  338,  539,  571,  929,  663,  977,  287,  246,  482,  862,  402,  236,  771,  377,  352,  764,  921,  241,  523,  632,  307,  997,  293,  125,  948,  778,  665,  292,  316,  933,  334,  270,  328,  739,  530,  703,  496,  405,  455,  542,  138,  449,  248,  422, 1068,  831,  865,  886,  130,  773,  877,  751,  445,  909,  150],
        [  480,    0,  435,  748,   93,  227,  731,    0,  448,  257,  486,  124,  183,  548,  471,  448,  426,  471,  457,  576,  359,  814,  304,  585,  340,  750,  468,   96,  649,  466,  473,  912,  492,  428,  544,  283,  582,  206,  774,  187,  436,  397,  347,  198,  390,  491,  343,  295,  387,  298,  289,  260,  367,  459,  432,  358,  124,  435,  382,  534,  283,  295,  359,  640,  508,  450,  520,  279,  435,  528,  759,  425,  636,  381,  521,  206,  502,  498,  527,  596,  324,  439,  738,  339,  186,  447,  582,  429,  416,  413,  549,  571,  668,  649,   29,  266,  431,  468,  794,  594,  295,  745,  310,  389,  105,  405,  297,  732,  635,  159,  230,  796,  369,  648],
        [  927,    0,  739,  496,  540,  590,  822,  448,    0,  549,  236,  570,  274,  701,  649,  306,  284,   59,  903,  698,  806,  531,  512,  381,  433,  986,  106,  437,  260,  809,  343,  614,  935,  297,  550,  290,  841,  607,  496,  279,  316,  353,  359,  612,   58,  828,  788,  289,  358,  737,  449,  496,  600,  192,  777,  801,  418,  265,   98,  492,  647,  680,  797,  319,  954,  572,  580,  408,  882,  437,  963,  863,  518,  585,  124,  426,  599,  321,  243,  544,  366,  596,  759,  262,  633,  167,  831,  642,  159,  521,  782,  515,  299,  422,  444,  402,  418,  372,  562,  704,  454,  959,  531,  412,  498,   87,  736,  751,  242,  421,  675,  624,  812,  821],
        [  498,    0,  666,  956,  253,  458,  987,  257,  549,    0,  674,  255,  369,  804,  725,  663,  638,  594,  514,  832,  404, 1015,  561,  798,  591,  986,  612,  353,  796,  676,  389, 1110,  475,  370,  795,  270,  818,  416,  975,  289,  655,  629,  585,  397,  501,  701,  429,  516,  621,  420,  133,   64,  619,  637,  644,  452,  379,  396,  456,  778,  504,  499,  337,  818,  501,  707,  775,  530,  484,  763, 1002,  524,  872,  637,  657,  124,  758,  710,  710,  842,  231,  695,  994,  320,  286,  617,  821,  682,  442,  668,  793,  815,  827,  860,  286,  516,  673,  697, 1010,  850,  550,  987,  566,  255,  158,  475,  297,  988,  780,  141,  346, 1027,  368,  900],
        [  939,    0,  623,  287,  571,  534,  611,  486,  236,  674,    0,  601,  313,  520,  486,   98,   93,  185,  899,  506,  820,  341,  397,  148,  292,  814,  133,  429,  198,  706,  566,  437,  964,  516,  337,  461,  690,  573,  302,  387,  115,  177,  214,  587,  234,  720,  785,  203,  189,  725,  608,  635,  473,   46,  678,  792,  398,  488,  304,  273,  580,  621,  840,  155,  976,  399,  381,  301,  885,  211,  781,  841,  284,  446,  154,  557,  411,   90,   44,  316,  548,  434,  535,  457,  657,   73,  677,  496,  384,  354,  625,  290,  198,  198,  469,  304,  228,  159,  347,  508,  338,  780,  417,  608,  571,  306,  778,  526,  193,  534,  681,  394,  845,  636],
        [  357,    0,  414,  854,   31,  213,  765,  124,  570,  255,  601,    0,  306,  577,  499,  554,  535,  594,  338,  612,  237,  922,  352,  690,  417,  734,  590,  179,  770,  422,  561, 1020,  369,  522,  614,  380,  567,  163,  882,  303,  541,  495,  442,  143,  513,  447,  227,  404,  483,  190,  338,  286,  390,  577,  389,  244,  212,  534,  501,  615,  252,  245,  240,  756,  385,  500,  579,  361,  315,  620,  754,  314,  724,  415,  644,  263,  553,  605,  644,  675,  400,  479,  791,  438,   63,  566,  572,  451,  529,  472,  548,  652,  788,  755,  134,  349,  518,  565,  895,  632,  363,  738,  351,  455,  117,  524,  178,  785,  757,  223,  116,  887,  247,  662],
        [  660,    0,  500,  589,  275,  325,  693,  183,  274,  369,  313,  306,    0,  531,  461,  294,  269,  291,  632,  544,  539,  650,  295,  429,  266,  784,  285,  164,  466,  558,  406,  747,  674,  352,  456,  227,  624,  336,  610,  106,  288,  269,  232,  339,  217,  579,  516,  152,  263,  464,  330,  339,  382,  281,  523,  529,  149,  343,  227,  426,  384,  412,  542,  464,  690,  409,  454,  212,  612,  401,  777,  590,  509,  379,  339,  262,  452,  342,  352,  490,  306,  415,  669,  261,  366,  266,  619,  437,  286,  359,  575,  461,  487,  492,  174,  200,  322,  332,  642,  558,  252,  768,  311,  377,  260,  249,  480,  662,  453,  230,  404,  660,  551,  646],
        [  750,    0,  240,  569,  564,  369,  189,  548,  701,  804,  520,  577,  531,    0,   79,  423,  435,  673,  682,   47,  667,  641,  248,  466,  275,  295,  628,  455,  703,  321,  935,  722,  804,  881,  212,  756,  199,  427,  614,  631,  407,  353,  343,  451,  664,  317,  606,  422,  346,  548,  826,  806,  187,  543,  317,  596,  435,  868,  714,  276,  354,  387,  744,  612,  801,  130,  149,  320,  686,  338,  263,  599,  366,  167,  667,  744,  111,  443,  551,  282,  829,  116,  244,  790,  590,  559,  181,  128,  792,  182,  134,  287,  684,  503,  520,  332,  294,  364,  566,   68,  280,  260,  239,  900,  647,  730,  700,  242,  703,  698,  564,  493,  725,  120],
        [  687,    0,  192,  574,  486,  292,  266,  471,  649,  725,  486,  499,  461,   79,    0,  388,  396,  625,  620,  115,  598,  649,  172,  453,  216,  337,  583,  378,  676,  280,  866,  735,  738,  813,  218,  684,  205,  352,  618,  560,  371,  312,  292,  376,  608,  282,  538,  364,  302,  478,  750,  729,  110,  503,  268,  530,  359,  802,  654,  271,  282,  318,  672,  594,  737,   89,  152,  254,  623,  326,  319,  539,  377,   90,  626,  667,  106,  416,  521,  295,  756,   53,  308,  721,  514,  516,  192,   54,  730,  133,  140,  291,  662,  498,  443,  264,  260,  336,  580,  136,  211,  312,  162,  827,  568,  671,  626,  304,  675,  622,  490,  519,  655,  186],
        [  878,    0,  531,  301,  526,  460,  521,  448,  306,  663,   98,  554,  294,  423,  388,    0,   28,  264,  832,  410,  761,  368,  310,  138,  202,  717,  214,  377,  291,  616,  613,  467,  907,  560,  247,  482,  593,  504,  329,  387,   19,   84,  129,  520,  288,  628,  721,  153,   96,  659,  615,  632,  380,  123,  589,  726,  344,  536,  355,  187,  501,  543,  791,  225,  918,  302,  286,  222,  820,  133,  684,  769,  229,  352,  246,  553,  314,   52,  134,  239,  569,  337,  454,  489,  605,  144,  580,  400,  437,  257,  528,  211,  283,  202,  427,  228,  130,   67,  349,  413,  253,  683,  328,  634,  543,  362,  730,  445,  288,  523,  623,  369,  792,  539],
        [  863,    0,  531,  323,  506,  449,  541,  426,  284,  638,   93,  535,  269,  435,  396,   28,    0,  245,  819,  425,  746,  388,  306,  161,  200,  728,  196,  358,  289,  615,  587,  487,  891,  534,  267,  455,  600,  491,  349,  360,   33,   86,  123,  506,  263,  628,  707,  132,   97,  645,  588,  606,  381,  108,  587,  712,  326,  510,  329,  210,  493,  534,  773,  234,  902,  311,  302,  213,  807,  159,  697,  758,  256,  354,  232,  528,  327,   73,  133,  264,  542,  344,  477,  462,  587,  126,  587,  405,  412,  264,  535,  235,  286,  225,  406,  217,  142,   90,  373,  428,  248,  695,  325,  607,  520,  337,  711,  468,  285,  498,  607,  395,  775,  553],
        [  950,    0,  729,  438,  563,  593,  784,  471,   59,  594,  185,  594,  291,  673,  625,  264,  245,    0,  922,  666,  829,  473,  499,  327,  412,  962,   53,  449,  207,  803,  401,  557,  962,  355,  511,  341,  822,  616,  438,  314,  276,  321,  334,  623,   94,  821,  806,  274,  328,  753,  499,  543,  586,  145,  771,  818,  426,  323,  152,  450,  649,  684,  826,  261,  979,  545,  545,  395,  902,  392,  936,  877,  468,  567,   67,  470,  567,  273,  188,  498,  420,  572,  716,  317,  656,  121,  812,  623,  217,  495,  761,  471,  244,  366,  464,  391,  384,  331,  504,  671,  440,  932,  519,  468,  530,  143,  765,  707,  189,  461,  695,  568,  839,  792],
        [   75,    0,  446, 1115,  367,  378,  855,  457,  903,  514,  899,  338,  632,  682,  620,  832,  819,  922,    0,  727,  112, 1188,  550,  958,  651,  699,  911,  477, 1082,  384,  881, 1285,  139,  848,  807,  711,  567,  329, 1151,  640,  816,  758,  705,  313,  845,  401,  116,  696,  744,  174,  635,  569,  530,  883,  374,  107,  505,  864,  838,  833,  353,  310,  193, 1051,  126,  667,  752,  613,   32,  860,  746,   84,  950,  566,  966,  577,  712,  881,  942,  882,  716,  629,  924,  770,  276,  877,  581,  568,  866,  664,  588,  866, 1094, 1020,  459,  605,  757,  823, 1144,  749,  592,  726,  537,  759,  439,  861,  218,  922, 1071,  546,  228, 1110,  156,  715],
        [  795,    0,  286,  534,  598,  406,  156,  576,  698,  832,  506,  612,  544,   47,  115,  410,  425,  666,  727,    0,  710,  605,  273,  440,  282,  316,  619,  481,  683,  368,  946,  683,  848,  891,  183,  771,  239,  466,  579,  647,  395,  346,  344,  490,  664,  364,  649,  426,  340,  591,  848,  832,  223,  532,  363,  640,  459,  877,  718,  249,  395,  430,  786,  588,  846,  136,  126,  333,  731,  314,  276,  645,  331,  198,  656,  767,  100,  425,  534,  247,  846,  138,  198,  803,  628,  550,  221,  167,  797,  187,  177,  256,  662,  473,  548,  346,  283,  348,  527,   22,  297,  276,  267,  918,  676,  732,  740,  195,  685,  723,  605,  451,  768,  132],
        [  121,    0,  445, 1053,  267,  326,  849,  359,  806,  404,  820,  237,  539,  667,  598,  761,  746,  829,  112,  710,    0, 1124,  500,  892,  593,  731,  822,  393,  998,  402,  770, 1223,  148,  738,  766,  603,  584,  268, 1086,  537,  746,  692,  639,  248,  749,  424,   65,  618,  679,  120,  523,  458,  498,  801,  384,   82,  423,  755,  737,  784,  318,  281,  101,  974,  157,  632,  717,  548,   83,  803,  771,  136,  900,  532,  876,  466,  680,  812,  864,  837,  606,  598,  906,  662,  174,  793,  595,  545,  761,  620,  592,  819, 1012,  955,  365,  539,  699,  760, 1087,  732,  534,  751,  491,  648,  331,  760,  109,  902,  986,  437,  140, 1063,   68,  718],
        [ 1239,    0,  830,   76,  893,  811,  630,  814,  531, 1015,  341,  922,  650,  641,  649,  368,  388,  473, 1188,  605, 1124,    0,  643,  233,  539,  910,  432,  744,  298,  920,  873,   99, 1271,  828,  433,  796,  839,  861,   40,  728,  381,  433,  486,  879,  553,  926, 1080,  520,  446, 1017,  947,  976,  689,  381,  901, 1083,  711,  796,  621,  380,  844,  887, 1158,  213, 1280,  567,  499,  578, 1179,  335,  856, 1120,  275,  654,  410,  898,  544,  317,  309,  359,  881,  610,  511,  783,  972,  403,  822,  683,  690,  546,  773,  358,  251,  170,  794,  586,  434,  366,   92,  594,  597,  863,  659,  936,  906,  616, 1097,  504,  315,  874,  987,  200, 1158,  725],
        [  606,    0,  231,  569,  334,  176,  428,  304,  512,  561,  397,  352,  295,  248,  172,  310,  306,  499,  550,  273,  500,  643,    0,  418,  109,  491,  465,  209,  594,  311,  699,  739,  647,  646,  268,  514,  334,  233,  607,  390,  292,  227,  183,  255,  464,  326,  448,  226,  214,  385,  579,  560,   90,  400,  282,  447,  188,  638,  502,  285,  201,  244,  556,  534,  652,  150,  228,  105,  544,  311,  483,  478,  401,   85,  514,  496,  202,  353,  438,  338,  584,  136,  440,  554,  380,  406,  327,  143,  572,  123,  281,  320,  591,  477,  276,  110,  210,  283,  595,  290,   61,  474,   21,  655,  405,  521,  502,  435,  588,  451,  373,  563,  546,  357],
        [ 1007,    0,  621,  164,  662,  581,  514,  585,  381,  798,  148,  690,  429,  466,  453,  138,  161,  327,  958,  440,  892,  233,  418,    0,  310,  755,  275,  512,  254,  710,  714,  332, 1039,  663,  257,  602,  655,  630,  194,  517,  150,  201,  254,  648,  381,  719,  849,  291,  214,  786,  743,  764,  474,  193,  687,  852,  479,  635,  452,  191,  617,  660,  926,  150, 1048,  366,  317,  346,  948,  128,  712,  891,  150,  440,  282,  686,  358,   88,  141,  208,  689,  407,  420,  602,  740,  220,  640,  478,  531,  334,  588,  189,  226,   65,  564,  354,  210,  136,  213,  435,  368,  714,  435,  752,  680,  454,  865,  412,  260,  658,  754,  247,  925,  570],
        [  703,    0,  332,  465,  393,  274,  428,  340,  433,  591,  292,  417,  266,  275,  216,  202,  200,  412,  651,  282,  593,  539,  109,  310,    0,  553,  372,  247,  489,  415,  664,  635,  740,  610,  205,  492,  411,  326,  501,  370,  183,  119,   80,  346,  392,  428,  545,  148,  106,  481,  584,  578,  182,  299,  388,  546,  216,  596,  440,  199,  307,  350,  639,  425,  747,  147,  190,   62,  643,  211,  534,  582,  310,  157,  419,  507,  187,  244,  332,  260,  571,  164,  409,  522,  456,  309,  400,  212,  517,   96,  350,  236,  484,  371,  312,   76,  107,  175,  495,  294,   60,  528,  128,  642,  444,  457,  581,  402,  484,  465,  459,  474,  633,  394],
        [  773,    0,  320,  842,  733,  529,  300,  750,  986,  986,  814,  734,  784,  295,  337,  717,  728,  962,  699,  316,  731,  910,  491,  755,  553,    0,  918,  669,  997,  331, 1187,  981,  837, 1135,  498,  999,  169,  571,  888,  875,  700,  645,  628,  591,  944,  308,  667,  700,  636,  628, 1038, 1004,  403,  835,  355,  649,  660, 1127,  988,  565,  483,  494,  826,  904,  824,  418,  440,  586,  716,  629,   70,  619,  641,  408,  959,  955,  405,  737,  845,  559, 1062,  390,  423, 1042,  722,  851,  169,  350, 1062,  468,  210,  570,  977,  787,  725,  595,  587,  658,  827,  322,  541,   53,  474, 1131,  831, 1006,  800,  427,  997,  908,  676,  737,  798,  187],
        [  943,    0,  695,  393,  559,  571,  734,  468,  106,  612,  133,  590,  285,  628,  583,  214,  196,   53,  911,  619,  822,  432,  465,  275,  372,  918,    0,  435,  187,  772,  446,  519,  958,  399,  460,  370,  782,  598,  396,  326,  227,  275,  293,  607,  122,  789,  796,  242,  283,  740,  526,  564,  549,   93,  741,  806,  409,  368,  189,  399,  624,  661,  826,  220,  974,  501,  497,  361,  893,  340,  890,  863,  416,  529,   55,  489,  521,  221,  137,  446,  452,  530,  664,  352,  650,   70,  771,  584,  262,  451,  720,  419,  216,  316,  458,  358,  337,  280,  458,  623,  405,  887,  485,  505,  535,  186,  764,  656,  171,  475,  686,  518,  836,  746],
        [  513,    0,  363,  675,  151,  167,  636,   96,  437,  353,  429,  179,  164,  455,  378,  377,  358,  449,  477,  481,  393,  744,  209,  512,  247,  669,  435,    0,  606,  408,  529,  843,  536,  479,  450,  337,  503,  172,  705,  219,  363,  317,  265,  176,  380,  430,  362,  228,  305,  305,  374,  352,  277,  409,  373,  372,   34,  479,  389,  444,  227,  251,  415,  583,  548,  355,  425,  188,  460,  444,  674,  429,  550,  289,  490,  291,  406,  428,  472,  506,  393,  344,  643,  386,  230,  401,  501,  339,  440,  318,  465,  481,  620,  576,   68,  175,  343,  388,  717,  499,  200,  661,  217,  462,  200,  412,  354,  637,  595,  245,  254,  712,  417,  558],
        [ 1118,    0,  820,  288,  739,  726,  768,  649,  260,  796,  198,  770,  466,  703,  676,  291,  289,  207, 1082,  683,  998,  298,  594,  254,  489,  997,  187,  606,    0,  903,  589,  368, 1137,  550,  504,  547,  881,  761,  271,  511,  309,  373,  411,  773,  299,  917,  967,  391,  385,  909,  705,  747,  669,  201,  875,  976,  578,  515,  357,  437,  774,  814, 1007,  112, 1152,  589,  558,  497, 1066,  371,  958, 1029,  401,  642,  141,  673,  593,  261,  158,  462,  625,  625,  673,  521,  829,  206,  868,  690,  412,  546,  815,  441,   48,  255,  636,  499,  417,  341,  355,  681,  535,  959,  614,  671,  721,  345,  945,  665,   19,  661,  860,  443, 1016,  814],
        [  457,    0,   91,  845,  427,  243,  478,  466,  809,  676,  706,  422,  558,  321,  280,  616,  615,  803,  384,  368,  402,  920,  311,  710,  415,  331,  772,  408,  903,    0,  934, 1010,  518,  886,  495,  742,  184,  266,  888,  626,  598,  533,  493,  281,  757,   26,  339,  531,  520,  298,  748,  704,  238,  710,   35,  322,  412,  886,  783,  542,  185,  178,  497,  838,  509,  355,  430,  413,  396,  589,  369,  301,  653,  270,  823,  666,  385,  655,  747,  573,  790,  312,  562,  793,  400,  716,  197,  238,  842,  377,  208,  567,  899,  762,  446,  414,  502,  580,  857,  388,  371,  349,  291,  854,  530,  804,  471,  560,  898,  621,  350,  799,  469,  333],
        [  877,    0,  890,  838,  540,  692, 1090,  473,  343,  389,  566,  561,  406,  935,  866,  613,  587,  401,  881,  946,  770,  873,  699,  714,  664, 1187,  446,  529,  589,  934,    0,  953,  861,   55,  834,  193, 1024,  678,  838,  313,  617,  630,  612,  670,  333,  958,  780,  526,  630,  751,  257,  326,  785,  521,  899,  800,  531,   79,  263,  789,  751,  767,  720,  660,  886,  810,  846,  615,  853,  745, 1182,  872,  840,  784,  464,  305,  850,  642,  582,  848,  165,  820, 1051,  146,  616,  494, 1020,  841,  185,  759,  979,  818,  633,  760,  490,  604,  695,  673,  903,  958,  656, 1172,  715,  141,  447,  262,  671, 1043,  571,  339,  675,  960,  747, 1051],
        [ 1336,    0,  920,  171,  992,  908,  692,  912,  614, 1110,  437, 1020,  747,  722,  735,  467,  487,  557, 1285,  683, 1223,   99,  739,  332,  635,  981,  519,  843,  368, 1010,  953,    0, 1369,  910,  518,  886,  920,  959,  139,  822,  480,  532,  585,  977,  640, 1015, 1178,  618,  544, 1115, 1039, 1070,  782,  474,  992, 1180,  810,  877,  707,  469,  939,  983, 1257,  299, 1378,  656,  585,  675, 1277,  429,  923, 1216,  359,  746,  491,  992,  630,  416,  402,  442,  970,  699,  570,  871, 1071,  496,  903,  772,  772,  638,  855,  445,  322,  268,  892,  684,  530,  463,  157,  671,  694,  932,  754, 1023, 1004,  700, 1196,  564,  386,  970, 1085,  248, 1256,  799],
        [   66,    0,  573, 1200,  400,  472,  982,  492,  935,  475,  964,  369,  674,  804,  738,  907,  891,  962,  139,  848,  148, 1271,  647, 1039,  740,  837,  958,  536, 1137,  518,  861, 1369,    0,  835,  912,  709,  702,  416, 1233,  660,  892,  838,  785,  395,  878,  536,  201,  762,  826,  264,  606,  537,  641,  942,  505,  208,  567,  856,  860,  931,  460,  421,  143, 1118,   29,  776,  861,  695,  122,  951,  883,  219, 1047,  676, 1012,  563,  824,  958, 1007,  984,  697,  741, 1045,  767,  309,  933,  715,  685,  875,  767,  719,  966, 1154, 1102,  502,  686,  847,  907, 1234,  870,  681,  863,  637,  729,  444,  882,  200, 1042, 1125,  542,  285, 1210,  124,  845],
        [  848,    0,  840,  791,  499,  644, 1035,  428,  297,  370,  516,  522,  352,  881,  813,  560,  534,  355,  848,  891,  738,  828,  646,  663,  610, 1135,  399,  479,  550,  886,   55,  910,  835,    0,  780,  146,  972,  632,  792,  262,  563,  576,  557,  626,  283,  909,  744,  471,  576,  712,  239,  306,  732,  471,  851,  763,  480,   36,  212,  735,  703,  721,  693,  615,  859,  756,  791,  561,  820,  691, 1129,  835,  787,  730,  420,  274,  796,  590,  533,  794,  140,  766,  996,   94,  579,  444,  968,  788,  139,  705,  926,  765,  592,  711,  443,  550,  640,  620,  856,  903,  602, 1119,  662,  141,  411,  214,  642,  988,  531,  303,  637,  910,  719,  997],
        [  868,    0,  405,  359,  592,  441,  275,  544,  550,  795,  337,  614,  456,  212,  218,  247,  267,  511,  807,  183,  766,  433,  268,  257,  205,  498,  460,  450,  504,  495,  834,  518,  912,  780,    0,  677,  408,  500,  404,  561,  235,  205,  226,  523,  525,  498,  712,  312,  204,  648,  782,  781,  279,  369,  480,  708,  420,  760,  587,   68,  455,  497,  824,  407,  915,  144,   67,  266,  805,  133,  455,  730,  160,  242,  490,  707,  112,  251,  360,   78,  760,  186,  217,  698,  647,  391,  391,  258,  669,  146,  341,   76,  481,  292,  516,  280,  140,  181,  363,  179,  253,  457,  276,  830,  648,  598,  770,  209,  507,  668,  640,  307,  814,  313],
        [  716,    0,  698,  748,  356,  499,  919,  283,  290,  270,  461,  380,  227,  756,  684,  482,  455,  341,  711,  771,  603,  796,  514,  602,  492,  999,  370,  337,  547,  742,  193,  886,  709,  146,  677,    0,  834,  487,  758,  125,  481,  479,  451,  480,  250,  765,  604,  365,  476,  569,  160,  211,  598,  418,  707,  623,  340,  155,  193,  640,  558,  575,  566,  588,  732,  635,  679,  438,  684,  606,  997,  693,  709,  599,  407,  152,  678,  521,  489,  702,   88,  640,  892,   60,  439,  394,  831,  656,  173,  586,  791,  673,  583,  658,  298,  425,  539,  534,  808,  784,  476,  986,  529,  154,  273,  209,  511,  885,  529,  168,  495,  847,  589,  870],
        [  641,    0,  154,  766,  565,  360,  310,  582,  841,  818,  690,  567,  624,  199,  205,  593,  600,  822,  567,  239,  584,  839,  334,  655,  411,  169,  782,  503,  881,  184, 1024,  920,  702,  972,  408,  834,    0,  404,  811,  711,  575,  515,  489,  425,  796,  167,  520,  553,  504,  474,  870,  836,  244,  705,  201,  504,  495,  966,  835,  468,  316,  330,  675,  798,  693,  293,  342,  434,  580,  527,  191,  484,  564,  257,  827,  787,  299,  621,  725,  480,  895,  257,  411,  879,  559,  717,   19,  199,  905,  336,   68,  483,  867,  697,  557,  442,  465,  541,  764,  255,  388,  173,  316,  964,  663,  854,  644,  412,  879,  740,  516,  689,  649,  160],
        [  378,    0,  251,  789,  164,   61,  615,  206,  607,  416,  573,  163,  336,  427,  352,  504,  491,  616,  329,  466,  268,  861,  233,  630,  326,  571,  598,  172,  761,  266,  678,  959,  416,  632,  500,  487,  404,    0,  823,  381,  488,  430,  377,   25,  551,  290,  220,  371,  416,  156,  483,  440,  244,  560,  232,  223,  191,  637,  560,  516,   89,   90,  326,  724,  422,  370,  454,  285,  318,  536,  591,  268,  632,  275,  653,  402,  421,  553,  617,  570,  528,  341,  654,  541,  164,  557,  409,  300,  608,  354,  387,  552,  769,  692,  190,  277,  433,  496,  820,  487,  267,  575,  225,  591,  265,  583,  276,  650,  751,  356,  142,  795,  314,  503],
        [ 1200,    0,  798,   46,  854,  774,  613,  774,  496,  975,  302,  882,  610,  614,  618,  329,  349,  438, 1151,  579, 1086,   40,  607,  194,  501,  888,  396,  705,  271,  888,  838,  139, 1233,  792,  404,  758,  811,  823,    0,  688,  342,  395,  448,  841,  516,  894, 1042,  480,  408,  979,  908,  936,  655,  342,  867, 1045,  672,  760,  584,  348,  807,  850, 1119,  179, 1242,  535,  470,  539, 1141,  301,  835, 1083,  249,  620,  376,  858,  515,  277,  270,  333,  843,  578,  497,  746,  933,  365,  794,  651,  655,  512,  745,  329,  224,  132,  754,  548,  397,  328,   92,  569,  560,  842,  623,  899,  866,  580, 1058,  489,  287,  834,  948,  198, 1119,  702],
        [  656,    0,  578,  672,  274,  385,  797,  187,  279,  289,  387,  303,  106,  631,  560,  387,  360,  314,  640,  647,  537,  728,  390,  517,  370,  875,  326,  219,  511,  626,  313,  822,  660,  262,  561,  125,  711,  381,  688,    0,  382,  370,  336,  378,  224,  649,  527,  254,  365,  484,  229,  249,  473,  348,  591,  543,  219,  261,  200,  529,  445,  466,  521,  529,  680,  512,  559,  315,  617,  502,  872,  611,  608,  474,  374,  171,  556,  431,  421,  593,  201,  516,  775,  169,  365,  328,  708,  531,  230,  463,  667,  564,  540,  577,  194,  302,  426,  431,  728,  661,  352,  862,  404,  272,  220,  223,  461,  767,  496,  150,  414,  755,  537,  745],
        [  862,    0,  513,  313,  513,  443,  509,  436,  316,  655,  115,  541,  288,  407,  371,   19,   33,  276,  816,  395,  746,  381,  292,  150,  183,  700,  227,  363,  309,  598,  617,  480,  892,  563,  235,  481,  575,  488,  342,  382,    0,   65,  112,  504,  295,  610,  705,  143,   78,  643,  611,  626,  362,  137,  571,  710,  330,  540,  360,  178,  484,  526,  777,  243,  903,  285,  272,  205,  805,  128,  668,  753,  228,  334,  261,  548,  298,   66,  152,  233,  568,  319,  445,  490,  592,  157,  563,  382,  443,  240,  510,  204,  301,  214,  415,  211,  114,   58,  359,  398,  236,  667,  310,  634,  533,  369,  716,  436,  305,  517,  608,  373,  778,  524],
        [  806,    0,  448,  362,  468,  382,  471,  397,  353,  629,  177,  495,  269,  353,  312,   84,   86,  321,  758,  346,  692,  433,  227,  201,  119,  645,  275,  317,  373,  533,  630,  532,  838,  576,  205,  479,  515,  430,  395,  370,   65,    0,   54,  447,  323,  545,  648,  118,   14,  585,  598,  605,  297,  192,  506,  652,  284,  556,  383,  161,  421,  463,  727,  307,  848,  228,  228,  145,  747,  134,  616,  692,  243,  270,  315,  529,  247,  127,  216,  224,  564,  259,  421,  496,  542,  206,  502,  320,  465,  179,  450,  195,  366,  264,  373,  153,   67,   71,  401,  352,  172,  613,  246,  633,  497,  395,  668,  413,  369,  494,  554,  400,  726,  472],
        [  753,    0,  411,  415,  416,  331,  479,  347,  359,  585,  214,  442,  232,  343,  292,  129,  123,  334,  705,  344,  639,  486,  183,  254,   80,  628,  293,  265,  411,  493,  612,  585,  785,  557,  226,  451,  489,  377,  448,  336,  112,   54,    0,  394,  321,  507,  596,   87,   41,  533,  560,  564,  261,  219,  465,  599,  232,  540,  375,  196,  372,  414,  675,  354,  795,  214,  234,   93,  695,  181,  605,  641,  289,  237,  339,  489,  244,  177,  256,  260,  534,  239,  442,  473,  489,  229,  479,  291,  455,  162,  428,  232,  409,  317,  323,  101,   91,  124,  454,  352,  125,  600,  203,  604,  449,  389,  615,  434,  405,  451,  501,  449,  673,  463],
        [  360,    0,  272,  807,  146,   85,  639,  198,  612,  397,  587,  143,  339,  451,  376,  520,  506,  623,  313,  490,  248,  879,  255,  648,  346,  591,  607,  176,  773,  281,  670,  977,  395,  626,  523,  480,  425,   25,  841,  378,  504,  447,  394,    0,  555,  306,  202,  384,  434,  139,  469,  423,  268,  572,  248,  206,  198,  631,  561,  538,  110,  104,  302,  738,  402,  394,  478,  302,  301,  556,  613,  257,  653,  299,  662,  389,  445,  570,  630,  592,  517,  365,  678,  535,  140,  568,  430,  324,  606,  377,  409,  573,  782,  710,  185,  294,  452,  514,  840,  511,  286,  597,  248,  579,  249,  584,  252,  674,  762,  344,  118,  816,  291,  527],
        [  869,    0,  690,  511,  482,  535,  794,  390,   58,  501,  234,  513,  217,  664,  608,  288,  263,   94,  845,  664,  749,  553,  464,  381,  392,  944,  122,  380,  299,  757,  333,  640,  878,  283,  525,  250,  796,  551,  516,  224,  295,  323,  321,  555,    0,  777,  730,  245,  327,  679,  407,  450,  554,  189,  724,  743,  362,  254,   71,  472,  593,  624,  741,  342,  896,  535,  549,  362,  825,  421,  925,  806,  510,  540,  159,  377,  565,  312,  252,  527,  331,  556,  738,  231,  575,  162,  787,  598,  151,  483,  738,  498,  334,  429,  386,  355,  389,  352,  575,  672,  408,  919,  484,  384,  442,   75,  680,  730,  281,  369,  618,  628,  755,  784],
        [  475,    0,   99,  851,  452,  266,  467,  491,  828,  701,  720,  447,  579,  317,  282,  628,  628,  821,  401,  364,  424,  926,  326,  719,  428,  308,  789,  430,  917,   26,  958, 1015,  536,  909,  498,  765,  167,  290,  894,  649,  610,  545,  507,  306,  777,    0,  360,  548,  533,  321,  773,  729,  249,  725,   59,  342,  434,  909,  803,  547,  209,  203,  519,  849,  526,  360,  433,  429,  414,  596,  348,  318,  657,  280,  839,  691,  387,  666,  760,  576,  814,  317,  555,  816,  425,  731,  182,  244,  864,  385,  198,  571,  911,  770,  470,  431,  512,  590,  861,  384,  386,  329,  306,  879,  555,  824,  494,  554,  912,  645,  374,  800,  490,  320],
        [  159,    0,  381, 1008,  254,  274,  787,  343,  788,  429,  785,  227,  516,  606,  538,  721,  707,  806,  116,  649,   65, 1080,  448,  849,  545,  667,  796,  362,  967,  339,  780, 1178,  201,  744,  712,  604,  520,  220, 1042,  527,  705,  648,  596,  202,  730,  360,    0,  582,  635,   64,  541,  478,  440,  768,  320,   24,  390,  758,  724,  733,  260,  220,  161,  938,  204,  575,  660,  504,  100,  755,  707,   95,  849,  475,  850,  476,  623,  771,  829,  784,  616,  540,  845,  663,  166,  762,  531,  485,  755,  567,  528,  767,  980,  911,  344,  495,  652,  715, 1039,  671,  486,  687,  438,  664,  334,  747,  151,  842,  956,  442,  114, 1011,  131,  655],
        [  737,    0,  456,  454,  375,  336,  565,  295,  289,  516,  203,  404,  152,  422,  364,  153,  132,  274,  696,  426,  618,  520,  226,  291,  148,  700,  242,  228,  391,  531,  526,  618,  762,  471,  312,  365,  553,  371,  480,  254,  143,  118,   87,  384,  245,  548,  582,    0,  112,  522,  481,  489,  313,  190,  500,  589,  196,  454,  293,  276,  386,  425,  642,  357,  774,  293,  321,  121,  682,  250,  681,  639,  358,  296,  294,  412,  328,  204,  247,  340,  449,  312,  528,  387,  457,  189,  544,  354,  371,  241,  494,  311,  399,  355,  275,  117,  174,  182,  501,  436,  167,  675,  246,  519,  390,  309,  580,  521,  382,  378,  479,  512,  645,  542],
        [  793,    0,  436,  375,  456,  369,  468,  387,  358,  621,  189,  483,  263,  346,  302,   96,   97,  328,  744,  340,  679,  446,  214,  214,  106,  636,  283,  305,  385,  520,  630,  544,  826,  576,  204,  476,  504,  416,  408,  365,   78,   14,   41,  434,  327,  533,  635,  112,    0,  572,  592,  598,  285,  201,  493,  638,  272,  556,  385,  165,  407,  450,  715,  320,  835,  219,  223,  132,  734,  143,  609,  679,  251,  258,  325,  522,  241,  140,  228,  228,  561,  249,  421,  495,  530,  215,  492,  308,  467,  170,  440,  199,  379,  277,  363,  141,   65,   83,  413,  347,  159,  605,  233,  630,  488,  398,  656,  413,  381,  486,  542,  410,  713,  465],
        [  223,    0,  330,  944,  214,  210,  731,  298,  737,  420,  725,  190,  464,  548,  478,  659,  645,  753,  174,  591,  120, 1017,  385,  786,  481,  628,  740,  305,  909,  298,  751, 1115,  264,  712,  648,  569,  474,  156,  979,  484,  643,  585,  533,  139,  679,  321,   64,  522,  572,    0,  521,  463,  379,  709,  274,   68,  332,  723,  677,  669,  198,  161,  203,  877,  268,  512,  598,  441,  162,  691,  663,  128,  785,  413,  795,  451,  561,  708,  769,  721,  589,  479,  786,  627,  138,  704,  483,  425,  713,  503,  477,  704,  920,  848,  295,  433,  588,  652,  976,  612,  422,  644,  374,  642,  305,  701,  174,  782,  898,  413,   77,  947,  179,  602],
        [  625,    0,  723,  894,  325,  514, 1002,  289,  449,  133,  608,  338,  330,  826,  750,  615,  588,  499,  635,  848,  523,  947,  579,  743,  584, 1038,  526,  374,  705,  748,  257, 1039,  606,  239,  782,  160,  870,  483,  908,  229,  611,  598,  560,  469,  407,  773,  541,  481,  592,  521,    0,   70,  651,  567,  714,  562,  391,  266,  352,  755,  566,  572,  465,  742,  631,  716,  773,  524,  605,  730, 1046,  635,  836,  661,  565,   84,  764,  658,  639,  819,  101,  712,  992,  199,  384,  544,  870,  713,  323,  671,  837,  790,  740,  802,  314,  511,  651,  659,  953,  865,  554, 1033,  588,  125,  222,  368,  420,  985,  688,  131,  445,  983,  495,  932],
        [  557,    0,  686,  920,  277,  476,  987,  260,  496,   64,  635,  286,  339,  806,  729,  632,  606,  543,  569,  832,  458,  976,  560,  764,  578, 1004,  564,  352,  747,  704,  326, 1070,  537,  306,  781,  211,  836,  440,  936,  249,  626,  605,  564,  423,  450,  729,  478,  489,  598,  463,   70,    0,  626,  596,  671,  500,  374,  333,  401,  759,  526,  527,  397,  775,  562,  703,  766,  517,  539,  739, 1016,  573,  847,  640,  607,   79,  753,  678,  669,  823,  167,  695,  985,  258,  326,  575,  837,  688,  381,  661,  807,  795,  780,  825,  287,  503,  654,  670,  976,  849,  542, 1002,  568,  193,  175,  418,  353,  979,  730,  114,  387,  999,  427,  907],
        [  593,    0,  151,  614,  378,  184,  375,  367,  600,  619,  473,  390,  382,  187,  110,  380,  381,  586,  530,  223,  498,  689,   90,  474,  182,  403,  549,  277,  669,  238,  785,  782,  641,  732,  279,  598,  244,  244,  655,  473,  362,  297,  261,  268,  554,  249,  440,  313,  285,  379,  651,  626,    0,  480,  214,  434,  262,  725,  591,  315,  181,  221,  567,  601,  642,  137,  222,  193,  529,  355,  400,  452,  430,   37,  598,  567,  183,  418,  512,  356,  664,  101,  411,  639,  405,  488,  238,   63,  661,  144,  194,  344,  663,  528,  339,  199,  265,  343,  631,  243,  147,  389,   72,  734,  462,  610,  519,  407,  665,  521,  384,  586,  552,  282],
        [  921,    0,  629,  330,  546,  526,  643,  459,  192,  637,   46,  577,  281,  543,  503,  123,  108,  145,  883,  532,  801,  381,  400,  193,  299,  835,   93,  409,  201,  710,  521,  474,  942,  471,  369,  418,  705,  560,  342,  348,  137,  192,  219,  572,  189,  725,  768,  190,  201,  709,  567,  596,  480,    0,  680,  776,  379,  442,  259,  307,  574,  614,  816,  184,  956,  418,  408,  299,  868,  248,  805,  828,  327,  455,  125,  518,  434,  129,   73,  354,  504,  450,  572,  412,  634,   27,  693,  508,  338,  370,  641,  327,  212,  243,  444,  300,  250,  189,  391,  535,  340,  803,  420,  564,  540,  261,  754,  563,  192,  497,  662,  440,  822,  660],
