{
    "name": "random-33-5202",
    "comment": "size=33 seed=5202",
    "nodes": ["+0", "-0", "+1", "-1", "+2", "-2", "+3", "-3", "+4", "-4", "+5", "-5", "+6", "-6", "+7", "-7", "+8", "-8", "+9", "-9", "+10", "-10", "+11", "-11", "+12", "-12", "+13", "-13", "+14", "-14", "+15", "-15", "+16", "-16", "+17", "-17", "+18", "-18", "+19", "-19", "+20", "-20", "+21", "-21", "+22", "-22", "+23", "-23", "+24", "-24", "+25", "-25", "+26", "-26", "+27", "-27", "+28", "-28", "+29", "-29", "+30", "-30", "+31", "-31", "+32", "-32", "+33", "-33"],
    "precedence": {
        "+0": "-0",
        "+1": "-1",
        "+2": "-2",
        "+3": "-3",
        "+4": "-4",
        "+5": "-5",
        "+6": "-6",
        "+7": "-7",
        "+8": "-8",
        "+9": "-9",
        "+10": "-10",
        "+11": "-11",
        "+12": "-12",
        "+13": "-13",
        "+14": "-14",
        "+15": "-15",
        "+16": "-16",
        "+17": "-17",
        "+18": "-18",
        "+19": "-19",
        "+20": "-20",
        "+21": "-21",
        "+22": "-22",
        "+23": "-23",
        "+24": "-24",
        "+25": "-25",
        "+26": "-26",
        "+27": "-27",
        "+28": "-28",
        "+29": "-29",
        "+30": "-30",
        "+31": "-31",
        "+32": "-32",
        "+33": "-33"
    },
    "edges": [
        [    0,    0,  740,   50,  631,  968,   87,  800,  520,  839,  891,  681,  970,  720,  990,  608,  256,  397,  125,  692,  942,  347,  324,  662,  798,  876,  413,  334,  125,  411,   73,  742,  702,  895,  343,  492,  981,  528,  758,  499,  650,  456,  855,  877,  336,  595,  234,  219,  603,  687,  896,  407,  708,  252,  739,  221,  531,  654,  735,  652,  499,  498,  846,  761,  726,  645,  856,  470],
        [    0,    0,  740,   50,  631,  968,   87,  800,  520,  839,  891,  681,  970,  720,  990,  608,  256,  397,  125,  692,  942,  347,  324,  662,  798,  876,  413,  334,  125,  411,   73,  742,  702,  895,  343,  492,  981,  528,  758,  499,  650,  456,  855,  877,  336,  595,  234,  219,  603,  687,  896,  407,  708,  252,  739,  221,  531,  654,  735,  652,  499,  498,  846,  761,  726,  645,  856,  470],
        [  740,  740,    0,  789,  756,  750,  661,  498,  510,  549,  548,  488,  651,  995,  703,  136,  800,  487,  796,  840, 1296,  960,  951, 1085,  830,  599,  556,  739,  747,  699,  794,  824,  405, 1108,  730,  589, 1014,  346,  288,  253,  262,  285,  569,  947,  819,  217,  697,  522,  169,  859,  901,  564, 1043,  568, 1164,  530,  944,  594,    7,  823,  750,  413, 1157,  946,  381,   96,  601,  613],
        [   50,   50,  789,    0,  647,  996,  132,  836,  552,  873,  926,  715, 1003,  718, 1020,  656,  251,  433,  109,  702,  928,  320,  295,  648,  814,  909,  443,  343,  129,  426,   43,  756,  740,  895,  353,  518,  993,  570,  801,  547,  694,  505,  888,  888,  332,  641,  249,  268,  651,  696,  911,  436,  702,  288,  722,  267,  522,  682,  784,  663,  511,  537,  838,  766,  765,  694,  888,  494],
        [  631,  631,  756,  647,    0,  405,  571,  393,  252,  391,  451,  304,  472,  247,  462,  654,  423,  345,  553,   87,  546,  508,  521,  390,  168,  394,  273,  309,  519,  221,  612,  112,  394,  357,  297,  194,  355,  418,  536,  569,  501,  627,  393,  254,  357,  542,  399,  570,  597,  104,  266,  272,  308,  423,  453,  522,  300,  184,  749,   69,  142,  357,  405,  193,  432,  695,  369,  191],
        [  968,  968,  750,  996,  405,    0,  891,  255,  455,  202,  210,  321,  132,  574,   85,  714,  805,  588,  919,  416,  811,  909,  921,  759,  289,  152,  556,  687,  875,  592,  968,  345,  366,  562,  673,  478,  350,  536,  462,  690,  515,  775,  182,  352,  750,  599,  754,  836,  652,  441,  271,  562,  651,  722,  802,  796,  699,  314,  745,  441,  537,  518,  683,  469,  378,  737,  152,  503],
        [   87,   87,  661,  132,  571,  891,    0,  716,  440,  756,  807,  598,  888,  684,  910,  528,  242,  313,  151,  637,  926,  367,  347,  649,  735,  795,  336,  291,  118,  354,  134,  682,  616,  857,  297,  418,  924,  441,  671,  417,  563,  379,  772,  821,  313,  510,  186,  142,  520,  635,  834,  331,  681,  170,  729,  136,  509,  578,  656,  598,  446,  413,  820,  714,  639,  566,  775,  399],
        [  800,  800,  498,  836,  393,  255,  716,    0,  289,   55,   91,  124,  185,  630,  225,  460,  694,  404,  779,  453,  915,  829,  833,  783,  383,  106,  402,  582,  729,  493,  816,  405,  118,  686,  568,  350,  537,  306,  212,  446,  262,  534,   75,  492,  661,  348,  617,  634,  399,  478,  429,  410,  698,  549,  846,  602,  679,  216,  493,  456,  478,  308,  775,  545,  124,  483,  104,  384],
        [  520,  520,  510,  552,  252,  455,  440,  289,    0,  322,  377,  165,  451,  486,  470,  403,  409,  134,  490,  339,  786,  552,  554,  584,  368,  357,  114,  303,  442,  224,  530,  341,  217,  609,  289,   84,  569,  167,  334,  319,  268,  383,  336,  481,  386,  294,  329,  384,  348,  355,  461,  122,  533,  270,  661,  342,  453,  150,  504,  317,  247,  106,  648,  445,  252,  445,  336,  116],
        [  839,  839,  549,  873,  391,  202,  756,   55,  322,    0,   62,  159,  135,  618,  171,  514,  720,  444,  811,  442,  896,  849,  855,  780,  358,   52,  435,  606,  763,  514,  852,  387,  171,  661,  591,  375,  498,  356,  262,  500,  316,  587,   21,  461,  682,  402,  648,  680,  453,  468,  394,  442,  689,  587,  839,  646,  685,  225,  545,  450,  489,  353,  757,  528,  178,  537,   53,  407],
        [  891,  891,  548,  926,  451,  210,  807,   91,  377,   62,    0,  212,  106,  675,  156,  528,  779,  494,  867,  499,  949,  909,  915,  840,  409,   73,  490,  665,  818,  574,  906,  442,  203,  711,  651,  434,  534,  393,  262,  527,  334,  615,   60,  507,  742,  422,  705,  724,  470,  526,  435,  498,  747,  639,  898,  692,  746,  287,  544,  509,  550,  399,  811,  583,  198,  546,   92,  466],
        [  681,  681,  488,  715,  304,  321,  598,  124,  165,  159,  212,    0,  292,  549,  319,  418,  570,  285,  655,  377,  845,  707,  711,  686,  343,  199,  278,  460,  606,  372,  694,  345,   93,  633,  446,  228,  526,  217,  236,  375,  228,  458,  175,  460,  539,  298,  493,  524,  355,  400,  414,  286,  611,  429,  754,  489,  572,  120,  483,  371,  366,  200,  703,  479,  129,  450,  182,  262],
        [  970,  970,  651, 1003,  472,  132,  888,  185,  451,  135,  106,  292,    0,  673,   56,  633,  837,  576,  937,  504,  927,  958,  966,  850,  392,   94,  561,  721,  890,  627,  980,  438,  302,  682,  707,  495,  480,  490,  366,  629,  438,  717,  117,  472,  793,  526,  772,  814,  574,  530,  393,  568,  748,  718,  900,  779,  772,  335,  647,  521,  589,  488,  795,  572,  302,  651,  116,  525],
        [  720,  720,  995,  718,  247,  574,  684,  630,  486,  618,  675,  549,  673,    0,  649,  887,  468,  548,  611,  178,  301,  472,  495,  193,  286,  610,  469,  394,  596,  352,  677,  236,  641,  177,  389,  412,  346,  652,  782,  792,  744,  838,  616,  259,  387,  779,  499,  728,  833,  152,  331,  465,   77,  577,  229,  679,  211,  430,  989,  179,  268,  587,  162,  109,  678,  929,  586,  394],
        [  990,  990,  703, 1020,  462,   85,  910,  225,  470,  171,  156,  319,   56,  649,    0,  681,  845,  600,  950,  484,  893,  958,  968,  830,  364,  122,  578,  727,  904,  632,  996,  415,  342,  645,  713,  506,  434,  526,  417,  671,  484,  758,  151,  434,  796,  571,  785,  843,  621,  510,  354,  585,  725,  740,  877,  806,  761,  343,  699,  505,  587,  518,  763,  545,  346,  700,  137,  535],
        [  608,  608,  136,  656,  654,  714,  528,  460,  403,  514,  528,  418,  633,  887,  681,    0,  666,  360,  661,  741, 1186,  826,  816,  964,  748,  565,  433,  609,  612,  575,  661,  733,  350, 1011,  600,  476,  941,  237,  275,  118,  200,  158,  534,  865,  687,  121,  562,  389,   63,  757,  828,  440,  929,  433, 1044,  395,  820,  509,  130,  720,  633,  300, 1049,  847,  337,   45,  562,  497],
        [  256,  256,  800,  251,  423,  805,  242,  694,  409,  720,  779,  570,  837,  468,  845,  666,    0,  336,  144,  465,  688,  161,  154,  409,  588,  746,  300,  118,  134,  214,  210,  526,  623,  644,  132,  346,  754,  497,  722,  549,  629,  546,  731,  649,   81,  606,  104,  342,  637,  456,  682,  291,  453,  235,  488,  304,  275,  504,  794,  426,  281,  442,  590,  519,  656,  709,  722,  314],
        [  397,  397,  487,  433,  345,  588,  313,  404,  134,  444,  494,  285,  576,  548,  600,  360,  336,    0,  386,  430,  840,  493,  488,  606,  486,  483,   79,  255,  334,  216,  416,  448,  309,  693,  245,  153,  687,  162,  389,  252,  294,  291,  460,  592,  338,  278,  239,  250,  318,  440,  582,   84,  580,  145,  687,  209,  461,  282,  480,  399,  283,  110,  708,  530,  336,  404,  464,  158],
        [  125,  125,  796,  109,  553,  919,  151,  779,  490,  811,  867,  655,  937,  611,  950,  661,  144,  386,    0,  603,  821,  224,  202,  541,  720,  843,  377,  245,   52,  335,   67,  661,  692,  788,  257,  444,  894,  537,  770,  546,  667,  521,  825,  789,  225,  627,  166,  287,  646,  596,  817,  370,  594,  248,  616,  268,  415,  608,  791,  564,  414,  494,  730,  662,  721,  702,  821,  416],
        [  692,  692,  840,  702,   87,  416,  637,  453,  339,  442,  499,  377,  504,  178,  484,  741,  465,  430,  603,    0,  468,  527,  544,  347,  137,  436,  355,  360,  574,  283,  665,   74,  469,  271,  350,  279,  291,  504,  612,  656,  583,  714,  440,  186,  392,  627,  458,  648,  683,   27,  220,  354,  248,  498,  399,  599,  289,  257,  834,   40,  193,  444,  327,  107,  506,  781,  411,  273],
        [  942,  942, 1296,  928,  546,  811,  926,  915,  786,  896,  949,  845,  927,  301,  893, 1186,  688,  840,  821,  468,    0,  627,  653,  281,  541,  879,  762,  649,  821,  633,  886,  510,  937,  251,  649,  710,  493,  952, 1079, 1088, 1045, 1129,  890,  460,  613, 1080,  749,  995, 1133,  446,  541,  757,  261,  848,  212,  948,  418,  725, 1290,  477,  558,  887,  142,  370,  974, 1228,  857,  691],
        [  347,  347,  960,  320,  508,  909,  367,  829,  552,  849,  909,  707,  958,  472,  958,  826,  161,  493,  224,  527,  627,    0,   27,  351,  661,  869,  449,  250,  249,  336,  280,  597,  768,  643,  264,  480,  799,  654,  875,  709,  785,  703,  858,  698,  168,  766,  264,  488,  798,  510,  746,  440,  432,  394,  416,  456,  262,  626,  954,  491,  373,  596,  556,  551,  803,  869,  844,  446],
        [  324,  324,  951,  295,  521,  921,  347,  833,  554,  855,  915,  711,  966,  495,  968,  816,  154,  488,  202,  544,  653,   27,    0,  376,  677,  876,  448,  252,  230,  342,  256,  613,  770,  666,  266,  484,  819,  650,  873,  699,  781,  690,  864,  717,  174,  759,  256,  471,  789,  528,  763,  439,  456,  384,  442,  441,  284,  633,  945,  507,  384,  594,  581,  572,  804,  859,  852,  450],
        [  662,  662, 1085,  648,  390,  759,  649,  783,  584,  780,  840,  686,  850,  193,  830,  964,  409,  606,  541,  347,  281,  351,  376,    0,  472,  779,  531,  384,  542,  390,  605,  416,  772,  323,  386,  501,  534,  740,  908,  857,  851,  886,  781,  452,  337,  869,  477,  728,  917,  321,  523,  524,  120,  588,   84,  683,  149,  570, 1079,  331,  338,  674,  211,  301,  810, 1008,  754,  474],
        [  798,  798,  830,  814,  168,  289,  735,  383,  368,  358,  409,  343,  392,  286,  364,  748,  588,  486,  720,  137,  541,  661,  677,  472,    0,  339,  422,  476,  686,  388,  779,   65,  432,  304,  464,  336,  202,  519,  572,  681,  568,  750,  351,  118,  519,  629,  566,  725,  686,  159,  100,  423,  362,  582,  514,  677,  426,  239,  824,  171,  308,  469,  405,  181,  465,  784,  317,  344],
        [  876,  876,  599,  909,  394,  152,  795,  106,  357,   52,   73,  199,   94,  610,  122,  565,  746,  483,  843,  436,  879,  869,  876,  779,  339,    0,  468,  630,  796,  536,  886,  375,  222,  640,  615,  402,  463,  404,  311,  550,  367,  637,   32,  435,  703,  453,  679,  723,  504,  462,  363,  475,  683,  625,  834,  687,  692,  244,  594,  448,  503,  397,  743,  515,  229,  588,   26,  433],
        [  413,  413,  556,  443,  273,  556,  336,  402,  114,  435,  490,  278,  561,  469,  578,  433,  300,   79,  377,  355,  762,  449,  448,  531,  422,  468,    0,  201,  329,  144,  419,  380,  324,  616,  189,   87,  621,  217,  427,  328,  343,  369,  448,  524,  286,  343,  216,  303,  387,  364,  520,   10,  502,  168,  612,  257,  389,  243,  550,  324,  205,  153,  630,  454,  357,  477,  446,   82],
        [  334,  334,  739,  343,  309,  687,  291,  582,  303,  606,  665,  460,  721,  394,  727,  609,  118,  255,  245,  360,  649,  250,  252,  384,  476,  630,  201,    0,  215,   96,  306,  416,  519,  567,   15,  233,  651,  414,  627,  495,  542,  510,  616,  546,   85,  533,  106,  347,  571,  354,  572,  192,  396,  204,  467,  300,  236,  387,  733,  321,  170,  352,  535,  427,  553,  653,  606,  199],
        [  125,  125,  747,  129,  519,  875,  118,  729,  442,  763,  818,  606,  890,  596,  904,  612,  134,  334,   52,  574,  821,  249,  230,  542,  686,  796,  329,  215,    0,  299,   94,  628,  642,  772,  225,  399,  865,  485,  718,  497,  615,  474,  777,  760,  212,  575,  123,  245,  595,  568,  784,  322,  585,  196,  620,  221,  408,  563,  742,  535,  383,  443,  722,  639,  670,  653,  774,  372],
        [  411,  411,  699,  426,  221,  592,  354,  493,  224,  514,  574,  372,  627,  352,  632,  575,  214,  216,  335,  283,  633,  336,  342,  390,  388,  536,  144,   96,  299,    0,  392,  331,  439,  515,   82,  146,  571,  359,  557,  467,  481,  499,  523,  467,  169,  486,  178,  378,  530,  281,  486,  136,  373,  226,  472,  329,  246,  293,  693,  244,   93,  294,  507,  364,  475,  619,  512,  112],
        [   73,   73,  794,   43,  612,  968,  134,  816,  530,  852,  906,  694,  980,  677,  996,  661,  210,  416,   67,  665,  886,  280,  256,  605,  779,  886,  419,  306,   94,  392,    0,  721,  724,  854,  317,  491,  956,  559,  792,  549,  686,  513,  866,  851,  291,  638,  217,  275,  651,  658,  876,  412,  660,  273,  680,  267,  481,  655,  789,  626,  475,  523,  796,  727,  751,  699,  865,  466],
        [  742,  742,  824,  756,  112,  345,  682,  405,  341,  387,  442,  345,  438,  236,  415,  733,  526,  448,  661,   74,  510,  597,  613,  416,   65,  375,  380,  416,  628,  331,  721,    0,  437,  288,  405,  296,  244,  500,  579,  658,  563,  722,  383,  145,  456,  616,  509,  680,  673,   97,  156,  380,  311,  534,  463,  632,  362,  230,  818,  107,  247,  444,  371,  142,  472,  772,  352,  299],
        [  702,  702,  405,  740,  394,  366,  616,  118,  217,  171,  203,   93,  302,  641,  342,  350,  623,  309,  692,  469,  937,  768,  770,  772,  432,  222,  324,  519,  642,  439,  724,  437,    0,  725,  505,  294,  610,  191,  143,  329,  152,  416,  191,  548,  602,  234,  537,  524,  288,  492,  498,  333,  701,  453,  842,  495,  653,  212,  400,  462,  445,  204,  795,  571,   39,  377,  214,  328],
        [  895,  895, 1108,  895,  357,  562,  857,  686,  609,  661,  711,  633,  682,  177,  645, 1011,  644,  693,  788,  271,  251,  643,  666,  323,  304,  640,  616,  567,  772,  515,  854,  288,  725,    0,  561,  546,  247,  775,  867,  926,  849,  981,  654,  211,  564,  897,  672,  893,  953,  256,  292,  613,  214,  741,  314,  843,  384,  517, 1102,  295,  425,  714,  142,  165,  760, 1051,  619,  536],
        [  343,  343,  730,  353,  297,  673,  297,  568,  289,  591,  651,  446,  707,  389,  713,  600,  132,  245,  257,  350,  649,  264,  266,  386,  464,  615,  189,   15,  225,   82,  317,  405,  505,  561,    0,  219,  640,  402,  615,  487,  531,  504,  602,  536,   98,  523,  112,  347,  562,  344,  560,  180,  394,  202,  469,  300,  238,  373,  724,  311,  158,  340,  532,  419,  540,  645,  592,  185],
        [  492,  492,  589,  518,  194,  478,  418,  350,   84,  375,  434,  228,  495,  412,  506,  476,  346,  153,  444,  279,  710,  480,  484,  501,  336,  402,   87,  233,  399,  146,  491,  296,  294,  546,  219,    0,  536,  243,  417,  382,  351,  435,  386,  440,  312,  372,  279,  390,  423,  291,  434,   90,  455,  254,  578,  343,  369,  165,  583,  251,  164,  177,  574,  382,  330,  519,  379,   35],
        [  981,  981, 1014,  993,  355,  350,  924,  537,  569,  498,  534,  526,  480,  346,  434,  941,  754,  687,  894,  291,  493,  799,  819,  534,  202,  463,  621,  651,  865,  571,  956,  244,  610,  247,  640,  536,    0,  716,  742,  879,  754,  950,  485,  105,  679,  821,  748,  923,  878,  299,  113,  622,  415,  777,  547,  875,  542,  435, 1008,  330,  483,  669,  387,  250,  638,  975,  448,  541],
        [  528,  528,  346,  570,  418,  536,  441,  306,  167,  356,  393,  217,  490,  652,  526,  237,  497,  162,  537,  504,  952,  654,  650,  740,  519,  404,  217,  414,  485,  359,  559,  500,  191,  775,  402,  243,  716,    0,  233,  164,  133,  242,  375,  635,  498,  129,  399,  337,  181,  521,  605,  226,  697,  290,  819,  313,  602,  282,  340,  483,  405,   67,  814,  611,  205,  278,  391,  268],
        [  758,  758,  288,  801,  536,  462,  671,  212,  334,  262,  262,  236,  366,  782,  417,  275,  722,  389,  770,  612, 1079,  875,  873,  908,  572,  311,  427,  627,  718,  557,  792,  579,  143,  867,  615,  417,  742,  233,    0,  304,  110,  390,  281,  687,  712,  189,  627,  557,  223,  634,  632,  436,  842,  522,  980,  539,  783,  355,  284,  604,  576,  281,  938,  714,  108,  288,  314,  449],
        [  499,  499,  253,  547,  569,  690,  417,  446,  319,  500,  527,  375,  629,  792,  671,  118,  549,  252,  546,  656, 1088,  709,  699,  857,  681,  550,  328,  495,  497,  467,  549,  658,  329,  926,  487,  382,  879,  164,  304,    0,  200,   89,  520,  796,  572,  116,  445,  282,  105,  671,  767,  334,  829,  316,  938,  283,  712,  445,  247,  631,  531,  214,  954,  762,  329,  161,  541,  399],
        [  650,  650,  262,  694,  501,  515,  563,  262,  268,  316,  334,  228,  438,  744,  484,  200,  629,  294,  667,  583, 1045,  785,  781,  851,  568,  367,  343,  542,  615,  481,  686,  563,  152,  849,  531,  351,  754,  133,  110,  200,    0,  287,  336,  686,  627,   89,  531,  448,  138,  603,  641,  352,  797,  420,  927,  431,  718,  333,  256,  569,  515,  191,  904,  689,  139,  226,  363,  380],
        [  456,  456,  285,  505,  627,  775,  379,  534,  383,  587,  615,  458,  717,  838,  758,  158,  546,  291,  521,  714, 1129,  703,  690,  886,  750,  637,  369,  510,  474,  499,  513,  722,  416,  981,  504,  435,  950,  242,  390,   89,  287,    0,  607,  863,  581,  201,  444,  239,  177,  726,  840,  374,  869,  314,  968,  254,  738,  518,  280,  686,  572,  282,  998,  817,  417,  191,  627,  446],
        [  855,  855,  569,  888,  393,  182,  772,   75,  336,   21,   60,  175,  117,  616,  151,  534,  731,  460,  825,  440,  890,  858,  864,  781,  351,   32,  448,  616,  777,  523,  866,  383,  191,  654,  602,  386,  485,  375,  281,  520,  336,  607,    0,  452,  691,  422,  661,  697,  473,  466,  382,  456,  688,  603,  838,  663,  689,  233,  564,  450,  495,  371,  753,  524,  198,  557,   37,  418],
        [  877,  877,  947,  888,  254,  352,  821,  492,  481,  461,  507,  460,  472,  259,  434,  865,  649,  592,  789,  186,  460,  698,  717,  452,  118,  435,  524,  546,  760,  467,  851,  145,  548,  211,  536,  440,  105,  635,  687,  796,  686,  863,  452,    0,  574,  746,  643,  823,  804,  194,   82,  524,  333,  676,  476,  775,  444,  357,  941,  226,  378,  583,  336,  154,  580,  901,  416,  443],
        [  336,  336,  819,  332,  357,  750,  313,  661,  386,  682,  742,  539,  793,  387,  796,  687,   81,  338,  225,  392,  613,  168,  174,  337,  519,  703,  286,   85,  212,  169,  291,  456,  602,  564,   98,  312,  679,  498,  712,  572,  627,  581,  691,  574,    0,  616,  145,  397,  652,  381,  610,  277,  373,  269,  418,  354,  197,  460,  813,  353,  216,  437,  511,  441,  637,  732,  679,  278],
        [  595,  595,  217,  641,  542,  599,  510,  348,  294,  402,  422,  298,  526,  779,  571,  121,  606,  278,  627,  627, 1080,  766,  759,  869,  629,  453,  343,  533,  575,  486,  638,  616,  234,  897,  523,  372,  821,  129,  189,  116,   89,  201,  422,  746,  616,    0,  504,  384,   58,  645,  708,  351,  826,  383,  948,  374,  730,  390,  211,  608,  533,  196,  941,  734,  226,  156,  447,  397],
        [  234,  234,  697,  249,  399,  754,  186,  617,  329,  648,  705,  493,  772,  499,  785,  562,  104,  239,  166,  458,  749,  264,  256,  477,  566,  679,  216,  106,  123,  178,  217,  509,  537,  672,  112,  279,  748,  399,  627,  445,  531,  444,  661,  643,  145,  504,    0,  253,  534,  454,  664,  208,  499,  132,  559,  210,  332,  443,  691,  419,  266,  347,  638,  530,  568,  606,  656,  251],
        [  219,  219,  522,  268,  570,  836,  142,  634,  384,  680,  724,  524,  814,  728,  843,  389,  342,  250,  287,  648,  995,  488,  471,  728,  725,  723,  303,  347,  245,  378,  275,  680,  524,  893,  347,  390,  923,  337,  557,  282,  448,  239,  697,  823,  397,  384,  253,    0,  387,  651,  823,  302,  740,  153,  811,   50,  581,  532,  517,  612,  468,  327,  877,  738,  542,  426,  706,  382],
        [  603,  603,  169,  651,  597,  652,  520,  399,  348,  453,  470,  355,  574,  833,  621,   63,  637,  318,  646,  683, 1133,  798,  789,  917,  686,  504,  387,  571,  595,  530,  651,  673,  288,  953,  562,  423,  878,  181,  223,  105,  138,  177,  473,  804,  652,   58,  534,  387,    0,  700,  765,  395,  877,  408,  997,  385,  775,  448,  163,  663,  583,  247,  995,  790,  276,   99,  500,  446],
        [  687,  687,  859,  696,  104,  441,  635,  478,  355,  468,  526,  400,  530,  152,  510,  757,  456,  440,  596,   27,  446,  510,  528,  321,  159,  462,  364,  354,  568,  281,  658,   97,  492,  256,  344,  291,  299,  521,  634,  671,  603,  726,  466,  194,  381,  645,  454,  651,  700,    0,  236,  362,  222,  501,  373,  602,  268,  280,  853,   41,  190,  459,  304,   92,  529,  798,  438,  283],
        [  896,  896,  901,  911,  266,  271,  834,  429,  461,  394,  435,  414,  393,  331,  354,  828,  682,  582,  817,  220,  541,  746,  763,  523,  100,  363,  520,  572,  784,  486,  876,  156,  498,  292,  560,  434,  113,  605,  632,  767,  641,  840,  382,   82,  610,  708,  664,  823,  765,  236,    0,  522,  406,  681,  552,  776,  500,  323,  895,  258,  403,  558,  417,  222,  526,  862,  346,  443],
        [  407,  407,  564,  436,  272,  562,  331,  410,  122,  442,  498,  286,  568,  465,  585,  440,  291,   84,  370,  354,  757,  440,  439,  524,  423,  475,   10,  192,  322,  136,  412,  380,  333,  613,  180,   90,  622,  226,  436,  334,  352,  374,  456,  524,  277,  351,  208,  302,  395,  362,  522,    0,  497,  164,  605,  255,  381,  248,  557,  321,  199,  162,  625,  452,  366,  484,  453,   82],
        [  708,  708, 1043,  702,  308,  651,  681,  698,  533,  689,  747,  611,  748,   77,  725,  929,  453,  580,  594,  248,  261,  432,  456,  120,  362,  683,  502,  396,  585,  373,  660,  311,  701,  214,  394,  455,  415,  697,  842,  829,  797,  869,  688,  333,  373,  826,  499,  740,  877,  222,  406,  497,    0,  591,  153,  692,  180,  492, 1036,  243,  298,  631,  139,  186,  739,  972,  659,  433],
        [  252,  252,  568,  288,  423,  722,  170,  549,  270,  587,  639,  429,  718,  577,  740,  433,  235,  145,  248,  498,  848,  394,  384,  588,  582,  625,  168,  204,  196,  226,  273,  534,  453,  741,  202,  254,  777,  290,  522,  316,  420,  314,  603,  676,  269,  383,  132,  153,  408,  501,  681,  164,  591,    0,  671,  103,  439,  409,  562,  462,  316,  251,  728,  586,  479,  476,  605,  239],
        [  739,  739, 1164,  722,  453,  802,  729,  846,  661,  839,  898,  754,  900,  229,  877, 1044,  488,  687,  616,  399,  212,  416,  442,   84,  514,  834,  612,  467,  620,  472,  680,  463,  842,  314,  469,  578,  547,  819,  980,  938,  927,  968,  838,  476,  418,  948,  559,  811,  997,  373,  552,  605,  153,  671,    0,  766,  232,  636, 1158,  390,  415,  752,  180,  335,  880, 1088,  810,  552],
        [  221,  221,  530,  267,  522,  796,  136,  602,  342,  646,  692,  489,  779,  679,  806,  395,  304,  209,  268,  599,  948,  456,  441,  683,  677,  687,  257,  300,  221,  329,  267,  632,  495,  843,  300,  343,  875,  313,  539,  283,  431,  254,  663,  775,  354,  374,  210,   50,  385,  602,  776,  255,  692,  103,  766,    0,  535,  489,  525,  563,  419,  294,  829,  689,  515,  435,  670,  334],
        [  531,  531,  944,  522,  300,  699,  509,  679,  453,  685,  746,  572,  772,  211,  761,  820,  275,  461,  415,  289,  418,  262,  284,  149,  426,  692,  389,  236,  408,  246,  481,  362,  653,  384,  238,  369,  542,  602,  783,  712,  718,  738,  689,  444,  197,  730,  332,  581,  775,  268,  500,  381,  180,  439,  232,  535,    0,  464,  938,  260,  208,  535,  316,  293,  691,  865,  667,  339],
        [  654,  654,  594,  682,  184,  314,  578,  216,  150,  225,  287,  120,  335,  430,  343,  509,  504,  282,  608,  257,  725,  626,  633,  570,  239,  244,  243,  387,  563,  293,  655,  230,  212,  517,  373,  165,  435,  282,  355,  445,  333,  518,  233,  357,  460,  390,  443,  532,  448,  280,  323,  248,  492,  409,  636,  489,  464,    0,  588,  251,  264,  238,  584,  360,  249,  545,  220,  193],
        [  735,  735,    7,  784,  749,  745,  656,  493,  504,  545,  544,  483,  647,  989,  699,  130,  794,  480,  791,  834, 1290,  954,  945, 1079,  824,  594,  550,  733,  742,  693,  789,  818,  400, 1102,  724,  583, 1008,  340,  284,  247,  256,  280,  564,  941,  813,  211,  691,  517,  163,  853,  895,  557, 1036,  562, 1158,  525,  938,  588,    0,  817,  744,  406, 1151,  940,  375,   91,  596,  607],
        [  652,  652,  823,  663,   69,  441,  598,  456,  317,  450,  509,  371,  521,  179,  505,  720,  426,  399,  564,   40,  477,  491,  507,  331,  171,  448,  324,  321,  535,  244,  626,  107,  462,  295,  311,  251,  330,  483,  604,  631,  569,  686,  450,  226,  353,  608,  419,  612,  663,   41,  258,  321,  243,  462,  390,  563,  260,  251,  817,    0,  154,  421,  337,  132,  500,  761,  423,  242],
        [  499,  499,  750,  511,  142,  537,  446,  478,  247,  489,  550,  366,  589,  268,  587,  633,  281,  283,  414,  193,  558,  373,  384,  338,  308,  503,  205,  170,  383,   93,  475,  247,  445,  425,  158,  164,  483,  405,  576,  531,  515,  572,  495,  378,  216,  533,  266,  468,  583,  190,  403,  199,  298,  316,  415,  419,  208,  264,  744,  154,    0,  338,  426,  272,  483,  676,  478,  137],
        [  498,  498,  413,  537,  357,  518,  413,  308,  106,  353,  399,  200,  488,  587,  518,  300,  442,  110,  494,  444,  887,  596,  594,  674,  469,  397,  153,  352,  443,  294,  523,  444,  204,  714,  340,  177,  669,   67,  281,  214,  191,  282,  371,  583,  437,  196,  347,  327,  247,  459,  558,  162,  631,  251,  752,  294,  535,  238,  406,  421,  338,    0,  749,  550,  229,  342,  381,  201],
        [  846,  846, 1157,  838,  405,  683,  820,  775,  648,  757,  811,  703,  795,  162,  763, 1049,  590,  708,  730,  327,  142,  556,  581,  211,  405,  743,  630,  535,  722,  507,  796,  371,  795,  142,  532,  574,  387,  814,  938,  954,  904,  998,  753,  336,  511,  941,  638,  877,  995,  304,  417,  625,  139,  728,  180,  829,  316,  584, 1151,  337,  426,  749,    0,  230,  832, 1091,  720,  555],
        [  761,  761,  946,  766,  193,  469,  714,  545,  445,  528,  583,  479,  572,  109,  545,  847,  519,  530,  662,  107,  370,  551,  572,  301,  181,  515,  454,  427,  639,  364,  727,  142,  571,  165,  419,  382,  250,  611,  714,  762,  689,  817,  524,  154,  441,  734,  530,  738,  790,   92,  222,  452,  186,  586,  335,  689,  293,  360,  940,  132,  272,  550,  230,    0,  607,  887,  492,  373],
        [  726,  726,  381,  765,  432,  378,  639,  124,  252,  178,  198,  129,  302,  678,  346,  337,  656,  336,  721,  506,  974,  803,  804,  810,  465,  229,  357,  553,  670,  475,  751,  472,   39,  760,  540,  330,  638,  205,  108,  329,  139,  417,  198,  580,  637,  226,  568,  542,  276,  529,  526,  366,  739,  479,  880,  515,  691,  249,  375,  500,  483,  229,  832,  607,    0,  360,  226,  364],
        [  645,  645,   96,  694,  695,  737,  566,  483,  445,  537,  546,  450,  651,  929,  700,   45,  709,  404,  702,  781, 1228,  869,  859, 1008,  784,  588,  477,  653,  653,  619,  699,  772,  377, 1051,  645,  519,  975,  278,  288,  161,  226,  191,  557,  901,  732,  156,  606,  426,   99,  798,  862,  484,  972,  476, 1088,  435,  865,  545,   91,  761,  676,  342, 1091,  887,  360,    0,  585,  540],
        [  856,  856,  601,  888,  369,  152,  775,  104,  336,   53,   92,  182,  116,  586,  137,  562,  722,  464,  821,  411,  857,  844,  852,  754,  317,   26,  446,  606,  774,  512,  865,  352,  214,  619,  592,  379,  448,  391,  314,  541,  363,  627,   37,  416,  679,  447,  656,  706,  500,  438,  346,  453,  659,  605,  810,  670,  667,  220,  596,  423,  478,  381,  720,  492,  226,  585,    0,  410],
        [  470,  470,  613,  494,  191,  503,  399,  384,  116,  407,  466,  262,  525,  394,  535,  497,  314,  158,  416,  273,  691,  446,  450,  474,  344,  433,   82,  199,  372,  112,  466,  299,  328,  536,  185,   35,  541,  268,  449,  399,  380,  446,  418,  443,  278,  397,  251,  382,  446,  283,  443,   82,  433,  239,  552,  334,  339,  193,  607,  242,  137,  201,  555,  373,  364,  540,  410,    0]
    ]
}
