{
    "name": "random-97-28902",
    "comment": "size=97 seed=28902",
    "nodes": ["+0", "-0", "+1", "-1", "+2", "-2", "+3", "-3", "+4", "-4", "+5", "-5", "+6", "-6", "+7", "-7", "+8", "-8", "+9", "-9", "+10", "-10", "+11", "-11", "+12", "-12", "+13", "-13", "+14", "-14", "+15", "-15", "+16", "-16", "+17", "-17", "+18", "-18", "+19", "-19", "+20", "-20", "+21", "-21", "+22", "-22", "+23", "-23", "+24", "-24", "+25", "-25", "+26", "-26", "+27", "-27", "+28", "-28", "+29", "-29", "+30", "-30", "+31", "-31", "+32", "-32", "+33", "-33", "+34", "-34", "+35", "-35", "+36", "-36", "+37", "-37", "+38", "-38", "+39", "-39", "+40", "-40", "+41", "-41", "+42", "-42", "+43", "-43", "+44", "-44", "+45", "-45", "+46", "-46", "+47", "-47", "+48", "-48", "+49", "-49", "+50", "-50", "+51", "-51", "+52", "-52", "+53", "-53", "+54", "-54", "+55", "-55", "+56", "-56", "+57", "-57", "+58", "-58", "+59", "-59", "+60", "-60", "+61", "-61", "+62", "-62", "+63", "-63", "+64", "-64", "+65", "-65", "+66", "-66", "+67", "-67", "+68", "-68", "+69", "-69", "+70", "-70", "+71", "-71", "+72", "-72", "+73", "-73", "+74", "-74", "+75", "-75", "+76", "-76", "+77", "-77", "+78", "-78", "+79", "-79", "+80", "-80", "+81", "-81", "+82", "-82", "+83", "-83", "+84", "-84", "+85", "-85", "+86", "-86", "+87", "-87", "+88", "-88", "+89", "-89", "+90", "-90", "+91", "-91", "+92", "-92", "+93", "-93", "+94", "-94", "+95", "-95", "+96", "-96", "+97", "-97"],
    "precedence": {
        "+0": "-0",
        "+1": "-1",
        "+2": "-2",
        "+3": "-3",
        "+4": "-4",
        "+5": "-5",
        "+6": "-6",
        "+7": "-7",
        "+8": "-8",
        "+9": "-9",
        "+10": "-10",
        "+11": "-11",
        "+12": "-12",
        "+13": "-13",
        "+14": "-14",
        "+15": "-15",
        "+16": "-16",
        "+17": "-17",
        "+18": "-18",
        "+19": "-19",
        "+20": "-20",
        "+21": "-21",
        "+22": "-22",
        "+23": "-23",
        "+24": "-24",
        "+25": "-25",
        "+26": "-26",
        "+27": "-27",
        "+28": "-28",
        "+29": "-29",
        "+30": "-30",
        "+31": "-31",
        "+32": "-32",
        "+33": "-33",
        "+34": "-34",
        "+35": "-35",
        "+36": "-36",
        "+37": "-37",
        "+38": "-38",
        "+39": "-39",
        "+40": "-40",
        "+41": "-41",
        "+42": "-42",
        "+43": "-43",
        "+44": "-44",
        "+45": "-45",
        "+46": "-46",
        "+47": "-47",
        "+48": "-48",
        "+49": "-49",
        "+50": "-50",
        "+51": "-51",
        "+52": "-52",
        "+53": "-53",
        "+54": "-54",
        "+55": "-55",
        "+56": "-56",
        "+57": "-57",
        "+58": "-58",
        "+59": "-59",
        "+60": "-60",
        "+61": "-61",
        "+62": "-62",
        "+63": "-63",
        "+64": "-64",
        "+65": "-65",
        "+66": "-66",
        "+67": "-67",
        "+68": "-68",
        "+69": "-69",
        "+70": "-70",
        "+71": "-71",
        "+72": "-72",
        "+73": "-73",
        "+74": "-74",
        "+75": "-75",
        "+76": "-76",
        "+77": "-77",
        "+78": "-78",
        "+79": "-79",
        "+80": "-80",
        "+81": "-81",
        "+82": "-82",
        "+83": "-83",
        "+84": "-84",
        "+85": "-85",
        "+86": "-86",
        "+87": "-87",
        "+88": "-88",
        "+89": "-89",
        "+90": "-90",
        "+91": "-91",
        "+92": "-92",
        "+93": "-93",
        "+94": "-94",
        "+95": "-95",
        "+96": "-96",
        "+97": "-97"
    },
    "edges": [
        [    0,    0,  603,  683,  136,  789,  515,  502, 1000,  715,  378,  666,  187,  738,  846,   63,  736,  598,  605,  519,  617,  893,  459,  637,   85,  527,  557,  320,  626,  120,  493,  605,  784,  449,  994, 1000,  559,  321,  905,  410,  750,  903,  547,  307,  390,  557,  653,   53,  215,  533,  455,  135,  572,  849,  397,  975,  137,  322,  212,  343,  592,  838,  906,  225,  148,  181,  673,  159,  707,  265,  680,  535,  684,  190,  789,  338,  651,  658,  644,  744,  673,  290,  993,  530,  299,  868,  191,  177,  372,  169,  202,  434,   99,  279,  184,  340,  689,  881,  132,  656,  899,   14,  897,  298,  443,  309,  691,  378,   47,  251,  367,  831,  588,  909,  674,  546,  700,  610,  351,  729,  174,  551,  352,   74,  207,  627,  406,  676,  899,  305,  539,  450,  728,  853,  426,  780,  282,  429,  872,  314,  709,  310,  642,  422,  471,  224,  919,  622,  603,  877,  333,  185,  402,  503,  756,  474,  334,  483,  806,  816,  946,  658,  978,  285,  756,  866,  509,  854,  491,  455,  481,  731,   58,  948,   92,  286,  699,  285,  359,  789,  175,  504,  240,  432,  505,  839,  182,  732,  382,  888,  349,  450,  728,  892,  627,  766],
        [    0,    0,    0,    0,    0,    0,    0,    0,    0,    0,    0,    0,    0,    0,    0,    0,    0,    0,    0,    0,    0,    0,    0,    0,    0,    0,    0,    0,    0,    0,    0,    0,    0,    0,    0,    0,    0,    0,    0,    0,    0,    0,    0,    0,    0,    0,    0,    0,    0,    0,    0,    0,    0,    0,    0,    0,    0,    0,    0,    0,    0,    0,    0,    0,    0,    0,    0,    0,    0,    0,    0,    0,    0,    0,    0,    0,    0,    0,    0,    0,    0,    0,    0,    0,    0,    0,    0,    0,    0,    0,    0,    0,    0,    0,    0,    0,    0,    0,    0,    0,    0,    0,    0,    0,    0,    0,    0,    0,    0,    0,    0,    0,    0,    0,    0,    0,    0,    0,    0,    0,    0,    0,    0,    0,    0,    0,    0,    0,    0,    0,    0,    0,    0,    0,    0,    0,    0,    0,    0,    0,    0,    0,    0,    0,    0,    0,    0,    0,    0,    0,    0,    0,    0,    0,    0,    0,    0,    0,    0,    0,    0,    0,    0,    0,    0,    0,    0,    0,    0,    0,    0,    0,    0,    0,    0,    0,    0,    0,    0,    0,    0,    0,    0,    0,    0,    0,    0,    0,    0,    0,    0,    0,    0,    0,    0,    0],
        [  603,    0,    0,  691,  722,  186,  411,  723,  838,  546,  251,   71,  470,  138,  622,  593,  670,  397,  208,  912,  166,  821,  194,  871,  685,  934,   96,  620,  108,  504,  818,  186,  709,  487,  754,  797,  723,  519,  366,  196,  588,  526,  619,  496,  215,  116,  905,  654,  389,  539,  651,  549,  743,  289,  277,  667,  630,  368,  532,  354,  724,  595,  815,  444,  548,  621,  654,  450,  108,  353,  858,  488,  816,  661,  369,  725,  481,   74,  559,  656,  753,  579,  868,  209,  530,  280,  468,  747,  466,  439,  570,  310,  513,  327,  555,  401,  272,  416,  627,  746,  344,  612,  535,  327,  205,  307,  428,  349,  617,  352,  457,  231,   94,  788,  104,  212,  562,  238,  827,  147,  439,  974,  743,  676,  743,  185,  685,  447,  508,  610,  657,  162,  876,  763,  191,  391,  322,  200,  317,  748,  112,  388,  459,  523,  232,  394,  341,  158,  794,  298,  758,  591,  422,  147,  153,  600,  388,  917,  764,  221,  591,   99,  707,  750,  808,  505,  106,  281,  186,  403,  378,  855,  547,  855,  695,  514,  511,  341,  370,  326,  600,  725,  363,  648,  583,  547,  564,  416,  299,  863,  290,  301,  342,  321,  697,  384],
        [  683,    0,  691,    0,  681,  787,  286,  247,  338,  206,  707,  692,  523,  740,  283,  733,   89,  301,  497,  472,  544,  212,  528,  285,  701,  500,  744,  378,  793,  704,  368,  519,  120,  261,  384,  360,  180,  364,  684,  609,  194,  471,  136,  876,  644,  762,  318,  694,  606,  174,  247,  767,  186,  695,  767,  432,  568,  451,  822,  790,  143,  300,  229,  496,  778,  520,   41,  668,  768,  554,  226,  212,  164,  538,  490,  435,  232,  672,  140,  113,   88,  913,  318,  823,  384,  767,  748,  659,  335,  597,  838,  413,  684,  640,  499,  831,  488,  568,  807,   95,  709,  696,  450,  698,  738,  556,  319,  416,  728,  624,  896,  852,  600,  241,  656,  480,  173,  470,  549,  687,  582,  538,  438,  712,  610,  531,  323,  287,  486,  939,  154,  678,  214,  180,  572,  454,  612,  551,  696,  487,  775,  791,  251,  269,  797,  558,  767,  554,  213,  746,  477,  504,  337,  558,  766,  209,  421,  526,  125,  757,  464,  789,  398,  524,  118,  438,  614,  723,  771,  317,  327,  183,  649,  268,  726,  871,  232,  699,  414,  540,  517,  246,  616,  271,  179,  354,  502,  371,  465,  210,  515,  840,  449,  737,   75,  444],
        [  136,    0,  722,  681,    0,  907,  568,  467, 1013,  752,  509,  781,  267,  855,  882,  186,  747,  657,  698,  424,  716,  892,  562,  579,   59,  426,  684,  304,  754,  256,  423,  701,  792,  481, 1025, 1022,  532,  347, 1001,  527,  781,  967,  548,  435,  513,  685,  589,   88,  335,  555,  437,  262,  541,  952,  531, 1021,  123,  402,  337,  478,  569,  879,  909,  303,  274,  166,  680,  291,  828,  373,  634,  570,  650,  143,  868,  275,  695,  772,  671,  759,  654,  404,  998,  663,  322,  978,  326,   48,  412,  284,  319,  514,  234,  404,  213,  475,  775,  963,  229,  637, 1000,  135,  958,  430,  574,  419,  749,  454,  156,  375,  498,  952,  697,  918,  785,  638,  731,  698,  244,  840,  284,  444,  283,   79,   97,  724,  371,  729,  966,  412,  529,  575,  685,  859,  538,  855,  402,  537,  973,  234,  831,  446,  690,  444,  605,  330, 1025,  723,  561,  984,  253,  190,  455,  610,  874,  475,  405,  378,  805,  928, 1003,  783, 1015,  197,  736,  928,  623,  960,  623,  510,  541,  695,  183,  948,   76,  412,  741,  418,  431,  875,  176,  468,  363,  413,  513,  890,  206,  796,  472,  876,  450,  586,  805,  997,  616,  840],
        [  789,    0,  186,  787,  907,    0,  530,  863,  863,  609,  431,  127,  651,   55,  650,  778,  747,  487,  296, 1069,  251,  878,  360, 1003,  870, 1093,  254,  783,  207,  689,  970,  276,  778,  625,  758,  811,  852,  681,  257,  380,  646,  500,  741,  666,  401,  265, 1038,  839,  575,  658,  794,  732,  872,  176,  448,  652,  810,  538,  711,  526,  846,  620,  866,  622,  731,  799,  747,  636,   91,  536,  978,  603,  929,  840,  357,  891,  559,  141,  648,  728,  860,  751,  904,  346,  694,  122,  651,  930,  620,  624,  749,  459,  699,  512,  733,  570,  305,  360,  811,  856,  223,  798,  516,  510,  377,  489,  483,  509,  803,  538,  619,   65,  225,  833,  140,  333,  633,  320,  999,  100,  623, 1134,  908,  862,  923,  260,  839,  510,  477,  780,  784,  345,  988,  820,  371,  391,  508,  375,  202,  918,   92,  562,  538,  666,  389,  577,  191,  241,  922,  155,  927,  768,  571,  309,   34,  736,  553, 1081,  837,   66,  566,  165,  704,  924,  902,  492,  285,  151,  346,  540,  508,  963,  732,  903,  880,  686,  575,  524,  532,  299,  778,  865,  549,  795,  711,  560,  742,  449,  465,  931,  466,  454,  363,  184,  807,  391],
        [  515,    0,  411,  286,  568,  530,    0,  340,  518,  210,  432,  421,  329,  479,  336,  549,  286,   91,  235,  565,  279,  452,  243,  473,  564,  591,  458,  315,  510,  493,  458,  254,  332,  111,  488,  503,  322,  229,  497,  328,  250,  401,  212,  632,  366,  477,  509,  545,  370,  130,  276,  559,  343,  480,  492,  461,  445,  209,  598,  526,  317,  325,  454,  292,  568,  408,  252,  445,  496,  308,  451,   78,  406,  443,  324,  422,  139,  402,  170,  280,  343,  684,  528,  538,  253,  538,  518,  566,  158,  380,  622,  133,  481,  384,  355,  572,  264,  420,  617,  335,  510,  529,  391,  437,  456,  295,  182,  157,  555,  375,  639,  594,  324,  441,  392,  203,  204,  214,  546,  432,  367,  634,  435,  568,  533,  271,  337,  163,  402,  713,  254,  394,  466,  398,  289,  301,  355,  268,  490,  464,  503,  534,  128,  160,  515,  327,  557,  290,  393,  526,  465,  380,  115,  273,  505,  211,  187,  591,  379,  513,  436,  509,  465,  486,  402,  362,  329,  501,  487,   61,   46,  444,  466,  498,  586,  632,  187,  442,  167,  351,  394,  341,  371,  283,  182,  326,  363,  232,  193,  478,  248,  563,  263,  526,  286,  287],
        [  502,    0,  723,  247,  467,  863,  340,    0,  582,  404,  651,  747,  388,  810,  513,  561,  331,  410,  572,  241,  614,  445,  532,  157,  499,  269,  746,  184,  809,  558,  130,  589,  366,  239,  628,  606,   71,  237,  829,  581,  412,  672,  155,  754,  603,  760,  187,  500,  499,  226,   73,  613,   75,  818,  705,  665,  370,  385,  680,  704,  110,  523,  466,  376,  625,  323,  264,  538,  819,  468,  180,  278,  184,  328,  644,  199,  386,  729,  311,  352,  195,  770,  555,  796,  243,  877,  617,  437,  263,  471,  686,  413,  533,  557,  328,  734,  601,  735,  633,  178,  846,  514,  655,  614,  699,  490,  474,  381,  548,  531,  790,  926,  646,  484,  724,  531,  371,  552,  304,  768,  457,  311,  198,  513,  384,  608,   97,  442,  682,  792,  109,  654,  226,  423,  556,  614,  532,  539,  826,  250,  826,  693,  396,  201,  755,  453,  895,  624,  102,  865,  237,  319,  302,  576,  836,  129,  356,  286,  360,  851,  681,  817,  637,  288,  273,  634,  625,  840,  743,  324,  356,  231,  485,  500,  524,  742,  413,  610,  365,  681,  328,    2,  519,   84,  162,  563,  327,  532,  435,  417,  469,  780,  588,  864,  173,  600],
        [ 1000,    0,  838,  338, 1013,  863,  518,  582,    0,  313,  939,  810,  826,  831,  217, 1045,  267,  471,  631,  791,  672,  150,  732,  577, 1028,  818,  916,  711,  945, 1002,  695,  653,  222,  554,  132,   67,  513,  680,  666,  828,  270,  387,  466, 1149,  870,  937,  602, 1018,  885,  467,  584, 1067,  514,  716,  998,  250,  896,  723, 1112, 1040,  474,  245,  124,  793, 1077,  850,  334,  957,  879,  825,  501,  473,  445,  871,  507,  773,  387,  791,  360,  256,  394, 1200,   61, 1017,  703,  796, 1033,  994,  632,  889, 1134,  646,  986,  901,  819, 1088,  573,  533, 1117,  410,  703, 1014,  365,  954,  951,  813,  412,  674, 1044,  893, 1155,  923,  745,   98,  765,  646,  315,  602,  885,  773,  875,  852,  776, 1038,  946,  653,  661,  400,  411, 1229,  491,  884,  460,  159,  786,  472,  873,  765,  703,  825,  887, 1051,  406,  579, 1007,  841,  767,  680,  527,  763,  815,  830,  614,  741,  854,  539,  698,  850,  224,  811,  334,  926,  187,  861,  337,  379,  795,  748,  971,  573,  563,  427,  960,  110, 1053, 1150,  344,  958,  682,  565,  844,  581,  888,  608,  501,  304,  824,  424,  709,  213,  764, 1064,  506,  744,  410,  472],
        [  715,    0,  546,  206,  752,  609,  210,  404,  313,    0,  627,  531,  533,  567,  132,  753,  142,  159,  339,  644,  384,  276,  421,  483,  756,  672,  615,  465,  653,  702,  533,  362,  169,  271,  280,  294,  352,  406,  480,  516,   44,  272,  250,  839,  558,  636,  518,  741,  579,  203,  369,  768,  365,  499,  686,  274,  629,  418,  807,  728,  324,  129,  270,  497,  776,  587,  168,  654,  605,  517,  430,  183,  369,  616,  288,  555,   74,  511,   93,  121,  293,  893,  331,  711,  430,  574,  727,  742,  345,  588,  831,  334,  688,  590,  544,  775,  304,  362,  823,  297,  508,  729,  253,  642,  641,  502,  126,  366,  757,  583,  843,  673,  452,  246,  490,  342,   35,  309,  679,  511,  575,  713,  563,  762,  701,  367,  448,  101,  284,  922,  295,  575,  420,  218,  474,  250,  562,  454,  496,  605,  613,  739,   94,  310,  698,  536,  568,  393,  405,  549,  600,  562,  315,  434,  593,  305,  395,  688,  229,  571,  278,  640,  265,  634,  309,  236,  490,  528,  664,  268,  253,  388,  669,  311,  779,  841,   36,  647,  376,  341,  576,  404,  580,  388,  261,  160,  550,  170,  397,  323,  452,  753,  253,  539,  260,  242],
        [  378,    0,  251,  707,  509,  431,  432,  651,  939,  627,    0,  321,  299,  387,  736,  356,  717,  470,  354,  786,  339,  883,  212,  807,  463,  804,  183,  499,  250,  267,  713,  341,  764,  454,  885,  914,  675,  416,  604,  114,  671,  703,  597,  254,   70,  180,  836,  431,  185,  534,  580,  303,  695,  533,   61,  822,  440,  270,  282,  114,  689,  716,  885,  290,  301,  447,  678,  220,  343,  188,  817,  499,  790,  484,  555,  587,  553,  319,  602,  712,  744,  334,  956,  161,  415,  530,  221,  542,  396,  236,  320,  300,  282,  111,  389,  165,  444,  626,  381,  732,  587,  384,  706,   82,   66,  162,  540,  293,  383,  143,  231,  463,  277,  869,  344,  312,  630,  375,  664,  394,  242,  839,  604,  451,  551,  357,  584,  544,  690,  365,  620,   91,  848,  829,  156,  563,  127,  176,  559,  594,  344,  142,  534,  467,  108,  216,  590,  338,  742,  547,  609,  422,  375,  222,  399,  550,  300,  775,  809,  471,  762,  284,  848,  585,  816,  674,  189,  528,  115,  391,  387,  836,  327,  928,  468,  269,  597,   96,  299,  529,  427,  653,  156,  567,  552,  687,  396,  554,  243,  908,  193,  134,  507,  569,  686,  552],
        [  666,    0,   71,  692,  781,  127,  421,  747,  810,  531,  321,    0,  524,   74,  594,  658,  662,  392,  196,  947,  149,  805,  234,  891,  747,  970,  162,  658,  149,  570,  850,  174,  698,  509,  718,  765,  741,  557,  298,  257,  571,  478,  633,  567,  281,  179,  926,  716,  451,  551,  677,  617,  761,  220,  347,  624,  684,  412,  602,  424,  738,  566,  797,  495,  616,  672,  653,  515,   76,  410,  872,  497,  826,  713,  323,  766,  472,   21,  555,  646,  760,  650,  845,  272,  570,  210,  537,  804,  498,  500,  640,  338,  578,  392,  606,  472,  238,  359,  695,  754,  275,  675,  490,  396,  275,  363,  408,  385,  682,  416,  527,  182,  102,  767,   47,  220,  551,  224,  873,   77,  498, 1011,  783,  739,  797,  165,  718,  431,  459,  680,  673,  231,  886,  747,  245,  349,  385,  249,  248,  793,   84,  458,  450,  548,  301,  452,  271,  139,  812,  228,  802,  641,  451,  183,   95,  621,  428,  957,  755,  152,  545,  120,  669,  797,  809,  462,  159,  210,  255,  424,  395,  862,  609,  836,  757,  584,  496,  409,  407,  274,  651,  749,  426,  676,  600,  512,  615,  387,  339,  853,  340,  369,  306,  251,  705,  344],
        [  187,    0,  470,  523,  267,  651,  329,  388,  826,  533,  299,  524,    0,  597,  663,  221,  566,  412,  432,  490,  450,  729,  298,  540,  246,  506,  449,  214,  519,  182,  425,  435,  615,  273,  812,  821,  430,  163,  735,  279,  569,  717,  390,  367,  277,  455,  565,  222,  119,  361,  325,  245,  447,  687,  342,  790,  160,  139,  302,  324,  456,  654,  739,   39,  256,  153,  508,  152,  577,  121,  566,  355,  555,  193,  608,  290,  467,  512,  467,  571,  529,  393,  824,  458,  149,  715,  232,  282,  194,   84,  316,  252,  162,  190,   91,  349,  511,  701,  292,  514,  733,  200,  711,  240,  360,  165,  504,  193,  226,  159,  403,  700,  435,  737,  523,  372,  519,  433,  368,  578,   70,  541,  307,  246,  273,  458,  305,  490,  714,  418,  394,  339,  607,  684,  280,  597,  173,  276,  707,  296,  581,  309,  456,  255,  406,   84,  760,  457,  488,  719,  310,  126,  218,  347,  618,  323,  148,  477,  644,  667,  759,  543,  793,  289,  611,  680,  367,  695,  409,  269,  294,  604,  137,  782,  265,  358,  514,  234,  173,  611,  132,  390,  146,  306,  345,  653,   99,  546,  206,  732,  186,  414,  545,  731,  477,  582],
        [  738,    0,  138,  740,  855,   55,  479,  810,  831,  567,  387,   74,  597,    0,  616,  730,  703,  439,  246, 1015,  200,  839,  306,  951,  819, 1039,  216,  728,  181,  641,  916,  225,  736,  572,  731,  782,  800,  626,  261,  329,  606,  479,  690,  627,  352,  230,  986,  789,  524,  607,  741,  686,  820,  178,  408,  629,  757,  484,  668,  486,  795,  587,  829,  568,  685,  745,  700,  587,   65,  483,  928,  553,  880,  786,  329,  837,  514,   87,  601,  685,  811,  712,  869,  317,  640,  147,  605,  877,  566,  573,  706,  405,  650,  463,  679,  532,  265,  346,  765,  807,  231,  747,  493,  464,  337,  437,  442,  454,  754,  488,  584,  116,  170,  796,   87,  280,  590,  272,  945,   58,  571, 1080,  853,  811,  870,  211,  785,  468,  457,  741,  732,  299,  939,  781,  318,  361,  457,  322,  206,  864,   71,  522,  492,  613,  354,  525,  213,  189,  871,  172,  873,  714,  517,  255,   27,  683,  498, 1027,  794,   86,  545,  141,  678,  869,  856,  468,  232,  160,  310,  487,  455,  914,  681,  866,  830,  646,  532,  478,  477,  274,  724,  812,  499,  741,  659,  529,  688,  412,  411,  890,  413,  421,  327,  198,  758,  359],
        [  846,    0,  622,  283,  882,  650,  336,  513,  217,  132,  736,  594,  663,  616,    0,  883,  196,  271,  416,  750,  456,  245,  526,  567,  887,  778,  701,  593,  729,  829,  641,  438,  189,  402,  152,  179,  453,  537,  473,  624,  105,  210,  366,  959,  667,  722,  600,  872,  704,  330,  489,  895,  464,  512,  794,  152,  760,  544,  932,  842,  420,   31,  227,  626,  903,  717,  254,  780,  663,  641,  503,  314,  440,  745,  297,  678,  198,  575,  215,  171,  368, 1016,  254,  804,  561,  591,  851,  872,  476,  716,  957,  453,  816,  709,  675,  890,  356,  341,  953,  377,  507,  860,  187,  759,  743,  622,  199,  490,  887,  705,  958,  712,  530,  187,  549,  435,  153,  387,  801,  559,  703,  817,  685,  894,  830,  437,  569,  193,  230, 1046,  406,  675,  481,  194,  581,  261,  682,  561,  502,  728,  671,  856,  211,  440,  798,  663,  570,  464,  495,  561,  722,  693,  445,  530,  640,  428,  523,  798,  242,  602,  186,  710,  134,  760,  355,  187,  583,  543,  760,  396,  378,  446,  799,  257,  910,  962,  150,  765,  503,  356,  707,  513,  703,  509,  384,   99,  681,  208,  517,  311,  571,  857,  290,  544,  352,  260],
        [   63,    0,  593,  733,  186,  778,  549,  561, 1045,  753,  356,  658,  221,  730,  883,    0,  783,  628,  616,  582,  624,  943,  465,  698,  128,  589,  538,  378,  605,   90,  555,  614,  831,  492, 1033, 1041,  616,  370,  911,  404,  789,  928,  598,  250,  378,  535,  715,   99,  216,  579,  511,   77,  630,  851,  365, 1008,  200,  347,  153,  303,  648,  873,  955,  257,   89,  242,  722,  143,  693,  274,  740,  575,  741,  253,  807,  400,  687,  652,  687,  789,  728,  228, 1041,  499,  349,  864,  148,  230,  413,  179,  140,  457,   82,  267,  238,  293,  703,  896,   74,  712,  903,   56,  923,  274,  419,  315,  720,  404,   31,  244,  313,  816,  587,  955,  671,  558,  740,  624,  412,  725,  189,  613,  414,  110,  266,  636,  466,  707,  923,  242,  593,  435,  787,  900,  426,  801,  276,  432,  875,  376,  695,  268,  676,  469,  440,  237,  918,  628,  662,  876,  396,  243,  438,  505,  745,  526,  364,  545,  856,  810,  974,  639, 1014,  347,  811,  891,  504,  854,  465,  488,  512,  789,   85,  997,  122,  228,  735,  260,  387,  802,  234,  563,  236,  489,  555,  871,  237,  758,  399,  940,  359,  411,  747,  893,  680,  786],
        [  736,    0,  670,   89,  747,  747,  286,  331,  267,  142,  717,  662,  566,  703,  196,  783,    0,  274,  467,  560,  513,  168,  524,  371,  762,  588,  732,  445,  775,  745,  454,  490,   49,  295,  298,  280,  266,  415,  620,  612,  117,  391,  201,  905,  651,  751,  404,  752,  637,  206,  322,  810,  273,  640,  778,  345,  630,  476,  860,  809,  230,  215,  175,  535,  820,  583,   70,  704,  737,  580,  308,  223,  245,  605,  429,  513,  191,  642,  117,   26,  172,  949,  258,  820,  438,  715,  782,  729,  373,  635,  879,  418,  727,  662,  554,  853,  443,  499,  856,  181,  649,  750,  370,  718,  741,  575,  266,  433,  781,  650,  919,  811,  577,  173,  623,  460,  114,  438,  630,  648,  620,  626,  517,  772,  681,  498,  401,  237,  408,  977,  231,  677,  289,  119,  573,  391,  634,  551,  638,  565,  745,  814,  213,  315,  799,  590,  709,  523,  301,  691,  556,  564,  363,  546,  729,  273,  448,  613,   95,  711,  380,  767,  310,  600,  170,  360,  603,  669,  770,  330,  331,  255,  698,  218,  787,  903,  174,  721,  436,  482,  578,  331,  643,  345,  235,  273,  559,  311,  476,  195,  530,  848,  394,  680,  161,  383],
        [  598,    0,  397,  301,  657,  487,   91,  410,  471,  159,  470,  392,  412,  439,  271,  628,  274,    0,  196,  643,  243,  429,  263,  530,  651,  670,  460,  404,  502,  567,  534,  219,  314,  197,  422,  446,  381,  319,  420,  358,  203,  311,  266,  689,  400,  480,  566,  631,  437,  186,  353,  633,  400,  412,  528,  381,  534,  282,  664,  573,  368,  254,  426,  374,  640,  498,  262,  515,  467,  374,  497,  133,  445,  533,  239,  509,   87,  372,  164,  261,  374,  748,  490,  553,  343,  477,  584,  656,  248,  454,  691,  183,  556,  439,  444,  621,  196,  334,  694,  370,  437,  612,  302,  489,  482,  352,   93,  226,  636,  436,  689,  551,  304,  405,  355,  187,  169,  169,  634,  387,  442,  713,  522,  654,  623,  230,  420,   81,  312,  778,  313,  416,  503,  372,  316,  213,  412,  295,  418,  553,  475,  586,   66,  246,  539,  399,  488,  254,  448,  461,  553,  469,  202,  277,  466,  285,  265,  674,  368,  460,  349,  494,  393,  575,  418,  272,  333,  437,  505,  147,  118,  477,  547,  468,  672,  692,  128,  495,  242,  272,  483,  411,  434,  363,  248,  243,  451,  142,  248,  468,  302,  594,  179,  457,  323,  199],
        [  605,    0,  208,  497,  698,  296,  235,  572,  631,  339,  354,  196,  432,  246,  416,  616,  467,  196,    0,  787,   47,  614,  156,  708,  675,  812,  286,  512,  316,  537,  684,   24,  504,  334,  553,  593,  557,  412,  304,  245,  381,  350,  445,  603,  288,  307,  743,  649,  402,  362,  505,  596,  577,  264,  405,  476,  584,  297,  606,  467,  550,  391,  608,  395,  600,  561,  458,  480,  272,  343,  683,  308,  634,  601,  203,  623,  277,  176,  360,  452,  566,  675,  661,  391,  430,  310,  529,  710,  343,  439,  640,  191,  536,  370,  496,  518,   92,  283,  670,  561,  306,  617,  354,  402,  343,  303,  221,  250,  633,  382,  584,  360,  115,  580,  161,   60,  357,   30,  740,  198,  432,  855,  638,  673,  691,   37,  556,  239,  337,  707,  488,  276,  694,  556,  207,  210,  351,  193,  280,  657,  279,  491,  255,  379,  393,  382,  340,   58,  627,  304,  663,  529,  291,  132,  273,  443,  300,  806,  561,  280,  411,  302,  510,  670,  614,  322,  175,  279,  351,  252,  217,  669,  548,  648,  692,  613,  304,  413,  274,  187,  542,  573,  386,  508,  416,  348,  505,  214,  226,  659,  258,  457,  154,  310,  513,  199],
        [  519,    0,  912,  472,  424, 1069,  565,  241,  791,  644,  786,  947,  490, 1015,  750,  582,  560,  643,  787,    0,  826,  645,  718,  225,  476,   29,  916,  294,  984,  615,  112,  802,  589,  456,  855,  826,  297,  393, 1061,  743,  650,  913,  396,  817,  754,  926,  213,  493,  608,  463,  291,  652,  287, 1043,  832,  901,  388,  547,  728,  809,  331,  761,  669,  497,  665,  357,  497,  618, 1014,  600,  301,  512,  350,  334,  880,  201,  626,  930,  552,  583,  400,  809,  755,  943,  384, 1097,  686,  380,  450,  565,  721,  610,  588,  679,  402,  826,  828,  973,  643,  386, 1075,  527,  895,  729,  844,  636,  713,  564,  559,  648,  869, 1129,  846,  696,  930,  740,  611,  771,  182,  978,  554,   70,  183,  496,  328,  823,  232,  681,  923,  823,  349,  813,  352,  637,  728,  851,  660,  715, 1054,  208, 1020,  788,  635,  410,  894,  571, 1121,  836,  266, 1088,  189,  374,  499,  767, 1040,  359,  525,   67,  569, 1065,  921, 1000,  869,  236,  458,  875,  808, 1063,  892,  536,  572,  378,  529,  697,  498,  800,  654,  722,  542,  914,  374,  241,  635,  283,  398,  803,  397,  770,  613,  600,  631,  903,  822, 1090,  400,  837],
        [  617,    0,  166,  544,  716,  251,  279,  614,  672,  384,  339,  149,  450,  200,  456,  624,  513,  243,   47,  826,    0,  659,  160,  752,  691,  851,  250,  546,  273,  541,  724,   26,  550,  376,  590,  632,  601,  445,  288,  236,  425,  373,  490,  591,  277,  271,  787,  663,  409,  408,  546,  598,  621,  237,  385,  507,  606,  320,  602,  452,  595,  429,  652,  415,  601,  586,  505,  484,  225,  353,  729,  353,  681,  626,  219,  657,  323,  129,  406,  498,  613,  667,  703,  359,  462,  275,  527,  731,  379,  449,  637,  222,  543,  369,  520,  503,  112,  288,  674,  608,  284,  628,  380,  395,  320,  310,  263,  278,  642,  384,  567,  315,   76,  624,  114,   87,  402,   76,  772,  155,  443,  892,  673,  687,  715,   20,  594,  284,  358,  698,  533,  255,  740,  601,  202,  234,  352,  193,  257,  689,  233,  479,  301,  419,  366,  393,  312,   11,  672,  273,  695,  554,  328,  122,  227,  486,  327,  842,  607,  240,  436,  257,  544,  699,  660,  348,  152,  248,  322,  292,  259,  716,  559,  692,  706,  603,  348,  406,  302,  191,  566,  615,  390,  548,  460,  383,  529,  250,  247,  705,  269,  432,  181,  283,  559,  225],
        [  893,    0,  821,  212,  892,  878,  452,  445,  150,  276,  883,  805,  729,  839,  245,  943,  168,  429,  614,  645,  659,    0,  686,  428,  913,  671,  889,  589,  928,  909,  551,  637,  120,  459,  250,  199,  375,  573,  716,  777,  235,  451,  348, 1072,  816,  909,  452,  906,  803,  370,  457,  973,  374,  751,  943,  348,  780,  643, 1025,  976,  335,  275,   28,  699,  984,  732,  222,  870,  879,  747,  352,  390,  296,  749,  535,  640,  342,  786,  282,  172,  252, 1115,  112,  981,  594,  830,  948,  870,  537,  800, 1043,  584,  890,  829,  710, 1020,  575,  585, 1016,  268,  750,  907,  429,  885,  905,  742,  399,  600,  939,  817, 1086,  941,  727,   70,  764,  615,  261,  585,  747,  782,  785,  704,  641,  924,  819,  642,  530,  376,  473, 1142,  364,  840,  310,   59,  736,  497,  801,  715,  744,  692,  887,  981,  364,  475,  963,  756,  812,  669,  381,  801,  680,  716,  529,  705,  864,  421,  615,  705,   88,  835,  416,  916,  291,  730,  188,  432,  761,  782,  932,  498,  497,  277,  858,   56,  938, 1070,  311,  888,  603,  593,  729,  444,  810,  481,  389,  343,  713,  430,  643,   72,  697, 1013,  516,  786,  278,  493],
        [  459,    0,  194,  528,  562,  360,  243,  532,  732,  421,  212,  234,  298,  306,  526,  465,  524,  263,  156,  718,  160,  686,    0,  683,  534,  741,  219,  427,  278,  383,  625,  151,  568,  301,  673,  704,  537,  326,  447,   99,  465,  498,  439,  452,  143,  236,  716,  505,  250,  364,  460,  441,  557,  392,  269,  611,  457,  179,  451,  322,  541,  505,  686,  266,  445,  441,  495,  326,  297,  194,  675,  318,  637,  482,  357,  534,  349,  220,  408,  515,  580,  522,  752,  296,  338,  418,  373,  580,  273,  290,  484,  122,  384,  215,  375,  372,  247,  438,  516,  571,  441,  470,  499,  249,  220,  151,  329,  156,  483,  227,  440,  415,  138,  666,  227,  104,  428,  171,  640,  281,  285,  781,  551,  529,  568,  172,  491,  334,  487,  553,  473,  154,  697,  630,   56,  360,  195,   39,  414,  559,  303,  342,  328,  332,  278,  235,  464,  164,  608,  422,  569,  410,  231,   51,  328,  412,  195,  725,  619,  371,  554,  286,  636,  564,  643,  466,   93,  399,  246,  220,  203,  679,  401,  728,  548,  461,  389,  259,  176,  342,  421,  534,  232,  455,  399,  476,  384,  343,  107,  718,  113,  332,  303,  436,  522,  347],
        [  637,    0,  871,  285,  579, 1003,  473,  157,  577,  483,  807,  891,  540,  951,  567,  698,  371,  530,  708,  225,  752,  428,  683,    0,  620,  248,  899,  330,  960,  704,  160,  727,  389,  384,  653,  617,  152,  393,  943,  736,  477,  752,  265,  903,  759,  913,   37,  626,  654,  347,  229,  755,  131,  942,  862,  714,  501,  541,  826,  859,  164,  584,  454,  531,  768,  457,  318,  689,  964,  624,   77,  402,  134,  452,  752,  305,  487,  872,  398,  396,  199,  915,  536,  952,  398, 1006,  767,  542,  418,  623,  829,  563,  679,  713,  473,  888,  725,  837,  768,  190,  964,  648,  732,  770,  855,  646,  578,  534,  682,  687,  943, 1066,  791,  484,  864,  672,  448,  685,  369,  905,  610,  278,  296,  637,  487,  744,  237,  545,  766,  935,  220,  809,  128,  427,  709,  718,  688,  692,  947,  346,  971,  847,  501,  352,  912,  608, 1017,  763,   82,  990,  328,  458,  453,  725,  977,  272,  512,  290,  359,  985,  748,  967,  675,  385,  241,  718,  776,  966,  899,  469,  497,  155,  627,  477,  644,  891,  502,  766,  519,  796,  465,  155,  675,  241,  292,  636,  471,  634,  589,  378,  624,  936,  702,  987,  223,  707],
        [   85,    0,  685,  701,   59,  870,  564,  499, 1028,  756,  463,  747,  246,  819,  887,  128,  762,  651,  675,  476,  691,  913,  534,  620,    0,  480,  641,  326,  710,  204,  467,  677,  809,  486, 1033, 1033,  561,  352,  978,  491,  788,  960,  566,  376,  473,  641,  632,   33,  296,  565,  462,  205,  572,  925,  481, 1023,  134,  385,  279,  425,  597,  882,  928,  285,  216,  181,  696,  244,  790,  341,  671,  574,  682,  171,  854,  315,  696,  738,  679,  773,  681,  345, 1017,  614,  328,  947,  271,  106,  413,  248,  260,  498,  183,  362,  213,  419,  756,  947,  171,  664,  974,   81,  952,  383,  528,  387,  744,  439,   98,  334,  440,  913,  666,  934,  753,  616,  737,  678,  299,  808,  250,  500,  325,   21,  149,  700,  402,  726,  958,  354,  552,  534,  721,  877,  505,  842,  363,  506,  947,  280,  792,  392,  689,  452,  556,  299,  996,  696,  596,  954,  299,  199,  450,  580,  837,  493,  392,  432,  825,  895,  999,  742, 1020,  244,  764,  922,  589,  931,  576,  505,  534,  729,  139,  968,   26,  353,  743,  370,  417,  857,  185,  500,  323,  438,  528,  889,  207,  788,  450,  901,  422,  533,  791,  969,  640,  827],
        [  527,    0,  934,  500,  426, 1093,  591,  269,  818,  672,  804,  970,  506, 1039,  778,  589,  588,  670,  812,   29,  851,  671,  741,  248,  480,    0,  936,  315, 1005,  625,  140,  827,  616,  482,  882,  853,  325,  415, 1088,  763,  678,  941,  424,  827,  773,  946,  234,  498,  624,  491,  318,  660,  315, 1069,  848,  929,  397,  568,  736,  823,  359,  789,  696,  515,  673,  370,  525,  630, 1037,  618,  325,  539,  375,  344,  908,  217,  654,  954,  580,  611,  427,  816,  781,  962,  405, 1122,  697,  380,  474,  580,  728,  634,  598,  695,  418,  839,  855, 1000,  647,  413, 1101,  534,  924,  745,  862,  655,  740,  586,  564,  665,  880, 1152,  870,  723,  954,  764,  639,  797,  182, 1003,  569,   43,  200,  499,  331,  848,  257,  709,  951,  829,  377,  832,  375,  664,  749,  879,  677,  737, 1080,  218, 1043,  801,  662,  435,  911,  588, 1147,  860,  293, 1114,  200,  388,  524,  790, 1063,  386,  547,   53,  596, 1089,  949, 1021,  897,  243,  484,  903,  830, 1089,  911,  562,  597,  402,  539,  722,  500,  809,  682,  737,  565,  940,  387,  269,  651,  309,  426,  832,  411,  798,  635,  625,  652,  918,  849, 1116,  428,  865],
        [  557,    0,   96,  744,  684,  254,  458,  746,  916,  615,  183,  162,  449,  216,  701,  538,  732,  460,  286,  916,  250,  889,  219,  899,  641,  936,    0,  622,   71,  449,  830,  265,  773,  519,  838,  879,  754,  526,  460,  174,  659,  618,  658,  413,  173,   22,  931,  609,  351,  582,  673,  486,  775,  381,  195,  756,  603,  370,  459,  273,  760,  676,  885,  428,  483,  601,  708,  399,  164,  328,  894,  535,  856,  641,  461,  722,  547,  169,  617,  720,  798,  498,  943,  113,  533,  362,  403,  713,  484,  402,  498,  340,  462,  280,  538,  317,  359,  512,  564,  789,  436,  564,  626,  265,  125,  286,  504,  366,  565,  309,  369,  281,  174,  861,  199,  274,  628,  314,  814,  238,  405,  975,  740,  630,  716,  270,  696,  519,  600,  527,  692,  110,  916,  831,  191,  481,  283,  208,  409,  739,  163,  309,  525,  548,  140,  367,  427,  243,  825,  385,  751,  573,  447,  187,  223,  628,  395,  915,  827,  301,  682,  102,  793,  736,  860,  596,  131,  369,   95,  439,  420,  898,  503,  926,  648,  433,  581,  278,  382,  420,  580,  748,  322,  666,  618,  632,  546,  498,  311,  926,  286,  208,  430,  410,  741,  473],
        [  320,    0,  620,  378,  304,  783,  315,  184,  711,  465,  499,  658,  214,  728,  593,  378,  445,  404,  512,  294,  546,  589,  427,  330,  326,  315,  622,    0,  690,  376,  215,  525,  490,  208,  730,  722,  240,  102,  803,  450,  489,  707,  245,  574,  462,  633,  353,  322,  331,  263,  137,  429,  253,  774,  548,  739,  194,  253,  498,  536,  273,  594,  606,  211,  442,  145,  377,  360,  724,  312,  364,  291,  364,  161,  639,  111,  420,  643,  378,  459,  356,  587,  695,  654,   90,  821,  437,  284,  170,  296,  503,  326,  351,  396,  145,  562,  567,  735,  451,  339,  812,  333,  695,  450,  555,  344,  490,  274,  367,  367,  614,  840,  558,  615,  644,  460,  440,  501,  232,  695,  283,  355,  127,  339,  239,  547,   93,  464,  711,  609,  227,  520,  409,  556,  435,  616,  374,  422,  788,  150,  729,  522,  420,  161,  607,  288,  852,  556,  285,  816,  152,  136,  222,  477,  752,  173,  233,  299,  502,  784,  733,  706,  725,  173,  439,  668,  515,  791,  602,  270,  307,  412,  301,  645,  351,  562,  461,  445,  252,  661,  147,  186,  354,  113,  213,  616,  144,  544,  321,  576,  337,  622,  576,  821,  314,  601],
        [  626,    0,  108,  793,  754,  207,  510,  809,  945,  653,  250,  149,  519,  181,  729,  605,  775,  502,  316,  984,  273,  928,  278,  960,  710, 1005,   71,  690,    0,  516,  896,  293,  815,  578,  860,  904,  814,  593,  438,  243,  695,  626,  714,  464,  244,   70,  993,  678,  421,  636,  736,  550,  835,  356,  252,  770,  673,  438,  518,  328,  818,  702,  922,  499,  546,  672,  757,  468,  119,  399,  952,  587,  912,  711,  470,  791,  587,  164,  663,  762,  852,  550,  976,  140,  601,  324,  467,  783,  548,  473,  557,  399,  530,  350,  608,  369,  377,  508,  627,  844,  410,  633,  637,  331,  187,  356,  536,  429,  632,  380,  414,  222,  202,  895,  195,  316,  668,  345,  885,  218,  476, 1044,  809,  699,  786,  292,  763,  554,  607,  578,  750,  181,  972,  870,  257,  494,  354,  272,  385,  809,  116,  366,  565,  609,  186,  437,  392,  265,  885,  352,  821,  644,  508,  239,  180,  689,  461,  984,  870,  263,  692,   42,  812,  806,  910,  608,  186,  340,  146,  496,  474,  953,  572,  963,  716,  486,  618,  345,  447,  422,  651,  811,  392,  731,  676,  653,  617,  523,  376,  969,  353,  248,  447,  379,  795,  488],
        [  120,    0,  504,  704,  256,  689,  493,  558, 1002,  702,  267,  570,  182,  641,  829,   90,  745,  567,  537,  615,  541,  909,  383,  704,  204,  625,  449,  376,  516,    0,  573,  533,  794,  451,  980,  994,  606,  343,  828,  317,  740,  859,  571,  204,  289,  446,  725,  171,  136,  540,  500,   67,  622,  766,  279,  947,  229,  286,  123,  223,  634,  817,  919,  211,   76,  260,  688,   58,  604,  199,  738,  530,  732,  282,  732,  422,  632,  564,  643,  749,  709,  214, 1002,  413,  327,  777,   73,  296,  373,  114,  135,  389,   28,  179,  232,  222,  625,  818,  134,  694,  818,  123,  856,  185,  330,  235,  657,  341,  117,  159,  256,  727,  502,  916,  584,  480,  691,  546,  458,  638,  127,  654,  438,  189,  320,  554,  468,  647,  852,  237,  574,  346,  781,  864,  342,  728,  191,  349,  790,  408,  606,  191,  619,  436,  354,  169,  832,  545,  659,  789,  427,  249,  389,  422,  656,  503,  307,  586,  824,  722,  908,  550,  957,  385,  791,  823,  417,  768,  377,  434,  453,  780,   87,  962,  204,  188,  680,  171,  327,  723,  245,  560,  152,  479,  526,  809,  234,  691,  328,  913,  283,  330,  673,  807,  658,  714],
