{
    "name": "random-8-31073",
    "comment": "size=8 seed=31073",
    "nodes": ["+0", "-0", "+1", "-1", "+2", "-2", "+3", "-3", "+4", "-4", "+5", "-5", "+6", "-6", "+7", "-7", "+8", "-8"],
    "precedence": {
        "+0": "-0",
        "+1": "-1",
        "+2": "-2",
        "+3": "-3",
        "+4": "-4",
        "+5": "-5",
        "+6": "-6",
        "+7": "-7",
        "+8": "-8"
    },
    "edges": [
        [    0,    0,  735,  770,  763,  894,  882,  546,  654,  489,  860, 1235,  119,  164,  538, 1001,  824,  434],
        [    0,    0,  735,  770,  763,  894,  882,  546,  654,  489,  860, 1235,  119,  164,  538, 1001,  824,  434],
        [  735,  735,    0,   40,  691,  204,  149,  437,  295,  246,  222,  519,  685,  657,  305,  422,  616,  514],
        [  770,  770,   40,    0,  723,  166,  112,  474,  328,  281,  226,  494,  717,  695,  344,  424,  644,  533],
        [  763,  763,  691,  723,    0,  884,  782,  302,  397,  631,  586,  903,  822,  600,  434,  551,  137,  930],
        [  894,  894,  204,  166,  884,    0,  120,  640,  491,  417,  339,  464,  826,  838,  508,  516,  796,  589],
        [  882,  882,  149,  112,  782,  120,    0,  559,  399,  393,  221,  394,  828,  805,  437,  397,  687,  630],
        [  546,  546,  437,  474,  302,  640,  559,    0,  170,  331,  417,  796,  573,  396,  142,  491,  301,  633],
        [  654,  654,  295,  328,  397,  491,  399,  170,    0,  288,  248,  630,  653,  523,  119,  349,  334,  627],
        [  489,  489,  246,  281,  631,  417,  393,  331,  288,    0,  402,  756,  443,  421,  200,  580,  604,  341],
        [  860,  860,  222,  226,  586,  339,  221,  417,  248,  402,    0,  386,  835,  748,  337,  201,  479,  718],
        [ 1235, 1235,  519,  494,  903,  464,  394,  796,  630,  756,  386,    0, 1198, 1131,  722,  355,  774, 1023],
        [  119,  119,  685,  717,  822,  826,  828,  573,  653,  443,  835, 1198,    0,  242,  535,  994,  866,  323],
        [  164,  164,  657,  695,  600,  838,  805,  396,  523,  421,  748, 1131,  242,    0,  414,  870,  663,  488],
        [  538,  538,  305,  344,  434,  508,  437,  142,  119,  200,  337,  722,  535,  414,    0,  464,  405,  526],
        [ 1001, 1001,  422,  424,  551,  516,  397,  491,  349,  580,  201,  355,  994,  870,  464,    0,  420,  909],
        [  824,  824,  616,  644,  137,  796,  687,  301,  334,  604,  479,  774,  866,  663,  405,  420,    0,  927],
        [  434,  434,  514,  533,  930,  589,  630,  633,  627,  341,  718, 1023,  323,  488,  526,  909,  927,    0]
    ]
}
