{
    "name": "random-33-27388",
    "comment": "size=33 seed=27388",
    "nodes": ["+0", "-0", "+1", "-1", "+2", "-2", "+3", "-3", "+4", "-4", "+5", "-5", "+6", "-6", "+7", "-7", "+8", "-8", "+9", "-9", "+10", "-10", "+11", "-11", "+12", "-12", "+13", "-13", "+14", "-14", "+15", "-15", "+16", "-16", "+17", "-17", "+18", "-18", "+19", "-19", "+20", "-20", "+21", "-21", "+22", "-22", "+23", "-23", "+24", "-24", "+25", "-25", "+26", "-26", "+27", "-27", "+28", "-28", "+29", "-29", "+30", "-30", "+31", "-31", "+32", "-32", "+33", "-33"],
    "precedence": {
        "+0": "-0",
        "+1": "-1",
        "+2": "-2",
        "+3": "-3",
        "+4": "-4",
        "+5": "-5",
        "+6": "-6",
        "+7": "-7",
        "+8": "-8",
        "+9": "-9",
        "+10": "-10",
        "+11": "-11",
        "+12": "-12",
        "+13": "-13",
        "+14": "-14",
        "+15": "-15",
        "+16": "-16",
        "+17": "-17",
        "+18": "-18",
        "+19": "-19",
        "+20": "-20",
        "+21": "-21",
        "+22": "-22",
        "+23": "-23",
        "+24": "-24",
        "+25": "-25",
        "+26": "-26",
        "+27": "-27",
        "+28": "-28",
        "+29": "-29",
        "+30": "-30",
        "+31": "-31",
        "+32": "-32",
        "+33": "-33"
    },
    "edges": [
        [    0,    0,  348,  811,  476,  366,  373,  633,  901,  448,  651,  868,  587,  641,  902,  295,  100,  670,  927,  691,  858,  351,  764,  395,  580,  460,  342,  722,  570,  777,  693,  476,  730,   45,  617,  210,  946, 1204,  950,  638,  749,  163,  773,  705,  553,  116,  306,  405,  690,  736,  906,  566,  393,  393, 1137,  435,  377,  158,  448,  661,  711,  327,  788,  771,  827,  592,  439,  286],
        [    0,    0,  348,  811,  476,  366,  373,  633,  901,  448,  651,  868,  587,  641,  902,  295,  100,  670,  927,  691,  858,  351,  764,  395,  580,  460,  342,  722,  570,  777,  693,  476,  730,   45,  617,  210,  946, 1204,  950,  638,  749,  163,  773,  705,  553,  116,  306,  405,  690,  736,  906,  566,  393,  393, 1137,  435,  377,  158,  448,  661,  711,  327,  788,  771,  827,  592,  439,  286],
        [  348,  348,    0,  584,  434,  370,  111,  286,  864,  325,  305,  523,  241,  648,  878,  302,  444,  600,  639,  368,  871,  528,  503,  587,  449,  148,  118,  686,  430,  564,  793,  351,  585,  372,  614,  164,  660,  993,  820,  744,  422,  224,  621,  704,  223,  274,  252,  145,  377,  520,  687,  266,  391,  458,  915,  136,  215,  197,  267,  698,  560,  127,  875,  734,  901,  386,  554,   98],
        [  811,  811,  584,    0,  413,  497,  486,  506,  502,  371,  492,  629,  495,  481,  533,  535,  872,  339,  210,  330,  593,  699,  113,  739,  269,  648,  697,  417,  267,   44,  693,  347,  192,  805,  457,  620,  218,  409,  319,  678,  335,  651,  180,  486,  416,  803,  508,  447,  295,   76,  103,  337,  481,  550,  333,  661,  437,  672,  365,  547,  184,  510,  719,  436,  714,  220,  625,  678],
        [  476,  476,  434,  413,    0,  110,  334,  578,  445,  126,  581,  804,  537,  214,  454,  186,  507,  196,  595,  497,  438,  287,  424,  328,  144,  571,  541,  262,  149,  371,  384,  117,  272,  454,  180,  352,  610,  759,  477,  344,  546,  346,  315,  271,  445,  516,  203,  316,  471,  342,  487,  382,   84,  138,  702,  566,  223,  388,  202,  267,  260,  309,  453,  312,  474,  241,  220,  488],
        [  366,  366,  370,  497,  110,    0,  285,  563,  545,  142,  570,  801,  518,  297,  551,   82,  398,  305,  662,  517,  523,  220,  488,  274,  235,  516,  465,  363,  232,  457,  423,  156,  376,  344,  267,  260,  678,  862,  587,  375,  571,  244,  419,  358,  434,  412,  120,  280,  497,  423,  580,  390,   28,   94,  802,  506,  183,  289,  200,  336,  361,  247,  506,  413,  534,  298,  197,  407],
        [  373,  373,  111,  486,  334,  285,    0,  296,  755,  218,  308,  541,  248,  547,  770,  231,  460,  492,  564,  318,  767,  471,  414,  530,  339,  238,  227,  579,  320,  462,  704,  243,  475,  385,  512,  164,  584,  895,  711,  658,  377,  219,  512,  601,  188,  331,  175,   39,  317,  419,  588,  195,  301,  377,  818,  234,  111,  216,  157,  600,  451,   53,  782,  627,  806,  280,  478,  195],
        [  633,  633,  286,  506,  578,  563,  296,    0,  928,  453,   23,  246,   48,  775,  951,  522,  729,  678,  463,  181,  974,  763,  396,  822,  515,  220,  333,  775,  495,  506,  961,  463,  599,  656,  740,  439,  482,  880,  809,  920,  206,  499,  621,  817,  134,  555,  466,  287,  213,  472,  598,  208,  572,  656,  795,  246,  381,  480,  377,  837,  575,  347, 1027,  816, 1043,  400,  759,  363],
        [  901,  901,  864,  502,  445,  545,  755,  928,    0,  539,  923, 1106,  899,  263,   34,  626,  909,  264,  703,  785,  129,  604,  597,  603,  424,  986,  976,  183,  445,  473,  351,  513,  337,  871,  284,  796,  705,  576,  244,  378,  810,  788,  329,  201,  804,  956,  647,  728,  749,  488,  485,  722,  517,  509,  569,  987,  650,  832,  601,  266,  359,  742,  311,  133,  282,  529,  495,  928],
        [  448,  448,  325,  371,  126,  142,  218,  453,  539,    0,  456,  681,  412,  333,  553,  164,  502,  276,  523,  382,  550,  361,  350,  413,  138,  454,  438,  361,  125,  334,  509,   30,  289,  438,  298,  280,  540,  757,  520,  468,  435,  295,  331,  384,  320,  460,  142,  196,  360,  296,  462,  261,  137,  223,  691,  452,  112,  327,   76,  390,  268,  205,  578,  410,  598,  160,  323,  392],
        [  651,  651,  305,  492,  581,  570,  308,   23,  923,  456,    0,  233,   65,  775,  946,  532,  747,  676,  443,  165,  972,  774,  382,  832,  513,  242,  355,  773,  493,  495,  964,  466,  592,  674,  740,  455,  462,  862,  799,  924,  186,  515,  613,  816,  138,  575,  476,  297,  198,  461,  583,  206,  579,  664,  778,  268,  390,  498,  381,  838,  568,  361, 1029,  813, 1044,  396,  767,  384],
        [  868,  868,  523,  629,  804,  801,  541,  246, 1106,  681,  233,    0,  293,  987, 1132,  765,  966,  875,  501,  324, 1169, 1006,  519, 1065,  719,  421,  545,  971,  700,  645, 1184,  687,  770,  894,  953,  681,  515,  931,  947, 1147,  298,  742,  781, 1022,  367,  781,  709,  530,  358,  621,  698,  422,  808,  894,  848,  449,  622,  720,  608, 1052,  748,  593, 1243, 1008, 1255,  596,  997,  589],
        [  587,  587,  241,  495,  537,  518,  248,   48,  899,  412,   65,  293,    0,  737,  921,  475,  683,  646,  472,  183,  940,  716,  388,  776,  482,  191,  297,  742,  461,  492,  920,  424,  574,  610,  702,  392,  492,  879,  790,  878,  220,  452,  598,  781,   97,  512,  419,  241,  210,  454,  590,  179,  528,  611,  796,  215,  336,  434,  336,  798,  549,  300,  988,  784, 1005,  371,  714,  322],
        [  641,  641,  648,  481,  214,  297,  547,  775,  263,  333,  775,  987,  737,    0,  261,  379,  647,  143,  689,  668,  227,  346,  537,  353,  270,  784,  753,  104,  288,  440,  214,  316,  291,  611,   36,  555,  699,  723,  391,  199,  709,  539,  318,   64,  642,  703,  409,  528,  637,  430,  518,  571,  270,  248,  688,  780,  436,  585,  407,   68,  298,  522,  257,  141,  269,  394,  238,  698],
        [  902,  902,  878,  533,  454,  551,  770,  951,   34,  553,  946, 1132,  921,  261,    0,  632,  907,  280,  734,  810,  100,  597,  626,  592,  443, 1003,  989,  193,  463,  503,  329,  528,  364,  871,  286,  805,  737,  608,  277,  360,  837,  794,  358,  198,  825,  961,  656,  744,  775,  516,  517,  744,  523,  509,  602, 1003,  663,  838,  617,  257,  385,  755,  284,  144,  252,  551,  489,  939],
        [  295,  295,  302,  535,  186,   82,  231,  522,  626,  164,  532,  765,  475,  379,  632,    0,  340,  381,  681,  502,  605,  242,  509,  301,  288,  450,  389,  443,  280,  498,  496,  189,  436,  279,  349,  179,  698,  916,  656,  445,  559,  162,  479,  440,  401,  332,   57,  236,  488,  459,  625,  370,  110,  158,  852,  438,  148,  207,  194,  416,  418,  185,  581,  493,  611,  321,  252,  329],
        [  100,  100,  444,  872,  507,  398,  460,  729,  909,  502,  747,  966,  683,  647,  907,  340,    0,  696, 1001,  777,  853,  324,  835,  356,  627,  559,  441,  736,  620,  836,  668,  528,  773,   75,  627,  297, 1020, 1255,  983,  613,  836,  242,  816,  710,  644,  209,  365,  489,  774,  797,  964,  650,  424,  403, 1192,  534,  448,  250,  515,  656,  756,  411,  763,  783,  805,  655,  425,  385],
        [  670,  670,  600,  339,  196,  305,  492,  678,  264,  276,  676,  875,  646,  143,  280,  381,  696,    0,  548,  552,  296,  432,  401,  455,  165,  723,  713,   97,  185,  298,  355,  250,  149,  647,  123,  542,  557,  602,  290,  341,  587,  541,  177,  153,  550,  711,  392,  465,  519,  292,  377,  471,  277,  300,  559,  723,  387,  581,  338,  208,  156,  480,  386,  140,  388,  281,  334,  667],
        [  927,  927,  639,  210,  595,  662,  564,  463,  703,  523,  443,  501,  472,  689,  734,  681, 1001,  548,    0,  291,  800,  876,  174,  922,  455,  656,  738,  627,  447,  250,  902,  506,  402,  930,  663,  721,   21,  433,  492,  884,  257,  765,  388,  695,  427,  895,  642,  528,  269,  262,  226,  375,  650,  729,  349,  676,  554,  775,  490,  755,  392,  603,  929,  644,  924,  365,  814,  737],
        [  691,  691,  368,  330,  497,  517,  318,  181,  785,  382,  165,  324,  183,  668,  810,  502,  777,  552,  291,    0,  846,  734,  218,  789,  398,  367,  455,  648,  380,  336,  870,  382,  449,  703,  634,  482,  311,  699,  642,  836,   59,  536,  464,  700,  146,  637,  450,  290,   37,  306,  419,  133,  518,  605,  615,  388,  355,  533,  317,  734,  426,  367,  924,  684,  934,  275,  705,  463],
        [  858,  858,  871,  593,  438,  523,  767,  974,  129,  550,  972, 1169,  940,  227,  100,  605,  853,  296,  800,  846,    0,  534,  678,  522,  459, 1004,  978,  200,  480,  559,  237,  529,  411,  824,  259,  782,  805,  704,  368,  274,  878,  764,  414,  168,  844,  926,  636,  745,  812,  566,  591,  766,  497,  467,  695, 1001,  658,  810,  621,  198,  429,  746,  184,  163,  153,  577,  429,  924],
        [  351,  351,  528,  699,  287,  220,  471,  763,  604,  361,  774, 1006,  716,  346,  597,  242,  324,  432,  876,  734,  534,    0,  703,   60,  430,  675,  593,  445,  434,  657,  346,  373,  548,  310,  335,  375,  891, 1030,  720,  291,  790,  326,  589,  404,  641,  447,  298,  477,  716,  627,  771,  605,  227,  149,  980,  659,  387,  372,  418,  341,  540,  422,  441,  486,  481,  513,  109,  529],
        [  764,  764,  503,  113,  424,  488,  414,  396,  597,  350,  382,  519,  388,  537,  626,  509,  835,  401,  174,  218,  678,  703,    0,  749,  287,  550,  611,  490,  276,  127,  749,  332,  267,  764,  508,  563,  191,  498,  429,  727,  223,  602,  269,  553,  315,  742,  472,  376,  184,  112,  203,  243,  477,  556,  417,  566,  388,  616,  321,  604,  251,  447,  786,  516,  787,  191,  643,  600],
        [  395,  395,  587,  739,  328,  274,  530,  822,  603,  413,  832, 1065,  776,  353,  592,  301,  356,  455,  922,  789,  522,   60,  749,    0,  471,  734,  651,  455,  477,  697,  316,  422,  580,  352,  348,  433,  937, 1056,  737,  263,  844,  383,  619,  407,  699,  496,  357,  536,  770,  669,  807,  661,  277,  194, 1010,  718,  445,  428,  473,  337,  574,  481,  410,  493,  453,  562,  121,  586],
        [  580,  580,  449,  269,  144,  235,  339,  515,  424,  138,  513,  719,  482,  270,  443,  288,  627,  165,  455,  398,  459,  430,  287,  471,    0,  563,  565,  261,   21,  227,  476,  109,  151,  566,  237,  418,  469,  629,  383,  447,  439,  431,  194,  304,  386,  598,  278,  308,  368,  198,  346,  308,  215,  282,  568,  566,  243,  464,  183,  337,  132,  336,  527,  304,  537,  124,  360,  524],
        [  460,  460,  148,  648,  571,  516,  238,  220,  986,  454,  242,  421,  191,  784, 1003,  450,  559,  723,  656,  367, 1004,  675,  550,  734,  563,    0,  125,  813,  543,  636,  938,  476,  686,  492,  749,  305,  676, 1048,  917,  890,  409,  363,  718,  838,  236,  363,  398,  259,  388,  594,  748,  312,  535,  605,  966,   28,  349,  327,  386,  837,  661,  270, 1018,  860, 1043,  479,  702,  175],
        [  342,  342,  118,  697,  541,  465,  227,  333,  976,  438,  355,  545,  297,  753,  989,  389,  441,  713,  738,  455,  978,  593,  611,  651,  565,  125,    0,  796,  546,  678,  884,  465,  702,  377,  719,  220,  758, 1105,  938,  833,  505,  269,  738,  811,  312,  241,  347,  262,  470,  635,  800,  370,  488,  546, 1026,   98,  327,  227,  383,  799,  678,  235,  970,  846,  999,  503,  636,   66],
        [  722,  722,  686,  417,  262,  363,  579,  775,  183,  361,  773,  971,  742,  104,  193,  443,  736,   97,  627,  648,  200,  445,  490,  455,  261,  813,  796,    0,  281,  379,  288,  337,  226,  694,  111,  614,  635,  624,  288,  287,  682,  605,  242,   73,  646,  774,  464,  554,  615,  379,  438,  567,  335,  334,  592,  812,  471,  649,  428,  148,  240,  563,  302,   51,  299,  378,  339,  747],
        [  570,  570,  430,  267,  149,  232,  320,  495,  445,  125,  493,  700,  461,  288,  463,  280,  620,  185,  447,  380,  480,  434,  276,  477,   21,  543,  546,  281,    0,  226,  492,   96,  164,  558,  255,  404,  461,  636,  398,  463,  422,  419,  206,  324,  365,  585,  266,  289,  350,  194,  348,  288,  214,  285,  573,  546,  227,  451,  164,  354,  143,  318,  545,  324,  556,  106,  368,  507],
        [  777,  777,  564,   44,  371,  457,  462,  506,  473,  334,  495,  645,  492,  440,  503,  498,  836,  298,  250,  336,  559,  657,  127,  697,  227,  636,  678,  379,  226,    0,  652,  309,  153,  770,  415,  589,  259,  434,  306,  636,  348,  619,  146,  446,  408,  773,  473,  424,  301,   44,  130,  326,  440,  508,  362,  648,  406,  642,  333,  506,  143,  483,  680,  399,  677,  189,  582,  656],
        [  693,  693,  793,  693,  384,  423,  704,  961,  351,  509,  964, 1184,  920,  214,  329,  496,  668,  355,  902,  870,  237,  346,  749,  316,  476,  938,  884,  288,  492,  652,    0,  499,  502,  654,  242,  670,  911,  899,  557,   56,  914,  636,  525,  216,  828,  781,  542,  693,  841,  643,  724,  763,  404,  339,  875,  929,  596,  684,  585,  147,  510,  669,   96,  294,  138,  598,  259,  824],
        [  476,  476,  351,  347,  117,  156,  243,  463,  513,   30,  466,  687,  424,  316,  528,  189,  528,  250,  506,  382,  529,  373,  332,  422,  109,  476,  465,  337,   96,  309,  499,    0,  259,  465,  280,  309,  523,  730,  491,  460,  432,  324,  301,  364,  330,  490,  171,  217,  357,  272,  436,  266,  147,  230,  664,  475,  139,  356,   92,  375,  238,  232,  565,  385,  583,  142,  326,  420],
        [  730,  730,  585,  192,  272,  376,  475,  599,  337,  289,  592,  770,  574,  291,  364,  436,  773,  149,  402,  449,  411,  548,  267,  580,  151,  686,  702,  226,  164,  153,  502,  259,    0,  714,  270,  567,  410,  487,  237,  489,  474,  582,   44,  294,  481,  748,  428,  441,  413,  156,  231,  396,  353,  404,  432,  692,  389,  615,  322,  356,   26,  479,  527,  249,  524,  208,  461,  666],
        [   45,   45,  372,  805,  454,  344,  385,  656,  871,  438,  674,  894,  610,  611,  871,  279,   75,  647,  930,  703,  824,  310,  764,  352,  566,  492,  377,  694,  558,  770,  654,  465,  714,    0,  588,  223,  949, 1193,  930,  599,  762,  168,  757,  674,  570,  159,  298,  415,  700,  730,  899,  576,  371,  363, 1128,  468,  377,  177,  445,  627,  697,  337,  749,  742,  789,  587,  401,  318],
        [  617,  617,  614,  457,  180,  267,  512,  740,  284,  298,  740,  953,  702,   36,  286,  349,  627,  123,  663,  634,  259,  335,  508,  348,  237,  749,  719,  111,  255,  415,  242,  280,  270,  588,    0,  524,  673,  717,  390,  222,  676,  509,  299,   93,  607,  676,  377,  493,  604,  403,  499,  536,  240,  226,  678,  745,  401,  555,  371,  100,  274,  488,  291,  156,  304,  360,  229,  665],
        [  210,  210,  164,  620,  352,  260,  164,  439,  796,  280,  455,  681,  392,  555,  805,  179,  297,  542,  721,  482,  782,  375,  563,  433,  418,  305,  220,  614,  404,  589,  670,  309,  567,  223,  524,    0,  741, 1023,  800,  617,  540,   61,  609,  616,  347,  185,  150,  196,  481,  547,  719,  357,  286,  332,  951,  287,  185,   54,  257,  594,  546,  119,  757,  664,  789,  401,  417,  156],
        [  946,  946,  660,  218,  610,  678,  584,  482,  705,  540,  462,  515,  492,  699,  737,  698, 1020,  557,   21,  311,  805,  891,  191,  937,  469,  676,  758,  635,  461,  259,  911,  523,  410,  949,  673,  741,    0,  418,  491,  895,  277,  784,  395,  704,  448,  915,  660,  548,  290,  274,  225,  395,  667,  744,  334,  697,  573,  794,  508,  764,  401,  623,  936,  651,  931,  381,  828,  757],
        [ 1204, 1204,  993,  409,  759,  862,  895,  880,  576,  757,  862,  931,  879,  723,  608,  916, 1255,  602,  433,  699,  704, 1030,  498, 1056,  629, 1048, 1105,  624,  636,  434,  899,  730,  487, 1193,  717, 1023,  418,    0,  343,  908,  680, 1049,  445,  692,  813, 1207,  899,  856,  670,  478,  307,  739,  839,  889,   85, 1064,  838, 1074,  766,  771,  501,  917,  881,  606,  856,  622,  935, 1087],
        [  950,  950,  820,  319,  477,  587,  711,  809,  244,  520,  799,  947,  790,  391,  277,  656,  983,  290,  492,  642,  368,  720,  429,  737,  383,  917,  938,  288,  398,  306,  557,  491,  237,  930,  390,  800,  491,  343,    0,  568,  652,  810,  200,  353,  701,  978,  656,  676,  606,  338,  267,  617,  561,  590,  327,  924,  624,  845,  558,  432,  261,  715,  540,  265,  518,  439,  618,  902],
        [  638,  638,  744,  678,  344,  375,  658,  920,  378,  468,  924, 1147,  878,  199,  360,  445,  613,  341,  884,  836,  274,  291,  727,  263,  447,  890,  833,  287,  463,  636,   56,  460,  489,  599,  222,  617,  895,  908,  568,    0,  882,  582,  516,  217,  788,  726,  492,  648,  808,  624,  716,  726,  357,  288,  879,  880,  550,  630,  544,  140,  495,  621,  150,  303,  192,  568,  204,  772],
        [  749,  749,  422,  335,  546,  571,  377,  206,  810,  435,  186,  298,  220,  709,  837,  559,  836,  587,  257,   59,  878,  790,  223,  844,  439,  409,  505,  682,  422,  348,  914,  432,  474,  762,  676,  540,  277,  680,  652,  882,    0,  594,  484,  737,  200,  694,  508,  348,   75,  324,  414,  191,  571,  658,  595,  432,  413,  591,  372,  775,  453,  426,  965,  715,  972,  316,  757,  516],
        [  163,  163,  224,  651,  346,  244,  219,  499,  788,  295,  515,  742,  452,  539,  794,  162,  242,  541,  765,  536,  764,  326,  602,  383,  431,  363,  269,  605,  419,  619,  636,  324,  582,  168,  509,   61,  784, 1049,  810,  582,  594,    0,  624,  601,  405,  171,  154,  247,  532,  577,  748,  408,  271,  303,  979,  343,  216,   49,  287,  572,  562,  169,  726,  655,  759,  432,  379,  204],
        [  773,  773,  621,  180,  315,  419,  512,  621,  329,  331,  613,  781,  598,  318,  358,  479,  816,  177,  388,  464,  414,  589,  269,  619,  194,  718,  738,  242,  206,  146,  525,  301,   44,  757,  299,  609,  395,  445,  200,  516,  484,  624,    0,  312,  507,  790,  471,  477,  428,  161,  201,  422,  396,  445,  392,  725,  429,  657,  361,  380,   64,  518,  543,  257,  537,  240,  499,  704],
        [  705,  705,  704,  486,  271,  358,  601,  817,  201,  384,  816, 1022,  781,   64,  198,  440,  710,  153,  695,  700,  168,  404,  553,  407,  304,  838,  811,   73,  324,  446,  216,  364,  294,  674,   93,  616,  704,  692,  353,  217,  737,  601,  312,    0,  685,  766,  469,  579,  668,  443,  510,  610,  332,  312,  663,  834,  490,  647,  456,   80,  305,  578,  234,   90,  236,  426,  296,  757],
        [  553,  553,  223,  416,  445,  434,  188,  134,  804,  320,  138,  367,   97,  642,  825,  401,  644,  550,  427,  146,  844,  641,  315,  699,  386,  236,  312,  646,  365,  408,  828,  330,  481,  570,  607,  347,  448,  813,  701,  788,  200,  405,  507,  685,    0,  494,  345,  168,  159,  369,  515,   85,  442,  527,  731,  253,  255,  396,  245,  704,  456,  240,  894,  688,  911,  276,  630,  318],
        [  116,  116,  274,  803,  516,  412,  331,  555,  956,  460,  575,  781,  512,  703,  961,  332,  209,  711,  895,  637,  926,  447,  742,  496,  598,  363,  241,  774,  585,  773,  781,  490,  748,  159,  676,  185,  915, 1207,  978,  726,  694,  171,  790,  766,  494,    0,  323,  368,  642,  731,  903,  523,  440,  461, 1135,  337,  369,  134,  441,  732,  728,  296,  874,  824,  910,  585,  522,  193],
        [  306,  306,  252,  508,  203,  120,  175,  466,  647,  142,  476,  709,  419,  409,  656,   57,  365,  392,  642,  450,  636,  298,  472,  357,  278,  398,  347,  464,  266,  473,  542,  171,  428,  298,  377,  150,  660,  899,  656,  492,  508,  154,  471,  469,  345,  323,    0,  180,  438,  433,  602,  318,  142,  207,  832,  388,   96,  190,  152,  453,  408,  131,  625,  514,  653,  290,  305,  290],
        [  405,  405,  145,  447,  316,  280,   39,  287,  728,  196,  297,  530,  241,  528,  744,  236,  489,  465,  528,  290,  745,  477,  376,  536,  308,  259,  262,  554,  289,  424,  693,  217,  441,  415,  493,  196,  548,  856,  676,  648,  348,  247,  477,  579,  168,  368,  180,    0,  286,  380,  549,  162,  293,  374,  780,  259,   99,  249,  127,  583,  416,   79,  768,  602,  790,  243,  476,  233],
        [  690,  690,  377,  295,  471,  497,  317,  213,  749,  360,  198,  358,  210,  637,  775,  488,  774,  519,  269,   37,  812,  716,  184,  770,  368,  388,  470,  615,  350,  301,  841,  357,  413,  700,  604,  481,  290,  670,  606,  808,   75,  532,  428,  668,  159,  642,  438,  286,    0,  270,  385,  124,  497,  583,  586,  408,  343,  533,  299,  704,  391,  364,  894,  650,  902,  244,  682,  473],
        [  736,  736,  520,   76,  342,  423,  419,  472,  488,  296,  461,  621,  454,  430,  516,  459,  797,  292,  262,  306,  566,  627,  112,  669,  198,  594,  635,  379,  194,   44,  643,  272,  156,  730,  403,  547,  274,  478,  338,  624,  324,  577,  161,  443,  369,  731,  433,  380,  270,    0,  172,  286,  407,  479,  404,  606,  363,  599,  291,  497,  139,  439,  677,  404,  677,  146,  557,  612],
        [  906,  906,  687,  103,  487,  580,  588,  598,  485,  462,  583,  698,  590,  518,  517,  625,  964,  377,  226,  419,  591,  771,  203,  807,  346,  748,  800,  438,  348,  130,  724,  436,  231,  899,  499,  719,  225,  307,  267,  716,  414,  748,  201,  510,  515,  903,  602,  549,  385,  172,    0,  438,  561,  624,  233,  762,  535,  771,  463,  579,  234,  611,  736,  445,  725,  318,  689,  780],
        [  566,  566,  266,  337,  382,  390,  195,  208,  722,  261,  206,  422,  179,  571,  744,  370,  650,  471,  375,  133,  766,  605,  243,  661,  308,  312,  370,  567,  288,  326,  763,  266,  396,  576,  536,  357,  395,  739,  617,  726,  191,  408,  422,  610,   85,  523,  318,  162,  124,  286,  438,    0,  393,  480,  658,  325,  223,  410,  191,  634,  372,  240,  825,  609,  839,  193,  581,  363],
        [  393,  393,  391,  481,   84,   28,  301,  572,  517,  137,  579,  808,  528,  270,  523,  110,  424,  277,  650,  518,  497,  227,  477,  277,  215,  535,  488,  335,  214,  440,  404,  147,  353,  371,  240,  286,  667,  839,  561,  357,  571,  271,  396,  332,  442,  440,  142,  293,  497,  407,  561,  393,    0,   87,  781,  526,  195,  316,  203,  311,  339,  266,  484,  385,  512,  287,  189,  431],
        [  393,  393,  458,  550,  138,   94,  377,  656,  509,  223,  664,  894,  611,  248,  509,  158,  403,  300,  729,  605,  467,  149,  556,  194,  282,  605,  546,  334,  285,  508,  339,  230,  404,  363,  226,  332,  744,  889,  590,  288,  658,  303,  445,  312,  527,  461,  207,  374,  583,  479,  624,  480,   87,    0,  835,  594,  276,  351,  290,  272,  394,  336,  426,  381,  458,  369,  103,  485],
        [ 1137, 1137,  915,  333,  702,  802,  818,  795,  569,  691,  778,  848,  796,  688,  602,  852, 1192,  559,  349,  615,  695,  980,  417, 1010,  568,  966, 1026,  592,  573,  362,  875,  664,  432, 1128,  678,  951,  334,   85,  327,  879,  595,  979,  392,  663,  731, 1135,  832,  780,  586,  404,  233,  658,  781,  835,    0,  982,  767, 1003,  695,  740,  443,  842,  866,  581,  844,  550,  889, 1010],
        [  435,  435,  136,  661,  566,  506,  234,  246,  987,  452,  268,  449,  215,  780, 1003,  438,  534,  723,  676,  388, 1001,  659,  566,  718,  566,   28,   98,  812,  546,  648,  929,  475,  692,  468,  745,  287,  697, 1064,  924,  880,  432,  343,  725,  834,  253,  337,  388,  259,  408,  606,  762,  325,  526,  594,  982,    0,  345,  306,  386,  831,  667,  261, 1010,  860, 1036,  486,  689,  150],
        [  377,  377,  215,  437,  223,  183,  111,  381,  650,  112,  390,  622,  336,  436,  663,  148,  448,  387,  554,  355,  658,  387,  388,  445,  243,  349,  327,  471,  227,  406,  596,  139,  389,  377,  401,  185,  573,  838,  624,  550,  413,  216,  429,  490,  255,  369,   96,   99,  343,  363,  535,  223,  195,  276,  767,  345,    0,  237,   73,  489,  366,   94,  672,  520,  695,  218,  379,  282],
        [  158,  158,  197,  672,  388,  289,  216,  480,  832,  327,  498,  720,  434,  585,  838,  207,  250,  581,  775,  533,  810,  372,  616,  428,  464,  327,  227,  649,  451,  642,  684,  356,  615,  177,  555,   54,  794, 1074,  845,  630,  591,   49,  657,  647,  396,  134,  190,  249,  533,  599,  771,  410,  316,  351, 1003,  306,  237,    0,  309,  619,  594,  172,  774,  699,  808,  454,  427,  162],
        [  448,  448,  267,  365,  202,  200,  157,  377,  601,   76,  381,  608,  336,  407,  617,  194,  515,  338,  490,  317,  621,  418,  321,  473,  183,  386,  383,  428,  164,  333,  585,   92,  322,  445,  371,  257,  508,  766,  558,  544,  372,  287,  361,  456,  245,  441,  152,  127,  299,  291,  463,  191,  203,  290,  695,  386,   73,  309,    0,  465,  299,  158,  654,  475,  673,  145,  391,  344],
        [  661,  661,  698,  547,  267,  336,  600,  837,  266,  390,  838, 1052,  798,   68,  257,  416,  656,  208,  755,  734,  198,  341,  604,  337,  337,  837,  799,  148,  354,  506,  147,  375,  356,  627,  100,  594,  764,  771,  432,  140,  775,  572,  380,   80,  704,  732,  453,  583,  704,  497,  579,  634,  311,  272,  740,  831,  489,  619,  465,    0,  363,  571,  191,  169,  208,  460,  234,  742],
        [  711,  711,  560,  184,  260,  361,  451,  575,  359,  268,  568,  748,  549,  298,  385,  418,  756,  156,  392,  426,  429,  540,  251,  574,  132,  661,  678,  240,  143,  143,  510,  238,   26,  697,  274,  546,  401,  501,  261,  495,  453,  562,   64,  305,  456,  728,  408,  416,  391,  139,  234,  372,  339,  394,  443,  667,  366,  594,  299,  363,    0,  456,  539,  266,  538,  183,  456,  642],
        [  327,  327,  127,  510,  309,  247,   53,  347,  742,  205,  361,  593,  300,  522,  755,  185,  411,  480,  603,  367,  746,  422,  447,  481,  336,  270,  235,  563,  318,  483,  669,  232,  479,  337,  488,  119,  623,  917,  715,  621,  426,  169,  518,  578,  240,  296,  131,   79,  364,  439,  611,  240,  266,  336,  842,  261,   94,  172,  158,  571,  456,    0,  749,  612,  775,  296,  435,  189],
        [  788,  788,  875,  719,  453,  506,  782, 1027,  311,  578, 1029, 1243,  988,  257,  284,  581,  763,  386,  929,  924,  184,  441,  786,  410,  527, 1018,  970,  302,  545,  680,   96,  565,  527,  749,  291,  757,  936,  881,  540,  150,  965,  726,  543,  234,  894,  874,  625,  768,  894,  677,  736,  825,  484,  426,  866, 1010,  672,  774,  654,  191,  539,  749,    0,  293,   46,  650,  352,  910],
        [  771,  771,  734,  436,  312,  413,  627,  816,  133,  410,  813, 1008,  784,  141,  144,  493,  783,  140,  644,  684,  163,  486,  516,  493,  304,  860,  846,   51,  324,  399,  294,  385,  249,  742,  156,  664,  651,  606,  265,  303,  715,  655,  257,   90,  688,  824,  514,  602,  650,  404,  445,  609,  385,  381,  581,  860,  520,  699,  475,  169,  266,  612,  293,    0,  282,  417,  379,  796],
        [  827,  827,  901,  714,  474,  534,  806, 1043,  282,  598, 1044, 1255, 1005,  269,  252,  611,  805,  388,  924,  934,  153,  481,  787,  453,  537, 1043,  999,  299,  556,  677,  138,  583,  524,  789,  304,  789,  931,  856,  518,  192,  972,  759,  537,  236,  911,  910,  653,  790,  902,  677,  725,  839,  512,  458,  844, 1036,  695,  808,  673,  208,  538,  775,   46,  282,    0,  660,  389,  940],
        [  592,  592,  386,  220,  241,  298,  280,  400,  529,  160,  396,  596,  371,  394,  551,  321,  655,  281,  365,  275,  577,  513,  191,  562,  124,  479,  503,  378,  106,  189,  598,  142,  208,  587,  360,  401,  381,  622,  439,  568,  316,  432,  240,  426,  276,  585,  290,  243,  244,  146,  318,  193,  287,  369,  550,  486,  218,  454,  145,  460,  183,  296,  650,  417,  660,    0,  460,  474],
        [  439,  439,  554,  625,  220,  197,  478,  759,  495,  323,  767,  997,  714,  238,  489,  252,  425,  334,  814,  705,  429,  109,  643,  121,  360,  702,  636,  339,  368,  582,  259,  326,  461,  401,  229,  417,  828,  935,  618,  204,  757,  379,  499,  296,  630,  522,  305,  476,  682,  557,  689,  581,  189,  103,  889,  689,  379,  427,  391,  234,  456,  435,  352,  379,  389,  460,    0,  573],
        [  286,  286,   98,  678,  488,  407,  195,  363,  928,  392,  384,  589,  322,  698,  939,  329,  385,  667,  737,  463,  924,  529,  600,  586,  524,  175,   66,  747,  507,  656,  824,  420,  666,  318,  665,  156,  757, 1087,  902,  772,  516,  204,  704,  757,  318,  193,  290,  233,  473,  612,  780,  363,  431,  485, 1010,  150,  282,  162,  344,  742,  642,  189,  910,  796,  940,  474,  573,    0]
    ]
}
