{
    "name": "random-41-17871",
    "comment": "size=41 seed=17871",
    "nodes": ["+0", "-0", "+1", "-1", "+2", "-2", "+3", "-3", "+4", "-4", "+5", "-5", "+6", "-6", "+7", "-7", "+8", "-8", "+9", "-9", "+10", "-10", "+11", "-11", "+12", "-12", "+13", "-13", "+14", "-14", "+15", "-15", "+16", "-16", "+17", "-17", "+18", "-18", "+19", "-19", "+20", "-20", "+21", "-21", "+22", "-22", "+23", "-23", "+24", "-24", "+25", "-25", "+26", "-26", "+27", "-27", "+28", "-28", "+29", "-29", "+30", "-30", "+31", "-31", "+32", "-32", "+33", "-33", "+34", "-34", "+35", "-35", "+36", "-36", "+37", "-37", "+38", "-38", "+39", "-39", "+40", "-40", "+41", "-41"],
    "precedence": {
        "+0": "-0",
        "+1": "-1",
        "+2": "-2",
        "+3": "-3",
        "+4": "-4",
        "+5": "-5",
        "+6": "-6",
        "+7": "-7",
        "+8": "-8",
        "+9": "-9",
        "+10": "-10",
        "+11": "-11",
        "+12": "-12",
        "+13": "-13",
        "+14": "-14",
        "+15": "-15",
        "+16": "-16",
        "+17": "-17",
        "+18": "-18",
        "+19": "-19",
        "+20": "-20",
        "+21": "-21",
        "+22": "-22",
        "+23": "-23",
        "+24": "-24",
        "+25": "-25",
        "+26": "-26",
        "+27": "-27",
        "+28": "-28",
        "+29": "-29",
        "+30": "-30",
        "+31": "-31",
        "+32": "-32",
        "+33": "-33",
        "+34": "-34",
        "+35": "-35",
        "+36": "-36",
        "+37": "-37",
        "+38": "-38",
        "+39": "-39",
        "+40": "-40",
        "+41": "-41"
    },
    "edges": [
        [    0,    0,  233,  782,  937,  574,  319,  211,  227,  512,  620,  353,  429,  702,  448,  839,  603,  261,  544,   63,  541,  338,  591,  239,  943,  746,  428,  971,  144,  724,  317,   94,  483,  165,  560,  786,  400,  784,  363,  746,  820,  171,  555,  395,  440,  200,  510,  269,  924,  826,  357,  781,  952,  378,  577,  695,  774,  227,  450,  268,  473,  839,  651,  985,  870,  359,  380,  477,  350,  677,  795,  392,  552,  517,  978,  363,  340,  665,  256,  276,  419,  341,  712,  397],
        [    0,    0,  233,  782,  937,  574,  319,  211,  227,  512,  620,  353,  429,  702,  448,  839,  603,  261,  544,   63,  541,  338,  591,  239,  943,  746,  428,  971,  144,  724,  317,   94,  483,  165,  560,  786,  400,  784,  363,  746,  820,  171,  555,  395,  440,  200,  510,  269,  924,  826,  357,  781,  952,  378,  577,  695,  774,  227,  450,  268,  473,  839,  651,  985,  870,  359,  380,  477,  350,  677,  795,  392,  552,  517,  978,  363,  340,  665,  256,  276,  419,  341,  712,  397],
        [  233,  233,    0,  984, 1066,  598,  405,  437,  272,  641,  747,  147,  553,  742,  675,  968,  817,  493,  575,  275,  699,  107,  541,   46, 1127,  921,  381, 1147,  344,  812,  549,  157,  716,  396,  686,  951,  632,  969,  591,  814,  936,  226,  500,  626,  672,  353,  741,  488, 1101,  974,  145,  957,  935,  181,  797,  801,  864,  398,  623,  331,  519,  861,  864, 1156, 1031,  143,  364,  350,  553,  890,  984,  166,  741,  744, 1144,  264,  560,  826,   42,  496,  375,  566,  878,  197],
        [  782,  782,  984,    0,  446,  721,  644,  582,  751,  451,  417, 1043,  507,  699,  604,  410,  196,  604,  702,  782,  347, 1071,  895,  966,  202,  176,  851,  257,  778,  549,  531,  875,  432,  634,  438,  234,  475,  117,  608,  621,  461,  772,  893,  555,  432,  635,  529,  516,  220,  318, 1053,  173,  972, 1046,  245,  484,  548,  587,  379,  706,  670,  798,  149,  291,  272, 1059,  797,  998,  434,  129,   91, 1101,  251,  600,  302,  916,  451,  267,  987,  511,  844,  638,  231, 1063],
        [  937,  937, 1066,  446,    0,  560,  662,  797,  795,  429,  321, 1064,  517,  453,  955,  100,  561,  873,  561,  966,  404, 1121,  737, 1033,  329,  294,  781,  282,  999,  296,  814, 1016,  792,  844,  382,  225,  797,  331,  926,  343,  141,  843,  756,  885,  769,  741,  904,  734,  275,  142, 1077,  280,  633, 1052,  615,  276,  253,  711,  501,  736,  580,  479,  539,  250,  176, 1085,  752,  926,  637,  536,  356, 1126,  456,  974,  224,  891,  702,  300, 1051,  734,  779,  947,  277, 1063],
        [  574,  574,  598,  721,  560,    0,  264,  565,  355,  278,  313,  547,  262,  146,  851,  475,  663,  676,   32,  628,  382,  619,  184,  555,  762,  570,  239,  751,  697,  265,  663,  616,  759,  582,  284,  555,  706,  639,  780,  237,  420,  415,  197,  771,  711,  401,  855,  539,  716,  528,  561,  596,  385,  527,  686,  293,  313,  412,  403,  306,  106,  269,  686,  741,  608,  569,  235,  373,  491,  704,  667,  606,  505,  905,  721,  363,  568,  460,  569,  546,  240,  781,  509,  533],
        [  319,  319,  405,  644,  662,  264,    0,  310,  133,  240,  344,  416,  154,  384,  608,  564,  522,  421,  233,  369,  315,  464,  339,  371,  753,  544,  224,  764,  435,  416,  421,  376,  544,  322,  284,  562,  477,  601,  531,  431,  532,  184,  315,  530,  493,  138,  626,  298,  720,  575,  428,  578,  647,  413,  526,  398,  467,  157,  266,   75,  158,  523,  559,  767,  638,  435,  164,  360,  283,  582,  622,  478,  395,  667,  754,  272,  345,  439,  390,  306,  216,  528,  493,  427],
        [  211,  211,  437,  582,  797,  565,  310,    0,  306,  404,  501,  538,  341,  664,  302,  703,  397,  112,  534,  201,  394,  539,  645,  434,  754,  569,  505,  788,  206,  637,  125,  303,  285,   53,  449,  619,  203,  598,  222,  677,  699,  284,  617,  229,  238,  182,  337,   68,  742,  672,  545,  603,  947,  556,  367,  592,  680,  155,  296,  308,  460,  807,  445,  807,  704,  548,  445,  603,  165,  471,  604,  586,  370,  366,  803,  490,  132,  505,  453,   72,  496,  218,  545,  575],
        [  227,  227,  272,  751,  795,  355,  133,  306,    0,  371,  476,  293,  284,  492,  605,  697,  608,  407,  328,  286,  438,  334,  367,  238,  874,  666,  209,  889,  363,  544,  430,  261,  579,  295,  416,  689,  501,  720,  521,  552,  665,   60,  332,  534,  528,  136,  642,  322,  844,  706,  305,  701,  727,  296,  601,  530,  596,  183,  375,   60,  262,  623,  650,  894,  767,  311,  156,  299,  346,  675,  738,  354,  501,  670,  882,  188,  387,  565,  258,  331,  200,  509,  618,  313],
        [  512,  512,  641,  451,  429,  278,  240,  404,  371,    0,  109,  654,   89,  304,  641,  330,  389,  501,  255,  547,  106,  703,  446,  609,  525,  319,  411,  530,  591,  235,  463,  589,  517,  442,   49,  327,  482,  383,  585,  283,  308,  416,  443,  561,  475,  314,  624,  352,  488,  336,  667,  351,  602,  648,  416,  189,  277,  289,  143,  314,  221,  439,  409,  531,  399,  674,  364,  562,  271,  427,  408,  716,  228,  683,  516,  497,  351,  209,  629,  356,  406,  596,  262,  662],
        [  620,  620,  747,  417,  321,  313,  344,  501,  476,  109,    0,  753,  196,  285,  715,  222,  405,  592,  300,  653,  128,  806,  495,  714,  452,  258,  491,  447,  694,  162,  546,  697,  576,  543,   61,  246,  553,  328,  667,  227,  201,  523,  500,  637,  538,  422,  687,  444,  408,  237,  766,  284,  573,  745,  444,  100,  191,  396,  215,  418,  290,  401,  413,  442,  308,  773,  452,  642,  355,  425,  356,  815,  246,  751,  425,  588,  431,  151,  733,  447,  487,  681,  197,  757],
        [  353,  353,  147, 1043, 1064,  547,  416,  538,  293,  654,  753,    0,  569,  692,  801,  968,  892,  611,  531,  405,  729,   83,  451,  119, 1166,  957,  311, 1179,  480,  789,  658,  295,  822,  504,  695,  977,  739, 1012,  716,  778,  927,  274,  410,  746,  775,  412,  861,  578, 1135,  988,   14,  992,  847,   37,  879,  790,  841,  462,  668,  344,  489,  796,  936, 1183, 1053,   23,  318,  231,  626,  961, 1031,   63,  793,  870, 1169,  185,  649,  854,  107,  587,  308,  693,  908,   51],
        [  429,  429,  553,  507,  517,  262,  154,  341,  284,   89,  196,  569,    0,  330,  604,  418,  413,  445,  234,  467,  166,  617,  407,  522,  602,  393,  344,  611,  516,  301,  418,  503,  499,  374,  135,  409,  451,  454,  540,  337,  393,  328,  397,  523,  452,  229,  599,  298,  568,  423,  582,  427,  623,  565,  430,  267,  349,  211,  146,  227,  177,  471,  443,  614,  484,  589,  292,  492,  235,  464,  476,  631,  265,  653,  600,  418,  314,  287,  541,  304,  338,  546,  340,  579],
        [  702,  702,  742,  699,  453,  146,  384,  664,  492,  304,  285,  692,  330,    0,  932,  382,  682,  772,  167,  753,  393,  764,  293,  699,  702,  532,  383,  680,  816,  167,  747,  752,  819,  689,  286,  501,  777,  601,  868,  111,  320,  552,  319,  851,  775,  517,  923,  626,  650,  454,  706,  551,  299,  671,  715,  222,  201,  518,  446,  439,  232,  143,  695,  663,  535,  714,  380,  508,  562,  709,  631,  750,  520,  980,  640,  507,  642,  432,  714,  632,  384,  874,  471,  677],
        [  448,  448,  675,  604,  955,  851,  608,  302,  605,  641,  715,  801,  604,  932,    0,  875,  417,  199,  820,  401,  589,  781,  945,  686,  804,  675,  807,  855,  337,  870,  189,  519,  173,  312,  676,  741,  163,  673,   86,  924,  890,  574,  918,   81,  187,  484,   92,  314,  813,  815,  805,  702, 1226,  825,  363,  814,  905,  452,  503,  609,  749, 1073,  457,  885,  818,  806,  747,  899,  372,  475,  665,  838,  501,   70,  889,  783,  292,  659,  702,  306,  798,  110,  679,  844],
        [  839,  839,  968,  410,  100,  475,  564,  703,  697,  330,  222,  968,  418,  382,  875,    0,  495,  782,  474,  868,  309, 1024,  656,  934,  340,  240,  689,  307,  903,  217,  726,  918,  716,  749,  283,  177,  714,  294,  841,  275,   66,  744,  672,  802,  689,  642,  829,  641,  285,   95,  981,  238,  598,  957,  547,  184,  184,  613,  407,  638,  487,  433,  480,  285,  168,  989,  658,  836,  545,  481,  322, 1030,  374,  898,  261,  796,  612,  217,  953,  642,  686,  860,  207,  968],
        [  603,  603,  817,  196,  561,  663,  522,  397,  608,  389,  405,  892,  413,  682,  417,  495,    0,  410,  639,  597,  290,  911,  820,  804,  391,  269,  743,  439,  587,  563,  336,  697,  246,  448,  397,  337,  281,  257,  414,  631,  527,  618,  809,  363,  239,  480,  351,  335,  397,  419,  901,  291,  976,  900,   56,  497,  580,  431,  268,  573,  590,  805,   49,  468,  408,  906,  684,  881,  267,   75,  248,  948,  162,  423,  473,  786,  265,  289,  825,  329,  735,  444,  289,  918],
        [  261,  261,  493,  604,  873,  676,  421,  112,  407,  501,  592,  611,  445,  772,  199,  782,  410,    0,  644,  224,  476,  598,  755,  498,  791,  623,  611,  832,  186,  735,   75,  342,  232,  114,  543,  679,  151,  641,  115,  779,  784,  376,  725,  136,  197,  291,  251,  149,  786,  741,  616,  655, 1057,  633,  369,  686,  776,  266,  379,  415,  571,  914,  459,  855,  763,  618,  552,  700,  239,  483,  642,  652,  426,  266,  854,  585,  172,  574,  516,  146,  602,  107,  608,  652],
        [  544,  544,  575,  702,  561,   32,  233,  534,  328,  255,  300,  531,  234,  167,  820,  474,  639,  644,    0,  598,  360,  601,  196,  533,  751,  555,  226,  743,  666,  269,  632,  589,  730,  551,  266,  544,  675,  624,  749,  249,  421,  388,  202,  740,  681,  370,  825,  508,  706,  522,  544,  583,  416,  512,  660,  290,  319,  381,  376,  278,   75,  296,  663,  734,  600,  553,  215,  366,  462,  681,  651,  590,  482,  874,  714,  347,  538,  445,  548,  515,  226,  750,  495,  519],
        [   63,   63,  275,  782,  966,  628,  369,  201,  286,  547,  653,  405,  467,  753,  401,  868,  597,  224,  598,    0,  565,  381,  652,  287,  951,  759,  489,  982,   82,  766,  289,  120,  453,  149,  595,  804,  371,  793,  317,  792,  854,  232,  616,  354,  414,  241,  468,  266,  936,  849,  407,  795, 1008,  431,  565,  733,  815,  258,  471,  324,  526,  892,  645,  999,  889,  408,  441,  539,  356,  671,  801,  438,  562,  470,  993,  425,  332,  685,  303,  271,  481,  292,  730,  450],
        [  541,  541,  699,  347,  404,  382,  315,  394,  438,  106,  128,  729,  166,  393,  589,  309,  290,  476,  360,  565,    0,  771,  551,  672,  438,  229,  507,  451,  595,  289,  425,  626,  448,  440,  108,  252,  427,  288,  544,  351,  309,  474,  547,  512,  411,  352,  559,  333,  406,  285,  741,  263,  689,  727,  323,  227,  318,  316,   99,  386,  324,  520,  307,  458,  334,  748,  457,  657,  237,  323,  310,  791,  128,  623,  446,  583,  310,  128,  692,  334,  502,  560,  180,  742],
        [  338,  338,  107, 1071, 1121,  619,  464,  539,  334,  703,  806,   83,  617,  764,  781, 1024,  911,  598,  601,  381,  771,    0,  532,  107, 1205,  997,  386, 1222,  449,  853,  653,  263,  819,  499,  747, 1022,  735, 1049,  697,  847,  987,  301,  490,  732,  774,  437,  847,  586, 1177, 1039,   72, 1033,  928,  118,  893,  850,  906,  485,  702,  390,  554,  873,  956, 1228, 1100,   65,  386,  314,  645,  982, 1066,   66,  824,  850, 1215,  260,  658,  898,   87,  594,  383,  672,  951,  126],
        [  591,  591,  541,  895,  737,  184,  339,  645,  367,  446,  495,  451,  407,  293,  945,  656,  820,  755,  196,  652,  551,  532,    0,  496,  945,  750,  167,  935,  730,  442,  759,  606,  879,  648,  460,  739,  815,  819,  866,  400,  598,  421,   42,  868,  829,  464,  965,  636,  899,  712,  464,  778,  397,  422,  836,  475,  486,  493,  553,  342,  231,  359,  847,  925,  791,  472,  212,  234,  613,  867,  846,  501,  668, 1005,  904,  278,  681,  640,  505,  644,  175,  860,  690,  423],
        [  239,  239,   46,  966, 1033,  555,  371,  434,  238,  609,  714,  119,  522,  699,  686,  934,  804,  498,  533,  287,  672,  107,  496,    0, 1103,  896,  336, 1122,  362,  773,  550,  176,  716,  396,  654,  923,  632,  946,  601,  774,  901,  198,  455,  633,  670,  332,  748,  480, 1076,  944,  121,  932,  890,  149,  786,  765,  826,  379,  599,  297,  479,  817,  850, 1129, 1003,  121,  321,  307,  539,  876,  962,  154,  720,  755, 1117,  219,  552,  799,   21,  488,  330,  577,  851,  167],
        [  943,  943, 1127,  202,  329,  762,  753,  754,  874,  525,  452, 1166,  602,  702,  804,  340,  391,  791,  751,  951,  438, 1205,  945, 1103,    0,  210,  935,   63,  957,  536,  719, 1034,  632,  806,  495,  207,  670,  159,  805,  604,  403,  906,  952,  753,  629,  775,  731,  687,   56,  252, 1178,  176,  937, 1165,  443,  482,  516,  731,  505,  823,  738,  770,  348,  102,  172, 1185,  889, 1086,  595,  330,  150, 1227,  391,  801,  122, 1019,  628,  318, 1124,  683,  930,  833,  264, 1179],
        [  746,  746,  921,  176,  294,  570,  544,  569,  666,  319,  258,  957,  393,  532,  675,  240,  269,  623,  555,  759,  229,  997,  750,  896,  210,    0,  729,  227,  775,  377,  556,  835,  507,  620,  293,   69,  524,   71,  657,  448,  287,  698,  754,  612,  490,  570,  617,  502,  181,  155,  969,   36,  798,  956,  324,  313,  373,  528,  300,  614,  535,  625,  246,  240,  144,  976,  682,  880,  405,  243,  100, 1019,  200,  688,  234,  811,  452,  112,  917,  499,  724,  682,   62,  970],
        [  428,  428,  381,  851,  781,  239,  224,  505,  209,  411,  491,  311,  344,  383,  807,  689,  743,  611,  226,  489,  507,  386,  167,  336,  935,  729,    0,  936,  569,  493,  626,  439,  762,  501,  441,  733,  691,  793,  725,  474,  641,  258,  128,  733,  711,  325,  837,  508,  895,  726,  324,  761,  556,  289,  749,  505,  544,  362,  480,  199,  203,  487,  778,  933,  799,  333,   62,  152,  505,  800,  817,  368,  606,  870,  915,  126,  563,  619,  347,  517,   10,  715,  672,  295],
        [  971,  971, 1147,  257,  282,  751,  764,  788,  889,  530,  447, 1179,  611,  680,  855,  307,  439,  832,  743,  982,  451, 1222,  935, 1122,   63,  227,  936,    0,  993,  514,  761, 1061,  683,  840,  496,  204,  717,  192,  851,  578,  372,  924,  945,  801,  677,  796,  784,  721,   47,  227, 1191,  191,  902, 1176,  493,  464,  488,  754,  526,  836,  736,  739,  399,   40,  146, 1198,  893, 1088,  627,  383,  192, 1241,  421,  855,   63, 1026,  666,  325, 1142,  718,  932,  879,  272, 1190],
        [  144,  144,  344,  778,  999,  697,  435,  206,  363,  591,  694,  480,  516,  816,  337,  903,  587,  186,  666,   82,  595,  449,  730,  362,  957,  775,  569,  993,    0,  817,  259,  188,  415,  156,  638,  825,  336,  802,  258,  848,  894,  312,  695,  302,  382,  300,  413,  274,  947,  876,  482,  809, 1079,  509,  549,  779,  864,  306,  498,  397,  593,  957,  636, 1012,  909,  482,  519,  621,  371,  661,  807,  510,  575,  405, 1008,  507,  329,  710,  376,  276,  560,  228,  751,  527],
        [  724,  724,  812,  549,  296,  265,  416,  637,  544,  235,  162,  789,  301,  167,  870,  217,  563,  735,  269,  766,  289,  853,  442,  773,  536,  377,  493,  514,  817,    0,  696,  790,  736,  673,  195,  339,  709,  445,  818,   72,  157,  599,  460,  791,  697,  526,  846,  586,  485,  287,  803,  393,  423,  773,  604,   68,   53,  511,  368,  485,  300,  250,  567,  497,  369,  810,  472,  635,  503,  577,  475,  850,  407,  909,  474,  609,  583,  288,  791,  590,  492,  829,  319,  782],
        [  317,  317,  549,  531,  814,  663,  421,  125,  430,  463,  546,  658,  418,  747,  189,  726,  336,   75,  632,  289,  425,  653,  759,  550,  719,  556,  626,  761,  259,  696,    0,  404,  167,  155,  502,  615,   83,  570,  123,  745,  733,  408,  733,  110,  126,  302,  213,  125,  716,  680,  665,  587, 1039,  678,  294,  643,  734,  266,  332,  427,  561,  889,  384,  785,  697,  667,  565,  728,  193,  408,  571,  704,  362,  247,  785,  614,  116,  515,  569,  118,  616,  135,  545,  697],
        [   94,   94,  157,  875, 1016,  616,  376,  303,  261,  589,  697,  295,  503,  752,  519,  918,  697,  342,  589,  120,  626,  263,  606,  176, 1034,  835,  439, 1061,  188,  790,  404,    0,  570,  256,  637,  874,  487,  876,  436,  806,  895,  201,  567,  473,  529,  276,  588,  363, 1015,  910,  296,  871,  984,  325,  670,  766,  841,  311,  538,  314,  521,  884,  745, 1074,  957,  295,  402,  458,  443,  771,  887,  323,  643,  588, 1066,  351,  433,  751,  189,  369,  431,  410,  799,  343],
        [  483,  483,  716,  432,  792,  759,  544,  285,  579,  517,  576,  822,  499,  819,  173,  716,  246,  232,  730,  453,  448,  819,  879,  716,  632,  507,  762,  683,  415,  736,  167,  570,    0,  321,  546,  574,   84,  502,  186,  795,  737,  565,  858,  131,   51,  445,  113,  257,  641,  651,  829,  533, 1117,  840,  191,  675,  765,  401,  375,  566,  664,  956,  285,  713,  649,  832,  700,  876,  269,  304,  493,  869,  345,  183,  718,  766,  200,  500,  735,  248,  753,  219,  515,  859],
        [  165,  165,  396,  634,  844,  582,  322,   53,  295,  442,  543,  504,  374,  689,  312,  749,  448,  114,  551,  149,  440,  499,  648,  396,  806,  620,  501,  840,  156,  673,  155,  256,  321,    0,  488,  669,  237,  650,  227,  709,  742,  263,  617,  246,  277,  186,  359,  120,  794,  720,  510,  655,  966,  525,  417,  631,  718,  172,  343,  306,  477,  832,  497,  859,  754,  513,  442,  587,  216,  522,  657,  549,  421,  379,  854,  472,  184,  554,  415,  124,  491,  215,  595,  544],
        [  560,  560,  686,  438,  382,  284,  284,  449,  416,   49,   61,  695,  135,  286,  676,  283,  397,  543,  266,  595,  108,  747,  460,  654,  495,  293,  441,  496,  638,  195,  502,  637,  546,  488,    0,  292,  515,  360,  624,  250,  260,  462,  462,  597,  505,  362,  655,  394,  455,  293,  708,  323,  582,  688,  430,  144,  234,  337,  174,  358,  243,  414,  413,  494,  361,  715,  398,  592,  309,  428,  387,  757,  235,  716,  478,  533,  388,  182,  673,  398,  437,  636,  234,  701],
        [  786,  786,  951,  234,  225,  555,  562,  619,  689,  327,  246,  977,  409,  501,  741,  177,  337,  679,  544,  804,  252, 1022,  739,  923,  207,   69,  733,  204,  825,  339,  615,  874,  574,  669,  292,    0,  587,  118,  720,  409,  230,  726,  746,  675,  555,  603,  684,  552,  163,   87,  990,   62,  753,  973,  392,  280,  327,  564,  337,  634,  534,  582,  315,  206,   85,  997,  689,  884,  454,  312,  147, 1039,  254,  755,  194,  823,  508,  125,  944,  551,  728,  743,   75,  987],
        [  400,  400,  632,  475,  797,  706,  477,  203,  501,  482,  553,  739,  451,  777,  163,  714,  281,  151,  675,  371,  427,  735,  815,  632,  670,  524,  691,  717,  336,  709,   83,  487,   84,  237,  515,  587,    0,  529,  135,  764,  728,  484,  792,   89,   47,  369,  151,  183,  673,  658,  746,  552, 1073,  758,  232,  652,  743,  329,  342,  493,  607,  917,  326,  744,  667,  749,  629,  800,  217,  348,  525,  785,  341,  203,  746,  688,  138,  499,  651,  174,  681,  163,  522,  777],
        [  784,  784,  969,  117,  331,  639,  601,  598,  720,  383,  328, 1012,  454,  601,  673,  294,  257,  641,  624,  793,  288, 1049,  819,  946,  159,   71,  793,  192,  802,  445,  570,  876,  502,  650,  360,  118,  529,    0,  664,  516,  346,  749,  822,  615,  491,  617,  607,  530,  146,  201, 1024,   57,  865, 1012,  312,  382,  439,  573,  348,  670,  602,  692,  223,  216,  161, 1030,  744,  943,  437,  213,   31, 1073,  233,  678,  218,  871,  474,  180,  967,  527,  788,  690,  132, 1027],
        [  363,  363,  591,  608,  926,  780,  531,  222,  521,  585,  667,  716,  540,  868,   86,  841,  414,  115,  749,  317,  544,  697,  866,  601,  805,  657,  725,  851,  258,  818,  123,  436,  186,  227,  624,  720,  135,  664,    0,  867,  851,  489,  838,   56,  176,  403,  156,  243,  808,  789,  720,  687, 1159,  740,  364,  764,  855,  375,  452,  528,  677, 1011,  459,  878,  800,  721,  666,  814,  315,  480,  660,  754,  471,  155,  880,  699,  236,  627,  618,  237,  716,   34,  653,  759],
        [  746,  746,  814,  621,  343,  237,  431,  677,  552,  283,  227,  778,  337,  111,  924,  275,  631,  779,  249,  792,  351,  847,  400,  774,  604,  448,  474,  578,  848,   72,  745,  806,  795,  709,  250,  409,  764,  516,  867,    0,  212,  610,  424,  844,  755,  551,  904,  631,  551,  353,  792,  463,  352,  760,  670,  138,   93,  543,  423,  495,  296,  178,  637,  559,  435,  800,  461,  608,  553,  647,  547,  838,  472,  965,  535,  595,  633,  359,  790,  635,  474,  877,  390,  768],
        [  820,  820,  936,  461,  141,  420,  532,  699,  665,  308,  201,  927,  393,  320,  890,   66,  527,  784,  421,  854,  309,  987,  598,  901,  403,  287,  641,  372,  894,  157,  733,  895,  737,  742,  260,  230,  728,  346,  851,  212,    0,  715,  616,  815,  707,  621,  850,  639,  349,  155,  941,  290,  534,  915,  577,  138,  120,  597,  406,  605,  442,  368,  518,  350,  232,  949,  614,  786,  546,  521,  376,  990,  393,  918,  325,  752,  618,  240,  919,  641,  639,  868,  244,  925],
        [  171,  171,  226,  772,  843,  415,  184,  284,   60,  416,  523,  274,  328,  552,  574,  744,  618,  376,  388,  232,  474,  301,  421,  198,  906,  698,  258,  924,  312,  599,  408,  201,  565,  263,  462,  726,  484,  749,  489,  610,  715,    0,  384,  507,  516,  139,  619,  312,  878,  749,  284,  734,  786,  284,  606,  581,  651,  188,  402,  115,  321,  683,  662,  931,  806,  289,  210,  325,  353,  688,  765,  331,  524,  641,  920,  210,  381,  602,  219,  321,  249,  475,  654,  302],
        [  555,  555,  500,  893,  756,  197,  315,  617,  332,  443,  500,  410,  397,  319,  918,  672,  809,  725,  202,  616,  547,  490,   42,  455,  952,  754,  128,  945,  695,  460,  733,  567,  858,  617,  462,  746,  792,  822,  838,  424,  616,  384,    0,  841,  808,  435,  941,  611,  907,  724,  423,  783,  438,  381,  823,  489,  507,  467,  542,  312,  224,  395,  839,  936,  802,  431,  177,  196,  593,  860,  848,  461,  661,  979,  916,  237,  659,  643,  463,  620,  137,  831,  694,  383],
        [  395,  395,  626,  555,  885,  771,  530,  229,  534,  561,  637,  746,  523,  851,   81,  802,  363,  136,  740,  354,  512,  732,  868,  633,  753,  612,  733,  801,  302,  791,  110,  473,  131,  246,  597,  675,   89,  615,   56,  844,  815,  507,  841,    0,  124,  409,  116,  234,  758,  747,  751,  640, 1145,  768,  311,  735,  827,  375,  424,  535,  669,  993,  407,  829,  755,  753,  672,  830,  291,  427,  610,  786,  430,  138,  832,  716,  211,  587,  650,  226,  723,   89,  610,  787],
        [  440,  440,  672,  432,  769,  711,  493,  238,  528,  475,  538,  775,  452,  775,  187,  689,  239,  197,  681,  414,  411,  774,  829,  670,  629,  490,  711,  677,  382,  697,  126,  529,   51,  277,  505,  555,   47,  491,  176,  755,  707,  516,  808,  124,    0,  394,  150,  207,  634,  629,  782,  518, 1072,  793,  188,  637,  728,  351,  332,  515,  615,  913,  284,  705,  633,  786,  649,  826,  220,  305,  486,  823,  316,  213,  708,  716,  149,  473,  690,  198,  702,  206,  492,  811],
        [  200,  200,  353,  635,  741,  401,  138,  182,  136,  314,  422,  412,  229,  517,  484,  642,  480,  291,  370,  241,  352,  437,  464,  332,  775,  570,  325,  796,  300,  526,  302,  276,  445,  186,  362,  603,  369,  617,  403,  551,  621,  139,  435,  409,  394,    0,  513,  188,  750,  635,  422,  606,  785,  421,  470,  495,  575,   50,  271,  126,  295,  657,  524,  807,  685,  427,  264,  432,  215,  550,  632,  469,  389,  547,  797,  323,  252,  479,  353,  197,  315,  396,  529,  439],
        [  510,  510,  741,  529,  904,  855,  626,  337,  642,  624,  687,  861,  599,  923,   92,  829,  351,  251,  825,  468,  559,  847,  965,  748,  731,  617,  837,  784,  413,  846,  213,  588,  113,  359,  655,  684,  151,  607,  156,  904,  850,  619,  941,  116,  150,  513,    0,  330,  744,  763,  866,  641, 1220,  882,  296,  786,  876,  475,  482,  638,  757, 1062,  387,  816,  758,  868,  775,  940,  365,  402,  597,  901,  458,   72,  822,  826,  288,  613,  766,  321,  827,  187,  627,  901],
        [  269,  269,  488,  516,  734,  539,  298,   68,  322,  352,  444,  578,  298,  626,  314,  641,  335,  149,  508,  266,  333,  586,  636,  480,  687,  502,  508,  721,  274,  586,  125,  363,  257,  120,  394,  552,  183,  530,  243,  631,  639,  312,  611,  234,  207,  188,  330,    0,  674,  606,  586,  536,  916,  593,  310,  538,  628,  147,  235,  311,  436,  769,  383,  740,  637,  590,  447,  619,   99,  409,  537,  629,  302,  371,  735,  509,   73,  439,  500,   10,  499,  248,  479,  611],
        [  924,  924, 1101,  220,  275,  716,  720,  742,  844,  488,  408, 1135,  568,  650,  813,  285,  397,  786,  706,  936,  406, 1177,  899, 1076,   56,  181,  895,   47,  947,  485,  716, 1015,  641,  794,  455,  163,  673,  146,  808,  551,  349,  878,  907,  758,  634,  750,  744,  674,    0,  199, 1147,  145,  882, 1132,  451,  432,  463,  708,  480,  791,  696,  716,  358,   72,  118, 1154,  851, 1047,  580,  343,  149, 1196,  374,  815,   82,  984,  620,  282, 1097,  671,  891,  835,  228, 1146],
        [  826,  826,  974,  318,  142,  528,  575,  672,  706,  336,  237,  988,  423,  454,  815,   95,  419,  741,  522,  849,  285, 1039,  712,  944,  252,  155,  726,  227,  876,  287,  680,  910,  651,  720,  293,   87,  658,  201,  789,  353,  155,  749,  724,  747,  629,  635,  763,  606,  199,    0, 1001,  146,  687,  981,  473,  238,  265,  600,  379,  649,  523,  519,  400,  213,   82, 1008,  688,  876,  508,  397,  229, 1050,  319,  833,  193,  825,  569,  167,  964,  606,  722,  811,  137,  993],
        [  357,  357,  145, 1053, 1077,  561,  428,  545,  305,  667,  766,   14,  582,  706,  805,  981,  901,  616,  544,  407,  741,   72,  464,  121, 1178,  969,  324, 1191,  482,  803,  665,  296,  829,  510,  708,  990,  746, 1024,  720,  792,  941,  284,  423,  751,  782,  422,  866,  586, 1147, 1001,    0, 1004,  860,   46,  888,  803,  855,  471,  679,  356,  503,  809,  946, 1195, 1065,    9,  332,  243,  635,  971, 1042,   50,  804,  874, 1181,  199,  658,  867,  107,  594,  322,  697,  920,   57],
        [  781,  781,  957,  173,  280,  596,  578,  603,  701,  351,  284,  992,  427,  551,  702,  238,  291,  655,  583,  795,  263, 1033,  778,  932,  176,   36,  761,  191,  809,  393,  587,  871,  533,  655,  323,   62,  552,   57,  687,  463,  290,  734,  783,  640,  518,  606,  641,  536,  145,  146, 1004,    0,  811,  990,  346,  331,  384,  564,  335,  648,  565,  638,  263,  205,  118, 1011,  714,  912,  440,  257,   86, 1053,  234,  712,  200,  844,  485,  143,  952,  533,  756,  712,   89, 1005],
        [  952,  952,  935,  972,  633,  385,  647,  947,  727,  602,  573,  847,  623,  299, 1226,  598,  976, 1057,  416, 1008,  689,  928,  397,  890,  937,  798,  556,  902, 1079,  423, 1039,  984, 1117,  966,  582,  753, 1073,  865, 1159,  352,  534,  786,  438, 1145, 1072,  785, 1220,  916,  882,  687,  860,  811,    0,  817, 1011,  490,  427,  796,  744,  685,  490,  174,  985,  876,  766,  868,  583,  623,  857,  997,  895,  895,  815, 1275,  851,  674,  936,  710,  900,  922,  562, 1161,  741,  816],
        [  378,  378,  181, 1046, 1052,  527,  413,  556,  296,  648,  745,   37,  565,  671,  825,  957,  900,  633,  512,  431,  727,  118,  422,  149, 1165,  956,  289, 1176,  509,  773,  678,  325,  840,  525,  688,  973,  758, 1012,  740,  760,  915,  284,  381,  768,  793,  421,  882,  593, 1132,  981,   46,  990,  817,    0,  889,  777,  826,  470,  670,  343,  475,  771,  943, 1178, 1047,   53,  302,  198,  635,  969, 1031,   81,  796,  894, 1163,  165,  663,  851,  141,  601,  287,  718,  905,   20],
        [  577,  577,  797,  245,  615,  686,  526,  367,  601,  416,  444,  879,  430,  715,  363,  547,   56,  369,  660,  565,  323,  893,  836,  786,  443,  324,  749,  493,  549,  604,  294,  670,  191,  417,  430,  392,  232,  312,  364,  670,  577,  606,  823,  311,  188,  470,  296,  310,  451,  473,  888,  346, 1011,  889,    0,  538,  624,  420,  285,  570,  607,  842,   96,  523,  463,  892,  689,  883,  255,  117,  303,  933,  198,  367,  528,  783,  238,  337,  807,  302,  741,  394,  341,  907],
        [  695,  695,  801,  484,  276,  293,  398,  592,  530,  189,  100,  790,  267,  222,  814,  184,  497,  686,  290,  733,  227,  850,  475,  765,  482,  313,  505,  464,  779,   68,  643,  766,  675,  631,  144,  280,  652,  382,  764,  138,  138,  581,  489,  735,  637,  495,  786,  538,  432,  238,  803,  331,  490,  777,  538,    0,   92,  476,  313,  470,  305,  316,  500,  451,  319,  811,  477,  652,  451,  510,  412,  852,  341,  850,  430,  615,  528,  221,  783,  541,  503,  777,  254,  788],
        [  774,  774,  864,  548,  253,  313,  467,  680,  596,  277,  191,  841,  349,  201,  905,  184,  580,  776,  319,  815,  318,  906,  486,  826,  516,  373,  544,  488,  864,   53,  734,  841,  765,  718,  234,  327,  743,  439,  855,   93,  120,  651,  507,  827,  728,  575,  876,  628,  463,  265,  855,  384,  427,  826,  624,   92,    0,  559,  404,  537,  352,  256,  580,  468,  346,  863,  524,  684,  542,  588,  469,  903,  428,  941,  444,  661,  620,  296,  844,  631,  543,  868,  319,  835],
        [  227,  227,  398,  587,  711,  412,  157,  155,  183,  289,  396,  462,  211,  518,  452,  613,  431,  266,  381,  258,  316,  485,  493,  379,  731,  528,  362,  754,  306,  511,  266,  311,  401,  172,  337,  564,  329,  573,  375,  543,  597,  188,  467,  375,  351,   50,  475,  147,  708,  600,  471,  564,  796,  470,  420,  476,  559,    0,  229,  165,  307,  661,  475,  766,  647,  476,  301,  477,  166,  500,  587,  518,  343,  513,  757,  370,  205,  441,  400,  155,  353,  372,  490,  488],
        [  450,  450,  623,  379,  501,  403,  266,  296,  375,  143,  215,  668,  146,  446,  503,  407,  268,  379,  376,  471,   99,  702,  553,  599,  505,  300,  480,  526,  498,  368,  332,  538,  375,  343,  174,  337,  342,  348,  452,  423,  406,  402,  542,  424,  332,  271,  482,  235,  480,  379,  679,  335,  744,  670,  285,  313,  404,  229,    0,  328,  323,  582,  299,  537,  420,  685,  424,  624,  141,  321,  364,  728,  129,  542,  528,  538,  217,  215,  620,  236,  473,  466,  262,  686],
        [  268,  268,  331,  706,  736,  306,   75,  308,   60,  314,  418,  344,  227,  439,  609,  638,  573,  415,  278,  324,  386,  390,  342,  297,  823,  614,  199,  836,  397,  485,  427,  314,  566,  306,  358,  634,  493,  670,  528,  495,  605,  115,  312,  535,  515,  126,  638,  311,  791,  649,  356,  648,  685,  343,  570,  470,  537,  165,  328,    0,  208,  573,  613,  840,  711,  363,  138,  315,  319,  637,  689,  406,  456,  672,  827,  214,  369,  511,  316,  320,  190,  520,  564,  358],
        [  473,  473,  519,  670,  580,  106,  158,  460,  262,  221,  290,  489,  177,  232,  749,  487,  590,  571,   75,  526,  324,  554,  231,  479,  738,  535,  203,  736,  593,  300,  561,  521,  664,  477,  243,  534,  607,  602,  677,  296,  442,  321,  224,  669,  615,  295,  757,  436,  696,  523,  503,  565,  490,  475,  607,  305,  352,  307,  323,  208,    0,  367,  617,  731,  597,  511,  173,  353,  395,  637,  627,  551,  438,  804,  713,  312,  469,  424,  495,  443,  200,  676,  477,  485],
        [  839,  839,  861,  798,  479,  269,  523,  807,  623,  439,  401,  796,  471,  143, 1073,  433,  805,  914,  296,  892,  520,  873,  359,  817,  770,  625,  487,  739,  957,  250,  889,  884,  956,  832,  414,  582,  917,  692, 1011,  178,  368,  683,  395,  993,  913,  657, 1062,  769,  716,  519,  809,  638,  174,  771,  842,  316,  256,  661,  582,  573,  367,    0,  813,  715,  599,  818,  498,  591,  702,  824,  722,  851,  645, 1119,  690,  613,  782,  537,  830,  775,  491, 1016,  568,  774],
        [  651,  651,  864,  149,  539,  686,  559,  445,  650,  409,  413,  936,  443,  695,  457,  480,   49,  459,  663,  645,  307,  956,  847,  850,  348,  246,  778,  399,  636,  567,  384,  745,  285,  497,  413,  315,  326,  223,  459,  637,  518,  662,  839,  407,  284,  524,  387,  383,  358,  400,  946,  263,  985,  943,   96,  500,  580,  475,  299,  613,  617,  813,    0,  430,  380,  951,  720,  919,  312,   26,  211,  992,  182,  458,  436,  826,  314,  285,  871,  377,  770,  489,  275,  961],
        [  985,  985, 1156,  291,  250,  741,  767,  807,  894,  531,  442, 1183,  614,  663,  885,  285,  468,  855,  734,  999,  458, 1228,  925, 1129,  102,  240,  933,   40, 1012,  497,  785, 1074,  713,  859,  494,  206,  744,  216,  878,  559,  350,  931,  936,  829,  705,  807,  816,  740,   72,  213, 1195,  205,  876, 1178,  523,  451,  468,  766,  537,  840,  731,  715,  430,    0,  135, 1202,  892, 1084,  644,  415,  220, 1245,  438,  887,   26, 1026,  687,  330, 1149,  737,  929,  906,  278, 1192],
        [  870,  870, 1031,  272,  176,  608,  638,  704,  767,  399,  308, 1053,  484,  535,  818,  168,  408,  763,  600,  889,  334, 1100,  791, 1003,  172,  144,  799,  146,  909,  369,  697,  957,  649,  754,  361,   85,  667,  161,  800,  435,  232,  806,  802,  755,  633,  685,  758,  637,  118,   82, 1065,  118,  766, 1047,  463,  319,  346,  647,  420,  711,  597,  599,  380,  135,    0, 1072,  759,  950,  539,  372,  183, 1115,  338,  829,  117,  894,  591,  207, 1023,  635,  795,  825,  160, 1060],
        [  359,  359,  143, 1059, 1085,  569,  435,  548,  311,  674,  773,   23,  589,  714,  806,  989,  906,  618,  553,  408,  748,   65,  472,  121, 1185,  976,  333, 1198,  482,  810,  667,  295,  832,  513,  715,  997,  749, 1030,  721,  800,  949,  289,  431,  753,  786,  427,  868,  590, 1154, 1008,    9, 1011,  868,   53,  892,  811,  863,  476,  685,  363,  511,  818,  951, 1202, 1072,    0,  340,  250,  640,  976, 1048,   43,  810,  875, 1188,  207,  662,  873,  107,  598,  330,  698,  927,   62],
        [  380,  380,  364,  797,  752,  235,  164,  445,  156,  364,  452,  318,  292,  380,  747,  658,  684,  552,  215,  441,  457,  386,  212,  321,  889,  682,   62,  893,  519,  472,  565,  402,  700,  442,  398,  689,  629,  744,  666,  461,  614,  210,  177,  672,  649,  264,  775,  447,  851,  688,  332,  714,  583,  302,  689,  477,  524,  301,  424,  138,  173,  498,  720,  892,  759,  340,    0,  201,  444,  743,  767,  379,  551,  810,  875,  139,  501,  572,  335,  456,   53,  657,  626,  312],
        [  477,  477,  350,  998,  926,  373,  360,  603,  299,  562,  642,  231,  492,  508,  899,  836,  881,  700,  366,  539,  657,  314,  234,  307, 1086,  880,  152, 1088,  621,  635,  728,  458,  876,  587,  592,  884,  800,  943,  814,  608,  786,  325,  196,  830,  826,  432,  940,  619, 1047,  876,  243,  912,  623,  198,  883,  652,  684,  477,  624,  315,  353,  591,  919, 1084,  950,  250,  201,    0,  633,  942,  967,  274,  751,  965, 1066,  116,  681,  770,  309,  628,  157,  799,  823,  195],
        [  350,  350,  553,  434,  637,  491,  283,  165,  346,  271,  355,  626,  235,  562,  372,  545,  267,  239,  462,  356,  237,  645,  613,  539,  595,  405,  505,  627,  371,  503,  193,  443,  269,  216,  309,  454,  217,  437,  315,  553,  546,  353,  593,  291,  220,  215,  365,   99,  580,  508,  635,  440,  857,  635,  255,  451,  542,  166,  141,  319,  395,  702,  312,  644,  539,  640,  444,  633,    0,  338,  446,  681,  207,  419,  639,  530,   81,  341,  559,   98,  497,  327,  381,  653],
        [  677,  677,  890,  129,  536,  704,  582,  471,  675,  427,  425,  961,  464,  709,  475,  481,   75,  483,  681,  671,  323,  982,  867,  876,  330,  243,  800,  383,  661,  577,  408,  771,  304,  522,  428,  312,  348,  213,  480,  647,  521,  688,  860,  427,  305,  550,  402,  409,  343,  397,  971,  257,  997,  969,  117,  510,  588,  500,  321,  637,  637,  824,   26,  415,  372,  976,  743,  942,  338,    0,  198, 1018,  200,  473,  422,  850,  339,  292,  897,  403,  793,  510,  278,  986],
        [  795,  795,  984,   91,  356,  667,  622,  604,  738,  408,  356, 1031,  476,  631,  665,  322,  248,  642,  651,  801,  310, 1066,  846,  962,  150,  100,  817,  192,  807,  475,  571,  887,  493,  657,  387,  147,  525,   31,  660,  547,  376,  765,  848,  610,  486,  632,  597,  537,  149,  229, 1042,   86,  895, 1031,  303,  412,  469,  587,  364,  689,  627,  722,  211,  220,  183, 1048,  767,  967,  446,  198,    0, 1091,  245,  668,  226,  892,  479,  207,  983,  533,  811,  688,  161, 1047],
        [  392,  392,  166, 1101, 1126,  606,  478,  586,  354,  716,  815,   63,  631,  750,  838, 1030,  948,  652,  590,  438,  791,   66,  501,  154, 1227, 1019,  368, 1241,  510,  850,  704,  323,  869,  549,  757, 1039,  785, 1073,  754,  838,  990,  331,  461,  786,  823,  469,  901,  629, 1196, 1050,   50, 1053,  895,   81,  933,  852,  903,  518,  728,  406,  551,  851,  992, 1245, 1115,   43,  379,  274,  681, 1018, 1091,    0,  852,  907, 1231,  244,  701,  916,  137,  637,  366,  729,  970,   80],
        [  552,  552,  741,  251,  456,  505,  395,  370,  501,  228,  246,  793,  265,  520,  501,  374,  162,  426,  482,  562,  128,  824,  668,  720,  391,  200,  606,  421,  575,  407,  362,  643,  345,  421,  235,  254,  341,  233,  471,  472,  393,  524,  661,  430,  316,  389,  458,  302,  374,  319,  804,  234,  815,  796,  198,  341,  428,  343,  129,  456,  438,  645,  182,  438,  338,  810,  551,  751,  207,  200,  245,  852,    0,  526,  434,  666,  254,  158,  741,  300,  599,  493,  184,  812],
        [  517,  517,  744,  600,  974,  905,  667,  366,  670,  683,  751,  870,  653,  980,   70,  898,  423,  266,  874,  470,  623,  850, 1005,  755,  801,  688,  870,  855,  405,  909,  247,  588,  183,  379,  716,  755,  203,  678,  155,  965,  918,  641,  979,  138,  213,  547,   72,  371,  815,  833,  874,  712, 1275,  894,  367,  850,  941,  513,  542,  672,  804, 1119,  458,  887,  829,  875,  810,  965,  419,  473,  668,  907,  526,    0,  893,  850,  339,  682,  771,  363,  861,  179,  697,  913],
