{
    "name": "random-28-16223",
    "comment": "size=28 seed=16223",
    "nodes": ["+0", "-0", "+1", "-1", "+2", "-2", "+3", "-3", "+4", "-4", "+5", "-5", "+6", "-6", "+7", "-7", "+8", "-8", "+9", "-9", "+10", "-10", "+11", "-11", "+12", "-12", "+13", "-13", "+14", "-14", "+15", "-15", "+16", "-16", "+17", "-17", "+18", "-18", "+19", "-19", "+20", "-20", "+21", "-21", "+22", "-22", "+23", "-23", "+24", "-24", "+25", "-25", "+26", "-26", "+27", "-27", "+28", "-28"],
    "precedence": {
        "+0": "-0",
        "+1": "-1",
        "+2": "-2",
        "+3": "-3",
        "+4": "-4",
        "+5": "-5",
        "+6": "-6",
        "+7": "-7",
        "+8": "-8",
        "+9": "-9",
        "+10": "-10",
        "+11": "-11",
        "+12": "-12",
        "+13": "-13",
        "+14": "-14",
        "+15": "-15",
        "+16": "-16",
        "+17": "-17",
        "+18": "-18",
        "+19": "-19",
        "+20": "-20",
        "+21": "-21",
        "+22": "-22",
        "+23": "-23",
        "+24": "-24",
        "+25": "-25",
        "+26": "-26",
        "+27": "-27",
        "+28": "-28"
    },
    "edges": [
        [    0,    0,  594,  324,  185,  882,  913,  810,  593,  349,  877,  407,  451,  579, 1029,  489,  141,  168,  906,  822,  863,  477,  962,  929,   35,  665,  560,  755,  578,  462,  328,  384,  399,  297,  777,  473,  688,  594,  482,  500,  890,  450,  694,  724,  970,  639,  465,  469,  684,  153,  522,  410,  469,  556, 1008,  375,  971,  351],
        [    0,    0,  594,  324,  185,  882,  913,  810,  593,  349,  877,  407,  451,  579, 1029,  489,  141,  168,  906,  822,  863,  477,  962,  929,   35,  665,  560,  755,  578,  462,  328,  384,  399,  297,  777,  473,  688,  594,  482,  500,  890,  450,  694,  724,  970,  639,  465,  469,  684,  153,  522,  410,  469,  556, 1008,  375,  971,  351],
        [  594,  594,    0,  311,  537,  414,  513,  218,  174,  722,  289,  438,  143,  111,  561,  595,  553,  435,  434,  455,  320,  651,  405,  337,  566,  362,   46,  244,  448,  758,  269,  580,  476,  483,  305,  256,  261,  531,  415,  551,  304,  787,  178,  325,  506,   53,  340,  370,  455,  574,  175,  610,  375,  250,  530,  242,  467,  257],
        [  324,  324,  311,    0,  355,  559,  599,  513,  270,  417,  572,  191,  185,  344,  708,  351,  249,  213,  709,  678,  543,  596,  642,  638,  306,  536,  292,  528,  315,  468,   89,  298,  435,  183,  453,  152,  498,  367,  227,  546,  613,  491,  460,  404,  780,  344,  385,  409,  599,  371,  326,  533,  194,  399,  811,  204,  757,   64],
        [  185,  185,  537,  355,    0,  892,  948,  752,  591,  526,  826,  504,  405,  490, 1044,  623,  296,  144,  773,  670,  842,  297,  935,  860,  155,  515,  496,  646,  660,  634,  310,  527,  220,  416,  780,  502,  564,  696,  566,  316,  808,  627,  594,  747,  832,  589,  315,  312,  518,   47,  419,  229,  541,  428,  872,  296,  845,  349],
        [  882,  882,  414,  559,  892,    0,  130,  326,  302,  849,  291,  537,  502,  519,  153,  616,  785,  760,  718,  806,  152, 1057,  192,  389,  865,  755,  457,  562,  403,  823,  583,  671,  880,  644,  114,  410,  633,  469,  462,  963,  441,  868,  527,  163,  777,  367,  752,  782,  852,  918,  588, 1010,  449,  660,  780,  621,  705,  547],
        [  913,  913,  513,  599,  948,  130,    0,  453,  372,  829,  421,  534,  579,  622,  148,  580,  802,  809,  844,  926,  281, 1138,  312,  518,  900,  866,  553,  684,  376,  785,  639,  652,  961,  648,  211,  448,  748,  422,  454, 1052,  570,  833,  644,  204,  904,  471,  843,  874,  962,  969,  685, 1087,  453,  762,  908,  696,  833,  600],
        [  810,  810,  218,  513,  752,  326,  453,    0,  283,  907,   78,  601,  360,  276,  441,  740,  760,  652,  393,  486,  180,  834,  225,  128,  782,  461,  257,  245,  552,  925,  483,  749,  666,  669,  260,  416,  332,  637,  555,  723,  133,  960,  228,  334,  453,  172,  519,  546,  558,  790,  356,  802,  520,  401,  460,  457,  385,  466],
        [  593,  593,  174,  270,  591,  302,  372,  283,    0,  632,  324,  320,  207,  280,  455,  459,  513,  460,  597,  629,  274,  766,  374,  409,  572,  532,  201,  408,  284,  643,  282,  468,  589,  398,  190,  139,  435,  369,  273,  682,  408,  679,  347,  170,  668,  160,  475,  506,  622,  617,  327,  715,  238,  410,  687,  324,  619,  248],
        [  349,  349,  722,  417,  526,  849,  829,  907,  632,    0,  955,  318,  601,  760,  970,  260,  238,  441, 1123, 1077,  890,  823,  988, 1035,  373,  926,  707,  944,  454,  120,  487,  179,  721,  240,  771,  494,  908,  417,  388,  831, 1020,  102,  876,  690, 1193,  749,  743,  757,  970,  501,  732,  755,  407,  795, 1225,  590, 1173,  478],
        [  877,  877,  289,  572,  826,  291,  421,   78,  324,  955,    0,  643,  429,  353,  387,  773,  820,  722,  436,  545,  140,  911,  157,  103,  850,  532,  330,  310,  575,  964,  550,  791,  743,  720,  252,  462,  403,  658,  589,  800,  152, 1002,  301,  337,  490,  240,  596,  623,  629,  863,  433,  879,  558,  478,  491,  530,  416,  529],
        [  407,  407,  438,  191,  504,  537,  534,  601,  320,  318,  643,    0,  348,  503,  667,  164,  278,  364,  866,  853,  572,  772,  670,  728,  405,  719,  436,  677,  173,  325,  280,  149,  620,  117,  454,  188,  666,  193,   81,  733,  721,  360,  609,  376,  938,  454,  576,  600,  786,  507,  502,  707,   90,  581,  965,  393,  904,  248],
        [  451,  451,  143,  185,  405,  502,  579,  360,  207,  601,  429,  348,    0,  160,  655,  512,  415,  294,  526,  506,  438,  559,  531,  479,  424,  376,  112,  343,  410,  650,  128,  476,  383,  366,  389,  198,  318,  484,  350,  477,  443,  674,  275,  376,  597,  189,  275,  305,  453,  438,  157,  509,  308,  240,  627,  119,  573,  124],
        [  579,  579,  111,  344,  490,  519,  622,  276,  280,  760,  353,  503,  160,    0,  664,  666,  565,  413,  366,  358,  413,  561,  489,  372,  548,  253,   80,  185,  540,  810,  277,  635,  391,  526,  413,  335,  165,  620,  494,  454,  319,  834,  119,  436,  437,  153,  246,  274,  344,  532,   80,  526,  453,  141,  467,  205,  414,  282],
        [ 1029, 1029,  561,  708, 1044,  153,  148,  441,  455,  970,  387,  667,  655,  664,    0,  724,  926,  911,  823,  927,  263, 1208,  242,  470, 1013,  891,  605,  685,  517,  931,  735,  792, 1031,  779,  266,  557,  765,  568,  589, 1112,  536,  978,  659,  305,  876,  512,  901,  931,  989, 1069,  735, 1162,  582,  804,  873,  773,  798,  698],
        [  489,  489,  595,  351,  623,  616,  580,  740,  459,  260,  773,  164,  512,  666,  724,    0,  349,  493, 1026, 1017,  684,  907,  775,  864,  497,  883,  596,  837,  214,  207,  439,  108,  766,  208,  555,  340,  829,  160,  186,  880,  866,  254,  769,  467, 1098,  605,  735,  757,  948,  616,  666,  840,  223,  745, 1124,  554, 1062,  410],
        [  141,  141,  553,  249,  296,  785,  802,  760,  513,  238,  820,  278,  415,  565,  926,  349,    0,  204,  917,  855,  786,  592,  886,  885,  152,  701,  527,  749,  450,  339,  289,  244,  483,  163,  686,  380,  698,  458,  357,  593,  856,  337,  683,  623,  985,  590,  511,  523,  738,  278,  523,  524,  350,  576, 1020,  375,  974,  296],
        [  168,  168,  435,  213,  144,  760,  809,  652,  460,  441,  722,  364,  294,  413,  911,  493,  204,    0,  740,  664,  722,  414,  819,  769,  136,  508,  399,  588,  517,  534,  180,  405,  284,  286,  650,  362,  522,  556,  423,  397,  726,  537,  527,  610,  806,  483,  312,  322,  537,  160,  355,  347,  397,  391,  843,  208,  805,  214],
        [  906,  906,  434,  709,  773,  718,  844,  393,  597, 1123,  436,  866,  526,  366,  823, 1026,  917,  740,    0,  159,  569,  704,  586,  362,  872,  270,  431,  191,  879, 1175,  637, 1000,  591,  891,  647,  689,  220,  963,  848,  582,  289, 1199,  258,  708,   72,  438,  459,  468,  324,  819,  394,  705,  808,  351,  104,  543,   82,  646],
        [  822,  822,  455,  678,  670,  806,  926,  486,  629, 1077,  545,  853,  506,  358,  927, 1017,  855,  664,  159,    0,  665,  561,  701,  489,  787,  157,  436,  244,  897, 1144,  595,  975,  469,  858,  719,  692,  195,  978,  851,  441,  412, 1162,  288,  766,  184,  476,  359,  359,  176,  717,  353,  569,  809,  283,  227,  487,  239,  614],
        [  863,  863,  320,  543,  842,  152,  281,  180,  274,  890,  140,  572,  438,  413,  263,  684,  786,  722,  569,  665,    0,  969,  101,  239,  841,  630,  365,  423,  475,  884,  543,  718,  795,  665,  132,  409,  503,  553,  508,  866,  290,  925,  397,  222,  627,  267,  656,  685,  727,  874,  489,  929,  484,  551,  629,  553,  554,  514],
        [  477,  477,  651,  596,  297, 1057, 1138,  834,  766,  823,  911,  772,  559,  561, 1208,  907,  592,  414,  704,  561,  969,    0, 1049,  912,  450,  439,  606,  648,  910,  930,  522,  816,  178,  700,  944,  720,  546,  960,  821,  123,  844,  924,  623,  935,  744,  703,  316,  288,  386,  324,  482,   69,  789,  436,  787,  444,  785,  564],
        [  962,  962,  405,  642,  935,  192,  312,  225,  374,  988,  157,  670,  531,  489,  242,  775,  886,  819,  586,  701,  101, 1049,    0,  229,  939,  686,  449,  466,  565,  978,  640,  814,  877,  764,  221,  509,  557,  639,  604,  942,  298, 1020,  453,  309,  636,  352,  734,  762,  783,  968,  567, 1012,  581,  621,  631,  644,  557,  612],
        [  929,  929,  337,  638,  860,  389,  518,  128,  409, 1035,  103,  728,  479,  372,  470,  864,  885,  769,  362,  489,  239,  912,  229,    0,  901,  505,  371,  276,  671, 1051,  605,  876,  753,  797,  354,  543,  378,  755,  679,  795,   78, 1087,  290,  438,  408,  295,  602,  627,  597,  900,  449,  887,  646,  477,  403,  567,  329,  590],
        [   35,   35,  566,  306,  155,  865,  900,  782,  572,  373,  850,  405,  424,  548, 1013,  497,  152,  136,  872,  787,  841,  450,  939,  901,    0,  630,  531,  722,  573,  484,  302,  394,  366,  299,  758,  457,  654,  594,  477,  468,  860,  475,  662,  708,  935,  612,  430,  434,  649,  129,  489,  383,  461,  522,  974,  343,  938,  328],
        [  665,  665,  362,  536,  515,  755,  866,  461,  532,  926,  532,  719,  376,  253,  891,  883,  701,  508,  270,  157,  630,  439,  686,  505,  630,    0,  331,  230,  782,  998,  451,  833,  322,  713,  656,  571,  130,  859,  725,  317,  430, 1013,  234,  686,  321,  397,  202,  204,   98,  562,  220,  436,  684,  139,  363,  339,  350,  474],
        [  560,  560,   46,  292,  496,  457,  553,  257,  201,  707,  330,  436,  112,   80,  605,  596,  527,  399,  431,  436,  365,  606,  449,  371,  531,  331,    0,  242,  462,  749,  240,  573,  431,  469,  347,  260,  241,  543,  420,  507,  331,  776,  174,  361,  503,   98,  296,  326,  421,  534,  133,  565,  379,  211,  529,  201,  471,  234],
        [  755,  755,  244,  528,  646,  562,  684,  245,  408,  944,  310,  677,  343,  185,  685,  837,  749,  588,  191,  244,  423,  648,  466,  276,  722,  230,  242,    0,  689,  991,  462,  814,  501,  708,  477,  498,  104,  773,  658,  528,  201, 1016,   69,  530,  263,  249,  352,  372,  323,  690,  234,  631,  617,  225,  288,  381,  230,  466],
        [  578,  578,  448,  315,  660,  403,  376,  552,  284,  454,  575,  173,  410,  540,  517,  214,  450,  517,  879,  897,  475,  910,  565,  671,  573,  782,  462,  689,    0,  420,  391,  276,  746,  289,  345,  213,  703,   86,   97,  854,  683,  465,  625,  256,  950,  443,  674,  702,  862,  668,  563,  847,  121,  648,  970,  492,  903,  351],
        [  462,  462,  758,  468,  634,  823,  785,  925,  643,  120,  964,  325,  650,  810,  931,  207,  339,  534, 1175, 1144,  884,  930,  978, 1051,  484,  998,  749,  991,  420,    0,  549,  178,  818,  287,  758,  511,  966,  364,  377,  930, 1045,   50,  922,  671, 1247,  777,  824,  842, 1049,  612,  793,  862,  407,  863, 1276,  659, 1220,  532],
        [  328,  328,  269,   89,  310,  583,  639,  483,  282,  487,  550,  280,  128,  277,  735,  439,  289,  180,  637,  595,  543,  522,  640,  605,  302,  451,  240,  462,  391,  549,    0,  382,  355,  263,  472,  200,  421,  450,  309,  464,  570,  568,  395,  437,  707,  312,  297,  321,  511,  336,  246,  463,  273,  315,  740,  115,  690,   42],
        [  384,  384,  580,  298,  527,  671,  652,  749,  468,  179,  791,  149,  476,  635,  792,  108,  244,  405, 1000,  975,  718,  816,  814,  876,  394,  833,  573,  814,  276,  178,  382,    0,  684,  124,  596,  335,  793,  248,  212,  798,  868,  212,  746,  513, 1072,  599,  670,  690,  891,  516,  623,  749,  235,  696, 1101,  496, 1043,  361],
        [  399,  399,  476,  435,  220,  880,  961,  666,  589,  721,  743,  620,  383,  391, 1031,  766,  483,  284,  591,  469,  795,  178,  877,  753,  366,  322,  431,  501,  746,  818,  355,  684,    0,  562,  767,  549,  403,  801,  661,  115,  688,  820,  465,  758,  642,  528,  151,  130,  306,  264,  311,  136,  627,  278,  684,  268,  669,  396],
        [  297,  297,  483,  183,  416,  644,  648,  669,  398,  240,  720,  117,  366,  526,  779,  208,  163,  286,  891,  858,  665,  700,  764,  797,  299,  713,  469,  708,  289,  287,  263,  124,  562,    0,  554,  259,  680,  297,  197,  676,  781,  309,  640,  481,  962,  509,  546,  566,  768,  412,  507,  633,  197,  577,  993,  375,  938,  246],
        [  777,  777,  305,  453,  780,  114,  211,  260,  190,  771,  252,  454,  389,  413,  266,  555,  686,  650,  647,  719,  132,  944,  221,  354,  758,  656,  347,  477,  345,  758,  472,  596,  767,  554,    0,  307,  538,  422,  385,  851,  389,  800,  434,   91,  710,  261,  641,  671,  752,  807,  479,  896,  364,  554,  719,  507,  645,  437],
        [  473,  473,  256,  152,  502,  410,  448,  416,  139,  494,  462,  188,  198,  335,  557,  340,  380,  362,  689,  692,  409,  720,  509,  543,  457,  571,  260,  498,  213,  511,  200,  335,  549,  259,  307,    0,  499,  288,  161,  654,  534,  545,  431,  252,  760,  267,  465,  493,  650,  521,  352,  662,  120,  436,  785,  286,  722,  159],
        [  688,  688,  261,  498,  564,  633,  748,  332,  435,  908,  403,  666,  318,  165,  765,  829,  698,  522,  220,  195,  503,  546,  557,  378,  654,  130,  241,  104,  703,  966,  421,  793,  403,  680,  538,  499,    0,  784,  659,  425,  304,  987,  107,  577,  287,  286,  258,  274,  227,  609,  176,  530,  617,  136,  323,  324,  284,  434],
        [  594,  594,  531,  367,  696,  469,  422,  637,  369,  417,  658,  193,  484,  620,  568,  160,  458,  556,  963,  978,  553,  960,  639,  755,  594,  859,  543,  773,   86,  364,  450,  248,  801,  297,  422,  288,  784,    0,  142,  913,  768,  412,  709,  332, 1034,  528,  741,  767,  936,  699,  639,  895,  180,  723, 1055,  557,  988,  412],
        [  482,  482,  415,  227,  566,  462,  454,  555,  273,  388,  589,   81,  350,  494,  589,  186,  357,  423,  848,  851,  508,  821,  604,  679,  477,  725,  420,  658,   97,  377,  309,  212,  661,  197,  385,  161,  659,  142,    0,  772,  680,  418,  591,  302,  920,  421,  601,  627,  800,  572,  506,  758,   42,  588,  944,  417,  880,  271],
        [  500,  500,  551,  546,  316,  963, 1052,  723,  682,  831,  800,  733,  477,  454, 1112,  880,  593,  397,  582,  441,  866,  123,  942,  795,  468,  317,  507,  528,  854,  930,  464,  798,  115,  676,  851,  654,  425,  913,  772,    0,  726,  930,  506,  851,  623,  602,  212,  182,  266,  354,  378,  133,  736,  323,  666,  369,  663,  504],
        [  890,  890,  304,  613,  808,  441,  570,  133,  408, 1020,  152,  721,  443,  319,  536,  866,  856,  726,  289,  412,  290,  844,  298,   78,  860,  430,  331,  201,  683, 1045,  570,  868,  688,  781,  389,  534,  304,  768,  680,  726,    0, 1078,  224,  467,  340,  272,  538,  561,  521,  850,  392,  821,  644,  411,  340,  520,  265,  560],
        [  450,  450,  787,  491,  627,  868,  833,  960,  679,  102, 1002,  360,  674,  834,  978,  254,  337,  537, 1199, 1162,  925,  924, 1020, 1087,  475, 1013,  776, 1016,  465,   50,  568,  212,  820,  309,  800,  545,  987,  412,  418,  930, 1078,    0,  948,  715, 1270,  809,  835,  851, 1061,  602,  813,  856,  445,  880, 1301,  675, 1246,  554],
        [  694,  694,  178,  460,  594,  527,  644,  228,  347,  876,  301,  609,  275,  119,  659,  769,  683,  527,  258,  288,  397,  623,  453,  290,  662,  234,  174,   69,  625,  922,  395,  746,  465,  640,  434,  431,  107,  709,  591,  506,  224,  948,    0,  479,  330,  190,  315,  338,  332,  637,  177,  599,  550,  188,  356,  320,  298,  398],
        [  724,  724,  325,  404,  747,  163,  204,  334,  170,  690,  337,  376,  376,  436,  305,  467,  623,  610,  708,  766,  222,  935,  309,  438,  708,  686,  361,  530,  256,  671,  437,  513,  758,  481,   91,  252,  577,  332,  302,  851,  467,  715,  479,    0,  774,  292,  644,  675,  779,  769,  492,  883,  287,  572,  787,  492,  714,  399],
        [  970,  970,  506,  780,  832,  777,  904,  453,  668, 1193,  490,  938,  597,  437,  876, 1098,  985,  806,   72,  184,  627,  744,  636,  408,  935,  321,  503,  263,  950, 1247,  707, 1072,  642,  962,  710,  760,  287, 1034,  920,  623,  340, 1270,  330,  774,    0,  508,  517,  523,  359,  878,  463,  749,  880,  415,   44,  611,   84,  717],
        [  639,  639,   53,  344,  589,  367,  471,  172,  160,  749,  240,  454,  189,  153,  512,  605,  590,  483,  438,  476,  267,  703,  352,  295,  612,  397,   98,  249,  443,  777,  312,  599,  528,  509,  261,  267,  286,  528,  421,  602,  272,  809,  190,  292,  508,    0,  391,  421,  492,  624,  224,  662,  383,  294,  528,  294,  461,  295],
        [  465,  465,  340,  385,  315,  752,  843,  519,  475,  743,  596,  576,  275,  246,  901,  735,  511,  312,  459,  359,  656,  316,  734,  602,  430,  202,  296,  352,  674,  824,  297,  670,  151,  546,  641,  465,  258,  741,  601,  212,  538,  835,  315,  644,  517,  391,    0,   31,  227,  362,  168,  285,  562,  128,  557,  185,  533,  331],
        [  469,  469,  370,  409,  312,  782,  874,  546,  506,  757,  623,  600,  305,  274,  931,  757,  523,  322,  468,  359,  685,  288,  762,  627,  434,  204,  326,  372,  702,  842,  321,  690,  130,  566,  671,  493,  274,  767,  627,  182,  561,  851,  338,  675,  523,  421,   31,    0,  216,  358,  197,  261,  588,  150,  565,  211,  544,  356],
        [  684,  684,  455,  599,  518,  852,  962,  558,  622,  970,  629,  786,  453,  344,  989,  948,  738,  537,  324,  176,  727,  386,  783,  597,  649,   98,  421,  323,  862, 1049,  511,  891,  306,  768,  752,  650,  227,  936,  800,  266,  521, 1061,  332,  779,  359,  492,  227,  216,    0,  564,  301,  396,  759,  216,  402,  396,  405,  539],
        [  153,  153,  574,  371,   47,  918,  969,  790,  617,  501,  863,  507,  438,  532, 1069,  616,  278,  160,  819,  717,  874,  324,  968,  900,  129,  562,  534,  690,  668,  612,  336,  516,  264,  412,  807,  521,  609,  699,  572,  354,  850,  602,  637,  769,  878,  624,  362,  358,  564,    0,  461,  258,  550,  473,  919,  334,  891,  372],
        [  522,  522,  175,  326,  419,  588,  685,  356,  327,  732,  433,  502,  157,   80,  735,  666,  523,  355,  394,  353,  489,  482,  567,  449,  489,  220,  133,  234,  563,  793,  246,  623,  311,  507,  479,  352,  176,  639,  506,  378,  392,  813,  177,  492,  463,  224,  168,  197,  301,  461,    0,  447,  464,   86,  497,  150,  453,  262],
        [  410,  410,  610,  533,  229, 1010, 1087,  802,  715,  755,  879,  707,  509,  526, 1162,  840,  524,  347,  705,  569,  929,   69, 1012,  887,  383,  436,  565,  631,  847,  862,  463,  749,  136,  633,  896,  662,  530,  895,  758,  133,  821,  856,  599,  883,  749,  662,  285,  261,  396,  258,  447,    0,  727,  411,  792,  392,  785,  504],
        [  469,  469,  375,  194,  541,  449,  453,  520,  238,  407,  558,   90,  308,  453,  582,  223,  350,  397,  808,  809,  484,  789,  581,  646,  461,  684,  379,  617,  121,  407,  273,  235,  627,  197,  364,  120,  617,  180,   42,  736,  644,  445,  550,  287,  880,  383,  562,  588,  759,  550,  464,  727,    0,  547,  904,  378,  840,  234],
        [  556,  556,  250,  399,  428,  660,  762,  401,  410,  795,  478,  581,  240,  141,  804,  745,  576,  391,  351,  283,  551,  436,  621,  477,  522,  139,  211,  225,  648,  863,  315,  696,  278,  577,  554,  436,  136,  723,  588,  323,  411,  880,  188,  572,  415,  294,  128,  150,  216,  473,   86,  411,  547,    0,  453,  205,  419,  337],
        [ 1008, 1008,  530,  811,  872,  780,  908,  460,  687, 1225,  491,  965,  627,  467,  873, 1124, 1020,  843,  104,  227,  629,  787,  631,  403,  974,  363,  529,  288,  970, 1276,  740, 1101,  684,  993,  719,  785,  323, 1055,  944,  666,  340, 1301,  356,  787,   44,  528,  557,  565,  402,  919,  497,  792,  904,  453,    0,  646,   76,  748],
        [  375,  375,  242,  204,  296,  621,  696,  457,  324,  590,  530,  393,  119,  205,  773,  554,  375,  208,  543,  487,  553,  444,  644,  567,  343,  339,  201,  381,  492,  659,  115,  496,  268,  375,  507,  286,  324,  557,  417,  369,  520,  675,  320,  492,  611,  294,  185,  211,  396,  334,  150,  392,  378,  205,  646,    0,  603,  147],
        [  971,  971,  467,  757,  845,  705,  833,  385,  619, 1173,  416,  904,  573,  414,  798, 1062,  974,  805,   82,  239,  554,  785,  557,  329,  938,  350,  471,  230,  903, 1220,  690, 1043,  669,  938,  645,  722,  284,  988,  880,  663,  265, 1246,  298,  714,   84,  461,  533,  544,  405,  891,  453,  785,  840,  419,   76,  603,    0,  695],
        [  351,  351,  257,   64,  349,  547,  600,  466,  248,  478,  529,  248,  124,  282,  698,  410,  296,  214,  646,  614,  514,  564,  612,  590,  328,  474,  234,  466,  351,  532,   42,  361,  396,  246,  437,  159,  434,  412,  271,  504,  560,  554,  398,  399,  717,  295,  331,  356,  539,  372,  262,  504,  234,  337,  748,  147,  695,    0]
    ]
}
