{
    "name": "random-31-6541",
    "comment": "size=31 seed=6541",
    "nodes": ["+0", "-0", "+1", "-1", "+2", "-2", "+3", "-3", "+4", "-4", "+5", "-5", "+6", "-6", "+7", "-7", "+8", "-8", "+9", "-9", "+10", "-10", "+11", "-11", "+12", "-12", "+13", "-13", "+14", "-14", "+15", "-15", "+16", "-16", "+17", "-17", "+18", "-18", "+19", "-19", "+20", "-20", "+21", "-21", "+22", "-22", "+23", "-23", "+24", "-24", "+25", "-25", "+26", "-26", "+27", "-27", "+28", "-28", "+29", "-29", "+30", "-30", "+31", "-31"],
    "precedence": {
        "+0": "-0",
        "+1": "-1",
        "+2": "-2",
        "+3": "-3",
        "+4": "-4",
        "+5": "-5",
        "+6": "-6",
        "+7": "-7",
        "+8": "-8",
        "+9": "-9",
        "+10": "-10",
        "+11": "-11",
        "+12": "-12",
        "+13": "-13",
        "+14": "-14",
        "+15": "-15",
        "+16": "-16",
        "+17": "-17",
        "+18": "-18",
        "+19": "-19",
        "+20": "-20",
        "+21": "-21",
        "+22": "-22",
        "+23": "-23",
        "+24": "-24",
        "+25": "-25",
        "+26": "-26",
        "+27": "-27",
        "+28": "-28",
        "+29": "-29",
        "+30": "-30",
        "+31": "-31"
    },
    "edges": [
        [    0,    0,  534,   93,  217,  252,  254,  756,  441,  188,  186,  704,  159,  167,  430,  448,  608,  703,  655,  277,  728,  415,  437,  401,  389,  524,  373,  219,  332,  567,  296,  500,  434,  300,  611,  339,  751,  499,  185,  793,  232,  317,  547,  128,  567,  637,  269,   88,  121,  285,  198,  512,  391,  390,  591,  345,  215,  356,  606,  289,  114,  614,  120,  335],
        [    0,    0,  534,   93,  217,  252,  254,  756,  441,  188,  186,  704,  159,  167,  430,  448,  608,  703,  655,  277,  728,  415,  437,  401,  389,  524,  373,  219,  332,  567,  296,  500,  434,  300,  611,  339,  751,  499,  185,  793,  232,  317,  547,  128,  567,  637,  269,   88,  121,  285,  198,  512,  391,  390,  591,  345,  215,  356,  606,  289,  114,  614,  120,  335],
        [  534,  534,    0,  451,  323,  664,  295,  861,  973,  643,  657,  720,  693,  542,  556,  747,  334,  551,  678,  621,  792,  648,  470,  394,  631,  859,  254,  422,  669, 1019,  811,  944,  968,  626,  462,  715,  854,  898,  589,  838,  709,  338,  617,  661,  477,  951,  793,  539,  511,  753,  535,  844,  144,  923,  276,  624,  724,  868,  362,  747,  433,  923,  612,  551],
        [   93,   93,  451,    0,  148,  324,  190,  786,  531,  267,  222,  716,  248,  144,  371,  505,  563,  685,  666,  332,  750,  379,  432,  381,  428,  591,  280,  210,  390,  655,  389,  586,  522,  281,  587,  407,  781,  577,  247,  813,  319,  284,  560,  214,  550,  703,  362,  150,   91,  325,  238,  577,  308,  476,  539,  389,  306,  448,  565,  324,   22,  678,  206,  361],
        [  217,  217,  323,  148,    0,  362,   43,  722,  651,  329,  370,  626,  373,  280,  441,  497,  420,  560,  576,  338,  674,  482,  333,  266,  396,  599,  230,  146,  395,  717,  489,  643,  647,  405,  459,  430,  716,  613,  282,  733,  393,  161,  479,  344,  431,  704,  471,  218,  232,  472,  240,  584,  183,  604,  392,  369,  403,  547,  425,  471,  136,  678,  291,  315],
        [  252,  252,  664,  324,  362,    0,  375,  547,  393,   71,  391,  538,  237,  416,  682,  208,  603,  615,  495,   76,  539,  662,  350,  363,  194,  273,  580,  243,  100,  356,  210,  282,  407,  541,  545,   88,  544,  256,   82,  602,   93,  344,  391,  251,  486,  385,  225,  174,  372,  461,  130,  260,  537,  387,  611,  148,  154,  248,  587,  474,  341,  363,  141,  195],
        [  254,  254,  295,  190,   43,  375,    0,  700,  683,  349,  412,  598,  408,  322,  474,  494,  378,  522,  548,  343,  649,  520,  304,  233,  387,  599,  239,  143,  398,  731,  516,  657,  680,  446,  421,  437,  694,  621,  297,  707,  415,  128,  454,  380,  395,  702,  501,  245,  274,  514,  248,  584,  162,  639,  350,  365,  430,  573,  383,  513,  178,  675,  318,  305],
        [  756,  756,  861,  786,  722,  547,  700,    0,  879,  614,  927,  164,  783,  918, 1151,  353,  578,  396,  190,  490,   80, 1164,  405,  484,  369,  372,  935,  587,  448,  621,  723,  578,  904, 1055,  432,  476,    8,  484,  581,   93,  632,  578,  251,  794,  393,  340,  753,  669,  866, 1006,  559,  370,  808,  901,  630,  415,  696,  731,  545, 1018,  794,  327,  675,  426],
        [  441,  441,  973,  531,  651,  393,  683,  879,    0,  366,  395,  909,  283,  508,  747,  533,  985, 1007,  871,  468,  892,  668,  742,  747,  575,  515,  804,  592,  473,  340,  185,  332,   35,  554,  937,  424,  877,  413,  430,  952,  306,  704,  774,  318,  879,  595,  185,  440,  505,  369,  492,  514,  831,   79,  984,  534,  263,  152,  972,  388,  552,  590,  369,  588],
        [  188,  188,  643,  267,  329,   71,  349,  614,  366,    0,  320,  596,  170,  348,  616,  278,  619,  654,  551,  128,  602,  592,  383,  382,  253,  341,  534,  233,  167,  393,  183,  322,  374,  471,  577,  158,  611,  312,   64,  666,   67,  343,  444,  181,  521,  453,  185,  120,  307,  392,  127,  329,  509,  346,  620,  206,  106,  233,  607,  405,  286,  432,   71,  236],
        [  186,  186,  657,  222,  370,  391,  412,  927,  395,  320,    0,  886,  174,  124,  357,  598,  783,  889,  837,  438,  905,  295,  623,  585,  559,  654,  442,  403,  486,  627,  327,  575,  374,  171,  795,  476,  922,  602,  346,  970,  331,  497,  728,  146,  752,  764,  284,  264,  147,  103,  376,  644,  516,  323,  760,  512,  280,  377,  783,  105,  235,  745,  254,  514],
        [  704,  704,  720,  716,  626,  538,  598,  164,  909,  596,  886,    0,  764,  856, 1066,  381,  421,  233,   51,  468,   84, 1093,  295,  368,  345,  443,  824,  507,  444,  701,  737,  645,  930,  994,  274,  487,  157,  551,  549,  118,  629,  471,  158,  767,  244,  449,  760,  622,  802,  975,  511,  435,  685,  918,  475,  392,  691,  758,  387,  984,  720,  429,  645,  372],
        [  159,  159,  693,  248,  373,  237,  408,  783,  283,  170,  174,  764,    0,  251,  517,  441,  741,  806,  718,  298,  772,  467,  532,  515,  423,  486,  524,  340,  336,  458,  160,  402,  275,  343,  721,  316,  780,  429,  217,  836,  162,  450,  611,   39,  670,  595,  123,  178,  233,  227,  267,  476,  550,  232,  731,  375,  107,  217,  734,  241,  269,  577,  124,  397],
        [  167,  167,  542,  144,  280,  416,  322,  918,  508,  348,  124,  856,  251,    0,  272,  615,  699,  828,  806,  444,  886,  249,  575,  525,  553,  688,  319,  352,  499,  704,  410,  644,  490,  139,  730,  503,  913,  655,  352,  950,  380,  426,  699,  213,  694,  800,  373,  254,   55,  212,  361,  676,  404,  439,  670,  510,  345,  467,  704,  206,  147,  778,  278,  494],
        [  430,  430,  556,  371,  441,  682,  474, 1151,  747,  616,  357, 1066,  517,  272,    0,  873,  817,  991, 1016,  700, 1109,  117,  773,  706,  798,  954,  307,  565,  758,  973,  676,  914,  724,  196,  889,  768, 1145,  925,  611, 1170,  651,  601,  915,  481,  868, 1066,  636,  512,  310,  389,  608,  941,  461,  672,  773,  759,  615,  730,  832,  371,  360, 1043,  546,  728],
        [  448,  448,  747,  505,  497,  208,  494,  353,  533,  278,  598,  381,  441,  615,  873,    0,  588,  524,  349,  174,  360,  863,  317,  372,  118,  113,  725,  352,  117,  340,  371,  274,  556,  745,  485,  127,  350,  188,  264,  420,  283,  411,  268,  457,  422,  209,  401,  363,  567,  667,  270,   98,  644,  550,  615,  129,  347,  383,  562,  681,  519,  182,  346,  197],
        [  608,  608,  334,  563,  420,  603,  378,  578,  985,  619,  783,  421,  741,  699,  817,  588,    0,  220,  388,  535,  501,  884,  272,  240,  477,  695,  521,  402,  558,  916,  801,  842,  991,  821,  147,  614,  571,  770,  555,  535,  681,  292,  366,  723,  190,  759,  802,  563,  650,  885,  493,  681,  362,  959,   60,  495,  723,  847,   34,  886,  554,  732,  625,  421],
        [  703,  703,  551,  685,  560,  615,  522,  396, 1007,  654,  889,  233,  806,  828,  991,  524,  220,    0,  219,  540,  316, 1041,  274,  305,  440,  615,  711,  486,  540,  863,  824,  797, 1021,  961,  102,  594,  389,  711,  594,  335,  705,  403,  258,  797,  138,  649,  836,  637,  775,  987,  539,  604,  555,  999,  279,  476,  759,  859,  190,  992,  682,  625,  682,  421],
        [  655,  655,  678,  666,  576,  495,  548,  190,  871,  551,  837,   51,  718,  806, 1016,  349,  388,  219,    0,  424,  115, 1043,  245,  319,  302,  420,  775,  457,  402,  677,  696,  617,  890,  944,  243,  448,  183,  525,  502,  163,  587,  421,  109,  720,  205,  438,  718,  574,  752,  927,  462,  411,  638,  877,  440,  348,  648,  720,  355,  936,  670,  416,  598,  324],
        [  277,  277,  621,  332,  338,   76,  343,  490,  468,  128,  438,  468,  298,  444,  700,  174,  535,  540,  424,    0,  475,  692,  277,  295,  126,  264,  564,  203,   59,  401,  285,  325,  482,  576,  471,   95,  486,  279,   93,  539,  167,  290,  319,  305,  412,  374,  299,  191,  395,  516,  101,  250,  502,  461,  546,   78,  226,  321,  517,  528,  346,  349,  185,  120],
        [  728,  728,  792,  750,  674,  539,  649,   80,  892,  602,  905,   84,  772,  886, 1109,  360,  501,  316,  115,  475,    0, 1129,  347,  425,  350,  401,  881,  545,  440,  658,  727,  608,  915, 1024,  355,  476,   73,  513,  562,   65,  627,  524,  196,  779,  320,  389,  754,  644,  833,  989,  531,  397,  747,  907,  554,  397,  691,  742,  468, 1000,  756,  373,  657,  394],
        [  415,  415,  648,  379,  482,  662,  520, 1164,  668,  592,  295, 1093,  467,  249,  117,  863,  884, 1041, 1043,  692, 1129,    0,  805,  746,  800,  932,  395,  587,  747,  922,  621,  869,  642,  125,  940,  749, 1159,  891,  600, 1192,  616,  641,  938,  435,  913, 1045,  579,  502,  299,  301,  608,  921,  539,  591,  844,  758,  571,  671,  895,  282,  374, 1023,  522,  738],
        [  437,  437,  470,  432,  333,  350,  304,  405,  742,  383,  623,  295,  532,  575,  773,  317,  272,  274,  245,  277,  347,  805,    0,   80,  205,  426,  534,  224,  291,  644,  558,  572,  754,  712,  195,  347,  398,  498,  322,  404,  437,  177,  155,  525,  139,  500,  566,  366,  521,  719,  266,  412,  404,  729,  299,  226,  489,  597,  249,  725,  433,  472,  409,  157],
        [  401,  401,  394,  381,  266,  363,  233,  484,  747,  382,  585,  368,  515,  525,  706,  372,  240,  305,  319,  295,  425,  746,   80,    0,  255,  483,  457,  183,  323,  684,  563,  610,  755,  659,  211,  378,  477,  544,  318,  480,  443,  106,  234,  502,  170,  565,  565,  340,  471,  684,  256,  469,  325,  725,  252,  263,  487,  608,  226,  689,  379,  537,  395,  187],
        [  389,  389,  631,  428,  396,  194,  387,  369,  575,  253,  559,  345,  423,  553,  798,  118,  477,  440,  302,  126,  350,  800,  205,  255,    0,  230,  624,  250,  103,  440,  397,  368,  593,  689,  386,  155,  364,  294,  213,  414,  286,  296,  200,  429,  324,  321,  417,  302,  502,  640,  193,  215,  532,  577,  501,   48,  347,  424,  454,  651,  439,  293,  309,   83],
        [  524,  524,  859,  591,  599,  273,  599,  372,  515,  341,  654,  443,  486,  688,  954,  113,  695,  615,  420,  264,  401,  932,  426,  483,  230,    0,  827,  457,  206,  259,  381,  207,  543,  811,  585,  186,  372,  112,  344,  454,  324,  521,  358,  509,  524,  113,  419,  443,  644,  711,  364,   16,  752,  548,  724,  237,  382,  375,  669,  726,  607,   92,  412,  308],
        [  373,  373,  254,  280,  230,  580,  239,  935,  804,  534,  442,  824,  524,  319,  307,  725,  521,  711,  775,  564,  881,  395,  534,  457,  624,  827,    0,  375,  622,  927,  669,  855,  792,  380,  611,  653,  929,  834,  499,  936,  592,  358,  687,  487,  601,  933,  641,  416,  304,  528,  464,  812,  160,  743,  472,  598,  586,  728,  539,  519,  259,  906,  481,  543],
        [  219,  219,  422,  210,  146,  243,  143,  587,  592,  233,  403,  507,  340,  352,  565,  352,  402,  486,  457,  203,  545,  587,  224,  183,  250,  457,  375,    0,  256,  598,  413,  522,  595,  490,  393,  297,  581,  481,  173,  607,  299,  113,  353,  323,  349,  561,  407,  162,  298,  503,  114,  442,  300,  560,  394,  224,  329,  465,  395,  507,  213,  534,  225,  170],
        [  332,  332,  669,  390,  395,  100,  398,  448,  473,  167,  486,  444,  336,  499,  758,  117,  558,  540,  402,   59,  440,  747,  291,  323,  103,  206,  622,  256,    0,  362,  295,  287,  490,  629,  480,   56,  445,  230,  148,  504,  187,  334,  302,  348,  419,  315,  317,  247,  451,  559,  159,  191,  554,  475,  575,   65,  251,  322,  538,  572,  405,  290,  233,  138],
        [  567,  567, 1019,  655,  717,  356,  731,  621,  340,  393,  627,  701,  458,  704,  973,  340,  916,  863,  677,  401,  658,  922,  644,  684,  440,  259,  927,  598,  362,    0,  301,   76,  374,  798,  822,  309,  622,  153,  435,  708,  337,  691,  606,  493,  760,  292,  344,  511,  675,  647,  485,  266,  893,  401,  935,  422,  360,  256,  893,  666,  675,  297,  450,  498],
        [  296,  296,  811,  389,  489,  210,  516,  723,  185,  183,  327,  737,  160,  410,  676,  371,  801,  824,  696,  285,  727,  621,  558,  563,  397,  381,  669,  413,  295,  301,    0,  253,  198,  497,  753,  252,  721,  300,  247,  789,  121,  524,  596,  198,  695,  480,   44,  272,  389,  352,  309,  375,  671,  182,  803,  353,   87,   60,  788,  370,  410,  467,  199,  404],
        [  500,  500,  944,  586,  643,  282,  657,  578,  332,  322,  575,  645,  402,  644,  914,  274,  842,  797,  617,  325,  608,  869,  572,  610,  368,  207,  855,  522,  287,   76,  253,    0,  364,  744,  752,  234,  578,   96,  361,  661,  269,  615,  541,  436,  690,  267,  297,  441,  612,  604,  410,  212,  818,  381,  861,  348,  300,  219,  820,  622,  606,  265,  382,  424],
        [  434,  434,  968,  522,  647,  407,  680,  904,   35,  374,  374,  930,  275,  490,  724,  556,  991, 1021,  890,  482,  915,  642,  754,  755,  593,  543,  792,  595,  490,  374,  198,  364,    0,  529,  949,  444,  902,  442,  437,  975,  317,  707,  792,  309,  891,  625,  190,  440,  490,  342,  499,  541,  825,   52,  988,  550,  269,  174,  980,  361,  542,  619,  371,  601],
        [  300,  300,  626,  281,  405,  541,  446, 1055,  554,  471,  171,  994,  343,  139,  196,  745,  821,  961,  944,  576, 1024,  125,  712,  659,  689,  811,  380,  490,  629,  798,  497,  744,  529,    0,  862,  628, 1050,  767,  483, 1088,  493,  559,  838,  310,  829,  923,  455,  388,  193,  194,  497,  800,  500,  478,  788,  645,  447,  548,  828,  177,  281,  902,  401,  631],
        [  611,  611,  462,  587,  459,  545,  421,  432,  937,  577,  795,  274,  721,  730,  889,  485,  147,  102,  243,  471,  355,  940,  195,  211,  386,  585,  611,  393,  480,  822,  753,  752,  949,  862,    0,  536,  425,  672,  515,  388,  632,  304,  235,  710,   63,  636,  761,  548,  677,  895,  456,  572,  456,  923,  202,  415,  683,  792,  114,  899,  583,  610,  599,  351],
        [  339,  339,  715,  407,  430,   88,  437,  476,  424,  158,  476,  487,  316,  503,  768,  127,  614,  594,  448,   95,  476,  749,  347,  378,  155,  186,  653,  297,   56,  309,  252,  234,  444,  628,  536,    0,  474,  185,  161,  539,  157,  383,  352,  334,  475,  298,  279,  259,  459,  542,  190,  173,  596,  433,  630,  121,  221,  273,  594,  556,  424,  276,  228,  193],
        [  751,  751,  854,  781,  716,  544,  694,    8,  877,  611,  922,  157,  780,  913, 1145,  350,  571,  389,  183,  486,   73, 1159,  398,  477,  364,  372,  929,  581,  445,  622,  721,  578,  902, 1050,  425,  474,    0,  483,  577,   90,  629,  572,  244,  790,  386,  342,  751,  665,  861, 1002,  554,  369,  802,  899,  622,  411,  693,  729,  537, 1014,  789,  328,  671,  421],
        [  499,  499,  898,  577,  613,  256,  621,  484,  413,  312,  602,  551,  429,  655,  925,  188,  770,  711,  525,  279,  513,  891,  498,  544,  294,  112,  834,  481,  230,  153,  300,   96,  442,  767,  672,  185,  483,    0,  337,  566,  276,  563,  454,  458,  610,  184,  342,  428,  617,  646,  374,  117,  780,  453,  793,  282,  323,  282,  746,  663,  596,  177,  380,  359],
        [  185,  185,  589,  247,  282,   82,  297,  581,  430,   64,  346,  549,  217,  352,  611,  264,  555,  594,  502,   93,  562,  600,  322,  318,  213,  344,  499,  173,  148,  435,  247,  361,  437,  483,  515,  161,  577,  337,    0,  626,  129,  281,  394,  219,  460,  456,  248,  100,  304,  428,   63,  331,  459,  409,  557,  167,  169,  296,  543,  439,  264,  433,   97,  181],
        [  793,  793,  838,  813,  733,  602,  707,   93,  952,  666,  970,  118,  836,  950, 1170,  420,  535,  335,  163,  539,   65, 1192,  404,  480,  414,  454,  936,  607,  504,  708,  789,  661,  975, 1088,  388,  539,   90,  566,  626,    0,  691,  581,  256,  843,  361,  430,  817,  708,  897, 1054,  596,  450,  800,  969,  590,  462,  754,  802,  501, 1064,  819,  416,  722,  458],
        [  232,  232,  709,  319,  393,   93,  415,  632,  306,   67,  331,  629,  162,  380,  651,  283,  681,  705,  587,  167,  627,  616,  437,  443,  286,  324,  592,  299,  187,  337,  121,  269,  317,  493,  632,  157,  629,  276,  129,  691,    0,  409,  483,  186,  575,  434,  133,  178,  345,  388,  191,  315,  574,  295,  684,  240,   64,  168,  668,  403,  339,  416,  114,  284],
        [  317,  317,  338,  284,  161,  344,  128,  578,  704,  343,  497,  471,  450,  426,  601,  411,  292,  403,  421,  290,  524,  641,  177,  106,  296,  521,  358,  113,  334,  691,  524,  615,  707,  559,  304,  383,  572,  563,  281,  581,  409,    0,  329,  431,  272,  616,  519,  272,  374,  598,  219,  506,  241,  672,  282,  286,  441,  575,  289,  601,  279,  588,  337,  214],
        [  547,  547,  617,  560,  479,  391,  454,  251,  774,  444,  728,  158,  611,  699,  915,  268,  366,  258,  109,  319,  196,  938,  155,  234,  200,  358,  687,  353,  302,  606,  596,  541,  792,  838,  235,  352,  244,  454,  394,  256,  483,  329,    0,  612,  178,  402,  615,  465,  645,  818,  354,  346,  558,  776,  408,  244,  544,  623,  335,  827,  565,  376,  490,  216],
        [  128,  128,  661,  214,  344,  251,  380,  794,  318,  181,  146,  767,   39,  213,  481,  457,  723,  797,  720,  305,  779,  435,  525,  502,  429,  509,  487,  323,  348,  493,  198,  436,  309,  310,  710,  334,  790,  458,  219,  843,  186,  431,  612,    0,  661,  619,  161,  162,  194,  212,  262,  499,  518,  263,  710,  382,  137,  255,  717,  224,  234,  601,  122,  397],
        [  567,  567,  477,  550,  431,  486,  395,  393,  879,  521,  752,  244,  670,  694,  868,  422,  190,  138,  205,  412,  320,  913,  139,  170,  324,  524,  601,  349,  419,  760,  695,  690,  891,  829,   63,  475,  386,  610,  460,  361,  575,  272,  178,  661,    0,  577,  704,  500,  641,  850,  403,  511,  453,  867,  238,  354,  627,  733,  158,  855,  548,  551,  547,  292],
        [  637,  637,  951,  703,  704,  385,  702,  340,  595,  453,  764,  449,  595,  800, 1066,  209,  759,  649,  438,  374,  389, 1045,  500,  565,  321,  113,  933,  561,  315,  292,  480,  267,  625,  923,  636,  298,  342,  184,  456,  430,  434,  616,  402,  619,  577,    0,  520,  555,  757,  818,  473,  126,  851,  637,  794,  337,  490,  465,  730,  834,  718,   29,  524,  403],
        [  269,  269,  793,  362,  471,  225,  501,  753,  185,  185,  284,  760,  123,  373,  636,  401,  802,  836,  718,  299,  754,  579,  566,  565,  417,  419,  641,  407,  317,  344,   44,  297,  190,  455,  761,  279,  751,  342,  248,  817,  133,  519,  615,  161,  704,  520,    0,  257,  355,  308,  310,  413,  652,  163,  800,  371,   79,   95,  790,  326,  383,  506,  185,  416],
        [   88,   88,  539,  150,  218,  174,  245,  669,  440,  120,  264,  622,  178,  254,  512,  363,  563,  637,  574,  191,  644,  502,  366,  340,  302,  443,  416,  162,  247,  511,  272,  441,  440,  388,  548,  259,  665,  428,  100,  708,  178,  272,  465,  162,  500,  555,  257,    0,  205,  356,  113,  430,  401,  402,  554,  258,  185,  329,  556,  363,  168,  532,   73,  251],
        [  121,  121,  511,   91,  232,  372,  274,  866,  505,  307,  147,  802,  233,   55,  310,  567,  650,  775,  752,  395,  833,  299,  521,  471,  502,  644,  304,  298,  451,  675,  389,  612,  490,  193,  677,  459,  861,  617,  304,  897,  345,  374,  645,  194,  641,  757,  355,  205,    0,  246,  309,  632,  370,  441,  623,  459,  316,  447,  654,  242,   97,  734,  237,  441],
        [  285,  285,  753,  325,  472,  461,  514, 1006,  369,  392,  103,  975,  227,  212,  389,  667,  885,  987,  927,  516,  989,  301,  719,  684,  640,  711,  528,  503,  559,  647,  352,  604,  342,  194,  895,  542, 1002,  646,  428, 1054,  388,  598,  818,  212,  850,  818,  308,  356,  246,    0,  465,  702,  614,  291,  863,  593,  329,  392,  885,   20,  337,  801,  332,  603],
        [  198,  198,  535,  238,  240,  130,  248,  559,  492,  127,  376,  511,  267,  361,  608,  270,  493,  539,  462,  101,  531,  608,  266,  256,  193,  364,  464,  114,  159,  485,  309,  410,  499,  497,  456,  190,  554,  374,   63,  596,  191,  219,  354,  262,  403,  473,  310,  113,  309,  465,    0,  350,  409,  469,  494,  152,  231,  358,  481,  474,  250,  448,  144,  139],
        [  512,  512,  844,  577,  584,  260,  584,  370,  514,  329,  644,  435,  476,  676,  941,   98,  681,  604,  411,  250,  397,  921,  412,  469,  215,   16,  812,  442,  191,  266,  375,  212,  541,  800,  572,  173,  369,  117,  331,  450,  315,  506,  346,  499,  511,  126,  413,  430,  632,  702,  350,    0,  738,  544,  710,  222,  374,  372,  655,  717,  593,  103,  400,  293],
        [  391,  391,  144,  308,  183,  537,  162,  808,  831,  509,  516,  685,  550,  404,  461,  644,  362,  555,  638,  502,  747,  539,  404,  325,  532,  752,  160,  300,  554,  893,  671,  818,  825,  500,  456,  596,  802,  780,  459,  800,  574,  241,  558,  518,  453,  851,  652,  401,  370,  614,  409,  738,    0,  780,  314,  517,  585,  729,  380,  609,  289,  824,  473,  449],
        [  390,  390,  923,  476,  604,  387,  639,  901,   79,  346,  323,  918,  232,  439,  672,  550,  959,  999,  877,  461,  907,  591,  729,  725,  577,  548,  743,  560,  475,  401,  182,  381,   52,  478,  923,  433,  899,  453,  409,  969,  295,  672,  776,  263,  867,  637,  163,  402,  441,  291,  469,  544,  780,    0,  954,  532,  241,  173,  949,  310,  496,  628,  335,  578],
        [  591,  591,  276,  539,  392,  611,  350,  630,  984,  620,  760,  475,  731,  670,  773,  615,   60,  279,  440,  546,  554,  844,  299,  252,  501,  724,  472,  394,  575,  935,  803,  861,  988,  788,  202,  630,  622,  793,  557,  590,  684,  282,  408,  710,  238,  794,  800,  554,  623,  863,  494,  710,  314,  954,    0,  514,  722,  851,   91,  862,  528,  767,  619,  438],
        [  345,  345,  624,  389,  369,  148,  365,  415,  534,  206,  512,  392,  375,  510,  759,  129,  495,  476,  348,   78,  397,  758,  226,  263,   48,  237,  598,  224,   65,  422,  353,  348,  550,  645,  415,  121,  411,  282,  167,  462,  240,  286,  244,  382,  354,  337,  371,  258,  459,  593,  152,  222,  517,  532,  514,    0,  301,  384,  474,  604,  401,  310,  261,   77],
        [  215,  215,  724,  306,  403,  154,  430,  696,  263,  106,  280,  691,  107,  345,  615,  347,  723,  759,  648,  226,  691,  571,  489,  487,  347,  382,  586,  329,  251,  360,   87,  300,  269,  447,  683,  221,  693,  323,  169,  754,   64,  441,  544,  137,  627,  490,   79,  185,  316,  329,  231,  374,  585,  241,  722,  301,    0,  145,  711,  344,  328,  473,  113,  340],
        [  356,  356,  868,  448,  547,  248,  573,  731,  152,  233,  377,  758,  217,  467,  730,  383,  847,  859,  720,  321,  742,  671,  597,  608,  424,  375,  728,  465,  322,  256,   60,  219,  174,  548,  792,  273,  729,  282,  296,  802,  168,  575,  623,  255,  733,  465,   95,  329,  447,  392,  358,  372,  729,  173,  851,  384,  145,    0,  833,  410,  470,  456,  257,  441],
        [  606,  606,  362,  565,  425,  587,  383,  545,  972,  607,  783,  387,  734,  704,  832,  562,   34,  190,  355,  517,  468,  895,  249,  226,  454,  669,  539,  395,  538,  893,  788,  820,  980,  828,  114,  594,  537,  746,  543,  501,  668,  289,  335,  717,  158,  730,  790,  556,  654,  885,  481,  655,  380,  949,   91,  474,  711,  833,    0,  887,  558,  703,  616,  402],
        [  289,  289,  747,  324,  471,  474,  513, 1018,  388,  405,  105,  984,  241,  206,  371,  681,  886,  992,  936,  528, 1000,  282,  725,  689,  651,  726,  519,  507,  572,  666,  370,  622,  361,  177,  899,  556, 1014,  663,  439, 1064,  403,  601,  827,  224,  855,  834,  326,  363,  242,   20,  474,  717,  609,  310,  862,  604,  344,  410,  887,    0,  335,  817,  343,  612],
        [  114,  114,  433,   22,  136,  341,  178,  794,  552,  286,  235,  720,  269,  147,  360,  519,  554,  682,  670,  346,  756,  374,  433,  379,  439,  607,  259,  213,  405,  675,  410,  606,  542,  281,  583,  424,  789,  596,  264,  819,  339,  279,  565,  234,  548,  718,  383,  168,   97,  337,  250,  593,  289,  496,  528,  401,  328,  470,  558,  335,    0,  694,  226,  370],
        [  614,  614,  923,  678,  678,  363,  675,  327,  590,  432,  745,  429,  577,  778, 1043,  182,  732,  625,  416,  349,  373, 1023,  472,  537,  293,   92,  906,  534,  290,  297,  467,  265,  619,  902,  610,  276,  328,  177,  433,  416,  416,  588,  376,  601,  551,   29,  506,  532,  734,  801,  448,  103,  824,  628,  767,  310,  473,  456,  703,  817,  694,    0,  502,  375],
        [  120,  120,  612,  206,  291,  141,  318,  675,  369,   71,  254,  645,  124,  278,  546,  346,  625,  682,  598,  185,  657,  522,  409,  395,  309,  412,  481,  225,  233,  450,  199,  382,  371,  401,  599,  228,  671,  380,   97,  722,  114,  337,  490,  122,  547,  524,  185,   73,  237,  332,  144,  400,  473,  335,  619,  261,  113,  257,  616,  343,  226,  502,    0,  276],
        [  335,  335,  551,  361,  315,  195,  305,  426,  588,  236,  514,  372,  397,  494,  728,  197,  421,  421,  324,  120,  394,  738,  157,  187,   83,  308,  543,  170,  138,  498,  404,  424,  601,  631,  351,  193,  421,  359,  181,  458,  284,  214,  216,  397,  292,  403,  416,  251,  441,  603,  139,  293,  449,  578,  438,   77,  340,  441,  402,  612,  370,  375,  276,    0]
    ]
}
