{
    "name": "random-90-27858",
    "comment": "size=90 seed=27858",
    "nodes": ["+0", "-0", "+1", "-1", "+2", "-2", "+3", "-3", "+4", "-4", "+5", "-5", "+6", "-6", "+7", "-7", "+8", "-8", "+9", "-9", "+10", "-10", "+11", "-11", "+12", "-12", "+13", "-13", "+14", "-14", "+15", "-15", "+16", "-16", "+17", "-17", "+18", "-18", "+19", "-19", "+20", "-20", "+21", "-21", "+22", "-22", "+23", "-23", "+24", "-24", "+25", "-25", "+26", "-26", "+27", "-27", "+28", "-28", "+29", "-29", "+30", "-30", "+31", "-31", "+32", "-32", "+33", "-33", "+34", "-34", "+35", "-35", "+36", "-36", "+37", "-37", "+38", "-38", "+39", "-39", "+40", "-40", "+41", "-41", "+42", "-42", "+43", "-43", "+44", "-44", "+45", "-45", "+46", "-46", "+47", "-47", "+48", "-48", "+49", "-49", "+50", "-50", "+51", "-51", "+52", "-52", "+53", "-53", "+54", "-54", "+55", "-55", "+56", "-56", "+57", "-57", "+58", "-58", "+59", "-59", "+60", "-60", "+61", "-61", "+62", "-62", "+63", "-63", "+64", "-64", "+65", "-65", "+66", "-66", "+67", "-67", "+68", "-68", "+69", "-69", "+70", "-70", "+71", "-71", "+72", "-72", "+73", "-73", "+74", "-74", "+75", "-75", "+76", "-76", "+77", "-77", "+78", "-78", "+79", "-79", "+80", "-80", "+81", "-81", "+82", "-82", "+83", "-83", "+84", "-84", "+85", "-85", "+86", "-86", "+87", "-87", "+88", "-88", "+89", "-89", "+90", "-90"],
    "precedence": {
        "+0": "-0",
        "+1": "-1",
        "+2": "-2",
        "+3": "-3",
        "+4": "-4",
        "+5": "-5",
        "+6": "-6",
        "+7": "-7",
        "+8": "-8",
        "+9": "-9",
        "+10": "-10",
        "+11": "-11",
        "+12": "-12",
        "+13": "-13",
        "+14": "-14",
        "+15": "-15",
        "+16": "-16",
        "+17": "-17",
        "+18": "-18",
        "+19": "-19",
        "+20": "-20",
        "+21": "-21",
        "+22": "-22",
        "+23": "-23",
        "+24": "-24",
        "+25": "-25",
        "+26": "-26",
        "+27": "-27",
        "+28": "-28",
        "+29": "-29",
        "+30": "-30",
        "+31": "-31",
        "+32": "-32",
        "+33": "-33",
        "+34": "-34",
        "+35": "-35",
        "+36": "-36",
        "+37": "-37",
        "+38": "-38",
        "+39": "-39",
        "+40": "-40",
        "+41": "-41",
        "+42": "-42",
        "+43": "-43",
        "+44": "-44",
        "+45": "-45",
        "+46": "-46",
        "+47": "-47",
        "+48": "-48",
        "+49": "-49",
        "+50": "-50",
        "+51": "-51",
        "+52": "-52",
        "+53": "-53",
        "+54": "-54",
        "+55": "-55",
        "+56": "-56",
        "+57": "-57",
        "+58": "-58",
        "+59": "-59",
        "+60": "-60",
        "+61": "-61",
        "+62": "-62",
        "+63": "-63",
        "+64": "-64",
        "+65": "-65",
        "+66": "-66",
        "+67": "-67",
        "+68": "-68",
        "+69": "-69",
        "+70": "-70",
        "+71": "-71",
        "+72": "-72",
        "+73": "-73",
        "+74": "-74",
        "+75": "-75",
        "+76": "-76",
        "+77": "-77",
        "+78": "-78",
        "+79": "-79",
        "+80": "-80",
        "+81": "-81",
        "+82": "-82",
        "+83": "-83",
        "+84": "-84",
        "+85": "-85",
        "+86": "-86",
        "+87": "-87",
        "+88": "-88",
        "+89": "-89",
        "+90": "-90"
    },
    "edges": [
        [    0,    0,  500,  902,  784,  233,  997,  412,  153,  455,  566,  729,  168,  932,  616, 1073,  789,  582,  271,  866,  629,  314,  726,  403,  725,  966,  194,  823,  319,  278,  457,  825,  477,   62,  557,  141,  458,  493,  332,  961,  358,  724,  859,  362,  510,  650, 1053,  819,  139,  588,  960,  787,  727,  359,  473,  471,  549,  100,  337,  983,  179,  971,  915,  890,  510,  396,  975,  309,  340,  443,  227,  724,  637,  362,  170,  525,  772,  528,  340,  391,  273,  534,  430,  682,  930,  433,  201,  746,  757,  794,  956,  259, 1031,  301,  783,  767,  629,  818,  427,  279,  469,  657,  378,  386,  597,  417,  591,  637,  217,  695,  357,  950,  529, 1006,   85,  874,  858,  989,  887,  751,  394,  511,  794,  369,  330,  930,  885,  972,  692,  947,  565,  301,  614,  735,  920,  226,  794,  139,  183,  472,  707,  463,  680,  869,  952,  774,  273,  147,  732,  561,  604,   71,  724,  155,  127,  743,  428,   84,  951,  484,  514,  758,  373,  336,  359,  497,  988,  611,  230,  622,  491,  299,  513,  898,  874,  470,  336,  348,  995,  941,  335,  722],
        [    0,    0,    0,    0,    0,    0,    0,    0,    0,    0,    0,    0,    0,    0,    0,    0,    0,    0,    0,    0,    0,    0,    0,    0,    0,    0,    0,    0,    0,    0,    0,    0,    0,    0,    0,    0,    0,    0,    0,    0,    0,    0,    0,    0,    0,    0,    0,    0,    0,    0,    0,    0,    0,    0,    0,    0,    0,    0,    0,    0,    0,    0,    0,    0,    0,    0,    0,    0,    0,    0,    0,    0,    0,    0,    0,    0,    0,    0,    0,    0,    0,    0,    0,    0,    0,    0,    0,    0,    0,    0,    0,    0,    0,    0,    0,    0,    0,    0,    0,    0,    0,    0,    0,    0,    0,    0,    0,    0,    0,    0,    0,    0,    0,    0,    0,    0,    0,    0,    0,    0,    0,    0,    0,    0,    0,    0,    0,    0,    0,    0,    0,    0,    0,    0,    0,    0,    0,    0,    0,    0,    0,    0,    0,    0,    0,    0,    0,    0,    0,    0,    0,    0,    0,    0,    0,    0,    0,    0,    0,    0,    0,    0,    0,    0,    0,    0,    0,    0,    0,    0,    0,    0,    0,    0,    0,    0,    0,    0,    0,    0,    0,    0],
        [  500,    0,    0,  860,  418,  276,  657,  370,  634,  703,  527,  230,  435,  478,  284,  650,  851,  629,  563,  706,  811,  377,  817,  828,  741,  759,  441,  348,  216,  292,  419,  388,  396,  465,  380,  515,  551,  469,  570,  897,  611,  384,  590,  271,  652,  554,  637,  875,  426,  816,  705,  474,  809,  344,  118,  572,  200,  446,  164,  624,  395,  533,  465,  517,  307,  314,  640,  700,  394,   75,  667,  713,  142,  350,  330,   45,  545,  114,  164,  434,  231,   35,  740,  304,  729,   70,  337,  386,  756,  326,  738,  591,  608,  252,  338,  411,  413,  904,  238,  234,  375,  179,  229,  790,  267,   99,  112,  146,  543,  416,  288,  538,  286,  686,  486,  446,  552,  927,  605,  732,  112,  757,  312,  776,  325,  554,  784,  964,  570,  963,   88,  651,  184,  773,  743,  510,  790,  390,  586,  811,  396,  438,  763,  634,  860,  797,  427,  361,  349,  813,  106,  536,  792,  368,  392,  362,  120,  573,  646,  231,  263,  267,  248,  164,  728,  379,  960,  115,  551,  160,  183,  523,  181,  734,  829,  565,  538,  291,  644,  851,  461,  870],
        [  902,    0,  860,    0,  597,  895,  556,  544,  886,  530,  359,  924,  738,  805,  607,  773,  187,  321,  653,  225,  398,  617,  248,  810,  181,  300,  711,  833,  750,  710,  485,  735,  489,  843,  481,  770,  444,  435,  588,   64,  580,  569,  417, 1033,  415,  308,  744,  173,  772,  472,  388,  507,  236,  598,  744,  432,  670,  957,  853,  594,  989,  773,  785,  607, 1140,  593,  541,  738,  586,  805,  815,  178,  865,  592,  864,  902,  376,  755,  872,  527,  876,  864,  611,  640,  287,  869,  949,  594,  147,  805,  319,  685,  754,  726,  748,  583,  456,  225,  642,  787,  509,  993, 1006,  764, 1126,  896,  948,  846,  703,  492,  641,  701,  575,  519,  818,  722,  483,   89,  437,  152,  814,  511,  849,  767, 1055,  619,  115,  110,  292,  131,  935,  687, 1036,  186,  243,  682,  113,  795,  771,  652,  531,  471,  261,  356,   95,  147,  636,  821,  635,  510,  906,  857,  221,  795,  811,  629,  760,  892,  478, 1067, 1105,  873,  665,  846,  703,  494,  100,  860,  693,  998, 1029,  608,  681,  222,   32,  433,  572,  645,  578,   90,  570,  332],
        [  784,    0,  418,  597,    0,  624,  240,  413,  870,  732,  413,  362,  644,  225,  169,  299,  675,  528,  692,  384,  748,  502,  676,  967,  561,  388,  631,  238,  475,  506,  407,  139,  370,  728,  275,  724,  537,  419,  657,  608,  685,   63,  207,  681,  619,  365,  274,  688,  658,  790,  311,   91,  663,  447,  348,  551,  249,  774,  521,  211,  753,  223,  204,  108,  721,  401,  223,  842,  491,  411,  857,  521,  341,  447,  645,  442,  221,  313,  533,  478,  582,  400,  804,  116,  368,  469,  694,   38,  557,  214,  363,  732,  258,  485,  156,   20,  218,  736,  357,  523,  363,  469,  640,  918,  655,  504,  453,  322,  705,  136,  430,  176,  259,  270,  729,  139,  149,  634,  209,  525,  452,  764,  261,  910,  729,  148,  490,  706,  344,  723,  453,  778,  539,  601,  398,  666,  577,  646,  776,  877,   98,  418,  633,  268,  557,  604,  565,  641,   70,  808,  401,  786,  639,  629,  657,   57,  393,  830,  235,  646,  675,  296,  411,  516,  844,  337,  687,  350,  706,  492,  597,  630,  285,  402,  569,  544,  619,  439,  229,  550,  546,  761],
        [  233,    0,  276,  895,  624,    0,  856,  352,  380,  567,  536,  505,  235,  737,  458,  895,  826,  598,  388,  801,  718,  285,  774,  608,  736,  885,  256,  616,  161,  185,  410,  636,  411,  214,  458,  292,  484,  460,  425,  945,  463,  572,  745,  165,  569,  601,  878,  855,  209,  698,  856,  651,  771,  297,  281,  503,  376,  170,  115,  833,  130,  784,  722,  732,  311,  307,  836,  491,  315,  233,  434,  722,  417,  303,   71,  296,  672,  330,  113,  375,   46,  311,  574,  511,  850,  207,   71,  587,  762,  590,  869,  400,  852,  173,  590,  611,  522,  868,  290,  114,  394,  425,  162,  579,  377,  187,  360,  420,  348,  567,  259,  775,  396,  875,  245,  691,  728,  975,  769,  747,  184,  626,  583,  563,  166,  771,  849,  984,  634,  969,  334,  458,  382,  758,  850,  328,  800,  165,  363,  634,  567,  424,  721,  771,  923,  792,  294,  124,  563,  683,  377,  283,  761,  147,  158,  575,  235,  313,  824,  266,  302,  542,  246,  117,  532,  416,  990,  390,  360,  390,  265,  376,  340,  833,  864,  498,  406,  253,  849,  913,  356,  798],
        [  997,    0,  657,  556,  240,  856,    0,  598, 1065,  858,  528,  572,  845,  316,  399,  221,  691,  620,  863,  336,  826,  696,  716, 1122,  595,  267,  827,  415,  702,  721,  573,  314,  541,  939,  448,  919,  673,  565,  816,  542,  837,  285,  172,  920,  731,  449,  193,  695,  864,  884,  172,  210,  702,  644,  586,  680,  484,  998,  757,   51,  984,  259,  305,  146,  959,  602,   24, 1006,  678,  650, 1038,  554,  571,  642,  870,  680,  265,  552,  770,  649,  816,  638,  940,  356,  271,  708,  926,  275,  578,  405,  243,  904,  210,  706,  357,  250,  375,  749,  576,  750,  542,  693,  880, 1072,  887,  744,  686,  553,  887,  303,  640,  190,  470,   48,  934,  265,  142,  559,  141,  547,  689,  877,  451, 1066,  968,  120,  442,  653,  409,  684,  688,  941,  769,  632,  314,  850,  582,  859,  962, 1008,  292,  578,  688,  213,  484,  621,  754,  860,  309,  910,  633,  990,  677,  845,  871,  296,  629, 1033,   80,  884,  912,  499,  629,  752,  997,  513,  624,  584,  885,  721,  835,  800,  519,  334,  537,  674,  780,  649,   27,  482,  720,  811],
        [  412,    0,  370,  544,  413,  352,  598,    0,  468,  356,  185,  531,  251,  610,  267,  711,  494,  266,  279,  461,  442,  100,  452,  557,  393,  557,  231,  541,  209,  169,   59,  499,   66,  352,  150,  321,  183,  111,  251,  594,  284,  351,  450,  492,  284,  252,  686,  520,  275,  454,  549,  393,  446,   58,  259,  204,  250,  439,  315,  592,  455,  628,  589,  512,  609,   57,  575,  430,   80,  300,  445,  375,  442,   53,  329,  414,  361,  299,  334,   75,  333,  389,  413,  341,  520,  353,  410,  379,  416,  507,  545,  319,  671,  183,  472,  394,  223,  543,  135,  244,   57,  540,  468,  510,  618,  374,  478,  429,  293,  299,   99,  589,  166,  602,  341,  533,  457,  624,  479,  398,  290,  403,  529,  500,  512,  550,  499,  636,  288,  625,  457,  367,  554,  420,  513,  255,  453,  281,  366,  487,  322,   75,  398,  458,  573,  450,  156,  295,  382,  457,  453,  395,  431,  273,  296,  389,  252,  438,  545,  540,  580,  518,  131,  309,  436,   87,  641,  424,  293,  528,  509,  218,  231,  493,  513,  196,  212,  103,  600,  562,  135,  500],
        [  153,    0,  634,  886,  870,  380, 1065,  468,    0,  385,  585,  862,  227, 1039,  708, 1166,  749,  570,  234,  889,  561,  371,  681,  259,  706,  998,  240,  940,  435,  376,  498,  929,  527,  170,  618,  147,  452,  521,  300,  949,  309,  808,  914,  514,  475,  674, 1143,  778,  219,  507, 1006,  860,  685,  425,  590,  460,  652,  248,  475, 1058,  329, 1071, 1021,  973,  662,  470, 1043,  193,  388,  572,   97,  714,  767,  425,  312,  663,  822,  646,  481,  423,  417,  668,  335,  778,  962,  571,  353,  833,  740,  909,  991,  202, 1124,  409,  891,  852,  691,  767,  520,  404,  524,  799,  530,  252,  749,  559,  732,  765,  191,  765,  442, 1042,  611, 1068,  151,  974,  924,  975,  945,  740,  525,  433,  914,  235,  481, 1012,  889,  943,  719,  911,  705,  214,  761,  708,  944,  222,  775,  247,  117,  358,  785,  498,  642,  914,  950,  748,  312,  274,  827,  474,  740,   99,  688,  269,  243,  836,  549,   70, 1011,  636,  666,  883,  468,  473,  246,  553,  963,  741,  197,  766,  642,  288,  618,  919,  862,  461,  320,  433, 1067,  939,  355,  658],
        [  455,    0,  703,  530,  732,  567,  858,  356,  385,    0,  332,  884,  336,  947,  612, 1018,  372,  249,  188,  595,  177,  326,  302,  285,  355,  711,  312,  892,  498,  423,  334,  839,  372,  412,  460,  316,  195,  314,  143,  594,  105,  671,  689,  731,  132,  411,  991,  400,  368,  135,  749,  683,  308,  363,  604,  182,  605,  541,  596,  869,  603,  954,  925,  813,  875,  402,  836,  212,  311,  629,  299,  375,  793,  358,  507,  745,  594,  650,  612,  282,  576,  727,   86,  683,  678,  667,  590,  703,  389,  858,  713,  198,  982,  461,  819,  712,  515,  383,  484,  505,  386,  880,  724,  237,  918,  676,  814,  781,  240,  599,  417,  903,  515,  846,  376,  865,  723,  617,  720,  399,  603,   59,  883,  238,  725,  847,  561,  569,  454,  534,  790,  172,  879,  345,  649,  245,  419,  410,  282,  150,  635,  320,  272,  665,  607,  384,  285,  450,  717,  116,  797,  391,  316,  423,  422,  722,  584,  413,  788,  820,  859,  873,  458,  591,  174,  405,  595,  773,  227,  862,  803,  193,  585,  621,  511,  189,  168,  413,  869,  597,  242,  273],
        [  566,    0,  527,  359,  413,  536,  528,  185,  585,  332,    0,  643,  399,  636,  329,  690,  324,  120,  358,  304,  338,  263,  297,  597,  215,  414,  373,  606,  392,  352,  127,  535,  135,  505,  168,  449,  147,   77,  301,  410,  315,  357,  359,  676,  209,   90,  662,  348,  430,  378,  432,  355,  287,  240,  409,  153,  360,  609,  497,  538,  634,  634,  614,  486,  789,  236,  505,  487,  233,  464,  536,  192,  566,  234,  508,  571,  264,  434,  516,  177,  518,  538,  412,  390,  378,  524,  592,  389,  234,  572,  409,  397,  655,  368,  524,  394,  197,  380,  295,  429,  156,  682,  650,  547,  787,  548,  627,  549,  395,  277,  283,  578,  256,  518,  486,  551,  392,  440,  391,  214,  464,  356,  607,  543,  697,  518,  322,  452,  136,  443,  609,  424,  710,  246,  360,  364,  270,  447,  471,  481,  317,  113,  245,  342,  392,  271,  293,  469,  413,  396,  592,  533,  268,  444,  462,  414,  416,  573,  459,  718,  757,  612,  309,  491,  473,  149,  456,  554,  390,  678,  683,  299,  358,  336,  328,  147,  270,  287,  538,  381,  235,  366],
        [  729,    0,  230,  924,  362,  505,  572,  531,  862,  884,  643,    0,  654,  307,  322,  493,  958,  759,  768,  730,  964,  569,  939, 1042,  842,  749,  656,  170,  432,  503,  565,  260,  532,  693,  476,  736,  710,  605,  764,  947,  802,  364,  567,  469,  810,  639,  489,  978,  649,  984,  672,  447,  929,  525,  288,  730,  288,  675,  394,  527,  620,  374,  303,  428,  439,  483,  561,  913,  578,  291,  889,  807,   96,  529,  560,  212,  560,  236,  393,  604,  461,  196,  933,  286,  726,  299,  564,  347,  849,  170,  723,  800,  456,  464,  216,  366,  474, 1017,  402,  458,  513,  135,  428, 1001,  339,  322,  165,  104,  756,  434,  475,  406,  390,  612,  712,  314,  510,  975,  570,  820,  337,  933,  129,  988,  527,  454,  828, 1033,  638, 1042,  184,  858,  219,  879,  752,  720,  878,  616,  805, 1007,  397,  583,  887,  625,  900,  895,  627,  589,  302,  987,  130,  764,  907,  594,  619,  312,  320,  802,  589,  379,  392,   75,  435,  394,  935,  505, 1020,  121,  762,  173,  332,  720,  301,  753,  893,  722,  728,  480,  552,  892,  648, 1007],
        [  168,    0,  435,  738,  644,  235,  845,  251,  227,  336,  399,  654,    0,  814,  481,  940,  636,  421,  154,  699,  497,  151,  576,  394,  564,  801,   29,  718,  222,  154,  291,  703,  314,  107,  399,   85,  297,  326,  196,  796,  232,  582,  700,  399,  361,  483,  917,  666,   35,  470,  798,  637,  575,  202,  372,  312,  426,  223,  291,  835,  272,  845,  795,  748,  546,  244,  822,  268,  175,  366,  236,  561,  558,  203,  171,  470,  611,  428,  304,  224,  253,  467,  339,  551,  764,  380,  254,  607,  595,  686,  791,  167,  898,  191,  666,  626,  472,  670,  293,  204,  308,  610,  396,  358,  604,  378,  541,  553,  115,  543,  215,  816,  385,  851,   91,  747,  704,  825,  729,  587,  324,  395,  695,  343,  390,  787,  718,  813,  525,  790,  515,  226,  587,  577,  753,   93,  633,   74,  152,  400,  560,  296,  527,  707,  786,  615,  106,  114,  600,  451,  540,  146,  570,   89,   87,  609,  335,  189,  794,  498,  535,  667,  242,  288,  303,  337,  827,  533,  126,  582,  489,  151,  393,  731,  710,  309,  186,  206,  845,  775,  169,  584],
        [  932,    0,  478,  805,  225,  737,  316,  610, 1039,  947,  636,  307,  814,    0,  343,  187,  897,  752,  886,  584,  972,  687,  900, 1166,  784,  557,  806,  139,  614,  664,  615,  112,  577,  884,  487,  897,  753,  634,  859,  808,  891,  279,  391,  746,  839,  590,  186,  909,  821, 1012,  463,  305,  887,  632,  462,  768,  388,  902,  624,  266,  864,   70,   22,  202,  741,  584,  315, 1037,  682,  505, 1041,  743,  349,  634,  775,  482,  436,  409,  630,  680,  692,  448, 1015,  270,  547,  545,  805,  247,  779,  153,  530,  925,  152,  634,  150,  244,  439,  958,  521,  655,  566,  441,  704, 1119,  645,  576,  458,  337,  891,  360,  602,  127,  445,  363,  892,   87,  325,  831,  378,  747,  554,  982,  181, 1109,  802,  204,  694,  912,  567,  934,  471,  975,  525,  824,  584,  853,  796,  800,  957, 1089,  319,  628,  858,  455,  753,  826,  751,  786,  230, 1028,  411,  948,  863,  781,  808,  225,  508,  991,  364,  675,  693,  236,  573,  621, 1045,  544,  889,  372,  894,  478,  625,  826,  423,  595,  780,  760,  821,  610,  291,  748,  744,  986],
        [  616,    0,  284,  607,  169,  458,  399,  267,  708,  612,  329,  322,  481,  343,    0,  460,  637,  448,  544,  430,  662,  346,  621,  823,  521,  476,  470,  282,  307,  339,  278,  232,  241,  562,  163,  562,  422,  306,  517,  635,  550,  115,  308,  529,  516,  318,  438,  657,  493,  691,  423,  198,  610,  291,  191,  439,   89,  605,  360,  376,  587,  366,  322,  277,  589,  243,  379,  695,  339,  258,  701,  486,  259,  292,  476,  318,  264,  170,  374,  339,  418,  276,  676,   74,  447,  321,  529,  131,  528,  248,  454,  582,  418,  317,  207,  154,  153,  697,  190,  355,  227,  388,  490,  776,  544,  356,  350,  240,  551,  133,  266,  336,  102,  420,  564,  269,  276,  664,  325,  499,  293,  653,  279,  766,  573,  317,  518,  715,  318,  722,  342,  633,  440,  559,  463,  512,  556,  479,  619,  751,  115,  294,  571,  351,  593,  573,  410,  473,  120,  702,  304,  621,  588,  462,  489,  129,  232,  664,  373,  513,  546,  284,  244,  355,  703,  208,  705,  256,  553,  398,  466,  484,  122,  457,  576,  431,  479,  275,  391,  584,  401,  694],
        [ 1073,    0,  650,  773,  299,  895,  221,  711, 1166, 1018,  690,  493,  940,  187,  460,    0,  898,  797,  989,  551, 1012,  800,  916, 1263,  795,  488,  927,  324,  758,  798,  702,  263,  666, 1020,  570, 1020,  825,  709,  952,  762,  979,  361,  367,  920,  899,  625,   30,  904,  952, 1063,  392,  336,  902,  745,  615,  837,  527, 1054,  784,  180, 1024,  121,  192,  206,  924,  699,  234, 1139,  789,  667, 1155,  753,  529,  745,  925,  659,  445,  567,  793,  775,  851,  622, 1094,  392,  491,  713,  965,  334,  781,  333,  463, 1029,   43,  773,  312,  317,  506,  957,  649,  803,  660,  627,  878, 1214,  831,  747,  641,  515, 1003,  422,  725,  125,  556,  265, 1023,  206,  310,  779,  341,  750,  714, 1045,  366, 1206,  974,  174,  659,  873,  591,  903,  652, 1074,  710,  834,  534,  964,  790,  937, 1074, 1166,  391,  712,  882,  421,  704,  826,  863,  928,  342, 1084,  592, 1080,  877,  919,  947,  331,  662, 1124,  296,  856,  876,  421,  703,  781, 1139,  634,  844,  550, 1004,  663,  807,  927,  563,  552,  753,  830,  914,  734,  197,  702,  843, 1008],
        [  789,    0,  851,  187,  675,  826,  691,  494,  749,  372,  324,  958,  636,  897,  637,  898,    0,  230,  525,  359,  219,  542,   71,  640,  117,  460,  608,  897,  700,  646,  438,  811,  456,  735,  485,  651,  345,  386,  460,  246,  442,  632,  532,  979,  280,  321,  868,   30,  671,  293,  535,  593,   65,  540,  733,  327,  680,  858,  808,  722,  903,  877,  876,  712, 1103,  550,  673,  584,  512,  786,  668,  155,  886,  533,  784,  895,  463,  757,  827,  453,  817,  862,  447,  687,  438,  844,  871,  662,  119,  866,  474,  550,  872,  670,  813,  658,  488,   62,  616,  730,  477, 1005,  958,  597, 1109,  866,  951,  868,  577,  549,  591,  809,  577,  661,  705,  811,  591,  262,  558,  151,  783,  342,  906,  602,  992,  732,  270,  199,  333,  163,  933,  539, 1034,   80,  396,  564,  110,  702,  638,  478,  592,  420,  110,  480,  280,   73,  543,  734,  696,  332,  915,  736,   67,  707,  717,  694,  738,  765,  612, 1034, 1073,  919,  624,  801,  543,  473,  227,  875,  566, 1002, 1002,  492,  681,  370,  182,  331,  454,  594,  711,  273,  476,  146],
        [  582,    0,  629,  321,  528,  598,  620,  266,  570,  249,  120,  759,  421,  752,  448,  797,  230,    0,  336,  346,  220,  313,  188,  531,  144,  462,  393,  725,  471,  416,  211,  653,  235,  524,  286,  450,  125,  161,  271,  381,  269,  474,  449,  749,  118,  173,  768,  258,  455,  267,  502,  464,  181,  310,  513,  112,  473,  642,  578,  636,  680,  747,  730,  594,  873,  322,  598,  438,  283,  562,  504,  145,  679,  304,  559,  674,  357,  543,  597,  224,  588,  644,  335,  509,  429,  618,  645,  506,  175,  691,  464,  370,  763,  440,  643,  509,  315,  278,  393,  500,  256,  791,  729,  482,  883,  639,  733,  663,  383,  392,  362,  689,  370,  604,  498,  666,  491,  409,  480,  171,  555,  259,  726,  481,  763,  623,  324,  393,  212,  373,  714,  380,  813,  161,  401,  362,  213,  481,  454,  396,  434,  193,  134,  419,  381,  196,  321,  511,  531,  290,  702,  537,  166,  484,  497,  532,  514,  572,  546,  805,  845,  730,  396,  572,  412,  257,  407,  666,  374,  784,  774,  288,  468,  373,  294,  113,  252,  364,  633,  370,  254,  248],
        [  271,    0,  563,  653,  692,  388,  863,  279,  234,  188,  358,  768,  154,  886,  544,  989,  525,  336,    0,  659,  359,  204,  459,  281,  473,  771,  133,  807,  349,  272,  291,  775,  326,  225,  422,  131,  220,  301,   66,  715,   87,  629,  703,  552,  246,  447,  964,  554,  183,  322,  786,  665,  461,  256,  481,  226,  510,  354,  434,  862,  416,  907,  865,  788,  698,  303,  840,  152,  205,  490,  179,  480,  673,  254,  324,  602,  608,  534,  449,  216,  404,  592,  187,  617,  735,  517,  404,  657,  507,  774,  766,   42,  949,  312,  745,  672,  491,  549,  376,  343,  329,  741,  549,  236,  753,  519,  673,  665,   54,  572,  297,  867,  442,  860,  189,  811,  721,  742,  734,  506,  455,  246,  791,  225,  542,  825,  656,  714,  493,  685,  647,   91,  728,  477,  715,   61,  543,  226,  119,  251,  599,  286,  416,  696,  716,  517,  142,  267,  660,  300,  665,  212,  461,  242,  237,  668,  452,  242,  802,  649,  686,  771,  335,  430,  168,  357,  733,  650,   43,  717,  637,   64,  483,  690,  628,  227,   88,  290,  867,  705,  146,  451],
        [  866,    0,  706,  225,  384,  801,  336,  461,  889,  595,  304,  730,  699,  584,  430,  551,  359,  346,  659,    0,  520,  554,  392,  877,  274,  117,  674,  622,  644,  626,  410,  521,  397,  805,  346,  753,  442,  374,  599,  226,  607,  367,  194,  918,  463,  217,  521,  360,  728,  586,  177,  293,  378,  518,  596,  440,  507,  900,  735,  371,  914,  549,  564,  384, 1004,  496,  320,  779,  527,  663,  836,  238,  684,  514,  788,  744,  171,  594,  753,  476,  774,  703,  680,  446,   85,  729,  865,  388,  251,  596,  122,  698,  530,  630,  539,  373,  295,  415,  519,  688,  410,  815,  885,  827,  971,  760,  780,  664,  699,  300,  545,  477,  428,  303,  787,  503,  260,  251,  213,  224,  683,  598,  643,  826,  950,  395,  111,  329,  175,  355,  770,  718,  869,  308,   56,  668,  249,  739,  774,  739,  334,  404,  373,  132,  173,  290,  594,  756,  431,  618,  733,  836,  354,  733,  755,  423,  623,  876,  258,  928,  964,  672,  556,  729,  757,  386,  306,  684,  693,  827,  885,  602,  527,   33,  203,  437,  571,  552,  357,  167,  538,  488],
        [  629,    0,  811,  398,  748,  718,  826,  442,  561,  177,  338,  964,  497,  972,  662, 1012,  219,  220,  359,  520,    0,  449,  151,  424,  248,  633,  471,  941,  623,  554,  401,  872,  433,  582,  500,  489,  260,  360,  302,  460,  272,  694,  656,  880,  159,  388,  983,  243,  531,   75,  691,  682,  162,  469,  701,  239,  677,  711,  728,  846,  768,  967,  950,  811, 1018,  497,  805,  381,  425,  739,  473,  283,  879,  463,  663,  855,  569,  739,  746,  377,  720,  830,  237,  726,  604,  787,  749,  726,  277,  908,  641,  373,  980,  588,  861,  729,  534,  215,  577,  640,  452,  982,  868,  383, 1048,  801,  920,  865,  412,  612,  526,  907,  577,  804,  547,  886,  704,  478,  686,  299,  722,  132,  940,  389,  881,  839,  457,  414,  422,  374,  898,  348,  993,  222,  568,  411,  296,  569,  459,  261,  653,  382,  148,  617,  486,  255,  425,  607,  750,  114,  894,  567,  179,  580,  583,  751,  691,  589,  749,  957,  997,  941,  565,  722,  335,  461,  444,  863,  400,  970,  934,  347,  666,  540,  386,  247,  313,  525,  841,  477,  367,   97],
        [  314,    0,  377,  617,  502,  285,  696,  100,  371,  326,  263,  569,  151,  687,  346,  800,  542,  313,  204,  554,  449,    0,  491,  484,  453,  653,  132,  605,  175,  107,  145,  576,  164,  253,  249,  224,  201,  186,  196,  671,  235,  440,  549,  440,  293,  340,  776,  570,  176,  445,  648,  489,  487,   56,  283,  221,  307,  347,  280,  688,  373,  711,  667,  604,  571,  103,  673,  354,   31,  303,  356,  442,  475,   56,  248,  419,  460,  334,  298,   91,  278,  402,  366,  419,  617,  343,  334,  467,  480,  571,  643,  240,  759,  139,  544,  484,  322,  585,  173,  193,  157,  555,  423,  439,  600,  354,  488,  465,  205,  395,   95,  677,  246,  701,  242,  615,  555,  700,  579,  466,  278,  381,  588,  428,  450,  643,  584,  702,  380,  685,  464,  294,  553,  473,  608,  166,  518,  186,  274,  439,  415,  153,  438,  557,  655,  508,   65,  206,  464,  438,  473,  296,  476,  181,  201,  473,  260,  339,  644,  509,  548,  569,  135,  274,  369,  186,  710,  453,  208,  536,  485,  151,  280,  587,  587,  216,  162,   90,  696,  644,   85,  522],
        [  726,    0,  817,  248,  676,  774,  716,  452,  681,  302,  297,  939,  576,  900,  621,  916,   71,  188,  459,  392,  151,  491,    0,  571,  122,  500,  548,  890,  655,  596,  399,  809,  422,  673,  463,  587,  291,  348,  395,  310,  375,  629,  551,  930,  216,  313,  886,   98,  611,  226,  568,  599,   14,  494,  700,  272,  656,  798,  763,  743,  845,  885,  879,  723, 1057,  509,  697,  514,  462,  750,  599,  163,  862,  488,  729,  861,  474,  729,  781,  405,  768,  831,  377,  676,  475,  805,  816,  660,  142,  857,  512,  483,  887,  623,  806,  658,  477,   95,  580,  681,  443,  976,  911,  527, 1070,  825,  920,  845,  512,  545,  548,  820,  552,  689,  641,  813,  606,  328,  579,  170,  742,  272,  895,  532,  940,  746,  316,  269,  333,  232,  901,  470, 1001,   85,  435,  501,  151,  643,  571,  410,  588,  380,   55,  504,  338,  108,  486,  677,  691,  265,  887,  670,   40,  650,  658,  690,  701,  699,  638,  991, 1030,  904,  582,  756,  473,  442,  296,  850,  501,  971,  961,  429,  653,  408,  238,  276,  392,  549,  734,  329,  420,   96],
        [  403,    0,  828,  810,  967,  608, 1122,  557,  259,  285,  597, 1042,  394, 1166,  823, 1263,  640,  531,  281,  877,  424,  484,  571,    0,  638,  993,  387, 1088,  614,  540,  561, 1055,  597,  397,  693,  318,  451,  559,  311,  873,  286,  904,  956,  758,  415,  683, 1236,  666,  407,  353, 1026,  932,  579,  536,  756,  446,  791,  502,  682, 1127,  582, 1184, 1145, 1059,  907,  584, 1099,  131,  485,  757,  177,  660,  946,  534,  538,  864,  860,  810,  693,  489,  636,  859,  200,  897,  959,  774,  596,  934,  672, 1055,  994,  245, 1223,  579, 1025,  947,  759,  638,  656,  597,  604, 1003,  767,   51,  984,  769,  934,  939,  287,  842,  576, 1142,  722, 1114,  364, 1090,  983,  894,  987,  683,  717,  300, 1070,   58,  731, 1095,  846,  837,  728,  798,  908,  191,  978,  625,  932,  323,  700,  449,  247,  165,  872,  552,  549,  938,  890,  663,  421,  487,  939,  313,  932,  335,  591,  471,  453,  946,  723,  324, 1055,  873,  906, 1049,  613,  679,  125,  630,  866,  922,  281,  975,  871,  340,  763,  904,  792,  451,  349,  569, 1129,  880,  423,  515],
        [  725,    0,  741,  181,  561,  736,  595,  393,  706,  355,  215,  842,  564,  784,  521,  795,  117,  144,  473,  274,  248,  453,  122,  638,    0,  386,  536,  781,  601,  553,  335,  696,  349,  668,  370,  592,  268,  283,  408,  244,  400,  517,  429,  884,  235,  204,  765,  137,  598,  318,  448,  481,  108,  443,  623,  255,  566,  785,  708,  621,  822,  766,  762,  603, 1001,  447,  575,  560,  423,  678,  635,   42,  771,  437,  700,  784,  354,  644,  727,  362,  723,  750,  438,  571,  358,  738,  786,  547,   35,  749,  395,  505,  767,  574,  696,  544,  372,  177,  509,  634,  370,  891,  860,  590, 1002,  762,  839,  753,  523,  433,  491,  700,  463,  568,  641,  697,  485,  269,  458,   51,  678,  343,  789,  592,  900,  626,  212,  250,  218,  233,  821,  507,  923,   41,  321,  504,   70,  625,  591,  486,  476,  318,  100,  382,  253,   57,  464,  654,  580,  353,  802,  678,   83,  627,  640,  578,  630,  712,  516,  931,  970,  802,  521,  701,  527,  362,  263,  761,  514,  890,  897,  430,  568,  293,  158,  256,  393,  495,  612,  243,  398,  217],
        [  966,    0,  759,  300,  388,  885,  267,  557,  998,  711,  414,  749,  801,  557,  476,  488,  460,  462,  771,  117,  633,  653,  500,  993,  386,    0,  777,  620,  725,  716,  510,  515,  492,  905,  427,  859,  555,  479,  712,  277,  721,  390,  182,  989,  579,  324,  460,  457,  828,  700,   97,  303,  486,  613,  658,  554,  561,  994,  809,  312, 1002,  511,  540,  356, 1064,  585,  257,  894,  627,  725,  948,  351,  716,  609,  877,  793,  217,  645,  826,  580,  853,  751,  796,  475,   37,  791,  951,  403,  360,  599,   27,  810,  475,  715,  542,  383,  364,  512,  596,  771,  503,  848,  954,  943, 1018,  824,  821,  697,  808,  344,  633,  438,  497,  226,  890,  484,  243,  293,  183,  335,  751,  714,  647,  942, 1026,  355,  192,  389,  279,  424,  815,  832,  910,  417,   66,  776,  352,  837,  884,  855,  367,  506,  486,  127,  219,  395,  697,  850,  448,  733,  771,  941,  463,  829,  852,  438,  690,  982,  197,  987, 1021,  684,  639,  803,  872,  476,  358,  720,  803,  865,  941,  712,  586,   94,  287,  550,  683,  640,  292,  218,  644,  595],
        [  194,    0,  441,  711,  631,  256,  827,  231,  240,  312,  373,  656,   29,  806,  470,  927,  608,  393,  133,  674,  471,  132,  548,  387,  536,  777,    0,  714,  227,  153,  268,  695,  293,  134,  380,   94,  268,  301,  171,  769,  207,  569,  680,  420,  334,  458,  904,  637,   63,  445,  776,  620,  547,  185,  372,  284,  420,  251,  304,  819,  299,  835,  786,  734,  566,  230,  805,  259,  153,  370,  237,  533,  560,  186,  195,  478,  590,  427,  317,  199,  271,  472,  320,  541,  741,  390,  279,  594,  567,  682,  768,  153,  886,  192,  660,  613,  453,  642,  285,  214,  288,  618,  416,  349,  620,  390,  549,  554,  102,  526,  205,  804,  372,  832,  114,  738,  686,  797,  710,  559,  331,  371,  692,  335,  414,  773,  692,  785,  500,  762,  523,  213,  599,  549,  728,   73,  605,   99,  153,  383,  545,  272,  499,  685,  759,  587,   81,  138,  589,  427,  545,  165,  542,  112,  113,  598,  336,  208,  775,  516,  554,  667,  235,  300,  290,  317,  799,  536,  112,  592,  505,  124,  388,  706,  682,  281,  159,  196,  828,  748,  142,  557],
        [  823,    0,  348,  833,  238,  616,  415,  541,  940,  892,  606,  170,  718,  139,  282,  324,  897,  725,  807,  622,  941,  605,  890, 1088,  781,  620,  714,    0,  506,  565,  558,  106,  521,  778,  442,  802,  703,  588,  789,  846,  824,  267,  441,  612,  797,  579,  320,  913,  721,  973,  535,  329,  878,  552,  351,  721,  298,  784,  501,  367,  740,  204,  133,  275,  603,  505,  407,  958,  605,  384,  951,  743,  213,  555,  660,  348,  457,  295,  506,  615,  570,  316,  953,  216,  603,  417,  681,  239,  782,   35,  593,  844,  286,  531,   86,  250,  414,  958,  433,  544,  507,  303,  570, 1043,  507,  447,  321,  204,  806,  350,  513,  239,  378,  457,  790,  151,  378,  872,  437,  751,  434,  934,   43, 1032,  669,  295,  728,  942,  566,  958,  334,  898,  387,  820,  635,  768,  805,  695,  866, 1027,  307,  574,  843,  503,  795,  829,  668,  677,  202,  983,  274,  845,  855,  675,  702,  205,  395,  886,  443,  537,  555,   98,  479,  500,  972,  489,  924,  238,  810,  340,  488,  751,  327,  640,  804,  712,  751,  521,  392,  788,  671,  969],
        [  319,    0,  216,  750,  475,  161,  702,  209,  435,  498,  392,  432,  222,  614,  307,  758,  700,  471,  349,  644,  623,  175,  655,  614,  601,  725,  227,  506,    0,   78,  267,  507,  261,  272,  299,  305,  370,  319,  360,  797,  401,  420,  586,  284,  466,  449,  739,  727,  219,  619,  697,  494,  650,  161,  156,  391,  232,  299,  108,  682,  284,  653,  596,  583,  403,  157,  681,  485,  199,  144,  457,  583,  336,  168,  170,  254,  512,  212,  127,  252,  131,  246,  528,  367,  690,  170,  229,  438,  624,  476,  709,  376,  715,   38,  465,  461,  362,  747,  131,   49,  242,  393,  259,  575,  425,  180,  325,  332,  328,  408,  110,  636,  237,  718,  285,  557,  571,  828,  610,  605,  108,  554,  480,  561,  309,  623,  697,  844,  479,  833,  299,  435,  382,  627,  692,  294,  661,  190,  374,  598,  411,  284,  601,  611,  772,  658,  215,  173,  419,  611,  319,  340,  636,  169,  196,  431,  114,  380,  667,  337,  377,  448,   88,  102,  513,  261,  847,  311,  336,  370,  311,  311,  196,  676,  718,  384,  330,  107,  696,  761,  260,  693],
        [  278,    0,  292,  710,  506,  185,  721,  169,  376,  423,  352,  503,  154,  664,  339,  798,  646,  416,  272,  626,  554,  107,  596,  540,  553,  716,  153,  565,   78,    0,  226,  555,  231,  223,  292,  238,  307,  276,  284,  762,  324,  447,  591,  334,  399,  420,  777,  673,  158,  546,  698,  512,  592,  113,  219,  327,  277,  281,  175,  706,  288,  698,  646,  613,  465,  131,  700,  411,  134,  219,  388,  538,  408,  119,  162,  331,  510,  275,  193,  193,  172,  321,  451,  406,  680,  247,  242,  469,  578,  534,  702,  300,  755,   41,  516,  490,  362,  690,  150,   86,  216,  470,  317,  500,  497,  254,  402,  401,  253,  421,   85,  674,  252,  733,  228,  601,  585,  792,  618,  562,  185,  479,  542,  486,  348,  653,  668,  800,  455,  785,  376,  359,  459,  575,  677,  219,  616,  140,  304,  521,  431,  240,  543,  609,  741,  608,  139,  139,  457,  537,  394,  285,  580,  124,  151,  467,  184,  328,  679,  403,  443,  515,   95,  170,  437,  241,  806,  383,  261,  447,  382,  235,  242,  658,  680,  322,  255,   77,  718,  730,  188,  628],
        [  457,    0,  419,  485,  407,  410,  573,   59,  498,  334,  127,  565,  291,  615,  278,  702,  438,  211,  291,  410,  401,  145,  399,  561,  335,  510,  268,  558,  267,  226,    0,  507,   39,  396,  133,  354,  146,   53,  250,  536,  279,  345,  417,  551,  246,  197,  676,  464,  319,  420,  509,  374,  392,  114,  304,  166,  279,  491,  373,  572,  511,  627,  594,  499,  667,  113,  550,  438,  118,  351,  465,  316,  479,  109,  385,  464,  324,  339,  392,   77,  392,  435,  400,  350,  474,  407,  467,  375,  357,  524,  500,  332,  663,  242,  485,  388,  200,  488,  182,  303,   53,  584,  526,  512,  672,  429,  525,  465,  315,  282,  157,  582,  182,  573,  381,  535,  431,  566,  447,  339,  346,  376,  551,  504,  571,  536,  443,  577,  236,  566,  505,  373,  603,  362,  464,  279,  394,  330,  390,  475,  312,   19,  345,  418,  516,  392,  189,  348,  386,  427,  496,  433,  376,  324,  345,  391,  303,  475,  514,  597,  637,  546,  187,  367,  437,   72,  582,  463,  313,  576,  565,  228,  266,  442,  454,  158,  213,  161,  577,  505,  147,  452],
        [  825,    0,  388,  735,  139,  636,  314,  499,  929,  839,  535,  260,  703,  112,  232,  263,  811,  653,  775,  521,  872,  576,  809, 1055,  696,  515,  695,  106,  507,  555,  507,    0,  469,  775,  380,  787,  646,  528,  749,  746,  781,  181,  337,  659,  735,  497,  250,  825,  712,  909,  429,  229,  797,  521,  358,  662,  278,  799,  524,  268,  764,  149,   92,  171,  670,  473,  304,  927,  571,  406,  930,  656,  273,  523,  671,  399,  360,  307,  532,  570,  591,  361,  906,  159,  498,  451,  705,  150,  694,   92,  488,  814,  221,  525,   51,  154,  339,  872,  411,  550,  457,  386,  616, 1008,  585,  485,  388,  258,  780,  265,  491,  154,  334,  355,  782,   60,  273,  771,  332,  662,  454,  877,  139,  998,  712,  195,  628,  844,  479,  862,  396,  864,  465,  736,  531,  742,  714,  692,  846,  980,  222,  520,  764,  400,  693,  741,  640,  679,  123,  923,  337,  839,  773,  672,  700,  121,  404,  882,  338,  600,  622,  187,  462,  521,  935,  435,  825,  292,  783,  417,  550,  716,  314,  537,  708,  654,  711,  499,  293,  687,  633,  891],
        [  477,    0,  396,  489,  370,  411,  541,   66,  527,  372,  135,  532,  314,  577,  241,  666,  456,  235,  326,  397,  433,  164,  422,  597,  349,  492,  293,  521,  261,  231,   39,  469,    0,  416,   97,  381,  182,   75,  287,  537,  316,  308,  388,  544,  280,  190,  640,  481,  339,  455,  485,  340,  414,  122,  279,  201,  245,  504,  364,  538,  518,  590,  556,  463,  655,  105,  518,  474,  140,  331,  498,  326,  448,  118,  392,  440,  298,  310,  383,  110,  389,  410,  438,  312,  456,  390,  471,  338,  368,  487,  480,  366,  626,  240,  447,  350,  166,  509,  161,  301,   22,  557,  518,  549,  654,  413,  499,  433,  347,  247,  153,  545,  146,  542,  404,  497,  399,  567,  418,  347,  330,  413,  515,  540,  568,  500,  439,  585,  225,  578,  480,  409,  580,  379,  449,  309,  404,  346,  421,  513,  275,   54,  368,  394,  513,  405,  215,  360,  348,  463,  468,  458,  396,  338,  360,  353,  283,  500,  485,  583,  622,  510,  176,  358,  474,   34,  588,  433,  345,  550,  548,  263,  236,  429,  458,  193,  249,  159,  544,  502,  180,  480],
