{
    "name": "random-61-7867",
    "comment": "size=61 seed=7867",
    "nodes": ["+0", "-0", "+1", "-1", "+2", "-2", "+3", "-3", "+4", "-4", "+5", "-5", "+6", "-6", "+7", "-7", "+8", "-8", "+9", "-9", "+10", "-10", "+11", "-11", "+12", "-12", "+13", "-13", "+14", "-14", "+15", "-15", "+16", "-16", "+17", "-17", "+18", "-18", "+19", "-19", "+20", "-20", "+21", "-21", "+22", "-22", "+23", "-23", "+24", "-24", "+25", "-25", "+26", "-26", "+27", "-27", "+28", "-28", "+29", "-29", "+30", "-30", "+31", "-31", "+32", "-32", "+33", "-33", "+34", "-34", "+35", "-35", "+36", "-36", "+37", "-37", "+38", "-38", "+39", "-39", "+40", "-40", "+41", "-41", "+42", "-42", "+43", "-43", "+44", "-44", "+45", "-45", "+46", "-46", "+47", "-47", "+48", "-48", "+49", "-49", "+50", "-50", "+51", "-51", "+52", "-52", "+53", "-53", "+54", "-54", "+55", "-55", "+56", "-56", "+57", "-57", "+58", "-58", "+59", "-59", "+60", "-60", "+61", "-61"],
    "precedence": {
        "+0": "-0",
        "+1": "-1",
        "+2": "-2",
        "+3": "-3",
        "+4": "-4",
        "+5": "-5",
        "+6": "-6",
        "+7": "-7",
        "+8": "-8",
        "+9": "-9",
        "+10": "-10",
        "+11": "-11",
        "+12": "-12",
        "+13": "-13",
        "+14": "-14",
        "+15": "-15",
        "+16": "-16",
        "+17": "-17",
        "+18": "-18",
        "+19": "-19",
        "+20": "-20",
        "+21": "-21",
        "+22": "-22",
        "+23": "-23",
        "+24": "-24",
        "+25": "-25",
        "+26": "-26",
        "+27": "-27",
        "+28": "-28",
        "+29": "-29",
        "+30": "-30",
        "+31": "-31",
        "+32": "-32",
        "+33": "-33",
        "+34": "-34",
        "+35": "-35",
        "+36": "-36",
        "+37": "-37",
        "+38": "-38",
        "+39": "-39",
        "+40": "-40",
        "+41": "-41",
        "+42": "-42",
        "+43": "-43",
        "+44": "-44",
        "+45": "-45",
        "+46": "-46",
        "+47": "-47",
        "+48": "-48",
        "+49": "-49",
        "+50": "-50",
        "+51": "-51",
        "+52": "-52",
        "+53": "-53",
        "+54": "-54",
        "+55": "-55",
        "+56": "-56",
        "+57": "-57",
        "+58": "-58",
        "+59": "-59",
        "+60": "-60",
        "+61": "-61"
    },
    "edges": [
        [    0,    0,  206,  760,  574,  509,  975,  893,  739,  263,  538,  541,  980,  618,  344,  306,  748,  822,  495,  638,  409,  708,  410,  466,  591,  694,  374,   69,  479,  505,  479,  429,  810,  510,  236,  615,  121,  681,  169,  279,  401,  870,  882,  573,  370,  909,  240,  241,  865,  831,  951,  134,  128,  120,  242,  860,  690,  279,  427,  526,  508,  760,  553,  374,  153,  131,  351,  538,  472,  693,  576,  500,  155,  500,  248,  550,  891,  696,  753,  755,  143,  220,  823, 1038,  892,  436,  612, 1024,  379,  804,  908,  526,  463,  812,  290,  733,  483,  425,  617,  191,  204,  477,  853,  764,  658,  961,  890,  134,  589,  141,  477,  485,  904,   78,  497,  363,  387,  488,  725,  272,  553,  402,  268,  826],
        [    0,    0,    0,    0,    0,    0,    0,    0,    0,    0,    0,    0,    0,    0,    0,    0,    0,    0,    0,    0,    0,    0,    0,    0,    0,    0,    0,    0,    0,    0,    0,    0,    0,    0,    0,    0,    0,    0,    0,    0,    0,    0,    0,    0,    0,    0,    0,    0,    0,    0,    0,    0,    0,    0,    0,    0,    0,    0,    0,    0,    0,    0,    0,    0,    0,    0,    0,    0,    0,    0,    0,    0,    0,    0,    0,    0,    0,    0,    0,    0,    0,    0,    0,    0,    0,    0,    0,    0,    0,    0,    0,    0,    0,    0,    0,    0,    0,    0,    0,    0,    0,    0,    0,    0,    0,    0,    0,    0,    0,    0,    0,    0,    0,    0,    0,    0,    0,    0,    0,    0,    0,    0,    0,    0],
        [  206,    0,    0,  651,  383,  375,  864,  688,  536,  309,  342,  583,  877,  702,  264,  203,  583,  735,  441,  438,  539,  538,  241,  266,  476,  541,  221,  218,  371,  616,  284,  299,  739,  308,   98,  410,  299,  476,  231,  266,  322,  780,  761,  517,  455,  751,  273,  388,  661,  679,  839,  176,  224,  321,  261,  659,  496,  200,  314,  321,  303,  698,  355,  336,  265,  333,  400,  454,  534,  596,  581,  513,  247,  370,  303,  561,  778,  733,  680,  552,  111,   25,  761,  934,  768,  559,  426,  917,  416,  599,  791,  333,  287,  718,  244,  586,  362,  220,  541,   73,   89,  484,  662,  635,  757,  881,  829,  287,  666,  234,  273,  310,  834,  134,  298,  464,  254,  290,  641,  100,  504,  233,   65,  633],
        [  760,    0,  651,    0,  421,  279,  216,  757,  739,  957,  719,  492,  227,  646,  417,  830,  254,  119,  294,  728,  716,  284,  430,  508,  175,  201,  790,  815,  285,  690,  704,  352,  171,  655,  560,  577,  881,  649,  611,  915,  360,  147,  129,  240,  592,  268,  551,  714,  623,  205,  192,  628,  653,  807,  911,  580,  446,  483,  341,  581,  578,  184,  709,  403,  657,  819,  525,  228,  541,   78,  393,  420,  639,  282,  567,  409,  131,  514,  142,  557,  629,  664,  210,  283,  140,  704,  390,  267,  497,  724,  149,  734,  410,   89,  473,  169,  289,  605,  173,  604,  738,  411,  448,   83,  718,  254,  254,  889,  613,  645,  630,  791,  234,  735,  683,  629,  839,  688,  100,  711,  267,  435,  612,  454],
        [  574,    0,  383,  421,    0,  217,  597,  410,  336,  668,  304,  666,  624,  827,  337,  492,  235,  536,  416,  309,  766,  184,  175,  128,  296,  233,  423,  599,  280,  799,  300,  234,  574,  243,  341,  162,  679,  242,  504,  603,  337,  567,  484,  451,  642,  403,  489,  670,  323,  347,  572,  479,  529,  672,  617,  304,  120,  353,  270,  165,  167,  559,  292,  410,  558,  685,  562,  360,  663,  410,  605,  573,  534,  228,  522,  601,  516,  772,  523,  215,  436,  382,  609,  672,  487,  772,   47,  653,  555,  346,  521,  322,  122,  508,  389,  280,  250,  224,  421,  384,  446,  545,  280,  363,  899,  674,  666,  669,  788,  530,  227,  390,  651,  512,  274,  670,  470,  282,  470,  389,  458,  184,  321,  253],
        [  509,    0,  375,  279,  217,    0,  490,  624,  549,  683,  473,  455,  505,  619,  181,  552,  256,  375,  200,  508,  588,  230,  154,  253,  108,  190,  515,  556,   67,  605,  446,   81,  395,  408,  289,  372,  628,  457,  384,  638,  149,  417,  386,  235,  459,  404,  343,  527,  522,  325,  465,  384,  421,  578,  635,  494,  310,  233,   90,  343,  335,  368,  468,  222,  437,  591,  379,  144,  461,  235,  389,  362,  415,   14,  370,  386,  404,  555,  339,  422,  369,  387,  425,  561,  394,  589,  216,  544,  364,  563,  417,  484,  147,  354,  244,  226,   39,  340,  216,  335,  461,  335,  417,  261,  691,  522,  489,  631,  579,  417,  376,  529,  484,  471,  430,  492,  563,  433,  290,  432,  241,  157,  334,  402],
        [  975,    0,  864,  216,  597,  490,    0,  865,  884, 1171,  900,  650,   42,  785,  631, 1039,  380,  181,  497,  893,  896,  427,  638,  701,  389,  364,  993, 1030,  500,  853,  893,  566,  234,  839,  774,  741, 1095,  800,  823, 1127,  574,  139,  113,  431,  780,  280,  760,  914,  722,  276,   26,  842,  866, 1018, 1124,  675,  589,  698,  556,  761,  762,  287,  888,  612,  867, 1029,  720,  439,  712,  283,  549,  595,  850,  494,  773,  572,   87,  627,  264,  684,  844,  877,  258,   76,  111,  880,  558,   56,  691,  852,   77,  918,  611,  174,  686,  318,  503,  801,  370,  819,  950,  593,  529,  239,  851,  156,  244, 1104,  758,  857,  818,  982,  201,  950,  869,  817, 1041,  876,  265,  920,  457,  642,  823,  548],
        [  893,    0,  688,  757,  410,  624,  865,    0,  172,  880,  379, 1075,  903, 1236,  738,  681,  505,  874,  824,  278, 1161,  474,  564,  452,  684,  560,  584,  893,  688, 1203,  433,  642,  926,  387,  692,  288,  971,  212,  875,  800,  745,  890,  764,  851, 1042,  592,  876, 1045,  145,  591,  845,  835,  888, 1008,  833,  192,  322,  739,  678,  370,  389,  926,  359,  816,  924, 1020,  964,  762, 1071,  774, 1012,  983,  901,  636,  911, 1009,  806, 1177,  886,  206,  778,  674,  965,  935,  761, 1170,  409,  914,  959,   92,  800,  399,  520,  842,  783,  588,  658,  469,  811,  722,  709,  954,  338,  678, 1307,  986, 1010,  949, 1197,  893,  417,  477,  985,  818,  406, 1068,  612,  418,  833,  636,  861,  572,  627,  318],
        [  739,    0,  536,  739,  336,  549,  884,  172,    0,  710,  211,  983,  917, 1138,  629,  512,  505,  857,  743,  108, 1037,  462,  455,  332,  630,  540,  415,  733,  608, 1090,  267,  547,  901,  230,  555,  178,  810,   94,  739,  630,  648,  882,  774,  784,  926,  633,  750,  909,  239,  609,  862,  695,  748,  856,  664,  274,  297,  617,  585,  236,  253,  891,  192,  713,  786,  868,  851,  693,  968,  739,  932,  892,  764,  559,  785,  925,  813, 1100,  853,  208,  634,  520,  937,  957,  774, 1050,  354,  937,  851,   84,  812,  230,  421,  827,  665,  578,  578,  321,  756,  579,  548,  862,  393,  669, 1206,  985,  991,  785, 1099,  755,  264,  306,  972,  663,  244,  948,  441,  254,  800,  475,  789,  461,  480,  363],
        [  263,    0,  309,  957,  668,  683, 1171,  880,  710,    0,  501,  803, 1184,  879,  554,  200,  884, 1036,  725,  603,  661,  837,  547,  542,  783,  848,  296,  196,  675,  762,  451,  606, 1035,  506,  398,  644,  205,  683,  424,   81,  614, 1083, 1069,  804,  632, 1054,  492,  495,  894,  984, 1147,  375,  386,  337,   52,  904,  768,  486,  618,  558,  542,  989,  522,  607,  415,  339,  611,  751,  735,  899,  830,  756,  415,  678,  507,  806, 1085,  958,  976,  796,  343,  299, 1053, 1240, 1077,  691,  714, 1224,  637,  789, 1099,  481,  588, 1021,  515,  893,  669,  458,  837,  356,  227,  730,  938,  943,  917, 1181, 1121,  167,  851,  400,  489,  407, 1130,  240,  480,  624,  273,  468,  941,  280,  786,  540,  359,  906],
        [  538,    0,  342,  719,  304,  473,  900,  379,  211,  501,    0,  855,  927,  998,  494,  302,  532,  831,  641,  104,  868,  481,  337,  221,  574,  537,  206,  526,  516,  933,   59,  441,  862,   66,  381,  182,  602,  188,  561,  422,  528,  865,  787,  698,  767,  691,  585,  727,  405,  644,  876,  511,  563,  657,  455,  424,  344,  463,  477,  140,  142,  839,   22,  581,  602,  668,  699,  610,  826,  698,  821,  769,  582,  479,  619,  809,  820,  988,  808,  323,  447,  322,  894,  976,  790,  885,  344,  956,  705,  288,  825,   24,  327,  805,  514,  583,  490,  152,  688,  395,  341,  738,  498,  665, 1062,  973,  956,  576,  960,  571,  100,  109,  945,  460,   49,  784,  237,   54,  756,  268,  696,  339,  293,  464],
        [  541,    0,  583,  492,  666,  455,  650, 1075,  983,  803,  855,    0,  634,  166,  362,  781,  665,  470,  257,  920,  263,  660,  530,  655,  427,  587,  800,  610,  388,  204,  809,  437,  421,  796,  498,  808,  637,  894,  382,  803,  336,  513,  610,  263,  187,  750,  318,  353,  976,  675,  635,  436,  417,  511,  774,  946,  764,  398,  399,  754,  740,  365,  858,  274,  389,  517,  192,  331,   81,  419,  102,   93,  388,  442,  298,   83,  592,  156,  388,  876,  487,  607,  409,  684,  623,  240,  670,  679,  169, 1009,  615,  857,  563,  482,  348,  594,  418,  704,  329,  510,  657,  122,  855,  553,  240,  560,  460,  665,  128,  403,  757,  868,  492,  571,  806,  214,  836,  804,  401,  681,  241,  525,  594,  845],
        [  980,    0,  877,  227,  624,  505,   42,  903,  917, 1184,  927,  634,    0,  763,  638, 1056,  413,  170,  496,  923,  884,  458,  655,  724,  402,  391, 1013, 1037,  510,  837,  918,  579,  214,  866,  786,  771, 1101,  832,  825, 1142,  580,  123,  144,  426,  771,  320,  761,  910,  760,  313,   58,  847,  868, 1019, 1137,  713,  622,  706,  566,  788,  788,  269,  915,  614,  868, 1030,  714,  443,  699,  288,  534,  584,  851,  508,  772,  557,  108,  602,  252,  719,  852,  891,  233,   58,  144,  867,  586,   46,  684,  888,  106,  944,  631,  171,  691,  346,  516,  824,  368,  829,  964,  584,  568,  263,  828,  117,  210, 1111,  738,  859,  844, 1007,  168,  959,  895,  808, 1062,  901,  261,  937,  451,  660,  838,  586],
        [  618,    0,  702,  646,  827,  619,  785, 1236, 1138,  879,  998,  166,  763,    0,  511,  890,  829,  608,  422, 1070,  240,  825,  684,  808,  592,  752,  922,  684,  552,  135,  949,  596,  552,  942,  628,  964,  693, 1051,  480,  894,  493,  647,  758,  426,  252,  909,  429,  391, 1141,  835,  772,  538,  505,  557,  859, 1111,  928,  536,  559,  906,  891,  500, 1003,  426,  470,  560,  303,  497,  173,  576,  256,  258,  477,  606,  400,  245,  735,  175,  529, 1039,  597,  727,  532,  810,  771,  208,  834,  807,  294, 1168,  759,  999,  721,  625,  485,  757,  582,  848,  490,  631,  766,  284, 1021,  712,   74,  676,  570,  726,   40,  492,  903, 1001,  608,  663,  950,  256,  954,  946,  551,  802,  405,  678,  724, 1011],
        [  344,    0,  264,  417,  337,  181,  631,  738,  629,  554,  494,  362,  638,  511,    0,  465,  436,  484,  178,  560,  429,  406,  176,  298,  249,  370,  460,  399,  138,  466,  449,  112,  481,  434,  167,  458,  465,  543,  205,  525,   60,  532,  539,  254,  306,  583,  164,  349,  660,  502,  608,  212,  244,  401,  511,  639,  451,   69,   92,  396,  381,  437,  496,   88,  258,  414,  227,  199,  339,  351,  334,  277,  236,  169,  194,  319,  547,  497,  423,  551,  215,  284,  500,  696,  549,  436,  356,  681,  223,  664,  564,  497,  219,  472,   64,  403,  147,  343,  283,  201,  351,  246,  584,  423,  578,  628,  568,  473,  471,  239,  396,  514,  576,  322,  445,  334,  502,  443,  388,  350,  241,  169,  252,  564],
        [  306,    0,  203,  830,  492,  552, 1039,  681,  512,  200,  302,  781, 1056,  890,  465,    0,  720,  923,  642,  404,  704,  670,  402,  366,  658,  694,   98,  266,  560,  792,  252,  483,  933,  309,  299,  449,  327,  484,  411,  121,  521,  966,  931,  717,  638,  890,  465,  540,  697,  826, 1014,  352,  389,  420,  153,  708,  582,  403,  505,  365,  352,  894,  323,  539,  428,  427,  593,  649,  727,  783,  784,  715,  416,  550,  491,  763,  953,  932,  874,  601,  295,  181,  957, 1111,  937,  728,  539, 1093,  613,  590,  964,  282,  433,  904,  447,  741,  547,  272,  736,  274,  125,  686,  752,  803,  940, 1070, 1024,  294,  856,  402,  295,  213, 1026,  237,  281,  642,   86,  269,  832,  120,  705,  397,  222,  719],
        [  748,    0,  583,  254,  235,  256,  380,  505,  505,  884,  532,  665,  413,  829,  436,  720,    0,  370,  414,  515,  835,   52,  344,  357,  239,   78,  656,  786,  313,  839,  534,  328,  424,  475,  515,  364,  863,  420,  637,  825,  402,  386,  270,  406,  705,  171,  598,  782,  369,  113,  358,  631,  672,  827,  834,  327,  209,  483,  345,  396,  400,  431,  517,  472,  691,  840,  626,  336,  690,  285,  578,  576,  668,  268,  626,  585,  309,  728,  390,  310,  605,  588,  463,  455,  270,  833,  190,  435,  608,  479,  308,  551,  297,  338,  499,   86,  292,  457,  348,  562,  658,  556,  200,  174,  903,  485,  506,  861,  792,  669,  461,  623,  481,  699,  506,  740,  703,  515,  339,  609,  425,  352,  527,  202],
        [  822,    0,  735,  119,  536,  375,  181,  874,  857, 1036,  831,  470,  170,  608,  484,  923,  370,    0,  331,  845,  716,  402,  529,  617,  268,  319,  890,  881,  365,  673,  813,  440,   66,  767,  640,  694,  941,  767,  662, 1000,  425,   49,  163,  258,  602,  352,  597,  741,  738,  305,  166,  688,  706,  854,  992,  695,  565,  553,  421,  694,  690,  109,  822,  451,  704,  865,  546,  286,  532,  141,  369,  415,  688,  375,  606,  391,  131,  456,   83,  675,  698,  751,  103,  225,  174,  699,  507,  216,  515,  842,  154,  846,  515,   33,  533,  286,  377,  711,  205,  681,  823,  415,  559,  196,  676,  148,  137,  954,  579,  696,  740,  899,  116,  806,  793,  639,  938,  798,   97,  803,  283,  532,  702,  568],
        [  495,    0,  441,  294,  416,  200,  497,  824,  743,  725,  641,  257,  496,  422,  178,  642,  414,  331,    0,  691,  432,  405,  305,  427,  177,  337,  634,  558,  137,  426,  604,  201,  315,  578,  344,  566,  614,  652,  333,  700,  123,  379,  423,   79,  304,  521,  267,  420,  721,  442,  475,  363,  377,  524,  685,  690,  508,  243,  164,  524,  512,  266,  640,  122,  374,  535,  232,   80,  276,  218,  189,  165,  358,  189,  277,  186,  419,  357,  258,  622,  382,  462,  329,  553,  434,  425,  416,  541,  207,  762,  440,  648,  325,  326,  211,  351,  167,  495,  128,  377,  529,  142,  600,  332,  496,  467,  397,  628,  383,  367,  542,  677,  409,  488,  594,  341,  677,  595,  236,  527,   63,  302,  427,  590],
        [  638,    0,  438,  728,  309,  508,  893,  278,  108,  603,  104,  920,  923, 1070,  560,  404,  515,  845,  691,    0,  953,  467,  391,  266,  600,  535,  308,  629,  559, 1013,  162,  491,  882,  134,  467,  153,  705,  112,  650,  523,  586,  874,  781,  740,  847,  661,  667,  818,  321,  625,  869,  603,  655,  756,  557,  347,  310,  539,  529,  168,  181,  865,   86,  646,  694,  768,  775,  650,  897,  718,  877,  831,  673,  516,  702,  868,  817, 1045,  831,  257,  540,  420,  917,  968,  782,  968,  340,  948,  778,  188,  819,  123,  367,  816,  589,  578,  531,  230,  721,  487,  444,  800,  443,  666, 1136,  980,  974,  680, 1030,  663,  172,  200,  960,  561,  141,  867,  335,  151,  778,  371,  742,  395,  385,  410],
        [  409,    0,  539,  716,  766,  588,  896, 1161, 1037,  661,  868,  263,  884,  240,  429,  704,  835,  716,  432,  953,    0,  817,  598,  711,  605,  760,  753,  470,  525,  107,  813,  537,  674,  820,  488,  875,  465,  958,  309,  687,  441,  762,  841,  476,  130,  952,  288,  168, 1088,  873,  878,  364,  318,  328,  647, 1067,  880,  423,  507,  802,  785,  617,  877,  367,  278,  329,  210,  510,  187,  639,  355,  301,  293,  575,  252,  329,  829,  380,  633,  979,  428,  563,  666,  937,  853,   33,  785,  930,  229, 1082,  852,  863,  646,  723,  379,  780,  550,  723,  544,  475,  585,  306, 1005,  762,  260,  819,  720,  501,  225,  306,  781,  848,  751,  468,  820,   97,  777,  814,  636,  635,  450,  590,  577,  988],
        [  708,    0,  538,  284,  184,  230,  427,  474,  462,  837,  481,  660,  458,  825,  406,  670,   52,  402,  405,  467,  817,    0,  300,  306,  235,   87,  605,  744,  292,  827,  483,  296,  452,  424,  474,  315,  822,  375,  605,  777,  379,  422,  315,  407,  687,  221,  570,  754,  344,  164,  404,  594,  638,  792,  786,  305,  166,  449,  317,  345,  349,  454,  467,  451,  659,  805,  607,  329,  679,  303,  578,  570,  636,  243,  599,  583,  353,  733,  413,  274,  566,  542,  491,  502,  316,  816,  139,  482,  590,  441,  353,  500,  252,  371,  469,  118,  268,  406,  354,  521,  611,  547,  196,  209,  899,  525,  538,  818,  787,  636,  410,  572,  515,  657,  455,  721,  653,  464,  360,  561,  423,  309,  481,  189],
        [  410,    0,  241,  430,  175,  154,  638,  564,  455,  547,  337,  530,  655,  684,  176,  402,  344,  529,  305,  391,  598,  300,    0,  126,  262,  301,  362,  444,  182,  640,  303,  105,  547,  274,  175,  283,  523,  368,  330,  494,  196,  570,  530,  363,  479,  511,  316,  496,  494,  439,  613,  307,  355,  502,  497,  478,  294,  179,  141,  224,  211,  516,  336,  259,  384,  515,  401,  277,  514,  389,  487,  441,  360,  155,  351,  477,  551,  655,  490,  383,  269,  248,  576,  710,  537,  607,  206,  692,  398,  489,  563,  345,   55,  507,  220,  347,  159,  194,  360,  221,  321,  410,  447,  402,  752,  676,  641,  518,  644,  356,  238,  381,  637,  357,  291,  504,  410,  292,  442,  283,  360,   10,  189,  422],
        [  466,    0,  266,  508,  128,  253,  701,  452,  332,  542,  221,  655,  724,  808,  298,  366,  357,  617,  427,  266,  711,  306,  126,    0,  355,  341,  300,  484,  297,  760,  197,  226,  644,  156,  244,  165,  565,  248,  424,  476,  321,  653,  589,  480,  596,  527,  425,  594,  401,  466,  676,  388,  441,  572,  491,  395,  231,  289,  263,   99,   86,  620,  216,  383,  475,  585,  520,  391,  637,  480,  612,  566,  451,  259,  460,  602,  617,  780,  589,  291,  336,  262,  676,  775,  593,  722,  174,  756,  520,  371,  625,  232,  106,  591,  335,  389,  271,  102,  468,  281,  322,  535,  400,  462,  876,  760,  738,  552,  768,  445,  124,  284,  729,  399,  178,  619,  348,  183,  538,  262,  480,  131,  203,  370],
        [  591,    0,  476,  175,  296,  108,  389,  684,  630,  783,  574,  427,  402,  592,  249,  658,  239,  268,  177,  600,  605,  235,  262,  355,    0,  162,  623,  644,  113,  602,  551,  178,  290,  509,  385,  457,  712,  537,  450,  741,  197,  309,  292,  172,  475,  351,  397,  572,  568,  270,  365,  461,  491,  647,  736,  533,  362,  313,  167,  440,  434,  267,  567,  254,  500,  660,  399,   98,  452,  128,  343,  338,  480,  109,  418,  348,  304,  501,  234,  479,  456,  490,  321,  458,  301,  599,  280,  442,  377,  633,  319,  586,  251,  246,  308,  176,  114,  446,  128,  430,  563,  317,  430,  175,  666,  415,  384,  718,  554,  484,  479,  635,  377,  562,  533,  511,  671,  537,  184,  538,  189,  265,  439,  423],
        [  694,    0,  541,  201,  233,  190,  364,  560,  540,  848,  537,  587,  391,  752,  370,  694,   78,  319,  337,  535,  760,   87,  301,  341,  162,    0,  638,  737,  241,  762,  530,  267,  367,  476,  466,  383,  812,  450,  574,  793,  332,  343,  251,  329,  631,  216,  531,  713,  431,  139,  340,  572,  611,  767,  798,  391,  246,  422,  279,  398,  399,  367,  524,  400,  627,  780,  552,  259,  612,  217,  501,  499,  605,  201,  557,  508,  284,  652,  327,  358,  552,  549,  406,  439,  255,  757,  196,  420,  532,  524,  288,  554,  262,  288,  433,   48,  224,  442,  272,  513,  621,  478,  274,  132,  826,  447,  454,  812,  714,  606,  456,  620,  433,  650,  505,  666,  687,  513,  274,  579,  347,  309,  490,  272],
        [  374,    0,  221,  790,  423,  515,  993,  584,  415,  296,  206,  800, 1013,  922,  460,   98,  656,  890,  634,  308,  753,  605,  362,  300,  623,  638,    0,  346,  535,  834,  157,  456,  907,  217,  303,  360,  414,  390,  449,  217,  511,  931,  882,  704,  674,  825,  494,  595,  604,  765,  968,  392,  436,  493,  250,  618,  502,  407,  483,  281,  270,  873,  227,  542,  476,  502,  620,  628,  754,  750,  791,  726,  461,  516,  524,  773,  907,  947,  848,  511,  328,  196,  933, 1066,  888,  775,  469, 1048,  635,  493,  917,  185,  382,  869,  455,  686,  517,  199,  714,  292,  173,  696,  670,  755,  977, 1037, 1000,  384,  886,  447,  209,  118,  998,  299,  188,  683,   49,  176,  803,  121,  695,  359,  210,  637],
        [   69,    0,  218,  815,  599,  556, 1030,  893,  733,  196,  526,  610, 1037,  684,  399,  266,  786,  881,  558,  629,  470,  744,  444,  484,  644,  737,  346,    0,  532,  569,  468,  475,  872,  507,  272,  622,   82,  683,  236,  219,  458,  929,  935,  636,  437,  951,  307,  302,  876,  875, 1006,  196,  196,  157,  178,  875,  712,  332,  478,  533,  515,  823,  543,  436,  222,  163,  420,  596,  541,  750,  644,  568,  223,  548,  317,  618,  945,  765,  814,  768,  188,  225,  886, 1095,  944,  498,  640, 1080,  447,  802,  962,  512,  495,  870,  349,  778,  533,  429,  677,  225,  186,  545,  878,  814,  723, 1022,  953,   76,  656,  209,  477,  462,  966,   88,  490,  429,  351,  479,  785,  259,  616,  436,  282,  850],
        [  479,    0,  371,  285,  280,   67,  500,  688,  608,  675,  516,  388,  510,  552,  138,  560,  313,  365,  137,  559,  525,  292,  182,  297,  113,  241,  535,  532,    0,  539,  484,   80,  374,  451,  277,  430,  600,  516,  341,  636,   92,  410,  404,  183,  396,  449,  292,  473,  589,  369,  475,  349,  381,  538,  629,  561,  376,  201,   57,  392,  382,  338,  513,  160,  392,  550,  315,   96,  394,  226,  326,  296,  371,   54,  317,  321,  414,  493,  315,  488,  345,  387,  399,  567,  413,  525,  282,  551,  299,  625,  431,  525,  193,  348,  199,  270,   31,  375,  180,  320,  459,  269,  482,  286,  624,  512,  466,  607,  513,  375,  417,  562,  467,  451,  471,  429,  581,  473,  272,  441,  184,  182,  339,  468],
        [  505,    0,  616,  690,  799,  605,  853, 1203, 1090,  762,  933,  204,  837,  135,  466,  792,  839,  673,  426, 1013,  107,  827,  640,  760,  602,  762,  834,  569,  539,    0,  880,  566,  624,  881,  553,  922,  570, 1007,  386,  783,  464,  716,  811,  453,  166,  941,  349,  269, 1120,  863,  838,  444,  404,  432,  746, 1095,  908,  474,  532,  855,  838,  569,  940,  390,  365,  434,  240,  505,  151,  614,  305,  271,  376,  592,  315,  284,  794,  290,  591, 1013,  507,  640,  611,  887,  823,   75,  813,  882,  245, 1128,  817,  930,  684,  685,  426,  776,  566,  785,  521,  548,  671,  286, 1020,  745,  155,  761,  659,  604,  127,  391,  842,  923,  693,  559,  885,  152,  862,  880,  602,  714,  428,  633,  647, 1006],
        [  479,    0,  284,  704,  300,  446,  893,  433,  267,  451,   59,  809,  918,  949,  449,  252,  534,  813,  604,  162,  813,  483,  303,  197,  551,  530,  157,  468,  484,  880,    0,  407,  840,   64,  327,  207,  544,  233,  506,  372,  488,  850,  781,  665,  715,  698,  532,  670,  447,  646,  869,  454,  506,  598,  403,  461,  360,  414,  441,  140,  134,  814,   76,  537,  545,  609,  649,  579,  777,  677,  780,  726,  526,  451,  566,  767,  811,  946,  784,  356,  390,  264,  871,  968,  784,  830,  344,  949,  656,  341,  817,   51,  301,  788,  466,  578,  460,  110,  659,  339,  283,  694,  522,  656, 1012,  957,  934,  519,  911,  514,   75,   90,  926,  402,   32,  731,  195,   21,  734,  210,  661,  304,  237,  488],
        [  429,    0,  299,  352,  234,   81,  566,  642,  547,  606,  441,  437,  579,  596,  112,  483,  328,  440,  201,  491,  537,  296,  105,  226,  178,  267,  456,  475,   80,  566,  407,    0,  452,  377,  210,  371,  548,  457,  310,  564,  104,  484,  464,  259,  411,  482,  275,  460,  555,  404,  541,  305,  345,  501,  559,  532,  344,  155,   39,  323,  312,  418,  439,  176,  364,  514,  330,  175,  430,  300,  387,  346,  341,   73,  305,  379,  479,  555,  394,  448,  289,  313,  478,  635,  472,  541,  248,  619,  321,  573,  494,  449,  127,  422,  173,  305,   64,  298,  259,  256,  386,  316,  473,  340,  666,  588,  545,  551,  556,  341,  342,  483,  544,  391,  395,  441,  502,  396,  349,  363,  256,  104,  263,  453],
        [  810,    0,  739,  171,  574,  395,  234,  926,  901, 1035,  862,  421,  214,  552,  481,  933,  424,   66,  315,  882,  674,  452,  547,  644,  290,  367,  907,  872,  374,  624,  840,  452,    0,  797,  643,  734,  928,  809,  647, 1004,  422,   96,  229,  238,  565,  417,  579,  712,  793,  367,  222,  677,  691,  834,  992,  750,  612,  550,  428,  726,  721,   57,  854,  437,  684,  844,  515,  286,  488,  165,  321,  376,  670,  393,  585,  346,  195,  395,   60,  725,  694,  757,   40,  264,  240,  655,  548,  259,  484,  890,  217,  875,  540,   95,  524,  339,  390,  735,  199,  681,  828,  379,  618,  252,  618,  153,   94,  943,  525,  680,  768,  924,   95,  801,  822,  601,  954,  826,  106,  814,  260,  549,  712,  624],
        [  510,    0,  308,  655,  243,  408,  839,  387,  230,  506,   66,  796,  866,  942,  434,  309,  475,  767,  578,  134,  820,  424,  274,  156,  509,  476,  217,  507,  451,  881,   64,  377,  797,    0,  333,  144,  585,  179,  517,  429,  466,  802,  726,  633,  715,  637,  535,  685,  389,  587,  815,  469,  522,  627,  457,  401,  296,  409,  414,   79,   78,  774,   63,  522,  561,  639,  645,  545,  769,  633,  759,  709,  539,  414,  570,  748,  758,  927,  743,  294,  407,  291,  829,  914,  730,  835,  286,  895,  650,  296,  763,   80,  262,  741,  459,  522,  425,   97,  623,  353,  323,  678,  458,  603, 1007,  909,  891,  562,  903,  529,   40,  150,  881,  434,   33,  734,  258,   44,  691,  249,  633,  277,  252,  425],
        [  236,    0,   98,  560,  341,  289,  774,  692,  555,  398,  381,  498,  786,  628,  167,  299,  515,  640,  344,  467,  488,  474,  175,  244,  385,  466,  303,  272,  277,  553,  327,  210,  643,  333,    0,  405,  349,  482,  185,  361,  225,  686,  674,  420,  388,  680,  205,  355,  645,  604,  750,  145,  197,  332,  352,  635,  459,  105,  221,  323,  305,  601,  390,  241,  233,  345,  325,  358,  456,  502,  489,  424,  210,  283,  239,  471,  688,  645,  584,  533,   96,  118,  664,  843,  682,  504,  378,  827,  336,  607,  703,  378,  228,  625,  153,  508,  272,  237,  445,   48,  186,  394,  619,  550,  687,  786,  732,  346,  590,  202,  295,  374,  737,  185,  333,  404,  342,  328,  546,  187,  407,  166,   97,  592],
        [  615,    0,  410,  577,  162,  372,  741,  288,  178,  644,  182,  808,  771,  964,  458,  449,  364,  694,  566,  153,  875,  315,  283,  165,  457,  383,  360,  622,  430,  922,  207,  371,  734,  144,  405,    0,  703,   87,  588,  569,  473,  723,  629,  607,  759,  515,  589,  758,  255,  475,  717,  549,  602,  727,  594,  261,  164,  453,  409,   90,  108,  720,  163,  540,  637,  739,  682,  516,  795,  570,  755,  716,  614,  382,  625,  748,  664,  923,  684,  153,  494,  399,  769,  816,  630,  886,  188,  796,  680,  207,  666,  204,  245,  665,  499,  426,  401,  195,  581,  438,  445,  686,  317,  514, 1034,  829,  826,  685,  925,  607,  155,  287,  810,  543,  175,  783,  401,  187,  631,  375,  612,  289,  347,  284],
        [  121,    0,  299,  881,  679,  628, 1095,  971,  810,  205,  602,  637, 1101,  693,  465,  327,  863,  941,  614,  705,  465,  822,  523,  565,  712,  812,  414,   82,  600,  570,  544,  548,  928,  585,  349,  703,    0,  762,  283,  254,  521,  990, 1003,  691,  456, 1026,  353,  303,  956,  949, 1072,  254,  239,  138,  208,  956,  793,  400,  547,  613,  595,  877,  619,  492,  254,  138,  452,  658,  563,  814,  681,  606,  262,  619,  355,  655, 1011,  790,  872,  849,  260,  306,  940, 1158, 1012,  496,  720, 1144,  482,  880, 1029,  586,  574,  932,  410,  852,  603,  509,  737,  302,  263,  585,  959,  884,  724, 1080, 1006,   39,  668,  251,  556,  531, 1022,  167,  567,  441,  412,  556,  845,  336,  669,  514,  363,  930],
        [  681,    0,  476,  649,  242,  457,  800,  212,   94,  683,  188,  894,  832, 1051,  543,  484,  420,  767,  652,  112,  958,  375,  368,  248,  537,  450,  390,  683,  516, 1007,  233,  457,  809,  179,  482,   87,  762,    0,  666,  605,  559,  792,  689,  691,  843,  558,  671,  836,  217,  528,  777,  625,  678,  796,  635,  238,  212,  536,  495,  160,  178,  798,  167,  626,  714,  808,  767,  600,  881,  647,  840,  802,  692,  467,  707,  834,  727, 1009,  761,  145,  567,  462,  845,  874,  689,  970,  262,  854,  766,  126,  727,  211,  331,  737,  582,  490,  486,  257,  663,  511,  500,  773,  333,  580, 1120,  897,  900,  740, 1011,  684,  206,  296,  882,  607,  204,  867,  424,  216,  707,  427,  697,  375,  415,  300],
        [  169,    0,  231,  611,  504,  384,  823,  875,  739,  424,  561,  382,  825,  480,  205,  411,  637,  662,  333,  650,  309,  605,  330,  424,  450,  574,  449,  236,  341,  386,  506,  310,  647,  517,  185,  588,  283,  666,    0,  422,  254,  711,  737,  409,  228,  787,   71,  171,  820,  707,  800,   59,   44,  198,  393,  806,  623,  157,  296,  507,  489,  595,  572,  212,   55,  210,  190,  384,  320,  540,  408,  333,   32,  373,   85,  383,  741,  536,  591,  708,  121,  255,  657,  882,  747,  328,  534,  869,  215,  791,  759,  556,  384,  655,  143,  608,  352,  421,  458,  167,  287,  309,  772,  625,  531,  799,  724,  301,  446,   35,  479,  541,  740,  190,  515,  234,  477,  508,  567,  329,  387,  321,  269,  749],
        [  279,    0,  266,  915,  603,  638, 1127,  800,  630,   81,  422,  803, 1142,  894,  525,  121,  825, 1000,  700,  523,  687,  777,  494,  476,  741,  793,  217,  219,  636,  783,  372,  564, 1004,  429,  361,  569,  254,  605,  422,    0,  584, 1046, 1022,  778,  643,  996,  487,  519,  818,  928, 1103,  368,  390,  374,   47,  829,  699,  458,  580,  484,  470,  961,  443,  587,  425,  378,  612,  719,  740,  862,  821,  748,  419,  634,  506,  798, 1041,  958,  945,  721,  325,  251, 1024, 1198, 1030,  714,  649, 1181,  635,  709, 1054,  401,  532,  984,  493,  840,  627,  388,  805,  324,  178,  721,  868,  895,  936, 1147, 1092,  217,  863,  404,  414,  327, 1098,  233,  402,  639,  192,  390,  906,  217,  763,  488,  306,  836],
        [  401,    0,  322,  360,  337,  149,  574,  745,  648,  614,  528,  336,  580,  493,   60,  521,  402,  425,  123,  586,  441,  379,  196,  321,  197,  332,  511,  458,   92,  464,  488,  104,  422,  466,  225,  473,  521,  559,  254,  584,    0,  472,  484,  196,  313,  540,  201,  382,  657,  459,  551,  268,  295,  451,  571,  632,  445,  129,   68,  419,  406,  378,  529,   75,  303,  463,  232,  139,  326,  293,  294,  246,  283,  136,  226,  282,  491,  461,  363,  551,  274,  341,  441,  638,  494,  443,  349,  623,  220,  675,  509,  533,  229,  413,  113,  361,  111,  379,  223,  261,  410,  215,  564,  372,  563,  568,  509,  531,  453,  288,  429,  557,  516,  382,  480,  345,  555,  480,  329,  405,  185,  191,  305,  548],
        [  870,    0,  780,  147,  567,  417,  139,  890,  882, 1083,  865,  513,  123,  647,  532,  966,  386,   49,  379,  874,  762,  422,  570,  653,  309,  343,  931,  929,  410,  716,  850,  484,   96,  802,  686,  723,  990,  792,  711, 1046,  472,    0,  148,  307,  649,  345,  646,  790,  751,  308,  127,  736,  755,  903, 1038,  707,  587,  600,  466,  727,  724,  149,  856,  499,  753,  914,  594,  334,  577,  185,  413,  462,  737,  417,  655,  436,  108,  490,  130,  694,  746,  796,  123,  177,  158,  745,  535,  168,  563,  863,  128,  880,  554,   63,  581,  305,  420,  749,  254,  727,  868,  462,  568,  214,  713,  108,  131, 1002,  619,  745,  776,  936,   97,  853,  829,  686,  979,  834,  145,  846,  332,  573,  746,  579],
        [  882,    0,  761,  129,  484,  386,  113,  764,  774, 1069,  787,  610,  144,  758,  539,  931,  270,  163,  423,  781,  841,  315,  530,  589,  292,  251,  882,  935,  404,  811,  781,  464,  229,  726,  674,  629, 1003,  689,  737, 1022,  484,  148,    0,  367,  719,  198,  678,  842,  622,  173,   89,  751,  779,  933, 1021,  576,  478,  604,  458,  648,  649,  267,  775,  531,  784,  945,  653,  356,  664,  206,  510,  544,  765,  392,  695,  528,   44,  614,  232,  577,  747,  772,  264,  189,   13,  829,  445,  169,  625,  746,   38,  805,  501,  138,  597,  205,  403,  689,  300,  719,  846,  536,  433,  128,  828,  226,  279, 1010,  727,  771,  706,  870,  242,  853,  756,  757,  931,  763,  210,  812,  393,  535,  717,  448],
        [  573,    0,  517,  240,  451,  235,  431,  851,  784,  804,  698,  263,  426,  426,  254,  717,  406,  258,   79,  740,  476,  407,  363,  480,  172,  329,  704,  636,  183,  453,  665,  259,  238,  633,  420,  607,  691,  691,  409,  778,  196,  307,  367,    0,  353,  489,  342,  485,  738,  413,  410,  441,  453,  598,  763,  704,  530,  321,  225,  574,  564,  188,  695,  200,  448,  608,  290,   91,  303,  164,  173,  182,  433,  226,  349,  181,  357,  329,  182,  646,  461,  537,  251,  482,  378,  464,  443,  472,  261,  795,  379,  706,  375,  257,  290,  332,  210,  556,   69,  454,  605,  171,  601,  293,  499,  390,  318,  706,  389,  443,  599,  741,  331,  567,  652,  391,  749,  654,  167,  600,   27,  362,  500,  595],
        [  370,    0,  455,  592,  642,  459,  780, 1042,  926,  632,  767,  187,  771,  252,  306,  638,  705,  602,  304,  847,  130,  687,  479,  596,  475,  631,  674,  437,  396,  166,  715,  411,  565,  715,  388,  759,  456,  843,  228,  643,  313,  649,  719,  353,    0,  824,  184,  166,  964,  744,  761,  287,  254,  326,  609,  942,  754,  309,  379,  690,  674,  509,  775,  238,  219,  332,   81,  382,  109,  515,  258,  191,  225,  446,  152,  230,  710,  336,  520,  856,  347,  479,  562,  826,  731,  131,  659,  817,   99,  966,  732,  765,  525,  606,  262,  651,  421,  619,  420,  385,  515,  188,  876,  635,  303,  714,  621,  486,  221,  240,  676,  760,  648,  412,  719,   38,  704,  714,  517,  554,  327,  471,  483,  860],
        [  909,    0,  751,  268,  403,  404,  280,  592,  633, 1054,  691,  750,  320,  909,  583,  890,  171,  352,  521,  661,  952,  221,  511,  527,  351,  216,  825,  951,  449,  941,  698,  482,  417,  637,  680,  515, 1026,  558,  787,  996,  540,  345,  198,  489,  824,    0,  741,  920,  448,   82,  264,  787,  825,  981, 1004,  401,  352,  637,  492,  559,  565,  445,  675,  604,  840,  994,  749,  443,  790,  334,  654,  670,  818,  415,  765,  667,  241,  782,  406,  426,  767,  757,  455,  345,  191,  945,  357,  325,  726,  590,  227,  712,  467,  322,  645,  180,  436,  626,  422,  727,  828,  655,  255,  197,  982,  421,  476, 1026,  874,  820,  627,  787,  440,  864,  670,  860,  873,  679,  367,  780,  513,  519,  697,  278],
        [  240,    0,  273,  551,  489,  343,  760,  876,  750,  492,  585,  318,  761,  429,  164,  465,  598,  597,  267,  667,  288,  570,  316,  425,  397,  531,  494,  307,  292,  349,  532,  275,  579,  535,  205,  589,  353,  671,   71,  487,  201,  646,  678,  342,  184,  741,    0,  186,  810,  660,  738,  120,  114,  258,  460,  793,  606,  138,  254,  515,  498,  527,  593,  149,  108,  269,  129,  323,  262,  478,  338,  264,   92,  331,   36,  314,  680,  472,  524,  699,  171,  298,  588,  818,  689,  301,  513,  806,  149,  795,  699,  582,  368,  591,  102,  562,  308,  438,  393,  203,  341,  239,  746,  571,  485,  731,  655,  372,  393,  102,  496,  576,  672,  255,  537,  200,  526,  532,  502,  373,  319,  308,  299,  725],
        [  241,    0,  388,  714,  670,  527,  914, 1045,  909,  495,  727,  353,  910,  391,  349,  540,  782,  741,  420,  818,  168,  754,  496,  594,  572,  713,  595,  302,  473,  269,  670,  460,  712,  685,  355,  758,  303,  836,  171,  519,  382,  790,  842,  485,  166,  920,  186,    0,  988,  839,  894,  216,  165,  167,  480,  973,  788,  318,  438,  678,  660,  656,  738,  318,  125,  171,  197,  489,  273,  638,  418,  347,  146,  514,  157,  391,  838,  499,  662,  877,  280,  411,  713,  966,  853,  197,  697,  956,  229,  962,  859,  720,  549,  741,  287,  742,  490,  590,  546,  332,  425,  336,  930,  743,  423,  864,  775,  337,  367,  156,  647,  696,  799,  303,  681,  143,  616,  674,  651,  480,  459,  487,  435,  909],
        [  865,    0,  661,  623,  323,  522,  722,  145,  239,  894,  405,  976,  760, 1141,  660,  697,  369,  738,  721,  321, 1088,  344,  494,  401,  568,  431,  604,  876,  589, 1120,  447,  555,  793,  389,  645,  255,  956,  217,  820,  818,  657,  751,  622,  738,  964,  448,  810,  988,    0,  450,  703,  788,  840,  973,  845,   48,  214,  673,  589,  344,  362,  797,  384,  730,  872,  986,  884,  653,  981,  647,  905,  884,  848,  535,  844,  905,  665, 1067,  757,  112,  737,  651,  832,  791,  618, 1094,  308,  771,  876,  166,  658,  428,  443,  706,  711,  455,  559,  449,  693,  682,  699,  857,  194,  543, 1213,  846,  874,  939, 1101,  843,  408,  513,  847,  794,  416,  993,  640,  429,  704,  629,  751,  502,  597,  175],
