{
    "name": "random-29-7067",
    "comment": "size=29 seed=7067",
    "nodes": ["+0", "-0", "+1", "-1", "+2", "-2", "+3", "-3", "+4", "-4", "+5", "-5", "+6", "-6", "+7", "-7", "+8", "-8", "+9", "-9", "+10", "-10", "+11", "-11", "+12", "-12", "+13", "-13", "+14", "-14", "+15", "-15", "+16", "-16", "+17", "-17", "+18", "-18", "+19", "-19", "+20", "-20", "+21", "-21", "+22", "-22", "+23", "-23", "+24", "-24", "+25", "-25", "+26", "-26", "+27", "-27", "+28", "-28", "+29", "-29"],
    "precedence": {
        "+0": "-0",
        "+1": "-1",
        "+2": "-2",
        "+3": "-3",
        "+4": "-4",
        "+5": "-5",
        "+6": "-6",
        "+7": "-7",
        "+8": "-8",
        "+9": "-9",
        "+10": "-10",
        "+11": "-11",
        "+12": "-12",
        "+13": "-13",
        "+14": "-14",
        "+15": "-15",
        "+16": "-16",
        "+17": "-17",
        "+18": "-18",
        "+19": "-19",
        "+20": "-20",
        "+21": "-21",
        "+22": "-22",
        "+23": "-23",
        "+24": "-24",
        "+25": "-25",
        "+26": "-26",
        "+27": "-27",
        "+28": "-28",
        "+29": "-29"
    },
    "edges": [
        [    0,    0,  419,  733,  579,   69,  783,  387,  309,  488,  612,  633,  117,  697,   93,  280,  845,  622,  459,  940,  760,   95,  887,  860,  168,  920,  436,  690,  946,  468,  555,  577,  872,   32,  317,  825,  779,  561,  268,  992,  692,  677,  469,  282,  422, 1040,  284,  922,  846,   91,  979,  639,  487,  377,  597,  965,  278,  306,  329,  448],
        [    0,    0,  419,  733,  579,   69,  783,  387,  309,  488,  612,  633,  117,  697,   93,  280,  845,  622,  459,  940,  760,   95,  887,  860,  168,  920,  436,  690,  946,  468,  555,  577,  872,   32,  317,  825,  779,  561,  268,  992,  692,  677,  469,  282,  422, 1040,  284,  922,  846,   91,  979,  639,  487,  377,  597,  965,  278,  306,  329,  448],
        [  419,  419,    0,  325,  273,  351,  761,  681,  614,  366,  319,  379,  484,  645,  327,  286,  446,  326,  477,  542,  723,  333,  470,  446,  286,  869,  475,  717,  577,  325,  354,  178,  470,  390,  116,  695,  385,  261,  210,  624,  558,  680,  123,  232,  172,  658,  137,  535,  589,  462,  588,  247,  475,  534,  586,  578,  195,  316,  305,  430],
        [  733,  733,  325,    0,  415,  667,  791,  922,  868,  462,  266,  331,  779,  678,  640,  525,  125,  447,  618,  219,  748,  653,  175,  135,  580,  857,  630,  792,  282,  432,  551,  156,  147,  702,  416,  647,   80,  419,  482,  326,  548,  746,  353,  486,  343,  345,  451,  222,  439,  761,  269,  103,  596,  735,  668,  264,  469,  623,  607,  568],
        [  579,  579,  273,  415,    0,  514, 1031,  913,  839,  637,  549,  619,  676,  913,  503,  543,  531,   54,  748,  612,  991,  484,  471,  475,  504, 1134,  745,  988,  696,  595,  139,  351,  545,  560,  365,  949,  494,   18,  460,  740,  817,  951,  151,  489,  441,  749,  359,  631,  805,  650,  669,  400,  747,  791,  858,  669,  447,  320,  294,  702],
        [   69,   69,  351,  667,  514,    0,  771,  427,  349,  451,  558,  584,  166,  678,   30,  241,  780,  559,  443,  876,  746,   35,  820,  793,  120,  906,  422,  685,  886,  426,  499,  511,  807,   46,  251,  797,  715,  497,  213,  932,  660,  667,  401,  232,  364,  978,  217,  859,  800,  139,  916,  575,  467,  384,  582,  902,  220,  259,  280,  425],
        [  783,  783,  761,  791, 1031,  771,    0,  572,  594,  395,  530,  462,  707,  119,  749,  554,  803, 1083,  330,  850,   44,  795,  945,  896,  667,  139,  350,  111,  749,  437, 1110,  722,  826,  760,  698,  204,  757, 1021,  628,  768,  245,  107,  883,  594,  590,  839,  726,  795,  448,  718,  839,  715,  311,  423,  191,  815,  635,  972,  980,  358],
        [  387,  387,  681,  922,  913,  427,  572,    0,   79,  501,  704,  683,  271,  539,  426,  405, 1005,  963,  362, 1090,  570,  462, 1096, 1056,  410,  706,  337,  461, 1049,  512,  920,  778, 1033,  388,  567,  703,  939,  897,  472, 1087,  612,  474,  776,  454,  582, 1150,  559, 1053,  838,  297, 1110,  820,  399,  207,  441, 1091,  487,  686,  707,  396],
        [  309,  309,  614,  868,  839,  349,  594,   79,    0,  467,  662,  649,  193,  547,  349,  345,  956,  888,  344, 1044,  587,  384, 1040, 1002,  337,  731,  317,  485, 1011,  473,  843,  720,  985,  310,  498,  706,  890,  823,  406, 1051,  602,  492,  705,  391,  526, 1112,  488, 1010,  818,  219, 1068,  766,  381,  190,  444, 1049,  420,  608,  629,  370],
        [  488,  488,  366,  462,  637,  451,  395,  501,  467,    0,  211,  183,  464,  280,  423,  210,  520,  689,  158,  598,  357,  464,  634,  589,  332,  507,  175,  357,  549,   42,  716,  352,  548,  459,  310,  356,  458,  626,  259,  587,  215,  317,  488,  229,  196,  650,  343,  557,  366,  460,  614,  366,  135,  296,  225,  593,  261,  600,  604,  110],
        [  612,  612,  319,  266,  549,  558,  530,  704,  662,  211,    0,   73,  621,  415,  528,  347,  311,  596,  368,  389,  487,  558,  432,  385,  445,  608,  385,  527,  350,  193,  659,  205,  338,  580,  335,  408,  250,  544,  345,  392,  291,  481,  421,  331,  197,  450,  377,  350,  271,  610,  407,  186,  341,  503,  403,  387,  338,  622,  617,  320],
        [  633,  633,  379,  331,  619,  584,  462,  683,  649,  183,   73,    0,  629,  348,  554,  358,  359,  667,  332,  427,  418,  589,  491,  442,  467,  536,  352,  465,  367,  179,  726,  277,  385,  602,  379,  335,  304,  613,  372,  404,  220,  419,  488,  352,  237,  469,  420,  382,  221,  621,  436,  257,  301,  478,  346,  415,  368,  673,  670,  289],
        [  117,  117,  484,  779,  676,  166,  707,  271,  193,  464,  621,  629,    0,  633,  173,  274,  882,  722,  398,  976,  690,  200,  942,  910,  201,  846,  372,  608,  967,  452,  664,  623,  910,  122,  372,  774,  815,  659,  297, 1011,  649,  601,  554,  298,  446, 1064,  349,  951,  829,   28, 1009,  680,  431,  288,  530,  993,  310,  420,  442,  400],
        [  697,  697,  645,  678,  913,  678,  119,  539,  547,  280,  415,  348,  633,    0,  654,  451,  696,  965,  238,  750,   78,  700,  836,  787,  569,  233,  263,  134,  657,  321,  995,  605,  720,  672,  586,  166,  648,  904,  521,  681,  139,   90,  767,  488,  474,  752,  616,  697,  368,  640,  744,  599,  212,  362,  105,  720,  527,  866,  872,  256],
        [   93,   93,  327,  640,  503,   30,  749,  426,  349,  423,  528,  554,  173,  654,    0,  213,  753,  549,  420,  849,  722,   48,  795,  768,   91,  882,  400,  664,  858,  397,  495,  485,  780,   64,  225,  770,  687,  486,  184,  903,  633,  645,  384,  203,  335,  950,  192,  831,  771,  147,  888,  548,  443,  369,  559,  874,  191,  264,  283,  400],
        [  280,  280,  286,  525,  543,  241,  554,  405,  345,  210,  347,  358,  274,  451,  213,    0,  619,  596,  229,  710,  523,  256,  696,  659,  123,  683,  217,  482,  694,  188,  587,  376,  648,  250,  179,  559,  552,  529,   85,  737,  420,  455,  395,   55,  183,  792,  190,  682,  567,  264,  740,  423,  244,  249,  364,  723,   97,  419,  428,  197],
        [  845,  845,  446,  125,  531,  780,  803, 1005,  956,  520,  311,  359,  882,  696,  753,  619,    0,  558,  678,   97,  760,  769,  152,  105,  687,  849,  694,  820,  170,  498,  668,  271,   29,  814,  530,  636,   68,  536,  586,  211,  560,  773,  477,  586,  438,  222,  566,  100,  400,  866,  145,  206,  651,  809,  705,  141,  574,  747,  731,  630],
        [  622,  622,  326,  447,   54,  559, 1083,  963,  888,  689,  596,  667,  722,  965,  549,  596,  558,    0,  801,  635, 1043,  528,  485,  494,  554, 1185,  798, 1041,  726,  648,  130,  395,  570,  604,  417,  998,  526,   67,  512,  768,  868, 1004,  204,  542,  494,  773,  411,  657,  848,  696,  693,  441,  800,  843,  911,  694,  499,  350,  324,  755],
        [  459,  459,  477,  618,  748,  443,  330,  362,  344,  158,  368,  332,  398,  238,  420,  229,  678,  801,    0,  754,  303,  466,  791,  746,  338,  463,   28,  253,  698,  186,  808,  499,  705,  435,  392,  378,  616,  735,  309,  733,  261,  228,  597,  275,  319,  799,  412,  712,  477,  404,  767,  521,   38,  157,  140,  746,  318,  648,  657,   52],
        [  940,  940,  542,  219,  612,  876,  850, 1090, 1044,  598,  389,  427,  976,  750,  849,  710,   97,  635,  754,    0,  807,  866,  174,  145,  782,  882,  772,  878,  132,  580,  750,  367,   73,  909,  626,  670,  162,  619,  680,  155,  611,  831,  569,  679,  531,  139,  663,   58,  421,  961,   59,  302,  726,  891,  769,   68,  669,  841,  824,  708],
        [  760,  760,  723,  748,  991,  746,   44,  570,  587,  357,  487,  418,  690,   78,  722,  523,  760, 1043,  303,  807,    0,  769,  902,  853,  639,  161,  325,  118,  708,  398, 1072,  680,  783,  737,  663,  171,  714,  982,  595,  728,  201,   96,  844,  562,  552,  799,  692,  753,  409,  699,  798,  672,  281,  409,  164,  774,  601,  940,  947,  327],
        [   95,   95,  333,  653,  484,   35,  795,  462,  384,  464,  558,  589,  200,  700,   48,  256,  769,  528,  466,  866,  769,    0,  803,  778,  134,  929,  447,  711,  881,  437,  465,  499,  795,   79,  241,  814,  704,  467,  217,  927,  676,  692,  375,  240,  363,  971,  203,  851,  807,  173,  907,  564,  489,  415,  606,  894,  222,  224,  245,  445],
        [  887,  887,  470,  175,  471,  820,  945, 1096, 1040,  634,  432,  491,  942,  836,  795,  696,  152,  485,  791,  174,  902,  803,    0,   50,  742,  997,  804,  955,  299,  606,  608,  322,  140,  858,  574,  785,  189,  480,  648,  328,  701,  909,  462,  655,  515,  309,  604,  220,  551,  923,  231,  277,  769,  910,  834,  242,  634,  737,  717,  741],
        [  860,  860,  446,  135,  475,  793,  896, 1056, 1002,  589,  385,  442,  910,  787,  768,  659,  105,  494,  746,  145,  853,  778,   50,    0,  711,  948,  760,  907,  261,  562,  613,  288,   97,  830,  545,  735,  140,  482,  614,  294,  652,  860,  449,  619,  477,  284,  577,  182,  503,  892,  204,  237,  723,  868,  787,  211,  601,  725,  706,  697],
        [  168,  168,  286,  580,  504,  120,  667,  410,  337,  332,  445,  467,  201,  569,   91,  123,  687,  554,  338,  782,  639,  134,  742,  711,    0,  799,  320,  587,  781,  307,  520,  424,  714,  136,  172,  681,  620,  488,  103,  827,  543,  565,  368,  115,  256,  876,  154,  760,  682,  182,  817,  483,  358,  311,  477,  803,  113,  318,  331,  314],
        [  920,  920,  869,  857, 1134,  906,  139,  706,  731,  507,  608,  536,  846,  233,  882,  683,  849, 1185,  463,  882,  161,  929,  997,  948,  799,    0,  485,  246,  769,  548, 1222,  809,  869,  896,  816,  213,  812, 1125,  753,  779,  320,  246,  990,  720,  699,  850,  847,  825,  463,  856,  863,  792,  441,  562,  324,  839,  758, 1098, 1104,  486],
        [  436,  436,  475,  630,  745,  422,  350,  337,  317,  175,  385,  352,  372,  263,  400,  217,  694,  798,   28,  772,  325,  447,  804,  760,  320,  485,    0,  268,  719,  198,  800,  507,  722,  412,  385,  405,  631,  732,  299,  755,  288,  246,  594,  265,  322,  820,  403,  731,  503,  378,  787,  532,   65,  131,  162,  766,  309,  633,  643,   65],
        [  690,  690,  717,  792,  988,  685,  111,  461,  485,  357,  527,  465,  608,  134,  664,  482,  820, 1041,  253,  878,  118,  711,  955,  907,  587,  246,  268,    0,  789,  397, 1057,  703,  845,  670,  641,  283,  768,  977,  562,  813,  269,   47,  839,  528,  549,  884,  664,  826,  502,  620,  875,  707,  245,  321,  132,  851,  570,  900,  910,  292],
        [  946,  946,  577,  282,  696,  886,  749, 1049, 1011,  549,  350,  367,  967,  657,  858,  694,  170,  726,  698,  132,  708,  881,  299,  261,  781,  769,  719,  789,    0,  539,  832,  400,  166,  915,  642,  560,  204,  700,  679,   47,  520,  742,  629,  671,  526,  102,  682,   80,  307,  954,   96,  332,  665,  844,  690,   72,  670,  889,  875,  656],
        [  468,  468,  325,  432,  595,  426,  437,  512,  473,   42,  193,  179,  452,  321,  397,  188,  498,  648,  186,  580,  398,  437,  606,  562,  307,  548,  198,  397,  539,    0,  675,  316,  527,  437,  272,  392,  434,  585,  227,  579,  250,  358,  447,  198,  154,  640,  306,  542,  380,  446,  599,  335,  169,  312,  266,  579,  227,  564,  566,  136],
        [  555,  555,  354,  551,  139,  499, 1110,  920,  843,  716,  659,  726,  664,  995,  495,  587,  668,  130,  808,  750, 1072,  465,  608,  613,  520, 1222,  800, 1057,  832,  675,    0,  471,  683,  543,  417, 1048,  629,  133,  503,  876,  911, 1023,  239,  535,  524,  887,  398,  768,  923,  637,  807,  527,  812,  826,  929,  807,  492,  257,  231,  765],
        [  577,  577,  178,  156,  351,  511,  722,  778,  720,  352,  205,  277,  623,  605,  485,  376,  271,  395,  499,  367,  680,  499,  322,  288,  424,  809,  507,  703,  400,  316,  471,    0,  297,  546,  261,  612,  208,  348,  327,  447,  490,  660,  241,  333,  197,  480,  296,  357,  455,  605,  411,   69,  484,  600,  573,  401,  314,  490,  477,  448],
        [  872,  872,  470,  147,  545,  807,  826, 1033,  985,  548,  338,  385,  910,  720,  780,  648,   29,  570,  705,   73,  783,  795,  140,   97,  714,  869,  722,  845,  166,  527,  683,  297,    0,  841,  556,  656,   96,  551,  614,  202,  583,  798,  497,  614,  466,  205,  593,   90,  416,  894,  126,  233,  679,  837,  731,  125,  602,  769,  752,  658],
        [   32,   32,  390,  702,  560,   46,  760,  388,  310,  459,  580,  602,  122,  672,   64,  250,  814,  604,  435,  909,  737,   79,  858,  830,  136,  896,  412,  670,  915,  437,  543,  546,  841,    0,  286,  798,  748,  543,  237,  960,  663,  655,  446,  251,  390, 1008,  255,  890,  815,   95,  947,  608,  462,  361,  574,  933,  246,  299,  321,  422],
        [  317,  317,  116,  416,  365,  251,  698,  567,  498,  310,  335,  379,  372,  586,  225,  179,  530,  417,  392,  626,  663,  241,  574,  545,  172,  816,  385,  641,  642,  272,  417,  261,  556,  286,    0,  661,  465,  350,   98,  688,  520,  608,  217,  125,  142,  731,   43,  611,  599,  351,  666,  324,  396,  428,  514,  654,   84,  298,  297,  349],
        [  825,  825,  695,  647,  949,  797,  204,  703,  706,  356,  408,  335,  774,  166,  770,  559,  636,  998,  378,  670,  171,  814,  785,  735,  681,  213,  405,  283,  560,  392, 1048,  612,  656,  798,  661,    0,  600,  942,  615,  574,  142,  247,  811,  584,  529,  645,  696,  614,  254,  778,  653,  588,  344,  518,  263,  629,  617,  955,  957,  378],
        [  779,  779,  385,   80,  494,  715,  757,  939,  890,  458,  250,  304,  815,  648,  687,  552,   68,  526,  616,  162,  714,  704,  189,  140,  620,  812,  631,  768,  204,  434,  629,  208,   96,  748,  465,  600,    0,  497,  519,  250,  513,  722,  426,  518,  371,  275,  502,  151,  376,  799,  204,  141,  590,  744,  649,  194,  507,  691,  676,  567],
        [  561,  561,  261,  419,   18,  497, 1021,  897,  823,  626,  544,  613,  659,  904,  486,  529,  536,   67,  735,  619,  982,  467,  480,  482,  488, 1125,  732,  977,  700,  585,  133,  348,  551,  543,  350,  942,  497,    0,  446,  744,  810,  941,  139,  475,  431,  755,  344,  636,  802,  633,  675,  399,  735,  776,  847,  675,  433,  303,  278,  689],
        [  268,  268,  210,  482,  460,  213,  628,  472,  406,  259,  345,  372,  297,  521,  184,   85,  586,  512,  309,  680,  595,  217,  648,  614,  103,  753,  299,  562,  679,  227,  503,  327,  614,  237,   98,  615,  519,  446,    0,  725,  474,  533,  313,   34,  154,  774,  106,  658,  591,  281,  716,  383,  320,  331,  440,  701,   15,  346,  352,  272],
        [  992,  992,  624,  326,  740,  932,  768, 1087, 1051,  587,  392,  404, 1011,  681,  903,  737,  211,  768,  733,  155,  728,  927,  328,  294,  827,  779,  755,  813,   47,  579,  876,  447,  202,  960,  688,  574,  250,  744,  725,    0,  545,  767,  675,  716,  571,   72,  728,  113,  321,  998,  105,  378,  700,  881,  719,   87,  715,  935,  922,  692],
        [  692,  692,  558,  548,  817,  660,  245,  612,  602,  215,  291,  220,  649,  139,  633,  420,  560,  868,  261,  611,  201,  676,  701,  652,  543,  320,  288,  269,  520,  250,  911,  490,  583,  663,  520,  142,  513,  810,  474,  545,    0,  223,  676,  443,  390,  616,  555,  558,  241,  650,  606,  476,  224,  413,  184,  582,  476,  814,  816,  250],
        [  677,  677,  680,  746,  951,  667,  107,  474,  492,  317,  481,  419,  601,   90,  645,  455,  773, 1004,  228,  831,   96,  692,  909,  860,  565,  246,  246,   47,  742,  358, 1023,  660,  798,  655,  608,  247,  722,  941,  533,  767,  223,    0,  802,  499,  511,  838,  633,  779,  457,  611,  828,  662,  214,  317,   95,  804,  540,  874,  883,  261],
        [  469,  469,  123,  353,  151,  401,  883,  776,  705,  488,  421,  488,  554,  767,  384,  395,  477,  204,  597,  569,  844,  375,  462,  449,  368,  990,  594,  839,  629,  447,  239,  241,  497,  446,  217,  811,  426,  139,  313,  675,  676,  802,    0,  341,  293,  698,  217,  574,  687,  529,  621,  304,  596,  644,  708,  616,  300,  276,  257,  551],
        [  282,  282,  232,  486,  489,  232,  594,  454,  391,  229,  331,  352,  298,  488,  203,   55,  586,  542,  275,  679,  562,  240,  655,  619,  115,  720,  265,  528,  671,  198,  535,  333,  614,  251,  125,  584,  518,  475,   34,  716,  443,  499,  341,    0,  148,  767,  138,  654,  568,  284,  712,  385,  286,  304,  406,  696,   44,  379,  386,  238],
        [  422,  422,  172,  343,  441,  364,  590,  582,  526,  196,  197,  237,  446,  474,  335,  183,  438,  494,  319,  531,  552,  363,  515,  477,  256,  699,  322,  549,  526,  154,  524,  197,  466,  390,  142,  529,  371,  431,  154,  571,  390,  511,  293,  148,    0,  620,  184,  506,  457,  431,  564,  241,  311,  405,  418,  548,  145,  438,  436,  269],
        [ 1040, 1040,  658,  345,  749,  978,  839, 1150, 1112,  650,  450,  469, 1064,  752,  950,  792,  222,  773,  799,  139,  799,  971,  309,  284,  876,  850,  820,  884,  102,  640,  887,  480,  205, 1008,  731,  645,  275,  755,  774,   72,  616,  838,  698,  767,  620,    0,  770,  125,  393, 1051,   81,  412,  767,  946,  789,   82,  763,  965,  950,  757],
        [  284,  284,  137,  451,  359,  217,  726,  559,  488,  343,  377,  420,  349,  616,  192,  190,  566,  411,  412,  663,  692,  203,  604,  577,  154,  847,  403,  664,  682,  306,  398,  296,  593,  255,   43,  696,  502,  344,  106,  728,  555,  633,  217,  138,  184,  770,    0,  649,  640,  326,  704,  362,  420,  434,  539,  692,   95,  260,  261,  373],
        [  922,  922,  535,  222,  631,  859,  795, 1053, 1010,  557,  350,  382,  951,  697,  831,  682,  100,  657,  712,   58,  753,  851,  220,  182,  760,  825,  731,  826,   80,  542,  768,  357,   90,  890,  611,  614,  151,  636,  658,  113,  558,  779,  574,  654,  506,  125,  649,    0,  364,  937,   59,  289,  682,  852,  719,   44,  647,  841,  826,  667],
        [  846,  846,  589,  439,  805,  800,  448,  838,  818,  366,  271,  221,  829,  368,  771,  567,  400,  848,  477,  421,  409,  807,  551,  503,  682,  463,  503,  502,  307,  380,  923,  455,  416,  815,  599,  254,  376,  802,  591,  321,  241,  457,  687,  568,  457,  393,  640,  364,    0,  825,  400,  409,  440,  633,  425,  377,  587,  891,  887,  450],
        [   91,   91,  462,  761,  650,  139,  718,  297,  219,  460,  610,  621,   28,  640,  147,  264,  866,  696,  404,  961,  699,  173,  923,  892,  182,  856,  378,  620,  954,  446,  637,  605,  894,   95,  351,  778,  799,  633,  281,  998,  650,  611,  529,  284,  431, 1051,  326,  937,  825,    0,  995,  663,  435,  302,  538,  979,  293,  393,  415,  402],
        [  979,  979,  588,  269,  669,  916,  839, 1110, 1068,  614,  407,  436, 1009,  744,  888,  740,  145,  693,  767,   59,  798,  907,  231,  204,  817,  863,  787,  875,   96,  599,  807,  411,  126,  947,  666,  653,  204,  675,  716,  105,  606,  828,  621,  712,  564,   81,  704,   59,  400,  995,    0,  344,  737,  909,  771,   25,  704,  891,  875,  723],
        [  639,  639,  247,  103,  400,  575,  715,  820,  766,  366,  186,  257,  680,  599,  548,  423,  206,  441,  521,  302,  672,  564,  277,  237,  483,  792,  532,  707,  332,  335,  527,   69,  233,  608,  324,  588,  141,  399,  383,  378,  476,  662,  304,  385,  241,  412,  362,  289,  409,  663,  344,    0,  501,  634,  579,  333,  371,  558,  545,  470],
        [  487,  487,  475,  596,  747,  467,  311,  399,  381,  135,  341,  301,  431,  212,  443,  244,  651,  800,   38,  726,  281,  489,  769,  723,  358,  441,   65,  245,  665,  169,  812,  484,  679,  462,  396,  344,  590,  735,  320,  700,  224,  214,  596,  286,  311,  767,  420,  682,  440,  435,  737,  501,    0,  194,  121,  715,  327,  662,  670,   48],
        [  377,  377,  534,  735,  791,  384,  423,  207,  190,  296,  503,  478,  288,  362,  369,  249,  809,  843,  157,  891,  409,  415,  910,  868,  311,  562,  131,  321,  844,  312,  826,  600,  837,  361,  428,  518,  744,  776,  331,  881,  413,  317,  644,  304,  405,  946,  434,  852,  633,  302,  909,  634,  194,    0,  258,  888,  345,  626,  641,  190],
        [  597,  597,  586,  668,  858,  582,  191,  441,  444,  225,  403,  346,  530,  105,  559,  364,  705,  911,  140,  769,  164,  606,  834,  787,  477,  324,  162,  132,  690,  266,  929,  573,  731,  574,  514,  263,  649,  847,  440,  719,  184,   95,  708,  406,  418,  789,  539,  719,  425,  538,  771,  579,  121,  258,    0,  748,  447,  783,  791,  168],
        [  965,  965,  578,  264,  669,  902,  815, 1091, 1049,  593,  387,  415,  993,  720,  874,  723,  141,  694,  746,   68,  774,  894,  242,  211,  803,  839,  766,  851,   72,  579,  807,  401,  125,  933,  654,  629,  194,  675,  701,   87,  582,  804,  616,  696,  548,   82,  692,   44,  377,  979,   25,  333,  715,  888,  748,    0,  690,  884,  869,  702],
        [  278,  278,  195,  469,  447,  220,  635,  487,  420,  261,  338,  368,  310,  527,  191,   97,  574,  499,  318,  669,  601,  222,  634,  601,  113,  758,  309,  570,  670,  227,  492,  314,  602,  246,   84,  617,  507,  433,   15,  715,  476,  540,  300,   44,  145,  763,   95,  647,  587,  293,  704,  371,  327,  345,  447,  690,    0,  341,  346,  280],
        [  306,  306,  316,  623,  320,  259,  972,  686,  608,  600,  622,  673,  420,  866,  264,  419,  747,  350,  648,  841,  940,  224,  737,  725,  318, 1098,  633,  900,  889,  564,  257,  490,  769,  299,  298,  955,  691,  303,  346,  935,  814,  874,  276,  379,  438,  965,  260,  841,  891,  393,  891,  558,  662,  626,  783,  884,  341,    0,   27,  615],
        [  329,  329,  305,  607,  294,  280,  980,  707,  629,  604,  617,  670,  442,  872,  283,  428,  731,  324,  657,  824,  947,  245,  717,  706,  331, 1104,  643,  910,  875,  566,  231,  477,  752,  321,  297,  957,  676,  278,  352,  922,  816,  883,  257,  386,  436,  950,  261,  826,  887,  415,  875,  545,  670,  641,  791,  869,  346,   27,    0,  623],
        [  448,  448,  430,  568,  702,  425,  358,  396,  370,  110,  320,  289,  400,  256,  400,  197,  630,  755,   52,  708,  327,  445,  741,  697,  314,  486,   65,  292,  656,  136,  765,  448,  658,  422,  349,  378,  567,  689,  272,  692,  250,  261,  551,  238,  269,  757,  373,  667,  450,  402,  723,  470,   48,  190,  168,  702,  280,  615,  623,    0]
    ]
}
