{
    "name": "random-77-4021",
    "comment": "size=77 seed=4021",
    "nodes": ["+0", "-0", "+1", "-1", "+2", "-2", "+3", "-3", "+4", "-4", "+5", "-5", "+6", "-6", "+7", "-7", "+8", "-8", "+9", "-9", "+10", "-10", "+11", "-11", "+12", "-12", "+13", "-13", "+14", "-14", "+15", "-15", "+16", "-16", "+17", "-17", "+18", "-18", "+19", "-19", "+20", "-20", "+21", "-21", "+22", "-22", "+23", "-23", "+24", "-24", "+25", "-25", "+26", "-26", "+27", "-27", "+28", "-28", "+29", "-29", "+30", "-30", "+31", "-31", "+32", "-32", "+33", "-33", "+34", "-34", "+35", "-35", "+36", "-36", "+37", "-37", "+38", "-38", "+39", "-39", "+40", "-40", "+41", "-41", "+42", "-42", "+43", "-43", "+44", "-44", "+45", "-45", "+46", "-46", "+47", "-47", "+48", "-48", "+49", "-49", "+50", "-50", "+51", "-51", "+52", "-52", "+53", "-53", "+54", "-54", "+55", "-55", "+56", "-56", "+57", "-57", "+58", "-58", "+59", "-59", "+60", "-60", "+61", "-61", "+62", "-62", "+63", "-63", "+64", "-64", "+65", "-65", "+66", "-66", "+67", "-67", "+68", "-68", "+69", "-69", "+70", "-70", "+71", "-71", "+72", "-72", "+73", "-73", "+74", "-74", "+75", "-75", "+76", "-76", "+77", "-77"],
    "precedence": {
        "+0": "-0",
        "+1": "-1",
        "+2": "-2",
        "+3": "-3",
        "+4": "-4",
        "+5": "-5",
        "+6": "-6",
        "+7": "-7",
        "+8": "-8",
        "+9": "-9",
        "+10": "-10",
        "+11": "-11",
        "+12": "-12",
        "+13": "-13",
        "+14": "-14",
        "+15": "-15",
        "+16": "-16",
        "+17": "-17",
        "+18": "-18",
        "+19": "-19",
        "+20": "-20",
        "+21": "-21",
        "+22": "-22",
        "+23": "-23",
        "+24": "-24",
        "+25": "-25",
        "+26": "-26",
        "+27": "-27",
        "+28": "-28",
        "+29": "-29",
        "+30": "-30",
        "+31": "-31",
        "+32": "-32",
        "+33": "-33",
        "+34": "-34",
        "+35": "-35",
        "+36": "-36",
        "+37": "-37",
        "+38": "-38",
        "+39": "-39",
        "+40": "-40",
        "+41": "-41",
        "+42": "-42",
        "+43": "-43",
        "+44": "-44",
        "+45": "-45",
        "+46": "-46",
        "+47": "-47",
        "+48": "-48",
        "+49": "-49",
        "+50": "-50",
        "+51": "-51",
        "+52": "-52",
        "+53": "-53",
        "+54": "-54",
        "+55": "-55",
        "+56": "-56",
        "+57": "-57",
        "+58": "-58",
        "+59": "-59",
        "+60": "-60",
        "+61": "-61",
        "+62": "-62",
        "+63": "-63",
        "+64": "-64",
        "+65": "-65",
        "+66": "-66",
        "+67": "-67",
        "+68": "-68",
        "+69": "-69",
        "+70": "-70",
        "+71": "-71",
        "+72": "-72",
        "+73": "-73",
        "+74": "-74",
        "+75": "-75",
        "+76": "-76",
        "+77": "-77"
    },
    "edges": [
        [    0,    0,  391,  823,  543,  391,  415,  851,  744,  370,  499,  300,  462,  665,  759,  986,  783,  501,  710,  474,  188,  394,  277,  896,   49,  361,  671,  251, 1018,  616,  960,  816,  854,  908,  580,  102,  559, 1008,  463,  352,  797,  500,  771,  890,  456,  543,  299,  462,  481,  807,  971,  320,  922,  554,  280,  292,  491,  985,  539,  451,  674,  383,  557,  454,  191,  453,  147,  340,  376,  649,  377,  407,  604,  429,  378,  595,  565,  539,  538,  806,  777,  432,  708,  434,  748,  351,  716,  703,  715,  376,  947,  283,  919,  214,  116,  444,  381,  528,  910,  317,  102,  731,  451,  662,  420,  174,  528,  677,  695,  467,  765,  447,  589,  300,  515,  862,  380,  250,  794,  944,  637,  736,  521,  927,  866,  541,  712,  390,  457,  599,  173,  620,  488,  650,  860,  343,  664,  706, 1060,  162,  471,  491,  143,  913,  169,  123,  517,  184,  369,  852,  874,  471,  835,  498,  303,  454],
        [    0,    0,    0,    0,    0,    0,    0,    0,    0,    0,    0,    0,    0,    0,    0,    0,    0,    0,    0,    0,    0,    0,    0,    0,    0,    0,    0,    0,    0,    0,    0,    0,    0,    0,    0,    0,    0,    0,    0,    0,    0,    0,    0,    0,    0,    0,    0,    0,    0,    0,    0,    0,    0,    0,    0,    0,    0,    0,    0,    0,    0,    0,    0,    0,    0,    0,    0,    0,    0,    0,    0,    0,    0,    0,    0,    0,    0,    0,    0,    0,    0,    0,    0,    0,    0,    0,    0,    0,    0,    0,    0,    0,    0,    0,    0,    0,    0,    0,    0,    0,    0,    0,    0,    0,    0,    0,    0,    0,    0,    0,    0,    0,    0,    0,    0,    0,    0,    0,    0,    0,    0,    0,    0,    0,    0,    0,    0,    0,    0,    0,    0,    0,    0,    0,    0,    0,    0,    0,    0,    0,    0,    0,    0,    0,    0,    0,    0,    0,    0,    0,    0,    0,    0,    0,    0,    0],
        [  391,    0,    0,  667,  256,  199,  600,  462,  675,  113,  175,  536,  106,  614,  370,  868,  588,  561,  488,  469,  211,   86,  371,  628,  434,  695,  626,  141,  639,  499,  818,  425,  786,  519,  279,  340,  176,  636,  158,  606,  703,  344,  512,  746,  246,  233,  411,  162,   93,  544,  811,  138,  722,  603,  124,  324,  451,  615,  166,  316,  356,  564,  499,  139,  296,  532,  493,  221,  137,  267,   58,  193,  380,  571,   74,  319,  199,  477,  255,  521,  555,  259,  484,   66,  396,  130,  520,  679,  351,  526,  608,  306,  614,  183,  278,   55,  192,  355,  557,  389,  457,  599,  341,  503,  394,  237,  272,  341,  391,  602,  377,  447,  199,  547,  259,  707,  719,  470,  425,  665,  462,  418,  332,  540,  662,  250,  322,  186,  308,  292,  227,  390,  352,  296,  485,  667,  307,  518,  683,  305,  254,  250,  261,  538,  337,  274,  220,  464,  277,  586,  510,  451,  483,  182,  124,  110],
        [  823,    0,  667,    0,  423,  492,  591,  688,  173,  570,  813,  659,  745,  220,  668,  205,  102,  416,  199,  371,  763,  752,  554,  258,  830,  850,  226,  701,  686,  207,  152,  757,  199,  721,  903,  721,  726,  636,  812,  690,  126,  342,  241,   80,  911,  863,  548,  507,  681,  242,  151,  587,  127,  388,  736,  531,  342,  616,  746,  387,  402,  586,  279,  530,  633,  451,  794,  513,  802,  758,  723,  859,  290,  530,  601,  952,  777,  293,  897,  293,  157,  429,  202,  714,  480,  790,  153,  255,  861,  549,  473,  541,  358,  747,  742,  644,  503, 1018,  514,  518,  796,   95,  377,  170,  406,  792,  923,  911,  364,  518,  770,  394,  670,  673,  913,   41,  872,  645,  542,  300,  207,  384,  340,  709,  107,  430,  733,  502,  974,  415,  771,  283, 1018,  493,  595,  820,  500,  152,  698,  866,  417,  909,  790,  611,  655,  784,  862,  714,  466,  248,  541,  366,  488,  822,  616,  566],
        [  543,    0,  256,  423,    0,  155,  561,  396,  467,  188,  391,  549,  323,  422,  330,  627,  336,  451,  234,  346,  411,  338,  371,  378,  571,  744,  436,  335,  513,  291,  573,  419,  568,  450,  481,  455,  308,  489,  391,  611,  481,  164,  258,  503,  493,  441,  397,   98,  259,  291,  562,  229,  467,  476,  352,  318,  311,  465,  325,  176,  133,  533,  328,  118,  371,  443,  588,  212,  391,  356,  313,  445,  134,  511,  204,  530,  358,  311,  474,  275,  300,  142,  231,  295,  223,  385,  272,  494,  463,  486,  406,  311,  381,  387,  432,  224,  164,  599,  377,  361,  567,  368,  205,  271,  291,  442,  500,  498,  154,  530,  406,  337,  261,  562,  491,  462,  769,  495,  285,  419,  227,  193,  130,  456,  408,    8,  355,  154,  559,   59,  424,  141,  603,  145,  358,  713,  160,  272,  549,  519,   94,  488,  452,  405,  412,  456,  440,  528,  218,  334,  351,  325,  303,  400,  253,  148],
        [  391,    0,  199,  492,  155,    0,  443,  522,  480,   87,  371,  410,  300,  416,  443,  685,  426,  373,  337,  275,  279,  281,  230,  512,  417,  599,  428,  211,  659,  307,  642,  523,  593,  579,  474,  300,  335,  640,  356,  476,  512,  153,  387,  569,  440,  428,  263,  102,  256,  423,  641,   96,  566,  411,  245,  175,  254,  616,  338,  118,  288,  411,  300,  112,  217,  350,  434,   59,  323,  411,  249,  382,  225,  402,  126,  516,  374,  278,  453,  417,  406,   64,  334,  261,  374,  307,  356,  481,  512,  367,  561,  164,  529,  260,  284,  203,   12,  549,  531,  230,  412,  414,  143,  323,  202,  310,  470,  522,  306,  429,  493,  256,  317,  423,  458,  532,  624,  351,  430,  557,  286,  347,  153,  590,  507,  154,  438,   14,  496,  213,  289,  240,  540,  283,  502,  568,  299,  350,  698,  386,   84,  448,  314,  552,  258,  314,  418,  377,   90,  468,  502,  256,  457,  378,  125,  142],
        [  415,    0,  600,  591,  561,  443,    0,  955,  447,  502,  768,  119,  704,  377,  881,  689,  603,  176,  582,  246,  505,  657,  229,  773,  388,  264,  374,  506, 1065,  416,  687,  965,  534, 1010,  869,  347,  765, 1034,  741,  107,  510,  414,  667,  631,  785,  824,  189,  543,  681,  698,  714,  463,  715,  211,  557,  278,  288, 1010,  762,  386,  673,   37,  328,  554,  324,  144,  298,  393,  672,  848,  626,  725,  524,   62,  538,  901,  797,  324,  837,  724,  627,  422,  583,  664,  777,  647,  557,  377,  944,   77,  915,  295,  839,  514,  422,  627,  442,  882,  911,  215,  329,  501,  361,  485,  273,  517,  841,  940,  669,   79,  936,  240,  758,  125,  827,  620,  284,  167,  842,  825,  489,  715,  453, 1017,  675,  564,  880,  454,  813,  612,  500,  539,  852,  705,  916,  237,  721,  544, 1097,  552,  469,  809,  492,  960,  299,  472,  805,  233,  355,  737,  899,  264,  845,  772,  476,  582],
        [  851,    0,  462,  688,  396,  522,  955,    0,  800,  496,  436,  932,  424,  778,   94,  876,  586,  844,  503,  739,  673,  489,  752,  483,  891, 1118,  792,  602,  198,  647,  809,  102,  877,   58,  450,  787,  323,  219,  466,  998,  790,  555,  447,  755,  561,  441,  783,  422,  379,  452,  778,  547,  657,  864,  583,  697,  702,  208,  352,  572,  312,  925,  707,  419,  721,  838,  937,  580,  535,  256,  492,  553,  476,  907,  477,  491,  349,  693,  478,  401,  531,  533,  500,  436,  212,  549,  556,  850,  294,  880,  305,  686,  398,  645,  736,  409,  526,  624,  230,  749,  906,  678,  600,  598,  687,  698,  514,  379,  338,  926,  158,  732,  269,  945,  514,  714, 1144,  873,  146,  482,  561,  307,  517,   79,  614,  392,  177,  514,  629,  350,  689,  468,  657,  252,  108, 1088,  237,  564,  243,  762,  487,  530,  722,  134,  764,  736,  463,  891,  604,  464,  174,  718,  210,  444,  555,  405],
        [  744,    0,  675,  173,  467,  480,  447,  800,    0,  566,  840,  533,  768,   79,  763,  248,  242,  277,  298,  270,  723,  760,  467,  421,  741,  710,   76,  674,  828,  179,  240,  855,  115,  840,  938,  644,  772,  782,  830,  552,   64,  332,  370,  189,  919,  894,  449,  528,  712,  384,  270,  568,  297,  237,  717,  460,  257,  761,  786,  363,  492,  450,  192,  551,  565,  320,  688,  482,  802,  822,  728,  862,  341,  390,  603,  984,  821,  214,  923,  431,  293,  417,  301,  732,  589,  786,  247,   84,  928,  420,  625,  474,  516,  713,  682,  666,  489, 1028,  655,  427,  698,  125,  341,  205,  331,  749,  944,  964,  463,  370,  857,  298,  727,  546,  933,  189,  730,  533,  656,  467,  246,  495,  350,  833,  278,  474,  812,  493,  975,  480,  728,  342, 1020,  574,  718,  683,  584,  237,  846,  817,  425,  925,  740,  743,  577,  730,  888,  607,  425,  403,  672,  274,  616,  848,  596,  589],
        [  370,    0,  113,  570,  188,   87,  502,  496,  566,    0,  287,  452,  216,  503,  409,  767,  498,  451,  403,  357,  224,  194,  277,  564,  404,  627,  515,  148,  652,  392,  721,  480,  679,  554,  390,  294,  264,  639,  270,  521,  597,  237,  441,  649,  353,  344,  315,   95,  181,  476,  718,   52,  636,  492,  170,  225,  339,  617,  263,  205,  312,  468,  387,   85,  226,  424,  442,  113,  237,  347,  162,  296,  291,  468,   40,  431,  298,  365,  367,  462,  472,  150,  400,  176,  379,  222,  429,  568,  443,  427,  582,  209,  567,  200,  255,  127,   79,  462,  542,  288,  412,  496,  229,  403,  282,  255,  384,  445,  339,  498,  442,  336,  260,  464,  371,  611,  652,  388,  425,  606,  364,  375,  231,  569,  577,  184,  386,   74,  410,  239,  237,  304,  455,  280,  493,  598,  295,  424,  693,  332,  154,  361,  267,  546,  270,  272,  332,  397,  166,  520,  505,  339,  466,  294,   68,   91],
        [  499,    0,  175,  813,  391,  371,  768,  436,  840,  287,    0,  695,   73,  782,  348, 1017,  726,  736,  623,  644,  313,  113,  540,  732,  546,  836,  794,  273,  632,  662,  964,  365,  948,  486,  104,  476,  121,  644,   37,  764,  863,  509,  628,  893,  129,   58,  580,  313,  133,  656,  951,  311,  852,  778,  227,  495,  625,  627,   90,  486,  453,  732,  669,  290,  452,  706,  624,  396,  125,  184,  143,  120,  524,  742,  248,  145,   88,  648,   84,  623,  686,  429,  619,  111,  453,  149,  662,  849,  220,  696,  660,  476,  696,  289,  401,  174,  365,  217,  596,  560,  583,  754,  513,  656,  568,  326,  111,  181,  494,  775,  303,  622,  190,  704,  102,  852,  859,  628,  457,  760,  613,  507,  491,  513,  793,  384,  263,  358,  200,  408,  327,  531,  235,  369,  496,  811,  374,  662,  677,  366,  415,  107,  356,  546,  489,  376,   49,  610,  452,  693,  540,  625,  530,   10,  293,  252],
        [  300,    0,  536,  659,  549,  410,  119,  932,  533,  452,  695,    0,  636,  458,  852,  779,  656,  258,  617,  292,  411,  582,  181,  812,  271,  203,  458,  425, 1060,  466,  770,  929,  630,  989,  793,  244,  709, 1035,  665,   70,  595,  424,  698,  710,  697,  749,  152,  511,  624,  731,  794,  406,  779,  305,  475,  235,  328, 1011,  701,  385,  672,   94,  383,  517,  243,  214,  180,  354,  590,  796,  553,  639,  540,  153,  483,  821,  735,  373,  758,  749,  670,  407,  616,  598,  771,  564,  601,  471,  886,  114,  930,  247,  867,  424,  322,  572,  407,  789,  916,  189,  211,  566,  366,  531,  287,  418,  759,  873,  676,  186,  894,  274,  712,   15,  745,  693,  227,   68,  832,  864,  526,  721,  460,  999,  733,  550,  837,  419,  719,  605,  403,  556,  756,  689,  906,  171,  705,  588, 1096,  445,  455,  725,  391,  953,  209,  370,  728,  117,  331,  773,  897,  302,  847,  698,  413,  539],
        [  462,    0,  106,  745,  323,  300,  704,  424,  768,  216,   73,  636,    0,  710,  332,  948,  659,  666,  557,  573,  275,   70,  475,  675,  508,  786,  722,  221,  614,  590,  896,  367,  877,  478,  174,  427,  104,  620,   68,  706,  792,  437,  567,  825,  175,  129,  515,  242,   69,  596,  885,  243,  788,  707,  183,  429,  553,  601,   79,  414,  396,  668,  597,  219,  394,  637,  578,  326,  112,  190,   87,  141,  455,  676,  177,  218,  104,  576,  156,  566,  621,  357,  553,   41,  409,  127,  595,  777,  257,  631,  620,  411,  646,  248,  357,  103,  293,  277,  560,  494,  539,  684,  441,  586,  498,  293,  178,  237,  435,  708,  310,  552,  158,  646,  168,  784,  810,  569,  422,  706,  544,  453,  420,  502,  729,  316,  261,  286,  246,  345,  290,  463,  286,  318,  469,  760,  324,  594,  659,  346,  343,  166,  322,  521,  433,  340,  120,  557,  382,  635,  507,  554,  490,   80,  228,  181],
        [  665,    0,  614,  220,  422,  416,  377,  778,   79,  503,  782,  458,  710,    0,  734,  326,  261,  203,  291,  192,  649,  697,  388,  444,  663,  639,   14,  603,  826,  134,  314,  826,  191,  823,  882,  566,  722,  783,  770,  480,  138,  274,  372,  255,  855,  837,  370,  474,  657,  392,  339,  500,  346,  170,  648,  383,  182,  760,  734,  299,  468,  376,  119,  496,  488,  245,  610,  412,  737,  778,  664,  797,  307,  318,  541,  927,  769,  141,  865,  434,  303,  355,  293,  673,  569,  720,  244,   73,  884,  345,  633,  398,  531,  641,  605,  609,  425,  964,  654,  349,  620,  141,  275,  184,  255,  675,  884,  914,  443,  302,  822,  219,  681,  471,  872,  245,  660,  455,  638,  493,  218,  480,  298,  818,  316,  429,  774,  429,  909,  444,  653,  312,  953,  542,  704,  611,  554,  232,  847,  741,  369,  863,  665,  734,  498,  654,  830,  529,  354,  418,  664,  197,  607,  790,  528,  534],
        [  759,    0,  370,  668,  330,  443,  881,   94,  763,  409,  348,  852,  332,  734,    0,  864,  567,  781,  474,  675,  581,  396,  672,  491,  800, 1034,  748,  510,  285,  601,  799,   93,  849,  150,  372,  698,  232,  298,  377,  918,  760,  493,  432,  740,  475,  358,  705,  342,  286,  444,  773,  460,  655,  804,  490,  617,  640,  282,  262,  504,  272,  851,  652,  336,  635,  771,  849,  499,  443,  174,  399,  463,  428,  835,  388,  416,  262,  637,  395,  396,  513,  460,  471,  343,  192,  456,  526,  806,  235,  805,  347,  605,  420,  552,  645,  317,  446,  543,  274,  672,  817,  646,  533,  559,  618,  605,  432,  314,  305,  857,  109,  666,  176,  864,  431,  698, 1060,  791,  148,  500,  519,  286,  457,  172,  606,  325,   99,  433,  544,  292,  597,  423,  574,  193,  156, 1004,  181,  533,  330,  669,  417,  446,  630,  202,  678,  644,  378,  805,  528,  465,  214,  654,  228,  356,  466,  318],
        [  986,    0,  868,  205,  627,  685,  689,  876,  248,  767, 1017,  779,  948,  326,  864,    0,  302,  522,  403,  514,  948,  953,  710,  408,  986,  951,  323,  891,  847,  383,   69,  951,  159,  903, 1108,  885,  931,  794, 1015,  795,  190,  533,  432,  126, 1113, 1067,  694,  709,  885,  424,  110,  779,  227,  479,  929,  697,  496,  777,  951,  574,  603,  694,  429,  732,  802,  567,  935,  699, 1001,  962,  923, 1059,  494,  634,  800, 1156,  982,  448, 1101,  475,  353,  622,  406,  917,  674,  988,  357,  313, 1064,  666,  628,  710,  509,  935,  916,  847,  696, 1220,  681,  670,  944,  272,  559,  365,  567,  976, 1126, 1115,  564,  611,  969,  541,  875,  792, 1116,  169,  970,  780,  731,  433,  407,  579,  537,  888,  262,  634,  933,  696, 1174,  620,  955,  488, 1219,  696,  777,  925,  701,  356,  852, 1047,  615, 1112,  971,  785,  818,  962, 1066,  854,  647,  416,  718,  515,  669, 1026,  808,  768],
        [  783,    0,  588,  102,  336,  426,  603,  586,  242,  498,  726,  656,  659,  261,  567,  302,    0,  433,  104,  365,  703,  672,  527,  184,  796,  854,  272,  637,  592,  190,  241,  656,  295,  620,  812,  682,  633,  544,  726,  695,  212,  286,  140,  176,  829,  773,  528,  426,  594,  145,  226,  522,  141,  417,  667,  496,  328,  523,  655,  335,  302,  593,  277,  449,  592,  460,  772,  457,  724,  661,  645,  779,  209,  542,  526,  861,  685,  283,  808,  195,   57,  367,  107,  631,  379,  714,   70,  315,  763,  551,  385,  502,  275,  685,  693,  560,  437,  935,  419,  495,  768,  121,  332,  126,  381,  734,  836,  815,  264,  537,  670,  382,  575,  670,  826,  133,  877,  631,  440,  233,  147,  283,  274,  609,   84,  343,  633,  434,  894,  322,  713,  198,  938,  395,  495,  823,  400,   78,  607,  809,  346,  824,  735,  513,  620,  732,  774,  694,  417,  162,  443,  354,  389,  735,  550,  483],
        [  501,    0,  561,  416,  451,  373,  176,  844,  277,  451,  736,  258,  666,  203,  781,  522,  433,    0,  423,  106,  531,  634,  237,  607,  489,  437,  202,  505,  932,  249,  515,  869,  372,  896,  839,  410,  707,  896,  716,  277,  339,  290,  509,  458,  782,  793,  206,  462,  628,  538,  541,  428,  540,   54,  556,  258,  144,  872,  710,  279,  544,  174,  162,  479,  349,   49,  422,  340,  663,  780,  601,  721,  383,  116,  490,  879,  746,  165,  814,  568,  461,  330,  423,  626,  650,  640,  392,  214,  883,  145,  765,  277,  679,  530,  466,  575,  377,  887,  769,  200,  439,  327,  250,  319,  172,  551,  826,  894,  532,  105,  850,  119,  684,  270,  812,  445,  458,  267,  719,  659,  330,  577,  328,  898,  502,  456,  797,  386,  823,  494,  531,  396,  866,  593,  791,  408,  608,  378,  960,  606,  367,  798,  534,  830,  345,  518,  780,  343,  286,  573,  765,  127,  709,  742,  449,  513],
        [  710,    0,  488,  199,  234,  337,  582,  503,  298,  403,  623,  617,  557,  291,  474,  403,  104,  423,    0,  337,  615,  571,  470,  196,  727,  818,  304,  545,  536,  177,  344,  565,  375,  543,  709,  610,  530,  493,  624,  664,  287,  212,   87,  277,  727,  670,  478,  326,  491,  117,  329,  431,  235,  420,  572,  431,  296,  470,  551,  260,  205,  566,  261,  349,  520,  440,  714,  374,  624,  560,  545,  678,  112,  522,  428,  758,  582,  260,  705,  147,   70,  282,    4,  529,  293,  615,   53,  357,  663,  521,  347,  434,  258,  595,  612,  458,  348,  832,  364,  442,  705,  176,  266,  109,  332,  646,  733,  713,  170,  524,  574,  347,  472,  632,  723,  234,  843,  583,  359,  248,   94,  198,  190,  535,  175,  241,  535,  343,  793,  219,  625,   99,  836,  295,  420,  787,  302,   62,  557,  722,  254,  722,  649,  446,  552,  648,  671,  639,  342,  157,  376,  321,  319,  632,  459,  381],
        [  474,    0,  469,  371,  346,  275,  246,  739,  270,  357,  644,  292,  573,  192,  675,  514,  365,  106,  337,    0,  468,  546,  197,  528,  472,  489,  198,  431,  831,  176,  494,  764,  381,  791,  747,  375,  607,  797,  626,  331,  325,  185,  421,  428,  699,  701,  181,  360,  531,  453,  512,  341,  488,  136,  479,  195,   42,  773,  612,  175,  441,  230,   93,  377,  298,  106,  425,  251,  580,  678,  513,  639,  283,  187,  397,  788,  649,   82,  724,  478,  384,  228,  337,  533,  547,  559,  314,  236,  782,  187,  671,  212,  593,  463,  417,  478,  280,  806,  671,  158,  432,  277,  145,  243,   77,  492,  738,  797,  432,  194,  746,   29,  582,  306,  725,  407,  512,  275,  615,  580,  243,  477,  223,  794,  442,  351,  693,  289,  746,  390,  471,  297,  790,  488,  688,  458,  503,  301,  861,  555,  263,  712,  479,  728,  307,  467,  689,  345,  193,  491,  664,   22,  609,  650,  365,  413],
        [  188,    0,  211,  763,  411,  279,  505,  673,  723,  224,  313,  411,  275,  649,  581,  948,  703,  531,  615,  468,    0,  207,  297,  785,  234,  528,  658,   78,  849,  566,  910,  632,  837,  730,  399,  172,  372,  843,  278,  476,  766,  421,  661,  838,  289,  360,  334,  317,  298,  696,  913,  185,  843,  582,   93,  276,  468,  822,  352,  376,  534,  469,  531,  303,  186,  489,  313,  250,  192,  463,  190,  232,  503,  497,  217,  420,  378,  510,  360,  685,  684,  337,  612,  247,  593,  166,  633,  702,  528,  444,  801,  258,  790,   29,   92,  266,  267,  379,  756,  331,  271,  679,  389,  594,  396,   32,  355,  493,  562,  534,  580,  441,  408,  417,  341,  803,  550,  345,  630,  828,  560,  597,  430,  751,  785,  407,  527,  272,  309,  461,   16,  518,  348,  492,  693,  505,  505,  627,  892,  109,  361,  319,   50,  746,  207,   66,  335,  310,  301,  741,  714,  457,  681,  313,  159,  293],
        [  394,    0,   86,  752,  338,  281,  657,  489,  760,  194,  113,  582,   70,  697,  396,  953,  672,  634,  571,  546,  207,    0,  429,  705,  440,  725,  708,  160,  677,  584,  904,  436,  871,  544,  212,  364,  172,  680,   85,  651,  789,  428,  592,  832,  161,  168,  469,  247,  116,  623,  896,  207,  805,  678,  116,  387,  531,  660,  148,  398,  429,  621,  581,  224,  340,  602,  514,  296,   56,  260,   34,  108,  465,  633,  157,  247,  172,  559,  182,  598,  638,  343,  568,   57,  456,   61,  605,  761,  322,  586,  669,  368,  685,  181,  291,  118,  273,  269,  612,  452,  474,  684,  423,  588,  470,  224,  192,  293,  466,  667,  379,  523,  221,  591,  179,  792,  748,  515,  476,  740,  547,  489,  418,  568,  746,  332,  330,  268,  223,  370,  222,  475,  266,  360,  528,  699,  369,  603,  722,  277,  339,  167,  253,  581,  376,  272,  149,  497,  354,  664,  562,  529,  541,  116,  186,  191],
        [  277,    0,  371,  554,  371,  230,  229,  752,  467,  277,  540,  181,  475,  388,  672,  710,  527,  237,  470,  197,  297,  429,    0,  665,  278,  374,  394,  283,  883,  348,  686,  750,  577,  809,  641,  179,  539,  859,  513,  247,  520,  263,  544,  618,  563,  596,   41,  331,  454,  580,  700,  236,  662,  290,  335,   55,  216,  835,  534,  218,  498,  193,  282,  338,  112,  193,  245,  174,  448,  624,  398,  503,  379,  206,  311,  675,  569,  265,  610,  591,  531,  230,  469,  436,  594,  423,  464,  428,  718,  157,  762,   69,  708,  300,  230,  401,  227,  664,  743,   40,  243,  461,  206,  402,  149,  316,  616,  712,  505,  241,  717,  170,  536,  194,  602,  592,  399,  124,  654,  716,  386,  550,  295,  819,  610,  372,  660,  239,  598,  428,  296,  396,  639,  510,  727,  342,  525,  453,  919,  369,  279,  585,  297,  776,  111,  282,  578,  170,  153,  623,  721,  195,  672,  544,  248,  361],
        [  896,    0,  628,  258,  378,  512,  773,  483,  421,  564,  732,  812,  675,  444,  491,  408,  184,  607,  196,  528,  785,  705,  665,    0,  916, 1014,  455,  711,  440,  359,  340,  569,  455,  503,  802,  799,  622,  388,  742,  858,  383,  404,  126,  302,  850,  770,  674,  475,  606,   90,  303,  600,  182,  596,  729,  624,  488,  370,  649,  452,  279,  758,  447,  494,  709,  629,  908,  557,  760,  624,  684,  809,  293,  712,  581,  852,  672,  449,  808,  109,  147,  465,  197,  655,  304,  757,  216,  498,  715,  714,  222,  626,  103,  762,  794,  587,  523,  948,  274,  637,  898,  305,  460,  288,  528,  816,  840,  781,  240,  711,  599,  541,  555,  827,  833,  267, 1038,  779,  346,   52,  287,  227,  377,  485,  156,  383,  576,  516,  920,  336,  797,  276,  961,  365,  378,  982,  363,  230,  446,  893,  429,  837,  824,  380,  743,  825,  778,  834,  532,   45,  316,  514,  273,  742,  626,  519],
        [   49,    0,  434,  830,  571,  417,  388,  891,  741,  404,  546,  271,  508,  663,  800,  986,  796,  489,  727,  472,  234,  440,  278,  916,    0,  315,  667,  293, 1055,  623,  963,  859,  850,  949,  628,  118,  603, 1043,  510,  317,  797,  516,  792,  894,  504,  590,  293,  494,  525,  828,  977,  353,  933,  542,  326,  301,  493, 1020,  585,  467,  703,  358,  559,  488,  208,  441,  104,  364,  424,  694,  422,  455,  624,  409,  416,  643,  611,  542,  587,  829,  792,  453,  725,  478,  781,  398,  730,  696,  762,  357,  977,  295,  944,  260,  156,  485,  408,  576,  943,  316,   62,  737,  465,  673,  424,  222,  576,  725,  722,  446,  809,  446,  632,  269,  563,  868,  333,  229,  829,  965,  650,  764,  540,  967,  879,  570,  755,  418,  505,  629,  220,  641,  535,  684,  897,  297,  698,  720, 1097,  208,  495,  539,  191,  949,  177,  170,  565,  156,  386,  873,  908,  472,  867,  545,  339,  491],
        [  361,    0,  695,  850,  744,  599,  264, 1118,  710,  627,  836,  203,  786,  639, 1034,  951,  854,  437,  818,  489,  528,  725,  374, 1014,  315,    0,  637,  566, 1256,  664,  950, 1107,  796, 1176,  927,  361,  871, 1232,  803,  161,  773,  625,  900,  894,  812,  886,  351,  697,  786,  933,  977,  577,  972,  474,  610,  427,  527, 1208,  858,  586,  870,  264,  578,  700,  403,  399,  217,  540,  719,  961,  700,  759,  742,  322,  653,  947,  889,  571,  887,  951,  871,  603,  818,  751,  967,  693,  801,  639, 1042,  303, 1131,  436, 1069,  549,  437,  738,  594,  889, 1116,  388,  262,  758,  568,  731,  489,  524,  881, 1017,  876,  341, 1066,  474,  883,  188,  867,  881,   26,  250, 1027, 1065,  727,  922,  661, 1188,  929,  745, 1010,  606,  818,  801,  516,  758,  849,  881, 1099,   32,  897,  788, 1292,  522,  652,  845,  493, 1148,  360,  471,  862,  232,  526,  975, 1094,  501, 1045,  837,  577,  717],
        [  671,    0,  626,  226,  436,  428,  374,  792,   76,  515,  794,  458,  722,   14,  748,  323,  272,  202,  304,  198,  658,  708,  394,  455,  667,  637,    0,  613,  839,  148,  314,  840,  184,  837,  894,  572,  735,  796,  782,  478,  138,  287,  385,  258,  867,  850,  375,  487,  670,  404,  341,  511,  353,  165,  658,  390,  190,  773,  747,  311,  482,  375,  130,  509,  495,  245,  612,  423,  749,  791,  676,  808,  321,  316,  553,  939,  782,  152,  877,  446,  315,  367,  306,  685,  583,  731,  257,   59,  898,  345,  645,  406,  543,  650,  613,  621,  436,  976,  667,  354,  624,  151,  286,  198,  263,  684,  896,  928,  457,  298,  836,  226,  695,  471,  884,  250,  657,  458,  652,  503,  232,  494,  311,  832,  325,  443,  788,  441,  920,  458,  662,  326,  964,  556,  718,  609,  568,  245,  860,  749,  382,  875,  673,  748,  505,  662,  842,  532,  364,  430,  678,  204,  621,  802,  538,  546],
        [  251,    0,  141,  701,  335,  211,  506,  602,  674,  148,  273,  425,  221,  603,  510,  891,  637,  505,  545,  431,   78,  160,  283,  711,  293,  566,  613,    0,  774,  510,  850,  566,  788,  659,  369,  206,  312,  767,  242,  493,  713,  360,  588,  778,  281,  326,  323,  241,  232,  623,  851,  115,  776,  554,   53,  249,  425,  746,  296,  318,  457,  469,  484,  226,  184,  468,  358,  193,  167,  403,  135,  220,  433,  488,  140,  398,  325,  462,  334,  610,  615,  272,  542,  188,  516,  142,  567,  661,  478,  438,  723,  230,  714,   52,  138,  194,  200,  383,  679,  311,  319,  621,  334,  532,  356,  108,  336,  453,  486,  524,  516,  405,  339,  433,  322,  742,  589,  357,  554,  753,  496,  520,  364,  679,  717,  331,  463,  203,  319,  385,   93,  447,  361,  415,  617,  540,  428,  561,  817,  185,  292,  304,  125,  671,  217,  136,  304,  338,  250,  667,  637,  417,  604,  275,   87,  216],
        [ 1018,    0,  639,  686,  513,  659, 1065,  198,  828,  652,  632, 1060,  614,  826,  285,  847,  592,  932,  536,  831,  849,  677,  883,  440, 1055, 1256,  839,  774,    0,  705,  779,  289,  884,  159,  647,  945,  516,   55,  661, 1122,  804,  652,  458,  740,  758,  638,  909,  567,  563,  447,  741,  704,  621,  941,  762,  829,  790,   71,  546,  681,  393, 1039,  779,  569,  871,  936, 1090,  718,  725,  453,  675,  748,  549, 1011,  641,  687,  545,  770,  675,  399,  538,  654,  534,  622,  290,  737,  584,  892,  485,  993,  220,  821,  338,  821,  903,  585,  666,  821,  174,  873, 1063,  704,  705,  643,  793,  876,  711,  571,  400, 1024,  351,  830,  457, 1074,  711,  702, 1281, 1007,  230,  418,  615,  356,  613,  128,  593,  511,  374,  654,  826,  457,  865,  537,  854,  377,  159, 1225,  361,  596,   46,  944,  606,  727,  898,  108,  913,  909,  660, 1035,  730,  439,  168,  811,  223,  640,  716,  565],
        [  616,    0,  499,  207,  291,  307,  416,  647,  179,  392,  662,  466,  590,  134,  601,  383,  190,  249,  177,  176,  566,  584,  348,  359,  623,  664,  148,  510,  705,    0,  347,  693,  288,  693,  759,  514,  595,  664,  653,  506,  206,  156,  263,  276,  744,  716,  344,  350,  534,  290,  356,  399,  316,  243,  549,  325,  140,  641,  608,  193,  336,  404,   89,  373,  427,  272,  590,  318,  629,  647,  553,  688,  174,  355,  428,  806,  643,   94,  746,  324,  212,  244,  178,  555,  439,  614,  143,  206,  753,  362,  523,  334,  432,  553,  538,  488,  317,  853,  535,  313,  590,  116,  177,   71,  200,  594,  767,  787,  313,  353,  689,  194,  551,  481,  756,  246,  687,  445,  508,  410,   90,  353,  171,  690,  268,  298,  641,  319,  802,  311,  573,  179,  847,  409,  577,  633,  421,  130,  729,  666,  248,  749,  590,  609,  449,  582,  710,  510,  265,  325,  540,  165,  483,  670,  428,  411],
        [  960,    0,  818,  152,  573,  642,  687,  809,  240,  721,  964,  770,  896,  314,  799,   69,  241,  515,  344,  494,  910,  904,  686,  340,  963,  950,  314,  850,  779,  347,    0,  886,  181,  836, 1052,  858,  874,  726,  963,  791,  177,  491,  368,   73, 1062, 1012,  674,  658,  831,  358,   46,  737,  159,  477,  886,  669,  471,  709,  894,  535,  541,  689,  404,  682,  773,  558,  918,  661,  953,  902,  875, 1011,  441,  630,  753, 1101,  925,  422, 1047,  408,  290,  579,  348,  865,  609,  942,  302,  316, 1003,  658,  560,  680,  441,  896,  884,  795,  653, 1170,  613,  648,  925,  232,  522,  319,  540,  939, 1073, 1056,  501,  610,  905,  519,  816,  784, 1063,  112,  970,  765,  665,  365,  358,  514,  491,  820,  195,  580,  871,  652, 1126,  562,  918,  433, 1170,  634,  709,  922,  639,  303,  784, 1012,  568, 1060,  936,  717,  791,  929, 1012,  837,  611,  348,  650,  492,  602,  973,  766,  717],
        [  816,    0,  425,  757,  419,  523,  965,  102,  855,  480,  365,  929,  367,  826,   93,  951,  656,  869,  565,  764,  632,  436,  750,  569,  859, 1107,  840,  566,  289,  693,  886,    0,  940,  131,  363,  762,  264,  317,  399,  997,  851,  583,  520,  828,  485,  361,  785,  422,  335,  529,  858,  530,  738,  894,  540,  696,  729,  308,  290,  591,  363,  933,  743,  413,  705,  858,  915,  577,  475,  182,  444,  485,  520,  920,  455,  400,  278,  727,  395,  480,  601,  546,  562,  387,  278,  493,  617,  898,  197,  888,  403,  683,  491,  604,  703,  375,  525,  537,  329,  753,  880,  738,  621,  651,  705,  654,  430,  283,  396,  943,   65,  754,  228,  942,  432,  786, 1132,  867,  225,  574,  611,  374,  547,  162,  692,  414,  106,  513,  549,  384,  648,  515,  574,  285,  205, 1078,  273,  624,  333,  712,  504,  451,  681,  236,  748,  697,  384,  876,  610,  546,  271,  743,  299,  372,  532,  391],
        [  854,    0,  786,  199,  568,  593,  534,  877,  115,  679,  948,  630,  877,  191,  849,  159,  295,  372,  375,  381,  837,  871,  577,  455,  850,  796,  184,  788,  884,  288,  181,  940,    0,  913, 1045,  755,  876,  835,  940,  640,   90,  443,  434,  164, 1031, 1002,  558,  636,  819,  438,  222,  681,  295,  326,  831,  573,  371,  815,  891,  476,  578,  542,  307,  659,  678,  419,  791,  596,  915,  921,  839,  974,  438,  481,  715, 1092,  925,  328, 1032,  489,  351,  529,  379,  842,  667,  899,  323,  159, 1026,  517,  672,  588,  556,  828,  795,  775,  602, 1140,  711,  538,  805,  204,  455,  299,  444,  864, 1054, 1066,  544,  456,  947,  409,  827,  641, 1043,  190,  814,  636,  731,  493,  342,  571,  457,  903,  300,  576,  905,  605, 1088,  576,  842,  437, 1132,  665,  788,  770,  674,  317,  896,  931,  534, 1036,  855,  807,  688,  844,  997,  711,  539,  447,  737,  387,  683,  957,  710,  697],
        [  908,    0,  519,  721,  450,  579, 1010,   58,  840,  554,  486,  989,  478,  823,  150,  903,  620,  896,  543,  791,  730,  544,  809,  503,  949, 1176,  837,  659,  159,  693,  836,  131,  913,    0,  492,  845,  376,  192,  517, 1054,  827,  607,  481,  785,  609,  487,  840,  480,  435,  482,  803,  605,  681,  914,  640,  754,  753,  187,  404,  626,  358,  981,  755,  476,  779,  891,  995,  637,  589,  304,  547,  605,  523,  961,  535,  531,  399,  743,  522,  430,  564,  589,  540,  491,  254,  603,  595,  893,  327,  935,  308,  743,  412,  702,  793,  466,  583,  666,  236,  805,  964,  718,  653,  641,  741,  755,  558,  413,  381,  979,  195,  785,  325, 1002,  559,  745, 1201,  930,  185,  496,  606,  346,  569,   32,  642,  446,  224,  571,  676,  402,  746,  515,  702,  306,  127, 1145,  290,  604,  202,  818,  542,  577,  779,  130,  822,  793,  510,  948,  660,  489,  188,  770,  235,  494,  613,  463],
        [  580,    0,  279,  903,  481,  474,  869,  450,  938,  390,  104,  793,  174,  882,  372, 1108,  812,  839,  709,  747,  399,  212,  641,  802,  628,  927,  894,  369,  647,  759, 1052,  363, 1045,  492,    0,  567,  182,  667,  129,  862,  958,  608,  706,  983,  142,   46,  681,  410,  226,  732, 1037,  414,  933,  881,  320,  597,  727,  653,  158,  587,  528,  833,  770,  387,  551,  809,  712,  499,  208,  199,  244,  175,  615,  844,  350,   50,  131,  749,   44,  695,  769,  530,  705,  214,  510,  234,  751,  950,  179,  797,  707,  579,  757,  378,  490,  274,  467,  175,  638,  662,  669,  848,  614,  750,  671,  407,   72,  107,  569,  877,  298,  725,  248,  801,   79,  941,  949,  726,  501,  826,  707,  576,  589,  522,  876,  474,  275,  460,  194,  491,  412,  621,  212,  438,  527,  903,  440,  752,  692,  435,  513,  103,  438,  573,  585,  460,   65,  704,  555,  766,  579,  728,  579,   98,  396,  349],
        [  102,    0,  340,  721,  455,  300,  347,  787,  644,  294,  476,  244,  427,  566,  698,  885,  682,  410,  610,  375,  172,  364,  179,  799,  118,  361,  572,  206,  945,  514,  858,  762,  755,  845,  567,    0,  515,  931,  443,  307,  696,  400,  674,  788,  460,  526,  205,  381,  432,  710,  869,  242,  820,  463,  249,  190,  390,  908,  500,  351,  587,  312,  456,  376,   91,  363,  154,  246,  360,  606,  340,  404,  507,  350,  310,  590,  530,  438,  529,  712,  677,  335,  608,  393,  667,  334,  615,  606,  683,  296,  860,  181,  826,  190,   81,  388,  291,  547,  828,  219,  119,  629,  350,  560,  318,  176,  526,  656,  605,  389,  716,  347,  535,  248,  512,  760,  384,  181,  717,  847,  536,  647,  422,  861,  765,  453,  661,  301,  477,  512,  163,  523,  513,  571,  786,  336,  586,  605,  986,  206,  377,  490,  148,  838,   68,  127,  503,  139,  269,  755,  794,  371,  753,  477,  233,  383],
        [  559,    0,  176,  726,  308,  335,  765,  323,  772,  264,  121,  709,  104,  722,  232,  931,  633,  707,  530,  607,  372,  172,  539,  622,  603,  871,  735,  312,  516,  595,  874,  264,  876,  376,  182,  515,    0,  525,  146,  779,  788,  449,  525,  805,  249,  149,  577,  251,   86,  550,  858,  304,  752,  743,  280,  488,  581,  508,   32,  437,  347,  731,  616,  231,  471,  684,  668,  375,  214,   92,  183,  232,  441,  731,  228,  232,   52,  596,  188,  514,  589,  381,  527,  126,  335,  230,  574,  792,  179,  690,  540,  471,  580,  345,  450,  139,  332,  333,  475,  551,  630,  676,  466,  578,  536,  393,  222,  193,  387,  760,  208,  589,   70,  720,  217,  763,  895,  643,  336,  647,  535,  396,  425,  401,  696,  301,  158,  322,  321,  312,  388,  445,  355,  257,  376,  843,  260,  575,  561,  449,  355,  226,  421,  427,  512,  438,  161,  640,  424,  585,  419,  587,  410,  131,  297,  195],
        [ 1008,    0,  636,  636,  489,  640, 1034,  219,  782,  639,  644, 1035,  620,  783,  298,  794,  544,  896,  493,  797,  843,  680,  859,  388, 1043, 1232,  796,  767,   55,  664,  726,  317,  835,  192,  667,  931,  525,    0,  671, 1095,  755,  621,  413,  688,  771,  655,  884,  551,  565,  400,  688,  690,  568,  903,  759,  806,  756,   25,  556,  652,  364, 1010,  741,  556,  854,  902, 1073,  698,  730,  470,  676,  757,  514,  979,  632,  709,  559,  733,  692,  352,  490,  630,  491,  624,  267,  740,  540,  848,  513,  963,  167,  799,  286,  816,  892,  582,  647,  839,  129,  847, 1048,  658,  675,  601,  762,  871,  728,  598,  366,  990,  377,  798,  462, 1049,  728,  651, 1258,  983,  215,  364,  575,  321,  582,  162,  541,  488,  392,  635,  841,  432,  859,  501,  871,  360,  153, 1201,  345,  552,   65,  941,  581,  743,  892,  100,  896,  902,  674, 1016,  706,  389,  139,  777,  190,  652,  705,  555],
        [  463,    0,  158,  812,  391,  356,  741,  466,  830,  270,   37,  665,   68,  770,  377, 1015,  726,  716,  624,  626,  278,   85,  513,  742,  510,  803,  782,  242,  661,  653,  963,  399,  940,  517,  129,  443,  146,  671,    0,  734,  856,  499,  635,  892,  109,   85,  554,  307,  136,  664,  952,  289,  855,  759,  194,  470,  609,  653,  115,  473,  463,  705,  656,  283,  423,  684,  590,  377,   88,  217,  117,   88,  522,  717,  231,  163,  121,  634,   98,  633,  689,  416,  621,   99,  471,  113,  662,  837,  257,  670,  680,  452,  711,  255,  367,  168,  349,  209,  618,  535,  548,  749,  499,  652,  550,  290,  115,  215,  502,  751,  337,  604,  212,  674,  103,  851,  826,  598,  479,  772,  609,  519,  484,  544,  797,  384,  295,  343,  181,  413,  292,  530,  220,  383,  521,  778,  388,  660,  706,  330,  406,   98,  321,  572,  458,  341,   65,  578,  434,  702,  563,  608,  550,   35,  269,  247],
