{
    "name": "random-97-27994",
    "comment": "size=97 seed=27994",
    "nodes": ["+0", "-0", "+1", "-1", "+2", "-2", "+3", "-3", "+4", "-4", "+5", "-5", "+6", "-6", "+7", "-7", "+8", "-8", "+9", "-9", "+10", "-10", "+11", "-11", "+12", "-12", "+13", "-13", "+14", "-14", "+15", "-15", "+16", "-16", "+17", "-17", "+18", "-18", "+19", "-19", "+20", "-20", "+21", "-21", "+22", "-22", "+23", "-23", "+24", "-24", "+25", "-25", "+26", "-26", "+27", "-27", "+28", "-28", "+29", "-29", "+30", "-30", "+31", "-31", "+32", "-32", "+33", "-33", "+34", "-34", "+35", "-35", "+36", "-36", "+37", "-37", "+38", "-38", "+39", "-39", "+40", "-40", "+41", "-41", "+42", "-42", "+43", "-43", "+44", "-44", "+45", "-45", "+46", "-46", "+47", "-47", "+48", "-48", "+49", "-49", "+50", "-50", "+51", "-51", "+52", "-52", "+53", "-53", "+54", "-54", "+55", "-55", "+56", "-56", "+57", "-57", "+58", "-58", "+59", "-59", "+60", "-60", "+61", "-61", "+62", "-62", "+63", "-63", "+64", "-64", "+65", "-65", "+66", "-66", "+67", "-67", "+68", "-68", "+69", "-69", "+70", "-70", "+71", "-71", "+72", "-72", "+73", "-73", "+74", "-74", "+75", "-75", "+76", "-76", "+77", "-77", "+78", "-78", "+79", "-79", "+80", "-80", "+81", "-81", "+82", "-82", "+83", "-83", "+84", "-84", "+85", "-85", "+86", "-86", "+87", "-87", "+88", "-88", "+89", "-89", "+90", "-90", "+91", "-91", "+92", "-92", "+93", "-93", "+94", "-94", "+95", "-95", "+96", "-96", "+97", "-97"],
    "precedence": {
        "+0": "-0",
        "+1": "-1",
        "+2": "-2",
        "+3": "-3",
        "+4": "-4",
        "+5": "-5",
        "+6": "-6",
        "+7": "-7",
        "+8": "-8",
        "+9": "-9",
        "+10": "-10",
        "+11": "-11",
        "+12": "-12",
        "+13": "-13",
        "+14": "-14",
        "+15": "-15",
        "+16": "-16",
        "+17": "-17",
        "+18": "-18",
        "+19": "-19",
        "+20": "-20",
        "+21": "-21",
        "+22": "-22",
        "+23": "-23",
        "+24": "-24",
        "+25": "-25",
        "+26": "-26",
        "+27": "-27",
        "+28": "-28",
        "+29": "-29",
        "+30": "-30",
        "+31": "-31",
        "+32": "-32",
        "+33": "-33",
        "+34": "-34",
        "+35": "-35",
        "+36": "-36",
        "+37": "-37",
        "+38": "-38",
        "+39": "-39",
        "+40": "-40",
        "+41": "-41",
        "+42": "-42",
        "+43": "-43",
        "+44": "-44",
        "+45": "-45",
        "+46": "-46",
        "+47": "-47",
        "+48": "-48",
        "+49": "-49",
        "+50": "-50",
        "+51": "-51",
        "+52": "-52",
        "+53": "-53",
        "+54": "-54",
        "+55": "-55",
        "+56": "-56",
        "+57": "-57",
        "+58": "-58",
        "+59": "-59",
        "+60": "-60",
        "+61": "-61",
        "+62": "-62",
        "+63": "-63",
        "+64": "-64",
        "+65": "-65",
        "+66": "-66",
        "+67": "-67",
        "+68": "-68",
        "+69": "-69",
        "+70": "-70",
        "+71": "-71",
        "+72": "-72",
        "+73": "-73",
        "+74": "-74",
        "+75": "-75",
        "+76": "-76",
        "+77": "-77",
        "+78": "-78",
        "+79": "-79",
        "+80": "-80",
        "+81": "-81",
        "+82": "-82",
        "+83": "-83",
        "+84": "-84",
        "+85": "-85",
        "+86": "-86",
        "+87": "-87",
        "+88": "-88",
        "+89": "-89",
        "+90": "-90",
        "+91": "-91",
        "+92": "-92",
        "+93": "-93",
        "+94": "-94",
        "+95": "-95",
        "+96": "-96",
        "+97": "-97"
    },
    "edges": [
        [    0,    0,  661,  166,  741,  758,  406,   17,  273,  771,  559,  501,  101,  757,  670,  858,  271,  631,  659,  649,   40,  691,  286,  615,  502,  524,  450,  149,  653,  700,  208,  520,  135, 1006,  747,  972,  258,  362,  945,  303,  262,  836,  642,  721,  608,  100,  531,  433,  531,  745,  312,  738,  307,  173,  323, 1049,  740,  719,  767,  512,  677,  727,   88,  364,  449,  224,  874,  644,  870,  219,  904,  309,  911,  781,  307,  552,  683,  520,  758,  384,  708,  348,  742,  142,  284,  704,  409,  355,  252,   93,  360,  150,  829,  379,  830,  894,  304,  425,  687,  198,  697,  875,  708,  441,  994,  521,  591,  784,  504,  793,  370,  425,  626,  788,  373,  384,  430,  913,  146,  535,  402,  801,  456,  158,  615,  579,  219,  284,  780,  195,  614,  891,  693,  715,  651,  806,  426,  228,  761,  199,  459,  778,  571,  713,  515,  472,  134,  579,  340,  273,  766,   54,  931,  602,  766,  409,  683,  305,  196,  787,  345,  578,  706,  439,  328,  147,  666,  802,   93,  214,  671,  769,  690,  465,  424,  246,  899,  406,  579,  406,  951,  538,   73,  825,  650,  710,  790,  417,  757,  250,  470,  675,  520,  270,  129,  609],
        [    0,    0,    0,    0,    0,    0,    0,    0,    0,    0,    0,    0,    0,    0,    0,    0,    0,    0,    0,    0,    0,    0,    0,    0,    0,    0,    0,    0,    0,    0,    0,    0,    0,    0,    0,    0,    0,    0,    0,    0,    0,    0,    0,    0,    0,    0,    0,    0,    0,    0,    0,    0,    0,    0,    0,    0,    0,    0,    0,    0,    0,    0,    0,    0,    0,    0,    0,    0,    0,    0,    0,    0,    0,    0,    0,    0,    0,    0,    0,    0,    0,    0,    0,    0,    0,    0,    0,    0,    0,    0,    0,    0,    0,    0,    0,    0,    0,    0,    0,    0,    0,    0,    0,    0,    0,    0,    0,    0,    0,    0,    0,    0,    0,    0,    0,    0,    0,    0,    0,    0,    0,    0,    0,    0,    0,    0,    0,    0,    0,    0,    0,    0,    0,    0,    0,    0,    0,    0,    0,    0,    0,    0,    0,    0,    0,    0,    0,    0,    0,    0,    0,    0,    0,    0,    0,    0,    0,    0,    0,    0,    0,    0,    0,    0,    0,    0,    0,    0,    0,    0,    0,    0,    0,    0,    0,    0,    0,    0,    0,    0,    0,    0,    0,    0,    0,    0,    0,    0,    0,    0,    0,    0,    0,    0,    0,    0],
        [  661,    0,    0,  793,   99,  802,  935,  648,  409,  657,  802,  852,  759,   99, 1140,  892,  807,  727,  790, 1021,  685,  921,  376,   65,  985,  297,  349,  515, 1139,  315,  483,  687,  740,  930,   90,  799,  891,  582,  958,  932,  854, 1267,  525,  289,  497,  696,  568,  759,  584,  584,  803, 1086,  356,  763,  698,  916, 1200, 1119,  726,  832,  478,  706,  604,  435,  992,  834,  905, 1032,  931,  481,  613,  357,  958,  509,  778,  691, 1130,  151,  306,  962,  315,  313,  886,  799,  659, 1057,  871,  315,  864,  603,  954,  547,  965,  650, 1230,  868,  752,  428, 1008,  463, 1089,  852, 1150,  760,  860,  529,  256, 1013,  792,  728,  575,  506,  103,  621,  864,  280,  726,  681,  804, 1036,  740, 1217,  961,  656,  588,  584,  492,  381,  837,  852,  970,  977,   39,  711,  489, 1158,  235,  834,  783,  840,  979, 1127, 1088,  568,  672,  191,  587,  585,  848,  419,  594,  710,  954, 1047,  466,  876,  215,  888,  536,  529,  872, 1042,  923,  840,  953,  695,  386,  461,  619,  464,  224,  909,  948,  307,  244,  578,  973,  386,  397,  956,  750,  133,  731, 1003, 1050,  191,  622,  929, 1140,  602,  204,  434,  542,  544,  715,  155],
        [  166,    0,  793,    0,  865,  720,  255,  170,  386,  775,  489,  403,  134,  891,  519,  812,  141,  597,  609,  525,  128,  606,  428,  754,  357,  608,  529,  303,  498,  779,  371,  486,  232,  976,  876,  969,  261,  364,  897,  142,  100,  688,  667,  806,  639,   98,  538,  360,  532,  764,  196,  614,  440,  261,  269, 1030,  588,  583,  751,  423,  716,  711,  254,  428,  290,   60,  827,  516,  816,  317,  937,  456,  856,  823,  204,  520,  537,  661,  843,  220,  787,  484,  677,  141,  252,  580,  283,  504,   86,  258,  195,  316,  758,  350,  688,  860,  217,  482,  574,  344,  564,  843,  561,  369,  980,  540,  681,  689,  429,  781,  375,  453,  744,  803,  240,  514,  372,  931,   83,  383,  334,  656,  308,  303,  621,  584,  309,  414,  736,  158,  498,  827,  828,  696,  686,  677,  563,   65,  729,   51,  305,  651,  413,  733,  486,  603,  208,  583,  206,  433,  785,  149,  881,  460,  817,  281,  781,  143,  269,  824,  201,  433,  623,  332,  166,  112,  727,  857,  175,  373,  767,  702,  597,  555,  550,  270,  839,  480,  636,  247,  957,  665,  139,  741,  518,  813,  805,  270,  623,  258,  615,  725,  534,  306,  244,  718],
        [  741,    0,   99,  865,    0,  793,  988,  728,  479,  632,  823,  885,  841,   83, 1180,  876,  867,  732,  795, 1050,  763,  933,  460,  163, 1031,  316,  383,  599, 1181,  277,  573,  706,  827,  895,   36,  754,  978,  622,  935, 1002,  919, 1297,  514,  242,  491,  769,  580,  795,  597,  556,  857, 1109,  434,  853,  746,  873, 1236, 1148,  708,  862,  456,  693,  690,  481, 1046,  902,  888, 1062,  917,  549,  558,  444,  941,  467,  832,  705, 1166,  246,  248, 1022,  275,  395,  887,  881,  710, 1082,  918,  405,  932,  689, 1016,  635,  961,  688, 1256,  844,  804,  461, 1029,  546, 1118,  828, 1185,  795,  818,  541,  256, 1021,  820,  705,  614,  536,  125,  588,  916,  357,  760,  633,  882, 1082,  779, 1246, 1011,  747,  586,  588,  558,  458,  827,  934,  998,  965,   93,  700,  474, 1179,  320,  901,  771,  913, 1030, 1149, 1135,  546,  691,  270,  658,  589,  903,  511,  564,  792,  933, 1086,  423,  923,  180,  951,  601,  487,  928, 1083,  933,  881, 1021,  763,  362,  409,  692,  552,  193,  908,  963,  343,  318,  634,  959,  427,  396, 1012,  703,  203,  812, 1003, 1081,  141,  590,  981, 1166,  657,  298,  410,  555,  598,  803,  166],
        [  758,    0,  802,  720,  793,    0,  601,  745,  623,  193,  251,  370,  819,  869,  604,  105,  598,  128,  118,  426,  738,  230,  718,  821,  554,  515,  497,  741,  625,  525,  803,  240,  892,  257,  825,  297,  976,  402,  190,  768,  677,  637,  279,  566,  306,  684,  268,  367,  258,  259,  544,  430,  682,  929,  453,  320,  627,  505,  105,  336,  340,  102,  800,  483,  640,  700,  121,  448,  133,  606,  398,  744,  168,  376,  526,  207,  569,  789,  579,  684,  529,  700,  128,  846,  480,  421,  506,  763,  710,  804,  706,  809,  173,  381,  577,  141,  507,  439,  362,  719,  481,  124,  574,  358,  279,  302,  547,  273,  308,  130,  396,  380,  700,  253,  543,  681,  350,  333,  797,  595,  390,  586,  576,  898,  217,  232,  594,  673,   35,  876,  389,  176,  836,   93,  319,  478,  728,  694,   28,  759,  602,  456,  642,  257,  244,  711,  632,  231,  563,  806,  264,  796,  178,  527,  411,  512,  614,  671,  587,  359,  590,  548,  216,  433,  766,  635,  433,  450,  667,  779,  600,  136,  269,  532,  674,  517,  174,  492,  406,  639,  313,  708,  803,  227,  471,  656,  253,  578,  500,  509,  789,  387,  293,  504,  887,  648],
        [  406,    0,  935,  255,  988,  601,    0,  405,  537,  714,  351,  233,  387, 1031,  265,  673,  142,  498,  484,  291,  367,  425,  611,  909,  105,  688,  611,  514,  247,  834,  591,  409,  485,  852, 1006,  887,  484,  381,  750,  200,  156,  434,  651,  869,  636,  311,  514,  256,  501,  729,  132,  377,  607,  512,  248,  921,  335,  334,  664,  266,  718,  628,  492,  509,   59,  198,  686,  278,  664,  467,  910,  643,  702,  817,  157,  438,  283,  825,  902,   85,  841,  651,  521,  388,  279,  346,   98,  689,  183,  497,  115,  547,  585,  326,  435,  737,  185,  541,  355,  541,  318,  723,  307,  262,  879,  534,  761,  488,  296,  696,  391,  480,  863,  758,   76,  669,  287,  880,  328,  130,  249,  403,   55,  555,  582,  548,  453,  582,  606,  385,  278,  662,  972,  609,  684,  433,  726,  192,  618,  257,   53,  410,  167,  702,  416,  753,  379,  547,   87,  644,  748,  401,  733,  209,  825,   92,  865,  119,  410,  812,   66,  180,  444,  170,  187,  278,  760,  870,  371,  586,  849,  540,  404,  648,  697,  358,  677,  564,  671,   38,  888,  802,  393,  553,  274,  905,  760,   25,  375,  333,  788,  742,  523,  392,  498,  826],
        [   17,    0,  648,  170,  728,  745,  405,    0,  258,  756,  547,  492,  115,  744,  668,  845,  267,  617,  646,  642,   43,  680,  274,  603,  499,  508,  434,  138,  651,  685,  202,  506,  151,  991,  734,  956,  274,  347,  932,  309,  263,  833,  626,  705,  592,   95,  516,  422,  516,  729,  306,  731,  294,  188,  312, 1034,  737,  714,  752,  502,  661,  712,   88,  348,  449,  227,  861,  638,  857,  204,  888,  297,  898,  765,  300,  538,  680,  508,  743,  386,  692,  335,  730,  157,  272,  697,  403,  345,  255,   93,  363,  147,  817,  366,  825,  880,  296,  409,  679,  186,  691,  861,  704,  430,  979,  506,  575,  773,  493,  778,  355,  409,  612,  773,  368,  371,  419,  897,  157,  533,  391,  796,  454,  166,  600,  564,  203,  270,  767,  209,  606,  878,  681,  700,  635,  800,  414,  230,  747,  206,  457,  771,  570,  697,  501,  459,  119,  564,  336,  265,  750,   69,  917,  598,  750,  404,  668,  306,  180,  771,  342,  575,  695,  431,  334,  139,  650,  786,   78,  206,  655,  757,  680,  449,  410,  231,  887,  390,  563,  406,  935,  525,   88,  814,  644,  695,  775,  415,  751,  236,  459,  659,  504,  254,  143,  594],
        [  273,    0,  409,  386,  479,  623,  537,  258,    0,  575,  504,  508,  373,  507,  768,  727,  403,  506,  555,  681,  289,  642,   99,  376,  602,  257,  191,  156,  761,  433,  190,  414,  385,  841,  490,  772,  527,  251,  811,  524,  445,  913,  427,  451,  390,  290,  358,  414,  366,  530,  408,  760,   75,  418,  324,  866,  833,  772,  597,  499,  442,  561,  248,  143,  594,  425,  743,  686,  752,   73,  667,  130,  789,  540,  385,  437,  766,  288,  488,  557,  440,  115,  653,  414,  278,  727,  488,  165,  455,  250,  546,  221,  743,  311,  887,  741,  363,  200,  690,  112,  744,  722,  788,  419,  808,  332,  320,  741,  470,  616,  251,  243,  359,  576,  473,  133,  390,  692,  407,  650,  388,  867,  571,  336,  430,  402,   85,   55,  653,  466,  633,  785,  445,  554,  424,  834,  189,  425,  616,  434,  585,  803,  698,  499,  403,  221,  179,  402,  452,  184,  550,  326,  800,  680,  517,  492,  410,  481,  129,  549,  473,  668,  651,  475,  544,  286,  411,  548,  213,  163,  398,  680,  657,  197,  165,  189,  789,  159,  334,  555,  741,  279,  345,  758,  700,  438,  578,  536,  801,  214,  252,  430,  337,  166,  366,  338],
        [  771,    0,  657,  775,  632,  193,  714,  756,  575,    0,  381,  498,  849,  712,  769,  251,  675,  226,  268,  594,  761,  409,  659,  687,  689,  397,  408,  717,  785,  357,  764,  307,  906,  281,  666,  201, 1013,  416,  304,  851,  755,  820,  152,  395,  190,  716,  241,  460,  244,   76,  628,  612,  618,  943,  513,  293,  800,  682,   90,  463,  180,  102,  792,  434,  762,  768,  261,  615,  295,  580,  213,  678,  313,  187,  604,  277,  737,  673,  401,  790,  359,  624,  318,  883,  523,  599,  617,  686,  785,  796,  806,  786,  363,  427,  763,  212,  579,  376,  539,  683,  655,  197,  746,  454,  234,  252,  407,  465,  424,   75,  406,  349,  555,   61,  645,  595,  432,  167,  843,  736,  473,  768,  701,  890,  157,  193,  573,  616,  223,  921,  551,  345,  688,  120,  175,  666,  632,  763,  166,  820,  727,  642,  787,   91,  301,  604,  638,  194,  658,  751,   74,  817,  302,  683,  225,  623,  453,  759,  580,  168,  687,  700,  399,  546,  855,  673,  273,  261,  679,  737,  441,  328,  448,  432,  578,  528,  336,  421,  279,  751,  183,  584,  829,  419,  638,  492,   60,  694,  682,  529,  685,  225,  252,  502,  895,  505],
        [  559,    0,  802,  489,  823,  251,  351,  547,  504,  381,    0,  121,  601,  887,  396,  330,  358,  156,  133,  235,  531,  140,  602,  801,  310,  509,  455,  581,  410,  598,  654,  118,  685,  504,  850,  539,  749,  253,  412,  521,  433,  481,  363,  638,  363,  471,  248,  130,  231,  413,  302,  286,  576,  721,  236,  571,  438,  332,  319,   86,  437,  286,  617,  390,  391,  460,  343,  252,  328,  461,  589,  633,  369,  519,  287,  126,  370,  742,  664,  433,  604,  607,  189,  623,  276,  260,  256,  665,  467,  622,  456,  643,  272,  198,  435,  388,  273,  377,  207,  575,  303,  373,  383,  121,  529,  285,  568,  239,   61,  351,  254,  299,  708,  433,  293,  602,  129,  546,  570,  356,  159,  429,  328,  711,  280,  258,  446,  558,  258,  646,  185,  339,  839,  267,  404,  357,  658,  454,  268,  523,  354,  327,  407,  392,  133,  661,  448,  256,  315,  676,  428,  587,  395,  306,  539,  261,  662,  424,  424,  509,  341,  320,  152,  183,  517,  420,  508,  584,  474,  634,  645,  214,  154,  497,  611,  344,  350,  426,  438,  388,  544,  682,  591,  268,  274,  705,  434,  327,  346,  326,  725,  474,  271,  347,  685,  659],
        [  501,    0,  852,  403,  885,  370,  233,  492,  508,  498,  121,    0,  527,  942,  300,  441,  264,  275,  253,  174,  469,  205,  602,  842,  191,  570,  505,  553,  307,  682,  630,  208,  617,  619,  909,  660,  662,  273,  520,  413,  333,  416,  463,  722,  457,  406,  335,   95,  319,  525,  208,  253,  583,  652,  193,  689,  352,  269,  439,   36,  536,  405,  572,  420,  271,  365,  454,  181,  434,  452,  704,  634,  473,  626,  202,  229,  282,  773,  750,  316,  689,  620,  291,  543,  242,  220,  141,  673,  367,  577,  342,  608,  362,  205,  383,  505,  198,  426,  189,  558,  240,  491,  300,   93,  649,  366,  636,  287,   77,  471,  278,  349,  764,  548,  182,  623,  126,  664,  486,  240,  121,  366,  207,  658,  384,  356,  437,  562,  374,  559,  126,  436,  890,  386,  502,  327,  682,  359,  388,  430,  233,  296,  292,  501,  220,  693,  411,  355,  210,  664,  542,  520,  502,  206,  641,  146,  735,  317,  405,  617,  232,  212,  223,   73,  407,  356,  597,  687,  428,  615,  718,  312,  194,  546,  639,  326,  450,  467,  518,  270,  665,  725,  521,  340,  199,  778,  549,  209,  295,  303,  749,  569,  352,  343,  621,  719],
        [  101,    0,  759,  134,  841,  819,  387,  115,  373,  849,  601,  527,    0,  854,  651,  915,  270,  692,  713,  657,   92,  726,  383,  712,  490,  622,  546,  244,  629,  798,  293,  580,   99, 1071,  846, 1048,  166,  434, 1001,  241,  232,  820,  726,  819,  694,  136,  608,  472,  606,  828,  322,  746,  407,  128,  369, 1119,  720,  716,  837,  543,  766,  797,  164,  456,  419,  190,  931,  648,  923,  317,  992,  405,  964,  871,  325,  613,  670,  616,  857,  345,  806,  447,  789,   42,  339,  712,  413,  450,  210,  167,  316,  230,  873,  439,  821,  957,  331,  517,  703,  296,  697,  939,  694,  481, 1066,  602,  690,  813,  543,  865,  444,  508,  726,  870,  372,  484,  477,  996,   68,  514,  443,  789,  440,  181,  693,  656,  315,  384,  838,   95,  627,  939,  791,  783,  738,  810,  524,  196,  824,  140,  437,  783,  542,  796,  577,  571,  221,  656,  338,  360,  849,   49,  986,  593,  858,  412,  783,  272,  286,  876,  334,  566,  742,  458,  267,  184,  760,  895,  177,  304,  770,  814,  720,  563,  524,  322,  949,  501,  672,  378, 1030,  638,   29,  861,  651,  810,  872,  403,  756,  320,  566,  767,  599,  352,  113,  709],
        [  757,    0,   99,  891,   83,  869, 1031,  744,  507,  712,  887,  942,  854,    0, 1233,  954,  904,  803,  866, 1110,  782, 1001,  472,  146, 1080,  379,  438,  610, 1233,  358,  575,  770,  832,  977,   48,  836,  983,  675, 1015, 1030,  952, 1357,  590,  323,  565,  794,  648,  850,  664,  637,  900, 1172,  453,  855,  793,  955, 1292, 1208,  787,  921,  535,  770,  698,  529, 1089,  932,  966, 1121,  995,  579,  640,  451, 1019,  549,  875,  772, 1222,  241,  330, 1060,  356,  410,  960,  894,  755, 1144,  967,  407,  962,  697, 1051,  639, 1036,  742, 1318,  924,  848,  517, 1093,  559, 1178,  908, 1241,  851,  900,  608,  326, 1092,  880,  785,  667,  595,  180,  669,  960,  378,  817,  715,  900, 1131,  833, 1306, 1057,  746,  659,  659,  590,  478,  903,  948, 1058, 1042,   64,  777,  551, 1243,  331,  932,  848,  937, 1075, 1213, 1183,  625,  755,  288,  685,  660,  945,  510,  645,  806, 1012, 1140,  505,  971,  259,  986,  634,  569,  970, 1136, 1002,  933, 1051,  793,  441,  491,  717,  556,  272,  982, 1030,  397,  342,  674, 1037,  478,  468, 1053,  785,  230,  827, 1077, 1140,  222,  671, 1026, 1228,  699,  294,  489,  622,  640,  807,  229],
        [  670,    0, 1140,  519, 1180,  604,  265,  668,  768,  769,  396,  300,  651, 1233,    0,  638,  402,  546,  503,  179,  631,  377,  852, 1125,  171,  866,  797,  769,   33,  982,  848,  504,  749,  817, 1203,  899,  732,  559,  695,  439,  419,  170,  757, 1021,  754,  573,  633,  386,  617,  808,  372,  210,  841,  774,  447,  899,   70,  128,  695,  330,  831,  669,  755,  705,  234,  461,  647,  157,  612,  702,  980,  884,  642,  915,  389,  520,   44, 1049, 1050,  314,  989,  882,  487,  648,  491,  199,  281,  928,  442,  760,  348,  808,  513,  492,  186,  715,  408,  719,  250,  790,  137,  706,   58,  386,  872,  665,  933,  383,  374,  726,  567,  645, 1057,  824,  305,  893,  421,  929,  589,  137,  401,  149,  215,  820,  676,  651,  687,  818,  593,  638,  218,  591, 1179,  650,  797,  227,  952,  455,  629,  516,  214,  218,  120,  787,  517,  971,  628,  649,  335,  895,  822,  666,  677,   95,  934,  278, 1034,  379,  647,  905,  326,  101,  393,  301,  417,  536,  896,  980,  627,  839, 1017,  494,  340,  838,  915,  580,  608,  756,  818,  274,  916, 1011,  658,  459,  134, 1077,  825,  254,  162,  554, 1018,  866,  651,  607,  762, 1014],
        [  858,    0,  892,  812,  876,  105,  673,  845,  727,  251,  330,  441,  915,  954,  638,    0,  685,  229,  204,  461,  837,  266,  822,  915,  614,  611,  598,  845,  663,  603,  907,  339,  991,  182,  909,  277, 1070,  505,   87,  850,  762,  644,  368,  642,  398,  781,  372,  454,  362,  325,  630,  445,  786, 1028,  548,  261,  650,  527,  168,  410,  420,  187,  902,  587,  707,  787,   16,  484,   46,  710,  428,  848,   67,  436,  614,  307,  599,  887,  651,  757,  606,  803,  157,  942,  577,  444,  582,  867,  796,  906,  782,  913,  140,  480,  581,   80,  597,  542,  389,  824,  506,   77,  601,  445,  237,  404,  637,  270,  389,  176,  499,  485,  789,  306,  621,  783,  441,  350,  891,  650,  479,  596,  642, 1000,  315,  334,  698,  777,   79,  969,  434,   96,  925,  185,  404,  479,  829,  782,  115,  849,  667,  463,  692,  331,  345,  810,  733,  333,  644,  910,  324,  894,   74,  571,  475,  587,  697,  753,  691,  416,  670,  596,  248,  509,  846,  731,  514,  509,  768,  883,  683,  145,  300,  631,  775,  619,   86,  594,  498,  710,  309,  803,  901,  202,  506,  737,  305,  649,  514,  610,  889,  467,  396,  607,  987,  738],
        [  271,    0,  807,  141,  867,  598,  142,  267,  403,  675,  358,  264,  270,  904,  402,  685,    0,  479,  483,  387,  232,  468,  471,  778,  232,  579,  499,  372,  386,  737,  450,  373,  366,  855,  882,  863,  398,  289,  769,  177,   80,  566,  586,  769,  563,  173,  449,  232,  440,  675,   57,  476,  470,  397,  164,  914,  471,  451,  640,  286,  644,  601,  354,  395,  194,  103,  700,  380,  685,  331,  854,  503,  726,  749,   73,  407,  413,  691,  804,  156,  745,  514,  545,  282,  173,  443,  144,  549,  113,  360,  153,  407,  622,  253,  560,  738,   96,  437,  435,  399,  430,  722,  438,  241,  867,  460,  653,  550,  297,  671,  300,  388,  742,  711,  104,  535,  251,  837,  223,  268,  210,  530,  188,  424,  528,  491,  319,  445,  611,  295,  358,  694,  844,  585,  612,  542,  591,   97,  610,  167,  194,  515,  309,  645,  376,  622,  238,  490,   70,  502,  696,  274,  752,  332,  749,  143,  756,   92,  275,  747,   77,  308,  486,  193,  183,  136,  672,  793,  229,  444,  741,  568,  458,  533,  566,  234,  706,  451,  581,  154,  856,  675,  270,  603,  383,  794,  712,  149,  489,  212,  652,  661,  452,  271,  375,  708],
        [  631,    0,  727,  597,  732,  128,  498,  617,  506,  226,  156,  275,  692,  803,  546,  229,  479,    0,   64,  375,  611,  209,  602,  738,  465,  432,  400,  617,  562,  482,  681,  113,  765,  380,  762,  390,  850,  276,  316,  652,  559,  611,  232,  523,  245,  557,  164,  251,  150,  263,  427,  405,  569,  802,  329,  436,  581,  467,  166,  239,  305,  131,  673,  369,  542,  579,  245,  395,  248,  483,  435,  630,  287,  375,  407,   80,  516,  695,  544,  577,  487,  590,  160,  720,  353,  387,  401,  653,  592,  678,  597,  685,  245,  254,  558,  265,  386,  332,  328,  598,  439,  247,  527,  243,  388,  203,  477,  291,  203,  199,  271,  266,  627,  279,  433,  575,  229,  390,  672,  512,  270,  559,  480,  771,  151,  144,  471,  557,  151,  751,  329,  280,  763,  112,  275,  467,  626,  574,  133,  637,  506,  440,  562,  245,  116,  615,  505,  143,  450,  688,  277,  669,  302,  459,  399,  407,  559,  557,  462,  362,  479,  475,  205,  328,  652,  509,  388,  444,  540,  657,  543,  185,  244,  438,  573,  390,  284,  386,  337,  535,  391,  621,  677,  276,  418,  603,  280,  476,  472,  382,  689,  348,  191,  378,  760,  576],
        [  659,    0,  790,  609,  795,  118,  484,  646,  555,  268,  133,  253,  713,  866,  503,  204,  483,   64,    0,  327,  636,  149,  653,  800,  439,  495,  459,  658,  521,  544,  724,  144,  790,  373,  826,  409,  867,  315,  289,  651,  561,  556,  294,  586,  308,  579,  225,  252,  210,  315,  429,  349,  620,  828,  345,  438,  533,  415,  194,  218,  366,  167,  708,  421,  523,  585,  219,  348,  212,  526,  480,  681,  252,  430,  411,  119,  470,  755,  606,  566,  550,  644,  100,  739,  376,  333,  388,  706,  595,  712,  588,  724,  189,  281,  502,  257,  394,  390,  273,  642,  388,  241,  479,  243,  397,  264,  541,  227,  191,  225,  311,  319,  690,  325,  425,  631,  238,  427,  688,  482,  276,  504,  459,  804,  213,  208,  513,  608,  128,  766,  285,  235,  826,  148,  337,  408,  683,  580,  136,  646,  485,  382,  530,  301,  154,  675,  537,  207,  446,  736,  327,  693,  274,  420,  457,  394,  623,  554,  500,  416,  473,  439,  143,  315,  649,  529,  451,  501,  570,  702,  607,  127,  185,  498,  631,  425,  242,  443,  400,  521,  418,  682,  699,  215,  371,  666,  325,  460,  417,  413,  748,  410,  251,  417,  787,  639],
        [  649,    0, 1021,  525, 1050,  426,  291,  642,  681,  594,  235,  174,  657, 1110,  179,  461,  387,  375,  327,    0,  613,  198,  774, 1014,  195,  734,  673,  718,  202,  832,  796,  351,  753,  641, 1075,  721,  771,  445,  521,  491,  436,  248,  596,  872,  598,  550,  482,  269,  465,  638,  339,   90,  756,  784,  362,  722,  207,   99,  518,  190,  670,  493,  726,  593,  296,  475,  470,   24,  437,  624,  806,  807,  469,  748,  343,  361,  144,  946,  898,  370,  839,  793,  308,  665,  411,   56,  244,  846,  467,  731,  403,  768,  340,  378,  210,  537,  350,  594,   76,  727,   69,  528,  152,  266,  693,  517,  797,  218,  230,  548,  450,  516,  931,  651,  285,  797,  298,  752,  605,  211,  294,  197,  241,  806,  513,  492,  608,  735,  415,  670,   52,  420, 1059,  475,  638,  158,  855,  469,  451,  539,  259,  129,  241,  619,  365,  866,  574,  491,  319,  833,  651,  660,  504,  115,  770,  245,  893,  406,  574,  737,  328,  146,  215,  216,  477,  504,  742,  816,  585,  782,  877,  317,  162,  715,  812,  498,  437,  637,  671,  320,  738,  896,  656,  292,   46,  937,  651,  269,  121,  474,  922,  708,  503,  516,  761,  885],
        [   40,    0,  685,  128,  763,  738,  367,   43,  289,  761,  531,  469,   92,  782,  631,  837,  232,  611,  636,  613,    0,  661,  312,  642,  463,  533,  457,  179,  613,  709,  244,  499,  155,  988,  771,  960,  257,  347,  924,  267,  222,  797,  635,  731,  603,   64,  520,  404,  518,  738,  275,  702,  330,  192,  296, 1034,  701,  682,  752,  481,  674,  711,  128,  365,  409,  185,  852,  608,  847,  228,  901,  337,  888,  780,  272,  532,  645,  547,  768,  345,  716,  373,  717,  131,  260,  668,  372,  385,  213,  133,  321,  189,  803,  358,  792,  875,  271,  425,  653,  226,  660,  857,  669,  412,  980,  513,  602,  753,  475,  779,  356,  418,  645,  780,  335,  407,  404,  906,  119,  496,  373,  762,  417,  193,  604,  568,  226,  306,  759,  180,  579,  866,  719,  698,  647,  770,  452,  189,  742,  163,  419,  742,  531,  706,  496,  496,  130,  568,  302,  308,  759,   58,  909,  563,  767,  371,  696,  265,  195,  784,  305,  539,  677,  404,  291,  113,  669,  804,   86,  248,  684,  743,  659,  475,  445,  233,  875,  411,  581,  366,  941,  561,   69,  796,  613,  725,  782,  378,  720,  234,  499,  675,  510,  262,  154,  626],
        [  691,    0,  921,  606,  933,  230,  425,  680,  642,  409,  140,  205,  726, 1001,  377,  266,  468,  209,  149,  198,  661,    0,  740,  925,  354,  625,  579,  720,  400,  689,  793,  239,  813,  447,  962,  523,  865,  391,  332,  615,  537,  411,  440,  731,  451,  599,  354,  259,  338,  462,  412,  203,  713,  849,  369,  525,  397,  276,  328,  183,  513,  308,  753,  523,  451,  569,  275,  221,  246,  600,  621,  771,  282,  577,  403,  230,  340,  872,  752,  510,  695,  743,  111,  744,  412,  192,  342,  802,  571,  758,  538,  781,  160,  337,  355,  340,  395,  504,  132,  714,  251,  330,  345,  251,  496,  394,  677,  100,  188,  356,  392,  427,  823,  468,  385,  736,  266,  561,  688,  387,  290,  359,  387,  845,  358,  348,  586,  697,  217,  762,  169,  238,  958,  291,  484,  260,  791,  563,  256,  634,  411,  234,  428,  448,  253,  790,  585,  346,  414,  815,  472,  715,  314,  306,  605,  346,  764,  519,  563,  563,  434,  332,   20,  277,  607,  549,  596,  649,  609,  774,  748,  122,   39,  620,  742,  483,  254,  554,  539,  460,  542,  806,  717,  136,  243,  808,  469,  400,  273,  465,  858,  556,  380,  486,  815,  773],
        [  286,    0,  376,  428,  460,  718,  611,  274,   99,  659,  602,  602,  383,  472,  852,  822,  471,  602,  653,  774,  312,  740,    0,  330,  684,  305,  257,  140,  842,  472,  127,  513,  370,  930,  463,  852,  520,  349,  905,  570,  502, 1001,  508,  481,  470,  332,  452,  509,  460,  608,  484,  854,   43,  398,  414,  951,  918,  863,  687,  595,  513,  652,  231,  236,  665,  475,  838,  777,  848,  151,  732,   33,  885,  604,  465,  535,  852,  235,  518,  620,  478,   67,  751,  424,  366,  821,  571,   78,  506,  231,  605,  181,  841,  408,  978,  833,  445,  286,  786,   88,  835,  814,  875,  514,  892,  423,  354,  840,  567,  705,  349,  339,  350,  654,  551,  108,  487,  765,  430,  729,  482,  957,  649,  299,  520,  493,  167,   46,  748,  477,  727,  882,  408,  646,  499,  928,  141,  476,  710,  472,  660,  897,  775,  579,  501,  190,  235,  494,  527,   94,  628,  335,  895,  766,  577,  574,  429,  541,  205,  616,  545,  752,  750,  564,  592,  343,  468,  602,  256,  101,  420,  778,  755,  248,  149,  277,  885,  238,  401,  625,  818,  258,  355,  857,  791,  448,  656,  612,  894,  302,  188,  494,  429,  260,  347,  343],
        [  615,    0,   65,  754,  163,  821,  909,  603,  376,  687,  801,  842,  712,  146, 1125,  915,  778,  738,  800, 1014,  642,  925,  330,    0,  966,  308,  347,  468, 1122,  357,  430,  688,  687,  964,  151,  839,  838,  570,  984,  895,  820, 1257,  548,  336,  517,  657,  576,  748,  591,  615,  778, 1082,  315,  710,  680,  955, 1186, 1110,  751,  824,  508,  728,  554,  422,  967,  798,  928, 1023,  952,  448,  659,  308,  981,  549,  754,  696, 1117,   96,  357,  932,  359,  271,  898,  751,  638, 1053,  851,  263,  828,  552,  921,  494,  979,  638, 1223,  896,  729,  424, 1005,  417, 1081,  879, 1138,  750,  897,  537,  281, 1020,  786,  755,  565,  503,  139,  655,  841,  244,  717,  724,  760, 1015,  728, 1208,  939,  601,  605,  597,  460,  341,  855,  805,  963,  996,   83,  732,  515, 1155,  192,  798,  803,  800,  955, 1124, 1066,  597,  673,  157,  552,  598,  823,  365,  628,  664,  979, 1033,  507,  855,  262,  856,  504,  568,  846, 1026,  928,  825,  916,  660,  420,  507,  580,  412,  267,  922,  950,  305,  213,  553,  993,  378,  417,  929,  792,  120,  684, 1014, 1040,  245,  657,  906, 1134,  578,  149,  466,  549,  522,  662,  185],
        [  502,    0,  985,  357, 1031,  554,  105,  499,  602,  689,  310,  191,  490, 1080,  171,  614,  232,  465,  439,  195,  463,  354,  684,  966,    0,  722,  649,  599,  159,  853,  677,  394,  588,  795, 1052,  847,  588,  411,  685,  300,  260,  335,  648,  890,  638,  404,  514,  252,  500,  715,  202,  276,  675,  616,  288,  869,  240,  230,  628,  227,  719,  595,  586,  552,  103,  301,  625,  178,  599,  535,  894,  716,  635,  812,  220,  418,  182,  887,  921,  177,  860,  717,  458,  492,  329,  247,  115,  760,  287,  591,  210,  638,  511,  347,  332,  683,  240,  573,  264,  620,  214,  670,  206,  255,  832,  541,  792,  403,  267,  660,  420,  504,  907,  739,  135,  730,  287,  855,  432,   53,  258,  301,   51,  654,  572,  541,  520,  651,  553,  489,  192,  591, 1024,  577,  684,  330,  789,  295,  574,  361,   65,  307,  107,  690,  405,  811,  458,  540,  164,  725,  732,  501,  667,  105,  825,  112,  895,  223,  479,  805,  159,   77,  373,  157,  284,  366,  772,  871,  457,  669,  879,  474,  327,  688,  755,  416,  606,  605,  688,  127,  854,  854,  494,  473,  172,  937,  740,   87,  271,  390,  853,  748,  528,  445,  600,  866],
        [  524,    0,  297,  608,  316,  515,  688,  508,  257,  397,  509,  570,  622,  379,  866,  611,  579,  432,  495,  734,  533,  625,  305,  308,  722,    0,   81,  412,  868,  177,  429,  392,  641,  677,  342,  572,  780,  312,  683,  733,  642,  982,  249,  199,  214,  518,  272,  481,  288,  332,  561,  794,  263,  675,  441,  681,  921,  832,  451,  546,  226,  424,  505,  185,  747,  633,  625,  746,  646,  305,  431,  313,  677,  304,  534,  395,  851,  279,  236,  732,  185,  252,  591,  662,  412,  767,  612,  307,  661,  506,  732,  472,  672,  376,  941,  598,  505,  149,  715,  363,  802,  580,  870,  480,  622,  232,   74,  717,  504,  459,  303,  221,  199,  376,  614,  215,  446,  472,  646,  774,  467,  930,  706,  590,  298,  290,  308,  273,  549,  712,  682,  690,  333,  427,  223,  865,  240,  631,  498,  659,  726,  835,  828,  308,  377,  208,  408,  291,  605,  394,  348,  577,  677,  772,  273,  617,  178,  668,  342,  318,  633,  770,  627,  569,  749,  498,  165,  298,  450,  401,  162,  615,  653,   60,  189,  348,  688,  130,  118,  716,  532,  193,  595,  708,  766,  217,  378,  678,  851,  368,  289,  196,  246,  310,  622,  151],
        [  450,    0,  349,  529,  383,  497,  611,  434,  191,  408,  455,  505,  546,  438,  797,  598,  499,  400,  459,  673,  457,  579,  257,  347,  649,   81,    0,  347,  798,  253,  375,  342,  571,  685,  406,  596,  707,  239,  676,  653,  562,  919,  256,  278,  218,  439,  236,  413,  250,  353,  482,  738,  216,  606,  365,  699,  855,  771,  447,  483,  257,  416,  437,  105,  670,  553,  613,  684,  630,  231,  478,  273,  663,  350,  456,  351,  785,  296,  315,  653,  261,  218,  559,  587,  334,  709,  537,  279,  580,  439,  652,  411,  644,  305,  882,  596,  427,   80,  660,  302,  741,  577,  804,  414,  639,  198,  154,  675,  444,  461,  231,  158,  261,  399,  537,  189,  379,  508,  568,  700,  397,  869,  630,  527,  284,  266,  232,  219,  530,  636,  622,  670,  387,  415,  242,  810,  232,  551,  484,  579,  650,  780,  754,  324,  327,  216,  330,  267,  527,  350,  372,  503,  668,  703,  327,  542,  257,  588,  264,  360,  554,  700,  583,  498,  669,  418,  221,  357,  373,  347,  242,  584,  604,   42,  178,  268,  670,   50,  145,  638,  561,  228,  520,  673,  702,  295,  401,  602,  792,  289,  292,  240,  210,  230,  554,  218],
        [  149,    0,  515,  303,  599,  741,  514,  138,  156,  717,  581,  553,  244,  610,  769,  845,  372,  617,  658,  718,  179,  720,  140,  468,  599,  412,  347,    0,  756,  587,   79,  514,  235,  974,  603,  916,  382,  343,  931,  444,  387,  928,  574,  602,  538,  212,  488,  468,  492,  678,  398,  803,  167,  266,  361, 1006,  838,  799,  729,  554,  595,  691,   95,  285,  564,  355,  861,  717,  864,  138,  822,  161,  904,  694,  384,  542,  776,  372,  639,  509,  594,  205,  751,  285,  313,  769,  492,  207,  385,   96,  490,   69,  840,  385,  913,  868,  370,  346,  742,   54,  773,  849,  800,  475,  948,  467,  472,  818,  535,  752,  348,  372,  487,  724,  464,  243,  455,  843,  294,  639,  438,  888,  558,  181,  566,  534,  148,  147,  768,  338,  675,  892,  547,  682,  574,  875,  281,  357,  739,  342,  566,  845,  681,  647,  505,  329,  144,  535,  436,  132,  699,  196,  919,  691,  673,  494,  556,  428,  159,  703,  448,  672,  732,  502,  468,  237,  567,  704,  144,   73,  545,  778,  727,  352,  284,  238,  898,  312,  488,  522,  889,  397,  217,  847,  727,  579,  726,  520,  833,  256,  322,  584,  470,  241,  214,  475],
        [  653,    0, 1139,  498, 1181,  625,  247,  651,  761,  785,  410,  307,  629, 1233,   33,  663,  386,  562,  521,  202,  613,  400,  842, 1122,  159,  868,  798,  756,    0,  988,  834,  513,  727,  842, 1203,  921,  706,  559,  721,  413,  399,  196,  768, 1028,  764,  557,  642,  389,  626,  822,  360,  240,  834,  752,  442,  923,   93,  159,  714,  339,  841,  686,  739,  704,  211,  440,  671,  179,  638,  694,  996,  875,  668,  928,  378,  531,   75, 1044, 1057,  289,  996,  875,  510,  625,  486,  226,  273,  919,  420,  744,  322,  793,  539,  493,  216,  739,  399,  721,  275,  779,  166,  729,   90,  390,  895,  672,  937,  411,  383,  745,  567,  648, 1058,  840,  293,  888,  425,  947,  567,  118,  402,  178,  199,  801,  687,  661,  679,  810,  615,  614,  237,  617, 1177,  667,  807,  259,  947,  434,  649,  493,  195,  250,   92,  801,  526,  967,  616,  660,  321,  883,  837,  647,  703,  104,  945,  270, 1038,  357,  638,  918,  310,   98,  416,  300,  391,  521,  904,  991,  613,  827, 1021,  518,  364,  838,  911,  573,  635,  755,  824,  252,  936, 1008,  637,  487,  157, 1080,  841,  238,  194,  548, 1011,  875,  659,  602,  741, 1015],
        [  700,    0,  315,  779,  277,  525,  834,  685,  433,  357,  598,  682,  798,  358,  982,  603,  737,  482,  544,  832,  709,  689,  472,  357,  853,  177,  253,  587,  988,    0,  598,  482,  818,  620,  311,  485,  957,  454,  660,  899,  805, 1078,  252,   42,  238,  691,  351,  603,  367,  281,  711,  879,  432,  851,  587,  603, 1031,  929,  435,  653,  186,  424,  680,  352,  891,  799,  614,  847,  645,  482,  303,  475,  667,  195,  684,  473,  961,  375,   69,  886,    8,  413,  629,  838,  565,  856,  749,  459,  826,  682,  889,  645,  696,  510, 1031,  568,  655,  302,  799,  537,  900,  553,  977,  600,  546,  317,  118,  770,  609,  430,  444,  354,  219,  312,  758,  371,  567,  367,  820,  905,  596, 1026,  844,  764,  332,  344,  483,  445,  559,  888,  781,  694,  340,  433,  209,  945,  378,  797,  501,  829,  866,  916,  959,  272,  468,  331,  582,  345,  754,  557,  288,  753,  658,  888,  152,  755,  101,  827,  517,  215,  783,  892,  686,  696,  913,  667,   94,  151,  625,  571,   92,  648,  723,  237,  336,  513,  687,  300,  165,  864,  436,  281,  771,  743,  869,  136,  314,  821,  942,  531,  407,  139,  331,  475,  798,  178],
