{
    "name": "random-63-18713",
    "comment": "size=63 seed=18713",
    "nodes": ["+0", "-0", "+1", "-1", "+2", "-2", "+3", "-3", "+4", "-4", "+5", "-5", "+6", "-6", "+7", "-7", "+8", "-8", "+9", "-9", "+10", "-10", "+11", "-11", "+12", "-12", "+13", "-13", "+14", "-14", "+15", "-15", "+16", "-16", "+17", "-17", "+18", "-18", "+19", "-19", "+20", "-20", "+21", "-21", "+22", "-22", "+23", "-23", "+24", "-24", "+25", "-25", "+26", "-26", "+27", "-27", "+28", "-28", "+29", "-29", "+30", "-30", "+31", "-31", "+32", "-32", "+33", "-33", "+34", "-34", "+35", "-35", "+36", "-36", "+37", "-37", "+38", "-38", "+39", "-39", "+40", "-40", "+41", "-41", "+42", "-42", "+43", "-43", "+44", "-44", "+45", "-45", "+46", "-46", "+47", "-47", "+48", "-48", "+49", "-49", "+50", "-50", "+51", "-51", "+52", "-52", "+53", "-53", "+54", "-54", "+55", "-55", "+56", "-56", "+57", "-57", "+58", "-58", "+59", "-59", "+60", "-60", "+61", "-61", "+62", "-62", "+63", "-63"],
    "precedence": {
        "+0": "-0",
        "+1": "-1",
        "+2": "-2",
        "+3": "-3",
        "+4": "-4",
        "+5": "-5",
        "+6": "-6",
        "+7": "-7",
        "+8": "-8",
        "+9": "-9",
        "+10": "-10",
        "+11": "-11",
        "+12": "-12",
        "+13": "-13",
        "+14": "-14",
        "+15": "-15",
        "+16": "-16",
        "+17": "-17",
        "+18": "-18",
        "+19": "-19",
        "+20": "-20",
        "+21": "-21",
        "+22": "-22",
        "+23": "-23",
        "+24": "-24",
        "+25": "-25",
        "+26": "-26",
        "+27": "-27",
        "+28": "-28",
        "+29": "-29",
        "+30": "-30",
        "+31": "-31",
        "+32": "-32",
        "+33": "-33",
        "+34": "-34",
        "+35": "-35",
        "+36": "-36",
        "+37": "-37",
        "+38": "-38",
        "+39": "-39",
        "+40": "-40",
        "+41": "-41",
        "+42": "-42",
        "+43": "-43",
        "+44": "-44",
        "+45": "-45",
        "+46": "-46",
        "+47": "-47",
        "+48": "-48",
        "+49": "-49",
        "+50": "-50",
        "+51": "-51",
        "+52": "-52",
        "+53": "-53",
        "+54": "-54",
        "+55": "-55",
        "+56": "-56",
        "+57": "-57",
        "+58": "-58",
        "+59": "-59",
        "+60": "-60",
        "+61": "-61",
        "+62": "-62",
        "+63": "-63"
    },
    "edges": [
        [    0,    0,  262,  156,  378,  492,  743,  457,  350,  340,  692,  593,  613,  437,  343,  556,  618,  406,  558,  277,  376,  694,  164,  598,  319,  493,  641,  736,  323,  681,  262,  456,  717,  692,  385,  645,  447,  359,  677,  201,  787,  862,  434,  570,  536,  272,  262,  423,  710,  428,  197,  351,  519,  119,  588,  431,  334,  557,  511,  269,  620,  150,  644,  405,  264,  357,   78,  244,  668,  693,  198,  488,   99,  444,  234,  260,  747,  332,  458,  104,  531,  231,  401,  486,  323,   80,  280,  726,  527,  502,  288,  257,  310,  664,  685,  238,  773,  573,  352,  653,  667,  552,  617,  241,  590,  474,  804,  550,  616,  617,  528,  643,  336,  170,  140,  129,  709,  511,  721,  491,  656,  741,  326,  384,  199,  380,   83,  161],
        [    0,    0,    0,    0,    0,    0,    0,    0,    0,    0,    0,    0,    0,    0,    0,    0,    0,    0,    0,    0,    0,    0,    0,    0,    0,    0,    0,    0,    0,    0,    0,    0,    0,    0,    0,    0,    0,    0,    0,    0,    0,    0,    0,    0,    0,    0,    0,    0,    0,    0,    0,    0,    0,    0,    0,    0,    0,    0,    0,    0,    0,    0,    0,    0,    0,    0,    0,    0,    0,    0,    0,    0,    0,    0,    0,    0,    0,    0,    0,    0,    0,    0,    0,    0,    0,    0,    0,    0,    0,    0,    0,    0,    0,    0,    0,    0,    0,    0,    0,    0,    0,    0,    0,    0,    0,    0,    0,    0,    0,    0,    0,    0,    0,    0,    0,    0,    0,    0,    0,    0,    0,    0,    0,    0,    0,    0,    0,    0],
        [  262,    0,    0,  366,  317,  754,  923,  707,  545,  472,  896,  798,  829,  693,  569,  601,  822,  666,  813,  311,  244,  930,  120,  813,  536,  749,  744,  789,   91,  918,  419,  713,  889,  864,  231,  867,  402,  171,  850,  287, 1033, 1100,  694,  816,  667,   90,  434,  674,  867,  375,  283,  180,  772,  352,  844,  692,  420,  531,  641,  117,  680,  145,  888,  661,  258,  594,  312,  214,  813,  757,  436,  719,  323,  701,  206,   51,  785,  548,  383,  288,  726,  319,  638,  517,  512,  254,  445,  971,  735,  652,   28,  365,  468,  888,  766,  314,  778,  731,  209,  696,  909,  808,  732,  388,  583,  724, 1026,  811,  639,  871,  733,  901,  508,  430,  394,  251,  947,  480,  955,  511,  840,  936,  527,  634,   88,  626,  221,  247],
        [  156,    0,  366,    0,  533,  437,  816,  458,  438,  466,  746,  444,  659,  421,  398,  698,  675,  371,  539,  430,  524,  711,  299,  645,  173,  475,  761,  871,  397,  694,  386,  435,  797,  773,  531,  681,  601,  496,  757,  352,  780,  867,  362,  575,  648,  339,  111,  424,  800,  583,  349,  492,  416,   45,  491,  371,  475,  710,  626,  322,  756,  223,  647,  393,  419,  230,   78,  398,  767,  826,  265,  354,  221,  357,  237,  381,  886,  402,  613,  248,  602,  380,  273,  632,  168,  114,  395,  724,  586,  606,  388,  399,  160,  698,  812,  163,  919,  669,  498,  792,  673,  526,  734,  371,  740,  367,  834,  490,  761,  600,  589,  605,  441,  173,   98,  122,  719,  664,  738,  639,  729,  801,  173,  390,  282,  396,  147,  316],
        [  378,    0,  317,  533,    0,  767,  713,  655,  415,  286,  723,  967,  681,  666,  485,  302,  657,  671,  768,  131,  104,  813,  266,  667,  693,  714,  472,  483,  401,  809,  292,  689,  673,  649,  134,  729,   85,  189,  639,  201,  940,  980,  739,  736,  429,  405,  636,  630,  635,   58,  202,  167,  849,  496,  906,  721,  206,  215,  406,  430,  383,  388,  797,  638,  116,  719,  456,  138,  574,  458,  418,  850,  348,  762,  492,  267,  475,  451,   81,  303,  558,  193,  762,  218,  700,  435,  316,  877,  586,  437,  330,  217,  682,  750,  477,  569,  461,  515,  128,  390,  812,  774,  470,  270,  267,  813,  875,  823,  328,  814,  580,  870,  359,  485,  499,  466,  837,  164,  834,  207,  643,  747,  703,  596,  367,  576,  411,  222],
        [  492,    0,  754,  437,  767,    0,  590,  170,  402,  529,  481,  436,  394,  123,  311,  759,  437,   97,  148,  637,  814,  358,  648,  389,  355,  119,  710,  867,  810,  337,  485,  105,  595,  581,  834,  384,  797,  828,  567,  574,  374,  475,   86,  229,  596,  755,  467,  169,  631,  793,  574,  813,  169,  425,  173,   66,  596,  853,  586,  745,  776,  630,  279,  141,  666,  277,  454,  674,  635,  817,  353,  296,  449,  117,  672,  748,  898,  347,  833,  495,  432,  575,  269,  736,  426,  519,  468,  332,  386,  539,  780,  554,  488,  390,  779,  594,  971,  551,  801,  824,  304,  124,  673,  501,  851,  183,  494,   58,  829,  197,  396,  173,  454,  324,  367,  549,  353,  826,  382,  753,  524,  543,  396,  188,  687,  213,  548,  573],
        [  743,    0,  923,  816,  713,  590,    0,  432,  393,  454,  118, 1018,  197,  487,  418,  478,  156,  553,  458,  632,  811,  294,  807,  202,  850,  473,  303,  444, 1011,  310,  505,  495,   45,   66,  842,  217,  676,  880,   75,  637,  412,  379,  648,  369,  287,  979,  907,  452,  103,  693,  640,  858,  759,  776,  753,  611,  521,  632,  308,  988,  427,  878,  355,  494,  688,  800,  771,  727,  163,  410,  556,  871,  645,  689,  976,  886,  485,  416,  727,  658,  214,  606,  816,  528,  910,  817,  480,  378,  234,  279,  948,  560,  948,  220,  358,  964,  585,  199,  824,  467,  343,  484,  279,  535,  589,  765,  238,  605,  519,  444,  229,  525,  418,  644,  718,  865,  319,  644,  290,  548,   87,   71,  888,  466,  908,  447,  825,  677],
        [  457,    0,  707,  458,  655,  170,  432,    0,  256,  391,  330,  586,  240,   56,  172,  603,  276,  122,  113,  528,  718,  254,  591,  231,  439,   64,  542,  700,  778,  236,  364,   66,  432,  416,  742,  242,  672,  748,  401,  478,  330,  411,  216,  117,  429,  729,  523,   35,  464,  671,  479,  731,  332,  430,  342,  180,  466,  711,  422,  725,  613,  606,  191,   70,  567,  378,  445,  584,  465,  651,  273,  439,  385,  258,  673,  691,  733,  208,  712,  424,  262,  470,  388,  590,  506,  507,  341,  270,  217,  373,  735,  439,  557,  255,  611,  621,  810,  381,  712,  662,  215,  120,  504,  387,  702,  334,  383,  205,  672,  166,  227,  215,  312,  299,  367,  549,  261,  689,  281,  609,  360,  392,  480,   74,  655,   83,  530,  491],
        [  350,    0,  545,  438,  415,  402,  393,  256,    0,  137,  352,  740,  286,  283,   92,  358,  278,  315,  364,  296,  491,  404,  426,  271,  512,  319,  345,  485,  630,  397,  134,  305,  367,  342,  518,  328,  420,  539,  327,  269,  526,  574,  408,  322,  225,  593,  539,  239,  364,  423,  272,  518,  534,  395,  568,  378,  215,  456,  207,  599,  382,  487,  383,  262,  345,  488,  384,  373,  330,  435,  173,  596,  252,  445,  584,  515,  510,   58,  464,  268,  184,  248,  519,  336,  560,  426,  106,  463,  191,  175,  572,  207,  585,  350,  406,  577,  575,  231,  492,  429,  398,  374,  311,  163,  450,  515,  485,  450,  428,  404,  188,  468,   58,  276,  344,  475,  426,  434,  426,  354,  306,  395,  544,  215,  520,  190,  433,  300],
        [  340,    0,  472,  466,  286,  529,  454,  391,  137,    0,  445,  828,  396,  414,  222,  248,  376,  437,  500,  181,  372,  527,  360,  381,  578,  453,  301,  408,  562,  523,   81,  437,  419,  394,  401,  443,  285,  431,  381,  186,  655,  695,  524,  457,  201,  536,  575,  372,  396,  289,  190,  409,  647,  421,  689,  497,   81,  324,  176,  548,  294,  450,  515,  390,  236,  570,  397,  273,  344,  361,  229,  690,  248,  557,  556,  433,  425,  185,  330,  238,  275,  153,  607,  209,  612,  420,   76,  593,  301,  181,  496,  107,  623,  465,  347,  578,  473,  260,  379,  335,  528,  509,  279,  100,  325,  622,  592,  580,  317,  540,  295,  604,   80,  333,  386,  468,  551,  299,  548,  225,  375,  476,  602,  344,  468,  320,  416,  230],
        [  692,    0,  896,  746,  723,  481,  118,  330,  352,  445,    0,  913,   92,  385,  352,  527,   75,  452,  344,  625,  815,  179,  777,  103,  762,  364,  375,  530,  981,  193,  479,  390,  141,  142,  844,  101,  699,  875,  136,  615,  305,  291,  543,  255,  321,  944,  829,  354,  198,  712,  618,  853,  649,  709,  639,  507,  520,  676,  335,  949,  492,  835,  238,  396,  680,  706,  709,  714,  240,  490,  497,  767,  597,  584,  925,  864,  570,  360,  749,  617,  172,  589,  718,  562,  825,  761,  452,  264,  165,  292,  923,  544,  868,  103,  438,  901,  667,  227,  823,  536,  226,  370,  343,  510,  641,  659,  159,  491,  579,  327,  165,  408,  391,  574,  648,  809,  205,  679,  179,  583,  101,   63,  801,  375,  870,  359,  774,  650],
        [  593,    0,  798,  444,  967,  436, 1018,  586,  740,  828,  913,    0,  824,  531,  658, 1075,  862,  467,  582,  852,  967,  792,  743,  817,  275,  550, 1082, 1223,  809,  771,  756,  524, 1017, 1000,  975,  818, 1027,  940,  985,  773,  784,  889,  371,  665,  962,  751,  366,  569, 1045, 1012,  771,  935,  272,  475,  316,  408,  866, 1122,  946,  726, 1116,  655,  712,  528,  852,  258,  517,  836, 1037, 1174,  600,  149,  625,  329,  622,  821, 1246,  684, 1046,  666,  836,  793,  222, 1026,  287,  556,  753,  755,  797,  908,  817,  798,  338,  826, 1146,  505, 1300,  943,  942, 1159,  736,  557, 1047,  755, 1141,  255,  927,  443, 1144,  625,  806,  572,  772,  501,  470,  548,  784, 1081,  814, 1037,  945,  975,  273,  563,  711,  587,  588,  745],
        [  613,    0,  829,  659,  681,  394,  197,  240,  286,  396,   92,  824,    0,  295,  271,  520,   51,  361,  264,  574,  767,  146,  709,   16,  671,  276,  393,  555,  911,  152,  418,  301,  206,  196,  796,   50,  667,  821,  184,  555,  284,  302,  454,  175,  314,  872,  740,  263,  252,  677,  557,  801,  562,  623,  557,  417,  476,  661,  321,  874,  499,  759,  178,  305,  626,  614,  626,  657,  276,  511,  416,  678,  521,  495,  845,  800,  593,  284,  716,  545,  128,  532,  627,  542,  734,  680,  391,  230,   97,  271,  856,  489,  779,   70,  462,  816,  686,  227,  772,  546,  175,  289,  357,  449,  633,  570,  199,  409,  580,  257,  102,  340,  332,  487,  561,  727,  175,  657,  160,  563,  140,  153,  710,  284,  797,  269,  694,  585],
        [  437,    0,  693,  421,  666,  123,  487,   56,  283,  414,  385,  531,  295,    0,  193,  638,  332,   68,  122,  537,  722,  299,  580,  287,  389,   57,  588,  744,  759,  280,  378,   24,  487,  471,  744,  296,  689,  746,  456,  481,  359,  447,  161,  159,  473,  708,  479,   47,  518,  687,  482,  730,  279,  397,  295,  124,  485,  737,  463,  702,  653,  584,  229,   32,  572,  325,  416,  585,  517,  695,  266,  384,  373,  203,  644,  680,  775,  229,  728,  416,  314,  476,  334,  619,  457,  480,  358,  303,  270,  416,  720,  451,  510,  308,  656,  584,  849,  430,  713,  701,  254,  116,  550,  397,  733,  279,  431,  167,  708,  182,  280,  212,  337,  272,  334,  518,  303,  712,  325,  636,  415,  447,  430,   72,  635,   95,  504,  488],
        [  343,    0,  569,  398,  485,  311,  418,  172,   92,  222,  352,  658,  271,  193,    0,  449,  279,  223,  283,  359,  552,  361,  450,  256,  446,  233,  425,  571,  648,  350,  194,  215,  401,  378,  577,  303,  501,  589,  362,  316,  471,  532,  318,  256,  305,  605,  491,  151,  410,  500,  318,  570,  444,  359,  476,  287,  295,  545,  290,  607,  472,  490,  325,  171,  401,  412,  358,  423,  388,  522,  146,  512,  253,  355,  575,  546,  599,   37,  541,  282,  206,  303,  439,  426,  500,  410,  171,  408,  189,  251,  597,  270,  534,  323,  490,  550,  666,  290,  548,  519,  344,  291,  390,  218,  541,  427,  462,  359,  520,  330,  192,  386,  144,  227,  301,  457,  379,  520,  386,  444,  332,  405,  481,  124,  531,   99,  424,  336],
        [  556,    0,  601,  698,  302,  759,  478,  603,  358,  248,  527, 1075,  520,  638,  449,    0,  480,  672,  701,  301,  404,  666,  517,  509,  822,  667,  188,  189,  690,  670,  322,  659,  434,  414,  433,  570,  233,  490,  410,  362,  803,  814,  764,  639,  208,  683,  809,  593,  382,  258,  366,  468,  889,  654,  925,  734,  224,  156,  201,  703,   82,  630,  680,  619,  346,  818,  624,  390,  318,  157,  476,  937,  478,  799,  741,  552,  192,  415,  279,  454,  398,  328,  854,   85,  853,  633,  323,  747,  443,  252,  619,  300,  857,  589,  178,  788,  226,  301,  429,   98,  686,  717,  201,  330,  114,  866,  685,  804,   71,  729,  433,  803,  311,  579,  627,  677,  694,  176,  680,   95,  430,  529,  845,  572,  629,  546,  621,  409],
        [  618,    0,  822,  675,  657,  437,  156,  276,  278,  376,   75,  862,   51,  332,  279,  480,    0,  397,  311,  555,  747,  191,  703,   49,  698,  319,  345,  506,  907,  199,  406,  340,  159,  148,  776,   94,  638,  805,  135,  543,  328,  335,  492,  223,  272,  870,  761,  296,  202,  649,  546,  783,  604,  637,  602,  455,  453,  624,  282,  874,  454,  760,  228,  338,  609,  645,  637,  643,  225,  463,  423,  715,  522,  534,  851,  791,  545,  286,  687,  543,  101,  517,  661,  507,  760,  687,  379,  276,   91,  234,  849,  473,  801,  111,  413,  828,  639,  183,  754,  501,  224,  335,  310,  437,  593,  609,  218,  455,  537,  307,   91,  389,  318,  503,  577,  735,  220,  623,  202,  528,   91,  127,  736,  312,  796,  294,  700,  577],
        [  406,    0,  666,  371,  671,   97,  553,  122,  315,  437,  452,  467,  361,   68,  223,  672,  397,    0,  170,  541,  718,  363,  558,  353,  324,  109,  637,  789,  727,  343,  390,   70,  551,  534,  739,  363,  702,  734,  519,  478,  412,  505,  100,  223,  519,  674,  420,  103,  580,  697,  478,  719,  225,  351,  253,   66,  502,  760,  507,  665,  694,  549,  290,   62,  570,  258,  376,  578,  575,  740,  257,  319,  356,  141,  600,  659,  819,  258,  737,  401,  372,  479,  266,  645,  394,  440,  374,  360,  331,  463,  693,  459,  449,  375,  704,  532,  888,  485,  707,  741,  315,  155,  600,  405,  761,  217,  496,  153,  742,  230,  340,  239,  363,  237,  290,  475,  365,  732,  389,  662,  478,  514,  365,  105,  603,  131,  467,  479],
        [  558,    0,  813,  539,  768,  148,  458,  113,  364,  500,  344,  582,  264,  122,  283,  701,  311,  170,    0,  640,  830,  211,  699,  262,  488,   66,  621,  782,  880,  190,  476,  105,  469,  458,  854,  245,  782,  859,  445,  590,  243,  337,  226,   90,  515,  829,  588,  142,  512,  783,  591,  842,  312,  517,  296,  195,  576,  816,  512,  823,  704,  705,  132,  153,  679,  414,  537,  696,  526,  734,  382,  443,  492,  263,  764,  799,  817,  318,  824,  533,  331,  582,  412,  695,  558,  601,  453,  192,  281,  461,  840,  552,  616,  248,  691,  701,  900,  453,  824,  753,  157,   26,  583,  499,  804,  330,  347,  148,  769,   62,  292,  105,  421,  393,  454,  639,  206,  797,  235,  714,  401,  405,  529,  181,  757,  195,  626,  602],
        [  277,    0,  311,  430,  131,  637,  632,  528,  296,  181,  625,  852,  574,  537,  359,  301,  555,  541,  640,    0,  196,  698,  217,  558,  581,  585,  433,  488,  402,  692,  166,  560,  594,  569,  224,  619,  176,  251,  558,   80,  821,  868,  610,  613,  361,  388,  539,  502,  565,  163,   82,  229,  722,  390,  777,  591,  112,  281,  335,  406,  375,  331,  677,  508,   57,  600,  353,  100,  509,  452,  288,  729,  227,  634,  441,  267,  491,  326,  201,  187,  455,   64,  642,  221,  596,  346,  192,  758,  477,  354,  333,   90,  586,  640,  457,  495,  504,  434,  199,  398,  693,  645,  421,  142,  315,  687,  771,  693,  351,  689,  472,  742,  243,  360,  383,  386,  721,  235,  720,  221,  554,  656,  595,  467,  330,  448,  329,  118],
        [  376,    0,  244,  524,  104,  814,  811,  718,  491,  372,  815,  967,  767,  722,  552,  404,  747,  718,  830,  196,    0,  894,  231,  752,  693,  773,  575,  583,  318,  888,  361,  745,  772,  747,   31,  813,  177,   90,  737,  242, 1016, 1063,  776,  807,  529,  333,  619,  690,  735,  149,  241,   70,  878,  493,  940,  762,  295,  302,  506,  361,  485,  345,  872,  692,  151,  730,  451,  142,  675,  559,  462,  862,  372,  795,  438,  195,  572,  520,  146,  325,  646,  249,  775,  321,  689,  416,  387,  953,  671,  534,  250,  285,  662,  835,  580,  530,  549,  612,   35,  489,  888,  833,  573,  334,  359,  838,  964,  870,  426,  880,  666,  930,  438,  510,  509,  438,  916,  253,  916,  309,  738,  841,  697,  653,  311,  636,  388,  243],
        [  694,    0,  930,  711,  813,  358,  294,  254,  404,  527,  179,  792,  146,  299,  361,  666,  191,  363,  211,  698,  894,    0,  810,  158,  686,  256,  536,  696, 1007,   22,  536,  293,  319,  318,  921,   98,  805,  941,  310,  669,  138,  172,  435,  140,  460,  963,  776,  287,  375,  813,  671,  921,  521,  681,  496,  402,  608,  806,  466,  962,  644,  843,   81,  322,  748,  618,  693,  775,  411,  653,  499,  654,  610,  473,  919,  906,  735,  385,  853,  642,  271,  651,  620,  685,  755,  752,  509,   87,  231,  416,  957,  610,  808,   82,  603,  873,  829,  373,  896,  691,   58,  236,  501,  565,  779,  541,  137,  352,  726,  172,  239,  244,  456,  547,  617,  796,   29,  799,   27,  706,  269,  227,  727,  322,  888,  319,  772,  694],
        [  164,    0,  120,  299,  266,  648,  807,  591,  426,  360,  777,  743,  709,  580,  450,  517,  703,  558,  699,  217,  231,  810,    0,  694,  471,  635,  644,  705,  205,  799,  302,  600,  775,  749,  234,  747,  348,  199,  735,  175,  915,  981,  595,  698,  559,  176,  389,  559,  755,  323,  171,  193,  682,  273,  751,  588,  317,  473,  533,  191,  592,  122,  770,  548,  173,  517,  231,  133,  704,  669,  319,  647,  207,  606,  229,  101,  707,  428,  344,  169,  607,  210,  561,  435,  461,  188,  328,  853,  616,  540,  148,  254,  431,  768,  673,  304,  712,  618,  202,  614,  791,  695,  628,  272,  518,  638,  907,  706,  564,  756,  614,  790,  391,  326,  303,  208,  828,  423,  835,  433,  723,  818,  470,  519,  114,  509,  158,  131],
        [  598,    0,  813,  645,  667,  389,  202,  231,  271,  381,  103,  817,   16,  287,  256,  509,   49,  353,  262,  558,  752,  158,  694,    0,  660,  271,  385,  548,  896,  162,  403,  294,  208,  197,  781,   63,  653,  806,  184,  539,  295,  316,  446,  174,  303,  856,  728,  253,  251,  662,  542,  785,  557,  609,  554,  410,  461,  649,  309,  859,  489,  744,  184,  295,  610,  604,  612,  642,  271,  503,  402,  670,  505,  488,  831,  784,  586,  268,  702,  530,  114,  516,  618,  529,  723,  665,  375,  239,   82,  259,  840,  473,  766,   84,  454,  802,  677,  218,  757,  537,  183,  286,  349,  433,  621,  563,  215,  406,  569,  259,   87,  342,  317,  474,  548,  712,  186,  644,  173,  550,  140,  163,  699,  273,  782,  257,  679,  570],
        [  319,    0,  536,  173,  693,  355,  850,  439,  512,  578,  762,  275,  671,  389,  446,  822,  698,  324,  488,  581,  693,  686,  471,  660,    0,  432,  855,  982,  560,  667,  501,  394,  839,  819,  701,  680,  756,  668,  802,  502,  726,  824,  270,  547,  736,  500,  128,  410,  855,  739,  499,  663,  277,  201,  354,  295,  605,  856,  716,  480,  871,  392,  613,  370,  578,   84,  243,  562,  834,  935,  351,  185,  356,  248,  383,  553, 1002,  463,  773,  395,  646,  524,  116,  766,   72,  286,  503,  679,  617,  687,  557,  534,  136,  694,  913,  276, 1047,  735,  668,  912,  639,  468,  823,  495,  879,  226,  820,  396,  889,  545,  623,  527,  533,  245,  200,  287,  688,  813,  712,  775,  768,  822,   42,  388,  451,  404,  319,  472],
        [  493,    0,  749,  475,  714,  119,  473,   64,  319,  453,  364,  550,  276,   57,  233,  667,  319,  109,   66,  585,  773,  256,  635,  271,  432,    0,  602,  762,  816,  236,  423,   41,  477,  463,  796,  269,  733,  799,  449,  532,  305,  396,  183,  119,  491,  764,  528,   84,  514,  732,  533,  782,  287,  452,  287,  148,  527,  774,  484,  758,  676,  640,  181,   88,  622,  362,  472,  637,  520,  713,  320,  406,  428,  223,  699,  736,  795,  269,  773,  470,  318,  526,  366,  654,  502,  536,  402,  251,  271,  435,  776,  498,  557,  277,  672,  637,  873,  439,  765,  725,  207,   62,  565,  444,  766,  296,  391,  144,  736,  126,  281,  158,  375,  328,  389,  574,  257,  752,  282,  672,  406,  426,  473,  120,  692,  138,  561,  541],
        [  641,    0,  744,  761,  472,  710,  303,  542,  345,  301,  375, 1082,  393,  588,  425,  188,  345,  637,  621,  433,  575,  536,  644,  385,  855,  602,    0,  163,  834,  544,  380,  605,  260,  244,  605,  439,  413,  656,  244,  472,  672,  665,  736,  544,  121,  818,  869,  542,  202,  436,  476,  634,  861,  717,  882,  702,  327,  342,  139,  834,  126,  745,  568,  577,  487,  832,  696,  531,  141,  118,  507,  937,  548,  775,  854,  699,  201,  399,  462,  539,  291,  436,  862,  258,  898,  720,  367,  621,  341,  175,  765,  396,  916,  455,   71,  878,  294,  170,  596,  165,  567,  641,   38,  401,  292,  849,  528,  746,  218,  634,  330,  715,  324,  613,  676,  768,  564,  363,  544,  275,  275,  363,  884,  533,  756,  507,  717,  520],
        [  736,    0,  789,  871,  483,  867,  444,  700,  485,  408,  530, 1223,  555,  744,  571,  189,  506,  789,  782,  488,  583,  696,  705,  548,  982,  762,  163,    0,  877,  705,  487,  763,  403,  392,  611,  600,  407,  671,  395,  547,  831,  817,  887,  706,  272,  871,  981,  698,  342,  434,  551,  649, 1013,  826, 1038,  854,  404,  296,  283,  891,  116,  818,  730,  731,  535,  968,  800,  578,  290,   50,  632, 1079,  652,  925,  928,  740,   42,  542,  447,  633,  453,  512, 1001,  273, 1019,  814,  481,  782,  503,  328,  806,  480, 1030,  615,   94,  971,  142,  332,  610,   94,  729,  802,  201,  501,  235,  998,  678,  905,  159,  797,  492,  877,  452,  738,  793,  859,  725,  336,  703,  279,  431,  510, 1009,  686,  818,  659,  804,  595],
        [  323,    0,   91,  397,  401,  810, 1011,  778,  630,  562,  981,  809,  911,  759,  648,  690,  907,  727,  880,  402,  318, 1007,  205,  896,  560,  816,  834,  877,    0,  995,  506,  778,  978,  953,  300,  948,  485,  234,  939,  376, 1106, 1177,  746,  889,  757,   60,  446,  744,  957,  457,  373,  249,  812,  393,  887,  747,  511,  614,  732,   84,  769,  181,  962,  728,  349,  626,  359,  304,  904,  846,  510,  745,  398,  748,  189,  138,  873,  629,  461,  367,  812,  409,  668,  605,  525,  295,  532, 1045,  819,  742,   72,  455,  472,  969,  856,  307,  861,  821,  284,  784,  984,  874,  823,  476,  667,  763, 1108,  867,  726,  940,  817,  965,  595,  491,  445,  277, 1024,  563, 1033,  599,  928, 1023,  545,  705,  125,  698,  264,  335],
        [  681,    0,  918,  694,  809,  337,  310,  236,  397,  523,  193,  771,  152,  280,  350,  670,  199,  343,  190,  692,  888,   22,  799,  162,  667,  236,  544,  705,  995,    0,  529,  274,  333,  331,  915,  106,  803,  933,  322,  661,  135,  182,  414,  121,  464,  950,  758,  270,  388,  810,  663,  914,  499,  665,  475,  381,  604,  807,  470,  949,  650,  830,   59,  303,  741,  598,  677,  767,  421,  661,  486,  632,  598,  452,  904,  896,  744,  376,  850,  631,  273,  643,  599,  686,  736,  737,  502,   78,  230,  419,  946,  604,  790,   93,  612,  856,  837,  379,  889,  698,   37,  214,  509,  558,  781,  520,  158,  330,  730,  150,  240,  224,  451,  531,  601,  780,   29,  799,   46,  707,  280,  244,  708,  305,  876,  304,  757,  685],
        [  262,    0,  419,  386,  292,  485,  505,  364,  134,   81,  479,  756,  418,  378,  194,  322,  406,  390,  476,  166,  361,  536,  302,  403,  501,  423,  380,  487,  506,  529,    0,  401,  474,  448,  387,  461,  313,  405,  434,  137,  656,  707,  469,  447,  275,  475,  495,  340,  458,  310,  140,  385,  589,  341,  636,  446,  115,  377,  250,  484,  373,  380,  512,  350,  212,  498,  317,  240,  411,  441,  158,  621,  169,  499,  484,  386,  504,  160,  351,  163,  308,  115,  536,  271,  534,  342,   28,  593,  322,  244,  445,   77,  543,  483,  427,  500,  547,  321,  360,  412,  528,  483,  355,   31,  388,  560,  617,  538,  390,  523,  319,  579,   90,  257,  307,  390,  558,  344,  559,  284,  422,  518,  524,  307,  404,  286,  341,  173],
        [  456,    0,  713,  435,  689,  105,  495,   66,  305,  437,  390,  524,  301,   24,  215,  659,  340,   70,  105,  560,  745,  293,  600,  294,  394,   41,  605,  763,  778,  274,  401,    0,  497,  482,  767,  298,  712,  768,  467,  503,  346,  437,  153,  154,  491,  726,  488,   67,  530,  710,  504,  752,  267,  412,  277,  117,  508,  759,  482,  720,  673,  602,  220,   54,  594,  326,  433,  607,  531,  713,  287,  378,  394,  195,  660,  701,  794,  252,  751,  437,  328,  499,  332,  641,  463,  497,  380,  292,  283,  435,  740,  474,  518,  308,  674,  597,  869,  446,  736,  721,  246,   96,  568,  420,  754,  270,  427,  146,  729,  166,  293,  190,  359,  289,  349,  534,  295,  735,  319,  659,  425,  452,  435,   95,  654,  117,  522,  510],
        [  717,    0,  889,  797,  673,  595,   45,  432,  367,  419,  141, 1017,  206,  487,  401,  434,  159,  551,  469,  594,  772,  319,  775,  208,  839,  477,  260,  403,  978,  333,  474,  497,    0,   26,  802,  235,  634,  842,   41,  603,  444,  417,  648,  381,  246,  948,  891,  449,   62,  651,  607,  819,  762,  756,  761,  611,  483,  589,  267,  957,  384,  850,  375,  491,  651,  793,  749,  691,  119,  367,  534,  870,  619,  690,  949,  852,  444,  395,  685,  629,  196,  572,  811,  485,  898,  792,  449,  405,  224,  241,  914,  526,  933,  242,  315,  942,  543,  161,  785,  424,  365,  494,  235,  503,  545,  765,  276,  614,  475,  460,  217,  542,  387,  627,  700,  841,  346,  600,  319,  505,   73,  108,  876,  460,  877,  439,  799,  644],
        [  692,    0,  864,  773,  649,  581,   66,  416,  342,  394,  142, 1000,  196,  471,  378,  414,  148,  534,  458,  569,  747,  318,  749,  197,  819,  463,  244,  392,  953,  331,  448,  482,   26,    0,  778,  230,  611,  817,   17,  577,  446,  426,  632,  371,  222,  923,  868,  432,   57,  628,  581,  794,  747,  732,  748,  595,  458,  568,  243,  932,  367,  825,  370,  473,  626,  774,  725,  665,  104,  355,  510,  853,  594,  673,  924,  826,  433,  372,  662,  604,  174,  546,  793,  463,  876,  768,  424,  405,  205,  216,  889,  500,  911,  239,  303,  918,  532,  136,  761,  408,  362,  483,  217,  478,  526,  749,  286,  602,  458,  453,  197,  535,  362,  604,  677,  817,  346,  579,  320,  483,   58,  119,  855,  441,  852,  419,  774,  619],
        [  385,    0,  231,  531,  134,  834,  842,  742,  518,  401,  844,  975,  796,  744,  577,  433,  776,  739,  854,  224,   31,  921,  234,  781,  701,  796,  605,  611,  300,  915,  387,  767,  802,  778,    0,  842,  205,   66,  767,  264, 1043, 1091,  794,  832,  560,  320,  623,  713,  766,  178,  263,   52,  894,  502,  957,  781,  325,  327,  536,  348,  514,  343,  898,  714,  176,  742,  459,  161,  706,  588,  482,  873,  390,  811,  431,  185,  599,  546,  170,  342,  676,  274,  786,  351,  694,  421,  414,  980,  700,  564,  235,  312,  664,  863,  610,  527,  574,  643,   34,  518,  915,  857,  604,  360,  385,  852,  993,  891,  453,  905,  694,  954,  466,  526,  521,  440,  944,  279,  944,  338,  769,  872,  703,  676,  304,  660,  391,  261],
        [  645,    0,  867,  681,  729,  384,  217,  242,  328,  443,  101,  818,   50,  296,  303,  570,   94,  363,  245,  619,  813,   98,  747,   63,  680,  269,  439,  600,  948,  106,  461,  298,  235,  230,  842,    0,  716,  865,  219,  597,  235,  253,  450,  156,  363,  907,  757,  270,  286,  725,  599,  845,  552,  647,  540,  414,  523,  711,  370,  909,  547,  792,  141,  311,  670,  620,  653,  700,  317,  557,  447,  674,  554,  490,  875,  840,  639,  320,  764,  582,  177,  575,  629,  592,  746,  709,  433,  183,  143,  321,  894,  533,  794,   22,  507,  840,  732,  275,  817,  594,  133,  270,  404,  491,  683,  564,  160,  392,  629,  227,  150,  309,  377,  511,  584,  755,  126,  707,  111,  612,  177,  161,  720,  297,  833,  286,  725,  626],
        [  447,    0,  402,  601,   85,  797,  676,  672,  420,  285,  699, 1027,  667,  689,  501,  233,  638,  702,  782,  176,  177,  805,  348,  653,  756,  733,  413,  407,  485,  803,  313,  712,  634,  611,  205,  716,    0,  266,  603,  255,  936,  968,  777,  741,  389,  490,  708,  650,  591,   29,  257,  245,  893,  562,  945,  756,  207,  130,  370,  515,  313,  470,  798,  662,  185,  775,  524,  217,  527,  385,  456,  905,  403,  804,  575,  352,  396,  465,   51,  362,  541,  237,  817,  156,  768,  509,  332,  875,  575,  408,  415,  245,  754,  737,  410,  648,  377,  481,  207,  314,  810,  791,  417,  298,  184,  859,  855,  851,  249,  824,  567,  886,  363,  535,  558,  543,  830,   79,  824,  139,  612,  716,  768,  618,  451,  596,  487,  287],
        [  359,    0,  171,  496,  189,  828,  880,  748,  539,  431,  875,  940,  821,  746,  589,  490,  805,  734,  859,  251,   90,  941,  199,  806,  668,  799,  656,  671,  234,  933,  405,  768,  842,  817,   66,  865,  266,    0,  806,  273, 1058, 1112,  782,  844,  602,  258,  582,  718,  809,  238,  272,   23,  876,  471,  942,  772,  360,  391,  578,  287,  571,  295,  913,  715,  196,  715,  429,  167,  750,  646,  481,  845,  380,  796,  375,  129,  661,  559,  234,  334,  705,  291,  759,  406,  656,  384,  433,  995,  725,  602,  172,  333,  621,  887,  665,  476,  638,  682,   61,  577,  931,  860,  652,  376,  448,  832, 1020,  885,  514,  913,  720,  957,  490,  512,  498,  397,  962,  342,  964,  395,  804,  906,  667,  679,  250,  665,  352,  258],
        [  677,    0,  850,  757,  639,  567,   75,  401,  327,  381,  136,  985,  184,  456,  362,  410,  135,  519,  445,  558,  737,  310,  735,  184,  802,  449,  244,  395,  939,  322,  434,  467,   41,   17,  767,  219,  603,  806,    0,  564,  440,  423,  616,  358,  214,  909,  852,  416,   68,  619,  568,  783,  733,  716,  734,  580,  447,  563,  234,  918,  365,  810,  359,  458,  614,  758,  709,  653,  106,  357,  495,  837,  578,  658,  909,  813,  436,  356,  654,  589,  157,  533,  777,  456,  860,  752,  410,  396,  189,  204,  876,  487,  895,  229,  305,  902,  534,  125,  750,  408,  352,  469,  215,  464,  522,  734,  285,  588,  455,  441,  181,  523,  348,  588,  661,  801,  338,  572,  313,  477,   44,  121,  839,  425,  838,  403,  759,  605],
        [  201,    0,  287,  352,  201,  574,  637,  478,  269,  186,  615,  773,  555,  481,  316,  362,  543,  478,  590,   80,  242,  669,  175,  539,  502,  532,  472,  547,  376,  661,  137,  503,  603,  577,  264,  597,  255,  273,  564,    0,  785,  840,  541,  572,  384,  351,  461,  449,  581,  240,    4,  255,  649,  311,  707,  524,  147,  359,  358,  364,  432,  274,  640,  451,   93,  522,  275,  107,  529,  507,  222,  652,  149,  563,  384,  250,  554,  287,  276,  108,  444,   37,  564,  288,  517,  273,  165,  722,  459,  366,  312,   80,  509,  618,  506,  426,  574,  445,  234,  460,  658,  593,  455,  107,  390,  613,  753,  630,  419,  642,  455,  690,  225,  284,  304,  315,  690,  313,  693,  291,  555,  653,  516,  412,  285,  396,  259,   49],
        [  787,    0, 1033,  780,  940,  374,  412,  330,  526,  655,  305,  784,  284,  359,  471,  803,  328,  412,  243,  821, 1016,  138,  915,  295,  726,  305,  672,  831, 1106,  135,  656,  346,  444,  446, 1043,  235,  936, 1058,  440,  785,    0,  106,  459,  218,  597, 1058,  830,  365,  502,  943,  787, 1039,  516,  756,  472,  432,  736,  941,  603, 1054,  781,  936,  146,  388,  868,  650,  774,  892,  543,  788,  598,  658,  710,  490, 1001, 1014,  870,  499,  983,  747,  407,  770,  643,  820,  797,  836,  630,   64,  365,  553, 1061,  732,  857,  218,  738,  942,  965,  510, 1016,  828,  129,  259,  637,  684,  915,  547,  196,  347,  863,  183,  374,  213,  581,  628,  692,  876,  110,  933,  128,  841,  401,  343,  767,  404,  984,  408,  859,  806],
        [  862,    0, 1100,  867,  980,  475,  379,  411,  574,  695,  291,  889,  302,  447,  532,  814,  335,  505,  337,  868, 1063,  172,  981,  316,  824,  396,  665,  817, 1177,  182,  707,  437,  417,  426, 1091,  253,  968, 1112,  423,  840,  106,    0,  559,  294,  606, 1131,  924,  446,  478,  978,  843, 1092,  620,  841,  577,  530,  775,  959,  617, 1130,  782, 1011,  221,  474,  918,  749,  855,  946,  528,  779,  668,  762,  780,  591, 1083, 1077,  858,  556, 1017,  813,  429,  821,  744,  842,  895,  917,  680,  146,  395,  569, 1128,  781,  952,  232,  727, 1030,  956,  514, 1066,  826,  196,  357,  633,  736,  927,  650,  142,  451,  868,  280,  402,  318,  626,  709,  777,  959,  154,  957,  148,  862,  391,  310,  865,  483, 1057,  483,  937,  866],
        [  434,    0,  694,  362,  739,   86,  648,  216,  408,  524,  543,  371,  454,  161,  318,  764,  492,  100,  226,  610,  776,  435,  595,  446,  270,  183,  736,  887,  746,  414,  469,  153,  648,  632,  794,  450,  777,  782,  616,  541,  459,  559,    0,  300,  618,  689,  384,  202,  678,  770,  540,  769,  126,  355,  168,   37,  583,  845,  605,  676,  789,  565,  357,  162,  632,  192,  387,  635,  675,  838,  323,  225,  405,   42,  599,  694,  916,  351,  809,  452,  472,  547,  187,  732,  342,  452,  456,  415,  430,  562,  720,  533,  404,  459,  803,  515,  983,  585,  761,  836,  382,  204,  699,  480,  849,  118,  571,  130,  834,  280,  439,  258,  454,  271,  302,  478,  432,  813,  459,  748,  576,  605,  311,  204,  623,  230,  482,  534],
        [  570,    0,  816,  575,  736,  229,  369,  117,  322,  457,  255,  665,  175,  159,  256,  639,  223,  223,   90,  613,  807,  140,  698,  174,  547,  119,  544,  706,  889,  121,  447,  154,  381,  371,  832,  156,  741,  844,  358,  572,  218,  294,  300,    0,  444,  842,  637,  152,  425,  744,  574,  826,  397,  547,  384,  266,  536,  763,  443,  838,  634,  720,   74,  183,  657,  479,  562,  679,  442,  659,  380,  522,  493,  339,  789,  797,  742,  287,  785,  529,  254,  559,  484,  641,  616,  623,  421,  156,  204,  392,  843,  523,  669,  162,  614,  737,  828,  375,  804,  683,   98,  115,  506,  473,  746,  411,  274,  236,  705,   92,  215,  172,  379,  416,  483,  665,  145,  748,  166,  661,  314,  316,  588,  189,  768,  191,  645,  590],
        [  536,    0,  667,  648,  429,  596,  287,  429,  225,  201,  321,  962,  314,  473,  305,  208,  272,  519,  515,  361,  529,  460,  559,  303,  736,  491,  121,  272,  757,  464,  275,  491,  246,  222,  560,  363,  389,  602,  214,  384,  597,  606,  618,  444,    0,  734,  755,  427,  207,  406,  388,  580,  743,  604,  767,  584,  249,  356,   26,  748,  190,  650,  478,  460,  417,  712,  586,  459,  149,  222,  390,  817,  440,  657,  757,  625,  304,  279,  440,  437,  194,  350,  742,  244,  781,  615,  257,  541,  243,   57,  690,  305,  801,  381,  186,  773,  385,   95,  544,  239,  482,  534,   87,  299,  322,  730,  479,  634,  267,  536,  232,  614,  208,  495,  560,  664,  488,  361,  472,  264,  227,  329,  766,  415,  668,  389,  615,  430],
        [  272,    0,   90,  339,  405,  755,  979,  729,  593,  536,  944,  751,  872,  708,  605,  683,  870,  674,  829,  388,  333,  963,  176,  856,  500,  764,  818,  871,   60,  950,  475,  726,  948,  923,  320,  907,  490,  258,  909,  351, 1058, 1131,  689,  842,  734,    0,  387,  695,  930,  463,  347,  269,  754,  336,  828,  691,  492,  619,  709,   30,  761,  126,  915,  677,  338,  567,  302,  294,  879,  838,  464,  685,  354,  690,  134,  140,  870,  588,  473,  327,  776,  385,  609,  599,  466,  238,  500,  997,  781,  715,   88,  430,  415,  927,  844,  251,  865,  793,  299,  779,  937,  822,  804,  445,  670,  705, 1067,  811,  724,  889,  779,  912,  562,  438,  389,  218,  978,  568,  989,  595,  895,  988,  486,  655,   75,  651,  208,  306],
        [  262,    0,  434,  111,  636,  467,  907,  523,  539,  575,  829,  366,  740,  479,  491,  809,  761,  420,  588,  539,  619,  776,  389,  728,  128,  528,  869,  981,  446,  758,  495,  488,  891,  868,  623,  757,  708,  582,  852,  461,  830,  924,  384,  637,  755,  387,    0,  491,  898,  688,  458,  580,  404,  156,  482,  403,  586,  819,  732,  364,  867,  291,  707,  455,  524,  209,  187,  499,  868,  936,  367,  307,  331,  367,  262,  459,  996,  499,  717,  358,  696,  490,  243,  743,   80,  204,  504,  779,  674,  711,  452,  510,   49,  773,  921,  150, 1030,  770,  591,  903,  733,  571,  840,  482,  850,  353,  905,  513,  872,  648,  679,  640,  547,  266,  195,  186,  781,  773,  803,  749,  822,  887,  102,  461,  347,  472,  232,  423],
        [  423,    0,  674,  424,  630,  169,  452,   35,  239,  372,  354,  569,  263,   47,  151,  593,  296,  103,  142,  502,  690,  287,  559,  253,  410,   84,  542,  698,  744,  270,  340,   67,  449,  432,  713,  270,  650,  718,  416,  449,  365,  446,  202,  152,  427,  695,  491,    0,  477,  649,  451,  701,  323,  396,  341,  166,  445,  694,  417,  690,  607,  572,  225,   43,  539,  352,  411,  555,  474,  649,  241,  421,  352,  243,  638,  659,  729,  187,  690,  392,  270,  443,  365,  575,  476,  473,  319,  305,  229,  370,  702,  414,  525,  284,  611,  586,  803,  385,  683,  655,  250,  144,  505,  361,  688,  319,  415,  212,  662,  198,  238,  241,  294,  264,  332,  514,  296,  671,  314,  593,  376,  416,  450,   40,  621,   55,  495,  460],
