{
    "name": "random-93-26350",
    "comment": "size=93 seed=26350",
    "nodes": ["+0", "-0", "+1", "-1", "+2", "-2", "+3", "-3", "+4", "-4", "+5", "-5", "+6", "-6", "+7", "-7", "+8", "-8", "+9", "-9", "+10", "-10", "+11", "-11", "+12", "-12", "+13", "-13", "+14", "-14", "+15", "-15", "+16", "-16", "+17", "-17", "+18", "-18", "+19", "-19", "+20", "-20", "+21", "-21", "+22", "-22", "+23", "-23", "+24", "-24", "+25", "-25", "+26", "-26", "+27", "-27", "+28", "-28", "+29", "-29", "+30", "-30", "+31", "-31", "+32", "-32", "+33", "-33", "+34", "-34", "+35", "-35", "+36", "-36", "+37", "-37", "+38", "-38", "+39", "-39", "+40", "-40", "+41", "-41", "+42", "-42", "+43", "-43", "+44", "-44", "+45", "-45", "+46", "-46", "+47", "-47", "+48", "-48", "+49", "-49", "+50", "-50", "+51", "-51", "+52", "-52", "+53", "-53", "+54", "-54", "+55", "-55", "+56", "-56", "+57", "-57", "+58", "-58", "+59", "-59", "+60", "-60", "+61", "-61", "+62", "-62", "+63", "-63", "+64", "-64", "+65", "-65", "+66", "-66", "+67", "-67", "+68", "-68", "+69", "-69", "+70", "-70", "+71", "-71", "+72", "-72", "+73", "-73", "+74", "-74", "+75", "-75", "+76", "-76", "+77", "-77", "+78", "-78", "+79", "-79", "+80", "-80", "+81", "-81", "+82", "-82", "+83", "-83", "+84", "-84", "+85", "-85", "+86", "-86", "+87", "-87", "+88", "-88", "+89", "-89", "+90", "-90", "+91", "-91", "+92", "-92", "+93", "-93"],
    "precedence": {
        "+0": "-0",
        "+1": "-1",
        "+2": "-2",
        "+3": "-3",
        "+4": "-4",
        "+5": "-5",
        "+6": "-6",
        "+7": "-7",
        "+8": "-8",
        "+9": "-9",
        "+10": "-10",
        "+11": "-11",
        "+12": "-12",
        "+13": "-13",
        "+14": "-14",
        "+15": "-15",
        "+16": "-16",
        "+17": "-17",
        "+18": "-18",
        "+19": "-19",
        "+20": "-20",
        "+21": "-21",
        "+22": "-22",
        "+23": "-23",
        "+24": "-24",
        "+25": "-25",
        "+26": "-26",
        "+27": "-27",
        "+28": "-28",
        "+29": "-29",
        "+30": "-30",
        "+31": "-31",
        "+32": "-32",
        "+33": "-33",
        "+34": "-34",
        "+35": "-35",
        "+36": "-36",
        "+37": "-37",
        "+38": "-38",
        "+39": "-39",
        "+40": "-40",
        "+41": "-41",
        "+42": "-42",
        "+43": "-43",
        "+44": "-44",
        "+45": "-45",
        "+46": "-46",
        "+47": "-47",
        "+48": "-48",
        "+49": "-49",
        "+50": "-50",
        "+51": "-51",
        "+52": "-52",
        "+53": "-53",
        "+54": "-54",
        "+55": "-55",
        "+56": "-56",
        "+57": "-57",
        "+58": "-58",
        "+59": "-59",
        "+60": "-60",
        "+61": "-61",
        "+62": "-62",
        "+63": "-63",
        "+64": "-64",
        "+65": "-65",
        "+66": "-66",
        "+67": "-67",
        "+68": "-68",
        "+69": "-69",
        "+70": "-70",
        "+71": "-71",
        "+72": "-72",
        "+73": "-73",
        "+74": "-74",
        "+75": "-75",
        "+76": "-76",
        "+77": "-77",
        "+78": "-78",
        "+79": "-79",
        "+80": "-80",
        "+81": "-81",
        "+82": "-82",
        "+83": "-83",
        "+84": "-84",
        "+85": "-85",
        "+86": "-86",
        "+87": "-87",
        "+88": "-88",
        "+89": "-89",
        "+90": "-90",
        "+91": "-91",
        "+92": "-92",
        "+93": "-93"
    },
    "edges": [
        [    0,    0,  465,  338,  465,  465,  423,  225,  492,  207,  730,  218,   60,  543,  533,  508,  261,  601,  325,  333,  427,   75,  270,  472,  604,  693,  481,  559,  543,  578,  372,  113,  491,  319,  285,  233,  218,  544,  457,  376,  485,  282,  465,  148,  657,  566,  199,  326,  630,  427,  647,  465,  186,  589,  400,  382,  579,  530,   85,  542,  402,  603,  416,  268,  400,  435,  485,  406,  353,  459,  155,  295,  381,  693,  348,  122,  288,  518,  169,  446,  460,  242,  570,  543,  584,  407,  317,  290,  350,  279,  649,  209,   37,  636,  565,  152,  270,  409,  636,  581,  352,  332,  722,  297,  416,  292,  475,  398,  118,  346,  211,  231,  428,  224,  366,  489,  204,  518,  319,  550,  628,  671,  372,  344,  119,  336,  626,  133,  448,  425,  377,  640,  325,  515,  442,  554,  487,  159,  466,  298,  419,  541,  300,  692,   46,  567,  516,  316,  430,  524,  141,  324,  470,  347,  499,  591,  536,   72,   47,  351,  604,  399,  449,  621,  626,  605,  170,  361,  297,  686,  395,  369,  293,  500,  253,  379,  582,  409,  427,  458,  413,  104,  169,  497,  680,  589,  482,  370],
        [    0,    0,    0,    0,    0,    0,    0,    0,    0,    0,    0,    0,    0,    0,    0,    0,    0,    0,    0,    0,    0,    0,    0,    0,    0,    0,    0,    0,    0,    0,    0,    0,    0,    0,    0,    0,    0,    0,    0,    0,    0,    0,    0,    0,    0,    0,    0,    0,    0,    0,    0,    0,    0,    0,    0,    0,    0,    0,    0,    0,    0,    0,    0,    0,    0,    0,    0,    0,    0,    0,    0,    0,    0,    0,    0,    0,    0,    0,    0,    0,    0,    0,    0,    0,    0,    0,    0,    0,    0,    0,    0,    0,    0,    0,    0,    0,    0,    0,    0,    0,    0,    0,    0,    0,    0,    0,    0,    0,    0,    0,    0,    0,    0,    0,    0,    0,    0,    0,    0,    0,    0,    0,    0,    0,    0,    0,    0,    0,    0,    0,    0,    0,    0,    0,    0,    0,    0,    0,    0,    0,    0,    0,    0,    0,    0,    0,    0,    0,    0,    0,    0,    0,    0,    0,    0,    0,    0,    0,    0,    0,    0,    0,    0,    0,    0,    0,    0,    0,    0,    0,    0,    0,    0,    0,    0,    0,    0,    0,    0,    0,    0,    0,    0,    0,    0,    0,    0,    0],
        [  465,    0,    0,  182,  699,  886,  826,  490,  202,  583, 1063,  594,  430,  176,  388,  943,  721,  364,  767,  499,  838,  539,  231,  356,  904,  544,  744,  824,  683,  824,  786,  556,  533,  752,  685,  542,  467,  258,  736,  352,  204,  239,  160,  318,  989,  613,  268,  758,  776,  797,  588,  727,  336,  770,   82,  755,  921,  939,  446,  691,  812,  525,  800,  693,  582,  899,   52,  869,  500,  648,  618,  754,   85,  612,  733,  584,  724,  774,  484,   81,  849,  331,  187,  959,  944,  860,  781,  721,  693,  445,  760,  560,  457,  576,  815,  314,  220,  845,  628,  242,  215,  755,  494,  301,  857,  180,  352,  802,  529,  636,  560,  244,  830,  687,  383,  807,  504,  154,  779,  894,  957,  545,  722,  356,  385,  324,  464,  336,  886,   42,  374,  784,  607,  918,  524,  780,  927,  521,  445,  177,  294,  190,  738,  590,  507,  942,  329,  760,  774,  728,  586,  142,   83,  136,  176,  958,   77,  461,  508,  565,  962,  796,  298,  713,  656,  666,  299,  493,  368,  975,  613,  478,  366,  903,  704,  541,  935,  265,   91,  174,  846,  546,  603,  796, 1005,  434,  188,  734],
        [  338,    0,  182,    0,  686,  717,  654,  312,  337,  414, 1021,  516,  323,  341,  491,  843,  576,  500,  608,  493,  752,  408,   69,  223,  873,  662,  722,  804,  705,  813,  618,  408,  580,  652,  601,  486,  421,  218,  707,  183,  153,   64,  128,  210,  946,  665,  152,  595,  801,  620,  678,  704,  281,  781,  101,  580,  872,  855,  351,  710,  642,  617,  625,  531,  580,  761,  228,  738,  501,  649,  491,  608,  120,  711,  560,  446,  622,  756,  416,  222,  775,  152,  233,  872,  887,  745,  641,  621,  635,  428,  797,  489,  343,  665,  802,  206,  197,  744,  701,  246,   46,  590,  636,  311,  695,   79,  221,  719,  374,  597,  389,  113,  749,  559,  416,  765,  330,  315,  633,  843,  914,  656,  545,  384,  300,  353,  581,  236,  723,  145,  414,  811,  426,  744,  554,  775,  823,  356,  506,   67,  371,  350,  578,  695,  384,  877,  229,  603,  719,  728,  475,   95,  147,  170,  321,  897,  257,  313,  385,  383,  906,  623,  170,  755,  718,  717,  206,  499,  186,  951,  599,  299,  184,  730,  590,  542,  881,  123,  214,  122,  747,  435,  448,  762,  965,  546,  147,  669],
        [  465,    0,  699,  686,    0,  794,  788,  689,  573,  648,  378,  268,  425,  648,  446,  444,  552,  549,  651,  201,  327,  464,  636,  886,  213,  500,   53,  125,  135,  128,  734,  533,  248,  354,  274,  232,  272,  898,   69,  803,  832,  659,  794,  498,  309,  247,  546,  674,  185,  825,  388,   44,  407,  131,  684,  785,  260,  377,  390,  127,  763,  392,  804,  646,  120,  595,  683,  540,  201,   70,  450,  573,  644,  432,  749,  490,  356,   76,  301,  631,  285,  668,  874,  408,  300,  460,  550,  343,  171,  260,  225,  261,  431,  384,  117,  500,  500,  392,  330,  913,  722,  691,  594,  399,  717,  609,  887,  297,  565,  123,  663,  584,  301,  458,  327,  150,  667,  638,  581,  241,  278,  466,  794,  348,  409,  378,  485,  472,  746,  677,  340,  194,  781,  862,  214,   92,  452,  616,  322,  621,  439,  634,  645,  453,  444,  318,  910,  641,  176,   65,  386,  613,  755,  571,  601,  319,  736,  536,  444,  814,  311,  777,  846,  222,  288,  246,  488,  209,  736,  278,   88,  827,  732,  849,  401,  160,  284,  799,  614,  796,  384,  390,  574,  123,  319,  466,  821,  205],
        [  465,    0,  886,  717,  794,    0,   74,  411,  952,  304,  871,  543,  523,  996,  994,  513,  246, 1065,  150,  750,  542,  405,  657,  719,  823, 1146,  781,  831,  914,  862,  100,  353,  917,  455,  521,  613,  644,  860,  751,  631,  823,  654,  825,  595,  820,  977,  629,  140,  979,  146, 1083,  771,  650,  923,  808,  160,  752,  598,  535,  909,   77, 1049,  121,  199,  787,  270,  919,  311,  772,  823,  366,  222,  804, 1132,  165,  356,  444,  812,  586,  888,  604,  567,  930,  585,  726,  401,  249,  456,  626,  715, 1016,  567,  494, 1073,  849,  598,  726,  470, 1058,  914,  704,  135, 1184,  761,   82,  708,  724,  547,  365,  678,  329,  644,  565,  338,  820,  729,  389,  970,  215,  731,  803, 1121,  208,  802,  583,  798, 1084,  590,   65,  845,  833,  988,  334,   71,  863,  862,  482,  365,  913,  709,  884,  997,  168, 1136,  442,  691,  785,  160,  661,  858,  435,  747,  863,  792,  956,  720,  962,  437,  441,  410,  743,  103,  734, 1002, 1036, 1004,  623,  784,  563,  895,  761,  519,  562,   62,  394,  782,  736,  718,  872,  812,  481,  455,  298,  755,  845, 1048,  828,  605],
        [  423,    0,  826,  654,  788,   74,    0,  345,  902,  245,  897,  528,  482,  943,  956,  546,  238, 1023,  140,  725,  561,  370,  596,  647,  836, 1113,  780,  836,  902,  866,   55,  311,  892,  463,  519,  593,  616,  790,  750,  561,  755,  592,  758,  545,  842,  957,  574,  115,  973,   77, 1057,  768,  608,  919,  747,   87,  771,  626,  499,  898,   26, 1019,   49,  157,  770,  311,  861,  344,  748,  811,  346,  223,  745, 1104,   96,  325,  448,  813,  558,  833,  622,  503,  863,  617,  748,  428,  262,  460,  624,  686, 1006,  549,  454, 1046,  852,  548,  676,  492, 1035,  844,  639,   99, 1145,  719,  120,  649,  653,  560,  315,  669,  266,  586,  582,  331,  786,  736,  324,  917,  225,  748,  823, 1089,  134,  766,  542,  759, 1048,  542,  121,  785,  798,  982,  261,   94,  840,  861,  515,  307,  882,  650,  841,  945,  144, 1107,  406,  715,  713,  150,  667,  853,  415,  689,  800,  738,  904,  744,  902,  386,  405,  336,  766,   32,  664,  989, 1016,  987,  573,  759,  494,  911,  748,  446,  494,   79,  394,  762,  757,  649,  817,  745,  503,  428,  255,  761,  867, 1011,  760,  608],
        [  225,    0,  490,  312,  689,  411,  345,    0,  597,  122,  935,  436,  270,  625,  694,  664,  328,  739,  324,  547,  610,  242,  260,  326,  820,  865,  704,  781,  763,  801,  314,  190,  695,  494,  488,  458,  435,  453,  680,  230,  413,  252,  414,  260,  865,  775,  264,  303,  852,  308,  839,  688,  356,  813,  409,  268,  786,  708,  304,  764,  335,  788,  313,  243,  621,  512,  529,  506,  566,  682,  304,  352,  413,  882,  250,  246,  465,  741,  392,  508,  654,  161,  519,  714,  785,  545,  396,  471,  568,  488,  869,  432,  259,  827,  788,  261,  378,  572,  838,  505,  295,  293,  872,  457,  402,  320,  331,  588,  145,  570,   89,  263,  618,  356,  550,  706,   33,  598,  376,  758,  837,  848,  233,  522,  308,  504,  790,  272,  426,  450,  557,  863,  126,  433,  650,  778,  637,   92,  654,  318,  569,  630,  294,  876,  250,  763,  388,  322,  642,  748,  335,  361,  457,  421,  592,  789,  566,  153,  251,  128,  805,  314,  330,  838,  835,  818,  288,  572,  154,  902,  618,  160,  153,  419,  414,  596,  785,  309,  495,  401,  579,  312,  193,  717,  889,  752,  417,  580],
        [  492,    0,  202,  337,  573,  952,  902,  597,    0,  662,  950,  546,  439,   76,  191,  896,  748,  166,  815,  385,  780,  561,  353,  545,  785,  343,  623,  696,  526,  690,  855,  601,  365,  717,  634,  475,  400,  459,  623,  520,  404,  372,  359,  358,  878,  437,  335,  815,  612,  889,  392,  608,  314,  617,  253,  844,  819,  873,  440,  535,  884,  329,  885,  754,  454,  906,  157,  866,  378,  511,  629,  783,  220,  412,  816,  611,  693,  647,  439,  125,  777,  455,  382,  898,  850,  836,  797,  687,  612,  351,  588,  508,  470,  380,  683,  355,  227,  805,  438,  441,  380,  818,  301,  220,  907,  287,  541,  742,  588,  541,  648,  335,  766,  692,  248,  702,  602,   69,  805,  794,  846,  344,  820,  234,  381,  211,  262,  362,  938,  213,  234,  620,  722,  995,  371,  643,  887,  599,  273,  293,  135,   63,  790,  389,  524,  855,  525,  807,  685,  587,  578,  250,  284,  179,   32,  866,  192,  517,  525,  697,  866,  875,  487,  540,  472,  489,  329,  367,  511,  847,  493,  630,  508,  980,  689,  415,  837,  447,  125,  371,  803,  541,  655,  684,  890,  233,  388,  659],
        [  207,    0,  583,  414,  648,  304,  245,  122,  662,    0,  853,  383,  265,  700,  730,  559,  212,  789,  203,  537,  518,  184,  354,  448,  752,  895,  655,  725,  739,  749,  204,  116,  697,  403,  414,  423,  422,  571,  627,  351,  528,  351,  526,  306,  787,  771,  330,  185,  823,  229,  853,  640,  381,  777,  505,  184,  709,  611,  291,  738,  230,  808,  224,  122,  599,  393,  617,  390,  558,  652,  218,  233,  501,  899,  155,  164,  375,  691,  369,  589,  568,  266,  633,  614,  701,  437,  279,  383,  506,  485,  846,  388,  243,  841,  736,  308,  436,  472,  842,  622,  404,  177,  917,  491,  285,  405,  452,  502,   90,  525,   34,  342,  530,  256,  570,  640,   92,  674,  256,  681,  761,  874,  167,  546,  319,  534,  825,  307,  311,  542,  579,  832,  139,  337,  647,  733,  530,   64,  671,  406,  611,  702,  173,  897,  209,  675,  509,  201,  573,  710,  268,  445,  560,  495,  662,  703,  659,  151,  209,  196,  721,  216,  450,  821,  831,  808,  335,  566,  274,  834,  587,  271,  272,  323,  320,  581,  704,  427,  573,  514,  480,  258,   88,  656,  811,  787,  532,  510],
        [  730,    0, 1063, 1021,  378,  871,  897,  935,  950,  853,    0,  515,  715, 1025,  819,  364,  678,  922,  763,  569,  341,  694,  962, 1196,  166,  845,  327,  259,  463,  276,  852,  749,  616,  453,  449,  536,  604, 1238,  329, 1103, 1172,  982, 1140,  815,   76,  587,  871,  795,  425,  958,  723,  342,  744,  380, 1037,  929,  152,  274,  681,  452,  872,  746,  930,  798,  497,  606, 1052,  561,  574,  443,  637,  681, 1000,  759,  897,  694,  479,  305,  606, 1000,  286,  967, 1229,  291,  153,  471,  637,  471,  388,  619,  479,  536,  707,  724,  277,  819,  852,  405,  655, 1260, 1050,  817,  950,  764,  790,  949, 1198,  353,  792,  429,  879,  911,  325,  603,  702,  258,  906, 1014,  674,  181,  108,  811,  956,  721,  723,  750,  846,  788,  809, 1037,  716,  424,  991,  941,  589,  324,  393,  847,  697,  960,  815, 1011,  772,  786,  692,  183, 1232,  755,  304,  378,  601,  961, 1111,  930,  977,  154, 1107,  794,  692, 1046,  134,  898, 1165,  512,  604,  561,  815,  583, 1026,  128,  458, 1092, 1022,  932,  536,  535,  151, 1121,  983, 1139,  395,  629,  767,  268,   60,  833, 1164,  361],
        [  218,    0,  594,  516,  268,  543,  528,  436,  546,  383,  515,    0,  200,  614,  507,  353,  298,  599,  395,  220,  244,  200,  453,  682,  386,  632,  273,  346,  374,  368,  474,  268,  383,  173,   91,   81,  147,  733,  246,  588,  669,  472,  640,  307,  442,  436,  365,  415,  448,  561,  552,  258,  259,  398,  550,  519,  364,  345,  168,  371,  503,  527,  540,  381,  245,  392,  598,  343,  242,  283,  185,  324,  519,  601,  483,  223,  152,  309,  111,  549,  260,  452,  738,  366,  373,  295,  312,  144,  133,  210,  479,   39,  192,  543,  354,  311,  375,  260,  519,  761,  541,  430,  693,  327,  470,  451,  684,  208,  303,  145,  400,  404,  237,  207,  331,  271,  411,  594,  337,  335,  411,  603,  527,  327,  218,  340,  584,  281,  501,  561,  346,  457,  518,  608,  329,  351,  342,  356,  401,  461,  430,  606,  385,  610,  187,  362,  719,  385,  213,  331,  119,  471,  625,  460,  564,  383,  653,  287,  186,  558,  393,  514,  652,  461,  494,  462,  313,  255,  512,  468,  220,  586,  509,  594,  168,  244,  369,  609,  530,  637,  258,  127,  307,  281,  463,  552,  662,  156],
        [   60,    0,  430,  323,  425,  523,  482,  270,  439,  265,  715,  200,    0,  494,  474,  522,  309,  543,  380,  279,  430,  122,  257,  482,  579,  633,  447,  527,  494,  544,  431,  172,  434,  330,  280,  196,  166,  537,  425,  390,  474,  274,  450,  117,  641,  510,  174,  384,  584,  487,  588,  430,  129,  546,  372,  441,  564,  533,   36,  495,  461,  544,  476,  327,  352,  474,  446,  441,  299,  413,  193,  344,  348,  634,  408,  172,  301,  484,  125,  403,  455,  253,  552,  549,  573,  431,  361,  299,  329,  223,  600,  181,   31,  577,  531,  121,  224,  423,  578,  569,  344,  390,  663,  239,  471,  266,  484,  398,  177,  312,  267,  211,  428,  260,  307,  466,  253,  470,  367,  534,  610,  612,  431,  284,   61,  277,  566,   94,  503,  392,  317,  594,  378,  574,  386,  516,  503,  214,  407,  274,  361,  491,  357,  633,   85,  560,  520,  371,  412,  482,  157,  294,  445,  306,  449,  582,  498,  121,   86,  397,  593,  459,  453,  569,  571,  551,  132,  306,  317,  661,  350,  402,  313,  559,  275,  327,  569,  409,  384,  445,  425,  116,  228,  471,  662,  529,  469,  356],
        [  543,    0,  176,  341,  648,  996,  943,  625,   76,  700, 1025,  614,  494,    0,  252,  966,  802,  199,  864,  460,  851,  615,  370,  532,  860,  385,  698,  771,  599,  765,  899,  649,  437,  784,  703,  546,  470,  427,  698,  521,  379,  386,  335,  402,  953,  506,  370,  862,  684,  925,  450,  683,  373,  691,  246,  881,  894,  945,  499,  608,  927,  388,  924,  799,  529,  966,  125,  928,  452,  586,  686,  837,  222,  464,  854,  664,  760,  722,  506,  120,  849,  474,  338,  969,  924,  902,  854,  754,  684,  423,  657,  576,  524,  438,  758,  399,  273,  873,  501,  401,  381,  863,  322,  288,  956,  307,  528,  813,  632,  615,  683,  363,  837,  751,  323,  777,  634,   28,  860,  869,  921,  392,  854,  308,  438,  284,  308,  411,  987,  201,  309,  691,  748, 1037,  445,  717,  955,  637,  346,  310,  210,   18,  838,  439,  579,  929,  504,  857,  759,  662,  639,  267,  256,  206,   50,  940,  140,  560,  580,  717,  940,  915,  473,  609,  537,  557,  376,  442,  524,  922,  568,  640,  521, 1022,  753,  490,  912,  438,  132,  349,  872,  601,  702,  759,  966,  285,  362,  731],
        [  533,    0,  388,  491,  446,  994,  956,  694,  191,  730,  819,  507,  474,  252,    0,  834,  765,  104,  848,  299,  712,  590,  486,  711,  654,  174,  498,  561,  368,  548,  904,  645,  206,  675,  584,  427,  367,  643,  507,  669,  584,  509,  539,  434,  753,  261,  436,  855,  443,  958,  201,  487,  350,  460,  425,  912,  704,  792,  460,  378,  934,  138,  948,  800,  337,  895,  346,  848,  281,  378,  639,  798,  386,  225,  879,  639,  658,  516,  421,  308,  694,  577,  572,  821,  742,  799,  801,  649,  532,  298,  411,  470,  502,  189,  544,  433,  323,  753,  249,  629,  536,  862,  192,  240,  936,  424,  708,  675,  646,  453,  724,  452,  693,  691,  179,  590,  690,  257,  818,  683,  723,  165,  896,  192,  415,  198,   96,  427,  969,  392,  164,  450,  818, 1047,  233,  499,  831,  671,  125,  434,  127,  235,  827,  206,  552,  755,  701,  839,  591,  443,  576,  397,  468,  322,  222,  760,  383,  579,  553,  810,  755,  932,  654,  363,  286,  309,  406,  268,  642,  706,  381,  761,  639, 1032,  670,  306,  727,  611,  302,  549,  749,  547,  701,  567,  761,   59,  568,  581],
        [  508,    0,  943,  843,  444,  513,  546,  664,  896,  559,  364,  353,  522,  966,  834,    0,  355,  933,  423,  536,  123,  446,  775,  970,  361,  928,  403,  409,  578,  444,  507,  477,  668,  192,  263,  422,  497, 1051,  377,  870,  992,  789,  970,  638,  325,  687,  695,  456,  602,  614,  825,  403,  609,  541,  892,  591,  273,   95,  499,  569,  524,  819,  585,  475,  512,  245,  949,  203,  554,  504,  367,  347,  864,  871,  563,  423,  222,  417,  464,  901,  160,  744, 1073,   74,  234,  125,  298,  223,  304,  551,  653,  390,  501,  820,  433,  642,  724,   99,  772, 1088,  859,  479, 1009,  679,  434,  787,  973,  160,  523,  385,  589,  732,  145,  308,  668,  310,  632,  947,  334,  263,  316,  896,  625,  671,  558,  688,  897,  614,  449,  907,  684,  607,  687,  581,  620,  467,   32,  573,  716,  796,  776,  957,  438,  889,  462,  196, 1019,  416,  268,  492,  368,  812,  965,  810,  916,  222, 1004,  553,  462,  753,  247,  553,  953,  661,  731,  689,  650,  567,  788,  415,  469,  823,  785,  574,  258,  534,  249,  915,  882,  964,   97,  408,  474,  344,  349,  871,  988,  256],
        [  261,    0,  721,  576,  552,  246,  238,  328,  748,  212,  678,  298,  309,  802,  765,  355,    0,  845,  100,  507,  337,  188,  508,  651,  604,  910,  543,  598,  669,  628,  186,  168,  674,  231,  281,  368,  406,  760,  512,  552,  710,  514,  699,  407,  618,  732,  453,  125,  736,  286,  842,  531,  436,  682,  652,  253,  543,  419,  312,  665,  212,  810,  260,  122,  542,  188,  744,  179,  530,  578,  127,   35,  637,  890,  219,  139,  212,  575,  348,  706,  395,  445,  807,  416,  527,  231,   69,  223,  386,  477,  772,  323,  279,  832,  614,  410,  530,  278,  814,  806,  578,  145,  957,  542,  175,  544,  655,  331,  206,  434,  244,  480,  355,   94,  588,  500,  296,  778,   59,  519,  596,  884,  278,  574,  368,  574,  852,  394,  207,  680,  602,  745,  333,  312,  620,  624,  325,  242,  677,  549,  663,  800,   98,  896,  225,  496,  708,   90,  431,  616,  194,  579,  718,  607,  758,  525,  794,  264,  224,  402,  545,  230,  646,  757,  791,  759,  431,  542,  471,  681,  516,  482,  468,  298,  156,  538,  533,  616,  688,  689,  288,  219,  137,  524,  643,  817,  710,  371],
        [  601,    0,  364,  500,  549, 1065, 1023,  739,  166,  789,  922,  599,  543,  199,  104,  933,  845,    0,  922,  398,  812,  663,  509,  710,  757,  186,  602,  663,  467,  649,  973,  713,  307,  770,  680,  521,  456,  621,  610,  682,  568,  530,  523,  486,  855,  353,  476,  926,  537, 1018,  265,  590,  416,  558,  418,  972,  808,  894,  534,  477, 1002,  208, 1011,  869,  440,  984,  316,  938,  382,  481,  719,  878,  384,  271,  941,  713,  751,  618,  507,  290,  796,  607,  536,  922,  845,  894,  885,  743,  633,  390,  501,  562,  573,  255,  646,  484,  361,  850,  325,  598,  544,  932,  137,  305, 1012,  444,  707,  774,  709,  554,  780,  484,  793,  775,  269,  694,  740,  214,  899,  786,  826,  196,  953,  275,  483,  271,  113,  483, 1044,  378,  254,  543,  865, 1115,  336,  600,  929,  728,  228,  451,  182,  183,  899,  243,  626,  858,  690,  913,  693,  545,  660,  410,  446,  335,  189,  863,  339,  639,  626,  848,  858,  997,  652,  454,  370,  398,  457,  369,  668,  807,  484,  787,  665, 1100,  760,  408,  830,  612,  291,  535,  846,  627,  769,  670,  864,  100,  551,  682],
        [  325,    0,  767,  608,  651,  150,  140,  324,  815,  203,  763,  395,  380,  864,  848,  423,  100,  922,    0,  600,  425,  260,  544,  649,  698,  998,  642,  696,  767,  727,   90,  216,  767,  325,  380,  464,  495,  774,  611,  553,  729,  545,  725,  463,  707,  828,  502,   34,  836,  195,  934,  630,  509,  781,  693,  169,  634,  497,  389,  763,  114,  900,  167,   82,  639,  208,  795,  225,  623,  677,  217,   85,  683,  983,  142,  210,  309,  674,  437,  761,  485,  465,  832,  490,  614,  300,  127,  320,  485,  566,  871,  419,  350,  924,  713,  466,  592,  359,  909,  824,  603,   56, 1039,  618,   92,  587,  654,  423,  238,  533,  235,  523,  445,  193,  673,  597,  295,  839,   90,  611,  686,  973,  204,  656,  440,  653,  937,  454,  124,  726,  686,  845,  291,  213,  714,  723,  392,  255,  765,  591,  740,  864,   31,  987,  297,  581,  711,   11,  528,  715,  286,  626,  753,  663,  822,  610,  842,  308,  296,  367,  632,  136,  653,  855,  887,  856,  489,  634,  477,  774,  614,  463,  475,  200,  254,  633,  621,  629,  744,  713,  369,  306,  165,  621,  732,  901,  732,  469],
        [  333,    0,  499,  493,  201,  750,  725,  547,  385,  537,  569,  220,  279,  460,  299,  536,  507,  398,  600,    0,  415,  361,  448,  701,  407,  412,  245,  325,  222,  327,  671,  429,  168,  381,  289,  141,  115,  702,  240,  624,  635,  472,  597,  320,  496,  235,  361,  615,  316,  745,  335,  229,  220,  290,  484,  701,  434,  498,  248,  225,  701,  307,  729,  571,   88,  611,  484,  561,   23,  157,  384,  536,  444,  384,  665,  402,  367,  275,  170,  433,  400,  495,  674,  526,  465,  505,  530,  357,  236,   66,  325,  187,  296,  326,  317,  322,  302,  456,  310,  714,  531,  627,  479,  199,  682,  414,  701,  377,  448,  159,  543,  397,  396,  422,  139,  317,  531,  447,  552,  409,  464,  383,  698,  153,  242,  181,  367,  296,  714,  477,  154,  326,  656,  811,  115,  285,  533,  491,  184,  427,  253,  448,  585,  391,  330,  472,  719,  590,  302,  236,  315,  415,  555,  370,  411,  481,  539,  400,  330,  675,  481,  707,  657,  291,  295,  273,  305,   36,  565,  477,  114,  668,  561,  797,  388,   52,  453,  609,  416,  599,  451,  298,  480,  302,  510,  338,  624,  285],
        [  427,    0,  838,  752,  327,  542,  561,  610,  780,  518,  341,  244,  430,  851,  712,  123,  337,  812,  425,  415,    0,  375,  686,  897,  284,  806,  290,  311,  462,  345,  514,  420,  545,  117,  154,  306,  382,  965,  262,  800,  903,  703,  878,  544,  282,  567,  602,  456,  494,  619,  704,  288,  503,  433,  792,  589,  211,  104,  403,  453,  536,  697,  591,  457,  390,  295,  841,  242,  432,  384,  307,  341,  762,  751,  556,  365,  146,  309,  355,  792,   63,  668,  978,  122,  190,  151,  300,  140,  182,  432,  543,  279,  413,  699,  333,  547,  619,   76,  653,  998,  772,  478,  887,  565,  460,  691,  900,   39,  466,  263,  546,  640,   28,  264,  548,  207,  579,  833,  337,  190,  263,  774,  615,  552,  458,  571,  775,  518,  483,  804,  564,  501,  654,  613,  497,  361,  126,  519,  593,  700,  657,  842,  432,  768,  383,  159,  942,  416,  152,  379,  287,  713,  867,  704,  801,  188,  897,  482,  383,  713,  208,  560,  875,  547,  613,  572,  552,  445,  719,  354,  347,  769,  715,  602,  199,  412,  197,  834,  773,  873,   65,  323,  431,  239,  307,  748,  898,  133],
        [   75,    0,  539,  408,  464,  405,  370,  242,  561,  184,  694,  200,  122,  615,  590,  446,  188,  663,  260,  361,  375,    0,  339,  525,  579,  744,  473,  545,  557,  568,  317,   70,  526,  262,  246,  240,  248,  609,  446,  426,  552,  350,  534,  222,  624,  595,  272,  266,  639,  385,  688,  457,  250,  593,  473,  340,  545,  476,  131,  556,  347,  649,  370,  213,  418,  361,  559,  333,  383,  469,   83,  222,  455,  736,  304,   51,  232,  509,  192,  519,  415,  298,  640,  486,  544,  340,  243,  235,  328,  317,  664,  204,   92,  678,  554,  226,  343,  349,  670,  649,  418,  274,  780,  359,  350,  365,  529,  350,  103,  342,  200,  303,  381,  152,  417,  465,  214,  590,  246,  516,  595,  720,  339,  398,  182,  394,  680,  207,  382,  499,  429,  649,  318,  459,  474,  550,  423,  157,  512,  371,  481,  612,  238,  738,   38,  524,  574,  250,  401,  526,   93,  398,  543,  421,  570,  549,  610,  108,   37,  359,  564,  349,  507,  640,  656,  631,  244,  393,  345,  661,  404,  398,  342,  445,  189,  402,  544,  470,  501,  526,  354,   75,  120,  478,  647,  644,  550,  339],
        [  270,    0,  231,   69,  636,  657,  596,  260,  353,  354,  962,  453,  257,  370,  486,  775,  508,  509,  544,  448,  686,  339,    0,  254,  817,  659,  669,  752,  665,  762,  558,  341,  550,  584,  536,  427,  367,  280,  653,  188,  218,   26,  196,  147,  887,  636,   91,  532,  761,  567,  662,  652,  230,  738,  152,  525,  812,  790,  286,  670,  583,  604,  569,  467,  535,  693,  269,  670,  459,  603,  422,  541,  153,  699,  503,  378,  554,  705,  356,  251,  711,  105,  302,  805,  825,  676,  573,  554,  575,  382,  762,  428,  275,  649,  750,  143,  170,  676,  680,  313,   89,  528,  645,  281,  632,   66,  254,  654,  308,  541,  330,   52,  684,  491,  387,  707,  274,  344,  566,  783,  855,  650,  492,  355,  239,  327,  579,  174,  660,  190,  388,  771,  380,  687,  519,  726,  755,  293,  484,   61,  361,  377,  514,  686,  315,  814,  275,  538,  659,  682,  407,  104,  211,  175,  343,  835,  307,  245,  316,  347,  844,  566,  210,  721,  691,  687,  149,  459,  160,  896,  551,  279,  157,  673,  522,  499,  819,  163,  240,  189,  680,  368,  382,  706,  907,  543,  213,  607],
        [  472,    0,  356,  223,  886,  719,  647,  326,  545,  448, 1196,  682,  482,  532,  711,  970,  651,  710,  649,  701,  897,  525,  254,    0, 1059,  880,  917,  999,  919, 1011,  627,  496,  800,  787,  756,  669,  615,  162,  899,  100,  167,  229,  202,  390, 1123,  886,  341,  626, 1014,  592,  900,  899,  482,  990,  292,  562, 1045, 1000,  516,  923,  644,  839,  606,  568,  787,  837,  408,  828,  712,  856,  603,  677,  328,  932,  555,  548,  756,  953,  597,  421,  931,  231,  266, 1011, 1053,  857,  719,  759,  810,  635, 1014,  662,  491,  887,  999,  387,  416,  873,  924,  221,  178,  613,  844,  530,  722,  298,    7,  870,  452,  785,  415,  304,  900,  665,  636,  947,  357,  508,  701, 1016, 1092,  875,  517,  604,  481,  574,  798,  416,  744,  333,  635, 1024,  387,  725,  771,  977,  945,  409,  728,  287,  593,  544,  619,  915,  515, 1038,   68,  647,  893,  934,  611,  317,  281,  390,  524, 1061,  413,  418,  515,  316, 1073,  616,   59,  973,  939,  937,  399,  712,  182, 1139,  802,  204,  186,  713,  713,  752, 1050,  101,  420,  186,  879,  576,  514,  949, 1144,  764,  182,  837],
        [  604,    0,  904,  873,  213,  823,  836,  820,  785,  752,  166,  386,  579,  860,  654,  361,  604,  757,  698,  407,  284,  579,  817, 1059,    0,  687,  163,   95,  303,  117,  787,  641,  451,  374,  339,  390,  453, 1089,  169,  969, 1022,  838,  988,  672,  101,  428,  726,  727,  281,  889,  567,  178,  593,  228,  882,  855,   92,  270,  544,  292,  811,  585,  863,  717,  332,  578,  891,  526,  410,  278,  536,  614,  844,  605,  820,  589,  393,  139,  463,  839,  222,  832, 1073,  299,  138,  434,  577,  382,  254,  460,  336,  399,  576,  567,  116,  675,  697,  360,  500, 1108,  904,  748,  789,  604,  742,  799, 1060,  277,  681,  277,  774,  765,  260,  517,  538,  115,  793,  849,  613,   99,   75,  653,  874,  557,  580,  587,  684,  645,  766,  879,  551,  283,  891,  894,  424,  163,  383,  736,  532,  810,  650,  846,  701,  631,  571,  174, 1090,  689,  180,  214,  488,  807,  955,  772,  813,  157,  945,  672,  570,  938,  137,  832, 1024,  361,  450,  407,  668,  419,  895,   83,  294,  971,  891,  883,  450,  371,  120,  978,  821,  988,  349,  509,  668,  111,  108,  669, 1013,  243],
        [  693,    0,  544,  662,  500, 1146, 1113,  865,  343,  895,  845,  632,  633,  385,  174,  928,  910,  186,  998,  412,  806,  744,  659,  880,  687,    0,  550,  594,  385,  571, 1060,  803,  261,  790,  698,  552,  505,  801,  567,  842,  746,  683,  701,  605,  787,  260,  610, 1008,  428, 1120,  124,  543,  516,  466,  590, 1074,  754,  872,  615,  396, 1091,  110, 1109,  956,  417, 1023,  497,  973,  391,  432,  784,  941,  553,  102, 1040,  791,  778,  556,  563,  467,  776,  751,  720,  903,  796,  913,  939,  767,  626,  434,  381,  598,  660,  121,  572,  604,  497,  858,  194,  781,  707, 1017,  114,  409, 1084,  597,  877,  771,  808,  546,  891,  626,  784,  830,  328,  650,  860,  398,  959,  738,  761,   35, 1061,  350,  577,  363,   82,  595, 1116,  554,  317,  431,  988, 1203,  311,  525,  930,  838,  234,  607,  301,  367,  979,   70,  707,  817,  866,  988,  667,  475,  718,  569,  626,  493,  370,  816,  524,  744,  708,  982,  806, 1091,  823,  339,  245,  286,  577,  378,  816,  722,  460,  935,  813, 1188,  799,  399,  780,  780,  464,  712,  852,  693,  859,  620,  790,  117,  730,  673],
        [  481,    0,  744,  722,   53,  781,  780,  704,  623,  655,  327,  273,  447,  698,  498,  403,  543,  602,  642,  245,  290,  473,  669,  917,  163,  550,    0,   83,  177,   98,  727,  540,  300,  332,  262,  252,  303,  936,   31,  831,  869,  692,  833,  528,  257,  295,  579,  667,  206,  822,  436,   18,  442,  146,  725,  783,  207,  331,  411,  167,  755,  444,  799,  643,  170,  569,  729,  514,  248,  122,  449,  561,  686,  480,  747,  494,  339,   38,  324,  677,  243,  695,  915,  363,  248,  431,  534,  326,  157,  301,  253,  273,  449,  434,   84,  530,  540,  360,  377,  952,  756,  685,  646,  443,  702,  646,  918,  264,  575,  136,  672,  618,  264,  450,  376,  100,  680,  687,  567,  189,  226,  516,  795,  395,  437,  425,  537,  501,  730,  720,  389,  213,  790,  851,  266,   82,  414,  627,  375,  658,  488,  684,  638,  502,  456,  267,  944,  632,  139,   90,  389,  652,  797,  613,  650,  267,  783,  552,  456,  828,  259,  771,  878,  258,  332,  289,  521,  257,  762,  233,  132,  848,  758,  838,  389,  209,  232,  832,  660,  834,  351,  399,  577,   71,  268,  519,  860,  180],
        [  559,    0,  824,  804,  125,  831,  836,  781,  696,  725,  259,  346,  527,  771,  561,  409,  598,  663,  696,  325,  311,  545,  752,  999,   95,  594,   83,    0,  210,   35,  784,  611,  357,  377,  320,  332,  386, 1019,  102,  912,  952,  775,  916,  610,  195,  335,  661,  723,  199,  881,  474,  101,  524,  141,  806,  844,  167,  325,  491,  199,  810,  491,  858,  705,  245,  603,  807,  548,  325,  186,  515,  614,  767,  514,  808,  562,  389,   50,  405,  756,  254,  776,  997,  357,  213,  459,  582,  377,  220,  383,  253,  350,  528,  474,   26,  613,  622,  386,  409, 1035,  839,  742,  695,  524,  750,  729, 1000,  293,  648,  216,  744,  700,  284,  507,  451,  105,  756,  762,  617,  159,  168,  560,  859,  473,  519,  503,  590,  583,  777,  801,  464,  203,  862,  901,  332,   70,  426,  701,  439,  740,  562,  757,  695,  539,  531,  242, 1026,  687,  171,  120,  458,  734,  878,  694,  725,  233,  861,  629,  531,  903,  219,  828,  961,  273,  360,  316,  603,  333,  842,  153,  211,  926,  838,  889,  443,  285,  195,  914,  739,  917,  375,  472,  645,   76,  201,  575,  942,  228],
        [  543,    0,  683,  705,  135,  914,  902,  763,  526,  739,  463,  374,  494,  599,  368,  578,  669,  467,  767,  222,  462,  557,  665,  919,  303,  385,  177,  210,    0,  188,  847,  627,  164,  484,  399,  317,  329,  907,  201,  845,  841,  690,  800,  541,  403,  126,  581,  788,   96,  933,  265,  176,  440,   93,  684,  890,  372,  507,  460,   12,  877,  283,  913,  754,  143,  726,  657,  671,  208,   91,  558,  693,  642,  306,  854,  590,  483,  175,  374,  608,  418,  716,  866,  539,  416,  594,  673,  470,  301,  287,  107,  357,  507,  265,  188,  543,  510,  527,  202,  913,  746,  804,  487,  398,  838,  627,  919,  431,  652,  236,  750,  616,  436,  576,  301,  276,  745,  595,  703,  358,  377,  351,  894,  330,  463,  363,  384,  518,  868,  668,  310,  106,  866,  980,  160,  141,  587,  700,  255,  639,  397,  584,  758,  330,  531,  440,  933,  757,  311,   92,  490,  621,  749,  566,  557,  436,  707,  612,  531,  891,  424,  888,  872,   90,  156,  113,  525,  207,  787,  343,  155,  888,  783,  967,  524,  171,  399,  825,  593,  804,  518,  486,  673,  244,  407,  374,  828,  338],
        [  578,    0,  824,  813,  128,  862,  866,  801,  690,  749,  276,  368,  544,  765,  548,  444,  628,  649,  727,  327,  345,  568,  762, 1011,  117,  571,   98,   35,  188,    0,  813,  635,  343,  408,  348,  349,  397, 1026,  123,  926,  959,  785,  922,  622,  217,  313,  672,  753,  167,  910,  451,  114,  533,  111,  811,  872,  197,  360,  508,  177,  840,  471,  887,  733,  243,  636,  806,  582,  325,  180,  541,  644,  771,  488,  837,  588,  419,   60,  421,  755,  288,  791, 1000,  391,  244,  493,  614,  407,  246,  388,  222,  370,  546,  451,   15,  625,  627,  420,  384, 1040,  848,  772,  675,  525,  782,  736, 1012,  326,  670,  233,  767,  710,  318,  536,  447,  139,  777,  756,  648,  192,  192,  537,  886,  471,  532,  502,  571,  596,  809,  803,  460,  170,  885,  932,  322,   49,  460,  724,  428,  748,  556,  750,  724,  515,  552,  275, 1036,  717,  203,  105,  483,  740,  881,  697,  719,  264,  859,  649,  552,  925,  248,  858,  972,  245,  334,  290,  614,  332,  858,  159,  215,  945,  854,  920,  473,  284,  226,  925,  738,  923,  409,  494,  671,  109,  220,  559,  948,  258],
        [  372,    0,  786,  618,  734,  100,   55,  314,  855,  204,  852,  474,  431,  899,  904,  507,  186,  973,   90,  671,  514,  317,  558,  627,  787, 1060,  727,  784,  847,  813,    0,  260,  838,  413,  466,  538,  562,  764,  697,  537,  726,  555,  727,  498,  795,  902,  530,   61,  919,  107, 1003,  715,  558,  865,  709,   91,  723,  584,  446,  844,   31,  965,   79,  105,  716,  280,  819,  306,  694,  757,  291,  174,  704, 1051,   77,  271,  397,  760,  504,  790,  574,  468,  832,  576,  702,  386,  215,  408,  571,  632,  952,  494,  403,  992,  799,  501,  629,  447,  981,  818,  606,   44, 1094,  669,  103,  608,  633,  512,  268,  615,  230,  544,  534,  278,  733,  685,  290,  872,  178,  700,  775, 1036,  135,  714,  491,  707,  996,  494,  118,  745,  745,  928,  248,  144,  785,  808,  476,  266,  829,  610,  791,  899,   90, 1053,  353,  669,  692,   99,  616,  799,  360,  648,  764,  694,  858,  698,  862,  339,  353,  325,  720,   47,  639,  934,  962,  933,  526,  704,  467,  863,  693,  430,  466,  129,  341,  707,  710,  622,  773,  714,  458,  374,  204,  709,  821,  959,  731,  557],
        [  113,    0,  556,  408,  533,  353,  311,  190,  601,  116,  749,  268,  172,  649,  645,  477,  168,  713,  216,  429,  420,   70,  341,  496,  641,  803,  540,  611,  627,  635,  260,    0,  592,  305,  304,  310,  315,  596,  512,  396,  543,  346,  531,  247,  680,  663,  289,  215,  708,  319,  752,  525,  298,  662,  485,  274,  601,  518,  190,  625,  290,  712,  306,  156,  487,  355,  582,  337,  451,  539,  114,  201,  472,  800,  239,   56,  275,  576,  259,  546,  466,  280,  639,  525,  597,  362,  234,  281,  393,  382,  733,  274,  144,  742,  621,  251,  376,  384,  737,  640,  411,  219,  835,  409,  308,  377,  500,  400,   46,  410,  134,  313,  429,  170,  476,  528,  159,  623,  226,  573,  653,  781,  270,  455,  231,  448,  737,  239,  339,  515,  488,  718,  251,  403,  541,  618,  451,   99,  574,  382,  532,  648,  190,  800,  100,  574,  550,  208,  462,  595,  154,  414,  550,  448,  606,  600,  630,   97,   99,  298,  617,  288,  486,  709,  724,  699,  274,  460,  314,  723,  473,  350,  311,  388,  224,  471,  598,  453,  529,  522,  391,  143,   56,  543,  704,  701,  543,  399],
