{
    "name": "random-50-30289",
    "comment": "size=50 seed=30289",
    "nodes": ["+0", "-0", "+1", "-1", "+2", "-2", "+3", "-3", "+4", "-4", "+5", "-5", "+6", "-6", "+7", "-7", "+8", "-8", "+9", "-9", "+10", "-10", "+11", "-11", "+12", "-12", "+13", "-13", "+14", "-14", "+15", "-15", "+16", "-16", "+17", "-17", "+18", "-18", "+19", "-19", "+20", "-20", "+21", "-21", "+22", "-22", "+23", "-23", "+24", "-24", "+25", "-25", "+26", "-26", "+27", "-27", "+28", "-28", "+29", "-29", "+30", "-30", "+31", "-31", "+32", "-32", "+33", "-33", "+34", "-34", "+35", "-35", "+36", "-36", "+37", "-37", "+38", "-38", "+39", "-39", "+40", "-40", "+41", "-41", "+42", "-42", "+43", "-43", "+44", "-44", "+45", "-45", "+46", "-46", "+47", "-47", "+48", "-48", "+49", "-49", "+50", "-50"],
    "precedence": {
        "+0": "-0",
        "+1": "-1",
        "+2": "-2",
        "+3": "-3",
        "+4": "-4",
        "+5": "-5",
        "+6": "-6",
        "+7": "-7",
        "+8": "-8",
        "+9": "-9",
        "+10": "-10",
        "+11": "-11",
        "+12": "-12",
        "+13": "-13",
        "+14": "-14",
        "+15": "-15",
        "+16": "-16",
        "+17": "-17",
        "+18": "-18",
        "+19": "-19",
        "+20": "-20",
        "+21": "-21",
        "+22": "-22",
        "+23": "-23",
        "+24": "-24",
        "+25": "-25",
        "+26": "-26",
        "+27": "-27",
        "+28": "-28",
        "+29": "-29",
        "+30": "-30",
        "+31": "-31",
        "+32": "-32",
        "+33": "-33",
        "+34": "-34",
        "+35": "-35",
        "+36": "-36",
        "+37": "-37",
        "+38": "-38",
        "+39": "-39",
        "+40": "-40",
        "+41": "-41",
        "+42": "-42",
        "+43": "-43",
        "+44": "-44",
        "+45": "-45",
        "+46": "-46",
        "+47": "-47",
        "+48": "-48",
        "+49": "-49",
        "+50": "-50"
    },
    "edges": [
        [    0,    0,  679,  691,  500,  235,  749,  789,  621,   79,  283,  162,  686,  737,  654,  765,  751,  204,  542,  148,  424,  575,  694,   92,  651,  365,  675,  509,  424,  222,  355,  727,  382,  924,  585,  380,  704,  872,  308,  579,  293,  233,  387,  872,  165,  507,  567,  282,  602,  454,  699,  585,   63,  332,  926,  267,  450,  327,  271,  133,  601,  492,  647,  267,  784,  718,  720,  340,  919,  313,  458,  352,  530,  283,  422,  190,  825,  146,  800,  769,  295,  289,  355,  436,  262,  603,  133,  377,  165,  241,  178,  637,  359,  607,  243,  222,  678,  632,  621,  204,  705,  841],
        [    0,    0,    0,    0,    0,    0,    0,    0,    0,    0,    0,    0,    0,    0,    0,    0,    0,    0,    0,    0,    0,    0,    0,    0,    0,    0,    0,    0,    0,    0,    0,    0,    0,    0,    0,    0,    0,    0,    0,    0,    0,    0,    0,    0,    0,    0,    0,    0,    0,    0,    0,    0,    0,    0,    0,    0,    0,    0,    0,    0,    0,    0,    0,    0,    0,    0,    0,    0,    0,    0,    0,    0,    0,    0,    0,    0,    0,    0,    0,    0,    0,    0,    0,    0,    0,    0,    0,    0,    0,    0,    0,    0,    0,    0,    0,    0,    0,    0,    0,    0,    0,    0],
        [  679,    0,    0,  587,  378,  814,   72,  198,  541,  727,  538,  835,  212,  168,  199,  655,  337,  812,  414,  663,  275,  753,  467,  767,  581,  626,  286,  738,  369,  479,  569,  373,  647,  275,  693,  413,  624,  214,  970,  580,  799,  580,  386,  204,  515,  209,  113,  399,   78,  776,  363,  343,  736,  693,  247,  420,  558,  773,  875,  697,  789,  346,  343,  780,  123,  495,  629,  348,  282,  984,  443,  384,  369,  939,  456,  716,  158,  598,  247,   97,  916,  608,  777,  555,  890,  614,  810,  324,  517,  591,  699,  628,  330,  320,  451,  729,   91,  386,  286,  562,  513,  266],
        [  691,    0,  587,    0,  263,  635,  603,  784, 1003,  769,  789,  832,  390,  752,  750,   83,  306,  664,  205,  563,  456, 1119,  133,  770,   43,  352,  832, 1072,  338,  512,  866,  923,  348,  829, 1087,  748,   38,  770,  832,  119,  962,  787,  364,  745,  604,  638,  546,  578,  556, 1059,  904,  832,  749,  426,  728,  609,  245,  504,  689,  800, 1154,  774,  865,  564,  695,  118,   44,  594,  845,  866,  255,  411,  820,  796,  820,  566,  714,  545,  447,  661,  731,  850,  996,  258,  724,  112,  764,  455,  623,  803,  834,   90,  487,  826,  635,  551,  668,  201,  302,  748,   90,  852],
        [  500,    0,  378,  263,    0,  530,  417,  569,  741,  574,  539,  658,  243,  530,  508,  345,  261,  544,   58,  408,  194,  862,  206,  589,  239,  276,  585,  818,   84,  288,  612,  675,  292,  647,  827,  487,  294,  586,  719,  212,  740,  545,  119,  568,  376,  382,  307,  326,  327,  813,  654,  575,  562,  356,  579,  358,  186,  444,  592,  586,  898,  513,  611,  474,  498,  235,  305,  335,  657,  745,   73,  164,  559,  683,  559,  438,  528,  364,  350,  468,  637,  605,  761,  185,  619,  248,  603,  195,  392,  561,  613,  270,  228,  571,  387,  437,  444,  133,  145,  508,  232,  638],
        [  235,    0,  814,  635,  530,    0,  877,  957,  850,  280,  514,  264,  760,  906,  835,  695,  789,   42,  551,  154,  540,  806,  683,  239,  593,  286,  871,  739,  480,  341,  588,  934,  287, 1079,  818,  594,  637, 1022,  198,  517,  495,  466,  449, 1016,  345,  679,  704,  452,  739,  677,  905,  793,  243,  211, 1055,  451,  400,  146,   63,  356,  831,  699,  854,   75,  931,  699,  653,  514, 1079,  232,  466,  435,  742,  162,  645,   99,  969,  222,  874,  910,  107,  523,  571,  390,   91,  529,  186,  491,  357,  475,  402,  560,  487,  811,  438,   94,  835,  648,  673,  435,  678, 1016],
        [  749,    0,   72,  603,  417,  877,    0,  195,  594,  798,  609,  905,  215,  184,  243,  666,  328,  877,  446,  727,  338,  815,  477,  837,  603,  677,  326,  803,  420,  545,  638,  407,  696,  231,  752,  483,  640,  170, 1037,  609,  870,  651,  440,  151,  585,  279,  183,  469,  147,  843,  400,  397,  806,  747,  180,  491,  601,  830,  939,  768,  850,  410,  388,  840,   94,  503,  643,  419,  244, 1052,  486,  444,  429, 1005,  523,  779,  113,  663,  214,   60,  980,  678,  847,  599,  954,  642,  879,  387,  587,  662,  771,  652,  396,  372,  522,  790,  133,  404,  306,  634,  523,  258],
        [  789,    0,  198,  784,  569,  957,  195,    0,  465,  821,  584,  931,  403,   52,  145,  851,  522,  948,  609,  803,  435,  711,  662,  868,  778,  801,  186,  714,  549,  616,  587,  241,  823,  148,  641,  450,  821,  121, 1093,  775,  843,  637,  559,  145,  628,  283,  271,  511,  245,  771,  245,  290,  838,  862,  233,  522,  745,  936, 1015,  775,  743,  346,  254,  933,  107,  690,  826,  451,  135, 1101,  631,  547,  341, 1064,  463,  861,  121,  736,  407,  138, 1053,  645,  801,  740, 1024,  809,  921,  479,  624,  644,  766,  824,  475,  258,  547,  878,  129,  583,  483,  632,  708,   70],
        [  621,    0,  541, 1003,  741,  850,  594,  465,    0,  606,  338,  700,  721,  435,  352, 1084,  847,  823,  798,  718,  547,  257,  920,  661,  979,  842,  281,  281,  672,  581,  274,  240,  866,  600,  183,  278, 1034,  584,  907,  939,  509,  391,  655,  608,  524,  378,  498,  464,  510,  360,  225,  199,  639,  863,  695,  444,  848,  903,  891,  532,  285,  230,  213,  863,  546,  951, 1045,  423,  578,  898,  766,  614,  187,  890,  212,  779,  576,  661,  786,  561,  915,  349,  435,  837,  882,  975,  730,  554,  506,  386,  498, 1002,  526,  223,  437,  808,  461,  829,  745,  417,  958,  464],
        [   79,    0,  727,  769,  574,  280,  798,  821,  606,    0,  275,  110,  750,  770,  682,  844,  821,  243,  617,  223,  484,  530,  770,   55,  729,  443,  693,  461,  496,  290,  333,  737,  459,  961,  548,  391,  783,  912,  302,  658,  222,  218,  459,  914,  218,  543,  615,  329,  651,  397,  709,  597,   38,  406,  973,  308,  528,  392,  303,   79,  553,  506,  659,  326,  826,  794,  799,  381,  954,  296,  535,  421,  539,  285,  420,  257,  867,  224,  863,  814,  317,  260,  292,  515,  284,  682,  124,  439,  212,  221,  123,  715,  417,  621,  279,  288,  718,  706,  690,  202,  782,  869],
        [  283,    0,  538,  789,  539,  514,  609,  584,  338,  275,    0,  377,  630,  535,  441,  871,  733,  485,  595,  389,  373,  338,  743,  329,  756,  548,  434,  285,  457,  292,   84,  467,  570,  731,  325,  135,  814,  689,  576,  699,  263,   58,  426,  698,  210,  331,  439,  214,  470,  275,  440,  330,  304,  551,  769,  181,  585,  578,  554,  208,  372,  246,  392,  532,  612,  773,  828,  221,  719,  570,  535,  379,  271,  556,  147,  448,  653,  339,  731,  609,  577,   73,  244,  572,  544,  732,  396,  349,  190,   61,  187,  763,  317,  358,  154,  478,  502,  659,  606,   80,  770,  623],
        [  162,    0,  835,  832,  658,  264,  905,  931,  700,  110,  377,    0,  848,  880,  792,  903,  911,  222,  697,  270,  585,  593,  847,   71,  791,  490,  801,  524,  584,  384,  426,  842,  501, 1071,  622,  498,  842, 1021,  215,  717,  250,  319,  547, 1023,  322,  653,  723,  436,  758,  448,  815,  703,  101,  436, 1081,  416,  588,  400,  262,  170,  611,  613,  765,  327,  935,  869,  858,  490, 1064,  199,  612,  513,  644,  207,  523,  280,  976,  296,  962,  922,  261,  351,  336,  575,  232,  737,   79,  539,  318,  319,  202,  770,  519,  729,  388,  306,  827,  789,  782,  308,  854,  979],
        [  686,    0,  212,  390,  243,  760,  215,  403,  721,  750,  630,  848,    0,  379,  402,  451,  129,  769,  253,  624,  270,  903,  262,  777,  392,  518,  490,  876,  281,  465,  683,  580,  534,  440,  852,  531,  427,  381,  941,  407,  874,  657,  313,  356,  533,  348,  224,  438,  213,  895,  567,  526,  748,  597,  348,  469,  424,  684,  823,  741,  940,  502,  539,  710,  308,  289,  430,  411,  456,  963,  315,  338,  537,  906,  591,  664,  325,  569,  116,  274,  867,  702,  872,  425,  846,  437,  805,  312,  543,  671,  757,  444,  337,  510,  503,  668,  302,  193,  103,  629,  309,  469],
        [  737,    0,  168,  752,  530,  906,  184,   52,  435,  770,  535,  880,  379,    0,   98,  822,  503,  897,  572,  752,  388,  676,  634,  817,  745,  755,  155,  675,  505,  565,  541,  226,  777,  196,  607,  401,  789,  159, 1041,  737,  795,  587,  513,  177,  577,  231,  226,  460,  204,  729,  224,  251,  786,  814,  262,  471,  702,  887,  964,  724,  709,  299,  223,  882,  113,  663,  795,  399,  185, 1049,  589,  499,  299, 1012,  417,  810,  142,  685,  398,  136, 1002,  597,  755,  696,  973,  772,  870,  430,  573,  595,  716,  789,  425,  221,  495,  828,   87,  552,  452,  581,  680,  113],
        [  654,    0,  199,  750,  508,  835,  243,  145,  352,  682,  441,  792,  402,   98,    0,  824,  530,  823,  556,  681,  342,  584,  641,  730,  737,  708,   88,  581,  469,  497,  444,  179,  731,  292,  518,  306,  785,  256,  961,  719,  699,  494,  471,  272,  498,  158,  204,  384,  196,  633,  165,  159,  700,  760,  354,  390,  668,  828,  891,  633,  618,  202,  146,  817,  198,  671,  793,  322,  279,  966,  559,  449,  203,  933,  320,  741,  233,  614,  445,  210,  927,  501,  658,  661,  897,  755,  786,  378,  492,  501,  623,  775,  366,  131,  412,  761,  111,  554,  456,  490,  685,  187],
        [  765,    0,  655,   83,  345,  695,  666,  851, 1084,  844,  871,  903,  451,  822,  824,    0,  353,  725,  287,  634,  538, 1201,  190,  842,  117,  416,  908, 1154,  421,  592,  948,  999,  410,  887, 1169,  831,   62,  829,  890,  187, 1041,  869,  447,  803,  684,  717,  622,  661,  630, 1141,  981,  912,  822,  485,  779,  692,  317,  558,  745,  878, 1237,  856,  943,  622,  758,  164,   46,  677,  905,  926,  337,  494,  901,  855,  903,  632,  775,  620,  495,  725,  786,  932, 1077,  330,  782,  168,  832,  538,  704,  885,  913,  136,  570,  905,  718,  614,  739,  272,  371,  829,  143,  919],
        [  751,    0,  337,  306,  261,  789,  328,  522,  847,  821,  733,  911,  129,  503,  530,  353,    0,  804,  242,  667,  362, 1021,  174,  842,  320,  521,  618,  990,  328,  531,  793,  708,  532,  538,  972,  645,  342,  483,  979,  357,  965,  754,  364,  454,  611,  471,  349,  530,  341, 1004,  695,  653,  813,  604,  427,  562,  413,  693,  851,  823, 1058,  625,  667,  730,  421,  192,  340,  513,  558, 1005,  324,  401,  662,  943,  708,  698,  432,  621,  143,  387,  895,  805,  972,  418,  878,  380,  861,  395,  624,  769,  843,  378,  424,  637,  596,  696,  428,  149,  132,  722,  217,  586],
        [  204,    0,  812,  664,  544,   42,  877,  948,  823,  243,  485,  222,  769,  897,  823,  725,  804,    0,  569,  150,  539,  771,  705,  199,  622,  313,  855,  703,  489,  335,  558,  915,  317, 1074,  785,  572,  667, 1018,  175,  546,  455,  436,  456, 1013,  328,  668,  701,  440,  736,  639,  887,  774,  205,  242, 1056,  435,  425,  185,   70,  319,  795,  680,  835,  112,  927,  722,  683,  501, 1073,  205,  483,  439,  721,  139,  620,  107,  966,  215,  884,  907,  105,  491,  532,  414,   78,  559,  144,  490,  338,  444,  365,  590,  483,  793,  420,  114,  829,  666,  685,  406,  703, 1006],
        [  542,    0,  414,  205,   58,  551,  446,  609,  798,  617,  595,  697,  253,  572,  556,  287,  242,  569,    0,  439,  251,  919,  154,  630,  184,  281,  635,  875,  139,  337,  669,  726,  292,  677,  885,  545,  237,  616,  744,  167,  791,  600,  172,  595,  427,  436,  354,  382,  370,  869,  705,  630,  604,  363,  599,  414,  175,  452,  612,  634,  955,  570,  665,  490,  532,  181,  248,  393,  689,  772,   87,  218,  616,  708,  617,  463,  558,  402,  351,  500,  656,  660,  815,  179,  641,  201,  639,  253,  444,  616,  663,  219,  285,  625,  443,  458,  486,   97,  150,  562,  175,  678],
        [  148,    0,  663,  563,  408,  154,  727,  803,  718,  223,  389,  270,  624,  752,  681,  634,  667,  150,  439,    0,  390,  707,  584,  211,  522,  223,  719,  643,  345,  188,  469,  785,  237,  927,  708,  452,  573,  870,  317,  447,  440,  350,  311,  865,  199,  525,  553,  300,  587,  595,  757,  646,  194,  185,  906,  301,  319,  191,  214,  279,  736,  552,  705,  147,  778,  605,  589,  361,  926,  340,  352,  291,  596,  283,  509,   63,  818,   68,  739,  758,  253,  413,  501,  306,  228,  468,  203,  341,  214,  362,  323,  501,  334,  662,  292,   91,  682,  534,  544,  313,  589,  862],
        [  424,    0,  275,  456,  194,  540,  338,  435,  547,  484,  373,  585,  270,  388,  342,  538,  362,  539,  251,  390,    0,  678,  383,  515,  432,  369,  409,  640,  132,  210,  437,  495,  391,  544,  639,  300,  487,  486,  702,  398,  606,  393,  130,  478,  266,  197,  168,  170,  201,  646,  472,  385,  485,  428,  517,  201,  329,  503,  602,  472,  715,  319,  426,  506,  394,  414,  499,  154,  547,  718,  227,  113,  366,  669,  370,  442,  431,  327,  381,  371,  643,  443,  610,  320,  617,  434,  550,   50,  274,  408,  487,  459,   67,  385,  235,  454,  307,  294,  233,  362,  416,  500],
        [  575,    0,  753, 1119,  862,  806,  815,  711,  257,  530,  338,  593,  903,  676,  584, 1201, 1021,  771,  919,  707,  678,    0, 1060,  579, 1088,  884,  526,   70,  782,  630,  256,  496,  906,  851,   75,  380, 1145,  830,  807, 1034,  353,  362,  755,  852,  547,  559,  685,  541,  706,  154,  479,  426,  567,  881,  937,  511,  923,  897,  832,  452,   37,  408,  458,  841,  781, 1091, 1159,  528,  830,  787,  866,  709,  386,  799,  314,  761,  816,  667,  986,  792,  844,  295,  264,  910,  812, 1068,  647,  667,  526,  348,  407, 1099,  635,  456,  489,  792,  685,  972,  904,  402, 1091,  717],
        [  694,    0,  467,  133,  206,  683,  477,  662,  920,  770,  743,  847,  262,  634,  641,  190,  174,  705,  154,  584,  383, 1060,    0,  780,  148,  400,  726, 1019,  289,  490,  814,  818,  404,  699, 1021,  682,  169,  641,  879,  197,  944,  751,  324,  615,  580,  545,  441,  530,  445, 1017,  800,  739,  755,  481,  596,  562,  285,  568,  741,  788, 1096,  691,  765,  617,  569,   32,  170,  532,  716,  910,  236,  370,  734,  843,  752,  601,  586,  552,  315,  535,  785,  809,  967,  294,  773,  213,  786,  395,  597,  767,  817,  206,  428,  729,  592,  592,  552,   91,  185,  713,   47,  729],
        [   92,    0,  767,  770,  589,  239,  837,  868,  661,   55,  329,   71,  777,  817,  730,  842,  842,  199,  630,  211,  515,  579,  780,    0,  729,  433,  744,  511,  515,  313,  388,  790,  446, 1006,  600,  443,  781,  956,  247,  656,  257,  272,  478,  957,  253,  588,  654,  369,  690,  443,  762,  649,   32,  387, 1013,  350,  527,  362,  254,  132,  601,  558,  712,  292,  869,  803,  797,  424, 1000,  242,  545,  443,  591,  230,  474,  232,  910,  229,  892,  855,  265,  315,  334,  513,  233,  677,   70,  469,  250,  276,  174,  711,  449,  674,  323,  261,  762,  721,  712,  255,  789,  917],
        [  651,    0,  581,   43,  239,  593,  603,  778,  979,  729,  756,  791,  392,  745,  737,  117,  320,  622,  184,  522,  432, 1088,  148,  729,    0,  310,  817, 1040,  310,  476,  834,  908,  306,  830, 1058,  720,   58,  771,  790,   77,  924,  752,  334,  747,  568,  619,  533,  547,  546, 1025,  888,  813,  708,  384,  735,  578,  204,  463,  647,  761, 1123,  751,  848,  522,  693,  141,   72,  566,  846,  824,  222,  380,  798,  754,  793,  524,  715,  505,  459,  660,  689,  816,  960,  217,  682,   73,  722,  428,  587,  768,  797,   59,  459,  808,  603,  509,  660,  200,  298,  713,  113,  847],
        [  365,    0,  626,  352,  276,  286,  677,  801,  842,  443,  548,  490,  518,  755,  708,  416,  521,  313,  281,  223,  369,  884,  400,  433,  310,    0,  768,  825,  258,  262,  631,  849,   25,  900,  871,  564,  356,  839,  483,  234,  655,  525,  243,  826,  338,  556,  531,  379,  560,  790,  823,  722,  416,   83,  847,  399,  115,  172,  343,  490,  916,  638,  774,  218,  749,  414,  372,  427,  906,  516,  204,  259,  686,  447,  633,  216,  783,  228,  625,  721,  386,  592,  707,  106,  376,  249,  418,  330,  358,  539,  532,  282,  346,  730,  409,  200,  673,  375,  420,  484,  393,  868],
        [  675,    0,  286,  832,  585,  871,  326,  186,  281,  693,  434,  801,  490,  155,   88,  908,  618,  855,  635,  719,  409,  526,  726,  744,  817,  768,    0,  531,  539,  541,  421,   92,  792,  327,  456,  304,  867,  306,  982,  796,  682,  491,  537,  328,  527,  214,  286,  421,  282,  592,   78,  111,  716,  815,  415,  421,  737,  878,  925,  637,  558,  189,   69,  860,  267,  757,  875,  360,  309,  985,  632,  511,  169,  957,  297,  781,  296,  653,  532,  286,  958,  486,  631,  729,  927,  833,  804,  440,  518,  495,  620,  854,  423,   80,  436,  803,  197,  638,  542,  494,  769,  199],
        [  509,    0,  738, 1072,  818,  739,  803,  714,  281,  461,  285,  524,  876,  675,  581, 1154,  990,  703,  875,  643,  640,   70, 1019,  511, 1040,  825,  531,    0,  737,  575,  207,  512,  847,  858,  117,  346, 1097,  833,  738,  984,  285,  301,  708,  852,  489,  537,  661,  494,  685,   91,  493,  425,  499,  819,  934,  463,  869,  832,  763,  384,   93,  393,  466,  775,  777, 1050, 1111,  487,  839,  718,  818,  661,  379,  730,  286,  696,  813,  606,  964,  785,  775,  234,  197,  856,  743, 1016,  578,  624,  469,  287,  339, 1048,  592,  456,  438,  727,  676,  933,  869,  342, 1049,  727],
        [  424,    0,  369,  338,   84,  480,  420,  549,  672,  496,  457,  584,  281,  505,  469,  421,  328,  489,  139,  345,  132,  782,  289,  515,  310,  258,  539,  737,    0,  208,  531,  627,  278,  643,  749,  411,  366,  582,  661,  268,  657,  462,   38,  569,  294,  329,  279,  243,  305,  730,  603,  516,  487,  329,  592,  276,  200,  413,  543,  505,  818,  447,  558,  431,  492,  319,  379,  257,  650,  685,   95,   81,  495,  626,  484,  384,  525,  295,  395,  464,  586,  522,  678,  193,  565,  304,  534,  119,  310,  478,  531,  331,  150,  516,  304,  388,  420,  213,  200,  424,  314,  617],
        [  222,    0,  479,  512,  288,  341,  545,  616,  581,  290,  292,  384,  465,  565,  497,  592,  531,  335,  337,  188,  210,  630,  490,  313,  476,  262,  541,  575,  208,    0,  375,  612,  286,  740,  612,  304,  533,  683,  493,  413,  455,  279,  171,  679,   93,  340,  367,  125,  402,  552,  585,  477,  284,  285,  724,  138,  295,  338,  401,  299,  663,  388,  534,  321,  592,  517,  548,  182,  739,  509,  261,  131,  435,  461,  371,  246,  632,  121,  580,  573,  440,  345,  485,  281,  412,  444,  343,  161,  112,  295,  327,  477,  149,  490,  147,  265,  495,  420,  400,  239,  508,  676],
        [  355,    0,  569,  866,  612,  588,  638,  587,  274,  333,   84,  426,  683,  541,  444,  948,  793,  558,  669,  469,  437,  256,  814,  388,  834,  631,  421,  207,  531,  375,    0,  438,  654,  735,  242,  157,  892,  698,  634,  779,  262,  123,  502,  712,  294,  361,  479,  288,  507,  213,  412,  311,  367,  635,  788,  257,  667,  659,  625,  259,  290,  242,  369,  611,  629,  844,  905,  284,  720,  624,  612,  455,  252,  618,  125,  528,  669,  422,  778,  630,  645,   76,  215,  654,  612,  812,  457,  419,  274,  115,  225,  843,  386,  342,  233,  558,  521,  728,  668,  157,  843,  617],
        [  727,    0,  373,  923,  675,  934,  407,  241,  240,  737,  467,  842,  580,  226,  179,  999,  708,  915,  726,  785,  495,  496,  818,  790,  908,  849,   92,  512,  627,  612,  438,    0,  873,  365,  422,  348,  958,  357, 1033,  886,  699,  525,  622,  385,  589,  299,  378,  489,  374,  584,   29,  142,  762,  891,  472,  485,  823,  950,  985,  674,  524,  236,   81,  928,  338,  848,  967,  431,  342, 1032,  720,  593,  199, 1009,  322,  847,  360,  719,  617,  361, 1016,  510,  638,  814,  984,  922,  853,  523,  577,  527,  652,  944,  504,  123,  496,  871,  283,  729,  633,  535,  861,  228],
        [  382,    0,  647,  348,  292,  287,  696,  823,  866,  459,  570,  501,  534,  777,  731,  410,  532,  317,  292,  237,  391,  906,  404,  446,  306,   25,  792,  847,  278,  286,  654,  873,    0,  921,  894,  588,  351,  860,  484,  231,  673,  546,  265,  846,  360,  579,  553,  403,  582,  811,  847,  746,  430,   78,  865,  423,  121,  164,  342,  508,  938,  662,  798,  216,  769,  417,  367,  451,  927,  518,  219,  283,  710,  448,  657,  224,  803,  247,  639,  742,  385,  613,  726,  115,  376,  243,  427,  354,  381,  561,  550,  275,  370,  754,  433,  205,  695,  385,  434,  505,  395,  890],
        [  924,    0,  275,  829,  647, 1079,  231,  148,  600,  961,  731, 1071,  440,  196,  292,  887,  538, 1074,  677,  927,  544,  851,  699, 1006,  830,  900,  327,  858,  643,  740,  735,  365,  921,    0,  780,  596,  866,   62, 1225,  840,  990,  782,  659,   85,  761,  419,  377,  643,  344,  917,  376,  435,  976,  967,  140,  658,  830, 1046, 1140,  918,  882,  493,  394, 1049,  152,  723,  868,  585,   29, 1235,  714,  655,  488, 1195,  610,  982,  119,  860,  403,  180, 1179,  792,  949,  827, 1151,  872, 1057,  592,  759,  790,  911,  881,  593,  403,  684,  997,  247,  631,  535,  775,  745,  138],
        [  585,    0,  693, 1087,  827,  818,  752,  641,  183,  548,  325,  622,  852,  607,  518, 1169,  972,  785,  885,  708,  639,   75, 1021,  600, 1058,  871,  456,  117,  749,  612,  242,  422,  894,  780,    0,  340, 1115,  761,  836, 1008,  394,  359,  725,  783,  535,  505,  630,  514,  649,  207,  406,  359,  585,  876,  868,  486,  901,  898,  849,  470,  103,  351,  388,  847,  715, 1052, 1128,  493,  758,  819,  837,  679,  324,  826,  269,  765,  748,  663,  930,  726,  864,  297,  308,  889,  832, 1042,  669,  632,  515,  347,  427, 1072,  600,  388,  467,  796,  621,  932,  859,  397, 1054,  645],
        [  380,    0,  413,  748,  487,  594,  483,  450,  278,  391,  135,  498,  531,  401,  306,  831,  645,  572,  545,  452,  300,  380,  682,  443,  720,  564,  304,  346,  411,  304,  157,  348,  588,  596,  340,    0,  777,  555,  685,  674,  396,  189,  389,  565,  254,  205,  323,  186,  351,  367,  320,  207,  415,  587,  638,  166,  575,  631,  642,  333,  416,  116,  269,  598,  480,  713,  789,  154,  584,  685,  501,  345,  150,  662,   73,  514,  521,  391,  623,  478,  672,  199,  365,  563,  639,  709,  506,  293,  239,  195,  319,  738,  262,  231,  163,  541,  370,  593,  525,  191,  715,  489],
        [  704,    0,  624,   38,  294,  637,  640,  821, 1034,  783,  814,  842,  427,  789,  785,   62,  342,  667,  237,  573,  487, 1145,  169,  781,   58,  356,  867, 1097,  366,  533,  892,  958,  351,  866, 1115,  777,    0,  807,  832,  126,  980,  810,  391,  782,  625,  672,  582,  605,  593, 1082,  939,  866,  761,  427,  764,  635,  256,  502,  688,  817, 1181,  806,  899,  564,  732,  151,   17,  623,  882,  868,  280,  437,  853,  797,  849,  572,  751,  559,  483,  698,  730,  874, 1017,  269,  724,  108,  772,  485,  644,  826,  853,   79,  516,  861,  660,  554,  705,  238,  339,  770,  125,  889],
        [  872,    0,  214,  770,  586, 1022,  170,  121,  584,  912,  689, 1021,  381,  159,  256,  829,  483, 1018,  616,  870,  486,  830,  641,  956,  771,  839,  306,  833,  582,  683,  698,  357,  860,   62,  761,  555,  807,    0, 1171,  779,  950,  739,  599,   34,  709,  369,  319,  591,  285,  888,  363,  408,  925,  907,  117,  606,  769,  987, 1083,  871,  863,  457,  374,  991,   93,  666,  809,  533,   76, 1182,  653,  596,  457, 1140,  575,  925,   58,  804,  351,  119, 1123,  752,  913,  766, 1095,  811, 1005,  534,  707,  747,  866,  821,  536,  377,  634,  939,  194,  572,  475,  730,  687,  141],
        [  308,    0,  970,  832,  719,  198, 1037, 1093,  907,  302,  576,  215,  941, 1041,  961,  890,  979,  175,  744,  317,  702,  807,  879,  247,  790,  483,  982,  738,  661,  493,  634, 1033,  484, 1225,  836,  685,  832, 1171,    0,  714,  459,  519,  628, 1169,  465,  811,  858,  583,  894,  660, 1004,  891,  272,  407, 1216,  572,  597,  334,  146,  376,  824,  799,  954,  269, 1081,  895,  848,  643, 1222,   42,  658,  607,  835,   37,  720,  282, 1121,  376, 1056, 1064,  109,  560,  547,  586,  109,  725,  181,  652,  470,  523,  413,  755,  641,  914,  550,  288,  979,  840,  858,  501,  875, 1147],
        [  579,    0,  580,  119,  212,  517,  609,  775,  939,  658,  699,  717,  407,  737,  719,  187,  357,  546,  167,  447,  398, 1034,  197,  656,   77,  234,  796,  984,  268,  413,  779,  886,  231,  840, 1008,  674,  126,  779,  714,    0,  856,  692,  286,  757,  505,  591,  518,  495,  535,  965,  864,  782,  635,  308,  754,  524,  130,  388,  571,  693, 1069,  714,  821,  446,  696,  200,  142,  520,  853,  748,  174,  330,  762,  679,  746,  448,  722,  434,  489,  664,  614,  757,  895,  143,  606,   37,  647,  385,  524,  708,  729,   65,  415,  780,  547,  433,  651,  218,  306,  651,  174,  844],
        [  293,    0,  799,  962,  740,  495,  870,  843,  509,  222,  263,  250,  874,  795,  699, 1041,  965,  455,  791,  440,  606,  353,  944,  257,  924,  655,  682,  285,  657,  455,  262,  699,  673,  990,  394,  396,  980,  950,  459,  856,    0,  221,  621,  961,  364,  594,  697,  437,  729,  203,  673,  573,  257,  625, 1032,  406,  729,  613,  506,  166,  368,  499,  630,  546,  875,  971,  996,  466,  977,  436,  715,  577,  514,  456,  385,  478,  916,  428,  980,  871,  510,  199,   90,  715,  479,  884,  316,  571,  348,  209,  128,  917,  542,  603,  372,  509,  765,  870,  834,  246,  963,  877],
        [  233,    0,  580,  787,  545,  466,  651,  637,  391,  218,   58,  319,  657,  587,  494,  869,  754,  436,  600,  350,  393,  362,  751,  272,  752,  525,  491,  301,  462,  279,  123,  525,  546,  782,  359,  189,  810,  739,  519,  692,  221,    0,  429,  747,  190,  376,  476,  226,  509,  273,  498,  388,  249,  520,  816,  193,  573,  540,  503,  150,  392,  302,  449,  489,  660,  780,  824,  248,  772,  513,  533,  382,  328,  501,  205,  407,  701,  306,  762,  655,  525,   68,  219,  559,  491,  723,  340,  363,  170,   17,  130,  755,  332,  415,  160,  437,  550,  670,  624,   42,  775,  677],
        [  387,    0,  386,  364,  119,  449,  440,  559,  655,  459,  426,  547,  313,  513,  471,  447,  364,  456,  172,  311,  130,  755,  324,  478,  334,  243,  537,  708,   38,  171,  502,  622,  265,  659,  725,  389,  391,  599,  628,  286,  621,  429,    0,  587,  258,  325,  289,  215,  318,  699,  598,  507,  450,  308,  615,  246,  201,  390,  512,  468,  790,  433,  552,  404,  508,  352,  404,  235,  665,  650,  113,   48,  481,  593,  461,  352,  543,  259,  428,  482,  555,  490,  644,  192,  533,  321,  498,  103,  274,  445,  495,  350,  130,  509,  273,  358,  431,  250,  236,  391,  346,  626],
        [  872,    0,  204,  745,  568, 1016,  151,  145,  608,  914,  698, 1023,  356,  177,  272,  803,  454, 1013,  595,  865,  478,  852,  615,  957,  747,  826,  328,  852,  569,  679,  712,  385,  846,   85,  783,  565,  782,   34, 1169,  757,  961,  747,  587,    0,  708,  374,  312,  590,  278,  904,  389,  427,  926,  895,   88,  608,  752,  976, 1077,  876,  885,  471,  396,  983,   89,  639,  784,  534,  105, 1181,  636,  587,  475, 1138,  589,  918,   48,  799,  320,  107, 1117,  763,  926,  749, 1091,  789, 1005,  526,  708,  756,  873,  798,  531,  397,  636,  931,  198,  548,  452,  736,  661,  173],
        [  165,    0,  515,  604,  376,  345,  585,  628,  524,  218,  210,  322,  533,  577,  498,  684,  611,  328,  427,  199,  266,  547,  580,  253,  568,  338,  527,  489,  294,   93,  294,  589,  360,  761,  535,  254,  625,  709,  465,  505,  364,  190,  258,  708,    0,  346,  402,  119,  438,  462,  561,  448,  222,  344,  762,  108,  383,  379,  398,  213,  579,  355,  509,  345,  620,  608,  640,  178,  757,  474,  353,  214,  398,  437,  313,  261,  661,  138,  646,  605,  432,  257,  393,  370,  401,  535,  297,  222,   21,  206,  238,  568,  199,  466,   94,  288,  515,  507,  479,  149,  600,  683],
        [  507,    0,  209,  638,  382,  679,  279,  283,  378,  543,  331,  653,  348,  231,  158,  717,  471,  668,  436,  525,  197,  559,  545,  588,  619,  556,  214,  537,  329,  340,  361,  299,  579,  419,  505,  205,  672,  369,  811,  591,  594,  376,  325,  374,  346,    0,  126,  230,  148,  569,  275,  195,  557,  605,  440,  240,  525,  672,  736,  503,  596,  155,  231,  660,  286,  577,  681,  169,  413,  819,  423,  298,  192,  782,  252,  585,  327,  458,  428,  279,  773,  400,  569,  516,  743,  627,  640,  227,  342,  386,  500,  651,  211,  190,  266,  604,  176,  454,  368,  363,  585,  338],
        [  567,    0,  113,  546,  307,  704,  183,  271,  498,  615,  439,  723,  224,  226,  204,  622,  349,  701,  354,  553,  168,  685,  441,  654,  533,  531,  286,  661,  279,  367,  479,  378,  553,  377,  630,  323,  582,  319,  858,  518,  697,  476,  289,  312,  402,  126,    0,  287,   36,  689,  360,  305,  623,  594,  360,  309,  476,  671,  765,  587,  721,  280,  326,  673,  227,  472,  590,  237,  379,  872,  364,  280,  314,  826,  375,  607,  266,  487,  303,  206,  806,  510,  681,  471,  779,  554,  698,  215,  405,  489,  592,  573,  219,  292,  341,  621,  142,  352,  257,  456,  484,  338],
        [  282,    0,  399,  578,  326,  452,  469,  511,  464,  329,  214,  436,  438,  460,  384,  661,  530,  440,  382,  300,  170,  541,  530,  369,  547,  379,  421,  494,  243,  125,  288,  489,  403,  643,  514,  186,  605,  591,  583,  495,  437,  226,  215,  590,  119,  230,  287,    0,  322,  488,  462,  353,  337,  408,  645,   33,  390,  462,  508,  307,  577,  264,  410,  440,  502,  560,  618,   62,  640,  592,  325,  168,  311,  553,  258,  361,  543,  233,  547,  488,  544,  281,  444,  378,  514,  529,  415,  138,  119,  241,  319,  559,  107,  367,   66,  383,  397,  447,  400,  193,  557,  567],
        [  602,    0,   78,  556,  327,  739,  147,  245,  510,  651,  470,  758,  213,  204,  196,  630,  341,  736,  370,  587,  201,  706,  445,  690,  546,  560,  282,  685,  305,  402,  507,  374,  582,  344,  649,  351,  593,  285,  894,  535,  729,  509,  318,  278,  438,  148,   36,  322,    0,  716,  358,  314,  659,  625,  324,  344,  501,  703,  800,  622,  742,  298,  328,  706,  193,  476,  599,  272,  348,  907,  386,  312,  329,  862,  400,  641,  231,  522,  281,  171,  840,  541,  711,  496,  814,  570,  734,  249,  440,  521,  626,  588,  254,  297,  376,  655,  118,  359,  261,  490,  490,  313],
        [  454,    0,  776, 1059,  813,  677,  843,  771,  360,  397,  275,  448,  895,  729,  633, 1141, 1004,  639,  869,  595,  646,  154, 1017,  443, 1025,  790,  592,   91,  730,  552,  213,  584,  811,  917,  207,  367, 1082,  888,  660,  965,  203,  273,  699,  904,  462,  569,  689,  488,  716,    0,  562,  483,  435,  776,  985,  455,  845,  780,  696,  323,  166,  436,  530,  719,  826, 1047, 1097,  493,  900,  638,  805,  651,  431,  655,  321,  643,  864,  565,  990,  830,  704,  209,  114,  831,  673,  996,  508,  624,  441,  257,  277, 1028,  591,  515,  426,  675,  720,  934,  878,  314, 1044,  790],
        [  699,    0,  363,  904,  654,  905,  400,  245,  225,  709,  440,  815,  567,  224,  165,  981,  695,  887,  705,  757,  472,  479,  800,  762,  888,  823,   78,  493,  603,  585,  412,   29,  847,  376,  406,  320,  939,  363, 1004,  864,  673,  498,  598,  389,  561,  275,  360,  462,  358,  562,    0,  114,  734,  865,  477,  457,  799,  923,  957,  647,  509,  208,   52,  900,  337,  831,  947,  404,  353, 1004,  697,  568,  171,  981,  295,  819,  362,  692,  608,  358,  988,  483,  614,  790,  956,  901,  825,  498,  549,  500,  625,  923,  479,   96,  468,  843,  273,  712,  616,  507,  843,  239],
        [  585,    0,  343,  832,  575,  793,  397,  290,  199,  597,  330,  703,  526,  251,  159,  912,  653,  774,  630,  646,  385,  426,  739,  649,  813,  722,  111,  425,  516,  477,  311,  142,  746,  435,  359,  207,  866,  408,  891,  782,  573,  388,  507,  427,  448,  195,  305,  353,  314,  483,  114,    0,  622,  760,  512,  346,  707,  815,  844,  536,  459,   94,   63,  790,  356,  771,  876,  298,  417,  891,  611,  472,   61,  868,  189,  708,  391,  581,  588,  368,  875,  378,  521,  697,  843,  818,  712,  405,  437,  391,  516,  843,  382,   32,  355,  733,  264,  649,  559,  395,  779,  309],
        [   63,    0,  736,  749,  562,  243,  806,  838,  639,   38,  304,  101,  748,  786,  700,  822,  813,  205,  604,  194,  485,  567,  755,   32,  708,  416,  716,  499,  487,  284,  367,  762,  430,  976,  585,  415,  761,  925,  272,  635,  257,  249,  450,  926,  222,  557,  623,  337,  659,  435,  734,  622,    0,  375,  982,  319,  506,  356,  265,  116,  591,  530,  684,  290,  838,  779,  777,  393,  970,  270,  519,  414,  564,  252,  449,  223,  879,  205,  862,  824,  281,  295,  330,  492,  248,  658,   92,  438,  219,  254,  161,  692,  419,  645,  292,  253,  731,  694,  683,  229,  765,  887],
        [  332,    0,  693,  426,  356,  211,  747,  862,  863,  406,  551,  436,  597,  814,  760,  485,  604,  242,  363,  185,  428,  881,  481,  387,  384,   83,  815,  819,  329,  285,  635,  891,   78,  967,  876,  587,  427,  907,  407,  308,  625,  520,  308,  895,  344,  605,  594,  408,  625,  776,  865,  760,  375,    0,  920,  422,  197,   89,  264,  463,  911,  671,  814,  139,  815,  495,  443,  463,  972,  442,  285,  315,  719,  371,  652,  157,  851,  214,  705,  789,  307,  586,  685,  189,  299,  319,  361,  385,  363,  534,  507,  350,  395,  770,  426,  133,  734,  458,  500,  481,  473,  927],
        [  926,    0,  247,  728,  579, 1055,  180,  233,  695,  973,  769, 1081,  348,  262,  354,  779,  427, 1056,  599,  906,  517,  937,  596, 1013,  735,  847,  415,  934,  592,  724,  788,  472,  865,  140,  868,  638,  764,  117, 1216,  754, 1032,  816,  615,   88,  762,  440,  360,  645,  324,  985,  477,  512,  982,  920,    0,  666,  764, 1004, 1117,  940,  970,  550,  483, 1017,  160,  617,  765,  592,  167, 1231,  650,  621,  556, 1184,  667,  957,  122,  842,  286,  162, 1159,  836, 1001,  763, 1133,  784, 1057,  566,  763,  826,  939,  790,  575,  482,  696,  968,  269,  539,  450,  802,  641,  257],
        [  267,    0,  420,  609,  358,  451,  491,  522,  444,  308,  181,  416,  469,  471,  390,  692,  562,  435,  414,  301,  201,  511,  562,  350,  578,  399,  421,  463,  276,  138,  257,  485,  423,  658,  486,  166,  635,  606,  572,  524,  406,  193,  246,  608,  108,  240,  309,   33,  344,  455,  457,  346,  319,  422,  666,    0,  417,  471,  505,  280,  546,  254,  405,  444,  519,  592,  649,   74,  653,  579,  356,  199,  300,  543,  235,  363,  560,  235,  577,  506,  539,  248,  411,  404,  508,  558,  400,  171,  103,  208,  290,  588,  139,  362,   35,  387,  412,  480,  432,  161,  589,  576],
        [  450,    0,  558,  245,  186,  400,  601,  745,  848,  528,  585,  588,  424,  702,  668,  317,  413,  425,  175,  319,  329,  923,  285,  527,  204,  115,  737,  869,  200,  295,  667,  823,  121,  830,  901,  575,  256,  769,  597,  130,  729,  573,  201,  752,  383,  525,  476,  390,  501,  845,  799,  707,  506,  197,  764,  417,    0,  284,  457,  565,  957,  631,  752,  332,  680,  300,  272,  426,  839,  629,  116,  236,  679,  561,  647,  324,  711,  305,  525,  651,  501,  639,  771,   14,  490,  155,  520,  303,  404,  588,  602,  188,  327,  710,  435,  311,  617,  265,  322,  532,  279,  813],
        [  327,    0,  773,  504,  444,  146,  830,  936,  903,  392,  578,  400,  684,  887,  828,  558,  693,  185,  452,  191,  503,  897,  568,  362,  463,  172,  878,  832,  413,  338,  659,  950,  164, 1046,  898,  631,  502,  987,  334,  388,  613,  540,  390,  976,  379,  672,  671,  462,  703,  780,  923,  815,  356,   89, 1004,  471,  284,    0,  189,  459,  925,  724,  872,   74,  895,  580,  517,  520, 1050,  371,  373,  391,  770,  300,  692,  138,  931,  242,  794,  870,  229,  603,  681,  277,  227,  395,  321,  458,  397,  552,  505,  424,  464,  828,  469,  106,  810,  546,  588,  503,  557, 1000],
        [  271,    0,  875,  689,  592,   63,  939, 1015,  891,  303,  554,  262,  823,  964,  891,  745,  851,   70,  612,  214,  602,  832,  741,  254,  647,  343,  925,  763,  543,  401,  625,  985,  342, 1140,  849,  642,  688, 1083,  146,  571,  506,  503,  512, 1077,  398,  736,  765,  508,  800,  696,  957,  844,  265,  264, 1117,  505,  457,  189,    0,  381,  855,  750,  905,  126,  991,  756,  704,  570, 1139,  184,  527,  498,  791,  112,  690,  161, 1030,  280,  937,  971,   45,  556,  587,  448,   40,  580,  191,  552,  408,  511,  425,  611,  547,  863,  490,  156,  895,  709,  735,  475,  735, 1074],
        [  133,    0,  697,  800,  586,  356,  768,  775,  532,   79,  208,  170,  741,  724,  633,  878,  823,  319,  634,  279,  472,  452,  788,  132,  761,  490,  637,  384,  505,  299,  259,  674,  508,  918,  470,  333,  817,  871,  376,  693,  166,  150,  468,  876,  213,  503,  587,  307,  622,  323,  647,  536,  116,  463,  940,  280,  565,  459,  381,    0,  476,  448,  598,  396,  788,  814,  832,  351,  909,  366,  556,  426,  477,  361,  354,  322,  830,  263,  852,  779,  395,  184,  223,  551,  362,  719,  201,  431,  200,  150,   47,  753,  405,  562,  247,  353,  678,  717,  691,  144,  804,  819],
        [  601,    0,  789, 1154,  898,  831,  850,  743,  285,  553,  372,  611,  940,  709,  618, 1237, 1058,  795,  955,  736,  715,   37, 1096,  601, 1123,  916,  558,   93,  818,  663,  290,  524,  938,  882,  103,  416, 1181,  863,  824, 1069,  368,  392,  790,  885,  579,  596,  721,  577,  742,  166,  509,  459,  591,  911,  970,  546,  957,  925,  855,  476,    0,  444,  490,  868,  815, 1127, 1194,  564,  861,  803,  901,  744,  422,  818,  350,  788,  849,  698, 1022,  826,  865,  326,  279,  943,  833, 1102,  668,  703,  559,  378,  430, 1133,  670,  489,  523,  820,  719, 1008,  940,  433, 1127,  747],
