{
    "name": "random-49-18903",
    "comment": "size=49 seed=18903",
    "nodes": ["+0", "-0", "+1", "-1", "+2", "-2", "+3", "-3", "+4", "-4", "+5", "-5", "+6", "-6", "+7", "-7", "+8", "-8", "+9", "-9", "+10", "-10", "+11", "-11", "+12", "-12", "+13", "-13", "+14", "-14", "+15", "-15", "+16", "-16", "+17", "-17", "+18", "-18", "+19", "-19", "+20", "-20", "+21", "-21", "+22", "-22", "+23", "-23", "+24", "-24", "+25", "-25", "+26", "-26", "+27", "-27", "+28", "-28", "+29", "-29", "+30", "-30", "+31", "-31", "+32", "-32", "+33", "-33", "+34", "-34", "+35", "-35", "+36", "-36", "+37", "-37", "+38", "-38", "+39", "-39", "+40", "-40", "+41", "-41", "+42", "-42", "+43", "-43", "+44", "-44", "+45", "-45", "+46", "-46", "+47", "-47", "+48", "-48", "+49", "-49"],
    "precedence": {
        "+0": "-0",
        "+1": "-1",
        "+2": "-2",
        "+3": "-3",
        "+4": "-4",
        "+5": "-5",
        "+6": "-6",
        "+7": "-7",
        "+8": "-8",
        "+9": "-9",
        "+10": "-10",
        "+11": "-11",
        "+12": "-12",
        "+13": "-13",
        "+14": "-14",
        "+15": "-15",
        "+16": "-16",
        "+17": "-17",
        "+18": "-18",
        "+19": "-19",
        "+20": "-20",
        "+21": "-21",
        "+22": "-22",
        "+23": "-23",
        "+24": "-24",
        "+25": "-25",
        "+26": "-26",
        "+27": "-27",
        "+28": "-28",
        "+29": "-29",
        "+30": "-30",
        "+31": "-31",
        "+32": "-32",
        "+33": "-33",
        "+34": "-34",
        "+35": "-35",
        "+36": "-36",
        "+37": "-37",
        "+38": "-38",
        "+39": "-39",
        "+40": "-40",
        "+41": "-41",
        "+42": "-42",
        "+43": "-43",
        "+44": "-44",
        "+45": "-45",
        "+46": "-46",
        "+47": "-47",
        "+48": "-48",
        "+49": "-49"
    },
    "edges": [
        [    0,    0,  234,  684,  461,  611,  130,   81,  290,   71,  609,  550,  196,  200,  334,  156,  370,  681,  611,  445,  484,  310,  572,  371,  224,  399,  216,  298,  631,  501,  498,  151,  188,  426,  237,  595,  720,  378,  542,  140,  297,  617,  577,  615,  675,  539,  572,  789,  661,  582,  282,  255,  547,  364,  266,   39,  494,  392,  532,  629,  388,  594,  719,  348,  397,  703,  310,  698,  762,  242,  613,  738,  358,  248,  422,  163,  587,  264,  442,  260,  343,  196,  600,  251,  336,  559,  308,  542,  773,  775,  400,  383,  496,  407,  212,  267,  208,   55,  457,  358],
        [    0,    0,    0,    0,    0,    0,    0,    0,    0,    0,    0,    0,    0,    0,    0,    0,    0,    0,    0,    0,    0,    0,    0,    0,    0,    0,    0,    0,    0,    0,    0,    0,    0,    0,    0,    0,    0,    0,    0,    0,    0,    0,    0,    0,    0,    0,    0,    0,    0,    0,    0,    0,    0,    0,    0,    0,    0,    0,    0,    0,    0,    0,    0,    0,    0,    0,    0,    0,    0,    0,    0,    0,    0,    0,    0,    0,    0,    0,    0,    0,    0,    0,    0,    0,    0,    0,    0,    0,    0,    0,    0,    0,    0,    0,    0,    0,    0,    0,    0,    0],
        [  234,    0,    0,  494,  574,  506,  363,  313,  155,  257,  376,  325,  418,  434,  164,  273,  418,  513,  503,  506,  284,  412,  358,  162,  402,  420,  356,   80,  497,  268,  362,  187,  276,  585,  455,  753,  488,  353,  648,  372,  211,  663,  503,  384,  447,  674,  340,  700,  461,  507,   62,  452,  342,  517,   54,  272,  309,  502,  437,  396,  302,  423,  492,  170,  186,  477,  524,  500,  530,  452,  441,  645,  321,  482,  315,  397,  668,  465,  393,  466,  354,  420,  388,  259,  346,  336,  439,  388,  642,  545,  597,  176,  388,  284,   76,  146,  440,  189,  644,  166],
        [  684,    0,  494,    0, 1065,  277,  804,  747,  395,  665,  290,  233,  880,  865,  569,  614,  562,   85,  267,  615,  542,  905,  162,  333,  888,  520,  664,  415,  197,  351,  230,  681,  770,  825,  832,  949,  423,  809,  773,  814,  667,  670,  349,  399,  456,  845,  304,  399,   51,  349,  493,  932,  157,  770,  507,  713,  191,  692,  298,  360,  728,  108,  229,  338,  309,  212,  878,   36,  431,  815,   94,  356,  427,  913,  715,  835,  739,  943,  397,  941,  497,  818,  138,  500,  821,  210,  691,  173,  256,  472,  904,  318,  278,  679,  565,  608,  854,  659,  921,  537],
        [  461,    0,  574, 1065,    0, 1055,  429,  459,  705,  524,  886,  868,  356,  443,  521,  613,  826, 1086, 1054,  894,  634,  163,  919,  734,  255,  858,  654,  652, 1061,  771,  924,  391,  303,  806,  561,  951,  927,  306,  960,  425,  415, 1064, 1031,  835,  862,  930,  849, 1241, 1029, 1035,  574,  266,  910,  761,  559,  459,  882,  822,  978,  869,  403,  996, 1018,  740,  756, 1008,  616, 1068,  969,  586, 1015, 1188,  814,  441,  440,  429, 1019,  275,  898,  289,  803,  520,  948,  709,  264,  886,  735,  957, 1206,  962,  720,  748,  936,  464,  501,  464,  484,  450,  785,  559],
        [  611,    0,  506,  277, 1055,    0,  704,  650,  355,  565,  504,  417,  791,  750,  642,  488,  353,  201,   10,  378,  679,  894,  352,  382,  833,  304,  506,  442,   81,  509,  152,  668,  754,  609,  683,  707,  659,  859,  522,  714,  715,  400,   79,  604,  673,  602,  500,  196,  308,   78,  537,  863,  313,  566,  544,  628,  264,  474,   80,  575,  799,  194,  491,  344,  373,  471,  710,  312,  678,  660,  196,  140,  263,  794,  802,  729,  477,  870,  190,  864,  312,  684,  349,  369,  850,  398,  500,  162,  173,  716,  710,  370,  120,  767,  581,  649,  727,  608,  711,  621],
        [  130,    0,  363,  804,  429,  704,    0,   57,  410,  142,  738,  679,   89,   72,  449,  218,  415,  795,  706,  472,  602,  308,  698,  498,  175,  454,  233,  427,  734,  630,  606,  245,  235,  385,  150,  543,  847,  438,  532,   11,  393,  639,  661,  742,  801,  508,  702,  871,  784,  665,  409,  175,  672,  335,  392,   94,  616,  394,  625,  757,  473,  710,  849,  472,  524,  831,  221,  820,  890,  168,  729,  823,  443,  119,  511,   34,  591,  176,  524,  167,  410,  103,  726,  336,  384,  687,  307,  655,  872,  902,  323,  510,  596,  503,  335,  377,   91,  177,  386,  477],
        [   81,    0,  313,  747,  459,  650,   57,    0,  354,   86,  687,  625,  141,  122,  412,  166,  371,  738,  652,  435,  564,  325,  643,  444,  207,  408,  195,  374,  678,  581,  550,  218,  229,  376,  162,  540,  800,  430,  510,   67,  367,  605,  608,  695,  755,  495,  651,  819,  727,  613,  362,  220,  616,  319,  346,   43,  559,  365,  571,  709,  453,  653,  795,  416,  470,  778,  236,  763,  842,  172,  672,  770,  390,  171,  489,   88,  564,  224,  471,  216,  360,  118,  670,  282,  381,  633,  278,  598,  817,  856,  332,  455,  541,  478,  292,  343,  128,  134,  392,  437],
        [  290,    0,  155,  395,  705,  355,  410,  354,    0,  273,  378,  297,  486,  473,  309,  236,  300,  393,  353,  386,  396,  543,  297,  119,  502,  289,  306,  112,  356,  300,  219,  316,  403,  517,  454,  674,  522,  507,  542,  420,  366,  529,  348,  426,  499,  584,  348,  548,  375,  352,  199,  542,  266,  450,  201,  319,  206,  408,  283,  422,  456,  305,  462,   69,  140,  442,  510,  410,  559,  441,  324,  493,  178,  522,  466,  441,  548,  552,  241,  549,  227,  432,  323,  155,  496,  298,  366,  256,  501,  583,  560,  124,  237,  433,  227,  300,  465,  270,  594,  300],
        [   71,    0,  257,  665,  524,  565,  142,   86,  273,    0,  621,  554,  226,  201,  381,   89,  303,  654,  567,  375,  527,  378,  566,  370,  279,  335,  146,  307,  593,  519,  464,  217,  259,  362,  199,  531,  743,  447,  472,  152,  358,  547,  526,  639,  703,  471,  586,  737,  647,  530,  312,  300,  537,  297,  298,   66,  478,  321,  486,  648,  452,  569,  723,  337,  395,  705,  268,  682,  784,  196,  588,  687,  306,  250,  483,  171,  517,  306,  389,  299,  282,  167,  593,  198,  406,  560,  238,  513,  732,  800,  348,  380,  455,  466,  255,  320,  194,  115,  401,  400],
        [  609,    0,  376,  290,  886,  504,  738,  687,  378,  621,    0,   94,  794,  808,  366,  608,  656,  363,  495,  733,  282,  738,  153,  260,  766,  630,  682,  315,  440,  117,  378,  543,  622,  892,  816, 1045,  160,  596,  897,  748,  472,  842,  555,  110,  172,  950,   39,  669,  239,  557,  340,  820,  192,  827,  357,  646,  255,  777,  483,   73,  502,  315,  134,  311,  238,  128,  879,  268,  188,  808,  320,  619,  513,  857,  479,  772,  886,  834,  531,  836,  580,  787,  162,  531,  624,  108,  743,  345,  540,  221,  936,  254,  438,  445,  422,  428,  811,  565,  971,  327],
        [  550,    0,  325,  233,  868,  417,  679,  625,  297,  554,   94,    0,  741,  747,  354,  532,  566,  295,  408,  642,  310,  714,   74,  185,  725,  539,  602,  253,  358,  119,  286,  504,  589,  807,  745,  957,  253,  594,  805,  689,  458,  749,  464,  188,  258,  860,   84,  589,  185,  466,  301,  776,  104,  742,  318,  585,  162,  689,  391,  160,  506,  234,  170,  229,  160,  153,  805,  221,  281,  735,  243,  537,  422,  796,  489,  712,  794,  789,  438,  790,  491,  719,   96,  446,  613,   23,  658,  256,  469,  314,  857,  176,  346,  453,  382,  405,  747,  511,  889,  318],
        [  196,    0,  418,  880,  356,  791,   89,  141,  486,  226,  794,  741,    0,   89,  478,  305,  502,  875,  792,  557,  630,  258,  766,  565,  113,  542,  320,  489,  818,  682,  688,  268,  227,  450,  206,  598,  892,  420,  607,   80,  405,  722,  748,  787,  841,  575,  756,  959,  857,  752,  456,   92,  742,  407,  439,  168,  690,  474,  711,  806,  471,  788,  910,  544,  591,  893,  265,  894,  935,  230,  807,  910,  530,  103,  512,   76,  670,   90,  611,   79,  498,  165,  794,  423,  362,  751,  389,  735,  957,  943,  370,  577,  681,  511,  377,  403,  129,  230,  435,  510],
        [  200,    0,  434,  865,  443,  750,   72,  122,  473,  201,  808,  747,   89,    0,  520,  263,  439,  852,  752,  486,  673,  343,  764,  566,  200,  483,  256,  496,  784,  701,  660,  314,  294,  364,  119,  510,  919,  494,  524,   64,  460,  647,  701,  814,  872,  488,  772,  908,  847,  705,  480,  178,  736,  323,  464,  163,  678,  397,  671,  828,  536,  768,  917,  536,  591,  900,  177,  882,  961,  145,  787,  862,  487,   50,  575,   39,  589,  172,  565,  159,  446,   83,  791,  384,  438,  755,  314,  711,  920,  973,  282,  576,  646,  570,  406,  447,   42,  248,  347,  548],
        [  334,    0,  164,  569,  521,  642,  449,  412,  309,  381,  366,  354,  478,  520,    0,  421,  581,  608,  637,  669,  153,  375,  412,  263,  423,  583,  504,  204,  619,  251,  492,  210,  272,  733,  571,  903,  426,  241,  808,  457,  106,  827,  650,  325,  368,  829,  329,  837,  527,  654,  111,  481,  414,  666,  112,  372,  408,  660,  580,  354,  161,  524,  498,  300,  278,  488,  643,  566,  469,  574,  540,  781,  482,  563,  160,  481,  831,  497,  550,  502,  518,  529,  441,  422,  260,  373,  591,  504,  759,  472,  729,  277,  529,  126,  128,   75,  537,  280,  781,   39],
        [  156,    0,  273,  614,  613,  488,  218,  166,  236,   89,  608,  532,  305,  263,  421,    0,  215,  594,  491,  290,  555,  465,  533,  349,  367,  246,   84,  301,  522,  517,  401,  288,  342,  314,  220,  483,  742,  521,  399,  227,  417,  462,  444,  641,  709,  410,  575,  654,  601,  448,  334,  385,  499,  246,  323,  155,  433,  248,  410,  644,  514,  513,  698,  305,  372,  678,  274,  634,  781,  205,  531,  605,  226,  309,  541,  241,  438,  389,  306,  382,  195,  205,  557,  122,  484,  534,  172,  453,  658,  802,  331,  356,  384,  520,  294,  369,  244,  188,  373,  433],
        [  370,    0,  418,  562,  826,  353,  415,  371,  300,  303,  656,  566,  502,  439,  581,  215,    0,  514,  359,   88,  691,  680,  539,  413,  577,   50,  184,  407,  413,  596,  333,  492,  554,  264,  350,  395,  810,  723,  243,  422,  604,  253,  286,  720,  794,  295,  632,  479,  568,  289,  477,  589,  497,  215,  472,  368,  422,  131,  285,  710,  702,  455,  711,  355,  427,  690,  364,  591,  843,  323,  469,  439,  145,  476,  723,  430,  251,  590,  171,  581,   77,  362,  555,  160,  691,  560,  150,  390,  522,  872,  358,  413,  287,  696,  467,  547,  408,  397,  364,  582],
        [  681,    0,  513,   85, 1086,  201,  795,  738,  393,  654,  363,  295,  875,  852,  608,  594,  514,    0,  191,  558,  599,  924,  222,  355,  894,  469,  635,  435,  120,  410,  195,  696,  786,  778,  808,  893,  504,  845,  712,  805,  701,  599,  277,  472,  533,  788,  373,  315,  130,  277,  521,  934,  201,  727,  533,  707,  205,  643,  236,  435,  769,   90,  313,  347,  335,  295,  848,  119,  514,  789,   72,  272,  389,  899,  761,  824,  673,  944,  345,  940,  455,  798,  204,  475,  851,  273,  651,  141,  177,  554,  865,  341,  229,  724,  587,  638,  837,  663,  877,  578],
        [  611,    0,  503,  267, 1054,   10,  706,  652,  353,  567,  495,  408,  792,  752,  637,  491,  359,  191,    0,  385,  673,  893,  343,  377,  834,  310,  510,  438,   71,  502,  146,  667,  752,  615,  687,  715,  650,  855,  531,  716,  711,  410,   88,  595,  665,  611,  491,  200,  298,   87,  533,  864,  305,  572,  540,  629,  257,  481,   82,  566,  795,  185,  481,  339,  368,  461,  715,  302,  669,  664,  186,  144,  265,  797,  797,  731,  486,  871,  194,  865,  316,  687,  339,  370,  848,  389,  505,  154,  169,  707,  716,  365,  118,  762,  578,  646,  730,  608,  718,  616],
        [  445,    0,  506,  615,  894,  378,  472,  435,  386,  375,  733,  642,  557,  486,  669,  290,   88,  558,  385,    0,  778,  752,  609,  496,  641,  103,  241,  494,  448,  678,  390,  573,  631,  236,  384,  335,  889,  805,  165,  479,  690,  173,  303,  801,  875,  231,  711,  471,  626,  305,  564,  647,  566,  207,  559,  437,  491,  108,  323,  790,  788,  509,  779,  437,  509,  758,  381,  646,  921,  356,  521,  439,  221,  518,  809,  483,  164,  647,  219,  636,  159,  405,  622,  248,  772,  634,  174,  446,  539,  951,  350,  495,  337,  783,  553,  633,  451,  476,  340,  670],
        [  484,    0,  284,  542,  634,  679,  602,  564,  396,  527,  282,  310,  630,  673,  153,  555,  691,  599,  673,  778,    0,  503,  381,  308,  570,  684,  639,  285,  639,  191,  530,  363,  418,  868,  720, 1036,  293,  331,  927,  609,  238,  924,  704,  205,  230,  957,  252,  868,  494,  707,  222,  628,  399,  800,  233,  522,  420,  783,  630,  244,  234,  525,  413,  361,  309,  409,  792,  529,  336,  721,  538,  814,  572,  716,  203,  634,  941,  645,  627,  651,  620,  680,  405,  534,  371,  332,  722,  525,  767,  332,  874,  316,  578,  173,  273,  227,  689,  430,  923,  127],
        [  310,    0,  412,  905,  163,  894,  308,  325,  543,  378,  738,  714,  258,  343,  375,  465,  680,  924,  893,  752,  503,    0,  761,  573,  146,  708,  516,  491,  899,  622,  762,  229,  141,  693,  454,  849,  794,  202,  834,  307,  271,  924,  872,  697,  732,  815,  701, 1081,  870,  876,  416,  190,  751,  640,  401,  316,  721,  689,  817,  727,  286,  834,  869,  578,  596,  857,  519,  909,  837,  475,  853, 1028,  657,  358,  328,  318,  887,  205,  740,  218,  650,  409,  791,  554,  144,  731,  602,  795, 1044,  834,  624,  587,  775,  343,  340,  311,  382,  292,  689,  413],
        [  572,    0,  358,  162,  919,  352,  698,  643,  297,  566,  153,   74,  766,  764,  412,  533,  539,  222,  343,  609,  381,  761,    0,  202,  760,  506,  597,  281,  289,  191,  233,  543,  631,  789,  751,  933,  308,  653,  773,  708,  513,  703,  405,  257,  323,  833,  154,  518,  116,  407,  346,  808,   44,  727,  361,  605,  118,  666,  335,  224,  569,  164,  173,  230,  176,  152,  806,  154,  330,  738,  170,  468,  394,  813,  555,  731,  755,  821,  397,  820,  465,  729,   30,  435,  668,   52,  644,  194,  396,  366,  849,  190,  294,  518,  423,  457,  760,  538,  877,  378],
        [  371,    0,  162,  333,  734,  382,  498,  444,  119,  370,  260,  185,  565,  566,  263,  349,  413,  355,  377,  496,  308,  573,  202,    0,  560,  395,  422,   83,  356,  183,  231,  349,  438,  636,  561,  793,  403,  493,  655,  508,  348,  628,  399,  309,  382,  701,  229,  576,  300,  402,  167,  607,  182,  569,  179,  405,  151,  526,  325,  303,  423,  267,  353,   59,   26,  335,  621,  339,  440,  551,  285,  520,  278,  615,  422,  531,  656,  620,  323,  619,  338,  535,  231,  274,  496,  190,  485,  241,  497,  464,  677,   15,  273,  386,  233,  284,  563,  337,  712,  240],
        [  224,    0,  402,  888,  255,  833,  175,  207,  502,  279,  766,  725,  113,  200,  423,  367,  577,  894,  834,  641,  570,  146,  760,  560,    0,  612,  401,  480,  851,  650,  716,  224,  152,  557,  314,  709,  847,  321,  707,  171,  334,  810,  800,  744,  791,  680,  728, 1012,  860,  804,  427,   60,  742,  509,  410,  213,  698,  567,  755,  768,  385,  805,  889,  551,  586,  875,  376,  898,  890,  337,  824,  961,  580,  213,  427,  178,  765,   77,  664,   85,  561,  270,  789,  473,  261,  738,  480,  757,  994,  894,  481,  574,  718,  432,  345,  349,  240,  232,  546,  458],
        [  399,    0,  420,  520,  858,  304,  454,  408,  289,  335,  630,  539,  542,  483,  583,  246,   50,  469,  310,  103,  684,  708,  506,  395,  612,    0,  227,  399,  365,  577,  292,  511,  579,  310,  397,  431,  786,  739,  267,  462,  614,  244,  236,  700,  774,  329,  608,  431,  528,  240,  476,  627,  464,  263,  473,  400,  389,  175,  238,  687,  712,  413,  677,  337,  407,  656,  413,  550,  818,  371,  427,  390,  118,  521,  730,  471,  261,  629,  125,  620,   67,  407,  521,  168,  711,  531,  199,  349,  473,  848,  407,  394,  243,  702,  475,  555,  453,  421,  411,  581],
        [  216,    0,  356,  664,  654,  506,  233,  195,  306,  146,  682,  602,  320,  256,  504,   84,  184,  635,  510,  241,  639,  516,  597,  422,  401,  227,    0,  381,  551,  595,  441,  360,  403,  230,  178,  399,  820,  592,  327,  240,  496,  410,  451,  720,  789,  330,  651,  655,  656,  455,  417,  408,  561,  162,  406,  201,  491,  176,  430,  722,  592,  559,  765,  374,  445,  746,  215,  687,  859,  156,  576,  611,  249,  295,  620,  247,  373,  408,  318,  398,  196,  181,  620,  164,  551,  603,   93,  497,  678,  881,  255,  428,  413,  600,  377,  450,  227,  258,  292,  516],
        [  298,    0,   80,  415,  652,  442,  427,  374,  112,  307,  315,  253,  489,  496,  204,  301,  407,  435,  438,  494,  285,  491,  281,   83,  480,  399,  381,    0,  426,  216,  294,  267,  356,  605,  503,  768,  441,  420,  646,  437,  275,  641,  447,  340,  409,  682,  280,  637,  382,  451,   96,  528,  263,  537,  104,  334,  230,  507,  377,  344,  358,  346,  422,   99,  107,  406,  568,  421,  481,  496,  364,  581,  289,  545,  363,  460,  657,  541,  350,  540,  336,  473,  310,  253,  419,  263,  455,  314,  569,  501,  632,   97,  326,  329,  152,  210,  497,  260,  673,  190],
        [  631,    0,  497,  197, 1061,   81,  734,  678,  356,  593,  440,  358,  818,  784,  619,  522,  413,  120,   71,  448,  639,  899,  289,  356,  851,  365,  551,  426,    0,  460,  137,  671,  758,  674,  728,  780,  592,  846,  597,  744,  700,  480,  158,  545,  611,  675,  441,  232,  231,  157,  520,  885,  254,  627,  529,  652,  219,  538,  128,  512,  779,  126,  416,  329,  343,  397,  761,  232,  608,  706,  123,  180,  303,  830,  777,  761,  555,  893,  243,  888,  362,  724,  281,  401,  843,  338,  556,  116,  146,  647,  769,  343,  139,  741,  573,  635,  765,  621,  775,  595],
        [  501,    0,  268,  351,  771,  509,  630,  581,  300,  519,  117,  119,  682,  701,  251,  517,  596,  410,  502,  678,  191,  622,  191,  183,  650,  577,  595,  216,  460,    0,  366,  427,  506,  814,  717,  974,  226,  485,  838,  639,  356,  804,  546,  126,  199,  883,   79,  692,  303,  549,  226,  704,  211,  747,  243,  539,  246,  708,  471,  129,  394,  341,  248,  241,  170,  238,  783,  339,  266,  711,  352,  638,  459,  749,  375,  664,  837,  719,  494,  722,  520,  685,  215,  455,  510,  142,  664,  349,  581,  286,  847,  184,  421,  339,  308,  312,  707,  455,  887,  213],
        [  498,    0,  362,  230,  924,  152,  606,  550,  219,  464,  378,  286,  688,  660,  492,  401,  333,  195,  146,  390,  530,  762,  233,  231,  716,  292,  441,  294,  137,  366,    0,  534,  622,  595,  614,  723,  537,  713,  552,  616,  568,  470,  181,  470,  542,  620,  367,  346,  237,  183,  389,  752,  190,  540,  397,  521,  125,  463,  106,  446,  650,  123,  396,  195,  222,  375,  655,  259,  562,  595,  139,  290,  198,  708,  652,  634,  527,  761,  172,  757,  267,  605,  240,  281,  708,  271,  462,   58,  282,  597,  676,  219,   61,  616,  438,  503,  644,  486,  691,  471],
        [  151,    0,  187,  681,  391,  668,  245,  218,  316,  217,  543,  504,  268,  314,  210,  288,  492,  696,  667,  573,  363,  229,  543,  349,  224,  511,  360,  267,  671,  427,  534,    0,   90,  577,  380,  745,  628,  234,  685,  252,  150,  744,  651,  524,  574,  687,  505,  858,  648,  655,  204,  278,  529,  513,  187,  182,  494,  534,  593,  547,  238,  607,  667,  350,  373,  653,  453,  687,  671,  388,  625,  804,  442,  355,  272,  275,  725,  294,  525,  297,  448,  335,  573,  347,  200,  518,  452,  567,  816,  678,  548,  363,  549,  261,  122,  136,  335,  102,  606,  242],
        [  188,    0,  276,  770,  303,  754,  235,  229,  403,  259,  622,  589,  227,  294,  272,  342,  554,  786,  752,  631,  418,  141,  631,  438,  152,  579,  403,  356,  758,  506,  622,   90,    0,  603,  383,  768,  697,  204,  728,  238,  183,  803,  733,  595,  640,  720,  584,  942,  737,  737,  288,  211,  618,  544,  272,  206,  584,  579,  677,  621,  245,  696,  749,  440,  462,  736,  455,  776,  740,  397,  715,  888,  520,  326,  285,  258,  775,  228,  603,  234,  518,  336,  661,  419,  153,  604,  494,  656,  904,  743,  556,  452,  635,  285,  208,  199,  324,  158,  618,  308],
        [  426,    0,  585,  825,  806,  609,  385,  376,  517,  362,  892,  807,  450,  364,  733,  314,  264,  778,  615,  236,  868,  693,  789,  636,  557,  310,  230,  605,  674,  814,  595,  577,  603,    0,  245,  170, 1038,  802,  176,  387,  719,  336,  536,  940, 1011,  125,  864,  704,  828,  538,  647,  541,  749,   69,  636,  400,  675,  136,  546,  938,  813,  717,  962,  582,  655,  941,  202,  853, 1075,  221,  732,  674,  401,  375,  844,  379,  253,  535,  433,  522,  330,  287,  808,  362,  755,  804,  151,  653,  773, 1099,  127,  639,  550,  826,  606,  678,  323,  476,  105,  746],
        [  237,    0,  455,  832,  561,  683,  150,  162,  454,  199,  816,  745,  206,  119,  571,  220,  350,  808,  687,  384,  720,  454,  751,  561,  314,  397,  178,  503,  728,  717,  614,  380,  383,  245,    0,  396,  941,  586,  407,  149,  529,  537,  627,  837,  901,  370,  782,  828,  820,  630,  510,  296,  718,  207,  495,  200,  652,  287,  607,  846,  614,  730,  913,  522,  586,  894,   74,  853,  982,   29,  748,  785,  426,  137,  651,  136,  475,  290,  495,  277,  373,   47,  776,  334,  533,  749,  210,  669,  855,  999,  174,  570,  590,  640,  447,  503,   78,  292,  237,  593],
        [  595,    0,  753,  949,  951,  707,  543,  540,  674,  531, 1045,  957,  598,  510,  903,  483,  395,  893,  715,  335, 1036,  849,  933,  793,  709,  431,  399,  768,  780,  974,  723,  745,  768,  170,  396,    0, 1195,  969,  189,  543,  889,  353,  629, 1100, 1172,  105, 1019,  763,  959,  631,  814,  685,  891,  238,  804,  567,  816,  269,  657, 1095,  982,  843, 1105,  737,  810, 1084,  335,  980, 1230,  375,  855,  744,  539,  511, 1014,  532,  256,  677,  553,  663,  469,  441,  949,  519,  920,  952,  315,  779,  859, 1256,  232,  795,  671,  996,  776,  847,  470,  645,  168,  915],
        [  720,    0,  488,  423,  927,  659,  847,  800,  522,  743,  160,  253,  892,  919,  426,  742,  810,  504,  650,  889,  293,  794,  308,  403,  847,  786,  820,  441,  592,  226,  537,  628,  697, 1038,  941, 1195,    0,  624, 1051,  856,  524, 1001,  713,  105,   69, 1101,  178,  816,  375,  715,  439,  904,  349,  971,  455,  758,  414,  927,  641,  100,  526,  467,  206,  458,  385,  217, 1007,  394,   44,  936,  470,  768,  668,  965,  492,  881, 1044,  920,  690,  924,  734,  908,  312,  676,  664,  267,  887,  502,  679,   63, 1073,  400,  597,  464,  516,  498,  927,  671, 1112,  389],
        [  378,    0,  353,  809,  306,  859,  438,  430,  507,  447,  596,  594,  420,  494,  241,  521,  723,  845,  855,  805,  331,  202,  653,  493,  321,  739,  592,  420,  846,  485,  713,  234,  204,  802,  586,  969,  624,    0,  918,  441,  146,  975,  854,  535,  558,  916,  561, 1053,  768,  858,  327,  376,  653,  741,  317,  403,  642,  767,  789,  571,   98,  759,  730,  518,  511,  722,  658,  806,  665,  600,  776,  998,  659,  522,  135,  460,  958,  393,  738,  404,  675,  539,  682,  572,   61,  613,  684,  733,  989,  657,  759,  507,  741,  160,  280,  211,  526,  335,  821,  276],
        [  542,    0,  648,  773,  960,  522,  532,  510,  542,  472,  897,  805,  607,  524,  808,  399,  243,  712,  531,  165,  927,  834,  773,  655,  707,  267,  327,  646,  597,  838,  552,  685,  728,  176,  407,  189, 1051,  918,    0,  536,  815,  173,  444,  962, 1036,   89,  874,  576,  787,  445,  709,  699,  730,  201,  701,  524,  655,  152,  477,  952,  913,  668,  943,  597,  669,  922,  374,  805, 1084,  380,  680,  556,  384,  542,  939,  533,   80,  695,  381,  682,  319,  443,  786,  394,  877,  798,  235,  607,  671, 1113,  301,  655,  497,  915,  686,  764,  484,  584,  262,  813],
        [  140,    0,  372,  814,  425,  714,   11,   67,  420,  152,  748,  689,   80,   64,  457,  227,  422,  805,  716,  479,  609,  307,  708,  508,  171,  462,  240,  437,  744,  639,  616,  252,  238,  387,  149,  543,  856,  441,  536,    0,  399,  645,  670,  751,  809,  510,  711,  880,  794,  674,  418,  169,  682,  338,  401,  104,  626,  399,  635,  766,  477,  720,  858,  482,  534,  841,  219,  830,  899,  169,  739,  832,  452,  110,  516,   25,  596,  169,  533,  159,  419,  103,  736,  346,  387,  697,  313,  665,  882,  910,  322,  520,  606,  509,  343,  384,   86,  186,  386,  485],
        [  297,    0,  211,  667,  415,  715,  393,  367,  366,  358,  472,  458,  405,  460,  106,  417,  604,  701,  711,  690,  238,  271,  513,  348,  334,  614,  496,  275,  700,  356,  568,  150,  183,  719,  529,  889,  524,  146,  815,  399,    0,  855,  714,  427,  464,  825,  434,  910,  627,  718,  181,  393,  511,  654,  172,  331,  497,  664,  647,  457,   99,  614,  604,  373,  366,  594,  603,  666,  568,  537,  631,  854,  526,  498,  126,  422,  848,  410,  601,  417,  549,  485,  542,  448,  156,  476,  587,  587,  843,  567,  697,  362,  598,  111,  142,   66,  484,  245,  754,  145],
        [  617,    0,  663,  670, 1064,  400,  639,  605,  529,  547,  842,  749,  722,  647,  827,  462,  253,  599,  410,  173,  924,  924,  703,  628,  810,  244,  410,  641,  480,  804,  470,  744,  803,  336,  537,  353, 1001,  975,  173,  645,  855,    0,  323,  922,  997,  260,  825,  416,  693,  323,  719,  813,  659,  338,  716,  609,  589,  251,  376,  905,  953,  573,  865,  570,  636,  844,  520,  705, 1029,  509,  581,  403,  353,  673,  973,  647,   98,  812,  312,  801,  310,  565,  710,  409,  943,  737,  334,  518,  527, 1062,  462,  624,  410,  945,  717,  797,  609,  648,  431,  824],
        [  577,    0,  503,  349, 1031,   79,  661,  608,  348,  526,  555,  464,  748,  701,  650,  444,  286,  277,   88,  303,  704,  872,  405,  399,  800,  236,  451,  447,  158,  546,  181,  651,  733,  536,  627,  629,  713,  854,  444,  670,  714,  323,    0,  649,  721,  525,  546,  212,  376,    5,  542,  826,  364,  496,  546,  590,  304,  402,   76,  624,  803,  258,  555,  352,  395,  535,  648,  384,  735,  602,  263,  162,  220,  743,  809,  683,  398,  831,  138,  824,  256,  631,  407,  328,  841,  447,  435,  212,  239,  771,  641,  389,  127,  775,  575,  648,  675,  581,  639,  634],
        [  615,    0,  384,  399,  835,  604,  742,  695,  426,  639,  110,  188,  787,  814,  325,  641,  720,  472,  595,  801,  205,  697,  257,  309,  744,  700,  720,  340,  545,  126,  470,  524,  595,  940,  837, 1100,  105,  535,  962,  751,  427,  922,  649,    0,   75, 1009,  105,  774,  349,  652,  334,  801,  292,  873,  351,  653,  346,  834,  576,   44,  438,  420,  220,  366,  293,  222,  904,  377,  148,  832,  427,  724,  582,  860,  408,  776,  959,  817,  611,  820,  644,  803,  270,  581,  571,  208,  790,  443,  649,  162,  971,  308,  528,  377,  411,  396,  822,  566, 1012,  288],
        [  675,    0,  447,  456,  862,  673,  801,  755,  499,  703,  172,  258,  841,  872,  368,  709,  794,  533,  665,  875,  230,  732,  323,  382,  791,  774,  789,  409,  611,  199,  542,  574,  640, 1011,  901, 1172,   69,  558, 1036,  809,  464,  997,  721,   75,    0, 1082,  175,  840,  406,  723,  394,  848,  361,  944,  410,  713,  418,  907,  648,  100,  460,  486,  254,  440,  367,  261,  969,  430,  108,  898,  492,  790,  656,  918,  426,  834, 1034,  865,  685,  869,  718,  866,  333,  653,  600,  276,  861,  513,  709,  104, 1039,  382,  601,  399,  467,  442,  883,  624, 1081,  333],
        [  539,    0,  674,  845,  930,  602,  508,  495,  584,  471,  950,  860,  575,  488,  829,  410,  295,  788,  611,  231,  957,  815,  833,  701,  680,  329,  330,  682,  675,  883,  620,  687,  720,  125,  370,  105, 1101,  916,   89,  510,  825,  260,  525, 1009, 1082,    0,  925,  664,  856,  527,  735,  666,  791,  177,  726,  516,  716,  176,  552, 1002,  921,  739, 1005,  644,  717,  984,  324,  876, 1136,  345,  752,  642,  440,  499,  950,  503,  164,  659,  449,  646,  370,  411,  849,  430,  872,  854,  239,  676,  755, 1163,  236,  702,  567,  929,  704,  779,  447,  585,  187,  838],
        [  572,    0,  340,  304,  849,  500,  702,  651,  348,  586,   39,   84,  756,  772,  329,  575,  632,  373,  491,  711,  252,  701,  154,  229,  728,  608,  651,  280,  441,   79,  367,  505,  584,  864,  782, 1019,  178,  561,  874,  711,  434,  825,  546,  105,  175,  925,    0,  671,  253,  548,  302,  782,  188,  798,  320,  610,  243,  751,  473,   80,  468,  316,  170,  283,  209,  162,  845,  285,  212,  774,  324,  620,  491,  820,  446,  735,  866,  796,  514,  798,  556,  752,  169,  502,  587,  104,  714,  339,  548,  240,  905,  225,  426,  411,  384,  391,  776,  528,  941,  290],
        [  789,    0,  700,  399, 1241,  196,  871,  819,  548,  737,  669,  589,  959,  908,  837,  654,  479,  315,  200,  471,  868, 1081,  518,  576, 1012,  431,  655,  637,  232,  692,  346,  858,  942,  704,  828,  763,  816, 1053,  576,  880,  910,  416,  212,  774,  840,  664,  671,    0,  444,  208,  732, 1037,  485,  676,  739,  802,  449,  577,  266,  741,  994,  355,  627,  539,  566,  610,  842,  432,  828,  802,  349,   56,  432,  949,  997,  892,  511, 1042,  349, 1035,  463,  836,  508,  540, 1043,  568,  626,  344,  155,  868,  820,  564,  313,  961,  775,  844,  881,  792,  808,  816],
        [  661,    0,  461,   51, 1029,  308,  784,  727,  375,  647,  239,  185,  857,  847,  527,  601,  568,  130,  298,  626,  494,  870,  116,  300,  860,  528,  656,  382,  231,  303,  237,  648,  737,  828,  820,  959,  375,  768,  787,  794,  627,  693,  376,  349,  406,  856,  253,  444,    0,  377,  456,  905,  120,  771,  470,  692,  170,  698,  318,  309,  684,  121,  186,  314,  276,  168,  870,   40,  385,  805,  114,  399,  428,  896,  670,  815,  758,  917,  407,  915,  499,  803,   89,  492,  781,  162,  690,  181,  305,  425,  902,  287,  291,  634,  530,  569,  838,  633,  922,  493],
        [  582,    0,  507,  349, 1035,   78,  665,  613,  352,  530,  557,  466,  752,  705,  654,  448,  289,  277,   87,  305,  707,  876,  407,  402,  804,  240,  455,  451,  157,  549,  183,  655,  737,  538,  630,  631,  715,  858,  445,  674,  718,  323,    5,  652,  723,  527,  548,  208,  377,    0,  546,  830,  366,  499,  550,  594,  307,  405,   79,  626,  807,  259,  556,  356,  399,  536,  652,  385,  736,  606,  264,  158,  225,  747,  813,  687,  400,  835,  142,  828,  260,  635,  408,  333,  845,  450,  438,  213,  236,  773,  644,  392,  130,  779,  579,  652,  679,  586,  642,  637],
        [  282,    0,   62,  493,  574,  537,  409,  362,  199,  312,  340,  301,  456,  480,  111,  334,  477,  521,  533,  564,  222,  416,  346,  167,  427,  476,  417,   96,  520,  226,  389,  204,  288,  647,  510,  814,  439,  327,  709,  418,  181,  719,  542,  334,  394,  735,  302,  732,  456,  546,    0,  480,  338,  578,   18,  320,  317,  563,  472,  351,  263,  434,  463,  194,  187,  450,  580,  495,  482,  508,  451,  677,  373,  527,  268,  442,  727,  494,  440,  496,  411,  473,  376,  318,  330,  317,  500,  407,  662,  494,  656,  182,  422,  235,   82,  117,  490,  232,  704,  106],
        [  255,    0,  452,  932,  266,  863,  175,  220,  542,  300,  820,  776,   92,  178,  481,  385,  589,  934,  864,  647,  628,  190,  808,  607,   60,  627,  408,  528,  885,  704,  752,  278,  211,  541,  296,  685,  904,  376,  699,  169,  393,  813,  826,  801,  848,  666,  782, 1037,  905,  830,  480,    0,  788,  499,  463,  236,  742,  566,  784,  824,  443,  846,  942,  594,  633,  927,  351,  943,  948,  321,  865,  987,  606,  178,  485,  167,  762,   18,  689,   29,  580,  257,  837,  498,  316,  788,  480,  796, 1027,  952,  455,  621,  750,  491,  398,  407,  219,  273,  520,  516],
        [  547,    0,  342,  157,  910,  313,  672,  616,  266,  537,  192,  104,  742,  736,  414,  499,  497,  201,  305,  566,  399,  751,   44,  182,  742,  464,  561,  263,  254,  211,  190,  529,  618,  749,  718,  891,  349,  653,  730,  682,  511,  659,  364,  292,  361,  791,  188,  485,  120,  366,  338,  788,    0,  688,  352,  579,   75,  624,  293,  262,  573,  131,  215,  201,  157,  194,  771,  159,  372,  704,  142,  433,  352,  785,  562,  704,  711,  800,  353,  799,  423,  697,   60,  398,  664,   85,  605,  154,  370,  408,  812,  168,  251,  525,  411,  452,  730,  516,  838,  382],
        [  364,    0,  517,  770,  761,  566,  335,  319,  450,  297,  827,  742,  407,  323,  666,  246,  215,  727,  572,  207,  800,  640,  727,  569,  509,  263,  162,  537,  627,  747,  540,  513,  544,   69,  207,  238,  971,  741,  201,  338,  654,  338,  496,  873,  944,  177,  798,  676,  771,  499,  578,  499,  688,    0,  568,  340,  615,  100,  499,  871,  748,  662,  899,  516,  589,  878,  183,  797, 1008,  179,  678,  642,  343,  342,  779,  333,  269,  494,  384,  482,  273,  243,  747,  297,  696,  740,   85,  598,  734, 1032,  145,  573,  498,  760,  539,  611,  283,  412,  152,  678],
        [  266,    0,   54,  507,  559,  544,  392,  346,  201,  298,  357,  318,  439,  464,  112,  323,  472,  533,  540,  559,  233,  401,  361,  179,  410,  473,  406,  104,  529,  243,  397,  187,  272,  636,  495,  804,  455,  317,  701,  401,  172,  716,  546,  351,  410,  726,  320,  739,  470,  550,   18,  463,  352,  568,    0,  304,  329,  555,  477,  368,  257,  445,  480,  202,  199,  466,  565,  509,  498,  494,  463,  683,  372,  510,  266,  426,  722,  477,  441,  479,  407,  458,  391,  312,  318,  333,  490,  416,  672,  510,  643,  193,  428,  234,   66,  107,  474,  216,  691,  113],
        [   39,    0,  272,  713,  459,  628,   94,   43,  319,   66,  646,  585,  168,  163,  372,  155,  368,  707,  629,  437,  522,  316,  605,  405,  213,  400,  201,  334,  652,  539,  521,  182,  206,  400,  200,  567,  758,  403,  524,  104,  331,  609,  590,  653,  713,  516,  610,  802,  692,  594,  320,  236,  579,  340,  304,    0,  524,  376,  548,  667,  419,  621,  755,  379,  431,  738,  274,  728,  800,  207,  640,  751,  370,  212,  454,  127,  574,  243,  453,  237,  348,  158,  633,  262,  356,  594,  290,  567,  793,  814,  366,  416,  516,  441,  251,  303,  170,   93,  425,  396],
        [  494,    0,  309,  191,  882,  264,  616,  559,  206,  478,  255,  162,  690,  678,  408,  433,  422,  205,  257,  491,  420,  721,  118,  151,  698,  389,  491,  230,  219,  246,  125,  494,  584,  675,  652,  816,  414,  642,  655,  626,  497,  589,  304,  346,  418,  716,  243,  449,  170,  307,  317,  742,   75,  615,  329,  524,    0,  550,  230,  321,  569,  117,  289,  148,  131,  268,  703,  205,  440,  637,  135,  395,  278,  727,  564,  647,  638,  753,  280,  751,  349,  634,  134,  328,  646,  149,  532,  105,  353,  475,  740,  136,  184,  527,  382,  434,  669,  469,  765,  380],
        [  392,    0,  502,  692,  822,  474,  394,  365,  408,  321,  777,  689,  474,  397,  660,  248,  131,  643,  481,  108,  783,  689,  666,  526,  567,  175,  176,  507,  538,  708,  463,  534,  579,  136,  287,  269,  927,  767,  152,  399,  664,  251,  402,  834,  907,  176,  751,  577,  698,  405,  563,  566,  624,  100,  555,  376,  550,    0,  411,  827,  761,  585,  838,  469,  543,  817,  277,  722,  962,  259,  599,  544,  273,  424,  788,  399,  199,  564,  299,  552,  202,  315,  683,  255,  727,  684,   88,  520,  640,  989,  243,  528,  416,  765,  537,  614,  359,  433,  238,  667],
        [  532,    0,  437,  298,  978,   80,  625,  571,  283,  486,  483,  391,  711,  671,  580,  410,  285,  236,   82,  323,  630,  817,  335,  325,  755,  238,  430,  377,  128,  471,  106,  593,  677,  546,  607,  657,  641,  789,  477,  635,  647,  376,   76,  576,  648,  552,  473,  266,  318,   79,  472,  784,  293,  499,  477,  548,  230,  411,    0,  551,  734,  198,  491,  280,  321,  470,  637,  332,  665,  585,  207,  211,  184,  716,  739,  650,  442,  791,  116,  785,  237,  606,  339,  289,  778,  376,  430,  144,  249,  701,  642,  315,   52,  705,  510,  581,  649,  530,  648,  562],
        [  629,    0,  396,  360,  869,  575,  757,  709,  422,  648,   73,  160,  806,  828,  354,  644,  710,  435,  566,  790,  244,  727,  224,  303,  768,  687,  722,  344,  512,  129,  446,  547,  621,  938,  846, 1095,  100,  571,  952,  766,  457,  905,  624,   44,  100, 1002,   80,  741,  309,  626,  351,  824,  262,  871,  368,  667,  321,  827,  551,    0,  475,  387,  177,  359,  285,  178,  911,  336,  138,  840,  393,  691,  569,  876,  447,  791,  946,  840,  594,  843,  634,  814,  234,  577,  605,  177,  788,  415,  611,  162,  975,  300,  505,  414,  430,  423,  835,  582, 1013,  316],
        [  388,    0,  302,  728,  403,  799,  473,  453,  456,  452,  502,  506,  471,  536,  161,  514,  702,  769,  795,  788,  234,  286,  569,  423,  385,  712,  592,  358,  779,  394,  650,  238,  245,  813,  614,  982,  526,   98,  913,  477,   99,  953,  803,  438,  460,  921,  468,  994,  684,  807,  263,  443,  573,  748,  257,  419,  569,  761,  734,  475,    0,  684,  636,  456,  439,  629,  688,  722,  568,  624,  701,  939,  621,  570,   43,  499,  946,  460,  695,  469,  646,  569,  597,  545,  144,  527,  684,  664,  919,  560,  785,  437,  684,   62,  238,  159,  563,  337,  843,  191],
        [  594,    0,  423,  108,  996,  194,  710,  653,  305,  569,  315,  234,  788,  768,  524,  513,  455,   90,  185,  509,  525,  834,  164,  267,  805,  413,  559,  346,  126,  341,  123,  607,  696,  717,  730,  843,  467,  759,  668,  720,  614,  573,  258,  420,  486,  739,  316,  355,  121,  259,  434,  846,  131,  662,  445,  621,  117,  585,  198,  387,  684,    0,  298,  257,  248,  278,  773,  138,  484,  711,   19,  304,  320,  816,  678,  740,  638,  856,  290,  853,  389,  717,  156,  397,  763,  213,  584,   65,  242,  523,  797,  253,  172,  641,  498,  550,  755,  574,  814,  495],
