{
    "name": "random-19-2374",
    "comment": "size=19 seed=2374",
    "nodes": ["+0", "-0", "+1", "-1", "+2", "-2", "+3", "-3", "+4", "-4", "+5", "-5", "+6", "-6", "+7", "-7", "+8", "-8", "+9", "-9", "+10", "-10", "+11", "-11", "+12", "-12", "+13", "-13", "+14", "-14", "+15", "-15", "+16", "-16", "+17", "-17", "+18", "-18", "+19", "-19"],
    "precedence": {
        "+0": "-0",
        "+1": "-1",
        "+2": "-2",
        "+3": "-3",
        "+4": "-4",
        "+5": "-5",
        "+6": "-6",
        "+7": "-7",
        "+8": "-8",
        "+9": "-9",
        "+10": "-10",
        "+11": "-11",
        "+12": "-12",
        "+13": "-13",
        "+14": "-14",
        "+15": "-15",
        "+16": "-16",
        "+17": "-17",
        "+18": "-18",
        "+19": "-19"
    },
    "edges": [
        [    0,    0, 1051,  274,  598,  698,  798,  616,  325,  586,  752,  199,  559,  589,  476,  747,  432,  504,  207,  158,  400,  718,  696,  406,  134,  427,   83,  491,  297,  187,  377,   94,  704,  714,  793,  216,  482,  614,  145,  229],
        [    0,    0, 1051,  274,  598,  698,  798,  616,  325,  586,  752,  199,  559,  589,  476,  747,  432,  504,  207,  158,  400,  718,  696,  406,  134,  427,   83,  491,  297,  187,  377,   94,  704,  714,  793,  216,  482,  614,  145,  229],
        [ 1051, 1051,    0, 1081,  846,  779,  303,  611, 1120,  467,  365, 1025,  785,  974,  636,  446,  670,  653, 1142, 1146,  651,  381,  601,  726, 1174,  624, 1133,  624,  824, 1227,  959, 1045,  349,  467,  269,  926,  577,  540, 1143,  924],
        [  274,  274, 1081,    0,  407,  917,  790,  789,   57,  657,  733,   90,  400,  845,  629,  692,  411,  675,  473,  171,  485,  817,  589,  356,  353,  495,  291,  643,  502,  384,  636,  181,  763,  660,  812,  458,  517,  563,  184,  472],
        [  598,  598,  846,  407,    0, 1005,  547,  816,  408,  563,  486,  423,   77, 1026,  666,  402,  322,  725,  799,  565,  491,  722,  252,  281,  717,  472,  653,  674,  658,  761,  848,  519,  622,  380,  601,  680,  435,  323,  574,  691],
        [  698,  698,  779,  917, 1005,    0,  733,  210,  973,  499,  741,  828,  931,  231,  339,  820,  683,  280,  634,  855,  515,  434,  903,  727,  750,  534,  753,  333,  416,  785,  359,  763,  538,  803,  667,  483,  581,  762,  842,  471],
        [  798,  798,  303,  790,  547,  733,    0,  528,  826,  267,   62,  742,  483,  874,  472,  154,  385,  513,  923,  873,  413,  308,  309,  436,  928,  380,  880,  466,  624,  981,  796,  776,  196,  168,   78,  715,  318,  238,  872,  717],
        [  616,  616,  611,  789,  816,  210,  528,    0,  844,  290,  532,  703,  741,  365,  163,  610,  496,  115,  616,  762,  335,  240,  697,  546,  701,  347,  686,  151,  321,  746,  374,  660,  333,  594,  465,  418,  384,  556,  751,  409],
        [  325,  325, 1120,   57,  408,  973,  826,  844,    0,  704,  767,  146,  411,  901,  683,  720,  452,  730,  519,  205,  536,  865,  608,  394,  392,  544,  334,  697,  559,  419,  690,  233,  808,  689,  851,  514,  563,  594,  219,  528],
        [  586,  586,  467,  657,  563,  499,  267,  290,  704,    0,  254,  586,  487,  613,  206,  323,  269,  251,  680,  693,  187,  167,  411,  330,  708,  166,  669,  201,  367,  760,  531,  589,  118,  305,  228,  465,  145,  272,  688,  465],
        [  752,  752,  365,  733,  486,  741,   62,  532,  767,  254,    0,  687,  422,  867,  459,  101,  331,  504,  886,  821,  378,  329,  251,  380,  884,  344,  833,  454,  596,  937,  775,  726,  211,  110,  124,  682,  277,  177,  820,  685],
        [  199,  199, 1025,   90,  423,  828,  742,  703,  146,  586,  687,    0,  400,  757,  544,  656,  358,  588,  404,  147,  409,  743,  570,  309,  300,  422,  235,  558,  413,  340,  549,  107,  697,  624,  757,  370,  452,  524,  153,  384],
        [  559,  559,  785,  400,   77,  931,  483,  741,  411,  487,  422,  400,    0,  958,  592,  345,  248,  651,  755,  545,  417,  646,  206,  211,  684,  397,  621,  599,  593,  731,  786,  488,  548,  320,  534,  622,  359,  253,  552,  632],
        [  589,  589,  974,  845, 1026,  231,  874,  365,  901,  613,  867,  757,  958,    0,  412,  929,  719,  363,  468,  745,  555,  604,  979,  748,  603,  585,  624,  414,  371,  628,  212,  672,  686,  906,  819,  388,  648,  843,  730,  374],
        [  476,  476,  636,  629,  666,  339,  472,  163,  683,  206,  459,  544,  592,  412,    0,  517,  344,   60,  517,  614,  177,  263,  576,  390,  577,  195,  552,   15,  197,  625,  329,  510,  301,  495,  428,  302,  246,  436,  604,  297],
        [  747,  747,  446,  692,  402,  820,  154,  610,  720,  323,  101,  656,  345,  929,  517,    0,  315,  568,  899,  797,  406,  422,  156,  351,  881,  371,  826,  515,  629,  933,  818,  709,  304,   34,  224,  706,  301,  134,  798,  711],
        [  432,  432,  670,  411,  322,  683,  385,  496,  452,  269,  331,  358,  248,  719,  344,  315,    0,  403,  593,  490,  170,  436,  284,   62,  566,  150,  511,  352,  365,  618,  562,  397,  361,  282,  402,  418,  126,  183,  490,  425],
        [  504,  504,  653,  675,  725,  280,  513,  115,  730,  251,  504,  588,  651,  363,   60,  568,  403,    0,  521,  648,  236,  273,  633,  449,  595,  255,  576,   55,  212,  641,  307,  546,  332,  547,  463,  313,  305,  493,  637,  306],
        [  207,  207, 1142,  473,  799,  634,  923,  616,  519,  680,  886,  404,  755,  468,  517,  899,  593,  521,    0,  324,  510,  778,  872,  581,  145,  544,  189,  530,  321,  161,  276,  298,  795,  868,  904,  217,  609,  773,  308,  220],
        [  158,  158, 1146,  171,  565,  855,  873,  762,  205,  693,  821,  147,  545,  745,  614,  797,  490,  648,  324,    0,  508,  839,  716,  447,  189,  528,  135,  628,  447,  215,  534,  106,  808,  764,  881,  373,  570,  664,   16,  386],
        [  400,  400,  651,  485,  491,  515,  413,  335,  536,  187,  378,  409,  417,  555,  177,  406,  170,  236,  510,  508,    0,  335,  427,  214,  524,   36,  483,  186,  224,  577,  416,  403,  305,  377,  398,  304,  106,  297,  502,  307],
        [  718,  718,  381,  817,  722,  434,  308,  240,  865,  167,  329,  743,  646,  604,  263,  422,  436,  273,  778,  839,  335,    0,  543,  496,  830,  322,  798,  250,  458,  880,  579,  734,  119,  415,  236,  563,  311,  413,  833,  559],
        [  696,  696,  601,  589,  252,  903,  309,  697,  608,  411,  251,  570,  206,  979,  576,  156,  284,  633,  872,  716,  427,  543,    0,  292,  828,  396,  768,  578,  643,  879,  839,  641,  429,  142,  374,  701,  332,  141,  721,  708],
        [  406,  406,  726,  356,  281,  727,  436,  546,  394,  330,  380,  309,  211,  748,  390,  351,   62,  449,  581,  447,  214,  496,  292,    0,  539,  200,  481,  399,  384,  591,  579,  360,  422,  318,  458,  422,  186,  217,  448,  432],
        [  134,  134, 1174,  353,  717,  750,  928,  701,  392,  708,  884,  300,  684,  603,  577,  881,  566,  595,  145,  189,  524,  830,  828,  539,    0,  554,   65,  591,  384,   54,  400,  199,  826,  848,  920,  284,  611,  748,  174,  293],
        [  427,  427,  624,  495,  472,  534,  380,  347,  544,  166,  344,  422,  397,  585,  195,  371,  150,  255,  544,  528,   36,  322,  396,  200,  554,    0,  510,  202,  259,  607,  450,  425,  281,  343,  367,  339,   71,  264,  524,  342],
        [   83,   83, 1133,  291,  653,  753,  880,  686,  334,  669,  833,  235,  621,  624,  552,  826,  511,  576,  189,  135,  483,  798,  768,  481,   65,  510,    0,  567,  366,  111,  415,  134,  786,  793,  876,  274,  564,  693,  120,  286],
        [  491,  491,  624,  643,  674,  333,  466,  151,  697,  201,  454,  558,  599,  414,   15,  515,  352,   55,  530,  628,  186,  250,  578,  399,  591,  202,  567,    0,  211,  640,  339,  524,  292,  494,  420,  316,  250,  438,  619,  311],
        [  297,  297,  824,  502,  658,  416,  624,  321,  559,  367,  596,  413,  593,  371,  197,  629,  365,  212,  321,  447,  224,  458,  643,  384,  384,  259,  366,  211,    0,  431,  198,  351,  478,  601,  594,  105,  329,  518,  436,  101],
        [  187,  187, 1227,  384,  761,  785,  981,  746,  419,  760,  937,  340,  731,  628,  625,  933,  618,  641,  161,  215,  577,  880,  879,  591,   54,  607,  111,  640,  431,    0,  431,  244,  878,  900,  974,  329,  665,  801,  201,  337],
        [  377,  377,  959,  636,  848,  359,  796,  374,  690,  531,  775,  549,  786,  212,  329,  818,  562,  307,  276,  534,  416,  579,  839,  579,  400,  450,  415,  339,  198,  431,    0,  460,  630,  791,  756,  181,  519,  712,  519,  167],
        [   94,   94, 1045,  181,  519,  763,  776,  660,  233,  589,  726,  107,  488,  672,  510,  709,  397,  546,  298,  106,  403,  734,  641,  360,  199,  425,  134,  524,  351,  244,  460,    0,  705,  676,  781,  288,  469,  575,  100,  302],
        [  704,  704,  349,  763,  622,  538,  196,  333,  808,  118,  211,  697,  548,  686,  301,  304,  361,  332,  795,  808,  305,  119,  429,  422,  826,  281,  786,  292,  478,  878,  630,  705,    0,  298,  133,  579,  246,  304,  804,  578],
        [  714,  714,  467,  660,  380,  803,  168,  594,  689,  305,  110,  624,  320,  906,  495,   34,  282,  547,  868,  764,  377,  415,  142,  318,  848,  343,  793,  494,  601,  900,  791,  676,  298,    0,  232,  676,  272,  101,  765,  681],
        [  793,  793,  269,  812,  601,  667,   78,  465,  851,  228,  124,  757,  534,  819,  428,  224,  402,  463,  904,  881,  398,  236,  374,  458,  920,  367,  876,  420,  594,  974,  756,  781,  133,  232,    0,  691,  313,  282,  879,  691],
        [  216,  216,  926,  458,  680,  483,  715,  418,  514,  465,  682,  370,  622,  388,  302,  706,  418,  313,  217,  373,  304,  563,  701,  422,  284,  339,  274,  316,  105,  329,  181,  288,  579,  676,  691,    0,  408,  587,  360,   14],
        [  482,  482,  577,  517,  435,  581,  318,  384,  563,  145,  277,  452,  359,  648,  246,  301,  126,  305,  609,  570,  106,  311,  332,  186,  611,   71,  564,  250,  329,  665,  519,  469,  246,  272,  313,  408,    0,  196,  567,  412],
        [  614,  614,  540,  563,  323,  762,  238,  556,  594,  272,  177,  524,  253,  843,  436,  134,  183,  493,  773,  664,  297,  413,  141,  217,  748,  264,  693,  438,  518,  801,  712,  575,  304,  101,  282,  587,  196,    0,  665,  592],
        [  145,  145, 1143,  184,  574,  842,  872,  751,  219,  688,  820,  153,  552,  730,  604,  798,  490,  637,  308,   16,  502,  833,  721,  448,  174,  524,  120,  619,  436,  201,  519,  100,  804,  765,  879,  360,  567,  665,    0,  373],
        [  229,  229,  924,  472,  691,  471,  717,  409,  528,  465,  685,  384,  632,  374,  297,  711,  425,  306,  220,  386,  307,  559,  708,  432,  293,  342,  286,  311,  101,  337,  167,  302,  578,  681,  691,   14,  412,  592,  373,    0]
    ]
}
