{
    "name": "random-82-5491",
    "comment": "size=82 seed=5491",
    "nodes": ["+0", "-0", "+1", "-1", "+2", "-2", "+3", "-3", "+4", "-4", "+5", "-5", "+6", "-6", "+7", "-7", "+8", "-8", "+9", "-9", "+10", "-10", "+11", "-11", "+12", "-12", "+13", "-13", "+14", "-14", "+15", "-15", "+16", "-16", "+17", "-17", "+18", "-18", "+19", "-19", "+20", "-20", "+21", "-21", "+22", "-22", "+23", "-23", "+24", "-24", "+25", "-25", "+26", "-26", "+27", "-27", "+28", "-28", "+29", "-29", "+30", "-30", "+31", "-31", "+32", "-32", "+33", "-33", "+34", "-34", "+35", "-35", "+36", "-36", "+37", "-37", "+38", "-38", "+39", "-39", "+40", "-40", "+41", "-41", "+42", "-42", "+43", "-43", "+44", "-44", "+45", "-45", "+46", "-46", "+47", "-47", "+48", "-48", "+49", "-49", "+50", "-50", "+51", "-51", "+52", "-52", "+53", "-53", "+54", "-54", "+55", "-55", "+56", "-56", "+57", "-57", "+58", "-58", "+59", "-59", "+60", "-60", "+61", "-61", "+62", "-62", "+63", "-63", "+64", "-64", "+65", "-65", "+66", "-66", "+67", "-67", "+68", "-68", "+69", "-69", "+70", "-70", "+71", "-71", "+72", "-72", "+73", "-73", "+74", "-74", "+75", "-75", "+76", "-76", "+77", "-77", "+78", "-78", "+79", "-79", "+80", "-80", "+81", "-81", "+82", "-82"],
    "precedence": {
        "+0": "-0",
        "+1": "-1",
        "+2": "-2",
        "+3": "-3",
        "+4": "-4",
        "+5": "-5",
        "+6": "-6",
        "+7": "-7",
        "+8": "-8",
        "+9": "-9",
        "+10": "-10",
        "+11": "-11",
        "+12": "-12",
        "+13": "-13",
        "+14": "-14",
        "+15": "-15",
        "+16": "-16",
        "+17": "-17",
        "+18": "-18",
        "+19": "-19",
        "+20": "-20",
        "+21": "-21",
        "+22": "-22",
        "+23": "-23",
        "+24": "-24",
        "+25": "-25",
        "+26": "-26",
        "+27": "-27",
        "+28": "-28",
        "+29": "-29",
        "+30": "-30",
        "+31": "-31",
        "+32": "-32",
        "+33": "-33",
        "+34": "-34",
        "+35": "-35",
        "+36": "-36",
        "+37": "-37",
        "+38": "-38",
        "+39": "-39",
        "+40": "-40",
        "+41": "-41",
        "+42": "-42",
        "+43": "-43",
        "+44": "-44",
        "+45": "-45",
        "+46": "-46",
        "+47": "-47",
        "+48": "-48",
        "+49": "-49",
        "+50": "-50",
        "+51": "-51",
        "+52": "-52",
        "+53": "-53",
        "+54": "-54",
        "+55": "-55",
        "+56": "-56",
        "+57": "-57",
        "+58": "-58",
        "+59": "-59",
        "+60": "-60",
        "+61": "-61",
        "+62": "-62",
        "+63": "-63",
        "+64": "-64",
        "+65": "-65",
        "+66": "-66",
        "+67": "-67",
        "+68": "-68",
        "+69": "-69",
        "+70": "-70",
        "+71": "-71",
        "+72": "-72",
        "+73": "-73",
        "+74": "-74",
        "+75": "-75",
        "+76": "-76",
        "+77": "-77",
        "+78": "-78",
        "+79": "-79",
        "+80": "-80",
        "+81": "-81",
        "+82": "-82"
    },
    "edges": [
        [    0,    0,  738,  607,  875,  660,  753,  419,  653,  281,  613,  654,  789,  703,  787, 1013,  772,  786,  424,  733,  348,  961,  777,  115,  461,  684,   80,  171,  513,  476,  926, 1052,  258,  204,  934,  479,  529,  700,  320,  383,  623,  375,  690,  279,  671,   91,  693,  669,  281,  696,  190,  106,  369,  696,  207,  498,  549,  701,  110,  239,  661,  530, 1003,  158,  551,  920,  820,  171,  754,  385,  755,  868,  123,  643,  602,  782,  789,  135,  364,  151,  805,  326,  806,  309,  440,  116,  735,  703,  534,  659,  220,  120,  807,  363,  495, 1047,  770,  589,  607,  599,  537,  662,  758,   69,  429,  457,  824,  791,  388,  493,  721,  352,  139,  382,  431,   95,  712,  775,  764,  733,  453, 1045,  408,  538,  120,  591,  337,  215,  618,  791,  662,  558,  810,  743,  726,  115,  490,  341,  976,  530,   93,  849,  837,  620,  887,  195,  466,  243,  367,  851,  345,  787,  274,  623,  200,  654,  744,  110,  178,  622,  864,  545,  704,  490,  437,  997],
        [    0,    0,    0,    0,    0,    0,    0,    0,    0,    0,    0,    0,    0,    0,    0,    0,    0,    0,    0,    0,    0,    0,    0,    0,    0,    0,    0,    0,    0,    0,    0,    0,    0,    0,    0,    0,    0,    0,    0,    0,    0,    0,    0,    0,    0,    0,    0,    0,    0,    0,    0,    0,    0,    0,    0,    0,    0,    0,    0,    0,    0,    0,    0,    0,    0,    0,    0,    0,    0,    0,    0,    0,    0,    0,    0,    0,    0,    0,    0,    0,    0,    0,    0,    0,    0,    0,    0,    0,    0,    0,    0,    0,    0,    0,    0,    0,    0,    0,    0,    0,    0,    0,    0,    0,    0,    0,    0,    0,    0,    0,    0,    0,    0,    0,    0,    0,    0,    0,    0,    0,    0,    0,    0,    0,    0,    0,    0,    0,    0,    0,    0,    0,    0,    0,    0,    0,    0,    0,    0,    0,    0,    0,    0,    0,    0,    0,    0,    0,    0,    0,    0,    0,    0,    0,    0,    0,    0,    0,    0,    0,    0,    0,    0,    0,    0,    0],
        [  738,    0,    0,  132,  742,  101,  957,  378,  227,  887,  998,  638,  994,  377,  820,  767,   92,   59,  854, 1024,  564,  528,  696,  657,  952, 1116,  691,  629,  906,  383,  700,  807,  776,  790,  818,  905,  721,   91,  715,  682, 1091,  659,  467,  545,  606,  720,   53,  623,  543,  711,  604,  747,  369,   80,  839,  469,  667,  992,  662,  874,  765,  255,  685,  731,  399,  487,  336,  572,  797,  618,  256,  148,  849, 1088,  204,  193,  839,  781,  379,  616,  321,  926,  419,  525,  383,  766,  771,   96,  303,  744,  862,  618,  171,  953,  544,  763,  220, 1006,  230, 1077,  204, 1023,  555,  794,  736,  294,  817,  821,  588,  285,  749,  924,  869,  361,  563,  803,   62,  171,  282,  362,  396,  802,  701,  406,  808,  361,  902,  573,  246,  398,  486,  578,  911,  918, 1003,  778,  632,  438,  571,  649,  681,  570,  336,  585,  362,  827,  272,  858,  681,  417,  691,  906,  683,  394,  613,  100,  980,  694,  689,  374,  177,  349,  715,  324,  306,  662],
        [  607,    0,  132,    0,  706,   85,  873,  267,  188,  760,  892,  568,  912,  346,  756,  757,  187,  181,  739,  930,  447,  552,  644,  528,  834, 1008,  560,  503,  796,  279,  681,  799,  651,  662,  783,  792,  625,  113,  595,  569,  979,  545,  421,  419,  542,  591,   88,  557,  425,  642,  474,  617,  238,  103,  715,  375,  576,  897,  531,  745,  685,  148,  688,  606,  317,  508,  356,  441,  730,  505,  266,  271,  718,  978,  146,  237,  773,  651,  248,  488,  339,  800,  416,  401,  281,  639,  703,  131,  209,  665,  733,  488,  240,  828,  449,  762,  248,  897,  164,  963,   74,  921,  516,  663,  626,  173,  760,  758,  476,  181,  681,  799,  738,  230,  457,  672,  113,  220,  291,  343,  288,  794,  590,  321,  677,  292,  777,  449,  186,  394,  431,  493,  840,  837,  911,  650,  534,  312,  590,  556,  552,  553,  363,  512,  402,  702,  142,  735,  566,  430,  574,  832,  560,  333,  489,   73,  892,  564,  560,  315,  277,  263,  647,  228,  178,  668],
        [  875,    0,  742,  706,    0,  781,  384,  865,  524,  772,  575,  222,  400,  366,  182,  161,  834,  727,  592,  493,  532,  345,  100,  894,  668,  674,  796,  917,  559,  499,  106,  189,  680,  741,   78,  592,  380,  654,  583,  509,  698,  509,  286,  614,  210,  934,  705,  208,  927,  194,  693,  794,  720,  667, 1078,  416,  336,  481,  768,  797,  269,  585,  220,  993,  419,  348,  440,  759,  194,  492,  495,  857,  904,  674,  847,  571,  202,  795,  688,  877,  448,  776,  341,  588,  897,  980,  190,  815,  522,  255,  802,  810,  611,  773,  388,  210,  537,  610,  543,  702,  683,  560,  190,  877,  490,  777,  140,  180,  488,  826,  189,  744,  924,  684,  447,  860,  682,  591,  471,  382,  512,  184,  492,  424,  838,  423,  732,  895,  520,  358,  281,  321,  270,  344,  471,  984,  388,  617,  312,  351,  900,  192,  451,  261,  463, 1064,  700, 1112,  524,  370,  549,  286,  613,  377,  927,  769,  423,  767,  703,  394,  668,  466,  187,  876,  748,  235],
        [  660,    0,  101,   85,  781,    0,  957,  281,  258,  831,  975,  650,  996,  417,  837,  823,  114,  159,  819, 1015,  527,  602,  723,  571,  913, 1090,  620,  540,  878,  363,  750,  864,  725,  731,  857,  872,  709,  145,  673,  650, 1060,  626,  497,  493,  623,  634,   93,  638,  449,  724,  542,  679,  295,  130,  748,  459,  660,  982,  593,  813,  769,  232,  748,  641,  400,  559,  405,  498,  812,  587,  318,  209,  775, 1060,  105,  271,  855,  714,  312,  530,  389,  872,  476,  477,  284,  679,  785,   49,  293,  749,  800,  541,  260,  901,  533,  824,  291,  979,  241, 1044,  149, 1004,  591,  719,  708,  206,  840,  840,  558,  188,  763,  873,  794,  294,  540,  731,  126,  250,  344,  409,  371,  859,  672,  404,  739,  372,  851,  484,  263,  454,  510,  577,  923,  921,  995,  691,  618,  386,  642,  641,  596,  621,  409,  594,  442,  736,  204,  765,  647,  483,  653,  915,  636,  413,  522,   12,  977,  627,  629,  393,  276,  347,  729,  224,  224,  727],
        [  753,    0,  957,  873,  384,  957,    0,  926,  733,  542,  226,  327,   41,  613,  203,  534, 1043,  963,  346,  111,  496,  708,  335,  818,  373,  301,  684,  861,  269,  598,  489,  549,  500,  562,  377,  310,  264,  868,  436,  391,  339,  409,  520,  578,  368,  835,  908,  349,  917,  264,  620,  649,  775,  877,  956,  499,  299,  107,  668,  581,  193,  726,  603,  903,  560,  697,  737,  709,  201,  427,  756, 1096,  728,  309,  987,  832,  182,  632,  740,  820,  738,  524,  646,  568,  961,  868,  218, 1001,  665,  216,  594,  740,  875,  506,  427,  585,  799,  267,  727,  350,  821,  193,  471,  724,  331,  868,  245,  205,  446,  925,  234,  487,  742,  745,  439,  698,  897,  846,  739,  645,  596,  545,  361,  554,  669,  596,  484,  863,  711,  653,  488,  381,  124,   44,   90,  867,  351,  645,  683,  320,  814,  537,  753,  375,  783,  945,  803,  991,  405,  690,  420,  102,  489,  568,  881,  945,   40,  649,  581,  587,  943,  612,  263,  964,  833,  618],
        [  419,    0,  378,  267,  865,  281,  926,    0,  415,  646,  878,  679,  967,  547,  863,  952,  381,  435,  695,  955,  434,  790,  784,  314,  775,  981,  402,  272,  773,  368,  868,  995,  560,  544,  940,  755,  662,  380,  544,  553,  936,  531,  593,  361,  668,  373,  349,  678,  171,  748,  364,  468,  154,  370,  473,  461,  636,  920,  384,  617,  762,  299,  901,  368,  447,  744,  601,  288,  832,  504,  514,  480,  541,  945,  196,  500,  876,  507,  189,  273,  584,  691,  639,  363,   35,  412,  806,  313,  353,  748,  601,  310,  506,  726,  517,  968,  506,  871,  372,  916,  227,  918,  689,  485,  618,  102,  882,  866,  482,   93,  785,  703,  557,  187,  489,  504,  378,  484,  535,  559,  358,  989,  582,  442,  519,  452,  682,  216,  394,  617,  587,  581,  929,  899,  940,  425,  578,  282,  822,  614,  340,  751,  612,  624,  656,  461,  176,  487,  544,  665,  540,  914,  494,  499,  250,  279,  935,  420,  449,  486,  542,  403,  755,   72,  121,  885],
        [  653,    0,  227,  188,  524,  258,  733,  415,    0,  737,  791,  412,  770,  160,  593,  569,  318,  230,  667,  805,  392,  376,  471,  601,  767,  911,  589,  593,  707,  201,  494,  612,  620,  648,  601,  711,  508,  137,  542,  495,  893,  473,  242,  403,  379,  662,  184,  396,  543,  484,  482,  631,  318,  148,  801,  262,  450,  775,  556,  732,  541,  130,  502,  694,  184,  331,  188,  483,  570,  431,  106,  363,  746,  886,  334,  136,  612,  658,  306,  566,  171,  769,  231,  376,  438,  713,  544,  292,  124,  519,  724,  539,  171,  791,  334,  575,  118,  804,   47,  881,  191,  812,  334,  695,  541,  313,  591,  595,  402,  345,  522,  760,  767,  290,  367,  696,  166,  137,  123,  155,  222,  606,  509,  194,  693,  139,  738,  546,   37,  209,  260,  358,  684,  694,  784,  722,  423,  314,  410,  434,  621,  366,  201,  359,  248,  788,  243,  827,  498,  251,  512,  679,  522,  167,  587,  247,  758,  580,  554,  147,  240,  144,  488,  396,  298,  483],
        [  281,    0,  887,  760,  772,  831,  542,  646,  737,    0,  358,  565,  572,  726,  636,  927,  943,  924,  198,  494,  347,  955,  675,  388,  193,  411,  253,  444,  275,  536,  848,  960,  117,  103,  812,  235,  392,  826,  210,  281,  346,  292,  677,  344,  597,  370,  837,  588,  544,  578,  292,  188,  544,  826,  450,  503,  442,  466,  265,   46,  514,  641,  946,  435,  579,  921,  863,  358,  607,  329,  822, 1031,  204,  370,  801,  872,  631,  150,  522,  413,  852,   47,  817,  366,  675,  383,  596,  879,  615,  521,   64,  345,  907,   84,  459,  970,  850,  327,  700,  322,  687,  409,  712,  224,  283,  649,  682,  641,  352,  699,  589,   73,  212,  538,  398,  194,  846,  872,  822,  762,  515,  954,  288,  565,  163,  629,   63,  476,  701,  809,  640,  496,  629,  545,  493,  376,  404,  450,  956,  432,  370,  808,  882,  554,  930,  443,  628,  484,  269,  868,  246,  603,  215,  643,  471,  822,  523,  228,  204,  651,  973,  599,  585,  712,  620,  948],
        [  613,    0,  998,  892,  575,  975,  226,  878,  791,  358,    0,  441,  242,  707,  398,  733, 1075, 1016,  193,  143,  456,  862,  502,  700,  168,  120,  558,  751,  107,  616,  675,  754,  358,  410,  584,  135,  286,  915,  337,  331,  125,  354,  624,  518,  485,  702,  946,  469,  828,  407,  528,  508,  739,  922,  802,  531,  350,  124,  551,  403,  319,  747,  788,  770,  608,  842,  845,  618,  382,  390,  841, 1144,  560,  104,  981,  911,  382,  481,  706,  713,  841,  330,  767,  520,  912,  725,  387, 1022,  695,  340,  419,  633,  953,  303,  458,  783,  880,   42,  772,  129,  829,   51,  608,  569,  268,  843,  446,  401,  418,  900,  393,  292,  569,  717,  436,  540,  943,  920,  831,  743,  605,  749,  305,  598,  509,  655,  296,  767,  762,  768,  587,  443,  343,  250,  150,  721,  368,  611,  846,  361,  689,  691,  863,  469,  902,  793,  793,  837,  338,  816,  340,  318,  390,  642,  775,  964,  194,  523,  463,  658, 1023,  652,  410,  930,  809,  798],
        [  654,    0,  638,  568,  222,  650,  327,  679,  412,  565,  441,    0,  362,  286,  190,  367,  727,  640,  401,  413,  312,  424,  123,  675,  490,  557,  575,  701,  392,  316,  285,  403,  466,  524,  283,  417,  182,  548,  367,  292,  562,  290,  194,  395,   45,  714,  592,   28,  720,   74,  473,  573,  527,  559,  857,  218,  124,  388,  546,  586,  137,  428,  383,  774,  253,  402,  414,  542,  162,  271,  429,  773,  685,  544,  696,  506,  206,  576,  493,  661,  413,  574,  329,  371,  712,  759,  135,  692,  363,  113,  589,  591,  549,  577,  173,  408,  472,  468,  412,  558,  527,  445,  168,  656,  284,  601,  203,  192,  267,  655,  114,  547,  705,  493,  227,  640,  578,  520,  413,  319,  322,  397,  278,  251,  619,  279,  532,  683,  394,  333,  161,  104,  274,  286,  390,  763,  168,  412,  413,  134,  681,  258,  432,   57,  465,  844,  527,  891,  306,  377,  331,  268,  393,  245,  712,  639,  357,  546,  482,  265,  617,  306,   80,  700,  569,  386],
        [  789,    0,  994,  912,  400,  996,   41,  967,  770,  572,  242,  362,    0,  647,  223,  545, 1081,  999,  378,  110,  536,  732,  360,  856,  398,  302,  721,  900,  298,  638,  506,  557,  535,  597,  385,  338,  305,  905,  474,  431,  348,  449,  553,  618,  401,  872,  946,  383,  957,  296,  659,  685,  815,  915,  991,  538,  339,  119,  706,  613,  229,  766,  619,  940,  598,  723,  768,  748,  226,  467,  790, 1133,  762,  316, 1027,  867,  201,  667,  780,  859,  770,  553,  676,  608, 1001,  905,  246, 1040,  704,  252,  626,  778,  910,  532,  467,  596,  833,  284,  765,  361,  861,  203,  501,  759,  370,  908,  261,  224,  486,  966,  263,  515,  775,  786,  480,  733,  934,  881,  773,  678,  636,  553,  401,  592,  703,  633,  513,  903,  749,  684,  522,  419,  132,   77,   95,  903,  391,  685,  705,  360,  852,  562,  785,  412,  813,  981,  844, 1027,  444,  719,  459,  116,  527,  604,  920,  984,   50,  686,  618,  624,  977,  650,  294, 1005,  874,  635],
        [  703,    0,  377,  346,  366,  417,  613,  547,  160,  726,  707,  286,  647,    0,  452,  414,  469,  367,  616,  697,  386,  261,  321,  676,  715,  827,  630,  680,  637,  230,  336,  456,  610,  652,  443,  650,  423,  288,  518,  455,  819,  438,   95,  429,  246,  732,  339,  265,  652,  352,  517,  658,  425,  301,  877,  224,  358,  670,  597,  731,  422,  249,  354,  775,  155,  218,  142,  545,  433,  399,  144,  500,  778,  808,  490,  222,  473,  678,  401,  647,  135,  751,  104,  399,  574,  783,  409,  449,  199,  399,  727,  602,  265,  766,  274,  424,  187,  727,  186,  812,  336,  719,  178,  733,  485,  449,  444,  453,  375,  489,  388,  734,  799,  391,  329,  728,  317,  237,  127,   38,  252,  450,  460,  168,  717,  114,  714,  641,  162,   88,  126,  266,  548,  571,  674,  790,  353,  371,  284,  349,  692,  209,  161,  243,  206,  863,  372,  907,  463,  148,  483,  547,  514,   85,  680,  406,  642,  614,  571,   82,  331,  164,  355,  541,  427,  338],
        [  787,    0,  820,  756,  182,  837,  203,  863,  593,  636,  398,  190,  223,  452,    0,  337,  910,  816,  445,  311,  468,  510,  142,  827,  507,  494,  710,  860,  397,  504,  287,  356,  561,  625,  188,  433,  259,  729,  473,  405,  521,  413,  358,  555,  215,  857,  775,  200,  891,  117,  621,  694,  711,  741,  993,  405,  245,  299,  686,  668,  128,  617,  401,  922,  442,  503,  561,  700,   34,  410,  595,  950,  794,  495,  886,  673,   23,  687,  676,  818,  565,  633,  465,  535,  897,  899,   58,  878,  552,  129,  676,  743,  715,  624,  348,  388,  638,  435,  598,  526,  716,  380,  289,  776,  367,  788,   49,    5,  417,  843,   79,  598,  811,  677,  389,  754,  759,  689,  575,  479,  509,  352,  381,  440,  729,  466,  589,  848,  578,  476,  334,  283,  100,  162,  289,  900,  307,  590,  483,  266,  828,  341,  576,  246,  600,  981,  716, 1029,  421,  505,  443,  108,  514,  428,  874,  826,  241,  677,  609,  447,  780,  495,  110,  888,  756,  416],
        [ 1013,    0,  767,  757,  161,  823,  534,  952,  569,  927,  733,  367,  545,  414,  337,    0,  857,  739,  751,  644,  665,  279,  252, 1020,  828,  830,  933, 1038,  720,  598,   88,   44,  832,  891,  161,  752,  536,  684,  733,  658,  856,  656,  360,  742,  343, 1065,  738,  347, 1034,  352,  826,  937,  816,  698, 1210,  530,  487,  635,  903,  951,  429,  658,  103, 1121,  512,  301,  436,  884,  352,  634,  512,  861, 1051,  831,  902,  579,  354,  942,  787, 1000,  449,  933,  349,  714,  981, 1113,  351,  850,  600,  415,  954,  937,  613,  932,  518,   52,  549,  770,  599,  861,  749,  716,  268, 1020,  645,  857,  291,  334,  626,  900,  350,  903, 1071,  780,  582, 1005,  710,  601,  486,  415,  614,   38,  644,  520,  985,  501,  889, 1010,  575,  370,  372,  456,  414,  496,  622, 1118,  534,  729,  234,  500, 1029,  205,  441,  393,  435, 1197,  779, 1244,  673,  355,  698,  433,  759,  453, 1044,  812,  573,  907,  846,  467,  658,  550,  346,  951,  832,  129],
        [  772,    0,   92,  187,  834,  114, 1043,  381,  318,  943, 1075,  727, 1081,  469,  910,  857,    0,  123,  925, 1107,  633,  612,  787,  681, 1020, 1192,  733,  647,  981,  460,  791,  897,  836,  844,  910,  977,  803,  182,  781,  754, 1164,  731,  558,  604,  696,  743,  136,  712,  551,  800,  655,  793,  408,  170,  853,  551,  750, 1075,  706,  926,  853,  329,  773,  747,  484,  573,  423,  611,  887,  690,  346,  100,  888, 1163,  188,  279,  929,  828,  425,  639,  409,  984,  509,  587,  378,  787,  860,   70,  383,  831,  913,  653,  252, 1013,  626,  852,  309, 1082,  317, 1149,  258, 1102,  647,  832,  811,  317,  908,  912,  661,  291,  839,  984,  907,  407,  639,  844,  153,  257,  372,  453,  471,  892,  775,  491,  852,  449,  962,  590,  334,  488,  577,  663, 1000, 1005, 1087,  799,  713,  496,  656,  732,  706,  661,  422,  673,  444,  841,  316,  868,  752,  504,  760,  995,  746,  483,  628,  122, 1065,  740,  742,  464,  237,  433,  805,  317,  336,  750],
        [  786,    0,   59,  181,  727,  159,  963,  435,  230,  924, 1016,  640,  999,  367,  816,  739,  123,    0,  881, 1035,  594,  490,  688,  708,  979, 1135,  737,  682,  928,  407,  677,  779,  812,  828,  801,  929,  736,  102,  745,  708, 1114,  685,  459,  581,  605,  771,   94,  622,  599,  711,  645,  791,  418,   99,  894,  486,  678, 1004,  707,  913,  770,  286,  654,  785,  411,  452,  305,  618,  795,  643,  233,  134,  896, 1109,  262,  161,  836,  823,  425,  668,  291,  962,  394,  559,  441,  818,  770,  149,  325,  748,  902,  667,  130,  987,  560,  733,  192, 1027,  245, 1100,  250, 1039,  542,  841,  759,  349,  810,  818,  614,  343,  748,  957,  916,  406,  585,  849,   79,  139,  258,  346,  423,  774,  725,  420,  852,  369,  936,  627,  256,  374,  483,  587,  910,  923, 1013,  830,  649,  477,  535,  662,  732,  548,  302,  588,  322,  881,  321,  913,  708,  386,  720,  906,  717,  395,  667,  158,  988,  738,  728,  376,  121,  365,  714,  382,  358,  630],
        [  424,    0,  854,  739,  592,  819,  346,  695,  667,  198,  193,  401,  378,  616,  445,  751,  925,  881,    0,  311,  292,  817,  500,  508,  101,  287,  366,  558,   90,  474,  677,  781,  167,  223,  625,   61,  220,  779,  152,  174,  244,  196,  549,  339,  440,  511,  802,  428,  637,  400,  338,  318,  562,  783,  619,  408,  281,  279,  358,  236,  327,  600,  782,  580,  489,  788,  757,  427,  417,  238,  735, 1002,  384,  251,  813,  796,  438,  295,  532,  520,  750,  189,  695,  347,  728,  538,  409,  867,  557,  338,  249,  440,  836,  182,  344,  797,  769,  178,  640,  226,  671,  241,  563,  386,  132,  669,  491,  449,  267,  725,  405,  155,  397,  544,  301,  358,  804,  802,  729,  653,  459,  775,  159,  477,  328,  539,  145,  574,  634,  691,  510,  358,  431,  348,  306,  535,  265,  440,  810,  280,  498,  657,  776,  406,  820,  610,  626,  655,  174,  746,  166,  405,  202,  539,  582,  808,  330,  331,  270,  552,  906,  524,  406,  751,  636,  787],
        [  733,    0, 1024,  930,  493, 1015,  111,  955,  805,  494,  143,  413,  110,  697,  311,  644, 1107, 1035,  311,    0,  522,  811,  439,  811,  309,  193,  671,  859,  223,  652,  598,  659,  476,  533,  487,  260,  307,  937,  432,  404,  239,  425,  606,  597,  456,  819,  974,  438,  926,  358,  624,  628,  808,  945,  929,  557,  358,   35,  660,  537,  277,  783,  712,  888,  626,  798,  827,  715,  306,  452,  838, 1166,  691,  207, 1035,  913,  291,  605,  773,  819,  826,  469,  739,  592,  989,  847,  319, 1061,  725,  301,  552,  738,  956,  444,  483,  695,  880,  183,  794,  254,  873,   98,  568,  696,  339,  907,  355,  314,  476,  964,  333,  431,  703,  781,  480,  667,  965,  925,  824,  731,  646,  655,  375,  618,  637,  666,  433,  868,  780,  745,  572,  448,  233,  150,   24,  845,  397,  677,  788,  375,  803,  639,  844,  455,  876,  920,  848,  964,  415,  786,  424,  212,  486,  644,  881, 1003,   72,  636,  571,  662, 1025,  675,  359,  999,  872,  726],
        [  348,    0,  564,  447,  532,  527,  496,  434,  392,  347,  456,  312,  536,  386,  468,  665,  633,  594,  292,  522,    0,  631,  434,  364,  388,  568,  269,  393,  355,  192,  579,  705,  230,  267,  594,  346,  234,  492,  152,  126,  534,  102,  353,   88,  325,  403,  512,  325,  428,  363,  162,  281,  286,  496,  547,  163,  224,  487,  238,  348,  350,  310,  657,  463,  235,  593,  519,  233,  434,   71,  476,  711,  400,  536,  526,  527,  475,  295,  253,  352,  508,  378,  483,   73,  468,  449,  411,  575,  274,  341,  342,  280,  563,  399,  148,  700,  504,  456,  359,  517,  379,  491,  412,  361,  189,  388,  498,  471,   52,  446,  394,  368,  421,  262,   85,  351,  516,  529,  476,  420,  173,  698,  152,  221,  337,  284,  347,  382,  357,  472,  321,  212,  515,  472,  506,  453,  161,  157,  640,  202,  369,  505,  538,  274,  586,  534,  338,  581,  121,  532,  128,  496,  132,  302,  407,  516,  503,  244,  190,  308,  631,  253,  371,  478,  354,  653],
        [  961,    0,  528,  552,  345,  602,  708,  790,  376,  955,  862,  424,  732,  261,  510,  279,  612,  490,  817,  811,  631,    0,  374,  937,  910,  975,  886,  940,  815,  491,  251,  310,  844,  892,  398,  838,  601,  457,  746,  676,  984,  664,  280,  684,  381,  992,  510,  397,  907,  458,  773,  910,  680,  472, 1138,  469,  537,  792,  853,  967,  545,  495,  178, 1036,  411,   46,  197,  805,  508,  629,  286,  601, 1029,  965,  695,  335,  532,  925,  659,  907,  214,  974,  159,  654,  813, 1043,  492,  619,  455,  523,  965,  862,  361,  983,  498,  256,  312,  891,  418,  981,  566,  860,  257,  987,  689,  688,  478,  509,  610,  720,  479,  952, 1050,  647,  561,  979,  479,  358,  262,  238,  513,  307,  673,  424,  967,  375,  934,  900,  397,  177,  316,  462,  607,  665,  788, 1051,  556,  632,   47,  538,  952,  173,  193,  412,  170, 1124,  616, 1167,  687,  125,  710,  617,  753,  339,  939,  593,  745,  868,  820,  341,  394,  425,  456,  771,  671,  152],
        [  777,    0,  696,  644,  100,  723,  335,  784,  471,  675,  502,  123,  360,  321,  142,  252,  787,  688,  500,  439,  434,  374,    0,  797,  580,  609,  698,  822,  475,  417,  178,  285,  582,  642,  162,  505,  284,  606,  484,  410,  625,  410,  230,  517,  118,  837,  654,  112,  836,  101,  595,  695,  635,  618,  979,  327,  237,  421,  669,  700,  185,  515,  288,  897,  342,  364,  422,  664,  135,  393,  461,  821,  805,  603,  781,  539,  164,  696,  603,  782,  426,  681,  325,  492,  816,  882,  120,  761,  450,  167,  704,  713,  581,  680,  292,  297,  504,  535,  482,  627,  614,  493,  150,  778,  393,  700,  124,  141,  390,  752,  109,  651,  825,  600,  350,  761,  635,  556,  440,  345,  427,  279,  394,  344,  739,  355,  638,  802,  461,  337,  214,  224,  241,  292,  415,  886,  289,  527,  350,  252,  803,  202,  436,  167,  459,  966,  624, 1014,  425,  364,  450,  247,  514,  311,  833,  712,  372,  668,  604,  330,  644,  393,   96,  799,  669,  298],
        [  115,    0,  657,  528,  894,  571,  818,  314,  601,  388,  700,  675,  856,  676,  827, 1020,  681,  708,  508,  811,  364,  937,  797,    0,  558,  780,  143,   57,  596,  447,  932, 1061,  343,  299,  958,  566,  576,  629,  383,  432,  722,  419,  679,  280,  685,   64,  615,  686,  167,  726,  207,  202,  294,  623,  202,  492,  583,  777,  152,  349,  704,  473,  999,  102,  530,  893,  779,  136,  793,  417,  706,  779,  235,  740,  504,  723,  832,  238,  298,   42,  763,  434,  779,  307,  332,  113,  772,  611,  490,  698,  330,   85,  744,  471,  506, 1050,  716,  680,  555,  699,  461,  748,  756,  184,  488,  366,  860,  831,  412,  395,  755,  456,  249,  315,  448,  209,  637,  714,  719,  702,  425, 1054,  461,  518,  233,  562,  439,  103,  569,  762,  655,  574,  862,  804,  802,  123,  521,  306,  956,  562,   26,  843,  795,  634,  845,  188,  390,  231,  417,  820,  399,  841,  330,  601,   85,  567,  814,  177,  241,  597,  796,  513,  734,  385,  352,  990],
        [  461,    0,  952,  834,  668,  913,  373,  775,  767,  193,  168,  490,  398,  715,  507,  828, 1020,  979,  101,  309,  388,  910,  580,  558,    0,  223,  416,  612,  111,  573,  758,  855,  220,  260,  693,   76,  310,  877,  241,  273,  166,  295,  646,  427,  531,  551,  899,  517,  700,  479,  412,  359,  649,  881,  641,  508,  374,  284,  416,  238,  400,  697,  866,  618,  589,  883,  856,  496,  483,  337,  835, 1099,  396,  183,  903,  897,  497,  327,  619,  577,  849,  162,  792,  438,  807,  570,  480,  961,  656,  414,  255,  500,  936,  136,  444,  876,  869,  135,  739,  143,  765,  219,  655,  412,  231,  756,  555,  511,  366,  811,  479,  124,  404,  633,  401,  382,  902,  902,  829,  752,  557,  850,  259,  577,  351,  639,  131,  635,  733,  789,  607,  455,  477,  386,  311,  565,  363,  531,  902,  374,  544,  747,  875,  499,  919,  634,  718,  676,  271,  843,  261,  450,  284,  639,  638,  903,  348,  384,  333,  652, 1006,  624,  485,  833,  723,  872],
        [  684,    0, 1116, 1008,  674, 1090,  301,  981,  911,  411,  120,  557,  302,  827,  494,  830, 1192, 1135,  287,  193,  568,  975,  609,  780,  223,    0,  638,  833,  214,  733,  777,  847,  439,  482,  675,  227,  406, 1034,  438,  443,   70,  466,  743,  624,  601,  774, 1064,  584,  919,  517,  623,  581,  846, 1040,  860,  650,  470,  196,  636,  456,  430,  864,  891,  840,  728,  956,  964,  711,  482,  504,  961, 1262,  613,   42, 1093, 1031,  476,  549,  815,  797,  960,  372,  884,  628, 1014,  791,  491, 1138,  813,  452,  474,  719, 1073,  339,  577,  880, 1000,  112,  891,   94,  943,  116,  722,  632,  382,  952,  540,  497,  533, 1009,  500,  339,  619,  826,  554,  602, 1061, 1040,  950,  863,  722,  842,  419,  717,  571,  774,  350,  855,  881,  886,  705,  563,  424,  335,  212,  785,  488,  721,  956,  481,  767,  803,  982,  587, 1020,  853,  905,  893,  448,  933,  446,  401,  488,  761,  859, 1079,  262,  605,  550,  778, 1143,  771,  520, 1036,  918,  903],
        [   80,    0,  691,  560,  796,  620,  684,  402,  589,  253,  558,  575,  721,  630,  710,  933,  733,  737,  366,  671,  269,  886,  698,  143,  416,  638,    0,  196,  455,  405,  847,  972,  201,  159,  855,  424,  454,  646,  249,  307,  581,  298,  614,  203,  592,  151,  644,  590,  291,  618,  114,   68,  325,  643,  284,  421,  471,  638,   34,  219,  584,  470,  925,  219,  477,  845,  750,  122,  677,  306,  689,  827,  160,  598,  572,  720,  713,  107,  313,  162,  736,  300,  732,  233,  428,  189,  658,  665,  467,  582,  202,   93,  748,  336,  416,  968,  706,  537,  545,  558,  488,  606,  680,  107,  357,  422,  747,  714,  309,  465,  643,  319,  181,  331,  352,  112,  660,  715,  696,  661,  382,  966,  334,  463,  120,  518,  301,  224,  553,  718,  585,  479,  737,  672,  663,  191,  412,  275,  900,  451,  133,  772,  768,  541,  818,  272,  420,  320,  291,  778,  271,  714,  199,  548,  222,  613,  678,   36,  104,  549,  808,  474,  626,  470,  398,  919],
        [  171,    0,  629,  503,  917,  540,  861,  272,  593,  444,  751,  701,  900,  680,  860, 1038,  647,  682,  558,  859,  393,  940,  822,   57,  612,  833,  196,    0,  646,  453,  950, 1079,  395,  354,  983,  617,  614,  608,  428,  472,  777,  457,  690,  307,  708,  103,  590,  711,  114,  756,  243,  258,  277,  601,  213,  508,  616,  825,  200,  405,  739,  463, 1011,  104,  538,  896,  775,  160,  826,  451,  698,  745,  290,  794,  465,  709,  866,  294,  288,   42,  758,  490,  782,  330,  287,  141,  804,  577,  488,  732,  386,  122,  727,  527,  530, 1065,  704,  732,  546,  753,  440,  798,  772,  239,  530,  335,  891,  864,  443,  357,  787,  512,  302,  303,  475,  265,  614,  698,  713,  703,  433, 1073,  501,  527,  289,  567,  495,   57,  561,  764,  669,  599,  900,  845,  849,  154,  553,  313,  962,  594,   79,  855,  790,  657,  839,  200,  369,  236,  458,  820,  442,  879,  374,  607,   29,  536,  859,  229,  289,  602,  775,  516,  764,  343,  325, 1001],
        [  513,    0,  906,  796,  559,  878,  269,  773,  707,  275,  107,  392,  298,  637,  397,  720,  981,  928,   90,  223,  355,  815,  475,  596,  111,  214,  455,  646,    0,  523,  652,  746,  256,  312,  583,   41,  217,  826,  230,  230,  187,  253,  561,  413,  435,  600,  854,  420,  722,  374,  421,  407,  635,  832,  707,  445,  284,  192,  446,  317,  292,  653,  762,  669,  525,  791,  777,  511,  373,  291,  765, 1053,  469,  183,  880,  831,  386,  383,  602,  608,  772,  256,  706,  416,  806,  627,  370,  926,  604,  308,  331,  527,  872,  238,  374,  768,  802,  102,  684,  176,  731,  152,  559,  474,  170,  740,  445,  401,  320,  797,  371,  218,  481,  614,  344,  445,  852,  839,  756,  674,  511,  741,  206,  513,  415,  573,  216,  661,  676,  705,  522,  372,  367,  278,  219,  623,  287,  508,  804,  289,  587,  649,  796,  409,  837,  698,  692,  742,  235,  757,  235,  341,  283,  566,  670,  867,  248,  420,  358,  581,  943,  565,  379,  825,  706,  769],
        [  476,    0,  383,  279,  499,  363,  598,  368,  201,  536,  616,  316,  638,  230,  504,  598,  460,  407,  474,  652,  192,  491,  417,  447,  573,  733,  405,  453,  523,    0,  511,  640,  419,  449,  573,  523,  346,  305,  342,  301,  708,  279,  240,  208,  302,  502,  331,  312,  438,  387,  293,  439,  221,  310,  647,  101,  300,  619,  371,  532,  417,  132,  561,  547,   87,  448,  346,  315,  474,  237,  291,  530,  557,  705,  389,  336,  518,  463,  191,  419,  332,  569,  333,  179,  400,  553,  447,  410,   83,  398,  525,  373,  372,  590,  172,  620,  315,  623,  168,  694,  223,  643,  330,  509,  354,  286,  518,  506,  207,  340,  426,  559,  579,  186,  180,  507,  331,  337,  295,  258,   23,  634,  319,   78,  500,  116,  538,  418,  166,  317,  226,  225,  579,  565,  633,  561,  256,  142,  510,  280,  462,  405,  364,  260,  414,  633,  212,  677,  302,  376,  314,  567,  321,  155,  455,  352,  616,  391,  358,  150,  440,   70,  394,  386,  254,  550],
        [  926,    0,  700,  681,  106,  750,  489,  868,  494,  848,  675,  285,  506,  336,  287,   88,  791,  677,  677,  598,  579,  251,  178,  932,  758,  777,  847,  950,  652,  511,    0,  130,  750,  808,  148,  683,  459,  615,  651,  576,  799,  572,  276,  655,  258,  978,  668,  263,  948,  279,  739,  852,  730,  629, 1123,  442,  407,  584,  817,  870,  361,  576,  115, 1033,  426,  262,  377,  797,  295,  549,  446,  803,  966,  775,  826,  517,  307,  858,  701,  912,  388,  856,  283,  627,  898, 1026,  289,  780,  517,  345,  873,  850,  554,  857,  432,  123,  485,  709,  521,  801,  669,  662,  182,  935,  566,  774,  246,  284,  541,  819,  283,  827,  987,  695,  496,  920,  642,  538,  420,  342,  527,  123,  563,  433,  901,  417,  813,  923,  497,  303,  286,  370,  376,  448,  575, 1031,  451,  642,  213,  418,  942,  131,  385,  308,  388, 1110,  697, 1157,  590,  300,  615,  391,  675,  370,  957,  739,  527,  821,  760,  384,  605,  466,  274,  870,  748,  130],
        [ 1052,    0,  807,  799,  189,  864,  549,  995,  612,  960,  754,  403,  557,  456,  356,   44,  897,  779,  781,  659,  705,  310,  285, 1061,  855,  847,  972, 1079,  746,  640,  130,    0,  866,  926,  173,  779,  568,  725,  768,  694,  877,  692,  403,  782,  381, 1105,  779,  384, 1077,  383,  865,  974,  859,  740, 1250,  571,  522,  651,  942,  985,  456,  701,  132, 1161,  555,  336,  475,  925,  375,  672,  552,  899, 1087,  850,  945,  619,  373,  978,  830, 1041,  489,  964,  390,  755, 1024, 1153,  376,  891,  643,  444,  989,  978,  652,  962,  558,   58,  589,  791,  642,  882,  792,  734,  311, 1058,  678,  900,  309,  353,  665,  943,  377,  933, 1107,  823,  621, 1042,  751,  641,  526,  457,  656,    7,  678,  562, 1021,  544,  921, 1052,  618,  411,  415,  494,  427,  512,  638, 1157,  571,  771,  264,  535, 1069,  247,  479,  432,  471, 1237,  822, 1284,  708,  394,  733,  448,  796,  496, 1086,  854,  588,  945,  883,  510,  695,  593,  376,  994,  875,  158],
        [  258,    0,  776,  651,  680,  725,  500,  560,  620,  117,  358,  466,  535,  610,  561,  832,  836,  812,  167,  476,  230,  844,  582,  343,  220,  439,  201,  395,  256,  419,  750,  866,    0,   64,  727,  224,  306,  712,  100,  175,  385,  182,  565,  233,  495,  345,  725,  488,  481,  489,  197,  152,  444,  713,  457,  387,  345,  443,  197,  124,  435,  527,  844,  413,  463,  809,  747,  277,  530,  215,  705,  921,  234,  400,  701,  755,  559,  133,  419,  358,  736,  151,  703,  253,  591,  372,  515,  772,  499,  438,  124,  281,  791,  177,  347,  873,  733,  337,  584,  363,  579,  407,  605,  225,  195,  551,  604,  565,  237,  604,  505,  149,  251,  434,  284,  199,  733,  756,  706,  646,  399,  860,  189,  449,  171,  512,  127,  416,  585,  694,  529,  389,  569,  495,  469,  370,  300,  340,  847,  332,  332,  702,  766,  449,  814,  447,  523,  492,  161,  753,  137,  545,   99,  527,  420,  715,  489,  167,  114,  535,  858,  482,  496,  622,  520,  844],
        [  204,    0,  790,  662,  741,  731,  562,  544,  648,  103,  410,  524,  597,  652,  625,  891,  844,  828,  223,  533,  267,  892,  642,  299,  260,  482,  159,  354,  312,  449,  808,  926,   64,    0,  789,  277,  368,  731,  158,  233,  423,  237,  612,  249,  551,  293,  740,  545,  448,  550,  190,   99,  442,  731,  397,  428,  405,  502,  165,   85,  498,  546,  899,  361,  501,  855,  785,  257,  593,  265,  738,  932,  170,  442,  699,  784,  623,   72,  420,  320,  773,  148,  747,  274,  574,  316,  578,  778,  526,  501,   77,  248,  817,  182,  396,  931,  763,  386,  610,  400,  588,  460,  659,  163,  258,  547,  667,  629,  283,  597,  568,  162,  187,  437,  331,  136,  750,  783,  741,  686,  427,  920,  250,  487,  107,  549,  143,  382,  612,  737,  578,  443,  633,  558,  528,  312,  357,  352,  897,  391,  285,  755,  804,  505,  852,  387,  528,  432,  218,  797,  194,  608,  140,  568,  381,  722,  550,  129,  102,  574,  882,  515,  558,  610,  518,  898],
        [  934,    0,  818,  783,   78,  857,  377,  940,  601,  812,  584,  283,  385,  443,  188,  161,  910,  801,  625,  487,  594,  398,  162,  958,  693,  675,  855,  983,  583,  573,  148,  173,  727,  789,    0,  618,  423,  730,  632,  560,  706,  562,  363,  678,  278,  996,  781,  273,  997,  240,  755,  848,  794,  743, 1138,  487,  387,  480,  827,  841,  300,  662,  248, 1057,  495,  407,  510,  825,  211,  549,  569,  931,  955,  679,  924,  644,  202,  847,  761,  943,  519,  812,  413,  654,  972, 1041,  217,  891,  598,  291,  847,  873,  684,  806,  454,  212,  611,  622,  620,  712,  759,  563,  267,  931,  534,  853,  140,  184,  548,  903,  223,  779,  974,  758,  510,  913,  758,  664,  545,  457,  585,  169,  540,  498,  890,  500,  768,  963,  597,  430,  358,  385,  255,  340,  466, 1044,  444,  688,  360,  405,  963,  260,  520,  328,  529, 1125,  776, 1173,  575,  437,  599,  276,  667,  453,  994,  846,  416,  825,  759,  471,  739,  542,  232,  952,  824,  269],
        [  479,    0,  905,  792,  592,  872,  310,  755,  711,  235,  135,  417,  338,  650,  433,  752,  977,  929,   61,  260,  346,  838,  505,  566,   76,  227,  424,  617,   41,  523,  683,  779,  224,  277,  618,    0,  237,  827,  211,  224,  188,  247,  577,  398,  458,  568,  853,  444,  697,  404,  398,  374,  621,  832,  671,  450,  303,  231,  418,  277,  324,  651,  791,  636,  531,  812,  791,  487,  408,  288,  774, 1052,  431,  192,  870,  839,  423,  348,  590,  579,  785,  215,  724,  404,  788,  592,  404,  921,  605,  339,  292,  500,  879,  198,  382,  800,  810,  118,  686,  172,  725,  184,  582,  438,  171,  727,  481,  437,  317,  783,  403,  178,  443,  602,  346,  409,  853,  845,  767,  687,  509,  774,  204,  519,  378,  580,  176,  634,  679,  721,  539,  387,  407,  318,  259,  588,  298,  497,  829,  305,  555,  674,  810,  428,  853,  662,  682,  706,  226,  775,  222,  380,  262,  576,  642,  862,  289,  389,  330,  590,  949,  569,  409,  810,  693,  797],
