{
    "name": "random-79-3789",
    "comment": "size=79 seed=3789",
    "nodes": ["+0", "-0", "+1", "-1", "+2", "-2", "+3", "-3", "+4", "-4", "+5", "-5", "+6", "-6", "+7", "-7", "+8", "-8", "+9", "-9", "+10", "-10", "+11", "-11", "+12", "-12", "+13", "-13", "+14", "-14", "+15", "-15", "+16", "-16", "+17", "-17", "+18", "-18", "+19", "-19", "+20", "-20", "+21", "-21", "+22", "-22", "+23", "-23", "+24", "-24", "+25", "-25", "+26", "-26", "+27", "-27", "+28", "-28", "+29", "-29", "+30", "-30", "+31", "-31", "+32", "-32", "+33", "-33", "+34", "-34", "+35", "-35", "+36", "-36", "+37", "-37", "+38", "-38", "+39", "-39", "+40", "-40", "+41", "-41", "+42", "-42", "+43", "-43", "+44", "-44", "+45", "-45", "+46", "-46", "+47", "-47", "+48", "-48", "+49", "-49", "+50", "-50", "+51", "-51", "+52", "-52", "+53", "-53", "+54", "-54", "+55", "-55", "+56", "-56", "+57", "-57", "+58", "-58", "+59", "-59", "+60", "-60", "+61", "-61", "+62", "-62", "+63", "-63", "+64", "-64", "+65", "-65", "+66", "-66", "+67", "-67", "+68", "-68", "+69", "-69", "+70", "-70", "+71", "-71", "+72", "-72", "+73", "-73", "+74", "-74", "+75", "-75", "+76", "-76", "+77", "-77", "+78", "-78", "+79", "-79"],
    "precedence": {
        "+0": "-0",
        "+1": "-1",
        "+2": "-2",
        "+3": "-3",
        "+4": "-4",
        "+5": "-5",
        "+6": "-6",
        "+7": "-7",
        "+8": "-8",
        "+9": "-9",
        "+10": "-10",
        "+11": "-11",
        "+12": "-12",
        "+13": "-13",
        "+14": "-14",
        "+15": "-15",
        "+16": "-16",
        "+17": "-17",
        "+18": "-18",
        "+19": "-19",
        "+20": "-20",
        "+21": "-21",
        "+22": "-22",
        "+23": "-23",
        "+24": "-24",
        "+25": "-25",
        "+26": "-26",
        "+27": "-27",
        "+28": "-28",
        "+29": "-29",
        "+30": "-30",
        "+31": "-31",
        "+32": "-32",
        "+33": "-33",
        "+34": "-34",
        "+35": "-35",
        "+36": "-36",
        "+37": "-37",
        "+38": "-38",
        "+39": "-39",
        "+40": "-40",
        "+41": "-41",
        "+42": "-42",
        "+43": "-43",
        "+44": "-44",
        "+45": "-45",
        "+46": "-46",
        "+47": "-47",
        "+48": "-48",
        "+49": "-49",
        "+50": "-50",
        "+51": "-51",
        "+52": "-52",
        "+53": "-53",
        "+54": "-54",
        "+55": "-55",
        "+56": "-56",
        "+57": "-57",
        "+58": "-58",
        "+59": "-59",
        "+60": "-60",
        "+61": "-61",
        "+62": "-62",
        "+63": "-63",
        "+64": "-64",
        "+65": "-65",
        "+66": "-66",
        "+67": "-67",
        "+68": "-68",
        "+69": "-69",
        "+70": "-70",
        "+71": "-71",
        "+72": "-72",
        "+73": "-73",
        "+74": "-74",
        "+75": "-75",
        "+76": "-76",
        "+77": "-77",
        "+78": "-78",
        "+79": "-79"
    },
    "edges": [
        [    0,    0,  600,  785,  239,  911,  370,  680,  427,  415,  817,  229,  499,  523,  849,  898,  609,  123,  152,  383,  396,  338,  642,  225,   74,  431,  413,  349,  314,  186,  389,  141,  315,  738,  424,  372,  421,  248,  679,  641,  587,  709,  546,  654,  431,  744,  189,  685,  235,  636,   80,  540,  269,  115,  470,  755,  330,  170,  141,  201,  371,  195,  826,  414,  461,  758,  181,  188,  212,  374,  370,  715,  548,  228,  605,  417,  493,  357,  353,  364,  254,  598,  295,  578,  929,   81,  260,  245,  834,  229,  873,  201,  350,  459,  283,  199,  117,  179,  678,  748,  496,  645,  737,  250,  503,  649,  593,  209,  590,  463,  813,  252,  421,  404,  266,  160,  154,  364,  589,  306,  245,  256,  920,  477,  338,  212,  134,  312,  541,  659,  289,  295,  619,  499,  733,  416,  582,  628,  837,  453,  848,  607,  432,  358,  739,  289,  667,  856,  637,  538,  732,  846,   78,  714,  297,  647,  739,  762,  253,  641],
        [    0,    0,    0,    0,    0,    0,    0,    0,    0,    0,    0,    0,    0,    0,    0,    0,    0,    0,    0,    0,    0,    0,    0,    0,    0,    0,    0,    0,    0,    0,    0,    0,    0,    0,    0,    0,    0,    0,    0,    0,    0,    0,    0,    0,    0,    0,    0,    0,    0,    0,    0,    0,    0,    0,    0,    0,    0,    0,    0,    0,    0,    0,    0,    0,    0,    0,    0,    0,    0,    0,    0,    0,    0,    0,    0,    0,    0,    0,    0,    0,    0,    0,    0,    0,    0,    0,    0,    0,    0,    0,    0,    0,    0,    0,    0,    0,    0,    0,    0,    0,    0,    0,    0,    0,    0,    0,    0,    0,    0,    0,    0,    0,    0,    0,    0,    0,    0,    0,    0,    0,    0,    0,    0,    0,    0,    0,    0,    0,    0,    0,    0,    0,    0,    0,    0,    0,    0,    0,    0,    0,    0,    0,    0,    0,    0,    0,    0,    0,    0,    0,    0,    0,    0,    0,    0,    0,    0,    0,    0,    0],
        [  600,    0,    0,  420,  413,  647,  377,  120,  269,  204,  604,  822,  648,  959,  639,  588,  946,  484,  449,  235,  301,  567,  979,  533,  595,  875,  194,  437,  295,  781,  325,  518,  446,  929,  545,  743,  213,  836,  378,  889,  860,  749,  957,  604,  189,  297,  473,  899,  834,  824,  521,  360,  455,  659,  819,  259,  392,  446,  487,  589,  568,  432,  748,  313,  600,  679,  438,  777,  484,  476,  438,  250,  970,  408,  620,  501,  379,  896,  418,  237,  420,   96,  488,  804,  648,  635,  529,  772,  590,  787,  658,  445,  383,  932,  763,  633,  518,  666,  618,  456,  873,  817,  738,  528,  889,  820,  552,  660,  193,  378,  755,  493,  231,  210,  479,  730,  598,  852,  199,  375,  443,  679,  598,  539,  346,  536,  685,  299,  775,  473,  692,  381,  750,  627, 1039,  361,  209,  756,  622,  779,  651,  576,  825,  659,  246,  564,  815,  585,  441,  631,  264,  746,  666,  792,  304,  222,  355,  702,  571,  763],
        [  785,    0,  420,    0,  546,  232,  737,  321,  369,  550,  219, 1006,  513,  908,  248,  169,  823,  712,  658,  449,  667,  549,  849,  831,  818,  852,  453,  789,  589,  923,  691,  652,  487,  710,  467,  714,  410, 1028,  109,  721,  717,  484,  886,  343,  419,  133,  750,  704,  992,  635,  722,  251,  773,  783,  744,  646,  458,  696,  644,  660,  527,  699,  405,  688,  490,  358,  608,  909,  776,  455,  438,  653,  905,  693,  401,  437,  303,  947,  444,  521,  532,  329,  818,  649,  231,  852,  842, 1017,  191, 1011,  260,  585,  438,  917,  802,  702,  760,  750,  341,   85,  800,  619,  450,  837,  818,  620,  335,  725,  250,  331,  423,  559,  597,  442,  541,  943,  696,  868,  618,  703,  748,  966,  179,  420,  448,  612,  909,  508,  637,  196,  709,  704,  549,  490,  874,  372,  628,  551,  232,  702,  263,  349,  779,  625,  638,  582,  601,  175,  191,  465,  168,  390,  863,  538,  553,  202,   66,  386,  877,  550],
        [  239,    0,  413,  546,    0,  682,  357,  469,  193,  281,  593,  463,  354,  561,  626,  664,  582,  183,  128,  179,  334,  207,  617,  336,  277,  472,  222,  376,  204,  393,  342,  114,  107,  638,  251,  352,  207,  484,  440,  564,  520,  542,  567,  453,  226,  509,  253,  593,  457,  527,  179,  303,  315,  258,  442,  623,   96,  189,   98,  178,  227,  208,  631,  360,  304,  558,   66,  384,  288,  176,  154,  592,  577,  224,  419,  224,  259,  484,  130,  206,   26,  386,  362,  483,  698,  308,  361,  475,  605,  466,  650,   40,  115,  525,  351,  220,  233,  255,  476,  511,  490,  529,  559,  352,  503,  533,  388,  248,  361,  230,  622,   98,  315,  204,   92,  398,  186,  441,  472,  288,  283,  444,  685,  288,  100,  126,  365,  121,  448,  430,  288,  281,  481,  344,  694,  180,  471,  490,  613,  407,  627,  407,  433,  283,  607,  179,  541,  624,  405,  374,  500,  646,  317,  563,  150,  415,  501,  568,  382,  501],
        [  911,    0,  647,  232,  682,    0,  935,  552,  538,  754,  101, 1115,  516,  902,   84,   75,  782,  862,  807,  632,  870,  614,  801, 1001,  958,  867,  648,  982,  774, 1018,  892,  771,  597,  617,  519,  743,  598, 1140,  281,  662,  676,  393,  871,  307,  613,  364,  917,  628, 1090,  574,  861,  387,  953,  882,  742,  878,  587,  857,  774,  750,  584,  866,  253,  893,  516,  250,  748, 1001,  947,  543,  542,  884,  891,  866,  376,  507,  425,  994,  559,  712,  662,  553, 1000,  609,   26,  986, 1018, 1154,   78, 1139,   70,  717,  568,  930,  857,  785,  912,  834,  290,  197,  793,  554,  346, 1011,  810,  554,  344,  802,  465,  453,  279,  663,  803,  632,  648, 1070,  794,  905,  844,  891,  925, 1124,   86,  462,  594,  712, 1043,  678,  611,  253,  764,  890,  496,  498,  800,  505,  853,  494,   86,  705,   98,  342,  789,  666,  870,  658,  528,   64,  278,  460,  399,  226,  987,  444,  729,  426,  295,  272, 1048,  488],
        [  370,    0,  377,  737,  357,  935,    0,  493,  404,  189,  863,  540,  709,  870,  900,  893,  923,  257,  271,  306,   77,  562,  958,  191,  323,  777,  288,   60,  170,  546,   52,  387,  458,  994,  602,  682,  338,  544,  656,  917,  871,  886,  886,  776,  322,  641,  182,  949,  573,  883,  307,  560,  112,  475,  780,  425,  423,  212,  347,  488,  583,  184,  950,   69,  658,  875,  318,  552,  167,  524,  493,  380,  892,  152,  757,  570,  540,  725,  464,  224,  380,  433,  122,  839,  944,  358,  173,  443,  863,  473,  923,  355,  433,  816,  633,  514,  253,  521,  797,  740,  820,  885,  896,  176,  831,  889,  710,  537,  489,  519,  946,  449,  148,  304,  447,  436,  464,  721,  263,   72,  127,  328,  910,  632,  387,  455,  389,  280,  802,  702,  604,   82,  835,  697, 1040,  470,  252,  844,  884,  750,  906,  732,  758,  630,  410,  527,  897,  871,  671,  723,  614,  959,  403,  912,  227,  543,  675,  890,  215,  855],
        [  680,    0,  120,  321,  469,  552,  493,    0,  292,  312,  521,  906,  640,  985,  555,  488,  951,  572,  529,  298,  417,  589,  983,  639,  685,  907,  268,  552,  393,  854,  442,  581,  476,  906,  547,  770,  264,  922,  302,  880,  858,  708,  977,  559,  249,  190,  573,  883,  912,  807,  602,  328,  564,  725,  835,  327,  425,  538,  555,  637,  582,  528,  683,  431,  596,  619,  507,  848,  588,  490,  454,  333,  992,  508,  587,  504,  363,  948,  440,  327,  469,   84,  600,  797,  551,  724,  638,  869,  502,  880,  571,  505,  410,  967,  809,  682,  610,  721,  569,  370,  891,  798,  690,  636,  908,  800,  515,  709,  148,  371,  694,  534,  346,  276,  518,  820,  654,  894,  311,  484,  549,  785,  495,  529,  384,  583,  777,  369,  772,  412,  730,  490,  727,  618, 1034,  370,  323,  733,  538,  793,  569,  538,  849,  681,  319,  596,  791,  492,  384,  614,  156,  676,  751,  756,  388,  143,  258,  644,  679,  738],
        [  427,    0,  269,  369,  193,  538,  404,  292,    0,  242,  462,  654,  384,  697,  498,  506,  677,  344,  291,   99,  347,  301,  711,  466,  453,  617,  131,  447,  238,  585,  366,  306,  185,  671,  278,  481,   77,  674,  270,  624,  592,  513,  692,  384,  104,  318,  384,  637,  649,  563,  358,  156,  416,  449,  552,  517,  133,  328,  289,  349,  300,  333,  552,  373,  334,  478,  246,  575,  412,  208,  170,  496,  706,  329,  380,  234,  142,  659,  151,  181,  186,  212,  462,  539,  550,  488,  481,  651,  464,  648,  521,  232,  119,  676,  518,  394,  392,  436,  403,  350,  607,  558,  512,  475,  623,  561,  321,  421,  169,  127,  552,  244,  292,  108,  227,  582,  371,  603,  399,  355,  388,  598,  525,  278,   97,  294,  545,  142,  509,  299,  438,  353,  494,  364,  772,   95,  403,  501,  483,  511,  504,  345,  561,  394,  502,  305,  559,  476,  268,  374,  308,  559,  504,  549,  192,  223,  317,  496,  513,  509],
        [  415,    0,  204,  550,  281,  754,  189,  312,  242,    0,  688,  629,  600,  841,  725,  709,  860,  294,  269,  148,  117,  477,  895,  329,  400,  751,  113,  245,  102,  600,  141,  363,  357,  891,  490,  633,  167,  641,  474,  829,  790,  751,  847,  625,  145,  452,  271,  852,  646,  780,  336,  392,  252,  492,  722,  349,  308,  251,  325,  452,  489,  234,  793,  140,  548,  719,  280,  599,  281,  411,  374,  314,  857,  207,  618,  450,  383,  741,  346,   77,  298,  246,  288,  746,  762,  440,  327,  569,  685,  587,  747,  301,  309,  801,  621,  491,  322,  515,  644,  558,  770,  778,  753,  325,  784,  782,  562,  517,  301,  367,  793,  377,   51,  135,  367,  533,  447,  713,  192,  173,  240,  476,  724,  505,  261,  405,  487,  165,  712,  532,  567,  178,  719,  584,  968,  326,  190,  727,  709,  686,  733,  585,  714,  561,  332,  457,  784,  690,  499,  601,  425,  798,  475,  784,  136,  354,  487,  737,  368,  737],
        [  817,    0,  604,  219,  593,  101,  863,  521,  462,  688,    0, 1018,  417,  805,   37,  132,  691,  774,  718,  558,  802,  515,  710,  917,  867,  768,  579,  908,  699,  920,  823,  677,  503,  537,  420,  643,  527, 1044,  227,  573,  584,  309,  775,  208,  545,  346,  832,  543,  992,  484,  770,  306,  874,  785,  644,  847,  497,  771,  682,  652,  485,  782,  192,  827,  416,  166,  658,  902,  864,  447,  448,  848,  795,  785,  278,  409,  338,  894,  467,  640,  571,  508,  922,  516,  124,  894,  936, 1061,   39, 1045,   60,  626,  478,  832,  756,  686,  824,  735,  192,  152,  696,  465,  265,  928,  713,  465,  244,  702,  414,  366,  215,  568,  738,  561,  553,  976,  696,  805,  796,  816,  845, 1036,  155,  363,  508,  616,  950,  598,  515,  165,  664,  814,  404,  398,  716,  418,  804,  403,   22,  607,   48,  242,  691,  566,  838,  560,  441,   75,  195,  361,  378,  174,  893,  362,  651,  385,  269,  191,  964,  397],
        [  229,    0,  822, 1006,  463, 1115,  540,  906,  654,  629, 1018,    0,  654,  526, 1048, 1109,  659,  338,  377,  611,  587,  510,  687,  354,  230,  452,  639,  500,  530,  115,  573,  355,  524,  837,  605,  463,  649,   28,  898,  730,  674,  863,  563,  838,  659,  971,  369,  782,   61,  751,  305,  758,  428,  235,  544,  954,  548,  379,  366,  368,  543,  397, 1000,  598,  628,  937,  408,  137,  375,  573,  577,  912,  557,  426,  780,  610,  708,  304,  565,  586,  475,  825,  433,  687, 1135,  190,  382,  154, 1038,  102, 1071,  424,  569,  447,  333,  339,  308,  293,  861,  963,  546,  766,  899,  375,  545,  769,  782,  330,  818,  679,  982,  454,  627,  632,  471,  105,  323,  369,  787,  491,  418,  271, 1132,  662,  563,  404,  151,  540,  655,  867,  396,  480,  757,  661,  781,  634,  779,  766, 1037,  545, 1044,  792,  490,  493,  938,  462,  792, 1063,  848,  703,  960, 1023,  156,  857,  521,  875,  963,  937,  350,  779],
        [  499,    0,  648,  513,  354,  516,  709,  640,  384,  600,  417,  654,    0,  398,  436,  538,  318,  512,  467,  457,  678,  163,  348,  673,  566,  352,  501,  729,  548,  544,  690,  372,  252,  292,  110,  229,  455,  681,  420,  242,  219,  212,  374,  210,  482,  563,  596,  255,  616,  181,  484,  318,  666,  426,  234,  899,  293,  534,  399,  300,  133,  557,  350,  705,   52,  295,  405,  523,  631,  190,  227,  879,  393,  576,  141,  151,  278,  482,  254,  524,  329,  575,  712,  158,  540,  579,  703,  735,  448,  705,  457,  365,  291,  416,  352,  318,  555,  361,  229,  436,  289,  179,  246,  693,  307,  183,  183,  324,  493,  272,  330,  271,  643,  477,  268,  639,  348,  390,  777,  641,  633,  751,  563,  112,  339,  292,  627,  442,  133,  319,  265,  634,  128,   24,  395,  289,  779,  137,  431,  193,  427,  178,  275,  164,  885,  211,  188,  482,  323,   57,  577,  375,  561,  217,  489,  516,  508,  289,  716,  149],
        [  523,    0,  959,  908,  561,  902,  870,  985,  697,  841,  805,  526,  398,    0,  819,  931,  165,  615,  602,  730,  874,  397,  180,  747,  592,   94,  776,  863,  754,  423,  875,  488,  514,  387,  452,  217,  747,  551,  810,  284,  243,  530,   45,  598,  772,  945,  701,  339,  467,  353,  567,  690,  783,  408,  165, 1184,  568,  659,  529,  391,  405,  687,  693,  897,  419,  660,  568,  402,  730,  496,  531, 1153,   32,  719,  529,  491,  641,  226,  546,  767,  548,  908,  816,  300,  926,  578,  783,  667,  839,  618,  838,  541,  579,   80,  241,  358,  633,  351,  613,  833,  110,  374,  578,  772,   93,  376,  580,  334,  845,  624,  667,  470,  870,  755,  483,  578,  407,  164, 1032,  800,  755,  748,  956,  491,  614,  437,  596,  681,  292,  716,  275,  789,  413,  420,  267,  615, 1030,  417,  817,  206,  808,  573,  137,  305, 1167,  395,  405,  874,  717,  450,  953,  723,  536,  494,  707,  882,  898,  645,  773,  427],
        [  849,    0,  639,  248,  626,   84,  900,  555,  498,  725,   37, 1048,  436,  819,    0,  136,  699,  808,  753,  595,  839,  542,  718,  952,  900,  786,  616,  944,  735,  948,  860,  708,  535,  536,  446,  664,  564, 1073,  262,  579,  593,  311,  788,  226,  582,  377,  868,  546, 1020,  491,  803,  343,  910,  814,  660,  881,  531,  806,  715,  680,  511,  817,  179,  863,  439,  167,  692,  930,  899,  477,  481,  883,  808,  820,  296,  438,  373,  916,  500,  676,  605,  544,  958,  526,  109,  926,  971, 1093,   57, 1076,   25,  659,  512,  849,  780,  714,  858,  763,  208,  186,  710,  471,  265,  964,  727,  471,  269,  729,  450,  400,  204,  599,  775,  598,  584, 1007,  726,  825,  832,  852,  881, 1070,  155,  389,  543,  646,  982,  634,  528,  201,  688,  850,  413,  419,  718,  453,  840,  411,   18,  624,   18,  264,  708,  589,  872,  588,  445,   85,  231,  380,  410,  156,  924,  362,  687,  419,  301,  190,  999,  405],
        [  898,    0,  588,  169,  664,   75,  893,  488,  506,  709,  132, 1109,  538,  931,  136,    0,  821,  839,  784,  595,  825,  618,  841,  971,  940,  890,  606,  943,  737, 1016,  848,  759,  586,  668,  526,  761,  559, 1133,  238,  704,  714,  440,  903,  333,  572,  299,  888,  675, 1088,  615,  842,  362,  919,  878,  769,  812,  570,  830,  758,  747,  590,  837,  314,  848,  531,  297,  728, 1000,  917,  538,  532,  820,  922,  834,  403,  508,  406, 1008,  546,  672,  645,  496,  966,  646,   65,  970,  986, 1138,   95, 1126,  132,  700,  549,  954,  867,  785,  889,  835,  321,  156,  821,  596,  396,  980,  839,  597,  358,  804,  413,  435,  339,  655,  757,  592,  639, 1057,  789,  921,  786,  854,  893, 1099,   25,  470,  571,  706, 1027,  647,  643,  243,  773,  854,  534,  518,  848,  484,  796,  534,  128,  730,  153,  361,  813,  679,  805,  659,  573,   59,  262,  483,  334,  290,  975,  493,  696,  369,  233,  322, 1018,  529],
        [  609,    0,  946,  823,  582,  782,  923,  951,  677,  860,  691,  659,  318,  165,  699,  821,    0,  679,  654,  731,  912,  385,   36,  828,  682,  210,  778,  926,  785,  549,  918,  538,  508,  224,  405,  243,  740,  686,  735,  129,  108,  395,  121,  491,  766,  881,  769,  179,  603,  211,  636,  634,  850,  498,  143, 1187,  561,  717,  577,  437,  379,  745,  555,  938,  356,  534,  606,  527,  801,  470,  508, 1161,  138,  773,  426,  448,  591,  376,  530,  783,  563,  881,  888,  177,  807,  676,  862,  789,  727,  744,  715,  573,  566,  237,  338,  418,  707,  430,  501,  743,  116,  232,  444,  852,  114,  233,  488,  402,  805,  581,  528,  485,  896,  754,  493,  695,  469,  292, 1048,  852,  819,  853,  845,  427,  609,  469,  704,  696,  187,  628,  325,  842,  288,  342,  125,  586, 1048,  289,  700,  175,  686,  475,  178,  300, 1171,  404,  261,  763,  637,  360,  894,  586,  639,  351,  731,  832,  824,  515,  860,  295],
        [  123,    0,  484,  712,  183,  862,  257,  572,  344,  294,  774,  338,  512,  615,  808,  839,  679,    0,   56,  282,  276,  351,  714,  162,  114,  522,  304,  249,  193,  308,  270,  146,  284,  779,  419,  437,  322,  352,  610,  691,  640,  713,  633,  634,  327,  655,   90,  729,  353,  670,   50,  478,  171,  219,  537,  633,  278,   48,  114,  244,  379,   75,  811,  295,  466,  738,  118,  310,  124,  352,  335,  593,  638,  108,  595,  400,  438,  471,  312,  249,  206,  491,  210,  618,  877,  153,  193,  308,  785,  311,  832,  155,  296,  559,  377,  263,   50,  265,  657,  685,  572,  677,  734,  182,  581,  681,  569,  284,  497,  409,  801,  242,  299,  300,  249,  249,  213,  465,  466,  190,  141,  262,  860,  464,  269,  226,  207,  212,  581,  610,  356,  178,  638,  507,  801,  358,  460,  647,  794,  512,  809,  587,  509,  399,  616,  307,  694,  803,  584,  541,  639,  827,  183,  727,  184,  555,  660,  747,  205,  659],
        [  152,    0,  449,  658,  128,  807,  271,  529,  291,  269,  718,  377,  467,  602,  753,  784,  654,   56,    0,  235,  274,  308,  689,  210,  163,  509,  262,  274,  169,  334,  273,  116,  232,  740,  370,  412,  274,  394,  555,  656,  607,  664,  616,  581,  282,  604,  130,  692,  386,  630,   73,  423,  202,  225,  511,  615,  223,   68,   77,  218,  334,   93,  758,  296,  420,  685,   65,  331,  165,  301,  282,  578,  623,  120,  544,  348,  382,  476,  258,  213,  152,  448,  246,  581,  822,  199,  238,  360,  729,  360,  777,  104,  241,  551,  368,  245,  106,  257,  604,  630,  550,  635,  683,  228,  561,  639,  515,  269,  447,  354,  749,  197,  283,  255,  201,  295,  196,  459,  452,  200,  170,  318,  805,  413,  214,  189,  256,  164,  544,  555,  334,  189,  594,  460,  773,  302,  447,  603,  739,  483,  754,  534,  488,  365,  599,  267,  651,  748,  529,  493,  590,  774,  222,  680,  146,  505,  607,  695,  255,  615],
        [  383,    0,  235,  449,  179,  632,  306,  298,   99,  148,  558,  611,  457,  730,  595,  595,  731,  282,  235,    0,  249,  347,  766,  383,  395,  644,   47,  350,  142,  557,  268,  286,  224,  748,  347,  516,   41,  628,  358,  691,  655,  604,  731,  480,   50,  377,  304,  710,  615,  637,  307,  254,  325,  429,  598,  457,  171,  256,  258,  355,  354,  254,  650,  275,  405,  575,  210,  551,  329,  270,  232,  431,  743,  244,  471,  306,  239,  662,  206,   83,  186,  215,  371,  607,  643,  433,  394,  588,  559,  592,  618,  211,  168,  700,  529,  398,  326,  432,  500,  440,  650,  635,  606,  388,  665,  638,  416,  426,  217,  221,  649,  262,  196,   26,  248,  529,  364,  618,  321,  259,  300,  522,  613,  359,  123,  301,  488,   72,  574,  397,  460,  259,  574,  440,  834,  179,  323,  582,  579,  559,  601,  439,  598,  436,  441,  336,  639,  569,  365,  456,  359,  657,  456,  637,  106,  276,  392,  593,  429,  591],
        [  396,    0,  301,  667,  334,  870,   77,  417,  347,  117,  802,  587,  678,  874,  839,  825,  912,  276,  274,  249,    0,  539,  948,  251,  361,  781,  223,  136,  131,  579,   25,  386,  427,  967,  569,  676,  276,  594,  590,  897,  853,  844,  885,  727,  257,  567,  219,  924,  614,  856,  325,  501,  169,  493,  771,  368,  386,  228,  345,  485,  557,  202,  898,   28,  626,  823,  309,  583,  215,  489,  455,  326,  893,  169,  713,  533,  487,  746,  427,  167,  356,  358,  192,  815,  878,  399,  239,  503,  800,  529,  861,  340,  393,  824,  641,  516,  285,  530,  747,  674,  814,  856,  851,  240,  827,  860,  662,  541,  417,  468,  896,  430,   73,  242,  425,  484,  468,  732,  202,   96,  171,  394,  841,  593,  345,  445,  438,  238,  780,  643,  602,  107,  802,  664, 1027,  422,  193,  810,  822,  738,  846,  685,  755,  615,  353,  511,  865,  806,  611,  687,  539,  905,  441,  874,  189,  470,  604,  840,  282,  821],
        [  338,    0,  567,  549,  207,  614,  562,  589,  301,  477,  515,  510,  163,  397,  542,  618,  385,  351,  308,  347,  539,    0,  420,  512,  404,  321,  394,  576,  409,  407,  548,  210,  124,  434,   96,  182,  358,  537,  443,  358,  315,  371,  391,  328,  384,  562,  437,  388,  479,  324,  322,  309,  509,  277,  253,  803,  177,  375,  238,  144,   34,  400,  493,  566,  123,  428,  248,  389,  472,  102,  135,  777,  405,  421,  272,  113,  256,  398,  151,  400,  184,  512,  554,  278,  635,  419,  543,  578,  539,  552,  565,  209,  185,  384,  253,  173,  393,  221,  351,  487,  306,  328,  399,  533,  323,  332,  274,  188,  450,  234,  477,  113,  515,  370,  115,  484,  193,  323,  664,  492,  476,  589,  643,  153,  226,  129,  469,  313,  242,  377,  160,  484,  288,  161,  491,  219,  664,  297,  533,  213,  537,  283,  261,   93,  788,   51,  344,  568,  367,  200,  565,  515,  404,  379,  353,  490,  525,  429,  554,  309],
        [  642,    0,  979,  849,  617,  801,  958,  983,  711,  895,  710,  687,  348,  180,  718,  841,   36,  714,  689,  766,  948,  420,    0,  862,  715,  236,  813,  961,  821,  577,  953,  573,  543,  222,  437,  278,  774,  713,  763,  140,  132,  410,  135,  514,  801,  910,  804,  184,  630,  228,  670,  665,  884,  531,  178, 1222,  595,  752,  612,  472,  414,  780,  569,  974,  388,  552,  642,  555,  836,  504,  542, 1196,  150,  808,  450,  481,  623,  398,  564,  818,  598,  914,  922,  201,  826,  709,  897,  819,  747,  773,  733,  608,  601,  256,  369,  452,  742,  464,  523,  768,  147,  248,  459,  886,  144,  248,  514,  436,  837,  613,  541,  520,  931,  789,  528,  725,  503,  319, 1083,  887,  854,  885,  865,  458,  644,  504,  736,  731,  216,  654,  359,  877,  308,  371,   95,  620, 1083,  308,  719,  210,  704,  501,  211,  335, 1206,  439,  275,  783,  664,  387,  924,  599,  671,  364,  767,  863,  852,  532,  894,  314],
        [  225,    0,  533,  831,  336, 1001,  191,  639,  466,  329,  917,  354,  673,  747,  952,  971,  828,  162,  210,  383,  251,  512,  862,    0,  159,  655,  388,  147,  251,  376,  233,  306,  442,  938,  579,  587,  423,  356,  736,  848,  796,  873,  770,  789,  419,  756,   85,  888,  393,  831,  196,  614,   83,  339,  687,  615,  428,  148,  275,  399,  541,  135,  967,  256,  628,  893,  275,  387,   55,  510,  490,  571,  773,  139,  754,  558,  580,  573,  465,  320,  361,  566,   80,  777, 1014,  184,   36,  253,  925,  283,  976,  314,  444,  683,  507,  411,  123,  401,  812,  815,  717,  838,  893,   26,  724,  842,  723,  427,  597,  553,  958,  404,  308,  393,  409,  249,  361,  588,  451,  161,   90,  147,  991,  622,  410,  387,  204,  325,  740,  752,  504,  152,  800,  668,  951,  500,  441,  809,  938,  665,  955,  742,  653,  557,  599,  468,  855,  939,  724,  702,  735,  981,  232,  888,  278,  655,  774,  904,   48,  821],
        [   74,    0,  595,  818,  277,  958,  323,  685,  453,  400,  867,  230,  566,  592,  900,  940,  682,  114,  163,  395,  361,  404,  715,  159,    0,  501,  417,  294,  301,  224,  350,  198,  366,  810,  486,  445,  434,  242,  714,  714,  660,  774,  617,  712,  441,  767,  143,  758,  254,  707,   98,  579,  215,  186,  544,  727,  372,  150,  185,  271,  436,  167,  887,  375,  526,  817,  212,  232,  158,  430,  420,  685,  619,  197,  667,  475,  535,  416,  400,  360,  296,  605,  234,  650,  975,   41,  194,  199,  880,  198,  924,  242,  392,  526,  354,  272,   79,  252,  736,  787,  569,  717,  801,  184,  575,  721,  649,  282,  609,  506,  874,  310,  397,  413,  321,  136,  226,  432,  560,  267,  197,  186,  962,  536,  372,  276,   94,  325,  613,  706,  362,  255,  688,  565,  806,  456,  552,  697,  887,  527,  900,  665,  505,  430,  711,  355,  737,  901,  682,  603,  751,  905,   81,  782,  297,  667,  769,  823,  181,  710],
        [  431,    0,  875,  852,  472,  867,  777,  907,  617,  751,  768,  452,  352,   94,  786,  890,  210,  522,  509,  644,  781,  321,  236,  655,  501,    0,  690,  770,  663,  344,  782,  396,  432,  411,  387,  140,  663,  478,  750,  302,  251,  515,  117,  561,  687,  879,  608,  358,  394,  352,  474,  624,  690,  317,  133, 1095,  485,  566,  436,  300,  334,  594,  675,  804,  364,  634,  476,  322,  637,  422,  455, 1064,  118,  625,  491,  423,  572,  170,  467,  678,  460,  829,  723,  291,  891,  489,  691,  586,  800,  540,  806,  451,  498,   66,  149,  265,  540,  258,  578,  780,  104,  372,  561,  680,   98,  374,  533,  241,  771,  553,  651,  383,  779,  669,  397,  494,  314,   83,  942,  707,  662,  661,  914,  433,  530,  347,  509,  593,  272,  664,  185,  696,  396,  372,  330,  539,  940,  401,  782,  163,  776,  529,   78,  232, 1079,  313,  403,  833,  662,  408,  884,  704,  448,  487,  616,  810,  836,  622,  682,  413],
        [  413,    0,  194,  453,  222,  648,  288,  268,  131,  113,  579,  639,  501,  776,  616,  606,  778,  304,  262,   47,  223,  394,  813,  388,  417,  690,    0,  337,  139,  591,  245,  325,  271,  792,  392,  562,   54,  655,  369,  737,  701,  642,  778,  514,   35,  369,  314,  755,  646,  682,  335,  280,  323,  467,  645,  410,  218,  272,  294,  399,  401,  266,  681,  248,  450,  607,  246,  586,  335,  315,  277,  384,  789,  251,  509,  351,  272,  704,  252,   69,  231,  188,  366,  652,  657,  456,  395,  606,  577,  614,  638,  252,  214,  745,  572,  441,  345,  474,  533,  453,  696,  679,  642,  390,  711,  682,  451,  469,  210,  257,  681,  307,  163,   25,  294,  553,  405,  662,  276,  251,  301,  531,  623,  402,  169,  346,  510,  106,  620,  421,  505,  252,  617,  484,  880,  219,  278,  625,  600,  606,  623,  475,  644,  483,  395,  383,  682,  584,  388,  498,  347,  686,  483,  677,  121,  268,  392,  625,  433,  633],
        [  349,    0,  437,  789,  376,  982,   60,  552,  447,  245,  908,  500,  729,  863,  944,  943,  926,  249,  274,  350,  136,  576,  961,  147,  294,  770,  337,    0,  210,  517,  112,  388,  481, 1010,  625,  684,  385,  502,  705,  928,  880,  914,  881,  810,  372,  696,  163,  963,  538,  899,  296,  602,   81,  460,  783,  478,  451,  209,  350,  489,  600,  181,  986,  128,  680,  911,  329,  525,  138,  549,  520,  433,  886,  156,  786,  596,  579,  705,  492,  271,  401,  491,   70,  852,  992,  326,  122,  393,  909,  427,  967,  368,  463,  804,  623,  511,  233,  512,  832,  789,  819,  903,  926,  127,  829,  907,  744,  532,  542,  556,  981,  463,  207,  351,  463,  396,  460,  709,  319,   94,  109,  274,  960,  659,  419,  462,  350,  315,  815,  745,  603,   98,  856,  719, 1046,  506,  308,  865,  929,  756,  950,  765,  757,  638,  463,  538,  916,  919,  714,  748,  670,  996,  372,  937,  261,  597,  728,  925,  162,  876],
        [  314,    0,  295,  589,  204,  774,  170,  393,  238,  102,  699,  530,  548,  754,  735,  737,  785,  193,  169,  142,  131,  409,  821,  251,  301,  663,  139,  210,    0,  499,  143,  270,  297,  837,  439,  551,  179,  542,  499,  766,  723,  718,  764,  606,  171,  507,  180,  794,  546,  725,  235,  393,  185,  393,  645,  447,  257,  152,  230,  364,  426,  137,  780,  158,  496,  705,  188,  498,  198,  360,  326,  410,  772,  116,  588,  404,  371,  644,  298,   70,  225,  318,  230,  685,  785,  341,  257,  478,  701,  492,  758,  215,  265,  710,  529,  399,  223,  420,  627,  582,  690,  726,  727,  252,  703,  730,  540,  425,  348,  349,  777,  301,  117,  147,  295,  435,  354,  620,  284,  118,  163,  395,  755,  465,  218,  320,  391,  111,  650,  536,  481,  117,  672,  534,  898,  300,  280,  681,  720,  611,  741,  562,  631,  487,  430,  382,  735,  711,  505,  558,  485,  789,  375,  746,   59,  406,  529,  721,  295,  691],
        [  186,    0,  781,  923,  393, 1018,  546,  854,  585,  600,  920,  115,  544,  423,  948, 1016,  549,  308,  334,  557,  579,  407,  577,  376,  224,  344,  591,  517,  499,    0,  570,  279,  437,  723,  503,  349,  592,  142,  815,  616,  561,  752,  457,  734,  606,  900,  365,  668,   73,  637,  264,  673,  438,  140,  431,  940,  468,  355,  301,  270,  439,  378,  892,  595,  521,  831,  348,   23,  381,  478,  488,  900,  453,  411,  674,  511,  621,  212,  480,  546,  400,  771,  454,  573, 1038,  192,  409,  244,  942,  197,  971,  354,  488,  346,  219,  235,  295,  187,  756,  874,  435,  652,  789,  400,  435,  655,  681,  222,  753,  593,  874,  365,  607,  580,  383,  158,  228,  262,  774,  487,  420,  335, 1040,  560,  490,  312,  186,  487,  541,  773,  283,  475,  645,  552,  672,  553,  767,  653,  939,  431,  944,  689,  378,  382,  924,  361,  678,  969,  757,  595,  892,  916,  145,  744,  478,  807,  885,  830,  387,  666],
        [  389,    0,  325,  691,  342,  892,   52,  442,  366,  141,  823,  573,  690,  875,  860,  848,  918,  270,  273,  268,   25,  548,  953,  233,  350,  782,  245,  112,  143,  570,    0,  387,  439,  978,  581,  680,  297,  579,  612,  905,  861,  860,  888,  744,  279,  591,  207,  934,  603,  866,  320,  521,  151,  488,  776,  384,  400,  223,  347,  487,  567,  196,  916,   26,  638,  842,  312,  574,  199,  502,  469,  340,  895,  163,  729,  546,  505,  741,  440,  186,  365,  383,  170,  825,  900,  387,  218,  485,  821,  512,  882,  346,  407,  824,  640,  517,  276,  529,  764,  696,  818,  867,  867,  220,  830,  871,  679,  541,  441,  485,  914,  438,   97,  263,  433,  470,  468,  730,  219,   84,  156,  374,  864,  607,  359,  450,  423,  252,  789,  663,  605,   95,  814,  677, 1033,  439,  209,  823,  844,  744,  867,  702,  758,  621,  368,  518,  877,  828,  631,  700,  564,  924,  430,  888,  201,  494,  627,  858,  261,  833],
        [  141,    0,  518,  652,  114,  771,  387,  581,  306,  363,  677,  355,  372,  488,  708,  759,  538,  146,  116,  286,  386,  210,  573,  306,  198,  396,  325,  388,  270,  279,  387,    0,  174,  633,  288,  297,  318,  377,  544,  545,  495,  578,  501,  515,  335,  621,  235,  583,  344,  526,  113,  404,  314,  145,  395,  711,  194,  180,   41,  102,  240,  208,  689,  409,  330,  619,   84,  270,  269,  234,  229,  677,  508,  236,  469,  278,  355,  381,  214,  295,  122,  498,  355,  473,  789,  219,  337,  386,  693,  369,  733,   77,  214,  441,  260,  131,  185,  152,  538,  610,  434,  533,  604,  327,  445,  537,  453,  156,  474,  326,  676,  112,  386,  310,  125,  300,   85,  351,  552,  316,  282,  381,  782,  339,  212,   82,  274,  220,  436,  519,  218,  305,  497,  369,  658,  280,  549,  506,  697,  368,  707,  468,  372,  253,  695,  163,  550,  716,  498,  407,  613,  708,  217,  589,  229,  528,  610,  625,  346,  519],
        [  315,    0,  446,  487,  107,  597,  458,  476,  185,  357,  503,  524,  252,  514,  535,  586,  508,  284,  232,  224,  427,  124,  543,  442,  366,  432,  271,  481,  297,  437,  439,  174,    0,  540,  145,  298,  236,  548,  379,  474,  434,  436,  511,  350,  261,  475,  359,  498,  506,  429,  271,  237,  422,  297,  375,  680,   55,  295,  182,  176,  133,  315,  527,  455,  201,  455,  168,  423,  394,   70,   55,  654,  524,  330,  313,  117,  185,  481,   44,  280,   82,  397,  469,  390,  615,  392,  468,  559,  519,  543,  559,  130,   67,  492,  337,  220,  333,  266,  373,  440,  428,  429,  453,  458,  444,  433,  285,  245,  346,  157,  517,   72,  397,  247,   54,  474,  210,  419,  542,  391,  389,  542,  609,  182,  103,  126,  447,  194,  356,  345,  254,  385,  377,  240,  612,  120,  543,  386,  523,  336,  534,  303,  379,  214,  665,  120,  439,  542,  325,  268,  473,  543,  391,  457,  239,  392,  451,  464,  487,  397],
        [  738,    0,  929,  710,  638,  617,  994,  906,  671,  891,  537,  837,  292,  387,  536,  668,  224,  779,  740,  748,  967,  434,  222,  938,  810,  411,  792, 1010,  837,  723,  978,  633,  540,    0,  402,  377,  744,  865,  643,  110,  164,  230,  343,  369,  772,  796,  867,   56,  786,  112,  743,  579,  942,  641,  295, 1185,  584,  807,  667,  542,  412,  832,  370,  994,  343,  372,  682,  701,  901,  481,  518, 1167,  361,  855,  323,  442,  551,  580,  545,  816,  615,  850,  985,  162,  642,  814,  970,  950,  575,  911,  548,  643,  582,  452,  505,  540,  816,  569,  370,  626,  307,  114,  273,  960,  316,  110,  396,  534,  760,  552,  342,  547,  935,  767,  548,  853,  585,  488, 1067,  925,  909,  993,  690,  393,  630,  553,  853,  733,  199,  524,  455,  917,  180,  309,  188,  577, 1070,  174,  541,  294,  521,  375,  352,  383, 1170,  474,  116,  612,  543,  298,  817,  400,  786,  176,  779,  772,  728,  347,  977,  170],
        [  424,    0,  545,  467,  251,  519,  602,  547,  278,  490,  420,  605,  110,  452,  446,  526,  405,  419,  370,  347,  569,   96,  437,  579,  486,  387,  392,  625,  439,  503,  581,  288,  145,  402,    0,  248,  347,  631,  364,  346,  315,  295,  437,  234,  375,  494,  499,  363,  575,  291,  397,  239,  565,  371,  293,  794,  184,  436,  308,  238,   65,  457,  403,  596,   59,  336,  306,  484,  534,   80,  117,  772,  454,  474,  182,   44,  191,  485,  144,  415,  226,  477,  612,  261,  540,  504,  607,  667,  444,  643,  470,  266,  181,  452,  342,  268,  465,  317,  257,  400,  350,  289,  316,  598,  367,  293,  178,  283,  402,  177,  389,  178,  534,  368,  171,  575,  285,  403,  668,  536,  532,  668,  550,   58,  229,  212,  556,  333,  231,  287,  248,  529,  233,   96,  495,  184,  670,  242,  438,  250,  442,  188,  317,  159,  779,  143,  297,  474,  279,  124,  502,  423,  494,  313,  381,  433,  449,  339,  623,  253],
        [  372,    0,  743,  714,  352,  743,  682,  770,  481,  633,  643,  463,  229,  217,  664,  761,  243,  437,  412,  516,  676,  182,  278,  587,  445,  140,  562,  684,  551,  349,  680,  297,  298,  377,  248,    0,  532,  491,  612,  274,  218,  419,  216,  438,  557,  739,  527,  323,  416,  288,  394,  484,  607,  267,  100,  971,  352,  475,  336,  195,  194,  503,  572,  701,  231,  522,  368,  327,  559,  283,  316,  942,  227,  532,  370,  283,  432,  254,  330,  557,  336,  692,  646,  225,  766,  444,  621,  573,  673,  534,  685,  337,  363,  204,  134,  177,  466,  196,  458,  645,  139,  303,  461,  611,  152,  307,  403,  163,  632,  413,  549,  257,  665,  540,  269,  476,  227,  162,  824,  611,  576,  623,  785,  296,  398,  232,  478,  470,  192,  529,   84,  601,  304,  246,  365,  401,  822,  311,  659,   85,  656,  402,   83,   92,  955,  180,  331,  706,  526,  285,  744,  599,  411,  402,  500,  670,  697,  514,  621,  324],
        [  421,    0,  213,  410,  207,  598,  338,  264,   77,  167,  527,  649,  455,  747,  564,  559,  740,  322,  274,   41,  276,  358,  774,  423,  434,  663,   54,  385,  179,  592,  297,  318,  236,  744,  347,  532,    0,  667,  321,  693,  659,  590,  746,  460,   28,  336,  344,  709,  651,  635,  346,  226,  363,  462,  610,  448,  182,  296,  292,  380,  361,  295,  627,  301,  404,  553,  244,  585,  369,  273,  234,  426,  759,  284,  457,  304,  218,  689,  211,  114,  210,  181,  408,  608,  608,  472,  433,  628,  526,  632,  586,  242,  174,  720,  553,  424,  366,  461,  479,  404,  663,  631,  589,  428,  679,  634,  398,  451,  177,  204,  627,  282,  217,   34,  267,  568,  393,  641,  324,  295,  339,  562,  577,  352,  134,  326,  528,  111,  577,  368,  481,  296,  568,  436,  839,  169,  327,  576,  548,  570,  571,  422,  614,  449,  433,  352,  634,  535,  335,  449,  319,  632,  495,  626,  146,  235,  352,  571,  469,  584],
        [  248,    0,  836, 1028,  484, 1140,  544,  922,  674,  641, 1044,   28,  681,  551, 1073, 1133,  686,  352,  394,  628,  594,  537,  713,  356,  242,  478,  655,  502,  542,  142,  579,  377,  548,  865,  631,  491,  667,    0,  921,  757,  702,  891,  588,  864,  676,  991,  377,  810,   85,  779,  322,  780,  433,  261,  572,  962,  570,  391,  386,  394,  570,  408, 1027,  604,  655,  964,  428,  165,  381,  598,  601,  919,  582,  436,  807,  635,  731,  328,  589,  600,  497,  841,  434,  715, 1159,  202,  383,  139, 1063,   88, 1097,  445,  591,  472,  360,  366,  320,  320,  887,  986,  573,  793,  926,  376,  572,  797,  808,  357,  837,  702, 1009,  479,  636,  648,  495,  110,  348,  395,  795,  498,  424,  262, 1156,  688,  584,  429,  157,  557,  682,  891,  424,  487,  785,  688,  807,  657,  786,  793, 1063,  573, 1070,  819,  518,  520,  946,  488,  820, 1088,  872,  730,  979, 1050,  172,  884,  536,  894,  985,  964,  348,  807],
