{
    "name": "random-67-16722",
    "comment": "size=67 seed=16722",
    "nodes": ["+0", "-0", "+1", "-1", "+2", "-2", "+3", "-3", "+4", "-4", "+5", "-5", "+6", "-6", "+7", "-7", "+8", "-8", "+9", "-9", "+10", "-10", "+11", "-11", "+12", "-12", "+13", "-13", "+14", "-14", "+15", "-15", "+16", "-16", "+17", "-17", "+18", "-18", "+19", "-19", "+20", "-20", "+21", "-21", "+22", "-22", "+23", "-23", "+24", "-24", "+25", "-25", "+26", "-26", "+27", "-27", "+28", "-28", "+29", "-29", "+30", "-30", "+31", "-31", "+32", "-32", "+33", "-33", "+34", "-34", "+35", "-35", "+36", "-36", "+37", "-37", "+38", "-38", "+39", "-39", "+40", "-40", "+41", "-41", "+42", "-42", "+43", "-43", "+44", "-44", "+45", "-45", "+46", "-46", "+47", "-47", "+48", "-48", "+49", "-49", "+50", "-50", "+51", "-51", "+52", "-52", "+53", "-53", "+54", "-54", "+55", "-55", "+56", "-56", "+57", "-57", "+58", "-58", "+59", "-59", "+60", "-60", "+61", "-61", "+62", "-62", "+63", "-63", "+64", "-64", "+65", "-65", "+66", "-66", "+67", "-67"],
    "precedence": {
        "+0": "-0",
        "+1": "-1",
        "+2": "-2",
        "+3": "-3",
        "+4": "-4",
        "+5": "-5",
        "+6": "-6",
        "+7": "-7",
        "+8": "-8",
        "+9": "-9",
        "+10": "-10",
        "+11": "-11",
        "+12": "-12",
        "+13": "-13",
        "+14": "-14",
        "+15": "-15",
        "+16": "-16",
        "+17": "-17",
        "+18": "-18",
        "+19": "-19",
        "+20": "-20",
        "+21": "-21",
        "+22": "-22",
        "+23": "-23",
        "+24": "-24",
        "+25": "-25",
        "+26": "-26",
        "+27": "-27",
        "+28": "-28",
        "+29": "-29",
        "+30": "-30",
        "+31": "-31",
        "+32": "-32",
        "+33": "-33",
        "+34": "-34",
        "+35": "-35",
        "+36": "-36",
        "+37": "-37",
        "+38": "-38",
        "+39": "-39",
        "+40": "-40",
        "+41": "-41",
        "+42": "-42",
        "+43": "-43",
        "+44": "-44",
        "+45": "-45",
        "+46": "-46",
        "+47": "-47",
        "+48": "-48",
        "+49": "-49",
        "+50": "-50",
        "+51": "-51",
        "+52": "-52",
        "+53": "-53",
        "+54": "-54",
        "+55": "-55",
        "+56": "-56",
        "+57": "-57",
        "+58": "-58",
        "+59": "-59",
        "+60": "-60",
        "+61": "-61",
        "+62": "-62",
        "+63": "-63",
        "+64": "-64",
        "+65": "-65",
        "+66": "-66",
        "+67": "-67"
    },
    "edges": [
        [    0,    0,  767,  903, 1049, 1058,  597,  689,  534,  167, 1034,  512,  923,  730,  771,  419,  679,  287,  369,  369, 1118,  401,  767, 1160,  578,  570,  933,  520,  472,  379,  912,  269,  822,  414,  904,  605,  333,  263,  516,  409,  833,  434,  955,  557,  305, 1022,  365,  380,  638,  893,  754,  326,  942,  577, 1111,  540,  990,  374,  725,  337,  753,  138,  629,  519,  634,  312,  922,  401,  912,  715,  790,  578,  166,  893,  813,  797,  429,  605,  931,  165,  306,  758,  497,  678,  490,  354,  613,  439,  201,  328,  461,  573,  394,  841,  886,  256,  516,  876,  686,  652, 1060,  424,  966,  322,  523,  926, 1100,  356,  513,  887,  404,  574,   84,  960,  953,  642,  891,  806,  759,  211,  484,  822,   54,  456,  199,  564,  636,  736, 1109,  265,  330,  148,  342,  967,  390, 1008],
        [    0,    0,    0,    0,    0,    0,    0,    0,    0,    0,    0,    0,    0,    0,    0,    0,    0,    0,    0,    0,    0,    0,    0,    0,    0,    0,    0,    0,    0,    0,    0,    0,    0,    0,    0,    0,    0,    0,    0,    0,    0,    0,    0,    0,    0,    0,    0,    0,    0,    0,    0,    0,    0,    0,    0,    0,    0,    0,    0,    0,    0,    0,    0,    0,    0,    0,    0,    0,    0,    0,    0,    0,    0,    0,    0,    0,    0,    0,    0,    0,    0,    0,    0,    0,    0,    0,    0,    0,    0,    0,    0,    0,    0,    0,    0,    0,    0,    0,    0,    0,    0,    0,    0,    0,    0,    0,    0,    0,    0,    0,    0,    0,    0,    0,    0,    0,    0,    0,    0,    0,    0,    0,    0,    0,    0,    0,    0,    0,    0,    0,    0,    0,    0,    0,    0,    0],
        [  767,    0,    0,  765,  879,  895,  900,  145,  560,  695,  938,  838,  204,  992,  373,  687,  357,  614,  411,  479,  956,  701,  242, 1018,  266,  990,  369,  286, 1048,  842,  871,  512,  871,  979,  160,  525,  496,  843,  268,  414,  730,  398,  863,  415,  688,  915,  774,  528,  927,  268,  935,  609,  865,  228,  982,  228,  757,  490,  598,  528,  357,  850,  304,  346,  196,  459,  709,  457,  563,  779,  976,  628,  618,  942,  870,  292,  730,  988,  694,  825,  520, 1009, 1063,  959,  282,  959, 1074,  363,  599,  876,  315,  595,  471,  408,  933,  580,  592,  237,  141,  617,  925,  502,  778,  573,  683,  752,  983,  412,  343,  652,  393, 1128,  688,  239,  945,  318,  604,  785,  943,  601, 1003,  928,  766,  416,  890,  461, 1191,   35, 1004,  562,  647,  684,  956,  702,  670,  697],
        [  903,    0,  765,    0,  149,  160,  466,  631,  379,  736,  175,  492,  697,  443,  395,  494,  419,  618,  816,  931,  225,  516,  528,  279,  569,  598,  498,  613,  779,  624,  126,  842,  206,  743,  737,  329,  913,  735,  804,  890,   70,  583,   99,  440, 1077,  153,  587,  995,  455,  576,  348, 1027,  104,  837,  233,  714,  118,  574,  201,  594,  410,  863,  490,  536,  605,  797,   87,  936,  252,  231,  366,  325,  879,  233,  213,  486,  500,  561,  112,  809,  640,  439,  773,  453,  694,  778,  669,  623,  726,  706,  789,  333,  565,  381,  226,  664,  389,  595,  637,  255,  175,  511,   72,  591,  389,   41,  229,  763,  547,  128,  848,  791,  879,  706,  198,  471,  187,  132,  354,  914,  702,  276,  944,  538,  851,  400,  826,  770,  247,  923, 1063,  756,  787,  143,  518,  199],
        [ 1049,    0,  879,  149,    0,   18,  578,  753,  527,  882,   99,  617,  785,  526,  507,  637,  547,  765,  961, 1077,   80,  658,  637,  140,  703,  706,  572,  752,  895,  757,  176,  990,  290,  866,  830,  476, 1059,  873,  941, 1034,  218,  729,  115,  583, 1225,   81,  724, 1141,  559,  663,  434, 1175,  133,  971,  105,  850,  127,  723,  347,  743,  525, 1005,  622,  678,  733,  944,  172, 1081,  326,  356,  438,  472, 1028,  275,  300,  590,  640,  664,  185,  950,  789,  515,  887,  548,  833,  906,  767,  767,  875,  839,  930,  482,  713,  477,  273,  813,  537,  686,  759,  403,   56,  660,  103,  739,  531,  138,  110,  909,  688,  229,  992,  895, 1028,  788,  205,  602,  276,  254,  437, 1063,  818,  346, 1092,  684,  990,  546,  923,  887,  132, 1071, 1210,  902,  916,  184,  662,  213],
        [ 1058,    0,  895,  160,   18,    0,  579,  769,  538,  891,   87,  620,  802,  523,  524,  645,  563,  775,  974, 1090,   66,  665,  654,  125,  718,  706,  589,  766,  896,  761,  176, 1002,  290,  868,  847,  489, 1072,  878,  956, 1047,  228,  741,  115,  596, 1237,   72,  730, 1154,  559,  680,  432, 1187,  133,  986,   88,  865,  144,  734,  360,  754,  541, 1012,  637,  691,  749,  956,  188, 1094,  343,  361,  434,  481, 1039,  270,  300,  607,  646,  664,  202,  957,  800,  511,  887,  546,  847,  910,  766,  780,  885,  843,  944,  492,  725,  494,  268,  823,  547,  703,  775,  414,   40,  671,  119,  749,  539,  152,   93,  921,  702,  245, 1005,  894, 1037,  805,  198,  617,  293,  260,  434, 1074,  819,  343, 1101,  697,  996,  559,  921,  903,  115, 1083, 1222,  911,  920,  201,  670,  229],
        [  597,    0,  900,  466,  578,  579,    0,  760,  343,  448,  522,   89,  938,  135,  636,  242,  583,  391,  714,  804,  624,  241,  731,  646,  635,  133,  810,  633,  317,  224,  405,  681,  292,  294,  954,  397,  772,  352,  788,  795,  410,  534,  465,  487,  864,  520,  235,  854,   42,  840,  171,  847,  447,  847,  600,  732,  583,  457,  411,  441,  633,  503,  605,  558,  705,  665,  533,  824,  633,  238,  199,  286,  658,  339,  282,  720,  203,  104,  554,  450,  480,  162,  310,   83,  684,  344,  212,  582,  502,  298,  746,  318,  467,  674,  335,  457,  310,  844,  762,  336,  564,  416,  538,  402,  218,  505,  584,  661,  563,  534,  760,  326,  616,  963,  413,  598,  576,  335,  174,  710,  240,  257,  650,  500,  466,  445,  366,  886,  586,  745,  870,  477,  357,  594,  271,  650],
        [  689,    0,  145,  631,  753,  769,  760,    0,  418,  593,  806,  701,  235,  848,  248,  553,  216,  498,  367,  462,  831,  569,  134,  892,  133,  853,  303,  173,  923,  715,  732,  458,  729,  855,  222,  381,  468,  729,  254,  398,  592,  280,  728,  273,  667,  783,  647,  521,  785,  225,  791,  592,  729,  249,  854,  172,  634,  371,  457,  411,  229,  754,  160,  214,   61,  399,  581,  447,  448,  635,  832,  485,  556,  801,  727,  187,  596,  850,  569,  723,  412,  865,  937,  816,  207,  841,  939,  256,  504,  756,  281,  451,  349,  298,  792,  474,  450,  200,    8,  473,  796,  372,  650,  454,  542,  622,  854,  348,  213,  524,  365,  999,  616,  272,  806,  174,  481,  644,  799,  552,  874,  785,  697,  288,  789,  318, 1061,  141,  874,  523,  632,  586,  839,  581,  539,  584],
        [  534,    0,  560,  379,  527,  538,  343,  418,    0,  372,  531,  292,  599,  434,  317,  176,  247,  247,  458,  570,  601,  199,  393,  651,  298,  446,  498,  308,  555,  350,  420,  469,  366,  495,  613,   80,  547,  420,  486,  538,  311,  233,  447,  145,  701,  515,  288,  631,  368,  510,  387,  655,  439,  536,  603,  414,  457,  199,  192,  216,  309,  519,  263,  226,  365,  429,  389,  580,  394,  254,  430,   79,  501,  445,  361,  389,  209,  437,  397,  468,  262,  453,  562,  400,  374,  503,  533,  280,  349,  417,  456,   51,  194,  372,  436,  288,   38,  510,  420,  125,  547,  136,  437,  215,  126,  397,  595,  403,  234,  354,  497,  612,  504,  627,  480,  256,  362,  310,  395,  537,  491,  403,  572,  188,  523,  102,  669,  548,  609,  550,  689,  387,  507,  433,  182,  476],
        [  167,    0,  695,  736,  882,  891,  448,  593,  372,    0,  867,  361,  824,  582,  633,  252,  542,  127,  347,  398,  951,  236,  649,  993,  469,  445,  804,  420,  400,  247,  745,  272,  657,  331,  814,  446,  362,  170,  476,  414,  666,  317,  788,  415,  418,  855,  214,  434,  490,  777,  597,  409,  775,  541,  944,  470,  826,  237,  563,  196,  616,  165,  504,  398,  534,  286,  758,  425,  758,  548,  635,  412,  218,  730,  648,  671,  266,  474,  768,  131,  182,  610,  422,  531,  415,  289,  505,  338,  100,  226,  421,  408,  259,  701,  722,  120,  352,  764,  591,  487,  893,  275,  801,  168,  356,  760,  933,  311,  394,  725,  392,  498,  168,  860,  787,  513,  732,  639,  602,  272,  386,  660,  214,  326,  197,  414,  563,  667,  943,  316,  428,   29,  281,  804,  223,  847],
        [ 1034,    0,  938,  175,   99,   87,  522,  806,  531,  867,    0,  573,  859,  453,  566,  616,  594,  757,  981, 1096,  105,  636,  699,  128,  742,  644,  651,  785,  838,  717,  124, 1000,  232,  815,  902,  493, 1075,  839,  976, 1057,  228,  748,   85,  609, 1231,   25,  693, 1158,  498,  737,  365, 1186,   94, 1011,   79,  887,  210,  730,  370,  745,  582,  978,  665,  707,  780,  958,  235, 1102,  402,  322,  362,  467, 1029,  195,  242,  654,  612,  600,  254,  923,  792,  439,  827,  481,  865,  860,  698,  790,  871,  799,  959,  483,  723,  546,  196,  809,  534,  759,  812,  408,   51,  667,  169,  736,  512,  187,   67,  927,  717,  290, 1015,  829, 1020,  865,  119,  646,  345,  229,  367, 1067,  761,  275, 1080,  703,  957,  567,  851,  943,   78, 1080, 1220,  889,  871,  264,  644,  303],
        [  512,    0,  838,  492,  617,  620,   89,  701,  292,  361,  573,    0,  891,  223,  601,  161,  539,  305,  631,  718,  671,  157,  685,  699,  573,  155,  780,  564,  293,  148,  451,  594,  343,  252,  903,  357,  685,  275,  711,  711,  429,  460,  507,  431,  776,  567,  148,  767,  130,  800,  245,  759,  490,  771,  651,  659,  605,  379,  399,  359,  596,  424,  552,  493,  644,  580,  548,  739,  626,  263,  279,  251,  570,  401,  333,  680,  120,  151,  567,  370,  397,  250,  292,  171,  609,  290,  241,  507,  415,  228,  666,  278,  391,  647,  396,  370,  256,  801,  702,  316,  610,  344,  564,  319,  169,  528,  637,  578,  497,  540,  677,  329,  528,  919,  471,  547,  575,  365,  249,  622,  219,  322,  564,  429,  393,  393,  381,  822,  641,  657,  782,  389,  300,  607,  188,  662],
        [  923,    0,  204,  697,  785,  802,  938,  235,  599,  824,  859,  891,    0, 1006,  319,  757,  355,  723,  589,  672,  856,  776,  207,  919,  357, 1045,  219,  406, 1136,  926,  816,  685,  844, 1071,   55,  542,  684,  953,  457,  606,  679,  509,  794,  464,  880,  835,  859,  724,  957,  123,  935,  802,  801,  427,  889,  394,  659,  596,  571,  638,  314,  987,  345,  434,  291,  628,  626,  651,  460,  771,  972,  652,  787,  905,  845,  225,  797, 1035,  606,  954,  643, 1019, 1148,  983,  437, 1062, 1132,  489,  737,  975,  497,  621,  574,  317,  897,  705,  636,  103,  238,  617,  837,  587,  692,  679,  724,  675,  894,  578,  436,  572,  580, 1205,  849,   39,  891,  346,  515,  750,  943,  778, 1081,  909,  929,  510, 1019,  498, 1264,  236,  916,  745,  841,  819, 1061,  602,  748,  582],
        [  730,    0,  992,  443,  526,  523,  135,  848,  434,  582,  453,  223, 1006,    0,  693,  367,  655,  521,  839,  933,  557,  369,  802,  568,  731,  206,  856,  737,  403,  354,  351,  811,  241,  398, 1029,  471,  901,  481,  903,  920,  402,  646,  413,  577,  998,  457,  369,  984,   93,  900,   95,  980,  395,  959,  526,  840,  560,  576,  448,  564,  695,  632,  690,  658,  797,  792,  522,  952,  651,  247,   93,  364,  792,  259,  232,  783,  332,  160,  546,  580,  606,   29,  388,   53,  795,  456,  247,  695,  635,  423,  864,  397,  584,  720,  258,  587,  406,  908,  851,  390,  500,  529,  509,  529,  318,  484,  509,  784,  665,  537,  884,  379,  750, 1028,  336,  679,  588,  317,   91,  843,  331,  180,  783,  608,  592,  531,  399,  981,  506,  877, 1003,  611,  470,  583,  398,  640],
        [  771,    0,  373,  395,  507,  524,  636,  248,  317,  633,  566,  601,  319,  693,    0,  491,   93,  511,  536,  649,  585,  513,  133,  647,  238,  753,  182,  302,  871,  666,  507,  602,  526,  811,  350,  245,  643,  723,  470,  592,  367,  343,  493,  219,  837,  543,  601,  713,  651,  208,  618,  770,  497,  484,  610,  376,  387,  400,  253,  439,   23,  795,  158,  261,  240,  545,  337,  643,  202,  454,  655,  352,  679,  590,  527,   95,  526,  737,  323,  751,  466,  704,  878,  673,  379,  816,  839,  357,  571,  728,  475,  324,  379,   71,  581,  520,  354,  217,  255,  304,  553,  360,  406,  467,  433,  380,  611,  497,  270,  279,  553,  927,  715,  337,  582,  139,  233,  433,  626,  693,  807,  591,  795,  316,  812,  230,  981,  380,  631,  680,  809,  638,  818,  333,  491,  337],
        [  419,    0,  687,  494,  637,  645,  242,  553,  176,  252,  616,  161,  757,  367,  491,    0,  415,  159,  474,  567,  703,   25,  555,  743,  422,  305,  672,  407,  383,  175,  494,  446,  406,  321,  763,  255,  536,  252,  550,  555,  425,  301,  538,  294,  647,  605,  112,  619,  279,  677,  359,  620,  525,  610,  694,  500,  593,  218,  343,  200,  481,  370,  413,  341,  494,  426,  527,  585,  562,  297,  400,  179,  439,  479,  397,  557,   44,  310,  541,  315,  240,  392,  392,  319,  449,  328,  388,  347,  277,  242,  506,  189,  230,  547,  472,  224,  141,  673,  554,  259,  644,  187,  562,  162,  107,  522,  683,  420,  344,  503,  519,  449,  413,  787,  536,  412,  523,  389,  365,  487,  325,  413,  466,  273,  362,  265,  509,  668,  692,  515,  647,  276,  332,  580,   33,  628],
        [  679,    0,  357,  419,  547,  563,  583,  216,  247,  542,  594,  539,  355,  655,   93,  415,    0,  422,  453,  568,  626,  436,  149,  687,  162,  692,  265,  221,  797,  589,  517,  514,  516,  735,  374,  187,  559,  638,  401,  514,  376,  252,  514,  130,  750,  571,  523,  632,  602,  263,  588,  685,  514,  425,  646,  308,  435,  308,  242,  348,   75,  705,   78,  170,  187,  457,  376,  564,  272,  428,  628,  298,  588,  586,  515,  143,  453,  681,  368,  662,  374,  669,  806,  629,  301,  735,  779,  268,  479,  648,  399,  266,  287,  163,  577,  428,  284,  263,  222,  268,  588,  271,  444,  378,  371,  413,  644,  411,  180,  320,  473,  858,  623,  381,  591,   57,  286,  429,  597,  603,  737,  575,  703,  224,  724,  151,  916,  356,  664,  593,  724,  547,  737,  386,  412,  401],
        [  287,    0,  614,  618,  765,  775,  391,  498,  247,  127,  757,  305,  723,  521,  511,  159,  422,    0,  330,  414,  836,  153,  537,  881,  367,  426,  685,  330,  438,  242,  637,  290,  557,  368,  718,  320,  381,  232,  430,  409,  548,  219,  675,  293,  489,  743,  182,  463,  431,  666,  518,  462,  664,  494,  832,  401,  703,  128,  439,   87,  496,  285,  391,  290,  437,  277,  635,  434,  631,  444,  559,  294,  281,  633,  549,  555,  190,  443,  644,  240,  103,  548,  456,  472,  345,  346,  500,  252,  119,  263,  379,  286,  150,  578,  625,   66,  230,  655,  497,  365,  779,  151,  680,   45,  250,  640,  822,  280,  288,  600,  377,  526,  264,  757,  685,  397,  606,  528,  524,  328,  403,  570,  327,  215,  303,  289,  591,  590,  833,  357,  488,  141,  343,  680,  127,  722],
        [  369,    0,  411,  816,  961,  974,  714,  367,  458,  347,  981,  631,  589,  839,  536,  474,  453,  330,    0,  117, 1039,  475,  479, 1094,  300,  755,  656,  235,  744,  566,  875,  103,  823,  675,  560,  488,  107,  516,  149,   82,  754,  233,  896,  379,  305,  962,  511,  182,  753,  590,  819,  234,  890,  209, 1048,  197,  865,  269,  615,  276,  514,  474,  380,  290,  327,   62,  800,  122,  724,  709,  862,  534,  210,  902,  817,  523,  512,  772,  798,  464,  235,  864,  765,  792,  165,  635,  827,  195,  249,  568,   96,  509,  268,  605,  893,  268,  468,  566,  361,  576,  990,  327,  861,  313,  534,  823, 1042,   56,  279,  749,   47,  840,  286,  627,  938,  399,  729,  767,  827,  191,  722,  854,  359,  279,  526,  416,  905,  378, 1057,  157,  274,  326,  628,  824,  444,  848],
        [  369,    0,  479,  931, 1077, 1090,  804,  462,  570,  398, 1096,  718,  672,  933,  649,  567,  568,  414,  117,    0, 1155,  564,  583, 1209,  412,  832,  760,  348,  796,  637,  988,  128,  932,  729,  637,  603,   38,  566,  215,   67,  869,  349, 1011,  496,  210, 1077,  588,   65,  844,  686,  920,  131, 1004,  255, 1163,  291,  982,  375,  731,  375,  627,  494,  493,  406,  430,  144,  916,   32,  839,  817,  962,  644,  205, 1011,  926,  629,  602,  853,  915,  497,  329,  959,  819,  884,  272,  682,  898,  312,  312,  624,  182,  620,  377,  717, 1002,  348,  577,  661,  456,  689, 1105,  436,  978,  405,  637,  940, 1157,  169,  396,  866,   98,  895,  288,  709, 1049,  513,  845,  879,  927,  159,  784,  959,  343,  394,  552,  532,  961,  445, 1172,  106,  170,  372,  673,  941,  536,  964],
        [ 1118,    0,  956,  225,   80,   66,  624,  831,  601,  951,  105,  671,  856,  557,  585,  703,  626,  836, 1039, 1155,    0,  723,  714,   63,  782,  747,  641,  831,  940,  814,  220, 1066,  333,  915,  902,  553, 1137,  933, 1021, 1112,  291,  806,  166,  661, 1301,  104,  785, 1218,  600,  735,  469, 1252,  182, 1050,   47,  929,  200,  798,  425,  817,  603, 1069,  701,  756,  812, 1021,  251, 1159,  399,  414,  466,  543, 1102,  299,  343,  666,  702,  704,  262, 1013,  863,  543,  930,  585,  912,  959,  803,  845,  947,  895, 1009,  555,  789,  552,  300,  885,  609,  759,  837,  477,   61,  735,  183,  812,  597,  217,   63,  986,  767,  308, 1070,  933, 1099,  857,  223,  681,  353,  315,  471, 1138,  863,  378, 1162,  762, 1051,  624,  956,  964,   81, 1147, 1287,  972,  970,  256,  729,  277],
        [  401,    0,  701,  516,  658,  665,  241,  569,  199,  236,  636,  157,  776,  369,  513,   25,  436,  153,  475,  564,  723,    0,  575,  762,  438,  294,  695,  420,  362,  153,  513,  442,  422,  299,  781,  279,  532,  228,  557,  555,  447,  312,  558,  314,  637,  625,   89,  615,  280,  698,  368,  613,  545,  618,  713,  510,  615,  226,  367,  203,  503,  348,  432,  356,  510,  425,  551,  584,  586,  315,  408,  203,  429,  494,  413,  579,   38,  303,  564,  293,  241,  396,  372,  321,  458,  304,  376,  357,  268,  218,  511,  213,  240,  570,  487,  218,  165,  694,  570,  282,  664,  200,  584,  163,  128,  544,  702,  422,  359,  527,  521,  431,  399,  806,  552,  431,  547,  409,  374,  478,  306,  426,  449,  286,  339,  286,  492,  682,  710,  509,  639,  261,  308,  603,   33,  652],
        [  767,    0,  242,  528,  637,  654,  731,  134,  393,  649,  699,  685,  207,  802,  133,  555,  149,  537,  479,  583,  714,  575,    0,  776,  191,  839,  178,  254,  936,  727,  638,  561,  652,  872,  227,  336,  584,  763,  383,  520,  497,  335,  626,  262,  783,  675,  660,  644,  751,  129,  734,  710,  629,  383,  741,  294,  515,  413,  375,  455,  120,  813,  148,  252,  154,  501,  468,  571,  322,  571,  772,  446,  651,  718,  652,   54,  594,  829,  453,  774,  470,  816,  946,  777,  315,  867,  926,  329,  571,  780,  402,  414,  391,  168,  709,  529,  430,  120,  141,  414,  684,  393,  537,  493,  518,  512,  742,  451,  256,  411,  485, 1002,  701,  234,  713,  144,  362,  561,  742,  655,  878,  714,  782,  324,  839,  293, 1060,  253,  763,  632,  750,  648,  868,  460,  548,  457],
        [ 1160,    0, 1018,  279,  140,  125,  646,  892,  651,  993,  128,  699,  919,  568,  647,  743,  687,  881, 1094, 1209,   63,  762,  776,    0,  842,  764,  703,  889,  960,  844,  251, 1118,  357,  939,  965,  607, 1190,  966, 1079, 1168,  342,  861,  207,  718, 1351,  139,  820, 1273,  619,  797,  484, 1304,  219, 1110,   50,  988,  263,  849,  480,  866,  665, 1105,  761,  814,  873, 1074,  312, 1214,  462,  450,  475,  589, 1151,  311,  367,  728,  740,  719,  324, 1050,  913,  551,  948,  600,  970,  986,  814,  901,  994,  926, 1066,  603,  841,  614,  314,  932,  656,  821,  899,  527,  105,  786,  243,  859,  638,  276,   63, 1041,  824,  369, 1126,  946, 1145,  919,  235,  741,  415,  355,  485, 1188,  884,  393, 1205,  816, 1085,  679,  965, 1027,   62, 1199, 1338, 1015,  997,  319,  771,  339],
        [  578,    0,  266,  569,  703,  718,  635,  133,  298,  469,  742,  573,  357,  731,  238,  422,  162,  367,  300,  412,  782,  438,  191,  842,    0,  724,  364,   66,  791,  582,  655,  374,  635,  723,  352,  277,  407,  598,  240,  355,  518,  152,  660,  156,  603,  721,  514,  475,  663,  315,  680,  534,  658,  269,  799,  147,  594,  240,  376,  281,  216,  632,   85,   82,   73,  315,  534,  405,  432,  533,  723,  370,  461,  710,  632,  228,  465,  723,  527,  597,  287,  750,  804,  696,  142,  709,  809,  139,  385,  624,  239,  337,  219,  306,  701,  349,  328,  299,  133,  373,  741,  239,  601,  324,  418,  567,  797,  265,   81,  479,  315,  867,  511,  392,  726,  105,  447,  557,  689,  467,  742,  685,  592,  156,  663,  204,  929,  251,  815,  449,  574,  465,  708,  547,  407,  563],
        [  570,    0,  990,  598,  706,  706,  133,  853,  446,  445,  644,  155, 1045,  206,  753,  305,  692,  426,  755,  832,  747,  294,  839,  764,  724,    0,  930,  712,  198,  198,  531,  704,  417,  196, 1057,  510,  797,  308,  848,  833,  543,  605,  592,  585,  859,  644,  245,  874,  148,  954,  281,  854,  574,  910,  720,  804,  716,  519,  539,  493,  748,  454,  706,  644,  796,  700,  666,  855,  763,  371,  295,  401,  662,  454,  407,  833,  262,   47,  687,  408,  525,  231,  185,  165,  752,  257,   87,  650,  521,  243,  801,  430,  533,  796,  451,  488,  410,  955,  855,  460,  688,  491,  669,  449,  322,  637,  704,  705,  647,  667,  802,  193,  606, 1073,  530,  701,  707,  467,  280,  717,  125,  371,  624,  577,  406,  547,  235,  973,  703,  758,  872,  474,  271,  727,  327,  783],
        [  933,    0,  369,  498,  572,  589,  810,  303,  498,  804,  651,  780,  219,  856,  182,  672,  265,  685,  656,  760,  641,  695,  178,  703,  364,  930,    0,  429, 1053,  847,  621,  737,  665,  993,  269,  425,  762,  902,  557,  697,  491,  499,  592,  394,  961,  627,  783,  820,  821,  104,  775,  888,  600,  550,  676,  470,  446,  568,  409,  609,  193,  968,  304,  414,  331,  678,  420,  747,  250,  611,  808,  530,  825,  718,  668,  138,  707,  912,  398,  925,  630,  864, 1059,  841,  492,  997, 1016,  500,  734,  909,  578,  503,  546,  136,  710,  687,  535,  134,  310,  474,  625,  535,  483,  641,  613,  470,  681,  627,  421,  370,  662, 1107,  871,  217,  695,  292,  311,  570,  782,  831,  988,  735,  952,  480,  988,  411, 1160,  391,  703,  809,  928,  806,  999,  389,  672,  365],
        [  520,    0,  286,  613,  752,  766,  633,  173,  308,  420,  785,  564,  406,  737,  302,  407,  221,  330,  235,  348,  831,  420,  254,  889,   66,  712,  429,    0,  763,  557,  691,  308,  661,  694,  394,  303,  342,  560,  192,  293,  558,  112,  702,  180,  538,  764,  490,  412,  664,  376,  694,  469,  698,  232,  845,  107,  647,  205,  416,  243,  280,  582,  146,   83,  116,  249,  584,  343,  493,  554,  737,  385,  398,  739,  658,  293,  450,  715,  579,  550,  240,  758,  778,  699,   82,  675,  795,   83,  332,  591,  180,  353,  186,  370,  730,  302,  333,  357,  171,  400,  787,  221,  650,  288,  420,  614,  842,  199,   75,  531,  253,  844,  450,  443,  760,  165,  503,  589,  702,  402,  718,  706,  531,  135,  616,  227,  907,  264,  859,  383,  508,  414,  672,  602,  388,  621],
        [  472,    0, 1048,  779,  895,  896,  317,  923,  555,  400,  838,  293, 1136,  403,  871,  383,  797,  438,  744,  796,  940,  362,  936,  960,  791,  198, 1053,  763,    0,  210,  722,  671,  608,   71, 1140,  630,  759,  231,  863,  813,  718,  651,  781,  675,  776,  837,  278,  827,  341, 1059,  477,  788,  764,  928,  915,  839,  894,  558,  688,  522,  862,  337,  793,  710,  863,  684,  839,  824,  916,  548,  493,  533,  603,  650,  598,  940,  346,  244,  858,  310,  539,  427,   26,  363,  783,  119,  180,  689,  496,  178,  810,  554,  578,  924,  647,  486,  518, 1055,  923,  604,  880,  553,  851,  476,  446,  816,  899,  703,  711,  832,  790,  102,  530, 1168,  726,  793,  866,  649,  477,  657,   78,  567,  523,  636,  278,  647,  166, 1026,  899,  706,  798,  425,  131,  898,  389,  954],
        [  379,    0,  842,  624,  757,  761,  224,  715,  350,  247,  717,  148,  926,  354,  666,  175,  589,  242,  566,  637,  814,  153,  727,  844,  582,  198,  847,  557,  210,    0,  595,  509,  489,  146,  930,  428,  601,  129,  671,  642,  558,  446,  648,  466,  662,  711,   68,  678,  264,  850,  391,  656,  632,  735,  796,  638,  733,  354,  502,  321,  656,  279,  583,  501,  655,  509,  672,  661,  727,  401,  422,  340,  464,  549,  479,  731,  143,  229,  689,  227,  344,  382,  223,  302,  584,  159,  262,  486,  325,   83,  621,  357,  372,  721,  544,  299,  315,  846,  715,  416,  753,  344,  696,  274,  254,  658,  782,  519,  502,  656,  613,  287,  409,  958,  618,  583,  683,  503,  394,  519,  162,  470,  433,  427,  245,  439,  351,  820,  787,  561,  674,  276,  166,  729,  179,  781],
        [  912,    0,  871,  126,  176,  176,  405,  732,  420,  745,  124,  451,  816,  351,  507,  494,  517,  637,  875,  988,  220,  513,  638,  251,  655,  531,  621,  691,  722,  595,    0,  888,  115,  696,  853,  391,  966,  716,  882,  953,  142,  644,   63,  512, 1116,  117,  569, 1050,  384,  696,  258, 1074,   44,  921,  203,  796,  225,  618,  279,  630,  519,  855,  582,  610,  700,  848,  211,  997,  377,  199,  264,  350,  912,  111,  125,  599,  489,  489,  237,  799,  678,  341,  713,  372,  769,  739,  591,  688,  752,  676,  861,  370,  613,  500,  106,  691,  419,  714,  738,  300,  160,  555,  172,  618,  390,  162,  190,  820,  620,  253,  911,  719,  900,  827,   76,  564,  312,  111,  261,  952,  645,  172,  958,  598,  834,  467,  747,  872,  198,  967, 1106,  768,  750,  264,  523,  317],
        [  269,    0,  512,  842,  990, 1002,  681,  458,  469,  272, 1000,  594,  685,  811,  602,  446,  514,  290,  103,  128, 1066,  442,  561, 1118,  374,  704,  737,  308,  671,  509,  888,    0,  824,  603,  659,  514,   93,  441,  251,  146,  777,  270,  916,  420,  240,  983,  461,  174,  721,  677,  802,  186,  907,  310, 1071,  292,  904,  271,  644,  261,  581,  382,  446,  344,  412,   60,  836,  154,  779,  709,  844,  539,  107,  902,  818,  601,  479,  727,  838,  378,  214,  837,  694,  762,  252,  558,  771,  247,  185,  498,  198,  519,  278,  673,  894,  224,  471,  656,  453,  593, 1014,  334,  894,  286,  523,  855, 1063,  111,  335,  790,  136,  770,  185,  724,  945,  464,  776,  778,  809,   95,  657,  847,  257,  311,  436,  448,  835,  480, 1077,   82,  221,  247,  550,  867,  414,  896],
        [  822,    0,  871,  206,  290,  290,  292,  729,  366,  657,  232,  343,  844,  241,  526,  406,  516,  557,  823,  932,  333,  422,  652,  357,  635,  417,  665,  661,  608,  489,  115,  824,    0,  584,  875,  359,  907,  612,  848,  903,  179,  598,  176,  482, 1044,  229,  469,  992,  270,  728,  147, 1008,  158,  893,  310,  768,  320,  558,  277,  563,  534,  755,  572,  579,  689,  790,  288,  944,  436,  116,  161,  290,  837,   79,   11,  620,  394,  375,  313,  700,  611,  235,  599,  259,  734,  629,  478,  645,  675,  570,  820,  316,  556,  535,   71,  616,  356,  741,  733,  262,  273,  497,  269,  544,  308,  246,  295,  767,  588,  314,  863,  606,  818,  859,  132,  556,  370,   95,  151,  880,  531,   73,  870,  553,  731,  435,  634,  868,  299,  901, 1038,  682,  641,  348,  436,  404],
        [  414,    0,  979,  743,  866,  868,  294,  855,  495,  331,  815,  252, 1071,  398,  811,  321,  735,  368,  675,  729,  915,  299,  872,  939,  723,  196,  993,  694,   71,  146,  696,  603,  584,    0, 1073,  572,  692,  163,  792,  744,  680,  582,  753,  611,  716,  812,  213,  761,  324,  996,  462,  725,  736,  858,  893,  769,  856,  489,  639,  453,  801,  283,  727,  642,  795,  614,  798,  756,  865,  513,  483,  479,  538,  632,  574,  877,  287,  242,  816,  249,  469,  424,   91,  352,  713,   66,  208,  619,  426,  108,  739,  499,  509,  866,  629,  415,  459,  991,  855,  553,  855,  486,  815,  407,  393,  779,  878,  633,  643,  787,  720,  167,  468, 1102,  707,  728,  818,  615,  463,  592,   77,  550,  466,  568,  227,  585,  233,  956,  879,  641,  737,  357,   80,  857,  325,  911],
        [  904,    0,  160,  737,  830,  847,  954,  222,  613,  814,  902,  903,   55, 1029,  350,  763,  374,  718,  560,  637,  902,  781,  227,  965,  352, 1057,  269,  394, 1140,  930,  853,  659,  875, 1073,    0,  560,  651,  949,  423,  571,  714,  501,  834,  473,  846,  878,  862,  686,  975,  168,  960,  767,  840,  387,  934,  368,  704,  591,  600,  632,  342,  975,  352,  432,  282,  603,  668,  615,  504,  798,  999,  670,  763,  939,  876,  256,  805, 1049,  649,  944,  634, 1042, 1152, 1003,  415, 1060, 1143,  477,  724,  974,  466,  638,  570,  357,  930,  695,  648,  144,  224,  640,  880,  587,  735,  675,  738,  716,  938,  554,  432,  613,  547, 1212,  828,   83,  929,  357,  558,  783,  968,  750, 1087,  939,  907,  507, 1010,  511, 1272,  194,  960,  714,  805,  807, 1059,  647,  752,  630],
        [  605,    0,  525,  329,  476,  489,  397,  381,   80,  446,  493,  357,  542,  471,  245,  255,  187,  320,  488,  603,  553,  279,  336,  607,  277,  510,  425,  303,  630,  428,  391,  514,  359,  572,  560,    0,  584,  500,  492,  564,  266,  255,  409,  124,  750,  475,  367,  666,  416,  445,  410,  699,  403,  535,  560,  410,  394,  250,  130,  276,  239,  596,  222,  221,  335,  468,  326,  609,  315,  257,  451,  111,  558,  436,  356,  324,  286,  496,  331,  546,  318,  486,  636,  443,  379,  582,  596,  298,  414,  496,  470,   80,  238,  295,  427,  353,  114,  447,  385,   97,  503,  188,  381,  284,  189,  341,  554,  435,  231,  285,  522,  683,  568,  567,  458,  210,  287,  287,  418,  589,  564,  409,  640,  210,  602,   77,  737,  518,  570,  596,  735,  459,  586,  365,  262,  404],
        [  333,    0,  496,  913, 1059, 1072,  772,  468,  547,  362, 1075,  685,  684,  901,  643,  536,  559,  381,  107,   38, 1137,  532,  584, 1190,  407,  797,  762,  342,  759,  601,  966,   93,  907,  692,  651,  584,    0,  529,  229,   86,  849,  331,  990,  480,  200, 1057,  553,   86,  812,  692,  891,  127,  983,  275, 1143,  296,  967,  350,  712,  346,  621,  457,  486,  395,  431,  118,  901,   68,  830,  792,  933,  619,  168,  985,  900,  629,  570,  819,  900,  460,  300,  927,  782,  852,  270,  644,  862,  298,  277,  588,  188,  597,  354,  712,  977,  315,  552,  667,  462,  668, 1086,  412,  961,  375,  608,  922, 1137,  152,  384,  852,  105,  858,  251,  722, 1025,  506,  833,  856,  898,  125,  747,  932,  309,  376,  515,  514,  924,  462, 1152,   73,  167,  335,  635,  927,  504,  953],
        [  263,    0,  843,  735,  873,  878,  352,  729,  420,  170,  839,  275,  953,  481,  723,  252,  638,  232,  516,  566,  933,  228,  763,  966,  598,  308,  902,  560,  231,  129,  716,  441,  612,  163,  949,  500,  529,    0,  640,  584,  667,  450,  767,  509,  560,  831,  149,  598,  392,  891,  519,  565,  752,  705,  918,  625,  839,  359,  594,  318,  710,  151,  616,  520,  669,  455,  775,  594,  811,  519,  550,  430,  376,  675,  603,  777,  236,  345,  790,  102,  324,  509,  253,  429,  569,  120,  352,  481,  267,   66,  586,  440,  380,  784,  670,  266,  389,  882,  728,  509,  873,  371,  805,  275,  351,  766,  904,  477,  519,  754,  561,  330,  308,  987,  743,  621,  774,  619,  523,  431,  225,  597,  317,  444,  119,  493,  395,  818,  910,  478,  578,  195,  115,  829,  239,  879],
        [  516,    0,  268,  804,  941,  956,  788,  254,  486,  476,  976,  711,  457,  903,  470,  550,  401,  430,  149,  215, 1021,  557,  383, 1079,  240,  848,  557,  192,  863,  671,  882,  251,  848,  792,  423,  492,  229,  640,    0,  149,  750,  259,  893,  370,  424,  955,  609,  269,  823,  476,  869,  346,  889,   66, 1036,   95,  834,  332,  607,  356,  448,  615,  324,  272,  233,  204,  773,  196,  669,  738,  912,  564,  358,  926,  844,  433,  592,  859,  766,  600,  328,  926,  882,  861,  114,  759,  926,  210,  376,  685,   56,  534,  322,  532,  917,  378,  506,  450,  248,  588,  977,  375,  839,  400,  586,  804, 1032,  167,  262,  718,  126,  954,  434,  495,  950,  344,  687,  778,  877,  335,  832,  889,  507,  300,  663,  416, 1019,  234, 1050,  294,  384,  458,  754,  787,  524,  801],
        [  409,    0,  414,  890, 1034, 1047,  795,  398,  538,  414, 1057,  711,  606,  920,  592,  555,  514,  409,   82,   67, 1112,  555,  520, 1168,  355,  833,  697,  293,  813,  642,  953,  146,  903,  744,  571,  564,   86,  584,  149,    0,  830,  310,  973,  452,  276, 1038,  588,  124,  834,  622,  901,  197,  967,  190, 1123,  228,  935,  351,  689,  357,  570,  527,  438,  358,  368,  133,  871,   51,  785,  789,  944,  614,  244,  982,  898,  568,  592,  851,  868,  524,  315,  945,  835,  874,  214,  702,  903,  268,  320,  638,  120,  589,  349,  659,  974,  346,  549,  596,  392,  654, 1064,  408,  933,  393,  616,  896, 1117,  138,  348,  819,   43,  910,  326,  643, 1017,  458,  795,  845,  909,  207,  795,  935,  390,  356,  582,  491,  976,  380, 1133,  158,  236,  390,  693,  892,  525,  913],
        [  833,    0,  730,   70,  218,  228,  410,  592,  311,  666,  228,  429,  679,  402,  367,  425,  376,  548,  754,  869,  291,  447,  497,  342,  518,  543,  491,  558,  718,  558,  142,  777,  179,  680,  714,  266,  849,  667,  750,  830,    0,  521,  144,  382, 1010,  209,  519,  932,  402,  560,  310,  963,  141,  786,  295,  662,  177,  508,  143,  527,  378,  794,  444,  479,  560,  733,  123,  875,  258,  172,  334,  255,  812,  228,  183,  460,  431,  508,  146,  739,  573,  402,  714,  405,  638,  713,  617,  563,  658,  639,  732,  265,  499,  365,  220,  596,  320,  576,  597,  186,  238,  445,  139,  522,  319,  100,  288,  701,  490,  137,  788,  736,  810,  691,  217,  425,  192,   87,  316,  847,  642,  250,  875,  476,  783,  340,  774,  731,  304,  858,  997,  686,  722,  185,  448,  242],
        [  434,    0,  398,  583,  729,  741,  534,  280,  233,  317,  748,  460,  509,  646,  343,  301,  252,  219,  233,  349,  806,  312,  335,  861,  152,  605,  499,  112,  651,  446,  644,  270,  598,  582,  501,  255,  331,  450,  259,  310,  521,    0,  664,  150,  509,  729,  379,  413,  567,  462,  611,  451,  657,  314,  815,  200,  636,   93,  382,  132,  323,  481,  196,   86,  220,  218,  570,  354,  510,  486,  655,  310,  337,  677,  593,  363,  344,  611,  570,  446,  136,  668,  666,  604,  150,  563,  687,   50,  237,  479,  224,  282,   74,  414,  668,  197,  249,  448,  279,  345,  757,  118,  630,  177,  329,  592,  809,  181,   79,  521,  268,  732,  374,  544,  708,  209,  506,  536,  619,  356,  607,  635,  454,   46,  511,  183,  796,  376,  825,  352,  488,  314,  561,  598,  279,  627],
        [  955,    0,  863,   99,  115,  115,  465,  728,  447,  788,   85,  507,  794,  413,  493,  538,  514,  675,  896, 1011,  166,  558,  626,  207,  660,  592,  592,  702,  781,  648,   63,  916,  176,  753,  834,  409,  990,  767,  893,  973,  144,  664,    0,  525, 1147,   69,  620, 1074,  445,  673,  320, 1102,   19,  929,  158,  805,  172,  646,  287,  662,  507,  903,  584,  623,  700,  873,  174, 1018,  344,  249,  326,  384,  946,  169,  186,  584,  537,  550,  197,  848,  708,  403,  773,  434,  781,  796,  653,  706,  788,  730,  875,  399,  639,  478,  165,  727,  451,  692,  734,  324,  106,  582,  121,  653,  433,  122,  148,  842,  633,  223,  931,  781,  939,  802,  112,  565,  282,  150,  324,  983,  704,  234,  999,  618,  885,  483,  809,  867,  162,  996, 1136,  809,  806,  218,  565,  267],
        [  557,    0,  415,  440,  583,  596,  487,  273,  145,  415,  609,  431,  464,  577,  219,  294,  130,  293,  379,  496,  661,  314,  262,  718,  156,  585,  394,  180,  675,  466,  512,  420,  482,  611,  473,  124,  480,  509,  370,  452,  382,  150,  525,    0,  659,  589,  399,  560,  513,  386,  524,  601,  521,  412,  672,  287,  487,  184,  239,  222,  203,  576,  121,   99,  221,  368,  421,  498,  364,  378,  567,  215,  481,  559,  479,  269,  334,  579,  420,  532,  253,  595,  685,  544,  258,  608,  671,  185,  357,  521,  351,  182,  164,  287,  550,  303,  178,  381,  276,  220,  614,  142,  483,  249,  269,  445,  667,  329,  109,  372,  409,  742,  506,  494,  581,  118,  356,  409,  533,  503,  618,  530,  584,  111,  594,   48,  801,  404,  684,  501,  638,  421,  610,  448,  287,  477],
        [  305,    0,  688, 1077, 1225, 1237,  864,  667,  701,  418, 1231,  776,  880,  998,  837,  647,  750,  489,  305,  210, 1301,  637,  783, 1351,  603,  859,  961,  538,  776,  662, 1116,  240, 1044,  716,  846,  750,  200,  560,  424,  276, 1010,  509, 1147,  659,    0, 1215,  631,  165,  906,  892, 1005,   80, 1138,  462, 1303,  496, 1142,  503,  880,  486,  815,  441,  680,  582,  631,  294, 1074,  232, 1017,  930, 1044,  766,  209, 1121, 1036,  827,  672,  890, 1076,  467,  439, 1025,  801,  947,  469,  658,  911,  484,  371,  624,  388,  749,  513,  907, 1113,  428,  698,  867,  662,  825, 1247,  566, 1131,  500,  737, 1091, 1295,  340,  572, 1028,  303,  878,  254,  918, 1169,  698, 1015, 1006, 1011,  164,  784, 1059,  256,  550,  502,  687,  940,  654, 1308,  158,   47,  389,  646, 1106,  615, 1136],
