{
    "name": "random-91-23740",
    "comment": "size=91 seed=23740",
    "nodes": ["+0", "-0", "+1", "-1", "+2", "-2", "+3", "-3", "+4", "-4", "+5", "-5", "+6", "-6", "+7", "-7", "+8", "-8", "+9", "-9", "+10", "-10", "+11", "-11", "+12", "-12", "+13", "-13", "+14", "-14", "+15", "-15", "+16", "-16", "+17", "-17", "+18", "-18", "+19", "-19", "+20", "-20", "+21", "-21", "+22", "-22", "+23", "-23", "+24", "-24", "+25", "-25", "+26", "-26", "+27", "-27", "+28", "-28", "+29", "-29", "+30", "-30", "+31", "-31", "+32", "-32", "+33", "-33", "+34", "-34", "+35", "-35", "+36", "-36", "+37", "-37", "+38", "-38", "+39", "-39", "+40", "-40", "+41", "-41", "+42", "-42", "+43", "-43", "+44", "-44", "+45", "-45", "+46", "-46", "+47", "-47", "+48", "-48", "+49", "-49", "+50", "-50", "+51", "-51", "+52", "-52", "+53", "-53", "+54", "-54", "+55", "-55", "+56", "-56", "+57", "-57", "+58", "-58", "+59", "-59", "+60", "-60", "+61", "-61", "+62", "-62", "+63", "-63", "+64", "-64", "+65", "-65", "+66", "-66", "+67", "-67", "+68", "-68", "+69", "-69", "+70", "-70", "+71", "-71", "+72", "-72", "+73", "-73", "+74", "-74", "+75", "-75", "+76", "-76", "+77", "-77", "+78", "-78", "+79", "-79", "+80", "-80", "+81", "-81", "+82", "-82", "+83", "-83", "+84", "-84", "+85", "-85", "+86", "-86", "+87", "-87", "+88", "-88", "+89", "-89", "+90", "-90", "+91", "-91"],
    "precedence": {
        "+0": "-0",
        "+1": "-1",
        "+2": "-2",
        "+3": "-3",
        "+4": "-4",
        "+5": "-5",
        "+6": "-6",
        "+7": "-7",
        "+8": "-8",
        "+9": "-9",
        "+10": "-10",
        "+11": "-11",
        "+12": "-12",
        "+13": "-13",
        "+14": "-14",
        "+15": "-15",
        "+16": "-16",
        "+17": "-17",
        "+18": "-18",
        "+19": "-19",
        "+20": "-20",
        "+21": "-21",
        "+22": "-22",
        "+23": "-23",
        "+24": "-24",
        "+25": "-25",
        "+26": "-26",
        "+27": "-27",
        "+28": "-28",
        "+29": "-29",
        "+30": "-30",
        "+31": "-31",
        "+32": "-32",
        "+33": "-33",
        "+34": "-34",
        "+35": "-35",
        "+36": "-36",
        "+37": "-37",
        "+38": "-38",
        "+39": "-39",
        "+40": "-40",
        "+41": "-41",
        "+42": "-42",
        "+43": "-43",
        "+44": "-44",
        "+45": "-45",
        "+46": "-46",
        "+47": "-47",
        "+48": "-48",
        "+49": "-49",
        "+50": "-50",
        "+51": "-51",
        "+52": "-52",
        "+53": "-53",
        "+54": "-54",
        "+55": "-55",
        "+56": "-56",
        "+57": "-57",
        "+58": "-58",
        "+59": "-59",
        "+60": "-60",
        "+61": "-61",
        "+62": "-62",
        "+63": "-63",
        "+64": "-64",
        "+65": "-65",
        "+66": "-66",
        "+67": "-67",
        "+68": "-68",
        "+69": "-69",
        "+70": "-70",
        "+71": "-71",
        "+72": "-72",
        "+73": "-73",
        "+74": "-74",
        "+75": "-75",
        "+76": "-76",
        "+77": "-77",
        "+78": "-78",
        "+79": "-79",
        "+80": "-80",
        "+81": "-81",
        "+82": "-82",
        "+83": "-83",
        "+84": "-84",
        "+85": "-85",
        "+86": "-86",
        "+87": "-87",
        "+88": "-88",
        "+89": "-89",
        "+90": "-90",
        "+91": "-91"
    },
    "edges": [
        [    0,    0,  439,  474,  323,  296,  573,  205,  409,  593,  695,  151,  365,  772,  813,  299,  290,  862,  680,  380,  507,  510,  580,  825,  706,  795,  114,  620,  404,  232,  416,  538,  744,  606,  705,  629,  487,  286,  820,  147,  250,  494,  709,  655,  422,  326,  663,  194,  709,  690,  583,  654,  336,  228,  336,  604,  465, 1017,  754,  661,  759,  564,  519,  210,  470,  141,   72,  574,  797,  252,  598,  432,  770,  633,  450,  787,  663,  837,  679,  898,  766,  330,  547,  771,  692,  308,  819,  192,  499,  878,  698,  200,  513,  849,  713,  410,  205,  363,  465,  742,  487,  722,  701,  738,  504,   49,  880,  220,  530,  590,  842,  768,  832,  632,  521,  714,  685,  628,  342,  488,  356,  550,  618,  646,  520,  354,  585,  371,  470,  611,  578,  685,  901,  746,  407,  827,  215,  776,  448,   89,  315,  181,  710,  708,  812,  325,  167,  291,  268,  144,  427,  833,  522,  283,  403,  137,  604,  396,  764,  790,  376,  235,  790,  315,  415,  554,  389,  635,  619,  394,  884,  568,  220,  569,  223,  259,  181,  717,  577,  201,  610,  324,  573,  738],
        [    0,    0,    0,    0,    0,    0,    0,    0,    0,    0,    0,    0,    0,    0,    0,    0,    0,    0,    0,    0,    0,    0,    0,    0,    0,    0,    0,    0,    0,    0,    0,    0,    0,    0,    0,    0,    0,    0,    0,    0,    0,    0,    0,    0,    0,    0,    0,    0,    0,    0,    0,    0,    0,    0,    0,    0,    0,    0,    0,    0,    0,    0,    0,    0,    0,    0,    0,    0,    0,    0,    0,    0,    0,    0,    0,    0,    0,    0,    0,    0,    0,    0,    0,    0,    0,    0,    0,    0,    0,    0,    0,    0,    0,    0,    0,    0,    0,    0,    0,    0,    0,    0,    0,    0,    0,    0,    0,    0,    0,    0,    0,    0,    0,    0,    0,    0,    0,    0,    0,    0,    0,    0,    0,    0,    0,    0,    0,    0,    0,    0,    0,    0,    0,    0,    0,    0,    0,    0,    0,    0,    0,    0,    0,    0,    0,    0,    0,    0,    0,    0,    0,    0,    0,    0,    0,    0,    0,    0,    0,    0,    0,    0,    0,    0,    0,    0,    0,    0,    0,    0,    0,    0,    0,    0,    0,    0,    0,    0,    0,    0,    0,    0,    0,    0],
        [  439,    0,    0,  501,  224,  501,  386,  255,  594,  565,  263,  294,  149,  584,  774,  280,  534,  833,  242,  120,  171,  522,  168,  386,  304,  538,  345,  496,  298,  390,  616,  150,  687,  836,  277,  834,  429,  164,  383,  574,  346,  761,  712,  948,  572,  298,  881,  464,  308,  411,  804,  849,  330,  477,  546,  471,  144,  892,  739,  600,  322,  503,  555,  559,  722,  391,  415,  396,  359,  674,  245,  534,  334,  208,   16,  519,  938,  405,  614,  737,  708,  566,  365,  484,  347,  238,  394,  521,  570,  440,  587,  300,  226,  570,  567,   36,  386,  502,  380,  458,  733,  791,  424,  334,  258,  484,  692,  220,  837,  292,  663,  390,  400,  290,  155,  765,  395,  598,  675,  164,  712,  149,  739,  955,  140,   90,  508,  467,  179,  391,  150,  254,  818,  616,  319,  736,  645,  595,  413,  417,  340,  537,  332,  323,  506,  204,  557,  614,  184,  297,  109,  752,  348,  490,  158,  575,  304,  606,  781,  801,  726,  617,  799,  472,  443,  377,  428,  199,  785,  534,  778,  765,  230,  698,  383,  344,  591,  451,  144,  552,  327,  372,  138,  349],
        [  474,    0,  501,    0,  292,  211,  240,  503,  183,  121,  713,  470,  573,  352,  341,  251,  751,  392,  662,  560,  667,   37,  506,  766,  554,  427,  501,  197,  204,  244,  207,  651,  270,  379,  614,  362,   99,  490,  789,  593,  633,  354,  243,  525,  142,  658,  410,  651,  556,  384,  346,  370,  188,  269,  791,  196,  632,  547,  284,  192,  736,  116,   56,  368,  313,  571,  525,  231,  725,  526,  430,   84,  692,  560,  497,  432,  500,  723,  209,  445,  293,  792,  231,  442,  462,  285,  689,  664,   74,  825,  245,  552,  344,  489,  276,  470,  621,  135,  139,  419,  314,  294,  386,  579,  302,  480,  443,  429,  450,  365,  405,  554,  721,  430,  655,  272,  394,  155,  381,  656,  431,  647,  241,  545,  641,  489,  140,  106,  661,  285,  629,  708,  427,  294,  184,  356,  534,  351,   93,  386,  193,  376,  517,  527,  491,  586,  421,  347,  390,  422,  398,  360,  223,  731,  346,  529,  370,  214,  306,  330,  431,  427,  329,  748,   68,  226,   93,  649,  299,  128,  414,  298,  487,  206,  254,  234,  461,  385,  615,  674,  353,  703,  605,  553],
        [  323,    0,  224,  292,    0,  283,  269,  243,  370,  377,  471,  234,  283,  480,  602,   58,  534,  659,  433,  269,  380,  318,  296,  565,  402,  482,  283,  347,  111,  180,  393,  372,  518,  612,  424,  611,  240,  205,  574,  469,  377,  540,  522,  728,  349,  382,  658,  440,  405,  370,  581,  627,  109,  270,  564,  326,  343,  762,  556,  428,  514,  324,  347,  369,  501,  353,  337,  273,  529,  509,  283,  313,  498,  354,  224,  471,  716,  553,  444,  622,  541,  573,  242,  452,  372,   18,  529,  475,  356,  623,  438,  299,  192,  532,  436,  189,  385,  279,  197,  422,  511,  585,  381,  434,  182,  356,  592,  163,  620,  268,  557,  452,  549,  313,  372,  563,  364,  414,  469,  368,  511,  372,  522,  736,  360,  198,  336,  244,  371,  299,  367,  463,  665,  479,  126,  585,  491,  487,  213,  262,  117,  354,  396,  396,  491,  300,  385,  410,  108,  199,  143,  597,  217,  502,   96,  440,  282,  384,  589,  612,  523,  434,  610,  505,  228,  252,  209,  404,  564,  310,  635,  542,  220,  479,  176,  128,  424,  400,  357,  498,  288,  438,  349,  427],
        [  296,    0,  501,  211,  283,    0,  403,  396,  118,  330,  754,  347,  516,  557,  533,  226,  585,  578,  715,  514,  641,  246,  571,  843,  659,  617,  358,  398,  273,  117,  132,  644,  473,  348,  697,  359,  270,  422,  855,  394,  506,  261,  424,  448,  127,  555,  400,  487,  662,  546,  320,  380,  197,   68,  630,  391,  600,  753,  470,  401,  795,  323,  242,  157,  223,  419,  359,  397,  805,  316,  532,  146,  773,  630,  504,  617,  439,  821,  418,  656,  495,  625,  383,  617,  596,  267,  793,  486,  213,  901,  455,  430,  434,  678,  484,  466,  478,   78,  276,  590,  236,  427,  552,  689,  403,  288,  652,  342,  337,  487,  614,  686,  818,  548,  640,  420,  550,  360,  199,  626,  247,  647,  324,  454,  630,  452,  347,  111,  621,  449,  648,  746,  629,  505,  260,  562,  324,  557,  235,  210,  176,  166,  638,  643,  665,  507,  211,  150,  334,  300,  425,  564,  364,  574,  375,  323,  498,  115,  474,  500,  254,  218,  501,  600,  176,  384,  159,  687,  334,  102,  621,  292,  390,  275,  126,  158,  251,  559,  639,  490,  489,  581,  631,  673],
        [  573,    0,  386,  240,  269,  403,    0,  509,  417,  225,  530,  502,  508,  213,  399,  275,  803,  457,  471,  484,  553,  233,  318,  551,  329,  224,  550,  117,  170,  364,  442,  518,  312,  616,  402,  595,  145,  454,  581,  715,  642,  593,  358,  765,  377,  634,  642,  707,  330,  146,  584,  599,  241,  435,  832,   93,  529,  510,  375,  232,  534,  162,  269,  547,  552,  621,  600,   13,  509,  705,  218,  318,  476,  361,  375,  219,  739,  495,  242,  360,  331,  842,   27,  215,  225,  277,  460,  740,  307,  608,  204,  565,  165,  282,  182,  365,  652,  344,  127,  188,  554,  462,  151,  350,  129,  597,  325,  430,  688,  142,  291,  316,  494,  203,  532,  430,  154,  248,  597,  549,  646,  508,  455,  785,  514,  417,  153,  298,  564,   47,  472,  527,  433,  231,  167,  352,  701,  221,  171,  496,  265,  544,  283,  296,  263,  543,  585,  552,  370,  465,  280,  368,   52,  770,  246,  670,  143,  445,  425,  440,  650,  613,  438,  772,  233,   20,  245,  472,  525,  353,  393,  535,  484,  432,  369,  321,  627,  157,  455,  761,  119,  697,  444,  319],
        [  205,    0,  255,  503,  243,  396,  509,    0,  512,  606,  499,   58,  161,  721,  834,  260,  301,  889,  491,  177,  303,  535,  416,  636,  549,  713,   96,  590,  353,  287,  527,  336,  753,  742,  531,  755,  475,   92,  627,  325,  135,  642,  745,  820,  509,  160,  795,  216,  553,  593,  714,  776,  321,  343,  325,  569,  261, 1004,  783,  664,  567,  559,  557,  382,  610,  137,  165,  515,  612,  456,  462,  495,  588,  462,  269,  699,  820,  660,  681,  865,  776,  338,  483,  674,  564,  240,  648,  268,  553,  687,  680,   57,  398,  758,  679,  235,  147,  437,  436,  645,  625,  789,  605,  581,  405,  253,  834,   81,  697,  478,  799,  625,  655,  502,  317,  772,  583,  644,  514,  284,  539,  348,  704,  817,  317,  166,  574,  422,  266,  536,  382,  488,  904,  721,  366,  825,  419,  729,  442,  223,  312,  354,  566,  561,  707,  124,  357,  455,  140,   98,  281,  835,  459,  263,  281,  340,  492,  511,  809,  833,  557,  425,  832,  263,  436,  493,  412,  442,  727,  472,  876,  687,   28,  656,  276,  273,  380,  627,  383,  298,  506,  200,  381,  589],
        [  409,    0,  594,  183,  370,  118,  417,  512,    0,  279,  835,  463,  624,  531,  451,  315,  698,  489,  792,  619,  742,  207,  640,  910,  711,  610,  475,  379,  329,  227,   26,  741,  404,  243,  760,  247,  273,  531,  927,  493,  623,  181,  339,  365,   43,  671,  291,  602,  713,  562,  212,  266,  268,  182,  744,  379,  703,  682,  386,  348,  870,  296,  186,  237,  139,  535,  474,  409,  870,  378,  583,  101,  838,  698,  594,  615,  348,  878,  363,  606,  424,  738,  403,  624,  631,  356,  847,  596,  145,  969,  414,  547,  489,  672,  453,  559,  595,   92,  299,  600,  145,  320,  566,  739,  451,  396,  613,  453,  273,  527,  576,  723,  875,  591,  738,  319,  571,  302,  206,  728,  255,  741,  210,  379,  727,  554,  320,  135,  726,  463,  736,  828,  553,  462,  311,  496,  398,  528,  249,  326,  254,  257,  681,  689,  673,  619,  299,  188,  438,  416,  506,  494,  390,  689,  453,  416,  535,   32,  379,  405,  252,  281,  406,  717,  189,  401,  187,  769,  217,   67,  554,  178,  504,  162,  237,  257,  331,  567,  725,  598,  521,  698,  716,  717],
        [  593,    0,  565,  121,  377,  330,  225,  606,  279,    0,  746,  578,  657,  258,  228,  347,  866,  283,  690,  640,  734,   85,  534,  776,  552,  354,  613,  128,  273,  362,  299,  710,  151,  419,  626,  389,  139,  581,  804,  714,  739,  426,  148,  576,  238,  756,  435,  766,  554,  346,  389,  389,  286,  389,  905,  142,  703,  426,  180,   72,  756,   66,   94,  486,  389,  684,  642,  212,  733,  642,  440,  189,  700,  581,  558,  365,  543,  718,   89,  329,  174,  907,  229,  385,  445,  375,  683,  782,  136,  832,  136,  657,  371,  414,  178,  537,  732,  252,  187,  368,  385,  239,  344,  573,  329,  600,  334,  529,  521,  365,  297,  531,  718,  427,  719,  208,  361,   38,  484,  726,  533,  703,  240,  601,  703,  568,   73,  227,  735,  259,  676,  742,  308,  183,  254,  236,  652,  253,  166,  505,  298,  495,  505,  518,  432,  677,  540,  458,  483,  532,  457,  240,  234,  844,  408,  649,  367,  310,  217,  237,  531,  543,  235,  858,  180,  219,  206,  685,  315,  237,  294,  338,  587,  227,  372,  346,  580,  334,  660,  793,  343,  806,  649,  540],
        [  695,    0,  263,  713,  471,  754,  530,  499,  835,  746,    0,  546,  348,  676,  924,  528,  735,  981,   63,  325,  232,  725,  213,  155,  254,  588,  593,  645,  514,  646,  859,  176,  838, 1074,  165, 1067,  624,  411,  132,  823,  552, 1010,  886, 1197,  809,  476, 1114,  685,  256,  477, 1041, 1078,  568,  735,  733,  622,  259,  982,  904,  761,   79,  681,  762,  821,  969,  626,  663,  542,  152,  935,  316,  762,  149,  172,  256,  564, 1183,  223,  771,  822,  856,  758,  519,  519,  367,  487,  236,  748,  786,  194,  725,  531,  376,  592,  690,  297,  604,  743,  577,  504,  978,  984,  488,  262,  419,  742,  766,  479, 1090,  392,  747,  344,  217,  345,  203,  953,  456,  774,  934,  249,  973,  158,  953, 1206,  193,  342,  678,  703,  278,  512,  118,   12,  940,  739,  534,  864,  905,  690,  621,  679,  583,  800,  314,  297,  517,  405,  820,  874,  447,  556,  330,  883,  513,  687,  383,  832,  396,  852,  954,  970,  986,  880,  967,  656,  665,  530,  656,   67, 1010,  771,  891,  999,  478,  918,  640,  597,  853,  515,  120,  781,  424,  547,  126,  301],
        [  151,    0,  294,  470,  234,  347,  502,   58,  463,  578,  546,    0,  216,  712,  806,  238,  301,  860,  534,  230,  358,  504,  446,  679,  577,  714,   55,  573,  338,  242,  478,  388,  727,  689,  566,  704,  452,  136,  673,  281,  164,  587,  713,  763,  463,  210,  744,  206,  581,  598,  662,  726,  294,  290,  333,  553,  316,  985,  753,  639,  612,  536,  523,  324,  557,  120,  123,  506,  653,  400,  480,  454,  628,  495,  306,  702,  765,  697,  656,  851,  750,  340,  476,  679,  580,  226,  683,  247,  515,  731,  661,   85,  407,  762,  665,  269,  155,  392,  417,  650,  572,  749,  610,  609,  408,  199,  824,   84,  641,  487,  788,  647,  692,  518,  371,  735,  589,  615,  457,  339,  481,  399,  660,  760,  370,  207,  552,  382,  323,  533,  429,  536,  881,  704,  348,  803,  365,  719,  417,  166,  281,  296,  588,  584,  716,  182,  300,  398,  144,   49,  301,  812,  451,  271,  290,  287,  501,  461,  775,  799,  499,  367,  799,  280,  403,  485,  378,  487,  679,  427,  856,  638,   70,  612,  231,  236,  323,  630,  429,  273,  512,  238,  426,  614],
        [  365,    0,  149,  573,  283,  516,  508,  161,  624,  657,  348,  216,    0,  715,  878,  326,  396,  936,  351,   30,  142,  600,  315,  494,  449,  680,  255,  609,  385,  400,  644,  178,  792,  864,  410,  871,  519,   96,  480,  481,  209,  773,  803,  957,  613,  150,  914,  338,  453,  553,  834,  889,  387,  474,  403,  585,  101, 1017,  836,  703,  421,  600,  628,  531,  738,  278,  322,  516,  476,  616,  393,  586,  456,  347,  165,  662,  953,  532,  718,  866,  814,  425,  484,  628,  495,  289,  526,  400,  635,  541,  702,  184,  360,  715,  689,  151,  257,  539,  472,  602,  752,  866,  566,  478,  384,  414,  825,  178,  837,  433,  794,  537,  526,  437,  158,  845,  538,  693,  660,  124,  689,  193,  798,  957,  160,   92,  610,  513,  109,  521,  235,  337,  933,  736,  403,  851,  580,  725,  494,  374,  388,  505,  480,  471,  653,   60,  513,  599,  189,  243,  233,  865,  463,  351,  263,  500,  446,  630,  871,  893,  706,  579,  891,  327,  508,  496,  488,  299,  832,  574,  897,  801,  148,  753,  391,  369,  539,  592,  241,  433,  467,  224,  242,  496],
        [  772,    0,  584,  352,  480,  557,  213,  721,  531,  258,  676,  712,  715,    0,  286,  480, 1013,  334,  613,  690,  745,  324,  480,  654,  433,  121,  759,  160,  375,  550,  552,  703,  221,  669,  523,  635,  293,  666,  693,  909,  854,  683,  311,  828,  489,  844,  677,  916,  432,  200,  641,  630,  436,  604, 1043,  170,  726,  312,  298,  203,  659,  237,  347,  712,  646,  830,  805,  207,  612,  872,  369,  434,  584,  506,  571,  142,  793,  575,  196,  154,  227, 1052,  239,  182,  313,  487,  537,  946,  390,  702,  128,  777,  358,  171,   80,  568,  864,  485,  308,  183,  642,  432,  189,  440,  331,  791,  113,  642,  779,  299,   80,  372,  576,  333,  720,  396,  221,  249,  732,  744,  782,  689,  480,  855,  702,  625,  213,  446,  761,  194,  644,  676,  269,   97,  368,  202,  875,   15,  332,  690,  458,  715,  374,  391,  217,  753,  759,  699,  582,  673,  483,  223,  263,  981,  456,  856,  290,  562,  359,  361,  782,  774,  358,  984,  383,  228,  404,  629,  559,  479,  218,  591,  696,  477,  557,  514,  801,  163,  626,  965,  263,  909,  615,  400],
        [  813,    0,  774,  341,  602,  533,  399,  834,  451,  228,  924,  806,  878,  286,    0,  575, 1092,   59,  863,  859,  944,  305,  714,  924,  699,  406,  840,  283,  494,  584,  462,  914,   88,  482,  783,  438,  362,  806,  960,  926,  967,  541,  113,  635,  418,  982,  469,  991,  699,  465,  462,  423,  514,  598, 1131,  307,  916,  240,   66,  176,  919,  279,  295,  682,  514,  911,  866,  387,  881,  828,  609,  387,  851,  753,  765,  427,  594,  852,  162,  232,   69, 1132,  414,  466,  579,  601,  814, 1004,  320,  976,  199,  885,  562,  451,  240,  749,  959,  457,  407,  462,  504,  195,  457,  711,  523,  816,  279,  756,  625,  532,  259,  650,  852,  583,  926,  168,  485,  191,  648,  938,  693,  904,  295,  669,  908,  788,  269,  442,  950,  413,  870,  922,  108,  196,  477,   96,  846,  272,  393,  725,  525,  697,  643,  658,  502,  902,  741,  638,  708,  759,  666,   77,  428, 1070,  622,  855,  528,  479,  102,   90,  685,  731,   86, 1085,  405,  402,  431,  869,  366,  433,  133,  419,  815,  321,  595,  572,  777,  436,  853, 1013,  500, 1034,  842,  673],
        [  299,    0,  280,  251,   58,  226,  275,  260,  315,  347,  528,  238,  326,  480,  575,    0,  536,  630,  490,  315,  432,  280,  349,  620,  450,  496,  280,  336,  106,  126,  337,  427,  494,  557,  477,  557,  216,  240,  630,  443,  393,  483,  488,  671,  295,  409,  603,  438,  453,  393,  525,  573,   63,  217,  570,  317,  393,  748,  525,  404,  570,  300,  306,  319,  444,  352,  326,  277,  583,  465,  327,  262,  552,  408,  280,  488,  659,  605,  421,  615,  516,  576,  249,  473,  409,   42,  579,  467,  310,  678,  424,  313,  232,  550,  428,  245,  392,  224,  180,  444,  454,  543,  403,  481,  213,  327,  591,  182,  563,  302,  554,  493,  601,  352,  426,  522,  390,  384,  414,  419,  457,  427,  473,  679,  414,  246,  316,  191,  419,  312,  424,  520,  645,  467,  113,  566,  450,  485,  183,  228,   63,  306,  439,  441,  516,  336,  340,  356,  140,  195,  199,  576,  224,  508,  150,  406,  315,  327,  554,  577,  468,  385,  576,  517,  184,  257,  163,  461,  512,  256,  619,  488,  240,  429,  124,   73,  381,  419,  414,  486,  316,  459,  406,  471],
        [  290,    0,  534,  751,  534,  585,  803,  301,  698,  866,  735,  301,  396, 1013, 1092,  536,    0, 1143,  745,  425,  505,  787,  702,  886,  837, 1012,  256,  872,  638,  509,  705,  559, 1017,  887,  805,  914,  747,  380,  866,  257,  189,  771,  991,  916,  711,  259,  945,  101,  841,  893,  866,  939,  589,  518,   50,  853,  476, 1282, 1035,  931,  811,  829,  800,  487,  752,  184,  228,  807,  870,  456,  759,  718,  851,  740,  549,  999,  930,  928,  948, 1151, 1040,   41,  776,  974,  862,  526,  921,  112,  784,  928,  958,  245,  698, 1058,  964,  522,  154,  650,  715,  945,  769, 1010,  905,  867,  704,  308, 1124,  376,  792,  778, 1088,  919,  921,  801,  533, 1001,  883,  903,  609,  487,  610,  578,  907,  901,  542,  449,  847,  653,  459,  832,  628,  723, 1173, 1003,  648, 1096,  409, 1019,  710,  376,  573,  459,  860,  853, 1007,  337,  432,  567,  437,  342,  580, 1104,  751,   48,  581,  333,  792,  686, 1049, 1075,  630,  489, 1075,   91,  688,  786,  661,  692,  908,  682, 1151,  855,  328,  859,  498,  521,  424,  927,  635,  129,  806,  193,  637,  881],
        [  862,    0,  833,  392,  659,  578,  457,  889,  489,  283,  981,  860,  936,  334,   59,  630, 1143,    0,  920,  917, 1003,  357,  772,  979,  754,  453,  892,  341,  552,  635,  498,  972,  146,  493,  839,  447,  419,  863, 1015,  971, 1021,  563,  154,  642,  458, 1038,  474, 1043,  754,  519,  476,  429,  569,  643, 1183,  365,  975,  228,  109,  234,  975,  336,  344,  724,  540,  963,  916,  445,  936,  866,  666,  433,  906,  810,  824,  475,  600,  904,  220,  258,  127, 1184,  473,  515,  634,  657,  867, 1053,  366, 1030,  256,  940,  620,  494,  294,  808, 1012,  503,  464,  513,  528,  204,  511,  765,  581,  863,  312,  811,  643,  589,  298,  703,  905,  640,  984,  184,  540,  246,  681,  997,  724,  962,  316,  677,  967,  846,  327,  492, 1008,  470,  928,  979,  107,  248,  534,  134,  886,  320,  449,  774,  579,  739,  697,  713,  549,  958,  783,  675,  765,  813,  724,  113,  487, 1123,  680,  899,  585,  515,  115,   92,  715,  769,   90, 1139,  458,  460,  483,  926,  380,  476,  150,  438,  870,  348,  645,  625,  818,  489,  911, 1062,  557, 1089,  900,  726],
        [  680,    0,  242,  662,  433,  715,  471,  491,  792,  690,   63,  534,  351,  613,  863,  490,  745,  920,    0,  325,  254,  672,  158,  146,  192,  525,  584,  586,  467,  612,  816,  194,  778, 1028,  104, 1019,  571,  400,  143,  814,  559,  968,  829, 1155,  763,  489, 1067,  688,  194,  414,  995, 1030,  525,  702,  747,  563,  273,  919,  844,  702,   82,  624,  709,  793,  927,  623,  654,  484,  126,  914,  255,  715,  110,  111,  232,  501, 1139,  188,  711,  759,  795,  771,  462,  456,  305,  451,  192,  749,  735,  198,  665,  529,  321,  530,  628,  272,  607,  700,  525,  441,  936,  928,  426,  202,  364,  726,  703,  461, 1051,  332,  684,  284,  182,  283,  222,  897,  393,  716,  901,  268,  941,  173,  901, 1166,  208,  328,  620,  658,  298,  451,  118,   65,  878,  677,  486,  802,  886,  627,  570,  657,  542,  773,  251,  234,  455,  410,  796,  842,  423,  538,  291,  821,  457,  698,  342,  816,  336,  809,  896,  911,  954,  853,  908,  670,  617,  473,  610,   54,  960,  727,  829,  951,  468,  867,  607,  561,  830,  453,  111,  781,  363,  562,  111,  240],
        [  380,    0,  120,  560,  269,  514,  484,  177,  619,  640,  325,  230,   30,  690,  859,  315,  425,  917,  325,    0,  132,  585,  285,  469,  420,  653,  272,  588,  367,  398,  639,  159,  773,  860,  381,  865,  502,   99,  456,  501,  236,  772,  787,  957,  606,  179,  909,  364,  424,  525,  830,  883,  375,  475,  432,  564,   90,  993,  818,  684,  397,  582,  615,  537,  736,  301,  340,  493,  449,  628,  364,  576,  429,  318,  135,  634,  952,  504,  699,  842,  795,  453,  461,  600,  466,  277,  497,  425,  623,  516,  680,  206,  334,  687,  666,  124,  283,  532,  454,  574,  749,  853,  539,  448,  359,  428,  800,  181,  839,  406,  770,  508,  498,  408,  142,  830,  510,  676,  664,  115,  695,  172,  787,  959,  141,   72,  590,  504,  107,  496,  210,  314,  911,  713,  386,  830,  594,  700,  479,  382,  378,  512,  451,  441,  624,   88,  522,  603,  182,  251,  207,  844,  441,  379,  240,  516,  419,  626,  855,  876,  711,  588,  875,  357,  496,  473,  476,  273,  825,  566,  875,  796,  160,  743,  388,  363,  550,  565,  215,  458,  440,  254,  215,  466],
        [  507,    0,  171,  667,  380,  641,  553,  303,  742,  734,  232,  358,  142,  745,  944,  432,  505, 1003,  254,  132,    0,  688,  284,  386,  402,  688,  396,  665,  466,  525,  764,   61,  857,  984,  339,  987,  598,  231,  363,  620,  327,  901,  882, 1086,  726,  246, 1032,  463,  406,  562,  954, 1004,  488,  604,  502,  640,   43, 1055,  909,  770,  310,  672,  721,  669,  864,  414,  462,  564,  376,  758,  387,  692,  364,  293,  180,  667, 1079,  442,  784,  898,  878,  527,  534,  627,  479,  391,  444,  528,  733,  425,  756,  321,  391,  712,  734,  199,  383,  654,  549,  604,  876,  958,  575,  425,  425,  555,  850,  313,  969,  448,  824,  497,  435,  430,   33,  933,  543,  768,  795,   20,  827,   82,  901, 1089,   50,  189,  678,  622,   47,  555,  141,  221,  985,  783,  486,  905,  722,  757,  580,  514,  494,  643,  447,  434,  642,  189,  654,  735,  307,  382,  279,  921,  517,  458,  327,  642,  458,  751,  950,  970,  843,  719,  969,  425,  606,  546,  588,  201,  943,  687,  945,  918,  289,  858,  516,  487,  680,  603,  155,  561,  484,  316,  162,  452],
        [  510,    0,  522,   37,  318,  246,  233,  535,  207,   85,  725,  504,  600,  324,  305,  280,  787,  357,  672,  585,  688,    0,  515,  771,  555,  406,  535,  173,  224,  280,  229,  670,  234,  384,  619,  363,  102,  519,  796,  629,  666,  370,  210,  534,  165,  688,  410,  687,  556,  372,  352,  368,  217,  304,  826,  176,  655,  511,  250,  156,  743,   90,   38,  402,  330,  606,  561,  222,  729,  559,  433,  110,  696,  567,  516,  413,  507,  723,  174,  411,  257,  828,  228,  426,  458,  312,  689,  700,   75,  829,  212,  584,  352,  468,  247,  491,  655,  169,  148,  404,  329,  270,  373,  578,  309,  516,  411,  460,  466,  365,  374,  548,  722,  429,  676,  246,  384,  119,  408,  679,  458,  665,  230,  556,  661,  514,  113,  142,  685,  276,  644,  720,  391,  262,  203,  320,  569,  322,  109,  422,  224,  411,  514,  525,  474,  614,  456,  378,  419,  456,  416,  324,  223,  766,  365,  564,  369,  238,  274,  298,  458,  460,  297,  782,  101,  221,  127,  661,  295,  157,  378,  302,  518,  201,  290,  268,  496,  370,  630,  711,  349,  735,  619,  550],
        [  580,    0,  168,  506,  296,  571,  318,  416,  640,  534,  213,  446,  315,  480,  714,  349,  702,  772,  158,  285,  284,  515,    0,  272,  136,  409,  500,  434,  313,  475,  666,  232,  628,  874,  129,  864,  414,  326,  287,  723,  514,  819,  674, 1005,  610,  464,  911,  628,  140,  286,  841,  874,  377,  565,  714,  411,  279,  791,  692,  549,  231,  468,  552,  663,  777,  552,  568,  330,  234,  797,  112,  560,  203,   59,  153,  386,  987,  260,  560,  631,  646,  733,  307,  346,  195,  313,  240,  683,  579,  330,  517,  464,  164,  429,  484,  182,  552,  550,  368,  324,  785,  771,  299,  166,  207,  623,  579,  365,  904,  185,  555,  223,  255,  151,  255,  741,  266,  561,  763,  288,  806,  215,  744, 1017,  236,  254,  465,  506,  313,  304,  166,  210,  737,  534,  332,  659,  774,  493,  414,  542,  396,  647,  168,  157,  358,  371,  675,  705,  313,  438,  158,  677,  300,  658,  200,  712,  191,  660,  742,  758,  817,  727,  755,  640,  462,  318,  456,  155,  804,  575,  691,  797,  389,  711,  471,  422,  712,  327,  147,  713,  219,  538,  137,  181],
        [  825,    0,  386,  766,  565,  843,  551,  636,  910,  776,  155,  679,  494,  654,  924,  620,  886,  979,  146,  469,  386,  771,  272,    0,  227,  548,  729,  660,  582,  744,  936,  328,  843, 1140,  153, 1128,  671,  546,   47,  959,  701, 1089,  905, 1275,  879,  628, 1175,  832,  226,  460, 1108, 1136,  648,  835,  885,  640,  411,  945,  915,  776,   76,  712,  808,  930, 1048,  768,  799,  564,   44, 1056,  338,  827,   76,  214,  376,  523, 1256,   97,  783,  787,  858,  910,  548,  478,  345,  582,  128,  893,  839,   59,  728,  673,  425,  537,  685,  415,  751,  820,  628,  472, 1055, 1013,  469,  214,  465,  870,  727,  605, 1176,  411,  715,  286,   92,  349,  355,  980,  439,  798, 1033,  402, 1075,  309, 1000, 1287,  345,  473,  704,  776,  431,  522,  260,  166,  922,  731,  600,  852, 1029,  668,  676,  798,  667,  911,  282,  266,  462,  552,  936,  975,  564,  682,  423,  873,  549,  839,  470,  960,  409,  930,  970,  982, 1087,  992,  979,  808,  729,  558,  725,  196, 1064,  844,  871, 1062,  613,  970,  740,  692,  971,  492,  255,  926,  434,  699,  256,  254],
        [  706,    0,  304,  554,  402,  659,  329,  549,  711,  552,  254,  577,  449,  433,  699,  450,  837,  754,  192,  420,  402,  555,  136,  227,    0,  337,  631,  435,  387,  575,  737,  344,  617,  932,   92,  915,  456,  461,  262,  850,  650,  892,  680, 1073,  676,  598,  963,  763,    5,  236,  899,  922,  463,  664,  849,  415,  404,  734,  689,  551,  227,  490,  592,  768,  849,  685,  699,  341,  184,  910,  128,  621,  153,  110,  289,  312, 1051,  169,  557,  574,  632,  869,  328,  267,  121,  420,  137,  817,  626,  281,  502,  599,  225,  339,  460,  317,  687,  624,  418,  255,  855,  789,  246,   33,  260,  746,  516,  495,  982,  191,  500,   97,  167,  126,  370,  755,  215,  573,  856,  410,  902,  324,  782, 1089,  352,  389,  480,  578,  437,  297,  266,  257,  701,  506,  403,  629,  891,  447,  467,  659,  485,  755,   61,   44,  263,  506,  786,  801,  439,  564,  279,  649,  333,  794,  309,  834,  187,  734,  744,  756,  911,  834,  753,  775,  524,  336,  525,  225,  849,  644,  651,  852,  523,  755,  573,  521,  826,  271,  249,  846,  210,  673,  241,   51],
        [  795,    0,  538,  427,  482,  617,  224,  713,  610,  354,  588,  714,  680,  121,  406,  496, 1012,  453,  525,  653,  688,  406,  409,  548,  337,    0,  764,  233,  391,  587,  634,  639,  341,  772,  428,  741,  348,  646,  590,  938,  841,  774,  428,  929,  568,  819,  785,  919,  335,  128,  742,  738,  465,  654, 1038,  232,  675,  398,  418,  311,  562,  316,  434,  766,  735,  833,  818,  225,  508,  925,  301,  510,  482,  424,  524,   26,  896,  464,  308,  240,  348, 1050,  249,   71,  222,  493,  427,  957,  478,  593,  239,  769,  322,   63,  187,  529,  859,  551,  346,   85,  733,  548,  114,  338,  309,  820,  180,  636,  870,  247,  169,  263,  466,  259,  660,  513,  145,  354,  804,  689,  854,  623,  587,  954,  641,  594,  294,  508,  710,  184,  573,  589,  381,  216,  390,  320,  923,  134,  383,  720,  489,  764,  276,  293,   97,  725,  807,  764,  575,  680,  450,  341,  273,  976,  435,  893,  235,  640,  478,  482,  856,  831,  478,  973,  442,  243,  459,  549,  665,  552,  327,  691,  686,  579,  592,  544,  849,   88,  555,  979,  213,  888,  544,  297],
        [  114,    0,  345,  501,  283,  358,  550,   96,  475,  613,  593,   55,  255,  759,  840,  280,  256,  892,  584,  272,  396,  535,  500,  729,  631,  764,    0,  616,  384,  263,  487,  431,  763,  692,  619,  710,  491,  184,  722,  231,  151,  585,  743,  755,  480,  216,  748,  158,  635,  650,  667,  733,  333,  296,  292,  597,  355, 1026,  785,  676,  661,  574,  552,  310,  557,   73,   71,  553,  704,  366,  534,  476,  679,  549,  358,  753,  760,  750,  694,  895,  786,  297,  523,  731,  634,  273,  736,  194,  540,  780,  702,   87,  460,  813,  708,  321,  122,  412,  459,  702,  573,  772,  661,  663,  460,  162,  870,  138,  631,  540,  834,  702,  744,  572,  412,  760,  642,  650,  444,  377,  463,  444,  678,  749,  412,  257,  592,  407,  358,  582,  477,  583,  918,  747,  392,  841,  327,  765,  455,  157,  318,  281,  643,  639,  768,  212,  276,  388,  198,   86,  355,  849,  498,  231,  343,  246,  554,  469,  803,  828,  482,  344,  828,  248,  435,  532,  409,  536,  690,  446,  895,  645,  117,  629,  252,  268,  294,  681,  477,  220,  565,  227,  475,  668],
        [  620,    0,  496,  197,  347,  398,  117,  590,  379,  128,  645,  573,  609,  160,  283,  336,  872,  341,  586,  588,  665,  173,  434,  660,  435,  233,  616,    0,  238,  394,  402,  632,  196,  544,  513,  516,  135,  546,  692,  754,  724,  542,  246,  700,  337,  726,  562,  774,  435,  219,  513,  516,  286,  445,  906,   25,  639,  415,  259,  117,  647,   84,  202,  553,  502,  688,  657,  105,  617,  713,  332,  280,  585,  476,  486,  241,  669,  598,  126,  280,  215,  912,  132,  258,  322,  351,  561,  799,  245,  715,   93,  645,  280,  295,   93,  473,  727,  327,  158,  240,  501,  356,  216,  452,  241,  636,  262,  509,  637,  255,  224,  406,  597,  312,  645,  322,  235,  141,  577,  660,  627,  622,  367,  724,  627,  518,   62,  288,  673,  139,  588,  643,  324,  132,  226,  243,  716,  161,  174,  536,  306,  556,  384,  398,  306,  639,  600,  541,  454,  531,  388,  258,  148,  843,  348,  698,  253,  409,  312,  325,  627,  615,  323,  851,  224,  120,  245,  588,  443,  324,  290,  463,  567,  353,  401,  361,  642,  207,  570,  816,  227,  784,  560,  418],
        [  404,    0,  298,  204,  111,  273,  170,  353,  329,  273,  514,  338,  385,  375,  494,  106,  638,  552,  467,  367,  466,  224,  313,  582,  387,  391,  384,  238,    0,  206,  354,  447,  410,  562,  432,  553,  135,  313,  600,  547,  487,  508,  420,  693,  298,  491,  601,  542,  390,  293,  529,  565,   82,  287,  670,  217,  433,  652,  452,  320,  543,  216,  257,  398,  467,  455,  431,  171,  542,  552,  260,  249,  510,  370,  293,  384,  675,  552,  336,  514,  432,  678,  144,  372,  325,  114,  522,  572,  275,  641,  328,  408,  163,  447,  327,  268,  491,  239,   88,  343,  474,  493,  302,  417,  130,  430,  487,  272,  597,  216,  451,  415,  549,  275,  453,  468,  293,  309,  471,  457,  518,  443,  444,  706,  438,  296,  227,  194,  464,  208,  425,  508,  555,  369,   21,  475,  543,  381,  115,  329,  106,  390,  365,  370,  416,  408,  429,  419,  218,  298,  194,  487,  119,  608,  142,  505,  228,  350,  488,  509,  526,  465,  508,  614,  152,  151,  144,  449,  497,  262,  525,  485,  330,  406,  208,  157,  471,  316,  412,  592,  223,  548,  402,  400],
        [  232,    0,  390,  244,  180,  117,  364,  287,  227,  362,  646,  242,  400,  550,  584,  126,  509,  635,  612,  398,  525,  280,  475,  744,  575,  587,  263,  394,  206,    0,  244,  530,  513,  464,  602,  472,  260,  306,  753,  361,  405,  376,  483,  562,  222,  446,  515,  409,  578,  498,  434,  492,  126,   91,  550,  380,  484,  785,  526,  430,  692,  334,  292,  195,  339,  331,  282,  363,  708,  347,  451,  214,  677,  533,  393,  583,  555,  730,  447,  669,  535,  550,  340,  575,  527,  162,  705,  420,  277,  802,  468,  326,  354,  645,  486,  354,  385,  151,  244,  546,  352,  510,  506,  606,  330,  244,  655,  227,  448,  419,  617,  614,  726,  473,  524,  497,  498,  397,  290,  510,  332,  534,  419,  567,  515,  337,  355,  145,  504,  407,  538,  638,  669,  517,  201,  596,  338,  552,  220,  145,  101,  185,  561,  564,  620,  393,  224,  231,  218,  193,  322,  602,  317,  491,  275,  307,  431,  230,  542,  567,  343,  262,  567,  511,  183,  345,  157,  580,  441,  186,  653,  404,  278,  371,   12,   54,  266,  518,  530,  432,  428,  479,  522,  595],
        [  416,    0,  616,  207,  393,  132,  442,  527,   26,  299,  859,  478,  644,  552,  462,  337,  705,  498,  816,  639,  764,  229,  666,  936,  737,  634,  487,  402,  354,  244,    0,  763,  419,  221,  785,  228,  298,  550,  952,  493,  636,  155,  349,  340,   66,  686,  271,  609,  739,  588,  191,  249,  292,  192,  751,  402,  723,  696,  397,  367,  894,  319,  207,  235,  113,  545,  483,  434,  896,  369,  609,  125,  863,  723,  617,  639,  324,  903,  381,  623,  438,  744,  429,  648,  657,  379,  873,  601,  164,  994,  434,  561,  515,  696,  474,  581,  606,  117,  324,  625,  120,  322,  591,  764,  477,  400,  633,  471,  247,  553,  596,  749,  901,  617,  760,  323,  596,  319,  189,  749,  237,  764,  208,  353,  750,  575,  342,  160,  746,  488,  760,  852,  566,  482,  337,  511,  391,  549,  275,  335,  278,  257,  706,  715,  697,  637,  297,  178,  458,  431,  530,  508,  415,  697,  477,  415,  561,   20,  386,  412,  233,  273,  413,  726,  214,  426,  213,  793,  205,   93,  569,  161,  520,  161,  255,  278,  327,  591,  749,  602,  547,  711,  740,  743],
        [  538,    0,  150,  651,  372,  644,  518,  336,  741,  710,  176,  388,  178,  703,  914,  427,  559,  972,  194,  159,   61,  670,  232,  328,  344,  639,  431,  632,  447,  530,  763,    0,  826,  983,  278,  983,  575,  254,  308,  658,  377,  905,  857, 1092,  721,  301, 1029,  511,  347,  514,  952,  998,  479,  614,  558,  608,   84, 1014,  882,  741,  253,  647,  704,  686,  867,  456,  499,  529,  317,  785,  339,  683,  303,  235,  154,  617, 1083,  381,  754,  855,  846,  583,  500,  577,  426,  385,  383,  575,  720,  369,  721,  361,  354,  660,  697,  184,  430,  650,  526,  555,  878,  939,  528,  366,  391,  586,  806,  332,  977,  404,  780,  440,  375,  381,   29,  912,  496,  743,  809,   75,  843,   21,  888, 1096,   19,  197,  650,  615,  105,  516,   80,  165,  949,  746,  468,  869,  752,  715,  562,  535,  488,  662,  391,  378,  589,  232,  676,  748,  315,  406,  255,  886,  486,  512,  306,  674,  413,  752,  926,  945,  858,  740,  943,  481,  593,  513,  578,  140,  935,  682,  907,  913,  318,  848,  522,  488,  705,  556,   96,  608,  440,  372,  103,  395],
