{
    "name": "random-59-10226",
    "comment": "size=59 seed=10226",
    "nodes": ["+0", "-0", "+1", "-1", "+2", "-2", "+3", "-3", "+4", "-4", "+5", "-5", "+6", "-6", "+7", "-7", "+8", "-8", "+9", "-9", "+10", "-10", "+11", "-11", "+12", "-12", "+13", "-13", "+14", "-14", "+15", "-15", "+16", "-16", "+17", "-17", "+18", "-18", "+19", "-19", "+20", "-20", "+21", "-21", "+22", "-22", "+23", "-23", "+24", "-24", "+25", "-25", "+26", "-26", "+27", "-27", "+28", "-28", "+29", "-29", "+30", "-30", "+31", "-31", "+32", "-32", "+33", "-33", "+34", "-34", "+35", "-35", "+36", "-36", "+37", "-37", "+38", "-38", "+39", "-39", "+40", "-40", "+41", "-41", "+42", "-42", "+43", "-43", "+44", "-44", "+45", "-45", "+46", "-46", "+47", "-47", "+48", "-48", "+49", "-49", "+50", "-50", "+51", "-51", "+52", "-52", "+53", "-53", "+54", "-54", "+55", "-55", "+56", "-56", "+57", "-57", "+58", "-58", "+59", "-59"],
    "precedence": {
        "+0": "-0",
        "+1": "-1",
        "+2": "-2",
        "+3": "-3",
        "+4": "-4",
        "+5": "-5",
        "+6": "-6",
        "+7": "-7",
        "+8": "-8",
        "+9": "-9",
        "+10": "-10",
        "+11": "-11",
        "+12": "-12",
        "+13": "-13",
        "+14": "-14",
        "+15": "-15",
        "+16": "-16",
        "+17": "-17",
        "+18": "-18",
        "+19": "-19",
        "+20": "-20",
        "+21": "-21",
        "+22": "-22",
        "+23": "-23",
        "+24": "-24",
        "+25": "-25",
        "+26": "-26",
        "+27": "-27",
        "+28": "-28",
        "+29": "-29",
        "+30": "-30",
        "+31": "-31",
        "+32": "-32",
        "+33": "-33",
        "+34": "-34",
        "+35": "-35",
        "+36": "-36",
        "+37": "-37",
        "+38": "-38",
        "+39": "-39",
        "+40": "-40",
        "+41": "-41",
        "+42": "-42",
        "+43": "-43",
        "+44": "-44",
        "+45": "-45",
        "+46": "-46",
        "+47": "-47",
        "+48": "-48",
        "+49": "-49",
        "+50": "-50",
        "+51": "-51",
        "+52": "-52",
        "+53": "-53",
        "+54": "-54",
        "+55": "-55",
        "+56": "-56",
        "+57": "-57",
        "+58": "-58",
        "+59": "-59"
    },
    "edges": [
        [    0,    0,  783,  963,  215,  172,  255,  627,  279,  415,  903,  946,  833,  946,  728,  937,  650,  728,  435,  234,  436,  250,  597,  199,  802,  986,  614,  512,  462,  578,  586,  870,  725,  386,   80,  400,  358,  433,  916,  602,  452,  291,  479,  843,  679,  479,  884,  668,  768,  715,  473,  630,  196,   28,  529,  421,  633,  763,  905,  612,  770,  456,  993,  761,  636,  910,  893,  951,  548,  687,  559,  278,  250,  341,  644,  464,  897,  682,  335,  313,  765,  607,  875,  333,  501,  756,  183,  820,  390,  299,  658,  794, 1024,  788,  323,  824,  837,  926,  350,  290,  384,  493,  330,  366,  915,  556,  533,  883,  819,  246,  509,  544,  808,  574,  749,  217,  691,  587,  713,  357],
        [    0,    0,    0,    0,    0,    0,    0,    0,    0,    0,    0,    0,    0,    0,    0,    0,    0,    0,    0,    0,    0,    0,    0,    0,    0,    0,    0,    0,    0,    0,    0,    0,    0,    0,    0,    0,    0,    0,    0,    0,    0,    0,    0,    0,    0,    0,    0,    0,    0,    0,    0,    0,    0,    0,    0,    0,    0,    0,    0,    0,    0,    0,    0,    0,    0,    0,    0,    0,    0,    0,    0,    0,    0,    0,    0,    0,    0,    0,    0,    0,    0,    0,    0,    0,    0,    0,    0,    0,    0,    0,    0,    0,    0,    0,    0,    0,    0,    0,    0,    0,    0,    0,    0,    0,    0,    0,    0,    0,    0,    0,    0,    0,    0,    0,    0,    0,    0,    0,    0,    0],
        [  783,    0,    0,  429,  666,  800,  801,  570,  593,  510,  165,  335,  393,  197,  274,  344,  568,  259,  861,  855,  391,  768,  193,  721,  324,  319,  274,  363,  378,  391,  220,  248,  133,  401,  829,  670,  525,  603,  482,  680,  445,  494,  680,  211,  294,  528,  280,  200,  339,  203,  463,  342,  677,  805,  396,  531,  189,  529,  244,  245,  288,  885,  669,  507,  360,  297,  240,  604,  834,  319,  224,  516,  819,  487,  488,  526,  207,  530,  469,  542,   32,  409,  179,  566,  410,  128,  814,  306,  453,  672,  353,  165,  552,  236,  470,  328,  151,  291,  469,  667,  695,  499,  480,  710,  133,  406,  401,  146,  682,  777,  954,  469,  155,  249,  475,  661,  335,  259,  789,  602],
        [  963,    0,  429,    0,  773,  901,  860,  433,  695,  561,  303,  738,  134,  544,  700,   92,  414,  686,  829, 1117,  714, 1049,  537,  818,  753,  698,  672,  455,  716,  387,  443,  182,  342,  666,  977,  665,  611,  595,  106,  547,  794,  727,  625,  631,  291,  895,  695,  346,  767,  627,  498,  334,  790,  990,  435,  877,  577,  291,  197,  382,  716,  844,  279,  275,  769,  136,  647,  223,  737,  739,  520,  768,  881,  624,  364,  529,  604,  359,  636,  839,  458,  812,  582,  877,  463,  322,  909,  733,  574,  727,  306,  272,  125,  665,  658,  146,  567,  151,  617,  968, 1028,  869,  761,  717,  423,  411,  432,  309,  403, 1056,  896,  854,  277,  432,  262,  769,  273,  640,  590,  927],
        [  215,    0,  666,  773,    0,  137,  145,  414,   81,  213,  759,  895,  640,  850,  687,  759,  437,  683,  287,  433,  407,  417,  503,   55,  770,  921,  570,  339,  435,  387,  450,  703,  581,  320,  207,  191,  164,  218,  717,  390,  462,  240,  270,  775,  501,  530,  828,  514,  743,  654,  276,  445,   19,  242,  342,  471,  556,  553,  742,  456,  731,  312,  781,  553,  624,  736,  825,  742,  366,  661,  452,  264,  160,  180,  436,  255,  818,  471,  200,  354,  655,  613,  793,  394,  315,  611,  149,  781,  221,   91,  469,  639,  822,  734,  208,  640,  754,  756,  198,  407,  508,  532,  320,  168,  795,  363,  344,  740,  605,  417,  380,  571,  656,  428,  543,    6,  504,  531,  506,  440],
        [  172,    0,  800,  901,  137,    0,   85,  516,  216,  342,  895, 1015,  767,  982,  803,  890,  540,  800,  265,  404,  513,  419,  631,   85,  884, 1045,  685,  474,  542,  517,  585,  838,  717,  437,  115,  267,  298,  320,  838,  466,  555,  347,  342,  900,  634,  606,  950,  650,  854,  776,  405,  577,  124,  190,  474,  545,  681,  665,  877,  592,  846,  285,  886,  667,  729,  870,  949,  852,  384,  771,  583,  358,   79,  316,  553,  374,  945,  581,  331,  428,  788,  710,  921,  460,  447,  747,   16,  897,  357,  178,  600,  775,  942,  854,  335,  771,  882,  890,  333,  442,  542,  613,  416,  222,  930,  493,  476,  876,  695,  416,  338,  659,  792,  564,  661,  142,  635,  650,  564,  497],
        [  255,    0,  801,  860,  145,   85,    0,  457,  209,  312,  882, 1039,  726,  988,  832,  858,  481,  828,  181,  488,  550,  499,  644,   97,  915, 1063,  714,  456,  579,  485,  582,  813,  707,  465,  200,  204,  279,  267,  790,  394,  601,  382,  271,  918,  607,  662,  972,  636,  887,  798,  374,  547,  142,  274,  447,  602,  699,  609,  853,  578,  875,  202,  824,  614,  768,  841,  967,  794,  300,  805,  592,  402,   22,  316,  503,  332,  960,  525,  341,  484,  792,  754,  933,  520,  422,  735,   80,  925,  349,  137,  567,  758,  892,  877,  351,  737,  895,  863,  335,  513,  614,  667,  459,  153,  927,  461,  447,  864,  626,  496,  259,  709,  776,  557,  611,  150,  603,  676,  484,  561],
        [  627,    0,  570,  433,  414,  516,  457,    0,  352,  231,  568,  894,  308,  761,  748,  459,   24,  737,  398,  831,  584,  793,  519,  443,  829,  887,  657,  264,  603,  189,  396,  453,  439,  493,  615,  254,  288,  198,  347,  121,  671,  494,  197,  763,  280,  772,  831,  371,  821,  683,  199,  228,  432,  654,  212,  728,  586,  155,  496,  337,  784,  412,  370,  164,  751,  460,  802,  337,  307,  755,  467,  541,  477,  342,   86,  172,  774,   75,  378,  639,  580,  770,  746,  686,  221,  453,  521,  824,  306,  340,  220,  447,  442,  756,  409,  345,  712,  486,  350,  745,  834,  758,  567,  305,  659,  185,  204,  556,  200,  796,  463,  771,  466,  360,  171,  411,  246,  612,  220,  741],
        [  279,    0,  593,  695,   81,  216,  209,  352,    0,  137,  681,  835,  562,  780,  634,  679,  375,  628,  314,  481,  366,  450,  437,  132,  718,  857,  517,  259,  394,  308,  375,  623,  503,  272,  283,  168,   84,  167,  641,  347,  433,  210,  239,  713,  421,  513,  768,  435,  693,  594,  198,  366,   97,  307,  262,  457,  494,  484,  662,  377,  677,  340,  715,  482,  581,  656,  761,  672,  363,  613,  384,  245,  227,  107,  365,  185,  752,  403,  136,  344,  584,  576,  726,  389,  235,  533,  228,  726,  143,   96,  390,  560,  748,  675,  153,  560,  687,  676,  127,  421,  518,  510,  294,  168,  720,  284,  265,  662,  549,  452,  411,  543,  577,  351,  470,   76,  425,  477,  473,  440],
        [  415,    0,  510,  561,  213,  342,  312,  231,  137,    0,  574,  790,  428,  704,  607,  549,  252,  599,  353,  605,  384,  563,  387,  258,  692,  801,  499,  149,  408,  176,  293,  501,  402,  287,  419,  163,   58,  104,  505,  262,  466,  269,  194,  661,  296,  561,  723,  330,  674,  555,   64,  237,  231,  442,  135,  512,  452,  351,  542,  273,  648,  377,  583,  348,  580,  531,  707,  538,  348,  599,  330,  314,  333,  114,  231,   61,  691,  273,  153,  415,  507,  587,  663,  461,  110,  429,  351,  694,   91,  176,  258,  449,  611,  635,  184,  430,  625,  552,  125,  515,  606,  551,  347,  201,  629,  152,  136,  556,  431,  566,  447,  573,  467,  261,  335,  209,  294,  454,  395,  515],
        [  903,    0,  165,  303,  759,  895,  882,  568,  681,  574,    0,  437,  314,  243,  431,  212,  559,  417,  913,  999,  542,  916,  341,  812,  469,  396,  438,  427,  533,  419,  318,  136,  180,  535,  941,  724,  603,  652,  380,  687,  603,  622,  716,  337,  296,  691,  397,  246,  490,  364,  516,  358,  773,  927,  443,  690,  351,  483,  107,  305,  438,  934,  570,  462,  523,  169,  347,  507,  861,  480,  357,  651,  902,  581,  482,  573,  304,  510,  574,  690,  196,  573,  283,  718,  465,  149,  908,  445,  539,  747,  354,  127,  427,  382,  582,  249,  274,  153,  566,  818,  853,  661,  623,  770,  121,  440,  445,   21,  632,  925,  998,  632,  108,  333,  432,  754,  323,  421,  776,  758],
        [  946,    0,  335,  738,  895, 1015, 1039,  894,  835,  790,  437,    0,  724,  204,  219,  647,  895,  218, 1136,  937,  511,  840,  405,  947,  157,   72,  334,  657,  484,  708,  507,  562,  466,  579, 1011,  951,  788,  892,  806,  997,  506,  671,  977,  132,  626,  532,   68,  526,  198,  242,  757,  668,  900,  961,  701,  570,  342,  863,  542,  558,  179, 1162,  996,  842,  326,  603,   96,  931, 1133,  267,  461,  671, 1054,  731,  816,  821,  135,  860,  700,  644,  318,  372,  160,  643,  708,  463, 1031,  131,  713,  927,  683,  495,  862,  162,  688,  657,  186,  589,  711,  735,  715,  504,  617,  981,  319,  718,  707,  430, 1017,  851, 1233,  452,  482,  543,  810,  890,  668,  366, 1114,  653],
        [  833,    0,  393,  134,  640,  767,  726,  308,  562,  428,  314,  724,    0,  548,  647,  153,  291,  633,  700,  994,  613,  931,  455,  685,  711,  695,  598,  329,  619,  256,  345,  179,  277,  555,  845,  533,  479,  462,  102,  426,  697,  607,  495,  604,  175,  801,  672,  254,  718,  573,  365,  207,  658,  860,  305,  777,  506,  182,  217,  276,  670,  716,  277,  162,  699,  165,  629,  212,  615,  677,  427,  650,  747,  495,  233,  395,  591,  236,  511,  727,  417,  736,  564,  768,  333,  268,  776,  695,  446,  593,  177,  230,  203,  624,  534,   67,  542,  191,  489,  854,  921,  777,  649,  585,  428,  279,  301,  311,  322,  937,  770,  769,  243,  326,  141,  636,  147,  561,  487,  819],
        [  946,    0,  197,  544,  850,  982,  988,  761,  780,  704,  243,  204,  548,    0,  291,  453,  758,  280, 1057,  986,  524,  893,  353,  905,  287,  155,  362,  558,  504,  586,  412,  375,  323,  561, 1000,  866,  717,  799,  621,  874,  553,  657,  877,  151,  482,  612,  184,  395,  321,  255,  659,  535,  860,  966,  593,  633,  315,  704,  349,  441,  274, 1081,  811,  683,  409,  411,  131,  748, 1031,  350,  399,  671, 1006,  673,  678,  723,   90,  716,  652,  675,  198,  462,   90,  688,  606,  309,  996,  258,  643,  863,  542,  327,  668,  219,  648,  481,  118,  394,  654,  788,  794,  582,  626,  904,  122,  602,  597,  240,  857,  903, 1149,  538,  310,  444,  651,  845,  520,  372,  979,  712],
        [  728,    0,  274,  700,  687,  803,  832,  748,  634,  607,  431,  219,  647,  291,    0,  616,  754,   15,  942,  724,  294,  628,  230,  738,   85,  266,  119,  491,  267,  560,  353,  520,  371,  368,  794,  763,  595,  711,  742,  838,  289,  457,  800,  143,  509,  329,  160,  407,   74,   74,  585,  535,  692,  743,  541,  359,  162,  751,  517,  419,   44,  968,  923,  731,  120,  569,  184,  858,  954,   60,  284,  454,  846,  533,  679,  647,  208,  728,  499,  426,  244,  173,  201,  427,  541,  383,  819,   94,  523,  728,  557,  429,  820,   74,  483,  585,  180,  564,  514,  522,  513,  299,  399,  788,  346,  564,  548,  415,  899,  638, 1039,  251,  424,  389,  699,  682,  553,  158,  963,  441],
        [  937,    0,  344,   92,  759,  890,  858,  459,  679,  549,  212,  647,  153,  453,  616,    0,  443,  602,  846, 1076,  654, 1003,  467,  807,  666,  607,  596,  427,  653,  374,  387,   98,  270,  616,  959,  671,  595,  599,  180,  578,  730,  685,  641,  542,  260,  828,  605,  289,  682,  544,  486,  314,  775,  964,  417,  815,  502,  334,  106,  335,  631,  863,  365,  315,  692,   48,  556,  306,  766,  658,  458,  723,  879,  597,  380,  527,  514,  389,  605,  787,  373,  736,  491,  823,  444,  246,  900,  645,  548,  722,  292,  195,  216,  578,  622,  122,  478,   60,  588,  917,  970,  801,  711,  723,  332,  398,  415,  218,  465, 1011,  919,  783,  195,  382,  294,  754,  256,  567,  639,  870],
        [  650,    0,  568,  414,  437,  540,  481,   24,  375,  252,  559,  895,  291,  758,  754,  443,    0,  742,  418,  853,  597,  814,  526,  467,  833,  886,  665,  275,  616,  194,  401,  441,  437,  508,  639,  277,  308,  222,  326,  135,  685,  513,  219,  764,  276,  787,  832,  370,  826,  688,  216,  228,  456,  677,  223,  744,  592,  132,  485,  339,  789,  432,  347,  143,  761,  447,  802,  314,  324,  763,  475,  559,  501,  361,   81,  193,  773,   56,  396,  657,  579,  781,  745,  703,  233,  449,  545,  828,  324,  364,  216,  440,  419,  759,  427,  332,  712,  472,  368,  764,  852,  772,  584,  328,  653,  193,  215,  549,  180,  817,  482,  784,  459,  366,  153,  434,  239,  620,  222,  758],
        [  728,    0,  259,  686,  683,  800,  828,  737,  628,  599,  417,  218,  633,  280,   15,  602,  742,    0,  936,  728,  293,  633,  219,  735,   94,  263,  116,  481,  266,  549,  342,  505,  357,  365,  793,  756,  589,  703,  728,  828,  293,  455,  791,  134,  496,  336,  157,  394,   87,   60,  576,  523,  688,  744,  530,  364,  152,  738,  503,  407,   50,  962,  909,  718,  129,  555,  178,  844,  946,   71,  275,  453,  842,  527,  667,  638,  199,  717,  494,  428,  229,  183,  191,  431,  532,  369,  816,   98,  516,  722,  545,  415,  806,   67,  478,  571,  168,  550,  508,  527,  520,  306,  399,  782,  332,  554,  538,  401,  887,  643, 1033,  260,  409,  377,  686,  678,  540,  153,  953,  447],
        [  435,    0,  861,  829,  287,  265,  181,  398,  314,  353,  913, 1136,  700, 1057,  942,  846,  418,  936,    0,  668,  679,  677,  732,  258, 1027, 1151,  827,  499,  708,  494,  645,  821,  749,  585,  377,  192,  349,  262,  744,  298,  743,  519,  206, 1009,  620,  816, 1069,  675, 1004,  897,  401,  557,  294,  454,  472,  757,  795,  550,  864,  621,  985,   27,  736,  561,  895,  839, 1056,  719,  140,  924,  677,  548,  187,  409,  467,  340, 1042,  472,  445,  640,  859,  889, 1014,  680,  454,  774,  256, 1033,  423,  218,  567,  786,  836,  978,  465,  726,  976,  863,  429,  685,  787,  816,  602,  155,  978,  473,  469,  897,  524,  675,   98,  853,  805,  613,  568,  290,  602,  785,  347,  725],
        [  234,    0,  855, 1117,  433,  404,  488,  831,  481,  605,  999,  937,  994,  986,  724, 1076,  853,  728,  668,    0,  467,   97,  663,  429,  782,  989,  627,  665,  484,  747,  695,  996,  832,  466,  296,  624,  547,  645, 1086,  822,  437,  392,  703,  859,  826,  410,  882,  790,  742,  735,  655,  788,  416,  214,  696,  367,  678,  954, 1024,  741,  760,  688, 1186,  948,  611, 1041,  905, 1138,  781,  671,  643,  354,  482,  507,  833,  661,  920,  877,  485,  314,  831,  567,  904,  300,  670,  863,  413,  806,  555,  523,  819,  907, 1193,  794,  461,  972,  870, 1054,  509,  202,  245,  436,  377,  595,  983,  727,  702,  978, 1029,   86,  738,  490,  918,  695,  931,  434,  848,  616,  939,  285],
        [  436,    0,  391,  714,  407,  513,  550,  584,  366,  384,  542,  511,  613,  524,  294,  654,  597,  293,  679,  467,    0,  378,  201,  454,  372,  551,  178,  328,   30,  420,  271,  563,  389,   98,  500,  518,  352,  482,  713,  643,   89,  168,  572,  409,  440,  193,  448,  368,  341,  281,  389,  429,  408,  452,  379,  164,  212,  644,  583,  337,  337,  706,  861,  630,  218,  612,  458,  801,  717,  259,  196,  160,  562,  282,  540,  439,  466,  593,  242,  153,  365,  210,  446,  177,  365,  418,  529,  387,  294,  462,  460,  467,  813,  353,  217,  571,  410,  620,  265,  278,  318,  175,  106,  532,  517,  411,  387,  521,  770,  387,  776,  190,  474,  288,  603,  402,  476,  155,  776,  218],
        [  250,    0,  768, 1049,  417,  419,  499,  793,  450,  563,  916,  840,  931,  893,  628, 1003,  814,  633,  677,   97,  378,    0,  577,  425,  685,  894,  533,  605,  394,  691,  619,  920,  752,  389,  325,  606,  506,  617, 1026,  797,  342,  325,  684,  764,  760,  314,  786,  715,  646,  641,  607,  727,  403,  240,  640,  271,  588,  905,  946,  670,  664,  700, 1137,  898,  515,  967,  810, 1086,  778,  575,  561,  282,  497,  457,  786,  622,  826,  832,  429,  226,  743,  471,  810,  206,  615,  783,  431,  710,  502,  508,  758,  829, 1132,  699,  402,  904,  777,  978,  455,  107,  157,  339,  296,  584,  895,  672,  646,  895,  992,   11,  756,  394,  839,  622,  878,  417,  785,  524,  920,  188],
        [  597,    0,  193,  537,  503,  631,  644,  519,  437,  387,  341,  405,  455,  353,  230,  467,  526,  219,  732,  663,  201,  577,    0,  557,  312,  421,  147,  263,  193,  332,  127,  372,  198,  211,  648,  547,  384,  489,  555,  609,  267,  307,  576,  278,  296,  362,  337,  201,  302,  170,  358,  312,  511,  618,  311,  353,   68,  532,  388,  197,  268,  758,  723,  514,  248,  423,  326,  659,  732,  239,   57,  326,  661,  331,  452,  422,  316,  503,  304,  351,  171,  282,  290,  378,  313,  224,  646,  311,  310,  526,  337,  275,  647,  249,  297,  402,  252,  428,  311,  478,  514,  335,  288,  578,  323,  335,  319,  320,  677,  586,  829,  318,  279,  161,  483,  497,  339,  107,  734,  417],
        [  199,    0,  721,  818,   55,   85,   97,  443,  132,  258,  812,  947,  685,  905,  738,  807,  467,  735,  258,  429,  454,  425,  557,    0,  821,  974,  620,  390,  483,  434,  504,  754,  634,  371,  173,  203,  214,  246,  758,  405,  505,  287,  282,  829,  550,  567,  881,  567,  793,  706,  322,  493,   47,  224,  390,  508,  610,  588,  793,  508,  782,  282,  813,  590,  672,  786,  878,  776,  354,  710,  507,  306,  109,  235,  474,  294,  872,  505,  254,  390,  710,  658,  846,  427,  363,  664,   96,  832,  274,  105,  516,  692,  863,  786,  261,  687,  808,  806,  252,  428,  529,  571,  363,  167,  849,  410,  392,  794,  629,  424,  346,  613,  709,  482,  582,   60,  552,  583,  514,  470],
        [  802,    0,  324,  753,  770,  884,  915,  829,  718,  692,  469,  157,  711,  287,   85,  666,  833,   94, 1027,  782,  372,  685,  312,  821,    0,  218,  201,  574,  344,  640,  433,  571,  436,  450,  870,  848,  680,  796,  803,  921,  355,  537,  884,  140,  582,  376,  115,  479,   42,  146,  669,  612,  774,  816,  623,  415,  244,  824,  563,  496,   45, 1053,  987,  804,  172,  619,  160,  922, 1039,  116,  367,  531,  929,  618,  757,  731,  198,  806,  583,  494,  297,  216,  203,  490,  624,  444,  899,   31,  608,  812,  633,  487,  876,   89,  566,  647,  198,  611,  598,  580,  559,  348,  475,  873,  369,  646,  630,  455,  975,  696, 1124,  295,  479,  469,  772,  765,  626,  242, 1045,  497],
        [  986,    0,  319,  698,  921, 1045, 1063,  887,  857,  801,  396,   72,  695,  155,  266,  607,  886,  263, 1151,  989,  551,  894,  421,  974,  218,    0,  373,  662,  525,  705,  512,  527,  451,  610, 1048,  963,  804,  901,  773,  995,  555,  705,  984,  146,  613,  590,  108,  517,  259,  272,  763,  660,  927, 1002,  703,  624,  365,  845,  503,  555,  231, 1176,  963,  823,  381,  564,   96,  899, 1140,  320,  476,  709, 1080,  751,  806,  828,  114,  848,  723,  690,  308,  430,  143,  693,  712,  444, 1060,  189,  729,  947,  672,  469,  822,  199,  714,  629,  178,  548,  732,  788,  774,  561,  656,  996,  276,  717,  708,  392,  998,  904, 1246,  510,  454,  547,  791,  915,  654,  400, 1107,  706],
        [  614,    0,  274,  672,  570,  685,  714,  657,  517,  499,  438,  334,  598,  362,  119,  596,  665,  116,  827,  627,  178,  533,  147,  620,  201,  373,    0,  395,  152,  472,  272,  499,  331,  250,  678,  652,  483,  602,  698,  740,  191,  339,  692,  234,  443,  259,  270,  346,  177,  109,  482,  457,  573,  630,  446,  272,   95,  678,  506,  343,  162,  854,  869,  660,  101,  550,  283,  805,  845,  101,  192,  338,  728,  419,  595,  543,  294,  646,  383,  319,  244,  141,  278,  328,  443,  351,  700,  212,  412,  612,  483,  402,  786,  175,  366,  543,  245,  550,  399,  427,  435,  228,  284,  674,  382,  473,  454,  419,  822,  543,  925,  195,  402,  305,  629,  564,  485,   46,  868,  351],
        [  512,    0,  363,  455,  339,  474,  456,  264,  259,  149,  427,  657,  329,  558,  491,  427,  275,  481,  499,  665,  328,  605,  263,  390,  574,  662,  395,    0,  344,   93,  151,  365,  254,  247,  533,  308,  178,  241,  422,  347,  417,  281,  322,  526,  168,  520,  591,  181,  562,  431,  102,  123,  354,  538,   53,  483,  330,  319,  404,  124,  530,  523,  543,  307,  488,  401,  570,  488,  478,  494,  208,  326,  476,  171,  212,  166,  550,  265,  182,  412,  362,  507,  522,  457,   51,  281,  485,  573,  122,  321,  154,  303,  529,  508,  205,  313,  485,  419,  162,  534,  610,  503,  334,  349,  480,   84,   60,  409,  443,  610,  592,  512,  321,  116,  282,  334,  183,  349,  474,  510],
        [  462,    0,  378,  716,  435,  542,  579,  603,  394,  408,  533,  484,  619,  504,  267,  653,  616,  266,  708,  484,   30,  394,  193,  483,  344,  525,  152,  344,    0,  435,  275,  560,  386,  125,  528,  545,  378,  507,  720,  665,   79,  197,  597,  385,  447,  183,  422,  371,  312,  257,  410,  440,  437,  478,  395,  163,  195,  658,  579,  343,  309,  734,  871,  643,  189,  611,  434,  810,  744,  230,  196,  188,  591,  309,  556,  461,  442,  609,  268,  172,  351,  183,  423,  189,  383,  414,  558,  359,  317,  490,  471,  464,  818,  327,  244,  575,  388,  617,  291,  291,  322,  161,  133,  559,  502,  428,  403,  512,  787,  403,  804,  169,  470,  295,  615,  431,  484,  133,  798,  225],
        [  578,    0,  391,  387,  387,  517,  485,  189,  308,  176,  419,  708,  256,  586,  560,  374,  194,  549,  494,  747,  420,  691,  332,  434,  640,  705,  472,   93,  435,    0,  208,  331,  265,  340,  591,  308,  224,  235,  341,  291,  509,  369,  298,  576,  126,  612,  644,  192,  633,  495,  112,   64,  404,  605,   52,  576,  399,  227,  373,  150,  596,  516,  452,  214,  569,  357,  617,  398,  447,  569,  281,  415,  506,  242,  124,  158,  592,  176,  263,  504,  398,  591,  563,  548,   78,  285,  527,  635,  193,  349,   83,  293,  448,  568,  289,  254,  528,  379,  239,  624,  701,  594,  426,  357,  493,   25,   46,  404,  354,  696,  580,  601,  312,  172,  191,  383,  119,  428,  407,  602],
        [  586,    0,  220,  443,  450,  585,  582,  396,  375,  293,  318,  507,  345,  412,  353,  387,  401,  342,  645,  695,  271,  619,  127,  504,  433,  512,  272,  151,  275,  208,    0,  302,  140,  231,  624,  455,  306,  390,  446,  492,  354,  309,  472,  376,  176,  456,  442,   99,  426,  288,  252,  186,  462,  610,  194,  435,  192,  407,  329,   73,  388,  669,  604,  389,  372,  349,  420,  542,  628,  365,   85,  342,  601,  270,  327,  316,  400,  377,  258,  400,  215,  402,  372,  436,  201,  172,  599,  428,  234,  453,  212,  213,  544,  362,  265,  301,  334,  360,  253,  530,  585,  433,  325,  492,  346,  214,  201,  298,  551,  627,  739,  426,  225,   37,  358,  445,  217,  229,  613,  484],
        [  870,    0,  248,  182,  703,  838,  813,  453,  623,  501,  136,  562,  179,  375,  520,   98,  441,  505,  821,  996,  563,  920,  372,  754,  571,  527,  499,  365,  560,  331,  302,    0,  175,  532,  897,  638,  541,  565,  246,  573,  637,  606,  618,  451,  206,  734,  516,  206,  586,  447,  439,  267,  718,  896,  367,  722,  405,  353,   44,  259,  535,  840,  437,  332,  594,   52,  469,  374,  755,  560,  367,  642,  833,  533,  368,  488,  428,  390,  535,  700,  277,  639,  404,  734,  392,  149,  849,  552,  486,  676,  254,   98,  305,  483,  550,  116,  387,   59,  521,  830,  880,  706,  625,  687,  254,  354,  366,  136,  500,  928,  901,  687,   98,  302,  305,  698,  219,  471,  652,  780],
        [  725,    0,  133,  342,  581,  717,  707,  439,  503,  402,  180,  466,  277,  323,  371,  270,  437,  357,  749,  832,  389,  752,  198,  634,  436,  451,  331,  254,  386,  265,  140,  175,    0,  366,  762,  558,  428,  488,  373,  552,  462,  448,  560,  338,  162,  559,  408,   75,  442,  297,  349,  212,  594,  749,  278,  548,  236,  398,  195,  130,  394,  772,  553,  377,  429,  226,  371,  488,  712,  403,  194,  480,  726,  402,  356,  410,  339,  397,  395,  530,  148,  471,  311,  562,  296,   32,  730,  422,  361,  573,  221,   79,  456,  351,  403,  216,  281,  232,  387,  660,  706,  532,  457,  602,  230,  282,  281,  160,  551,  760,  839,  514,   87,  154,  344,  576,  203,  299,  658,  607],
        [  386,    0,  401,  666,  320,  437,  465,  493,  272,  287,  535,  579,  555,  561,  368,  616,  508,  365,  585,  466,   98,  389,  211,  371,  450,  610,  250,  247,  125,  340,  231,  532,  366,    0,  441,  421,  254,  385,  654,  547,  181,   97,  474,  465,  381,  279,  513,  328,  424,  339,  296,  359,  324,  407,  294,  237,  249,  566,  558,  284,  411,  612,  788,  553,  310,  579,  515,  731,  620,  342,  180,  117,  479,  185,  456,  343,  514,  508,  144,  173,  381,  307,  491,  214,  277,  397,  452,  462,  197,  368,  391,  442,  757,  418,  121,  521,  453,  590,  167,  302,  367,  266,   95,  436,  532,  328,  302,  514,  684,  396,  683,  287,  453,  236,  528,  315,  412,  214,  680,  266],
        [   80,    0,  829,  977,  207,  115,  200,  615,  283,  419,  941, 1011,  845, 1000,  794,  959,  639,  793,  377,  296,  500,  325,  648,  173,  870, 1048,  678,  533,  528,  591,  624,  897,  762,  441,    0,  373,  367,  417,  923,  575,  524,  345,  450,  904,  700,  556,  947,  700,  836,  776,  481,  647,  189,   86,  543,  497,  690,  758,  934,  643,  836,  395,  985,  759,  706,  934,  953,  947,  499,  755,  606,  340,  190,  365,  642,  461,  955,  675,  368,  387,  814,  680,  932,  409,  516,  793,  121,  886,  412,  277,  672,  826, 1029,  851,  361,  842,  894,  952,  377,  369,  463,  569,  395,  332,  961,  567,  546,  921,  800,  320,  443,  619,  842,  609,  750,  211,  707,  648,  677,  436],
        [  400,    0,  670,  665,  191,  267,  204,  254,  168,  163,  724,  951,  533,  866,  763,  671,  277,  756,  192,  624,  518,  606,  547,  203,  848,  963,  652,  308,  545,  308,  455,  638,  558,  421,  373,    0,  170,   74,  590,  203,  592,  373,   80,  822,  434,  677,  884,  484,  828,  714,  210,  372,  208,  426,  282,  622,  611,  406,  680,  430,  805,  215,  621,  412,  726,  660,  869,  591,  200,  750,  491,  411,  224,  237,  304,  151,  853,  323,  277,  511,  669,  727,  825,  556,  263,  583,  270,  852,  240,  102,  385,  598,  691,  794,  303,  550,  787,  683,  256,  585,  684,  672,  458,   53,  787,  286,  280,  708,  429,  606,  284,  702,  616,  423,  411,  191,  421,  608,  316,  607],
        [  358,    0,  525,  611,  164,  298,  279,  288,   84,   58,  603,  788,  479,  717,  595,  595,  308,  589,  349,  547,  352,  506,  384,  214,  680,  804,  483,  178,  378,  224,  306,  541,  428,  254,  367,  170,    0,  133,  559,  307,  430,  221,  221,  661,  338,  520,  720,  357,  660,  549,  115,  282,  181,  386,  178,  469,  446,  409,  580,  299,  638,  375,  641,  405,  558,  573,  708,  596,  367,  581,  329,  265,  299,   71,  289,  116,  696,  331,  112,  366,  519,  560,  668,  412,  151,  456,  309,  685,   75,  148,  306,  481,  666,  629,  141,  476,  630,  593,   87,  462,  554,  512,  303,  194,  649,  201,  181,  585,  487,  509,  446,  539,  498,  279,  391,  159,  341,  439,  439,  466],
        [  433,    0,  603,  595,  218,  320,  267,  198,  167,  104,  652,  892,  462,  799,  711,  599,  222,  703,  262,  645,  482,  617,  489,  246,  796,  901,  602,  241,  507,  235,  390,  565,  488,  385,  417,   74,  133,    0,  524,  181,  562,  352,   91,  762,  361,  652,  825,  414,  778,  658,  141,  299,  237,  459,  211,  601,  555,  345,  607,  361,  752,  284,  568,  349,  683,  587,  808,  533,  244,  702,  433,  394,  288,  203,  237,   79,  790,  262,  244,  496,  603,  688,  761,  542,  194,  512,  325,  798,  192,  142,  312,  525,  626,  738,  273,  478,  724,  610,  218,  584,  680,  644,  435,  124,  717,  213,  208,  636,  387,  619,  351,  670,  544,  357,  345,  216,  348,  558,  310,  595],
        [  916,    0,  482,  106,  717,  838,  790,  347,  641,  505,  380,  806,  102,  621,  742,  180,  326,  728,  744, 1086,  713, 1026,  555,  758,  803,  773,  698,  422,  720,  341,  446,  246,  373,  654,  923,  590,  559,  524,    0,  454,  798,  702,  542,  691,  275,  902,  758,  355,  813,  669,  444,  300,  735,  944,  392,  877,  605,  196,  275,  377,  764,  757,  191,  184,  798,  214,  712,  128,  644,  775,  529,  746,  811,  582,  288,  464,  672,  273,  602,  826,  507,  836,  647,  867,  419,  361,  845,  786,  533,  661,  268,  318,  108,  716,  626,  157,  628,  235,  579,  952, 1020,  878,  747,  643,  499,  362,  387,  382,  298, 1031,  805,  870,  328,  426,  180,  713,  243,  662,  488,  919],
        [  602,    0,  680,  547,  390,  466,  394,  121,  347,  262,  687,  997,  426,  874,  838,  578,  135,  828,  298,  822,  643,  797,  609,  405,  921,  995,  740,  347,  665,  291,  492,  573,  552,  547,  575,  203,  307,  181,  454,    0,  727,  527,  125,  865,  396,  822,  933,  480,  909,  777,  259,  340,  407,  627,  299,  773,  677,  259,  617,  440,  876,  308,  440,  273,  829,  581,  907,  422,  191,  839,  555,  571,  413,  374,  206,  205,  882,  190,  414,  673,  688,  841,  853,  719,  298,  568,  467,  919,  351,  303,  336,  564,  542,  853,  445,  466,  818,  606,  386,  764,  859,  812,  607,  244,  775,  280,  292,  675,  234,  798,  352,  832,  584,  456,  286,  389,  364,  694,  134,  773],
        [  452,    0,  445,  794,  462,  555,  601,  671,  433,  466,  603,  506,  697,  553,  289,  730,  685,  293,  743,  437,   89,  342,  267,  505,  355,  555,  191,  417,   79,  509,  354,  637,  462,  181,  524,  592,  430,  562,  798,  727,    0,  225,  650,  422,  526,  105,  448,  449,  318,  299,  475,  517,  461,  464,  467,   87,  257,  733,  654,  422,  328,  770,  948,  719,  186,  688,  468,  888,  791,  240,  274,  200,  612,  360,  629,  523,  484,  681,  318,  140,  417,  157,  468,  139,  453,  490,  570,  376,  377,  527,  548,  540,  897,  358,  290,  653,  436,  693,  344,  237,  251,   87,  143,  600,  564,  500,  475,  583,  859,  353,  839,  111,  545,  373,  691,  458,  562,  188,  860,  161],
        [  291,    0,  494,  727,  240,  347,  382,  494,  210,  269,  622,  671,  607,  657,  457,  685,  513,  455,  519,  392,  168,  325,  307,  287,  537,  705,  339,  281,  197,  369,  309,  606,  448,   97,  345,  373,  221,  352,  702,  527,  225,    0,  437,  560,  437,  304,  606,  400,  508,  433,  297,  403,  241,  312,  319,  250,  346,  590,  636,  350,  500,  545,  820,  581,  386,  651,  610,  766,  571,  426,  271,   47,  395,  155,  473,  329,  610,  522,  117,  147,  475,  373,  587,  193,  296,  479,  362,  551,  190,  303,  434,  521,  808,  510,   86,  582,  549,  664,  145,  256,  340,  301,   85,  377,  626,  353,  326,  601,  692,  331,  615,  335,  533,  305,  559,  236,  460,  306,  659,  247],
        [  479,    0,  680,  625,  270,  342,  271,  197,  239,  194,  716,  977,  495,  877,  800,  641,  219,  791,  206,  703,  572,  684,  576,  282,  884,  984,  692,  322,  597,  298,  472,  618,  560,  474,  450,   80,  221,   91,  542,  125,  650,  437,    0,  847,  421,  739,  911,  486,  867,  746,  221,  359,  287,  505,  285,  686,  643,  351,  662,  436,  840,  223,  555,  360,  773,  635,  891,  530,  157,  792,  520,  478,  290,  291,  262,  157,  872,  270,  332,  579,  682,  778,  843,  624,  272,  582,  343,  886,  282,  181,  366,  590,  638,  825,  361,  522,  806,  659,  307,  659,  757,  732,  521,  120,  789,  279,  280,  701,  356,  684,  283,  759,  609,  438,  364,  270,  400,  647,  237,  676],
        [  843,    0,  211,  631,  775,  900,  918,  763,  713,  661,  337,  132,  604,  151,  143,  542,  764,  134, 1009,  859,  409,  764,  278,  829,  140,  146,  234,  526,  385,  576,  376,  451,  338,  465,  904,  822,  661,  762,  691,  865,  422,  560,  847,    0,  496,  470,   70,  396,  171,  129,  626,  537,  782,  861,  569,  497,  220,  736,  437,  427,  123, 1034,  879,  715,  263,  496,   50,  814, 1003,  202,  333,  566,  935,  607,  685,  691,   66,  730,  578,  553,  191,  316,   64,  560,  577,  339,  915,  112,  586,  803,  553,  375,  755,   70,  568,  538,   65,  485,  587,  658,  654,  440,  515,  854,  231,  586,  576,  326,  889,  774, 1105,  393,  364,  412,  682,  770,  539,  257,  982,  579],
        [  679,    0,  294,  291,  501,  634,  607,  280,  421,  296,  296,  626,  175,  482,  509,  260,  276,  496,  620,  826,  440,  760,  296,  550,  582,  613,  443,  168,  447,  126,  176,  206,  162,  381,  700,  434,  338,  361,  275,  396,  526,  437,  421,  496,    0,  629,  566,  103,  582,  437,  234,   63,  517,  705,  162,  603,  355,  243,  248,  105,  539,  641,  429,  223,  543,  236,  531,  366,  566,  530,  261,  478,  628,  338,  196,  284,  501,  236,  348,  553,  308,  576,  472,  594,  188,  174,  645,  571,  289,  471,   61,  171,  377,  501,  368,  147,  441,  257,  329,  681,  746,  607,  475,  482,  380,  149,  161,  282,  395,  766,  704,  602,  190,  153,  191,  496,   45,  402,  497,  645],
        [  479,    0,  528,  895,  530,  606,  662,  772,  513,  561,  691,  532,  801,  612,  329,  828,  787,  336,  816,  410,  193,  314,  362,  567,  376,  590,  259,  520,  183,  612,  456,  734,  559,  279,  556,  677,  520,  652,  902,  822,  105,  304,  739,  470,  629,    0,  483,  551,  335,  359,  574,  621,  526,  485,  570,   61,  341,  837,  748,  525,  360,  842, 1053,  823,  210,  785,  512,  992,  875,  271,  375,  269,  670,  451,  732,  619,  535,  784,  410,  179,  499,  161,  524,  147,  555,  585,  621,  402,  473,  603,  652,  636,  999,  402,  380,  755,  496,  789,  437,  213,  185,   31,  220,  680,  640,  603,  578,  671,  961,  325,  909,   81,  640,  477,  796,  527,  667,  270,  955,  130],
        [  884,    0,  280,  695,  828,  950,  972,  831,  768,  723,  397,   68,  672,  184,  160,  605,  832,  157, 1069,  882,  448,  786,  337,  881,  115,  108,  270,  591,  422,  644,  442,  516,  408,  513,  947,  884,  720,  825,  758,  933,  448,  606,  911,   70,  566,  483,    0,  465,  155,  175,  691,  606,  834,  899,  636,  516,  275,  805,  500,  495,  124, 1095,  946,  784,  274,  559,   54,  881, 1067,  213,  394,  607,  988,  664,  754,  755,   98,  799,  634,  584,  260,  323,  115,  586,  642,  408,  965,   85,  646,  860,  622,  443,  819,   96,  621,  606,  131,  547,  644,  681,  667,  454,  554,  914,  285,  654,  642,  388,  958,  797, 1165,  403,  431,  478,  752,  823,  609,  301, 1050,  599],
        [  668,    0,  200,  346,  514,  650,  636,  371,  435,  330,  246,  526,  254,  395,  407,  289,  370,  394,  675,  790,  368,  715,  201,  567,  479,  517,  346,  181,  371,  192,   99,  206,   75,  328,  700,  484,  357,  414,  355,  480,  449,  400,  486,  396,  103,  551,  465,    0,  480,  335,  275,  143,  528,  693,  204,  531,  256,  346,  237,   59,  436,  698,  523,  326,  447,  252,  433,  459,  638,  430,  176,  437,  656,  338,  290,  336,  404,  334,  334,  498,  210,  483,  375,  534,  222,  100,  662,  469,  294,  502,  157,  127,  450,  398,  347,  205,  343,  264,  324,  628,  683,  526,  422,  528,  304,  208,  207,  228,  497,  723,  764,  516,  143,   96,  293,  509,  147,  308,  590,  582],
        [  768,    0,  339,  767,  743,  854,  887,  821,  693,  674,  490,  198,  718,  321,   74,  682,  826,   87, 1004,  742,  341,  646,  302,  793,   42,  259,  177,  562,  312,  633,  426,  586,  442,  424,  836,  828,  660,  778,  813,  909,  318,  508,  867,  171,  582,  335,  155,  480,    0,  146,  654,  608,  746,  781,  612,  375,  235,  824,  581,  492,   52, 1030,  994,  804,  133,  635,  197,  929, 1021,   83,  355,  499,  901,  596,  752,  716,  233,  802,  560,  458,  310,  175,  234,  452,  612,  453,  869,   71,  589,  788,  630,  498,  888,  110,  541,  656,  224,  628,  576,  541,  518,  308,  442,  851,  395,  637,  620,  475,  973,  656, 1102,  255,  491,  461,  772,  738,  626,  221, 1035,  458],
        [  715,    0,  203,  627,  654,  776,  798,  683,  594,  555,  364,  242,  573,  255,   74,  544,  688,   60,  897,  735,  281,  641,  170,  706,  146,  272,  109,  431,  257,  495,  288,  447,  297,  339,  776,  714,  549,  658,  669,  777,  299,  433,  746,  129,  437,  359,  175,  335,  146,    0,  528,  466,  660,  732,  479,  378,  104,  680,  446,  350,  102,  923,  849,  660,  164,  497,  178,  784,  901,  117,  226,  438,  813,  491,  612,  591,  186,  660,  459,  426,  172,  217,  170,  436,  482,  309,  791,  142,  475,  687,  487,  356,  747,   81,  447,  512,  138,  493,  471,  535,  539,  328,  387,  743,  288,  501,  486,  347,  830,  651,  994,  287,  351,  324,  628,  649,  482,  129,  900,  458],
        [  473,    0,  463,  498,  276,  405,  374,  199,  198,   64,  516,  757,  365,  659,  585,  486,  216,  576,  401,  655,  389,  607,  358,  322,  669,  763,  482,  102,  410,  112,  252,  439,  349,  296,  481,  210,  115,  141,  444,  259,  475,  297,  221,  626,  234,  574,  691,  275,  654,  528,    0,  174,  294,  500,   74,  529,  426,  300,  480,  221,  624,  424,  532,  294,  570,  468,  671,  485,  377,  582,  302,  344,  395,  150,  180,   65,  651,  227,  182,  441,  463,  583,  623,  488,   54,  374,  415,  669,  108,  238,  195,  390,  551,  606,  212,  366,  586,  489,  154,  551,  637,  561,  368,  254,  577,   88,   73,  500,  395,  611,  492,  578,  409,  218,  278,  272,  231,  437,  390,  542],
