{
    "name": "random-22-15509",
    "comment": "size=22 seed=15509",
    "nodes": ["+0", "-0", "+1", "-1", "+2", "-2", "+3", "-3", "+4", "-4", "+5", "-5", "+6", "-6", "+7", "-7", "+8", "-8", "+9", "-9", "+10", "-10", "+11", "-11", "+12", "-12", "+13", "-13", "+14", "-14", "+15", "-15", "+16", "-16", "+17", "-17", "+18", "-18", "+19", "-19", "+20", "-20", "+21", "-21", "+22", "-22"],
    "precedence": {
        "+0": "-0",
        "+1": "-1",
        "+2": "-2",
        "+3": "-3",
        "+4": "-4",
        "+5": "-5",
        "+6": "-6",
        "+7": "-7",
        "+8": "-8",
        "+9": "-9",
        "+10": "-10",
        "+11": "-11",
        "+12": "-12",
        "+13": "-13",
        "+14": "-14",
        "+15": "-15",
        "+16": "-16",
        "+17": "-17",
        "+18": "-18",
        "+19": "-19",
        "+20": "-20",
        "+21": "-21",
        "+22": "-22"
    },
    "edges": [
        [    0,    0,   96,  783,  148,  689,  355,  746,  847,  698,  218,  602,  393,  587,  852,  737,  470,  109,  171,  241,  828,  987,  846,  818,  186,  624,  540,  189,  263, 1034,  676,  385,  404,  823,  580,  712,  883,  597,  383,  910,  886,  269,  537,  238, 1096,  802],
        [    0,    0,   96,  783,  148,  689,  355,  746,  847,  698,  218,  602,  393,  587,  852,  737,  470,  109,  171,  241,  828,  987,  846,  818,  186,  624,  540,  189,  263, 1034,  676,  385,  404,  823,  580,  712,  883,  597,  383,  910,  886,  269,  537,  238, 1096,  802],
        [   96,   96,    0,  863,  213,  775,  435,  837,  904,  758,  313,  697,  481,  615,  901,  830,  565,  110,  263,  153,  878, 1067,  892,  911,  281,  672,  549,  283,  356, 1114,  769,  381,  388,  910,  653,  745,  971,  684,  479,  983,  952,  179,  629,  144, 1174,  889],
        [  783,  783,  863,    0,  807,  116,  429,  671,  320,  275,  624,  420,  398,  537,  401,  642,  434,  877,  699, 1016,  385,  206,  426,  273,  636,  389,  652,  665,  649,  252,  598,  715,  763,  124,  232,  513,  184,  702,  494,  182,  239, 1041,  315,  974,  317,  118],
        [  148,  148,  213,  807,    0,  702,  403,  644,  922,  771,  184,  548,  410,  703,  940,  640,  430,  124,  109,  307,  915, 1012,  937,  792,  172,  717,  672,  143,  186, 1057,  584,  526,  549,  826,  632,  822,  879,  483,  344,  955,  945,  338,  523,  348, 1123,  805],
        [  689,  689,  775,  116,  702,    0,  343,  571,  397,  309,  519,  311,  298,  533,  469,  543,  319,  779,  594,  927,  449,  312,  489,  226,  534,  397,  636,  560,  539,  356,  494,  670,  720,  140,  197,  538,  207,  590,  381,  295,  337,  953,  200,  893,  424,  120],
        [  355,  355,  435,  429,  403,  343,    0,  619,  523,  373,  239,  375,   85,  387,  550,  598,  254,  454,  304,  588,  525,  633,  552,  511,  236,  342,  426,  273,  294,  680,  531,  382,  430,  481,  230,  475,  546,  537,  220,  558,  543,  613,  242,  550,  741,  461],
        [  746,  746,  837,  671,  644,  571,  619,    0,  964,  853,  539,  274,  537,  990, 1031,   29,  366,  767,  576,  951, 1009,  804, 1047,  444,  573,  898, 1044,  559,  484,  830,   89,  984, 1029,  589,  693, 1047,  591,  172,  413,  850,  906,  982,  430,  980,  901,  578],
        [  847,  847,  904,  320,  922,  397,  523,  964,    0,  152,  761,  696,  546,  367,   86,  936,  661,  954,  826, 1047,   80,  364,  115,  593,  758,  241,  495,  796,  810,  398,  884,  626,  664,  440,  309,  273,  490,  961,  688,  216,  119, 1065,  553,  976,  411,  437],
        [  698,  698,  758,  275,  771,  309,  373,  853,  152,    0,  611,  580,  399,  278,  186,  826,  527,  804,  675,  903,  162,  401,  197,  529,  607,  128,  403,  645,  662,  446,  769,  507,  550,  395,  169,  239,  458,  833,  546,  267,  204,  922,  428,  837,  480,  385],
        [  218,  218,  313,  624,  184,  519,  239,  539,  761,  611,    0,  386,  230,  592,  788,  527,  258,  276,   76,  450,  763,  829,  789,  615,   35,  575,  593,   42,   72,  874,  463,  482,  519,  642,  460,  698,  696,  403,  170,  776,  773,  480,  341,  455,  940,  621],
        [  602,  602,  697,  420,  548,  311,  375,  274,  696,  580,  386,    0,  291,  726,  759,  247,  136,  658,  450,  835,  737,  585,  775,  266,  416,  627,  791,  421,  363,  620,  189,  755,  803,  365,  420,  776,  392,  283,  219,  602,  647,  866,  159,  837,  693,  349],
        [  393,  393,  481,  398,  410,  298,   85,  537,  546,  399,  230,  291,    0,  459,  583,  516,  172,  482,  303,  632,  558,  603,  589,  440,  239,  394,  508,  270,  268,  649,  450,  466,  514,  431,  238,  535,  491,  466,  153,  547,  547,  659,  163,  606,  714,  410],
        [  587,  587,  615,  537,  703,  533,  387,  990,  367,  278,  592,  726,  459,    0,  326,  967,  628,  693,  634,  740,  309,  679,  307,  758,  574,  151,  129,  613,  659,  723,  902,  273,  305,  649,  339,  132,  716,  923,  606,  542,  464,  752,  569,  653,  754,  635],
        [  852,  852,  901,  401,  940,  469,  550, 1031,   86,  186,  788,  759,  583,  326,    0, 1003,  712,  960,  849, 1040,   26,  448,   31,  673,  781,  229,  450,  820,  842,  481,  948,  596,  630,  523,  354,  213,  574, 1017,  731,  301,  203, 1055,  611,  962,  489,  518],
        [  737,  737,  830,  642,  640,  543,  598,   29,  936,  826,  527,  247,  516,  967, 1003,    0,  344,  762,  568,  946,  981,  776, 1020,  416,  562,  873, 1023,  550,  475,  802,   68,  966, 1011,  560,  667, 1022,  562,  179,  396,  821,  878,  977,  405,  973,  873,  549],
        [  470,  470,  565,  434,  430,  319,  254,  366,  661,  527,  258,  136,  172,  628,  712,  344,    0,  533,  326,  707,  688,  625,  723,  363,  286,  548,  679,  296,  248,  665,  278,  629,  675,  417,  359,  695,  460,  307,   89,  609,  634,  736,  119,  704,  737,  397],
        [  109,  109,  110,  877,  124,  779,  454,  767,  954,  804,  276,  658,  482,  693,  960,  762,  533,    0,  209,  185,  937, 1082,  954,  891,  252,  732,  640,  238,  298, 1129,  705,  478,  491,  910,  682,  820,  967,  606,  445, 1012,  991,  216,  614,  229, 1192,  888],
        [  171,  171,  263,  699,  109,  594,  304,  576,  826,  675,   76,  450,  303,  634,  849,  568,  326,  209,    0,  388,  824,  903,  849,  687,   68,  631,  621,   34,   94,  948,  507,  494,  525,  717,  530,  746,  771,  427,  238,  849,  843,  419,  415,  406, 1015,  696],
        [  241,  241,  153, 1016,  307,  927,  588,  951, 1047,  903,  450,  835,  632,  740, 1040,  946,  707,  185,  388,    0, 1017, 1220, 1029, 1058,  421,  812,  658,  415,  480, 1267,  889,  484,  478, 1062,  804,  872, 1123,  789,  619, 1134, 1100,   32,  777,  106, 1326, 1041],
        [  828,  828,  878,  385,  915,  449,  525, 1009,   80,  162,  763,  737,  558,  309,   26,  981,  688,  937,  824, 1017,    0,  443,   41,  656,  756,  206,  434,  795,  817,  478,  926,  577,  612,  507,  330,  202,  560,  993,  707,  295,  198, 1033,  587,  941,  489,  502],
        [  987,  987, 1067,  206, 1012,  312,  633,  804,  364,  401,  829,  585,  603,  679,  448,  776,  625, 1082,  903, 1220,  443,    0,  478,  363,  841,  529,  804,  870,  851,   48,  744,  891,  938,  221,  423,  620,  217,  866,  692,  148,  246, 1244,  508, 1174,  113,  237],
        [  846,  846,  892,  426,  937,  489,  552, 1047,  115,  197,  789,  775,  589,  307,   31, 1020,  723,  954,  849, 1029,   41,  478,    0,  697,  782,  223,  428,  821,  845,  511,  964,  578,  611,  548,  365,  189,  600, 1029,  739,  330,  232, 1044,  624,  949,  519,  543],
        [  818,  818,  911,  273,  792,  226,  511,  444,  593,  529,  615,  266,  440,  758,  673,  416,  363,  891,  687, 1058,  656,  363,  697,    0,  640,  623,  856,  655,  610,  387,  390,  873,  923,  160,  419,  762,  147,  526,  449,  431,  507, 1087,  283, 1042,  458,  158],
        [  186,  186,  281,  636,  172,  534,  236,  573,  758,  607,   35,  416,  239,  574,  781,  562,  286,  252,   68,  421,  756,  841,  782,  640,    0,  565,  568,   40,  102,  887,  498,  453,  488,  660,  462,  683,  716,  437,  198,  784,  776,  451,  362,  422,  953,  639],
        [  624,  624,  672,  389,  717,  397,  342,  898,  241,  128,  575,  627,  394,  151,  229,  873,  548,  732,  631,  812,  206,  529,  223,  623,  565,    0,  276,  604,  635,  573,  811,  387,  428,  504,  213,  150,  570,  854,  547,  394,  324,  828,  469,  737,  608,  491],
        [  540,  540,  549,  652,  672,  636,  426, 1044,  495,  403,  593,  791,  508,  129,  450, 1023,  679,  640,  621,  658,  434,  804,  428,  856,  568,  276,    0,  606,  664,  848,  957,  175,  193,  760,  439,  242,  828,  958,  642,  669,  593,  666,  640,  564,  882,  744],
        [  189,  189,  283,  665,  143,  560,  273,  559,  796,  645,   42,  421,  270,  613,  820,  550,  296,  238,   34,  415,  795,  870,  821,  655,   40,  604,  606,    0,   77,  915,  488,  486,  520,  684,  498,  723,  737,  416,  208,  816,  811,  445,  382,  426,  981,  662],
        [  263,  263,  356,  649,  186,  539,  294,  484,  810,  662,   72,  363,  268,  659,  842,  475,  248,  298,   94,  480,  817,  851,  845,  610,  102,  635,  664,   77,    0,  894,  414,  554,  590,  654,  505,  762,  703,  339,  164,  810,  814,  511,  349,  499,  963,  634],
        [ 1034, 1034, 1114,  252, 1057,  356,  680,  830,  398,  446,  874,  620,  649,  723,  481,  802,  665, 1129,  948, 1267,  478,   48,  511,  387,  887,  573,  848,  915,  894,    0,  773,  938,  985,  255,  470,  660,  240,  898,  735,  186,  280, 1291,  550, 1221,   73,  273],
        [  676,  676,  769,  598,  584,  494,  531,   89,  884,  769,  463,  189,  450,  902,  948,   68,  278,  705,  507,  889,  926,  744,  964,  390,  498,  811,  957,  488,  414,  773,    0,  899,  944,  525,  607,  960,  534,  151,  329,  779,  831,  920,  344,  912,  845,  512],
        [  385,  385,  381,  715,  526,  670,  382,  984,  626,  507,  482,  755,  466,  273,  596,  966,  629,  478,  494,  484,  577,  891,  578,  873,  453,  387,  175,  486,  554,  938,  899,    0,   51,  805,  485,  403,  874,  875,  572,  770,  708,  491,  621,  389,  982,  787],
        [  404,  404,  388,  763,  549,  720,  430, 1029,  664,  550,  519,  803,  514,  305,  630, 1011,  675,  491,  525,  478,  612,  938,  611,  923,  488,  428,  193,  520,  590,  985,  944,   51,    0,  855,  534,  430,  924,  915,  616,  815,  750,  482,  670,  378, 1027,  837],
        [  823,  823,  910,  124,  826,  140,  481,  589,  440,  395,  642,  365,  431,  649,  523,  560,  417,  910,  717, 1062,  507,  221,  548,  160,  660,  504,  760,  684,  654,  255,  525,  805,  855,    0,  324,  634,   69,  645,  492,  271,  348, 1089,  306, 1030,  328,   22],
        [  580,  580,  653,  232,  632,  197,  230,  693,  309,  169,  460,  420,  238,  339,  354,  667,  359,  682,  530,  804,  330,  423,  365,  419,  462,  213,  439,  498,  505,  470,  607,  485,  534,  324,    0,  361,  393,  665,  380,  331,  314,  827,  264,  753,  525,  307],
        [  712,  712,  745,  513,  822,  538,  475, 1047,  273,  239,  698,  776,  535,  132,  213, 1022,  695,  820,  746,  872,  202,  620,  189,  762,  683,  150,  242,  723,  762,  660,  960,  403,  430,  634,  361,    0,  696,  999,  687,  475,  385,  883,  618,  785,  681,  623],
        [  883,  883,  971,  184,  879,  207,  546,  591,  490,  458,  696,  392,  491,  716,  574,  562,  460,  967,  771, 1123,  560,  217,  600,  147,  716,  570,  828,  737,  703,  240,  534,  874,  924,   69,  393,  696,    0,  664,  540,  302,  389, 1150,  356, 1094,  312,   88],
        [  597,  597,  684,  702,  483,  590,  537,  172,  961,  833,  403,  283,  466,  923, 1017,  179,  307,  606,  427,  789,  993,  866, 1029,  526,  437,  854,  958,  416,  339,  898,  151,  875,  915,  645,  665,  999,  664,    0,  318,  883,  923,  820,  409,  825,  971,  630],
        [  383,  383,  479,  494,  344,  381,  220,  413,  688,  546,  170,  219,  153,  606,  731,  396,   89,  445,  238,  619,  707,  692,  739,  449,  198,  547,  642,  208,  164,  735,  329,  572,  616,  492,  380,  687,  540,  318,    0,  662,  676,  649,  186,  618,  805,  471],
        [  910,  910,  983,  182,  955,  295,  558,  850,  216,  267,  776,  602,  547,  542,  301,  821,  609, 1012,  849, 1134,  295,  148,  330,  431,  784,  394,  669,  816,  810,  186,  779,  770,  815,  271,  331,  475,  302,  883,  662,    0,   99, 1156,  490, 1078,  214,  277],
        [  886,  886,  952,  239,  945,  337,  543,  906,  119,  204,  773,  647,  547,  464,  203,  878,  634,  991,  843, 1100,  198,  246,  232,  507,  776,  324,  593,  811,  814,  280,  831,  708,  750,  348,  314,  385,  389,  923,  676,   99,    0, 1120,  519, 1037,  296,  349],
        [  269,  269,  179, 1041,  338,  953,  613,  982, 1065,  922,  480,  866,  659,  752, 1055,  977,  736,  216,  419,   32, 1033, 1244, 1044, 1087,  451,  828,  666,  445,  511, 1291,  920,  491,  482, 1089,  827,  883, 1150,  820,  649, 1156, 1120,    0,  806,  104, 1350, 1068],
        [  537,  537,  629,  315,  523,  200,  242,  430,  553,  428,  341,  159,  163,  569,  611,  405,  119,  614,  415,  777,  587,  508,  624,  283,  362,  469,  640,  382,  349,  550,  344,  621,  670,  306,  264,  618,  356,  409,  186,  490,  519,  806,    0,  760,  620,  285],
        [  238,  238,  144,  974,  348,  893,  550,  980,  976,  837,  455,  837,  606,  653,  962,  973,  704,  229,  406,  106,  941, 1174,  949, 1042,  422,  737,  564,  426,  499, 1221,  912,  389,  378, 1030,  753,  785, 1094,  825,  618, 1078, 1037,  104,  760,    0, 1277, 1009],
        [ 1096, 1096, 1174,  317, 1123,  424,  741,  901,  411,  480,  940,  693,  714,  754,  489,  873,  737, 1192, 1015, 1326,  489,  113,  519,  458,  953,  608,  882,  981,  963,   73,  845,  982, 1027,  328,  525,  681,  312,  971,  805,  214,  296, 1350,  620, 1277,    0,  345],
        [  802,  802,  889,  118,  805,  120,  461,  578,  437,  385,  621,  349,  410,  635,  518,  549,  397,  888,  696, 1041,  502,  237,  543,  158,  639,  491,  744,  662,  634,  273,  512,  787,  837,   22,  307,  623,   88,  630,  471,  277,  349, 1068,  285, 1009,  345,    0]
    ]
}
