{
    "name": "random-77-22676",
    "comment": "size=77 seed=22676",
    "nodes": ["+0", "-0", "+1", "-1", "+2", "-2", "+3", "-3", "+4", "-4", "+5", "-5", "+6", "-6", "+7", "-7", "+8", "-8", "+9", "-9", "+10", "-10", "+11", "-11", "+12", "-12", "+13", "-13", "+14", "-14", "+15", "-15", "+16", "-16", "+17", "-17", "+18", "-18", "+19", "-19", "+20", "-20", "+21", "-21", "+22", "-22", "+23", "-23", "+24", "-24", "+25", "-25", "+26", "-26", "+27", "-27", "+28", "-28", "+29", "-29", "+30", "-30", "+31", "-31", "+32", "-32", "+33", "-33", "+34", "-34", "+35", "-35", "+36", "-36", "+37", "-37", "+38", "-38", "+39", "-39", "+40", "-40", "+41", "-41", "+42", "-42", "+43", "-43", "+44", "-44", "+45", "-45", "+46", "-46", "+47", "-47", "+48", "-48", "+49", "-49", "+50", "-50", "+51", "-51", "+52", "-52", "+53", "-53", "+54", "-54", "+55", "-55", "+56", "-56", "+57", "-57", "+58", "-58", "+59", "-59", "+60", "-60", "+61", "-61", "+62", "-62", "+63", "-63", "+64", "-64", "+65", "-65", "+66", "-66", "+67", "-67", "+68", "-68", "+69", "-69", "+70", "-70", "+71", "-71", "+72", "-72", "+73", "-73", "+74", "-74", "+75", "-75", "+76", "-76", "+77", "-77"],
    "precedence": {
        "+0": "-0",
        "+1": "-1",
        "+2": "-2",
        "+3": "-3",
        "+4": "-4",
        "+5": "-5",
        "+6": "-6",
        "+7": "-7",
        "+8": "-8",
        "+9": "-9",
        "+10": "-10",
        "+11": "-11",
        "+12": "-12",
        "+13": "-13",
        "+14": "-14",
        "+15": "-15",
        "+16": "-16",
        "+17": "-17",
        "+18": "-18",
        "+19": "-19",
        "+20": "-20",
        "+21": "-21",
        "+22": "-22",
        "+23": "-23",
        "+24": "-24",
        "+25": "-25",
        "+26": "-26",
        "+27": "-27",
        "+28": "-28",
        "+29": "-29",
        "+30": "-30",
        "+31": "-31",
        "+32": "-32",
        "+33": "-33",
        "+34": "-34",
        "+35": "-35",
        "+36": "-36",
        "+37": "-37",
        "+38": "-38",
        "+39": "-39",
        "+40": "-40",
        "+41": "-41",
        "+42": "-42",
        "+43": "-43",
        "+44": "-44",
        "+45": "-45",
        "+46": "-46",
        "+47": "-47",
        "+48": "-48",
        "+49": "-49",
        "+50": "-50",
        "+51": "-51",
        "+52": "-52",
        "+53": "-53",
        "+54": "-54",
        "+55": "-55",
        "+56": "-56",
        "+57": "-57",
        "+58": "-58",
        "+59": "-59",
        "+60": "-60",
        "+61": "-61",
        "+62": "-62",
        "+63": "-63",
        "+64": "-64",
        "+65": "-65",
        "+66": "-66",
        "+67": "-67",
        "+68": "-68",
        "+69": "-69",
        "+70": "-70",
        "+71": "-71",
        "+72": "-72",
        "+73": "-73",
        "+74": "-74",
        "+75": "-75",
        "+76": "-76",
        "+77": "-77"
    },
    "edges": [
        [    0,    0,  522,  866,  911,  893,  338,  488,  912,  547,  502,  254,  620,  856,  813,  772,  709,  685,  593,  886,  914,  592,  638,  958,  409,  613,  586,  454,  442,  983,  571,  218,  549,  279,   94,  221,  766,  517,   28,  690,  422,  730,  192,  567, 1002,  894,  645,  870,  229,  790,  372,   64,  472,  206,  934,  221,  779,  514,  375,  778,  809,  481,  470,  386,  187,  787,  185,  399, 1015,  539,  846,  713,  277,  390,  734,  817,  625,  372,  460,  678,  694,  894,  336,  768,  680,  684,  837,  930,  330,  467,  945,  439,  375,  633,  716,  634,  178,  197,  136,  132,  803,  649,  413,  918,  810,  809, 1004,  207,  712,   29,  104,  723,  663,  772,  524,  306,  724,  513,  656,  620,  634,  443,  697,  576,  741,  400,  976,  477,  422,  583,  868,  184,  810,  332,  713,  640,  276,  103,  845,  354,  278,  181,  911,  332,  971,  464,  235,  613,  942,  382,  903,  581,  521,  977,  240,  838],
        [    0,    0,    0,    0,    0,    0,    0,    0,    0,    0,    0,    0,    0,    0,    0,    0,    0,    0,    0,    0,    0,    0,    0,    0,    0,    0,    0,    0,    0,    0,    0,    0,    0,    0,    0,    0,    0,    0,    0,    0,    0,    0,    0,    0,    0,    0,    0,    0,    0,    0,    0,    0,    0,    0,    0,    0,    0,    0,    0,    0,    0,    0,    0,    0,    0,    0,    0,    0,    0,    0,    0,    0,    0,    0,    0,    0,    0,    0,    0,    0,    0,    0,    0,    0,    0,    0,    0,    0,    0,    0,    0,    0,    0,    0,    0,    0,    0,    0,    0,    0,    0,    0,    0,    0,    0,    0,    0,    0,    0,    0,    0,    0,    0,    0,    0,    0,    0,    0,    0,    0,    0,    0,    0,    0,    0,    0,    0,    0,    0,    0,    0,    0,    0,    0,    0,    0,    0,    0,    0,    0,    0,    0,    0,    0,    0,    0,    0,    0,    0,    0,    0,    0,    0,    0,    0,    0],
        [  522,    0,    0,  348,  404,  373,  611,  454,  395,  550,   54,  388,  341,  724,  406,  254,  577,  312,  345,  370,  701,   83,  481,  701,  482,  112,  379,  342,  332,  462,  114,  524,  144,  675,  445,  302,  245,  729,  549,  644,  679,  677,  388,  695,  797,  450,  638,  755,  298,  644,  186,  469,  550,  331,  660,  566,  457,  654,  296,  263,  755,  277,  821,  376,  589,  518,  339,  269,  493,  519,  374,  395,  481,  270,  402,  347,  488,  189,  261,  448,  266,  706,  755,  441,  413,  397,  317,  428,  211,  450,  687,  752,  735,  258,  265,  292,  439,  393,  565,  462,  653,  315,  489,  554,  304,  311,  809,  335,  437,  550,  478,  210,  702,  265,  113,  290,  317,   76,  139,  361,  244,  298,  583,   83,  588,  499,  536,  465,  137,  548,  596,  398,  357,  475,  252,  645,  513,  497,  451,  387,  364,  580,  403,  637,  468,  411,  570,  290,  650,  230,  789,  152,  619,  456,  371,  665],
        [  866,    0,  348,    0,  216,  120,  942,  655,   48,  820,  383,  729,  538,  889,  434,  158,  776,  443,  561,   24,  816,  297,  696,  781,  790,  255,  605,  562,  560,  165,  304,  867,  340, 1019,  783,  645,  126, 1037,  893,  873, 1003,  895,  712,  983,  899,  396,  886,  923,  645,  818,  503,  815,  846,  679,  736,  910,  557,  952,  618,   88,  959,  558, 1153,  689,  935,  642,  685,  586,  163,  787,  311,  530,  771,  590,  520,  307,  710,  504,  553,  628,  261,  838, 1099,  544,  581,  557,  122,  248,  540,  739,  769, 1081, 1073,  334,  226,  467,  785,  739,  913,  809,  822,  483,  797,  570,   81,  102,  916,  683,  588,  893,  826,  204,  957,  203,  353,  597,  405,  355,  237,  562,  412,  530,  791,  292,  771,  744,  454,  751,  450,  803,  691,  745,  344,  747,  212,  896,  850,  845,  473,  654,  664,  926,  214,  971,  265,  698,  912,  389,  713,  519,  953,  310,  908,  118,  714,  817],
        [  911,    0,  404,  216,    0,   97,  909,  808,  228,  728,  412,  723,  433,  728,  262,  157,  641,  324,  463,  228,  639,  325,  577,  592,  734,  361,  505,  704,  698,  128,  420,  860,  467, 1009,  842,  698,  189,  969,  937,  748,  954,  763,  791,  896,  712,  195,  773,  764,  683,  666,  587,  853,  774,  708,  547,  903,  396,  875,  593,  246,  815,  504, 1113,  647,  939,  481,  727,  560,  193,  697,  130,  390,  880,  567,  374,  144,  595,  590,  510,  498,  444,  666, 1087,  386,  451,  427,  115,   34,  614,  668,  582, 1038, 1045,  505,  411,  367,  794,  751,  927,  828,  667,  374,  740,  373,  281,  307,  731,  710,  447,  940,  849,  194,  845,  140,  463,  691,  274,  448,  266,  454,  327,  665,  660,  389,  628,  880,  241,  677,  536,  701,  513,  759,  179,  868,  394,  785,  828,  867,  290,  776,  764,  931,    2,  941,   66,  631,  902,  560,  521,  624,  789,  444,  827,  198,  716,  654],
        [  893,    0,  373,  120,   97,    0,  926,  742,  133,  770,  393,  726,  478,  802,  338,  123,  703,  373,  505,  131,  720,  302,  631,  678,  760,  306,  549,  642,  638,   91,  364,  865,  408, 1016,  817,  674,  131, 1002,  920,  806,  978,  825,  757,  937,  798,  285,  826,  838,  666,  736,  549,  837,  807,  695,  633,  909,  468,  912,  603,  165,  882,  526, 1135,  666,  940,  554,  709,  570,  136,  738,  207,  452,  834,  576,  438,  211,  648,  550,  527,  556,  362,  745, 1095,  456,  508,  485,   57,  129,  580,  700,  667, 1060, 1060,  429,  328,  408,  791,  746,  923,  821,  738,  420,  767,  463,  190,  215,  816,  698,  510,  921,  840,  175,  898,  141,  411,  649,  328,  402,  238,  501,  359,  606,  720,  339,  693,  822,  336,  711,  495,  748,  594,  754,  249,  816,  312,  837,  839,  859,  372,  723,  721,  931,   95,  957,  147,  661,  909,  484,  609,  577,  865,  382,  866,  121,  716,  729],
        [  338,    0,  611,  942,  909,  926,    0,  780,  990,  285,  566,  229,  504,  590,  724,  807,  472,  606,  471,  966,  680,  646,  437,  743,  187,  721,  440,  713,  699, 1013,  705,  128,  706,  139,  391,  409,  822,  179,  336,  412,   88,  447,  474,  239,  753,  821,  357,  595,  372,  542,  551,  309,  198,  332,  732,  118,  638,  190,  326,  864,  514,  405,  212,  262,  163,  609,  363,  358, 1061,  295,  806,  587,  598,  353,  611,  780,  418,  554,  400,  508,  856,  650,  198,  633,  533,  548,  872,  916,  509,  266,  732,  143,  137,  818,  865,  554,  217,  252,  208,  237,  554,  556,  184,  778,  911,  920,  750,  324,  559,  344,  252,  754,  352,  787,  671,  545,  655,  643,  706,  491,  584,  686,  452,  689,  508,  715,  887,  264,  579,  330,  676,  256,  758,  648,  856,  347,  101,  242,  739,  640,  556,  165,  909,   36,  955,  293,  104,  819,  750,  595,  623,  732,  214, 1035,  252,  595],
        [  488,    0,  454,  655,  808,  742,  780,    0,  687,  874,  486,  582,  766, 1125,  860,  654,  969,  761,  759,  664, 1129,  530,  874, 1140,  754,  451,  780,  113,  124,  815,  392,  653,  344,  760,  404,  383,  621,  951,  508, 1003,  867, 1042,  309,  966, 1226,  897,  977, 1151,  429, 1046,  309,  485,  832,  462, 1102,  677,  902,  914,  600,  580, 1125,  654,  950,  668,  662,  954,  423,  595,  815,  851,  815,  836,  227,  589,  848,  790,  873,  304,  629,  867,  399, 1126,  823,  887,  841,  830,  698,  839,  326,  768, 1126,  906,  853,  322,  433,  732,  564,  537,  614,  546, 1057,  755,  761, 1007,  576,  560, 1235,  470,  869,  503,  536,  631, 1023,  686,  356,  250,  770,  384,  564,  781,  693,  158,  967,  429,  989,  120,  982,  783,  333,  892, 1035,  530,  805,  171,  444,  979,  688,  552,  904,  141,  225,  654,  807,  787,  873,  740,  689,  270, 1096,  246, 1187,  365,  899,  768,  555, 1078],
        [  912,    0,  395,   48,  228,  133,  990,  687,    0,  864,  430,  776,  579,  924,  464,  199,  815,  481,  603,   27,  847,  344,  737,  808,  836,  300,  647,  598,  597,  150,  347,  914,  382, 1066,  828,  691,  171, 1083,  939,  913, 1050,  935,  756, 1027,  927,  418,  928,  959,  692,  854,  547,  861,  891,  726,  763,  958,  590,  997,  665,  134,  997,  603, 1201,  736,  983,  676,  731,  633,  130,  831,  337,  566,  811,  638,  556,  336,  752,  548,  600,  667,  290,  870, 1146,  578,  619,  596,  153,  259,  585,  784,  797, 1129, 1120,  365,  255,  509,  833,  787,  960,  857,  858,  523,  843,  594,  113,  128,  945,  730,  625,  939,  873,  247,  999,  240,  396,  639,  441,  400,  284,  603,  454,  568,  830,  337,  809,  780,  468,  796,  494,  846,  721,  792,  374,  785,  243,  939,  897,  892,  501,  693,  706,  974,  227, 1019,  269,  743,  960,  419,  739,  561,  987,  351,  953,   83,  762,  851],
        [  547,    0,  550,  820,  728,  770,  285,  874,  864,    0,  497,  313,  296,  314,  498,  666,  188,  405,  266,  843,  396,  548,  171,  459,  138,  654,  223,  780,  765,  847,  662,  344,  682,  423,  559,  498,  695,  253,  556,  144,  276,  184,  607,  169,  472,  597,  105,  325,  451,  259,  581,  495,   88,  426,  450,  367,  387,  156,  279,  757,  265,  275,  433,  206,  421,  340,  471,  294,  905,   33,  607,  353,  748,  297,  376,  586,  150,  586,  290,  254,  815,  367,  478,  386,  292,  312,  723,  726,  553,  107,  449,  359,  401,  801,  812,  363,  373,  372,  450,  416,  272,  355,  134,  518,  812,  828,  470,  418,  310,  563,  444,  617,  155,  631,  646,  625,  455,  609,  593,  274,  413,  741,  168,  632,  224,  845,  649,   92,  585,   46,  398,  383,  556,  785,  797,  106,  281,  445,  502,  744,  667,  418,  728,  318,  760,  142,  356,  821,  470,  641,  358,  698,  105,  889,  337,  311],
        [  502,    0,   54,  383,  412,  393,  566,  486,  430,  497,    0,  347,  294,  674,  380,  271,  526,  276,  295,  405,  656,   92,  430,  660,  431,  162,  328,  374,  363,  483,  167,  484,  194,  636,  430,  286,  270,  679,  528,  592,  632,  625,  384,  643,  753,  434,  585,  705,  274,  594,  196,  445,  498,  303,  619,  528,  418,  603,  247,  300,  703,  224,  777,  325,  554,  475,  317,  219,  519,  466,  366,  353,  489,  220,  363,  337,  436,  200,  208,  400,  319,  659,  716,  402,  367,  352,  337,  433,  211,  398,  645,  707,  693,  310,  317,  249,  404,  358,  533,  430,  603,  273,  439,  523,  346,  356,  764,  306,  392,  530,  449,  222,  649,  272,  161,  298,  288,  123,  156,  313,  207,  329,  531,  136,  538,  520,  520,  412,  156,  495,  554,  364,  341,  490,  304,  592,  470,  468,  423,  406,  372,  544,  411,  593,  473,  358,  530,  340,  612,  250,  739,  205,  567,  486,  332,  617],
        [  254,    0,  388,  729,  723,  726,  229,  582,  776,  313,  347,    0,  376,  611,  582,  604,  460,  455,  347,  751,  662,  433,  385,  705,  179,  497,  335,  501,  487,  815,  478,  139,  477,  291,  248,  199,  612,  378,  270,  455,  308,  495,  296,  384,  751,  671,  417,  628,  155,  542,  325,  194,  255,  120,  681,  183,  533,  333,  137,  647,  578,  242,  436,  133,  217,  535,  162,  167,  858,  299,  637,  468,  437,  159,  491,  608,  374,  329,  225,  426,  628,  643,  371,  523,  431,  437,  670,  736,  286,  220,  692,  371,  348,  589,  638,  401,   82,   61,  211,  127,  554,  412,  186,  674,  691,  699,  754,  112,  462,  276,  155,  551,  451,  591,  443,  335,  499,  416,  496,  373,  414,  470,  449,  464,  491,  539,  748,  232,  351,  344,  615,   73,  594,  476,  629,  415,  129,  166,  609,  445,  364,  208,  723,  251,  776,  212,  184,  592,  690,  374,  663,  503,  319,  828,   28,  588],
        [  620,    0,  341,  538,  433,  478,  504,  766,  579,  296,  294,  376,    0,  385,  220,  381,  247,  110,   34,  561,  365,  304,  159,  377,  319,  421,   73,  657,  644,  553,  450,  490,  484,  624,  585,  463,  416,  539,  640,  336,  534,  361,  585,  464,  462,  317,  349,  417,  425,  306,  459,  557,  346,  426,  341,  531,  160,  444,  245,  486,  431,  140,  697,  258,  577,  190,  465,  223,  611,  265,  314,   94,  718,  232,  116,  292,  173,  464,  164,  108,  587,  366,  697,  149,   76,   68,  433,  432,  452,  245,  363,  621,  640,  595,  575,   71,  457,  426,  583,  501,  314,   60,  323,  300,  543,  563,  472,  422,  105,  645,  529,  336,  421,  342,  453,  543,  161,  415,  330,   25,  128,  612,  258,  411,  251,  779,  384,  251,  436,  271,  273,  438,  263,  735,  558,  360,  442,  541,  239,  665,  608,  571,  433,  539,  467,  212,  525,  630,  340,  521,  451,  490,  396,  598,  383,  324],
        [  856,    0,  724,  889,  728,  802,  590, 1125,  924,  314,  674,  611,  385,    0,  467,  734,  158,  453,  380,  910,  131,  688,  252,  212,  449,  805,  349, 1021, 1007,  856,  834,  658,  867,  728,  858,  774,  776,  498,  867,  179,  559,  148,  892,  391,  168,  545,  236,   36,  728,   81,  818,  801,  399,  712,  233,  680,  335,  419,  534,  852,  121,  472,  695,  485,  734,  249,  757,  533,  921,  318,  600,  362, 1034,  540,  369,  593,  253,  823,  497,  278,  970,   89,  773,  347,  320,  341,  772,  713,  800,  392,  210,  631,  689,  979,  957,  445,  679,  672,  764,  725,   72,  424,  446,  389,  909,  931,  162,  705,  305,  874,  753,  698,  267,  687,  835,  885,  485,  797,  707,  363,  503,  978,  164,  795,  138, 1117,  555,  381,  805,  274,  229,  684,  555, 1063,  939,  247,  594,  756,  442, 1008,  939,  732,  729,  620,  735,  404,  669, 1013,  264,  881,   66,  874,  380,  921,  632,   75],
        [  813,    0,  406,  434,  262,  338,  724,  860,  464,  498,  380,  582,  220,  467,    0,  291,  385,  129,  253,  454,  384,  332,  334,  348,  538,  434,  287,  747,  737,  390,  484,  705,  529,  842,  765,  629,  337,  749,  836,  496,  751,  507,  744,  665,  465,  100,  527,  503,  599,  405,  575,  750,  559,  610,  303,  747,  135,  653,  446,  417,  555,  341,  914,  474,  791,  220,  643,  419,  454,  470,  133,  146,  863,  427,  124,  129,  354,  579,  358,  251,  579,  408,  916,  126,  207,  186,  314,  248,  583,  463,  336,  838,  859,  615,  556,  181,  662,  626,  792,  704,  406,  172,  542,  153,  471,  496,  482,  608,  195,  840,  730,  273,  598,  241,  508,  674,   94,  477,  314,  234,  185,  703,  406,  443,  369,  899,  167,  468,  535,  465,  257,  637,   91,  868,  537,  540,  660,  745,   47,  785,  746,  784,  263,  758,  275,  432,  742,  663,  282,  630,  529,  521,  602,  455,  585,  393],
        [  772,    0,  254,  158,  157,  123,  807,  654,  199,  666,  271,  604,  381,  734,  291,    0,  619,  286,  405,  181,  668,  180,  539,  638,  646,  205,  449,  548,  542,  214,  264,  743,  311,  894,  697,  554,   47,  890,  798,  716,  862,  738,  640,  831,  753,  276,  730,  769,  544,  662,  434,  715,  697,  573,  593,  787,  406,  802,  483,  127,  802,  411, 1017,  548,  817,  490,  587,  450,  255,  634,  186,  374,  725,  456,  365,  171,  554,  437,  410,  472,  307,  687,  974,  392,  424,  401,   67,  186,  463,  590,  626,  943,  940,  359,  278,  311,  669,  624,  800,  698,  666,  326,  652,  437,  180,  205,  770,  575,  432,  800,  718,   54,  801,   51,  307,  537,  250,  292,  117,  405,  256,  509,  634,  233,  615,  723,  351,  601,  382,  648,  543,  631,  204,  712,  259,  740,  719,  736,  334,  620,  610,  808,  156,  838,  222,  549,  787,  413,  572,  468,  799,  290,  758,  229,  593,  663],
        [  709,    0,  577,  776,  641,  703,  472,  969,  815,  188,  526,  460,  247,  158,  385,  619,    0,  334,  234,  799,  211,  549,   97,  272,  309,  665,  198,  865,  851,  768,  689,  521,  720,  610,  706,  618,  657,  420,  722,  113,  459,  123,  736,  318,  293,  478,  157,  183,  572,   82,  662,  652,  275,  557,  265,  548,  254,  327,  378,  730,  185,  317,  611,  331,  602,  182,  602,  376,  830,  180,  512,  252,  878,  383,  268,  498,   96,  667,  341,  148,  831,  186,  665,  260,  196,  220,  665,  631,  643,  243,  262,  540,  587,  834,  820,  314,  532,  520,  627,  578,   95,  296,  307,  360,  787,  807,  295,  550,  194,  729,  607,  578,  222,  575,  686,  728,  376,  648,  576,  223,  372,  823,   24,  652,   37,  960,  511,  234,  651,  143,  220,  533,  463,  906,  803,  171,  458,  612,  374,  851,  782,  598,  642,  505,  660,  250,  538,  865,  288,  725,  218,  728,  279,  824,  480,  129],
        [  685,    0,  312,  443,  324,  373,  606,  761,  481,  405,  276,  455,  110,  453,  129,  286,  334,    0,  142,  465,  403,  253,  258,  392,  423,  368,  183,  649,  638,  445,  408,  580,  448,  720,  638,  505,  325,  648,  708,  434,  641,  454,  622,  573,  496,  218,  453,  487,  473,  378,  465,  622,  454,  483,  350,  622,  146,  554,  318,  400,  517,  214,  803,  350,  665,  218,  516,  290,  505,  374,  205,   93,  746,  299,   93,  183,  275,  469,  230,  186,  527,  415,  795,  130,  139,  116,  332,  322,  468,  351,  378,  726,  742,  549,  510,   54,  534,  498,  665,  576,  384,   51,  428,  252,  457,  479,  510,  481,  148,  712,  602,  247,  525,  242,  422,  560,   51,  387,  259,  131,   69,  604,  350,  366,  330,  790,  294,  359,  430,  378,  288,  509,  155,  754,  492,  465,  537,  617,  162,  676,  631,  658,  324,  640,  358,  317,  618,  591,  339,  523,  518,  447,  505,  494,  456,  384],
        [  593,    0,  345,  561,  463,  505,  471,  759,  603,  266,  295,  347,   34,  380,  253,  405,  234,  142,    0,  585,  371,  315,  141,  390,  286,  432,   44,  651,  637,  582,  456,  459,  488,  591,  562,  444,  438,  507,  613,  316,  501,  343,  566,  434,  468,  351,  325,  410,  404,  300,  450,  531,  313,  403,  356,  499,  187,  413,  219,  506,  416,  118,  664,  226,  546,  204,  443,  200,  640,  234,  346,  123,  701,  209,  146,  323,  153,  455,  143,  109,  597,  369,  664,  177,   90,   91,  460,  463,  440,  212,  376,  587,  606,  601,  587,   98,  428,  398,  552,  473,  309,   91,  290,  328,  562,  581,  477,  399,  122,  618,  501,  358,  396,  368,  455,  530,  192,  417,  347,   27,  150,  606,  243,  418,  243,  766,  417,  218,  430,  244,  289,  410,  295,  720,  570,  336,  410,  513,  271,  653,  594,  539,  463,  506,  499,  179,  493,  634,  359,  513,  445,  495,  364,  625,  355,  324],
        [  886,    0,  370,   24,  228,  131,  966,  664,   27,  843,  405,  751,  561,  910,  454,  181,  799,  465,  585,    0,  837,  320,  719,  800,  814,  274,  628,  574,  572,  163,  321,  889,  356, 1041,  802,  665,  149, 1061,  913,  896, 1026,  918,  730, 1006,  918,  413,  909,  945,  666,  840,  521,  835,  869,  700,  755,  933,  578,  975,  641,  108,  981,  581, 1177,  713,  957,  663,  705,  610,  152,  811,  329,  552,  786,  614,  542,  326,  734,  522,  577,  651,  268,  859, 1121,  565,  603,  580,  141,  260,  559,  762,  788, 1105, 1096,  343,  233,  491,  807,  761,  934,  831,  844,  506,  821,  588,   89,  106,  935,  704,  610,  913,  847,  227,  980,  225,  370,  614,  427,  374,  261,  585,  435,  543,  814,  311,  793,  756,  467,  775,  468,  827,  711,  767,  364,  760,  221,  920,  873,  867,  492,  668,  680,  948,  226,  994,  273,  722,  935,  397,  731,  536,  974,  325,  932,  105,  737,  838],
        [  914,    0,  701,  816,  639,  720,  680, 1129,  847,  396,  656,  662,  365,  131,  384,  668,  211,  403,  371,  837,    0,  652,  278,   82,  519,  769,  354, 1020, 1008,  765,  805,  730,  843,  818,  903,  803,  712,  610,  928,  284,  661,  262,  924,  503,   97,  447,  340,  158,  759,  140,  821,  855,  483,  749,  107,  758,  264,  523,  563,  791,  251,  481,  806,  530,  812,  186,  793,  555,  830,  390,  514,  311, 1063,  563,  311,  512,  289,  826,  507,  263,  929,   42,  871,  278,  290,  305,  696,  619,  810,  450,   80,  738,  790,  949,  912,  411,  737,  721,  836,  783,  129,  387,  517,  278,  847,  871,  108,  743,  265,  935,  812,  639,  385,  618,  813,  899,  423,  776,  660,  348,  463,  976,  229,  765,  176, 1135,  444,  442,  800,  352,  127,  734,  474, 1086,  894,  354,  668,  818,  350, 1023,  960,  808,  640,  713,  636,  451,  748,  988,  138,  884,  168,  845,  479,  835,  679,   87],
        [  592,    0,   83,  297,  325,  302,  646,  530,  344,  548,   92,  433,  304,  688,  332,  180,  549,  253,  315,  320,  652,    0,  456,  644,  500,  118,  355,  418,  409,  392,  156,  571,  199,  724,  519,  375,  180,  749,  619,  627,  709,  657,  467,  703,  747,  370,  629,  720,  365,  609,  268,  536,  562,  394,  601,  615,  398,  668,  323,  219,  731,  275,  858,  397,  643,  467,  408,  292,  429,  516,  293,  341,  563,  295,  345,  265,  466,  271,  266,  410,  283,  661,  804,  382,  370,  351,  245,  347,  291,  457,  630,  786,  776,  297,  272,  244,  493,  448,  623,  521,  617,  267,  507,  483,  269,  283,  760,  397,  390,  621,  539,  132,  696,  185,  176,  372,  248,  146,   65,  327,  189,  374,  558,  114,  554,  579,  456,  470,  219,  540,  540,  454,  277,  557,  256,  637,  553,  558,  378,  469,  446,  634,  324,  675,  387,  416,  617,  339,  589,  312,  753,  195,  628,  396,  420,  624],
        [  638,    0,  481,  696,  577,  631,  437,  874,  737,  171,  430,  385,  159,  252,  334,  539,   97,  258,  141,  719,  278,  456,    0,  322,  257,  572,  103,  770,  756,  701,  594,  464,  624,  571,  626,  530,  574,  423,  653,  177,  442,  203,  649,  333,  370,  432,  196,  279,  484,  173,  567,  578,  247,  472,  302,  497,  217,  326,  289,  644,  276,  221,  602,  253,  549,  173,  517,  284,  762,  148,  452,  190,  790,  292,  211,  434,   21,  572,  246,   85,  737,  263,  634,  217,  128,  151,  589,  571,  549,  181,  310,  528,  563,  739,  728,  229,  461,  444,  568,  508,  184,  214,  257,  348,  701,  721,  375,  467,  141,  659,  537,  494,  269,  498,  590,  635,  305,  552,  487,  135,  286,  727,  102,  557,  116,  868,  480,  177,  554,  133,  242,  457,  400,  816,  711,  209,  405,  544,  334,  759,  691,  544,  578,  471,  603,  175,  488,  769,  317,  630,  314,  633,  275,  751,  402,  210],
        [  958,    0,  701,  781,  592,  678,  743, 1140,  808,  459,  660,  705,  377,  212,  348,  638,  272,  392,  390,  800,   82,  644,  322,    0,  574,  758,  381, 1030, 1018,  715,  799,  784,  840,  881,  940,  832,  684,  683,  974,  358,  730,  339,  953,  577,  122,  397,  413,  238,  789,  213,  835,  898,  546,  783,   46,  815,  247,  594,  596,  763,  332,  505,  878,  573,  868,  188,  826,  584,  780,  450,  472,  307, 1090,  592,  300,  474,  337,  839,  531,  287,  914,  123,  936,  262,  302,  311,  660,  569,  828,  501,   15,  809,  858,  940,  894,  411,  782,  763,  889,  829,  203,  387,  573,  221,  818,  842,  141,  778,  272,  980,  858,  615,  463,  587,  812,  919,  403,  776,  644,  365,  458,  985,  293,  758,  236, 1155,  382,  495,  809,  414,  106,  776,  437, 1109,  875,  427,  723,  866,  308, 1041,  983,  864,  593,  776,  583,  496,  805,  982,   72,  897,  245,  839,  548,  789,  720,  162],
        [  409,    0,  482,  790,  734,  760,  187,  754,  836,  138,  431,  179,  319,  449,  538,  646,  309,  423,  286,  814,  519,  500,  257,  574,    0,  592,  254,  667,  652,  844,  589,  212,  600,  316,  422,  373,  666,  249,  419,  282,  220,  322,  475,  220,  601,  636,  240,  462,  326,  387,  476,  357,   79,  297,  558,  241,  451,  175,  187,  717,  403,  235,  381,  106,  294,  427,  340,  213,  896,  132,  626,  400,  616,  212,  425,  601,  240,  480,  237,  323,  743,  494,  383,  446,  347,  361,  708,  739,  442,   79,  562,  305,  322,  718,  746,  372,  235,  236,  318,  278,  400,  373,    8,  592,  769,  782,  601,  289,  373,  426,  306,  593,  272,  619,  564,  505,  473,  530,  554,  305,  408,  631,  293,  564,  344,  717,  701,   81,  489,  175,  498,  247,  577,  655,  733,  237,  150,  308,  553,  620,  540,  291,  734,  222,  777,  107,  232,  731,  573,  532,  495,  621,  148,  874,  205,  437],
        [  613,    0,  112,  255,  361,  306,  721,  451,  300,  654,  162,  497,  421,  805,  434,  205,  665,  368,  432,  274,  769,  118,  572,  758,  592,    0,  470,  344,  338,  391,   60,  632,  107,  782,  529,  392,  177,  840,  640,  741,  791,  772,  458,  803,  863,  454,  739,  838,  396,  727,  249,  563,  659,  432,  715,  674,  512,  764,  407,  167,  847,  380,  932,  486,  694,  584,  434,  380,  410,  623,  368,  458,  528,  381,  460,  345,  580,  250,  366,  528,  166,  778,  862,  496,  487,  468,  256,  390,  286,  558,  744,  863,  845,  183,  159,  362,  545,  499,  667,  564,  734,  384,  600,  587,  199,  203,  876,  437,  507,  640,  578,  181,  805,  236,  105,  346,  357,  101,  121,  444,  306,  305,  674,   38,  672,  520,  537,  572,  196,  650,  655,  503,  366,  511,  144,  747,  624,  598,  480,  418,  416,  685,  359,  747,  426,  517,  678,  229,  701,  272,  871,   90,  727,  369,  479,  742],
        [  586,    0,  379,  605,  505,  549,  440,  780,  647,  223,  328,  335,   73,  349,  287,  449,  198,  183,   44,  628,  354,  355,  103,  381,  254,  470,    0,  674,  661,  625,  492,  438,  522,  565,  561,  451,  481,  467,  604,  274,  465,  302,  573,  391,  450,  385,  282,  378,  409,  269,  472,  524,  274,  403,  352,  476,  203,  372,  216,  549,  378,  128,  628,  208,  525,  202,  445,  203,  683,  192,  386,  147,  711,  212,  171,  365,  111,  477,  154,   95,  635,  347,  635,  196,   98,  109,  503,  504,  458,  177,  367,  552,  574,  637,  627,  141,  416,  390,  535,  461,  279,  132,  257,  345,  605,  624,  457,  398,  129,  610,  490,  402,  352,  412,  488,  546,  233,  450,  389,   54,  194,  631,  205,  455,  212,  782,  448,  182,  456,  200,  284,  402,  335,  733,  610,  292,  386,  501,  300,  670,  607,  519,  506,  475,  539,  149,  470,  668,  358,  535,  413,  531,  323,  669,  346,  298],
        [  454,    0,  342,  562,  704,  642,  713,  113,  598,  780,  374,  501,  657, 1021,  747,  548,  865,  649,  651,  574, 1020,  418,  770, 1030,  667,  344,  674,    0,   15,  719,  285,  590,  238,  711,  362,  306,  517,  877,  477,  905,  799,  943,  263,  883, 1117,  786,  882, 1047,  347,  941,  204,  436,  745,  384,  991,  619,  791,  832,  503,  483, 1026,  549,  896,  575,  611,  844,  351,  494,  724,  755,  705,  725,  237,  489,  736,  679,  770,  199,  525,  759,  316, 1019,  780,  776,  732,  720,  596,  734,  228,  673, 1016,  846,  799,  239,  349,  621,  497,  463,  567,  486,  952,  644,  674,  895,  486,  473, 1127,  392,  759,  474,  482,  522,  932,  578,  246,  169,  658,  273,  455,  673,  581,   46,  865,  320,  884,  183,  872,  689,  222,  795,  925,  458,  694,  196,  357,  885,  616,  499,  792,  114,  177,  603,  703,  725,  769,  643,  630,  195,  985,  141, 1083,  261,  814,  678,  474,  972],
        [  442,    0,  332,  560,  698,  638,  699,  124,  597,  765,  363,  487,  644, 1007,  737,  542,  851,  638,  637,  572, 1008,  409,  756, 1018,  652,  338,  661,   15,    0,  716,  279,  576,  232,  698,  350,  292,  512,  863,  466,  891,  785,  929,  251,  868, 1104,  777,  868, 1034,  333,  928,  190,  424,  730,  370,  979,  605,  779,  818,  488,  480, 1012,  536,  882,  561,  598,  831,  337,  480,  722,  741,  697,  713,  232,  475,  724,  671,  756,  185,  511,  746,  317, 1006,  767,  764,  719,  708,  591,  727,  214,  659, 1004,  832,  786,  241,  349,  609,  483,  449,  554,  472,  938,  632,  660,  884,  484,  472, 1114,  378,  747,  462,  469,  515,  917,  571,  238,  155,  648,  264,  447,  660,  570,   35,  851,  313,  870,  185,  863,  674,  210,  781,  913,  444,  685,  193,  356,  870,  602,  486,  782,  107,  166,  589,  697,  711,  763,  629,  616,  199,  973,  127, 1069,  257,  799,  676,  460,  958],
        [  983,    0,  462,  165,  128,   91, 1013,  815,  150,  847,  483,  815,  553,  856,  390,  214,  768,  445,  582,  163,  765,  392,  701,  715,  844,  391,  625,  719,  716,    0,  447,  954,  489, 1105,  906,  764,  219, 1084, 1010,  874, 1063,  890,  845, 1015,  836,  319,  897,  891,  757,  794,  636,  928,  889,  786,  671,  998,  524,  992,  691,  237,  943,  611, 1221,  752, 1029,  609,  799,  658,   66,  816,  258,  517,  918,  664,  500,  270,  719,  637,  613,  624,  425,  793, 1184,  514,  576,  552,  147,  147,  668,  782,  705, 1146, 1147,  497,  390,  485,  881,  836, 1013,  911,  795,  494,  850,  495,  245,  266,  855,  788,  574, 1011,  931,  265,  969,  227,  495,  735,  397,  489,  328,  575,  439,  684,  786,  425,  755,  900,  349,  792,  582,  823,  639,  844,  306,  898,  376,  909,  927,  949,  417,  805,  806, 1021,  128, 1044,  138,  743,  998,  552,  644,  662,  917,  461,  945,   85,  805,  782],
        [  571,    0,  114,  304,  420,  364,  705,  392,  347,  662,  167,  478,  450,  834,  484,  264,  689,  408,  456,  321,  805,  156,  594,  799,  589,   60,  492,  285,  279,  447,    0,  608,   48,  757,  485,  353,  236,  833,  598,  758,  779,  791,  409,  804,  900,  510,  752,  865,  363,  754,  202,  525,  659,  401,  757,  649,  553,  762,  402,  217,  868,  390,  914,  483,  665,  621,  398,  377,  463,  632,  425,  495,  471,  377,  500,  401,  601,  202,  373,  557,  155,  812,  836,  537,  519,  502,  315,  449,  242,  562,  785,  848,  824,  146,  161,  395,  518,  473,  635,  533,  763,  418,  596,  636,  240,  238,  913,  407,  541,  598,  545,  239,  815,  294,   50,  293,  403,   63,  175,  471,  343,  245,  696,   42,  699,  460,  593,  577,  150,  662,  695,  475,  420,  452,  152,  759,  606,  565,  530,  359,  361,  656,  419,  729,  485,  523,  654,  184,  745,  217,  900,   40,  728,  420,  458,  773],
        [  218,    0,  524,  867,  860,  865,  128,  653,  914,  344,  484,  139,  490,  658,  705,  743,  521,  580,  459,  889,  730,  571,  464,  784,  212,  632,  438,  590,  576,  954,  608,    0,  603,  153,  263,  288,  751,  306,  221,  485,  216,  524,  346,  350,  812,  798,  436,  668,  257,  598,  438,  183,  263,  216,  766,   45,  640,  297,  268,  784,  599,  367,  312,  233,   88,  629,  241,  300,  997,  342,  769,  581,  471,  293,  605,  741,  448,  441,  355,  521,  755,  705,  233,  633,  536,  545,  809,  871,  395,  284,  772,  257,  218,  710,  767,  526,   95,  138,  107,  109,  611,  534,  214,  783,  827,  834,  812,  209,  565,  229,  125,  690,  448,  729,  570,  422,  626,  546,  634,  483,  545,  564,  504,  597,  555,  587,  871,  290,  473,  385,  704,  138,  725,  520,  759,  429,   64,  117,  728,  513,  429,   82,  859,  136,  911,  295,   47,  706,  779,  477,  700,  631,  306,  966,  153,  649],
        [  549,    0,  144,  340,  467,  408,  706,  344,  382,  682,  194,  477,  484,  867,  529,  311,  720,  448,  488,  356,  843,  199,  624,  840,  600,  107,  522,  238,  232,  489,   48,  603,    0,  748,  460,  336,  281,  841,  576,  783,  782,  817,  379,  818,  939,  557,  774,  898,  351,  787,  178,  507,  673,  391,  798,  642,  594,  774,  414,  255,  896,  414,  911,  495,  654,  659,  382,  392,  501,  652,  473,  535,  431,  390,  540,  448,  629,  177,  395,  591,  153,  849,  826,  578,  555,  539,  360,  496,  221,  579,  826,  848,  820,  120,  168,  433,  510,  466,  622,  522,  796,  456,  608,  681,  272,  266,  951,  397,  579,  576,  531,  287,  835,  342,   36,  260,  446,   73,  222,  505,  383,  199,  725,   88,  731,  415,  641,  594,  132,  684,  735,  467,  467,  409,  165,  780,  605,  551,  575,  316,  325,  645,  466,  727,  532,  541,  648,  147,  787,  181,  932,   33,  743,  458,  455,  808],
        [  279,    0,  675, 1019, 1009, 1016,  139,  760, 1066,  423,  636,  291,  624,  728,  842,  894,  610,  720,  591, 1041,  818,  724,  571,  881,  316,  782,  565,  711,  698, 1105,  757,  153,  748,    0,  357,  422,  903,  280,  266,  549,  186,  584,  453,  363,  891,  937,  494,  732,  398,  680,  579,  276,  336,  358,  868,  109,  765,  319,  416,  936,  649,  510,  192,  370,  100,  742,  374,  449, 1149,  432,  914,  711,  555,  442,  735,  887,  552,  581,  500,  639,  900,  788,   81,  759,  660,  673,  960, 1019,  535,  395,  870,  169,   98,  852,  914,  666,  239,  285,  147,  231,  693,  672,  315,  907,  979,  985,  888,  352,  688,  273,  230,  841,  484,  879,  717,  548,  768,  694,  786,  613,  690,  691,  590,  747,  646,  678, 1008,  396,  617,  468,  811,  282,  868,  609,  907,  484,  184,  212,  862,  621,  540,  109, 1008,  108, 1059,  416,  107,  844,  885,  611,  759,  777,  350, 1118,  305,  733],
        [   94,    0,  445,  783,  842,  817,  391,  404,  828,  559,  430,  248,  585,  858,  765,  697,  706,  638,  562,  802,  903,  519,  626,  940,  422,  529,  561,  362,  350,  906,  485,  263,  460,  357,    0,  144,  689,  569,  119,  702,  478,  742,  100,  605,  994,  840,  661,  876,  167,  788,  284,   83,  493,  160,  912,  280,  745,  551,  346,  695,  823,  445,  547,  375,  259,  762,  123,  363,  935,  546,  785,  676,  208,  354,  696,  756,  616,  284,  422,  655,  603,  887,  421,  732,  651,  651,  761,  862,  244,  467,  927,  507,  450,  541,  626,  590,  192,  188,  211,  157,  800,  606,  428,  880,  724,  723,  998,  164,  683,  117,  140,  650,  689,  702,  437,  213,  673,  429,  581,  588,  582,  350,  696,  492,  735,  326,  924,  479,  335,  591,  845,  176,  752,  258,  624,  658,  311,  152,  800,  266,  187,  251,  841,  392,  903,  456,  293,  520,  918,  290,  910,  492,  550,  896,  226,  832],
        [  221,    0,  302,  645,  698,  674,  409,  383,  691,  498,  286,  199,  463,  774,  629,  554,  618,  505,  444,  665,  803,  375,  530,  832,  373,  392,  451,  306,  292,  764,  353,  288,  336,  422,  144,    0,  547,  572,  248,  634,  494,  674,  122,  583,  897,  701,  603,  796,   48,  699,  160,  172,  451,   79,  800,  322,  621,  531,  241,  557,  758,  327,  599,  296,  325,  648,   49,  249,  794,  478,  643,  552,  261,  241,  570,  614,  524,  161,  302,  545,  485,  791,  498,  608,  534,  531,  618,  718,  115,  395,  818,  544,  504,  432,  503,  459,  194,  158,  288,  192,  711,  477,  380,  752,  590,  591,  903,   88,  566,  249,  197,  507,  644,  558,  308,  138,  536,  294,  438,  470,  445,  278,  612,  355,  644,  348,  786,  410,  205,  521,  732,  154,  611,  290,  499,  603,  311,  217,  666,  248,  169,  316,  697,  422,  759,  373,  331,  422,  802,  190,  831,  367,  517,  756,  172,  739],
        [  766,    0,  245,  126,  189,  131,  822,  621,  171,  695,  270,  612,  416,  776,  337,   47,  657,  325,  438,  149,  712,  180,  574,  684,  666,  177,  481,  517,  512,  219,  236,  751,  281,  903,  689,  547,    0,  913,  793,  751,  880,  775,  626,  858,  799,  323,  762,  810,  541,  702,  418,  712,  721,  572,  639,  795,  449,  827,  497,   80,  841,  433, 1032,  566,  823,  533,  583,  465,  250,  662,  232,  415,  703,  469,  408,  218,  588,  420,  429,  510,  262,  731,  983,  435,  463,  440,   80,  220,  450,  614,  671,  960,  953,  319,  233,  345,  673,  627,  803,  700,  707,  362,  673,  484,  135,  159,  815,  575,  472,  795,  718,   80,  833,   98,  281,  518,  292,  272,  117,  440,  289,  479,  671,  209,  654,  695,  396,  626,  365,  679,  588,  634,  251,  687,  214,  773,  730,  737,  380,  594,  590,  814,  188,  851,  253,  573,  796,  373,  619,  447,  840,  257,  783,  216,  600,  705],
        [  517,    0,  729, 1037,  969, 1002,  179,  951, 1083,  253,  679,  378,  539,  498,  749,  890,  420,  648,  507, 1061,  610,  749,  423,  683,  249,  840,  467,  877,  863, 1084,  833,  306,  841,  280,  569,  572,  913,    0,  513,  327,   97,  351,  648,  107,  665,  848,  270,  493,  531,  471,  702,  487,  196,  493,  683,  296,  640,   98,  433,  966,  398,  480,  198,  354,  337,  589,  529,  461, 1138,  280,  853,  604,  776,  459,  627,  830,  402,  706,  485,  506,  987,  573,  296,  639,  544,  563,  951,  970,  663,  302,  675,  138,  208,  958,  992,  602,  388,  415,  385,  413,  482,  597,  242,  768, 1018, 1030,  658,  485,  562,  521,  430,  839,  233,  861,  805,  709,  699,  773,  802,  520,  645,  847,  396,  811,  454,  891,  902,  292,  723,  292,  639,  422,  802,  824,  980,  257,  264,  420,  754,  811,  727,  341,  969,  188, 1006,  342,  282,  966,  706,  751,  515,  864,  148, 1118,  404,  523],
        [   28,    0,  549,  893,  937,  920,  336,  508,  939,  556,  528,  270,  640,  867,  836,  798,  722,  708,  613,  913,  928,  619,  653,  974,  419,  640,  604,  477,  466, 1010,  598,  221,  576,  266,  119,  248,  793,  513,    0,  699,  418,  739,  216,  569, 1015,  918,  653,  881,  254,  803,  399,   86,  479,  231,  950,  218,  799,  516,  396,  805,  817,  502,  457,  402,  179,  804,  211,  420, 1041,  550,  871,  733,  293,  411,  755,  841,  640,  399,  481,  696,  721,  907,  319,  788,  699,  703,  863,  955,  357,  480,  961,  429,  363,  660,  743,  656,  192,  215,  129,  145,  815,  670,  423,  939,  837,  836, 1016,  231,  731,    8,  117,  749,  668,  798,  551,  332,  747,  540,  682,  639,  657,  467,  709,  603,  755,  417,  999,  489,  449,  594,  885,  203,  834,  349,  740,  647,  282,  111,  867,  375,  301,  174,  937,  327,  996,  479,  233,  639,  959,  408,  913,  608,  526, 1004,  259,  851],
