{
    "name": "random-69-18906",
    "comment": "size=69 seed=18906",
    "nodes": ["+0", "-0", "+1", "-1", "+2", "-2", "+3", "-3", "+4", "-4", "+5", "-5", "+6", "-6", "+7", "-7", "+8", "-8", "+9", "-9", "+10", "-10", "+11", "-11", "+12", "-12", "+13", "-13", "+14", "-14", "+15", "-15", "+16", "-16", "+17", "-17", "+18", "-18", "+19", "-19", "+20", "-20", "+21", "-21", "+22", "-22", "+23", "-23", "+24", "-24", "+25", "-25", "+26", "-26", "+27", "-27", "+28", "-28", "+29", "-29", "+30", "-30", "+31", "-31", "+32", "-32", "+33", "-33", "+34", "-34", "+35", "-35", "+36", "-36", "+37", "-37", "+38", "-38", "+39", "-39", "+40", "-40", "+41", "-41", "+42", "-42", "+43", "-43", "+44", "-44", "+45", "-45", "+46", "-46", "+47", "-47", "+48", "-48", "+49", "-49", "+50", "-50", "+51", "-51", "+52", "-52", "+53", "-53", "+54", "-54", "+55", "-55", "+56", "-56", "+57", "-57", "+58", "-58", "+59", "-59", "+60", "-60", "+61", "-61", "+62", "-62", "+63", "-63", "+64", "-64", "+65", "-65", "+66", "-66", "+67", "-67", "+68", "-68", "+69", "-69"],
    "precedence": {
        "+0": "-0",
        "+1": "-1",
        "+2": "-2",
        "+3": "-3",
        "+4": "-4",
        "+5": "-5",
        "+6": "-6",
        "+7": "-7",
        "+8": "-8",
        "+9": "-9",
        "+10": "-10",
        "+11": "-11",
        "+12": "-12",
        "+13": "-13",
        "+14": "-14",
        "+15": "-15",
        "+16": "-16",
        "+17": "-17",
        "+18": "-18",
        "+19": "-19",
        "+20": "-20",
        "+21": "-21",
        "+22": "-22",
        "+23": "-23",
        "+24": "-24",
        "+25": "-25",
        "+26": "-26",
        "+27": "-27",
        "+28": "-28",
        "+29": "-29",
        "+30": "-30",
        "+31": "-31",
        "+32": "-32",
        "+33": "-33",
        "+34": "-34",
        "+35": "-35",
        "+36": "-36",
        "+37": "-37",
        "+38": "-38",
        "+39": "-39",
        "+40": "-40",
        "+41": "-41",
        "+42": "-42",
        "+43": "-43",
        "+44": "-44",
        "+45": "-45",
        "+46": "-46",
        "+47": "-47",
        "+48": "-48",
        "+49": "-49",
        "+50": "-50",
        "+51": "-51",
        "+52": "-52",
        "+53": "-53",
        "+54": "-54",
        "+55": "-55",
        "+56": "-56",
        "+57": "-57",
        "+58": "-58",
        "+59": "-59",
        "+60": "-60",
        "+61": "-61",
        "+62": "-62",
        "+63": "-63",
        "+64": "-64",
        "+65": "-65",
        "+66": "-66",
        "+67": "-67",
        "+68": "-68",
        "+69": "-69"
    },
    "edges": [
        [    0,    0,  922,  898,  329, 1094,  475,  794,  508,  470,  403,  384,  750,  507,  741,  146,  393,  715, 1029,  879,  471,  916,  857,  829,  637,  419,  655,  935,  211,  770,  384,  548,  341,  116,  532,  365,  190, 1079,  901,   50,  797,  284,  759,  405,  416,  551,  144,  529,  427,  912,  564,  775,  801,  835,  548,  499,  685,  290,  581,  658,  585, 1119,  765,  303,  733,  768,  842,  567,  802,  486,  776,  132,  615,  715,  803,  647, 1106,  565,  559,  350,  762,  865,  920,  524,  754,  448, 1019,  821,  473,  933,  296,  724,  601,  841,  525,  361, 1049,  534,  402,  721,  772,  671,  796,  696,  470,  724,  129, 1121,  756,  200,  913,  840,  762,  697,  700,  932,  124,  383,  726,  814,  888,  846,  106,  819,  239,  663,  776,  954,  990,  783,  587,  881,  394,  471,  643,  437,  698,  201,  904,  864],
        [    0,    0,    0,    0,    0,    0,    0,    0,    0,    0,    0,    0,    0,    0,    0,    0,    0,    0,    0,    0,    0,    0,    0,    0,    0,    0,    0,    0,    0,    0,    0,    0,    0,    0,    0,    0,    0,    0,    0,    0,    0,    0,    0,    0,    0,    0,    0,    0,    0,    0,    0,    0,    0,    0,    0,    0,    0,    0,    0,    0,    0,    0,    0,    0,    0,    0,    0,    0,    0,    0,    0,    0,    0,    0,    0,    0,    0,    0,    0,    0,    0,    0,    0,    0,    0,    0,    0,    0,    0,    0,    0,    0,    0,    0,    0,    0,    0,    0,    0,    0,    0,    0,    0,    0,    0,    0,    0,    0,    0,    0,    0,    0,    0,    0,    0,    0,    0,    0,    0,    0,    0,    0,    0,    0,    0,    0,    0,    0,    0,    0,    0,    0,    0,    0,    0,    0,    0,    0,    0,    0],
        [  922,    0,    0,  487,  603,  464,  618,  293,  885,  453,  603,  988,  795,  804,  804, 1068,  893,  869,  420,  791,  513,  426,  844,  341,  552,  770,  869,  394,  775,  220,  540,  988,  782, 1001,  393,  559,  734,  326,   74,  879,  450,  648,  435,  632,  650,  665,  990,  927,  525,   87,  364,  377,  286,  773,  941,  481,  463,  705,  372,  266,  515,  450,  904,  739,  328,  388,  628,  362,  204,  439,  475, 1033,  669,  845,  140,  900,  451,  362,  754,  618,  857,  485,  302,  439,  487,  806,  469,  331,  952,  115,  687,  445,  419,  382,  582,  657,  495,  750,  888,  228,  188,  279,  972,  745,  776,  220,  972,  405,  249,  783,  579,  752,  184,  236,  820,  564,  967,  546,  434,  125,  279,  274,  855,  858,  789,  483,  476,  386,  581,  322,  487,   47,  593,  902,  509,  488,  237,  747,  587,  416],
        [  898,    0,  487,    0,  689,  224,  430,  222,  594,  568,  496,  762,  381,  520,  394, 1031,  663,  474,  175,  325,  714,   69,  390,  158,  270,  548,  503,  111,  692,  607,  592,  680,  605, 1008,  494,  629,  754,  308,  414,  874,  105,  718,  823,  817,  847,  390,  893,  625,  681,  402,  551,  776,  701,  321,  630,  695,  813,  610,  611,  458,  806,  262,  490,  875,  240,  783,  167,  555,  311,  517,  123, 1030,  348,  449,  531,  538,  246,  545,  448,  554,  440,   34,  194,  420,  870,  558,  136,  171,  679,  382,  804,  815,  706,  115,  378,  539,  159,  460,  654,  558,  565,  574,  553,  359,  520,  385,  882,  295,  299,  703,   93,  296,  381,  411,  430,   79,  878,  565,  806,  522,  209,  218,  884,  418,  891,  236,  869,  132,  115,  203,  314,  495,  508,  630,  256,  592,  533,  806,  103,   75],
        [  329,    0,  603,  689,    0,  848,  354,  529,  557,  153,  259,  543,  687,  507,  685,  471,  485,  695,  782,  785,  159,  685,  790,  578,  476,  417,  652,  693,  257,  442,   97,  642,  366,  399,  228,   60,  141,  800,  590,  282,  585,   46,  456,  168,  198,  458,  428,  596,  104,  604,  240,  461,  477,  743,  617,  181,  388,  243,  252,  345,  298,  865,  749,  188,  475,  456,  691,  242,  511,  187,  574,  432,  517,  685,  477,  662,  855,  242,  518,  201,  725,  659,  655,  270,  463,  465,  787,  568,  574,  628,  116,  422,  283,  603,  381,  267,  820,  495,  488,  394,  444,  343,  802,  622,  461,  421,  409,  855,  472,  259,  732,  739,  458,  391,  661,  743,  403,  130,  421,  489,  619,  576,  253,  768,  207,  467,  482,  708,  797,  526,  389,  560,  235,  542,  460,  118,  372,  145,  727,  636],
        [ 1094,    0,  464,  224,  848,    0,  640,  322,  818,  709,  694,  984,  593,  744,  607, 1232,  885,  688,   67,  511,  838,  182,  581,  271,  486,  767,  722,  160,  894,  648,  755,  903,  820, 1200,  630,  790,  935,  158,  401, 1065,  306,  884,  875,  952,  980,  611, 1103,  848,  818,  382,  665,  820,  733,  519,  853,  813,  883,  811,  713,  553,  902,   43,  697, 1029,  374,  830,  375,  667,  369,  664,  334, 1224,  571,  664,  560,  758,   28,  659,  671,  745,  649,  255,  203,  584,  926,  780,   90,  281,  903,  351,  961,  875,  797,  254,  588,  741,   78,  683,  876,  618,  606,  650,  757,  579,  742,  466, 1090,   97,  389,  905,  278,  494,  444,  499,  647,  249, 1086,  735,  865,  547,  240,  280, 1068,  618, 1055,  440,  919,  142,  216,  322,  509,  491,  701,  854,  464,  739,  603,  979,  292,  233],
        [  475,    0,  618,  430,  354,  640,    0,  384,  275,  322,   96,  377,  334,  198,  331,  603,  278,  349,  578,  436,  463,  459,  437,  395,  164,  154,  315,  485,  265,  577,  274,  377,  184,  588,  301,  308,  360,  658,  567,  456,  335,  363,  708,  519,  550,  105,  464,  318,  407,  570,  384,  686,  655,  394,  335,  463,  660,  186,  447,  390,  601,  671,  401,  528,  322,  687,  370,  389,  433,  279,  310,  606,  164,  335,  553,  334,  656,  379,  177,  160,  373,  397,  494,  200,  736,  190,  558,  391,  335,  576,  459,  682,  534,  394,   53,  116,  586,  160,  273,  510,  552,  484,  459,  268,  162,  400,  452,  684,  381,  276,  438,  392,  434,  393,  311,  458,  448,  234,  677,  556,  471,  434,  478,  414,  520,  202,  747,  507,  516,  362,  144,  591,  120,  286,  177,  320,  476,  424,  429,  408],
        [  794,    0,  293,  222,  529,  322,  384,    0,  627,  388,  408,  758,  504,  545,  513,  937,  658,  581,  256,  501,  520,  183,  553,   65,  275,  533,  588,  174,  607,  386,  437,  726,  565,  895,  309,  471,  624,  285,  223,  761,  160,  566,  602,  632,  660,  401,  823,  666,  498,  218,  348,  554,  480,  481,  677,  496,  595,  525,  402,  244,  596,  337,  614,  708,   64,  562,  339,  351,   95,  343,  183,  921,  392,  557,  311,  620,  327,  342,  485,  448,  566,  209,  127,  272,  649,  560,  272,   52,  702,  212,  640,  595,  494,  107,  337,  461,  305,  486,  652,  337,  344,  355,  682,  457,  526,  164,  808,  330,   78,  616,  307,  460,  160,  193,  533,  299,  804,  421,  585,  304,   94,   52,  757,  566,  736,  206,  648,  184,  333,   30,  240,  289,  408,  651,  235,  418,  313,  663,  312,  148],
        [  508,    0,  885,  594,  557,  818,  275,  627,    0,  576,  331,  188,  286,   83,  273,  585,  118,  220,  765,  425,  697,  645,  381,  619,  355,  143,  157,  681,  340,  850,  506,  103,  196,  617,  570,  529,  495,  875,  829,  517,  527,  545,  967,  722,  750,  227,  418,   44,  637,  830,  650,  951,  926,  385,   63,  705,  912,  316,  709,  664,  841,  855,  265,  691,  571,  951,  463,  655,  692,  541,  496,  620,  249,  229,  827,  141,  840,  646,  148,  366,  275,  564,  717,  473,  989,   95,  729,  620,   86,  832,  634,  939,  789,  603,  303,  298,  750,  142,  109,  784,  826,  755,  289,  259,  113,  671,  417,  883,  641,  346,  559,  400,  703,  666,  224,  587,  417,  467,  935,  830,  702,  672,  565,  335,  658,  422, 1003,  705,  640,  601,  399,  862,  354,   45,  393,  565,  750,  564,  546,  603],
        [  470,    0,  453,  568,  153,  709,  322,  388,  576,    0,  246,  610,  640,  509,  640,  615,  533,  668,  643,  716,  154,  555,  734,  442,  396,  435,  637,  558,  348,  314,   94,  673,  408,  549,   79,  106,  281,  652,  438,  426,  467,  197,  392,  250,  280,  420,  550,  618,  114,  451,   97,  378,  368,  678,  638,  146,  339,  298,  138,  192,  282,  723,  719,  321,  340,  377,  598,  101,  361,   54,  462,  581,  468,  653,  334,  654,  714,   97,  498,  218,  687,  541,  511,  160,  416,  482,  654,  431,  614,  475,  255,  364,  214,  472,  327,  282,  687,  480,  532,  257,  307,  211,  780,  574,  467,  269,  531,  709,  326,  353,  623,  668,  306,  239,  628,  630,  525,  118,  360,  344,  474,  432,  404,  720,  354,  367,  428,  570,  680,  389,  297,  411,  223,  573,  368,   35,  230,  297,  621,  508],
        [  403,    0,  603,  496,  259,  694,   96,  408,  331,  246,    0,  388,  429,  265,  426,  539,  300,  439,  629,  532,  376,  514,  533,  433,  242,  191,  400,  535,  202,  529,  184,  429,  181,  513,  244,  215,  270,  691,  561,  379,  395,  267,  637,  425,  456,  200,  416,  374,  318,  568,  322,  621,  600,  489,  393,  380,  584,  119,  379,  354,  517,  720,  492,  432,  345,  620,  457,  327,  438,  212,  374,  534,  260,  427,  520,  414,  707,  318,  262,   65,  467,  463,  529,  166,  660,  237,  617,  427,  374,  580,  364,  609,  459,  441,  133,   55,  647,  242,  297,  464,  510,  431,  547,  364,  221,  385,  402,  727,  387,  212,  516,  487,  422,  370,  403,  534,  397,  144,  605,  525,  500,  460,  393,  509,  426,  260,  673,  555,  591,  392,  185,  572,   26,  330,  242,  238,  432,  332,  509,  462],
        [  384,    0,  988,  762,  543,  984,  377,  758,  188,  610,  388,    0,  473,  245,  461,  427,  101,  404,  928,  612,  699,  806,  568,  763,  504,  226,  341,  839,  288,  913,  523,  176,  208,  479,  628,  534,  440, 1025,  940,  408,  684,  517,  990,  692,  715,  374,  263,  184,  639,  944,  698,  984,  977,  572,  196,  715,  926,  313,  747,  742,  840, 1020,  444,  631,  698,  982,  644,  703,  809,  589,  653,  474,  416,  415,  908,  318, 1004,  696,  319,  393,  460,  730,  862,  552, 1003,  206,  897,  761,  113,  952,  589,  958,  811,  754,  422,  338,  920,  304,  109,  849,  896,  812,  453,  445,  243,  769,  269, 1042,  757,  288,  737,  587,  805,  756,  411,  763,  271,  492,  956,  913,  842,  807,  466,  520,  584,  563, 1020,  862,  818,  735,  519,  958,  403,  144,  534,  589,  817,  501,  724,  760],
        [  750,    0,  795,  381,  687,  593,  334,  504,  286,  640,  429,  473,    0,  249,   15,  849,  394,   96,  554,  140,  788,  445,  109,  469,  262,  331,  143,  486,  549,  833,  605,  338,  409,  864,  598,  640,  679,  687,  727,  746,  357,  694, 1005,  852,  883,  229,  686,  298,  735,  721,  680,  973,  923,  100,  294,  785,  967,  490,  748,  644,  920,  634,  112,  858,  470,  976,  219,  686,  592,  590,  327,  874,  173,   72,  782,  176,  618,  674,  191,  490,   63,  360,  551,  489, 1039,  307,  505,  475,  366,  712,  791,  984,  842,  437,  314,  433,  518,  216,  384,  769,  798,  759,  179,   66,  281,  613,  682,  674,  551,  559,  316,  118,  633,  622,   64,  346,  681,  565,  977,  780,  550,  535,  781,   81,  844,  323, 1047,  510,  390,  475,  358,  786,  453,  330,  303,  645,  736,  747,  302,  419],
        [  507,    0,  804,  520,  507,  744,  198,  545,   83,  509,  265,  245,  249,    0,  238,  601,  152,  210,  690,  385,  639,  569,  354,  538,  274,   96,  154,  603,  317,  774,  446,  184,  170,  620,  497,  473,  463,  796,  747,  508,  449,  501,  900,  674,  703,  145,  438,  124,  579,  748,  579,  881,  852,  342,  139,  644,  848,  275,  640,  587,  781,  780,  262,  655,  489,  881,  399,  584,  610,  471,  418,  628,  173,  209,  748,  156,  765,  574,   75,  309,  256,  490,  637,  397,  925,   60,  656,  539,  161,  750,  594,  873,  723,  524,  222,  242,  678,   62,  142,  708,  748,  681,  303,  207,   47,  590,  434,  806,  559,  325,  492,  353,  622,  586,  195,  519,  433,  406,  868,  750,  621,  590,  549,  313,  630,  340,  937,  627,  574,  519,  317,  781,  289,  111,  311,  502,  674,  533,  480,  525],
        [  741,    0,  804,  394,  685,  607,  331,  513,  273,  640,  426,  461,   15,  238,    0,  839,  382,   82,  567,  152,  788,  458,  117,  479,  267,  323,  128,  499,  542,  838,  604,  324,  400,  855,  600,  638,  673,  700,  736,  738,  368,  690, 1008,  850,  881,  227,  676,  284,  734,  730,  682,  976,  928,  114,  280,  785,  969,  484,  750,  649,  921,  648,  102,  854,  477,  980,  232,  688,  601,  591,  338,  864,  173,   58,  789,  162,  632,  677,  183,  486,   54,  372,  562,  491, 1042,  297,  519,  485,  353,  722,  787,  986,  844,  448,  314,  429,  532,  209,  372,  774,  804,  763,  169,   67,  272,  620,  672,  687,  559,  551,  330,  132,  640,  628,   51,  360,  670,  563,  980,  787,  561,  545,  774,   84,  839,  329, 1049,  522,  404,  484,  362,  794,  450,  317,  309,  644,  741,  741,  316,  430],
        [  146,    0, 1068, 1031,  471, 1232,  603,  937,  585,  615,  539,  427,  849,  601,  839,    0,  467,  802, 1167,  984,  605, 1053,  955,  969,  766,  523,  740, 1073,  340,  912,  529,  602,  448,  103,  678,  510,  335, 1222, 1047,  190,  932,  425,  886,  526,  532,  669,  168,  597,  566, 1058,  708,  906,  938,  940,  614,  635,  811,  422,  722,  804,  709, 1258,  849,  413,  875,  898,  963,  711,  947,  632,  909,   73,  730,  806,  947,  725, 1245,  709,  662,  490,  853,  998, 1062,  668,  876,  543, 1155,  962,  532, 1078,  423,  850,  735,  979,  654,  493, 1185,  639,  477,  864,  915,  813,  870,  802,  570,  869,  169, 1263,  900,  329, 1039,  948,  908,  843,  795, 1060,  169,  529,  852,  958, 1031,  989,  226,  913,  345,  797,  898, 1093, 1118,  925,  724, 1026,  533,  543,  775,  581,  842,  335, 1029, 1001],
        [  393,    0,  893,  663,  485,  885,  278,  658,  118,  533,  300,  101,  394,  152,  382,  467,    0,  337,  828,  532,  636,  706,  495,  662,  403,  126,  274,  738,  244,  828,  451,  164,  125,  500,  543,  468,  402,  924,  844,  406,  583,  466,  920,  644,  670,  274,  300,  137,  576,  847,  617,  910,  896,  491,  156,  649,  859,  245,  670,  652,  779,  920,  383,  599,  598,  909,  550,  622,  711,  507,  553,  503,  318,  343,  818,  259,  904,  614,  225,  315,  390,  631,  762,  460,  937,  106,  798,  660,   91,  854,  548,  889,  740,  653,  322,  253,  821,  207,   11,  763,  809,  728,  406,  357,  143,  674,  299,  941,  659,  248,  641,  503,  709,  663,  335,  667,  299,  417,  886,  822,  742,  707,  457,  450,  560,  462,  952,  762,  723,  635,  420,  864,  317,   79,  433,  516,  731,  469,  629,  660],
        [  715,    0,  869,  474,  695,  688,  349,  581,  220,  668,  439,  404,   96,  210,   82,  802,  337,    0,  647,  220,  811,  537,  166,  551,  321,  303,   64,  577,  525,  888,  622,  253,  379,  827,  637,  654,  668,  778,  802,  717,  442,  696, 1046,  863,  893,  249,  636,  222,  755,  798,  720, 1019,  975,  188,  213,  811, 1003,  477,  786,  698,  949,  729,   54,  855,  541, 1021,  313,  726,  666,  622,  411,  833,  211,   26,  845,   89,  713,  715,  178,  495,   57,  451,  638,  528, 1078,  268,  600,  557,  293,  791,  791, 1023,  878,  522,  343,  432,  613,  201,  327,  823,  856,  808,  112,  125,  251,  677,  634,  768,  621,  534,  412,  209,  699,  682,   49,  441,  633,  581, 1017,  843,  634,  616,  758,  117,  834,  388, 1087,  601,  485,  552,  408,  856,  464,  264,  364,  669,  789,  737,  397,  507],
        [ 1029,    0,  420,  175,  782,   67,  578,  256,  765,  643,  629,  928,  554,  690,  567, 1167,  828,  647,    0,  484,  773,  122,  552,  205,  426,  709,  677,   95,  830,  593,  688,  853,  759, 1134,  564,  723,  869,  149,  353,  999,  246,  818,  820,  887,  915,  554, 1039,  797,  753,  336,  600,  766,  681,  486,  803,  749,  825,  747,  650,  490,  840,   93,  661,  962,  307,  775,  337,  603,  308,  598,  275, 1158,  517,  622,  506,  713,   79,  595,  618,  680,  612,  202,  141,  518,  870,  723,   60,  215,  849,  306,  894,  819,  736,  189,  526,  677,   77,  628,  819,  560,  551,  590,  722,  533,  686,  404, 1026,  121,  325,  840,  245,  461,  384,  436,  605,  217, 1022,  669,  809,  494,  178,  216, 1001,  585,  988,  377,  864,   75,  199,  256,  445,  444,  635,  800,  403,  673,  543,  913,  258,  171],
        [  879,    0,  791,  325,  785,  511,  436,  501,  425,  716,  532,  612,  140,  385,  152,  984,  532,  220,  484,    0,  869,  394,   72,  452,  321,  463,  277,  435,  674,  865,  696,  472,  539,  994,  663,  733,  794,  628,  719,  872,  342,  797, 1056,  944,  976,  338,  822,  435,  819,  710,  740, 1018,  958,   45,  430,  860, 1027,  608,  808,  684,  992,  553,  206,  963,  483, 1023,  165,  745,  595,  663,  319, 1005,  274,  202,  803,  308,  537,  734,  322,  596,  166,  315,  515,  557, 1095,  443,  428,  461,  505,  695,  894, 1039,  905,  412,  404,  546,  433,  346,  522,  805,  826,  803,  253,  183,  414,  637,  817,  600,  562,  684,  240,   48,  649,  652,  202,  267,  816,  658, 1031,  798,  524,  519,  903,  116,  956,  361, 1100,  456,  296,  473,  420,  790,  554,  469,  352,  726,  774,  859,  227,  383],
        [  471,    0,  513,  714,  159,  838,  463,  520,  697,  154,  376,  699,  788,  639,  788,  605,  636,  811,  773,  869,    0,  695,  885,  579,  549,  555,  775,  693,  415,  319,  193,  788,  514,  521,  221,  169,  292,  762,  518,  422,  615,  196,  298,  121,  144,  565,  582,  738,   61,  535,  174,  306,  334,  830,  759,   33,  229,  392,  142,  289,  144,  847,  863,  229,  479,  300,  751,  172,  475,  207,  613,  555,  616,  797,  376,  789,  840,  180,  637,  332,  834,  688,  636,  314,  305,  603,  790,  567,  723,  564,  187,  263,  131,  612,  475,  400,  823,  617,  637,  287,  334,  235,  921,  723,  594,  377,  562,  827,  449,  417,  774,  821,  407,  344,  773,  779,  556,  233,  263,  390,  599,  558,  379,  869,  284,  521,  323,  703,  827,  526,  451,  467,  351,  687,  522,  144,  277,  271,  772,  650],
        [  916,    0,  426,   69,  685,  182,  459,  183,  645,  555,  514,  806,  445,  569,  458, 1053,  706,  537,  122,  394,  695,    0,  459,  119,  305,  587,  563,   42,  714,  561,  590,  734,  639, 1024,  478,  626,  763,  242,  353,  889,  125,  718,  782,  804,  833,  432,  921,  678,  668,  340,  526,  732,  654,  389,  684,  674,  776,  631,  583,  426,  778,  214,  555,  870,  217,  740,  235,  530,  263,  506,  153, 1047,  396,  512,  480,  598,  199,  521,  497,  568,  506,   87,  127,  417,  830,  601,  104,  132,  728,  318,  800,  775,  676,   84,  406,  561,  135,  507,  698,  516,  518,  537,  619,  419,  564,  346,  909,  238,  260,  725,  160,  365,  337,  375,  493,  141,  905,  566,  766,  471,  148,  165,  894,  486,  890,  258,  827,   65,  158,  170,  330,  438,  523,  679,  283,  582,  494,  810,  171,   52],
        [  857,    0,  844,  390,  790,  581,  437,  553,  381,  734,  533,  568,  109,  354,  117,  955,  495,  166,  552,   72,  885,  459,    0,  507,  344,  439,  227,  500,  658,  905,  706,  417,  517,  972,  687,  741,  787,  695,  774,  854,  395,  799, 1088,  954,  985,  334,  790,  386,  833,  765,  767, 1053,  997,   72,  378,  879, 1055,  598,  835,  720, 1014,  623,  141,  964,  528, 1057,  225,  773,  645,  683,  370,  981,  274,  153,  848,  254,  608,  761,  299,  595,  109,  377,  577,  579, 1125,  413,  498,  516,  457,  752,  896, 1069,  931,  470,  413,  540,  504,  325,  484,  843,  868,  838,  183,  170,  388,  680,  787,  669,  609,  667,  308,   95,  694,  693,  161,  336,  786,  666, 1062,  843,  583,  575,  890,   50,  951,  395, 1131,  522,  367,  524,  444,  840,  557,  426,  381,  742,  811,  854,  295,  443],
        [  829,    0,  341,  158,  578,  271,  395,   65,  619,  442,  433,  763,  469,  538,  479,  969,  662,  551,  205,  452,  579,  119,  507,    0,  264,  538,  564,  116,  634,  449,  484,  715,  578,  932,  365,  519,  665,  264,  268,  798,  113,  614,  667,  689,  718,  395,  848,  656,  554,  259,  409,  619,  543,  435,  666,  557,  659,  552,  465,  308,  660,  292,  580,  760,  104,  626,  288,  412,  154,  395,  142,  957,  376,  527,  373,  598,  280,  403,  473,  480,  531,  148,  100,  314,  714,  560,  212,   14,  698,  246,  691,  660,  558,   44,  345,  484,  245,  477,  655,  402,  407,  420,  647,  427,  524,  229,  834,  294,  143,  644,  246,  413,  223,  257,  504,  236,  829,  464,  650,  365,   85,   68,  798,  525,  785,  200,  712,  130,  268,   54,  253,  343,  437,  647,  229,  471,  378,  709,  252,   84],
        [  637,    0,  552,  270,  476,  486,  164,  275,  355,  396,  242,  504,  262,  274,  267,  766,  403,  321,  426,  321,  549,  305,  344,  264,    0,  283,  317,  336,  428,  572,  383,  453,  336,  750,  344,  421,  511,  523,  489,  617,  181,  495,  745,  629,  660,  131,  624,  393,  501,  487,  423,  712,  661,  284,  404,  540,  711,  348,  491,  382,  672,  519,  362,  660,  226,  715,  217,  429,  351,  343,  152,  768,  118,  299,  525,  348,  504,  418,  211,  305,  320,  237,  363,  237,  781,  299,  401,  265,  434,  485,  589,  725,  588,  251,  113,  276,  427,  214,  395,  508,  538,  497,  430,  202,  263,  356,  613,  539,  304,  439,  276,  273,  379,  362,  273,  296,  610,  347,  718,  523,  348,  319,  635,  339,  662,   70,  788,  359,  353,  248,  100,  537,  259,  383,   44,  408,  474,  570,  268,  257],
        [  419,    0,  770,  548,  417,  767,  154,  533,  143,  435,  191,  226,  331,   96,  323,  523,  126,  303,  709,  463,  555,  587,  439,  538,  283,    0,  249,  618,  223,  717,  363,  239,   78,  533,  433,  387,  368,  801,  720,  416,  463,  408,  826,  584,  612,  159,  365,  184,  495,  723,  512,  811,  789,  419,  205,  563,  770,  181,  570,  535,  698,  801,  356,  560,  473,  810,  450,  517,  586,  402,  434,  543,  213,  301,  700,  251,  786,  508,  141,  224,  347,  516,  638,  343,  848,   49,  682,  536,  186,  729,  500,  797,  647,  531,  196,  156,  707,  117,  120,  651,  695,  620,  398,  280,   52,  552,  358,  820,  534,  232,  535,  426,  586,  543,  283,  560,  356,  325,  794,  704,  617,  582,  456,  402,  534,  339,  861,  641,  617,  510,  294,  743,  213,  140,  310,  423,  618,  437,  524,  539],
        [  655,    0,  869,  503,  652,  722,  315,  588,  157,  637,  400,  341,  143,  154,  128,  740,  274,   64,  677,  277,  775,  563,  227,  564,  317,  249,    0,  602,  470,  873,  584,  196,  322,  766,  612,  614,  616,  803,  806,  659,  459,  650, 1021,  820,  850,  223,  573,  160,  717,  803,  695,  996,  958,  241,  153,  777,  974,  427,  760,  683,  915,  762,  111,  806,  542,  998,  350,  701,  667,  593,  427,  772,  201,   76,  835,   36,  746,  690,  139,  452,  119,  477,  655,  505, 1050,  210,  633,  568,  230,  799,  744,  996,  849,  539,  319,  386,  649,  159,  264,  807,  843,  788,  151,  145,  198,  669,  572,  798,  621,  478,  449,  260,  695,  671,   79,  478,  571,  543,  991,  835,  648,  626,  702,  180,  782,  387, 1060,  626,  526,  559,  394,  853,  425,  201,  361,  634,  773,  685,  435,  529],
        [  935,    0,  394,  111,  693,  160,  485,  174,  681,  558,  535,  839,  486,  603,  499, 1073,  738,  577,   95,  435,  693,   42,  500,  116,  336,  618,  602,    0,  735,  540,  598,  771,  666, 1041,  480,  634,  777,  202,  322,  906,  155,  728,  764,  804,  833,  465,  945,  714,  669,  308,  522,  713,  632,  430,  721,  670,  762,  653,  576,  416,  769,  187,  596,  875,  219,  721,  277,  525,  244,  511,  186, 1065,  432,  552,  458,  637,  173,  516,  533,  586,  547,  127,   93,  427,  813,  634,   98,  127,  763,  284,  806,  759,  666,   95,  433,  583,  131,  542,  730,  500,  498,  524,  661,  459,  597,  334,  932,  204,  249,  746,  200,  406,  320,  364,  533,  178,  928,  577,  750,  447,  120,  146,  909,  528,  899,  284,  809,   25,  187,  169,  351,  409,  541,  713,  310,  586,  479,  822,  211,   79],
        [  211,    0,  775,  692,  257,  894,  265,  607,  340,  348,  202,  288,  549,  317,  542,  340,  244,  525,  830,  674,  415,  714,  658,  634,  428,  223,  470,  735,    0,  660,  255,  407,  148,  325,  387,  257,  159,  891,  742,  198,  593,  230,  710,  405,  430,  342,  219,  372,  357,  751,  443,  710,  713,  630,  393,  434,  643,   83,  481,  512,  555,  921,  578,  355,  544,  706,  632,  447,  628,  342,  570,  342,  406,  523,  673,  468,  908,  442,  359,  161,  569,  659,  729,  347,  720,  261,  816,  628,  334,  767,  306,  677,  533,  642,  316,  154,  845,  334,  249,  602,  652,  557,  617,  492,  275,  562,  203,  928,  579,   11,  703,  634,  601,  541,  505,  723,  198,  235,  676,  681,  700,  658,  234,  622,  319,  458,  737,  756,  781,  592,  385,  738,  199,  313,  436,  321,  573,  226,  694,  662],
        [  770,    0,  220,  607,  442,  648,  577,  386,  850,  314,  529,  913,  833,  774,  838,  912,  828,  888,  593,  865,  319,  561,  905,  449,  572,  717,  873,  540,  660,    0,  407,  951,  706,  834,  286,  413,  582,  529,  257,  724,  537,  487,  228,  432,  446,  653,  861,  893,  347,  276,  218,  174,   95,  837,  911,  287,  245,  606,  190,  191,  297,  642,  933,  547,  385,  183,  712,  214,  298,  324,  551,  868,  678,  868,   89,  898,  640,  220,  741,  521,  891,  594,  457,  377,  279,  760,  630,  437,  902,  309,  504,  230,  207,  492,  558,  576,  661,  730,  826,   67,   43,  104,  999,  773,  737,  229,  842,  605,  311,  666,  692,  820,  227,  213,  842,  685,  836,  428,  220,  103,  423,  396,  689,  907,  603,  512,  272,  540,  716,  408,  481,  176,  511,  856,  530,  343,  101,  579,  696,  533],
        [  384,    0,  540,  592,   97,  755,  274,  437,  506,   94,  184,  523,  605,  446,  604,  529,  451,  622,  688,  696,  193,  590,  706,  484,  383,  363,  584,  598,  255,  407,    0,  598,  327,  470,  149,   39,  197,  713,  519,  342,  488,  130,  469,  249,  280,  378,  457,  547,  134,  530,  190,  462,  459,  655,  567,  200,  409,  210,  227,  275,  336,  773,  674,  284,  381,  459,  596,  194,  427,  104,  477,  500,  433,  609,  425,  597,  762,  189,  446,  140,  647,  562,  564,  173,  487,  411,  691,  474,  536,  552,  213,  438,  289,  507,  294,  208,  724,  425,  452,  349,  400,  304,  731,  539,  401,  343,  439,  765,  385,  260,  635,  649,  381,  315,  585,  646,  433,   41,  436,  435,  529,  485,  326,  686,  301,  371,  502,  614,  700,  433,  293,  499,  159,  498,  365,   67,  322,  227,  631,  539],
        [  548,    0,  988,  680,  642,  903,  377,  726,  103,  673,  429,  176,  338,  184,  324,  602,  164,  253,  853,  472,  788,  734,  417,  715,  453,  239,  196,  771,  407,  951,  598,    0,  276,  649,  670,  619,  566,  968,  931,  565,  620,  626, 1064,  804,  831,  327,  437,   61,  728,  932,  750, 1049, 1026,  437,   50,  798, 1007,  400,  808,  767,  932,  941,  283,  762,  672, 1048,  538,  755,  794,  640,  588,  647,  342,  270,  930,  165,  925,  746,  243,  459,  309,  651,  812,  575, 1084,  192,  813,  717,   76,  933,  711, 1034,  885,  698,  406,  392,  832,  241,  159,  886,  928,  856,  282,  329,  216,  774,  441,  972,  743,  412,  636,  456,  806,  768,  274,  665,  442,  561, 1031,  933,  799,  771,  618,  368,  724,  521, 1098,  795,  715,  700,  501,  964,  451,  101,  492,  660,  852,  633,  622,  694],
        [  341,    0,  782,  605,  366,  820,  184,  565,  196,  408,  181,  208,  409,  170,  400,  448,  125,  379,  759,  539,  514,  639,  517,  578,  336,   78,  322,  666,  148,  706,  327,  276,    0,  456,  421,  345,  300,  842,  737,  339,  514,  351,  796,  529,  556,  224,  294,  232,  453,  742,  494,  786,  773,  495,  253,  525,  736,  124,  546,  534,  657,  852,  431,  495,  503,  784,  518,  499,  608,  384,  487,  467,  283,  377,  700,  321,  837,  491,  218,  191,  423,  572,  678,  345,  813,  113,  736,  575,  210,  751,  439,  765,  616,  576,  235,  130,  763,  194,  125,  642,  689,  606,  470,  356,  129,  563,  285,  867,  556,  156,  600,  502,  599,  549,  360,  623,  283,  293,  762,  705,  654,  616,  380,  479,  465,  384,  828,  689,  681,  545,  327,  751,  196,  177,  357,  391,  610,  369,  589,  589],
        [  116,    0, 1001, 1008,  399, 1200,  588,  895,  617,  549,  513,  479,  864,  620,  855,  103,  500,  827, 1134,  994,  521, 1024,  972,  932,  750,  533,  766, 1041,  325,  834,  470,  649,  456,    0,  618,  445,  274, 1177,  986,  135,  906,  354,  793,  433,  437,  666,  219,  636,  487,  999,  639,  816,  854,  950,  654,  552,  718,  402,  645,  741,  616, 1224,  877,  317,  834,  808,  956,  641,  895,  573,  886,   36,  730,  828,  876,  757, 1211,  640,  674,  456,  875,  975, 1021,  623,  781,  561, 1127,  924,  576, 1021,  335,  757,  649,  947,  637,  474, 1157,  649,  510,  790,  841,  739,  905,  811,  584,  812,  211, 1223,  851,  314, 1025,  955,  850,  784,  814, 1044,  209,  476,  761,  887,  988,  945,  147,  933,  250,  773,  804, 1059, 1102,  885,  696,  958,  502,  579,  754,  515,  771,  256, 1017,  972],
        [  532,    0,  393,  494,  228,  630,  301,  309,  570,   79,  244,  628,  598,  497,  600,  678,  543,  637,  564,  663,  221,  478,  687,  365,  344,  433,  612,  480,  387,  286,  149,  670,  421,  618,    0,  174,  346,  574,  370,  490,  395,  270,  410,  326,  355,  390,  599,  613,  190,  382,   84,  386,  357,  627,  631,  204,  369,  324,  150,  128,  330,  644,  686,  400,  262,  387,  536,   90,  284,   46,  393,  648,  429,  619,  287,  632,  635,   79,  474,  238,  650,  468,  432,  110,  442,  478,  576,  353,  617,  404,  334,  387,  245,  395,  294,  291,  609,  460,  541,  222,  270,  187,  749,  533,  457,  195,  581,  631,  247,  394,  554,  615,  233,  167,  593,  559,  575,  154,  381,  294,  396,  353,  473,  677,  432,  306,  451,  492,  607,  311,  244,  354,  226,  573,  311,  111,  190,  370,  552,  432],
        [  365,    0,  559,  629,   60,  790,  308,  471,  529,  106,  215,  534,  640,  473,  638,  510,  468,  654,  723,  733,  169,  626,  741,  519,  421,  387,  614,  634,  257,  413,   39,  619,  345,  445,  174,    0,  175,  745,  542,  321,  526,   97,  456,  213,  244,  412,  449,  570,  109,  554,  200,  453,  458,  692,  590,  181,  393,  224,  227,  296,  313,  807,  707,  246,  416,  450,  634,  203,  457,  131,  515,  476,  468,  642,  439,  626,  797,  201,  477,  165,  680,  600,  597,  211,  470,  435,  728,  509,  554,  577,  175,  424,  277,  544,  330,  232,  760,  456,  469,  359,  410,  311,  762,  574,  428,  369,  430,  798,  416,  261,  674,  686,  407,  340,  618,  685,  424,   76,  422,  449,  562,  518,  300,  721,  266,  409,  486,  649,  738,  468,  331,  517,  190,  519,  403,   72,  334,  197,  669,  576],
        [  190,    0,  734,  754,  141,  935,  360,  624,  495,  281,  270,  440,  679,  463,  673,  335,  402,  668,  869,  794,  292,  763,  787,  665,  511,  368,  616,  777,  159,  582,  197,  566,  300,  274,  346,  175,    0,  905,  715,  146,  650,   98,  588,  255,  277,  456,  290,  529,  243,  727,  374,  597,  617,  750,  550,  318,  517,  191,  392,  471,  421,  957,  721,  197,  565,  592,  726,  377,  622,  300,  634,  303,  520,  662,  613,  618,  945,  375,  494,  206,  706,  722,  751,  353,  590,  411,  866,  657,  493,  748,  150,  553,  420,  683,  402,  248,  898,  469,  407,  531,  582,  481,  765,  618,  418,  539,  271,  954,  578,  155,  783,  750,  578,  512,  642,  799,  265,  204,  554,  624,  718,  674,  133,  756,  167,  521,  610,  794,  855,  617,  441,  692,  252,  471,  506,  247,  508,   70,  776,  711],
        [ 1079,    0,  326,  308,  800,  158,  658,  285,  875,  652,  691, 1025,  687,  796,  700, 1222,  924,  778,  149,  628,  762,  242,  695,  264,  523,  801,  803,  202,  891,  529,  713,  968,  842, 1177,  574,  745,  905,    0,  273, 1044,  349,  841,  754,  881,  906,  654, 1107,  910,  753,  254,  590,  697,  607,  627,  918,  734,  772,  810,  627,  474,  804,  132,  797,  970,  348,  708,  474,  591,  291,  614,  381, 1204,  628,  753,  440,  838,  137,  585,  728,  733,  747,  328,  165,  555,  806,  822,  208,  268,  956,  220,  906,  759,  701,  273,  608,  744,  219,  735,  917,  511,  489,  551,  860,  660,  785,  387, 1093,   80,  329,  901,  388,  602,  356,  420,  734,  362, 1088,  702,  748,  426,  192,  234, 1037,  725, 1005,  463,  796,  178,  348,  300,  516,  360,  693,  906,  491,  685,  503,  940,  401,  275],
        [  901,    0,   74,  414,  590,  401,  567,  223,  829,  438,  561,  940,  727,  747,  736, 1047,  844,  802,  353,  719,  518,  353,  774,  268,  489,  720,  806,  322,  742,  257,  519,  931,  737,  986,  370,  542,  715,  273,    0,  860,  379,  635,  481,  639,  660,  606,  960,  870,  522,   20,  356,  425,  336,  702,  884,  487,  501,  669,  378,  246,  540,  391,  836,  740,  264,  435,  556,  356,  139,  416,  404, 1017,  607,  779,  168,  837,  390,  353,  694,  583,  789,  412,  231,  399,  533,  754,  399,  259,  899,   53,  683,  486,  439,  309,  528,  616,  426,  691,  839,  245,  218,  291,  904,  678,  722,  180,  943,  350,  189,  751,  506,  680,  142,  205,  754,  492,  937,  520,  476,  154,  206,  201,  841,  788,  785,  420,  524,  314,  509,  252,  431,   91,  554,  848,  447,  473,  244,  735,  514,  344],
        [   50,    0,  879,  874,  282, 1065,  456,  761,  517,  426,  379,  408,  746,  508,  738,  190,  406,  717,  999,  872,  422,  889,  854,  798,  617,  416,  659,  906,  198,  724,  342,  565,  339,  135,  490,  321,  146, 1044,  860,    0,  772,  237,  710,  356,  368,  539,  186,  542,  379,  872,  519,  726,  753,  828,  561,  451,  636,  271,  534,  616,  536, 1089,  769,  256,  700,  719,  826,  522,  764,  445,  752,  161,  603,  716,  758,  653, 1076,  520,  555,  322,  762,  841,  887,  489,  705,  450,  992,  790,  490,  893,  247,  674,  552,  812,  505,  341, 1023,  530,  414,  675,  726,  625,  803,  690,  468,  684,  168, 1089,  719,  188,  893,  831,  722,  656,  699,  911,  163,  345,  676,  769,  854,  812,   62,  818,  194,  638,  727,  925,  968,  751,  561,  837,  367,  483,  620,  392,  653,  152,  884,  837],
        [  797,    0,  450,  105,  585,  306,  335,  160,  527,  467,  395,  684,  357,  449,  368,  932,  583,  442,  246,  342,  615,  125,  395,  113,  181,  463,  459,  155,  593,  537,  488,  620,  514,  906,  395,  526,  650,  349,  379,  772,    0,  614,  744,  716,  746,  310,  798,  562,  580,  371,  456,  700,  631,  323,  570,  598,  728,  510,  520,  372,  714,  338,  468,  771,  154,  707,  180,  461,  254,  415,   33,  928,  279,  417,  468,  493,  324,  450,  380,  451,  419,   75,  197,  316,  789,  479,  224,  121,  609,  358,  700,  733,  616,   81,  283,  439,  253,  387,  575,  482,  497,  491,  535,  318,  442,  309,  786,  359,  227,  603,  162,  302,  314,  330,  395,  165,  782,  460,  724,  462,  194,  180,  781,  412,  786,  136,  789,  179,  214,  133,  211,  449,  405,  559,  159,  490,  455,  702,  163,   77],
        [  284,    0,  648,  718,   46,  884,  363,  566,  545,  197,  267,  517,  694,  501,  690,  425,  466,  696,  818,  797,  196,  718,  799,  614,  495,  408,  650,  728,  230,  487,  130,  626,  351,  354,  270,   97,   98,  841,  635,  237,  614,    0,  493,  178,  205,  466,  387,  583,  146,  648,  286,  500,  520,  755,  604,  221,  422,  230,  297,  389,  329,  902,  750,  166,  511,  495,  711,  288,  553,  228,  601,  386,  526,  687,  523,  657,  892,  287,  518,  205,  729,  688,  693,  302,  497,  455,  820,  604,  556,  672,   97,  458,  323,  636,  395,  265,  853,  495,  469,  439,  490,  389,  800,  630,  455,  464,  368,  894,  513,  229,  757,  752,  502,  434,  664,  770,  361,  154,  458,  535,  657,  614,  208,  774,  173,  492,  516,  743,  824,  562,  413,  605,  244,  527,  482,  162,  418,  101,  752,  668],
        [  759,    0,  435,  823,  456,  875,  708,  602,  967,  392,  637,  990, 1005,  900, 1008,  886,  920, 1046,  820, 1056,  298,  782, 1088,  667,  745,  826, 1021,  764,  710,  228,  469, 1064,  796,  793,  410,  456,  588,  754,  481,  710,  744,  493,    0,  361,  359,  800,  877, 1010,  354,  500,  327,   59,  150, 1023, 1029,  277,   76,  678,  261,  374,  178,  869, 1095,  478,  591,   47,  912,  321,  520,  430,  754,  828,  838, 1029,  316, 1041,  867,  332,  883,  607, 1058,  807,  682,  519,   53,  873,  856,  654, 1003,  534,  464,   36,  180,  709,  704,  672,  886,  867,  920,  266,  270,  254, 1158,  941,  858,  439,  858,  831,  525,  712,  903, 1009,  446,  415, 1003,  899,  852,  504,   35,  329,  648,  619,  661, 1083,  545,  695,   46,  765,  935,  622,  647,  395,  614,  964,  708,  405,  291,  559,  906,  750],
