{
    "name": "random-34-13573",
    "comment": "size=34 seed=13573",
    "nodes": ["+0", "-0", "+1", "-1", "+2", "-2", "+3", "-3", "+4", "-4", "+5", "-5", "+6", "-6", "+7", "-7", "+8", "-8", "+9", "-9", "+10", "-10", "+11", "-11", "+12", "-12", "+13", "-13", "+14", "-14", "+15", "-15", "+16", "-16", "+17", "-17", "+18", "-18", "+19", "-19", "+20", "-20", "+21", "-21", "+22", "-22", "+23", "-23", "+24", "-24", "+25", "-25", "+26", "-26", "+27", "-27", "+28", "-28", "+29", "-29", "+30", "-30", "+31", "-31", "+32", "-32", "+33", "-33", "+34", "-34"],
    "precedence": {
        "+0": "-0",
        "+1": "-1",
        "+2": "-2",
        "+3": "-3",
        "+4": "-4",
        "+5": "-5",
        "+6": "-6",
        "+7": "-7",
        "+8": "-8",
        "+9": "-9",
        "+10": "-10",
        "+11": "-11",
        "+12": "-12",
        "+13": "-13",
        "+14": "-14",
        "+15": "-15",
        "+16": "-16",
        "+17": "-17",
        "+18": "-18",
        "+19": "-19",
        "+20": "-20",
        "+21": "-21",
        "+22": "-22",
        "+23": "-23",
        "+24": "-24",
        "+25": "-25",
        "+26": "-26",
        "+27": "-27",
        "+28": "-28",
        "+29": "-29",
        "+30": "-30",
        "+31": "-31",
        "+32": "-32",
        "+33": "-33",
        "+34": "-34"
    },
    "edges": [
        [    0,    0,  165,  536,  389,  592,  395,  168,  562,  103,  703,  305,  612,  629,  380,  851,  578,  496,  655,  586,  313,  172,  177,  536,  451,  496,  440,  626,  516,  359,  463,  651,  771,  638,  284,  584,  286,  504,  153,  604,  641,  295,  583,  656,  482,  571,  533,  508,  199,  229,  282,  343,  849,  556,  799,  366,  513,  637,  263,  369,  627,  288,  523,  725,  599,  600,  500,  412,  165,  498],
        [    0,    0,  165,  536,  389,  592,  395,  168,  562,  103,  703,  305,  612,  629,  380,  851,  578,  496,  655,  586,  313,  172,  177,  536,  451,  496,  440,  626,  516,  359,  463,  651,  771,  638,  284,  584,  286,  504,  153,  604,  641,  295,  583,  656,  482,  571,  533,  508,  199,  229,  282,  343,  849,  556,  799,  366,  513,  637,  263,  369,  627,  288,  523,  725,  599,  600,  500,  412,  165,  498],
        [  165,  165,    0,  494,  230,  428,  384,  320,  457,  250,  549,  296,  497,  479,  238,  709,  443,  339,  522,  538,  271,  335,  328,  593,  301,  411,  509,  564,  559,  280,  408,  539,  657,  515,  204,  443,  312,  370,  261,  479,  517,  167,  580,  498,  538,  606,  444,  446,  190,  267,  389,  367,  703,  512,  659,  226,  489,  479,  266,  426,  534,  126,  423,  562,  495,  436,  401,  474,  165,  336],
        [  536,  536,  494,    0,  446,  624,  877,  541,  222,  631,  530,  788,  920,  805,  368,  554,  354,  452,  375,   53,  228,  604,  539,  332,  403,  149,  338,  109,  272,  222,   91,  963,  362,  317,  292,  382,  795,  331,  688,  884,  330,  628,  148,  774,  304,  268,  905,  928,  339,  743,  816,  852,  579,   22, 1002,  652,   57,  525,  276,  298,  198,  464,  197,  756,  935,  591,  857,  311,  647,  512],
        [  389,  389,  230,  446,    0,  227,  532,  525,  310,  480,  320,  462,  479,  364,   79,  488,  242,  110,  319,  472,  297,  553,  531,  667,   84,  312,  607,  473,  617,  242,  359,  521,  477,  330,  217,  233,  500,  180,  487,  440,  327,  245,  575,  348,  615,  649,  483,  527,  305,  469,  610,  545,  478,  457,  562,  232,  468,  250,  349,  522,  397,  105,  293,  371,  499,  221,  434,  568,  372,  115],
        [  592,  592,  428,  624,  227,    0,  611,  742,  432,  670,  237,  568,  407,  216,  288,  426,  306,  173,  350,  637,  516,  762,  749,  883,  227,  477,  829,  619,  830,  451,  546,  440,  519,  395,  441,  279,  622,  296,  659,  356,  385,  356,  766,  158,  833,  856,  468,  542,  531,  608,  767,  653,  398,  629,  395,  296,  658,  164,  574,  746,  512,  309,  437,  145,  446,   48,  425,  790,  529,  120],
        [  395,  395,  384,  877,  532,  611,    0,  529,  822,  361,  818,   92,  360,  505,  581, 1004,  773,  627,  850,  921,  652,  491,  540,  930,  616,  789,  834,  945,  907,  662,  791,  382, 1006,  860,  587,  763,  121,  708,  287,  387,  858,  288,  954,  573,  876,  960,  240,  163,  555,  174,  280,   86,  986,  895,  591,  322,  869,  738,  631,  761,  904,  449,  793,  686,  321,  646,  243,  806,  239,  587],
        [  168,  168,  320,  541,  525,  742,  529,    0,  629,  170,  823,  446,  777,  794,  498,  951,  677,  625,  748,  594,  353,   66,   11,  439,  574,  547,  340,  645,  436,  422,  490,  816,  837,  719,  365,  688,  411,  605,  246,  771,  725,  462,  544,  818,  393,  495,  694,  660,  253,  356,  332,  462,  956,  562,  966,  533,  504,  765,  278,  293,  677,  434,  587,  879,  762,  744,  663,  324,  321,  639],
        [  562,  562,  457,  222,  310,  432,  822,  629,    0,  665,  309,  742,  781,  633,  244,  350,  137,  270,  156,  216,  278,  682,  630,  542,  239,   94,  528,  189,  483,  209,  181,  822,  210,  103,  279,  166,  766,  142,  702,  739,  115,  542,  368,  589,  506,  487,  793,  834,  380,  723,  835,  819,  369,  219,  824,  541,  272,  311,  357,  465,   88,  374,   43,  553,  805,  393,  744,  493,  621,  334],
        [  103,  103,  250,  631,  480,  670,  361,  170,  665,    0,  797,  280,  633,  681,  478,  950,  678,  588,  756,  682,  411,  134,  180,  594,  547,  597,  495,  724,  583,  460,  561,  669,  873,  739,  387,  683,  242,  604,   77,  634,  743,  343,  666,  718,  544,  640,  539,  498,  297,  188,  187,  293,  947,  652,  837,  417,  605,  729,  356,  434,  729,  376,  625,  797,  612,  683,  513,  473,  173,  585],
        [  703,  703,  549,  530,  320,  237,  818,  823,  309,  797,    0,  761,  643,  447,  326,  192,  179,  210,  166,  523,  515,  859,  827,  841,  252,  389,  811,  486,  782,  436,  476,  676,  309,  226,  467,  155,  807,  232,  806,  592,  212,  539,  676,  377,  799,  792,  701,  770,  577,  782,  929,  847,  168,  527,  604,  497,  578,   81,  590,  738,  363,  425,  335,  293,  682,  190,  656,  774,  688,  233],
        [  305,  305,  296,  788,  462,  568,   92,  446,  742,  280,  761,    0,  384,  494,  504,  943,  702,  562,  780,  832,  562,  413,  456,  839,  545,  705,  744,  859,  816,  575,  702,  414,  932,  786,  499,  694,   64,  634,  210,  400,  784,  223,  863,  554,  785,  869,  274,  220,  464,   96,  240,   86,  928,  806,  609,  273,  779,  683,  540,  670,  823,  372,  711,  660,  353,  599,  261,  715,  147,  529],
        [  612,  612,  497,  920,  479,  407,  360,  777,  781,  633,  643,  384,    0,  210,  555,  832,  680,  519,  741,  949,  734,  763,  787, 1086,  543,  790, 1005,  951, 1047,  703,  830,   44,  912,  775,  650,  659,  446,  641,  578,   52,  767,  331, 1038,  290, 1030, 1089,  123,  211,  681,  473,  623,  440,  801,  932,  232,  279,  935,  568,  753,  921,  868,  463,  769,  411,   50,  454,  124,  969,  461,  457],
        [  629,  629,  479,  805,  364,  216,  505,  794,  633,  681,  447,  494,  210,    0,  442,  631,  515,  364,  565,  825,  656,  797,  803, 1025,  404,  663,  956,  816,  977,  605,  720,  235,  734,  607,  572,  490,  556,  493,  647,  159,  598,  339,  938,   81,  971, 1011,  304,  391,  636,  564,  726,  570,  598,  813,  198,  265,  831,  378,  695,  871,  717,  396,  631,  202,  256,  264,  274,  918,  514,  300],
        [  380,  380,  238,  368,   79,  288,  581,  498,  244,  478,  326,  504,  555,  442,    0,  473,  206,  133,  285,  395,  229,  534,  503,  597,   77,  236,  542,  398,  545,  166,  280,  598,  428,  283,  156,  206,  535,  133,  498,  518,  282,  299,  497,  421,  546,  574,  554,  592,  259,  497,  627,  585,  470,  378,  639,  300,  390,  269,  290,  459,  330,  133,  222,  432,  574,  272,  505,  502,  396,  169],
        [  851,  851,  709,  554,  488,  426, 1004,  951,  350,  950,  192,  943,  832,  631,  473,    0,  275,  382,  205,  530,  614,  996,  954,  885,  409,  443,  876,  477,  825,  536,  529,  863,  222,  248,  587,  268,  985,  349,  969,  781,  237,  721,  691,  557,  852,  821,  892,  960,  699,  956, 1096, 1028,   44,  545,  774,  684,  610,  271,  693,  814,  359,  590,  390,  458,  872,  380,  847,  842,  859,  418],
        [  578,  578,  443,  354,  242,  306,  773,  677,  137,  678,  179,  702,  680,  515,  206,  275,    0,  163,   80,  353,  347,  721,  680,  662,  158,  211,  635,  324,  603,  268,  297,  719,  238,   96,  313,   30,  736,   75,  702,  634,   89,  486,  501,  464,  621,  614,  708,  761,  425,  701,  831,  784,  280,  353,  700,  467,  400,  175,  426,  564,  209,  333,  158,  418,  710,  263,  660,  598,  601,  224],
        [  496,  496,  339,  452,  110,  173,  627,  625,  270,  588,  210,  562,  519,  364,  133,  382,  163,    0,  231,  466,  355,  657,  630,  716,   58,  305,  667,  453,  661,  284,  373,  559,  399,  258,  288,  144,  604,  129,  597,  474,  251,  341,  593,  324,  667,  685,  547,  602,  391,  575,  720,  647,  370,  458,  556,  311,  486,  142,  420,  586,  355,  215,  268,  311,  548,  146,  499,  628,  480,   65],
        [  655,  655,  522,  375,  319,  350,  850,  748,  156,  756,  166,  780,  741,  565,  285,  205,   80,  231,    0,  363,  409,  794,  751,  698,  235,  247,  681,  322,  638,  331,  335,  778,  172,   62,  384,   88,  815,  153,  781,  693,   48,  563,  520,  506,  661,  642,  776,  832,  495,  780,  910,  863,  217,  370,  741,  541,  427,  196,  489,  615,  198,  412,  192,  443,  773,  303,  728,  645,  680,  287],
        [  586,  586,  538,   53,  472,  637,  921,  594,  216,  682,  523,  832,  949,  825,  395,  530,  353,  466,  363,    0,  276,  656,  591,  365,  422,  163,  381,   62,  306,  261,  131,  992,  328,  302,  335,  381,  842,  341,  738,  912,  316,  666,  162,  790,  343,  294,  940,  966,  389,  791,  867,  899,  558,   32, 1021,  685,  101,  527,  328,  347,  172,  499,  201,  764,  967,  601,  892,  356,  694,  528],
        [  313,  313,  271,  228,  297,  516,  652,  353,  278,  411,  515,  562,  734,  656,  229,  614,  347,  355,  409,  276,    0,  408,  353,  371,  297,  195,  313,  314,  322,   80,  151,  777,  485,  372,   85,  365,  567,  284,  464,  705,  380,  420,  311,  644,  318,  358,  702,  714,  115,  515,  594,  625,  624,  248,  852,  457,  218,  476,   80,  232,  326,  272,  236,  660,  741,  498,  656,  274,  420,  397],
        [  172,  172,  335,  604,  553,  762,  491,   66,  682,  134,  859,  413,  763,  797,  534,  996,  721,  657,  794,  656,  408,    0,   72,  501,  608,  602,  403,  706,  501,  473,  549,  800,  890,  768,  410,  730,  371,  647,  205,  761,  774,  460,  610,  827,  456,  559,  672,  631,  302,  319,  273,  419,  998,  625,  961,  533,  567,  798,  336,  358,  733,  456,  640,  896,  744,  768,  644,  388,  302,  665],
        [  177,  177,  328,  539,  531,  749,  540,   11,  630,  180,  827,  456,  787,  803,  503,  954,  680,  630,  751,  591,  353,   72,    0,  430,  579,  547,  332,  643,  429,  424,  489,  826,  837,  721,  367,  691,  421,  608,  257,  781,  727,  471,  539,  826,  385,  487,  704,  671,  256,  367,  341,  472,  959,  560,  975,  542,  500,  770,  277,  286,  677,  441,  588,  887,  772,  750,  673,  316,  331,  645],
        [  536,  536,  593,  332,  667,  883,  930,  439,  542,  594,  841,  839, 1086, 1025,  597,  885,  662,  716,  698,  365,  371,  501,  430,    0,  659,  454,   99,  425,   61,  433,  366, 1129,  692,  643,  453,  687,  820,  619,  669, 1063,  656,  759,  216, 1014,   56,   88, 1036, 1030,  405,  764,  769,  877,  908,  344, 1220,  809,  276,  821,  334,  170,  529,  634,  509, 1026, 1087,  861,  994,  124,  694,  764],
        [  451,  451,  301,  403,   84,  227,  616,  574,  239,  547,  252,  545,  543,  404,   77,  409,  158,   58,  235,  422,  297,  608,  579,  659,    0,  259,  609,  414,  605,  226,  322,  584,  394,  248,  230,  150,  582,  101,  561,  501,  244,  328,  541,  371,  610,  630,  559,  606,  335,  549,  687,  629,  402,  411,  599,  312,  434,  192,  363,  528,  326,  182,  229,  367,  568,  203,  510,  570,  451,  109],
        [  496,  496,  411,  149,  312,  477,  789,  547,   94,  597,  389,  705,  790,  663,  236,  443,  211,  305,  247,  163,  195,  602,  547,  454,  259,    0,  435,  163,  395,  138,   89,  833,  291,  196,  215,  237,  722,  183,  642,  752,  207,  521,  295,  628,  415,  404,  788,  819,  305,  675,  774,  777,  461,  153,  858,  532,  191,  378,  271,  372,  132,  351,   56,  608,  809,  443,  739,  400,  575,  366],
        [  440,  440,  509,  338,  607,  829,  834,  340,  528,  495,  811,  744, 1005,  956,  542,  876,  635,  667,  681,  381,  313,  403,  332,   99,  609,  435,    0,  442,  108,  385,  347, 1048,  698,  630,  390,  658,  724,  583,  571,  984,  641,  675,  259,  952,   58,  164,  950,  939,  325,  667,  670,  780,  896,  355, 1150,  730,  282,  783,  261,   86,  530,  562,  490,  973, 1003,  811,  909,   40,  600,  710],
        [  626,  626,  564,  109,  473,  619,  945,  645,  189,  724,  486,  859,  951,  816,  398,  477,  324,  453,  322,   62,  314,  706,  643,  425,  414,  163,  442,    0,  367,  285,  164,  993,  270,  261,  361,  353,  872,  325,  777,  912,  275,  682,  218,  775,  404,  351,  950,  981,  428,  823,  907,  928,  507,   90, 1009,  695,  162,  498,  373,  407,  125,  513,  186,  741,  971,  581,  901,  417,  724,  517],
        [  516,  516,  559,  272,  617,  830,  907,  436,  483,  583,  782,  816, 1047,  977,  545,  825,  603,  661,  638,  306,  322,  501,  429,   61,  605,  395,  108,  367,    0,  380,  307, 1090,  632,  583,  406,  629,  802,  562,  656, 1021,  596,  722,  163,  964,   51,   59, 1002, 1000,  369,  745,  763,  859,  848,  284, 1174,  769,  216,  763,  295,  149,  469,  590,  449,  972, 1050,  807,  959,  113,  669,  711],
        [  359,  359,  280,  222,  242,  451,  662,  422,  209,  460,  436,  575,  703,  605,  166,  536,  268,  284,  331,  261,   80,  473,  424,  433,  226,  138,  385,  285,  380,    0,  133,  746,  418,  297,   78,  285,  589,  205,  504,  670,  305,  406,  337,  586,  384,  408,  684,  706,  172,  540,  636,  645,  545,  238,  803,  431,  233,  399,  159,  306,  269,  243,  167,  593,  715,  429,  636,  346,  440,  331],
        [  463,  463,  408,   91,  359,  546,  791,  490,  181,  561,  476,  702,  830,  720,  280,  529,  297,  373,  335,  131,  151,  549,  489,  366,  322,   89,  347,  164,  307,  133,    0,  873,  364,  283,  204,  323,  712,  261,  614,  795,  295,  539,  220,  692,  327,  319,  815,  838,  265,  662,  744,  769,  549,  106,  917,  561,  113,  460,  214,  288,  195,  374,  144,  682,  845,  516,  767,  313,  564,  430],
        [  651,  651,  539,  963,  521,  440,  382,  816,  822,  669,  676,  414,   44,  235,  598,  863,  719,  559,  778,  992,  777,  800,  826, 1129,  584,  833, 1048,  993, 1090,  746,  873,    0,  949,  814,  694,  697,  475,  682,  612,   86,  806,  373, 1082,  314, 1073, 1132,  143,  225,  725,  505,  650,  463,  831,  975,  219,  322,  978,  603,  796,  964,  909,  507,  811,  433,   62,  488,  157, 1012,  498,  496],
        [  771,  771,  657,  362,  477,  519, 1006,  837,  210,  873,  309,  932,  912,  734,  428,  222,  238,  399,  172,  328,  485,  890,  837,  692,  394,  291,  698,  270,  632,  418,  364,  949,    0,  147,  488,  255,  962,  299,  908,  864,  150,  720,  487,  673,  666,  620,  945,  998,  589,  922, 1040, 1012,  260,  348,  906,  705,  419,  360,  562,  648,  170,  560,  251,  600,  944,  471,  897,  668,  820,  457],
        [  638,  638,  515,  317,  330,  395,  860,  719,  103,  739,  226,  786,  775,  607,  283,  248,   96,  258,   62,  302,  372,  768,  721,  643,  248,  196,  630,  261,  583,  297,  283,  814,  147,    0,  359,  118,  817,  152,  770,  729,   14,  574,  461,  553,  608,  584,  803,  854,  467,  779,  901,  867,  267,  311,  789,  559,  370,  250,  452,  567,  137,  415,  143,  498,  805,  350,  754,  595,  677,  319],
        [  284,  284,  204,  292,  217,  441,  587,  365,  279,  387,  467,  499,  650,  572,  156,  587,  313,  288,  384,  335,   85,  410,  367,  453,  230,  215,  390,  361,  406,   78,  204,  694,  488,  359,    0,  325,  511,  242,  427,  621,  364,  341,  391,  563,  400,  443,  622,  638,  113,  463,  560,  568,  592,  309,  768,  374,  293,  419,  134,  306,  344,  187,  239,  586,  659,  427,  575,  351,  363,  323],
        [  584,  584,  443,  382,  233,  279,  763,  688,  166,  683,  155,  694,  659,  490,  206,  268,   30,  144,   88,  381,  365,  730,  691,  687,  150,  237,  658,  353,  629,  285,  323,  697,  255,  118,  325,    0,  731,   84,  703,  612,  109,  476,  529,  437,  645,  640,  690,  745,  437,  697,  831,  778,  268,  381,  673,  453,  428,  146,  442,  585,  237,  329,  185,  390,  690,  235,  642,  620,  598,  203],
        [  286,  286,  312,  795,  500,  622,  121,  411,  766,  242,  807,   64,  446,  556,  535,  985,  736,  604,  815,  842,  567,  371,  421,  820,  582,  722,  724,  872,  802,  589,  712,  475,  962,  817,  511,  731,    0,  666,  167,  463,  816,  270,  861,  614,  768,  856,  334,  272,  463,   57,  177,   59,  971,  814,  672,  327,  782,  729,  536,  654,  845,  404,  734,  718,  414,  650,  323,  697,  149,  575],
        [  504,  504,  370,  331,  180,  296,  708,  605,  142,  604,  232,  634,  641,  493,  133,  349,   75,  129,  153,  341,  284,  647,  608,  619,  101,  183,  583,  325,  562,  205,  261,  682,  299,  152,  242,   84,  666,    0,  628,  598,  151,  422,  476,  451,  574,  578,  659,  705,  354,  630,  758,  716,  351,  335,  684,  411,  371,  202,  360,  508,  228,  264,  141,  425,  667,  261,  610,  545,  529,  193],
        [  153,  153,  261,  688,  487,  659,  287,  246,  702,   77,  806,  210,  578,  647,  498,  969,  702,  597,  781,  738,  464,  205,  257,  669,  561,  642,  571,  777,  656,  504,  614,  612,  908,  770,  427,  703,  167,  628,    0,  584,  772,  315,  733,  690,  618,  713,  478,  430,  350,  116,  133,  216,  962,  708,  791,  387,  666,  734,  416,  507,  771,  382,  665,  778,  554,  677,  456,  547,  135,  585],
        [  604,  604,  479,  884,  440,  356,  387,  771,  739,  634,  592,  400,   52,  159,  518,  781,  634,  474,  693,  912,  705,  761,  781, 1063,  501,  752,  984,  912, 1021,  670,  795,   86,  864,  729,  621,  612,  463,  598,  584,    0,  721,  315, 1006,  239, 1007, 1062,  158,  248,  660,  484,  639,  462,  750,  896,  210,  255,  902,  518,  729,  899,  825,  434,  729,  360,   99,  404,  144,  947,  461,  411],
        [  641,  641,  517,  330,  327,  385,  858,  725,  115,  743,  212,  784,  767,  598,  282,  237,   89,  251,   48,  316,  380,  774,  727,  656,  244,  207,  641,  275,  596,  305,  295,  806,  150,   14,  364,  109,  816,  151,  772,  721,    0,  571,  475,  542,  620,  597,  796,  849,  473,  779,  903,  866,  255,  324,  778,  555,  383,  238,  460,  578,  151,  414,  153,  485,  798,  339,  748,  607,  678,  311],
        [  295,  295,  167,  628,  245,  356,  288,  462,  542,  343,  539,  223,  331,  339,  299,  721,  486,  341,  563,  666,  420,  460,  471,  759,  328,  521,  675,  682,  722,  406,  539,  373,  720,  574,  341,  476,  270,  422,  315,  315,  571,    0,  730,  377,  703,  767,  283,  300,  354,  253,  413,  308,  705,  644,  505,   75,  633,  460,  428,  592,  627,  171,  517,  465,  329,  381,  238,  640,  180,  306],
        [  583,  583,  580,  148,  575,  766,  954,  544,  368,  666,  676,  863, 1038,  938,  497,  691,  501,  593,  520,  162,  311,  610,  539,  216,  541,  295,  259,  218,  163,  337,  220, 1082,  487,  461,  391,  529,  861,  476,  733, 1006,  475,  730,    0,  912,  209,  136, 1012, 1024,  400,  806,  853,  919,  719,  151, 1135,  763,  108,  672,  325,  259,  334,  576,  344,  900, 1049,  735,  965,  247,  718,  650],
        [  656,  656,  498,  774,  348,  158,  573,  818,  589,  718,  377,  554,  290,   81,  421,  557,  464,  324,  506,  790,  644,  827,  826, 1014,  371,  628,  952,  775,  964,  586,  692,  314,  673,  553,  563,  437,  614,  451,  690,  239,  542,  377,  912,    0,  962,  994,  382,  467,  638,  616,  779,  632,  523,  781,  237,  303,  805,  314,  692,  867,  670,  399,  591,  122,  336,  203,  349,  913,  556,  263],
        [  482,  482,  538,  304,  615,  833,  876,  393,  506,  544,  799,  785, 1030,  971,  546,  852,  621,  667,  661,  343,  318,  456,  385,   56,  610,  415,   58,  404,   51,  384,  327, 1073,  666,  608,  400,  645,  768,  574,  618, 1007,  620,  703,  209,  962,    0,  107,  980,  974,  350,  711,  721,  824,  874,  319, 1166,  753,  247,  775,  279,  115,  500,  579,  470,  976, 1031,  812,  939,   71,  639,  713],
        [  571,  571,  606,  268,  649,  856,  960,  495,  487,  640,  792,  869, 1089, 1011,  574,  821,  614,  685,  642,  294,  358,  559,  487,   88,  630,  404,  164,  351,   59,  408,  319, 1132,  620,  584,  443,  640,  856,  578,  713, 1062,  597,  767,  136,  994,  107,    0, 1048, 1049,  416,  800,  821,  914,  847,  277, 1208,  811,  215,  779,  341,  206,  463,  629,  457,  995, 1094,  829, 1004,  172,  722,  737],
        [  533,  533,  444,  905,  483,  468,  240,  694,  793,  539,  701,  274,  123,  304,  554,  892,  708,  547,  776,  940,  702,  672,  704, 1036,  559,  788,  950,  950, 1002,  684,  815,  143,  945,  803,  622,  690,  334,  659,  478,  158,  796,  283, 1012,  382,  980, 1048,    0,   91,  633,  367,  509,  321,  865,  920,  354,  256,  913,  622,  708,  868,  880,  442,  775,  503,   82,  513,   50,  915,  373,  491],
        [  508,  508,  446,  928,  527,  542,  163,  660,  834,  498,  770,  220,  211,  391,  592,  960,  761,  602,  832,  966,  714,  631,  671, 1030,  606,  819,  939,  981, 1000,  706,  838,  225,  998,  854,  638,  745,  272,  705,  430,  248,  849,  300, 1024,  467,  974, 1049,   91,    0,  634,  315,  441,  248,  936,  943,  441,  295,  930,  690,  711,  860,  921,  469,  813,  588,  166,  584,  120,  907,  344,  550],
        [  199,  199,  190,  339,  305,  531,  555,  253,  380,  297,  577,  464,  681,  636,  259,  699,  425,  391,  495,  389,  115,  302,  256,  405,  335,  305,  325,  428,  369,  172,  265,  725,  589,  467,  113,  437,  463,  354,  350,  660,  473,  354,  400,  638,  350,  416,  633,  634,    0,  409,  480,  521,  704,  359,  826,  405,  320,  526,   77,  240,  436,  241,  339,  675,  682,  523,  590,  288,  318,  417],
        [  229,  229,  267,  743,  469,  608,  174,  356,  723,  188,  782,   96,  473,  564,  497,  956,  701,  575,  780,  791,  515,  319,  367,  764,  549,  675,  667,  823,  745,  540,  662,  505,  922,  779,  463,  697,   57,  630,  116,  484,  779,  253,  806,  616,  711,  800,  367,  315,  409,    0,  163,  115,  944,  762,  693,  319,  728,  705,  482,  597,  800,  369,  689,  714,  445,  633,  350,  640,  102,  552],
        [  282,  282,  389,  816,  610,  767,  280,  332,  835,  187,  929,  240,  623,  726,  627, 1096,  831,  720,  910,  867,  594,  273,  341,  769,  687,  774,  670,  907,  763,  636,  744,  650, 1040,  901,  560,  831,  177,  758,  133,  639,  903,  413,  853,  779,  721,  821,  509,  441,  480,  163,    0,  194, 1087,  837,  848,  481,  791,  854,  542,  616,  904,  507,  797,  876,  589,  789,  499,  651,  242,  702],
        [  343,  343,  367,  852,  545,  653,   86,  462,  819,  293,  847,   86,  440,  570,  585, 1028,  784,  647,  863,  899,  625,  419,  472,  877,  629,  777,  780,  928,  859,  645,  769,  463, 1012,  867,  568,  778,   59,  716,  216,  462,  866,  308,  919,  632,  824,  914,  321,  248,  521,  115,  194,    0, 1013,  871,  669,  358,  840,  768,  594,  711,  898,  453,  787,  741,  402,  684,  319,  754,  206,  614],
        [  849,  849,  703,  579,  478,  398,  986,  956,  369,  947,  168,  928,  801,  598,  470,   44,  280,  370,  217,  558,  624,  998,  959,  908,  402,  461,  896,  507,  848,  545,  549,  831,  260,  267,  592,  268,  971,  351,  962,  750,  255,  705,  719,  523,  874,  847,  865,  936,  704,  944, 1087, 1013,    0,  571,  736,  664,  634,  248,  703,  831,  386,  581,  407,  421,  842,  353,  821,  861,  849,  400],
        [  556,  556,  512,   22,  457,  629,  895,  562,  219,  652,  527,  806,  932,  813,  378,  545,  353,  458,  370,   32,  248,  625,  560,  344,  411,  153,  355,   90,  284,  238,  106,  975,  348,  311,  309,  381,  814,  335,  708,  896,  324,  644,  151,  781,  319,  277,  920,  943,  359,  762,  837,  871,  571,    0, 1010,  665,   73,  526,  297,  318,  187,  478,  198,  760,  948,  595,  872,  328,  666,  518],
        [  799,  799,  659, 1002,  562,  395,  591,  966,  824,  837,  604,  609,  232,  198,  639,  774,  700,  556,  741, 1021,  852,  961,  975, 1220,  599,  858, 1150, 1009, 1174,  803,  917,  219,  906,  789,  768,  673,  672,  684,  791,  210,  778,  505, 1135,  237, 1166, 1208,  354,  441,  826,  693,  848,  669,  736, 1010,    0,  435, 1028,  547,  889, 1064,  906,  588,  824,  316,  276,  439,  351, 1111,  664,  493],
        [  366,  366,  226,  652,  232,  296,  322,  533,  541,  417,  497,  273,  279,  265,  300,  684,  467,  311,  541,  685,  457,  533,  542,  809,  312,  532,  730,  695,  769,  431,  561,  322,  705,  559,  374,  453,  327,  411,  387,  255,  555,   75,  763,  303,  753,  811,  256,  295,  405,  319,  481,  358,  664,  665,  435,    0,  662,  417,  475,  645,  628,  189,  521,  396,  286,  327,  207,  693,  253,  266],
        [  513,  513,  489,   57,  468,  658,  869,  504,  272,  605,  578,  779,  935,  831,  390,  610,  400,  486,  427,  101,  218,  567,  500,  276,  434,  191,  282,  162,  216,  233,  113,  978,  419,  370,  293,  428,  782,  371,  666,  902,  383,  633,  108,  805,  247,  215,  913,  930,  320,  728,  791,  840,  634,   73, 1028,  662,    0,  569,  251,  247,  254,  474,  243,  794,  947,  628,  866,  256,  636,  543],
        [  637,  637,  479,  525,  250,  164,  738,  765,  311,  729,   81,  683,  568,  378,  269,  271,  175,  142,  196,  527,  476,  798,  770,  821,  192,  378,  783,  498,  763,  399,  460,  603,  360,  250,  419,  146,  729,  202,  734,  518,  238,  460,  672,  314,  775,  779,  622,  690,  526,  705,  854,  768,  248,  526,  547,  417,  569,    0,  548,  705,  380,  354,  329,  248,  606,  116,  577,  744,  614,  155],
        [  263,  263,  266,  276,  349,  574,  631,  278,  357,  356,  590,  540,  753,  695,  290,  693,  426,  420,  489,  328,   80,  336,  277,  334,  363,  271,  261,  373,  295,  159,  214,  796,  562,  452,  134,  442,  536,  360,  416,  729,  460,  428,  325,  692,  279,  341,  708,  711,   77,  482,  542,  594,  703,  297,  889,  475,  251,  548,    0,  176,  400,  301,  315,  719,  755,  561,  665,  223,  394,  456],
        [  369,  369,  426,  298,  522,  746,  761,  293,  465,  434,  738,  670,  921,  871,  459,  814,  564,  586,  615,  347,  232,  358,  286,  170,  528,  372,   86,  407,  149,  306,  288,  964,  648,  567,  306,  585,  654,  508,  507,  899,  578,  592,  259,  867,  115,  206,  868,  860,  240,  597,  616,  711,  831,  318, 1064,  645,  247,  705,  176,    0,  479,  476,  425,  890,  920,  729,  826,   49,  525,  627],
        [  627,  627,  534,  198,  397,  512,  904,  677,   88,  729,  363,  823,  868,  717,  330,  359,  209,  355,  198,  172,  326,  733,  677,  529,  326,  132,  530,  125,  469,  269,  195,  909,  170,  137,  344,  237,  845,  228,  771,  825,  151,  627,  334,  670,  500,  463,  880,  921,  436,  800,  904,  898,  386,  187,  906,  628,  254,  380,  400,  479,    0,  458,  112,  626,  893,  471,  831,  499,  698,  419],
        [  288,  288,  126,  464,  105,  309,  449,  434,  374,  376,  425,  372,  463,  396,  133,  590,  333,  215,  412,  499,  272,  456,  441,  634,  182,  351,  562,  513,  590,  243,  374,  507,  560,  415,  187,  329,  404,  264,  382,  434,  414,  171,  576,  399,  579,  629,  442,  469,  241,  369,  507,  453,  581,  478,  588,  189,  474,  354,  301,  476,  458,    0,  347,  448,  474,  313,  394,  524,  270,  211],
        [  523,  523,  423,  197,  293,  437,  793,  587,   43,  625,  335,  711,  769,  631,  222,  390,  158,  268,  192,  201,  236,  640,  588,  509,  229,   56,  490,  186,  449,  167,  144,  811,  251,  143,  239,  185,  734,  141,  665,  729,  153,  517,  344,  591,  470,  457,  775,  813,  339,  689,  797,  787,  407,  198,  824,  521,  243,  329,  315,  425,  112,  347,    0,  564,  791,  400,  726,  454,  588,  332],
        [  725,  725,  562,  756,  371,  145,  686,  879,  553,  797,  293,  660,  411,  202,  432,  458,  418,  311,  443,  764,  660,  896,  887, 1026,  367,  608,  973,  741,  972,  593,  682,  433,  600,  498,  586,  390,  718,  425,  778,  360,  485,  465,  900,  122,  976,  995,  503,  588,  675,  714,  876,  741,  421,  760,  316,  396,  794,  248,  719,  890,  626,  448,  564,    0,  458,  167,  469,  934,  644,  264],
        [  599,  599,  495,  935,  499,  446,  321,  762,  805,  612,  682,  353,   50,  256,  574,  872,  710,  548,  773,  967,  741,  744,  772, 1087,  568,  809, 1003,  971, 1050,  715,  845,   62,  944,  805,  659,  690,  414,  667,  554,   99,  798,  329, 1049,  336, 1031, 1094,   82,  166,  682,  445,  589,  402,  842,  948,  276,  286,  947,  606,  755,  920,  893,  474,  791,  458,    0,  492,  100,  968,  443,  488],
        [  600,  600,  436,  591,  221,   48,  646,  744,  393,  683,  190,  599,  454,  264,  272,  380,  263,  146,  303,  601,  498,  768,  750,  861,  203,  443,  811,  581,  807,  429,  516,  488,  471,  350,  427,  235,  650,  261,  677,  404,  339,  381,  735,  203,  812,  829,  513,  584,  523,  633,  789,  684,  353,  595,  439,  327,  628,  116,  561,  729,  471,  313,  400,  167,  492,    0,  469,  772,  549,  107],
        [  500,  500,  401,  857,  434,  425,  243,  663,  744,  513,  656,  261,  124,  274,  505,  847,  660,  499,  728,  892,  656,  644,  673,  994,  510,  739,  909,  901,  959,  636,  767,  157,  897,  754,  575,  642,  323,  610,  456,  144,  748,  238,  965,  349,  939, 1004,   50,  120,  590,  350,  499,  319,  821,  872,  351,  207,  866,  577,  665,  826,  831,  394,  726,  469,  100,  469,    0,  874,  344,  443],
        [  412,  412,  474,  311,  568,  790,  806,  324,  493,  473,  774,  715,  969,  918,  502,  842,  598,  628,  645,  356,  274,  388,  316,  124,  570,  400,   40,  417,  113,  346,  313, 1012,  668,  595,  351,  620,  697,  545,  547,  947,  607,  640,  247,  913,   71,  172,  915,  907,  288,  640,  651,  754,  861,  328, 1111,  693,  256,  744,  223,   49,  499,  524,  454,  934,  968,  772,  874,    0,  570,  671],
        [  165,  165,  165,  647,  372,  529,  239,  321,  621,  173,  688,  147,  461,  514,  396,  859,  601,  480,  680,  694,  420,  302,  331,  694,  451,  575,  600,  724,  669,  440,  564,  498,  820,  677,  363,  598,  149,  529,  135,  461,  678,  180,  718,  556,  639,  722,  373,  344,  318,  102,  242,  206,  849,  666,  664,  253,  636,  614,  394,  525,  698,  270,  588,  644,  443,  549,  344,  570,    0,  461],
        [  498,  498,  336,  512,  115,  120,  587,  639,  334,  585,  233,  529,  457,  300,  169,  418,  224,   65,  287,  528,  397,  665,  645,  764,  109,  366,  710,  517,  711,  331,  430,  496,  457,  319,  323,  203,  575,  193,  585,  411,  311,  306,  650,  263,  713,  737,  491,  550,  417,  552,  702,  614,  400,  518,  493,  266,  543,  155,  456,  627,  419,  211,  332,  264,  488,  107,  443,  671,  461,    0]
    ]
}
