{
    "name": "random-36-14675",
    "comment": "size=36 seed=14675",
    "nodes": ["+0", "-0", "+1", "-1", "+2", "-2", "+3", "-3", "+4", "-4", "+5", "-5", "+6", "-6", "+7", "-7", "+8", "-8", "+9", "-9", "+10", "-10", "+11", "-11", "+12", "-12", "+13", "-13", "+14", "-14", "+15", "-15", "+16", "-16", "+17", "-17", "+18", "-18", "+19", "-19", "+20", "-20", "+21", "-21", "+22", "-22", "+23", "-23", "+24", "-24", "+25", "-25", "+26", "-26", "+27", "-27", "+28", "-28", "+29", "-29", "+30", "-30", "+31", "-31", "+32", "-32", "+33", "-33", "+34", "-34", "+35", "-35", "+36", "-36"],
    "precedence": {
        "+0": "-0",
        "+1": "-1",
        "+2": "-2",
        "+3": "-3",
        "+4": "-4",
        "+5": "-5",
        "+6": "-6",
        "+7": "-7",
        "+8": "-8",
        "+9": "-9",
        "+10": "-10",
        "+11": "-11",
        "+12": "-12",
        "+13": "-13",
        "+14": "-14",
        "+15": "-15",
        "+16": "-16",
        "+17": "-17",
        "+18": "-18",
        "+19": "-19",
        "+20": "-20",
        "+21": "-21",
        "+22": "-22",
        "+23": "-23",
        "+24": "-24",
        "+25": "-25",
        "+26": "-26",
        "+27": "-27",
        "+28": "-28",
        "+29": "-29",
        "+30": "-30",
        "+31": "-31",
        "+32": "-32",
        "+33": "-33",
        "+34": "-34",
        "+35": "-35",
        "+36": "-36"
    },
    "edges": [
        [    0,    0,  479,  137,   43,  698,  150,  254,  391,  412,  763,  503,  559,  776,  309,  506,  907,  138,  511,  329,  431,  190,  371,  145,  233,  671,  265,  304,   43,  672,  536,  290,  441,  248,  467,  340,  243,  666,  538,  199,  291,  306,  327,   43,  573,  420,  590,  267,  350,  371,  534,  259,  647,  700,  697,  158,  224,  634,  444,  382,  156,  256,  119,  124,  640,  562,  658,  668,  483,  390,  639,  592,  225,  134],
        [    0,    0,  479,  137,   43,  698,  150,  254,  391,  412,  763,  503,  559,  776,  309,  506,  907,  138,  511,  329,  431,  190,  371,  145,  233,  671,  265,  304,   43,  672,  536,  290,  441,  248,  467,  340,  243,  666,  538,  199,  291,  306,  327,   43,  573,  420,  590,  267,  350,  371,  534,  259,  647,  700,  697,  158,  224,  634,  444,  382,  156,  256,  119,  124,  640,  562,  658,  668,  483,  390,  639,  592,  225,  134],
        [  479,  479,    0,  614,  518,  231,  475,  617,  196,  887,  533,   70,  689,  893,  648,  352,  517,  585,  237,  182,  654,  666,  624,  508,  253,  286,  588,  779,  496,  202,   82,  445,  151,  699,  105,  766,  507,  762,  270,  626,  404,  258,  157,  444,  394,  364,  721,  598,  405,  210,  676,  443,  179,  760,  618,  636,  607,  224,  456,  167,  630,  503,  578,  492,  450,   91,  589,  598,  179,  605,  422,  492,  260,  456],
        [  137,  137,  614,    0,   97,  831,  207,  261,  512,  286,  853,  639,  573,  774,  275,  625, 1024,  123,  641,  458,  428,   74,  368,  208,  370,  793,  256,  182,  134,  809,  669,  381,  567,  171,  596,  238,  310,  680,  667,  133,  394,  423,  461,  171,  690,  533,  599,  252,  453,  504,  547,  324,  783,  723,  758,   22,  188,  760,  513,  517,   29,  293,   65,  173,  755,  699,  720,  729,  617,  399,  757,  695,  357,  207],
        [   43,   43,  518,   97,    0,  736,  148,  258,  421,  377,  781,  543,  550,  763,  283,  546,  936,  128,  553,  364,  415,  155,  355,  164,  274,  702,  245,  270,   60,  713,  574,  322,  474,  226,  502,  301,  267,  657,  580,  163,  326,  334,  365,   75,  612,  458,  579,  245,  385,  413,  524,  264,  687,  694,  704,  118,  195,  667,  453,  425,  115,  250,   79,  116,  680,  603,  665,  675,  525,  377,  679,  628,  262,  138],
        [  698,  698,  231,  831,  736,    0,  669,  847,  343, 1110,  467,  247,  781,  955,  820,  526,  330,  811,  399,  376,  788,  887,  772,  738,  481,  177,  763, 1001,  720,  153,  163,  670,  281,  927,  239,  957,  736,  830,  420,  825,  629,  431,  372,  661,  546,  565,  810,  773,  622,  428,  776,  609,  162,  812,  624,  853,  796,  133,  553,  388,  844,  672,  789,  692,  583,  179,  607,  614,  357,  744,  548,  654,  475,  654],
        [  150,  150,  475,  207,  148,  669,    0,  402,  332,  486,  647,  517,  410,  628,  193,  598,  829,  275,  572,  298,  286,  279,  229,  294,  277,  606,  136,  386,  192,  677,  513,  421,  392,  367,  431,  292,  388,  516,  605,  156,  413,  241,  320,  123,  665,  523,  441,  143,  468,  433,  385,  119,  653,  551,  558,  225,  134,  581,  309,  429,  205,  106,  145,   34,  735,  565,  520,  529,  533,  243,  727,  702,  224,   24],
        [  254,  254,  617,  261,  258,  847,  402,    0,  596,  355,  998,  613,  808, 1020,  529,  479, 1104,  141,  544,  520,  672,  226,  611,  124,  375,  863,  499,  272,  212,  778,  691,  213,  633,  156,  643,  491,  124,  915,  557,  391,  248,  526,  495,  291,  533,  383,  837,  498,  291,  436,  782,  513,  752,  952,  949,  263,  440,  815,  696,  469,  288,  507,  307,  373,  587,  682,  910,  920,  544,  635,  600,  504,  416,  388],
        [  391,  391,  196,  512,  421,  343,  332,  596,    0,  797,  420,  262,  493,  699,  478,  492,  517,  521,  402,   83,  463,  576,  439,  474,  236,  281,  420,  691,  422,  382,  199,  482,   63,  636,  111,  616,  513,  569,  438,  487,  448,   92,  130,  349,  548,  469,  526,  431,  473,  310,  480,  267,  363,  570,  449,  533,  455,  250,  261,  276,  520,  330,  462,  358,  612,  279,  416,  425,  344,  415,  589,  630,  181,  319],
        [  412,  412,  887,  286,  377, 1110,  486,  355,  797,    0, 1129,  903,  788,  957,  478,  826, 1309,  309,  873,  740,  639,  223,  586,  403,  635, 1078,  489,  109,  391, 1074,  948,  559,  851,  207,  878,  338,  469,  888,  892,  358,  588,  708,  738,  452,  883,  729,  807,  481,  638,  747,  763,  597, 1048,  939, 1014,  265,  417, 1044,  780,  770,  282,  555,  342,  454,  940,  967,  977,  986,  861,  626,  951,  858,  637,  490],
        [  763,  763,  533,  853,  781,  467,  647,  998,  420, 1129,    0,  597,  481,  572,  691,  882,  304,  900,  769,  502,  573,  926,  596,  874,  654,  292,  656, 1032,  801,  607,  467,  901,  411, 1006,  436,  858,  926,  474,  802,  776,  867,  474,  546,  720,  926,  877,  495,  666,  891,  715,  491,  533,  605,  432,  216,  872,  722,  349,  355,  675,  851,  578,  792,  681,  981,  564,  225,  224,  712,  553,  952, 1022,  591,  648],
        [  503,  503,   70,  639,  543,  247,  517,  613,  262,  903,  597,    0,  754,  960,  697,  296,  557,  597,  175,  235,  713,  685,  680,  513,  271,  337,  637,  796,  515,  171,  133,  426,  220,  709,  175,  806,  497,  830,  206,  663,  385,  315,  199,  472,  332,  322,  787,  646,  376,  184,  741,  497,  145,  829,  687,  660,  650,  273,  523,  146,  657,  555,  609,  531,  385,   70,  658,  667,  121,  664,  356,  434,  296,  497],
        [  559,  559,  689,  573,  550,  781,  410,  808,  493,  788,  481,  754,    0,  224,  313,  943,  768,  673,  878,  532,  150,  641,  208,  704,  617,  635,  318,  717,  600,  863,  677,  820,  543,  743,  594,  461,  796,  108,  914,  450,  804,  453,  583,  532, 1007,  889,   34,  322,  853,  758,   27,  320,  847,  152,  283,  583,  389,  653,  235,  736,  556,  305,  512,  436, 1075,  768,  260,  264,  824,  175, 1059, 1068,  539,  428],
        [  776,  776,  893,  774,  763,  955,  628, 1020,  699,  957,  572,  960,  224,    0,  501, 1163,  876,  882, 1093,  747,  348,  837,  409,  920,  839,  792,  522,  899,  816, 1054,  870, 1042,  743,  941,  793,  620, 1015,  131, 1130,  645, 1026,  670,  799,  751, 1226, 1111,  190,  524, 1076,  977,  246,  543, 1041,  145,  358,  782,  587,  823,  439,  953,  754,  524,  717,  652, 1294,  967,  359,  356, 1038,  387, 1276, 1289,  761,  647],
        [  309,  309,  648,  275,  283,  820,  193,  529,  478,  478,  691,  697,  313,  501,    0,  789,  924,  389,  764,  467,  163,  337,  109,  446,  468,  725,   61,  405,  342,  848,  673,  597,  540,  440,  586,  167,  549,  416,  797,  144,  595,  395,  499,  300,  857,  713,  335,   51,  652,  624,  287,  211,  826,  464,  546,  281,   90,  715,  339,  619,  253,  149,  222,  197,  926,  738,  511,  519,  722,  151,  919,  890,  410,  216],
        [  506,  506,  352,  625,  546,  526,  598,  479,  492,  826,  882,  296,  943, 1163,  789,    0,  848,  533,  127,  425,  861,  641,  813,  432,  331,  632,  733,  730,  493,  397,  427,  268,  477,  619,  446,  846,  358, 1035,  111,  703,  239,  496,  371,  498,   68,   97,  977,  740,  188,  187,  924,  635,  377, 1046,  941,  641,  716,  569,  733,  217,  650,  677,  624,  594,  138,  352,  907,  917,  176,  811,  133,  141,  405,  574],
        [  907,  907,  517, 1024,  936,  330,  829, 1104,  517, 1309,  304,  557,  768,  876,  924,  848,    0, 1038,  723,  587,  835, 1090,  844,  985,  730,  242,  878, 1204,  938,  480,  435,  956,  473, 1152,  463, 1085, 1007,  774,  747,  977,  916,  603,  611,  865,  874,  877,  787,  889,  921,  726,  774,  732,  490,  735,  519, 1044,  933,  295,  592,  683, 1029,  789,  969,  859,  912,  497,  524,  524,  675,  805,  877,  981,  694,  822],
        [  138,  138,  585,  123,  128,  811,  275,  141,  521,  309,  900,  597,  673,  882,  389,  533, 1038,    0,  568,  453,  534,  110,  473,  102,  332,  799,  360,  204,  101,  767,  650,  275,  568,  116,  588,  359,  194,  780,  589,  251,  295,  440,  442,  181,  595,  438,  701,  359,  351,  439,  647,  390,  741,  819,  831,  129,  300,  758,  579,  461,  151,  376,  167,  243,  657,  662,  792,  801,  553,  499,  663,  588,  346,  264],
        [  511,  511,  237,  641,  553,  399,  572,  544,  402,  873,  769,  175,  878, 1093,  764,  127,  723,  568,    0,  346,  813,  671,  770,  471,  296,  510,  705,  771,  508,  273,  307,  335,  375,  668,  338,  844,  421,  963,   37,  698,  296,  425,  295,  492,  158,  183,  911,  713,  263,  142,  861,  587,  252,  969,  845,  660,  701,  446,  656,  146,  664,  636,  628,  576,  214,  227,  814,  823,   59,  762,  189,  260,  358,  549],
        [  329,  329,  182,  458,  364,  376,  298,  520,   83,  740,  502,  235,  532,  747,  467,  425,  587,  453,  346,    0,  480,  518,  446,  399,  154,  347,  407,  632,  356,  383,  216,  400,  115,  569,  139,  589,  432,  617,  383,  452,  366,   82,   54,  289,  484,  393,  566,  417,  393,  239,  516,  263,  360,  624,  521,  479,  429,  306,  311,  209,  469,  322,  414,  318,  551,  272,  486,  496,  292,  430,  531,  560,  108,  281],
        [  431,  431,  654,  428,  415,  788,  286,  672,  463,  639,  573,  713,  150,  348,  163,  861,  835,  534,  813,  480,    0,  494,   62,  575,  531,  665,  174,  567,  470,  845,  660,  707,  522,  597,  572,  315,  672,  254,  848,  302,  696,  399,  524,  409,  927,  796,  173,  177,  750,  682,  125,  227,  825,  302,  402,  437,  242,  668,  247,  667,  410,  188,  370,  307,  997,  740,  371,  377,  764,   51,  985,  977,  458,  308],
        [  190,  190,  666,   74,  155,  887,  279,  226,  576,  223,  926,  685,  641,  837,  337,  641, 1090,  110,  671,  518,  494,    0,  435,  210,  416,  857,  324,  115,  171,  856,  725,  384,  629,  104,  656,  268,  302,  747,  694,  194,  404,  488,  515,  229,  703,  546,  666,  319,  460,  537,  615,  397,  830,  791,  831,   59,  253,  822,  586,  556,   86,  366,  138,  246,  766,  747,  793,  802,  652,  468,  771,  697,  414,  278],
        [  371,  371,  624,  368,  355,  772,  229,  611,  439,  586,  596,  680,  208,  409,  109,  813,  844,  473,  770,  446,   62,  435,    0,  515,  483,  660,  113,  510,  410,  819,  637,  650,  500,  537,  549,  271,  613,  313,  805,  243,  641,  367,  487,  351,  879,  745,  232,  116,  695,  637,  182,  185,  799,  359,  440,  377,  182,  658,  252,  624,  350,  136,  309,  248,  949,  712,  406,  413,  723,   44,  938,  925,  414,  251],
        [  145,  145,  508,  208,  164,  738,  294,  124,  474,  403,  874,  513,  704,  920,  446,  432,  985,  102,  471,  399,  575,  210,  515,    0,  259,  744,  407,  301,  106,  682,  579,  176,  513,  200,  526,  445,  105,  810,  491,  320,  194,  402,  377,  175,  494,  337,  734,  408,  251,  346,  679,  398,  656,  844,  829,  220,  358,  698,  576,  372,  236,  400,  232,  269,  556,  580,  790,  800,  460,  534,  562,  490,  293,  277],
        [  233,  233,  253,  370,  274,  481,  277,  375,  236,  635,  654,  271,  617,  839,  468,  331,  730,  332,  296,  154,  531,  416,  483,  259,    0,  489,  410,  527,  245,  441,  321,  248,  262,  447,  268,  552,  280,  713,  329,  407,  216,  193,  120,  205,  397,  273,  651,  418,  250,  157,  597,  305,  415,  730,  656,  390,  405,  440,  423,  156,  388,  347,  343,  281,  467,  333,  619,  629,  259,  481,  456,  451,   79,  253],
        [  671,  671,  286,  793,  702,  177,  606,  863,  281, 1078,  292,  337,  635,  792,  725,  632,  242,  799,  510,  347,  665,  857,  660,  744,  489,    0,  673,  971,  701,  317,  207,  717,  232,  915,  222,  878,  766,  672,  539,  759,  677,  371,  369,  629,  667,  649,  661,  684,  686,  493,  633,  520,  316,  648,  452,  814,  720,   65,  419,  450,  800,  581,  741,  634,  715,  289,  438,  444,  457,  626,  683,  770,  454,  596],
        [  265,  265,  588,  256,  245,  763,  136,  499,  420,  489,  656,  637,  318,  522,   61,  733,  878,  360,  705,  407,  174,  324,  113,  407,  410,  673,    0,  406,  301,  789,  614,  550,  483,  425,  528,  208,  507,  424,  738,  135,  545,  336,  439,  250,  801,  659,  344,   12,  601,  566,  292,  155,  766,  468,  525,  266,   74,  660,  302,  560,  239,   92,  196,  146,  870,  678,  489,  497,  662,  145,  862,  837,  350,  160],
        [  304,  304,  779,  182,  270, 1001,  386,  272,  691,  109, 1032,  796,  717,  899,  405,  730, 1204,  204,  771,  632,  567,  115,  510,  301,  527,  971,  406,    0,  283,  967,  839,  465,  743,  117,  770,  291,  377,  820,  791,  272,  491,  602,  629,  344,  790,  633,  739,  400,  544,  642,  691,  500,  941,  868,  927,  161,  333,  937,  687,  663,  182,  462,  241,  353,  849,  859,  889,  898,  756,  548,  857,  771,  528,  387],
        [   43,   43,  496,  134,   60,  720,  192,  212,  422,  391,  801,  515,  600,  816,  342,  493,  938,  101,  508,  356,  470,  171,  410,  106,  245,  701,  301,  283,    0,  685,  558,  263,  470,  215,  492,  357,  207,  707,  534,  222,  269,  339,  348,   82,  559,  404,  630,  303,  328,  372,  575,  301,  660,  742,  739,  152,  254,  661,  486,  387,  158,  297,  136,  164,  626,  577,  700,  710,  486,  430,  626,  571,  249,  177],
        [  672,  672,  202,  809,  713,  153,  677,  778,  382, 1074,  607,  171,  863, 1054,  848,  397,  480,  767,  273,  383,  845,  856,  819,  682,  441,  317,  789,  967,  685,    0,  188,  583,  325,  879,  273,  968,  659,  926,  287,  827,  542,  456,  358,  640,  407,  453,  895,  799,  523,  343,  854,  642,   27,  915,  744,  830,  809,  259,  629,  311,  826,  703,  777,  693,  437,  113,  722,  729,  245,  797,  402,  516,  460,  658],
        [  536,  536,   82,  669,  574,  163,  513,  691,  199,  948,  467,  133,  677,  870,  673,  427,  435,  650,  307,  216,  660,  725,  637,  579,  321,  207,  614,  839,  558,  188,    0,  525,  138,  766,   89,  803,  584,  741,  338,  668,  484,  279,  210,  499,  464,  444,  708,  625,  486,  291,  667,  463,  171,  733,  573,  691,  643,  144,  442,  249,  683,  526,  628,  534,  516,  102,  548,  556,  252,  613,  486,  565,  313,  497],
        [  290,  290,  445,  381,  322,  670,  421,  213,  482,  559,  901,  426,  820, 1042,  597,  268,  956,  275,  335,  400,  707,  384,  650,  176,  248,  717,  550,  465,  263,  583,  525,    0,  501,  352,  496,  616,   91,  923,  346,  484,   42,  437,  358,  300,  326,  172,  852,  554,   80,  243,  796,  501,  558,  948,  897,  395,  513,  661,  654,  282,  409,  521,  397,  405,  385,  496,  859,  869,  341,  661,  393,  315,  317,  399],
        [  441,  441,  151,  567,  474,  281,  392,  633,   63,  851,  411,  220,  543,  743,  540,  477,  473,  568,  375,  115,  522,  629,  500,  513,  262,  232,  483,  743,  470,  325,  138,  501,    0,  683,   52,  677,  541,  613,  411,  547,  464,  152,  143,  400,  528,  466,  575,  494,  482,  304,  532,  330,  306,  610,  471,  588,  517,  194,  309,  265,  576,  392,  519,  417,  589,  226,  440,  450,  317,  475,  564,  617,  222,  378],
        [  248,  248,  699,  171,  226,  927,  367,  156,  636,  207, 1006,  709,  743,  941,  440,  619, 1152,  116,  668,  569,  597,  104,  537,  200,  447,  915,  425,  117,  215,  879,  766,  352,  683,    0,  704,  364,  263,  849,  687,  297,  381,  552,  558,  291,  678,  523,  769,  422,  432,  545,  717,  485,  853,  893,  924,  160,  356,  874,  675,  571,  188,  461,  234,  333,  735,  775,  885,  895,  659,  569,  745,  656,  462,  361],
        [  467,  467,  105,  596,  502,  239,  431,  643,  111,  878,  436,  175,  594,  793,  586,  446,  463,  588,  338,  139,  572,  656,  549,  526,  268,  222,  528,  770,  492,  273,   89,  496,   52,  704,    0,  719,  544,  663,  373,  586,  457,  193,  149,  427,  493,  444,  626,  539,  470,  283,  583,  376,  255,  658,  513,  618,  558,  172,  360,  241,  608,  438,  552,  453,  552,  175,  484,  493,  280,  525,  525,  587,  243,  415],
        [  340,  340,  766,  238,  301,  957,  292,  491,  616,  338,  858,  806,  461,  620,  167,  846, 1085,  359,  844,  589,  315,  268,  271,  445,  552,  878,  208,  291,  357,  968,  803,  616,  677,  364,  719,    0,  548,  555,  873,  146,  625,  527,  611,  353,  912,  759,  476,  197,  684,  703,  437,  358,  944,  609,  710,  231,  161,  861,  505,  707,  210,  298,  223,  276,  980,  856,  676,  684,  810,  314,  978,  927,  511,  310],
        [  243,  243,  507,  310,  267,  736,  388,  124,  513,  469,  926,  497,  796, 1015,  549,  358, 1007,  194,  421,  432,  672,  302,  613,  105,  280,  766,  507,  377,  207,  659,  584,   91,  541,  263,  544,  548,    0,  902,  434,  424,  125,  453,  399,  265,  415,  262,  827,  509,  171,  317,  772,  483,  634,  932,  901,  320,  461,  714,  652,  352,  338,  492,  336,  366,  473,  567,  863,  873,  422,  630,  483,  397,  336,  369],
        [  666,  666,  762,  680,  657,  830,  516,  915,  569,  888,  474,  830,  108,  131,  416, 1035,  774,  780,  963,  617,  254,  747,  313,  810,  713,  672,  424,  820,  707,  926,  741,  923,  613,  849,  663,  555,  902,    0, 1000,  555,  905,  540,  669,  637, 1097,  985,   82,  428,  953,  848,  133,  423,  912,   59,  260,  689,  494,  698,  308,  824,  662,  411,  619,  543, 1165,  837,  251,  251,  908,  282, 1147, 1163,  635,  534],
        [  538,  538,  270,  667,  580,  420,  605,  557,  438,  892,  802,  206,  914, 1130,  797,  111,  747,  589,   37,  383,  848,  694,  805,  491,  329,  539,  738,  791,  534,  287,  338,  346,  411,  687,  373,  873,  434, 1000,    0,  728,  310,  462,  332,  521,  128,  184,  948,  746,  271,  173,  897,  622,  268, 1005,  881,  685,  732,  475,  693,  182,  691,  671,  656,  608,  180,  253,  850,  859,   95,  798,  153,  235,  392,  582],
        [  199,  199,  626,  133,  163,  825,  156,  391,  487,  358,  776,  663,  450,  645,  144,  703,  977,  251,  698,  452,  302,  194,  243,  320,  407,  759,  135,  272,  222,  827,  668,  484,  547,  297,  586,  146,  424,  555,  728,    0,  488,  396,  470,  208,  770,  618,  474,  129,  547,  557,  424,  248,  803,  601,  657,  138,   62,  736,  424,  562,  110,  199,   88,  134,  839,  715,  620,  629,  665,  278,  836,  790,  368,  171],
        [  291,  291,  404,  394,  326,  629,  413,  248,  448,  588,  867,  385,  804, 1026,  595,  239,  916,  295,  296,  366,  696,  404,  641,  194,  216,  677,  545,  491,  269,  542,  484,   42,  464,  381,  457,  625,  125,  905,  310,  488,    0,  407,  322,  295,  301,  144,  837,  549,   60,  202,  781,  484,  516,  929,  869,  409,  513,  621,  630,  241,  421,  509,  403,  400,  363,  455,  832,  842,  301,  649,  369,  303,  289,  390],
        [  306,  306,  258,  423,  334,  431,  241,  526,   92,  708,  474,  315,  453,  670,  395,  496,  603,  440,  425,   82,  399,  488,  367,  402,  193,  371,  336,  602,  339,  456,  279,  437,  152,  552,  193,  527,  453,  540,  462,  396,  407,    0,  131,  263,  558,  456,  487,  346,  443,  310,  436,  187,  434,  551,  464,  444,  366,  342,  238,  284,  430,  248,  371,  266,  626,  347,  427,  437,  372,  350,  607,  628,  120,  228],
        [  327,  327,  157,  461,  365,  372,  320,  495,  130,  738,  546,  199,  583,  799,  499,  371,  611,  442,  295,   54,  524,  515,  487,  377,  120,  369,  439,  629,  348,  358,  210,  358,  143,  558,  149,  611,  399,  669,  332,  470,  322,  131,    0,  290,  430,  341,  617,  448,  345,  185,  566,  303,  334,  678,  574,  482,  453,  321,  364,  156,  475,  359,  423,  336,  497,  246,  539,  549,  242,  474,  478,  506,  104,  301],
        [   43,   43,  444,  171,   75,  661,  123,  291,  349,  452,  720,  472,  532,  751,  300,  498,  865,  181,  492,  289,  409,  229,  351,  175,  205,  629,  250,  344,   82,  640,  499,  300,  400,  291,  427,  353,  265,  637,  521,  208,  295,  263,  290,    0,  565,  416,  563,  254,  353,  351,  507,  224,  615,  670,  659,  193,  221,  593,  406,  358,  186,  228,  139,  105,  634,  529,  620,  630,  461,  365,  630,  592,  187,  104],
        [  573,  573,  394,  690,  612,  546,  665,  533,  548,  883,  926,  332, 1007, 1226,  857,   68,  874,  595,  158,  484,  927,  703,  879,  494,  397,  667,  801,  790,  559,  407,  464,  326,  528,  678,  493,  912,  415, 1097,  128,  770,  301,  558,  430,  565,    0,  158, 1041,  807,  246,  250,  988,  701,  390, 1107,  995,  706,  784,  603,  794,  275,  716,  744,  691,  662,   70,  380,  963,  972,  215,  877,   69,  109,  471,  641],
        [  420,  420,  364,  533,  458,  565,  523,  383,  469,  729,  877,  322,  889, 1111,  713,   97,  877,  438,  183,  393,  796,  546,  745,  337,  273,  649,  659,  633,  404,  453,  444,  172,  466,  523,  444,  759,  262,  985,  184,  618,  144,  456,  341,  416,  158,    0,  923,  665,   92,  162,  868,  574,  430, 1002,  914,  549,  636,  587,  691,  203,  560,  610,  537,  516,  222,  387,  878,  888,  210,  747,  226,  181,  351,  500],
        [  590,  590,  721,  599,  579,  810,  441,  837,  526,  807,  495,  787,   34,  190,  335,  977,  787,  701,  911,  566,  173,  666,  232,  734,  651,  661,  344,  739,  630,  895,  708,  852,  575,  769,  626,  476,  827,   82,  948,  474,  837,  487,  617,  563, 1041,  923,    0,  348,  887,  792,   56,  353,  879,  133,  291,  609,  414,  680,  267,  770,  581,  336,  539,  466, 1109,  800,  272,  274,  858,  203, 1093, 1101,  573,  459],
        [  267,  267,  598,  252,  245,  773,  143,  498,  431,  481,  666,  646,  322,  524,   51,  740,  889,  359,  713,  417,  177,  319,  116,  408,  418,  684,   12,  400,  303,  799,  625,  554,  494,  422,  539,  197,  509,  428,  746,  129,  549,  346,  448,  254,  807,  665,  348,    0,  606,  574,  296,  166,  776,  473,  534,  262,   68,  671,  312,  569,  234,  104,  194,  150,  877,  688,  497,  506,  671,  150,  869,  843,  359,  166],
        [  350,  350,  405,  453,  385,  622,  468,  291,  473,  638,  891,  376,  853, 1076,  652,  188,  921,  351,  263,  393,  750,  460,  695,  251,  250,  686,  601,  544,  328,  523,  486,   80,  482,  432,  470,  684,  171,  953,  271,  547,   60,  443,  345,  353,  246,   92,  887,  606,    0,  196,  831,  534,  498,  975,  906,  467,  571,  627,  671,  238,  480,  562,  463,  456,  306,  445,  869,  879,  278,  702,  314,  244,  328,  445],
        [  371,  371,  210,  504,  413,  428,  433,  436,  310,  747,  715,  184,  758,  977,  624,  187,  726,  439,  142,  239,  682,  537,  637,  346,  157,  493,  566,  642,  372,  343,  291,  243,  304,  545,  283,  703,  317,  848,  173,  557,  202,  310,  185,  351,  250,  162,  792,  574,  196,    0,  739,  455,  317,  860,  758,  523,  560,  433,  546,   43,  526,  501,  488,  435,  318,  253,  724,  734,  115,  632,  303,  321,  224,  409],
        [  534,  534,  676,  547,  524,  776,  385,  782,  480,  763,  491,  741,   27,  246,  287,  924,  774,  647,  861,  516,  125,  615,  182,  679,  597,  633,  292,  691,  575,  854,  667,  796,  532,  717,  583,  437,  772,  133,  897,  424,  781,  436,  566,  507,  988,  868,   56,  296,  831,  739,    0,  298,  837,  178,  298,  557,  363,  648,  225,  718,  530,  280,  486,  411, 1057,  757,  273,  277,  808,  149, 1041, 1047,  520,  404],
        [  259,  259,  443,  324,  264,  609,  119,  513,  267,  597,  533,  497,  320,  543,  211,  635,  732,  390,  587,  263,  227,  397,  185,  398,  305,  520,  155,  500,  301,  642,  463,  501,  330,  485,  376,  358,  483,  423,  622,  248,  484,  187,  303,  224,  701,  574,  353,  166,  534,  455,  298,    0,  620,  450,  441,  341,  202,  506,  190,  441,  319,   63,  260,  152,  771,  532,  402,  412,  539,  177,  758,  754,  232,  127],
        [  647,  647,  179,  783,  687,  162,  653,  752,  363, 1048,  605,  145,  847, 1041,  826,  377,  490,  741,  252,  360,  825,  830,  799,  656,  415,  316,  766,  941,  660,   27,  171,  558,  306,  853,  255,  944,  634,  912,  268,  803,  516,  434,  334,  615,  390,  430,  879,  776,  498,  317,  837,  620,    0,  902,  735,  804,  786,  256,  613,  285,  801,  681,  752,  669,  423,   89,  712,  720,  221,  777,  388,  498,  435,  634],
        [  700,  700,  760,  723,  694,  812,  551,  952,  570,  939,  432,  829,  152,  145,  464, 1046,  735,  819,  969,  624,  302,  791,  359,  844,  730,  648,  468,  868,  742,  915,  733,  948,  610,  893,  658,  609,  932,   59, 1005,  601,  929,  551,  678,  670, 1107, 1002,  133,  473,  975,  860,  178,  450,  902,    0,  217,  733,  540,  679,  314,  833,  706,  446,  661,  579, 1174,  831,  215,  213,  912,  324, 1155, 1177,  652,  567],
        [  697,  697,  618,  758,  704,  624,  558,  949,  449, 1014,  216,  687,  283,  358,  546,  941,  519,  831,  845,  521,  402,  831,  440,  829,  656,  452,  525,  927,  739,  744,  573,  897,  471,  924,  513,  710,  901,  260,  881,  657,  869,  464,  574,  659,  995,  914,  291,  534,  906,  758,  298,  441,  735,  217,    0,  774,  598,  493,  254,  724,  749,  466,  694,  592, 1058,  674,   40,   30,  787,  396, 1034, 1079,  581,  567],
        [  158,  158,  636,   22,  118,  853,  225,  263,  533,  265,  872,  660,  583,  782,  281,  641, 1044,  129,  660,  479,  437,   59,  377,  220,  390,  814,  266,  161,  152,  830,  691,  395,  588,  160,  618,  231,  320,  689,  685,  138,  409,  444,  482,  193,  706,  549,  609,  262,  467,  523,  557,  341,  804,  733,  774,    0,  196,  782,  530,  538,   28,  308,   81,  192,  771,  720,  736,  745,  637,  410,  773,  709,  379,  227],
        [  224,  224,  607,  188,  195,  796,  134,  440,  455,  417,  722,  650,  389,  587,   90,  716,  933,  300,  701,  429,  242,  253,  182,  358,  405,  720,   74,  333,  254,  809,  643,  513,  517,  356,  558,  161,  461,  494,  732,   62,  513,  366,  453,  221,  784,  636,  414,   68,  571,  560,  363,  202,  786,  540,  598,  196,    0,  701,  369,  560,  168,  146,  133,  125,  853,  697,  561,  569,  663,  217,  848,  812,  357,  155],
        [  634,  634,  224,  760,  667,  133,  581,  815,  250, 1044,  349,  273,  653,  823,  715,  569,  295,  758,  446,  306,  668,  822,  658,  698,  440,   65,  660,  937,  661,  259,  144,  661,  194,  874,  172,  861,  714,  698,  475,  736,  621,  342,  321,  593,  603,  587,  680,  671,  627,  433,  648,  506,  256,  679,  493,  782,  701,    0,  428,  390,  769,  568,  712,  607,  650,  225,  475,  482,  393,  626,  618,  706,  413,  569],
        [  444,  444,  456,  513,  453,  553,  309,  696,  261,  780,  355,  523,  235,  439,  339,  733,  592,  579,  656,  311,  247,  586,  252,  576,  423,  419,  302,  687,  486,  629,  442,  654,  309,  675,  360,  505,  652,  308,  693,  424,  630,  238,  364,  406,  794,  691,  267,  312,  671,  546,  225,  190,  613,  314,  254,  530,  369,  428,    0,  519,  506,  226,  449,  342,  861,  534,  215,  225,  600,  213,  841,  865,  344,  315],
        [  382,  382,  167,  517,  425,  388,  429,  469,  276,  770,  675,  146,  736,  953,  619,  217,  683,  461,  146,  209,  667,  556,  624,  372,  156,  450,  560,  663,  387,  311,  249,  282,  265,  571,  241,  707,  352,  824,  182,  562,  241,  284,  156,  358,  275,  203,  770,  569,  238,   43,  718,  441,  285,  833,  724,  538,  560,  390,  519,    0,  538,  491,  496,  435,  342,  216,  691,  700,  104,  617,  324,  355,  212,  407],
        [  156,  156,  630,   29,  115,  844,  205,  288,  520,  282,  851,  657,  556,  754,  253,  650, 1029,  151,  664,  469,  410,   86,  350,  236,  388,  800,  239,  182,  158,  826,  683,  409,  576,  188,  608,  210,  338,  662,  691,  110,  421,  430,  475,  186,  716,  560,  581,  234,  480,  526,  530,  319,  801,  706,  749,   28,  168,  769,  506,  538,    0,  284,   60,  172,  781,  715,  711,  720,  639,  383,  783,  722,  371,  208],
        [  256,  256,  503,  293,  250,  672,  106,  507,  330,  555,  578,  555,  305,  524,  149,  677,  789,  376,  636,  322,  188,  366,  136,  400,  347,  581,   92,  462,  297,  703,  526,  521,  392,  461,  438,  298,  492,  411,  671,  199,  509,  248,  359,  228,  744,  610,  336,  104,  562,  501,  280,   63,  681,  446,  466,  308,  146,  568,  226,  491,  284,    0,  229,  134,  814,  593,  428,  437,  591,  141,  803,  790,  279,  124],
        [  119,  119,  578,   65,   79,  789,  145,  307,  462,  342,  792,  609,  512,  717,  222,  624,  969,  167,  628,  414,  370,  138,  309,  232,  343,  741,  196,  241,  136,  777,  628,  397,  519,  234,  552,  223,  336,  619,  656,   88,  403,  371,  423,  139,  691,  537,  539,  194,  463,  488,  486,  260,  752,  661,  694,   81,  133,  712,  449,  496,   60,  229,    0,  112,  758,  665,  656,  665,  598,  338,  757,  706,  319,  148],
        [  124,  124,  492,  173,  116,  692,   34,  373,  358,  454,  681,  531,  436,  652,  197,  594,  859,  243,  576,  318,  307,  246,  248,  269,  281,  634,  146,  353,  164,  693,  534,  405,  417,  333,  453,  276,  366,  543,  608,  134,  400,  266,  336,  105,  662,  516,  466,  150,  456,  435,  411,  152,  669,  579,  592,  192,  125,  607,  342,  435,  172,  134,  112,    0,  731,  581,  553,  563,  539,  266,  725,  694,  236,   39],
        [  640,  640,  450,  755,  680,  583,  735,  587,  612,  940,  981,  385, 1075, 1294,  926,  138,  912,  657,  214,  551,  997,  766,  949,  556,  467,  715,  870,  849,  626,  437,  516,  385,  589,  735,  552,  980,  473, 1165,  180,  839,  363,  626,  497,  634,   70,  222, 1109,  877,  306,  318, 1057,  771,  423, 1174, 1058,  771,  853,  650,  861,  342,  781,  814,  758,  731,    0,  426, 1026, 1036,  273,  947,   36,  107,  540,  711],
        [  562,  562,   91,  699,  603,  179,  565,  682,  279,  967,  564,   70,  768,  967,  738,  352,  497,  662,  227,  272,  740,  747,  712,  580,  333,  289,  678,  859,  577,  113,  102,  496,  226,  775,  175,  856,  567,  837,  253,  715,  455,  347,  246,  529,  380,  387,  800,  688,  445,  253,  757,  532,   89,  831,  674,  720,  697,  225,  534,  216,  715,  593,  665,  581,  426,    0,  649,  657,  180,  692,  394,  486,  348,  546],
        [  658,  658,  589,  720,  665,  607,  520,  910,  416,  977,  225,  658,  260,  359,  511,  907,  524,  792,  814,  486,  371,  793,  406,  790,  619,  438,  489,  889,  700,  722,  548,  859,  440,  885,  484,  676,  863,  251,  850,  620,  832,  427,  539,  620,  963,  878,  272,  497,  869,  724,  273,  402,  712,  215,   40,  736,  561,  475,  215,  691,  711,  428,  656,  553, 1026,  649,    0,   11,  756,  363, 1002, 1045,  544,  528],
        [  668,  668,  598,  729,  675,  614,  529,  920,  425,  986,  224,  667,  264,  356,  519,  917,  524,  801,  823,  496,  377,  802,  413,  800,  629,  444,  497,  898,  710,  729,  556,  869,  450,  895,  493,  684,  873,  251,  859,  629,  842,  437,  549,  630,  972,  888,  274,  506,  879,  734,  277,  412,  720,  213,   30,  745,  569,  482,  225,  700,  720,  437,  665,  563, 1036,  657,   11,    0,  765,  370, 1012, 1054,  554,  538],
        [  483,  483,  179,  617,  525,  357,  533,  544,  344,  861,  712,  121,  824, 1038,  722,  176,  675,  553,   59,  292,  764,  652,  723,  460,  259,  457,  662,  756,  486,  245,  252,  341,  317,  659,  280,  810,  422,  908,   95,  665,  301,  372,  242,  461,  215,  210,  858,  671,  278,  115,  808,  539,  221,  912,  787,  637,  663,  393,  600,  104,  639,  591,  598,  539,  273,  180,  756,  765,    0,  713,  247,  314,  313,  510],
        [  390,  390,  605,  399,  377,  744,  243,  635,  415,  626,  553,  664,  175,  387,  151,  811,  805,  499,  762,  430,   51,  468,   44,  534,  481,  626,  145,  548,  430,  797,  613,  661,  475,  569,  525,  314,  630,  282,  798,  278,  649,  350,  474,  365,  877,  747,  203,  150,  702,  632,  149,  177,  777,  324,  396,  410,  217,  626,  213,  617,  383,  141,  338,  266,  947,  692,  363,  370,  713,    0,  934,  927,  408,  263],
        [  639,  639,  422,  757,  679,  548,  727,  600,  589,  951,  952,  356, 1059, 1276,  919,  133,  877,  663,  189,  531,  985,  771,  938,  562,  456,  683,  862,  857,  626,  402,  486,  393,  564,  745,  525,  978,  483, 1147,  153,  836,  369,  607,  478,  630,   69,  226, 1093,  869,  314,  303, 1041,  758,  388, 1155, 1034,  773,  848,  618,  841,  324,  783,  803,  757,  725,   36,  394, 1002, 1012,  247,  934,    0,  138,  527,  703],
        [  592,  592,  492,  695,  628,  654,  702,  504,  630,  858, 1022,  434, 1068, 1289,  890,  141,  981,  588,  260,  560,  977,  697,  925,  490,  451,  770,  837,  771,  571,  516,  565,  315,  617,  656,  587,  927,  397, 1163,  235,  790,  303,  628,  506,  592,  109,  181, 1101,  843,  244,  321, 1047,  754,  498, 1177, 1079,  709,  812,  706,  865,  355,  722,  790,  706,  694,  107,  486, 1045, 1054,  314,  927,  138,    0,  529,  679],
        [  225,  225,  260,  357,  262,  475,  224,  416,  181,  637,  591,  296,  539,  761,  410,  405,  694,  346,  358,  108,  458,  414,  414,  293,   79,  454,  350,  528,  249,  460,  313,  317,  222,  462,  243,  511,  336,  635,  392,  368,  289,  120,  104,  187,  471,  351,  573,  359,  328,  224,  520,  232,  435,  652,  581,  379,  357,  413,  344,  212,  371,  279,  319,  236,  540,  348,  544,  554,  313,  408,  527,  529,    0,  203],
        [  134,  134,  456,  207,  138,  654,   24,  388,  319,  490,  648,  497,  428,  647,  216,  574,  822,  264,  549,  281,  308,  278,  251,  277,  253,  596,  160,  387,  177,  658,  497,  399,  378,  361,  415,  310,  369,  534,  582,  171,  390,  228,  301,  104,  641,  500,  459,  166,  445,  409,  404,  127,  634,  567,  567,  227,  155,  569,  315,  407,  208,  124,  148,   39,  711,  546,  528,  538,  510,  263,  703,  679,  203,    0]
    ]
}
