{
    "name": "random-14-15897",
    "comment": "size=14 seed=15897",
    "nodes": ["+0", "-0", "+1", "-1", "+2", "-2", "+3", "-3", "+4", "-4", "+5", "-5", "+6", "-6", "+7", "-7", "+8", "-8", "+9", "-9", "+10", "-10", "+11", "-11", "+12", "-12", "+13", "-13", "+14", "-14"],
    "precedence": {
        "+0": "-0",
        "+1": "-1",
        "+2": "-2",
        "+3": "-3",
        "+4": "-4",
        "+5": "-5",
        "+6": "-6",
        "+7": "-7",
        "+8": "-8",
        "+9": "-9",
        "+10": "-10",
        "+11": "-11",
        "+12": "-12",
        "+13": "-13",
        "+14": "-14"
    },
    "edges": [
        [    0,    0,  124,  383,  450,  400,  779,  844,  645,  942,  608,  441,  388,  473,  697,  724,  211,  860,  691,  392,  311,  454,  957,  280,  795,  449,  822,  707,  654,  570],
        [    0,    0,  124,  383,  450,  400,  779,  844,  645,  942,  608,  441,  388,  473,  697,  724,  211,  860,  691,  392,  311,  454,  957,  280,  795,  449,  822,  707,  654,  570],
        [  124,  124,    0,  381,  447,  362,  668,  732,  627,  865,  486,  373,  319,  443,  579,  667,  319,  745,  569,  269,  191,  497,  895,  303,  752,  506,  706,  606,  532,  474],
        [  383,  383,  381,    0,   68,  111,  643,  709,  264,  647,  613,  744,  210,  124,  821,  396,  346,  745,  763,  500,  499,  182,  624,  659,  436,  233,  724,  529,  744,  401],
        [  450,  450,  447,   68,    0,  134,  645,  710,  200,  611,  642,  807,  241,  101,  863,  354,  401,  749,  799,  549,  557,  176,  575,  726,  380,  237,  732,  527,  783,  409],
        [  400,  400,  362,  111,  134,    0,  533,  599,  270,  567,  509,  701,  107,   82,  730,  330,  418,  635,  665,  421,  440,  292,  563,  660,  396,  344,  614,  420,  650,  291],
        [  779,  779,  668,  643,  645,  533,    0,   69,  632,  389,  266,  781,  451,  547,  500,  435,  900,  105,  392,  455,  559,  819,  511,  924,  547,  874,  101,  125,  418,  243],
        [  844,  844,  732,  709,  710,  599,   69,    0,  688,  400,  307,  826,  519,  611,  518,  481,  968,   51,  410,  510,  616,  884,  530,  981,  589,  941,   78,  185,  442,  310],
        [  645,  645,  627,  264,  200,  270,  632,  688,    0,  479,  708,  970,  354,  188,  956,  232,  596,  734,  876,  673,  706,  315,  411,  917,  204,  378,  730,  508,  870,  432],
        [  942,  942,  865,  647,  611,  567,  389,  400,  479,    0,  625, 1092,  554,  524,  880,  258,  984,  449,  774,  745,  832,  774,  140, 1161,  294,  838,  475,  327,  794,  409],
        [  608,  608,  486,  613,  642,  509,  266,  307,  708,  625,    0,  520,  403,  560,  265,  577,  774,  297,  170,  227,  332,  793,  725,  695,  697,  836,  251,  300,  175,  284],
        [  441,  441,  373,  744,  807,  701,  781,  826,  970, 1092,  520,    0,  624,  782,  419,  952,  648,  815,  481,  347,  272,  869, 1159,  285, 1057,  876,  769,  777,  435,  686],
        [  388,  388,  319,  210,  241,  107,  451,  519,  354,  554,  403,  624,    0,  173,  624,  348,  459,  550,  558,  322,  355,  392,  577,  621,  440,  439,  525,  350,  543,  211],
        [  473,  473,  443,  124,  101,   82,  547,  611,  188,  524,  560,  782,  173,    0,  793,  273,  466,  650,  722,  494,  519,  276,  503,  738,  324,  336,  635,  427,  710,  312],
        [  697,  697,  579,  821,  863,  730,  500,  518,  956,  880,  265,  419,  624,  793,    0,  840,  896,  488,  109,  331,  388,  992,  987,  675,  960, 1025,  444,  559,   90,  545],
        [  724,  724,  667,  396,  354,  330,  435,  481,  232,  258,  577,  952,  348,  273,  840,    0,  739,  531,  746,  617,  681,  516,  234,  969,  121,  580,  535,  316,  751,  297],
        [  211,  211,  319,  346,  401,  418,  900,  968,  596,  984,  774,  648,  459,  466,  896,  739,    0,  992,  879,  576,  510,  325,  969,  443,  780,  293,  960,  807,  845,  667],
        [  860,  860,  745,  745,  749,  635,  105,   51,  734,  449,  297,  815,  550,  650,  488,  531,  992,    0,  381,  511,  618,  922,  580,  984,  639,  977,   47,  228,  416,  344],
        [  691,  691,  569,  763,  799,  665,  392,  410,  876,  774,  170,  481,  558,  722,  109,  746,  879,  381,    0,  303,  384,  940,  883,  712,  866,  978,  336,  456,   47,  454],
        [  392,  392,  269,  500,  549,  421,  455,  510,  673,  745,  227,  347,  322,  494,  331,  617,  576,  511,  303,    0,  107,  665,  814,  473,  728,  696,  468,  433,  270,  339],
        [  311,  311,  191,  499,  557,  440,  559,  616,  706,  832,  332,  272,  355,  519,  388,  681,  510,  618,  384,  107,    0,  648,  891,  367,  785,  669,  574,  530,  345,  423],
        [  454,  454,  497,  182,  176,  292,  819,  884,  315,  774,  793,  869,  392,  276,  992,  516,  325,  922,  940,  665,  648,    0,  722,  731,  517,   65,  903,  701,  919,  579],
        [  957,  957,  895,  624,  575,  563,  511,  530,  411,  140,  725, 1159,  577,  503,  987,  234,  969,  580,  883,  814,  891,  722,    0, 1197,  208,  786,  603,  428,  898,  476],
        [  280,  280,  303,  659,  726,  660,  924,  981,  917, 1161,  695,  285,  621,  738,  675,  969,  443,  984,  712,  473,  367,  731, 1197,    0, 1053,  718,  940,  882,  667,  760],
        [  795,  795,  752,  436,  380,  396,  547,  589,  204,  294,  697, 1057,  440,  324,  960,  121,  780,  639,  866,  728,  785,  517,  208, 1053,    0,  580,  648,  433,  870,  416],
        [  449,  449,  506,  233,  237,  344,  874,  941,  378,  838,  836,  876,  439,  336, 1025,  580,  293,  977,  978,  696,  669,   65,  786,  718,  580,    0,  957,  759,  955,  633],
        [  822,  822,  706,  724,  732,  614,  101,   78,  730,  475,  251,  769,  525,  635,  444,  535,  960,   47,  336,  468,  574,  903,  603,  940,  648,  957,    0,  223,  370,  325],
        [  707,  707,  606,  529,  527,  420,  125,  185,  508,  327,  300,  777,  350,  427,  559,  316,  807,  228,  456,  433,  530,  701,  428,  882,  433,  759,  223,    0,  471,  141],
        [  654,  654,  532,  744,  783,  650,  418,  442,  870,  794,  175,  435,  543,  710,   90,  751,  845,  416,   47,  270,  345,  919,  898,  667,  870,  955,  370,  471,    0,  456],
        [  570,  570,  474,  401,  409,  291,  243,  310,  432,  409,  284,  686,  211,  312,  545,  297,  667,  344,  454,  339,  423,  579,  476,  760,  416,  633,  325,  141,  456,    0]
    ]
}
