{
    "name": "random-96-18057",
    "comment": "size=96 seed=18057",
    "nodes": ["+0", "-0", "+1", "-1", "+2", "-2", "+3", "-3", "+4", "-4", "+5", "-5", "+6", "-6", "+7", "-7", "+8", "-8", "+9", "-9", "+10", "-10", "+11", "-11", "+12", "-12", "+13", "-13", "+14", "-14", "+15", "-15", "+16", "-16", "+17", "-17", "+18", "-18", "+19", "-19", "+20", "-20", "+21", "-21", "+22", "-22", "+23", "-23", "+24", "-24", "+25", "-25", "+26", "-26", "+27", "-27", "+28", "-28", "+29", "-29", "+30", "-30", "+31", "-31", "+32", "-32", "+33", "-33", "+34", "-34", "+35", "-35", "+36", "-36", "+37", "-37", "+38", "-38", "+39", "-39", "+40", "-40", "+41", "-41", "+42", "-42", "+43", "-43", "+44", "-44", "+45", "-45", "+46", "-46", "+47", "-47", "+48", "-48", "+49", "-49", "+50", "-50", "+51", "-51", "+52", "-52", "+53", "-53", "+54", "-54", "+55", "-55", "+56", "-56", "+57", "-57", "+58", "-58", "+59", "-59", "+60", "-60", "+61", "-61", "+62", "-62", "+63", "-63", "+64", "-64", "+65", "-65", "+66", "-66", "+67", "-67", "+68", "-68", "+69", "-69", "+70", "-70", "+71", "-71", "+72", "-72", "+73", "-73", "+74", "-74", "+75", "-75", "+76", "-76", "+77", "-77", "+78", "-78", "+79", "-79", "+80", "-80", "+81", "-81", "+82", "-82", "+83", "-83", "+84", "-84", "+85", "-85", "+86", "-86", "+87", "-87", "+88", "-88", "+89", "-89", "+90", "-90", "+91", "-91", "+92", "-92", "+93", "-93", "+94", "-94", "+95", "-95", "+96", "-96"],
    "precedence": {
        "+0": "-0",
        "+1": "-1",
        "+2": "-2",
        "+3": "-3",
        "+4": "-4",
        "+5": "-5",
        "+6": "-6",
        "+7": "-7",
        "+8": "-8",
        "+9": "-9",
        "+10": "-10",
        "+11": "-11",
        "+12": "-12",
        "+13": "-13",
        "+14": "-14",
        "+15": "-15",
        "+16": "-16",
        "+17": "-17",
        "+18": "-18",
        "+19": "-19",
        "+20": "-20",
        "+21": "-21",
        "+22": "-22",
        "+23": "-23",
        "+24": "-24",
        "+25": "-25",
        "+26": "-26",
        "+27": "-27",
        "+28": "-28",
        "+29": "-29",
        "+30": "-30",
        "+31": "-31",
        "+32": "-32",
        "+33": "-33",
        "+34": "-34",
        "+35": "-35",
        "+36": "-36",
        "+37": "-37",
        "+38": "-38",
        "+39": "-39",
        "+40": "-40",
        "+41": "-41",
        "+42": "-42",
        "+43": "-43",
        "+44": "-44",
        "+45": "-45",
        "+46": "-46",
        "+47": "-47",
        "+48": "-48",
        "+49": "-49",
        "+50": "-50",
        "+51": "-51",
        "+52": "-52",
        "+53": "-53",
        "+54": "-54",
        "+55": "-55",
        "+56": "-56",
        "+57": "-57",
        "+58": "-58",
        "+59": "-59",
        "+60": "-60",
        "+61": "-61",
        "+62": "-62",
        "+63": "-63",
        "+64": "-64",
        "+65": "-65",
        "+66": "-66",
        "+67": "-67",
        "+68": "-68",
        "+69": "-69",
        "+70": "-70",
        "+71": "-71",
        "+72": "-72",
        "+73": "-73",
        "+74": "-74",
        "+75": "-75",
        "+76": "-76",
        "+77": "-77",
        "+78": "-78",
        "+79": "-79",
        "+80": "-80",
        "+81": "-81",
        "+82": "-82",
        "+83": "-83",
        "+84": "-84",
        "+85": "-85",
        "+86": "-86",
        "+87": "-87",
        "+88": "-88",
        "+89": "-89",
        "+90": "-90",
        "+91": "-91",
        "+92": "-92",
        "+93": "-93",
        "+94": "-94",
        "+95": "-95",
        "+96": "-96"
    },
    "edges": [
        [    0,    0,  369,  536,  650,  837,  552,  217,  708,  302,  900,  484,  595,  405,  175,  256,  964,  406,  900,  388,  588,  634,  663,  210,  877,  442,  279,  521,  827,  647,  632,   90,  843,  176,  556,  593,  814,  265,  593,  266,  402,  230,  558,  239,  703,  191,  952,  612, 1014,  419,  639,  752,  791,  625,  851,   41,  595,  502,  855,  427,  408,  338,  280,  529,  760,  852,  287,  505,  487,  464,  431,  116,  375,  880,  416,  163,  522,  435,  920,  634,  383,  454,  698,  369,  248,  223,  920, 1135,  958,  832,  368,  396,  540,  320,  529,  401,  486,  631,  776,  485,  774,  562,  594,  330,  820,  697,  407,  582,  305, 1029,  258,  169,  970,  654,  458,  438,  616,  824,  278,  626,  570,  369,  794, 1133,  303,  373,  685,  574,  473,  659,  848,  986,  414, 1074,  708,  819,  834,  360,  538,  979,  177,  983,  959,  936,  806,  295,  317,  606,  854,  591,  244,  806,  707, 1065,  580,  859,  900,  828,  420,  745,  713, 1043,  738,  289,  920,  858,  170,  286,  348,  232,  769,  817,  974,  789,  502,  597,  404,  902,  732,  850,  484,  414,  257,  117,  872,  612,  239,  371,  532,  912,  457,  294,  435,  480],
        [    0,    0,    0,    0,    0,    0,    0,    0,    0,    0,    0,    0,    0,    0,    0,    0,    0,    0,    0,    0,    0,    0,    0,    0,    0,    0,    0,    0,    0,    0,    0,    0,    0,    0,    0,    0,    0,    0,    0,    0,    0,    0,    0,    0,    0,    0,    0,    0,    0,    0,    0,    0,    0,    0,    0,    0,    0,    0,    0,    0,    0,    0,    0,    0,    0,    0,    0,    0,    0,    0,    0,    0,    0,    0,    0,    0,    0,    0,    0,    0,    0,    0,    0,    0,    0,    0,    0,    0,    0,    0,    0,    0,    0,    0,    0,    0,    0,    0,    0,    0,    0,    0,    0,    0,    0,    0,    0,    0,    0,    0,    0,    0,    0,    0,    0,    0,    0,    0,    0,    0,    0,    0,    0,    0,    0,    0,    0,    0,    0,    0,    0,    0,    0,    0,    0,    0,    0,    0,    0,    0,    0,    0,    0,    0,    0,    0,    0,    0,    0,    0,    0,    0,    0,    0,    0,    0,    0,    0,    0,    0,    0,    0,    0,    0,    0,    0,    0,    0,    0,    0,    0,    0,    0,    0,    0,    0,    0,    0,    0,    0,    0,    0,    0,    0,    0,    0,    0,    0,    0,    0,    0,    0,    0,    0],
        [  369,    0,    0,  810,  370,  950,  483,  154,  648,  355,  999,  640,  547,  316,  486,  499,  838,   52,  763,  732,  373,  919,  618,  559,  645,  363,  187,  873,  766,  766,  477,  280, 1026,  444,  890,  718,  912,  284,  520,  618,  717,  222,  488,  309,  696,  460,  772,  724, 1141,  336,  583,  568,  972,  911,  663,  375,  545,  155,  783,  256,   72,   53,  368,  631,  712, 1032,  420,  779,  150,  127,   63,  390,  460,  937,  763,  367,  596,  513,  991,  904,  595,  591,  674,  724,  152,  292,  830, 1244, 1105,  592,  610,  678,  446,   73,  220,  730,  779,  604,  694,  746,  763,  384,  603,  130,  733,  719,  531,  615,  247, 1148,  373,  205, 1008,  898,  408,   71,  814,  595,  380,  773,  439,  636,  678, 1240,  525,  343,  540,  467,  646,  849,  992,  787,  411,  863,  894,  845,  803,  704,  585,  856,  419,  912,  936,  935,  572,  256,  443,  710, 1008,  335,  129,  959,  927, 1155,  581, 1014,  818,  680,   78,  907,  925,  858,  919,  207,  889,  807,  229,  474,  457,  438,  644,  937,  979,  863,  421,  897,   57,  987,  592,  967,  341,  123,  528,  436,  790,  510,  480,  707,  852,  764,  590,  463,   97,  165],
        [  536,    0,  810,    0,  896,  459,  601,  674,  648,  483,  525,  267,  585,  603,  362,  313,  902,  860,  871,  242,  785,  110,  606,  353,  991,  593,  633,  292,  714,  345,  735,  586,  365,  381,  204,  321,  467,  538,  617,  327,  161,  590,  603,  506,  570,  363,  971,  348,  579,  597,  611,  838,  325,  104,  909,  502,  589,  879,  748,  683,  809,  806,  458,  355,  657,  375,  404,   33,  857,  843,  862,  446,  411,  575,  249,  449,  398,  401,  583,   98,  229,  308,  591,  299,  750,  521,  818,  706,  507,  969,  202,  141,  626,  795,  854,  192,   67,  567,  715,   68,  612,  731,  505,  832,  749,  524,  345,  469,  591,  603,  445,  629,  667,  133,  562,  877,  190,  947,  445,  289,  681,  177,  773,  707,  287,  546,  749,  653,  241,  224,  423, 1025,  509, 1112,  258,  581,  674,  255,  440,  909,  399,  834,  747,  699,  943,  578,  391,  359,  413,  833,  722,  379,  207,  669,  513,  415,  792,  839,  819,  322,  223, 1047,  287,  619,  732,  719,  591,  341,  392,  373,  770,  436,  718,  490,  603,  109,  816,  548,  768,  463,  667,  902,  291,  421,  774,  661,  333,  225,  143,  895,  314,  357,  902,  831],
        [  650,    0,  370,  896,    0,  843,  333,  458,  432,  436,  871,  648,  385,  300,  686,  639,  524,  386,  449,  916,  118, 1002,  429,  777,  280,  303,  371, 1060,  521,  701,  226,  568,  979,  628, 1041,  671,  796,  416,  344,  833,  866,  422,  334,  453,  521,  637,  427,  662, 1023,  302,  396,  247,  931,  997,  322,  636,  381,  233,  525,  236,  299,  423,  468,  589,  492,  982,  515,  870,  226,  247,  337,  607,  486,  775,  949,  555,  541,  501,  835,  971,  670,  598,  489,  930,  510,  455,  548, 1098, 1011,  226,  709,  798,  293,  441,  152,  894,  892,  441,  443,  830,  567,  174,  479,  500,  469,  568,  553,  509,  360, 1020,  490,  493,  818,  936,  337,  351,  818,  233,  480,  735,  244,  751,  398, 1093,  636,  358,  270,  283,  668,  838,  909,  430,  388,  499,  872,  669,  581,  894,  506,  543,  597,  636,  700,  719,  209,  373,  517,  645,  933,   65,  469,  890,  934, 1000,  457,  939,  545,  369,  293,  857,  924,  504,  886,  363,  651,  564,  481,  581,  508,  579,  363,  838,  762,  730,  304, 1001,  315,  846,  310,  861,  229,  464,  680,  658,  520,  305,  626,  884,  988,  442,  594,  560,  412,  206],
        [  837,    0,  950,  459,  843,    0,  517,  867,  430,  607,   68,  353,  459,  643,  685,  585,  584, 1000,  590,  687,  729,  482,  418,  730,  798,  603,  770,  749,  412,  193,  621,  842,  193,  664,  655,  247,   50,  681,  500,  732,  595,  756,  514,  671,  330,  650,  703,  232,  191,  626,  448,  667,  179,  487,  691,  797,  462,  943,  438,  721,  914,  971,  607,  325,  392,  188,  570,  467,  921,  918,  979,  721,  501,  145,  700,  686,  354,  441,  128,  435,  462,  387,  363,  742,  963,  694,  489,  301,  169,  801,  493,  526,  559,  971,  880,  634,  519,  402,  461,  448,  311,  676,  370, 1028,  470,  278,  442,  346,  705,  199,  615,  842,  220,  359,  556,  998,  273,  774,  600,  214,  601,  518,  530,  299,  537,  608,  594,  562,  366,  236,   84,  762,  541,  832,  208,  217,  344,  691,  368,  583,  661,  464,  347,  291,  782,  699,  540,  243,  114,  796,  918,  102,  287,  230,  392,  118,  466,  602,  920,  141,  266,  752,  185,  748,  355,  390,  797,  552,  515,  606,  549,   24,  292,  119,  564,  531,  928,   90,  579,   19,  656, 1069,  598,  729,  463,  538,  600,  661,  598,  617,  385,  548, 1045,  886],
        [  552,    0,  483,  601,  333,  517,    0,  459,  170,  252,  552,  337,   66,  175,  500,  415,  412,  527,  349,  681,  216,  699,  136,  590,  395,  126,  339,  815,  292,  369,  135,  504,  647,  444,  773,  342,  471,  295,   43,  633,  610,  357,    6,  315,  217,  444,  416,  330,  702,  155,  102,  243,  599,  696,  329,  521,   63,  438,  315,  228,  429,  518,  279,  264,  232,  650,  297,  579,  417,  419,  494,  459,  223,  469,  712,  400,  215,  204,  527,  663,  393,  293,  193,  712,  551,  332,  374,  789,  684,  369,  441,  531,   43,  526,  368,  646,  611,  126,  229,  538,  281,  161,  148,  591,  273,  251,  265,  177,  278,  703,  304,  460,  531,  618,   96,  513,  494,  348,  285,  405,   90,  487,  243,  784,  391,  183,  156,   54,  361,  510,  579,  460,  142,  550,  542,  370,  322,  665,  177,  428,  419,  446,  455,  453,  343,  280,  280,  313,  602,  281,  501,  559,  608,  694,  126,  608,  356,  284,  433,  524,  596,  504,  555,  316,  408,  330,  422,  348,  256,  375,  219,  510,  497,  410,   63,  709,  446,  531,  191,  535,  148,  605,  455,  501,  328,   67,  411,  647,  714,  363,  287,  326,  569,  382],
        [  217,    0,  154,  674,  458,  867,  459,    0,  628,  261,  922,  534,  517,  285,  336,  361,  854,  197,  783,  579,  421,  780,  590,  406,  711,  334,  121,  720,  750,  677,  496,  128,  920,  298,  740,  625,  834,  188,  500,  465,  569,  113,  465,  197,  654,  315,  814,  636, 1055,  305,  559,  607,  865,  772,  706,  222,  516,  286,  773,  266,  192,  134,  262,  543,  688,  927,  305,  641,  273,  250,  216,  240,  367,  875,  610,  225,  517,  427,  925,  769,  469,  488,  639,  570,   98,  175,  829, 1167, 1012,  661,  477,  537,  432,  123,  323,  580,  637,  567,  686,  612,  725,  411,  551,  166,  728,  666,  429,  553,  182, 1066,  258,   51,  955,  770,  368,  225,  699,  658,  270,  674,  444,  498,  686, 1164,  393,  285,  557,  461,  535,  737,  899,  838,  349,  921,  785,  793,  775,  552,  516,  871,  276,  904,  907,  897,  638,  183,  333,  624,  911,  407,   52,  862,  807, 1084,  531,  917,  813,  703,  203,  806,  808,  903,  812,  143,  863,  788,   83,  348,  355,  305,  655,  851,  939,  793,  398,  754,  188,  915,  609,  883,  345,  229,  386,  283,  785,  504,  341,  556,  705,  789,  489,  341,  233,  270],
        [  708,    0,  648,  648,  432,  430,  170,  628,    0,  407,  448,  387,  115,  344,  632,  536,  271,  690,  226,  778,  330,  732,   48,  717,  375,  295,  509,  900,  123,  342,  208,  667,  595,  581,  841,  339,  382,  459,  129,  752,  697,  525,  164,  475,  103,  578,  323,  316,  599,  325,   71,  237,  556,  731,  275,  674,  115,  587,  148,  392,  590,  686,  430,  295,   65,  596,  434,  633,  567,  573,  654,  607,  348,  344,  806,  550,  258,  304,  405,  690,  478,  361,   70,  817,  720,  494,  213,  667,  597,  373,  529,  613,  202,  694,  508,  736,  675,   88,   73,  594,  135,  288,  148,  759,  116,  158,  360,  182,  447,  594,  453,  627,  388,  631,  262,  673,  500,  346,  433,  393,  216,  575,  125,  662,  501,  348,  168,  183,  415,  502,  507,  379,  296,  464,  519,  238,  158,  767,  218,  283,  559,  278,  289,  295,  353,  448,  411,  301,  534,  398,  670,  499,  599,  568,  147,  540,  192,  194,  593,  482,  583,  400,  523,  486,  242,  161,  588,  471,  381,  509,  128,  431,  340,  313,  232,  755,  607,  419,  150,  448,  307,  770,  573,  644,  164,  142,  537,  744,  778,  248,  354,  451,  731,  532],
        [  302,    0,  355,  483,  436,  607,  252,  261,  407,    0,  662,  285,  293,  138,  263,  203,  663,  407,  601,  481,  341,  592,  363,  356,  609,  156,  169,  625,  527,  418,  347,  265,  671,  204,  608,  367,  574,   75,  292,  407,  431,  149,  258,   71,  410,  209,  661,  376,  796,  142,  337,  469,  617,  586,  565,  270,  294,  399,  554,  206,  337,  368,   33,  283,  460,  677,   81,  453,  376,  364,  396,  209,  107,  617,  514,  150,  257,  167,  665,  569,  255,  236,  401,  499,  358,   93,  618,  906,  755,  570,  284,  368,  244,  366,  373,  458,  467,  332,  474,  416,  482,  298,  302,  422,  518,  414,  176,  298,  113,  806,   59,  242,  700,  552,  159,  414,  460,  556,   45,  420,  283,  322,  494,  903,  204,   85,  393,  279,  293,  494,  642,  700,  112,  789,  540,  540,  538,  459,  258,  678,  175,  683,  667,  650,  543,  102,   93,  364,  656,  371,  312,  607,  575,  824,  285,  662,  598,  532,  346,  553,  572,  750,  564,  149,  625,  559,  197,  148,  103,  145,  470,  592,  691,  533,  207,  581,  347,  655,  437,  623,  219,  468,  244,  253,  571,  314,  191,  448,  557,  614,  235,  128,  451,  349],
        [  900,    0,  999,  525,  871,   68,  552,  922,  448,  662,    0,  417,  491,  689,  751,  650,  570, 1049,  585,  754,  759,  543,  442,  796,  805,  646,  822,  814,  411,  254,  647,  902,  230,  727,  719,  308,   89,  735,  531,  799,  662,  810,  549,  728,  351,  714,  698,  291,  152,  670,  475,  681,  230,  548,  696,  859,  494,  985,  432,  765,  960, 1022,  663,  381,  401,  224,  629,  534,  963,  961, 1025,  784,  556,  120,  767,  747,  407,  495,   78,  496,  527,  448,  384,  809, 1019,  750,  476,  245,  158,  813,  560,  593,  594, 1023,  918,  701,  585,  432,  468,  515,  319,  708,  407, 1082,  472,  304,  501,  388,  757,  152,  673,  899,  171,  420,  599, 1044,  340,  785,  657,  280,  633,  585,  537,  242,  601,  657,  615,  594,  431,  302,  122,  756,  589,  821,  270,  217,  340,  758,  415,  567,  723,  439,  317,  261,  795,  751,  599,  300,  148,  828,  973,  156,  346,  166,  430,  150,  455,  606,  966,  204,  325,  740,  246,  799,  334,  383,  854,  615,  572,  669,  558,   91,  253,  142,  603,  593,  975,   40,  594,   62,  695, 1119,  663,  793,  456,  567,  664,  728,  662,  611,  446,  609, 1094,  927],
        [  484,    0,  640,  267,  648,  353,  337,  534,  387,  285,  417,    0,  318,  373,  337,  234,  649,  692,  612,  405,  533,  363,  342,  394,  724,  351,  454,  516,  466,  165,  471,  493,  387,  311,  454,  112,  333,  357,  351,  410,  317,  427,  339,  338,  319,  298,  707,  136,  533,  361,  345,  572,  333,  360,  643,  444,  322,  672,  500,  456,  619,  651,  275,   92,  403,  394,  229,  249,  649,  640,  680,  369,  184,  411,  430,  336,  131,  149,  443,  327,  119,   52,  335,  451,  627,  359,  571,  652,  482,  703,  163,  234,  366,  647,  630,  358,  289,  302,  456,  209,  373,  478,  241,  698,  493,  283,  111,  206,  396,  547,  276,  502,  505,  288,  312,  698,  178,  681,  265,  144,  420,  203,  510,  650,  186,  320,  483,  390,   29,  210,  370,  761,  267,  848,  255,  374,  438,  398,  174,  658,  308,  602,  536,  499,  678,  386,  201,  136,  380,  587,  586,  331,  295,  582,  247,  385,  546,  574,  628,  273,  290,  786,  280,  434,  510,  479,  457,  200,  184,  254,  504,  334,  529,  317,  347,  375,  630,  421,  501,  367,  423,  751,  252,  377,  525,  395,  247,  372,  392,  634,   56,  199,  736,  618],
        [  595,    0,  547,  585,  385,  459,   66,  517,  115,  293,  491,  318,    0,  236,  526,  434,  375,  591,  320,  689,  271,  678,   74,  613,  407,  187,  398,  817,  236,  324,  170,  553,  598,  473,  767,  303,  412,  345,   42,  652,  612,  412,   61,  361,  152,  471,  400,  288,  641,  216,   45,  255,  552,  676,  326,  561,    4,  503,  262,  293,  494,  582,  317,  235,  172,  600,  325,  566,  482,  484,  559,  496,  242,  405,  718,  438,  189,  207,  463,  639,  392,  282,  128,  723,  611,  380,  326,  726,  626,  389,  442,  530,  107,  588,  431,  650,  603,   61,  182,  525,  217,  218,   96,  653,  226,  188,  267,  131,  335,  642,  341,  514,  466,  589,  149,  578,  462,  366,  321,  365,  143,  489,  212,  721,  403,  235,  166,  104,  345,  473,  524,  450,  182,  539,  500,  305,  260,  675,  146,  389,  450,  392,  393,  389,  365,  336,  303,  271,  548,  338,  560,  507,  571,  631,   79,  555,  306,  266,  498,  477,  558,  485,  511,  375,  347,  272,  475,  367,  275,  401,  196,  453,  433,  349,  126,  693,  511,  469,  184,  477,  213,  669,  472,  534,  278,   86,  433,  654,  706,  338,  275,  346,  634,  446],
        [  405,    0,  316,  603,  300,  643,  175,  285,  344,  138,  689,  373,  236,    0,  397,  340,  573,  363,  504,  619,  203,  710,  309,  491,  478,   50,  165,  762,  466,  468,  227,  344,  741,  339,  741,  425,  603,  141,  216,  543,  566,  189,  181,  173,  382,  345,  549,  425,  834,   21,  276,  348,  688,  705,  447,  379,  234,  305,  488,   84,  271,  347,  171,  336,  406,  746,  216,  575,  282,  277,  337,  332,  195,  622,  651,  274,  295,  227,  677,  683,  375,  321,  362,  636,  376,  183,  545,  932,  804,  437,  411,  499,  147,  353,  258,  594,  594,  291,  401,  536,  450,  163,  288,  418,  444,  404,  267,  301,  108,  839,  195,  291,  693,  657,   92,  356,  550,  425,  183,  486,  167,  452,  404,  928,  336,   58,  282,  178,  388,  577,  693,  582,  108,  670,  618,  530,  495,  597,  276,  590,  309,  619,  628,  623,  410,  113,  217,  410,  711,  235,  326,  664,  667,  842,  266,  717,  528,  428,  277,  618,  660,  639,  638,  143,  582,  505,  257,  282,  211,  283,  374,  632,  667,  550,  114,  706,  286,  674,  332,  661,   83,  438,  382,  381,  500,  220,  329,  586,  689,  513,  317,  260,  407,  249],
        [  175,    0,  486,  362,  686,  685,  500,  336,  632,  263,  751,  337,  526,  397,    0,  106,  900,  532,  845,  247,  599,  462,  585,   94,  871,  418,  338,  391,  742,  501,  608,  230,  675,   59,  405,  449,  668,  271,  536,  148,  237,  285,  505,  233,  604,   56,  915,  471,  855,  404,  568,  729,  623,  453,  823,  140,  528,  591,  773,  450,  505,  469,  230,  400,  674,  684,  203,  331,  572,  552,  545,   97,  285,  746,  279,  133,  406,  333,  780,  460,  224,  319,  606,  249,  398,  234,  842,  979,  795,  832,  199,  222,  501,  455,  593,  245,  314,  547,  704,  311,  672,  559,  498,  482,  747,  587,  286,  478,  327,  872,  205,  286,  839,  479,  415,  557,  448,  818,  221,  472,  544,  195,  736,  977,  152,  347,  650,  536,  321,  492,  688,  957,  360, 1047,  541,  698,  735,  221,  433,  914,   89,  894,  851,  821,  805,  314,  223,  468,  692,  622,  378,  645,  535,  914,  490,  696,  820,  783,  516,  583,  542, 1003,  571,  335,  817,  766,  258,  163,  252,  126,  717,  665,  855,  652,  464,  428,  507,  757,  690,  697,  480,  559,   89,   60,  794,  566,   98,  221,  371,  861,  323,  182,  568,  554],
        [  256,    0,  499,  313,  639,  585,  415,  361,  536,  203,  650,  234,  434,  340,  106,    0,  805,  548,  753,  279,  541,  421,  488,  181,  798,  351,  327,  422,  642,  398,  532,  284,  589,   81,  409,  345,  566,  239,  448,  219,  231,  280,  420,  203,  502,   66,  829,  367,  759,  342,  474,  652,  536,  413,  742,  216,  435,  580,  673,  407,  503,  493,  171,  295,  574,  597,  127,  281,  558,  542,  552,  145,  193,  641,  311,  136,  302,  233,  676,  409,  128,  214,  506,  301,  441,  214,  744,  881,  702,  763,  119,  180,  422,  483,  567,  256,  281,  449,  608,  252,  568,  496,  398,  521,  651,  482,  183,  375,  296,  775,  150,  317,  734,  413,  338,  567,  361,  748,  159,  372,  469,  138,  645,  880,   49,  285,  569,  456,  220,  404,  593,  874,  281,  964,  453,  593,  632,  258,  331,  818,   90,  792,  746,  716,  737,  282,  136,  364,  598,  574,  410,  551,  458,  814,  391,  603,  720,  695,  514,  489,  463,  916,  483,  317,  713,  665,  278,   67,  160,   64,  628,  565,  750,  548,  387,  399,  508,  655,  605,  598,  419,  589,   43,  145,  695,  482,   20,  246,  362,  770,  218,   90,  589,  536],
        [  964,    0,  838,  902,  524,  584,  412,  854,  271,  663,  570,  649,  375,  573,  900,  805,    0,  871,   76, 1047,  469,  975,  318,  986,  307,  528,  735, 1165,  189,  569,  362,  913,  774,  848, 1100,  582,  539,  705,  371, 1022,  963,  762,  406,  726,  333,  845,  147,  556,  701,  555,  333,  280,  747,  976,  212,  932,  374,  737,  157,  593,  771,  883,  689,  557,  246,  771,  700,  890,  723,  736,  827,  869,  616,  451, 1074,  811,  524,  574,  501,  930,  747,  628,  315, 1086,  939,  743,   96,  724,  727,  344,  797,  879,  428,  896,  651, 1003,  935,  358,  198,  852,  297,  455,  415,  962,  157,  380,  630,  446,  680,  686,  714,  863,  434,  864,  507,  844,  736,  320,  694,  626,  411,  843,  171,  717,  772,  593,  300,  396,  677,  727,  668,  198,  552,  252,  733,  369,  245, 1036,  486,   19,  824,  153,  271,  319,  342,  685,  678,  544,  697,  523,  889,  676,  818,  628,  417,  702,  119,  160,  769,  681,  800,  170,  728,  714,  240,  197,  828,  740,  649,  776,  200,  594,  348,  476,  465, 1005,  788,  532,  247,  598,  510,  953,  843,  908,  130,  355,  806, 1013, 1037,   84,  621,  720,  906,  692],
        [  406,    0,   52,  860,  386, 1000,  527,  197,  690,  407, 1049,  692,  591,  363,  532,  548,  871,    0,  795,  776,  403,  968,  662,  601,  664,  410,  238,  916,  807,  817,  513,  318, 1077,  491,  936,  769,  962,  336,  563,  661,  764,  272,  532,  360,  741,  508,  799,  774, 1191,  383,  626,  597, 1023,  961,  690,  415,  589,  157,  822,  299,  101,   69,  420,  681,  754, 1083,  471,  828,  160,  141,   50,  436,  511,  984,  807,  415,  647,  564, 1039,  954,  646,  642,  719,  766,  172,  343,  867, 1293, 1155,  610,  660,  727,  489,   89,  235,  776,  828,  650,  733,  797,  807,  419,  651,  123,  771,  766,  582,  663,  298, 1198,  424,  247, 1054,  949,  455,   42,  865,  616,  431,  824,  478,  685,  714, 1289,  575,  393,  575,  508,  698,  900, 1043,  810,  460,  883,  946,  891,  846,  748,  634,  889,  467,  951,  979,  979,  592,  307,  494,  761, 1058,  358,  163, 1010,  978, 1204,  628, 1064,  856,  712,  102,  958,  976,  882,  970,  258,  931,  848,  275,  525,  509,  488,  680,  987, 1023,  911,  465,  946,   84, 1036,  627, 1017,  383,   83,  577,  479,  828,  550,  529,  752,  899,  795,  641,  514,   46,  184],
        [  900,    0,  763,  871,  449,  590,  349,  783,  226,  601,  585,  612,  320,  504,  845,  753,   76,  795,    0, 1003,  393,  951,  272,  932,  247,  461,  664, 1125,  179,  550,  289,  846,  774,  790, 1065,  556,  543,  638,  310,  971,  922,  693,  344,  662,  305,  789,  114,  531,  724,  487,  280,  204,  743,  951,  143,  869,  318,  661,  153,  520,  695,  809,  628,  520,  219,  773,  643,  858,  647,  661,  751,  808,  561,  466, 1031,  749,  484,  524,  521,  907,  703,  586,  282, 1040,  866,  678,  124,  758,  742,  278,  754,  838,  361,  821,  575,  961,  900,  313,  157,  819,  286,  380,  373,  887,  127,  358,  582,  407,  611,  711,  653,  793,  464,  844,  443,  769,  714,  253,  634,  605,  340,  800,  109,  752,  722,  527,  227,  328,  640,  710,  673,  173,  491,  248,  721,  373,  247,  990,  443,   95,  766,  205,  307,  349,  273,  616,  622,  518,  702,  447,  816,  676,  805,  660,  372,  707,  136,   84,  694,  674,  787,  176,  719,  643,  268,  202,  760,  687,  594,  720,  131,  597,  383,  476,  399,  977,  713,  548,  175,  605,  439,  877,  791,  849,  130,  289,  752,  968, 1003,   27,  579,  666,  830,  616],
        [  388,    0,  732,  242,  916,  687,  681,  579,  778,  481,  754,  405,  689,  619,  247,  279, 1047,  776, 1003,    0,  820,  297,  731,  179, 1072,  629,  583,  146,  869,  540,  806,  464,  607,  298,  170,  500,  687,  508,  710,  125,   93,  531,  686,  470,  722,  285, 1089,  528,  819,  621,  725,  923,  566,  287, 1009,  366,  691,  837,  902,  683,  751,  712,  449,  495,  804,  617,  405,  224,  817,  798,  791,  343,  460,  787,   33,  377,  523,  483,  804,  319,  301,  420,  734,   58,  632,  475,  974,  946,  748, 1039,  250,  173,  694,  697,  835,   54,  176,  691,  850,  240,  778,  774,  632,  716,  890,  687,  423,  601,  565,  842,  426,  529,  882,  373,  613,  802,  415, 1022,  437,  491,  744,  205,  897,  947,  292,  563,  837,  727,  378,  454,  659, 1137,  555, 1227,  494,  772,  843,   29,  562, 1057,  327, 1007,  937,  895, 1012,  552,  411,  533,  652,  851,  619,  615,  449,  904,  632,  655,  949,  954,  763,  555,  465, 1173,  524,  578,  914,  883,  504,  342,  429,  337,  884,  664,  921,  696,  661,  244,  753,  772,  868,  693,  698,  797,  237,  297,  927,  748,  291,   35,  161, 1023,  426,  364,  811,  799],
        [  588,    0,  373,  785,  118,  729,  216,  421,  330,  341,  759,  533,  271,  203,  599,  541,  469,  403,  393,  820,    0,  889,  321,  692,  292,  195,  315,  962,  431,  584,  124,  514,  862,  541,  937,  554,  682,  335,  230,  745,  764,  359,  217,  370,  412,  548,  401,  545,  911,  200,  286,  196,  814,  885,  292,  568,  267,  271,  440,  163,  304,  422,  373,  472,  392,  865,  416,  759,  256,  268,  359,  529,  377,  667,  852,  473,  424,  387,  727,  857,  562,  484,  381,  839,  491,  377,  474,  990,  896,  244,  603,  693,  176,  437,  187,  794,  784,  328,  353,  719,  463,   57,  362,  501,  385,  456,  441,  392,  286,  910,  398,  446,  717,  820,  224,  376,  701,  238,  385,  617,  128,  646,  320,  985,  534,  257,  181,  167,  554,  721,  793,  420,  277,  501,  754,  563,  484,  799,  389,  488,  510,  561,  609,  622,  219,  297,  413,  528,  817,   69,  445,  774,  817,  893,  341,  823,  466,  310,  302,  739,  807,  487,  769,  301,  561,  474,  424,  481,  401,  485,  285,  723,  667,  618,  187,  891,  322,  736,  230,  747,  123,  485,  583,  579,  440,  194,  531,  787,  882,  393,  479,  458,  438,  224],
        [  634,    0,  919,  110, 1002,  482,  699,  780,  732,  592,  543,  363,  678,  710,  462,  421,  975,  968,  951,  297,  889,    0,  692,  439, 1085,  699,  742,  292,  787,  408,  833,  689,  347,  485,  188,  395,  501,  648,  713,  404,  238,  699,  701,  615,  646,  468, 1054,  421,  567,  704,  701,  932,  320,   10,  999,  601,  682,  988,  819,  791,  918,  913,  567,  444,  733,  357,  513,  141,  966,  952,  971,  549,  517,  613,  292,  555,  490,  503,  609,   48,  338,  408,  670,  351,  855,  630,  887,  692,  492, 1065,  311,  244,  727,  902,  962,  255,  148,  654,  795,  177,  680,  835,  593,  937,  826,  596,  449,  556,  700,  594,  554,  735,  699,  124,  666,  986,  241, 1043,  554,  351,  781,  284,  856,  694,  396,  653,  844,  752,  338,  259,  428, 1110,  614, 1195,  275,  635,  740,  317,  532,  981,  505,  895,  798,  747, 1040,  687,  500,  434,  412,  939,  828,  388,  198,  669,  603,  412,  862,  925,  929,  342,  219, 1127,  298,  728,  789,  786,  698,  450,  500,  481,  856,  460,  760,  536,  705,   59,  925,  572,  859,  481,  773, 1008,  396,  521,  847,  757,  440,  291,  147,  975,  413,  466, 1009,  940],
        [  663,    0,  618,  606,  429,  418,  136,  590,   48,  363,  442,  342,   74,  309,  585,  488,  318,  662,  272,  731,  321,  692,    0,  669,  403,  260,  472,  854,  165,  310,  205,  624,  574,  534,  796,  302,  370,  417,  100,  704,  650,  485,  131,  431,   92,  530,  366,  281,  594,  289,   37,  258,  532,  691,  309,  629,   75,  567,  192,  363,  564,  654,  384,  252,   99,  575,  387,  590,  547,  551,  628,  561,  301,  347,  759,  504,  213,  256,  407,  651,  432,  314,   62,  769,  684,  451,  259,  670,  586,  395,  482,  567,  174,  661,  492,  689,  631,   41,  121,  550,  148,  273,  102,  726,  163,  141,  312,  138,  408,  592,  407,  587,  401,  594,  222,  647,  464,  369,  387,  359,  198,  528,  168,  665,  454,  307,  178,  161,  371,  469,  490,  420,  252,  507,  489,  243,  187,  719,  171,  331,  512,  321,  320,  318,  373,  409,  363,  266,  516,  389,  634,  479,  567,  573,  100,  522,  238,  234,  567,  457,  552,  445,  495,  448,  274,  199,  547,  423,  333,  462,  164,  416,  362,  303,  198,  713,  580,  417,  173,  436,  281,  741,  525,  597,  211,  127,  489,  697,  734,  293,  308,  403,  704,  511],
        [  210,    0,  559,  353,  777,  730,  590,  406,  717,  356,  796,  394,  613,  491,   94,  181,  986,  601,  932,  179,  692,  439,  669,    0,  964,  511,  424,  316,  823,  554,  700,  287,  695,  153,  347,  504,  718,  362,  625,   60,  202,  370,  595,  325,  682,  148, 1005,  529,  888,  497,  654,  822,  646,  430,  915,  189,  615,  673,  854,  542,  584,  536,  323,  468,  755,  704,  294,  324,  655,  635,  619,  177,  371,  804,  208,  223,  480,  414,  832,  447,  276,  385,  686,  166,  454,  324,  925, 1015,  824,  925,  237,  222,  593,  520,  681,  194,  294,  630,  789,  316,  747,  652,  579,  538,  832,  659,  363,  555,  418,  908,  298,  355,  898,  481,  507,  630,  475,  912,  313,  517,  636,  214,  824, 1014,  221,  441,  741,  627,  373,  519,  722, 1048,  451, 1138,  566,  765,  811,  151,  511,  999,  182,  972,  922,  889,  898,  405,  311,  529,  722,  714,  442,  678,  545,  957,  572,  726,  901,  872,  596,  615,  556, 1093,  597,  423,  891,  845,  334,  246,  338,  216,  806,  708,  921,  709,  556,  396,  585,  807,  780,  740,  573,  620,  148,  126,  876,  656,  181,  162,  326,  949,  391,  267,  635,  640],
        [  877,    0,  645,  991,  280,  798,  395,  711,  375,  609,  805,  724,  407,  478,  871,  798,  307,  664,  247, 1072,  292, 1085,  403,  964,    0,  453,  606, 1208,  398,  713,  267,  805,  969,  812, 1167,  703,  749,  618,  374, 1013, 1004,  649,  391,  651,  476,  816,  172,  683,  951,  469,  387,  153,  930, 1083,  111,  855,  403,  512,  383,  453,  573,  697,  641,  641,  407,  969,  674,  971,  505,  524,  616,  809,  613,  690, 1103,  752,  595,  599,  748, 1046,  787,  685,  444, 1098,  776,  660,  370,  997,  960,   55,  835,  925,  378,  714,  430, 1038, 1005,  436,  338,  930,  488,  317,  495,  775,  336,  533,  659,  532,  573,  941,  667,  737,  702,  994,  460,  630,  864,   54,  651,  761,  329,  881,  269,  990,  780,  524,  242,  346,  751,  871,  877,  156,  518,  220,  892,  588,  469, 1054,  553,  324,  783,  452,  551,  588,   74,  583,  663,  667,  905,  311,  732,  872,  969,  898,  483,  911,  379,  200,  568,  857,  954,  233,  897,  591,  509,  433,  715,  733,  643,  749,  250,  801,  626,  680,  411, 1099,  590,  771,  230,  815,  396,  743,  840,  858,  365,  331,  791, 1037, 1107,  227,  679,  710,  691,  482],
        [  442,    0,  363,  593,  303,  603,  126,  334,  295,  156,  646,  351,  187,   50,  418,  351,  528,  410,  461,  629,  195,  699,  260,  511,  453,    0,  214,  770,  417,  433,  193,  386,  708,  360,  742,  393,  561,  179,  167,  561,  570,  235,  132,  206,  333,  364,  511,  390,  792,   30,  227,  315,  657,  695,  412,  414,  185,  342,  439,  119,  316,  396,  188,  304,  357,  712,  225,  567,  319,  316,  382,  361,  183,  576,  661,  302,  260,  203,  631,  669,  368,  300,  313,  650,  426,  219,  497,  889,  765,  415,  408,  499,  101,  402,  286,  601,  590,  242,  353,  527,  401,  146,  242,  467,  396,  357,  251,  258,  154,  797,  214,  337,  645,  638,   47,  401,  525,  401,  199,  454,  129,  452,  358,  885,  340,   72,  243,  133,  369,  550,  655,  547,   85,  636,  589,  482,  446,  608,  237,  545,  331,  571,  579,  574,  388,  158,  220,  374,  675,  240,  375,  628,  642,  797,  220,  681,  480,  387,  321,  585,  635,  601,  607,  191,  533,  455,  301,  288,  207,  298,  330,  592,  618,  506,   65,  699,  332,  630,  290,  620,   74,  486,  393,  408,  452,  174,  342,  595,  688,  471,  296,  265,  454,  285],
        [  279,    0,  187,  633,  371,  770,  339,  121,  509,  169,  822,  454,  398,  165,  338,  327,  735,  238,  664,  583,  315,  742,  472,  424,  606,  214,    0,  728,  631,  583,  379,  201,  840,  286,  730,  534,  734,   98,  381,  483,  554,   54,  345,  127,  539,  300,  699,  541,  960,  185,  440,  493,  786,  735,  593,  266,  397,  255,  653,  154,  177,  202,  183,  447,  570,  846,  235,  601,  235,  217,  231,  248,  275,  767,  615,  206,  416,  330,  819,  724,  412,  405,  522,  586,  213,  114,  709, 1067,  921,  558,  431,  506,  312,  202,  258,  572,  607,  450,  566,  567,  609,  297,  438,  262,  608,  554,  344,  444,   67,  969,  189,  133,  844,  714,  250,  248,  627,  552,  194,  588,  325,  461,  566, 1063,  346,  171,  439,  341,  460,  662,  808,  726,  238,  811,  708,  681,  657,  557,  409,  752,  257,  784,  790,  781,  533,   72,  257,  528,  823,  313,  162,  775,  741,  981,  417,  829,  693,  585,  188,  722,  739,  789,  733,   24,  745,  668,  111,  293,  271,  264,  536,  756,  824,  688,  278,  724,  184,  812,  490,  786,  227,  300,  361,  299,  665,  383,  309,  554,  687,  671,  404,  279,  283,  217],
        [  521,    0,  873,  292, 1060,  749,  815,  720,  900,  625,  814,  516,  817,  762,  391,  422, 1165,  916, 1125,  146,  962,  292,  854,  316, 1208,  770,  728,    0,  982,  629,  943,  601,  636,  443,  105,  597,  758,  653,  842,  257,  206,  676,  819,  615,  835,  430, 1216,  625,  856,  763,  851, 1058,  604,  283, 1141,  503,  820,  982, 1015,  827,  895,  851,  593,  608,  919,  646,  547,  289,  962,  943,  933,  486,  597,  866,  113,  522,  642,  613,  873,  331,  425,  540,  850,  153,  768,  620, 1087,  981,  781, 1178,  376,  288,  831,  835,  981,  170,  238,  813,  970,  320,  885,  915,  753,  851, 1008,  795,  552,  720,  711,  882,  571,  670,  958,  402,  752,  944,  481, 1160,  581,  575,  882,  329, 1021,  983,  431,  706,  971,  862,  488,  514,  708, 1266,  694, 1356,  545,  865,  949,  172,  683, 1174,  473, 1112, 1032,  986, 1151,  697,  551,  633,  695,  996,  757,  665,  481,  953,  755,  696, 1061, 1081,  907,  611,  500, 1298,  572,  724, 1013,  992,  647,  483,  567,  482, 1011,  727, 1007,  779,  799,  234,  897,  839,  999,  752,  840,  934,  381,  439, 1041,  881,  435,  177,  153, 1147,  547,  505,  950,  944],
        [  827,    0,  766,  714,  521,  412,  292,  750,  123,  527,  411,  466,  236,  466,  742,  642,  189,  807,  179,  869,  431,  787,  165,  823,  398,  417,  631,  982,    0,  380,  307,  788,  596,  693,  914,  395,  365,  581,  251,  854,  783,  647,  286,  595,  148,  688,  292,  367,  554,  447,  193,  292,  565,  787,  288,  792,  237,  696,   34,  511,  707,  805,  548,  375,   69,  594,  548,  704,  678,  686,  770,  723,  460,  294,  895,  667,  348,  410,  351,  741,  570,  450,  137,  911,  842,  615,  105,  602,  568,  412,  620,  699,  323,  814,  615,  823,  750,  198,   79,  667,  109,  396,  244,  880,   62,  191,  461,  270,  569,  544,  570,  750,  309,  676,  384,  788,  547,  384,  550,  437,  329,  665,  134,  596,  604,  470,  253,  300,  495,  539,  495,  351,  416,  425,  546,  196,   72,  860,  313,  195,  673,  157,  179,  200,  398,  571,  523,  356,  524,  497,  792,  498,  631,  502,  253,  529,   81,  198,  708,  497,  613,  348,  543,  608,  131,   44,  710,  579,  492,  621,  164,  419,  243,  298,  354,  817,  724,  376,  213,  428,  425,  887,  676,  757,   61,  257,  645,  835,  851,  206,  444,  561,  847,  644],
        [  647,    0,  766,  345,  701,  193,  369,  677,  342,  418,  254,  165,  324,  468,  501,  398,  569,  817,  550,  540,  584,  408,  310,  554,  713,  433,  583,  629,  380,    0,  493,  650,  279,  475,  549,   55,  168,  492,  365,  565,  448,  566,  369,  481,  246,  462,  657,   44,  379,  452,  330,  567,  230,  409,  616,  606,  328,  773,  413,  550,  734,  784,  415,  136,  331,  282,  378,  341,  750,  745,  799,  531,  311,  252,  560,  494,  174,  254,  280,  362,  280,  195,  274,  591,  772,  503,  480,  493,  339,  704,  318,  369,  409,  783,  717,  488,  391,  280,  397,  310,  273,  529,  228,  839,  424,  192,  250,  194,  520,  390,  423,  651,  347,  296,  387,  817,  168,  679,  408,   58,  458,  351,  463,  491,  350,  427,  483,  421,  182,  162,  226,  715,  362,  796,  179,  237,  332,  539,  199,  574,  470,  490,  403,  358,  681,  512,  348,   59,  244,  648,  728,  196,  258,  419,  247,  250,  455,  534,  742,  156,  242,  725,  188,  561,  387,  379,  605,  361,  323,  416,  469,  175,  382,  158,  405,  442,  748,  257,  483,  208,  495,  883,  415,  542,  440,  409,  412,  510,  487,  575,  193,  356,  862,  716],
