{
    "name": "random-20-5654",
    "comment": "size=20 seed=5654",
    "nodes": ["+0", "-0", "+1", "-1", "+2", "-2", "+3", "-3", "+4", "-4", "+5", "-5", "+6", "-6", "+7", "-7", "+8", "-8", "+9", "-9", "+10", "-10", "+11", "-11", "+12", "-12", "+13", "-13", "+14", "-14", "+15", "-15", "+16", "-16", "+17", "-17", "+18", "-18", "+19", "-19", "+20", "-20"],
    "precedence": {
        "+0": "-0",
        "+1": "-1",
        "+2": "-2",
        "+3": "-3",
        "+4": "-4",
        "+5": "-5",
        "+6": "-6",
        "+7": "-7",
        "+8": "-8",
        "+9": "-9",
        "+10": "-10",
        "+11": "-11",
        "+12": "-12",
        "+13": "-13",
        "+14": "-14",
        "+15": "-15",
        "+16": "-16",
        "+17": "-17",
        "+18": "-18",
        "+19": "-19",
        "+20": "-20"
    },
    "edges": [
        [    0,    0,  533,  468, 1021,  740,  642,  986, 1039,  510,  546,  688,  679,  749,  294,  253,  442,  703,  772,  796,  636,  753,  968,  141,  217,  695,  872,  510,  539,  756,  399,  327,  332,  802,  308,  819,  691,  873,  694,  398,  596,  406],
        [    0,    0,  533,  468, 1021,  740,  642,  986, 1039,  510,  546,  688,  679,  749,  294,  253,  442,  703,  772,  796,  636,  753,  968,  141,  217,  695,  872,  510,  539,  756,  399,  327,  332,  802,  308,  819,  691,  873,  694,  398,  596,  406],
        [  533,  533,    0,  541,  488,  456,  384,  460,  507,  264,  389,  295,  580,  583,  494,  585,  345,  275,  354,  338,  290,  572,  444,  396,  451,  256,  390,  369,  406,  492,  231,  395,  447,  557,  520,  577,  581,  653,  313,  171,  255,  328],
        [  468,  468,  541,    0,  926,  389,  320,  847,  937,  304,  215,  456, 1002, 1041,  697,  703,  198,  812,  891,  878,  395,  328,  935,  404,  609,  504,  924,  783,  823,  385,  314,  185,  701, 1050,  166, 1070,  245, 1141,  447,  548,  381,  684],
        [ 1021, 1021,  488,  926,    0,  628,  636,  111,   24,  627,  718,  481,  848,  796,  941, 1047,  740,  435,  437,  368,  537,  779,  129,  883,  919,  425,  302,  721,  739,  662,  674,  836,  882,  709,  965,  721,  842,  785,  496,  639,  546,  744],
        [  740,  740,  456,  389,  628,    0,  100,  528,  632,  248,  201,  180, 1032, 1038,  859,  913,  299,  699,  769,  727,  166,  152,  681,  619,  786,  242,  738,  815,  854,   39,  367,  422,  833, 1007,  511, 1026,  220, 1103,  159,  577,  204,  750],
        [  642,  642,  384,  320,  636,  100,    0,  545,  643,  152,  112,  156,  952,  964,  763,  815,  202,  643,  717,  681,  110,  189,  670,  520,  688,  216,  704,  732,  772,  123,  269,  327,  739,  940,  424,  960,  217, 1036,  140,  490,  131,  662],
        [  986,  986,  460,  847,  111,  528,  545,    0,  108,  556,  635,  393,  892,  850,  938, 1038,  668,  472,  491,  423,  453,  678,  219,  846,  906,  344,  373,  742,  765,  560,  618,  773,  883,  770,  900,  784,  745,  853,  406,  623,  468,  749],
        [ 1039, 1039,  507,  937,   24,  632,  643,  108,    0,  640,  728,  489,  870,  819,  962, 1068,  753,  458,  460,  391,  547,  783,  150,  902,  940,  435,  325,  744,  762,  665,  690,  850,  904,  731,  979,  743,  847,  806,  503,  660,  556,  766],
        [  510,  510,  264,  304,  627,  248,  152,  556,  640,    0,  125,  187,  811,  829,  612,  667,  113,  537,  615,  591,  129,  325,  632,  380,  538,  216,  628,  589,  629,  275,  120,  225,  588,  815,  347,  835,  320,  910,  188,  344,   94,  514],
        [  546,  546,  389,  215,  718,  201,  112,  635,  728,  125,    0,  243,  927,  949,  696,  737,  106,  661,  739,  713,  182,  222,  737,  434,  616,  293,  747,  704,  744,  212,  211,  223,  681,  938,  313,  958,  199, 1033,  233,  457,  176,  622],
        [  688,  688,  295,  456,  481,  180,  156,  393,  489,  187,  243,    0,  874,  872,  748,  820,  292,  523,  590,  547,   63,  324,  515,  553,  686,   64,  560,  663,  700,  218,  290,  411,  713,  835,  529,  854,  369,  930,   21,  441,   95,  612],
        [  679,  679,  580, 1002,  848, 1032,  952,  892,  870,  811,  927,  874,    0,   93,  394,  489,  846,  420,  412,  480,  868, 1136,  729,  634,  463,  829,  555,  224,  183, 1067,  720,  818,  347,  195,  896,  201, 1125,  218,  892,  471,  829,  318],
        [  749,  749,  583, 1041,  796, 1038,  964,  850,  819,  829,  949,  872,   93,    0,  473,  573,  875,  385,  360,  429,  873, 1151,  673,  692,  535,  823,  497,  260,  222, 1074,  747,  859,  421,  108,  947,  110, 1147,  129,  891,  498,  837,  366],
        [  294,  294,  494,  697,  941,  859,  763,  938,  962,  612,  696,  748,  394,  473,    0,  116,  595,  541,  591,  635,  715,  918,  856,  294,   89,  730,  720,  273,  287,  886,  494,  520,   65,  542,  559,  557,  879,  600,  761,  323,  671,  202],
        [  253,  253,  585,  703, 1047,  913,  815, 1038, 1068,  667,  737,  820,  489,  573,  116,    0,  632,  655,  706,  750,  780,  956,  966,  308,  136,  808,  833,  388,  400,  937,  548,  538,  180,  649,  551,  663,  907,  701,  830,  417,  736,  316],
        [  442,  442,  345,  198,  740,  299,  202,  668,  753,  113,  106,  292,  846,  875,  595,  632,    0,  618,  698,  681,  230,  325,  741,  329,  514,  327,  726,  623,  664,  315,  129,  126,  583,  874,  238,  894,  287,  967,  289,  378,  203,  534],
        [  703,  703,  275,  812,  435,  699,  643,  472,  458,  537,  661,  523,  420,  385,  541,  655,  618,    0,   80,   96,  539,  831,  328,  586,  544,  466,  179,  293,  306,  738,  498,  654,  478,  322,  772,  340,  850,  416,  543,  312,  512,  340],
        [  772,  772,  354,  891,  437,  769,  717,  491,  460,  615,  739,  590,  412,  360,  591,  706,  698,   80,    0,   70,  611,  904,  317,  659,  602,  531,  145,  327,  332,  807,  578,  733,  526,  280,  851,  295,  925,  367,  611,  387,  586,  393],
        [  796,  796,  338,  878,  368,  727,  681,  423,  391,  591,  713,  547,  480,  429,  635,  750,  681,   96,   70,    0,  574,  866,  250,  676,  639,  486,   85,  381,  390,  765,  568,  728,  572,  348,  850,  362,  894,  433,  568,  402,  553,  435],
        [  636,  636,  290,  395,  537,  166,  110,  453,  547,  129,  182,   63,  868,  873,  715,  780,  230,  539,  611,  574,    0,  294,  564,  504,  648,  113,  594,  651,  690,  202,  239,  351,  683,  843,  467,  862,  326,  939,   60,  418,   45,  591],
        [  753,  753,  572,  328,  779,  152,  189,  678,  783,  325,  222,  324, 1136, 1151,  918,  956,  325,  831,  904,  866,  294,    0,  832,  650,  838,  387,  883,  914,  954,  118,  430,  427,  902, 1129,  481, 1148,   94, 1225,  304,  669,  320,  837],
        [  968,  968,  444,  935,  129,  681,  670,  219,  150,  632,  737,  515,  729,  673,  856,  966,  741,  328,  317,  250,  564,  832,    0,  835,  844,  454,  177,  620,  634,  717,  656,  822,  795,  583,  951,  594,  884,  657,  533,  574,  562,  655],
        [  141,  141,  396,  404,  883,  619,  520,  846,  902,  380,  434,  553,  634,  692,  294,  308,  329,  586,  659,  676,  504,  650,  835,    0,  206,  557,  749,  437,  472,  639,  265,  232,  305,  728,  268,  747,  600,  808,  560,  275,  462,  329],
        [  217,  217,  451,  609,  919,  786,  688,  906,  940,  538,  616,  686,  463,  535,   89,  136,  514,  544,  602,  639,  648,  838,  844,  206,    0,  673,  721,  306,  331,  811,  420,  433,  116,  593,  471,  609,  795,  660,  697,  283,  604,  212],
        [  695,  695,  256,  504,  425,  242,  216,  344,  435,  216,  293,   64,  829,  823,  730,  808,  327,  466,  531,  486,  113,  387,  454,  557,  673,    0,  498,  624,  659,  280,  300,  439,  690,  781,  562,  800,  431,  877,   83,  413,  125,  581],
        [  872,  872,  390,  924,  302,  738,  704,  373,  325,  628,  747,  560,  555,  497,  720,  833,  726,  179,  145,   85,  594,  883,  177,  749,  721,  498,    0,  466,  474,  777,  619,  784,  656,  407,  909,  419,  919,  483,  580,  475,  579,  518],
        [  510,  510,  369,  783,  721,  815,  732,  742,  744,  589,  704,  663,  224,  260,  273,  388,  623,  293,  327,  381,  651,  914,  620,  437,  306,  624,  466,    0,   41,  849,  497,  600,  209,  294,  687,  312,  902,  372,  681,  248,  612,  108],
        [  539,  539,  406,  823,  739,  854,  772,  765,  762,  629,  744,  700,  183,  222,  287,  400,  664,  306,  332,  390,  690,  954,  634,  472,  331,  659,  474,   41,    0,  888,  537,  640,  225,  264,  725,  281,  942,  337,  718,  288,  650,  144],
        [  756,  756,  492,  385,  662,   39,  123,  560,  665,  275,  212,  218, 1067, 1074,  886,  937,  315,  738,  807,  765,  202,  118,  717,  639,  811,  280,  777,  849,  888,    0,  392,  434,  862, 1044,  516, 1064,  195, 1140,  198,  609,  238,  782],
        [  399,  399,  231,  314,  674,  367,  269,  618,  690,  120,  211,  290,  720,  747,  494,  548,  129,  498,  578,  568,  239,  430,  656,  265,  420,  300,  619,  497,  537,  392,    0,  167,  473,  745,  296,  765,  407,  838,  295,  250,  197,  411],
        [  327,  327,  395,  185,  836,  422,  327,  773,  850,  225,  223,  411,  818,  859,  520,  538,  126,  654,  733,  728,  351,  427,  822,  232,  433,  439,  784,  600,  640,  434,  167,    0,  519,  873,  130,  892,  370,  962,  410,  371,  319,  500],
        [  332,  332,  447,  701,  882,  833,  739,  883,  904,  588,  681,  713,  347,  421,   65,  180,  583,  478,  526,  572,  683,  902,  795,  305,  116,  690,  656,  209,  225,  862,  473,  519,    0,  484,  573,  500,  869,  546,  727,  278,  640,  140],
        [  802,  802,  557, 1050,  709, 1007,  940,  770,  731,  815,  938,  835,  195,  108,  542,  649,  874,  322,  280,  348,  843, 1129,  583,  728,  593,  781,  407,  294,  264, 1044,  745,  873,  484,    0,  971,   20, 1134,   97,  855,  503,  810,  401],
        [  308,  308,  520,  166,  965,  511,  424,  900,  979,  347,  313,  529,  896,  947,  559,  551,  238,  772,  851,  850,  467,  481,  951,  268,  471,  562,  909,  687,  725,  516,  296,  130,  573,  971,    0,  990,  405, 1056,  525,  476,  439,  582],
        [  819,  819,  577, 1070,  721, 1026,  960,  784,  743,  835,  958,  854,  201,  110,  557,  663,  894,  340,  295,  362,  862, 1148,  594,  747,  609,  800,  419,  312,  281, 1064,  765,  892,  500,   20,  990,    0, 1154,   77,  874,  523,  830,  419],
        [  691,  691,  581,  245,  842,  220,  217,  745,  847,  320,  199,  369, 1125, 1147,  879,  907,  287,  850,  925,  894,  326,   94,  884,  600,  795,  431,  919,  902,  942,  195,  407,  370,  869, 1134,  405, 1154,    0, 1230,  351,  655,  341,  818],
        [  873,  873,  653, 1141,  785, 1103, 1036,  853,  806,  910, 1033,  930,  218,  129,  600,  701,  967,  416,  367,  433,  939, 1225,  657,  808,  660,  877,  483,  372,  337, 1140,  838,  962,  546,   97, 1056,   77, 1230,    0,  951,  594,  906,  480],
        [  694,  694,  313,  447,  496,  159,  140,  406,  503,  188,  233,   21,  892,  891,  761,  830,  289,  543,  611,  568,   60,  304,  533,  560,  697,   83,  580,  681,  718,  198,  295,  410,  727,  855,  525,  874,  351,  951,    0,  456,   98,  628],
        [  398,  398,  171,  548,  639,  577,  490,  623,  660,  344,  457,  441,  471,  498,  323,  417,  378,  312,  387,  402,  418,  669,  574,  275,  283,  413,  475,  248,  288,  609,  250,  371,  278,  503,  476,  523,  655,  594,  456,    0,  376,  174],
        [  596,  596,  255,  381,  546,  204,  131,  468,  556,   94,  176,   95,  829,  837,  671,  736,  203,  512,  586,  553,   45,  320,  562,  462,  604,  125,  579,  612,  650,  238,  197,  319,  640,  810,  439,  830,  341,  906,   98,  376,    0,  549],
        [  406,  406,  328,  684,  744,  750,  662,  749,  766,  514,  622,  612,  318,  366,  202,  316,  534,  340,  393,  435,  591,  837,  655,  329,  212,  581,  518,  108,  144,  782,  411,  500,  140,  401,  582,  419,  818,  480,  628,  174,  549,    0]
    ]
}
