{
    "name": "random-7-30482",
    "comment": "size=7 seed=30482",
    "nodes": ["+0", "-0", "+1", "-1", "+2", "-2", "+3", "-3", "+4", "-4", "+5", "-5", "+6", "-6", "+7", "-7"],
    "precedence": {
        "+0": "-0",
        "+1": "-1",
        "+2": "-2",
        "+3": "-3",
        "+4": "-4",
        "+5": "-5",
        "+6": "-6",
        "+7": "-7"
    },
    "edges": [
        [    0,    0,  386,  846,  881,  678, 1028,  815,  786,  602,   36,  832,  481, 1128,  625,  257],
        [    0,    0,  386,  846,  881,  678, 1028,  815,  786,  602,   36,  832,  481, 1128,  625,  257],
        [  386,  386,    0,  828,  525,  386,  990,  969, 1003,  237,  370,  487,  251, 1066,  298,  395],
        [  846,  846,  828,    0,  824,  610,  182,  395,  548,  781,  871,  765,  593,  287,  689,  590],
        [  881,  881,  525,  824,    0,  254,  910, 1139, 1240,  288,  873,   63,  431,  934,  260,  765],
        [  678,  678,  386,  610,  254,    0,  728,  895,  988,  204,  678,  192,  200,  776,  103,  525],
        [ 1028, 1028,  990,  182,  910,  728,    0,  491,  655,  915, 1052,  857,  746,  112,  818,  772],
        [  815,  815,  969,  395, 1139,  895,  491,    0,  165, 1013,  848, 1077,  795,  595,  944,  604],
        [  786,  786, 1003,  548, 1240,  988,  655,  165,    0, 1082,  821, 1177,  862,  759, 1024,  615],
        [  602,  602,  237,  781,  288,  204,  915, 1013, 1082,    0,  592,  252,  221,  971,  102,  528],
        [   36,   36,  370,  871,  873,  678, 1052,  848,  821,  592,    0,  826,  482, 1151,  620,  281],
        [  832,  832,  487,  765,   63,  192,  857, 1077, 1177,  252,  826,    0,  374,  886,  208,  707],
        [  481,  481,  251,  593,  431,  200,  746,  795,  862,  221,  482,  374,    0,  818,  176,  334],
        [ 1128, 1128, 1066,  287,  934,  776,  112,  595,  759,  971, 1151,  886,  818,    0,  871,  872],
        [  625,  625,  298,  689,  260,  103,  818,  944, 1024,  102,  620,  208,  176,  871,    0,  508],
        [  257,  257,  395,  590,  765,  525,  772,  604,  615,  528,  281,  707,  334,  872,  508,    0]
    ]
}
