{
    "name": "random-51-30138",
    "comment": "size=51 seed=30138",
    "nodes": ["+0", "-0", "+1", "-1", "+2", "-2", "+3", "-3", "+4", "-4", "+5", "-5", "+6", "-6", "+7", "-7", "+8", "-8", "+9", "-9", "+10", "-10", "+11", "-11", "+12", "-12", "+13", "-13", "+14", "-14", "+15", "-15", "+16", "-16", "+17", "-17", "+18", "-18", "+19", "-19", "+20", "-20", "+21", "-21", "+22", "-22", "+23", "-23", "+24", "-24", "+25", "-25", "+26", "-26", "+27", "-27", "+28", "-28", "+29", "-29", "+30", "-30", "+31", "-31", "+32", "-32", "+33", "-33", "+34", "-34", "+35", "-35", "+36", "-36", "+37", "-37", "+38", "-38", "+39", "-39", "+40", "-40", "+41", "-41", "+42", "-42", "+43", "-43", "+44", "-44", "+45", "-45", "+46", "-46", "+47", "-47", "+48", "-48", "+49", "-49", "+50", "-50", "+51", "-51"],
    "precedence": {
        "+0": "-0",
        "+1": "-1",
        "+2": "-2",
        "+3": "-3",
        "+4": "-4",
        "+5": "-5",
        "+6": "-6",
        "+7": "-7",
        "+8": "-8",
        "+9": "-9",
        "+10": "-10",
        "+11": "-11",
        "+12": "-12",
        "+13": "-13",
        "+14": "-14",
        "+15": "-15",
        "+16": "-16",
        "+17": "-17",
        "+18": "-18",
        "+19": "-19",
        "+20": "-20",
        "+21": "-21",
        "+22": "-22",
        "+23": "-23",
        "+24": "-24",
        "+25": "-25",
        "+26": "-26",
        "+27": "-27",
        "+28": "-28",
        "+29": "-29",
        "+30": "-30",
        "+31": "-31",
        "+32": "-32",
        "+33": "-33",
        "+34": "-34",
        "+35": "-35",
        "+36": "-36",
        "+37": "-37",
        "+38": "-38",
        "+39": "-39",
        "+40": "-40",
        "+41": "-41",
        "+42": "-42",
        "+43": "-43",
        "+44": "-44",
        "+45": "-45",
        "+46": "-46",
        "+47": "-47",
        "+48": "-48",
        "+49": "-49",
        "+50": "-50",
        "+51": "-51"
    },
    "edges": [
        [    0,    0,  260,  473,  643,   34,  483,  526,  191,  535,  310,  563,  350,  539,  262,  584,  168,  561,  110,  613,  203,  269,  361,  203,  449,  406,  233,  407,  445,  376,  599,  259,  650,  279,  559,  796,  304,  519,   56,  617,  156,  502,  284,  786,  799,  482,  523,  521,  451,  576,  170,  544,  433,  415,  219,  265,  534,  756,  515,  703,  526,  511,  415,  348,  458,  482,  578,  583,   87,  200,  363,  112,  445,  580,   58,  501,  721,  772,  519,  872,  482,  637,  392,  358,  243,  427,  347,  320,  827,  153,   94,  266,  677,  241,  698,  559,  307,  345,  418,  224,  406,  413,  512,  610],
        [    0,    0,    0,    0,    0,    0,    0,    0,    0,    0,    0,    0,    0,    0,    0,    0,    0,    0,    0,    0,    0,    0,    0,    0,    0,    0,    0,    0,    0,    0,    0,    0,    0,    0,    0,    0,    0,    0,    0,    0,    0,    0,    0,    0,    0,    0,    0,    0,    0,    0,    0,    0,    0,    0,    0,    0,    0,    0,    0,    0,    0,    0,    0,    0,    0,    0,    0,    0,    0,    0,    0,    0,    0,    0,    0,    0,    0,    0,    0,    0,    0,    0,    0,    0,    0,    0,    0,    0,    0,    0,    0,    0,    0,    0,    0,    0,    0,    0,    0,    0,    0,    0,    0,    0],
        [  260,    0,    0,  469,  892,  234,  363,  785,  200,  764,  308,  690,  238,  780,  206,  842,  426,  742,  303,  868,  447,  275,  252,   73,  684,  500,  315,  345,  702,  622,  804,  402,  907,  260,  519,  972,  228,  369,  314,  485,  407,  620,  315,  953,  990,  729,  712,  435,  682,  620,  227,  743,  279,  620,  337,  521,  770,  964,  519,  887,  765,  711,  331,  488,  345,  539,  628,  532,  342,  274,  337,  371,  703,  461,  226,  598,  886,  945,  675, 1059,  602,  871,  600,  482,  409,  593,  419,  349,  992,  381,  181,  358,  803,  265,  895,  507,  545,  322,  264,  369,  460,  601,  699,  854],
        [  473,    0,  469,    0,  781,  447,  213,  803,  308,  599,  173,  324,  247,  927,  644,  872,  516,  461,  381,  932,  636,  691,  715,  419,  860,  177,  687,  799,  772,  773,  562,  275,  960,  218,  100,  635,  242,  271,  478,  275,  480,  264,  190,  601,  683,  644,  459,  156,  869,  164,  602,  503,  748,  439,  684,  644,  629,  701,   50,  580,  921,  484,  792,  260,  812,  121,  175,  131,  531,  647,  776,  510,  692,  232,  506,  217,  543,  606,  364,  734,  259,  698,  437,  231,  715,  341,  156,  760,  633,  417,  499,  727,  409,  669,  616,  114,  730,  149,  733,  289,  108,  391,  447,  728],
        [  643,    0,  892,  781,    0,  663,  944,  231,  734,  186,  743,  537,  864,  467,  884,  257,  478,  373,  593,  332,  535,  859,  982,  824,  499,  604,  786,  996,  322,  452,  279,  556,  327,  757,  874,  451,  815, 1001,  588, 1048,  488,  554,  704,  481,  390,  163,  350,  924,  519,  731,  781,  310, 1062,  342,  747,  441,  153,  295,  784,  380,  479,  313, 1014,  526, 1067,  682,  720,  905,  581,  781,  939,  538,  221, 1003,  694,  601,  457,  451,  457,  453,  547,  124,  348,  554,  689,  443,  644,  871,  507,  513,  736,  787,  569,  832,  324,  893,  508,  771, 1048,  572,  675,  390,  357,   56],
        [   34,    0,  234,  447,  663,    0,  451,  553,  159,  547,  281,  554,  317,  572,  260,  612,  193,  561,  102,  643,  237,  276,  357,  173,  483,  390,  249,  410,  474,  409,  606,  247,  680,  248,  531,  797,  272,  485,   82,  584,  175,  491,  257,  785,  803,  501,  525,  490,  484,  556,  177,  549,  425,  420,  240,  296,  548,  763,  490,  705,  559,  515,  415,  338,  456,  462,  558,  554,  120,  213,  369,  139,  470,  547,   65,  486,  719,  772,  515,  876,  471,  651,  398,  345,  271,  424,  326,  333,  826,  161,   85,  285,  669,  249,  703,  530,  340,  315,  410,  211,  384,  414,  513,  628],
        [  483,    0,  363,  213,  944,  451,    0,  924,  293,  771,  208,  534,  138, 1004,  565,  992,  587,  659,  430, 1041,  679,  629,  612,  343,  923,  364,  649,  707,  873,  841,  754,  393, 1074,  214,  197,  846,  180,   61,  511,  134,  554,  470,  248,  813,  891,  793,  650,   85,  927,  370,  558,  692,  624,  607,  659,  715,  795,  901,  250,  786,  993,  669,  692,  422,  699,  332,  383,  195,  563,  606,  698,  560,  818,  101,  493,  425,  753,  816,  564,  944,  461,  876,  598,  397,  712,  523,  303,  702,  846,  495,  467,  693,  622,  613,  817,  175,  782,  175,  610,  386,  290,  564,  637,  894],
        [  526,    0,  785,  803,  231,  553,  924,    0,  666,  313,  717,  641,  818,  238,  730,   69,  363,  502,  514,  138,  365,  691,  823,  726,  271,  638,  612,  820,  105,  237,  438,  538,  159,  716,  903,  648,  767,  976,  472, 1045,  389,  632,  677,  669,  599,  199,  464,  925,  291,  801,  628,  438,  906,  397,  571,  273,  274,  508,  820,  562,  250,  424,  842,  547,  897,  729,  793,  934,  447,  618,  761,  415,  112, 1001,  566,  671,  630,  641,  556,  668,  619,  326,  388,  576,  502,  505,  651,  689,  702,  438,  611,  604,  706,  666,  515,  917,  307,  751,  894,  539,  697,  447,  465,  247],
        [  191,    0,  200,  308,  734,  159,  293,  666,    0,  587,  136,  492,  162,  717,  340,  730,  309,  546,  153,  771,  388,  384,  419,  131,  633,  304,  382,  497,  600,  554,  614,  207,  806,   94,  382,  774,  114,  331,  221,  427,  279,  422,  126,  754,  795,  572,  519,  333,  636,  441,  295,  552,  466,  434,  383,  432,  599,  774,  355,  691,  706,  521,  493,  289,  520,  352,  446,  404,  271,  341,  470,  273,  568,  389,  208,  402,  688,  746,  476,  863,  404,  696,  416,  283,  426,  396,  224,  453,  793,  230,  193,  424,  605,  362,  702,  379,  491,  165,  450,  176,  272,  409,  505,  690],
        [  535,    0,  764,  599,  186,  547,  771,  313,  587,    0,  577,  356,  703,  538,  792,  369,  385,  198,  461,  446,  482,  781,  892,  693,  536,  422,  717,  923,  361,  464,  126,  394,  456,  597,  691,  345,  656,  830,  483,  869,  383,  369,  539,  361,  310,  120,  168,  745,  555,  546,  692,  132,  967,  165,  683,  400,   41,  238,  600,  253,  544,  129,  936,  350,  985,  497,  536,  722,  492,  703,  870,  443,  231,  825,  591,  416,  318,  334,  274,  385,  362,  109,  177,  376,  642,  260,  469,  808,  396,  387,  628,  729,  401,  752,  213,  711,  493,  602,  952,  415,  495,  210,  174,  131],
        [  310,    0,  308,  173,  743,  281,  208,  717,  136,  577,    0,  401,  131,  804,  472,  784,  387,  491,  234,  835,  491,  519,  546,  250,  728,  209,  516,  628,  667,  644,  576,  188,  867,   48,  250,  704,   95,  262,  325,  332,  352,  331,   41,  678,  736,  589,  473,  220,  735,  314,  430,  512,  585,  413,  515,  516,  597,  731,  221,  630,  796,  486,  622,  235,  646,  232,  321,  273,  379,  475,  604,  367,  611,  289,  338,  300,  613,  674,  406,  798,  316,  684,  401,  216,  552,  344,  128,  588,  715,  291,  327,  557,  509,  497,  651,  249,  591,   37,  569,  179,  155,  375,  460,  694],
        [  563,    0,  690,  324,  537,  554,  534,  641,  492,  356,  401,    0,  526,  830,  807,  705,  501,  167,  454,  778,  636,  829,  898,  622,  795,  193,  793,  962,  652,  708,  272,  308,  795,  443,  390,  313,  496,  593,  535,  593,  474,   71,  381,  281,  361,  446,  189,  478,  810,  209,  730,  228,  954,  249,  774,  596,  394,  387,  302,  260,  831,  227,  964,  216, 1000,  203,  196,  417,  575,  763,  923,  532,  535,  552,  617,  109,  220,  283,   85,  411,   88,  429,  264,  213,  770,  157,  276,  883,  316,  428,  633,  823,  116,  802,  301,  415,  699,  406,  938,  344,  254,  206,  183,  482],
        [  350,    0,  238,  247,  864,  317,  138,  818,  162,  703,  131,  526,    0,  879,  434,  884,  468,  622,  310,  928,  549,  494,  489,  207,  794,  336,  512,  581,  758,  716,  706,  310,  962,  107,  283,  832,   52,  170,  383,  271,  437,  456,  165,  805,  866,  706,  604,  199,  798,  408,  420,  643,  512,  540,  522,  593,  721,  862,  295,  760,  868,  615,  568,  365,  582,  341,  418,  295,  432,  469,  568,  434,  716,  239,  356,  421,  740,  803,  536,  927,  442,  811,  526,  346,  575,  475,  257,  568,  841,  382,  330,  556,  629,  478,  782,  270,  653,  120,  496,  293,  273,  504,  590,  817],
        [  539,    0,  780,  927,  467,  572, 1004,  238,  717,  538,  804,  830,  879,    0,  665,  218,  418,  712,  574,  167,  337,  607,  743,  736,  100,  783,  527,  712,  181,  164,  663,  653,  201,  790, 1026,  879,  830, 1047,  498, 1134,  453,  807,  767,  898,  834,  419,  670, 1023,  111,  960,  577,  652,  825,  582,  487,  289,  501,  745,  954,  790,   20,  632,  739,  691,  795,  877,  954, 1055,  452,  548,  654,  445,  309, 1092,  556,  837,  854,  870,  749,  904,  790,  563,  566,  718,  405,  680,  772,  581,  932,  516,  599,  503,  911,  589,  746, 1035,  235,  841,  816,  640,  827,  625,  668,  485],
        [  262,    0,  206,  644,  884,  260,  565,  730,  340,  792,  472,  807,  434,  665,    0,  776,  411,  820,  360,  785,  367,   75,  100,  230,  566,  632,  143,  158,  633,  525,  861,  501,  825,  426,  707, 1056,  413,  575,  311,  690,  410,  742,  465, 1045, 1060,  728,  784,  633,  558,  780,  104,  805,  179,  677,  180,  459,  788, 1016,  692,  964,  648,  772,  158,  592,  197,  691,  785,  724,  305,  118,  135,  351,  672,  665,  204,  731,  979, 1031,  773, 1134,  722,  891,  654,  596,  262,  683,  558,  146, 1085,  415,  176,  179,  923,   80,  959,  699,  444,  496,  165,  464,  610,  673,  772,  857],
        [  584,    0,  842,  872,  257,  612,  992,   69,  730,  369,  784,  705,  884,  218,  776,    0,  424,  562,  578,   78,  411,  732,  866,  785,  275,  707,  652,  856,  144,  264,  492,  607,   91,  783,  971,  694,  833, 1043,  531, 1113,  451,  699,  744,  719,  641,  260,  525,  993,  294,  868,  676,  497,  949,  464,  610,  324,  329,  547,  889,  612,  234,  485,  880,  616,  936,  798,  860, 1002,  502,  661,  797,  474,  181, 1069,  620,  738,  683,  690,  621,  706,  686,  367,  455,  645,  537,  572,  719,  724,  749,  503,  665,  640,  767,  709,  562,  986,  341,  818,  938,  607,  765,  514,  527,  286],
        [  168,    0,  426,  516,  478,  193,  587,  363,  309,  385,  387,  501,  468,  418,  411,  424,    0,  453,  159,  462,  137,  397,  511,  364,  346,  393,  334,  538,  292,  259,  468,  247,  498,  374,  613,  681,  418,  633,  113,  716,   36,  455,  349,  679,  672,  319,  411,  605,  354,  575,  309,  421,  588,  297,  303,  130,  378,  616,  548,  585,  410,  389,  552,  309,  601,  484,  573,  641,  108,  319,  486,   61,  278,  675,  217,  470,  617,  660,  438,  747,  435,  481,  273,  331,  277,  347,  365,  427,  720,  100,  260,  350,  607,  368,  569,  620,  216,  423,  574,  227,  423,  313,  401,  447],
        [  561,    0,  742,  461,  373,  561,  659,  502,  546,  198,  491,  167,  622,  712,  820,  562,  453,    0,  462,  638,  579,  827,  918,  670,  693,  296,  777,  967,  532,  611,  106,  340,  650,  524,  541,  236,  582,  719,  519,  736,  435,  202,  460,  228,  250,  303,   44,  615,  710,  373,  730,   66,  983,  156,  750,  517,  238,  243,  450,  146,  715,   80,  975,  260, 1017,  345,  360,  570,  547,  754,  921,  499,  405,  693,  618,  252,  165,  212,   98,  318,  203,  262,  180,  276,  729,  150,  366,  870,  269,  409,  645,  799,  205,  798,  161,  564,  619,  507,  967,  374,  369,  148,   52,  319],
        [  110,    0,  303,  381,  593,  102,  430,  514,  153,  461,  234,  454,  310,  574,  360,  578,  159,  462,    0,  619,  258,  376,  457,  233,  495,  298,  342,  511,  449,  412,  510,  150,  654,  217,  473,  697,  259,  475,   98,  561,  128,  393,  200,  685,  705,  430,  427,  453,  501,  472,  277,  452,  523,  324,  327,  286,  467,  669,  420,  606,  564,  419,  516,  239,  557,  378,  473,  500,  151,  309,  470,  133,  418,  520,  163,  392,  619,  672,  414,  777,  372,  568,  303,  248,  341,  323,  244,  429,  725,   81,  185,  375,  569,  348,  606,  477,  357,  270,  507,  115,  304,  315,  414,  553],
        [  613,    0,  868,  932,  332,  643, 1041,  138,  771,  446,  835,  778,  928,  167,  785,   78,  462,  638,  619,    0,  426,  734,  870,  815,  246,  771,  653,  851,  171,  261,  569,  663,   41,  830, 1032,  772,  877, 1090,  563, 1165,  492,  769,  795,  797,  718,  336,  601, 1048,  263,  936,  687,  574,  953,  534,  612,  348,  406,  624,  952,  690,  186,  561,  877,  679,  933,  863,  929, 1062,  528,  668,  793,  506,  247, 1122,  644,  807,  761,  768,  694,  782,  755,  444,  525,  708,  534,  641,  778,  719,  827,  548,  689,  637,  843,  713,  640, 1045,  342,  870,  943,  659,  826,  584,  602,  363],
        [  203,    0,  447,  636,  535,  237,  679,  365,  388,  482,  491,  636,  549,  337,  367,  411,  137,  579,  258,  426,    0,  329,  459,  400,  247,  526,  252,  463,  268,  176,  581,  376,  466,  469,  730,  801,  502,  718,  169,  812,  167,  591,  458,  802,  784,  392,  536,  709,  249,  707,  265,  540,  542,  423,  213,   95,  466,  719,  672,  704,  323,  509,  483,  444,  537,  615,  706,  757,  118,  254,  406,  127,  315,  773,  222,  605,  743,  782,  571,  860,  570,  566,  400,  465,  160,  482,  490,  337,  842,  226,  266,  253,  742,  303,  682,  735,  104,  527,  530,  352,  550,  445,  527,  516],
        [  269,    0,  275,  691,  859,  276,  629,  691,  384,  781,  519,  829,  494,  607,   75,  732,  397,  827,  376,  734,  329,    0,  136,  288,  507,  662,   82,  142,  590,  474,  859,  523,  774,  475,  761, 1062,  468,  642,  309,  756,  402,  766,  507, 1054, 1061,  708,  789,  692,  498,  820,  100,  807,  220,  678,  123,  423,  773, 1011,  739,  968,  589,  773,  157,  614,  209,  728,  824,  779,  290,   78,   94,  339,  642,  729,  213,  760,  989, 1038,  788, 1136,  746,  876,  655,  620,  203,  696,  593,   74, 1095,  418,  200,  109,  944,   30,  959,  754,  394,  546,  210,  486,  648,  680,  777,  835],
        [  361,    0,  252,  715,  982,  357,  612,  823,  419,  892,  546,  898,  489,  743,  100,  866,  511,  918,  457,  870,  459,  136,    0,  297,  643,  718,  218,   99,  724,  610,  960,  593,  910,  499,  770, 1153,  476,  612,  411,  727,  510,  832,  545, 1141, 1159,  827,  882,  685,  633,  858,  203,  904,   84,  775,  259,  553,  887, 1116,  764, 1061,  724,  871,   81,  685,  102,  771,  864,  783,  404,  206,  119,  451,  768,  708,  303,  818, 1075, 1128,  867, 1232,  812,  991,  753,  686,  339,  778,  642,  175, 1181,  514,  273,  241, 1014,  158, 1058,  758,  529,  566,   74,  556,  690,  771,  870,  956],
        [  203,    0,   73,  419,  824,  173,  343,  726,  131,  693,  250,  622,  207,  736,  230,  785,  364,  670,  233,  815,  400,  288,  297,    0,  643,  434,  309,  382,  647,  575,  732,  331,  853,  203,  479,  901,  184,  361,  254,  472,  343,  553,  252,  882,  919,  661,  641,  405,  642,  563,  217,  671,  338,  548,  323,  467,  700,  892,  468,  816,  722,  639,  373,  417,  396,  478,  570,  495,  288,  266,  364,  312,  639,  443,  181,  533,  816,  874,  604,  988,  534,  800,  528,  412,  386,  522,  354,  361,  922,  312,  142,  353,  736,  271,  823,  470,  502,  270,  321,  297,  398,  529,  627,  786],
        [  449,    0,  684,  860,  499,  483,  923,  271,  633,  536,  728,  795,  794,  100,  566,  275,  346,  693,  495,  246,  247,  507,  643,  643,    0,  727,  427,  614,  181,   90,  657,  589,  285,  710,  958,  880,  746,  963,  413, 1054,  381,  765,  693,  894,  842,  418,  650,  947,   21,  907,  478,  638,  725,  551,  387,  217,  504,  759,  891,  787,   83,  614,  641,  637,  697,  821,  903,  986,  364,  449,  556,  363,  307, 1014,  463,  790,  844,  868,  717,  915,  746,  580,  533,  662,  305,  641,  708,  482,  930,  445,  505,  404,  885,  490,  748,  965,  143,  764,  716,  572,  765,  590,  646,  507],
        [  406,    0,  500,  177,  604,  390,  364,  638,  304,  422,  209,  193,  336,  783,  632,  707,  393,  296,  298,  771,  526,  662,  718,  434,  727,    0,  637,  789,  618,  638,  391,  153,  796,  250,  272,  497,  304,  424,  391,  449,  360,  123,  188,  470,  533,  470,  287,  326,  738,  182,  564,  330,  769,  263,  624,  512,  452,  538,  184,  428,  779,  309,  788,   93,  820,   95,  180,  303,  440,  602,  754,  405,  527,  405,  454,  100,  405,  467,  203,  592,  108,  522,  262,   65,  636,  164,   83,  722,  507,  300,  463,  671,  304,  636,  455,  290,  608,  217,  753,  184,   75,  214,  274,  551],
        [  233,    0,  315,  687,  786,  249,  649,  612,  382,  717,  516,  793,  512,  527,  143,  652,  334,  777,  342,  653,  252,   82,  218,  309,  427,  637,    0,  211,  511,  393,  801,  491,  693,  476,  764, 1010,  479,  669,  261,  780,  345,  734,  499, 1005, 1004,  638,  737,  706,  418,  804,   92,  752,  301,  625,   42,  347,  706,  950,  733,  915,  509,  719,  231,  580,  286,  710,  806,  785,  232,   44,  155,  281,  567,  750,  185,  733,  941,  988,  746, 1080,  713,  809,  601,  590,  122,  653,  574,   93, 1046,  371,  190,   45,  907,   64,  902,  760,  313,  546,  291,  456,  632,  632,  727,  764],
        [  407,    0,  345,  799,  996,  410,  707,  820,  497,  923,  628,  962,  581,  712,  158,  856,  538,  967,  511,  851,  463,  142,   99,  382,  614,  789,  211,    0,  717,  594, 1000,  655,  891,  582,  859, 1202,  564,  709,  450,  825,  543,  897,  623, 1193, 1202,  847,  929,  779,  602,  937,  238,  948,  143,  819,  251,  558,  914, 1153,  848, 1108,  692,  914,   32,  747,   85,  848,  943,  874,  432,  220,   59,  481,  777,  804,  350,  888, 1128, 1178,  924, 1277,  877, 1017,  796,  751,  320,  833,  715,  133, 1234,  558,  329,  216, 1078,  171, 1100,  849,  516,  651,  143,  618,  767,  820,  918,  974],
        [  445,    0,  702,  772,  322,  474,  873,  105,  600,  361,  667,  652,  758,  181,  633,  144,  292,  532,  449,  171,  268,  590,  724,  647,  181,  618,  511,  717,    0,  134,  485,  500,  207,  661,  872,  705,  707,  921,  394,  998,  322,  632,  628,  722,  664,  242,  490,  882,  201,  791,  533,  473,  807,  404,  470,  182,  327,  580,  795,  614,  185,  452,  740,  526,  795,  712,  785,  902,  361,  519,  659,  336,  131,  955,  479,  665,  676,  695,  570,  737,  616,  400,  389,  554,  398,  504,  617,  586,  757,  379,  524,  501,  731,  567,  573,  884,  203,  703,  795,  494,  669,  449,  488,  327],
        [  376,    0,  622,  773,  452,  409,  841,  237,  554,  464,  644,  708,  716,  164,  525,  264,  259,  611,  412,  261,  176,  474,  610,  575,   90,  638,  393,  594,  134,    0,  582,  500,  301,  628,  871,  806,  667,  884,  335,  972,  294,  676,  607,  818,  773,  350,  567,  863,  103,  818,  429,  558,  693,  466,  352,  130,  435,  694,  803,  711,  153,  533,  618,  548,  675,  731,  814,  899,  290,  408,  535,  282,  243,  931,  397,  701,  766,  792,  631,  847,  658,  519,  447,  573,  275,  553,  619,  462,  855,  358,  441,  378,  800,  453,  676,  878,   82,  680,  682,  484,  676,  503,  563,  451],
        [  599,    0,  804,  562,  279,  606,  754,  438,  614,  126,  576,  272,  706,  663,  861,  492,  468,  106,  510,  569,  581,  859,  960,  732,  657,  391,  801, 1000,  485,  582,    0,  409,  577,  604,  644,  224,  664,  814,  552,  836,  458,  306,  542,  237,  204,  244,  104,  715,  676,  478,  765,   64, 1030,  186,  770,  507,  164,  161,  553,  130,  669,   94, 1011,  341, 1057,  448,  465,  673,  571,  783,  950,  521,  355,  793,  657,  356,  193,  211,  202,  280,  306,  161,  208,  362,  739,  233,  455,  894,  273,  447,  689,  818,  291,  830,  101,  666,  604,  595, 1015,  439,  465,  206,  118,  227],
        [  259,    0,  402,  275,  556,  247,  393,  538,  207,  394,  188,  308,  310,  653,  501,  607,  247,  340,  150,  663,  376,  523,  593,  331,  589,  153,  491,  655,  500,  500,  409,    0,  692,  204,  374,  571,  263,  448,  239,  508,  212,  244,  148,  554,  589,  402,  313,  387,  598,  332,  423,  346,  652,  233,  475,  372,  411,  569,  303,  486,  647,  316,  658,   92,  694,  240,  331,  404,  288,  458,  616,  254,  429,  463,  311,  243,  487,  544,  276,  658,  224,  502,  218,   99,  484,  192,  120,  578,  594,  150,  326,  523,  423,  495,  496,  385,  463,  218,  636,   37,  177,  204,  299,  508],
        [  650,    0,  907,  960,  327,  680, 1074,  159,  806,  456,  867,  795,  962,  201,  825,   91,  498,  650,  654,   41,  466,  774,  910,  853,  285,  796,  693,  891,  207,  301,  577,  692,    0,  863, 1059,  773,  911, 1124,  600, 1197,  527,  789,  827,  800,  716,  350,  615, 1078,  301,  958,  727,  585,  994,  554,  652,  386,  415,  621,  978,  694,  221,  574,  917,  705,  973,  887,  951, 1090,  566,  708,  833,  543,  270, 1153,  682,  828,  767,  770,  711,  779,  776,  443,  546,  734,  574,  662,  806,  759,  829,  582,  727,  677,  855,  753,  642, 1073,  382,  901,  983,  690,  853,  604,  617,  363],
        [  279,    0,  260,  218,  757,  248,  214,  716,   94,  597,   48,  443,  107,  790,  426,  783,  374,  524,  217,  830,  469,  475,  499,  203,  710,  250,  476,  582,  661,  628,  604,  204,  863,    0,  289,  742,   60,  261,  301,  345,  341,  373,   64,  717,  771,  600,  503,  243,  715,  362,  388,  541,  538,  435,  477,  502,  614,  762,  267,  665,  780,  513,  575,  265,  598,  279,  369,  310,  353,  434,  559,  347,  613,  305,  301,  344,  652,  713,  443,  835,  357,  705,  421,  249,  518,  375,  168,  545,  755,  282,  286,  517,  552,  454,  684,  285,  570,   72,  522,  186,  201,  401,  490,  710],
        [  559,    0,  519,  100,  874,  531,  197,  903,  382,  691,  250,  390,  283, 1026,  707,  971,  613,  541,  473, 1032,  730,  761,  770,  479,  958,  272,  764,  859,  872,  871,  644,  374, 1059,  289,    0,  694,  295,  243,  569,  207,  577,  339,  276,  657,  749,  741,  544,  115,  966,  194,  676,  587,  794,  534,  764,  742,  722,  775,   92,  649, 1019,  572,  848,  358,  864,  197,  208,   32,  623,  722,  841,  604,  791,  170,  587,  290,  603,  665,  443,  793,  339,  787,  532,  329,  801,  432,  255,  832,  685,  514,  575,  805,  457,  740,  689,   27,  826,  218,  779,  387,  207,  484,  532,  820],
        [  796,    0,  972,  635,  451,  797,  846,  648,  774,  345,  704,  313,  832,  879, 1056,  694,  681,  236,  697,  772,  801, 1062, 1153,  901,  880,  497, 1010, 1202,  705,  806,  224,  571,  773,  742,  694,    0,  798,  905,  754,  900,  667,  379,  678,   46,   78,  463,  274,  789,  899,  503,  965,  261, 1218,  386,  982,  730,  379,  167,  610,   98,  887,  293, 1210,  485, 1252,  515,  489,  719,  779,  988, 1155,  730,  575,  860,  854,  421,   93,   30,  300,   99,  391,  330,  410,  495,  956,  380,  576, 1103,   57,  644,  881, 1030,  242, 1033,  134,  720,  828,  713, 1202,  606,  564,  383,  285,  411],
        [  304,    0,  228,  242,  815,  272,  180,  767,  114,  656,   95,  496,   52,  830,  413,  833,  418,  582,  259,  877,  502,  468,  476,  184,  746,  304,  479,  564,  707,  667,  664,  263,  911,   60,  295,  798,    0,  218,  334,  313,  386,  425,  123,  772,  829,  657,  562,  227,  750,  397,  388,  600,  507,  494,  486,  543,  673,  821,  292,  723,  819,  572,  554,  324,  572,  321,  405,  312,  385,  437,  547,  385,  666,  277,  315,  394,  707,  769,  500,  892,  411,  764,  480,  307,  535,  434,  222,  540,  810,  331,  293,  522,  603,  450,  742,  287,  605,   98,  491,  244,  248,  460,  549,  768],
        [  519,    0,  369,  271, 1001,  485,   61,  976,  331,  830,  262,  593,  170, 1047,  575, 1043,  633,  719,  475, 1090,  718,  642,  612,  361,  963,  424,  669,  709,  921,  884,  814,  448, 1124,  261,  243,  905,  218,    0,  551,  116,  600,  529,  302,  872,  950,  849,  710,  129,  967,  424,  577,  752,  616,  665,  683,  760,  853,  961,  305,  846, 1036,  728,  691,  481,  694,  391,  437,  235,  601,  626,  705,  602,  871,  103,  523,  485,  812,  875,  625, 1003,  521,  935,  656,  456,  740,  583,  362,  716,  904,  543,  493,  713,  679,  629,  877,  219,  822,  231,  603,  440,  350,  623,  697,  951],
        [   56,    0,  314,  478,  588,   82,  511,  472,  221,  483,  325,  535,  383,  498,  311,  531,  113,  519,   98,  563,  169,  309,  411,  254,  413,  391,  261,  450,  394,  335,  552,  239,  600,  301,  569,  754,  334,  551,    0,  644,  101,  478,  294,  746,  753,  427,  480,  542,  416,  567,  213,  498,  485,  370,  240,  217,  480,  706,  517,  659,  486,  465,  460,  323,  506,  473,  568,  595,   54,  235,  402,   58,  390,  605,  109,  481,  681,  730,  485,  827,  457,  584,  346,  337,  246,  392,  341,  353,  787,  111,  149,  289,  648,  280,  651,  572,  271,  361,  470,  208,  401,  373,  469,  555],
        [  617,    0,  485,  275, 1048,  584,  134, 1045,  427,  869,  332,  593,  271, 1134,  690, 1113,  716,  736,  561, 1165,  812,  756,  727,  472, 1054,  449,  780,  825,  998,  972,  836,  508, 1197,  345,  207,  900,  313,  116,  644,    0,  682,  537,  371,  863,  953,  903,  734,  124, 1059,  400,  688,  777,  731,  706,  792,  845,  896,  975,  292,  852, 1124,  758,  807,  522,  809,  393,  414,  186,  696,  737,  821,  692,  936,   45,  627,  489,  808,  870,  639,  999,  533,  970,  700,  494,  846,  613,  404,  830,  892,  621,  600,  824,  664,  742,  889,  181,  915,  296,  718,  507,  376,  660,  721,  995],
        [  156,    0,  407,  480,  488,  175,  554,  389,  279,  383,  352,  474,  437,  453,  410,  451,   36,  435,  128,  492,  167,  402,  510,  343,  381,  360,  345,  543,  322,  294,  458,  212,  527,  341,  577,  667,  386,  600,  101,  682,    0,  425,  315,  662,  661,  327,  394,  571,  389,  541,  310,  408,  585,  281,  316,  165,  379,  610,  513,  571,  445,  375,  555,  277,  603,  450,  539,  606,  114,  325,  493,   64,  297,  640,  210,  438,  599,  645,  414,  736,  405,  483,  257,  298,  299,  322,  329,  437,  703,   64,  250,  365,  582,  373,  558,  585,  251,  388,  570,  192,  388,  292,  384,  455],
        [  502,    0,  620,  264,  554,  491,  470,  632,  422,  369,  331,   71,  456,  807,  742,  699,  455,  202,  393,  769,  591,  766,  832,  553,  765,  123,  734,  897,  632,  676,  306,  244,  789,  373,  339,  379,  425,  529,  478,  537,  425,    0,  310,  350,  422,  445,  209,  419,  778,  178,  667,  253,  886,  236,  716,  559,  405,  438,  248,  318,  806,  243,  899,  155,  933,  145,  167,  368,  521,  702,  859,  480,  523,  495,  555,   50,  287,  349,  105,  476,   21,  455,  246,  147,  717,  129,  205,  822,  386,  375,  569,  765,  184,  739,  353,  363,  660,  336,  869,  281,  185,  186,  200,  499],
        [  284,    0,  315,  190,  704,  257,  248,  677,  126,  539,   41,  381,  165,  767,  465,  744,  349,  460,  200,  795,  458,  507,  545,  252,  693,  188,  499,  623,  628,  607,  542,  148,  827,   64,  276,  678,  123,  302,  294,  371,  315,  310,    0,  654,  707,  549,  440,  256,  699,  315,  415,  479,  589,  376,  495,  479,  558,  699,  235,  602,  759,  451,  618,  202,  645,  227,  321,  301,  348,  459,  595,  333,  570,  328,  317,  284,  588,  649,  379,  771,  294,  647,  363,  185,  527,  312,  106,  574,  691,  252,  311,  538,  491,  484,  620,  278,  556,   75,  573,  139,  147,  340,  427,  655],
        [  786,    0,  953,  601,  481,  785,  813,  669,  754,  361,  678,  281,  805,  898, 1045,  719,  679,  228,  685,  797,  802, 1054, 1141,  882,  894,  470, 1005, 1193,  722,  818,  237,  554,  800,  717,  657,   46,  772,  872,  746,  863,  662,  350,  654,    0,  122,  480,  269,  753,  912,  464,  956,  264, 1204,  383,  978,  735,  398,  206,  574,  109,  905,  294, 1200,  466, 1241,  482,  450,  681,  775,  981, 1147,  726,  591,  824,  844,  389,   67,   31,  279,  139,  363,  359,  406,  473,  955,  364,  550, 1097,   41,  636,  869, 1027,  202, 1025,  158,  682,  835,  685, 1188,  589,  534,  374,  279,  438],
        [  799,    0,  990,  683,  390,  803,  891,  599,  795,  310,  736,  361,  866,  834, 1060,  641,  672,  250,  705,  718,  784, 1061, 1159,  919,  842,  533, 1004, 1202,  664,  773,  204,  589,  716,  771,  749,   78,  829,  950,  753,  953,  661,  422,  707,  122,    0,  425,  279,  838,  861,  560,  966,  255, 1227,  384,  974,  707,  339,   97,  661,  106,  843,  288, 1212,  509, 1256,  563,  546,  775,  774,  985, 1153,  724,  535,  912,  857,  467,  150,   98,  331,   77,  430,  275,  407,  523,  942,  399,  609, 1097,  129,  646,  887, 1021,  307, 1032,  103,  774,  802,  749, 1211,  622,  604,  392,  292,  356],
        [  482,    0,  729,  644,  163,  501,  793,  199,  572,  120,  589,  446,  706,  419,  728,  260,  319,  303,  430,  336,  392,  708,  827,  661,  418,  470,  638,  847,  242,  350,  244,  402,  350,  600,  741,  463,  657,  849,  427,  903,  327,  445,  549,  480,  425,    0,  266,  780,  437,  619,  625,  240,  906,  212,  601,  302,   86,  345,  654,  372,  425,  226,  864,  385,  915,  556,  609,  772,  424,  630,  792,  379,  112,  858,  535,  487,  436,  453,  362,  498,  433,  176,  210,  414,  551,  321,  499,  727,  515,  350,  576,  644,  508,  680,  331,  758,  387,  619,  892,  414,  536,  263,  268,  129],
        [  523,    0,  712,  459,  350,  525,  650,  464,  519,  168,  473,  189,  604,  670,  784,  525,  411,   44,  427,  601,  536,  789,  882,  641,  650,  287,  737,  929,  490,  567,  104,  313,  615,  503,  544,  274,  562,  710,  480,  734,  394,  209,  440,  269,  279,  266,    0,  611,  667,  385,  692,   44,  949,  114,  710,  474,  207,  259,  452,  180,  674,   41,  937,  239,  981,  347,  374,  573,  507,  715,  882,  458,  365,  690,  581,  258,  208,  251,  108,  351,  206,  246,  138,  258,  687,  129,  351,  830,  310,  371,  610,  758,  243,  760,  183,  565,  576,  491,  933,  345,  361,  113,   14,  295],
        [  521,    0,  435,  156,  924,  490,   85,  925,  333,  745,  220,  478,  199, 1023,  633,  993,  605,  615,  453, 1048,  709,  692,  685,  405,  947,  326,  706,  779,  882,  863,  715,  387, 1078,  243,  115,  789,  227,  129,  542,  124,  571,  419,  256,  753,  838,  780,  611,    0,  954,  298,  615,  655,  702,  582,  712,  735,  772,  856,  181,  735, 1015,  635,  765,  398,  775,  275,  312,  111,  595,  663,  766,  586,  816,   80,  539,  371,  696,  759,  519,  887,  414,  847,  577,  370,  759,  490,  281,  765,  784,  508,  519,  749,  558,  675,  771,   91,  810,  183,  688,  389,  252,  536,  599,  871],
        [  451,    0,  682,  869,  519,  484,  927,  291,  636,  555,  735,  810,  798,  111,  558,  294,  354,  710,  501,  263,  249,  498,  633,  642,   21,  738,  418,  602,  201,  103,  676,  598,  301,  715,  966,  899,  750,  967,  416, 1059,  389,  778,  699,  912,  861,  437,  667,  954,    0,  919,  472,  655,  715,  567,  379,  227,  523,  779,  901,  805,   92,  631,  629,  649,  685,  832,  915,  995,  367,  441,  544,  369,  327, 1019,  462,  803,  862,  886,  733,  935,  760,  600,  548,  674,  297,  655,  717,  471,  949,  453,  503,  393,  901,  481,  767,  973,  145,  771,  706,  581,  775,  605,  663,  527],
        [  576,    0,  620,  164,  731,  556,  370,  801,  441,  546,  314,  209,  408,  960,  780,  868,  575,  373,  472,  936,  707,  820,  858,  563,  907,  182,  804,  937,  791,  818,  478,  332,  958,  362,  194,  503,  397,  424,  567,  400,  541,  178,  315,  464,  560,  619,  385,  298,  919,    0,  724,  428,  899,  407,  794,  693,  582,  595,  121,  464,  957,  419,  933,  271,  958,   94,   15,  217,  618,  766,  909,  586,  690,  363,  619,  132,  413,  474,  278,  601,  186,  631,  413,  246,  812,  298,  230,  884,  492,  482,  621,  840,  264,  795,  509,  220,  790,  300,  883,  361,  173,  356,  376,  676],
        [  170,    0,  227,  602,  781,  177,  558,  628,  295,  692,  430,  730,  420,  577,  104,  676,  309,  730,  277,  687,  265,  100,  203,  217,  478,  564,   92,  238,  533,  429,  765,  423,  727,  388,  676,  965,  388,  577,  213,  688,  310,  667,  415,  956,  966,  625,  692,  615,  472,  724,    0,  711,  282,  583,  110,  356,  686,  919,  648,  871,  560,  678,  247,  514,  294,  632,  728,  695,  202,   49,  194,  250,  568,  658,  114,  662,  891,  941,  689, 1040,  647,  790,  559,  521,  185,  597,  496,  160,  997,  321,  104,  137,  845,   72,  864,  670,  348,  458,  269,  387,  552,  583,  680,  754],
        [  544,    0,  743,  503,  310,  549,  692,  438,  552,  132,  512,  228,  643,  652,  805,  497,  421,   66,  452,  574,  540,  807,  904,  671,  638,  330,  752,  948,  473,  558,   64,  346,  585,  541,  587,  261,  600,  752,  498,  777,  408,  253,  479,  264,  255,  240,   44,  655,  655,  428,  711,    0,  973,  129,  722,  472,  173,  223,  496,  164,  657,   34,  957,  278, 1002,  391,  416,  617,  521,  731,  899,  472,  344,  733,  602,  302,  208,  242,  151,  329,  250,  203,  153,  299,  695,  170,  392,  845,  303,  391,  633,  771,  270,  778,  155,  609,  573,  532,  957,  377,  404,  143,   56,  255],
        [  433,    0,  279,  748, 1062,  425,  624,  906,  466,  967,  585,  954,  512,  825,  179,  949,  588,  983,  523,  953,  542,  220,   84,  338,  725,  769,  301,  143,  807,  693, 1030,  652,  994,  538,  794, 1218,  507,  616,  485,  731,  585,  886,  589, 1204, 1227,  906,  949,  702,  715,  899,  282,  973,    0,  845,  342,  635,  964, 1188,  798, 1128,  806,  940,  112,  743,   84,  815,  906,  805,  482,  289,  185,  528,  850,  716,  376,  868, 1138, 1192,  928, 1299,  867, 1068,  823,  742,  422,  841,  690,  251, 1244,  585,  342,  323, 1069,  241, 1127,  781,  613,  601,   17,  616,  735,  837,  936, 1035],
        [  415,    0,  620,  439,  342,  420,  607,  397,  434,  165,  413,  249,  540,  582,  677,  464,  297,  156,  324,  534,  423,  678,  775,  548,  551,  263,  625,  819,  404,  466,  186,  233,  554,  435,  534,  386,  494,  665,  370,  706,  281,  236,  376,  383,  384,  212,  114,  582,  567,  407,  583,  129,  845,    0,  597,  365,  191,  346,  445,  290,  583,   96,  829,  186,  873,  345,  398,  565,  394,  603,  771,  345,  289,  661,  473,  276,  321,  364,  167,  458,  223,  272,   24,  213,  573,  109,  305,  718,  423,  262,  504,  645,  334,  649,  283,  552,  467,  437,  829,  259,  333,   51,  105,  290],
        [  219,    0,  337,  684,  747,  240,  659,  571,  383,  683,  515,  774,  522,  487,  180,  610,  303,  750,  327,  612,  213,  123,  259,  323,  387,  624,   42,  251,  470,  352,  770,  475,  652,  477,  764,  982,  486,  683,  240,  792,  316,  716,  495,  978,  974,  601,  710,  712,  379,  794,  110,  722,  342,  597,    0,  308,  671,  917,  728,  886,  469,  690,  272,  562,  327,  700,  796,  786,  204,   67,  193,  252,  527,  760,  179,  717,  914,  960,  723, 1049,  695,  773,  573,  574,   83,  630,  564,  126, 1018,  348,  193,   50,  887,  103,  871,  762,  272,  547,  332,  441,  623,  606,  699,  727],
        [  265,    0,  521,  644,  441,  296,  715,  273,  432,  400,  516,  596,  593,  289,  459,  324,  130,  517,  286,  348,   95,  423,  553,  467,  217,  512,  347,  558,  182,  130,  507,  372,  386,  502,  742,  730,  543,  760,  217,  845,  165,  559,  479,  735,  707,  302,  474,  735,  227,  693,  356,  472,  635,  365,  308,    0,  380,  638,  674,  633,  280,  443,  578,  424,  632,  605,  690,  770,  180,  348,  500,  161,  220,  804,  297,  580,  679,  713,  524,  783,  540,  477,  343,  448,  250,  440,  491,  432,  774,  229,  342,  347,  694,  398,  606,  749,  104,  552,  623,  356,  548,  395,  467,  424],
        [  534,    0,  770,  629,  153,  548,  795,  274,  599,   41,  597,  394,  721,  501,  788,  329,  378,  238,  467,  406,  466,  773,  887,  700,  504,  452,  706,  914,  327,  435,  164,  411,  415,  614,  722,  379,  673,  853,  480,  896,  379,  405,  558,  398,  339,   86,  207,  772,  523,  582,  686,  173,  964,  191,  671,  380,    0,  260,  632,  290,  509,  168,  928,  376,  978,  530,  572,  753,  485,  695,  860,  437,  197,  852,  589,  451,  357,  370,  312,  413,  397,  104,  198,  403,  626,  291,  494,  797,  431,  390,  627,  715,  442,  744,  246,  741,  469,  624,  949,  431,  523,  238,  212,   99],
        [  756,    0,  964,  701,  295,  763,  901,  508,  774,  238,  731,  387,  862,  745, 1016,  547,  616,  243,  669,  624,  719, 1011, 1116,  892,  759,  538,  950, 1153,  580,  694,  161,  569,  621,  762,  775,  167,  821,  961,  706,  975,  610,  438,  699,  206,   97,  345,  259,  856,  779,  595,  919,  223, 1188,  346,  917,  638,  260,    0,  685,  136,  755,  254, 1165,  497, 1211,  582,  582,  803,  722,  934, 1101,  672,  453,  932,  813,  487,  210,  177,  338,  160,  443,  183,  367,  516,  879,  387,  607, 1042,  222,  603,  847,  964,  360,  982,   86,  799,  728,  748, 1172,  599,  611,  365,  272,  263],
        [  515,    0,  519,   50,  784,  490,  250,  820,  355,  600,  221,  302,  295,  954,  692,  889,  548,  450,  420,  952,  672,  739,  764,  468,  891,  184,  733,  848,  795,  803,  553,  303,  978,  267,   92,  610,  292,  305,  517,  292,  513,  248,  235,  574,  661,  654,  452,  181,  901,  121,  648,  496,  798,  445,  728,  674,  632,  685,    0,  561,  949,  480,  841,  274,  862,  105,  134,  122,  570,  693,  824,  546,  709,  251,  550,  199,  517,  580,  352,  708,  247,  695,  445,  245,  757,  341,  184,  807,  604,  449,  545,  772,  377,  716,  599,  115,  763,  198,  782,  321,  128,  395,  441,  730],
