{
    "name": "random-6-803",
    "comment": "size=6 seed=803",
    "nodes": ["+0", "-0", "+1", "-1", "+2", "-2", "+3", "-3", "+4", "-4", "+5", "-5", "+6", "-6"],
    "precedence": {
        "+0": "-0",
        "+1": "-1",
        "+2": "-2",
        "+3": "-3",
        "+4": "-4",
        "+5": "-5",
        "+6": "-6"
    },
    "edges": [
        [    0,    0,  532,  963,  537,  958,  563,  992,  684,  881,  578, 1189,  613,  600],
        [    0,    0,  532,  963,  537,  958,  563,  992,  684,  881,  578, 1189,  613,  600],
        [  532,  532,    0,  437,  119,  533,   67,  755,  316,  373,   48,  711,  362,  448],
        [  963,  963,  437,    0,  482,  343,  401,  722,  408,  275,  390,  347,  536,  643],
        [  537,  537,  119,  482,    0,  634,  183,  874,  433,  344,  134,  788,  480,  562],
        [  958,  958,  533,  343,  634,    0,  469,  387,  274,  587,  503,  261,  370,  447],
        [  563,  563,   67,  401,  183,  469,    0,  692,  251,  381,   60,  655,  307,  400],
        [  992,  992,  755,  722,  874,  387,  692,    0,  443,  937,  746,  582,  417,  395],
        [  684,  684,  316,  408,  433,  274,  251,  443,    0,  536,  303,  517,  129,  236],
        [  881,  881,  373,  275,  344,  587,  381,  937,  536,    0,  334,  620,  644,  750],
        [  578,  578,   48,  390,  134,  503,   60,  746,  303,  334,    0,  670,  366,  459],
        [ 1189, 1189,  711,  347,  788,  261,  655,  582,  517,  620,  670,    0,  626,  707],
        [  613,  613,  362,  536,  480,  370,  307,  417,  129,  644,  366,  626,    0,  110],
        [  600,  600,  448,  643,  562,  447,  400,  395,  236,  750,  459,  707,  110,    0]
    ]
}
