{
    "name": "random-71-5161",
    "comment": "size=71 seed=5161",
    "nodes": ["+0", "-0", "+1", "-1", "+2", "-2", "+3", "-3", "+4", "-4", "+5", "-5", "+6", "-6", "+7", "-7", "+8", "-8", "+9", "-9", "+10", "-10", "+11", "-11", "+12", "-12", "+13", "-13", "+14", "-14", "+15", "-15", "+16", "-16", "+17", "-17", "+18", "-18", "+19", "-19", "+20", "-20", "+21", "-21", "+22", "-22", "+23", "-23", "+24", "-24", "+25", "-25", "+26", "-26", "+27", "-27", "+28", "-28", "+29", "-29", "+30", "-30", "+31", "-31", "+32", "-32", "+33", "-33", "+34", "-34", "+35", "-35", "+36", "-36", "+37", "-37", "+38", "-38", "+39", "-39", "+40", "-40", "+41", "-41", "+42", "-42", "+43", "-43", "+44", "-44", "+45", "-45", "+46", "-46", "+47", "-47", "+48", "-48", "+49", "-49", "+50", "-50", "+51", "-51", "+52", "-52", "+53", "-53", "+54", "-54", "+55", "-55", "+56", "-56", "+57", "-57", "+58", "-58", "+59", "-59", "+60", "-60", "+61", "-61", "+62", "-62", "+63", "-63", "+64", "-64", "+65", "-65", "+66", "-66", "+67", "-67", "+68", "-68", "+69", "-69", "+70", "-70", "+71", "-71"],
    "precedence": {
        "+0": "-0",
        "+1": "-1",
        "+2": "-2",
        "+3": "-3",
        "+4": "-4",
        "+5": "-5",
        "+6": "-6",
        "+7": "-7",
        "+8": "-8",
        "+9": "-9",
        "+10": "-10",
        "+11": "-11",
        "+12": "-12",
        "+13": "-13",
        "+14": "-14",
        "+15": "-15",
        "+16": "-16",
        "+17": "-17",
        "+18": "-18",
        "+19": "-19",
        "+20": "-20",
        "+21": "-21",
        "+22": "-22",
        "+23": "-23",
        "+24": "-24",
        "+25": "-25",
        "+26": "-26",
        "+27": "-27",
        "+28": "-28",
        "+29": "-29",
        "+30": "-30",
        "+31": "-31",
        "+32": "-32",
        "+33": "-33",
        "+34": "-34",
        "+35": "-35",
        "+36": "-36",
        "+37": "-37",
        "+38": "-38",
        "+39": "-39",
        "+40": "-40",
        "+41": "-41",
        "+42": "-42",
        "+43": "-43",
        "+44": "-44",
        "+45": "-45",
        "+46": "-46",
        "+47": "-47",
        "+48": "-48",
        "+49": "-49",
        "+50": "-50",
        "+51": "-51",
        "+52": "-52",
        "+53": "-53",
        "+54": "-54",
        "+55": "-55",
        "+56": "-56",
        "+57": "-57",
        "+58": "-58",
        "+59": "-59",
        "+60": "-60",
        "+61": "-61",
        "+62": "-62",
        "+63": "-63",
        "+64": "-64",
        "+65": "-65",
        "+66": "-66",
        "+67": "-67",
        "+68": "-68",
        "+69": "-69",
        "+70": "-70",
        "+71": "-71"
    },
    "edges": [
        [    0,    0,  841, 1042,  253,  533,  181,  314,  889,  706,  803,  394,  458,  756,  335,  921,  614,  949,  830,  494,  706,  346,  118,  857,   25,  742,  817,  967,  239,  336,  944,  501,  571,  471,  700,  814,  995,  605,  619,  508,  409,  452,  907,  104,  546,  120,  469,  228,  194,  258,  420,  655,  569,  829,   42,  660,  853,  708,  454,  525,  684,  422,  773,  229,  694,  614,  182,  627,  665,  333,  346,  447,  675,  852,  869,  425,  557,  552,  963,  855,  698,  988,  232,  573,  237,  603,  822,  846,  420,  285,  638,  828,  393,  382,  339,  270,  200,  756,  126,  549,  806,  150,  807,  565,  507,  451,  489,  807,  396,  517,  406,  720,  134,  447,  323,  338, 1029,   24,  899,  819,  684,  935,  983,  542,  669,  294,   99,  726,   23,  718,  294,  592,  610,  980,  841,  369,  504,  263,  465,  891,  582,  264,  373,  105],
        [    0,    0,    0,    0,    0,    0,    0,    0,    0,    0,    0,    0,    0,    0,    0,    0,    0,    0,    0,    0,    0,    0,    0,    0,    0,    0,    0,    0,    0,    0,    0,    0,    0,    0,    0,    0,    0,    0,    0,    0,    0,    0,    0,    0,    0,    0,    0,    0,    0,    0,    0,    0,    0,    0,    0,    0,    0,    0,    0,    0,    0,    0,    0,    0,    0,    0,    0,    0,    0,    0,    0,    0,    0,    0,    0,    0,    0,    0,    0,    0,    0,    0,    0,    0,    0,    0,    0,    0,    0,    0,    0,    0,    0,    0,    0,    0,    0,    0,    0,    0,    0,    0,    0,    0,    0,    0,    0,    0,    0,    0,    0,    0,    0,    0,    0,    0,    0,    0,    0,    0,    0,    0,    0,    0,    0,    0,    0,    0,    0,    0,    0,    0,    0,    0,    0,    0,    0,    0,    0,    0,    0,    0,    0,    0],
        [  841,    0,    0,  263,  742,  310,  754,  857,  548,  448,  442, 1024,  883,  167,  986,  366,  624,  215,   76,  348,  358,  499,  828,  587,  817,  178,  145,  577,  868,  506,  603,  691,  634,  865,  346,   96,  189,  543,  363,  622,  434,  759,  402,  900,  326,  812,  744,  695,  717,  709,  422,  663,  912,  284,  812,  597,  257,  198,  626,  625,  351, 1052,  275,  677,  616,  228,  745,  236,  445,  511,  960,  823,  172,  371,  207,  448,  674,  689,  143,  565,  566,  239,  731,  472,  739,  243,  404,  291,  443,  650,  354,  685,  791,  940,  548,  574,  805,  280,  940,  471,  112,  854,  439,  586,  771,  435,  596,   84,  560,  566,  978,  166,  846,  693,  821,  508,  231,  834,   66,  306,  494,  678,  265,  827,  310,  986,  862,  288,  861,  226,  773,  250,  343,  199,  200,  553,  344,  727,  590,  566,  383,  590,  469,  828],
        [ 1042,    0,  263,    0,  894,  521,  924,  990,  785,  467,  690, 1268, 1139,  286, 1226,  583,  886,   97,  229,  560,  400,  699, 1048,  831, 1018,  301,  395,  800, 1020,  717,  833,  772,  896,  957,  606,  352,   78,  806,  625,  706,  653,  854,  626, 1114,  574,  991, 1002,  927,  944,  864,  632,  925,  979,  261, 1008,  859,  222,  335,  729,  703,  409, 1297,  301,  907,  876,  453,  972,  487,  707,  712, 1203,  920,  382,  608,  183,  621,  736,  951,  128,  808,  826,   61,  890,  734,  975,  450,  648,  527,  623,  807,  441,  937,  902, 1188,  717,  774,  966,  318, 1152,  566,  242, 1078,  686,  848,  849,  598,  856,  343,  699,  827, 1226,  428, 1068,  792, 1068,  726,   40, 1031,  255,  550,  754,  916,   90,  896,  398, 1221, 1078,  548, 1060,  329, 1017,  477,  454,   67,  209,  705,  574,  966,  848,  803,  492,  811,  681, 1009],
        [  253,    0,  742,  894,    0,  446,   73,  131,  946,  493,  840,  640,  667,  618,  581,  920,  726,  798,  709,  416,  516,  280,  349,  930,  238,  603,  761, 1020,  128,  302, 1008,  250,  690,  245,  711,  743,  861,  690,  632,  265,  367,  203,  919,  356,  518,  139,  635,  374,  352,   34,  356,  776,  342,  652,  212,  759,  684,  569,  213,  281,  498,  669,  601,  360,  796,  529,  360,  574,  712,  273,  588,  210,  571,  862,  712,  295,  307,  691,  840,  922,  783,  836,   28,  629,  413,  502,  845,  833,  302,   93,  458,  933,  152,  615,  197,  233,   77,  583,  374,  345,  677,  388,  842,  667,  258,  308,  597,  732,  196,  613,  644,  662,  371,  196,  530,  326,  889,  229,  806,  812,  747, 1022,  822,  299,  498,  544,  345,  717,  255,  567,  485,  514,  441,  839,  686,  191,  453,  433,  570,  953,  404,  307,  328,  159],
        [  533,    0,  310,  521,  446,    0,  450,  570,  580,  363,  461,  755,  651,  242,  710,  496,  488,  435,  300,   39,  298,  189,  528,  587,  509,  230,  316,  642,  569,  199,  645,  463,  476,  611,  320,  298,  467,  415,  263,  401,  132,  510,  506,  596,  130,  504,  531,  408,  424,  413,  113,  540,  678,  359,  503,  489,  368,  199,  383,  411,  274,  785,  306,  388,  522,   85,  452,  137,  370,  201,  690,  567,  144,  451,  364,  157,  469,  515,  433,  571,  485,  473,  431,  330,  457,   72,  450,  404,  146,  354,  235,  639,  524,  681,  250,  264,  503,  293,  635,  276,  280,  557,  461,  431,  537,  157,  402,  288,  289,  387,  719,  218,  548,  446,  559,  205,  503,  525,  370,  391,  421,  688,  476,  598,  228,  702,  559,  302,  552,  226,  506,   69,  197,  457,  337,  268,   73,  452,  385,  593,  211,  290,  162,  519],
        [  181,    0,  754,  924,   73,  450,    0,  173,  915,  546,  813,  568,  600,  642,  509,  904,  679,  828,  729,  416,  559,  269,  277,  894,  166,  627,  760,  990,  131,  281,  975,  321,  641,  310,  690,  747,  886,  648,  609,  330,  353,  275,  899,  284,  504,   74,  575,  313,  288,   79,  348,  727,  408,  691,  140,  715,  721,  594,  277,  347,  539,  597,  638,  301,  752,  534,  294,  570,  680,  259,  516,  278,  583,  842,  744,  309,  377,  637,  861,  887,  743,  867,   52,  595,  348,  512,  822,  820,  312,  121,  496,  889,  222,  544,  210,  207,   60,  620,  304,  392,  699,  316,  815,  621,  330,  328,  549,  737,  238,  568,  572,  661,  299,  267,  462,  300,  916,  158,  817,  797,  712,  983,  856,  370,  533,  471,  273,  701,  185,  595,  419,  517,  475,  867,  717,  221,  445,  369,  522,  920,  441,  264,  312,   95],
        [  314,    0,  857,  990,  131,  570,  173,    0, 1077,  559,  971,  706,  762,  723,  647, 1050,  850,  894,  819,  542,  598,  410,  427, 1060,  309,  708,  885, 1151,   81,  433, 1138,  264,  813,  161,  842,  865,  964,  817,  763,  308,  497,  183, 1049,  411,  647,  197,  746,  484,  457,  163,  484,  899,  257,  739,  282,  885,  774,  676,  268,  319,  584,  732,  691,  473,  922,  651,  461,  701,  842,  403,  660,  148,  688,  992,  808,  415,  322,  809,  946, 1052,  911,  930,  155,  759,  516,  622,  976,  962,  425,  217,  549, 1059,  113,  695,  321,  363,  123,  674,  417,  426,  784,  463,  973,  792,  230,  424,  721,  853,  299,  738,  720,  787,  446,  219,  625,  457,  988,  291,  922,  942,  877, 1150,  913,  245,  593,  604,  413,  847,  307,  668,  585,  638,  539,  939,  783,  306,  582,  539,  694, 1083,  499,  433,  458,  210],
        [  889,    0,  548,  785,  946,  580,  915, 1077,    0,  915,  121,  837,  636,  668,  830,  213,  309,  760,  617,  586,  832,  675,  807,   64,  872,  670,  404,   79, 1045,  646,   65, 1035,  352, 1161,  261,  454,  708,  288,  325,  978,  592, 1069,  166,  886,  459,  935,  504,  664,  698,  916,  614,  299, 1240,  813,  884,  254,  794,  665,  952,  989,  813,  854,  784,  661,  233,  540,  716,  457,  235,  679,  791, 1117,  572,  179,  750,  715, 1047,  402,  659,   47,  205,  779,  922,  322,  672,  581,  147,  260,  698,  869,  789,  185, 1065,  746,  778,  714,  974,  781,  924,  855,  642,  808,  122,  337, 1104,  727,  409,  468,  847,  376,  774,  429,  811, 1010,  668,  621,  747,  897,  533,  243,  206,  132,  810, 1164,  762,  858,  847,  293,  911,  706,  651,  533,  757,  731,  738,  815,  530,  647,  430,   19,  782,  653,  626,  940],
        [  706,    0,  448,  467,  493,  363,  546,  559,  915,    0,  795, 1034,  974,  282,  980,  782,  849,  377,  378,  379,   90,  427,  757,  932,  684,  272,  555,  966,  607,  465,  978,  314,  835,  498,  658,  511,  466,  777,  616,  254,  443,  400,  806,  800,  490,  619,  873,  687,  688,  471,  409,  902,  513,  208,  666,  851,  248,  262,  292,  247,  104, 1065,  183,  665,  883,  378,  712,  461,  725,  437,  970,  464,  346,  759,  299,  322,  272,  871,  469,  914,  845,  408,  499,  692,  740,  338,  772,  691,  338,  426,  129,  996,  457,  976,  376,  480,  570,  172,  830,  157,  339,  795,  794,  791,  386,  292,  757,  495,  311,  746, 1012,  492,  780,  345,  860,  491,  477,  688,  507,  691,  778, 1033,  380,  430,  154,  957,  774,  623,  717,  225,  804,  389,  167,  433,  282,  339,  433,  744,  736,  930,  159,  559,  444,  639],
        [  803,    0,  442,  690,  840,  461,  813,  971,  121,  795,    0,  800,  608,  552,  784,  164,  278,  656,  508,  468,  712,  564,  731,  146,  784,  553,  299,  184,  944,  539,  185,  918,  313, 1048,  142,  347,  612,  227,  211,  860,  480,  954,  126,  812,  341,  839,  466,  583,  617,  809,  500,  290, 1125,  698,  794,  227,  681,  547,  836,  871,  693,  820,  667,  578,  224,  419,  637,  337,  140,  570,  748, 1004,  453,   96,  640,  599,  929,  371,  563,  125,  177,  678,  817,  232,  599,  461,   47,  167,  582,  760,  669,  248,  954,  707,  666,  609,  872,  663,  851,  735,  529,  737,    6,  283,  989,  610,  345,  360,  732,  308,  739,  312,  738,  895,  615,  515,  653,  809,  435,  141,  136,  243,  706, 1049,  642,  806,  771,  173,  826,  588,  590,  413,  636,  632,  626,  701,  413,  576,  361,  135,  662,  556,  516,  845],
        [  394,    0, 1024, 1268,  640,  755,  568,  706,  837, 1034,  800,    0,  206,  996,   60,  956,  530, 1187, 1040,  719, 1009,  612,  294,  784,  404,  985,  946,  911,  627,  579,  872,  883,  490,  864,  758,  964, 1205,  574,  694,  878,  628,  842,  924,  296,  698,  514,  336,  353,  347,  639,  655,  541,  961, 1106,  431,  585, 1120,  953,  824,  895,  984,   31, 1051,  374,  605,  816,  322,  789,  677,  601,   66,  840,  888,  881, 1119,  716,  935,  436, 1164,  792,  636, 1224,  616,  598,  300,  824,  836,  911,  703,  650,  937,  703,  786,   93,  663,  554,  593, 1035,  296,  881, 1029,  254,  805,  517,  897,  746,  464,  963,  743,  502,   66,  867,  271,  830,  204,  560, 1245,  418, 1066,  878,  665,  826, 1230,  935,  954,  104,  297,  807,  399,  977,  252,  792,  902, 1202, 1092,  706,  696,  304,  457,  831,  886,  481,  609,  498],
        [  458,    0,  883, 1139,  667,  651,  600,  762,  636,  974,  608,  206,    0,  884,  215,  768,  333, 1065,  911,  619,  933,  550,  340,  581,  457,  874,  787,  708,  693,  510,  669,  885,  296,  909,  585,  812, 1070,  386,  532,  865,  537,  864,  734,  388,  567,  566,  147,  305,  319,  655,  569,  338, 1007, 1009,  483,  387, 1017,  846,  814,  882,  907,  219,  956,  325,  404,  696,  308,  652,  495,  541,  175,  877,  768,  694, 1006,  653,  930,  238, 1025,  591,  438, 1101,  640,  427,  258,  713,  648,  733,  637,  648,  862,  498,  819,  122,  628,  512,  641,  942,  409,  833,  906,  311,  613,  330,  917,  683,  292,  814,  716,  327,  141,  720,  326,  836,  138,  483, 1112,  479,  917,  700,  475,  621, 1112,  964,  870,  257,  366,  638,  472,  876,  185,  672,  824, 1072,  981,  676,  583,  243,  294,  629,  817,  422,  530,  557],
        [  756,    0,  167,  286,  618,  242,  642,  723,  668,  282,  552,  996,  884,    0,  951,  511,  675,  195,  103,  279,  192,  413,  765,  696,  732,   16,  281,  709,  745,  433,  728,  535,  674,  714,  429,  234,  244,  595,  414,  466,  372,  608,  540,  829,  322,  707,  756,  649,  664,  586,  349,  722,  755,  148,  722,  661,  140,   50,  476,  467,  185, 1026,  118,  629,  687,  189,  692,  251,  516,  426,  931,  673,  119,  499,  124,  336,  513,  722,  224,  676,  641,  234,  611,  513,  699,  173,  522,  425,  338,  528,  193,  779,  646,  920,  434,  488,  687,  118,  866,  315,   64,  796,  550,  626,  615,  315,  616,  217,  426,  593,  959,  240,  785,  543,  799,  444,  275,  745,  228,  431,  569,  794,  235,  669,  147,  943,  793,  381,  774,   62,  746,  212,  189,  226,   97,  427,  303,  693,  603,  684,  230,  528,  398,  725],
        [  335,    0,  986, 1226,  581,  710,  509,  647,  830,  980,  784,   60,  215,  951,    0,  936,  521, 1143,  999,  673,  958,  561,  235,  780,  345,  940,  914,  905,  569,  529,  869,  824,  479,  805,  733,  929, 1165,  558,  666,  820,  581,  783,  908,  238,  660,  455,  327,  304,  295,  580,  607,  538,  902, 1057,  372,  577, 1073,  908,  766,  837,  933,   89, 1002,  325,  600,  773,  269,  751,  657,  549,   40,  781,  845,  861, 1073,  663,  877,  430, 1124,  786,  627, 1181,  558,  574,  253,  780,  819,  887,  651,  592,  886,  706,  727,   94,  607,  501,  534,  986,  241,  827,  986,  195,  789,  502,  838,  694,  443,  928,  686,  480,   90,  832,  212,  771,  173,  512, 1204,  359, 1030,  855,  649,  828, 1185,  876,  904,   51,  238,  779,  340,  930,  214,  749,  851, 1160, 1046,  650,  653,  260,  433,  825,  834,  431,  560,  439],
        [  921,    0,  366,  583,  920,  496,  904, 1050,  213,  782,  164,  956,  768,  511,  936,    0,  440,  568,  441,  516,  693,  640,  861,  270,  900,  517,  230,  219, 1033,  623,  253,  957,  473, 1106,  221,  279,  507,  383,  303,  893,  554, 1006,   48,  942,  403,  940,  624,  712,  744,  887,  566,  454, 1174,  647,  906,  391,  622,  521,  878,  901,  679,  977,  628,  703,  387,  432,  767,  360,  280,  648,  901, 1062,  439,   76,  573,  650,  957,  532,  459,  248,  341,  582,  900,  367,  735,  472,  121,   93,  636,  833,  665,  390, 1016,  863,  732,  698,  962,  629,  982,  754,  472,  871,  159,  440, 1033,  653,  494,  295,  783,  457,  896,  295,  870,  942,  765,  605,  544,  923,  338,  108,  294,  340,  616, 1093,  630,  955,  901,  204,  943,  559,  734,  435,  639,  533,  565,  759,  469,  713,  506,  231,  672,  662,  594,  949],
        [  614,    0,  624,  886,  726,  488,  679,  850,  309,  849,  278,  530,  333,  675,  521,  440,    0,  829,  670,  472,  784,  492,  518,  261,  600,  670,  502,  385,  803,  453,  350,  874,   45,  962,  286,  538,  811,   81,  265,  830,  429,  885,  404,  595,  365,  682,  196,  387,  421,  701,  461,   54, 1052,  818,  617,   56,  814,  650,  791,  845,  760,  548,  773,  391,   83,  494,  433,  424,  185,  490,  483,  921,  557,  368,  788,  569,  902,   95,  763,  266,  107,  859,  699,  163,  383,  526,  320,  417,  550,  666,  722,  215,  865,  438,  597,  502,  735,  764,  630,  743,  677,  513,  283,   62,  931,  592,  130,  544,  681,  116,  467,  461,  518,  837,  361,  422,  853,  626,  642,  384,  150,  324,  879,  987,  713,  550,  557,  344,  635,  688,  350,  476,  684,  822,  767,  643,  417,  356,  157,  305,  694,  419,  449,  682],
        [  949,    0,  215,   97,  798,  435,  828,  894,  760,  377,  656, 1187, 1065,  195, 1143,  568,  829,    0,  159,  473,  306,  607,  959,  800,  925,  209,  358,  784,  923,  628,  813,  678,  835,  863,  557,  310,   96,  748,  565,  612,  566,  759,  608, 1023,  499,  896,  932,  842,  858,  767,  543,  871,  887,  170,  915,  807,  129,  243,  634,  609,  314, 1216,  206,  822,  827,  372,  886,  416,  655,  620, 1122,  825,  300,  582,   86,  527,  644,  887,  122,  778,  778,   39,  794,  672,  891,  364,  617,  501,  530,  711,  345,  899,  806, 1109,  622,  682,  869,  222, 1061,  470,  160,  990,  653,  787,  755,  503,  788,  298,  602,  761, 1147,  370,  980,  697,  988,  638,  101,  938,  231,  519,  705,  891,   51,  803,  301, 1136,  988,  501,  966,  234,  936,  396,  357,   59,  112,  609,  492,  884,  778,  778,  396,  723,  593,  914],
        [  830,    0,   76,  229,  709,  300,  729,  819,  617,  378,  508, 1040,  911,  103,  999,  441,  670,  159,    0,  339,  290,  485,  827,  653,  806,  116,  215,  650,  836,  498,  674,  636,  676,  815,  401,  165,  168,  590,  406,  568,  430,  709,  476,  896,  346,  791,  776,  701,  720,  677,  412,  713,  857,  209,  798,  649,  181,  144,  577,  569,  285, 1069,  201,  682,  670,  227,  748,  260,  498,  497,  975,  774,  157,  442,  134,  420,  615,  729,  134,  631,  621,  191,  700,  513,  748,  229,  472,  363,  419,  618,  295,  747,  746,  960,  520,  560,  776,  208,  934,  417,   40,  855,  505,  628,  717,  402,  630,  150,  521,  603,  998,  212,  846,  644,  839,  504,  206,  821,  129,  375,  548,  747,  209,  771,  249,  995,  858,  347,  849,  164,  788,  250,  289,  163,  125,  518,  347,  739,  622,  635,  331,  588,  462,  807],
        [  494,    0,  348,  560,  416,   39,  416,  542,  586,  379,  468,  719,  619,  279,  673,  516,  472,  473,  339,    0,  321,  152,  489,  589,  470,  267,  346,  651,  538,  160,  651,  450,  457,  591,  328,  332,  506,  403,  263,  392,   93,  492,  522,  558,  129,  468,  504,  370,  386,  382,   75,  525,  662,  391,  465,  478,  403,  235,  369,  403,  296,  749,  338,  350,  512,  121,  414,  160,  368,  164,  654,  547,  183,  466,  401,  134,  461,  493,  471,  574,  478,  511,  400,  319,  420,  111,  461,  425,  120,  325,  254,  634,  501,  645,  221,  226,  470,  324,  596,  277,  319,  519,  469,  414,  523,  142,  379,  322,  269,  368,  684,  247,  509,  430,  524,  167,  542,  487,  407,  409,  417,  689,  513,  583,  253,  664,  520,  317,  514,  260,  470,  102,  215,  495,  374,  244,   59,  415,  360,  598,  222,  251,  123,  483],
        [  706,    0,  358,  400,  516,  298,  559,  598,  832,   90,  712, 1009,  933,  192,  958,  693,  784,  306,  290,  321,    0,  397,  744,  852,  683,  182,  466,  881,  637,  431,  895,  372,  773,  558,  578,  421,  389,  709,  541,  307,  397,  455,  719,  794,  420,  631,  823,  658,  663,  489,  364,  835,  584,  142,  667,  782,  179,  173,  333,  304,   26, 1040,  102,  636,  812,  300,  689,  382,  650,  409,  945,  521,  260,  673,  223,  295,  340,  812,  387,  833,  772,  340,  517,  624,  711,  262,  688,  604,  307,  438,   73,  920,  505,  945,  368,  460,  591,   88,  827,  173,  250,  780,  711,  728,  450,  265,  699,  405,  322,  685,  983,  406,  766,  394,  827,  454,  405,  690,  418,  605,  703,  952,  317,  499,   72,  939,  765,  540,  720,  136,  771,  313,  110,  358,  202,  341,  370,  712,  680,  847,  125,  529,  405,  651],
        [  346,    0,  499,  699,  280,  189,  269,  410,  675,  427,  564,  612,  550,  413,  561,  640,  492,  607,  485,  152,  397,    0,  355,  665,  322,  399,  492,  746,  395,   42,  738,  383,  464,  487,  432,  481,  649,  439,  355,  341,   87,  400,  639,  417,  238,  318,  462,  262,  267,  248,   81,  545,  570,  501,  315,  514,  520,  365,  300,  356,  372,  643,  445,  240,  550,  272,  293,  302,  442,   14,  548,  444,  330,  582,  530,  105,  412,  483,  618,  654,  529,  646,  260,  367,  315,  258,  567,  554,   91,  196,  325,  684,  391,  550,  107,   76,  325,  428,  454,  283,  461,  389,  566,  430,  442,  136,  373,  472,  191,  376,  587,  393,  377,  347,  434,   73,  684,  337,  558,  533,  482,  760,  644,  500,  345,  544,  382,  437,  365,  380,  378,  253,  290,  636,  502,  152,  177,  318,  348,  683,  275,  133,   49,  332],
        [  118,    0,  828, 1048,  349,  528,  277,  427,  807,  757,  731,  294,  340,  765,  235,  861,  518,  959,  827,  489,  744,  355,    0,  770,  119,  751,  783,  885,  355,  332,  858,  589,  474,  580,  641,  788,  994,  520,  563,  586,  398,  551,  842,   82,  513,  230,  360,  150,  119,  345,  417,  555,  678,  855,  145,  567,  875,  718,  531,  603,  720,  324,  799,  160,  600,  603,   94,  601,  592,  342,  240,  552,  670,  789,  883,  450,  642,  448,  958,  770,  609,  998,  324,  500,  136,  600,  755,  793,  441,  357,  673,  730,  497,  269,  382,  285,  308,  782,  122,  601,  808,   41,  734,  474,  606,  480,  400,  783,  456,  432,  296,  691,   24,  536,  207,  323, 1031,  139,  880,  764,  604,  842,  997,  645,  697,  204,   41,  675,  133,  734,  181,  580,  640,  984,  855,  422,  485,  162,  378,  807,  619,  239,  367,  219],
        [  857,    0,  587,  831,  930,  587,  894, 1060,   64,  932,  146,  784,  581,  696,  780,  270,  261,  800,  653,  589,  852,  665,  770,    0,  841,  697,  443,  127, 1024,  634,   90, 1033,  304, 1151,  275,  492,  754,  253,  326,  979,  584, 1062,  223,  848,  461,  910,  454,  630,  664,  901,  609,  244, 1233,  842,  855,  206,  826,  689,  950,  991,  832,  800,  810,  629,  180,  555,  680,  472,  224,  668,  741, 1108,  594,  225,  785,  714, 1049,  351,  704,   23,  162,  821,  906,  301,  634,  596,  184,  304,  696,  857,  805,  123, 1055,  694,  770,  698,  953,  806,  885,  862,  675,  768,  149,  296, 1100,  728,  371,  505,  843,  341,  720,  456,  772, 1006,  621,  606,  793,  867,  577,  283,  184,  102,  850, 1160,  781,  809,  810,  316,  879,  730,  608,  546,  771,  775,  771,  810,  531,  609,  394,   51,  794,  631,  616,  914],
        [   25,    0,  817, 1018,  238,  509,  166,  309,  872,  684,  784,  404,  457,  732,  345,  900,  600,  925,  806,  470,  683,  322,  119,  841,    0,  718,  793,  950,  237,  312,  927,  486,  558,  464,  679,  791,  970,  589,  598,  490,  386,  440,  887,  120,  523,  113,  461,  214,  180,  241,  396,  642,  561,  805,   28,  645,  830,  684,  436,  507,  661,  432,  750,  212,  680,  590,  171,  604,  646,  309,  354,  437,  651,  831,  845,  401,  541,  540,  939,  838,  682,  964,  216,  554,  227,  578,  802,  824,  396,  265,  615,  814,  383,  386,  315,  246,  191,  732,  146,  528,  782,  155,  788,  550,  495,  428,  474,  784,  375,  502,  412,  696,  138,  432,  321,  315, 1005,   27,  875,  797,  666,  920,  959,  532,  645,  306,  108,  704,   45,  694,  288,  569,  587,  956,  817,  347,  480,  252,  450,  874,  559,  242,  349,  101],
        [  742,    0,  178,  301,  603,  230,  627,  708,  670,  272,  553,  985,  874,   16,  940,  517,  670,  209,  116,  267,  182,  399,  751,  697,  718,    0,  287,  713,  729,  420,  731,  521,  668,  700,  428,  241,  259,  591,  410,  452,  360,  594,  545,  815,  315,  693,  748,  637,  652,  571,  336,  718,  741,  150,  708,  658,  146,   35,  462,  454,  173, 1015,  114,  616,  684,  181,  679,  247,  514,  412,  920,  659,  114,  503,  134,  322,  500,  716,  239,  677,  639,  247,  596,  508,  687,  162,  524,  430,  323,  513,  179,  778,  632,  910,  419,  474,  672,  113,  853,  301,   78,  783,  551,  620,  601,  300,  609,  225,  411,  587,  948,  242,  772,  529,  788,  432,  289,  731,  240,  435,  567,  795,  247,  655,  134,  930,  780,  382,  760,   49,  735,  204,  174,  240,  108,  412,  293,  681,  595,  686,  215,  516,  385,  710],
        [  817,    0,  145,  395,  761,  316,  760,  885,  404,  555,  299,  946,  787,  281,  914,  230,  502,  358,  215,  346,  466,  492,  783,  443,  793,  287,    0,  435,  883,  488,  459,  756,  518,  919,  217,   51,  318,  424,  256,  690,  413,  814,  262,  861,  272,  809,  643,  640,  667,  727,  412,  537,  977,  418,  793,  469,  395,  294,  683,  696,  453,  972,  398,  625,  484,  236,  694,  192,  318,  503,  884,  875,  221,  227,  348,  471,  749,  576,  268,  421,  434,  380,  745,  363,  678,  270,  260,  148,  461,  669,  443,  544,  835,  858,  565,  562,  815,  399,  901,  543,  243,  804,  295,  472,  835,  467,  496,   66,  599,  462,  894,  100,  798,  749,  743,  480,  359,  814,  142,  162,  363,  534,  408,  894,  405,  920,  820,  158,  838,  331,  700,  248,  421,  335,  338,  582,  318,  662,  495,  422,  457,  554,  453,  822],
        [  967,    0,  577,  800, 1020,  642,  990, 1151,   79,  966,  184,  911,  708,  709,  905,  219,  385,  784,  650,  651,  881,  746,  885,  127,  950,  713,  435,    0, 1121,  719,   49, 1101,  428, 1231,  324,  486,  725,  366,  394, 1042,  662, 1138,  177,  965,  525, 1012,  579,  742,  776,  990,  683,  371, 1309,  851,  962,  330,  830,  712, 1019, 1053,  864,  927,  827,  739,  306,  595,  794,  514,  310,  751,  866, 1187,  621,  211,  783,  782, 1111,  476,  677,  120,  281,  800,  997,  398,  750,  637,  195,  288,  765,  942,  843,  234, 1136,  820,  849,  788, 1049,  825, 1002,  915,  677,  886,  183,  415, 1172,  793,  487,  501,  915,  454,  847,  475,  889, 1078,  744,  695,  762,  975,  554,  279,  284,  139,  833, 1232,  813,  934,  925,  346,  989,  752,  729,  591,  812,  751,  773,  885,  596,  725,  508,   81,  840,  729,  698, 1017],
        [  239,    0,  868, 1020,  128,  569,  131,   81, 1045,  607,  944,  627,  693,  745,  569, 1033,  803,  923,  836,  538,  637,  395,  355, 1024,  237,  729,  883, 1121,    0,  411, 1105,  329,  764,  242,  820,  867,  988,  776,  739,  363,  481,  255, 1030,  332,  633,  128,  687,  427,  397,  160,  474,  850,  337,  775,  211,  842,  808,  696,  317,  377,  620,  654,  725,  417,  878,  653,  397,  695,  811,  386,  584,  227,  697,  972,  838,  421,  388,  756,  967, 1017,  871,  961,  139,  724,  453,  628,  953,  948,  427,  219,  581, 1015,  186,  620,  322,  337,   72,  707,  337,  464,  804,  389,  946,  747,  306,  435,  674,  856,  321,  694,  644,  784,  372,  279,  556,  431, 1015,  216,  932,  926,  842, 1111,  946,  325,  623,  525,  337,  830,  230,  693,  520,  637,  566,  966,  811,  318,  571,  477,  647, 1050,  528,  393,  440,  137],
        [  336,    0,  506,  717,  302,  199,  281,  433,  646,  465,  539,  579,  510,  433,  529,  623,  453,  628,  498,  160,  431,   42,  332,  634,  312,  420,  488,  719,  411,    0,  709,  422,  425,  519,  411,  481,  665,  403,  331,  381,   76,  435,  620,  398,  224,  322,  421,  227,  236,  271,   86,  506,  604,  529,  308,  477,  547,  386,  340,  397,  406,  610,  473,  206,  514,  279,  263,  297,  412,   38,  515,  476,  342,  562,  552,  143,  452,  442,  631,  624,  494,  666,  280,  334,  280,  270,  544,  539,  127,  224,  359,  649,  422,  514,  144,   75,  340,  457,  437,  324,  477,  363,  541,  392,  478,  173,  333,  473,  230,  338,  552,  389,  353,  385,  397,   32,  701,  329,  564,  516,  450,  728,  666,  536,  375,  515,  361,  421,  356,  404,  341,  257,  323,  653,  524,  191,  171,  282,  308,  654,  310,   99,   38,  335],
        [  944,    0,  603,  833, 1008,  645,  975, 1138,   65,  978,  185,  872,  669,  728,  869,  253,  350,  813,  674,  651,  895,  738,  858,   90,  927,  731,  459,   49, 1105,  709,    0, 1099,  394, 1224,  326,  509,  757,  340,  390, 1043,  655, 1133,  208,  937,  523,  993,  543,  718,  752,  979,  678,  332, 1304,  872,  941,  296,  852,  727, 1017, 1054,  876,  887,  845,  716,  270,  604,  768,  521,  297,  742,  830, 1181,  635,  232,  807,  780, 1112,  440,  709,   90,  251,  830,  984,  381,  723,  645,  207,  313,  762,  932,  853,  187, 1129,  782,  842,  776, 1034,  842,  974,  920,  699,  857,  186,  385, 1169,  792,  459,  524,  911,  428,  808,  491,  861, 1075,  711,  683,  795,  953,  584,  299,  264,   92,  862, 1229,  825,  899,  898,  356,  966,  767,  698,  598,  821,  782,  796,  880,  594,  697,  482,   56,  847,  713,  689,  998],
        [  501,    0,  691,  772,  250,  463,  321,  264, 1035,  314,  918,  883,  885,  535,  824,  957,  874,  678,  636,  450,  372,  383,  589, 1033,  486,  521,  756, 1101,  329,  422, 1099,    0,  846,  186,  778,  724,  759,  820,  710,   69,  453,   88,  968,  604,  577,  388,  826,  582,  567,  246,  426,  927,  223,  512,  460,  895,  551,  494,   84,   70,  365,  913,  473,  563,  932,  527,  583,  598,  810,  384,  827,  151,  538,  913,  594,  320,   60,  861,  751, 1020,  907,  712,  270,  744,  629,  488,  910,  864,  338,  239,  343, 1063,  153,  849,  278,  385,  317,  457,  623,  220,  598,  629,  918,  812,   81,  309,  754,  709,  194,  759,  880,  668,  613,   55,  752,  453,  777,  478,  756,  852,  855, 1132,  688,  138,  390,  789,  591,  764,  504,  474,  701,  523,  349,  729,  572,  231,  506,  643,  728, 1046,  308,  478,  427,  408],
        [  571,    0,  634,  896,  690,  476,  641,  813,  352,  835,  313,  490,  296,  674,  479,  473,   45,  835,  676,  457,  773,  464,  474,  304,  558,  668,  518,  428,  764,  425,  394,  846,    0,  928,  304,  551,  822,   96,  272,  804,  407,  854,  439,  550,  357,  641,  155,  345,  379,  666,  439,   87, 1019,  815,  576,   99,  813,  647,  764,  819,  749,  509,  768,  350,  127,  490,  390,  424,  206,  462,  441,  888,  555,  399,  790,  546,  876,   60,  774,  309,  148,  866,  663,  164,  339,  519,  353,  444,  527,  633,  710,  257,  831,  398,  568,  469,  696,  758,  586,  723,  681,  469,  318,   49,  900,  570,   94,  556,  654,   91,  428,  469,  474,  807,  317,  393,  864,  584,  656,  410,  180,  368,  884,  956,  703,  506,  513,  361,  592,  683,  305,  470,  671,  831,  768,  615,  404,  313,  121,  348,  678,  384,  423,  641],
        [  471,    0,  865,  957,  245,  611,  310,  161, 1161,  498, 1048,  864,  909,  714,  805, 1106,  962,  863,  815,  591,  558,  487,  580, 1151,  464,  700,  919, 1231,  242,  519, 1224,  186,  928,    0,  912,  890,  943,  920,  838,  252,  570,  107, 1112,  570,  711,  352,  879,  619,  596,  264,  549, 1013,   99,  697,  436,  992,  736,  672,  240,  255,  550,  891,  658,  604, 1029,  684,  603,  748,  928,  484,  817,   45,  705, 1056,  779,  457,  229,  932,  934, 1141, 1012,  897,  273,  853,  657,  649, 1047, 1015,  472,  297,  525, 1165,   98,  849,  383,  461,  273,  642,  577,  400,  778,  618, 1050,  902,  113,  455,  835,  877,  323,  847,  875,  825,  601,  172,  772,  548,  962,  447,  931,  999,  969, 1246,  873,   96,  572,  763,  569,  907,  466,  655,  728,  676,  527,  914,  756,  349,  641,  677,  808, 1169,  485,  545,  536,  366],
        [  700,    0,  346,  606,  711,  320,  690,  842,  261,  658,  142,  758,  585,  429,  733,  221,  286,  557,  401,  328,  578,  432,  641,  275,  679,  428,  217,  324,  820,  411,  326,  778,  304,  912,    0,  255,  530,  209,   82,  719,  346,  816,  211,  722,  202,  722,  439,  492,  524,  679,  364,  321,  987,  576,  686,  254,  564,  417,  696,  730,  557,  782,  540,  483,  271,  281,  547,  198,  102,  439,  700,  868,  322,  154,  528,  459,  788,  363,  481,  257,  222,  584,  690,  160,  518,  322,  136,  155,  443,  628,  531,  351,  818,  667,  531,  483,  749,  535,  762,  594,  416,  653,  142,  260,  849,  469,  296,  264,  593,  259,  702,  192,  652,  756,  560,  390,  572,  703,  358,  124,  149,  376,  608,  909,  507,  747,  681,   59,  722,  458,  524,  273,  497,  544,  511,  564,  273,  498,  301,  275,  522,  442,  384,  731],
        [  814,    0,   96,  352,  743,  298,  747,  865,  454,  511,  347,  964,  812,  234,  929,  279,  538,  310,  165,  332,  421,  481,  788,  492,  791,  241,   51,  486,  867,  481,  509,  724,  551,  890,  255,    0,  275,  459,  283,  657,  406,  785,  312,  864,  276,  799,  670,  648,  673,  710,  401,  575,  946,  368,  789,  508,  345,  250,  653,  662,  409,  991,  350,  632,  525,  215,  700,  188,  357,  493,  901,  847,  187,  278,  298,  450,  714,  608,  226,  470,  475,  333,  729,  392,  688,  244,  309,  198,  442,  651,  403,  591,  809,  877,  547,  553,  800,  352,  904,  508,  193,  811,  344,  504,  803,  443,  522,   17,  574,  489,  915,   98,  804,  720,  761,  477,  317,  810,  106,  211,  403,  584,  360,  861,  363,  933,  824,  197,  835,  286,  715,  231,  383,  290,  288,  560,  311,  674,  519,  471,  421,  555,  445,  813],
        [  995,    0,  189,   78,  861,  467,  886,  964,  708,  466,  612, 1205, 1070,  244, 1165,  507,  811,   96,  168,  506,  389,  649,  994,  754,  970,  259,  318,  725,  988,  665,  757,  759,  822,  943,  530,  275,    0,  731,  552,  692,  597,  838,  550, 1062,  508,  950,  932,  868,  887,  830,  579,  850,  973,  260,  962,  783,  220,  293,  710,  690,  394, 1234,  288,  849,  800,  394,  915,  419,  631,  662, 1141,  904,  324,  531,  168,  579,  729,  878,   50,  731,  750,   86,  855,  661,  915,  395,  570,  450,  580,  772,  420,  860,  882, 1123,  677,  725,  931,  303, 1101,  546,  190, 1023,  609,  775,  838,  558,  785,  268,  668,  755, 1162,  355, 1013,  775, 1004,  671,   43,  985,  178,  472,  678,  839,  126,  888,  374, 1162, 1025,  472, 1013,  296,  954,  417,  425,   38,  188,  671,  514,  905,  778,  726,  466,  755,  628,  968],
        [  605,    0,  543,  806,  690,  415,  648,  817,  288,  777,  227,  574,  386,  595,  558,  383,   81,  748,  590,  403,  709,  439,  520,  253,  589,  591,  424,  366,  776,  403,  340,  820,   96,  920,  209,  459,  731,    0,  184,  772,  369,  838,  351,  599,  289,  660,  241,  378,  412,  662,  399,  128, 1006,  739,  603,   77,  734,  572,  737,  786,  685,  595,  695,  377,  112,  416,  429,  344,  111,  439,  521,  877,  478,  308,  708,  508,  844,  156,  683,  251,   95,  778,  664,   86,  385,  450,  263,  349,  489,  623,  649,  246,  822,  481,  546,  460,  706,  686,  637,  677,  597,  521,  232,   57,  880,  528,  122,  465,  627,   89,  513,  380,  524,  786,  389,  373,  774,  615,  563,  315,   92,  336,  798,  938,  637,  580,  560,  267,  627,  609,  367,  399,  611,  741,  686,  590,  345,  360,  143,  288,  624,  385,  394,  663],
        [  619,    0,  363,  625,  632,  263,  609,  763,  325,  616,  211,  694,  532,  414,  666,  303,  265,  565,  406,  263,  541,  355,  563,  326,  598,  410,  256,  394,  739,  331,  390,  710,  272,  838,   82,  283,  552,  184,    0,  654,  270,  745,  292,  643,  136,  640,  388,  414,  445,  601,  290,  310,  916,  559,  604,  248,  552,  394,  628,  666,  519,  720,  518,  403,  275,  243,  469,  165,  109,  360,  634,  794,  298,  235,  524,  391,  724,  327,  504,  311,  231,  595,  610,  110,  443,  280,  214,  231,  373,  551,  488,  380,  744,  605,  456,  403,  668,  510,  684,  537,  413,  576,  212,  224,  780,  403,  240,  287,  522,  207,  641,  198,  574,  686,  494,  309,  594,  621,  388,  202,  162,  427,  615,  840,  470,  677,  602,  115,  641,  433,  454,  229,  452,  560,  504,  491,  206,  424,  240,  336,  471,  360,  306,  649],
        [  508,    0,  622,  706,  265,  401,  330,  308,  978,  254,  860,  878,  865,  466,  820,  893,  830,  612,  568,  392,  307,  341,  586,  979,  490,  452,  690, 1042,  363,  381, 1043,   69,  804,  252,  719,  657,  692,  772,  654,    0,  404,  148,  906,  610,  520,  402,  796,  561,  550,  252,  374,  884,  291,  448,  466,  848,  486,  426,   55,   18,  299,  908,  407,  541,  884,  463,  568,  536,  756,  345,  819,  214,  471,  852,  528,  267,   72,  823,  684,  965,  857,  646,  280,  695,  610,  423,  850,  800,  285,  229,  275, 1014,  204,  837,  242,  355,  339,  391,  632,  152,  530,  626,  860,  768,  149,  251,  714,  642,  153,  716,  870,  603,  609,   91,  734,  413,  711,  486,  687,  790,  803, 1078,  623,  206,  322,  788,  592,  703,  514,  406,  682,  460,  280,  663,  505,  193,  449,  623,  688,  989,  240,  448,  382,  422],
        [  409,    0,  434,  653,  367,  132,  353,  497,  592,  443,  480,  628,  537,  372,  581,  554,  429,  566,  430,   93,  397,   87,  398,  584,  386,  360,  413,  662,  481,   76,  655,  453,  407,  570,  346,  406,  597,  369,  270,  404,    0,  479,  553,  467,  152,  397,  430,  278,  293,  334,   35,  483,  650,  480,  383,  445,  493,  327,  369,  418,  371,  658,  425,  257,  481,  207,  321,  222,  361,   95,  562,  526,  273,  496,  493,  140,  475,  434,  562,  573,  455,  604,  346,  292,  328,  203,  481,  468,  121,  282,  326,  611,  475,  556,  187,  150,  410,  410,  507,  318,  411,  426,  481,  368,  517,  164,  320,  399,  260,  317,  594,  314,  417,  423,  435,   75,  634,  404,  490,  447,  404,  682,  606,  577,  334,  571,  429,  351,  430,  350,  381,  185,  288,  588,  466,  226,   96,  324,  298,  601,  285,  159,   41,  410],
        [  452,    0,  759,  854,  203,  510,  275,  183, 1069,  400,  954,  842,  864,  608,  783, 1006,  885,  759,  709,  492,  455,  400,  551, 1062,  440,  594,  814, 1138,  255,  435, 1133,   88,  854,  107,  816,  785,  838,  838,  745,  148,  479,    0, 1014,  555,  615,  334,  819,  564,  545,  209,  455,  938,  172,  595,  413,  912,  633,  566,  134,  154,  446,  871,  554,  547,  948,  581,  557,  647,  839,  399,  790,   67,  600,  958,  675,  358,  142,  863,  828, 1051,  928,  794,  228,  767,  607,  545,  951,  914,  374,  224,  420, 1083,   71,  816,  294,  385,  257,  538,  570,  294,  671,  590,  955,  824,   56,  353,  761,  771,  224,  770,  846,  722,  573,   66,  728,  465,  858,  428,  825,  900,  881, 1159,  771,  103,  466,  745,  547,  808,  452,  549,  680,  574,  420,  810,  652,  254,  544,  625,  734, 1078,  379,  475,  447,  352],
