{
    "name": "random-65-12720",
    "comment": "size=65 seed=12720",
    "nodes": ["+0", "-0", "+1", "-1", "+2", "-2", "+3", "-3", "+4", "-4", "+5", "-5", "+6", "-6", "+7", "-7", "+8", "-8", "+9", "-9", "+10", "-10", "+11", "-11", "+12", "-12", "+13", "-13", "+14", "-14", "+15", "-15", "+16", "-16", "+17", "-17", "+18", "-18", "+19", "-19", "+20", "-20", "+21", "-21", "+22", "-22", "+23", "-23", "+24", "-24", "+25", "-25", "+26", "-26", "+27", "-27", "+28", "-28", "+29", "-29", "+30", "-30", "+31", "-31", "+32", "-32", "+33", "-33", "+34", "-34", "+35", "-35", "+36", "-36", "+37", "-37", "+38", "-38", "+39", "-39", "+40", "-40", "+41", "-41", "+42", "-42", "+43", "-43", "+44", "-44", "+45", "-45", "+46", "-46", "+47", "-47", "+48", "-48", "+49", "-49", "+50", "-50", "+51", "-51", "+52", "-52", "+53", "-53", "+54", "-54", "+55", "-55", "+56", "-56", "+57", "-57", "+58", "-58", "+59", "-59", "+60", "-60", "+61", "-61", "+62", "-62", "+63", "-63", "+64", "-64", "+65", "-65"],
    "precedence": {
        "+0": "-0",
        "+1": "-1",
        "+2": "-2",
        "+3": "-3",
        "+4": "-4",
        "+5": "-5",
        "+6": "-6",
        "+7": "-7",
        "+8": "-8",
        "+9": "-9",
        "+10": "-10",
        "+11": "-11",
        "+12": "-12",
        "+13": "-13",
        "+14": "-14",
        "+15": "-15",
        "+16": "-16",
        "+17": "-17",
        "+18": "-18",
        "+19": "-19",
        "+20": "-20",
        "+21": "-21",
        "+22": "-22",
        "+23": "-23",
        "+24": "-24",
        "+25": "-25",
        "+26": "-26",
        "+27": "-27",
        "+28": "-28",
        "+29": "-29",
        "+30": "-30",
        "+31": "-31",
        "+32": "-32",
        "+33": "-33",
        "+34": "-34",
        "+35": "-35",
        "+36": "-36",
        "+37": "-37",
        "+38": "-38",
        "+39": "-39",
        "+40": "-40",
        "+41": "-41",
        "+42": "-42",
        "+43": "-43",
        "+44": "-44",
        "+45": "-45",
        "+46": "-46",
        "+47": "-47",
        "+48": "-48",
        "+49": "-49",
        "+50": "-50",
        "+51": "-51",
        "+52": "-52",
        "+53": "-53",
        "+54": "-54",
        "+55": "-55",
        "+56": "-56",
        "+57": "-57",
        "+58": "-58",
        "+59": "-59",
        "+60": "-60",
        "+61": "-61",
        "+62": "-62",
        "+63": "-63",
        "+64": "-64",
        "+65": "-65"
    },
    "edges": [
        [    0,    0,  498,  908,  706,  707,  645,  830,  730,  377,  902,  765,  574, 1194,  316,  816, 1183,  997,  560,  528,  391,  848,  547,  124,  898,  159,  209, 1079,  629,  122,  782,  403, 1146,  789,  536,  880,  586,  658,  384,  837,  696,  799,  733,  840,  777,  319,  552,  259,  890,  439,  317,  596,  833,  759,  338,  682,  555, 1040,  608,  584,  597,  143,  734,  658,  478,  793,  987,  381,   34,  885,  399,  877,  921,  700,  412,  247,  592,  125, 1042,  768,  391,  381,  732,  757,  839,  790,  253,  770,  918, 1089,  837, 1089,  674,  742,  425,  620,  204,  707,  854,  597,  454,  362,  485,  717,  843,  558,  709,  726,   26,  431,  479,  768,  564,  951,  539,  815,  561,  823,  748,  714,  404, 1134, 1063,  910, 1014,  617,  445,  514,  515,  643,  653,  889],
        [    0,    0,    0,    0,    0,    0,    0,    0,    0,    0,    0,    0,    0,    0,    0,    0,    0,    0,    0,    0,    0,    0,    0,    0,    0,    0,    0,    0,    0,    0,    0,    0,    0,    0,    0,    0,    0,    0,    0,    0,    0,    0,    0,    0,    0,    0,    0,    0,    0,    0,    0,    0,    0,    0,    0,    0,    0,    0,    0,    0,    0,    0,    0,    0,    0,    0,    0,    0,    0,    0,    0,    0,    0,    0,    0,    0,    0,    0,    0,    0,    0,    0,    0,    0,    0,    0,    0,    0,    0,    0,    0,    0,    0,    0,    0,    0,    0,    0,    0,    0,    0,    0,    0,    0,    0,    0,    0,    0,    0,    0,    0,    0,    0,    0,    0,    0,    0,    0,    0,    0,    0,    0,    0,    0,    0,    0,    0,    0,    0,    0,    0,    0],
        [  498,    0,    0,  677,  650,  307,  855,  643,  979,  295,  813,  314,  380,  975,  443,  940,  948,  615,  456,  442,  351,  616,  374,  384,  537,  414,  345,  893,  295,  484,  361,  215,  950,  844,   86,  870,  756,  727,  199,  996,  584,  306,  255, 1031,  789,  196,  539,  276,  796,  393,  572,  208,  570,  923,  161,  865,  460,  819,  448,  811,  248,  491,  266,  364,  620,  446,  606,  217,  467,  726,  115,  855,  899,  807,  507,  285,  699,  469,  879,  410,  544,  119,  714,  755,  383,  721,  570,  760,  427,  921,  929,  879,  585,  717,  209,  432,  554,  279,  374,  542,  749,  505,  106,  516,  405,  521,  292,  234,  473,  659,   19,  597,  583,  553,  667,  502,  790,  716,  583,  534,   94,  920,  950,  785,  649,  797,  589,  178,   63,  323,  156,  633],
        [  908,    0,  677,    0,  295,  405,  686,   95,  797,  544,  258,  481,  344,  302,  606,  606,  282,  306,  352,  383,  518,   64,  368,  800,  254,  941,  707,  219,  382,  981,  408,  558,  274,  471,  594,  391,  604,  465,  588,  683,  242,  629,  557,  747,  395,  677,  398,  683,  244,  471,  691,  472,  110,  653,  709,  654,  358,  144,  301,  693,  430,  790,  530,  314,  562,  268,  301,  577,  897,  126,  751,  368,  390,  532,  540,  854,  516,  971,  217,  301,  588,  691,  343,  369,  483,  266,  754,  358,  645,  253,  557,  203,  274,  333,  541,  292,  787,  454,  562,  344,  760,  591,  582,  192,  435,  380,  433,  612,  889,  662,  680,  151,  419,  334,  541,  199,  688,  208,  170,  196,  701,  245,  316,  196,  274,  628,  568,  508,  615,  355,  665,   54],
        [  706,    0,  650,  295,    0,  492,  394,  202,  511,  406,  196,  594,  276,  515,  391,  351,  514,  560,  197,  217,  356,  266,  277,  620,  474,  781,  533,  390,  412,  802,  538,  460,  457,  222,  585,  220,  309,  173,  489,  425,   87,  735,  645,  483,  150,  565,  155,  537,  184,  298,  435,  491,  303,  378,  613,  366,  194,  380,  209,  399,  443,  571,  621,  351,  283,  419,  552,  472,  705,  207,  682,  206,  251,  248,  298,  727,  222,  796,  346,  432,  334,  612,   73,  114,  631,   85,  505,  114,  795,  391,  316,  413,   69,   70,  454,  233,  546,  539,  702,  119,  472,  351,  545,  206,  593,  155,  520,  689,  693,  381,  645,  161,  149,  562,  252,  372,  394,  123,  152,  177,  634,  456,  357,  209,  542,  334,  298,  477,  596,  390,  706,  314],
        [  707,    0,  307,  405,  492,    0,  817,  401,  946,  355,  601,  104,  248,  688,  504,  835,  657,  312,  347,  356,  378,  353,  267,  583,  231,  674,  505,  623,  101,  734,   78,  306,  673,  712,  223,  695,  714,  629,  324,  905,  407,  244,  158,  955,  641,  398,  451,  448,  584,  376,  637,  115,  296,  845,  404,  809,  355,  540,  296,  792,  114,  641,  132,  143,  601,  146,  302,  327,  683,  487,  408,  675,  714,  714,  508,  557,  633,  721,  620,  110,  563,  369,  564,  605,  158,  536,  669,  604,  309,  658,  806,  601,  425,  562,  283,  267,  677,   50,  216,  424,  785,  537,  243,  299,  143,  426,   29,  210,  683,  679,  317,  376,  498,  254,  623,  211,  776,  509,  370,  326,  366,  638,  710,  557,  343,  753,  583,  194,  249,  110,  261,  355],
        [  645,    0,  855,  686,  394,  817,    0,  595,  129,  561,  499,  919,  570,  853,  426,  201,  864,  948,  471,  463,  505,  659,  552,  626,  856,  782,  578,  728,  720,  765,  880,  641,  788,  263,  821,  390,  104,  222,  658,  196,  467, 1040,  947,  197,  315,  693,  367,  625,  500,  471,  337,  771,  693,  124,  747,   52,  462,  748,  527,   62,  731,  511,  929,  681,  235,  785,  940,  639,  662,  581,  834,  402,  426,  164,  349,  793,  187,  766,  675,  788,  317,  768,  345,  329,  972,  428,  393,  343, 1124,  711,  246,  764,  436,  356,  650,  558,  442,  855, 1033,  403,  205,  358,  764,  580,  942,  393,  840,  979,  645,  221,  843,  553,  321,  943,  196,  751,   84,  488,  541,  553,  798,  802,  627,  549,  934,   65,  267,  720,  820,  707,  964,  708],
        [  830,    0,  643,   95,  202,  401,  595,    0,  708,  475,  207,  490,  283,  366,  523,  526,  353,  374,  271,  303,  444,   72,  303,  726,  302,  873,  633,  260,  355,  908,  421,  500,  324,  390,  563,  326,  510,  373,  530,  603,  149,  639,  558,  665,  313,  618,  306,  616,  191,  392,  601,  446,  127,  567,  655,  564,  276,  210,  229,  600,  400,  708,  532,  284,  468,  282,  368,  518,  821,   87,  706,  303,  333,  443,  451,  794,  422,  900,  238,  308,  498,  641,  255,  284,  506,  184,  665,  274,  672,  282,  480,  261,  181,  245,  486,  228,  700,  451,  584,  253,  666,  503,  542,  129,  461,  290,  430,  611,  812,  568,  643,   63,  325,  389,  447,  218,  594,  131,   83,  121,  656,  306,  312,  157,  350,  535,  475,  468,  582,  328,  653,  116],
        [  730,    0,  979,  797,  511,  946,  129,  708,    0,  685,  590, 1048,  699,  938,  543,  236,  954, 1069,  600,  591,  630,  775,  681,  727,  979,  875,  688,  817,  849,  851, 1009,  766,  872,  345,  947,  465,  233,  339,  781,  187,  588, 1169, 1076,  143,  411,  810,  495,  740,  593,  598,  440,  899,  813,  159,  864,  146,  591,  846,  655,  168,  860,  604, 1058,  809,  361,  911, 1061,  762,  750,  686,  952,  482,  496,  266,  473,  899,  315,  854,  763,  915,  436,  888,  455,  431, 1100,  534,  484,  444, 1253,  795,  293,  857,  558,  465,  775,  686,  530,  984, 1161,  529,  276,  477,  890,  704, 1070,  521,  969, 1108,  733,  329,  966,  671,  449, 1067,  325,  874,  190,  594,  661,  676,  918,  891,  700,  645, 1052,  194,  390,  848,  945,  836, 1091,  823],
        [  377,    0,  295,  544,  406,  355,  561,  475,  685,    0,  594,  435,  201,  840,  162,  654,  824,  625,  217,  191,   58,  481,  176,  260,  525,  399,  169,  733,  264,  438,  432,   82,  799,  570,  268,  618,  462,  445,   98,  706,  364,  518,  431,  738,  525,  160,  267,  141,  579,  112,  298,  259,  460,  631,  211,  572,  216,  682,  247,  518,  242,  289,  422,  283,  326,  420,  615,   79,  361,  543,  289,  607,  653,  520,  212,  325,  409,  428,  704,  398,  252,  218,  457,  494,  505,  487,  319,  503,  623,  751,  649,  735,  352,  463,   94,  252,  323,  370,  541,  288,  467,  215,  208,  353,  497,  256,  365,  448,  355,  370,  283,  416,  304,  583,  374,  439,  497,  501,  397,  355,  246,  780,  748,  584,  640,  503,  295,  184,  263,  273,  413,  519],
        [  902,    0,  813,  258,  196,  601,  499,  207,  590,  594,    0,  694,  435,  355,  586,  372,  366,  563,  378,  403,  547,  274,  445,  816,  503,  976,  728,  230,  542,  998,  627,  640,  291,  246,  740,  139,  443,  300,  669,  447,  234,  842,  759,  514,  184,  750,  351,  728,   18,  490,  621,  631,  332,  434,  795,  456,  378,  260,  367,  524,  582,  765,  733,  472,  460,  489,  559,  654,  900,  133,  859,  117,  133,  335,  492,  917,  370,  991,  177,  513,  523,  790,  182,  177,  712,  112,  693,  162,  879,  216,  317,  268,  242,  170,  631,  382,  737,  651,  790,  312,  628,  544,  709,  307,  667,  350,  630,  810,  888,  552,  810,  226,  340,  588,  415,  424,  527,   98,  236,  284,  809,  304,  162,   64,  531,  453,  481,  636,  754,  516,  843,  304],
        [  765,    0,  314,  481,  594,  104,  919,  490, 1048,  435,  694,    0,  350,  747,  591,  938,  713,  318,  449,  457,  466,  435,  368,  642,  265,  713,  572,  695,  200,  778,   75,  375,  740,  815,  242,  794,  816,  732,  387, 1008,  509,  150,   83, 1059,  743,  449,  554,  510,  677,  471,  727,  177,  376,  949,  442,  912,  458,  607,  400,  893,  199,  714,   58,  246,  701,  214,  310,  394,  739,  574,  426,  773,  811,  818,  605,  589,  736,  764,  698,  183,  657,  403,  666,  707,   74,  635,  753,  706,  206,  733,  909,  668,  528,  663,  353,  370,  757,   68,  114,  527,  880,  630,  283,  397,   92,  528,   80,  138,  741,  775,  328,  472,  601,  252,  725,  283,  877,  605,  467,  425,  391,  701,  793,  646,  359,  855,  681,  258,  267,  213,  216,  429],
        [  574,    0,  380,  344,  276,  248,  570,  283,  699,  201,  435,  350,    0,  643,  299,  599,  625,  449,  100,  109,  186,  281,   29,  460,  346,  597,  368,  542,  151,  639,  314,  217,  606,  485,  311,  494,  466,  388,  248,  665,  205,  477,  384,  713,  421,  336,  205,  339,  418,  155,  418,  218,  260,  602,  373,  563,  109,  485,   69,  546,  171,  470,  364,  118,  357,  248,  438,  235,  560,  359,  428,  478,  522,  473,  274,  512,  387,  628,  518,  238,  330,  361,  344,  386,  404,  342,  465,  389,  555,  564,  577,  540,  208,  345,  204,   56,  485,  286,  463,  183,  548,  313,  275,  156,  378,  179,  271,  423,  554,  440,  377,  228,  252,  419,  376,  249,  530,  338,  211,  164,  378,  585,  577,  411,  455,  505,  341,  204,  323,  138,  432,  318],
        [ 1194,    0,  975,  302,  515,  688,  853,  366,  938,  840,  355,  747,  643,    0,  884,  711,   42,  477,  636,  667,  809,  366,  666, 1092,  485, 1238,  999,  127,  680, 1274,  672,  859,   68,  596,  890,  474,  796,  652,  889,  781,  501,  887,  827,  847,  539,  978,  655,  980,  356,  757,  947,  768,  406,  780, 1011,  809,  641,  160,  594,  879,  728, 1069,  800,  614,  797,  543,  479,  878, 1186,  313, 1052,  457,  447,  690,  803, 1154,  719, 1265,  179,  579,  845,  992,  528,  531,  729,  445, 1016,  515,  874,  145,  653,  106,  527,  515,  843,  589, 1054,  733,  805,  605,  978,  856,  882,  489,  680,  644,  713,  883, 1177,  894,  979,  428,  661,  535,  759,  478,  881,  393,  448,  486, 1003,   61,  251,  313,  429,  807,  812,  809,  912,  653,  948,  342],
        [  316,    0,  443,  606,  391,  504,  426,  523,  543,  162,  586,  591,  299,  884,    0,  553,  874,  747,  255,  224,  126,  549,  271,  237,  645,  402,  162,  766,  407,  414,  580,  239,  833,  496,  427,  574,  336,  364,  247,  593,  383,  678,  592,  615,  472,  268,  236,  200,  575,  145,  137,  417,  545,  515,  321,  447,  249,  732,  313,  376,  394,  186,  581,  408,  202,  544,  737,  230,  315,  572,  409,  568,  613,  423,  102,  379,  308,  409,  727,  529,  111,  345,  420,  448,  659,  475,  168,  460,  783,  774,  560,  778,  359,  429,  255,  333,  187,  525,  699,  282,  308,   69,  366,  421,  646,  242,  518,  609,  303,  218,  428,  460,  251,  714,  261,  548,  354,  507,  440,  412,  376,  823,  748,  594,  754,  376,  166,  345,  419,  409,  571,  594],
        [  816,    0,  940,  606,  351,  835,  201,  526,  236,  654,  372,  938,  599,  711,  553,    0,  729,  899,  502,  506,  596,  597,  590,  777,  819,  940,  714,  592,  747,  933,  886,  729,  644,  136,  890,  239,  231,  215,  751,   77,  437, 1074,  982,  142,  214,  804,  405,  749,  379,  548,  500,  816,  644,   83,  858,  150,  495,  632,  541,  257,  770,  676,  960,  693,  353,  769,  892,  732,  829,  485,  941,  258,  265,  134,  457,  931,  248,  933,  538,  781,  446,  871,  281,  245,  979,  343,  565,  252, 1141,  567,   59,  635,  413,  287,  731,  570,  615,  879, 1048,  417,  400,  486,  840,  556,  942,  426,  862, 1022,  813,  386,  931,  503,  359,  908,  293,  720,  274,  399,  498,  527,  899,  666,  468,  433,  875,  203,  389,  783,  895,  728, 1025,  641],
        [ 1183,    0,  948,  282,  514,  657,  864,  353,  954,  824,  366,  713,  625,   42,  874,  729,    0,  438,  624,  655,  795,  345,  649, 1078,  450, 1222,  985,  138,  654, 1259,  639,  839,   94,  610,  863,  491,  803,  658,  869,  800,  494,  851,  794,  867,  550,  958,  650,  963,  365,  745,  944,  741,  381,  797,  989,  822,  629,  143,  578,  888,  702, 1060,  767,  589,  797,  512,  440,  858, 1174,  309, 1028,  473,  466,  701,  797, 1135,  724, 1250,  192,  548,  840,  970,  533,  539,  693,  449, 1011,  524,  836,  165,  671,  102,  521,  520,  822,  572, 1048,  701,  768,  598,  982,  850,  857,  472,  644,  637,  682,  850, 1165,  894,  952,  415,  659,  497,  762,  449,  888,  394,  435,  471,  979,   64,  277,  318,  390,  816,  810,  784,  886,  627,  916,  317],
        [  997,    0,  615,  306,  560,  312,  948,  374, 1069,  625,  563,  318,  449,  477,  747,  899,  438,    0,  517,  542,  628,  302,  477,  875,  103,  980,  790,  466,  370, 1037,  256,  597,  490,  763,  533,  694,  854,  730,  620,  975,  482,  434,  399, 1037,  685,  702,  605,  742,  549,  603,  865,  425,  257,  936,  713,  924,  526,  374,  452,  942,  408,  911,  376,  343,  777,  206,   11,  619,  977,  431,  720,  672,  696,  807,  716,  867,  765, 1024,  490,  230,  771,  680,  623,  655,  275,  557,  913,  647,  401,  510,  853,  426,  513,  614,  575,  425,  932,  337,  342,  557,  977,  759,  554,  371,  232,  580,  324,  452,  974,  871,  626,  399,  642,   68,  776,  206,  932,  504,  409,  396,  677,  446,  602,  501,   49,  885,  771,  498,  559,  355,  534,  262],
        [  560,    0,  456,  352,  197,  347,  471,  271,  600,  217,  378,  449,  100,  636,  255,  502,  624,  517,    0,   32,  176,  294,   89,  457,  417,  609,  365,  523,  251,  640,  410,  265,  590,  392,  395,  416,  368,  289,  294,  567,  147,  576,  484,  614,  333,  373,  105,  355,  363,  122,  353,  314,  293,  503,  419,  463,   10,  481,   66,  450,  269,  439,  464,  211,  266,  328,  508,  277,  551,  331,  486,  402,  447,  374,  201,  542,  287,  632,  491,  324,  256,  416,  258,  299,  501,  274,  409,  304,  655,  538,  482,  530,  137,  261,  258,   94,  438,  386,  562,   88,  463,  248,  352,  167,  473,   80,  371,  522,  542,  356,  450,  209,  153,  496,  279,  312,  435,  285,  189,  157,  438,  576,  532,  368,  517,  407,  255,  287,  404,  237,  524,  340],
        [  528,    0,  442,  383,  217,  356,  463,  303,  591,  191,  403,  457,  109,  667,  224,  506,  655,  542,   32,    0,  147,  326,   90,  426,  441,  579,  334,  554,  258,  609,  422,  244,  621,  402,  386,  434,  359,  292,  272,  568,  176,  580,  487,  613,  347,  349,  102,  327,  389,   91,  325,  313,  323,  502,  396,  458,   28,  513,   92,  437,  271,  407,  468,  225,  248,  349,  532,  255,  520,  361,  466,  421,  467,  376,  175,  515,  282,  601,  521,  343,  230,  396,  275,  314,  512,  297,  380,  321,  662,  568,  489,  562,  162,  279,  240,  118,  408,  393,  571,  102,  442,  219,  339,  197,  487,   80,  378,  522,  510,  334,  435,  240,  150,  518,  268,  338,  421,  312,  220,  188,  419,  607,  559,  396,  543,  398,  235,  278,  393,  247,  519,  371],
        [  391,    0,  351,  518,  356,  378,  505,  444,  630,   58,  547,  466,  186,  809,  126,  596,  795,  628,  176,  147,    0,  457,  158,  283,  526,  433,  190,  699,  281,  465,  454,  137,  765,  513,  319,  565,  405,  387,  156,  648,  322,  559,  471,  681,  470,  215,  212,  181,  533,   59,  261,  294,  443,  574,  267,  515,  174,  653,  218,  464,  268,  285,  458,  286,  270,  424,  618,  137,  379,  506,  346,  555,  601,  462,  158,  371,  351,  456,  667,  406,  202,  276,  404,  440,  533,  439,  293,  449,  661,  714,  591,  704,  306,  411,  146,  230,  306,  399,  576,  238,  421,  167,  260,  327,  520,  204,  392,  492,  372,  321,  340,  382,  248,  592,  316,  434,  443,  458,  363,  325,  304,  749,  705,  542,  639,  447,  240,  226,  316,  285,  463,  498],
        [  848,    0,  616,   64,  266,  353,  659,   72,  775,  481,  274,  435,  281,  366,  549,  597,  345,  302,  294,  326,  457,    0,  306,  738,  231,  878,  645,  278,  322,  918,  363,  494,  335,  461,  533,  397,  571,  438,  524,  674,  200,  584,  507,  736,  384,  613,  349,  620,  258,  411,  640,  413,   61,  637,  646,  630,  301,  207,  240,  661,  369,  732,  480,  253,  518,  222,  296,  514,  836,  144,  688,  374,  403,  511,  487,  790,  482,  908,  269,  252,  537,  627,  323,  354,  444,  255,  700,  345,  609,  309,  552,  266,  233,  314,  478,  230,  732,  402,  523,  296,  718,  537,  520,  131,  398,  329,  381,  561,  828,  617,  618,  108,  375,  318,  503,  155,  654,  203,  124,  139,  638,  308,  359,  218,  279,  598,  521,  446,  554,  294,  610,   51],
        [  547,    0,  374,  368,  277,  267,  552,  303,  681,  176,  445,  368,   29,  666,  271,  590,  649,  477,   89,   90,  158,  306,    0,  434,  375,  573,  341,  562,  168,  613,  335,  199,  627,  480,  309,  497,  449,  377,  230,  655,  212,  490,  397,  701,  419,  316,  190,  315,  428,  127,  391,  226,  286,  590,  356,  547,   96,  507,   79,  526,  182,  442,  378,  143,  335,  276,  467,  216,  533,  376,  415,  481,  526,  462,  249,  491,  371,  603,  536,  264,  304,  347,  343,  384,  424,  348,  436,  388,  573,  582,  570,  562,  212,  345,  188,   77,  457,  303,  481,  176,  523,  285,  269,  178,  401,  166,  289,  434,  527,  416,  370,  246,  238,  446,  357,  278,  510,  348,  228,  183,  365,  606,  591,  425,  484,  488,  318,  201,  319,  158,  436,  344],
        [  124,    0,  384,  800,  620,  583,  626,  726,  727,  260,  816,  642,  460, 1092,  237,  777, 1078,  875,  457,  426,  283,  738,  434,    0,  777,  166,   93,  980,  507,  184,  658,  280, 1047,  731,  416,  810,  551,  598,  260,  809,  599,  681,  612,  821,  708,  197,  466,  136,  803,  336,  289,  472,  719,  730,  224,  656,  453,  935,  500,  568,  473,  132,  612,  538,  426,  672,  865,  258,  102,  787,  296,  804,  849,  652,  339,  178,  538,  176,  946,  646,  334,  266,  655,  684,  716,  705,  246,  696,  799,  993,  790,  986,  580,  663,  302,  509,  209,  584,  732,  506,  457,  297,  363,  608,  719,  467,  585,  607,  100,  405,  366,  664,  486,  828,  488,  696,  545,  732,  645,  607,  292, 1031,  976,  818,  894,  587,  391,  390,  396,  521,  539,  777],
        [  898,    0,  537,  254,  474,  231,  856,  302,  979,  525,  503,  265,  346,  485,  645,  819,  450,  103,  417,  441,  526,  231,  375,  777,    0,  887,  690,  448,  274,  942,  193,  500,  485,  684,  453,  627,  760,  641,  525,  895,  392,  402,  347,  955,  607,  609,  507,  644,  488,  501,  762,  338,  177,  851,  623,  835,  426,  356,  351,  848,  315,  809,  321,  242,  678,  106,   93,  522,  879,  372,  637,  605,  633,  721,  614,  777,  671,  929,  461,  134,  670,  592,  540,  575,  245,  481,  810,  568,  398,  489,  777,  414,  422,  532,  479,  324,  830,  266,  322,  460,  878,  657,  467,  277,  196,  481,  249,  403,  876,  771,  547,  316,  545,   89,  679,  107,  837,  433,  323,  303,  592,  444,  567,  445,  118,  793,  671,  406,  479,  257,  476,  202],
        [  159,    0,  414,  941,  781,  674,  782,  873,  875,  399,  976,  713,  597, 1238,  402,  940, 1222,  980,  609,  579,  433,  878,  573,  166,  887,    0,  249, 1130,  614,   75,  744,  392, 1196,  896,  472,  974,  712,  763,  365,  968,  754,  718,  666,  978,  873,  279,  628,  259,  963,  489,  446,  559,  853,  889,  272,  815,  606, 1080,  645,  722,  573,  272,  672,  658,  591,  783,  970,  371,  130,  939,  302,  968, 1013,  816,  504,  130,  703,   60, 1099,  753,  498,  311,  818,  848,  786,  865,  392,  860,  839, 1146,  954, 1134,  737,  826,  412,  650,  346,  663,  786,  665,  601,  462,  434,  751,  799,  627,  670,  647,  147,  563,  396,  813,  650,  927,  652,  818,  699,  889,  794,  753,  325, 1178, 1135,  974, 1004,  746,  555,  483,  448,  633,  565,  913],
        [  209,    0,  345,  707,  533,  505,  578,  633,  688,  169,  728,  572,  368,  999,  162,  714,  985,  790,  365,  334,  190,  645,  341,   93,  690,  249,    0,  888,  423,  276,  581,  200,  954,  656,  360,  728,  493,  524,  186,  751,  508,  626,  550,  770,  628,  150,  380,   70,  714,  244,  251,  398,  627,  673,  194,  602,  361,  842,  407,  523,  393,  148,  547,  450,  362,  585,  779,  180,  193,  695,  280,  721,  767,  584,  262,  218,  469,  267,  855,  561,  269,  230,  571,  602,  645,  617,  230,  614,  741,  901,  721,  894,  490,  579,  222,  416,  210,  511,  668,  417,  429,  229,  301,  515,  644,  379,  510,  553,  187,  360,  328,  572,  403,  745,  422,  607,  500,  642,  552,  514,  260,  939,  887,  728,  806,  532,  326,  316,  343,  436,  494,  684],
        [ 1079,    0,  893,  219,  390,  623,  728,  260,  817,  733,  230,  695,  542,  127,  766,  592,  138,  466,  523,  554,  699,  278,  562,  980,  448, 1130,  888,    0,  599, 1163,  621,  759,   68,  473,  810,  354,  670,  525,  789,  664,  383,  841,  772,  731,  414,  877,  534,  874,  230,  645,  824,  690,  328,  660,  914,  685,  527,   94,  487,  753,  646,  950,  745,  530,  671,  482,  466,  777, 1073,  194,  962,  336,  331,  565,  682, 1053,  593, 1154,   55,  517,  722,  899,  401,  404,  689,  319,  893,  389,  845,   45,  535,   50,  407,  389,  745,  487,  933,  671,  767,  485,  851,  735,  795,  388,  640,  524,  650,  827, 1063,  768,  895,  318,  538,  514,  633,  414,  755,  268,  337,  380,  912,   75,  155,  186,  422,  681,  688,  721,  831,  571,  883,  268],
        [  629,    0,  295,  382,  412,  101,  720,  355,  849,  264,  542,  200,  151,  680,  407,  747,  654,  370,  251,  258,  281,  322,  168,  507,  274,  614,  423,  599,    0,  669,  174,  228,  656,  628,  212,  623,  616,  537,  251,  815,  330,  328,  235,  863,  560,  335,  355,  372,  525,  276,  539,   92,  275,  753,  353,  713,  259,  524,  207,  694,   48,  552,  214,   72,  502,  170,  359,  250,  608,  441,  378,  605,  646,  623,  408,  506,  537,  656,  588,  141,  463,  325,  483,  524,  259,  465,  573,  525,  405,  629,  721,  585,  343,  481,  206,  179,  584,  136,  314,  332,  685,  438,  205,  236,  240,  330,  121,  278,  606,  578,  299,  318,  403,  322,  525,  213,  677,  447,  307,  259,  330,  625,  666,  506,  391,  655,  482,  136,  233,   28,  302,  339],
        [  122,    0,  484,  981,  802,  734,  765,  908,  851,  438,  998,  778,  639, 1274,  414,  933, 1259, 1037,  640,  609,  465,  918,  613,  184,  942,   75,  276, 1163,  669,    0,  806,  443, 1230,  900,  539,  986,  703,  768,  418,  956,  783,  789,  734,  961,  883,  336,  647,  302,  985,  519,  434,  620,  897,  878,  337,  802,  636, 1117,  682,  705,  630,  258,  739,  708,  590,  837, 1027,  421,  105,  970,  374,  981, 1026,  814,  514,  202,  704,   16, 1129,  809,  501,  377,  833,  861,  851,  886,  373,  873,  910, 1176,  952, 1169,  763,  842,  464,  689,  324,  726,  855,  688,  575,  468,  497,  789,  862,  649,  732,  718,  121,  550,  466,  847,  664,  986,  652,  868,  682,  914,  827,  789,  394, 1214, 1158, 1001, 1059,  735,  556,  541,  515,  686,  637,  956],
        [  782,    0,  361,  408,  538,   78,  880,  421, 1009,  432,  627,   75,  314,  672,  580,  886,  639,  256,  410,  422,  454,  363,  335,  658,  193,  744,  581,  621,  174,  806,    0,  382,  665,  759,  282,  731,  777,  685,  399,  958,  452,  222,  155, 1011,  686,  471,  514,  524,  610,  450,  712,  188,  304,  902,  473,  869,  419,  533,  355,  858,  191,  718,  129,  200,  670,  142,  247,  403,  758,  505,  469,  710,  747,  770,  581,  624,  695,  792,  624,  114,  635,  436,  610,  651,   93,  574,  746,  648,  257,  659,  854,  593,  474,  606,  360,  324,  754,   83,  165,  482,  857,  611,  311,  337,   67,  488,   75,  212,  758,  750,  373,  407,  560,  193,  688,  211,  843,  540,  404,  365,  429,  627,  721,  577,  293,  815,  653,  269,  308,  178,  284,  355],
        [  403,    0,  215,  558,  460,  306,  641,  500,  766,   82,  640,  375,  217,  859,  239,  729,  839,  597,  265,  244,  137,  494,  199,  280,  500,  392,  200,  759,  228,  443,  382,    0,  823,  638,  188,  677,  542,  517,   31,  783,  407,  444,  361,  817,  589,  120,  333,  145,  624,  181,  375,  199,  464,  709,  157,  651,  266,  700,  277,  599,  194,  340,  354,  267,  407,  395,  587,   22,  381,  575,  223,  664,  710,  595,  293,  296,  486,  431,  735,  368,  333,  152,  518,  557,  447,  538,  388,  564,  554,  781,  720,  756,  400,  522,   23,  273,  386,  312,  475,  345,  546,  295,  127,  372,  445,  318,  311,  373,  379,  451,  204,  444,  374,  549,  453,  426,  578,  544,  426,  380,  176,  800,  789,  623,  617,  583,  376,  117,  182,  244,  333,  526],
        [ 1146,    0,  950,  274,  457,  673,  788,  324,  872,  799,  291,  740,  606,   68,  833,  644,   94,  490,  590,  621,  765,  335,  627, 1047,  485, 1196,  954,   68,  656, 1230,  665,  823,    0,  529,  867,  407,  732,  589,  853,  714,  451,  883,  818,  780,  474,  941,  602,  939,  293,  712,  891,  746,  382,  714,  977,  743,  594,  134,  552,  815,  703, 1018,  791,  587,  738,  530,  491,  841, 1140,  262, 1023,  390,  380,  624,  750, 1117,  657, 1221,  115,  565,  789,  961,  466,  467,  729,  384,  961,  451,  880,   78,  586,   73,  475,  453,  808,  551, 1001,  720,  806,  552,  916,  803,  855,  451,  680,  592,  700,  874, 1130,  834,  953,  384,  605,  543,  699,  463,  817,  335,  403,  445,  973,   47,  185,  252,  444,  743,  755,  781,  888,  628,  934,  320],
        [  789,    0,  844,  471,  222,  712,  263,  390,  345,  570,  246,  815,  485,  596,  496,  136,  610,  763,  392,  402,  513,  461,  480,  731,  684,  896,  656,  473,  628,  900,  759,  638,  529,    0,  787,  127,  234,  133,  663,  213,  308,  954,  863,  277,   78,  727,  306,  680,  250,  459,  477,  703,  509,  189,  779,  216,  387,  504,  422,  300,  655,  646,  840,  570,  312,  638,  756,  645,  796,  351,  858,  141,  165,  107,  395,  869,  198,  897,  419,  652,  400,  787,  150,  111,  851,  207,  548,  117, 1016,  452,   95,  513,  288,  155,  638,  449,  597,  758,  923,  305,  426,  435,  740,  425,  813,  323,  740,  906,  781,  378,  836,  369,  266,  773,  251,  587,  308,  264,  365,  396,  813,  547,  365,  303,  739,  229,  345,  678,  794,  608,  915,  505],
        [  536,    0,   86,  594,  585,  223,  821,  563,  947,  268,  740,  242,  311,  890,  427,  890,  863,  533,  395,  386,  319,  533,  309,  416,  453,  472,  360,  810,  212,  539,  282,  188,  867,  787,    0,  804,  719,  676,  184,  950,  514,  267,  198,  989,  728,  219,  486,  291,  723,  351,  562,  123,  486,  880,  203,  827,  401,  735,  379,  782,  165,  506,  201,  282,  587,  361,  524,  199,  508,  648,  188,  788,  832,  759,  476,  348,  656,  525,  798,  325,  519,  162,  652,  693,  314,  652,  570,  697,  384,  840,  875,  796,  518,  653,  174,  360,  562,  199,  319,  483,  734,  482,   62,  439,  330,  466,  210,  194,  511,  638,   94,  520,  532,  473,  628,  417,  762,  643,  507,  458,  150,  837,  872,  709,  566,  761,  558,  109,   27,  240,  146,  550],
        [  880,    0,  870,  391,  220,  695,  390,  326,  465,  618,  139,  794,  494,  474,  574,  239,  491,  694,  416,  434,  565,  397,  497,  810,  627,  974,  728,  354,  623,  986,  731,  677,  407,  127,  804,    0,  355,  229,  705,  312,  294,  939,  851,  378,  104,  778,  354,  742,  149,  508,  578,  706,  452,  307,  827,  342,  413,  397,  427,  426,  658,  739,  826,  557,  410,  599,  689,  688,  884,  265,  900,   23,   42,  232,  473,  933,  303,  982,  300,  619,  490,  829,  161,  127,  821,  159,  650,  116,  987,  330,  182,  397,  286,  156,  673,  448,  698,  743,  896,  333,  547,  519,  765,  397,  778,  363,  724,  899,  870,  488,  865,  325,  326,  714,  354,  539,  433,  196,  327,  370,  852,  428,  238,  202,  664,  354,  439,  696,  815,  599,  921,  433],
        [  586,    0,  756,  604,  309,  714,  104,  510,  233,  462,  443,  816,  466,  796,  336,  231,  803,  854,  368,  359,  405,  571,  449,  551,  760,  712,  493,  670,  616,  703,  777,  542,  732,  234,  719,  355,    0,  145,  559,  259,  375,  936,  843,  280,  263,  599,  264,  536,  440,  368,  269,  667,  601,  180,  654,  112,  359,  678,  425,   90,  627,  445,  825,  578,  137,  685,  845,  540,  599,  507,  740,  363,  395,  129,  251,  710,   90,  702,  618,  687,  226,  672,  272,  266,  869,  357,  335,  282, 1021,  658,  257,  702,  342,  284,  549,  456,  385,  751,  929,  302,  193,  267,  663,  484,  840,  290,  737,  875,  582,  156,  744,  464,  219,  846,   93,  654,   86,  415,  451,  458,  702,  741,  586,  485,  842,   42,  172,  618,  719,  604,  861,  621],
        [  658,    0,  727,  465,  173,  629,  222,  373,  339,  445,  300,  732,  388,  652,  364,  215,  658,  730,  289,  292,  387,  438,  377,  598,  641,  763,  524,  525,  537,  768,  685,  517,  589,  133,  676,  229,  145,    0,  540,  278,  250,  864,  771,  327,  128,  599,  190,  550,  297,  336,  350,  602,  474,  218,  652,  194,  282,  534,  333,  232,  558,  516,  750,  487,  183,  577,  722,  522,  665,  364,  733,  232,  271,   86,  262,  738,   74,  765,  475,  585,  268,  662,  127,  124,  777,  212,  422,  139,  936,  515,  205,  557,  220,  140,  518,  363,  470,  671,  844,  206,  329,  302,  626,  366,  743,  212,  654,  810,  650,  260,  718,  333,  145,  729,  125,  537,  231,  271,  322,  339,  689,  597,  449,  341,  714,  164,  214,  568,  681,  520,  810,  487],
        [  384,    0,  199,  588,  489,  324,  658,  530,  781,   98,  669,  387,  248,  889,  247,  751,  869,  620,  294,  272,  156,  524,  230,  260,  525,  365,  186,  789,  251,  418,  399,   31,  853,  663,  184,  705,  559,  540,    0,  803,  436,  446,  367,  836,  616,   90,  358,  125,  654,  205,  380,  213,  493,  729,  127,  669,  295,  730,  308,  613,  215,  330,  362,  294,  423,  420,  610,   19,  360,  605,  196,  693,  738,  617,  309,  267,  507,  405,  765,  391,  346,  125,  545,  584,  460,  567,  387,  591,  559,  811,  744,  786,  429,  550,   48,  303,  381,  326,  484,  372,  554,  307,  123,  402,  461,  345,  326,  374,  359,  462,  186,  475,  398,  571,  472,  453,  592,  574,  457,  411,  150,  830,  819,  653,  642,  601,  391,  131,  174,  269,  327,  555],
        [  837,    0,  996,  683,  425,  905,  196,  603,  187,  706,  447, 1008,  665,  781,  593,   77,  800,  975,  567,  568,  648,  674,  655,  809,  895,  968,  751,  664,  815,  956,  958,  783,  714,  213,  950,  312,  259,  278,  803,    0,  510, 1142, 1049,   67,  290,  851,  467,  791,  455,  603,  524,  880,  720,   80,  906,  155,  559,  707,  609,  258,  836,  699, 1028,  763,  391,  843,  968,  784,  852,  562,  990,  332,  335,  193,  501,  969,  297,  957,  611,  854,  483,  921,  356,  321, 1050,  420,  584,  329, 1212,  637,  131,  708,  486,  363,  787,  639,  634,  948, 1119,  483,  400,  524,  898,  629, 1014,  489,  931, 1088,  836,  407,  986,  579,  420,  983,  335,  795,  279,  476,  573,  601,  950,  738,  535,  509,  951,  223,  427,  844,  953,  797, 1087,  718],
        [  696,    0,  584,  242,   87,  407,  467,  149,  588,  364,  234,  509,  205,  501,  383,  437,  494,  482,  147,  176,  322,  200,  212,  599,  392,  754,  508,  383,  330,  783,  452,  407,  451,  308,  514,  294,  375,  250,  436,  510,    0,  651,  561,  567,  235,  518,  158,  501,  218,  265,  453,  413,  227,  461,  563,  443,  149,  352,  137,  464,  364,  568,  537,  267,  321,  333,  473,  421,  690,  190,  626,  276,  319,  330,  304,  688,  285,  775,  347,  345,  350,  557,  159,  199,  544,  138,  519,  198,  708,  394,  402,  396,   34,  155,  397,  156,  555,  454,  616,  105,  520,  357,  479,  120,  506,  144,  435,  607,  680,  420,  580,   93,  177,  480,  304,  288,  456,  139,   77,   91,  576,  441,  385,  221,  468,  404,  327,  408,  527,  307,  628,  250],
        [  799,    0,  306,  629,  735,  244, 1040,  639, 1169,  518,  842,  150,  477,  887,  678, 1074,  851,  434,  576,  580,  559,  584,  490,  681,  402,  718,  626,  841,  328,  789,  222,  444,  883,  954,  267,  939,  936,  864,  446, 1142,  651,    0,   93, 1190,  884,  485,  680,  558,  825,  576,  815,  271,  524, 1079,  461, 1037,  584,  752,  534, 1009,  310,  773,  115,  385,  813,  363,  428,  459,  769,  724,  417,  919,  958,  950,  709,  589,  861,  774,  845,  332,  759,  419,  807,  848,  160,  780,  831,  848,  122,  879, 1047,  812,  667,  805,  426,  505,  827,  197,   98,  659,  980,  726,  326,  543,  208,  655,  216,   74,  774,  878,  324,  619,  728,  368,  844,  432,  991,  752,  613,  570,  398,  843,  942,  795,  480,  976,  790,  334,  285,  347,  156,  576],
        [  733,    0,  255,  557,  645,  158,  947,  558, 1076,  431,  759,   83,  384,  827,  592,  982,  794,  399,  484,  487,  471,  507,  397,  612,  347,  666,  550,  772,  235,  734,  155,  361,  818,  863,  198,  851,  843,  771,  367, 1049,  561,   93,    0, 1097,  793,  415,  587,  484,  741,  485,  729,  179,  449,  986,  400,  944,  492,  685,  442,  917,  217,  696,   28,  295,  722,  290,  391,  377,  705,  644,  370,  832,  871,  857,  619,  539,  768,  720,  773,  257,  669,  358,  716,  758,  134,  692,  748,  758,  193,  809,  956,  746,  577,  714,  342,  414,  746,  109,  122,  566,  891,  637,  250,  456,  169,  562,  129,   57,  708,  788,  272,  534,  635,  332,  752,  359,  899,  667,  527,  482,  341,  781,  865,  714,  441,  884,  698,  248,  220,  256,  137,  505],
        [  840,    0, 1031,  747,  483,  955,  197,  665,  143,  738,  514, 1059,  713,  847,  615,  142,  867, 1037,  614,  613,  681,  736,  701,  821,  955,  978,  770,  731,  863,  961, 1011,  817,  780,  277,  989,  378,  280,  327,  836,   67,  567, 1190, 1097,    0,  353,  879,  511,  815,  521,  640,  533,  925,  781,  111,  933,  169,  606,  774,  660,  257,  882,  707, 1076,  814,  417,  899, 1030,  817,  858,  627, 1019,  399,  401,  242,  530,  987,  334,  962,  677,  909,  505,  951,  415,  382, 1104,  483,  589,  391, 1263,  703,  197,  775,  541,  423,  823,  690,  637,  998, 1171,  533,  392,  547,  935,  686, 1069,  535,  981, 1134,  841,  417, 1020,  639,  463, 1043,  365,  854,  280,  540,  633,  658,  981,  804,  601,  575, 1014,  240,  451,  885,  991,  847, 1128,  780],
        [  777,    0,  789,  395,  150,  641,  315,  313,  411,  525,  184,  743,  421,  539,  472,  214,  550,  685,  333,  347,  470,  384,  419,  708,  607,  873,  628,  414,  560,  883,  686,  589,  474,   78,  728,  104,  263,  128,  616,  290,  235,  884,  793,  353,    0,  684,  259,  645,  185,  414,  474,  638,  432,  260,  735,  274,  329,  436,  356,  342,  590,  635,  770,  500,  307,  562,  679,  598,  781,  277,  811,  104,  145,  152,  370,  836,  202,  879,  361,  577,  386,  740,   78,   36,  778,  130,  547,   40,  942,  398,  171,  450,  217,   80,  586,  382,  594,  688,  850,  247,  453,  416,  684,  350,  738,  272,  669,  838,  767,  388,  782,  292,  226,  696,  252,  510,  346,  188,  288,  322,  764,  487,  324,  236,  662,  270,  335,  619,  737,  538,  852,  428],
        [  319,    0,  196,  677,  565,  398,  693,  618,  810,  160,  750,  449,  336,  978,  268,  804,  958,  702,  373,  349,  215,  613,  316,  197,  609,  279,  150,  877,  335,  336,  471,  120,  941,  727,  219,  778,  599,  599,   90,  851,  518,  485,  415,  879,  684,    0,  426,   80,  735,  271,  386,  284,  582,  775,   55,  710,  373,  819,  393,  643,  295,  295,  416,  382,  463,  504,  692,  101,  291,  692,  142,  767,  812,  671,  350,  177,  557,  323,  852,  475,  376,   82,  617,  654,  522,  645,  377,  662,  603,  898,  803,  875,  509,  623,  137,  391,  359,  393,  536,  447,  566,  335,  167,  491,  529,  415,  397,  411,  294,  484,  179,  561,  462,  650,  517,  541,  621,  657,  543,  498,  113,  919,  903,  737,  726,  640,  428,  205,  200,  355,  347,  644],
