{
    "name": "random-76-19525",
    "comment": "size=76 seed=19525",
    "nodes": ["+0", "-0", "+1", "-1", "+2", "-2", "+3", "-3", "+4", "-4", "+5", "-5", "+6", "-6", "+7", "-7", "+8", "-8", "+9", "-9", "+10", "-10", "+11", "-11", "+12", "-12", "+13", "-13", "+14", "-14", "+15", "-15", "+16", "-16", "+17", "-17", "+18", "-18", "+19", "-19", "+20", "-20", "+21", "-21", "+22", "-22", "+23", "-23", "+24", "-24", "+25", "-25", "+26", "-26", "+27", "-27", "+28", "-28", "+29", "-29", "+30", "-30", "+31", "-31", "+32", "-32", "+33", "-33", "+34", "-34", "+35", "-35", "+36", "-36", "+37", "-37", "+38", "-38", "+39", "-39", "+40", "-40", "+41", "-41", "+42", "-42", "+43", "-43", "+44", "-44", "+45", "-45", "+46", "-46", "+47", "-47", "+48", "-48", "+49", "-49", "+50", "-50", "+51", "-51", "+52", "-52", "+53", "-53", "+54", "-54", "+55", "-55", "+56", "-56", "+57", "-57", "+58", "-58", "+59", "-59", "+60", "-60", "+61", "-61", "+62", "-62", "+63", "-63", "+64", "-64", "+65", "-65", "+66", "-66", "+67", "-67", "+68", "-68", "+69", "-69", "+70", "-70", "+71", "-71", "+72", "-72", "+73", "-73", "+74", "-74", "+75", "-75", "+76", "-76"],
    "precedence": {
        "+0": "-0",
        "+1": "-1",
        "+2": "-2",
        "+3": "-3",
        "+4": "-4",
        "+5": "-5",
        "+6": "-6",
        "+7": "-7",
        "+8": "-8",
        "+9": "-9",
        "+10": "-10",
        "+11": "-11",
        "+12": "-12",
        "+13": "-13",
        "+14": "-14",
        "+15": "-15",
        "+16": "-16",
        "+17": "-17",
        "+18": "-18",
        "+19": "-19",
        "+20": "-20",
        "+21": "-21",
        "+22": "-22",
        "+23": "-23",
        "+24": "-24",
        "+25": "-25",
        "+26": "-26",
        "+27": "-27",
        "+28": "-28",
        "+29": "-29",
        "+30": "-30",
        "+31": "-31",
        "+32": "-32",
        "+33": "-33",
        "+34": "-34",
        "+35": "-35",
        "+36": "-36",
        "+37": "-37",
        "+38": "-38",
        "+39": "-39",
        "+40": "-40",
        "+41": "-41",
        "+42": "-42",
        "+43": "-43",
        "+44": "-44",
        "+45": "-45",
        "+46": "-46",
        "+47": "-47",
        "+48": "-48",
        "+49": "-49",
        "+50": "-50",
        "+51": "-51",
        "+52": "-52",
        "+53": "-53",
        "+54": "-54",
        "+55": "-55",
        "+56": "-56",
        "+57": "-57",
        "+58": "-58",
        "+59": "-59",
        "+60": "-60",
        "+61": "-61",
        "+62": "-62",
        "+63": "-63",
        "+64": "-64",
        "+65": "-65",
        "+66": "-66",
        "+67": "-67",
        "+68": "-68",
        "+69": "-69",
        "+70": "-70",
        "+71": "-71",
        "+72": "-72",
        "+73": "-73",
        "+74": "-74",
        "+75": "-75",
        "+76": "-76"
    },
    "edges": [
        [    0,    0,  829,  384,  283,  291,  318,  656,  531,  746,  324,  367,  353,  477,  301,  671,  204,  478,  456,  760,  711,  466,  226,  237,  882,  730,  358,  625,  553,   98,  752,  296,   84,  578,  634,  420,  598,  488,  289,  436,  255,  414,  235,  669,  621,  370,  500,  434,  499,  682,  774,  294,  682,  663,  801,  580,  720,  619,  281,  345,  676,  524,  384,  520,  107,  458,  571,  150,  617,  771,   93,  672,  189,  530,  373,  330,  424,  211,  650,  193,   73,  786,  706,  465,  379,  698,  189,  472,  472,  773,  325,  621,  298,  800,  505,  155,  735,  334,  825,  777,  277,  691,  423,  730,  558,  601,  570,  663,  750,  213,  765,  198,   66,  463,  655,  159,  663,  386,  811,  636,  245,  643,  581,  229,  756,  785,  549,  668,  402,  431,  255,  438,  261,  555,  602,  106,  540,  597,  705,  430,  866,  755,  562,  962,  667,  402,  829,  205,  204,  924,  244,  695,  675,  474],
        [    0,    0,    0,    0,    0,    0,    0,    0,    0,    0,    0,    0,    0,    0,    0,    0,    0,    0,    0,    0,    0,    0,    0,    0,    0,    0,    0,    0,    0,    0,    0,    0,    0,    0,    0,    0,    0,    0,    0,    0,    0,    0,    0,    0,    0,    0,    0,    0,    0,    0,    0,    0,    0,    0,    0,    0,    0,    0,    0,    0,    0,    0,    0,    0,    0,    0,    0,    0,    0,    0,    0,    0,    0,    0,    0,    0,    0,    0,    0,    0,    0,    0,    0,    0,    0,    0,    0,    0,    0,    0,    0,    0,    0,    0,    0,    0,    0,    0,    0,    0,    0,    0,    0,    0,    0,    0,    0,    0,    0,    0,    0,    0,    0,    0,    0,    0,    0,    0,    0,    0,    0,    0,    0,    0,    0,    0,    0,    0,    0,    0,    0,    0,    0,    0,    0,    0,    0,    0,    0,    0,    0,    0,    0,    0,    0,    0,    0,    0,    0,    0,    0,    0,    0,    0],
        [  829,    0,    0,  564,  796,  894,  591,  212,  306,  412,  805,  879,  850,  487,  531,  233,  922,  530,  552,  383,  129,  676, 1052, 1041,  129,  120,  744,  487,  311,  781,  188,  537,  912,  514,  814,  415,  826,  524,  639,  442, 1056,  837,  843,  237,  237,  835,  420,  657,  650,  465,  842,  546,  153,  777,  759,  282,  255,  826,  561, 1162,  273,  308,  488,  351,  725,  681,  619,  926,  440,  195,  896,  184,  967,  343,  832,  500,  707,  952,  493,  761,  853,  826,  359,  818,  658,  530,  950,  583,  454,  653, 1038,  834,  862,  220,  637,  841,  592,  726,  191,   70,  623,  174,  440,  150,  791,  461,  598,  511,  351,  674,  277,  648,  804,  449,  212,  919,  183,  764,   96,  215,  594,  834,  790,  889,   99,  831,  498,  182,  803,  688,  831,  399,  773,  719,  250,  924,  538,  392,  350,  469,  102,  686,  497,  136,  397,  691,  218, 1012,  725,  117,  894,  175,  751,  617],
        [  384,    0,  564,    0,  546,  335,  403,  355,  275,  366,  580,  654,  287,  100,  252,  508,  565,  514,  509,  385,  481,  162,  595,  527,  571,  505,  566,  242,  409,  296,  572,  258,  460,  596,  360,  290,  785,  519,  423,  128,  538,  663,  543,  508,  439,  273,  446,  126,  167,  656,  469,  161,  414,  807,  459,  421,  377,  358,  161,  652,  335,  331,  359,  213,  321,  161,  653,  414,  584,  594,  476,  381,  570,  221,  632,  210,  592,  582,  645,  455,  367,  472,  335,  278,  521,  316,  565,  105,  114,  407,  486,  806,  301,  460,  165,  489,  360,  535,  642,  535,  108,  491,  142,  428,  300,  583,  205,  280,  655,  172,  410,  201,  402,  116,  470,  533,  453,  599,  586,  441,  289,  821,  755,  343,  526,  473,  559,  382,  635,  585,  277,  302,  515,  698,  314,  489,  159,  228,  336,  405,  564,  398,  179,  680,  291,  140,  489,  588,  199,  677,  579,  497,  802,  126],
        [  283,    0,  796,  546,    0,  569,  208,  682,  554,  856,   42,  108,  620,  612,  328,  586,  173,  304,  277,  860,  668,  678,  382,  483,  885,  680,   93,  766,  486,  354,  664,  320,  306,  386,  868,  405,  318,  313,  161,  530,  501,  133,   72,  582,  561,  633,  386,  640,  700,  497,  998,  394,  675,  392, 1003,  516,  777,  858,  390,  555,  737,  504,  313,  582,  251,  671,  339,  426,  450,  676,  250,  685,  247,  592,   94,  379,  168,  206,  458,  100,  355, 1006,  800,  716,  162,  848,  221,  649,  589,  951,  602,  341,  571,  843,  702,  140,  901,   87,  728,  732,  454,  629,  507,  744,  795,  428,  751,  810,  602,  410,  829,  356,  218,  573,  590,  209,  614,  111,  747,  582,  268,  363,  305,  510,  705, 1006,  370,  678,  120,  183,  524,  417,   32,  292,  628,  282,  700,  700,  796,  328,  863,  944,  707,  930,  775,  621,  869,  309,  435,  864,  116,  630,  409,  664],
        [  291,    0,  894,  335,  569,    0,  544,  688,  593,  668,  610,  657,   92,  428,  448,  803,  484,  700,  684,  694,  800,  300,  388,  255,  906,  823,  636,  529,  688,  219,  876,  448,  310,  799,  398,  548,  878,  709,  534,  452,  258,  701,  525,  802,  738,  118,  681,  289,  342,  888,  542,  378,  741,  934,  599,  708,  709,  378,  365,  364,  668,  627,  565,  544,  334,  291,  818,  185,  817,  898,  361,  713,  443,  553,  661,  442,  693,  481,  865,  474,  221,  561,  654,  219,  636,  576,  454,  362,  449,  605,  156,  902,   38,  792,  354,  445,  589,  608,  949,  859,  277,  800,  456,  762,  327,  807,  429,  551,  924,  244,  738,  299,  352,  450,  772,  432,  764,  666,  906,  746,  429,  922,  858,   65,  846,  558,  765,  713,  687,  696,   66,  565,  545,  823,  644,  349,  435,  554,  656,  618,  898,  574,  474, 1013,  605,  244,  820,  423,  190, 1005,  532,  805,  942,  342],
        [  318,    0,  591,  403,  208,  544,    0,  477,  351,  667,  224,  302,  566,  445,  153,  390,  338,  161,  142,  667,  463,  556,  507,  555,  677,  476,  180,  594,  283,  335,  470,  146,  384,  262,  755,  201,  383,  171,   48,  352,  573,  283,  252,  387,  358,  570,  196,  517,  569,  364,  871,  242,  468,  410,  857,  313,  575,  750,  244,  657,  536,  296,  106,  388,  223,  552,  276,  461,  300,  485,  347,  479,  394,  397,  263,  202,  191,  370,  333,  177,  377,  874,  607,  631,  119,  677,  374,  505,  415,  792,  628,  404,  533,  639,  567,  264,  736,  153,  539,  528,  337,  427,  327,  537,  688,  283,  602,  638,  439,  321,  627,  258,  265,  398,  388,  347,  410,  211,  547,  378,  124,  419,  353,  500,  502,  875,  232,  472,  250,  183,  485,  211,  183,  299,  424,  380,  542,  514,  602,  129,  656,  791,  540,  726,  588,  511,  664,  450,  367,  664,  304,  429,  411,  528],
        [  656,    0,  212,  355,  682,  688,  477,    0,  131,  262,  700,  779,  641,  275,  374,  261,  780,  474,  488,  244,  168,  465,  882,  852,  227,  190,  651,  293,  248,  596,  284,  381,  740,  500,  612,  278,  791,  472,  522,  239,  866,  752,  715,  263,  207,  625,  359,  446,  440,  497,  655,  363,   79,  767,  585,  230,  112,  622,  377,  976,   94,  187,  375,  146,  558,  470,  597,  736,  444,  304,  733,   30,  813,  137,  738,  331,  634,  807,  510,  626,  670,  643,  195,  606,  571,  352,  800,  372,  244,  484,  836,  804,  655,  163,  428,  697,  419,  627,  336,  199,  423,  208,  242,   76,  584,  458,  395,  325,  427,  480,  164,  465,  643,  240,  214,  767,  176,  677,  256,  191,  441,  810,  754,  689,  201,  647,  471,   37,  718,  618,  627,  267,  654,  684,   56,  758,  331,  189,  187,  379,  214,  509,  292,  326,  215,  479,  188,  852,  527,  328,  764,  213,  748,  406],
        [  531,    0,  306,  275,  554,  593,  351,  131,    0,  337,  574,  653,  558,  225,  244,  243,  649,  370,  380,  330,  208,  416,  757,  736,  352,  232,  528,  311,  171,  477,  300,  251,  615,  416,  590,  151,  685,  370,  395,  147,  751,  630,  585,  243,  173,  546,  262,  387,  401,  438,  661,  242,  154,  673,  610,  169,  225,  596,  256,  859,  188,   86,  252,   79,  431,  418,  503,  621,  375,  322,  605,  141,  684,   80,  613,  203,  518,  677,  441,  496,  550,  654,  271,  548,  452,  389,  670,  325,  184,  520,  734,  700,  563,  290,  391,  566,  456,  502,  368,  266,  319,  217,  138,  201,  548,  383,  381,  353,  402,  368,  278,  344,  514,  172,  200,  638,  179,  556,  314,  171,  311,  709,  650,  585,  254,  657,  382,  137,  596,  503,  530,  143,  526,  581,   75,  631,  311,  206,  265,  265,  335,  535,  283,  435,  267,  412,  317,  724,  420,  413,  634,  223,  657,  360],
        [  746,    0,  412,  366,  856,  668,  667,  262,  337,    0,  882,  961,  594,  270,  529,  523,  913,  707,  716,   35,  422,  378,  961,  888,  337,  441,  847,  140,  497,  661,  539,  537,  824,  749,  443,  476, 1021,  707,  705,  328,  898,  950,  871,  525,  467,  571,  598,  381,  338,  756,  439,  473,  334, 1009,  349,  485,  164,  461,  482, 1012,  169,  420,  578,  281,  669,  386,  839,  777,  700,  558,  835,  286,  927,  273,  927,  477,  847,  933,  766,  779,  733,  421,   68,  511,  778,  131,  920,  307,  277,  242,  824, 1036,  631,  202,  324,  832,  184,  818,  580,  433,  471,  468,  349,  277,  445,  711,  256,  131,  688,  537,  137,  552,  754,  290,  476,  887,  437,  877,  489,  452,  590, 1045,  985,  693,  445,  426,  717,  296,  917,  833,  622,  473,  825,  917,  287,  852,  234,  156,   76,  600,  348,  278,  196,  467,   82,  425,  218,  950,  564,  520,  914,  473,  993,  328],
        [  324,    0,  805,  580,   42,  610,  224,  700,  574,  882,    0,   80,  661,  643,  355,  589,  201,  298,  271,  885,  676,  715,  413,  520,  897,  687,   72,  797,  494,  395,  665,  347,  344,  372,  906,  424,  278,  307,  180,  558,  538,   92,  104,  585,  569,  673,  389,  677,  736,  483, 1036,  426,  689,  356, 1038,  524,  797,  896,  422,  588,  758,  518,  327,  606,  291,  709,  315,  466,  441,  676,  288,  702,  276,  616,   54,  407,  144,  232,  443,  140,  396, 1043,  824,  755,  155,  879,  250,  684,  618,  985,  641,  302,  612,  862,  738,  178,  933,   80,  727,  739,  490,  635,  535,  759,  833,  417,  785,  840,  593,  449,  850,  393,  259,  602,  596,  241,  623,   78,  751,  590,  298,  324,  267,  551,  711, 1043,  360,  694,   80,  161,  565,  434,   69,  259,  647,  318,  733,  727,  820,  336,  875,  978,  738,  937,  802,  659,  887,  339,  475,  867,  138,  636,  374,  700],
        [  367,    0,  879,  654,  108,  657,  302,  779,  653,  961,   80,    0,  715,  719,  433,  660,  203,  363,  337,  964,  751,  783,  414,  538,  974,  761,  137,  873,  569,  448,  734,  425,  371,  428,  972,  503,  269,  372,  259,  636,  555,   76,  133,  656,  643,  729,  462,  746,  806,  536, 1103,  502,  766,  360, 1110,  599,  876,  961,  497,  591,  837,  596,  405,  685,  353,  777,  357,  500,  501,  745,  313,  780,  276,  695,   52,  485,  192,  228,  494,  203,  438, 1111,  903,  815,  223,  956,  252,  757,  695, 1059,  672,  291,  663,  941,  809,  213, 1008,  155,  794,  813,  560,  708,  613,  837,  898,  476,  858,  917,  653,  514,  929,  462,  307,  679,  669,  253,  698,  124,  823,  665,  374,  314,  268,  595,  785, 1112,  421,  772,   96,  212,  617,  513,  139,  282,  726,  339,  808,  806,  899,  412,  951, 1051,  815, 1011,  880,  725,  966,  337,  536,  938,  139,  709,  385,  771],
        [  353,    0,  850,  287,  620,   92,  566,  641,  558,  594,  661,  715,    0,  370,  450,  782,  554,  714,  701,  622,  766,  219,  475,  346,  851,  790,  678,  454,  672,  267,  851,  452,  386,  810,  308,  537,  920,  722,  562,  413,  349,  752,  583,  781,  714,   27,  680,  215,  260,  891,  452,  368,  700,  968,  508,  689,  650,  288,  357,  454,  610,  603,  570,  500,  374,  210,  841,  270,  819,  873,  432,  667,  520,  508,  713,  434,  730,  554,  872,  522,  290,  470,  586,  129,  668,  494,  529,  292,  398,  516,  237,  943,   62,  731,  274,  506,  503,  649,  922,  821,  258,  772,  421,  712,  236,  812,  347,  472,  914,  247,  674,  309,  409,  402,  747,  504,  735,  709,  872,  719,  444,  962,  897,  149,  811,  468,  775,  669,  734,  730,   99,  552,  593,  856,  601,  425,  362,  491,  589,  623,  846,  484,  404,  964,  536,  172,  759,  506,  200,  964,  596,  777,  972,  267],
        [  477,    0,  487,  100,  612,  428,  445,  275,  225,  270,  643,  719,  370,    0,  294,  467,  650,  531,  532,  286,  420,  194,  692,  627,  481,  444,  619,  156,  384,  392,  522,  302,  555,  602,  367,  292,  824,  535,  474,  103,  638,  720,  617,  468,  397,  353,  445,  171,  176,  646,  450,  218,  342,  833,  418,  389,  282,  372,  224,  751,  241,  299,  380,  150,  405,  197,  672,  513,  577,  544,  567,  303,  660,  154,  692,  244,  635,  669,  641,  526,  465,  447,  236,  333,  564,  237,  654,  102,   42,  347,  581,  843,  392,  365,  166,  570,  292,  589,  587,  466,  202,  439,  128,  344,  323,  580,  167,  199,  625,  268,  313,  286,  489,   58,  424,  621,  400,  652,  521,  395,  346,  856,  791,  440,  462,  450,  565,  307,  689,  625,  373,  298,  580,  729,  244,  583,  100,  129,  237,  419,  476,  348,   96,  596,  192,  205,  393,  682,  298,  603,  657,  444,  825,  137],
        [  301,    0,  531,  252,  328,  448,  153,  374,  244,  529,  355,  433,  450,  294,    0,  376,  407,  271,  263,  533,  411,  409,  522,  525,  593,  430,  326,  445,  257,  271,  456,    9,  383,  363,  608,  119,  535,  278,  181,  204,  542,  427,  348,  374,  321,  449,  233,  370,  418,  443,  720,   94,  387,  556,  705,  282,  457,  604,  100,  642,  415,  224,  121,  258,  196,  405,  407,  416,  371,  475,  366,  384,  441,  268,  401,   52,  343,  433,  422,  256,  335,  722,  473,  496,  272,  528,  427,  353,  266,  640,  560,  555,  429,  530,  416,  323,  585,  296,  529,  476,  200,  391,  181,  443,  544,  363,  449,  489,  479,  206,  507,  150,  275,  249,  356,  395,  363,  358,  510,  335,   68,  570,  504,  417,  455,  724,  326,  379,  396,  335,  384,  137,  297,  447,  318,  394,  390,  373,  469,  173,  575,  639,  389,  665,  448,  369,  557,  483,  259,  623,  395,  395,  552,  377],
        [  671,    0,  233,  508,  586,  803,  390,  261,  243,  523,  589,  660,  782,  467,  376,    0,  728,  302,  326,  503,  119,  656,  884,  901,  351,  116,  524,  538,  120,  646,   82,  379,  750,  283,  832,  260,  594,  295,  437,  383,  917,  612,  640,    4,   71,  773,  200,  627,  643,  246,  897,  427,  192,  548,  837,   95,  366,  838,  440, 1016,  354,  179,  295,  320,  565,  658,  387,  791,  210,  100,  723,  238,  782,  318,  611,  365,  481,  760,  268,  566,  710,  888,  456,  785,  437,  607,  762,  567,  426,  739,  930,  602,  777,  383,  633,  652,  674,  509,  155,  164,  528,   65,  367,  266,  790,  230,  620,  576,  168,  562,  413,  519,  634,  413,   48,  734,   86,  541,  164,   75,  427,  603,  558,  783,  135,  891,  266,  228,  578,  461,  738,  242,  566,  487,  248,  755,  551,  429,  448,  262,  324,  761,  520,  356,  472,  648,  397,  834,  617,  279,  692,   62,  523,  602],
        [  204,    0,  922,  565,  173,  484,  338,  780,  649,  913,  201,  203,  554,  650,  407,  728,    0,  466,  439,  923,  795,  666,  215,  337,  996,  810,  265,  804,  618,  300,  808,  399,  179,  554,  838,  511,  468,  476,  292,  588,  354,  271,  102,  724,  692,  572,  532,  631,  696,  666,  977,  441,  787,  552, 1001,  648,  861,  823,  432,  391,  818,  617,  437,  659,  245,  658,  511,  311,  614,  823,  124,  789,   76,  669,  232,  452,  340,   34,  627,  162,  265,  989,  865,  668,  329,  881,   51,  661,  637,  966,  477,  491,  497,  936,  701,   84,  924,  257,  876,  861,  460,  763,  570,  848,  762,  593,  762,  844,  763,  401,  910,  366,  165,  624,  724,   54,  743,  278,  884,  711,  339,  514,  462,  420,  836,  988,  536,  783,  274,  355,  456,  526,  176,  459,  724,  143,  724,  758,  862,  467,  977,  951,  741, 1057,  832,  602,  963,  139,  403, 1001,   66,  765,  573,  668],
        [  478,    0,  530,  514,  304,  700,  161,  474,  370,  707,  298,  363,  714,  531,  271,  302,  466,    0,   27,  699,  404,  675,  654,  714,  637,  410,  228,  662,  232,  494,  373,  267,  540,  101,  873,  242,  317,   11,  191,  429,  732,  312,  368,  298,  299,  716,  116,  637,  680,  206,  977,  363,  439,  306,  948,  257,  583,  871,  370,  812,  553,  291,  156,  432,  384,  672,  141,  622,  149,  383,  498,  466,  532,  438,  313,  305,  179,  499,  173,  316,  538,  976,  641,  767,  144,  745,  508,  609,  494,  870,  789,  332,  686,  631,  675,  403,  809,  220,  432,  461,  470,  356,  404,  517,  811,  128,  696,  707,  299,  468,  637,  406,  422,  476,  318,  486,  353,  241,  465,  321,  272,  339,  281,  659,  432,  978,   73,  457,  278,  160,  639,  239,  291,  212,  430,  532,  630,  567,  634,  113,  612,  877,  618,  657,  634,  638,  652,  591,  517,  578,  418,  356,  295,  637],
        [  456,    0,  552,  509,  277,  684,  142,  488,  380,  716,  271,  337,  701,  532,  263,  326,  439,   27,    0,  709,  425,  669,  629,  691,  657,  432,  202,  666,  250,  476,  398,  258,  516,  123,  868,  246,  306,   37,  168,  431,  709,  287,  341,  322,  319,  704,  135,  631,  676,  231,  974,  356,  457,  303,  949,  277,  597,  865,  361,  787,  565,  303,  152,  439,  364,  666,  145,  601,  175,  408,  473,  482,  505,  445,  287,  300,  156,  473,  196,  291,  517,  974,  650,  757,  117,  749,  482,  607,  495,  873,  769,  321,  671,  647,  672,  377,  813,  193,  458,  483,  461,  378,  405,  534,  805,  154,  696,  711,  326,  455,  650,  392,  399,  477,  340,  460,  373,  216,  489,  341,  258,  331,  270,  641,  455,  976,   98,  473,  253,  137,  623,  245,  265,  203,  442,  507,  631,  573,  644,  117,  632,  878,  620,  680,  642,  631,  669,  565,  503,  603,  391,  378,  294,  633],
        [  760,    0,  383,  385,  860,  694,  667,  244,  330,   35,  885,  964,  622,  286,  533,  503,  923,  699,  709,    0,  399,  407,  978,  910,  304,  417,  847,  169,  484,  678,  515,  541,  840,  737,  477,  473, 1015,  699,  706,  336,  920,  950,  878,  506,  450,  599,  589,  408,  367,  740,  472,  482,  313, 1000,  381,  470,  139,  495,  492, 1033,  152,  410,  576,  280,  681,  415,  830,  798,  685,  533,  849,  266,  939,  271,  929,  482,  844,  944,  751,  785,  751,  454,   61,  542,  776,  166,  932,  332,  289,  274,  850, 1030,  657,  169,  353,  841,  217,  819,  554,  406,  487,  446,  356,  251,  478,  698,  287,  164,  668,  553,  106,  565,  766,  300,  457,  898,  417,  877,  461,  434,  596, 1038,  979,  717,  420,  459,  706,  275,  917,  830,  646,  468,  829,  910,  274,  866,  260,  165,   66,  594,  315,  311,  220,  434,   94,  452,  184,  965,  584,  489,  922,  452,  983,  355],
        [  711,    0,  129,  481,  668,  800,  463,  168,  208,  422,  676,  751,  766,  420,  411,  119,  795,  404,  425,  399,    0,  613,  932,  929,  235,   25,  616,  460,  182,  670,  118,  416,  793,  398,  773,  293,  707,  399,  511,  354,  945,  710,  715,  123,  108,  754,  292,  588,  593,  365,  822,  438,   90,  665,  752,  153,  260,  782,  452, 1049,  257,  188,  360,  272,  606,  616,  501,  815,  328,  137,  774,  139,  842,  267,  704,  385,  581,  826,  387,  634,  740,  810,  358,  750,  530,  520,  824,  520,  382,  650,  938,  716,  771,  267,  581,  715,  586,  597,  170,   67,  524,   55,  346,  153,  739,  347,  556,  493,  272,  570,  302,  538,  683,  372,   87,  794,   54,  636,  106,   87,  472,  718,  671,  789,   47,  814,  377,  131,  675,  562,  736,  276,  645,  599,  178,  803,  490,  353,  349,  341,  209,  676,  453,  263,  382,  617,  279,  889,  623,  213,  766,   59,  641,  555],
        [  466,    0,  676,  162,  678,  300,  556,  465,  416,  378,  715,  783,  219,  194,  409,  656,  666,  675,  669,  407,  613,    0,  646,  542,  657,  637,  710,  238,  564,  369,  714,  414,  527,  758,  200,  451,  937,  680,  571,  276,  548,  802,  663,  657,  586,  195,  607,   39,   42,  817,  321,  316,  535,  964,  336,  573,  451,  197,  312,  659,  416,  482,  520,  342,  434,   10,  813,  443,  745,  736,  558,  494,  653,  347,  768,  370,  743,  676,  806,  581,  426,  329,  376,  143,  673,  276,  655,   94,  233,  316,  454,  959,  263,  529,   55,  598,  291,  679,  780,  659,  226,  631,  295,  530,  139,  744,  129,  254,  809,  270,  468,  323,  502,  245,  615,  624,  593,  743,  714,  586,  436,  975,  908,  338,  655,  329,  721,  498,  776,  738,  267,  462,  647,  854,  437,  563,  150,  293,  380,  567,  656,  291,  194,  778,  325,   66,  556,  657,  263,  793,  691,  637,  961,   60],
        [  226,    0, 1052,  595,  382,  388,  507,  882,  757,  961,  413,  414,  475,  692,  522,  884,  215,  654,  629,  978,  932,  646,    0,  158, 1107,  950,  475,  834,  767,  300,  965,  517,  143,  750,  782,  640,  681,  665,  467,  659,  169,  484,  312,  881,  838,  499,  700,  620,  684,  859,  926,  520,  907,  766,  972,  795,  945,  763,  507,  178,  900,  745,  590,  745,  328,  637,  717,  207,  801,  983,  161,  897,  139,  755,  446,  555,  549,  187,  823,  339,  229,  942,  925,  602,  528,  900,  164,  672,  692,  961,  318,  704,  414, 1025,  693,  254,  931,  462, 1037,  998,  491,  909,  647,  955,  708,  782,  763,  868,  945,  425,  988,  421,  251,  683,  871,  175,  883,  491, 1030,  854,  461,  727,  676,  327,  976,  941,  726,  893,  488,  563,  389,  657,  379,  672,  828,  130,  744,  816,  924,  631, 1092,  936,  771, 1186,  884,  581, 1054,   78,  399, 1144,  279,  912,  787,  667],
        [  237,    0, 1041,  527,  483,  255,  555,  852,  736,  888,  520,  538,  346,  627,  525,  901,  337,  714,  691,  910,  929,  542,  158,    0, 1078,  950,  571,  754,  781,  260,  980,  522,  180,  814,  652,  644,  797,  724,  524,  617,   19,  602,  418,  898,  846,  372,  735,  522,  582,  918,  796,  495,  889,  874,  853,  807,  898,  631,  481,  125,  854,  743,  618,  708,  340,  533,  800,  117,  854, 1000,  234,  872,  269,  718,  561,  545,  642,  318,  886,  413,  191,  815,  862,  474,  606,  811,  291,  586,  636,  854,  160,  820,  288,  981,  593,  344,  832,  551, 1054,  993,  434,  915,  611,  927,  582,  837,  667,  782,  987,  373,  936,  393,  293,  631,  880,  286,  884,  593, 1032,  859,  476,  843,  787,  205,  975,  812,  785,  870,  599,  652,  276,  662,  471,  772,  801,  202,  660,  755,  863,  666, 1066,  825,  694, 1171,  817,  479, 1010,  222,  331, 1142,  400,  919,  891,  573],
        [  882,    0,  129,  571,  885,  906,  677,  227,  352,  337,  897,  974,  851,  481,  593,  351,  996,  637,  657,  304,  235,  657, 1107, 1078,    0,  235,  841,  441,  408,  822,  315,  600,  965,  632,  768,  486,  942,  632,  725,  463, 1092,  938,  925,  355,  339,  833,  523,  645,  625,  590,  775,  590,  210,  898,  684,  381,  207,  784,  603, 1202,  243,  382,  572,  371,  782,  663,  736,  962,  560,  323,  956,  211, 1034,  361,  929,  554,  811, 1024,  616,  838,  896,  757,  299,  800,  756,  465, 1019,  567,  457,  577, 1056,  951,  871,  137,  611,  914,  520,  820,  317,  191,  648,  288,  468,  153,  757,  580,  560,  454,  479,  706,  204,  691,  865,  457,  321,  987,  285,  863,  223,  317,  659,  953,  905,  911,  219,  762,  612,  215,  903,  793,  847,  472,  859,  834,  280,  982,  510,  365,  292,  563,   28,  614,  466,  131,  346,  683,  121, 1075,  752,  199,  975,  290,  873,  598],
        [  730,    0,  120,  505,  680,  823,  476,  190,  232,  441,  687,  761,  790,  444,  430,  116,  810,  410,  432,  417,   25,  637,  950,  950,  235,    0,  625,  482,  194,  691,   99,  435,  812,  398,  796,  311,  708,  404,  524,  378,  966,  718,  728,  120,  119,  778,  300,  613,  617,  358,  844,  459,  112,  663,  774,  165,  279,  806,  474, 1070,  278,  208,  374,  296,  625,  641,  502,  837,  325,  117,  792,  161,  858,  291,  713,  406,  588,  841,  382,  649,  760,  832,  378,  774,  539,  541,  840,  544,  406,  671,  961,  717,  794,  279,  605,  731,  607,  608,  147,   52,  547,   55,  370,  168,  763,  346,  580,  515,  259,  592,  319,  559,  701,  397,   92,  811,   69,  645,   84,   99,  490,  718,  672,  812,   26,  837,  379,  153,  683,  569,  759,  294,  657,  601,  202,  821,  514,  376,  369,  352,  209,  698,  477,  251,  403,  641,  289,  907,  645,  194,  780,   56,  638,  580],
        [  358,    0,  744,  566,   93,  636,  180,  651,  528,  847,   72,  137,  678,  619,  326,  524,  265,  228,  202,  847,  616,  710,  475,  571,  841,  625,    0,  770,  435,  417,  598,  318,  392,  301,  906,  378,  243,  237,  146,  529,  589,  103,  164,  520,  508,  688,  326,  671,  728,  412, 1030,  407,  634,  306, 1025,  464,  752,  897,  406,  646,  715,  467,  277,  568,  305,  705,  246,  506,  370,  609,  338,  651,  339,  577,   89,  377,   75,  298,  371,  165,  430, 1035,  787,  764,   87,  854,  314,  670,  591,  965,  682,  267,  634,  813,  728,  228,  911,   32,  659,  677,  484,  573,  504,  707,  835,  346,  770,  815,  522,  451,  805,  391,  293,  574,  534,  301,  563,   34,  687,  530,  278,  287,  224,  580,  649, 1036,  290,  643,   71,   91,  585,  386,  100,  202,  599,  370,  713,  694,  782,  278,  818,  961,  715,  875,  768,  657,  838,  402,  484,  802,  206,  573,  321,  689],
        [  625,    0,  487,  242,  766,  529,  594,  293,  311,  140,  797,  873,  454,  156,  445,  538,  804,  662,  666,  169,  460,  238,  834,  754,  441,  482,  770,    0,  482,  536,  574,  453,  701,  722,  329,  422,  966,  664,  625,  243,  763,  872,  772,  540,  473,  431,  565,  241,  199,  749,  362,  373,  371,  968,  300,  478,  238,  344,  379,  876,  215,  397,  519,  236,  559,  246,  801,  645,  685,  595,  717,  323,  811,  233,  845,  393,  781,  822,  751,  682,  606,  351,  145,  374,  710,   84,  806,  169,  180,  209,  685,  984,  492,  306,  185,  725,  147,  740,  628,  489,  349,  494,  268,  339,  318,  692,  122,   45,  704,  414,  241,  438,  641,  196,  492,  773,  458,  802,  546,  464,  500,  995,  932,  556,  493,  355,  687,  330,  840,  770,  485,  424,  735,  868,  291,  730,   95,  109,  151,  551,  445,  224,   64,  568,   96,  285,  329,  829,  435,  602,  812,  500,  956,  188],
        [  553,    0,  311,  409,  486,  688,  283,  248,  171,  497,  494,  569,  672,  384,  257,  120,  618,  232,  250,  484,  182,  564,  767,  781,  408,  194,  435,  482,    0,  527,  200,  260,  631,  254,  750,  142,  546,  229,  331,  289,  798,  530,  534,  118,   76,  665,  116,  532,  556,  268,  828,  311,  208,  519,  780,   30,  359,  753,  324,  897,  334,   87,  182,  248,  446,  565,  350,  672,  205,  219,  607,  236,  669,  250,  523,  248,  404,  649,  272,  456,  591,  823,  429,  686,  349,  558,  650,  480,  342,  690,  812,  558,  664,  401,  547,  540,  626,  415,  274,  246,  416,  145,  270,  285,  701,  215,  546,  524,  246,  446,  412,  401,  517,  327,  106,  621,  129,  456,  266,   96,  309,  564,  510,  666,  220,  826,  224,  227,  495,  386,  623,  124,  464,  439,  211,  638,  476,  376,  422,  159,  384,  705,  451,  444,  433,  549,  421,  719,  501,  383,  586,  148,  500,  513],
        [   98,    0,  781,  296,  354,  219,  335,  596,  477,  661,  395,  448,  267,  392,  271,  646,  300,  494,  476,  678,  670,  369,  300,  260,  822,  691,  417,  536,  527,    0,  725,  268,  165,  595,  538,  387,  659,  504,  318,  364,  276,  486,  317,  644,  588,  281,  493,  337,  402,  691,  677,  235,  630,  715,  704,  551,  649,  524,  221,  382,  605,  484,  375,  453,  116,  361,  605,  147,  622,  744,  189,  614,  285,  464,  447,  286,  475,  308,  664,  257,   75,  689,  625,  372,  419,  606,  286,  379,  393,  678,  296,  683,  218,  731,  409,  242,  641,  389,  799,  734,  191,  656,  356,  670,  463,  609,  475,  572,  744,  126,  691,  133,  144,  385,  623,  256,  625,  447,  773,  601,  231,  703,  639,  168,  716,  689,  562,  612,  470,  478,  171,  405,  328,  604,  543,  197,  448,  516,  625,  426,  809,  658,  473,  912,  584,  305,  760,  295,  107,  882,  334,  661,  724,  379],
        [  752,    0,  188,  572,  664,  876,  470,  284,  300,  539,  665,  734,  851,  522,  456,   82,  808,  373,  398,  515,  118,  714,  965,  980,  315,   99,  598,  574,  200,  725,    0,  459,  831,  338,  881,  338,  650,  365,  517,  445,  997,  684,  719,   85,  139,  841,  278,  686,  697,  278,  936,  502,  207,  594,  869,  174,  377,  889,  516, 1096,  375,  250,  376,  373,  646,  716,  442,  870,  261,   23,  805,  256,  862,  369,  685,  442,  551,  840,  308,  647,  790,  925,  475,  847,  512,  636,  843,  623,  482,  767, 1006,  656,  849,  376,  686,  732,  703,  585,   74,  126,  600,   84,  432,  267,  844,  284,  666,  608,  165,  638,  417,  597,  715,  470,  105,  815,  122,  613,  100,  132,  508,  654,  614,  858,  102,  929,  328,  248,  650,  531,  811,  320,  645,  545,  287,  836,  598,  467,  467,  342,  288,  793,  564,  295,  499,  711,  384,  915,  692,  207,  771,   78,  567,  658],
        [  296,    0,  537,  258,  320,  448,  146,  381,  251,  537,  347,  425,  452,  302,    9,  379,  399,  267,  258,  541,  416,  414,  517,  522,  600,  435,  318,  453,  260,  268,  459,    0,  377,  360,  614,  124,  528,  274,  173,  212,  538,  420,  340,  377,  325,  451,  233,  376,  424,  442,  726,   99,  394,  550,  712,  286,  465,  610,  104,  638,  423,  229,  119,  266,  190,  411,  402,  412,  370,  479,  360,  391,  435,  276,  394,   60,  336,  426,  421,  248,  331,  729,  481,  500,  265,  536,  420,  360,  274,  648,  559,  549,  430,  537,  422,  316,  593,  288,  533,  482,  203,  396,  189,  450,  549,  361,  456,  497,  480,  207,  515,  150,  268,  257,  360,  388,  368,  351,  515,  340,   60,  563,  498,  416,  461,  730,  324,  386,  388,  328,  384,  142,  289,  441,  325,  388,  397,  381,  477,  172,  582,  646,  397,  671,  456,  373,  565,  477,  260,  628,  387,  399,  547,  383],
        [   84,    0,  912,  460,  306,  310,  384,  740,  615,  824,  344,  371,  386,  555,  383,  750,  179,  540,  516,  840,  793,  527,  143,  180,  965,  812,  392,  701,  631,  165,  831,  377,    0,  639,  682,  501,  622,  550,  349,  518,  198,  429,  244,  747,  701,  407,  572,  498,  563,  745,  825,  378,  765,  696,  860,  659,  803,  666,  365,  273,  759,  606,  459,  603,  188,  519,  621,  133,  683,  849,   58,  755,  134,  613,  388,  413,  463,  172,  712,  234,  103,  839,  786,  507,  427,  770,  145,  543,  552,  839,  302,  645,  327,  883,  570,  166,  805,  372,  903,  858,  354,  771,  506,  813,  607,  665,  638,  736,  821,  288,  847,  280,  120,  543,  735,  125,  744,  415,  892,  716,  324,  668,  610,  245,  837,  838,  612,  751,  424,  473,  290,  518,  292,  592,  685,   39,  612,  677,  785,  502,  950,  818,  638, 1045,  746,  462,  912,  131,  270, 1005,  235,  775,  712,  541],
        [  578,    0,  514,  596,  386,  799,  262,  500,  416,  749,  372,  428,  810,  602,  363,  283,  554,  101,  123,  737,  398,  758,  750,  814,  632,  398,  301,  722,  254,  595,  338,  360,  639,    0,  954,  311,  313,   92,  290,  500,  832,  365,  454,  279,  303,  811,  157,  721,  759,  112, 1051,  453,  452,  269, 1014,  271,  612,  954,  461,  910,  587,  331,  243,  486,  485,  756,  105,  723,   79,  343,  595,  487,  623,  491,  377,  391,  236,  588,   74,  412,  639, 1048,  682,  857,  226,  802,  599,  686,  562,  930,  890,  320,  784,  648,  754,  497,  868,  300,  385,  446,  562,  345,  475,  530,  896,   55,  768,  765,  227,  564,  664,  503,  522,  545,  313,  579,  352,  305,  437,  324,  371,  321,  277,  759,  417, 1051,   38,  477,  335,  216,  737,  304,  379,  207,  464,  629,  700,  620,  675,  192,  605,  941,  683,  632,  682,  726,  666,  684,  615,  543,  502,  343,  248,  716],
        [  634,    0,  814,  360,  868,  398,  755,  612,  590,  443,  906,  972,  308,  367,  608,  832,  838,  873,  868,  477,  773,  200,  782,  652,  768,  796,  906,  329,  750,  538,  881,  614,  682,  954,    0,  645, 1136,  879,  769,  463,  653,  995,  847,  833,  762,  283,  802,  239,  196, 1009,  145,  515,  688, 1163,  213,  755,  567,   25,  512,  755,  542,  665,  718,  512,  620,  204, 1012,  575,  938,  903,  722,  642,  814,  515,  959,  569,  941,  843, 1001,  770,  581,  163,  470,  180,  872,  313,  820,  271,  409,  261,  525, 1157,  368,  632,  203,  777,  281,  874,  942,  810,  422,  799,  484,  665,   76,  939,  218,  315,  991,  458,  566,  516,  679,  424,  788,  792,  761,  939,  867,  759,  635, 1173, 1107,  455,  811,  161,  917,  648,  970,  936,  395,  655,  838, 1054,  596,  720,  284,  424,  477,  764,  773,  218,  321,  897,  424,  249,  654,  808,  439,  930,  870,  805, 1160,  239],
        [  420,    0,  415,  290,  405,  548,  201,  278,  151,  476,  424,  503,  537,  292,  119,  260,  511,  242,  246,  473,  293,  451,  640,  644,  486,  311,  378,  422,  142,  387,  338,  124,  501,  311,  645,    0,  547,  244,  245,  190,  660,  481,  440,  258,  203,  532,  157,  415,  450,  367,  740,  172,  277,  547,  707,  165,  375,  646,  184,  761,  337,  107,  103,  196,  314,  450,  382,  532,  295,  358,  482,  282,  552,  204,  463,  107,  371,  540,  356,  352,  453,  738,  413,  561,  304,  504,  536,  376,  253,  629,  671,  564,  525,  439,  444,  429,  568,  352,  412,  359,  279,  272,  165,  341,  589,  294,  458,  466,  378,  305,  428,  260,  390,  235,  237,  505,  244,  406,  392,  217,  180,  575,  513,  525,  337,  740,  274,  275,  446,  358,  483,   19,  378,  447,  224,  511,  390,  329,  407,  130,  466,  636,  377,  550,  399,  426,  465,  598,  360,  505,  490,  276,  536,  407],
        [  598,    0,  826,  785,  318,  878,  383,  791,  685, 1021,  278,  269,  920,  824,  535,  594,  468,  317,  306, 1015,  707,  937,  681,  797,  942,  708,  243,  966,  546,  659,  650,  528,  622,  313, 1136,  547,    0,  319,  368,  725,  814,  198,  379,  590,  607,  929,  432,  898,  951,  388, 1254,  625,  753,  102, 1239,  569,  900, 1129,  626,  858,  870,  607,  448,  742,  547,  933,  208,  743,  390,  653,  565,  782,  543,  749,  237,  582,  195,  495,  349,  406,  670, 1257,  956, 1001,  265, 1049,  518,  888,  790, 1169,  919,   24,  876,  947,  949,  456, 1111,  272,  691,  757,  714,  655,  700,  831, 1067,  366,  983, 1011,  520,  688,  954,  626,  533,  772,  621,  514,  659,  213,  749,  629,  502,   47,   37,  822,  728, 1258,  330,  772,  199,  201,  828,  549,  337,  108,  747,  595,  921,  876,  949,  421,  916, 1171,  916,  944,  946,  889,  967,  604,  724,  853,  403,  653,  134,  911],
        [  488,    0,  524,  519,  313,  709,  171,  472,  370,  707,  307,  372,  722,  535,  278,  295,  476,   11,   37,  699,  399,  680,  665,  724,  632,  404,  237,  664,  229,  504,  365,  274,  550,   92,  879,  244,  319,    0,  201,  433,  742,  319,  378,  291,  294,  724,  114,  642,  685,  196,  981,  370,  436,  304,  951,  253,  582,  877,  377,  822,  552,  290,  161,  433,  394,  678,  138,  632,  139,  374,  508,  463,  542,  439,  321,  310,  187,  509,  163,  327,  547,  980,  640,  773,  153,  747,  519,  614,  497,  872,  798,  333,  695,  628,  680,  413,  811,  229,  423,  455,  477,  350,  408,  513,  817,  118,  700,  709,  289,  476,  635,  414,  432,  479,  313,  496,  348,  249,  458,  316,  281,  340,  283,  668,  426,  982,   62,  454,  285,  167,  647,  241,  301,  213,  428,  542,  634,  568,  634,  116,  607,  880,  621,  650,  635,  644,  649,  601,  525,  571,  428,  350,  292,  642],
        [  289,    0,  639,  423,  161,  534,   48,  522,  395,  705,  180,  259,  562,  474,  181,  437,  292,  191,  168,  706,  511,  571,  467,  524,  725,  524,  146,  625,  331,  318,  517,  173,  349,  290,  769,  245,  368,  201,    0,  384,  542,  247,  204,  434,  406,  569,  241,  532,  587,  397,  889,  263,  515,  406,  881,  361,  618,  762,  263,  621,  579,  343,  153,  427,  203,  566,  287,  436,  336,  532,  308,  525,  350,  437,  223,  232,  173,  324,  363,  132,  352,  894,  646,  636,  106,  709,  329,  527,  446,  820,  607,  389,  525,  683,  586,  219,  765,  116,  585,  576,  347,  475,  360,  583,  700,  317,  625,  670,  479,  323,  670,  260,  232,  429,  436,  303,  458,  178,  595,  426,  136,  407,  340,  485,  550,  895,  263,  518,  216,  170,  477,  256,  135,  294,  468,  342,  568,  551,  642,  176,  703,  817,  569,  774,  625,  522,  709,  407,  364,  712,  256,  477,  411,  547],
