{
    "name": "random-98-18190",
    "comment": "size=98 seed=18190",
    "nodes": ["+0", "-0", "+1", "-1", "+2", "-2", "+3", "-3", "+4", "-4", "+5", "-5", "+6", "-6", "+7", "-7", "+8", "-8", "+9", "-9", "+10", "-10", "+11", "-11", "+12", "-12", "+13", "-13", "+14", "-14", "+15", "-15", "+16", "-16", "+17", "-17", "+18", "-18", "+19", "-19", "+20", "-20", "+21", "-21", "+22", "-22", "+23", "-23", "+24", "-24", "+25", "-25", "+26", "-26", "+27", "-27", "+28", "-28", "+29", "-29", "+30", "-30", "+31", "-31", "+32", "-32", "+33", "-33", "+34", "-34", "+35", "-35", "+36", "-36", "+37", "-37", "+38", "-38", "+39", "-39", "+40", "-40", "+41", "-41", "+42", "-42", "+43", "-43", "+44", "-44", "+45", "-45", "+46", "-46", "+47", "-47", "+48", "-48", "+49", "-49", "+50", "-50", "+51", "-51", "+52", "-52", "+53", "-53", "+54", "-54", "+55", "-55", "+56", "-56", "+57", "-57", "+58", "-58", "+59", "-59", "+60", "-60", "+61", "-61", "+62", "-62", "+63", "-63", "+64", "-64", "+65", "-65", "+66", "-66", "+67", "-67", "+68", "-68", "+69", "-69", "+70", "-70", "+71", "-71", "+72", "-72", "+73", "-73", "+74", "-74", "+75", "-75", "+76", "-76", "+77", "-77", "+78", "-78", "+79", "-79", "+80", "-80", "+81", "-81", "+82", "-82", "+83", "-83", "+84", "-84", "+85", "-85", "+86", "-86", "+87", "-87", "+88", "-88", "+89", "-89", "+90", "-90", "+91", "-91", "+92", "-92", "+93", "-93", "+94", "-94", "+95", "-95", "+96", "-96", "+97", "-97", "+98", "-98"],
    "precedence": {
        "+0": "-0",
        "+1": "-1",
        "+2": "-2",
        "+3": "-3",
        "+4": "-4",
        "+5": "-5",
        "+6": "-6",
        "+7": "-7",
        "+8": "-8",
        "+9": "-9",
        "+10": "-10",
        "+11": "-11",
        "+12": "-12",
        "+13": "-13",
        "+14": "-14",
        "+15": "-15",
        "+16": "-16",
        "+17": "-17",
        "+18": "-18",
        "+19": "-19",
        "+20": "-20",
        "+21": "-21",
        "+22": "-22",
        "+23": "-23",
        "+24": "-24",
        "+25": "-25",
        "+26": "-26",
        "+27": "-27",
        "+28": "-28",
        "+29": "-29",
        "+30": "-30",
        "+31": "-31",
        "+32": "-32",
        "+33": "-33",
        "+34": "-34",
        "+35": "-35",
        "+36": "-36",
        "+37": "-37",
        "+38": "-38",
        "+39": "-39",
        "+40": "-40",
        "+41": "-41",
        "+42": "-42",
        "+43": "-43",
        "+44": "-44",
        "+45": "-45",
        "+46": "-46",
        "+47": "-47",
        "+48": "-48",
        "+49": "-49",
        "+50": "-50",
        "+51": "-51",
        "+52": "-52",
        "+53": "-53",
        "+54": "-54",
        "+55": "-55",
        "+56": "-56",
        "+57": "-57",
        "+58": "-58",
        "+59": "-59",
        "+60": "-60",
        "+61": "-61",
        "+62": "-62",
        "+63": "-63",
        "+64": "-64",
        "+65": "-65",
        "+66": "-66",
        "+67": "-67",
        "+68": "-68",
        "+69": "-69",
        "+70": "-70",
        "+71": "-71",
        "+72": "-72",
        "+73": "-73",
        "+74": "-74",
        "+75": "-75",
        "+76": "-76",
        "+77": "-77",
        "+78": "-78",
        "+79": "-79",
        "+80": "-80",
        "+81": "-81",
        "+82": "-82",
        "+83": "-83",
        "+84": "-84",
        "+85": "-85",
        "+86": "-86",
        "+87": "-87",
        "+88": "-88",
        "+89": "-89",
        "+90": "-90",
        "+91": "-91",
        "+92": "-92",
        "+93": "-93",
        "+94": "-94",
        "+95": "-95",
        "+96": "-96",
        "+97": "-97",
        "+98": "-98"
    },
    "edges": [
        [    0,    0,  465,  157,  398,  485,  256,  319,  332,  520,  127,  688,  280,  417,  188,  257,  361,  114,  791,  143,  470,  612,  521,  613,  485,  556,  337,  536,  667,  544,  812,  668,  176,  333,  360,  131,  785,  542,  645,  183,  642,  199,  466,  650,  537,  525,  527,  183,  529,  130,  300,  632,  357,  351,  279,  218,  148,  733,  483,  597,  287,  669,  184,  355,  182,  249,  361,  526,  579,  201,  384,  206,  470,  891,  277,  340,  660,  234,  657,  476,  578,  437,  276,  611,  285,  374,  293,  146,  158,  566,  362,  393,  615,  518,  307,  120,  572,  507,  326,  677,  291,  668,  351,  666,  295,  599,  180,  653,  911,  734,  270,  455,  285,  486,  355,  578,  305,  575,  246,  636,  141,  332,  413,  214,  364,  586,  173,  596,  383,  575,  381,  201,  212,  345,  281,  508,  455,  666,  152,  858,  496,  567,  403,  111,  559,  421,  164,  498,  383,  662,  248,  237,  367,  532,   75,  619,   93,  344,  779,  675,  517,  354,  261,  236,  520,  580,  603,  676,  174,  749,  197,  639,  235,  212,  482,  633,  763,  249,  251,  330,  646,  360,  622,  317,  214,  317,  430,  285,  558,   96,  275,  604,  618,  558,  716,  428,  742,   89],
        [    0,    0,    0,    0,    0,    0,    0,    0,    0,    0,    0,    0,    0,    0,    0,    0,    0,    0,    0,    0,    0,    0,    0,    0,    0,    0,    0,    0,    0,    0,    0,    0,    0,    0,    0,    0,    0,    0,    0,    0,    0,    0,    0,    0,    0,    0,    0,    0,    0,    0,    0,    0,    0,    0,    0,    0,    0,    0,    0,    0,    0,    0,    0,    0,    0,    0,    0,    0,    0,    0,    0,    0,    0,    0,    0,    0,    0,    0,    0,    0,    0,    0,    0,    0,    0,    0,    0,    0,    0,    0,    0,    0,    0,    0,    0,    0,    0,    0,    0,    0,    0,    0,    0,    0,    0,    0,    0,    0,    0,    0,    0,    0,    0,    0,    0,    0,    0,    0,    0,    0,    0,    0,    0,    0,    0,    0,    0,    0,    0,    0,    0,    0,    0,    0,    0,    0,    0,    0,    0,    0,    0,    0,    0,    0,    0,    0,    0,    0,    0,    0,    0,    0,    0,    0,    0,    0,    0,    0,    0,    0,    0,    0,    0,    0,    0,    0,    0,    0,    0,    0,    0,    0,    0,    0,    0,    0,    0,    0,    0,    0,    0,    0,    0,    0,    0,    0,    0,    0,    0,    0,    0,    0,    0,    0,    0,    0,    0,    0],
        [  465,    0,    0,  562,  592,  227,  644,  400,  608,  252,  591,  394,  222,  602,  651,  645,  129,  539,  369,  558,  218,  712,  131,  541,  629,  101,  380,  676,  475,  104,  351,  423,  471,  656,  324,  529,  326,  533,  311,  566,  511,  660,  470,  442,  428,  631,  184,  338,  170,  509,  746,  236,  634,  261,  265,  539,  429,  275,  298,  402,  387,  303,  357,  514,  399,  694,  290,  110,  205,  369,  422,  666,  373,  437,  584,  763,  565,  689,  494,  324,  114,  561,  270,  625,  749,  426,  246,  496,  335,  277,  454,  388,  612,   57,  468,  430,  141,  233,  442,  230,  755,  266,  292,  245,  755,  606,  548,  608,  451,  303,  392,  448,  314,  396,  437,  285,  197,  304,  675,  392,  594,  263,   53,  490,  119,  328,  540,  245,  363,  126,   91,  445,  533,  561,  696,  436,  503,  356,  571,  402,  378,  569,  312,  575,  211,  269,  449,  404,  250,  318,  592,  489,  446,  561,  390,  329,  551,  217,  366,  588,  140,  328,  216,  245,  439,  680,  668,  267,  412,  286,  298,  431,  504,  552,  302,  182,  305,  565,  492,  202,  454,  180,  407,  470,  343,  780,  401,  446,  617,  500,  412,  574,  347,  273,  723,  158,  298,  382],
        [  157,    0,  562,    0,  284,  624,  100,  475,  464,  548,  145,  699,  347,  302,  149,  353,  441,   45,  913,   18,  608,  759,  587,  769,  631,  660,  312,  680,  646,  623,  894,  665,  326,  449,  513,  256,  866,  698,  782,   33,  797,  146,  412,  801,  508,  675,  578,  227,  656,   54,  189,  685,  218,  497,  322,   97,  139,  837,  631,  749,  443,  801,  213,  507,  338,  287,  510,  641,  706,  356,  342,  149,  624,  998,  407,  203,  607,  151,  628,  476,  672,  342,  317,  528,  238,  328,  434,  288,  228,  706,  304,  549,  537,  618,  238,  133,  685,  645,  482,  787,  256,  792,  364,  785,  222,  520,   44,  584, 1012,  851,  427,  612,  437,  462,  511,  604,  374,  718,  114,  784,   85,  361,  513,  362,  447,  731,   45,  729,  538,  655,  472,  355,   95,  234,  351,  664,  387,  686,  254,  963,  650,  723,  554,  145,  690,  439,  318,  653,  528,  798,  369,  387,  312,  687,  206,  761,  171,  391,  903,  618,  579,  352,  386,  317,  485,  728,  753,  731,  330,  835,  339,  627,  140,   80,  491,  740,  841,  381,  401,  465,  629,  493,  615,  471,  237,  278,  586,  228,  467,   69,  238,  537,  631,  698,  870,  558,  810,  196],
        [  398,    0,  592,  284,    0,  742,  251,  683,  729,  454,  428,  550,  386,   19,  425,  633,  467,  319,  960,  300,  726, 1004,  553,  965,  879,  691,  215,  931,  450,  608,  854,  495,  571,  724,  688,  523,  825,  908,  881,  252,  976,  416,  204,  952,  321,  916,  517,  311,  738,  276,  398,  613,  101,  649,  336,  190,  264,  848,  775,  901,  649,  885,  290,  744,  556,  569,  673,  697,  783,  560,  189,  417,  797, 1006,  674,  353,  368,  403,  421,  350,  680,   80,  331,  258,  495,  179,  581,  543,  341,  820,  144,  742,  272,  646,  130,  289,  733,  760,  702,  816,  517,  856,  305,  837,  462,  255,  241,  326, 1004,  893,  636,  813,  615,  294,  726,  494,  405,  840,  328,  920,  367,  330,  560,  609,  478,  858,  244,  818,  723,  638,  509,  589,  194,   54,  634,  850,  160,  552,  530,  969,  819,  938,  719,  427,  779,  356,  555,  831,  672,  893,  640,  631,  154,  907,  400,  878,  448,  376,  958,  371,  541,  271,  507,  392,  291,  971,  989,  655,  553,  809,  504,  448,  164,  205,  375,  769,  799,  646,  645,  592,  439,  610,  446,  701,  282,  535,  777,  156,  192,  310,  188,  284,  493,  813, 1096,  660,  750,  374],
        [  485,    0,  227,  624,  742,    0,  721,  265,  489,  476,  599,  620,  360,  755,  665,  575,  301,  589,  330,  615,   17,  512,  356,  317,  452,  216,  547,  490,  700,  316,  474,  649,  407,  549,  174,  492,  459,  321,  160,  639,  285,  679,  662,  223,  640,  440,  411,  440,   94,  577,  784,  449,  758,  142,  411,  636,  518,  335,   77,  178,  271,  190,  462,  367,  341,  659,  148,  155,  124,  310,  598,  686,  163,  461,  485,  822,  782,  717,  717,  535,  269,  729,  415,  826,  752,  598,  193,  447,  418,   82,  619,  214,  815,  221,  612,  507,  182,   22,  303,  268,  751,  208,  471,  223,  772,  807,  627,  819,  499,  289,  285,  252,  219,  603,  283,  512,  346,   99,  728,  181,  626,  436,  218,  407,  288,  117,  618,  121,  194,  323,  261,  370,  629,  700,  634,  220,  686,  580,  535,  436,  159,  356,  135,  582,   93,  473,  392,  188,  109,  178,  509,  395,  614,  356,  420,  139,  548,  394,  311,  805,  367,  506,  244,  350,  647,  482,  461,  471,  356,  410,  289,  656,  616,  643,  517,  245,  447,  475,  392,  160,  678,  135,  632,  336,  462,  775,  210,  586,  806,  556,  554,  781,  573,   75,  502,   84,  468,  429],
        [  256,    0,  644,  100,  251,  721,    0,  575,  548,  600,  215,  738,  424,  267,  189,  425,  519,  143, 1002,  114,  705,  849,  656,  869,  722,  744,  349,  770,  666,  697,  966,  695,  421,  527,  613,  345,  937,  796,  877,   82,  897,  176,  420,  901,  529,  767,  640,  307,  748,  144,  150,  746,  161,  596,  391,  115,  216,  919,  730,  848,  543,  895,  289,  602,  438,  338,  610,  730,  798,  456,  363,  175,  724, 1081,  493,  127,  608,  155,  644,  516,  752,  324,  386,  508,  245,  350,  532,  381,  314,  803,  318,  649,  521,  701,  255,  219,  773,  742,  580,  872,  268,  883,  417,  874,  211,  504,   97,  574, 1091,  939,  526,  711,  537,  487,  610,  653,  451,  816,   77,  883,  151,  421,  598,  456,  527,  829,  106,  823,  638,  730,  554,  452,  119,  213,  410,  764,  386,  729,  335, 1045,  750,  821,  654,  222,  784,  490,  415,  753,  626,  893,  451,  481,  328,  783,  305,  858,  256,  458,  993,  614,  647,  398,  480,  401,  502,  820,  847,  791,  429,  910,  437,  653,  163,   97,  534,  825,  912,  468,  495,  561,  651,  588,  645,  568,  306,  285,  686,  256,  443,  168,  277,  529,  672,  795,  965,  652,  876,  293],
        [  319,    0,  400,  475,  683,  265,  575,    0,  225,  594,  399,  765,  377,  700,  464,  319,  385,  432,  592,  461,  256,  345,  518,  294,  239,  444,  543,  290,  802,  504,  720,  773,  173,  284,   92,  267,  701,  227,  407,  501,  326,  480,  679,  352,  703,  255,  556,  381,  349,  443,  594,  632,  663,  144,  417,  525,  421,  593,  220,  303,   34,  446,  400,  115,  138,  418,  122,  389,  388,  124,  599,  486,  168,  726,  222,  648,  845,  522,  808,  609,  490,  699,  418,  844,  534,  593,  163,  219,  347,  326,  599,   80,  840,  427,  565,  398,  429,  283,   43,  527,  528,  472,  500,  487,  563,  828,  495,  862,  762,  553,   49,  137,   93,  655,   47,  646,  382,  322,  557,  354,  445,  466,  358,  158,  376,  322,  487,  384,   82,  524,  368,  134,  518,  632,  381,  193,  687,  730,  304,  700,  196,  256,  133,  384,  358,  540,  169,  189,  167,  426,  251,  139,  598,  226,  286,  363,  345,  444,  572,  865,  523,  525,  233,  337,  698,  311,  317,  666,  147,  654,  187,  763,  526,  523,  600,  496,  685,  215,  132,  200,  780,  221,  740,   73,  417,  548,  116,  538,  805,  412,  513,  816,  703,  319,  415,  264,  692,  311],
        [  332,    0,  608,  464,  729,  489,  548,  225,    0,  767,  335,  941,  525,  747,  382,  151,  564,  420,  814,  447,  480,  309,  715,  417,  187,  664,  649,  228,  954,  710,  941,  938,  172,   65,  317,  208,  920,  330,  625,  495,  477,  399,  784,  537,  837,  240,  744,  479,  574,  455,  509,  832,  679,  365,  550,  544,  476,  817,  438,  496,  227,  666,  490,  133,  227,  272,  346,  611,  612,  249,  701,  404,  368,  950,   57,  578,  971,  441,  952,  756,  707,  767,  550,  938,  414,  692,  363,  187,  445,  545,  686,  285,  939,  643,  635,  448,  652,  507,  187,  751,  399,  696,  635,  711,  455,  925,  499,  973,  987,  777,  218,  293,  297,  786,  211,  823,  539,  538,  502,  553,  399,  606,  561,  136,  559,  534,  493,  607,  299,  733,  559,  176,  539,  676,  206,  362,  780,  911,  214,  925,  393,  337,  356,  327,  582,  691,  194,  375,  391,  644,   99,  126,  689,  296,  351,  576,  294,  598,  794,  988,  717,  650,  409,  477,  825,  284,  321,  869,  218,  875,  334,  919,  566,  534,  754,  720,  903,   83,  119,  409,  932,  434,  899,  154,  517,  413,  306,  612,  887,  420,  597,  924,  875,  539,  445,  486,  905,  380],
        [  520,    0,  252,  548,  454,  476,  600,  594,  767,    0,  635,  175,  248,  457,  678,  758,  210,  546,  563,  553,  466,  931,  138,  784,  833,  315,  257,  883,  224,  198,  404,  180,  603,  800,  538,  627,  375,  766,  555,  538,  760,  681,  275,  693,  193,  844,   82,  341,  420,  499,  735,  160,  528,  475,  242,  486,  414,  427,  544,  653,  571,  539,  346,  703,  541,  768,  506,  354,  448,  520,  266,  686,  610,  573,  729,  727,  318,  697,  243,  108,  280,  396,  245,  402,  777,  277,  433,  611,  362,  528,  313,  606,  385,  280,  359,  430,  368,  484,  633,  416,  791,  489,  185,  458,  768,  383,  518,  369,  562,  496,  570,  674,  502,  181,  638,   59,  229,  555,  655,  643,  611,  191,  263,  634,  219,  579,  511,  490,  580,  219,  233,  591,  482,  443,  795,  674,  318,  148,  662,  536,  619,  802,  540,  621,  460,  111,  579,  643,  475,  559,  722,  641,  303,  788,  456,  579,  612,  177,  568,  342,  124,  203,  365,  297,  214,  898,  893,  201,  550,  365,  434,  180,  438,  505,   81,  374,  349,  704,  650,  404,  203,  397,  156,  654,  317,  815,  627,  349,  411,  508,  324,  343,  110,  524,  960,  400,  298,  433],
        [  127,    0,  591,  145,  428,  599,  215,  399,  335,  635,    0,  798,  403,  446,   67,  211,  487,  112,  913,  129,  585,  640,  645,  686,  513,  682,  427,  560,  763,  670,  939,  772,  230,  312,  458,  140,  912,  607,  759,  177,  725,   82,  542,  746,  628,  561,  649,  295,  650,  163,  195,  754,  359,  461,  395,  239,  231,  859,  589,  695,  371,  787,  290,  402,  270,  148,  466,  651,  699,  297,  465,   88,  562, 1016,  280,  253,  738,  123,  749,  580,  705,  484,  391,  669,  158,  453,  408,  185,  277,  679,  433,  478,  676,  644,  369,  209,  697,  621,  394,  803,  165,  789,  458,  788,  173,  660,  188,  721, 1038,  857,  353,  531,  388,  579,  426,  693,  428,  685,  169,  739,   66,  444,  540,  258,  490,  694,  185,  714,  473,  701,  508,  267,  236,  378,  206,  591,  522,  779,  121,  983,  590,  627,  504,   18,  678,  531,  231,  586,  494,  777,  237,  283,  440,  588,  202,  729,   55,  463,  899,  750,  640,  455,  386,  360,  607,  611,  642,  799,  257,  876,  316,  739,  277,  224,  589,  759,  889,  256,  297,  450,  744,  480,  724,  376,  320,  190,  514,  355,  609,  138,  356,  672,  729,  671,  763,  548,  867,  214],
        [  688,    0,  394,  699,  550,  620,  738,  765,  941,  175,  798,    0,  421,  547,  837,  931,  382,  703,  628,  706,  612, 1097,  264,  935, 1002,  427,  390, 1052,  144,  309,  397,   69,  778,  974,  703,  800,  373,  925,  669,  684,  903,  838,  348,  826,  231, 1011,  213,  506,  549,  653,  880,  190,  639,  639,  410,  626,  571,  479,  692,  791,  743,  643,  509,  874,  715,  936,  670,  479,  566,  694,  378,  843,  766,  594,  903,  862,  279,  850,  181,  224,  378,  478,  413,  410,  934,  391,  602,  784,  531,  658,  426,  771,  388,  405,  485,  590,  479,  624,  804,  492,  949,  584,  341,  549,  920,  394,  664,  348,  567,  567,  743,  836,  672,  258,  807,  120,  404,  687,  800,  772,  768,  356,  419,  808,  389,  711,  659,  608,  745,  313,  398,  766,  623,  554,  966,  829,  393,   41,  833,  561,  771,  961,  700,  786,  585,  268,  754,  797,  636,  669,  896,  816,  415,  950,  627,  702,  779,  350,  640,  300,  255,  348,  537,  470,  262, 1064, 1055,  199,  725,  385,  608,  116,  576,  646,  210,  462,  352,  878,  824,  570,  137,  559,  108,  826,  479,  973,  789,  482,  445,  666,  464,  345,   70,  656, 1116,  551,  287,  603],
        [  280,    0,  222,  347,  386,  360,  424,  377,  525,  248,  403,  421,    0,  398,  454,  511,   96,  331,  588,  346,  345,  721,  244,  619,  611,  323,  189,  664,  432,  276,  547,  413,  358,  554,  345,  381,  520,  579,  496,  348,  615,  461,  314,  577,  327,  631,  247,  120,  353,  294,  535,  352,  416,  291,   52,  318,  211,  496,  403,  527,  348,  502,  136,  475,  299,  528,  320,  318,  400,  283,  242,  466,  442,  658,  484,  546,  470,  485,  434,  235,  328,  370,   56,  481,  554,  241,  230,  364,  127,  436,  260,  409,  474,  279,  257,  216,  358,  377,  411,  452,  565,  477,  126,  462,  553,  463,  329,  490,  668,  523,  344,  483,  288,  279,  423,  306,   27,  457,  460,  540,  391,   90,  181,  390,  104,  477,  321,  433,  386,  309,  132,  349,  312,  348,  549,  502,  332,  395,  417,  622,  459,  614,  363,  388,  394,  167,  334,  477,  306,  508,  475,  400,  255,  592,  212,  494,  373,   73,  583,  490,  239,  155,  149,   50,  323,  687,  690,  397,  307,  489,  197,  395,  283,  331,  230,  404,  495,  459,  410,  223,  410,  234,  374,  426,  121,  590,  439,  232,  453,  291,  199,  446,  353,  429,  776,  277,  467,  192],
        [  417,    0,  602,  302,   19,  755,  267,  700,  747,  457,  446,  547,  398,    0,  442,  651,  478,  338,  970,  318,  740, 1022,  559,  982,  897,  700,  223,  949,  443,  615,  859,  491,  589,  742,  704,  541,  830,  925,  893,  270,  991,  434,  200,  967,  318,  933,  522,  327,  750,  294,  413,  616,  113,  665,  348,  208,  281,  855,  790,  915,  666,  897,  306,  762,  573,  587,  688,  708,  795,  578,  193,  434,  813, 1012,  692,  365,  358,  420,  414,  352,  688,   72,  343,  244,  511,  184,  597,  562,  358,  833,  151,  758,  258,  656,  144,  307,  743,  773,  719,  825,  534,  866,  314,  847,  478,  241,  259,  314, 1009,  902,  654,  830,  632,  293,  743,  495,  417,  853,  344,  934,  385,  340,  571,  628,  489,  872,  262,  830,  740,  645,  520,  607,  212,   72,  652,  866,  156,  551,  548,  976,  835,  955,  735,  445,  791,  362,  573,  846,  687,  905,  659,  650,  160,  924,  418,  891,  466,  386,  968,  360,  547,  279,  522,  406,  287,  989, 1007,  657,  571,  814,  521,  444,  182,  223,  377,  778,  804,  664,  663,  607,  434,  624,  443,  719,  297,  551,  793,  170,  177,  329,  202,  272,  492,  826, 1113,  674,  754,  391],
        [  188,    0,  651,  149,  425,  665,  189,  464,  382,  678,   67,  837,  454,  442,    0,  245,  542,  135,  978,  138,  650,  690,  698,  748,  565,  743,  456,  609,  791,  726,  996,  806,  293,  350,  525,  201,  969,  668,  825,  177,  788,   18,  560,  812,  655,  615,  698,  341,  715,  186,  133,  804,  345,  527,  441,  244,  266,  920,  655,  761,  436,  852,  333,  460,  336,  150,  532,  714,  764,  363,  489,   24,  627, 1079,  329,  197,  756,   61,  775,  615,  764,  489,  437,  675,  100,  476,  474,  247,  328,  745,  452,  543,  685,  704,  386,  249,  760,  687,  457,  865,  113,  854,  497,  852,  108,  668,  193,  733, 1099,  921,  418,  594,  455,  607,  489,  735,  480,  751,  125,  805,   69,  488,  599,  319,  546,  760,  194,  780,  539,  757,  565,  331,  243,  378,  223,  655,  536,  820,  174, 1045,  655,  687,  570,   84,  743,  571,  296,  651,  560,  843,  284,  344,  460,  647,  262,  795,  120,  510,  964,  766,  692,  490,  449,  415,  632,  663,  696,  849,  323,  934,  381,  770,  289,  225,  627,  820,  945,  308,  356,  515,  773,  545,  757,  437,  361,  138,  579,  376,  612,  171,  382,  685,  767,  737,  818,  613,  921,  270],
        [  257,    0,  645,  353,  633,  575,  425,  319,  151,  758,  211,  931,  511,  651,  245,    0,  572,  314,  904,  336,  563,  456,  732,  559,  337,  717,  594,  375,  920,  740,  992,  916,  175,  107,  405,  132,  968,  472,  724,  386,  613,  261,  722,  662,  793,  390,  751,  434,  648,  359,  365,  848,  569,  436,  522,  444,  403,  884,  538,  616,  305,  761,  439,  263,  248,  123,  427,  672,  693,  280,  641,  265,  482, 1029,  110,  437,  917,  300,  913,  726,  753,  683,  521,  863,  265,  630,  411,  151,  404,  642,  617,  394,  868,  688,  558,  376,  716,  594,  293,  821,  249,  781,  601,  790,  307,  852,  394,  908, 1060,  859,  290,  421,  359,  742,  324,  816,  531,  639,  369,  670,  276,  578,  593,  168,  570,  641,  390,  695,  400,  767,  578,  208,  440,  581,   63,  489,  710,  905,  107, 1000,  509,  483,  450,  209,  665,  667,  197,  496,  468,  743,   69,  182,  622,  442,  306,  681,  186,  582,  885,  931,  731,  608,  430,  462,  776,  432,  471,  890,  234,  926,  348,  890,  475,  430,  730,  783,  949,  105,  187,  459,  900,  489,  872,  262,  468,  263,  423,  539,  807,  327,  532,  859,  862,  635,  595,  550,  940,  332],
        [  361,    0,  129,  441,  467,  301,  519,  385,  564,  210,  487,  382,   96,  478,  542,  572,    0,  422,  497,  439,  287,  723,  162,  589,  623,  230,  258,  673,  424,  185,  455,  389,  407,  602,  331,  447,  428,  563,  420,  442,  575,  549,  363,  523,  344,  635,  182,  214,  275,  388,  628,  277,  506,  270,  136,  413,  306,  401,  357,  476,  362,  421,  231,  493,  340,  603,  300,  231,  319,  316,  304,  555,  412,  563,  530,  641,  488,  575,  434,  241,  233,  440,  142,  525,  641,  306,  223,  422,  217,  369,  332,  399,  515,  185,  340,  309,  267,  314,  423,  358,  650,  390,  174,  372,  643,  507,  424,  520,  573,  431,  361,  469,  292,  304,  428,  263,   69,  393,  554,  480,  481,  141,   95,  434,   13,  415,  416,  355,  373,  217,   44,  390,  406,  434,  616,  475,  390,  349,  486,  527,  425,  599,  338,  471,  317,  175,  383,  446,  274,  430,  528,  439,  325,  582,  288,  426,  452,   96,  493,  510,  160,  209,  157,  128,  349,  689,  685,  319,  351,  395,  232,  382,  376,  426,  226,  310,  404,  507,  446,  197,  401,  195,  359,  444,  215,  676,  422,  318,  508,  383,  285,  481,  319,  364,  759,  217,  381,  274],
        [  114,    0,  539,   45,  319,  589,  143,  432,  420,  546,  112,  703,  331,  338,  135,  314,  422,    0,  884,   30,  573,  714,  573,  726,  586,  636,  322,  636,  658,  606,  877,  672,  281,  408,  472,  212,  849,  653,  747,   76,  755,  136,  431,  761,  522,  630,  569,  213,  624,   53,  207,  676,  260,  459,  311,  130,  132,  813,  592,  709,  400,  769,  202,  462,  295,  259,  471,  613,  674,  314,  357,  141,  582,  974,  364,  234,  628,  155,  643,  481,  651,  373,  307,  557,  232,  344,  397,  243,  206,  670,  323,  506,  564,  595,  258,  117,  658,  610,  437,  762,  247,  762,  363,  756,  225,  548,   80,  609,  989,  823,  383,  568,  397,  473,  467,  602,  357,  681,  141,  745,   66,  355,  490,  317,  428,  693,   76,  696,  496,  638,  450,  310,  126,  268,  317,  621,  410,  686,  213,  939,  609,  678,  514,  108,  657,  438,  273,  611,  490,  764,  326,  342,  330,  642,  169,  725,  130,  381,  873,  640,  567,  355,  354,  296,  500,  683,  709,  721,  286,  817,  301,  636,  166,  117,  493,  715,  825,  338,  356,  431,  640,  459,  623,  426,  229,  271,  543,  245,  497,   40,  249,  561,  633,  663,  825,  525,  797,  164],
        [  791,    0,  369,  913,  960,  330, 1002,  592,  814,  563,  913,  628,  588,  970,  978,  904,  497,  884,    0,  906,  342,  773,  429,  531,  747,  270,  747,  775,  755,  368,  286,  684,  735,  876,  502,  817,  292,  581,  197,  921,  464,  990,  823,  359,  756,  721,  482,  699,  264,  861, 1088,  442, 1003,  469,  633,  902,  788,  150,  378,  365,  600,  151,  719,  687,  667,  985,  478,  273,  215,  635,  784,  996,  457,  153,  813, 1115,  874, 1024,  785,  661,  288,  924,  638,  964, 1069,  790,  508,  773,  688,  271,  820,  532,  947,  315,  836,  784,  231,  310,  628,  149, 1071,  125,  657,  128, 1085,  944,  905,  930,  205,   69,  615,  546,  547,  737,  605,  564,  564,  283, 1023,  308,  930,  631,  408,  737,  487,  293,  896,  210,  516,  344,  457,  698,  896,  930,  963,  490,  860,  590,  860,  144,  438,  607,  460,  896,  240,  621,  718,  464,  437,  179,  839,  724,  812,  624,  720,  253,  864,  585,   27,  897,  443,  692,  531,  603,  775,  750,  716,  431,  681,  257,  598,  713,  871,  914,  635,  194,  301,  804,  721,  464,  738,  433,  691,  661,  708, 1095,  517,  814,  967,  847,  781,  905,  615,  277,  707,  366,  360,  720],
        [  143,    0,  558,   18,  300,  615,  114,  461,  447,  553,  129,  706,  346,  318,  138,  336,  439,   30,  906,    0,  599,  742,  587,  755,  615,  656,  321,  664,  655,  622,  893,  672,  310,  432,  501,  239,  865,  683,  773,   50,  784,  135,  423,  790,  518,  658,  580,  227,  648,   54,  189,  687,  235,  486,  323,  112,  140,  833,  620,  737,  429,  793,  214,  491,  324,  272,  499,  635,  698,  343,  352,  139,  611,  994,  391,  209,  620,  145,  638,  483,  669,  357,  318,  543,  229,  339,  424,  272,  224,  697,  315,  535,  551,  614,  249,  131,  680,  636,  467,  782,  247,  785,  369,  779,  216,  534,   60,  598, 1008,  845,  413,  598,  425,  471,  497,  609,  373,  708,  118,  773,   71,  364,  509,  346,  445,  721,   58,  720,  525,  654,  469,  340,  109,  250,  335,  650,  400,  691,  237,  959,  637,  708,  542,  128,  682,  444,  302,  640,  517,  789,  352,  370,  323,  671,  195,  751,  154,  392,  896,  630,  580,  358,  378,  314,  495,  712,  737,  732,  316,  833,  328,  635,  153,   96,  497,  736,  841,  364,  385,  456,  638,  484,  623,  456,  239,  269,  572,  239,  482,   60,  246,  550,  637,  689,  854,  550,  810,  188],
        [  470,    0,  218,  608,  726,   17,  705,  256,  480,  466,  585,  612,  345,  740,  650,  563,  287,  573,  342,  599,    0,  513,  348,  324,  449,  214,  532,  489,  690,  310,  477,  640,  394,  539,  164,  478,  461,  324,  175,  623,  295,  664,  648,  236,  628,  439,  402,  424,   97,  561,  769,  444,  742,  129,  396,  620,  502,  340,   82,  190,  260,  204,  446,  360,  328,  645,  137,  153,  132,  296,  583,  671,  164,  471,  474,  806,  770,  702,  706,  523,  267,  714,  400,  812,  737,  584,  178,  434,  402,   99,  604,  209,  802,  215,  597,  491,  184,   38,  295,  274,  737,  219,  456,  231,  757,  793,  611,  806,  507,  298,  274,  250,  206,  590,  276,  502,  331,  115,  712,  196,  610,  421,  206,  396,  275,  133,  601,  133,  188,  318,  248,  357,  613,  684,  622,  224,  672,  573,  521,  445,  163,  359,  129,  567,  103,  460,  378,  191,   96,  193,  498,  384,  599,  357,  405,  155,  533,  380,  324,  792,  358,  491,  228,  334,  634,  482,  463,  467,  342,  413,  273,  646,  600,  627,  505,  248,  449,  464,  381,  144,  668,  119,  621,  327,  446,  761,  208,  571,  792,  540,  538,  767,  564,   91,  507,   70,  468,  413],
        [  612,    0,  712,  759, 1004,  512,  849,  345,  309,  931,  640, 1097,  721, 1022,  690,  456,  723,  714,  773,  742,  513,    0,  840,  248,  128,  726,  884,   82, 1144,  813,  980, 1111,  436,  354,  394,  505,  967,  196,  580,  789,  321,  708, 1021,  421, 1048,   91,  885,  718,  604,  741,  818,  947,  968,  458,  761,  829,  742,  832,  436,  409,  375,  628,  734,  261,  452,  578,  427,  665,  621,  454,  940,  712,  349,  924,  362,  887, 1190,  749, 1151,  952,  778, 1030,  762, 1184,  720,  933,  501,  471,  682,  524,  936,  327, 1182,  724,  895,  716,  693,  519,  313,  767,  704,  680,  845,  709,  763, 1169,  789, 1205,  973,  761,  382,  265,  435,  999,  299,  980,  726,  502,  808,  466,  702,  811,  680,  399,  713,  486,  782,  596,  353,  826,  700,  416,  823,  952,  505,  295, 1026, 1060,  519,  909,  356,  166,  401,  630,  590,  884,  450,  327,  464,  596,  407,  375,  936,  157,  606,  523,  594,  788,  748, 1210,  847,  869,  576,  681, 1043,   35,   59,  975,  453,  919,  530, 1104,  842,  823,  943,  752,  958,  384,  361,  528, 1122,  539, 1081,  306,  755,  716,  312,  870, 1142,  706,  848, 1159, 1039,  521,  154,  557,  980,  634],
        [  521,    0,  131,  587,  553,  356,  656,  518,  715,  138,  645,  264,  244,  559,  698,  732,  162,  573,  429,  587,  348,  840,    0,  671,  752,  178,  340,  800,  353,   62,  311,  296,  564,  756,  448,  608,  282,  663,  420,  583,  640,  704,  396,  566,  328,  757,   59,  361,  289,  534,  775,  118,  613,  384,  266,  543,  449,  299,  429,  529,  500,  402,  374,  631,  494,  764,  414,  221,  313,  468,  368,  710,  503,  454,  684,  780,  455,  728,  376,  233,  143,  506,  271,  536,  798,  376,  357,  581,  370,  399,  409,  514,  519,  146,  440,  457,  232,  361,  559,  281,  808,  351,  252,  321,  797,  516,  564,  506,  451,  361,  504,  577,  427,  309,  557,  158,  218,  427,  699,  514,  635,  237,  161,  588,  162,  451,  557,  356,  488,   88,  157,  544,  538,  532,  777,  566,  435,  225,  647,  417,  508,  699,  440,  630,  328,  199,  540,  534,  377,  424,  686,  591,  400,  690,  449,  447,  612,  199,  433,  479,   15,  283,  307,  285,  346,  807,  796,  158,  506,  259,  387,  309,  500,  560,  207,  238,  257,  662,  597,  318,  333,  303,  285,  584,  351,  833,  529,  424,  539,  534,  393,  478,  219,  396,  853,  289,  224,  433],
        [  613,    0,  541,  769,  965,  317,  869,  294,  417,  784,  686,  935,  619,  982,  748,  559,  589,  726,  531,  755,  324,  248,  671,    0,  266,  528,  803,  272, 1007,  632,  759,  961,  457,  480,  279,  548,  749,   88,  344,  795,   75,  765,  932,  175,  932,  221,  724,  656,  400,  737,  880,  766,  953,  328,  667,  817,  708,  605,  243,  171,  327,  392,  677,  297,  431,  676,  300,  468,  405,  416,  858,  771,  178,  683,  449,  938, 1076,  808, 1021,  830,  582,  972,  670, 1099,  807,  855,  392,  502,  624,  302,  867,  225, 1092,  537,  842,  687,  486,  317,  293,  544,  796,  449,  743,  481,  841, 1082,  789, 1105,  734,  526,  343,  158,  350,  889,  261,  824,  614,  276,  848,  224,  736,  707,  522,  430,  578,  256,  780,  372,  242,  638,  556,  421,  810,  916,  619,  118,  948,  896,  579,  671,  166,   92,  256,  672,  376,  763,  458,  144,  317,  359,  493,  405,  865,  127,  577,  288,  633,  673,  506, 1098,  681,  773,  472,  591,  934,  231,  189,  786,  440,  701,  461,  964,  814,  816,  815,  538,  743,  459,  393,  398,  985,  395,  940,  312,  689,  814,  189,  815, 1069,  705,  787, 1063,  886,  301,  188,  385,  774,  599],
        [  485,    0,  629,  631,  879,  452,  722,  239,  187,  833,  513, 1002,  611,  897,  565,  337,  623,  586,  747,  615,  449,  128,  752,  266,    0,  658,  766,   54, 1040,  732,  925, 1011,  310,  239,  306,  378,  909,  184,  551,  662,  337,  582,  903,  420,  937,   55,  793,  598,  545,  614,  694,  864,  841,  369,  648,  703,  617,  784,  382,  392,  264,  598,  614,  139,  330,  459,  340,  599,  571,  335,  821,  588,  295,  894,  237,  762, 1078,  625, 1044,  845,  708,  907,  649, 1065,  600,  814,  401,  344,  562,  482,  815,  244, 1063,  649,  772,  591,  632,  464,  201,  718,  585,  642,  733,  665,  641, 1050,  662, 1090,  939,  724,  268,  204,  332,  887,  196,  884,  618,  466,  682,  453,  574,  700,  591,  272,  615,  455,  655,  553,  269,  749,  605,  291,  697,  826,  389,  258,  906,  968,  393,  875,  311,  176,  325,  503,  539,  776,  324,  284,  382,  569,  283,  248,  816,  140,  482,  496,  467,  680,  724, 1097,  758,  755,  471,  568,  930,   99,  134,  896,  329,  861,  416, 1000,  716,  696,  838,  696,  897,  258,  234,  435, 1017,  451,  978,  188,  636,  599,  242,  747, 1021,  579,  727, 1043,  941,  478,  259,  481,  911,  510],
        [  556,    0,  101,  660,  691,  216,  744,  444,  664,  315,  682,  427,  323,  700,  743,  717,  230,  636,  270,  656,  214,  726,  178,  528,  658,    0,  477,  700,  530,  121,  278,  468,  542,  716,  358,  609,  257,  537,  244,  665,  486,  753,  559,  402,  503,  651,  236,  438,  129,  607,  842,  244,  734,  301,  365,  640,  529,  178,  292,  371,  437,  225,  457,  556,  469,  776,  324,   61,  139,  438,  516,  759,  378,  339,  646,  862,  633,  784,  554,  403,   54,  656,  371,  707,  840,  521,  307,  572,  433,  235,  551,  415,  692,   45,  567,  529,   54,  212,  486,  129,  845,  176,  388,  150,  849,  688,  648,  682,  356,  203,  446,  463,  368,  478,  474,  333,  298,  264,  773,  347,  688,  361,  147,  556,  220,  287,  639,  182,  391,  115,  191,  512,  634,  660,  771,  436,  594,  386,  652,  304,  374,  572,  334,  665,  160,  356,  521,  403,  279,  246,  659,  550,  543,  570,  481,  276,  639,  315,  269,  656,  192,  423,  298,  344,  518,  696,  676,  259,  483,  212,  377,  485,  605,  653,  379,   81,  242,  630,  552,  259,  510,  231,  461,  516,  443,  870,  419,  546,  704,  597,  512,  652,  392,  233,  715,  181,  255,  476],
        [  337,    0,  380,  312,  215,  547,  349,  543,  649,  257,  427,  390,  189,  223,  456,  594,  258,  322,  747,  321,  532,  884,  340,  803,  766,  477,    0,  819,  337,  394,  647,  353,  478,  663,  525,  465,  617,  757,  676,  295,  802,  455,  138,  765,  202,  793,  310,  171,  532,  270,  490,  411,  275,  476,  138,  236,  197,  633,  591,  716,  511,  678,  159,  628,  438,  572,  503,  487,  576,  431,   57,  459,  627,  792,  599,  475,  324,  463,  323,  168,  466,  183,  134,  301,  549,   53,  411,  466,  206,  621,   75,  587,  298,  433,  103,  222,  521,  563,  571,  602,  567,  645,   91,  624,  533,  286,  275,  325,  791,  679,  503,  660,  461,  152,  589,  306,  202,  643,  410,  728,  387,  118,  352,  515,  270,  664,  271,  612,  565,  425,  301,  483,  233,  192,  616,  686,  146,  381,  489,  755,  646,  791,  548,  417,  574,  149,  457,  662,  493,  687,  578,  532,   68,  765,  299,  679,  420,  164,  745,  340,  329,   58,  331,  213,  183,  850,  859,  455,  441,  598,  356,  315,  186,  256,  186,  555,  592,  572,  544,  410,  318,  422,  303,  579,  133,  590,  618,   94,  267,  290,   75,  278,  323,  615,  953,  464,  547,  270],
        [  536,    0,  676,  680,  931,  490,  770,  290,  228,  883,  560, 1052,  664,  949,  609,  375,  673,  636,  775,  664,  489,   82,  800,  272,   54,  700,  819,    0, 1091,  778,  964, 1062,  361,  273,  353,  426,  949,  199,  579,  711,  346,  626,  956,  437,  989,   55,  842,  651,  584,  665,  737,  911,  892,  416,  700,  754,  669,  820,  418,  415,  316,  627,  667,  192,  383,  496,  387,  640,  607,  389,  875,  631,  330,  924,  281,  806, 1130,  668, 1096,  897,  751,  960,  702, 1118,  639,  867,  451,  394,  616,  515,  868,  288, 1117,  693,  825,  643,  672,  501,  253,  754,  623,  674,  785,  699,  682, 1103,  712, 1143,  970,  756,  321,  240,  382,  940,  246,  934,  670,  496,  728,  475,  622,  752,  639,  323,  665,  483,  706,  586,  314,  794,  654,  343,  748,  878,  424,  286,  959, 1017,  439,  906,  343,  181,  368,  550,  575,  828,  376,  315,  427,  597,  326,  300,  869,  154,  534,  523,  515,  732,  751, 1150,  806,  808,  522,  621,  983,   61,  107,  941,  382,  900,  469, 1052,  768,  746,  889,  735,  937,  304,  286,  483, 1069,  498, 1030,  241,  689,  635,  282,  800, 1074,  630,  780, 1096,  992,  511,  227,  524,  954,  563],
        [  667,    0,  475,  646,  450,  700,  666,  802,  954,  224,  763,  144,  432,  443,  791,  920,  424,  658,  755,  655,  690, 1144,  353, 1007, 1040,  530,  337, 1091,    0,  409,  539,   77,  784,  978,  754,  789,  514,  985,  773,  625,  984,  790,  250,  916,  138, 1056,  295,  487,  641,  606,  814,  315,  546,  693,  405,  561,  533,  609,  767,  876,  776,  752,  483,  905,  730,  907,  724,  574,  666,  714,  306,  794,  832,  733,  910,  786,  136,  795,   38,  198,  487,  372,  405,  272,  883,  319,  644,  782,  518,  750,  348,  822,  250,  499,  413,  556,  583,  708,  839,  613,  901,  697,  321,  665,  863,  258,  606,  206,  709,  691,  773,  892,  710,  185,  847,  197,  422,  778,  735,  866,  723,  349,  486,  818,  434,  802,  603,  709,  796,  422,  452,  779,  560,  465,  947,  895,  290,  174,  817,  699,  841, 1021,  760,  753,  680,  265,  761,  865,  695,  775,  895,  830,  339, 1005,  616,  799,  753,  361,  765,  156,  341,  313,  570,  478,  165, 1110, 1108,  334,  737,  522,  628,   45,  511,  581,  203,  578,  491,  883,  840,  620,   23,  616,   69,  856,  453,  924,  845,  419,  316,  626,  410,  208,  141,  746, 1181,  623,  428,  589],
        [  544,    0,  104,  623,  608,  316,  697,  504,  710,  198,  670,  309,  276,  615,  726,  740,  185,  606,  368,  622,  310,  813,   62,  632,  732,  121,  394,  778,  409,    0,  272,  348,  568,  756,  427,  620,  244,  631,  364,  622,  596,  733,  456,  517,  390,  733,  118,  396,  241,  570,  811,  135,  664,  364,  306,  587,  486,  241,  391,  483,  490,  344,  411,  618,  497,  782,  392,  170,  259,  468,  425,  739,  470,  398,  684,  820,  515,  759,  434,  294,   82,  564,  311,  597,  825,  432,  348,  590,  400,  350,  464,  491,  581,   97,  492,  491,  175,  318,  545,  220,  834,  291,  304,  261,  827,  578,  603,  567,  400,  300,  495,  549,  417,  370,  540,  213,  249,  378,  736,  464,  665,  285,  150,  589,  181,  402,  595,  302,  465,   33,  165,  544,  581,  584,  788,  532,  495,  269,  661,  362,  472,  667,  413,  654,  276,  257,  545,  499,  352,  367,  689,  589,  455,  660,  470,  395,  633,  243,  372,  539,   76,  337,  310,  312,  408,  781,  767,  164,  509,  213,  392,  365,  546,  602,  268,  177,  220,  664,  593,  305,  390,  284,  341,  573,  391,  859,  502,  474,  600,  566,  442,  540,  272,  347,  816,  257,  201,  457],
