{
    "name": "random-69-23024",
    "comment": "size=69 seed=23024",
    "nodes": ["+0", "-0", "+1", "-1", "+2", "-2", "+3", "-3", "+4", "-4", "+5", "-5", "+6", "-6", "+7", "-7", "+8", "-8", "+9", "-9", "+10", "-10", "+11", "-11", "+12", "-12", "+13", "-13", "+14", "-14", "+15", "-15", "+16", "-16", "+17", "-17", "+18", "-18", "+19", "-19", "+20", "-20", "+21", "-21", "+22", "-22", "+23", "-23", "+24", "-24", "+25", "-25", "+26", "-26", "+27", "-27", "+28", "-28", "+29", "-29", "+30", "-30", "+31", "-31", "+32", "-32", "+33", "-33", "+34", "-34", "+35", "-35", "+36", "-36", "+37", "-37", "+38", "-38", "+39", "-39", "+40", "-40", "+41", "-41", "+42", "-42", "+43", "-43", "+44", "-44", "+45", "-45", "+46", "-46", "+47", "-47", "+48", "-48", "+49", "-49", "+50", "-50", "+51", "-51", "+52", "-52", "+53", "-53", "+54", "-54", "+55", "-55", "+56", "-56", "+57", "-57", "+58", "-58", "+59", "-59", "+60", "-60", "+61", "-61", "+62", "-62", "+63", "-63", "+64", "-64", "+65", "-65", "+66", "-66", "+67", "-67", "+68", "-68", "+69", "-69"],
    "precedence": {
        "+0": "-0",
        "+1": "-1",
        "+2": "-2",
        "+3": "-3",
        "+4": "-4",
        "+5": "-5",
        "+6": "-6",
        "+7": "-7",
        "+8": "-8",
        "+9": "-9",
        "+10": "-10",
        "+11": "-11",
        "+12": "-12",
        "+13": "-13",
        "+14": "-14",
        "+15": "-15",
        "+16": "-16",
        "+17": "-17",
        "+18": "-18",
        "+19": "-19",
        "+20": "-20",
        "+21": "-21",
        "+22": "-22",
        "+23": "-23",
        "+24": "-24",
        "+25": "-25",
        "+26": "-26",
        "+27": "-27",
        "+28": "-28",
        "+29": "-29",
        "+30": "-30",
        "+31": "-31",
        "+32": "-32",
        "+33": "-33",
        "+34": "-34",
        "+35": "-35",
        "+36": "-36",
        "+37": "-37",
        "+38": "-38",
        "+39": "-39",
        "+40": "-40",
        "+41": "-41",
        "+42": "-42",
        "+43": "-43",
        "+44": "-44",
        "+45": "-45",
        "+46": "-46",
        "+47": "-47",
        "+48": "-48",
        "+49": "-49",
        "+50": "-50",
        "+51": "-51",
        "+52": "-52",
        "+53": "-53",
        "+54": "-54",
        "+55": "-55",
        "+56": "-56",
        "+57": "-57",
        "+58": "-58",
        "+59": "-59",
        "+60": "-60",
        "+61": "-61",
        "+62": "-62",
        "+63": "-63",
        "+64": "-64",
        "+65": "-65",
        "+66": "-66",
        "+67": "-67",
        "+68": "-68",
        "+69": "-69"
    },
    "edges": [
        [    0,    0,  872,  399,  411,  411,  220,  513,  123,  379,  179,  352,  253,  833,  104,  767,  256,  367,  976,  102,  389,  279,  493,  601,  819,  544,   87,  331,  901,  318,  493,  506,  940,  658,  435,  420,  853,  906,  112,   59,  874,  973,  948,  871,  341,  683,  452,  359,  799,  404,  534,  578,  474,  728,  859,  849,  702,  163,  474,  548,  828,  793,  284,  522,  333,  247,  348,  476,   72,   66,  351,  438,  818,  699,  715,  330,  758,  257,  786,  535,  689,  698,  356,  648,  351,  399,  413,  734,  463,  528,  483,  228,  799,  694,  357,  549,  435,  682,  265,  957,  839,  589,  315,  161,  566,  488,  332,  776,  807,  132,  609,  385,  607,  761,  351,  103,  558,  350,  544,  741,  190,  816,  816,  105,  881,  683,  624,  691,  251,  858,  355,  548,  798,  372,  725,  363, 1022,  635,  378,  205],
        [    0,    0,    0,    0,    0,    0,    0,    0,    0,    0,    0,    0,    0,    0,    0,    0,    0,    0,    0,    0,    0,    0,    0,    0,    0,    0,    0,    0,    0,    0,    0,    0,    0,    0,    0,    0,    0,    0,    0,    0,    0,    0,    0,    0,    0,    0,    0,    0,    0,    0,    0,    0,    0,    0,    0,    0,    0,    0,    0,    0,    0,    0,    0,    0,    0,    0,    0,    0,    0,    0,    0,    0,    0,    0,    0,    0,    0,    0,    0,    0,    0,    0,    0,    0,    0,    0,    0,    0,    0,    0,    0,    0,    0,    0,    0,    0,    0,    0,    0,    0,    0,    0,    0,    0,    0,    0,    0,    0,    0,    0,    0,    0,    0,    0,    0,    0,    0,    0,    0,    0,    0,    0,    0,    0,    0,    0,    0,    0,    0,    0,    0,    0,    0,    0,    0,    0,    0,    0,    0,    0],
        [  872,    0,    0,  481,  594,  487,  669, 1121,  994,  615,  697,  876, 1054,  467,  873,  691,  890,  961,  727,  790,  856,  950,  616,  729,  594,  375,  798,  939,  728,  768,  584,  367,  767,  217,  438,  572,  207,  749,  873,  815,  370,  727,  663,  669,  960,  631,  754,  984,  165,  558,  575, 1183,  542,  387,  509,   31,  928,  812,  774,  865,  207,  409, 1044,  382,  889, 1057, 1073,  791,  879,  833,  907,  545,  140,  802,  717,  575,  154,  656,  437,  904,  206,  287,  536,  272,  613,  548,  988,  598,  855, 1105, 1170,  788,  847,  864,  621,  437,  482,  818,  774,  676,  279,  514,  907,  761,  463,  418,  812,  275,  788,  993,  862,  490,  335,  127,  955,  772,  909,  943,  345,  401,  731,   60,  587,  802,   95,  729,  431,  306,  780,  455,  979,  337,  359,  596,  216,  663,  758,  939,  495,  735],
        [  399,    0,  481,    0,  306,  160,  188,  687,  518,  299,  235,  437,  575,  495,  420,  537,  486,  515,  705,  331,  432,  485,  286,  444,  531,  156,  334,  486,  651,  409,  259,  122,  696,  265,   76,  182,  505,  664,  423,  344,  505,  703,  659,  603,  507,  442,  374,  602,  438,  258,  287,  754,  204,  370,  532,  460,  633,  334,  402,  510,  434,  440,  570,  130,  519,  578,  606,  417,  418,  369,  541,  170,  420,  553,  513,  104,  360,  179,  442,  533,  320,  311,  154,  252,  272,  131,  551,  464,  462,  680,  717,  382,  641,  588,  188,  202,  197,  552,  386,  671,  454,  295,  526,  280,  239,  102,  455,  390,  615,  513,  539,   29,  220,  365,  577,  302,  546,  568,  146,  388,  251,  427,  525,  346,  505,  499,  282,  307,  316,  513,  527,  150,  431,  272,  328,  337,  752,  604,   52,  258],
        [  411,    0,  594,  306,    0,  154,  339,  872,  521,   33,  263,  644,  659,  778,  354,  842,  311,  701, 1006,  309,  658,  636,  583,  739,  831,  429,  326,  666,  955,  179,  559,  305, 1000,  422,  257,  475,  500,  968,  350,  360,  763, 1004,  956,  906,  683,  747,  642,  392,  467,   49,  590,  941,  507,  649,  819,  564,  914,  466,  671,  776,  646,  717,  680,  400,  298,  655,  737,  683,  376,  348,  314,  469,  602,  849,  817,  358,  541,  377,  725,  787,  388,  558,  155,  481,   63,  424,  746,  768,  710,  876,  868,  226,  942,  877,  456,  500,  131,  845,  198,  969,  690,  599,  318,  409,  540,  391,  219,  632,  918,  541,  816,  278,  482,  522,  363,  324,  805,  351,  383,  668,  401,  535,  825,  308,  565,  800,  576,  563,  505,  792,  702,  379,  696,   45,  541,   73, 1052,  873,  255,  422],
        [  411,    0,  487,  160,  154,    0,  260,  801,  532,  157,  234,  557,  635,  625,  391,  694,  406,  626,  853,  317,  562,  577,  445,  603,  678,  276,  328,  594,  804,  297,  419,  155,  849,  290,  104,  340,  442,  818,  391,  353,  614,  851,  803,  754,  613,  600,  523,  509,  391,  105,  447,  869,  364,  496,  666,  460,  788,  409,  552,  659,  506,  565,  643,  247,  417,  634,  691,  566,  402,  360,  437,  329,  470,  712,  673,  236,  408,  281,  572,  677,  288,  409,   55,  334,  140,  288,  667,  618,  603,  799,  814,  303,  801,  746,  334,  348,   39,  711,  292,  816,  545,  449,  431,  349,  388,  238,  343,  485,  774,  541,  693,  135,  330,  396,  481,  310,  693,  470,  232,  515,  330,  428,  673,  325,  479,  659,  423,  412,  423,  639,  633,  228,  545,  131,  399,  203,  899,  755,  114,  346],
        [  220,    0,  669,  188,  339,  260,    0,  543,  334,  316,  108,  306,  391,  620,  268,  587,  378,  369,  785,  180,  320,  318,  306,  443,  620,  325,  175,  336,  717,  353,  297,  306,  759,  452,  242,  213,  679,  725,  273,  172,  656,  783,  750,  680,  354,  496,  318,  498,  617,  308,  337,  612,  266,  510,  649,  647,  593,  153,  346,  446,  610,  577,  391,  305,  433,  392,  434,  356,  256,  208,  456,  227,  603,  551,  544,  110,  545,   50,  571,  453,  501,  479,  212,  431,  281,  183,  412,  539,  375,  543,  555,  289,  651,  565,  160,  331,  295,  541,  311,  761,  619,  382,  430,   95,  351,  270,  391,  556,  643,  327,  494,  182,  388,  552,  479,  138,  472,  473,  330,  524,   71,  614,  616,  199,  689,  518,  407,  471,  168,  644,  375,  336,  580,  295,  508,  331,  832,  543,  183,   87],
        [  513,    0, 1121,  687,  872,  801,  543,    0,  480,  845,  610,  252,  304,  845,  614,  640,  765,  175,  839,  594,  266,  240,  517,  473,  754,  749,  576,  208,  754,  824,  545,  805,  772,  920,  760,  551, 1188,  746,  622,  539,  940,  836,  846,  759,  190,  609,  377,  855, 1118,  846,  566,   69,  581,  808,  845, 1108,  398,  407,  364,  315,  985,  844,  250,  747,  843,  317,  185,  348,  581,  573,  861,  578, 1013,  494,  573,  584,  972,  521,  822,  267, 1000,  855,  755,  851,  810,  582,  137,  674,  280,   38,  102,  736,  563,  441,  509,  688,  837,  466,  771,  849,  957,  638,  824,  463,  670,  712,  843,  909,  612,  438,  365,  696,  788,  995,  853,  561,  280,  855,  790,  808,  475, 1078,  756,  605, 1169,  537,  717,  838,  379,  876,  170,  799,  878,  828,  915,  845,  875,  319,  707,  457],
        [  123,    0,  994,  518,  521,  532,  334,  480,    0,  489,  301,  380,  183,  931,  175,  841,  305,  366, 1054,  219,  424,  274,  579,  666,  905,  659,  205,  337,  976,  403,  584,  628, 1011,  779,  557,  519,  974,  978,  181,  181,  981, 1051, 1031,  951,  339,  763,  512,  380,  921,  519,  624,  538,  573,  833,  955,  970,  736,  234,  530,  586,  944,  896,  231,  639,  383,  172,  298,  528,  147,  176,  397,  540,  936,  754,  783,  442,  877,  364,  887,  564,  811,  812,  478,  765,  463,  505,  408,  818,  500,  502,  428,  316,  853,  739,  454,  656,  556,  734,  353, 1040,  951,  685,  359,  258,  669,  604,  406,  889,  869,   43,  650,  506,  721,  882,  381,  225,  587,  384,  662,  845,  290,  937,  903,  215, 1003,  749,  728,  803,  318,  958,  347,  667,  905,  485,  842,  466, 1099,  662,  499,  299],
        [  379,    0,  615,  299,   33,  157,  316,  845,  489,    0,  235,  620,  628,  781,  322,  834,  283,  674, 1003,  277,  635,  608,  570,  726,  828,  431,  294,  639,  950,  154,  549,  311,  995,  436,  258,  463,  527,  962,  318,  329,  770, 1001,  955,  902,  656,  739,  623,  369,  493,   58,  581,  913,  497,  652,  821,  586,  897,  438,  652,  757,  658,  721,  650,  402,  275,  624,  707,  664,  344,  316,  293,  459,  617,  836,  807,  343,  555,  356,  727,  766,  409,  565,  146,  489,   36,  412,  719,  763,  689,  849,  839,  195,  930,  862,  440,  497,  141,  831,  169,  967,  700,  594,  294,  383,  536,  389,  197,  640,  909,  509,  799,  271,  486,  538,  341,  294,  785,  328,  388,  671,  375,  556,  823,  276,  589,  789,  575,  569,  481,  795,  675,  385,  701,   28,  552,   50, 1049,  854,  248,  397],
        [  179,    0,  697,  235,  263,  234,  108,  610,  301,  235,    0,  391,  407,  709,  186,  693,  273,  440,  887,   96,  412,  373,  412,  551,  719,  389,  102,  405,  821,  247,  401,  332,  863,  484,  261,  315,  675,  830,  189,  121,  734,  885,  850,  782,  421,  600,  424,  394,  620,  244,  440,  678,  364,  593,  741,  673,  697,  203,  451,  548,  668,  661,  421,  364,  326,  404,  476,  460,  185,  137,  349,  324,  651,  659,  651,  197,  590,  158,  659,  551,  511,  545,  179,  486,  201,  277,  486,  640,  473,  615,  606,  182,  759,  672,  266,  414,  260,  649,  203,  861,  687,  479,  324,  149,  440,  333,  284,  624,  751,  308,  598,  217,  453,  590,  373,   77,  571,  367,  378,  608,  148,  640,  715,  111,  703,  626,  494,  540,  254,  731,  440,  381,  658,  220,  562,  239,  935,  644,  206,  171],
        [  352,    0,  876,  437,  644,  557,  306,  252,  380,  620,  391,    0,  277,  648,  453,  493,  602,   87,  707,  403,   47,  126,  291,  311,  583,  502,  387,   76,  625,  628,  314,  554,  655,  671,  510,  304,  937,  623,  461,  355,  729,  705,  697,  611,   93,  433,  166,  710,  867,  613,  343,  318,  340,  587,  658,  861,  357,  201,  171,  206,  752,  634,  233,  498,  675,  290,  226,  163,  423,  397,  695,  332,  773,  383,  429,  335,  728,  277,  615,  186,  749,  618,  515,  606,  584,  332,  115,  496,  121,  244,  296,  546,  478,  361,  258,  448,  595,  360,  578,  703,  732,  416,  661,  244,  436,  463,  656,  679,  503,  343,  271,  447,  545,  750,  700,  362,  209,  699,  540,  591,  245,  830,  583,  419,  920,  392,  489,  602,  139,  678,  110,  549,  660,  600,  674,  628,  750,  285,  459,  223],
        [  253,    0, 1054,  575,  659,  635,  391,  304,  183,  628,  407,  277,    0,  906,  342,  769,  484,  228,  984,  353,  323,  152,  542,  587,  854,  691,  335,  210,  901,  568,  557,  695,  931,  838,  632,  515, 1068,  900,  349,  300,  975,  981,  971,  886,  203,  705,  438,  562, 1006,  647,  593,  358,  564,  828,  921, 1034,  612,  242,  447,  473,  968,  883,   57,  677,  563,   15,  119,  440,  310,  319,  578,  541,  974,  657,  706,  480,  921,  398,  868,  440,  891,  833,  581,  801,  598,  520,  260,  766,  393,  330,  246,  478,  750,  628,  452,  664,  665,  633,  516,  978,  962,  663,  540,  296,  666,  640,  577,  903,  778,  143,  538,  572,  747,  933,  563,  337,  462,  566,  710,  836,  324, 1001,  854,  357, 1079,  669,  723,  820,  289,  935,  201,  718,  902,  618,  876,  615, 1027,  532,  572,  319],
        [  833,    0,  467,  495,  778,  625,  620,  845,  931,  781,  709,  648,  906,    0,  887,  254,  976,  729,  265,  797,  609,  763,  364,  375,  134,  350,  794,  723,  262,  903,  352,  477,  300,  417,  523,  414,  651,  283,  892,  790,  116,  265,  203,  203,  740,  240,  484, 1094,  583,  730,  313,  890,  360,  131,   46,  477,  535,  700,  488,  535,  261,   67,  873,  379, 1013,  915,  873,  501,  876,  827, 1035,  395,  329,  399,  304,  514,  345,  578,   54,  583,  520,  240,  640,  317,  758,  437,  734,  179,  569,  817,  923,  874,  410,  467,  478,  297,  650,  423,  880,  216,  191,  247, 1019,  676,  270,  395,  949,  201,  344,  911,  503,  522,  298,  386, 1070,  758,  577, 1061,  397,  110,  645,  466,  128,  815,  558,  331,  216,  228,  625,   32,  755,  403,  112,  753,  296,  824,  303,  574,  543,  634],
        [  104,    0,  873,  420,  354,  391,  268,  614,  175,  322,  186,  453,  342,  887,    0,  845,  152,  470, 1049,   91,  488,  382,  566,  686,  886,  573,   93,  435,  978,  229,  561,  512, 1017,  664,  440,  480,  828,  984,    9,  108,  917, 1046, 1016,  943,  445,  757,  541,  258,  781,  359,  602,  679,  533,  774,  917,  847,  799,  258,  565,  645,  853,  842,  379,  549,  230,  333,  445,  569,   34,   64,  248,  495,  834,  787,  796,  374,  773,  314,  838,  635,  678,  730,  339,  671,  300,  450,  517,  803,  561,  631,  580,  142,  889,  787,  423,  595,  408,  772,  179, 1027,  872,  650,  212,  240,  618,  518,  236,  809,  891,  204,  704,  401,  638,  770,  248,  131,  657,  247,  563,  789,  262,  814,  883,   75,  870,  766,  673,  725,  342,  910,  459,  565,  841,  322,  746,  295, 1096,  734,  388,  282],
        [  767,    0,  691,  537,  842,  694,  587,  640,  841,  834,  693,  493,  769,  254,  845,    0,  964,  559,  215,  763,  448,  618,  282,  183,  127,  443,  754,  565,  136,  925,  294,  576,  173,  580,  594,  381,  850,  139,  851,  738,  370,  213,  208,  120,  578,   95,  333, 1084,  777,  795,  256,  675,  339,  305,  234,  694,  287,  611,  323,  327,  493,  292,  725,  467, 1018,  781,  708,  330,  825,  781, 1040,  379,  552,  155,   68,  505,  548,  538,  263,  374,  689,  417,  689,  472,  804,  427,  552,   95,  386,  608,  730,  873,  159,  221,  427,  355,  728,  182,  889,  213,  432,  246, 1016,  608,  312,  462,  967,  417,   98,  811,  277,  565,  423,  587, 1065,  718,  361, 1059,  504,  290,  583,  676,  132,  782,  774,  105,  299,  398,  524,  282,  588,  513,  342,  807,  488,  869,  260,  339,  588,  565],
        [  256,    0,  890,  486,  311,  406,  378,  765,  305,  283,  273,  602,  484,  976,  152,  964,    0,  622, 1160,  208,  635,  534,  683,  815,  992,  641,  220,  586, 1094,  138,  673,  551, 1135,  695,  483,  587,  810, 1102,  144,  248,  991, 1158, 1123, 1055,  596,  873,  677,  121,  775,  337,  713,  828,  637,  855, 1010,  861,  942,  403,  703,  789,  905,  925,  526,  613,   80,  474,  592,  708,  185,  205,   97,  597,  874,  921,  920,  469,  812,  427,  925,  781,  686,  793,  365,  725,  278,  549,  668,  913,  706,  782,  726,  106, 1021,  926,  537,  680,  408,  907,  117, 1134,  935,  751,   60,  375,  710,  588,  116,  872, 1018,  342,  845,  462,  704,  802,  103,  253,  803,   99,  616,  872,  392,  830,  988,  189,  871,  893,  761,  791,  484,  996,  610,  616,  917,  297,  796,  240, 1208,  879,  443,  414],
        [  367,    0,  961,  515,  701,  626,  369,  175,  366,  674,  440,   87,  228,  729,  470,  559,  622,    0,  772,  435,  120,   93,  376,  378,  657,  587,  418,   37,  688,  665,  400,  634,  714,  755,  586,  390, 1018,  684,  478,  383,  812,  769,  766,  679,   28,  507,  245,  723,  949,  674,  428,  244,  427,  672,  737,  946,  385,  239,  244,  248,  839,  717,  175,  582,  698,  242,  150,  233,  438,  421,  717,  418,  859,  436,  494,  412,  814,  347,  698,  213,  831,  705,  581,  692,  640,  416,   48,  571,  174,  175,  210,  579,  525,  402,  342,  534,  663,  411,  613,  771,  817,  501,  681,  292,  522,  547,  689,  765,  558,  325,  312,  523,  631,  835,  716,  399,  235,  716,  624,  676,  302,  915,  658,  449, 1004,  456,  575,  689,  204,  759,   29,  633,  745,  656,  760,  678,  813,  305,  533,  283],
        [  976,    0,  727,  705, 1006,  853,  785,  839, 1054, 1003,  887,  707,  984,  265, 1049,  215, 1160,  772,    0,  964,  662,  833,  484,  397,  175,  582,  957,  778,   85, 1108,  489,  716,   77,  677,  750,  573,  915,   95, 1055,  943,  359,    4,   64,  106,  791,  293,  548, 1280,  847,  957,  448,  867,  524,  382,  221,  739,  456,  822,  538,  532,  521,  330,  939,  610, 1208,  996,  920,  545, 1031,  985, 1231,  565,  591,  345,  279,  694,  609,  737,  309,  577,  782,  500,  858,  572,  976,  613,  761,  247,  598,  805,  933, 1065,  288,  401,  627,  506,  883,  373, 1077,   52,  448,  414, 1209,  816,  467,  615, 1153,  465,  229, 1025,  476,  733,  541,  650, 1260,  920,  561, 1252,  637,  362,  789,  730,  181,  983,  819,  316,  431,  485,  736,  273,  800,  645,  376,  975,  559, 1042,   48,  525,  756,  772],
        [  102,    0,  790,  331,  309,  317,  180,  594,  219,  277,   96,  403,  353,  797,   91,  763,  208,  435,  964,    0,  433,  355,  482,  609,  799,  483,   19,  399,  894,  231,  475,  427,  935,  579,  355,  393,  758,  901,   95,   56,  826,  961,  930,  858,  412,  673,  470,  326,  707,  303,  516,  661,  445,  683,  827,  765,  736,  203,  496,  583,  764,  751,  378,  459,  275,  348,  440,  501,   90,   44,  296,  406,  746,  714,  716,  283,  685,  227,  747,  578,  600,  639,  263,  582,  249,  361,  482,  717,  502,  605,  574,  145,  815,  719,  337,  504,  338,  700,  179,  940,  782,  561,  265,  169,  528,  428,  255,  718,  813,  234,  639,  312,  548,  685,  310,   46,  600,  306,  474,  699,  185,  732,  795,   20,  793,  688,  583,  634,  278,  820,  429,  477,  750,  270,  658,  263, 1011,  675,  301,  207],
        [  389,    0,  856,  432,  658,  562,  320,  266,  424,  635,  412,   47,  323,  609,  488,  448,  635,  120,  662,  433,    0,  172,  258,  266,  540,  483,  417,  118,  579,  653,  284,  546,  609,  655,  507,  285,  926,  577,  496,  387,  693,  659,  652,  566,  133,  390,  126,  746,  855,  625,  309,  329,  316,  554,  618,  842,  315,  232,  127,  163,  724,  598,  278,  482,  706,  336,  266,  118,  459,  430,  727,  312,  748,  337,  383,  333,  706,  284,  578,  147,  738,  592,  523,  585,  600,  319,  134,  454,   77,  252,  324,  574,  433,  316,  247,  423,  600,  314,  604,  658,  700,  383,  694,  268,  408,  448,  684,  649,  457,  387,  226,  445,  523,  730,  735,  390,  170,  732,  525,  557,  265,  812,  540,  449,  904,  346,  458,  575,  159,  639,  147,  535,  626,  614,  650,  647,  705,  246,  459,  242],
        [  279,    0,  950,  485,  636,  577,  318,  240,  274,  608,  373,  126,  152,  763,  382,  618,  534,   93,  833,  355,  172,    0,  401,  436,  705,  579,  337,   64,  750,  585,  419,  606,  780,  738,  551,  389,  988,  748,  390,  301,  838,  830,  821,  735,   66,  555,  288,  632,  922,  613,  453,  307,  434,  693,  776,  933,  469,  172,  296,  325,  846,  744,  110,  569,  611,  164,  123,  289,  350,  336,  630,  417,  859,  507,  554,  383,  810,  308,  728,  296,  805,  710,  528,  687,  574,  404,  137,  618,  243,  251,  237,  498,  601,  481,  332,  539,  612,  483,  533,  828,  832,  524,  593,  230,  534,  533,  606,  776,  627,  234,  390,  488,  630,  826,  627,  322,  319,  627,  607,  699,  248,  901,  705,  367,  985,  517,  590,  696,  171,  793,   77,  616,  767,  592,  759,  607,  876,  392,  494,  233],
        [  493,    0,  616,  286,  583,  445,  306,  517,  579,  570,  412,  291,  542,  364,  566,  282,  683,  376,  484,  482,  258,  401,    0,  159,  327,  260,  474,  365,  413,  648,   33,  364,  453,  434,  356,  108,  717,  419,  572,  460,  439,  481,  455,  379,  383,  192,  141,  803,  642,  538,   53,  573,   89,  297,  381,  607,  353,  345,  159,  253,  469,  345,  510,  270,  737,  551,  514,  176,  548,  502,  760,  117,  499,  268,  241,  231,  463,  256,  328,  289,  532,  340,  428,  346,  538,  159,  391,  241,  241,  496,  581,  593,  360,  303,  146,  180,  482,  267,  611,  464,  443,  126,  735,  333,  155,  246,  690,  393,  342,  554,  265,  311,  283,  491,  784,  438,  296,  778,  315,  301,  306,  579,  325,  501,  675,  219,  201,  322,  265,  394,  400,  326,  370,  544,  404,  600,  531,  338,  333,  289],
        [  601,    0,  729,  444,  739,  603,  443,  473,  666,  726,  551,  311,  587,  375,  686,  183,  815,  378,  397,  609,  266,  436,  159,    0,  283,  402,  599,  383,  315,  794,  187,  518,  347,  569,  514,  265,  852,  315,  693,  579,  477,  394,  388,  301,  396,  137,  154,  934,  778,  695,  170,  516,  244,  362,  373,  724,  204,  441,  141,  161,  555,  383,  543,  417,  875,  599,  528,  148,  663,  623,  898,  275,  599,  111,  119,  383,  575,  394,  358,  209,  673,  443,  585,  471,  693,  317,  374,  201,  206,  444,  557,  732,  208,  148,  290,  313,  641,  109,  753,  394,  510,  216,  870,  447,  276,  398,  834,  475,  206,  634,  136,  469,  409,  609,  918,  564,  203,  912,  461,  356,  426,  699,  284,  628,  798,   84,  298,  423,  352,  406,  407,  472,  424,  699,  513,  754,  441,  213,  491,  405],
        [  819,    0,  594,  531,  831,  678,  620,  754,  905,  828,  719,  583,  854,  134,  886,  127,  992,  657,  175,  799,  540,  705,  327,  283,    0,  408,  793,  657,  140,  935,  326,  543,  183,  514,  575,  407,  768,  159,  892,  783,  250,  174,  131,   81,  673,  151,  418, 1112,  697,  782,  285,  793,  355,  221,  108,  601,  414,  671,  414,  439,  389,  185,  815,  435, 1038,  865,  805,  425,  870,  823, 1060,  395,  455,  280,  187,  524,  461,  573,  158,  487,  622,  340,  683,  407,  801,  443,  656,   88,  488,  723,  840,  894,  278,  348,  464,  331,  708,  306,  906,  143,  322,  242, 1039,  658,  293,  441,  980,  321,  211,  879,  397,  559,  371,  502, 1090,  756,  477, 1082,  464,  202,  630,  587,    8,  818,  682,  220,  257,  323,  589,  159,  685,  472,  236,  800,  405,  868,  222,  463,  582,  615],
        [  544,    0,  375,  156,  429,  276,  325,  749,  659,  431,  389,  502,  691,  350,  573,  443,  641,  587,  582,  483,  483,  579,  260,  402,  408,    0,  485,  565,  540,  556,  228,  135,  585,  175,  173,  199,  457,  555,  577,  491,  351,  581,  530,  486,  586,  355,  389,  755,  383,  380,  233,  811,  176,  222,  391,  360,  605,  452,  413,  513,  286,  291,  676,   30,  670,  696,  701,  430,  570,  520,  692,  172,  284,  500,  438,  218,  232,  299,  297,  547,  272,  157,  292,  110,  409,  175,  614,  358,  489,  734,  796,  536,  574,  549,  248,   92,  302,  507,  538,  543,  299,  202,  678,  407,  135,   56,  603,  236,  533,  649,  523,  179,   65,  249,  730,  451,  555,  720,   62,  241,  376,  330,  402,  499,  422,  434,  152,  152,  409,  365,  605,   72,  277,  403,  186,  474,  627,  597,  199,  375],
        [   87,    0,  798,  334,  326,  328,  175,  576,  205,  294,  102,  387,  335,  794,   93,  754,  220,  418,  957,   19,  417,  337,  474,  599,  793,  485,    0,  382,  887,  249,  469,  433,  927,  586,  362,  388,  770,  893,   99,   38,  826,  954,  924,  851,  395,  666,  458,  337,  718,  318,  510,  643,  440,  682,  824,  773,  722,  187,  483,  569,  767,  750,  361,  461,  289,  330,  422,  488,   85,   36,  310,  402,  751,  703,  707,  281,  691,  221,  745,  563,  610,  641,  274,  585,  265,  358,  465,  711,  487,  587,  556,  162,  803,  706,  331,  503,  351,  689,  196,  934,  784,  557,  278,  156,  525,  429,  272,  720,  803,  218,  626,  317,  550,  691,  322,   38,  585,  318,  478,  697,  174,  741,  790,   32,  802,  678,  581,  635,  264,  818,  411,  481,  750,  286,  661,  281, 1004,  661,  307,  195],
        [  331,    0,  939,  486,  666,  594,  336,  208,  337,  639,  405,   76,  210,  723,  435,  565,  586,   37,  778,  399,  118,   64,  365,  383,  657,  565,  382,    0,  695,  629,  387,  606,  724,  731,  557,  370,  990,  692,  443,  347,  803,  776,  770,  683,   21,  507,  241,  688,  922,  639,  417,  277,  409,  660,  733,  923,  406,  203,  244,  264,  822,  708,  162,  559,  662,  223,  151,  235,  403,  385,  682,  397,  840,  448,  500,  383,  794,  316,  690,  233,  804,  687,  547,  671,  604,  392,   84,  571,  183,  211,  233,  543,  540,  419,  318,  516,  630,  424,  577,  776,  804,  490,  646,  257,  507,  523,  653,  750,  569,  296,  329,  493,  612,  813,  681,  362,  256,  681,  599,  665,  268,  892,  657,  413,  979,  463,  561,  672,  173,  753,   42,  608,  734,  621,  741,  642,  821,  329,  502,  249],
        [  901,    0,  728,  651,  955,  804,  717,  754,  976,  950,  821,  625,  901,  262,  978,  136, 1094,  688,   85,  894,  579,  750,  413,  315,  140,  540,  887,  695,    0, 1049,  421,  675,   46,  653,  702,  508,  906,   22,  984,  872,  370,   82,  107,   60,  707,  222,  467, 1214,  836,  907,  382,  783,  462,  360,  223,  737,  374,  746,  456,  447,  522,  320,  856,  566, 1145,  913,  836,  462,  959,  914, 1168,  502,  589,  261,  196,  631,  599,  668,  294,  492,  761,  479,  805,  546,  922,  551,  677,  188,  514,  720,  848, 1001,  209,  317,  558,  458,  836,  288, 1016,  104,  452,  357, 1144,  742,  416,  568, 1092,  457,  146,  946,  391,  680,  507,  640, 1194,  850,  477, 1187,  598,  341,  717,  724,  147,  913,  818,  233,  389,  462,  659,  278,  716,  606,  370,  923,  544,  987,  126,  441,  703,  699],
        [  318,    0,  768,  409,  179,  297,  353,  824,  403,  154,  247,  628,  568,  903,  229,  925,  138,  665, 1108,  231,  653,  585,  648,  794,  935,  556,  249,  629, 1049,    0,  632,  450, 1092,  585,  387,  544,  677, 1059,  223,  285,  904, 1106, 1065, 1004,  643,  831,  671,  216,  645,  211,  669,  891,  587,  777,  940,  739,  944,  430,  698,  795,  802,  847,  601,  528,  122,  560,  665,  707,  260,  254,  141,  547,  765,  903,  889,  420,  703,  402,  850,  796,  563,  701,  266,  628,  158,  498,  712,  863,  718,  835,  800,   90, 1001,  918,  505,  610,  290,  894,   53, 1077,  840,  695,  140,  386,  645,  508,   47,  778,  989,  433,  845,  382,  617,  689,  188,  268,  816,  175,  522,  795,  391,  709,  931,  219,  743,  865,  691,  702,  495,  920,  659,  520,  832,  173,  695,  107, 1155,  890,  360,  415],
        [  493,    0,  584,  259,  559,  419,  297,  545,  584,  549,  401,  314,  557,  352,  561,  294,  673,  400,  489,  475,  284,  419,   33,  187,  326,  228,  469,  387,  421,  632,    0,  333,  463,  401,  328,   88,  684,  430,  567,  457,  419,  487,  456,  383,  406,  201,  171,  793,  610,  514,   42,  603,   58,  275,  372,  575,  384,  351,  190,  286,  442,  327,  527,  238,  725,  566,  535,  207,  544,  498,  748,   91,  469,  294,  259,  213,  432,  248,  312,  322,  499,  311,  405,  314,  517,  137,  417,  243,  271,  525,  606,  580,  383,  333,  139,  148,  456,  295,  596,  466,  418,  107,  724,  333,  126,  215,  674,  366,  361,  561,  297,  285,  251,  459,  773,  431,  329,  767,  283,  280,  304,  547,  323,  494,  643,  241,  175,  293,  274,  380,  423,  294,  349,  521,  373,  580,  536,  370,  307,  289],
        [  506,    0,  367,  122,  305,  155,  306,  805,  628,  311,  332,  554,  695,  477,  512,  576,  551,  634,  716,  427,  546,  606,  364,  518,  543,  135,  433,  606,  675,  450,  333,    0,  720,  153,   73,  275,  384,  690,  513,  449,  459,  715,  663,  621,  627,  485,  475,  659,  317,  257,  349,  871,  276,  347,  519,  344,  716,  455,  501,  607,  354,  414,  691,  110,  569,  697,  728,  517,  516,  468,  590,  254,  325,  621,  566,  225,  263,  301,  424,  635,  199,  255,  188,  179,  295,  230,  669,  492,  568,  796,  837,  446,  701,  665,  299,  222,  175,  625,  440,  676,  391,  331,  581,  400,  265,  120,  497,  330,  663,  627,  627,  125,  180,  259,  632,  405,  646,  621,   81,  367,  372,  311,  536,  440,  384,  559,  287,  259,  437,  489,  648,   75,  392,  285,  246,  358,  761,  698,  129,  379],
        [  940,    0,  767,  696, 1000,  849,  759,  772, 1011,  995,  863,  655,  931,  300, 1017,  173, 1135,  714,   77,  935,  609,  780,  453,  347,  183,  585,  927,  724,   46, 1092,  463,  720,    0,  697,  747,  550,  948,   34, 1024,  911,  406,   74,  123,  103,  735,  263,  501, 1256,  878,  952,  425,  797,  505,  403,  260,  777,  384,  783,  487,  470,  561,  361,  885,  611, 1188,  944,  862,  492,  998,  954, 1210,  545,  629,  282,  229,  674,  641,  709,  336,  514,  805,  522,  849,  590,  966,  594,  701,  232,  541,  738,  868, 1043,  215,  332,  599,  503,  881,  309, 1058,  116,  490,  402, 1186,  781,  461,  613, 1135,  498,  160,  980,  411,  724,  552,  682, 1236,  890,  497, 1229,  643,  384,  756,  765,  190,  954,  858,  264,  434,  506,  695,  315,  743,  652,  410,  967,  587, 1032,  104,  455,  747,  738],
        [  658,    0,  217,  265,  422,  290,  452,  920,  779,  436,  484,  671,  838,  417,  664,  580,  695,  755,  677,  579,  655,  738,  434,  569,  514,  175,  586,  731,  653,  585,  401,  153,  697,    0,  225,  371,  284,  671,  665,  601,  365,  676,  617,  595,  751,  500,  564,  798,  209,  378,  402,  984,  351,  295,  462,  196,  773,  596,  588,  687,  226,  350,  829,  174,  706,  841,  861,  604,  668,  620,  725,  345,  181,  659,  587,  359,  119,  440,  369,  721,  110,  178,  333,  109,  427,  340,  785,  487,  664,  907,  963,  591,  723,  713,  414,  257,  296,  669,  582,  631,  280,  357,  720,  544,  294,  209,  630,  230,  675,  776,  694,  273,  162,  107,  770,  557,  729,  759,  132,  316,  515,  164,  507,  592,  250,  590,  284,  192,  568,  419,  771,  123,  312,  413,  130,  485,  717,  769,  280,  519],
        [  435,    0,  438,   76,  257,  104,  242,  760,  557,  258,  261,  510,  632,  523,  440,  594,  483,  586,  750,  355,  507,  551,  356,  514,  575,  173,  362,  557,  702,  387,  328,   73,  747,  225,    0,  255,  439,  716,  441,  378,  517,  748,  700,  651,  577,  500,  450,  593,  375,  208,  351,  827,  271,  394,  563,  414,  705,  393,  478,  585,  422,  464,  631,  144,  504,  633,  671,  493,  444,  396,  525,  240,  396,  621,  576,  176,  334,  244,  470,  608,  259,  314,  122,  243,  236,  205,  624,  516,  538,  753,  785,  377,  707,  659,  264,  245,  135,  622,  374,  713,  454,  348,  515,  337,  286,  135,  434,  392,  676,  558,  612,   64,  230,  331,  566,  334,  622,  556,  135,  414,  310,  381,  569,  368,  449,  564,  320,  315,  385,  538,  598,  134,  446,  231,  314,  302,  796,  679,   60,  320],
        [  420,    0,  572,  182,  475,  340,  213,  551,  519,  463,  315,  304,  515,  414,  480,  381,  587,  390,  573,  393,  285,  389,  108,  265,  407,  199,  388,  370,  508,  544,   88,  275,  550,  371,  255,    0,  646,  517,  486,  379,  465,  571,  537,  468,  390,  288,  200,  708,  574,  431,  126,  613,   55,  317,  440,  558,  451,  290,  227,  333,  457,  378,  492,  198,  638,  522,  511,  243,  466,  418,  661,   28,  471,  375,  347,  125,  425,  167,  369,  361,  458,  321,  321,  303,  431,   53,  416,  326,  296,  536,  599,  493,  467,  407,   65,  151,  378,  372,  509,  548,  447,  170,  637,  262,  153,  166,  587,  389,  448,  500,  358,  206,  243,  446,  687,  350,  372,  680,  242,  328,  231,  528,  403,  412,  620,  327,  212,  307,  227,  440,  409,  252,  391,  436,  372,  493,  621,  426,  227,  220],
        [  853,    0,  207,  505,  500,  442,  679, 1188,  974,  527,  675,  937, 1068,  651,  828,  850,  810, 1018,  915,  758,  926,  988,  717,  852,  768,  457,  770,  990,  906,  677,  684,  384,  948,  284,  439,  646,    0,  926,  827,  795,  564,  915,  852,  846, 1011,  777,  844,  887,   75,  477,  686, 1253,  632,  550,  695,  185, 1056,  831,  868,  969,  398,  587, 1069,  450,  793, 1068, 1109,  885,  842,  802,  807,  621,  326,  940,  864,  608,  307,  682,  612, 1002,  188,  434,  497,  385,  538,  608, 1051,  756,  942, 1178, 1221,  719,  999,  996,  680,  541,  422,  952,  696,  865,  471,  639,  815,  773,  577,  481,  715,  451,  946,  982,  978,  501,  444,  267,  858,  751, 1011,  845,  405,  567,  748,  186,  761,  766,  117,  869,  563,  452,  820,  643, 1031,  395,  540,  517,  364,  571,  949, 1053,  497,  758],
        [  906,    0,  749,  664,  968,  818,  725,  746,  978,  962,  830,  623,  900,  283,  984,  139, 1102,  684,   95,  901,  577,  748,  419,  315,  159,  555,  893,  692,   22, 1059,  430,  690,   34,  671,  716,  517,  926,    0,  990,  877,  392,   92,  125,   80,  704,  230,  468, 1222,  855,  920,  391,  773,  472,  379,  244,  757,  361,  749,  455,  441,  543,  341,  853,  581, 1154,  912,  832,  460,  964,  920, 1177,  512,  610,  253,  196,  640,  619,  675,  314,  485,  779,  498,  817,  564,  934,  561,  671,  200,  511,  711,  841, 1009,  194,  307,  565,  472,  850,  281, 1025,  121,  473,  369, 1153,  747,  430,  581, 1102,  477,  135,  947,  383,  692,  524,  659, 1202,  856,  469, 1196,  614,  360,  722,  744,  166,  920,  838,  232,  404,  481,  662,  300,  712,  622,  390,  935,  563,  999,  130,  431,  715,  704],
        [  112,    0,  873,  423,  350,  391,  273,  622,  181,  318,  189,  461,  349,  892,    9,  851,  144,  478, 1055,   95,  496,  390,  572,  693,  892,  577,   99,  443,  984,  223,  567,  513, 1024,  665,  441,  486,  827,  990,    0,  115,  921, 1052, 1022,  949,  453,  763,  549,  250,  781,  356,  608,  686,  539,  778,  922,  847,  807,  265,  572,  653,  856,  846,  387,  552,  222,  341,  453,  576,   42,   71,  240,  500,  836,  795,  803,  378,  774,  320,  842,  643,  678,  733,  339,  673,  297,  455,  525,  809,  569,  639,  588,  136,  896,  795,  429,  599,  407,  780,  173, 1032,  875,  655,  203,  247,  622,  521,  229,  812,  898,  211,  712,  403,  641,  771,  240,  136,  665,  239,  565,  793,  269,  815,  888,   78,  870,  773,  678,  728,  350,  915,  467,  567,  845,  319,  749,  291, 1102,  742,  390,  289],
        [   59,    0,  815,  344,  360,  353,  172,  539,  181,  329,  121,  355,  300,  790,  108,  738,  248,  383,  943,   56,  387,  301,  460,  579,  783,  491,   38,  347,  872,  285,  457,  449,  911,  601,  378,  379,  795,  877,  115,    0,  827,  941,  913,  838,  359,  651,  434,  362,  740,  350,  498,  606,  433,  681,  818,  791,  695,  155,  458,  541,  775,  748,  324,  469,  320,  296,  385,  463,   88,   45,  341,  395,  763,  680,  689,  281,  703,  213,  742,  533,  630,  647,  298,  594,  299,  353,  430,  699,  458,  551,  519,  197,  781,  681,  319,  502,  378,  665,  232,  923,  788,  549,  307,  132,  521,  435,  307,  725,  784,  189,  599,  329,  555,  705,  349,   44,  555,  346,  489,  695,  155,  758,  780,   67,  823,  659,  578,  640,  237,  814,  375,  493,  751,  320,  671,  317,  991,  631,  321,  175],
        [  874,    0,  370,  505,  763,  614,  656,  940,  981,  770,  734,  729,  975,  116,  917,  370,  991,  812,  359,  826,  693,  838,  439,  477,  250,  351,  826,  803,  370,  904,  419,  459,  406,  365,  517,  465,  564,  392,  921,  827,    0,  360,  295,  314,  821,  346,  570, 1105,  502,  715,  386,  989,  413,  148,  149,  384,  647,  755,  578,  636,  167,   96,  946,  378, 1019,  983,  952,  593,  910,  860, 1041,  442,  238,  512,  417,  546,  270,  619,  120,  683,  458,  205,  638,  283,  752,  477,  823,  290,  661,  914, 1013,  886,  526,  579,  530,  326,  632,  534,  887,  308,   94,  314, 1028,  723,  313,  403,  951,  135,  460,  964,  609,  530,  288,  309, 1080,  790,  679, 1070,  383,  140,  691,  378,  244,  843,  464,  442,  254,  202,  688,   93,  837,  386,   76,  744,  236,  816,  389,  682,  549,  683],
        [  973,    0,  727,  703, 1004,  851,  783,  836, 1051, 1001,  885,  705,  981,  265, 1046,  213, 1158,  769,    4,  961,  659,  830,  481,  394,  174,  581,  954,  776,   82, 1106,  487,  715,   74,  676,  748,  571,  915,   92, 1052,  941,  360,    0,   65,  104,  788,  291,  545, 1278,  847,  955,  446,  864,  522,  382,  221,  739,  453,  820,  535,  529,  521,  330,  936,  608, 1206,  993,  917,  542, 1028,  983, 1229,  563,  591,  342,  276,  692,  609,  735,  308,  574,  782,  499,  856,  572,  974,  611,  758,  245,  595,  802,  930, 1063,  285,  398,  625,  505,  881,  370, 1076,   53,  449,  412, 1207,  813,  465,  614, 1151,  465,  226, 1022,  473,  732,  540,  650, 1258,  917,  558, 1250,  636,  361,  787,  730,  179,  980,  820,  314,  430,  485,  734,  273,  797,  644,  376,  973,  559, 1040,   50,  522,  755,  770],
        [  948,    0,  663,  659,  956,  803,  750,  846, 1031,  955,  850,  697,  971,  203, 1016,  208, 1123,  766,   64,  930,  652,  821,  455,  388,  131,  530,  924,  770,  107, 1065,  456,  663,  123,  617,  700,  537,  852,  125, 1022,  913,  295,   65,    0,   88,  783,  270,  534, 1243,  785,  908,  415,  878,  486,  324,  158,  675,  475,  798,  526,  533,  457,  269,  929,  558, 1168,  983,  915,  535, 1000,  954, 1191,  526,  528,  354,  275,  655,  547,  703,  249,  580,  722,  440,  811,  514,  929,  574,  759,  214,  593,  813,  937, 1025,  313,  414,  594,  458,  832,  382, 1036,   14,  385,  372, 1170,  787,  421,  566, 1110,  403,  247, 1004,  482,  687,  486,  588, 1221,  887,  567, 1213,  583,  303,  759,  667,  136,  948,  756,  312,  381,  426,  714,  210,  794,  591,  314,  927,  498,  995,  100,  538,  710,  743],
