{
    "name": "random-42-23826",
    "comment": "size=42 seed=23826",
    "nodes": ["+0", "-0", "+1", "-1", "+2", "-2", "+3", "-3", "+4", "-4", "+5", "-5", "+6", "-6", "+7", "-7", "+8", "-8", "+9", "-9", "+10", "-10", "+11", "-11", "+12", "-12", "+13", "-13", "+14", "-14", "+15", "-15", "+16", "-16", "+17", "-17", "+18", "-18", "+19", "-19", "+20", "-20", "+21", "-21", "+22", "-22", "+23", "-23", "+24", "-24", "+25", "-25", "+26", "-26", "+27", "-27", "+28", "-28", "+29", "-29", "+30", "-30", "+31", "-31", "+32", "-32", "+33", "-33", "+34", "-34", "+35", "-35", "+36", "-36", "+37", "-37", "+38", "-38", "+39", "-39", "+40", "-40", "+41", "-41", "+42", "-42"],
    "precedence": {
        "+0": "-0",
        "+1": "-1",
        "+2": "-2",
        "+3": "-3",
        "+4": "-4",
        "+5": "-5",
        "+6": "-6",
        "+7": "-7",
        "+8": "-8",
        "+9": "-9",
        "+10": "-10",
        "+11": "-11",
        "+12": "-12",
        "+13": "-13",
        "+14": "-14",
        "+15": "-15",
        "+16": "-16",
        "+17": "-17",
        "+18": "-18",
        "+19": "-19",
        "+20": "-20",
        "+21": "-21",
        "+22": "-22",
        "+23": "-23",
        "+24": "-24",
        "+25": "-25",
        "+26": "-26",
        "+27": "-27",
        "+28": "-28",
        "+29": "-29",
        "+30": "-30",
        "+31": "-31",
        "+32": "-32",
        "+33": "-33",
        "+34": "-34",
        "+35": "-35",
        "+36": "-36",
        "+37": "-37",
        "+38": "-38",
        "+39": "-39",
        "+40": "-40",
        "+41": "-41",
        "+42": "-42"
    },
    "edges": [
        [    0,    0,  234,  349,  450,  381,  912,  640,  224,  496,  244,  349,  931,  720,   51,  328,  653,  660,  210,  432,  469,  444,  665,  925,  959,  800,  436, 1011,  712,  729,  875,  146,  942,  248,  188,  498,  727,  678,  380,  834,  463,  980,  462,  393,  470,  186,  683,  414,  520,  395,  811,  752,  488,  367,   46, 1050,   65,  943,  233,  903,  583,  287,  614,  461,  940,  832, 1005,  314,  314,  251,  475,  301,  652,  517,  605,  743,  688,  692,  175,  642,  533,  731,  910,  634, 1028,  906],
        [    0,    0,    0,    0,    0,    0,    0,    0,    0,    0,    0,    0,    0,    0,    0,    0,    0,    0,    0,    0,    0,    0,    0,    0,    0,    0,    0,    0,    0,    0,    0,    0,    0,    0,    0,    0,    0,    0,    0,    0,    0,    0,    0,    0,    0,    0,    0,    0,    0,    0,    0,    0,    0,    0,    0,    0,    0,    0,    0,    0,    0,    0,    0,    0,    0,    0,    0,    0,    0,    0,    0,    0,    0,    0,    0,    0,    0,    0,    0,    0,    0,    0,    0,    0,    0,    0],
        [  234,    0,    0,  290,  565,  256, 1013,  609,  290,  535,  305,  138, 1040,  825,  211,  498,  765,  631,  395,  582,  673,  454,  771,  887,  906,  856,  458, 1095,  867,  747,  755,  100,  911,  442,  391,  726,  682,  621,  147,  825,  639,  854,  642,  335,  504,  284,  772,  491,  691,  378,  789,  903,  355,  193,  217, 1146,  251,  906,   12,  910,  522,  227,  746,  515,  962,  960,  920,  504,   81,  182,  666,  106,  522,  737,  743,  815,  807,  558,  389,  543,  749,  702,  978,  632,  918,  824],
        [  349,    0,  290,    0,  359,   99,  759,  321,  168,  265,  159,  405,  792,  581,  298,  381,  530,  343,  340,  415,  578,  177,  531,  603,  628,  579,  187,  827,  673,  460,  527,  328,  625,  381,  365,  694,  399,  342,  323,  536,  498,  633,  509,   48,  235,  206,  518,  262,  535,   95,  500,  702,  166,  174,  304,  884,  303,  622,  301,  621,  243,   69,  535,  259,  673,  730,  661,  417,  317,  115,  546,  216,  313,  672,  539,  548,  576,  352,  383,  294,  675,  415,  704,  343,  680,  562],
        [  450,    0,  565,  359,    0,  458,  463,  379,  275,  178,  262,  702,  484,  271,  420,  166,  205,  385,  260,   90,  293,  230,  216,  605,  660,  369,  210,  562,  315,  354,  717,  540,  609,  252,  297,  456,  460,  452,  656,  482,  180,  815,  196,  354,  184,  288,  237,  102,  193,  287,  483,  347,  499,  526,  419,  600,  387,  620,  573,  519,  405,  379,  183,  141,  536,  395,  758,  219,  624,  405,  240,  539,  580,  401,  183,  303,  244,  612,  325,  510,  393,  434,  468,  321,  826,  669],
        [  381,    0,  256,   99,  458,    0,  847,  369,  246,  354,  242,  346,  882,  674,  332,  471,  626,  391,  417,  512,  669,  265,  626,  637,  653,  659,  278,  910,  771,  528,  507,  321,  663,  461,  437,  776,  434,  370,  247,  588,  594,  610,  604,  116,  325,  276,  609,  360,  632,  184,  547,  800,  108,   88,  339,  970,  349,  657,  267,  679,  273,  108,  632,  353,  737,  825,  665,  504,  258,  131,  640,  159,  277,  759,  637,  634,  671,  316,  452,  288,  764,  460,  785,  407,  668,  568],
        [  912,    0, 1013,  759,  463,  847,    0,  560,  728,  494,  712, 1146,   47,  193,  882,  601,  259,  546,  714,  492,  595,  583,  248,  562,  628,  227,  572,  121,  299,  383,  849,  999,  541,  694,  748,  752,  579,  625, 1080,  449,  507,  911,  519,  731,  524,  748,  242,  522,  456,  666,  496,  269,  842,  931,  882,  138,  849,  564, 1022,  388,  656,  802,  311,  503,  338,  142,  769,  640, 1062,  839,  541,  968,  838,  671,  327,  218,  229,  852,  774,  746,  649,  529,  147,  486,  875,  725],
        [  640,    0,  609,  321,  379,  369,  560,    0,  420,  203,  400,  714,  603,  436,  591,  510,  421,   23,  544,  468,  671,  204,  409,  286,  320,  339,  218,  591,  608,  184,  344,  647,  305,  565,  581,  830,   90,   78,  614,  220,  558,  438,  574,  275,  209,  461,  364,  305,  562,  248,  180,  621,  317,  455,  596,  660,  583,  305,  620,  312,  107,  388,  472,  246,  373,  591,  389,  564,  625,  435,  618,  524,  278,  778,  487,  347,  463,  294,  608,  187,  771,   94,  459,   79,  448,  295],
        [  224,    0,  290,  168,  275,  246,  728,  420,    0,  276,   21,  428,  754,  538,  178,  234,  476,  438,  173,  298,  428,  220,  483,  703,  739,  590,  213,  816,  580,  508,  682,  273,  719,  216,  197,  530,  508,  463,  390,  611,  367,  787,  374,  200,  249,   43,  490,  208,  413,  180,  588,  615,  333,  285,  181,  863,  164,  721,  298,  681,  372,  140,  456,  245,  721,  670,  794,  260,  352,  145,  406,  275,  477,  515,  454,  540,  517,  516,  217,  446,  520,  509,  707,  411,  827,  695],
        [  496,    0,  535,  265,  178,  354,  494,  203,  276,    0,  256,  662,  529,  322,  453,  311,  280,  212,  360,  267,  469,   90,  277,  455,  503,  322,   79,  564,  449,  233,  539,  542,  465,  373,  398,  627,  289,  275,  588,  346,  358,  637,  374,  238,   31,  311,  256,  106,  368,  172,  333,  471,  362,  437,  455,  620,  433,  472,  544,  408,  231,  313,  306,   45,  445,  476,  589,  365,  575,  354,  417,  477,  414,  576,  316,  284,  326,  442,  427,  337,  570,  270,  444,  157,  651,  497],
        [  244,    0,  305,  159,  262,  242,  712,  400,   21,  256,    0,  441,  737,  522,  198,  232,  461,  419,  182,  289,  428,  201,  467,  683,  720,  571,  193,  799,  569,  488,  666,  291,  699,  223,  208,  536,  489,  445,  399,  591,  362,  772,  370,  187,  229,   61,  472,  191,  406,  163,  568,  604,  325,  288,  201,  846,  184,  701,  312,  661,  355,  139,  443,  226,  701,  656,  776,  262,  364,  151,  403,  283,  465,  517,  442,  521,  502,  504,  230,  431,  522,  489,  688,  391,  810,  677],
        [  349,    0,  138,  405,  702,  346, 1146,  714,  428,  662,  441,    0, 1175,  959,  337,  635,  900,  737,  528,  720,  805,  578,  906,  982,  994,  982,  584, 1225, 1005,  865,  811,  204, 1008,  574,  521,  846,  780,  715,  122,  933,  775,  903,  778,  446,  631,  422,  905,  626,  828,  498,  892, 1041,  426,  264,  342, 1278,  378, 1001,  133, 1022,  619,  349,  884,  645, 1077, 1096,  991,  638,   90,  309,  801,  191,  580,  863,  881,  944,  943,  613,  515,  620,  877,  806, 1105,  746,  975,  899],
        [  931,    0, 1040,  792,  484,  882,   47,  603,  754,  529,  737, 1175,    0,  216,  903,  614,  279,  590,  729,  505,  592,  618,  271,  609,  675,  273,  606,  141,  288,  428,  896, 1023,  587,  706,  762,  744,  624,  669, 1112,  495,  511,  958,  523,  766,  558,  771,  274,  550,  458,  699,  542,  253,  880,  964,  902,  132,  869,  611, 1049,  435,  697,  833,  322,  534,  383,  126,  815,  650, 1092,  868,  541,  998,  881,  662,  335,  259,  243,  896,  787,  789,  640,  574,  193,  528,  922,  771],
        [  720,    0,  825,  581,  271,  674,  193,  436,  538,  322,  522,  959,  216,    0,  690,  414,   69,  427,  524,  305,  437,  410,   56,  532,  598,  185,  396,  296,  205,  292,  762,  808,  521,  506,  558,  605,  480,  510,  899,  401,  335,  841,  350,  558,  349,  556,   73,  334,  293,  490,  433,  201,  682,  754,  690,  330,  657,  540,  833,  383,  516,  619,  137,  322,  364,  158,  728,  456,  877,  653,  379,  784,  705,  528,  156,  116,   58,  726,  585,  617,  509,  434,  226,  357,  823,  663],
        [   51,    0,  211,  298,  420,  332,  882,  591,  178,  453,  198,  337,  903,  690,    0,  312,  624,  611,  197,  411,  470,  396,  635,  876,  910,  761,  390,  978,  695,  685,  824,  138,  894,  241,  185,  516,  678,  628,  352,  788,  451,  929,  452,  342,  426,  143,  650,  375,  507,  345,  763,  734,  438,  323,    8, 1019,   42,  895,  212,  858,  532,  237,  590,  419,  897,  808,  955,  306,  290,  202,  470,  263,  602,  528,  583,  706,  661,  642,  180,  591,  541,  683,  874,  587,  977,  856],
        [  328,    0,  498,  381,  166,  471,  601,  510,  234,  311,  232,  635,  614,  414,  312,    0,  345,  521,  119,  110,  198,  323,  361,  759,  811,  533,  304,  709,  384,  515,  831,  447,  766,   93,  148,  328,  598,  577,  616,  641,  141,  934,  145,  395,  302,  220,  394,  206,  195,  343,  637,  424,  543,  518,  310,  739,  273,  776,  503,  683,  510,  370,  293,  266,  701,  508,  898,   56,  570,  378,  173,  503,  661,  294,  282,  464,  373,  698,  173,  607,  295,  579,  626,  466,  956,  805],
        [  653,    0,  765,  530,  205,  626,  259,  421,  476,  280,  461,  900,  279,   69,  624,  345,    0,  416,  456,  237,  378,  366,   21,  554,  619,  228,  350,  364,  190,  302,  758,  744,  547,  438,  490,  548,  477,  498,  844,  422,  271,  842,  286,  512,  305,  492,   80,  276,  233,  443,  447,  201,  642,  703,  624,  397,  591,  565,  772,  419,  491,  564,   79,  273,  410,  200,  743,  388,  819,  597,  318,  729,  680,  473,  100,  153,   47,  704,  517,  595,  456,  434,  290,  344,  831,  670],
        [  660,    0,  631,  343,  385,  391,  546,   23,  438,  212,  419,  737,  590,  427,  611,  521,  416,    0,  559,  475,  678,  221,  404,  266,  302,  323,  234,  573,  605,  167,  344,  668,  285,  578,  596,  838,   77,   83,  636,  197,  564,  435,  581,  297,  221,  479,  356,  316,  566,  268,  158,  616,  338,  477,  615,  643,  602,  284,  642,  290,  128,  410,  470,  256,  352,  581,  377,  576,  647,  457,  624,  546,  293,  785,  486,  335,  457,  307,  623,  202,  778,   73,  442,   73,  441,  286],
        [  210,    0,  395,  340,  260,  417,  714,  544,  173,  360,  182,  528,  729,  524,  197,  119,  456,  559,    0,  226,  279,  342,  470,  813,  858,  626,  327,  818,  503,  585,  838,  334,  824,   49,   40,  360,  634,  601,  523,  705,  255,  944,  255,  367,  342,  142,  496,  258,  312,  333,  692,  543,  505,  447,  194,  852,  156,  830,  398,  758,  520,  310,  409,  317,  784,  626,  931,  111,  470,  303,  274,  416,  645,  352,  399,  562,  487,  683,   69,  605,  361,  624,  728,  514,  976,  834],
        [  432,    0,  582,  415,   90,  512,  492,  468,  298,  267,  289,  720,  505,  305,  411,  110,  237,  475,  226,    0,  203,  309,  253,  692,  748,  435,  288,  600,  287,  438,  805,  542,  695,  202,  257,  367,  550,  541,  687,  567,   93,  904,  108,  417,  269,  298,  290,  178,  121,  354,  571,  324,  566,  571,  409,  629,  373,  707,  588,  598,  490,  422,  184,  227,  609,  400,  848,  152,  648,  439,  151,  572,  660,  311,  174,  364,  263,  693,  283,  594,  304,  524,  521,  411,  915,  759],
        [  469,    0,  673,  578,  293,  669,  595,  671,  428,  469,  428,  805,  592,  437,  470,  198,  378,  678,  279,  203,    0,  503,  398,  889,  947,  602,  483,  713,  312,  632, 1006,  606,  890,  232,  285,  172,  753,  744,  801,  761,  118, 1106,  101,  591,  470,  410,  450,  375,  145,  535,  769,  352,  740,  713,  465,  724,  428,  903,  676,  782,  688,  567,  302,  429,  783,  470, 1050,  172,  749,  571,   61,  692,  851,  108,  282,  526,  383,  886,  294,  790,  102,  726,  663,  613, 1118,  962],
        [  444,    0,  454,  177,  230,  265,  583,  204,  220,   90,  201,  578,  618,  410,  396,  323,  366,  221,  342,  309,  503,    0,  364,  483,  523,  404,   21,  651,  526,  296,  509,  471,  499,  366,  378,  650,  294,  260,  500,  392,  401,  612,  416,  149,   62,  260,  345,  132,  422,   83,  368,  551,  279,  348,  400,  708,  384,  502,  464,  466,  187,  230,  384,   97,  512,  564,  590,  374,  490,  273,  458,  391,  352,  608,  392,  372,  412,  385,  405,  287,  605,  290,  529,  191,  637,  493],
        [  665,    0,  771,  531,  216,  626,  248,  409,  483,  277,  467,  906,  271,   56,  635,  361,   21,  404,  470,  253,  398,  364,    0,  536,  601,  207,  349,  349,  205,  284,  744,  753,  528,  453,  505,  568,  463,  486,  847,  403,  290,  827,  306,  511,  303,  501,   60,  281,  253,  442,  429,  213,  639,  704,  634,  385,  602,  546,  779,  399,  483,  568,  100,  273,  390,  200,  725,  404,  824,  601,  338,  732,  672,  494,  121,  132,   54,  695,  531,  586,  476,  419,  271,  332,  815,  654],
        [  925,    0,  887,  603,  605,  637,  562,  286,  703,  455,  683,  982,  609,  532,  876,  759,  554,  266,  813,  692,  889,  483,  536,    0,   68,  357,  494,  532,  735,  259,  333,  930,   34,  827,  851, 1058,  205,  268,  873,  133,  771,  365,  789,  556,  472,  743,  477,  559,  758,  533,  123,  732,  562,  719,  880,  607,  866,   20,  898,  176,  366,  671,  627,  498,  240,  653,  207,  815,  894,  717,  830,  796,  449,  995,  647,  416,  581,  438,  880,  376,  983,  194,  419,  299,  316,  182],
        [  959,    0,  906,  628,  660,  653,  628,  320,  739,  503,  720,  994,  675,  598,  910,  811,  619,  302,  858,  748,  947,  523,  601,   68,    0,  424,  535,  594,  801,  321,  293,  955,   89,  875,  896, 1115,  233,  287,  882,  198,  830,  310,  847,  581,  517,  780,  542,  608,  819,  565,  179,  799,  569,  731,  914,  669,  902,   65,  917,  241,  386,  696,  691,  547,  301,  721,  142,  866,  908,  742,  889,  811,  441, 1054,  710,  483,  647,  424,  924,  378, 1043,  235,  485,  347,  254,  138],
        [  800,    0,  856,  579,  369,  659,  227,  339,  590,  322,  571,  982,  273,  185,  761,  533,  228,  323,  626,  435,  602,  404,  207,  357,  424,    0,  399,  255,  388,  158,  624,  860,  342,  621,  665,  773,  353,  401,  901,  232,  489,  691,  506,  545,  352,  619,  152,  386,  458,  486,  274,  380,  637,  745,  762,  322,  735,  363,  865,  199,  440,  633,  306,  346,  183,  297,  560,  584,  894,  675,  541,  795,  616,  699,  327,   76,  240,  629,  693,  525,  683,  302,  126,  269,  661,  506],
        [  436,    0,  458,  187,  210,  278,  572,  218,  213,   79,  193,  584,  606,  396,  390,  304,  350,  234,  327,  288,  483,   21,  349,  494,  535,  399,    0,  643,  508,  298,  528,  470,  508,  349,  363,  630,  308,  277,  509,  398,  380,  631,  395,  163,   49,  252,  333,  111,  401,   94,  376,  533,  297,  359,  394,  699,  376,  512,  468,  470,  207,  235,  365,   79,  513,  549,  605,  355,  497,  277,  437,  399,  372,  588,  373,  363,  396,  406,  391,  307,  585,  302,  522,  198,  655,  509],
        [ 1011,    0, 1095,  827,  562,  910,  121,  591,  816,  564,  799, 1225,  141,  296,  978,  709,  364,  573,  818,  600,  713,  651,  349,  532,  594,  255,  643,    0,  419,  407,  844, 1089,  506,  801,  853,  872,  591,  646, 1150,  438,  622,  894,  635,  795,  594,  840,  328,  609,  573,  733,  490,  388,  892,  996,  978,   76,  947,  530, 1104,  358,  693,  877,  424,  580,  293,  260,  736,  750, 1138,  916,  658, 1041,  865,  791,  441,  281,  340,  875,  880,  774,  769,  541,  132,  523,  847,  707],
        [  712,    0,  867,  673,  315,  771,  299,  608,  580,  449,  569, 1005,  288,  205,  695,  384,  190,  605,  503,  287,  312,  526,  205,  735,  801,  388,  508,  419,    0,  488,  947,  827,  725,  469,  528,  457,  666,  686,  967,  604,  254, 1032,  260,  663,  469,  584,  262,  412,  196,  595,  632,   42,  804,  840,  692,  418,  656,  744,  873,  587,  672,  693,  144,  430,  564,  163,  929,  405,  932,  717,  267,  851,  859,  375,  135,  321,  156,  886,  549,  777,  353,  624,  402,  532, 1020,  859],
        [  729,    0,  747,  460,  354,  528,  383,  184,  508,  233,  488,  865,  428,  292,  685,  515,  302,  167,  585,  438,  632,  296,  284,  259,  321,  158,  298,  407,  488,    0,  475,  766,  258,  592,  624,  802,  198,  243,  775,  130,  514,  550,  532,  420,  259,  543,  227,  328,  500,  370,  146,  491,  493,  616,  687,  477,  666,  272,  757,  175,  288,  521,  371,  272,  216,  435,  441,  570,  775,  566,  573,  674,  460,  737,  390,  183,  334,  471,  653,  368,  725,  148,  275,  123,  532,  372],
        [  875,    0,  755,  527,  717,  507,  849,  344,  682,  539,  666,  811,  896,  762,  824,  831,  758,  344,  838,  805, 1006,  509,  744,  333,  293,  624,  528,  844,  947,  475,    0,  828,  366,  869,  871, 1157,  283,  267,  690,  407,  896,  106,  912,  486,  537,  723,  693,  633,  904,  507,  356,  956,  402,  563,  830,  919,  830,  344,  766,  491,  322,  588,  814,  578,  561,  909,  207,  882,  733,  628,  956,  651,  234, 1113,  830,  658,  797,  199,  894,  236, 1107,  329,  719,  416,  165,  155],
        [  146,    0,  100,  328,  540,  321,  999,  647,  273,  542,  291,  204, 1023,  808,  138,  447,  744,  668,  334,  542,  606,  471,  753,  930,  955,  860,  470, 1089,  827,  766,  828,    0,  951,  378,  322,  643,  726,  669,  246,  857,  587,  930,  588,  375,  512,  252,  762,  481,  642,  403,  825,  865,  427,  277,  142, 1135,  179,  949,   95,  936,  570,  260,  716,  515,  982,  933,  981,  443,  176,  214,  607,  194,  596,  661,  711,  812,  783,  634,  314,  606,  675,  740,  979,  658,  988,  884],
        [  942,    0,  911,  625,  609,  663,  541,  305,  719,  465,  699, 1008,  587,  521,  894,  766,  547,  285,  824,  695,  890,  499,  528,   34,   89,  342,  508,  506,  725,  258,  366,  951,    0,  837,  863, 1059,  229,  294,  901,  129,  772,  395,  790,  578,  484,  759,  469,  569,  757,  552,  133,  720,  590,  745,  898,  580,  882,   25,  921,  153,  391,  692,  621,  508,  213,  637,  231,  821,  920,  739,  831,  821,  480,  995,  642,  405,  572,  470,  891,  406,  982,  212,  397,  312,  342,  214],
        [  248,    0,  442,  381,  252,  461,  694,  565,  216,  373,  223,  574,  706,  506,  241,   93,  438,  578,   49,  202,  232,  366,  453,  827,  875,  621,  349,  801,  469,  592,  869,  378,  837,    0,   60,  315,  654,  625,  571,  714,  217,  974,  215,  406,  359,  188,  484,  269,  275,  366,  706,  509,  547,  493,  237,  831,  199,  844,  445,  762,  549,  355,  385,  329,  785,  598,  953,   67,  518,  350,  230,  464,  682,  304,  373,  554,  465,  720,   82,  638,  313,  641,  716,  529, 1003,  858],
        [  188,    0,  391,  365,  297,  437,  748,  581,  197,  398,  208,  521,  762,  558,  185,  148,  490,  596,   40,  257,  285,  378,  505,  851,  896,  665,  363,  853,  528,  624,  871,  322,  863,   60,    0,  347,  671,  636,  525,  743,  277,  976,  275,  395,  380,  161,  533,  297,  334,  365,  731,  568,  529,  459,  180,  886,  143,  869,  393,  797,  554,  329,  441,  356,  823,  656,  967,  126,  468,  317,  288,  422,  673,  348,  430,  600,  520,  712,   30,  637,  359,  662,  765,  553, 1010,  870],
        [  498,    0,  726,  694,  456,  776,  752,  830,  530,  627,  536,  846,  744,  605,  516,  328,  548,  838,  360,  367,  172,  650,  568, 1058, 1115,  773,  630,  872,  457,  802, 1157,  643, 1059,  315,  347,    0,  914,  900,  866,  931,  289, 1259,  271,  715,  624,  501,  621,  527,  315,  668,  937,  494,  859,  805,  509,  875,  477, 1072,  726,  953,  836,  669,  470,  585,  954,  619, 1213,  280,  805,  662,  232,  767,  987,   82,  450,  697,  549, 1023,  341,  934,  106,  890,  830,  777, 1277, 1123],
        [  727,    0,  682,  399,  460,  434,  579,   90,  508,  289,  489,  780,  624,  480,  678,  598,  477,   77,  634,  550,  753,  294,  463,  205,  233,  353,  308,  591,  666,  198,  283,  726,  229,  654,  671,  914,    0,   69,  673,  174,  638,  367,  655,  352,  297,  549,  411,  393,  639,  333,  122,  675,  365,  517,  682,  664,  671,  224,  693,  272,  162,  467,  536,  332,  340,  629,  301,  652,  691,  513,  698,  592,  283,  861,  552,  379,  515,  286,  698,  195,  853,   51,  461,  142,  367,  210],
        [  678,    0,  621,  342,  452,  370,  625,   78,  463,  275,  445,  715,  669,  510,  628,  577,  498,   83,  601,  541,  744,  260,  486,  268,  287,  401,  277,  646,  686,  243,  267,  669,  294,  625,  636,  900,   69,    0,  607,  240,  632,  363,  648,  294,  276,  505,  439,  374,  638,  285,  190,  698,  297,  451,  633,  718,  624,  287,  632,  338,  100,  410,  549,  316,  405,  663,  332,  630,  626,  456,  691,  528,  221,  851,  565,  417,  539,  229,  663,  130,  844,  110,  515,  154,  379,  234],
        [  380,    0,  147,  323,  656,  247, 1080,  614,  390,  588,  399,  122, 1112,  899,  352,  616,  844,  636,  523,  687,  801,  500,  847,  873,  882,  901,  509, 1150,  967,  775,  690,  246,  901,  571,  525,  866,  673,  607,    0,  833,  754,  782,  760,  357,  557,  396,  839,  569,  802,  417,  790, 1001,  313,  160,  359, 1207,  390,  892,  151,  925,  514,  280,  837,  578,  983, 1043,  873,  630,   71,  251,  788,  117,  461,  872,  838,  871,  888,  492,  526,  505,  883,  703, 1027,  653,  854,  782],
        [  834,    0,  825,  536,  482,  588,  449,  220,  611,  346,  591,  933,  495,  401,  788,  641,  422,  197,  705,  567,  761,  392,  403,  133,  198,  232,  398,  438,  604,  130,  407,  857,  129,  714,  743,  931,  174,  240,  833,    0,  644,  463,  661,  491,  368,  649,  344,  447,  628,  454,   55,  602,  531,  674,  791,  512,  773,  144,  836,   99,  321,  601,  495,  388,  168,  528,  329,  696,  844,  648,  702,  743,  455,  867,  515,  286,  449,  456,  772,  368,  854,  133,  314,  201,  430,  277],
        [  463,    0,  639,  498,  180,  594,  507,  558,  367,  358,  362,  775,  511,  335,  451,  141,  271,  564,  255,   93,  118,  401,  290,  771,  830,  489,  380,  622,  254,  514,  896,  587,  772,  217,  277,  289,  638,  632,  754,  644,    0,  994,   18,  504,  361,  359,  339,  270,   59,  443,  652,  295,  653,  648,  448,  641,  411,  785,  644,  665,  582,  499,  199,  319,  669,  395,  934,  152,  710,  511,   61,  640,  752,  225,  182,  415,  283,  785,  296,  686,  215,  610,  560,  498, 1004,  847],
        [  980,    0,  854,  633,  815,  610,  911,  438,  787,  637,  772,  903,  958,  841,  929,  934,  842,  435,  944,  904, 1106,  612,  827,  365,  310,  691,  631,  894, 1032,  550,  106,  930,  395,  974,  976, 1259,  367,  363,  782,  463,  994,    0, 1011,  592,  637,  829,  774,  734, 1000,  612,  417, 1038,  503,  662,  935,  969,  936,  371,  865,  537,  426,  693,  902,  678,  603,  983,  184,  985,  829,  732, 1054,  750,  334, 1213,  919,  732,  879,  297, 1000,  342, 1207,  409,  775,  506,   89,  188],
        [  462,    0,  642,  509,  196,  604,  519,  574,  374,  374,  370,  778,  523,  350,  452,  145,  286,  581,  255,  108,  101,  416,  306,  789,  847,  506,  395,  635,  260,  532,  912,  588,  790,  215,  275,  271,  655,  648,  760,  661,   18, 1011,    0,  516,  377,  364,  355,  285,   66,  456,  669,  302,  665,  657,  448,  653,  411,  803,  647,  683,  598,  508,  214,  335,  686,  405,  951,  149,  714,  519,   44,  647,  766,  207,  195,  431,  297,  800,  293,  701,  198,  627,  575,  515, 1021,  864],
        [  393,    0,  335,   48,  354,  116,  731,  275,  200,  238,  187,  446,  766,  558,  342,  395,  512,  297,  367,  417,  591,  149,  511,  556,  581,  545,  163,  795,  663,  420,  486,  375,  578,  406,  395,  715,  352,  294,  357,  491,  504,  592,  516,    0,  210,  240,  494,  253,  536,   70,  455,  691,  150,  201,  347,  855,  345,  575,  346,  578,  196,  116,  523,  240,  632,  711,  615,  436,  356,  162,  555,  255,  278,  688,  529,  518,  558,  317,  416,  251,  690,  369,  670,  301,  637,  516],
        [  470,    0,  504,  235,  184,  325,  524,  209,  249,   31,  229,  631,  558,  349,  426,  302,  305,  221,  342,  269,  470,   62,  303,  472,  517,  352,   49,  594,  469,  259,  537,  512,  484,  359,  380,  624,  297,  276,  557,  368,  361,  637,  377,  210,    0,  284,  285,   98,  376,  142,  351,  492,  338,  407,  429,  650,  408,  489,  514,  433,  222,  283,  326,   43,  472,  503,  597,  356,  545,  324,  420,  447,  399,  576,  335,  315,  351,  430,  408,  327,  571,  283,  475,  173,  655,  504],
        [  186,    0,  284,  206,  288,  276,  748,  461,   43,  311,   61,  422,  771,  556,  143,  220,  492,  479,  142,  298,  410,  260,  501,  743,  780,  619,  252,  840,  584,  543,  723,  252,  759,  188,  161,  501,  549,  505,  396,  649,  359,  829,  364,  240,  284,    0,  512,  234,  409,  222,  627,  620,  369,  306,  145,  884,  125,  761,  290,  717,  415,  169,  466,  276,  755,  682,  836,  239,  352,  163,  392,  284,  517,  491,  462,  566,  532,  556,  178,  488,  498,  549,  733,  450,  869,  737],
        [  683,    0,  772,  518,  237,  609,  242,  364,  490,  256,  472,  905,  274,   73,  650,  394,   80,  356,  496,  290,  450,  345,   60,  477,  542,  152,  333,  328,  262,  227,  693,  762,  469,  484,  533,  621,  411,  439,  839,  344,  339,  774,  355,  494,  285,  512,    0,  282,  307,  426,  371,  265,  613,  691,  650,  374,  620,  486,  781,  340,  444,  561,  157,  262,  334,  230,  667,  441,  821,  597,  390,  726,  633,  548,  178,   77,  107,  654,  561,  545,  532,  366,  233,  286,  759,  598],
        [  414,    0,  491,  262,  102,  360,  522,  305,  208,  106,  191,  626,  550,  334,  375,  206,  276,  316,  258,  178,  375,  132,  281,  559,  608,  386,  111,  609,  412,  328,  633,  481,  569,  269,  297,  527,  393,  374,  569,  447,  270,  734,  285,  253,   98,  234,  282,    0,  291,  186,  438,  441,  398,  432,  376,  656,  350,  576,  500,  502,  314,  289,  273,   62,  531,  475,  693,  260,  544,  321,  327,  453,  483,  480,  277,  333,  320,  516,  326,  417,  476,  375,  500,  262,  752,  600],
        [  520,    0,  691,  535,  193,  632,  456,  562,  413,  368,  406,  828,  458,  293,  507,  195,  233,  566,  312,  121,  145,  422,  253,  758,  819,  458,  401,  573,  196,  500,  904,  642,  757,  275,  334,  315,  639,  638,  802,  628,   59, 1000,   66,  536,  376,  409,  307,  291,    0,  472,  641,  237,  685,  690,  504,  589,  467,  771,  696,  642,  597,  541,  157,  333,  640,  340,  929,  210,  760,  557,   87,  687,  773,  242,  137,  383,  239,  805,  354,  702,  227,  606,  519,  497, 1005,  845],
        [  395,    0,  378,   95,  287,  184,  666,  248,  180,  172,  163,  498,  699,  490,  345,  343,  443,  268,  333,  354,  535,   83,  442,  533,  565,  486,   94,  733,  595,  370,  507,  403,  552,  366,  365,  668,  333,  285,  417,  454,  443,  612,  456,   70,  142,  222,  426,  186,  472,    0,  423,  622,  213,  266,  350,  791,  340,  552,  388,  535,  193,  151,  454,  170,  585,  642,  614,  388,  409,  197,  496,  310,  319,  636,  460,  454,  489,  356,  389,  273,  636,  340,  610,  256,  648,  516],
        [  811,    0,  789,  500,  483,  547,  496,  180,  588,  333,  568,  892,  542,  433,  763,  637,  447,  158,  692,  571,  769,  368,  429,  123,  179,  274,  376,  490,  632,  146,  356,  825,  133,  706,  731,  937,  122,  190,  790,   55,  652,  417,  669,  455,  351,  627,  371,  438,  641,  423,    0,  633,  484,  632,  767,  565,  751,  139,  800,  152,  276,  567,  516,  377,  222,  567,  297,  693,  803,  614,  711,  703,  402,  876,  535,  320,  477,  402,  759,  316,  865,   87,  364,  179,  391,  233],
        [  752,    0,  903,  702,  347,  800,  269,  621,  615,  471,  604, 1041,  253,  201,  734,  424,  201,  616,  543,  324,  352,  551,  213,  732,  799,  380,  533,  388,   42,  491,  956,  865,  720,  509,  568,  494,  675,  698, 1001,  602,  295, 1038,  302,  691,  492,  620,  265,  441,  237,  622,  633,    0,  829,  872,  731,  383,  695,  740,  910,  578,  689,  726,  169,  455,  551,  129,  929,  446,  967,  751,  308,  884,  878,  412,  165,  317,  160,  903,  589,  794,  389,  630,  381,  544, 1023,  862],
        [  488,    0,  355,  166,  499,  108,  842,  317,  333,  362,  325,  426,  880,  682,  438,  543,  642,  338,  505,  566,  740,  279,  639,  562,  569,  637,  297,  892,  804,  493,  402,  427,  590,  547,  529,  859,  365,  297,  313,  531,  653,  503,  665,  150,  338,  369,  613,  398,  685,  213,  484,  829,    0,  166,  445,  957,  453,  581,  365,  627,  211,  206,  662,  375,  689,  838,  568,  582,  342,  237,  704,  252,  170,  835,  669,  624,  688,  208,  546,  194,  838,  399,  762,  372,  564,  474],
        [  367,    0,  193,  174,  526,   88,  931,  455,  285,  437,  288,  264,  964,  754,  323,  518,  703,  477,  447,  571,  713,  348,  704,  719,  731,  745,  359,  996,  840,  616,  563,  277,  745,  493,  459,  805,  517,  451,  160,  674,  648,  662,  657,  201,  407,  306,  691,  432,  690,  266,  632,  872,  166,    0,  330, 1055,  349,  738,  204,  766,  356,  150,  705,  432,  824,  903,  733,  544,  177,  144,  690,   88,  329,  796,  707,  719,  749,  366,  469,  358,  803,  545,  871,  494,  726,  639],
        [   46,    0,  217,  304,  419,  339,  882,  596,  181,  455,  201,  342,  902,  690,    8,  310,  624,  615,  194,  409,  465,  400,  634,  880,  914,  762,  394,  978,  692,  687,  830,  142,  898,  237,  180,  509,  682,  633,  359,  791,  448,  935,  448,  347,  429,  145,  650,  376,  504,  350,  767,  731,  445,  330,    0, 1019,   38,  899,  218,  861,  538,  243,  588,  421,  900,  806,  960,  303,  297,  209,  466,  270,  609,  522,  581,  707,  660,  648,  174,  597,  536,  687,  875,  591,  983,  861],
        [ 1050,    0, 1146,  884,  600,  970,  138,  660,  863,  620,  846, 1278,  132,  330, 1019,  739,  397,  643,  852,  629,  724,  708,  385,  607,  669,  322,  699,   76,  418,  477,  919, 1135,  580,  831,  886,  875,  664,  718, 1207,  512,  641,  969,  653,  855,  650,  884,  374,  656,  589,  791,  565,  383,  957, 1055, 1019,    0,  987,  604, 1154,  433,  761,  931,  448,  633,  368,  256,  810,  777, 1193,  969,  672, 1096,  936,  793,  462,  337,  366,  946,  912,  844,  771,  614,  204,  590,  922,  782],
        [   65,    0,  251,  303,  387,  349,  849,  583,  164,  433,  184,  378,  869,  657,   42,  273,  591,  602,  156,  373,  428,  384,  602,  866,  902,  735,  376,  947,  656,  666,  830,  179,  882,  199,  143,  477,  671,  624,  390,  773,  411,  936,  411,  345,  408,  125,  620,  350,  467,  340,  751,  695,  453,  349,   38,  987,    0,  885,  252,  840,  531,  248,  554,  397,  877,  771,  953,  265,  330,  219,  428,  296,  613,  487,  546,  678,  626,  653,  139,  595,  500,  673,  846,  574,  981,  855],
        [  943,    0,  906,  622,  620,  657,  564,  305,  721,  472,  701, 1001,  611,  540,  895,  776,  565,  284,  830,  707,  903,  502,  546,   20,   65,  363,  512,  530,  744,  272,  344,  949,   25,  844,  869, 1072,  224,  287,  892,  144,  785,  371,  803,  575,  489,  761,  486,  576,  771,  552,  139,  740,  581,  738,  899,  604,  885,    0,  917,  176,  385,  690,  638,  515,  237,  659,  207,  831,  913,  737,  844,  815,  466, 1009,  658,  424,  590,  455,  897,  394,  996,  213,  420,  317,  318,  191],
        [  233,    0,   12,  301,  573,  267, 1022,  620,  298,  544,  312,  133, 1049,  833,  212,  503,  772,  642,  398,  588,  676,  464,  779,  898,  917,  865,  468, 1104,  873,  757,  766,   95,  921,  445,  393,  726,  693,  632,  151,  836,  644,  865,  647,  346,  514,  290,  781,  500,  696,  388,  800,  910,  365,  204,  218, 1154,  252,  917,    0,  921,  533,  237,  753,  524,  972,  967,  931,  508,   82,  192,  670,  116,  532,  738,  750,  824,  814,  569,  390,  554,  751,  713,  987,  642,  928,  835],
        [  903,    0,  910,  621,  519,  679,  388,  312,  681,  408,  661, 1022,  435,  383,  858,  683,  419,  290,  758,  598,  782,  466,  399,  176,  241,  199,  470,  358,  587,  175,  491,  936,  153,  762,  797,  953,  272,  338,  925,   99,  665,  537,  683,  578,  433,  717,  340,  502,  642,  535,  152,  578,  627,  766,  861,  433,  840,  176,  921,    0,  416,  685,  496,  446,   71,  488,  382,  737,  933,  731,  721,  832,  553,  883,  517,  269,  437,  553,  826,  467,  869,  230,  244,  279,  492,  350],
        [  583,    0,  522,  243,  405,  273,  656,  107,  372,  231,  355,  619,  697,  516,  532,  510,  491,  128,  520,  490,  688,  187,  483,  366,  386,  440,  207,  693,  672,  288,  322,  570,  391,  549,  554,  836,  162,  100,  514,  321,  582,  426,  598,  196,  222,  415,  444,  314,  597,  193,  276,  689,  211,  356,  538,  761,  531,  385,  533,  416,    0,  311,  530,  264,  479,  673,  423,  561,  530,  357,  640,  431,  190,  794,  543,  439,  536,  214,  579,  107,  790,  190,  562,  171,  457,  324],
        [  287,    0,  227,   69,  379,  108,  802,  388,  140,  313,  139,  349,  833,  619,  237,  370,  564,  410,  310,  422,  567,  230,  568,  671,  696,  633,  235,  877,  693,  521,  588,  260,  692,  355,  329,  669,  467,  410,  280,  601,  499,  693,  508,  116,  283,  169,  561,  289,  541,  151,  567,  726,  206,  150,  243,  931,  248,  690,  237,  685,  311,    0,  560,  300,  735,  764,  727,  400,  262,   47,  541,  166,  367,  654,  561,  597,  609,  406,  344,  357,  660,  482,  757,  406,  743,  629],
        [  614,    0,  746,  535,  183,  632,  311,  472,  456,  306,  443,  884,  322,  137,  590,  293,   79,  470,  409,  184,  302,  384,  100,  627,  691,  306,  365,  424,  144,  371,  814,  716,  621,  385,  441,  470,  536,  549,  837,  495,  199,  902,  214,  523,  326,  466,  157,  273,  157,  454,  516,  169,  662,  705,  588,  448,  554,  638,  753,  496,  530,  560,    0,  288,  489,  218,  811,  329,  806,  587,  243,  721,  717,  395,   22,  231,   85,  744,  466,  636,  378,  496,  362,  398,  896,  735],
        [  461,    0,  515,  259,  141,  353,  503,  246,  245,   45,  226,  645,  534,  322,  419,  266,  273,  256,  317,  227,  429,   97,  273,  498,  547,  346,   79,  580,  430,  272,  578,  515,  508,  329,  356,  585,  332,  316,  578,  388,  319,  678,  335,  240,   43,  276,  262,   62,  333,  170,  377,  455,  375,  432,  421,  633,  397,  515,  524,  446,  264,  300,  288,    0,  480,  472,  633,  321,  560,  337,  378,  465,  441,  535,  296,  301,  319,  472,  384,  369,  530,  314,  465,  201,  693,  540],
        [  940,    0,  962,  673,  536,  737,  338,  373,  721,  445,  701, 1077,  383,  364,  897,  701,  410,  352,  784,  609,  783,  512,  390,  240,  301,  183,  513,  293,  564,  216,  561,  982,  213,  785,  823,  954,  340,  405,  983,  168,  669,  603,  686,  632,  472,  755,  334,  531,  640,  585,  222,  551,  689,  824,  900,  368,  877,  237,  972,   71,  479,  735,  489,  480,    0,  450,  443,  754,  988,  781,  723,  886,  622,  882,  510,  258,  421,  623,  852,  535,  865,  296,  191,  332,  554,  417],
        [  832,    0,  960,  730,  395,  825,  142,  591,  670,  476,  656, 1096,  126,  158,  808,  508,  200,  581,  626,  400,  470,  564,  200,  653,  721,  297,  549,  260,  163,  435,  909,  933,  637,  598,  656,  619,  629,  663, 1043,  528,  395,  983,  405,  711,  503,  682,  230,  475,  340,  642,  567,  129,  838,  903,  806,  256,  771,  659,  967,  488,  673,  764,  218,  472,  450,    0,  857,  539, 1017,  795,  420,  928,  862,  538,  227,  252,  155,  882,  680,  773,  515,  581,  268,  513,  957,  800],
        [ 1005,    0,  920,  661,  758,  665,  769,  389,  794,  589,  776,  991,  815,  728,  955,  898,  743,  377,  931,  848, 1050,  590,  725,  207,  142,  560,  605,  736,  929,  441,  207,  981,  231,  953,  967, 1213,  301,  332,  873,  329,  934,  184,  951,  615,  597,  836,  667,  693,  929,  614,  297,  929,  568,  733,  960,  810,  953,  207,  931,  382,  423,  727,  811,  633,  443,  857,    0,  953,  909,  771,  994,  819,  413, 1157,  829,  614,  774,  386,  993,  378, 1148,  324,  626,  437,  114,   99],
        [  314,    0,  504,  417,  219,  504,  640,  564,  260,  365,  262,  638,  650,  456,  306,   56,  388,  576,  111,  152,  172,  374,  404,  815,  866,  584,  355,  750,  405,  570,  882,  443,  821,   67,  126,  280,  652,  630,  630,  696,  152,  985,  149,  436,  356,  239,  441,  260,  210,  388,  693,  446,  582,  544,  303,  777,  265,  831,  508,  737,  561,  400,  329,  321,  754,  539,  953,    0,  579,  401,  164,  521,  707,  255,  316,  513,  412,  744,  145,  656,  261,  634,  672,  521, 1009,  859],
        [  314,    0,   81,  317,  624,  258, 1062,  625,  352,  575,  364,   90, 1092,  877,  290,  570,  819,  647,  470,  648,  749,  490,  824,  894,  908,  894,  497, 1138,  932,  775,  733,  176,  920,  518,  468,  805,  691,  626,   71,  844,  710,  829,  714,  356,  545,  352,  821,  544,  760,  409,  803,  967,  342,  177,  297, 1193,  330,  913,   82,  933,  530,  262,  806,  560,  988, 1017,  909,  579,    0,  224,  739,  102,  501,  815,  805,  858,  863,  535,  468,  535,  827,  716, 1018,  656,  897,  815],
        [  251,    0,  182,  115,  405,  131,  839,  435,  145,  354,  151,  309,  868,  653,  202,  378,  597,  457,  303,  439,  571,  273,  601,  717,  742,  675,  277,  916,  717,  566,  628,  214,  739,  350,  317,  662,  513,  456,  251,  648,  511,  732,  519,  162,  324,  163,  597,  321,  557,  197,  614,  751,  237,  144,  209,  969,  219,  737,  192,  731,  357,   47,  587,  337,  781,  795,  771,  401,  224,    0,  550,  134,  402,  653,  587,  636,  640,  442,  329,  399,  660,  529,  798,  452,  785,  673],
        [  475,    0,  666,  546,  240,  640,  541,  618,  406,  417,  403,  801,  541,  379,  470,  173,  318,  624,  274,  151,   61,  458,  338,  830,  889,  541,  437,  658,  267,  573,  956,  607,  831,  230,  288,  232,  698,  691,  788,  702,   61, 1054,   44,  555,  420,  392,  390,  327,   87,  496,  711,  308,  704,  690,  466,  672,  428,  844,  670,  721,  640,  541,  243,  378,  723,  420,  994,  164,  739,  550,    0,  676,  808,  165,  223,  466,  325,  842,  302,  743,  155,  670,  604,  558, 1064,  907],
        [  301,    0,  106,  216,  539,  159,  968,  524,  275,  477,  283,  191,  998,  784,  263,  503,  729,  546,  416,  572,  692,  391,  732,  796,  811,  795,  399, 1041,  851,  674,  651,  194,  821,  464,  422,  767,  592,  528,  117,  743,  640,  750,  647,  255,  447,  284,  726,  453,  687,  310,  703,  884,  252,   88,  270, 1096,  296,  815,  116,  832,  431,  166,  721,  465,  886,  928,  819,  521,  102,  134,  676,    0,  417,  767,  721,  761,  773,  453,  427,  442,  777,  616,  919,  555,  814,  723],
