{
    "name": "random-67-22173",
    "comment": "size=67 seed=22173",
    "nodes": ["+0", "-0", "+1", "-1", "+2", "-2", "+3", "-3", "+4", "-4", "+5", "-5", "+6", "-6", "+7", "-7", "+8", "-8", "+9", "-9", "+10", "-10", "+11", "-11", "+12", "-12", "+13", "-13", "+14", "-14", "+15", "-15", "+16", "-16", "+17", "-17", "+18", "-18", "+19", "-19", "+20", "-20", "+21", "-21", "+22", "-22", "+23", "-23", "+24", "-24", "+25", "-25", "+26", "-26", "+27", "-27", "+28", "-28", "+29", "-29", "+30", "-30", "+31", "-31", "+32", "-32", "+33", "-33", "+34", "-34", "+35", "-35", "+36", "-36", "+37", "-37", "+38", "-38", "+39", "-39", "+40", "-40", "+41", "-41", "+42", "-42", "+43", "-43", "+44", "-44", "+45", "-45", "+46", "-46", "+47", "-47", "+48", "-48", "+49", "-49", "+50", "-50", "+51", "-51", "+52", "-52", "+53", "-53", "+54", "-54", "+55", "-55", "+56", "-56", "+57", "-57", "+58", "-58", "+59", "-59", "+60", "-60", "+61", "-61", "+62", "-62", "+63", "-63", "+64", "-64", "+65", "-65", "+66", "-66", "+67", "-67"],
    "precedence": {
        "+0": "-0",
        "+1": "-1",
        "+2": "-2",
        "+3": "-3",
        "+4": "-4",
        "+5": "-5",
        "+6": "-6",
        "+7": "-7",
        "+8": "-8",
        "+9": "-9",
        "+10": "-10",
        "+11": "-11",
        "+12": "-12",
        "+13": "-13",
        "+14": "-14",
        "+15": "-15",
        "+16": "-16",
        "+17": "-17",
        "+18": "-18",
        "+19": "-19",
        "+20": "-20",
        "+21": "-21",
        "+22": "-22",
        "+23": "-23",
        "+24": "-24",
        "+25": "-25",
        "+26": "-26",
        "+27": "-27",
        "+28": "-28",
        "+29": "-29",
        "+30": "-30",
        "+31": "-31",
        "+32": "-32",
        "+33": "-33",
        "+34": "-34",
        "+35": "-35",
        "+36": "-36",
        "+37": "-37",
        "+38": "-38",
        "+39": "-39",
        "+40": "-40",
        "+41": "-41",
        "+42": "-42",
        "+43": "-43",
        "+44": "-44",
        "+45": "-45",
        "+46": "-46",
        "+47": "-47",
        "+48": "-48",
        "+49": "-49",
        "+50": "-50",
        "+51": "-51",
        "+52": "-52",
        "+53": "-53",
        "+54": "-54",
        "+55": "-55",
        "+56": "-56",
        "+57": "-57",
        "+58": "-58",
        "+59": "-59",
        "+60": "-60",
        "+61": "-61",
        "+62": "-62",
        "+63": "-63",
        "+64": "-64",
        "+65": "-65",
        "+66": "-66",
        "+67": "-67"
    },
    "edges": [
        [    0,    0,  284,  365,  202,  386,  298,  697,  302,  596,  186,  179,  269,  338,  469,  212,  142,  216,  590,  390,  296,  548,  304,  466,  193,  204,  437,  484,  424,  560,  507,  521,  276,  539,  265,  218,  416,  553,  310,  588,  438,  234,  746,  141,  127,  437,  338,  303,  411,  391,  375,  420,  245,  419,  442,  381,  466,  466,  409,  406,  370,  672,  604,  446,  333,  440,  287,  500,  436,  524,  311,  326,  489,  372,  389,  213,  226,  575,  377,  370,  616,  425,  401,  612,  510,  403,  517,  381,  388,  346,  610,  176,  403,  371,  109,  203,  438,  578,  329,  597,  183,  270,   69,  437,  490,  174,  446,  386,  352,  521,  343,  142,  429,  650,  250,  754,  237,  336,  567,  378,  588,  719,  125,  413,   84,  345,  130,  203,  219,  454,  466,  389,  328,  459,  243,  484],
        [    0,    0,    0,    0,    0,    0,    0,    0,    0,    0,    0,    0,    0,    0,    0,    0,    0,    0,    0,    0,    0,    0,    0,    0,    0,    0,    0,    0,    0,    0,    0,    0,    0,    0,    0,    0,    0,    0,    0,    0,    0,    0,    0,    0,    0,    0,    0,    0,    0,    0,    0,    0,    0,    0,    0,    0,    0,    0,    0,    0,    0,    0,    0,    0,    0,    0,    0,    0,    0,    0,    0,    0,    0,    0,    0,    0,    0,    0,    0,    0,    0,    0,    0,    0,    0,    0,    0,    0,    0,    0,    0,    0,    0,    0,    0,    0,    0,    0,    0,    0,    0,    0,    0,    0,    0,    0,    0,    0,    0,    0,    0,    0,    0,    0,    0,    0,    0,    0,    0,    0,    0,    0,    0,    0,    0,    0,    0,    0,    0,    0,    0,    0,    0,    0,    0,    0],
        [  284,    0,    0,  647,  427,  513,  173,  971,  503,  863,  176,  397,   17,  278,  473,  167,  199,  493,  423,  216,  286,  781,  539,  746,  152,  477,  502,  693,  634,  432,  615,  419,  133,  807,  496,  441,  587,  513,   42,  404,  722,  340,  923,  343,  408,  483,  238,  527,  653,  587,   92,  590,  346,  443,  233,  103,  707,  723,  391,  509,  139,  948,  687,  730,   51,  552,  380,  677,  517,  409,  252,  544,  442,  427,  669,  147,  194,  812,  416,  220,  898,  338,  673,  856,  745,  558,  467,  184,  229,  627,  882,  416,  398,  410,  391,  481,  707,  861,  574,  880,  363,  310,  290,  499,  773,  400,  454,  633,  210,  792,  496,  419,  529,  881,   76,  905,  443,  617,  841,  632,  856,  877,  406,  153,  267,  518,  290,  173,  329,  589,  426,  505,  536,  438,   43,  720],
        [  365,    0,  647,    0,  275,  439,  647,  341,  300,  257,  510,  358,  631,  604,  630,  563,  492,  158,  919,  703,  601,  431,  323,  102,  528,  228,  633,  451,  418,  872,  633,  824,  634,  307,  329,  272,  487,  731,  675,  925,   82,  431,  704,  384,  239,  652,  672,  250,  331,  323,  738,  384,  436,  580,  797,  746,  240,  188,  614,  573,  712,  311,  733,  117,  697,  583,  452,  526,  618,  834,  635,  265,  763,  602,  147,  546,  567,  441,  619,  677,  279,  735,  205,  446,  402,  402,  713,  707,  733,  118,  338,  322,  599,  539,  257,  206,  124,  241,  192,  252,  350,  556,  385,  548,  129,  346,  690,  308,  659,  279,  387,  229,  591,  514,  602,  756,  373,   31,  295,  163,  343,  716,  257,  777,  390,  354,  389,  526,  425,  563,  668,  549,  286,  647,  605,  263],
        [  202,    0,  427,  275,    0,  216,  489,  557,  103,  444,  262,  333,  411,  330,  371,  406,  340,  137,  786,  437,  497,  615,  406,  359,  285,  268,  622,  585,  533,  760,  673,  722,  461,  546,  380,   16,  557,  470,  464,  780,  356,  156,  857,  317,  145,  627,  536,  104,  483,  190,  515,  225,  162,  318,  625,  530,  281,  298,  343,  581,  460,  539,  774,  388,  477,  609,  181,  628,  617,  724,  511,  126,  689,  564,  373,  299,  424,  636,  572,  409,  554,  626,  412,  658,  579,  214,  446,  445,  579,  325,  597,  309,  329,  273,  150,  246,  293,  516,  148,  526,   77,  469,  263,  304,  400,  322,  642,  454,  392,  521,  164,  121,  604,  714,  366,  884,  382,  247,  552,  208,  590,  846,  203,  575,  166,  153,  138,  275,  151,  612,  399,  561,  127,  380,  387,  295],
        [  386,    0,  513,  439,  216,    0,  628,  625,  141,  507,  340,  542,  499,  291,  208,  555,  502,  340,  921,  423,  669,  824,  621,  492,  364,  483,  821,  800,  748,  910,  883,  880,  592,  738,  596,  206,  771,  306,  555,  908,  512,  177, 1072,  518,  360,  822,  686,  190,  695,  143,  584,  101,  170,  168,  740,  607,  307,  363,  229,  786,  485,  620,  982,  556,  556,  817,  134,  844,  819,  879,  671,  176,  864,  757,  565,  367,  580,  843,  762,  393,  704,  785,  611,  861,  789,   62,  300,  448,  713,  519,  776,  522,  210,  150,  364,  460,  397,  669,  250,  673,  203,  651,  453,  114,  543,  532,  829,  667,  382,  711,   55,  337,  809,  921,  439, 1100,  594,  417,  733,  300,  777, 1061,  417,  664,  316,   86,  267,  341,  191,  823,  267,  767,  155,  239,  481,  306],
        [  298,    0,  173,  647,  489,  628,    0,  986,  582,  890,  297,  325,  175,  437,  626,   86,  158,  509,  298,  388,  127,  681,  456,  748,  276,  439,  342,  580,  526,  283,  460,  258,   42,  741,  415,  505,  460,  677,  148,  291,  712,  452,  784,  279,  417,  318,   67,  593,  567,  671,  205,  689,  460,  590,  150,  186,  762,  763,  546,  360,  308,  958,  523,  707,  178,  403,  500,  547,  359,  254,   84,  615,  271,  269,  631,  282,   82,  713,  254,  390,  866,  170,  620,  762,  648,  663,  632,  356,   91,  597,  822,  355,  550,  551,  400,  452,  733,  831,  625,  853,  445,  166,  263,  638,  764,  333,  284,  552,  380,  731,  599,  437,  377,  775,  231,  756,  354,  620,  785,  675,  789,  731,  391,  170,  328,  613,  370,  302,  438,  446,  588,  361,  612,  596,  175,  780],
        [  697,    0,  971,  341,  557,  625,  986,    0,  523,  119,  817,  695,  954,  871,  833,  901,  830,  482, 1259,  990,  940,  639,  633,  242,  838,  565,  953,  706,  695, 1211,  931, 1161,  970,  464,  650,  546,  783,  928, 1003, 1265,  290,  698,  906,  724,  572,  977, 1012,  478,  597,  483, 1061,  532,  700,  792, 1135, 1072,  318,  268,  846,  890, 1017,   39, 1024,  320, 1021,  892,  699,  795,  935, 1172,  975,  474, 1096,  932,  414,  854,  907,  632,  950,  961,  277, 1075,  461,  606,  625,  567,  924, 1001, 1072,  422,  425,  659,  828,  764,  590,  545,  265,  276,  415,  251,  632,  895,  723,  736,  244,  683, 1019,  583,  945,  442,  590,  556,  904,  680,  918,  980,  702,  367,  409,  353,  463,  941,  597, 1109,  706,  551,  692,  830,  698,  861,  890,  865,  492,  863,  929,  322],
        [  302,    0,  503,  300,  103,  141,  582,  523,    0,  405,  329,  432,  487,  350,  334,  501,  437,  204,  879,  473,  597,  687,  494,  361,  353,  355,  723,  669,  619,  857,  772,  820,  552,  597,  472,   88,  651,  434,  542,  872,  375,  181,  940,  418,  241,  729,  632,   52,  560,   90,  586,  124,  181,  285,  712,  604,  217,  255,  329,  681,  513,  512,  873,  417,  551,  708,  176,  718,  718,  822,  609,   50,  790,  666,  424,  363,  521,  705,  674,  443,  571,  724,  471,  721,  652,  120,  420,  488,  672,  379,  637,  407,  312,  249,  249,  330,  274,  535,  117,  540,  141,  571,  365,  249,  409,  421,  744,  532,  428,  570,   88,  215,  704,  782,  435,  972,  479,  277,  593,  176,  637,  933,  300,  654,  255,   60,  216,  337,  185,  709,  379,  660,   35,  354,  464,  225],
        [  596,    0,  863,  257,  444,  507,  890,  119,  405,    0,  705,  614,  847,  754,  715,  804,  732,  381, 1170,  874,  854,  622,  572,  173,  727,  484,  888,  672,  652, 1126,  879, 1079,  871,  456,  583,  433,  731,  811,  897, 1173,  230,  582,  897,  637,  473,  908,  920,  361,  556,  365,  953,  415,  583,  674, 1036,  965,  201,  150,  727,  827,  903,  115,  977,  276,  914,  834,  581,  757,  872, 1088,  885,  356, 1019,  859,  363,  742,  812,  621,  876,  844,  301,  989,  418,  605,  602,  450,  806,  886,  977,  358,  438,  578,  709,  646,  491,  461,  158,  285,  300,  268,  518,  810,  628,  619,  200,  602,  947,  538,  829,  430,  472,  455,  844,  679,  807,  963,  629,  279,  411,  238,  468,  923,  504, 1004,  597,  433,  580,  718,  582,  809,  772,  802,  374,  745,  822,  205],
        [  186,    0,  176,  510,  262,  340,  297,  817,  329,  705,    0,  354,  161,  167,  338,  237,  208,  353,  583,  206,  365,  732,  487,  605,   25,  387,  559,  664,  604,  578,  651,  554,  258,  720,  447,  275,  584,  403,  217,  569,  590,  165,  920,  306,  285,  549,  359,  357,  596,  411,  257,  414,  171,  297,  401,  276,  538,  560,  262,  545,  203,  797,  739,  608,  223,  584,  208,  671,  565,  550,  354,  372,  553,  485,  563,   37,  266,  760,  482,  185,  779,  462,  581,  797,  694,  383,  361,  201,  377,  517,  788,  358,  263,  256,  271,  382,  552,  741,  409,  756,  192,  365,  231,  342,  639,  352,  539,  571,  167,  701,  320,  286,  567,  835,  107,  920,  411,  480,  744,  469,  769,  886,  304,  329,  124,  343,  126,   18,  154,  609,  312,  533,  363,  314,  142,  550],
        [  179,    0,  397,  358,  333,  542,  325,  695,  432,  614,  354,    0,  385,  515,  647,  254,  200,  265,  569,  551,  249,  387,  143,  454,  356,  131,  297,  310,  250,  516,  342,  467,  326,  419,   99,  346,  238,  732,  408,  578,  408,  409,  568,   54,  192,  309,  331,  414,  257,  512,  479,  555,  419,  596,  472,  474,  538,  515,  588,  250,  513,  663,  442,  394,  438,  277,  459,  322,  289,  478,  290,  440,  406,  251,  310,  376,  245,  417,  265,  535,  545,  381,  296,  460,  350,  546,  696,  535,  398,  283,  499,   37,  582,  547,  184,  153,  467,  511,  413,  535,  344,  201,  124,  608,  459,   13,  338,  237,  517,  408,  493,  219,  272,  488,  391,  576,   58,  336,  461,  442,  467,  540,  136,  484,  262,  485,  306,  372,  394,  282,  645,  229,  449,  637,  362,  560],
        [  269,    0,   17,  631,  411,  499,  175,  954,  487,  847,  161,  385,    0,  269,  463,  161,  188,  476,  434,  214,  283,  770,  527,  730,  137,  463,  499,  683,  624,  440,  610,  425,  134,  794,  484,  425,  579,  506,   56,  415,  706,  325,  915,  331,  393,  481,  241,  510,  641,  571,  108,  575,  331,  432,  245,  120,  691,  707,  381,  504,  142,  932,  684,  714,   67,  547,  366,  669,  513,  417,  253,  528,  445,  424,  654,  133,  189,  801,  413,  216,  883,  343,  659,  845,  734,  543,  460,  184,  237,  612,  868,  403,  388,  398,  375,  466,  691,  846,  557,  865,  347,  305,  276,  487,  757,  388,  454,  620,  206,  778,  481,  403,  525,  870,   64,  899,  432,  601,  827,  615,  843,  870,  391,  168,  250,  503,  274,  158,  314,  583,  418,  500,  520,  429,   26,  704],
        [  338,    0,  278,  604,  330,  291,  437,  871,  350,  754,  167,  515,  269,    0,  196,  392,  372,  454,  700,  133,  523,  882,  641,  687,  176,  528,  723,  821,  762,  709,  817,  692,  396,  851,  602,  336,  747,  242,  318,  678,  685,  176, 1082,  469,  409,  712,  503,  394,  745,  409,  323,  387,  173,  172,  508,  351,  565,  604,  114,  710,  204,  858,  905,  713,  307,  750,  176,  834,  731,  684,  505,  399,  704,  649,  684,  162,  422,  908,  645,  103,  881,  606,  711,  941,  844,  349,  198,  160,  505,  636,  911,  514,  122,  152,  399,  517,  614,  843,  458,  855,  255,  527,  393,  238,  729,  511,  698,  718,   94,  829,  299,  401,  733,  985,  207, 1084,  572,  575,  867,  520,  898, 1051,  444,  413,  260,  334,  231,  152,  180,  775,  152,  699,  382,  161,  263,  570],
        [  469,    0,  473,  630,  371,  208,  626,  833,  334,  715,  338,  647,  463,  196,    0,  574,  541,  507,  895,  305,  702,  980,  754,  694,  354,  624,  890,  938,  881,  902,  973,  884,  586,  916,  721,  368,  884,  101,  513,  874,  707,  240, 1207,  609,  497,  883,  692,  385,  845,  351,  516,  303,  230,   54,  703,  545,  515,  571,   83,  869,  391,  828, 1066,  747,  502,  905,  195,  966,  894,  877,  690,  377,  889,  818,  742,  345,  603, 1003,  817,  281,  904,  795,  782, 1028,  943,  266,   93,  340,  699,  695,  963,  637,   76,  102,  493,  606,  602,  867,  449,  873,  318,  699,  534,   98,  742,  640,  875,  817,  280,  890,  250,  479,  892, 1081,  400, 1221,  703,  606,  919,  504,  959, 1185,  545,  608,  386,  289,  341,  328,  255,  923,   75,  854,  356,   46,  455,  512],
        [  212,    0,  167,  563,  406,  555,   86,  901,  501,  804,  237,  254,  161,  392,  574,    0,   72,  424,  380,  369,  132,  627,  392,  664,  220,  360,  342,  533,  476,  358,  450,  325,   74,  672,  349,  422,  422,  634,  163,  376,  629,  381,  756,  204,  331,  326,  132,  509,  505,  590,  233,  610,  390,  533,  234,  224,  677,  677,  497,  344,  303,  873,  526,  627,  196,  386,  432,  512,  354,  325,  118,  531,  317,  266,  553,  232,   31,  659,  258,  365,  788,  231,  546,  706,  592,  586,  590,  342,  176,  517,  752,  280,  498,  491,  314,  371,  647,  753,  540,  774,  366,  145,  179,  574,  681,  260,  306,  487,  352,  661,  523,  351,  364,  724,  199,  738,  292,  535,  713,  589,  721,  710,  307,  230,  247,  534,  292,  246,  366,  423,  543,  339,  530,  548,  148,  695],
        [  142,    0,  199,  492,  340,  502,  158,  830,  437,  732,  208,  200,  188,  372,  541,   72,    0,  352,  448,  374,  168,  583,  341,  593,  197,  294,  352,  496,  437,  420,  448,  384,  142,  615,  298,  355,  397,  610,  209,  446,  560,  332,  735,  147,  260,  343,  197,  442,  455,  526,  280,  550,  341,  497,  305,  276,  608,  607,  469,  340,  323,  802,  533,  559,  239,  381,  384,  487,  359,  386,  173,  465,  363,  278,  488,  213,   85,  614,  276,  364,  722,  288,  485,  658,  547,  528,  568,  352,  247,  451,  692,  221,  468,  452,  242,  303,  576,  686,  470,  707,  306,  159,  109,  532,  612,  204,  336,  436,  349,  601,  465,  279,  363,  683,  205,  726,  245,  464,  653,  519,  664,  695,  236,  293,  187,  474,  236,  221,  316,  410,  519,  331,  465,  520,  167,  626],
        [  216,    0,  493,  158,  137,  340,  509,  482,  204,  381,  353,  265,  476,  454,  507,  424,  352,    0,  794,  548,  482,  485,  296,  255,  371,  159,  560,  467,  418,  755,  590,  710,  491,  410,  280,  140,  459,  606,  523,  795,  237,  287,  737,  271,   93,  573,  542,  167,  357,  266,  584,  319,  294,  455,  656,  593,  275,  259,  478,  510,  555,  457,  692,  260,  543,  530,  317,  520,  550,  717,  509,  192,  661,  514,  237,  389,  433,  504,  527,  522,  430,  617,  276,  524,  449,  322,  582,  550,  597,  189,  462,  232,  464,  409,  110,  133,  224,  392,  151,  405,  203,  444,  249,  437,  286,  252,  600,  329,  504,  385,  286,   75,  531,  582,  445,  772,  301,  128,  417,  179,  454,  732,  134,  627,  233,  263,  234,  369,  278,  523,  535,  487,  207,  516,  450,  296],
        [  590,    0,  423,  919,  786,  921,  298, 1259,  879, 1170,  583,  569,  434,  700,  895,  380,  448,  794,    0,  614,  320,  846,  669, 1018,  560,  697,  409,  732,  692,   82,  522,  132,  330,  951,  636,  801,  601,  928,  383,   39,  976,  744,  855,  536,  702,  374,  253,  889,  763,  968,  390,  985,  752,  865,  193,  359, 1055, 1052,  813,  465,  522, 1229,  530,  961,  395,  496,  790,  667,  435,  111,  286,  911,  227,  377,  875,  562,  365,  877,  353,  628, 1106,  190,  851,  931,  820,  958,  882,  577,  209,  851, 1034,  604,  820,  831,  685,  716, 1016, 1074,  918, 1099,  742,  368,  545,  920, 1027,  580,  313,  756,  623,  948,  895,  724,  469,  921,  497,  797,  575,  894, 1004,  966,  994,  786,  666,  297,  625,  909,  667,  585,  731,  549,  845,  482,  909,  859,  446, 1073],
        [  390,    0,  216,  703,  437,  423,  388,  990,  473,  874,  206,  551,  214,  133,  305,  369,  374,  548,  614,    0,  496,  933,  688,  793,  198,  592,  710,  860,  800,  636,  816,  629,  348,  925,  646,  446,  769,  318,  246,  588,  784,  293, 1107,  499,  487,  693,  453,  514,  798,  538,  225,  519,  292,  295,  423,  256,  689,  724,  227,  709,   93,  974,  894,  806,  224,  751,  304,  859,  722,  617,  467,  521,  657,  634,  766,  177,  399,  962,  625,   31,  977,  552,  786, 1000,  896,  481,  272,   38,  438,  719,  992,  558,  241,  282,  474,  587,  729,  939,  575,  953,  360,  513,  428,  365,  831,  550,  668,  774,   46,  905,  429,  486,  731, 1036,  171, 1099,  605,  674,  948,  637,  973, 1068,  509,  318,  327,  463,  315,  188,  292,  783,  241,  702,  506,  262,  221,  696],
        [  296,    0,  286,  601,  497,  669,  127,  940,  597,  854,  365,  249,  283,  523,  702,  132,  168,  482,  320,  496,    0,  569,  360,  699,  350,  377,  218,  464,  412,  273,  334,  229,  157,  648,  323,  513,  339,  765,  269,  329,  656,  499,  658,  218,  393,  198,   93,  597,  465,  686,  331,  714,  508,  660,  243,  312,  752,  741,  626,  234,  424,  909,  402,  642,  301,  276,  551,  424,  234,  235,   51,  621,  196,  144,  558,  362,  101,  602,  131,  494,  790,  136,  538,  653,  538,  693,  721,  467,  164,  531,  730,  284,  627,  617,  377,  396,  701,  758,  617,  782,  471,   52,  239,  698,  707,  260,  175,  454,  481,  641,  631,  417,  251,  659,  329,  629,  262,  577,  696,  658,  694,  605,  351,  293,  354,  637,  403,  376,  483,  320,  674,  236,  623,  678,  275,  771],
        [  548,    0,  781,  431,  615,  824,  681,  639,  687,  622,  732,  387,  770,  882,  980,  627,  583,  485,  846,  933,  569,    0,  246,  461,  737,  358,  444,  115,  158,  772,  361,  718,  694,  177,  289,  622,  246, 1075,  788,  868,  405,  744,  277,  440,  485,  478,  662,  645,  138,  736,  859,  795,  753,  927,  812,  850,  670,  613,  937,  382,  900,  600,  428,  352,  819,  358,  786,  198,  418,  737,  619,  668,  627,  470,  285,  757,  610,   33,  493,  916,  375,  665,  227,   86,   39,  804, 1045,  920,  733,  319,  240,  376,  927,  879,  490,  375,  546,  366,  605,  392,  663,  520,  506,  918,  423,  386,  537,  165,  898,  197,  770,  502,  383,  103,  777,  343,  338,  437,  237,  592,  194,  304,  441,  850,  623,  746,  656,  750,  731,  308,  995,  364,  685,  982,  748,  693],
        [  304,    0,  539,  323,  406,  621,  456,  633,  494,  572,  487,  143,  527,  641,  754,  392,  341,  296,  669,  688,  360,  246,    0,  401,  491,  140,  321,  184,  128,  606,  311,  553,  462,  288,   44,  416,  168,  846,  549,  684,  346,  515,  454,  196,  263,  345,  450,  462,  115,  561,  620,  613,  525,  702,  597,  614,  544,  505,  704,  257,  654,  598,  411,  315,  579,  262,  561,  225,  302,  568,  407,  488,  476,  307,  222,  512,  379,  276,  328,  671,  440,  479,  186,  318,  209,  613,  812,  674,  520,  215,  370,  130,  695,  653,  263,  164,  446,  411,  441,  437,  439,  309,  260,  703,  390,  141,  393,   97,  653,  281,  568,  285,  272,  349,  532,  479,  102,  311,  337,  451,  335,  440,  210,  620,  382,  552,  420,  505,  501,  241,  762,  232,  502,  751,  504,  568],
        [  466,    0,  746,  102,  359,  492,  748,  242,  361,  173,  605,  454,  730,  687,  694,  664,  593,  255, 1018,  793,  699,  461,  401,    0,  624,  323,  718,  502,  480,  969,  707,  920,  735,  308,  413,  352,  559,  794,  775, 1024,   59,  512,  737,  482,  340,  740,  771,  310,  385,  361,  837,  421,  517,  646,  897,  846,  234,  167,  686,  656,  807,  211,  804,  109,  796,  662,  527,  585,  701,  930,  734,  318,  856,  692,  191,  641,  668,  464,  711,  766,  214,  833,  248,  456,  438,  446,  780,  799,  833,  186,  313,  418,  670,  608,  357,  303,  105,  180,  245,  181,  435,  653,  486,  605,   53,  442,  781,  366,  749,  280,  445,  328,  672,  529,  699,  799,  463,  130,  276,  194,  331,  759,  358,  878,  486,  408,  482,  620,  508,  636,  739,  631,  339,  715,  704,  253],
        [  193,    0,  152,  528,  285,  364,  276,  838,  353,  727,   25,  356,  137,  176,  354,  220,  197,  371,  560,  198,  350,  737,  491,  624,    0,  396,  548,  665,  605,  557,  644,  533,  237,  731,  450,  298,  581,  416,  192,  545,  607,  189,  918,  306,  299,  537,  339,  380,  601,  436,  233,  439,  196,  316,  377,  252,  562,  583,  277,  536,  185,  818,  730,  623,  199,  576,  232,  669,  556,  529,  336,  396,  536,  474,  576,   21,  250,  765,  470,  180,  794,  443,  592,  803,  699,  407,  373,  188,  355,  530,  799,  361,  279,  276,  284,  393,  573,  757,  432,  772,  216,  352,  233,  363,  656,  354,  524,  577,  162,  712,  345,  302,  559,  839,   83,  916,  411,  498,  756,  492,  779,  883,  315,  304,  139,  367,  147,   27,  178,  603,  325,  526,  387,  328,  117,  574],
        [  204,    0,  477,  228,  268,  483,  439,  565,  355,  484,  387,  131,  463,  528,  624,  360,  294,  159,  697,  592,  377,  358,  140,  323,  396,    0,  413,  318,  266,  646,  432,  597,  433,  335,  122,  277,  300,  718,  497,  705,  279,  386,  590,  163,  128,  429,  454,  324,  222,  424,  566,  475,  396,  571,  589,  566,  422,  392,  579,  358,  574,  533,  535,  269,  523,  375,  430,  364,  400,  608,  415,  350,  535,  376,  194,  417,  358,  383,  392,  571,  429,  511,  198,  414,  321,  474,  687,  584,  519,  159,  407,   95,  569,  523,  132,   28,  340,  393,  308,  415,  307,  331,  189,  567,  330,  119,  464,  194,  553,  318,  430,  148,  377,  460,  452,  618,  149,  207,  365,  326,  384,  579,   85,  586,  270,  413,  299,  405,  374,  365,  637,  334,  363,  624,  438,  445],
        [  437,    0,  502,  633,  622,  821,  342,  953,  723,  888,  559,  297,  499,  723,  890,  342,  352,  560,  409,  710,  218,  444,  321,  718,  548,  413,    0,  330,  298,  332,  124,  279,  375,  571,  306,  636,  201,  962,  487,  436,  665,  667,  461,  306,  488,   35,  291,  709,  384,  806,  547,  846,  677,  844,  424,  526,  832,  805,  819,   66,  640,  918,  185,  635,  518,   88,  720,  258,   27,  299,  259,  735,  185,   76,  542,  563,  312,  475,   88,  706,  750,  246,  501,  529,  423,  833,  920,  682,  350,  533,  653,  328,  818,  797,  477,  439,  751,  724,  709,  751,  619,  198,  369,  871,  710,  309,   96,  387,  692,  575,  776,  515,   62,  514,  540,  420,  264,  616,  630,  736,  610,  399,  432,  499,  513,  773,  563,  572,  651,  140,  871,   90,  742,  871,  489,  854],
        [  484,    0,  693,  451,  585,  800,  580,  706,  669,  672,  664,  310,  683,  821,  938,  533,  496,  467,  732,  860,  464,  115,  184,  502,  665,  318,  330,    0,   60,  659,  251,  604,  596,  264,  220,  594,  132, 1029,  696,  756,  445,  698,  272,  361,  445,  364,  556,  633,  120,  729,  766,  785,  708,  885,  706,  755,  688,  639,  887,  268,  818,  668,  328,  397,  728,  244,  744,   93,  304,  623,  514,  657,  513,  358,  313,  685,  513,  146,  381,  844,  460,  553,  256,  200,   97,  788,  995,  843,  626,  333,  339,  308,  878,  836,  446,  341,  573,  443,  603,  471,  622,  417,  433,  885,  474,  312,  423,  145,  827,  276,  747,  466,  269,  196,  697,  308,  255,  449,  326,  601,  293,  268,  393,  750,  564,  727,  602,  681,  684,  195,  944,  251,  673,  934,  663,  712],
        [  424,    0,  634,  418,  533,  748,  526,  695,  619,  652,  604,  250,  624,  762,  881,  476,  437,  418,  692,  800,  412,  158,  128,  480,  605,  266,  298,   60,    0,  620,  240,  566,  540,  276,  161,  542,   99,  971,  638,  713,  422,  641,  327,  301,  390,  330,  505,  585,   99,  683,  708,  737,  651,  829,  655,  698,  652,  606,  829,  233,  758,  658,  329,  379,  670,  217,  688,  108,  273,  584,  462,  610,  477,  315,  289,  625,  457,  190,  339,  784,  463,  509,  235,  243,  129,  738,  937,  783,  575,  302,  356,  249,  821,  780,  391,  289,  542,  442,  559,  470,  566,  364,  373,  830,  457,  252,  388,  114,  767,  282,  695,  412,  238,  250,  637,  354,  195,  413,  336,  562,  313,  315,  337,  695,  505,  677,  544,  621,  627,  174,  886,  213,  625,  876,  604,  675],
        [  560,    0,  432,  872,  760,  910,  283, 1211,  857, 1126,  578,  516,  440,  709,  902,  358,  420,  755,   82,  636,  273,  772,  606,  969,  557,  646,  332,  659,  620,    0,  443,   55,  321,  884,  576,  775,  527,  944,  395,  117,  924,  734,  774,  490,  664,  297,  226,  862,  695,  946,  416,  967,  742,  869,  219,  385, 1022, 1013,  821,  391,  546, 1179,  449,  906,  413,  420,  783,  590,  359,   39,  249,  885,  148,  306,  818,  562,  337,  804,  283,  646, 1045,  138,  791,  858,  748,  943,  898,  600,  204,  796,  967,  552,  827,  832,  648,  667,  974, 1015,  886, 1040,  723,  317,  509,  919,  974,  528,  237,  691,  640,  883,  880,  688,  393,  845,  502,  715,  517,  848,  939,  930,  927,  705,  624,  328,  604,  891,  649,  583,  720,  472,  858,  409,  885,  869,  448, 1041],
        [  507,    0,  615,  633,  673,  883,  460,  931,  772,  879,  651,  342,  610,  817,  973,  450,  448,  590,  522,  816,  334,  361,  311,  707,  644,  432,  124,  251,  240,  443,    0,  391,  491,  511,  313,  687,  149, 1051,  602,  552,  650,  741,  338,  368,  531,  156,  413,  750,  337,  849,  665,  895,  751,  924,  548,  645,  852,  815,  907,  108,  752,  894,  103,  612,  634,   68,  793,  163,  102,  413,  379,  776,  296,  192,  519,  661,  421,  388,  209,  810,  702,  369,  470,  442,  348,  887, 1011,  791,  473,  522,  589,  365,  903,  876,  524,  459,  756,  682,  740,  709,  683,  306,  440,  944,  690,  352,  214,  349,  795,  520,  834,  557,   86,  415,  646,  297,  293,  621,  573,  757,  544,  276,  473,  621,  589,  826,  637,  666,  726,   71,  960,  120,  786,  958,  597,  875],
        [  521,    0,  419,  824,  722,  880,  258, 1161,  820, 1079,  554,  467,  425,  692,  884,  325,  384,  710,  132,  629,  229,  718,  553,  920,  533,  597,  279,  604,  566,   55,  391,    0,  298,  830,  523,  737,  473,  931,  384,  163,  874,  705,  725,  443,  621,  244,  196,  823,  641,  909,  414,  933,  714,  848,  226,  385,  980,  969,  803,  336,  540, 1129,  403,  855,  406,  366,  755,  536,  305,   23,  212,  847,   95,  252,  766,  540,  302,  749,  229,  636,  992,   96,  738,  804,  694,  910,  885,  593,  191,  746,  913,  503,  808,  809,  605,  618,  928,  962,  845,  988,  689,  269,  466,  895,  924,  479,  183,  637,  628,  829,  847,  645,  339,  791,  485,  668,  465,  801,  885,  887,  872,  656,  578,  332,  570,  857,  617,  560,  691,  418,  842,  355,  848,  852,  430,  999],
        [  276,    0,  133,  634,  461,  592,   42,  970,  552,  871,  258,  326,  134,  396,  586,   74,  142,  491,  330,  348,  157,  694,  462,  735,  237,  433,  375,  596,  540,  321,  491,  298,    0,  744,  420,  477,  480,  636,  113,  321,  701,  415,  809,  277,  399,  353,  108,  565,  575,  640,  176,  655,  423,  550,  166,  160,  738,  741,  506,  388,  270,  943,  558,  699,  144,  431,  463,  568,  390,  293,  120,  586,  312,  300,  626,  242,   85,  726,  287,  350,  861,  211,  619,  774,  660,  629,  591,  316,  122,  590,  824,  353,  510,  512,  382,  444,  714,  826,  600,  847,  413,  190,  250,  599,  753,  333,  322,  558,  339,  733,  565,  417,  406,  790,  190,  784,  361,  606,  786,  652,  793,  758,  378,  158,  298,  580,  338,  263,  402,  472,  547,  387,  583,  555,  134,  754],
        [  539,    0,  807,  307,  546,  738,  741,  464,  597,  456,  720,  419,  794,  851,  916,  672,  615,  410,  951,  925,  648,  177,  288,  308,  731,  335,  571,  264,  276,  884,  511,  830,  744,    0,  327,  548,  374, 1015,  823,  968,  257,  693,  444,  470,  443,  602,  738,  549,  189,  629,  893,  690,  701,  864,  884,  890,  534,  471,  886,  506,  908,  426,  591,  203,  851,  492,  726,  356,  547,  846,  694,  568,  746,  579,  174,  751,  662,  169,  601,  903,  200,  762,  141,  150,  171,  706,  991,  919,  808,  222,   84,  394,  873,  819,  454,  339,  405,  190,  497,  216,  608,  596,  518,  842,  263,  413,  658,  195,  885,   29,  684,  451,  513,  224,  787,  516,  389,  323,   63,  469,   50,  478,  417,  902,  600,  654,  621,  738,  683,  449,  943,  483,  588,  925,  769,  556],
        [  265,    0,  496,  329,  380,  596,  415,  650,  472,  583,  447,   99,  484,  602,  721,  349,  298,  280,  636,  646,  323,  289,   44,  413,  450,  122,  306,  220,  161,  576,  313,  523,  420,  327,    0,  391,  179,  811,  506,  650,  361,  481,  486,  153,  236,  327,  412,  444,  158,  544,  577,  594,  491,  669,  558,  571,  540,  505,  668,  245,  612,  616,  415,  335,  536,  257,  529,  249,  290,  537,  369,  470,  450,  283,  244,  470,  337,  319,  302,  629,  470,  446,  216,  361,  252,  591,  777,  632,  482,  229,  409,   90,  660,  620,  234,  148,  449,  440,  429,  465,  408,  273,  218,  673,  408,   98,  370,  139,  612,  319,  544,  260,  263,  391,  489,  505,   62,  314,  374,  445,  375,  468,  180,  578,  345,  529,  384,  464,  467,  244,  726,  221,  483,  716,  461,  563],
        [  218,    0,  441,  272,   16,  206,  505,  546,   88,  433,  275,  346,  425,  336,  368,  422,  355,  140,  801,  446,  513,  622,  416,  352,  298,  277,  636,  594,  542,  775,  687,  737,  477,  548,  391,    0,  568,  468,  478,  796,  352,  161,  866,  331,  157,  642,  552,   88,  490,  174,  528,  210,  166,  316,  640,  544,  266,  286,  343,  595,  471,  529,  788,  386,  491,  622,  182,  639,  631,  740,  527,  110,  705,  579,  375,  311,  440,  642,  587,  417,  550,  642,  415,  663,  585,  201,  445,  455,  595,  327,  597,  322,  329,  272,  163,  254,  284,  513,  135,  522,   86,  485,  278,  298,  395,  335,  657,  462,  401,  523,  153,  132,  617,  720,  379,  894,  395,  244,  552,  196,  591,  856,  215,  589,  181,  140,  152,  286,  157,  624,  399,  574,  111,  379,  401,  281],
        [  416,    0,  587,  487,  557,  771,  460,  783,  651,  731,  584,  238,  579,  747,  884,  422,  397,  459,  601,  769,  339,  246,  168,  559,  581,  300,  201,  132,   99,  527,  149,  473,  480,  374,  179,  568,    0,  969,  585,  624,  502,  646,  339,  279,  412,  234,  431,  623,  192,  723,  654,  772,  656,  833,  579,  640,  712,  672,  825,  137,  718,  746,  246,  463,  617,  119,  696,   90,  176,  491,  389,  649,  382,  226,  371,  600,  399,  277,  249,  757,  559,  422,  322,  331,  223,  769,  932,  749,  500,  375,  455,  251,  819,  784,  408,  326,  611,  537,  606,  564,  578,  294,  356,  843,  541,  245,  293,  201,  740,  380,  720,  437,  140,  325,  601,  339,  181,  478,  434,  618,  411,  304,  354,  629,  499,  707,  544,  600,  631,   79,  881,  119,  661,  875,  561,  735],
        [  553,    0,  513,  731,  470,  306,  677,  928,  434,  811,  403,  732,  506,  242,  101,  634,  610,  606,  928,  318,  765, 1075,  846,  794,  416,  718,  962, 1029,  971,  944, 1051,  931,  636, 1015,  811,  468,  969,    0,  550,  904,  808,  332, 1296,  692,  591,  952,  744,  485,  939,  447,  541,  397,  323,  152,  736,  571,  611,  668,  145,  945,  410,  924, 1141,  847,  534,  983,  291, 1053,  968,  922,  747,  476,  945,  888,  842,  403,  664, 1099,  885,  301, 1004,  847,  880, 1125, 1038,  362,   47,  355,  742,  794, 1063,  725,  151,  198,  586,  701,  701,  968,  550,  973,  413,  767,  616,  193,  843,  726,  939,  911,  306,  990,  350,  575,  968, 1176,  447, 1307,  789,  706, 1019,  604, 1059, 1272,  638,  634,  470,  388,  428,  391,  345, 1004,   92,  932,  455,   95,  503,  607],
        [  310,    0,   42,  675,  464,  555,  148, 1003,  542,  897,  217,  408,   56,  318,  513,  163,  209,  523,  383,  246,  269,  788,  549,  775,  192,  497,  487,  696,  638,  395,  602,  384,  113,  823,  506,  478,  585,  550,    0,  363,  748,  381,  917,  355,  436,  465,  211,  564,  663,  626,   72,  631,  387,  484,  192,   71,  744,  758,  431,  499,  161,  979,  670,  754,   33,  542,  421,  674,  503,  373,  231,  582,  413,  412,  690,  188,  187,  819,  399,  253,  921,  307,  691,  865,  752,  599,  504,  212,  193,  650,  899,  429,  438,  451,  419,  502,  740,  885,  610,  904,  402,  299,  308,  541,  800,  412,  432,  644,  246,  809,  537,  448,  518,  886,  118,  895,  451,  646,  859,  667,  871,  869,  429,  113,  301,  559,  328,  214,  370,  582,  464,  497,  575,  477,   78,  758],
        [  588,    0,  404,  925,  780,  908,  291, 1265,  872, 1173,  569,  578,  415,  678,  874,  376,  446,  795,   39,  588,  329,  868,  684, 1024,  545,  705,  436,  756,  713,  117,  552,  163,  321,  968,  650,  796,  624,  904,  363,    0,  983,  731,  887,  543,  703,  401,  254,  884,  781,  961,  364,  975,  739,  846,  171,  334, 1053, 1052,  791,  490,  496, 1235,  564,  971,  373,  523,  776,  693,  462,  141,  291,  905,  257,  399,  887,  546,  364,  900,  376,  603, 1119,  206,  865,  954,  842,  947,  858,  551,  201,  860, 1051,  613,  799,  813,  686,  723, 1018, 1086,  916, 1111,  733,  379,  546,  902, 1035,  589,  341,  774,  600,  964,  883,  724,  495,  946,  479,  830,  588,  899, 1020,  965, 1013,  818,  670,  271,  618,  900,  658,  570,  718,  575,  822,  506,  903,  837,  430, 1070],
        [  438,    0,  722,   82,  356,  512,  712,  290,  375,  230,  590,  408,  706,  685,  707,  629,  560,  237,  976,  784,  656,  405,  346,   59,  607,  279,  665,  445,  422,  924,  650,  874,  701,  257,  361,  352,  502,  808,  748,  983,    0,  511,  681,  441,  314,  688,  732,  324,  327,  388,  813,  449,  517,  657,  862,  819,  278,  214,  693,  603,  791,  256,  747,   55,  771,  607,  532,  527,  647,  885,  693,  336,  807,  642,  133,  625,  631,  409,  661,  757,  198,  789,  190,  404,  381,  470,  791,  787,  795,  132,  273,  373,  678,  617,  331,  262,  148,  161,  262,  171,  431,  609,  451,  622,   53,  397,  730,  308,  740,  229,  461,  306,  618,  476,  679,  741,  413,  111,  232,  221,  285,  701,  324,  848,  468,  426,  470,  605,  506,  580,  747,  578,  357,  725,  680,  299],
        [  234,    0,  340,  431,  156,  177,  452,  698,  181,  582,  165,  409,  325,  176,  240,  381,  332,  287,  744,  293,  499,  744,  515,  512,  189,  386,  667,  698,  641,  734,  741,  705,  415,  693,  481,  161,  646,  332,  381,  731,  511,    0,  967,  374,  260,  664,  510,  221,  608,  254,  416,  251,   11,  188,  564,  438,  398,  432,  195,  639,  334,  684,  837,  542,  385,  674,   54,  727,  668,  703,  498,  229,  693,  599,  522,  194,  407,  768,  601,  263,  709,  611,  555,  795,  706,  219,  302,  308,  537,  473,  748,  397,  183,  139,  255,  370,  439,  671,  283,  681,   85,  486,  302,  204,  555,  401,  665,  580,  248,  669,  157,  245,  662,  845,  267,  983,  465,  402,  703,  346,  738,  946,  306,  492,  154,  182,  105,  168,   16,  688,  252,  623,  215,  238,  306,  406],
        [  746,    0,  923,  704,  857, 1072,  784,  906,  940,  897,  920,  568,  915, 1082, 1207,  756,  735,  737,  855, 1107,  658,  277,  454,  737,  918,  590,  461,  272,  327,  774,  338,  725,  809,  444,  486,  866,  339, 1296,  917,  887,  681,  967,    0,  614,  716,  493,  743,  903,  382,  998,  984, 1054,  977, 1155,  883,  968,  944,  889, 1153,  426, 1055,  868,  334,  628,  950,  384, 1014,  249,  437,  747,  706,  926,  630,  522,  559,  937,  731,  276,  542, 1095,  633,  706,  500,  301,  303, 1058, 1261, 1087,  807,  589,  486,  572, 1146, 1106,  717,  612,  822,  631,  869,  656,  893,  620,  690, 1156,  699,  572,  551,  410, 1078,  468, 1018,  738,  411,  229,  939,   94,  511,  708,  498,  862,  445,   77,  663,  950,  828,  998,  869,  936,  953,  338, 1210,  423,  943, 1202,  898,  967],
        [  141,    0,  343,  384,  317,  518,  279,  724,  418,  637,  306,   54,  331,  469,  609,  204,  147,  271,  536,  499,  218,  440,  196,  482,  306,  163,  306,  361,  301,  490,  368,  443,  277,  470,  153,  331,  279,  692,  355,  543,  441,  374,  614,    0,  188,  312,  291,  406,  310,  502,  426,  541,  385,  559,  427,  422,  545,  529,  547,  268,  460,  693,  466,  431,  385,  301,  426,  366,  302,  451,  252,  432,  390,  249,  353,  326,  197,  470,  259,  485,  588,  353,  343,  514,  403,  528,  654,  483,  357,  321,  549,   77,  542,  511,  175,  180,  486,  553,  414,  576,  317,  174,   77,  577,  492,   58,  331,  290,  467,  458,  472,  214,  291,  541,  338,  617,  106,  360,  510,  450,  519,  583,  138,  433,  223,  468,  270,  323,  359,  314,  603,  250,  438,  597,  309,  566],
        [  127,    0,  408,  239,  145,  360,  417,  572,  241,  473,  285,  192,  393,  409,  497,  331,  260,   93,  702,  487,  393,  485,  263,  340,  299,  128,  488,  445,  390,  664,  531,  621,  399,  443,  236,  157,  412,  591,  436,  703,  314,  260,  716,  188,    0,  496,  450,  222,  349,  320,  500,  364,  269,  444,  564,  507,  360,  350,  453,  442,  483,  546,  633,  326,  458,  467,  302,  484,  480,  627,  418,  248,  576,  435,  279,  318,  340,  508,  446,  464,  496,  527,  303,  537,  447,  358,  561,  485,  505,  233,  506,  166,  443,  395,   18,  111,  316,  459,  227,  475,  179,  356,  157,  441,  365,  181,  518,  321,  445,  421,  309,   28,  464,  586,  367,  740,  238,  210,  461,  266,  490,  702,   59,  539,  162,  296,  179,  302,  248,  468,  511,  421,  257,  498,  367,  380],
