{
    "name": "random-56-14459",
    "comment": "size=56 seed=14459",
    "nodes": ["+0", "-0", "+1", "-1", "+2", "-2", "+3", "-3", "+4", "-4", "+5", "-5", "+6", "-6", "+7", "-7", "+8", "-8", "+9", "-9", "+10", "-10", "+11", "-11", "+12", "-12", "+13", "-13", "+14", "-14", "+15", "-15", "+16", "-16", "+17", "-17", "+18", "-18", "+19", "-19", "+20", "-20", "+21", "-21", "+22", "-22", "+23", "-23", "+24", "-24", "+25", "-25", "+26", "-26", "+27", "-27", "+28", "-28", "+29", "-29", "+30", "-30", "+31", "-31", "+32", "-32", "+33", "-33", "+34", "-34", "+35", "-35", "+36", "-36", "+37", "-37", "+38", "-38", "+39", "-39", "+40", "-40", "+41", "-41", "+42", "-42", "+43", "-43", "+44", "-44", "+45", "-45", "+46", "-46", "+47", "-47", "+48", "-48", "+49", "-49", "+50", "-50", "+51", "-51", "+52", "-52", "+53", "-53", "+54", "-54", "+55", "-55", "+56", "-56"],
    "precedence": {
        "+0": "-0",
        "+1": "-1",
        "+2": "-2",
        "+3": "-3",
        "+4": "-4",
        "+5": "-5",
        "+6": "-6",
        "+7": "-7",
        "+8": "-8",
        "+9": "-9",
        "+10": "-10",
        "+11": "-11",
        "+12": "-12",
        "+13": "-13",
        "+14": "-14",
        "+15": "-15",
        "+16": "-16",
        "+17": "-17",
        "+18": "-18",
        "+19": "-19",
        "+20": "-20",
        "+21": "-21",
        "+22": "-22",
        "+23": "-23",
        "+24": "-24",
        "+25": "-25",
        "+26": "-26",
        "+27": "-27",
        "+28": "-28",
        "+29": "-29",
        "+30": "-30",
        "+31": "-31",
        "+32": "-32",
        "+33": "-33",
        "+34": "-34",
        "+35": "-35",
        "+36": "-36",
        "+37": "-37",
        "+38": "-38",
        "+39": "-39",
        "+40": "-40",
        "+41": "-41",
        "+42": "-42",
        "+43": "-43",
        "+44": "-44",
        "+45": "-45",
        "+46": "-46",
        "+47": "-47",
        "+48": "-48",
        "+49": "-49",
        "+50": "-50",
        "+51": "-51",
        "+52": "-52",
        "+53": "-53",
        "+54": "-54",
        "+55": "-55",
        "+56": "-56"
    },
    "edges": [
        [    0,    0,  459,  479,  533,  427,  367,  526,  490,  589,  637,  650,  236,  209,  154,  332,  388,  403,  483,  487,  179,  272,  531,  669,  515,   55,  289,  398,  546,  396,  261,  403,  374,  473,  446,  563,  490,  408,  262,  328,  614,  401,  195,  588,  474,  573,  179,  603,  499,  248,  550,  260,  549,  261,  375,  234,  288,  220,  655,  479,  298,  459,  241,  505,  466,  320,  321,  527,  414,  547,  469,  206,  501,  269,  651,   75,  649,  739,  351,  308,  406,  290,  576,  291,  408,  514,  440,  515,  315,  578,  527,  343,  119,  172,  228,  367,  571,  147,  384,  781,  197,  627,  346,  495,  399,  706,  552,   52,  611,  460,  498,  369,  540,  581],
        [    0,    0,    0,    0,    0,    0,    0,    0,    0,    0,    0,    0,    0,    0,    0,    0,    0,    0,    0,    0,    0,    0,    0,    0,    0,    0,    0,    0,    0,    0,    0,    0,    0,    0,    0,    0,    0,    0,    0,    0,    0,    0,    0,    0,    0,    0,    0,    0,    0,    0,    0,    0,    0,    0,    0,    0,    0,    0,    0,    0,    0,    0,    0,    0,    0,    0,    0,    0,    0,    0,    0,    0,    0,    0,    0,    0,    0,    0,    0,    0,    0,    0,    0,    0,    0,    0,    0,    0,    0,    0,    0,    0,    0,    0,    0,    0,    0,    0,    0,    0,    0,    0,    0,    0,    0,    0,    0,    0,    0,    0,    0,    0,    0,    0],
        [  459,    0,    0,  930,  897,  743,  812,  875,  908,  840, 1078, 1037,  687,  563,  599,  688,  671,  861,  741,  917,  394,  503,  989,  926,  919,  485,  206,  493, 1001,  821,  720,  115,  587,  759,  904,  758,  901,  638,  677,  577, 1066,  815,  639, 1046,  705,  833,  432, 1061,  957,  608,  676,  417,  805,  630,  555,  493,  590,  639, 1051,  932,  507,  798,  247,  951,  825,  571,  777,  667,  776,  962,  891,  271,  812,  644,  994,  434, 1086, 1177,  675,  444,  665,  484,  950,  550,  713,   83,  897,  936,  756, 1021,  872,  764,  348,  327,  609,  418, 1015,  445,  790, 1228,  379, 1077,  674,  933,  800,  909,  910,  415,  995,  868,  590,  749,  796, 1005],
        [  479,    0,  930,    0,  319,  397,  275,  571,  164,  540,  172,  317,  311,  506,  332,  504,  447,  169,  495,  352,  620,  632,  167,  571,  447,  447,  767,  653,  234,  353,  242,  881,  534,  645,  170,  605,  187,  681,  274,  632,  136,  190,  292,  145,  530,  520,  527,  171,  104,  496,  677,  677,  516,  353,  709,  602,  436,  304,  301,  223,  656,  563,  719,  277,  529,  493,  228,  652,  312,  424,  150,  662,  417,  337,  412,  529,  192,  273,  390,  605,  481,  554,  544,  613,  596,  991,  187,  391,  308,  329,  357,  203,  598,  609,  355,  679,  104,  565,  409,  304,  581,  149,  385,   86,  422,  666,  338,  518,  303,  417,  689,  285,  514,  176],
        [  533,    0,  897,  319,    0,  166,  540,  842,  157,  234,  316,  148,  503,  665,  395,  720,  243,  454,  231,  650,  710,  776,  486,  252,  738,  480,  792,  477,  552,  622,  432,  887,  346,  878,  474,  323,  133,  874,  278,  806,  383,  171,  365,  446,  277,  217,  467,  473,  423,  677,  421,  788,  222,  279,  873,  739,  307,  317,  169,  532,  803,  813,  750,  587,  789,  337,  467,  401,  123,  726,  170,  638,  130,  268,  122,  605,  302,  373,  223,  473,  265,  424,  835,  776,  818,  972,  488,  691,  546,  646,   47,  220,  636,  579,  309,  532,  298,  669,  664,  452,  519,  367,  223,  238,  681,  351,   22,  544,  106,  697,  464,  164,  223,  206],
        [  427,    0,  743,  397,  166,    0,  545,  830,  262,  177,  451,  313,  470,  596,  319,  678,   78,  484,  100,  671,  604,  691,  554,  247,  748,  372,  657,  312,  612,  621,  412,  744,  181,  837,  516,  211,  242,  809,  218,  734,  498,  208,  304,  539,  134,  158,  323,  566,  491,  618,  283,  687,  141,  169,  793,  653,  158,  242,  333,  575,  718,  787,  619,  627,  772,  175,  467,  259,   86,  749,  262,  494,   76,  167,  252,  502,  443,  524,   78,  310,  101,  263,  840,  700,  773,  821,  526,  712,  534,  696,  132,  217,  515,  437,  204,  367,  415,  572,  651,  599,  370,  489,   82,  335,  669,  308,  173,  426,  271,  701,  309,  121,  135,  344],
        [  367,    0,  812,  275,  540,  545,    0,  305,  405,  717,  437,  580,  131,  284,  290,  239,  559,  108,  639,  135,  439,  404,  209,  771,  204,  366,  619,  694,  195,   83,  142,  736,  611,  371,  127,  748,  422,  419,  335,  384,  365,  370,  272,  297,  658,  697,  501,  298,  215,  257,  786,  470,  684,  415,  461,  383,  498,  331,  568,  127,  424,  289,  572,  139,  257,  556,   79,  760,  476,  209,  383,  572,  595,  406,  652,  379,  461,  530,  499,  618,  592,  579,  298,  374,  325,  855,  111,  172,   58,  212,  564,  335,  465,  535,  394,  690,  374,  381,  134,  536,  542,  391,  492,  349,  149,  849,  561,  417,  558,  159,  767,  428,  679,  448],
        [  526,    0,  875,  571,  842,  830,  305,    0,  709, 1005,  720,  883,  361,  331,  530,  198,  830,  404,  918,  235,  487,  375,  455, 1066,  144,  555,  670,  916,  401,  222,  419,  773,  860,  150,  405, 1022,  726,  273,  612,  306,  634,  671,  531,  550,  929,  986,  700,  540,  491,  286, 1042,  462,  970,  680,  356,  383,  752,  596,  870,  365,  376,   78,  634,  324,   61,  803,  375, 1016,  769,  195,  688,  701,  886,  675,  956,  492,  746,  803,  773,  829,  860,  802,   90,  328,  169,  892,  387,  207,  299,  330,  864,  631,  572,  687,  651,  892,  663,  447,  180,  790,  723,  664,  766,  650,  162, 1137,  864,  573,  861,  156, 1006,  718,  964,  747],
        [  490,    0,  908,  164,  157,  262,  405,  709,    0,  383,  193,  180,  395,  578,  337,  609,  326,  310,  354,  504,  656,  698,  330,  409,  595,  444,  772,  554,  397,  487,  320,  878,  426,  762,  324,  459,   24,  776,  234,  716,  238,   93,  298,  291,  394,  365,  480,  319,  267,  581,  543,  726,  364,  283,  788,  664,  348,  275,  176,  381,  725,  689,  726,  436,  660,  396,  339,  520,  179,  579,   24,  639,  265,  267,  253,  555,  190,  278,  279,  526,  358,  473,  693,  690,  706,  977,  339,  544,  422,  492,  197,  148,  605,  581,  300,  594,  154,  607,  536,  345,  535,  227,  276,   82,  551,  506,  175,  515,  154,  559,  569,  175,  363,   98],
        [  589,    0,  840,  540,  234,  177,  717, 1005,  383,    0,  548,  347,  647,  768,  494,  854,  202,  649,  108,  841,  761,  858,  704,   87,  920,  535,  789,  356,  767,  795,  587,  861,  256, 1013,  677,  112,  360,  981,  394,  905,  616,  361,  481,  674,  136,   20,  457,  702,  640,  792,  224,  846,   41,  341,  961,  820,  303,  417,  375,  736,  885,  963,  756,  790,  948,  288,  639,  213,  243,  918,  392,  618,  125,  341,  229,  663,  533,  597,  244,  398,  189,  364, 1013,  870,  948,  921,  688,  881,  709,  856,  189,  384,  663,  566,  374,  428,  531,  735,  827,  679,  493,  600,  250,  464,  844,  133,  223,  580,  316,  874,  295,  290,   49,  439],
        [  637,    0, 1078,  172,  316,  451,  437,  720,  193,  548,    0,  235,  482,  677,  486,  672,  518,  330,  537,  490,  787,  803,  272,  553,  585,  599,  926,  746,  338,  510,  413, 1038,  618,  807,  318,  637,  211,  849,  403,  803,   98,  276,  444,  187,  580,  532,  659,  210,  230,  667,  728,  847,  537,  467,  879,  772,  538,  440,  208,  357,  827,  721,  878,  404,  684,  588,  398,  706,  370,  553,  201,  808,  441,  451,  361,  693,   28,  103,  471,  715,  548,  662,  681,  784,  761, 1143,  336,  525,  475,  434,  362,  318,  756,  752,  479,  785,   69,  733,  569,  154,  714,   68,  468,  146,  581,  658,  326,  672,  245,  565,  759,  366,  538,  111],
        [  650,    0, 1037,  317,  148,  313,  580,  883,  180,  347,  235,    0,  575,  756,  502,  789,  390,  480,  370,  669,  823,  874,  472,  332,  763,  600,  922,  623,  541,  661,  500, 1022,  493,  941,  486,  450,  170,  955,  389,  894,  325,  253,  466,  406,  418,  334,  606,  432,  414,  760,  555,  897,  347,  411,  966,  839,  450,  430,   30,  539,  901,  866,  878,  593,  836,  483,  518,  537,  262,  741,  203,  774,  269,  398,  131,  719,  211,  256,  367,  620,  411,  570,  861,  868,  885, 1111,  503,  708,  600,  639,  186,  311,  760,  716,  438,  679,  250,  777,  712,  340,  659,  300,  367,  234,  728,  439,  143,  669,   43,  730,  606,  292,  351,  146],
        [  236,    0,  687,  311,  503,  470,  131,  361,  395,  647,  482,  575,    0,  195,  175,  218,  470,  183,  558,  257,  327,  321,  310,  711,  303,  238,  498,  577,  315,  174,   76,  615,  506,  376,  223,  661,  407,  381,  253,  325,  431,  334,  171,  383,  569,  627,  376,  392,  293,  188,  686,  372,  610,  319,  400,  292,  395,  235,  570,  246,  346,  318,  450,  269,  303,  449,   96,  660,  415,  324,  372,  442,  531,  314,  623,  254,  501,  583,  412,  497,  500,  461,  383,  303,  315,  733,  213,  289,   83,  342,  518,  284,  339,  405,  292,  567,  414,  269,  186,  606,  414,  452,  406,  362,  204,  778,  525,  287,  545,  250,  658,  363,  604,  463],
        [  209,    0,  563,  506,  665,  596,  284,  331,  578,  768,  677,  756,  195,    0,  278,  134,  572,  369,  668,  362,  170,  127,  489,  843,  356,  251,  359,  606,  477,  267,  266,  472,  575,  265,  403,  758,  587,  214,  391,  141,  624,  505,  302,  570,  666,  751,  387,  576,  482,   47,  755,  187,  729,  428,  211,  100,  478,  358,  753,  410,  151,  259,  316,  412,  274,  519,  285,  730,  560,  400,  555,  371,  666,  430,  787,  162,  696,  778,  525,  516,  596,  497,  395,  112,  200,  593,  390,  376,  227,  473,  671,  449,  242,  359,  395,  572,  609,  120,  229,  799,  401,  646,  519,  554,  237,  893,  687,  249,  722,  306,  706,  509,  721,  653],
        [  154,    0,  599,  332,  395,  319,  290,  530,  337,  494,  486,  502,  175,  278,    0,  362,  304,  288,  397,  423,  321,  382,  409,  566,  477,  115,  441,  406,  438,  347,  153,  553,  332,  520,  332,  495,  339,  491,  118,  418,  468,  250,   42,  452,  402,  475,  218,  471,  367,  299,  513,  396,  455,  155,  481,  345,  222,   81,  505,  377,  409,  479,  394,  415,  470,  275,  222,  487,  284,  494,  316,  331,  388,  154,  516,  218,  497,  587,  252,  330,  332,  290,  557,  386,  456,  660,  331,  458,  255,  491,  396,  192,  272,  281,  123,  402,  420,  276,  359,  632,  266,  479,  245,  342,  377,  621,  415,  187,  464,  424,  483,  234,  448,  428],
        [  332,    0,  688,  504,  720,  678,  239,  198,  609,  854,  672,  789,  218,  134,  362,    0,  666,  344,  759,  269,  295,  202,  444,  922,  238,  367,  483,  727,  414,  187,  291,  591,  683,  160,  366,  856,  622,  180,  462,  156,  603,  552,  374,  535,  764,  835,  509,  534,  454,   88,  865,  286,  816,  516,  229,  198,  579,  437,  782,  354,  212,  128,  443,  339,  141,  626,  278,  839,  629,  289,  587,  504,  742,  514,  840,  294,  694,  768,  613,  638,  693,  615,  264,  159,   98,  711,  349,  272,  197,  386,  734,  501,  375,  490,  485,  699,  606,  251,  130,  775,  529,  629,  607,  568,  131,  982,  742,  377,  761,  196,  822,  577,  809,  669],
        [  388,    0,  671,  447,  243,   78,  559,  830,  326,  202,  518,  390,  470,  572,  304,  666,    0,  512,   96,  690,  560,  657,  595,  285,  761,  334,  596,  236,  649,  631,  420,  677,  104,  824,  547,  192,  308,  784,  224,  707,  557,  259,  299,  591,  100,  187,  261,  617,  534,  599,  235,  644,  162,  151,  761,  620,  101,  235,  410,  605,  684,  782,  561,  655,  771,  101,  482,  209,  148,  767,  322,  429,  141,  156,  325,  462,  512,  595,   62,  235,   35,  188,  849,  671,  758,  750,  555,  730,  540,  727,  208,  251,  463,  374,  182,  290,  477,  534,  655,  668,  304,  551,   68,  393,  672,  321,  250,  378,  348,  710,  244,  163,  153,  414],
        [  403,    0,  861,  169,  454,  484,  108,  404,  310,  649,  330,  480,  183,  369,  288,  344,  512,    0,  582,  196,  509,  494,  129,  696,  286,  388,  678,  677,  151,  185,  143,  795,  578,  478,   44,  693,  329,  523,  295,  482,  261,  291,  258,  202,  607,  629,  506,  210,  114,  350,  745,  552,  619,  380,  560,  468,  467,  304,  466,   94,  516,  394,  629,  144,  361,  527,   87,  719,  407,  273,  290,  605,  525,  368,  561,  433,  354,  425,  450,  611,  546,  566,  384,  468,  431,  911,   45,  237,  149,  216,  483,  268,  514,  561,  367,  685,  267,  451,  241,  435,  553,  286,  444,  247,  254,  781,  475,  451,  460,  251,  737,  364,  615,  344],
        [  483,    0,  741,  495,  231,  100,  639,  918,  354,  108,  537,  370,  558,  668,  397,  759,   96,  582,    0,  768,  654,  753,  653,  194,  843,  430,  682,  270,  711,  714,  504,  756,  154,  917,  615,  112,  332,  880,  307,  802,  591,  307,  388,  636,   48,   96,  349,  664,  590,  694,  192,  739,   69,  243,  857,  716,  196,  324,  395,  673,  780,  872,  649,  725,  860,  181,  561,  171,  183,  845,  356,  512,  102,  245,  278,  557,  527,  602,  147,  297,   82,  260,  933,  767,  852,  821,  624,  808,  625,  795,  187,  315,  555,  459,  275,  337,  507,  630,  741,  680,  386,  580,  153,  429,  759,  226,  230,  472,  332,  794,  236,  219,   60,  428],
        [  487,    0,  917,  352,  650,  671,  135,  235,  504,  841,  490,  669,  257,  362,  423,  269,  690,  196,  768,    0,  530,  465,  222,  890,   96,  494,  717,  828,  168,   96,  276,  832,  744,  349,  183,  877,  524,  434,  467,  424,  401,  486,  407,  316,  789,  821,  632,  306,  262,  323,  919,  543,  809,  548,  496,  453,  632,  465,  653,  134,  479,  254,  672,   90,  210,  689,  210,  893,  598,   78,  485,  690,  717,  539,  756,  487,  516,  570,  629,  751,  724,  712,  193,  426,  324,  953,  166,   42,  175,  117,  679,  458,  575,  658,  527,  823,  437,  475,  140,  556,  670,  432,  623,  436,  139,  973,  671,  538,  652,   87,  901,  552,  804,  527],
        [  179,    0,  394,  620,  710,  604,  439,  487,  656,  761,  787,  823,  327,  170,  321,  295,  560,  509,  654,  530,    0,  133,  636,  843,  525,  233,  190,  526,  633,  434,  382,  303,  532,  388,  548,  726,  659,  286,  436,  209,  749,  571,  359,  708,  641,  746,  321,  718,  617,  214,  698,   86,  721,  439,  227,  109,  459,  395,  826,  565,  152,  410,  148,  574,  434,  483,  422,  677,  592,  570,  635,  236,  678,  447,  828,  105,  802,  890,  527,  436,  575,  434,  558,  174,  332,  424,  537,  546,  381,  639,  705,  513,  115,  247,  406,  476,  719,   59,  398,  922,  311,  767,  522,  651,  407,  874,  729,  183,  785,  476,  634,  546,  713,  743],
        [  272,    0,  503,  632,  776,  691,  404,  375,  698,  858,  803,  874,  321,  127,  382,  202,  657,  494,  753,  465,  133,    0,  612,  936,  439,  324,  299,  650,  595,  375,  391,  398,  643,  260,  526,  834,  705,  153,  499,   77,  750,  622,  412,  695,  745,  841,  438,  700,  607,  148,  816,   88,  818,  522,  104,   38,  559,  462,  873,  529,   28,  297,  267,  526,  329,  591,  411,  793,  665,  490,  676,  369,  764,  527,  897,  201,  821,  904,  617,  559,  677,  552,  454,   48,  211,  517,  512,  472,  349,  581,  778,  565,  245,  377,  488,  604,  734,  128,  326,  925,  436,  772,  611,  678,  330,  977,  797,  294,  839,  396,  757,  616,  810,  776],
        [  531,    0,  989,  167,  486,  554,  209,  455,  330,  704,  272,  472,  310,  489,  409,  444,  595,  129,  653,  222,  636,  612,    0,  737,  316,  514,  806,  782,   70,  262,  270,  924,  673,  557,   88,  764,  353,  622,  394,  592,  181,  347,  375,   96,  684,  685,  625,   91,   64,  465,  829,  674,  679,  480,  669,  589,  567,  411,  452,   94,  632,  466,  758,  134,  425,  626,  215,  803,  471,  281,  317,  732,  580,  466,  576,  562,  299,  349,  535,  722,  630,  674,  410,  582,  521, 1040,  100,  255,  263,  168,  524,  345,  643,  686,  472,  797,  226,  578,  323,  338,  674,  211,  529,  251,  332,  832,  505,  578,  464,  303,  831,  436,  677,  326],
        [  669,    0,  926,  571,  252,  247,  771, 1066,  409,   87,  553,  332,  711,  843,  566,  922,  285,  696,  194,  890,  843,  936,  737,    0,  974,  615,  875,  439,  803,  851,  647,  947,  342, 1081,  719,  181,  385, 1056,  460,  981,  631,  405,  549,  697,  222,   99,  542,  724,  674,  865,  291,  928,  126,  416, 1039,  899,  385,  488,  361,  778,  963, 1028,  842,  833, 1010,  374,  695,  285,  298,  967,  421,  704,  181,  414,  203,  744,  534,  588,  320,  484,  275,  451, 1068,  947, 1018, 1007,  732,  931,  768,  895,  215,  437,  747,  652,  450,  512,  546,  815,  887,  672,  579,  611,  326,  490,  904,  108,  235,  662,  310,  929,  369,  349,  134,  447],
        [  515,    0,  919,  447,  738,  748,  204,  144,  595,  920,  585,  763,  303,  356,  477,  238,  761,  286,  843,   96,  525,  439,  316,  974,    0,  531,  714,  880,  259,  132,  341,  825,  806,  276,  277,  950,  615,  379,  537,  385,  496,  571,  468,  410,  860,  901,  674,  398,  358,  312,  985,  523,  887,  614,  451,  435,  694,  529,  747,  230,  448,  182,  672,  183,  136,  750,  282,  958,  679,   56,  575,  711,  798,  606,  846,  501,  612,  665,  701,  799,  793,  764,   99,  395,  266,  947,  260,   64,  224,  187,  765,  538,  588,  685,  590,  867,  532,  475,  132,  648,  707,  527,  694,  529,  120, 1053,  759,  565,  745,   55,  960,  631,  882,  622],
        [   55,    0,  485,  447,  480,  372,  366,  555,  444,  535,  599,  600,  238,  251,  115,  367,  334,  388,  430,  494,  233,  324,  514,  615,  531,    0,  329,  361,  536,  406,  246,  439,  325,  514,  432,  512,  443,  457,  213,  377,  582,  354,  156,  563,  422,  519,  146,  580,  476,  287,  504,  315,  495,  207,  428,  287,  235,  171,  607,  471,  351,  492,  282,  501,  495,  270,  311,  480,  360,  558,  424,  220,  447,  215,  597,  130,  610,  700,  296,  274,  353,  249,  599,  341,  448,  545,  428,  524,  320,  576,  473,  297,  162,  173,  174,  339,  534,  201,  402,  746,  177,  594,  291,  455,  418,  653,  499,   73,  560,  476,  457,  316,  487,  537],
        [  289,    0,  206,  767,  792,  657,  619,  670,  772,  789,  926,  922,  498,  359,  441,  483,  596,  678,  682,  717,  190,  299,  806,  875,  714,  329,    0,  484,  811,  621,  541,  118,  536,  558,  719,  728,  770,  440,  539,  375,  901,  681,  482,  871,  656,  777,  336,  884,  781,  403,  672,  215,  750,  513,  362,  288,  500,  498,  930,  742,  306,  593,   49,  757,  620,  502,  592,  656,  669,  759,  753,  172,  731,  525,  902,  245,  937, 1028,  582,  406,  601,  427,  745,  346,  509,  237,  710,  734,  562,  824,  776,  625,  171,  224,  485,  417,  860,  243,  587, 1070,  297,  916,  579,  783,  596,  882,  808,  257,  881,  665,  594,  632,  741,  866],
        [  398,    0,  493,  653,  477,  312,  694,  916,  554,  356,  746,  623,  577,  606,  406,  727,  236,  677,  270,  828,  526,  650,  782,  439,  880,  361,  484,    0,  825,  750,  555,  531,  132,  871,  718,  266,  538,  798,  389,  717,  775,  476,  424,  795,  226,  352,  219,  820,  726,  645,  190,  607,  326,  303,  751,  617,  218,  374,  645,  771,  673,  853,  465,  814,  855,  161,  623,  177,  380,  899,  547,  317,  361,  318,  545,  455,  743,  828,  275,   92,  213,  117,  955,  679,  806,  575,  722,  863,  659,  889,  439,  450,  412,  282,  312,   75,  699,  525,  757,  898,  215,  773,  278,  613,  773,  417,  482,  361,  582,  826,  111,  381,  317,  646],
        [  546,    0, 1001,  234,  552,  612,  195,  401,  397,  767,  338,  541,  315,  477,  438,  414,  649,  151,  711,  168,  633,  595,   70,  803,  259,  536,  811,  825,    0,  228,  290,  928,  722,  514,  108,  822,  420,  589,  439,  567,  244,  408,  408,  154,  741,  747,  656,  140,  130,  448,  883,  664,  740,  525,  643,  576,  613,  452,  521,   69,  613,  420,  763,   80,  377,  672,  226,  857,  530,  218,  382,  751,  642,  512,  644,  568,  365,  409,  588,  760,  683,  715,  349,  561,  483, 1047,  108,  196,  253,   99,  589,  399,  653,  708,  514,  835,  295,  575,  287,  390,  703,  275,  582,  319,  293,  895,  571,  595,  532,  253,  880,  493,  737,  395],
        [  396,    0,  821,  353,  622,  621,   83,  222,  487,  795,  510,  661,  174,  267,  347,  187,  631,  185,  714,   96,  434,  375,  262,  851,  132,  406,  621,  750,  228,    0,  211,  736,  675,  298,  194,  821,  505,  362,  408,  341,  432,  452,  337,  356,  730,  775,  548,  352,  283,  230,  854,  451,  761,  483,  416,  360,  563,  398,  649,  170,  391,  211,  576,  153,  176,  619,  157,  827,  554,  152,  466,  597,  673,  476,  735,  392,  535,  600,  571,  670,  663,  634,  219,  338,  259,  857,  176,  120,   93,  207,  645,  414,  480,  567,  459,  740,  449,  379,   61,  599,  583,  460,  565,  429,   72,  927,  643,  447,  640,   80,  829,  505,  755,  528],
        [  261,    0,  720,  242,  432,  412,  142,  419,  320,  587,  413,  500,   76,  266,  153,  291,  420,  143,  504,  276,  382,  391,  270,  647,  341,  246,  541,  555,  290,  211,    0,  658,  469,  447,  187,  611,  332,  456,  197,  399,  368,  262,  131,  330,  520,  567,  369,  343,  240,  263,  645,  436,  552,  274,  473,  360,  357,  190,  494,  227,  416,  383,  492,  263,  363,  414,   70,  619,  350,  350,  297,  463,  468,  266,  551,  297,  431,  514,  361,  481,  453,  440,  429,  376,  388,  772,  183,  313,  122,  339,  449,  214,  375,  419,  252,  554,  344,  325,  240,  542,  414,  387,  354,  288,  258,  719,  454,  308,  470,  291,  625,  299,  546,  388],
        [  403,    0,  115,  881,  887,  744,  736,  773,  878,  861, 1038, 1022,  615,  472,  553,  591,  677,  795,  756,  832,  303,  398,  924,  947,  825,  439,  118,  531,  928,  736,  658,    0,  605,  652,  836,  790,  874,  527,  645,  470, 1016,  786,  594,  987,  725,  851,  421, 1000,  897,  515,  720,  311,  823,  611,  444,  394,  587,  604, 1032,  860,  400,  695,  166,  873,  725,  579,  709,  707,  764,  871,  859,  250,  816,  624,  993,  363, 1048, 1139,  671,  466,  677,  497,  851,  446,  608,  122,  828,  848,  679,  940,  868,  732,  285,  308,  585,  458,  972,  358,  700, 1183,  374, 1030,  668,  894,  709,  944,  902,  367,  980,  777,  637,  730,  814,  973],
        [  374,    0,  587,  534,  346,  181,  611,  860,  426,  256,  618,  493,  506,  575,  332,  683,  104,  578,  154,  744,  532,  643,  673,  342,  806,  325,  536,  132,  722,  675,  469,  605,    0,  836,  617,  196,  408,  781,  284,  701,  651,  351,  340,  678,  121,  247,  213,  703,  615,  608,  182,  617,  219,  199,  746,  606,  113,  280,  513,  672,  668,  805,  507,  719,  800,   58,  535,  157,  249,  819,  419,  365,  235,  211,  420,  443,  613,  697,  148,  144,   84,  110,  889,  664,  770,  668,  622,  782,  583,  793,  310,  333,  425,  315,  218,  189,  573,  516,  691,  769,  241,  647,  152,  488,  708,  348,  352,  351,  451,  754,  159,  255,  210,  516],
        [  473,    0,  759,  645,  878,  837,  371,  150,  762, 1013,  807,  941,  376,  265,  520,  160,  824,  478,  917,  349,  388,  260,  557, 1081,  276,  514,  558,  871,  514,  298,  447,  652,  836,    0,  491, 1013,  776,  130,  622,  184,  730,  708,  533,  652,  920,  994,  652,  647,  580,  228, 1017,  344,  975,  675,  216,  280,  734,  596,  932,  464,  253,   95,  527,  434,  141,  779,  424,  992,  788,  331,  739,  619,  901,  673,  997,  422,  831,  898,  771,  780,  850,  761,  240,  215,   66,  767,  473,  332,  341,  458,  893,  659,  489,  616,  643,  835,  744,  361,  239,  895,  664,  758,  765,  715,  227, 1141,  900,  512,  914,  262,  970,  736,  968,  815],
        [  446,    0,  904,  170,  474,  516,  127,  405,  324,  677,  318,  486,  223,  403,  332,  366,  547,   44,  615,  183,  548,  526,   88,  719,  277,  432,  719,  718,  108,  194,  187,  836,  617,  491,    0,  726,  345,  545,  333,  510,  240,  317,  301,  170,  641,  657,  550,  174,   90,  381,  781,  588,  648,  420,  587,  502,  507,  345,  471,   60,  547,  404,  671,  114,  366,  566,  128,  755,  437,  256,  306,  649,  552,  407,  576,  474,  343,  407,  486,  653,  582,  608,  375,  498,  449,  953,   19,  222,  178,  181,  506,  300,  557,  605,  407,  727,  259,  490,  253,  409,  597,  267,  480,  254,  265,  808,  494,  494,  471,  250,  776,  396,  645,  345],
        [  563,    0,  758,  605,  323,  211,  748, 1022,  459,  112,  637,  450,  661,  758,  495,  856,  192,  693,  112,  877,  726,  834,  764,  181,  950,  512,  728,  266,  822,  821,  611,  790,  196, 1013,  726,    0,  436,  968,  414,  889,  696,  417,  491,  745,   93,  119,  409,  772,  701,  787,  113,  811,  104,  343,  938,  797,  280,  427,  477,  784,  860,  973,  701,  836,  963,  244,  670,  105,  294,  954,  463,  556,  197,  348,  338,  635,  624,  694,  251,  325,  164,  303, 1039,  852,  947,  840,  735,  917,  731,  906,  277,  426,  620,  509,  373,  341,  611,  708,  846,  775,  435,  683,  257,  537,  864,  155,  317,  545,  416,  901,  189,  331,  101,  527],
        [  490,    0,  901,  187,  133,  242,  422,  726,   24,  360,  211,  170,  407,  587,  339,  622,  308,  329,  332,  524,  659,  705,  353,  385,  615,  443,  770,  538,  420,  505,  332,  874,  408,  776,  345,  436,    0,  786,  231,  725,  260,   90,  301,  315,  373,  341,  472,  343,  290,  591,  522,  731,  341,  274,  797,  670,  335,  272,  168,  402,  732,  704,  724,  457,  677,  381,  355,  499,  160,  599,   40,  633,  241,  258,  232,  556,  206,  292,  263,  512,  338,  460,  712,  699,  719,  971,  360,  565,  437,  514,  173,  147,  604,  575,  293,  580,  176,  611,  552,  362,  526,  249,  260,  105,  568,  482,  152,  514,  139,  578,  549,  161,  340,  110],
        [  408,    0,  638,  681,  874,  809,  419,  273,  776,  981,  849,  955,  381,  214,  491,  180,  784,  523,  880,  434,  286,  153,  622, 1056,  379,  457,  440,  798,  589,  362,  456,  527,  781,  130,  545,  968,  786,    0,  603,   82,  782,  710,  513,  714,  877,  964,  582,  713,  633,  197,  958,  227,  942,  641,   87,  183,  689,  571,  950,  531,  138,  204,  414,  512,  247,  727,  453,  934,  772,  434,  753,  522,  879,  643,  995,  344,  871,  946,  738,  707,  807,  696,  362,  119,  114,  641,  529,  428,  375,  550,  882,  656,  397,  529,  608,  755,  783,  274,  302,  954,  585,  808,  732,  741,  298, 1105,  895,  438,  924,  352,  903,  721,  934,  842],
        [  262,    0,  677,  274,  278,  218,  335,  612,  234,  394,  403,  389,  253,  391,  118,  462,  224,  295,  307,  467,  436,  499,  394,  460,  537,  213,  539,  389,  439,  408,  197,  645,  284,  622,  333,  414,  231,  603,    0,  532,  406,  142,   91,  412,  323,  375,  257,  435,  339,  408,  453,  512,  358,   87,  597,  462,  174,   42,  394,  388,  526,  570,  494,  436,  554,  234,  258,  427,  170,  543,  215,  407,  280,   74,  399,  331,  409,  500,  164,  333,  257,  283,  626,  501,  558,  745,  339,  506,  318,  510,  281,   87,  374,  351,   81,  407,  343,  392,  435,  555,  312,  410,  157,  257,  452,  525,  298,  283,  350,  488,  443,  118,  352,  329],
        [  328,    0,  577,  632,  806,  734,  384,  306,  716,  905,  803,  894,  325,  141,  418,  156,  707,  482,  802,  424,  209,   77,  592,  981,  385,  377,  375,  717,  567,  341,  399,  470,  701,  184,  510,  889,  725,   82,  532,    0,  742,  645,  442,  680,  798,  887,  501,  682,  595,  137,  877,  161,  865,  566,   78,  103,  610,  498,  891,  504,   71,  229,  344,  494,  265,  647,  406,  854,  701,  439,  693,  443,  805,  568,  928,  263,  823,  902,  662,  626,  729,  615,  389,   38,  138,  587,  494,  425,  333,  541,  812,  590,  317,  448,  532,  674,  736,  193,  285,  916,  504,  767,  656,  687,  285, 1027,  827,  357,  861,  348,  821,  650,  857,  787],
        [  614,    0, 1066,  136,  383,  498,  365,  634,  238,  616,   98,  325,  431,  624,  468,  603,  557,  261,  591,  401,  749,  750,  181,  631,  496,  582,  901,  775,  244,  432,  368, 1016,  651,  730,  240,  696,  260,  782,  406,  742,    0,  301,  428,   91,  631,  598,  661,  113,  150,  609,  780,  802,  600,  481,  820,  722,  560,  438,  300,  270,  773,  641,  853,  314,  602,  615,  340,  756,  413,  461,  237,  798,  501,  465,  446,  661,  126,  170,  504,  733,  590,  681,  590,  727,  688, 1126,  257,  435,  410,  338,  428,  328,  732,  745,  486,  806,   86,  693,  492,  175,  715,   32,  500,  165,  503,  733,  397,  653,  329,  480,  801,  397,  599,  186],
        [  401,    0,  815,  190,  171,  208,  370,  671,   93,  361,  276,  253,  334,  505,  250,  552,  259,  291,  307,  486,  571,  622,  347,  405,  571,  354,  681,  476,  408,  452,  262,  786,  351,  708,  317,  417,   90,  710,  142,  645,  301,    0,  214,  333,  340,  341,  388,  360,  284,  513,  488,  644,  333,  192,  715,  586,  263,  183,  256,  376,  649,  642,  635,  431,  619,  315,  297,  463,  124,  563,   77,  546,  236,  176,  290,  468,  277,  368,  204,  440,  293,  387,  667,  617,  649,  884,  329,  527,  375,  496,  194,   59,  515,  488,  208,  511,  224,  524,  494,  430,  443,  297,  200,  137,  511,  491,  193,  424,  218,  529,  502,   97,  330,  190],
        [  195,    0,  639,  292,  365,  304,  272,  531,  298,  481,  444,  466,  171,  302,   42,  374,  299,  258,  388,  407,  359,  412,  375,  549,  468,  156,  482,  424,  408,  337,  131,  594,  340,  533,  301,  491,  301,  513,   91,  442,  428,  214,    0,  414,  399,  462,  250,  433,  330,  318,  518,  431,  443,  149,  509,  376,  227,   65,  468,  350,  439,  484,  435,  390,  472,  284,  200,  492,  260,  480,  277,  371,  369,  144,  486,  257,  455,  546,  242,  354,  330,  310,  552,  412,  469,  701,  302,  444,  245,  466,  370,  155,  313,  320,  123,  428,  379,  311,  356,  590,  300,  438,  236,  301,  374,  610,  386,  228,  429,  415,  495,  208,  437,  388],
        [  588,    0, 1046,  145,  446,  539,  297,  550,  291,  674,  187,  406,  383,  570,  452,  535,  591,  202,  636,  316,  708,  695,   96,  697,  410,  563,  871,  795,  154,  356,  330,  987,  678,  652,  170,  745,  315,  714,  412,  680,   91,  333,  414,    0,  672,  655,  659,   28,   91,  550,  820,  753,  653,  494,  757,  670,  578,  438,  383,  188,  716,  561,  822,  227,  520,  636,  288,  796,  454,  372,  284,  782,  554,  479,  521,  627,  215,  256,  534,  744,  625,  694,  502,  668,  614, 1101,  186,  348,  348,  248,  487,  346,  704,  733,  493,  819,  157,  650,  417,  243,  712,  122,  529,  211,  426,  796,  462,  631,  405,  398,  833,  429,  652,  262],
        [  474,    0,  705,  530,  277,  134,  658,  929,  394,  136,  580,  418,  569,  666,  402,  764,  100,  607,   48,  789,  641,  745,  684,  222,  860,  422,  656,  226,  741,  730,  520,  725,  121,  920,  641,   93,  373,  877,  323,  798,  631,  340,  399,  672,    0,  129,  328,  699,  622,  695,  150,  726,  102,  250,  849,  708,  188,  335,  442,  700,  771,  880,  625,  751,  870,  159,  580,  127,  219,  865,  395,  485,  149,  256,  325,  547,  571,  647,  160,  262,   71,  230,  948,  762,  855,  786,  650,  828,  640,  822,  234,  342,  538,  434,  280,  295,  547,  620,  754,  725,  360,  621,  166,  468,  772,  234,  277,  459,  379,  810,  188,  249,   93,  472],
        [  573,    0,  833,  520,  217,  158,  697,  986,  365,   20,  532,  334,  627,  751,  475,  835,  187,  629,   96,  821,  746,  841,  685,   99,  901,  519,  777,  352,  747,  775,  567,  851,  247,  994,  657,  119,  341,  964,  375,  887,  598,  341,  462,  655,  129,    0,  444,  683,  621,  774,  230,  831,   28,  323,  944,  803,  288,  399,  361,  716,  868,  944,  744,  770,  929,  276,  620,  217,  223,  898,  372,  607,  105,  322,  219,  647,  517,  582,  226,  390,  177,  354,  994,  853,  930,  914,  668,  861,  689,  836,  171,  364,  649,  554,  357,  423,  513,  719,  807,  664,  481,  582,  232,  445,  825,  153,  207,  565,  302,  854,  297,  270,   37,  422],
        [  179,    0,  432,  527,  467,  323,  501,  700,  480,  457,  659,  606,  376,  387,  218,  509,  261,  506,  349,  632,  321,  438,  625,  542,  674,  146,  336,  219,  656,  548,  369,  421,  213,  652,  550,  409,  472,  582,  257,  501,  661,  388,  250,  659,  328,  444,    0,  680,  578,  427,  379,  405,  417,  199,  540,  403,  166,  224,  619,  595,  462,  636,  301,  631,  639,  170,  438,  357,  346,  699,  464,  172,  397,  214,  572,  239,  663,  754,  250,  130,  268,  115,  744,  464,  587,  506,  549,  664,  459,  707,  447,  341,  212,  114,  181,  194,  599,  311,  547,  812,   56,  667,  248,  514,  563,  560,  482,  145,  564,  619,  321,  317,  408,  578],
        [  603,    0, 1061,  171,  473,  566,  298,  540,  319,  702,  210,  432,  392,  576,  471,  534,  617,  210,  664,  306,  718,  700,   91,  724,  398,  580,  884,  820,  140,  352,  343, 1000,  703,  647,  174,  772,  343,  713,  435,  682,  113,  360,  433,   28,  699,  683,  680,    0,  105,  554,  847,  760,  681,  518,  759,  676,  603,  459,  409,  183,  720,  554,  835,  217,  513,  660,  296,  822,  481,  357,  311,  799,  581,  503,  548,  639,  238,  271,  560,  767,  651,  718,  488,  671,  611, 1115,  188,  335,  351,  229,  515,  371,  718,  751,  515,  842,  184,  660,  413,  251,  732,  143,  555,  238,  422,  824,  490,  647,  432,  389,  859,  455,  680,  289],
        [  499,    0,  957,  104,  423,  491,  215,  491,  267,  640,  230,  414,  293,  482,  367,  454,  534,  114,  590,  262,  617,  607,   64,  674,  358,  476,  781,  726,  130,  283,  240,  897,  615,  580,   90,  701,  290,  633,  339,  595,  150,  284,  330,   91,  622,  621,  578,  105,    0,  463,  767,  663,  615,  424,  672,  581,  510,  360,  396,  129,  629,  493,  732,  180,  455,  569,  198,  742,  408,  329,  253,  695,  516,  409,  515,  536,  256,  318,  475,  670,  569,  621,  454,  581,  538, 1011,  108,  299,  262,  227,  460,  284,  614,  647,  418,  744,  175,  560,  342,  322,  629,  178,  469,  189,  354,  768,  442,  543,  404,  336,  772,  374,  613,  270],
        [  248,    0,  608,  496,  677,  618,  257,  286,  581,  792,  667,  760,  188,   47,  299,   88,  599,  350,  694,  323,  214,  148,  465,  865,  312,  287,  403,  645,  448,  230,  263,  515,  608,  228,  381,  787,  591,  197,  408,  137,  609,  513,  318,  550,  695,  774,  427,  554,  463,    0,  789,  221,  754,  452,  213,  130,  508,  378,  756,  382,  167,  214,  361,  380,  228,  552,  271,  764,  577,  357,  558,  416,  686,  452,  799,  207,  687,  767,  550,  556,  625,  535,  349,  119,  162,  636,  366,  335,  203,  437,  686,  459,  288,  403,  419,  614,  600,  166,  187,  783,  443,  632,  544,  550,  194,  919,  699,  291,  728,  263,  743,  525,  746,  651],
        [  550,    0,  676,  677,  421,  283,  786, 1042,  543,  224,  728,  555,  686,  755,  513,  865,  235,  745,  192,  919,  698,  816,  829,  291,  985,  504,  672,  190,  883,  854,  645,  720,  182, 1017,  781,  113,  522,  958,  453,  877,  780,  488,  518,  820,  150,  230,  379,  847,  767,  789,    0,  782,  211,  372,  919,  780,  292,  456,  581,  838,  841,  987,  651,  888,  982,  240,  710,   27,  368,  995,  544,  503,  292,  381,  448,  616,  718,  793,  296,  269,  200,  265, 1069,  840,  951,  759,  788,  958,  762,  960,  376,  485,  587,  464,  395,  262,  696,  689,  871,  872,  391,  770,  301,  617,  889,  241,  418,  523,  519,  933,   88,  394,  206,  620],
        [  260,    0,  417,  677,  788,  687,  470,  462,  726,  846,  847,  897,  372,  187,  396,  286,  644,  552,  739,  543,   86,   88,  674,  928,  523,  315,  215,  607,  664,  451,  436,  311,  617,  344,  588,  811,  731,  227,  512,  161,  802,  644,  431,  753,  726,  831,  405,  760,  663,  221,  782,    0,  806,  521,  154,   91,  544,  472,  898,  597,   91,  385,  188,  598,  416,  568,  466,  761,  672,  573,  704,  307,  761,  528,  908,  186,  863,  949,  610,  518,  660,  518,  541,  135,  297,  430,  575,  553,  413,  657,  785,  586,  197,  326,  487,  554,  778,  120,  405,  976,  393,  822,  606,  715,  411,  959,  808,  268,  859,  479,  717,  625,  797,  810],
        [  549,    0,  805,  516,  222,  141,  684,  970,  364,   41,  537,  347,  610,  729,  455,  816,  162,  619,   69,  809,  721,  818,  679,  126,  887,  495,  750,  326,  740,  761,  552,  823,  219,  975,  648,  104,  341,  942,  358,  865,  600,  333,  443,  653,  102,   28,  417,  681,  615,  754,  211,  806,    0,  302,  921,  780,  262,  379,  374,  708,  844,  926,  717,  761,  912,  249,  606,  196,  212,  887,  370,  579,  100,  302,  238,  623,  523,  592,  205,  362,  150,  327,  979,  830,  910,  886,  659,  850,  674,  828,  176,  352,  623,  527,  335,  396,  514,  695,  791,  672,  454,  585,  210,  443,  809,  168,  214,  539,  313,  840,  274,  257,   10,  427],
        [  261,    0,  630,  353,  279,  169,  415,  680,  283,  341,  467,  411,  319,  428,  155,  516,  151,  380,  243,  548,  439,  522,  480,  416,  614,  207,  513,  303,  525,  483,  274,  611,  199,  675,  420,  343,  274,  641,   87,  566,  481,  192,  149,  494,  250,  323,  199,  518,  424,  452,  372,  521,  302,    0,  624,  485,   88,   86,  423,  474,  549,  631,  471,  521,  620,  147,  339,  345,  157,  624,  269,  364,  242,   17,  393,  336,  469,  559,   98,  253,  181,  202,  700,  532,  610,  702,  425,  587,  392,  595,  268,  153,  358,  305,   35,  326,  411,  404,  505,  620,  253,  482,   92,  324,  522,  467,  297,  267,  370,  563,  357,  120,  294,  381],
