{
    "name": "random-24-20120",
    "comment": "size=24 seed=20120",
    "nodes": ["+0", "-0", "+1", "-1", "+2", "-2", "+3", "-3", "+4", "-4", "+5", "-5", "+6", "-6", "+7", "-7", "+8", "-8", "+9", "-9", "+10", "-10", "+11", "-11", "+12", "-12", "+13", "-13", "+14", "-14", "+15", "-15", "+16", "-16", "+17", "-17", "+18", "-18", "+19", "-19", "+20", "-20", "+21", "-21", "+22", "-22", "+23", "-23", "+24", "-24"],
    "precedence": {
        "+0": "-0",
        "+1": "-1",
        "+2": "-2",
        "+3": "-3",
        "+4": "-4",
        "+5": "-5",
        "+6": "-6",
        "+7": "-7",
        "+8": "-8",
        "+9": "-9",
        "+10": "-10",
        "+11": "-11",
        "+12": "-12",
        "+13": "-13",
        "+14": "-14",
        "+15": "-15",
        "+16": "-16",
        "+17": "-17",
        "+18": "-18",
        "+19": "-19",
        "+20": "-20",
        "+21": "-21",
        "+22": "-22",
        "+23": "-23",
        "+24": "-24"
    },
    "edges": [
        [    0,    0,  535,  684,  706,  397,  544,  642,   87,   47,  676, 1161,  823,  499,  666,  544,  572,  749,  386,  855,  428,  450,  673,  817,  739,  882,  234,  601,  826, 1012,  738,  597,  546,  972,  476,  219,  102, 1112,  312,  762,  905,  851,  486,  727,  331,  715,  738,  693,  858,  953],
        [    0,    0,  535,  684,  706,  397,  544,  642,   87,   47,  676, 1161,  823,  499,  666,  544,  572,  749,  386,  855,  428,  450,  673,  817,  739,  882,  234,  601,  826, 1012,  738,  597,  546,  972,  476,  219,  102, 1112,  312,  762,  905,  851,  486,  727,  331,  715,  738,  693,  858,  953],
        [  535,  535,    0,  192,  197,  149,  497,  603,  459,  511,  214,  666,  559,  553,  433,  486,  235,  570,  236,  761,  146,  138,  146,  311,  606,  650,  328,  349,  376,  478,  425,  191,  175,  468,  343,  486,  467,  595,  239,  255,  397,  331,  219,  194,  210,  316,  344,  279,  573,  423],
        [  684,  684,  192,    0,   37,  331,  681,  782,  618,  668,   49,  641,  692,  742,  340,  670,  180,  726,  318,  922,  257,  235,  183,  321,  769,  784,  502,  512,  187,  372,  557,  339,  345,  450,  529,  668,  632,  542,  373,  283,  222,  172,  403,  121,  384,  428,  452,  392,  696,  349],
        [  706,  706,  197,   37,    0,  341,  674,  773,  637,  688,   84,  604,  670,  739,  375,  663,  216,  709,  346,  906,  281,  260,  160,  288,  754,  762,  517,  499,  196,  338,  536,  325,  336,  414,  525,  680,  650,  505,  396,  252,  203,  145,  399,   87,  398,  405,  428,  370,  673,  313],
        [  397,  397,  149,  331,  341,    0,  407,  521,  317,  369,  343,  773,  552,  442,  491,  398,  309,  531,  203,  704,  136,  152,  278,  423,  553,  635,  180,  315,  507,  619,  430,  224,  178,  580,  256,  339,  322,  718,  142,  368,  544,  479,  160,  340,   66,  357,  385,  327,  575,  557],
        [  544,  544,  497,  681,  674,  407,    0,  117,  470,  498,  710,  810,  316,   99,  897,   12,  710,  215,  598,  321,  543,  558,  535,  566,  196,  352,  374,  205,  867,  821,  297,  361,  339,  673,  155,  331,  444,  817,  508,  535,  850,  775,  279,  627,  406,  372,  376,  381,  357,  737],
        [  642,  642,  603,  782,  773,  521,  117,    0,  573,  596,  814,  834,  296,  148, 1011,  124,  822,  176,  714,  214,  657,  671,  626,  633,  128,  300,  487,  280,  967,  887,  328,  451,  437,  720,  267,  425,  545,  858,  624,  609,  939,  863,  385,  719,  522,  433,  430,  450,  337,  802],
        [   87,   87,  459,  618,  637,  317,  470,  573,    0,   53,  614, 1076,  740,  435,  636,  469,  521,  671,  336,  787,  363,  386,  594,  734,  664,  802,  148,  516,  769,  934,  653,  512,  460,  888,  392,  162,   34, 1029,  249,  679,  839,  781,  399,  652,  251,  629,  652,  607,  775,  873],
        [   47,   47,  511,  668,  688,  369,  498,  596,   53,    0,  664, 1126,  778,  453,  673,  498,  567,  704,  380,  809,  413,  436,  647,  785,  693,  837,  198,  559,  817,  987,  696,  562,  511,  939,  432,  173,   58, 1081,  298,  731,  889,  832,  448,  704,  303,  677,  699,  656,  814,  926],
        [  676,  676,  214,   49,   84,  343,  710,  814,  614,  664,    0,  686,  735,  766,  292,  699,  142,  765,  300,  960,  252,  229,  228,  370,  806,  827,  507,  549,  165,  408,  599,  377,  378,  497,  557,  676,  631,  585,  366,  331,  235,  199,  431,  169,  391,  472,  496,  436,  741,  392],
        [ 1161, 1161,  666,  641,  604,  773,  810,  834, 1076, 1126,  686,    0,  554,  908,  973,  799,  816,  670,  899,  820,  810,  799,  524,  356,  731,  605,  929,  622,  706,  330,  514,  565,  616,  199,  746, 1031, 1072,  126,  899,  411,  558,  525,  683,  526,  837,  463,  448,  476,  520,  302],
        [  823,  823,  559,  692,  670,  552,  316,  296,  740,  778,  735,  554,    0,  408,  991,  309,  793,  121,  751,  279,  669,  675,  511,  440,  180,   93,  612,  239,  860,  674,  136,  369,  391,  476,  349,  628,  721,  599,  688,  441,  787,  715,  393,  594,  586,  266,  245,  300,   42,  589],
        [  499,  499,  553,  742,  739,  442,   99,  148,  435,  453,  766,  908,  408,    0,  929,  109,  750,  299,  619,  359,  575,  593,  609,  655,  265,  433,  367,  297,  927,  909,  395,  440,  410,  768,  216,  281,  405,  913,  522,  620,  923,  849,  341,  700,  427,  466,  471,  471,  449,  826],
        [  666,  666,  433,  340,  375,  491,  897, 1011,  636,  673,  292,  973,  991,  929,    0,  888,  198, 1000,  319, 1186,  356,  340,  507,  660, 1031, 1082,  590,  778,  302,  674,  856,  623,  606,  787,  745,  754,  663,  866,  420,  619,  455,  457,  633,  460,  504,  739,  766,  702, 1003,  673],
        [  544,  544,  486,  670,  663,  398,   12,  124,  469,  498,  699,  799,  309,  109,  888,    0,  701,  212,  591,  325,  534,  549,  523,  554,  196,  348,  370,  193,  856,  809,  286,  350,  328,  661,  145,  333,  444,  806,  501,  523,  838,  763,  268,  616,  399,  361,  365,  369,  350,  725],
        [  572,  572,  235,  180,  216,  309,  710,  822,  521,  567,  142,  816,  793,  750,  198,  701,    0,  803,  187,  991,  180,  160,  320,  483,  836,  884,  440,  581,  258,  549,  659,  425,  409,  622,  556,  610,  543,  721,  277,  436,  369,  340,  440,  291,  335,  543,  570,  506,  806,  528],
        [  749,  749,  570,  726,  709,  531,  215,  176,  671,  704,  765,  670,  121,  299, 1000,  212,  803,    0,  733,  199,  659,  669,  552,  515,   62,  137,  555,  223,  904,  762,  191,  388,  395,  576,  294,  543,  648,  706,  658,  504,  849,  775,  373,  641,  553,  321,  308,  348,  161,  676],
        [  386,  386,  236,  318,  346,  203,  598,  714,  336,  380,  300,  899,  751,  619,  319,  591,  187,  733,    0,  904,   92,  101,  376,  545,  754,  836,  272,  517,  441,  678,  625,  401,  365,  700,  453,  438,  359,  821,  102,  490,  534,  489,  362,  393,  194,  536,  564,  502,  773,  638],
        [  855,  855,  761,  922,  906,  704,  321,  214,  787,  809,  960,  820,  279,  359, 1186,  325,  991,  199,  904,    0,  838,  849,  750,  709,  155,  216,  694,  413, 1102,  950,  386,  584,  586,  754,  452,  638,  759,  875,  821,  701, 1047,  973,  553,  839,  716,  518,  503,  546,  305,  865],
        [  428,  428,  146,  257,  281,  136,  543,  657,  363,  413,  252,  810,  669,  575,  356,  534,  180,  659,   92,  838,    0,   24,  288,  456,  685,  756,  263,  440,  409,  602,  541,  313,  280,  612,  391,  434,  380,  736,  116,  401,  478,  425,  287,  314,  156,  447,  475,  412,  689,  557],
        [  450,  450,  138,  235,  260,  152,  558,  671,  386,  436,  229,  799,  675,  593,  340,  549,  160,  669,  101,  849,   24,    0,  276,  445,  696,  763,  286,  448,  386,  584,  544,  314,  284,  600,  405,  457,  403,  722,  139,  391,  456,  404,  297,  296,  177,  446,  474,  411,  693,  540],
        [  673,  673,  146,  183,  160,  278,  535,  626,  594,  647,  228,  524,  511,  609,  507,  523,  320,  552,  376,  750,  288,  276,    0,  171,  599,  603,  455,  348,  353,  342,  377,  175,  200,  325,  394,  600,  599,  450,  384,  119,  315,  240,  274,   93,  344,  246,  270,  211,  514,  280],
        [  817,  817,  311,  321,  288,  423,  566,  633,  734,  785,  370,  356,  440,  655,  660,  554,  483,  515,  545,  709,  456,  445,  171,    0,  572,  528,  588,  362,  450,  256,  324,  237,  285,  158,  455,  711,  734,  296,  544,   57,  352,  283,  361,  201,  488,  201,  208,  186,  431,  172],
        [  739,  739,  606,  769,  754,  553,  196,  128,  664,  693,  806,  731,  180,  265, 1031,  196,  836,   62,  754,  155,  685,  696,  599,  572,    0,  173,  558,  258,  950,  821,  249,  431,  431,  637,  305,  526,  639,  768,  673,  558,  901,  826,  400,  689,  568,  375,  364,  400,  218,  735],
        [  882,  882,  650,  784,  762,  635,  352,  300,  802,  837,  827,  605,   93,  433, 1082,  348,  884,  137,  836,  216,  756,  763,  603,  528,  173,    0,  681,  320,  953,  755,  229,  460,  480,  550,  417,  678,  781,  663,  769,  532,  877,  805,  475,  686,  666,  358,  337,  393,   99,  671],
        [  234,  234,  328,  502,  517,  180,  374,  487,  148,  198,  507,  929,  612,  367,  590,  370,  440,  555,  272,  694,  263,  286,  455,  588,  558,  681,    0,  380,  669,  797,  514,  364,  313,  742,  265,  172,  146,  884,  171,  535,  720,  657,  253,  520,  119,  482,  506,  460,  644,  732],
        [  601,  601,  349,  512,  499,  315,  205,  280,  516,  559,  549,  622,  239,  297,  778,  193,  581,  223,  517,  413,  440,  448,  348,  362,  258,  320,  380,    0,  695,  617,  137,  175,  174,  472,  132,  427,  501,  618,  450,  332,  659,  584,  156,  441,  348,  169,  177,  176,  268,  533],
        [  826,  826,  376,  187,  196,  507,  867,  967,  769,  817,  165,  706,  860,  927,  302,  856,  258,  904,  441, 1102,  409,  386,  353,  450,  950,  953,  669,  695,    0,  387,  728,  521,  530,  539,  715,  839,  787,  589,  521,  428,  157,  183,  589,  267,  554,  595,  616,  562,  860,  406],
        [ 1012, 1012,  478,  372,  338,  619,  821,  887,  934,  987,  408,  330,  674,  909,  674,  809,  549,  762,  678,  950,  602,  584,  342,  256,  821,  755,  797,  617,  387,    0,  572,  478,  520,  216,  704,  938,  940,  207,  711,  290,  233,  217,  598,  289,  684,  455,  460,  441,  657,   86],
        [  738,  738,  425,  557,  536,  430,  297,  328,  653,  696,  599,  514,  136,  395,  856,  286,  659,  191,  625,  386,  541,  544,  377,  324,  249,  229,  514,  137,  728,  572,    0,  235,  261,  393,  267,  562,  638,  531,  570,  316,  663,  589,  276,  462,  472,  134,  118,  166,  149,  486],
        [  597,  597,  191,  339,  325,  224,  361,  451,  512,  562,  377,  565,  369,  440,  623,  350,  425,  388,  401,  584,  313,  314,  175,  237,  431,  460,  364,  175,  521,  478,  235,    0,   52,  382,  228,  476,  507,  527,  363,  190,  489,  414,  124,  268,  281,  136,  164,  104,  383,  400],
        [  546,  546,  175,  345,  336,  178,  339,  437,  460,  511,  378,  616,  391,  410,  606,  328,  409,  395,  365,  586,  280,  284,  200,  285,  431,  480,  313,  174,  530,  520,  261,   52,    0,  432,  195,  427,  456,  577,  319,  236,  514,  439,   78,  290,  233,  180,  207,  151,  410,  445],
        [  972,  972,  468,  450,  414,  580,  673,  720,  888,  939,  497,  199,  476,  768,  787,  661,  622,  576,  700,  754,  612,  600,  325,  158,  637,  550,  742,  472,  539,  216,  393,  382,  432,    0,  584,  856,  887,  148,  702,  215,  407,  358,  504,  332,  645,  304,  297,  306,  453,  146],
        [  476,  476,  343,  529,  525,  256,  155,  267,  392,  432,  557,  746,  349,  216,  745,  145,  556,  294,  453,  452,  391,  405,  394,  455,  305,  417,  265,  132,  715,  704,  267,  228,  195,  584,    0,  296,  375,  731,  369,  415,  708,  634,  127,  485,  264,  284,  298,  279,  384,  624],
        [  219,  219,  486,  668,  680,  339,  331,  425,  162,  173,  676, 1031,  628,  281,  754,  333,  610,  543,  438,  638,  434,  457,  600,  711,  526,  678,  172,  427,  839,  938,  562,  476,  427,  856,  296,    0,  129, 1002,  338,  661,  882,  816,  352,  674,  286,  569,  587,  556,  666,  868],
        [  102,  102,  467,  632,  650,  322,  444,  545,   34,   58,  631, 1072,  721,  405,  663,  444,  543,  648,  359,  759,  380,  403,  599,  734,  639,  781,  146,  501,  787,  940,  638,  507,  456,  887,  375,  129,    0, 1029,  268,  680,  852,  792,  392,  660,  257,  620,  642,  600,  757,  877],
        [ 1112, 1112,  595,  542,  505,  718,  817,  858, 1029, 1081,  585,  126,  599,  913,  866,  806,  721,  706,  821,  875,  736,  722,  450,  296,  768,  663,  884,  618,  589,  207,  531,  527,  577,  148,  731, 1002, 1029,    0,  833,  351,  438,  412,  651,  435,  783,  450,  442,  453,  570,  194],
        [  312,  312,  239,  373,  396,  142,  508,  624,  249,  298,  366,  899,  688,  522,  420,  501,  277,  658,  102,  821,  116,  139,  384,  544,  673,  769,  171,  450,  521,  711,  570,  363,  319,  702,  369,  338,  268,  833,    0,  488,  594,  541,  296,  423,  106,  498,  525,  467,  714,  660],
        [  762,  762,  255,  283,  252,  368,  535,  609,  679,  731,  331,  411,  441,  620,  619,  523,  436,  504,  490,  701,  401,  391,  119,   57,  558,  532,  535,  332,  428,  290,  316,  190,  236,  215,  415,  661,  680,  351,  488,    0,  348,  275,  313,  166,  433,  184,  199,  160,  437,  210],
        [  905,  905,  397,  222,  203,  544,  850,  939,  839,  889,  235,  558,  787,  923,  455,  838,  369,  849,  534, 1047,  478,  456,  315,  352,  901,  877,  720,  659,  157,  233,  663,  489,  514,  407,  708,  882,  852,  438,  594,  348,    0,   76,  584,  224,  601,  530,  546,  502,  781,  265],
        [  851,  851,  331,  172,  145,  479,  775,  863,  781,  832,  199,  525,  715,  849,  457,  763,  340,  775,  489,  973,  425,  404,  240,  283,  826,  805,  657,  584,  183,  217,  589,  414,  439,  358,  634,  816,  792,  412,  541,  275,   76,    0,  511,  150,  538,  455,  472,  427,  710,  224],
        [  486,  486,  219,  403,  399,  160,  279,  385,  399,  448,  431,  683,  393,  341,  633,  268,  440,  373,  362,  553,  287,  297,  274,  361,  400,  475,  253,  156,  589,  598,  276,  124,   78,  504,  127,  352,  392,  651,  296,  313,  584,  511,    0,  362,  196,  230,  253,  209,  418,  522],
        [  727,  727,  194,  121,   87,  340,  627,  719,  652,  704,  169,  526,  594,  700,  460,  616,  291,  641,  393,  839,  314,  296,   93,  201,  689,  686,  520,  441,  267,  289,  462,  268,  290,  332,  485,  674,  660,  435,  423,  166,  224,  150,  362,    0,  403,  329,  350,  296,  594,  247],
        [  331,  331,  210,  384,  398,   66,  406,  522,  251,  303,  391,  837,  586,  427,  504,  399,  335,  553,  194,  716,  156,  177,  344,  488,  568,  666,  119,  348,  554,  684,  472,  281,  233,  645,  264,  286,  257,  783,  106,  433,  601,  538,  196,  403,    0,  412,  438,  384,  613,  623],
        [  715,  715,  316,  428,  405,  357,  372,  433,  629,  677,  472,  463,  266,  466,  739,  361,  543,  321,  536,  518,  447,  446,  246,  201,  375,  358,  482,  169,  595,  455,  134,  136,  180,  304,  284,  569,  620,  450,  498,  184,  530,  455,  230,  329,  412,    0,   29,   37,  269,  370],
        [  738,  738,  344,  452,  428,  385,  376,  430,  652,  699,  496,  448,  245,  471,  766,  365,  570,  308,  564,  503,  475,  474,  270,  208,  364,  337,  506,  177,  616,  460,  118,  164,  207,  297,  298,  587,  642,  442,  525,  199,  546,  472,  253,  350,  438,   29,    0,   65,  245,  374],
        [  693,  693,  279,  392,  370,  327,  381,  450,  607,  656,  436,  476,  300,  471,  702,  369,  506,  348,  502,  546,  412,  411,  211,  186,  400,  393,  460,  176,  562,  441,  166,  104,  151,  306,  279,  556,  600,  453,  467,  160,  502,  427,  209,  296,  384,   37,   65,    0,  305,  357],
        [  858,  858,  573,  696,  673,  575,  357,  337,  775,  814,  741,  520,   42,  449, 1003,  350,  806,  161,  773,  305,  689,  693,  514,  431,  218,   99,  644,  268,  860,  657,  149,  383,  410,  453,  384,  666,  757,  570,  714,  437,  781,  710,  418,  594,  613,  269,  245,  305,    0,  573],
        [  953,  953,  423,  349,  313,  557,  737,  802,  873,  926,  392,  302,  589,  826,  673,  725,  528,  676,  638,  865,  557,  540,  280,  172,  735,  671,  732,  533,  406,   86,  486,  400,  445,  146,  624,  868,  877,  194,  660,  210,  265,  224,  522,  247,  623,  370,  374,  357,  573,    0]
    ]
}
