{
    "name": "random-91-26466",
    "comment": "size=91 seed=26466",
    "nodes": ["+0", "-0", "+1", "-1", "+2", "-2", "+3", "-3", "+4", "-4", "+5", "-5", "+6", "-6", "+7", "-7", "+8", "-8", "+9", "-9", "+10", "-10", "+11", "-11", "+12", "-12", "+13", "-13", "+14", "-14", "+15", "-15", "+16", "-16", "+17", "-17", "+18", "-18", "+19", "-19", "+20", "-20", "+21", "-21", "+22", "-22", "+23", "-23", "+24", "-24", "+25", "-25", "+26", "-26", "+27", "-27", "+28", "-28", "+29", "-29", "+30", "-30", "+31", "-31", "+32", "-32", "+33", "-33", "+34", "-34", "+35", "-35", "+36", "-36", "+37", "-37", "+38", "-38", "+39", "-39", "+40", "-40", "+41", "-41", "+42", "-42", "+43", "-43", "+44", "-44", "+45", "-45", "+46", "-46", "+47", "-47", "+48", "-48", "+49", "-49", "+50", "-50", "+51", "-51", "+52", "-52", "+53", "-53", "+54", "-54", "+55", "-55", "+56", "-56", "+57", "-57", "+58", "-58", "+59", "-59", "+60", "-60", "+61", "-61", "+62", "-62", "+63", "-63", "+64", "-64", "+65", "-65", "+66", "-66", "+67", "-67", "+68", "-68", "+69", "-69", "+70", "-70", "+71", "-71", "+72", "-72", "+73", "-73", "+74", "-74", "+75", "-75", "+76", "-76", "+77", "-77", "+78", "-78", "+79", "-79", "+80", "-80", "+81", "-81", "+82", "-82", "+83", "-83", "+84", "-84", "+85", "-85", "+86", "-86", "+87", "-87", "+88", "-88", "+89", "-89", "+90", "-90", "+91", "-91"],
    "precedence": {
        "+0": "-0",
        "+1": "-1",
        "+2": "-2",
        "+3": "-3",
        "+4": "-4",
        "+5": "-5",
        "+6": "-6",
        "+7": "-7",
        "+8": "-8",
        "+9": "-9",
        "+10": "-10",
        "+11": "-11",
        "+12": "-12",
        "+13": "-13",
        "+14": "-14",
        "+15": "-15",
        "+16": "-16",
        "+17": "-17",
        "+18": "-18",
        "+19": "-19",
        "+20": "-20",
        "+21": "-21",
        "+22": "-22",
        "+23": "-23",
        "+24": "-24",
        "+25": "-25",
        "+26": "-26",
        "+27": "-27",
        "+28": "-28",
        "+29": "-29",
        "+30": "-30",
        "+31": "-31",
        "+32": "-32",
        "+33": "-33",
        "+34": "-34",
        "+35": "-35",
        "+36": "-36",
        "+37": "-37",
        "+38": "-38",
        "+39": "-39",
        "+40": "-40",
        "+41": "-41",
        "+42": "-42",
        "+43": "-43",
        "+44": "-44",
        "+45": "-45",
        "+46": "-46",
        "+47": "-47",
        "+48": "-48",
        "+49": "-49",
        "+50": "-50",
        "+51": "-51",
        "+52": "-52",
        "+53": "-53",
        "+54": "-54",
        "+55": "-55",
        "+56": "-56",
        "+57": "-57",
        "+58": "-58",
        "+59": "-59",
        "+60": "-60",
        "+61": "-61",
        "+62": "-62",
        "+63": "-63",
        "+64": "-64",
        "+65": "-65",
        "+66": "-66",
        "+67": "-67",
        "+68": "-68",
        "+69": "-69",
        "+70": "-70",
        "+71": "-71",
        "+72": "-72",
        "+73": "-73",
        "+74": "-74",
        "+75": "-75",
        "+76": "-76",
        "+77": "-77",
        "+78": "-78",
        "+79": "-79",
        "+80": "-80",
        "+81": "-81",
        "+82": "-82",
        "+83": "-83",
        "+84": "-84",
        "+85": "-85",
        "+86": "-86",
        "+87": "-87",
        "+88": "-88",
        "+89": "-89",
        "+90": "-90",
        "+91": "-91"
    },
    "edges": [
        [    0,    0, 1006, 1151,  398,  831,  725,  723,  548,  323,  437,  671,  465,  958,  384,  647,  470,  389,  811,  251,  543,  244,  745,  975,  321,  659,  163,  576,  275,  547,  941,  311,  929,  425,  596,  418,  611,  436,  331,  628,  423,  703,  768,  983,  868, 1171,  722, 1031,  430,  899,  630,  174,  910,  789, 1104,  370,  662,  541,  779,  633,  123, 1024,  282, 1002,  551,  586,  630,  502,  592,  300,  680,  588,  471,   65,  281,  265,  511,   48,  422,  502,  586,  787,  709,  771,  822,  907,  170, 1145,  808,  549,  667,  736, 1142,  133, 1041,  662,  845,  949,  501,  801,  319,  286,  188,  583,  854,  828,  641,  709,  975,  316,  933,  302,  559,  933,  264,  640,  562,  847,  115,  820,   79,  191,  806,  555,  464,  670,  457,  784,  517,  929,  704,  530,  559,  742,  746,  908,  408,  126,  975,  782,  760, 1140,  882,  191, 1144,  328,  290,  893,  679,  873,  213,  664,  432,  837,  387,  794,  399,  551,  406,  306,  308,  934,  552,  581,  378,  560,  611,  912,  519,  567,  606,  507,  309,  715,  321,  768,  199,  103,  485,  774,  273,  189,  663,  978],
        [    0,    0,    0,    0,    0,    0,    0,    0,    0,    0,    0,    0,    0,    0,    0,    0,    0,    0,    0,    0,    0,    0,    0,    0,    0,    0,    0,    0,    0,    0,    0,    0,    0,    0,    0,    0,    0,    0,    0,    0,    0,    0,    0,    0,    0,    0,    0,    0,    0,    0,    0,    0,    0,    0,    0,    0,    0,    0,    0,    0,    0,    0,    0,    0,    0,    0,    0,    0,    0,    0,    0,    0,    0,    0,    0,    0,    0,    0,    0,    0,    0,    0,    0,    0,    0,    0,    0,    0,    0,    0,    0,    0,    0,    0,    0,    0,    0,    0,    0,    0,    0,    0,    0,    0,    0,    0,    0,    0,    0,    0,    0,    0,    0,    0,    0,    0,    0,    0,    0,    0,    0,    0,    0,    0,    0,    0,    0,    0,    0,    0,    0,    0,    0,    0,    0,    0,    0,    0,    0,    0,    0,    0,    0,    0,    0,    0,    0,    0,    0,    0,    0,    0,    0,    0,    0,    0,    0,    0,    0,    0,    0,    0,    0,    0,    0,    0,    0,    0,    0,    0,    0,    0,    0,    0,    0,    0,    0,    0,    0,    0,    0,    0,    0,    0],
        [ 1006,    0,    0,  329,  616,  199,  294,  601,  461,  708,  868,  407,  718,  613,  740,  599,  771,  624,  216,  806,  550,  778,  962,  604,  828,  353, 1162,  628,  849,  535,  651,  698,  264,  684,  467,  741,  397,  645,  732,  382,  704,  666,  241,  161,  312,  297,  358,   93,  702,  653,  579,  893,  371,  503,  157,  763,  547,  487,  291,  619,  924,   18,  810,  203,  874,  778,  376,  697,  871,  724,  820,  430,  874,  965,  784,  762,  599,  970,  589,  524,  740,  590,  410,  858,  299,  594, 1101,  272,  341,  922,  499,  555,  268,  929,  169,  726,  218,   62,  510,  382,  697,  999,  825,  466,  824,  184,  369,  438,  480,  820,   82,  730,  448,  244,  767,  842,  616,  627,  920,  195, 1084,  840,  531,  682,  600,  402,  554,  524,  533,  563,  455,  477,  580,  936,  311,  848,  697,  900,   36,  735,  513,  340,  538,  923,  301,  686,  717,  140,  715,  291,  839,  363,  620,  716,  639,  235,  643,  513,  808,  774,  700,  579,  825,  666,  916,  503,  492,  403,  488,  467,  788,  582,  995,  834,  719,  664,  815,  913,  566,  364, 1009,  879,  352,  308],
        [ 1151,    0,  329,    0,  758,  362,  546,  906,  662,  829,  887,  480,  972,  421,  808,  577,  791,  813,  497,  914,  617,  908,  867,  403, 1050,  580, 1291,  636, 1060,  787,  467,  870,  223,  752,  555,  792,  573,  877,  942,  599,  765,  969,  484,  208,  634,   60,  643,  237,  761,  490,  865, 1078,  262,  428,  187,  994,  839,  613,  378,  908, 1046,  324, 1018,  168,  849,  748,  573,  721,  832,  851,  748,  652,  879, 1125,  886,  948,  658, 1124,  776,  741,  716,  493,  445,  749,  610,  429, 1204,   67,  653,  897,  508,  862,   69, 1046,  167,  669,  327,  332,  665,  360,  833, 1061,  964,  568,  682,  453,  541,  732,  286, 1041,  390,  922,  626,  221,  889,  785,  637,  492, 1047,  389, 1225, 1018,  848,  956,  832,  481,  705,  838,  634,  389,  750,  650,  619,  841,  411,  686,  930, 1068,  355,  624,  453,   23,  395, 1021,   30,  869,  878,  447,  652,  613, 1027,  611,  721,  581,  764,  514,  856,  601,  847,  984,  850,  401,  804,  945,  951,  592,  761,  277,  663,  587,  748,  828, 1049,  748,  833,  565,  985, 1073,  667,  669, 1075, 1067,  514,  177],
        [  398,    0,  616,  758,    0,  434,  355,  524,  183,   97,  357,  281,  365,  632,  194,  335,  295,  119,  438,  196,  185,  162,  616,  645,  350,  288,  549,  280,  341,  285,  629,  127,  535,  167,  209,  224,  220,  255,  242,  257,  190,  542,  386,  586,  540,  775,  392,  635,  194,  593,  420,  329,  530,  440,  707,  322,  433,  145,  382,  450,  308,  634,  300,  605,  433,  391,  246,  259,  458,  109,  489,  234,  382,  369,  180,  209,  183,  368,  112,  189,  366,  468,  326,  578,  486,  581,  486,  749,  487,  466,  309,  512,  745,  313,  644,  421,  448,  557,  106,  419,   82,  410,  212,  192,  624,  447,  247,  420,  613,  339,  548,  197,  173,  538,  152,  473,  256,  537,  305,  426,  475,  267,  567,  420,  236,  279,   63,  543,  135,  591,  425,  145,  228,  600,  350,  676,  285,  312,  587,  526,  414,  748,  540,  313,  749,  141,  124,  515,  429,  539,  283,  309,   90,  564,   41,  424,  195,  172,  283,  274,   93,  601,  399,  432,  368,  178,  335,  537,  137,  171,  413,  278,  413,  524,  113,  482,  230,  316,  113,  458,  416,  321,  267,  589],
        [  831,    0,  199,  362,  434,    0,  190,  567,  306,  521,  670,  209,  611,  484,  543,  407,  573,  465,  169,  617,  351,  595,  777,  481,  693,  219,  983,  431,  707,  425,  514,  531,  170,  486,  269,  543,  224,  517,  588,  239,  507,  625,  131,  162,  342,  362,  297,  201,  505,  506,  512,  735,  250,  334,  274,  635,  490,  296,   98,  555,  740,  215,  665,  194,  677,  584,  216,  499,  677,  539,  632,  291,  675,  796,  594,  603,  400,  798,  428,  382,  546,  420,  217,  679,  298,  453,  914,  334,  337,  726,  305,  526,  330,  744,  218,  537,   49,  138,  331,  212,  515,  804,  646,  270,  657,  128,  192,  389,  373,  685,  161,  574,  278,  159,  581,  651,  418,  469,  738,   35,  908,  678,  528,  597,  471,  203,  375,  513,  338,  431,  406,  305,  382,  751,  113,  689,  570,  734,  180,  562,  337,  361,  394,  733,  345,  525,  545,  174,  528,  325,  682,  251,  427,  552,  453,  179,  500,  316,  610,  630,  523,  447,  629,  588,  717,  306,  403,  280,  318,  274,  594,  467,  798,  650,  531,  489,  649,  743,  372,  341,  814,  723,  169,  238],
        [  725,    0,  294,  546,  355,  190,    0,  380,  178,  451,  670,  271,  433,  641,  518,  478,  582,  338,   86,  550,  361,  511,  847,  642,  534,   68,  885,  474,  555,  247,  663,  414,  358,  468,  285,  531,  150,  352,  439,   99,  492,  436,   62,  339,  214,  538,  113,  347,  492,  646,  323,  602,  426,  462,  426,  471,  300,  261,  236,  366,  655,  311,  516,  378,  709,  630,  115,  516,  719,  462,  702,  139,  685,  680,  534,  473,  406,  686,  303,  231,  593,  540,  311,  767,  157,  602,  836,  510,  181,  753,  383,  341,  506,  662,  389,  609,  235,  246,  254,  356,  433,  762,  552,  271,  768,  111,  141,  203,  548,  527,  215,  439,  184,  348,  505,  708,  453,  600,  649,  158,  803,  551,  353,  411,  307,  262,  294,  335,  318,  588,  219,  211,  410,  824,  219,  808,  405,  614,  260,  665,  454,  546,  543,  667,  526,  399,  437,  169,  605,  205,  547,   70,  387,  672,  387,   70,  350,  316,  600,  480,  427,  603,  663,  400,  701,  308,  215,  452,  218,  253,  646,  292,  762,  727,  466,  597,  529,  628,  344,  172,  769,  588,  148,  427],
        [  723,    0,  601,  906,  524,  567,  380,    0,  391,  598,  880,  617,  262, 1011,  717,  795,  818,  420,  411,  673,  645,  612, 1131, 1014,  415,  382,  878,  765,  458,  241, 1028,  480,  737,  689,  597,  748,  456,  303,  398,  385,  712,   67,  437,  701,  299,  888,  270,  681,  716, 1005,  105,  552,  806,  821,  755,  356,   95,  535,  613,   91,  716,  613,  443,  744,  955,  903,  426,  773,  979,  592,  995,  353,  906,  660,  674,  475,  672,  676,  414,  340,  873,  889,  667, 1075,  302,  968,  880,  861,  260,  990,  718,   47,  857,  729,  742,  912,  614,  579,  483,  728,  563,  889,  619,  575, 1099,  456,  472,  178,  926,  416,  525,  442,  440,  725,  623,  987,  740,  955,  703,  534,  789,  536,  103,  174,  298,  608,  493,   93,  583,  959,  162,  446,  700, 1112,  592, 1145,  317,  599,  567,  995,  808,  911,  912,  765,  883,  450,  514,  465,  915,  319,  511,  336,  604, 1014,  565,  395,  360,  603,  805,  418,  533,  974,  919,  147,  880,  600,  204,  831,  440,  545,  924,  251,  899, 1026,  618,  933,  542,  624,  591,  239,  888,  536,  495,  805],
        [  548,    0,  461,  662,  183,  306,  178,  391,    0,  279,  525,  245,  327,  645,  364,  404,  448,  164,  264,  377,  255,  334,  747,  652,  389,  112,  707,  376,  401,  165,  656,  238,  447,  322,  210,  386,   92,  220,  282,   81,  347,  426,  221,  467,  358,  667,  211,  497,  349,  628,  297,  434,  479,  449,  575,  334,  296,  144,  293,  337,  477,  479,  360,  497,  583,  520,   91,  392,  601,  287,  607,   52,  546,  505,  363,  302,  286,  510,  128,   83,  487,  507,  299,  686,  303,  598,  658,  639,  306,  623,  333,  367,  635,  485,  523,  522,  336,  406,   99,  379,  257,  593,  374,  187,  709,  281,  123,  253,  586,  380,  386,  271,   52,  444,  330,  602,  351,  575,  471,  287,  626,  380,  410,  341,  177,  238,  127,  387,  195,  596,  261,   57,  310,  726,  262,  756,  272,  440,  429,  605,  431,  657,  546,  493,  647,  225,  260,  345,  524,  356,  380,  127,  236,  627,  220,  248,  195,  213,  452,  325,  249,  609,  542,  343,  545,  209,  187,  496,   54,  156,  539,  189,  595,  637,  296,  545,  355,  453,  208,  279,  599,  420,  151,  512],
        [  323,    0,  708,  829,   97,  521,  451,  598,  279,    0,  285,  349,  407,  658,  131,  348,  244,  178,  534,  100,  222,   80,  571,  673,  354,  384,  465,  282,  333,  363,  649,  136,  607,  134,  274,  170,  314,  308,  261,  353,  148,  608,  481,  667,  635,  851,  486,  721,  154,  609,  493,  293,  589,  476,  792,  344,  510,  225,  460,  518,  221,  725,  297,  683,  376,  356,  341,  232,  407,   26,  458,  329,  315,  305,   85,  200,  198,  301,  188,  275,  338,  488,  387,  550,  581,  607,  394,  825,  581,  403,  350,  590,  822,  224,  725,  404,  530,  648,  200,  479,   37,  315,  137,  262,  610,  541,  339,  509,  658,  343,  642,  206,  269,  612,   61,  433,  262,  554,  220,  515,  397,  233,  649,  475,  302,  349,  158,  625,  195,  623,  512,  241,  248,  557,  428,  664,  324,  259,  679,  520,  448,  818,  573,  218,  823,  164,  109,  610,  417,  634,  258,  405,  110,  565,   69,  520,  246,  229,  214,  282,   75,  630,  350,  491,  283,  237,  419,  591,  233,  249,  378,  348,  319,  494,   21,  487,  192,  256,  162,  552,  320,  289,  356,  656],
        [  437,    0,  868,  887,  357,  670,  670,  880,  525,  285,    0,  462,  689,  582,  164,  310,   99,  462,  742,  242,  321,  302,  313,  603,  615,  610,  501,  253,  583,  641,  554,  418,  688,  204,  405,  141,  521,  593,  537,  582,  180,  893,  680,  779,  876,  925,  734,  853,  179,  510,  775,  510,  625,  464,  909,  618,  789,  410,  581,  802,  319,  885,  556,  778,  115,  168,  557,  173,  155,  297,  248,  576,   36,  462,  226,  465,  272,  446,  466,  546,  186,  424,  469,  337,  819,  537,  384,  905,  828,  123,  387,  868,  902,  307,  832,  257,  658,  807,  428,  535,  322,  200,  334,  411,  425,  735,  534,  774,  643,  604,  820,  481,  495,  701,  280,  206,  258,  466,  331,  678,  479,  465,  923,  760,  585,  467,  401,  899,  354,  568,  779,  473,  290,  307,  558,  477,  607,  454,  847,  370,  437,  870,  532,  246,  890,  447,  386,  805,  277,  871,  497,  644,  290,  429,  317,  733,  531,  362,   75,  550,  357,  568,  121,  776,   74,  372,  691,  613,  472,  420,  183,  630,  180,  282,  266,  378,  428,  436,  327,  803,  217,  514,  538,  713],
        [  671,    0,  407,  480,  281,  209,  271,  617,  245,  349,  462,    0,  568,  401,  344,  212,  364,  357,  314,  436,  148,  428,  585,  408,  606,  240,  812,  225,  606,  408,  414,  401,  259,  286,   75,  338,  163,  457,  493,  232,  305,  661,  251,  328,  481,  503,  374,  395,  302,  389,  533,  608,  251,  206,  457,  560,  525,  140,  122,  575,  567,  423,  564,  338,  471,  380,  192,  290,  472,  371,  439,  268,  467,  647,  409,  482,  196,  645,  324,  324,  342,  274,   54,  499,  425,  355,  730,  479,  451,  519,  113,  585,  475,  568,  385,  344,  198,  346,  202,  143,  354,  605,  484,   90,  498,  294,  145,  452,  347,  595,  365,  462,  195,  265,  409,  452,  210,  339,  567,  221,  745,  547,  612,  586,  417,   10,  236,  591,  154,  351,  465,  206,  173,  561,   97,  539,  505,  592,  388,  395,  192,  470,  302,  547,  474,  406,  403,  360,  339,  469,  560,  287,  242,  404,  285,  312,  417,  122,  404,  533,  373,  365,  423,  586,  512,  113,  417,  262,  219,  114,  392,  434,  597,  461,  353,  327,  511,  595,  188,  440,  617,  599,  126,  309],
        [  465,    0,  718,  972,  365,  611,  433,  262,  327,  407,  689,  568,    0,  963,  537,  691,  649,  246,  503,  459,  534,  395,  975,  972,  154,  392,  618,  642,  197,  187,  969,  272,  767,  527,  519,  574,  418,  115,  158,  375,  546,  238,  494,  768,  477,  969,  365,  779,  551,  937,  183,  293,  805,  766,  858,   96,  220,  443,  616,  173,  472,  735,  184,  804,  783,  753,  406,  622,  813,  393,  853,  323,  720,  402,  467,  237,  544,  418,  263,  245,  730,  813,  622,  943,  450,  914,  627,  941,  420,  809,  641,  282,  937,  487,  821,  785,  648,  677,  378,  705,  370,  659,  386,  496,  987,  540,  447,  306,  912,  155,  637,  212,  375,  761,  413,  834,  618,  883,  459,  584,  529,  283,  354,   90,  152,  561,  364,  335,  473,  916,  294,  363,  585,  960,  586, 1039,   83,  342,  683,  888,  745,  970,  865,  531,  954,  244,  304,  581,  793,  491,  255,  364,  454,  921,  400,  484,  171,  504,  619,  164,  334,  929,  755,  117,  674,  505,  228,  822,  351,  464,  775,  144,  673,  888,  426,  838,  298,  368,  465,  386,  656,  277,  475,  833],
        [  958,    0,  613,  421,  632,  484,  641, 1011,  645,  658,  582,  401,  963,    0,  575,  313,  506,  735,  649,  708,  448,  731,  466,   23,  980,  630, 1063,  383,  972,  808,   47,  758,  350,  535,  445,  543,  562,  850,  869,  628,  535, 1058,  598,  455,  825,  478,  753,  540,  528,   81,  932,  949,  244,  198,  547,  944,  921,  521,  407,  974,  837,  620,  931,  421,  506,  416,  588,  458,  476,  683,  374,  668,  561,  955,  678,  839,  461,  947,  707,  722,  397,  171,  348,  348,  778,   52,  955,  471,  812,  547,  325,  976,  470,  831,  475,  326,  438,  572,  586,  285,  680,  779,  788,  468,  266,  611,  541,  839,  141,  969,  623,  828,  594,  370,  706,  420,  399,  116,  843,  516, 1020,  888,  993,  986,  813,  409,  608,  975,  501,   54,  854,  602,  411,  441,  422,  266,  894,  916,  617,  234,  220,  399,  100,  786,  440,  771,  748,  653,  306,  808,  909,  676,  556,  178,  615,  656,  803,  466,  573,  905,  711,   38,  471,  987,  655,  463,  816,  212,  613,  499,  407,  833,  761,  362,  651,  204,  847,  910,  520,  810,  796,  943,  517,  312],
        [  384,    0,  740,  808,  194,  543,  518,  717,  364,  131,  164,  344,  537,  575,    0,  265,  114,  302,  594,  136,  197,  175,  440,  592,  481,  455,  496,  194,  456,  478,  558,  267,  593,   58,  275,   41,  369,  436,  391,  426,   43,  732,  534,  671,  718,  838,  574,  737,   49,  516,  613,  402,  552,  413,  800,  474,  627,  261,  465,  641,  263,  757,  423,  679,  246,  229,  404,  120,  276,  150,  331,  416,  189,  386,  108,  328,  151,  376,  303,  383,  217,  404,  366,  425,  662,  525,  399,  815,  669,  275,  302,  705,  812,  257,  727,  289,  540,  678,  269,  448,  168,  262,  225,  274,  491,  592,  386,  611,  600,  470,  684,  336,  338,  603,  149,  304,  182,  464,  269,  546,  446,  347,  760,  603,  425,  347,  239,  736,  209,  547,  617,  314,  190,  427,  437,  546,  455,  357,  716,  408,  384,  794,  501,  218,  806,  294,  239,  663,  304,  715,  376,  486,  132,  459,  154,  583,  373,  228,   89,  411,  205,  552,  220,  618,  184,  238,  528,  548,  312,  277,  251,  469,  255,  368,  113,  386,  306,  346,  177,  643,  273,  401,  395,  631],
        [  647,    0,  599,  577,  335,  407,  478,  795,  404,  348,  310,  212,  691,  313,  265,    0,  217,  449,  525,  396,  158,  420,  374,  329,  684,  437,  759,   71,  671,  565,  301,  458,  386,  223,  200,  236,  347,  577,  577,  421,  224,  830,  462,  486,  690,  618,  574,  566,  217,  262,  701,  640,  316,  156,  613,  656,  700,  262,  309,  739,  527,  613,  631,  478,  282,  182,  383,  154,  274,  373,  228,  443,  302,  643,  367,  536,  155,  635,  428,  468,  145,  142,  191,  290,  634,  262,  656,  598,  657,  331,  102,  768,  595,  522,  534,  133,  382,  540,  320,  232,  373,  493,  476,  221,  305,  504,  341,  643,  341,  673,  567,  530,  355,  401,  394,  244,   87,  207,  532,  425,  710,  580,  804,  731,  547,  220,  328,  782,  220,  283,  655,  351,  108,  350,  297,  353,  615,  605,  584,  202,  128,  561,  238,  480,  582,  475,  444,  569,  128,  679,  603,  482,  252,  230,  312,  523,  523,  194,  278,  609,  407,  288,  234,  737,  377,  196,  591,  304,  359,  250,  190,  578,  479,  251,  340,  148,  539,  598,  227,  642,  509,  636,  330,  405],
        [  470,    0,  771,  791,  295,  573,  582,  818,  448,  244,   99,  364,  649,  506,  114,  217,    0,  410,  651,  237,  227,  286,  327,  526,  595,  524,  559,  156,  568,  577,  483,  380,  590,  130,  310,   75,  433,  545,  505,  499,  106,  837,  588,  681,  791,  829,  653,  755,  102,  439,  715,  510,  530,  372,  811,  587,  725,  323,  483,  745,  347,  787,  536,  680,  138,  119,  470,   75,  165,  263,  220,  498,  105,  482,  212,  441,  179,  470,  406,  479,  117,  341,  370,  314,  734,  458,  450,  808,  746,  175,  289,  803,  805,  338,  733,  193,  560,  710,  349,  437,  280,  278,  331,  318,  387,  642,  443,  700,  555,  583,  725,  450,  413,  602,  260,  191,  160,  391,  357,  581,  523,  457,  854,  711,  530,  370,  328,  830,  266,  487,  707,  394,  192,  314,  461,  441,  566,  461,  751,  313,  344,  775,  447,  286,  794,  407,  353,  712,  211,  785,  487,  561,  216,  369,  256,  643,  483,  270,   68,  524,  318,  488,  107,  725,  160,  279,  623,  519,  394,  330,  141,  573,  262,  257,  227,  306,  417,  447,  243,  723,  294,  510,  446,  617],
        [  389,    0,  624,  813,  119,  465,  338,  420,  164,  178,  462,  357,  246,  735,  302,  449,  410,    0,  423,  258,  293,  202,  734,  746,  250,  273,  550,  397,  251,  189,  736,   79,  593,  284,  295,  336,  242,  137,  137,  243,  305,  431,  384,  625,  488,  822,  339,  659,  310,  701,  315,  271,  606,  539,  736,  210,  334,  219,  436,  340,  332,  642,  208,  651,  546,  509,  252,  378,  573,  173,  608,  200,  490,  343,  255,  139,  299,  349,   37,  116,  485,  577,  408,  697,  439,  684,  512,  795,  430,  577,  410,  414,  791,  342,  682,  539,  489,  570,  156,  499,  144,  478,  227,  273,  742,  444,  274,  344,  701,  239,  549,  111,  188,  592,  208,  591,  373,  646,  323,  448,  467,  216,  475,  302,  124,  352,  127,  451,  235,  691,  344,  163,  341,  718,  403,  794,  167,  277,  592,  643,  515,  806,  640,  363,  800,   62,  109,  506,  548,  491,  218,  276,  209,  678,  156,  406,   76,  269,  389,  177,  116,  702,  515,  316,  461,  272,  248,  618,  150,  244,  531,  170,  486,  643,  199,  596,  192,  291,  222,  398,  480,  259,  300,  653],
        [  811,    0,  216,  497,  438,  169,   86,  411,  264,  534,  742,  314,  503,  649,  594,  525,  651,  423,    0,  633,  426,  596,  899,  648,  614,  153,  971,  531,  636,  319,  677,  500,  334,  541,  345,  604,  225,  430,  521,  184,  565,  473,   65,  290,  177,  481,  148,  280,  565,  665,  372,  686,  419,  485,  358,  548,  344,  333,  246,  414,  740,  233,  599,  333,  772,  688,  193,  582,  779,  546,  753,  224,  754,  766,  616,  558,  473,  772,  389,  315,  651,  568,  345,  811,  130,  615,  920,  454,  169,  818,  426,  367,  450,  747,  333,  658,  217,  176,  335,  369,  517,  842,  637,  334,  803,   45,  209,  237,  542,  607,  135,  524,  265,  320,  589,  763,  512,  623,  734,  135,  889,  636,  362,  470,  386,  306,  376,  349,  389,  596,  254,  294,  471,  875,  240,  839,  482,  699,  181,  702,  483,  500,  556,  751,  474,  485,  523,   83,  652,  161,  632,  151,  464,  701,  468,   20,  433,  381,  673,  562,  512,  612,  726,  456,  776,  373,  278,  448,  302,  322,  702,  366,  841,  775,  548,  631,  615,  714,  418,  177,  850,  672,  206,  401],
        [  251,    0,  806,  914,  196,  617,  550,  673,  377,  100,  242,  436,  459,  708,  136,  396,  237,  258,  633,    0,  298,   64,  550,  725,  374,  483,  378,  326,  342,  447,  693,  194,  694,  175,  362,  174,  413,  374,  303,  452,  174,  677,  580,  760,  731,  939,  582,  817,  181,  651,  569,  274,  666,  539,  886,  381,  590,  321,  552,  589,  134,  823,  315,  773,  349,  356,  441,  256,  386,   91,  456,  426,  276,  250,   30,  227,  263,  240,  276,  366,  349,  537,  469,  550,  678,  657,  297,  914,  676,  364,  420,  670,  911,  133,  817,  423,  623,  745,  300,  558,  122,  221,   95,  353,  623,  641,  438,  599,  725,  363,  741,  247,  369,  701,   51,  424,  311,  598,  138,  613,  318,  225,  733,  536,  377,  437,  258,  709,  284,  678,  600,  340,  310,  540,  521,  677,  378,  224,  778,  543,  510,  902,  631,  118,  909,  224,  160,  710,  439,  731,  257,  503,  194,  594,  167,  620,  314,  314,  183,  311,  143,  684,  335,  555,  216,  324,  505,  666,  333,  344,  378,  424,  228,  493,   87,  522,  187,  211,  250,  646,  225,  276,  454,  739],
        [  543,    0,  550,  617,  185,  351,  361,  645,  255,  222,  321,  148,  534,  448,  197,  158,  227,  293,  426,  298,    0,  301,  495,  461,  534,  309,  675,  121,  525,  410,  445,  311,  399,  139,   84,  192,  216,  420,  424,  287,  157,  677,  363,  475,  573,  645,  443,  542,  155,  409,  548,  506,  369,  258,  604,  502,  550,  112,  269,  585,  432,  566,  484,  483,  348,  271,  253,  156,  358,  247,  353,  299,  331,  527,  270,  392,   50,  522,  271,  312,  236,  285,  172,  431,  516,  397,  588,  621,  533,  393,  129,  621,  617,  431,  531,  268,  345,  488,  165,  260,  238,  458,  359,   92,  460,  416,  221,  503,  437,  523,  500,  381,  209,  408,  279,  352,   97,  354,  434,  357,  614,  444,  663,  574,  390,  151,  170,  640,   63,  408,  513,  199,   56,  474,  242,  509,  458,  479,  528,  357,  231,  604,  357,  405,  614,  325,  302,  486,  271,  566,  463,  350,  113,  387,  170,  419,  366,   46,  259,  458,  266,  417,  302,  581,  366,   54,  441,  370,  206,  110,  289,  421,  450,  383,  222,  305,  404,  478,   73,  513,  470,  499,  220,  442],
        [  244,    0,  778,  908,  162,  595,  511,  612,  334,   80,  302,  428,  395,  731,  175,  420,  286,  202,  596,   64,  301,    0,  606,  747,  314,  444,  389,  351,  285,  389,  720,  133,  686,  199,  353,  215,  382,  312,  239,  412,  205,  614,  546,  744,  683,  929,  533,  795,  212,  679,  508,  227,  668,  553,  867,  318,  530,  301,  538,  527,  147,  796,  255,  761,  406,  403,  406,  291,  441,   57,  505,  382,  335,  227,   77,  165,  274,  222,  223,  313,  391,  561,  466,  599,  631,  680,  325,  904,  626,  424,  428,  610,  900,  152,  802,  463,  606,  719,  268,  558,   81,  278,   58,  341,  666,  607,  409,  545,  736,  303,  710,  184,  333,  691,   27,  475,  333,  625,  144,  587,  318,  172,  674,  472,  317,  427,  224,  650,  274,  698,  545,  304,  323,  595,  505,  720,  315,  186,  748,  581,  525,  897,  649,  162,  901,  162,   98,  675,  477,  684,  202,  460,  189,  629,  145,  581,  253,  308,  239,  249,   88,  705,  388,  492,  279,  316,  449,  670,  295,  326,  425,  364,  287,  542,   81,  554,  132,  180,  242,  595,  279,  226,  428,  735],
        [  745,    0,  962,  867,  616,  777,  847, 1131,  747,  571,  313,  585,  975,  466,  440,  374,  327,  734,  899,  550,  495,  606,    0,  488,  918,  801,  786,  376,  890,  892,  422,  707,  723,  450,  563,  402,  708,  870,  831,  781,  430, 1156,  835,  832, 1060,  919,  936,  917,  425,  387, 1030,  822,  627,  466,  951,  914, 1037,  607,  679, 1063,  631,  974,  860,  813,  201,  228,  745,  360,  165,  589,  147,  792,  278,  774,  530,  766,  461,  758,  727,  792,  260,  384,  562,  119, 1004,  442,  665,  906, 1024,  197,  475, 1112,  904,  618,  871,  242,  747,  905,  650,  581,  607,  477,  644,  580,  209,  877,  708,  997,  583,  907,  937,  776,  703,  741,  582,  145,  399,  376,  643,  797,  779,  774, 1156, 1035,  852,  594,  639, 1133,  552,  482, 1007,  691,  441,   27,  669,  240,  893,  767,  951,  244,  451,  846,  473,  556,  880,  733,  679,  942,  249, 1050,  806,  844,  531,  290,  578,  896,  808,  540,  367,  849,  645,  473,  221, 1048,  368,  546,  931,  602,  695,  604,  208,  892,  453,  128,  553,  308,  736,  749,  541, 1006,  494,  825,  700,  718],
        [  975,    0,  604,  403,  645,  481,  642, 1014,  652,  673,  603,  408,  972,   23,  592,  329,  526,  746,  648,  725,  461,  747,  488,    0,  992,  633, 1082,  400,  985,  815,   67,  771,  342,  552,  454,  561,  568,  859,  881,  633,  552, 1063,  597,  445,  823,  460,  755,  529,  546,  103,  937,  963,  237,  208,  533,  955,  925,  531,  408,  979,  855,  610,  944,  409,  528,  438,  593,  476,  498,  698,  397,  674,  583,  972,  696,  852,  476,  964,  718,  731,  417,  189,  354,  369,  776,   69,  975,  454,  812,  569,  337,  979,  454,  849,  462,  347,  434,  565,  596,  287,  694,  800,  804,  477,  287,  609,  546,  842,  128,  981,  617,  841,  602,  361,  722,  442,  416,  137,  861,  514, 1038,  902,  995,  993,  821,  416,  619,  977,  513,   57,  857,  610,  426,  463,  424,  285,  904,  931,  609,  257,  232,  381,  107,  805,  423,  784,  762,  649,  327,  806,  923,  679,  570,  200,  629,  655,  814,  477,  592,  917,  726,   45,  492,  993,  675,  474,  821,  206,  622,  509,  428,  841,  781,  384,  667,  226,  862,  926,  533,  811,  816,  958,  522,  300],
        [  321,    0,  828, 1050,  350,  693,  534,  415,  389,  354,  615,  606,  154,  980,  481,  684,  595,  250,  614,  374,  534,  314,  918,  992,    0,  481,  468,  625,   46,  299,  979,  227,  834,  487,  543,  521,  478,  184,  113,  457,  501,  387,  592,  854,  616, 1055,  488,  877,  508,  942,  334,  147,  854,  786,  956,   68,  371,  468,  678,  327,  351,  845,   59,  885,  719,  709,  478,  585,  754,  333,  811,  405,  648,  256,  390,  154,  530,  274,  282,  312,  692,  818,  657,  904,  582,  929,  488, 1027,  557,  737,  656,  436, 1023,  366,  910,  757,  724,  780,  404,  747,  321,  547,  285,  522,  962,  645,  510,  445,  950,   12,  747,  154,  427,  832,  337,  785,  602,  887,  336,  671,  380,  159,  508,  242,  228,  601,  375,  488,  480,  938,  435,  406,  577,  907,  646, 1016,  133,  205,  793,  869,  761, 1046,  887,  419, 1036,  210,  246,  695,  768,  627,  126,  465,  434,  910,  373,  595,  195,  516,  552,   76,  284,  948,  699,  269,  585,  520,  355,  867,  393,  493,  731,  252,  564,  847,  370,  829,  189,  232,  462,  522,  541,  133,  538,  897],
        [  659,    0,  353,  580,  288,  219,   68,  382,  112,  384,  610,  240,  392,  630,  455,  437,  524,  273,  153,  483,  309,  444,  801,  633,  481,    0,  819,  425,  499,  207,  648,  348,  379,  406,  239,  470,   93,  301,  381,   32,  431,  431,  113,  378,  267,  579,  137,  397,  431,  627,  308,  540,  432,  442,  476,  420,  293,  202,  237,  351,  588,  371,  459,  413,  654,  579,   56,  461,  666,  395,  656,   77,  626,  615,  467,  409,  350,  621,  238,  172,  544,  514,  287,  726,  210,  587,  768,  551,  224,  697,  348,  347,  547,  595,  432,  565,  258,  301,  188,  348,  365,  695,  485,  221,  735,  171,   97,  213,  549,  473,  277,  377,  118,  372,  438,  659,  403,  578,  582,  193,  737,  488,  372,  383,  255,  231,  227,  352,  260,  578,  226,  145,  360,  779,  213,  778,  354,  549,  320,  631,  431,  579,  531,  600,  563,  335,  371,  234,  564,  262,  486,   48,  324,  643,  320,  138,  292,  263,  538,  423,  360,  593,  610,  376,  638,  256,  193,  454,  151,  199,  596,  248,  696,  683,  399,  565,  465,  563,  283,  207,  702,  526,  115,  447],
        [  163,    0, 1162, 1291,  549,  983,  885,  878,  707,  465,  501,  812,  618, 1063,  496,  759,  559,  550,  971,  378,  675,  389,  786, 1082,  468,  819,    0,  688,  423,  709, 1041,  472, 1070,  546,  737,  523,  766,  598,  492,  788,  539,  854,  926, 1132, 1030, 1315,  885, 1183,  545,  997,  788,  326, 1043,  909, 1255,  523,  821,  689,  925,  788,  245, 1180,  436, 1147,  608,  665,  787,  607,  649,  445,  749,  749,  531,  220,  406,  427,  638,  208,  583,  664,  674,  895,  846,  834,  985, 1014,  122, 1290,  971,  593,  794,  893, 1286,  245, 1189,  750,  994, 1104,  654,  935,  468,  310,  338,  727,  925,  987,  795,  871, 1096,  465, 1091,  464,  715, 1076,  404,  704,  678,  949,  246,  974,   89,  353,  965,  708,  626,  812,  610,  943,  658, 1040,  866,  686,  683,  788,  893,  977,  567,  286, 1132,  867,  880, 1279,  996,  279, 1286,  490,  448, 1052,  769, 1036,  372,  826,  570,  925,  532,  954,  562,  690,  492,  464,  463, 1043,  622,  734,  430,  699,  773, 1041,  676,  714,  682,  669,  334,  781,  459,  865,  362,  265,  625,  937,  293,  343,  815, 1116],
        [  576,    0,  628,  636,  280,  431,  474,  765,  376,  282,  253,  225,  642,  383,  194,   71,  156,  397,  531,  326,  121,  351,  376,  400,  625,  425,  688,    0,  609,  529,  369,  398,  435,  153,  189,  166,  333,  530,  520,  405,  153,  796,  467,  529,  687,  673,  561,  605,  146,  328,  668,  574,  375,  223,  658,  601,  670,  233,  337,  704,  456,  643,  571,  526,  247,  157,  370,   86,  249,  307,  233,  419,  251,  573,  296,  475,   99,  565,  380,  430,  120,  212,  220,  311,  630,  332,  587,  652,  649,  295,  135,  742,  649,  451,  580,  148,  413,  568,  283,  282,  309,  428,  407,  205,  346,  515,  333,  624,  410,  613,  589,  471,  330,  448,  325,  235,   26,  274,  462,  445,  639,  514,  783,  688,  503,  232,  283,  761,  182,  354,  633,  320,   67,  354,  319,  397,  564,  536,  611,  247,  194,  621,  308,  410,  639,  418,  382,  583,  153,  678,  538,  468,  192,  286,  252,  526,  472,  166,  213,  550,  344,  359,  199,  697,  315,  171,  562,  366,  326,  229,  173,  538,  414,  262,  273,  206,  473,  529,  180,  631,  442,  570,  328,  461],
        [  275,    0,  849, 1060,  341,  707,  555,  458,  401,  333,  583,  606,  197,  972,  456,  671,  568,  251,  636,  342,  525,  285,  890,  985,   46,  499,  423,  609,    0,  327,  968,  215,  842,  466,  541,  496,  488,  210,  120,  473,  479,  432,  611,  868,  649, 1068,  517,  895,  486,  931,  374,  102,  856,  779,  973,  105,  410,  467,  685,  369,  309,  866,   43,  897,  689,  684,  491,  564,  725,  310,  787,  422,  617,  211,  360,  135,  516,  229,  286,  328,  669,  807,  656,  880,  613,  921,  442, 1040,  589,  706,  649,  477, 1036,  324,  924,  736,  735,  799,  405,  748,  302,  506,  251,  520,  942,  665,  520,  479,  948,   43,  769,  145,  435,  841,  309,  758,  587,  875,  294,  686,  335,  121,  549,  286,  252,  602,  372,  529,  473,  931,  471,  412,  564,  879,  653,  996,  163,  161,  814,  851,  754, 1055,  880,  379, 1047,  203,  228,  719,  749,  659,   87,  486,  420,  894,  359,  618,  208,  510,  523,   77,  266,  941,  672,  313,  549,  514,  386,  867,  399,  493,  707,  281,  524,  823,  346,  814,  155,  188,  452,  554,  499,   88,  547,  903],
        [  547,    0,  535,  787,  285,  425,  247,  241,  165,  363,  641,  408,  187,  808,  478,  565,  577,  189,  319,  447,  410,  389,  892,  815,  299,  207,  709,  529,  327,    0,  820,  260,  585,  448,  373,  508,  248,  119,  222,  194,  472,  267,  308,  582,  325,  783,  190,  592,  476,  792,  139,  395,  630,  612,  672,  232,  149,  304,  438,  175,  511,  551,  294,  619,  715,  664,  229,  533,  738,  360,  757,  145,  667,  491,  443,  282,  435,  502,  177,  100,  634,  671,  461,  840,  286,  762,  687,  754,  265,  750,  497,  228,  750,  522,  634,  677,  465,  491,  247,  537,  330,  666,  408,  350,  869,  354,  273,  163,  743,  293,  454,  246,  216,  578,  396,  747,  505,  739,  501,  398,  621,  357,  287,  180,   83,  400,  253,  263,  348,  759,  160,  215,  465,  873,  410,  917,  167,  424,  500,  766,  595,  785,  709,  548,  768,  233,  293,  399,  681,  334,  343,  178,  363,  790,  325,  300,  149,  372,  567,  259,  304,  772,  679,  179,  646,  370,   65,  650,  206,  319,  685,   48,  674,  789,  383,  708,  350,  444,  353,  231,  668,  379,  300,  652],
        [  941,    0,  651,  467,  629,  514,  663, 1028,  656,  649,  554,  414,  969,   47,  558,  301,  483,  736,  677,  693,  445,  720,  422,   67,  979,  648, 1041,  369,  968,  820,    0,  754,  388,  522,  451,  524,  576,  855,  869,  644,  520, 1074,  623,  495,  853,  524,  774,  580,  513,   45,  946,  940,  281,  208,  590,  945,  937,  526,  433,  988,  820,  658,  928,  462,  473,  387,  604,  440,  441,  674,  337,  681,  532,  942,  664,  834,  454,  933,  710,  731,  370,  162,  362,  304,  804,   62,  931,  517,  838,  512,  328,  995,  516,  813,  517,  297,  469,  608,  591,  309,  673,  752,  776,  474,  221,  640,  557,  859,  185,  967,  657,  826,  604,  407,  694,  383,  388,   96,  827,  545, 1001,  880, 1015,  996,  819,  422,  610,  996,  501,   88,  873,  610,  405,  398,  445,  220,  898,  905,  653,  196,  226,  445,  121,  766,  486,  769,  743,  685,  277,  836,  903,  695,  550,  138,  610,  683,  806,  467,  550,  903,  706,   72,  440,  998,  627,  465,  831,  249,  621,  506,  375,  842,  733,  322,  641,  177,  839,  898,  517,  834,  769,  936,  534,  353],
        [  311,    0,  698,  870,  127,  531,  414,  480,  238,  136,  418,  401,  272,  758,  267,  458,  380,   79,  500,  194,  311,  133,  707,  771,  227,  348,  472,  398,  215,  260,  754,    0,  648,  263,  332,  305,  308,  180,  126,  318,  280,  483,  458,  688,  566,  884,  417,  728,  286,  717,  376,  209,  651,  566,  804,  209,  399,  262,  492,  395,  254,  715,  174,  712,  512,  489,  322,  362,  543,  121,  591,  277,  449,  268,  198,   83,  303,  273,  111,  195,  469,  593,  449,  683,  517,  707,  433,  856,  508,  537,  436,  478,  853,  264,  746,  532,  551,  642,  206,  542,  100,  410,  149,  313,  737,  518,  339,  419,  738,  216,  624,   74,  254,  650,  145,  568,  375,  662,  245,  516,  389,  149,  543,  344,  185,  398,  166,  519,  261,  717,  418,  226,  351,  693,  459,  790,  190,  204,  666,  643,  540,  862,  666,  290,  859,   30,   35,  582,  542,  570,  159,  354,  207,  683,  146,  483,  120,  297,  348,  152,   62,  727,  486,  362,  406,  303,  322,  660,  214,  288,  511,  233,  419,  627,  155,  603,  119,  216,  239,  475,  411,  199,  363,  706],
