{
    "name": "random-53-29596",
    "comment": "size=53 seed=29596",
    "nodes": ["+0", "-0", "+1", "-1", "+2", "-2", "+3", "-3", "+4", "-4", "+5", "-5", "+6", "-6", "+7", "-7", "+8", "-8", "+9", "-9", "+10", "-10", "+11", "-11", "+12", "-12", "+13", "-13", "+14", "-14", "+15", "-15", "+16", "-16", "+17", "-17", "+18", "-18", "+19", "-19", "+20", "-20", "+21", "-21", "+22", "-22", "+23", "-23", "+24", "-24", "+25", "-25", "+26", "-26", "+27", "-27", "+28", "-28", "+29", "-29", "+30", "-30", "+31", "-31", "+32", "-32", "+33", "-33", "+34", "-34", "+35", "-35", "+36", "-36", "+37", "-37", "+38", "-38", "+39", "-39", "+40", "-40", "+41", "-41", "+42", "-42", "+43", "-43", "+44", "-44", "+45", "-45", "+46", "-46", "+47", "-47", "+48", "-48", "+49", "-49", "+50", "-50", "+51", "-51", "+52", "-52", "+53", "-53"],
    "precedence": {
        "+0": "-0",
        "+1": "-1",
        "+2": "-2",
        "+3": "-3",
        "+4": "-4",
        "+5": "-5",
        "+6": "-6",
        "+7": "-7",
        "+8": "-8",
        "+9": "-9",
        "+10": "-10",
        "+11": "-11",
        "+12": "-12",
        "+13": "-13",
        "+14": "-14",
        "+15": "-15",
        "+16": "-16",
        "+17": "-17",
        "+18": "-18",
        "+19": "-19",
        "+20": "-20",
        "+21": "-21",
        "+22": "-22",
        "+23": "-23",
        "+24": "-24",
        "+25": "-25",
        "+26": "-26",
        "+27": "-27",
        "+28": "-28",
        "+29": "-29",
        "+30": "-30",
        "+31": "-31",
        "+32": "-32",
        "+33": "-33",
        "+34": "-34",
        "+35": "-35",
        "+36": "-36",
        "+37": "-37",
        "+38": "-38",
        "+39": "-39",
        "+40": "-40",
        "+41": "-41",
        "+42": "-42",
        "+43": "-43",
        "+44": "-44",
        "+45": "-45",
        "+46": "-46",
        "+47": "-47",
        "+48": "-48",
        "+49": "-49",
        "+50": "-50",
        "+51": "-51",
        "+52": "-52",
        "+53": "-53"
    },
    "edges": [
        [    0,    0,  980,  395,  357,  418,  431,  561,  554, 1099,  183,  304,  472,  456,  869,   17,  470,  112,  347,  782,  866,  483,  369,  718,  327,  845, 1007,  749,  896,  747,  531,  930,  616,  828,  436,  894,  978,  181,  796,  296, 1005,  872,  700,  878,  947,  872,  463,  415,  403,  609, 1183,  357,  542,  972,  468,  294,  254,  655,  357,  416,  756, 1081,  925,  112,  816, 1042,  651,  767,  923,  825,  687,  263,  271,  143,  580,  922,  698,  599,  403,  725,  723,  171, 1104,  495,  589,  931,   33,  590,  598,  853,  321,  726,  830,  483,  791,  978,  519,  217, 1034,  583,  787,  795,  165,  891,  961,  460,  640,  143],
        [    0,    0,    0,    0,    0,    0,    0,    0,    0,    0,    0,    0,    0,    0,    0,    0,    0,    0,    0,    0,    0,    0,    0,    0,    0,    0,    0,    0,    0,    0,    0,    0,    0,    0,    0,    0,    0,    0,    0,    0,    0,    0,    0,    0,    0,    0,    0,    0,    0,    0,    0,    0,    0,    0,    0,    0,    0,    0,    0,    0,    0,    0,    0,    0,    0,    0,    0,    0,    0,    0,    0,    0,    0,    0,    0,    0,    0,    0,    0,    0,    0,    0,    0,    0,    0,    0,    0,    0,    0,    0,    0,    0,    0,    0,    0,    0,    0,    0,    0,    0,    0,    0,    0,    0,    0,    0,    0,    0],
        [  980,    0,    0,  587,  791,  767,  665,  702,  504,  446,  879,  796,  930,  549,  445,  995,  893,  869,  832,  675,  175,  831,  619,  563,  786,  510,   81,  341,  554,  430,  504,  223, 1025,  646,  561,  505,   87,  944,  220,  994,  103,  587,  890,  222,  293,  308,  933,  565,  589,  431,  406,  650,  438,  331,  596,  738,  907,  489,  641,  695,  229,  354,  155,  966,  165,  183,  617,  789,   60,  418,  429,  845,  893, 1037,  472,  414,  566,  750,  972,  572,  623,  853,  278,  668,  609,  246,  996,  448,  627,  479,  862,  257,  502,  616,  531,  216,  487,  768,  291,  461,  522,  495,  981,  465,  433,  562,  862,  840],
        [  395,    0,  587,    0,  292,  311,  263,  372,  216,  743,  306,  298,  480,  142,  565,  411,  451,  284,  364,  542,  486,  410,   89,  433,  304,  530,  613,  402,  592,  404,  181,  562,  626,  568,  116,  574,  584,  394,  404,  482,  611,  583,  595,  508,  572,  524,  478,   30,   99,  242,  810,  143,  152,  603,  184,  215,  387,  330,  121,  280,  367,  709,  546,  397,  424,  651,  440,  587,  529,  481,  338,  298,  381,  469,  263,  604,  456,  436,  479,  444,  467,  291,  719,  286,  333,  568,  413,  256,  398,  562,  343,  332,  549,  269,  526,  592,  144,  190,  655,  257,  481,  478,  425,  592,  615,  128,  537,  258],
        [  357,    0,  791,  292,    0,   61,  521,  207,  290,  789,  175,  484,  190,  431,  854,  372,  164,  297,  554,  427,  734,  143,  353,  382,  501,  515,  792,  683,  558,  447,  288,  823,  341,  477,  404,  565,  761,  478,  576,  599,  782,  529,  360,  770,  668,  800,  187,  321,  380,  363,  891,  392,  413,  682,  196,  412,  518,  352,  372,  527,  604,  791,  792,  436,  645,  796,  724,  411,  732,  519,  401,   97,  523,  493,  555,  890,  745,  243,  192,  386,  375,  389,  837,  157,  254,  833,  389,  546,  678,  853,   74,  543,  841,  544,  818,  721,  313,  306,  757,  549,  457,  470,  487,  882,  647,  238,  299,  308],
        [  418,    0,  767,  311,   61,    0,  555,  146,  263,  738,  236,  530,  177,  452,  862,  433,  144,  355,  601,  367,  723,  101,  381,  327,  546,  461,  762,  685,  501,  401,  268,  815,  316,  417,  425,  510,  731,  534,  548,  654,  751,  471,  309,  762,  625,  799,  177,  338,  404,  336,  844,  425,  414,  637,  177,  455,  571,  308,  404,  564,  592,  744,  779,  494,  627,  760,  749,  351,  708,  470,  362,  158,  576,  553,  568,  894,  766,  182,  206,  330,  317,  442,  795,  108,  201,  826,  450,  557,  705,  863,  122,  525,  854,  573,  834,  682,  302,  354,  713,  561,  403,  418,  545,  890,  596,  231,  247,  363],
        [  431,    0,  665,  263,  521,  555,    0,  634,  465,  940,  454,  148,  709,  153,  444,  441,  685,  344,  168,  802,  511,  655,  178,  686,  130,  768,  718,  358,  833,  633,  429,  548,  862,  824,  165,  807,  696,  314,  551,  334,  725,  829,  853,  502,  753,  472,  705,  247,  167,  467,  981,  131,  294,  792,  447,  140,  257,  575,  152,   30,  442,  887,  564,  363,  509,  786,  224,  850,  618,  703,  568,  488,  239,  421,  196,  501,  267,  697,  686,  698,  726,  261,  871,  547,  594,  542,  430,  218,  172,  424,  550,  456,  400,   57,  361,  747,  380,  249,  825,  205,  725,  717,  354,  464,  828,  389,  794,  306],
        [  561,    0,  702,  372,  207,  146,  634,    0,  228,  608,  381,  637,  242,  506,  873,  576,  207,  489,  708,  222,  691,  144,  456,  193,  650,  326,  683,  688,  360,  295,  251,  788,  324,  271,  483,  374,  653,  664,  483,  781,  668,  327,  230,  738,  517,  790,  248,  393,  470,  291,  721,  507,  428,  521,  191,  556,  692,  215,  484,  648,  562,  625,  742,  631,  583,  664,  803,  223,  647,  352,  274,  303,  694,  692,  602,  896,  809,   66,  309,  194,  173,  567,  686,   87,   93,  803,  592,  586,  765,  880,  264,  486,  877,  639,  864,  584,  302,  469,  602,  593,  270,  288,  679,  902,  467,  255,  180,  492],
        [  554,    0,  504,  216,  290,  263,  465,  228,    0,  546,  408,  514,  430,  319,  648,  571,  394,  453,  580,  340,  469,  334,  302,  221,  520,  316,  503,  462,  377,  196,   37,  565,  543,  359,  302,  361,  472,  595,  287,  693,  493,  368,  453,  514,  396,  563,  433,  223,  301,   74,  630,  357,  210,  418,   97,  430,  598,  115,  334,  486,  339,  528,  523,  585,  367,  511,  601,  407,  446,  275,  134,  356,  594,  656,  391,  669,  598,  290,  468,  233,  263,  490,  559,  170,  150,  578,  580,  370,  569,  656,  362,  267,  654,  456,  645,  438,   89,  385,  484,  380,  265,  263,  622,  677,  411,   99,  406,  438],
        [ 1099,    0,  446,  743,  789,  738,  940,  608,  546,    0,  941, 1030,  842,  790,  871, 1115,  810,  998, 1087,  445,  588,  749,  816,  415, 1030,  283,  369,  722,  268,  352,  573,  662,  870,  390,  786,  238,  361, 1135,  401, 1223,  345,  311,  690,  646,  192,  734,  849,  738,  801,  502,  133,  866,  648,  150,  632,  951, 1127,  446,  847,  967,  547,   96,  592, 1130,  496,  270,  979,  556,  438,  275,  413,  876, 1119, 1201,  782,  849,  944,  618,  915,  415,  446, 1031,  196,  633,  537,  685, 1125,  754,  972,  900,  858,  498,  917,  907,  936,  237,  599,  926,  156,  768,  339,  321, 1164,  894,  142,  643,  694,  983],
        [  183,    0,  879,  306,  175,  236,  454,  381,  408,  941,    0,  372,  304,  415,  852,  197,  296,  145,  436,  602,  790,  302,  323,  546,  394,  677,  893,  702,  724,  591,  392,  868,  456,  650,  390,  726,  863,  322,  676,  445,  888,  698,  521,  814,  802,  826,  296,  334,  358,  472, 1034,  339,  455,  823,  314,  320,  375,  496,  328,  450,  668,  932,  850,  270,  720,  914,  675,  584,  820,  667,  536,   81,  386,  321,  548,  897,  710,  417,  251,  552,  546,  251,  966,  320,  416,  873,  215,  549,  624,  843,  142,  622,  826,  492,  795,  844,  395,  206,  891,  546,  618,  629,  324,  878,  801,  324,  460,  170],
        [  304,    0,  796,  298,  484,  530,  148,  637,  514, 1030,  372,    0,  660,  251,  589,  310,  642,  238,   72,  830,  650,  626,  216,  728,   24,  828,  842,  503,  890,  700,  479,  692,  815,  861,  248,  872,  818,  168,  659,  200,  847,  880,  838,  645,  850,  618,  654,  296,  229,  535, 1084,  164,  388,  885,  468,   84,  113,  628,  184,  124,  568,  987,  705,  221,  635,  902,  352,  859,  745,  776,  634,  426,   98,  275,  336,  647,  404,  695,  620,  738,  757,  135,  982,  551,  618,  688,  296,  355,  300,  567,  494,  568,  541,  204,  500,  856,  439,  179,  928,  343,  778,  775,  208,  608,  908,  422,  777,  205],
        [  472,    0,  930,  480,  190,  177,  709,  242,  430,  842,  304,  660,    0,  620, 1037,  483,   37,  447,  728,  418,  896,  101,  542,  431,  679,  560,  918,  861,  583,  536,  440,  989,  156,  475,  593,  606,  887,  625,  710,  749,  905,  545,  244,  937,  758,  975,   10,  508,  569,  503,  960,  580,  590,  763,  352,  593,  677,  451,  561,  713,  765,  865,  952,  571,  797,  905,  913,  350,  873,  594,  510,  235,  686,  614,  741, 1070,  934,  225,   88,  430,  397,  550,  928,  262,  331, 1001,  504,  731,  867, 1037,  167,  696, 1027,  733, 1006,  824,  477,  482,  844,  734,  506,  527,  625, 1065,  704,  407,  193,  467],
        [  456,    0,  549,  142,  431,  452,  153,  506,  319,  790,  415,  251,  620,    0,  438,  469,  591,  349,  300,  658,  415,  551,   93,  538,  246,  617,  592,  295,  681,  481,  283,  475,  767,  677,   28,  655,  568,  395,  409,  451,  596,  679,  732,  423,  606,  419,  617,  116,   58,  315,  837,  103,  143,  643,  316,  189,  361,  425,  100,  179,  320,  741,  474,  422,  386,  651,  300,  715,  497,  550,  416,  424,  348,  491,  133,  483,  315,  571,  613,  551,  581,  309,  732,  422,  456,  476,  465,  136,  260,  430,  476,  317,  415,  138,  389,  606,  232,  241,  680,  132,  574,  565,  433,  464,  676,  253,  676,  314],
        [  869,    0,  445,  565,  854,  862,  444,  873,  648,  871,  852,  589, 1037,  438,    0,  880, 1005,  771,  587,  952,  284,  956,  530,  822,  569,  836,  524,  188,  896,  708,  622,  227, 1174,  947,  464,  853,  521,  756,  503,  751,  544,  914, 1100,  227,  689,  139, 1036,  535,  495,  596,  849,  521,  451,  733,  696,  576,  691,  710,  528,  466,  354,  786,  291,  806,  383,  624,  263, 1043,  435,  742,  667,  860,  671,  863,  306,   63,  200,  937, 1043,  835,  881,  703,  721,  802,  796,  206,  871,  309,  304,   38,  907,  431,   69,  389,  114,  635,  573,  666,  719,  309,  819,  799,  796,   30,  817,  634, 1052,  734],
        [   17,    0,  995,  411,  372,  433,  441,  576,  571, 1115,  197,  310,  483,  469,  880,    0,  482,  127,  351,  797,  880,  496,  383,  734,  334,  861, 1023,  762,  912,  763,  547,  943,  626,  843,  450,  910,  994,  180,  812,  292, 1021,  888,  713,  891,  963,  885,  474,  431,  417,  626, 1199,  370,  558,  988,  484,  305,  255,  671,  370,  425,  771, 1097,  939,  110,  831, 1058,  659,  781,  938,  841,  703,  277,  273,  133,  593,  934,  707,  614,  413,  741,  739,  180, 1120,  510,  605,  944,   23,  603,  607,  863,  334,  741,  840,  493,  801,  994,  535,  231, 1050,  596,  803,  811,  161,  902,  977,  476,  653,  158],
        [  470,    0,  893,  451,  164,  144,  685,  207,  394,  810,  296,  642,   37,  591, 1005,  482,    0,  436,  711,  390,  861,   64,  516,  397,  661,  527,  882,  828,  553,  500,  405,  954,  178,  447,  565,  574,  851,  616,  674,  740,  868,  515,  235,  902,  723,  941,   42,  479,  541,  466,  926,  555,  557,  728,  317,  573,  665,  415,  536,  691,  729,  830,  916,  565,  761,  869,  887,  329,  836,  559,  473,  222,  673,  611,  711, 1037,  906,  194,  111,  396,  365,  537,  893,  226,  295,  966,  502,  700,  841, 1006,  155,  660,  996,  707,  976,  789,  443,  464,  809,  704,  473,  493,  619, 1033,  670,  374,  179,  454],
        [  112,    0,  869,  284,  297,  355,  344,  489,  453,  998,  145,  238,  447,  349,  771,  127,  436,    0,  297,  705,  756,  435,  260,  630,  261,  753,  896,  643,  807,  648,  427,  822,  600,  748,  328,  801,  868,  182,  686,  305,  894,  786,  655,  769,  841,  767,  440,  304,  295,  504, 1079,  253,  431,  868,  372,  204,  231,  558,  250,  333,  645,  977,  815,  142,  705,  933,  567,  705,  812,  726,  586,  215,  242,  208,  476,  822,  609,  535,  394,  638,  642,  108,  996,  414,  504,  824,  130,  484,  515,  757,  282,  615,  736,  390,  700,  870,  411,  109,  928,  478,  696,  701,  191,  795,  862,  356,  593,   38],
        [  347,    0,  832,  364,  554,  601,  168,  708,  580, 1087,  436,   72,  728,  300,  587,  351,  711,  297,    0,  900,  678,  696,  279,  796,   61,  893,  883,  523,  956,  764,  544,  712,  884,  930,  302,  936,  860,  184,  709,  168,  889,  947,  909,  668,  905,  632,  722,  359,  288,  597, 1137,  225,  441,  941,  537,  153,  109,  693,  246,  139,  608, 1041,  731,  249,  674,  948,  335,  930,  784,  838,  697,  493,   89,  289,  363,  647,  394,  766,  685,  806,  826,  190, 1031,  622,  688,  705,  333,  385,  287,  562,  561,  615,  534,  221,  490,  906,  502,  248,  980,  372,  844,  841,  221,  603,  968,  489,  847,  267],
        [  782,    0,  675,  542,  427,  367,  802,  222,  340,  445,  602,  830,  418,  658,  952,  797,  390,  705,  900,    0,  719,  337,  630,  131,  840,  181,  633,  766,  177,  254,  376,  818,  426,   58,  640,  213,  605,  876,  481,  989,  612,  135,  247,  776,  419,  844,  426,  556,  636,  365,  573,  685,  545,  406,  363,  747,  898,  247,  662,  821,  606,  489,  759,  847,  602,  582,  938,  119,  630,  260,  286,  524,  898,  911,  725,  961,  931,  199,  500,  118,   77,  776,  573,  292,  212,  837,  813,  703,  908,  967,  482,  526,  971,  796,  968,  502,  428,  674,  489,  714,  154,  181,  894,  981,  319,  415,  251,  705],
        [  866,    0,  175,  486,  734,  723,  511,  691,  469,  588,  790,  650,  896,  415,  284,  880,  861,  756,  678,  719,    0,  802,  497,  594,  637,  579,  249,  169,  635,  466,  457,  100, 1012,  703,  432,  589,  241,  806,  242,  844,  266,  659,  903,   61,  409,  147,  898,  460,  464,  401,  569,  518,  335,  453,  546,  601,  762,  494,  513,  540,  132,  503,   60,  837,  118,  345,  443,  823,  154,  484,  440,  771,  746,  905,  316,  265,  392,  748,  924,  605,  655,  723,  442,  638,  602,  118,  878,  295,  456,  314,  801,  205,  334,  458,  359,  352,  423,  649,  436,  307,  573,  550,  845,  307,  541,  497,  865,  723],
        [  483,    0,  831,  410,  143,  101,  655,  144,  334,  749,  302,  626,  101,  551,  956,  496,   64,  435,  696,  337,  802,    0,  482,  335,  643,  466,  818,  776,  495,  436,  347,  897,  218,  393,  525,  514,  787,  616,  611,  739,  805,  459,  220,  845,  659,  887,  106,  437,  505,  406,  864,  525,  506,  664,  262,  552,  659,  351,  505,  664,  671,  768,  857,  571,  701,  805,  849,  291,  774,  496,  409,  223,  665,  623,  666,  985,  865,  139,  167,  335,  306,  530,  829,  165,  231,  909,  516,  654,  806,  958,  163,  601,  950,  673,  931,  725,  388,  448,  745,  658,  411,  431,  623,  985,  609,  322,  159,  449],
        [  369,    0,  619,   89,  353,  381,  178,  456,  302,  816,  323,  216,  542,   93,  530,  383,  516,  260,  279,  630,  497,  482,    0,  520,  219,  615,  655,  386,  677,  486,  266,  563,  693,  656,   69,  657,  628,  331,  457,  407,  656,  669,  675,  510,  640,  510,  539,   81,   36,  320,  875,   55,  186,  673,  271,  136,  313,  415,   33,  193,  392,  777,  557,  347,  455,  704,  372,  673,  564,  560,  419,  336,  304,  419,  226,  575,  396,  519,  529,  531,  555,  235,  779,  369,  421,  565,  381,  228,  326,  521,  392,  374,  505,  192,  476,  651,  224,  153,  720,  225,  566,  562,  366,  555,  693,  216,  616,  226],
        [  718,    0,  563,  433,  382,  327,  686,  193,  221,  415,  546,  728,  431,  538,  822,  734,  397,  630,  796,  131,  594,  335,  520,    0,  735,  134,  529,  636,  178,  134,  257,  692,  483,  139,  522,  184,  500,  792,  359,  898,  511,  156,  329,  649,  336,  716,  438,  442,  521,  237,  530,  575,  419,  335,  266,  644,  804,  118,  552,  707,  477,  435,  636,  771,  477,  493,  812,  230,  514,  168,  157,  475,  802,  838,  598,  832,  803,  212,  501,   13,   62,  688,  503,  228,  131,  711,  748,  575,  784,  837,  448,  397,  841,  676,  838,  411,  308,  583,  418,  586,   77,   96,  813,  851,  274,  307,  310,  624],
        [  327,    0,  786,  304,  501,  546,  130,  650,  520, 1030,  394,   24,  679,  246,  569,  334,  661,  261,   61,  840,  637,  643,  219,  735,    0,  833,  834,  488,  895,  704,  484,  677,  835,  870,  245,  876,  811,  188,  654,  209,  839,  886,  854,  631,  849,  601,  674,  300,  229,  538, 1081,  166,  385,  884,  478,   95,  127,  633,  187,  104,  559,  985,  691,  243,  626,  896,  329,  872,  736,  778,  638,  446,  110,  295,  322,  627,  382,  709,  641,  746,  767,  159,  977,  564,  628,  672,  319,  342,  278,  546,  513,  563,  520,  187,  478,  851,  442,  197,  925,  330,  784,  781,  228,  587,  910,  429,  793,  227],
        [  845,    0,  510,  530,  515,  461,  768,  326,  316,  283,  677,  828,  560,  617,  836,  861,  527,  753,  893,  181,  579,  466,  615,  134,  833,    0,  460,  656,   66,  139,  350,  675,  596,  139,  604,   50,  435,  907,  339, 1008,  438,   80,  424,  639,  240,  715,  567,  534,  610,  302,  403,  669,  483,  226,  382,  745,  913,  202,  647,  792,  482,  314,  611,  891,  463,  403,  866,  299,  470,   96,  201,  607,  909,  960,  653,  835,  847,  336,  633,  133,  165,  802,  393,  360,  262,  695,  873,  627,  845,  856,  582,  406,  864,  750,  869,  324,  392,  696,  309,  640,   59,   53,  931,  863,  146,  412,  419,  743],
        [ 1007,    0,   81,  613,  792,  762,  718,  683,  503,  369,  893,  842,  918,  592,  524, 1023,  882,  896,  883,  633,  249,  818,  655,  529,  834,  460,    0,  411,  499,  398,  508,  303, 1003,  598,  601,  449,   32,  984,  219, 1042,   25,  534,  858,  299,  230,  386,  922,  594,  627,  430,  326,  691,  470,  264,  598,  779,  953,  469,  679,  748,  276,  276,  235, 1001,  209,  103,  686,  749,  103,  373,  410,  853,  939, 1073,  528,  494,  638,  726,  967,  537,  588,  889,  198,  659,  591,  326, 1025,  503,  693,  557,  865,  283,  580,  671,  607,  147,  499,  799,  215,  517,  480,  453, 1020,  544,  369,  571,  835,  869],
        [  749,    0,  341,  402,  683,  685,  358,  688,  462,  722,  702,  503,  861,  295,  188,  762,  828,  643,  523,  766,  169,  776,  386,  636,  488,  656,  411,    0,  718,  525,  437,  190,  993,  762,  317,  677,  398,  666,  332,  690,  425,  733,  914,  146,  533,  125,  861,  372,  351,  409,  721,  393,  271,  577,  515,  466,  614,  523,  393,  386,  180,  645,  213,  704,  226,  501,  276,  856,  310,  565,  481,  699,  597,  769,  171,  210,  228,  751,  873,  649,  694,  593,  596,  620,  610,  186,  756,  160,  288,  202,  741,  250,  209,  303,  218,  492,  390,  535,  577,  167,  636,  617,  706,  217,  651,  455,  867,  607],
        [  896,    0,  554,  592,  558,  501,  833,  360,  377,  268,  724,  890,  583,  681,  896,  912,  553,  807,  956,  177,  635,  495,  677,  178,  895,   66,  499,  718,    0,  204,  412,  729,  603,  123,  668,   50,  476,  964,  396, 1067,  476,   44,  423,  695,  272,  774,  591,  597,  673,  366,  397,  732,  548,  247,  438,  807,  973,  263,  710,  856,  542,  317,  664,  946,  520,  432,  931,  289,  519,  154,  266,  651,  969, 1014,  718,  894,  912,  359,  661,  172,  189,  860,  408,  405,  308,  750,  925,  692,  910,  917,  622,  468,  926,  815,  932,  357,  455,  754,  327,  705,  113,  116,  987,  924,  149,  471,  427,  799],
        [  747,    0,  430,  404,  447,  401,  633,  295,  196,  352,  591,  700,  536,  481,  708,  763,  500,  648,  764,  254,  466,  436,  486,  134,  704,  139,  398,  525,  204,    0,  227,  564,  607,  240,  470,  175,  369,  791,  227,  886,  381,  211,  462,  523,  225,  595,  541,  405,  478,  167,  446,  539,  345,  236,  280,  619,  790,   96,  518,  658,  357,  345,  506,  781,  349,  371,  728,  363,  380,   79,   67,  529,  785,  852,  515,  713,  711,  331,  596,  144,  195,  686,  395,  294,  207,  584,  773,  489,  707,  726,  519,  278,  733,  613,  735,  290,  262,  580,  312,  502,  111,   92,  817,  737,  216,  294,  438,  633],
        [  531,    0,  504,  181,  288,  268,  429,  251,   37,  573,  392,  479,  440,  283,  622,  547,  405,  427,  544,  376,  457,  347,  266,  257,  484,  350,  508,  437,  412,  227,    0,  550,  560,  395,  266,  394,  478,  565,  290,  660,  500,  403,  479,  498,  416,  543,  442,  187,  265,   81,  653,  321,  179,  442,   93,  396,  565,  149,  299,  450,  325,  551,  512,  557,  360,  523,  567,  440,  445,  305,  162,  346,  560,  628,  358,  646,  566,  315,  472,  269,  299,  460,  577,  185,  181,  563,  555,  339,  534,  630,  359,  258,  626,  421,  615,  453,   54,  355,  504,  348,  300,  297,  592,  651,  441,   72,  431,  410],
        [  930,    0,  223,  562,  823,  815,  548,  788,  565,  662,  868,  692,  989,  475,  227,  943,  954,  822,  712,  818,  100,  897,  563,  692,  677,  675,  303,  190,  729,  564,  550,    0, 1108,  801,  495,  682,  304,  854,  339,  879,  325,  754, 1002,   55,  493,   96,  990,  535,  528,  498,  628,  576,  416,  535,  638,  653,  803,  593,  574,  576,  227,  573,   70,  891,  216,  405,  438,  922,  225,  579,  539,  854,  786,  957,  359,  191,  380,  846, 1014,  704,  754,  779,  500,  733,  700,   24,  939,  344,  462,  263,  887,  303,  289,  492,  325,  426,  513,  714,  508,  353,  671,  647,  894,  244,  629,  587,  963,  787],
        [  616,    0, 1025,  626,  341,  316,  862,  324,  543,  870,  456,  815,  156,  767, 1174,  626,  178,  600,  884,  426, 1012,  218,  693,  483,  835,  596, 1003,  993,  603,  607,  560, 1108,    0,  483,  740,  636,  972,  776,  807,  900,  986,  561,  189, 1056,  819, 1102,  162,  653,  718,  611,  996,  733,  724,  815,  479,  749,  831,  537,  713,  868,  881,  909, 1064,  719,  906,  975, 1063,  325,  970,  651,  596,  391,  840,  758,  883, 1202, 1081,  277,  214,  478,  434,  704,  984,  376,  416, 1121,  648,  872, 1018, 1176,  323,  808, 1168,  884, 1149,  893,  604,  638,  899,  876,  550,  575,  774, 1202,  740,  540,  178,  622],
        [  828,    0,  646,  568,  477,  417,  824,  271,  359,  390,  650,  861,  475,  677,  947,  843,  447,  748,  930,   58,  703,  393,  656,  139,  870,  139,  598,  762,  123,  240,  395,  801,  483,    0,  660,  163,  573,  916,  462, 1026,  577,   80,  301,  761,  378,  834,  483,  579,  658,  373,  519,  711,  556,  361,  395,  777,  933,  254,  688,  844,  596,  438,  739,  890,  586,  541,  949,  167,  604,  229,  284,  573,  932,  954,  735,  952,  937,  255,  557,  127,  107,  814,  526,  335,  247,  820,  859,  711,  921,  964,  534,  517,  969,  814,  969,  463,  446,  710,  443,  722,  130,  154,  935,  975,  269,  441,  308,  745],
        [  436,    0,  561,  116,  404,  425,  165,  483,  302,  786,  390,  248,  593,   28,  464,  450,  565,  328,  302,  640,  432,  525,   69,  522,  245,  604,  601,  317,  668,  470,  266,  495,  740,  660,    0,  644,  575,  384,  411,  447,  603,  665,  708,  442,  604,  442,  590,   91,   34,  303,  837,   91,  140,  640,  293,  179,  355,  410,   82,  188,  332,  740,  491,  407,  396,  656,  325,  693,  507,  541,  405,  398,  343,  477,  159,  508,  342,  548,  586,  534,  563,  294,  734,  398,  435,  497,  446,  160,  284,  457,  449,  322,  442,  158,  416,  608,  216,  220,  680,  157,  560,  553,  421,  490,  669,  231,  651,  293],
        [  894,    0,  505,  574,  565,  510,  807,  374,  361,  238,  726,  872,  606,  655,  853,  910,  574,  801,  936,  213,  589,  514,  657,  184,  876,   50,  449,  677,   50,  175,  394,  682,  636,  163,  644,    0,  426,  954,  352, 1053,  427,   88,  459,  649,  222,  729,  613,  577,  651,  341,  361,  711,  519,  200,  430,  789,  958,  248,  690,  832,  500,  276,  616,  939,  475,  383,  897,  330,  470,  113,  240,  657,  954, 1008,  684,  849,  875,  382,  681,  181,  209,  849,  363,  410,  312,  704,  922,  658,  877,  875,  632,  428,  885,  787,  892,  308,  434,  743,  281,  671,  109,  100,  978,  880,  106,  458,  459,  791],
        [  978,    0,   87,  584,  761,  731,  696,  653,  472,  361,  863,  818,  887,  568,  521,  994,  851,  868,  860,  605,  241,  787,  628,  500,  811,  435,   32,  398,  476,  369,  478,  304,  972,  573,  575,  426,    0,  958,  188, 1018,   30,  510,  829,  295,  210,  383,  891,  566,  601,  399,  329,  665,  443,  246,  567,  754,  928,  438,  653,  725,  254,  270,  235,  974,  188,  105,  672,  722,   89,  346,  379,  823,  915, 1046,  508,  494,  626,  696,  936,  509,  559,  863,  202,  628,  560,  327,  997,  482,  677,  553,  834,  256,  574,  650,  600,  130,  469,  771,  205,  496,  452,  425,  994,  542,  349,  541,  805,  841],
        [  181,    0,  944,  394,  478,  534,  314,  664,  595, 1135,  322,  168,  625,  395,  756,  180,  616,  182,  184,  876,  806,  616,  331,  792,  188,  907,  984,  666,  964,  791,  565,  854,  776,  916,  384,  954,  958,    0,  788,  124,  986,  947,  836,  806,  965,  783,  617,  403,  357,  633, 1202,  294,  517,  996,  527,  207,   78,  707,  306,  291,  715, 1102,  863,   71,  780, 1035,  514,  883,  890,  869,  726,  396,   98,  108,  496,  814,  569,  714,  566,  801,  810,  105, 1109,  586,  669,  851,  159,  513,  463,  734,  462,  704,  707,  371,  665,  981,  536,  211, 1047,  503,  852,  854,   41,  774, 1004,  497,  774,  173],
        [  796,    0,  220,  404,  576,  548,  551,  483,  287,  401,  676,  659,  710,  409,  503,  812,  674,  686,  709,  481,  242,  611,  457,  359,  654,  339,  219,  332,  396,  227,  290,  339,  807,  462,  411,  352,  188,  788,    0,  858,  212,  418,  679,  301,  210,  378,  713,  388,  434,  214,  430,  499,  273,  252,  381,  588,  765,  272,  484,  580,  153,  338,  279,  798,  125,  249,  579,  589,  164,  243,  214,  635,  754,  871,  382,  498,  546,  533,  754,  370,  420,  689,  324,  449,  391,  359,  815,  355,  571,  526,  648,   98,  538,  513,  549,  197,  282,  593,  274,  369,  333,  309,  822,  529,  320,  353,  648,  661],
        [  296,    0,  994,  482,  599,  654,  334,  781,  693, 1223,  445,  200,  749,  451,  751,  292,  740,  305,  168,  989,  844,  739,  407,  898,  209, 1008, 1042,  690, 1067,  886,  660,  879,  900, 1026,  447, 1053, 1018,  124,  858,    0, 1046, 1053,  958,  835, 1046,  800,  741,  486,  426,  723, 1281,  360,  586, 1080,  633,  272,   96,  806,  377,  305,  767, 1183,  897,  185,  834, 1102,  493, 1001,  944,  962,  820,  519,  104,  179,  528,  812,  554,  832,  689,  908,  920,  215, 1181,  700,  779,  873,  270,  549,  448,  724,  585,  768,  694,  388,  649, 1054,  626,  316, 1125,  537,  955,  955,  132,  765, 1097,  597,  896,  292],
        [ 1005,    0,  103,  611,  782,  751,  725,  668,  493,  345,  888,  847,  905,  596,  544, 1021,  868,  894,  889,  612,  266,  805,  656,  511,  839,  438,   25,  425,  476,  381,  500,  325,  986,  577,  603,  427,   30,  986,  212, 1046,    0,  512,  839,  319,  206,  406,  909,  593,  629,  421,  305,  693,  471,  240,  589,  782,  957,  454,  681,  754,  283,  252,  256, 1002,  217,   81,  700,  729,  116,  353,  396,  846,  944, 1074,  537,  515,  653,  710,  955,  519,  569,  890,  177,  647,  576,  348, 1024,  511,  706,  577,  855,  283,  599,  679,  625,  122,  494,  798,  190,  525,  459,  433, 1022,  565,  345,  565,  818,  868],
        [  872,    0,  587,  583,  529,  471,  829,  327,  368,  311,  698,  880,  545,  679,  914,  888,  515,  786,  947,  135,  659,  459,  669,  156,  886,   80,  534,  733,   44,  211,  403,  754,  561,   80,  665,   88,  510,  947,  418, 1053,  512,    0,  380,  718,  309,  795,  553,  590,  667,  366,  440,  724,  550,  287,  421,  796,  959,  255,  702,  852,  560,  360,  691,  926,  543,  471,  937,  246,  549,  176,  268,  624,  956,  993,  723,  914,  921,  322,  624,  148,  155,  844,  450,  379,  284,  775,  902,  698,  914,  934,  591,  484,  941,  814,  945,  394,  450,  739,  368,  710,  106,  119,  969,  942,  191,  459,  385,  780],
        [  700,    0,  890,  595,  360,  309,  853,  230,  453,  690,  521,  838,  244,  732, 1100,  713,  235,  655,  909,  247,  903,  220,  675,  329,  854,  424,  858,  914,  423,  462,  479, 1002,  189,  301,  708,  459,  829,  836,  679,  958,  839,  380,    0,  954,  658, 1011,  254,  618,  693,  509,  819,  724,  656,  648,  419,  761,  878,  411,  702,  864,  778,  735,  951,  790,  791,  818, 1030,  137,  839,  491,  467,  443,  883,  841,  832, 1120, 1038,  165,  331,  321,  272,  749,  817,  311,  305, 1018,  733,  815,  991, 1108,  380,  700, 1105,  863, 1093,  737,  531,  663,  732,  822,  386,  412,  843, 1129,  565,  483,   63,  668],
        [  878,    0,  222,  508,  770,  762,  502,  738,  514,  646,  814,  645,  937,  423,  227,  891,  902,  769,  668,  776,   61,  845,  510,  649,  631,  639,  299,  146,  695,  523,  498,   55, 1056,  761,  442,  649,  295,  806,  301,  835,  319,  718,  954,    0,  469,   89,  938,  481,  475,  448,  623,  524,  362,  513,  586,  603,  757,  546,  522,  530,  177,  561,   72,  841,  176,  398,  408,  878,  210,  543,  494,  800,  740,  908,  310,  205,  353,  797,  960,  661,  710,  728,  495,  682,  651,   65,  887,  294,  428,  258,  834,  255,  281,  447,  310,  410,  460,  662,  494,  304,  631,  608,  845,  249,  602,  533,  914,  735],
        [  947,    0,  293,  572,  668,  625,  753,  517,  396,  192,  802,  850,  758,  606,  689,  963,  723,  841,  905,  419,  409,  659,  640,  336,  849,  240,  230,  533,  272,  225,  416,  493,  819,  378,  604,  222,  210,  965,  210, 1046,  206,  309,  658,  469,    0,  556,  764,  563,  622,  338,  238,  687,  464,   44,  489,  774,  952,  317,  670,  781,  356,  138,  423,  966,  310,  163,  788,  538,  269,  169,  268,  746,  942, 1039,  591,  674,  753,  546,  820,  341,  388,  862,  171,  517,  431,  515,  970,  563,  780,  717,  741,  307,  733,  719,  749,   86,  433,  760,   89,  578,  272,  246,  996,  714,  141,  487,  644,  822],
        [  872,    0,  308,  524,  800,  799,  472,  790,  563,  734,  826,  618,  975,  419,  139,  885,  941,  767,  632,  844,  147,  887,  510,  716,  601,  715,  386,  125,  774,  595,  543,   96, 1102,  834,  442,  729,  383,  783,  378,  800,  406,  795, 1011,   89,  556,    0,  975,  495,  475,  503,  710,  516,  387,  599,  625,  587,  728,  608,  517,  498,  239,  649,  154,  825,  255,  486,  345,  942,  298,  621,  560,  821,  710,  888,  293,  120,  285,  851,  991,  728,  776,  715,  583,  727,  706,   80,  879,  283,  372,  171,  860,  319,  196,  415,  229,  498,  499,  658,  582,  290,  704,  682,  823,  160,  686,  568,  968,  731],
        [  463,    0,  933,  478,  187,  177,  705,  248,  433,  849,  296,  654,   10,  617, 1036,  474,   42,  440,  722,  426,  898,  106,  539,  438,  674,  567,  922,  861,  591,  541,  442,  990,  162,  483,  590,  613,  891,  617,  713,  741,  909,  553,  254,  938,  764,  975,    0,  506,  566,  505,  967,  576,  590,  769,  353,  588,  670,  456,  557,  709,  766,  871,  953,  563,  799,  910,  910,  359,  876,  600,  514,  229,  679,  606,  739, 1069,  932,  233,   79,  436,  404,  543,  934,  265,  336, 1002,  496,  730,  864, 1036,  161,  698, 1026,  730, 1004,  830,  478,  477,  849,  733,  513,  533,  617, 1064,  710,  407,  203,  461],
        [  415,    0,  565,   30,  321,  338,  247,  393,  223,  738,  334,  296,  508,  116,  535,  431,  479,  304,  359,  556,  460,  437,   81,  442,  300,  534,  594,  372,  597,  405,  187,  535,  653,  579,   91,  577,  566,  403,  388,  486,  593,  590,  618,  481,  563,  495,  506,    0,   81,  240,  800,  135,  128,  596,  203,  215,  390,  335,  114,  266,  343,  701,  520,  411,  401,  636,  415,  605,  508,  480,  339,  327,  383,  483,  234,  574,  429,  457,  508,  454,  480,  302,  707,  308,  348,  540,  432,  227,  374,  532,  372,  312,  520,  247,  498,  580,  143,  206,  645,  228,  486,  482,  435,  563,  613,  143,  561,  276],
        [  403,    0,  589,   99,  380,  404,  167,  470,  301,  801,  358,  229,  569,   58,  495,  417,  541,  295,  288,  636,  464,  505,   36,  521,  229,  610,  627,  351,  673,  478,  265,  528,  718,  658,   34,  651,  601,  357,  434,  426,  629,  667,  693,  475,  622,  475,  566,   81,    0,  311,  856,   66,  161,  657,  282,  155,  332,  413,   52,  186,  361,  758,  523,  377,  425,  680,  346,  684,  535,  551,  412,  368,  322,  448,  191,  540,  367,  534,  559,  533,  560,  264,  756,  384,  428,  530,  414,  193,  302,  487,  422,  347,  471,  171,  444,  629,  218,  187,  700,  189,  563,  558,  393,  521,  681,  222,  635,  260],
        [  609,    0,  431,  242,  363,  336,  467,  291,   74,  502,  472,  535,  503,  315,  596,  626,  466,  504,  597,  365,  401,  406,  320,  237,  538,  302,  430,  409,  366,  167,   81,  498,  611,  373,  303,  341,  399,  633,  214,  723,  421,  366,  509,  448,  338,  503,  505,  240,  311,    0,  575,  373,  185,  366,  168,  454,  628,  120,  352,  491,  272,  474,  454,  630,  296,  442,  576,  448,  373,  241,  102,  425,  621,  702,  362,  613,  566,  349,  542,  250,  290,  529,  496,  241,  204,  513,  633,  339,  550,  608,  435,  197,  609,  449,  604,  373,   98,  425,  425,  350,  261,  251,  663,  625,  374,  151,  467,  485],
        [ 1183,    0,  406,  810,  891,  844,  981,  721,  630,  133, 1034, 1084,  960,  837,  849, 1199,  926, 1079, 1137,  573,  569,  864,  875,  530, 1081,  403,  326,  721,  397,  446,  653,  628,  996,  519,  837,  361,  329, 1202,  430, 1281,  305,  440,  819,  623,  238,  710,  967,  800,  856,  575,    0,  922,  697,  212,  722, 1010, 1187,  541,  905, 1009,  558,  103,  560, 1204,  498,  225,  990,  685,  416,  374,  499,  975, 1177, 1276,  808,  819,  948,  738, 1030,  531,  567, 1100,  128,  737,  644,  651, 1207,  780,  990,  881,  963,  526,  902,  942,  927,  235,  670,  998,  157,  795,  455,  434, 1234,  869,  258,  724,  819, 1059],
        [  357,    0,  650,  143,  392,  425,  131,  507,  357,  866,  339,  164,  580,  103,  521,  370,  555,  253,  225,  685,  518,  525,   55,  575,  166,  669,  691,  393,  732,  539,  321,  576,  733,  711,   91,  711,  665,  294,  499,  360,  693,  724,  724,  524,  687,  516,  576,  135,   66,  373,  922,    0,  227,  722,  325,   90,  266,  470,   24,  141,  421,  824,  576,  319,  486,  745,  339,  726,  597,  613,  473,  364,  256,  388,  224,  570,  371,  570,  560,  586,  610,  206,  822,  420,  475,  576,  364,  234,  291,  508,  424,  412,  489,  156,  456,  695,  278,  146,  766,  227,  621,  617,  331,  545,  745,  271,  664,  216],
        [  542,    0,  438,  152,  413,  414,  294,  428,  210,  648,  455,  388,  590,  143,  451,  558,  557,  431,  441,  545,  335,  506,  186,  419,  385,  483,  470,  271,  548,  345,  179,  416,  724,  556,  140,  519,  443,  517,  273,  586,  471,  550,  656,  362,  464,  387,  590,  128,  161,  185,  697,  227,    0,  501,  246,  316,  493,  302,  212,  320,  215,  600,  395,  532,  274,  519,  394,  617,  382,  412,  283,  439,  482,  604,  181,  480,  388,  492,  604,  432,  469,  420,  595,  353,  359,  423,  558,  161,  366,  455,  474,  188,  450,  268,  437,  469,  126,  330,  540,  170,  445,  433,  552,  479,  535,  185,  606,  402],
        [  972,    0,  331,  603,  682,  637,  792,  521,  418,  150,  823,  885,  763,  643,  733,  988,  728,  868,  941,  406,  453,  664,  673,  335,  884,  226,  264,  577,  247,  236,  442,  535,  815,  361,  640,  200,  246,  996,  252, 1080,  240,  287,  648,  513,   44,  599,  769,  596,  657,  366,  212,  722,  501,    0,  510,  808,  985,  331,  704,  819,  400,  110,  465,  995,  354,  186,  831,  524,  311,  169,  287,  764,  976, 1067,  632,  717,  797,  546,  828,  339,  382,  893,  169,  529,  439,  558,  996,  605,  823,  761,  754,  349,  777,  758,  793,  118,  462,  790,   84,  619,  265,  241, 1027,  758,  106,  513,  639,  850],
        [  468,    0,  596,  184,  196,  177,  447,  191,   97,  632,  314,  468,  352,  316,  696,  484,  317,  372,  537,  363,  546,  262,  271,  266,  478,  382,  598,  515,  438,  280,   93,  638,  479,  395,  293,  430,  567,  527,  381,  633,  589,  421,  419,  586,  489,  625,  353,  203,  282,  168,  722,  325,  246,  510,    0,  384,  540,  187,  302,  463,  415,  620,  603,  509,  452,  607,  613,  403,  537,  358,  223,  260,  538,  578,  415,  724,  620,  256,  380,  275,  290,  423,  655,  109,  151,  650,  495,  399,  575,  700,  268,  350,  694,  450,  678,  534,  127,  318,  578,  406,  326,  331,  550,  725,  493,   65,  365,  361],
        [  294,    0,  738,  215,  412,  455,  140,  556,  430,  951,  320,   84,  593,  189,  576,  305,  573,  204,  153,  747,  601,  552,  136,  644,   95,  745,  779,  466,  807,  619,  396,  653,  749,  777,  179,  789,  754,  207,  588,  272,  782,  796,  761,  603,  774,  587,  588,  215,  155,  454, 1010,   90,  316,  808,  384,    0,  178,  544,  105,  131,  509,  911,  658,  239,  574,  834,  364,  778,  685,  694,  552,  364,  169,  305,  296,  630,  407,  615,  561,  655,  674,  129,  911,  470,  535,  651,  295,  310,  311,  559,  429,  501,  536,  189,  499,  784,  357,  115,  854,  301,  695,  692,  245,  598,  827,  338,  700,  166],
        [  254,    0,  907,  387,  518,  571,  257,  692,  598, 1127,  375,  113,  677,  361,  691,  255,  665,  231,  109,  898,  762,  659,  313,  804,  127,  913,  953,  614,  973,  790,  565,  803,  831,  933,  355,  958,  928,   78,  765,   96,  957,  959,  878,  757,  952,  728,  670,  390,  332,  628, 1187,  266,  493,  985,  540,  178,    0,  712,  283,  230,  679, 1089,  817,  147,  746, 1010,  443,  914,  856,  867,  724,  443,   21,  180,  448,  750,  500,  746,  625,  814,  828,  130, 1088,  610,  687,  799,  235,  467,  393,  668,  511,  676,  640,  313,  596,  961,  530,  225, 1031,  455,  860,  860,  113,  709, 1001,  502,  816,  212],
