{
    "name": "random-24-28130",
    "comment": "size=24 seed=28130",
    "nodes": ["+0", "-0", "+1", "-1", "+2", "-2", "+3", "-3", "+4", "-4", "+5", "-5", "+6", "-6", "+7", "-7", "+8", "-8", "+9", "-9", "+10", "-10", "+11", "-11", "+12", "-12", "+13", "-13", "+14", "-14", "+15", "-15", "+16", "-16", "+17", "-17", "+18", "-18", "+19", "-19", "+20", "-20", "+21", "-21", "+22", "-22", "+23", "-23", "+24", "-24"],
    "precedence": {
        "+0": "-0",
        "+1": "-1",
        "+2": "-2",
        "+3": "-3",
        "+4": "-4",
        "+5": "-5",
        "+6": "-6",
        "+7": "-7",
        "+8": "-8",
        "+9": "-9",
        "+10": "-10",
        "+11": "-11",
        "+12": "-12",
        "+13": "-13",
        "+14": "-14",
        "+15": "-15",
        "+16": "-16",
        "+17": "-17",
        "+18": "-18",
        "+19": "-19",
        "+20": "-20",
        "+21": "-21",
        "+22": "-22",
        "+23": "-23",
        "+24": "-24"
    },
    "edges": [
        [    0,    0,   51,  474,  827,  961,  585,  383,  466,  663,  345,  590,   15,  308,  349,  232,  707,  749,  726,  318,  501,  369,  438,  533,  906,  748,    7,  731,  388,  687,  283,  479,  713,  547,  296,  565,  116,  412,  286,  250,  429,  717,  413,   23,  507,  147,  764,  649,  290,   56],
        [    0,    0,   51,  474,  827,  961,  585,  383,  466,  663,  345,  590,   15,  308,  349,  232,  707,  749,  726,  318,  501,  369,  438,  533,  906,  748,    7,  731,  388,  687,  283,  479,  713,  547,  296,  565,  116,  412,  286,  250,  429,  717,  413,   23,  507,  147,  764,  649,  290,   56],
        [   51,   51,    0,  509,  878, 1012,  630,  407,  496,  714,  391,  638,   61,  351,  373,  227,  731,  795,  777,  346,  507,  394,  489,  576,  943,  796,   57,  767,  406,  733,  334,  457,  747,  566,  347,  604,  144,  462,  303,  248,  415,  767,  452,   32,  496,  198,  815,  673,  316,   58],
        [  474,  474,  509,    0,  662,  736,  681,  145,   59,  467,  209,  615,  460,  195,  175,  687,  995,  769,  497,  172,  900,  155,  439,  660, 1043,  748,  471,  909,  194,  730,  340,  948,  914,  885,  403,  752,  536,  451,  677,  699,  887,  610,  635,  495,  957,  411,  619,  941,  647,  528],
        [  827,  827,  878,  662,    0,  153,  398,  771,  721,  197,  556,  312,  820,  615,  782,  892,  777,  298,  173,  743,  904,  774,  392,  441,  593,  263,  821,  572,  828,  324,  549, 1119,  606,  793,  533,  529,  782,  423,  782,  884, 1028,  125,  564,  848, 1052,  681,   65,  752,  728,  849],
        [  961,  961, 1012,  736,  153,    0,  549,  860,  795,  302,  665,  465,  952,  723,  876, 1039,  922,  435,  248,  841, 1056,  864,  532,  593,  709,  401,  955,  711,  916,  470,  678, 1270,  747,  945,  670,  679,  924,  566,  932, 1032, 1179,  278,  716,  982, 1205,  816,  215,  900,  878,  986],
        [  585,  585,  630,  681,  398,  549,    0,  723,  725,  378,  486,   99,  584,  529,  714,  560,  396,  174,  432,  665,  512,  718,  243,   58,  364,  187,  579,  236,  769,  111,  386,  750,  253,  396,  329,  132,  498,  235,  432,  546,  658,  279,  201,  599,  670,  454,  344,  362,  381,  583],
        [  383,  383,  407,  145,  771,  860,  723,    0,  102,  575,  241,  673,  368,  194,   37,  611,  990,  835,  615,   71,  853,   14,  486,  691, 1086,  819,  381,  936,   57,  789,  344,  861,  935,  861,  408,  771,  467,  488,  627,  626,  809,  703,  636,  400,  886,  363,  721,  934,  607,  438],
        [  466,  466,  496,   59,  721,  795,  725,  102,    0,  525,  243,  663,  452,  216,  137,  688, 1025,  820,  556,  151,  914,  115,  483,  700, 1088,  799,  464,  949,  144,  779,  369,  944,  952,  908,  432,  789,  539,  492,  688,  701,  887,  666,  666,  485,  960,  422,  676,  970,  662,  521],
        [  663,  663,  714,  467,  197,  302,  378,  575,  525,    0,  365,  280,  654,  424,  587,  763,  772,  367,   68,  548,  831,  578,  254,  398,  676,  336,  657,  601,  631,  358,  380, 1010,  626,  745,  380,  503,  636,  291,  671,  760,  923,  161,  483,  685,  961,  520,  153,  735,  619,  692],
        [  345,  345,  391,  209,  556,  665,  486,  241,  243,  365,    0,  432,  332,   60,  240,  522,  787,  595,  418,  194,  705,  239,  246,  459,  849,  579,  340,  707,  293,  548,  134,  787,  710,  680,  195,  547,  369,  251,  487,  528,  716,  473,  427,  367,  778,  236,  500,  733,  451,  389],
        [  590,  590,  638,  615,  312,  465,   99,  673,  663,  280,  432,    0,  586,  482,  669,  603,  494,  168,  334,  620,  592,  669,  188,  130,  431,  160,  584,  327,  723,  117,  353,  813,  348,  485,  307,  228,  517,  194,  482,  592,  722,  189,  256,  607,  742,  448,  254,  459,  429,  596],
        [   15,   15,   61,  460,  820,  952,  584,  368,  452,  654,  332,  586,    0,  295,  335,  246,  714,  746,  717,  304,  512,  355,  432,  532,  908,  745,   14,  734,  374,  685,  274,  494,  717,  555,  290,  567,  124,  406,  295,  263,  443,  710,  414,   36,  521,  141,  757,  656,  298,   70],
        [  308,  308,  351,  195,  615,  723,  529,  194,  216,  424,   60,  482,  295,    0,  187,  502,  810,  647,  476,  139,  706,  189,  295,  498,  892,  632,  304,  745,  242,  598,  155,  766,  745,  693,  219,  581,  349,  295,  483,  512,  700,  531,  452,  330,  767,  220,  559,  755,  452,  357],
        [  349,  349,  373,  175,  782,  876,  714,   37,  137,  587,  240,  669,  335,  187,    0,  579,  971,  833,  629,   51,  825,   23,  482,  680, 1076,  818,  348,  924,   56,  785,  332,  827,  921,  837,  394,  757,  437,  481,  599,  594,  777,  709,  619,  366,  854,  338,  730,  914,  581,  405],
        [  232,  232,  227,  687,  892, 1039,  560,  611,  688,  763,  522,  603,  246,  502,  579,    0,  544,  734,  831,  543,  287,  598,  512,  503,  810,  745,  233,  631,  619,  671,  414,  266,  603,  370,  389,  490,  154,  476,  135,   24,  200,  769,  360,  220,  276,  286,  828,  490,  181,  179],
        [  707,  707,  731,  995,  777,  922,  396,  990, 1025,  772,  787,  494,  714,  810,  971,  544,    0,  490,  828,  922,  304,  981,  588,  378,  348,  522,  703,  223, 1024,  453,  657,  584,  181,  177,  593,  271,  592,  562,  430,  521,  507,  668,  360,  709,  467,  639,  730,   59,  417,  673],
        [  749,  749,  795,  769,  298,  435,  174,  835,  820,  367,  595,  168,  746,  647,  833,  734,  490,    0,  399,  785,  667,  833,  353,  232,  311,   36,  743,  277,  887,   64,  520,  918,  313,  539,  473,  276,  668,  362,  605,  720,  826,  216,  375,  764,  831,  611,  266,  474,  555,  751],
        [  726,  726,  777,  497,  173,  248,  432,  615,  556,   68,  418,  334,  717,  476,  629,  831,  828,  399,    0,  594,  897,  618,  322,  457,  709,  366,  721,  648,  671,  400,  444, 1078,  675,  807,  447,  561,  702,  358,  739,  828,  991,  184,  548,  748, 1028,  585,  151,  793,  686,  756],
        [  318,  318,  346,  172,  743,  841,  665,   71,  151,  548,  194,  620,  304,  139,   51,  543,  922,  785,  594,    0,  783,   60,  433,  630, 1026,  771,  316,  874,  106,  736,  282,  797,  871,  791,  344,  707,  398,  431,  556,  558,  743,  666,  569,  336,  818,  293,  689,  865,  536,  373],
        [  501,  501,  507,  900,  904, 1056,  512,  853,  914,  831,  705,  592,  512,  706,  825,  287,  304,  667,  897,  783,    0,  841,  591,  464,  631,  690,  499,  467,  872,  611,  574,  283,  428,  143,  523,  392,  393,  554,  227,  264,  204,  780,  349,  494,  172,  493,  845,  264,  255,  453],
        [  369,  369,  394,  155,  774,  864,  718,   14,  115,  578,  239,  669,  355,  189,   23,  598,  981,  833,  618,   60,  841,    0,  482,  685, 1080,  817,  368,  930,   55,  786,  338,  847,  928,  850,  400,  764,  454,  483,  615,  613,  796,  703,  628,  386,  873,  352,  723,  925,  596,  424],
        [  438,  438,  489,  439,  392,  532,  243,  486,  483,  254,  246,  188,  432,  295,  482,  512,  588,  353,  322,  433,  591,  482,    0,  225,  606,  341,  432,  473,  536,  304,  172,  757,  482,  522,  143,  326,  392,   38,  418,  507,  670,  279,  250,  458,  711,  292,  328,  541,  367,  457],
        [  533,  533,  576,  660,  441,  593,   58,  691,  700,  398,  459,  130,  532,  498,  680,  503,  378,  232,  457,  630,  464,  685,  225,    0,  397,  243,  527,  250,  735,  168,  349,  695,  257,  356,  289,  108,  443,  209,  375,  489,  603,  318,  144,  546,  618,  405,  383,  338,  324,  528],
        [  906,  906,  943, 1043,  593,  709,  364, 1086, 1088,  676,  849,  431,  908,  892, 1076,  810,  348,  311,  709, 1026,  631, 1080,  606,  397,    0,  344,  901,  180, 1131,  324,  745,  912,  210,  489,  686,  341,  801,  599,  678,  790,  828,  526,  494,  915,  801,  793,  571,  371,  642,  889],
        [  748,  748,  796,  748,  263,  401,  187,  819,  799,  336,  579,  160,  745,  632,  818,  745,  522,   36,  366,  771,  690,  817,  341,  243,  344,    0,  742,  310,  871,   80,  510,  935,  346,  564,  467,  299,  671,  353,  618,  732,  843,  182,  387,  765,  852,  608,  231,  503,  566,  753],
        [    7,    7,   57,  471,  821,  955,  579,  381,  464,  657,  340,  584,   14,  304,  348,  233,  703,  743,  721,  316,  499,  368,  432,  527,  901,  742,    0,  726,  387,  681,  278,  481,  709,  544,  290,  560,  113,  406,  283,  250,  430,  711,  407,   29,  508,  141,  758,  645,  287,   58],
        [  731,  731,  767,  909,  572,  711,  236,  936,  949,  601,  707,  327,  734,  745,  924,  631,  223,  277,  648,  874,  467,  930,  473,  250,  180,  310,  726,    0,  979,  252,  593,  745,   43,  325,  530,  170,  624,  459,  499,  611,  658,  474,  321,  740,  639,  625,  532,  223,  463,  712],
        [  388,  388,  406,  194,  828,  916,  769,   57,  144,  631,  293,  723,  374,  242,   56,  619, 1024,  887,  671,  106,  872,   55,  536,  735, 1131,  871,  387,  979,    0,  839,  387,  862,  976,  888,  449,  812,  482,  536,  647,  636,  816,  758,  673,  403,  894,  389,  777,  967,  631,  443],
        [  687,  687,  733,  730,  324,  470,  111,  789,  779,  358,  548,  117,  685,  598,  785,  671,  453,   64,  400,  736,  611,  786,  304,  168,  324,   80,  681,  252,  839,    0,  465,  857,  284,  486,  416,  220,  605,  308,  542,  657,  765,  222,  311,  702,  773,  551,  281,  431,  491,  688],
        [  283,  283,  334,  340,  549,  678,  386,  344,  369,  380,  134,  353,  274,  155,  332,  414,  657,  520,  444,  282,  574,  338,  172,  349,  745,  510,  278,  593,  387,  465,    0,  677,  591,  547,   65,  427,  270,  159,  361,  417,  600,  444,  298,  305,  658,  143,  486,  602,  322,  314],
        [  479,  479,  457,  948, 1119, 1270,  750,  861,  944, 1010,  787,  813,  494,  766,  827,  266,  584,  918, 1078,  797,  283,  847,  757,  695,  912,  935,  481,  745,  862,  857,  677,    0,  707,  424,  646,  647,  418,  720,  340,  260,   93,  994,  558,  462,  122,  551, 1056,  546,  393,  424],
        [  713,  713,  747,  914,  606,  747,  253,  935,  952,  626,  710,  348,  717,  745,  921,  603,  181,  313,  675,  871,  428,  928,  482,  257,  210,  346,  709,   43,  976,  284,  591,  707,    0,  285,  528,  165,  604,  464,  471,  582,  621,  505,  309,  721,  600,  613,  564,  180,  439,  692],
        [  547,  547,  566,  885,  793,  945,  396,  861,  908,  745,  680,  485,  555,  693,  837,  370,  177,  539,  807,  791,  143,  850,  522,  356,  489,  564,  544,  325,  888,  486,  547,  424,  285,    0,  487,  268,  432,  489,  263,  347,  341,  673,  272,  546,  315,  500,  738,  127,  261,  508],
        [  296,  296,  347,  403,  533,  670,  329,  408,  432,  380,  195,  307,  290,  219,  394,  389,  593,  473,  447,  344,  523,  400,  143,  289,  686,  467,  290,  530,  449,  416,   65,  646,  528,  487,    0,  364,  256,  118,  319,  389,  565,  421,  234,  316,  617,  150,  469,  539,  274,  316],
        [  565,  565,  604,  752,  529,  679,  132,  771,  789,  503,  547,  228,  567,  581,  757,  490,  271,  276,  561,  707,  392,  764,  326,  108,  341,  299,  560,  170,  812,  220,  427,  647,  165,  268,  364,    0,  462,  304,  356,  472,  555,  411,  153,  575,  556,  455,  476,  232,  312,  550],
        [  116,  116,  144,  536,  782,  924,  498,  467,  539,  636,  369,  517,  124,  349,  437,  154,  592,  668,  702,  398,  393,  454,  392,  443,  801,  671,  113,  624,  482,  605,  270,  418,  604,  432,  256,  462,    0,  359,  172,  163,  352,  665,  312,  119,  422,  134,  718,  534,  175,   89],
        [  412,  412,  462,  451,  423,  566,  235,  488,  492,  291,  251,  194,  406,  295,  481,  476,  562,  362,  358,  431,  554,  483,   38,  209,  599,  353,  406,  459,  536,  308,  159,  720,  464,  489,  118,  304,  359,    0,  381,  471,  633,  307,  217,  431,  674,  266,  359,  513,  329,  428],
        [  286,  286,  303,  677,  782,  932,  432,  627,  688,  671,  487,  482,  295,  483,  599,  135,  430,  605,  739,  556,  227,  615,  418,  375,  678,  618,  283,  499,  647,  542,  361,  340,  471,  263,  319,  356,  172,  381,    0,  117,  253,  658,  232,  284,  299,  267,  719,  373,   54,  246],
        [  250,  250,  248,  699,  884, 1032,  546,  626,  701,  760,  528,  592,  263,  512,  594,   24,  521,  720,  828,  558,  264,  613,  507,  489,  790,  732,  250,  611,  636,  657,  417,  260,  582,  347,  389,  472,  163,  471,  117,    0,  189,  761,  346,  239,  261,  294,  820,  467,  166,  197],
        [  429,  429,  415,  887, 1028, 1179,  658,  809,  887,  923,  716,  722,  443,  700,  777,  200,  507,  826,  991,  743,  204,  796,  670,  603,  828,  843,  430,  658,  816,  765,  600,   93,  621,  341,  565,  555,  352,  633,  253,  189,    0,  903,  466,  414,   86,  482,  965,  465,  305,  374],
        [  717,  717,  767,  610,  125,  278,  279,  703,  666,  161,  473,  189,  710,  531,  709,  769,  668,  216,  184,  666,  780,  703,  279,  318,  526,  182,  711,  474,  758,  222,  444,  994,  505,  673,  421,  411,  665,  307,  658,  761,  903,    0,  439,  736,  928,  570,   65,  639,  604,  734],
        [  413,  413,  452,  635,  564,  716,  201,  636,  666,  483,  427,  256,  414,  452,  619,  360,  360,  375,  548,  569,  349,  628,  250,  144,  494,  387,  407,  321,  673,  311,  298,  558,  309,  272,  234,  153,  312,  217,  232,  346,  466,  439,    0,  423,  489,  304,  503,  307,  180,  400],
        [   23,   23,   32,  495,  848,  982,  599,  400,  485,  685,  367,  607,   36,  330,  366,  220,  709,  764,  748,  336,  494,  386,  458,  546,  915,  765,   29,  740,  403,  702,  305,  462,  721,  546,  316,  575,  119,  431,  284,  239,  414,  736,  423,    0,  494,  167,  784,  651,  293,   42],
        [  507,  507,  496,  957, 1052, 1205,  670,  886,  960,  961,  778,  742,  521,  767,  854,  276,  467,  831, 1028,  818,  172,  873,  711,  618,  801,  852,  508,  639,  894,  773,  658,  122,  600,  315,  617,  556,  422,  674,  299,  261,   86,  928,  489,  494,    0,  548,  991,  432,  347,  453],
        [  147,  147,  198,  411,  681,  816,  454,  363,  422,  520,  236,  448,  141,  220,  338,  286,  639,  611,  585,  293,  493,  352,  292,  405,  793,  608,  141,  625,  389,  551,  143,  551,  613,  500,  150,  455,  134,  266,  267,  294,  482,  570,  304,  167,  548,    0,  618,  582,  244,  172],
        [  764,  764,  815,  619,   65,  215,  344,  721,  676,  153,  500,  254,  757,  559,  730,  828,  730,  266,  151,  689,  845,  723,  328,  383,  571,  231,  758,  532,  777,  281,  486, 1056,  564,  738,  469,  476,  718,  359,  719,  820,  965,   65,  503,  784,  991,  618,    0,  702,  665,  785],
        [  649,  649,  673,  941,  752,  900,  362,  934,  970,  735,  733,  459,  656,  755,  914,  490,   59,  474,  793,  865,  264,  925,  541,  338,  371,  503,  645,  223,  967,  431,  602,  546,  180,  127,  539,  232,  534,  513,  373,  467,  465,  639,  307,  651,  432,  582,  702,    0,  359,  616],
        [  290,  290,  316,  647,  728,  878,  381,  607,  662,  619,  451,  429,  298,  452,  581,  181,  417,  555,  686,  536,  255,  596,  367,  324,  642,  566,  287,  463,  631,  491,  322,  393,  439,  261,  274,  312,  175,  329,   54,  166,  305,  604,  180,  293,  347,  244,  665,  359,    0,  259],
        [   56,   56,   58,  528,  849,  986,  583,  438,  521,  692,  389,  596,   70,  357,  405,  179,  673,  751,  756,  373,  453,  424,  457,  528,  889,  753,   58,  712,  443,  688,  314,  424,  692,  508,  316,  550,   89,  428,  246,  197,  374,  734,  400,   42,  453,  172,  785,  616,  259,    0]
    ]
}
