{
    "name": "random-81-12817",
    "comment": "size=81 seed=12817",
    "nodes": ["+0", "-0", "+1", "-1", "+2", "-2", "+3", "-3", "+4", "-4", "+5", "-5", "+6", "-6", "+7", "-7", "+8", "-8", "+9", "-9", "+10", "-10", "+11", "-11", "+12", "-12", "+13", "-13", "+14", "-14", "+15", "-15", "+16", "-16", "+17", "-17", "+18", "-18", "+19", "-19", "+20", "-20", "+21", "-21", "+22", "-22", "+23", "-23", "+24", "-24", "+25", "-25", "+26", "-26", "+27", "-27", "+28", "-28", "+29", "-29", "+30", "-30", "+31", "-31", "+32", "-32", "+33", "-33", "+34", "-34", "+35", "-35", "+36", "-36", "+37", "-37", "+38", "-38", "+39", "-39", "+40", "-40", "+41", "-41", "+42", "-42", "+43", "-43", "+44", "-44", "+45", "-45", "+46", "-46", "+47", "-47", "+48", "-48", "+49", "-49", "+50", "-50", "+51", "-51", "+52", "-52", "+53", "-53", "+54", "-54", "+55", "-55", "+56", "-56", "+57", "-57", "+58", "-58", "+59", "-59", "+60", "-60", "+61", "-61", "+62", "-62", "+63", "-63", "+64", "-64", "+65", "-65", "+66", "-66", "+67", "-67", "+68", "-68", "+69", "-69", "+70", "-70", "+71", "-71", "+72", "-72", "+73", "-73", "+74", "-74", "+75", "-75", "+76", "-76", "+77", "-77", "+78", "-78", "+79", "-79", "+80", "-80", "+81", "-81"],
    "precedence": {
        "+0": "-0",
        "+1": "-1",
        "+2": "-2",
        "+3": "-3",
        "+4": "-4",
        "+5": "-5",
        "+6": "-6",
        "+7": "-7",
        "+8": "-8",
        "+9": "-9",
        "+10": "-10",
        "+11": "-11",
        "+12": "-12",
        "+13": "-13",
        "+14": "-14",
        "+15": "-15",
        "+16": "-16",
        "+17": "-17",
        "+18": "-18",
        "+19": "-19",
        "+20": "-20",
        "+21": "-21",
        "+22": "-22",
        "+23": "-23",
        "+24": "-24",
        "+25": "-25",
        "+26": "-26",
        "+27": "-27",
        "+28": "-28",
        "+29": "-29",
        "+30": "-30",
        "+31": "-31",
        "+32": "-32",
        "+33": "-33",
        "+34": "-34",
        "+35": "-35",
        "+36": "-36",
        "+37": "-37",
        "+38": "-38",
        "+39": "-39",
        "+40": "-40",
        "+41": "-41",
        "+42": "-42",
        "+43": "-43",
        "+44": "-44",
        "+45": "-45",
        "+46": "-46",
        "+47": "-47",
        "+48": "-48",
        "+49": "-49",
        "+50": "-50",
        "+51": "-51",
        "+52": "-52",
        "+53": "-53",
        "+54": "-54",
        "+55": "-55",
        "+56": "-56",
        "+57": "-57",
        "+58": "-58",
        "+59": "-59",
        "+60": "-60",
        "+61": "-61",
        "+62": "-62",
        "+63": "-63",
        "+64": "-64",
        "+65": "-65",
        "+66": "-66",
        "+67": "-67",
        "+68": "-68",
        "+69": "-69",
        "+70": "-70",
        "+71": "-71",
        "+72": "-72",
        "+73": "-73",
        "+74": "-74",
        "+75": "-75",
        "+76": "-76",
        "+77": "-77",
        "+78": "-78",
        "+79": "-79",
        "+80": "-80",
        "+81": "-81"
    },
    "edges": [
        [    0,    0,  552,  835,  603,  513,  465,  267,  350,  607,  226,  673,  515,  551,  237,  386,  540,  916,  805,  593,  339,  549,  482,  541,  765,  413,  694,  760,  169,  485,  450,  214,  551,  286,  627,  353,  720,  174,  337,  275,  480,  642,  267,  769,  208,  138,  395,  568,  250,  348,  604,  356,  327,  692,  651,  843,  751,  359,  287,  230,  304,  544,  223,  429,  179,  200,  604,  798,  786,  402,  483,  376,  590,  229,  219,  127,  397,  297,  186,  472,  655,  418,  317,  244,  215,  631,  283,  708,  734,  344,  502,  354,  290,  552,  553,  651,  514,  281,  258,  243,  224,  238,  607,  215,  131,  570,  280,  337,  356,  521,  108,  586,  381,  432,  911,  305,  504,  417,  300,  735,  784,  619,  507,  716,  643,  320,  249,  319,  266,  375,  392,  662,  399,  344,  226,  615,  710,  437,  187,  780,  838,  418,  913,  277,  673,  615,  219,  373,  512,  661,  297,  653,  303,  631,  719,  726,  639,  813,  405,  704,  160,  659,  539,  559],
        [    0,    0,    0,    0,    0,    0,    0,    0,    0,    0,    0,    0,    0,    0,    0,    0,    0,    0,    0,    0,    0,    0,    0,    0,    0,    0,    0,    0,    0,    0,    0,    0,    0,    0,    0,    0,    0,    0,    0,    0,    0,    0,    0,    0,    0,    0,    0,    0,    0,    0,    0,    0,    0,    0,    0,    0,    0,    0,    0,    0,    0,    0,    0,    0,    0,    0,    0,    0,    0,    0,    0,    0,    0,    0,    0,    0,    0,    0,    0,    0,    0,    0,    0,    0,    0,    0,    0,    0,    0,    0,    0,    0,    0,    0,    0,    0,    0,    0,    0,    0,    0,    0,    0,    0,    0,    0,    0,    0,    0,    0,    0,    0,    0,    0,    0,    0,    0,    0,    0,    0,    0,    0,    0,    0,    0,    0,    0,    0,    0,    0,    0,    0,    0,    0,    0,    0,    0,    0,    0,    0,    0,    0,    0,    0,    0,    0,    0,    0,    0,    0,    0,    0,    0,    0,    0,    0,    0,    0,    0,    0,    0,    0,    0,    0],
        [  552,    0,    0,  861,  237,  382,  324,  289,  797, 1006,  564,  606,  979,  636,  763,  751,  350,  889,  874,  792,  668,  474,  825, 1022,  292,  677,  142,  881,  385,  430,  478,  757,    9,  296,  128,  727,  297,  661,  788,  817,  193,  468,  640,  622,  435,  459,  307,  626,  317,  724,   52,  668,  303,  771,  211,  644,  700,  876,  702,  367,  473,  632,  648,  885,  436,  668,  821,  781,  699,  468,  752,  183,   67,  336,  722,  531,  757,  609,  441,  968,  531,  260,  836,  748,  564,   84,  454,  685,  207,  292,  550,  209,  625,  975,  267,  675,  865,  296,  447,  351,  767,  484,  502,  453,  427,  769,  752,  833,  617,  262,  660,   66,  183,  945,  810,  557,  472,  272,  846,  829,  677,  618,  952,  414,  580,  618,  528,  739,  789,  190,  686,  748,  514,  293,  656,  555, 1161,  174,  366,  474,  858,  217,  872,  286,  980,  465,  754,  218,   85,  900,  286,  713,  549,  131,  193,  456,   98,  765,  763,  935,  698,  866,  251,  750],
        [  835,    0,  861,    0,  648,  482,  547,  831,  659,  608, 1043,  258,  725,  286,  804,  544,  512,  102,   66,  296,  532,  391,  498,  779,  754,  447,  932,  148,  790,  447,  429,  977,  853,  711,  790,  562,  680, 1003,  667,  869,  672,  407,  598,  292,  658,  722,  595,  276,  862, 1182,  880, 1183,  652,  145,  714,  347,  171,  810,  625,  693, 1063,  294, 1057,  684,  926,  705,  311,   91,  199,  468,  411,  852,  824,  744, 1033,  708,  535, 1117,  678,  792,  338,  629,  803, 1053,  623,  920,  575,  177,  842,  959,  355,  862, 1116,  644,  599,  200,  506,  882,  601,  907,  982,  605,  360,  975,  775,  307,  701,  751,  487,  600,  871,  926,  864,  827,  200, 1106,  406,  617,  897,  124,  229,  252,  678,  523,  282, 1139, 1047,  624,  801,  759,  477,  175,  449,  648,  659,  307,  778,  712,  809,  512,   11,  674,  117,  855,  447,  401,  825,  910,  779,  330,  894,  183, 1101,  791,  839,  478,  939,  127,  532,  318,  822,  284,  613,  307],
        [  603,    0,  237,  648,    0,  202,  181,  393,  744,  907,  693,  391,  916,  465,  763,  668,  155,  665,  670,  637,  588,  282,  721,  967,  176,  567,  284,  692,  446,  265,  331,  816,  229,  319,  143,  652,  118,  752,  739,  828,  127,  244,  585,  391,  420,  474,  224,  447,  431,  861,  240,  820,  278,  579,   76,  408,  481,  857,  651,  374,  635,  463,  761,  826,  551,  649,  669,  563,  473,  345,  629,  330,  184,  379,  809,  531,  671,  754,  436,  927,  311,  188,  822,  836,  525,  277,  392,  474,  209,  464,  386,  354,  765,  891,   70,  478,  759,  427,  400,  480,  826,  440,  292,  585,  474,  617,  720,  803,  521,   95,  703,  296,  339,  918,  577,  712,  299,  192,  860,  636,  448,  421,  881,  179,  370,  768,  669,  683,  783,  259,  586,  560,  391,  261,  622,  350, 1079,  181,  440,  242,  644,  186,  646,  405,  845,  248,  763,  389,  173,  747,  427,  521,  704,  143,  202,  220,  296,  543,  676,  775,  716,  705,   73,  598],
        [  513,    0,  382,  482,  202,    0,   70,  389,  572,  712,  663,  233,  735,  265,  622,  483,   49,  521,  493,  436,  407,   93,  527,  788,  365,  374,  470,  502,  392,   65,  134,  716,  374,  275,  331,  471,  292,  681,  569,  691,  191,  135,  419,  285,  307,  376,  138,  250,  426,  825,  406,  802,  212,  391,  278,  343,  329,  699,  483,  294,  642,  263,  710,  649,  524,  502,  468,  406,  340,  159,  431,  382,  352,  327,  731,  411,  484,  733,  328,  755,  172,  155,  670,  757,  375,  447,  247,  308,  411,  503,  185,  396,  739,  701,  135,  294,  564,  438,  264,  477,  725,  299,  131,  568,  401,  416,  560,  642,  336,  124,  597,  447,  394,  755,  463,  704,   98,  144,  724,  449,  324,  237,  696,  215,  204,  752,  651,  511,  637,  289,  396,  369,  202,  200,  467,  176,  888,  232,  399,  273,  480,  197,  507,  410,  644,  113,  628,  443,  299,  546,  445,  332,  697,  333,  403,  216,  465,  397,  488,  575,  590,  505,  143,  397],
        [  465,    0,  324,  547,  181,   70,    0,  322,  565,  728,  602,  301,  736,  312,  596,  487,   76,  589,  554,  475,  407,  157,  542,  787,  355,  388,  425,  558,  333,  106,  160,  673,  317,  211,  291,  471,  289,  630,  561,  664,  132,  199,  407,  353,  264,  329,   74,  302,  360,  766,  353,  739,  150,  448,  254,  408,  397,  683,  473,  240,  576,  309,  654,  646,  461,  479,  506,  473,  409,  165,  453,  313,  302,  266,  682,  374,  490,  671,  284,  748,  242,   85,  650,  708,  352,  395,  219,  374,  382,  434,  227,  327,  678,  711,  113,  355,  580,  370,  231,  411,  683,  270,  200,  505,  347,  453,  544,  628,  341,   88,  556,  389,  325,  742,  532,  640,  148,   75,  696,  507,  393,  298,  700,  251,  272,  689,  588,  504,  614,  219,  406,  425,  213,  136,  448,  243,  899,  165,  338,  315,  545,  128,  575,  342,  675,  180,  599,  373,  240,  584,  377,  390,  633,  293,  372,  263,  413,  466,  495,  617,  557,  547,  110,  434],
        [  267,    0,  289,  831,  393,  389,  322,    0,  558,  796,  301,  608,  738,  554,  491,  543,  393,  889,  822,  666,  468,  463,  632,  775,  533,  508,  429,  801,  107,  396,  402,  468,  288,  121,  379,  513,  503,  376,  547,  539,  268,  521,  417,  674,  217,  202,  253,  558,   39,  468,  340,  429,  183,  706,  422,  729,  702,  609,  470,  153,  254,  548,  373,  645,  160,  413,  689,  770,  722,  365,  588,  110,  334,   98,  437,  275,  552,  362,  209,  713,  560,  243,  568,  464,  338,  365,  281,  670,  482,  133,  477,   89,  373,  753,  365,  632,  671,   52,  260,   90,  479,  281,  515,  193,  153,  641,  500,  574,  441,  336,  374,  320,  115,  682,  848,  323,  433,  250,  566,  760,  710,  583,  719,  546,  577,  378,  277,  507,  519,  135,  504,  678,  394,  192,  413,  547,  930,  212,   82,  613,  831,  216,  879,   25,  813,  502,  478,  118,  262,  762,   65,  654,  316,  383,  467,  571,  373,  770,  559,  803,  420,  741,  347,  625],
        [  350,    0,  797,  659,  744,  572,  565,  558,    0,  258,  565,  608,  183,  436,  171,  118,  618,  758,  609,  366,  169,  549,  178,  227,  919,  235,  933,  539,  454,  514,  447,  369,  792,  502,  827,  110,  853,  453,   15,  221,  652,  659,  161,  723,  362,  356,  526,  464,  558,  639,  844,  674,  499,  520,  814,  811,  648,  153,   96,  433,  654,  429,  526,   89,  524,  153,  359,  660,  697,  414,  248,  654,  811,  473,  454,  284,  125,  627,  359,  184,  635,  571,  146,  464,  233,  880,  356,  600,  930,  669,  445,  641,  614,  203,  677,  532,  194,  591,  355,  571,  370,  316,  597,  564,  409,  352,   74,   93,  241,  649,  306,  848,  663,  188,  802,  648,  504,  562,  244,  538,  709,  531,  162,  782,  588,  649,  594,   62,  155,  608,  202,  495,  374,  513,  145,  571,  373,  636,  481,  830,  667,  599,  764,  576,  353,  629,  199,  675,  730,  385,  609,  509,  647,  830,  917,  771,  893,  691,  128,  424,  229,  404,  672,  353],
        [  607,    0, 1006,  608,  907,  712,  728,  796,  258,    0,  822,  662,  156,  492,  413,  256,  761,  709,  545,  339,  338,  659,  187,  194, 1076,  341, 1134,  463,  697,  648,  579,  607, 1000,  721, 1013,  284, 1003,  705,  272,  439,  838,  761,  379,  772,  585,  596,  710,  521,  802,  887, 1049,  927,  703,  500,  982,  859,  665,  330,  330,  657,  910,  489,  779,  193,  779,  408,  313,  645,  717,  563,  285,  884, 1009,  704,  698,  529,  250,  882,  588,  242,  716,  758,  354,  704,  458, 1088,  552,  621, 1109,  915,  543,  874,  869,   68,  838,  558,  149,  834,  561,  820,  605,  527,  690,  820,  654,  344,  331,  303,  392,  815,  560, 1063,  894,  298,  791,  905,  624,  747,  450,  490,  738,  584,  124,  898,  652,  905,  852,  294,  389,  824,  324,  487,  516,  713,  391,  646,  183,  836,  724,  932,  618,  794,  724,  817,  174,  734,  442,  913,  931,  279,  852,  518,  904, 1015, 1098,  875, 1103,  684,  243,  298,  482,  326,  838,  358],
        [  226,    0,  564, 1043,  693,  663,  602,  301,  565,  822,    0,  857,  713,  758,  421,  611,  677, 1118, 1019,  816,  564,  720,  706,  729,  830,  636,  692,  979,  272,  652,  634,  280,  566,  393,  671,  578,  803,  148,  551,  429,  568,  797,  493,  940,  389,  322,  529,  771,  263,  168,  612,  141,  453,  904,  722, 1006,  943,  536,  511,  372,  128,  750,   95,  635,  144,  420,  828,  999,  972,  588,  708,  386,  619,  337,  199,  345,  622,   74,  367,  656,  825,  532,  498,  220,  436,  626,  472,  903,  768,  280,  697,  359,   76,  762,  662,  852,  738,  274,  446,  218,  289,  439,  777,  112,  273,  792,  492,  532,  576,  632,  265,  573,  383,  606, 1099,   84,  681,  536,  441,  950,  966,  813,  713,  841,  826,   97,   47,  540,  450,  435,  617,  874,  596,  467,  451,  796,  905,  513,  265,  908, 1046,  513, 1113,  292,  898,  774,  395,  347,  556,  887,  280,  861,   85,  675,  753,  862,  627, 1008,  630,  930,  344,  883,  644,  780],
        [  673,    0,  606,  258,  391,  233,  301,  608,  608,  662,  857,    0,  733,  177,  712,  496,  256,  288,  282,  329,  446,  147,  496,  789,  507,  375,  674,  316,  589,  212,  224,  851,  598,  488,  533,  499,  432,  846,  611,  782,  420,  151,  491,  116,  472,  543,  359,  147,  643, 1010,  623,  998,  426,  207,  459,  204,   97,  757,  541,  488,  855,  182,  888,  664,  726,  596,  360,  176,  116,  272,  389,  613,  567,  532,  887,  552,  492,  930,  494,  777,   83,  385,  737,  911,  484,  663,  392,   83,  588,  730,  177,  625,  932,  673,  342,  112,  523,  659,  417,  692,  858,  435,  105,  773,  585,  320,  624,  695,  378,  344,  735,  670,  625,  795,  243,  909,  178,  374,  814,  259,  112,   80,  687,  281,   32,  950,  852,  556,  718,  519,  407,  200,  278,  418,  552,   62,  844,  464,  602,  290,  254,  429,  275,  631,  543,  144,  727,  673,  525,  425,  668,  159,  903,  533,  585,  243,  682,  165,  492,  440,  705,  374,  356,  305],
        [  515,    0,  979,  725,  916,  735,  736,  738,  183,  156,  713,  733,    0,  557,  293,  252,  782,  827,  666,  436,  330,  699,  239,   57, 1091,  369, 1114,  586,  634,  673,  604,  474,  974,  684, 1005,  265, 1022,  584,  193,  302,  830,  807,  341,  847,  545,  537,  703,  586,  737,  758, 1026,  806,  680,  601,  988,  935,  754,  189,  277,  615,  814,  551,  659,   95,  693,  327,  416,  747,  805,  577,  344,  836,  992,  656,  569,  464,  252,  767,  542,   87,  773,  749,  221,  571,  415, 1062,  534,  707, 1107,  846,  587,  822,  752,   92,  848,  640,  221,  770,  536,  747,  471,  496,  740,  729,  588,  432,  240,  182,  399,  822,  448, 1030,  845,  145,  894,  797,  657,  739,  308,  602,  822,  653,   48,  938,  717,  789,  748,  241,  265,  791,  342,  582,  534,  693,  327,  705,  196,  816,  660,  980,  734,  779,  838,  756,  320,  778,  320,  856,  911,  405,  788,  607,  797, 1008, 1095,  921, 1075,  784,  249,  433,  370,  444,  845,  441],
        [  551,    0,  636,  286,  465,  265,  312,  554,  436,  492,  758,  177,  557,    0,  552,  321,  310,  365,  268,  176,  278,  185,  321,  613,  615,  201,  734,  252,  506,  207,  162,  707,  628,  436,  596,  327,  539,  722,  439,  621,  443,  273,  333,  291,  372,  436,  339,   30,  583,  898,  665,  897,  382,  153,  540,  380,  217,  586,  376,  411,  779,    8,  773,  488,  640,  441,  209,  249,  263,  190,  214,  590,  613,  464,  756,  425,  317,  831,  392,  602,  224,  381,  569,  777,  344,  706,  289,  169,  673,  686,   86,  595,  830,  499,  400,  103,  349,  606,  315,  626,  714,  319,  202,  690,  489,  160,  458,  524,  217,  388,  596,  700,  602,  621,  376,  820,  168,  368,  652,  207,  274,   98,  511,  414,  162,  853,  762,  386,  555,  501,  234,  124,  165,  381,  396,  155,  674,  469,  526,  441,  289,  427,  363,  579,  392,  249,  569,  643,  552,  284,  619,  104,  815,  597,  666,  386,  724,  269,  317,  311,  555,  241,  407,  142],
        [  237,    0,  763,  804,  763,  622,  596,  491,  171,  413,  421,  712,  293,  552,    0,  268,  661,  898,  759,  519,  276,  624,  346,  310,  936,  359,  905,  695,  385,  574,  516,  199,  761,  473,  818,  244,  879,  294,  158,   71,  652,  731,  221,  823,  345,  306,  540,  577,  480,  474,  814,  516,  491,  660,  824,  908,  768,  123,  180,  403,  526,  544,  369,  221,  414,  121,  518,  793,  813,  473,  398,  598,  791,  427,  286,  237,  278,  475,  332,  238,  722,  577,   81,  294,  247,  845,  378,  720,  925,  580,  537,  579,  461,  349,  702,  654,  365,  512,  366,  479,  200,  327,  678,  444,  340,  502,  107,  113,  336,  671,  156,  805,  604,  196,  927,  505,  576,  572,  104,  687,  820,  641,  297,  837,  687,  497,  457,  183,   30,  576,  328,  633,  446,  507,  161,  665,  485,  622,  410,  893,  810,  593,  902,  505,  523,  702,   29,  604,  709,  551,  530,  639,  505,  822,  911,  835,  855,  819,  283,  592,   80,  566,  692,  499],
        [  386,    0,  751,  544,  668,  483,  487,  543,  118,  256,  611,  496,  252,  321,  268,    0,  531,  641,  495,  253,   83,  449,   96,  306,  841,  122,  881,  428,  448,  421,  352,  458,  746,  465,  764,   34,  772,  521,  125,  328,  589,  558,  129,  611,  331,  348,  460,  350,  552,  709,  795,  734,  448,  403,  741,  699,  532,  270,  103,  401,  683,  315,  589,  171,  545,  197,  250,  543,  581,  326,  133,  629,  757,  450,  533,  286,   11,  679,  335,  284,  528,  508,  260,  547,  206,  834,  298,  484,  863,  667,  338,  620,  670,  226,  599,  415,  131,  584,  306,  575,  461,  271,  492,  590,  408,  238,  162,  210,  148,  574,  373,  807,  639,  300,  685,  691,  406,  498,  355,  424,  594,  418,  214,  686,  476,  702,  634,   85,  260,  569,   92,  378,  282,  459,  161,  461,  414,  582,  476,  730,  551,  542,  648,  565,  288,  528,  293,  659,  678,  288,  602,  391,  689,  767,  852,  671,  848,  574,   19,  330,  305,  299,  597,  237],
        [  540,    0,  350,  512,  155,   49,   76,  393,  618,  761,  677,  256,  782,  310,  661,  531,    0,  542,  527,  483,  454,  130,  576,  835,  316,  423,  429,  542,  408,  114,  183,  747,  342,  285,  289,  518,  243,  705,  615,  730,  165,  132,  463,  290,  337,  403,  150,  293,  431,  842,  369,  814,  225,  429,  231,  337,  352,  743,  528,  315,  647,  308,  729,  695,  536,  543,  514,  432,  355,  206,  480,  372,  314,  341,  757,  444,  532,  745,  357,  801,  186,  151,  712,  783,  416,  410,  284,  336,  364,  499,  232,  389,  752,  750,   91,  330,  612,  439,  300,  482,  756,  336,  152,  578,  422,  463,  603,  686,  384,   89,  629,  415,  383,  799,  474,  713,  145,  144,  763,  487,  336,  273,  744,  178,  231,  763,  662,  556,  678,  280,  445,  409,  250,  211,  509,  206,  937,  214,  413,  241,  508,  186,  526,  412,  692,  120,  666,  434,  269,  592,  445,  371,  706,  290,  357,  188,  429,  418,  536,  621,  627,  550,  102,  444],
        [  916,    0,  889,  102,  665,  521,  589,  889,  758,  709, 1118,  288,  827,  365,  898,  641,  542,    0,  165,  396,  624,  433,  598,  880,  749,  540,  946,  248,  858,  496,  491, 1067,  881,  769,  806,  658,  679, 1086,  765,  964,  707,  423,  688,  281,  730,  797,  644,  348,  922, 1261,  902, 1258,  708,  239,  725,  311,  192,  909,  719,  758, 1129,  372, 1137,  784,  995,  796,  412,  121,  193,  534,  510,  900,  845,  807, 1119,  790,  633, 1192,  751,  893,  358,  673,  901, 1140,  707,  941,  646,  220,  846, 1014,  422,  912, 1192,  746,  623,  267,  607,  940,  673,  970, 1072,  681,  392, 1044,  847,  406,  797,  850,  575,  629,  958,  953,  912,  927,  129, 1177,  457,  661,  993,  225,  219,  308,  779,  519,  317, 1213, 1119,  720,  896,  806,  571,  266,  522,  701,  750,  347,  878,  751,  875,  495,   93,  716,   26,  912,  546,  425,  919,  959,  810,  430,  951,  265, 1171,  806,  845,  472,  960,  124,  630,  417,  912,  386,  639,  405],
        [  805,    0,  874,   66,  670,  493,  554,  822,  609,  545, 1019,  282,  666,  268,  759,  495,  527,  165,    0,  243,  490,  401,  442,  719,  787,  406,  953,   84,  773,  450,  422,  937,  866,  703,  811,  516,  712,  970,  618,  822,  683,  433,  559,  336,  638,  699,  595,  264,  850, 1152,  896, 1157,  646,  116,  739,  399,  209,  758,  581,  678, 1046,  275, 1027,  628,  907,  664,  254,  138,  246,  457,  362,  851,  841,  731,  997,  679,  486, 1093,  657,  735,  364,  632,  754, 1016,  591,  936,  556,  199,  870,  952,  346,  858, 1090,  583,  616,  200,  448,  873,  582,  894,  942,  581,  379,  956,  755,  258,  655,  701,  452,  614,  834,  939,  863,  771,  264, 1085,  408,  620,  849,   73,  276,  257,  619,  558,  300, 1115, 1026,  577,  754,  760,  435,  146,  432,  644,  620,  322,  714,  718,  793,  553,   76,  678,  181,  846,  382,  423,  781,  907,  791,  266,  886,  169, 1080,  812,  866,  515,  955,  180,  482,  253,  781,  223,  628,  261],
        [  593,    0,  792,  296,  637,  436,  475,  666,  366,  339,  816,  329,  436,  176,  519,  253,  483,  396,  243,    0,  260,  361,  203,  491,  791,  181,  899,  176,  596,  374,  316,  703,  785,  558,  764,  276,  714,  749,  375,  581,  603,  447,  332,  435,  458,  508,  487,  200,  688,  935,  826,  949,  514,  166,  713,  521,  326,  516,  344,  515,  862,  176,  811,  389,  720,  432,   33,  312,  378,  326,  122,  722,  776,  570,  770,  472,  244,  888,  474,  498,  392,  534,  511,  787,  380,  867,  386,  283,  846,  799,  252,  722,  882,  362,  570,  221,  215,  715,  408,  725,  707,  395,  376,  769,  568,   26,  414,  458,  241,  556,  607,  856,  734,  531,  459,  888,  339,  521,  607,  173,  399,  254,  388,  588,  324,  911,  829,  337,  513,  640,  204,  149,  284,  517,  389,  324,  520,  621,  620,  611,  304,  578,  406,  691,  217,  423,  543,  769,  709,  110,  731,  180,  884,  766,  838,  557,  885,  350,  240,  143,  548,   76,  576,   43],
        [  339,    0,  668,  532,  588,  407,  407,  468,  169,  338,  564,  446,  330,  278,  276,   83,  454,  624,  490,  260,    0,  381,  165,  382,  762,   85,  798,  433,  377,  347,  280,  447,  663,  385,  682,   65,  693,  490,  169,  344,  506,  491,   73,  559,  253,  278,  378,  305,  479,  676,  712,  693,  366,  387,  660,  646,  494,  312,   98,  322,  624,  271,  553,  242,  483,  175,  268,  517,  541,  249,  145,  549,  674,  373,  511,  225,   89,  635,  259,  350,  468,  425,  292,  528,  137,  751,  215,  446,  781,  594,  278,  541,  628,  309,  519,  379,  204,  511,  224,  506,  452,  191,  429,  530,  340,  239,  180,  251,   73,  493,  348,  725,  560,  356,  653,  640,  336,  415,  375,  418,  550,  371,  294,  614,  423,  658,  582,  112,  277,  487,   57,  359,  207,  377,  130,  405,  497,  499,  404,  662,  537,  459,  627,  490,  349,  461,  295,  582,  595,  323,  528,  364,  637,  685,  770,  602,  766,  543,   96,  366,  292,  322,  516,  232],
        [  549,    0,  474,  391,  282,   93,  157,  463,  549,  659,  720,  147,  699,  185,  624,  449,  130,  433,  401,  361,  381,    0,  478,  754,  431,  331,  558,  413,  449,   68,  108,  740,  466,  344,  418,  443,  354,  721,  549,  694,  283,  111,  409,  222,  343,  414,  213,  166,  498,  877,  497,  860,  281,  300,  356,  295,  242,  687,  468,  348,  711,  185,  758,  618,  585,  504,  393,  317,  259,  154,  375,  467,  442,  390,  767,  435,  448,  792,  365,  729,  107,  241,  662,  791,  381,  538,  268,  217,  490,  583,  117,  479,  795,  656,  220,  202,  511,  513,  291,  548,  748,  317,   59,  632,  450,  343,  549,  627,  308,  215,  622,  539,  479,  736,  386,  768,   48,  229,  727,  359,  249,  145,  657,  240,  116,  812,  713,  491,  635,  374,  358,  280,  180,  272,  464,   87,  839,  322,  461,  282,  388,  285,  421,  485,  574,   81,  634,  527,  391,  469,  522,  242,  761,  419,  484,  223,  556,  311,  451,  496,  604,  425,  231,  324],
        [  482,    0,  825,  498,  721,  527,  542,  632,  178,  187,  706,  496,  239,  321,  346,   96,  576,  598,  442,  203,  165,  478,    0,  295,  890,  155,  950,  368,  540,  463,  394,  541,  819,  547,  827,  129,  818,  612,  190,  398,  654,  582,  223,  610,  417,  440,  525,  350,  643,  800,  867,  827,  523,  366,  796,  698,  516,  319,  196,  486,  778,  317,  682,  187,  640,  289,  189,  512,  567,  377,  108,  713,  825,  537,  621,  381,   86,  774,  423,  296,  542,  574,  321,  633,  298,  906,  374,  469,  923,  758,  361,  705,  764,  180,  652,  401,   40,  675,  386,  668,  543,  354,  513,  685,  501,  196,  241,  266,  209,  629,  464,  883,  723,  330,  658,  786,  440,  563,  421,  375,  584,  417,  192,  717,  482,  797,  729,  172,  333,  647,  140,  346,  330,  533,  256,  473,  362,  653,  567,  754,  506,  612,  608,  654,  192,  554,  373,  747,  748,  207,  692,  369,  784,  830,  912,  696,  922,  547,   78,  246,  393,  229,  652,  203],
        [  541,    0, 1022,  779,  967,  788,  787,  775,  227,  194,  729,  789,   57,  613,  310,  306,  835,  880,  719,  491,  382,  754,  295,    0, 1142,  424, 1159,  638,  669,  727,  658,  478, 1018,  727, 1053,  317, 1074,  595,  235,  307,  878,  862,  387,  903,  587,  574,  751,  642,  771,  763, 1070,  814,  725,  656, 1038,  992,  810,  195,  322,  657,  836,  608,  670,  141,  720,  362,  470,  803,  861,  630,  401,  875, 1038,  695,  574,  501,  307,  780,  583,   76,  829,  797,  232,  574,  459, 1106,  582,  763, 1155,  878,  642,  860,  764,  138,  899,  696,  276,  804,  582,  778,  474,  542,  796,  753,  623,  488,  275,  205,  452,  872,  466, 1072,  883,  133,  950,  813,  712,  788,  307,  656,  878,  710,  104,  992,  773,  801,  766,  287,  281,  834,  396,  638,  587,  739,  367,  761,  178,  862,  696, 1035,  788,  825,  893,  792,  365,  833,  335,  892,  956,  457,  822,  663,  814, 1056, 1143,  976, 1118,  839,  304,  482,  389,  497,  895,  497],
        [  765,    0,  292,  754,  176,  365,  355,  533,  919, 1076,  830,  507, 1091,  615,  936,  841,  316,  749,  787,  791,  762,  431,  890, 1142,    0,  737,  245,  822,  602,  429,  498,  979,  286,  480,  166,  826,   77,  905,  915, 1000,  287,  358,  760,  469,  592,  642,  398,  594,  569,  996,  262,  947,  447,  710,  114,  453,  583, 1031,  826,  541,  754,  615,  906, 1001,  692,  823,  823,  665,  561,  516,  795,  448,  226,  538,  964,  703,  843,  884,  607, 1102,  426,  359,  997,  991,  700,  280,  568,  589,  117,  574,  543,  474,  897, 1063,  243,  609,  927,  557,  574,  613,  989,  615,  423,  719,  635,  773,  895,  978,  694,  271,  868,  324,  452, 1094,  642,  836,  457,  365, 1032,  765,  533,  555, 1054,  232,  494,  895,  800,  858,  957,  401,  757,  696,  562,  431,  797,  480, 1250,  330,  593,  260,  747,  349,  727,  539, 1004,  375,  935,  497,  275,  899,  552,  655,  828,  163,  124,  278,  294,  636,  848,  924,  887,  854,  248,  754],
        [  413,    0,  677,  447,  567,  374,  388,  508,  235,  341,  636,  375,  369,  201,  359,  122,  423,  540,  406,  181,   85,  331,  155,  424,  737,    0,  799,  351,  427,  310,  241,  532,  671,  410,  674,  126,  665,  570,  239,  426,  501,  438,  154,  490,  293,  333,  374,  230,  525,  755,  717,  768,  379,  302,  641,  578,  416,  385,  180,  357,  687,  195,  631,  292,  545,  259,  193,  435,  464,  223,   81,  578,  674,  411,  593,  292,  119,  708,  305,  405,  407,  423,  369,  611,  200,  757,  233,  367,  769,  638,  218,  573,  702,  328,  498,  299,  193,  554,  250,  557,  536,  228,  372,  593,  395,  158,  260,  324,   68,  475,  430,  737,  589,  421,  572,  710,  290,  411,  456,  334,  475,  297,  327,  570,  355,  731,  651,  186,  359,  505,   33,  274,  176,  387,  214,  340,  514,  504,  453,  611,  452,  462,  543,  531,  309,  409,  380,  618,  599,  258,  571,  281,  706,  677,  759,  552,  773,  462,  121,  301,  376,  248,  498,  149],
        [  694,    0,  142,  932,  284,  470,  425,  429,  933, 1134,  692,  674, 1114,  734,  905,  881,  429,  946,  953,  899,  798,  558,  950, 1159,  245,  799,    0,  970,  526,  527,  584,  897,  145,  436,  142,  858,  286,  798,  925,  959,  299,  526,  774,  668,  573,  600,  426,  720,  455,  848,   91,  787,  435,  858,  222,  671,  764, 1016,  838,  506,  592,  731,  780, 1020,  571,  808,  930,  846,  754,  582,  871,  321,  126,  478,  859,  671,  886,  732,  580, 1107,  594,  377,  977,  885,  700,   67,  584,  757,  130,  414,  650,  347,  749, 1106,  339,  758,  990,  432,  580,  485,  907,  619,  574,  584,  569,  878,  891,  972,  742,  346,  801,  121,  320, 1085,  852,  677,  566,  389,  988,  916,  728,  701, 1085,  437,  653,  739,  654,  874,  930,  330,  811,  838,  629,  423,  794,  631, 1293,  299,  507,  484,  927,  340,  926,  425, 1097,  531,  896,  347,  204, 1009,  420,  800,  669,  142,  121,  483,   68,  825,  892, 1041,  840,  971,  328,  858],
        [  760,    0,  881,  148,  692,  502,  558,  801,  539,  463,  979,  316,  586,  252,  695,  428,  542,  248,   84,  176,  433,  413,  368,  638,  822,  351,  970,    0,  744,  452,  413,  878,  874,  685,  830,  452,  745,  920,  548,  755,  689,  464,  504,  391,  606,  663,  590,  257,  828, 1105,  907, 1114,  633,  113,  764,  462,  262,  686,  520,  654, 1015,  257,  980,  553,  874,  607,  180,  207,  307,  440,  297,  841,  854,  708,  944,  635,  419, 1052,  624,  657,  397,  631,  684,  961,  545,  949,  527,  239,  896,  934,  337,  846, 1048,  502,  632,  214,  370,  852,  552,  869,  882,  546,  402,  923,  721,  195,  589,  630,  404,  626,  780,  947,  853,  695,  343, 1048,  410,  618,  782,   57,  336,  271,  539,  597,  328, 1075,  989,  512,  688,  752,  377,  134,  408,  633,  563,  344,  631,  718,  766,  601,  159,  677,  264,  826,  299,  450,  718,  894,  797,  184,  866,  171, 1044,  831,  891,  557,  967,  250,  414,  170,  723,  142,  643,  203],
        [  169,    0,  385,  790,  446,  392,  333,  107,  454,  697,  272,  589,  634,  506,  385,  448,  408,  858,  773,  596,  377,  449,  540,  669,  602,  427,  526,  744,    0,  381,  369,  379,  383,  129,  460,  417,  562,  306,  443,  435,  320,  526,  320,  669,  139,  101,  259,  515,  105,  434,  436,  412,  184,  657,  489,  734,  677,  503,  369,  102,  274,  499,  322,  541,  138,  308,  615,  738,  704,  325,  507,  213,  422,   69,  363,  171,  457,  343,  123,  607,  553,  269,  462,  390,  243,  464,  218,  640,  566,  219,  437,  194,  348,  652,  403,  594,  578,  138,  193,  131,  390,  202,  506,  186,   47,  571,  395,  468,  361,  372,  276,  422,  219,  576,  831,  321,  411,  271,  463,  708,  696,  550,  616,  577,  557,  363,  264,  405,  413,  207,  419,  627,  342,  199,  310,  528,  826,  273,   28,  644,  791,  260,  851,  123,  725,  502,  373,  223,  343,  685,  156,  608,  315,  464,  551,  595,  473,  744,  465,  727,  316,  669,  388,  556],
        [  485,    0,  430,  447,  265,   65,  106,  396,  514,  648,  652,  212,  673,  207,  574,  421,  114,  496,  450,  374,  347,   68,  463,  727,  429,  310,  527,  452,  381,    0,   70,  680,  423,  277,  390,  411,  356,  657,  512,  644,  237,  161,  365,  289,  278,  349,  150,  196,  431,  810,  458,  792,  214,  343,  341,  359,  306,  645,  427,  281,  643,  204,  691,  588,  517,  454,  406,  378,  326,  102,  366,  406,  406,  322,  703,  374,  422,  724,  300,  696,  173,  183,  617,  728,  328,  500,  207,  277,  473,  519,  124,  417,  728,  638,  197,  251,  499,  447,  229,  480,  689,  258,  126,  564,  383,  354,  506,  587,  276,  182,  562,  495,  419,  698,  453,  700,   43,  170,  677,  401,  316,  196,  634,  269,  181,  744,  645,  453,  587,  313,  334,  319,  141,  206,  416,  151,  824,  269,  393,  321,  445,  229,  484,  419,  580,  132,  581,  465,  346,  484,  457,  285,  694,  392,  465,  262,  518,  375,  426,  515,  548,  445,  202,  334],
        [  450,    0,  478,  429,  331,  134,  160,  402,  447,  579,  634,  224,  604,  162,  516,  352,  183,  491,  422,  316,  280,  108,  394,  658,  498,  241,  584,  413,  369,   70,    0,  636,  471,  282,  450,  343,  425,  624,  446,  587,  288,  217,  302,  320,  248,  319,  178,  159,  433,  786,  511,  775,  225,  309,  407,  399,  310,  582,  363,  268,  639,  157,  664,  520,  506,  396,  346,  370,  339,   49,  298,  430,  461,  317,  666,  332,  353,  707,  271,  629,  210,  221,  555,  690,  274,  552,  168,  272,  538,  531,   77,  437,  709,  568,  262,  230,  430,  454,  193,  480,  644,  214,  164,  555,  362,  294,  443,  522,  207,  244,  518,  543,  442,  633,  466,  689,   61,  208,  620,  366,  335,  183,  564,  335,  194,  728,  632,  387,  528,  340,  264,  282,   74,  222,  357,  166,  755,  309,  385,  384,  429,  267,  483,  426,  516,  187,  526,  485,  395,  425,  466,  254,  683,  452,  529,  325,  570,  376,  356,  458,  497,  389,  265,  275],
        [  214,    0,  757,  977,  816,  716,  673,  468,  369,  607,  280,  851,  474,  707,  199,  458,  747, 1067,  937,  703,  447,  740,  541,  478,  979,  532,  897,  878,  379,  680,  636,    0,  756,  499,  838,  430,  933,  132,  356,  172,  693,  840,  379,  955,  410,  345,  605,  729,  443,  286,  808,  339,  540,  832,  865, 1034,  919,  286,  360,  443,  404,  700,  201,  415,  337,  273,  705,  955,  960,  588,  583,  576,  799,  442,   97,  306,  468,  314,  390,  403,  845,  631,  255,   98,  368,  832,  474,  873,  944,  514,  675,  551,  295,  541,  765,  810,  562,  469,  453,  421,   11,  423,  798,  347,  344,  684,  301,  304,  493,  733,  119,  784,  578,  346, 1081,  357,  694,  629,  173,  865,  962,  788,  486,  924,  823,  332,  324,  373,  219,  585,  503,  803,  574,  557,  318,  797,  655,  650,  394,  986,  982,  632, 1068,  473,  721,  812,  170,  561,  722,  745,  483,  803,  360,  842,  929,  931,  838,  976,  475,  786,  156,  756,  752,  678],
        [  551,    0,    9,  853,  229,  374,  317,  288,  792, 1000,  566,  598,  974,  628,  761,  746,  342,  881,  866,  785,  663,  466,  819, 1018,  286,  671,  145,  874,  383,  423,  471,  756,    0,  293,  121,  722,  290,  661,  784,  815,  186,  460,  635,  614,  431,  456,  301,  618,  317,  726,   54,  671,  298,  763,  203,  636,  692,  872,  698,  363,  476,  624,  649,  880,  437,  665,  814,  773,  691,  461,  746,  184,   61,  334,  722,  528,  752,  612,  438,  964,  523,  253,  833,  749,  560,   88,  449,  677,  204,  295,  543,  210,  627,  970,  258,  667,  859,  296,  442,  352,  767,  480,  494,  455,  425,  762,  748,  829,  611,  254,  658,   74,  184,  942,  801,  560,  464,  266,  844,  822,  669,  610,  947,  406,  572,  621,  530,  734,  786,  186,  680,  740,  507,  287,  652,  547, 1156,  167,  364,  466,  850,  210,  864,  286,  974,  457,  752,  221,   77,  893,  287,  705,  552,  125,  189,  448,  103,  757,  758,  928,  696,  859,  243,  743],
        [  286,    0,  296,  711,  319,  275,  211,  121,  502,  721,  393,  488,  684,  436,  473,  465,  285,  769,  703,  558,  385,  344,  547,  727,  480,  410,  436,  685,  129,  277,  282,  499,  293,    0,  348,  438,  436,  434,  493,  531,  195,  408,  347,  558,  140,  168,  138,  439,  155,  558,  345,  529,   64,  588,  366,  617,  582,  581,  408,   71,  369,  430,  450,  590,  252,  373,  582,  649,  602,  247,  490,  168,  319,   61,  490,  237,  472,  461,  145,  672,  443,  141,  543,  517,  270,  380,  178,  549,  455,  250,  357,  165,  468,  686,  275,  512,  587,  172,  162,  205,  510,  195,  397,  295,  156,  533,  456,  537,  345,  244,  389,  347,  179,  650,  729,  430,  312,  144,  562,  643,  591,  462,  659,  450,  457,  479,  378,  445,  497,  107,  412,  560,  279,   75,  360,  427,  869,  153,  129,  517,  711,  134,  759,  145,  719,  387,  466,  212,  237,  657,  184,  534,  423,  352,  441,  469,  392,  650,  479,  697,  414,  633,  259,  516],
        [  627,    0,  128,  790,  143,  331,  291,  379,  827, 1013,  671,  533, 1005,  596,  818,  764,  289,  806,  811,  764,  682,  418,  827, 1053,  166,  674,  142,  830,  460,  390,  450,  838,  121,  348,    0,  744,  172,  755,  820,  878,  176,  386,  666,  530,  476,  515,  305,  580,  413,  835,  108,  784,  331,  717,   90,  540,  623,  923,  731,  415,  590,  593,  750,  912,  536,  713,  795,  705,  614,  453,  743,  286,   61,  400,  815,  582,  768,  722,  487, 1005,  453,  257,  885,  842,  597,  140,  472,  615,  107,  409,  513,  313,  736,  990,  198,  617,  866,  398,  472,  454,  849,  512,  433,  559,  497,  743,  791,  874,  621,  209,  733,  170,  290,  989,  716,  672,  428,  267,  909,  775,  589,  560,  973,  305,  512,  733,  639,  766,  842,  253,  689,  697,  501,  316,  693,  490, 1178,  196,  446,  359,  786,  229,  787,  383,  966,  390,  813,  333,  118,  873,  391,  659,  664,    4,   94,  350,  158,  685,  774,  905,  761,  834,  189,  723],
        [  353,    0,  727,  562,  652,  471,  471,  513,  110,  284,  578,  499,  265,  327,  244,   34,  518,  658,  516,  276,   65,  443,  129,  317,  826,  126,  858,  452,  417,  411,  343,  430,  722,  438,  744,    0,  758,  489,  113,  307,  568,  553,   97,  614,  302,  316,  440,  355,  521,  677,  772,  701,  424,  420,  723,  702,  541,  259,   72,  373,  650,  321,  557,  178,  512,  165,  276,  557,  589,  313,  155,  600,  734,  421,  503,  254,   44,  647,  305,  287,  527,  487,  245,  517,  176,  809,  274,  493,  844,  635,  336,  591,  638,  249,  583,  425,  164,  553,  280,  543,  433,  244,  489,  557,  376,  259,  139,  198,  136,  557,  342,  782,  610,  297,  697,  658,  399,  477,  335,  444,  601,  423,  230,  678,  479,  670,  601,   62,  239,  542,   94,  394,  271,  436,  129,  462,  436,  559,  444,  724,  569,  520,  664,  535,  321,  523,  267,  630,  654,  318,  571,  404,  656,  747,  833,  665,  824,  586,   52,  361,  276,  327,  580,  256],
        [  720,    0,  297,  680,  118,  292,  289,  503,  853, 1003,  803,  432, 1022,  539,  879,  772,  243,  679,  712,  714,  693,  354,  818, 1074,   77,  665,  286,  745,  562,  356,  425,  933,  290,  436,  172,  758,    0,  867,  849,  944,  242,  282,  695,  398,  537,  592,  339,  517,  540,  970,  279,  926,  396,  633,   88,  390,  509,  970,  761,  492,  737,  539,  874,  934,  662,  764,  747,  591,  490,  446,  721,  429,  232,  495,  924,  648,  773,  861,  553, 1037,  350,  305,  937,  951,  639,  306,  506,  513,  170,  560,  468,  455,  873,  992,  178,  532,  854,  533,  514,  587,  943,  554,  346,  693,  590,  697,  832,  916,  624,  208,  820,  342,  435, 1031,  576,  816,  382,  309,  977,  688,  461,  479,  985,  160,  418,  874,  776,  792,  898,  369,  686,  619,  491,  379,  736,  404, 1179,  292,  555,  199,  674,  303,  657,  512,  928,  298,  879,  484,  259,  822,  530,  578,  808,  170,  171,  207,  323,  563,  778,  847,  833,  777,  187,  678],
