{
    "name": "random-7-6847",
    "comment": "size=7 seed=6847",
    "nodes": ["+0", "-0", "+1", "-1", "+2", "-2", "+3", "-3", "+4", "-4", "+5", "-5", "+6", "-6", "+7", "-7"],
    "precedence": {
        "+0": "-0",
        "+1": "-1",
        "+2": "-2",
        "+3": "-3",
        "+4": "-4",
        "+5": "-5",
        "+6": "-6",
        "+7": "-7"
    },
    "edges": [
        [    0,    0,  435,  216,  240,  622,  498,  677,  568,  432,  347,  291,  292,  436,  111,  475],
        [    0,    0,  435,  216,  240,  622,  498,  677,  568,  432,  347,  291,  292,  436,  111,  475],
        [  435,  435,    0,  355,  510,  548,  911,  520,  304,  155,  589,  721,  149,  850,  397,   65],
        [  216,  216,  355,    0,  156,  408,  693,  463,  594,  429,  546,  425,  217,  632,  108,  414],
        [  240,  240,  510,  156,    0,  446,  625,  530,  734,  574,  584,  322,  368,  567,  156,  568],
        [  622,  622,  548,  408,  446,    0, 1069,  119,  852,  692,  950,  765,  503, 1011,  512,  607],
        [  498,  498,  911,  693,  625, 1069,    0, 1146,  940,  859,  432,  318,  781,   62,  588,  938],
        [  677,  677,  520,  463,  530,  119, 1146,    0,  821,  672,  987,  852,  507, 1087,  571,  573],
        [  568,  568,  304,  594,  734,  852,  940,  821,    0,  168,  528,  847,  386,  887,  588,  249],
        [  432,  432,  155,  429,  574,  692,  859,  672,  168,    0,  488,  721,  218,  802,  434,  120],
        [  347,  347,  589,  546,  584,  950,  432,  987,  528,  488,    0,  472,  504,  389,  452,  593],
        [  291,  291,  721,  425,  322,  765,  318,  852,  847,  721,  472,    0,  574,  268,  336,  765],
        [  292,  292,  149,  217,  368,  503,  781,  507,  386,  218,  504,  574,    0,  719,  249,  202],
        [  436,  436,  850,  632,  567, 1011,   62, 1087,  887,  802,  389,  268,  719,    0,  527,  878],
        [  111,  111,  397,  108,  156,  512,  588,  571,  588,  434,  452,  336,  249,  527,    0,  448],
        [  475,  475,   65,  414,  568,  607,  938,  573,  249,  120,  593,  765,  202,  878,  448,    0]
    ]
}
