{
    "name": "random-90-9203",
    "comment": "size=90 seed=9203",
    "nodes": ["+0", "-0", "+1", "-1", "+2", "-2", "+3", "-3", "+4", "-4", "+5", "-5", "+6", "-6", "+7", "-7", "+8", "-8", "+9", "-9", "+10", "-10", "+11", "-11", "+12", "-12", "+13", "-13", "+14", "-14", "+15", "-15", "+16", "-16", "+17", "-17", "+18", "-18", "+19", "-19", "+20", "-20", "+21", "-21", "+22", "-22", "+23", "-23", "+24", "-24", "+25", "-25", "+26", "-26", "+27", "-27", "+28", "-28", "+29", "-29", "+30", "-30", "+31", "-31", "+32", "-32", "+33", "-33", "+34", "-34", "+35", "-35", "+36", "-36", "+37", "-37", "+38", "-38", "+39", "-39", "+40", "-40", "+41", "-41", "+42", "-42", "+43", "-43", "+44", "-44", "+45", "-45", "+46", "-46", "+47", "-47", "+48", "-48", "+49", "-49", "+50", "-50", "+51", "-51", "+52", "-52", "+53", "-53", "+54", "-54", "+55", "-55", "+56", "-56", "+57", "-57", "+58", "-58", "+59", "-59", "+60", "-60", "+61", "-61", "+62", "-62", "+63", "-63", "+64", "-64", "+65", "-65", "+66", "-66", "+67", "-67", "+68", "-68", "+69", "-69", "+70", "-70", "+71", "-71", "+72", "-72", "+73", "-73", "+74", "-74", "+75", "-75", "+76", "-76", "+77", "-77", "+78", "-78", "+79", "-79", "+80", "-80", "+81", "-81", "+82", "-82", "+83", "-83", "+84", "-84", "+85", "-85", "+86", "-86", "+87", "-87", "+88", "-88", "+89", "-89", "+90", "-90"],
    "precedence": {
        "+0": "-0",
        "+1": "-1",
        "+2": "-2",
        "+3": "-3",
        "+4": "-4",
        "+5": "-5",
        "+6": "-6",
        "+7": "-7",
        "+8": "-8",
        "+9": "-9",
        "+10": "-10",
        "+11": "-11",
        "+12": "-12",
        "+13": "-13",
        "+14": "-14",
        "+15": "-15",
        "+16": "-16",
        "+17": "-17",
        "+18": "-18",
        "+19": "-19",
        "+20": "-20",
        "+21": "-21",
        "+22": "-22",
        "+23": "-23",
        "+24": "-24",
        "+25": "-25",
        "+26": "-26",
        "+27": "-27",
        "+28": "-28",
        "+29": "-29",
        "+30": "-30",
        "+31": "-31",
        "+32": "-32",
        "+33": "-33",
        "+34": "-34",
        "+35": "-35",
        "+36": "-36",
        "+37": "-37",
        "+38": "-38",
        "+39": "-39",
        "+40": "-40",
        "+41": "-41",
        "+42": "-42",
        "+43": "-43",
        "+44": "-44",
        "+45": "-45",
        "+46": "-46",
        "+47": "-47",
        "+48": "-48",
        "+49": "-49",
        "+50": "-50",
        "+51": "-51",
        "+52": "-52",
        "+53": "-53",
        "+54": "-54",
        "+55": "-55",
        "+56": "-56",
        "+57": "-57",
        "+58": "-58",
        "+59": "-59",
        "+60": "-60",
        "+61": "-61",
        "+62": "-62",
        "+63": "-63",
        "+64": "-64",
        "+65": "-65",
        "+66": "-66",
        "+67": "-67",
        "+68": "-68",
        "+69": "-69",
        "+70": "-70",
        "+71": "-71",
        "+72": "-72",
        "+73": "-73",
        "+74": "-74",
        "+75": "-75",
        "+76": "-76",
        "+77": "-77",
        "+78": "-78",
        "+79": "-79",
        "+80": "-80",
        "+81": "-81",
        "+82": "-82",
        "+83": "-83",
        "+84": "-84",
        "+85": "-85",
        "+86": "-86",
        "+87": "-87",
        "+88": "-88",
        "+89": "-89",
        "+90": "-90"
    },
    "edges": [
        [    0,    0,  319,  274,  616,  781,  564,  786,  313,  356,  419,  761,  669,  141,  262,   76,  690,  207,  214,  241,  461,  605,  652,  443,  945,  582,  796,  457,  363,  726,  729,  481,  222,   99,  674,  773,  672,  454,  635,  748,  669,  659,  432,  397,  479,  613,  429,  692,  643,  329,  580,  322,  260,  407,   97,  619,  652,  271,  165,  774,  817,  822,  584,  140,  224,  712,  412,  511,  313,  359,  485,  355,  826,  243,  312,  246,  423,  576,  572,  433,  408,  424,  549,  637,  796,  286,  810,  123,  732,  462,  607,  651,  941,  710,  111,  873,  294,  778,  784,  811,  399,  160,  549,  140,  348,  192,  654,  789,  544,  761,  473,  299,  792,  570,  157,  125,  270,  850,  217,  297,  256,  913,  303,  117,  317,  800,  824,  409,  892,  295,  876,  340,  561,  296,  129,  488,  329,  726,  892,  172,  674,  320,  938,   98,  786,  555,  615,  628,  480,  123,  475,  276,  500,  557,  291,  406,  839,  128,  806,  326,  771,  459,  177,  268, 1025,  461,  549,  422,  639,  242,  269,  620,  755,  708,  195,  183,  332,  505,  753,  373,  998,  450],
        [    0,    0,    0,    0,    0,    0,    0,    0,    0,    0,    0,    0,    0,    0,    0,    0,    0,    0,    0,    0,    0,    0,    0,    0,    0,    0,    0,    0,    0,    0,    0,    0,    0,    0,    0,    0,    0,    0,    0,    0,    0,    0,    0,    0,    0,    0,    0,    0,    0,    0,    0,    0,    0,    0,    0,    0,    0,    0,    0,    0,    0,    0,    0,    0,    0,    0,    0,    0,    0,    0,    0,    0,    0,    0,    0,    0,    0,    0,    0,    0,    0,    0,    0,    0,    0,    0,    0,    0,    0,    0,    0,    0,    0,    0,    0,    0,    0,    0,    0,    0,    0,    0,    0,    0,    0,    0,    0,    0,    0,    0,    0,    0,    0,    0,    0,    0,    0,    0,    0,    0,    0,    0,    0,    0,    0,    0,    0,    0,    0,    0,    0,    0,    0,    0,    0,    0,    0,    0,    0,    0,    0,    0,    0,    0,    0,    0,    0,    0,    0,    0,    0,    0,    0,    0,    0,    0,    0,    0,    0,    0,    0,    0,    0,    0,    0,    0,    0,    0,    0,    0,    0,    0,    0,    0,    0,    0,    0,    0,    0,    0,    0,    0],
        [  319,    0,    0,  389,  604,  590,  390,  526,  191,  399,  307,  443,  420,  334,  556,  249,  419,  114,  356,  354,  295,  324,  493,  456,  628,  440,  483,  256,  411,  585,  423,  232,  486,  288,  457,  651,  519,  460,  350,  577,  423,  553,  129,  408,  476,  462,  292,  664,  600,  151,  558,  288,  409,  398,  283,  374,  448,  395,  360,  457,  513,  504,  273,  201,  249,  438,  385,  458,   50,  115,  243,  215,  548,  223,  607,  325,  150,  274,  412,  419,  355,  112,  257,  412,  480,  581,  517,  296,  470,  201,  311,  619,  626,  415,  276,  566,  207,  493,  563,  594,  461,  318,  503,  358,   41,  199,  535,  547,  351,  508,  186,  540,  473,  315,  452,  294,  527,  532,  257,  416,   96,  607,  334,  259,  146,  484,  540,  433,  573,  377,  561,  622,  314,  146,  431,  309,  309,  453,  579,  390,  356,  228,  632,  320,  468,  237,  313,  316,  283,  337,  157,  459,  183,  308,   30,  371,  554,  239,  537,  513,  459,  151,  193,  196,  713,  403,  273,  104,  522,  354,  421,  397,  436,  419,  147,  318,  277,  186,  499,  233,  682,  358],
        [  274,    0,  389,    0,  348,  963,  751,  915,  500,   98,  250,  760,  548,  412,  490,  250,  589,  307,   61,   40,  317,  712,  454,  180,  922,  786,  842,  345,  622,  936,  684,  405,  480,  184,  837,  993,  468,  708,  565,  942,  544,  883,  515,  144,  731,  416,  275,  425,  383,  282,  317,  153,   39,  654,  355,  760,  491,  541,  438,  767,  760,  832,  566,  341,  457,  613,  180,  270,  418,  488,  400,  542,  720,  460,  530,  503,  537,  656,  767,  185,  196,  444,  504,  794,  829,  508,  898,  158,  617,  405,  558,  387,  909,  642,  365,  816,  494,  688,  946,  977,  663,  425,  299,  413,  429,  401,  430,  934,  719,  896,  575,  560,  799,  702,  238,  386,  527,  854,  453,  567,  395,  851,  552,  362,  276,  836,  727,  147,  900,  558,  908,  572,  459,  262,  245,  668,  140,  841,  852,  446,  700,  523,  877,  177,  777,  584,  575,  609,  355,  153,  499,  550,  522,  458,  377,  643,  743,  195,  926,  599,  821,  534,  380,  203,  977,  694,  483,  469,  416,  507,  542,  778,  769,  632,  362,   98,  173,  533,  888,  256,  965,  251],
        [  616,    0,  604,  348,    0, 1187,  994, 1086,  772,  261,  302,  805,  482,  747,  835,  576,  542,  577,  406,  377,  343,  883,  285,  174,  914, 1044,  931,  397,  940, 1189,  688,  467,  828,  520, 1050, 1254,  278, 1017,  567, 1179,  474, 1153,  702,  223, 1038,  271,  325,   78,   61,  454,   48,  331,  375,  958,  685,  958,  379,  871,  775,  803,  732,  878,  636,  650,  764,  561,  226,  150,  649,  719,  454,  807,  632,  758,  874,  823,  745,  809, 1016,  194,  251,  594,  561, 1004,  903,  853, 1025,  494,  539,  490,  591,   48,  891,  626,  693,  780,  776,  630, 1149, 1181,  986,  756,  107,  753,  639,  702,  208, 1121,  954, 1075,  765,  908,  847,  900,  579,  716,  874,  889,  764,  898,  657,  803,  864,  686,  459,  913,  650,  208,  936,  881,  970,  917,  458,  462,  590,  913,  314, 1004,  832,  787,  787,  804,  825,  520,  809,  699,  614,  664,  381,  499,  635,  891,  648,  462,  608,  940,  664,  512, 1085,  942,  915,  709,  682,  426,  931,  985,  521,  636,  204,  834,  877,  991,  831,  608,  649,  434,  335,  662, 1067,  375,  941,  252],
        [  781,    0,  590,  963, 1187,    0,  218,  205,  473,  986,  885,  593,  858,  680,  879,  747,  817,  656,  918,  925,  853,  327, 1018, 1045,  717,  209,  468,  802,  504,  127,  699,  743,  789,  813,  139,  175, 1043,  433,  740,   56,  866,  209,  486,  998,  415,  997,  864, 1240, 1175,  736, 1140,  877,  974,  432,  689,  235,  938,  601,  680,  613,  756,  578,  623,  649,  560,  821,  972, 1038,  551,  479,  758,  430,  881,  539,  916,  570,  443,  407,  210, 1007,  941,  597,  682,  184,  508,  898,  346,  833,  866,  713,  691, 1195,  741,  748,  674,  776,  488,  823,   85,   75,  514,  651, 1082,  702,  552,  591, 1081,  146,  245,  186,  424,  780,  578,  291,  936,  669,  798,  605,  569,  593,  569,  807,  513,  665,  733,  499,  858, 1022,  604,  556,  533,  895,  794,  735,  908,  298,  898,  259,  739,  705,  518,  461,  819,  840,  619,  531,  672,  626,  825,  865,  567,  674,  561,  787,  594,  411,  863,  779,  242,  693,  455,  481,  609,  784,  827,  361,  723,  554, 1070,  595,  634,  197,  551,  767,  610,  876,  866,  547,  189,  813,  769,  936],
        [  564,    0,  390,  751,  994,  218,    0,  275,  256,  780,  695,  530,  720,  469,  679,  530,  691,  444,  704,  712,  673,  227,  854,  844,  693,   68,  449,  625,  319,  196,  604,  575,  588,  596,  127,  265,  880,  274,  611,  192,  728,  183,  308,  795,  266,  828,  677, 1052,  988,  540,  947,  675,  760,  249,  473,  145,  786,  404,  471,  551,  679,  543,  493,  432,  345,  701,  774,  847,  347,  276,  590,  213,  781,  322,  720,  362,  255,  289,   30,  808,  745,  421,  536,  113,  479,  699,  373,  617,  744,  543,  560, 1007,  710,  639,  459,  712,  271,  721,  228,  252,  344,  440,  892,  492,  356,  374,  909,  251,   46,  244,  254,  591,  530,  160,  720,  454,  604,  574,  354,  401,  357,  750,  309,  449,  536,  474,  763,  819,  590,  359,  534,  704,  639,  535,  691,   84,  695,  260,  691,  498,  434,  245,  767,  623,  560,  398,  546,  509,  650,  648,  406,  482,  408,  632,  389,  220,  771,  563,  309,  511,  428,  313,  392,  580,  803,  183,  573,  377,  896,  391,  439,  101,  494,  654,  394,  662,  665,  396,  239,  621,  751,  746],
        [  786,    0,  526,  915, 1086,  205,  275,    0,  477,  918,  788,  403,  702,  716,  939,  736,  655,  620,  880,  880,  743,  206,  882,  964,  513,  315,  267,  690,  592,  317,  521,  622,  849,  793,  153,  376,  906,  547,  584,  248,  711,  378,  402,  920,  536,  867,  762, 1130, 1065,  654, 1039,  804,  933,  523,  706,  168,  794,  671,  724,  422,  567,  379,  474,  646,  586,  655,  887,  937,  501,  437,  637,  439,  700,  558,  983,  621,  380,  277,  290,  922,  853,  496,  543,  165,  309,  961,  142,  808,  699,  597,  538, 1087,  538,  577,  692,  581,  501,  645,  122,  144,  618,  687,  979,  741,  486,  597,  953,   61,  267,   31,  341,  859,  383,  218,  940,  694,  869,  404,  597,  671,  540,  609,  574,  678,  655,  300,  676,  946,  400,  626,  329,  972,  657,  662,  913,  318,  824,   83,  541,  754,  345,  482,  620,  824,  427,  392,  517,  466,  708,  846,  452,  751,  438,  650,  540,  493,  679,  750,   39,  783,  259,  387,  610,  719,  623,  457,  585,  459,  944,  652,  707,  181,  361,  597,  596,  840,  789,  424,   36,  722,  565,  836],
        [  313,    0,  191,  500,  772,  473,  256,  477,    0,  539,  486,  546,  602,  244,  476,  275,  594,  199,  450,  461,  483,  314,  683,  611,  733,  287,  534,  446,  229,  436,  564,  420,  390,  341,  361,  494,  708,  270,  518,  446,  607,  386,  204,  560,  285,  651,  475,  837,  775,  330,  727,  443,  507,  208,  229,  310,  637,  243,  258,  564,  653,  590,  419,  177,  116,  610,  547,  631,  142,  108,  432,   44,  714,   84,  523,  175,  160,  311,  269,  580,  522,  279,  426,  325,  546,  499,  520,  361,  646,  388,  473,  792,  739,  573,  215,  701,   30,  655,  472,  499,  278,  217,  676,  270,  177,  122,  722,  477,  232,  451,  207,  421,  566,  267,  469,  218,  420,  622,  127,  257,  116,  742,  159,  202,  322,  547,  702,  583,  655,  212,  621,  523,  500,  315,  441,  177,  461,  424,  701,  289,  445,   39,  765,  367,  575,  348,  468,  455,  473,  393,  299,  321,  317,  494,  174,  181,  714,  309,  501,  369,  509,  229,  138,  347,  831,  216,  451,  245,  708,  209,  277,  308,  526,  581,  140,  408,  437,  313,  443,  412,  791,  535],
        [  356,    0,  399,   98,  261,  986,  780,  918,  539,    0,  181,  721,  476,  488,  584,  318,  523,  340,  150,  119,  251,  712,  363,   87,  872,  822,  817,  290,  687,  971,  633,  358,  570,  260,  855, 1031,  375,  768,  509,  970,  471,  925,  517,   47,  790,  326,  210,  336,  289,  265,  225,  115,  133,  711,  427,  771,  408,  613,  516,  726,  702,  795,  529,  398,  514,  546,   88,  173,  436,  507,  350,  578,  649,  512,  625,  568,  548,  649,  799,   88,  113,  429,  461,  810,  800,  603,  886,  234,  545,  365,  510,  296,  856,  584,  435,  757,  538,  622,  961,  992,  731,  498,  202,  493,  438,  454,  334,  943,  744,  902,  579,  649,  761,  712,  335,  458,  617,  814,  512,  640,  427,  790,  613,  429,  263,  808,  658,   53,  861,  626,  876,  666,  397,  256,  341,  697,   95,  840,  797,  527,  672,  567,  815,  260,  735,  562,  529,  569,  293,  241,  481,  631,  502,  398,  393,  697,  673,  255,  925,  682,  797,  532,  434,  203,  919,  745,  434,  461,  320,  577,  618,  795,  735,  572,  406,  174,  133,  514,  893,  213,  912,  168],
        [  419,    0,  307,  250,  302,  885,  695,  788,  486,  181,    0,  549,  298,  522,  677,  355,  343,  304,  272,  244,   70,  584,  233,  187,  693,  747,  655,  114,  679,  891,  454,  186,  640,  326,  748,  957,  254,  746,  329,  878,  295,  859,  400,  157,  765,  194,   31,  358,  294,  158,  255,  107,  288,  685,  457,  657,  246,  630,  552,  551,  521,  623,  361,  398,  501,  366,  111,  154,  354,  422,  176,  518,  471,  488,  724,  570,  444,  512,  718,  142,   75,  294,  289,  702,  634,  699,  737,  308,  368,  200,  334,  313,  676,  404,  460,  577,  495,  442,  847,  880,  728,  521,  198,  535,  340,  438,  245,  821,  654,  776,  463,  714,  590,  598,  460,  484,  688,  639,  504,  655,  372,  610,  601,  447,  164,  642,  479,  180,  687,  629,  707,  757,  217,  173,  456,  615,  112,  707,  617,  572,  509,  521,  635,  344,  560,  408,  354,  398,  113,  336,  337,  669,  353,  218,  315,  663,  495,  292,  789,  724,  637,  408,  421,  161,  738,  702,  257,  334,  230,  589,  644,  689,  566,  392,  380,  268,   91,  367,  767,   75,  731,   51],
        [  761,    0,  443,  760,  805,  593,  530,  403,  546,  721,  549,    0,  345,  764,  994,  689,  286,  555,  750,  736,  484,  303,  549,  734,  189,  596,  150,  436,  759,  675,  132,  364,  917,  718,  478,  745,  569,  762,  240,  621,  354,  703,  348,  704,  764,  546,  519,  829,  768,  483,  763,  614,  791,  711,  721,  395,  450,  789,  785,   22,  165,   75,  194,  639,  652,  278,  659,  671,  458,  443,  374,  534,  300,  619, 1044,  719,  387,  252,  558,  689,  623,  340,  261,  447,  110, 1018,  280,  720,  319,  358,  217,  792,  194,  197,  712,  186,  574,  249,  517,  544,  802,  742,  703,  789,  418,  621,  630,  461,  490,  413,  342,  960,   42,  371,  886,  727,  954,   94,  662,  802,  521,  221,  701,  694,  491,  122,  275,  728,  141,  756,  165, 1053,  349,  508,  867,  501,  631,  334,  163,  817,  102,  576,  238,  749,   31,  208,  196,  153,  440,  761,  287,  865,  261,  345,  472,  676,  276,  667,  380,  914,  149,  321,  623,  566,  287,  673,  293,  340,  624,  753,  822,  447,   43,  219,  582,  722,  594,  257,  408,  510,  246,  584],
        [  669,    0,  420,  548,  482,  858,  720,  702,  602,  476,  298,  345,    0,  734,  930,  595,   62,  491,  564,  539,  231,  531,  208,  455,  433,  785,  487,  215,  828,  905,  216,  194,  875,  589,  723,  977,  226,  869,  119,  869,   10,  903,  424,  443,  881,  212,  273,  494,  437,  341,  445,  399,  585,  808,  674,  626,  108,  812,  763,  337,  251,  413,  235,  597,  667,   80,  393,  367,  463,  501,  187,  615,  174,  642,  980,  743,  482,  451,  748,  413,  363,  325,  186,  680,  452,  954,  605,  579,   70,  221,  167,  461,  410,  150,  672,  299,  623,  152,  796,  828,  878,  724,  389,  754,  426,  612,  290,  751,  675,  702,  468,  940,  384,  577,  743,  693,  921,  417,  674,  834,  515,  326,  753,  655,  353,  463,  183,  461,  463,  796,  507, 1005,  110,  373,  734,  658,  408,  621,  351,  790,  361,  640,  349,  614,  341,  328,  187,  237,  197,  614,  319,  871,  313,  114,  445,  777,  199,  545,  689,  926,  478,  412,  603,  406,  456,  798,  153,  363,  287,  770,  837,  673,  379,  130,  555,  552,  379,  325,  695,  307,  460,  310],
        [  141,    0,  334,  412,  747,  680,  469,  716,  244,  488,  522,  764,  734,    0,  234,  173,  744,  244,  351,  376,  550,  557,  751,  573,  952,  474,  771,  535,  226,  611,  756,  541,  154,  229,  588,  652,  773,  319,  680,  642,  736,  538,  417,  525,  344,  713,  524,  822,  769,  400,  708,  435,  399,  278,   66,  550,  736,  131,   31,  780,  846,  816,  606,  138,  131,  765,  534,  632,  308,  326,  548,  279,  877,  161,  284,  116,  390,  547,  471,  558,  524,  445,  588,  557,  779,  258,  763,  256,  792,  516,  644,  779,  953,  748,   64,  899,  217,  824,  695,  720,  259,   30,  673,   27,  350,  143,  764,  709,  457,  688,  440,  208,  789,  510,  274,   41,  193,  847,  120,  157,  244,  940,  176,   80,  388,  781,  871,  540,  884,  158,  857,  290,  625,  370,  245,  402,  446,  667,  909,   57,  668,  235,  964,  237,  791,  557,  646,  648,  560,  262,  487,  148,  511,  620,  304,  282,  885,  238,  742,  203,  746,  445,  143,  362, 1042,  338,  598,  430,  749,  104,  131,  540,  750,  751,  187,  317,  441,  511,  681,  463, 1008,  560],
        [  262,    0,  556,  490,  835,  879,  679,  939,  476,  584,  677,  994,  930,  234,    0,  335,  949,  453,  435,  467,  722,  789,  908,  669, 1181,  671, 1005,  719,  380,  792,  977,  741,   91,  351,  803,  819,  927,  465,  891,  835,  930,  709,  649,  629,  489,  869,  688,  913,  872,  589,  806,  575,  461,  450,  274,  775,  913,  278,  219, 1009, 1067, 1049,  829,  356,  361,  971,  654,  752,  537,  560,  745,  507, 1084,  393,   52,  319,  623,  781,  676,  669,  656,  667,  802,  777, 1013,   25,  994,  370,  993,  720,  860,  876, 1181,  963,  282, 1121,  448, 1035,  906,  927,  385,  260,  785,  208,  577,  375,  904,  927,  675,  911,  674,  125, 1020,  739,  260,  269,   91, 1079,  350,  289,  473, 1162,  370,  300,  577, 1015, 1081,  636, 1116,  324, 1091,   83,  822,  557,  246,  622,  578,  895, 1135,  188,  900,  462, 1187,  336, 1021,  787,  865,  872,  742,  348,  713,  211,  737,  818,  527,  468, 1096,  389,  967,  214,  980,  677,  372,  529, 1268,  520,  806,  657,  889,  289,  247,  760,  982,  964,  412,  420,  587,  739,  904,  634, 1236,  703],
        [   76,    0,  249,  250,  576,  747,  530,  736,  275,  318,  355,  689,  595,  173,  335,    0,  615,  135,  192,  212,  392,  547,  587,  403,  872,  556,  729,  385,  373,  704,  654,  407,  286,   70,  633,  756,  609,  458,  560,  719,  596,  644,  367,  354,  482,  549,  362,  650,  597,  255,  537,  264,  246,  405,  110,  570,  582,  296,  202,  702,  742,  751,  510,   99,  209,  637,  362,  460,  249,  301,  411,  318,  751,  218,  385,  253,  364,  513,  542,  386,  352,  350,  474,  593,  728,  359,  751,   95,  658,  387,  532,  608,  868,  634,  118,  798,  261,  703,  743,  772,  415,  180,  501,  182,  281,  160,  596,  743,  505,  712,  412,  359,  721,  519,  208,  141,  334,  779,  205,  322,  197,  838,  303,  112,  243,  732,  749,  370,  821,  309,  808,  411,  487,  222,  184,  450,  274,  672,  818,  219,  604,  289,  863,   94,  713,  485,  540,  554,  409,  120,  402,  319,  428,  483,  222,  397,  764,   66,  754,  373,  705,  393,  140,  199,  951,  450,  474,  352,  580,  260,  302,  577,  684,  633,  141,  153,  272,  433,  704,  303,  924,  391],
        [  690,    0,  419,  589,  542,  817,  691,  655,  594,  523,  343,  286,   62,  744,  949,  615,    0,  502,  601,  577,  274,  492,  269,  508,  373,  757,  431,  248,  822,  871,  156,  209,  890,  616,  685,  943,  287,  856,   81,  832,   71,  874,  406,  493,  867,  274,  316,  556,  498,  362,  504,  438,  626,  796,  686,  589,  169,  814,  772,  277,  191,  353,  199,  607,  668,   24,  443,  424,  460,  489,  206,  603,  137,  641,  999,  744,  463,  414,  720,  466,  411,  316,  168,  643,  394,  973,  551,  607,   54,  230,  132,  522,  350,   90,  683,  241,  617,   99,  753,  784,  871,  732,  448,  766,  420,  617,  352,  706,  646,  656,  443,  952,  325,  542,  774,  704,  934,  356,  676,  834,  515,  270,  748,  666,  374,  405,  139,  513,  402,  795,  447, 1022,  134,  394,  763,  634,  450,  575,  291,  801,  311,  631,  295,  642,  281,  294,  147,  192,  235,  644,  301,  877,  289,  136,  447,  764,  155,  569,  639,  932,  423,  390,  608,  434,  400,  782,  148,  350,  348,  773,  840,  637,  322,   69,  561,  585,  418,  300,  649,  341,  402,  360],
        [  207,    0,  114,  307,  577,  656,  444,  620,  199,  340,  304,  555,  491,  244,  453,  135,  502,    0,  264,  269,  318,  424,  522,  413,  739,  483,  596,  295,  376,  632,  526,  298,  389,  178,  532,  692,  546,  445,  440,  635,  493,  585,  236,  362,  464,  486,  299,  644,  584,  162,  532,  246,  319,  384,  185,  459,  497,  333,  273,  568,  615,  617,  379,  107,  198,  523,  351,  440,  121,  184,  305,  239,  636,  185,  504,  269,  241,  382,  461,  383,  329,  218,  350,  489,  594,  477,  623,  190,  549,  273,  408,  599,  735,  511,  182,  670,  200,  584,  641,  672,  424,  235,  485,  265,  147,  135,  548,  633,  412,  598,  286,  451,  586,  403,  339,  203,  433,  645,  201,  357,   88,  710,  297,  165,  151,  598,  631,  384,  686,  327,  674,  522,  382,  135,  317,  361,  264,  551,  687,  300,  470,  229,  736,  209,  579,  350,  413,  423,  322,  229,  268,  383,  294,  377,   88,  365,  645,  132,  635,  439,  571,  261,  120,  152,  820,  409,  356,  217,  533,  291,  352,  473,  550,  512,   76,  222,  243,  299,  590,  235,  792,  350],
        [  214,    0,  356,   61,  406,  918,  704,  880,  450,  150,  272,  750,  564,  351,  435,  192,  601,  264,    0,   32,  334,  679,  490,  235,  918,  737,  823,  354,  564,  885,  683,  406,  422,  125,  795,  941,  506,  650,  568,  895,  561,  830,  484,  194,  674,  452,  293,  483,  438,  268,  373,  166,   57,  597,  295,  721,  517,  481,  378,  759,  763,  821,  557,  286,  400,  624,  222,  318,  379,  447,  403,  493,  735,  406,  478,  444,  500,  628,  718,  234,  231,  423,  500,  752,  812,  455,  871,   99,  633,  401,  556,  444,  907,  646,  306,  819,  442,  698,  904,  935,  604,  365,  350,  353,  396,  346,  474,  896,  674,  859,  541,  502,  788,  665,  193,  327,  469,  844,  397,  507,  350,  856,  495,  303,  260,  819,  739,  202,  890,  499,  892,  518,  468,  244,  195,  621,  161,  808,  852,  386,  683,  472,  882,  116,  769,  565,  571,  601,  368,   93,  479,  490,  503,  467,  340,  588,  755,  142,  892,  538,  800,  505,  326,  185,  980,  639,  484,  443,  460,  447,  481,  736,  756,  638,  311,   43,  185,  513,  851,  261,  964,  284],
        [  241,    0,  354,   40,  377,  925,  712,  880,  461,  119,  244,  736,  539,  376,  467,  212,  577,  269,   32,    0,  308,  677,  460,  205,  901,  747,  813,  331,  585,  897,  665,  386,  452,  148,  800,  954,  475,  669,  548,  903,  536,  844,  481,  163,  693,  421,  266,  453,  407,  255,  343,  140,   57,  615,  318,  723,  489,  504,  403,  744,  743,  807,  542,  302,  418,  601,  191,  286,  381,  450,  383,  503,  710,  421,  509,  465,  501,  623,  728,  203,  200,  414,  483,  756,  801,  486,  865,  121,  608,  383,  538,  414,  889,  625,  328,  799,  455,  675,  909,  939,  626,  389,  319,  379,  394,  362,  443,  898,  680,  860,  539,  532,  774,  666,  224,  350,  499,  829,  415,  531,  357,  835,  514,  324,  248,  808,  716,  171,  876,  521,  881,  549,  445,  233,  227,  629,  132,  806,  833,  413,  672,  484,  861,  144,  754,  555,  554,  586,  343,  123,  469,  517,  493,  444,  340,  604,  731,  156,  891,  566,  791,  501,  341,  173,  960,  655,  464,  437,  428,  470,  507,  740,  743,  617,  323,   60,  160,  503,  852,  239,  946,  254],
        [  461,    0,  295,  317,  343,  853,  673,  743,  483,  251,   70,  484,  231,  550,  722,  392,  274,  318,  334,  308,    0,  542,  204,  251,  624,  729,  596,   54,  690,  868,  385,  126,  678,  373,  716,  937,  229,  750,  260,  850,  229,  844,  369,  225,  767,  170,   42,  389,  323,  158,  297,  168,  354,  687,  486,  621,  192,  650,  580,  486,  452,  558,  300,  420,  514,  297,  177,  196,  344,  406,  114,  510,  404,  497,  770,  586,  419,  467,  697,  206,  142,  257,  226,  670,  572,  745,  684,  358,  301,  148,  268,  345,  607,  334,  487,  507,  496,  373,  810,  843,  739,  547,  236,  566,  322,  452,  240,  780,  630,  734,  430,  750,  525,  563,  517,  511,  725,  574,  518,  674,  374,  540,  611,  473,  168,  581,  411,  247,  622,  644,  644,  800,  147,  184,  511,  595,  178,  661,  548,  603,  450,  520,  565,  394,  494,  357,  289,  334,   45,  390,  293,  696,  306,  148,  310,  663,  427,  333,  742,  751,  579,  373,  437,  194,  668,  698,  192,  300,  227,  608,  668,  657,  503,  322,  392,  325,  149,  320,  725,   89,  662,  101],
        [  605,    0,  324,  712,  883,  327,  227,  206,  314,  712,  584,  303,  531,  557,  789,  547,  492,  424,  679,  677,  542,    0,  694,  758,  470,  293,  236,  490,  488,  384,  386,  424,  702,  600,  193,  455,  719,  474,  414,  340,  539,  402,  197,  715,  472,  675,  559,  931,  865,  449,  837,  598,  732,  430,  534,   98,  612,  542,  571,  325,  456,  319,  297,  465,  429,  497,  682,  735,  304,  247,  439,  284,  567,  397,  836,  480,  184,   81,  255,  717,  648,  291,  356,  153,  259,  812,  208,  613,  542,  397,  365,  887,  485,  428,  522,  487,  341,  507,  271,  304,  526,  530,  777,  583,  284,  424,  761,  238,  188,  193,  139,  728,  305,   69,  754,  528,  730,  351,  440,  549,  351,  524,  445,  506,  450,  256,  546,  740,  372,  502,  324,  834,  469,  457,  729,  209,  619,  130,  465,  602,  210,  331,  541,  631,  334,  204,  346,  302,  509,  652,  250,  623,  240,  462,  340,  395,  553,  555,  214,  664,  212,  181,  434,  514,  579,  381,  398,  253,  750,  514,  577,  149,  268,  445,  410,  640,  583,  226,  184,  517,  529,  633],
        [  652,    0,  493,  454,  285, 1018,  854,  882,  683,  363,  233,  549,  208,  751,  908,  587,  269,  522,  490,  460,  204,  694,    0,  310,  637,  913,  687,  237,  893, 1047,  423,  279,  872,  558,  880, 1117,   26,  951,  312, 1021,  198, 1030,  546,  319,  968,   39,  227,  289,  235,  362,  255,  334,  492,  889,  686,  783,  100,  853,  781,  543,  454,  618,  409,  623,  718,  284,  275,  206,  542,  599,  265,  707,  347,  700,  955,  790,  601,  614,  880,  280,  260,  433,  340,  835,  654,  930,  797,  539,  257,  311,  349,  258,  611,  357,  688,  499,  697,  348,  965,  997,  943,  749,  210,  766,  515,  656,   84,  926,  810,  877,  602,  946,  589,  728,  682,  712,  920,  624,  722,  878,  576,  520,  815,  675,  372,  665,  366,  329,  670,  848,  712,  989,  226,  387,  682,  781,  333,  800,  553,  803,  552,  720,  541,  574,  547,  492,  372,  425,  210,  564,  453,  897,  457,  232,  510,  863,  380,  525,  873,  952,  676,  543,  641,  390,  647,  895,  297,  477,   83,  811,  871,  825,  581,  337,  596,  494,  321,  471,  870,  290,  659,  208],
        [  443,    0,  456,  180,  174, 1045,  844,  964,  611,   87,  187,  734,  455,  573,  669,  403,  508,  413,  235,  205,  251,  758,  310,    0,  871,  889,  842,  299,  769, 1037,  633,  372,  656,  346,  912, 1100,  317,  848,  508, 1032,  449,  995,  567,   51,  870,  277,  216,  250,  204,  312,  138,  170,  211,  790,  512,  824,  373,  698,  601,  736,  695,  808,  547,  479,  594,  530,   78,  105,  498,  569,  361,  648,  625,  590,  709,  651,  604,  690,  864,   46,  114,  469,  474,  866,  820,  687,  920,  320,  522,  386,  518,  209,  852,  579,  520,  748,  612,  606, 1015, 1047,  814,  582,  123,  579,  494,  532,  266,  993,  806,  950,  630,  736,  775,  765,  416,  543,  703,  824,  593,  724,  496,  778,  694,  513,  313,  829,  637,   34,  872,  709,  893,  751,  393,  311,  424,  761,  150,  884,  793,  613,  695,  641,  802,  347,  744,  592,  539,  583,  295,  327,  517,  717,  535,  396,  455,  774,  652,  339,  967,  768,  823,  579,  513,  266,  908,  820,  442,  506,  254,  661,  704,  852,  752,  565,  482,  260,  180,  548,  941,  243,  906,  151],
        [  945,    0,  628,  922,  914,  717,  693,  513,  733,  872,  693,  189,  433,  952, 1181,  872,  373,  739,  918,  901,  624,  470,  637,  871,    0,  757,  252,  582,  942,  816,  240,  517, 1105,  897,  621,  881,  652,  940,  364,  754,  441,  856,  536,  848,  940,  645,  663,  925,  869,  652,  877,  771,  955,  892,  908,  552,  538,  976,  974,  172,  183,  151,  366,  826,  840,  354,  800,  794,  645,  631,  523,  719,  309,  807, 1232,  907,  574,  432,  721,  827,  766,  522,  419,  598,  216, 1206,  372,  896,  381,  518,  364,  893,   34,  293,  899,  143,  762,  290,  634,  656,  985,  930,  820,  977,  605,  809,  720,  573,  657,  532,  528, 1149,  170,  539, 1064,  914, 1142,  120,  850,  988,  709,  139,  887,  882,  662,  223,  284,  870,  114,  942,  187, 1241,  478,  680, 1047,  676,  787,  464,   84, 1005,  288,  762,  134,  927,  161,  395,  348,  321,  580,  937,  471, 1053,  446,  476,  657,  856,  276,  846,  480, 1101,  269,  509,  810,  735,  112,  849,  440,  526,  718,  940, 1009,  602,  209,  309,  770,  893,  751,  443,  529,  667,   59,  720],
        [  582,    0,  440,  786, 1044,  209,   68,  315,  287,  822,  747,  596,  785,  474,  671,  556,  757,  483,  737,  747,  729,  293,  913,  889,  757,    0,  510,  682,  298,  150,  671,  635,  581,  624,  162,  211,  939,  237,  677,  168,  792,  118,  368,  840,  223,  887,  730, 1104, 1040,  591,  997,  720,  793,  226,  488,  206,  848,  393,  472,  617,  746,  607,  559,  457,  358,  767,  821,  898,  395,  326,  649,  245,  848,  341,  708,  362,  313,  356,   38,  855,  794,  481,  600,  165,  542,  690,  426,  646,  809,  603,  626, 1058,  774,  706,  473,  779,  296,  787,  244,  260,  313,  446,  943,  496,  408,  397,  966,  280,  112,  284,  317,  574,  596,  227,  736,  466,  591,  638,  367,  386,  396,  816,  305,  465,  586,  537,  830,  863,  652,  347,  593,  689,  702,  583,  707,  134,  739,  313,  757,  497,  501,  267,  833,  649,  626,  465,  612,  576,  708,  675,  469,  467,  472,  695,  436,  203,  838,  595,  351,  489,  490,  375,  416,  624,  867,  155,  637,  437,  954,  387,  426,  158,  560,  721,  426,  694,  712,  461,  281,  673,  815,  798],
        [  796,    0,  483,  842,  931,  468,  449,  267,  534,  817,  655,  150,  487,  771, 1005,  729,  431,  596,  823,  813,  596,  236,  687,  842,  252,  510,    0,  544,  722,  564,  280,  471,  922,  770,  370,  630,  709,  708,  375,  503,  497,  605,  364,  807,  705,  681,  626,  961,  898,  561,  887,  705,  870,  665,  739,  305,  590,  771,  789,  165,  308,  112,  297,  662,  648,  425,  764,  790,  483,  447,  483,  511,  448,  615, 1054,  706,  382,  225,  475,  797,  728,  401,  371,  348,   43, 1029,  133,  776,  467,  456,  342,  922,  275,  344,  728,  316,  563,  398,  386,  411,  761,  747,  826,  798,  449,  631,  766,  327,  416,  283,  331,  954,  120,  302,  934,  738,  953,  138,  659,  780,  542,  343,  677,  711,  567,   33,  422,  831,  143,  733,   89, 1056,  474,  581,  912,  443,  724,  212,  274,  821,  147,  557,  353,  802,  167,  259,  319,  267,  554,  818,  345,  851,  321,  469,  508,  630,  423,  720,  239,  895,   26,  337,  637,  641,  363,  615,  410,  384,  760,  740,  806,  353,  110,  365,  605,  789,  686,  311,  279,  606,  308,  697],
        [  457,    0,  256,  345,  397,  802,  625,  690,  446,  290,  114,  436,  215,  535,  719,  385,  248,  295,  354,  331,   54,  490,  237,  299,  582,  682,  544,    0,  659,  820,  343,   74,  669,  375,  664,  889,  263,  715,  221,  800,  214,  798,  320,  269,  731,  207,   84,  442,  376,  135,  351,  193,  381,  652,  472,  570,  202,  626,  564,  439,  415,  510,  249,  400,  487,  271,  224,  250,  305,  363,   63,  470,  382,  467,  768,  561,  371,  414,  650,  254,  188,  207,  176,  619,  521,  742,  631,  364,  282,   94,  221,  398,  567,  297,  471,  471,  461,  345,  758,  791,  709,  528,  290,  553,  279,  427,  284,  727,  582,  680,  380,  738,  477,  512,  529,  494,  716,  527,  492,  650,  341,  506,  581,  456,  147,  530,  386,  293,  575,  618,  595,  796,  115,  165,  519,  549,  207,  608,  509,  589,  398,  483,  532,  400,  447,  303,  241,  285,   28,  399,  240,  677,  252,  114,  274,  626,  402,  331,  688,  733,  527,  322,  413,  192,  633,  659,  145,  250,  272,  584,  647,  607,  453,  288,  367,  339,  173,  266,  672,   94,  623,  153],
        [  363,    0,  411,  622,  940,  504,  319,  592,  229,  687,  679,  759,  828,  226,  380,  373,  822,  376,  564,  585,  690,  488,  893,  769,  942,  298,  722,  659,    0,  413,  789,  642,  291,  439,  445,  442,  918,   94,  746,  457,  832,  331,  428,  719,  119,  859,  674, 1011,  954,  532,  898,  613,  615,   73,  270,  443,  856,  107,  210,  778,  877,  795,  646,  291,  179,  838,  718,  811,  365,  335,  653,  228,  942,  193,  414,  120,  378,  511,  310,  747,  700,  506,  654,  428,  742,  397,  676,  465,  874,  611,  701,  967,  951,  801,  259,  923,  206,  883,  540,  558,   51,  204,  855,  238,  403,  242,  923,  569,  329,  562,  418,  277,  773,  424,  499,  240,  295,  827,  178,   92,  319,  964,   79,  261,  522,  741,  930,  737,  854,   69,  811,  392,  724,  509,  470,  286,  628,  566,  918,  224,  657,  192,  986,  453,  789,  570,  696,  680,  686,  480,  527,  171,  544,  718,  388,  100,  942,  433,  625,  192,  698,  452,  260,  524, 1045,  144,  678,  474,  908,  122,  134,  414,  734,  809,  300,  525,  613,  539,  557,  610, 1001,  725],
        [  726,    0,  585,  936, 1189,  127,  196,  317,  436,  971,  891,  675,  905,  611,  792,  704,  871,  632,  885,  897,  868,  384, 1047, 1037,  816,  150,  564,  820,  413,    0,  768,  768,  703,  772,  198,   72, 1073,  331,  792,   73,  913,   89,  502,  988,  310, 1022,  872, 1248, 1184,  735, 1143,  868,  942,  344,  630,  286,  976,  516,  606,  696,  835,  671,  673,  605,  502,  878,  968, 1043,  541,  471,  783,  395,  950,  487,  825,  497,  450,  459,  174, 1002,  940,  616,  723,  232,  602,  809,  454,  794,  922,  737,  741, 1203,  838,  811,  616,  860,  444,  890,  205,  201,  414,  583, 1088,  631,  551,  544, 1104,  263,  239,  292,  445,  685,  667,  330,  879,  607,  707,  700,  510,  504,  545,  894,  437,  609,  731,  594,  929, 1011,  705,  472,  637,  799,  829,  729,  850,  277,  887,  353,  830,  627,  590,  415,  909,  796,  703,  578,  725,  684,  845,  823,  596,  583,  596,  823,  583,  331,  935,  744,  355,  595,  548,  505,  564,  772,  927,  275,  762,  572, 1091,  517,  546,  236,  635,  828,  575,  843,  859,  583,  293,  817,  870,  942],
        [  729,    0,  423,  684,  688,  699,  604,  521,  564,  633,  454,  132,  216,  756,  977,  654,  156,  526,  683,  665,  385,  386,  423,  633,  240,  671,  280,  343,  789,  768,    0,  279,  908,  671,  574,  840,  442,  808,  126,  721,  226,  784,  362,  610,  814,  424,  424,  707,  648,  420,  648,  533,  718,  751,  705,  483,  323,  802,  781,  122,   91,  197,  150,  623,  658,  147,  562,  561,  450,  457,  285,  562,  183,  628, 1028,  731,  413,  316,  633,  589,  527,  311,  185,  537,  241, 1002,  406,  668,  188,  283,  128,  672,  225,   67,  698,  144,  591,  125,  627,  657,  836,  738,  589,  780,  408,  617,  505,  576,  561,  526,  378,  960,  170,  446,  838,  716,  949,  202,  667,  819,  513,  185,  723,  681,  430,  253,  161,  632,  249,  775,  291, 1044,  240,  450,  822,  560,  548,  446,  169,  812,  181,  599,  210,  701,  125,  220,  115,  110,  341,  709,  271,  873,  249,  238,  452,  717,  168,  621,  501,  925,  275,  338,  614,  502,  299,  724,  201,  328,  501,  763,  832,  534,  170,   88,  569,  660,  512,  252,  520,  429,  282,  482],
        [  481,    0,  232,  405,  467,  743,  575,  622,  420,  358,  186,  364,  194,  541,  741,  407,  209,  298,  406,  386,  126,  424,  279,  372,  517,  635,  471,   74,  642,  768,  279,    0,  684,  409,  605,  838,  305,  689,  163,  744,  196,  752,  268,  341,  703,  255,  156,  509,  443,  154,  422,  254,  439,  627,  481,  508,  219,  620,  570,  368,  357,  438,  176,  404,  476,  231,  296,  322,  278,  326,   15,  438,  345,  453,  791,  552,  323,  347,  601,  327,  260,  155,  104,  559,  448,  765,  559,  402,  253,   33,  154,  466,  504,  241,  479,  414,  438,  300,  695,  727,  692,  531,  361,  561,  245,  420,  339,  661,  531,  614,  324,  748,  405,  452,  570,  500,  729,  456,  483,  642,  325,  451,  565,  462,  166,  457,  344,  365,  504,  606,  522,  814,   85,  186,  558,  503,  270,  540,  447,  597,  325,  458,  476,  436,  377,  232,  172,  213,   87,  440,  177,  678,  185,   80,  255,  598,  360,  361,  619,  733,  453,  265,  410,  230,  575,  626,   78,  199,  327,  578,  644,  548,  381,  235,  362,  386,  234,  199,  606,  150,  561,  226],
        [  222,    0,  486,  480,  828,  789,  588,  849,  390,  570,  640,  917,  875,  154,   91,  286,  890,  389,  422,  452,  678,  702,  872,  656, 1105,  581,  922,  669,  291,  703,  908,  684,    0,  319,  713,  733,  893,  379,  828,  745,  877,  622,  570,  612,  404,  834,  647,  904,  858,  536,  794,  543,  457,  361,  205,  686,  868,  189,  134,  933,  998,  969,  758,  286,  275,  911,  632,  731,  461,  478,  689,  420, 1024,  307,  135,  229,  541,  697,  585,  650,  628,  597,  737,  687,  931,  112,  907,  342,  936,  660,  794,  865, 1106,  898,  210, 1051,  362,  972,  816,  837,  301,  176,  767,  129,  503,  296,  875,  836,  585,  821,  591,   81,  942,  651,  274,  192,   49, 1000,  264,  200,  398, 1092,  280,  228,  524,  933, 1019,  623, 1036,  234, 1008,  137,  766,  505,  252,  532,  549,  806, 1062,  102,  821,  374, 1117,  311,  944,  710,  797,  801,  693,  330,  640,  126,  664,  762,  456,  378, 1033,  348,  877,  145,  897,  598,  296,  485, 1195,  431,  745,  583,  860,  198,  158,  670,  903,  900,  339,  398,  553,  664,  814,  589, 1161,  671],
