{
    "name": "random-67-20840",
    "comment": "size=67 seed=20840",
    "nodes": ["+0", "-0", "+1", "-1", "+2", "-2", "+3", "-3", "+4", "-4", "+5", "-5", "+6", "-6", "+7", "-7", "+8", "-8", "+9", "-9", "+10", "-10", "+11", "-11", "+12", "-12", "+13", "-13", "+14", "-14", "+15", "-15", "+16", "-16", "+17", "-17", "+18", "-18", "+19", "-19", "+20", "-20", "+21", "-21", "+22", "-22", "+23", "-23", "+24", "-24", "+25", "-25", "+26", "-26", "+27", "-27", "+28", "-28", "+29", "-29", "+30", "-30", "+31", "-31", "+32", "-32", "+33", "-33", "+34", "-34", "+35", "-35", "+36", "-36", "+37", "-37", "+38", "-38", "+39", "-39", "+40", "-40", "+41", "-41", "+42", "-42", "+43", "-43", "+44", "-44", "+45", "-45", "+46", "-46", "+47", "-47", "+48", "-48", "+49", "-49", "+50", "-50", "+51", "-51", "+52", "-52", "+53", "-53", "+54", "-54", "+55", "-55", "+56", "-56", "+57", "-57", "+58", "-58", "+59", "-59", "+60", "-60", "+61", "-61", "+62", "-62", "+63", "-63", "+64", "-64", "+65", "-65", "+66", "-66", "+67", "-67"],
    "precedence": {
        "+0": "-0",
        "+1": "-1",
        "+2": "-2",
        "+3": "-3",
        "+4": "-4",
        "+5": "-5",
        "+6": "-6",
        "+7": "-7",
        "+8": "-8",
        "+9": "-9",
        "+10": "-10",
        "+11": "-11",
        "+12": "-12",
        "+13": "-13",
        "+14": "-14",
        "+15": "-15",
        "+16": "-16",
        "+17": "-17",
        "+18": "-18",
        "+19": "-19",
        "+20": "-20",
        "+21": "-21",
        "+22": "-22",
        "+23": "-23",
        "+24": "-24",
        "+25": "-25",
        "+26": "-26",
        "+27": "-27",
        "+28": "-28",
        "+29": "-29",
        "+30": "-30",
        "+31": "-31",
        "+32": "-32",
        "+33": "-33",
        "+34": "-34",
        "+35": "-35",
        "+36": "-36",
        "+37": "-37",
        "+38": "-38",
        "+39": "-39",
        "+40": "-40",
        "+41": "-41",
        "+42": "-42",
        "+43": "-43",
        "+44": "-44",
        "+45": "-45",
        "+46": "-46",
        "+47": "-47",
        "+48": "-48",
        "+49": "-49",
        "+50": "-50",
        "+51": "-51",
        "+52": "-52",
        "+53": "-53",
        "+54": "-54",
        "+55": "-55",
        "+56": "-56",
        "+57": "-57",
        "+58": "-58",
        "+59": "-59",
        "+60": "-60",
        "+61": "-61",
        "+62": "-62",
        "+63": "-63",
        "+64": "-64",
        "+65": "-65",
        "+66": "-66",
        "+67": "-67"
    },
    "edges": [
        [    0,    0,  848,  323,  660,  281,  758,  594,  178,  857,  689,  626,  989,  391,  411,  657,  415,  951,  615,  705,  422,  634,  938,  822, 1061,  580,  439,  878,  836,  825,  662,  812,  432,  488,  323,  366,  685,  588,  704,  261,  727,  404,  425,   86,  762,  764,  513,  112,  247,  219,  522,  709,  738,  513,  693,  444,  576,   74,  860,  267,  193,  566,  402,  587,  411,  940,  449,  503,  535,  684,  639,  705,  814,  219,  833,  208,  596,  525,  463,  119,  334,   75,  351,  664,  456,  351,  703,  544,  700,  601,  485,  541,  673,  169,  733,  591,  748, 1063,  167,  897,  730,  848,  394,  243,  605,    7,  909,  290,  808,  673,  719, 1009,  606,  510,  131,  902,  817,  796,  678,  403,   71,  466,   34,  235,  696,  824,  271,  747,  782,  193,  427,  385,  411,  734,  819,  396],
        [    0,    0,    0,    0,    0,    0,    0,    0,    0,    0,    0,    0,    0,    0,    0,    0,    0,    0,    0,    0,    0,    0,    0,    0,    0,    0,    0,    0,    0,    0,    0,    0,    0,    0,    0,    0,    0,    0,    0,    0,    0,    0,    0,    0,    0,    0,    0,    0,    0,    0,    0,    0,    0,    0,    0,    0,    0,    0,    0,    0,    0,    0,    0,    0,    0,    0,    0,    0,    0,    0,    0,    0,    0,    0,    0,    0,    0,    0,    0,    0,    0,    0,    0,    0,    0,    0,    0,    0,    0,    0,    0,    0,    0,    0,    0,    0,    0,    0,    0,    0,    0,    0,    0,    0,    0,    0,    0,    0,    0,    0,    0,    0,    0,    0,    0,    0,    0,    0,    0,    0,    0,    0,    0,    0,    0,    0,    0,    0,    0,    0,    0,    0,    0,    0,    0,    0],
        [  848,    0,    0,  721,  197,  624,  223,  725,  818,  274,  432,  340,  207,  701,  448,  675,  467,  141,  300,  690,  430,  774,  128,  504,  216,  429,  634,  340,   23,  356,  664,  696,  673,  704,  823,  666,  433,  280,  205,  926,  778,  654,  642,  845,  608,  306,  397,  951,  614,  812,  404,  148,  573,  363,  156,  554,  273,  816,  298,  588,  715,  642,  551,  636,  724,   93,  758,  689,  737,  761,  241,  373,  252,  832,  389,  854,  577,  664,  484,  870,  542,  807,  698,  275,  538,  806,  500,  795,  167,  531,  455,  417,  387,  714,  405,  571,  448,  234,  942,  177,  132,  615,  685,  818,  473,  842,  320,  563,   42,  364,  722,  192,  287,  597,  874,  335,   42,  703,  517,  731,  798,  800,  845,  638,  754,   56,  824,  479,   75,  699,  630,  777,  533,  126,  110,  664],
        [  323,    0,  721,    0,  526,  139,  720,  780,  459,  832,  422,  634,  804,  590,  305,  815,  264,  851,  595,  384,  389,  832,  837,  890,  911,  633,  132,  875,  703,  576,  815,  951,  113,  680,  587,  547,  418,  535,  651,  571,  910,   95,  591,  252,  878,  761,  529,  421,  339,  130,  547,  574,  434,  361,  586,  558,  480,  364,  629,  234,  397,  248,  508,  738,  620,  807,  668,  686,  214,  362,  481,  733,  786,  501,  855,  172,  292,  205,  240,  245,  397,  356,  551,  641,  562,  604,  415,  765,  554,  704,  270,  581,  708,  179,  773,  289,  804,  893,  489,  829,  589,  952,  585,  516,  335,  322,  893,  255,  688,  434,  884,  907,  573,  207,  444,  892,  702,  941,  769,  616,  341,  700,  294,  361,  877,  718,  543,  464,  673,  160,  124,   88,  505,  595,  654,   84],
        [  660,    0,  197,  526,    0,  427,  254,  644,  649,  357,  306,  278,  337,  570,  253,  616,  270,  326,  219,  550,  254,  699,  312,  524,  403,  351,  448,  418,  182,  306,  608,  681,  486,  597,  677,  529,  305,  155,  187,  765,  726,  464,  519,  652,  590,  330,  275,  766,  436,  615,  290,   51,  453,  166,   74,  431,   98,  634,  287,  396,  543,  475,  413,  560,  598,  288,  640,  587,  562,  610,   59,  357,  316,  668,  434,  657,  418,  489,  293,  675,  375,  625,  558,  230,  418,  666,  375,  696,   44,  463,  265,  316,  354,  520,  401,  411,  446,  404,  766,  317,   71,  625,  555,  658,  316,  654,  418,  371,  163,  231,  676,  382,  192,  420,  698,  425,  177,  682,  479,  603,  614,  683,  654,  463,  697,  194,  669,  371,  150,  504,  442,  586,  396,   75,  163,  474],
        [  281,    0,  624,  139,  427,    0,  596,  648,  370,  707,  408,  501,  735,  465,  183,  679,  158,  746,  465,  453,  255,  702,  733,  753,  826,  495,  185,  746,  608,  547,  679,  814,  196,  551,  481,  419,  404,  410,  529,  492,  777,  160,  460,  242,  740,  631,  393,  392,  211,  189,  411,  477,  465,  264,  479,  422,  366,  295,  586,   97,  288,  311,  372,  603,  496,  714,  546,  555,  317,  453,  392,  598,  661,  409,  723,  231,  327,  279,  184,  257,  261,  285,  428,  513,  425,  493,  424,  640,  462,  566,  209,  444,  572,  113,  638,  321,  668,  817,  434,  714,  496,  814,  458,  418,  325,  277,  767,  116,  588,  395,  749,  804,  446,  245,  376,  765,  600,  804,  631,  493,  270,  580,  262,  236,  743,  613,  443,  467,  569,   91,  171,  225,  368,  500,  573,  158],
        [  758,    0,  223,  720,  254,  596,    0,  514,  686,  113,  558,  150,  428,  526,  417,  457,  459,  231,  144,  802,  350,  560,  222,  289,  398,  234,  670,  166,  234,  534,  446,  474,  706,  509,  659,  500,  558,  187,   73,  779,  557,  678,  463,  778,  386,   87,  250,  849,  512,  780,  246,  238,  706,  378,  182,  381,  246,  711,  492,  530,  593,  719,  394,  426,  543,  281,  570,  492,  798,  860,  311,  152,   67,  690,  184,  818,  666,  726,  515,  809,  426,  703,  533,   96,  364,  637,  628,  592,  264,  320,  490,  242,  170,  659,  182,  659,  226,  439,  818,  148,  245,  398,  510,  671,  566,  752,  174,  502,  195,  484,  501,  281,  155,  656,  753,  177,  184,  481,  296,  552,  697,  609,  764,  527,  534,  167,  671,  622,  165,  650,  661,  794,  378,  241,  305,  686],
        [  594,    0,  725,  780,  644,  648,  514,    0,  427,  541,  890,  387,  929,  204,  569,   90,  623,  740,  436, 1058,  472,   58,  733,  352,  911,  300,  818,  515,  730,  944,  101,  237,  839,  106,  302,  238,  888,  490,  521,  436,  135,  802,  190,  663,  228,  451,  374,  621,  441,  753,  356,  667, 1015,  632,  611,  242,  557,  520,  930,  552,  412,  928,  286,   89,  183,  794,  155,   95,  960, 1081,  675,  368,  523,  398,  440,  768,  911,  909,  715,  701,  394,  519,  245,  451,  247,  268,  945,   96,  681,  195,  711,  328,  345,  620,  356,  903,  331,  951,  538,  646,  686,  312,  203,  369,  848,  589,  559,  538,  689,  829,  131,  783,  458,  853,  500,  541,  683,  218,  232,  192,  526,  162,  620,  422,  103,  672,  348,  965,  654,  630,  805,  867,  296,  685,  776,  803],
        [  178,    0,  818,  459,  649,  370,  686,  427,    0,  771,  754,  541,  986,  231,  428,  498,  455,  901,  546,  822,  395,  463,  889,  694, 1033,  476,  552,  781,  811,  870,  504,  655,  555,  324,  145,  219,  751,  541,  645,  125,  558,  522,  278,  260,  615,  673,  438,  197,  218,  381,  440,  694,  832,  532,  664,  324,  554,  107,  891,  309,  107,  680,  296,  434,  245,  908,  277,  341,  670,  815,  643,  602,  733,   43,  725,  379,  696,  645,  528,  296,  277,  111,  196,  592,  339,  174,  783,  370,  692,  468,  542,  449,  569,  282,  623,  689,  629, 1046,  134,  832,  716,  703,  239,   65,  679,  175,  817,  318,  777,  722,  556,  957,  546,  615,   77,  806,  781,  638,  546,  236,  125,  290,  210,  188,  528,  784,   93,  821,  746,  302,  538,  535,  310,  719,  812,  517],
        [  857,    0,  274,  832,  357,  707,  113,  541,  771,    0,  658,  232,  463,  590,  528,  470,  571,  217,  246,  906,  457,  579,  215,  246,  395,  299,  782,   67,  291,  617,  458,  449,  818,  557,  728,  572,  658,  298,  184,  854,  557,  790,  527,  881,  369,  100,  344,  942,  610,  889,  336,  334,  805,  489,  284,  454,  358,  805,  566,  637,  683,  828,  476,  457,  603,  299,  622,  538,  909,  967,  416,  181,   47,  770,  125,  926,  773,  837,  626,  913,  523,  798,  603,  197,  437,  702,  728,  627,  361,  357,  602,  323,  212,  766,  186,  766,  216,  449,  904,  119,  336,  356,  575,  749,  672,  850,   62,  610,  260,  584,  500,  249,  262,  767,  841,   68,  244,  460,  310,  613,  793,  657,  864,  623,  540,  222,  746,  718,  240,  757,  773,  906,  462,  331,  374,  798],
        [  689,    0,  432,  422,  306,  408,  558,  890,  754,  658,    0,  567,  427,  764,  341,  881,  302,  572,  508,  258,  424,  947,  559,  826,  563,  623,  295,  720,  410,  158,  875,  968,  327,  820,  833,  716,    4,  433,  492,  878,  992,  329,  729,  643,  879,  635,  523,  799,  546,  548,  543,  325,  148,  259,  377,  653,  352,  696,  221,  446,  654,  238,  617,  815,  795,  493,  844,  815,  339,  331,  250,  656,  619,  786,  739,  592,  166,  274,  229,  650,  531,  686,  739,  529,  645,  833,   70,  920,  298,  732,  212,  577,  648,  520,  700,  163,  744,  525,  837,  597,  325,  923,  751,  787,   88,  684,  717,  437,  420,   75,  947,  617,  479,  226,  775,  726,  437,  967,  764,  798,  671,  886,  669,  578,  961,  460,  807,   75,  426,  497,  300,  438,  603,  331,  330,  341],
        [  626,    0,  340,  634,  278,  501,  150,  387,  541,  232,  567,    0,  543,  377,  335,  345,  387,  378,   60,  785,  246,  438,  368,  270,  537,   90,  609,  255,  344,  583,  336,  405,  641,  367,  510,  351,  565,  134,  135,  630,  453,  609,  314,  654,  314,  139,  115,  710,  381,  675,  105,  289,  709,  335,  230,  232,  215,  573,  558,  421,  451,  681,  247,  298,  395,  415,  424,  351,  747,  832,  322,  101,  192,  543,  223,  709,  640,  679,  462,  688,  293,  566,  383,   66,  215,  487,  632,  455,  308,  195,  444,   93,   83,  545,  145,  633,  184,  570,  673,  297,  306,  358,  361,  523,  551,  620,  284,  394,  303,  496,  401,  430,   88,  612,  609,  277,  298,  405,  202,  404,  561,  464,  634,  391,  426,  290,  522,  638,  268,  540,  598,  715,  232,  304,  392,  615],
        [  989,    0,  207,  804,  337,  735,  428,  929,  986,  463,  427,  543,    0,  893,  579,  880,  581,  265,  499,  668,  591,  979,  260,  703,  152,  632,  694,  526,  200,  290,  870,  899,  731,  904, 1008,  855,  429,  465,  409, 1101,  984,  722,  836,  972,  812,  509,  588, 1097,  773,  914,  598,  293,  538,  478,  333,  747,  433,  969,  216,  723,  880,  663,  738,  841,  917,  167,  955,  890,  764,  748,  351,  579,  450, 1004,  585,  958,  592,  696,  566,  991,  711,  959,  886,  479,  732,  994,  481,  996,  295,  736,  537,  615,  593,  839,  609,  588,  652,  100, 1102,  349,  271,  815,  877,  994,  497,  984,  497,  700,  241,  382,  928,  275,  482,  638, 1034,  515,  248,  907,  723,  924,  947,  997,  981,  800,  960,  262, 1003,  442,  276,  820,  694,  843,  720,  269,  175,  733],
        [  391,    0,  701,  590,  570,  465,  526,  204,  231,  590,  764,  377,  893,    0,  425,  269,  472,  754,  403,  898,  344,  249,  744,  474,  908,  294,  644,  587,  699,  846,  274,  425,  660,   99,  139,   49,  761,  428,  504,  274,  338,  623,   64,  460,  386,  491,  305,  427,  255,  553,  297,  606,  874,  509,  560,  148,  474,  318,  847,  372,  209,  762,  158,  204,   32,  784,   83,  112,  781,  912,  585,  411,  558,  209,  522,  565,  755,  737,  562,  498,  235,  316,   41,  439,  164,  112,  810,  176,  612,  252,  565,  288,  379,  423,  422,  748,  418,  935,  354,  672,  627,  474,   17,  182,  708,  386,  627,  363,  660,  712,  329,  806,  414,  688,  307,  613,  660,  408,  327,   35,  323,  123,  416,  230,  306,  656,  168,  837,  626,  435,  630,  675,  175,  628,  724,  622],
        [  411,    0,  448,  305,  253,  183,  417,  569,  428,  528,  341,  335,  579,  425,    0,  578,   56,  566,  292,  490,  103,  626,  552,  600,  656,  351,  276,  571,  434,  443,  574,  693,  307,  489,  493,  377,  338,  231,  348,  551,  685,  274,  395,  399,  610,  458,  242,  519,  212,  371,  262,  303,  450,  106,  298,  328,  183,  393,  464,  144,  324,  366,  286,  505,  457,  539,  506,  486,  417,  520,  228,  436,  482,  456,  555,  412,  342,  355,  146,  423,  191,  384,  398,  337,  324,  493,  386,  588,  292,  442,  143,  298,  414,  267,  478,  335,  513,  653,  531,  532,  323,  675,  413,  454,  283,  405,  589,  122,  410,  298,  647,  623,  270,  292,  464,  588,  421,  686,  495,  458,  371,  547,  403,  244,  652,  433,  471,  414,  389,  252,  265,  381,  274,  328,  409,  280],
        [  657,    0,  675,  815,  616,  679,  457,   90,  498,  470,  881,  345,  880,  269,  578,    0,  633,  676,  400, 1067,  476,  111,  670,  266,  851,  266,  840,  437,  682,  921,   13,  157,  864,  176,  382,  293,  879,  462,  474,  519,  112,  827,  235,  722,  139,  386,  358,  694,  480,  801,  339,  633, 1013,  627,  574,  258,  537,  585,  900,  583,  469,  942,  308,   77,  255,  737,  236,  158,  983, 1096,  653,  306,  457,  473,  361,  819,  919,  927,  724,  760,  419,  583,  307,  406,  258,  348,  940,  185,  650,  153,  716,  305,  288,  665,  286,  911,  255,  895,  616,  579,  650,  223,  263,  445,  847,  652,  482,  565,  641,  816,   71,  716,  425,  868,  573,  463,  633,  140,  163,  265,  588,  249,  681,  465,   82,  620,  426,  955,  607,  672,  826,  902,  313,  648,  735,  829],
        [  415,    0,  467,  264,  270,  158,  459,  623,  455,  571,  302,  387,  581,  472,   56,  633,    0,  592,  341,  436,  159,  680,  578,  654,  669,  406,  222,  617,  451,  418,  630,  749,  255,  540,  532,  424,  299,  275,  388,  579,  740,  223,  446,  392,  666,  505,  297,  526,  245,  345,  317,  320,  402,  106,  325,  382,  217,  408,  447,  152,  353,  310,  338,  560,  504,  557,  554,  539,  363,  464,  234,  488,  525,  486,  604,  388,  288,  299,   92,  411,  239,  398,  444,  384,  379,  534,  340,  638,  304,  498,   94,  354,  466,  259,  531,  281,  567,  661,  548,  566,  338,  730,  461,  486,  237,  410,  632,  138,  432,  268,  703,  649,  317,  236,  483,  633,  444,  742,  551,  506,  384,  595,  403,  277,  707,  458,  505,  373,  414,  240,  211,  336,  328,  343,  416,  230],
        [  951,    0,  141,  851,  326,  746,  231,  740,  901,  217,  572,  378,  265,  754,  566,  676,  592,    0,  357,  830,  530,  783,   15,  462,  179,  464,  771,  273,  163,  485,  664,  665,  809,  739,  885,  726,  573,  365,  256, 1000,  769,  789,  692,  957,  584,  291,  464, 1049,  709,  935,  466,  280,  711,  491,  268,  608,  383,  912,  420,  700,  802,  783,  616,  652,  772,  101,  800,  722,  876,  901,  376,  372,  220,  908,  341,  976,  718,  803,  618,  984,  629,  904,  759,  316,  591,  864,  639,  820,  303,  548,  589,  467,  396,  829,  391,  712,  427,  234, 1029,   99,  268,  571,  738,  892,  613,  945,  238,  674,  165,  504,  712,   59,  355,  736,  962,  257,  150,  676,  514,  781,  896,  839,  951,  729,  750,  134,  894,  615,  179,  816,  766,  911,  599,  262,  244,  799],
        [  615,    0,  300,  595,  219,  465,  144,  436,  546,  246,  508,   60,  499,  403,  292,  400,  341,  357,    0,  729,  213,  489,  346,  324,  505,  137,  561,  282,  301,  525,  391,  464,  595,  406,  530,  372,  507,   76,  102,  643,  509,  564,  343,  636,  373,  167,  108,  705,  368,  645,  109,  234,  650,  281,  176,  256,  158,  567,  502,  392,  450,  628,  259,  349,  425,  381,  459,  392,  697,  777,  263,  153,  202,  552,  263,  681,  585,  628,  411,  667,  283,  560,  404,   50,  240,  511,  573,  498,  251,  248,  392,  117,  141,  520,  198,  578,  240,  533,  677,  287,  251,  416,  387,  535,  494,  609,  304,  365,  260,  437,  458,  412,   30,  560,  611,  301,  258,  464,  260,  433,  553,  500,  620,  383,  481,  254,  537,  579,  226,  512,  551,  673,  243,  250,  341,  571],
        [  705,    0,  690,  384,  550,  453,  802, 1058,  822,  906,  258,  785,  668,  898,  490, 1067,  436,  830,  729,    0,  591, 1115,  817, 1053,  811,  826,  271,  967,  668,  379, 1063, 1174,  274,  972,  933,  851,  257,  654,  732,  941, 1175,  303,  879,  635, 1088,  873,  718,  804,  650,  507,  739,  576,  132,  452,  623,  817,  573,  738,  453,  532,  740,  142,  773,  994,  930,  750,  981,  972,  188,   83,  492,  882,  865,  861,  978,  542,  149,  180,  344,  626,  669,  729,  865,  759,  813,  942,  192, 1069,  549,  927,  352,  775,  868,  546,  927,  157,  968,  767,  870,  853,  579, 1142,  889,  871,  237,  703,  967,  537,  676,  328, 1136,  874,  701,  211,  819,  974,  694, 1170,  971,  930,  713, 1019,  676,  680, 1141,  717,  895,  227,  681,  524,  284,  346,  762,  585,  587,  310],
        [  422,    0,  430,  389,  254,  255,  350,  472,  395,  457,  424,  246,  591,  344,  103,  476,  159,  530,  213,  591,    0,  529,  517,  504,  645,  250,  376,  494,  421,  504,  473,  590,  406,  397,  432,  298,  421,  169,  289,  512,  585,  371,  306,  431,  508,  378,  143,  522,  184,  433,  162,  300,  544,  166,  274,  232,  160,  387,  511,  180,  290,  468,  194,  404,  374,  522,  422,  393,  519,  622,  253,  345,  412,  415,  468,  469,  443,  457,  248,  460,  124,  378,  323,  261,  225,  426,  475,  497,  297,  340,  240,  198,  320,  309,  385,  435,  418,  653,  514,  481,  322,  574,  330,  407,  376,  416,  516,  153,  390,  369,  545,  588,  196,  394,  446,  513,  397,  584,  394,  378,  368,  465,  422,  210,  551,  403,  419,  498,  362,  300,  364,  471,  180,  325,  417,  376],
        [  634,    0,  774,  832,  699,  702,  560,   58,  463,  579,  947,  438,  979,  249,  626,  111,  680,  783,  489, 1115,  529,    0,  777,  375,  956,  353,  874,  548,  780, 1000,  123,  229,  894,  153,  329,  288,  945,  545,  571,  458,   98,  857,  243,  706,  242,  493,  430,  654,  493,  801,  413,  721, 1073,  689,  664,  299,  614,  560,  985,  606,  457,  984,  343,  141,  224,  840,  186,  147, 1015, 1137,  731,  411,  564,  430,  472,  814,  968,  964,  772,  744,  450,  560,  290,  502,  304,  295, 1002,  101,  736,  244,  768,  383,  391,  670,  395,  960,  365,  998,  566,  687,  739,  318,  250,  402,  905,  629,  592,  592,  739,  886,  118,  824,  511,  910,  533,  574,  732,  209,  271,  231,  568,  180,  661,  473,   75,  721,  378, 1022,  704,  681,  860,  919,  353,  738,  829,  857],
        [  938,    0,  128,  837,  312,  733,  222,  733,  889,  215,  559,  368,  260,  744,  552,  670,  578,   15,  346,  817,  517,  777,    0,  460,  182,  455,  757,  273,  150,  474,  659,  663,  795,  731,  875,  716,  560,  352,  245,  989,  764,  775,  682,  944,  581,  285,  453, 1037,  696,  921,  455,  266,  699,  477,  254,  598,  370,  900,  409,  687,  789,  769,  605,  646,  763,   94,  791,  714,  862,  888,  362,  366,  215,  897,  339,  963,  704,  789,  604,  971,  617,  891,  748,  306,  581,  854,  627,  813,  289,  541,  575,  457,  389,  816,  386,  698,  423,  235, 1017,   97,  254,  570,  728,  880,  600,  932,  240,  660,  151,  491,  707,   72,  344,  722,  950,  259,  136,  673,  508,  772,  883,  830,  938,  717,  745,  120,  883,  603,  165,  802,  752,  897,  588,  248,  232,  784],
        [  822,    0,  504,  890,  524,  753,  289,  352,  694,  246,  826,  270,  703,  474,  600,  266,  654,  462,  324, 1053,  504,  375,  460,    0,  640,  259,  875,  194,  518,  819,  254,  205,  907,  406,  608,  475,  825,  400,  341,  746,  329,  874,  417,  868,  137,  203,  362,  885,  596,  914,  343,  519,  971,  604,  460,  379,  480,  757,  780,  665,  631,  950,  422,  287,  474,  542,  475,  386, 1015, 1101,  576,  172,  254,  679,  122,  943,  909,  948,  731,  905,  512,  752,  501,  297,  367,  577,  893,  447,  544,  226,  714,  310,  188,  778,  127,  901,   87,  694,  823,  364,  530,  112,  462,  654,  818,  816,  236,  640,  481,  753,  274,  489,  353,  881,  769,  216,  468,  218,  148,  485,  752,  499,  839,  595,  319,  449,  642,  894,  453,  777,  864,  974,  415,  526,  592,  879],
        [ 1061,    0,  216,  911,  403,  826,  398,  911, 1033,  395,  563,  537,  152,  908,  656,  851,  669,  179,  505,  811,  645,  956,  182,  640,    0,  626,  811,  449,  225,  436,  839,  843,  849,  903, 1034,  876,  565,  494,  405, 1140,  946,  836,  848, 1054,  762,  466,  608, 1165,  829, 1011,  613,  353,  683,  563,  371,  761,  486, 1031,  362,  798,  930,  795,  762,  823,  929,  126,  961,  887,  895,  890,  435,  545,  397, 1046,  519, 1055,  724,  824,  671, 1077,  757, 1022,  908,  472,  745, 1016,  622,  988,  366,  717,  641,  621,  567,  922,  567,  720,  604,   69, 1157,  277,  333,  749,  892, 1032,  625, 1055,  412,  774,  257,  509,  889,  159,  497,  762, 1089,  432,  253,  854,  689,  938, 1012, 1001, 1056,  853,  926,  253, 1037,  586,  288,  905,  809,  959,  744,  329,  258,  847],
        [  580,    0,  429,  633,  351,  495,  234,  300,  476,  299,  623,   90,  632,  294,  351,  266,  406,  464,  137,  826,  250,  353,  455,  259,  626,    0,  626,  305,  432,  655,  258,  349,  655,  278,  430,  273,  621,  197,  224,  556,  377,  621,  231,  618,  263,  200,  110,  655,  343,  656,   89,  369,  760,  376,  312,  155,  274,  521,  636,  406,  395,  712,  182,  213,  310,  504,  337,  262,  767,  865,  389,  127,  265,  473,  254,  686,  678,  704,  490,  654,  257,  515,  305,  155,  139,  406,  685,  366,  385,  113,  476,   53,   94,  521,  154,  670,  175,  660,  609,  379,  387,  325,  279,  451,  597,  574,  342,  382,  391,  555,  327,  514,  160,  639,  548,  331,  387,  346,  146,  319,  512,  376,  593,  347,  347,  379,  447,  696,  356,  520,  614,  717,  171,  386,  477,  626],
        [  439,    0,  634,  132,  448,  185,  670,  818,  552,  782,  295,  609,  694,  644,  276,  840,  222,  771,  561,  271,  376,  874,  757,  875,  811,  626,    0,  832,  615,  451,  838,  964,   39,  725,  666,  597,  291,  492,  598,  671,  943,   38,  632,  376,  884,  723,  517,  543,  391,  261,  537,  491,  304,  293,  515,  583,  424,  468,  508,  272,  473,  129,  535,  764,  675,  716,  726,  728,  144,  269,  395,  709,  736,  592,  824,  303,  162,   95,  157,  374,  425,  459,  608,  602,  582,  678,  284,  818,  468,  713,  184,  573,  688,  277,  752,  158,  789,  787,  602,  762,  504,  950,  636,  602,  209,  436,  844,  282,  606,  316,  910,  825,  536,   76,  550,  846,  622,  956,  769,  674,  443,  762,  412,  418,  909,  640,  627,  333,  597,  254,   15,  149,  528,  510,  556,   48],
        [  878,    0,  340,  875,  418,  746,  166,  515,  781,   67,  720,  255,  526,  587,  571,  437,  617,  273,  282,  967,  494,  548,  273,  194,  449,  305,  832,    0,  358,  683,  425,  398,  868,  543,  725,  573,  720,  342,  238,  856,  516,  839,  524,  908,  325,  117,  369,  959,  634,  926,  358,  397,  868,  542,  345,  459,  410,  823,  633,  672,  699,  884,  487,  435,  596,  361,  610,  523,  962, 1025,  476,  179,  102,  776,   77,  961,  831,  891,  678,  942,  547,  816,  604,  235,  442,  698,  790,  605,  424,  342,  654,  338,  212,  798,  167,  824,  184,  507,  914,  178,  400,  301,  572,  754,  732,  872,   45,  645,  327,  646,  460,  297,  302,  821,  853,   27,  311,  411,  284,  606,  812,  643,  888,  644,  502,  288,  748,  781,  306,  792,  823,  952,  474,  395,  441,  846],
        [  836,    0,   23,  703,  182,  608,  234,  730,  811,  291,  410,  344,  200,  699,  434,  682,  451,  163,  301,  668,  421,  780,  150,  518,  225,  432,  615,  358,    0,  335,  672,  708,  653,  706,  820,  664,  411,  275,  210,  921,  786,  635,  641,  832,  619,  319,  395,  940,  604,  795,  403,  132,  551,  346,  147,  553,  262,  806,  278,  575,  707,  621,  548,  641,  723,  106,  759,  692,  716,  739,  222,  382,  268,  825,  405,  838,  555,  643,  466,  856,  534,  797,  695,  279,  537,  804,  478,  798,  149,  536,  436,  417,  395,  700,  416,  550,  460,  238,  933,  199,  114,  629,  683,  812,  451,  831,  339,  550,   42,  342,  730,  213,  286,  576,  865,  354,   51,  714,  525,  730,  787,  800,  832,  629,  762,   71,  819,  456,   76,  684,  611,  758,  530,  109,   88,  645],
        [  825,    0,  356,  576,  306,  547,  534,  944,  870,  617,  158,  583,  290,  846,  443,  921,  418,  485,  525,  379,  504, 1000,  474,  819,  436,  655,  451,  683,  335,    0,  913,  985,  484,  888,  932,  800,  161,  459,  479,  994, 1032,  485,  802,  787,  894,  618,  571,  936,  655,  700,  588,  300,  249,  343,  361,  719,  387,  824,   75,  569,  766,  391,  691,  862,  876,  393,  922,  879,  492,  460,  269,  658,  585,  899,  717,  744,  320,  430,  364,  797,  623,  814,  826,  532,  708,  928,  197,  988,  278,  768,  340,  618,  658,  659,  700,  318,  746,  389,  965,  533,  290,  924,  832,  896,  243,  820,  670,  555,  358,  153,  981,  520,  498,  383,  900,  682,  376,  987,  784,  880,  800,  965,  808,  687, 1002,  399,  913,  154,  377,  637,  455,  596,  675,  294,  248,  496],
        [  662,    0,  664,  815,  608,  679,  446,  101,  504,  458,  875,  336,  870,  274,  574,   13,  630,  664,  391, 1063,  473,  123,  659,  254,  839,  258,  838,  425,  672,  913,    0,  151,  862,  183,  390,  297,  873,  455,  464,  528,  119,  825,  239,  725,  128,  374,  352,  700,  480,  803,  333,  624, 1008,  621,  565,  257,  530,  589,  892,  582,  473,  939,  307,   78,  262,  726,  245,  165,  981, 1093,  646,  295,  445,  480,  349,  822,  915,  924,  720,  763,  419,  587,  312,  396,  256,  356,  935,  196,  641,  145,  712,  299,  278,  667,  274,  907,  243,  884,  623,  568,  641,  213,  268,  452,  842,  656,  470,  564,  631,  810,   73,  704,  416,  865,  580,  451,  623,  135,  151,  272,  592,  259,  685,  467,   91,  610,  433,  949,  597,  673,  824,  902,  312,  639,  726,  828],
        [  812,    0,  696,  951,  681,  814,  474,  237,  655,  449,  968,  405,  899,  425,  693,  157,  749,  665,  464, 1174,  590,  229,  663,  205,  843,  349,  964,  398,  708,  985,  151,    0,  991,  332,  537,  447,  967,  536,  512,  673,  149,  955,  388,  874,   91,  390,  456,  851,  623,  947,  436,  687, 1108,  725,  626,  395,  617,  740,  954,  718,  622, 1057,  445,  226,  411,  742,  390,  314, 1107, 1211,  727,  330,  451,  629,  325,  968, 1026, 1047,  836,  912,  554,  738,  462,  454,  390,  503, 1032,  325,  708,  251,  824,  399,  328,  810,  293, 1018,  248,  896,  772,  567,  701,  107,  419,  601,  946,  806,  440,  698,  668,  899,  112,  694,  492,  984,  730,  420,  657,   21,  205,  421,  742,  398,  835,  612,  156,  640,  582, 1041,  637,  815,  951, 1038,  447,  697,  775,  958],
        [  432,    0,  673,  113,  486,  196,  706,  839,  555,  818,  327,  641,  731,  660,  307,  864,  255,  809,  595,  274,  406,  894,  795,  907,  849,  655,   39,  868,  653,  484,  862,  991,    0,  744,  675,  614,  323,  527,  634,  672,  965,   38,  652,  363,  912,  758,  548,  532,  406,  241,  567,  530,  323,  330,  553,  606,  460,  466,  543,  289,  482,  136,  557,  788,  691,  754,  741,  747,  122,  261,  434,  742,  773,  596,  858,  281,  183,   94,  194,  358,  446,  458,  623,  637,  606,  688,  310,  835,  507,  740,  222,  603,  720,  276,  785,  181,  820,  824,  597,  799,  542,  980,  653,  608,  242,  430,  880,  302,  644,  352,  934,  863,  570,  102,  548,  882,  660,  983,  798,  689,  442,  776,  403,  432,  931,  678,  634,  361,  635,  254,   45,  113,  551,  548,  594,   39],
        [  488,    0,  704,  680,  597,  551,  509,  106,  324,  557,  820,  367,  904,   99,  489,  176,  540,  739,  406,  972,  397,  153,  731,  406,  903,  278,  725,  543,  706,  888,  183,  332,  744,    0,  209,  135,  817,  446,  501,  347,  240,  707,   94,  558,  302,  460,  323,  520,  342,  649,  310,  627,  938,  561,  575,  170,  505,  415,  882,  456,  306,  839,  204,  121,   80,  781,   69,   21,  865,  991,  621,  377,  531,  298,  473,  662,  827,  817,  631,  596,  304,  414,  139,  432,  181,  176,  871,  101,  637,  201,  631,  290,  348,  517,  377,  819,  364,  936,  441,  650,  647,  391,   98,  270,  771,  483,  585,  444,  665,  763,  232,  788,  423,  765,  399,  570,  662,  314,  266,   90,  421,  101,  514,  320,  208,  655,  251,  894,  630,  528,  711,  766,  218,  647,  741,  707],
        [  323,    0,  823,  587,  677,  481,  659,  302,  145,  728,  833,  510, 1008,  139,  493,  382,  532,  885,  530,  933,  432,  329,  875,  608, 1034,  430,  666,  725,  820,  932,  390,  537,  675,  209,    0,  160,  830,  545,  632,  139,  426,  639,  202,  404,  511,  628,  427,  327,  289,  521,  422,  717,  927,  590,  676,  278,  579,  251,  942,  402,  194,  792,  273,  329,  135,  909,  148,  229,  793,  934,  683,  549,  695,  106,  661,  522,  798,  760,  615,  440,  310,  255,  127,  569,  295,   34,  870,  232,  720,  390,  624,  419,  517,  409,  560,  791,  556, 1056,  237,  806,  738,  599,  154,   80,  766,  320,  765,  403,  782,  790,  432,  938,  538,  722,  208,  752,  783,  519,  463,  124,  266,  150,  354,  257,  399,  782,   53,  904,  749,  427,  652,  667,  290,  740,  836,  636],
        [  366,    0,  666,  547,  529,  419,  500,  238,  219,  572,  716,  351,  855,   49,  377,  293,  424,  726,  372,  851,  298,  288,  716,  475,  876,  273,  597,  573,  664,  800,  297,  447,  614,  135,  160,    0,  714,  391,  473,  284,  372,  577,   61,  429,  399,  472,  269,  413,  209,  515,  263,  566,  826,  462,  522,  119,  432,  294,  803,  326,  177,  714,  117,  222,   81,  751,  131,  144,  735,  865,  542,  395,  537,  206,  513,  530,  707,  690,  514,  468,  187,  292,   33,  410,  136,  141,  762,  221,  571,  250,  517,  259,  363,  383,  411,  700,  412,  900,  349,  647,  587,  487,   39,  182,  660,  360,  612,  316,  625,  666,  357,  779,  380,  641,  295,  599,  626,  432,  327,   82,  296,  171,  389,  186,  339,  624,  175,  790,  592,  393,  583,  633,  135,  588,  685,  576],
        [  685,    0,  433,  418,  305,  404,  558,  888,  751,  658,    4,  565,  429,  761,  338,  879,  299,  573,  507,  257,  421,  945,  560,  825,  565,  621,  291,  720,  411,  161,  873,  967,  323,  817,  830,  714,    0,  432,  491,  875,  991,  326,  726,  639,  878,  635,  522,  795,  543,  544,  541,  325,  148,  257,  376,  650,  351,  692,  224,  443,  651,  235,  614,  813,  792,  495,  841,  812,  337,  330,  250,  655,  619,  783,  739,  588,  163,  271,  225,  646,  529,  683,  736,  528,  642,  830,   70,  918,  298,  731,  209,  576,  647,  517,  699,  161,  743,  527,  834,  597,  325,  922,  749,  784,   84,  681,  717,  434,  420,   75,  945,  618,  478,  223,  772,  726,  438,  966,  762,  795,  668,  883,  665,  575,  959,  461,  804,   77,  427,  493,  296,  435,  600,  331,  331,  337],
        [  588,    0,  280,  535,  155,  410,  187,  490,  541,  298,  433,  134,  465,  428,  231,  462,  275,  365,   76,  654,  169,  545,  352,  400,  494,  197,  492,  342,  275,  459,  455,  536,  527,  446,  545,  391,  432,    0,  121,  647,  573,  497,  373,  599,  447,  232,  125,  685,  344,  595,  137,  181,  575,  207,  132,  284,   82,  548,  441,  347,  439,  554,  274,  405,  454,  368,  493,  435,  626,  702,  192,  229,  252,  553,  333,  633,  510,  556,  340,  629,  266,  539,  422,  111,  270,  530,  498,  544,  193,  310,  319,  162,  216,  476,  273,  502,  315,  512,  667,  312,  201,  492,  413,  539,  419,  582,  358,  319,  238,  363,  524,  423,   47,  487,  600,  358,  241,  536,  332,  460,  531,  535,  590,  365,  544,  244,  545,  505,  206,  466,  482,  610,  256,  201,  297,  504],
        [  704,    0,  205,  651,  187,  529,   73,  521,  645,  184,  492,  135,  409,  504,  348,  474,  388,  256,  102,  732,  289,  571,  245,  341,  405,  224,  598,  238,  210,  479,  464,  512,  634,  501,  632,  473,  491,  121,    0,  744,  579,  607,  443,  719,  422,  144,  208,  798,  459,  715,  210,  179,  639,  306,  119,  357,  175,  661,  443,  467,  547,  647,  361,  432,  524,  281,  557,  485,  726,  789,  243,  183,  139,  652,  248,  753,  595,  654,  443,  748,  376,  653,  505,   70,  340,  612,  561,  590,  203,  327,  418,  216,  189,  597,  222,  588,  268,  436,  775,  193,  190,  446,  488,  636,  496,  698,  246,  440,  169,  418,  525,  312,  100,  584,  708,  249,  163,  516,  320,  533,  645,  597,  707,  477,  554,  155,  639,  557,  134,  586,  590,  723,  344,  187,  265,  615],
        [  261,    0,  926,  571,  765,  492,  779,  436,  125,  854,  878,  630, 1101,  274,  551,  519,  579, 1000,  643,  941,  512,  458,  989,  746, 1140,  556,  671,  856,  921,  994,  528,  673,  672,  347,  139,  284,  875,  647,  744,    0,  555,  639,  334,  347,  649,  755,  536,  222,  339,  479,  535,  808,  955,  654,  774,  401,  668,  207, 1013,  433,  228,  799,  385,  467,  273, 1015,  284,  367,  784,  930,  762,  679,  819,   97,  794,  469,  818,  763,  652,  376,  390,  215,  252,  686,  418,  172,  907,  358,  808,  525,  667,  538,  646,  397,  692,  812,  691, 1157,  121,  926,  830,  738,  287,  109,  804,  260,  895,  442,  885,  846,  566, 1055,  647,  736,  131,  882,  888,  654,  600,  262,  231,  279,  295,  309,  531,  889,  109,  945,  853,  418,  657,  641,  401,  833,  927,  634],
        [  727,    0,  778,  910,  726,  777,  557,  135,  558,  557,  992,  453,  984,  338,  685,  112,  740,  769,  509, 1175,  585,   98,  764,  329,  946,  377,  943,  516,  786, 1032,  119,  149,  965,  240,  426,  372,  991,  573,  579,  555,    0,  928,  321,  797,  193,  481,  470,  750,  572,  887,  450,  742, 1124,  737,  683,  361,  648,  653, 1010,  681,  546, 1048,  409,  181,  316,  836,  282,  229, 1085, 1202,  765,  406,  549,  526,  440,  902, 1027, 1031,  831,  835,  520,  653,  379,  513,  363,  392, 1051,  198,  760,  264,  825,  417,  392,  754,  379, 1019,  342,  993,  663,  671,  759,  250,  337,  498,  957,  722,  560,  664,  745,  927,   58,  805,  535,  974,  630,  540,  737,  128,  262,  324,  660,  278,  753,  554,   34,  723,  475, 1067,  711,  763,  929,  998,  416,  757,  843,  930],
        [  404,    0,  654,   95,  464,  160,  678,  802,  522,  790,  329,  609,  722,  623,  274,  827,  223,  789,  564,  303,  371,  857,  775,  874,  836,  621,   38,  839,  635,  485,  825,  955,   38,  707,  639,  577,  326,  497,  607,  639,  928,    0,  615,  339,  876,  728,  514,  507,  369,  224,  533,  509,  341,  305,  530,  569,  433,  435,  540,  252,  446,  163,  520,  751,  654,  738,  704,  710,  159,  295,  414,  710,  745,  562,  827,  266,  199,  124,  171,  337,  409,  426,  586,  607,  570,  652,  320,  798,  487,  704,  200,  569,  688,  244,  752,  195,  787,  814,  568,  776,  523,  945,  616,  573,  242,  401,  852,  265,  625,  346,  897,  844,  540,  113,  517,  854,  639,  946,  763,  652,  410,  739,  376,  395,  894,  657,  599,  370,  613,  221,   30,  124,  514,  529,  580,   12],
        [  425,    0,  642,  591,  519,  460,  463,  190,  278,  527,  729,  314,  836,   64,  395,  235,  446,  692,  343,  879,  306,  243,  682,  417,  848,  231,  632,  524,  641,  802,  239,  388,  652,   94,  202,   61,  726,  373,  443,  334,  321,  615,    0,  487,  339,  427,  249,  473,  252,  568,  239,  552,  845,  471,  504,   89,  423,  354,  800,  364,  235,  745,  113,  163,   82,  723,  121,   96,  773,  898,  538,  348,  495,  263,  460,  585,  733,  724,  538,  525,  210,  351,   85,  377,  104,  176,  779,  193,  560,  193,  537,  227,  316,  433,  359,  726,  358,  876,  407,  609,  573,  427,   49,  237,  678,  419,  564,  351,  602,  674,  301,  743,  356,  671,  355,  550,  601,  373,  269,   91,  355,  164,  448,  234,  288,  596,  227,  803,  567,  442,  618,  678,  128,  573,  669,  615],
        [   86,    0,  845,  252,  652,  242,  778,  663,  260,  881,  643,  654,  972,  460,  399,  722,  392,  957,  636,  635,  431,  706,  944,  868, 1054,  618,  376,  908,  832,  787,  725,  874,  363,  558,  404,  429,  639,  599,  719,  347,  797,  339,  487,    0,  818,  792,  540,  170,  276,  137,  551,  702,  679,  495,  693,  493,  576,  153,  828,  258,  253,  499,  448,  649,  483,  937,  523,  570,  460,  609,  623,  740,  837,  302,  868,  123,  536,  456,  424,   39,  363,  151,  419,  685,  504,  430,  650,  620,  690,  652,  450,  575,  709,  134,  772,  532,  790, 1050,  247,  911,  722,  903,  461,  325,  557,   88,  936,  284,  807,  636,  786, 1015,  623,  450,  217,  930,  817,  860,  727,  476,  140,  544,   52,  274,  766,  827,  353,  697,  783,  153,  365,  306,  454,  726,  805,  330],
        [  762,    0,  608,  878,  590,  740,  386,  228,  615,  369,  879,  314,  812,  386,  610,  139,  666,  584,  373, 1088,  508,  242,  581,  137,  762,  263,  884,  325,  619,  894,  128,   91,  912,  302,  511,  399,  878,  447,  422,  649,  193,  876,  339,  818,    0,  303,  371,  811,  557,  883,  351,  596, 1019,  637,  535,  329,  527,  692,  864,  646,  569,  973,  378,  183,  378,  658,  368,  283, 1026, 1127,  636,  240,  368,  594,  249,  906,  940,  965,  752,  856,  484,  689,  420,  363,  321,  478,  943,  324,  617,  174,  739,  314,  237,  745,  204,  933,  161,  813,  739,  486,  610,   89,  377,  567,  858,  756,  369,  624,  579,  809,  138,  617,  402,  901,  691,  349,  569,   95,  117,  389,  691,  386,  782,  550,  183,  552,  550,  951,  548,  748,  871,  964,  377,  607,  685,  880],
