{
    "name": "random-75-32304",
    "comment": "size=75 seed=32304",
    "nodes": ["+0", "-0", "+1", "-1", "+2", "-2", "+3", "-3", "+4", "-4", "+5", "-5", "+6", "-6", "+7", "-7", "+8", "-8", "+9", "-9", "+10", "-10", "+11", "-11", "+12", "-12", "+13", "-13", "+14", "-14", "+15", "-15", "+16", "-16", "+17", "-17", "+18", "-18", "+19", "-19", "+20", "-20", "+21", "-21", "+22", "-22", "+23", "-23", "+24", "-24", "+25", "-25", "+26", "-26", "+27", "-27", "+28", "-28", "+29", "-29", "+30", "-30", "+31", "-31", "+32", "-32", "+33", "-33", "+34", "-34", "+35", "-35", "+36", "-36", "+37", "-37", "+38", "-38", "+39", "-39", "+40", "-40", "+41", "-41", "+42", "-42", "+43", "-43", "+44", "-44", "+45", "-45", "+46", "-46", "+47", "-47", "+48", "-48", "+49", "-49", "+50", "-50", "+51", "-51", "+52", "-52", "+53", "-53", "+54", "-54", "+55", "-55", "+56", "-56", "+57", "-57", "+58", "-58", "+59", "-59", "+60", "-60", "+61", "-61", "+62", "-62", "+63", "-63", "+64", "-64", "+65", "-65", "+66", "-66", "+67", "-67", "+68", "-68", "+69", "-69", "+70", "-70", "+71", "-71", "+72", "-72", "+73", "-73", "+74", "-74", "+75", "-75"],
    "precedence": {
        "+0": "-0",
        "+1": "-1",
        "+2": "-2",
        "+3": "-3",
        "+4": "-4",
        "+5": "-5",
        "+6": "-6",
        "+7": "-7",
        "+8": "-8",
        "+9": "-9",
        "+10": "-10",
        "+11": "-11",
        "+12": "-12",
        "+13": "-13",
        "+14": "-14",
        "+15": "-15",
        "+16": "-16",
        "+17": "-17",
        "+18": "-18",
        "+19": "-19",
        "+20": "-20",
        "+21": "-21",
        "+22": "-22",
        "+23": "-23",
        "+24": "-24",
        "+25": "-25",
        "+26": "-26",
        "+27": "-27",
        "+28": "-28",
        "+29": "-29",
        "+30": "-30",
        "+31": "-31",
        "+32": "-32",
        "+33": "-33",
        "+34": "-34",
        "+35": "-35",
        "+36": "-36",
        "+37": "-37",
        "+38": "-38",
        "+39": "-39",
        "+40": "-40",
        "+41": "-41",
        "+42": "-42",
        "+43": "-43",
        "+44": "-44",
        "+45": "-45",
        "+46": "-46",
        "+47": "-47",
        "+48": "-48",
        "+49": "-49",
        "+50": "-50",
        "+51": "-51",
        "+52": "-52",
        "+53": "-53",
        "+54": "-54",
        "+55": "-55",
        "+56": "-56",
        "+57": "-57",
        "+58": "-58",
        "+59": "-59",
        "+60": "-60",
        "+61": "-61",
        "+62": "-62",
        "+63": "-63",
        "+64": "-64",
        "+65": "-65",
        "+66": "-66",
        "+67": "-67",
        "+68": "-68",
        "+69": "-69",
        "+70": "-70",
        "+71": "-71",
        "+72": "-72",
        "+73": "-73",
        "+74": "-74",
        "+75": "-75"
    },
    "edges": [
        [    0,    0,  540,  467,  593,  597,  219,  610,  450,  423,  354,  399,  579,  357,  354,  186,  282,  624,  325,  681,  587,  598,  442,  806,  286,  639,  298,  368,  135,  459,  138,  296,  461,  429,  448,  315,  439,  186,  156,  660,  348,  629,  523,  643,  557,  268,  310,  316,  227,  274,  311,  713,  266,  350,  332,  434,  226,   51,  582,  674,  237,  142,  160,  309,  431,  551,  239,  422,  443,  612,  341,  688,  757,  491,  550,  665,  619,  411,  384,  453,  208,  167,  416,  256,  455,  165,  158,  615,  377,  339,  439,  158,  435,  181,  454,  201,  623,  582,  327,  177,  510,  235,  358,  550,  437,  299,  608,  261,  467,  179,  210,  572,  165,  352,  276,  580,  415,  652,   17,  622,  495,  300,  504,  306,  274,  248,  236,  116,   31,  611,  312,  473,  205,  829,  265,  615,  215,  361,  331,  363,  507,  422,  673,  134,  416,  208,  578,  342,  403,  200,  201,  273],
        [    0,    0,    0,    0,    0,    0,    0,    0,    0,    0,    0,    0,    0,    0,    0,    0,    0,    0,    0,    0,    0,    0,    0,    0,    0,    0,    0,    0,    0,    0,    0,    0,    0,    0,    0,    0,    0,    0,    0,    0,    0,    0,    0,    0,    0,    0,    0,    0,    0,    0,    0,    0,    0,    0,    0,    0,    0,    0,    0,    0,    0,    0,    0,    0,    0,    0,    0,    0,    0,    0,    0,    0,    0,    0,    0,    0,    0,    0,    0,    0,    0,    0,    0,    0,    0,    0,    0,    0,    0,    0,    0,    0,    0,    0,    0,    0,    0,    0,    0,    0,    0,    0,    0,    0,    0,    0,    0,    0,    0,    0,    0,    0,    0,    0,    0,    0,    0,    0,    0,    0,    0,    0,    0,    0,    0,    0,    0,    0,    0,    0,    0,    0,    0,    0,    0,    0,    0,    0,    0,    0,    0,    0,    0,    0,    0,    0,    0,    0,    0,    0,    0,    0],
        [  540,    0,    0,  370,  580,  335,  750,  401,  500,  650,  288,  142,  820,  386,  254,  724,  489,  168,  512,  162,   78,  300,  218,  413,  431,  522,  276,  223,  412,  929,  674,  637,  622,  241,   93,  849,  549,  359,  628,  486,  524,  238,  441,  239,  864,  565,  781,  808,  408,  612,  554,  540,  572,  306,  462,  919,  377,  513,  917,  135,  344,  424,  381,  777,  532,   99,  759,  514,   98,  393,  635,  149,  305,  541,  343,  131,  120,  417,  166,  398,  343,  377,  159,  764,  627,  569,  671,  372,  436,  443,  213,  635,  113,  658,  296,  433,  434,  126,  702,  659,  447,  764,  554,  312,  273,  515,  381,  498,  616,  627,  448,  137,  526,  799,  541,  115,  749,  302,  551,   89,  162,  593,  189,  274,  722,  683,  680,  517,  560,  508,  776,  191,  493,  433,  656,  152,  724,  695,  348,  465,  703,  307,  204,  495,  520,  487,  272,  226,  148,  632,  516,  655],
        [  467,    0,  370,    0,  216,  152,  675,  144,  142,  320,  487,  322,  469,  113,  452,  632,  232,  305,  652,  399,  447,  637,  155,  373,  568,  195,  417,  200,  352,  925,  592,  371,  272,  502,  328,  695,  198,  325,  616,  197,  673,  597,  709,  601,  531,  309,  775,  782,  241,  355,  271,  859,  317,  138,  621,  900,  246,  418,  589,  464,  248,  446,  374,  774,  184,  458,  592,  708,  341,  148,  343,  475,  375,  762,   97,  417,  489,   81,  272,  642,  301,  340,  237,  722,  798,  593,  625,  156,  628,  611,  484,  620,  292,  475,   74,  510,  748,  296,  433,  481,   81,  690,  700,  116,  535,  640,  146,  604,  264,  436,  265,  276,  565,  814,  644,  303,  445,  656,  468,  391,  211,  319,  188,  217,  734,  702,  692,  372,  468,  796,  549,  488,  566,  395,  413,  520,  550,  405,  139,  641,  352,   76,  338,  519,  177,  562,  172,  230,  273,  428,  580,  407],
        [  593,    0,  580,  216,    0,  284,  770,  222,  144,  260,  693,  537,  331,  269,  659,  723,  312,  487,  835,  583,  657,  853,  370,  455,  756,  114,  618,  412,  508, 1038,  693,  382,  190,  714,  544,  741,  163,  498,  749,  177,  858,  812,  917,  815,  418,  353,  897,  893,  383,  382,  303, 1072,  360,  336,  810, 1006,  405,  542,  480,  662,  422,  614,  545,  897,  166,  671,  642,  902,  556,  232,  333,  671,  509,  960,  249,  609,  698,  208,  486,  848,  478,  508,  452,  830,  983,  743,  741,  259,  824,  803,  698,  750,  508,  534,  289,  687,  962,  491,  425,  541,  136,  785,  882,  282,  746,  819,  242,  781,  179,  496,  387,  472,  723,  942,  817,  501,  391,  871,  588,  590,  419,  340,  393,  415,  866,  840,  828,  480,  583, 1006,  557,  703,  736,  470,  436,  731,  601,  379,  317,  833,  235,  289,  508,  678,  179,  734,  339,  438,  488,  480,  745,  427],
        [  597,    0,  335,  152,  284,    0,  811,   69,  277,  460,  537,  350,  591,  258,  499,  770,  382,  208,  732,  302,  406,  632,  183,  222,  646,  198,  480,  262,  471, 1052,  727,  522,  405,  529,  333,  843,  335,  433,  738,  152,  751,  572,  742,  572,  664,  460,  900,  911,  376,  507,  422,  867,  469,  248,  693, 1029,  371,  550,  724,  389,  364,  550,  480,  898,  322,  433,  740,  771,  348,   60,  492,  396,  234,  817,   55,  333,  443,  232,  310,  684,  408,  450,  262,  853,  872,  705,  754,   37,  689,  680,  506,  742,  303,  624,  144,  603,  759,  223,  584,  629,  181,  826,  780,   48,  564,  724,   48,  693,  395,  584,  406,  206,  672,  934,  736,  234,  591,  637,  600,  321,  187,  470,  158,  308,  853,  819,  810,  512,  602,  821,  700,  499,  663,  244,  564,  483,  699,  554,  269,  708,  479,  175,  224,  627,  320,  658,   64,  297,  301,  577,  680,  559],
        [  219,    0,  750,  675,  770,  811,    0,  818,  633,  554,  525,  609,  672,  562,  536,   48,  464,  843,  401,  896,  789,  758,  661, 1023,  410,  833,  489,  587,  354,  272,   84,  411,  609,  604,  658,  176,  608,  403,  149,  861,  417,  807,  636,  821,  618,  419,  158,  133,  436,  401,  469,  819,  413,  566,  435,  238,  441,  262,  622,  882,  455,  329,  371,  161,  604,  749,  186,  499,  652,  821,  464,  896,  975,  562,  762,  877,  817,  610,  599,  578,  426,  384,  634,   73,  480,  222,   87,  826,  489,  450,  620,  140,  649,  248,  668,  349,  749,  800,  406,  240,  707,   16,  411,  764,  603,  375,  818,  351,  617,  279,  410,  790,  260,  211,  337,  797,  493,  818,  213,  834,  714,  439,  723,  525,  171,  182,  170,  303,  210,  712,  315,  656,  312, 1046,  361,  808,  205,  455,  543,  462,  632,  636,  892,  270,  592,  318,  795,  560,  618,  299,  292,  371],
        [  610,    0,  401,  144,  222,   69,  818,    0,  240,  422,  587,  403,  540,  257,  549,  776,  371,  277,  772,  370,  473,  695,  230,  249,  686,  129,  524,  302,  491, 1067,  735,  500,  362,  585,  392,  836,  297,  459,  756,   86,  792,  638,  798,  639,  618,  444,  917,  925,  384,  488,  401,  929,  452,  269,  736, 1043,  386,  561,  679,  458,  384,  578,  507,  915,  286,  499,  733,  818,  406,   10,  465,  465,  288,  866,   70,  401,  511,  217,  360,  736,  434,  474,  313,  865,  915,  730,  768,   37,  736,  724,  563,  760,  359,  616,  169,  637,  819,  292,  559,  622,  140,  834,  820,   93,  619,  762,   22,  729,  351,  576,  409,  274,  699,  954,  771,  302,  556,  702,  611,  389,  247,  449,  218,  339,  874,  841,  832,  516,  611,  879,  681,  558,  695,  269,  546,  550,  691,  524,  280,  753,  431,  195,  291,  654,  287,  691,  132,  337,  353,  567,  711,  540],
        [  450,    0,  500,  142,  144,  277,  633,  240,    0,  184,  567,  429,  327,  137,  535,  587,  171,  446,  696,  540,  577,  748,  283,  489,  618,  204,  490,  301,  366,  898,  554,  267,  131,  597,  446,  619,   59,  359,  606,  246,  719,  718,  792,  724,  391,  223,  755,  753,  241,  260,  174,  956,  231,  216,  673,  868,  264,  399,  450,  603,  285,  472,  404,  755,   46,  582,  517,  766,  456,  248,  227,  614,  509,  826,  225,  557,  620,   85,  378,  721,  340,  367,  353,  690,  843,  599,  599,  268,  691,  667,  584,  607,  410,  404,  209,  547,  846,  436,  322,  411,  100,  648,  742,  251,  627,  679,  253,  640,  123,  365,  243,  416,  580,  800,  675,  443,  316,  774,  445,  530,  346,  219,  326,  290,  723,  696,  685,  338,  441,  883,  449,  595,  594,  508,  318,  647,  476,  285,  187,  697,  210,  194,  479,  534,   49,  592,  310,  321,  384,  351,  603,  310],
        [  423,    0,  650,  320,  260,  460,  554,  422,  184,    0,  649,  552,  179,  265,  625,  507,  184,  620,  724,  712,  725,  861,  440,  671,  661,  361,  570,  432,  394,  826,  487,  144,   70,  696,  581,  495,  127,  412,  571,  414,  748,  848,  868,  856,  216,  157,  698,  684,  290,  156,  124, 1046,  158,  345,  715,  790,  325,  379,  272,  765,  358,  498,  445,  699,  139,  719,  401,  810,  588,  430,   91,  777,  692,  876,  408,  724,  767,  245,  505,  794,  403,  411,  494,  621,  867,  587,  545,  451,  745,  714,  689,  570,  547,  307,  377,  577,  940,  604,  170,  315,  283,  567,  766,  433,  722,  703,  436,  662,   81,  277,  265,  585,  581,  748,  688,  610,  136,  897,  412,  692,  508,  124,  493,  398,  680,  662,  649,  311,  403,  961,  302,  708,  609,  690,  196,  788,  364,  121,  304,  743,   84,  354,  657,  540,  143,  610,  490,  441,  516,  256,  612,  186],
        [  354,    0,  288,  487,  693,  537,  525,  587,  567,  649,    0,  191,  827,  430,   39,  512,  465,  441,  225,  449,  295,  245,  358,  680,  147,  679,   80,  289,  275,  659,  464,  573,  651,   80,  223,  661,  593,  241,  383,  666,  236,  283,  226,  297,  839,  512,  518,  553,  359,  546,  527,  398,  516,  357,  175,  655,  325,  353,  879,  397,  293,  212,  221,  514,  578,  244,  592,  237,  209,  583,  596,  411,  584,  280,  518,  415,  312,  487,  228,  156,  247,  246,  276,  520,  345,  314,  439,  570,  155,  156,   98,  392,  242,  521,  426,  177,  293,  392,  627,  519,  564,  536,  267,  496,   85,  229,  573,  217,  651,  504,  387,  394,  271,  528,  259,  384,  701,  300,  369,  375,  358,  548,  384,  279,  458,  417,  417,  393,  382,  317,  653,  135,  226,  702,  568,  292,  567,  642,  380,  180,  724,  413,  484,  255,  562,  219,  486,  258,  237,  519,  249,  572],
        [  399,    0,  142,  322,  537,  350,  609,  403,  429,  552,  191,    0,  729,  297,  152,  582,  378,  261,  403,  292,  195,  319,  176,  493,  317,  506,  150,  128,  272,  796,  533,  518,  536,  183,   50,  708,  468,  219,  490,  485,  419,  296,  395,  304,  761,  447,  646,  671,  284,  491,  444,  537,  453,  215,  358,  784,  251,  373,  810,  276,  215,  285,  240,  642,  452,  173,  620,  427,   46,  398,  523,  290,  405,  468,  335,  269,  232,  344,   52,  335,  205,  236,   91,  625,  533,  434,  531,  384,  345,  341,  163,  497,   53,  522,  253,  303,  426,  212,  581,  523,  402,  623,  449,  311,  217,  401,  388,  378,  533,  493,  323,  210,  392,  667,  422,  206,  637,  347,  410,  226,  168,  478,  194,  156,  589,  549,  546,  381,  419,  478,  644,  167,  365,  515,  530,  242,  586,  580,  251,  368,  616,  248,  307,  358,  438,  358,  296,  112,   51,  500,  386,  531],
        [  579,    0,  820,  469,  331,  591,  672,  540,  327,  179,  827,  729,    0,  436,  804,  626,  363,  773,  892,  867,  896, 1040,  605,  783,  833,  444,  748,  606,  568,  937,  617,  284,  199,  875,  755,  571,  273,  589,  717,  506,  916, 1024, 1045, 1032,  100,  324,  825,  804,  469,  306,  301, 1225,  323,  518,  887,  898,  504,  540,  157,  928,  537,  669,  620,  827,  289,  893,  496,  982,  763,  549,  242,  939,  824, 1049,  544,  884,  938,  405,  680,  971,  581,  588,  666,  743, 1031,  743,  681,  574,  919,  887,  868,  714,  721,  432,  534,  748, 1119,  763,  267,  439,  412,  683,  931,  573,  901,  870,  557,  829,  206,  412,  442,  743,  742,  877,  852,  770,  180, 1074,  566,  855,  671,  288,  652,  575,  816,  804,  790,  474,  555, 1138,  371,  886,  775,  799,  321,  961,  468,  222,  479,  915,  118,  516,  804,  704,  300,  776,  633,  617,  691,  389,  775,  312],
        [  357,    0,  386,  113,  269,  258,  562,  257,  137,  265,  430,  297,  436,    0,  399,  520,  129,  369,  568,  456,  461,  615,  177,  479,  488,  287,  353,  172,  249,  815,  479,  278,  240,  461,  320,  586,  171,  232,  508,  303,  590,  591,  655,  598,  480,  210,  666,  671,  131,  259,  182,  820,  218,   83,  542,  789,  142,  307,  534,  501,  155,  350,  279,  665,  155,  458,  483,  634,  329,  260,  261,  514,  464,  692,  205,  463,  503,   62,  247,  584,  211,  243,  230,  610,  715,  490,  514,  267,  557,  535,  449,  511,  285,  366,  129,  421,  710,  346,  344,  371,  157,  578,  615,  215,  491,  553,  258,  515,  236,  327,  153,  328,  465,  706,  552,  351,  372,  644,  357,  430,  247,  228,  235,  153,  627,  596,  586,  260,  356,  746,  449,  461,  472,  501,  314,  526,  441,  324,   50,  565,  321,   99,  410,  419,  141,  469,  261,  187,  256,  321,  484,  310],
        [  354,    0,  254,  452,  659,  499,  536,  549,  535,  625,   39,  152,  804,  399,    0,  520,  441,  403,  259,  415,  267,  251,  320,  642,  178,  642,   60,  253,  263,  684,  472,  556,  624,   78,  185,  666,  564,  223,  399,  628,  272,  276,  259,  289,  819,  492,  541,  573,  336,  529,  505,  424,  497,  324,  211,  678,  301,  348,  861,  369,  267,  215,  211,  536,  548,  219,  592,  276,  171,  545,  576,  382,  547,  318,  480,  383,  288,  455,  190,  191,  225,  231,  238,  537,  383,  332,  452,  532,  194,  193,   86,  407,  204,  514,  389,  193,  316,  355,  612,  513,  529,  549,  303,  458,   98,  262,  535,  246,  623,  495,  366,  356,  289,  553,  289,  347,  683,  301,  369,  342,  319,  528,  345,  246,  480,  440,  439,  382,  381,  348,  646,  121,  248,  663,  554,  273,  565,  625,  349,  218,  698,  377,  448,  267,  533,  241,  447,  223,  198,  508,  271,  558],
        [  186,    0,  724,  632,  723,  770,   48,  776,  587,  507,  512,  582,  626,  520,  520,    0,  418,  810,  408,  866,  767,  750,  624,  985,  407,  787,  470,  552,  320,  320,   50,  364,  561,  591,  631,  161,  561,  371,  154,  817,  426,  794,  639,  808,  575,  372,  200,  179,  395,  353,  422,  825,  366,  527,  437,  285,  402,  225,  580,  857,  419,  308,  343,  203,  558,  728,  147,  508,  626,  779,  417,  871,  940,  573,  721,  849,  797,  566,  569,  577,  393,  353,  602,  118,  499,  223,   89,  785,  490,  450,  605,  146,  620,  200,  628,  338,  750,  768,  360,  192,  662,   62,  423,  724,  592,  382,  776,  354,  570,  232,  367,  757,  257,  254,  345,  766,  447,  808,  178,  807,  680,  391,  687,  490,  204,  208,  194,  260,  172,  718,  273,  640,  309, 1008,  313,  789,  161,  408,  502,  465,  584,  596,  859,  259,  545,  315,  757,  527,  588,  252,  291,  324],
        [  282,    0,  489,  232,  312,  382,  464,  371,  171,  184,  465,  378,  363,  129,  441,  418,    0,  493,  553,  577,  560,  680,  297,  604,  484,  370,  386,  267,  218,  728,  384,  153,  195,  513,  411,  465,  159,  229,  438,  402,  577,  671,  685,  680,  385,   82,  585,  583,  106,  131,   67,  862,   90,  188,  539,  698,  141,  231,  433,  613,  174,  325,  266,  585,  150,  548,  362,  634,  417,  376,  147,  626,  593,  698,  328,  580,  601,  155,  333,  611,  219,  230,  331,  520,  698,  437,  429,  388,  565,  536,  507,  439,  380,  246,  258,  404,  756,  467,  219,  251,  246,  479,  597,  342,  538,  533,  376,  493,  197,  206,   86,  450,  422,  630,  524,  470,  261,  718,  276,  544,  367,  105,  359,  222,  554,  529,  517,  169,  271,  778,  320,  527,  443,  626,  186,  618,  320,  207,  146,  566,  261,  227,  536,  378,  135,  442,  390,  268,  347,  197,  449,  182],
        [  624,    0,  168,  305,  487,  208,  843,  277,  446,  620,  441,  261,  773,  369,  403,  810,  493,    0,  661,   96,  220,  462,  199,  246,  576,  406,  410,  259,  490, 1050,  762,  645,  577,  404,  220,  915,  502,  440,  738,  357,  675,  388,  608,  386,  834,  575,  898,  920,  441,  624,  550,  703,  583,  310,  613, 1035,  420,  587,  892,  183,  396,  533,  475,  894,  487,  262,  817,  674,  233,  268,  629,  188,  145,  705,  239,  125,  251,  376,  250,  563,  417,  459,  210,  869,  785,  688,  771,  242,  594,  596,  377,  744,  209,  705,  245,  561,  600,   49,  711,  708,  367,  858,  706,  206,  438,  660,  256,  638,  569,  669,  481,   54,  648,  922,  682,   57,  739,  455,  633,  119,  133,  596,  135,  322,  843,  804,  799,  572,  639,  675,  807,  358,  624,  266,  676,  294,  778,  692,  350,  620,  656,  271,   50,  610,  479,  617,  149,  283,  232,  669,  644,  673],
        [  325,    0,  512,  652,  835,  732,  401,  772,  696,  724,  225,  403,  892,  568,  259,  408,  553,  661,    0,  673,  515,  393,  550,  895,   87,  846,  256,  471,  336,  460,  372,  613,  747,  286,  442,  568,  705,  338,  255,  845,   24,  465,  238,  480,  879,  570,  338,  382,  458,  588,  602,  419,  570,  514,   53,  464,  432,  355,  906,  619,  414,  229,  292,  332,  693,  463,  531,  102,  429,  770,  651,  632,  805,  169,  703,  639,  527,  629,  429,  191,  358,  329,  478,  369,  148,  187,  320,  762,  101,   74,  312,  263,  456,  503,  604,  150,  354,  612,  649,  498,  720,  408,   48,  688,  266,   27,  762,   65,  750,  503,  468,  612,  164,  332,   65,  605,  736,  455,  340,  599,  566,  605,  589,  437,  278,  242,  248,  419,  353,  311,  629,  346,  120,  917,  588,  500,  521,  680,  523,   68,  807,  583,  706,  192,  677,  118,  688,  437,  442,  524,  126,  595],
        [  681,    0,  162,  399,  583,  302,  896,  370,  540,  712,  449,  292,  867,  456,  415,  866,  577,   96,  673,    0,  179,  419,  281,  289,  593,  499,  435,  327,  548, 1086,  817,  729,  670,  398,  244,  981,  596,  496,  781,  447,  685,  335,  586,  329,  926,  658,  937,  962,  515,  707,  636,  657,  666,  391,  623, 1075,  491,  648,  984,  104,  463,  575,  525,  933,  580,  230,  886,  672,  253,  360,  716,  104,  166,  694,  335,   46,  196,  468,  298,  551,  475,  514,  268,  916,  785,  725,  820,  334,  595,  604,  370,  788,  247,  777,  336,  591,  560,  111,  795,  780,  462,  910,  715,  302,  428,  676,  349,  659,  663,  743,  556,  128,  683,  957,  703,  108,  827,  400,  690,   75,  211,  681,  221,  388,  880,  840,  836,  640,  698,  643,  886,  343,  652,  304,  757,  241,  848,  779,  432,  625,  750,  360,   85,  649,  572,  646,  245,  344,  278,  745,  674,  755],
        [  587,    0,   78,  447,  657,  406,  789,  473,  577,  725,  295,  195,  896,  461,  267,  767,  560,  220,  515,  179,    0,  245,  295,  458,  441,  596,  303,  295,  465,  951,  717,  706,  698,  231,  152,  899,  625,  413,  660,  557,  524,  169,  409,  168,  938,  634,  806,  838,  474,  680,  625,  485,  641,  380,  463,  944,  442,  565,  990,  104,  408,  461,  428,  802,  609,   54,  813,  502,  150,  465,  706,  117,  340,  519,  418,  135,   43,  494,  230,  377,  399,  429,  232,  798,  616,  596,  708,  442,  430,  443,  204,  668,  180,  716,  374,  458,  384,  186,  770,  717,  524,  803,  554,  385,  258,  522,  453,  511,  693,  687,  514,  202,  553,  820,  553,  175,  820,  235,  599,  108,  238,  664,  265,  342,  747,  706,  705,  575,  609,  465,  838,  172,  515,  476,  722,   77,  780,  766,  421,  461,  779,  384,  245,  526,  597,  508,  342,  294,  214,  694,  537,  722],
        [  598,    0,  300,  637,  853,  632,  758,  695,  748,  861,  245,  319, 1040,  615,  251,  750,  680,  462,  393,  419,  245,    0,  485,  702,  352,  810,  311,  447,  513,  853,  704,  804,  852,  174,  310,  903,  785,  472,  612,  780,  391,   95,  199,  107, 1063,  738,  727,  768,  577,  777,  746,  241,  743,  533,  344,  856,  542,  597, 1107,  325,  507,  457,  461,  721,  769,  202,  836,  336,  297,  688,  820,  333,  583,  326,  633,  373,  224,  663,  370,  207,  471,  481,  401,  744,  444,  540,  672,  668,  293,  324,  174,  621,  346,  764,  565,  412,  142,  424,  862,  762,  717,  769,  416,  603,  161,  411,  677,  419,  849,  745,  611,  437,  499,  724,  450,  413,  930,   63,  614,  352,  449,  773,  478,  467,  665,  627,  631,  633,  627,  230,  896,  155,  449,  719,  805,  180,  812,  872,  567,  326,  930,  565,  489,  492,  754,  442,  570,  428,  366,  759,  470,  808],
        [  442,    0,  218,  155,  370,  183,  661,  230,  283,  440,  358,  176,  605,  177,  320,  624,  297,  199,  550,  281,  295,  485,    0,  368,  463,  330,  297,   82,  309,  886,  578,  449,  406,  359,  175,  720,  332,  264,  571,  310,  568,  443,  570,  447,  655,  378,  733,  749,  244,  427,  356,  710,  386,  112,  511,  867,  226,  400,  710,  326,  206,  375,  308,  731,  316,  303,  621,  590,  188,  226,  437,  338,  317,  637,  161,  287,  337,  201,  131,  508,  240,  283,   86,  695,  690,  532,  596,  214,  508,  497,  338,  576,  139,  508,   82,  422,  600,  171,  515,  511,  235,  676,  597,  140,  393,  542,  216,  511,  400,  471,  283,  154,  496,  765,  554,  175,  549,  502,  448,  254,   71,  400,   66,  137,  684,  647,  640,  377,  452,  654,  609,  339,  484,  391,  478,  366,  581,  499,  152,  526,  488,   90,  245,  453,  305,  479,  143,  116,  126,  471,  501,  475],
        [  806,    0,  413,  373,  455,  222, 1023,  249,  489,  671,  680,  493,  783,  479,  642,  985,  604,  246,  895,  289,  458,  702,  368,    0,  809,  343,  640,  448,  675, 1254,  940,  743,  610,  649,  458, 1064,  545,  632,  938,  280,  911,  621,  854,  616,  864,  682, 1101, 1116,  592,  728,  643,  942,  690,  458,  850, 1234,  583,  762,  926,  391,  569,  741,  675, 1098,  535,  504,  961,  915,  472,  241,  711,  389,  126,  949,  277,  334,  482,  453,  469,  808,  607,  650,  421, 1061, 1024,  898,  962,  222,  834,  833,  622,  944,  440,  845,  358,  782,  841,  292,  804,  849,  389, 1039,  941,  265,  682,  892,  237,  865,  599,  805,  625,  287,  861, 1132,  910,  301,  804,  687,  811,  351,  332,  691,  313,  504, 1051, 1014, 1007,  729,  814,  919,  921,  603,  844,   24,  786,  527,  919,  771,  485,  859,  677,  391,  214,  819,  535,  839,  229,  480,  454,  799,  863,  780],
        [  286,    0,  431,  568,  756,  646,  410,  686,  618,  661,  147,  317,  833,  488,  178,  407,  484,  576,   87,  593,  441,  352,  463,  809,    0,  762,  170,  385,  268,  516,  364,  558,  678,  218,  358,  565,  632,  261,  262,  759,  106,  411,  238,  426,  827,  509,  380,  418,  384,  533,  537,  428,  511,  431,   56,  514,  356,  306,  859,  544,  335,  165,  219,  374,  619,  390,  513,  151,  345,  684,  592,  557,  721,  216,  617,  560,  457,  549,  342,  172,  279,  255,  391,  393,  230,  189,  324,  675,   91,   55,  241,  271,  370,  467,  519,   88,  344,  528,  601,  462,  638,  420,  135,  601,  205,   85,  676,   72,  680,  460,  399,  527,  151,  384,  112,  520,  685,  413,  303,  520,  479,  545,  502,  352,  318,  279,  281,  365,  316,  326,  598,  277,   99,  831,  539,  434,  496,  627,  441,   83,  742,  498,  622,  157,  602,   92,  601,  350,  356,  479,  119,  546],
        [  639,    0,  522,  195,  114,  198,  833,  129,  204,  361,  679,  506,  444,  287,  642,  787,  370,  406,  846,  499,  596,  810,  330,  343,  762,    0,  610,  390,  536, 1094,  752,  468,  293,  688,  502,  823,  246,  515,  793,   64,  867,  759,  898,  760,  531,  427,  948,  949,  416,  463,  378, 1040,  435,  332,  815, 1065,  429,  588,  593,  586,  437,  635,  563,  947,  243,  618,  721,  902,  516,  139,  424,  593,  407,  955,  180,  530,  636,  230,  458,  833,  492,  528,  416,  887,  992,  777,  793,  165,  821,  805,  668,  795,  468,  608,  254,  702,  929,  418,  518,  615,  131,  848,  893,  211,  722,  833,  151,  796,  281,  569,  430,  400,  752,  990,  835,  429,  495,  822,  637,  517,  364,  421,  335,  411,  911,  882,  871,  533,  634,  983,  648,  668,  756,  357,  520,  673,  680,  476,  327,  835,  346,  267,  419,  706,  251,  753,  259,  422,  455,  555,  769,  512],
        [  298,    0,  276,  417,  618,  480,  489,  524,  490,  570,   80,  150,  748,  353,   60,  470,  386,  410,  256,  435,  303,  311,  297,  640,  170,  610,    0,  223,  203,  653,  421,  498,  572,  138,  194,  612,  514,  164,  357,  601,  273,  332,  304,  345,  761,  435,  506,  535,  280,  471,  449,  477,  439,  283,  214,  644,  246,  289,  803,  401,  214,  162,  151,  502,  500,  260,  535,  294,  182,  521,  518,  415,  554,  346,  455,  407,  329,  411,  173,  232,  168,  172,  223,  495,  393,  294,  406,  511,  213,  200,  143,  365,  202,  456,  360,  157,  371,  362,  553,  454,  491,  502,  303,  436,  156,  253,  512,  228,  572,  435,  309,  359,  251,  523,  273,  355,  625,  360,  313,  365,  310,  470,  333,  204,  447,  407,  405,  323,  325,  396,  587,  175,  218,  662,  495,  320,  507,  566,  304,  229,  645,  343,  457,  223,  483,  211,  433,  190,  187,  449,  240,  498],
        [  368,    0,  223,  200,  412,  262,  587,  302,  301,  432,  289,  128,  606,  172,  253,  552,  267,  259,  471,  327,  295,  447,   82,  448,  385,  390,  223,    0,  234,  807,  505,  415,  411,  303,  149,  657,  341,  186,  492,  379,  491,  420,  509,  427,  644,  343,  654,  671,  191,  391,  332,  661,  350,   89,  434,  788,  165,  329,  696,  349,  138,  294,  228,  651,  325,  288,  560,  516,  158,  300,  413,  363,  389,  567,  233,  322,  336,  217,   77,  443,  162,  205,   65,  618,  613,  451,  519,  291,  435,  422,  287,  498,  116,  451,  138,  341,  551,  220,  481,  454,  279,  602,  519,  217,  336,  463,  291,  431,  407,  417,  232,  207,  415,  684,  474,  220,  527,  474,  375,  283,  128,  371,  137,   63,  604,  567,  560,  315,  381,  596,  562,  295,  403,  471,  437,  356,  522,  473,  128,  451,  492,  125,  307,  372,  311,  398,  224,   35,   85,  420,  420,  436],
        [  135,    0,  412,  352,  508,  471,  354,  491,  366,  394,  275,  272,  568,  249,  263,  320,  218,  490,  336,  548,  465,  513,  309,  675,  268,  536,  203,  234,    0,  581,  272,  301,  412,  340,  320,  437,  370,   53,  267,  548,  360,  529,  481,  541,  569,  245,  429,  442,  126,  274,  270,  666,  247,  224,  322,  560,  108,  102,  606,  547,  108,  108,   55,  427,  359,  434,  349,  418,  317,  491,  329,  561,  622,  483,  427,  534,  500,  309,  252,  407,   73,   36,  282,  386,  482,  242,  287,  491,  352,  321,  343,  272,  304,  257,  328,  187,  565,  448,  353,  256,  406,  369,  380,  424,  357,  317,  486,  277,  415,  234,  132,  438,  217,  465,  310,  446,  429,  562,  143,  491,  361,  281,  370,  173,  384,  351,  342,  120,  150,  574,  386,  373,  229,  698,  293,  501,  316,  370,  213,  350,  474,  298,  539,  171,  343,  227,  447,  207,  271,  246,  238,  298],
        [  459,    0,  929,  925, 1038, 1052,  272, 1067,  898,  826,  659,  796,  937,  815,  684,  320,  728, 1050,  460, 1086,  951,  853,  886, 1254,  516, 1094,  653,  807,  581,    0,  346,  683,  880,  733,  843,  386,  877,  622,  316, 1117,  463,  923,  683,  938,  877,  689,  153,  145,  685,  672,  738,  836,  684,  804,  511,   43,  682,  508,  872, 1052,  689,  517,  580,  156,  872,  903,  443,  529,  834, 1069,  736, 1066, 1190,  571, 1007, 1060,  970,  867,  800,  648,  647,  604,  843,  209,  453,  363,  302, 1071,  561,  531,  756,  310,  844,  519,  908,  496,  798, 1003,  674,  511,  966,  259,  440, 1004,  719,  444, 1065,  445,  889,  551,  665,  997,  404,  132,  407,  998,  759,  915,  459, 1017,  929,  710,  943,  750,  207,  247,  251,  562,  461,  732,  571,  792,  437, 1277,  632,  949,  471,  724,  788,  527,  903,  878, 1098,  440,  859,  444, 1027,  776,  818,  571,  415,  642],
        [  138,    0,  674,  592,  693,  727,   84,  735,  554,  487,  464,  533,  617,  479,  472,   50,  384,  762,  372,  817,  717,  704,  578,  940,  364,  752,  421,  505,  272,  346,    0,  345,  538,  543,  582,  202,  532,  323,  123,  779,  391,  746,  598,  760,  573,  345,  211,  201,  353,  332,  394,  786,  340,  482,  397,  314,  358,  179,  584,  807,  373,  259,  294,  213,  527,  679,  164,  473,  577,  738,  397,  822,  893,  539,  679,  800,  747,  528,  520,  535,  345,  304,  554,  137,  473,  185,   67,  743,  449,  410,  557,  116,  571,  186,  585,  292,  708,  720,  350,  178,  625,  100,  391,  681,  545,  345,  735,  314,  546,  211,  327,  709,  215,  263,  310,  717,  440,  762,  131,  757,  632,  368,  640,  443,  201,  194,  180,  221,  127,  680,  281,  592,  267,  963,  299,  740,  166,  396,  459,  426,  567,  553,  811,  212,  514,  273,  712,  479,  540,  233,  251,  309],
        [  296,    0,  637,  371,  382,  522,  411,  500,  267,  144,  573,  518,  284,  278,  556,  364,  153,  645,  613,  729,  706,  804,  449,  743,  558,  468,  498,  415,  301,  683,  345,    0,  203,  633,  555,  360,  223,  334,  436,  513,  636,  806,  781,  816,  269,   73,  556,  542,  234,   28,  100,  966,   66,  339,  611,  647,  268,  259,  306,  763,  304,  395,  355,  558,  226,  690,  262,  705,  559,  506,   54,  777,  740,  773,  467,  732,  746,  290,  477,  707,  333,  328,  480,  479,  749,  460,  406,  522,  647,  613,  631,  434,  526,  164,  407,  472,  865,  619,   67,  172,  363,  424,  650,  485,  653,  589,  509,  549,  213,  135,  196,  602,  460,  607,  570,  622,  128,  847,  283,  695,  519,   52,  511,  365,  541,  525,  512,  195,  272,  874,  182,  655,  494,  764,   54,  760,  223,   70,  298,  640,  222,  377,  687,  423,  220,  496,  536,  412,  492,  113,  493,   45],
        [  461,    0,  622,  272,  190,  405,  609,  362,  131,   70,  651,  536,  199,  240,  624,  561,  195,  577,  747,  670,  698,  852,  406,  610,  678,  293,  572,  411,  412,  880,  538,  203,    0,  692,  560,  560,   75,  421,  613,  348,  771,  830,  874,  837,  260,  195,  747,  737,  296,  209,  151, 1047,  199,  323,  733,  846,  328,  413,  320,  730,  358,  519,  460,  748,   91,  698,  463,  828,  568,  370,  150,  741,  638,  892,  354,  686,  740,  206,  487,  801,  408,  424,  469,  674,  892,  622,  593,  392,  758,  730,  682,  613,  525,  363,  336,  598,  939,  565,  237,  371,  225,  622,  790,  381,  720,  727,  376,  686,   12,  330,  280,  545,  612,  797,  716,  572,  203,  883,  452,  657,  473,  171,  454,  386,  725,  704,  692,  346,  444,  966,  370,  697,  635,  628,  256,  765,  425,  189,  286,  760,   82,  318,  610,  569,  102,  635,  440,  425,  496,  310,  640,  247],
        [  429,    0,  241,  502,  714,  529,  604,  585,  597,  696,   80,  183,  875,  461,   78,  591,  513,  404,  286,  398,  231,  174,  359,  649,  218,  688,  138,  303,  340,  733,  543,  633,  692,    0,  198,  739,  629,  300,  462,  667,  294,  204,  214,  218,  894,  568,  595,  631,  409,  606,  578,  360,  572,  382,  234,  730,  373,  425,  937,  334,  339,  289,  289,  590,  613,  178,  668,  274,  183,  580,  651,  347,  544,  301,  517,  360,  242,  514,  231,  160,  300,  308,  273,  599,  388,  392,  518,  564,  199,  213,   28,  471,  227,  592,  435,  256,  250,  358,  690,  590,  581,  616,  324,  492,   36,  295,  569,  289,  690,  572,  441,  363,  349,  602,  329,  348,  759,  224,  445,  323,  344,  603,  372,  309,  533,  494,  494,  460,  457,  296,  724,   61,  304,  669,  632,  217,  642,  701,  412,  230,  768,  427,  444,  334,  598,  296,  473,  277,  233,  586,  326,  635],
        [  448,    0,   93,  328,  544,  333,  658,  392,  446,  581,  223,   50,  755,  320,  185,  631,  411,  220,  442,  244,  152,  310,  175,  458,  358,  502,  194,  149,  320,  843,  582,  555,  560,  198,    0,  757,  489,  267,  538,  476,  456,  273,  411,  279,  792,  484,  694,  720,  323,  530,  477,  538,  490,  238,  394,  832,  291,  421,  843,  227,  257,  334,  289,  690,  473,  139,  667,  458,   16,  386,  558,  242,  364,  494,  327,  220,  191,  361,   79,  356,  251,  284,   93,  675,  567,  482,  580,  369,  377,  377,  174,  546,   37,  568,  256,  349,  428,  171,  619,  569,  408,  672,  487,  299,  233,  442,  375,  420,  556,  537,  363,  172,  440,  714,  465,  163,  671,  329,  459,  177,  147,  514,  176,  191,  637,  597,  593,  426,  468,  488,  688,  167,  410,  480,  571,  208,  632,  616,  277,  402,  640,  257,  265,  406,  459,  404,  276,  144,   65,  544,  432,  571],
        [  315,    0,  849,  695,  741,  843,  176,  836,  619,  495,  661,  708,  571,  586,  666,  161,  465,  915,  568,  981,  899,  903,  720, 1064,  565,  823,  612,  657,  437,  386,  202,  360,  560,  739,  757,    0,  581,  490,  314,  862,  586,  941,  799,  955,  500,  397,  319,  279,  478,  361,  445,  985,  389,  613,  597,  344,  495,  336,  490,  983,  520,  451,  472,  324,  582,  865,  104,  669,  753,  841,  410,  998, 1036,  733,  790,  969,  932,  620,  687,  736,  508,  473,  713,  238,  656,  383,  249,  851,  649,  610,  751,  306,  740,  221,  708,  492,  909,  877,  327,  215,  708,  176,  583,  800,  744,  542,  841,  514,  570,  260,  441,  864,  416,  370,  505,  876,  398,  960,  301,  927,  782,  403,  785,  594,  344,  358,  345,  343,  291,  879,  201,  785,  468, 1086,  306,  929,  146,  378,  581,  626,  560,  675,  962,  413,  573,  474,  841,  637,  707,  270,  451,  315],
        [  439,    0,  549,  198,  163,  335,  608,  297,   59,  127,  593,  468,  273,  171,  564,  561,  159,  502,  705,  596,  625,  785,  332,  545,  632,  246,  514,  341,  370,  877,  532,  223,   75,  629,  489,  581,    0,  372,  594,  295,  729,  761,  818,  767,  333,  191,  738,  732,  248,  220,  141,  987,  197,  254,  687,  845,  277,  389,  392,  655,  303,  478,  414,  738,   17,  626,  480,  781,  498,  304,  178,  666,  567,  844,  283,  611,  668,  132,  418,  745,  356,  377,  397,  669,  852,  595,  582,  325,  709,  682,  618,  595,  453,  371,  262,  556,  878,  490,  273,  379,  157,  623,  750,  309,  658,  687,  310,  647,   68,  334,  241,  471,  580,  785,  679,  497,  260,  814,  432,  582,  398,  178,  379,  321,  710,  686,  674,  324,  426,  909,  402,  631,  598,  565,  276,  693,  440,  232,  219,  712,  156,  243,  536,  535,   32,  597,  367,  358,  426,  318,  605,  267],
        [  186,    0,  359,  325,  498,  433,  403,  459,  359,  412,  241,  219,  589,  232,  223,  371,  229,  440,  338,  496,  413,  472,  264,  632,  261,  515,  164,  186,   53,  622,  323,  334,  421,  300,  267,  490,  372,    0,  307,  522,  360,  482,  457,  494,  598,  271,  470,  486,  126,  307,  289,  637,  275,  191,  316,  603,   96,  154,  639,  494,   78,  121,   49,  467,  359,  383,  401,  410,  264,  459,  355,  508,  574,  472,  393,  481,  448,  293,  199,  383,   26,   19,  231,  432,  485,  272,  333,  456,  338,  311,  300,  313,  251,  306,  292,  190,  534,  397,  390,  306,  386,  418,  384,  386,  320,  322,  453,  284,  423,  281,  147,  387,  241,  502,  321,  395,  461,  518,  195,  439,  312,  307,  323,  128,  421,  386,  378,  167,  203,  550,  433,  327,  242,  655,  333,  451,  368,  402,  189,  341,  489,  265,  489,  196,  342,  239,  405,  157,  218,  291,  255,  336],
        [  156,    0,  628,  616,  749,  738,  149,  756,  606,  571,  383,  490,  717,  508,  399,  154,  438,  738,  255,  781,  660,  612,  571,  938,  262,  793,  357,  492,  267,  316,  123,  436,  613,  462,  538,  314,  594,  307,    0,  811,  272,  664,  488,  678,  682,  419,  163,  182,  378,  418,  464,  673,  416,  491,  286,  297,  371,  207,  698,  756,  375,  206,  265,  161,  587,  616,  286,  355,  530,  758,  485,  771,  877,  420,  694,  758,  685,  564,  489,  429,  332,  289,  530,  139,  351,   73,   66,  758,  340,  301,  480,   10,  535,  290,  595,  207,  600,  692,  453,  283,  663,  159,  270,  690,  458,  228,  753,  203,  620,  305,  364,  685,  114,  199,  192,  688,  544,  672,  163,  715,  615,  448,  628,  435,  119,   92,   80,  271,  170,  565,  400,  516,  164,  962,  396,  671,  285,  495,  478,  314,  654,  565,  787,  134,  572,  171,  712,  461,  507,  328,  144,  405],
        [  660,    0,  486,  197,  177,  152,  861,   86,  246,  414,  666,  485,  506,  303,  628,  817,  402,  357,  845,  447,  557,  780,  310,  280,  759,   64,  601,  379,  548, 1117,  779,  513,  348,  667,  476,  862,  295,  522,  811,    0,  865,  723,  880,  724,  592,  466,  969,  973,  433,  505,  419, 1013,  474,  333,  810, 1090,  441,  610,  654,  539,  445,  642,  570,  968,  289,  584,  760,  894,  490,   93,  471,  545,  347,  945,  151,  482,  595,  252,  440,  817,  498,  536,  395,  912,  989,  790,  816,  117,  813,  799,  646,  814,  443,  645,  242,  705,  904,  375,  566,  651,  156,  876,  892,  178,  702,  833,  105,  799,  336,  605,  453,  358,  762, 1009,  839,  386,  549,  787,  659,  472,  332,  464,  303,  408,  929,  898,  888,  559,  658,  962,  694,  643,  762,  294,  563,  634,  718,  526,  336,  828,  406,  262,  366,  716,  294,  758,  216,  412,  435,  593,  776,  555],
