{
    "name": "random-8-9825",
    "comment": "size=8 seed=9825",
    "nodes": ["+0", "-0", "+1", "-1", "+2", "-2", "+3", "-3", "+4", "-4", "+5", "-5", "+6", "-6", "+7", "-7", "+8", "-8"],
    "precedence": {
        "+0": "-0",
        "+1": "-1",
        "+2": "-2",
        "+3": "-3",
        "+4": "-4",
        "+5": "-5",
        "+6": "-6",
        "+7": "-7",
        "+8": "-8"
    },
    "edges": [
        [    0,    0,  217,  112,  379,   30,  185,  517,  511,   41,  413,  442,  411,  588,  338,  250,  437,  662],
        [    0,    0,  217,  112,  379,   30,  185,  517,  511,   41,  413,  442,  411,  588,  338,  250,  437,  662],
        [  217,  217,    0,  199,  489,  242,  391,  380,  442,  256,  629,  620,  616,  800,  515,   54,  424,  815],
        [  112,  112,  199,    0,  490,  137,  212,  559,  582,  141,  469,  545,  499,  663,  316,  208,  525,  770],
        [  379,  379,  489,  490,    0,  357,  446,  506,  381,  359,  469,  227,  332,  504,  612,  542,  252,  339],
        [   30,   30,  242,  137,  357,    0,  172,  526,  510,   16,  389,  413,  383,  561,  333,  277,  429,  634],
        [  185,  185,  391,  212,  446,  172,    0,  697,  673,  157,  260,  410,  323,  464,  173,  413,  580,  647],
        [  517,  517,  380,  559,  506,  526,  697,    0,  168,  541,  872,  723,  789,  980,  854,  409,  271,  826],
        [  511,  511,  442,  582,  381,  510,  673,  168,    0,  523,  803,  607,  695,  879,  842,  485,  130,  679],
        [   41,   41,  256,  141,  359,   16,  157,  541,  523,    0,  373,  406,  371,  548,  320,  290,  440,  629],
        [  413,  413,  629,  469,  469,  389,  260,  872,  803,  373,    0,  306,  166,  216,  294,  659,  686,  515],
        [  442,  442,  620,  545,  227,  413,  410,  723,  607,  406,  306,    0,  141,  281,  539,  667,  478,  238],
        [  411,  411,  616,  499,  332,  383,  323,  789,  695,  371,  166,  141,    0,  193,  423,  656,  570,  355],
        [  588,  588,  800,  663,  504,  561,  464,  980,  879,  548,  216,  281,  193,    0,  507,  837,  752,  399],
        [  338,  338,  515,  316,  612,  333,  173,  854,  842,  320,  294,  539,  423,  507,    0,  523,  752,  773],
        [  250,  250,   54,  208,  542,  277,  413,  409,  485,  290,  659,  667,  656,  837,  523,    0,  474,  866],
        [  437,  437,  424,  525,  252,  429,  580,  271,  130,  440,  686,  478,  570,  752,  752,  474,    0,  557],
        [  662,  662,  815,  770,  339,  634,  647,  826,  679,  629,  515,  238,  355,  399,  773,  866,  557,    0]
    ]
}
