{
    "name": "random-84-15853",
    "comment": "size=84 seed=15853",
    "nodes": ["+0", "-0", "+1", "-1", "+2", "-2", "+3", "-3", "+4", "-4", "+5", "-5", "+6", "-6", "+7", "-7", "+8", "-8", "+9", "-9", "+10", "-10", "+11", "-11", "+12", "-12", "+13", "-13", "+14", "-14", "+15", "-15", "+16", "-16", "+17", "-17", "+18", "-18", "+19", "-19", "+20", "-20", "+21", "-21", "+22", "-22", "+23", "-23", "+24", "-24", "+25", "-25", "+26", "-26", "+27", "-27", "+28", "-28", "+29", "-29", "+30", "-30", "+31", "-31", "+32", "-32", "+33", "-33", "+34", "-34", "+35", "-35", "+36", "-36", "+37", "-37", "+38", "-38", "+39", "-39", "+40", "-40", "+41", "-41", "+42", "-42", "+43", "-43", "+44", "-44", "+45", "-45", "+46", "-46", "+47", "-47", "+48", "-48", "+49", "-49", "+50", "-50", "+51", "-51", "+52", "-52", "+53", "-53", "+54", "-54", "+55", "-55", "+56", "-56", "+57", "-57", "+58", "-58", "+59", "-59", "+60", "-60", "+61", "-61", "+62", "-62", "+63", "-63", "+64", "-64", "+65", "-65", "+66", "-66", "+67", "-67", "+68", "-68", "+69", "-69", "+70", "-70", "+71", "-71", "+72", "-72", "+73", "-73", "+74", "-74", "+75", "-75", "+76", "-76", "+77", "-77", "+78", "-78", "+79", "-79", "+80", "-80", "+81", "-81", "+82", "-82", "+83", "-83", "+84", "-84"],
    "precedence": {
        "+0": "-0",
        "+1": "-1",
        "+2": "-2",
        "+3": "-3",
        "+4": "-4",
        "+5": "-5",
        "+6": "-6",
        "+7": "-7",
        "+8": "-8",
        "+9": "-9",
        "+10": "-10",
        "+11": "-11",
        "+12": "-12",
        "+13": "-13",
        "+14": "-14",
        "+15": "-15",
        "+16": "-16",
        "+17": "-17",
        "+18": "-18",
        "+19": "-19",
        "+20": "-20",
        "+21": "-21",
        "+22": "-22",
        "+23": "-23",
        "+24": "-24",
        "+25": "-25",
        "+26": "-26",
        "+27": "-27",
        "+28": "-28",
        "+29": "-29",
        "+30": "-30",
        "+31": "-31",
        "+32": "-32",
        "+33": "-33",
        "+34": "-34",
        "+35": "-35",
        "+36": "-36",
        "+37": "-37",
        "+38": "-38",
        "+39": "-39",
        "+40": "-40",
        "+41": "-41",
        "+42": "-42",
        "+43": "-43",
        "+44": "-44",
        "+45": "-45",
        "+46": "-46",
        "+47": "-47",
        "+48": "-48",
        "+49": "-49",
        "+50": "-50",
        "+51": "-51",
        "+52": "-52",
        "+53": "-53",
        "+54": "-54",
        "+55": "-55",
        "+56": "-56",
        "+57": "-57",
        "+58": "-58",
        "+59": "-59",
        "+60": "-60",
        "+61": "-61",
        "+62": "-62",
        "+63": "-63",
        "+64": "-64",
        "+65": "-65",
        "+66": "-66",
        "+67": "-67",
        "+68": "-68",
        "+69": "-69",
        "+70": "-70",
        "+71": "-71",
        "+72": "-72",
        "+73": "-73",
        "+74": "-74",
        "+75": "-75",
        "+76": "-76",
        "+77": "-77",
        "+78": "-78",
        "+79": "-79",
        "+80": "-80",
        "+81": "-81",
        "+82": "-82",
        "+83": "-83",
        "+84": "-84"
    },
    "edges": [
        [    0,    0,  124,  628,  230,  173,  397,  569,  517,  560,  277,  456,  455,  404,  363,  700,  250,  351,  521,  199,  224,  320,  287,  302,  217,  434,  205,  269,  265,  573,  133,  227,  572,  396,  595,  615,  420,  276,  274,  688,  239,  637,  347,  362,  304,  449,  489,  568,  191,  211,  487,  274,  423,  313,  120,  301,  410,  443,  610,  362,  545,  582,  265,  447,  263,  327,  251,  481,  258,  370,  141,  202,  371,  137,  350,  649,  677,  425,  252,  132,  491,  532,  580,  155,  114,  356,  326,  100,  339,  544,  292,  547,  479,  599,  396,  519,  439,  665,  698,  111,  285,  554,  502,  489,  149,  666,  578,  503,  531,  471,  706,  230,  174,  652,  483,  370,  428,  297,  367,  330,  507,   39,  474,  286,  281,  480,  309,  435,  323,  237,   61,  291,  348,  459,  390,  269,  317,  170,  749,  548,  356,  469,  183,  275,  356,  202,  538,   95,  308,  476,  128,  489,  446,  530,  698,  270,  504,  408,  440,  278,  221,  484,  372,  570,  303,  406,  571,  444,  200,  222],
        [    0,    0,    0,    0,    0,    0,    0,    0,    0,    0,    0,    0,    0,    0,    0,    0,    0,    0,    0,    0,    0,    0,    0,    0,    0,    0,    0,    0,    0,    0,    0,    0,    0,    0,    0,    0,    0,    0,    0,    0,    0,    0,    0,    0,    0,    0,    0,    0,    0,    0,    0,    0,    0,    0,    0,    0,    0,    0,    0,    0,    0,    0,    0,    0,    0,    0,    0,    0,    0,    0,    0,    0,    0,    0,    0,    0,    0,    0,    0,    0,    0,    0,    0,    0,    0,    0,    0,    0,    0,    0,    0,    0,    0,    0,    0,    0,    0,    0,    0,    0,    0,    0,    0,    0,    0,    0,    0,    0,    0,    0,    0,    0,    0,    0,    0,    0,    0,    0,    0,    0,    0,    0,    0,    0,    0,    0,    0,    0,    0,    0,    0,    0,    0,    0,    0,    0,    0,    0,    0,    0,    0,    0,    0,    0,    0,    0,    0,    0,    0,    0,    0,    0,    0,    0,    0,    0,    0,    0,    0,    0,    0,    0,    0,    0,    0,    0,    0,    0,    0,    0],
        [  124,    0,    0,  735,  112,  182,  371,  533,  637,  667,  239,  535,  482,  397,  363,  786,  175,  438,  644,  294,  319,  230,  179,  347,  322,  545,  328,  350,  285,  524,  177,  339,  690,  477,  624,  585,  504,  156,  157,  761,  344,  754,  319,  483,  378,  376,  488,  677,  264,  205,  484,  213,  395,  408,  241,  292,  488,  351,  669,  264,  624,  704,  387,  498,  211,  318,  326,  599,  379,  310,  176,  264,  365,   92,  473,  746,  737,  436,  375,  248,  520,  488,  699,  269,  179,  301,  203,  217,  363,  551,  169,  516,  595,  583,  485,  609,  445,  765,  800,  180,  229,  622,  429,  606,  182,  757,  634,  601,  488,  561,  653,  332,  295,  762,  440,  307,  345,  350,  422,  453,  546,  152,  583,  406,  343,  588,  374,  543,  442,  247,  164,  408,  273,  541,  510,  213,  414,  237,  832,  666,  441,  382,   78,  215,  238,  296,  642,  191,  386,  530,  227,  563,  410,  629,  792,  320,  570,  510,  402,  375,  332,  470,  495,  503,  377,  428,  693,  566,  322,  342],
        [  628,    0,  735,    0,  846,  604,  976, 1141,  482,   68,  884,  763,  929,  954,  913,  869,  741,  320,  308,  631,  418,  807,  911,  476,  595,  199,  481,  402,  550, 1164,  573,  401,  511,  728, 1027, 1177,  274,  855,  890,  934,  595,  145,  935,  442,  720,  834, 1013,   63,  686,  805, 1018,  722, 1001,  332,  554,  875,  748,  888,  941,  852,  812,  262,  394,  861,  702,  616,  431,  195,  392,  759,  581,  710,  611,  763,  368,  768,  983,  940,  421,  573,  951, 1119,  496,  474,  561,  968,  915,  581,  521, 1041,  886, 1115,  183, 1137,  274,  742,  962,  755,  757,  678,  902,  869,  868,  517,  579,  820,  929,  153, 1116,  716, 1295,  609,  469,  660, 1072,  767,  855,  456,  416,  422,  933,  622,  596,  489,  742,  149,  744,  194,  328,  806,  631,  516,  971,  753,  288,  887,  326,  511,  923,  175,  700, 1094,  754,  894,  971,  633,   97,  637,  378,  869,  508,  802, 1030,  696,  814,  763,  845,  625, 1029,  632,  570, 1034,  360, 1182,  716,  906,  258,  397,  494,  512],
        [  230,    0,  112,  846,    0,  275,  335,  480,  729,  779,  211,  586,  488,  378,  352,  838,  210,  546,  749,  371,  430,  231,   76,  443,  405,  657,  431,  458,  374,  458,  283,  451,  781,  531,  626,  533,  612,   98,   45,  800,  425,  865,  287,  582,  430,  382,  469,  789,  327,  218,  462,  254,  356,  519,  341,  283,  539,  334,  696,  247,  672,  811,  495,  524,  261,  386,  433,  710,  488,  337,  279,  319,  432,  131,  578,  810,  764,  431,  482,  344,  525,  430,  791,  380,  288,  244,  114,  316,  449,  536,   81,  468,  706,  545,  594,  668,  434,  832,  869,  254,  183,  659,  431,  695,  284,  814,  660,  712,  431,  622,  581,  411,  404,  840,  385,  330,  340,  449,  520,  554,  560,  253,  662,  502,  389,  700,  421,  655,  552,  264,  259,  500,  198,  594,  620,  171,  524,  345,  880,  777,  500,  289,  119,  168,  127,  372,  753,  278,  493,  558,  339,  609,  363,  696,  853,  359,  607,  584,  352,  448,  419,  439,  601,  421,  431,  432,  801,  667,  424,  439],
        [  173,    0,  182,  604,  275,    0,  544,  711,  628,  539,  414,  623,  625,  562,  524,  860,  141,  288,  585,  364,  198,  214,  350,  168,  373,  435,  313,  202,  104,  704,   56,  250,  684,  563,  766,  761,  348,  256,  314,  856,  394,  652,  492,  468,  475,  303,  651,  553,  363,  365,  648,  137,  569,  275,  257,  456,  578,  322,  782,  261,  711,  632,  331,  620,  119,  154,  174,  505,  318,  218,   43,  375,  199,  261,  426,  801,  849,  590,  334,  281,  662,  668,  688,  207,   85,  481,  317,  251,  182,  709,  292,  693,  495,  753,  336,  679,  603,  814,  844,  283,  408,  725,  354,  610,   38,  824,  751,  459,  667,  631,  834,  389,  254,  786,  619,  222,  297,  175,  246,  428,  679,  208,  614,  407,  454,  467,  481,  424,  365,  399,  232,  422,  454,  625,  435,  392,  281,  101,  912,  573,  522,  560,  162,  395,  387,  367,  508,  266,  230,  649,  148,  658,  587,  682,  852,  443,  675,  558,  579,  439,  370,  639,  448,  684,  473,  575,  621,  536,  315,  349],
        [  397,    0,  371,  976,  335,  544,    0,  172,  680,  911,  133,  402,  204,   67,   82,  623,  533,  740,  775,  351,  611,  565,  287,  696,  391,  778,  496,  663,  647,  188,  521,  592,  717,  373,  317,  219,  808,  431,  333,  553,  398,  945,   53,  583,  303,  717,  140,  914,  292,  187,  131,  576,   26,  695,  427,  102,  367,  667,  432,  581,  465,  849,  582,  284,  578,  687,  646,  798,  585,  667,  525,  268,  735,  283,  627,  634,  493,  134,  557,  406,  233,  143,  733,  524,  508,  105,  420,  403,  724,  209,  400,  151,  803,  213,  781,  495,  123,  664,  704,  308,  153,  422,  766,  632,  533,  616,  396,  875,  140,  463,  319,  381,  514,  713,   97,  661,  675,  693,  764,  580,  281,  382,  564,  510,  262,  830,  278,  789,  649,  172,  365,  489,  168,  416,  698,  166,  699,  566,  650,  854,  366,  227,  432,  168,  351,  350,  897,  348,  702,  313,  520,  403,   54,  546,  663,  229,  378,  479,   56,  380,  416,  104,  643,  226,  306,  160,  841,  667,  483,  470],
        [  569,    0,  533, 1141,  480,  711,  172,    0,  811, 1077,  297,  499,  271,  189,  229,  678,  687,  912,  924,  512,  783,  709,  418,  866,  550,  944,  661,  835,  814,   66,  691,  763,  841,  488,  311,   54,  980,  568,  467,  589,  553, 1102,  223,  733,  442,  858,  161, 1079,  456,  359,  150,  731,  146,  866,  596,  273,  477,  799,  464,  717,  539,  999,  748,  366,  734,  850,  818,  959,  751,  816,  695,  432,  897,  450,  785,  712,  511,  222,  721,  574,  278,   56,  859,  696,  679,  238,  545,  573,  892,  193,  532,   28,  965,   99,  952,  587,  199,  745,  784,  480,  306,  481,  904,  762,  702,  683,  435, 1045,   53,  566,  159,  537,  683,  812,   96,  810,  812,  863,  935,  735,  328,  554,  684,  665,  409,  997,  416,  956,  814,  342,  536,  642,  285,  514,  859,  322,  870,  737,  691, 1012,  493,  266,  587,  321,  460,  510, 1065,  519,  874,  386,  692,  487,  124,  646,  731,  382,  450,  605,  132,  527,  574,  116,  800,  159,  446,  259,  991,  813,  648,  631],
        [  517,    0,  637,  482,  729,  628,  680,  811,    0,  446,  646,  334,  551,  632,  600,  387,  751,  506,  175,  368,  468,  826,  763,  623,  329,  365,  320,  513,  655,  854,  573,  398,   57,  327,  607,  831,  533,  792,  769,  458,  311,  370,  658,  161,  377,  930,  656,  433,  425,  571,  665,  762,  698,  460,  398,  597,  341,  944,  488,  871,  354,  237,  306,  461,  745,  742,  530,  304,  321,  845,  586,  443,  767,  602,  218,  287,  518,  590,  297,  389,  559,  809,   63,  422,  545,  721,  836,  420,  686,  659,  802,  784,  324,  773,  502,  281,  613,  275,  283,  479,  680,  419,  980,   51,  591,  338,  484,  491,  805,  271,  969,  327,  374,  192,  772,  849,  923,  602,  623,  201,  525,  485,  138,  231,  420,  402,  403,  394,  304,  545,  474,  230,  754,  320,  265,  671,  457,  541,  442,  308,  319,  871,  700,  681,  845,  367,  463,  452,  529,  456,  481,  365,  730,  225,  333,  455,  411,  208,  735,  307,  312,  696,  201,  905,  374,  553,  236,  110,  321,  296],
        [  560,    0,  667,   68,  779,  539,  911, 1077,  446,    0,  817,  711,  869,  890,  849,  831,  676,  258,  276,  567,  351,  743,  843,  416,  532,  133,  416,  337,  488, 1098,  507,  334,  481,  673,  971, 1113,  218,  789,  823,  891,  534,  158,  869,  389,  660,  777,  951,   22,  622,  738,  955,  659,  936,  265,  488,  810,  693,  828,  891,  789,  764,  246,  330,  803,  639,  558,  366,  146,  327,  699,  514,  646,  555,  695,  311,  732,  936,  877,  357,  507,  892, 1053,  469,  406,  494,  901,  848,  514,  464,  981,  819, 1051,  129, 1074,  213,  696,  899,  721,  727,  611,  834,  819,  812,  477,  513,  782,  877,  100, 1051,  667, 1230,  547,  402,  631, 1006,  708,  795,  395,  360,  365,  876,  554,  552,  430,  680,   82,  684,  126,  264,  741,  564,  458,  904,  701,  229,  819,  259,  444,  886,  149,  643, 1026,  687,  827,  903,  569,   38,  570,  315,  813,  440,  750,  965,  652,  779,  700,  792,  574,  963,  572,  508,  971,  305, 1115,  656,  844,  240,  353,  430,  449],
        [  277,    0,  239,  884,  211,  414,  133,  297,  646,  817,    0,  422,  283,  168,  143,  667,  402,  627,  714,  285,  498,  438,  178,  570,  327,  685,  410,  546,  517,  296,  395,  488,  690,  378,  418,  347,  695,  308,  218,  614,  340,  868,   81,  525,  285,  590,  259,  822,  224,   81,  253,  445,  157,  585,  330,   79,  380,  545,  502,  457,  501,  785,  494,  334,  446,  556,  527,  716,  494,  536,  398,  204,  603,  153,  553,  657,  569,  222,  471,  315,  319,  257,  704,  417,  384,   85,  308,  304,  595,  326,  283,  279,  718,  345,  670,  513,  224,  684,  723,  207,   40,  475,  640,  602,  405,  651,  466,  772,  256,  473,  429,  323,  416,  714,  207,  531,  549,  568,  640,  513,  358,  269,  548,  446,  239,  736,  266,  692,  560,  102,  256,  432,  110,  434,  617,   43,  590,  443,  703,  776,  357,  227,  300,   50,  257,  285,  800,  248,  584,  367,  404,  436,  174,  554,  694,  202,  424,  463,  166,  339,  350,  234,  572,  299,  287,  228,  776,  613,  399,  395],
        [  456,    0,  535,  763,  586,  623,  402,  499,  334,  711,  422,    0,  229,  341,  322,  253,  699,  655,  484,  259,  554,  763,  586,  702,  256,  592,  363,  614,  695,  551,  572,  496,  353,   60,  274,  510,  708,  674,  612,  234,  238,  681,  399,  323,  158,  901,  339,  705,  272,  374,  349,  727,  413,  600,  373,  351,   47,  885,  185,  799,   91,  556,  426,  134,  717,  771,  615,  569,  438,  825,  584,  271,  811,  460,  403,  236,  241,  283,  398,  346,  230,  508,  371,  466,  545,  475,  698,  374,  756,  330,  666,  472,  583,  447,  675,   94,  305,  265,  304,  358,  462,  114,  955,  284,  591,  230,  167,  719,  504,   68,  653,  238,  423,  315,  480,  824,  876,  687,  738,  350,  192,  418,  198,  297,  197,  643,  165,  615,  474,  330,  395,  268,  526,   16,  484,  460,  601,  576,  298,  601,  101,  622,  612,  470,  671,  256,  714,  361,  647,  123,  506,   42,  443,  147,  273,  229,   82,  140,  451,  188,  267,  386,  407,  618,  158,  248,  552,  375,  353,  315],
        [  455,    0,  482,  929,  488,  625,  204,  271,  551,  869,  283,  229,    0,  138,  142,  424,  656,  751,  680,  315,  629,  704,  460,  750,  342,  739,  466,  688,  719,  325,  587,  589,  576,  225,  143,  282,  814,  585,  499,  350,  337,  869,  224,  496,  210,  855,  110,  867,  279,  279,  121,  694,  205,  699,  429,  206,  211,  819,  229,  730,  273,  755,  548,   96,  691,  778,  679,  737,  556,  792,  596,  261,  824,  391,  561,  446,  292,   70,  519,  400,   38,  284,  594,  535,  566,  301,  590,  414,  792,  114,  564,  244,  747,  222,  783,  317,   85,  478,  518,  345,  319,  222,  907,  501,  604,  422,  193,  855,  279,  297,  425,  325,  507,  542,  263,  788,  819,  741,  805,  508,   79,  425,  419,  440,  196,  793,  186,  757,  610,  235,  402,  413,  361,  245,  642,  325,  701,  615,  448,  782,  239,  430,  556,  332,  536,  313,  863,  373,  726,  118,  553,  218,  231,  376,  470,  191,  184,  344,  242,  297,  365,  160,  572,  399,  213,   57,  749,  568,  452,  425],
        [  404,    0,  397,  954,  378,  562,   67,  189,  632,  890,  168,  341,  138,    0,   43,  558,  566,  735,  737,  324,  608,  605,  339,  705,  362,  758,  475,  662,  662,  223,  533,  581,  666,  317,  257,  224,  802,  476,  382,  487,  365,  914,   95,  546,  258,  757,   92,  892,  270,  198,   87,  608,   73,  688,  415,  107,  309,  712,  366,  625,  400,  812,  561,  219,  607,  710,  648,  771,  565,  702,  539,  246,  757,  306,  597,  571,  428,   68,  534,  390,  168,  178,  683,  517,  517,  166,  472,  393,  739,  158,  449,  162,  777,  196,  773,  433,   60,  602,  642,  304,  198,  356,  807,  583,  547,  552,  330,  861,  174,  404,  346,  349,  501,  654,  142,  697,  717,  700,  769,  547,  215,  383,  511,  477,  221,  811,  231,  770,  627,  168,  363,  454,  228,  355,  671,  208,  691,  572,  584,  824,  315,  293,  464,  213,  408,  322,  879,  341,  701,  248,  520,  340,  102,  487,  599,  194,  313,  428,  111,  340,  386,   83,  612,  279,  261,   95,  805,  628,  461,  444],
        [  363,    0,  363,  913,  352,  524,   82,  229,  600,  849,  143,  322,  142,   43,    0,  550,  534,  693,  700,  283,  566,  576,  320,  665,  322,  717,  433,  620,  623,  259,  493,  539,  636,  292,  275,  266,  760,  450,  360,  486,  326,  875,   84,  509,  224,  728,  128,  851,  228,  160,  125,  575,   99,  646,  373,   72,  286,  686,  368,  598,  388,  775,  520,  209,  573,  673,  607,  731,  524,  670,  499,  204,  720,  271,  557,  555,  432,   79,  493,  348,  177,  213,  652,  475,  477,  162,  451,  351,  699,  189,  426,  203,  737,  237,  731,  415,   83,  585,  625,  262,  178,  350,  778,  552,  507,  540,  331,  819,  210,  382,  385,  310,  459,  632,  173,  665,  689,  659,  728,  508,  220,  342,  483,  438,  185,  769,  198,  729,  586,  127,  321,  416,  221,  336,  631,  185,  649,  531,  580,  784,  285,  302,  432,  192,  394,  282,  838,  299,  659,  241,  479,  325,  130,  465,  586,  155,  303,  398,  135,  304,  346,  125,  572,  306,  227,   89,  767,  591,  420,  403],
        [  700,    0,  786,  869,  838,  860,  623,  678,  387,  831,  667,  253,  424,  558,  550,    0,  947,  842,  562,  501,  762, 1012,  836,  918,  488,  735,  572,  819,  923,  739,  808,  696,  366,  310,  378,  671,  884,  927,  863,  107,  467,  754,  632,  472,  410, 1148,  524,  819,  522,  625,  536,  973,  628,  789,  605,  592,  300, 1135,  218, 1049,  167,  619,  611,  341,  961, 1004,  826,  686,  626, 1069,  820,  523, 1041,  713,  556,  104,  196,  492,  588,  580,  404,  702,  384,  683,  779,  710,  950,  611,  976,  486,  919,  654,  704,  600,  851,  182,  508,  127,  148,  607,  707,  202, 1201,  355,  827,   50,  244,  865,  697,  230,  815,  472,  636,  234,  686, 1069, 1125,  900,  942,  512,  353,  661,  288,  485,  449,  779,  418,  763,  641,  580,  640,  460,  765,  245,  627,  707,  788,  802,   57,  695,  346,  850,  863,  716,  920,  499,  844,  607,  846,  311,  732,  232,  655,  191,   74,  480,  247,  310,  665,  423,  492,  579,  549,  819,  410,  464,  620,  480,  564,  526],
        [  250,    0,  175,  741,  210,  141,  533,  687,  751,  676,  402,  699,  656,  566,  534,  947,    0,  422,  722,  446,  338,   76,  281,  281,  466,  575,  432,  339,  203,  667,  187,  388,  807,  640,  799,  740,  478,  147,  235,  929,  488,  792,  482,  592,  543,  204,  658,  691,  428,  379,  653,   45,  556,  413,  361,  463,  653,  195,  841,  122,  789,  771,  464,  671,   55,  186,  311,  645,  452,  136,  175,  432,  229,  266,  558,  898,  909,  609,  463,  379,  694,  637,  813,  337,  212,  450,  204,  346,  266,  723,  189,  673,  635,  745,  470,  767,  617,  914,  947,  342,  383,  791,  257,  729,  174,  914,  807,  593,  638,  719,  789,  479,  380,  898,  592,  132,  179,  295,  358,  554,  721,  288,  721,  524,  513,  606,  543,  563,  503,  422,  308,  533,  407,  704,  573,  369,  419,  241,  995,  713,  602,  492,  103,  368,  290,  449,  644,  341,  364,  703,  279,  730,  567,  779,  947,  492,  739,  657,  557,  527,  469,  635,  581,  629,  542,  602,  759,  665,  432,  461],
        [  351,    0,  438,  320,  546,  288,  740,  912,  506,  258,  627,  655,  751,  735,  693,  842,  422,    0,  392,  436,  129,  487,  617,  161,  416,  184,  295,   89,  231,  921,  265,  163,  558,  602,  875,  955,   69,  543,  589,  873,  428,  391,  692,  373,  551,  523,  811,  274,  475,  555,  812,  403,  766,   55,  324,  640,  622,  571,  837,  532,  730,  412,  232,  709,  382,  304,  115,  268,  219,  444,  270,  497,  308,  486,  293,  757,  895,  740,  258,  351,  781,  879,  554,  219,  259,  707,  603,  343,  215,  855,  576,  889,  252,  930,   49,  674,  759,  758,  777,  433,  636,  768,  561,  512,  266,  796,  814,  172,  877,  633, 1054,  435,  244,  695,  830,  452,  539,  140,  124,  331,  780,  359,  556,  363,  555,  197,  570,  161,  205,  571,  376,  390,  697,  650,  247,  619,   55,  202,  898,  328,  564,  815,  444,  625,  667,  439,  224,  395,   59,  728,  224,  695,  791,  651,  809,  563,  728,  539,  787,  477,  397,  818,  307,  921,  548,  713,  401,  397,  307,  342],
        [  521,    0,  644,  308,  749,  585,  775,  924,  175,  276,  714,  484,  680,  737,  700,  562,  722,  392,    0,  430,  397,  797,  797,  535,  388,  220,  320,  426,  584,  959,  535,  336,  205,  461,  756,  950,  401,  793,  792,  632,  379,  199,  744,  192,  482,  877,  778,  261,  492,  634,  785,  722,  797,  358,  409,  681,  479,  906,  651,  844,  519,   76,  261,  598,  703,  669,  449,  143,  271,  792,  547,  514,  686,  634,  172,  461,  687,  707,  269,  413,  695,  913,  193,  387,  511,  795,  845,  436,  596,  792,  811,  896,  164,  899,  375,  447,  730,  448,  452,  519,  742,  580,  922,  214,  550,  513,  644,  335,  909,  428, 1082,  396,  351,  355,  871,  797,  879,  512,  516,  202,  668,  497,  299,  269,  517,  245,  509,  250,  221,  619,  494,  286,  817,  471,  155,  730,  353,  488,  616,  134,  442,  939,  693,  739,  873,  431,  297,  483,  430,  600,  444,  519,  828,  395,  507,  547,  564,  346,  830,  398,  365,  810,  149,  997,  479,  670,   69,  112,  328,  322],
        [  199,    0,  294,  631,  371,  364,  351,  512,  368,  567,  285,  259,  315,  324,  283,  501,  446,  436,  430,    0,  319,  514,  396,  453,   43,  435,  153,  379,  439,  538,  314,  274,  417,  200,  441,  547,  499,  446,  407,  493,   58,  594,  315,  241,  120,  647,  386,  568,   62,  207,  389,  472,  374,  384,  121,  253,  216,  637,  425,  554,  349,  503,  239,  277,  461,  513,  373,  448,  245,  568,  325,   85,  554,  240,  276,  454,  490,  313,  211,   92,  345,  492,  429,  225,  287,  366,  482,  116,  503,  423,  448,  485,  454,  509,  468,  321,  334,  472,  506,  118,  316,  363,  700,  329,  332,  468,  396,  544,  489,  273,  667,   42,  193,  470,  447,  568,  625,  441,  499,  231,  346,  161,  292,  162,  119,  488,  135,  449,  304,  189,  139,  147,  391,  262,  348,  306,  387,  322,  551,  503,  159,  512,  368,  315,  480,    4,  558,  106,  415,  300,  254,  295,  405,  336,  501,  134,  316,  217,  405,   82,   66,  404,  293,  569,  117,  282,  494,  328,  140,  120],
        [  224,    0,  319,  418,  430,  198,  611,  783,  468,  351,  498,  554,  629,  608,  566,  762,  338,  129,  397,  319,    0,  411,  497,  159,  304,  238,  193,   61,  190,  792,  158,   71,  523,  498,  758,  827,  198,  439,  474,  781,  319,  455,  563,  315,  437,  481,  685,  363,  351,  426,  686,  331,  637,   91,  201,  511,  518,  513,  733,  458,  635,  438,  163,  595,  311,  277,   65,  308,  148,  396,  167,  372,  300,  359,  252,  686,  794,  615,  179,  230,  661,  750,  524,   95,  143,  579,  499,  218,  220,  731,  469,  760,  298,  803,  173,  586,  633,  692,  716,  305,  508,  666,  526,  461,  166,  719,  707,  284,  748,  542,  925,  323,  132,  645,  701,  401,  485,  139,  185,  271,  664,  230,  487,  278,  435,  275,  453,  230,  177,  443,  247,  302,  571,  552,  243,  492,   96,   98,  817,  376,  458,  690,  337,  498,  554,  322,  324,  267,   97,  616,   96,  594,  662,  573,  739,  440,  623,  453,  658,  369,  289,  690,  272,  793,  434,  589,  427,  365,  202,  241],
        [  320,    0,  230,  807,  231,  214,  565,  709,  826,  743,  438,  763,  704,  605,  576, 1012,   76,  487,  797,  514,  411,    0,  293,  338,  536,  646,  507,  408,  260,  683,  262,  462,  882,  704,  846,  762,  540,  143,  244,  990,  558,  863,  516,  667,  606,  153,  696,  759,  491,  426,  690,   85,  586,  483,  434,  505,  716,  124,  898,   48,  853,  845,  539,  727,  105,  221,  379,  718,  527,  115,  250,  493,  256,  316,  634,  967,  966,  653,  538,  451,  742,  657,  888,  413,  287,  473,  185,  418,  313,  763,  183,  697,  708,  775,  534,  834,  658,  984, 1018,  406,  413,  851,  203,  803,  248,  981,  863,  657,  658,  786,  799,  549,  456,  971,  614,  106,  116,  355,  412,  629,  772,  357,  793,  598,  573,  675,  604,  633,  578,  471,  377,  607,  424,  769,  647,  400,  489,  314, 1060,  786,  667,  492,  152,  398,  279,  517,  711,  408,  429,  759,  354,  792,  593,  849, 1015,  550,  799,  727,  582,  595,  540,  668,  656,  635,  605,  649,  834,  741,  506,  535],
        [  287,    0,  179,  911,   76,  350,  287,  418,  763,  843,  178,  586,  460,  339,  320,  836,  281,  617,  797,  396,  497,  293,    0,  518,  435,  719,  478,  529,  449,  391,  355,  512,  812,  536,  593,  472,  683,  151,   50,  789,  453,  923,  245,  622,  437,  441,  426,  853,  345,  213,  417,  326,  305,  587,  388,  256,  541,  384,  679,  300,  669,  862,  549,  509,  334,  461,  504,  767,  543,  403,  352,  333,  507,  163,  627,  817,  746,  398,  533,  386,  496,  365,  824,  441,  358,  187,  134,  361,  525,  494,  115,  408,  765,  489,  664,  673,  397,  841,  879,  285,  142,  648,  487,  725,  357,  816,  642,  780,  367,  629,  509,  438,  459,  859,  323,  396,  395,  523,  595,  598,  536,  303,  684,  541,  393,  764,  423,  719,  609,  256,  303,  535,  133,  596,  674,  136,  592,  416,  874,  834,  509,  213,  194,  129,   86,  398,  819,  316,  564,  543,  404,  605,  307,  707,  857,  358,  597,  602,  295,  468,  452,  389,  649,  348,  438,  405,  852,  708,  469,  479],
        [  302,    0,  347,  476,  443,  168,  696,  866,  623,  416,  570,  702,  750,  705,  665,  918,  281,  161,  535,  453,  159,  338,  518,    0,  447,  341,  347,  111,   79,  864,  176,  229,  678,  644,  885,  914,  204,  417,  482,  932,  465,  552,  644,  472,  572,  362,  790,  434,  473,  511,  789,  254,  721,  179,  333,  601,  662,  413,  876,  381,  786,  564,  321,  728,  234,  143,   95,  423,  305,  284,  173,  490,  151,  418,  406,  844,  939,  725,  337,  362,  784,  826,  677,  237,  189,  642,  477,  340,   63,  843,  455,  846,  408,  900,  204,  740,  740,  850,  875,  407,  569,  812,  400,  618,  166,  876,  848,  324,  825,  695,  995,  466,  283,  802,  777,  292,  380,   23,   79,  428,  793,  326,  645,  436,  563,  357,  584,  321,  324,  538,  349,  459,  619,  701,  382,  552,  184,  136,  973,  486,  603,  727,  328,  556,  553,  456,  381,  378,  109,  752,  200,  741,  742,  730,  896,  560,  766,  609,  735,  514,  435,  786,  424,  848,  569,  704,  553,  518,  355,  393],
        [  217,    0,  322,  595,  405,  373,  391,  550,  329,  532,  327,  256,  342,  362,  322,  488,  466,  416,  388,   43,  304,  536,  435,  447,    0,  401,  124,  364,  440,  578,  320,  253,  378,  198,  461,  583,  476,  476,  443,  489,   23,  554,  357,  198,  136,  664,  420,  532,  104,  249,  423,  488,  414,  362,  118,  295,  216,  659,  431,  577,  343,  461,  207,  294,  476,  518,  363,  410,  214,  583,  332,  126,  557,  276,  236,  433,  493,  346,  178,   92,  370,  532,  390,  212,  292,  408,  515,  123,  500,  452,  481,  523,  417,  543,  444,  307,  368,  449,  482,  152,  358,  365,  716,  291,  339,  452,  404,  513,  529,  259,  706,   20,  174,  440,  488,  584,  645,  433,  488,  190,  365,  179,  261,  120,  149,  454,  157,  416,  270,  231,  161,  105,  433,  256,  310,  347,  364,  320,  540,  464,  157,  554,  394,  357,  518,   43,  524,  132,  399,  314,  250,  295,  445,  314,  482,  169,  320,  191,  446,   69,   25,  440,  253,  610,  133,  313,  452,  286,  111,   84],
        [  434,    0,  545,  199,  657,  435,  778,  944,  365,  133,  685,  592,  739,  758,  717,  735,  575,  184,  220,  435,  238,  646,  719,  341,  401,    0,  284,  242,  403,  965,  395,  208,  409,  551,  845,  981,  182,  676,  702,  786,  403,  218,  736,  273,  530,  699,  820,  137,  489,  606,  823,  564,  803,  166,  356,  677,  571,  741,  775,  693,  652,  230,  197,  677,  544,  482,  270,   85,  194,  617,  405,  513,  490,  567,  190,  641,  824,  746,  224,  374,  764,  921,  401,  279,  379,  769,  734,  382,  398,  851,  703,  919,   68,  943,  157,  587,  768,  635,  647,  479,  704,  703,  740,  384,  404,  687,  758,  131,  918,  554, 1097,  416,  270,  556,  874,  625,  711,  318,  306,  243,  750,  425,  449,  303,  549,   54,  554,   31,  131,  608,  433,  332,  774,  584,  111,  689,  160,  336,  791,  146,  518,  897,  573,  697,  783,  437,  125,  438,  233,  689,  320,  633,  832,  550,  691,  568,  673,  459,  830,  444,  377,  838,  190,  983,  527,  713,  219,  259,  297,  317],
        [  205,    0,  328,  481,  431,  313,  496,  661,  320,  416,  410,  363,  466,  475,  433,  572,  432,  295,  320,  153,  193,  507,  478,  347,  124,  284,    0,  252,  356,  683,  257,  133,  376,  309,  584,  698,  353,  480,  473,  589,  134,  458,  455,  161,  260,  615,  539,  419,  206,  330,  542,  444,  520,  241,   90,  395,  329,  626,  544,  552,  443,  385,   87,  416,  428,  441,  256,  306,   92,  531,  270,  230,  474,  316,  149,  501,  604,  466,   61,   97,  494,  638,  381,  114,  229,  494,  530,  117,  405,  575,  496,  635,  309,  661,  321,  395,  487,  509,  537,  206,  434,  476,  666,  298,  276,  530,  520,  391,  636,  350,  814,  142,   65,  475,  592,  533,  605,  329,  376,  126,  488,  178,  305,   96,  271,  336,  281,  297,  154,  327,  175,  114,  507,  360,  207,  420,  242,  235,  627,  367,  270,  631,  384,  429,  554,  156,  405,  167,  284,  435,  168,  404,  550,  385,  552,  286,  435,  263,  549,  183,  103,  555,  171,  706,  257,  435,  375,  240,   14,   49],
        [  269,    0,  350,  402,  458,  202,  663,  835,  513,  337,  546,  614,  688,  662,  620,  819,  339,   89,  426,  379,   61,  408,  529,  111,  364,  242,  252,    0,  162,  841,  177,  124,  568,  559,  818,  880,  155,  456,  501,  841,  380,  459,  613,  365,  497,  459,  741,  352,  409,  477,  742,  324,  689,   77,  260,  563,  578,  500,  794,  454,  695,  459,  214,  655,  304,  245,   29,  320,  198,  376,  182,  430,  261,  402,  295,  742,  854,  672,  233,  289,  720,  800,  567,  155,  172,  624,  516,  275,  174,  789,  489,  812,  307,  857,  137,  645,  690,  746,  769,  358,  552,  726,  501,  510,  179,  776,  768,  258,  798,  601,  974,  384,  192,  694,  751,  383,  469,   89,  125,  321,  724,  281,  541,  335,  494,  268,  513,  227,  213,  496,  300,  360,  612,  612,  272,  536,   83,  114,  875,  386,  519,  729,  357,  541,  579,  382,  306,  322,   40,  677,  143,  654,  713,  630,  794,  498,  683,  511,  708,  430,  349,  744,  314,  838,  494,  647,  447,  407,  262,  300],
        [  265,    0,  285,  550,  374,  104,  647,  814,  655,  488,  517,  695,  719,  662,  623,  923,  203,  231,  584,  439,  190,  260,  449,   79,  440,  403,  356,  162,    0,  808,  132,  258,  711,  636,  858,  864,  280,  341,  411,  928,  460,  618,  594,  498,  555,  297,  750,  505,  449,  465,  747,  176,  672,  238,  323,  557,  653,  341,  863,  304,  782,  620,  349,  707,  156,   88,  137,  482,  334,  215,  125,  463,  118,  365,  441,  856,  928,  688,  360,  350,  755,  771,  712,  243,  155,  585,  401,  324,   79,  807,  380,  796,  469,  855,  277,  743,  702,  865,  892,  374,  512,  802,  340,  644,  117,  883,  833,  399,  771,  696,  938,  458,  292,  826,  723,  222,  309,   95,  156,  455,  769,  295,  661,  450,  540,  426,  565,  386,  365,  498,  319,  470,  557,  696,  430,  496,  244,  122,  977,  548,  595,  661,  257,  499,  479,  442,  454,  351,  175,  733,  192,  733,  690,  739,  908,  532,  754,  615,  683,  508,  432,  741,  461,  787,  553,  670,  609,  554,  362,  399],
        [  573,    0,  524, 1164,  458,  704,  188,   66,  854, 1098,  296,  551,  325,  223,  259,  739,  667,  921,  959,  538,  792,  683,  391,  864,  578,  965,  683,  841,  808,    0,  689,  777,  887,  535,  375,  105,  989,  541,  440,  651,  583, 1131,  231,  767,  480,  829,  217, 1101,  479,  367,  205,  712,  164,  878,  613,  289,  525,  766,  526,  687,  596, 1033,  770,  419,  717,  837,  822,  985,  772,  793,  691,  455,  884,  446,  813,  769,  575,  269,  744,  592,  336,   46,  904,  708,  680,  224,  511,  588,  886,  256,  502,   86,  990,  163,  963,  640,  247,  802,  841,  492,  296,  540,  873,  805,  698,  742,  496, 1060,   50,  617,  134,  567,  700,  865,   92,  786,  782,  863,  935,  766,  387,  562,  731,  695,  443, 1017,  454,  975,  836,  358,  546,  674,  260,  566,  885,  313,  882,  739,  754, 1041,  536,  216,  570,  310,  422,  536, 1084,  533,  880,  441,  698,  542,  134,  698,  790,  413,  507,  649,  136,  562,  602,  165,  829,   95,  483,  305, 1025,  849,  670,  657],
        [  133,    0,  177,  573,  283,   56,  521,  691,  573,  507,  395,  572,  587,  533,  493,  808,  187,  265,  535,  314,  158,  262,  355,  176,  320,  395,  257,  177,  132,  689,    0,  202,  630,  512,  727,  739,  330,  283,  325,  806,  341,  612,  469,  413,  428,  358,  620,  519,  318,  337,  618,  190,  547,  242,  203,  428,  529,  374,  735,  309,  661,  584,  279,  576,  172,  200,  151,  461,  266,  274,   14,  332,  242,  243,  373,  747,  801,  557,  280,  229,  623,  650,  634,  153,   30,  467,  342,  199,  207,  676,  314,  671,  453,  727,  313,  626,  571,  759,  789,  243,  394,  676,  409,  555,   20,  770,  704,  433,  650,  578,  820,  337,  200,  731,  601,  277,  351,  175,  248,  373,  638,  164,  559,  352,  410,  432,  435,  387,  317,  367,  188,  366,  447,  574,  386,  377,  248,   64,  860,  530,  472,  559,  182,  382,  403,  317,  478,  220,  210,  604,   94,  608,  567,  628,  798,  401,  627,  504,  560,  387,  316,  612,  396,  676,  426,  539,  573,  482,  259,  294],
        [  227,    0,  339,  401,  451,  250,  592,  763,  398,  334,  488,  496,  589,  581,  539,  696,  388,  163,  336,  274,   71,  462,  512,  229,  253,  208,  133,  124,  258,  777,  202,    0,  454,  442,  713,  804,  225,  474,  495,  719,  266,  417,  547,  245,  389,  543,  654,  342,  316,  412,  656,  386,  618,  110,  167,  491,  461,  570,  677,  509,  574,  383,   93,  546,  367,  345,  134,  263,   78,  458,  213,  339,  370,  362,  183,  618,  736,  582,  110,  193,  619,  734,  455,   73,  180,  571,  531,  190,  290,  695,  499,  738,  258,  774,  194,  522,  601,  623,  647,  285,  503,  608,  591,  391,  215,  653,  653,  284,  732,  479,  910,  272,   83,  575,  685,  463,  544,  209,  247,  201,  617,  222,  418,  212,  393,  253,  407,  208,  116,  421,  233,  237,  571,  492,  185,  488,  113,  152,  752,  332,  403,  693,  372,  495,  577,  277,  313,  245,  152,  566,  115,  536,  645,  506,  671,  403,  568,  388,  642,  315,  235,  664,  204,  787,  385,  553,  372,  297,  145,  181],
        [  572,    0,  690,  511,  781,  684,  717,  841,   57,  481,  690,  353,  576,  666,  636,  366,  807,  558,  205,  417,  523,  882,  812,  678,  378,  409,  376,  568,  711,  887,  630,  454,    0,  354,  620,  858,  582,  845,  820,  447,  360,  389,  698,  217,  415,  987,  684,  466,  472,  617,  693,  818,  734,  513,  453,  638,  366, 1001,  491,  927,  358,  255,  362,  484,  801,  798,  585,  343,  377,  902,  643,  489,  823,  653,  273,  263,  514,  620,  353,  443,  581,  842,   20,  478,  602,  763,  889,  474,  741,  682,  854,  814,  363,  797,  552,  287,  643,  246,  247,  530,  725,  426, 1037,   89,  647,  318,  491,  533,  838,  286,  999,  376,  431,  151,  807,  905,  980,  657,  676,  258,  544,  539,  158,  286,  459,  443,  440,  439,  358,  589,  527,  283,  799,  338,  314,  717,  510,  597,  418,  337,  352,  914,  754,  727,  896,  416,  500,  504,  583,  475,  537,  379,  766,  226,  306,  495,  424,  239,  771,  351,  363,  726,  255,  942,  412,  583,  256,  162,  377,  350],
        [  396,    0,  477,  728,  531,  563,  373,  488,  327,  673,  378,   60,  225,  317,  292,  310,  640,  602,  461,  200,  498,  704,  536,  644,  198,  551,  309,  559,  636,  535,  512,  442,  354,    0,  299,  505,  658,  618,  560,  294,  180,  655,  364,  287,  102,  842,  331,  668,  214,  323,  340,  668,  387,  548,  314,  311,   21,  827,  236,  741,  150,  535,  376,  138,  658,  712,  559,  534,  388,  765,  524,  215,  752,  404,  363,  281,  296,  267,  348,  287,  235,  491,  371,  409,  485,  437,  644,  314,  697,  335,  612,  460,  547,  447,  625,  138,  290,  307,  346,  299,  417,  168,  895,  276,  531,  283,  213,  675,  486,   95,  645,  179,  367,  342,  458,  765,  817,  630,  683,  309,  208,  358,  197,  250,  144,  603,  114,  572,  428,  282,  335,  221,  484,   65,  445,  414,  549,  517,  356,  571,   41,  587,  554,  424,  621,  197,  674,  301,  592,  141,  447,   97,  418,  177,  323,  179,  127,  120,  425,  130,  211,  373,  369,  595,  101,  230,  530,  350,  298,  261],
        [  595,    0,  624, 1027,  626,  766,  317,  311,  607,  971,  418,  274,  143,  257,  275,  378,  799,  875,  756,  441,  758,  846,  593,  885,  461,  845,  584,  818,  858,  375,  727,  713,  620,  299,    0,  297,  936,  724,  635,  282,  451,  952,  351,  586,  325,  997,  182,  966,  413,  421,  194,  837,  310,  822,  559,  344,  280,  959,  161,  870,  270,  829,  662,  169,  833,  920,  812,  832,  671,  934,  735,  397,  965,  533,  660,  432,  201,  197,  633,  530,  105,  346,  639,  664,  705,  421,  725,  547,  930,  122,  701,  291,  845,  225,  904,  336,  197,  466,  502,  484,  452,  202, 1048,  557,  743,  393,  140,  967,  341,  336,  438,  442,  632,  551,  344,  930,  960,  875,  938,  606,   96,  564,  470,  543,  324,  898,  307,  866,  719,  377,  540,  514,  484,  287,  742,  460,  824,  751,  385,  870,  328,  531,  698,  466,  664,  438,  969,  509,  855,  158,  687,  242,  326,  398,  440,  327,  196,  411,  339,  405,  481,  235,  667,  465,  328,  197,  825,  646,  571,  540],
