{
    "name": "random-75-7288",
    "comment": "size=75 seed=7288",
    "nodes": ["+0", "-0", "+1", "-1", "+2", "-2", "+3", "-3", "+4", "-4", "+5", "-5", "+6", "-6", "+7", "-7", "+8", "-8", "+9", "-9", "+10", "-10", "+11", "-11", "+12", "-12", "+13", "-13", "+14", "-14", "+15", "-15", "+16", "-16", "+17", "-17", "+18", "-18", "+19", "-19", "+20", "-20", "+21", "-21", "+22", "-22", "+23", "-23", "+24", "-24", "+25", "-25", "+26", "-26", "+27", "-27", "+28", "-28", "+29", "-29", "+30", "-30", "+31", "-31", "+32", "-32", "+33", "-33", "+34", "-34", "+35", "-35", "+36", "-36", "+37", "-37", "+38", "-38", "+39", "-39", "+40", "-40", "+41", "-41", "+42", "-42", "+43", "-43", "+44", "-44", "+45", "-45", "+46", "-46", "+47", "-47", "+48", "-48", "+49", "-49", "+50", "-50", "+51", "-51", "+52", "-52", "+53", "-53", "+54", "-54", "+55", "-55", "+56", "-56", "+57", "-57", "+58", "-58", "+59", "-59", "+60", "-60", "+61", "-61", "+62", "-62", "+63", "-63", "+64", "-64", "+65", "-65", "+66", "-66", "+67", "-67", "+68", "-68", "+69", "-69", "+70", "-70", "+71", "-71", "+72", "-72", "+73", "-73", "+74", "-74", "+75", "-75"],
    "precedence": {
        "+0": "-0",
        "+1": "-1",
        "+2": "-2",
        "+3": "-3",
        "+4": "-4",
        "+5": "-5",
        "+6": "-6",
        "+7": "-7",
        "+8": "-8",
        "+9": "-9",
        "+10": "-10",
        "+11": "-11",
        "+12": "-12",
        "+13": "-13",
        "+14": "-14",
        "+15": "-15",
        "+16": "-16",
        "+17": "-17",
        "+18": "-18",
        "+19": "-19",
        "+20": "-20",
        "+21": "-21",
        "+22": "-22",
        "+23": "-23",
        "+24": "-24",
        "+25": "-25",
        "+26": "-26",
        "+27": "-27",
        "+28": "-28",
        "+29": "-29",
        "+30": "-30",
        "+31": "-31",
        "+32": "-32",
        "+33": "-33",
        "+34": "-34",
        "+35": "-35",
        "+36": "-36",
        "+37": "-37",
        "+38": "-38",
        "+39": "-39",
        "+40": "-40",
        "+41": "-41",
        "+42": "-42",
        "+43": "-43",
        "+44": "-44",
        "+45": "-45",
        "+46": "-46",
        "+47": "-47",
        "+48": "-48",
        "+49": "-49",
        "+50": "-50",
        "+51": "-51",
        "+52": "-52",
        "+53": "-53",
        "+54": "-54",
        "+55": "-55",
        "+56": "-56",
        "+57": "-57",
        "+58": "-58",
        "+59": "-59",
        "+60": "-60",
        "+61": "-61",
        "+62": "-62",
        "+63": "-63",
        "+64": "-64",
        "+65": "-65",
        "+66": "-66",
        "+67": "-67",
        "+68": "-68",
        "+69": "-69",
        "+70": "-70",
        "+71": "-71",
        "+72": "-72",
        "+73": "-73",
        "+74": "-74",
        "+75": "-75"
    },
    "edges": [
        [    0,    0,  565,  732,  249,  490,  194,  470,  329,  751,  555,  150,  808,  872,  787,  543,  207,  412,  274,  809,  994,  366,  665,  156,  547,  272,  125,  590,  339,  252,  475,  404,  544,  430,  750,  594,  543,  301,  718,  854,  633,  683,  185,  665,  476,  739,  651,  644,  278,  938,  831,  914,  441,  997,  478,  720,  417,  332,  905,  905,  517,  878,  183,  234,  567,  452,  905,  319,  513,  384,  740,  606,  881,  675,  711,  251,  400,  905,  762,  899,  756,  383,  295,  465,  774,  207,   97,  322,  747,  589,  564,  798,  516,  882,  584,  645,  409,  212,   46,  587,  681,  804,  116,  341,  553,  638,  297,  543,  715,  867,  504,  735,  766,  149,  161,  158,  555,  775,  317,  787,  840,  544,  427,  904,  237,   73,  875,  856,  842,  404,  167,  394,  374,  747,  884,  412,  575,  599,  965,  525,  542,  385,  500,  158,  693,  213,  518,  860,  629,  643,  464,  313],
        [    0,    0,    0,    0,    0,    0,    0,    0,    0,    0,    0,    0,    0,    0,    0,    0,    0,    0,    0,    0,    0,    0,    0,    0,    0,    0,    0,    0,    0,    0,    0,    0,    0,    0,    0,    0,    0,    0,    0,    0,    0,    0,    0,    0,    0,    0,    0,    0,    0,    0,    0,    0,    0,    0,    0,    0,    0,    0,    0,    0,    0,    0,    0,    0,    0,    0,    0,    0,    0,    0,    0,    0,    0,    0,    0,    0,    0,    0,    0,    0,    0,    0,    0,    0,    0,    0,    0,    0,    0,    0,    0,    0,    0,    0,    0,    0,    0,    0,    0,    0,    0,    0,    0,    0,    0,    0,    0,    0,    0,    0,    0,    0,    0,    0,    0,    0,    0,    0,    0,    0,    0,    0,    0,    0,    0,    0,    0,    0,    0,    0,    0,    0,    0,    0,    0,    0,    0,    0,    0,    0,    0,    0,    0,    0,    0,    0,    0,    0,    0,    0,    0,    0],
        [  565,    0,    0,  303,  458,  314,  430,  394,  621,  205,  117,  545,  708,  310,  768,  558,  373,  663,  294,  247,  794,  382,  544,  713,   99,  488,  572,  358,  413,  567,  103,  281,  580,  806,  658,  763,  402,  800,  505,  311,  584,  567,  381,  118,  137,  707,  265,  165,  293,  657,  321,  609,  712,  843,  428,  795,  384,  472,  677,  366,  835,  468,  633,  333,  955,  228,  352,  303,  621,  628,  643,   96,  320,  794,  756,  360,  256,  706,  205,  635,  757,  457,  275,  304,  696,  519,  474,  453,  270, 1019,  996,  283,  348,  751,  407,  494,  349,  354,  546,  326,  511,  241,  489,  779,  297,  749,  606,  782,  338,  309,  644,  232,  205,  430,  412,  603,  182,  801,  312,  668,  457,  782,  523,  743,  349,  575,  337,  502,  332,  516,  602,  802,  437,  407,  497,  648,  293,  826,  822,  958,  729,  434,  627,  420,  187,  384,  725,  489,  116,  128,  207,  727],
        [  732,    0,  303,    0,  710,  615,  548,  338,  641,  197,  418,  766,  485,  379,  575,  451,  527,  645,  507,  281,  518,  664,  356,  854,  232,  746,  783,  209,  689,  623,  311,  568,  475,  815,  451,  671,  288,  883,  274,  222,  425,  374,  574,  350,  430,  520,   83,  139,  514,  366,  146,  314,  689,  578,  360,  645,  676,  745,  401,  242,  806,  169,  726,  539,  946,  523,  282,  563,  541,  619,  437,  208,  395,  668,  600,  482,  333,  439,  353,  351,  576,  449,  499,  286,  487,  601,  636,  484,   67, 1027, 1008,  138,  266,  507,  260,  310,  639,  547,  698,  186,  306,  333,  695,  828,  201,  629,  641,  722,   64,  280,  573,  111,  256,  584,  574,  704,  183,  624,  416,  445,  154,  722,  483,  486,  497,  713,  221,  202,  151,  490,  823,  830,  720,  129,  195,  628,  176,  750,  564,  974,  656,  719,  554,  625,  431,  612,  663,  187,  387,  180,  269,  775],
        [  249,    0,  458,  710,    0,  267,  318,  554,  536,  662,  400,  125,  928,  735,  934,  679,  263,  617,  210,  697, 1087,  129,  765,  389,  485,   41,  163,  634,   95,  454,  403,  206,  689,  670,  869,  789,  616,  549,  787,  768,  757,  787,  186,  526,  331,  879,  639,  589,  200,  995,  770,  960,  655, 1107,  577,  895,  176,   86,  982,  823,  748,  875,  422,  191,  812,  267,  808,  156,  681,  582,  856,  531,  741,  861,  875,  320,  417,  994,  623,  962,  908,  512,  213,  507,  900,  394,  237,  457,  703,  837,  813,  733,  571,  995,  650,  731,  180,  200,  272,  619,  764,  674,  135,  587,  580,  818,  506,  756,  715,  763,  682,  675,  658,  253,  239,  393,  530,  937,  361,  899,  847,  756,  576, 1007,  283,  312,  793,  877,  782,  555,  169,  637,  125,  766,  892,  612,  595,  811, 1078,  773,  739,  137,  673,  144,  528,  112,  719,  874,  479,  570,  458,  554],
        [  490,    0,  314,  615,  267,    0,  468,  600,  704,  500,  208,  390,  964,  517, 1000,  757,  394,  772,  281,  505, 1082,  139,  794,  642,  390,  274,  428,  623,  177,  627,  324,   97,  773,  868,  908,  921,  638,  785,  781,  597,  812,  818,  340,  326,  187,  940,  567,  477,  267,  958,  626,  913,  818, 1121,  631,  994,  103,  225,  967,  653,  929,  782,  636,  303, 1018,   99,  623,  184,  790,  735,  893,  409,  519,  976,  964,  428,  435,  991,  410,  932,  982,  608,  261,  522,  944,  565,  438,  572,  584, 1058, 1034,  589,  584, 1019,  659,  749,   88,  330,  498,  596,  774,  467,  377,  803,  559,  930,  678,  910,  643,  574,  802,  544,  476,  424,  402,  603,  465, 1019,  428,  928,  768,  910,  680, 1019,  393,  538,  626,  810,  637,  664,  435,  845,  172,  709,  809,  763,  565,  963, 1096,  994,  876,  163,  788,  339,  297,  280,  863,  800,  273,  442,  434,  761],
        [  194,    0,  430,  548,  318,  468,    0,  278,  236,  594,  457,  288,  631,  738,  624,  371,   75,  309,  190,  663,  809,  384,  479,  306,  388,  356,  285,  397,  375,  159,  330,  372,  377,  404,  571,  474,  351,  371,  526,  692,  456,  499,  140,  544,  381,  571,  466,  476,  203,  746,  659,  721,  353,  817,  289,  577,  432,  398,  715,  739,  461,  689,  203,  166,  555,  396,  747,  287,  364,  273,  560,  449,  749,  543,  559,   73,  218,  718,  634,  707,  596,  203,  212,  273,  599,   99,  108,  144,  571,  606,  582,  628,  323,  703,  391,  456,  410,  141,  154,  396,  491,  668,  213,  356,  363,  501,  210,  449,  527,  714,  364,  565,  618,   67,   80,  173,  379,  622,  135,  606,  649,  449,  261,  721,   85,  165,  710,  663,  669,  239,  331,  388,  418,  555,  693,  301,  386,  503,  786,  542,  425,  426,  355,  175,  591,  217,  407,  668,  519,  483,  287,  307],
        [  470,    0,  394,  338,  554,  600,  278,    0,  304,  464,  484,  557,  377,  645,  402,  166,  299,  309,  356,  551,  537,  573,  211,  558,  304,  595,  559,  140,  580,  297,  309,  513,  187,  477,  318,  372,   75,  555,  249,  537,  213,  234,  373,  507,  437,  342,  262,  334,  370,  469,  477,  446,  355,  553,   35,  406,  608,  621,  439,  571,  475,  442,  410,  365,  612,  503,  598,  456,  231,  282,  304,  350,  660,  400,  370,  240,  165,  444,  569,  430,  383,  114,  365,   91,  351,  291,  384,  162,  385,  691,  671,  457,   73,  442,  117,  181,  576,  355,  427,  154,  215,  580,  480,  493,  142,  355,  307,  403,  295,  580,  257,  401,  510,  337,  338,  395,  237,  422,  194,  345,  397,  403,  148,  454,  274,  428,  545,  401,  484,  153,  605,  492,  621,  300,  438,  292,  165,  441,  524,  637,  343,  626,  238,  424,  581,  443,  344,  410,  509,  365,  189,  440],
        [  329,    0,  621,  641,  536,  704,  236,  304,    0,  744,  672,  471,  528,  912,  482,  273,  310,   84,  424,  826,  732,  618,  424,  330,  553,  570,  452,  442,  605,   83,  519,  607,  263,  186,  475,  266,  367,  265,  509,  829,  366,  434,  373,  739,  602,  444,  562,  615,  438,  718,  776,  710,  119,  717,  288,  398,  667,  621,  664,  867,  226,  741,  169,  402,  335,  628,  889,  523,  209,   59,  469,  611,  926,  349,  395,  283,  369,  652,  820,  677,  448,  192,  446,  364,  490,  144,  301,  170,  683,  401,  380,  752,  375,  604,  406,  426,  645,  376,  286,  458,  460,  844,  411,  190,  441,  314,   32,  220,  598,  865,  189,  693,  782,  290,  310,  178,  512,  459,  312,  517,  694,  220,  173,  636,  313,  258,  840,  689,  783,  158,  496,  191,  647,  598,  732,   85,  465,  276,  683,  342,  214,  656,  191,  397,  798,  447,  190,  702,  724,  636,  432,  139],
        [  751,    0,  205,  197,  662,  500,  594,  464,  744,    0,  293,  745,  679,  190,  763,  607,  548,  767,  488,   91,  711,  584,  538,  892,  206,  693,  771,  365,  617,  706,  277,  482,  631,  928,  641,  827,  436,  957,  466,  107,  600,  559,  571,  185,  338,  706,  223,  131,  490,  553,  130,  500,  815,  774,  493,  822,  582,  675,  596,  162,  937,  324,  791,  527, 1070,  425,  155,  507,  689,  736,  627,  146,  205,  837,  778,  522,  384,  634,  160,  543,  761,  559,  472,  384,  678,  669,  656,  575,  133, 1143, 1122,   95,  396,  703,  421,  490,  548,  543,  726,  334,  493,  137,  686,  920,  327,  795,  736,  866,  258,  122,  718,   87,   60,  608,  592,  764,  233,  808,  462,  638,  331,  865,  610,  682,  521,  751,  132,  385,  140,  611,  803,  933,  638,  325,  361,  751,  309,  901,  760, 1086,  804,  634,  699,  615,  256,  585,  806,  365,  235,  112,  316,  867],
        [  555,    0,  117,  418,  400,  208,  457,  484,  672,  293,    0,  505,  817,  335,  871,  649,  389,  724,  286,  305,  910,  302,  650,  710,  210,  424,  537,  466,  338,  608,  176,  201,  669,  853,  765,  843,  502,  820,  618,  391,  684,  674,  373,  128,   80,  810,  382,  280,  279,  774,  419,  726,  773,  957,  518,  888,  292,  396,  793,  447,  894,  581,  655,  324, 1005,  140,  421,  253,  703,  688,  750,  212,  341,  882,  852,  394,  328,  821,  223,  752,  858,  528,  263,  395,  803,  553,  475,  512,  381, 1061, 1038,  381,  447,  863,  512,  602,  260,  350,  546,  436,  621,  276,  462,  812,  404,  836,  653,  852,  454,  373,  722,  339,  272,  440,  418,  623,  293,  900,  362,  778,  572,  852,  598,  856,  372,  580,  420,  618,  430,  588,  560,  842,  353,  524,  611,  711,  403,  899,  935,  998,  805,  347,  706,  400,  139,  353,  797,  605,   79,  240,  297,  763],
        [  150,    0,  545,  766,  125,  390,  288,  557,  471,  745,  505,    0,  918,  837,  909,  657,  260,  554,  262,  790, 1092,  253,  764,  271,  554,  133,   39,  658,  218,  390,  474,  321,  662,  580,  859,  734,  626,  439,  802,  851,  743,  784,  195,  627,  430,  858,  689,  657,  258, 1017,  844,  987,  586, 1103,  573,  853,  300,  195,  994,  905,  666,  924,  332,  228,  715,  379,  896,  253,  642,  523,  847,  607,  844,  812,  840,  317,  447, 1000,  725,  981,  880,  491,  275,  529,  886,  338,  183,  430,  768,  732,  707,  808,  589,  989,  664,  737,  303,  221,  187,  648,  771,  773,   77,  489,  611,  773,  440,  689,  761,  853,  637,  747,  749,  223,  219,  307,  583,  903,  375,  893,  892,  689,  545, 1007,  288,  222,  875,  915,  855,  523,   59,  543,  245,  804,  937,  552,  630,  745, 1072,  669,  683,  257,  631,  142,  638,  161,  660,  915,  583,  646,  501,  463],
        [  808,    0,  708,  485,  928,  964,  631,  377,  528,  679,  817,  918,    0,  864,  113,  266,  668,  469,  732,  766,  209,  948,  171,  853,  610,  968,  914,  351,  956,  576,  649,  883,  269,  614,   60,  354,  327,  781,  214,  701,  176,  147,  745,  798,  788,   97,  465,  579,  746,  266,  616,  293,  483,  191,  352,  236,  982,  997,  186,  705,  547,  448,  690,  740,  682,  865,  755,  831,  321,  473,   73,  630,  880,  291,  195,  610,  534,  150,  828,  234,  136,  428,  741,  444,   39,  604,  737,  489,  552,  775,  766,  620,  381,   77,  307,  217,  948,  728,  762,  382,  197,  815,  843,  688,  413,  280,  551,  441,  423,  762,  347,  594,  737,  696,  702,  689,  526,  176,  570,   42,  405,  440,  383,  114,  646,  750,  693,  361,  616,  405,  961,  655,  997,  361,  413,  456,  415,  431,  158,  747,  379, 1002,  339,  793,  881,  817,  403,  386,  819,  624,  531,  650],
        [  872,    0,  310,  379,  735,  517,  738,  645,  912,  190,  335,  837,  864,    0,  951,  794,  682,  943,  599,  100,  879,  632,  727, 1022,  360,  759,  868,  554,  670,  866,  408,  534,  818, 1098,  828, 1013,  623, 1107,  652,  182,  789,  748,  687,  211,  408,  895,  413,  314,  596,  716,  265,  663,  992,  947,  677, 1011,  615,  727,  768,  213, 1114,  474,  940,  639, 1243,  472,  157,  586,  873,  910,  814,  302,   17, 1025,  967,  666,  545,  809,  113,  711,  950,  733,  579,  561,  865,  823,  783,  743,  312, 1313, 1291,  250,  581,  884,  610,  679,  586,  661,  855,  522,  681,   70,  789, 1080,  513,  983,  902, 1048,  442,  119,  902,  272,  136,  740,  721,  910,  410,  997,  613,  823,  494, 1047,  790,  860,  658,  884,  204,  548,  270,  788,  894, 1099,  680,  506,  514,  927,  496, 1085,  936, 1253,  987,  673,  883,  723,  221,  681,  989,  526,  257,  281,  481, 1028],
        [  787,    0,  768,  575,  934, 1000,  624,  402,  482,  763,  871,  909,  113,  951,    0,  255,  671,  412,  750,  852,  300,  969,  228,  812,  670,  974,  900,  414,  972,  542,  698,  914,  247,  538,  125,  267,  370,  720,  303,  795,  190,  206,  749,  866,  833,   61,  543,  654,  765,  379,  712,  406,  415,  255,  371,  130, 1007, 1008,  297,  803,  461,  554,  650,  752,  589,  904,  851,  854,  276,  424,  138,  699,  967,  191,   99,  616,  566,  259,  905,  346,   36,  423,  762,  482,   92,  580,  726,  481,  641,  682,  675,  712,  425,  165,  362,  278,  975,  737,  741,  447,  271,  898,  836,  623,  471,  193,  509,  356,  511,  854,  294,  680,  820,  690,  700,  654,  588,   63,  586,  145,  510,  355,  364,  211,  654,  724,  789,  468,  713,  386,  947,  583, 1015,  455,  521,  402,  479,  337,  223,  659,  302, 1021,  292,  794,  948,  825,  328,  493,  882,  697,  577,  591],
        [  543,    0,  558,  451,  679,  757,  371,  166,  273,  607,  649,  657,  266,  794,  255,    0,  417,  233,  498,  696,  462,  717,  154,  590,  465,  719,  651,  245,  719,  312,  474,  667,   25,  401,  209,  222,  171,  536,  248,  667,   95,  162,  494,  668,  601,  201,  389,  481,  513,  448,  596,  444,  264,  456,  132,  241,  757,  754,  392,  692,  367,  507,  428,  498,  511,  663,  728,  602,   95,  225,  201,  507,  809,  237,  208,  361,  327,  380,  726,  407,  230,  169,  511,  256,  232,  338,  475,  228,  509,  599,  583,  583,  216,  342,  192,  168,  726,  482,  497,  274,  197,  731,  584,  452,  281,  192,  292,  275,  394,  717,  129,  534,  658,  437,  446,  425,  392,  264,  335,  249,  458,  274,  117,  368,  399,  485,  670,  441,  601,  139,  698,  431,  762,  369,  490,  217,  298,  300,  424,  554,  206,  768,  111,  540,  744,  570,  217,  459,  673,  517,  354,  407],
        [  207,    0,  373,  527,  263,  394,   75,  299,  310,  548,  389,  260,  668,  682,  671,  417,    0,  381,  115,  612,  835,  316,  508,  344,  343,  303,  267,  400,  310,  233,  276,  298,  426,  478,  608,  540,  367,  433,  542,  650,  495,  529,   78,  482,  311,  616,  446,  438,  129,  758,  625,  729,  425,  850,  318,  635,  362,  339,  735,  700,  535,  677,  267,   94,  629,  322,  703,  214,  422,  344,  596,  403,  692,  605,  614,   59,  196,  743,  576,  722,  646,  249,  138,  271,  638,  173,  111,  196,  541,  678,  654,  592,  329,  737,  404,  479,  338,   70,  179,  392,  513,  613,  184,  426,  356,  562,  284,  520,  513,  667,  426,  529,  568,   60,   48,  235,  349,  675,  117,  640,  641,  520,  315,  752,   31,  204,  670,  661,  635,  295,  311,  460,  353,  550,  686,  372,  376,  574,  820,  614,  492,  361,  416,  126,  524,  155,  476,  663,  454,  439,  259,  378],
        [  412,    0,  663,  645,  617,  772,  309,  309,   84,  767,  724,  554,  469,  943,  412,  233,  381,    0,  492,  852,  676,  693,  386,  405,  587,  651,  535,  439,  682,  165,  563,  676,  217,  173,  420,  183,  361,  313,  480,  845,  320,  392,  448,  781,  658,  380,  571,  637,  506,  679,  785,  676,   50,  654,  285,  319,  741,  700,  619,  879,  172,  728,  248,  474,  303,  692,  906,  594,  150,   38,  416,  642,  957,  267,  321,  346,  407,  601,  857,  638,  377,  210,  512,  384,  431,  223,  382,  213,  694,  382,  364,  765,  381,  545,  396,  398,  718,  449,  370,  460,  428,  876,  493,  222,  450,  235,  115,  141,  596,  886,  122,  709,  810,  367,  386,  260,  535,  384,  364,  463,  680,  141,  162,  580,  380,  341,  854,  669,  792,  158,  579,  199,  725,  587,  715,   18,  473,  195,  621,  331,  131,  733,  131,  476,  845,  524,  107,  684,  771,  663,  464,  182],
        [  274,    0,  294,  507,  210,  281,  190,  356,  424,  488,  286,  262,  732,  599,  750,  498,  115,  492,    0,  540,  882,  220,  565,  426,  293,  250,  284,  425,  224,  348,  213,  185,  511,  592,  673,  644,  413,  537,  580,  594,  566,  588,   89,  392,  206,  692,  433,  396,   16,  786,  583,  750,  537,  906,  382,  728,  261,  267,  775,  647,  649,  669,  375,   40,  744,  207,  641,  106,  518,  454,  660,  347,  608,  703,  702,  148,  209,  788,  489,  753,  727,  337,   24,  300,  706,  288,  190,  295,  507,  791,  767,  547,  365,  796,  444,  528,  232,   64,  261,  409,  559,  531,  198,  538,  370,  658,  399,  630,  507,  600,  527,  486,  497,  157,  135,  342,  325,  760,  164,  700,  639,  630,  408,  805,  113,  295,  616,  668,  594,  390,  320,  574,  266,  557,  685,  482,  385,  683,  878,  727,  597,  271,  514,  128,  424,  106,  583,  665,  357,  385,  248,  492],
        [  809,    0,  247,  281,  697,  505,  663,  551,  826,   91,  305,  790,  766,  100,  852,  696,  612,  852,  540,    0,  787,  606,  628,  956,  277,  724,  818,  456,  641,  784,  336,  504,  721, 1010,  729,  917,  526, 1031,  553,  108,  690,  648,  626,  180,  366,  796,  314,  218,  540,  626,  179,  573,  900,  853,  582,  912,  596,  699,  674,  157, 1023,  388,  863,  580, 1154,  444,  118,  543,  778,  820,  715,  217,  116,  927,  868,  591,  461,  714,  108,  619,  851,  643,  522,  469,  766,  743,  717,  656,  215, 1226, 1205,  157,  485,  787,  511,  579,  564,  599,  789,  424,  582,   60,  735,  998,  416,  885,  816,  954,  344,   69,  807,  173,   45,  671,  654,  835,  318,  898,  534,  725,  403,  953,  697,  764,  587,  815,  136,  457,  186,  697,  847, 1014,  657,  409,  427,  836,  399,  989,  841, 1167,  892,  651,  787,  667,  226,  630,  894,  436,  232,  190,  395,  945],
        [  994,    0,  794,  518, 1087, 1082,  809,  537,  732,  711,  910, 1092,  209,  879,  300,  462,  835,  676,  882,  787,    0, 1089,  330, 1052,  701, 1127, 1092,  463, 1102,  773,  758, 1012,  469,  823,  257,  560,  471,  988,  304,  701,  368,  312,  909,  863,  898,  305,  530,  642,  895,  167,  616,  220,  691,   82,  520,  429, 1116, 1148,  118,  689,  754,  412,  890,  896,  887,  984,  746,  973,  527,  678,  263,  705,  895,  490,  395,  777,  674,   94,  869,  169,  332,  611,  887,  582,  248,  795,  916,  673,  579,  980,  971,  631,  517,  137,  438,  357, 1081,  889,  950,  487,  324,  843, 1016,  897,  525,  485,  753,  648,  465,  765,  555,  626,  769,  871,  874,  886,  620,  358,  727,  215,  386,  647,  577,   97,  810,  941,  685,  332,  612,  599, 1139,  864, 1141,  393,  371,  663,  518,  634,   95,  953,  587, 1144,  546,  960,  946,  976,  611,  355,  895,  687,  653,  857],
        [  366,    0,  382,  664,  129,  139,  384,  573,  618,  584,  302,  253,  948,  632,  969,  717,  316,  693,  220,  606, 1089,    0,  779,  513,  432,  136,  292,  627,   40,  537,  354,  103,  730,  768,  890,  855,  625,  666,  785,  687,  784,  803,  246,  429,  246,  911,  602,  532,  205,  980,  702,  940,  735, 1118,  600,  946,   52,   95,  978,  743,  838,  832,  526,  224,  915,  163,  721,  117,  734,  657,  876,  468,  636,  919,  921,  362,  417,  995,  521,  950,  946,  555,  208,  509,  924,  475,  330,  509,  645,  948,  923,  664,  574, 1010,  653,  740,   52,  246,  381,  605,  769,  576,  250,  694,  566,  875,  590,  833,  680,  673,  741,  611,  571,  328,  309,  495,  493,  980,  383,  915,  810,  833,  625, 1016,  324,  421,  714,  847,  713,  606,  297,  740,   57,  739,  854,  685,  577,  887, 1091,  883,  807,   57,  729,  227,  417,  172,  790,  840,  378,  505,  438,  656],
        [  665,    0,  544,  356,  765,  794,  479,  211,  424,  538,  650,  764,  171,  727,  228,  154,  508,  386,  565,  628,  330,  779,    0,  731,  445,  805,  763,  187,  788,  453,  480,  713,  171,  553,  116,  341,  156,  688,  103,  578,   79,   25,  584,  640,  618,  169,  316,  427,  579,  295,  498,  290,  416,  343,  192,  291,  812,  831,  244,  593,  511,  373,  571,  575,  655,  695,  637,  663,  243,  378,  101,  472,  743,  319,  244,  450,  364,  240,  678,  254,  224,  283,  573,  273,  154,  469,  587,  344,  421,  745,  731,  494,  210,  232,  138,   51,  778,  565,  621,  220,   54,  672,  688,  605,  247,  285,  441,  412,  293,  635,  276,  457,  595,  542,  546,  564,  362,  270,  405,  136,  324,  411,  257,  244,  484,  614,  575,  299,  501,  277,  810,  585,  830,  248,  350,  371,  252,  424,  314,  704,  342,  834,  261,  634,  721,  653,  358,  319,  657,  470,  361,  560],
        [  156,    0,  713,  854,  389,  642,  306,  558,  330,  892,  710,  271,  853, 1022,  812,  590,  344,  405,  426,  956, 1052,  513,  731,    0,  687,  403,  234,  691,  482,  279,  620,  559,  585,  359,  798,  582,  632,  178,  799,  994,  684,  745,  338,  817,  630,  773,  771,  779,  432, 1018,  964, 1000,  418, 1043,  558,  724,  563,  466,  974, 1042,  458,  989,  163,  387,  470,  607, 1047,  474,  537,  389,  790,  747, 1031,  670,  724,  375,  524,  968,  913,  978,  778,  454,  448,  574,  816,  268,  240,  397,  877,  473,  449,  932,  616,  929,  674,  721,  559,  363,  168,  694,  756,  953,  266,  253,  664,  640,  304,  514,  829, 1011,  518,  869,  912,  285,  302,  167,  684,  788,  440,  839,  948,  514,  476,  958,  372,  143, 1012,  956,  974,  455,  256,  312,  513,  852,  991,  412,  687,  565, 1010,  413,  532,  525,  521,  314,  848,  368,  506,  964,  782,  782,  593,  250],
        [  547,    0,   99,  232,  485,  390,  388,  304,  553,  206,  210,  554,  610,  360,  670,  465,  343,  587,  293,  277,  701,  432,  445,  687,    0,  520,  576,  260,  458,  508,   82,  337,  488,  739,  560,  675,  305,  754,  408,  308,  487,  469,  371,  204,  203,  610,  178,  105,  297,  570,  290,  524,  636,  747,  337,  700,  445,  515,  585,  358,  759,  400,  587,  329,  885,  294,  361,  334,  533,  553,  545,   61,  373,  701,  661,  316,  186,  612,  270,  546,  660,  378,  280,  214,  598,  467,  452,  383,  218,  954,  932,  255,  252,  654,  309,  396,  408,  343,  521,  228,  414,  291,  489,  722,  199,  656,  542,  700,  254,  326,  558,  194,  233,  403,  388,  559,   84,  704,  258,  570,  381,  699,  439,  647,  316,  545,  328,  422,  302,  435,  612,  739,  489,  320,  424,  571,  195,  741,  726,  894,  643,  487,  540,  418,  281,  395,  641,  412,  213,   96,  123,  669],
        [  272,    0,  488,  746,   41,  274,  356,  595,  570,  693,  424,  133,  968,  759,  974,  719,  303,  651,  250,  724, 1127,  136,  805,  403,  520,    0,  171,  674,   97,  488,  438,  226,  728,  698,  909,  825,  657,  569,  828,  798,  797,  827,  225,  551,  359,  919,  677,  624,  239, 1035,  803,  999,  688, 1148,  617,  932,  176,   63, 1022,  854,  778,  912,  450,  231,  838,  287,  837,  187,  719,  617,  896,  565,  763,  898,  914,  360,  457, 1034,  647, 1002,  947,  551,  251,  547,  940,  429,  270,  496,  737,  860,  835,  766,  612, 1036,  690,  772,  187,  241,  300,  658,  804,  699,  163,  612,  619,  856,  540,  790,  753,  791,  719,  709,  687,  290,  277,  421,  567,  976,  401,  939,  885,  790,  614, 1048,  323,  339,  824,  916,  815,  593,  166,  664,  114,  805,  930,  647,  634,  845, 1118,  796,  775,  126,  710,  181,  547,  153,  755,  912,  502,  604,  496,  582],
        [  125,    0,  572,  783,  163,  428,  285,  559,  452,  771,  537,   39,  914,  868,  900,  651,  267,  535,  284,  818, 1092,  292,  763,  234,  576,  171,    0,  666,  257,  373,  497,  357,  655,  552,  855,  716,  630,  404,  806,  877,  739,  783,  209,  658,  461,  851,  705,  678,  281, 1023,  866,  995,  565, 1101,  573,  839,  339,  234,  997,  930,  640,  939,  306,  248,  683,  414,  923,  285,  630,  506,  844,  630,  875,  796,  828,  322,  459, 1001,  756,  986,  870,  486,  299,  537,  881,  324,  178,  425,  788,  698,  674,  830,  595,  986,  669,  738,  341,  237,  166,  658,  773,  803,   88,  457,  621,  758,  421,  668,  775,  880,  623,  769,  777,  223,  223,  282,  601,  892,  383,  890,  905,  668,  537, 1005,  296,  197,  900,  927,  877,  515,   47,  513,  283,  815,  950,  534,  641,  723, 1069,  636,  665,  295,  618,  159,  671,  188,  642,  928,  615,  669,  516,  434],
        [  590,    0,  358,  209,  634,  623,  397,  140,  442,  365,  466,  658,  351,  554,  414,  245,  400,  439,  425,  456,  463,  627,  187,  691,  260,  674,  666,    0,  641,  436,  302,  549,  270,  610,  301,  467,   80,  695,  160,  422,  237,  210,  466,  454,  442,  354,  144,  245,  438,  362,  353,  329,  482,  499,  156,  459,  654,  690,  352,  449,  598,  303,  547,  445,  738,  524,  483,  512,  333,  415,  286,  286,  570,  472,  415,  345,  217,  370,  496,  328,  406,  254,  428,  130,  339,  426,  499,  300,  264,  821,  802,  338,   76,  399,   56,  137,  618,  443,  550,   34,  155,  495,  583,  631,   64,  430,  446,  515,  158,  472,  365,  290,  419,  448,  445,  530,  176,  452,  285,  312,  259,  514,  278,  397,  372,  556,  426,  267,  358,  287,  711,  628,  680,  162,  301,  422,   66,  544,  474,  769,  449,  682,  346,  519,  535,  525,  455,  274,  470,  286,  190,  579],
        [  339,    0,  413,  689,   95,  177,  375,  580,  605,  617,  338,  218,  956,  670,  972,  719,  310,  682,  224,  641, 1102,   40,  788,  482,  458,   97,  257,  641,    0,  523,  378,  138,  731,  749,  897,  848,  635,  639,  799,  720,  789,  812,  236,  465,  279,  915,  625,  560,  210,  998,  733,  959,  723, 1129,  606,  944,   82,   59,  993,  776,  823,  856,  505,  222,  894,  199,  755,  131,  731,  646,  884,  497,  674,  915,  920,  360,  428, 1009,  558,  967,  949,  554,  216,  520,  930,  461,  311,  505,  673,  924,  899,  695,  585, 1019,  665,  750,   91,  241,  357,  621,  781,  612,  223,  672,  582,  871,  576,  822,  702,  708,  736,  641,  605,  316,  297,  474,  515,  980,  388,  924,  833,  822,  623, 1027,  322,  397,  747,  868,  744,  603,  260,  720,   44,  759,  878,  675,  595,  877, 1101,  860,  799,   52,  725,  210,  455,  158,  782,  862,  414,  535,  455,  636],
        [  252,    0,  567,  623,  454,  627,  159,  297,   83,  706,  608,  390,  576,  866,  542,  312,  233,  165,  348,  784,  773,  537,  453,  279,  508,  488,  373,  436,  523,    0,  464,  530,  307,  247,  520,  344,  368,  261,  527,  797,  406,  467,  292,  683,  534,  499,  541,  580,  362,  743,  750,  729,  202,  766,  290,  469,  586,  538,  697,  839,  303,  739,  119,  324,  399,  554,  855,  444,  266,  133,  512,  568,  879,  424,  462,  215,  323,  689,  769,  702,  510,  185,  371,  338,  540,   63,  218,  139,  659,  455,  431,  724,  364,  652,  409,  446,  565,  297,  208,  446,  481,  797,  328,  215,  423,  387,   54,  303,  586,  828,  254,  663,  739,  209,  229,  114,  477,  526,  255,  560,  694,  303,  198,  680,  240,  184,  811,  695,  759,  176,  418,  236,  565,  597,  734,  162,  448,  358,  733,  392,  293,  574,  252,  315,  738,  366,  270,  706,  664,  596,  391,  162],
        [  475,    0,  103,  311,  403,  324,  330,  309,  519,  277,  176,  474,  649,  408,  698,  474,  276,  563,  213,  336,  758,  354,  480,  620,   82,  438,  497,  302,  378,  464,    0,  262,  494,  704,  596,  671,  329,  700,  458,  382,  510,  504,  295,  220,  140,  637,  250,  187,  217,  636,  371,  592,  612,  799,  343,  714,  370,  434,  643,  434,  734,  479,  532,  251,  853,  226,  431,  253,  530,  527,  581,  134,  419,  707,  677,  259,  158,  667,  306,  609,  684,  360,  200,  220,  633,  417,  382,  352,  300,  917,  894,  335,  273,  700,  343,  433,  333,  267,  453,  273,  456,  338,  411,  677,  238,  662,  504,  685,  327,  392,  551,  274,  292,  336,  318,  503,  143,  725,  210,  611,  457,  685,  428,  697,  251,  479,  404,  495,  382,  420,  532,  700,  410,  389,  501,  549,  242,  730,  775,  855,  635,  409,  534,  340,  283,  314,  629,  487,  208,  173,  122,  625],
        [  404,    0,  281,  568,  206,   97,  372,  513,  607,  482,  201,  321,  883,  534,  914,  667,  298,  676,  185,  504, 1012,  103,  713,  559,  337,  226,  357,  549,  138,  530,  262,    0,  683,  772,  826,  826,  557,  695,  709,  585,  726,  737,  245,  328,  145,  855,  511,  434,  170,  896,  601,  853,  721, 1046,  543,  903,  108,  196,  899,  641,  832,  736,  542,  207,  922,   62,  619,   89,  697,  639,  812,  369,  538,  882,  874,  332,  350,  919,  422,  867,  894,  514,  165,  440,  861,  469,  345,  477,  546,  964,  940,  563,  504,  941,  581,  670,   72,  234,  408,  525,  698,  476,  295,  709,  487,  837,  582,  814,  588,  572,  707,  511,  469,  328,  306,  510,  404,  930,  335,  848,  717,  814,  586,  944,  297,  447,  612,  756,  612,  570,  373,  750,  157,  650,  760,  666,  495,  867, 1020,  900,  780,  154,  694,  249,  323,  192,  767,  748,  278,  406,  359,  667],
        [  544,    0,  580,  475,  689,  773,  377,  187,  263,  631,  669,  662,  269,  818,  247,   25,  426,  217,  511,  721,  469,  730,  171,  585,  488,  728,  655,  270,  731,  307,  494,  683,    0,  383,  214,  198,  195,  524,  268,  691,  104,  176,  504,  691,  619,  197,  413,  505,  526,  462,  620,  461,  245,  459,  152,  222,  770,  764,  404,  716,  345,  529,  422,  510,  489,  680,  752,  616,   73,  212,  207,  531,  833,  215,  192,  372,  345,  389,  749,  421,  220,  178,  525,  277,  233,  338,  480,  234,  533,  577,  562,  607,  239,  345,  216,  189,  740,  493,  498,  299,  216,  755,  589,  438,  305,  169,  284,  252,  418,  741,  108,  559,  682,  443,  453,  421,  415,  250,  349,  255,  480,  251,  118,  374,  410,  484,  694,  462,  625,  141,  701,  415,  774,  393,  511,  202,  323,  275,  426,  534,  183,  780,   91,  548,  766,  580,  194,  480,  695,  541,  375,  394],
        [  430,    0,  806,  815,  670,  868,  404,  477,  186,  928,  853,  580,  614, 1098,  538,  401,  478,  173,  592, 1010,  823,  768,  553,  359,  739,  698,  552,  610,  749,  247,  704,  772,  383,    0,  573,  274,  532,  206,  649, 1010,  482,  557,  529,  924,  781,  520,  739,  798,  605,  842,  953,  843,  138,  791,  455,  423,  818,  755,  777, 1046,  102,  901,  249,  566,  152,  799, 1070,  684,  312,  196,  571,  796, 1111,  360,  441,  461,  554,  756, 1006,  802,  503,  371,  616,  545,  576,  305,  439,  356,  862,  216,  195,  932,  549,  688,  568,  568,  801,  538,  399,  630,  598, 1029,  536,  109,  618,  347,  201,  187,  768, 1048,  279,  874,  967,  445,  466,  278,  695,  497,  496,  616,  852,  188,  333,  727,  487,  360, 1020,  840,  961,  325,  588,   51,  789,  759,  887,  190,  641,  227,  758,  160,  238,  799,  293,  541,  981,  597,  213,  856,  907,  821,  617,  118],
        [  750,    0,  658,  451,  869,  908,  571,  318,  475,  641,  765,  859,   60,  828,  125,  209,  608,  420,  673,  729,  257,  890,  116,  798,  560,  909,  855,  301,  897,  520,  596,  826,  214,  573,    0,  322,  270,  732,  178,  670,  117,   92,  685,  752,  734,   79,  422,  536,  688,  283,  587,  300,  438,  248,  293,  224,  924,  938,  209,  679,  511,  433,  636,  681,  650,  810,  727,  773,  271,  422,   16,  584,  844,  271,  179,  550,  476,  184,  786,  245,  134,  369,  683,  387,   39,  546,  678,  431,  518,  743,  732,  588,  325,  133,  254,  164,  891,  669,  704,  333,  151,  776,  783,  641,  362,  251,  497,  406,  388,  730,  299,  557,  699,  636,  643,  634,  477,  180,  511,   44,  387,  405,  325,  161,  587,  693,  664,  349,  588,  348,  902,  611,  939,  331,  402,  407,  366,  403,  215,  710,  340,  943,  290,  734,  834,  757,  363,  372,  771,  580,  476,  601],
        [  594,    0,  763,  671,  789,  921,  474,  372,  266,  827,  843,  734,  354, 1013,  267,  222,  540,  183,  644,  917,  560,  855,  341,  582,  675,  825,  716,  467,  848,  344,  671,  826,  198,  274,  322,    0,  392,  465,  444,  888,  263,  335,  613,  877,  785,  257,  610,  700,  659,  604,  817,  615,  165,  522,  339,  150,  901,  871,  530,  913,  195,  713,  429,  632,  329,  834,  949,  749,  142,  211,  325,  722, 1028,   90,  169,  496,  515,  502,  941,  565,  232,  317,  662,  462,  317,  399,  558,  350,  730,  422,  413,  804,  433,  424,  413,  374,  875,  610,  551,  496,  393,  950,  670,  366,  501,   76,  297,   89,  613,  938,  121,  756,  877,  537,  553,  442,  607,  223,  496,  363,  664,   88,  246,  466,  533,  523,  891,  639,  821,  259,  760,  321,  891,  582,  691,  182,  519,   84,  489,  394,   52,  899,  138,  647,  950,  691,   77,  659,  877,  735,  557,  342],
        [  543,    0,  402,  288,  616,  638,  351,   75,  367,  436,  502,  626,  327,  623,  370,  171,  367,  361,  413,  526,  471,  625,  156,  632,  305,  657,  630,   80,  635,  368,  329,  557,  195,  532,  270,  392,    0,  624,  177,  499,  183,  180,  439,  506,  465,  309,  220,  311,  426,  395,  431,  372,  403,  494,   80,  397,  657,  679,  369,  527,  519,  375,  483,  426,  659,  540,  560,  508,  256,  338,  256,  341,  639,  404,  356,  309,  209,  378,  558,  357,  357,  183,  419,  118,  307,  365,  457,  236,  342,  742,  724,  415,   56,  386,   43,  116,  623,  419,  501,  105,  148,  561,  550,  557,  112,  360,  373,  437,  236,  547,  287,  365,  487,  408,  408,  468,  227,  400,  256,  292,  328,  436,  200,  393,  341,  502,  503,  328,  437,  211,  676,  551,  676,  232,  368,  343,  128,  467,  466,  691,  371,  679,  268,  491,  585,  505,  377,  339,  517,  348,  208,  505],
        [  301,    0,  800,  883,  549,  785,  371,  555,  265,  957,  820,  439,  781, 1107,  720,  536,  433,  313,  537, 1031,  988,  666,  688,  178,  754,  569,  404,  695,  639,  261,  700,  695,  524,  206,  732,  465,  624,    0,  772, 1052,  627,  697,  455,  913,  741,  691,  801,  834,  546,  982, 1009,  974,  305,  966,  545,  614,  717,  630,  927, 1095,  307,  997,  168,  501,  295,  736, 1109,  607,  462,  312,  727,  815, 1119,  554,  625,  442,  574,  912, 1004,  941,  685,  442,  561,  598,  743,  289,  352,  399,  918,  296,  272,  981,  623,  857,  665,  690,  708,  474,  288,  706,  724, 1038,  417,  101,  684,  533,  252,  385,  847, 1079,  434,  919,  986,  381,  403,  199,  732,  685,  497,  775,  951,  385,  436,  892,  453,  249, 1067,  950, 1018,  419,  431,  155,  674,  854,  991,  326,  708,  429,  933,  235,  422,  685,  443,  447,  956,  506,  394,  962,  886,  846,  643,  131],
        [  718,    0,  505,  274,  787,  781,  526,  249,  509,  466,  618,  802,  214,  652,  303,  248,  542,  480,  580,  553,  304,  785,  103,  799,  408,  828,  806,  160,  799,  527,  458,  709,  268,  649,  178,  444,  177,  772,    0,  493,  181,  112,  613,  589,  598,  251,  253,  368,  593,  220,  410,  203,  512,  341,  243,  385,  813,  846,  195,  502,  612,  271,  644,  597,  755,  682,  549,  670,  341,  467,  165,  422,  668,  419,  338,  485,  372,  211,  615,  182,  307,  346,  584,  281,  214,  533,  633,  404,  341,  845,  830,  410,  217,  247,  139,   83,  777,  592,  675,  186,   52,  602,  725,  694,  222,  386,  522,  513,  210,  552,  375,  381,  524,  584,  584,  633,  325,  354,  430,  173,  223,  512,  337,  239,  516,  674,  487,  196,  411,  355,  852,  678,  838,  154,  247,  463,  217,  527,  318,  802,  444,  841,  359,  666,  672,  677,  459,  216,  613,  413,  350,  646],
        [  854,    0,  311,  222,  768,  597,  692,  537,  829,  107,  391,  851,  701,  182,  795,  667,  650,  845,  594,  108,  701,  687,  578,  994,  308,  798,  877,  422,  720,  797,  382,  585,  691, 1010,  670,  888,  499, 1052,  493,    0,  646,  596,  676,  274,  442,  741,  279,  218,  596,  537,   87,  483,  892,  771,  564,  867,  683,  779,  592,   57, 1012,  293,  887,  632, 1148,  527,   61,  613,  754,  816,  657,  249,  197,  889,  821,  621,  479,  634,  215,  534,  797,  640,  578,  466,  706,  763,  759,  663,  159, 1225, 1205,   85,  467,  713,  476,  532,  649,  648,  829,  394,  528,  167,  791, 1010,  397,  849,  824,  934,  285,   65,  785,  137,  123,  710,  695,  861,  321,  845,  559,  660,  316,  934,  685,  686,  623,  851,   30,  370,   90,  688,  909, 1019,  741,  341,  334,  828,  375,  965,  761, 1169,  869,  736,  766,  721,  331,  691,  875,  346,  326,  212,  409,  956],
