{
    "name": "random-60-12468",
    "comment": "size=60 seed=12468",
    "nodes": ["+0", "-0", "+1", "-1", "+2", "-2", "+3", "-3", "+4", "-4", "+5", "-5", "+6", "-6", "+7", "-7", "+8", "-8", "+9", "-9", "+10", "-10", "+11", "-11", "+12", "-12", "+13", "-13", "+14", "-14", "+15", "-15", "+16", "-16", "+17", "-17", "+18", "-18", "+19", "-19", "+20", "-20", "+21", "-21", "+22", "-22", "+23", "-23", "+24", "-24", "+25", "-25", "+26", "-26", "+27", "-27", "+28", "-28", "+29", "-29", "+30", "-30", "+31", "-31", "+32", "-32", "+33", "-33", "+34", "-34", "+35", "-35", "+36", "-36", "+37", "-37", "+38", "-38", "+39", "-39", "+40", "-40", "+41", "-41", "+42", "-42", "+43", "-43", "+44", "-44", "+45", "-45", "+46", "-46", "+47", "-47", "+48", "-48", "+49", "-49", "+50", "-50", "+51", "-51", "+52", "-52", "+53", "-53", "+54", "-54", "+55", "-55", "+56", "-56", "+57", "-57", "+58", "-58", "+59", "-59", "+60", "-60"],
    "precedence": {
        "+0": "-0",
        "+1": "-1",
        "+2": "-2",
        "+3": "-3",
        "+4": "-4",
        "+5": "-5",
        "+6": "-6",
        "+7": "-7",
        "+8": "-8",
        "+9": "-9",
        "+10": "-10",
        "+11": "-11",
        "+12": "-12",
        "+13": "-13",
        "+14": "-14",
        "+15": "-15",
        "+16": "-16",
        "+17": "-17",
        "+18": "-18",
        "+19": "-19",
        "+20": "-20",
        "+21": "-21",
        "+22": "-22",
        "+23": "-23",
        "+24": "-24",
        "+25": "-25",
        "+26": "-26",
        "+27": "-27",
        "+28": "-28",
        "+29": "-29",
        "+30": "-30",
        "+31": "-31",
        "+32": "-32",
        "+33": "-33",
        "+34": "-34",
        "+35": "-35",
        "+36": "-36",
        "+37": "-37",
        "+38": "-38",
        "+39": "-39",
        "+40": "-40",
        "+41": "-41",
        "+42": "-42",
        "+43": "-43",
        "+44": "-44",
        "+45": "-45",
        "+46": "-46",
        "+47": "-47",
        "+48": "-48",
        "+49": "-49",
        "+50": "-50",
        "+51": "-51",
        "+52": "-52",
        "+53": "-53",
        "+54": "-54",
        "+55": "-55",
        "+56": "-56",
        "+57": "-57",
        "+58": "-58",
        "+59": "-59",
        "+60": "-60"
    },
    "edges": [
        [    0,    0,  263,  333,  203,  214,  486,  683,  271,  217,  508,  278,  449,  391,  286,  336,  135,  292,  400,  312,  318,  281,  279,  291,  434,  385,   82,  307,  426,  335,  492,  591,  765,  324,  409,  276,  431,  743,  390,  421,  611,  301,  708,  381,  561,  566,  632,  543,  472,  683,  606,  384,  226,  482,  517,  223,  635,  656,  590,  349,  624,  823,  677,  443,  327,  359,  223,  276,  237,  638,  664,  628,  161,  502,  436,  678,  681,  330,  238,  459,  385,  419,  319,  396,  403,  341,  360,  424,  697,  562,  578,  450,  354,  584,  480,  505,  502,  247,  183,  572,  247,  531,  493,  305,  777,  521,  423,  465,  691,  343,  344,  363,  178,  273,  541,  519,  516,  597,  506,  294,  368,  488],
        [    0,    0,    0,    0,    0,    0,    0,    0,    0,    0,    0,    0,    0,    0,    0,    0,    0,    0,    0,    0,    0,    0,    0,    0,    0,    0,    0,    0,    0,    0,    0,    0,    0,    0,    0,    0,    0,    0,    0,    0,    0,    0,    0,    0,    0,    0,    0,    0,    0,    0,    0,    0,    0,    0,    0,    0,    0,    0,    0,    0,    0,    0,    0,    0,    0,    0,    0,    0,    0,    0,    0,    0,    0,    0,    0,    0,    0,    0,    0,    0,    0,    0,    0,    0,    0,    0,    0,    0,    0,    0,    0,    0,    0,    0,    0,    0,    0,    0,    0,    0,    0,    0,    0,    0,    0,    0,    0,    0,    0,    0,    0,    0,    0,    0,    0,    0,    0,    0,    0,    0,    0,    0],
        [  263,    0,    0,  421,  466,  461,  556,  853,  289,  440,  715,  358,  650,  521,  329,  575,  241,  318,  594,  540,  133,  413,  493,  538,  172,  576,  255,  510,  495,  559,  751,  851,  822,  584,  594,   26,  461,  856,  514,  586,  740,  370,  758,  540,  371,  713,  799,  472,  726,  863,  685,  646,  478,  737,  409,  474,  655,  899,  640,  305,  381,  888,  937,  422,  119,  603,  166,   21,  486,  638,  756,  781,  154,  400,  610,  874,  922,  455,  234,  719,  533,  357,  250,  170,  603,  419,  618,  610,  786,  640,  839,  569,  611,  811,  725,  610,  738,  385,  278,  715,  409,  673,  624,  401,  834,  301,  319,  723,  953,  541,  496,  327,  440,  491,  507,  362,  380,  795,  593,  172,  569,  310],
        [  333,    0,  421,    0,  382,  477,  154,  444,  138,  232,  356,  610,  294,  719,   97,  587,  217,  114,  242,  585,  350,   73,  224,  534,  545,  687,  255,  607,  759,  611,  642,  638,  434,  511,  713,  446,  118,  437,  719,  195,  319,  632,  375,  154,  464,  297,  389,  299,  658,  461,  279,  481,  322,  507,  326,  474,  308,  594,  258,  186,  611,  494,  707,  179,  376,  360,  502,  441,  314,  318,  343,  366,  280,  309,  225,  487,  609,   61,  190,  518,  135,  220,  611,  425,  257,  673,  547,  726,  375,  233,  625,  150,  425,  477,  452,  191,  437,  579,  163,  298,  122,  256,  206,  638,  446,  486,  274,  513,  749,  214,  118,  176,  367,  234,  257,  392,  359,  414,  838,  286,  664,  402],
        [  203,    0,  466,  382,    0,  118,  513,  587,  392,  157,  386,  373,  343,  407,  386,  207,  281,  402,  312,  215,  507,  311,  199,  155,  637,  329,  233,  257,  487,  239,  298,  389,  770,  138,  356,  479,  499,  701,  412,  366,  565,  396,  722,  344,  733,  507,  545,  659,  292,  577,  607,  182,   79,  288,  656,  107,  681,  476,  617,  481,  817,  816,  476,  543,  519,  195,  406,  479,   95,  697,  647,  556,  347,  639,  368,  554,  502,  346,  385,  259,  360,  546,  482,  590,  307,  415,  176,  367,  679,  569,  377,  439,  159,  428,  304,  497,  338,  307,  299,  516,  261,  482,  462,  378,  779,  707,  570,  267,  488,  266,  325,  488,   26,  188,  633,  681,  667,  477,  538,  470,  302,  660],
        [  214,    0,  461,  477,  118,    0,  617,  704,  460,  266,  501,  280,  460,  291,  463,  123,  332,  475,  429,  109,  531,  409,  315,   78,  629,  215,  276,  141,  377,  134,  299,  442,  881,  138,  242,  468,  591,  817,  297,  482,  681,  301,  831,  457,  774,  624,  662,  735,  266,  693,  718,  247,  196,  366,  720,   19,  782,  564,  722,  547,  834,  929,  528,  624,  538,  304,  362,  470,  212,  795,  761,  674,  375,  704,  484,  666,  591,  449,  440,  326,  472,  615,  417,  607,  425,  312,  165,  254,  793,  678,  431,  550,  247,  532,  400,  609,  440,  207,  365,  633,  361,  598,  576,  276,  891,  734,  628,  338,  526,  382,  435,  557,  119,  303,  718,  730,  723,  591,  422,  507,  189,  701],
        [  486,    0,  556,  154,  513,  617,    0,  371,  268,  357,  362,  763,  317,  870,  230,  720,  369,  239,  283,  724,  464,  212,  328,  667,  658,  830,  408,  752,  912,  749,  743,  701,  280,  632,  856,  581,  107,  305,  871,  209,  215,  785,  222,  196,  506,  222,  321,  277,  769,  398,  130,  577,  443,  574,  340,  612,  170,  612,  106,  272,  676,  341,  758,  189,  491,  443,  651,  576,  432,  196,  201,  283,  425,  326,  235,  443,  622,  169,  324,  597,  172,  265,  760,  526,  298,  826,  666,  869,  231,   84,  690,  106,  521,  486,  505,   86,  475,  731,  315,  218,  258,  188,  142,  791,  292,  555,  331,  588,  810,  286,  194,  253,  502,  339,  205,  430,  388,  388,  991,  401,  806,  460],
        [  683,    0,  853,  444,  587,  704,  371,    0,  581,  471,  208,  941,  245,  993,  540,  758,  620,  557,  285,  785,  793,  441,  409,  715,  988,  905,  629,  840, 1070,  806,  669,  534,  378,  641,  930,  877,  472,  207,  998,  269,  166,  965,  380,  314,  875,  152,   55,  645,  723,   39,  305,  529,  511,  450,  710,  690,  453,  360,  380,  620, 1040,  376,  552,  557,  819,  409,  896,  873,  495,  500,  261,   89,  702,  696,  248,  107,  355,  400,  630,  496,  321,  630,  999,  868,  285,  993,  660,  938,  268,  320,  528,  300,  489,  254,  369,  286,  318,  884,  576,  154,  450,  191,  243,  955,  379,  917,  694,  481,  617,  341,  358,  605,  593,  418,  569,  799,  758,  129, 1125,  729,  875,  825],
        [  271,    0,  289,  138,  392,  460,  268,  581,    0,  274,  477,  528,  413,  658,   42,  581,  136,   30,  356,  567,  213,  157,  297,  530,  408,  653,  191,  573,  680,  592,  681,  713,  540,  529,  677,  314,  180,  567,  657,  324,  455,  548,  477,  280,  362,  434,  526,  276,  683,  596,  397,  532,  355,  584,  264,  463,  385,  700,  358,   90,  489,  604,  790,  173,  239,  435,  391,  309,  352,  379,  467,  503,  162,  247,  353,  619,  719,  185,   56,  585,  266,  156,  499,  291,  369,  594,  567,  692,  498,  352,  701,  287,  481,  592,  543,  323,  539,  512,   96,  435,  182,  394,  343,  562,  552,  366,  182,  583,  824,  315,  238,   98,  371,  302,  271,  299,  278,  544,  767,  149,  634,  293],
        [  217,    0,  440,  232,  157,  266,  357,  471,  274,    0,  292,  471,  233,  541,  256,  364,  207,  275,  186,  369,  439,  160,   63,  311,  604,  481,  186,  405,  605,  394,  415,  442,  615,  280,  507,  459,  349,  558,  544,  223,  422,  495,  566,  193,  633,  369,  423,  522,  427,  470,  453,  259,   91,  316,  531,  259,  525,  460,  461,  361,  744,  664,  522,  402,  458,  170,  439,  457,   83,  543,  496,  426,  293,  513,  231,  462,  482,  191,  286,  312,  207,  419,  536,  524,  188,  525,  316,  519,  528,  413,  430,  284,  208,  374,  288,  343,  299,  418,  196,  376,  111,  339,  312,  487,  625,  625,  455,  311,  553,  131,  170,  363,  148,   57,  488,  572,  551,  381,  669,  387,  455,  562],
        [  508,    0,  715,  356,  386,  501,  362,  208,  477,  292,    0,  750,   66,  791,  441,  551,  474,  461,  123,  578,  682,  321,  230,  509,  867,  698,  470,  635,  872,  599,  472,  366,  503,  434,  723,  736,  433,  371,  797,  165,  256,  774,  480,  203,  819,  194,  177,  628,  521,  193,  370,  324,  313,  259,  673,  486,  505,  251,  425,  541,  964,  525,  408,  517,  706,  202,  730,  733,  297,  544,  368,  207,  562,  657,  135,  172,  261,  298,  515,  300,  223,  573,  827,  765,  112,  798,  453,  731,  390,  357,  357,  259,  282,  125,  176,  288,  130,  689,  441,  205,  309,  199,  227,  760,  508,  840,  630,  286,  466,  174,  241,  531,  394,  236,  563,  746,  711,   92,  922,  621,  669,  758],
        [  278,    0,  358,  610,  373,  280,  763,  941,  528,  471,  750,    0,  699,  165,  552,  334,  399,  554,  656,  285,  480,  559,  532,  328,  484,  257,  356,  221,  152,  290,  553,  717, 1042,  411,  265,  350,  700, 1018,  157,  689,  885,   24,  984,  653,  728,  836,  894,  784,  502,  937,  884,  526,  439,  645,  739,  298,  907,  842,  866,  591,  725, 1101,  802,  699,  472,  567,  196,  355,  454,  905,  941,  895,  376,  726,  701,  921,  869,  608,  483,  606,  659,  658,  175,  527,  657,   67,  429,  280,  974,  839,  707,  727,  524,  801,  674,  783,  710,   77,  452,  843,  523,  803,  768,   44, 1054,  658,  642,  618,  793,  602,  618,  609,  359,  524,  796,  711,  722,  842,  243,  491,  263,  663],
        [  449,    0,  650,  294,  343,  460,  317,  245,  413,  233,   66,  699,    0,  749,  377,  522,  410,  397,   58,  545,  617,  256,  171,  476,  802,  664,  407,  597,  825,  567,  469,  390,  490,  408,  690,  672,  378,  378,  754,  111,  250,  722,  459,  142,  758,  186,  203,  574,  512,  239,  345,  311,  266,  270,  615,  446,  470,  303,  391,  478,  900,  520,  443,  460,  641,  176,  669,  669,  250,  506,  355,  220,  497,  599,   83,  230,  317,  235,  450,  304,  165,  512,  768,  700,   48,  749,  432,  699,  381,  325,  380,  212,  262,  183,  193,  250,  159,  640,  376,  197,  244,  178,  191,  711,  496,  776,  568,  291,  496,  110,  178,  470,  348,  178,  512,  685,  652,  149,  880,  556,  635,  695],
        [  391,    0,  521,  719,  407,  291,  870,  993,  658,  541,  791,  165,  749,    0,  676,  278,  524,  682,  716,  232,  638,  659,  596,  299,  648,  141,  473,  163,  114,  223,  491,  678, 1145,  388,  134,  513,  821, 1098,   13,  763,  962,  160, 1090,  733,  888,  907,  951,  925,  428,  983,  983,  514,  484,  634,  887,  306, 1024,  833,  975,  731,  890, 1198,  757,  831,  632,  593,  360,  518,  500, 1028, 1033,  960,  519,  874,  768,  956,  861,  706,  619,  588,  744,  799,  329,  690,  712,  118,  391,  144, 1065,  940,  670,  818,  529,  817,  681,  876,  725,  148,  573,  916,  617,  879,  852,  122, 1156,  821,  790,  602,  734,  666,  704,  747,  403,  586,  929,  867,  874,  882,  132,  643,  163,  822],
        [  286,    0,  329,   97,  386,  463,  230,  540,   42,  256,  441,  552,  377,  676,    0,  581,  154,   21,  321,  571,  254,  124,  272,  530,  449,  662,  204,  582,  703,  596,  669,  691,  505,  523,  687,  354,  150,  527,  675,  286,  414,  573,  443,  242,  388,  393,  486,  274,  675,  556,  360,  515,  342,  560,  275,  464,  356,  669,  324,  108,  524,  569,  765,  161,  280,  411,  424,  349,  337,  354,  428,  462,  196,  258,  315,  580,  687,  146,   95,  564,  226,  163,  532,  330,  335,  617,  560,  702,  460,  314,  678,  246,  463,  558,  515,  283,  508,  531,  104,  394,  156,  353,  302,  584,  517,  399,  202,  561,  802,  283,  201,  107,  367,  279,  257,  321,  296,  505,  788,  190,  642,  322],
        [  336,    0,  575,  587,  207,  123,  720,  758,  581,  364,  551,  334,  522,  278,  581,    0,  454,  594,  503,   50,  652,  517,  402,   53,  739,  154,  399,  120,  385,   56,  222,  401,  974,  120,  177,  580,  703,  894,  288,  565,  760,  350,  927,  547,  896,  699,  723,  854,  169,  742,  812,  245,  280,  361,  841,  119,  888,  559,  824,  668,  952, 1018,  481,  741,  658,  350,  460,  583,  294,  903,  848,  741,  497,  825,  562,  706,  586,  553,  562,  313,  564,  736,  495,  727,  495,  343,  115,  182,  879,  775,  393,  644,  272,  555,  417,  702,  465,  258,  486,  709,  467,  678,  663,  314,  983,  854,  750,  328,  465,  463,  531,  678,  220,  390,  834,  853,  846,  637,  401,  629,  124,  823],
        [  135,    0,  241,  217,  281,  332,  369,  620,  136,  207,  474,  399,  410,  524,  154,  454,    0,  158,  354,  437,  235,  184,  254,  405,  399,  518,   57,  439,  550,  461,  578,  641,  649,  417,  542,  263,  302,  648,  522,  351,  522,  420,  589,  307,  452,  486,  566,  410,  571,  628,  495,  444,  265,  518,  389,  337,  508,  665,  470,  217,  544,  710,  723,  308,  252,  375,  288,  260,  268,  507,  558,  554,   88,  373,  374,  635,  687,  231,  109,  508,  303,  286,  396,  320,  363,  464,  455,  557,  591,  449,  628,  353,  400,  573,  495,  403,  503,  378,   55,  490,  171,  448,  403,  431,  661,  429,  297,  510,  748,  301,  263,  230,  257,  255,  406,  402,  392,  555,  635,  190,  500,  379],
        [  292,    0,  318,  114,  402,  475,  239,  557,   30,  275,  461,  554,  397,  682,   21,  594,  158,    0,  342,  583,  237,  144,  292,  543,  432,  672,  211,  592,  705,  608,  686,  710,  511,  538,  696,  343,  152,  539,  680,  305,  429,  574,  448,  262,  368,  409,  503,  260,  691,  574,  368,  534,  359,  580,  257,  477,  357,  689,  329,   88,  503,  575,  786,  151,  264,  431,  420,  338,  355,  352,  438,  478,  191,  240,  334,  599,  707,  166,   85,  583,  245,  146,  528,  312,  356,  619,  576,  711,  469,  323,  698,  261,  482,  578,  536,  296,  529,  536,  112,  410,  176,  369,  318,  587,  523,  379,  183,  581,  822,  303,  221,   89,  381,  298,  249,  301,  277,  525,  792,  173,  652,  301],
        [  400,    0,  594,  242,  312,  429,  283,  285,  356,  186,  123,  656,   58,  716,  321,  503,  354,  342,    0,  521,  560,  200,  125,  454,  745,  639,  354,  569,  787,  544,  475,  419,  484,  394,  665,  616,  332,  392,  720,   77,  258,  680,  447,   94,  704,  197,  238,  528,  511,  284,  331,  311,  234,  293,  565,  418,  444,  353,  367,  424,  844,  521,  479,  412,  584,  172,  618,  613,  218,  476,  352,  245,  441,  549,   61,  283,  368,  182,  393,  319,  118,  461,  718,  643,   17,  709,  422,  675,  382,  304,  408,  179,  258,  237,  223,  227,  199,  601,  319,  207,  187,  177,  174,  671,  492,  720,  515,  309,  528,   57,  124,  416,  314,  133,  470,  633,  600,  202,  846,  500,  611,  641],
        [  312,    0,  540,  585,  215,  109,  724,  785,  567,  369,  578,  285,  545,  232,  571,   50,  437,  583,  521,    0,  623,  516,  413,   71,  701,  120,  381,   72,  338,   26,  271,  449,  984,  157,  145,  543,  699,  912,  242,  579,  777,  300,  935,  558,  871,  717,  747,  842,  218,  771,  821,  284,  292,  402,  825,  112,  889,  602,  828,  652,  919, 1030,  530,  732,  628,  377,  418,  546,  307,  902,  861,  763,  472,  809,  579,  737,  629,  555,  545,  356,  574,  721,  448,  696,  515,  293,  160,  155,  892,  782,  440,  653,  305,  591,  454,  711,  500,  210,  472,  727,  468,  694,  676,  264,  993,  824,  732,  370,  514,  478,  539,  664,  222,  401,  827,  831,  826,  667,  359,  605,   91,  798],
        [  318,    0,  133,  350,  507,  531,  464,  793,  213,  439,  682,  480,  617,  638,  254,  652,  235,  237,  560,  623,    0,  364,  479,  609,  197,  677,  275,  605,  622,  645,  803,  875,  714,  638,  697,  154,  361,  768,  632,  535,  664,  494,  651,  491,  253,  646,  739,  342,  788,  809,  590,  676,  498,  752,  276,  540,  541,  892,  537,  196,  311,  782,  957,  307,   28,  608,  294,  147,  502,  519,  663,  715,  161,  268,  563,  830,  913,  397,  168,  742,  477,  234,  383,   86,  572,  544,  675,  713,  692,  546,  862,  498,  634,  791,  725,  530,  729,  496,  247,  647,  376,  606,  554,  522,  727,  203,  189,  744,  982,  513,  447,  216,  482,  482,  384,  232,  248,  753,  719,   65,  666,  184],
        [  281,    0,  413,   73,  311,  409,  212,  441,  157,  160,  321,  559,  256,  659,  124,  517,  184,  144,  200,  516,  364,    0,  157,  464,  553,  620,  209,  541,  706,  541,  571,  574,  487,  439,  646,  437,  190,  467,  660,  174,  339,  582,  431,  129,  511,  303,  387,  367,  586,  452,  326,  411,  250,  443,  386,  405,  374,  546,  317,  229,  646,  543,  647,  247,  388,  295,  470,  433,  242,  387,  383,  371,  262,  369,  201,  468,  563,   49,  196,  451,  121,  276,  578,  445,  213,  621,  475,  660,  416,  282,  562,  171,  356,  435,  394,  225,  385,  522,  136,  307,   50,  264,  220,  585,  498,  522,  323,  447,  686,  160,   85,  225,  297,  165,  329,  442,  414,  390,  782,  302,  596,  445],
        [  279,    0,  493,  224,  199,  315,  328,  409,  297,   63,  230,  532,  171,  596,  272,  402,  254,  292,  125,  413,  479,  157,    0,  350,  652,  528,  242,  455,  665,  437,  421,  420,  573,  305,  555,  513,  338,  504,  600,  168,  368,  556,  527,  146,  658,  312,  362,  523,  442,  407,  411,  257,  122,  289,  542,  305,  497,  413,  428,  379,  780,  618,  494,  402,  501,  140,  500,  511,  108,  520,  448,  366,  342,  524,  173,  400,  434,  172,  319,  295,  164,  431,  598,  565,  126,  585,  339,  566,  480,  375,  407,  243,  202,  319,  248,  301,  250,  478,  233,  320,  116,  284,  263,  547,  582,  658,  474,  291,  531,   70,  134,  377,  196,   13,  480,  592,  567,  319,  726,  424,  501,  589],
        [  291,    0,  538,  534,  155,   78,  667,  715,  530,  311,  509,  328,  476,  299,  530,   53,  405,  543,  454,   71,  609,  464,  350,    0,  705,  190,  350,  136,  399,   91,  230,  392,  922,   90,  215,  545,  650,  845,  307,  515,  711,  346,  875,  495,  850,  651,  678,  802,  191,  701,  760,  216,  229,  336,  791,   69,  835,  536,  771,  617,  911,  967,  476,  689,  616,  307,  434,  547,  243,  850,  798,  695,  451,  775,  513,  667,  563,  500,  513,  291,  513,  685,  479,  685,  447,  347,  102,  223,  829,  723,  382,  592,  234,  522,  385,  650,  430,  251,  435,  660,  414,  629,  613,  314,  932,  811,  701,  305,  467,  413,  479,  627,  168,  338,  782,  805,  797,  597,  427,  583,  161,  777],
        [  434,    0,  172,  545,  637,  629,  658,  988,  408,  604,  867,  484,  802,  648,  449,  739,  399,  432,  745,  701,  197,  553,  652,  705,    0,  724,  422,  664,  599,  718,  922, 1022,  901,  754,  739,  161,  554,  963,  639,  726,  860,  489,  838,  681,  314,  841,  933,  502,  894, 1002,  783,  817,  648,  906,  422,  642,  724, 1063,  727,  388,  247,  970, 1107,  493,  170,  770,  294,  160,  655,  696,  857,  910,  311,  420,  753, 1020, 1085,  589,  359,  889,  670,  415,  332,  142,  755,  536,  788,  754,  885,  740, 1009,  693,  782,  970,  891,  726,  901,  528,  426,  842,  558,  801,  750,  527,  914,  219,  357,  894, 1124,  694,  637,  408,  612,  653,  559,  341,  377,  942,  697,  261,  721,  281],
        [  385,    0,  576,  687,  329,  215,  830,  905,  653,  481,  698,  257,  664,  141,  662,  154,  518,  672,  639,  120,  677,  620,  528,  190,  724,    0,  462,   81,  254,  100,  354,  545, 1096,  272,   27,  575,  798, 1029,  152,  695,  894,  264, 1045,  672,  929,  835,  866,  927,  289,  890,  933,  398,  408,  514,  902,  224,  993,  711,  936,  734,  956, 1144,  622,  822,  677,  497,  431,  578,  423, 1004,  975,  882,  537,  887,  696,  856,  738,  662,  623,  466,  687,  803,  432,  741,  633,  238,  267,   40, 1007,  893,  538,  764,  423,  708,  570,  823,  617,  198,  560,  844,  573,  811,  791,  222, 1106,  872,  806,  481,  596,  595,  650,  747,  334,  516,  919,  897,  897,  786,  252,  669,   30,  858],
        [   82,    0,  255,  255,  233,  276,  408,  629,  191,  186,  470,  356,  407,  473,  204,  399,   57,  211,  354,  381,  275,  209,  242,  350,  422,  462,    0,  383,  505,  405,  530,  604,  688,  367,  487,  274,  349,  674,  472,  362,  545,  378,  629,  320,  503,  504,  577,  465,  519,  634,  531,  403,  227,  486,  445,  282,  555,  644,  511,  273,  586,  747,  688,  362,  289,  349,  268,  272,  233,  556,  590,  569,  117,  429,  381,  636,  667,  258,  165,  471,  320,  342,  373,  359,  360,  419,  404,  502,  623,  485,  591,  379,  363,  559,  470,  433,  484,  328,  101,  509,  182,  467,  426,  385,  699,  475,  352,  474,  710,  298,  279,  286,  208,  239,  460,  456,  447,  555,  587,  238,  444,  430],
        [  307,    0,  510,  607,  257,  141,  752,  840,  573,  405,  635,  221,  597,  163,  582,  120,  439,  592,  569,   72,  605,  541,  455,  136,  664,   81,  383,    0,  267,   70,  341,  520, 1019,  225,  106,  510,  718,  957,  172,  622,  821,  235,  968,  597,  855,  764,  800,  848,  284,  828,  856,  352,  336,  471,  823,  152,  914,  671,  857,  655,  890, 1068,  601,  742,  606,  435,  374,  513,  352,  924,  900,  813,  461,  808,  624,  797,  698,  584,  544,  425,  611,  724,  391,  671,  564,  224,  231,  120,  932,  815,  511,  688,  368,  655,  519,  747,  564,  150,  480,  773,  495,  738,  716,  197, 1029,  802,  728,  439,  584,  522,  573,  668,  259,  443,  839,  821,  820,  725,  292,  593,   63,  784],
        [  426,    0,  495,  759,  487,  377,  912, 1070,  680,  605,  872,  152,  825,  114,  703,  385,  550,  705,  787,  338,  622,  706,  665,  399,  599,  254,  505,  267,    0,  331,  602,  785, 1191,  489,  247,  482,  852, 1159,  102,  827, 1025,  133, 1133,  793,  866,  973, 1025,  934,  540, 1063, 1031,  614,  560,  734,  887,  394, 1058,  934, 1016,  742,  845, 1248,  866,  850,  612,  680,  330,  488,  576, 1057, 1086, 1030,  527,  875,  836, 1040,  961,  754,  634,  690,  801,  809,  268,  662,  786,   87,  497,  255, 1119,  987,  777,  871,  623,  909,  776,  928,  817,  187,  603,  981,  668,  942,  910,  122, 1202,  789,  791,  703,  846,  735,  760,  761,  478,  655,  947,  854,  867,  964,   99,  638,  275,  804],
        [  335,    0,  559,  611,  239,  134,  749,  806,  592,  394,  599,  290,  567,  223,  596,   56,  461,  608,  544,   26,  645,  541,  437,   91,  718,  100,  405,   70,  331,    0,  272,  456, 1008,  173,  125,  561,  724,  935,  233,  603,  800,  304,  960,  582,  893,  741,  769,  867,  215,  791,  846,  299,  316,  416,  849,  137,  915,  614,  853,  677,  938, 1055,  535,  757,  649,  398,  432,  564,  330,  928,  885,  785,  494,  833,  602,  756,  642,  581,  569,  368,  599,  746,  457,  716,  537,  293,  170,  133,  917,  807,  448,  677,  323,  608,  471,  736,  517,  217,  497,  750,  493,  718,  700,  266, 1018,  845,  756,  383,  517,  502,  563,  688,  247,  426,  852,  854,  849,  687,  346,  627,   71,  821],
        [  492,    0,  751,  642,  298,  299,  743,  669,  681,  415,  472,  553,  469,  491,  669,  222,  578,  686,  475,  271,  803,  571,  421,  230,  922,  354,  530,  341,  602,  272,    0,  198,  957,  168,  370,  761,  758,  841,  501,  550,  718,  570,  922,  549, 1029,  655,  647,  936,   69,  644,  805,  166,  328,  221,  943,  283,  911,  389,  837,  770, 1113,  988,  269,  816,  815,  304,  661,  762,  332,  937,  823,  678,  643,  925,  535,  592,  414,  592,  680,  174,  573,  831,  709,  885,  462,  564,  135,  368,  850,  777,  194,  648,  222,  428,  301,  700,  352,  477,  592,  666,  524,  646,  648,  535,  964, 1004,  862,  189,  245,  459,  552,  774,  322,  410,  899,  975,  958,  541,  605,  767,  329,  956],
        [  591,    0,  851,  638,  389,  442,  701,  534,  713,  442,  366,  717,  390,  678,  691,  401,  641,  710,  419,  449,  875,  574,  420,  392, 1022,  545,  604,  520,  785,  456,  198,    0,  868,  307,  563,  865,  743,  728,  688,  494,  621,  737,  845,  509, 1074,  560,  526,  936,  267,  503,  733,  207,  377,  132,  960,  424,  859,  204,  780,  797, 1184,  888,   88,  816,  891,  280,  791,  865,  373,  894,  733,  565,  720,  943,  470,  441,  227,  580,  727,  134,  534,  850,  857,  960,  403,  738,  291,  563,  756,  714,   13,  597,  242,  280,  198,  640,  237,  642,  638,  571,  535,  563,  581,  706,  874, 1066,  892,  132,  112,  427,  527,  796,  413,  413,  885, 1011,  986,  410,  797,  827,  518, 1004],
        [  765,    0,  822,  434,  770,  881,  280,  378,  540,  615,  503, 1042,  490, 1145,  505,  974,  649,  511,  484,  984,  714,  487,  573,  922,  901, 1096,  688, 1019, 1191, 1008,  957,  868,    0,  873, 1122,  847,  361,  180, 1146,  413,  248, 1065,   64,  427,  681,  309,  359,  426,  995,  416,  163,  795,  694,  757,  511,  873,  182,  724,  182,  520,  862,   69,  905,  409,  741,  656,  928,  841,  680,  221,  136,  313,  700,  504,  424,  484,  723,  440,  595,  793,  410,  487, 1037,  761,  497, 1105,  903, 1134,  115,  205,  859,  332,  742,  603,  676,  273,  633, 1008,  595,  298,  528,  312,  313, 1070,   13,  755,  547,  780,  966,  513,  446,  499,  763,  585,  352,  611,  565,  473, 1268,  656, 1069,  658],
        [  324,    0,  584,  511,  138,  138,  632,  641,  529,  280,  434,  411,  408,  388,  523,  120,  417,  538,  394,  157,  638,  439,  305,   90,  754,  272,  367,  225,  489,  173,  168,  307,  873,    0,  296,  594,  628,  783,  396,  461,  651,  431,  830,  448,  869,  589,  607,  794,  154,  624,  714,  128,  190,  247,  793,  120,  801,  446,  733,  619,  947,  914,  392,  677,  649,  234,  498,  595,  201,  821,  744,  628,  478,  776,  455,  587,  473,  469,  522,  201,  468,  683,  554,  719,  385,  435,   39,  302,  774,  679,  297,  547,  153,  437,  299,  604,  346,  336,  437,  599,  390,  571,  561,  401,  882,  840,  708,  215,  389,  361,  439,  625,  161,  293,  766,  818,  805,  519,  515,  604,  243,  796],
        [  409,    0,  594,  713,  356,  242,  856,  930,  677,  507,  723,  265,  690,  134,  687,  177,  542,  696,  665,  145,  697,  646,  555,  215,  739,   27,  487,  106,  247,  125,  370,  563, 1122,  296,    0,  591,  823, 1055,  146,  722,  920,  270, 1071,  698,  949,  861,  892,  951,  304,  915,  959,  421,  434,  536,  924,  250, 1019,  732,  962,  758,  972, 1170,  638,  847,  696,  522,  445,  595,  449, 1029, 1002,  908,  559,  910,  722,  881,  759,  688,  646,  487,  713,  827,  440,  759,  659,  240,  289,   17, 1033,  919,  556,  791,  447,  732,  594,  850,  641,  211,  585,  871,  599,  837,  817,  228, 1132,  891,  829,  503,  611,  621,  676,  771,  360,  543,  944,  918,  919,  811,  236,  690,   55,  879],
        [  276,    0,   26,  446,  479,  468,  581,  877,  314,  459,  736,  350,  672,  513,  354,  580,  263,  343,  616,  543,  154,  437,  513,  545,  161,  575,  274,  510,  482,  561,  761,  865,  847,  594,  591,    0,  486,  881,  506,  609,  765,  359,  783,  564,  384,  737,  823,  494,  734,  887,  710,  659,  494,  753,  430,  482,  680,  917,  666,  330,  382,  913,  951,  446,  136,  621,  155,    7,  503,  662,  781,  806,  176,  421,  633,  897,  940,  479,  259,  733,  557,  380,  232,  180,  625,  409,  627,  607,  812,  665,  853,  594,  627,  832,  743,  636,  758,  381,  302,  740,  431,  697,  649,  393,  859,  309,  341,  739,  966,  563,  520,  352,  453,  512,  531,  379,  399,  817,  581,  196,  569,  325],
        [  431,    0,  461,  118,  499,  591,  107,  472,  180,  349,  433,  700,  378,  821,  150,  703,  302,  152,  332,  699,  361,  190,  338,  650,  554,  798,  349,  718,  852,  724,  758,  743,  361,  628,  823,  486,    0,  411,  820,  269,  320,  722,  299,  239,  404,  321,  420,  196,  775,  496,  230,  595,  439,  613,  244,  589,  207,  680,  180,  167,  570,  427,  809,   87,  388,  470,  570,  481,  431,  208,  303,  385,  342,  229,  298,  536,  693,  167,  234,  628,  215,  159,  678,  420,  348,  766,  665,  837,  331,  187,  731,  181,  540,  557,  552,  187,  531,  677,  250,  318,  239,  283,  232,  732,  374,  449,  225,  622,  855,  317,  217,  147,  483,  349,  143,  328,  288,  473,  936,  300,  775,  355],
        [  743,    0,  856,  437,  701,  817,  305,  207,  567,  558,  371, 1018,  378, 1098,  527,  894,  648,  539,  392,  912,  768,  467,  504,  845,  963, 1029,  674,  957, 1159,  935,  841,  728,  180,  783, 1055,  881,  411,    0, 1101,  336,  136, 1042,  202,  367,  789,  195,  203,  538,  888,  245,  185,  687,  622,  629,  617,  807,  306,  565,  256,  576,  966,  169,  753,  483,  795,  553,  935,  876,  607,  354,  112,  165,  716,  606,  334,  314,  561,  418,  622,  670,  359,  563, 1043,  830,  400, 1077,  809, 1066,   94,  225,  720,  296,  639,  451,  546,  247,  498,  973,  596,  186,  496,  220,  251, 1040,  178,  850,  629,  656,  817,  435,  401,  557,  699,  515,  459,  715,  669,  319, 1227,  705, 1001,  753],
        [  390,    0,  514,  719,  412,  297,  871,  998,  657,  544,  797,  157,  754,   13,  675,  288,  522,  680,  720,  242,  632,  660,  600,  307,  639,  152,  472,  172,  102,  233,  501,  688, 1146,  396,  146,  506,  820, 1101,    0,  766,  966,  151, 1091,  735,  882,  911,  956,  922,  439,  989,  984,  523,  488,  642,  883,  312, 1024,  842,  976,  728,  881, 1200,  767,  829,  626,  599,  352,  511,  505, 1027, 1035,  965,  516,  870,  772,  962,  869,  707,  617,  596,  746,  796,  319,  683,  717,  108,  401,  156, 1068,  941,  680,  820,  537,  824,  689,  878,  732,  145,  572,  919,  618,  882,  854,  114, 1157,  814,  787,  611,  745,  670,  706,  744,  407,  590,  927,  861,  870,  887,  127,  638,  174,  816],
        [  421,    0,  586,  195,  366,  482,  209,  269,  324,  223,  165,  689,  111,  763,  286,  565,  351,  305,   77,  579,  535,  174,  168,  515,  726,  695,  362,  622,  827,  603,  550,  494,  413,  461,  722,  609,  269,  336,  766,    0,  200,  713,  373,   46,  656,  147,  216,  464,  584,  278,  256,  385,  288,  368,  508,  472,  368,  412,  291,  380,  805,  454,  550,  352,  561,  246,  629,  605,  273,  401,  284,  208,  434,  492,   31,  295,  425,  140,  368,  395,   61,  408,  734,  614,   92,  746,  491,  733,  315,  228,  482,  104,  331,  289,  297,  151,  268,  640,  308,  154,  182,  117,  101,  708,  422,  681,  467,  385,  602,  102,   90,  369,  364,  180,  402,  582,  547,  220,  892,  472,  668,  596],
        [  611,    0,  740,  319,  565,  681,  215,  166,  455,  422,  256,  885,  250,  962,  414,  760,  522,  429,  258,  777,  664,  339,  368,  711,  860,  894,  545,  821, 1025,  800,  718,  621,  248,  651,  920,  765,  320,  136,  966,  200,    0,  908,  232,  232,  720,   64,  127,  482,  761,  199,  141,  560,  487,  513,  552,  671,  289,  481,  215,  479,  890,  271,  658,  403,  691,  423,  808,  760,  471,  336,  114,   80,  595,  539,  199,  258,  482,  291,  508,  550,  226,  479,  916,  732,  267,  942,  678,  931,  135,  155,  612,  171,  510,  357,  431,  136,  386,  838,  472,   53,  365,   84,  119,  905,  253,  769,  545,  537,  719,  300,  268,  461,  563,  379,  405,  644,  601,  230, 1091,  600,  866,  674],
        [  301,    0,  370,  632,  396,  301,  785,  965,  548,  495,  774,   24,  722,  160,  573,  350,  420,  574,  680,  300,  494,  582,  556,  346,  489,  264,  378,  235,  133,  304,  570,  737, 1065,  431,  270,  359,  722, 1042,  151,  713,  908,    0, 1006,  676,  740,  859,  917,  802,  517,  961,  907,  547,  462,  666,  755,  319,  928,  864,  888,  610,  732, 1123,  822,  718,  485,  590,  205,  365,  478,  926,  964,  919,  395,  743,  725,  944,  891,  631,  502,  627,  683,  676,  171,  538,  680,   51,  448,  284,  997,  862,  727,  750,  546,  824,  697,  806,  733,   96,  474,  866,  547,  826,  792,   43, 1076,  668,  659,  639,  811,  625,  641,  628,  383,  547,  815,  725,  737,  865,  227,  507,  272,  676],
        [  708,    0,  758,  375,  722,  831,  222,  380,  477,  566,  480,  984,  459, 1090,  443,  927,  589,  448,  447,  935,  651,  431,  527,  875,  838, 1045,  629,  968, 1133,  960,  922,  845,   64,  830, 1071,  783,  299,  202, 1091,  373,  232, 1006,    0,  383,  622,  288,  353,  366,  957,  417,  118,  758,  648,  729,  451,  824,  122,  712,  120,  457,  802,  132,  886,  346,  677,  619,  867,  778,  634,  165,  120,  306,  638,  444,  387,  482,  713,  386,  532,  761,  363,  423,  975,  698,  461, 1048,  861, 1084,  115,  153,  835,  284,  704,  588,  650,  227,  609,  952,  535,  277,  475,  283,  274, 1012,   77,  694,  485,  750,  945,  471,  397,  435,  713,  539,  292,  551,  505,  461, 1212,  593, 1020,  597],
        [  381,    0,  540,  154,  344,  457,  196,  314,  280,  193,  203,  653,  142,  733,  242,  547,  307,  262,   94,  558,  491,  129,  146,  495,  681,  672,  320,  597,  793,  582,  549,  509,  427,  448,  698,  564,  239,  367,  735,   46,  232,  676,  383,    0,  617,  185,  260,  435,  579,  323,  266,  384,  267,  381,  474,  449,  362,  444,  289,  339,  763,  473,  571,  319,  516,  248,  587,  560,  253,  391,  304,  250,  389,  457,   73,  340,  458,   97,  323,  402,   26,  371,  692,  570,  110,  711,  480,  710,  336,  232,  498,  100,  328,  324,  315,  156,  292,  606,  263,  191,  139,  150,  120,  673,  437,  639,  428,  394,  619,   91,   45,  329,  338,  158,  378,  544,  510,  264,  860,  428,  645,  556],
        [  561,    0,  371,  464,  733,  774,  506,  875,  362,  633,  819,  728,  758,  888,  388,  896,  452,  368,  704,  871,  253,  511,  658,  850,  314,  929,  503,  855,  866,  893, 1029, 1074,  681,  869,  949,  384,  404,  789,  882,  656,  720,  740,  622,  617,    0,  725,  824,  256, 1022,  900,  606,  888,  709,  945,  173,  781,  501, 1055,  534,  282,  182,  749, 1151,  319,  256,  796,  536,  378,  709,  461,  678,  788,  400,  184,  686,  938, 1071,  523,  351,  945,  596,  249,  611,  205,  719,  790,  907,  965,  699,  573, 1061,  583,  840,  940,  903,  590,  895,  748,  441,  721,  543,  687,  636,  770,  693,   98,  190,  943, 1185,  670,  580,  289,  709,  664,  333,   77,  121,  871,  964,  268,  917,   74],
        [  566,    0,  713,  297,  507,  624,  222,  152,  434,  369,  194,  836,  186,  907,  393,  699,  486,  409,  197,  717,  646,  303,  312,  651,  841,  835,  504,  764,  973,  741,  655,  560,  309,  589,  861,  737,  321,  195,  911,  147,   64,  859,  288,  185,  725,    0,  100,  498,  698,  176,  185,  497,  428,  449,  561,  613,  329,  427,  250,  469,  889,  334,  599,  407,  672,  360,  770,  733,  413,  373,  174,   70,  564,  547,  140,  223,  430,  258,  485,  487,  185,  478,  876,  719,  205,  892,  615,  871,  198,  184,  550,  149,  447,  301,  368,  136,  324,  786,  438,   12,  322,   41,   93,  854,  315,  766,  543,  474,  659,  242,  225,  453,  507,  322,  424,  649,  608,  180, 1037,  582,  807,  674],
        [  632,    0,  799,  389,  545,  662,  321,   55,  526,  423,  177,  894,  203,  951,  486,  723,  566,  503,  238,  747,  739,  387,  362,  678,  933,  866,  577,  800, 1025,  769,  647,  526,  359,  607,  892,  823,  420,  203,  956,  216,  127,  917,  353,  260,  824,  100,    0,  597,  698,   77,  267,  500,  468,  431,  660,  649,  415,  366,  339,  566,  987,  367,  552,  506,  765,  374,  844,  819,  452,  461,  233,   48,  648,  646,  197,  132,  364,  345,  575,  475,  267,  577,  948,  813,  240,  947,  628,  901,  246,  276,  518,  246,  457,  249,  348,  236,  298,  839,  522,  104,  397,  138,  190,  909,  362,  864,  642,  460,  615,  293,  304,  551,  549,  371,  522,  748,  707,  117, 1082,  675,  837,  773],
        [  543,    0,  472,  299,  659,  735,  277,  645,  276,  522,  628,  784,  574,  925,  274,  854,  410,  260,  528,  842,  342,  367,  523,  802,  502,  927,  465,  848,  934,  867,  936,  936,  426,  794,  951,  494,  196,  538,  922,  464,  482,  802,  366,  435,  256,  498,  597,    0,  945,  673,  358,  777,  610,  805,   86,  736,  245,  876,  283,  195,  437,  494, 1003,  121,  364,  659,  619,  488,  604,  206,  427,  556,  408,   83,  494,  720,  888,  357,  307,  817,  411,  127,  718,  362,  544,  850,  832,  966,  447,  329,  923,  372,  723,  752,  746,  363,  727,  778,  370,  493,  413,  465,  417,  821,  438,  332,  154,  811, 1047,  509,  410,  180,  640,  532,   79,  186,  140,  662, 1026,  303,  908,  237],
        [  472,    0,  726,  658,  292,  266,  769,  723,  683,  427,  521,  502,  512,  428,  675,  169,  571,  691,  511,  218,  788,  586,  442,  191,  894,  289,  519,  284,  540,  215,   69,  267,  995,  154,  304,  734,  775,  888,  439,  584,  761,  517,  957,  579, 1022,  698,  698,  945,    0,  700,  840,  202,  337,  279,  946,  253,  938,  456,  866,  772, 1095, 1030,  336,  827,  798,  340,  624,  736,  345,  962,  862,  726,  629,  929,  572,  651,  481,  612,  676,  230,  601,  836,  664,  868,  499,  507,  116,  302,  891,  809,  262,  678,  254,  488,  356,  732,  408,  427,  590,  708,  537,  685,  684,  480, 1003,  990,  861,  246,  308,  488,  576,  778,  314,  431,  914,  971,  958,  595,  539,  756,  266,  949],
        [  683,    0,  863,  461,  577,  693,  398,   39,  596,  470,  193,  937,  239,  983,  556,  742,  628,  574,  284,  771,  809,  452,  407,  701, 1002,  890,  634,  828, 1063,  791,  644,  503,  416,  624,  915,  887,  496,  245,  989,  278,  199,  961,  417,  323,  900,  176,   77,  673,  700,    0,  339,  509,  503,  424,  737,  678,  488,  325,  413,  640, 1062,  413,  517,  582,  835,  394,  900,  883,  487,  534,  298,  120,  711,  723,  255,   70,  318,  413,  644,  472,  333,  653, 1002,  885,  282,  987,  641,  923,  306,  351,  497,  320,  471,  223,  344,  312,  293,  878,  585,  181,  458,  213,  265,  949,  417,  939,  717,  456,  583,  341,  368,  625,  585,  415,  598,  824,  783,  106, 1115,  745,  861,  848],
